,0,1,2,3,4,5,6,7,8,9,10,11,12,13,14,15,16,17,18,19,20,21,22,23,24,25,26,27,28,29,30,31,32,33,34,35,36,37,38,39,40,41,42,43,44,45,46,47,48,49,50,51,52,53,54,55,56,57,58,59,60,61,62,63,64,65,66,67,68,69,70,71,72,73,74,75,76,77,78,79,80,81,82,83,84,85,86,87,88,89,90,91,92,93,94,95,96,97,98,99,100,101,102,103,104,105,106,107,108,109,110,111,112,113,114,115,116,117,118,119,120,121,122,123,124,125,126,127,128,129,130,131,132,133,134,135,136,137,138,139,140,141,142,143,144,145,146,147,148,149,150,151,152,153,154,155,156,157,158,159,160,161,162,163,164,165,166,167,168,169,170,171,172,173,174,175,176,177,178,179,180,181,182,183,184,185,186,187,188,189,190,191,192,193,194,195,196,197,198,199,200,201,202,203,204,205,206,207,208,209,210,211,212,213,214,215,216,217,218,219,220,221,222,223,224,225,226,227,228,229,230,231,232,233,234,235,236,237,238,239,240,241,242,243,244,245,246,247,248,249,250,251,252,253,254,255,256,257,258,259,260,261,262,263,264,265,266,267,268,269,270,271,272,273,274,275,276,277,278,279,280,281,282,283,284,285,286,287,288,289,290,291,292,293,294,295,296,297,298,299,300,301,302,303,304,305,306,307,308,309,310,311,312,313,314,315,316,317,318,319,320,321,322,323,324,325,326,327,328,329,330,331,332,333,334,335,336,337,338,339,340,341,342,343,344,345,346,347,348,349,350,351,352,353,354,355,356,357,358,359,360,361,362,363,364,365,366,367,368,369,370,371,372,373,374,375,376,377,378,379,380,381,382,383,384,385,386,387,388,389,390,391,392,393,394,395,396,397,398,399,400,401,402,403,404,405,406,407,408,409,410,411,412,413,414,415,416,417,418,419,420,421,422,423,424,425,426,427,428,429,430,431,432,433,434,435,436,437,438,439,440,441,442,443,444,445,446,447,448,449,450,451,452,453,454,455,456,457,458,459,460,461,462,463,464,465,466,467,468,469,470,471,472,473,474,475,476,477,478,479,480,481,482,483,484,485,486,487,488,489,490,491,492,493,494,495,496,497,498,499,500,501,502,503,504,505,506,507,508,509,510,511,512,513,514,515,516,517,518,519,520,521,522,523,524,525,526,527,528,529,530,531,532,533,534,535,536,537,538,539,540,541,542,543,544,545,546,547,548,549,550,551,552,553,554,555,556,557,558,559,560,561,562,563,564,565,566,567,568,569,570,571,572,573,574,575,576,577,578,579,580,581,582,583,584,585,586,587,588,589,590,591,592,593,594,595,596,597,598,599,600,601,602,603,604,605,606,607,608,609,610,611,612,613,614,615,616,617,618,619,620,621,622,623,624,625,626,627,628,629,630,631,632,633,634,635,636,637,638,639,640,641,642,643,644,645,646,647,648,649,650,651,652,653,654,655,656,657,658,659,660,661,662,663,664,665,666,667,668,669,670,671,672,673,674,675,676,677,678,679,680,681,682,683,684,685,686,687,688,689,690,691,692,693,694,695,696,697,698,699,700,701,702,703,704,705,706,707,708,709,710,711,712,713,714,715,716,717,718,719,720,721,722,723,724,725,726,727,728,729,730,731,732,733,734,735,736,737,738,739,740,741,742,743,744,745,746,747,748,749,750,751,752,753,754,755,756,757,758,759,760,761,762,763,764,765,766,767,768,769,770,771,772,773,774,775,776,777,778,779,780,781,782,783,784,785,786,787,788,789,790,791,792,793,794,795,796,797,798,799,800,801,802,803,804,805,806,807,808,809,810,811,812,813,814,815,816,817,818,819,820,821,822,823,824,825,826,827,828,829,830,831,832,833,834,835,836,837,838,839,840,841,842,843,844,845,846,847,848,849,850,851,852,853,854,855,856,857,858,859,860,861,862,863,864,865,866,867,868,869,870,871,872,873,874,875,876,877,878,879,880,881,882,883,884,885,886,887,888,889,890,891,892,893,894,895,896,897,898,899,900,901,902,903,904,905,906,907,908,909,910,911,912,913,914,915,916,917,918,919,920,921,922,923,924,925,926,927,928,929,930,931,932,933,934,935,936,937,938,939,940,941,942,943,944,945,946,947,948,949,950,951,952,953,954,955,956,957,958,959,960,961,962,963,964,965,966,967,968,969,970,971,972,973,974,975,976,977,978,979,980,981,982,983,984,985,986,987,988,989,990,991,992,993,994,995,996,997,998,999,1000,1001,1002,1003,1004,1005,1006,1007,1008,1009,1010,1011,1012,1013,1014,1015,1016,1017,1018,1019,1020,1021,1022,1023,1024,1025,1026,1027,1028,1029,1030,1031,1032,1033,1034,1035,1036,1037,1038,1039,1040,1041,1042,1043,1044,1045,1046,1047,1048,1049,1050,1051,1052,1053,1054,1055,1056,1057,1058,1059,1060,1061,1062,1063,1064,1065,1066,1067,1068,1069,1070,1071,1072,1073,1074,1075,1076,1077,1078,1079,1080,1081,1082,1083,1084,1085,1086,1087,1088,1089,1090,1091,1092,1093,1094,1095,1096,1097,1098,1099,1100,1101,1102,1103,1104,1105,1106,1107,1108,1109,1110,1111,1112,1113,1114,1115,1116,1117,1118,1119,1120,1121,1122,1123,1124,1125,1126,1127,1128,1129,1130,1131,1132,1133,1134,1135,1136,1137,1138,1139,1140,1141,1142,1143,1144,1145,1146,1147,1148,1149,1150,1151,1152,1153,1154,1155,1156,1157,1158,1159,1160,1161,1162,1163,1164,1165,1166,1167,1168,1169,1170,1171,1172,1173,1174,1175,1176,1177,1178,1179,1180,1181,1182,1183,1184,1185,1186,1187,1188,1189,1190,1191,1192,1193,1194,1195,1196,1197,1198,1199,1200,1201,1202,1203,1204,1205,1206,1207,1208,1209,1210,1211,1212,1213,1214,1215,1216,1217,1218,1219,1220,1221,1222,1223,1224,1225,1226,1227,1228,1229,1230,1231,1232,1233,1234,1235,1236,1237,1238,1239,1240,1241,1242,1243,1244,1245,1246,1247,1248,1249,1250,1251,1252,1253,1254,1255,1256,1257,1258,1259,1260,1261,1262,1263,1264,1265,1266,1267,1268,1269,1270,1271,1272,1273,1274,1275,1276,1277,1278,1279,1280,1281,1282,1283,1284,1285,1286,1287,1288,1289,1290,1291,1292,1293,1294,1295,1296,1297,1298,1299,1300,1301,1302,1303,1304,1305,1306,1307,1308,1309,1310,1311,1312,1313,1314,1315,1316,1317,1318,1319,1320,1321,1322,1323,1324,1325,1326,1327,1328,1329,1330,1331,1332,1333,1334,1335,1336,1337,1338,1339,1340,1341,1342,1343,1344,1345,1346,1347,1348,1349,1350,1351,1352,1353,1354,1355,1356,1357,1358,1359,1360,1361,1362,1363,1364,1365,1366,1367,1368,1369,1370,1371,1372,1373,1374,1375,1376,1377,1378,1379,1380,1381,1382,1383,1384,1385,1386,1387,1388,1389,1390,1391,1392,1393,1394,1395,1396,1397,1398,1399,1400,1401,1402,1403,1404,1405,1406,1407,1408,1409,1410,1411,1412,1413,1414,1415,1416,1417,1418,1419,1420,1421,1422,1423,1424,1425,1426,1427,1428,1429,1430,1431,1432,1433,1434,1435,1436,1437,1438,1439,1440,1441,1442,1443,1444,1445,1446,1447,1448,1449,1450,1451,1452,1453,1454,1455,1456,1457,1458,1459,1460,1461,1462,1463,1464,1465,1466,1467,1468,1469,1470,1471,1472,1473,1474,1475,1476,1477,1478,1479,1480,1481,1482,1483,1484,1485,1486,1487,1488,1489,1490,1491,1492,1493,1494,1495,1496,1497,1498,1499,1500,1501,1502,1503,1504,1505,1506,1507,1508,1509,1510,1511,1512,1513,1514,1515,1516,1517,1518,1519,1520,1521,1522,1523,1524,1525,1526,1527,1528,1529,1530,1531,1532,1533,1534,1535,1536,1537,1538,1539,1540,1541,1542,1543,1544,1545,1546,1547,1548,1549,1550,1551,1552,1553,1554,1555,1556,1557,1558,1559,1560,1561,1562,1563,1564,1565,1566,1567,1568,1569,1570,1571,1572,1573,1574,1575,1576,1577,1578,1579,1580,1581,1582,1583,1584,1585,1586,1587,1588,1589,1590,1591,1592,1593,1594,1595,1596,1597,1598,1599,1600,1601,1602,1603,1604,1605,1606,1607,1608,1609,1610,1611,1612,1613,1614,1615,1616,1617,1618,1619,1620,1621,1622,1623,1624,1625,1626,1627,1628,1629,1630,1631,1632,1633,1634,1635,1636,1637,1638,1639,1640,1641,1642,1643,1644,1645,1646,1647,1648,1649,1650,1651,1652,1653,1654,1655,1656,1657,1658,1659,1660,1661,1662,1663,1664,1665,1666,1667,1668,1669,1670,1671,1672,1673,1674,1675,1676,1677,1678,1679,1680,1681,1682,1683,1684,1685,1686,1687,1688,1689,1690,1691,1692,1693,1694,1695,1696,1697,1698,1699,1700,1701,1702,1703,1704,1705,1706,1707,1708,1709,1710,1711,1712,1713,1714,1715,1716,1717,1718,1719,1720,1721,1722,1723,1724,1725,1726,1727,1728,1729,1730,1731,1732,1733,1734,1735,1736,1737,1738,1739,1740,1741,1742,1743,1744,1745,1746,1747,1748,1749,1750,1751,1752,1753,1754,1755,1756,1757,1758,1759,1760,1761,1762,1763,1764,1765,1766,1767,1768,1769,1770,1771,1772,1773,1774,1775,1776,1777,1778,1779,1780,1781,1782,1783,1784,1785,1786,1787,1788,1789,1790,1791,1792,1793,1794,1795,1796,1797,1798,1799,1800,1801,1802,1803,1804,1805,1806,1807,1808,1809,1810,1811,1812,1813,1814,1815,1816,1817,1818,1819,1820,1821,1822,1823,1824,1825,1826,1827,1828,1829,1830,1831,1832,1833,1834,1835,1836,1837,1838,1839,1840,1841,1842,1843,1844,1845,1846,1847,1848,1849,1850,1851,1852,1853,1854,1855,1856,1857,1858,1859,1860,1861,1862,1863,1864,1865,1866,1867,1868,1869,1870,1871,1872,1873,1874,1875,1876,1877,1878,1879,1880,1881,1882,1883,1884,1885,1886,1887,1888,1889,1890,1891,1892,1893,1894,1895,1896,1897,1898,1899,1900,1901,1902,1903,1904,1905,1906,1907,1908,1909,1910,1911,1912,1913,1914,1915,1916,1917,1918,1919,1920,1921,1922,1923,1924,1925,1926,1927,1928,1929,1930,1931,1932,1933,1934,1935,1936,1937,1938,1939,1940,1941,1942,1943,1944,1945,1946,1947,1948,1949,1950,1951,1952,1953,1954,1955,1956,1957,1958,1959,1960,1961,1962,1963,1964,1965,1966,1967,1968,1969,1970,1971,1972,1973,1974,1975,1976,1977,1978,1979,1980,1981,1982,1983,1984,1985,1986,1987,1988,1989,1990,1991,1992,1993,1994,1995,1996,1997,1998,1999,2000,2001,2002,2003,2004,2005,2006,2007,2008,2009,2010,2011,2012,2013,2014,2015,2016,2017,2018,2019,2020,2021,2022,2023,2024,2025,2026,2027,2028,2029,2030,2031,2032,2033,2034,2035,2036,2037,2038,2039,2040,2041,2042,2043,2044,2045,2046,2047,2048,2049,2050,2051,2052,2053,2054,2055,2056,2057,2058,2059,2060,2061,2062,2063,2064,2065,2066,2067,2068,2069,2070,2071,2072,2073,2074,2075,2076,2077,2078,2079,2080,2081,2082,2083,2084,2085,2086,2087,2088,2089,2090,2091,2092,2093,2094,2095,2096,2097,2098,2099,2100,2101,2102,2103,2104,2105,2106,2107,2108,2109,2110,2111,2112,2113,2114,2115,2116,2117,2118,2119,2120,2121,2122,2123,2124,2125,2126,2127,2128,2129,2130,2131,2132,2133,2134,2135,2136,2137,2138,2139,2140,2141,2142,2143,2144,2145,2146,2147,2148,2149,2150,2151,2152,2153,2154,2155,2156,2157,2158,2159,2160,2161,2162,2163,2164,2165,2166,2167,2168,2169,2170,2171,2172,2173,2174,2175,2176,2177,2178,2179,2180,2181,2182,2183,2184,2185,2186,2187,2188,2189,2190,2191,2192,2193,2194,2195,2196,2197,2198,2199,2200,2201,2202,2203,2204,2205,2206,2207,2208,2209,2210,2211,2212,2213,2214,2215,2216,2217,2218,2219,2220,2221,2222,2223,2224,2225,2226,2227,2228,2229,2230,2231,2232,2233,2234,2235,2236,2237,2238,2239,2240,2241,2242,2243,2244,2245,2246,2247,2248,2249,2250,2251,2252,2253,2254,2255,2256,2257,2258,2259,2260,2261,2262,2263,2264,2265,2266,2267,2268,2269,2270,2271,2272,2273,2274,2275,2276,2277,2278,2279,2280,2281,2282,2283,2284,2285,2286,2287,2288,2289,2290,2291,2292,2293,2294,2295,2296,2297,2298,2299,2300,2301,2302,2303,2304,2305,2306,2307,2308,2309,2310,2311,2312,2313,2314,2315,2316,2317,2318,2319,2320,2321,2322,2323,2324,2325,2326,2327,2328,2329,2330,2331,2332,2333,2334,2335,2336,2337,2338,2339,2340,2341,2342,2343,2344,2345,2346,2347,2348,2349,2350,2351,2352,2353,2354,2355,2356,2357,2358,2359,2360,2361,2362,2363,2364,2365,2366,2367,2368,2369,2370,2371,2372,2373,2374,2375,2376,2377,2378,2379,2380,2381,2382,2383,2384,2385,2386,2387,2388,2389,2390,2391,2392,2393,2394,2395,2396,2397,2398,2399,2400,2401,2402,2403,2404,2405,2406,2407,2408,2409,2410,2411,2412,2413,2414,2415,2416,2417,2418,2419,2420,2421,2422,2423,2424,2425,2426,2427,2428,2429,2430,2431,2432,2433,2434,2435,2436,2437,2438,2439,2440,2441,2442,2443,2444,2445,2446,2447,2448,2449,2450,2451,2452,2453,2454,2455,2456,2457,2458,2459,2460,2461,2462,2463,2464,2465,2466,2467,2468,2469,2470,2471,2472,2473,2474,2475,2476,2477,2478,2479,2480,2481,2482,2483,2484,2485,2486,2487,2488,2489,2490,2491,2492,2493,2494,2495,2496,2497,2498,2499,2500,2501,2502,2503,2504,2505,2506,2507,2508,2509,2510,2511,2512,2513,2514,2515,2516,2517,2518,2519,2520,2521,2522,2523,2524,2525,2526,2527,2528,2529,2530,2531,2532,2533,2534,2535,2536,2537,2538,2539,2540,2541,2542,2543,2544,2545,2546,2547,2548,2549,2550,2551,2552,2553,2554,2555,2556,2557,2558,2559,2560,2561,2562,2563,2564,2565,2566,2567,2568,2569,2570,2571,2572,2573,2574,2575,2576,2577,2578,2579,2580,2581,2582,2583,2584,2585,2586,2587,2588,2589,2590,2591,2592,2593,2594,2595,2596,2597,2598,2599,2600,2601,2602,2603,2604,2605,2606,2607,2608,2609,2610,2611,2612,2613,2614,2615,2616,2617,2618,2619,2620,2621,2622,2623,2624,2625,2626,2627,2628,2629,2630,2631,2632,2633,2634,2635,2636,2637,2638,2639,2640,2641,2642,2643,2644,2645,2646,2647,2648,2649,2650,2651,2652,2653,2654,2655,2656,2657,2658,2659,2660,2661,2662,2663,2664,2665,2666,2667,2668,2669,2670,2671,2672,2673,2674,2675,2676,2677,2678,2679,2680,2681,2682,2683,2684,2685,2686,2687,2688,2689,2690,2691,2692,2693,2694,2695,2696,2697,2698,2699,2700,2701,2702,2703,2704,2705,2706,2707,2708,2709,2710,2711,2712,2713,2714,2715,2716,2717,2718,2719,2720,2721,2722,2723,2724,2725,2726,2727,2728,2729,2730,2731,2732,2733,2734,2735,2736,2737,2738,2739,2740,2741,2742,2743,2744,2745,2746,2747,2748,2749,2750,2751,2752,2753,2754,2755,2756,2757,2758,2759,2760,2761,2762,2763,2764,2765,2766,2767,2768,2769,2770,2771,2772,2773,2774,2775,2776,2777,2778,2779,2780,2781,2782,2783,2784,2785,2786,2787,2788,2789,2790,2791,2792,2793,2794,2795,2796,2797,2798,2799,2800,2801,2802,2803,2804,2805,2806,2807,2808,2809,2810,2811,2812,2813,2814,2815,2816,2817,2818,2819,2820,2821,2822,2823,2824,2825,2826,2827,2828,2829,2830,2831,2832,2833,2834,2835,2836,2837,2838,2839,2840,2841,2842,2843,2844,2845,2846,2847,2848,2849,2850,2851,2852,2853,2854,2855,2856,2857,2858,2859,2860,2861,2862,2863,2864,2865,2866,2867,2868,2869,2870,2871,2872,2873,2874,2875,2876,2877,2878,2879,2880,2881,2882,2883,2884,2885,2886,2887,2888,2889,2890,2891,2892,2893,2894,2895,2896,2897,2898,2899,2900,2901,2902,2903,2904,2905,2906,2907,2908,2909,2910,2911,2912,2913,2914,2915,2916,2917,2918,2919,2920,2921,2922,2923,2924,2925,2926,2927,2928,2929,2930,2931,2932,2933,2934,2935,2936,2937,2938,2939,2940,2941,2942,2943,2944,2945,2946,2947,2948,2949,2950,2951,2952,2953,2954,2955,2956,2957,2958,2959,2960,2961,2962,2963,2964,2965,2966,2967,2968,2969,2970,2971,2972,2973,2974,2975,2976,2977,2978,2979,2980,2981,2982,2983,2984,2985,2986,2987,2988,2989,2990,2991,2992,2993,2994,2995,2996,2997,2998,2999,3000,3001,3002,3003,3004,3005,3006,3007,3008,3009,3010,3011,3012,3013,3014,3015,3016,3017,3018,3019,3020,3021,3022,3023,3024,3025,3026,3027,3028,3029,3030,3031,3032,3033,3034,3035,3036,3037,3038,3039,3040,3041,3042,3043,3044,3045,3046,3047,3048,3049,3050,3051,3052,3053,3054,3055,3056,3057,3058,3059,3060,3061,3062,3063,3064,3065,3066,3067,3068,3069,3070,3071,3072,3073,3074,3075,3076,3077,3078,3079,3080,3081,3082,3083,3084,3085,3086,3087,3088,3089,3090,3091,3092,3093,3094,3095,3096,3097,3098,3099,3100,3101,3102,3103,3104,3105,3106,3107,3108,3109,3110,3111,3112,3113,3114,3115,3116,3117,3118,3119,3120,3121,3122,3123,3124,3125,3126,3127,3128,3129,3130,3131,3132,3133,3134,3135,3136,3137,3138,3139,3140,3141,3142,3143,3144,3145,3146,3147,3148,3149,3150,3151,3152,3153,3154,3155,3156,3157,3158,3159,3160,3161,3162,3163,3164,3165,3166,3167,3168,3169,3170,3171,3172,3173,3174,3175,3176,3177,3178,3179,3180,3181,3182,3183,3184,3185,3186,3187,3188,3189,3190,3191,3192,3193,3194,3195,3196,3197,3198,3199,3200,3201,3202,3203,3204,3205,3206,3207,3208,3209,3210,3211,3212,3213,3214,3215,3216,3217,3218,3219,3220,3221,3222,3223,3224,3225,3226,3227,3228,3229,3230,3231,3232,3233,3234,3235,3236,3237,3238,3239,3240,3241,3242,3243,3244,3245,3246,3247,3248,3249,3250,3251,3252,3253,3254,3255,3256,3257,3258,3259,3260,3261,3262,3263,3264,3265,3266,3267,3268,3269,3270,3271,3272,3273,3274,3275,3276,3277,3278,3279,3280,3281,3282,3283,3284,3285,3286,3287,3288,3289,3290,3291,3292,3293,3294,3295,3296,3297,3298,3299,3300,3301,3302,3303,3304,3305,3306,3307,3308,3309,3310,3311,3312,3313,3314,3315,3316,3317,3318,3319,3320,3321,3322,3323,3324,3325,3326,3327,3328,3329,3330,3331,3332,3333,3334,3335,3336,3337,3338,3339,3340,3341,3342,3343,3344,3345,3346,3347,3348,3349,3350,3351,3352,3353,3354,3355,3356,3357,3358,3359,3360,3361,3362,3363,3364,3365,3366,3367,3368,3369,3370,3371,3372,3373,3374,3375,3376,3377,3378,3379,3380,3381,3382,3383,3384,3385,3386,3387,3388,3389,3390,3391,3392,3393,3394,3395,3396,3397,3398,3399,3400,3401,3402,3403,3404,3405,3406,3407,3408,3409,3410,3411,3412,3413,3414,3415,3416,3417,3418,3419,3420,3421,3422,3423,3424,3425,3426,3427,3428,3429,3430,3431,3432,3433,3434,3435,3436,3437,3438,3439,3440,3441,3442,3443,3444,3445,3446,3447,3448,3449,3450,3451,3452,3453,3454,3455,3456,3457,3458,3459,3460,3461,3462,3463,3464,3465,3466,3467,3468,3469,3470,3471,3472,3473,3474,3475,3476,3477,3478,3479,3480,3481,3482,3483,3484,3485,3486,3487,3488,3489,3490,3491,3492,3493,3494,3495,3496,3497,3498,3499,3500,3501,3502,3503,3504,3505,3506,3507,3508,3509,3510,3511,3512,3513,3514,3515,3516,3517,3518,3519,3520,3521,3522,3523,3524,3525,3526,3527,3528,3529,3530,3531,3532,3533,3534,3535,3536,3537,3538,3539,3540,3541,3542,3543,3544,3545,3546,3547,3548,3549,3550,3551,3552,3553,3554,3555,3556,3557,3558,3559,3560,3561,3562,3563,3564,3565,3566,3567,3568,3569,3570,3571,3572,3573,3574,3575,3576,3577,3578,3579,3580,3581,3582,3583,3584,3585,3586,3587,3588,3589,3590,3591,3592,3593,3594,3595,3596,3597,3598,3599,3600,3601,3602,3603,3604,3605,3606,3607,3608,3609,3610,3611,3612,3613,3614,3615,3616,3617,3618,3619,3620,3621,3622,3623,3624,3625,3626,3627,3628,3629,3630,3631,3632,3633,3634,3635,3636,3637,3638,3639,3640,3641,3642,3643,3644,3645,3646,3647,3648,3649,3650,3651,3652,3653,3654,3655,3656,3657,3658,3659,3660,3661,3662,3663,3664,3665,3666,3667,3668,3669,3670,3671,3672,3673,3674,3675,3676,3677,3678,3679,3680,3681,3682,3683,3684,3685,3686,3687,3688,3689,3690,3691,3692,3693,3694,3695,3696,3697,3698,3699,3700,3701,3702,3703,3704,3705,3706,3707,3708,3709,3710,3711,3712,3713,3714,3715,3716,3717,3718,3719,3720,3721,3722,3723,3724,3725,3726,3727,3728,3729,3730,3731,3732,3733,3734,3735,3736,3737,3738,3739,3740,3741,3742,3743,3744,3745,3746,3747,3748,3749,3750,3751,3752,3753,3754,3755,3756,3757,3758,3759,3760,3761,3762,3763,3764,3765,3766,3767,3768,3769,3770,3771,3772,3773,3774,3775,3776,3777,3778,3779,3780,3781,3782,3783,3784,3785,3786,3787,3788,3789,3790,3791,3792,3793,3794,3795,3796,3797,3798,3799,3800,3801,3802,3803,3804,3805,3806,3807,3808,3809,3810,3811,3812,3813,3814,3815,3816,3817,3818,3819,3820,3821,3822,3823,3824,3825,3826,3827,3828,3829,3830,3831,3832,3833,3834,3835,3836,3837,3838,3839,3840,3841,3842,3843,3844,3845,3846,3847,3848,3849,3850,3851,3852,3853,3854,3855,3856,3857,3858,3859,3860,3861,3862,3863,3864,3865,3866,3867,3868,3869,3870,3871,3872,3873,3874,3875,3876,3877,3878,3879,3880,3881,3882,3883,3884,3885,3886,3887,3888,3889,3890,3891,3892,3893,3894,3895,3896,3897,3898,3899,3900,3901,3902,3903,3904,3905,3906,3907,3908,3909,3910,3911,3912,3913,3914,3915,3916,3917,3918,3919,3920,3921,3922,3923,3924,3925,3926,3927,3928,3929,3930,3931,3932,3933,3934,3935,3936,3937,3938,3939,3940,3941,3942,3943,3944,3945,3946,3947,3948,3949,3950,3951,3952,3953,3954,3955,3956,3957,3958,3959,3960,3961,3962,3963,3964,3965,3966,3967,3968,3969,3970,3971,3972,3973,3974,3975,3976,3977,3978,3979,3980,3981,3982,3983,3984,3985,3986,3987,3988,3989,3990,3991,3992,3993,3994,3995,3996,3997,3998,3999,4000,4001,4002,4003,4004,4005,4006,4007,4008,4009,4010,4011,4012,4013,4014,4015,4016,4017,4018,4019,4020,4021,4022,4023,4024,4025,4026,4027,4028,4029,4030,4031,4032,4033,4034,4035,4036,4037,4038,4039,4040,4041,4042,4043,4044,4045,4046,4047,4048,4049,4050,4051,4052,4053,4054,4055,4056,4057,4058,4059,4060,4061,4062,4063,4064,4065,4066,4067,4068,4069,4070,4071,4072,4073,4074,4075,4076,4077,4078,4079,4080,4081,4082,4083,4084,4085,4086,4087,4088,4089,4090,4091,4092,4093,4094,4095,4096,4097,4098,4099,4100,4101,4102,4103,4104,4105,4106,4107,4108,4109,4110,4111,4112,4113,4114,4115,4116,4117,4118,4119,4120,4121,4122,4123,4124,4125,4126,4127,4128,4129,4130,4131,4132,4133,4134,4135,4136,4137,4138,4139,4140,4141,4142,4143,4144,4145,4146,4147,4148,4149,4150,4151,4152,4153,4154,4155,4156,4157,4158,4159,4160,4161,4162,4163,4164,4165,4166,4167,4168,4169,4170,4171,4172,4173,4174,4175,4176,4177,4178,4179,4180,4181,4182,4183,4184,4185,4186,4187,4188,4189,4190,4191,4192,4193,4194,4195,4196,4197,4198,4199,4200,4201,4202,4203,4204,4205,4206,4207,4208,4209,4210,4211,4212,4213,4214,4215,4216,4217,4218,4219,4220,4221,4222,4223,4224,4225,4226,4227,4228,4229,4230,4231,4232,4233,4234,4235,4236,4237,4238,4239,4240,4241,4242,4243,4244,4245,4246,4247,4248,4249,4250,4251,4252,4253,4254,4255,4256,4257,4258,4259,4260,4261,4262,4263,4264,4265,4266,4267,4268,4269,4270,4271,4272,4273,4274,4275,4276,4277,4278,4279,4280,4281,4282,4283,4284,4285,4286,4287,4288,4289,4290,4291,4292,4293,4294,4295,4296,4297,4298,4299,4300,4301,4302,4303,4304,4305,4306,4307,4308,4309,4310,4311,4312,4313,4314,4315,4316,4317,4318,4319,4320,4321,4322,4323,4324,4325,4326,4327,4328,4329,4330,4331,4332,4333,4334,4335,4336,4337,4338,4339,4340,4341,4342,4343,4344,4345,4346,4347,4348,4349,4350,4351,4352,4353,4354,4355,4356,4357,4358,4359,4360,4361,4362,4363,4364,4365,4366,4367,4368,4369,4370,4371,4372,4373,4374,4375,4376,4377,4378,4379,4380,4381,4382,4383,4384,4385,4386,4387,4388,4389,4390,4391,4392,4393,4394,4395,4396,4397,4398,4399,4400,4401,4402,4403,4404,4405,4406,4407,4408,4409,4410,4411,4412,4413,4414,4415,4416,4417,4418,4419,4420,4421,4422,4423,4424,4425,4426,4427,4428,4429,4430,4431,4432,4433,4434,4435,4436,4437,4438,4439,4440,4441,4442,4443,4444,4445,4446,4447,4448,4449,4450,4451,4452,4453,4454,4455,4456,4457,4458,4459,4460,4461,4462,4463,4464,4465,4466,4467,4468,4469,4470,4471,4472,4473,4474,4475,4476,4477,4478,4479,4480,4481,4482,4483,4484,4485,4486,4487,4488,4489,4490,4491,4492,4493,4494,4495,4496,4497,4498,4499,4500,4501,4502,4503,4504,4505,4506,4507,4508,4509,4510,4511,4512,4513,4514,4515,4516,4517,4518,4519,4520,4521,4522,4523,4524,4525,4526,4527,4528,4529,4530,4531,4532,4533,4534,4535,4536,4537,4538,4539,4540,4541,4542,4543,4544,4545,4546,4547,4548,4549,4550,4551,4552,4553,4554,4555,4556,4557,4558,4559,4560,4561,4562,4563,4564,4565,4566,4567,4568,4569,4570,4571,4572,4573,4574,4575,4576,4577,4578,4579,4580,4581,4582,4583,4584,4585,4586,4587,4588,4589,4590,4591,4592,4593,4594,4595,4596,4597,4598,4599,4600,4601,4602,4603,4604,4605,4606,4607,4608,4609,4610,4611,4612,4613,4614,4615,4616,4617,4618,4619,4620,4621,4622,4623,4624,4625,4626,4627,4628,4629,4630,4631,4632,4633,4634,4635,4636,4637,4638,4639,4640,4641,4642,4643,4644,4645,4646,4647,4648,4649,4650,4651,4652,4653,4654,4655,4656,4657,4658,4659,4660,4661,4662,4663,4664,4665,4666,4667,4668,4669,4670,4671,4672,4673,4674,4675,4676,4677,4678,4679,4680,4681,4682,4683,4684,4685,4686,4687,4688,4689,4690,4691,4692,4693,4694,4695,4696,4697,4698,4699,4700,4701,4702,4703,4704,4705,4706,4707,4708,4709,4710,4711,4712,4713,4714,4715,4716,4717,4718,4719,4720,4721,4722,4723,4724,4725,4726,4727,4728,4729,4730,4731,4732,4733,4734,4735,4736,4737,4738,4739,4740,4741,4742,4743,4744,4745,4746,4747,4748,4749,4750,4751,4752,4753,4754,4755,4756,4757,4758,4759,4760,4761,4762,4763,4764,4765,4766,4767,4768,4769,4770,4771,4772,4773,4774,4775,4776,4777,4778,4779,4780,4781,4782,4783,4784,4785,4786,4787,4788,4789,4790,4791,4792,4793,4794,4795,4796,4797,4798,4799,4800,4801,4802,4803,4804,4805,4806,4807,4808,4809,4810,4811,4812,4813,4814,4815,4816,4817,4818,4819,4820,4821,4822,4823,4824,4825,4826,4827,4828,4829,4830,4831,4832,4833,4834,4835,4836,4837,4838,4839,4840,4841,4842,4843,4844,4845,4846,4847,4848,4849,4850,4851,4852,4853,4854,4855,4856,4857,4858,4859,4860,4861,4862,4863,4864,4865,4866,4867,4868,4869,4870,4871,4872,4873,4874,4875,4876,4877,4878,4879,4880,4881,4882,4883,4884,4885,4886,4887,4888,4889,4890,4891,4892,4893,4894,4895,4896,4897,4898,4899,4900,4901,4902,4903,4904,4905,4906,4907,4908,4909,4910,4911,4912,4913,4914,4915,4916,4917,4918,4919,4920,4921,4922,4923,4924,4925,4926,4927,4928,4929,4930,4931,4932,4933,4934,4935,4936,4937,4938,4939,4940,4941,4942,4943,4944,4945,4946,4947,4948,4949,4950,4951,4952,4953,4954,4955,4956,4957,4958,4959,4960,4961,4962,4963,4964,4965,4966,4967,4968,4969,4970,4971,4972,4973,4974,4975,4976,4977,4978,4979,4980,4981,4982,4983,4984,4985,4986,4987,4988,4989,4990,4991,4992,4993,4994,4995,4996,4997,4998,4999,5000,5001,5002,5003,5004,5005,5006,5007,5008,5009,5010,5011,5012,5013,5014,5015,5016,5017,5018,5019,5020,5021,5022,5023,5024,5025,5026,5027,5028,5029,5030,5031,5032,5033,5034,5035,5036,5037,5038,5039,5040,5041,5042,5043,5044,5045,5046,5047,5048,5049,5050,5051,5052,5053,5054,5055,5056,5057,5058,5059,5060,5061,5062,5063,5064,5065,5066,5067,5068,5069,5070,5071,5072,5073,5074,5075,5076,5077,5078,5079,5080,5081,5082,5083,5084,5085,5086,5087,5088,5089,5090,5091,5092,5093,5094,5095,5096,5097,5098,5099,5100,5101,5102,5103,5104,5105,5106,5107,5108,5109,5110,5111,5112,5113,5114,5115,5116,5117,5118,5119,5120,5121,5122,5123,5124,5125,5126,5127,5128,5129,5130,5131,5132,5133,5134,5135,5136,5137,5138,5139,5140,5141,5142,5143,5144,5145,5146,5147,5148,5149,5150,5151,5152,5153,5154,5155,5156,5157,5158,5159,5160,5161,5162,5163,5164,5165,5166,5167,5168,5169,5170,5171,5172,5173,5174,5175,5176,5177,5178,5179,5180,5181,5182,5183,5184,5185,5186,5187,5188,5189,5190,5191,5192,5193,5194,5195,5196,5197,5198,5199,5200,5201,5202,5203,5204,5205,5206,5207,5208,5209,5210,5211,5212,5213,5214,5215,5216,5217,5218,5219,5220,5221,5222,5223,5224,5225,5226,5227,5228,5229,5230,5231,5232,5233,5234,5235,5236,5237,5238,5239,5240,5241,5242,5243,5244,5245,5246,5247,5248,5249,5250,5251,5252,5253,5254,5255,5256,5257,5258,5259,5260,5261,5262,5263,5264,5265,5266,5267,5268,5269,5270,5271,5272,5273,5274,5275,5276,5277,5278,5279,5280,5281,5282,5283,5284,5285,5286,5287,5288,5289,5290,5291,5292,5293,5294,5295,5296,5297,5298,5299,5300,5301,5302,5303,5304,5305,5306,5307,5308,5309,5310,5311,5312,5313,5314,5315,5316,5317,5318,5319,5320,5321,5322,5323,5324,5325,5326,5327,5328,5329,5330,5331,5332,5333,5334,5335,5336,5337,5338,5339,5340,5341,5342,5343,5344,5345,5346,5347,5348,5349,5350,5351,5352,5353,5354,5355,5356,5357,5358,5359,5360,5361,5362,5363,5364,5365,5366,5367,5368,5369,5370,5371,5372,5373,5374,5375,5376,5377,5378,5379,5380,5381,5382,5383,5384,5385,5386,5387,5388,5389,5390,5391,5392,5393,5394,5395,5396,5397,5398,5399,5400,5401,5402,5403,5404,5405,5406,5407,5408,5409,5410,5411,5412,5413,5414,5415,5416,5417,5418,5419,5420,5421,5422,5423,5424,5425,5426,5427,5428,5429,5430,5431,5432,5433,5434,5435,5436,5437,5438,5439,5440,5441,5442,5443,5444,5445,5446,5447,5448,5449,5450,5451,5452,5453,5454,5455,5456,5457,5458,5459,5460,5461,5462,5463,5464,5465,5466,5467,5468,5469,5470,5471,5472,5473,5474,5475,5476,5477,5478,5479,5480,5481,5482,5483,5484,5485,5486,5487,5488,5489,5490,5491,5492,5493,5494,5495,5496,5497,5498,5499,5500,5501,5502,5503,5504,5505,5506,5507,5508,5509,5510,5511,5512,5513,5514,5515,5516,5517,5518,5519,5520,5521,5522,5523,5524,5525,5526,5527,5528,5529,5530,5531,5532,5533,5534,5535,5536,5537,5538,5539,5540,5541,5542,5543,5544,5545,5546,5547,5548,5549,5550,5551,5552,5553,5554,5555,5556,5557,5558,5559,5560,5561,5562,5563,5564,5565,5566,5567,5568,5569,5570,5571,5572,5573,5574,5575,5576,5577,5578,5579,5580,5581,5582,5583,5584,5585,5586,5587,5588,5589,5590,5591,5592,5593,5594,5595,5596,5597,5598,5599,5600,5601,5602,5603,5604,5605,5606,5607,5608,5609,5610,5611,5612,5613,5614,5615,5616,5617,5618,5619,5620,5621,5622,5623,5624,5625,5626,5627,5628,5629,5630,5631,5632,5633,5634,5635,5636,5637,5638,5639,5640,5641,5642,5643,5644,5645,5646,5647,5648,5649,5650,5651,5652,5653,5654,5655,5656,5657,5658,5659,5660,5661,5662,5663,5664,5665,5666,5667,5668,5669,5670,5671,5672,5673,5674,5675,5676,5677,5678,5679,5680,5681,5682,5683,5684,5685,5686,5687,5688,5689,5690,5691,5692,5693,5694,5695,5696,5697,5698,5699,5700,5701,5702,5703,5704,5705,5706,5707,5708,5709,5710,5711,5712,5713,5714,5715,5716,5717,5718,5719,5720,5721,5722,5723,5724,5725,5726,5727,5728,5729,5730,5731,5732,5733,5734,5735,5736,5737,5738,5739,5740,5741,5742,5743,5744,5745,5746,5747,5748,5749,5750,5751,5752,5753,5754,5755,5756,5757,5758,5759,5760,5761,5762,5763,5764,5765,5766,5767,5768,5769,5770,5771,5772,5773,5774,5775,5776,5777,5778,5779,5780,5781,5782,5783,5784,5785,5786,5787,5788,5789,5790,5791,5792,5793,5794,5795,5796,5797,5798,5799,5800,5801,5802,5803,5804,5805,5806,5807,5808,5809,5810,5811,5812,5813,5814,5815,5816,5817,5818,5819,5820,5821,5822,5823,5824,5825,5826,5827,5828,5829,5830,5831,5832,5833,5834,5835,5836,5837,5838,5839,5840,5841,5842,5843,5844,5845,5846,5847,5848,5849,5850,5851,5852,5853,5854,5855,5856,5857,5858,5859,5860,5861,5862,5863,5864,5865,5866,5867,5868,5869,5870,5871,5872,5873,5874,5875,5876,5877,5878,5879,5880,5881,5882,5883,5884,5885,5886,5887,5888,5889,5890,5891,5892,5893,5894,5895,5896,5897,5898,5899,5900,5901,5902,5903,5904,5905,5906,5907,5908,5909,5910,5911,5912,5913,5914,5915,5916,5917,5918,5919,5920,5921,5922,5923,5924,5925,5926,5927,5928,5929,5930,5931,5932,5933,5934,5935,5936,5937,5938,5939,5940,5941,5942,5943,5944,5945,5946,5947,5948,5949,5950,5951,5952,5953,5954,5955,5956,5957,5958,5959,5960,5961,5962,5963,5964,5965,5966,5967,5968,5969,5970,5971,5972,5973,5974,5975,5976,5977,5978,5979,5980,5981,5982,5983,5984,5985,5986,5987,5988,5989,5990,5991,5992,5993,5994,5995,5996,5997,5998,5999,6000,6001,6002,6003,6004,6005,6006,6007,6008,6009,6010,6011,6012,6013,6014,6015,6016,6017,6018,6019,6020,6021,6022,6023,6024,6025,6026,6027,6028,6029,6030,6031,6032,6033,6034,6035,6036,6037,6038,6039,6040,6041,6042,6043,6044,6045,6046,6047,6048,6049,6050,6051,6052,6053,6054,6055,6056,6057,6058,6059,6060,6061,6062,6063,6064,6065,6066,6067,6068,6069,6070,6071,6072,6073,6074,6075,6076,6077,6078,6079,6080,6081,6082,6083,6084,6085,6086,6087,6088,6089,6090,6091,6092,6093,6094,6095,6096,6097,6098,6099,6100,6101,6102,6103,6104,6105,6106,6107,6108,6109,6110,6111,6112,6113,6114,6115,6116,6117,6118,6119,6120,6121,6122,6123,6124,6125,6126,6127,6128,6129,6130,6131,6132,6133,6134,6135,6136,6137,6138,6139,6140,6141,6142,6143,6144,6145,6146,6147,6148,6149,6150,6151,6152,6153,6154,6155,6156,6157,6158,6159,6160,6161,6162,6163,6164,6165,6166,6167,6168,6169,6170,6171,6172,6173,6174,6175,6176,6177,6178,6179,6180,6181,6182,6183,6184,6185,6186,6187,6188,6189,6190,6191,6192,6193,6194,6195,6196,6197,6198,6199,6200,6201,6202,6203,6204,6205,6206,6207,6208,6209,6210,6211,6212,6213,6214,6215,6216,6217,6218,6219,6220,6221,6222,6223,6224,6225,6226,6227,6228,6229,6230,6231,6232,6233,6234,6235,6236,6237,6238,6239,6240,6241,6242,6243,6244,6245,6246,6247,6248,6249,6250,6251,6252,6253,6254,6255,6256,6257,6258,6259,6260,6261,6262,6263,6264,6265,6266,6267,6268,6269,6270,6271,6272,6273,6274,6275,6276,6277,6278,6279,6280,6281,6282,6283,6284,6285,6286,6287,6288,6289,6290,6291,6292,6293,6294,6295,6296,6297,6298,6299,6300,6301,6302,6303,6304,6305,6306,6307,6308,6309,6310,6311,6312,6313,6314,6315,6316,6317,6318,6319,6320,6321,6322,6323,6324,6325,6326,6327,6328,6329,6330,6331,6332,6333,6334,6335,6336,6337,6338,6339,6340,6341,6342,6343,6344,6345,6346,6347,6348,6349,6350,6351,6352,6353,6354,6355,6356,6357,6358,6359,6360,6361,6362,6363,6364,6365,6366,6367,6368,6369,6370,6371,6372,6373,6374,6375,6376,6377,6378,6379,6380,6381,6382,6383,6384,6385,6386,6387,6388,6389,6390,6391,6392,6393,6394,6395,6396,6397,6398,6399,6400,6401,6402,6403,6404,6405,6406,6407,6408,6409,6410,6411,6412,6413,6414,6415,6416,6417,6418,6419,6420,6421,6422,6423,6424,6425,6426,6427,6428,6429,6430,6431,6432,6433,6434,6435,6436,6437,6438,6439,6440,6441,6442,6443,6444,6445,6446,6447,6448,6449,6450,6451,6452,6453,6454,6455,6456,6457,6458,6459,6460,6461,6462,6463,6464,6465,6466,6467,6468,6469,6470,6471,6472,6473,6474,6475,6476,6477,6478,6479,6480,6481,6482,6483,6484,6485,6486,6487,6488,6489,6490,6491,6492,6493,6494,6495,6496,6497,6498,6499,6500,6501,6502,6503,6504,6505,6506,6507,6508,6509,6510,6511,6512,6513,6514,6515,6516,6517,6518,6519,6520,6521,6522,6523,6524,6525,6526,6527,6528,6529,6530,6531,6532,6533,6534,6535,6536,6537,6538,6539,6540,6541,6542,6543,6544,6545,6546,6547,6548,6549,6550,6551,6552,6553,6554,6555,6556,6557,6558,6559,6560,6561,6562,6563,6564,6565,6566,6567,6568,6569,6570,6571,6572,6573,6574,6575,6576,6577,6578,6579,6580,6581,6582,6583,6584,6585,6586,6587,6588,6589,6590,6591,6592,6593,6594,6595,6596,6597,6598,6599,6600,6601,6602,6603,6604,6605,6606,6607,6608,6609,6610,6611,6612,6613,6614,6615,6616,6617,6618,6619,6620,6621,6622,6623,6624,6625,6626,6627,6628,6629,6630,6631,6632,6633,6634,6635,6636,6637,6638,6639,6640,6641,6642,6643,6644,6645,6646,6647,6648,6649,6650,6651,6652,6653,6654,6655,6656,6657,6658,6659,6660,6661,6662,6663,6664,6665,6666,6667,6668,6669,6670,6671,6672,6673,6674,6675,6676,6677,6678,6679,6680,6681,6682,6683,6684,6685,6686,6687,6688,6689,6690,6691,6692,6693,6694,6695,6696,6697,6698,6699,6700,6701,6702,6703,6704,6705,6706,6707,6708,6709,6710,6711,6712,6713,6714,6715,6716,6717,6718,6719,6720,6721,6722,6723,6724,6725,6726,6727,6728,6729,6730,6731,6732,6733,6734,6735,6736,6737,6738,6739,6740,6741,6742,6743,6744,6745,6746,6747,6748,6749,6750,6751,6752,6753,6754,6755,6756,6757,6758,6759,6760,6761,6762,6763,6764,6765,6766,6767,6768,6769,6770,6771,6772,6773,6774,6775,6776,6777,6778,6779,6780,6781,6782,6783,6784,6785,6786,6787,6788,6789,6790,6791,6792,6793,6794,6795,6796,6797,6798,6799,6800,6801,6802,6803,6804,6805,6806,6807,6808,6809,6810,6811,6812,6813,6814,6815,6816,6817,6818,6819,6820,6821,6822,6823,6824,6825,6826,6827,6828,6829,6830,6831,6832,6833,6834,6835,6836,6837,6838,6839,6840,6841,6842,6843,6844,6845,6846,6847,6848,6849,6850,6851,6852,6853,6854,6855,6856,6857,6858,6859,6860,6861,6862,6863,6864,6865,6866,6867,6868,6869,6870,6871,6872,6873,6874,6875,6876,6877,6878,6879,6880,6881,6882,6883,6884,6885,6886,6887,6888,6889,6890,6891,6892,6893,6894,6895,6896,6897,6898,6899,6900,6901,6902,6903,6904,6905,6906,6907,6908,6909,6910,6911,6912,6913,6914,6915,6916,6917,6918,6919,6920,6921,6922,6923,6924,6925,6926,6927,6928,6929,6930,6931,6932,6933,6934,6935,6936,6937,6938,6939,6940,6941,6942,6943,6944,6945,6946,6947,6948,6949,6950,6951,6952,6953,6954,6955,6956,6957,6958,6959,6960,6961,6962,6963,6964,6965,6966,6967,6968,6969,6970,6971,6972,6973,6974,6975,6976,6977,6978,6979,6980,6981,6982,6983,6984,6985,6986,6987,6988,6989,6990,6991,6992,6993,6994,6995,6996,6997,6998,6999,7000
0,0.09433691876884338,0.09433691876884338,0.09433691876884338,0.09433691876884338,0.09433691876884338,0.09433691876884338,0.09433691876884338,0.09433691876884338,0.09433691876884338,0.09433691876884338,0.09433691876884338,0.09433691876884338,0.09433691876884338,0.09433691876884338,0.09433691876884338,0.09433691876884338,0.09433691876884338,0.09433691876884338,0.09433691876884338,0.09433691876884338,0.09433691876884338,0.09433691876884338,0.09433691876884338,0.09433691876884338,0.09433691876884338,0.09433691876884338,0.09433691876884338,0.09433691876884338,0.09433691876884338,0.09433691876884338,0.09433691876884338,0.09433691876884338,0.09433691876884338,0.09433691876884338,0.09433691876884338,0.09433691876884338,0.09433691876884338,0.09433691876884338,0.09433691876884338,0.09433691876884338,0.09433691876884338,0.09433691876884338,0.09433691876884338,0.09433691876884338,0.09433691876884338,0.09433691876884338,0.09433691876884338,0.09433691876884338,0.09433691876884338,0.09433691876884338,0.09433691876884338,0.09433691876884338,0.09433691876884338,0.09433691876884338,0.09433691876884338,0.09433691876884338,0.09433691876884338,0.09433691876884338,0.09433691876884338,0.09433691876884338,0.09433691876884338,0.09433691876884338,0.09433691876884338,0.09433691876884338,0.09433691876884338,0.09433691876884338,0.09433691876884338,0.09433691876884338,0.09433691876884338,0.09433691876884338,0.09433691876884338,0.09433691876884338,0.09433691876884338,0.09433691876884338,0.09433691876884338,0.09433691876884338,0.09433691876884338,0.09433691876884338,0.09433691876884338,0.09433691876884338,0.09433691876884338,0.09433691876884338,0.09433691876884338,0.09433691876884338,0.09433691876884338,0.09433691876884338,0.09433691876884338,0.09433691876884338,0.09433691876884338,0.09433691876884338,0.09433691876884338,0.09433691876884338,0.09433691876884338,0.09433691876884338,0.09433691876884338,0.09433691876884338,0.09433691876884338,0.09433691876884338,0.09433691876884338,0.09433691876884338,0.09433691876884338,0.09433691876884338,0.09433691876884338,0.09433691876884338,0.09433691876884338,0.09433691876884338,0.09433691876884338,0.09433691876884338,0.09433691876884338,0.09433691876884338,0.09433691876884338,0.09433691876884338,0.09433691876884338,0.09433691876884338,0.09433691876884338,0.09433691876884338,0.09433691876884338,0.09433691876884338,0.09433691876884338,0.09433691876884338,0.09433691876884338,0.09433691876884338,0.09433691876884338,0.09433691876884338,0.09433691876884338,0.09433691876884338,0.09433691876884338,0.09433691876884338,0.09433691876884338,0.09433691876884338,0.09433691876884338,0.09433691876884338,0.09433691876884338,0.09433691876884338,0.09433691876884338,0.09433691876884338,0.09433691876884338,0.09433691876884338,0.09433691876884338,0.09433691876884338,0.09433691876884338,0.09433691876884338,0.09433691876884338,0.09433691876884338,0.09433691876884338,0.09433691876884338,0.09433691876884338,0.09433691876884338,0.09433691876884338,0.09433691876884338,0.09433691876884338,0.09433691876884338,0.09433691876884338,0.09433691876884338,0.09433691876884338,0.09433691876884338,0.09433691876884338,0.09433691876884338,0.09433691876884338,0.09433691876884338,0.09433691876884338,0.09433691876884338,0.09433691876884338,0.09433691876884338,0.09433691876884338,0.09433691876884338,0.09433691876884338,0.09433691876884338,0.09433691876884338,0.09433691876884338,0.09433691876884338,0.09433691876884338,0.09433691876884338,0.09433691876884338,0.09433691876884338,0.09433691876884338,0.09433691876884338,0.09433691876884338,0.09433691876884338,0.09433691876884338,0.09433691876884338,0.09433691876884338,0.09433691876884338,0.09433691876884338,0.09433691876884338,0.09433691876884338,0.09433691876884338,0.09433691876884338,0.09433691876884338,0.09433691876884338,0.09433691876884338,0.09433691876884338,0.09433691876884338,0.09433691876884338,0.09433691876884338,0.09433691876884338,0.09433691876884338,0.09433691876884338,0.09433691876884338,0.09433691876884338,0.09433691876884338,0.09433691876884338,0.09433691876884338,0.09433691876884338,0.09433691876884338,0.09433691876884338,0.09433691876884338,0.09433691876884338,0.09433691876884338,0.09433691876884338,0.09433691876884338,0.09433691876884338,0.09433691876884338,0.09433691876884338,0.09433691876884338,0.09433691876884338,0.09433691876884338,0.09433691876884338,0.09433691876884338,0.09433691876884338,0.09433691876884338,0.09433691876884338,0.09433691876884338,0.09433691876884338,0.09433691876884338,0.09433691876884338,0.09433691876884338,0.09433691876884338,0.09433691876884338,0.09433691876884338,0.09433691876884338,0.09433691876884338,0.09433691876884338,0.09433691876884338,0.09433691876884338,0.09433691876884338,0.09433691876884338,0.09433691876884338,0.09433691876884338,0.09433691876884338,0.09433691876884338,0.09433691876884338,0.09433691876884338,0.09433691876884338,0.09433691876884338,0.09433691876884338,0.09433691876884338,0.09433691876884338,0.09433691876884338,0.09433691876884338,0.09433691876884338,0.09433691876884338,0.09433691876884338,0.09433691876884338,0.09433691876884338,0.09433691876884338,0.09433691876884338,0.09433691876884338,0.09433691876884338,0.09433691876884338,0.09433691876884338,0.09433691876884338,0.09433691876884338,0.09433691876884338,0.09433691876884338,0.09433691876884338,0.09433691876884338,0.09433691876884338,0.09433691876884338,0.09433691876884338,0.09433691876884338,0.09433691876884338,0.09433691876884338,0.09433691876884338,0.09433691876884338,0.09433691876884338,0.09433691876884338,0.09433691876884338,0.09433691876884338,0.09433691876884338,0.09433691876884338,0.09433691876884338,0.09433691876884338,0.09433691876884338,0.09433691876884338,0.09433691876884338,0.09433691876884338,0.09433691876884338,0.09433691876884338,0.09433691876884338,0.09433691876884338,0.09433691876884338,0.09433691876884338,0.09433691876884338,0.09433691876884338,0.09433691876884338,0.09433691876884338,0.09433691876884338,0.09433691876884338,0.09433691876884338,0.09433691876884338,0.09433691876884338,0.09433691876884338,0.09433691876884338,0.09433691876884338,0.09433691876884338,0.09433691876884338,0.09433691876884338,0.09433691876884338,0.09433691876884338,0.09433691876884338,0.09433691876884338,0.09433691876884338,0.09433691876884338,0.09433691876884338,0.09433691876884338,0.09433691876884338,0.09433691876884338,0.09433691876884338,0.09433691876884338,0.09433691876884338,0.09433691876884338,0.09433691876884338,0.09433691876884338,0.09433691876884338,0.09433691876884338,0.09433691876884338,0.09433691876884338,0.09433691876884338,0.09433691876884338,0.09433691876884338,0.09433691876884338,0.09433691876884338,0.09433691876884338,0.09433691876884338,0.09433691876884338,0.09433691876884338,0.09433691876884338,0.09433691876884338,0.09433691876884338,0.09433691876884338,0.09433691876884338,0.09433691876884338,0.09433691876884338,0.09433691876884338,0.09433691876884338,0.09433691876884338,0.09433691876884338,0.09433691876884338,0.09433691876884338,0.09433691876884338,0.09433691876884338,0.09433691876884338,0.09433691876884338,0.09433691876884338,0.09433691876884338,0.09433691876884338,0.09433691876884338,0.09433691876884338,0.09433691876884338,0.09433691876884338,0.09433691876884338,0.09433691876884338,0.09433691876884338,0.09433691876884338,0.09433691876884338,0.09433691876884338,0.09433691876884338,0.09433691876884338,0.09433691876884338,0.09433691876884338,0.09433691876884338,0.09433691876884338,0.09433691876884338,0.09433691876884338,0.09433691876884338,0.09433691876884338,0.09433691876884338,0.09433691876884338,0.09433691876884338,0.09433691876884338,0.09433691876884338,0.09433691876884338,0.09433691876884338,0.09433691876884338,0.09433691876884338,0.09433691876884338,0.09433691876884338,0.09433691876884338,0.09433691876884338,0.09433691876884338,0.09433691876884338,0.09433691876884338,0.09433691876884338,0.09433691876884338,0.09433691876884338,0.09433691876884338,0.09433691876884338,0.09433691876884338,0.09433691876884338,0.09433691876884338,0.09433691876884338,0.09433691876884338,0.09433691876884338,0.09433691876884338,0.09433691876884338,0.09433691876884338,0.09433691876884338,0.09433691876884338,0.09433691876884338,0.09433691876884338,0.09433691876884338,0.09433691876884338,0.09433691876884338,0.09433691876884338,0.09433691876884338,0.09433691876884338,0.09433691876884338,0.09433691876884338,0.09433691876884338,0.09433691876884338,0.09433691876884338,0.09433691876884338,0.09433691876884338,0.09433691876884338,0.09433691876884338,0.09433691876884338,0.09433691876884338,0.09433691876884338,0.09433691876884338,0.09433691876884338,0.09433691876884338,0.09433691876884338,0.09433691876884338,0.09433691876884338,0.09433691876884338,0.09433691876884338,0.09433691876884338,0.09433691876884338,0.09433691876884338,0.09433691876884338,0.09433691876884338,0.09433691876884338,0.09433691876884338,0.09433691876884338,0.09433691876884338,0.09433691876884338,0.09433691876884338,0.09433691876884338,0.09433691876884338,0.09433691876884338,0.09433691876884338,0.09433691876884338,0.09433691876884338,0.09433691876884338,0.09433691876884338,0.09433691876884338,0.09433691876884338,0.09433691876884338,0.09433691876884338,0.09433691876884338,0.09433691876884338,0.09433691876884338,0.09433691876884338,0.09433691876884338,0.09433691876884338,0.09433691876884338,0.09433691876884338,0.09433691876884338,0.09433691876884338,0.09433691876884338,0.09433691876884338,0.09433691876884338,0.09433691876884338,0.09433691876884338,0.09433691876884338,0.09433691876884338,0.09433691876884338,0.09433691876884338,0.09433691876884338,0.09433691876884338,0.09433691876884338,0.09433691876884338,0.09433691876884338,0.09433691876884338,0.09433691876884338,0.09433691876884338,0.09433691876884338,0.09433691876884338,0.09433691876884338,0.09433691876884338,0.09433691876884338,0.09433691876884338,0.09433691876884338,0.09433691876884338,0.09433691876884338,0.09433691876884338,0.09433691876884338,0.09433691876884338,0.09433691876884338,0.09433691876884338,0.09433691876884338,0.09433691876884338,0.09433691876884338,0.09433691876884338,0.09433691876884338,0.09433691876884338,0.09433691876884338,0.09433691876884338,0.09433691876884338,0.09433691876884338,0.09433691876884338,0.09433691876884338,0.09433691876884338,0.09433691876884338,0.09433691876884338,0.09433691876884338,0.09433691876884338,0.09433691876884338,0.09433691876884338,0.09433691876884338,0.09433691876884338,0.09433691876884338,0.09433691876884338,0.09433691876884338,0.09433691876884338,0.09433691876884338,0.09433691876884338,0.09433691876884338,0.09433691876884338,0.09433691876884338,0.09433691876884338,0.09433691876884338,0.09433691876884338,0.09433691876884338,0.09433691876884338,0.09433691876884338,0.09433691876884338,0.09433691876884338,0.09433691876884338,0.09433691876884338,0.09433691876884338,0.09433691876884338,0.09433691876884338,0.09433691876884338,0.09433691876884338,0.09433691876884338,0.09433691876884338,0.09433691876884338,0.09433691876884338,0.09433691876884338,0.09433691876884338,0.09433691876884338,0.09433691876884338,0.09433691876884338,0.09433691876884338,0.09433691876884338,0.09433691876884338,0.09433691876884338,0.09433691876884338,0.09433691876884338,0.09433691876884338,0.09433691876884338,0.09433691876884338,0.09433691876884338,0.09433691876884338,0.09433691876884338,0.09433691876884338,0.09433691876884338,0.09433691876884338,0.09433691876884338,0.09433691876884338,0.09433691876884338,0.09433691876884338,0.09433691876884338,0.09433691876884338,0.09433691876884338,0.09433691876884338,0.09433691876884338,0.09433691876884338,0.09433691876884338,0.09433691876884338,0.09433691876884338,0.09433691876884338,0.09433691876884338,0.09433691876884338,0.09433691876884338,0.09433691876884338,0.09433691876884338,0.09433691876884338,0.09433691876884338,0.09433691876884338,0.09433691876884338,0.09433691876884338,0.09433691876884338,0.09433691876884338,0.09433691876884338,0.09433691876884338,0.09433691876884338,0.09433691876884338,0.09433691876884338,0.09433691876884338,0.09433691876884338,0.09433691876884338,0.09433691876884338,0.09433691876884338,0.09433691876884338,0.09433691876884338,0.09433691876884338,0.09433691876884338,0.09433691876884338,0.09433691876884338,0.09433691876884338,0.09433691876884338,0.09433691876884338,0.09433691876884338,0.09433691876884338,0.09433691876884338,0.09433691876884338,0.09433691876884338,0.09433691876884338,0.09433691876884338,0.09433691876884338,0.09433691876884338,0.09433691876884338,0.09433691876884338,0.09433691876884338,0.09433691876884338,0.09433691876884338,0.09433691876884338,0.09433691876884338,0.09433691876884338,0.09433691876884338,0.09433691876884338,0.09433691876884338,0.09433691876884338,0.09433691876884338,0.09433691876884338,0.09433691876884338,0.09433691876884338,0.09433691876884338,0.09433691876884338,0.09433691876884338,0.09433691876884338,0.09433691876884338,0.09433691876884338,0.09433691876884338,0.09433691876884338,0.09433691876884338,0.09433691876884338,0.09433691876884338,0.09433691876884338,0.09433691876884338,0.09433691876884338,0.09433691876884338,0.09433691876884338,0.09433691876884338,0.09433691876884338,0.09433691876884338,0.09433691876884338,0.09433691876884338,0.09433691876884338,0.09433691876884338,0.09433691876884338,0.09433691876884338,0.09433691876884338,0.09433691876884338,0.09433691876884338,0.09433691876884338,0.09433691876884338,0.09433691876884338,0.09433691876884338,0.09433691876884338,0.09433691876884338,0.09433691876884338,0.09433691876884338,0.09433691876884338,0.09433691876884338,0.09433691876884338,0.09433691876884338,0.09433691876884338,0.09433691876884338,0.09433691876884338,0.09433691876884338,0.09433691876884338,0.09433691876884338,0.09433691876884338,0.09433691876884338,0.09433691876884338,0.09433691876884338,0.09433691876884338,0.09433691876884338,0.09433691876884338,0.09433691876884338,0.09433691876884338,0.09433691876884338,0.09433691876884338,0.09433691876884338,0.09433691876884338,0.09433691876884338,0.09433691876884338,0.09433691876884338,0.09433691876884338,0.09433691876884338,0.09433691876884338,0.09433691876884338,0.09433691876884338,0.09433691876884338,0.09433691876884338,0.09433691876884338,0.09433691876884338,0.09433691876884338,0.09433691876884338,0.09433691876884338,0.09433691876884338,0.09433691876884338,0.09433691876884338,0.09433691876884338,0.09433691876884338,0.09433691876884338,0.09433691876884338,0.09433691876884338,0.09433691876884338,0.09433691876884338,0.09433691876884338,0.09433691876884338,0.09433691876884338,0.09433691876884338,0.09433691876884338,0.09433691876884338,0.09433691876884338,0.09433691876884338,0.09433691876884338,0.09433691876884338,0.09433691876884338,0.09433691876884338,0.09433691876884338,0.09433691876884338,0.09433691876884338,0.09433691876884338,0.09433691876884338,0.09433691876884338,0.09433691876884338,0.09433691876884338,0.09433691876884338,0.09433691876884338,0.09433691876884338,0.09433691876884338,0.09433691876884338,0.09433691876884338,0.09433691876884338,0.09433691876884338,0.09433691876884338,0.09433691876884338,0.09433691876884338,0.09433691876884338,0.09433691876884338,0.09433691876884338,0.09433691876884338,0.09433691876884338,0.09433691876884338,0.09433691876884338,0.09433691876884338,0.09433691876884338,0.09433691876884338,0.09433691876884338,0.09433691876884338,0.09433691876884338,0.09433691876884338,0.09433691876884338,0.09433691876884338,0.09433691876884338,0.09433691876884338,0.09433691876884338,0.09433691876884338,0.09433691876884338,0.09433691876884338,0.09433691876884338,0.09433691876884338,0.09433691876884338,0.09433691876884338,0.09433691876884338,0.09433691876884338,0.09433691876884338,0.09433691876884338,0.09433691876884338,0.09433691876884338,0.09433691876884338,0.09433691876884338,0.09433691876884338,0.09433691876884338,0.09433691876884338,0.09433691876884338,0.09433691876884338,0.09433691876884338,0.09433691876884338,0.09433691876884338,0.09433691876884338,0.09433691876884338,0.09433691876884338,0.09433691876884338,0.09433691876884338,0.09433691876884338,0.09433691876884338,0.09433691876884338,0.09433691876884338,0.09433691876884338,0.09433691876884338,0.09433691876884338,0.09433691876884338,0.09433691876884338,0.09433691876884338,0.09433691876884338,0.09433691876884338,0.09433691876884338,0.09433691876884338,0.09433691876884338,0.09433691876884338,0.09433691876884338,0.09433691876884338,0.09433691876884338,0.09433691876884338,0.09433691876884338,0.09433691876884338,0.09433691876884338,0.09433691876884338,0.09433691876884338,0.09433691876884338,0.09433691876884338,0.09433691876884338,0.09433691876884338,0.09433691876884338,0.09433691876884338,0.09433691876884338,0.09433691876884338,0.09433691876884338,0.09433691876884338,0.09433691876884338,0.09433691876884338,0.09433691876884338,0.09433691876884338,0.09433691876884338,0.09433691876884338,0.09433691876884338,0.09433691876884338,0.09433691876884338,0.09433691876884338,0.09433691876884338,0.09433691876884338,0.09433691876884338,0.09433691876884338,0.09433691876884338,0.09433691876884338,0.09433691876884338,0.09433691876884338,0.09433691876884338,0.09433691876884338,0.09433691876884338,0.09433691876884338,0.09433691876884338,0.09433691876884338,0.09433691876884338,0.09433691876884338,0.09433691876884338,0.09433691876884338,0.09433691876884338,0.09433691876884338,0.09433691876884338,0.09433691876884338,0.09433691876884338,0.09433691876884338,0.09433691876884338,0.09433691876884338,0.09433691876884338,0.09433691876884338,0.09433691876884338,0.09433691876884338,0.09433691876884338,0.09433691876884338,0.09433691876884338,0.09433691876884338,0.09433691876884338,0.09433691876884338,0.09433691876884338,0.09433691876884338,0.09433691876884338,0.09433691876884338,0.09433691876884338,0.09433691876884338,0.09433691876884338,0.09433691876884338,0.09433691876884338,0.09433691876884338,0.09433691876884338,0.09433691876884338,0.09433691876884338,0.09433691876884338,0.09433691876884338,0.09433691876884338,0.09433691876884338,0.09433691876884338,0.09433691876884338,0.09433691876884338,0.09433691876884338,0.09433691876884338,0.09433691876884338,0.09433691876884338,0.09433691876884338,0.09433691876884338,0.09433691876884338,0.09433691876884338,0.09433691876884338,0.09433691876884338,0.09433691876884338,0.09433691876884338,0.09433691876884338,0.09433691876884338,0.09433691876884338,0.09433691876884338,0.09433691876884338,0.09433691876884338,0.09433691876884338,0.09433691876884338,0.09433691876884338,0.09433691876884338,0.09433691876884338,0.09433691876884338,0.09433691876884338,0.09433691876884338,0.09433691876884338,0.09433691876884338,0.09433691876884338,0.09433691876884338,0.09433691876884338,0.09433691876884338,0.09433691876884338,0.09433691876884338,0.09433691876884338,0.09433691876884338,0.09433691876884338,0.09433691876884338,0.09433691876884338,0.09433691876884338,0.09433691876884338,0.09433691876884338,0.09433691876884338,0.09433691876884338,0.09433691876884338,0.09433691876884338,0.09433691876884338,0.09433691876884338,0.09433691876884338,0.09433691876884338,0.09433691876884338,0.09433691876884338,0.09433691876884338,0.09433691876884338,0.09433691876884338,0.09433691876884338,0.09433691876884338,0.09433691876884338,0.09433691876884338,0.09433691876884338,0.09433691876884338,0.09433691876884338,0.09433691876884338,0.09433691876884338,0.09433691876884338,0.09433691876884338,0.09433691876884338,0.09433691876884338,0.09433691876884338,0.09433691876884338,0.09433691876884338,0.09433691876884338,0.09433691876884338,0.09433691876884338,0.09433691876884338,0.09433691876884338,0.09433691876884338,0.09433691876884338,0.09433691876884338,0.09433691876884338,0.09433691876884338,0.09433691876884338,0.09433691876884338,0.09433691876884338,0.09433691876884338,0.09433691876884338,0.09433691876884338,0.09433691876884338,0.09433691876884338,0.09433691876884338,0.09433691876884338,0.09433691876884338,0.09433691876884338,0.09433691876884338,0.09433691876884338,0.09433691876884338,0.09433691876884338,0.09433691876884336,0.09433691876884344,0.09433691876884344,0.09433691876884344,0.09433691876884343,0.09433691876884345,0.09433691876884352,0.0943369187688436,0.0943369187688436,0.09433691876884365,0.09433691876884381,0.09433691876884379,0.09433691876884386,0.09433691876884395,0.09433691876884397,0.09433691876884398,0.09433691876884398,0.09433691876884415,0.09433691876884412,0.09433691876884419,0.0943369187688443,0.09433691876884427,0.0943369187688443,0.09433691876884436,0.09433691876884436,0.09433691876884445,0.09433691876884445,0.09433691876884444,0.09433691876884452,0.09433691876884462,0.0943369187688446,0.09433691876884465,0.09433691876884467,0.09433691876884473,0.09433691876884472,0.09433691876884479,0.0943369187688448,0.09433691876884479,0.09433691876884483,0.09433691876884485,0.09433691876884484,0.0943369187688449,0.09433691876884492,0.09433691876884492,0.09433691876884495,0.094336918768845,0.094336918768845,0.09433691876884509,0.0943369187688452,0.09433691876884519,0.09433691876884523,0.09433691876884524,0.09433691876884526,0.0943369187688453,0.09433691876884542,0.09433691876884544,0.09433691876884549,0.09433691876884549,0.09433691876884558,0.09433691876884552,0.09433691876884562,0.09433691876884572,0.09433691876884572,0.09433691876884578,0.0943369187688459,0.09433691876884588,0.09433691876884595,0.09433691876884608,0.09433691876884608,0.09433691876884612,0.09433691876884621,0.0943369187688462,0.09433691876884623,0.09433691876884626,0.0943369187688464,0.09433691876884641,0.09433691876884649,0.09433691876884659,0.09433691876884658,0.09433691876884663,0.09433691876884681,0.09433691876884674,0.09433691876884703,0.0943369187688469,0.09433691876884695,0.09433691876884694,0.09433691876884699,0.09433691876884694,0.09433691876884698,0.09433691876884712,0.09433691876884714,0.09433691876884716,0.09433691876884723,0.09433691876884726,0.0943369187688473,0.09433691876884732,0.09433691876884735,0.09433691876884741,0.0943369187688474,0.09433691876884755,0.09433691876884752,0.09433691876884753,0.09433691876884762,0.09433691876884755,0.09433691876884766,0.09433691876884777,0.09433691876884792,0.09433691876884794,0.094336918768848,0.09433691876884809,0.09433691876884827,0.09433691876884827,0.09433691876884831,0.09433691876884841,0.09433691876884841,0.09433691876884849,0.09433691876884852,0.09433691876884849,0.09433691876884856,0.09433691876884857,0.0943369187688486,0.09433691876884868,0.09433691876884868,0.09433691876884873,0.09433691876884881,0.09433691876884882,0.09433691876884892,0.0943369187688489,0.09433691876884892,0.09433691876884898,0.09433691876884896,0.09433691876884898,0.09433691876884903,0.09433691876884899,0.09433691876884906,0.09433691876884907,0.09433691876884906,0.09433691876884909,0.09433691876884921,0.09433691876884923,0.09433691876884923,0.09433691876884927,0.09433691876884927,0.09433691876884932,0.09433691876884945,0.09433691876884946,0.09433691876884952,0.09433691876884964,0.09433691876884967,0.0943369187688496,0.09433691876884973,0.09433691876884978,0.09433691876884981,0.0943369187688498,0.09433691876884989,0.09433691876884986,0.0943369187688499,0.09433691876885004,0.09433691876885004,0.0943369187688501,0.09433691876885011,0.09433691876885016,0.09433691876885017,0.0943369187688502,0.09433691876885023,0.09433691876885021,0.09433691876885023,0.09433691876885025,0.09433691876885035,0.09433691876885038,0.09433691876885038,0.09433691876885042,0.09433691876885042,0.09433691876885046,0.09433691876885049,0.09433691876885057,0.09433691876885054,0.09433691876885059,0.0943369187688506,0.09433691876885059,0.09433691876885066,0.09433691876885075,0.09433691876885075,0.09433691876885082,0.09433691876885088,0.09433691876885086,0.09433691876885092,0.09433691876885106,0.09433691876885106,0.0943369187688511,0.09433691876885122,0.09433691876885125,0.09433691876885128,0.09433691876885139,0.09433691876885138,0.09433691876885138,0.09433691876885139,0.09433691876885139,0.09433691876885142,0.0943369187688514,0.09433691876885153,0.09433691876885154,0.09433691876885159,0.09433691876885152,0.09433691876885163,0.09433691876885172,0.09433691876885172,0.0943369187688518,0.09433691876885181,0.09433691876885186,0.09433691876885185,0.09433691876885192,0.0943369187688519,0.09433691876885196,0.09433691876885196,0.09433691876885204,0.09433691876885202,0.09433691876885206,0.09433691876885206,0.09433691876885211,0.09433691876885211,0.09433691876885217,0.0943369187688523,0.0943369187688523,0.09433691876885235,0.09433691876885243,0.09433691876885246,0.09433691876885253,0.09433691876885265,0.09433691876885264,0.09433691876885268,0.0943369187688528,0.09433691876885282,0.09433691876885285,0.09433691876885285,0.09433691876885292,0.09433691876885292,0.09433691876885293,0.09433691876885289,0.09433691876885292,0.09433691876885296,0.09433691876885297,0.09433691876885307,0.09433691876885313,0.09433691876885314,0.0943369187688532,0.09433691876885318,0.09433691876885324,0.09433691876885335,0.09433691876885335,0.09433691876885338,0.09433691876885336,0.09433691876885335,0.09433691876885343,0.09433691876885346,0.09433691876885344,0.09433691876885351,0.09433691876885363,0.09433691876885363,0.09433691876885365,0.09433691876885378,0.09433691876885378,0.09433691876885385,0.09433691876885397,0.09433691876885411,0.09433691876885432,0.09433691876885436,0.0943369187688544,0.0943369187688544,0.09433691876885437,0.0943369187688544,0.09433691876885443,0.09433691876885443,0.09433691876885444,0.09433691876885446,0.09433691876885456,0.09433691876885461,0.09433691876885464,0.09433691876885465,0.09433691876885461,0.09433691876885468,0.09433691876885464,0.0943369187688547,0.0943369187688547,0.09433691876885478,0.09433691876885476,0.0943369187688548,0.0943369187688548,0.09433691876885483,0.09433691876885487,0.09433691876885489,0.09433691876885494,0.09433691876885503,0.09433691876885504,0.09433691876885508,0.0943369187688551,0.09433691876885515,0.09433691876885525,0.09433691876885528,0.09433691876885528,0.09433691876885543,0.09433691876885558,0.09433691876885554,0.09433691876885564,0.09433691876885572,0.09433691876885572,0.09433691876885578,0.09433691876885575,0.09433691876885582,0.09433691876885593,0.09433691876885608,0.09433691876885614,0.09433691876885612,0.09433691876885612,0.09433691876885618,0.09433691876885619,0.09433691876885628,0.09433691876885622,0.09433691876885629,0.09433691876885628,0.09433691876885647,0.09433691876885644,0.09433691876885651,0.09433691876885648,0.09433691876885657,0.09433691876885665,0.09433691876885675,0.09433691876885676,0.0943369187688568,0.0943369187688569,0.09433691876885693,0.09433691876885696,0.09433691876885696,0.09433691876885701,0.0943369187688571,0.09433691876885711,0.09433691876885714,0.09433691876885716,0.09433691876885722,0.09433691876885723,0.09433691876885729,0.09433691876885725,0.0943369187688573,0.09433691876885732,0.09433691876885739,0.09433691876885739,0.09433691876885744,0.09433691876885741,0.09433691876885753,0.0943369187688575,0.09433691876885751,0.09433691876885758,0.09433691876885755,0.09433691876885753,0.0943369187688576,0.09433691876885762,0.0943369187688576,0.09433691876885768,0.09433691876885766,0.09433691876885765,0.0943369187688577,0.09433691876885772,0.09433691876885779,0.09433691876885789,0.0943369187688579,0.09433691876885789,0.09433691876885793,0.09433691876885804,0.09433691876885818,0.0943369187688582,0.09433691876885825,0.09433691876885823,0.0943369187688583,0.09433691876885841,0.09433691876885841,0.09433691876885845,0.09433691876885854,0.09433691876885857,0.09433691876885854,0.09433691876885858,0.09433691876885861,0.0943369187688587,0.0943369187688587,0.09433691876885882,0.09433691876885883,0.09433691876885887,0.09433691876885891,0.09433691876885901,0.09433691876885905,0.09433691876885904,0.09433691876885902,0.09433691876885904,0.09433691876885905,0.09433691876885907,0.09433691876885905,0.09433691876885907,0.09433691876885907,0.09433691876885905,0.09433691876885907,0.09433691876885908,0.09433691876885915,0.09433691876885916,0.09433691876885926,0.09433691876885926,0.09433691876885933,0.09433691876885933,0.0943369187688594,0.09433691876885937,0.09433691876885941,0.09433691876885945,0.0943369187688595,0.0943369187688595,0.0943369187688595,0.09433691876885955,0.09433691876885958,0.09433691876885966,0.09433691876885984,0.09433691876885984,0.09433691876885991,0.09433691876886,0.09433691876886001,0.09433691876886001,0.09433691876886015,0.09433691876886031,0.09433691876886029,0.09433691876886034,0.09433691876886045,0.09433691876886059,0.0943369187688606,0.09433691876886066,0.09433691876886068,0.09433691876886069,0.09433691876886072,0.09433691876886076,0.09433691876886074,0.09433691876886083,0.09433691876886081,0.09433691876886088,0.09433691876886084,0.09433691876886093,0.09433691876886091,0.09433691876886097,0.09433691876886108,0.09433691876886109,0.09433691876886115,0.09433691876886126,0.09433691876886138,0.09433691876886138,0.09433691876886147,0.09433691876886162,0.09433691876886176,0.09433691876886173,0.09433691876886177,0.09433691876886188,0.09433691876886188,0.09433691876886194,0.09433691876886195,0.09433691876886201,0.09433691876886198,0.09433691876886202,0.09433691876886212,0.09433691876886227,0.0943369187688623,0.09433691876886235,0.09433691876886231,0.0943369187688624,0.09433691876886242,0.09433691876886244,0.09433691876886247,0.09433691876886251,0.09433691876886253,0.09433691876886255,0.09433691876886252,0.09433691876886259,0.0943369187688627,0.09433691876886274,0.09433691876886277,0.09433691876886277,0.09433691876886281,0.0943369187688629,0.09433691876886292,0.09433691876886297,0.0943369187688631,0.09433691876886305,0.09433691876886303,0.0943369187688631,0.09433691876886319,0.09433691876886323,0.09433691876886321,0.0943369187688632,0.09433691876886326,0.09433691876886337,0.09433691876886335,0.09433691876886337,0.09433691876886335,0.09433691876886334,0.09433691876886333,0.09433691876886342,0.09433691876886349,0.0943369187688635,0.09433691876886346,0.09433691876886353,0.09433691876886352,0.09433691876886359,0.0943369187688636,0.09433691876886363,0.09433691876886376,0.09433691876886374,0.09433691876886376,0.0943369187688638,0.09433691876886378,0.09433691876886387,0.09433691876886385,0.09433691876886388,0.09433691876886399,0.094336918768864,0.09433691876886405,0.09433691876886405,0.09433691876886414,0.09433691876886414,0.0943369187688642,0.0943369187688642,0.09433691876886426,0.09433691876886424,0.0943369187688643,0.09433691876886438,0.0943369187688644,0.09433691876886442,0.09433691876886445,0.09433691876886449,0.0943369187688646,0.09433691876886459,0.09433691876886467,0.09433691876886466,0.09433691876886471,0.09433691876886482,0.0943369187688648,0.0943369187688649,0.09433691876886488,0.09433691876886491,0.09433691876886492,0.09433691876886494,0.09433691876886502,0.09433691876886509,0.09433691876886509,0.09433691876886514,0.09433691876886525,0.09433691876886524,0.09433691876886524,0.09433691876886524,0.09433691876886521,0.09433691876886531,0.0943369187688654,0.0943369187688654,0.09433691876886545,0.09433691876886545,0.09433691876886545,0.09433691876886548,0.09433691876886556,0.09433691876886563,0.09433691876886564,0.09433691876886563,0.09433691876886569,0.09433691876886581,0.0943369187688658,0.09433691876886581,0.09433691876886584,0.09433691876886595,0.09433691876886595,0.09433691876886599,0.09433691876886598,0.09433691876886599,0.09433691876886599,0.09433691876886599,0.09433691876886596,0.09433691876886606,0.09433691876886605,0.0943369187688661,0.09433691876886612,0.09433691876886613,0.09433691876886614,0.09433691876886621,0.0943369187688662,0.09433691876886631,0.09433691876886624,0.09433691876886632,0.09433691876886642,0.09433691876886645,0.0943369187688664,0.09433691876886656,0.09433691876886653,0.0943369187688666,0.09433691876886668,0.09433691876886666,0.09433691876886677,0.09433691876886673,0.09433691876886681,0.09433691876886688,0.09433691876886706,0.09433691876886705,0.09433691876886707,0.09433691876886706,0.09433691876886714,0.09433691876886723,0.09433691876886723,0.09433691876886723,0.09433691876886727,0.09433691876886728,0.09433691876886734,0.09433691876886745,0.0943369187688674,0.09433691876886745,0.09433691876886748,0.09433691876886756,0.09433691876886759,0.09433691876886759,0.09433691876886764,0.09433691876886764,0.0943369187688677,0.09433691876886771,0.09433691876886775,0.09433691876886775,0.0943369187688678,0.0943369187688678,0.09433691876886775,0.09433691876886777,0.09433691876886778,0.09433691876886784,0.09433691876886793,0.09433691876886809,0.09433691876886809,0.09433691876886811,0.09433691876886827,0.09433691876886825,0.09433691876886845,0.09433691876886842,0.09433691876886845,0.09433691876886847,0.09433691876886857,0.09433691876886861,0.09433691876886857,0.09433691876886864,0.09433691876886863,0.09433691876886867,0.09433691876886875,0.09433691876886877,0.0943369187688688,0.09433691876886881,0.09433691876886884,0.09433691876886886,0.09433691876886888,0.09433691876886892,0.09433691876886903,0.09433691876886902,0.09433691876886909,0.09433691876886906,0.09433691876886917,0.0943369187688691,0.09433691876886913,0.09433691876886917,0.09433691876886917,0.09433691876886917,0.09433691876886925,0.09433691876886918,0.09433691876886921,0.09433691876886928,0.09433691876886928,0.09433691876886934,0.09433691876886939,0.0943369187688694,0.09433691876886946,0.09433691876886946,0.0943369187688695,0.09433691876886957,0.09433691876886958,0.09433691876886965,0.09433691876886965,0.09433691876886965,0.09433691876886979,0.0943369187688698,0.09433691876886986,0.09433691876886992,0.0943369187688701,0.0943369187688701,0.09433691876887015,0.09433691876887025,0.09433691876887033,0.09433691876887042,0.09433691876887043,0.09433691876887054,0.09433691876887067,0.09433691876887068,0.09433691876887074,0.0943369187688708,0.09433691876887094,0.09433691876887096,0.09433691876887101,0.09433691876887113,0.09433691876887111,0.09433691876887115,0.09433691876887126,0.09433691876887128,0.09433691876887132,0.0943369187688713,0.09433691876887138,0.09433691876887144,0.09433691876887146,0.09433691876887153,0.09433691876887161,0.09433691876887161,0.09433691876887168,0.09433691876887175,0.09433691876887172,0.09433691876887174,0.09433691876887185,0.09433691876887186,0.09433691876887193,0.09433691876887203,0.09433691876887215,0.09433691876887236,0.09433691876887261,0.09433691876887283,0.09433691876887285,0.09433691876887287,0.09433691876887303,0.09433691876887303,0.09433691876887304,0.09433691876887303,0.09433691876887308,0.0943369187688732,0.09433691876887332,0.09433691876887333,0.09433691876887336,0.09433691876887337,0.09433691876887346,0.09433691876887346,0.09433691876887344,0.09433691876887358,0.09433691876887369,0.0943369187688737,0.09433691876887375,0.09433691876887383,0.09433691876887404,0.09433691876887396,0.09433691876887403,0.09433691876887403,0.0943369187688741,0.0943369187688741,0.09433691876887414,0.09433691876887416,0.09433691876887422,0.09433691876887422,0.09433691876887422,0.09433691876887426,0.0943369187688743,0.0943369187688743,0.09433691876887437,0.09433691876887437,0.09433691876887433,0.0943369187688744,0.09433691876887451,0.09433691876887454,0.09433691876887455,0.09433691876887455,0.09433691876887462,0.09433691876887466,0.09433691876887466,0.09433691876887478,0.09433691876887476,0.09433691876887483,0.0943369187688749,0.09433691876887489,0.09433691876887496,0.09433691876887504,0.09433691876887504,0.09433691876887507,0.09433691876887508,0.09433691876887514,0.09433691876887511,0.09433691876887522,0.09433691876887529,0.09433691876887526,0.09433691876887536,0.09433691876887532,0.09433691876887539,0.09433691876887539,0.09433691876887543,0.09433691876887541,0.09433691876887548,0.09433691876887555,0.09433691876887555,0.09433691876887565,0.0943369187688757,0.0943369187688757,0.09433691876887576,0.09433691876887576,0.09433691876887575,0.0943369187688758,0.0943369187688759,0.09433691876887607,0.09433691876887605,0.09433691876887608,0.09433691876887618,0.09433691876887618,0.09433691876887622,0.0943369187688763,0.0943369187688763,0.09433691876887637,0.09433691876887648,0.09433691876887658,0.09433691876887658,0.09433691876887665,0.09433691876887665,0.0943369187688767,0.09433691876887679,0.09433691876887677,0.09433691876887684,0.09433691876887682,0.0943369187688769,0.094336918768877,0.09433691876887698,0.09433691876887701,0.09433691876887708,0.09433691876887708,0.09433691876887712,0.09433691876887713,0.09433691876887716,0.09433691876887716,0.09433691876887722,0.09433691876887731,0.09433691876887744,0.09433691876887743,0.0943369187688775,0.09433691876887756,0.09433691876887754,0.0943369187688776,0.09433691876887763,0.09433691876887769,0.0943369187688777,0.09433691876887783,0.09433691876887781,0.09433691876887783,0.09433691876887784,0.09433691876887788,0.09433691876887797,0.09433691876887795,0.094336918768878,0.09433691876887809,0.0943369187688781,0.09433691876887816,0.09433691876887816,0.09433691876887826,0.09433691876887823,0.09433691876887829,0.09433691876887831,0.09433691876887836,0.09433691876887848,0.09433691876887845,0.09433691876887851,0.0943369187688785,0.09433691876887855,0.09433691876887855,0.09433691876887862,0.09433691876887866,0.09433691876887869,0.09433691876887872,0.09433691876887883,0.0943369187688788,0.09433691876887892,0.09433691876887895,0.09433691876887895,0.094336918768879,0.09433691876887905,0.09433691876887906,0.09433691876887905,0.09433691876887909,0.09433691876887909,0.09433691876887916,0.09433691876887923,0.09433691876887926,0.0943369187688793,0.0943369187688794,0.09433691876887938,0.09433691876887942,0.09433691876887954,0.09433691876887951,0.09433691876887956,0.09433691876887959,0.09433691876887965,0.09433691876887972,0.09433691876887972,0.09433691876887976,0.09433691876887984,0.09433691876887983,0.0943369187688799,0.09433691876887988,0.09433691876887995,0.09433691876888,0.09433691876888002,0.09433691876888005,0.09433691876888017,0.09433691876888031,0.09433691876888026,0.09433691876888034,0.09433691876888034,0.09433691876888038,0.09433691876888052,0.09433691876888048,0.09433691876888053,0.09433691876888062,0.09433691876888067,0.0943369187688807,0.09433691876888076,0.09433691876888076,0.09433691876888078,0.09433691876888092,0.09433691876888091,0.09433691876888094,0.09433691876888105,0.09433691876888102,0.09433691876888106,0.09433691876888117,0.09433691876888119,0.0943369187688812,0.0943369187688813,0.09433691876888144,0.09433691876888145,0.09433691876888148,0.09433691876888152,0.09433691876888152,0.09433691876888162,0.09433691876888178,0.09433691876888174,0.0943369187688818,0.0943369187688819,0.09433691876888202,0.094336918768882,0.09433691876888203,0.09433691876888216,0.09433691876888248,0.09433691876888249,0.0943369187688825,0.09433691876888255,0.09433691876888264,0.09433691876888278,0.0943369187688828,0.09433691876888287,0.09433691876888295,0.09433691876888295,0.09433691876888295,0.09433691876888313,0.09433691876888312,0.09433691876888314,0.09433691876888319,0.09433691876888323,0.09433691876888325,0.09433691876888328,0.09433691876888335,0.09433691876888343,0.09433691876888343,0.09433691876888348,0.09433691876888348,0.09433691876888346,0.09433691876888362,0.09433691876888371,0.09433691876888374,0.09433691876888406,0.09433691876888389,0.09433691876888409,0.09433691876888409,0.09433691876888414,0.09433691876888425,0.09433691876888436,0.09433691876888439,0.09433691876888445,0.09433691876888442,0.09433691876888448,0.09433691876888446,0.09433691876888452,0.09433691876888457,0.09433691876888464,0.09433691876888464,0.09433691876888471,0.09433691876888473,0.09433691876888481,0.09433691876888489,0.09433691876888486,0.09433691876888498,0.09433691876888493,0.09433691876888503,0.09433691876888507,0.09433691876888506,0.0943369187688851,0.09433691876888517,0.0943369187688852,0.0943369187688852,0.09433691876888531,0.09433691876888539,0.0943369187688854,0.09433691876888542,0.09433691876888542,0.0943369187688854,0.0943369187688854,0.0943369187688854,0.0943369187688854,0.0943369187688854,0.0943369187688854,0.09433691876888539,0.09433691876888543,0.09433691876888543,0.09433691876888543,0.09433691876888543,0.09433691876888543,0.09433691876888543,0.09433691876888543,0.09433691876888543,0.09433691876888546,0.09433691876888543,0.09433691876888543,0.09433691876888543,0.09433691876888543,0.09433691876888546,0.09433691876888543,0.09433691876888546,0.09433691876888543,0.09433691876888546,0.09433691876888546,0.0943369187688854,0.0943369187688854,0.09433691876888542,0.09433691876888542,0.09433691876888542,0.09433691876888542,0.09433691876888542,0.09433691876888542,0.09433691876888542,0.09433691876888542,0.09433691876888542,0.09433691876888542,0.09433691876888542,0.09433691876888542,0.09433691876888539,0.09433691876888539,0.09433691876888543,0.09433691876888543,0.09433691876888543,0.09433691876888543,0.09433691876888543,0.09433691876888546,0.09433691876888542,0.09433691876888542,0.09433691876888542,0.09433691876888539,0.09433691876888543,0.09433691876888543,0.09433691876888543,0.09433691876888543,0.09433691876888543,0.09433691876888543,0.09433691876888543,0.09433691876888543,0.09433691876888546,0.09433691876888546,0.09433691876888546,0.09433691876888543,0.09433691876888543,0.09433691876888543,0.09433691876888543,0.09433691876888543,0.09433691876888543,0.09433691876888543,0.09433691876888543,0.09433691876888543,0.09433691876888543,0.09433691876888543,0.09433691876888543,0.09433691876888543,0.09433691876888543,0.09433691876888543,0.09433691876888543,0.09433691876888543,0.09433691876888543,0.09433691876888545,0.09433691876888542,0.0943369187688854,0.0943369187688854,0.09433691876888539,0.09433691876888539,0.09433691876888539,0.09433691876888543,0.09433691876888543,0.09433691876888543,0.09433691876888543,0.09433691876888546,0.09433691876888546,0.09433691876888546,0.09433691876888546,0.09433691876888546,0.09433691876888543,0.09433691876888543,0.09433691876888546,0.09433691876888546,0.09433691876888546,0.09433691876888546,0.09433691876888546,0.09433691876888546,0.09433691876888546,0.09433691876888547,0.09433691876888546,0.09433691876888546,0.09433691876888546,0.09433691876888547,0.09433691876888546,0.09433691876888546,0.09433691876888546,0.09433691876888546,0.09433691876888547,0.09433691876888547,0.09433691876888546,0.09433691876888546,0.09433691876888546,0.09433691876888546,0.09433691876888546,0.09433691876888546,0.09433691876888546,0.09433691876888546,0.09433691876888546,0.09433691876888546,0.09433691876888546,0.09433691876888546,0.09433691876888546,0.09433691876888546,0.09433691876888546,0.09433691876888546,0.09433691876888546,0.09433691876888546,0.09433691876888546,0.09433691876888546,0.09433691876888546,0.09433691876888546,0.09433691876888546,0.09433691876888547,0.09433691876888546,0.09433691876888546,0.09433691876888546,0.09433691876888546,0.09433691876888546,0.09433691876888546,0.09433691876888547,0.09433691876888546,0.09433691876888547,0.09433691876888547,0.09433691876888546,0.09433691876888547,0.09433691876888546,0.09433691876888546,0.09433691876888546,0.09433691876888546,0.09433691876888546,0.09433691876888546,0.09433691876888546,0.09433691876888546,0.09433691876888546,0.09433691876888546,0.09433691876888547,0.09433691876888546,0.09433691876888546,0.09433691876888546,0.09433691876888546,0.09433691876888546,0.09433691876888546,0.09433691876888546,0.09433691876888546,0.09433691876888546,0.09433691876888546,0.09433691876888547,0.09433691876888543,0.09433691876888543,0.09433691876888546,0.09433691876888545,0.09433691876888546,0.09433691876888546,0.09433691876888542,0.09433691876888547,0.09433691876888546,0.09433691876888546,0.09433691876888546,0.09433691876888542,0.09433691876888542,0.09433691876888542,0.09433691876888542,0.09433691876888542,0.09433691876888542,0.09433691876888542,0.09433691876888542,0.09433691876888542,0.09433691876888542,0.09433691876888542,0.09433691876888539,0.09433691876888539,0.09433691876888542,0.09433691876888542,0.09433691876888542,0.09433691876888542,0.09433691876888542,0.09433691876888542,0.09433691876888542,0.09433691876888542,0.09433691876888539,0.09433691876888539,0.09433691876888542,0.09433691876888542,0.09433691876888542,0.09433691876888542,0.09433691876888542,0.09433691876888542,0.09433691876888542,0.09433691876888542,0.09433691876888542,0.09433691876888542,0.09433691876888542,0.0943369187688854,0.09433691876888542,0.09433691876888542,0.0943369187688854,0.09433691876888545,0.09433691876888545,0.09433691876888545,0.09433691876888545,0.09433691876888545,0.09433691876888545,0.09433691876888545,0.09433691876888545,0.09433691876888545,0.09433691876888545,0.09433691876888545,0.09433691876888545,0.09433691876888547,0.09433691876888547,0.09433691876888547,0.09433691876888546,0.09433691876888546,0.09433691876888546,0.09433691876888547,0.09433691876888542,0.09433691876888542,0.09433691876888542,0.09433691876888542,0.09433691876888542,0.09433691876888542,0.09433691876888542,0.09433691876888542,0.09433691876888542,0.09433691876888542,0.09433691876888542,0.09433691876888542,0.0943369187688854,0.09433691876888542,0.09433691876888542,0.09433691876888542,0.09433691876888542,0.09433691876888542,0.09433691876888542,0.09433691876888542,0.09433691876888542,0.09433691876888542,0.09433691876888542,0.09433691876888542,0.09433691876888542,0.09433691876888542,0.09433691876888539,0.09433691876888539,0.09433691876888542,0.09433691876888542,0.09433691876888542,0.09433691876888542,0.09433691876888542,0.09433691876888539,0.09433691876888539,0.09433691876888542,0.09433691876888542,0.09433691876888542,0.09433691876888542,0.09433691876888542,0.09433691876888542,0.09433691876888542,0.09433691876888542,0.09433691876888542,0.09433691876888539,0.09433691876888539,0.09433691876888539,0.09433691876888539,0.09433691876888539,0.09433691876888542,0.09433691876888542,0.09433691876888542,0.09433691876888542,0.09433691876888542,0.09433691876888542,0.09433691876888539,0.09433691876888542,0.09433691876888542,0.09433691876888542,0.09433691876888542,0.09433691876888542,0.09433691876888542,0.09433691876888542,0.09433691876888542,0.09433691876888542,0.0943369187688854,0.09433691876888539,0.09433691876888539,0.09433691876888539,0.09433691876888542,0.09433691876888542,0.09433691876888542,0.0943369187688854,0.0943369187688854,0.0943369187688854,0.0943369187688854,0.0943369187688854,0.09433691876888539,0.09433691876888539,0.09433691876888542,0.09433691876888539,0.0943369187688854,0.0943369187688854,0.09433691876888542,0.09433691876888542,0.09433691876888539,0.09433691876888542,0.0943369187688854,0.09433691876888539,0.0943369187688854,0.09433691876888539,0.0943369187688854,0.0943369187688854,0.09433691876888542,0.0943369187688854,0.0943369187688854,0.0943369187688854,0.0943369187688854,0.09433691876888542,0.09433691876888542,0.09433691876888542,0.09433691876888542,0.09433691876888542,0.09433691876888542,0.09433691876888542,0.09433691876888542,0.09433691876888542,0.09433691876888542,0.09433691876888542,0.09433691876888542,0.09433691876888542,0.09433691876888542,0.09433691876888542,0.09433691876888542,0.09433691876888542,0.09433691876888542,0.09433691876888542,0.09433691876888542,0.09433691876888542,0.09433691876888542,0.09433691876888542,0.09433691876888539,0.09433691876888539,0.09433691876888542,0.09433691876888539,0.09433691876888542,0.09433691876888542,0.09433691876888539,0.09433691876888542,0.09433691876888542,0.09433691876888542,0.09433691876888542,0.09433691876888542,0.09433691876888542,0.09433691876888542,0.09433691876888539,0.09433691876888542,0.09433691876888542,0.09433691876888542,0.09433691876888542,0.0943369187688854,0.0943369187688854,0.09433691876888539,0.09433691876888539,0.09433691876888539,0.09433691876888538,0.0943369187688854,0.0943369187688854,0.0943369187688854,0.0943369187688854,0.0943369187688854,0.09433691876888539,0.09433691876888539,0.0943369187688854,0.0943369187688854,0.09433691876888539,0.09433691876888539,0.09433691876888539,0.0943369187688854,0.0943369187688854,0.0943369187688854,0.0943369187688854,0.0943369187688854,0.0943369187688854,0.0943369187688854,0.0943369187688854,0.09433691876888539,0.0943369187688854,0.0943369187688854,0.0943369187688854,0.09433691876888539,0.0943369187688854,0.09433691876888539,0.0943369187688854,0.0943369187688854,0.0943369187688854,0.0943369187688854,0.09433691876888538,0.0943369187688854,0.0943369187688854,0.0943369187688854,0.0943369187688854,0.0943369187688854,0.0943369187688854,0.0943369187688854,0.0943369187688854,0.0943369187688854,0.0943369187688854,0.09433691876888542,0.09433691876888542,0.0943369187688854,0.0943369187688854,0.0943369187688854,0.09433691876888542,0.09433691876888542,0.09433691876888539,0.09433691876888542,0.09433691876888539,0.0943369187688854,0.09433691876888542,0.09433691876888539,0.09433691876888539,0.09433691876888542,0.09433691876888542,0.09433691876888542,0.09433691876888539,0.09433691876888542,0.09433691876888542,0.09433691876888542,0.09433691876888542,0.09433691876888542,0.09433691876888542,0.09433691876888542,0.09433691876888542,0.09433691876888542,0.0943369187688854,0.0943369187688854,0.09433691876888542,0.09433691876888542,0.0943369187688854,0.09433691876888542,0.09433691876888542,0.09433691876888542,0.09433691876888539,0.09433691876888542,0.09433691876888542,0.09433691876888539,0.09433691876888542,0.09433691876888542,0.09433691876888542,0.09433691876888542,0.09433691876888542,0.09433691876888542,0.09433691876888542,0.09433691876888542,0.09433691876888542,0.09433691876888542,0.09433691876888542,0.09433691876888539,0.09433691876888539,0.09433691876888542,0.09433691876888542,0.09433691876888539,0.09433691876888539,0.0943369187688854,0.09433691876888539,0.09433691876888539,0.09433691876888539,0.09433691876888539,0.0943369187688854,0.0943369187688854,0.0943369187688854,0.09433691876888539,0.09433691876888539,0.09433691876888542,0.09433691876888539,0.09433691876888539,0.09433691876888539,0.0943369187688854,0.09433691876888539,0.09433691876888539,0.09433691876888542,0.09433691876888542,0.09433691876888542,0.09433691876888542,0.09433691876888542,0.0943369187688854,0.0943369187688854,0.09433691876888542,0.09433691876888542,0.09433691876888542,0.09433691876888542,0.09433691876888542,0.09433691876888542,0.09433691876888542,0.09433691876888542,0.09433691876888542,0.0943369187688854,0.09433691876888542,0.09433691876888542,0.0943369187688854,0.09433691876888542,0.09433691876888542,0.09433691876888542,0.09433691876888542,0.09433691876888542,0.09433691876888542,0.09433691876888542,0.09433691876888542,0.0943369187688854,0.09433691876888542,0.09433691876888542,0.09433691876888539,0.09433691876888542,0.09433691876888542,0.09433691876888542,0.09433691876888542,0.09433691876888542,0.09433691876888542,0.09433691876888539,0.09433691876888539,0.09433691876888542,0.09433691876888542,0.09433691876888539,0.09433691876888542,0.09433691876888542,0.09433691876888539,0.09433691876888542,0.09433691876888542,0.09433691876888542,0.09433691876888542,0.09433691876888542,0.09433691876888542,0.09433691876888542,0.09433691876888542,0.09433691876888542,0.09433691876888542,0.09433691876888542,0.09433691876888542,0.09433691876888542,0.09433691876888542,0.09433691876888539,0.09433691876888539,0.09433691876888539,0.09433691876888542,0.09433691876888539,0.09433691876888539,0.09433691876888542,0.09433691876888542,0.09433691876888539,0.09433691876888542,0.09433691876888542,0.09433691876888539,0.09433691876888539,0.09433691876888542,0.09433691876888542,0.09433691876888542,0.09433691876888542,0.09433691876888539,0.09433691876888542,0.09433691876888539,0.09433691876888542,0.09433691876888542,0.09433691876888539,0.09433691876888542,0.09433691876888539,0.09433691876888542,0.09433691876888542,0.09433691876888539,0.09433691876888542,0.09433691876888542,0.09433691876888542,0.09433691876888542,0.09433691876888542,0.09433691876888542,0.0943369187688854,0.09433691876888542,0.09433691876888542,0.09433691876888542,0.09433691876888542,0.09433691876888542,0.09433691876888542,0.09433691876888542,0.09433691876888542,0.09433691876888542,0.09433691876888542,0.0943369187688854,0.09433691876888542,0.09433691876888542,0.09433691876888542,0.09433691876888542,0.09433691876888542,0.09433691876888542,0.09433691876888542,0.09433691876888542,0.09433691876888542,0.09433691876888542,0.09433691876888542,0.09433691876888542,0.09433691876888542,0.09433691876888542,0.09433691876888542,0.09433691876888542,0.09433691876888542,0.09433691876888542,0.09433691876888542,0.09433691876888542,0.09433691876888542,0.09433691876888542,0.09433691876888542,0.09433691876888539,0.09433691876888539,0.09433691876888539,0.09433691876888539,0.09433691876888539,0.09433691876888542,0.09433691876888542,0.09433691876888539,0.09433691876888539,0.09433691876888539,0.09433691876888542,0.09433691876888539,0.09433691876888542,0.09433691876888542,0.09433691876888542,0.09433691876888539,0.09433691876888542,0.09433691876888542,0.09433691876888542,0.09433691876888539,0.09433691876888542,0.09433691876888542,0.09433691876888542,0.09433691876888542,0.09433691876888542,0.09433691876888542,0.09433691876888542,0.09433691876888542,0.09433691876888542,0.09433691876888542,0.09433691876888542,0.09433691876888542,0.09433691876888542,0.09433691876888542,0.09433691876888542,0.09433691876888542,0.09433691876888542,0.09433691876888542,0.09433691876888542,0.09433691876888542,0.0943369187688854,0.09433691876888539,0.09433691876888539,0.09433691876888542,0.09433691876888542,0.09433691876888542,0.0943369187688854,0.0943369187688854,0.09433691876888539,0.09433691876888542,0.0943369187688854,0.0943369187688854,0.09433691876888539,0.09433691876888539,0.09433691876888539,0.09433691876888539,0.09433691876888539,0.0943369187688854,0.0943369187688854,0.09433691876888539,0.0943369187688854,0.0943369187688854,0.09433691876888539,0.09433691876888539,0.0943369187688854,0.0943369187688854,0.09433691876888539,0.0943369187688854,0.09433691876888539,0.0943369187688854,0.09433691876888539,0.0943369187688854,0.0943369187688854,0.0943369187688854,0.09433691876888542,0.09433691876888542,0.09433691876888542,0.0943369187688854,0.0943369187688854,0.0943369187688854,0.0943369187688854,0.09433691876888542,0.09433691876888542,0.09433691876888542,0.09433691876888542,0.09433691876888542,0.09433691876888542,0.09433691876888542,0.09433691876888542,0.09433691876888542,0.09433691876888542,0.09433691876888542,0.09433691876888542,0.09433691876888542,0.09433691876888542,0.09433691876888542,0.09433691876888542,0.09433691876888542,0.09433691876888542,0.09433691876888542,0.09433691876888542,0.09433691876888542,0.09433691876888542,0.09433691876888542,0.09433691876888542,0.09433691876888542,0.09433691876888542,0.09433691876888539,0.09433691876888542,0.09433691876888539,0.09433691876888542,0.09433691876888539,0.09433691876888542,0.09433691876888542,0.09433691876888539,0.09433691876888542,0.09433691876888542,0.09433691876888542,0.09433691876888542,0.09433691876888539,0.09433691876888542,0.09433691876888542,0.09433691876888542,0.09433691876888542,0.09433691876888542,0.09433691876888542,0.09433691876888542,0.09433691876888542,0.09433691876888542,0.09433691876888539,0.09433691876888539,0.09433691876888539,0.09433691876888539,0.09433691876888539,0.09433691876888539,0.09433691876888542,0.09433691876888542,0.09433691876888539,0.09433691876888539,0.09433691876888539,0.09433691876888539,0.09433691876888539,0.09433691876888539,0.0943369187688854,0.0943369187688854,0.0943369187688854,0.09433691876888539,0.09433691876888542,0.09433691876888542,0.09433691876888542,0.09433691876888542,0.09433691876888542,0.09433691876888542,0.09433691876888542,0.09433691876888542,0.09433691876888542,0.09433691876888542,0.09433691876888542,0.09433691876888542,0.09433691876888542,0.09433691876888542,0.09433691876888542,0.0943369187688854,0.09433691876888542,0.0943369187688854,0.09433691876888542,0.09433691876888542,0.0943369187688854,0.0943369187688854,0.09433691876888542,0.09433691876888542,0.09433691876888542,0.09433691876888542,0.0943369187688854,0.09433691876888542,0.0943369187688854,0.09433691876888542,0.09433691876888542,0.09433691876888543,0.09433691876888543,0.09433691876888543,0.09433691876888542,0.09433691876888543,0.09433691876888543,0.09433691876888542,0.09433691876888542,0.09433691876888542,0.09433691876888542,0.09433691876888542,0.09433691876888542,0.09433691876888542,0.09433691876888542,0.09433691876888542,0.09433691876888542,0.09433691876888542,0.09433691876888542,0.09433691876888542,0.09433691876888542,0.09433691876888542,0.09433691876888542,0.09433691876888539,0.09433691876888542,0.09433691876888542,0.09433691876888542,0.09433691876888542,0.09433691876888542,0.09433691876888542,0.09433691876888539,0.09433691876888542,0.09433691876888542,0.09433691876888542,0.09433691876888542,0.09433691876888542,0.09433691876888542,0.09433691876888542,0.09433691876888542,0.09433691876888542,0.09433691876888542,0.09433691876888542,0.09433691876888542,0.09433691876888542,0.09433691876888542,0.09433691876888542,0.09433691876888542,0.09433691876888539,0.09433691876888542,0.09433691876888542,0.09433691876888539,0.09433691876888542,0.09433691876888539,0.09433691876888539,0.09433691876888542,0.09433691876888539,0.09433691876888542,0.09433691876888542,0.09433691876888542,0.09433691876888542,0.09433691876888542,0.09433691876888539,0.09433691876888542,0.09433691876888539,0.09433691876888542,0.09433691876888542,0.09433691876888542,0.09433691876888542,0.09433691876888542,0.09433691876888542,0.09433691876888542,0.09433691876888542,0.09433691876888539,0.09433691876888539,0.0943369187688854,0.09433691876888539,0.09433691876888539,0.09433691876888542,0.09433691876888539,0.09433691876888542,0.09433691876888542,0.09433691876888542,0.09433691876888542,0.09433691876888539,0.09433691876888539,0.09433691876888542,0.0943369187688854,0.09433691876888542,0.09433691876888542,0.0943369187688854,0.09433691876888542,0.09433691876888542,0.09433691876888542,0.09433691876888542,0.0943369187688854,0.09433691876888542,0.09433691876888542,0.0943369187688854,0.09433691876888542,0.09433691876888542,0.09433691876888542,0.09433691876888542,0.09433691876888542,0.09433691876888542,0.09433691876888542,0.09433691876888542,0.09433691876888542,0.09433691876888542,0.09433691876888542,0.09433691876888542,0.09433691876888542,0.09433691876888542,0.09433691876888542,0.09433691876888542,0.09433691876888539,0.09433691876888539,0.09433691876888539,0.09433691876888539,0.09433691876888539,0.09433691876888539,0.09433691876888539,0.09433691876888539,0.09433691876888539,0.09433691876888542,0.09433691876888542,0.09433691876888542,0.09433691876888542,0.09433691876888542,0.09433691876888539,0.09433691876888539,0.09433691876888539,0.09433691876888539,0.09433691876888539,0.09433691876888539,0.09433691876888539,0.09433691876888542,0.09433691876888542,0.09433691876888542,0.09433691876888542,0.09433691876888539,0.09433691876888542,0.09433691876888542,0.09433691876888542,0.09433691876888542,0.09433691876888542,0.09433691876888542,0.09433691876888542,0.09433691876888542,0.09433691876888542,0.09433691876888542,0.09433691876888542,0.09433691876888542,0.09433691876888542,0.09433691876888542,0.09433691876888542,0.09433691876888542,0.09433691876888542,0.09433691876888542,0.09433691876888542,0.09433691876888539,0.09433691876888542,0.09433691876888542,0.09433691876888542,0.09433691876888542,0.09433691876888542,0.09433691876888542,0.09433691876888542,0.09433691876888542,0.09433691876888542,0.09433691876888542,0.09433691876888542,0.0943369187688854,0.0943369187688854,0.09433691876888542,0.09433691876888542,0.0943369187688854,0.0943369187688854,0.0943369187688854,0.0943369187688854,0.0943369187688854,0.09433691876888539,0.09433691876888539,0.0943369187688854,0.0943369187688854,0.0943369187688854,0.0943369187688854,0.0943369187688854,0.09433691876888539,0.09433691876888539,0.0943369187688854,0.0943369187688854,0.0943369187688854,0.09433691876888539,0.09433691876888539,0.0943369187688854,0.09433691876888539,0.09433691876888539,0.09433691876888539,0.09433691876888539,0.09433691876888539,0.09433691876888542,0.09433691876888542,0.09433691876888542,0.09433691876888542,0.09433691876888539,0.09433691876888539,0.09433691876888539,0.09433691876888542,0.09433691876888542,0.09433691876888542,0.09433691876888542,0.09433691876888542,0.09433691876888542,0.09433691876888542,0.09433691876888542,0.09433691876888542,0.09433691876888542,0.09433691876888542,0.09433691876888542,0.09433691876888542,0.09433691876888542,0.09433691876888542,0.09433691876888542,0.09433691876888542,0.09433691876888542,0.09433691876888542,0.09433691876888539,0.09433691876888542,0.09433691876888542,0.09433691876888542,0.09433691876888542,0.09433691876888542,0.09433691876888542,0.09433691876888542,0.09433691876888542,0.09433691876888542,0.09433691876888542,0.09433691876888542,0.09433691876888539,0.09433691876888539,0.09433691876888539,0.09433691876888542,0.09433691876888542,0.09433691876888542,0.09433691876888542,0.09433691876888542,0.09433691876888539,0.09433691876888539,0.09433691876888542,0.09433691876888539,0.09433691876888542,0.09433691876888539,0.09433691876888539,0.09433691876888539,0.09433691876888539,0.0943369187688854,0.0943369187688854,0.09433691876888539,0.09433691876888539,0.09433691876888539,0.09433691876888542,0.09433691876888539,0.09433691876888542,0.09433691876888542,0.09433691876888542,0.09433691876888539,0.0943369187688854,0.09433691876888542,0.09433691876888539,0.09433691876888539,0.09433691876888542,0.09433691876888542,0.0943369187688854,0.09433691876888542,0.09433691876888542,0.09433691876888542,0.09433691876888542,0.09433691876888542,0.09433691876888542,0.09433691876888542,0.09433691876888542,0.09433691876888542,0.09433691876888542,0.09433691876888542,0.09433691876888542,0.09433691876888542,0.09433691876888542,0.09433691876888542,0.09433691876888542,0.09433691876888542,0.09433691876888542,0.0943369187688854,0.0943369187688854,0.0943369187688854,0.09433691876888543,0.0943369187688854,0.09433691876888543,0.09433691876888543,0.09433691876888543,0.0943369187688854,0.0943369187688854,0.09433691876888543,0.0943369187688854,0.09433691876888543,0.09433691876888543,0.09433691876888543,0.09433691876888543,0.09433691876888543,0.09433691876888543,0.09433691876888543,0.09433691876888543,0.0943369187688854,0.09433691876888543,0.09433691876888543,0.09433691876888542,0.09433691876888543,0.09433691876888543,0.09433691876888543,0.09433691876888543,0.09433691876888543,0.09433691876888542,0.09433691876888542,0.0943369187688854,0.0943369187688854,0.0943369187688854,0.0943369187688854,0.0943369187688854,0.09433691876888542,0.0943369187688854,0.0943369187688854,0.0943369187688854,0.0943369187688854,0.09433691876888542,0.0943369187688854,0.09433691876888539,0.09433691876888539,0.09433691876888539,0.09433691876888542,0.09433691876888542,0.09433691876888542,0.09433691876888542,0.09433691876888542,0.09433691876888539,0.0943369187688854,0.0943369187688854,0.09433691876888539,0.09433691876888539,0.09433691876888539,0.09433691876888539,0.09433691876888539,0.0943369187688854,0.0943369187688854,0.09433691876888542,0.09433691876888542,0.09433691876888542,0.09433691876888542,0.09433691876888542,0.09433691876888539,0.09433691876888539,0.09433691876888542,0.09433691876888542,0.09433691876888542,0.09433691876888542,0.09433691876888542,0.09433691876888542,0.09433691876888539,0.09433691876888542,0.09433691876888542,0.09433691876888539,0.09433691876888542,0.09433691876888542,0.09433691876888539,0.09433691876888542,0.09433691876888542,0.09433691876888542,0.09433691876888542,0.0943369187688854,0.09433691876888542,0.09433691876888542,0.09433691876888542,0.09433691876888542,0.09433691876888542,0.09433691876888542,0.09433691876888542,0.09433691876888542,0.09433691876888543,0.09433691876888542,0.09433691876888542,0.09433691876888542,0.09433691876888542,0.09433691876888542,0.09433691876888542,0.09433691876888542,0.0943369187688854,0.09433691876888543,0.09433691876888542,0.09433691876888542,0.09433691876888542,0.09433691876888539,0.09433691876888539,0.09433691876888542,0.09433691876888542,0.09433691876888542,0.09433691876888539,0.09433691876888539,0.09433691876888542,0.09433691876888542,0.09433691876888542,0.09433691876888542,0.09433691876888539,0.09433691876888542,0.09433691876888542,0.09433691876888542,0.09433691876888542,0.09433691876888542,0.09433691876888542,0.09433691876888542,0.09433691876888542,0.09433691876888542,0.09433691876888542,0.09433691876888542,0.09433691876888542,0.09433691876888542,0.09433691876888542,0.09433691876888542,0.09433691876888542,0.09433691876888542,0.09433691876888542,0.09433691876888542,0.09433691876888542,0.09433691876888542,0.09433691876888542,0.09433691876888542,0.09433691876888542,0.09433691876888542,0.09433691876888542,0.09433691876888542,0.09433691876888542,0.09433691876888542,0.09433691876888542,0.09433691876888542,0.09433691876888539,0.0943369187688854,0.09433691876888539,0.09433691876888542,0.09433691876888539,0.09433691876888542,0.09433691876888539,0.09433691876888542,0.09433691876888539,0.09433691876888542,0.09433691876888542,0.09433691876888539,0.09433691876888542,0.09433691876888539,0.09433691876888542,0.09433691876888539,0.09433691876888542,0.0943369187688854,0.0943369187688854,0.0943369187688854,0.0943369187688854,0.0943369187688854,0.09433691876888539,0.09433691876888542,0.09433691876888542,0.09433691876888542,0.0943369187688854,0.0943369187688854,0.0943369187688854,0.0943369187688854,0.0943369187688854,0.0943369187688854,0.0943369187688854,0.0943369187688854,0.0943369187688854,0.0943369187688854,0.0943369187688854,0.0943369187688854,0.0943369187688854,0.0943369187688854,0.0943369187688854,0.0943369187688854,0.0943369187688854,0.0943369187688854,0.09433691876888539,0.09433691876888539,0.09433691876888539,0.09433691876888539,0.09433691876888539,0.09433691876888539,0.09433691876888539,0.09433691876888539,0.09433691876888539,0.09433691876888539,0.09433691876888539,0.09433691876888539,0.09433691876888539,0.09433691876888539,0.09433691876888539,0.09433691876888539,0.09433691876888539,0.09433691876888539,0.09433691876888539,0.0943369187688854,0.09433691876888539,0.09433691876888539,0.09433691876888539,0.09433691876888539,0.09433691876888539,0.09433691876888539,0.09433691876888539,0.0943369187688854,0.0943369187688854,0.0943369187688854,0.0943369187688854,0.0943369187688854,0.09433691876888539,0.09433691876888539,0.0943369187688854,0.09433691876888539,0.0943369187688854,0.09433691876888539,0.0943369187688854,0.09433691876888539,0.0943369187688854,0.0943369187688854,0.0943369187688854,0.09433691876888539,0.0943369187688854,0.0943369187688854,0.09433691876888539,0.0943369187688854,0.0943369187688854,0.0943369187688854,0.0943369187688854,0.0943369187688854,0.0943369187688854,0.0943369187688854,0.09433691876888539,0.0943369187688854,0.09433691876888539,0.0943369187688854,0.0943369187688854,0.0943369187688854,0.0943369187688854,0.0943369187688854,0.0943369187688854,0.0943369187688854,0.0943369187688854,0.0943369187688854,0.0943369187688854,0.0943369187688854,0.0943369187688854,0.0943369187688854,0.0943369187688854,0.0943369187688854,0.0943369187688854,0.0943369187688854,0.0943369187688854,0.0943369187688854,0.09433691876888542,0.09433691876888542,0.09433691876888542,0.0943369187688854,0.09433691876888542,0.09433691876888542,0.09433691876888542,0.09433691876888542,0.09433691876888542,0.09433691876888539,0.0943369187688854,0.09433691876888542,0.09433691876888539,0.09433691876888542,0.09433691876888539,0.09433691876888542,0.09433691876888542,0.0943369187688854,0.09433691876888542,0.09433691876888542,0.0943369187688854,0.09433691876888542,0.09433691876888542,0.09433691876888542,0.09433691876888542,0.09433691876888542,0.09433691876888542,0.09433691876888542,0.09433691876888539,0.09433691876888542,0.09433691876888542,0.0943369187688854,0.09433691876888542,0.09433691876888539,0.09433691876888542,0.09433691876888542,0.0943369187688854,0.09433691876888542,0.09433691876888542,0.09433691876888542,0.09433691876888542,0.09433691876888542,0.09433691876888542,0.09433691876888542,0.09433691876888542,0.09433691876888542,0.09433691876888542,0.09433691876888542,0.09433691876888542,0.09433691876888542,0.09433691876888542,0.0943369187688854,0.09433691876888542,0.0943369187688854,0.09433691876888542,0.0943369187688854,0.09433691876888542,0.09433691876888542,0.09433691876888542,0.09433691876888542,0.09433691876888542,0.09433691876888542,0.09433691876888542,0.0943369187688854,0.09433691876888542,0.09433691876888542,0.09433691876888542,0.09433691876888542,0.09433691876888542,0.09433691876888542,0.09433691876888542,0.09433691876888542,0.0943369187688854,0.0943369187688854,0.0943369187688854,0.0943369187688854,0.0943369187688854,0.09433691876888539,0.09433691876888539,0.09433691876888539,0.0943369187688854,0.0943369187688854,0.0943369187688854,0.0943369187688854,0.0943369187688854,0.0943369187688854,0.0943369187688854,0.0943369187688854,0.0943369187688854,0.0943369187688854,0.0943369187688854,0.0943369187688854,0.0943369187688854,0.0943369187688854,0.0943369187688854,0.0943369187688854,0.0943369187688854,0.0943369187688854,0.09433691876888542,0.09433691876888542,0.09433691876888542,0.09433691876888542,0.09433691876888542,0.09433691876888542,0.09433691876888542,0.09433691876888542,0.09433691876888542,0.09433691876888542,0.09433691876888542,0.09433691876888542,0.09433691876888542,0.09433691876888542,0.0943369187688854,0.09433691876888542,0.09433691876888542,0.09433691876888542,0.09433691876888542,0.0943369187688854,0.0943369187688854,0.09433691876888542,0.0943369187688854,0.0943369187688854,0.0943369187688854,0.0943369187688854,0.0943369187688854,0.0943369187688854,0.09433691876888542,0.09433691876888542,0.0943369187688854,0.0943369187688854,0.0943369187688854,0.09433691876888542,0.0943369187688854,0.0943369187688854,0.09433691876888542,0.09433691876888542,0.0943369187688854,0.09433691876888542,0.09433691876888542,0.0943369187688854,0.0943369187688854,0.09433691876888542,0.09433691876888542,0.09433691876888542,0.0943369187688854,0.09433691876888542,0.09433691876888542,0.09433691876888542,0.09433691876888542,0.09433691876888542,0.09433691876888542,0.09433691876888542,0.09433691876888542,0.09433691876888542,0.09433691876888542,0.09433691876888542,0.09433691876888542,0.09433691876888542,0.0943369187688854,0.0943369187688854,0.0943369187688854,0.0943369187688854,0.0943369187688854,0.0943369187688854,0.0943369187688854,0.0943369187688854,0.0943369187688854,0.0943369187688854,0.0943369187688854,0.0943369187688854,0.0943369187688854,0.09433691876888539,0.09433691876888539,0.09433691876888539,0.09433691876888539,0.09433691876888539,0.09433691876888539,0.09433691876888539,0.0943369187688854,0.09433691876888539,0.0943369187688854,0.09433691876888539,0.0943369187688854,0.09433691876888539,0.09433691876888539,0.0943369187688854,0.09433691876888539,0.0943369187688854,0.09433691876888539,0.0943369187688854,0.09433691876888539,0.0943369187688854,0.09433691876888539,0.0943369187688854,0.09433691876888539,0.0943369187688854,0.0943369187688854,0.0943369187688854,0.0943369187688854,0.0943369187688854,0.09433691876888542,0.09433691876888542,0.0943369187688854,0.0943369187688854,0.0943369187688854,0.09433691876888542,0.09433691876888542,0.0943369187688854,0.09433691876888542,0.09433691876888542,0.09433691876888542,0.0943369187688854,0.0943369187688854,0.0943369187688854,0.0943369187688854,0.0943369187688854,0.0943369187688854,0.0943369187688854,0.0943369187688854,0.0943369187688854,0.0943369187688854,0.0943369187688854,0.0943369187688854,0.0943369187688854,0.0943369187688854,0.0943369187688854,0.0943369187688854,0.0943369187688854,0.0943369187688854,0.0943369187688854,0.0943369187688854,0.0943369187688854,0.0943369187688854,0.09433691876888542,0.0943369187688854,0.0943369187688854,0.0943369187688854,0.0943369187688854,0.0943369187688854,0.09433691876888539,0.0943369187688854,0.0943369187688854,0.0943369187688854,0.0943369187688854,0.0943369187688854,0.0943369187688854,0.0943369187688854,0.0943369187688854,0.0943369187688854,0.0943369187688854,0.0943369187688854,0.0943369187688854,0.0943369187688854,0.0943369187688854,0.0943369187688854,0.0943369187688854,0.0943369187688854,0.0943369187688854,0.09433691876888539,0.09433691876888539,0.09433691876888539,0.0943369187688854,0.0943369187688854,0.0943369187688854,0.0943369187688854,0.0943369187688854,0.0943369187688854,0.0943369187688854,0.0943369187688854,0.09433691876888539,0.0943369187688854,0.0943369187688854,0.0943369187688854,0.0943369187688854,0.0943369187688854,0.0943369187688854,0.0943369187688854,0.0943369187688854,0.09433691876888539,0.0943369187688854,0.09433691876888539,0.0943369187688854,0.0943369187688854,0.0943369187688854,0.0943369187688854,0.0943369187688854,0.0943369187688854,0.0943369187688854,0.0943369187688854,0.0943369187688854,0.0943369187688854,0.0943369187688854,0.0943369187688854,0.0943369187688854,0.0943369187688854,0.0943369187688854,0.0943369187688854,0.0943369187688854,0.0943369187688854,0.0943369187688854,0.0943369187688854,0.0943369187688854,0.0943369187688854,0.0943369187688854,0.0943369187688854,0.0943369187688854,0.0943369187688854,0.0943369187688854,0.0943369187688854,0.0943369187688854,0.0943369187688854,0.0943369187688854,0.0943369187688854,0.0943369187688854,0.0943369187688854,0.0943369187688854,0.0943369187688854,0.0943369187688854,0.0943369187688854,0.09433691876888542,0.09433691876888542,0.09433691876888542,0.09433691876888539,0.09433691876888542,0.09433691876888539,0.09433691876888542,0.09433691876888542,0.09433691876888539,0.09433691876888542,0.09433691876888542,0.09433691876888539,0.09433691876888542,0.09433691876888539,0.09433691876888542,0.09433691876888542,0.09433691876888539,0.09433691876888542,0.09433691876888542,0.09433691876888542,0.09433691876888542,0.09433691876888542,0.09433691876888542,0.09433691876888542,0.09433691876888542,0.09433691876888542,0.0943369187688854,0.09433691876888542,0.0943369187688854,0.09433691876888542,0.09433691876888542,0.09433691876888542,0.09433691876888542,0.09433691876888542,0.09433691876888542,0.0943369187688854,0.09433691876888542,0.09433691876888542,0.09433691876888542,0.09433691876888542,0.09433691876888542,0.09433691876888542,0.09433691876888542,0.09433691876888542,0.09433691876888542,0.09433691876888542,0.09433691876888542,0.09433691876888542,0.09433691876888542,0.09433691876888542,0.09433691876888542,0.09433691876888542,0.09433691876888542,0.09433691876888542,0.09433691876888542,0.09433691876888539,0.09433691876888539,0.09433691876888542,0.09433691876888539,0.0943369187688854,0.09433691876888542,0.09433691876888542,0.09433691876888542,0.09433691876888542,0.09433691876888542,0.0943369187688854,0.09433691876888539,0.0943369187688854,0.09433691876888539,0.0943369187688854,0.09433691876888539,0.09433691876888539,0.0943369187688854,0.09433691876888539,0.09433691876888539,0.0943369187688854,0.0943369187688854,0.09433691876888539,0.09433691876888539,0.09433691876888539,0.0943369187688854,0.09433691876888539,0.09433691876888542,0.09433691876888542,0.09433691876888542,0.09433691876888539,0.09433691876888542,0.09433691876888539,0.09433691876888542,0.09433691876888539,0.09433691876888542,0.09433691876888542,0.09433691876888542,0.09433691876888542,0.09433691876888542,0.09433691876888542,0.09433691876888542,0.09433691876888542,0.09433691876888542,0.09433691876888542,0.09433691876888542,0.09433691876888542,0.09433691876888542,0.09433691876888542,0.09433691876888542,0.09433691876888542,0.09433691876888542,0.09433691876888542,0.09433691876888542,0.09433691876888542,0.09433691876888542,0.09433691876888542,0.09433691876888542,0.09433691876888542,0.09433691876888542,0.09433691876888542,0.09433691876888542,0.09433691876888542,0.09433691876888542,0.09433691876888542,0.09433691876888542,0.09433691876888542,0.09433691876888542,0.09433691876888542,0.09433691876888542,0.09433691876888542,0.09433691876888542,0.09433691876888539,0.09433691876888542,0.09433691876888542,0.09433691876888542,0.09433691876888542,0.09433691876888539,0.09433691876888542,0.09433691876888542,0.09433691876888542,0.09433691876888542,0.09433691876888542,0.09433691876888542,0.09433691876888542,0.09433691876888542,0.09433691876888542,0.09433691876888542,0.09433691876888542,0.09433691876888542,0.09433691876888542,0.09433691876888542,0.09433691876888542,0.0943369187688854,0.0943369187688854,0.0943369187688854,0.0943369187688854,0.0943369187688854,0.09433691876888539,0.0943369187688854,0.0943369187688854,0.09433691876888538,0.0943369187688854,0.09433691876888538,0.0943369187688854,0.0943369187688854,0.09433691876888539,0.09433691876888539,0.0943369187688854,0.09433691876888539,0.0943369187688854,0.09433691876888539,0.0943369187688854,0.0943369187688854,0.09433691876888538,0.0943369187688854,0.0943369187688854,0.0943369187688854,0.0943369187688854,0.09433691876888539,0.0943369187688854,0.0943369187688854,0.0943369187688854,0.0943369187688854,0.0943369187688854,0.0943369187688854,0.0943369187688854,0.0943369187688854,0.09433691876888542,0.09433691876888539,0.09433691876888539,0.09433691876888542,0.09433691876888539,0.09433691876888542,0.0943369187688854,0.09433691876888542,0.09433691876888542,0.09433691876888542,0.09433691876888542,0.09433691876888542,0.09433691876888539,0.0943369187688854,0.0943369187688854,0.09433691876888539,0.09433691876888542,0.09433691876888539,0.09433691876888542,0.09433691876888542,0.09433691876888539,0.09433691876888542,0.09433691876888539,0.09433691876888542,0.09433691876888542,0.09433691876888539,0.09433691876888542,0.09433691876888542,0.09433691876888539,0.09433691876888542,0.09433691876888542,0.09433691876888542,0.09433691876888542,0.09433691876888539,0.09433691876888539,0.09433691876888542,0.09433691876888542,0.09433691876888542,0.09433691876888542,0.0943369187688854,0.0943369187688854,0.0943369187688854,0.0943369187688854,0.0943369187688854,0.0943369187688854,0.0943369187688854,0.0943369187688854,0.0943369187688854,0.0943369187688854,0.0943369187688854,0.0943369187688854,0.0943369187688854,0.0943369187688854,0.0943369187688854,0.09433691876888538,0.09433691876888538,0.09433691876888538,0.0943369187688854,0.09433691876888538,0.09433691876888538,0.09433691876888538,0.09433691876888538,0.0943369187688854,0.0943369187688854,0.0943369187688854,0.09433691876888538,0.09433691876888538,0.09433691876888538,0.09433691876888538,0.0943369187688854,0.09433691876888538,0.09433691876888538,0.0943369187688854,0.0943369187688854,0.0943369187688854,0.09433691876888538,0.09433691876888538,0.09433691876888538,0.09433691876888538,0.09433691876888538,0.09433691876888538,0.09433691876888539,0.09433691876888539,0.09433691876888539,0.0943369187688854,0.0943369187688854,0.09433691876888538,0.09433691876888538,0.09433691876888538,0.0943369187688854,0.0943369187688854,0.0943369187688854,0.0943369187688854,0.0943369187688854,0.0943369187688854,0.0943369187688854,0.0943369187688854,0.0943369187688854,0.0943369187688854,0.0943369187688854,0.0943369187688854,0.09433691876888539,0.0943369187688854,0.0943369187688854,0.09433691876888542,0.09433691876888542,0.09433691876888542,0.09433691876888539,0.09433691876888539,0.0943369187688854,0.0943369187688854,0.0943369187688854,0.0943369187688854,0.09433691876888542,0.09433691876888542,0.09433691876888542,0.09433691876888542,0.09433691876888539,0.09433691876888539,0.0943369187688854,0.09433691876888538,0.0943369187688854,0.09433691876888539,0.0943369187688854,0.0943369187688854,0.0943369187688854,0.0943369187688854,0.0943369187688854,0.0943369187688854,0.09433691876888538,0.0943369187688854,0.0943369187688854,0.0943369187688854,0.0943369187688854,0.0943369187688854,0.0943369187688854,0.0943369187688854,0.0943369187688854,0.0943369187688854,0.0943369187688854,0.09433691876888542,0.09433691876888538,0.09433691876888542,0.09433691876888542,0.09433691876888538,0.0943369187688854,0.0943369187688854,0.09433691876888542,0.09433691876888542,0.09433691876888542,0.09433691876888542,0.0943369187688854,0.0943369187688854,0.0943369187688854,0.0943369187688854,0.0943369187688854,0.09433691876888542,0.09433691876888542,0.09433691876888542,0.09433691876888539,0.09433691876888542,0.09433691876888539,0.09433691876888542,0.09433691876888539,0.09433691876888542,0.09433691876888542,0.09433691876888542,0.09433691876888542,0.09433691876888542,0.09433691876888542,0.09433691876888542,0.09433691876888539,0.09433691876888542,0.09433691876888542,0.09433691876888542,0.09433691876888542,0.09433691876888542,0.09433691876888542,0.09433691876888542,0.09433691876888542,0.09433691876888542,0.09433691876888542,0.09433691876888542,0.09433691876888539,0.09433691876888539,0.09433691876888539,0.0943369187688854,0.0943369187688854,0.09433691876888542,0.09433691876888542,0.0943369187688854,0.0943369187688854,0.0943369187688854,0.0943369187688854,0.0943369187688854,0.0943369187688854,0.0943369187688854,0.0943369187688854,0.0943369187688854,0.09433691876888542,0.09433691876888542,0.09433691876888542,0.09433691876888542,0.09433691876888539,0.09433691876888542,0.09433691876888542,0.09433691876888542,0.09433691876888542,0.09433691876888542,0.09433691876888542,0.09433691876888542,0.09433691876888542,0.09433691876888542,0.09433691876888542,0.09433691876888539,0.09433691876888539,0.09433691876888542,0.09433691876888539,0.09433691876888542,0.09433691876888542,0.09433691876888542,0.09433691876888542,0.09433691876888542,0.09433691876888542,0.09433691876888542,0.09433691876888538,0.09433691876888539,0.09433691876888539,0.09433691876888539,0.09433691876888539,0.09433691876888539,0.09433691876888539,0.09433691876888539,0.09433691876888539,0.09433691876888539,0.09433691876888539,0.09433691876888539,0.09433691876888539,0.09433691876888539,0.09433691876888539,0.09433691876888539,0.09433691876888539,0.09433691876888539,0.09433691876888539,0.09433691876888539,0.09433691876888542,0.09433691876888539,0.09433691876888539,0.09433691876888539,0.09433691876888539,0.09433691876888542,0.09433691876888539,0.09433691876888539,0.09433691876888542,0.09433691876888539,0.09433691876888542,0.09433691876888539,0.09433691876888539,0.09433691876888542,0.09433691876888542,0.09433691876888539,0.09433691876888542,0.0943369187688854,0.09433691876888539,0.0943369187688854,0.09433691876888539,0.09433691876888539,0.09433691876888539,0.09433691876888539,0.09433691876888539,0.09433691876888539,0.09433691876888539,0.09433691876888539,0.09433691876888539,0.09433691876888539,0.0943369187688854,0.09433691876888539,0.09433691876888542,0.09433691876888539,0.09433691876888539,0.0943369187688854,0.09433691876888539,0.0943369187688854,0.09433691876888539,0.0943369187688854,0.0943369187688854,0.0943369187688854,0.0943369187688854,0.0943369187688854,0.0943369187688854,0.09433691876888542,0.09433691876888539,0.0943369187688854,0.0943369187688854,0.0943369187688854,0.0943369187688854,0.0943369187688854,0.0943369187688854,0.0943369187688854,0.09433691876888542,0.09433691876888542,0.09433691876888542,0.09433691876888542,0.09433691876888542,0.09433691876888542,0.09433691876888539,0.09433691876888539,0.09433691876888539,0.09433691876888539,0.09433691876888539,0.09433691876888539,0.09433691876888539,0.09433691876888539,0.09433691876888539,0.09433691876888539,0.09433691876888539,0.09433691876888539,0.09433691876888539,0.09433691876888542,0.09433691876888542,0.09433691876888542,0.09433691876888542,0.09433691876888542,0.09433691876888542,0.09433691876888542,0.09433691876888542,0.09433691876888542,0.09433691876888542,0.09433691876888542,0.09433691876888542,0.09433691876888542,0.09433691876888539,0.09433691876888539,0.09433691876888542,0.09433691876888542,0.09433691876888539,0.09433691876888542,0.09433691876888542,0.09433691876888539,0.0943369187688854,0.0943369187688854,0.0943369187688854,0.09433691876888542,0.09433691876888539,0.09433691876888542,0.0943369187688854,0.09433691876888539,0.09433691876888539,0.0943369187688854,0.09433691876888542,0.09433691876888542,0.09433691876888542,0.09433691876888542,0.09433691876888539,0.09433691876888542,0.09433691876888539,0.09433691876888542,0.09433691876888542,0.09433691876888542,0.0943369187688854,0.0943369187688854,0.0943369187688854,0.0943369187688854,0.09433691876888539,0.0943369187688854,0.0943369187688854,0.0943369187688854,0.0943369187688854,0.0943369187688854,0.0943369187688854,0.0943369187688854,0.0943369187688854,0.0943369187688854,0.0943369187688854,0.09433691876888538,0.0943369187688854,0.0943369187688854,0.0943369187688854,0.0943369187688854,0.0943369187688854,0.0943369187688854,0.0943369187688854,0.0943369187688854,0.0943369187688854,0.0943369187688854,0.0943369187688854,0.0943369187688854,0.09433691876888538,0.0943369187688854,0.0943369187688854,0.0943369187688854,0.0943369187688854,0.09433691876888539,0.0943369187688854,0.0943369187688854,0.09433691876888539,0.0943369187688854,0.09433691876888539,0.0943369187688854,0.09433691876888539,0.09433691876888542,0.09433691876888542,0.09433691876888542,0.09433691876888542,0.09433691876888542,0.09433691876888542,0.09433691876888542,0.09433691876888542,0.09433691876888539,0.09433691876888542,0.09433691876888542,0.09433691876888542,0.09433691876888542,0.09433691876888542,0.09433691876888542,0.09433691876888542,0.09433691876888542,0.09433691876888542,0.09433691876888542,0.0943369187688854,0.0943369187688854,0.0943369187688854,0.0943369187688854,0.0943369187688854,0.0943369187688854,0.0943369187688854,0.0943369187688854,0.09433691876888538,0.09433691876888538,0.09433691876888538,0.0943369187688854,0.0943369187688854,0.09433691876888538,0.0943369187688854,0.0943369187688854,0.09433691876888538,0.0943369187688854,0.0943369187688854,0.09433691876888539,0.0943369187688854,0.09433691876888538,0.0943369187688854,0.0943369187688854,0.09433691876888538,0.0943369187688854,0.0943369187688854,0.0943369187688854,0.0943369187688854,0.0943369187688854,0.0943369187688854,0.0943369187688854,0.0943369187688854,0.0943369187688854,0.0943369187688854,0.0943369187688854,0.09433691876888542,0.09433691876888542,0.09433691876888542,0.09433691876888542,0.0943369187688854,0.09433691876888538,0.09433691876888538,0.09433691876888542,0.09433691876888542,0.09433691876888542,0.09433691876888542,0.09433691876888542,0.09433691876888542,0.09433691876888542,0.09433691876888542,0.09433691876888539,0.09433691876888539,0.09433691876888542,0.0943369187688854,0.0943369187688854,0.09433691876888542,0.09433691876888542,0.09433691876888542,0.09433691876888542,0.09433691876888542,0.09433691876888542,0.09433691876888542,0.09433691876888542,0.09433691876888542,0.09433691876888542,0.09433691876888542,0.09433691876888542,0.09433691876888542,0.09433691876888542,0.09433691876888542,0.09433691876888542,0.09433691876888542,0.0943369187688854,0.09433691876888542,0.09433691876888542,0.09433691876888542,0.09433691876888542,0.09433691876888542,0.09433691876888542,0.09433691876888542,0.09433691876888542,0.09433691876888542,0.09433691876888542,0.09433691876888542,0.09433691876888542,0.09433691876888542,0.09433691876888542,0.09433691876888542,0.0943369187688854,0.09433691876888542,0.09433691876888542,0.09433691876888542,0.09433691876888542,0.09433691876888539,0.09433691876888542,0.09433691876888542,0.09433691876888542,0.09433691876888542,0.09433691876888542,0.09433691876888542,0.09433691876888542,0.09433691876888542,0.09433691876888542,0.09433691876888539,0.09433691876888539,0.09433691876888542,0.09433691876888539,0.09433691876888542,0.09433691876888539,0.09433691876888542,0.09433691876888542,0.09433691876888542,0.09433691876888542,0.09433691876888542,0.09433691876888539,0.09433691876888542,0.09433691876888542,0.09433691876888542,0.09433691876888542,0.09433691876888542,0.09433691876888542,0.09433691876888542,0.09433691876888542,0.09433691876888542,0.09433691876888542,0.09433691876888542,0.09433691876888542,0.09433691876888539,0.09433691876888542,0.09433691876888542,0.09433691876888542,0.09433691876888542,0.09433691876888542,0.09433691876888542,0.09433691876888542,0.09433691876888542,0.09433691876888542,0.09433691876888542,0.09433691876888542,0.09433691876888542,0.0943369187688854,0.0943369187688854,0.09433691876888542,0.0943369187688854,0.0943369187688854,0.0943369187688854,0.0943369187688854,0.09433691876888539,0.0943369187688854,0.0943369187688854,0.0943369187688854,0.0943369187688854,0.0943369187688854,0.0943369187688854,0.0943369187688854,0.0943369187688854,0.09433691876888542,0.0943369187688854,0.0943369187688854,0.0943369187688854,0.09433691876888542,0.09433691876888542,0.09433691876888542,0.09433691876888542,0.09433691876888542,0.09433691876888539,0.09433691876888539,0.09433691876888539,0.09433691876888539,0.09433691876888539,0.09433691876888539,0.09433691876888539,0.09433691876888539,0.09433691876888539,0.09433691876888539,0.09433691876888539,0.09433691876888539,0.09433691876888539,0.09433691876888539,0.09433691876888539,0.09433691876888539,0.09433691876888539,0.09433691876888539,0.09433691876888539,0.09433691876888539,0.09433691876888542,0.09433691876888542,0.09433691876888542,0.09433691876888539,0.09433691876888539,0.09433691876888539,0.09433691876888539,0.09433691876888539,0.09433691876888542,0.09433691876888542,0.09433691876888542,0.09433691876888542,0.09433691876888542,0.09433691876888542,0.09433691876888542,0.09433691876888542,0.09433691876888542,0.09433691876888542,0.09433691876888542,0.09433691876888542,0.09433691876888542,0.09433691876888542,0.09433691876888542,0.09433691876888542,0.09433691876888542,0.09433691876888539,0.09433691876888539,0.09433691876888539,0.09433691876888542,0.09433691876888542,0.09433691876888542,0.09433691876888542,0.09433691876888542,0.09433691876888542,0.09433691876888542,0.09433691876888542,0.09433691876888542,0.09433691876888542,0.09433691876888542,0.09433691876888542,0.09433691876888542,0.09433691876888542,0.09433691876888542,0.0943369187688854,0.0943369187688854,0.09433691876888542,0.09433691876888542,0.0943369187688854,0.09433691876888539,0.0943369187688854,0.0943369187688854,0.0943369187688854,0.0943369187688854,0.09433691876888542,0.0943369187688854,0.0943369187688854,0.0943369187688854,0.0943369187688854,0.09433691876888539,0.09433691876888539,0.0943369187688854,0.0943369187688854,0.0943369187688854,0.0943369187688854,0.0943369187688854,0.0943369187688854,0.0943369187688854,0.09433691876888539,0.0943369187688854,0.0943369187688854,0.0943369187688854,0.0943369187688854,0.0943369187688854,0.0943369187688854,0.0943369187688854,0.09433691876888542,0.09433691876888542,0.09433691876888542,0.09433691876888542,0.09433691876888542,0.09433691876888542,0.09433691876888542,0.09433691876888542,0.09433691876888542,0.09433691876888542,0.09433691876888542,0.09433691876888539,0.09433691876888542,0.09433691876888542,0.09433691876888542,0.09433691876888542,0.09433691876888539,0.09433691876888539,0.09433691876888542,0.09433691876888542,0.09433691876888542,0.09433691876888542,0.09433691876888542,0.09433691876888542,0.09433691876888539,0.09433691876888539,0.09433691876888539,0.09433691876888539,0.09433691876888542,0.09433691876888542,0.09433691876888542,0.09433691876888542,0.09433691876888542,0.09433691876888542,0.09433691876888542,0.09433691876888542,0.09433691876888539,0.09433691876888542,0.09433691876888542,0.09433691876888542,0.09433691876888542,0.09433691876888542,0.09433691876888542,0.0943369187688854,0.09433691876888542,0.09433691876888542,0.09433691876888539,0.09433691876888542,0.09433691876888539,0.09433691876888542,0.09433691876888542,0.09433691876888542,0.09433691876888542,0.09433691876888542,0.09433691876888542,0.0943369187688854,0.09433691876888539,0.09433691876888539,0.0943369187688854,0.09433691876888542,0.0943369187688854,0.09433691876888539,0.09433691876888539,0.0943369187688854,0.0943369187688854,0.0943369187688854,0.0943369187688854,0.0943369187688854,0.09433691876888538,0.09433691876888538,0.0943369187688854,0.09433691876888542,0.09433691876888542,0.09433691876888542,0.0943369187688854,0.0943369187688854,0.09433691876888539,0.09433691876888539,0.09433691876888542,0.09433691876888542,0.09433691876888542,0.09433691876888539,0.09433691876888542,0.09433691876888542,0.09433691876888542,0.09433691876888542,0.09433691876888542,0.09433691876888542,0.09433691876888542,0.09433691876888542,0.09433691876888542,0.09433691876888542,0.09433691876888542,0.09433691876888542,0.09433691876888542,0.09433691876888542,0.09433691876888542,0.09433691876888542,0.09433691876888542,0.0943369187688854,0.0943369187688854,0.09433691876888542,0.0943369187688854,0.09433691876888542,0.0943369187688854,0.0943369187688854,0.09433691876888542,0.09433691876888542,0.09433691876888542,0.0943369187688854,0.0943369187688854,0.09433691876888542,0.0943369187688854,0.09433691876888542,0.09433691876888542,0.09433691876888542,0.09433691876888542,0.09433691876888542,0.09433691876888542,0.09433691876888542,0.09433691876888542,0.0943369187688854,0.09433691876888542,0.09433691876888542,0.09433691876888542,0.09433691876888542,0.09433691876888542,0.09433691876888542,0.09433691876888542,0.09433691876888542,0.09433691876888542,0.0943369187688854,0.09433691876888542,0.09433691876888542,0.09433691876888542,0.09433691876888542,0.09433691876888539,0.09433691876888542,0.09433691876888539,0.09433691876888539,0.09433691876888539,0.09433691876888539,0.09433691876888539,0.09433691876888539,0.09433691876888539,0.09433691876888539,0.09433691876888539,0.09433691876888539,0.09433691876888542,0.09433691876888539,0.09433691876888542,0.09433691876888539,0.09433691876888539,0.09433691876888542,0.09433691876888539,0.09433691876888539,0.09433691876888542,0.09433691876888542,0.09433691876888539,0.09433691876888542,0.09433691876888542,0.09433691876888542,0.09433691876888539,0.09433691876888542,0.09433691876888539,0.09433691876888542,0.09433691876888542,0.09433691876888542,0.09433691876888542,0.09433691876888542,0.09433691876888542,0.09433691876888542,0.09433691876888542,0.09433691876888542,0.09433691876888542,0.09433691876888542,0.09433691876888539,0.09433691876888542,0.09433691876888542,0.09433691876888539,0.09433691876888542,0.09433691876888542,0.09433691876888542,0.09433691876888542,0.09433691876888542,0.09433691876888542,0.09433691876888542,0.09433691876888542,0.09433691876888542,0.09433691876888542,0.09433691876888542,0.09433691876888542,0.09433691876888542,0.09433691876888542,0.09433691876888539,0.09433691876888539,0.09433691876888539,0.09433691876888539,0.09433691876888539,0.09433691876888542,0.0943369187688854,0.0943369187688854,0.0943369187688854,0.09433691876888542,0.09433691876888542,0.09433691876888542,0.0943369187688854,0.09433691876888542,0.09433691876888542,0.09433691876888542,0.09433691876888542,0.09433691876888542,0.09433691876888542,0.09433691876888542,0.09433691876888539,0.09433691876888542,0.09433691876888539,0.09433691876888539,0.09433691876888539,0.09433691876888539,0.09433691876888539,0.09433691876888542,0.09433691876888542,0.09433691876888539,0.09433691876888542,0.09433691876888542,0.09433691876888539,0.09433691876888542,0.09433691876888539,0.09433691876888542,0.09433691876888539,0.09433691876888542,0.09433691876888539,0.09433691876888539,0.09433691876888542,0.09433691876888542,0.09433691876888542,0.09433691876888539,0.09433691876888542,0.09433691876888539,0.09433691876888542,0.09433691876888542,0.09433691876888539,0.09433691876888542,0.09433691876888542,0.09433691876888542,0.09433691876888542,0.09433691876888539,0.09433691876888542,0.09433691876888539,0.09433691876888542,0.09433691876888542,0.09433691876888542,0.09433691876888542,0.09433691876888539,0.09433691876888542,0.09433691876888542,0.09433691876888539,0.09433691876888539,0.09433691876888542,0.09433691876888542,0.09433691876888542,0.09433691876888539,0.09433691876888542,0.09433691876888542,0.09433691876888542,0.09433691876888542,0.09433691876888542,0.09433691876888542,0.09433691876888542,0.09433691876888542,0.09433691876888542,0.09433691876888542,0.09433691876888542,0.09433691876888542,0.09433691876888542,0.09433691876888542,0.09433691876888542,0.0943369187688854,0.0943369187688854,0.0943369187688854,0.0943369187688854,0.0943369187688854,0.0943369187688854,0.0943369187688854,0.0943369187688854,0.0943369187688854,0.0943369187688854,0.0943369187688854,0.0943369187688854,0.09433691876888539,0.09433691876888539,0.09433691876888539,0.09433691876888539,0.09433691876888539,0.09433691876888539,0.09433691876888539,0.09433691876888539,0.09433691876888539,0.09433691876888542,0.09433691876888539,0.09433691876888539,0.09433691876888539,0.09433691876888539,0.09433691876888542,0.09433691876888539,0.09433691876888539,0.09433691876888542,0.09433691876888542,0.09433691876888542,0.09433691876888539,0.09433691876888539,0.09433691876888542,0.09433691876888539,0.09433691876888542,0.09433691876888539,0.09433691876888542,0.09433691876888542,0.09433691876888542,0.09433691876888542,0.09433691876888542,0.09433691876888542,0.09433691876888539,0.09433691876888542,0.09433691876888542,0.09433691876888539,0.09433691876888542,0.09433691876888542,0.09433691876888539,0.09433691876888542,0.09433691876888539,0.09433691876888542,0.09433691876888539,0.09433691876888542,0.09433691876888539,0.09433691876888542,0.09433691876888539,0.09433691876888542,0.09433691876888542,0.09433691876888542,0.09433691876888542,0.09433691876888542,0.09433691876888542,0.09433691876888542,0.09433691876888539,0.09433691876888542,0.09433691876888542,0.09433691876888542,0.09433691876888542,0.09433691876888542,0.09433691876888542,0.09433691876888542,0.09433691876888542,0.09433691876888542,0.09433691876888542,0.09433691876888542,0.09433691876888542,0.09433691876888542,0.09433691876888542,0.0943369187688854,0.0943369187688854,0.0943369187688854,0.0943369187688854,0.0943369187688854,0.0943369187688854,0.09433691876888539,0.09433691876888539,0.09433691876888539,0.09433691876888539,0.0943369187688854,0.09433691876888539,0.09433691876888539,0.0943369187688854,0.0943369187688854,0.09433691876888539,0.09433691876888539,0.09433691876888539,0.0943369187688854,0.0943369187688854,0.0943369187688854,0.0943369187688854,0.0943369187688854,0.0943369187688854,0.0943369187688854,0.0943369187688854,0.09433691876888539,0.09433691876888539,0.09433691876888539,0.09433691876888539,0.09433691876888539,0.09433691876888539,0.09433691876888539,0.0943369187688854,0.0943369187688854,0.0943369187688854,0.09433691876888539,0.09433691876888539,0.09433691876888539,0.09433691876888539,0.09433691876888542,0.09433691876888539,0.09433691876888539,0.0943369187688854,0.0943369187688854,0.0943369187688854,0.0943369187688854,0.0943369187688854,0.09433691876888539,0.0943369187688854,0.0943369187688854,0.0943369187688854,0.0943369187688854,0.0943369187688854,0.09433691876888539,0.09433691876888543,0.0943369187688854,0.0943369187688854,0.09433691876888539,0.0943369187688854,0.0943369187688854,0.0943369187688854,0.0943369187688854,0.0943369187688854,0.0943369187688854,0.0943369187688854,0.09433691876888543,0.0943369187688854,0.0943369187688854,0.0943369187688854,0.0943369187688854,0.0943369187688854,0.0943369187688854,0.09433691876888543,0.09433691876888543,0.0943369187688854,0.0943369187688854,0.0943369187688854,0.09433691876888543,0.0943369187688854,0.0943369187688854,0.0943369187688854,0.0943369187688854,0.0943369187688854,0.0943369187688854,0.0943369187688854,0.09433691876888542,0.0943369187688854,0.0943369187688854,0.0943369187688854,0.0943369187688854,0.0943369187688854,0.0943369187688854,0.09433691876888543,0.0943369187688854,0.0943369187688854,0.0943369187688854,0.0943369187688854,0.09433691876888543,0.09433691876888542,0.0943369187688854,0.0943369187688854,0.09433691876888539,0.09433691876888539,0.09433691876888539,0.09433691876888539,0.09433691876888539,0.09433691876888539,0.09433691876888542,0.09433691876888542,0.09433691876888539,0.09433691876888539,0.09433691876888539,0.09433691876888542,0.09433691876888542,0.09433691876888542,0.09433691876888542,0.09433691876888542,0.09433691876888542,0.09433691876888542,0.09433691876888542,0.09433691876888539,0.09433691876888539,0.09433691876888539,0.09433691876888539,0.0943369187688854,0.09433691876888542,0.09433691876888542,0.09433691876888542,0.09433691876888542,0.09433691876888542,0.09433691876888539,0.09433691876888539,0.09433691876888542,0.09433691876888542,0.09433691876888542,0.09433691876888542,0.09433691876888542,0.09433691876888542,0.09433691876888542,0.09433691876888542,0.09433691876888542,0.09433691876888542,0.09433691876888542,0.09433691876888542,0.09433691876888542,0.09433691876888542,0.09433691876888542,0.09433691876888542,0.0943369187688854,0.09433691876888542,0.09433691876888542,0.09433691876888542,0.0943369187688854,0.09433691876888542,0.09433691876888542,0.0943369187688854,0.09433691876888542,0.0943369187688854,0.09433691876888542,0.0943369187688854,0.09433691876888542,0.09433691876888542,0.0943369187688854,0.09433691876888542,0.0943369187688854,0.09433691876888542,0.09433691876888542,0.0943369187688854,0.09433691876888542,0.09433691876888542,0.09433691876888542,0.09433691876888542,0.09433691876888542,0.0943369187688854,0.09433691876888542,0.0943369187688854,0.09433691876888542,0.09433691876888542,0.09433691876888542,0.09433691876888542,0.09433691876888542,0.09433691876888542,0.09433691876888542,0.09433691876888539,0.09433691876888542,0.09433691876888542,0.09433691876888542,0.09433691876888542,0.09433691876888542,0.09433691876888542,0.09433691876888542,0.09433691876888542,0.09433691876888542,0.09433691876888542,0.09433691876888542,0.09433691876888539,0.09433691876888542,0.09433691876888542,0.09433691876888539,0.09433691876888542,0.09433691876888542,0.09433691876888542,0.09433691876888542,0.09433691876888542,0.09433691876888542,0.09433691876888539,0.09433691876888542,0.09433691876888542,0.09433691876888542,0.09433691876888542,0.09433691876888542,0.09433691876888542,0.09433691876888542,0.09433691876888542,0.09433691876888542,0.09433691876888542,0.09433691876888542,0.09433691876888542,0.09433691876888542,0.09433691876888542,0.09433691876888542,0.09433691876888542,0.09433691876888542,0.09433691876888542,0.09433691876888542,0.09433691876888539,0.09433691876888539,0.09433691876888539,0.09433691876888542,0.09433691876888539,0.09433691876888539,0.09433691876888539,0.09433691876888539,0.09433691876888542,0.09433691876888542,0.09433691876888542,0.09433691876888542,0.0943369187688854,0.0943369187688854,0.0943369187688854,0.09433691876888542,0.09433691876888542,0.09433691876888542,0.09433691876888542,0.09433691876888542,0.09433691876888542,0.09433691876888542,0.09433691876888542,0.09433691876888539,0.09433691876888542,0.09433691876888542,0.09433691876888542,0.09433691876888542,0.09433691876888542,0.09433691876888542,0.09433691876888542,0.09433691876888542,0.09433691876888539,0.09433691876888542,0.09433691876888539,0.09433691876888542,0.09433691876888539,0.09433691876888542,0.09433691876888542,0.09433691876888542,0.09433691876888542,0.09433691876888539,0.09433691876888542,0.09433691876888539,0.09433691876888539,0.09433691876888542,0.09433691876888539,0.09433691876888542,0.09433691876888539,0.09433691876888542,0.09433691876888539,0.09433691876888542,0.09433691876888542,0.09433691876888539,0.09433691876888542,0.09433691876888539,0.09433691876888542,0.09433691876888542,0.09433691876888539,0.09433691876888542,0.09433691876888542,0.09433691876888542,0.09433691876888542,0.09433691876888542,0.09433691876888542,0.09433691876888542,0.09433691876888539,0.09433691876888542,0.09433691876888542,0.09433691876888542,0.09433691876888542,0.09433691876888542,0.09433691876888542,0.09433691876888539,0.09433691876888539,0.09433691876888539,0.09433691876888539,0.09433691876888539,0.09433691876888539,0.09433691876888539,0.0943369187688854,0.09433691876888539,0.09433691876888539,0.0943369187688854,0.0943369187688854,0.09433691876888539,0.0943369187688854,0.09433691876888539,0.0943369187688854,0.09433691876888539,0.09433691876888539,0.0943369187688854,0.0943369187688854,0.0943369187688854,0.0943369187688854,0.09433691876888539,0.0943369187688854,0.09433691876888539,0.0943369187688854,0.0943369187688854,0.0943369187688854,0.0943369187688854,0.0943369187688854,0.0943369187688854,0.0943369187688854,0.0943369187688854,0.09433691876888539,0.0943369187688854,0.0943369187688854,0.0943369187688854,0.0943369187688854,0.0943369187688854,0.0943369187688854,0.0943369187688854,0.0943369187688854,0.0943369187688854,0.09433691876888539,0.0943369187688854,0.09433691876888539,0.0943369187688854,0.0943369187688854,0.09433691876888539,0.0943369187688854,0.0943369187688854,0.0943369187688854,0.0943369187688854,0.0943369187688854,0.0943369187688854,0.0943369187688854,0.0943369187688854,0.0943369187688854,0.0943369187688854,0.0943369187688854,0.09433691876888542,0.09433691876888539,0.0943369187688854,0.09433691876888542,0.09433691876888542,0.09433691876888542,0.09433691876888542,0.09433691876888542,0.09433691876888542,0.09433691876888543,0.09433691876888543,0.0943369187688854,0.09433691876888539,0.09433691876888539,0.0943369187688854,0.0943369187688854,0.0943369187688854,0.0943369187688854,0.0943369187688854,0.0943369187688854,0.0943369187688854,0.0943369187688854,0.0943369187688854,0.0943369187688854,0.0943369187688854,0.0943369187688854,0.0943369187688854,0.09433691876888539,0.0943369187688854,0.0943369187688854,0.0943369187688854,0.0943369187688854,0.0943369187688854,0.0943369187688854,0.0943369187688854,0.0943369187688854,0.0943369187688854,0.0943369187688854,0.0943369187688854,0.09433691876888539,0.09433691876888539,0.09433691876888539,0.0943369187688854,0.0943369187688854,0.0943369187688854,0.09433691876888542,0.09433691876888539,0.09433691876888539,0.09433691876888539,0.0943369187688854,0.0943369187688854,0.0943369187688854,0.0943369187688854,0.09433691876888543,0.09433691876888543,0.09433691876888543,0.09433691876888543,0.09433691876888543,0.09433691876888543,0.09433691876888543,0.09433691876888543,0.09433691876888543,0.09433691876888543,0.09433691876888546,0.09433691876888546,0.09433691876888543,0.09433691876888542,0.09433691876888542,0.09433691876888539,0.09433691876888543,0.09433691876888543,0.09433691876888543,0.09433691876888543,0.09433691876888546,0.09433691876888546,0.09433691876888546,0.09433691876888542,0.09433691876888542,0.09433691876888542,0.09433691876888542,0.09433691876888542,0.09433691876888542,0.09433691876888542,0.09433691876888542,0.09433691876888542,0.09433691876888542,0.09433691876888542,0.09433691876888542,0.09433691876888542,0.0943369187688854,0.0943369187688854,0.09433691876888543,0.09433691876888543,0.09433691876888543,0.09433691876888543,0.09433691876888543,0.09433691876888543,0.09433691876888543,0.09433691876888543,0.09433691876888543,0.09433691876888543,0.09433691876888543,0.09433691876888543,0.09433691876888543,0.09433691876888543,0.09433691876888543,0.09433691876888543,0.09433691876888543,0.09433691876888546,0.09433691876888542,0.09433691876888542,0.09433691876888542,0.09433691876888542,0.09433691876888542,0.09433691876888542,0.09433691876888542,0.09433691876888543,0.09433691876888543,0.09433691876888542,0.0943369187688854,0.0943369187688854,0.09433691876888543,0.09433691876888543,0.09433691876888543,0.09433691876888543,0.09433691876888543,0.09433691876888545,0.09433691876888543,0.09433691876888543,0.09433691876888543,0.09433691876888543,0.09433691876888543,0.09433691876888543,0.09433691876888543,0.0943369187688854,0.09433691876888543,0.09433691876888543,0.09433691876888543,0.09433691876888543,0.09433691876888546,0.09433691876888542,0.09433691876888542,0.09433691876888542,0.09433691876888542,0.09433691876888542,0.09433691876888542,0.09433691876888542,0.09433691876888542,0.09433691876888542,0.09433691876888542,0.09433691876888542,0.09433691876888542,0.09433691876888542,0.09433691876888542,0.09433691876888542,0.09433691876888542,0.09433691876888542,0.09433691876888542,0.09433691876888542,0.09433691876888542,0.09433691876888542,0.09433691876888542,0.09433691876888542,0.09433691876888542,0.09433691876888539,0.09433691876888539,0.09433691876888539,0.09433691876888539,0.09433691876888539,0.09433691876888539,0.09433691876888539,0.09433691876888543,0.09433691876888543,0.09433691876888543,0.09433691876888543,0.09433691876888543,0.09433691876888546,0.09433691876888542,0.09433691876888542,0.09433691876888542,0.09433691876888542,0.09433691876888542,0.09433691876888542,0.09433691876888539,0.09433691876888543,0.09433691876888543,0.09433691876888543,0.09433691876888543,0.09433691876888543,0.09433691876888543,0.09433691876888543,0.09433691876888546,0.09433691876888542,0.09433691876888542,0.09433691876888542,0.09433691876888542,0.09433691876888542,0.09433691876888542,0.09433691876888542,0.09433691876888542,0.09433691876888542,0.09433691876888542,0.09433691876888542,0.09433691876888542,0.0943369187688854,0.0943369187688854,0.0943369187688854,0.0943369187688854,0.0943369187688854,0.0943369187688854,0.0943369187688854,0.0943369187688854,0.09433691876888542,0.09433691876888542,0.09433691876888543,0.09433691876888542,0.09433691876888542,0.09433691876888543,0.09433691876888543,0.09433691876888543,0.09433691876888542,0.09433691876888542,0.09433691876888542,0.09433691876888543,0.09433691876888545,0.09433691876888542,0.09433691876888542,0.09433691876888542,0.09433691876888542,0.0943369187688854,0.0943369187688854,0.0943369187688854,0.0943369187688854,0.0943369187688854,0.0943369187688854,0.0943369187688854,0.0943369187688854,0.09433691876888539,0.09433691876888539,0.09433691876888539,0.09433691876888539,0.09433691876888539,0.09433691876888543,0.09433691876888543,0.09433691876888543,0.09433691876888543,0.09433691876888543,0.09433691876888543,0.09433691876888543,0.09433691876888543,0.09433691876888543,0.09433691876888543,0.09433691876888543,0.09433691876888543,0.09433691876888545,0.0943369187688854,0.0943369187688854,0.0943369187688854,0.0943369187688854,0.0943369187688854,0.0943369187688854,0.0943369187688854,0.0943369187688854,0.0943369187688854,0.0943369187688854,0.09433691876888539,0.09433691876888543,0.09433691876888543,0.09433691876888543,0.09433691876888543,0.09433691876888543,0.09433691876888546,0.09433691876888546,0.09433691876888546,0.09433691876888546,0.0943369187688854,0.0943369187688854,0.0943369187688854,0.0943369187688854,0.0943369187688854,0.0943369187688854,0.0943369187688854,0.0943369187688854,0.0943369187688854,0.0943369187688854,0.0943369187688854,0.0943369187688854,0.0943369187688854,0.0943369187688854,0.09433691876888539,0.09433691876888543,0.09433691876888543,0.09433691876888543,0.09433691876888543,0.09433691876888543,0.09433691876888543,0.09433691876888543,0.09433691876888545,0.0943369187688854,0.0943369187688854,0.0943369187688854,0.0943369187688854,0.0943369187688854,0.0943369187688854,0.0943369187688854,0.0943369187688854,0.0943369187688854,0.0943369187688854,0.0943369187688854,0.0943369187688854,0.0943369187688854,0.0943369187688854,0.0943369187688854,0.0943369187688854,0.0943369187688854,0.09433691876888539,0.09433691876888542,0.09433691876888542,0.09433691876888542,0.09433691876888542,0.09433691876888542,0.09433691876888542,0.09433691876888542,0.09433691876888542,0.09433691876888542,0.09433691876888542,0.09433691876888542,0.09433691876888545,0.09433691876888543,0.09433691876888543,0.09433691876888546,0.09433691876888543,0.09433691876888543,0.09433691876888543,0.09433691876888545,0.09433691876888546,0.0943369187688854,0.09433691876888542,0.0943369187688854,0.0943369187688854,0.09433691876888542,0.09433691876888542,0.09433691876888542,0.09433691876888539,0.09433691876888545,0.09433691876888545,0.09433691876888543,0.09433691876888543,0.09433691876888545,0.09433691876888545,0.09433691876888545,0.09433691876888545,0.09433691876888545,0.09433691876888545,0.09433691876888545,0.09433691876888545,0.09433691876888545,0.09433691876888545,0.09433691876888545,0.09433691876888545,0.09433691876888546,0.09433691876888546,0.09433691876888543,0.09433691876888543,0.09433691876888543,0.09433691876888546,0.09433691876888546,0.09433691876888546,0.09433691876888546,0.09433691876888546,0.09433691876888546,0.09433691876888546,0.09433691876888546,0.09433691876888542,0.09433691876888542,0.09433691876888542,0.09433691876888542,0.09433691876888542,0.09433691876888542,0.09433691876888542,0.0943369187688854,0.0943369187688854,0.0943369187688854,0.0943369187688854,0.0943369187688854,0.0943369187688854,0.0943369187688854,0.0943369187688854,0.0943369187688854,0.0943369187688854,0.0943369187688854,0.0943369187688854,0.0943369187688854,0.0943369187688854,0.0943369187688854,0.09433691876888542,0.0943369187688854,0.0943369187688854,0.0943369187688854,0.0943369187688854,0.09433691876888542,0.0943369187688854,0.09433691876888542,0.09433691876888542,0.09433691876888542,0.0943369187688854,0.0943369187688854,0.0943369187688854,0.0943369187688854,0.09433691876888542,0.09433691876888542,0.09433691876888542,0.0943369187688854,0.09433691876888542,0.09433691876888542,0.09433691876888542,0.0943369187688854,0.09433691876888542,0.0943369187688854,0.0943369187688854,0.0943369187688854,0.0943369187688854,0.0943369187688854,0.09433691876888542,0.09433691876888542,0.0943369187688854,0.0943369187688854,0.0943369187688854,0.09433691876888542,0.0943369187688854,0.0943369187688854,0.09433691876888542,0.09433691876888542,0.0943369187688854,0.09433691876888542,0.09433691876888542,0.0943369187688854,0.0943369187688854,0.09433691876888542,0.0943369187688854,0.09433691876888542,0.0943369187688854,0.09433691876888542,0.09433691876888542,0.0943369187688854,0.09433691876888542,0.0943369187688854,0.0943369187688854,0.09433691876888542,0.0943369187688854,0.0943369187688854,0.0943369187688854,0.0943369187688854,0.0943369187688854,0.09433691876888539,0.09433691876888539,0.09433691876888539,0.09433691876888539,0.09433691876888539,0.09433691876888539,0.09433691876888539,0.09433691876888539,0.09433691876888539,0.09433691876888539,0.09433691876888539,0.09433691876888539,0.09433691876888539,0.09433691876888539,0.09433691876888539,0.09433691876888539,0.09433691876888539,0.09433691876888539,0.09433691876888539,0.09433691876888539,0.09433691876888539,0.09433691876888539,0.09433691876888539,0.09433691876888539,0.09433691876888539,0.09433691876888539,0.09433691876888539,0.09433691876888539,0.09433691876888539,0.09433691876888539,0.09433691876888539,0.09433691876888539,0.09433691876888543,0.09433691876888543,0.09433691876888543,0.09433691876888543,0.09433691876888543,0.09433691876888543,0.09433691876888543,0.09433691876888543,0.09433691876888543,0.09433691876888543,0.09433691876888546,0.09433691876888543,0.09433691876888543,0.09433691876888543,0.09433691876888543,0.09433691876888543,0.09433691876888543,0.09433691876888543,0.09433691876888546,0.09433691876888543,0.09433691876888546,0.09433691876888543,0.09433691876888546,0.09433691876888543,0.09433691876888543,0.09433691876888546,0.09433691876888543,0.09433691876888546,0.09433691876888543,0.09433691876888546,0.09433691876888543,0.09433691876888546,0.09433691876888546,0.09433691876888546,0.09433691876888546,0.09433691876888543,0.09433691876888546,0.09433691876888546,0.09433691876888543,0.09433691876888546,0.09433691876888543,0.09433691876888546,0.09433691876888546,0.09433691876888543,0.09433691876888543,0.09433691876888543,0.09433691876888546,0.09433691876888543,0.09433691876888546,0.09433691876888546,0.09433691876888546,0.09433691876888543,0.09433691876888546,0.09433691876888546,0.09433691876888546,0.09433691876888543,0.09433691876888546,0.09433691876888546,0.09433691876888543,0.09433691876888546,0.09433691876888546,0.09433691876888543,0.09433691876888546,0.09433691876888546,0.09433691876888546,0.09433691876888543,0.09433691876888545,0.09433691876888546,0.09433691876888543,0.09433691876888546,0.09433691876888546,0.09433691876888545,0.09433691876888545,0.09433691876888545,0.09433691876888546,0.09433691876888546,0.09433691876888543,0.09433691876888543,0.09433691876888546,0.09433691876888543,0.09433691876888545,0.09433691876888543,0.09433691876888546,0.09433691876888543,0.09433691876888546,0.09433691876888545,0.09433691876888543,0.09433691876888545,0.09433691876888543,0.09433691876888545,0.09433691876888545,0.09433691876888543,0.09433691876888545,0.09433691876888545,0.09433691876888545,0.09433691876888546,0.09433691876888546,0.09433691876888545,0.09433691876888545,0.09433691876888543,0.09433691876888545,0.09433691876888545,0.09433691876888546,0.09433691876888546,0.09433691876888545,0.09433691876888546,0.09433691876888547,0.09433691876888543,0.09433691876888543,0.09433691876888546,0.0943369187688854,0.0943369187688854,0.0943369187688854,0.0943369187688854,0.0943369187688854,0.0943369187688854,0.0943369187688854,0.09433691876888539,0.09433691876888539,0.09433691876888543,0.09433691876888543,0.09433691876888543,0.09433691876888543,0.09433691876888543,0.09433691876888543,0.09433691876888543,0.09433691876888543,0.09433691876888543,0.09433691876888543,0.09433691876888543,0.09433691876888543,0.09433691876888543,0.09433691876888543,0.09433691876888543,0.09433691876888543,0.09433691876888543,0.09433691876888546,0.0943369187688854,0.0943369187688854,0.0943369187688854,0.0943369187688854,0.0943369187688854,0.0943369187688854,0.0943369187688854,0.0943369187688854,0.0943369187688854,0.0943369187688854,0.0943369187688854,0.0943369187688854,0.0943369187688854,0.0943369187688854,0.0943369187688854,0.0943369187688854,0.0943369187688854,0.0943369187688854,0.0943369187688854,0.0943369187688854,0.0943369187688854,0.0943369187688854,0.0943369187688854,0.0943369187688854,0.0943369187688854,0.0943369187688854,0.0943369187688854,0.0943369187688854,0.0943369187688854,0.0943369187688854,0.0943369187688854,0.0943369187688854,0.0943369187688854,0.0943369187688854,0.09433691876888539,0.09433691876888539,0.09433691876888539,0.09433691876888539,0.09433691876888539,0.09433691876888539,0.0943369187688854,0.0943369187688854,0.0943369187688854,0.09433691876888539,0.09433691876888539,0.09433691876888539,0.09433691876888539,0.09433691876888539,0.09433691876888539,0.09433691876888539,0.09433691876888539,0.09433691876888539,0.09433691876888539,0.09433691876888539,0.09433691876888539,0.09433691876888539,0.09433691876888539,0.09433691876888539,0.09433691876888539,0.09433691876888539,0.09433691876888539,0.09433691876888539,0.09433691876888539,0.09433691876888539,0.09433691876888539,0.09433691876888539,0.09433691876888539,0.0943369187688854,0.09433691876888539,0.0943369187688854,0.0943369187688854,0.09433691876888539,0.09433691876888539,0.09433691876888539,0.0943369187688854,0.09433691876888545,0.09433691876888545,0.09433691876888545,0.09433691876888543,0.09433691876888545,0.09433691876888547,0.0943369187688854,0.09433691876888542,0.09433691876888542,0.0943369187688854,0.0943369187688854,0.0943369187688854,0.09433691876888543,0.09433691876888543,0.09433691876888543,0.09433691876888543,0.09433691876888543,0.09433691876888543,0.09433691876888543,0.09433691876888543,0.09433691876888546,0.0943369187688854,0.0943369187688854,0.0943369187688854,0.0943369187688854,0.09433691876888542,0.0943369187688854,0.0943369187688854,0.0943369187688854,0.0943369187688854,0.09433691876888542,0.09433691876888539,0.09433691876888539,0.09433691876888543,0.09433691876888543,0.09433691876888543,0.09433691876888543,0.09433691876888543,0.09433691876888546,0.09433691876888546,0.09433691876888542,0.09433691876888542,0.09433691876888542,0.09433691876888539,0.09433691876888539,0.09433691876888539,0.09433691876888542,0.09433691876888542,0.09433691876888542,0.09433691876888542,0.09433691876888542,0.09433691876888542,0.09433691876888542,0.09433691876888542,0.09433691876888542,0.09433691876888542,0.09433691876888542,0.09433691876888542,0.09433691876888542,0.09433691876888542,0.09433691876888542,0.09433691876888542,0.09433691876888542,0.09433691876888542,0.09433691876888542,0.09433691876888542,0.09433691876888542,0.09433691876888542,0.09433691876888542,0.09433691876888542,0.09433691876888542,0.09433691876888542,0.09433691876888542,0.09433691876888542,0.09433691876888542,0.09433691876888542,0.0943369187688854,0.0943369187688854,0.09433691876888542,0.09433691876888542,0.09433691876888542,0.09433691876888542,0.09433691876888542,0.09433691876888542,0.0943369187688854,0.09433691876888542,0.09433691876888542,0.09433691876888542,0.09433691876888542,0.09433691876888542,0.0943369187688854,0.0943369187688854,0.0943369187688854,0.0943369187688854,0.0943369187688854,0.0943369187688854,0.0943369187688854,0.0943369187688854,0.0943369187688854,0.0943369187688854,0.0943369187688854,0.0943369187688854,0.0943369187688854,0.0943369187688854,0.0943369187688854,0.0943369187688854,0.09433691876888539,0.09433691876888543,0.09433691876888543,0.09433691876888543,0.09433691876888543,0.09433691876888543,0.09433691876888543,0.09433691876888543,0.09433691876888543,0.09433691876888543,0.09433691876888543,0.09433691876888545,0.09433691876888546,0.0943369187688854,0.0943369187688854,0.0943369187688854,0.0943369187688854,0.0943369187688854,0.0943369187688854,0.0943369187688854,0.0943369187688854,0.0943369187688854,0.0943369187688854,0.09433691876888542,0.09433691876888542,0.09433691876888542,0.09433691876888542,0.09433691876888542,0.09433691876888542,0.09433691876888542,0.09433691876888542,0.09433691876888539,0.09433691876888543,0.09433691876888543,0.09433691876888543,0.09433691876888543,0.09433691876888543,0.09433691876888543,0.09433691876888543,0.09433691876888543,0.09433691876888543,0.09433691876888546,0.09433691876888542,0.09433691876888542,0.09433691876888542,0.09433691876888542,0.09433691876888542,0.09433691876888542,0.09433691876888542,0.09433691876888539,0.09433691876888545,0.09433691876888545,0.09433691876888545,0.09433691876888543,0.09433691876888543,0.09433691876888546,0.09433691876888546,0.09433691876888546,0.09433691876888549,0.09433691876888546,0.09433691876888546,0.09433691876888549,0.09433691876888546,0.09433691876888546,0.09433691876888546,0.09433691876888546,0.09433691876888547,0.09433691876888546,0.09433691876888549,0.09433691876888546,0.09433691876888546,0.09433691876888547,0.09433691876888547,0.09433691876888546,0.09433691876888547,0.09433691876888546,0.09433691876888547,0.09433691876888546,0.09433691876888542,0.09433691876888542,0.09433691876888542,0.0943369187688854,0.0943369187688854,0.0943369187688854,0.09433691876888539,0.09433691876888543,0.09433691876888543,0.09433691876888543,0.09433691876888543,0.09433691876888543,0.09433691876888543,0.09433691876888546,0.0943369187688854,0.0943369187688854,0.0943369187688854,0.0943369187688854,0.0943369187688854,0.0943369187688854,0.0943369187688854,0.0943369187688854,0.0943369187688854,0.0943369187688854,0.09433691876888542,0.09433691876888542,0.09433691876888542,0.0943369187688854,0.09433691876888539,0.09433691876888539,0.09433691876888539,0.09433691876888543,0.09433691876888543,0.09433691876888543,0.09433691876888543,0.09433691876888543,0.09433691876888543,0.09433691876888543,0.09433691876888543,0.09433691876888543,0.09433691876888543,0.09433691876888546,0.0943369187688854,0.0943369187688854,0.0943369187688854,0.0943369187688854,0.09433691876888542,0.09433691876888542,0.09433691876888542,0.09433691876888542,0.09433691876888542,0.09433691876888542,0.09433691876888542,0.09433691876888542,0.09433691876888542,0.09433691876888542,0.09433691876888542,0.09433691876888542,0.09433691876888542,0.09433691876888542,0.09433691876888542,0.09433691876888542,0.09433691876888542,0.09433691876888542,0.09433691876888542,0.09433691876888542,0.09433691876888542,0.09433691876888542,0.09433691876888542,0.0943369187688854,0.0943369187688854,0.09433691876888542,0.09433691876888542,0.09433691876888542,0.0943369187688854,0.0943369187688854,0.0943369187688854,0.0943369187688854,0.0943369187688854,0.09433691876888542,0.09433691876888542,0.0943369187688854,0.09433691876888539,0.0943369187688854,0.0943369187688854,0.0943369187688854,0.0943369187688854,0.0943369187688854,0.0943369187688854,0.0943369187688854,0.0943369187688854,0.0943369187688854,0.0943369187688854,0.0943369187688854,0.0943369187688854,0.0943369187688854,0.0943369187688854,0.0943369187688854,0.0943369187688854,0.0943369187688854,0.0943369187688854,0.0943369187688854,0.0943369187688854,0.0943369187688854,0.0943369187688854,0.0943369187688854,0.09433691876888538,0.0943369187688854,0.0943369187688854,0.0943369187688854,0.0943369187688854,0.0943369187688854,0.0943369187688854,0.0943369187688854,0.0943369187688854,0.09433691876888538,0.0943369187688854,0.0943369187688854,0.0943369187688854,0.0943369187688854,0.0943369187688854,0.0943369187688854,0.0943369187688854,0.0943369187688854,0.0943369187688854,0.0943369187688854,0.0943369187688854,0.0943369187688854,0.0943369187688854,0.0943369187688854,0.0943369187688854,0.0943369187688854,0.0943369187688854,0.09433691876888542,0.09433691876888542,0.09433691876888542,0.09433691876888542,0.09433691876888542,0.09433691876888542,0.09433691876888542,0.09433691876888542,0.09433691876888542,0.09433691876888542,0.09433691876888542,0.09433691876888542,0.0943369187688854,0.09433691876888542,0.09433691876888542,0.09433691876888542,0.09433691876888542,0.09433691876888542,0.09433691876888542,0.09433691876888542,0.09433691876888542,0.09433691876888542,0.09433691876888542,0.09433691876888542,0.09433691876888542,0.09433691876888542,0.09433691876888542,0.09433691876888542,0.09433691876888542,0.09433691876888542,0.09433691876888539,0.09433691876888539,0.09433691876888539,0.09433691876888539,0.09433691876888539,0.09433691876888539,0.09433691876888539,0.09433691876888542,0.09433691876888542,0.09433691876888542,0.09433691876888542,0.09433691876888542,0.09433691876888539,0.09433691876888539,0.09433691876888539,0.09433691876888539,0.09433691876888539,0.09433691876888539,0.09433691876888539,0.09433691876888539,0.09433691876888539,0.09433691876888539,0.09433691876888539,0.09433691876888539,0.09433691876888539,0.09433691876888539,0.09433691876888539,0.09433691876888542,0.09433691876888542,0.09433691876888542,0.09433691876888542,0.09433691876888542,0.09433691876888542,0.09433691876888542,0.09433691876888542,0.09433691876888542,0.09433691876888542,0.09433691876888542,0.09433691876888542,0.09433691876888542,0.09433691876888542,0.09433691876888542,0.09433691876888542,0.09433691876888542,0.09433691876888542,0.09433691876888542,0.09433691876888542,0.09433691876888542,0.09433691876888542,0.09433691876888542,0.09433691876888542,0.09433691876888542,0.09433691876888542,0.09433691876888539,0.09433691876888539,0.09433691876888542,0.09433691876888542,0.09433691876888542,0.09433691876888542,0.09433691876888542,0.09433691876888542,0.09433691876888542,0.0943369187688854,0.09433691876888539,0.0943369187688854,0.09433691876888542,0.09433691876888542,0.09433691876888542,0.09433691876888542,0.09433691876888542,0.0943369187688854,0.0943369187688854,0.09433691876888542,0.0943369187688854,0.09433691876888539,0.0943369187688854,0.0943369187688854,0.0943369187688854,0.0943369187688854,0.0943369187688854,0.0943369187688854,0.0943369187688854,0.0943369187688854,0.0943369187688854,0.0943369187688854,0.09433691876888539,0.0943369187688854,0.0943369187688854,0.0943369187688854,0.0943369187688854,0.0943369187688854,0.09433691876888539,0.0943369187688854,0.0943369187688854,0.0943369187688854,0.09433691876888539,0.09433691876888539,0.09433691876888539,0.09433691876888542,0.09433691876888539,0.09433691876888539,0.09433691876888542,0.09433691876888539,0.09433691876888542,0.09433691876888542,0.09433691876888539,0.09433691876888539,0.09433691876888539,0.09433691876888542,0.09433691876888542,0.09433691876888539,0.09433691876888542,0.09433691876888542,0.09433691876888539,0.09433691876888542,0.09433691876888542,0.09433691876888539,0.09433691876888542,0.09433691876888539,0.09433691876888542,0.09433691876888539,0.09433691876888542,0.09433691876888539,0.09433691876888542,0.09433691876888539,0.09433691876888542,0.09433691876888539,0.09433691876888539,0.09433691876888542,0.09433691876888539,0.09433691876888539,0.09433691876888542,0.09433691876888542,0.09433691876888539,0.09433691876888542,0.09433691876888542,0.09433691876888539,0.09433691876888539,0.09433691876888542,0.09433691876888539,0.09433691876888542,0.09433691876888539,0.09433691876888542,0.09433691876888539,0.09433691876888542,0.09433691876888542,0.09433691876888542,0.09433691876888539,0.09433691876888539,0.09433691876888542,0.09433691876888539,0.09433691876888542,0.09433691876888542,0.09433691876888542,0.09433691876888542,0.09433691876888539,0.09433691876888542,0.0943369187688854,0.09433691876888539,0.09433691876888539,0.09433691876888539,0.0943369187688854,0.0943369187688854,0.09433691876888539,0.0943369187688854,0.0943369187688854,0.09433691876888539,0.0943369187688854,0.09433691876888539,0.0943369187688854,0.0943369187688854,0.09433691876888539,0.0943369187688854,0.0943369187688854,0.09433691876888539,0.0943369187688854,0.0943369187688854,0.0943369187688854,0.0943369187688854,0.09433691876888539,0.0943369187688854,0.0943369187688854,0.09433691876888539,0.0943369187688854,0.0943369187688854,0.0943369187688854,0.0943369187688854,0.0943369187688854,0.0943369187688854,0.0943369187688854,0.09433691876888539,0.09433691876888539,0.0943369187688854,0.0943369187688854,0.0943369187688854,0.0943369187688854,0.0943369187688854,0.0943369187688854,0.0943369187688854,0.0943369187688854,0.0943369187688854,0.0943369187688854,0.09433691876888539,0.0943369187688854,0.0943369187688854,0.0943369187688854,0.0943369187688854,0.0943369187688854,0.0943369187688854,0.0943369187688854,0.09433691876888539,0.0943369187688854,0.09433691876888539,0.0943369187688854,0.0943369187688854,0.09433691876888542,0.09433691876888542,0.09433691876888542,0.09433691876888542,0.09433691876888542,0.09433691876888539,0.09433691876888542,0.09433691876888542,0.09433691876888542,0.09433691876888542,0.09433691876888539,0.09433691876888539,0.09433691876888542,0.09433691876888542,0.09433691876888542,0.09433691876888539,0.09433691876888539,0.09433691876888542,0.09433691876888542,0.09433691876888542,0.09433691876888542,0.09433691876888542,0.09433691876888542,0.09433691876888542,0.09433691876888542,0.09433691876888542,0.0943369187688854,0.09433691876888539,0.09433691876888542,0.09433691876888542,0.09433691876888542,0.09433691876888542,0.09433691876888542,0.09433691876888542,0.0943369187688854,0.0943369187688854,0.09433691876888542,0.09433691876888542,0.09433691876888539,0.09433691876888539,0.0943369187688854,0.0943369187688854,0.0943369187688854,0.0943369187688854,0.0943369187688854,0.0943369187688854,0.0943369187688854,0.0943369187688854,0.0943369187688854,0.0943369187688854,0.0943369187688854,0.09433691876888542,0.0943369187688854,0.0943369187688854,0.0943369187688854,0.0943369187688854,0.0943369187688854,0.0943369187688854,0.09433691876888539,0.09433691876888539,0.09433691876888539,0.09433691876888538,0.09433691876888538,0.09433691876888538,0.09433691876888538,0.0943369187688854,0.0943369187688854,0.0943369187688854,0.09433691876888538,0.09433691876888538,0.0943369187688854,0.0943369187688854,0.0943369187688854,0.0943369187688854,0.0943369187688854,0.0943369187688854,0.0943369187688854,0.0943369187688854,0.0943369187688854,0.0943369187688854,0.0943369187688854,0.09433691876888539,0.09433691876888539,0.09433691876888539,0.09433691876888539,0.0943369187688854,0.09433691876888539,0.09433691876888539,0.0943369187688854,0.0943369187688854,0.09433691876888539,0.09433691876888539,0.09433691876888539,0.0943369187688854,0.0943369187688854,0.0943369187688854,0.0943369187688854,0.0943369187688854,0.0943369187688854,0.0943369187688854,0.09433691876888542,0.09433691876888539,0.09433691876888542,0.0943369187688854,0.0943369187688854,0.0943369187688854,0.0943369187688854,0.0943369187688854,0.09433691876888542,0.09433691876888542,0.09433691876888539,0.09433691876888542,0.09433691876888539,0.09433691876888545,0.09433691876888545,0.09433691876888543,0.09433691876888545,0.09433691876888545,0.09433691876888543,0.09433691876888543,0.09433691876888545,0.09433691876888545,0.09433691876888545,0.09433691876888543,0.09433691876888543,0.09433691876888543,0.09433691876888543,0.09433691876888543,0.09433691876888546,0.09433691876888543,0.09433691876888543,0.09433691876888543,0.09433691876888543,0.09433691876888546,0.09433691876888543,0.09433691876888543,0.09433691876888546,0.09433691876888546,0.09433691876888546,0.09433691876888546,0.09433691876888546,0.09433691876888547,0.09433691876888546,0.09433691876888546,0.09433691876888546,0.09433691876888546,0.09433691876888546,0.09433691876888546,0.09433691876888546,0.09433691876888547,0.09433691876888546,0.09433691876888546,0.09433691876888546,0.09433691876888543,0.09433691876888546,0.09433691876888546,0.09433691876888546,0.09433691876888546,0.09433691876888546,0.09433691876888546,0.09433691876888546,0.09433691876888546,0.09433691876888546,0.09433691876888546,0.09433691876888546,0.09433691876888546,0.09433691876888546,0.09433691876888546,0.09433691876888546,0.09433691876888546,0.09433691876888546,0.09433691876888547,0.09433691876888546,0.09433691876888546,0.09433691876888542,0.09433691876888542,0.09433691876888542,0.09433691876888542,0.09433691876888542,0.09433691876888542,0.09433691876888542,0.09433691876888542,0.09433691876888542,0.09433691876888542,0.09433691876888539,0.09433691876888542,0.09433691876888539,0.09433691876888542,0.0943369187688854,0.0943369187688854,0.0943369187688854,0.0943369187688854,0.09433691876888542,0.0943369187688854,0.0943369187688854,0.0943369187688854,0.0943369187688854,0.0943369187688854,0.0943369187688854,0.09433691876888542,0.0943369187688854,0.09433691876888542,0.09433691876888539,0.09433691876888542,0.09433691876888539,0.09433691876888539,0.09433691876888539,0.0943369187688854,0.09433691876888542,0.09433691876888539,0.09433691876888542,0.09433691876888539,0.09433691876888542,0.09433691876888542,0.09433691876888542,0.09433691876888539,0.09433691876888539,0.09433691876888542,0.09433691876888539,0.09433691876888539,0.09433691876888542,0.09433691876888539,0.09433691876888542,0.09433691876888539,0.09433691876888539,0.09433691876888542,0.09433691876888539,0.09433691876888539,0.09433691876888539,0.09433691876888539,0.09433691876888542,0.09433691876888539,0.09433691876888542,0.09433691876888539,0.09433691876888539,0.09433691876888542,0.09433691876888539,0.09433691876888539,0.09433691876888539,0.09433691876888539,0.09433691876888539,0.09433691876888539,0.09433691876888542,0.09433691876888539,0.09433691876888539,0.09433691876888542,0.09433691876888539,0.09433691876888539,0.09433691876888539,0.09433691876888539,0.09433691876888542,0.09433691876888539,0.09433691876888542,0.09433691876888539,0.09433691876888539,0.09433691876888542,0.09433691876888539,0.09433691876888539,0.09433691876888539,0.09433691876888539,0.09433691876888539,0.09433691876888539,0.09433691876888539,0.09433691876888539,0.09433691876888539,0.0943369187688854,0.09433691876888539,0.09433691876888539,0.09433691876888539,0.09433691876888539,0.09433691876888539,0.09433691876888539,0.09433691876888539,0.09433691876888539,0.09433691876888539,0.09433691876888542,0.09433691876888539,0.09433691876888539,0.09433691876888539,0.09433691876888539,0.0943369187688854,0.09433691876888539,0.09433691876888539,0.09433691876888539,0.09433691876888539,0.0943369187688854,0.09433691876888539,0.09433691876888539,0.0943369187688854,0.09433691876888539,0.09433691876888539,0.09433691876888539,0.09433691876888539,0.09433691876888539,0.09433691876888539,0.09433691876888539,0.09433691876888539,0.09433691876888539,0.09433691876888539,0.09433691876888539,0.09433691876888539,0.09433691876888539,0.09433691876888539,0.09433691876888539,0.09433691876888539,0.09433691876888539,0.09433691876888539,0.09433691876888539,0.09433691876888543,0.09433691876888543,0.09433691876888543,0.09433691876888543,0.09433691876888543,0.09433691876888543,0.09433691876888543,0.09433691876888543,0.09433691876888543,0.09433691876888543,0.09433691876888546,0.09433691876888543,0.09433691876888543,0.09433691876888543,0.09433691876888543,0.09433691876888543,0.09433691876888543,0.09433691876888543,0.09433691876888543,0.09433691876888546,0.09433691876888543,0.09433691876888546,0.09433691876888543,0.09433691876888543,0.09433691876888543,0.09433691876888543,0.09433691876888543,0.09433691876888543,0.09433691876888546,0.09433691876888543,0.09433691876888543,0.09433691876888546,0.09433691876888543,0.09433691876888543,0.09433691876888543,0.09433691876888543,0.09433691876888543,0.09433691876888543,0.09433691876888546,0.09433691876888543,0.09433691876888543,0.09433691876888546,0.09433691876888543,0.09433691876888546,0.0943369187688854,0.09433691876888542,0.09433691876888542,0.09433691876888542,0.09433691876888542,0.09433691876888542,0.09433691876888542,0.09433691876888542,0.09433691876888542,0.09433691876888542,0.09433691876888539,0.09433691876888539,0.09433691876888539,0.09433691876888539,0.09433691876888545,0.09433691876888543,0.09433691876888543,0.09433691876888545,0.09433691876888545,0.09433691876888543,0.09433691876888545,0.09433691876888545,0.09433691876888545,0.09433691876888545,0.09433691876888543,0.09433691876888543,0.09433691876888545,0.09433691876888545,0.09433691876888545,0.09433691876888545,0.09433691876888545,0.09433691876888542,0.0943369187688854,0.0943369187688854,0.09433691876888542,0.09433691876888542,0.09433691876888542,0.0943369187688854,0.0943369187688854,0.0943369187688854,0.0943369187688854,0.0943369187688854,0.09433691876888539,0.09433691876888539,0.09433691876888539,0.09433691876888538,0.09433691876888539,0.09433691876888538,0.09433691876888539,0.09433691876888539,0.09433691876888539,0.09433691876888539,0.09433691876888539,0.09433691876888539,0.09433691876888539,0.09433691876888539,0.09433691876888539,0.09433691876888539,0.09433691876888539,0.09433691876888539,0.09433691876888539,0.09433691876888539,0.09433691876888539,0.09433691876888539,0.09433691876888539,0.09433691876888539,0.09433691876888539,0.09433691876888539,0.09433691876888539,0.09433691876888539,0.09433691876888539,0.09433691876888539,0.09433691876888539,0.09433691876888539,0.09433691876888539,0.09433691876888539,0.09433691876888539,0.09433691876888539,0.09433691876888539,0.09433691876888539,0.09433691876888539,0.09433691876888539,0.09433691876888539,0.09433691876888539,0.0943369187688854,0.0943369187688854,0.09433691876888539,0.09433691876888539,0.09433691876888539,0.09433691876888539,0.09433691876888539,0.0943369187688854,0.0943369187688854,0.0943369187688854,0.0943369187688854,0.09433691876888539,0.09433691876888539,0.09433691876888539,0.09433691876888539,0.0943369187688854,0.0943369187688854,0.0943369187688854,0.0943369187688854,0.09433691876888539,0.09433691876888539,0.09433691876888539,0.09433691876888539,0.09433691876888539,0.09433691876888539,0.09433691876888539,0.09433691876888539,0.09433691876888539,0.09433691876888539,0.09433691876888539,0.09433691876888539,0.09433691876888539,0.0943369187688854
1,0.0,0.0,0.0,0.0,0.0,0.0,0.0,0.0,0.0,0.0,0.0,0.0,0.0,0.0,0.0,0.0,0.0,0.0,0.0,0.0,0.0,0.0,0.0,0.0,0.0,0.0,0.0,0.0,0.0,0.0,0.0,0.0,0.0,0.0,0.0,0.0,0.0,0.0,0.0,0.0,0.0,0.0,0.0,0.0,0.0,0.0,0.0,0.0,0.0,0.0,0.0,0.0,0.0,0.0,0.0,0.0,0.0,0.0,0.0,0.0,0.0,0.0,0.0,0.0,0.0,0.0,0.0,0.0,0.0,0.0,0.0,0.0,0.0,0.0,0.0,0.0,0.0,0.0,0.0,0.0,0.0,0.0,0.0,0.0,0.0,0.0,0.0,0.0,0.0,0.0,0.0,0.0,0.0,0.0,0.0,0.0,0.0,0.0,0.0,0.0,0.0,0.0,0.0,0.0,0.0,0.0,0.0,0.0,0.0,0.0,0.0,0.0,0.0,0.0,0.0,0.0,0.0,0.0,0.0,0.0,0.0,0.0,0.0,0.0,0.0,0.0,0.0,0.0,0.0,0.0,0.0,0.0,0.0,0.0,0.0,0.0,0.0,0.0,0.0,0.0,0.0,0.0,0.0,0.0,0.0,0.0,0.0,0.0,0.0,0.0,0.0,0.0,0.0,0.0,0.0,0.0,0.0,0.0,0.0,0.0,0.0,0.0,0.0,0.0,0.0,0.0,0.0,0.0,0.0,0.0,0.0,0.0,0.0,0.0,0.0,0.0,0.0,0.0,0.0,0.0,0.0,0.0,0.0,0.0,0.0,0.0,0.0,0.0,0.0,0.0,0.0,0.0,0.0,0.0,0.0,0.0,0.0,0.0,0.0,0.0,0.0,0.0,0.0,0.0,0.0,0.0,0.0,0.0,0.0,0.0,0.0,0.0,0.0,0.0,0.0,0.0,0.0,0.0,0.0,0.0,0.0,0.0,0.0,0.0,0.0,0.0,0.0,0.0,0.0,0.0,0.0,0.0,0.0,0.0,0.0,0.0,0.0,0.0,0.0,0.0,0.0,0.0,0.0,0.0,0.0,0.0,0.0,0.0,0.0,0.0,0.0,0.0,0.0,0.0,0.0,0.0,0.0,0.0,0.0,0.0,0.0,0.0,0.0,0.0,0.0,0.0,0.0,0.0,0.0,0.0,0.0,0.0,0.0,0.0,0.0,0.0,0.0,0.0,0.0,0.0,0.0,0.0,0.0,0.0,0.0,0.0,0.0,0.0,0.0,0.0,0.0,0.0,0.0,0.0,0.0,0.0,0.0,0.0,0.0,0.0,0.0,0.0,0.0,0.0,0.0,0.0,0.0,0.0,0.0,0.0,0.0,0.0,0.0,0.0,0.0,0.0,0.0,0.0,0.0,0.0,0.0,0.0,0.0,0.0,0.0,0.0,0.0,0.0,0.0,0.0,0.0,0.0,0.0,0.0,0.0,0.0,0.0,0.0,0.0,0.0,0.0,0.0,0.0,0.0,0.0,0.0,0.0,0.0,0.0,0.0,0.0,0.0,0.0,0.0,0.0,0.0,0.0,0.0,0.0,0.0,0.0,0.0,0.0,0.0,0.0,0.0,0.0,0.0,0.0,0.0,0.0,0.0,0.0,0.0,0.0,0.0,0.0,0.0,0.0,0.0,0.0,0.0,0.0,0.0,0.0,0.0,0.0,0.0,0.0,0.0,0.0,0.0,0.0,0.0,0.0,0.0,0.0,0.0,0.0,0.0,0.0,0.0,0.0,0.0,0.0,0.0,0.0,0.0,0.0,0.0,0.0,0.0,0.0,0.0,0.0,0.0,0.0,0.0,0.0,0.0,0.0,0.0,0.0,0.0,0.0,0.0,0.0,0.0,0.0,0.0,0.0,0.0,0.0,0.0,0.0,0.0,0.0,0.0,0.0,0.0,0.0,0.0,0.0,0.0,0.0,0.0,0.0,0.0,0.0,0.0,0.0,0.0,0.0,0.0,0.0,0.0,0.0,0.0,0.0,0.0,0.0,0.0,0.0,0.0,0.0,0.0,0.0,0.0,0.0,0.0,0.0,0.0,0.0,0.0,0.0,0.0,0.0,0.0,0.0,0.0,0.0,0.0,0.0,0.0,0.0,0.0,0.0,0.0,0.0,0.0,0.0,0.0,0.0,0.0,0.0,0.0,0.0,0.0,0.0,0.0,0.0,0.0,0.0,0.0,0.0,0.0,0.0,0.0,0.0,0.0,0.0,0.0,0.0,0.0,0.0,0.0,0.0,0.0,0.0,0.0,0.0,0.0,0.0,0.0,0.0,0.0,0.0,0.0,0.0,0.0,0.0,0.0,0.0,0.0,0.0,0.0,0.0,0.0,0.0,0.0,0.0,0.0,0.0,0.0,0.0,0.0,0.0,0.0,0.0,0.0,0.0,0.0,0.0,0.0,0.0,0.0,0.0,0.0,0.0,0.0,0.0,0.0,0.0,0.0,0.0,0.0,0.0,0.0,0.0,0.0,0.0,0.0,0.0,0.0,0.0,0.0,0.0,0.0,0.0,0.0,0.0,0.0,0.0,0.0,0.0,0.0,0.0,0.0,0.0,0.0,0.0,0.0,0.0,0.0,0.0,0.0,0.0,0.0,0.0,0.0,0.0,0.0,0.0,0.0,0.0,0.0,0.0,0.0,0.0,0.0,0.0,0.0,0.0,0.0,0.0,0.0,0.0,0.0,0.0,0.0,0.0,0.0,0.0,0.0,0.0,0.0,0.0,0.0,0.0,0.0,0.0,0.0,0.0,0.0,0.0,0.0,0.0,0.0,0.0,0.0,0.0,0.0,0.0,0.0,0.0,0.0,0.0,0.0,0.0,0.0,0.0,0.0,0.0,0.0,0.0,0.0,0.0,0.0,0.0,0.0,0.0,0.0,0.0,0.0,0.0,0.0,0.0,0.0,0.0,0.0,0.0,0.0,0.0,0.0,0.0,0.0,0.0,0.0,0.0,0.0,0.0,0.0,0.0,0.0,0.0,0.0,0.0,0.0,0.0,0.0,0.0,0.0,0.0,0.0,0.0,0.0,0.0,0.0,0.0,0.0,0.0,0.0,0.0,0.0,0.0,0.0,0.0,0.0,0.0,0.0,0.0,0.0,0.0,0.0,0.0,0.0,0.0,0.0,0.0,0.0,0.0,0.0,0.0,0.0,0.0,0.0,0.0,0.0,0.0,0.0,0.0,0.0,0.0,0.0,0.0,0.0,0.0,0.0,0.0,0.0,0.0,0.0,0.0,0.0,0.0,0.0,0.0,0.0,0.0,0.0,0.0,0.0,0.0,0.0,0.0,0.0,0.0,0.0,0.0,0.0,0.0,0.0,0.0,0.0,0.0,0.0,0.0,0.0,0.0,0.0,0.0,0.0,0.0,0.0,0.0,0.0,0.0,0.0,0.0,0.0,0.0,0.0,0.0,0.0,0.0,0.0,0.0,0.0,0.0,0.0,0.0,0.0,0.0,0.0,0.0,0.0,0.0,0.0,0.0,0.0,0.0,0.0,0.0,0.0,0.0,0.0,0.0,0.0,0.0,0.0,0.0,0.0,0.0,0.0,0.0,0.0,0.0,0.0,0.0,0.0,0.0,0.0,0.0,0.0,0.0,0.0,0.0,0.0,0.0,0.0,0.0,0.0,0.0,0.0,0.0,0.0,0.0,0.0,0.0,0.0,0.0,0.0,0.0,0.0,0.0,0.0,0.0,0.0,0.0,0.0,0.0,0.0,0.0,0.0,0.0,0.0,0.0,0.0,0.0,0.0,0.0,0.0,0.0,0.0,0.0,0.0,0.0,0.0,0.0,0.0,0.0,0.0,0.0,0.0,0.0,0.0,0.0,0.0,0.0,0.0,0.0,0.0,0.0,0.0,0.0,0.0,0.0,0.0,0.0,0.0,0.0,0.0,0.0,0.0,0.0,0.0,0.0,0.0,0.0,0.0,0.0,0.0,0.0,0.0,0.0,0.0,0.0,0.0,0.0,0.0,0.0,0.0,0.0,0.0,0.0,0.0,0.0,0.0,0.0,0.0,0.0,0.0,0.0,0.0,0.0,0.0,0.0,0.0,0.0,0.0,0.0,0.0,0.0,0.0,0.0,0.0,0.0,0.0,0.0,0.0,0.0,0.0,0.0,0.0,0.0,0.0,0.0,0.0,0.0,0.0,0.0,0.0,0.0,0.0,0.0,0.0,0.0,0.0,0.0,0.0,0.0,0.0,0.0,0.0,0.0,0.0,0.0,0.0,0.0,0.0,0.0,0.0,0.0,0.0,0.0,0.0,0.0,0.0,0.0,0.0,0.0,0.0,0.0,0.0,0.0,0.0,0.0,0.0,0.0,0.0,0.0,0.0,0.0,0.0,0.0,0.0,0.0,0.0,0.0,0.0,3.505302976756167e-33,7.426146471647618e-32,5.228187593160765e-32,5.228187593160764e-32,4.8179275362269915e-32,4.812468575557126e-32,5.394823033153681e-32,5.395351424530397e-32,5.395351424530397e-32,5.3953514245304e-32,3.9968012122151685e-32,4.0885749814733205e-32,7.098693632056426e-32,7.098706713690546e-32,7.098706713690546e-32,7.098706713690548e-32,1.247066553668306e-31,1.2406013968102104e-31,1.2406013968102104e-31,1.2406013968102117e-31,1.240601396810218e-31,1.2466611515707228e-31,1.2770945351429376e-31,1.2770846015385723e-31,-3.0450776566720233e-31,2.8634184031939836e-40,-4.589039387564108e-39,2.3107482157044587e-36,1.9564272033844064e-36,2.491297905992371e-36,2.4912979116739804e-36,-1.0491696952632913e-31,-8.473334623859723e-51,-1.8068847171725866e-37,-2.4638630267012236e-34,3.747820166232749e-37,3.7478201662327498e-37,8.884744553456172e-34,8.86843412201807e-34,1.5941757151274897e-32,-5.450695151001712e-31,-4.34624827605922e-39,-1.7837687402485477e-33,3.504963435588466e-37,-4.251197048986218e-34,2.4715613142654014e-32,2.471561314265402e-32,2.4715613142654036e-32,2.4715655920504325e-32,2.4848298366106236e-32,2.4848343239796685e-32,2.484834323979669e-32,2.4848343239796685e-32,2.4848343239796576e-32,2.3649308301538018e-32,2.7470729775264556e-32,2.747064633341081e-32,2.6371160244391763e-32,2.6371103687373983e-32,2.4909930374757884e-32,-2.1034464581474988e-32,4.977796680478254e-37,3.7798340852673956e-34,3.7798339728029834e-34,3.777620142055885e-34,2.254242689588546e-34,-8.581440272182863e-33,5.423083316855855e-39,5.4209321145449554e-39,-8.359159825818201e-36,3.3916723427666004e-37,-5.1875012046145445e-33,1.7538119752042793e-36,1.723856816389999e-36,1.751615351559611e-36,-1.731931790887051e-33,7.186741304349253e-33,7.186245839285031e-33,9.468005316765512e-33,9.468005315556935e-33,9.465459883140781e-33,9.465459883140352e-33,-3.0820724373275295e-33,-4.9344205032411174e-33,-2.6786732038910192e-37,1.9032737675176596e-59,-1.1531696261142538e-31,3.0268166322406528e-33,3.0269203731428757e-33,8.858053785892492e-33,-3.2021028237082526e-31,-6.1646994501158094e-40,5.367946725618636e-38,-5.772030291546767e-34,-1.5085490487572134e-36,-4.4732643152776747e-54,4.9164304298746694e-42,-3.198509611211955e-37,-1.1950138350299046e-37,-1.8534139520857724e-38,-2.534807612958044e-31,-2.1375111431632644e-50,-6.385622289278155e-42,-3.853655377231402e-48,8.00302432705043e-37,5.971036667648913e-36,4.173436992777307e-36,4.17337739992275e-36,4.279758774700686e-36,4.437179953705499e-36,4.4455634360964734e-36,4.4455634360964714e-36,8.893260871361575e-36,8.893258704819954e-36,8.8932587049051e-36,8.899247394134006e-36,1.2167908173574066e-35,-1.9109822609194694e-32,-8.730725653657208e-42,1.5344775317222727e-37,3.256022701398421e-32,3.255997814573613e-32,3.2559978145736134e-32,3.25599877198439e-32,3.2559609271864205e-32,3.2410588017412796e-32,3.2410775469271565e-32,3.224424536550191e-32,3.2244655281516134e-32,3.224703884627722e-32,3.213539042608601e-32,-1.0837234118014142e-32,-5.52421621434229e-39,-6.576013977105141e-33,-3.706898625125749e-32,4.754230403521939e-33,-8.250933409342735e-32,-1.1716650944531786e-33,9.475526085527274e-33,9.475526085527275e-33,9.480516139785923e-33,9.480516151394972e-33,9.857557488080139e-33,2.1277072908451196e-32,3.3636287042726233e-32,3.411517718184031e-32,3.411517718126166e-32,3.487227565020569e-32,3.487549765239734e-32,3.8642367494142054e-32,4.2158957205039396e-32,4.2158957205039374e-32,4.13360992143252e-32,9.877353798590737e-32,9.87731109251936e-32,9.892790403191277e-32,9.892790476485258e-32,9.892790476485273e-32,9.892790476485271e-32,9.89734251468424e-32,1.7095679208947176e-31,1.709568000659496e-31,1.709568000659496e-31,1.709568000659497e-31,1.709567999273113e-31,1.720031774192751e-31,1.7200317741927515e-31,1.7200314010425373e-31,1.7200314010435493e-31,1.7566130016000068e-31,1.756605256013716e-31,1.6097974560676766e-31,1.6097974560676773e-31,1.6097974560672457e-31,1.6097974560672457e-31,1.6090824526570176e-31,1.615582275951071e-31,1.615576265836602e-31,1.6083114310777568e-31,1.6255634837054609e-31,1.6439127988726845e-31,1.6439125906989862e-31,1.6434074083863462e-31,1.245826404251106e-31,1.2458264042511073e-31,1.1897676412169613e-31,1.1205253007653809e-31,1.1205238903102635e-31,1.1216367846707668e-31,1.1205416503701995e-31,1.120541650370201e-31,1.1206416144363306e-31,1.1207220409194137e-31,1.1461300144525952e-31,1.1464674449242243e-31,1.1464674449242243e-31,1.146441569294271e-31,1.1464315869773911e-31,1.1463863304443053e-31,1.1463863304443053e-31,1.146386330433278e-31,1.146386330433278e-31,2.4187990350029416e-31,4.553998820686541e-32,4.553886079873681e-32,-4.4836224582338825e-32,-1.309629332687322e-54,-1.1398640048388995e-32,2.6302296588763395e-34,2.613611915214164e-34,2.613611915214163e-34,-3.224493376273123e-32,2.0671150773015664e-46,3.5544618768645514e-38,-3.806613517474969e-37,1.5860918986154344e-36,1.5860918986154337e-36,1.5860877920765477e-36,1.9351983309386962e-36,2.346319509145685e-36,3.7775124547705673e-35,1.2006063235750443e-33,1.2006064230487181e-33,1.1989342499756904e-33,1.1989696049858201e-33,5.814901126424339e-32,-9.233611889388705e-31,-3.887419127670488e-39,-1.7790180277396174e-46,-1.9441539470966133e-35,9.447756717232223e-35,9.447763311551664e-35,-5.287784791602524e-34,1.9143507665752582e-42,1.9143792607679146e-42,-3.699418786941871e-32,4.2626185041579997e-32,4.26227159477712e-32,4.262271594777119e-32,4.26227159477712e-32,4.2625128846410556e-32,3.777642250269629e-32,3.777642184468458e-32,3.777858536923406e-32,3.777858536923407e-32,3.777788588214371e-32,6.671554257751921e-32,4.760483847724522e-32,4.771983385005569e-32,4.2518236533018397e-32,4.251823530316327e-32,4.2504630028403904e-32,4.247504406651786e-32,4.901224649997371e-33,4.394757786596156e-33,2.1180418834086104e-33,2.118041883382688e-33,-1.7085745549058937e-32,1.137331641269161e-34,8.583966250354312e-33,8.583966250300735e-33,8.583966250300737e-33,8.583312382766322e-33,8.586506914434549e-33,8.583485215800442e-33,6.290378460521654e-33,6.290378460521657e-33,6.290385410425919e-33,6.30410390572105e-33,6.304103905721048e-33,6.216907674390429e-33,6.215999961885442e-33,6.215999961885441e-33,6.21600577043369e-33,6.216166188886561e-33,2.083146821404808e-32,1.29665457625929e-32,1.29665457626593e-32,1.2966545762590945e-32,1.2966540025431587e-32,1.2987137864170022e-32,1.2649940176613234e-32,1.265090769109576e-32,1.265090769109576e-32,1.3178271590581593e-32,1.3656835028022752e-32,1.6842607510675912e-32,1.6845326373393012e-32,1.0389553847071095e-32,1.0389491301265388e-32,1.039192512733701e-32,1.0391905057907389e-32,1.0391500784180901e-32,1.0391500784180902e-32,1.039150061212544e-32,1.0391500612125441e-32,1.0391500612288363e-32,-2.927536384481916e-32,1.948764012880226e-33,1.9487640113657867e-33,1.9487640113657894e-33,4.4148464015955885e-32,4.409024894262941e-32,5.731341859254198e-32,5.591228504256653e-32,5.591228504256653e-32,5.590114245660225e-32,5.5897253611919e-32,8.080441572649867e-32,9.614995222510931e-32,3.9827285858993875e-32,7.966930904330653e-32,7.906981293720991e-32,7.915653055287619e-32,7.929491296963454e-32,3.8238012805818996e-32,3.8238012801792923e-32,-1.2327321261777351e-31,2.526780228620197e-46,5.01657320906696e-36,-2.567149869932034e-32,7.186669938127185e-35,7.186893110776277e-35,1.315266891317975e-33,1.3500412731526695e-33,1.0402360861455445e-32,3.6167049035706977e-32,3.616704903570698e-32,3.61671900980284e-32,3.638934181128087e-32,3.6389884249660237e-32,3.662070411337189e-32,3.6620704113371805e-32,3.6620704113371843e-32,3.662070411337187e-32,3.662100177971183e-32,4.45628898739816e-32,4.4486102685934376e-32,4.448610282103297e-32,4.4486102821032975e-32,4.4074724510319607e-32,4.4071413611680595e-32,-7.41623522889544e-33,1.1181568755269039e-55,4.986514640177317e-32,5.004971931624125e-32,4.7980267643172785e-32,4.798033584139061e-32,4.763476471457222e-32,4.7634764714572195e-32,4.763491815310367e-32,4.7638491520776233e-32,4.768868610727861e-32,4.7689410503394486e-32,4.7689410503391377e-32,4.7689410503391377e-32,4.7689410503391355e-32,4.7689380170753627e-32,4.768608901593475e-32,4.769201714083427e-32,4.76920239857973e-32,4.769202398579754e-32,1.3937447410746647e-31,1.385673170737437e-31,1.385533174234889e-31,1.3855331742348888e-31,1.3855538952401288e-31,1.3855538952401305e-31,1.465707036651346e-31,1.4657171483486703e-31,1.4657172195259453e-31,1.465717219525945e-31,1.4657172195259464e-31,1.4660118544400038e-31,1.466551288333092e-31,1.4675035359639352e-31,1.236808329180455e-31,1.2368083291804553e-31,1.2377039505121744e-31,1.2378556454637998e-31,1.2376380232130943e-31,1.2368947342594545e-31,1.2368947342594545e-31,1.3694382149877412e-31,1.3678387086130602e-31,1.3678398462456788e-31,1.3069733841517119e-31,9.834397060252059e-32,9.836190466965352e-32,9.836190466965346e-32,9.835805709749803e-32,9.835805709749813e-32,9.835805709749646e-32,9.605935881486904e-32,9.605935881486902e-32,9.604491725911991e-32,9.604418603677187e-32,9.52968260501338e-32,9.529906894357585e-32,9.529906894471047e-32,9.529906894471044e-32,8.701173346329599e-32,4.201958577898886e-32,4.274595667355746e-32,4.281676066523868e-32,4.280274034451512e-32,2.2077867471365736e-32,2.2077869042933105e-32,2.198249313805665e-32,2.1982508488332215e-32,2.198094129361165e-32,2.198093863714776e-32,-2.0810510343085505e-31,-2.0596703910706428e-32,-1.7143954756286662e-40,-5.087934323552062e-42,5.6048632114969656e-33,2.9736678999585008e-33,1.2241635857552551e-33,1.9418562847113864e-32,1.942403821571144e-32,2.105802919972407e-32,2.162030074905128e-32,2.1704868227285353e-32,-4.6872882013435935e-32,-1.3117663795686114e-33,-1.931422824526685e-41,-3.135530870030365e-34,2.6229543988350938e-36,1.4485092503446246e-32,1.448673728948816e-32,1.443366488295622e-32,1.4433592223534166e-32,1.0765029930730036e-30,1.0764779795743544e-30,1.0764779783318716e-30,1.0764779759562493e-30,1.063000600648244e-30,1.0630006006482435e-30,1.0540949937573665e-30,1.0541024414913084e-30,1.0553395699091187e-30,1.0553395713752637e-30,1.0553395713752637e-30,1.0598425642766248e-30,1.059870039688924e-30,1.0598638016993745e-30,1.0598637881606015e-30,1.059863803885958e-30,1.0598446517128715e-30,1.0598460774270378e-30,1.0598460250530552e-30,1.0650871819527951e-30,1.0643889257862325e-30,1.0643889257862327e-30,1.0643863395945111e-30,1.064399010466624e-30,1.0643984781109403e-30,1.0645319325567252e-30,1.0645319325611601e-30,1.0645124835833824e-30,1.0291856935493856e-30,1.02935252307809e-30,1.0227151821231555e-30,1.0225563838816435e-30,1.0225563839295485e-30,1.0225563839295485e-30,1.0360155474896484e-30,1.036016050719188e-30,1.0360160503820145e-30,1.0360160503820149e-30,1.036016050382015e-30,1.0370910439613894e-30,1.0383170573700956e-30,1.0383169815949658e-30,1.0383169747827973e-30,1.0241958262794482e-30,1.0241949173298323e-30,1.0241982968458071e-30,1.024111903194703e-30,1.0241115185891743e-30,1.0241115182443223e-30,1.0241115182443237e-30,1.0241071235747815e-30,1.0242857869301913e-30,1.024283258148478e-30,1.0486824860251666e-30,1.0486824875123264e-30,1.0503525374090531e-30,1.0503522324850132e-30,1.029674485699539e-30,1.0296876648989936e-30,1.0296876648989935e-30,1.0296876648989938e-30,1.0363640259673735e-30,1.0363640252577006e-30,1.0363639374668184e-30,1.036357811353448e-30,1.0363578113532528e-30,1.0363965868257768e-30,1.0363923111950158e-30,1.034911310747769e-30,1.034911310747769e-30,1.0349113112597656e-30,1.0349113112597658e-30,1.0364528314160312e-30,1.0377935544057761e-30,1.0377935544057761e-30,1.0696566231988516e-30,1.08640487534492e-30,1.0864048753449202e-30,1.0785228649021495e-30,1.0785228649021495e-30,1.0785228655420813e-30,1.0785228655430391e-30,1.0785228655430375e-30,1.0785228359116594e-30,1.0785654960465501e-30,1.0785654884460015e-30,1.0785654947204902e-30,1.0812651109006862e-30,1.0812651109006866e-30,1.0812934262707257e-30,1.08129342627073e-30,1.081293428487799e-30,1.0812934280140526e-30,1.0812934280140526e-30,1.3532811604817577e-30,1.367324907751834e-30,1.3673249089864529e-30,1.3673562207016022e-30,1.3673562207016026e-30,1.3673395480083713e-30,1.3673402093388417e-30,1.3669872738297201e-30,1.3669872728594494e-30,1.3669872728594492e-30,1.3676283121260975e-30,1.3676559169175295e-30,1.3837572030373095e-30,1.3837572030373099e-30,1.3837572043742478e-30,1.3837572042154043e-30,1.3837573002702273e-30,1.4873416095353208e-30,1.6420337781431704e-30,1.6431570777705546e-30,1.6431570777705546e-30,1.6431661588026608e-30,1.6431661588026608e-30,1.643166094932793e-30,1.6430194220486518e-30,1.6430194219390535e-30,1.643019421939053e-30,1.642629699770463e-30,1.5637680469212065e-30,1.563767800696362e-30,1.5640903460964976e-30,1.5773478948449063e-30,1.577348467348218e-30,1.5856157685708343e-30,1.5856168728001822e-30,1.5367059198679055e-30,1.5367059175749415e-30,1.536705917574941e-30,1.5367084273898188e-30,1.5359860861187703e-30,1.5361847189474248e-30,1.5358849484092015e-30,1.5358849483308773e-30,1.5357245195127953e-30,1.5349503930107644e-30,1.4958040868608906e-30,7.293683526275417e-31,7.293688409486507e-31,7.2936884103251565e-31,1.5663960804235138e-30,1.5663960804235145e-30,1.5663962720475151e-30,1.5663962720463016e-30,1.5663745636708479e-30,1.5663750882065863e-30,1.5663750882065865e-30,1.5664096546539855e-30,1.5664093780133896e-30,1.56640937801758e-30,1.5664093780175817e-30,1.567313019359711e-30,1.5724578434193386e-30,1.5724664014586028e-30,1.5724664014586025e-30,1.5724664014586035e-30,1.5714887062520379e-30,1.5715075481117572e-30,1.5803756932456943e-30,1.5806410514477268e-30,1.5806410514451004e-30,1.5806410514759822e-30,1.5397159810430067e-30,1.5397265453427518e-30,1.5395965123515191e-30,1.5395965123515191e-30,1.5395964982025265e-30,1.5395964982025274e-30,1.5400149395887273e-30,1.5400143962547139e-30,1.5300585646893215e-30,1.5301008132977133e-30,1.5301008132977147e-30,1.5385247193005936e-30,1.5385143956249663e-30,1.553928949161818e-30,1.5539307352882114e-30,1.553931366126038e-30,1.5539313661148091e-30,1.5539313661148095e-30,1.553929316918695e-30,1.5533518126054436e-30,1.5533518126054438e-30,1.5179179219531152e-30,1.5179277341154719e-30,1.517927734115471e-30,1.518011265222901e-30,1.518011265222901e-30,1.5180112652229007e-30,1.518011265222901e-30,1.517877399369288e-30,1.5043429090148748e-30,1.504342161302893e-30,1.5043421597918133e-30,1.5043421597918133e-30,1.5043421597603214e-30,1.5190637383236e-30,1.5190602747451442e-30,9.834078380326566e-31,9.834078386458298e-31,9.834078386458296e-31,1.024791994981792e-30,1.0714587335778385e-30,1.0709925443407629e-30,1.0709925443407627e-30,1.0527004649167094e-30,1.0527004649167092e-30,1.0497484885277533e-30,1.049748490085116e-30,1.0497484900729191e-30,1.0497484931781536e-30,1.0498259897484635e-30,1.049573341462934e-30,1.04252617170901e-30,1.0425261717090101e-30,1.0432427023257378e-30,1.0222913825843046e-30,1.0222913825843045e-30,1.0473172424278144e-30,1.0473122684324063e-30,1.0622993446811207e-30,9.857157355827104e-31,9.8571573561471e-31,9.863765907660562e-31,9.863765511249639e-31,1.5188270940669104e-30,1.5188264300368515e-30,1.518826430036851e-30,1.5185927259825763e-30,1.525596024798147e-30,2.9596121111474343e-30,2.959859930284331e-30,2.959859913961855e-30,2.9598599139618568e-30,2.959859913961858e-30,2.959846732009763e-30,2.9595982407809144e-30,2.9595017515090313e-30,2.959501751509033e-30,2.959501751102915e-30,2.9597175060583417e-30,2.9524914533543705e-30,2.9526802304960583e-30,2.952680230496058e-30,2.9523243920763866e-30,2.9523244082982282e-30,2.9508432538497214e-30,2.950843253849722e-30,2.9508431841054458e-30,2.9508431841054496e-30,2.9508431841052486e-30,2.9508535665837264e-30,2.954921526952031e-30,2.943785687946327e-30,2.9437992295142786e-30,2.9437992295142782e-30,2.9437991872301233e-30,2.9490190068741676e-30,2.949018990538771e-30,2.9490189905387715e-30,2.9490189876300658e-30,2.948843445636794e-30,2.948885146766584e-30,2.9286978184952888e-30,2.9266950745340524e-30,2.9266950745340524e-30,2.9266950745340545e-30,2.926739777423768e-30,2.921703641836323e-30,2.9217036578729503e-30,2.921703462496333e-30,2.9217034624979842e-30,2.921703462497986e-30,2.9218181717135823e-30,2.9218247174428393e-30,2.9196780784944485e-30,2.9196780784944474e-30,2.978856906896543e-30,2.986720019551762e-30,2.9820571965453602e-30,2.9820568968543408e-30,2.9820569145777168e-30,2.9820569177104663e-30,2.982056917710472e-30,3.0052213367957734e-30,2.8987007334440006e-30,2.8987007334440003e-30,2.8987007334440027e-30,2.8987007334440062e-30,2.898700733444005e-30,2.898700743787956e-30,2.809294505481751e-30,2.809333144489014e-30,2.8093331444891505e-30,2.8114567824411264e-30,2.8072220899007222e-30,2.8198315711193653e-30,2.805745659641752e-30,2.8011976191681803e-30,2.8011976191681803e-30,2.8084696160509634e-30,2.3988988581973847e-30,2.399858051320431e-30,2.3998580513204312e-30,2.399858051323232e-30,2.3996396320873232e-30,2.3996396740041824e-30,2.3996615968184387e-30,2.399607650790025e-30,2.399607650790025e-30,2.3996076507900258e-30,2.399577310126831e-30,2.399577307305298e-30,2.166402219329942e-30,2.1660910824587903e-30,2.201009911728585e-30,2.202809741389984e-30,2.309761056971439e-30,2.3105330882113196e-30,2.3098944668308528e-30,2.3160614848280364e-30,2.3160614848280354e-30,2.3160883431061474e-30,2.31608836198866e-30,2.3160883707684465e-30,2.316088370768446e-30,2.302755728342946e-30,2.3027557283429468e-30,2.3029455370957775e-30,2.30294553709443e-30,2.311210794273126e-30,2.3112107942665837e-30,2.1707938683591006e-30,2.170793868359102e-30,2.1707941769671003e-30,2.1962316127890912e-30,2.196347224841224e-30,2.196347224842002e-30,2.19654036894376e-30,2.1965403667252125e-30,2.1966107150765198e-30,2.1966107166846615e-30,2.1966107166846604e-30,2.1966107166846625e-30,2.1966106941232363e-30,2.1966106941239107e-30,2.196699986841734e-30,2.196699986841733e-30,2.1983551542195827e-30,2.1983551542144462e-30,2.1950021628258352e-30,2.2043349144860782e-30,2.2038697674801946e-30,2.2038697674820198e-30,2.20386976748202e-30,2.2043777180327963e-30,2.2045735958398824e-30,2.3248069536378883e-30,2.324806953702382e-30,2.324806953702382e-30,2.324806953702385e-30,2.320139482182229e-30,2.3143738621167628e-30,2.320564706658387e-30,2.320564706658387e-30,2.3205647066583874e-30,2.3290177268268547e-30,2.3289763406370057e-30,2.328976001313091e-30,2.306002387546957e-30,2.3060023875469573e-30,2.306002339292403e-30,2.2857013973974726e-30,2.2192711142418103e-30,2.2192744776720944e-30,2.2192744776720958e-30,2.2177823432428925e-30,2.197898499388543e-30,2.1979945710062627e-30,2.384954502081929e-30,2.3849543983472452e-30,2.3849543983472442e-30,2.384954398347246e-30,2.38669026863611e-30,2.3938744289421683e-30,2.3938744821124693e-30,2.393874483901836e-30,2.3938744839018367e-30,2.3938745479919505e-30,2.39387394787139e-30,2.393873922081352e-30,2.393873922081353e-30,2.393882125993733e-30,2.3938687831225298e-30,2.393868944624654e-30,2.402171480764089e-30,2.4021341424502368e-30,2.398937370535966e-30,2.398937370535966e-30,2.397840548505417e-30,2.3979819621279226e-30,2.397959576552425e-30,2.3979594991766543e-30,2.3979594993842833e-30,2.3979594993842833e-30,2.397957814040375e-30,2.3979646911161014e-30,2.3979646797910738e-30,2.397964702064266e-30,8.29290376504332e-31,8.278215395850002e-31,8.289231390589282e-31,8.289230856835402e-31,8.289230830809531e-31,8.289230830809531e-31,8.289143345780028e-31,8.289125884770399e-31,8.239310271938879e-31,8.243915781060568e-31,8.243915780823882e-31,8.24979435236048e-31,8.249711666968253e-31,8.18389016362794e-31,8.183732801128205e-31,8.183732801151128e-31,8.183732801151128e-31,8.183732422843666e-31,8.183812472348403e-31,8.183803907115658e-31,8.18380390618339e-31,8.183804283194588e-31,8.183804283194584e-31,8.188962751914817e-31,8.24404207999402e-31,8.243031338644003e-31,8.243031338644004e-31,8.243031338644006e-31,8.243244058714265e-31,8.243244899342862e-31,8.243254765732042e-31,8.245936676033491e-31,8.245936758576797e-31,8.245936758576802e-31,7.466055855667011e-31,7.447937469864758e-31,7.447343476262438e-31,7.448758146899879e-31,7.448758146901565e-31,7.453039601392551e-31,7.453428517657625e-31,7.4495698718073545e-31,7.449569888795005e-31,7.449567159328007e-31,7.450732093295345e-31,7.450732325971078e-31,7.311991149081801e-31,7.303369402369407e-31,7.303369402369405e-31,7.303369402348216e-31,7.303369402348216e-31,7.303369780413731e-31,7.302961468247478e-31,7.260003363330751e-31,7.260003312203386e-31,7.2600034841604206e-31,7.260003209411228e-31,7.2600032094112236e-31,7.272013621966459e-31,7.272013621966455e-31,7.272013621966772e-31,7.272594360595974e-31,7.272572514801455e-31,7.322415343473555e-31,7.322387860344733e-31,7.31825456456435e-31,7.318254564564349e-31,7.318257655502561e-31,7.318251027216887e-31,7.3036919156572485e-31,7.303691916246007e-31,7.303691916246006e-31,7.303691916689406e-31,7.212151439251722e-31,7.209928847907062e-31,7.210245841663138e-31,7.210245841689995e-31,7.210245841689995e-31,7.299116467738568e-31,7.216290913708232e-31,7.216287911498384e-31,7.216409172097517e-31,7.216409139908814e-31,7.217816385661689e-31,7.217815986239308e-31,7.217816129618419e-31,7.215490255259954e-31,7.21549025525995e-31,7.215490255259957e-31,7.21502981863839e-31,7.236680802261281e-31,7.236441510286443e-31,7.236800931824072e-31,7.2368031911963225e-31,7.116074184347609e-31,7.108091265692132e-31,7.108091265692134e-31,7.103252464074347e-31,7.103251789063953e-31,7.103251789036728e-31,7.103769053435271e-31,7.032350764755492e-31,7.032350872155283e-31,7.031557913656873e-31,7.031557913656866e-31,7.031867104721718e-31,7.031783354269943e-31,7.039559187794677e-31,7.041943124676985e-31,7.0419427105511994e-31,7.040881722794239e-31,3.950441934899646e-31,3.950128983351693e-31,3.9501290033082375e-31,3.9501290033082375e-31,3.950133303836738e-31,3.950114986913436e-31,3.935896108061082e-31,3.935896027910822e-31,3.9358960009908627e-31,3.9358960009908644e-31,3.7755663949743593e-31,3.7755718178037805e-31,3.7630802944681566e-31,3.7617949920587137e-31,3.7617935485575493e-31,3.7616957581633998e-31,3.7587527412909617e-31,3.7269710975969026e-31,3.7269710631572884e-31,3.7268810829448128e-31,3.7268873883848954e-31,3.726887388384896e-31,3.7920471820330792e-31,3.7945105611234347e-31,3.797007604936268e-31,3.797006271739509e-31,3.7970054891496066e-31,3.7970747017577377e-31,3.792377860079092e-31,3.779786169047398e-31,3.7797861690473963e-31,3.7797861690474007e-31,3.7797861690473985e-31,3.779786169047401e-31,3.7849030122035847e-31,3.7786488199291466e-31,3.7786488065545874e-31,3.7786559651116442e-31,3.6880271584752676e-31,3.688022008997164e-31,3.660223651317259e-31,3.6602203431308063e-31,3.6602203431308084e-31,6.0057672109154385e-31,6.005767195941679e-31,6.00576719594168e-31,6.00576719594168e-31,6.005767195948432e-31,6.005767195948433e-31,6.005767195829573e-31,6.005767195829326e-31,6.005767195829326e-31,6.005767195804149e-31,6.005767195804148e-31,6.005767195802185e-31,6.005767195725261e-31,6.005767195736027e-31,6.00576719570111e-31,6.00576719570111e-31,6.005767195701827e-31,6.0057671957018275e-31,6.005767195729409e-31,6.005767195730712e-31,6.005767195741758e-31,6.005767195721295e-31,6.005767195721297e-31,6.005767195723268e-31,6.005767195728548e-31,6.005767195738369e-31,6.00576719573837e-31,6.005767195738371e-31,6.005767195742821e-31,6.005767195736124e-31,6.005767195736124e-31,6.005767195736124e-31,6.005767195738152e-31,6.005767195738153e-31,6.005767195739418e-31,6.005767195743163e-31,6.0057671957416445e-31,6.0057671957416445e-31,6.0057671957416445e-31,6.0057671957416445e-31,6.0057671957416445e-31,6.0057671957416445e-31,6.005767195740429e-31,6.005767195740429e-31,6.005767195724075e-31,6.005767195724075e-31,6.005767195722657e-31,6.005767195722656e-31,6.005767195720115e-31,6.005767195778403e-31,6.005767195778401e-31,6.005767195766026e-31,6.005767195757375e-31,6.0057671958967805e-31,6.0057671958967805e-31,6.005767195896778e-31,6.005767195896778e-31,6.005767195896778e-31,6.005767195896778e-31,6.00576719587961e-31,6.005767195895504e-31,6.005767195895504e-31,6.00576719589842e-31,6.00576719589842e-31,6.00576719589842e-31,6.005767195879673e-31,6.005767195879673e-31,6.005767195879673e-31,6.005767195901923e-31,6.005767195901922e-31,6.005767195901922e-31,6.005767195901922e-31,6.005767195901922e-31,6.005767195916869e-31,6.005767195916869e-31,6.005767195916869e-31,6.005767195916869e-31,6.005767195926713e-31,6.005767195926713e-31,6.005767195926713e-31,6.005767195926713e-31,6.005767195926713e-31,6.005767195926713e-31,6.005767195926716e-31,6.005767195926717e-31,6.005767195913027e-31,6.005767195905726e-31,6.005767195896893e-31,6.005767195857469e-31,6.005767195857469e-31,6.005767195893285e-31,6.005767195893285e-31,6.005767195893285e-31,6.005767195893285e-31,6.005767195893285e-31,6.0057671958894e-31,6.005767195900408e-31,6.005767195907114e-31,6.005767195874582e-31,6.005767195874582e-31,6.005767195874582e-31,6.005767195853885e-31,6.005767195839074e-31,6.005767195839074e-31,6.005767195839074e-31,6.005767195839074e-31,6.005767195836688e-31,6.005767195836688e-31,6.005767195817619e-31,6.005767195817619e-31,6.005767195815719e-31,6.005767195815719e-31,6.005767195815721e-31,6.005767195816568e-31,6.00576719581262e-31,6.005767195812623e-31,6.005767195812623e-31,6.005767195812623e-31,6.005767195811852e-31,6.00576719581185e-31,6.00576719581185e-31,6.00576719581185e-31,6.00576719581185e-31,6.00576719581185e-31,6.00576719581185e-31,6.005767195797201e-31,6.005767195797201e-31,6.0057671958088945e-31,6.0057671958088945e-31,6.0057671958088945e-31,6.0057671958088945e-31,6.0057671958088945e-31,6.0057671958088945e-31,6.0057671958094305e-31,6.0057671958094305e-31,6.0057671958094305e-31,6.0057671958094305e-31,6.0057671958094305e-31,6.00576719580943e-31,6.00576719580943e-31,6.0057671958094305e-31,6.005767195811222e-31,6.005767195811225e-31,6.005767195811223e-31,6.005767195811223e-31,6.005767195811223e-31,6.005767195810159e-31,6.005767195810589e-31,6.005767195819025e-31,6.005767195819026e-31,6.005767195822937e-31,6.005767195822937e-31,6.005767195822937e-31,6.005767195837351e-31,6.005767195838534e-31,6.00576719585336e-31,6.005767195853706e-31,6.005767195853706e-31,6.005767195804738e-31,6.005767195804738e-31,6.0057671958305385e-31,6.005767195832248e-31,6.005767195832248e-31,6.005767195831898e-31,6.005767195831898e-31,6.0057671958318995e-31,6.005767195831898e-31,6.005767195835236e-31,6.005767195835236e-31,6.005767195835236e-31,6.005767195835236e-31,6.005767195835814e-31,6.005767195835059e-31,6.00576719584235e-31,6.00576719584235e-31,6.005767195842679e-31,6.005767195842681e-31,6.005767195842679e-31,6.005767195842679e-31,6.005767195842681e-31,6.005767195842679e-31,6.005767195842681e-31,6.005767195842681e-31,6.005767195834277e-31,6.005767195833048e-31,6.005767195833047e-31,6.005767195842209e-31,6.005767195842209e-31,6.005767195842208e-31,6.005767195842209e-31,6.005767195842208e-31,6.0057671958422095e-31,6.005767195842218e-31,6.005767195842218e-31,6.005767195842218e-31,6.005767195842218e-31,6.00576719584102e-31,6.0057671958355945e-31,6.0057671958355945e-31,6.005767195835594e-31,6.005767195835594e-31,6.0057671958355945e-31,6.0057671958355945e-31,6.005767195835594e-31,6.005767195835594e-31,6.005767195835594e-31,6.0057671958355945e-31,6.00576719581729e-31,6.005767195817292e-31,6.00576719581729e-31,6.00576719581729e-31,6.005767195817292e-31,6.005767195825598e-31,6.005767195825598e-31,6.005767195825598e-31,6.005767195825598e-31,6.005767195825751e-31,6.005767195825751e-31,6.005767195825573e-31,6.005767195825573e-31,6.005767195826288e-31,6.00576719582437e-31,6.00576719582437e-31,6.005767195824372e-31,6.005767195824374e-31,6.005767195824372e-31,6.005767195824374e-31,6.00576719582252e-31,6.0057671958248615e-31,6.005767195836958e-31,6.005767195836958e-31,6.005767195836958e-31,6.005767195836958e-31,6.005767195841417e-31,6.005767195841417e-31,6.005767195841414e-31,6.005767195841414e-31,6.005767195841414e-31,6.005767195841414e-31,6.005767195841414e-31,6.005767195842767e-31,6.00576719581398e-31,6.00576719581398e-31,6.00576719581398e-31,6.005767195825184e-31,6.005767195825182e-31,6.005767195825184e-31,6.005767195825186e-31,6.005767195825186e-31,6.005767195825186e-31,6.005767195825186e-31,6.005767195825186e-31,6.005767195823037e-31,6.005767195823036e-31,6.005767195823036e-31,6.005767195823036e-31,6.005767195823036e-31,6.005767195823035e-31,6.005767195823037e-31,6.005767195823525e-31,6.005767195821646e-31,6.005767195822189e-31,6.005767195822189e-31,6.005767195822189e-31,6.0057671958221885e-31,6.0057671958221885e-31,6.0057671958221885e-31,6.0057671958221885e-31,6.005767195822189e-31,6.005767195822189e-31,6.005767195822189e-31,6.0057671958196915e-31,6.005767195828892e-31,6.005767195828894e-31,6.005767195824237e-31,6.005767195824237e-31,6.005767195824237e-31,6.005767195831971e-31,6.0057671958319695e-31,6.005767195847078e-31,6.005767195847078e-31,6.0057671958464835e-31,6.0057671958464835e-31,6.0057671958464835e-31,6.0057671958464835e-31,6.0057671958464835e-31,6.0057671958464835e-31,6.005767195846485e-31,6.005767195844998e-31,6.00576719584449e-31,6.00576719584449e-31,6.005767195843421e-31,6.005767195843421e-31,6.005767195842369e-31,6.005767195838975e-31,6.005767195839832e-31,6.005767195839672e-31,6.005767195839672e-31,6.005767195840387e-31,6.005767195819784e-31,6.005767195819076e-31,6.005767195819076e-31,6.005767195819076e-31,6.005767195819076e-31,6.005767195819076e-31,6.005767195819076e-31,6.005767195819049e-31,6.005767195812219e-31,6.005767195812219e-31,6.005767195812219e-31,6.00576719581129e-31,6.00576719581129e-31,6.005767195819937e-31,6.005767195819937e-31,6.0057671958199385e-31,6.005767195824917e-31,6.005767195824917e-31,6.005767195824916e-31,6.005767195827814e-31,6.005767195841592e-31,6.005767195841592e-31,6.005767195841592e-31,6.005767195829477e-31,6.005767195697318e-31,6.005767195709818e-31,6.005767195709818e-31,6.005767195709818e-31,6.005767195709818e-31,6.005767195709818e-31,6.005767195709818e-31,6.005767195709818e-31,6.005767195709818e-31,6.005767195709818e-31,6.005767195709818e-31,6.005767195709818e-31,6.005767195709818e-31,6.005767195713215e-31,6.005767195713215e-31,6.005767195713215e-31,6.005767195713215e-31,6.005767195713215e-31,6.005767195713215e-31,6.005767195713215e-31,6.005767195713215e-31,6.005767195713215e-31,6.005767195713215e-31,6.005767195713215e-31,6.005767195713215e-31,6.005767195713215e-31,6.005767195713215e-31,6.005767195713215e-31,6.005767195713215e-31,6.0057671957132165e-31,6.0057671957132165e-31,6.0057671957132165e-31,6.0057671957132165e-31,6.0057671957132165e-31,6.0057671957132165e-31,6.005767195765819e-31,6.005767195765819e-31,6.005767195765819e-31,6.005767195758348e-31,6.005767195689238e-31,6.005767195699946e-31,6.005767195699946e-31,6.005767195699946e-31,6.005767195699946e-31,6.005767195696447e-31,6.005767195611823e-31,6.005767195611823e-31,6.005767195611823e-31,6.005767195611823e-31,6.005767195611823e-31,6.005767195611823e-31,6.005767195611823e-31,6.005767195611823e-31,6.005767195611823e-31,6.005767195611823e-31,6.005767195611823e-31,6.005767195611823e-31,6.005767195611823e-31,6.005767195599216e-31,6.005767195599216e-31,6.005767195603373e-31,6.005767195603374e-31,6.005767195603373e-31,6.005767195603375e-31,6.005767195603374e-31,6.005767195603374e-31,6.005767195603374e-31,6.005767195609024e-31,6.005767195596851e-31,6.005767195597196e-31,6.005767195597196e-31,6.005767195597196e-31,6.005767195577699e-31,6.005767195577698e-31,6.005767195563586e-31,6.005767195426908e-31,6.005767195388321e-31,6.00576719538832e-31,6.00576719538832e-31,6.005767195405055e-31,6.005767195405056e-31,6.005767195405056e-31,6.005767195405056e-31,6.005767195407136e-31,6.005767195433578e-31,6.005767195433578e-31,6.005767195433578e-31,6.005767195433579e-31,6.005767195425804e-31,6.005767195425804e-31,6.005767195402946e-31,6.005767195407596e-31,6.005767195406648e-31,6.005767195406648e-31,6.005767195393879e-31,6.005767195393879e-31,6.005767195393879e-31,6.005767195393879e-31,6.005767195393879e-31,6.005767195393878e-31,6.005767195393879e-31,6.005767195393879e-31,6.005767195393879e-31,6.005767195393879e-31,6.005767195393879e-31,6.005767195393879e-31,6.005767195393879e-31,6.005767195393879e-31,6.005767195393881e-31,6.005767195393881e-31,6.005767195393881e-31,6.005767195393881e-31,6.005767195359535e-31,6.005767195359535e-31,6.005767195359535e-31,6.005767195359536e-31,6.005767195359536e-31,6.005767195359535e-31,6.005767195359536e-31,6.005767195359535e-31,6.005767195359536e-31,6.005767195359536e-31,6.005767195436025e-31,6.005767195436025e-31,6.0057671954360265e-31,6.0057671954275145e-31,6.005767195433742e-31,6.005767195413135e-31,6.0057671954131354e-31,6.0057671954131354e-31,6.0057671954131354e-31,6.0057671954131354e-31,6.0057671954131354e-31,6.0057671954131354e-31,6.0057671954131354e-31,6.0057671954131354e-31,6.0057671954131354e-31,6.005767195413135e-31,6.005767195413135e-31,6.0057671954131354e-31,6.0057671954131354e-31,6.005767195413165e-31,6.005767195428509e-31,6.005767195428509e-31,6.005767195428509e-31,6.005767195428509e-31,6.005767195428509e-31,6.005767195428509e-31,6.005767195428509e-31,6.005767195428509e-31,6.005767195428509e-31,6.005767195428509e-31,6.005767195428509e-31,6.005767195428509e-31,6.005767195428509e-31,6.005767195428509e-31,6.005767195428509e-31,6.005767195428509e-31,6.005767195428509e-31,6.005767195428509e-31,6.005767195428509e-31,6.005767195428509e-31,6.005767195428509e-31,6.005767195428509e-31,6.005767195428509e-31,6.005767195428509e-31,6.005767195428509e-31,6.005767195428509e-31,6.005767195428509e-31,6.005767195428509e-31,6.005767195428509e-31,6.005767195428509e-31,6.005767195428509e-31,6.005767195428509e-31,6.005767195428509e-31,6.005767195428509e-31,6.005767195483895e-31,6.005767195483895e-31,6.0057671954567e-31,6.0057671954567e-31,6.0057671954567e-31,6.0057671954567e-31,6.0057671954567e-31,6.005767195456702e-31,6.005767195456702e-31,6.005767195456702e-31,6.005767195456702e-31,6.005767195456702e-31,6.0057671954567e-31,6.005767195484586e-31,6.005767195486524e-31,6.005767195506318e-31,6.005767195498462e-31,6.005767195498462e-31,6.005767195545515e-31,6.005767195545516e-31,6.005767195545516e-31,6.005767195545516e-31,6.005767195545516e-31,6.005767195545515e-31,6.005767195566775e-31,6.005767195566775e-31,6.005767195566775e-31,6.005767195566775e-31,6.005767195566775e-31,6.005767195561846e-31,6.00576719545487e-31,6.005767195497469e-31,6.005767195533346e-31,6.005767195533346e-31,6.00576719553312e-31,6.005767195529734e-31,6.005767195556513e-31,6.005767195556513e-31,6.0057671955574455e-31,6.005767195558001e-31,6.005767195627654e-31,6.005767195572672e-31,6.005767195567941e-31,6.005767195567307e-31,6.005767195569146e-31,6.005767195445014e-31,6.005767195445014e-31,6.005767195445014e-31,6.005767195436499e-31,6.005767195436499e-31,6.005767195439556e-31,6.005767195442291e-31,6.0057671954422895e-31,6.005767195442291e-31,6.005767195453319e-31,6.005767195453319e-31,6.005767195453319e-31,6.005767195453319e-31,6.005767195453319e-31,6.005767195453319e-31,6.005767195458494e-31,6.005767195458494e-31,6.005767195458494e-31,6.0057671954584955e-31,6.0057671954584955e-31,6.0057671954584955e-31,6.005767195458496e-31,6.0057671954584955e-31,6.0057671954584955e-31,6.0057671954584955e-31,6.005767195458496e-31,6.0057671954584955e-31,6.005767195456958e-31,6.005767195445425e-31,6.0057671954459915e-31,6.005767195445991e-31,6.0057671954459915e-31,6.0057671954459915e-31,6.005767195445991e-31,6.005767195445991e-31,6.0057671954459915e-31,6.0057671954459915e-31,6.0057671954459915e-31,6.0057671954459915e-31,6.005767195445991e-31,6.005767195445992e-31,6.005767195445991e-31,6.005767195442926e-31,6.005767195442926e-31,6.005767195442925e-31,6.005767195446161e-31,6.00576719544616e-31,6.005767195446161e-31,6.005767195446161e-31,6.00576719544616e-31,6.005767195446161e-31,6.005767195446161e-31,6.0057671954675155e-31,6.005767195467516e-31,6.005767195467516e-31,6.00576719546109e-31,6.0057671954610905e-31,6.0057671954663095e-31,6.005767195537585e-31,6.005767195537585e-31,6.005767195537584e-31,6.005767195537584e-31,6.005767195537584e-31,6.0057671955375865e-31,6.0057671955375865e-31,6.0057671955375865e-31,6.005767195537586e-31,6.005767195537585e-31,6.005767195537586e-31,6.005767195537586e-31,6.005767195537586e-31,6.005767195537586e-31,6.005767195544256e-31,6.005767195608986e-31,6.005767195608986e-31,6.005767195608986e-31,6.0057671955924255e-31,6.005767195592425e-31,6.005767195592425e-31,6.005767195632534e-31,6.005767195640176e-31,6.005767195640176e-31,6.005767195640176e-31,6.005767195640176e-31,6.005767195640176e-31,6.005767195637754e-31,6.005767195637754e-31,6.0057671956360715e-31,6.005767195486635e-31,6.005767195486635e-31,6.005767195468781e-31,6.005767195458395e-31,6.005767195496607e-31,6.005767195485348e-31,6.005767195479575e-31,6.005767195481932e-31,6.005767195481934e-31,6.005767195379464e-31,6.005767195379462e-31,6.005767195379462e-31,6.005767195380096e-31,6.005767195380097e-31,6.005767195373345e-31,6.0057671954049825e-31,6.005767195403405e-31,6.005767195403405e-31,6.005767195405316e-31,6.005767195386094e-31,6.005767195386094e-31,6.005767195386094e-31,6.005767195386094e-31,6.005767195386094e-31,6.005767195369339e-31,6.005767195362119e-31,6.005767195362119e-31,6.005767195362119e-31,6.005767195362119e-31,6.005767195362119e-31,6.005767195362119e-31,6.005767195362119e-31,6.00576719536212e-31,6.00576719536212e-31,6.00576719536212e-31,6.00576719536212e-31,6.00576719536212e-31,6.00576719536212e-31,6.00576719536212e-31,6.005767195362122e-31,6.005767195362122e-31,6.0057671953657716e-31,6.0057671953657716e-31,6.005767195354421e-31,6.005767195300501e-31,6.0057671952977e-31,6.005767195294714e-31,6.005767195302053e-31,6.005767195300514e-31,6.005767195241705e-31,6.005767195241705e-31,6.005767195241705e-31,6.005767195241706e-31,6.005767195243286e-31,6.005767195243286e-31,6.005767195243288e-31,6.005767195202049e-31,6.005767195202049e-31,6.005767195168321e-31,6.005767195168321e-31,6.005767195138179e-31,6.0057671951818345e-31,6.005767195181798e-31,6.005767195181798e-31,6.005767195181799e-31,6.005767195188662e-31,6.005767195188663e-31,6.005767195188663e-31,6.005767195188663e-31,6.005767195188662e-31,6.005767195188663e-31,6.005767195188662e-31,6.005767195188663e-31,6.005767195188662e-31,6.005767195188663e-31,6.005767195188663e-31,6.005767195188663e-31,6.005767195188663e-31,6.005767195188663e-31,6.005767195188663e-31,6.005767195188663e-31,6.005767195188663e-31,6.005767195188663e-31,6.00576719527995e-31,6.00576719527995e-31,6.00576719527995e-31,6.005767195279951e-31,6.005767195279951e-31,6.005767195279951e-31,6.005767195279951e-31,6.005767195279951e-31,6.005767195279951e-31,6.005767195279951e-31,6.005767195279951e-31,6.005767195279951e-31,6.005767195279951e-31,6.005767195279951e-31,6.005767195279951e-31,6.005767195279951e-31,6.005767195279951e-31,6.005767195279951e-31,6.005767195279951e-31,6.005767195279951e-31,6.005767195279951e-31,6.005767195279951e-31,6.005767195279951e-31,6.005767195279951e-31,6.005767195279951e-31,6.005767195279951e-31,6.005767195279951e-31,6.005767195283256e-31,6.005767195286542e-31,6.00576719528654e-31,6.005767195286542e-31,6.00576719528654e-31,6.005767195286542e-31,6.005767195290454e-31,6.005767195290453e-31,6.005767195285588e-31,6.005767195285588e-31,6.005767195285588e-31,6.005767195298988e-31,6.005767195298987e-31,6.005767195298988e-31,6.005767195160197e-31,6.005767195160197e-31,6.005767195160197e-31,6.005767195159685e-31,6.005767195159685e-31,6.005767195159686e-31,6.005767195159686e-31,6.005767195147524e-31,6.005767195147522e-31,6.005767195150579e-31,6.00576719515058e-31,6.00576719515058e-31,6.00576719515058e-31,6.00576719515058e-31,6.005767195150582e-31,6.005767195150582e-31,6.00576719515058e-31,6.005767195149367e-31,6.005767195149367e-31,6.005767195144497e-31,6.005767195144497e-31,6.005767195144497e-31,6.005767195144497e-31,6.005767195144497e-31,6.00576719520371e-31,6.005767195193139e-31,6.005767195192976e-31,6.005767195192976e-31,6.005767195192976e-31,6.005767195192976e-31,6.005767195192976e-31,6.005767195195955e-31,6.005767195195954e-31,6.005767195195954e-31,6.005767195195955e-31,6.005767195195955e-31,6.005767195195955e-31,6.005767195195955e-31,6.005767195200686e-31,6.005767195200686e-31,6.005767195200686e-31,6.005767195203768e-31,6.005767195203769e-31,6.005767195203769e-31,6.005767195203769e-31,6.005767195203769e-31,6.005767195203768e-31,6.005767195207153e-31,6.005767195207154e-31,6.0057671951174825e-31,6.005767195168374e-31,6.005767195168374e-31,6.005767195168373e-31,6.005767195168374e-31,6.005767195168373e-31,6.005767195168374e-31,6.005767195168374e-31,6.005767195168375e-31,6.005767195168375e-31,6.005767195168375e-31,6.005767195168374e-31,6.005767195168375e-31,6.005767195168375e-31,6.005767195168374e-31,6.005767195168374e-31,6.005767195168374e-31,6.005767195168374e-31,6.005767195170147e-31,6.005767195170147e-31,6.005767195170147e-31,6.005767195170147e-31,6.005767195170147e-31,6.005767195170147e-31,6.0057671951578635e-31,6.0057671951578635e-31,6.0057671951578635e-31,6.0057671951578635e-31,6.0057671951578635e-31,6.0057671951578635e-31,6.005767195157862e-31,6.0057671951578635e-31,6.0057671951578635e-31,6.0057671951277e-31,6.0057671951277e-31,6.005767195123057e-31,6.005767195123057e-31,6.005767195123056e-31,6.005767195144458e-31,6.005767195144458e-31,6.005767195145235e-31,6.0057671951522505e-31,6.0057671951522505e-31,6.0057671951522505e-31,6.0057671951522505e-31,6.0057671951522505e-31,6.005767195148878e-31,6.005767195097544e-31,6.005767195099101e-31,6.005767195115158e-31,6.005767195115158e-31,6.00576719511516e-31,6.005767195128809e-31,6.005767195128811e-31,6.005767195128809e-31,6.005767195149363e-31,6.005767195144938e-31,6.005767195144938e-31,6.00576719506101e-31,6.005767195061009e-31,6.005767195061009e-31,6.00576719506101e-31,6.005767195067022e-31,6.005767195067022e-31,6.005767195067022e-31,6.005767195067022e-31,6.005767195067022e-31,6.005767195075363e-31,6.005767194991839e-31,6.005767195080637e-31,6.005767195001768e-31,6.005767195004065e-31,6.005767195004065e-31,6.005767195013922e-31,6.005767195013922e-31,6.005767195013922e-31,6.005767195013922e-31,6.005767195013922e-31,6.005767195013922e-31,6.005767195013922e-31,6.005767195013922e-31,6.005767195013922e-31,6.005767195013922e-31,6.005767195013922e-31,6.005767195013922e-31,6.005767195013922e-31,6.005767195013922e-31,6.005767195135397e-31,6.005767195120149e-31,6.005767195120151e-31,6.005767195120149e-31,6.005767195102154e-31,6.005767195102156e-31,6.005767195102154e-31,6.005767195102156e-31,6.005767195111098e-31,6.0057671951014946e-31,6.0057671951014946e-31,6.005767195112947e-31,6.005767195112946e-31,6.005767195119242e-31,6.005767195133046e-31,6.0057671951330465e-31,6.0057671952370115e-31,6.005767195230918e-31,6.005767195230304e-31,6.0057671952370325e-31,6.0057671952370325e-31,6.005767195237033e-31,6.005767195237342e-31,6.005767195237342e-31,6.005767195237342e-31,6.005767195237342e-31,6.005767195237342e-31,6.005767195056906e-31,6.005767194971061e-31,6.005767194971061e-31,6.005767194971061e-31,6.0057671949743635e-31,6.005767195000189e-31,6.005767194992892e-31,6.005767194992892e-31,6.005767194992892e-31,6.0057671949891e-31,6.0057671949891e-31,6.0057671949891e-31,6.0057671949891e-31,6.0057671949891e-31,6.0057671949891e-31,6.0057671949896385e-31,6.00576719498964e-31,6.005767195000062e-31,6.005767195000062e-31,6.0057671950000624e-31,6.0057671950000624e-31,6.005767195003451e-31,6.005767194937173e-31,6.005767194936988e-31,6.0057671949708305e-31,6.0057671949708305e-31,6.0057671949708305e-31,6.0057671949708305e-31,6.005767194975463e-31,6.005767194975463e-31,6.005767194989925e-31,6.005767194989925e-31,6.005767194990628e-31,6.00576719499063e-31,6.005767194983539e-31,6.005767194981677e-31,6.005767194981677e-31,6.005767194981677e-31,6.005767194981677e-31,6.00576719498219e-31,6.005767194984709e-31,6.005767194984709e-31,6.005767194975975e-31,6.005767194975975e-31,6.005767194975976e-31,6.005767194975976e-31,6.005767194967086e-31,6.005767194958104e-31,6.0057671949394896e-31,6.005767194934863e-31,6.005767194947677e-31,6.005767194947677e-31,6.005767194951209e-31,6.005767194962012e-31,6.005767194962012e-31,6.005767194962013e-31,6.005767194962013e-31,6.005767194962013e-31,6.005767194962013e-31,6.005767194962012e-31,6.005767194964724e-31,6.005767194964726e-31,6.005767194968167e-31,6.005767194968167e-31,6.005767194968166e-31,6.005767194979098e-31,6.005767194979099e-31,6.005767194979099e-31,6.005767195028991e-31,6.005767195028993e-31,6.005767195029836e-31,6.005767195031337e-31,6.0057671950104e-31,6.005767195008056e-31,6.005767195008055e-31,6.005767195008056e-31,6.005767195008056e-31,6.005767195008056e-31,6.005767195008055e-31,6.005767195008056e-31,6.005767195008056e-31,6.0057671949959715e-31,6.005767194995973e-31,6.005767194995973e-31,6.005767195000329e-31,6.005767195000329e-31,6.005767195000327e-31,6.005767195000329e-31,6.005767195000329e-31,6.005767195000329e-31,6.0057671950020085e-31,6.0057671950020085e-31,6.0057671950020085e-31,6.005767195004412e-31,6.00576719499773e-31,6.00576719499773e-31,6.00576719499773e-31,6.005767195067597e-31,6.005767195067597e-31,6.005767195067597e-31,6.005767195067599e-31,6.005767195066962e-31,6.005767195066962e-31,6.005767195066962e-31,6.005767195066962e-31,6.005767195066962e-31,6.005767195066962e-31,6.005767195066962e-31,6.005767195066962e-31,6.005767195066962e-31,6.005767195066962e-31,6.005767195066962e-31,6.005767195078686e-31,6.005767195029342e-31,6.005767195029342e-31,6.005767195029342e-31,6.005767195036307e-31,6.005767195032506e-31,6.005767195032506e-31,6.005767195032505e-31,6.005767195032506e-31,6.005767195032506e-31,6.0057671950272905e-31,6.0057671950272905e-31,6.0057671950272905e-31,6.0057671950272905e-31,6.005767195027292e-31,6.005767195027292e-31,6.005767195027292e-31,6.005767195027292e-31,6.005767195024082e-31,6.005767195020847e-31,6.005767195053288e-31,6.005767195053288e-31,6.00576719505329e-31,6.00576719505329e-31,6.00576719505329e-31,6.00576719505329e-31,6.005767194997337e-31,6.005767194997337e-31,6.0057671949848005e-31,6.0057671949848005e-31,6.0057671949909225e-31,6.005767194990924e-31,6.0057671949809365e-31,6.005767194992132e-31,6.005767194992132e-31,6.005767194987379e-31,6.005767194984945e-31,6.005767194984945e-31,6.005767194983704e-31,6.0057671949844275e-31,6.005767194989772e-31,6.0057671949664575e-31,6.005767194966457e-31,6.0057671949664575e-31,6.0057671949664575e-31,6.0057671949664575e-31,6.0057671949664575e-31,6.005767194966457e-31,6.0057671949664575e-31,6.005767194957738e-31,6.005767194957237e-31,6.005767194957239e-31,6.005767194957239e-31,6.005767194957238e-31,6.005767194954696e-31,6.005767194965489e-31,6.005767194965489e-31,6.005767194965489e-31,6.005767194965489e-31,6.005767194889337e-31,6.005767194889337e-31,6.005767194889337e-31,6.005767194889337e-31,6.005767194889337e-31,6.005767194856104e-31,6.005767194856104e-31,6.005767194856104e-31,6.005767194856104e-31,6.005767194856104e-31,6.005767194856104e-31,6.00576719479255e-31,6.005767194789837e-31,6.005767194789835e-31,6.005767194789835e-31,6.005767194789835e-31,6.005767194789837e-31,6.005767194789835e-31,6.005767194789837e-31,6.005767194789837e-31,6.005767194789837e-31,6.005767194787391e-31,6.005767194787391e-31,6.005767194787393e-31,6.005767194787391e-31,6.005767194787393e-31,6.005767194785702e-31,6.005767194797317e-31,6.005767194797317e-31,6.005767194788003e-31,6.005767194788003e-31,6.005767194788003e-31,6.005767194788003e-31,6.005767194788002e-31,6.005767194788003e-31,6.005767194788003e-31,6.005767194788003e-31,6.005767194791613e-31,6.005767194791613e-31,6.005767194791613e-31,6.005767194791613e-31,6.005767194791613e-31,6.005767194794434e-31,6.005767194825882e-31,6.005767194825881e-31,6.005767194825881e-31,6.005767194825881e-31,6.005767194825881e-31,6.005767194825882e-31,6.005767194825883e-31,6.005767194825882e-31,6.005767194825882e-31,6.005767194825048e-31,6.005767194825048e-31,6.005767194829532e-31,6.005767194829533e-31,6.005767194829532e-31,6.005767194829532e-31,6.005767194744604e-31,6.005767194744606e-31,6.00576719453442e-31,6.00576719453442e-31,6.00576719453442e-31,6.005767194486477e-31,6.005767194486475e-31,6.005767194486476e-31,6.005767194486476e-31,6.005767194486475e-31,6.005767194486475e-31,6.0057671944724245e-31,6.005767194419621e-31,6.005767194419621e-31,6.005767194419622e-31,6.005767194422354e-31,6.005767194417137e-31,6.005767194417137e-31,6.005767194417137e-31,6.005767194416206e-31,6.005767194388756e-31,6.005767194388755e-31,6.005767194396932e-31,6.005767194396933e-31,6.005767194396933e-31,6.005767194396933e-31,6.005767194396933e-31,6.005767194396933e-31,6.005767194396934e-31,6.005767194396932e-31,6.005767194396934e-31,6.005767194396934e-31,6.005767194396933e-31,6.005767194396934e-31,6.005767194399372e-31,6.0057671943993705e-31,6.005767194399372e-31,6.005767194399372e-31,6.005767194409655e-31,6.005767194409655e-31,6.005767194409654e-31,6.005767194398725e-31,6.005767194398725e-31,6.005767194398725e-31,6.005767194398725e-31,6.005767194398725e-31,6.005767194399257e-31,6.005767194399258e-31,6.005767194406373e-31,6.005767194403997e-31,6.005767194408632e-31,6.0057671944030585e-31,6.0057671944030585e-31,6.0057671944030585e-31,6.0057671944030585e-31,6.0057671944030585e-31,6.0057671944030585e-31,6.005767194399075e-31,6.005767194399076e-31,6.005767194399194e-31,6.005767194399194e-31,6.005767194399194e-31,6.005767194395491e-31,6.005767194395491e-31,6.005767194391314e-31,6.005767194391314e-31,6.005767194391314e-31,6.005767194391314e-31,6.005767194391314e-31,6.005767194391315e-31,6.005767194391315e-31,6.005767194390822e-31,6.005767194390822e-31,6.00576719439082e-31,6.005767194390822e-31,6.005767194390822e-31,6.005767194377139e-31,6.005767194377139e-31,6.005767194377139e-31,6.0057671943718875e-31,6.005767194371888e-31,6.005767194371888e-31,6.005767194371888e-31,6.005767194371888e-31,6.005767194371888e-31,6.005767194371888e-31,6.005767194371888e-31,6.005767194371746e-31,6.005767194367848e-31,6.0057671943593905e-31,6.0057671943593905e-31,6.005767194399398e-31,6.005767194399398e-31,6.005767194399398e-31,6.005767194399398e-31,6.005767194398508e-31,6.005767194398508e-31,6.005767194398508e-31,6.0057671942795305e-31,6.0057671942795305e-31,6.005767194184926e-31,6.005767194184079e-31,6.005767194059846e-31,6.005767194059848e-31,6.005767194059848e-31,6.00576719408852e-31,6.005767194082936e-31,6.005767194082935e-31,6.005767194082936e-31,6.005767194082935e-31,6.005767194082936e-31,6.005767194082935e-31,6.005767194082936e-31,6.005767194082935e-31,6.005767194082935e-31,6.005767194082936e-31,6.005767194082935e-31,6.00576719408188e-31,6.005767194080358e-31,6.005767194094555e-31,6.005767194094555e-31,6.0057671940955155e-31,6.005767194095516e-31,6.005767194095516e-31,6.005767194095516e-31,6.005767194077624e-31,6.005767194077624e-31,6.005767194077622e-31,6.00576719407284e-31,6.00576719407284e-31,6.00576719407284e-31,6.005767194082665e-31,6.005767194082665e-31,6.005767194082665e-31,6.005767194082664e-31,6.005767194082665e-31,6.005767194082665e-31,6.005767194131211e-31,6.005767194131211e-31,6.005767194135258e-31,6.005767194135258e-31,6.005767194135258e-31,6.005767194135258e-31,6.005767194135258e-31,6.005767194135259e-31,6.005767194135259e-31,6.005767194135259e-31,6.005767194135259e-31,6.005767194135259e-31,6.005767194136279e-31,6.005767194136279e-31,6.005767194136279e-31,6.005767194136279e-31,6.005767194136279e-31,6.005767194136279e-31,6.005767194136279e-31,6.005767194136279e-31,6.005767194136279e-31,6.005767194136279e-31,6.0057671941362775e-31,6.005767194034966e-31,6.005767194034966e-31,6.005767194034966e-31,6.005767193919772e-31,6.005767193919772e-31,6.005767193919772e-31,6.005767193837192e-31,6.005767193836107e-31,6.005767193836109e-31,6.005767193836107e-31,6.005767193836107e-31,6.005767193836107e-31,6.005767193836107e-31,6.005767193836107e-31,6.005767193836107e-31,6.005767193836107e-31,6.005767193836109e-31,6.005767193836109e-31,6.005767193829364e-31,6.005767193829364e-31,6.005767193829365e-31,6.005767193829364e-31,6.00576719382601e-31,6.005767193844453e-31,6.005767193851e-31,6.005767193852588e-31,6.005767193852588e-31,6.00576719385259e-31,6.005767193852588e-31,6.00576719385259e-31,6.005767193851914e-31,6.005767193851914e-31,6.005767193923486e-31,6.005767193923486e-31,6.005767193923486e-31,6.005767193923484e-31,6.005767193916678e-31,6.005767193907386e-31,6.005767193907386e-31,6.005767193903483e-31,6.005767193834117e-31,6.005767193834118e-31,6.00576719382783e-31,6.005767193827829e-31,6.00576719382783e-31,6.005767193827829e-31,6.005767193811967e-31,6.005767193811967e-31,6.005767193811967e-31,6.005767193811967e-31,6.005767193811967e-31,6.005767193811967e-31,6.005767193811967e-31,6.0057671938141506e-31,6.0057671938141506e-31,6.005767193812834e-31,6.00576719384211e-31,6.005767193816754e-31,6.005767193816754e-31,6.005767193824203e-31,6.005767193823467e-31,6.005767193823467e-31,6.005767193823467e-31,6.005767193823467e-31,6.005767193823467e-31,6.0057671938206535e-31,6.0057671938206535e-31,6.0057671938206535e-31,6.005767193820653e-31,6.0057671938286925e-31,6.0057671938286925e-31,6.0057671938286925e-31,6.0057671938286925e-31,6.0057671938286925e-31,6.00576719382869e-31,6.005767193828692e-31,6.0057671938286925e-31,6.00576719382869e-31,6.005767193765075e-31,6.005767193776456e-31,6.005767193773403e-31,6.005767193768991e-31,6.005767193764038e-31,6.005767193764039e-31,6.005767193669319e-31,6.005767193669318e-31,6.005767193743447e-31,6.005767193743447e-31,6.005767193743447e-31,6.005767193743447e-31,6.005767193743446e-31,6.005767193743446e-31,6.005767193743447e-31,6.005767193743445e-31,6.005767193743447e-31,6.005767193752413e-31,6.005767193752411e-31,6.00576719375892e-31,6.0057671937589175e-31,6.005767193748539e-31,6.005767193748539e-31,6.005767193748537e-31,6.005767193739713e-31,6.005767193758534e-31,6.005767193740675e-31,6.005767193738224e-31,6.005767193738224e-31,6.005767193738224e-31,6.005767193738224e-31,6.005767193738224e-31,6.005767193745211e-31,6.005767193732003e-31,6.005767193732003e-31,6.005767193737164e-31,6.0057671936126815e-31,6.005767193524973e-31,6.0057671934255285e-31,6.005767193435087e-31,6.005767193435085e-31,6.005767193435086e-31,6.005767193435085e-31,6.005767193435086e-31,6.0057671934345055e-31,6.0057671934345055e-31,6.0057671934345055e-31,6.005767193438848e-31,6.005767193438848e-31,6.0057671934050204e-31,6.005767193418792e-31,6.0057671934187935e-31,6.005767193425912e-31,6.005767193425912e-31,6.005767193425912e-31,6.005767193427062e-31,6.005767193427062e-31,6.005767193427062e-31,6.005767193427062e-31,6.005767193427062e-31,6.005767193327487e-31,6.005767193342683e-31,6.005767193339652e-31,6.005767193339653e-31,6.0057671932091145e-31,6.0057671932091145e-31,6.005767193211119e-31,6.005767193211118e-31,6.005767193211119e-31,6.005767193206353e-31,6.005767193204193e-31,6.005767193204193e-31,6.0057671932041925e-31,6.005767193204193e-31,6.005767193202184e-31,6.005767193160571e-31,6.005767193160571e-31,6.0057671931491495e-31,6.005767193113055e-31,6.005767193113056e-31,6.005767193113056e-31,6.0057671930895225e-31,6.0057671930895225e-31,6.005767193089521e-31,6.005767193093227e-31,6.0057671931400664e-31,6.0057671931400664e-31,6.0057671931400664e-31,6.0057671931400664e-31,6.0057671931400664e-31,6.0057671931400664e-31,6.0057671931400664e-31,6.0057671931400664e-31,6.0057671931400664e-31,6.0057671931400664e-31,6.005767193135627e-31,6.005767193135627e-31,6.005767193135627e-31,6.005767193135626e-31,6.005767193134208e-31,6.005767193134209e-31,6.005767193134331e-31,6.005767193134331e-31,6.0057671931343325e-31,6.005767193138145e-31,6.0057671931807085e-31,6.00576719318071e-31,6.0057671931807085e-31,6.0057671931807085e-31,6.0057671931807085e-31,6.0057671931807085e-31,6.005767193174083e-31,6.005767193172299e-31,6.005767193184526e-31,6.005767193184526e-31,6.005767193184524e-31,6.005767193184524e-31,6.005767193184524e-31,6.005767193180428e-31,6.005767193183337e-31,6.005767193165972e-31,6.005767193153415e-31,6.005767193148889e-31,6.005767193148889e-31,6.005767193097804e-31,6.005767193097804e-31,6.005767193097803e-31,6.0057671930849315e-31,6.005767193087985e-31,6.005767193096743e-31,6.005767193096743e-31,6.00576719309533e-31,6.005767193095332e-31,6.005767193095332e-31,6.005767193095332e-31,6.005767193095332e-31,6.005767193095332e-31,6.005767193095332e-31,6.005767193095332e-31,6.00576719309577e-31,6.0057671930969415e-31,6.0057671930934085e-31,6.0057671930934085e-31,6.0057671930934085e-31,6.0057671930934085e-31,6.0057671930934085e-31,6.005767193087179e-31,6.005767193193508e-31,6.005767193189958e-31,6.005767193191258e-31,6.005767193189394e-31,6.005767193189394e-31,6.005767193189396e-31,6.005767193183592e-31,6.005767193183592e-31,6.005767193183592e-31,6.005767193183592e-31,6.005767193183592e-31,6.00576719318359e-31,6.00576719318359e-31,6.00576719318359e-31,6.00576719318359e-31,6.00576719318359e-31,6.00576719318359e-31,6.005767193181044e-31,6.005767193181044e-31,6.005767193181042e-31,6.005767193163991e-31,6.005767193158414e-31,6.005767193158414e-31,6.005767193167087e-31,6.005767193167087e-31,6.005767193167088e-31,6.005767193167087e-31,6.005767193168707e-31,6.005767193166774e-31,6.005767193166774e-31,6.005767193159099e-31,6.0057671931591e-31,6.005767193159099e-31,6.0057671931591e-31,6.005767193157857e-31,6.005767193029848e-31,6.005767193029848e-31,6.005767193036873e-31,6.005767193036873e-31,6.005767193036873e-31,6.005767192971266e-31,6.005767192971266e-31,6.005767192971267e-31,6.005767192971267e-31,6.005767192971266e-31,6.005767192971268e-31,6.005767192971268e-31,6.005767192971266e-31,6.005767192959787e-31,6.005767192959787e-31,6.005767192969263e-31,6.005767192969262e-31,6.005767192969263e-31,6.005767192960046e-31,6.005767192960046e-31,6.005767192960046e-31,6.005767192960046e-31,6.005767192960046e-31,6.005767192960046e-31,6.005767192960046e-31,6.005767192960047e-31,6.005767192960047e-31,6.005767192960046e-31,6.005767192960047e-31,6.005767192944557e-31,6.005767192944557e-31,6.0057671929208175e-31,6.0057671929124465e-31,6.005767192912446e-31,6.005767192901728e-31,6.005767192737169e-31,6.005767192734201e-31,6.0057671927342005e-31,6.005767192732751e-31,6.005767192735633e-31,6.0057671927156175e-31,6.00576719268181e-31,6.0057671926887135e-31,6.00576719268714e-31,6.005767192687138e-31,6.005767192734843e-31,6.005767192741917e-31,6.005767192738309e-31,6.005767192738309e-31,6.005767192738309e-31,6.005767192738309e-31,6.005767192738309e-31,6.0057671927175355e-31,6.005767192708035e-31,6.005767192706947e-31,6.005767192706947e-31,6.005767192720502e-31,6.005767192721623e-31,6.005767192727219e-31,6.005767192727219e-31,6.005767192727219e-31,6.005767192740689e-31,6.005767192740689e-31,6.0057671927448915e-31,6.0057671927448915e-31,6.0057671927448915e-31,6.005767192744893e-31,6.005767192744893e-31,6.005767192744893e-31,6.0057671927392075e-31,6.0057671927392075e-31,6.0057671927294895e-31,6.005767192691509e-31,6.005767192691509e-31,6.005767192721603e-31,6.005767192733385e-31,6.005767192799441e-31,6.005767192675592e-31,6.005767192715594e-31,6.00576719272034e-31,6.00576719272034e-31,6.00576719272034e-31,6.00576719272034e-31,6.005767192720338e-31,6.00576719272034e-31,6.005767192720339e-31,6.00576719272034e-31,6.00576719272034e-31,6.005767192776615e-31,6.005767192776615e-31,6.005767192777093e-31,6.005767192777093e-31,6.005767192777093e-31,6.00576719278049e-31,6.00576719278049e-31,6.005767192798747e-31,6.005767192798747e-31,6.005767192798747e-31,6.0057671928150475e-31,6.005767192805173e-31,6.0057671928051745e-31,6.0057671928051745e-31,6.0057671928051745e-31,6.005767192805176e-31,6.0057671928051745e-31,6.005767192805176e-31,6.0057671928051745e-31,6.0057671928051745e-31,6.005767192805175e-31,6.0057671928051745e-31,6.005767192805176e-31,6.0057671928051745e-31,6.0057671928051745e-31,6.005767192805176e-31,6.005767192805175e-31,6.0057671928051745e-31,6.005767192805175e-31,6.0057671928051745e-31,6.005767192808476e-31,6.005767192808475e-31,6.005767192808475e-31,6.005767192808475e-31,6.005767192808475e-31,6.005767192808475e-31,6.005767192808476e-31,6.005767192808476e-31,6.005767192808476e-31,6.0057671928084746e-31,6.005767192808476e-31,6.0057671928084746e-31,6.005767192808476e-31,6.005767192808476e-31,6.0057671928084746e-31,6.005767192808476e-31,6.005767192808476e-31,6.0057671928084746e-31,6.005767192808476e-31,6.0057671928084746e-31,6.005767192798042e-31,6.005767192798042e-31,6.005767192798041e-31,6.005767192798042e-31,6.005767192798042e-31,6.005767192798042e-31,6.005767192798164e-31,6.005767192809796e-31,6.005767192809796e-31,6.005767192809796e-31,6.005767192809796e-31,6.005767192809796e-31,6.005767192809795e-31,6.005767192809797e-31,6.005767192809795e-31,6.005767192809797e-31,6.005767192809797e-31,6.005767192809797e-31,6.005767192809797e-31,6.005767192809797e-31,6.005767192809797e-31,6.005767192809795e-31,6.005767192809797e-31,6.005767192809797e-31,6.005767192809797e-31,6.005767192809797e-31,6.005767192809797e-31,6.005767192809797e-31,6.005767192809797e-31,6.005767192809797e-31,6.005767192809797e-31,6.005767192809797e-31,6.005767192809797e-31,6.005767192809797e-31,6.005767192809797e-31,6.005767192809797e-31,6.005767192809797e-31,6.0057671928022475e-31,6.0057671928022475e-31,6.0057671928022475e-31,6.0057671928022475e-31,6.0057671928022475e-31,6.005767192800892e-31,6.005767192800892e-31,6.00576719280089e-31,6.005767192845024e-31,6.005767192845026e-31,6.005767192845026e-31,6.005767192845026e-31,6.005767192845026e-31,6.005767192845026e-31,6.0057671928450265e-31,6.005767192845026e-31,6.0057671928450265e-31,6.005767192845026e-31,6.0057671928450265e-31,6.005767192845026e-31,6.005767192845026e-31,6.0057671928450265e-31,6.005767192845026e-31,6.005767192845026e-31,6.0057671928450265e-31,6.0057671928450265e-31,6.005767192848733e-31,6.005767192845355e-31,6.005767192845355e-31,6.005767192845355e-31,6.005767192845354e-31,6.005767192845355e-31,6.005767192845355e-31,6.005767192845355e-31,6.005767192845354e-31,6.005767192845355e-31,6.005767192845354e-31,6.005767192845355e-31,6.005767192845354e-31,6.005767192845355e-31,6.005767192840835e-31,6.005767192840835e-31,6.005767192840835e-31,6.005767192840835e-31,6.005767192840835e-31,6.005767192845351e-31,6.005767192845351e-31,6.005767192845351e-31,6.005767192845351e-31,6.005767192845351e-31,6.005767192845351e-31,6.005767192845351e-31,6.005767192845351e-31,6.005767192845749e-31,6.005767192845749e-31,6.005767192845749e-31,6.005767192831858e-31,6.005767192831858e-31,6.005767192831858e-31,6.005767192831858e-31,6.005767192831858e-31,6.005767192831858e-31,6.005767192831858e-31,6.005767192831858e-31,6.005767192831858e-31,6.005767192831858e-31,6.005767192831858e-31,6.005767192831858e-31,6.005767192831858e-31,6.005767192831858e-31,6.005767192831858e-31,6.005767192831858e-31,6.005767192831858e-31,6.005767192831858e-31,6.005767192831858e-31,6.005767192831858e-31,6.005767192831856e-31,6.005767192831858e-31,6.005767192831858e-31,6.005767192831858e-31,6.005767192834407e-31,6.005767192834407e-31,6.005767192834407e-31,6.005767192834407e-31,6.005767192834407e-31,6.005767192834407e-31,6.005767192834407e-31,6.005767192834407e-31,6.005767192834408e-31,6.005767192834408e-31,6.005767192834408e-31,6.005767192834408e-31,6.005767192834408e-31,6.005767192834408e-31,6.005767192834408e-31,6.00576719283441e-31,6.00576719283441e-31,6.005767192790708e-31,6.005767192783592e-31,6.0057671927442285e-31,6.0057671927442285e-31,6.0057671927442285e-31,6.005767192741532e-31,6.005767192741531e-31,6.005767192741531e-31,6.005767192741531e-31,6.005767192741531e-31,6.005767192741531e-31,6.005767192741531e-31,6.005767192741531e-31,6.005767192741531e-31,6.005767192741531e-31,6.005767192741531e-31,6.0057671927331285e-31,6.005767192733129e-31,6.005767192645776e-31,6.005767192645776e-31,6.005767192645777e-31,6.005767192645775e-31,6.005767192645777e-31,6.005767192649156e-31,6.005767192649156e-31,6.005767192650042e-31,6.005767192650041e-31,6.005767192656093e-31,6.0057671926524785e-31,6.005767192653727e-31,6.005767192653727e-31,6.005767192653727e-31,6.005767192653727e-31,6.005767192653728e-31,6.005767192653728e-31,6.00576719265373e-31,6.005767192653728e-31,6.005767192653728e-31,6.00576719265373e-31,6.005767192653728e-31,6.005767192668458e-31,6.005767192668458e-31,6.005767192668458e-31,6.005767192668458e-31,6.005767192657563e-31,6.005767192657563e-31,6.005767192657563e-31,6.005767192657562e-31,6.005767192657563e-31,6.005767192657563e-31,6.005767192657562e-31,6.005767192657563e-31,6.005767192669208e-31,6.0057671926065965e-31,6.0057671926065965e-31,6.005767192606596e-31,6.0057671926065965e-31,6.005767192635346e-31,6.005767192635348e-31,6.005767192635348e-31,6.005767192635346e-31,6.005767192635348e-31,6.005767192635348e-31,6.005767192635346e-31,6.005767192635844e-31,6.005767192635844e-31,6.005767192635844e-31,6.005767192635846e-31,6.0057671926407295e-31,6.0057671926407295e-31,6.005767192640731e-31,6.005767192625111e-31,6.005767192625111e-31,6.005767192625111e-31,6.00576719262511e-31,6.00576719262511e-31,6.00576719262511e-31,6.005767192625007e-31,6.005767192625007e-31,6.005767192625006e-31,6.005767192625006e-31,6.005767192625006e-31,6.005767192625006e-31,6.0057671926624645e-31,6.0057671926624645e-31,6.005767192665417e-31,6.005767192665417e-31,6.005767192674726e-31,6.005767192674726e-31,6.005767192674724e-31,6.005767192674724e-31,6.005767192674724e-31,6.005767192674726e-31,6.005767192674725e-31,6.005767192659455e-31,6.005767192649786e-31,6.005767192649786e-31,6.005767192649788e-31,6.005767192649788e-31,6.005767192644842e-31,6.005767192644841e-31,6.005767192467431e-31,6.005767192474616e-31,6.005767192470401e-31,6.005767192470402e-31,6.005767192470401e-31,6.0057671924704e-31,6.005767192556441e-31,6.005767192556441e-31,6.005767192556441e-31,6.005767192556441e-31,6.005767192556441e-31,6.005767192556441e-31,6.005767192547207e-31,6.005767192595809e-31,6.005767192595809e-31,6.005767192595809e-31,6.005767192578187e-31,6.005767192578187e-31,6.005767192578187e-31,6.005767192578187e-31,6.005767192578185e-31,6.005767192578185e-31,6.005767192578185e-31,6.005767192578187e-31,6.0057671925015105e-31,6.0057671925015105e-31,6.0057671925015105e-31,6.00576719250151e-31,6.00576719250151e-31,6.00576719250151e-31,6.00576719250151e-31,6.0057671925015105e-31,6.0057671925015105e-31,6.0057671925015105e-31,6.0057671925015105e-31,6.0057671925001e-31,6.005767192500101e-31,6.005767192500101e-31,6.005767192500101e-31,6.005767192500101e-31,6.005767192500101e-31,6.0057671925001e-31,6.0057671925001e-31,6.005767192554687e-31,6.005767192560267e-31,6.005767192560267e-31,6.005767192542527e-31,6.005767192542527e-31,6.005767192542527e-31,6.005767192542527e-31,6.005767192542527e-31,6.005767192542526e-31,6.005767192542526e-31,6.0057671925425265e-31,6.005767192542526e-31,6.0057671925425265e-31,6.005767192542526e-31,6.0057671925425265e-31,6.0057671925425265e-31,6.005767192674534e-31,6.005767192674534e-31,6.005767192674534e-31,6.005767192674534e-31,6.005767192674533e-31,6.005767192674535e-31,6.0057671926614705e-31,6.0057671926614705e-31,6.0057671926614705e-31,6.005767192660219e-31,6.005767192660219e-31,6.005767192563477e-31,6.005767192563477e-31,6.005767192563477e-31,6.005767192563477e-31,6.005767192563478e-31,6.005767192563475e-31,6.005767192563478e-31,6.005767192549575e-31,6.005767192550284e-31,6.005767192550285e-31,6.005767192550285e-31,6.005767192550286e-31,6.005767192550286e-31,6.005767192550286e-31,6.005767192550286e-31,6.005767192550285e-31,6.005767192550285e-31,6.005767192550285e-31,6.005767192550285e-31,6.005767192550285e-31,6.005767192550286e-31,6.005767192550286e-31,6.005767192550287e-31,6.005767192550286e-31,6.00576719255494e-31,6.0057671925549385e-31,6.005767192584995e-31,6.005767192584994e-31,6.005767192584995e-31,6.005767192584995e-31,6.005767192584995e-31,6.005767192584995e-31,6.005767192584995e-31,6.0057671925941284e-31,6.0057671925941284e-31,6.005767192594127e-31,6.0057671925941284e-31,6.0057671925941284e-31,6.0057671925941284e-31,6.0057671925941284e-31,6.0057671925941284e-31,6.0057671925941284e-31,6.0057671925929076e-31,6.0057671925929076e-31,6.0057671925929076e-31,6.0057671925929076e-31,6.0057671925929076e-31,6.0057671925929076e-31,6.0057671925929076e-31,6.0057671925929076e-31,6.005767192592907e-31,6.005767192592907e-31,6.0057671925929076e-31,6.005767192596476e-31,6.005767192596475e-31,6.005767192650967e-31,6.005767192650967e-31,6.00576719281385e-31,6.005767192805111e-31,6.005767192805111e-31,6.005767192805111e-31,6.005767192805111e-31,6.005767192805111e-31,6.005767192805111e-31,6.005767192792341e-31,6.005767192792341e-31,6.00576719279234e-31,6.005767192792341e-31,6.005767192797735e-31,6.005767192797735e-31,6.005767192797735e-31,6.005767192797735e-31,6.005767192818946e-31,6.005767192818946e-31,6.00576719281662e-31,6.00576719282647e-31,6.0057671928332285e-31,6.005767192833229e-31,6.0057671928332285e-31,6.00576719288005e-31,6.00576719287549e-31,6.005767192824708e-31,6.0057671928247095e-31,6.0057671928247095e-31,6.005767192825578e-31,6.005767192833716e-31,6.005767192833716e-31,6.005767192817888e-31,6.0057671928146315e-31,6.005767192814629e-31,6.00576719281463e-31,6.00576719281463e-31,6.005767192816147e-31,6.005767192816145e-31,6.005767192816145e-31,6.005767192816147e-31,6.005767192816147e-31,6.005767192866901e-31,6.005767192866901e-31,6.005767192869253e-31,6.005767192867462e-31,6.005767192867159e-31,6.005767192867157e-31,6.005767192869845e-31,6.005767192869349e-31,6.005767192818655e-31,6.005767192802215e-31,6.005767192802215e-31,6.0057671927636715e-31,6.005767192763246e-31,6.005767192763244e-31,6.005767192763244e-31,6.005767192771509e-31,6.005767192769412e-31,6.005767192769412e-31,6.005767192769412e-31,6.005767192769412e-31,6.005767192774765e-31,6.005767192757373e-31,6.005767192753454e-31,6.005767192749707e-31,6.005767192749707e-31,6.005767192662021e-31,6.005767192662021e-31,6.0057671926620205e-31,6.005767192662021e-31,6.0057671926620205e-31,6.005767192625908e-31,6.005767192625909e-31,6.005767192635088e-31,6.005767192635088e-31,6.005767192635088e-31,6.005767192602599e-31,6.005767192595156e-31,6.0057671925919345e-31,6.0057671925874145e-31,6.0057671925874145e-31,6.0057671925874145e-31,6.0057671925871465e-31,6.005767192564616e-31,6.0057671924864824e-31,6.00576719244522e-31,6.00576719244522e-31,6.00576719244522e-31,6.005767192440154e-31,6.005767192446766e-31,6.005767192450831e-31,6.00576719245083e-31,6.005767192443851e-31,6.005767192443851e-31,6.005767192443851e-31,6.005767192443851e-31,6.005767192464426e-31,6.005767192464426e-31,6.005767192464427e-31,6.005767192485054e-31,6.005767192485053e-31,6.005767192481953e-31,6.005767192481953e-31,6.0057671924819545e-31,6.00576719251496e-31,6.005767192494213e-31,6.005767192484864e-31,6.005767192488825e-31,6.005767192488825e-31,6.005767192488825e-31,6.005767192488825e-31,6.005767192488827e-31,6.005767192488827e-31,6.005767192488825e-31,6.005767192415959e-31,6.005767192418736e-31,6.005767192418736e-31,6.005767192400461e-31,6.005767192400461e-31,6.005767192390211e-31,6.005767192390211e-31,6.0057671923890265e-31,6.005767192373349e-31,6.005767192373349e-31,6.005767192366677e-31,6.005767192371739e-31,6.00576719236981e-31,6.00576719236981e-31,6.00576719236981e-31,6.00576719236981e-31,6.00576719236981e-31,6.005767192280463e-31,6.005767192280463e-31,6.005767192280463e-31,6.005767192280463e-31,6.005767192284463e-31,6.005767192293672e-31,6.005767192277421e-31,6.005767192296473e-31,6.005767192293907e-31,6.005767192293907e-31,6.005767192293909e-31,6.005767192284424e-31,6.00576719225675e-31,6.005767192308546e-31,6.005767192308546e-31,6.005767192308544e-31,6.005767192308545e-31,6.005767192308545e-31,6.005767192308545e-31,6.005767192308546e-31,6.005767192306622e-31,6.005767192306624e-31,6.005767192306623e-31,6.005767192306622e-31,6.005767192310499e-31,6.0057671923104995e-31,6.0057671923105e-31,6.0057671923105e-31,6.0057671923105e-31,6.0057671923105e-31,6.005767192312248e-31,6.0057671923122485e-31,6.0057671923122485e-31,6.0057671923122485e-31,6.005767192299711e-31,6.005767192299711e-31,6.00576719229971e-31,6.00576719229971e-31,6.00576719229971e-31,6.00576719229971e-31,6.00576719229971e-31,6.0057671922830875e-31,6.0057671922836515e-31,6.0057671922836515e-31,6.0057671922836515e-31,6.005767192291469e-31,6.005767192277881e-31,6.005767192210482e-31,6.005767192210482e-31,6.005767192210482e-31,6.005767192210484e-31,6.005767192210482e-31,6.005767192210484e-31,6.005767192210484e-31,6.005767192210484e-31,6.005767192210484e-31,6.005767192210484e-31,6.005767192210484e-31,6.005767192210484e-31,6.005767192210484e-31,6.005767192210484e-31,6.005767192210484e-31,6.005767192210484e-31,6.005767192210484e-31,6.005767192182831e-31,6.005767192182831e-31,6.005767192187306e-31,6.005767192187306e-31,6.005767192187306e-31,6.005767192187306e-31,6.005767192185272e-31,6.005767192168301e-31,6.005767192179707e-31,6.005767192179708e-31,6.005767192179707e-31,6.005767192179708e-31,6.005767192179707e-31,6.005767192181475e-31,6.005767192197854e-31,6.0057671922027265e-31,6.005767192216302e-31,6.005767192118502e-31,6.005767192076634e-31,6.0057671920855105e-31,6.0057671920855105e-31,6.0057671920855105e-31,6.0057671920855105e-31,6.0057671920855105e-31,6.0057671920855105e-31,6.0057671920855105e-31,6.005767191962233e-31,6.005767191962233e-31,6.005767191962234e-31,6.005767191962234e-31,6.00576719197923e-31,6.00576719199749e-31,6.00576719199749e-31,6.005767192008016e-31,6.005767192008016e-31,6.005767192001144e-31,6.005767192001144e-31,6.005767192001144e-31,6.005767192001144e-31,6.005767191984786e-31,6.005767191959571e-31,6.005767191931952e-31,6.005767191931952e-31,6.005767191935855e-31,6.005767191935856e-31,6.005767191935855e-31,6.0057671919510586e-31,6.005767191838433e-31,6.005767191842535e-31,6.005767191842537e-31,6.005767191842537e-31,6.005767191842536e-31,6.005767191842537e-31,6.005767191842535e-31,6.005767191842537e-31,6.005767191842537e-31,6.005767191842535e-31,6.005767191842537e-31,6.005767191842537e-31,6.005767191827031e-31,6.005767191838058e-31,6.005767191838058e-31,6.0057671918395064e-31,6.005767191817992e-31,6.005767191817992e-31,6.005767191817992e-31,6.005767191817992e-31,6.005767191798334e-31,6.005767191810562e-31,6.005767191810562e-31,6.005767191810562e-31,6.005767191810562e-31,6.005767191810561e-31,6.005767191810561e-31,6.005767191829715e-31,6.005767191829717e-31,6.005767191829717e-31,6.005767191829717e-31,6.005767191829717e-31,6.005767191829717e-31,6.005767191829717e-31,6.005767191883969e-31,6.005767191886361e-31,6.005767191886359e-31,6.005767191807747e-31,6.005767191808983e-31,6.005767191808982e-31,6.005767191808982e-31,6.005767191808983e-31,6.005767191808983e-31,6.0057671918043225e-31,6.0057671918043225e-31,6.0057671918043225e-31,6.0057671918043225e-31,6.005767191809687e-31,6.005767191809687e-31,6.005767191952593e-31,6.005767191956695e-31,6.005767191942144e-31,6.005767191942144e-31,6.005767191944858e-31,6.005767191944859e-31,6.005767191944859e-31,6.005767191944859e-31,6.005767191945238e-31,6.005767191935151e-31,6.0057671919444155e-31,6.0057671919444155e-31,6.0057671919444155e-31,6.0057671919355865e-31,6.005767191919558e-31,6.005767191919558e-31,6.005767191919558e-31,6.005767191910009e-31,6.005767191910009e-31,6.005767191910009e-31,6.005767191910009e-31,6.005767191910009e-31,6.0057671919347545e-31,6.0057671919347545e-31,6.0057671919486895e-31,6.0057671919486895e-31,6.005767191946573e-31,6.005767191960725e-31,6.00576719188578e-31,6.005767191885781e-31,6.005767191885779e-31,6.005767191885781e-31,6.005767191885781e-31,6.005767191885781e-31,6.005767191891747e-31,6.005767191878349e-31,6.005767191878349e-31,6.0057671918783504e-31,6.0057671918797465e-31,6.005767191879748e-31,6.0057671918797465e-31,6.0057671918797465e-31,6.005767191879748e-31,6.005767191888963e-31,6.005767191885922e-31,6.005767191892722e-31,6.005767191892722e-31,6.005767191892722e-31,6.00576719190146e-31,6.00576719190146e-31,6.005767192029344e-31,6.0057671920342125e-31,6.0057671920342125e-31,6.005767192025553e-31,6.005767192022336e-31,6.005767192022336e-31,6.005767192022336e-31,6.005767192022336e-31,6.0057671920223365e-31,6.0057671920223365e-31,6.005767192019116e-31,6.005767191997534e-31,6.005767191997534e-31,6.005767192039238e-31,6.005767192039236e-31,6.005767192039238e-31,6.005767192026684e-31,6.005767192026684e-31,6.005767192019635e-31,6.005767192051722e-31,6.005767192051722e-31,6.005767192051722e-31,6.005767192051722e-31,6.005767192051722e-31,6.005767192052477e-31,6.005767192052477e-31,6.005767192046173e-31,6.005767192046172e-31,6.005767192046172e-31,6.005767192046174e-31,6.0057671920425485e-31,6.005767192031308e-31,6.005767192031308e-31,6.0057671920161e-31,6.0057671920161e-31,6.0057671920010735e-31,6.0057671920010735e-31,6.0057671920010735e-31,6.005767192203322e-31,6.005767192316308e-31,6.005767192316308e-31,6.005767192226784e-31,6.005767192155618e-31,6.005767192138093e-31,6.0057671921380925e-31,6.005767192123617e-31,6.005767192123617e-31,6.005767192123617e-31,6.005767192123617e-31,6.005767192144366e-31,6.005767192121863e-31,6.005767192089524e-31,6.0057671920838955e-31,6.0057671920838955e-31,6.0057671920838955e-31,6.0057671920838955e-31,6.0057671920838955e-31,6.005767192080041e-31,6.00576719208004e-31,6.005767192219254e-31,6.005767192248567e-31,6.005767192248567e-31,6.005767192248567e-31,6.005767192248567e-31,6.005767192248567e-31,6.005767192248567e-31,6.005767192248567e-31,6.005767192248567e-31,6.005767192243602e-31,6.005767192234619e-31,6.005767192234619e-31,6.005767192248426e-31,6.005767192275859e-31,6.005767192275859e-31,6.005767192275859e-31,6.005767192275858e-31,6.0057671922775725e-31,6.0057671922775725e-31,6.005767192296423e-31,6.005767192296423e-31,6.005767192302259e-31,6.005767192312195e-31,6.005767192312195e-31,6.0057671923279535e-31,6.0057671923093215e-31,6.0057671923093215e-31,6.0057671923093215e-31,6.0057671923093215e-31,6.0057671923093215e-31,6.00576719231132e-31,6.005767192314359e-31,6.005767192314359e-31,6.005767192314341e-31,6.0057671923131374e-31,6.005767192295534e-31,6.005767192295534e-31,6.005767192290153e-31,6.005767192290153e-31,6.005767192293981e-31,6.005767192289782e-31,6.005767192289782e-31,6.005767192287538e-31,6.005767192287538e-31,6.005767192280427e-31,6.005767192282684e-31,6.005767192363463e-31,6.005767192361382e-31,6.005767192366716e-31,6.005767192367996e-31,6.0057671923701265e-31,6.005767192382595e-31,6.005767192375081e-31,6.005767192376605e-31,6.005767192378917e-31,6.005767192340385e-31,6.0057671923378345e-31,6.005767192331803e-31,6.005767192295216e-31,6.005767192291968e-31,6.005767192291968e-31,6.005767192350105e-31,6.005767192359251e-31,6.005767192375912e-31,6.00576719238304e-31,6.005767192383607e-31,6.005767192383608e-31,6.005767192383607e-31,6.005767192407537e-31,6.005767192411847e-31,6.005767192411847e-31,6.005767192411846e-31,6.005767192411846e-31,6.005767192411847e-31,6.005767192411847e-31,6.005767192411847e-31,6.005767192411847e-31,6.005767192411847e-31,6.005767192411847e-31,6.0057671924067275e-31,6.005767192406728e-31,6.0057671924197745e-31,6.0057671924197745e-31,6.0057671924197745e-31,6.005767192405315e-31,6.005767192405315e-31,6.005767192405315e-31,6.005767192405315e-31,6.005767192405315e-31,6.005767192405315e-31,6.005767192405315e-31,6.005767192405315e-31,6.005767192405315e-31,6.005767192405315e-31,6.005767192414679e-31,6.005767192431035e-31,6.005767192426375e-31,6.005767192426375e-31,6.005767192426376e-31,6.005767192435225e-31,6.005767192435225e-31,6.005767192435225e-31,6.005767192435225e-31,6.005767192435225e-31,6.005767192435223e-31,6.005767192435223e-31,6.00576719242116e-31,6.00576719242116e-31,6.00576719242116e-31,6.00576719242116e-31,6.00576719242116e-31,6.00576719242116e-31,6.005767192421158e-31,6.005767192421158e-31,6.005767192421158e-31,6.005767192416867e-31,6.005767192416867e-31,6.005767192416867e-31,6.0057671925119125e-31,6.0057671925119125e-31,6.005767192521566e-31,6.005767192521566e-31,6.005767192544267e-31,6.005767192544267e-31,6.005767192544266e-31,6.005767192544267e-31,6.005767192544267e-31,6.005767192550754e-31,6.005767192550756e-31,6.005767192551634e-31,6.005767192439405e-31,6.005767192440442e-31,6.0057671924360226e-31,6.005767192420297e-31,6.005767192385796e-31,6.0057671923857965e-31,6.005767192389469e-31,6.005767192389469e-31,6.005767192389469e-31,6.005767192389469e-31,6.005767192389469e-31,6.005767192389469e-31,6.005767192395726e-31,6.00576719237928e-31,6.00576719237928e-31,6.00576719237928e-31,6.00576719237928e-31,6.0057671923792805e-31,6.005767192415708e-31,6.005767192424821e-31,6.005767192424821e-31,6.00576719243662e-31,6.00576719243662e-31,6.00576719243662e-31,6.005767192393494e-31,6.005767192393494e-31,6.005767192393494e-31,6.005767192508356e-31,6.005767192508356e-31,6.005767192472758e-31,6.005767192472758e-31,6.005767192472758e-31,6.005767192472756e-31,6.005767192468215e-31,6.005767192468214e-31,6.005767192468214e-31,6.005767192468216e-31,6.005767192468216e-31,6.005767192510079e-31,6.005767192510077e-31,6.005767192510079e-31,6.005767192510079e-31,6.005767192518327e-31,6.005767192518327e-31,6.005767192518327e-31,6.005767192518327e-31,6.005767192518327e-31,6.005767192560347e-31,6.005767192560347e-31,6.005767192560347e-31,6.005767192487866e-31,6.005767192487866e-31,6.005767192487866e-31,6.005767192482117e-31,6.005767192491354e-31,6.0057671924913555e-31,6.0057671924913555e-31,6.005767192491354e-31,6.005767192490808e-31,6.005767192506458e-31,6.005767192506459e-31,6.00576719250646e-31,6.005767192506459e-31,6.005767192514924e-31,6.005767192514926e-31,6.005767192514925e-31,6.005767192526203e-31,6.005767192551985e-31,6.005767192551985e-31,6.005767192551987e-31,6.005767192551985e-31,6.005767192546594e-31,6.005767192546594e-31,6.0057671925465255e-31,6.0057671925465255e-31,6.005767192537457e-31,6.005767192537458e-31,6.005767192537457e-31,6.005767192537457e-31,6.005767192535591e-31,6.00576719253559e-31,6.005767192539989e-31,6.005767192539989e-31,6.005767192539989e-31,6.0057671925415184e-31,6.00576719258756e-31,6.00576719258756e-31,6.00576719258756e-31,6.005767192594299e-31,6.005767192594298e-31,6.005767192594299e-31,6.005767192594299e-31,6.005767192578906e-31,6.005767192579028e-31,6.0057671925668005e-31,6.005767192566801e-31,6.005767192558691e-31,6.005767192558691e-31,6.005767192484569e-31,6.005767192479675e-31,6.005767192479675e-31,6.005767192479675e-31,6.005767192479675e-31,6.005767192479675e-31,6.005767192485941e-31,6.005767192485941e-31,6.005767192485941e-31,6.005767192485941e-31,6.005767192485941e-31,6.005767192485941e-31,6.005767192485941e-31,6.005767192485941e-31,6.005767192485941e-31,6.00576719248469e-31,6.00576719248786e-31,6.005767192584135e-31,6.005767192577056e-31,6.005767192577056e-31,6.005767192577056e-31,6.005767192577056e-31,6.005767192577056e-31,6.005767192572038e-31,6.005767192572036e-31,6.005767192543663e-31,6.005767192543663e-31,6.005767192552742e-31,6.005767192552742e-31,6.005767192552742e-31,6.005767192552742e-31,6.005767192552742e-31,6.005767192552742e-31,6.005767192552742e-31,6.005767192552742e-31,6.005767192552742e-31,6.00576719255274e-31,6.005767192552742e-31,6.005767192552742e-31,6.00576719255274e-31,6.005767192561618e-31,6.005767192561618e-31,6.005767192561618e-31,6.005767192561618e-31,6.005767192561618e-31,6.005767192561618e-31,6.005767192565751e-31,6.005767192565751e-31,6.005767192565751e-31,6.005767192571885e-31,6.005767192561837e-31,6.005767192561838e-31,6.005767192549862e-31,6.005767192567263e-31,6.005767192567262e-31,6.005767192604515e-31,6.005767192604515e-31,6.005767192604515e-31,6.005767192604515e-31,6.005767192604516e-31,6.005767192604515e-31,6.005767192680718e-31,6.005767192680718e-31,6.005767192680719e-31,6.005767192680719e-31,6.005767192680719e-31,6.005767192680718e-31,6.005767192680719e-31,6.005767192680719e-31,6.005767192680719e-31,6.005767192680719e-31,6.00576719268072e-31,6.00576719268072e-31,6.00576719268072e-31,6.005767192671461e-31,6.005767192687143e-31,6.005767192691128e-31,6.005767192682348e-31,6.005767192682348e-31,6.005767192682348e-31,6.005767192637849e-31,6.005767192643989e-31,6.0057671926545945e-31,6.0057671926545945e-31,6.005767192682837e-31,6.00576719267058e-31,6.005767192670578e-31,6.005767192794672e-31,6.005767192794672e-31,6.0057671927907105e-31,6.005767192789145e-31,6.005767192789147e-31,6.005767192789145e-31,6.005767192860474e-31,6.005767192860475e-31,6.005767192848478e-31,6.005767192848478e-31,6.005767192843953e-31,6.005767192721464e-31,6.005767192717749e-31,6.005767192717749e-31,6.005767192717749e-31,6.005767192651074e-31,6.0057671926510755e-31,6.005767192654482e-31,6.005767192654482e-31,6.005767192654482e-31,6.0057671926544815e-31,6.0057671926579725e-31,6.005767192609442e-31,6.005767192609442e-31,6.005767192609442e-31,6.005767192609442e-31,6.005767192609442e-31,6.005767192597357e-31,6.005767192597358e-31,6.005767192597358e-31,6.005767192597357e-31,6.005767192597357e-31,6.005767192597358e-31,6.005767192597358e-31,6.005767192597358e-31,6.005767192597357e-31,6.005767192597358e-31,6.005767192597358e-31,6.005767192597358e-31,6.005767192597358e-31,6.005767192597889e-31,6.005767192575999e-31,6.005767192565263e-31,6.005767192565263e-31,6.0057671925623085e-31,6.005767192557964e-31,6.005767192557964e-31,6.005767192557964e-31,6.005767192557964e-31,6.005767192557964e-31,6.005767192557964e-31,6.005767192550089e-31,6.005767192555423e-31,6.005767192555423e-31,6.005767192555423e-31,6.005767192559323e-31,6.00576719256434e-31,6.005767192564342e-31,6.00576719256639e-31,6.005767192487594e-31,6.005767192487594e-31,6.005767192426062e-31,6.005767192399569e-31,6.00576719242729e-31,6.005767192418904e-31,6.005767192418904e-31,6.005767192418904e-31,6.005767192405746e-31,6.005767192411635e-31,6.005767192411635e-31,6.005767192397872e-31,6.005767192397872e-31,6.005767192397874e-31,6.005767192355708e-31,6.005767192355708e-31,6.005767192355708e-31,6.005767192335322e-31,6.005767192335323e-31,6.005767192329367e-31,6.005767192336061e-31,6.005767192336063e-31,6.005767192336063e-31,6.005767192339326e-31,6.0057671923554e-31,6.005767192375231e-31,6.005767192314663e-31,6.005767192314661e-31,6.005767192314663e-31,6.005767192314661e-31,6.005767192314247e-31,6.005767192314246e-31,6.005767192315262e-31,6.005767192332484e-31,6.005767192332484e-31,6.005767192295234e-31,6.005767192295233e-31,6.005767192272597e-31,6.005767192272597e-31,6.0057671922741665e-31,6.005767192274168e-31,6.005767192274168e-31,6.005767192278399e-31,6.005767192263129e-31,6.005767192263129e-31,6.005767192267744e-31,6.005767192267744e-31,6.005767192267744e-31,6.005767192267744e-31,6.005767192267256e-31,6.005767192267256e-31,6.005767192267257e-31,6.00576719226985e-31,6.005767192267241e-31,6.005767192266726e-31,6.005767192267811e-31,6.005767192267811e-31,6.005767192261021e-31,6.0057671922610205e-31,6.005767192261913e-31,6.005767192261913e-31,6.005767192262876e-31,6.005767192262876e-31,6.005767192262876e-31,6.005767192262876e-31,6.005767192262876e-31,6.005767192262876e-31,6.005767192262876e-31,6.005767192262876e-31,6.005767192262876e-31,6.005767192262876e-31,6.005767192262876e-31,6.005767192261172e-31,6.005767192261171e-31,6.005767192261171e-31,6.005767192260783e-31,6.005767192260783e-31,6.005767192260783e-31,6.005767192260783e-31,6.005767192260783e-31,6.005767192260783e-31,6.005767192260783e-31,6.005767192260783e-31,6.005767192260783e-31,6.005767192255325e-31,6.005767192255325e-31,6.005767192252539e-31,6.005767192252539e-31,6.00576719225254e-31,6.005767192252245e-31,6.005767192290033e-31,6.0057671922900335e-31,6.0057671922900335e-31,6.005767192302818e-31,6.005767192322648e-31,6.00576719232867e-31,6.005767192334092e-31,6.005767192331182e-31,6.0057671923459086e-31,6.005767192345101e-31,6.005767192345101e-31,6.005767192345101e-31,6.005767192345101e-31,6.005767192345101e-31,6.005767192345101e-31,6.005767192342586e-31,6.005767192344733e-31,6.005767192344733e-31,6.005767192344733e-31,6.005767192344733e-31,6.00576719234524e-31,6.005767192345242e-31,6.005767192345242e-31,6.005767192345243e-31,6.005767192346e-31,6.005767192344622e-31,6.005767192344623e-31,6.005767192344623e-31,6.005767192344623e-31,6.005767192344356e-31,6.005767192341086e-31,6.0057671923410855e-31,6.0057671923426085e-31,6.0057671923426085e-31,6.0057671923426085e-31,6.0057671923426085e-31,6.0057671923426085e-31,6.005767192342607e-31,6.005767192342609e-31,6.005767192333719e-31,6.005767192333719e-31,6.005767192338896e-31,6.005767192338899e-31,6.005767192337223e-31,6.005767192338472e-31,6.005767192338472e-31,6.005767192328828e-31,6.005767192328828e-31,6.005767192328828e-31,6.005767192328829e-31,6.005767192328828e-31,6.005767192328827e-31,6.005767192328828e-31,6.0057671923238075e-31,6.005767192324384e-31,6.005767192324384e-31,6.0057671923243855e-31,6.0057671923243855e-31,6.0057671923236375e-31,6.0057671923236375e-31,6.0057671923236375e-31,6.005767192323639e-31,6.005767192323638e-31,6.005767192323638e-31,6.005767192323638e-31,6.005767192323638e-31,6.005767192323637e-31,6.0057671923236375e-31,6.0057671923236375e-31,6.005767192323638e-31,6.005767192323638e-31,6.005767192323638e-31,6.005767192323939e-31,6.005767192323939e-31,6.005767192323937e-31,6.005767192323939e-31,6.005767192323939e-31,6.005767192315909e-31,6.005767192317347e-31,6.005767192317347e-31,6.005767192317347e-31,6.0057671923173475e-31,6.005767192317347e-31,6.005767192317347e-31,6.005767192317347e-31,6.005767192317402e-31,6.005767192324079e-31,6.005767192324079e-31,6.005767192324079e-31,6.005767192324079e-31,6.00576719231579e-31,6.00576719231579e-31,6.00576719231579e-31,6.005767192316841e-31,6.005767192316841e-31,6.005767192316841e-31,6.005767192316842e-31,6.005767192316842e-31,6.005767192316842e-31,6.005767192316842e-31,6.005767192316842e-31,6.005767192316422e-31,6.005767192316422e-31,6.005767192316422e-31,6.005767192316422e-31,6.005767192316422e-31,6.005767192316422e-31,6.005767192316422e-31,6.005767192316422e-31,6.0057671923164235e-31,6.0057671923131296e-31,6.0057671923131296e-31,6.005767192316166e-31,6.005767192316166e-31,6.005767192332132e-31,6.005767192332132e-31,6.005767192332133e-31,6.005767192332133e-31,6.005767192331425e-31,6.005767192330517e-31,6.0057671923437e-31,6.005767192343129e-31,6.0057671923428625e-31,6.005767192345359e-31,6.00576719234536e-31,6.0057671923453445e-31,6.005767192345314e-31,6.005767192345314e-31,6.005767192345314e-31,6.005767192348171e-31,6.005767192348171e-31,6.0057671923481725e-31,6.005767192348171e-31,6.0057671923481725e-31,6.0057671923481725e-31,6.005767192350913e-31,6.005767192350911e-31,6.005767192351567e-31,6.005767192351567e-31,6.005767192351565e-31,6.005767192351567e-31,6.005767192351565e-31,6.005767192351567e-31,6.005767192351565e-31,6.005767192351567e-31,6.005767192351567e-31,6.005767192351565e-31,6.005767192351567e-31,6.005767192351565e-31,6.005767192350444e-31,6.005767192350444e-31,6.005767192350444e-31,6.005767192350445e-31,6.005767192350444e-31,6.005767192350444e-31,6.005767192350277e-31,6.0057671923490194e-31,6.005767192349019e-31,6.005767192351052e-31,6.005767192351051e-31,6.005767192351052e-31,6.00576719235158e-31,6.005767192352293e-31,6.005767192353346e-31,6.005767192353346e-31,6.005767192349918e-31,6.00576719234988e-31,6.005767192337e-31,6.005767192320322e-31,6.005767192320322e-31,6.005767192320322e-31,6.005767192318715e-31,6.005767192322167e-31,6.005767192314704e-31,6.005767192314704e-31,6.005767192314704e-31,6.005767192314704e-31,6.005767192314704e-31,6.005767192314704e-31,6.005767192314704e-31,6.005767192314704e-31,6.005767192314704e-31,6.005767192314704e-31,6.005767192314704e-31,6.005767192306404e-31,6.005767192279819e-31,6.005767192279819e-31,6.005767192279819e-31,6.005767192279819e-31,6.005767192279595e-31,6.0057671922975795e-31,6.0057671922975795e-31,6.005767192297579e-31,6.0057671922966485e-31,6.005767192293213e-31,6.0057671922942584e-31,6.005767192295533e-31,6.005767192294897e-31,6.005767192294897e-31,6.005767192294897e-31,6.005767192294144e-31,6.005767192292773e-31,6.005767192292819e-31,6.005767192292819e-31,6.0057671922928195e-31,6.0057671922702945e-31,6.005767192271246e-31,6.005767192270294e-31,6.0057671922708935e-31,6.005767192273504e-31,6.005767192273504e-31,6.005767192274872e-31,6.0057671922748435e-31,6.00576719227251e-31,6.00576719227251e-31,6.00576719227251e-31,6.005767192274995e-31,6.005767192270469e-31,6.005767192270469e-31,6.005767192271216e-31,6.005767192292708e-31,6.005767192292961e-31,6.005767192292961e-31,6.005767192292961e-31,6.005767192293475e-31,6.005767192292384e-31,6.005767192287093e-31,6.005767192287093e-31,6.005767192287093e-31,6.005767192287093e-31,6.005767192268799e-31,6.005767192269741e-31,6.005767192269738e-31,6.00576719226974e-31,6.005767192272885e-31,6.005767192261791e-31,6.005767192261791e-31,6.005767192262191e-31,6.005767192262191e-31,6.005767192262191e-31,6.005767192265536e-31,6.0057671922749065e-31,6.00576719228506e-31,6.005767192286702e-31,6.005767192286702e-31,6.0057671922867e-31,6.005767192287922e-31,6.005767192285687e-31,6.00576719228545e-31,6.005767192286415e-31,6.005767192286413e-31,6.0057671922863035e-31,6.005767192286302e-31,6.005767192286302e-31,6.0057671922863035e-31,6.005767192287188e-31,6.005767192287188e-31,6.005767192314853e-31,6.005767192314854e-31,6.00576719231474e-31,6.005767192314741e-31,6.005767192321744e-31,6.005767192321743e-31,6.005767192321399e-31,6.005767192321398e-31,6.005767192318432e-31,6.005767192318432e-31,6.00576719231843e-31,6.00576719231908e-31,6.005767192315361e-31,6.005767192315361e-31,6.005767192315361e-31,6.005767192315361e-31,6.005767192315947e-31,6.005767192315947e-31,6.005767192314148e-31,6.005767192313575e-31,6.005767192313924e-31,6.005767192347833e-31,6.005767192347677e-31,6.005767192348452e-31,6.0057671923486385e-31,6.0057671923486385e-31,6.005767192349959e-31,6.005767192349959e-31,6.005767192347868e-31,6.005767192347867e-31,6.005767192349884e-31,6.00576719234698e-31,6.005767192346654e-31,6.005767192346653e-31,6.005767192351727e-31,6.005767192354031e-31,6.005767192354031e-31,6.005767192347082e-31,6.005767192347082e-31,6.005767192349126e-31,6.0057671923519105e-31,6.00576719235191e-31,6.00576719235191e-31,6.0057671923519105e-31,6.0057671923519105e-31,6.0057671923519105e-31,6.0057671923519105e-31,6.005767192351909e-31,6.0057671923519105e-31,6.005767192348274e-31,6.005767192348276e-31,6.005767192348276e-31,6.005767192348276e-31,6.005767192348276e-31,6.005767192348093e-31,6.005767192346797e-31,6.005767192350112e-31,6.005767192361704e-31,6.005767192361224e-31,6.005767192361224e-31,6.005767192361224e-31,6.005767192361224e-31,6.005767192361224e-31,6.005767192361177e-31,6.005767192363917e-31,6.005767192363917e-31,6.005767192360584e-31,6.005767192371514e-31,6.0057671923719105e-31,6.005767192368908e-31,6.0057671923689065e-31,6.005767192364823e-31,6.0057671923678485e-31,6.005767192367073e-31,6.005767192366248e-31,6.005767192371411e-31,6.005767192371147e-31,6.005767192369261e-31,6.005767192379813e-31,6.005767192380033e-31,6.005767192374182e-31,6.005767192369913e-31,6.005767192369913e-31,6.005767192369913e-31,6.005767192369913e-31,6.005767192369914e-31,6.005767192366905e-31,6.005767192368552e-31,6.005767192370139e-31,6.005767192370139e-31,6.005767192370154e-31,6.005767192370154e-31,6.005767192370154e-31,6.00576719236704e-31,6.005767192367041e-31,6.005767192367043e-31,6.00576719235555e-31,6.0057671923555495e-31,6.005767192356957e-31,6.005767192356958e-31,6.00576719235672e-31,6.0057671923546395e-31,6.005767192354159e-31,6.005767192355038e-31,6.005767192355038e-31,6.005767192355039e-31,6.005767192355036e-31,6.005767192355036e-31,6.005767192355258e-31,6.005767192353218e-31,6.005767192347498e-31,6.005767192352015e-31,6.005767192350461e-31,6.0057671923504645e-31,6.005767192356015e-31,6.005767192355258e-31,6.005767192353801e-31,6.005767192353801e-31,6.005767192360137e-31,6.005767192360137e-31,6.005767192357699e-31,6.005767192357697e-31,6.005767192357699e-31,6.005767192357699e-31,6.005767192357698e-31,6.005767192357698e-31,6.005767192359455e-31,6.005767192359455e-31,6.005767192358899e-31,6.005767192359952e-31,6.005767192359141e-31,6.005767192359178e-31,6.005767192359178e-31,6.005767192359178e-31,6.005767192359179e-31,6.005767192359462e-31,6.005767192359462e-31,6.005767192359462e-31,6.005767192359463e-31,6.005767192359463e-31,6.005767192359461e-31,6.00576719235946e-31,6.005767192359459e-31,6.005767192359459e-31,6.005767192363552e-31,6.005767192363552e-31,6.005767192365449e-31,6.005767192367175e-31,6.005767192387835e-31,6.005767192387835e-31,6.005767192387836e-31,6.005767192387836e-31,6.005767192387838e-31,6.005767192393989e-31,6.00576719239195e-31,6.005767192392278e-31,6.005767192401839e-31,6.005767192401839e-31,6.005767192401163e-31,6.005767192402066e-31,6.005767192403787e-31,6.005767192403786e-31,6.005767192404176e-31,6.005767192404605e-31,6.005767192404604e-31,6.005767192406884e-31,6.005767192406885e-31,6.005767192406885e-31,6.005767192406885e-31,6.005767192406885e-31,6.005767192406885e-31,6.005767192406885e-31,6.005767192406885e-31,6.005767192406887e-31,6.0057671924015235e-31,6.005767192393205e-31,6.005767192391287e-31,6.005767192398836e-31,6.005767192398834e-31,6.005767192396787e-31,6.005767192396787e-31,6.005767192396787e-31,6.005767192396787e-31,6.005767192396787e-31,6.0057671923967845e-31,6.0057671923967845e-31,6.005767192396733e-31,6.00576719239759e-31,6.00576719239759e-31,6.00576719239759e-31,6.00576719239759e-31,6.00576719239759e-31,6.005767192396857e-31,6.005767192396859e-31,6.0057671923944425e-31,6.0057671923944425e-31,6.005767192394444e-31,6.005767192394444e-31,6.005767192394444e-31,6.005767192395677e-31,6.005767192395677e-31,6.0057671923995695e-31,6.0057671923995695e-31,6.005767192399571e-31,6.005767192399572e-31,6.005767192399572e-31,6.005767192399573e-31,6.00576719239957e-31,6.0057671923995695e-31,6.0057671923995695e-31,6.0057671923995695e-31,6.005767192399571e-31,6.005767192399572e-31,6.005767192399572e-31,6.005767192399572e-31,6.005767192399572e-31,6.005767192397257e-31,6.005767192396052e-31,6.005767192394327e-31,6.0057671923920524e-31,6.005767192392053e-31,6.00576719240882e-31,6.00576719240882e-31,6.00576719240882e-31,6.005767192406964e-31,6.005767192406962e-31,6.005767192406964e-31,6.005767192406964e-31,6.005767192406964e-31,6.005767192406964e-31,6.005767192406964e-31,6.005767192412371e-31,6.005767192412371e-31,6.005767192412371e-31,6.005767192412994e-31,6.005767192412994e-31,6.005767192412994e-31,6.005767192413502e-31,6.005767192413502e-31,6.005767192405092e-31,6.0057671924039066e-31,6.005767192407946e-31,6.005767192417027e-31,6.005767192416953e-31,6.00576719241866e-31,6.00576719241866e-31,6.005767192418533e-31,6.005767192434928e-31,6.0057671924349295e-31,6.005767192453766e-31,6.005767192453766e-31,6.005767192457133e-31,6.005767192459491e-31,6.005767192459491e-31,6.005767192458233e-31,6.005767192458233e-31,6.005767192458233e-31,6.005767192458233e-31,6.005767192458232e-31,6.0057671924582305e-31,6.0057671924582305e-31,6.005767192464164e-31,6.005767192464164e-31,6.005767192458615e-31,6.005767192457561e-31,6.005767192454878e-31,6.005767192454878e-31,6.005767192454878e-31,6.005767192454878e-31,6.005767192454879e-31,6.005767192450683e-31,6.005767192450683e-31,6.005767192450683e-31,6.005767192450683e-31,6.005767192450683e-31,6.005767192450683e-31,6.005767192450684e-31,6.005767192450683e-31,6.005767192450684e-31,6.005767192450685e-31,6.005767192450685e-31,6.005767192451312e-31,6.005767192451857e-31,6.005767192451969e-31,6.005767192450296e-31,6.005767192450296e-31,6.005767192449646e-31,6.005767192449646e-31,6.005767192449646e-31,6.005767192449645e-31,6.005767192449645e-31,6.005767192449645e-31,6.005767192449645e-31,6.005767192453647e-31,6.005767192453647e-31,6.005767192453647e-31,6.005767192451703e-31,6.005767192451472e-31,6.005767192451472e-31,6.005767192451473e-31,6.005767192451472e-31,6.005767192451472e-31,6.005767192451472e-31,6.005767192451472e-31,6.005767192451472e-31,6.005767192451472e-31,6.005767192451472e-31,6.005767192451472e-31,6.005767192451472e-31,6.005767192451472e-31,6.005767192452442e-31,6.005767192456472e-31,6.005767192459122e-31,6.005767192459122e-31,6.005767192459124e-31,6.005767192459124e-31,6.005767192459124e-31,6.005767192459124e-31,6.005767192459124e-31,6.005767192461792e-31,6.005767192461792e-31,6.005767192461792e-31,6.00576719246179e-31,6.00576719246179e-31,6.00576719246179e-31,6.005767192463614e-31,6.005767192463614e-31,6.0057671924742885e-31,6.005767192474287e-31,6.005767192474286e-31,6.005767192474286e-31,6.005767192474286e-31,6.005767192474286e-31,6.005767192474286e-31,6.005767192474286e-31,6.005767192470628e-31,6.005767192470628e-31,6.005767192470628e-31,6.005767192470628e-31,6.0057671924706285e-31,6.005767192470628e-31,6.0057671924706285e-31,6.005767192470629e-31,6.005767192470629e-31,6.005767192469955e-31,6.005767192469955e-31,6.005767192469955e-31,6.0057671924712705e-31,6.0057671924712705e-31,6.0057671924712705e-31,6.005767192487593e-31,6.005767192455126e-31,6.005767192455126e-31,6.005767192455125e-31,6.005767192455123e-31,6.005767192455121e-31,6.005767192455123e-31,6.005767192455123e-31,6.00576719244726e-31,6.005767192448547e-31,6.005767192448547e-31,6.005767192450132e-31,6.005767192476935e-31,6.005767192478197e-31,6.0057671924817215e-31,6.0057671924817215e-31,6.0057671924817215e-31,6.0057671924817215e-31,6.0057671924817215e-31,6.0057671924817215e-31,6.005767192486933e-31,6.005767192491585e-31,6.005767192491585e-31,6.005767192490013e-31,6.005767192518511e-31,6.005767192518512e-31,6.005767192518512e-31,6.00576719251851e-31,6.0057671925175195e-31,6.005767192551284e-31,6.005767192551284e-31,6.005767192550563e-31,6.005767192550564e-31,6.005767192550561e-31,6.005767192553248e-31,6.005767192554847e-31,6.005767192554848e-31,6.005767192554848e-31,6.005767192554848e-31,6.005767192554848e-31,6.005767192554848e-31,6.005767192592943e-31,6.005767192592942e-31,6.00576719257019e-31,6.00576719257019e-31,6.005767192589507e-31,6.005767192589508e-31,6.005767192588167e-31,6.005767192588168e-31,6.005767192588168e-31,6.005767192588166e-31,6.005767192588537e-31,6.005767192588537e-31,6.005767192588537e-31,6.005767192588537e-31,6.00576719258745e-31,6.005767192586327e-31,6.005767192586176e-31,6.005767192586176e-31,6.005767192596683e-31,6.005767192596683e-31,6.005767192596683e-31,6.005767192596685e-31,6.0057671925944175e-31,6.0057671925944175e-31,6.005767192594419e-31,6.005767192590192e-31,6.005767192590168e-31,6.005767192590168e-31,6.005767192590169e-31,6.0057671925965614e-31,6.005767192597131e-31,6.005767192583085e-31,6.005767192582913e-31,6.005767192582913e-31,6.005767192582914e-31,6.00576719258596e-31,6.005767192587894e-31,6.005767192587892e-31,6.005767192593776e-31,6.005767192593775e-31,6.005767192591369e-31,6.005767192591369e-31,6.00576719259137e-31,6.00576719259137e-31,6.00576719259137e-31,6.00576719259137e-31,6.005767192601269e-31,6.00576719260279e-31,6.00576719260279e-31,6.00576719260279e-31,6.00576719260279e-31,6.00576719260279e-31,6.00576719260279e-31,6.00576719260279e-31,6.00576719260279e-31,6.005767192598468e-31,6.0057671925984655e-31,6.005767192599778e-31,6.005767192599778e-31,6.005767192599779e-31,6.005767192599779e-31,6.005767192603202e-31,6.005767192601421e-31,6.005767192601421e-31,6.005767192599149e-31,6.005767192599149e-31,6.005767192609611e-31,6.005767192609814e-31,6.005767192609814e-31,6.005767192615605e-31,6.005767192653371e-31,6.005767192651467e-31,6.005767192651468e-31,6.00576719265275e-31,6.005767192652749e-31,6.00576719267048e-31,6.005767192670479e-31,6.005767192670479e-31,6.005767192670479e-31,6.005767192669492e-31,6.005767192669491e-31,6.005767192669491e-31,6.005767192669492e-31,6.005767192669492e-31,6.005767192669491e-31,6.005767192669492e-31,6.005767192669492e-31,6.005767192670765e-31,6.005767192669794e-31,6.005767192669796e-31,6.005767192669794e-31,6.005767192669796e-31,6.005767192669794e-31,6.005767192669561e-31,6.005767192588406e-31,6.005767192588405e-31,6.0057671925854255e-31,6.0057671925854255e-31,6.0057671925854255e-31,6.0057671925854255e-31,6.005767192579709e-31,6.005767192580023e-31,6.005767192580023e-31,6.005767192580023e-31,6.005767192580074e-31,6.005767192579581e-31,6.005767192579581e-31,6.005767192579583e-31,6.005767192579583e-31,6.005767192579583e-31,6.005767192579581e-31,6.005767192579583e-31,6.005767192579581e-31,6.0057671925799955e-31,6.0057671925799955e-31,6.0057671925799955e-31,6.0057671925799955e-31,6.005767192580595e-31,6.005767192580595e-31,6.005767192580594e-31,6.005767192580594e-31,6.005767192580594e-31,6.005767192580595e-31,6.005767192583088e-31,6.0057671925836275e-31,6.005767192583629e-31,6.005767192481368e-31,6.005767192483518e-31,6.005767192374192e-31,6.005767192378177e-31,6.005767192379866e-31,6.005767192377502e-31,6.005767192374909e-31,6.005767192374908e-31,6.005767192377577e-31,6.005767192378505e-31,6.005767192311931e-31,6.005767192353058e-31,6.005767192352891e-31,6.005767192352893e-31,6.005767192352793e-31,6.005767192352071e-31,6.005767192349063e-31,6.005767192349062e-31,6.005767192347695e-31,6.005767192347695e-31,6.005767192347695e-31,6.005767192350333e-31,6.005767192351878e-31,6.005767192351878e-31,6.005767192246505e-31,6.005767192246504e-31,6.005767192246504e-31,6.005767192246503e-31,6.005767192246503e-31,6.005767192246503e-31,6.005767192246503e-31,6.005767192246501e-31,6.005767192240883e-31,6.0057671922284535e-31,6.005767192230699e-31,6.005767192229802e-31,6.005767192220246e-31,6.005767192220479e-31,6.005767192223707e-31,6.005767192223706e-31,6.005767192224255e-31,6.005767192224255e-31,6.0057671922238415e-31,6.005767192223843e-31,6.005767192223843e-31,6.005767192223843e-31,6.005767192223843e-31,6.005767192223186e-31,6.00576719222326e-31,6.00576719222326e-31,6.005767192221843e-31,6.005767192217213e-31,6.005767192216839e-31,6.005767192216839e-31,6.005767192216839e-31,6.005767192216839e-31,6.005767192216837e-31,6.005767192216835e-31,6.005767192216835e-31,6.005767192215599e-31,6.005767192215598e-31,6.005767192215598e-31,6.005767192215599e-31,6.005767192215599e-31,6.005767192215598e-31,6.005767192215598e-31,6.005767192215598e-31,6.005767192215598e-31,6.005767192215598e-31,6.005767192215599e-31,6.005767192215599e-31,6.005767192215599e-31,6.005767192215598e-31,6.005767192215598e-31,6.005767192215598e-31,6.005767192215598e-31,6.005767192215598e-31,6.005767192215599e-31,6.005767192215599e-31,6.005767192215598e-31,6.005767192215598e-31,6.005767192213404e-31,6.005767192213403e-31,6.00576719218403e-31,6.00576719218403e-31,6.0057671921840306e-31,6.0057671921840306e-31,6.0057671921840306e-31,6.005767192190884e-31,6.0057671921908925e-31,6.0057671921908925e-31,6.0057671921908925e-31,6.0057671921908925e-31,6.0057671921908925e-31,6.0057671921908925e-31,6.0057671921908925e-31,6.005767192190424e-31,6.0057671921890875e-31,6.0057671921890875e-31,6.005767192187598e-31,6.0057671921875995e-31,6.005767192187598e-31,6.005767192181892e-31,6.005767192181892e-31,6.00576719218397e-31,6.005767192183968e-31,6.00576719218397e-31,6.00576719218397e-31,6.00576719218397e-31,6.005767192183968e-31,6.00576719218397e-31,6.005767192184159e-31,6.005767192184158e-31,6.005767192184159e-31,6.005767192185363e-31,6.005767192185363e-31,6.005767192185363e-31,6.005767192167096e-31,6.005767192167097e-31,6.005767192150893e-31,6.005767192150894e-31,6.005767192150895e-31,6.005767192150893e-31,6.005767192150895e-31,6.005767192150226e-31,6.0057671921502785e-31,6.0057671921502785e-31,6.0057671921502785e-31,6.005767192150279e-31,6.005767192150279e-31,6.005767192150279e-31,6.005767192150279e-31,6.0057671921761956e-31,6.005767192176195e-31,6.005767192178054e-31,6.005767192178054e-31,6.005767192178055e-31,6.005767192177662e-31,6.005767192177663e-31,6.005767192177644e-31,6.005767192177645e-31,6.005767192177645e-31,6.005767192177644e-31,6.005767192177644e-31,6.005767192177644e-31,6.0057671921771e-31,6.005767192175444e-31,6.005767192175562e-31,6.005767192175562e-31,6.005767192168842e-31,6.005767192168842e-31,6.005767192168842e-31,6.0057671921695175e-31,6.005767192167104e-31,6.0057671921671055e-31,6.005767192166328e-31,6.005767192166328e-31,6.0057671921657095e-31,6.005767192166712e-31,6.005767192168116e-31,6.005767192168117e-31,6.005767192168114e-31,6.005767192168114e-31,6.005767192168115e-31,6.0057671921681136e-31,6.005767192195359e-31,6.005767192195359e-31,6.005767192195359e-31,6.005767192195359e-31,6.005767192195359e-31,6.005767192195359e-31,6.005767192195359e-31,6.005767192195359e-31,6.005767192195359e-31,6.005767192196324e-31,6.005767192196323e-31,6.005767192196321e-31,6.005767192212727e-31,6.005767192212727e-31,6.005767192214565e-31,6.005767192231181e-31,6.005767192232144e-31,6.005767192238963e-31,6.005767192237978e-31,6.005767192235674e-31,6.005767192236459e-31,6.005767192236869e-31,6.005767192236869e-31,6.005767192239883e-31,6.005767192239883e-31,6.005767192240334e-31,6.00576719226241e-31,6.005767192261565e-31,6.005767192261565e-31,6.005767192261918e-31,6.00576719226064e-31,6.00576719226064e-31,6.00576719226064e-31,6.005767192259094e-31,6.005767192259094e-31,6.005767192259094e-31,6.005767192259094e-31,6.005767192259093e-31,6.005767192259094e-31,6.005767192258581e-31,6.005767192258581e-31,6.00576719225858e-31,6.0057671922585805e-31,6.0057671922585805e-31,6.0057671922585805e-31,6.0057671922585805e-31,6.0057671922585805e-31,6.0057671922585805e-31,6.005767192258582e-31,6.005767192258582e-31,6.005767192258582e-31,6.005767192258582e-31,6.005767192258582e-31,6.005767192258582e-31,6.005767192258582e-31,6.005767192258582e-31,6.005767192258679e-31,6.005767192271081e-31,6.005767192271083e-31,6.0057671922710845e-31,6.005767192271083e-31,6.005767192271083e-31,6.005767192271083e-31,6.005767192271083e-31,6.005767192271083e-31,6.005767192271083e-31,6.0057671922710845e-31,6.005767192265955e-31,6.005767192265955e-31,6.005767192265953e-31,6.005767192265953e-31,6.005767192265953e-31,6.005767192264275e-31,6.00576719225596e-31,6.005767192297546e-31,6.005767192297546e-31,6.0057671922975445e-31,6.005767192297546e-31,6.00576719230215e-31,6.00576719230215e-31,6.00576719230215e-31,6.00576719233882e-31,6.00576719233882e-31,6.005767192338818e-31,6.00576719233882e-31,6.00576719233882e-31,6.00576719233882e-31,6.005767192338542e-31,6.005767192338542e-31,6.005767192339173e-31,6.00576719233974e-31,6.0057671923397385e-31,6.0057671923385955e-31,6.0057671923384475e-31,6.005767192338446e-31,6.005767192341386e-31,6.005767192341386e-31,6.005767192340578e-31,6.005767192340578e-31,6.005767192340578e-31,6.005767192340349e-31,6.005767192339655e-31,6.0057671923396535e-31,6.005767192339652e-31,6.00576719233965e-31,6.005767192339651e-31,6.005767192339652e-31,6.005767192326823e-31,6.005767192318789e-31,6.005767192318792e-31,6.005767192318791e-31,6.005767192318791e-31,6.005767192317254e-31,6.005767192317255e-31,6.005767192316834e-31,6.0057671923181865e-31,6.0057671923181865e-31,6.0057671923181865e-31,6.005767192318153e-31,6.005767192318153e-31,6.005767192318153e-31,6.005767192318155e-31,6.0057671923181515e-31,6.0057671923181515e-31,6.0057671923181515e-31,6.0057671923181515e-31,6.005767192318153e-31,6.005767192318153e-31,6.005767192317787e-31,6.005767192317787e-31,6.005767192327272e-31,6.005767192327272e-31,6.0057671923275805e-31,6.0057671923267125e-31,6.005767192326389e-31,6.005767192326575e-31,6.005767192326575e-31,6.005767192326575e-31,6.005767192326575e-31,6.005767192340056e-31,6.005767192338984e-31,6.005767192338984e-31,6.005767192338986e-31,6.005767192338986e-31,6.005767192338522e-31,6.005767192338522e-31,6.005767192338522e-31,6.005767192338438e-31,6.005767192338438e-31,6.005767192338499e-31,6.0057671923493225e-31,6.0057671923493225e-31,6.0057671923493225e-31,6.0057671923493225e-31,6.0057671923493225e-31,6.0057671923493225e-31,6.0057671923493225e-31,6.0057671923493225e-31,6.005767192369247e-31,6.005767192370938e-31,6.005767192370963e-31,6.005767192370963e-31,6.005767192370965e-31,6.005767192370965e-31,6.005767192370966e-31,6.005767192370965e-31,6.005767192370965e-31,6.005767192370965e-31,6.005767192370965e-31,6.005767192370966e-31,6.005767192370965e-31,6.005767192370965e-31,6.005767192370966e-31,6.005767192377178e-31,6.005767192377178e-31,6.005767192377177e-31,6.005767192377177e-31,6.005767192377177e-31,6.005767192377177e-31,6.005767192377177e-31,6.005767192377177e-31,6.005767192377177e-31,6.005767192377177e-31,6.005767192377177e-31,6.005767192377177e-31,6.005767192377177e-31,6.005767192377177e-31,6.005767192377177e-31,6.005767192377177e-31,6.005767192377177e-31,6.005767192377621e-31,6.005767192383121e-31,6.005767192383121e-31,6.005767192383374e-31,6.005767192383374e-31,6.005767192384391e-31,6.00576719238348e-31,6.005767192376443e-31,6.0057671923682155e-31,6.0057671923682155e-31,6.0057671923682155e-31,6.0057671923682155e-31,6.0057671923682155e-31,6.0057671923682155e-31,6.0057671923682155e-31,6.0057671923682155e-31,6.0057671923682155e-31,6.005767192368214e-31,6.005767192368216e-31,6.005767192367299e-31,6.005767192351452e-31,6.005767192351452e-31,6.005767192351452e-31,6.005767192351452e-31,6.005767192351452e-31,6.005767192350311e-31,6.005767192353692e-31,6.005767192353695e-31,6.005767192353693e-31,6.005767192353693e-31,6.005767192353693e-31,6.005767192340673e-31,6.005767192342569e-31,6.005767192352462e-31,6.005767192352462e-31,6.005767192352462e-31,6.005767192352462e-31,6.00576719234644e-31,6.0057671923447665e-31,6.005767192361006e-31,6.00576719236064e-31,6.005767192360829e-31,6.005767192360829e-31,6.005767192360829e-31,6.005767192360829e-31,6.005767192360636e-31,6.005767192360636e-31,6.0057671923606204e-31,6.005767192360619e-31,6.0057671923606204e-31,6.005767192361664e-31,6.005767192361956e-31,6.005767192361956e-31,6.005767192361847e-31,6.005767192361847e-31,6.005767192362643e-31,6.005767192362643e-31,6.005767192362643e-31,6.005767192362644e-31,6.005767192362643e-31,6.005767192362644e-31,6.005767192362644e-31,6.005767192362644e-31,6.005767192362643e-31,6.005767192362643e-31,6.0057671923626444e-31,6.005767192361797e-31,6.005767192361798e-31,6.005767192361797e-31,6.005767192361797e-31,6.005767192361335e-31,6.005767192369464e-31,6.005767192359703e-31,6.005767192359703e-31,6.005767192359703e-31,6.005767192360182e-31,6.005767192360376e-31,6.00576719236454e-31,6.005767192364897e-31,6.005767192363833e-31,6.005767192364417e-31,6.005767192364972e-31,6.005767192364972e-31,6.00576719236438e-31,6.005767192368669e-31,6.00576719237028e-31,6.005767192370278e-31,6.005767192370278e-31,6.005767192370279e-31,6.005767192374086e-31,6.005767192374085e-31,6.005767192374088e-31,6.005767192373264e-31,6.005767192374455e-31,6.005767192383761e-31,6.005767192382676e-31,6.005767192383621e-31,6.005767192383622e-31,6.005767192383095e-31,6.005767192383095e-31,6.005767192383095e-31,6.005767192383094e-31,6.005767192381792e-31,6.005767192381118e-31,6.005767192405189e-31,6.005767192405189e-31,6.005767192405189e-31,6.005767192405189e-31,6.0057671924051905e-31,6.00576719240519e-31,6.005767192405191e-31,6.005767192405191e-31,6.005767192405191e-31,6.005767192405191e-31,6.005767192405191e-31,6.005767192406092e-31,6.005767192398302e-31,6.005767192398302e-31,6.005767192398305e-31,6.005767192398307e-31,6.005767192398307e-31,6.005767192398307e-31,6.005767192398307e-31,6.005767192398304e-31,6.005767192396464e-31,6.005767192402925e-31,6.005767192402927e-31,6.005767192402927e-31,6.005767192402927e-31,6.005767192402927e-31,6.005767192402927e-31,6.005767192402927e-31,6.005767192403807e-31,6.005767192403805e-31,6.005767192403805e-31,6.005767192403805e-31,6.0057671924036175e-31,6.005767192403617e-31,6.005767192403617e-31,6.005767192401093e-31,6.005767192401093e-31,6.005767192401094e-31,6.005767192400857e-31,6.005767192402239e-31,6.00576719240224e-31,6.005767192402724e-31,6.005767192407585e-31,6.005767192408014e-31,6.005767192406709e-31,6.005767192389881e-31,6.005767192392257e-31,6.005767192417122e-31,6.0057671924170455e-31,6.005767192418825e-31,6.005767192418825e-31,6.005767192418825e-31,6.005767192418825e-31,6.005767192418825e-31,6.005767192418825e-31,6.005767192418827e-31,6.005767192418827e-31,6.005767192418827e-31,6.005767192419553e-31,6.005767192425303e-31,6.005767192425276e-31,6.005767192432118e-31,6.005767192431248e-31,6.0057671924327085e-31,6.005767192432134e-31,6.00576719243212e-31,6.00576719243212e-31,6.005767192431658e-31,6.005767192438042e-31,6.0057671924383005e-31,6.005767192439607e-31,6.005767192439642e-31,6.005767192439912e-31,6.005767192439833e-31,6.005767192439858e-31,6.005767192449009e-31,6.005767192449009e-31,6.005767192434672e-31,6.005767192429865e-31,6.005767192429865e-31,6.005767192429865e-31,6.005767192429865e-31,6.005767192429865e-31,6.005767192429865e-31,6.005767192429865e-31,6.005767192429865e-31,6.005767192429865e-31,6.005767192429865e-31,6.005767192429865e-31,6.005767192429865e-31,6.005767192429865e-31,6.005767192429865e-31,6.005767192429865e-31,6.005767192429865e-31,6.005767192431464e-31,6.005767192431464e-31,6.005767192431464e-31,6.005767192429616e-31,6.005767192429616e-31,6.005767192429616e-31,6.005767192429616e-31,6.005767192429616e-31,6.005767192429616e-31,6.005767192429616e-31,6.005767192429616e-31,6.005767192429616e-31,6.005767192428153e-31,6.005767192421321e-31,6.005767192399826e-31,6.005767192405837e-31,6.005767192414108e-31,6.005767192411243e-31,6.005767192412494e-31,6.005767192409896e-31,6.005767192409974e-31,6.0057671924031525e-31,6.0057671924031525e-31,6.005767192396503e-31,6.005767192396271e-31,6.00576719239502e-31,6.005767192396411e-31,6.005767192396525e-31,6.005767192396882e-31,6.005767192396882e-31,6.005767192396917e-31,6.005767192396917e-31,6.005767192397087e-31,6.005767192397104e-31,6.005767192396384e-31,6.005767192395667e-31,6.005767192395684e-31,6.005767192395711e-31,6.005767192395922e-31,6.005767192395473e-31,6.005767192395474e-31,6.005767192395473e-31,6.0057671923964946e-31,6.005767192396441e-31,6.00576719239678e-31,6.00576719239678e-31,6.005767192389484e-31,6.005767192387585e-31,6.005767192387585e-31,6.005767192387587e-31,6.005767192387603e-31,6.005767192387604e-31,6.005767192387603e-31,6.005767192387603e-31,6.005767192387603e-31,6.00576719238634e-31,6.005767192386772e-31,6.005767192386772e-31,6.005767192386772e-31,6.005767192384095e-31,6.005767192384094e-31,6.005767192384094e-31,6.005767192384094e-31,6.005767192383791e-31,6.005767192383791e-31,6.005767192383911e-31,6.005767192383911e-31,6.005767192383911e-31,6.005767192383911e-31,6.005767192383911e-31,6.005767192383911e-31,6.005767192383911e-31,6.005767192383909e-31,6.005767192383909e-31,6.005767192383909e-31,6.005767192383242e-31,6.005767192382025e-31,6.005767192382025e-31,6.005767192372587e-31,6.005767192372027e-31,6.005767192371741e-31,6.005767192371741e-31,6.005767192371465e-31,6.005767192395962e-31,6.00576719238071e-31,6.005767192380226e-31,6.005767192380382e-31,6.005767192382948e-31,6.005767192382948e-31,6.005767192382948e-31,6.005767192382948e-31,6.005767192383919e-31,6.005767192382743e-31,6.005767192382743e-31,6.005767192383331e-31,6.005767192383332e-31,6.005767192383332e-31,6.005767192383332e-31,6.00576719238561e-31,6.005767192387441e-31,6.005767192387441e-31,6.005767192387277e-31,6.005767192387277e-31,6.005767192388404e-31,6.005767192388404e-31,6.005767192388958e-31,6.005767192388958e-31,6.005767192388958e-31,6.005767192387484e-31,6.005767192387538e-31,6.005767192387538e-31,6.0057671923862835e-31,6.0057671923757545e-31,6.005767192375807e-31,6.005767192375807e-31,6.0057671923762616e-31,6.0057671923762616e-31,6.0057671923762616e-31,6.0057671923762616e-31,6.0057671923762616e-31,6.005767192375169e-31,6.005767192375169e-31,6.0057671923751685e-31,6.005767192375168e-31,6.005767192378052e-31,6.005767192378053e-31,6.005767192377536e-31,6.005767192381639e-31,6.005767192381076e-31,6.005767192380803e-31,6.0057671923808035e-31,6.0057671923808035e-31,6.005767192359496e-31,6.005767192359495e-31,6.005767192359496e-31,6.005767192360812e-31,6.005767192360812e-31,6.005767192360812e-31,6.005767192360812e-31,6.005767192360812e-31,6.005767192361155e-31,6.005767192361155e-31,6.005767192361155e-31,6.005767192361155e-31,6.005767192361155e-31,6.005767192363509e-31,6.00576719236351e-31,6.005767192357731e-31,6.005767192357731e-31,6.005767192357731e-31,6.005767192357732e-31,6.005767192358481e-31,6.005767192357752e-31,6.005767192357752e-31,6.0057671923582505e-31,6.005767192358249e-31,6.005767192358249e-31,6.005767192358249e-31,6.005767192358714e-31,6.0057671923559865e-31,6.0057671923559865e-31,6.005767192356558e-31,6.005767192357811e-31,6.005767192357813e-31,6.005767192357813e-31,6.005767192357811e-31,6.005767192358208e-31,6.005767192358208e-31,6.005767192358209e-31,6.005767192358209e-31,6.005767192347806e-31,6.0057671923478064e-31,6.0057671923478064e-31,6.005767192347806e-31,6.0057671923478064e-31,6.005767192347825e-31,6.005767192347824e-31,6.005767192347826e-31,6.00576719234278e-31,6.005767192343076e-31,6.005767192348699e-31,6.0057671923487e-31,6.005767192350168e-31,6.0057671923501685e-31,6.005767192350168e-31,6.0057671923501685e-31,6.005767192350168e-31,6.005767192350168e-31,6.0057671923501685e-31,6.005767192350168e-31,6.005767192350168e-31,6.0057671923501685e-31,6.0057671923501685e-31,6.005767192350168e-31,6.005767192350804e-31,6.005767192359065e-31,6.005767192359062e-31,6.005767192359062e-31,6.005767192359066e-31,6.005767192359062e-31,6.005767192367233e-31,6.005767192367231e-31,6.005767192366957e-31,6.005767192366957e-31,6.005767192391224e-31,6.005767192391224e-31,6.005767192391879e-31,6.005767192392593e-31,6.005767192392593e-31,6.005767192392596e-31,6.005767192392593e-31,6.005767192392596e-31,6.005767192392596e-31,6.005767192392596e-31,6.005767192392596e-31,6.005767192392593e-31,6.005767192393787e-31,6.005767192393787e-31,6.005767192393786e-31,6.0057671923940545e-31,6.0057671923940545e-31,6.0057671923940545e-31,6.0057671923940545e-31,6.005767192394055e-31,6.005767192394272e-31,6.005767192394272e-31,6.005767192396735e-31,6.005767192396738e-31,6.005767192396783e-31,6.0057671923967845e-31,6.0057671923967845e-31,6.005767192396785e-31,6.005767192399041e-31,6.005767192399041e-31,6.0057671923990405e-31,6.005767192399043e-31,6.005767192399043e-31,6.005767192399043e-31,6.005767192399985e-31,6.005767192391401e-31,6.005767192391209e-31,6.005767192391209e-31,6.005767192391208e-31,6.00576719238962e-31,6.005767192389619e-31,6.005767192387605e-31,6.005767192387605e-31,6.005767192387605e-31,6.005767192387605e-31,6.005767192387605e-31,6.005767192387603e-31,6.005767192386567e-31,6.0057671923853315e-31,6.0057671923853315e-31,6.0057671923853315e-31,6.0057671923853315e-31,6.0057671923853315e-31,6.0057671923853315e-31,6.005767192385811e-31,6.005767192388445e-31,6.005767192387645e-31,6.005767192389269e-31,6.005767192389268e-31,6.005767192389269e-31,6.005767192389269e-31,6.00576719238927e-31,6.005767192389269e-31,6.005767192389269e-31,6.005767192389269e-31,6.005767192389272e-31,6.00576719238927e-31,6.005767192389272e-31,6.00576719238927e-31,6.005767192389272e-31,6.005767192389272e-31,6.005767192389272e-31,6.005767192389272e-31,6.005767192389272e-31,6.005767192389272e-31,6.005767192389272e-31,6.005767192389271e-31,6.005767192389272e-31,6.005767192395667e-31,6.005767192395806e-31,6.005767192395808e-31,6.005767192395806e-31,6.005767192395806e-31,6.005767192395808e-31,6.005767192395808e-31,6.005767192395808e-31,6.0057671923952605e-31,6.005767192394246e-31,6.005767192394246e-31,6.005767192393065e-31,6.005767192393065e-31,6.005767192388464e-31,6.00576719238848e-31,6.00576719238848e-31,6.005767192388949e-31,6.005767192390191e-31,6.005767192397552e-31,6.005767192398848e-31,6.005767192390195e-31,6.005767192390197e-31,6.005767192390076e-31,6.005767192388077e-31,6.005767192388077e-31,6.005767192388077e-31,6.005767192388077e-31,6.005767192390036e-31,6.005767192390036e-31,6.005767192390037e-31,6.005767192390037e-31,6.005767192389761e-31,6.005767192391456e-31,6.005767192392907e-31,6.005767192392908e-31,6.005767192392908e-31,6.005767192392206e-31,6.005767192392206e-31,6.005767192392204e-31,6.005767192392204e-31,6.005767192392293e-31,6.005767192391784e-31,6.005767192393062e-31,6.005767192392959e-31,6.005767192402159e-31,6.005767192402097e-31,6.005767192400892e-31,6.005767192416402e-31,6.005767192416181e-31,6.005767192417039e-31,6.005767192417039e-31,6.00576719242102e-31,6.005767192421669e-31,6.005767192421669e-31,6.005767192441061e-31,6.005767192442097e-31,6.005767192442097e-31,6.005767192442097e-31,6.005767192442099e-31,6.005767192440599e-31,6.005767192441875e-31,6.005767192441873e-31,6.005767192454709e-31,6.005767192454063e-31,6.005767192470668e-31,6.005767192470467e-31,6.005767192495339e-31,6.005767192495156e-31,6.0057671924944515e-31,6.0057671924961295e-31,6.0057671924961295e-31,6.0057671924961295e-31,6.0057671924915525e-31,6.0057671924915525e-31,6.005767192513163e-31,6.005767192513163e-31,6.005767192514149e-31,6.005767192519175e-31,6.0057671925191765e-31,6.005767192519175e-31,6.005767192523559e-31,6.005767192525848e-31,6.005767192525848e-31,6.0057671925258475e-31,6.005767192524279e-31,6.005767192521755e-31,6.0057671925328934e-31,6.005767192532868e-31,6.005767192532873e-31,6.005767192533041e-31,6.005767192532434e-31,6.005767192532434e-31,6.005767192533593e-31,6.005767192534285e-31,6.00576719253469e-31,6.005767192576155e-31,6.005767192576154e-31,6.0057671925732535e-31,6.0057671925732535e-31,6.0057671925732535e-31,6.005767192573118e-31,6.00576719257312e-31,6.00576719257312e-31,6.005767192586268e-31,6.005767192585559e-31,6.005767192585557e-31,6.005767192585796e-31,6.005767192585812e-31,6.005767192585965e-31,6.005767192585315e-31,6.005767192585315e-31,6.005767192577122e-31,6.005767192577122e-31,6.0057671925681125e-31,6.005767192567492e-31,6.005767192567492e-31,6.0057671925674915e-31,6.0057671925674915e-31,6.0057671925674915e-31,6.0057671925674915e-31,6.005767192567864e-31,6.005767192567864e-31,6.005767192567864e-31,6.005767192567864e-31,6.005767192567434e-31,6.005767192567434e-31,6.0057671925674355e-31,6.005767192567435e-31,6.0057671925666385e-31,6.005767192571007e-31,6.005767192563963e-31,6.005767192563963e-31,6.005767192563963e-31,6.005767192564981e-31,6.005767192589122e-31,6.0057671925891205e-31,6.00576719259047e-31,6.00576719259047e-31,6.00576719259047e-31,6.00576719259047e-31,6.00576719259047e-31,6.005767192590577e-31,6.005767192590579e-31,6.005767192590577e-31,6.005767192590577e-31,6.005767192590577e-31,6.005767192590577e-31,6.005767192590577e-31,6.005767192590577e-31,6.005767192590577e-31,6.00576719259038e-31,6.00576719259038e-31,6.00576719259038e-31,6.005767192587315e-31,6.005767192594009e-31,6.005767192593137e-31,6.005767192593137e-31,6.005767192593158e-31,6.005767192593158e-31,6.00576719259401e-31,6.00576719259401e-31,6.005767192623092e-31,6.005767192623092e-31,6.005767192623092e-31,6.005767192623092e-31,6.005767192617867e-31,6.005767192615169e-31,6.005767192615167e-31,6.005767192615167e-31,6.00576719263066e-31,6.00576719263066e-31,6.005767192630891e-31,6.0057671926308915e-31,6.005767192635731e-31,6.00576719263346e-31,6.00576719263346e-31,6.005767192633575e-31,6.00576719263171e-31,6.00576719263242e-31,6.005767192632418e-31,6.005767192631366e-31,6.005767192633243e-31,6.005767192633244e-31,6.005767192633243e-31,6.005767192633243e-31,6.005767192633245e-31,6.005767192633244e-31,6.005767192633243e-31,6.005767192633243e-31,6.005767192633243e-31,6.005767192633244e-31,6.005767192633243e-31,6.00576719263462e-31,6.005767192634619e-31,6.005767192634321e-31,6.005767192634319e-31,6.005767192634321e-31,6.005767192634319e-31,6.005767192634231e-31,6.005767192634231e-31,6.005767192634232e-31,6.005767192634232e-31,6.005767192634231e-31,6.005767192634232e-31,6.005767192634231e-31,6.005767192634232e-31,6.005767192634232e-31,6.005767192634232e-31,6.005767192633195e-31,6.005767192633195e-31,6.005767192633195e-31,6.005767192633194e-31,6.005767192640277e-31,6.00576719263857e-31,6.00576719263857e-31,6.0057671926385715e-31,6.00576719263857e-31,6.00576719263857e-31,6.0057671926385715e-31,6.00576719263857e-31,6.005767192637758e-31,6.005767192637758e-31,6.005767192637758e-31,6.0057671926348975e-31,6.0057671926348975e-31,6.0057671926348975e-31,6.0057671926348975e-31,6.005767192634263e-31,6.005767192634263e-31,6.005767192634263e-31,6.005767192633027e-31,6.005767192633027e-31,6.005767192633027e-31,6.005767192633027e-31,6.005767192635473e-31,6.005767192635473e-31,6.005767192635473e-31,6.005767192635473e-31,6.005767192635473e-31,6.005767192635473e-31,6.005767192635473e-31,6.005767192635473e-31,6.005767192635473e-31,6.005767192635473e-31,6.005767192636438e-31,6.005767192636438e-31,6.005767192637509e-31,6.005767192637509e-31,6.00576719263751e-31,6.005767192637509e-31,6.005767192637509e-31,6.005767192633058e-31,6.005767192633058e-31,6.005767192633058e-31,6.005767192633058e-31,6.005767192633058e-31,6.005767192633058e-31,6.005767192633058e-31,6.005767192633059e-31,6.005767192633058e-31,6.005767192633058e-31,6.005767192629245e-31,6.005767192629245e-31,6.005767192629245e-31,6.005767192630317e-31,6.005767192630317e-31,6.005767192631863e-31,6.005767192631864e-31,6.0057671926318645e-31,6.005767192631864e-31,6.005767192631863e-31,6.005767192631863e-31,6.005767192634409e-31,6.005767192633051e-31,6.00576719263305e-31,6.00576719263305e-31,6.00576719263305e-31,6.00576719263305e-31,6.005767192633051e-31,6.005767192646322e-31,6.005767192646322e-31,6.005767192646324e-31,6.005767192646323e-31,6.005767192646252e-31,6.005767192646252e-31,6.005767192644344e-31,6.005767192642899e-31,6.005767192642899e-31,6.005767192642899e-31,6.0057671926429e-31,6.005767192630479e-31,6.0057671926314555e-31,6.005767192629596e-31,6.005767192629596e-31,6.005767192631552e-31,6.005767192631552e-31,6.005767192621502e-31,6.005767192621502e-31,6.005767192621502e-31,6.005767192621502e-31,6.005767192621502e-31,6.005767192621535e-31,6.005767192621534e-31,6.005767192621534e-31,6.005767192621533e-31,6.005767192621532e-31,6.005767192621532e-31,6.005767192621532e-31,6.005767192621532e-31,6.00576719262229e-31,6.0057671926231125e-31,6.0057671926231125e-31,6.0057671926231125e-31,6.0057671926231125e-31,6.0057671926231125e-31,6.0057671926231125e-31,6.0057671926231125e-31,6.005767192623653e-31,6.005767192623653e-31,6.005767192623653e-31,6.005767192623655e-31,6.005767192623809e-31,6.005767192624417e-31,6.005767192624417e-31,6.005767192626146e-31,6.005767192626455e-31,6.005767192626455e-31,6.005767192626455e-31,6.005767192638339e-31,6.005767192638173e-31,6.005767192638172e-31,6.005767192638172e-31,6.005767192638174e-31,6.005767192637376e-31,6.005767192637375e-31,6.005767192636789e-31,6.005767192636789e-31,6.005767192636245e-31,6.005767192636245e-31,6.005767192636245e-31,6.005767192636245e-31,6.005767192636245e-31,6.005767192636245e-31,6.005767192636245e-31,6.005767192603526e-31,6.005767192593728e-31,6.005767192593729e-31,6.005767192588463e-31,6.005767192588463e-31,6.005767192588463e-31,6.005767192586249e-31,6.005767192586249e-31,6.00576719258625e-31,6.00576719258625e-31,6.00576719258625e-31,6.005767192586249e-31,6.005767192577351e-31,6.00576719257699e-31,6.0057671925694306e-31,6.0057671925694306e-31,6.005767192569429e-31,6.005767192569428e-31,6.005767192569429e-31,6.005767192569429e-31,6.005767192569428e-31,6.00576719256292e-31,6.00576719256292e-31,6.00576719256292e-31,6.00576719256292e-31,6.005767192562919e-31,6.005767192562919e-31,6.00576719256292e-31,6.00576719256292e-31,6.005767192567532e-31,6.005767192567532e-31,6.005767192555487e-31,6.005767192555486e-31,6.005767192555487e-31,6.005767192555487e-31,6.005767192555488e-31,6.005767192555488e-31,6.0057671925645505e-31,6.005767192563158e-31,6.005767192563158e-31,6.005767192563158e-31,6.005767192562438e-31,6.005767192562438e-31,6.00576719256413e-31,6.00576719256413e-31,6.005767192564129e-31,6.0057671925641275e-31,6.0057671925641275e-31,6.005767192564127e-31,6.0057671925641275e-31,6.005767192547858e-31,6.005767192547858e-31,6.005767192548737e-31,6.005767192548737e-31,6.005767192549091e-31,6.005767192547957e-31,6.005767192548067e-31,6.005767192546845e-31,6.005767192546726e-31,6.005767192547442e-31,6.005767192548467e-31,6.0057671925483585e-31,6.0057671925483585e-31,6.005767192547421e-31,6.00576719254531e-31,6.00576719254531e-31,6.005767192547005e-31,6.005767192553003e-31,6.005767192550631e-31,6.005767192550631e-31,6.005767192550631e-31,6.005767192549932e-31,6.005767192549932e-31,6.005767192548441e-31,6.00576719258024e-31,6.00576719258024e-31,6.00576719258024e-31,6.00576719258024e-31,6.005767192582595e-31,6.005767192578901e-31,6.005767192578901e-31,6.005767192587856e-31,6.005767192587856e-31,6.005767192587856e-31,6.005767192585684e-31,6.005767192585683e-31,6.005767192585683e-31,6.005767192592802e-31,6.005767192592802e-31,6.005767192593666e-31,6.005767192593666e-31,6.005767192593667e-31,6.005767192593666e-31,6.005767192606218e-31,6.005767192606219e-31,6.005767192606252e-31,6.005767192606251e-31,6.005767192606251e-31,6.005767192606251e-31,6.005767192605243e-31,6.0057671926052425e-31,6.0057671926052425e-31,6.005767192604093e-31,6.005767192603154e-31,6.005767192603154e-31,6.005767192603153e-31,6.005767192603153e-31,6.005767192617404e-31,6.005767192615212e-31,6.0057671926152145e-31,6.0057671926152145e-31,6.0057671926152145e-31,6.005767192615216e-31,6.005767192615216e-31,6.005767192615334e-31,6.005767192611886e-31,6.005767192612346e-31,6.0057671926096434e-31
2,0.0,0.0,0.0,0.0,0.0,0.0,0.0,0.0,0.0,0.0,0.0,0.0,0.0,0.0,0.0,0.0,0.0,0.0,0.0,0.0,0.0,0.0,0.0,0.0,0.0,0.0,0.0,0.0,0.0,0.0,0.0,0.0,0.0,0.0,0.0,0.0,0.0,0.0,0.0,0.0,0.0,0.0,0.0,0.0,0.0,0.0,0.0,0.0,0.0,0.0,0.0,0.0,0.0,0.0,0.0,0.0,0.0,0.0,0.0,0.0,0.0,0.0,0.0,0.0,0.0,0.0,0.0,0.0,0.0,0.0,0.0,0.0,0.0,0.0,0.0,0.0,0.0,0.0,0.0,0.0,0.0,0.0,0.0,0.0,0.0,0.0,0.0,0.0,0.0,0.0,0.0,0.0,0.0,0.0,0.0,0.0,0.0,0.0,0.0,0.0,0.0,0.0,0.0,0.0,0.0,0.0,0.0,0.0,0.0,0.0,0.0,0.0,0.0,0.0,0.0,0.0,0.0,0.0,0.0,0.0,0.0,0.0,0.0,0.0,0.0,0.0,0.0,0.0,0.0,0.0,0.0,0.0,0.0,0.0,0.0,0.0,0.0,0.0,0.0,0.0,0.0,0.0,0.0,0.0,0.0,0.0,0.0,0.0,0.0,0.0,0.0,0.0,0.0,0.0,0.0,0.0,0.0,0.0,0.0,0.0,0.0,0.0,0.0,0.0,0.0,0.0,0.0,0.0,0.0,0.0,0.0,0.0,0.0,0.0,0.0,0.0,0.0,0.0,0.0,0.0,0.0,0.0,0.0,0.0,0.0,0.0,0.0,0.0,0.0,0.0,0.0,0.0,0.0,0.0,0.0,0.0,0.0,0.0,0.0,0.0,0.0,0.0,0.0,0.0,0.0,0.0,0.0,0.0,0.0,0.0,0.0,0.0,0.0,0.0,0.0,0.0,0.0,0.0,0.0,0.0,0.0,0.0,0.0,0.0,0.0,0.0,0.0,0.0,0.0,0.0,0.0,0.0,0.0,0.0,0.0,0.0,0.0,0.0,0.0,0.0,0.0,0.0,0.0,0.0,0.0,0.0,0.0,0.0,0.0,0.0,0.0,0.0,0.0,0.0,0.0,0.0,0.0,0.0,0.0,0.0,0.0,0.0,0.0,0.0,0.0,0.0,0.0,0.0,0.0,0.0,0.0,0.0,0.0,0.0,0.0,0.0,0.0,0.0,0.0,0.0,0.0,0.0,0.0,0.0,0.0,0.0,0.0,0.0,0.0,0.0,0.0,0.0,0.0,0.0,0.0,0.0,0.0,0.0,0.0,0.0,0.0,0.0,0.0,0.0,0.0,0.0,0.0,0.0,0.0,0.0,0.0,0.0,0.0,0.0,0.0,0.0,0.0,0.0,0.0,0.0,0.0,0.0,0.0,0.0,0.0,0.0,0.0,0.0,0.0,0.0,0.0,0.0,0.0,0.0,0.0,0.0,0.0,0.0,0.0,0.0,0.0,0.0,0.0,0.0,0.0,0.0,0.0,0.0,0.0,0.0,0.0,0.0,0.0,0.0,0.0,0.0,0.0,0.0,0.0,0.0,0.0,0.0,0.0,0.0,0.0,0.0,0.0,0.0,0.0,0.0,0.0,0.0,0.0,0.0,0.0,0.0,0.0,0.0,0.0,0.0,0.0,0.0,0.0,0.0,0.0,0.0,0.0,0.0,0.0,0.0,0.0,0.0,0.0,0.0,0.0,0.0,0.0,0.0,0.0,0.0,0.0,0.0,0.0,0.0,0.0,0.0,0.0,0.0,0.0,0.0,0.0,0.0,0.0,0.0,0.0,0.0,0.0,0.0,0.0,0.0,0.0,0.0,0.0,0.0,0.0,0.0,0.0,0.0,0.0,0.0,0.0,0.0,0.0,0.0,0.0,0.0,0.0,0.0,0.0,0.0,0.0,0.0,0.0,0.0,0.0,0.0,0.0,0.0,0.0,0.0,0.0,0.0,0.0,0.0,0.0,0.0,0.0,0.0,0.0,0.0,0.0,0.0,0.0,0.0,0.0,0.0,0.0,0.0,0.0,0.0,0.0,0.0,0.0,0.0,0.0,0.0,0.0,0.0,0.0,0.0,0.0,0.0,0.0,0.0,0.0,0.0,0.0,0.0,0.0,0.0,0.0,0.0,0.0,0.0,0.0,0.0,0.0,0.0,0.0,0.0,0.0,0.0,0.0,0.0,0.0,0.0,0.0,0.0,0.0,0.0,0.0,0.0,0.0,0.0,0.0,0.0,0.0,0.0,0.0,0.0,0.0,0.0,0.0,0.0,0.0,0.0,0.0,0.0,0.0,0.0,0.0,0.0,0.0,0.0,0.0,0.0,0.0,0.0,0.0,0.0,0.0,0.0,0.0,0.0,0.0,0.0,0.0,0.0,0.0,0.0,0.0,0.0,0.0,0.0,0.0,0.0,0.0,0.0,0.0,0.0,0.0,0.0,0.0,0.0,0.0,0.0,0.0,0.0,0.0,0.0,0.0,0.0,0.0,0.0,0.0,0.0,0.0,0.0,0.0,0.0,0.0,0.0,0.0,0.0,0.0,0.0,0.0,0.0,0.0,0.0,0.0,0.0,0.0,0.0,0.0,0.0,0.0,0.0,0.0,0.0,0.0,0.0,0.0,0.0,0.0,0.0,0.0,0.0,0.0,0.0,0.0,0.0,0.0,0.0,0.0,0.0,0.0,0.0,0.0,0.0,0.0,0.0,0.0,0.0,0.0,0.0,0.0,0.0,0.0,0.0,0.0,0.0,0.0,0.0,0.0,0.0,0.0,0.0,0.0,0.0,0.0,0.0,0.0,0.0,0.0,0.0,0.0,0.0,0.0,0.0,0.0,0.0,0.0,0.0,0.0,0.0,0.0,0.0,0.0,0.0,0.0,0.0,0.0,0.0,0.0,0.0,0.0,0.0,0.0,0.0,0.0,0.0,0.0,0.0,0.0,0.0,0.0,0.0,0.0,0.0,0.0,0.0,0.0,0.0,0.0,0.0,0.0,0.0,0.0,0.0,0.0,0.0,0.0,0.0,0.0,0.0,0.0,0.0,0.0,0.0,0.0,0.0,0.0,0.0,0.0,0.0,0.0,0.0,0.0,0.0,0.0,0.0,0.0,0.0,0.0,0.0,0.0,0.0,0.0,0.0,0.0,0.0,0.0,0.0,0.0,0.0,0.0,0.0,0.0,0.0,0.0,0.0,0.0,0.0,0.0,0.0,0.0,0.0,0.0,0.0,0.0,0.0,0.0,0.0,0.0,0.0,0.0,0.0,0.0,0.0,0.0,0.0,0.0,0.0,0.0,0.0,0.0,0.0,0.0,0.0,0.0,0.0,0.0,0.0,0.0,0.0,0.0,0.0,0.0,0.0,0.0,0.0,0.0,0.0,0.0,0.0,0.0,0.0,0.0,0.0,0.0,0.0,0.0,0.0,0.0,0.0,0.0,0.0,0.0,0.0,0.0,0.0,0.0,0.0,0.0,0.0,0.0,0.0,0.0,0.0,0.0,0.0,0.0,0.0,0.0,0.0,0.0,0.0,0.0,0.0,0.0,0.0,0.0,0.0,0.0,0.0,0.0,0.0,0.0,0.0,0.0,0.0,0.0,0.0,0.0,0.0,0.0,0.0,0.0,0.0,0.0,0.0,0.0,0.0,0.0,0.0,0.0,0.0,0.0,0.0,0.0,0.0,0.0,0.0,0.0,0.0,0.0,0.0,0.0,0.0,0.0,0.0,0.0,0.0,0.0,0.0,0.0,0.0,0.0,0.0,0.0,0.0,0.0,0.0,0.0,0.0,0.0,0.0,0.0,0.0,0.0,0.0,0.0,0.0,0.0,0.0,0.0,0.0,0.0,0.0,0.0,0.0,0.0,0.0,0.0,0.0,0.0,0.0,0.0,0.0,0.0,0.0,0.0,0.0,0.0,0.0,0.0,0.0,0.0,0.0,0.0,0.0,0.0,0.0,0.0,0.0,0.0,0.0,0.0,0.0,0.0,0.0,0.0,0.0,0.0,0.0,0.0,0.0,0.0,0.0,0.0,0.0,0.0,0.0,0.0,0.0,0.0,0.0,0.0,0.0,0.0,0.0,0.0,0.0,0.0,0.0,0.0,0.0,0.0,0.0,0.0,0.0,0.0,0.0,0.0,0.0,0.0,0.0,0.0,0.0,0.0,0.0,0.0,0.0,0.0,0.0,0.0,0.0,0.0,0.0,0.0,0.0,0.0,0.0,0.0,0.0,0.0,0.0,0.0,0.0,0.0,0.0,0.0,0.0,0.0,0.0,0.0,0.0,0.0,0.0,0.0,0.0,0.0,0.0,0.0,0.0,0.0,0.0,0.0,0.0,0.0,0.0,0.0,0.0,0.0,0.0,0.0,0.0,0.0,0.0,1.2194567196149094e-47,-3.635454886762771e-38,8.201192951932204e-53,8.201192951932204e-53,-1.6872793220205064e-36,-1.5363283160711647e-51,-5.297129382759907e-40,-7.733013427719457e-49,2.1143777893264412e-73,2.1143777893264422e-73,2.1143777893264453e-73,1.48735299000795e-34,1.4873529900079516e-34,1.487352990007953e-34,1.487352990007953e-34,1.4873529900079535e-34,1.4873529900079541e-34,1.4873529900079563e-34,1.4873529900079556e-34,1.487352990007957e-34,1.4873529900079582e-34,1.4873529899649476e-34,1.4873529899649479e-34,1.4873529899649485e-34,1.4873531629631006e-34,1.4873531629631014e-34,1.487353162963101e-34,1.46518555601777e-34,1.472512547141233e-34,1.4725125471412257e-34,1.4725125471412255e-34,1.4725125471412263e-34,1.4725125471412272e-34,1.4725125471412285e-34,1.4725125471373132e-34,1.4725125471371994e-34,1.4725125471371996e-34,1.2036472394880246e-34,1.2036460977971573e-34,1.2036460977971573e-34,1.6317930050589864e-30,1.6317930050589878e-30,1.6317931161071872e-30,1.6317931161071872e-30,1.632021838136311e-30,1.6320220958304877e-30,1.6320220958304873e-30,1.6320220958304894e-30,1.6320220971791495e-30,1.7882826371096585e-30,1.788282636274498e-30,1.788282636274498e-30,1.7882826362744976e-30,1.788282636274499e-30,1.7786121956699378e-30,1.7786121956206443e-30,1.7786122123880524e-30,1.7786122123880524e-30,1.7786122290111548e-30,1.7786122290111534e-30,1.7943932985926095e-30,1.7943932985926113e-30,1.794393298592611e-30,1.794393298592612e-30,1.7784254897646063e-30,1.7783300440828153e-30,1.7783300662101938e-30,1.778330066210196e-30,1.778330066210196e-30,1.7783300549174714e-30,1.7783300549164653e-30,1.7783300549164653e-30,1.7783275152843657e-30,1.7783275151959486e-30,1.778327515195951e-30,1.7771404030434135e-30,1.7771404030434142e-30,1.777141072163683e-30,1.776541908169283e-30,1.7765419081694694e-30,1.7765419076781024e-30,1.7765419076781017e-30,1.776524742184422e-30,1.776520122356053e-30,1.7765201223562116e-30,1.7765201223562112e-30,1.7765201223562245e-30,1.774841635801203e-30,1.774841688216035e-30,1.7794387134034627e-30,1.4941737449645785e-30,1.4941737447513117e-30,1.494173703435062e-30,1.4941737034366888e-30,1.4941737034366893e-30,1.4941737034366897e-30,1.4941737034366909e-30,1.4939345670278748e-30,1.4939345669823303e-30,1.4939345669823326e-30,1.493984427673271e-30,1.493984427673271e-30,1.493984427673272e-30,1.4939844276732713e-30,1.4939844276732727e-30,1.4939844276732743e-30,1.4939844276732768e-30,1.4939844276732771e-30,1.4939844276732146e-30,1.4939843209653675e-30,1.493984310176397e-30,1.493984310176397e-30,1.4939843101765344e-30,1.4939843101765356e-30,1.4939843101765356e-30,1.4939843199024821e-30,1.4939843199024695e-30,1.5029535249261907e-30,1.5029535249261919e-30,1.5029535249261931e-30,1.5029534323748214e-30,1.5029534323748226e-30,1.5029534323748226e-30,1.5029534323748232e-30,1.5029534323796704e-30,1.5029534323796706e-30,1.5029534111954309e-30,1.5027381666238147e-30,1.5027381666238243e-30,1.5027381400487081e-30,1.5026866832061752e-30,1.5026866832061754e-30,1.502686686460738e-30,-1.0376944763558982e-30,1.1356414125463075e-32,1.1356414125463075e-32,1.1356414125463074e-32,1.1356414125396108e-32,1.1356414125396129e-32,1.135641412539613e-32,1.1356414125396129e-32,1.1356414118654338e-32,1.1356414118654342e-32,1.1356396917643883e-32,1.1356396917641573e-32,2.090682155458269e-32,2.09068215545827e-32,2.0906802364239236e-32,2.0905469333659544e-32,2.0905469333659533e-32,2.1445304065044893e-32,2.1445304065044907e-32,2.1445304065044915e-32,2.1445304065044913e-32,2.144530406504493e-32,2.1287111265575228e-32,2.1287111265575238e-32,2.1287111265575269e-32,2.128711126557526e-32,2.1287202950275413e-32,2.1287202950275416e-32,2.1287234441949224e-32,2.1287234441949227e-32,2.1287234441949243e-32,2.1289381053267586e-32,2.1289381053267584e-32,2.128938105326759e-32,2.1289596769045052e-32,2.1289596769030136e-32,2.128959676903014e-32,2.1290104567230923e-32,1.7951944752740908e-32,1.7951944752740905e-32,1.795194475274092e-32,1.7951944752740922e-32,1.7951944751047266e-32,1.7949869476617116e-32,1.795165243856368e-32,1.7951726987408604e-32,1.79517269874086e-32,1.5861880526859166e-32,1.5861890241417665e-32,1.5942723750644805e-32,1.5942723750644819e-32,1.5942723750644832e-32,2.614317586386336e-32,2.6143175863877924e-32,2.6142956136168857e-32,2.614295613616885e-32,2.6187609648461543e-32,2.6187609648461576e-32,2.611446415079418e-32,2.611446415079418e-32,2.871355872698614e-32,2.862365814718379e-32,2.8623658147183787e-32,2.8660336089331263e-32,2.866033608933127e-32,2.8660336614126876e-32,2.866033661412688e-32,2.866033661412691e-32,2.8660336614126915e-32,2.869005277025562e-32,2.869005261947825e-32,2.8690185279757394e-32,2.869018527975553e-32,2.869018527975553e-32,2.869018527975556e-32,2.86901813083637e-32,2.868941517406197e-32,2.8689415174061967e-32,2.868941517406199e-32,2.868941517406192e-32,2.868919466084765e-32,2.868919466085812e-32,2.8689194660853754e-32,2.868919466085374e-32,2.8689194660835264e-32,2.8689194662070114e-32,2.8689194662070147e-32,2.8661285466586447e-32,2.8286286882278803e-32,2.828628688227888e-32,2.8286286882278874e-32,2.8286286882279553e-32,2.8483204491049656e-32,-9.616222308889772e-31,-4.0478442896776005e-39,-1.130042987867255e-46,1.5431660793858154e-35,1.544278895976501e-35,1.5442788959765028e-35,1.5442788959765028e-35,1.5442788959765041e-35,1.5442788959765041e-35,1.5442788959765052e-35,1.5442788959765055e-35,1.5442788959765052e-35,1.5442788959765044e-35,1.544278895976505e-35,1.5442788959765058e-35,1.544278895976692e-35,1.5441203280295362e-35,1.5158867942318256e-35,1.515886794231826e-35,1.5158867942318267e-35,1.5158867942318264e-35,1.5158867967695056e-35,-1.9087231144688474e-35,-3.413192716024209e-55,2.3121932138846842e-42,2.3107878987112827e-42,7.885535058818324e-35,-6.33030388811782e-32,5.825484651491288e-42,5.825484651491288e-42,5.814143904111663e-42,5.81414390411167e-42,4.3749446378324396e-42,5.201461363185383e-33,5.20146136318539e-33,5.201461363185391e-33,5.201461454548829e-33,5.201461475343299e-33,5.201454592778158e-33,9.469534374788994e-34,9.469534374788995e-34,9.469534066676043e-34,9.469534066676043e-34,9.469534066676043e-34,9.469534048930703e-34,8.006630269436744e-34,8.006630269436742e-34,8.006435739435725e-34,8.006466657794099e-34,7.94312638022748e-34,7.943126380227482e-34,7.943126379777703e-34,7.943126379777704e-34,7.943126379777701e-34,7.943126379777704e-34,7.942803466883221e-34,7.942803466883225e-34,7.942803466883225e-34,7.942802342655374e-34,7.942802342655372e-34,7.942802342655375e-34,7.651913773055588e-34,7.651913773055591e-34,7.650087894468243e-34,7.6504574958006505e-34,5.166337760795188e-34,5.164507661638332e-34,5.164507661638331e-34,5.16450766096427e-34,5.164507660964272e-34,5.1645076609642744e-34,4.93874536321374e-34,-3.122851150173186e-34,-1.0071661032545403e-42,-3.9508372354926056e-51,7.702230098610214e-33,7.702230098610361e-33,7.7050309878331e-33,7.717091650826538e-33,7.717091650826538e-33,8.527927586826098e-33,8.527927586826105e-33,8.528325075265856e-33,8.526975452569221e-33,8.526975372275639e-33,5.795127390697764e-32,5.795127390697765e-32,5.795127391560782e-32,5.795127391560788e-32,5.795127388003765e-32,5.795127388003772e-32,5.795127354449673e-32,5.795127354449677e-32,4.1598807901683194e-33,4.170628555191342e-33,4.1706285551913404e-33,4.170628555191341e-33,4.170628555191342e-33,4.140490183710457e-33,4.1404901837104584e-33,4.1404901843094184e-33,4.14049018430942e-33,4.1404901845854674e-33,4.1404901845854585e-33,4.14049018458546e-33,4.140490184584978e-33,4.140490184584977e-33,4.140490184584979e-33,4.140490184584982e-33,4.140593985173561e-33,4.1405939851706156e-33,4.232175938131877e-33,4.2321759382692724e-33,4.2321759382692724e-33,4.176691462728299e-33,4.182679547824599e-33,4.182679554268472e-33,4.182679554268473e-33,4.1196488210588376e-33,4.119648821058837e-33,4.11964882105884e-33,4.1195779534015764e-33,-6.57353029886706e-33,7.007650247300256e-55,-5.611368050332098e-39,1.1981348906946349e-46,2.387350813921862e-42,2.3872903298987587e-42,2.3872903298987606e-42,2.3872903298987606e-42,2.387290332338931e-42,2.387290065566358e-42,9.305559356222333e-35,9.305559356226471e-35,9.305559356226477e-35,9.305559356226479e-35,9.305559356226482e-35,9.305559356226492e-35,9.335034627856348e-35,9.335034627856347e-35,9.335034627731615e-35,9.335034627731625e-35,5.556018663405793e-32,5.556018663405793e-32,5.556015104241378e-32,5.556015104241378e-32,5.556015104241383e-32,5.556015104241388e-32,5.556015104241388e-32,5.556015103630408e-32,5.556015103515143e-32,5.556015103515143e-32,5.556015103515141e-32,5.556015082459238e-32,5.560277410067082e-32,5.560277410067088e-32,5.560277410067088e-32,5.560277410067094e-32,3.3608694479190893e-32,3.3608438361316604e-32,3.360843836131662e-32,3.360843836131666e-32,3.3608438361316664e-32,3.3608438361316664e-32,3.3608438361316653e-32,3.360843836131666e-32,3.3608438361316664e-32,3.3608438361316664e-32,3.3608438361316653e-32,3.3608438361316653e-32,3.360517006391549e-32,3.231305674915268e-31,3.2313047827670876e-31,3.2313047827670885e-31,3.2313047827670903e-31,3.2299516962418474e-31,3.2299516962418505e-31,3.2299516962418505e-31,3.229951696241853e-31,3.2299516962418527e-31,3.2299516962418553e-31,3.230080317426666e-31,3.3182404357293404e-31,3.3182390442188044e-31,3.3182390442188052e-31,3.3182390442188057e-31,3.3071705582821423e-31,3.3071705582821436e-31,3.3071705582821453e-31,3.3071705582821493e-31,3.307170558282156e-31,3.3086114376823143e-31,3.3086114507678347e-31,3.308610602342011e-31,3.308610602342012e-31,3.3086106023420127e-31,3.308610602342017e-31,3.308610602342023e-31,3.308610602342221e-31,3.3086106023422224e-31,3.308610602342226e-31,3.308610602342231e-31,3.308610602342232e-31,3.397292247299703e-31,3.39733701982257e-31,3.39733697940577e-31,3.3973369794057605e-31,3.3973369794057636e-31,1.5640183021676342e-31,1.564018302167636e-31,1.564018302167636e-31,1.5640149236558032e-31,1.5640149236558026e-31,1.5640149236558665e-31,1.564014923655866e-31,1.5293149528723452e-31,1.5293149528723467e-31,1.529314952872347e-31,1.5293149528723476e-31,1.5293149528723498e-31,1.529314952369858e-31,1.5291625060017953e-31,1.5291625059964008e-31,1.529162468149456e-31,1.5291621797975244e-31,1.5291621797975241e-31,1.3890520632247366e-31,1.389051902800011e-31,1.389051902800011e-31,1.3890517962935887e-31,1.3888090277306941e-31,1.3865811892114297e-31,1.974178525804745e-31,1.9741785258562905e-31,1.974178525856293e-31,1.9741785258418335e-31,1.9741785258418387e-31,1.9741784273021817e-31,2.6548387877092747e-31,2.654838787709277e-31,2.6548387877092774e-31,1.3686783502280053e-31,1.3686783502186217e-31,1.3686783502186228e-31,1.3686783502186232e-31,1.3686783502186234e-31,1.3686607605042985e-31,1.4178434420431472e-31,1.4178434420431487e-31,1.4178434130595382e-31,1.4178444499198277e-31,1.4178321464966375e-31,1.417826823039133e-31,1.4178268221656605e-31,1.4178268221656607e-31,1.417826822165663e-31,1.4178268221656653e-31,1.4178268221656646e-31,1.4178268221656644e-31,1.4178270969449103e-31,1.4229898327085627e-31,1.4229898327085631e-31,1.4229898327064413e-31,1.4229898327064413e-31,1.491033768732061e-31,1.4910337716140656e-31,1.4910337716140656e-31,1.4910337716140659e-31,1.4910337716140659e-31,1.4910337716140654e-31,1.4910338498728252e-31,1.4910338498728263e-31,1.4910338498728272e-31,1.491033849873034e-31,1.6991875193784128e-31,1.6991099327301043e-31,1.6991099327301045e-31,1.6991099327112358e-31,1.6991099327112356e-31,1.69887689987703e-31,1.7579424504162515e-31,1.7579424504162515e-31,1.7579424504182643e-31,1.7579424504182648e-31,1.757942450418265e-31,1.757942450419942e-31,1.7579424504199426e-31,1.7579424504199433e-31,1.7579424504199446e-31,1.7579424504199452e-31,1.758651627277581e-31,1.7586516272772612e-31,1.7586516272772628e-31,1.7586516272772625e-31,1.7358157161295148e-31,1.7358157161295155e-31,1.735815948652693e-31,1.7358159486526929e-31,1.735815943228028e-31,1.7358159432280292e-31,1.7358159432280292e-31,1.73581594322803e-31,1.7358159432280307e-31,1.7358159432280316e-31,1.7358159432280335e-31,1.7358159432280333e-31,1.7358159432280344e-31,1.7358159432280338e-31,1.7374611563627168e-31,1.7374611563627188e-31,1.737461156362718e-31,1.737259819580103e-31,1.7372810605729407e-31,1.73728109057927e-31,1.7372810905792703e-31,1.7372810905792705e-31,1.7372810906348823e-31,1.7372810906348845e-31,1.7372810906348843e-31,1.737281090634885e-31,1.7372810906348871e-31,1.7372810906348863e-31,1.737281090636969e-31,1.7372810906369687e-31,1.7372810906369687e-31,1.737281282008284e-31,1.7372812820082916e-31,1.7372812820082914e-31,1.73670782285785e-31,1.7367078228578501e-31,1.750687885883269e-31,1.7527277844035091e-31,1.7527277844035109e-31,1.754526117137645e-31,1.7627595397819802e-31,1.7627595397819802e-31,1.7627595397819813e-31,1.7519091683795062e-31,1.7519091683795058e-31,1.7519091683795058e-31,1.7519091683795062e-31,1.7519107029443843e-31,1.751910702944384e-31,1.7519107029443854e-31,1.5491274396506151e-31,1.5491274396506156e-31,1.5491274396506132e-31,1.547834750596156e-31,1.5507689824366438e-31,1.5507689824366447e-31,1.5507689824366444e-31,1.5507689824374846e-31,1.5543095724075423e-31,1.5543095724077177e-31,1.5543095724077173e-31,1.5543095724077186e-31,1.5543095724077181e-31,1.55417438219521e-31,1.5541743821952086e-31,1.5541743910874938e-31,1.5541743910874957e-31,1.5541744012013799e-31,1.5542128122004908e-31,1.5542132794870962e-31,1.5542132794870958e-31,1.5542132794870967e-31,1.6334397670114148e-31,1.632732470760164e-31,1.6329944164580695e-31,1.632994416455073e-31,1.6329944164565882e-31,1.6329944164565896e-31,1.632994416456593e-31,1.6329944164565928e-31,1.7038028455477565e-31,1.7038028455477563e-31,1.7038028455477585e-31,1.7038028455477596e-31,1.7038028455477593e-31,1.7038028455477604e-31,1.7037014638651664e-31,1.7037068970975883e-31,1.7037068970975894e-31,1.817305175445056e-31,1.8173051754450557e-31,1.817305167962093e-31,1.8174617361222541e-31,1.8174602574139329e-31,1.8174602574139329e-31,1.8174602574139333e-31,1.817460260795122e-31,1.8174602607951249e-31,1.8174602607951255e-31,1.817460246081905e-31,1.8174602460819061e-31,1.8174602460819055e-31,1.7890027560854248e-31,1.7890027560854245e-31,1.7890027560854243e-31,1.7890027560854248e-31,1.7890027560854245e-31,1.7884491952894793e-31,1.788442838517929e-31,1.7884428385179317e-31,1.7884428385179317e-31,1.7884428385179326e-31,1.788579598187704e-31,1.7885795685766508e-31,1.7869481806835543e-31,1.7869481806835541e-31,1.7869481806835541e-31,1.7870749868337996e-31,1.4325816127771652e-31,1.4325816127771656e-31,1.432581612777165e-31,1.4324597402543459e-31,1.4324597402543457e-31,1.4324597469083133e-31,1.4324597469260997e-31,1.4324597495807408e-31,1.4324597219841484e-31,1.4321382198136722e-31,1.4321395562366776e-31,1.4321394008464842e-31,1.4321394008464842e-31,1.4321393799959438e-31,1.4250549684217662e-31,1.425054968421766e-31,1.424913614057963e-31,1.4249136140579624e-31,2.5740313860857194e-31,2.5740311785675074e-31,2.5740311785675087e-31,2.574031178567509e-31,2.5742591876623158e-31,2.574259187662316e-31,2.5742591873355697e-31,2.5742591873355693e-31,2.57425918733557e-31,2.5742591873355724e-31,2.574259187335571e-31,2.574259382086953e-31,2.5742593820869535e-31,2.5742593820869526e-31,2.5742593820869544e-31,2.4295385127380873e-31,2.429538512971518e-31,2.6229590166475523e-31,2.622959016647554e-31,2.62295901664822e-31,2.6229590166482193e-31,2.6229590166482823e-31,2.597737843340096e-31,2.597737843340095e-31,2.5977378433400963e-31,2.597737821059905e-31,2.601755613623537e-31,2.6017556136235373e-31,2.6017556136294254e-31,2.6017556136294285e-31,2.601755613629431e-31,2.6016314174708577e-31,2.5941933311041123e-31,2.5941933311682204e-31,2.594072915457102e-31,2.594072915457102e-31,2.5940729154571024e-31,2.5940729154571054e-31,2.5940729154571094e-31,2.5940729154571102e-31,2.5940729154571116e-31,2.5940729154558784e-31,2.594072915455877e-31,2.594072915454479e-31,2.6067054969087256e-31,2.606705496908725e-31,2.6067054969087274e-31,2.6067054969087265e-31,2.6067054969087282e-31,2.606705496908609e-31,2.606710395239502e-31,2.606710395238327e-31,2.606710395238328e-31,4.039831244902802e-31,4.039831244902805e-31,4.039831244902808e-31,4.0398312449028075e-31,4.063534579231972e-31,4.051101250516922e-31,4.050732279329331e-31,4.050733676788496e-31,4.0507336765842565e-31,4.050733676584262e-31,4.050733676584273e-31,4.050733761249488e-31,4.050733761248772e-31,4.050733761248772e-31,4.050733761248776e-31,4.050733761248781e-31,4.05073376124878e-31,4.050733957302966e-31,4.050733957302966e-31,4.041132305614014e-31,4.04113230563184e-31,4.046015231011096e-31,4.046015231011096e-31,3.9470431173648884e-31,3.947043120120965e-31,3.947043079243136e-31,3.947043079243136e-31,3.947043079243137e-31,3.947043079243144e-31,3.947043065300937e-31,3.947043065300937e-31,3.9470430653009385e-31,3.947043065300941e-31,3.947043065300949e-31,3.945999140380596e-31,3.945989683058258e-31,3.945989683058258e-31,3.945989683058261e-31,3.945989683058261e-31,3.945989711461389e-31,3.945990892617689e-31,3.9459908926176915e-31,3.9347701913073593e-31,3.936218533217838e-31,3.936218533400109e-31,3.938283686393399e-31,3.9382836863934234e-31,3.940702772219896e-31,3.940702772221473e-31,3.9407027722214715e-31,3.940702659269221e-31,3.940702659266461e-31,3.9407026592664615e-31,3.9407027072174323e-31,3.940702707217432e-31,3.941467452253509e-31,3.94146745225351e-31,3.940397194685868e-31,3.9403971946857036e-31,3.940397194685703e-31,3.9403971946857054e-31,3.9403971946857084e-31,3.9403971946857093e-31,3.945106289039359e-31,3.945106289039362e-31,3.945215583251015e-31,3.945215675179685e-31,3.945215675179685e-31,3.945215675156335e-31,3.945215675156335e-31,3.9452156751563395e-31,3.945215675156342e-31,3.945215675156341e-31,3.945215556723686e-31,3.945215556723684e-31,3.945215553388056e-31,3.945215553388056e-31,3.945364306631524e-31,3.945364306631523e-31,3.946049660554011e-31,3.946049660554015e-31,3.946049660554015e-31,3.946049751898792e-31,3.946054339185996e-31,3.946054339181246e-31,3.9460543391797285e-31,3.946054339179729e-31,3.946054339179731e-31,3.93687955710531e-31,3.9368795571053136e-31,3.937497796396023e-31,3.9374977963960224e-31,3.937497796396023e-31,3.9376594781740907e-31,3.937659478174091e-31,3.937654087756158e-31,3.9052368731679683e-31,3.90523687316797e-31,3.9052368731679718e-31,3.904607506365839e-31,3.904607496991753e-31,3.9046074969917538e-31,3.904607496991756e-31,4.746660271998033e-31,4.7155542272090195e-31,4.7189377594537935e-31,4.718937759452212e-31,4.718937779190432e-31,4.718937779190432e-31,4.718937779190435e-31,4.718937779190439e-31,4.71893777919044e-31,4.718937779190442e-31,4.718937783885194e-31,4.718937783885196e-31,4.718937783885197e-31,4.718937783885197e-31,4.718937691811392e-31,4.718937691811394e-31,4.718937691811394e-31,4.718937691811399e-31,4.7189376918114045e-31,4.7189376918114045e-31,4.718937691809015e-31,4.71893769180902e-31,4.718937691809019e-31,4.718937776237671e-31,4.718516349551794e-31,4.7194773753516715e-31,4.719477375351673e-31,4.7194773753516785e-31,4.719477375351678e-31,4.719477375352097e-31,4.719477297443351e-31,4.719477297443353e-31,4.719477297443357e-31,4.719433395952492e-31,4.719433860936558e-31,4.7194441205815954e-31,4.7194441205815954e-31,4.719444120604605e-31,4.719444120604605e-31,4.728311938314481e-31,4.72831193831448e-31,4.728311938313546e-31,4.728311934706949e-31,4.728311934706952e-31,4.728311934706955e-31,4.728311934706955e-31,4.728311934706959e-31,4.728311934706958e-31,4.728311934705413e-31,4.728311934705414e-31,4.728311934810507e-31,4.728311934810511e-31,4.728311934834678e-31,4.728311934834682e-31,4.728311934834701e-31,4.7283119348347e-31,4.73235157217548e-31,4.732351572175482e-31,4.732351572175483e-31,4.732351572175483e-31,4.732351572175483e-31,4.732351575409174e-31,4.733403188846192e-31,4.733403190254448e-31,4.732574629716586e-31,4.732574375946426e-31,4.732574375946432e-31,4.732574376007486e-31,4.743152157453494e-31,4.743152157453498e-31,4.589685659432662e-31,4.589685659432705e-31,4.589726908231659e-31,4.589726909512009e-31,4.5899932201796005e-31,4.5899932182499285e-31,4.589993218202606e-31,4.589993217270747e-31,4.589941665085405e-31,4.589936020967127e-31,4.589936071219053e-31,4.589936071219053e-31,4.589936071219055e-31,4.589936071219055e-31,4.589936071219057e-31,4.589936083110062e-31,4.589936083110063e-31,4.589936083110066e-31,4.589936083110069e-31,4.589936083604248e-31,4.589936083604244e-31,4.589968780739743e-31,4.589968780739742e-31,4.589968780739735e-31,4.5890686245041475e-31,4.589163607894534e-31,4.586323547642359e-31,4.586323547642363e-31,4.586321739700756e-31,4.586321739700755e-31,4.586321739700758e-31,4.612208342375695e-31,4.613943085169987e-31,4.613943085183707e-31,4.613943085183706e-31,4.613943085194567e-31,4.613943085194572e-31,4.613943085194571e-31,4.617016710289379e-31,4.617016710291933e-31,4.617016710291931e-31,4.621517540766178e-31,4.619529579896019e-31,4.619503999510004e-31,4.474232838855592e-31,4.4742328388555925e-31,4.479074573484601e-31,4.479074085535608e-31,4.47907405809341e-31,4.462716412513392e-31,4.46271641251339e-31,4.462716412513394e-31,4.462716412513399e-31,4.462716412513404e-31,4.462716412513403e-31,4.462716412513536e-31,4.462716412480914e-31,4.462716412480922e-31,4.4681941699927945e-31,4.468194169992795e-31,4.468194169992797e-31,4.468195172206479e-31,4.468195172205896e-31,4.0611470847420754e-31,4.06115833737669e-31,4.06115785051614e-31,4.061157850516139e-31,4.061157850516136e-31,4.059918783085588e-31,4.059849269443317e-31,4.059849269432821e-31,4.059849269432824e-31,4.059849269432825e-31,4.062995275864735e-31,4.062995275864735e-31,4.062995275884131e-31,4.06299530883826e-31,4.06299530883826e-31,4.0629952723733715e-31,4.062995272373372e-31,4.062995272373373e-31,4.0629952723733785e-31,4.062995272373383e-31,4.062995272373384e-31,4.0629952723733855e-31,4.062993830926849e-31,4.062993830926857e-31,4.062993830926856e-31,4.062993830138513e-31,4.062993830138516e-31,4.072511904953122e-31,3.4054385277761515e-31,3.4054385277761524e-31,3.4053473436418264e-31,3.4053476730463885e-31,3.4053476730463885e-31,3.4053257468299507e-31,3.4060033737959104e-31,3.4060033737959117e-31,3.4060035982958385e-31,3.4060035982957956e-31,3.4060083480560765e-31,3.4028076381524554e-31,3.403507721379402e-31,3.4035077213794017e-31,3.403507721379405e-31,3.4035077213794034e-31,3.403507721379405e-31,3.4180483506746446e-31,3.437566334349519e-31,3.43756633434952e-31,3.437566334407792e-31,3.437566334481085e-31,3.4375661816630813e-31,3.437565331805761e-31,3.437565331734182e-31,3.4375653317341824e-31,3.437565331842079e-31,3.437565330754838e-31,3.437565330754839e-31,3.437565330754839e-31,3.437565330817634e-31,3.4375653308176342e-31,3.437565330817635e-31,3.437565330817491e-31,3.4375653308174897e-31,3.4375653308339313e-31,3.43756533083393e-31,3.4375653308369586e-31,3.4375653308369586e-31,3.437565330836958e-31,3.437565330836958e-31,3.437565330836958e-31,3.4375653308625314e-31,3.4375653308625327e-31,3.437565330864045e-31,3.4375653308568176e-31,3.437565330869504e-31,3.4375653308695046e-31,3.437565330869505e-31,3.4375653308618666e-31,3.437565330860085e-31,3.437565330862576e-31,3.4375653308625774e-31,3.4375653308625774e-31,3.437565330832766e-31,3.437565330832767e-31,3.437565330832768e-31,3.437565330832768e-31,3.437565330832768e-31,3.437565330832768e-31,3.4375653308579163e-31,3.4375653308579163e-31,3.437565330858202e-31,3.437565330858202e-31,3.437565330858202e-31,3.437565330858202e-31,3.437565330858202e-31,3.437565330858202e-31,3.4375653309088167e-31,3.4375653309088167e-31,3.4375653309138872e-31,3.4375653309138872e-31,3.437565330913886e-31,3.4375653309138846e-31,3.4375653309093987e-31,3.4375653309093996e-31,3.4375653309093987e-31,3.4375653309012423e-31,3.43756533090001e-31,3.437565330900008e-31,3.4375653309000087e-31,3.4375653309000082e-31,3.437565330900008e-31,3.437565330900008e-31,3.437565330900008e-31,3.4375653309146163e-31,3.4375653309166876e-31,3.4375653309166876e-31,3.4375653309213794e-31,3.4375653309213794e-31,3.4375653309213794e-31,3.4375653309213807e-31,3.4375653309213807e-31,3.4375653309213807e-31,3.4375653308960246e-31,3.437565330896024e-31,3.437565330896024e-31,3.437565330896024e-31,3.437565330896024e-31,3.437565330896024e-31,3.437565330896024e-31,3.437565330896024e-31,3.437565330896024e-31,3.437565330878215e-31,3.437565330878215e-31,3.437565330878215e-31,3.4375653308782154e-31,3.4375653308782154e-31,3.437565330878216e-31,3.4375653308782167e-31,3.437565330878216e-31,3.437565330826374e-31,3.437565330834086e-31,3.437565330815971e-31,3.437565330816685e-31,3.437565330816685e-31,3.437565330816685e-31,3.437565330816685e-31,3.437565330816683e-31,3.437565330816683e-31,3.437565330816685e-31,3.437565330800817e-31,3.4375653308008164e-31,3.4375653308007976e-31,3.4375653308007976e-31,3.4375653308007976e-31,3.4375653308007976e-31,3.4375653308007976e-31,3.4375653308107652e-31,3.4375653308107652e-31,3.4375653308107652e-31,3.4375653308107652e-31,3.4375653308107652e-31,3.4375653308107652e-31,3.4375653308051075e-31,3.4375653308051066e-31,3.4375653308050987e-31,3.4375653308050987e-31,3.437565330805099e-31,3.437565330805101e-31,3.4375653308110043e-31,3.4375653308110048e-31,3.4375653308110048e-31,3.437565330811005e-31,3.437565330811894e-31,3.4375653308118937e-31,3.4375653308118937e-31,3.4375653308118937e-31,3.4375653308118937e-31,3.4375653308118937e-31,3.4375653308118937e-31,3.4375653308188376e-31,3.4375653308188376e-31,3.4375653308188376e-31,3.4375653308188376e-31,3.4375653308188376e-31,3.4375653308188376e-31,3.4375653308188376e-31,3.4375653308188376e-31,3.437565330818924e-31,3.437565330818924e-31,3.437565330818924e-31,3.437565330818924e-31,3.437565330818924e-31,3.4375653308189234e-31,3.4375653308189234e-31,3.437565330818924e-31,3.437565330818924e-31,3.4375653308189243e-31,3.437565330818924e-31,3.437565330818924e-31,3.437565330818924e-31,3.437565330818924e-31,3.4375653308118355e-31,3.4375653308118355e-31,3.437565330811837e-31,3.4375653308118355e-31,3.437565330811837e-31,3.437565330811837e-31,3.437565330811831e-31,3.4375653308117606e-31,3.4375653308117597e-31,3.4375653308112714e-31,3.4375653308112714e-31,3.43756533081165e-31,3.43756533081165e-31,3.43756533081165e-31,3.4375653308117054e-31,3.437565330811706e-31,3.4375653308138205e-31,3.4375653308138205e-31,3.4375653308138214e-31,3.4375653308138205e-31,3.4375653308423925e-31,3.4375653308423925e-31,3.4375653308423925e-31,3.4375653308423925e-31,3.43756533084697e-31,3.4375653308467843e-31,3.4375653308467843e-31,3.4375653308467843e-31,3.437565330846503e-31,3.437565330846504e-31,3.4375653308465027e-31,3.4375653308465027e-31,3.4375653308465036e-31,3.437565330846503e-31,3.4375653308465036e-31,3.4375653308465036e-31,3.4375653308465027e-31,3.4375653308465045e-31,3.437565330846504e-31,3.4375653308507346e-31,3.4375653308507346e-31,3.4375653308507333e-31,3.4375653308507346e-31,3.437565330850735e-31,3.4375653308507355e-31,3.4375653308507364e-31,3.4375653308507364e-31,3.4375653308507364e-31,3.4375653308507364e-31,3.4375653308506843e-31,3.4375653308506847e-31,3.4375653308506847e-31,3.4375653308506834e-31,3.4375653308506834e-31,3.4375653308506847e-31,3.4375653308506847e-31,3.4375653308506843e-31,3.4375653308506843e-31,3.4375653308506843e-31,3.4375653308506847e-31,3.4375653308506847e-31,3.4375653308506856e-31,3.4375653308506847e-31,3.4375653308506843e-31,3.437565330850685e-31,3.4375653308512435e-31,3.437565330851244e-31,3.437565330851244e-31,3.437565330851244e-31,3.4375653308734125e-31,3.4375653308734125e-31,3.437565330873413e-31,3.437565330873413e-31,3.437565330873413e-31,3.4375653308747897e-31,3.4375653308747892e-31,3.43756533087479e-31,3.4375653308747914e-31,3.43756533087479e-31,3.4375653308747914e-31,3.4375653308747897e-31,3.4375653308747897e-31,3.4375653308747897e-31,3.43756533087479e-31,3.4375653308747897e-31,3.4375653308747897e-31,3.4375653308746868e-31,3.4375653308746863e-31,3.437565330874686e-31,3.437565330874686e-31,3.4375653308746855e-31,3.4375653308746863e-31,3.4375653308746863e-31,3.437565330874805e-31,3.437565330879098e-31,3.437565330879098e-31,3.437565330879098e-31,3.4375653308838246e-31,3.437565330883824e-31,3.437565330883825e-31,3.4375653308838263e-31,3.4375653308838263e-31,3.4375653308838263e-31,3.4375653308838267e-31,3.4375653308838267e-31,3.4375653308503064e-31,3.437565330850306e-31,3.437565330850306e-31,3.437565330850306e-31,3.437565330850306e-31,3.437565330850306e-31,3.4375653308503064e-31,3.437565330867996e-31,3.437565330867996e-31,3.437565330866546e-31,3.437565330866546e-31,3.437565330866546e-31,3.4375653308665465e-31,3.4375653308665465e-31,3.4375653308665465e-31,3.4375653308665465e-31,3.4375653308665465e-31,3.4375653308665465e-31,3.4375653308665474e-31,3.43756533088384e-31,3.437565330883867e-31,3.437565330883868e-31,3.4375653308844718e-31,3.4375653308844718e-31,3.4375653308844718e-31,3.4375653308844713e-31,3.437565330884471e-31,3.437565330884471e-31,3.4375653308844713e-31,3.437565330884471e-31,3.437565330884471e-31,3.437565330884471e-31,3.437565330884471e-31,3.437565330884471e-31,3.437565330884471e-31,3.4375653308844718e-31,3.4375653308844718e-31,3.4375653308848335e-31,3.4375653308848335e-31,3.4375653308851278e-31,3.437565330885128e-31,3.4375653308867795e-31,3.437565330886781e-31,3.437565330880384e-31,3.437565330877426e-31,3.437565330877426e-31,3.437565330877426e-31,3.437565330877426e-31,3.4375653308778594e-31,3.4375653308778603e-31,3.4375653308778603e-31,3.4375653308778603e-31,3.4375653308778603e-31,3.4375653308778607e-31,3.4375653308778603e-31,3.4375653308778603e-31,3.4375653308778603e-31,3.4375653308778603e-31,3.4375653308870957e-31,3.437565330887096e-31,3.437565330887096e-31,3.437565330887096e-31,3.4375653308870966e-31,3.437565330884618e-31,3.437565330884618e-31,3.437565330884617e-31,3.4375653308822577e-31,3.4375653308822577e-31,3.4375653308822577e-31,3.4375653308822577e-31,3.437565330882257e-31,3.437565330882257e-31,3.437565330882258e-31,3.4375653308822577e-31,3.4375653308822577e-31,3.4375653308822577e-31,3.437565330882258e-31,3.437565330882258e-31,3.437565330882257e-31,3.437565330882258e-31,3.4375653308822577e-31,3.4375653308822577e-31,3.4375653308822577e-31,3.4375653308822577e-31,3.4375653308803e-31,3.4375653308803e-31,3.4375653308803007e-31,3.4375653308803e-31,3.4375653308803e-31,3.4375653308803e-31,3.4375653308803e-31,3.4375653308803007e-31,3.4375653308803007e-31,3.4375653308803007e-31,3.4375653308803007e-31,3.4375653308803007e-31,3.4375653308803007e-31,3.437565330880301e-31,3.437565330880301e-31,3.437565330880301e-31,3.4375653308803007e-31,3.4375653308803007e-31,3.4375653308803007e-31,3.4375653308803007e-31,3.4375653308803007e-31,3.4375653308803007e-31,3.4375653308804908e-31,3.4375653308804908e-31,3.4375653308804908e-31,3.4375653308761253e-31,3.4375653308761253e-31,3.4375653308761253e-31,3.4375653308761253e-31,3.4375653308761257e-31,3.4375653308761253e-31,3.4375653308761253e-31,3.437565330876126e-31,3.4375653308761253e-31,3.437565330876126e-31,3.437565330876126e-31,3.4375653308761253e-31,3.4375653308761257e-31,3.4375653308761257e-31,3.437565330876126e-31,3.437565330876126e-31,3.437565330876126e-31,3.437565330876126e-31,3.437565330876126e-31,3.4375653308761253e-31,3.4375653308761257e-31,3.4375653308761257e-31,3.4375653308784655e-31,3.437565330878465e-31,3.437565330878465e-31,3.437565330878465e-31,3.437565330878464e-31,3.437565330878464e-31,3.437565330878464e-31,3.437565330887947e-31,3.4375653308879483e-31,3.4375653309251423e-31,3.4375653309251423e-31,3.4375653309251423e-31,3.4375653310090603e-31,3.43756533100906e-31,3.43756533100906e-31,3.437565331009061e-31,3.437565331009061e-31,3.43756533100906e-31,3.43756533100906e-31,3.43756533100906e-31,3.4375653310090603e-31,3.4375653310090603e-31,3.437565331009061e-31,3.437565331009061e-31,3.43756533099811e-31,3.43756533099811e-31,3.43756533099811e-31,3.437565330998111e-31,3.43756533099811e-31,3.437565330998111e-31,3.437565330998111e-31,3.437565330998111e-31,3.437565331052595e-31,3.437565331052595e-31,3.437565331052594e-31,3.437565331052595e-31,3.437565331052595e-31,3.437565331052595e-31,3.437565331052595e-31,3.4375653310525934e-31,3.437565331052595e-31,3.437565331052595e-31,3.437565331052595e-31,3.437565331052595e-31,3.437565331052595e-31,3.437565331052595e-31,3.437565331052595e-31,3.437565331052595e-31,3.437565331052595e-31,3.437565331052595e-31,3.437565331052595e-31,3.437565331052595e-31,3.437565331052595e-31,3.437565331052595e-31,3.437565331052595e-31,3.437565331052595e-31,3.437565331052595e-31,3.4375653310525943e-31,3.437565331052595e-31,3.437565331052594e-31,3.437565331052595e-31,3.437565331052595e-31,3.437565331052594e-31,3.4375653310525943e-31,3.4375653310525956e-31,3.437565331083752e-31,3.437565331076309e-31,3.4375653310749822e-31,3.4375653310749822e-31,3.4375653310749822e-31,3.4375653310749827e-31,3.4375653310749827e-31,3.4375653310749827e-31,3.4375653310749827e-31,3.4375653310749827e-31,3.4375653310749827e-31,3.4375653310749827e-31,3.4375653310749827e-31,3.4375653310749827e-31,3.4375653310749827e-31,3.4375653310749827e-31,3.4375653310752516e-31,3.4375653310752516e-31,3.4375653310752524e-31,3.4375653310752524e-31,3.4375653310752516e-31,3.4375653310752524e-31,3.4375653310752524e-31,3.4375653310752516e-31,3.4375653310752524e-31,3.4375653310752524e-31,3.4375653310752524e-31,3.4375653310752524e-31,3.4375653310752524e-31,3.4375653310752524e-31,3.4375653310752524e-31,3.4375653310752524e-31,3.4375653310752524e-31,3.4375653310752524e-31,3.4375653310752524e-31,3.4375653310752516e-31,3.4375653310752516e-31,3.4375653310752524e-31,3.4375653310752524e-31,3.437565331075252e-31,3.437565331075252e-31,3.4375653310752516e-31,3.437565331075252e-31,3.437565331075252e-31,3.437565331075252e-31,3.437565331075252e-31,3.4375653310752516e-31,3.4375653310752516e-31,3.4375653310752516e-31,3.437565331075252e-31,3.437565331075252e-31,3.4375653310753676e-31,3.437565331075367e-31,3.437565331075367e-31,3.437565331075367e-31,3.437565331075367e-31,3.437565331075367e-31,3.437565331075367e-31,3.4375653310753676e-31,3.4375653310753676e-31,3.4375653310753676e-31,3.4375653310753676e-31,3.4375653310753676e-31,3.437565331075367e-31,3.437565331075367e-31,3.437565331075368e-31,3.437565331075368e-31,3.4375653310725646e-31,3.4375653310725646e-31,3.4375653310725646e-31,3.4375653310725654e-31,3.4375653310725654e-31,3.4375653310725654e-31,3.437565331072565e-31,3.4375653310725646e-31,3.437565331062847e-31,3.4375653310628466e-31,3.4375653310628466e-31,3.4375653310628474e-31,3.4375653310628474e-31,3.4375653310591266e-31,3.437565331059127e-31,3.437565331059127e-31,3.437565331059127e-31,3.437565331059127e-31,3.4375653310616042e-31,3.4375653310613104e-31,3.437565331061287e-31,3.4375653310612876e-31,3.437565331059359e-31,3.4375653310557858e-31,3.4375653310557858e-31,3.4375653310557858e-31,3.4375653310558304e-31,3.4375653310654096e-31,3.437565331066147e-31,3.4375653310570942e-31,3.4375653310570942e-31,3.437565331057095e-31,3.437565331057095e-31,3.4375653310570942e-31,3.4375653310543035e-31,3.4375653310495837e-31,3.4375653310495833e-31,3.437565331049584e-31,3.437565331049584e-31,3.437565331049584e-31,3.437565331049584e-31,3.437565331049584e-31,3.437565331049584e-31,3.437565331049584e-31,3.4375653310485266e-31,3.4375653310485266e-31,3.4375653310485266e-31,3.4375653310485266e-31,3.4375653310485266e-31,3.4375653310485266e-31,3.437565331048526e-31,3.4375653310485257e-31,3.4375653310485257e-31,3.4375653310485257e-31,3.4375653310485266e-31,3.4375653310485257e-31,3.4375653310485975e-31,3.4375653310593954e-31,3.4375653310597085e-31,3.4375653310597085e-31,3.43756533105971e-31,3.43756533105971e-31,3.4375653310597085e-31,3.4375653310597085e-31,3.43756533105971e-31,3.4375653310597103e-31,3.43756533105971e-31,3.43756533105971e-31,3.4375653310597085e-31,3.43756533105971e-31,3.4375653310597085e-31,3.43756533105971e-31,3.43756533105971e-31,3.4375653310597085e-31,3.4375653310598092e-31,3.437565331059809e-31,3.4375653310598092e-31,3.4375653310598092e-31,3.4375653310598084e-31,3.4375653310598092e-31,3.4375653310598092e-31,3.437565331149415e-31,3.4375653311494144e-31,3.4375653311494144e-31,3.4375653311494437e-31,3.4375653311494437e-31,3.437565331073829e-31,3.437565331073829e-31,3.437565331073829e-31,3.437565331073829e-31,3.437565331073829e-31,3.437565331073829e-31,3.4375653310738297e-31,3.4375653310738297e-31,3.4375653310738297e-31,3.4375653310738292e-31,3.4375653310738292e-31,3.4375653310738292e-31,3.4375653310738292e-31,3.4375653310738292e-31,3.4375653310738292e-31,3.4375653310713016e-31,3.4375653310713016e-31,3.4375653310713016e-31,3.437565331071301e-31,3.4375653310802078e-31,3.4375653310802073e-31,3.4375653310802073e-31,3.4375653310802078e-31,3.437565331088128e-31,3.4375653310881273e-31,3.4375653310881273e-31,3.4375653310881273e-31,3.437565331088128e-31,3.437565331088128e-31,3.437565331088128e-31,3.437565331088128e-31,3.4375653310881286e-31,3.4375653310881286e-31,3.437565331088129e-31,3.4375653310391226e-31,3.4375653310391226e-31,3.4375653310391226e-31,3.4375653310391226e-31,3.4375653310391226e-31,3.4375653310391235e-31,3.437565331039124e-31,3.4375653310391226e-31,3.4375653310391226e-31,3.4375653310391226e-31,3.4375653310391235e-31,3.4375653310391226e-31,3.43756533102642e-31,3.43756533102642e-31,3.43756533102642e-31,3.4375653309799357e-31,3.4375653309793594e-31,3.4375653309793594e-31,3.4375653309793594e-31,3.4375653309793585e-31,3.43756533097936e-31,3.4375653309793594e-31,3.4375653309686478e-31,3.4375653309686478e-31,3.4375653309686478e-31,3.4375653309686478e-31,3.4375653309686478e-31,3.4375653309686478e-31,3.437565330968648e-31,3.4375653309686495e-31,3.4375653309686495e-31,3.4375653309686495e-31,3.4375653309686495e-31,3.4375653309686495e-31,3.4375653309686495e-31,3.4375653309686495e-31,3.4375653309686504e-31,3.4375653309686504e-31,3.437565330968862e-31,3.437565330968862e-31,3.4375653309652146e-31,3.4375653309652155e-31,3.437565330968309e-31,3.437565331003967e-31,3.437565331003967e-31,3.437565330963871e-31,3.437565330963871e-31,3.437565330963871e-31,3.4375653309638702e-31,3.437565330963871e-31,3.437565330963871e-31,3.437565330963871e-31,3.4375653309638702e-31,3.4375653309764626e-31,3.4375653309764626e-31,3.4375653309764626e-31,3.4375653309764626e-31,3.4375653309764626e-31,3.4375653309764626e-31,3.4375653309764626e-31,3.4375653309764626e-31,3.437565330976463e-31,3.437565330976462e-31,3.4375653309764626e-31,3.4375653309764626e-31,3.4375653309764626e-31,3.437565330976462e-31,3.4375653309764626e-31,3.437565330976462e-31,3.4375653309764626e-31,3.437565330976462e-31,3.437565330976463e-31,3.437565330976463e-31,3.4375653309764626e-31,3.437565330976463e-31,3.437565330976463e-31,3.437565330976463e-31,3.4375653309764626e-31,3.4375653309764626e-31,3.4375653309764626e-31,3.4375653309764626e-31,3.4375653309764635e-31,3.437565330976464e-31,3.4375653309764635e-31,3.437565330976464e-31,3.437565330976464e-31,3.437565330976464e-31,3.437565330976464e-31,3.4375653309764635e-31,3.4375653309764635e-31,3.4375653309764635e-31,3.4375653309764635e-31,3.4375653309764635e-31,3.4375653309764635e-31,3.4375653309764635e-31,3.4375653309764635e-31,3.4375653309764635e-31,3.4375653309764635e-31,3.4375653309764635e-31,3.4375653309764635e-31,3.4375653309764635e-31,3.4375653309764635e-31,3.4375653309764644e-31,3.4375653309764644e-31,3.4375653309764644e-31,3.4375653309764644e-31,3.4375653309764644e-31,3.4375653309763317e-31,3.437565330973594e-31,3.4375653309735935e-31,3.4375653309735944e-31,3.4375653309735935e-31,3.437565330973594e-31,3.4375653309752426e-31,3.4375653309752426e-31,3.4375653309781845e-31,3.4375653309781845e-31,3.437565330978185e-31,3.437565330925099e-31,3.437565330925099e-31,3.4375653309251002e-31,3.4375653309251002e-31,3.4375653309251002e-31,3.4375653309251007e-31,3.437565330884993e-31,3.437565330884993e-31,3.437565330884993e-31,3.437565330884993e-31,3.437565330776825e-31,3.437565330776824e-31,3.437565330776824e-31,3.437565330776824e-31,3.437565330776824e-31,3.437565330776824e-31,3.437565330776824e-31,3.437565330776825e-31,3.437565330776825e-31,3.437565330776824e-31,3.437565330793506e-31,3.4375653307935056e-31,3.4375653307935757e-31,3.4375653307935757e-31,3.4375653307935757e-31,3.437565330793576e-31,3.437565330793576e-31,3.437565330793576e-31,3.4375653307935682e-31,3.437565330792721e-31,3.4375653307927204e-31,3.4375653307927204e-31,3.4375653307927204e-31,3.4375653307927204e-31,3.4375653307927204e-31,3.437565330792721e-31,3.437565330792721e-31,3.4375653307927204e-31,3.4375653307927204e-31,3.4375653307927204e-31,3.4375653307927204e-31,3.4375653307862517e-31,3.4375653307862517e-31,3.4375653307862517e-31,3.4375653307890184e-31,3.4375653307890184e-31,3.4375653307890184e-31,3.437565330789019e-31,3.437565330789019e-31,3.437565330789018e-31,3.437565330789018e-31,3.4375653307890184e-31,3.4375653307890184e-31,3.437565330789019e-31,3.437565330789019e-31,3.4375653307890184e-31,3.4375653307890184e-31,3.4375653307890184e-31,3.437565330789019e-31,3.437565330789019e-31,3.437565330789019e-31,3.437565330789019e-31,3.437565330789019e-31,3.437565330789019e-31,3.437565330789019e-31,3.437565330789019e-31,3.437565330789019e-31,3.437565330789019e-31,3.437565330789019e-31,3.4375653307890184e-31,3.437565330789019e-31,3.437565330789019e-31,3.437565330789019e-31,3.437565330789019e-31,3.437565330789019e-31,3.437565330789019e-31,3.437565330792746e-31,3.437565330792746e-31,3.437565330792746e-31,3.437565330792746e-31,3.437565330792746e-31,3.437565330792746e-31,3.4375653307927454e-31,3.4375653307927467e-31,3.437565330792746e-31,3.4375653307927467e-31,3.4375653307927467e-31,3.4375653308107613e-31,3.4375653308107613e-31,3.437565330810761e-31,3.437565330810762e-31,3.4375653308107617e-31,3.437565330839883e-31,3.4375653308398838e-31,3.4375653308398838e-31,3.4375653308398838e-31,3.4375653308398838e-31,3.4375653308398838e-31,3.4375653308398833e-31,3.4375653308398833e-31,3.4375653308297616e-31,3.4375653308297616e-31,3.4375653308297616e-31,3.437565330829762e-31,3.4375653308295785e-31,3.437565330829578e-31,3.4375653308295772e-31,3.4375653308138463e-31,3.437565330818232e-31,3.437565330818231e-31,3.437565330818232e-31,3.437565330818231e-31,3.4375653308182315e-31,3.437565330818232e-31,3.4375653308182315e-31,3.437565330818232e-31,3.437565330818232e-31,3.437565330818232e-31,3.437565330818232e-31,3.437565330818232e-31,3.4375653308181545e-31,3.4375653308181553e-31,3.437565330818154e-31,3.4375653308181558e-31,3.4375653308181558e-31,3.437565330759686e-31,3.4375653307596857e-31,3.4375653307596857e-31,3.437565330759686e-31,3.437565330759687e-31,3.437565330759687e-31,3.437565330759686e-31,3.437565330759686e-31,3.437565330759686e-31,3.437565330759686e-31,3.437565330759686e-31,3.437565330759687e-31,3.437565330759686e-31,3.437565330759687e-31,3.437565330759687e-31,3.43756533075502e-31,3.4375653307550207e-31,3.43756533075502e-31,3.437565330810784e-31,3.4375653308107836e-31,3.437565330810783e-31,3.4375653308107836e-31,3.4375653308107836e-31,3.43756533083068e-31,3.437565330830681e-31,3.437565330830681e-31,3.4375653308306807e-31,3.4375653308248417e-31,3.4375653308248404e-31,3.4375653308248417e-31,3.4375653308247852e-31,3.4375653308246197e-31,3.4375653308402223e-31,3.437565330837358e-31,3.437565330837358e-31,3.4375653308373584e-31,3.4375653308321206e-31,3.43756533083212e-31,3.43756533083212e-31,3.43756533083212e-31,3.43756533083212e-31,3.4375653308321206e-31,3.43756533083212e-31,3.43756533083212e-31,3.43756533083212e-31,3.4375653308321206e-31,3.4375653308321206e-31,3.4375653308321206e-31,3.4375653308321206e-31,3.4375653308321206e-31,3.4375653307360874e-31,3.4375653307360874e-31,3.4375653307360874e-31,3.4375653307360874e-31,3.4375653307360874e-31,3.4375653307360874e-31,3.437565330739774e-31,3.437565330739774e-31,3.437565330739774e-31,3.437565330739774e-31,3.437565330739774e-31,3.437565330739774e-31,3.437565330739773e-31,3.437565330739773e-31,3.437565330715393e-31,3.437565330715393e-31,3.437565330715393e-31,3.437565330715393e-31,3.437565330715393e-31,3.437565330715394e-31,3.437565330715394e-31,3.4375653307153377e-31,3.4375653307153377e-31,3.437565330715338e-31,3.4375653307153386e-31,3.437565330645113e-31,3.4375653306034738e-31,3.4375653306034738e-31,3.4375653306034738e-31,3.4375653306034738e-31,3.4375653305926295e-31,3.4375653305926295e-31,3.4375653305926295e-31,3.4375653305946504e-31,3.4375653305946504e-31,3.437565330594651e-31,3.4375653305946504e-31,3.4375653306128673e-31,3.437565330545886e-31,3.4375653305777236e-31,3.4375653305816367e-31,3.4375653305792515e-31,3.4375653305792515e-31,3.4375653305511983e-31,3.4375653305511983e-31,3.4375653305511983e-31,3.4375653305511983e-31,3.4375653305511983e-31,3.4375653305511983e-31,3.4375653305511983e-31,3.4375653305511983e-31,3.437565330551703e-31,3.4375653305517032e-31,3.4375653305517046e-31,3.4375653305517046e-31,3.437565330551704e-31,3.437565330551704e-31,3.4375653305517046e-31,3.4375653305517046e-31,3.437565330551704e-31,3.437565330551704e-31,3.437565330568865e-31,3.437565330568865e-31,3.437565330568865e-31,3.4375653305738346e-31,3.437565330573833e-31,3.437565330573834e-31,3.437565330573834e-31,3.437565330573834e-31,3.437565330573833e-31,3.437565330573834e-31,3.4375653305738346e-31,3.437565330573833e-31,3.437565330573834e-31,3.437565330573834e-31,3.437565330573834e-31,3.4375653305738337e-31,3.4375653305738324e-31,3.437565330573834e-31,3.4375653305738337e-31,3.4375653305738337e-31,3.4375653305014956e-31,3.4375653305014956e-31,3.4375653305014956e-31,3.4375653305014803e-31,3.43756533050148e-31,3.4375653305014803e-31,3.4375653305014803e-31,3.4375653305014794e-31,3.4375653305014794e-31,3.4375653305014794e-31,3.4375653305014803e-31,3.437565330501475e-31,3.437565330501475e-31,3.437565330501475e-31,3.4375653305014754e-31,3.437565330501475e-31,3.437565330501475e-31,3.437565330501475e-31,3.4375653305014754e-31,3.4375653305014754e-31,3.4375653305014754e-31,3.437565330501475e-31,3.437565330490367e-31,3.437565330490354e-31,3.437565330490354e-31,3.437565330490354e-31,3.437565330490354e-31,3.437565330490354e-31,3.437565330490354e-31,3.4375653304903535e-31,3.4375653304903544e-31,3.4375653304903544e-31,3.4375653304924765e-31,3.437565330492476e-31,3.437565330492476e-31,3.4375653304924765e-31,3.437565330492477e-31,3.437565330492477e-31,3.437565330492477e-31,3.437565330492477e-31,3.4375653305108882e-31,3.437565330512663e-31,3.437565330512663e-31,3.437565330512663e-31,3.4375653305126644e-31,3.4375653305126644e-31,3.4375653305126644e-31,3.437565330512664e-31,3.437565330512665e-31,3.437565330512664e-31,3.437565330512664e-31,3.437565330512665e-31,3.437565330512664e-31,3.437565330512665e-31,3.437565330531758e-31,3.437565330531758e-31,3.437565330531758e-31,3.437565330531758e-31,3.4375653305317584e-31,3.4375653305317584e-31,3.437565330529695e-31,3.4375653305296954e-31,3.4375653305296954e-31,3.4375653305296954e-31,3.437565330529695e-31,3.4375653305296954e-31,3.4375653305296954e-31,3.4375653305296954e-31,3.4375653305296954e-31,3.437565330529696e-31,3.4375653305296954e-31,3.4375653305296954e-31,3.437565330529695e-31,3.4375653305296954e-31,3.4375653305296954e-31,3.437565330529696e-31,3.437565330555516e-31,3.437565330555516e-31,3.437565330555516e-31,3.4375653305555156e-31,3.4375653305555156e-31,3.4375653305555156e-31,3.437565330555516e-31,3.437565330555516e-31,3.437565330555516e-31,3.437565330555516e-31,3.4375653305555156e-31,3.4375653305555156e-31,3.4375653305555156e-31,3.4375653305555165e-31,3.437565330555517e-31,3.437565330555517e-31,3.437565330555584e-31,3.437565330555584e-31,3.437565330555583e-31,3.4375653305555835e-31,3.437565330555583e-31,3.4375653305555844e-31,3.4375653305555835e-31,3.4375653305555844e-31,3.4375653305555844e-31,3.4375653305555844e-31,3.4375653305555835e-31,3.4375653305555835e-31,3.437565330555584e-31,3.4375653305555835e-31,3.437565330555584e-31,3.437565330555584e-31,3.4375653305555844e-31,3.4375653305555844e-31,3.4375653305613105e-31,3.4375653305613105e-31,3.4375653305613105e-31,3.4375653305613105e-31,3.43756533056131e-31,3.437565330561311e-31,3.437565330561311e-31,3.4375653305613105e-31,3.4375653305613113e-31,3.4375653305613113e-31,3.4375653305613113e-31,3.4375653305613113e-31,3.4375653305613113e-31,3.4375653305613547e-31,3.437565330561356e-31,3.437565330561355e-31,3.437565330561355e-31,3.437565330561355e-31,3.4375653305613547e-31,3.437565330561355e-31,3.437565330561356e-31,3.437565330561355e-31,3.437565330561355e-31,3.4375653305624197e-31,3.4375653305624197e-31,3.4375653305536165e-31,3.4375653305536165e-31,3.4375653305536156e-31,3.4375653305536156e-31,3.4375653305536156e-31,3.4375653305536165e-31,3.4375653305536165e-31,3.4375653305536165e-31,3.4375653305536165e-31,3.437565330553778e-31,3.437565330553777e-31,3.437565330553777e-31,3.437565330553777e-31,3.437565330553777e-31,3.437565330553777e-31,3.4375653305538945e-31,3.4375653305538945e-31,3.4375653305538945e-31,3.4375653305538945e-31,3.4375653305538945e-31,3.437565330559353e-31,3.437565330559353e-31,3.437565330559353e-31,3.437565330559352e-31,3.437565330559352e-31,3.437565330559352e-31,3.437565330559352e-31,3.437565330559352e-31,3.437565330559352e-31,3.437565330559352e-31,3.437565330559352e-31,3.437565330559352e-31,3.437565330559353e-31,3.437565330559353e-31,3.4375653305593535e-31,3.4375653305593535e-31,3.437565330559352e-31,3.4375653305593535e-31,3.4375653305655476e-31,3.437565330565548e-31,3.4375653305655485e-31,3.4375653305655485e-31,3.437565330575692e-31,3.4375653305756917e-31,3.4375653305756917e-31,3.4375653305756926e-31,3.4375653305756926e-31,3.4375653305756926e-31,3.4375653305756926e-31,3.4375653305756926e-31,3.437565330575319e-31,3.437565330575319e-31,3.4375653305737947e-31,3.437565330573796e-31,3.4375653305602577e-31,3.4375653305578387e-31,3.437565330557838e-31,3.437565330557838e-31,3.437565330557838e-31,3.437565330557838e-31,3.437565330557838e-31,3.4375653305578374e-31,3.4375653305578387e-31,3.437565330557838e-31,3.4375653305578383e-31,3.4375653305578383e-31,3.4375653306085395e-31,3.4375653306085395e-31,3.4375653306085403e-31,3.4375653306085403e-31,3.4375653306085403e-31,3.437565330608539e-31,3.437565330608539e-31,3.4375653306085403e-31,3.4375653306085403e-31,3.4375653306085403e-31,3.4375653306085403e-31,3.437565330608539e-31,3.4375653306085403e-31,3.4375653306085403e-31,3.4375653306085403e-31,3.4375653306085403e-31,3.4375653306085403e-31,3.437565330612192e-31,3.437565330612192e-31,3.437565330612192e-31,3.437565330612192e-31,3.437565330612192e-31,3.437565330612192e-31,3.437565330612192e-31,3.437565330612192e-31,3.4375653305224586e-31,3.4375653305739454e-31,3.4375653305739454e-31,3.4375653305739454e-31,3.437565330554751e-31,3.437565330554751e-31,3.437565330554751e-31,3.437565330554751e-31,3.4375653305547927e-31,3.4375653305547927e-31,3.4375653305547927e-31,3.4375653305547927e-31,3.4375653305547927e-31,3.4375653305547927e-31,3.437565330557045e-31,3.437565330556892e-31,3.4375653305568924e-31,3.4375653305568924e-31,3.4375653305568907e-31,3.4375653305568924e-31,3.4375653305568907e-31,3.4375653305568924e-31,3.4375653305568907e-31,3.4375653305568924e-31,3.4375653305568907e-31,3.4375653305568924e-31,3.4375653305568907e-31,3.437565330556892e-31,3.4375653305568924e-31,3.4375653305568907e-31,3.4375653305574035e-31,3.437565330555942e-31,3.437565330555943e-31,3.437565330555942e-31,3.4375653305533866e-31,3.437565330553387e-31,3.437565330553387e-31,3.437565330553387e-31,3.4375653305560968e-31,3.4375653305560968e-31,3.437565330556096e-31,3.4375653305577236e-31,3.4375653305577236e-31,3.4375653305577236e-31,3.437565330557724e-31,3.437565330557724e-31,3.4375653305577236e-31,3.437565330557724e-31,3.4375653305577244e-31,3.4375653305577244e-31,3.4375653305577713e-31,3.4375653305577713e-31,3.4375653305577713e-31,3.4375653305577713e-31,3.437565330557771e-31,3.437565330557771e-31,3.437565330557771e-31,3.437565330557771e-31,3.437565330557771e-31,3.437565330557771e-31,3.437565330557771e-31,3.437565330557771e-31,3.4375653305577704e-31,3.43756533055777e-31,3.43756533055777e-31,3.43756533055777e-31,3.43756533055777e-31,3.43756533055777e-31,3.43756533055777e-31,3.43756533055777e-31,3.43756533055777e-31,3.43756533055777e-31,3.4375653305577696e-31,3.4375653305575848e-31,3.4375653305575843e-31,3.4375653305575843e-31,3.4375653305575843e-31,3.4375653305575843e-31,3.4375653305575843e-31,3.437565330584907e-31,3.4375653305698566e-31,3.4375653305698566e-31,3.4375653305698553e-31,3.4375653305698553e-31,3.437565330569855e-31,3.437565330569855e-31,3.4375653305698553e-31,3.4375653305698553e-31,3.4375653305698553e-31,3.4375653305698566e-31,3.4375653305698566e-31,3.437565330599334e-31,3.437565330599334e-31,3.4375653305993356e-31,3.4375653305993343e-31,3.437565330602569e-31,3.4375653306024832e-31,3.4375653306024596e-31,3.4375653306503625e-31,3.437565330650362e-31,3.4375653306503625e-31,3.437565330650362e-31,3.4375653306503625e-31,3.4375653306567157e-31,3.4375653306567157e-31,3.4375653306567152e-31,3.437565330656717e-31,3.437565330656717e-31,3.4375653306567152e-31,3.437565330656717e-31,3.437565330656717e-31,3.437565330656717e-31,3.437565330656717e-31,3.437565330656717e-31,3.437565330656717e-31,3.437565330656858e-31,3.437565330656858e-31,3.437565330656858e-31,3.437565330656858e-31,3.437565330656858e-31,3.437565330656858e-31,3.437565330656858e-31,3.437565330656858e-31,3.437565330656858e-31,3.437565330656858e-31,3.437565330656858e-31,3.437565330687716e-31,3.437565330687715e-31,3.4375653306868887e-31,3.4375653306868887e-31,3.4375653306868887e-31,3.4375653306868887e-31,3.437565330683776e-31,3.437565330683765e-31,3.437565330683765e-31,3.4375653306837655e-31,3.4375653306837655e-31,3.437565330683765e-31,3.437565330683766e-31,3.437565330683766e-31,3.437565330683766e-31,3.437565330683765e-31,3.4375653306773043e-31,3.4375653306773043e-31,3.4375653306773043e-31,3.4375653306773043e-31,3.4375653306773043e-31,3.437565330677302e-31,3.437565330677304e-31,3.4375653306773043e-31,3.4375653306773025e-31,3.4375653306773043e-31,3.437565330677302e-31,3.4375653306753525e-31,3.4375653306753525e-31,3.4375653306771177e-31,3.4375653306771177e-31,3.4375653306771177e-31,3.437565330677117e-31,3.437565330677377e-31,3.437565330677377e-31,3.437565330677377e-31,3.437565330677377e-31,3.437565330677377e-31,3.437565330677377e-31,3.437565330677377e-31,3.4375653306773756e-31,3.437565330677377e-31,3.4375653307068914e-31,3.43756533070689e-31,3.4375653307068944e-31,3.437565330706894e-31,3.4375653306908277e-31,3.4375653306908277e-31,3.4375653306908268e-31,3.437565330690827e-31,3.437565330690816e-31,3.437565330695093e-31,3.437565330695093e-31,3.437565330695093e-31,3.437565330695093e-31,3.4375653306950933e-31,3.4375653306950933e-31,3.4375653306954406e-31,3.437565330696084e-31,3.437565330696084e-31,3.437565330703591e-31,3.437565330703591e-31,3.437565330703314e-31,3.437565330703185e-31,3.437565330703185e-31,3.4375653307031845e-31,3.437565330703185e-31,3.4375653307031845e-31,3.437565330703185e-31,3.437565330703185e-31,3.4375653307031854e-31,3.4375653307031854e-31,3.4375653307031854e-31,3.437565330703185e-31,3.437565330703185e-31,3.437565330703185e-31,3.437565330703185e-31,3.4375653307031854e-31,3.4375653307031854e-31,3.4375653307031854e-31,3.437565330703185e-31,3.437565330703185e-31,3.437565330703185e-31,3.437565330703185e-31,3.437565330703186e-31,3.437565330703186e-31,3.4375653307031854e-31,3.4375653306753783e-31,3.437565330675379e-31,3.4375653306753775e-31,3.437565330675379e-31,3.437565330675379e-31,3.437565330675379e-31,3.437565330675379e-31,3.437565330675379e-31,3.437565330672058e-31,3.437565330672058e-31,3.4375653306720573e-31,3.437565330672058e-31,3.437565330672058e-31,3.437565330672058e-31,3.437565330672058e-31,3.4375653306801204e-31,3.4375653306801204e-31,3.437565330680121e-31,3.437565330680121e-31,3.437565330680121e-31,3.437565330680121e-31,3.4375653306801204e-31,3.437565330680121e-31,3.4375653306787305e-31,3.437565330678731e-31,3.437565330678731e-31,3.437565330678731e-31,3.437565330678731e-31,3.437565330678731e-31,3.4375653306787305e-31,3.4375653306787305e-31,3.4375653306787305e-31,3.4375653306787305e-31,3.437565330678731e-31,3.437565330678731e-31,3.437565330678731e-31,3.4375653306787305e-31,3.4375653306588527e-31,3.437565330658853e-31,3.437565330657892e-31,3.437565330657892e-31,3.4375653306578923e-31,3.4375653306612734e-31,3.4375653306612734e-31,3.4375653306612743e-31,3.437565330661273e-31,3.437565330661273e-31,3.437565330661273e-31,3.437565330661273e-31,3.437565330661273e-31,3.4375653306612734e-31,3.4375653306612743e-31,3.4375653306612743e-31,3.437565330661273e-31,3.437565330661273e-31,3.437565330661273e-31,3.437565330541125e-31,3.4375653305411248e-31,3.4375653305411248e-31,3.437565330541126e-31,3.437565330541126e-31,3.437565330541125e-31,3.437565330541192e-31,3.437565330541192e-31,3.437565330541191e-31,3.4375653305377362e-31,3.437565330537737e-31,3.4375653305377376e-31,3.4375653305377376e-31,3.437565330530878e-31,3.4375653305308786e-31,3.4375653305308786e-31,3.437565330530878e-31,3.437565330530878e-31,3.437565330530878e-31,3.437565330530878e-31,3.4375653305308786e-31,3.4375653305308786e-31,3.4375653305308475e-31,3.4375653305308475e-31,3.4375653305308475e-31,3.4375653305308475e-31,3.4375653305308475e-31,3.437565330530848e-31,3.4375653305309014e-31,3.4375653305309014e-31,3.4375653305318416e-31,3.4375653305318416e-31,3.4375653306070926e-31,3.437565330607092e-31,3.4375653306070935e-31,3.4375653306070935e-31,3.4375653306070935e-31,3.437565330607093e-31,3.437565330607093e-31,3.437565330607093e-31,3.437565330607092e-31,3.437565330607092e-31,3.4375653306070926e-31,3.4375653306070926e-31,3.4375653306070926e-31,3.437565330607092e-31,3.4375653306081046e-31,3.437565330608105e-31,3.437565330608104e-31,3.4375653306082075e-31,3.4375653306573125e-31,3.437565330657313e-31,3.4375653306565685e-31,3.4375653306565685e-31,3.4375653306565694e-31,3.4375653306565685e-31,3.4375653306565694e-31,3.4375653306565685e-31,3.437565330656569e-31,3.4375653306565685e-31,3.4375653306565694e-31,3.4375653306565685e-31,3.4375653306565694e-31,3.43756533067773e-31,3.4375653306777303e-31,3.43756533067773e-31,3.4375653306777303e-31,3.4375653306777303e-31,3.43756533067773e-31,3.4375653306777303e-31,3.4375653306777303e-31,3.43756533067773e-31,3.43756533067773e-31,3.437565330677729e-31,3.4375653306777303e-31,3.4375653306777303e-31,3.437565330677729e-31,3.4375653306777303e-31,3.4375653306777303e-31,3.4375653306777303e-31,3.43756533067773e-31,3.437565330677729e-31,3.437565330699048e-31,3.437565330699048e-31,3.437565330699048e-31,3.437565330699048e-31,3.437565330699048e-31,3.437565330699048e-31,3.437565330699048e-31,3.437565330699048e-31,3.437565330699048e-31,3.437565330699048e-31,3.437565330699048e-31,3.437565330699048e-31,3.437565330699048e-31,3.4375653306990695e-31,3.437565330699069e-31,3.4375653306990686e-31,3.437565330699069e-31,3.437565330699069e-31,3.4375653307124856e-31,3.437565330712485e-31,3.4375653307093147e-31,3.4375653307093147e-31,3.4375653307093147e-31,3.4375653307093147e-31,3.437565330709315e-31,3.437565330709315e-31,3.4375653307093143e-31,3.4375653307094185e-31,3.437565330709419e-31,3.437565330709419e-31,3.4375653307094185e-31,3.4375653307094185e-31,3.4375653307094185e-31,3.4375653307094185e-31,3.4375653307094185e-31,3.43756533070941e-31,3.43756533070941e-31,3.4375653307094097e-31,3.4375653306574877e-31,3.4375653306480613e-31,3.4375653306481927e-31,3.4375653306481927e-31,3.437565330648193e-31,3.4375653306256633e-31,3.4375653306256633e-31,3.4375653306318698e-31,3.43756533063187e-31,3.43756533063187e-31,3.43756533063187e-31,3.43756533063187e-31,3.43756533063187e-31,3.437565330627273e-31,3.437565330627273e-31,3.437565330627273e-31,3.437565330627273e-31,3.437565330627273e-31,3.4375653306272726e-31,3.4375653306327727e-31,3.4375653306332387e-31,3.4375653306332387e-31,3.4375653306333446e-31,3.4375653306333446e-31,3.4375653306333446e-31,3.4375653306333446e-31,3.4375653306333446e-31,3.4375653306333433e-31,3.4375653306333446e-31,3.4375653306333438e-31,3.437565330633344e-31,3.437565330633344e-31,3.437565330633344e-31,3.4375653306333446e-31,3.4375653306333446e-31,3.4375653306333446e-31,3.437565330633344e-31,3.437565330633344e-31,3.437565330633344e-31,3.437565330580168e-31,3.4375653305801684e-31,3.4375653305801684e-31,3.4375653305801684e-31,3.4375653305817427e-31,3.437565330581743e-31,3.437565330581743e-31,3.437565330581743e-31,3.437565330581743e-31,3.4375653305817423e-31,3.4375653305817436e-31,3.4375653305817423e-31,3.4375653305817427e-31,3.4375653305817427e-31,3.4375653305817427e-31,3.4375653305817436e-31,3.4375653305817423e-31,3.4375653305817423e-31,3.4375653305817436e-31,3.4375653305817427e-31,3.4375653305817423e-31,3.4375653305817427e-31,3.4375653305817427e-31,3.4375653305864375e-31,3.437565330586438e-31,3.4375653305864384e-31,3.4375653305864384e-31,3.4375653305864384e-31,3.4375653305864384e-31,3.437565330586439e-31,3.4375653305864384e-31,3.4375653305864384e-31,3.4375653305864375e-31,3.4375653305864384e-31,3.4375653305864375e-31,3.437565330586439e-31,3.437565330586439e-31,3.4375653305864375e-31,3.4375653305864384e-31,3.4375653305864384e-31,3.4375653305864375e-31,3.4375653305864384e-31,3.4375653305864375e-31,3.437565330623761e-31,3.437565330623761e-31,3.4375653306237598e-31,3.437565330623761e-31,3.437565330623761e-31,3.437565330623761e-31,3.4375653306242288e-31,3.437565330624229e-31,3.437565330624229e-31,3.437565330624229e-31,3.437565330624229e-31,3.437565330624229e-31,3.4375653306242283e-31,3.437565330624229e-31,3.4375653306242283e-31,3.437565330624229e-31,3.4375653306242288e-31,3.437565330624229e-31,3.437565330624229e-31,3.437565330624229e-31,3.437565330624229e-31,3.4375653306242283e-31,3.437565330624229e-31,3.4375653306242288e-31,3.437565330624229e-31,3.437565330624229e-31,3.437565330624229e-31,3.4375653306242296e-31,3.4375653306242296e-31,3.4375653306242296e-31,3.437565330624229e-31,3.437565330624229e-31,3.4375653306242288e-31,3.4375653306242296e-31,3.4375653306242296e-31,3.4375653306242296e-31,3.43756533062423e-31,3.437565330626834e-31,3.437565330626834e-31,3.4375653306268343e-31,3.4375653306268343e-31,3.437565330626834e-31,3.437565330626834e-31,3.4375653306268343e-31,3.437565330626834e-31,3.4375653306268584e-31,3.4375653306268593e-31,3.4375653306268593e-31,3.4375653306268593e-31,3.4375653306268593e-31,3.4375653306268593e-31,3.4375653306268597e-31,3.4375653306268593e-31,3.4375653306268597e-31,3.4375653306268593e-31,3.4375653306268597e-31,3.4375653306268593e-31,3.4375653306268593e-31,3.4375653306268597e-31,3.4375653306268593e-31,3.4375653306268593e-31,3.4375653306268597e-31,3.4375653306268597e-31,3.437565330626859e-31,3.437565330626859e-31,3.437565330626859e-31,3.4375653306268597e-31,3.437565330626859e-31,3.4375653306268597e-31,3.4375653306268597e-31,3.4375653306268597e-31,3.437565330626859e-31,3.4375653306268597e-31,3.437565330626859e-31,3.4375653306268597e-31,3.437565330626859e-31,3.4375653306268597e-31,3.4375653306268597e-31,3.4375653306268597e-31,3.4375653306268597e-31,3.4375653306268597e-31,3.4375653306268597e-31,3.4375653306268597e-31,3.4375653306268597e-31,3.4375653306268597e-31,3.4375653306268597e-31,3.4375653306268597e-31,3.4375653306268597e-31,3.4375653306268597e-31,3.4375653306268597e-31,3.4375653306268597e-31,3.4375653306268597e-31,3.4375653306268597e-31,3.437565330621994e-31,3.437565330621994e-31,3.4375653306219946e-31,3.4375653306219946e-31,3.4375653306219946e-31,3.4375653306219946e-31,3.4375653306219946e-31,3.437565330621994e-31,3.437565330621994e-31,3.437565330621994e-31,3.4375653306219946e-31,3.4375653306219946e-31,3.4375653306219946e-31,3.4375653306219946e-31,3.437565330621994e-31,3.437565330621994e-31,3.4375653306219946e-31,3.437565330621994e-31,3.437565330621994e-31,3.437565330621994e-31,3.4375653306219937e-31,3.437565330621994e-31,3.437565330621994e-31,3.4375653306219946e-31,3.4375653306121014e-31,3.437565330612101e-31,3.4375653306121014e-31,3.4375653306121014e-31,3.4375653306121014e-31,3.4375653306121014e-31,3.4375653306121014e-31,3.437565330612102e-31,3.4375653306121023e-31,3.4375653306121023e-31,3.4375653306121023e-31,3.4375653306121023e-31,3.4375653306121023e-31,3.4375653306121023e-31,3.4375653306121023e-31,3.4375653306121023e-31,3.4375653306121023e-31,3.437565330541294e-31,3.437565330541294e-31,3.437565330541294e-31,3.437565330541294e-31,3.4375653305412947e-31,3.4375653305412942e-31,3.4375653305412947e-31,3.4375653305412947e-31,3.437565330541294e-31,3.4375653305412947e-31,3.437565330541294e-31,3.4375653305412947e-31,3.4375653305412947e-31,3.4375653305412942e-31,3.4375653305412942e-31,3.4375653305412947e-31,3.4375653305371516e-31,3.437565330537153e-31,3.4375653305371516e-31,3.4375653305371525e-31,3.437565330537153e-31,3.4375653305371516e-31,3.437565330537153e-31,3.437565330537153e-31,3.437565330537153e-31,3.437565330501318e-31,3.4375653305013174e-31,3.437565330497408e-31,3.437565330497408e-31,3.437565330497409e-31,3.437565330497409e-31,3.437565330497409e-31,3.437565330497409e-31,3.43756533049741e-31,3.4375653304974104e-31,3.437565330497411e-31,3.43756533049741e-31,3.43756533049741e-31,3.437565330497411e-31,3.43756533049741e-31,3.437565330497411e-31,3.4375653304974104e-31,3.437565330497411e-31,3.437565330497411e-31,3.4375653305027117e-31,3.4375653305027117e-31,3.4375653305027117e-31,3.4375653305027112e-31,3.437565330502712e-31,3.437565330502712e-31,3.4375653305027112e-31,3.4375653305027125e-31,3.4375653305027112e-31,3.437565330502712e-31,3.437565330502712e-31,3.4375653305027117e-31,3.4375653305027125e-31,3.4375653305027112e-31,3.437565330502712e-31,3.437565330502712e-31,3.4375653305027117e-31,3.437565330502712e-31,3.437565330502712e-31,3.4375653305027112e-31,3.4375653305027125e-31,3.4375653305027125e-31,3.4375653305027125e-31,3.4375653305027125e-31,3.4375653305027125e-31,3.4375653305027125e-31,3.4375653305027125e-31,3.4375653305027125e-31,3.4375653305027125e-31,3.437565330502713e-31,3.437565330502713e-31,3.437565330502713e-31,3.437565330502713e-31,3.437565330505514e-31,3.437565330505514e-31,3.4375653305055143e-31,3.437565330505514e-31,3.437565330505514e-31,3.437565330505514e-31,3.437565330505514e-31,3.437565330505514e-31,3.4375653305055143e-31,3.4375653305055143e-31,3.4375653305055414e-31,3.437565330505542e-31,3.4375653305055405e-31,3.4375653305055405e-31,3.4375653305055405e-31,3.437565330505542e-31,3.437565330505541e-31,3.437565330505501e-31,3.4375653305159876e-31,3.4375653305159876e-31,3.437565330515988e-31,3.437565330515988e-31,3.4375653305159876e-31,3.4375653305159868e-31,3.437565330516715e-31,3.4375653305217457e-31,3.437565330495734e-31,3.437565330495735e-31,3.437565330495734e-31,3.4375653304957345e-31,3.437565330495735e-31,3.437565330495735e-31,3.437565330495735e-31,3.437565330495734e-31,3.437565330495734e-31,3.437565330495734e-31,3.437565330496673e-31,3.437565330496673e-31,3.437565330496673e-31,3.437565330496673e-31,3.4375653304969904e-31,3.4375653304969904e-31,3.43756533049699e-31,3.43756533049699e-31,3.4375653304969895e-31,3.4375653304969895e-31,3.4375653304969895e-31,3.43756533049699e-31,3.43756533049699e-31,3.43756533049699e-31,3.43756533049699e-31,3.4375653304969904e-31,3.4375653304969904e-31,3.4375653304969904e-31,3.4375653304969904e-31,3.43756533049699e-31,3.43756533049699e-31,3.4375653304969904e-31,3.4375653304969904e-31,3.43756533049699e-31,3.4375653304969904e-31,3.4375653304969904e-31,3.4375653304969904e-31,3.4375653304969904e-31,3.4375653304969904e-31,3.4375653304969895e-31,3.43756533049699e-31,3.4375653304969904e-31,3.4375653304915932e-31,3.4375653304915932e-31,3.4375653304915932e-31,3.4375653304915932e-31,3.4375653304915932e-31,3.4375653304915932e-31,3.4375653304915937e-31,3.4375653304915932e-31,3.4375653304915932e-31,3.4375653304915937e-31,3.437565330491593e-31,3.4375653304915937e-31,3.4375653304915932e-31,3.4375653304915937e-31,3.4375653304915937e-31,3.4375653304918494e-31,3.4375653304918494e-31,3.4375653304918494e-31,3.4375653304918494e-31,3.4375653304918485e-31,3.4375653304918494e-31,3.4375653305814427e-31,3.4375653305814427e-31,3.4375653305814427e-31,3.4375653305814427e-31,3.4375653305814427e-31,3.4375653305814427e-31,3.4375653305814423e-31,3.4375653305814423e-31,3.4375653305814427e-31,3.4375653305814427e-31,3.437565330581442e-31,3.4375653305814427e-31,3.4375653305814427e-31,3.437565330577259e-31,3.437565330577259e-31,3.437565330577259e-31,3.43756533057726e-31,3.43756533057726e-31,3.43756533057726e-31,3.43756533057726e-31,3.437565330577259e-31,3.437565330577259e-31,3.437565330577259e-31,3.437565330577259e-31,3.437565330577259e-31,3.4375653305772607e-31,3.4375653305772607e-31,3.4375653305772603e-31,3.43756533057726e-31,3.437565330577238e-31,3.437565330577238e-31,3.437565330577239e-31,3.437565330577238e-31,3.437565330577239e-31,3.437565330577239e-31,3.437565330577239e-31,3.437565330577239e-31,3.437565330577239e-31,3.4375653305661016e-31,3.4375653305661016e-31,3.4375653305661016e-31,3.4375653305661025e-31,3.4375653305661025e-31,3.4375653305661025e-31,3.4375653305661025e-31,3.4375653305661025e-31,3.4375653305661025e-31,3.4375653305661025e-31,3.437565330566102e-31,3.437565330566102e-31,3.4375653305661033e-31,3.4375653305661033e-31,3.4375653305661025e-31,3.4375653305661025e-31,3.4375653305661025e-31,3.4375653305661025e-31,3.4375653305661025e-31,3.437565330566103e-31,3.437565330566103e-31,3.4375653305661025e-31,3.4375653305661025e-31,3.4375653305661025e-31,3.4375653305661025e-31,3.4375653305647756e-31,3.437565330564775e-31,3.437565330564775e-31,3.437565330564775e-31,3.4375653305647756e-31,3.437565330564775e-31,3.437565330564775e-31,3.437565330564775e-31,3.437565330564775e-31,3.4375653305647747e-31,3.437565330564023e-31,3.437565330564023e-31,3.437565330564023e-31,3.437565330564023e-31,3.437565330564023e-31,3.437565330564023e-31,3.4375653305675086e-31,3.4375653305675095e-31,3.4375653305603063e-31,3.4375653305603068e-31,3.4375653305603063e-31,3.4375653305603063e-31,3.4375653305677788e-31,3.437565330567778e-31,3.437565330567779e-31,3.4375653305677788e-31,3.4375653305569647e-31,3.4375653305569647e-31,3.4375653305569647e-31,3.4375653305569647e-31,3.4375653305569647e-31,3.4375653305569634e-31,3.4375653305569642e-31,3.4375653305569642e-31,3.437565330551145e-31,3.437565330551145e-31,3.437565330551145e-31,3.4375653305511453e-31,3.4375653305511453e-31,3.4375653305511453e-31,3.4375653305511453e-31,3.437565330555046e-31,3.437565330555047e-31,3.437565330555047e-31,3.437565330555046e-31,3.43756533055502e-31,3.43756533055502e-31,3.4375653305550204e-31,3.4375653305550204e-31,3.4375653305550204e-31,3.4375653305550204e-31,3.4375653305504338e-31,3.4375653305504324e-31,3.437565330550432e-31,3.4375653305106036e-31,3.4375653305134653e-31,3.437565330513466e-31,3.4375653305134653e-31,3.4375653305134653e-31,3.4375653305143845e-31,3.437565330522808e-31,3.437565330523157e-31,3.437565330520301e-31,3.437565330520301e-31,3.4375653305203015e-31,3.437565330520302e-31,3.437565330520301e-31,3.4375653305203015e-31,3.4375653305203015e-31,3.437565330521659e-31,3.43756533052166e-31,3.4375653305172817e-31,3.4375653305172817e-31,3.4375653305172817e-31,3.4375653305172817e-31,3.437565330508675e-31,3.437565330517066e-31,3.437565330517066e-31,3.4375653305170666e-31,3.4375653305170666e-31,3.437565330518397e-31,3.4375653305066747e-31,3.437565330516896e-31,3.4375653305168963e-31,3.437565330516895e-31,3.4375653305168954e-31,3.4375653306076667e-31,3.4375653306076667e-31,3.437565330607667e-31,3.4375653306076667e-31,3.437565330607667e-31,3.437565330607667e-31,3.437565330607667e-31,3.437565330607667e-31,3.437565330607667e-31,3.437565330607667e-31,3.4375653306076676e-31,3.4375653306076667e-31,3.437565330607667e-31,3.437565330607667e-31,3.437565330607667e-31,3.4375653306076676e-31,3.4375653306076676e-31,3.4375653306076676e-31,3.4375653305803532e-31,3.4375653305672782e-31,3.4375653305672782e-31,3.4375653305672782e-31,3.4375653305672782e-31,3.4375653305672787e-31,3.4375653305672787e-31,3.437565330567278e-31,3.437565330567278e-31,3.437565330612492e-31,3.437565330612492e-31,3.437565330612492e-31,3.437565330612492e-31,3.437565330612492e-31,3.437565330612492e-31,3.437565330612492e-31,3.437565330626517e-31,3.437565330626517e-31,3.4375653306348567e-31,3.4375653306348567e-31,3.437565330634857e-31,3.4375653306348576e-31,3.437565330634857e-31,3.437565330634857e-31,3.437565330634857e-31,3.437565330634857e-31,3.437565330634857e-31,3.437565330634857e-31,3.437565330634857e-31,3.4375653306412777e-31,3.4375653305794643e-31,3.4375653305285e-31,3.437565330528501e-31,3.437565330522236e-31,3.437565330522236e-31,3.437565330522237e-31,3.437565330526435e-31,3.4375653305343315e-31,3.4375653305343324e-31,3.4375653305343324e-31,3.4375653305343315e-31,3.4375653305343315e-31,3.4375653305343315e-31,3.4375653305343315e-31,3.437565330534333e-31,3.4375653304282024e-31,3.437565330428203e-31,3.437565330428203e-31,3.4375653304282024e-31,3.4375653304017774e-31,3.437565330401777e-31,3.437565330401778e-31,3.437565330401778e-31,3.437565330401778e-31,3.437565330401778e-31,3.437565330401777e-31,3.437565330401778e-31,3.4375653304017774e-31,3.437565330401778e-31,3.437565330401778e-31,3.437565330401778e-31,3.437565330401777e-31,3.437565330401777e-31,3.437565330401777e-31,3.4375653304017774e-31,3.4375653304017774e-31,3.437565330401777e-31,3.437565330401777e-31,3.437565330401777e-31,3.437565330401777e-31,3.4375653304017783e-31,3.437565330299162e-31,3.4375653302987203e-31,3.43756533029872e-31,3.43756533029872e-31,3.4375653302987207e-31,3.43756533029872e-31,3.4375653302987203e-31,3.4375653302987203e-31,3.4375653302987203e-31,3.4375653302987207e-31,3.4375653302987203e-31,3.4375653302987203e-31,3.4375653302987203e-31,3.4375653302987203e-31,3.4375653302987203e-31,3.4375653302987203e-31,3.4375653302987203e-31,3.4375653302987203e-31,3.4375653302985714e-31,3.4375653302985722e-31,3.4375653302985722e-31,3.4375653302985722e-31,3.4375653302985722e-31,3.437565330298572e-31,3.437565330298572e-31,3.437565330298572e-31,3.437565330304436e-31,3.4375653303044367e-31,3.437565330304436e-31,3.437565330304437e-31,3.4375653303044362e-31,3.4375653303044367e-31,3.4375653303044367e-31,3.437565330303732e-31,3.4375653303374035e-31,3.4375653303618597e-31,3.4375653303618597e-31,3.4375653303979015e-31,3.4375653303979015e-31,3.437565330397901e-31,3.4375653303979015e-31,3.4375653303979015e-31,3.4375653303979015e-31,3.4375653303979015e-31,3.4375653303979015e-31,3.4375653303979015e-31,3.4375653303979015e-31,3.4375653303979015e-31,3.4375653303956997e-31,3.4375653303958517e-31,3.4375653303958513e-31,3.437565330382566e-31,3.437565330382566e-31,3.437565330374276e-31,3.437565330374276e-31,3.437565330374276e-31,3.437565330374276e-31,3.4375653304557712e-31,3.437565330523509e-31,3.437565330523509e-31,3.437565330523509e-31,3.4375653305235096e-31,3.43756533052351e-31,3.437565330523509e-31,3.43756533052351e-31,3.43756533052351e-31,3.4375653305170474e-31,3.437565330517048e-31,3.4375653305170474e-31,3.4375653305170474e-31,3.4375653305170483e-31,3.437565330517047e-31,3.4375653305170483e-31,3.4375653305170483e-31,3.437565330517047e-31,3.437565330517048e-31,3.437565330517048e-31,3.437565330517048e-31,3.437565330468823e-31,3.437565330468823e-31,3.4375653304669623e-31,3.4375653304669623e-31,3.4375653304669623e-31,3.437565330466962e-31,3.437565330466962e-31,3.437565330477979e-31,3.4375653304779796e-31,3.4375653304779796e-31,3.4375653304779796e-31,3.4375653304779796e-31,3.437565330477979e-31,3.4375653304779783e-31,3.4375653304779783e-31,3.4375653304779796e-31,3.43756533047798e-31,3.43756533047798e-31,3.43756533047798e-31,3.4375653304779796e-31,3.4375653304779796e-31,3.437565330496201e-31,3.437565330496201e-31,3.437565330496201e-31,3.437565330496201e-31,3.437565330496202e-31,3.437565330496201e-31,3.437565330496201e-31,3.437565330496202e-31,3.437565330496202e-31,3.4375653304816033e-31,3.4375653304816033e-31,3.4375653304816037e-31,3.4375653304816037e-31,3.4375653304816037e-31,3.4375653304816037e-31,3.4375653304815017e-31,3.437565330480477e-31,3.437565330480477e-31,3.437565330480477e-31,3.437565330480477e-31,3.437565330480477e-31,3.437565330480477e-31,3.437565330480477e-31,3.4375653304883453e-31,3.437565330487627e-31,3.4375653304876276e-31,3.4375653304876276e-31,3.4375653304876276e-31,3.437565330487628e-31,3.4375653303856056e-31,3.4375653303856056e-31,3.4375653303856056e-31,3.437565330385605e-31,3.437565330385605e-31,3.437565330385605e-31,3.4375653303856047e-31,3.4375653303856047e-31,3.4375653303850486e-31,3.4375653303850486e-31,3.437565330385049e-31,3.437565330385048e-31,3.4375653303857387e-31,3.4375653303896996e-31,3.4375653303897e-31,3.4375653303897004e-31,3.4375653303897e-31,3.4375653303897004e-31,3.4375653303897004e-31,3.4375653303897004e-31,3.437565330387506e-31,3.437565330381312e-31,3.437565330381312e-31,3.437565330381313e-31,3.437565330381313e-31,3.437565330381313e-31,3.4375653303813124e-31,3.4375653303813124e-31,3.437565330381313e-31,3.4375653303743934e-31,3.4375653303743943e-31,3.437565330374394e-31,3.4375653303743943e-31,3.4375653303743943e-31,3.437565330365547e-31,3.437565330365547e-31,3.437565330365547e-31,3.4375653303646154e-31,3.437565330364616e-31,3.437565330364616e-31,3.437565330361369e-31,3.437565330361369e-31,3.4375653303613693e-31,3.4375653303613693e-31,3.437565330361369e-31,3.437565330361369e-31,3.4375653303385798e-31,3.4375653303381624e-31,3.4375653303381624e-31,3.4375653303381624e-31,3.4375653303381616e-31,3.437565330338163e-31,3.4375653303591495e-31,3.4375653303591495e-31,3.43756533035915e-31,3.43756533035915e-31,3.43756533035915e-31,3.43756533035915e-31,3.4375653303591495e-31,3.4375653303591495e-31,3.4375653303591495e-31,3.43756533035915e-31,3.43756533035915e-31,3.4375653303591495e-31,3.4375653303591495e-31,3.4375653303591513e-31,3.4375653303591504e-31,3.4375653303591504e-31,3.4375653303591504e-31,3.4375653303576606e-31,3.4375653303576598e-31,3.4375653303611783e-31,3.4375653303611788e-31,3.4375653303611788e-31,3.4375653303611788e-31,3.4375653303611788e-31,3.4375653303611788e-31,3.4375653303584848e-31,3.437565330358485e-31,3.437565330292785e-31,3.437565330292785e-31,3.437565330296679e-31,3.437565330296679e-31,3.43756533029668e-31,3.437565330296679e-31,3.437565330296071e-31,3.4375653303339156e-31,3.437565330333915e-31,3.437565330336445e-31,3.437565330336445e-31,3.4375653303364445e-31,3.437565330336445e-31,3.437565330336445e-31,3.4375653303355893e-31,3.4375653303355893e-31,3.4375653303355893e-31,3.43756533033606e-31,3.43756533033606e-31,3.43756533033606e-31,3.43756533033606e-31,3.4375653303360605e-31,3.4375653303360605e-31,3.43756533033606e-31,3.4375653303360605e-31,3.4375653303360605e-31,3.4375653303501615e-31,3.4375653303501615e-31,3.4375653303501615e-31,3.4375653303501615e-31,3.437565330350162e-31,3.437565330350162e-31,3.437565330350161e-31,3.4375653303732965e-31,3.4375653303732965e-31,3.4375653303885356e-31,3.4375653303885356e-31,3.437565330473191e-31,3.437565330401839e-31,3.437565330401839e-31,3.437565330401839e-31,3.4375653304336128e-31,3.4375653304336128e-31,3.4375653304336128e-31,3.4375653304336128e-31,3.4375653304336128e-31,3.437565330425286e-31,3.437565330439577e-31,3.437565330439577e-31,3.4375653304411106e-31,3.437565330456384e-31,3.4375653304740897e-31,3.43756533047409e-31,3.4375653304740897e-31,3.43756533047409e-31,3.4375653304730225e-31,3.4375653304730225e-31,3.437565330473024e-31,3.437565330473024e-31,3.437565330473024e-31,3.437565330474883e-31,3.437565330474883e-31,3.437565330475116e-31,3.437565330475116e-31,3.437565330475116e-31,3.437565330511201e-31,3.4375653305427314e-31,3.4375653305427314e-31,3.4375653305427314e-31,3.4375653305353207e-31,3.4375653305372594e-31,3.4375653305372594e-31,3.4375653305371845e-31,3.437565330492702e-31,3.4375653304927024e-31,3.4375653304934232e-31,3.437565330493422e-31,3.4375653304934224e-31,3.437565330493422e-31,3.4375653305345697e-31,3.437565330566638e-31,3.4375653305684185e-31,3.437565330568419e-31,3.4375653305684185e-31,3.437565330568419e-31,3.4375653305684566e-31,3.4375653305684566e-31,3.437565330568456e-31,3.4375653305684558e-31,3.4375653305684566e-31,3.4375653305684566e-31,3.4375653305684566e-31,3.4375653305684566e-31,3.4375653305684566e-31,3.4375653305684566e-31,3.4375653305684566e-31,3.4375653305684566e-31,3.4375653305480927e-31,3.4375653305480927e-31,3.4375653305480927e-31,3.437565330547802e-31,3.437565330547802e-31,3.437565330547802e-31,3.437565330547802e-31,3.437565330547802e-31,3.437565330547802e-31,3.437565330547802e-31,3.437565330547802e-31,3.437565330547802e-31,3.437565330547802e-31,3.4375653305476916e-31,3.4375653305478195e-31,3.437565330547807e-31,3.437565330547807e-31,3.437565330547807e-31,3.4375653305308002e-31,3.4375653305308007e-31,3.4375653305308007e-31,3.4375653305308007e-31,3.4375653305308002e-31,3.4375653305308e-31,3.4375653305308e-31,3.4375653305308002e-31,3.4375653305308002e-31,3.4375653305308007e-31,3.4375653305308007e-31,3.4375653305308002e-31,3.4375653305308002e-31,3.4375653305308002e-31,3.4375653305308002e-31,3.4375653305308002e-31,3.4375653305384417e-31,3.4375653305384417e-31,3.4375653305384417e-31,3.4375653305384417e-31,3.4375653305384417e-31,3.437565330427227e-31,3.437565330427227e-31,3.4375653303908683e-31,3.4375653303908683e-31,3.437565330390868e-31,3.4375653303908688e-31,3.4375653303908688e-31,3.4375653303908688e-31,3.4375653303908696e-31,3.4375653303908696e-31,3.437565330391103e-31,3.437565330391103e-31,3.437565330391103e-31,3.437565330391103e-31,3.437565330391102e-31,3.437565330391103e-31,3.437565330391102e-31,3.437565330391103e-31,3.437565330391103e-31,3.4375653303911026e-31,3.437565330391103e-31,3.437565330391103e-31,3.437565330391103e-31,3.4375653303911035e-31,3.437565330391103e-31,3.437565330391103e-31,3.4375653303911035e-31,3.437565330391104e-31,3.4375653303911096e-31,3.4375653303817468e-31,3.4375653303817468e-31,3.437565330377257e-31,3.437565330377257e-31,3.437565330377257e-31,3.437565330377257e-31,3.437565330377257e-31,3.437565330377257e-31,3.437565330376509e-31,3.43756533037651e-31,3.4375653303765107e-31,3.4375653303765107e-31,3.4375653303765107e-31,3.43756533037651e-31,3.4375653303764004e-31,3.437565330376399e-31,3.437565330376399e-31,3.4375653303764012e-31,3.4375653303764012e-31,3.437565330376401e-31,3.437565330376399e-31,3.437565330376401e-31,3.437565330376401e-31,3.437565330362033e-31,3.437565330362033e-31,3.437565330362033e-31,3.437565330362033e-31,3.4375653303620327e-31,3.4375653303620327e-31,3.4375653303620327e-31,3.4375653303620327e-31,3.4375653303620327e-31,3.437565330362033e-31,3.437565330362033e-31,3.437565330362033e-31,3.4375653303620344e-31,3.4375653303620344e-31,3.4375653303620344e-31,3.4375653303620344e-31,3.4375653303620344e-31,3.437565330362035e-31,3.4375653303620344e-31,3.437565330362035e-31,3.4375653303620336e-31,3.43756533036212e-31,3.4375653303621203e-31,3.43756533036212e-31,3.43756533036212e-31,3.4375653303621203e-31,3.43756533036212e-31,3.4375653303621203e-31,3.43756533036212e-31,3.4375653303621203e-31,3.4375653303621203e-31,3.4375653303767078e-31,3.4375653303767078e-31,3.437565330383375e-31,3.437565330383375e-31,3.437565330383375e-31,3.437565330383375e-31,3.4375653303943536e-31,3.4375653303943528e-31,3.437565330390838e-31,3.437565330390838e-31,3.437565330390838e-31,3.4375653303951694e-31,3.4375653303951694e-31,3.4375653303951694e-31,3.4375653303951694e-31,3.4375653303951694e-31,3.43756533039517e-31,3.4375653303951703e-31,3.4375653303951703e-31,3.4375653303951703e-31,3.4375653303693553e-31,3.437565330369696e-31,3.4375653303696973e-31,3.437565330369696e-31,3.4375653303696965e-31,3.437565330369696e-31,3.437565330369696e-31,3.4375653303696965e-31,3.4375653303696965e-31,3.4375653303696965e-31,3.4375653303696965e-31,3.4375653303696965e-31,3.437565330369696e-31,3.4375653303696973e-31,3.437565330369696e-31,3.4375653303696973e-31,3.4375653303696965e-31,3.4375653303696965e-31,3.4375653303696973e-31,3.4375653303696965e-31,3.437565330360191e-31,3.43756533036018e-31,3.43756533036018e-31,3.437565330376797e-31,3.437565330376798e-31,3.437565330376798e-31,3.437565330376798e-31,3.437565330376797e-31,3.437565330376798e-31,3.437565330376797e-31,3.437565330376798e-31,3.437565330376798e-31,3.437565330378902e-31,3.437565330378902e-31,3.437565330378902e-31,3.4375653303789017e-31,3.4375653303789017e-31,3.4375653303789017e-31,3.437565330378902e-31,3.437565330378902e-31,3.437565330378902e-31,3.4375653303789012e-31,3.4375653303789017e-31,3.4375653303789017e-31,3.4375653303789012e-31,3.4375653303772184e-31,3.4375653303772184e-31,3.4375653303772184e-31,3.437565330377219e-31,3.4375653303772184e-31,3.4375653303772184e-31,3.437565330375061e-31,3.4375653303750612e-31,3.4375653303750612e-31,3.4375653303750612e-31,3.4375653303750612e-31,3.4375653303750612e-31,3.4375653303750612e-31,3.4375653303750612e-31,3.437565330375061e-31,3.437565330375061e-31,3.437565330375061e-31,3.437565330375061e-31,3.437565330375061e-31,3.4375653303750612e-31,3.437565330375061e-31,3.437565330391059e-31,3.437565330391059e-31,3.437565330391059e-31,3.437565330391059e-31,3.437565330391059e-31,3.437565330391059e-31,3.437565330391059e-31,3.437565330391059e-31,3.437565330391059e-31,3.437565330391059e-31,3.4375653303910593e-31,3.4375653303910593e-31,3.4375653303910593e-31,3.437565330391059e-31,3.4375653304013076e-31,3.4375653304816576e-31,3.4375653304816576e-31,3.4375653304816576e-31,3.437565330481658e-31,3.437565330481658e-31,3.437565330481658e-31,3.437565330481658e-31,3.4375653304816563e-31,3.437565330473766e-31,3.437565330473766e-31,3.437565330473766e-31,3.4375653304737665e-31,3.437565330473766e-31,3.437565330473711e-31,3.437565330478054e-31,3.4375653304780554e-31,3.437565330478054e-31,3.4375653304796253e-31,3.4375653304796253e-31,3.4375653304796253e-31,3.4375653304796253e-31,3.4375653304791204e-31,3.437565330492101e-31,3.4375653304923018e-31,3.437565330492302e-31,3.437565330492302e-31,3.4375653304923018e-31,3.437565330492302e-31,3.437565330492094e-31,3.437565330492094e-31,3.437565330492094e-31,3.437565330492094e-31,3.437565330453375e-31,3.437565330453374e-31,3.437565330453375e-31,3.437565330453375e-31,3.437565330453375e-31,3.437565330453375e-31,3.4375653304533746e-31,3.437565330453375e-31,3.437565330453375e-31,3.4375653304533746e-31,3.4375653304533746e-31,3.437565330453375e-31,3.437565330453375e-31,3.437565330453375e-31,3.437565330453374e-31,3.437565330453375e-31,3.437565330453375e-31,3.437565330453375e-31,3.437565330453375e-31,3.437565330453375e-31,3.437565330455171e-31,3.437565330455171e-31,3.437565330455171e-31,3.4375653304300832e-31,3.4375653304320696e-31,3.4375653304320696e-31,3.4375653304320696e-31,3.4375653304320696e-31,3.4375653304320696e-31,3.4375653304320696e-31,3.437565330432069e-31,3.4375653304320687e-31,3.4375653304320687e-31,3.4375653304320687e-31,3.4375653304321615e-31,3.4375653304296484e-31,3.4375653304296493e-31,3.4375653304296493e-31,3.437565330430287e-31,3.437565330430287e-31,3.437565330430556e-31,3.437565330446068e-31,3.4375653304460672e-31,3.4375653304190327e-31,3.4375653304190327e-31,3.4375653304190327e-31,3.4375653304190327e-31,3.4375653304190327e-31,3.4375653304190327e-31,3.4375653304190327e-31,3.4375653304190327e-31,3.4375653304190327e-31,3.4375653304190322e-31,3.437565330419032e-31,3.437565330419032e-31,3.4375653304290498e-31,3.43756533042905e-31,3.437565330422105e-31,3.4375653304215664e-31,3.437565330421567e-31,3.437565330421567e-31,3.437565330420952e-31,3.4375653304209516e-31,3.4375653304209516e-31,3.437565330420952e-31,3.4375653304209516e-31,3.437565330420952e-31,3.4375653304209516e-31,3.4375653303913584e-31,3.437565330391358e-31,3.4375653303913662e-31,3.437565330391365e-31,3.437565330391365e-31,3.437565330391365e-31,3.437565330391363e-31,3.437565330391365e-31,3.437565330391364e-31,3.437565330391363e-31,3.437565330391365e-31,3.437565330391365e-31,3.437565330391363e-31,3.437565330391359e-31,3.437565330391358e-31,3.4375653303913592e-31,3.4375653303913575e-31,3.4375653303913592e-31,3.4375653303913584e-31,3.4375653303913592e-31,3.4375653303913575e-31,3.4375653303913597e-31,3.437565330391362e-31,3.437565330392061e-31,3.437565330392061e-31,3.4375653303920533e-31,3.4375653303920533e-31,3.4375653303920533e-31,3.4375653303920524e-31,3.4375653303933762e-31,3.4375653303933762e-31,3.43756533039566e-31,3.43756533039566e-31,3.43756533039566e-31,3.43756533039566e-31,3.43756533039566e-31,3.43756533039566e-31,3.43756533039566e-31,3.43756533039566e-31,3.43756533039566e-31,3.43756533039566e-31,3.43756533039566e-31,3.43756533039566e-31,3.4375653303956595e-31,3.4375653303956595e-31,3.437565330393142e-31,3.4375653303931424e-31,3.4375653303931424e-31,3.4375653303931424e-31,3.4375653303931424e-31,3.4375653303931424e-31,3.4375653303931424e-31,3.4375653303931424e-31,3.4375653303931424e-31,3.4375653303931424e-31,3.4375653303931424e-31,3.4375653303950166e-31,3.4375653303950166e-31,3.4375653303950157e-31,3.4375653303950127e-31,3.437565330395133e-31,3.4375653303951335e-31,3.4375653303951335e-31,3.437565330394728e-31,3.43756533039472e-31,3.4375653303950206e-31,3.4375653303917757e-31,3.4375653303917757e-31,3.4375653303917766e-31,3.437565330391775e-31,3.437565330391775e-31,3.437565330391775e-31,3.437565330391775e-31,3.437565330391775e-31,3.437565330391775e-31,3.4375653303915664e-31,3.437565330403314e-31,3.437565330403314e-31,3.437565330403314e-31,3.437565330403313e-31,3.437565330403388e-31,3.437565330403389e-31,3.437565330403389e-31,3.437565330403391e-31,3.4375653304033894e-31,3.4375653304035877e-31,3.4375653304035877e-31,3.4375653304035877e-31,3.437565330403587e-31,3.437565330407036e-31,3.4375653304088115e-31,3.4375653304088106e-31,3.4375653304088947e-31,3.4375653304088947e-31,3.4375653304088947e-31,3.4375653304088947e-31,3.4375653304088947e-31,3.437565330408894e-31,3.4375653304088956e-31,3.4375653304088925e-31,3.4375653304088925e-31,3.437565330408891e-31,3.4375653304088925e-31,3.4375653304088925e-31,3.4375653304088903e-31,3.4375653304088903e-31,3.4375653304088903e-31,3.4375653304088903e-31,3.4375653304088903e-31,3.437565330408891e-31,3.4375653304088895e-31,3.437565330408888e-31,3.4375653304088903e-31,3.437565330409203e-31,3.4375653304092034e-31,3.4375653304092034e-31,3.4375653304092043e-31,3.4375653304092043e-31,3.437565330409204e-31,3.437565330409204e-31,3.437565330409204e-31,3.4375653304092043e-31,3.437565330409204e-31,3.437565330409204e-31,3.437565330409204e-31,3.437565330409204e-31,3.437565330409203e-31,3.4375653304092048e-31,3.4375653304092048e-31,3.4375653304092048e-31,3.437565330409204e-31,3.437565330409204e-31,3.4375653303968295e-31,3.4375653303968295e-31,3.4375653303968282e-31,3.437565330396829e-31,3.43756533039683e-31,3.4375653303968295e-31,3.437565330393642e-31,3.437565330393642e-31,3.437565330393642e-31,3.437565330393643e-31,3.4375653303936416e-31,3.437565330393642e-31,3.437565330393642e-31,3.43756533038896e-31,3.437565330387551e-31,3.437565330387551e-31,3.4375653303875508e-31,3.437565330387551e-31,3.4375653303875473e-31,3.437565330387548e-31,3.437565330387548e-31,3.4375653303873007e-31,3.4375653303873007e-31,3.4375653303873007e-31,3.437565330387302e-31,3.437565330387302e-31,3.437565330387302e-31,3.437565330387302e-31,3.437565330387302e-31,3.4375653303877093e-31,3.4375653303877097e-31,3.4375653303877093e-31,3.4375653303877084e-31,3.4375653303877084e-31,3.4375653303877084e-31,3.4375653303877084e-31,3.4375653303877084e-31,3.4375653303877097e-31,3.4375653303811245e-31,3.437565330381124e-31,3.437565330381124e-31,3.437565330381124e-31,3.4375653303811227e-31,3.4375653303811227e-31,3.4375653303811245e-31,3.4375653303811245e-31,3.437565330381128e-31,3.437565330381128e-31,3.437565330381128e-31,3.4375653303811276e-31,3.4375653303823204e-31,3.4375653303855736e-31,3.4375653303855736e-31,3.4375653303851204e-31,3.4375653303855535e-31,3.4375653303855535e-31,3.4375653303855535e-31,3.4375653303855535e-31,3.4375653303855535e-31,3.4375653303855543e-31,3.4375653303855535e-31,3.4375653303855543e-31,3.4375653303855543e-31,3.4375653303855543e-31,3.4375653303855535e-31,3.4375653303855552e-31,3.4375653303855552e-31,3.4375653303855543e-31,3.4375653303855552e-31,3.4375653303855543e-31,3.4375653303855557e-31,3.4375653303855543e-31,3.4375653303855557e-31,3.4375653303855557e-31,3.4375653303855543e-31,3.4375653303855557e-31,3.4375653303855543e-31,3.437565330387153e-31,3.437565330387153e-31,3.4375653303871523e-31,3.4375653303871527e-31,3.4375653303871523e-31,3.4375653303871523e-31,3.4375653303869175e-31,3.4375653303777504e-31,3.43756533037775e-31,3.4375653303777504e-31,3.43756533037775e-31,3.4375653303777504e-31,3.437565330379962e-31,3.4375653303812007e-31,3.4375653303816014e-31,3.4375653303816014e-31,3.4375653303843054e-31,3.437565330384571e-31,3.4375653303845704e-31,3.437565330384571e-31,3.4375653303845712e-31,3.437565330384571e-31,3.437565330384571e-31,3.437565330385448e-31,3.437565330385448e-31,3.437565330385448e-31,3.437565330385448e-31,3.437565330385448e-31,3.4375653303854484e-31,3.437565330385448e-31,3.4375653303854475e-31,3.437565330385448e-31,3.4375653303854484e-31,3.4375653303854475e-31,3.4375653303854484e-31,3.4375653303854563e-31,3.4375653303854563e-31,3.437565330385457e-31,3.437565330385457e-31,3.437565330385457e-31,3.437565330374771e-31,3.437565330374772e-31,3.437565330374772e-31,3.4375653303747714e-31,3.437565330374022e-31,3.437565330373948e-31,3.437565330373948e-31,3.437565330374043e-31,3.437565330374107e-31,3.437565330374107e-31,3.4375653303741075e-31,3.437565330373815e-31,3.4375653303774062e-31,3.4375653303774062e-31,3.4375653303774062e-31,3.437565330377407e-31,3.437565330377322e-31,3.437565330377021e-31,3.4375653303770187e-31,3.4375653303770187e-31,3.437565330377018e-31,3.437565330377018e-31,3.437565330377018e-31,3.4375653303770187e-31,3.437565330377018e-31,3.4375653303770174e-31,3.4375653303770174e-31,3.4375653303830994e-31,3.4375653303830994e-31,3.4375653303831e-31,3.4375653303833302e-31,3.437565330383331e-31,3.437565330383249e-31,3.437565330383249e-31,3.437565330383249e-31,3.4375653303832505e-31,3.4375653303832505e-31,3.4375653303832505e-31,3.4375653303832505e-31,3.4375653303832505e-31,3.4375653303832505e-31,3.4375653303956564e-31,3.437565330395979e-31,3.4375653303965094e-31,3.4375653303965094e-31,3.437565330395577e-31,3.437565330397602e-31,3.4375653303976016e-31,3.437565330371995e-31,3.437565330371995e-31,3.4375653303719955e-31,3.437565330371996e-31,3.4375653303726344e-31,3.4375653303726357e-31,3.437565330372636e-31,3.437565330372637e-31,3.4375653303726366e-31,3.437565330372636e-31,3.437565330372636e-31,3.4375653303726024e-31,3.4375653303726024e-31,3.437565330372601e-31,3.4375653303726024e-31,3.437565330372601e-31,3.437565330372601e-31,3.4375653303726024e-31,3.437565330372098e-31,3.437565330372098e-31,3.4375653303720975e-31,3.437565330372098e-31,3.4375653303720975e-31,3.437565330372098e-31,3.4375653303723178e-31,3.4375653303723165e-31,3.4375653303734664e-31,3.437565330373466e-31,3.437565330373676e-31,3.4375653303736766e-31,3.4375653303736753e-31,3.437565330376819e-31,3.437565330376819e-31,3.437565330376819e-31,3.437565330376819e-31,3.437565330376819e-31,3.437565330375492e-31,3.437565330375492e-31,3.437565330376146e-31,3.437565330376147e-31,3.437565330376147e-31,3.4375653303747144e-31,3.437565330374715e-31,3.437565330375103e-31,3.437565330375103e-31,3.4375653303751024e-31,3.4375653303749675e-31,3.4375653303749675e-31,3.437565330374913e-31,3.4375653303749124e-31,3.4375653303756156e-31,3.437565330374425e-31,3.437565330373316e-31,3.437565330373315e-31,3.437565330373174e-31,3.437565330372885e-31,3.4375653303728853e-31,3.4375653303677005e-31,3.4375653303677e-31,3.4375653303677005e-31,3.437565330371869e-31,3.4375653303718685e-31,3.4375653303718685e-31,3.4375653303718694e-31,3.4375653303718694e-31,3.437565330371869e-31,3.4375653303718694e-31,3.4375653303718685e-31,3.4375653303718694e-31,3.4375653303718685e-31,3.4375653303718694e-31,3.4375653303718694e-31,3.437565330371869e-31,3.4375653303718694e-31,3.43756533037291e-31,3.437565330373047e-31,3.437565330373047e-31,3.4375653303725175e-31,3.4375653303725157e-31,3.437565330372516e-31,3.437565330372516e-31,3.437565330372516e-31,3.437565330372516e-31,3.437565330372516e-31,3.4375653303724785e-31,3.4375653303724785e-31,3.4375653303745025e-31,3.4375653303745025e-31,3.4375653303763045e-31,3.4375653303708582e-31,3.437565330370858e-31,3.437565330370198e-31,3.437565330373424e-31,3.4375653303761367e-31,3.437565330376065e-31,3.437565330376065e-31,3.437565330376065e-31,3.437565330375871e-31,3.437565330375871e-31,3.437565330375871e-31,3.437565330375871e-31,3.437565330385578e-31,3.437565330385578e-31,3.437565330385578e-31,3.437565330385578e-31,3.437565330385579e-31,3.4375653303891995e-31,3.437565330387272e-31,3.437565330394201e-31,3.437565330394201e-31,3.4375653303942485e-31,3.4375653303942485e-31,3.4375653303942485e-31,3.4375653303936836e-31,3.437565330393684e-31,3.4375653303936845e-31,3.437565330393684e-31,3.4375653303936836e-31,3.4375653303936836e-31,3.437565330393684e-31,3.437565330393762e-31,3.437565330393761e-31,3.437565330395718e-31,3.437565330395718e-31,3.4375653303957164e-31,3.437565330395718e-31,3.437565330395717e-31,3.437565330395718e-31,3.4375653303918282e-31,3.4375653303913675e-31,3.43756533038879e-31,3.437565330388793e-31,3.437565330399705e-31,3.437565330399707e-31,3.437565330399707e-31,3.437565330399707e-31,3.437565330423992e-31,3.437565330423992e-31,3.437565330423992e-31,3.437565330423992e-31,3.4375653304366523e-31,3.4375653304366514e-31,3.437565330436652e-31,3.437565330436652e-31,3.437565330436652e-31,3.437565330436652e-31,3.437565330436652e-31,3.437565330436652e-31,3.4375653304359954e-31,3.4375653304359954e-31,3.437565330435995e-31,3.4375653304378955e-31,3.4375653304378955e-31,3.4375653304378955e-31,3.4375653304378963e-31,3.437565330437178e-31,3.437565330437178e-31,3.437565330437178e-31,3.437565330437178e-31,3.437565330437178e-31,3.4375653304371773e-31,3.4375653304371764e-31,3.4375653304371756e-31,3.4375653304371756e-31,3.4375653304371756e-31,3.4375653304371756e-31,3.4375653304371756e-31,3.4375653304354134e-31,3.4375653304354143e-31,3.4375653304354143e-31,3.4375653304354134e-31,3.437565330435414e-31,3.437565330435415e-31,3.437565330435414e-31,3.437565330435415e-31,3.437565330435414e-31,3.437565330432828e-31,3.437565330432828e-31,3.4375653304328293e-31,3.437565330425307e-31,3.4375653304355908e-31,3.4375653304355895e-31,3.4375653304355908e-31,3.4375653304195647e-31,3.4375653304195647e-31,3.4375653304195647e-31,3.4375653304195656e-31,3.4375653304195656e-31,3.4375653304195656e-31,3.4375653304195656e-31,3.4375653304195656e-31,3.4375653304195656e-31,3.4375653304195656e-31,3.4375653304195665e-31,3.4375653304194e-31,3.4375653304194e-31,3.437565330425182e-31,3.4375653304251813e-31,3.43756533042518e-31,3.4375653304265546e-31,3.4375653304265546e-31,3.437565330426554e-31,3.437565330426554e-31,3.437565330426554e-31,3.4375653304265537e-31,3.4375653304265537e-31,3.4375653304265537e-31,3.437565330425693e-31,3.437565330425693e-31,3.437565330425693e-31,3.437565330425693e-31,3.437565330425693e-31,3.437565330426123e-31,3.4375653304261233e-31,3.437565330426439e-31,3.4375653304264407e-31,3.437565330426441e-31,3.437565330426441e-31,3.437565330426441e-31,3.437565330426437e-31,3.437565330426437e-31,3.4375653304264377e-31,3.4375653304264377e-31,3.437565330426438e-31,3.4375653304264377e-31,3.4375653304264377e-31,3.437565330426438e-31,3.4375653304264377e-31,3.437565330426437e-31,3.437565330426437e-31,3.437565330426437e-31,3.4375653304264377e-31,3.437565330426437e-31,3.437565330426437e-31,3.437565330426437e-31,3.437565330426437e-31,3.4375653304276607e-31,3.4375653304283684e-31,3.437565330428369e-31,3.4375653304283684e-31,3.437565330428368e-31,3.4375653304283693e-31,3.4375653304283693e-31,3.4375653304283693e-31,3.437565330428759e-31,3.437565330428758e-31,3.4375653304287594e-31,3.4375653304287594e-31,3.4375653304287594e-31,3.4375653304287594e-31,3.4375653304287594e-31,3.43756533042876e-31,3.43756533042876e-31,3.43756533042876e-31,3.4375653304602895e-31,3.4375653304602895e-31,3.43756533046029e-31,3.437565330460325e-31,3.437565330460325e-31,3.4375653304597286e-31,3.4375653304744418e-31,3.4375653304722382e-31,3.4375653304722382e-31,3.437565330470654e-31,3.4375653304598297e-31,3.4375653304598293e-31,3.437565330459337e-31,3.437565330459337e-31,3.4375653304584065e-31,3.4375653304584057e-31,3.4375653304584057e-31,3.4375653304542767e-31,3.4375653304406924e-31,3.4375653304406924e-31,3.4375653304547347e-31,3.4375653304547347e-31,3.437565330454736e-31,3.437565330454735e-31,3.4375653304547343e-31,3.4375653304547343e-31,3.4375653304547343e-31,3.4375653304525412e-31,3.437565330452541e-31,3.437565330452541e-31,3.4375653304525417e-31,3.437565330452043e-31,3.4375653304520433e-31,3.4375653304520433e-31,3.4375653304520425e-31,3.4375653304520433e-31,3.4375653304566913e-31,3.4375653304566913e-31,3.4375653304566913e-31,3.437565330456691e-31,3.437565330456691e-31,3.4375653304566913e-31,3.4375653304566917e-31,3.4375653304566913e-31,3.437565330456692e-31,3.4375653304566926e-31,3.4375653304566926e-31,3.437565330456694e-31,3.437565330456694e-31,3.437565330456694e-31,3.437565330456912e-31,3.437565330456912e-31,3.43756533045436e-31,3.43756533045436e-31,3.43756533045436e-31,3.43756533045436e-31,3.4375653304543594e-31,3.43756533045436e-31,3.43756533045436e-31,3.43756533045436e-31,3.43756533045436e-31,3.43756533045436e-31,3.43756533045436e-31,3.4375653304544242e-31,3.437565330454424e-31,3.437565330454424e-31,3.437565330454423e-31,3.437565330454423e-31,3.437565330454423e-31,3.437565330454423e-31,3.437565330454423e-31,3.437565330454423e-31,3.437565330454423e-31,3.437565330454423e-31,3.437565330454423e-31,3.4375653304544242e-31,3.437565330454423e-31,3.437565330451258e-31,3.437565330451259e-31,3.437565330451259e-31,3.43756533045126e-31,3.43756533045126e-31,3.43756533045126e-31,3.4375653304512595e-31,3.4375653304512595e-31,3.43756533045126e-31,3.4375653304512595e-31,3.4375653304512595e-31,3.437565330451259e-31,3.437565330451259e-31,3.437565330451259e-31,3.437565330450659e-31,3.4375653304506596e-31,3.437565330450661e-31,3.4375653304506596e-31,3.4375653304506582e-31,3.4375653304506582e-31,3.4375653304506582e-31,3.4375653304506587e-31,3.4375653304506587e-31,3.4375653304506582e-31,3.4375653304581083e-31,3.4375653304581083e-31,3.4375653304581083e-31,3.4375653304581083e-31,3.43756533045811e-31,3.437565330458109e-31,3.43756533045811e-31,3.4375653304581105e-31,3.4375653304581105e-31,3.4375653304583216e-31,3.4375653304583216e-31,3.437565330458321e-31,3.4375653304573337e-31,3.4375653304573337e-31,3.437565330457335e-31,3.437565330457328e-31,3.4375653304573293e-31,3.4375653304573293e-31,3.437565330457328e-31,3.4375653304573275e-31,3.4375653304573267e-31,3.4375653304573275e-31,3.4375653304573275e-31,3.4375653304573275e-31,3.437565330456255e-31,3.437565330456255e-31,3.4375653304562555e-31,3.437565330456255e-31,3.437565330444875e-31,3.4375653304446484e-31,3.4375653304446484e-31,3.4375653304446484e-31,3.4375653304446484e-31,3.4375653304446484e-31,3.4375653304446484e-31,3.4375653304446423e-31,3.4375653304494006e-31,3.4375653304494006e-31,3.4375653304494006e-31,3.437565330449399e-31,3.4375653304493997e-31,3.4375653304493997e-31,3.437565330449399e-31,3.437565330449398e-31,3.43756533044989e-31,3.43756533044989e-31,3.43756533044989e-31,3.4375653304498906e-31,3.43756533044989e-31,3.437565330450331e-31,3.4375653304503316e-31,3.4375653304503316e-31,3.4375653304503316e-31,3.4375653304503316e-31,3.4375653304503316e-31,3.4375653304503316e-31,3.4375653304503316e-31,3.437565330450333e-31,3.4375653304503333e-31,3.4375653304503333e-31,3.437565330450332e-31,3.437565330450333e-31,3.4375653304511544e-31,3.437565330451155e-31,3.437565330451155e-31,3.4375653304511544e-31,3.437565330451155e-31,3.4375653304511544e-31,3.4375653304511544e-31,3.437565330451154e-31,3.437565330451661e-31,3.4375653304519e-31,3.4375653304519e-31,3.4375653304518997e-31,3.437565330451907e-31,3.4375653304519067e-31,3.4375653304519067e-31,3.437565330451908e-31,3.437565330458907e-31,3.437565330458907e-31,3.437565330458909e-31,3.43756533046112e-31,3.43756533046112e-31,3.43756533046112e-31,3.4375653304611202e-31,3.437565330461121e-31,3.43756533046112e-31,3.4375653304611207e-31,3.4375653304611207e-31,3.4375653304611207e-31,3.4375653304611216e-31,3.4375653304482638e-31,3.4375653304483097e-31,3.4375653304483076e-31,3.4375653304478123e-31,3.4375653304478114e-31,3.437565330447836e-31,3.437565330447836e-31,3.4375653304478372e-31,3.4375653304478372e-31,3.4375653304478372e-31,3.4375653304478372e-31,3.4375653304478372e-31,3.4375653304354384e-31,3.4375653304354384e-31,3.4375653304354384e-31,3.4375653304354384e-31,3.4375653304354384e-31,3.4375653304354384e-31,3.4375653304354384e-31,3.4375653304354393e-31,3.4375653304354393e-31,3.4375653304354384e-31,3.437565330435035e-31,3.437565330435035e-31,3.437565330435036e-31,3.437565330435036e-31,3.437565330434874e-31,3.4375653304348735e-31,3.4375653304348735e-31,3.4375653304348735e-31,3.4375653304348735e-31,3.437565330434874e-31,3.437565330434873e-31,3.437565330434874e-31,3.4375653304348744e-31,3.4375653304348744e-31,3.43756533043807e-31,3.437565330438071e-31,3.43756533045179e-31,3.4375653304517902e-31,3.4375653304517902e-31,3.4375653304517902e-31,3.4375653304517902e-31,3.4375653304517902e-31,3.437565330453117e-31,3.4375653304531166e-31,3.4375653304531166e-31,3.437565330453117e-31,3.437565330453117e-31,3.4375653304531166e-31,3.437565330453117e-31,3.437565330453117e-31,3.437565330450005e-31,3.437565330450005e-31,3.437565330450006e-31,3.437565330450005e-31,3.4375653304500058e-31,3.4375653304500053e-31,3.4375653304500058e-31,3.437565330450399e-31,3.4375653304503986e-31,3.437565330450399e-31,3.437565330450399e-31,3.437565330450399e-31,3.4375653304503994e-31,3.4375653304503986e-31,3.4375653304503994e-31,3.4375653304503994e-31,3.437565330450399e-31,3.437565330459189e-31,3.437565330459189e-31,3.437565330459189e-31,3.43756533045919e-31,3.43756533045919e-31,3.43756533045919e-31,3.437565330459189e-31,3.43756533045919e-31,3.437565330459189e-31,3.437565330446487e-31,3.437565330446487e-31,3.437565330446487e-31,3.437565330446487e-31,3.437565330446998e-31,3.437565330446998e-31,3.437565330446997e-31,3.437565330446997e-31,3.437565330446997e-31,3.437565330446998e-31,3.437565330446997e-31,3.4375653304411623e-31,3.4375653304411623e-31,3.4375653304411627e-31,3.437565330441083e-31,3.4375653304410887e-31,3.4375653304410887e-31,3.437565330440632e-31,3.437565330411095e-31,3.4375653304110956e-31,3.437565330411095e-31,3.4375653304090257e-31,3.4375653304090243e-31,3.4375653304090252e-31,3.4375653304090257e-31,3.437565330410135e-31,3.4375653304101358e-31,3.4375653304132747e-31,3.4375653304132585e-31,3.4375653304132598e-31,3.4375653304132593e-31,3.4375653304036053e-31,3.4375653304036053e-31,3.437565330403605e-31,3.437565330387479e-31,3.437565330382541e-31,3.437565330382541e-31,3.4375653303829887e-31,3.437565330382989e-31,3.437565330382989e-31,3.4375653303829882e-31,3.4375653303829882e-31,3.4375653303829887e-31,3.4375653303829887e-31,3.4375653303829887e-31,3.437565330382989e-31,3.4375653303831086e-31,3.437565330332657e-31,3.437565330332635e-31,3.437565330332635e-31,3.4375653303326356e-31,3.4375653303326356e-31,3.437565330332635e-31,3.4375653303326356e-31,3.4375653303326356e-31,3.437565330332693e-31,3.437565330332694e-31,3.437565330332694e-31,3.437565330332694e-31,3.437565330332694e-31,3.4375653303334944e-31,3.437565330332946e-31,3.437565330332946e-31,3.437565330327787e-31,3.437565330327785e-31,3.437565330327785e-31,3.4375653303277854e-31,3.4375653303277863e-31,3.4375653303277854e-31,3.4375653303277845e-31,3.4375653303277836e-31,3.437565330327782e-31,3.4375653303304877e-31,3.4375653303304877e-31,3.4375653303304877e-31,3.4375653303304877e-31,3.4375653303304877e-31,3.437565330330488e-31,3.4375653303304877e-31,3.4375653303304877e-31,3.4375653303304877e-31,3.4375653303304877e-31,3.4375653303304877e-31,3.4375653303304877e-31,3.4375653303304877e-31,3.437565330330488e-31,3.4375653303304877e-31,3.437565330330488e-31,3.4375653303304877e-31,3.4375653303304886e-31,3.4375653303304877e-31,3.4375653303304877e-31,3.437565330330488e-31,3.4375653303304877e-31,3.437565330330423e-31,3.4375653303304216e-31,3.4375653303304233e-31,3.437565330330422e-31,3.4375653303304233e-31,3.4375653303304233e-31,3.4375653303304233e-31,3.4375653303243706e-31,3.4375653303243693e-31,3.4375653303243697e-31,3.43756533032437e-31,3.4375653303243693e-31,3.43756533032437e-31,3.4375653303243693e-31,3.4375653303243697e-31,3.4375653303243697e-31,3.437565330324364e-31,3.437565330324364e-31,3.437565330324364e-31,3.4375653303243653e-31,3.437565330324364e-31,3.4375653303232487e-31,3.4375653303232487e-31,3.437565330323195e-31,3.4375653303231944e-31,3.4375653303231953e-31,3.4375653303231953e-31,3.4375653303231953e-31,3.437565330323194e-31,3.4375653303231953e-31,3.437565330323195e-31,3.4375653303231944e-31,3.437565330323195e-31,3.4375653303231033e-31,3.437565330323103e-31,3.4375653303231033e-31,3.4375653303231033e-31,3.4375653303231037e-31,3.437565330323103e-31,3.4375653303231033e-31,3.4375653303231037e-31,3.4375653303231024e-31,3.4375653303231037e-31,3.4375653303231037e-31,3.4375653303231033e-31,3.4375653303231033e-31,3.4375653303231033e-31,3.4375653303231037e-31,3.4375653303231037e-31,3.4375653303231024e-31,3.4375653303231024e-31,3.4375653303231037e-31,3.437565330323103e-31,3.4375653303234685e-31,3.4375653303234685e-31,3.4375653303234694e-31,3.4375653303234685e-31,3.4375653303234694e-31,3.4375653303234685e-31,3.4375653303234685e-31,3.437565330323469e-31,3.4375653303234676e-31,3.4375653303234685e-31,3.4375653303234685e-31,3.4375653303235683e-31,3.4375653303234116e-31,3.437565330323413e-31,3.4375653303234125e-31,3.437565330323413e-31,3.437565330323413e-31,3.4375653303234125e-31,3.4375653303234125e-31,3.4375653303379956e-31,3.4375653303379965e-31,3.437565330338302e-31,3.4375653303383026e-31,3.437565330338539e-31,3.4375653303379737e-31,3.437565330337971e-31,3.437565330337972e-31,3.437565330337971e-31,3.437565330337971e-31,3.4375653303379724e-31,3.437565330337971e-31,3.437565330337972e-31,3.437565330337972e-31,3.437565330337972e-31,3.437565330337973e-31,3.437565330337973e-31,3.4375653303379737e-31,3.437565330337973e-31,3.437565330337973e-31,3.4375653303379737e-31,3.437565330337973e-31,3.437565330337972e-31,3.437565330337971e-31,3.437565330337971e-31,3.4375653303379724e-31,3.4375653303385285e-31,3.437565330338528e-31,3.437565330338528e-31,3.4375653303385285e-31,3.4375653303480236e-31,3.437565330349505e-31,3.4375653303494626e-31,3.4375653303672626e-31,3.437565330367263e-31,3.4375653303672635e-31,3.4375653303672635e-31,3.43756533036428e-31,3.4375653303639437e-31,3.4375653303646706e-31,3.43756533036467e-31,3.437565330364489e-31,3.437565330364669e-31,3.437565330364669e-31,3.437565330364669e-31,3.437565330364676e-31,3.437565330364676e-31,3.437565330364676e-31,3.437565330364676e-31,3.437565330364676e-31,3.437565330364676e-31,3.437565330364676e-31,3.437565330364676e-31,3.4375653303646754e-31,3.437565330364676e-31,3.437565330364676e-31,3.437565330364676e-31,3.437565330364676e-31,3.437565330364676e-31,3.437565330364676e-31,3.4375653303646768e-31,3.4375653303646768e-31,3.4375653303646768e-31,3.4375653303646768e-31,3.4375653303646768e-31,3.4375653303646763e-31,3.4375653303646763e-31,3.4375653303646763e-31,3.4375653303645603e-31,3.4375653303645603e-31,3.4375653303645607e-31,3.4375653303645616e-31,3.4375653303645603e-31,3.4375653303645603e-31,3.4375653303645603e-31,3.4375653303645603e-31,3.4375653303645603e-31,3.4375653303645603e-31,3.4375653303645616e-31,3.437565330364562e-31,3.437565330364562e-31,3.4375653303645603e-31,3.4375653303645603e-31,3.4375653303645607e-31,3.4375653304258553e-31,3.4375653304012064e-31,3.437565330352917e-31,3.4375653303529164e-31,3.4375653303529164e-31,3.4375653303529164e-31,3.4375653303529164e-31,3.437565330352917e-31,3.437565330352917e-31,3.4375653303529164e-31,3.4375653303529164e-31,3.4375653303529164e-31,3.4375653303529164e-31,3.437565330352917e-31,3.437565330352917e-31,3.4375653303531117e-31,3.4375653303531117e-31,3.4375653303531117e-31,3.4375653303468356e-31,3.4375653303468347e-31,3.437565330346938e-31,3.4375653303469385e-31,3.437565330346937e-31,3.437565330346726e-31,3.437565330346726e-31,3.437565330350492e-31,3.437565330350492e-31,3.437565330350492e-31,3.43756533034365e-31,3.4375653303447297e-31,3.4375653303447293e-31,3.4375653303447284e-31,3.4375653303447266e-31,3.4375653303447275e-31,3.4375653303447284e-31,3.4375653303447266e-31,3.4375653303447275e-31,3.4375653303447284e-31,3.4375653303447275e-31,3.4375653303447275e-31,3.4375653303447275e-31,3.437565330344728e-31,3.437565330344585e-31,3.43756533034386e-31,3.43756533034386e-31,3.4375653303438605e-31,3.4375653303438605e-31,3.43756533034386e-31,3.43756533034386e-31,3.437565330343861e-31,3.43756533034386e-31,3.43756533034386e-31,3.43756533034386e-31,3.43756533034386e-31,3.437565330343861e-31,3.437565330343861e-31,3.437565330348858e-31,3.437565330348858e-31,3.437565330348858e-31,3.4375653303488583e-31,3.4375653303488574e-31,3.4375653303488574e-31,3.437565330348145e-31,3.4375653303366052e-31,3.4375653303366044e-31,3.4375653303366044e-31,3.4375653303366044e-31,3.437565330336609e-31,3.437565330336609e-31,3.437565330336608e-31,3.4375653303366087e-31,3.4375653303366087e-31,3.4375653303372967e-31,3.4375653303372967e-31,3.4375653303372967e-31,3.4375653303373427e-31,3.4375653303373427e-31,3.437565330337345e-31,3.437565330337345e-31,3.437565330337345e-31,3.437565330337345e-31,3.437565330337345e-31,3.437565330337345e-31,3.4375653303373453e-31,3.437565330337345e-31,3.437565330337345e-31,3.437565330337345e-31,3.437565330337424e-31,3.4375653303369665e-31,3.4375653303369665e-31,3.4375653303369674e-31,3.4375653303369674e-31,3.4375653303369683e-31,3.4375653303369674e-31,3.4375653303369674e-31,3.4375653303369674e-31,3.4375653303369674e-31,3.4375653303369683e-31,3.4375653303369674e-31,3.4375653303369674e-31,3.437565330336968e-31,3.437565330336968e-31,3.437565330336968e-31,3.4375653303369674e-31,3.4375653303369674e-31,3.437565330336968e-31,3.437565330336968e-31,3.4375653303369674e-31,3.4375653303369674e-31,3.4375653303369674e-31,3.4375653303369674e-31,3.4375653303369674e-31,3.4375653303369674e-31,3.437565330336968e-31,3.4375653303369674e-31,3.4375653303369674e-31,3.4375653303369674e-31,3.4375653303369674e-31,3.4375653303370156e-31,3.4375653303370156e-31,3.437565330337016e-31,3.4375653303372043e-31,3.4375653303372043e-31,3.4375653303371417e-31,3.4375653303371434e-31,3.4375653303371417e-31,3.4375653303371417e-31,3.4375653303371417e-31,3.437565330337142e-31,3.4375653303371417e-31,3.4375653303371417e-31,3.4375653303371417e-31,3.4375653303371417e-31,3.4375653303371426e-31,3.4375653303371426e-31,3.4375653303371417e-31,3.4375653303371426e-31,3.437565330338855e-31,3.4375653303388534e-31,3.4375653303388534e-31,3.4375653303388534e-31,3.4375653303388534e-31,3.437565330338853e-31,3.4375653303390028e-31,3.4375653303255893e-31,3.4375653303366284e-31,3.437565330336628e-31,3.4375653303366284e-31,3.4375653303366276e-31,3.4375653303366284e-31,3.4375653303366284e-31,3.437565330336624e-31,3.437565330336624e-31,3.437565330336624e-31,3.437565330336624e-31,3.437565330336625e-31,3.437565330336625e-31,3.437565330336625e-31,3.437565330336262e-31,3.4375653303361406e-31,3.4375653303361406e-31,3.43756533033614e-31,3.43756533033614e-31,3.4375653303361743e-31,3.4375653303361743e-31,3.4375653303361743e-31,3.4375653303361735e-31,3.4375653303361743e-31,3.4375653303361743e-31,3.4375653303361743e-31,3.4375653303361743e-31,3.4375653303379724e-31,3.4375653303379724e-31,3.4375653303379724e-31,3.4375653303379724e-31,3.4375653303379724e-31,3.437565330337973e-31,3.4375653303379724e-31,3.4375653303379724e-31,3.4375653303379724e-31,3.4375653303379724e-31,3.4375653303379724e-31,3.4375653303379724e-31,3.437565330337973e-31,3.4375653303364704e-31,3.4375653303364712e-31,3.4375653303364704e-31,3.4375653303364704e-31,3.4375653303365636e-31,3.4375653303365623e-31,3.4375653303365636e-31,3.4375653303365636e-31,3.4375653303365636e-31,3.4375653303369525e-31,3.43756533033725e-31,3.4375653303321693e-31,3.4375653303322306e-31,3.43756533033223e-31,3.4375653303322306e-31,3.4375653303323597e-31,3.4375653303323597e-31,3.43756533033236e-31,3.4375653303323597e-31,3.4375653303310727e-31,3.437565330331072e-31,3.437565330331072e-31,3.4375653303310727e-31,3.4375653303311827e-31,3.437565330331182e-31,3.4375653303311827e-31,3.4375653303311756e-31,3.437565330331176e-31,3.4375653303311756e-31,3.437565330346359e-31,3.437565330346361e-31,3.437565330346362e-31,3.437565330346425e-31,3.437565330346425e-31,3.437565330346425e-31,3.437565330346425e-31,3.4375653303464253e-31,3.4375653303464244e-31,3.4375653303464244e-31,3.4375653303464244e-31,3.4375653303464244e-31,3.437565330346425e-31,3.4375653303464253e-31,3.4375653303464244e-31,3.4375653303464253e-31,3.4375653303464253e-31,3.4375653303464253e-31,3.4375653303464253e-31,3.4375653303464253e-31,3.4375653303464253e-31,3.4375653303464253e-31,3.4375653303464253e-31,3.437565330346426e-31,3.4375653303464266e-31,3.4375653303464266e-31,3.4375653303464266e-31,3.4375653303464266e-31,3.4375653303464257e-31,3.4375653303464257e-31,3.4375653303444954e-31,3.4375653303444963e-31,3.437565330344495e-31,3.4375653303444946e-31,3.4375653303444946e-31,3.4375653303444946e-31,3.4375653303444946e-31,3.4375653303444946e-31,3.4375653303444937e-31,3.4375653303444937e-31,3.4375653303444937e-31,3.4375653303445497e-31,3.4375653303445484e-31,3.4375653303445484e-31,3.4375653303451317e-31,3.4375653303451317e-31,3.437565330345133e-31,3.437565330345133e-31,3.437565330357593e-31,3.437565330357594e-31,3.4375653303575936e-31,3.4375653303575936e-31,3.4375653303571154e-31,3.4375653303579067e-31,3.4375653303579067e-31,3.4375653303579063e-31,3.4375653303579063e-31,3.4375653303640545e-31,3.437565330360821e-31,3.437565330360821e-31,3.437565330360821e-31,3.43756533036082e-31,3.43756533036082e-31,3.43756533036082e-31,3.4375653303608206e-31,3.4375653303608206e-31,3.4375653303608206e-31,3.4375653303601996e-31,3.4375653303601996e-31,3.437565330369348e-31,3.437565330379376e-31,3.437565330379396e-31,3.437565330378832e-31,3.4375653303800087e-31,3.437565330380009e-31,3.437565330380009e-31,3.437565330380009e-31,3.437565330379643e-31,3.437565330380034e-31,3.437565330380013e-31,3.4375653303793772e-31,3.43756533037025e-31,3.437565330375151e-31,3.4375653303751493e-31,3.4375653303751493e-31,3.4375653303751493e-31,3.4375653303751493e-31,3.437565330372293e-31,3.437565330372293e-31,3.437565330372293e-31,3.437565330372293e-31,3.437565330372293e-31,3.437565330372293e-31,3.437565330372293e-31,3.4375653303722937e-31,3.4375653303722937e-31,3.4375653303722937e-31,3.4375653303722932e-31,3.4375653303722932e-31,3.4375653303722932e-31,3.4375653303722932e-31,3.4375653303722932e-31,3.4375653303722937e-31,3.4375653303722937e-31,3.4375653303722937e-31,3.4375653303722937e-31,3.4375653303722937e-31,3.437565330372294e-31,3.437565330372294e-31,3.437565330372294e-31,3.437565330372294e-31,3.4375653303722937e-31,3.4375653303722937e-31,3.4375653303722937e-31,3.437565330372294e-31,3.4375653303722937e-31,3.4375653303627657e-31,3.4375653303627657e-31,3.4375653303627657e-31,3.4375653303631647e-31,3.4375653303653266e-31,3.4375653303546886e-31,3.437565330356206e-31,3.437565330356873e-31,3.437565330356873e-31,3.437565330356873e-31,3.4375653303596224e-31,3.4375653303596224e-31,3.437565330359519e-31,3.4375653303591683e-31,3.437565330359372e-31,3.4375653303567147e-31,3.4375653303567147e-31,3.4375653303567156e-31,3.437565330356715e-31,3.437565330356715e-31,3.43756533035671e-31,3.437565330356362e-31,3.437565330358817e-31,3.4375653303587895e-31,3.4375653303588815e-31,3.4375653303588815e-31,3.4375653303592126e-31,3.437565330359212e-31,3.437565330359212e-31,3.43756533036623e-31,3.4375653303474535e-31,3.4375653303472472e-31,3.4375653303472472e-31,3.437565330347247e-31,3.4375653303473366e-31,3.4375653303473366e-31,3.437565330347337e-31,3.437565330347094e-31,3.437565330347095e-31,3.437565330347094e-31,3.437565330347094e-31,3.437565330347094e-31,3.4375653303366017e-31,3.4375653303407145e-31,3.4375653303407145e-31,3.437565330340715e-31,3.437565330317126e-31,3.437565330317125e-31,3.437565330317125e-31,3.437565330317125e-31,3.437565330317515e-31,3.437565330317515e-31,3.4375653303183866e-31,3.4375653303183866e-31,3.437565330318388e-31,3.437565330318388e-31,3.437565330318388e-31,3.437565330318388e-31,3.437565330318388e-31,3.437565330318387e-31,3.4375653303183866e-31,3.4375653303183866e-31,3.4375653303183866e-31,3.4375653303250743e-31,3.4375653303250743e-31,3.4375653303250743e-31,3.437565330324991e-31,3.4375653303147454e-31,3.4375653303147454e-31,3.4375653303147454e-31,3.437565330314746e-31,3.437565330314746e-31,3.437565330314889e-31,3.437565330314889e-31,3.437565330313439e-31,3.437565330313439e-31,3.437565330313439e-31,3.4375653303134387e-31,3.4375653303134387e-31,3.437565330313531e-31,3.4375653303135315e-31,3.437565330313153e-31,3.4375653303131536e-31,3.4375653303131536e-31,3.4375653303131536e-31,3.437565330312516e-31,3.4375653303223694e-31,3.4375653303223694e-31,3.4375653303223694e-31,3.4375653303223694e-31,3.4375653303223694e-31,3.4375653303223694e-31,3.43756533032308e-31,3.4375653303230796e-31,3.4375653303230796e-31,3.4375653303230796e-31,3.437565330323043e-31,3.4375653303230424e-31,3.4375653303252823e-31,3.4375653303252823e-31,3.4375653303251566e-31,3.4375653303251566e-31,3.437565330325074e-31,3.437565330325074e-31,3.4375653303250734e-31,3.4375653303250734e-31,3.437565330325074e-31,3.437565330325042e-31,3.437565330325042e-31,3.4375653303250406e-31,3.4375653303250406e-31,3.437565330325034e-31,3.4375653303250345e-31,3.437565330330664e-31,3.437565330330664e-31,3.437565330331313e-31,3.4375653303274416e-31,3.437565330327441e-31,3.437565330327441e-31,3.4375653303274425e-31,3.437565330327441e-31,3.437565330327441e-31,3.4375653303264717e-31,3.4375653303264717e-31,3.4375653303264717e-31,3.437565330326472e-31,3.437565330326472e-31,3.4375653303143193e-31,3.4375653303143193e-31,3.437565330314319e-31,3.437565330314319e-31,3.437565330314319e-31,3.4375653303143185e-31,3.437565330314319e-31,3.4375653303145816e-31,3.4375653303145816e-31,3.4375653303145816e-31,3.4375653303145816e-31,3.4375653303151855e-31,3.437565330315186e-31,3.437565330315186e-31,3.437565330315186e-31,3.4375653303151855e-31,3.4375653303151855e-31,3.4375653303151855e-31,3.437565330315242e-31,3.437565330315241e-31,3.437565330315241e-31,3.4375653303148864e-31,3.4375653303148746e-31,3.4375653303148755e-31,3.4375653303148755e-31,3.4375653303148746e-31,3.4375653303094043e-31,3.4375653303094043e-31,3.437565330309405e-31,3.437565330309405e-31,3.4375653303102048e-31,3.4375653303102048e-31,3.4375653303102048e-31,3.437565330310204e-31,3.437565330310205e-31,3.4375653303091788e-31,3.437565330309178e-31,3.4375653303091788e-31,3.4375653303218973e-31,3.4375653303230494e-31,3.4375653303231374e-31,3.437565330323138e-31,3.437565330322519e-31,3.437565330322521e-31,3.437565330322519e-31,3.4375653303225204e-31,3.437565330322519e-31,3.437565330322519e-31,3.437565330322521e-31,3.437565330322519e-31,3.437565330322519e-31,3.437565330322521e-31,3.4375653303225204e-31,3.437565330322519e-31,3.4375653303225204e-31,3.437565330322521e-31,3.437565330322519e-31,3.437565330322519e-31,3.4375653303225204e-31,3.437565330322519e-31,3.437565330322521e-31,3.437565330322519e-31,3.4375653303443146e-31,3.4375653303443146e-31,3.4375653303443146e-31,3.4375653303443146e-31,3.4375653303443146e-31,3.4375653303443264e-31,3.4375653303443264e-31,3.4375653303443277e-31,3.4375653303443264e-31,3.4375653303443277e-31,3.4375653303443277e-31,3.4375653303443277e-31,3.4375653303443277e-31,3.437565330344327e-31,3.4375653303423497e-31,3.4375653303423497e-31,3.437565330342349e-31,3.4375653303423225e-31,3.4375653303423225e-31,3.4375653303423234e-31,3.4375653303423234e-31,3.437565330342323e-31,3.4375653303437668e-31,3.4375653303437668e-31,3.4375653303415654e-31,3.4375653303415654e-31,3.4375653303415063e-31,3.437565330341507e-31,3.437565330341507e-31,3.437565330341507e-31,3.437565330341507e-31,3.437565330341507e-31,3.4375653303415063e-31,3.437565330341507e-31,3.437565330341507e-31,3.437565330341507e-31,3.437565330341507e-31,3.4375653303415063e-31,3.437565330341507e-31,3.4375653303415076e-31,3.4375653303415063e-31,3.4375653303421167e-31,3.437565330342117e-31,3.4375653303473247e-31,3.4375653303473247e-31,3.4375653303473247e-31,3.4375653303473247e-31,3.4375653303473247e-31,3.437565330347324e-31,3.437565330346626e-31,3.437565330346626e-31,3.437565330346626e-31,3.437565330346626e-31,3.437565330346626e-31,3.437565330346626e-31,3.4375653303466267e-31,3.4375653303466267e-31,3.4375653303466263e-31,3.43756533034671e-31,3.4375653303434957e-31,3.4375653303434953e-31,3.4375653303434957e-31,3.4375653303434957e-31,3.4375653303434957e-31,3.4375653303434957e-31,3.4375653303434957e-31,3.4375653303434957e-31,3.4375653303434966e-31,3.4375653303434957e-31,3.4375653303434966e-31,3.4375653303434957e-31,3.4375653303434966e-31,3.437565330343496e-31,3.437565330343496e-31,3.437565330343496e-31,3.437565330343496e-31,3.4375653303434966e-31,3.4375653303434966e-31,3.4375653303434957e-31,3.4375653303434966e-31,3.4375653303434957e-31,3.4375653303434957e-31,3.4375653303434966e-31,3.4375653303434957e-31,3.4375653303434957e-31,3.4375653303434966e-31,3.437565330343496e-31,3.4375653303434966e-31,3.4375653303439818e-31,3.4375653303439818e-31,3.4375653303439826e-31,3.4375653303449605e-31,3.4375653303449605e-31,3.4375653303449605e-31,3.4375653303449605e-31,3.4375653303449605e-31,3.437565330359012e-31,3.4375653303540584e-31,3.4375653303540584e-31,3.437565330354058e-31,3.4375653303540575e-31,3.4375653303540584e-31,3.4375653303540343e-31,3.4375653303556984e-31,3.4375653303556984e-31,3.4375653303556984e-31,3.4375653303556984e-31,3.4375653303540873e-31,3.4375653303540873e-31,3.4375653303540873e-31,3.4375653303540873e-31,3.4375653303540864e-31,3.437565330357857e-31,3.4375653303636332e-31,3.4375653303636337e-31,3.4375653303636337e-31,3.4375653303636332e-31,3.4375653303636332e-31,3.437565330363633e-31,3.437565330363633e-31,3.4375653303634856e-31,3.4375653303634856e-31,3.4375653303625577e-31,3.437565330368255e-31,3.4375653303682553e-31,3.4375653303681218e-31,3.437565330368043e-31,3.437565330368868e-31,3.437565330368949e-31,3.437565330380572e-31,3.437565330380572e-31,3.437565330380572e-31,3.4375653303805377e-31,3.4375653303805377e-31,3.4375653303803595e-31,3.4375653303803595e-31,3.4375653303803595e-31,3.4375653303803595e-31,3.4375653303803603e-31,3.4375653303803603e-31,3.4375653303712804e-31,3.4375653303712804e-31,3.4375653303712773e-31,3.4375653303718913e-31,3.4375653303718913e-31,3.4375653303718913e-31,3.437565330371891e-31,3.4375653303719784e-31,3.4375653303727338e-31,3.437565330373408e-31,3.437565330373408e-31,3.437565330373408e-31,3.4375653303739783e-31,3.4375653303739783e-31,3.4375653303739774e-31,3.4375653303739774e-31,3.437565330373984e-31,3.4375653303739385e-31,3.437565330373939e-31,3.4375653303739385e-31,3.4375653303739376e-31,3.437565330377731e-31,3.437565330377731e-31,3.4375653303777303e-31,3.437565330377148e-31,3.437565330377148e-31,3.4375653303766723e-31,3.4375653303766723e-31,3.4375653303766727e-31,3.437565330377143e-31,3.437565330377755e-31,3.437565330377755e-31,3.437565330376958e-31,3.4375653303769587e-31,3.4375653303768624e-31,3.4375653303768632e-31,3.4375653303768632e-31,3.4375653303760443e-31,3.4375653303760443e-31,3.4375653303760443e-31,3.4375653303760443e-31,3.437565330376045e-31,3.437565330376045e-31,3.437565330376044e-31,3.4375653303681677e-31,3.4375653303681664e-31,3.437565330368284e-31,3.4375653303683565e-31,3.43756533037306e-31,3.4375653303671124e-31,3.4375653303671106e-31,3.437565330352099e-31,3.437565330352099e-31,3.4375653303533924e-31,3.437565330254518e-31,3.437565330254518e-31,3.4375653302545176e-31,3.4375653302545176e-31,3.4375653302545176e-31,3.4375653302545176e-31,3.4375653302624065e-31,3.4375653302624065e-31,3.4375653302624065e-31,3.4375653302624065e-31,3.4375653302624056e-31,3.4375653302624056e-31,3.4375653302624065e-31,3.437565330262405e-31,3.437565330262404e-31,3.4375653302624047e-31,3.4375653303041993e-31,3.4375653303041993e-31,3.4375653303041993e-31,3.4375653303041993e-31,3.4375653303041998e-31,3.4375653303041993e-31,3.4375653303041993e-31,3.437565330304199e-31,3.437565330304199e-31,3.437565330304199e-31,3.4375653303041993e-31,3.4375653303036174e-31,3.437565330303618e-31,3.4375653303036174e-31,3.4375653303036174e-31,3.4375653303036174e-31,3.4375653303036165e-31,3.4375653303036174e-31,3.4375653303036174e-31,3.4375653303036174e-31,3.4375653303035845e-31,3.4375653303035845e-31,3.437565330303584e-31,3.437565330303584e-31,3.4375653302856006e-31,3.4375653302855664e-31,3.4375653302855664e-31,3.437565330285566e-31,3.437565330285566e-31,3.437565330284963e-31,3.437565330284963e-31,3.437565330284963e-31,3.437565330284963e-31,3.4375653302849626e-31,3.437565330284963e-31,3.4375653302841857e-31,3.4375653302841857e-31,3.4375653302841853e-31,3.437565330284186e-31,3.437565330272966e-31,3.4375653302729666e-31,3.4375653302730275e-31,3.437565330273028e-31,3.437565330273028e-31,3.4375653302738074e-31,3.437565330273809e-31,3.437565330273809e-31,3.4375653302748513e-31,3.437565330275207e-31,3.437565330275206e-31,3.4375653302759706e-31,3.4375653302762763e-31,3.4375653302762767e-31,3.4375653302762763e-31,3.4375653302762763e-31,3.437565330276277e-31,3.4375653302762767e-31,3.4375653302762763e-31,3.4375653302762763e-31,3.4375653302762763e-31,3.4375653302762767e-31,3.4375653302762763e-31,3.437565330274807e-31,3.437565330274807e-31,3.4375653302748067e-31,3.4375653302748054e-31,3.4375653302748067e-31,3.4375653302748054e-31,3.4375653302748054e-31,3.4375653302748054e-31,3.4375653302748062e-31,3.4375653302748067e-31,3.4375653302748054e-31,3.4375653302748067e-31,3.4375653302748054e-31,3.4375653302748067e-31,3.4375653302748067e-31,3.4375653302748067e-31,3.4375653302653996e-31,3.4375653302653996e-31,3.4375653302654e-31,3.437565330265399e-31,3.437565330265399e-31,3.437565330264685e-31,3.437565330264684e-31,3.437565330264685e-31,3.4375653302646836e-31,3.4375653302646836e-31,3.437565330264685e-31,3.4375653302646836e-31,3.4375653302713056e-31,3.4375653302713056e-31,3.437565330271305e-31,3.4375653302713065e-31,3.4375653302713056e-31,3.4375653302713065e-31,3.4375653302713056e-31,3.4375653302713056e-31,3.4375653302713065e-31,3.4375653302713056e-31,3.4375653302713056e-31,3.4375653302713056e-31,3.4375653302713056e-31,3.4375653302713056e-31,3.4375653302713056e-31,3.437565330271307e-31,3.437565330271305e-31,3.4375653302713056e-31,3.4375653302713065e-31,3.437565330271305e-31,3.437565330271305e-31,3.437565330271305e-31,3.4375653302713056e-31,3.437565330271307e-31,3.4375653302688293e-31,3.43756533026883e-31,3.43756533026563e-31,3.43756533026563e-31,3.437565330265631e-31,3.43756533026563e-31,3.43756533026563e-31,3.43756533026684e-31,3.4375653302668394e-31,3.4375653302668394e-31,3.4375653302668394e-31,3.4375653302668394e-31,3.4375653302668394e-31,3.4375653302668394e-31,3.4375653302668403e-31,3.4375653302668394e-31,3.4375653302668394e-31,3.4375653302668394e-31,3.4375653302668394e-31,3.4375653302668394e-31,3.437565330263808e-31,3.4375653302638082e-31,3.437565330280587e-31,3.4375653302805875e-31,3.437565330280588e-31,3.4375653302805875e-31,3.437565330280587e-31,3.437565330280587e-31,3.437565330280587e-31,3.437565330280588e-31,3.437565330280587e-31,3.437565330280587e-31,3.437565330280587e-31,3.437565330280587e-31,3.437565330280588e-31,3.437565330279527e-31,3.437565330279527e-31,3.437565330279527e-31,3.437565330279527e-31,3.437565330280944e-31,3.437565330280943e-31,3.4375653302817356e-31,3.437565330281538e-31,3.437565330281538e-31,3.437565330281538e-31,3.4375653302815386e-31,3.437565330281538e-31,3.437565330281539e-31,3.437565330281539e-31,3.437565330281539e-31,3.437565330281204e-31,3.437565330281204e-31,3.437565330281204e-31,3.437565330281204e-31,3.437565330281204e-31,3.437565330281204e-31,3.437565330281204e-31,3.4375653302807876e-31,3.4375653302807867e-31,3.437565330280786e-31,3.4375653302807845e-31,3.4375653302807836e-31,3.4375653302807836e-31,3.4375653302807836e-31,3.4375653302807836e-31,3.437565330280578e-31,3.4375653302802822e-31,3.437565330280283e-31,3.437565330280282e-31,3.437565330280282e-31,3.437565330280282e-31,3.437565330280282e-31,3.437565330280282e-31,3.437565330280284e-31,3.437565330280284e-31,3.4375653302802827e-31,3.4375653302802836e-31,3.4375653302792505e-31,3.4375653302792523e-31,3.4375653302792505e-31,3.4375653302781383e-31,3.437565330277033e-31,3.4375653302770325e-31,3.4375653302770325e-31,3.4375653302770325e-31,3.4375653302770334e-31,3.437565330277033e-31,3.437565330277033e-31,3.4375653302770334e-31,3.4375653302770334e-31,3.437565330277033e-31,3.4375653302770277e-31,3.4375653302770277e-31,3.4375653302767786e-31,3.4375653302767786e-31,3.4375653302767794e-31,3.4375653302767786e-31,3.4375653302767786e-31,3.437565330276779e-31,3.4375653302767786e-31,3.437565330276779e-31,3.4375653302767786e-31,3.437565330276779e-31,3.4375653302760674e-31,3.4375653302760674e-31,3.4375653302760674e-31,3.4375653302837513e-31,3.4375653302837513e-31,3.437565330283752e-31,3.437565330283752e-31,3.437565330283752e-31,3.4375653302837513e-31,3.43756533028594e-31,3.43756533028594e-31,3.43756533028594e-31,3.437565330285941e-31,3.43756533028594e-31,3.437565330285939e-31,3.437565330285939e-31,3.437565330285939e-31,3.437565330285939e-31,3.437565330285939e-31,3.437565330285939e-31,3.437565330285939e-31,3.437565330285939e-31,3.4375653302859387e-31,3.4375653302859387e-31,3.437565330285939e-31,3.437565330285939e-31,3.437565330285939e-31,3.437565330285939e-31,3.4375653302859404e-31,3.4375653302859395e-31,3.43756533028594e-31,3.43756533028594e-31,3.4375653302859404e-31,3.4375653302859404e-31,3.4375653302859404e-31,3.437565330285943e-31,3.437565330285943e-31,3.437565330285943e-31,3.4375653302859807e-31,3.4375653302859807e-31,3.437565330285623e-31,3.4375653302856225e-31,3.437565330285622e-31,3.437565330285622e-31,3.437565330285622e-31,3.437565330285622e-31,3.437565330285622e-31,3.437565330285622e-31,3.437565330285622e-31,3.437565330285622e-31,3.437565330285622e-31,3.4375653302856715e-31,3.437565330285649e-31,3.437565330285686e-31,3.437565330285686e-31,3.4375653302919656e-31,3.437565330291905e-31,3.4375653302981576e-31,3.4375653302981576e-31,3.437565330298158e-31,3.43756533029816e-31,3.4375653302981597e-31,3.4375653302981597e-31,3.4375653303159006e-31,3.4375653303069643e-31,3.4375653303069643e-31,3.4375653303069643e-31,3.4375653303069643e-31,3.4375653303069643e-31,3.4375653303069643e-31,3.4375653303069643e-31,3.4375653303069643e-31,3.4375653303069643e-31,3.4375653303069643e-31,3.4375653303069643e-31,3.4375653303069643e-31,3.4375653303069634e-31,3.4375653303069634e-31,3.4375653303141906e-31,3.43756533031419e-31,3.43756533031419e-31,3.4375653303143942e-31,3.437565330314394e-31,3.437565330314394e-31,3.4375653303143933e-31,3.4375653303143933e-31,3.4375653303112807e-31,3.4375653303112807e-31,3.437565330311281e-31,3.4375653303112807e-31,3.4375653303112807e-31,3.437565330311281e-31,3.437565330311308e-31,3.437565330311307e-31,3.437565330311307e-31,3.437565330311307e-31,3.4375653303108424e-31,3.437565330310842e-31,3.437565330310842e-31,3.437565330310843e-31,3.437565330314322e-31,3.4375653303143224e-31,3.4375653303143215e-31,3.4375653303143215e-31,3.437565330314323e-31,3.4375653303108813e-31,3.437565330310882e-31,3.4375653303108813e-31,3.4375653303108813e-31,3.437565330310882e-31,3.4375653303108818e-31,3.4375653302995225e-31,3.437565330310491e-31,3.4375653303107933e-31,3.437565330304445e-31
3,0.09027684884714632,0.09027684884714632,0.09027684884714632,0.09027684884714632,0.09027684884714632,0.09027684884714633,0.09027684884714632,0.09027684884714632,0.09027684884714633,0.09027684884714633,0.09027684884714632,0.09027684884714632,0.09027684884714632,0.09027684884714632,0.09027684884714632,0.09027684884714632,0.09027684884714632,0.09027684884714632,0.09027684884714632,0.09027684884714632,0.09027684884714633,0.09027684884714633,0.09027684884714632,0.09027684884714633,0.09027684884714633,0.09027684884714633,0.09027684884714633,0.09027684884714633,0.09027684884714633,0.09027684884714633,0.09027684884714633,0.09027684884714633,0.09027684884714632,0.09027684884714632,0.09027684884714632,0.09027684884714632,0.09027684884714632,0.09027684884714632,0.09027684884714632,0.09027684884714632,0.09027684884714632,0.09027684884714632,0.09027684884714632,0.09027684884714632,0.09027684884714632,0.09027684884714632,0.09027684884714632,0.09027684884714632,0.09027684884714632,0.09027684884714632,0.09027684884714632,0.09027684884714633,0.09027684884714633,0.09027684884714633,0.09027684884714633,0.09027684884714633,0.09027684884714633,0.09027684884714633,0.09027684884714633,0.09027684884714633,0.09027684884714632,0.09027684884714632,0.09027684884714632,0.09027684884714632,0.09027684884714632,0.09027684884714632,0.09027684884714632,0.09027684884714632,0.09027684884714632,0.09027684884714632,0.09027684884714632,0.09027684884714632,0.09027684884714632,0.09027684884714632,0.09027684884714632,0.09027684884714632,0.09027684884714632,0.09027684884714632,0.09027684884714632,0.09027684884714632,0.09027684884714632,0.09027684884714632,0.09027684884714632,0.09027684884714632,0.09027684884714632,0.09027684884714632,0.09027684884714632,0.09027684884714632,0.09027684884714632,0.09027684884714632,0.09027684884714632,0.09027684884714632,0.09027684884714632,0.09027684884714632,0.09027684884714632,0.09027684884714633,0.09027684884714633,0.09027684884714632,0.09027684884714632,0.09027684884714632,0.09027684884714632,0.09027684884714632,0.09027684884714632,0.09027684884714632,0.09027684884714632,0.09027684884714632,0.09027684884714632,0.09027684884714632,0.09027684884714632,0.09027684884714632,0.09027684884714632,0.09027684884714632,0.09027684884714632,0.09027684884714632,0.09027684884714632,0.09027684884714632,0.09027684884714632,0.09027684884714632,0.09027684884714632,0.09027684884714632,0.09027684884714632,0.09027684884714632,0.09027684884714632,0.09027684884714632,0.09027684884714632,0.09027684884714633,0.09027684884714632,0.09027684884714632,0.09027684884714632,0.09027684884714632,0.09027684884714632,0.09027684884714632,0.09027684884714632,0.09027684884714633,0.09027684884714632,0.09027684884714633,0.09027684884714632,0.09027684884714632,0.09027684884714632,0.09027684884714633,0.09027684884714633,0.09027684884714632,0.09027684884714632,0.09027684884714632,0.09027684884714632,0.09027684884714632,0.09027684884714632,0.09027684884714632,0.09027684884714632,0.09027684884714632,0.09027684884714632,0.09027684884714632,0.09027684884714632,0.09027684884714632,0.09027684884714632,0.09027684884714632,0.09027684884714632,0.09027684884714632,0.09027684884714632,0.09027684884714632,0.09027684884714632,0.09027684884714632,0.09027684884714632,0.09027684884714632,0.09027684884714632,0.09027684884714632,0.09027684884714632,0.09027684884714632,0.09027684884714632,0.09027684884714632,0.09027684884714632,0.09027684884714632,0.09027684884714632,0.09027684884714632,0.09027684884714632,0.09027684884714632,0.09027684884714632,0.09027684884714632,0.09027684884714632,0.09027684884714632,0.09027684884714632,0.09027684884714632,0.09027684884714632,0.09027684884714632,0.09027684884714632,0.09027684884714632,0.09027684884714632,0.09027684884714632,0.09027684884714632,0.09027684884714632,0.09027684884714632,0.09027684884714632,0.09027684884714632,0.09027684884714633,0.09027684884714633,0.09027684884714633,0.09027684884714633,0.09027684884714632,0.09027684884714632,0.09027684884714633,0.09027684884714632,0.09027684884714632,0.09027684884714633,0.09027684884714632,0.09027684884714632,0.09027684884714632,0.09027684884714632,0.09027684884714632,0.09027684884714632,0.09027684884714632,0.09027684884714632,0.09027684884714632,0.09027684884714632,0.09027684884714632,0.09027684884714632,0.09027684884714632,0.09027684884714632,0.09027684884714632,0.09027684884714632,0.09027684884714632,0.09027684884714632,0.09027684884714632,0.09027684884714633,0.09027684884714633,0.09027684884714633,0.09027684884714633,0.09027684884714633,0.09027684884714633,0.09027684884714632,0.09027684884714632,0.09027684884714632,0.09027684884714632,0.09027684884714632,0.09027684884714632,0.09027684884714632,0.09027684884714632,0.09027684884714632,0.09027684884714632,0.09027684884714632,0.09027684884714632,0.09027684884714632,0.09027684884714632,0.09027684884714632,0.09027684884714632,0.09027684884714632,0.09027684884714632,0.09027684884714632,0.09027684884714632,0.09027684884714632,0.09027684884714632,0.09027684884714632,0.09027684884714632,0.09027684884714632,0.09027684884714632,0.09027684884714632,0.09027684884714632,0.09027684884714632,0.09027684884714632,0.09027684884714632,0.09027684884714632,0.09027684884714632,0.09027684884714632,0.09027684884714632,0.09027684884714632,0.09027684884714632,0.09027684884714632,0.09027684884714632,0.09027684884714632,0.09027684884714632,0.09027684884714632,0.09027684884714632,0.09027684884714632,0.09027684884714632,0.09027684884714632,0.09027684884714632,0.09027684884714632,0.09027684884714632,0.09027684884714632,0.09027684884714632,0.09027684884714632,0.09027684884714632,0.09027684884714632,0.09027684884714632,0.09027684884714632,0.09027684884714632,0.09027684884714632,0.09027684884714632,0.09027684884714632,0.09027684884714632,0.09027684884714632,0.09027684884714632,0.09027684884714632,0.09027684884714632,0.09027684884714632,0.09027684884714632,0.09027684884714632,0.09027684884714632,0.09027684884714632,0.09027684884714632,0.09027684884714632,0.09027684884714632,0.09027684884714632,0.09027684884714632,0.09027684884714632,0.09027684884714632,0.09027684884714632,0.09027684884714632,0.09027684884714632,0.09027684884714632,0.09027684884714632,0.09027684884714632,0.09027684884714632,0.09027684884714632,0.09027684884714632,0.09027684884714632,0.09027684884714632,0.09027684884714632,0.09027684884714632,0.09027684884714632,0.09027684884714632,0.09027684884714632,0.09027684884714632,0.09027684884714632,0.09027684884714632,0.09027684884714632,0.09027684884714632,0.09027684884714632,0.09027684884714632,0.09027684884714632,0.09027684884714632,0.09027684884714632,0.09027684884714632,0.09027684884714632,0.09027684884714632,0.09027684884714632,0.09027684884714632,0.09027684884714632,0.09027684884714632,0.09027684884714632,0.09027684884714632,0.09027684884714632,0.09027684884714632,0.09027684884714632,0.09027684884714632,0.09027684884714632,0.09027684884714632,0.09027684884714632,0.09027684884714632,0.09027684884714632,0.09027684884714632,0.09027684884714632,0.09027684884714632,0.09027684884714632,0.09027684884714632,0.09027684884714632,0.09027684884714632,0.09027684884714632,0.09027684884714632,0.09027684884714632,0.09027684884714632,0.09027684884714632,0.09027684884714632,0.09027684884714632,0.09027684884714632,0.09027684884714632,0.09027684884714632,0.09027684884714632,0.09027684884714632,0.09027684884714632,0.09027684884714632,0.09027684884714632,0.09027684884714632,0.09027684884714632,0.09027684884714632,0.09027684884714632,0.09027684884714632,0.09027684884714632,0.09027684884714632,0.09027684884714632,0.09027684884714632,0.09027684884714632,0.09027684884714632,0.09027684884714632,0.09027684884714632,0.09027684884714632,0.09027684884714632,0.09027684884714632,0.09027684884714632,0.09027684884714632,0.09027684884714632,0.09027684884714632,0.09027684884714632,0.09027684884714632,0.09027684884714632,0.09027684884714632,0.09027684884714632,0.09027684884714632,0.09027684884714632,0.09027684884714632,0.09027684884714632,0.09027684884714632,0.09027684884714632,0.09027684884714632,0.09027684884714632,0.09027684884714632,0.09027684884714632,0.09027684884714632,0.09027684884714632,0.09027684884714632,0.09027684884714632,0.09027684884714632,0.09027684884714632,0.09027684884714632,0.09027684884714632,0.09027684884714632,0.09027684884714632,0.09027684884714632,0.09027684884714632,0.09027684884714632,0.09027684884714632,0.09027684884714632,0.09027684884714632,0.09027684884714632,0.09027684884714632,0.09027684884714632,0.09027684884714632,0.09027684884714632,0.09027684884714632,0.09027684884714632,0.09027684884714632,0.09027684884714632,0.09027684884714632,0.09027684884714632,0.09027684884714632,0.09027684884714632,0.09027684884714632,0.09027684884714632,0.09027684884714632,0.09027684884714632,0.09027684884714632,0.09027684884714632,0.09027684884714632,0.09027684884714632,0.09027684884714632,0.09027684884714632,0.09027684884714632,0.09027684884714632,0.09027684884714632,0.09027684884714632,0.09027684884714632,0.09027684884714632,0.09027684884714632,0.09027684884714632,0.09027684884714632,0.09027684884714632,0.09027684884714632,0.09027684884714632,0.09027684884714632,0.09027684884714632,0.09027684884714632,0.09027684884714632,0.09027684884714632,0.09027684884714632,0.09027684884714632,0.09027684884714632,0.09027684884714632,0.09027684884714632,0.09027684884714632,0.09027684884714632,0.09027684884714632,0.09027684884714632,0.09027684884714632,0.09027684884714632,0.09027684884714632,0.09027684884714632,0.09027684884714632,0.09027684884714632,0.09027684884714632,0.09027684884714632,0.09027684884714632,0.09027684884714632,0.09027684884714632,0.09027684884714632,0.09027684884714632,0.09027684884714632,0.09027684884714632,0.09027684884714632,0.09027684884714632,0.09027684884714632,0.09027684884714632,0.09027684884714632,0.09027684884714632,0.09027684884714632,0.09027684884714632,0.09027684884714632,0.09027684884714632,0.09027684884714632,0.09027684884714632,0.09027684884714632,0.09027684884714632,0.09027684884714632,0.09027684884714632,0.09027684884714632,0.09027684884714632,0.09027684884714632,0.09027684884714632,0.09027684884714632,0.09027684884714632,0.09027684884714632,0.09027684884714632,0.09027684884714632,0.09027684884714632,0.09027684884714633,0.09027684884714633,0.09027684884714633,0.09027684884714632,0.09027684884714632,0.09027684884714632,0.09027684884714632,0.09027684884714632,0.09027684884714632,0.09027684884714632,0.09027684884714632,0.09027684884714632,0.09027684884714632,0.09027684884714632,0.09027684884714632,0.09027684884714632,0.09027684884714632,0.09027684884714632,0.09027684884714632,0.09027684884714632,0.09027684884714633,0.09027684884714632,0.09027684884714632,0.09027684884714632,0.09027684884714632,0.09027684884714632,0.09027684884714632,0.09027684884714632,0.09027684884714632,0.09027684884714632,0.09027684884714632,0.09027684884714632,0.09027684884714632,0.09027684884714632,0.09027684884714632,0.09027684884714632,0.09027684884714632,0.09027684884714632,0.09027684884714632,0.09027684884714632,0.09027684884714632,0.09027684884714632,0.09027684884714632,0.09027684884714632,0.09027684884714632,0.09027684884714632,0.09027684884714632,0.09027684884714632,0.09027684884714632,0.09027684884714632,0.09027684884714632,0.09027684884714632,0.09027684884714632,0.09027684884714632,0.09027684884714632,0.09027684884714632,0.09027684884714632,0.09027684884714632,0.09027684884714632,0.09027684884714632,0.09027684884714632,0.09027684884714632,0.09027684884714632,0.09027684884714632,0.09027684884714632,0.09027684884714632,0.09027684884714632,0.09027684884714632,0.09027684884714632,0.09027684884714632,0.09027684884714632,0.09027684884714632,0.09027684884714632,0.09027684884714632,0.09027684884714632,0.09027684884714632,0.09027684884714632,0.09027684884714632,0.09027684884714632,0.09027684884714632,0.09027684884714632,0.09027684884714632,0.09027684884714632,0.09027684884714632,0.09027684884714632,0.09027684884714632,0.09027684884714632,0.09027684884714632,0.09027684884714632,0.09027684884714632,0.09027684884714632,0.09027684884714632,0.09027684884714632,0.09027684884714632,0.09027684884714632,0.09027684884714632,0.09027684884714632,0.09027684884714632,0.09027684884714632,0.09027684884714632,0.09027684884714632,0.09027684884714632,0.09027684884714632,0.09027684884714632,0.09027684884714632,0.09027684884714632,0.09027684884714632,0.09027684884714632,0.09027684884714632,0.09027684884714632,0.09027684884714632,0.09027684884714632,0.09027684884714632,0.09027684884714632,0.09027684884714632,0.09027684884714632,0.09027684884714632,0.09027684884714632,0.09027684884714632,0.09027684884714632,0.09027684884714632,0.09027684884714632,0.09027684884714632,0.09027684884714632,0.09027684884714632,0.09027684884714632,0.09027684884714632,0.09027684884714632,0.09027684884714632,0.09027684884714632,0.09027684884714632,0.09027684884714632,0.09027684884714632,0.09027684884714632,0.09027684884714632,0.09027684884714632,0.09027684884714632,0.09027684884714632,0.09027684884714632,0.09027684884714632,0.09027684884714632,0.09027684884714632,0.09027684884714632,0.09027684884714632,0.09027684884714632,0.09027684884714632,0.09027684884714632,0.09027684884714632,0.09027684884714632,0.09027684884714632,0.09027684884714632,0.09027684884714632,0.09027684884714632,0.09027684884714632,0.09027684884714632,0.09027684884714632,0.09027684884714632,0.09027684884714632,0.09027684884714632,0.09027684884714632,0.09027684884714632,0.09027684884714632,0.09027684884714632,0.09027684884714632,0.09027684884714632,0.09027684884714632,0.09027684884714632,0.09027684884714632,0.09027684884714632,0.09027684884714632,0.09027684884714632,0.09027684884714632,0.09027684884714632,0.09027684884714632,0.09027684884714632,0.09027684884714632,0.09027684884714632,0.09027684884714632,0.09027684884714632,0.09027684884714632,0.09027684884714632,0.09027684884714632,0.09027684884714632,0.09027684884714632,0.09027684884714632,0.09027684884714632,0.09027684884714632,0.09027684884714632,0.09027684884714632,0.09027684884714632,0.09027684884714632,0.09027684884714632,0.09027684884714632,0.09027684884714632,0.09027684884714632,0.09027684884714632,0.09027684884714632,0.09027684884714632,0.09027684884714632,0.09027684884714632,0.09027684884714632,0.09027684884714632,0.09027684884714632,0.09027684884714632,0.09027684884714632,0.09027684884714632,0.09027684884714633,0.09027684884714632,0.09027684884714632,0.09027684884714632,0.09027684884714632,0.09027684884714632,0.09027684884714632,0.09027684884714632,0.09027684884714632,0.09027684884714632,0.09027684884714632,0.09027684884714632,0.09027684884714632,0.09027684884714632,0.09027684884714632,0.09027684884714632,0.09027684884714632,0.09027684884714632,0.09027684884714632,0.09027684884714632,0.09027684884714632,0.09027684884714632,0.09027684884714632,0.09027684884714632,0.09027684884714632,0.09027684884714632,0.09027684884714632,0.09027684884714632,0.09027684884714632,0.09027684884714632,0.09027684884714632,0.09027684884714632,0.09027684884714632,0.09027684884714632,0.09027684884714632,0.09027684884714632,0.09027684884714632,0.09027684884714632,0.09027684884714632,0.09027684884714632,0.09027684884714632,0.09027684884714632,0.09027684884714632,0.09027684884714632,0.09027684884714632,0.09027684884714632,0.09027684884714632,0.09027684884714632,0.09027684884714632,0.09027684884714632,0.09027684884714632,0.09027684884714632,0.09027684884714632,0.09027684884714632,0.09027684884714632,0.09027684884714632,0.09027684884714632,0.09027684884714632,0.09027684884714632,0.09027684884714632,0.09027684884714632,0.09027684884714632,0.09027684884714632,0.09027684884714632,0.09027684884714632,0.09027684884714632,0.09027684884714632,0.09027684884714632,0.09027684884714632,0.09027684884714632,0.09027684884714632,0.09027684884714632,0.09027684884714632,0.09027684884714632,0.09027684884714632,0.09027684884714632,0.09027684884714632,0.09027684884714632,0.09027684884714632,0.09027684884714632,0.09027684884714632,0.09027684884714632,0.09027684884714632,0.09027684884714632,0.09027684884714632,0.09027684884714632,0.09027684884714632,0.09027684884714632,0.09027684884714632,0.09027684884714632,0.09027684884714632,0.09027684884714632,0.09027684884714632,0.09027684884714632,0.09027684884714632,0.09027684884714632,0.09027684884714632,0.09027684884714632,0.09027684884714632,0.09027684884714632,0.09027684884714632,0.09027684884714632,0.09027684884714632,0.09027684884714632,0.09027684884714632,0.09027684884714632,0.09027684884714632,0.09027684884714632,0.09027684884714632,0.09027684884714632,0.09027684884714632,0.09027684884714632,0.09027684884714632,0.09027684884714632,0.09027684884714632,0.09027684884714632,0.09027684884714632,0.09027684884714632,0.09027684884714632,0.09027684884714632,0.09027684884714632,0.09027684884714632,0.09027684884714632,0.09027684884714632,0.09027684884714632,0.09027684884714632,0.09027684884714632,0.09027684884714632,0.09027684884714632,0.09027684884714632,0.09027684884714632,0.09027684884714632,0.09027684884714632,0.09027684884714632,0.09027684884714632,0.09027684884714632,0.09027684884714632,0.09027684884714632,0.09027684884714632,0.09027684884714632,0.09027684884714632,0.09027684884714632,0.09027684884714632,0.09027684884714632,0.09027684884714632,0.09027684884714632,0.09027684884714632,0.09027684884714632,0.09027684884714632,0.09027684884714632,0.09027684884714632,0.09027684884714632,0.09027684884714632,0.09027684884714632,0.09027684884714632,0.09027684884714632,0.09027684884714632,0.09027684884714632,0.09027684884714632,0.09027684884714632,0.09027684884714632,0.09027684884714632,0.09027684884714632,0.09027684884714633,0.09027684884714633,0.09027684884714632,0.09027684884714633,0.09027684884714632,0.09027684884714632,0.09027684884714632,0.09027684884714632,0.09027684884714632,0.09027684884714632,0.09027684884714632,0.09027684884714632,0.09027684884714632,0.09027684884714632,0.09027684884714633,0.09027684884714632,0.09027684884714632,0.09027684884714632,0.09027684884714632,0.09027684884714632,0.09027684884714632,0.09027684884714632,0.09027684884714632,0.09027684884714632,0.09027684884714632,0.09027684884714632,0.09027684884714632,0.09027684884714632,0.09027684884714632,0.09027684884714632,0.09027684884714632,0.09027684884714632,0.09027684884714632,0.09027684884714632,0.09027684884714632,0.09027684884714632,0.09027684884714632,0.09027684884714632,0.09027684884714632,0.09027684884714632,0.09027684884714632,0.09027684884714632,0.09027684884714632,0.09027684884714632,0.09027684884714632,0.09027684884714632,0.09027684884714632,0.09027684884714632,0.09027684884714632,0.09027684884714632,0.09027684884714632,0.09027684884714632,0.09027684884714632,0.09027684884714632,0.09027684884714632,0.09027684884714632,0.09027684884714632,0.09027684884714632,0.09027684884714632,0.09027684884714632,0.09027684884714632,0.09027684884714632,0.09027684884714632,0.09027684884714632,0.09027684884714632,0.09027684884714632,0.09027684884714632,0.09027684884714632,0.09027684884714632,0.09027684884714632,0.09027684884714632,0.09027684884714632,0.09027684884714632,0.09027684884714632,0.09027684884714632,0.09027684884714632,0.09027684884714632,0.09027684884714632,0.09027684884714632,0.09027684884714632,0.09027684884714632,0.09027684884714632,0.09027684884714632,0.09027684884714632,0.09027684884714632,0.09027684884714632,0.09027684884714632,0.09027684884714632,0.09027684884714632,0.09027684884714632,0.09027684884714632,0.09027684884714632,0.09027684884714632,0.09027684884714632,0.09027684884714632,0.09027684884714632,0.09027684884714632,0.09027684884714632,0.09027684884714632,0.09027684884714632,0.09027684884714632,0.09027684884714632,0.09027684884714632,0.09027684884714632,0.09027684884714632,0.09027684884714632,0.09027684884714632,0.09027684884714632,0.09027684884714632,0.09027684884714632,0.09027684884714632,0.09027684884714632,0.09027684884714632,0.09027684884714632,0.09027684884714632,0.09027684884714632,0.09027684884714632,0.09027684884714632,0.09027684884714632,0.09027684598152386,0.0902768431159073,0.09027684025029689,0.09027683738469254,0.09027683451909423,0.09027683165350193,0.09027682878791553,0.09027682592233503,0.09027682305676087,0.09027682019119257,0.09027681732563021,0.09027681446007414,0.090276811594524,0.09027680872897972,0.09027680586344179,0.09027680299790992,0.09027680013238386,0.09027679726686379,0.09027679440134997,0.09027679153584209,0.0902767886703401,0.09027678580484438,0.09027678293935476,0.09027678007387098,0.09027677720839342,0.09027677434292172,0.09027677147745623,0.09027676861199675,0.09027676574654318,0.09027676288109548,0.09027676001565411,0.09027675715021864,0.09027675428478939,0.090276751419366,0.09027674855394877,0.09027674568853744,0.09027674282313229,0.09027673995773315,0.09027673709233991,0.09027673422695288,0.09027673136157185,0.09027672849619672,0.0902767256308278,0.0902767227654647,0.09027671990010785,0.09027671703475686,0.09027671416941205,0.09027671130407317,0.09027670843874015,0.09027670557341345,0.0902767027080926,0.09027669984277796,0.09027669697746936,0.09027669411216664,0.09027669124686981,0.09027668838157928,0.09027668551629463,0.0902766826510162,0.09027667978574365,0.09027667692047721,0.09027667405521674,0.0902766711899621,0.0902766683247138,0.09027666545947138,0.09027666259423488,0.09027665972900466,0.09027665686378031,0.0902766539985619,0.09027665113334982,0.09027664826814355,0.09027664540294324,0.09027664253774925,0.09027663967256128,0.09027663680737917,0.09027663394220295,0.09027663107703307,0.09027662821186905,0.09027662534671094,0.0902766224815591,0.09027661961641316,0.09027661675127312,0.09027661388613938,0.09027661102101145,0.09027660815588968,0.09027660529077389,0.09027660242566429,0.09027659956056076,0.09027659669546319,0.09027659383037152,0.09027659096528577,0.09027658810020632,0.09027658523513278,0.09027658237006507,0.09027657950500373,0.09027657663994822,0.09027657377489892,0.09027657090985547,0.09027656804481825,0.09027656517978686,0.09027656231476139,0.09027655944974222,0.09027655658472906,0.09027655371972178,0.09027655085472062,0.09027654798972541,0.09027654512473603,0.09027654225975258,0.09027653939477559,0.09027653652980447,0.09027653366483923,0.09027653079987988,0.09027652793492698,0.09027652506997996,0.09027652220503879,0.09027651934010397,0.09027651647517503,0.09027651361025227,0.09027651074533531,0.09027650788042467,0.09027650501551975,0.09027650215062108,0.09027649928572826,0.09027649642084164,0.09027649355596086,0.09027649069108602,0.09027648782621747,0.09027648496135472,0.09027648209649819,0.09027647923164772,0.09027647636680312,0.09027647350196469,0.09027647063713229,0.09027646777230573,0.09027646490748535,0.09027646204267095,0.09027645917786264,0.09027645631306033,0.09027645344826388,0.09027645058347337,0.09027644771868916,0.09027644485391094,0.09027644198913859,0.09027643912437243,0.09027643625961211,0.09027643339485773,0.0902764305301096,0.09027642766536736,0.09027642480063101,0.09027642193590096,0.09027641907117688,0.09027641620645878,0.09027641334174653,0.09027641047704059,0.09027640761234064,0.0902764047476466,0.09027640188295867,0.09027639901827662,0.09027639615360056,0.09027639328893068,0.0902763904242667,0.09027638755960889,0.09027638469495693,0.09027638183031117,0.09027637896567128,0.09027637610103756,0.09027637323640983,0.09027637037178815,0.0902763675071723,0.09027636464256236,0.09027636177795874,0.09027635891336111,0.09027635604876934,0.09027635318418374,0.09027635031960404,0.09027634745503052,0.09027634459046287,0.09027634172590131,0.09027633886134566,0.0902763359967962,0.09027633313225272,0.0902763302677151,0.09027632740318339,0.09027632453865798,0.09027632167413847,0.09027631880962478,0.09027631594511742,0.09027631308061597,0.09027631021612037,0.09027630735163103,0.09027630448714749,0.09027630162266986,0.09027629875819862,0.09027629589373312,0.09027629302927363,0.09027629016482039,0.09027628730037318,0.090276284435932,0.09027628157149682,0.09027627870706746,0.09027627584264429,0.09027627297822703,0.0902762701138159,0.09027626724941057,0.09027626438501142,0.09027626152061824,0.09027625865623086,0.09027625579184981,0.09027625292747464,0.0902762500631056,0.09027624719874246,0.09027624433438541,0.09027624147003432,0.09027623860568934,0.09027623574135016,0.09027623287701722,0.09027623001269017,0.09027622714836919,0.09027622428405414,0.09027622141974524,0.09027621855544223,0.09027621569114536,0.09027621282685437,0.09027620996256919,0.09027620709829033,0.09027620423401744,0.09027620136975034,0.09027619850548957,0.09027619564123464,0.09027619277698565,0.09027618991274286,0.09027618704850593,0.09027618418427492,0.09027618132005018,0.0902761784558313,0.09027617559161856,0.09027617272741179,0.09027616986321109,0.09027616699901639,0.09027616413482767,0.090276161270645,0.09027615840646822,0.09027615554229758,0.09027615267813272,0.09027614981397376,0.09027614694982117,0.09027614408567435,0.09027614122153374,0.09027613835739898,0.09027613549327011,0.09027613262914753,0.09027612976503079,0.09027612690092023,0.09027612403681576,0.09027612117271727,0.09027611830862455,0.090276115444538,0.09027611258045738,0.09027610971638257,0.09027610685231408,0.09027610398825131,0.09027610112419455,0.09027609826014407,0.0902760953960995,0.09027609253206084,0.09027608966802801,0.0902760868040011,0.09027608393998064,0.09027608107596602,0.09027607821195757,0.09027607534795512,0.09027607248395868,0.09027606961996829,0.09027606675598383,0.09027606389200543,0.09027606102803275,0.09027605816406607,0.09027605530010568,0.0902760524361511,0.09027604957220271,0.0902760467082603,0.09027604384432396,0.09027604098039355,0.09027603811646907,0.09027603525255068,0.09027603238863822,0.09027602952473181,0.09027602666083133,0.09027602379693697,0.09027602093304851,0.09027601806916621,0.09027601520528986,0.09027601234141935,0.09027600947755472,0.09027600661369639,0.09027600374984385,0.09027600088599753,0.09027599802215704,0.09027599515832253,0.09027599229449423,0.09027598943067172,0.09027598656685516,0.09027598370304458,0.09027598083924027,0.0902759779754418,0.09027597511164921,0.09027597224786289,0.09027596938408261,0.09027596652030827,0.09027596365653982,0.09027596079277722,0.09027595792902059,0.09027595506527031,0.09027595220152577,0.09027594933778749,0.09027594647405507,0.09027594361032878,0.0902759407466085,0.09027593788289368,0.09027593501918547,0.09027593215548288,0.09027592929178627,0.09027592642809595,0.09027592356441137,0.09027592070073266,0.09027591783706038,0.0902759149733938,0.0902759121097331,0.09027590924607881,0.09027590638243028,0.09027590351878767,0.09027590065515137,0.09027589779152086,0.09027589492789652,0.09027589206427798,0.09027588920066523,0.09027588633705891,0.09027588347345845,0.09027588060986412,0.09027587774627564,0.09027587488269333,0.09027587201911684,0.09027586915554646,0.090275866291982,0.09027586342842366,0.09027586056487116,0.09027585770132478,0.09027585483778429,0.0902758519742499,0.09027584911072152,0.0902758462471991,0.09027584338368273,0.09027584052017217,0.09027583765666773,0.09027583479316934,0.09027583192967686,0.09027582906619046,0.09027582620271002,0.09027582333923548,0.09027582047576703,0.0902758176123046,0.09027581474884805,0.09027581188539763,0.09027580902195306,0.09027580615851431,0.09027580329508186,0.0902758004316554,0.09027579756823478,0.09027579470482004,0.09027579184141123,0.09027578897800875,0.09027578611461212,0.0902757832512216,0.09027578038783694,0.09027577752445823,0.09027577466108573,0.09027577179771906,0.09027576893435826,0.09027576607100374,0.09027576320765517,0.09027576034431262,0.09027575748097588,0.09027575461764507,0.09027575175432048,0.09027574889100179,0.09027574602768888,0.09027574316438228,0.09027574030108156,0.09027573743778669,0.0902757345744981,0.09027573171121542,0.09027572884793875,0.0902757259846681,0.09027572312140345,0.09027572025814475,0.09027571739489205,0.09027571453164535,0.09027571166840463,0.0902757088051699,0.09027570594194116,0.09027570307871824,0.09027570021550153,0.09027569735229057,0.09027569448908553,0.09027569162588676,0.09027568876269385,0.09027568589950702,0.0902756830363261,0.09027568017315124,0.09027567730998225,0.09027567444681944,0.09027567158366241,0.09027566872051153,0.09027566585736639,0.09027566299422754,0.0902756601310945,0.09027565726796759,0.09027565440484628,0.09027565154173134,0.09027564867862226,0.09027564581551899,0.090275642952422,0.09027564008933081,0.09027563722624556,0.09027563436316616,0.0902756315000931,0.09027562863702597,0.09027562577396468,0.09027562291090925,0.09027562004786018,0.09027561718481694,0.09027561432177983,0.09027561145874856,0.09027560859572342,0.09027560573270414,0.09027560286969097,0.0902756000066837,0.09027559714368251,0.09027559428068718,0.09027559141769789,0.09027558855471454,0.09027558569173727,0.09027558282876585,0.09027557996580009,0.09027557710284079,0.0902755742398873,0.09027557137693973,0.09027556851399797,0.09027556565106261,0.09027556278813294,0.09027555992520911,0.09027555706229128,0.09027555419937981,0.09027555133647422,0.09027554847357451,0.09027554561068103,0.0902755427477934,0.09027553988491187,0.09027553702203617,0.09027553415916661,0.0902755312963028,0.09027552843344482,0.09027552557059283,0.09027552270774722,0.0902755198449074,0.09027551698207369,0.09027551411924593,0.09027551125642425,0.09027550839360841,0.09027550553079867,0.09027550266799479,0.09027549980519703,0.09027549694240515,0.09027549407961932,0.09027549121683955,0.09027548835406547,0.09027548549129764,0.09027548262853562,0.09027547976577971,0.09027547690302959,0.09027547404028534,0.09027547117754738,0.09027546831481524,0.09027546545208927,0.09027546258936918,0.09027545972665511,0.09027545686394693,0.09027545400124465,0.09027545113854855,0.09027544827585841,0.09027544541317424,0.09027544255049581,0.09027543968782338,0.09027543682515712,0.0902754339624969,0.09027543109984261,0.0902754282371943,0.09027542537455198,0.09027542251191557,0.09027541964928494,0.09027541678666058,0.09027541392404216,0.09027541106142953,0.09027540819882307,0.09027540533622246,0.09027540247362797,0.0902753996110393,0.09027539674845642,0.09027539388587985,0.09027539102330925,0.09027538816074447,0.09027538529818582,0.09027538243563303,0.09027537957308636,0.09027537671054546,0.09027537384801047,0.09027537098548172,0.09027536812295893,0.09027536526044201,0.09027536239793091,0.09027535953542604,0.09027535667292702,0.09027535381043414,0.0902753509479471,0.09027534808546613,0.09027534522299105,0.09027534236052177,0.09027533949805872,0.0902753366356015,0.09027533377315042,0.09027533091070512,0.09027532804826564,0.09027532518583246,0.09027532232340532,0.09027531946098408,0.0902753165985687,0.0902753137361592,0.09027531087375587,0.09027530801135841,0.09027530514896703,0.09027530228658145,0.09027529942420205,0.09027529656182862,0.09027529369946077,0.09027529083709897,0.09027528797474343,0.09027528511239356,0.09027528225004978,0.09027527938771214,0.09027527652538052,0.09027527366305482,0.09027527080073511,0.09027526793842128,0.09027526507611326,0.0902752622138115,0.09027525935151554,0.09027525648922569,0.0902752536269418,0.09027525076466385,0.09027524790239166,0.09027524504012574,0.09027524217786558,0.09027523931561153,0.09027523645336342,0.0902752335911212,0.09027523072888506,0.09027522786665493,0.0902752250044306,0.09027522214221215,0.09027521927999989,0.09027521641779347,0.09027521355559319,0.09027521069339887,0.09027520783121051,0.09027520496902809,0.09027520210685162,0.09027519924468085,0.09027519638251635,0.09027519352035772,0.09027519065820518,0.09027518779605843,0.09027518493391781,0.09027518207178299,0.09027517920965429,0.09027517634753147,0.09027517348541467,0.09027517062330372,0.09027516776119866,0.09027516489909983,0.09027516203700675,0.09027515917491948,0.0902751563128385,0.09027515345076333,0.09027515058869401,0.09027514772663092,0.09027514486457375,0.09027514200252257,0.09027513914047729,0.09027513627843786,0.09027513341640432,0.09027513055437704,0.09027512769235539,0.09027512483034004,0.09027512196833064,0.09027511910632695,0.09027511624432952,0.09027511338233805,0.09027511052035232,0.0902751076583728,0.09027510479639884,0.09027510193443097,0.09027509907246926,0.09027509621051334,0.09027509334856364,0.09027509048661952,0.09027508762468148,0.09027508476274966,0.0902750819008237,0.09027507903890379,0.09027507617698986,0.09027507331508176,0.09027507045317978,0.09027506759128368,0.09027506472939345,0.0902750618675093,0.09027505900563113,0.09027505614375894,0.09027505328189267,0.09027505042003224,0.0902750475581774,0.09027504469632888,0.09027504183448648,0.09027503897265017,0.09027503611081994,0.09027503324899538,0.09027503038717624,0.0902750275253635,0.09027502466355684,0.09027502180175632,0.09027501893996163,0.09027501607817291,0.09027501321639007,0.0902750103546131,0.0902750074928422,0.09027500463107689,0.09027500176931769,0.09027499890756471,0.09027499604581753,0.09027499318407646,0.09027499032234135,0.09027498746061206,0.09027498459888887,0.09027498173717152,0.09027497887546013,0.09027497601375478,0.09027497315205522,0.09027497029036179,0.09027496742867432,0.09027496456699277,0.09027496170531725,0.0902749588436475,0.09027495598198389,0.09027495312032623,0.09027495025867434,0.09027494739702856,0.09027494453538877,0.09027494167375477,0.09027493881212689,0.09027493595050474,0.09027493308888834,0.09027493022727834,0.09027492736567418,0.09027492450407608,0.09027492164248377,0.09027491878089731,0.09027491591931713,0.09027491305774271,0.09027491019617441,0.09027490733461185,0.09027490447305521,0.09027490161150474,0.09027489874996002,0.09027489588842111,0.09027489302688808,0.09027489016536146,0.09027488730384065,0.09027488444232568,0.0902748815808165,0.09027487871931372,0.09027487585781674,0.09027487299632563,0.09027487013484041,0.09027486727336141,0.09027486441188819,0.0902748615504208,0.09027485868895926,0.0902748558275041,0.09027485296605464,0.09027485010461114,0.09027484724317378,0.09027484438174191,0.09027484152031619,0.09027483865889671,0.09027483579748319,0.09027483293607562,0.09027483007467398,0.09027482721327808,0.0902748243518884,0.0902748214905045,0.0902748186291264,0.09027481576775458,0.09027481290638856,0.09027481004502846,0.09027480718367446,0.09027480432232687,0.0902748014609846,0.09027479859964845,0.09027479573831838,0.09027479287699422,0.09027479001567552,0.09027478715436345,0.09027478429305687,0.09027478143175616,0.09027477857046165,0.09027477570917299,0.09027477284789036,0.0902747699866137,0.09027476712534291,0.09027476426407817,0.09027476140281927,0.0902747585415662,0.09027475568031895,0.09027475281907799,0.09027474995784289,0.09027474709661386,0.09027474423539066,0.09027474137417348,0.09027473851296214,0.09027473565175635,0.0902747327905567,0.09027472992936333,0.09027472706817576,0.09027472420699395,0.09027472134581815,0.09027471848464855,0.09027471562348455,0.09027471276232685,0.09027470990117502,0.09027470704002921,0.09027470417888926,0.09027470131775536,0.09027469845662729,0.09027469559550524,0.09027469273438912,0.09027468987327904,0.09027468701217478,0.0902746841510766,0.09027468128998423,0.0902746784288979,0.09027467556781749,0.09027467270674293,0.09027466984567417,0.09027466698461165,0.09027466412355514,0.0902746612625045,0.09027465840145968,0.09027465554042095,0.09027465267938785,0.09027464981836072,0.09027464695733978,0.09027464409632473,0.09027464123531569,0.09027463837431261,0.09027463551331533,0.09027463265232392,0.09027462979133866,0.09027462693035924,0.09027462406938587,0.09027462120841824,0.09027461834745673,0.0902746154865011,0.09027461262555121,0.09027460976460751,0.09027460690366963,0.09027460404273782,0.09027460118181183,0.09027459832089194,0.09027459545997792,0.09027459259906988,0.09027458973816771,0.09027458687727134,0.09027458401638117,0.09027458115549689,0.09027457829461823,0.09027457543374585,0.09027457257287935,0.09027456971201887,0.09027456685116435,0.09027456399031561,0.09027456112947269,0.09027455826863565,0.09027455540780487,0.09027455254697984,0.09027454968616073,0.09027454682534776,0.09027454396454042,0.09027454110373892,0.09027453824294382,0.09027453538215453,0.0902745325213711,0.09027452966059404,0.09027452679982267,0.09027452393905713,0.09027452107829761,0.09027451821754452,0.09027451535679662,0.0902745124960549,0.09027450963531904,0.09027450677458922,0.09027450391386523,0.09027450105314704,0.09027449819243506,0.09027449533172895,0.09027449247102855,0.0902744896103344,0.09027448674964599,0.09027448388896371,0.09027448102828711,0.09027447816761669,0.09027447530695196,0.09027447244629323,0.09027446958564017,0.09027446672499347,0.09027446386435282,0.09027446100371764,0.09027445814308876,0.09027445528246562,0.09027445242184834,0.09027444956123733,0.0902744467006323,0.09027444384003296,0.09027444097943967,0.09027443811885233,0.09027443525827095,0.09027443239769536,0.09027442953712571,0.09027442667656212,0.0902744238160045,0.0902744209554524,0.09027441809490663,0.09027441523436663,0.09027441237383271,0.09027440951330401,0.09027440665278195,0.09027440379226577,0.0902744009317556,0.09027439807125122,0.09027439521075181,0.09027439235025939,0.09027438948977284,0.09027438662929232,0.09027438376881763,0.090274380908349,0.09027437804788625,0.09027437518742919,0.09027437232697838,0.09027436946653333,0.09027436660609407,0.090274363745661,0.09027436088523375,0.09027435802481226,0.09027435516439704,0.09027435230398752,0.09027434944358415,0.0902743465831865,0.09027434372279497,0.09027434086240937,0.09027433800202968,0.09027433514165588,0.0902743322812879,0.09027432942092602,0.09027432656057002,0.09027432370021975,0.09027432083987565,0.09027431797953737,0.09027431511920493,0.0902743122588786,0.09027430939855809,0.09027430653824368,0.09027430367793506,0.09027430081763212,0.09027429795733548,0.09027429509704521,0.09027429223676017,0.09027428937648128,0.09027428651620824,0.09027428365594126,0.09027428079568009,0.09027427793542471,0.0902742750751755,0.09027427221493209,0.09027426935469449,0.09027426649446277,0.0902742636342372,0.09027426077401757,0.09027425791380389,0.09027425505359604,0.09027425219339408,0.09027424933319819,0.09027424647300818,0.09027424361282374,0.09027424075264567,0.09027423789247367,0.09027423503230711,0.09027423217214678,0.09027422931199228,0.09027422645184352,0.09027422359170097,0.09027422073156421,0.0902742178714332,0.0902742150113084,0.0902742121511895,0.0902742092910763,0.09027420643096933,0.09027420357086832,0.09027420071077275,0.09027419785068323,0.09027419499059998,0.09027419213052258,0.0902741892704512,0.09027418641038565,0.09027418355032593,0.09027418069027203,0.09027417783022426,0.09027417497018245,0.09027417211014643,0.0902741692501162,0.09027416639009218,0.0902741635300741,0.09027416067006093,0.09027415781005374,0.09027415495005289,0.09027415209005848,0.09027414923006973,0.09027414637008704,0.09027414351011025,0.09027414065013953,0.09027413779017421,0.09027413493021498,0.09027413207026201,0.09027412921031422,0.09027412635037292,0.09027412349043773,0.09027412063050862,0.09027411777058501,0.09027411491066761,0.09027411205075592,0.09027410919085035,0.09027410633095069,0.09027410347105673,0.09027410061116893,0.0902740977512874,0.09027409489141142,0.0902740920315413,0.09027408917167704,0.09027408631181853,0.09027408345196627,0.09027408059211915,0.0902740777322775,0.09027407487244274,0.09027407201261411,0.09027406915279133,0.09027406629297444,0.09027406343316323,0.0902740605733583,0.09027405771355915,0.09027405485376602,0.09027405199397877,0.09027404913419752,0.09027404627442162,0.09027404341465212,0.09027404055488866,0.09027403769513077,0.09027403483537884,0.09027403197563308,0.09027402911589352,0.09027402625615943,0.0902740233964314,0.09027402053670948,0.09027401767699327,0.09027401481728296,0.09027401195757828,0.09027400909787989,0.09027400623818727,0.09027400337849933,0.09027400051881868,0.09027399765914419,0.09027399479947538,0.09027399193981146,0.09027398908015448,0.09027398622050264,0.09027398622050264,0.09027398622050266,0.09027398622050264,0.09027398622050264,0.09027398622050266,0.09027398622050267,0.0902739862205027,0.09027398622050267,0.0902739862205027,0.09027398622050267,0.09027398622050267,0.09027398622050267,0.09027398622050266,0.09027398622050266,0.09027398622050266,0.09027398622050266,0.09027398622050267,0.09027398622050266,0.09027398622050264,0.09027398622050264,0.09027398622050264,0.09027398622050266,0.09027398622050264,0.09027398622050266,0.09027398622050264,0.09027398622050266,0.09027398622050266,0.09027398622050264,0.09027398622050267,0.09027398622050269,0.09027398622050269,0.09027398622050269,0.09027398622050271,0.09027398622050271,0.09027398622050271,0.09027398622050271,0.09027398622050271,0.09027398622050271,0.09027398622050271,0.09027398622050271,0.09027398622050271,0.09027398622050269,0.09027398622050269,0.09027398622050271,0.09027398622050271,0.09027398622050269,0.09027398622050269,0.09027398622050269,0.0902739862205027,0.09027398622050267,0.09027398622050269,0.09027398622050271,0.09027398622050269,0.09027398622050269,0.09027398622050267,0.09027398622050266,0.09027398622050266,0.09027398622050266,0.09027398622050266,0.09027398622050266,0.09027398622050266,0.09027398622050269,0.09027398622050269,0.09027398622050269,0.09027398622050267,0.09027398622050267,0.09027398622050267,0.09027398622050267,0.09027398622050266,0.09027398622050266,0.09027398622050266,0.09027398622050266,0.09027398622050266,0.09027398622050266,0.09027398622050266,0.09027398622050266,0.09027398622050266,0.09027398622050266,0.09027398622050266,0.09027398622050267,0.09027398622050267,0.09027398622050269,0.0902739862205027,0.09027398622050269,0.0902739862205027,0.0902739862205027,0.0902739862205027,0.0902739862205027,0.0902739862205027,0.09027398622050271,0.0902739862205027,0.09027398622050267,0.09027398622050267,0.09027398622050269,0.09027398622050269,0.09027398622050269,0.09027398622050269,0.09027398622050269,0.09027398622050267,0.09027398622050267,0.09027398622050269,0.09027398622050269,0.09027398622050269,0.09027398622050269,0.09027398622050269,0.09027398622050269,0.09027398622050269,0.09027398622050271,0.09027398622050267,0.09027398622050267,0.09027398622050267,0.0902739862205027,0.09027398622050267,0.09027398622050267,0.09027398622050267,0.09027398622050267,0.0902739862205027,0.0902739862205027,0.09027398622050267,0.09027398622050267,0.09027398622050267,0.09027398622050267,0.09027398622050267,0.09027398622050267,0.09027398622050267,0.09027398622050267,0.09027398622050267,0.09027398622050267,0.09027398622050267,0.09027398622050267,0.09027398622050267,0.09027398622050267,0.09027398622050269,0.09027398622050269,0.09027398622050269,0.09027398622050269,0.09027398622050269,0.09027398622050267,0.09027398622050267,0.09027398622050269,0.09027398622050269,0.0902739862205027,0.09027398622050269,0.09027398622050269,0.09027398622050269,0.09027398622050269,0.09027398622050269,0.09027398622050269,0.0902739862205027,0.09027398622050269,0.0902739862205027,0.0902739862205027,0.09027398622050269,0.0902739862205027,0.09027398622050269,0.09027398622050269,0.09027398622050269,0.09027398622050269,0.09027398622050269,0.09027398622050269,0.09027398622050269,0.09027398622050269,0.09027398622050269,0.09027398622050269,0.0902739862205027,0.09027398622050267,0.09027398622050267,0.09027398622050267,0.09027398622050269,0.09027398622050269,0.09027398622050269,0.0902739862205027,0.0902739862205027,0.0902739862205027,0.0902739862205027,0.09027398622050274,0.09027398622050271,0.09027398622050271,0.09027398622050274,0.09027398622050271,0.09027398622050274,0.09027398622050274,0.09027398622050271,0.09027398622050277,0.09027398622050274,0.09027398622050274,0.09027398622050274,0.09027398622050271,0.09027398622050274,0.09027398622050276,0.09027398622050278,0.0902739862205028,0.0902739862205028,0.0902739862205028,0.0902739862205028,0.0902739862205028,0.0902739862205028,0.0902739862205028,0.09027398622050277,0.09027398622050277,0.0902739862205028,0.0902739862205028,0.0902739862205028,0.0902739862205028,0.0902739862205028,0.0902739862205028,0.0902739862205028,0.09027398622050282,0.0902739862205028,0.0902739862205028,0.09027398622050282,0.09027398622050282,0.09027398622050282,0.09027398622050282,0.09027398622050282,0.09027398622050282,0.09027398622050282,0.09027398622050282,0.09027398622050282,0.09027398622050282,0.09027398622050282,0.0902739862205028,0.09027398622050281,0.09027398622050284,0.09027398622050281,0.09027398622050284,0.09027398622050281,0.09027398622050281,0.09027398622050281,0.09027398622050281,0.09027398622050281,0.09027398622050281,0.0902739862205028,0.09027398622050278,0.09027398622050277,0.09027398622050277,0.09027398622050277,0.09027398622050278,0.09027398622050278,0.09027398622050278,0.09027398622050278,0.09027398622050278,0.09027398622050278,0.09027398622050278,0.09027398622050277,0.09027398622050278,0.0902739862205028,0.0902739862205028,0.0902739862205028,0.09027398622050281,0.09027398622050281,0.09027398622050284,0.09027398622050282,0.09027398622050282,0.09027398622050282,0.09027398622050282,0.09027398622050281,0.09027398622050284,0.09027398622050282,0.09027398622050282,0.09027398622050282,0.09027398622050282,0.09027398622050282,0.09027398622050282,0.09027398622050282,0.09027398622050282,0.09027398622050282,0.09027398622050285,0.09027398622050285,0.09027398622050285,0.09027398622050282,0.09027398622050282,0.09027398622050285,0.09027398622050285,0.09027398622050285,0.09027398622050285,0.09027398622050285,0.09027398622050282,0.09027398622050282,0.09027398622050285,0.09027398622050285,0.09027398622050285,0.09027398622050285,0.09027398622050285,0.09027398622050285,0.09027398622050285,0.09027398622050287,0.09027398622050287,0.09027398622050285,0.09027398622050285,0.09027398622050285,0.09027398622050285,0.09027398622050285,0.09027398622050288,0.09027398622050288,0.09027398622050288,0.09027398622050288,0.09027398622050288,0.09027398622050288,0.09027398622050285,0.09027398622050287,0.09027398622050287,0.09027398622050287,0.09027398622050287,0.09027398622050287,0.09027398622050287,0.09027398622050287,0.09027398622050287,0.09027398622050287,0.09027398622050288,0.09027398622050287,0.09027398622050287,0.09027398622050287,0.0902739862205029,0.0902739862205029,0.0902739862205029,0.09027398622050288,0.09027398622050288,0.09027398622050288,0.09027398622050288,0.0902739862205029,0.09027398622050288,0.09027398622050288,0.0902739862205029,0.09027398622050287,0.0902739862205029,0.0902739862205029,0.0902739862205029,0.0902739862205029,0.09027398622050288,0.0902739862205029,0.0902739862205029,0.09027398622050287,0.0902739862205029,0.09027398622050287,0.0902739862205029,0.0902739862205029,0.0902739862205029,0.0902739862205029,0.0902739862205029,0.0902739862205029,0.0902739862205029,0.0902739862205029,0.0902739862205029,0.0902739862205029,0.0902739862205029,0.0902739862205029,0.0902739862205029,0.09027398622050292,0.09027398622050292,0.09027398622050292,0.09027398622050295,0.09027398622050295,0.09027398622050295,0.09027398622050295,0.09027398622050295,0.09027398622050295,0.09027398622050295,0.09027398622050295,0.09027398622050295,0.09027398622050296,0.09027398622050296,0.09027398622050296,0.09027398622050296,0.09027398622050298,0.09027398622050296,0.09027398622050296,0.09027398622050299,0.09027398622050298,0.09027398622050299,0.09027398622050299,0.09027398622050298,0.09027398622050299,0.09027398622050299,0.09027398622050299,0.09027398622050299,0.09027398622050299,0.09027398622050299,0.09027398622050299,0.09027398622050298,0.09027398622050299,0.09027398622050299,0.09027398622050299,0.09027398622050302,0.090273986220503,0.09027398622050303,0.09027398622050303,0.09027398622050303,0.09027398622050303,0.09027398622050302,0.09027398622050305,0.09027398622050305,0.09027398622050305,0.09027398622050303,0.09027398622050303,0.09027398622050303,0.09027398622050303,0.09027398622050305,0.09027398622050305,0.09027398622050303,0.09027398622050303,0.09027398622050303,0.09027398622050303,0.09027398622050303,0.09027398622050305,0.09027398622050305,0.09027398622050305,0.09027398622050305,0.09027398622050305,0.09027398622050306,0.09027398622050305,0.09027398622050306,0.09027398622050306,0.09027398622050306,0.09027398622050305,0.09027398622050306,0.09027398622050305,0.09027398622050306,0.09027398622050306,0.09027398622050306,0.09027398622050306,0.09027398622050303,0.09027398622050306,0.09027398622050306,0.09027398622050306,0.09027398622050306,0.09027398622050306,0.09027398622050306,0.09027398622050306,0.09027398622050306,0.09027398622050307,0.09027398622050307,0.0902739862205031,0.0902739862205031,0.0902739862205031,0.0902739862205031,0.0902739862205031,0.09027398622050312,0.09027398622050312,0.0902739862205031,0.09027398622050312,0.0902739862205031,0.09027398622050312,0.09027398622050312,0.0902739862205031,0.0902739862205031,0.09027398622050313,0.09027398622050313,0.09027398622050313,0.0902739862205031,0.09027398622050313,0.09027398622050313,0.09027398622050313,0.09027398622050313,0.09027398622050313,0.09027398622050313,0.09027398622050313,0.09027398622050313,0.09027398622050313,0.09027398622050312,0.09027398622050312,0.09027398622050313,0.09027398622050313,0.09027398622050313,0.09027398622050314,0.09027398622050316,0.09027398622050316,0.09027398622050316,0.09027398622050317,0.09027398622050317,0.09027398622050314,0.09027398622050317,0.09027398622050317,0.09027398622050317,0.0902739862205032,0.0902739862205032,0.0902739862205032,0.0902739862205032,0.0902739862205032,0.0902739862205032,0.0902739862205032,0.09027398622050321,0.09027398622050321,0.09027398622050321,0.09027398622050323,0.09027398622050323,0.09027398622050321,0.09027398622050321,0.09027398622050321,0.09027398622050321,0.09027398622050321,0.09027398622050321,0.09027398622050321,0.09027398622050321,0.09027398622050321,0.09027398622050321,0.09027398622050321,0.09027398622050321,0.09027398622050323,0.09027398622050321,0.09027398622050321,0.09027398622050321,0.09027398622050321,0.09027398622050321,0.09027398622050321,0.09027398622050323,0.09027398622050323,0.09027398622050323,0.09027398622050323,0.09027398622050323,0.09027398622050321,0.09027398622050321,0.09027398622050323,0.09027398622050323,0.09027398622050323,0.09027398622050323,0.09027398622050323,0.09027398622050326,0.09027398622050326,0.09027398622050326,0.09027398622050326,0.09027398622050323,0.09027398622050326,0.09027398622050326,0.09027398622050323,0.09027398622050326,0.09027398622050326,0.09027398622050326,0.09027398622050327,0.09027398622050326,0.09027398622050327,0.09027398622050327,0.09027398622050327,0.09027398622050324,0.09027398622050326,0.09027398622050326,0.09027398622050323,0.09027398622050326,0.09027398622050326,0.09027398622050326,0.09027398622050326,0.09027398622050326,0.09027398622050328,0.09027398622050327,0.09027398622050327,0.0902739862205033,0.0902739862205033,0.09027398622050327,0.0902739862205033,0.0902739862205033,0.09027398622050327,0.0902739862205033,0.0902739862205033,0.0902739862205033,0.0902739862205033,0.0902739862205033,0.0902739862205033,0.0902739862205033,0.0902739862205033,0.0902739862205033,0.0902739862205033,0.09027398622050331,0.09027398622050331,0.09027398622050331,0.09027398622050332,0.09027398622050331,0.09027398622050331,0.09027398622050331,0.09027398622050334,0.09027398622050331,0.09027398622050331,0.09027398622050334,0.09027398622050334,0.09027398622050331,0.09027398622050334,0.09027398622050334,0.09027398622050331,0.09027398622050331,0.09027398622050334,0.09027398622050334,0.09027398622050334,0.09027398622050334,0.09027398622050331,0.09027398622050334,0.09027398622050331,0.09027398622050334,0.09027398622050334,0.09027398622050331,0.09027398622050334,0.09027398622050331,0.09027398622050334,0.09027398622050334,0.09027398622050332,0.09027398622050334,0.09027398622050334,0.09027398622050334,0.09027398622050335,0.09027398622050335,0.09027398622050335,0.09027398622050334,0.09027398622050337,0.09027398622050337,0.09027398622050337,0.09027398622050335,0.09027398622050335,0.09027398622050335,0.09027398622050338,0.09027398622050338,0.09027398622050338,0.09027398622050337,0.09027398622050335,0.09027398622050337,0.09027398622050337,0.09027398622050337,0.09027398622050337,0.09027398622050337,0.09027398622050337,0.09027398622050337,0.09027398622050337,0.09027398622050337,0.09027398622050337,0.09027398622050337,0.0902739862205034,0.0902739862205034,0.0902739862205034,0.0902739862205034,0.0902739862205034,0.09027398622050341,0.09027398622050341,0.09027398622050341,0.09027398622050341,0.09027398622050341,0.09027398622050341,0.09027398622050341,0.0902739862205034,0.0902739862205034,0.0902739862205034,0.0902739862205034,0.0902739862205034,0.09027398622050341,0.09027398622050341,0.0902739862205034,0.0902739862205034,0.0902739862205034,0.09027398622050341,0.0902739862205034,0.09027398622050341,0.09027398622050341,0.09027398622050341,0.0902739862205034,0.09027398622050341,0.09027398622050341,0.09027398622050341,0.0902739862205034,0.09027398622050341,0.09027398622050341,0.09027398622050341,0.09027398622050341,0.09027398622050341,0.09027398622050341,0.09027398622050341,0.09027398622050341,0.09027398622050341,0.09027398622050344,0.09027398622050344,0.09027398622050344,0.09027398622050344,0.09027398622050344,0.09027398622050344,0.09027398622050344,0.09027398622050346,0.09027398622050346,0.09027398622050346,0.09027398622050346,0.09027398622050348,0.09027398622050346,0.09027398622050346,0.09027398622050348,0.09027398622050348,0.09027398622050348,0.09027398622050348,0.09027398622050348,0.09027398622050348,0.09027398622050348,0.09027398622050348,0.09027398622050348,0.09027398622050348,0.09027398622050348,0.09027398622050348,0.09027398622050348,0.09027398622050348,0.09027398622050348,0.09027398622050348,0.09027398622050348,0.09027398622050348,0.09027398622050349,0.09027398622050346,0.09027398622050348,0.09027398622050348,0.09027398622050348,0.09027398622050346,0.09027398622050349,0.09027398622050346,0.09027398622050349,0.09027398622050346,0.09027398622050349,0.09027398622050349,0.09027398622050349,0.09027398622050349,0.09027398622050349,0.09027398622050349,0.09027398622050349,0.09027398622050349,0.09027398622050349,0.09027398622050349,0.0902739862205035,0.0902739862205035,0.09027398622050352,0.09027398622050352,0.09027398622050352,0.09027398622050352,0.09027398622050352,0.09027398622050355,0.09027398622050355,0.09027398622050355,0.09027398622050355,0.09027398622050355,0.09027398622050355,0.09027398622050355,0.09027398622050355,0.09027398622050355,0.09027398622050355,0.09027398622050355,0.09027398622050355,0.09027398622050355,0.09027398622050355,0.09027398622050357,0.09027398622050357,0.09027398622050357,0.09027398622050357,0.09027398622050357,0.09027398622050356,0.09027398622050357,0.09027398622050356,0.09027398622050357,0.09027398622050356,0.09027398622050357,0.09027398622050357,0.09027398622050356,0.09027398622050357,0.09027398622050357,0.09027398622050357,0.09027398622050357,0.09027398622050356,0.09027398622050357,0.09027398622050357,0.09027398622050357,0.09027398622050357,0.09027398622050357,0.09027398622050357,0.0902739862205036,0.0902739862205036,0.09027398622050363,0.09027398622050362,0.09027398622050359,0.0902739862205036,0.0902739862205036,0.0902739862205036,0.0902739862205036,0.09027398622050363,0.09027398622050363,0.09027398622050362,0.09027398622050362,0.09027398622050362,0.09027398622050362,0.09027398622050362,0.09027398622050362,0.09027398622050362,0.09027398622050362,0.09027398622050362,0.09027398622050362,0.09027398622050364,0.09027398622050364,0.09027398622050364,0.09027398622050364,0.09027398622050364,0.09027398622050364,0.09027398622050364,0.09027398622050364,0.09027398622050364,0.09027398622050364,0.09027398622050364,0.09027398622050364,0.09027398622050366,0.09027398622050366,0.09027398622050366,0.09027398622050364,0.09027398622050366,0.09027398622050364,0.09027398622050366,0.09027398622050366,0.09027398622050364,0.09027398622050364,0.09027398622050366,0.09027398622050366,0.09027398622050366,0.09027398622050366,0.09027398622050364,0.09027398622050366,0.09027398622050364,0.09027398622050366,0.09027398622050366,0.09027398622050367,0.09027398622050367,0.09027398622050367,0.09027398622050366,0.09027398622050367,0.09027398622050367,0.09027398622050366,0.09027398622050366,0.09027398622050366,0.09027398622050366,0.09027398622050366,0.09027398622050366,0.09027398622050366,0.09027398622050366,0.09027398622050366,0.09027398622050366,0.09027398622050366,0.09027398622050366,0.09027398622050366,0.09027398622050366,0.09027398622050366,0.09027398622050366,0.09027398622050363,0.09027398622050366,0.09027398622050366,0.09027398622050366,0.09027398622050366,0.09027398622050366,0.09027398622050366,0.09027398622050363,0.09027398622050366,0.09027398622050366,0.09027398622050366,0.09027398622050367,0.09027398622050367,0.09027398622050367,0.09027398622050367,0.09027398622050367,0.09027398622050367,0.09027398622050367,0.09027398622050367,0.09027398622050367,0.09027398622050367,0.09027398622050369,0.09027398622050369,0.0902739862205037,0.09027398622050369,0.09027398622050371,0.09027398622050371,0.09027398622050369,0.09027398622050371,0.09027398622050369,0.09027398622050369,0.09027398622050371,0.09027398622050369,0.09027398622050371,0.09027398622050371,0.09027398622050371,0.09027398622050371,0.0902739862205037,0.09027398622050369,0.0902739862205037,0.09027398622050369,0.09027398622050371,0.09027398622050371,0.09027398622050371,0.0902739862205037,0.0902739862205037,0.09027398622050371,0.09027398622050373,0.09027398622050373,0.09027398622050371,0.09027398622050371,0.09027398622050371,0.09027398622050371,0.09027398622050371,0.09027398622050373,0.09027398622050371,0.09027398622050373,0.09027398622050373,0.09027398622050373,0.09027398622050375,0.09027398622050374,0.09027398622050374,0.09027398622050375,0.09027398622050374,0.09027398622050375,0.09027398622050375,0.09027398622050374,0.09027398622050375,0.09027398622050375,0.09027398622050375,0.09027398622050375,0.09027398622050374,0.09027398622050375,0.09027398622050375,0.09027398622050374,0.09027398622050375,0.09027398622050375,0.09027398622050375,0.09027398622050377,0.09027398622050377,0.09027398622050377,0.09027398622050377,0.09027398622050377,0.09027398622050377,0.09027398622050377,0.09027398622050377,0.09027398622050377,0.09027398622050377,0.0902739862205038,0.0902739862205038,0.0902739862205038,0.09027398622050378,0.09027398622050378,0.09027398622050378,0.09027398622050378,0.09027398622050378,0.09027398622050378,0.09027398622050378,0.09027398622050378,0.09027398622050378,0.09027398622050381,0.09027398622050381,0.09027398622050381,0.09027398622050381,0.09027398622050381,0.09027398622050378,0.09027398622050378,0.09027398622050378,0.09027398622050378,0.09027398622050378,0.09027398622050378,0.09027398622050378,0.09027398622050381,0.09027398622050381,0.09027398622050381,0.09027398622050381,0.09027398622050378,0.09027398622050381,0.09027398622050381,0.09027398622050381,0.09027398622050381,0.09027398622050381,0.09027398622050381,0.09027398622050381,0.09027398622050381,0.09027398622050381,0.09027398622050381,0.09027398622050381,0.09027398622050381,0.09027398622050381,0.09027398622050381,0.09027398622050384,0.09027398622050384,0.09027398622050384,0.09027398622050384,0.09027398622050384,0.09027398622050381,0.09027398622050384,0.09027398622050384,0.09027398622050384,0.09027398622050384,0.09027398622050384,0.09027398622050384,0.09027398622050384,0.09027398622050384,0.09027398622050385,0.09027398622050387,0.09027398622050387,0.09027398622050385,0.09027398622050385,0.09027398622050387,0.09027398622050387,0.09027398622050385,0.09027398622050387,0.09027398622050387,0.09027398622050387,0.09027398622050387,0.09027398622050387,0.09027398622050385,0.09027398622050388,0.09027398622050388,0.09027398622050388,0.09027398622050385,0.09027398622050388,0.09027398622050387,0.09027398622050385,0.09027398622050388,0.09027398622050388,0.09027398622050388,0.09027398622050387,0.09027398622050385,0.09027398622050388,0.09027398622050387,0.09027398622050387,0.09027398622050387,0.09027398622050387,0.09027398622050387,0.0902739862205039,0.09027398622050388,0.0902739862205039,0.0902739862205039,0.09027398622050387,0.09027398622050387,0.09027398622050387,0.0902739862205039,0.0902739862205039,0.0902739862205039,0.0902739862205039,0.0902739862205039,0.0902739862205039,0.0902739862205039,0.0902739862205039,0.0902739862205039,0.0902739862205039,0.0902739862205039,0.0902739862205039,0.09027398622050391,0.09027398622050391,0.09027398622050391,0.09027398622050391,0.09027398622050391,0.09027398622050391,0.09027398622050391,0.09027398622050388,0.09027398622050391,0.09027398622050391,0.09027398622050391,0.09027398622050391,0.09027398622050391,0.09027398622050391,0.09027398622050392,0.09027398622050392,0.09027398622050392,0.09027398622050392,0.09027398622050392,0.09027398622050391,0.09027398622050391,0.09027398622050391,0.09027398622050394,0.09027398622050394,0.09027398622050394,0.09027398622050394,0.09027398622050395,0.09027398622050394,0.09027398622050394,0.09027398622050395,0.09027398622050394,0.09027398622050395,0.09027398622050394,0.09027398622050394,0.09027398622050394,0.09027398622050394,0.09027398622050395,0.09027398622050395,0.09027398622050392,0.09027398622050394,0.09027398622050394,0.09027398622050395,0.09027398622050392,0.09027398622050395,0.09027398622050395,0.09027398622050395,0.09027398622050394,0.09027398622050395,0.09027398622050395,0.09027398622050394,0.09027398622050392,0.09027398622050395,0.09027398622050395,0.09027398622050395,0.09027398622050395,0.09027398622050395,0.09027398622050395,0.09027398622050395,0.09027398622050395,0.09027398622050395,0.09027398622050395,0.09027398622050395,0.09027398622050395,0.09027398622050395,0.09027398622050395,0.09027398622050395,0.09027398622050395,0.09027398622050398,0.090273986220504,0.090273986220504,0.090273986220504,0.090273986220504,0.09027398622050398,0.09027398622050398,0.09027398622050398,0.090273986220504,0.09027398622050398,0.090273986220504,0.090273986220504,0.090273986220504,0.09027398622050398,0.09027398622050398,0.090273986220504,0.09027398622050398,0.090273986220504,0.090273986220504,0.090273986220504,0.090273986220504,0.090273986220504,0.090273986220504,0.090273986220504,0.090273986220504,0.09027398622050398,0.090273986220504,0.090273986220504,0.09027398622050399,0.090273986220504,0.090273986220504,0.090273986220504,0.090273986220504,0.090273986220504,0.09027398622050402,0.09027398622050405,0.09027398622050403,0.09027398622050403,0.09027398622050403,0.09027398622050402,0.09027398622050403,0.09027398622050405,0.09027398622050403,0.09027398622050403,0.09027398622050403,0.09027398622050403,0.09027398622050405,0.09027398622050403,0.09027398622050403,0.09027398622050403,0.09027398622050403,0.09027398622050405,0.09027398622050405,0.09027398622050405,0.09027398622050405,0.09027398622050405,0.09027398622050403,0.09027398622050403,0.09027398622050403,0.09027398622050403,0.09027398622050403,0.09027398622050403,0.09027398622050403,0.09027398622050403,0.09027398622050403,0.09027398622050403,0.09027398622050405,0.09027398622050405,0.09027398622050405,0.09027398622050405,0.09027398622050405,0.09027398622050403,0.09027398622050403,0.09027398622050405,0.09027398622050405,0.09027398622050405,0.09027398622050405,0.09027398622050405,0.09027398622050407,0.09027398622050405,0.09027398622050407,0.09027398622050407,0.09027398622050405,0.09027398622050407,0.09027398622050407,0.09027398622050405,0.09027398622050407,0.09027398622050407,0.09027398622050407,0.09027398622050407,0.09027398622050405,0.09027398622050407,0.09027398622050407,0.09027398622050407,0.09027398622050407,0.09027398622050407,0.09027398622050407,0.0902739862205041,0.0902739862205041,0.09027398622050413,0.09027398622050412,0.09027398622050412,0.09027398622050412,0.09027398622050412,0.09027398622050412,0.09027398622050412,0.09027398622050412,0.0902739862205041,0.09027398622050413,0.09027398622050412,0.09027398622050412,0.09027398622050412,0.09027398622050409,0.09027398622050409,0.09027398622050412,0.09027398622050412,0.09027398622050412,0.09027398622050409,0.09027398622050409,0.09027398622050412,0.09027398622050412,0.09027398622050412,0.09027398622050412,0.09027398622050409,0.09027398622050412,0.09027398622050412,0.09027398622050412,0.09027398622050412,0.09027398622050412,0.09027398622050412,0.09027398622050412,0.09027398622050412,0.09027398622050412,0.09027398622050412,0.09027398622050412,0.09027398622050412,0.09027398622050412,0.09027398622050412,0.09027398622050413,0.09027398622050413,0.09027398622050413,0.09027398622050413,0.09027398622050413,0.09027398622050413,0.09027398622050413,0.09027398622050413,0.09027398622050413,0.09027398622050413,0.09027398622050413,0.09027398622050414,0.09027398622050414,0.09027398622050414,0.09027398622050414,0.09027398622050414,0.09027398622050414,0.09027398622050414,0.09027398622050416,0.09027398622050414,0.09027398622050416,0.09027398622050414,0.09027398622050416,0.09027398622050414,0.09027398622050416,0.09027398622050414,0.09027398622050416,0.09027398622050416,0.09027398622050414,0.09027398622050416,0.09027398622050414,0.09027398622050416,0.09027398622050414,0.09027398622050416,0.09027398622050416,0.09027398622050416,0.09027398622050416,0.09027398622050416,0.09027398622050416,0.09027398622050414,0.09027398622050416,0.09027398622050416,0.09027398622050416,0.09027398622050416,0.09027398622050416,0.09027398622050416,0.09027398622050417,0.09027398622050418,0.09027398622050418,0.09027398622050418,0.09027398622050418,0.09027398622050417,0.09027398622050417,0.09027398622050417,0.09027398622050417,0.09027398622050417,0.09027398622050418,0.09027398622050421,0.09027398622050421,0.09027398622050421,0.09027398622050421,0.0902739862205042,0.0902739862205042,0.0902739862205042,0.0902739862205042,0.0902739862205042,0.0902739862205042,0.0902739862205042,0.0902739862205042,0.0902739862205042,0.0902739862205042,0.09027398622050417,0.09027398622050418,0.09027398622050418,0.09027398622050418,0.09027398622050418,0.09027398622050418,0.09027398622050418,0.09027398622050418,0.09027398622050418,0.09027398622050421,0.0902739862205042,0.0902739862205042,0.0902739862205042,0.0902739862205042,0.0902739862205042,0.0902739862205042,0.0902739862205042,0.09027398622050423,0.09027398622050423,0.09027398622050423,0.09027398622050423,0.09027398622050424,0.09027398622050423,0.09027398622050423,0.09027398622050424,0.09027398622050423,0.09027398622050424,0.09027398622050423,0.09027398622050424,0.09027398622050423,0.09027398622050424,0.09027398622050424,0.09027398622050424,0.09027398622050423,0.09027398622050424,0.09027398622050424,0.09027398622050423,0.09027398622050424,0.09027398622050424,0.09027398622050424,0.09027398622050424,0.09027398622050424,0.09027398622050424,0.09027398622050424,0.09027398622050423,0.09027398622050424,0.09027398622050423,0.09027398622050424,0.09027398622050424,0.09027398622050424,0.09027398622050424,0.09027398622050424,0.09027398622050424,0.09027398622050424,0.09027398622050424,0.09027398622050424,0.09027398622050424,0.09027398622050424,0.09027398622050424,0.09027398622050424,0.09027398622050424,0.09027398622050424,0.09027398622050424,0.09027398622050425,0.09027398622050425,0.09027398622050425,0.09027398622050427,0.09027398622050427,0.09027398622050427,0.09027398622050425,0.0902739862205043,0.0902739862205043,0.0902739862205043,0.0902739862205043,0.0902739862205043,0.09027398622050425,0.09027398622050428,0.0902739862205043,0.09027398622050425,0.0902739862205043,0.09027398622050425,0.0902739862205043,0.0902739862205043,0.09027398622050427,0.0902739862205043,0.0902739862205043,0.09027398622050427,0.0902739862205043,0.0902739862205043,0.0902739862205043,0.0902739862205043,0.0902739862205043,0.0902739862205043,0.0902739862205043,0.09027398622050425,0.0902739862205043,0.0902739862205043,0.09027398622050427,0.0902739862205043,0.09027398622050425,0.0902739862205043,0.0902739862205043,0.09027398622050427,0.0902739862205043,0.0902739862205043,0.0902739862205043,0.0902739862205043,0.0902739862205043,0.0902739862205043,0.0902739862205043,0.0902739862205043,0.0902739862205043,0.0902739862205043,0.0902739862205043,0.09027398622050432,0.09027398622050432,0.09027398622050434,0.09027398622050434,0.09027398622050435,0.09027398622050432,0.09027398622050435,0.09027398622050432,0.09027398622050435,0.09027398622050435,0.09027398622050435,0.09027398622050435,0.09027398622050435,0.09027398622050435,0.09027398622050435,0.09027398622050434,0.09027398622050435,0.09027398622050435,0.09027398622050435,0.09027398622050435,0.09027398622050435,0.09027398622050435,0.09027398622050435,0.09027398622050435,0.09027398622050437,0.09027398622050438,0.09027398622050438,0.09027398622050437,0.09027398622050437,0.09027398622050434,0.09027398622050437,0.09027398622050437,0.09027398622050437,0.09027398622050437,0.09027398622050437,0.09027398622050437,0.09027398622050437,0.09027398622050434,0.09027398622050437,0.09027398622050437,0.09027398622050437,0.09027398622050437,0.09027398622050437,0.09027398622050437,0.09027398622050438,0.09027398622050438,0.09027398622050438,0.09027398622050438,0.09027398622050437,0.09027398622050439,0.09027398622050439,0.09027398622050439,0.09027398622050439,0.09027398622050439,0.09027398622050439,0.09027398622050439,0.09027398622050439,0.09027398622050439,0.09027398622050439,0.09027398622050439,0.09027398622050439,0.09027398622050439,0.09027398622050439,0.09027398622050439,0.09027398622050438,0.09027398622050439,0.09027398622050439,0.09027398622050439,0.09027398622050442,0.09027398622050439,0.09027398622050439,0.09027398622050442,0.09027398622050439,0.09027398622050439,0.09027398622050439,0.09027398622050439,0.09027398622050439,0.09027398622050439,0.09027398622050442,0.09027398622050442,0.09027398622050439,0.09027398622050439,0.09027398622050439,0.09027398622050442,0.09027398622050439,0.09027398622050439,0.09027398622050442,0.09027398622050442,0.09027398622050439,0.09027398622050442,0.09027398622050442,0.0902739862205044,0.09027398622050439,0.09027398622050442,0.09027398622050442,0.09027398622050442,0.0902739862205044,0.09027398622050442,0.09027398622050442,0.09027398622050442,0.09027398622050442,0.09027398622050442,0.09027398622050442,0.09027398622050442,0.09027398622050442,0.09027398622050442,0.09027398622050442,0.09027398622050442,0.09027398622050442,0.09027398622050442,0.09027398622050442,0.09027398622050442,0.09027398622050442,0.09027398622050442,0.09027398622050442,0.09027398622050442,0.09027398622050442,0.09027398622050445,0.09027398622050445,0.09027398622050445,0.09027398622050443,0.09027398622050443,0.09027398622050443,0.09027398622050443,0.09027398622050443,0.09027398622050443,0.09027398622050443,0.09027398622050443,0.09027398622050443,0.09027398622050443,0.09027398622050445,0.09027398622050443,0.09027398622050445,0.09027398622050443,0.09027398622050445,0.09027398622050443,0.09027398622050443,0.09027398622050445,0.09027398622050443,0.09027398622050445,0.09027398622050443,0.09027398622050445,0.09027398622050443,0.09027398622050445,0.09027398622050443,0.09027398622050445,0.09027398622050443,0.09027398622050445,0.09027398622050445,0.09027398622050445,0.09027398622050445,0.09027398622050445,0.09027398622050448,0.09027398622050448,0.09027398622050448,0.09027398622050448,0.09027398622050446,0.09027398622050449,0.09027398622050449,0.09027398622050446,0.09027398622050449,0.09027398622050449,0.09027398622050449,0.09027398622050448,0.09027398622050446,0.09027398622050446,0.09027398622050446,0.09027398622050446,0.09027398622050446,0.09027398622050446,0.09027398622050446,0.09027398622050448,0.09027398622050446,0.09027398622050446,0.09027398622050448,0.09027398622050446,0.09027398622050446,0.09027398622050446,0.09027398622050446,0.09027398622050448,0.09027398622050446,0.09027398622050448,0.09027398622050448,0.09027398622050446,0.09027398622050448,0.09027398622050449,0.09027398622050448,0.09027398622050448,0.09027398622050446,0.09027398622050448,0.09027398622050448,0.09027398622050445,0.09027398622050448,0.09027398622050448,0.09027398622050448,0.09027398622050448,0.09027398622050448,0.09027398622050448,0.09027398622050448,0.09027398622050448,0.09027398622050448,0.09027398622050448,0.09027398622050448,0.0902739862205045,0.0902739862205045,0.0902739862205045,0.0902739862205045,0.0902739862205045,0.09027398622050453,0.09027398622050453,0.0902739862205045,0.0902739862205045,0.0902739862205045,0.09027398622050453,0.09027398622050453,0.09027398622050453,0.09027398622050453,0.09027398622050453,0.09027398622050453,0.09027398622050453,0.09027398622050453,0.0902739862205045,0.09027398622050453,0.09027398622050453,0.09027398622050453,0.09027398622050455,0.09027398622050455,0.09027398622050455,0.09027398622050453,0.09027398622050453,0.09027398622050452,0.09027398622050455,0.09027398622050452,0.09027398622050455,0.09027398622050455,0.09027398622050455,0.09027398622050455,0.09027398622050455,0.09027398622050455,0.09027398622050455,0.09027398622050455,0.09027398622050455,0.09027398622050455,0.09027398622050455,0.09027398622050455,0.09027398622050455,0.09027398622050455,0.09027398622050456,0.09027398622050456,0.09027398622050456,0.09027398622050459,0.09027398622050456,0.09027398622050459,0.09027398622050456,0.09027398622050456,0.09027398622050457,0.09027398622050456,0.09027398622050459,0.09027398622050456,0.09027398622050456,0.09027398622050459,0.09027398622050457,0.09027398622050456,0.09027398622050457,0.09027398622050456,0.09027398622050459,0.09027398622050456,0.09027398622050457,0.09027398622050457,0.09027398622050457,0.09027398622050457,0.09027398622050459,0.09027398622050459,0.09027398622050459,0.09027398622050455,0.09027398622050459,0.09027398622050455,0.09027398622050459,0.09027398622050459,0.09027398622050455,0.09027398622050459,0.09027398622050459,0.09027398622050455,0.09027398622050459,0.09027398622050455,0.09027398622050459,0.09027398622050459,0.09027398622050455,0.09027398622050459,0.09027398622050459,0.09027398622050459,0.09027398622050459,0.09027398622050459,0.09027398622050459,0.09027398622050459,0.09027398622050459,0.09027398622050459,0.09027398622050456,0.09027398622050459,0.09027398622050456,0.09027398622050459,0.09027398622050459,0.09027398622050459,0.09027398622050459,0.09027398622050459,0.09027398622050459,0.09027398622050456,0.09027398622050459,0.09027398622050459,0.09027398622050459,0.09027398622050459,0.09027398622050459,0.09027398622050459,0.09027398622050459,0.09027398622050459,0.09027398622050459,0.09027398622050459,0.09027398622050459,0.09027398622050459,0.09027398622050459,0.09027398622050459,0.09027398622050462,0.09027398622050462,0.09027398622050462,0.09027398622050463,0.09027398622050463,0.09027398622050463,0.09027398622050463,0.09027398622050464,0.09027398622050463,0.09027398622050463,0.09027398622050464,0.09027398622050464,0.09027398622050464,0.09027398622050464,0.09027398622050464,0.09027398622050466,0.09027398622050464,0.09027398622050466,0.09027398622050464,0.09027398622050466,0.09027398622050464,0.09027398622050464,0.09027398622050466,0.09027398622050464,0.09027398622050464,0.09027398622050466,0.09027398622050466,0.09027398622050464,0.09027398622050464,0.09027398622050464,0.09027398622050466,0.09027398622050464,0.09027398622050466,0.09027398622050466,0.09027398622050466,0.09027398622050464,0.09027398622050466,0.09027398622050464,0.09027398622050466,0.09027398622050464,0.09027398622050466,0.09027398622050466,0.09027398622050466,0.09027398622050466,0.09027398622050466,0.09027398622050466,0.09027398622050466,0.09027398622050466,0.09027398622050466,0.09027398622050466,0.09027398622050466,0.09027398622050466,0.09027398622050466,0.09027398622050466,0.09027398622050466,0.09027398622050466,0.09027398622050466,0.09027398622050467,0.09027398622050467,0.09027398622050467,0.09027398622050467,0.09027398622050467,0.09027398622050467,0.09027398622050467,0.09027398622050467,0.09027398622050467,0.09027398622050467,0.09027398622050467,0.09027398622050467,0.09027398622050467,0.09027398622050467,0.09027398622050467,0.09027398622050467,0.09027398622050467,0.09027398622050467,0.09027398622050467,0.09027398622050467,0.09027398622050466,0.09027398622050467,0.09027398622050467,0.09027398622050467,0.09027398622050467,0.09027398622050466,0.09027398622050467,0.09027398622050467,0.09027398622050467,0.09027398622050467,0.09027398622050467,0.09027398622050467,0.09027398622050468,0.09027398622050468,0.0902739862205047,0.0902739862205047,0.0902739862205047,0.0902739862205047,0.0902739862205047,0.09027398622050471,0.09027398622050471,0.0902739862205047,0.0902739862205047,0.0902739862205047,0.0902739862205047,0.09027398622050471,0.0902739862205047,0.09027398622050471,0.09027398622050471,0.09027398622050468,0.09027398622050471,0.09027398622050468,0.09027398622050471,0.0902739862205047,0.09027398622050468,0.09027398622050468,0.09027398622050471,0.09027398622050468,0.09027398622050471,0.09027398622050468,0.09027398622050471,0.09027398622050471,0.09027398622050468,0.09027398622050471,0.09027398622050471,0.09027398622050471,0.09027398622050471,0.09027398622050468,0.09027398622050471,0.09027398622050471,0.09027398622050471,0.09027398622050471,0.09027398622050471,0.09027398622050471,0.09027398622050473,0.09027398622050471,0.09027398622050474,0.09027398622050473,0.09027398622050473,0.09027398622050474,0.09027398622050473,0.09027398622050474,0.09027398622050474,0.09027398622050474,0.09027398622050474,0.09027398622050474,0.09027398622050474,0.09027398622050474,0.09027398622050473,0.09027398622050474,0.09027398622050474,0.09027398622050473,0.09027398622050474,0.09027398622050473,0.09027398622050475,0.09027398622050475,0.09027398622050473,0.09027398622050474,0.09027398622050473,0.09027398622050475,0.09027398622050475,0.09027398622050473,0.09027398622050475,0.09027398622050475,0.09027398622050473,0.09027398622050474,0.09027398622050474,0.09027398622050474,0.09027398622050477,0.09027398622050474,0.09027398622050474,0.09027398622050477,0.09027398622050477,0.09027398622050477,0.09027398622050477,0.09027398622050475,0.09027398622050475,0.09027398622050475,0.09027398622050477,0.09027398622050477,0.09027398622050477,0.09027398622050477,0.09027398622050477,0.09027398622050477,0.09027398622050477,0.09027398622050477,0.09027398622050477,0.09027398622050477,0.0902739862205048,0.0902739862205048,0.09027398622050478,0.09027398622050478,0.09027398622050478,0.09027398622050481,0.09027398622050478,0.09027398622050478,0.09027398622050478,0.09027398622050478,0.09027398622050481,0.09027398622050481,0.09027398622050481,0.09027398622050478,0.09027398622050478,0.09027398622050478,0.09027398622050478,0.09027398622050481,0.09027398622050478,0.09027398622050478,0.09027398622050481,0.09027398622050481,0.09027398622050481,0.09027398622050478,0.09027398622050478,0.09027398622050478,0.09027398622050478,0.09027398622050478,0.09027398622050478,0.09027398622050478,0.09027398622050478,0.09027398622050478,0.09027398622050481,0.09027398622050481,0.09027398622050478,0.09027398622050478,0.09027398622050478,0.09027398622050481,0.09027398622050481,0.09027398622050481,0.09027398622050481,0.09027398622050481,0.09027398622050481,0.09027398622050481,0.09027398622050481,0.09027398622050481,0.09027398622050481,0.09027398622050481,0.09027398622050481,0.09027398622050478,0.09027398622050481,0.09027398622050481,0.09027398622050481,0.09027398622050481,0.09027398622050481,0.09027398622050478,0.09027398622050478,0.09027398622050481,0.09027398622050481,0.09027398622050481,0.09027398622050481,0.09027398622050481,0.09027398622050481,0.09027398622050481,0.09027398622050484,0.09027398622050481,0.09027398622050481,0.09027398622050482,0.0902739862205048,0.09027398622050482,0.09027398622050481,0.09027398622050482,0.09027398622050482,0.09027398622050482,0.09027398622050482,0.09027398622050482,0.09027398622050482,0.0902739862205048,0.09027398622050482,0.09027398622050482,0.09027398622050482,0.09027398622050482,0.09027398622050482,0.09027398622050482,0.09027398622050482,0.09027398622050482,0.09027398622050482,0.09027398622050482,0.09027398622050484,0.0902739862205048,0.09027398622050484,0.09027398622050484,0.0902739862205048,0.09027398622050482,0.09027398622050482,0.09027398622050484,0.09027398622050484,0.09027398622050484,0.09027398622050484,0.09027398622050482,0.09027398622050482,0.09027398622050482,0.09027398622050482,0.09027398622050482,0.09027398622050485,0.09027398622050485,0.09027398622050486,0.09027398622050485,0.09027398622050486,0.09027398622050485,0.09027398622050486,0.09027398622050485,0.09027398622050486,0.09027398622050486,0.09027398622050486,0.09027398622050486,0.09027398622050486,0.09027398622050486,0.09027398622050486,0.09027398622050485,0.09027398622050486,0.09027398622050486,0.09027398622050486,0.09027398622050486,0.09027398622050486,0.09027398622050486,0.09027398622050486,0.09027398622050486,0.09027398622050486,0.09027398622050489,0.09027398622050489,0.09027398622050486,0.09027398622050486,0.09027398622050486,0.09027398622050488,0.09027398622050488,0.09027398622050489,0.09027398622050489,0.09027398622050488,0.09027398622050488,0.09027398622050488,0.09027398622050488,0.09027398622050488,0.09027398622050488,0.09027398622050488,0.09027398622050488,0.0902739862205049,0.0902739862205049,0.0902739862205049,0.0902739862205049,0.0902739862205049,0.09027398622050489,0.09027398622050492,0.09027398622050492,0.09027398622050492,0.09027398622050492,0.09027398622050492,0.09027398622050492,0.09027398622050492,0.09027398622050495,0.09027398622050495,0.09027398622050495,0.09027398622050493,0.09027398622050493,0.09027398622050495,0.09027398622050493,0.09027398622050495,0.09027398622050495,0.09027398622050495,0.09027398622050495,0.09027398622050495,0.09027398622050495,0.09027398622050495,0.0902739862205049,0.09027398622050493,0.09027398622050493,0.09027398622050495,0.09027398622050493,0.09027398622050493,0.09027398622050495,0.09027398622050495,0.09027398622050495,0.09027398622050495,0.09027398622050493,0.09027398622050495,0.09027398622050495,0.09027398622050493,0.09027398622050495,0.09027398622050495,0.09027398622050495,0.09027398622050495,0.09027398622050495,0.09027398622050495,0.09027398622050498,0.09027398622050496,0.09027398622050496,0.09027398622050496,0.09027398622050496,0.09027398622050498,0.09027398622050496,0.09027398622050496,0.09027398622050498,0.09027398622050496,0.09027398622050498,0.09027398622050496,0.09027398622050496,0.09027398622050499,0.09027398622050499,0.09027398622050496,0.09027398622050499,0.09027398622050498,0.09027398622050496,0.09027398622050498,0.09027398622050496,0.09027398622050496,0.09027398622050496,0.09027398622050496,0.09027398622050496,0.09027398622050496,0.09027398622050496,0.09027398622050496,0.09027398622050496,0.09027398622050496,0.09027398622050498,0.09027398622050496,0.09027398622050499,0.09027398622050496,0.09027398622050496,0.09027398622050498,0.09027398622050496,0.09027398622050498,0.09027398622050496,0.09027398622050498,0.09027398622050498,0.09027398622050498,0.09027398622050498,0.09027398622050498,0.09027398622050498,0.09027398622050499,0.09027398622050496,0.09027398622050498,0.09027398622050498,0.09027398622050498,0.09027398622050499,0.09027398622050499,0.09027398622050499,0.09027398622050502,0.09027398622050502,0.09027398622050502,0.09027398622050502,0.09027398622050502,0.09027398622050505,0.09027398622050505,0.09027398622050502,0.09027398622050502,0.09027398622050502,0.09027398622050502,0.09027398622050502,0.09027398622050502,0.09027398622050502,0.09027398622050502,0.09027398622050502,0.09027398622050502,0.09027398622050502,0.09027398622050502,0.09027398622050502,0.09027398622050505,0.09027398622050505,0.09027398622050505,0.09027398622050505,0.09027398622050505,0.09027398622050505,0.09027398622050505,0.09027398622050505,0.09027398622050505,0.09027398622050505,0.09027398622050505,0.09027398622050505,0.09027398622050506,0.09027398622050505,0.09027398622050505,0.09027398622050506,0.09027398622050506,0.09027398622050505,0.09027398622050506,0.09027398622050506,0.09027398622050505,0.09027398622050506,0.09027398622050506,0.09027398622050506,0.09027398622050506,0.09027398622050505,0.09027398622050506,0.09027398622050506,0.09027398622050505,0.09027398622050505,0.09027398622050506,0.09027398622050506,0.09027398622050506,0.09027398622050506,0.09027398622050506,0.09027398622050505,0.09027398622050506,0.09027398622050505,0.09027398622050506,0.09027398622050506,0.09027398622050506,0.09027398622050506,0.09027398622050506,0.09027398622050506,0.09027398622050506,0.09027398622050505,0.09027398622050506,0.09027398622050506,0.09027398622050506,0.09027398622050506,0.09027398622050507,0.09027398622050507,0.0902739862205051,0.0902739862205051,0.0902739862205051,0.09027398622050511,0.09027398622050509,0.09027398622050511,0.09027398622050511,0.09027398622050511,0.09027398622050511,0.09027398622050511,0.09027398622050511,0.09027398622050511,0.09027398622050511,0.09027398622050511,0.09027398622050511,0.09027398622050511,0.09027398622050511,0.09027398622050509,0.09027398622050511,0.09027398622050511,0.09027398622050511,0.09027398622050511,0.09027398622050509,0.09027398622050511,0.09027398622050511,0.09027398622050509,0.09027398622050511,0.09027398622050509,0.09027398622050511,0.09027398622050509,0.09027398622050511,0.09027398622050511,0.09027398622050511,0.09027398622050511,0.09027398622050511,0.09027398622050511,0.09027398622050511,0.09027398622050511,0.09027398622050509,0.09027398622050511,0.09027398622050511,0.09027398622050511,0.09027398622050511,0.09027398622050511,0.09027398622050511,0.09027398622050514,0.09027398622050514,0.09027398622050514,0.09027398622050514,0.09027398622050513,0.09027398622050513,0.09027398622050513,0.09027398622050514,0.09027398622050514,0.09027398622050514,0.09027398622050514,0.09027398622050514,0.09027398622050513,0.09027398622050513,0.09027398622050513,0.09027398622050514,0.09027398622050514,0.09027398622050513,0.09027398622050514,0.09027398622050514,0.09027398622050513,0.09027398622050514,0.09027398622050514,0.09027398622050514,0.09027398622050514,0.09027398622050513,0.09027398622050514,0.09027398622050514,0.09027398622050513,0.09027398622050514,0.09027398622050514,0.09027398622050514,0.09027398622050517,0.09027398622050517,0.09027398622050517,0.09027398622050517,0.09027398622050517,0.09027398622050517,0.09027398622050517,0.09027398622050517,0.09027398622050521,0.09027398622050521,0.09027398622050521,0.09027398622050521,0.0902739862205052,0.09027398622050518,0.09027398622050518,0.09027398622050521,0.09027398622050523,0.09027398622050523,0.09027398622050523,0.09027398622050521,0.09027398622050521,0.09027398622050521,0.09027398622050521,0.0902739862205052,0.0902739862205052,0.09027398622050523,0.0902739862205052,0.0902739862205052,0.09027398622050523,0.09027398622050523,0.09027398622050523,0.09027398622050523,0.09027398622050523,0.09027398622050521,0.09027398622050523,0.09027398622050523,0.09027398622050523,0.09027398622050523,0.09027398622050523,0.09027398622050523,0.09027398622050524,0.09027398622050524,0.09027398622050524,0.09027398622050524,0.09027398622050524,0.09027398622050523,0.09027398622050524,0.09027398622050524,0.09027398622050524,0.09027398622050524,0.09027398622050524,0.09027398622050524,0.09027398622050524,0.09027398622050524,0.09027398622050524,0.09027398622050524,0.09027398622050524,0.09027398622050524,0.09027398622050524,0.09027398622050524,0.09027398622050524,0.09027398622050523,0.09027398622050524,0.09027398622050524,0.09027398622050524,0.09027398622050524,0.09027398622050523,0.09027398622050524,0.09027398622050524,0.09027398622050524,0.09027398622050524,0.09027398622050524,0.09027398622050524,0.09027398622050525,0.09027398622050525,0.09027398622050528,0.09027398622050525,0.09027398622050525,0.09027398622050528,0.09027398622050525,0.09027398622050528,0.09027398622050525,0.09027398622050528,0.09027398622050528,0.09027398622050528,0.09027398622050528,0.09027398622050528,0.09027398622050525,0.09027398622050528,0.09027398622050528,0.09027398622050528,0.09027398622050528,0.09027398622050528,0.09027398622050528,0.09027398622050528,0.09027398622050528,0.09027398622050528,0.09027398622050528,0.09027398622050528,0.09027398622050528,0.09027398622050525,0.09027398622050528,0.09027398622050528,0.09027398622050528,0.09027398622050528,0.09027398622050528,0.09027398622050528,0.09027398622050528,0.09027398622050528,0.09027398622050528,0.09027398622050528,0.09027398622050528,0.09027398622050528,0.09027398622050527,0.09027398622050527,0.0902739862205053,0.09027398622050531,0.09027398622050531,0.09027398622050531,0.09027398622050531,0.0902739862205053,0.09027398622050532,0.09027398622050532,0.09027398622050532,0.09027398622050532,0.09027398622050532,0.09027398622050532,0.09027398622050532,0.09027398622050534,0.09027398622050535,0.09027398622050535,0.09027398622050535,0.09027398622050535,0.09027398622050538,0.09027398622050538,0.09027398622050538,0.09027398622050538,0.09027398622050538,0.09027398622050536,0.09027398622050536,0.09027398622050534,0.09027398622050535,0.09027398622050535,0.09027398622050535,0.09027398622050535,0.09027398622050535,0.09027398622050535,0.09027398622050535,0.09027398622050535,0.09027398622050535,0.09027398622050535,0.09027398622050535,0.09027398622050535,0.09027398622050535,0.09027398622050535,0.09027398622050535,0.09027398622050535,0.09027398622050535,0.09027398622050538,0.09027398622050538,0.09027398622050538,0.09027398622050536,0.09027398622050536,0.09027398622050536,0.09027398622050536,0.09027398622050536,0.09027398622050539,0.09027398622050539,0.09027398622050539,0.09027398622050539,0.09027398622050539,0.09027398622050539,0.09027398622050539,0.09027398622050539,0.09027398622050539,0.09027398622050539,0.09027398622050539,0.09027398622050539,0.09027398622050539,0.09027398622050539,0.09027398622050539,0.09027398622050539,0.09027398622050539,0.09027398622050536,0.09027398622050536,0.09027398622050536,0.09027398622050539,0.09027398622050539,0.09027398622050539,0.09027398622050539,0.09027398622050539,0.09027398622050539,0.09027398622050539,0.09027398622050539,0.09027398622050539,0.09027398622050539,0.09027398622050539,0.09027398622050539,0.09027398622050539,0.09027398622050539,0.09027398622050539,0.0902739862205054,0.0902739862205054,0.09027398622050542,0.09027398622050542,0.0902739862205054,0.09027398622050539,0.0902739862205054,0.0902739862205054,0.0902739862205054,0.0902739862205054,0.09027398622050542,0.0902739862205054,0.09027398622050543,0.09027398622050543,0.09027398622050543,0.09027398622050542,0.09027398622050542,0.09027398622050543,0.09027398622050543,0.09027398622050543,0.09027398622050543,0.09027398622050543,0.09027398622050543,0.09027398622050543,0.09027398622050542,0.09027398622050543,0.09027398622050543,0.09027398622050543,0.09027398622050543,0.09027398622050543,0.09027398622050543,0.09027398622050543,0.09027398622050543,0.09027398622050543,0.09027398622050543,0.09027398622050543,0.09027398622050543,0.09027398622050543,0.09027398622050543,0.09027398622050543,0.09027398622050543,0.09027398622050543,0.09027398622050545,0.09027398622050543,0.09027398622050546,0.09027398622050546,0.09027398622050546,0.09027398622050545,0.09027398622050543,0.09027398622050543,0.09027398622050545,0.09027398622050545,0.09027398622050546,0.09027398622050546,0.09027398622050545,0.09027398622050545,0.09027398622050543,0.09027398622050543,0.09027398622050543,0.09027398622050543,0.09027398622050546,0.09027398622050545,0.09027398622050545,0.09027398622050545,0.09027398622050545,0.09027398622050545,0.09027398622050545,0.09027398622050546,0.09027398622050543,0.09027398622050545,0.09027398622050545,0.09027398622050545,0.09027398622050546,0.09027398622050549,0.09027398622050549,0.09027398622050548,0.09027398622050549,0.09027398622050549,0.09027398622050548,0.0902739862205055,0.09027398622050548,0.0902739862205055,0.0902739862205055,0.0902739862205055,0.0902739862205055,0.0902739862205055,0.0902739862205055,0.09027398622050552,0.0902739862205055,0.0902739862205055,0.09027398622050552,0.09027398622050552,0.09027398622050552,0.0902739862205055,0.0902739862205055,0.09027398622050552,0.09027398622050552,0.09027398622050552,0.09027398622050552,0.09027398622050552,0.09027398622050549,0.09027398622050549,0.09027398622050552,0.09027398622050553,0.09027398622050553,0.09027398622050553,0.09027398622050552,0.09027398622050552,0.0902739862205055,0.0902739862205055,0.09027398622050553,0.09027398622050553,0.09027398622050553,0.0902739862205055,0.09027398622050553,0.09027398622050553,0.09027398622050553,0.09027398622050553,0.09027398622050553,0.09027398622050553,0.09027398622050553,0.09027398622050553,0.09027398622050553,0.09027398622050553,0.09027398622050553,0.09027398622050553,0.09027398622050553,0.09027398622050553,0.09027398622050556,0.09027398622050559,0.09027398622050559,0.09027398622050556,0.09027398622050556,0.09027398622050557,0.09027398622050556,0.09027398622050559,0.09027398622050556,0.09027398622050556,0.09027398622050559,0.09027398622050557,0.09027398622050557,0.09027398622050556,0.09027398622050556,0.09027398622050559,0.09027398622050556,0.09027398622050559,0.09027398622050559,0.09027398622050559,0.09027398622050559,0.09027398622050557,0.09027398622050559,0.09027398622050557,0.09027398622050557,0.09027398622050556,0.09027398622050557,0.09027398622050557,0.09027398622050557,0.09027398622050557,0.09027398622050559,0.09027398622050559,0.09027398622050559,0.09027398622050559,0.09027398622050559,0.09027398622050557,0.09027398622050559,0.09027398622050559,0.09027398622050559,0.09027398622050559,0.09027398622050556,0.09027398622050559,0.09027398622050556,0.09027398622050556,0.09027398622050556,0.09027398622050556,0.09027398622050556,0.09027398622050556,0.09027398622050556,0.09027398622050556,0.09027398622050556,0.09027398622050556,0.09027398622050559,0.09027398622050556,0.09027398622050559,0.09027398622050556,0.09027398622050556,0.09027398622050559,0.09027398622050556,0.09027398622050556,0.09027398622050559,0.09027398622050559,0.09027398622050556,0.09027398622050559,0.09027398622050559,0.09027398622050559,0.09027398622050556,0.09027398622050559,0.09027398622050556,0.09027398622050559,0.09027398622050559,0.09027398622050559,0.09027398622050559,0.09027398622050559,0.09027398622050559,0.09027398622050559,0.09027398622050559,0.09027398622050559,0.09027398622050559,0.09027398622050559,0.09027398622050556,0.09027398622050559,0.09027398622050559,0.09027398622050556,0.09027398622050559,0.09027398622050559,0.09027398622050559,0.09027398622050561,0.09027398622050561,0.09027398622050561,0.09027398622050561,0.09027398622050561,0.09027398622050561,0.09027398622050561,0.09027398622050561,0.09027398622050563,0.09027398622050563,0.09027398622050563,0.09027398622050561,0.09027398622050561,0.09027398622050561,0.09027398622050561,0.09027398622050561,0.09027398622050563,0.09027398622050563,0.09027398622050563,0.09027398622050563,0.09027398622050563,0.09027398622050563,0.09027398622050563,0.09027398622050563,0.09027398622050563,0.09027398622050563,0.09027398622050563,0.09027398622050563,0.09027398622050564,0.09027398622050564,0.09027398622050564,0.09027398622050563,0.09027398622050564,0.09027398622050563,0.09027398622050563,0.09027398622050563,0.09027398622050563,0.09027398622050563,0.09027398622050564,0.09027398622050564,0.09027398622050563,0.09027398622050564,0.09027398622050564,0.09027398622050563,0.09027398622050564,0.09027398622050563,0.09027398622050564,0.09027398622050563,0.09027398622050564,0.09027398622050563,0.09027398622050563,0.09027398622050564,0.09027398622050564,0.09027398622050564,0.09027398622050563,0.09027398622050564,0.09027398622050563,0.09027398622050564,0.09027398622050564,0.09027398622050563,0.09027398622050564,0.09027398622050564,0.09027398622050564,0.09027398622050564,0.09027398622050563,0.09027398622050564,0.09027398622050563,0.09027398622050564,0.09027398622050564,0.09027398622050564,0.09027398622050564,0.09027398622050563,0.09027398622050564,0.09027398622050564,0.09027398622050563,0.09027398622050563,0.09027398622050564,0.09027398622050564,0.09027398622050564,0.09027398622050563,0.09027398622050564,0.09027398622050564,0.09027398622050564,0.09027398622050564,0.09027398622050564,0.09027398622050564,0.09027398622050564,0.09027398622050564,0.09027398622050564,0.09027398622050564,0.09027398622050564,0.09027398622050564,0.09027398622050564,0.09027398622050564,0.09027398622050567,0.09027398622050568,0.09027398622050568,0.09027398622050568,0.09027398622050568,0.09027398622050568,0.09027398622050568,0.09027398622050571,0.09027398622050571,0.09027398622050571,0.09027398622050571,0.09027398622050571,0.09027398622050573,0.09027398622050573,0.09027398622050573,0.09027398622050573,0.09027398622050573,0.09027398622050573,0.09027398622050573,0.09027398622050573,0.09027398622050573,0.09027398622050573,0.09027398622050574,0.09027398622050573,0.09027398622050573,0.09027398622050573,0.09027398622050573,0.09027398622050573,0.09027398622050573,0.09027398622050573,0.09027398622050573,0.09027398622050573,0.09027398622050574,0.09027398622050573,0.09027398622050573,0.09027398622050573,0.09027398622050573,0.09027398622050573,0.09027398622050573,0.09027398622050574,0.09027398622050573,0.09027398622050573,0.09027398622050574,0.09027398622050574,0.09027398622050574,0.09027398622050573,0.09027398622050574,0.09027398622050574,0.09027398622050573,0.09027398622050574,0.09027398622050574,0.09027398622050573,0.09027398622050574,0.09027398622050573,0.09027398622050574,0.09027398622050573,0.09027398622050574,0.09027398622050573,0.09027398622050574,0.09027398622050573,0.09027398622050574,0.09027398622050574,0.09027398622050574,0.09027398622050574,0.09027398622050574,0.09027398622050574,0.09027398622050574,0.09027398622050573,0.09027398622050574,0.09027398622050574,0.09027398622050574,0.09027398622050574,0.09027398622050574,0.09027398622050574,0.09027398622050574,0.09027398622050574,0.09027398622050574,0.09027398622050574,0.09027398622050574,0.09027398622050574,0.09027398622050574,0.09027398622050574,0.09027398622050574,0.09027398622050574,0.09027398622050574,0.09027398622050575,0.09027398622050575,0.09027398622050575,0.09027398622050574,0.09027398622050574,0.09027398622050574,0.09027398622050574,0.09027398622050575,0.09027398622050574,0.09027398622050574,0.09027398622050575,0.09027398622050575,0.09027398622050574,0.09027398622050574,0.09027398622050574,0.09027398622050575,0.09027398622050575,0.09027398622050575,0.09027398622050575,0.09027398622050575,0.09027398622050575,0.09027398622050575,0.09027398622050578,0.09027398622050577,0.09027398622050577,0.09027398622050577,0.09027398622050577,0.09027398622050577,0.09027398622050577,0.09027398622050577,0.09027398622050578,0.09027398622050578,0.09027398622050578,0.09027398622050577,0.09027398622050575,0.09027398622050575,0.09027398622050575,0.0902739862205058,0.09027398622050577,0.09027398622050577,0.09027398622050578,0.09027398622050578,0.09027398622050575,0.09027398622050577,0.09027398622050577,0.09027398622050574,0.09027398622050577,0.09027398622050577,0.09027398622050577,0.09027398622050577,0.09027398622050577,0.09027398622050575,0.0902739862205058,0.09027398622050578,0.09027398622050578,0.09027398622050575,0.09027398622050577,0.09027398622050577,0.09027398622050577,0.09027398622050577,0.09027398622050577,0.09027398622050577,0.09027398622050577,0.0902739862205058,0.09027398622050578,0.09027398622050577,0.09027398622050577,0.09027398622050577,0.09027398622050577,0.09027398622050577,0.0902739862205058,0.0902739862205058,0.09027398622050578,0.09027398622050578,0.09027398622050578,0.09027398622050581,0.09027398622050578,0.09027398622050578,0.09027398622050578,0.09027398622050578,0.09027398622050577,0.09027398622050577,0.09027398622050577,0.09027398622050578,0.09027398622050578,0.09027398622050578,0.09027398622050578,0.09027398622050578,0.09027398622050575,0.09027398622050577,0.0902739862205058,0.09027398622050578,0.09027398622050578,0.09027398622050578,0.09027398622050578,0.09027398622050581,0.0902739862205058,0.09027398622050578,0.09027398622050578,0.09027398622050577,0.09027398622050577,0.09027398622050577,0.09027398622050577,0.09027398622050577,0.09027398622050577,0.0902739862205058,0.0902739862205058,0.09027398622050577,0.09027398622050577,0.09027398622050577,0.0902739862205058,0.0902739862205058,0.0902739862205058,0.0902739862205058,0.0902739862205058,0.0902739862205058,0.0902739862205058,0.0902739862205058,0.09027398622050577,0.09027398622050577,0.09027398622050577,0.09027398622050577,0.09027398622050578,0.0902739862205058,0.0902739862205058,0.0902739862205058,0.0902739862205058,0.0902739862205058,0.09027398622050577,0.09027398622050577,0.0902739862205058,0.0902739862205058,0.0902739862205058,0.0902739862205058,0.0902739862205058,0.0902739862205058,0.0902739862205058,0.0902739862205058,0.0902739862205058,0.0902739862205058,0.0902739862205058,0.0902739862205058,0.0902739862205058,0.0902739862205058,0.0902739862205058,0.09027398622050582,0.0902739862205058,0.09027398622050582,0.09027398622050582,0.09027398622050582,0.0902739862205058,0.09027398622050582,0.09027398622050582,0.0902739862205058,0.09027398622050582,0.0902739862205058,0.09027398622050582,0.0902739862205058,0.09027398622050582,0.09027398622050582,0.0902739862205058,0.09027398622050582,0.0902739862205058,0.09027398622050582,0.09027398622050582,0.0902739862205058,0.09027398622050582,0.09027398622050581,0.09027398622050581,0.09027398622050582,0.09027398622050582,0.0902739862205058,0.09027398622050581,0.0902739862205058,0.09027398622050581,0.09027398622050581,0.09027398622050581,0.09027398622050581,0.09027398622050581,0.09027398622050581,0.09027398622050582,0.0902739862205058,0.09027398622050582,0.09027398622050582,0.09027398622050582,0.09027398622050582,0.09027398622050582,0.09027398622050582,0.09027398622050582,0.09027398622050582,0.09027398622050582,0.09027398622050582,0.09027398622050582,0.0902739862205058,0.09027398622050582,0.09027398622050582,0.0902739862205058,0.09027398622050582,0.09027398622050582,0.09027398622050582,0.09027398622050585,0.09027398622050585,0.09027398622050585,0.09027398622050584,0.09027398622050586,0.09027398622050586,0.09027398622050586,0.09027398622050586,0.09027398622050586,0.09027398622050586,0.09027398622050586,0.09027398622050586,0.09027398622050586,0.09027398622050586,0.09027398622050586,0.09027398622050586,0.09027398622050586,0.09027398622050586,0.09027398622050589,0.09027398622050589,0.09027398622050589,0.09027398622050589,0.09027398622050589,0.09027398622050586,0.09027398622050586,0.09027398622050586,0.09027398622050588,0.09027398622050586,0.09027398622050586,0.09027398622050586,0.09027398622050586,0.09027398622050589,0.09027398622050589,0.09027398622050589,0.09027398622050589,0.09027398622050588,0.09027398622050588,0.09027398622050588,0.09027398622050588,0.09027398622050588,0.09027398622050588,0.09027398622050588,0.09027398622050588,0.09027398622050588,0.09027398622050588,0.09027398622050588,0.09027398622050585,0.09027398622050588,0.09027398622050588,0.09027398622050588,0.09027398622050588,0.09027398622050588,0.09027398622050588,0.0902739862205059,0.0902739862205059,0.09027398622050588,0.09027398622050589,0.09027398622050589,0.0902739862205059,0.09027398622050588,0.09027398622050589,0.09027398622050589,0.09027398622050589,0.09027398622050589,0.09027398622050589,0.0902739862205059,0.09027398622050588,0.09027398622050588,0.09027398622050589,0.09027398622050589,0.0902739862205059,0.09027398622050588,0.09027398622050589,0.09027398622050588,0.0902739862205059,0.0902739862205059,0.09027398622050588,0.09027398622050589,0.09027398622050589,0.0902739862205059,0.0902739862205059,0.09027398622050588,0.09027398622050589,0.09027398622050589,0.09027398622050589,0.09027398622050589,0.09027398622050589,0.09027398622050589,0.09027398622050589,0.09027398622050589,0.0902739862205059,0.0902739862205059,0.0902739862205059,0.09027398622050593,0.09027398622050593,0.09027398622050593,0.0902739862205059,0.0902739862205059,0.0902739862205059,0.0902739862205059,0.09027398622050589,0.09027398622050588,0.09027398622050589,0.0902739862205059,0.09027398622050589,0.09027398622050589,0.0902739862205059,0.0902739862205059,0.09027398622050589,0.0902739862205059,0.09027398622050589,0.0902739862205059,0.09027398622050589,0.09027398622050589,0.0902739862205059,0.0902739862205059,0.0902739862205059,0.0902739862205059,0.09027398622050589,0.0902739862205059,0.09027398622050589,0.0902739862205059,0.0902739862205059,0.0902739862205059,0.0902739862205059,0.0902739862205059,0.0902739862205059,0.0902739862205059,0.0902739862205059,0.09027398622050589,0.0902739862205059,0.0902739862205059,0.0902739862205059,0.0902739862205059,0.0902739862205059,0.0902739862205059,0.0902739862205059,0.0902739862205059,0.0902739862205059,0.09027398622050589,0.0902739862205059,0.09027398622050589,0.0902739862205059,0.0902739862205059,0.09027398622050589,0.0902739862205059,0.0902739862205059,0.0902739862205059,0.0902739862205059,0.0902739862205059,0.0902739862205059,0.0902739862205059,0.0902739862205059,0.0902739862205059,0.0902739862205059,0.0902739862205059,0.09027398622050595,0.09027398622050592,0.09027398622050593,0.09027398622050593,0.09027398622050593,0.09027398622050593,0.09027398622050593,0.09027398622050593,0.09027398622050593,0.09027398622050595,0.09027398622050598,0.09027398622050596,0.09027398622050595,0.09027398622050595,0.09027398622050596,0.09027398622050596,0.09027398622050593,0.09027398622050595,0.09027398622050595,0.09027398622050592,0.09027398622050596,0.09027398622050593,0.09027398622050596,0.09027398622050596,0.09027398622050596,0.09027398622050593,0.09027398622050595,0.0902739862205059,0.09027398622050596,0.09027398622050596,0.09027398622050596,0.09027398622050596,0.09027398622050596,0.09027398622050596,0.09027398622050596,0.09027398622050596,0.09027398622050593,0.09027398622050596,0.09027398622050596,0.09027398622050595,0.09027398622050595,0.09027398622050595,0.09027398622050596,0.09027398622050596,0.09027398622050596,0.09027398622050598,0.09027398622050593,0.09027398622050593,0.09027398622050593,0.09027398622050595,0.09027398622050595,0.09027398622050595,0.09027398622050595,0.09027398622050596,0.09027398622050596,0.09027398622050593,0.09027398622050592,0.0902739862205059,0.0902739862205059,0.0902739862205059,0.0902739862205059,0.0902739862205059,0.0902739862205059,0.09027398622050592,0.09027398622050592,0.0902739862205059,0.09027398622050592,0.09027398622050595,0.09027398622050592,0.09027398622050595,0.09027398622050592,0.09027398622050593,0.09027398622050592,0.09027398622050595,0.09027398622050595,0.09027398622050595,0.09027398622050592,0.09027398622050595,0.09027398622050598,0.09027398622050598,0.09027398622050598,0.090273986220506,0.090273986220506,0.090273986220506,0.090273986220506,0.090273986220506,0.090273986220506,0.090273986220506,0.09027398622050602,0.090273986220506,0.090273986220506,0.09027398622050602,0.090273986220506,0.09027398622050598,0.09027398622050598,0.09027398622050598,0.09027398622050598,0.09027398622050598,0.09027398622050598,0.09027398622050593,0.09027398622050593,0.09027398622050593,0.09027398622050593,0.09027398622050593,0.09027398622050593,0.09027398622050593,0.09027398622050593,0.09027398622050593,0.09027398622050596,0.09027398622050593,0.09027398622050596,0.09027398622050599,0.09027398622050599,0.09027398622050599,0.09027398622050599,0.09027398622050599,0.09027398622050602,0.09027398622050602,0.09027398622050603,0.09027398622050602,0.09027398622050602,0.09027398622050602,0.090273986220506,0.09027398622050599,0.09027398622050599,0.09027398622050599,0.09027398622050602,0.090273986220506,0.090273986220506,0.090273986220506,0.090273986220506,0.090273986220506,0.090273986220506,0.090273986220506,0.09027398622050598,0.09027398622050599,0.09027398622050596,0.09027398622050596,0.09027398622050596,0.09027398622050599,0.09027398622050596,0.09027398622050599,0.09027398622050599,0.09027398622050599,0.09027398622050599,0.09027398622050599,0.090273986220506,0.090273986220506,0.090273986220506,0.090273986220506,0.090273986220506,0.09027398622050602,0.09027398622050602,0.09027398622050602,0.09027398622050602,0.09027398622050602,0.09027398622050603,0.09027398622050603,0.09027398622050603,0.09027398622050604,0.09027398622050604,0.09027398622050604,0.09027398622050604,0.09027398622050604,0.09027398622050602,0.09027398622050602,0.09027398622050602,0.09027398622050603,0.09027398622050602,0.09027398622050602,0.09027398622050602,0.09027398622050604,0.09027398622050603,0.090273986220506,0.09027398622050598,0.09027398622050598,0.09027398622050602,0.09027398622050599,0.09027398622050599,0.09027398622050602,0.09027398622050602,0.09027398622050603,0.09027398622050603,0.090273986220506,0.09027398622050603,0.090273986220506,0.090273986220506,0.090273986220506,0.090273986220506,0.090273986220506,0.090273986220506,0.09027398622050603,0.090273986220506,0.09027398622050603,0.09027398622050604,0.09027398622050604,0.09027398622050604,0.09027398622050604,0.09027398622050604,0.09027398622050604,0.09027398622050604,0.09027398622050603,0.09027398622050603,0.09027398622050603,0.09027398622050603,0.09027398622050603,0.09027398622050603,0.09027398622050603,0.09027398622050603,0.09027398622050603,0.09027398622050603,0.09027398622050603,0.09027398622050603,0.09027398622050602,0.090273986220506,0.09027398622050599,0.09027398622050599,0.090273986220506,0.090273986220506,0.090273986220506,0.09027398622050599,0.09027398622050599,0.09027398622050599,0.090273986220506,0.09027398622050602,0.09027398622050599,0.09027398622050599,0.09027398622050602,0.09027398622050602,0.09027398622050603,0.09027398622050603,0.09027398622050603,0.09027398622050604,0.09027398622050604,0.09027398622050603,0.09027398622050604,0.09027398622050604,0.09027398622050602,0.09027398622050602,0.09027398622050602,0.09027398622050602,0.09027398622050602,0.09027398622050604,0.09027398622050602,0.090273986220506,0.090273986220506,0.090273986220506,0.090273986220506,0.090273986220506,0.090273986220506,0.090273986220506,0.090273986220506,0.090273986220506,0.090273986220506,0.09027398622050602,0.090273986220506,0.09027398622050602,0.09027398622050604,0.09027398622050604,0.09027398622050604,0.09027398622050604,0.09027398622050604,0.09027398622050604,0.09027398622050604,0.09027398622050606,0.09027398622050604,0.09027398622050606,0.09027398622050606,0.09027398622050604,0.09027398622050603,0.090273986220506,0.09027398622050603,0.09027398622050603,0.09027398622050603,0.09027398622050603,0.090273986220506,0.09027398622050603,0.09027398622050604,0.09027398622050604,0.09027398622050604,0.09027398622050604,0.09027398622050604,0.09027398622050604,0.09027398622050604,0.09027398622050604,0.09027398622050606,0.09027398622050606,0.09027398622050606,0.09027398622050606,0.09027398622050604,0.09027398622050606,0.09027398622050606,0.09027398622050604,0.09027398622050604,0.09027398622050604,0.09027398622050604,0.09027398622050604,0.09027398622050606,0.09027398622050604,0.09027398622050604,0.09027398622050606,0.09027398622050606,0.09027398622050606,0.09027398622050606,0.09027398622050606,0.09027398622050606,0.09027398622050606,0.09027398622050607,0.09027398622050609,0.09027398622050609,0.09027398622050606,0.09027398622050607,0.09027398622050606,0.09027398622050607,0.09027398622050607,0.09027398622050606,0.09027398622050607,0.09027398622050606,0.09027398622050606,0.09027398622050606,0.09027398622050606,0.09027398622050606,0.09027398622050606,0.09027398622050606,0.09027398622050606,0.09027398622050606,0.09027398622050606,0.09027398622050607,0.09027398622050607,0.09027398622050607,0.09027398622050609,0.09027398622050606,0.09027398622050606,0.09027398622050606,0.09027398622050607,0.09027398622050609,0.09027398622050607,0.09027398622050609,0.09027398622050607,0.09027398622050607,0.09027398622050611,0.09027398622050611,0.09027398622050611,0.09027398622050607,0.09027398622050611,0.09027398622050609,0.09027398622050607,0.09027398622050607,0.09027398622050607,0.09027398622050607,0.09027398622050607,0.09027398622050607,0.09027398622050607,0.09027398622050606,0.09027398622050606,0.09027398622050606,0.09027398622050606,0.09027398622050606,0.09027398622050606,0.09027398622050606,0.09027398622050607,0.09027398622050607,0.09027398622050603,0.09027398622050603,0.09027398622050603,0.09027398622050607,0.09027398622050607,0.09027398622050607,0.09027398622050607,0.09027398622050607,0.09027398622050607,0.09027398622050607,0.09027398622050607,0.09027398622050604,0.09027398622050607,0.09027398622050609,0.09027398622050609,0.09027398622050609,0.0902739862205061,0.0902739862205061,0.09027398622050611,0.09027398622050611,0.0902739862205061,0.0902739862205061,0.0902739862205061,0.09027398622050611,0.0902739862205061,0.0902739862205061,0.09027398622050611,0.09027398622050611,0.0902739862205061,0.09027398622050611,0.09027398622050611,0.0902739862205061,0.0902739862205061,0.09027398622050611,0.0902739862205061,0.09027398622050611,0.0902739862205061,0.09027398622050611,0.09027398622050611,0.0902739862205061,0.09027398622050611,0.09027398622050611,0.09027398622050611,0.09027398622050611,0.0902739862205061,0.09027398622050611,0.09027398622050611,0.09027398622050611,0.09027398622050611,0.09027398622050611,0.09027398622050611,0.09027398622050614,0.09027398622050614,0.09027398622050614,0.09027398622050613,0.09027398622050616,0.09027398622050613,0.09027398622050613,0.09027398622050613,0.09027398622050613,0.09027398622050613,0.09027398622050616,0.09027398622050616,0.09027398622050613,0.09027398622050613,0.09027398622050613,0.09027398622050616,0.09027398622050613,0.09027398622050613,0.09027398622050616,0.09027398622050616,0.09027398622050613,0.09027398622050616,0.09027398622050616,0.09027398622050613,0.09027398622050613,0.09027398622050616,0.09027398622050613,0.09027398622050616,0.09027398622050613,0.09027398622050616,0.09027398622050616,0.09027398622050613,0.09027398622050616,0.09027398622050613,0.09027398622050613,0.09027398622050616,0.09027398622050611,0.09027398622050611,0.09027398622050613,0.09027398622050613,0.09027398622050613,0.09027398622050613,0.09027398622050613,0.09027398622050613,0.09027398622050613,0.09027398622050613,0.0902739862205061,0.0902739862205061,0.09027398622050613,0.09027398622050613,0.0902739862205061,0.09027398622050611,0.09027398622050611,0.0902739862205061,0.0902739862205061,0.0902739862205061,0.09027398622050611,0.09027398622050611,0.0902739862205061,0.09027398622050613,0.09027398622050613,0.0902739862205061,0.09027398622050613,0.09027398622050613,0.09027398622050613,0.09027398622050613,0.0902739862205061,0.09027398622050611,0.09027398622050611,0.09027398622050611,0.09027398622050611,0.09027398622050611,0.09027398622050611,0.09027398622050614,0.09027398622050611,0.0902739862205061,0.09027398622050607,0.09027398622050604,0.09027398622050604,0.09027398622050604,0.09027398622050604,0.09027398622050604,0.09027398622050604,0.09027398622050607,0.09027398622050606,0.09027398622050606,0.09027398622050606,0.09027398622050606,0.09027398622050606,0.09027398622050606,0.09027398622050606,0.09027398622050609,0.09027398622050606,0.09027398622050609,0.09027398622050606,0.09027398622050609,0.09027398622050606,0.09027398622050606,0.09027398622050609,0.09027398622050606,0.09027398622050609,0.09027398622050606,0.09027398622050609,0.09027398622050606,0.09027398622050609,0.09027398622050609,0.09027398622050609,0.09027398622050609,0.09027398622050607,0.09027398622050609,0.09027398622050609,0.09027398622050606,0.09027398622050609,0.09027398622050606,0.09027398622050609,0.09027398622050609,0.09027398622050607,0.09027398622050607,0.09027398622050607,0.09027398622050609,0.09027398622050607,0.09027398622050609,0.09027398622050609,0.09027398622050609,0.09027398622050607,0.09027398622050609,0.09027398622050609,0.09027398622050609,0.09027398622050607,0.09027398622050609,0.09027398622050609,0.09027398622050607,0.09027398622050609,0.09027398622050609,0.09027398622050607,0.09027398622050609,0.09027398622050609,0.09027398622050609,0.09027398622050607,0.09027398622050609,0.09027398622050609,0.09027398622050607,0.09027398622050609,0.09027398622050609,0.09027398622050609,0.09027398622050609,0.09027398622050609,0.09027398622050609,0.09027398622050609,0.09027398622050607,0.09027398622050607,0.09027398622050609,0.09027398622050607,0.09027398622050609,0.09027398622050607,0.09027398622050609,0.09027398622050607,0.09027398622050609,0.09027398622050609,0.09027398622050607,0.09027398622050609,0.09027398622050606,0.09027398622050609,0.09027398622050609,0.09027398622050606,0.09027398622050609,0.09027398622050609,0.09027398622050609,0.09027398622050609,0.09027398622050609,0.09027398622050609,0.09027398622050609,0.09027398622050606,0.09027398622050609,0.09027398622050609,0.09027398622050609,0.09027398622050609,0.09027398622050609,0.09027398622050609,0.09027398622050611,0.0902739862205061,0.0902739862205061,0.09027398622050613,0.0902739862205061,0.09027398622050611,0.09027398622050611,0.09027398622050611,0.09027398622050613,0.09027398622050613,0.09027398622050616,0.09027398622050613,0.09027398622050613,0.09027398622050616,0.09027398622050613,0.09027398622050611,0.0902739862205061,0.0902739862205061,0.09027398622050613,0.09027398622050613,0.09027398622050613,0.09027398622050613,0.09027398622050613,0.09027398622050611,0.09027398622050611,0.09027398622050611,0.09027398622050611,0.09027398622050611,0.09027398622050613,0.09027398622050613,0.09027398622050616,0.09027398622050613,0.09027398622050616,0.09027398622050616,0.09027398622050616,0.09027398622050616,0.09027398622050616,0.09027398622050616,0.09027398622050616,0.09027398622050616,0.09027398622050616,0.09027398622050616,0.09027398622050614,0.09027398622050616,0.09027398622050616,0.09027398622050616,0.09027398622050613,0.09027398622050614,0.09027398622050614,0.09027398622050614,0.09027398622050614,0.09027398622050614,0.09027398622050614,0.09027398622050616,0.09027398622050616,0.09027398622050616,0.09027398622050616,0.09027398622050616,0.09027398622050616,0.09027398622050616,0.09027398622050616,0.09027398622050616,0.09027398622050616,0.09027398622050618,0.09027398622050621,0.09027398622050618,0.09027398622050618,0.09027398622050618,0.09027398622050618,0.09027398622050618,0.09027398622050618,0.09027398622050621,0.09027398622050621,0.09027398622050621,0.09027398622050618,0.09027398622050618,0.09027398622050618,0.09027398622050618,0.09027398622050617,0.0902739862205062,0.0902739862205062,0.09027398622050617,0.0902739862205062,0.0902739862205062,0.0902739862205062,0.0902739862205062,0.09027398622050617,0.0902739862205062,0.09027398622050617,0.0902739862205062,0.0902739862205062,0.0902739862205062,0.0902739862205062,0.0902739862205062,0.0902739862205062,0.0902739862205062,0.09027398622050617,0.0902739862205062,0.09027398622050621,0.09027398622050616,0.0902739862205062,0.0902739862205062,0.09027398622050618,0.09027398622050618,0.09027398622050618,0.0902739862205062,0.09027398622050622,0.09027398622050618,0.09027398622050617,0.09027398622050614,0.09027398622050616,0.09027398622050617,0.09027398622050614,0.09027398622050616,0.09027398622050617,0.09027398622050616,0.09027398622050616,0.09027398622050616,0.09027398622050617,0.09027398622050616,0.09027398622050616,0.09027398622050616,0.09027398622050616,0.09027398622050616,0.09027398622050616,0.09027398622050616,0.09027398622050618,0.09027398622050616,0.09027398622050616,0.09027398622050616,0.09027398622050616,0.09027398622050618,0.09027398622050618,0.09027398622050618,0.09027398622050618,0.09027398622050618,0.0902739862205062,0.09027398622050617,0.09027398622050617,0.0902739862205062,0.09027398622050617,0.09027398622050617,0.09027398622050616,0.09027398622050616,0.09027398622050618,0.09027398622050618,0.09027398622050617,0.09027398622050618,0.09027398622050618,0.09027398622050616,0.09027398622050616,0.09027398622050616,0.09027398622050617,0.09027398622050617,0.09027398622050617,0.09027398622050617,0.09027398622050617,0.09027398622050617,0.09027398622050617,0.09027398622050617,0.09027398622050617,0.09027398622050617,0.09027398622050617,0.09027398622050617,0.09027398622050617,0.09027398622050617,0.09027398622050617,0.0902739862205062,0.0902739862205062,0.09027398622050621,0.0902739862205062,0.0902739862205062,0.0902739862205062,0.0902739862205062,0.09027398622050622,0.0902739862205062,0.0902739862205062,0.09027398622050622,0.09027398622050622,0.09027398622050622,0.0902739862205062,0.0902739862205062,0.09027398622050621,0.09027398622050621,0.0902739862205062,0.0902739862205062,0.0902739862205062,0.0902739862205062,0.0902739862205062,0.0902739862205062,0.09027398622050621,0.0902739862205062,0.0902739862205062,0.0902739862205062,0.0902739862205062,0.0902739862205062,0.09027398622050618,0.09027398622050621,0.09027398622050621,0.09027398622050621,0.09027398622050621,0.09027398622050621,0.09027398622050621,0.09027398622050621,0.09027398622050621,0.09027398622050621,0.09027398622050621,0.09027398622050621,0.09027398622050621,0.09027398622050621,0.09027398622050624,0.09027398622050624,0.09027398622050622,0.09027398622050624,0.09027398622050622,0.0902739862205062,0.0902739862205062,0.0902739862205062,0.09027398622050617,0.09027398622050617,0.09027398622050617,0.09027398622050617,0.09027398622050617,0.09027398622050616,0.09027398622050618,0.09027398622050616,0.09027398622050618,0.0902739862205062,0.0902739862205062,0.0902739862205062,0.0902739862205062,0.0902739862205062,0.09027398622050622,0.09027398622050622,0.09027398622050622,0.09027398622050622,0.09027398622050622,0.09027398622050622,0.09027398622050622,0.09027398622050622,0.09027398622050624,0.09027398622050624,0.09027398622050624,0.09027398622050621,0.09027398622050625,0.09027398622050622,0.09027398622050622,0.09027398622050622,0.09027398622050622,0.09027398622050622,0.09027398622050622,0.09027398622050622,0.09027398622050622,0.09027398622050625,0.09027398622050622,0.09027398622050622,0.09027398622050622,0.09027398622050622,0.09027398622050622,0.09027398622050622,0.09027398622050625,0.09027398622050622,0.09027398622050625,0.09027398622050622,0.09027398622050622,0.0902739862205062,0.09027398622050617,0.0902739862205062,0.0902739862205062,0.0902739862205062,0.09027398622050621,0.0902739862205062,0.0902739862205062,0.09027398622050621,0.0902739862205062,0.0902739862205062,0.0902739862205062,0.0902739862205062,0.0902739862205062,0.0902739862205062,0.09027398622050621,0.0902739862205062,0.0902739862205062,0.0902739862205062,0.0902739862205062,0.0902739862205062,0.0902739862205062,0.0902739862205062,0.09027398622050621,0.0902739862205062,0.09027398622050617,0.0902739862205062,0.09027398622050621,0.09027398622050624,0.09027398622050624,0.09027398622050624,0.09027398622050622,0.09027398622050624,0.09027398622050621,0.09027398622050621,0.09027398622050621,0.09027398622050621,0.09027398622050621,0.09027398622050624,0.09027398622050621,0.09027398622050624,0.09027398622050624,0.09027398622050624,0.09027398622050624,0.09027398622050624,0.09027398622050624,0.09027398622050624,0.09027398622050624,0.09027398622050627,0.0902739862205063,0.0902739862205063,0.0902739862205063,0.0902739862205063,0.09027398622050628,0.09027398622050628,0.09027398622050628,0.09027398622050631,0.0902739862205063,0.09027398622050627,0.09027398622050627,0.09027398622050627,0.09027398622050627,0.09027398622050627,0.09027398622050622,0.09027398622050622,0.09027398622050622,0.09027398622050625,0.09027398622050622,0.09027398622050622,0.09027398622050625,0.09027398622050625,0.0902739862205063,0.0902739862205063,0.09027398622050627,0.0902739862205063,0.0902739862205063,0.0902739862205063,0.0902739862205063,0.0902739862205063,0.0902739862205063,0.0902739862205063,0.0902739862205063,0.0902739862205063,0.0902739862205063,0.0902739862205063,0.0902739862205063,0.09027398622050628,0.09027398622050628,0.09027398622050628,0.09027398622050631,0.09027398622050631,0.09027398622050631,0.09027398622050631,0.09027398622050631,0.09027398622050628,0.09027398622050628,0.09027398622050627,0.09027398622050627,0.09027398622050627,0.09027398622050628,0.09027398622050628,0.09027398622050628,0.09027398622050628,0.09027398622050628,0.09027398622050627,0.09027398622050627,0.09027398622050628,0.09027398622050625,0.09027398622050627,0.09027398622050627,0.09027398622050627,0.09027398622050627,0.0902739862205063,0.0902739862205063,0.0902739862205063,0.0902739862205063,0.0902739862205063,0.0902739862205063,0.0902739862205063,0.09027398622050631,0.09027398622050631,0.09027398622050631,0.09027398622050631,0.09027398622050631,0.09027398622050631,0.09027398622050631,0.09027398622050631,0.09027398622050631,0.09027398622050631,0.09027398622050631,0.09027398622050631,0.0902739862205063,0.09027398622050632,0.09027398622050632,0.09027398622050632,0.09027398622050632,0.0902739862205063,0.0902739862205063,0.0902739862205063,0.09027398622050632,0.0902739862205063,0.09027398622050632,0.09027398622050632,0.09027398622050632,0.09027398622050632,0.09027398622050632,0.09027398622050632,0.0902739862205063,0.09027398622050632,0.09027398622050632,0.09027398622050632,0.09027398622050632,0.09027398622050632,0.09027398622050632,0.09027398622050632,0.09027398622050632,0.09027398622050632,0.09027398622050632,0.09027398622050634,0.09027398622050634,0.09027398622050634,0.09027398622050634,0.09027398622050634,0.09027398622050634,0.09027398622050634,0.09027398622050636,0.09027398622050636,0.09027398622050632,0.09027398622050632,0.09027398622050631,0.09027398622050631,0.09027398622050634,0.09027398622050634,0.09027398622050634,0.09027398622050632,0.09027398622050632,0.09027398622050632,0.09027398622050635,0.09027398622050635,0.09027398622050636,0.09027398622050635,0.09027398622050635,0.09027398622050635,0.09027398622050635,0.09027398622050635,0.09027398622050635,0.09027398622050636,0.09027398622050638,0.09027398622050636,0.09027398622050636,0.09027398622050636,0.09027398622050636,0.09027398622050636,0.09027398622050636,0.09027398622050636,0.09027398622050638,0.09027398622050638,0.09027398622050638,0.09027398622050638,0.09027398622050638,0.09027398622050636,0.09027398622050636,0.09027398622050636,0.09027398622050636,0.09027398622050636,0.09027398622050636,0.09027398622050636,0.09027398622050636,0.09027398622050636,0.09027398622050636,0.09027398622050636,0.09027398622050636,0.09027398622050636,0.09027398622050636,0.09027398622050636,0.09027398622050639,0.09027398622050639,0.09027398622050639,0.09027398622050639,0.09027398622050639,0.09027398622050636,0.09027398622050636,0.09027398622050636,0.09027398622050639,0.09027398622050639,0.09027398622050639,0.09027398622050639,0.09027398622050639,0.09027398622050639,0.09027398622050639,0.09027398622050639,0.09027398622050639,0.09027398622050639,0.09027398622050639,0.09027398622050639,0.09027398622050639,0.09027398622050639,0.09027398622050639,0.09027398622050639,0.09027398622050639,0.09027398622050639,0.09027398622050636,0.09027398622050636,0.09027398622050639,0.09027398622050639,0.09027398622050639,0.09027398622050639,0.09027398622050639,0.09027398622050639,0.09027398622050639,0.09027398622050638,0.09027398622050636,0.09027398622050638,0.09027398622050639,0.09027398622050639,0.09027398622050639,0.09027398622050639,0.09027398622050639,0.0902739862205064,0.0902739862205064,0.0902739862205064,0.0902739862205064,0.09027398622050639,0.0902739862205064,0.0902739862205064,0.0902739862205064,0.0902739862205064,0.0902739862205064,0.0902739862205064,0.0902739862205064,0.0902739862205064,0.0902739862205064,0.0902739862205064,0.09027398622050638,0.0902739862205064,0.09027398622050638,0.09027398622050638,0.09027398622050638,0.0902739862205064,0.09027398622050638,0.0902739862205064,0.0902739862205064,0.0902739862205064,0.09027398622050638,0.09027398622050638,0.09027398622050638,0.0902739862205064,0.09027398622050638,0.09027398622050638,0.0902739862205064,0.09027398622050638,0.0902739862205064,0.0902739862205064,0.09027398622050638,0.09027398622050638,0.09027398622050638,0.0902739862205064,0.0902739862205064,0.09027398622050638,0.0902739862205064,0.0902739862205064,0.09027398622050638,0.0902739862205064,0.0902739862205064,0.09027398622050638,0.0902739862205064,0.09027398622050638,0.0902739862205064,0.09027398622050638,0.0902739862205064,0.09027398622050638,0.0902739862205064,0.09027398622050638,0.0902739862205064,0.09027398622050638,0.09027398622050638,0.0902739862205064,0.09027398622050638,0.09027398622050638,0.0902739862205064,0.0902739862205064,0.09027398622050638,0.0902739862205064,0.0902739862205064,0.09027398622050638,0.09027398622050638,0.0902739862205064,0.09027398622050638,0.0902739862205064,0.09027398622050638,0.0902739862205064,0.09027398622050638,0.0902739862205064,0.0902739862205064,0.0902739862205064,0.09027398622050638,0.09027398622050638,0.0902739862205064,0.09027398622050638,0.0902739862205064,0.0902739862205064,0.0902739862205064,0.0902739862205064,0.09027398622050638,0.0902739862205064,0.09027398622050639,0.09027398622050636,0.09027398622050636,0.09027398622050636,0.09027398622050639,0.09027398622050639,0.09027398622050638,0.09027398622050639,0.09027398622050639,0.09027398622050638,0.09027398622050639,0.09027398622050636,0.09027398622050639,0.09027398622050639,0.09027398622050638,0.09027398622050639,0.09027398622050639,0.09027398622050636,0.09027398622050639,0.09027398622050639,0.09027398622050639,0.09027398622050639,0.09027398622050636,0.09027398622050639,0.09027398622050639,0.09027398622050636,0.09027398622050639,0.09027398622050639,0.09027398622050639,0.09027398622050639,0.09027398622050639,0.09027398622050639,0.09027398622050639,0.09027398622050636,0.09027398622050636,0.09027398622050639,0.09027398622050639,0.09027398622050639,0.09027398622050639,0.09027398622050639,0.09027398622050639,0.09027398622050639,0.09027398622050639,0.09027398622050639,0.09027398622050639,0.09027398622050636,0.09027398622050639,0.09027398622050639,0.09027398622050639,0.09027398622050639,0.09027398622050639,0.09027398622050639,0.0902739862205064,0.09027398622050638,0.0902739862205064,0.09027398622050638,0.0902739862205064,0.0902739862205064,0.0902739862205064,0.0902739862205064,0.0902739862205064,0.0902739862205064,0.0902739862205064,0.09027398622050639,0.0902739862205064,0.09027398622050639,0.09027398622050639,0.0902739862205064,0.09027398622050639,0.09027398622050639,0.0902739862205064,0.0902739862205064,0.0902739862205064,0.09027398622050639,0.09027398622050639,0.0902739862205064,0.09027398622050639,0.09027398622050639,0.09027398622050639,0.09027398622050639,0.09027398622050639,0.09027398622050639,0.09027398622050639,0.09027398622050639,0.09027398622050638,0.09027398622050638,0.09027398622050639,0.09027398622050639,0.09027398622050639,0.09027398622050639,0.09027398622050639,0.09027398622050639,0.09027398622050638,0.09027398622050638,0.09027398622050639,0.09027398622050639,0.09027398622050638,0.09027398622050638,0.09027398622050638,0.09027398622050638,0.09027398622050638,0.09027398622050638,0.09027398622050638,0.09027398622050635,0.09027398622050635,0.09027398622050635,0.09027398622050635,0.09027398622050635,0.09027398622050635,0.09027398622050636,0.09027398622050635,0.09027398622050635,0.09027398622050635,0.09027398622050638,0.09027398622050638,0.09027398622050638,0.09027398622050636,0.09027398622050636,0.09027398622050636,0.09027398622050635,0.09027398622050635,0.09027398622050635,0.09027398622050635,0.09027398622050638,0.09027398622050638,0.09027398622050638,0.09027398622050635,0.09027398622050635,0.09027398622050636,0.09027398622050636,0.09027398622050636,0.09027398622050636,0.09027398622050636,0.09027398622050636,0.09027398622050636,0.09027398622050636,0.09027398622050636,0.09027398622050636,0.09027398622050636,0.09027398622050635,0.09027398622050635,0.09027398622050635,0.09027398622050635,0.09027398622050638,0.09027398622050635,0.09027398622050635,0.09027398622050638,0.09027398622050638,0.09027398622050635,0.09027398622050635,0.09027398622050635,0.09027398622050638,0.09027398622050638,0.09027398622050638,0.09027398622050638,0.09027398622050638,0.09027398622050638,0.09027398622050638,0.09027398622050639,0.09027398622050635,0.09027398622050639,0.09027398622050638,0.09027398622050638,0.09027398622050638,0.09027398622050638,0.09027398622050638,0.0902739862205064,0.0902739862205064,0.09027398622050638,0.0902739862205064,0.09027398622050638,0.0902739862205064,0.0902739862205064,0.0902739862205064,0.09027398622050639,0.09027398622050636,0.09027398622050634,0.09027398622050634,0.09027398622050636,0.09027398622050636,0.09027398622050636,0.09027398622050635,0.09027398622050635,0.09027398622050635,0.09027398622050635,0.09027398622050635,0.09027398622050638,0.09027398622050636,0.09027398622050636,0.09027398622050634,0.09027398622050634,0.09027398622050635,0.09027398622050632,0.09027398622050632,0.09027398622050635,0.09027398622050635,0.09027398622050635,0.09027398622050635,0.09027398622050635,0.09027398622050638,0.09027398622050636,0.09027398622050636,0.09027398622050636,0.09027398622050636,0.09027398622050636,0.09027398622050636,0.09027398622050636,0.09027398622050638,0.09027398622050635,0.09027398622050635,0.09027398622050635,0.09027398622050632,0.09027398622050635,0.09027398622050635,0.09027398622050635,0.09027398622050635,0.09027398622050635,0.09027398622050635,0.09027398622050635,0.09027398622050635,0.09027398622050635,0.09027398622050635,0.09027398622050635,0.09027398622050635,0.09027398622050635,0.09027398622050635,0.09027398622050635,0.09027398622050635,0.09027398622050635,0.09027398622050638,0.09027398622050636,0.09027398622050636,0.09027398622050634,0.09027398622050635,0.09027398622050638,0.09027398622050638,0.09027398622050638,0.09027398622050639,0.09027398622050639,0.09027398622050639,0.09027398622050642,0.09027398622050642,0.0902739862205064,0.09027398622050642,0.09027398622050639,0.09027398622050642,0.0902739862205064,0.09027398622050642,0.0902739862205064,0.0902739862205064,0.09027398622050642,0.0902739862205064,0.0902739862205064,0.0902739862205064,0.0902739862205064,0.09027398622050642,0.0902739862205064,0.0902739862205064,0.0902739862205064,0.0902739862205064,0.09027398622050639,0.0902739862205064,0.09027398622050639,0.09027398622050639,0.09027398622050639,0.0902739862205064,0.0902739862205064,0.09027398622050639,0.0902739862205064,0.09027398622050639,0.0902739862205064,0.09027398622050642,0.0902739862205064,0.09027398622050639,0.09027398622050639,0.0902739862205064,0.09027398622050639,0.09027398622050639,0.09027398622050642,0.09027398622050639,0.09027398622050642,0.09027398622050639,0.09027398622050639,0.09027398622050642,0.09027398622050639,0.09027398622050639,0.09027398622050639,0.09027398622050639,0.09027398622050642,0.09027398622050639,0.09027398622050642,0.09027398622050639,0.09027398622050639,0.09027398622050642,0.09027398622050639,0.09027398622050639,0.09027398622050639,0.09027398622050639,0.09027398622050639,0.09027398622050639,0.09027398622050642,0.09027398622050639,0.09027398622050639,0.09027398622050642,0.09027398622050639,0.09027398622050639,0.09027398622050639,0.09027398622050639,0.09027398622050642,0.09027398622050639,0.09027398622050642,0.09027398622050639,0.09027398622050639,0.09027398622050642,0.09027398622050639,0.09027398622050639,0.09027398622050639,0.09027398622050639,0.09027398622050639,0.09027398622050639,0.09027398622050639,0.09027398622050639,0.09027398622050639,0.0902739862205064,0.09027398622050639,0.09027398622050639,0.09027398622050639,0.09027398622050639,0.09027398622050639,0.09027398622050639,0.09027398622050639,0.09027398622050639,0.09027398622050639,0.09027398622050642,0.09027398622050639,0.09027398622050639,0.09027398622050639,0.09027398622050638,0.0902739862205064,0.09027398622050639,0.09027398622050639,0.09027398622050639,0.09027398622050639,0.0902739862205064,0.09027398622050638,0.09027398622050638,0.0902739862205064,0.09027398622050639,0.09027398622050639,0.09027398622050636,0.09027398622050636,0.09027398622050638,0.09027398622050638,0.09027398622050638,0.09027398622050639,0.09027398622050638,0.09027398622050638,0.09027398622050638,0.09027398622050638,0.09027398622050638,0.09027398622050638,0.09027398622050638,0.09027398622050638,0.09027398622050638,0.09027398622050638,0.09027398622050638,0.09027398622050642,0.09027398622050639,0.09027398622050638,0.09027398622050635,0.09027398622050634,0.09027398622050634,0.09027398622050634,0.09027398622050634,0.09027398622050634,0.09027398622050634,0.09027398622050635,0.09027398622050632,0.09027398622050632,0.09027398622050632,0.09027398622050632,0.09027398622050632,0.09027398622050632,0.09027398622050632,0.0902739862205063,0.09027398622050632,0.0902739862205063,0.09027398622050632,0.0902739862205063,0.0902739862205063,0.09027398622050631,0.0902739862205063,0.0902739862205063,0.0902739862205063,0.09027398622050632,0.09027398622050631,0.09027398622050631,0.09027398622050632,0.09027398622050631,0.09027398622050631,0.09027398622050631,0.09027398622050631,0.09027398622050631,0.09027398622050631,0.09027398622050632,0.09027398622050631,0.09027398622050631,0.09027398622050632,0.09027398622050631,0.09027398622050632,0.0902739862205063,0.09027398622050632,0.09027398622050632,0.09027398622050632,0.09027398622050632,0.09027398622050632,0.09027398622050632,0.09027398622050635,0.09027398622050635,0.09027398622050635,0.09027398622050632,0.09027398622050632,0.09027398622050632,0.09027398622050632,0.09027398622050635,0.09027398622050632,0.09027398622050631,0.09027398622050631,0.09027398622050631,0.09027398622050631,0.09027398622050631,0.09027398622050631,0.09027398622050631,0.09027398622050631,0.0902739862205063,0.0902739862205063,0.09027398622050631,0.09027398622050631,0.09027398622050631,0.09027398622050631,0.09027398622050632,0.09027398622050631,0.09027398622050632,0.09027398622050632,0.09027398622050632,0.09027398622050632,0.09027398622050632,0.09027398622050634,0.09027398622050634,0.09027398622050634,0.09027398622050636,0.09027398622050636,0.09027398622050636,0.09027398622050634,0.09027398622050635,0.09027398622050632,0.09027398622050635,0.09027398622050632,0.09027398622050634,0.09027398622050634,0.09027398622050634,0.09027398622050634,0.09027398622050634,0.09027398622050634,0.09027398622050634,0.09027398622050634,0.09027398622050634,0.09027398622050634,0.09027398622050634,0.09027398622050634,0.09027398622050634,0.09027398622050634,0.09027398622050634,0.09027398622050632,0.09027398622050632,0.09027398622050634,0.09027398622050634,0.09027398622050634,0.09027398622050634,0.09027398622050634,0.09027398622050634,0.09027398622050634,0.09027398622050634,0.09027398622050634,0.09027398622050634,0.09027398622050634,0.09027398622050634,0.09027398622050634,0.09027398622050632,0.09027398622050632,0.09027398622050634,0.09027398622050632,0.09027398622050632,0.09027398622050634,0.09027398622050634,0.09027398622050634,0.09027398622050632,0.09027398622050632,0.09027398622050632,0.09027398622050632,0.09027398622050634,0.09027398622050634,0.09027398622050634,0.09027398622050635,0.09027398622050635,0.09027398622050632,0.09027398622050632,0.09027398622050632,0.09027398622050635,0.09027398622050634,0.09027398622050634,0.09027398622050636,0.09027398622050634,0.09027398622050635,0.09027398622050634,0.09027398622050634,0.09027398622050635,0.09027398622050634,0.09027398622050635,0.09027398622050634,0.09027398622050634,0.09027398622050635,0.09027398622050635,0.09027398622050634,0.09027398622050634,0.09027398622050634,0.09027398622050634
4,0.025076902457540642,0.02507690245754065,0.02507690245754065,0.02507690245754065,0.02507690245754065,0.02507690245754065,0.02507690245754065,0.02507690245754065,0.02507690245754065,0.02507690245754065,0.02507690245754065,0.02507690245754065,0.02507690245754065,0.02507690245754065,0.02507690245754065,0.02507690245754065,0.02507690245754065,0.02507690245754065,0.02507690245754065,0.02507690245754065,0.02507690245754065,0.02507690245754065,0.02507690245754065,0.02507690245754065,0.02507690245754065,0.02507690245754065,0.02507690245754065,0.02507690245754065,0.02507690245754065,0.02507690245754065,0.02507690245754065,0.02507690245754065,0.02507690245754065,0.02507690245754065,0.02507690245754065,0.02507690245754065,0.02507690245754065,0.02507690245754065,0.02507690245754065,0.02507690245754065,0.02507690245754065,0.02507690245754065,0.02507690245754065,0.02507690245754065,0.02507690245754065,0.02507690245754065,0.02507690245754065,0.02507690245754065,0.02507690245754065,0.02507690245754065,0.02507690245754065,0.02507690245754065,0.02507690245754065,0.02507690245754065,0.02507690245754065,0.02507690245754065,0.02507690245754065,0.02507690245754065,0.02507690245754065,0.02507690245754065,0.02507690245754065,0.02507690245754065,0.02507690245754065,0.02507690245754065,0.02507690245754065,0.02507690245754065,0.02507690245754065,0.02507690245754065,0.02507690245754065,0.02507690245754065,0.02507690245754065,0.02507690245754065,0.02507690245754065,0.02507690245754065,0.02507690245754065,0.02507690245754065,0.02507690245754065,0.02507690245754065,0.02507690245754065,0.02507690245754065,0.02507690245754065,0.02507690245754065,0.02507690245754065,0.02507690245754065,0.02507690245754065,0.02507690245754065,0.02507690245754065,0.02507690245754065,0.02507690245754065,0.02507690245754065,0.02507690245754065,0.02507690245754065,0.02507690245754065,0.02507690245754065,0.02507690245754065,0.02507690245754065,0.02507690245754065,0.02507690245754065,0.02507690245754065,0.02507690245754065,0.02507690245754065,0.02507690245754065,0.02507690245754065,0.02507690245754065,0.02507690245754065,0.02507690245754065,0.02507690245754065,0.02507690245754065,0.02507690245754065,0.02507690245754065,0.02507690245754065,0.02507690245754065,0.02507690245754065,0.02507690245754065,0.02507690245754065,0.02507690245754065,0.02507690245754065,0.02507690245754065,0.02507690245754065,0.02507690245754065,0.02507690245754065,0.02507690245754065,0.02507690245754065,0.02507690245754065,0.02507690245754065,0.02507690245754065,0.02507690245754065,0.02507690245754065,0.02507690245754065,0.02507690245754065,0.02507690245754065,0.02507690245754065,0.02507690245754065,0.02507690245754065,0.02507690245754065,0.02507690245754065,0.02507690245754065,0.02507690245754065,0.02507690245754065,0.02507690245754065,0.02507690245754065,0.02507690245754065,0.02507690245754065,0.02507690245754065,0.02507690245754065,0.02507690245754065,0.02507690245754065,0.02507690245754065,0.02507690245754065,0.02507690245754065,0.02507690245754065,0.02507690245754065,0.02507690245754065,0.02507690245754065,0.02507690245754065,0.02507690245754065,0.02507690245754065,0.02507690245754065,0.02507690245754065,0.02507690245754065,0.02507690245754065,0.02507690245754065,0.02507690245754065,0.02507690245754065,0.02507690245754065,0.02507690245754065,0.02507690245754065,0.02507690245754065,0.02507690245754065,0.02507690245754065,0.02507690245754065,0.02507690245754065,0.02507690245754065,0.02507690245754065,0.02507690245754065,0.02507690245754065,0.02507690245754065,0.02507690245754065,0.02507690245754065,0.02507690245754065,0.02507690245754065,0.02507690245754065,0.02507690245754065,0.02507690245754065,0.02507690245754065,0.02507690245754065,0.02507690245754065,0.02507690245754065,0.02507690245754065,0.02507690245754065,0.02507690245754065,0.02507690245754065,0.02507690245754065,0.02507690245754065,0.02507690245754065,0.02507690245754065,0.02507690245754065,0.02507690245754065,0.02507690245754065,0.02507690245754065,0.02507690245754065,0.02507690245754065,0.02507690245754065,0.02507690245754065,0.02507690245754065,0.02507690245754065,0.02507690245754065,0.02507690245754065,0.02507690245754065,0.02507690245754065,0.02507690245754065,0.02507690245754065,0.02507690245754065,0.02507690245754065,0.02507690245754065,0.02507690245754065,0.02507690245754065,0.02507690245754065,0.02507690245754065,0.02507690245754065,0.02507690245754065,0.02507690245754065,0.02507690245754065,0.02507690245754065,0.02507690245754065,0.02507690245754065,0.02507690245754065,0.02507690245754065,0.02507690245754065,0.02507690245754065,0.02507690245754065,0.02507690245754065,0.02507690245754065,0.02507690245754065,0.02507690245754065,0.02507690245754065,0.02507690245754065,0.02507690245754065,0.02507690245754065,0.02507690245754065,0.02507690245754065,0.02507690245754065,0.02507690245754065,0.02507690245754065,0.02507690245754065,0.02507690245754065,0.02507690245754065,0.02507690245754065,0.02507690245754065,0.02507690245754065,0.02507690245754065,0.02507690245754065,0.02507690245754065,0.02507690245754065,0.02507690245754065,0.02507690245754065,0.02507690245754065,0.02507690245754065,0.02507690245754065,0.02507690245754065,0.02507690245754065,0.02507690245754065,0.02507690245754065,0.02507690245754065,0.02507690245754065,0.02507690245754065,0.02507690245754065,0.02507690245754065,0.02507690245754065,0.02507690245754065,0.02507690245754065,0.02507690245754065,0.02507690245754065,0.02507690245754065,0.02507690245754065,0.02507690245754065,0.02507690245754065,0.02507690245754065,0.02507690245754065,0.02507690245754065,0.02507690245754065,0.02507690245754065,0.02507690245754065,0.02507690245754065,0.02507690245754065,0.02507690245754065,0.02507690245754065,0.02507690245754065,0.02507690245754065,0.02507690245754065,0.02507690245754065,0.02507690245754065,0.02507690245754065,0.02507690245754065,0.02507690245754065,0.02507690245754065,0.02507690245754065,0.02507690245754065,0.02507690245754065,0.02507690245754065,0.02507690245754065,0.02507690245754065,0.02507690245754065,0.02507690245754065,0.02507690245754065,0.02507690245754065,0.02507690245754065,0.02507690245754065,0.02507690245754065,0.02507690245754065,0.02507690245754065,0.02507690245754065,0.02507690245754065,0.02507690245754065,0.02507690245754065,0.02507690245754065,0.02507690245754065,0.02507690245754065,0.02507690245754065,0.02507690245754065,0.02507690245754065,0.02507690245754065,0.02507690245754065,0.02507690245754065,0.02507690245754065,0.02507690245754065,0.02507690245754065,0.02507690245754065,0.02507690245754065,0.02507690245754065,0.02507690245754065,0.02507690245754065,0.02507690245754065,0.02507690245754065,0.02507690245754065,0.02507690245754065,0.02507690245754065,0.02507690245754065,0.02507690245754065,0.02507690245754065,0.02507690245754065,0.02507690245754065,0.02507690245754065,0.02507690245754065,0.02507690245754065,0.02507690245754065,0.02507690245754065,0.02507690245754065,0.02507690245754065,0.02507690245754065,0.02507690245754065,0.02507690245754065,0.02507690245754065,0.02507690245754065,0.02507690245754065,0.02507690245754065,0.02507690245754065,0.02507690245754065,0.02507690245754065,0.02507690245754065,0.02507690245754065,0.02507690245754065,0.02507690245754065,0.02507690245754065,0.02507690245754065,0.02507690245754065,0.02507690245754065,0.02507690245754065,0.02507690245754065,0.02507690245754065,0.02507690245754065,0.02507690245754065,0.02507690245754065,0.02507690245754065,0.02507690245754065,0.02507690245754065,0.02507690245754065,0.02507690245754065,0.02507690245754065,0.02507690245754065,0.02507690245754065,0.02507690245754065,0.02507690245754065,0.02507690245754065,0.02507690245754065,0.02507690245754065,0.02507690245754065,0.02507690245754065,0.02507690245754065,0.02507690245754065,0.02507690245754065,0.02507690245754065,0.02507690245754065,0.02507690245754065,0.02507690245754065,0.02507690245754065,0.02507690245754065,0.02507690245754065,0.02507690245754065,0.02507690245754065,0.02507690245754065,0.02507690245754065,0.02507690245754065,0.02507690245754065,0.02507690245754065,0.02507690245754065,0.02507690245754065,0.02507690245754065,0.02507690245754065,0.02507690245754065,0.02507690245754065,0.02507690245754065,0.02507690245754065,0.02507690245754065,0.02507690245754065,0.02507690245754065,0.02507690245754065,0.02507690245754065,0.02507690245754065,0.02507690245754065,0.02507690245754065,0.02507690245754065,0.02507690245754065,0.02507690245754065,0.02507690245754065,0.02507690245754065,0.02507690245754065,0.02507690245754065,0.02507690245754065,0.02507690245754065,0.02507690245754065,0.02507690245754065,0.02507690245754065,0.02507690245754065,0.02507690245754065,0.02507690245754065,0.02507690245754065,0.02507690245754065,0.02507690245754065,0.02507690245754065,0.02507690245754065,0.02507690245754065,0.02507690245754065,0.02507690245754065,0.02507690245754065,0.02507690245754065,0.02507690245754065,0.02507690245754065,0.02507690245754065,0.02507690245754065,0.02507690245754065,0.02507690245754065,0.02507690245754065,0.02507690245754065,0.02507690245754065,0.02507690245754065,0.02507690245754065,0.02507690245754065,0.02507690245754065,0.02507690245754065,0.02507690245754065,0.02507690245754065,0.02507690245754065,0.02507690245754065,0.02507690245754065,0.02507690245754065,0.02507690245754065,0.02507690245754065,0.02507690245754065,0.02507690245754065,0.02507690245754065,0.02507690245754065,0.02507690245754065,0.02507690245754065,0.02507690245754065,0.02507690245754065,0.02507690245754065,0.02507690245754065,0.02507690245754065,0.02507690245754065,0.02507690245754065,0.02507690245754065,0.02507690245754065,0.02507690245754065,0.02507690245754065,0.02507690245754065,0.02507690245754065,0.02507690245754065,0.02507690245754065,0.02507690245754065,0.02507690245754065,0.02507690245754065,0.02507690245754065,0.02507690245754065,0.02507690245754065,0.02507690245754065,0.02507690245754065,0.02507690245754065,0.02507690245754065,0.02507690245754065,0.02507690245754065,0.02507690245754065,0.02507690245754065,0.02507690245754065,0.02507690245754065,0.02507690245754065,0.02507690245754065,0.02507690245754065,0.02507690245754065,0.02507690245754065,0.02507690245754065,0.02507690245754065,0.02507690245754065,0.02507690245754065,0.02507690245754065,0.02507690245754065,0.02507690245754065,0.02507690245754065,0.02507690245754065,0.02507690245754065,0.02507690245754065,0.02507690245754065,0.02507690245754065,0.02507690245754065,0.02507690245754065,0.02507690245754065,0.02507690245754065,0.02507690245754065,0.02507690245754065,0.02507690245754065,0.02507690245754065,0.02507690245754065,0.02507690245754065,0.02507690245754065,0.02507690245754065,0.02507690245754065,0.02507690245754065,0.02507690245754065,0.02507690245754065,0.02507690245754065,0.02507690245754065,0.02507690245754065,0.02507690245754065,0.02507690245754065,0.02507690245754065,0.02507690245754065,0.02507690245754065,0.02507690245754065,0.02507690245754065,0.02507690245754065,0.02507690245754065,0.02507690245754065,0.02507690245754065,0.02507690245754065,0.02507690245754065,0.02507690245754065,0.02507690245754065,0.02507690245754065,0.02507690245754065,0.02507690245754065,0.02507690245754065,0.02507690245754065,0.02507690245754065,0.02507690245754065,0.02507690245754065,0.02507690245754065,0.02507690245754065,0.02507690245754065,0.02507690245754065,0.02507690245754065,0.02507690245754065,0.02507690245754065,0.02507690245754065,0.02507690245754065,0.02507690245754065,0.02507690245754065,0.02507690245754065,0.02507690245754065,0.02507690245754065,0.02507690245754065,0.02507690245754065,0.02507690245754065,0.02507690245754065,0.02507690245754065,0.02507690245754065,0.02507690245754065,0.02507690245754065,0.02507690245754065,0.02507690245754065,0.02507690245754065,0.02507690245754065,0.02507690245754065,0.02507690245754065,0.02507690245754065,0.02507690245754065,0.02507690245754065,0.02507690245754065,0.02507690245754065,0.02507690245754065,0.02507690245754065,0.02507690245754065,0.02507690245754065,0.02507690245754065,0.02507690245754065,0.02507690245754065,0.02507690245754065,0.02507690245754065,0.02507690245754065,0.02507690245754065,0.02507690245754065,0.02507690245754065,0.02507690245754065,0.02507690245754065,0.02507690245754065,0.02507690245754065,0.02507690245754065,0.02507690245754065,0.02507690245754065,0.02507690245754065,0.02507690245754065,0.02507690245754065,0.02507690245754065,0.02507690245754065,0.02507690245754065,0.02507690245754065,0.02507690245754065,0.02507690245754065,0.02507690245754065,0.02507690245754065,0.02507690245754065,0.02507690245754065,0.02507690245754065,0.02507690245754065,0.02507690245754065,0.02507690245754065,0.02507690245754065,0.02507690245754065,0.02507690245754065,0.02507690245754065,0.02507690245754065,0.02507690245754065,0.02507690245754065,0.02507690245754065,0.02507690245754065,0.02507690245754065,0.02507690245754065,0.02507690245754065,0.02507690245754065,0.02507690245754065,0.02507690245754065,0.02507690245754065,0.02507690245754065,0.02507690245754065,0.02507690245754065,0.02507690245754065,0.02507690245754065,0.02507690245754065,0.02507690245754065,0.02507690245754065,0.02507690245754065,0.02507690245754065,0.02507690245754065,0.02507690245754065,0.02507690245754065,0.02507690245754065,0.02507690245754065,0.02507690245754065,0.02507690245754065,0.02507690245754065,0.02507690245754065,0.02507690245754065,0.02507690245754065,0.02507690245754065,0.02507690245754065,0.02507690245754065,0.02507690245754065,0.02507690245754065,0.02507690245754065,0.02507690245754065,0.02507690245754065,0.02507690245754065,0.02507690245754065,0.02507690245754065,0.02507690245754065,0.02507690245754065,0.02507690245754065,0.02507690245754065,0.02507690245754065,0.02507690245754065,0.02507690245754065,0.02507690245754065,0.02507690245754065,0.02507690245754065,0.02507690245754065,0.02507690245754065,0.02507690245754065,0.02507690245754065,0.02507690245754065,0.02507690245754065,0.02507690245754065,0.02507690245754065,0.02507690245754065,0.02507690245754065,0.02507690245754065,0.02507690245754065,0.02507690245754065,0.02507690245754065,0.02507690245754065,0.02507690245754065,0.02507690245754065,0.02507690245754065,0.02507690245754065,0.02507690245754065,0.02507690245754065,0.02507690245754065,0.02507690245754065,0.02507690245754065,0.02507690245754065,0.02507690245754065,0.02507690245754065,0.02507690245754065,0.02507690245754065,0.02507690245754065,0.02507690245754065,0.02507690245754065,0.02507690245754065,0.02507690245754065,0.02507690245754065,0.02507690245754065,0.02507690245754065,0.02507690245754065,0.02507690245754065,0.02507690245754065,0.02507690245754065,0.02507690245754065,0.02507690245754065,0.02507690245754065,0.02507690245754065,0.02507690245754065,0.02507690245754065,0.02507690245754065,0.02507690245754065,0.02507690245754065,0.02507690245754065,0.02507690245754065,0.02507690245754065,0.02507690245754065,0.02507690245754065,0.02507690245754065,0.02507690245754065,0.02507690245754065,0.02507690245754065,0.02507690245754065,0.02507690245754065,0.02507690245754065,0.02507690245754065,0.02507690245754065,0.02507690245754065,0.02507690245754065,0.02507690245754065,0.02507690245754065,0.02507690245754065,0.02507690245754065,0.02507690245754065,0.02507690245754065,0.02507690245754065,0.02507690245754065,0.02507690245754065,0.02507690245754065,0.02507690245754065,0.02507690245754065,0.02507690245754065,0.02507690245754065,0.02507690245754065,0.02507690245754065,0.02507690245754065,0.02507690245754065,0.02507690245754065,0.02507690245754065,0.02507690245754065,0.02507690245754065,0.02507690245754065,0.02507690245754065,0.02507690245754065,0.02507690245754065,0.02507690245754065,0.02507690245754065,0.02507690245754065,0.02507690245754065,0.02507690245754065,0.02507690245754065,0.02507690245754065,0.02507690245754065,0.02507690245754065,0.02507690245754065,0.02507690245754065,0.02507690245754065,0.02507690245754065,0.02507690245754065,0.02507690245754065,0.02507690245754065,0.02507690245754065,0.02507690245754065,0.02507690245754065,0.02507690245754065,0.02507690245754065,0.02507690245754065,0.02507690245754065,0.02507690245754065,0.02507690245754065,0.02507690245754065,0.02507690245754065,0.02507690245754065,0.02507690245754065,0.02507690245754065,0.02507690245754065,0.02507690245754065,0.02507690245754065,0.02507690245754065,0.02507690245754065,0.02507690245754065,0.02507690245754065,0.02507690245754065,0.02507690245754065,0.02507690245754065,0.02507690245754065,0.02507690245754065,0.02507690245754065,0.02507690245754065,0.02507690245754065,0.02507690245754065,0.02507690245754065,0.02507690245754065,0.02507690245754065,0.02507690245754065,0.02507690245754065,0.02507690245754065,0.02507690245754065,0.02507690245754065,0.02507690245754065,0.02507690245754065,0.02507690245754065,0.02507690245754065,0.02507690245754065,0.02507690245754065,0.02507690245754065,0.02507690245754065,0.02507690245754065,0.02507690245754065,0.02507690245754065,0.02507690245754065,0.02507690245754065,0.02507690245754065,0.02507690245754065,0.02507690245754065,0.02507690245754065,0.02507690245754065,0.02507690245754065,0.02507690245754065,0.02507690245754065,0.02507690245754065,0.02507690245754065,0.02507690245754065,0.02507690245754065,0.02507690245754065,0.02507690245754065,0.02507690245754065,0.02507690245754065,0.02507690245754065,0.02507690245754065,0.02507690245754065,0.02507690245754065,0.02507690245754065,0.02507690245754065,0.02507690245754065,0.02507690245754065,0.02507690245754065,0.02507690245754065,0.02507690245754065,0.02507690245754065,0.02507690245754065,0.02507690245754065,0.02507690245754065,0.02507690245754065,0.02507690245754065,0.02507690245754065,0.02507690245754065,0.02507690245754065,0.02507690245754065,0.02507690245754065,0.02507690245754065,0.02507690245754065,0.02507690245754065,0.02507690245754065,0.02507690245754065,0.02507690245754065,0.02507690245754065,0.02507690245754065,0.02507690245754065,0.02507690245754065,0.02507690245754065,0.02507690245754065,0.02507690245754065,0.02507690245754065,0.02507690245754065,0.02507690245754065,0.02507690245754065,0.02507690245754065,0.02507690245754065,0.02507690245754065,0.02507690245754065,0.02507690245754065,0.02507690245754065,0.02507690245754065,0.02507690245754065,0.02507690245754065,0.02507690245754065,0.02507690245754065,0.02507690245754065,0.02507690245754065,0.02507690245754065,0.02507690245754065,0.02507690245754065,0.02507690245754065,0.02507690245754065,0.02507690245754065,0.02507690245754065,0.02507690245754065,0.02507690245754065,0.02507690245754065,0.02507690245754065,0.02507690245754065,0.02507690245754065,0.02507690245754065,0.02507690245754065,0.02507690245754065,0.02507690245754065,0.02507690245754065,0.02507690245754065,0.02507690245754065,0.02507690245754065,0.02507690245754065,0.02507690245754065,0.02507690245754065,0.02507690245754065,0.02507690245754065,0.02507690245754065,0.02507690245754065,0.02507690245754065,0.02507690245754065,0.02507690245754065,0.02507690245754065,0.02507690245754065,0.02507690245754065,0.02507690245754065,0.02507690245754065,0.02507690245754065,0.02507690245754065,0.02507690245754065,0.02507690245754065,0.02507690245754065,0.02507690245754065,0.02507690245754065,0.02507690245754065,0.02507690245754065,0.02507690245754065,0.02507690245754065,0.02507690245754065,0.02507690245754065,0.02507690245754065,0.02507690245754065,0.02507690245754065,0.02507690245754065,0.02507690245754065,0.02507690245754065,0.02507690245754065,0.02507690245754065,0.02507690245754065,0.02507690245754065,0.02507690245754065,0.02507690245754065,0.02507690245754065,0.02507690245754065,0.02507690245754065,0.02507690245754065,0.02507690245754065,0.02507690245754065,0.02507690245754065,0.02507690245754065,0.02507690245754065,0.02507690245754065,0.02507690245754065,0.02507690245754065,0.02507690245754065,0.02507690245754065,0.02507690245754065,0.02507690245754065,0.02507690245754065,0.02507690245754065,0.02507690245754065,0.025076900205816984,0.02507689795403555,0.02507689570225296,0.025076893450471267,0.025076891198690592,0.025076888946910923,0.025076886695131927,0.025076884443353632,0.025076882191577,0.025076879939801032,0.02507687768802578,0.02507687543625217,0.02507687318447925,0.025076870932707013,0.02507686868093645,0.025076866429166896,0.025076864177397993,0.025076861925629808,0.025076859673863274,0.025076857422097434,0.02507685517033229,0.02507685291856878,0.0250768506668063,0.02507684841504449,0.02507684616328403,0.025076843911524243,0.025076841659765786,0.025076839408008353,0.02507683715625159,0.02507683490449551,0.0250768326527411,0.02507683040098737,0.025076828149234988,0.025076825897483272,0.025076823645732892,0.025076821393983192,0.025076819142234835,0.02507681689048749,0.025076814638740806,0.02507681238699548,0.025076810135251155,0.02507680788350751,0.02507680563176521,0.02507680338002356,0.02507680112828328,0.025076798876543658,0.025076796624805383,0.025076794373067805,0.025076792121330915,0.025076789869595675,0.025076787617861102,0.025076785366127875,0.025076783114395648,0.025076780862664103,0.025076778610933246,0.025076776359204033,0.025076774107475518,0.025076771855748324,0.025076769604021828,0.025076767352296643,0.02507676510057213,0.025076762848848314,0.025076760597126154,0.02507675834540469,0.0250767560936839,0.02507675384196476,0.025076751590246277,0.025076749338528513,0.025076747086812394,0.025076744835096924,0.025076742583382182,0.02507674033166908,0.025076738079956994,0.02507673582824558,0.025076733576534845,0.025076731324825765,0.025076729073117365,0.025076726821409663,0.025076724569703602,0.025076722317998193,0.025076720066293513,0.02507671781459046,0.025076715562888045,0.02507671331118698,0.025076711059486625,0.025076708807787604,0.0250767065560896,0.025076704304392572,0.02507670205269622,0.02507669980100059,0.025076697549306585,0.02507669529761328,0.02507669304592064,0.025076690794229656,0.025076688542539333,0.02507668629085035,0.025076684039162054,0.025076681787475085,0.025076679535788814,0.02507667728410322,0.02507667503241925,0.02507667278073629,0.025076670529054,0.025076668277373034,0.02507666602569277,0.02507666377401314,0.025076661522334263,0.025076659270657317,0.02507665701898105,0.025076654767305463,0.02507665251563059,0.025076650263957657,0.02507664801228541,0.025076645760613837,0.02507664350894391,0.025076641257274667,0.025076639005606752,0.0250766367539395,0.025076634502273605,0.02507663225060835,0.02507662999894444,0.025076627747281192,0.025076625495619283,0.025076623243958047,0.02507662099229755,0.02507661874063865,0.02507661648898037,0.025076614237323453,0.025076611985667546,0.025076609734012326,0.02507660748235842,0.025076605230705526,0.025076602979053304,0.025076600727402396,0.025076598475752235,0.025076596224103336,0.025076593972455437,0.025076591720808207,0.025076589469161702,0.025076587217516804,0.0250765849658729,0.025076582714229682,0.025076580462587785,0.025076578210946568,0.025076575959306048,0.02507657370766714,0.02507657145602892,0.025076569204391382,0.02507656695275548,0.025076564701120563,0.025076562449486344,0.025076560197852857,0.02507655794622096,0.025076555694590042,0.02507655344295983,0.02507655119133092,0.025076548939702674,0.02507654668807521,0.025076544436449296,0.025076542184824045,0.025076539933200127,0.0250765376815769,0.02507653542995498,0.02507653317833374,0.02507653092671382,0.025076528675094894,0.025076526423476974,0.025076524171859717,0.025076521920243157,0.02507651966862823,0.025076517417014287,0.025076515165401023,0.02507651291378907,0.025076510662177812,0.025076508410567872,0.02507650615895861,0.025076503907350646,0.025076501655743377,0.02507649940413742,0.025076497152532448,0.025076494900928177,0.025076492649324586,0.02507649039772261,0.0250764881461213,0.025076485894520696,0.02507648364292171,0.025076481391323426,0.025076479139725803,0.025076476888129806,0.025076474636534413,0.02507647238493973,0.025076470133346726,0.02507646788175434,0.025076465630162716,0.02507646337857268,0.025076461126983654,0.025076458875395616,0.025076456623808585,0.02507645437222222,0.025076452120637163,0.025076449869052796,0.02507644761746973,0.025076445365887285,0.025076443114306207,0.02507644086272583,0.02507643861114611,0.02507643635956803,0.025076434107990618,0.02507643185641452,0.025076429604839124,0.025076427353265002,0.025076425101691575,0.025076422850119455,0.025076420598547946,0.02507641834697781,0.025076416095408352,0.025076413843840198,0.02507641159227272,0.025076409340706554,0.02507640708914111,0.02507640483757694,0.02507640258601348,0.025076400334450633,0.025076398082889438,0.025076395831329017,0.025076393579769193,0.025076391328210986,0.025076389076653452,0.025076386825096657,0.02507638457354142,0.025076382321986855,0.025076380070433002,0.025076377818880745,0.025076375567329154,0.025076373315778878,0.025076371064229313,0.02507636881268102,0.02507636656113372,0.025076364309587398,0.025076362058042086,0.025076359806497448,0.025076357554954114,0.02507635530341139,0.025076353051869404,0.025076350800329043,0.02507634854878933,0.02507634629725095,0.025076344045713243,0.02507634179417623,0.025076339542640828,0.025076337291106084,0.025076335039572656,0.025076332788040022,0.0250763305365086,0.025076328284977824,0.025076326033448358,0.02507632378191961,0.025076321530391476,0.02507631927886499,0.025076317027339094,0.025076314775813967,0.02507631252429044,0.025076310272767674,0.025076308021245598,0.025076305769724194,0.025076303518203485,0.025076301266684906,0.02507629901516701,0.02507629676365041,0.025076294512134795,0.025076292260620175,0.02507629000910655,0.02507628775759391,0.02507628550608226,0.025076283254571216,0.025076281003060922,0.02507627875155224,0.025076276500044205,0.025076274248537495,0.02507627199703177,0.025076269745527048,0.025076267494023294,0.025076265242520258,0.025076262991018484,0.025076260739517412,0.025076258488017606,0.0250762562365185,0.025076253985020676,0.025076251733523607,0.025076249482027777,0.025076247230532905,0.02507624497903872,0.025076242727545238,0.025076240476053346,0.02507623822456208,0.025076235973072167,0.02507623372158291,0.025076231470094437,0.025076229218607485,0.025076226967121185,0.025076224715635597,0.025076222464150828,0.0250762202126678,0.025076217961185455,0.025076215709703795,0.025076213458223733,0.025076211206744477,0.025076208955266382,0.02507620670378895,0.025076204452312213,0.025076202200836284,0.02507619994936214,0.02507619769788866,0.025076195446416486,0.025076193194945,0.025076190943474796,0.025076188692005397,0.025076186440536295,0.025076184189069064,0.025076181937602377,0.02507617968613638,0.02507617743467208,0.02507617518320835,0.025076172931745307,0.025076170680283977,0.02507616842882321,0.025076166177363163,0.025076163925904775,0.025076161674447015,0.02507615942298997,0.02507615717153454,0.02507615492007974,0.025076152668626273,0.02507615041717343,0.025076148165721197,0.025076145914270678,0.025076143662820845,0.02507614141137229,0.02507613915992441,0.02507613690847783,0.025076134657031922,0.025076132405587297,0.02507613015414338,0.02507612790270072,0.025076125651258753,0.025076123399818066,0.02507612114837804,0.02507611889693931,0.025076116645501353,0.025076114394064573,0.025076112142628802,0.025076109891193656,0.02507610763975983,0.025076105388326997,0.025076103136894862,0.025076100885463994,0.025076098634034094,0.0250760963826049,0.02507609413117697,0.025076091879750025,0.025076089628323764,0.025076087376898787,0.025076085125474504,0.025076082874050856,0.025076080622628814,0.025076078371207754,0.02507607611978737,0.025076073868367674,0.02507607161694873,0.02507606936553159,0.025076067114115145,0.025076064862699966,0.025076062611285446,0.025076060359871696,0.025076058108459465,0.025076055857047908,0.025076053605637045,0.02507605135422776,0.025076049102819447,0.025076046851412116,0.025076044600005443,0.025076042348599475,0.02507604009719508,0.02507603784579137,0.02507603559438833,0.025076033342986876,0.025076031091586116,0.02507602884018604,0.025076026588787517,0.02507602433738997,0.0250760220859934,0.025076019834597823,0.02507601758320322,0.025076015331809594,0.02507601308041694,0.025076010829025268,0.02507600857763457,0.025076006326244852,0.02507600407485611,0.025076001823468023,0.02507599957208126,0.02507599732069513,0.025075995069309718,0.02507599281792587,0.025075990566542694,0.025075988315160797,0.025075986063779584,0.025075983812399637,0.025075981561020366,0.025075979309642383,0.025075977058265066,0.025075974806889032,0.025075972555513602,0.025075970304139543,0.025075968052766157,0.02507596580139367,0.025075963550021656,0.025075961298651483,0.025075959047281996,0.025075956795913172,0.02507595454454593,0.02507595229317933,0.025075950041813445,0.025075947790448257,0.025075945539084918,0.025075943287722283,0.02507594103636034,0.025075938784999075,0.025075936533639657,0.025075934282280915,0.025075932030923433,0.025075929779566627,0.025075927528211098,0.025075925276856287,0.0250759230255027,0.025075920774149833,0.025075918522798196,0.025075916271447247,0.02507591402009755,0.025075911768748564,0.02507590951740082,0.02507590726605376,0.025075905014707266,0.025075902763362454,0.025075900512018325,0.0250758982606749,0.025075896009332143,0.025075893757991224,0.02507589150665085,0.025075889255311137,0.02507588700397228,0.025075884752635252,0.02507588250129891,0.02507588024996327,0.025075877998629162,0.02507587574729575,0.02507587349596359,0.025075871244632113,0.025075868993301907,0.025075866741972277,0.025075864490643345,0.02507586223931519,0.025075859987988877,0.025075857736663217,0.02507585548533884,0.025075853234015184,0.025075850982692764,0.02507584873137104,0.025075846480050568,0.02507584422873077,0.025075841977412243,0.025075839726094448,0.02507583747477785,0.02507583522346209,0.025075832972146883,0.02507583072083321,0.02507582846952023,0.025075826218208492,0.025075823966897403,0.02507582171558702,0.0250758194642782,0.025075817212970045,0.025075814961662793,0.025075812710356866,0.02507581045905193,0.02507580820774767,0.025075805956444153,0.025075803705142133,0.025075801453841074,0.02507579920254099,0.025075796951241496,0.025075794699942797,0.025075792448645617,0.02507579019734942,0.025075787946054178,0.0250757856947599,0.0250757834434666,0.02507578119217401,0.025075778940882094,0.025075776689591704,0.025075774438302275,0.025075772187013477,0.025075769935725998,0.025075767684439174,0.025075765433153634,0.02507576318186876,0.02507576093058454,0.0250757586793019,0.025075756428020235,0.025075754176739226,0.025075751925459498,0.025075749674180435,0.025075747422902642,0.02507574517162551,0.025075742920349094,0.025075740669074212,0.025075738417800295,0.02507573616652706,0.025075733915254507,0.025075731663983483,0.025075729412713136,0.025075727161444062,0.02507572491017567,0.02507572265890852,0.025075720407642072,0.0250757181563763,0.025075715905112057,0.02507571365384848,0.025075711402586173,0.025075709151324503,0.025075706900063496,0.025075704648804077,0.02507570239754545,0.025075700146287967,0.025075697895031165,0.02507569564377509,0.02507569339252051,0.025075691141266614,0.025075688890013957,0.025075686638761967,0.02507568438751126,0.025075682136261514,0.025075679885012265,0.02507567763376384,0.025075675382516996,0.025075673131270695,0.025075670880025235,0.025075668628781276,0.025075666377538285,0.02507566412629626,0.025075661875055198,0.025075659623814823,0.025075657372575125,0.025075655121336967,0.025075652870099475,0.025075650618863243,0.025075648367627976,0.02507564611639344,0.025075643865159553,0.025075641613927186,0.025075639362695475,0.02507563711146502,0.02507563486023531,0.025075632609006294,0.02507563035777873,0.02507562810655214,0.025075625855326213,0.02507562360410099,0.025075621352877293,0.025075619101654265,0.025075616850432497,0.025075614599211694,0.02507561234799185,0.025075610096772963,0.02507560784555504,0.025075605594337646,0.025075603343121654,0.02507560109190635,0.025075598840692288,0.025075596589478888,0.02507559433826674,0.025075592087055232,0.025075589835845007,0.02507558758463548,0.02507558533342717,0.02507558308221952,0.025075580831012596,0.025075578579807196,0.025075576328602446,0.0250755740773983,0.02507557182619577,0.025075569574993888,0.025075567323792694,0.025075565072593047,0.025075562821394087,0.025075560570196363,0.025075558318999307,0.025075556067802995,0.025075553816607372,0.025075551565413502,0.025075549314220104,0.025075547063028163,0.02507554481183693,0.02507554256064634,0.025075540309457273,0.025075538058269165,0.02507553580708167,0.025075533555895486,0.02507553130470978,0.025075529053524937,0.025075526802341628,0.025075524551158926,0.02507552229997756,0.02507552004879668,0.02507551779761665,0.025075515546438148,0.02507551329526035,0.02507551104408376,0.025075508792908135,0.025075506541733232,0.02507550429055953,0.02507550203938677,0.025075499788214706,0.025075497537043873,0.025075495285874008,0.02507549303470509,0.02507549078353714,0.025075488532369853,0.02507548628120307,0.025075484030037343,0.025075481778873216,0.025075479527709988,0.025075477276547565,0.02507547502538631,0.025075472774225307,0.025075470523065548,0.025075468271907167,0.02507546602074971,0.025075463769592906,0.025075461518437408,0.025075459267282857,0.025075457016128982,0.025075454764976347,0.025075452513824162,0.025075450262672896,0.025075448011523147,0.02507544576037407,0.02507544350922623,0.02507544125807935,0.025075439006933153,0.025075436755788185,0.025075434504643924,0.025075432253500438,0.025075430002358335,0.025075427751216843,0.025075425500076652,0.025075423248937204,0.025075420997798917,0.0250754187466616,0.025075416495524947,0.02507541424438954,0.025075411993255088,0.02507540974212127,0.025075407490988716,0.025075405239857143,0.0250754029887262,0.02507540073759652,0.02507539848646744,0.025075396235339005,0.025075393984212203,0.02507539173308606,0.02507538948196116,0.025075387230836917,0.02507538497971335,0.025075382728591323,0.025075380477469954,0.02507537822634983,0.025075375975230362,0.025075373724111588,0.025075371472994316,0.02507536922187764,0.025075366970761657,0.025075364719646366,0.02507536246853292,0.02507536021742014,0.02507535796630805,0.025075355715196635,0.025075353464087013,0.025075351212978072,0.025075348961869817,0.025075346710762312,0.025075344459656496,0.025075342208551316,0.02507533995744682,0.025075337706343005,0.025075335455241,0.025075333204139585,0.02507533095303894,0.025075328701939778,0.025075326450840995,0.025075324199743163,0.025075321948646864,0.025075319697551366,0.025075317446456965,0.025075315195363313,0.025075312944270282,0.025075310693178757,0.025075308442087888,0.025075306190997716,0.02507530393990904,0.02507530168882105,0.02507529943773384,0.02507529718664801,0.025075294935563274,0.02507529268447886,0.025075290433395885,0.025075288182313773,0.02507528593123241,0.02507528368015147,0.02507528142907185,0.025075279177992613,0.025075276926914143,0.02507527467583784,0.025075272424762186,0.025075270173687388,0.02507526792261392,0.025075265671541166,0.0250752634204696,0.02507526116939873,0.025075258918328545,0.025075256667259037,0.02507525441619127,0.025075252165124223,0.025075249914058358,0.025075247662993187,0.025075245411929226,0.025075243160865932,0.025075240909803058,0.025075238658741162,0.025075236407680994,0.02507523415662148,0.025075231905562614,0.025075229654504545,0.02507522740344816,0.025075225152392244,0.02507522290133777,0.02507522065028398,0.025075218399231405,0.025075216148179497,0.025075213897128815,0.025075211646078795,0.025075209395030003,0.025075207143981943,0.025075204892935056,0.025075202641888863,0.025075200390843877,0.025075198139799585,0.025075195888756483,0.02507519363771433,0.025075191386672864,0.02507518913563205,0.025075186884592742,0.025075184633554293,0.025075182382516877,0.025075180131480156,0.02507517788044465,0.02507517562940969,0.025075173378375514,0.025075171127342834,0.025075168876310866,0.025075166625279737,0.025075164374249902,0.025075162123220737,0.025075159872192297,0.02507515762116529,0.02507515537013897,0.02507515311911386,0.02507515086808937,0.025075148617066147,0.025075146366043615,0.02507514411502173,0.02507514186400135,0.025075139612981613,0.025075137361963117,0.02507513511094527,0.025075132859928666,0.025075130608912775,0.025075128357898057,0.025075126106884033,0.02507512385587068,0.025075121604858808,0.025075119353847666,0.025075117102837066,0.02507511485182802,0.025075112600819682,0.025075110349812534,0.025075108098806326,0.025075105847800767,0.025075103596795906,0.025075101345791752,0.025075099094789322,0.02507509684378753,0.025075094592786455,0.025075092341786856,0.025075090090787778,0.025075087839789383,0.02507508558879262,0.02507508333779657,0.02507508108680121,0.02507507883580698,0.02507507658481398,0.025075074333821647,0.025075072082830527,0.025075069831840536,0.025075067580850756,0.025075065329862464,0.025075063078874853,0.025075060827888452,0.02507505857690272,0.025075056325917663,0.025075054074934097,0.025075051823951266,0.02507504957296904,0.0250750473219883,0.025075045071008144,0.025075042820029286,0.025075040569051014,0.025075038318074044,0.025075036067097656,0.02507503381612209,0.02507503156514708,0.025075029314173866,0.02507502706320149,0.025075024812229545,0.025075022561259156,0.025075020310289357,0.02507501805932032,0.02507501580835277,0.025075013557386082,0.025075011306419905,0.025075009055455153,0.025075006804491356,0.025075004553528492,0.0250750023025663,0.025075000051604873,0.025074997800644826,0.025074995549685584,0.025074993298726794,0.02507499104776957,0.025074988796813007,0.02507498654585767,0.02507498429490257,0.025074982043949097,0.025074979792996333,0.02507497754204475,0.025074975291093846,0.02507497304014297,0.025074970789194195,0.025074968538246114,0.025074966287299216,0.025074964036353,0.025074961785407992,0.025074959534463707,0.025074957283520032,0.02507495503257785,0.025074952781636323,0.025074950530695445,0.025074948279756055,0.025074946028817328,0.025074943777879267,0.025074941526942708,0.025074939276006777,0.02507493702507209,0.025074934774138035,0.02507493252320522,0.025074930272273154,0.02507492802134221,0.025074925770411958,0.025074923519482404,0.025074921268554286,0.025074919017626877,0.025074916766700088,0.02507491451577477,0.02507491226485012,0.02507491001392615,0.02507490776300364,0.025074905512081778,0.025074903261161154,0.025074901010241193,0.025074898759321826,0.025074896508404002,0.02507489425748728,0.025074892006570797,0.025074889755655767,0.02507488750474141,0.02507488525382827,0.02507488300291581,0.02507488075200404,0.02507487850109371,0.02507487625018404,0.02507487399927505,0.02507487174836679,0.02507486949746018,0.025074867246554278,0.025074864995649544,0.025074862744745484,0.02507486049384215,0.025074858242940225,0.025074855992039,0.025074853741138284,0.025074851490239167,0.025074849239340967,0.02507484698844313,0.025074844737546818,0.025074842486651164,0.02507484023575612,0.02507483798486261,0.02507483573396975,0.025074833483077468,0.025074831232186755,0.025074828981296742,0.02507482673040734,0.025074824479519434,0.025074822228632342,0.02507481997774558,0.02507481772685976,0.025074815475975593,0.025074813225092148,0.025074810974209844,0.025074808723328266,0.025074806472447364,0.02507480422156715,0.02507480197068857,0.025074799719810727,0.025074797468933548,0.025074795218057062,0.02507479296718222,0.02507479071630815,0.025074788465434178,0.025074786214560912,0.025074783963688823,0.02507478171281864,0.025074779461948974,0.02507477721108024,0.02507477496021223,0.025074772709345772,0.025074770458479684,0.025074768207614482,0.025074765956750816,0.02507476370588727,0.025074761455024956,0.025074759204164087,0.025074756953304096,0.02507475470244457,0.0250747524515865,0.025074750200729058,0.02507474794987284,0.025074745699017385,0.025074743448162518,0.02507474119730909,0.025074738946456735,0.02507473669560517,0.025074734444754294,0.02507473219390415,0.025074729943054673,0.02507472769220684,0.025074725441359132,0.025074723190512047,0.025074720939666305,0.025074718688822176,0.025074716437978758,0.025074714187136044,0.025074711936293962,0.025074709685453563,0.02507470743461382,0.025074705183775265,0.025074702932937423,0.025074700682100732,0.025074698431264374,0.025074696180429186,0.025074693929595288,0.025074691678761918,0.025074689427929342,0.02507468717709822,0.025074684926268104,0.025074682675438376,0.02507468042461003,0.025074678173782578,0.025074675922956088,0.02507467367213031,0.025074671421305126,0.025074669170481435,0.025074666919658407,0.025074664668835178,0.02507466241801427,0.025074660167194333,0.025074657916374945,0.025074655665555504,0.025074653414738305,0.025074651163921182,0.02507465116386061,0.025074651163858028,0.025074651163857924,0.025074651163857924,0.025074651163857927,0.02507465116385794,0.02507465116385795,0.025074651163857948,0.025074651163857962,0.025074651163857965,0.02507465116385797,0.025074651163857983,0.025074651163857983,0.025074651163857986,0.025074651163857993,0.025074651163857996,0.025074651163858014,0.025074651163858014,0.025074651163858014,0.025074651163858017,0.02507465116385802,0.025074651163858035,0.025074651163858038,0.02507465116385805,0.025074651163858052,0.025074651163858066,0.02507465116385807,0.02507465116385807,0.02507465116385808,0.025074651163858094,0.025074651163858097,0.0250746511638581,0.025074651163858114,0.025074651163858118,0.02507465116385813,0.025074651163858135,0.025074651163858142,0.02507465116385815,0.02507465116385816,0.02507465116385817,0.025074651163858177,0.025074651163858173,0.02507465116385818,0.02507465116385819,0.025074651163858198,0.025074651163858194,0.0250746511638582,0.025074651163858208,0.025074651163858215,0.02507465116385822,0.02507465116385823,0.025074651163858243,0.025074651163858243,0.025074651163858257,0.02507465116385826,0.02507465116385826,0.025074651163858267,0.025074651163858274,0.025074651163858284,0.02507465116385829,0.02507465116385829,0.025074651163858305,0.025074651163858305,0.025074651163858323,0.025074651163858323,0.02507465116385834,0.025074651163858347,0.025074651163858354,0.025074651163858364,0.02507465116385837,0.025074651163858378,0.02507465116385838,0.025074651163858385,0.025074651163858385,0.025074651163858392,0.0250746511638584,0.025074651163858402,0.02507465116385841,0.025074651163858413,0.025074651163858423,0.02507465116385843,0.025074651163858437,0.025074651163858444,0.025074651163858448,0.025074651163858454,0.025074651163858465,0.02507465116385847,0.025074651163858472,0.02507465116385848,0.025074651163858486,0.025074651163858493,0.025074651163858493,0.025074651163858496,0.025074651163858507,0.025074651163858513,0.025074651163858517,0.025074651163858524,0.02507465116385853,0.02507465116385853,0.025074651163858538,0.02507465116385855,0.025074651163858555,0.02507465116385856,0.025074651163858565,0.025074651163858572,0.025074651163858576,0.025074651163858583,0.025074651163858597,0.025074651163858597,0.025074651163858604,0.025074651163858607,0.025074651163858618,0.025074651163858618,0.025074651163858624,0.02507465116385863,0.02507465116385864,0.02507465116385865,0.025074651163858656,0.025074651163858656,0.02507465116385866,0.025074651163858666,0.02507465116385867,0.025074651163858677,0.025074651163858683,0.025074651163858683,0.02507465116385869,0.025074651163858697,0.025074651163858704,0.02507465116385871,0.025074651163858718,0.02507465116385873,0.025074651163858732,0.02507465116385874,0.025074651163858746,0.02507465116385875,0.02507465116385876,0.025074651163858763,0.025074651163858774,0.02507465116385878,0.025074651163858784,0.02507465116385879,0.0250746511638588,0.0250746511638588,0.025074651163858805,0.025074651163858815,0.025074651163858822,0.02507465116385883,0.025074651163858833,0.02507465116385885,0.02507465116385885,0.025074651163858857,0.025074651163858864,0.025074651163858864,0.025074651163858874,0.025074651163858878,0.025074651163858878,0.02507465116385889,0.025074651163858895,0.025074651163858905,0.025074651163858912,0.025074651163858923,0.025074651163858926,0.025074651163858933,0.025074651163858937,0.02507465116385895,0.02507465116385895,0.02507465116385895,0.025074651163858964,0.025074651163858968,0.025074651163858975,0.02507465116385898,0.025074651163858992,0.025074651163858996,0.025074651163859,0.025074651163859006,0.025074651163859017,0.025074651163859017,0.025074651163859023,0.025074651163859034,0.02507465116385903,0.025074651163859044,0.025074651163859048,0.025074651163859048,0.025074651163859065,0.025074651163859065,0.025074651163859072,0.025074651163859072,0.025074651163859075,0.025074651163859086,0.025074651163859096,0.025074651163859103,0.025074651163859117,0.025074651163859124,0.025074651163859124,0.02507465116385913,0.025074651163859145,0.025074651163859152,0.02507465116385916,0.02507465116385916,0.025074651163859162,0.025074651163859173,0.02507465116385918,0.025074651163859183,0.02507465116385919,0.025074651163859197,0.0250746511638592,0.025074651163859204,0.025074651163859218,0.025074651163859218,0.02507465116385922,0.02507465116385923,0.025074651163859235,0.025074651163859242,0.025074651163859246,0.02507465116385926,0.025074651163859263,0.025074651163859273,0.02507465116385928,0.02507465116385929,0.025074651163859294,0.025074651163859304,0.025074651163859304,0.02507465116385932,0.025074651163859325,0.025074651163859325,0.02507465116385934,0.02507465116385934,0.025074651163859343,0.025074651163859346,0.025074651163859353,0.025074651163859363,0.025074651163859367,0.025074651163859367,0.02507465116385937,0.02507465116385937,0.025074651163859377,0.025074651163859384,0.025074651163859395,0.025074651163859398,0.025074651163859405,0.02507465116385941,0.025074651163859416,0.025074651163859416,0.025074651163859426,0.025074651163859422,0.025074651163859436,0.02507465116385945,0.025074651163859457,0.025074651163859464,0.02507465116385947,0.025074651163859478,0.02507465116385949,0.02507465116385949,0.025074651163859495,0.025074651163859502,0.025074651163859506,0.02507465116385951,0.025074651163859523,0.025074651163859527,0.025074651163859533,0.025074651163859537,0.025074651163859544,0.025074651163859547,0.025074651163859554,0.025074651163859558,0.025074651163859565,0.025074651163859568,0.025074651163859582,0.025074651163859586,0.02507465116385959,0.025074651163859596,0.0250746511638596,0.025074651163859613,0.025074651163859617,0.02507465116385962,0.025074651163859627,0.025074651163859638,0.025074651163859638,0.02507465116385964,0.025074651163859655,0.02507465116385966,0.02507465116385967,0.025074651163859676,0.02507465116385968,0.025074651163859686,0.025074651163859693,0.025074651163859707,0.02507465116385971,0.02507465116385971,0.025074651163859714,0.02507465116385972,0.025074651163859728,0.02507465116385973,0.02507465116385974,0.02507465116385975,0.02507465116385976,0.02507465116385977,0.025074651163859773,0.025074651163859783,0.025074651163859787,0.025074651163859794,0.0250746511638598,0.025074651163859808,0.02507465116385981,0.025074651163859814,0.02507465116385982,0.025074651163859832,0.025074651163859835,0.025074651163859842,0.02507465116385985,0.025074651163859853,0.025074651163859856,0.025074651163859863,0.02507465116385987,0.025074651163859873,0.02507465116385988,0.02507465116385988,0.025074651163859887,0.02507465116385989,0.025074651163859898,0.025074651163859908,0.025074651163859908,0.025074651163859915,0.025074651163859922,0.025074651163859926,0.025074651163859932,0.02507465116385994,0.025074651163859946,0.02507465116385995,0.02507465116385995,0.025074651163859953,0.02507465116385996,0.02507465116385996,0.02507465116385997,0.02507465116385997,0.02507465116385998,0.025074651163859984,0.02507465116385999,0.02507465116386,0.025074651163860002,0.025074651163860005,0.025074651163860012,0.02507465116386002,0.025074651163860023,0.02507465116386003,0.025074651163860033,0.02507465116386004,0.025074651163860043,0.025074651163860054,0.02507465116386006,0.025074651163860064,0.025074651163860068,0.025074651163860075,0.02507465116386008,0.025074651163860085,0.025074651163860092,0.025074651163860096,0.025074651163860102,0.025074651163860106,0.025074651163860113,0.02507465116386012,0.02507465116386012,0.025074651163860127,0.025074651163860134,0.025074651163860144,0.025074651163860144,0.025074651163860148,0.02507465116386016,0.02507465116386016,0.02507465116386017,0.025074651163860175,0.025074651163860175,0.025074651163860186,0.025074651163860193,0.025074651163860196,0.025074651163860203,0.025074651163860207,0.025074651163860213,0.025074651163860217,0.025074651163860217,0.025074651163860227,0.025074651163860234,0.025074651163860238,0.025074651163860248,0.02507465116386025,0.025074651163860262,0.025074651163860266,0.02507465116386027,0.025074651163860276,0.025074651163860276,0.025074651163860286,0.025074651163860293,0.0250746511638603,0.025074651163860304,0.02507465116386031,0.025074651163860314,0.025074651163860314,0.025074651163860318,0.025074651163860324,0.025074651163860328,0.02507465116386033,0.02507465116386034,0.025074651163860345,0.02507465116386035,0.025074651163860356,0.02507465116386036,0.025074651163860366,0.025074651163860373,0.025074651163860377,0.025074651163860387,0.025074651163860387,0.025074651163860394,0.025074651163860397,0.025074651163860404,0.025074651163860404,0.025074651163860408,0.025074651163860408,0.025074651163860418,0.025074651163860425,0.025074651163860432,0.025074651163860436,0.025074651163860436,0.025074651163860446,0.02507465116386045,0.025074651163860456,0.02507465116386046,0.025074651163860467,0.02507465116386047,0.025074651163860477,0.025074651163860484,0.02507465116386049,0.025074651163860498,0.02507465116386051,0.025074651163860512,0.02507465116386052,0.025074651163860526,0.02507465116386053,0.02507465116386054,0.025074651163860547,0.025074651163860543,0.025074651163860553,0.025074651163860557,0.025074651163860564,0.02507465116386057,0.02507465116386057,0.025074651163860578,0.025074651163860588,0.02507465116386059,0.0250746511638606,0.0250746511638606,0.025074651163860606,0.025074651163860612,0.02507465116386062,0.025074651163860626,0.025074651163860626,0.025074651163860633,0.02507465116386064,0.025074651163860644,0.02507465116386065,0.02507465116386065,0.025074651163860658,0.025074651163860665,0.02507465116386067,0.02507465116386068,0.02507465116386069,0.025074651163860696,0.025074651163860703,0.025074651163860703,0.025074651163860713,0.02507465116386072,0.02507465116386072,0.02507465116386073,0.025074651163860734,0.02507465116386074,0.025074651163860744,0.02507465116386075,0.025074651163860755,0.02507465116386076,0.02507465116386077,0.025074651163860772,0.025074651163860776,0.02507465116386079,0.025074651163860786,0.025074651163860793,0.025074651163860803,0.02507465116386081,0.025074651163860807,0.025074651163860814,0.025074651163860817,0.025074651163860824,0.025074651163860828,0.025074651163860835,0.02507465116386084,0.025074651163860845,0.02507465116386085,0.025074651163860855,0.025074651163860862,0.025074651163860866,0.025074651163860876,0.025074651163860876,0.02507465116386088,0.025074651163860887,0.025074651163860893,0.025074651163860897,0.0250746511638609,0.025074651163860914,0.025074651163860918,0.02507465116386092,0.025074651163860928,0.025074651163860935,0.025074651163860935,0.02507465116386094,0.02507465116386095,0.025074651163860956,0.02507465116386096,0.025074651163860966,0.02507465116386097,0.02507465116386098,0.025074651163860987,0.025074651163860994,0.025074651163860998,0.025074651163860994,0.025074651163861008,0.025074651163861015,0.02507465116386101,0.025074651163861022,0.02507465116386103,0.025074651163861032,0.025074651163861043,0.025074651163861046,0.025074651163861053,0.02507465116386106,0.025074651163861067,0.025074651163861067,0.025074651163861074,0.025074651163861077,0.025074651163861077,0.025074651163861088,0.02507465116386109,0.025074651163861098,0.025074651163861105,0.02507465116386111,0.02507465116386112,0.02507465116386112,0.025074651163861126,0.025074651163861133,0.02507465116386114,0.02507465116386114,0.02507465116386115,0.025074651163861157,0.025074651163861157,0.025074651163861168,0.02507465116386117,0.025074651163861178,0.025074651163861185,0.02507465116386119,0.025074651163861192,0.0250746511638612,0.025074651163861206,0.025074651163861206,0.025074651163861213,0.025074651163861227,0.02507465116386123,0.025074651163861233,0.025074651163861247,0.025074651163861244,0.02507465116386125,0.025074651163861258,0.025074651163861265,0.025074651163861265,0.02507465116386127,0.025074651163861282,0.025074651163861286,0.025074651163861286,0.0250746511638613,0.025074651163861303,0.025074651163861303,0.025074651163861306,0.02507465116386132,0.025074651163861324,0.02507465116386133,0.025074651163861334,0.025074651163861334,0.025074651163861345,0.025074651163861345,0.025074651163861355,0.02507465116386136,0.02507465116386136,0.025074651163861372,0.025074651163861372,0.025074651163861383,0.025074651163861386,0.025074651163861386,0.0250746511638614,0.025074651163861403,0.025074651163861407,0.025074651163861417,0.02507465116386142,0.025074651163861428,0.025074651163861428,0.02507465116386144,0.025074651163861445,0.02507465116386145,0.025074651163861452,0.02507465116386146,0.025074651163861462,0.025074651163861476,0.02507465116386148,0.025074651163861487,0.02507465116386149,0.025074651163861494,0.0250746511638615,0.025074651163861504,0.02507465116386151,0.025074651163861518,0.025074651163861518,0.025074651163861525,0.025074651163861532,0.02507465116386154,0.025074651163861542,0.025074651163861546,0.025074651163861553,0.025074651163861563,0.02507465116386157,0.025074651163861573,0.02507465116386158,0.025074651163861584,0.025074651163861594,0.025074651163861598,0.025074651163861605,0.02507465116386161,0.025074651163861615,0.025074651163861622,0.025074651163861626,0.025074651163861626,0.025074651163861632,0.025074651163861636,0.025074651163861643,0.025074651163861646,0.025074651163861657,0.025074651163861664,0.025074651163861664,0.025074651163861667,0.02507465116386167,0.025074651163861685,0.025074651163861685,0.025074651163861695,0.0250746511638617,0.025074651163861705,0.025074651163861705,0.025074651163861716,0.02507465116386172,0.025074651163861726,0.025074651163861723,0.025074651163861737,0.02507465116386174,0.025074651163861747,0.02507465116386175,0.025074651163861757,0.025074651163861764,0.025074651163861768,0.02507465116386177,0.025074651163861778,0.02507465116386179,0.025074651163861792,0.0250746511638618,0.025074651163861802,0.02507465116386181,0.025074651163861813,0.02507465116386182,0.02507465116386183,0.025074651163861837,0.02507465116386184,0.025074651163861844,0.025074651163861855,0.025074651163861858,0.025074651163861865,0.025074651163861872,0.02507465116386188,0.025074651163861886,0.025074651163861886,0.025074651163861896,0.0250746511638619,0.02507465116386191,0.02507465116386191,0.025074651163861917,0.02507465116386192,0.025074651163861924,0.02507465116386193,0.025074651163861938,0.025074651163861938,0.025074651163861948,0.025074651163861955,0.02507465116386196,0.025074651163861962,0.02507465116386197,0.02507465116386197,0.025074651163861976,0.025074651163861983,0.02507465116386199,0.02507465116386199,0.025074651163862004,0.025074651163862,0.02507465116386201,0.02507465116386201,0.02507465116386202,0.025074651163862028,0.02507465116386203,0.02507465116386204,0.025074651163862042,0.02507465116386205,0.025074651163862056,0.025074651163862056,0.025074651163862063,0.02507465116386207,0.02507465116386208,0.025074651163862084,0.025074651163862097,0.0250746511638621,0.025074651163862104,0.02507465116386211,0.025074651163862118,0.02507465116386213,0.025074651163862132,0.02507465116386214,0.025074651163862142,0.025074651163862146,0.025074651163862153,0.02507465116386216,0.025074651163862163,0.02507465116386217,0.025074651163862174,0.025074651163862177,0.025074651163862184,0.02507465116386219,0.025074651163862195,0.02507465116386221,0.025074651163862212,0.02507465116386222,0.025074651163862222,0.025074651163862226,0.025074651163862226,0.02507465116386224,0.025074651163862236,0.025074651163862247,0.025074651163862247,0.025074651163862257,0.025074651163862264,0.025074651163862264,0.025074651163862274,0.025074651163862278,0.025074651163862285,0.02507465116386229,0.02507465116386229,0.0250746511638623,0.025074651163862306,0.025074651163862312,0.025074651163862316,0.02507465116386232,0.025074651163862326,0.025074651163862337,0.025074651163862344,0.025074651163862354,0.025074651163862354,0.025074651163862354,0.025074651163862365,0.02507465116386237,0.02507465116386237,0.02507465116386238,0.025074651163862392,0.025074651163862392,0.025074651163862392,0.0250746511638624,0.025074651163862403,0.02507465116386241,0.025074651163862417,0.02507465116386242,0.025074651163862427,0.02507465116386243,0.025074651163862437,0.025074651163862444,0.02507465116386245,0.025074651163862458,0.025074651163862465,0.02507465116386247,0.025074651163862472,0.02507465116386248,0.025074651163862482,0.02507465116386249,0.025074651163862493,0.0250746511638625,0.025074651163862503,0.02507465116386251,0.02507465116386252,0.025074651163862524,0.02507465116386253,0.02507465116386253,0.02507465116386254,0.02507465116386254,0.025074651163862552,0.02507465116386256,0.02507465116386256,0.025074651163862562,0.025074651163862573,0.02507465116386258,0.025074651163862583,0.025074651163862587,0.02507465116386259,0.0250746511638626,0.0250746511638626,0.02507465116386261,0.025074651163862614,0.02507465116386262,0.025074651163862625,0.02507465116386263,0.02507465116386264,0.025074651163862642,0.025074651163862646,0.02507465116386265,0.025074651163862656,0.02507465116386266,0.025074651163862666,0.02507465116386267,0.025074651163862677,0.02507465116386268,0.025074651163862684,0.02507465116386269,0.025074651163862698,0.0250746511638627,0.025074651163862705,0.02507465116386271,0.02507465116386272,0.025074651163862722,0.02507465116386273,0.02507465116386273,0.02507465116386274,0.025074651163862743,0.02507465116386275,0.025074651163862757,0.02507465116386276,0.025074651163862764,0.025074651163862764,0.025074651163862777,0.02507465116386278,0.025074651163862784,0.025074651163862798,0.0250746511638628,0.025074651163862805,0.025074651163862812,0.025074651163862816,0.025074651163862823,0.02507465116386283,0.025074651163862833,0.025074651163862836,0.025074651163862843,0.025074651163862854,0.025074651163862857,0.02507465116386287,0.02507465116386287,0.025074651163862878,0.025074651163862885,0.025074651163862885,0.025074651163862895,0.025074651163862895,0.025074651163862902,0.025074651163862913,0.02507465116386291,0.025074651163862923,0.025074651163862927,0.025074651163862934,0.025074651163862937,0.025074651163862944,0.025074651163862944,0.025074651163862954,0.025074651163862954,0.025074651163862965,0.025074651163862968,0.025074651163862975,0.02507465116386298,0.025074651163862982,0.02507465116386299,0.025074651163863,0.025074651163863006,0.025074651163863003,0.02507465116386301,0.025074651163863017,0.025074651163863024,0.025074651163863027,0.025074651163863038,0.025074651163863038,0.025074651163863048,0.02507465116386305,0.02507465116386306,0.02507465116386307,0.02507465116386307,0.025074651163863076,0.025074651163863083,0.025074651163863083,0.025074651163863097,0.0250746511638631,0.0250746511638631,0.02507465116386311,0.025074651163863117,0.025074651163863117,0.025074651163863124,0.025074651163863124,0.025074651163863135,0.02507465116386314,0.02507465116386314,0.025074651163863152,0.025074651163863156,0.025074651163863163,0.02507465116386317,0.025074651163863176,0.025074651163863183,0.025074651163863187,0.02507465116386319,0.025074651163863197,0.025074651163863204,0.025074651163863208,0.02507465116386321,0.025074651163863218,0.02507465116386323,0.025074651163863235,0.02507465116386324,0.02507465116386324,0.025074651163863242,0.02507465116386325,0.025074651163863253,0.02507465116386326,0.025074651163863267,0.02507465116386327,0.025074651163863274,0.02507465116386328,0.02507465116386329,0.025074651163863294,0.0250746511638633,0.025074651163863308,0.025074651163863315,0.02507465116386331,0.025074651163863315,0.025074651163863322,0.02507465116386333,0.025074651163863333,0.025074651163863336,0.025074651163863343,0.025074651163863357,0.02507465116386336,0.025074651163863364,0.02507465116386337,0.02507465116386337,0.02507465116386338,0.025074651163863388,0.02507465116386339,0.025074651163863395,0.025074651163863402,0.02507465116386341,0.025074651163863412,0.025074651163863416,0.025074651163863423,0.025074651163863426,0.025074651163863433,0.025074651163863437,0.025074651163863444,0.02507465116386345,0.025074651163863457,0.025074651163863464,0.02507465116386347,0.025074651163863475,0.02507465116386348,0.02507465116386348,0.02507465116386349,0.025074651163863496,0.025074651163863503,0.02507465116386351,0.02507465116386351,0.025074651163863516,0.025074651163863523,0.025074651163863527,0.025074651163863537,0.025074651163863548,0.025074651163863555,0.025074651163863555,0.02507465116386356,0.02507465116386357,0.025074651163863575,0.025074651163863575,0.025074651163863586,0.025074651163863593,0.0250746511638636,0.025074651163863603,0.025074651163863607,0.025074651163863607,0.025074651163863617,0.02507465116386362,0.025074651163863627,0.025074651163863627,0.025074651163863638,0.02507465116386364,0.02507465116386364,0.025074651163863655,0.02507465116386366,0.025074651163863662,0.025074651163863666,0.025074651163863666,0.02507465116386368,0.02507465116386368,0.025074651163863686,0.025074651163863693,0.025074651163863697,0.0250746511638637,0.025074651163863714,0.025074651163863718,0.025074651163863725,0.025074651163863728,0.025074651163863728,0.025074651163863735,0.02507465116386374,0.02507465116386375,0.025074651163863756,0.02507465116386376,0.025074651163863766,0.025074651163863773,0.025074651163863777,0.025074651163863784,0.025074651163863787,0.025074651163863794,0.025074651163863797,0.0250746511638638,0.025074651163863808,0.025074651163863818,0.02507465116386382,0.02507465116386383,0.025074651163863836,0.02507465116386384,0.025074651163863846,0.02507465116386385,0.02507465116386385,0.02507465116386386,0.025074651163863867,0.02507465116386387,0.025074651163863874,0.02507465116386388,0.025074651163863888,0.025074651163863895,0.0250746511638639,0.02507465116386391,0.025074651163863912,0.02507465116386392,0.02507465116386392,0.025074651163863922,0.025074651163863926,0.02507465116386394,0.025074651163863943,0.02507465116386395,0.025074651163863954,0.025074651163863967,0.025074651163863967,0.02507465116386397,0.02507465116386398,0.02507465116386398,0.02507465116386399,0.02507465116386399,0.025074651163864,0.025074651163864002,0.025074651163864006,0.025074651163864013,0.02507465116386402,0.02507465116386402,0.025074651163864026,0.025074651163864033,0.025074651163864044,0.02507465116386404,0.025074651163864054,0.02507465116386406,0.025074651163864065,0.025074651163864065,0.02507465116386407,0.025074651163864082,0.02507465116386408,0.025074651163864082,0.025074651163864096,0.025074651163864103,0.025074651163864103,0.025074651163864113,0.025074651163864117,0.025074651163864124,0.025074651163864127,0.025074651163864134,0.02507465116386414,0.025074651163864144,0.025074651163864148,0.025074651163864155,0.02507465116386416,0.02507465116386416,0.02507465116386417,0.025074651163864176,0.025074651163864186,0.025074651163864196,0.0250746511638642,0.025074651163864207,0.025074651163864214,0.025074651163864214,0.025074651163864217,0.02507465116386422,0.025074651163864235,0.025074651163864235,0.025074651163864245,0.02507465116386425,0.025074651163864255,0.025074651163864255,0.025074651163864262,0.02507465116386427,0.02507465116386427,0.025074651163864283,0.025074651163864283,0.02507465116386429,0.025074651163864297,0.025074651163864304,0.025074651163864307,0.02507465116386431,0.025074651163864318,0.025074651163864318,0.025074651163864328,0.025074651163864335,0.025074651163864335,0.025074651163864342,0.02507465116386435,0.025074651163864356,0.02507465116386436,0.025074651163864363,0.025074651163864373,0.025074651163864384,0.025074651163864384,0.02507465116386439,0.025074651163864398,0.025074651163864398,0.025074651163864408,0.025074651163864415,0.025074651163864415,0.025074651163864422,0.02507465116386443,0.025074651163864432,0.02507465116386444,0.025074651163864443,0.025074651163864446,0.025074651163864453,0.025074651163864453,0.025074651163864467,0.025074651163864474,0.025074651163864474,0.02507465116386448,0.025074651163864488,0.025074651163864488,0.025074651163864495,0.0250746511638645,0.025074651163864505,0.025074651163864505,0.025074651163864512,0.02507465116386452,0.025074651163864523,0.025074651163864533,0.025074651163864536,0.025074651163864547,0.02507465116386455,0.025074651163864554,0.02507465116386456,0.025074651163864568,0.025074651163864564,0.02507465116386457,0.02507465116386458,0.02507465116386459,0.025074651163864592,0.0250746511638646,0.025074651163864602,0.025074651163864613,0.025074651163864613,0.025074651163864627,0.025074651163864627,0.025074651163864627,0.02507465116386464,0.025074651163864644,0.025074651163864644,0.025074651163864654,0.02507465116386466,0.025074651163864665,0.02507465116386467,0.02507465116386467,0.025074651163864682,0.025074651163864686,0.025074651163864693,0.0250746511638647,0.0250746511638647,0.025074651163864706,0.02507465116386472,0.025074651163864724,0.025074651163864734,0.02507465116386474,0.025074651163864745,0.025074651163864748,0.02507465116386475,0.02507465116386476,0.025074651163864762,0.02507465116386477,0.025074651163864772,0.025074651163864783,0.025074651163864786,0.02507465116386479,0.025074651163864793,0.025074651163864793,0.0250746511638648,0.02507465116386481,0.025074651163864814,0.02507465116386482,0.02507465116386482,0.025074651163864824,0.025074651163864835,0.02507465116386484,0.025074651163864845,0.025074651163864852,0.025074651163864852,0.025074651163864863,0.025074651163864866,0.025074651163864873,0.02507465116386488,0.025074651163864883,0.025074651163864887,0.025074651163864894,0.0250746511638649,0.025074651163864904,0.02507465116386491,0.025074651163864915,0.02507465116386492,0.025074651163864925,0.025074651163864932,0.02507465116386494,0.025074651163864946,0.025074651163864953,0.025074651163864956,0.02507465116386496,0.025074651163864967,0.025074651163864974,0.025074651163864977,0.025074651163864984,0.025074651163864987,0.02507465116386499,0.025074651163864998,0.025074651163865005,0.02507465116386501,0.02507465116386501,0.025074651163865026,0.025074651163865033,0.025074651163865033,0.025074651163865043,0.02507465116386504,0.025074651163865053,0.02507465116386505,0.02507465116386506,0.02507465116386506,0.02507465116386507,0.02507465116386507,0.025074651163865085,0.025074651163865088,0.025074651163865085,0.0250746511638651,0.0250746511638651,0.02507465116386511,0.02507465116386511,0.02507465116386512,0.025074651163865126,0.025074651163865133,0.025074651163865133,0.02507465116386514,0.025074651163865147,0.025074651163865144,0.025074651163865157,0.02507465116386516,0.025074651163865164,0.02507465116386517,0.025074651163865178,0.02507465116386518,0.025074651163865192,0.0250746511638652,0.025074651163865206,0.025074651163865206,0.025074651163865213,0.025074651163865216,0.025074651163865223,0.025074651163865227,0.02507465116386523,0.025074651163865237,0.025074651163865248,0.025074651163865258,0.025074651163865265,0.025074651163865272,0.025074651163865272,0.025074651163865272,0.02507465116386528,0.025074651163865282,0.02507465116386529,0.025074651163865296,0.0250746511638653,0.025074651163865303,0.02507465116386531,0.025074651163865317,0.02507465116386532,0.02507465116386532,0.02507465116386533,0.025074651163865338,0.02507465116386534,0.025074651163865345,0.02507465116386535,0.025074651163865355,0.025074651163865362,0.02507465116386537,0.02507465116386538,0.02507465116386538,0.025074651163865383,0.02507465116386539,0.025074651163865393,0.025074651163865397,0.025074651163865404,0.02507465116386541,0.02507465116386542,0.025074651163865425,0.02507465116386543,0.025074651163865435,0.025074651163865445,0.025074651163865445,0.025074651163865452,0.025074651163865463,0.025074651163865463,0.025074651163865473,0.025074651163865473,0.025074651163865484,0.025074651163865484,0.025074651163865494,0.025074651163865497,0.025074651163865504,0.025074651163865504,0.025074651163865515,0.02507465116386552,0.02507465116386552,0.025074651163865532,0.025074651163865536,0.025074651163865543,0.025074651163865546,0.02507465116386555,0.025074651163865556,0.025074651163865563,0.025074651163865563,0.025074651163865574,0.02507465116386557,0.025074651163865584,0.02507465116386559,0.02507465116386559,0.025074651163865598,0.025074651163865605,0.02507465116386561,0.025074651163865615,0.02507465116386562,0.025074651163865626,0.025074651163865633,0.025074651163865636,0.025074651163865643,0.025074651163865647,0.025074651163865654,0.025074651163865657,0.025074651163865664,0.02507465116386567,0.025074651163865674,0.02507465116386568,0.025074651163865688,0.025074651163865695,0.025074651163865702,0.025074651163865702,0.025074651163865716,0.02507465116386572,0.025074651163865726,0.025074651163865733,0.025074651163865737,0.025074651163865733,0.025074651163865744,0.025074651163865754,0.025074651163865747,0.02507465116386576,0.025074651163865758,0.02507465116386577,0.02507465116386578,0.02507465116386578,0.02507465116386579,0.025074651163865792,0.025074651163865792,0.025074651163865806,0.02507465116386581,0.025074651163865813,0.02507465116386582,0.025074651163865827,0.02507465116386583,0.025074651163865834,0.025074651163865834,0.025074651163865848,0.02507465116386585,0.02507465116386585,0.025074651163865862,0.02507465116386586,0.025074651163865872,0.02507465116386588,0.02507465116386588,0.02507465116386589,0.025074651163865893,0.0250746511638659,0.025074651163865903,0.025074651163865907,0.025074651163865914,0.02507465116386592,0.025074651163865924,0.02507465116386593,0.025074651163865935,0.02507465116386594,0.025074651163865952,0.02507465116386596,0.025074651163865966,0.025074651163865966,0.02507465116386598,0.025074651163865976,0.025074651163865987,0.025074651163865987,0.025074651163865997,0.025074651163866004,0.025074651163866007,0.025074651163866014,0.02507465116386602,0.025074651163866025,0.025074651163866032,0.025074651163866032,0.02507465116386604,0.025074651163866046,0.025074651163866053,0.025074651163866056,0.02507465116386606,0.025074651163866066,0.025074651163866073,0.025074651163866077,0.025074651163866084,0.025074651163866098,0.025074651163866098,0.025074651163866098,0.025074651163866108,0.025074651163866105,0.025074651163866115,0.025074651163866122,0.025074651163866125,0.025074651163866132,0.02507465116386614,0.025074651163866143,0.025074651163866146,0.025074651163866146,0.025074651163866157,0.025074651163866164,0.02507465116386617,0.025074651163866174,0.025074651163866177,0.025074651163866184,0.025074651163866195,0.0250746511638662,0.025074651163866205,0.025074651163866212,0.025074651163866212,0.025074651163866223,0.025074651163866226,0.025074651163866233,0.02507465116386624,0.02507465116386624,0.025074651163866247,0.025074651163866254,0.025074651163866257,0.025074651163866264,0.02507465116386627,0.02507465116386627,0.025074651163866278,0.025074651163866285,0.025074651163866292,0.025074651163866295,0.025074651163866295,0.025074651163866306,0.02507465116386631,0.025074651163866316,0.025074651163866327,0.025074651163866327,0.02507465116386633,0.02507465116386634,0.025074651163866344,0.025074651163866347,0.02507465116386635,0.025074651163866358,0.025074651163866365,0.02507465116386637,0.02507465116386638,0.025074651163866386,0.025074651163866382,0.02507465116386639,0.025074651163866396,0.025074651163866406,0.025074651163866403,0.02507465116386641,0.02507465116386642,0.025074651163866424,0.025074651163866424,0.025074651163866438,0.02507465116386644,0.02507465116386644,0.025074651163866445,0.02507465116386646,0.025074651163866465,0.025074651163866465,0.02507465116386647,0.02507465116386648,0.025074651163866483,0.02507465116386649,0.025074651163866493,0.025074651163866497,0.025074651163866504,0.02507465116386651,0.025074651163866517,0.02507465116386652,0.025074651163866524,0.02507465116386653,0.025074651163866535,0.02507465116386654,0.02507465116386655,0.025074651163866556,0.02507465116386656,0.025074651163866563,0.02507465116386657,0.025074651163866576,0.02507465116386658,0.02507465116386659,0.025074651163866597,0.0250746511638666,0.025074651163866604,0.02507465116386661,0.025074651163866618,0.025074651163866618,0.02507465116386662,0.02507465116386663,0.025074651163866632,0.02507465116386664,0.025074651163866642,0.02507465116386665,0.02507465116386666,0.02507465116386666,0.02507465116386667,0.02507465116386667,0.025074651163866677,0.02507465116386668,0.025074651163866684,0.025074651163866698,0.025074651163866694,0.025074651163866705,0.02507465116386671,0.02507465116386672,0.025074651163866715,0.02507465116386673,0.02507465116386673,0.025074651163866736,0.025074651163866736,0.02507465116386675,0.025074651163866753,0.025074651163866757,0.025074651163866764,0.02507465116386677,0.02507465116386678,0.025074651163866785,0.025074651163866795,0.0250746511638668,0.025074651163866802,0.025074651163866812,0.025074651163866816,0.025074651163866816,0.025074651163866826,0.025074651163866833,0.025074651163866837,0.02507465116386684,0.025074651163866844,0.025074651163866847,0.025074651163866854,0.025074651163866857,0.025074651163866864,0.025074651163866868,0.025074651163866875,0.025074651163866882,0.025074651163866885,0.02507465116386689,0.025074651163866896,0.025074651163866903,0.025074651163866906,0.02507465116386691,0.025074651163866916,0.025074651163866923,0.025074651163866927,0.025074651163866934,0.02507465116386694,0.02507465116386694,0.025074651163866948,0.025074651163866958,0.02507465116386696,0.025074651163866965,0.02507465116386697,0.025074651163866975,0.025074651163866982,0.025074651163866982,0.025074651163866993,0.025074651163866996,0.025074651163867003,0.02507465116386701,0.025074651163867014,0.025074651163867017,0.025074651163867024,0.025074651163867027,0.025074651163867034,0.02507465116386704,0.025074651163867045,0.025074651163867055,0.025074651163867062,0.025074651163867066,0.02507465116386707,0.025074651163867076,0.025074651163867086,0.02507465116386709,0.025074651163867093,0.025074651163867097,0.025074651163867104,0.02507465116386711,0.025074651163867118,0.02507465116386712,0.025074651163867128,0.025074651163867135,0.02507465116386714,0.025074651163867145,0.02507465116386715,0.02507465116386715,0.02507465116386716,0.025074651163867166,0.02507465116386717,0.02507465116386718,0.025074651163867187,0.02507465116386719,0.025074651163867194,0.0250746511638672,0.0250746511638672,0.025074651163867215,0.025074651163867215,0.025074651163867222,0.02507465116386723,0.025074651163867236,0.02507465116386724,0.025074651163867243,0.02507465116386725,0.025074651163867256,0.02507465116386726,0.025074651163867263,0.02507465116386727,0.025074651163867274,0.02507465116386728,0.025074651163867288,0.02507465116386729,0.0250746511638673,0.02507465116386731,0.025074651163867312,0.025074651163867322,0.025074651163867322,0.025074651163867333,0.025074651163867333,0.025074651163867336,0.025074651163867347,0.02507465116386735,0.02507465116386736,0.02507465116386736,0.025074651163867364,0.025074651163867374,0.025074651163867378,0.02507465116386738,0.02507465116386739,0.02507465116386739,0.025074651163867402,0.025074651163867402,0.025074651163867406,0.025074651163867413,0.02507465116386742,0.025074651163867426,0.025074651163867433,0.025074651163867437,0.025074651163867444,0.02507465116386744,0.025074651163867454,0.02507465116386745,0.025074651163867465,0.02507465116386747,0.025074651163867465,0.025074651163867482,0.025074651163867485,0.025074651163867482,0.025074651163867496,0.025074651163867492,0.025074651163867506,0.02507465116386751,0.025074651163867506,0.025074651163867524,0.025074651163867527,0.02507465116386753,0.025074651163867537,0.025074651163867544,0.025074651163867548,0.025074651163867555,0.02507465116386756,0.025074651163867565,0.025074651163867562,0.025074651163867576,0.025074651163867576,0.025074651163867583,0.02507465116386759,0.025074651163867596,0.0250746511638676,0.025074651163867603,0.02507465116386761,0.02507465116386761,0.02507465116386762,0.025074651163867628,0.02507465116386763,0.025074651163867638,0.02507465116386764,0.02507465116386765,0.025074651163867655,0.02507465116386766,0.025074651163867662,0.02507465116386767,0.025074651163867673,0.02507465116386768,0.025074651163867683,0.02507465116386769,0.0250746511638677,0.025074651163867704,0.02507465116386771,0.02507465116386772,0.02507465116386773,0.02507465116386773,0.025074651163867732,0.025074651163867742,0.025074651163867742,0.025074651163867746,0.025074651163867756,0.025074651163867763,0.02507465116386777,0.025074651163867777,0.025074651163867777,0.025074651163867787,0.02507465116386779,0.025074651163867798,0.0250746511638678,0.025074651163867808,0.02507465116386781,0.025074651163867815,0.025074651163867822,0.02507465116386783,0.025074651163867832,0.02507465116386784,0.025074651163867843,0.025074651163867843,0.02507465116386785,0.025074651163867853,0.025074651163867867,0.025074651163867867,0.025074651163867877,0.02507465116386788,0.025074651163867888,0.025074651163867888,0.0250746511638679,0.025074651163867895,0.02507465116386791,0.02507465116386791,0.025074651163867916,0.025074651163867923,0.02507465116386793,0.025074651163867936,0.02507465116386794,0.025074651163867943,0.02507465116386795,0.025074651163867954,0.02507465116386796,0.025074651163867964,0.02507465116386797,0.025074651163867975,0.02507465116386798,0.02507465116386799,0.025074651163867992,0.025074651163867995,0.025074651163868002,0.025074651163868013,0.025074651163868016,0.025074651163868023,0.025074651163868027,0.025074651163868034,0.02507465116386804,0.025074651163868044,0.025074651163868047,0.025074651163868054,0.02507465116386806,0.025074651163868065,0.02507465116386807,0.025074651163868075,0.025074651163868082,0.025074651163868086,0.02507465116386809,0.025074651163868096,0.0250746511638681,0.025074651163868106,0.025074651163868113,0.025074651163868113,0.02507465116386812,0.025074651163868127,0.025074651163868134,0.025074651163868138,0.025074651163868138,0.025074651163868148,0.025074651163868155,0.02507465116386816,0.025074651163868165,0.02507465116386817,0.025074651163868172,0.025074651163868186,0.025074651163868193,0.025074651163868197,0.0250746511638682,0.025074651163868207,0.025074651163868214,0.025074651163868217,0.025074651163868228,0.025074651163868235,0.025074651163868235,0.02507465116386824,0.025074651163868245,0.025074651163868252,0.025074651163868256,0.02507465116386826,0.025074651163868266,0.025074651163868273,0.025074651163868273,0.02507465116386828,0.025074651163868283,0.025074651163868294,0.025074651163868297,0.025074651163868297,0.025074651163868304,0.025074651163868315,0.025074651163868315,0.025074651163868325,0.025074651163868325,0.025074651163868332,0.02507465116386834,0.02507465116386834,0.025074651163868353,0.025074651163868353,0.02507465116386836,0.025074651163868367,0.025074651163868367,0.025074651163868377,0.02507465116386838,0.025074651163868387,0.02507465116386839,0.025074651163868398,0.025074651163868405,0.025074651163868412,0.02507465116386842,0.02507465116386843,0.02507465116386843,0.025074651163868433,0.025074651163868446,0.025074651163868446,0.025074651163868453,0.02507465116386846,0.025074651163868467,0.02507465116386847,0.025074651163868478,0.02507465116386848,0.025074651163868488,0.025074651163868485,0.0250746511638685,0.025074651163868502,0.025074651163868502,0.025074651163868512,0.025074651163868512,0.025074651163868526,0.02507465116386853,0.025074651163868526,0.02507465116386854,0.02507465116386854,0.025074651163868547,0.025074651163868554,0.025074651163868554,0.025074651163868564,0.02507465116386857,0.02507465116386857,0.02507465116386858,0.025074651163868585,0.025074651163868592,0.025074651163868603,0.025074651163868603,0.025074651163868606,0.02507465116386862,0.025074651163868623,0.025074651163868627,0.025074651163868634,0.025074651163868637,0.02507465116386864,0.025074651163868644,0.025074651163868658,0.02507465116386866,0.025074651163868665,0.025074651163868672,0.02507465116386868,0.025074651163868686,0.02507465116386869,0.025074651163868693,0.0250746511638687,0.025074651163868703,0.025074651163868717,0.02507465116386872,0.02507465116386872,0.025074651163868724,0.02507465116386873,0.02507465116386874,0.02507465116386874,0.025074651163868745,0.025074651163868752,0.02507465116386876,0.025074651163868766,0.025074651163868773,0.025074651163868776,0.025074651163868776,0.025074651163868783,0.02507465116386879,0.025074651163868793,0.025074651163868804,0.025074651163868804,0.02507465116386881,0.025074651163868818,0.025074651163868825,0.02507465116386883,0.02507465116386883,0.025074651163868835,0.025074651163868842,0.025074651163868845,0.02507465116386885,0.025074651163868856,0.025074651163868863,0.025074651163868866,0.02507465116386887,0.025074651163868884,0.025074651163868887,0.025074651163868887,0.025074651163868894,0.025074651163868898,0.02507465116386891,0.02507465116386891,0.02507465116386892,0.025074651163868925,0.02507465116386893,0.025074651163868936,0.025074651163868943,0.025074651163868943,0.02507465116386895,0.025074651163868956,0.025074651163868963,0.025074651163868967,0.025074651163868967,0.025074651163868977,0.025074651163868984,0.025074651163868988,0.02507465116386899,0.025074651163868998,0.025074651163868998,0.025074651163869,0.025074651163869012,0.02507465116386902,0.025074651163869022,0.02507465116386903,0.025074651163869033,0.02507465116386904,0.025074651163869047,0.025074651163869057,0.025074651163869057,0.02507465116386906,0.02507465116386907,0.02507465116386907,0.025074651163869078,0.025074651163869085,0.02507465116386909,0.025074651163869095,0.0250746511638691,0.025074651163869106,0.02507465116386911,0.025074651163869116,0.025074651163869116,0.025074651163869126,0.02507465116386913,0.025074651163869137,0.025074651163869144,0.025074651163869147,0.02507465116386915,0.025074651163869158,0.02507465116386916,0.025074651163869168,0.025074651163869175,0.025074651163869182,0.02507465116386918,0.025074651163869192,0.0250746511638692,0.025074651163869196,0.025074651163869203,0.02507465116386921,0.02507465116386922,0.025074651163869224,0.025074651163869227,0.025074651163869234,0.025074651163869238,0.02507465116386924,0.025074651163869248,0.025074651163869255,0.025074651163869255,0.025074651163869272,0.02507465116386928,0.025074651163869286,0.025074651163869286,0.0250746511638693,0.025074651163869296,0.025074651163869307,0.025074651163869307,0.02507465116386932,0.025074651163869324,0.025074651163869328,0.025074651163869335,0.025074651163869338,0.025074651163869345,0.02507465116386935,0.025074651163869352,0.02507465116386936,0.025074651163869366,0.025074651163869373,0.025074651163869376,0.02507465116386938,0.025074651163869387,0.025074651163869394,0.0250746511638694,0.0250746511638694,0.025074651163869408,0.025074651163869414,0.02507465116386941,0.025074651163869418,0.025074651163869425,0.025074651163869432,0.02507465116386944,0.025074651163869446,0.02507465116386945,0.025074651163869453,0.025074651163869456,0.025074651163869463,0.02507465116386947,0.025074651163869473,0.025074651163869477,0.025074651163869484,0.02507465116386949,0.025074651163869494,0.0250746511638695,0.025074651163869505,0.02507465116386951,0.025074651163869515,0.025074651163869515,0.02507465116386952,0.025074651163869525,0.025074651163869532,0.025074651163869536,0.02507465116386954,0.025074651163869546,0.025074651163869553,0.025074651163869564,0.025074651163869567,0.025074651163869578,0.025074651163869578,0.025074651163869584,0.025074651163869595,0.025074651163869595,0.025074651163869605,0.025074651163869612,0.025074651163869616,0.02507465116386962,0.025074651163869626,0.025074651163869633,0.025074651163869636,0.02507465116386963,0.02507465116386964,0.025074651163869647,0.025074651163869657,0.025074651163869657,0.025074651163869664,0.025074651163869668,0.02507465116386967,0.025074651163869678,0.025074651163869685,0.025074651163869685,0.025074651163869692,0.0250746511638697,0.0250746511638697,0.02507465116386971,0.025074651163869716,0.02507465116386972,0.025074651163869723,0.02507465116386973,0.025074651163869737,0.02507465116386974,0.02507465116386974,0.025074651163869744,0.02507465116386975,0.025074651163869758,0.025074651163869765,0.025074651163869765,0.025074651163869772,0.025074651163869782,0.025074651163869782,0.025074651163869786,0.02507465116386979,0.025074651163869793,0.025074651163869803,0.02507465116386981,0.02507465116386981,0.02507465116386982,0.025074651163869824,0.025074651163869824,0.025074651163869827,0.02507465116386983,0.025074651163869834,0.02507465116386984,0.025074651163869845,0.02507465116386985,0.02507465116386986,0.02507465116386986,0.025074651163869865,0.025074651163869872,0.02507465116386988,0.025074651163869883,0.025074651163869886,0.025074651163869893,0.025074651163869893,0.0250746511638699,0.0250746511638699,0.025074651163869904,0.02507465116386991,0.025074651163869914,0.025074651163869918,0.02507465116386992,0.025074651163869928,0.02507465116386993,0.02507465116386994,0.025074651163869942,0.025074651163869952,0.025074651163869952,0.025074651163869956,0.025074651163869963,0.02507465116386997,0.025074651163869977,0.025074651163869977,0.025074651163869983,0.02507465116386999,0.025074651163869997,0.02507465116387,0.025074651163870004,0.02507465116387001,0.02507465116387002,0.025074651163870025,0.02507465116387003,0.025074651163870032,0.025074651163870035,0.025074651163870042,0.02507465116387005,0.025074651163870053,0.025074651163870056,0.025074651163870063,0.025074651163870067,0.025074651163870074,0.02507465116387008,0.025074651163870084,0.025074651163870088,0.025074651163870094,0.025074651163870098,0.025074651163870105,0.025074651163870112,0.025074651163870115,0.025074651163870122,0.025074651163870126,0.02507465116387013,0.025074651163870136,0.025074651163870143,0.025074651163870147,0.02507465116387015,0.025074651163870164,0.025074651163870164,0.02507465116387017,0.025074651163870178,0.025074651163870185,0.025074651163870185,0.025074651163870195,0.0250746511638702,0.0250746511638702,0.02507465116387021,0.025074651163870212,0.025074651163870216,0.025074651163870226,0.025074651163870226,0.025074651163870237,0.025074651163870237,0.025074651163870244,0.025074651163870247,0.025074651163870254,0.025074651163870264,0.025074651163870268,0.02507465116387027,0.02507465116387028,0.02507465116387028,0.025074651163870285,0.025074651163870285,0.025074651163870296,0.0250746511638703,0.025074651163870303,0.025074651163870306,0.025074651163870313,0.025074651163870317,0.025074651163870323,0.025074651163870323,0.025074651163870327,0.025074651163870334,0.02507465116387034,0.02507465116387034,0.025074651163870355,0.02507465116387036,0.02507465116387037,0.025074651163870375,0.02507465116387038,0.025074651163870386,0.025074651163870386,0.025074651163870396,0.025074651163870403,0.025074651163870407,0.025074651163870414,0.025074651163870417,0.02507465116387042,0.025074651163870428,0.025074651163870434,0.025074651163870438,0.025074651163870445,0.02507465116387045,0.025074651163870455,0.025074651163870452,0.02507465116387046,0.025074651163870462,0.02507465116387047,0.025074651163870476,0.025074651163870476,0.025074651163870483,0.02507465116387049,0.02507465116387049,0.0250746511638705,0.0250746511638705,0.02507465116387051,0.02507465116387051,0.025074651163870518,0.025074651163870525,0.025074651163870528,0.02507465116387053,0.02507465116387054,0.025074651163870545,0.02507465116387055,0.025074651163870552,0.025074651163870556,0.025074651163870566,0.02507465116387057,0.025074651163870577,0.02507465116387058,0.025074651163870584,0.02507465116387059,0.0250746511638706,0.025074651163870604,0.02507465116387061,0.02507465116387062,0.02507465116387062,0.025074651163870622,0.02507465116387063,0.025074651163870636,0.025074651163870643,0.025074651163870646,0.02507465116387065,0.025074651163870657,0.025074651163870657,0.02507465116387066,0.025074651163870667,0.025074651163870674,0.02507465116387068,0.02507465116387068,0.025074651163870695,0.025074651163870698,0.025074651163870698,0.02507465116387071,0.025074651163870712,0.025074651163870715,0.025074651163870722,0.025074651163870722,0.025074651163870736,0.02507465116387074,0.02507465116387074,0.02507465116387075,0.025074651163870754,0.02507465116387076,0.025074651163870768,0.02507465116387077,0.025074651163870774,0.02507465116387078,0.02507465116387079,0.025074651163870792,0.0250746511638708,0.025074651163870802,0.025074651163870813,0.025074651163870816,0.025074651163870823,0.025074651163870827,0.025074651163870827,0.025074651163870827,0.025074651163870833,0.025074651163870844,0.025074651163870847,0.025074651163870854,0.025074651163870858,0.025074651163870865,0.025074651163870868,0.02507465116387087,0.02507465116387088,0.02507465116387088,0.025074651163870885,0.025074651163870896,0.025074651163870896,0.0250746511638709,0.025074651163870913,0.025074651163870917,0.02507465116387092,0.025074651163870927,0.025074651163870934,0.025074651163870938,0.02507465116387094,0.025074651163870948,0.025074651163870955,0.02507465116387096,0.025074651163870965,0.02507465116387097,0.025074651163870972,0.02507465116387098,0.025074651163870986,0.02507465116387099,0.02507465116387099,0.025074651163870997,0.025074651163871003,0.02507465116387101,0.025074651163871014,0.02507465116387102,0.025074651163871028,0.02507465116387103,0.025074651163871038,0.025074651163871038,0.025074651163871045,0.02507465116387105,0.025074651163871055,0.025074651163871062,0.025074651163871062,0.02507465116387107,0.025074651163871076,0.02507465116387108,0.025074651163871087,0.02507465116387109,0.025074651163871097,0.025074651163871104,0.0250746511638711,0.02507465116387111,0.025074651163871118,0.02507465116387112,0.02507465116387113,0.025074651163871135,0.02507465116387114,0.02507465116387115,0.025074651163871156,0.025074651163871167,0.025074651163871163,0.02507465116387117,0.025074651163871184,0.02507465116387118,0.02507465116387119,0.02507465116387119,0.0250746511638712,0.025074651163871208,0.02507465116387121,0.02507465116387122,0.025074651163871222,0.025074651163871222,0.025074651163871236,0.02507465116387124,0.025074651163871243,0.02507465116387125,0.025074651163871257,0.02507465116387126,0.025074651163871264,0.02507465116387127,0.025074651163871278,0.02507465116387128,0.025074651163871288,0.02507465116387129,0.02507465116387129,0.0250746511638713,0.025074651163871302,0.025074651163871305,0.025074651163871312,0.02507465116387132,0.025074651163871323,0.02507465116387133,0.025074651163871333,0.025074651163871337,0.025074651163871343,0.02507465116387135,0.025074651163871354,0.025074651163871357,0.02507465116387136,0.02507465116387137,0.025074651163871378,0.02507465116387138,0.02507465116387139,0.025074651163871396,0.025074651163871396,0.0250746511638714,0.025074651163871402,0.02507465116387141,0.025074651163871416,0.02507465116387142,0.025074651163871423,0.02507465116387143,0.02507465116387144,0.02507465116387145,0.025074651163871454,0.02507465116387146,0.02507465116387147,0.025074651163871472,0.02507465116387148,0.025074651163871482,0.02507465116387149,0.025074651163871496,0.025074651163871493,0.0250746511638715,0.0250746511638715,0.02507465116387151,0.025074651163871513,0.02507465116387152,0.025074651163871524,0.025074651163871527,0.025074651163871534,0.02507465116387154,0.025074651163871545,0.025074651163871548,0.025074651163871555,0.025074651163871562,0.025074651163871566,0.025074651163871572,0.025074651163871576,0.025074651163871583,0.025074651163871586,0.025074651163871593,0.025074651163871604,0.02507465116387161,0.025074651163871614,0.025074651163871614,0.02507465116387162,0.025074651163871624,0.025074651163871628,0.025074651163871635,0.025074651163871645,0.025074651163871652,0.025074651163871656,0.025074651163871663,0.025074651163871666,0.02507465116387167,0.025074651163871677,0.025074651163871683,0.02507465116387169,0.02507465116387169,0.025074651163871697,0.025074651163871704,0.025074651163871708,0.025074651163871715,0.025074651163871718,0.025074651163871725,0.02507465116387173,0.02507465116387173,0.025074651163871736,0.025074651163871742,0.02507465116387175,0.025074651163871756,0.025074651163871763,0.025074651163871763,0.02507465116387177,0.025074651163871777,0.02507465116387178,0.025074651163871788,0.02507465116387179,0.025074651163871798,0.0250746511638718,0.02507465116387181,0.025074651163871812,0.02507465116387182,0.025074651163871822,0.025074651163871833,0.025074651163871836,0.025074651163871843,0.02507465116387185,0.025074651163871853,0.025074651163871857,0.02507465116387186,0.025074651163871867,0.025074651163871874,0.025074651163871878,0.025074651163871888,0.025074651163871888,0.025074651163871895,0.0250746511638719,0.025074651163871906,0.025074651163871906,0.02507465116387191,0.02507465116387192,0.025074651163871926,0.025074651163871933,0.025074651163871937,0.02507465116387194,0.025074651163871947,0.025074651163871954,0.025074651163871954,0.02507465116387196,0.025074651163871968,0.02507465116387197,0.02507465116387198,0.025074651163871982,0.02507465116387199,0.025074651163871996,0.025074651163872003,0.025074651163872003,0.02507465116387201,0.025074651163872017,0.02507465116387202,0.025074651163872027,0.02507465116387203,0.025074651163872037,0.02507465116387204,0.025074651163872048,0.025074651163872058,0.025074651163872058,0.02507465116387207,0.025074651163872076,0.02507465116387208,0.025074651163872082,0.025074651163872082,0.025074651163872086,0.0250746511638721,0.025074651163872103,0.02507465116387211,0.025074651163872117,0.02507465116387212,0.025074651163872128,0.025074651163872124,0.02507465116387213,0.025074651163872134,0.02507465116387214,0.02507465116387215,0.025074651163872152,0.025074651163872155,0.025074651163872162,0.025074651163872166,0.025074651163872173,0.02507465116387218,0.025074651163872183,0.02507465116387218,0.025074651163872187,0.025074651163872193,0.0250746511638722,0.025074651163872204,0.025074651163872214,0.02507465116387222,0.02507465116387222,0.025074651163872228,0.025074651163872235,0.025074651163872235,0.025074651163872246,0.025074651163872246,0.025074651163872256,0.025074651163872263,0.025074651163872266,0.025074651163872273,0.025074651163872277,0.02507465116387228,0.02507465116387229,0.025074651163872294,0.025074651163872298,0.025074651163872304,0.025074651163872315,0.02507465116387232,0.02507465116387232,0.025074651163872325,0.025074651163872332,0.02507465116387234,0.025074651163872343,0.025074651163872346,0.025074651163872353,0.025074651163872353,0.02507465116387236,0.025074651163872363,0.02507465116387237,0.025074651163872377,0.025074651163872384,0.025074651163872384,0.02507465116387239,0.02507465116387239,0.025074651163872395,0.02507465116387241,0.025074651163872416,0.02507465116387242,0.02507465116387242,0.025074651163872426,0.02507465116387243,0.025074651163872436,0.02507465116387244,0.025074651163872447,0.02507465116387245,0.025074651163872457,0.025074651163872464,0.025074651163872464,0.02507465116387247,0.025074651163872478,0.025074651163872485,0.02507465116387249,0.025074651163872492,0.0250746511638725,0.02507465116387251,0.025074651163872516,0.025074651163872516,0.02507465116387252,0.025074651163872527,0.02507465116387253,0.02507465116387254,0.02507465116387254,0.025074651163872544,0.025074651163872558,0.025074651163872558,0.025074651163872565,0.025074651163872565,0.02507465116387257,0.025074651163872582,0.025074651163872582,0.02507465116387259,0.025074651163872592,0.0250746511638726,0.025074651163872603,0.025074651163872606,0.025074651163872617,0.025074651163872617,0.02507465116387262,0.025074651163872624,0.025074651163872627,0.025074651163872634,0.025074651163872638,0.02507465116387264,0.025074651163872655,0.02507465116387266,0.025074651163872662,0.02507465116387267,0.025074651163872672,0.025074651163872676,0.025074651163872683,0.02507465116387269,0.025074651163872697,0.0250746511638727,0.0250746511638727,0.02507465116387271,0.02507465116387271,0.025074651163872717,0.02507465116387272,0.025074651163872728,0.02507465116387273,0.025074651163872735,0.02507465116387274,0.02507465116387275,0.025074651163872752,0.02507465116387276,0.025074651163872762,0.025074651163872762,0.025074651163872776,0.02507465116387278,0.025074651163872783,0.02507465116387279,0.02507465116387279,0.025074651163872794,0.02507465116387281,0.025074651163872815,0.025074651163872815,0.02507465116387282,0.025074651163872825,0.025074651163872832,0.025074651163872832,0.025074651163872835,0.025074651163872835,0.025074651163872853,0.025074651163872856,0.025074651163872863,0.02507465116387287,0.025074651163872873,0.02507465116387288,0.025074651163872884,0.025074651163872887,0.025074651163872894,0.0250746511638729,0.025074651163872905,0.025074651163872905,0.025074651163872908,0.025074651163872915,0.025074651163872915,0.025074651163872922,0.025074651163872926,0.02507465116387293,0.025074651163872936,0.025074651163872943,0.025074651163872946,0.025074651163872953,0.025074651163872957,0.025074651163872964,0.025074651163872967,0.025074651163872974,0.025074651163872988,0.025074651163872995,0.025074651163873,0.025074651163873,0.025074651163873002,0.02507465116387301,0.025074651163873016,0.02507465116387302,0.025074651163873023,0.025074651163873026,0.025074651163873033,0.02507465116387304,0.025074651163873043,0.025074651163873047,0.025074651163873054,0.025074651163873057,0.025074651163873064,0.025074651163873068,0.025074651163873075,0.02507465116387308,0.02507465116387309,0.025074651163873096,0.025074651163873102,0.0250746511638731,0.02507465116387312,0.025074651163873116,0.02507465116387312,0.025074651163873127,0.025074651163873134,0.02507465116387314,0.02507465116387314,0.025074651163873148,0.025074651163873148,0.025074651163873155,0.025074651163873158,0.025074651163873158,0.025074651163873175,0.025074651163873175,0.025074651163873193,0.02507465116387319,0.025074651163873207,0.025074651163873207,0.025074651163873213,0.025074651163873217,0.02507465116387322,0.025074651163873227,0.025074651163873227,0.025074651163873238,0.025074651163873238,0.02507465116387324,0.025074651163873248,0.025074651163873248,0.025074651163873266,0.02507465116387327,0.025074651163873272,0.02507465116387328,0.02507465116387328,0.02507465116387329,0.02507465116387329,0.0250746511638733,0.025074651163873307,0.02507465116387331,0.025074651163873318,0.025074651163873318,0.025074651163873325,0.02507465116387333,0.02507465116387333,0.02507465116387334,0.02507465116387335,0.025074651163873352,0.02507465116387336,0.02507465116387336,0.025074651163873366,0.025074651163873366,0.025074651163873373,0.02507465116387338,0.025074651163873387,0.025074651163873387,0.025074651163873394,0.0250746511638734,0.025074651163873408,0.02507465116387341,0.025074651163873415,0.02507465116387342,0.02507465116387343,0.025074651163873432,0.025074651163873436,0.025074651163873446,0.02507465116387345,0.025074651163873453,0.02507465116387346,0.025074651163873467,0.02507465116387347,0.025074651163873477,0.02507465116387348,0.025074651163873488,0.02507465116387349,0.025074651163873498,0.02507465116387351,0.025074651163873505,0.025074651163873512,0.02507465116387352,0.025074651163873526,0.02507465116387353,0.025074651163873533,0.02507465116387354,0.025074651163873543,0.02507465116387355,0.02507465116387356,0.02507465116387356,0.025074651163873567,0.02507465116387357,0.025074651163873578,0.02507465116387358,0.02507465116387358,0.025074651163873585,0.0250746511638736,0.025074651163873602,0.02507465116387361,0.025074651163873606,0.025074651163873612,0.025074651163873623,0.025074651163873623,0.025074651163873633,0.025074651163873633,0.025074651163873644,0.02507465116387365,0.025074651163873654,0.02507465116387366,0.025074651163873665,0.025074651163873675,0.025074651163873675,0.025074651163873685,0.025074651163873692,0.025074651163873692,0.0250746511638737,0.025074651163873706,0.025074651163873706,0.025074651163873717,0.025074651163873717,0.025074651163873727,0.025074651163873727,0.025074651163873737,0.025074651163873737,0.025074651163873748,0.025074651163873748,0.025074651163873758,0.025074651163873765,0.025074651163873772,0.025074651163873776,0.025074651163873782,0.025074651163873786,0.025074651163873793,0.025074651163873793,0.0250746511638738,0.025074651163873807,0.025074651163873814,0.02507465116387382,0.025074651163873828,0.025074651163873835,0.025074651163873838,0.025074651163873845,0.02507465116387385,0.025074651163873852,0.02507465116387386,0.025074651163873866,0.025074651163873873,0.025074651163873873,0.025074651163873876,0.025074651163873883,0.02507465116387389,0.025074651163873897,0.025074651163873907,0.025074651163873914,0.025074651163873918,0.02507465116387392,0.025074651163873928,0.02507465116387393,0.025074651163873942,0.025074651163873946,0.025074651163873946,0.025074651163873956,0.025074651163873963,0.025074651163873963,0.02507465116387397,0.025074651163873977,0.02507465116387398,0.025074651163873987,0.02507465116387399,0.025074651163873998,0.025074651163874005,0.025074651163874008,0.025074651163874015,0.025074651163874025,0.025074651163874022,0.02507465116387403,0.025074651163874036,0.02507465116387404,0.025074651163874043,0.025074651163874057,0.02507465116387406,0.02507465116387407,0.025074651163874077,0.02507465116387408,0.02507465116387408,0.02507465116387408,0.02507465116387409,0.025074651163874095,0.025074651163874112,0.02507465116387411,0.025074651163874112,0.025074651163874122,0.025074651163874133,0.025074651163874133,0.025074651163874143,0.025074651163874147,0.025074651163874143,0.02507465116387416,0.025074651163874164,0.025074651163874168,0.025074651163874175,0.02507465116387418,0.02507465116387418,0.025074651163874195,0.025074651163874195,0.025074651163874206,0.025074651163874202,0.025074651163874216,0.025074651163874223,0.025074651163874227,0.025074651163874234,0.025074651163874237,0.02507465116387424,0.025074651163874247,0.02507465116387426,0.025074651163874258,0.025074651163874258,0.025074651163874268,0.02507465116387427,0.02507465116387428,0.025074651163874286,0.025074651163874296,0.0250746511638743,0.0250746511638743,0.025074651163874306,0.02507465116387431,0.02507465116387432,0.02507465116387432,0.025074651163874327,0.025074651163874334,0.025074651163874334,0.025074651163874334,0.025074651163874348,0.02507465116387435,0.02507465116387436,0.025074651163874362,0.02507465116387437,0.025074651163874372,0.02507465116387438,0.02507465116387438,0.025074651163874386,0.0250746511638744,0.0250746511638744,0.025074651163874407,0.02507465116387441,0.025074651163874414,0.025074651163874424,0.025074651163874428,0.02507465116387443,0.02507465116387444,0.025074651163874445,0.02507465116387445,0.025074651163874456,0.02507465116387446,0.025074651163874462,0.02507465116387447,0.025074651163874483,0.025074651163874487,0.025074651163874487,0.02507465116387449,0.025074651163874497,0.025074651163874508,0.02507465116387451,0.025074651163874518,0.025074651163874525,0.02507465116387453,0.025074651163874532,0.02507465116387454,0.025074651163874546,0.025074651163874542,0.02507465116387455,0.025074651163874553,0.02507465116387456,0.025074651163874567,0.025074651163874574,0.02507465116387458,0.025074651163874584,0.02507465116387459,0.025074651163874598,0.025074651163874598,0.0250746511638746,0.02507465116387461,0.02507465116387462,0.025074651163874622,0.025074651163874626,0.025074651163874632,0.02507465116387464,0.025074651163874643,0.02507465116387465,0.025074651163874653,0.02507465116387466,0.025074651163874664,0.02507465116387467,0.025074651163874678,0.025074651163874678,0.025074651163874685,0.0250746511638747,0.025074651163874695,0.025074651163874705,0.025074651163874712,0.02507465116387472,0.025074651163874716,0.025074651163874726,0.025074651163874733,0.02507465116387473,0.025074651163874744,0.025074651163874744,0.025074651163874754,0.02507465116387475,0.025074651163874764,0.02507465116387477,0.02507465116387477,0.025074651163874778,0.025074651163874778,0.02507465116387479,0.025074651163874796,0.025074651163874796,0.025074651163874806,0.02507465116387481,0.025074651163874813,0.025074651163874823,0.025074651163874827,0.025074651163874827,0.025074651163874837,0.025074651163874837,0.025074651163874844,0.02507465116387485,0.025074651163874855,0.02507465116387486,0.025074651163874865,0.025074651163874872,0.025074651163874882,0.025074651163874882,0.025074651163874893,0.025074651163874896,0.025074651163874903,0.02507465116387491,0.025074651163874914,0.025074651163874917,0.025074651163874924,0.025074651163874927,0.025074651163874934,0.02507465116387494,0.025074651163874945,0.025074651163874945,0.025074651163874955,0.025074651163874962,0.025074651163874962,0.02507465116387497,0.025074651163874976,0.025074651163874983,0.02507465116387499,0.025074651163874997,0.025074651163875004,0.025074651163875004,0.02507465116387501,0.025074651163875018,0.025074651163875025,0.025074651163875028,0.025074651163875035,0.02507465116387504,0.025074651163875045,0.02507465116387505,0.025074651163875056,0.02507465116387506,0.025074651163875063,0.02507465116387507,0.025074651163875077,0.02507465116387508,0.02507465116387509,0.025074651163875097,0.025074651163875104,0.025074651163875108,0.02507465116387511,0.025074651163875115,0.025074651163875118,0.02507465116387512,0.025074651163875136,0.025074651163875136,0.02507465116387514,0.025074651163875143,0.02507465116387515,0.02507465116387516,0.025074651163875163,0.02507465116387517,0.025074651163875177,0.025074651163875177,0.025074651163875184,0.025074651163875184,0.025074651163875195,0.025074651163875198,0.025074651163875205,0.02507465116387521,0.025074651163875215,0.025074651163875222,0.025074651163875226,0.02507465116387523,0.02507465116387523,0.025074651163875243,0.025074651163875247,0.02507465116387525,0.025074651163875257,0.02507465116387526,0.025074651163875267,0.025074651163875278,0.025074651163875285,0.02507465116387528,0.025074651163875295,0.025074651163875295,0.025074651163875302,0.025074651163875302,0.025074651163875316,0.02507465116387532,0.025074651163875323,0.02507465116387533,0.02507465116387533,0.02507465116387534,0.02507465116387534,0.025074651163875347,0.025074651163875358,0.025074651163875358,0.025074651163875368,0.025074651163875368,0.025074651163875375,0.025074651163875375,0.02507465116387539,0.025074651163875396,0.025074651163875392,0.025074651163875403,0.025074651163875403,0.025074651163875417,0.02507465116387542,0.02507465116387542,0.02507465116387543,0.025074651163875434,0.02507465116387544,0.025074651163875448,0.02507465116387545,0.025074651163875455,0.02507465116387546,0.02507465116387546,0.025074651163875472,0.025074651163875476,0.025074651163875483,0.025074651163875493,0.025074651163875496,0.025074651163875503,0.025074651163875503,0.025074651163875507,0.025074651163875514,0.02507465116387552,0.02507465116387552,0.025074651163875524,0.025074651163875535,0.02507465116387554,0.025074651163875545,0.02507465116387555,0.02507465116387556,0.025074651163875562,0.02507465116387557,0.025074651163875573,0.025074651163875576,0.025074651163875587,0.025074651163875587,0.025074651163875594,0.0250746511638756,0.025074651163875607,0.02507465116387561,0.025074651163875614,0.025074651163875614,0.025074651163875628,0.025074651163875625,0.02507465116387564,0.025074651163875642,0.02507465116387565,0.025074651163875653,0.02507465116387566,0.025074651163875663,0.025074651163875666,0.025074651163875673,0.025074651163875673,0.025074651163875684,0.025074651163875687,0.025074651163875694,0.025074651163875698,0.025074651163875705,0.02507465116387571,0.025074651163875715,0.025074651163875722,0.025074651163875725,0.025074651163875725,0.025074651163875736,0.025074651163875736,0.025074651163875746,0.025074651163875753,0.025074651163875753,0.02507465116387576,0.025074651163875767,0.02507465116387577,0.025074651163875777,0.025074651163875784,0.025074651163875788,0.025074651163875795,0.025074651163875798,0.025074651163875805,0.025074651163875812,0.025074651163875816,0.025074651163875826,0.025074651163875826,0.025074651163875836,0.02507465116387584,0.025074651163875847,0.025074651163875854,0.025074651163875857,0.02507465116387586,0.025074651163875868,0.025074651163875878,0.025074651163875885,0.025074651163875885,0.02507465116387589,0.025074651163875892,0.025074651163875902,0.02507465116387591,0.02507465116387591,0.02507465116387592,0.025074651163875923,0.025074651163875923,0.025074651163875937,0.025074651163875937,0.025074651163875944,0.02507465116387595,0.025074651163875958,0.025074651163875958,0.025074651163875965,0.02507465116387596,0.025074651163875975,0.025074651163875982,0.025074651163875986,0.025074651163875993,0.025074651163875996,0.025074651163876003,0.02507465116387601,0.02507465116387601,0.02507465116387601,0.025074651163876024,0.025074651163876027,0.02507465116387603,0.025074651163876034,0.02507465116387604,0.025074651163876048,0.025074651163876055,0.025074651163876062,0.02507465116387607,0.02507465116387607,0.025074651163876072,0.02507465116387608,0.025074651163876083,0.02507465116387609,0.025074651163876097,0.0250746511638761,0.025074651163876107,0.025074651163876114,0.025074651163876114,0.025074651163876114,0.025074651163876114,0.02507465116387612,0.025074651163876124,0.02507465116387613,0.025074651163876135,0.025074651163876138,0.025074651163876152,0.025074651163876156,0.02507465116387616,0.025074651163876166,0.025074651163876176,0.025074651163876176,0.025074651163876187,0.025074651163876187,0.025074651163876194,0.0250746511638762,0.025074651163876208,0.025074651163876215,0.02507465116387622,0.025074651163876218,0.02507465116387623,0.025074651163876242,0.025074651163876246,0.02507465116387625,0.025074651163876263,0.025074651163876267,0.02507465116387627,0.025074651163876277,0.025074651163876284,0.025074651163876287,0.025074651163876294,0.025074651163876305,0.0250746511638763,0.025074651163876308,0.025074651163876322,0.025074651163876322,0.025074651163876322,0.02507465116387633,0.025074651163876336,0.025074651163876343,0.025074651163876343,0.02507465116387635,0.02507465116387635,0.025074651163876357,0.02507465116387636,0.025074651163876367,0.025074651163876374,0.025074651163876378,0.02507465116387638,0.025074651163876388,0.025074651163876395,0.025074651163876402,0.025074651163876402,0.025074651163876412,0.025074651163876423,0.02507465116387643,0.025074651163876433,0.02507465116387644,0.025074651163876447,0.025074651163876457,0.02507465116387646,0.025074651163876468,0.025074651163876475,0.02507465116387648,0.02507465116387649,0.02507465116387649,0.025074651163876492,0.025074651163876496,0.025074651163876503,0.025074651163876513,0.025074651163876513,0.02507465116387652,0.025074651163876523,0.025074651163876527,0.025074651163876534,0.02507465116387654,0.025074651163876548,0.025074651163876548,0.025074651163876558,0.025074651163876558,0.02507465116387656,0.02507465116387657,0.02507465116387658,0.02507465116387658,0.025074651163876586,0.025074651163876593,0.0250746511638766,0.025074651163876607,0.02507465116387661,0.02507465116387662,0.025074651163876624,0.02507465116387663,0.025074651163876638,0.02507465116387664,0.02507465116387665,0.02507465116387666,0.025074651163876662,0.025074651163876666,0.025074651163876673,0.02507465116387668,0.025074651163876683,0.025074651163876686,0.0250746511638767,0.025074651163876707,0.025074651163876707,0.025074651163876714,0.02507465116387672,0.025074651163876718,0.025074651163876725,0.02507465116387673,0.025074651163876735,0.02507465116387674,0.025074651163876745,0.025074651163876752,0.025074651163876763,0.02507465116387676,0.02507465116387676,0.025074651163876763,0.025074651163876766,0.02507465116387678,0.025074651163876784,0.025074651163876787,0.025074651163876797,0.025074651163876804,0.025074651163876815,0.025074651163876818,0.025074651163876818,0.025074651163876832,0.025074651163876832,0.025074651163876836,0.02507465116387684,0.025074651163876846,0.025074651163876853,0.025074651163876856,0.025074651163876867,0.025074651163876867,0.025074651163876877,0.025074651163876888,0.025074651163876895,0.025074651163876898,0.025074651163876905,0.02507465116387691,0.025074651163876915,0.02507465116387692,0.025074651163876922,0.025074651163876926,0.025074651163876936,0.02507465116387694,0.025074651163876947,0.025074651163876957,0.02507465116387696,0.025074651163876967,0.02507465116387697,0.025074651163876978,0.02507465116387698,0.025074651163876988,0.025074651163876988,0.02507465116387699,0.025074651163876995,0.025074651163877002,0.025074651163877013,0.025074651163877016,0.025074651163877026,0.02507465116387703,0.025074651163877037,0.025074651163877044,0.025074651163877047,0.025074651163877058,0.025074651163877058,0.02507465116387706,0.025074651163877075,0.025074651163877082,0.025074651163877096,0.0250746511638771,0.025074651163877103,0.02507465116387711,0.025074651163877117,0.02507465116387712,0.025074651163877124,0.02507465116387713,0.02507465116387713,0.025074651163877137,0.02507465116387714,0.025074651163877148,0.02507465116387715,0.02507465116387716,0.02507465116387716,0.02507465116387716,0.02507465116387717,0.025074651163877176,0.02507465116387718,0.025074651163877183,0.02507465116387719,0.025074651163877193,0.0250746511638772,0.025074651163877203,0.02507465116387721,0.02507465116387722,0.02507465116387722,0.02507465116387723,0.02507465116387724,0.02507465116387725,0.025074651163877252,0.025074651163877255,0.025074651163877262,0.02507465116387727,0.025074651163877273,0.025074651163877283,0.025074651163877283,0.025074651163877294,0.0250746511638773,0.025074651163877297,0.025074651163877297,0.025074651163877297,0.02507465116387731,0.025074651163877318,0.025074651163877318,0.025074651163877325,0.025074651163877325,0.025074651163877335,0.025074651163877346,0.025074651163877353,0.025074651163877356,0.025074651163877363,0.025074651163877366,0.025074651163877373,0.025074651163877377,0.025074651163877384,0.025074651163877394,0.025074651163877398,0.025074651163877405,0.02507465116387741,0.025074651163877408,0.02507465116387742,0.025074651163877425,0.025074651163877425,0.025074651163877432,0.025074651163877436,0.025074651163877443,0.025074651163877446,0.025074651163877453,0.025074651163877457,0.025074651163877464,0.02507465116387747,0.025074651163877477,0.025074651163877484,0.025074651163877488,0.02507465116387749,0.025074651163877498,0.025074651163877505,0.02507465116387751,0.02507465116387752,0.025074651163877523,0.025074651163877523,0.025074651163877533,0.025074651163877536,0.025074651163877543,0.025074651163877547,0.025074651163877547,0.02507465116387756,0.02507465116387756,0.02507465116387756,0.025074651163877568,0.025074651163877575,0.02507465116387758,0.025074651163877585,0.02507465116387759,0.025074651163877595,0.0250746511638776,0.025074651163877606,0.025074651163877616,0.025074651163877616,0.025074651163877623,0.025074651163877634,0.025074651163877634,0.02507465116387764,0.025074651163877647,0.025074651163877658,0.025074651163877668,0.025074651163877665,0.02507465116387768,0.025074651163877682,0.02507465116387769,0.025074651163877706,0.025074651163877706,0.02507465116387772,0.025074651163877717,0.02507465116387773,0.02507465116387773,0.025074651163877727,0.025074651163877734,0.02507465116387774,0.025074651163877745,0.02507465116387775,0.02507465116387776,0.025074651163877765,0.025074651163877765,0.025074651163877772,0.025074651163877776,0.025074651163877783,0.025074651163877786,0.025074651163877793,0.025074651163877797,0.02507465116387781,0.025074651163877814,0.025074651163877807,0.025074651163877814,0.02507465116387782,0.025074651163877835,0.02507465116387784,0.025074651163877845,0.02507465116387785,0.025074651163877856,0.025074651163877863,0.025074651163877866,0.025074651163877873,0.025074651163877873,0.025074651163877883,0.02507465116387789,0.025074651163877897,0.025074651163877904,0.02507465116387791,0.025074651163877918,0.025074651163877925,0.025074651163877932,0.025074651163877932,0.02507465116387794,0.025074651163877946,0.02507465116387795,0.025074651163877956,0.02507465116387796,0.02507465116387797,0.025074651163877974,0.025074651163877977,0.025074651163877984,0.02507465116387799,0.02507465116387799,0.025074651163877994,0.025074651163878005,0.025074651163878005,0.025074651163878015,0.025074651163878015,0.025074651163878026,0.025074651163878033,0.02507465116387803,0.025074651163878043,0.025074651163878046,0.025074651163878053,0.025074651163878057,0.025074651163878057,0.025074651163878067,0.025074651163878074,0.025074651163878078,0.025074651163878085,0.025074651163878088,0.025074651163878095,0.025074651163878105,0.02507465116387811,0.025074651163878116,0.025074651163878116,0.025074651163878126,0.025074651163878126,0.02507465116387813,0.025074651163878137,0.025074651163878144,0.025074651163878147,0.025074651163878157,0.025074651163878164,0.02507465116387816,0.025074651163878168,0.025074651163878175,0.025074651163878185,0.025074651163878182,0.02507465116387819,0.0250746511638782,0.025074651163878206,0.025074651163878203,0.025074651163878216,0.02507465116387822,0.02507465116387822,0.025074651163878223,0.025074651163878237,0.025074651163878237,0.025074651163878244,0.025074651163878244,0.025074651163878258,0.02507465116387826,0.02507465116387826,0.025074651163878272,0.025074651163878275,0.025074651163878282,0.025074651163878296,0.025074651163878293,0.025074651163878303,0.02507465116387831,0.025074651163878314,0.02507465116387832,0.02507465116387832,0.025074651163878327,0.025074651163878334,0.025074651163878338,0.02507465116387834,0.02507465116387835,0.025074651163878352,0.025074651163878362,0.02507465116387837,0.02507465116387837,0.02507465116387838,0.025074651163878386,0.025074651163878386,0.02507465116387839,0.025074651163878393,0.025074651163878407,0.02507465116387841,0.02507465116387841,0.02507465116387842,0.025074651163878428,0.025074651163878428,0.025074651163878435,0.025074651163878442,0.02507465116387845,0.025074651163878452,0.025074651163878452,0.025074651163878463,0.025074651163878466,0.025074651163878473,0.02507465116387848,0.025074651163878484,0.025074651163878487,0.0250746511638785,0.0250746511638785,0.0250746511638785,0.025074651163878497,0.025074651163878497,0.025074651163878504,0.02507465116387851,0.025074651163878515,0.02507465116387852,0.025074651163878525,0.025074651163878536,0.02507465116387854,0.02507465116387854,0.025074651163878546,0.025074651163878553,0.025074651163878556,0.025074651163878563,0.025074651163878567,0.02507465116387858,0.025074651163878577,0.025074651163878588,0.025074651163878588,0.025074651163878598,0.025074651163878598,0.025074651163878605,0.025074651163878615,0.025074651163878612,0.025074651163878626,0.025074651163878626,0.025074651163878636,0.025074651163878636,0.025074651163878647,0.025074651163878654,0.025074651163878657,0.025074651163878664,0.02507465116387866,0.025074651163878674,0.025074651163878678,0.025074651163878678,0.02507465116387869,0.02507465116387869,0.0250746511638787,0.025074651163878706,0.025074651163878706,0.02507465116387871,0.025074651163878716,0.025074651163878726,0.025074651163878726,0.025074651163878737,0.02507465116387874,0.025074651163878747,0.025074651163878747,0.025074651163878754,0.02507465116387876,0.025074651163878768,0.025074651163878768,0.02507465116387878,0.02507465116387879,0.02507465116387879,0.0250746511638788,0.025074651163878806,0.025074651163878806,0.02507465116387882,0.025074651163878827,0.02507465116387883,0.02507465116387883,0.025074651163878837,0.025074651163878848,0.025074651163878844,0.025074651163878855,0.025074651163878862,0.025074651163878865,0.02507465116387887,0.025074651163878872,0.025074651163878883,0.025074651163878886,0.025074651163878893,0.025074651163878896,0.025074651163878907,0.025074651163878907,0.025074651163878917,0.02507465116387892,0.02507465116387893,0.02507465116387893,0.025074651163878938,0.02507465116387894,0.025074651163878945,0.025074651163878952,0.025074651163878952,0.025074651163878962,0.02507465116387897,0.02507465116387897,0.02507465116387898,0.025074651163878983,0.02507465116387899,0.025074651163878994,0.025074651163879,0.025074651163879004,0.02507465116387901,0.02507465116387901,0.02507465116387902,0.025074651163879025,0.025074651163879032,0.02507465116387904,0.025074651163879042,0.025074651163879046,0.02507465116387906,0.02507465116387906,0.025074651163879063,0.025074651163879073,0.025074651163879073,0.025074651163879084,0.02507465116387909,0.025074651163879098,0.025074651163879105,0.02507465116387911,0.025074651163879125,0.025074651163879125,0.025074651163879132,0.025074651163879143,0.025074651163879143,0.025074651163879143,0.025074651163879143,0.02507465116387915,0.02507465116387916,0.025074651163879164,0.02507465116387917,0.025074651163879174,0.025074651163879177,0.025074651163879177,0.025074651163879184,0.02507465116387919,0.025074651163879195,0.0250746511638792,0.02507465116387921,0.025074651163879216,0.025074651163879226,0.025074651163879226,0.025074651163879236,0.02507465116387924,0.025074651163879247,0.02507465116387925,0.025074651163879257,0.025074651163879264,0.025074651163879268,0.02507465116387927,0.025074651163879278,0.025074651163879285,0.025074651163879285,0.025074651163879292,0.0250746511638793,0.025074651163879306,0.025074651163879306,0.02507465116387931,0.025074651163879316,0.025074651163879323,0.025074651163879327,0.025074651163879334,0.025074651163879337,0.02507465116387935,0.025074651163879354,0.025074651163879358,0.025074651163879365,0.02507465116387937,0.025074651163879375,0.025074651163879382,0.025074651163879386,0.02507465116387939,0.025074651163879396,0.025074651163879406,0.025074651163879417,0.025074651163879417,0.025074651163879424,0.025074651163879427,0.025074651163879434,0.025074651163879445,0.025074651163879448,0.02507465116387946,0.025074651163879465,0.025074651163879476,0.025074651163879476,0.02507465116387948,0.02507465116387949,0.025074651163879497,0.025074651163879497,0.025074651163879507,0.025074651163879517,0.025074651163879517,0.025074651163879528,0.02507465116387953,0.02507465116387954,0.02507465116387955,0.02507465116387955,0.02507465116387956,0.02507465116387956,0.02507465116387957,0.025074651163879576,0.02507465116387958,0.025074651163879583,0.02507465116387959,0.025074651163879594,0.025074651163879608,0.025074651163879608,0.025074651163879615,0.025074651163879625,0.02507465116387962,0.025074651163879635,0.02507465116387964,0.025074651163879642,0.02507465116387965,0.025074651163879653,0.02507465116387966,0.025074651163879674,0.025074651163879674,0.025074651163879674,0.025074651163879667,0.025074651163879677,0.025074651163879687,0.025074651163879684,0.025074651163879694,0.025074651163879705,0.025074651163879705,0.025074651163879712,0.025074651163879715,0.025074651163879726,0.025074651163879726,0.025074651163879733,0.025074651163879736,0.025074651163879743,0.02507465116387975,0.025074651163879753,0.025074651163879757,0.02507465116387977,0.02507465116387977,0.025074651163879774,0.025074651163879778,0.025074651163879785,0.0250746511638798,0.025074651163879805,0.025074651163879812,0.025074651163879816,0.025074651163879823,0.025074651163879833,0.025074651163879833,0.025074651163879837,0.025074651163879847,0.02507465116387985,0.025074651163879854,0.02507465116387985,0.025074651163879857,0.025074651163879868,0.025074651163879875,0.025074651163879875,0.02507465116387989,0.025074651163879896,0.025074651163879896,0.025074651163879903,0.025074651163879903,0.025074651163879916,0.025074651163879923,0.025074651163879923,0.02507465116387993,0.025074651163879937,0.025074651163879944,0.025074651163879948,0.02507465116387995,0.025074651163879958,0.025074651163879965,0.02507465116387997,0.025074651163879972,0.02507465116387998,0.025074651163879982,0.02507465116387999,0.02507465116388,0.025074651163880007,0.025074651163880017,0.025074651163880017,0.02507465116388002,0.025074651163880027,0.02507465116388003,0.02507465116388004,0.025074651163880045,0.02507465116388005,0.02507465116388006,0.025074651163880066,0.02507465116388007,0.02507465116388007,0.025074651163880073,0.025074651163880083,0.025074651163880086,0.02507465116388009,0.025074651163880093,0.0250746511638801,0.025074651163880107,0.02507465116388011,0.025074651163880118,0.025074651163880125,0.025074651163880125,0.02507465116388013,0.02507465116388014,0.025074651163880142,0.025074651163880145,0.02507465116388015,0.025074651163880163,0.025074651163880163,0.02507465116388017,0.025074651163880177,0.02507465116388018,0.025074651163880184,0.02507465116388019,0.025074651163880197,0.025074651163880204,0.025074651163880208,0.02507465116388021,0.02507465116388022,0.025074651163880222,0.025074651163880232,0.02507465116388024,0.025074651163880236,0.025074651163880256,0.025074651163880256,0.025074651163880253,0.025074651163880256,0.025074651163880263,0.025074651163880263,0.02507465116388027,0.025074651163880277,0.02507465116388028,0.025074651163880288,0.025074651163880288,0.025074651163880295,0.025074651163880295,0.02507465116388031,0.025074651163880315,0.025074651163880322,0.025074651163880326,0.025074651163880333,0.025074651163880336,0.025074651163880347,0.025074651163880354,0.02507465116388036,0.025074651163880364,0.02507465116388037,0.025074651163880374,0.025074651163880378,0.025074651163880385,0.0250746511638804,0.025074651163880402,0.025074651163880406,0.02507465116388041,0.025074651163880416,0.025074651163880416,0.025074651163880423,0.025074651163880426,0.025074651163880433,0.025074651163880437,0.025074651163880444,0.025074651163880447,0.025074651163880454,0.025074651163880465,0.025074651163880465,0.02507465116388047,0.025074651163880475,0.02507465116388048,0.025074651163880485,0.02507465116388049,0.0250746511638805,0.025074651163880503,0.025074651163880513,0.025074651163880513,0.025074651163880517,0.025074651163880517,0.025074651163880517,0.025074651163880527,0.02507465116388053,0.025074651163880537,0.025074651163880548,0.025074651163880548,0.025074651163880555,0.025074651163880565,0.025074651163880562,0.02507465116388057,0.025074651163880576,0.02507465116388058,0.025074651163880586,0.02507465116388059,0.025074651163880603,0.025074651163880603,0.025074651163880603,0.025074651163880614,0.02507465116388062,0.02507465116388062,0.025074651163880635,0.025074651163880638,0.025074651163880645,0.02507465116388065,0.02507465116388065,0.025074651163880655,0.02507465116388067,0.025074651163880676,0.02507465116388068,0.025074651163880687,0.02507465116388069,0.025074651163880697,0.025074651163880697,0.0250746511638807,0.025074651163880707,0.025074651163880714,0.025074651163880718,0.02507465116388073,0.02507465116388073,0.02507465116388074,0.025074651163880742,0.02507465116388075,0.025074651163880756,0.02507465116388076,0.025074651163880766,0.02507465116388077,0.025074651163880777,0.025074651163880787,0.025074651163880798,0.025074651163880805,0.025074651163880808,0.025074651163880815,0.025074651163880815,0.02507465116388082,0.025074651163880822,0.025074651163880836,0.025074651163880836,0.025074651163880836,0.02507465116388084,0.025074651163880843,0.02507465116388085,0.025074651163880857,0.025074651163880853,0.02507465116388086,0.025074651163880867,0.025074651163880878,0.025074651163880874,0.02507465116388088,0.02507465116388089,0.025074651163880895,0.02507465116388091,0.025074651163880912,0.025074651163880912,0.025074651163880923,0.02507465116388093,0.025074651163880933,0.02507465116388094,0.025074651163880943,0.025074651163880947,0.025074651163880954,0.02507465116388096,0.025074651163880968,0.025074651163880968,0.025074651163880975,0.02507465116388098,0.02507465116388098,0.025074651163880985,0.025074651163880992,0.025074651163881002,0.025074651163881006,0.025074651163881013,0.025074651163881016,0.025074651163881023,0.02507465116388102,0.025074651163881027,0.025074651163881027,0.025074651163881034,0.02507465116388104,0.025074651163881048,0.02507465116388105,0.025074651163881058,0.02507465116388106,0.02507465116388107,0.02507465116388107,0.025074651163881075,0.025074651163881086,0.02507465116388109,0.0250746511638811,0.025074651163881106,0.025074651163881106,0.025074651163881113,0.025074651163881127,0.025074651163881127,0.025074651163881134,0.02507465116388114,0.025074651163881145,0.02507465116388115,0.025074651163881155,0.025074651163881165,0.025074651163881172,0.02507465116388118,0.025074651163881183,0.025074651163881186,0.025074651163881193,0.0250746511638812,0.025074651163881204,0.025074651163881207,0.025074651163881214,0.025074651163881218,0.025074651163881224,0.025074651163881224,0.025074651163881235,0.02507465116388124,0.025074651163881245,0.025074651163881252,0.025074651163881252,0.025074651163881256,0.02507465116388126,0.025074651163881273,0.02507465116388127,0.025074651163881283,0.025074651163881287,0.02507465116388129,0.025074651163881297,0.025074651163881304,0.025074651163881308,0.025074651163881308,0.025074651163881325,0.02507465116388133,0.025074651163881332,0.02507465116388134,0.025074651163881346,0.02507465116388135,0.025074651163881353,0.02507465116388136,0.025074651163881367,0.02507465116388137,0.025074651163881377,0.025074651163881384,0.02507465116388139,0.025074651163881398,0.0250746511638814,0.025074651163881405,0.025074651163881412,0.025074651163881422,0.02507465116388143,0.02507465116388143,0.025074651163881433,0.025074651163881436,0.025074651163881436,0.02507465116388145,0.025074651163881453,0.025074651163881457,0.02507465116388146,0.025074651163881467,0.02507465116388147,0.02507465116388148,0.025074651163881488,0.025074651163881495,0.0250746511638815,0.025074651163881502,0.025074651163881505,0.025074651163881512,0.02507465116388152,0.025074651163881526,0.02507465116388153,0.025074651163881547,0.025074651163881547,0.025074651163881547,0.025074651163881554,0.02507465116388156,0.025074651163881564,0.02507465116388157,0.025074651163881575,0.025074651163881585,0.025074651163881592,0.025074651163881596,0.025074651163881603,0.025074651163881606,0.025074651163881606,0.025074651163881613,0.025074651163881616,0.025074651163881623,0.025074651163881627,0.025074651163881634,0.025074651163881637,0.025074651163881644,0.02507465116388165,0.025074651163881655,0.025074651163881658,0.025074651163881665,0.025074651163881672,0.025074651163881675,0.02507465116388168,0.025074651163881693,0.025074651163881696,0.0250746511638817,0.025074651163881707,0.025074651163881714,0.025074651163881714,0.025074651163881717,0.02507465116388172,0.025074651163881734,0.025074651163881738,0.02507465116388174,0.02507465116388175,0.025074651163881755,0.025074651163881762,0.025074651163881766,0.02507465116388177,0.025074651163881776,0.02507465116388178,0.025074651163881786,0.02507465116388179,0.025074651163881797,0.0250746511638818,0.025074651163881807,0.025074651163881814,0.025074651163881818,0.02507465116388182,0.02507465116388182,0.025074651163881828,0.02507465116388184,0.025074651163881842,0.02507465116388185,0.025074651163881852,0.02507465116388186,0.025074651163881866,0.02507465116388187,0.025074651163881873,0.025074651163881873,0.025074651163881884,0.02507465116388189,0.025074651163881894,0.0250746511638819,0.025074651163881908,0.02507465116388191,0.02507465116388192,0.025074651163881925,0.025074651163881932,0.025074651163881936,0.02507465116388194,0.025074651163881946,0.02507465116388195,0.025074651163881957,0.02507465116388196,0.025074651163881967,0.02507465116388197,0.025074651163881977,0.025074651163881984,0.025074651163881988,0.02507465116388199,0.02507465116388199,0.025074651163882005,0.025074651163882,0.02507465116388201,0.025074651163882012,0.025074651163882026,0.025074651163882022,0.025074651163882033,0.02507465116388204,0.025074651163882047,0.025074651163882043,0.02507465116388205,0.025074651163882057,0.025074651163882074,0.02507465116388207,0.025074651163882078,0.02507465116388209,0.025074651163882085,0.0250746511638821,0.025074651163882102,0.025074651163882102,0.025074651163882106,0.025074651163882113,0.025074651163882127,0.025074651163882127,0.02507465116388213,0.02507465116388214,0.025074651163882144,0.025074651163882144,0.025074651163882154,0.02507465116388216,0.025074651163882158,0.02507465116388217,0.02507465116388217,0.025074651163882182,0.025074651163882182,0.025074651163882192,0.025074651163882192,0.025074651163882203,0.025074651163882203,0.025074651163882213,0.025074651163882217,0.025074651163882224,0.025074651163882234,0.025074651163882234,0.025074651163882238,0.02507465116388225,0.025074651163882255,0.025074651163882255,0.025074651163882265,0.025074651163882272,0.025074651163882276,0.02507465116388228,0.025074651163882293,0.02507465116388229,0.025074651163882307,0.025074651163882307,0.025074651163882317,0.025074651163882317,0.025074651163882328,0.025074651163882335,0.025074651163882338,0.025074651163882338,0.025074651163882345,0.025074651163882352,0.025074651163882355,0.025074651163882366,0.02507465116388237,0.025074651163882376,0.02507465116388238,0.02507465116388238,0.02507465116388239,0.025074651163882394,0.025074651163882394,0.025074651163882397,0.025074651163882404,0.025074651163882418,0.02507465116388242,0.025074651163882425,0.02507465116388243,0.025074651163882435,0.02507465116388244,0.025074651163882446,0.025074651163882446,0.025074651163882456,0.025074651163882463,0.025074651163882463,0.02507465116388247,0.025074651163882477,0.025074651163882477,0.025074651163882487,0.025074651163882494,0.025074651163882498,0.025074651163882505,0.0250746511638825,0.025074651163882515,0.02507465116388252,0.02507465116388252,0.02507465116388253,0.025074651163882536,0.025074651163882543,0.025074651163882543,0.02507465116388255,0.025074651163882557,0.02507465116388256,0.02507465116388256,0.025074651163882567,0.025074651163882578,0.02507465116388258,0.025074651163882588,0.025074651163882595,0.0250746511638826,0.025074651163882605,0.02507465116388261,0.025074651163882616,0.025074651163882623,0.02507465116388263,0.02507465116388263,0.02507465116388264,0.025074651163882643,0.02507465116388265,0.025074651163882654,0.02507465116388266,0.025074651163882668,0.025074651163882678,0.025074651163882675,0.02507465116388269,0.02507465116388269,0.025074651163882695,0.025074651163882702,0.025074651163882716,0.02507465116388272,0.02507465116388273,0.025074651163882734,0.025074651163882744,0.025074651163882744,0.025074651163882758,0.025074651163882758,0.02507465116388276,0.025074651163882772,0.025074651163882772,0.025074651163882775,0.025074651163882786,0.025074651163882793,0.025074651163882803,0.025074651163882803,0.02507465116388281,0.025074651163882817,0.025074651163882817,0.025074651163882824,0.025074651163882834,0.025074651163882838,0.025074651163882845,0.02507465116388285,0.025074651163882862,0.025074651163882865,0.025074651163882872,0.025074651163882876,0.025074651163882886,0.02507465116388289,0.025074651163882897,0.025074651163882907,0.02507465116388291,0.025074651163882918,0.02507465116388292,0.02507465116388293,0.02507465116388294,0.02507465116388295,0.02507465116388295,0.025074651163882956,0.02507465116388296,0.025074651163882966,0.02507465116388298,0.025074651163882983,0.025074651163882987,0.025074651163882987,0.025074651163882994,0.025074651163882997,0.025074651163883004,0.02507465116388301,0.025074651163883015,0.02507465116388302,0.025074651163883025,0.025074651163883032,0.025074651163883032,0.025074651163883053,0.025074651163883056,0.02507465116388306,0.025074651163883067,0.025074651163883067,0.02507465116388308,0.02507465116388308,0.025074651163883088,0.025074651163883094,0.025074651163883098,0.02507465116388311,0.025074651163883115,0.02507465116388312,0.02507465116388312,0.025074651163883126,0.025074651163883136,0.02507465116388314,0.025074651163883147,0.025074651163883153,0.025074651163883153,0.02507465116388316,0.025074651163883167,0.025074651163883174,0.025074651163883178,0.02507465116388318,0.025074651163883188,0.025074651163883188,0.02507465116388319,0.0250746511638832,0.025074651163883206,0.025074651163883216,0.025074651163883212,0.02507465116388322,0.02507465116388323,0.025074651163883233,0.025074651163883233,0.02507465116388324,0.025074651163883244,0.025074651163883254,0.02507465116388326,0.025074651163883268,0.02507465116388327,0.02507465116388328,0.025074651163883282,0.025074651163883285,0.025074651163883296,0.025074651163883292,0.025074651163883306,0.025074651163883306,0.025074651163883313,0.02507465116388332,0.025074651163883323,0.025074651163883327,0.025074651163883344,0.025074651163883348,0.025074651163883344,0.025074651163883365,0.025074651163883358,0.025074651163883376,0.02507465116388338,0.025074651163883382,0.02507465116388339,0.02507465116388339,0.025074651163883386,0.025074651163883393,0.025074651163883403,0.025074651163883403,0.02507465116388341,0.025074651163883414,0.02507465116388342,0.025074651163883424,0.025074651163883428,0.025074651163883434,0.025074651163883445,0.025074651163883445,0.02507465116388345,0.02507465116388345,0.025074651163883455,0.025074651163883466,0.025074651163883466,0.025074651163883473,0.02507465116388348,0.025074651163883487,0.025074651163883493,0.025074651163883497,0.0250746511638835,0.025074651163883514,0.025074651163883514,0.02507465116388352,0.025074651163883525,0.025074651163883528,0.025074651163883535,0.02507465116388354,0.025074651163883546,0.025074651163883556,0.025074651163883556,0.02507465116388356,0.025074651163883566,0.025074651163883566,0.025074651163883577,0.02507465116388358,0.025074651163883587,0.025074651163883594,0.025074651163883594,0.0250746511638836,0.025074651163883608,0.025074651163883615,0.02507465116388362,0.025074651163883622,0.02507465116388363,0.025074651163883632,0.02507465116388364,0.025074651163883646,0.02507465116388365,0.025074651163883653,0.02507465116388366,0.02507465116388367,0.02507465116388367,0.025074651163883674,0.025074651163883674,0.025074651163883684,0.025074651163883695,0.0250746511638837,0.025074651163883705,0.02507465116388372,0.025074651163883722,0.025074651163883726,0.02507465116388374,0.025074651163883743,0.025074651163883743,0.025074651163883754,0.025074651163883754,0.02507465116388377,0.02507465116388377,0.025074651163883778,0.02507465116388378,0.02507465116388379,0.025074651163883795,0.0250746511638838,0.025074651163883802,0.025074651163883806,0.025074651163883813,0.02507465116388382,0.025074651163883823,0.02507465116388383,0.025074651163883833,0.02507465116388384,0.02507465116388384,0.025074651163883858,0.025074651163883858,0.02507465116388386,0.025074651163883865,0.02507465116388388,0.025074651163883886,0.025074651163883886,0.0250746511638839,0.0250746511638839,0.025074651163883913,0.02507465116388392,0.025074651163883924,0.025074651163883924,0.02507465116388393,0.025074651163883944,0.025074651163883944,0.02507465116388395,0.025074651163883962,0.025074651163883962,0.025074651163883972,0.025074651163883972,0.025074651163883976,0.025074651163883986,0.025074651163883986,0.025074651163883993,0.025074651163883997,0.025074651163884003,0.025074651163884017,0.025074651163884017,0.025074651163884035,0.025074651163884035,0.025074651163884038,0.025074651163884052,0.025074651163884052,0.025074651163884056,0.02507465116388406,0.025074651163884066,0.02507465116388407,0.025074651163884076,0.025074651163884094,0.025074651163884094,0.025074651163884097,0.025074651163884108,0.025074651163884108,0.02507465116388411,0.025074651163884118,0.025074651163884125,0.025074651163884135,0.025074651163884135,0.025074651163884153,0.02507465116388415,0.025074651163884153,0.025074651163884167,0.025074651163884167,0.02507465116388417,0.025074651163884177,0.02507465116388418,0.025074651163884187,0.02507465116388419,0.025074651163884198,0.025074651163884205,0.025074651163884208,0.02507465116388422,0.025074651163884226,0.02507465116388423,0.02507465116388424,0.025074651163884246,0.02507465116388425,0.025074651163884253,0.02507465116388426,0.025074651163884267,0.02507465116388427,0.02507465116388428,0.02507465116388428,0.025074651163884284,0.02507465116388429,0.025074651163884295,0.02507465116388431,0.025074651163884312,0.02507465116388432,0.025074651163884323,0.025074651163884326,0.025074651163884343,0.02507465116388434,0.025074651163884347,0.025074651163884357,0.025074651163884357,0.025074651163884364,0.025074651163884364,0.02507465116388437,0.02507465116388438,0.02507465116388439,0.025074651163884396,0.025074651163884402,0.025074651163884402,0.02507465116388441,0.025074651163884413,0.02507465116388442,0.025074651163884423,0.02507465116388443,0.025074651163884437,0.02507465116388444,0.025074651163884448,0.025074651163884448,0.025074651163884455,0.025074651163884472,0.025074651163884472,0.025074651163884472,0.025074651163884472,0.025074651163884472,0.025074651163884475,0.025074651163884482,0.02507465116388449,0.025074651163884493,0.025074651163884496,0.025074651163884517,0.025074651163884513,0.02507465116388452,0.025074651163884524,0.025074651163884527,0.025074651163884534,0.02507465116388454,0.025074651163884548,0.025074651163884545,0.025074651163884562,0.025074651163884562,0.025074651163884576,0.025074651163884576,0.025074651163884583,0.025074651163884586,0.025074651163884593,0.025074651163884597,0.0250746511638846,0.025074651163884618,0.025074651163884618,0.025074651163884625,0.025074651163884635,0.025074651163884635,0.025074651163884642,0.02507465116388465,0.025074651163884656,0.02507465116388466,0.025074651163884666,0.025074651163884677,0.025074651163884677,0.02507465116388468,0.025074651163884694,0.025074651163884694,0.025074651163884708,0.025074651163884708,0.02507465116388472,0.02507465116388473,0.025074651163884736,0.02507465116388474,0.025074651163884742,0.02507465116388475,0.025074651163884767,0.02507465116388477,0.025074651163884777,0.025074651163884774,0.02507465116388478,0.025074651163884788,0.02507465116388479,0.02507465116388481,0.02507465116388481,0.02507465116388481,0.025074651163884815,0.02507465116388482,0.025074651163884822,0.02507465116388483,0.025074651163884836,0.025074651163884836,0.025074651163884843,0.025074651163884847,0.025074651163884853,0.02507465116388486,0.025074651163884864,0.02507465116388487,0.025074651163884874,0.02507465116388488,0.025074651163884888,0.025074651163884895,0.0250746511638849,0.02507465116388491,0.025074651163884912,0.025074651163884916,0.025074651163884926,0.02507465116388493,0.025074651163884933,0.025074651163884947,0.025074651163884958,0.02507465116388496,0.02507465116388496,0.025074651163884968,0.025074651163884968,0.025074651163884982,0.025074651163884985,0.025074651163885,0.025074651163885006,0.025074651163885006,0.025074651163885013,0.02507465116388502,0.02507465116388503,0.02507465116388504,0.025074651163885044,0.025074651163885058,0.02507465116388506,0.025074651163885072,0.02507465116388508,0.025074651163885082,0.025074651163885086,0.025074651163885093,0.025074651163885093,0.025074651163885103,0.025074651163885114,0.025074651163885117,0.025074651163885124,0.02507465116388513,0.025074651163885135,0.02507465116388514,0.025074651163885145,0.025074651163885152,0.025074651163885155,0.02507465116388516,0.025074651163885166,0.025074651163885176,0.02507465116388518,0.025074651163885183,0.025074651163885187,0.025074651163885204,0.025074651163885204,0.025074651163885207,0.02507465116388522,0.025074651163885225,0.025074651163885228,0.025074651163885228,0.025074651163885235,0.02507465116388524,0.025074651163885252,0.025074651163885263,0.025074651163885263,0.02507465116388527,0.025074651163885277,0.025074651163885284,0.02507465116388528,0.025074651163885287,0.02507465116388529,0.025074651163885308,0.02507465116388531,0.025074651163885315,0.02507465116388533,0.02507465116388533,0.025074651163885336,0.025074651163885336,0.02507465116388534,0.02507465116388535,0.02507465116388535,0.025074651163885367,0.025074651163885367,0.02507465116388537,0.02507465116388538,0.025074651163885388,0.025074651163885388,0.02507465116388539,0.025074651163885398,0.025074651163885405
5,0.0,0.0,0.0,0.0,0.0,0.0,0.0,0.0,0.0,0.0,0.0,0.0,0.0,0.0,0.0,0.0,0.0,0.0,0.0,0.0,0.0,0.0,0.0,0.0,0.0,0.0,0.0,0.0,0.0,0.0,0.0,0.0,0.0,0.0,0.0,0.0,0.0,0.0,0.0,0.0,0.0,0.0,0.0,0.0,0.0,0.0,0.0,0.0,0.0,0.0,0.0,0.0,0.0,0.0,0.0,0.0,0.0,0.0,0.0,0.0,0.0,0.0,0.0,0.0,0.0,0.0,0.0,0.0,0.0,0.0,0.0,0.0,0.0,0.0,0.0,0.0,0.0,0.0,0.0,0.0,0.0,0.0,0.0,0.0,0.0,0.0,0.0,0.0,0.0,0.0,0.0,0.0,0.0,0.0,0.0,0.0,0.0,0.0,0.0,0.0,0.0,0.0,0.0,0.0,0.0,0.0,0.0,0.0,0.0,0.0,0.0,0.0,0.0,0.0,0.0,0.0,0.0,0.0,0.0,0.0,0.0,0.0,0.0,0.0,0.0,0.0,0.0,0.0,0.0,0.0,0.0,0.0,0.0,0.0,0.0,0.0,0.0,0.0,0.0,0.0,0.0,0.0,0.0,0.0,0.0,0.0,0.0,0.0,0.0,0.0,0.0,0.0,0.0,0.0,0.0,0.0,0.0,0.0,0.0,0.0,0.0,0.0,0.0,0.0,0.0,0.0,0.0,0.0,0.0,0.0,0.0,0.0,0.0,0.0,0.0,0.0,0.0,0.0,0.0,0.0,0.0,0.0,0.0,0.0,0.0,0.0,0.0,0.0,0.0,0.0,0.0,0.0,0.0,0.0,0.0,0.0,0.0,0.0,0.0,0.0,0.0,0.0,0.0,0.0,0.0,0.0,0.0,0.0,0.0,0.0,0.0,0.0,0.0,0.0,0.0,0.0,0.0,0.0,0.0,0.0,0.0,0.0,0.0,0.0,0.0,0.0,0.0,0.0,0.0,0.0,0.0,0.0,0.0,0.0,0.0,0.0,0.0,0.0,0.0,0.0,0.0,0.0,0.0,0.0,0.0,0.0,0.0,0.0,0.0,0.0,0.0,0.0,0.0,0.0,0.0,0.0,0.0,0.0,0.0,0.0,0.0,0.0,0.0,0.0,0.0,0.0,0.0,0.0,0.0,0.0,0.0,0.0,0.0,0.0,0.0,0.0,0.0,0.0,0.0,0.0,0.0,0.0,0.0,0.0,0.0,0.0,0.0,0.0,0.0,0.0,0.0,0.0,0.0,0.0,0.0,0.0,0.0,0.0,0.0,0.0,0.0,0.0,0.0,0.0,0.0,0.0,0.0,0.0,0.0,0.0,0.0,0.0,0.0,0.0,0.0,0.0,0.0,0.0,0.0,0.0,0.0,0.0,0.0,0.0,0.0,0.0,0.0,0.0,0.0,0.0,0.0,0.0,0.0,0.0,0.0,0.0,0.0,0.0,0.0,0.0,0.0,0.0,0.0,0.0,0.0,0.0,0.0,0.0,0.0,0.0,0.0,0.0,0.0,0.0,0.0,0.0,0.0,0.0,0.0,0.0,0.0,0.0,0.0,0.0,0.0,0.0,0.0,0.0,0.0,0.0,0.0,0.0,0.0,0.0,0.0,0.0,0.0,0.0,0.0,0.0,0.0,0.0,0.0,0.0,0.0,0.0,0.0,0.0,0.0,0.0,0.0,0.0,0.0,0.0,0.0,0.0,0.0,0.0,0.0,0.0,0.0,0.0,0.0,0.0,0.0,0.0,0.0,0.0,0.0,0.0,0.0,0.0,0.0,0.0,0.0,0.0,0.0,0.0,0.0,0.0,0.0,0.0,0.0,0.0,0.0,0.0,0.0,0.0,0.0,0.0,0.0,0.0,0.0,0.0,0.0,0.0,0.0,0.0,0.0,0.0,0.0,0.0,0.0,0.0,0.0,0.0,0.0,0.0,0.0,0.0,0.0,0.0,0.0,0.0,0.0,0.0,0.0,0.0,0.0,0.0,0.0,0.0,0.0,0.0,0.0,0.0,0.0,0.0,0.0,0.0,0.0,0.0,0.0,0.0,0.0,0.0,0.0,0.0,0.0,0.0,0.0,0.0,0.0,0.0,0.0,0.0,0.0,0.0,0.0,0.0,0.0,0.0,0.0,0.0,0.0,0.0,0.0,0.0,0.0,0.0,0.0,0.0,0.0,0.0,0.0,0.0,0.0,0.0,0.0,0.0,0.0,0.0,0.0,0.0,0.0,0.0,0.0,0.0,0.0,0.0,0.0,0.0,0.0,0.0,0.0,0.0,0.0,0.0,0.0,0.0,0.0,0.0,0.0,0.0,0.0,0.0,0.0,0.0,0.0,0.0,0.0,0.0,0.0,0.0,0.0,0.0,0.0,0.0,0.0,0.0,0.0,0.0,0.0,0.0,0.0,0.0,0.0,0.0,0.0,0.0,0.0,0.0,0.0,0.0,0.0,0.0,0.0,0.0,0.0,0.0,0.0,0.0,0.0,0.0,0.0,0.0,0.0,0.0,0.0,0.0,0.0,0.0,0.0,0.0,0.0,0.0,0.0,0.0,0.0,0.0,0.0,0.0,0.0,0.0,0.0,0.0,0.0,0.0,0.0,0.0,0.0,0.0,0.0,0.0,0.0,0.0,0.0,0.0,0.0,0.0,0.0,0.0,0.0,0.0,0.0,0.0,0.0,0.0,0.0,0.0,0.0,0.0,0.0,0.0,0.0,0.0,0.0,0.0,0.0,0.0,0.0,0.0,0.0,0.0,0.0,0.0,0.0,0.0,0.0,0.0,0.0,0.0,0.0,0.0,0.0,0.0,0.0,0.0,0.0,0.0,0.0,0.0,0.0,0.0,0.0,0.0,0.0,0.0,0.0,0.0,0.0,0.0,0.0,0.0,0.0,0.0,0.0,0.0,0.0,0.0,0.0,0.0,0.0,0.0,0.0,0.0,0.0,0.0,0.0,0.0,0.0,0.0,0.0,0.0,0.0,0.0,0.0,0.0,0.0,0.0,0.0,0.0,0.0,0.0,0.0,0.0,0.0,0.0,0.0,0.0,0.0,0.0,0.0,0.0,0.0,0.0,0.0,0.0,0.0,0.0,0.0,0.0,0.0,0.0,0.0,0.0,0.0,0.0,0.0,0.0,0.0,0.0,0.0,0.0,0.0,0.0,0.0,0.0,0.0,0.0,0.0,0.0,0.0,0.0,0.0,0.0,0.0,0.0,0.0,0.0,0.0,0.0,0.0,0.0,0.0,0.0,0.0,0.0,0.0,0.0,0.0,0.0,0.0,0.0,0.0,0.0,0.0,0.0,0.0,0.0,0.0,0.0,0.0,0.0,0.0,0.0,0.0,0.0,0.0,0.0,0.0,0.0,0.0,0.0,0.0,0.0,0.0,0.0,0.0,0.0,0.0,0.0,0.0,0.0,0.0,0.0,0.0,0.0,0.0,0.0,0.0,0.0,0.0,0.0,0.0,0.0,0.0,0.0,0.0,0.0,0.0,0.0,0.0,0.0,0.0,0.0,0.0,0.0,0.0,0.0,0.0,0.0,0.0,0.0,0.0,0.0,0.0,0.0,0.0,0.0,0.0,0.0,0.0,0.0,0.0,0.0,0.0,0.0,0.0,0.0,0.0,0.0,0.0,0.0,0.0,0.0,0.0,0.0,0.0,0.0,0.0,0.0,0.0,0.0,0.0,0.0,0.0,0.0,0.0,0.0,0.0,0.0,0.0,0.0,0.0,0.0,0.0,0.0,0.0,0.0,0.0,0.0,0.0,0.0,0.0,0.0,0.0,0.0,0.0,0.0,0.0,0.0,0.0,0.0,0.0,0.0,0.0,0.0,0.0,0.0,0.0,0.0,0.0,0.0,0.0,0.0,0.0,0.0,0.0,0.0,0.0,0.0,0.0,0.0,0.0,0.0,0.0,0.0,0.0,0.0,0.0,0.0,0.0,0.0,0.0,0.0,0.0,0.0,0.0,0.0,0.0,0.0,0.0,0.0,0.0,0.0,0.0,0.0,0.0,0.0,0.0,0.0,0.0,0.0,0.0,0.0,0.0,0.0,0.0,0.0,0.0,0.0,0.0,0.0,0.0,0.0,0.0,0.0,0.0,0.0,0.0,0.0,0.0,0.0,0.0,0.0,0.0,0.0,0.0,0.0,0.0,0.0,0.0,0.0,0.0,0.0,0.0,0.0,0.0,0.0,0.0,0.0,0.0,0.0,0.0,0.0,0.0,0.0,0.0,0.0,0.0,0.0,0.0,0.0,0.0,0.0,0.0,0.0,0.0,0.0,0.0,0.0,0.0,0.0,0.0,0.0,0.0,0.0,0.0,0.0,0.0,0.0,0.0,0.0,0.0,0.0,0.0,0.0,0.0,0.0,2.89690834662253e-13,5.815078775808613e-13,8.754510632913314e-13,1.1715204190534483e-12,1.4697159412495017e-12,1.7700376262143549e-12,2.0724855020355324e-12,2.377059564374914e-12,2.6837597166400237e-12,2.992586049906893e-12,3.3035385593688785e-12,3.6166171462789954e-12,3.931821903655166e-12,4.249152826948406e-12,4.568609815811349e-12,4.89019293118462e-12,5.213902203663043e-12,5.539737627254624e-12,5.8676991010658525e-12,6.197786721025114e-12,6.530000479458128e-12,6.864340279050416e-12,7.200806179764462e-12,7.539398211147243e-12,7.880116303446793e-12,8.22296052130307e-12,8.567930790677575e-12,8.91502714306325e-12,9.264249610562304e-12,9.615598188770728e-12,9.969072769059112e-12,1.0324673453529109e-11,1.0682400167413039e-11,1.1042252978702652e-11,1.1404231811681956e-11,1.1768336736870556e-11,1.2134567674448098e-11,1.2502924658790105e-11,1.2873407725400238e-11,1.3246016792606153e-11,1.3620751895712322e-11,1.3997613068578281e-11,1.4376600232805676e-11,1.4757713461754336e-11,1.514095267261e-11,1.552631793914283e-11,1.5913809182171926e-11,1.630342647269006e-11,1.6695169807980772e-11,1.7089039072388324e-11,1.748503437448589e-11,1.788315563483188e-11,1.8283402887621498e-11,1.8685776168314475e-11,1.90902754730659e-11,1.9496900682072148e-11,1.9905651908122997e-11,2.0316529069636943e-11,2.072953224104897e-11,2.1144661340578928e-11,2.1561916450379877e-11,2.198129755433114e-11,2.2402804534126918e-11,2.2826437505466842e-11,2.3252196467936795e-11,2.3680081295391435e-11,2.4110092108810504e-11,2.4542228898864818e-11,2.4976491541377155e-11,2.5412880161875706e-11,2.585139474440922e-11,2.6292035169529725e-11,2.673480151475042e-11,2.717969381852029e-11,2.7626712078741136e-11,2.807585616315468e-11,2.8527126195889655e-11,2.8980522169899438e-11,2.9436043960909494e-11,2.9893691695412936e-11,3.0353465355217334e-11,3.081536482032912e-11,3.1279390226921444e-11,3.174554145652533e-11,3.221381860466719e-11,3.2684221584255727e-11,3.3156750433308124e-11,3.363140514818927e-11,3.410818577243733e-11,3.458709229507686e-11,3.5068124586469585e-11,3.5551282770524104e-11,3.603656684936011e-11,3.6523976684754614e-11,3.701351240511869e-11,3.750517391823943e-11,3.7998961309221774e-11,3.849487448563148e-11,3.899291352568639e-11,3.9493078440730384e-11,3.999536908526076e-11,4.049978554504554e-11,4.100632786607975e-11,4.1514995945846084e-11,4.2025789878107093e-11,4.253870966404778e-11,4.3053755281526817e-11,4.3570926558778737e-11,4.4090223673710717e-11,4.4611646624073414e-11,4.5135195398484906e-11,4.566086981544538e-11,4.6188670054800294e-11,4.6718596113350115e-11,4.72506478468705e-11,4.778482539370832e-11,4.8321128653359495e-11,4.8859557718753515e-11,4.940011249010895e-11,4.99427930636012e-11,5.048759933222769e-11,5.103453139704283e-11,5.158358914855896e-11,5.213477268412848e-11,5.2688081992002435e-11,5.3243516940977693e-11,5.3801077679809635e-11,5.4360764075629074e-11,5.492257618933366e-11,5.548651406584791e-11,5.605257760472556e-11,5.662076685064166e-11,5.719108185120074e-11,5.776352250065238e-11,5.833808888021226e-11,5.891478091871789e-11,5.949359864626724e-11,6.007454211179927e-11,6.06576113053463e-11,6.124280607904392e-11,6.183012652733482e-11,6.241957269891451e-11,6.301114448591887e-11,6.360484198814217e-11,6.420066520215225e-11,6.479861397046064e-11,6.539868844541871e-11,6.600088862199051e-11,6.660521433923095e-11,6.72116656986897e-11,6.782024275288632e-11,6.84309454758754e-11,6.904377374097816e-11,6.965872763389835e-11,7.027580720320718e-11,7.089501234116932e-11,7.151634315418316e-11,7.21397996075413e-11,7.276538158634213e-11,7.339308923288416e-11,7.402292242078136e-11,7.4654881259508e-11,7.528896564204403e-11,7.59251756719064e-11,7.656351123474495e-11,7.720397238219011e-11,7.784655911067124e-11,7.849127147209979e-11,7.913810946338862e-11,7.9787072914028e-11,8.043816193132027e-11,8.109137657176555e-11,8.17467167117828e-11,8.240418246430963e-11,8.306377371266872e-11,8.37254905663356e-11,8.438933290862808e-11,8.50553008480166e-11,8.572339426990607e-11,8.639361322607584e-11,8.706595776921777e-11,8.774042789637031e-11,8.841702343446406e-11,8.909574456158511e-11,8.977659124762267e-11,9.045956333530979e-11,9.114466098654146e-11,9.183188420517196e-11,9.252123281011322e-11,9.321270699252448e-11,9.390630672840846e-11,9.460203181835888e-11,9.529988247159578e-11,9.599985864712451e-11,9.670196018971694e-11,9.740618720910568e-11,9.811253970170079e-11,9.882101766390837e-11,9.953162115600874e-11,1.0024435004689472e-10,1.009592044604901e-10,1.0167618426569832e-10,1.0239528960367939e-10,1.0311652030889608e-10,1.0383987651907922e-10,1.0456535823640765e-10,1.0529296526495008e-10,1.0602269778981476e-10,1.0675455568241614e-10,1.0748853905741033e-10,1.0822464779970769e-10,1.0896288202527414e-10,1.0970324160290457e-10,1.1044572667936247e-10,1.1119033707805122e-10,1.1193707294627894e-10,1.1268593415162573e-10,1.1343692081911972e-10,1.1419003281674338e-10,1.14945270263286e-10,1.157026330388496e-10,1.1646212125031665e-10,1.1722373492896095e-10,1.1798747384487275e-10,1.1875333816299605e-10,1.1952132794352834e-10,1.2029144296739556e-10,1.2106368341520965e-10,1.218380492663046e-10,1.2261454036590447e-10,1.2339315688267165e-10,1.2417389880362952e-10,1.249567659467515e-10,1.257417584985515e-10,1.2652887631924059e-10,1.273181195294762e-10,1.2810948801336225e-10,1.2890298182338372e-10,1.2969860095595316e-10,1.3049634540751062e-10,1.312962152400446e-10,1.3209821031897437e-10,1.329023307980651e-10,1.3370857662289257e-10,1.3451694761643437e-10,1.3532744398196802e-10,1.3614006556710349e-10,1.369548125141577e-10,1.3777168480991208e-10,1.3859068225588176e-10,1.3941180505182645e-10,1.402350530535697e-10,1.4106042634809407e-10,1.4188792489116588e-10,1.4271754876788027e-10,1.435492978380488e-10,1.4438317221575847e-10,1.452191719511356e-10,1.4605729678575926e-10,1.4689754696330734e-10,1.4773992242713554e-10,1.4858442299351257e-10,1.4943104883351108e-10,1.502797999747058e-10,1.5113067641389096e-10,1.5198367815611826e-10,1.5283880487156128e-10,1.5369605687442474e-10,1.5455543402397577e-10,1.554169363851208e-10,1.5628056395426306e-10,1.571463167278267e-10,1.5801419470223677e-10,1.588841978739209e-10,1.5975632632810803e-10,1.6063058002229132e-10,1.615069587649841e-10,1.6238546276959853e-10,1.632660918749408e-10,1.6414884615605547e-10,1.6503372560941192e-10,1.6592073023143756e-10,1.6680986007368198e-10,1.6770111502253998e-10,1.685944951983382e-10,1.6949000045971935e-10,1.7038763094072724e-10,1.7128738650033626e-10,1.7218926724169163e-10,1.73093273085127e-10,1.7399940406506208e-10,1.7490766025171025e-10,1.7581804163289413e-10,1.7673054800157056e-10,1.776451795795711e-10,1.7856193618933214e-10,1.794808179913707e-10,1.8040182493832108e-10,1.8132495688315227e-10,1.822502140049737e-10,1.8317759630031732e-10,1.8410710371066968e-10,1.8503873605266657e-10,1.8597249356304694e-10,1.8690837623480524e-10,1.878463838369694e-10,1.8878651653939324e-10,1.8972877429682767e-10,1.9067315720977084e-10,1.916196652620138e-10,1.9256829840077777e-10,1.9351905642690922e-10,1.9447193959013719e-10,1.9542694772884194e-10,1.9638408099462448e-10,1.9734333923165083e-10,1.9830472253334954e-10,1.9926823110113515e-10,2.0023386445920926e-10,2.0120162297347852e-10,2.021715065921798e-10,2.0314351503936193e-10,2.0411764863286648e-10,2.0509390732039678e-10,2.060722908246146e-10,2.070527994648967e-10,2.080354331688725e-10,2.0902019169792618e-10,2.1000707532509121e-10,2.109960840149381e-10,2.119872175366757e-10,2.1298047613751951e-10,2.1397585963633036e-10,2.149733682152792e-10,2.1597300188907334e-10,2.1697476032720738e-10,2.179786438136891e-10,2.1898465219321954e-10,2.1999278561388163e-10,2.2100304392058382e-10,2.2201542726121596e-10,2.2302993548082673e-10,2.2404656871776956e-10,2.250653268360431e-10,2.260862099691783e-10,2.2710921797183104e-10,2.2813435099861848e-10,2.2916160887145795e-10,2.301909917131605e-10,2.3122249944187387e-10,2.3225613209307454e-10,2.3329188976785607e-10,2.3432977225369294e-10,2.353697796513522e-10,2.364119120303719e-10,2.3745616924122875e-10,2.385025513532518e-10,2.3955105844213325e-10,2.406016903459986e-10,2.4165444714034326e-10,2.427093288995961e-10,2.4376633546444086e-10,2.448254669820991e-10,2.458867234790776e-10,2.469501046732957e-10,2.480156107366558e-10,2.490832417492232e-10,2.5015299770803347e-10,2.512248785769047e-10,2.5229888408241154e-10,2.5337501451741955e-10,2.544532697222903e-10,2.555336498661416e-10,2.5661615489370354e-10,2.577007846211834e-10,2.587875392654281e-10,2.598764188154366e-10,2.609674230335387e-10,2.6206055207457336e-10,2.631558059349551e-10,2.642531846992648e-10,2.653526883574382e-10,2.6645431665516735e-10,2.6755806984562544e-10,2.686639479154773e-10,2.6977195061856726e-10,2.7088207818703104e-10,2.719943306314426e-10,2.731087077078511e-10,2.742252095680589e-10,2.753438362085405e-10,2.76464587625732e-10,2.7758746381609397e-10,2.787124647760612e-10,2.7983959050208195e-10,2.8096884099060567e-10,2.821002162380806e-10,2.832337162409065e-10,2.8436934099561395e-10,2.855070905952666e-10,2.8664696484324396e-10,2.8778896392993443e-10,2.8893308782646467e-10,2.9007933628800767e-10,2.9122770957150594e-10,2.923782074908002e-10,2.935308302228004e-10,2.946855775856486e-10,2.9584244975942464e-10,2.970014465516673e-10,2.981625681444039e-10,2.9932581435178473e-10,3.004911853956902e-10,3.0165868100418127e-10,3.0282830138847147e-10,3.0400004644188477e-10,3.0517391638045806e-10,3.0634991074881145e-10,3.075280298843951e-10,3.0870827379614825e-10,3.098906421970906e-10,3.1107513537805656e-10,3.1226175329802365e-10,3.1345049596739917e-10,3.146413630292546e-10,3.1583435482191003e-10,3.170294713566455e-10,3.1822671262712617e-10,3.194260782930146e-10,3.20627568675036e-10,3.218311836212912e-10,3.230369232939337e-10,3.242447875064056e-10,3.2545477641575195e-10,3.266668898802053e-10,3.278811280382488e-10,3.2909749074055683e-10,3.3031597814721193e-10,3.31536590073236e-10,3.3275932669464765e-10,3.3398418783016186e-10,3.352111736559509e-10,3.364402842389353e-10,3.3767151916258663e-10,3.3890487876309456e-10,3.4014036303674616e-10,3.4137797198094223e-10,3.4261770523938267e-10,3.4385956324411783e-10,3.451035459127377e-10,3.4634965315663236e-10,3.4759788469350767e-10,3.488482408789413e-10,3.501007217132937e-10,3.513553269213374e-10,3.5261205676854543e-10,3.538709110727682e-10,3.5513189001369205e-10,3.563949933999202e-10,3.576602214716604e-10,3.589275741625219e-10,3.6019705142297533e-10,3.6146865293184374e-10,3.627423790667354e-10,3.64018229615215e-10,3.652962047508309e-10,3.665763043247126e-10,3.6785852847857345e-10,3.6914287706372114e-10,3.704293502349905e-10,3.717179478172681e-10,3.7300866995908357e-10,3.7430151652431217e-10,3.7559648757407955e-10,3.7689358328277416e-10,3.781928032960644e-10,3.794941478650061e-10,3.8079761682595787e-10,3.8210321036618317e-10,3.834109284546992e-10,3.847207708108982e-10,3.8603273772595685e-10,3.8734682906913065e-10,3.8866304478861296e-10,3.8998138495529916e-10,3.9130184966643875e-10,3.9262443886213843e-10,3.9394915234990903e-10,3.9527599027063843e-10,3.966049526209145e-10,3.979360395447344e-10,3.9926925092433414e-10,4.0060458654318634e-10,4.0194204657697834e-10,4.0328163102269556e-10,4.0462333987672826e-10,4.0596717313557375e-10,4.073131308788786e-10,4.0866121311655565e-10,4.100114195692621e-10,4.113637504126459e-10,4.1271820578111747e-10,4.1407478539553126e-10,4.154334895015177e-10,4.167943178728744e-10,4.181572707179838e-10,4.195223480552884e-10,4.208895495358335e-10,4.2225887537883554e-10,4.2363032568825306e-10,4.2500390024580994e-10,4.2637959926098284e-10,4.2775742251897426e-10,4.291373702326561e-10,4.3051944236901675e-10,4.3190363865148127e-10,4.332899592681817e-10,4.346784043043365e-10,4.360689737746404e-10,4.374616673734564e-10,4.388564853965176e-10,4.4025342763224857e-10,4.4165249427668326e-10,4.430536851352608e-10,4.444570003957521e-10,4.4586244005583755e-10,4.472700038224702e-10,4.4867969199054326e-10,4.500915043447528e-10,4.515054411113996e-10,4.529215022801629e-10,4.543396874897102e-10,4.557599970076476e-10,4.5718243076929946e-10,4.586069889137192e-10,4.6003367139095334e-10,4.614624779550103e-10,4.6289340888413013e-10,4.643264639652774e-10,4.657616434143269e-10,4.671989469984763e-10,4.68638374828761e-10,4.700799271221649e-10,4.715236036568199e-10,4.729694042051321e-10,4.744173291742028e-10,4.758673783742624e-10,4.77319551608736e-10,4.787738490646932e-10,4.802302707386013e-10,4.816888166269348e-10,4.831494868314987e-10,4.84612281346449e-10,4.860771998577232e-10,4.87544242672939e-10,4.89013409581383e-10,4.904847006831258e-10,4.919581160412279e-10,4.934336557127302e-10,4.949113193737805e-10,4.963911073275094e-10,4.978730193437012e-10,4.993570556001517e-10,5.008432161278339e-10,5.023315006505302e-10,5.038219093348694e-10,5.053144422832412e-10,5.068090994910145e-10,5.083058806397722e-10,5.098047860426858e-10,5.113058154831912e-10,5.128089690642888e-10,5.143142467824118e-10,5.158216486340414e-10,5.173311746156593e-10,5.188428249347357e-10,5.203565991661095e-10,5.218724976094642e-10,5.233905200764035e-10,5.249106667668656e-10,5.26432937455346e-10,5.279573323887564e-10,5.294838512847159e-10,5.310124943888712e-10,5.325432614782161e-10,5.340761527954134e-10,5.356111682784972e-10,5.371483076319e-10,5.38687571175463e-10,5.402289589838077e-10,5.417724705697295e-10,5.433181063577143e-10,5.448658663259384e-10,5.464157501127398e-10,5.479677580784646e-10,5.495218899815838e-10,5.510781460645329e-10,5.526365262582246e-10,5.541970306035505e-10,5.557596586972805e-10,5.573244110713024e-10,5.588912872391959e-10,5.604602875258778e-10,5.620314119725503e-10,5.636046602253432e-10,5.651800324992364e-10,5.667575289472589e-10,5.68337149253063e-10,5.699188938175863e-10,5.715027623756192e-10,5.730887547033741e-10,5.746768711881727e-10,5.762671115127685e-10,5.778594760558231e-10,5.794539646019494e-10,5.810505768958933e-10,5.826493132625953e-10,5.842501735182025e-10,5.858531577493031e-10,5.87458266022553e-10,5.890654981942564e-10,5.90674854330925e-10,5.922863345331915e-10,5.938999385894756e-10,5.955156666001888e-10,5.971335185618795e-10,5.987534944710142e-10,6.00375594449564e-10,6.019998186071966e-10,6.036261665356748e-10,6.052546382006936e-10,6.068852337484569e-10,6.085179532438768e-10,6.101527966881849e-10,6.117897644589908e-10,6.134288558521321e-10,6.15070071044959e-10,6.167134100832548e-10,6.183588731639191e-10,6.200064600730785e-10,6.216561708806203e-10,6.233080057042875e-10,6.249619642982895e-10,6.266180470720977e-10,6.282762536677602e-10,6.299365839157104e-10,6.315990381519069e-10,6.332636161513048e-10,6.349303180210625e-10,6.36599143859229e-10,6.38270093459403e-10,6.399431670034203e-10,6.416183644544445e-10,6.432956856242819e-10,6.449751308120387e-10,6.466566996772673e-10,6.48340392459839e-10,6.500262090064099e-10,6.517141493884005e-10,6.53404213723727e-10,6.550964017661693e-10,6.567907136334762e-10,6.584871494685434e-10,6.601857089753582e-10,6.618863922965806e-10,6.63589199575512e-10,6.652941305153106e-10,6.670011854324177e-10,6.687103642977617e-10,6.70421666639429e-10,6.721350928964061e-10,6.738506428215519e-10,6.755683166577264e-10,6.772881143943761e-10,6.790100356688401e-10,6.807340808417062e-10,6.824602496647227e-10,6.841885423835028e-10,6.859189589821218e-10,6.876514991020296e-10,6.893861631590121e-10,6.911229510888188e-10,6.928618628839657e-10,6.946028980180408e-10,6.963460570136461e-10,6.980913398688008e-10,6.998387465760545e-10,7.015882766681683e-10,7.033399305897322e-10,7.050937083575783e-10,7.068496099177449e-10,7.086076349118719e-10,7.103677837695316e-10,7.121300564593614e-10,7.138944529752945e-10,7.156609728158072e-10,7.174296165387953e-10,7.192003840203659e-10,7.209732749588086e-10,7.227482899507927e-10,7.245254285393435e-10,7.263046905443554e-10,7.280860762675816e-10,7.298695856324366e-10,7.316552187436489e-10,7.334429756924799e-10,7.352328560712636e-10,7.370248602446504e-10,7.388189881864866e-10,7.406152395478858e-10,7.424136146728914e-10,7.442141134878768e-10,7.46016735800345e-10,7.478214815569248e-10,7.49628351353105e-10,7.514373445849028e-10,7.532484614255522e-10,7.550617019489225e-10,7.568770664422574e-10,7.586945541731416e-10,7.605141658765031e-10,7.623359012543753e-10,7.64159759844595e-10,7.659857421796709e-10,7.678138481017981e-10,7.696440775070633e-10,7.714764306001686e-10,7.733109071979176e-10,7.751475074935497e-10,7.769862315094627e-10,7.788270792268801e-10,7.806700501685746e-10,7.825151447796346e-10,7.843623628719855e-10,7.862117046441403e-10,7.880631698732516e-10,7.899167587828558e-10,7.91772471615442e-10,7.936303078665601e-10,7.954902673281329e-10,7.973523504711065e-10,7.992165573169784e-10,8.010828877554857e-10,8.029513413940423e-10,8.048219188704383e-10,8.066946195761221e-10,8.085694439254482e-10,8.104463916845543e-10,8.12325463093856e-10,8.142066578921975e-10,8.160899763434347e-10,8.179754181671195e-10,8.198629835692119e-10,8.217526724042355e-10,8.236444848508776e-10,8.255384206834138e-10,8.274344801082925e-10,8.293326629243744e-10,8.312329692269395e-10,8.331353991303167e-10,8.350399526617207e-10,8.369466294034073e-10,8.388554295803865e-10,8.407663532636969e-10,8.426794005246879e-10,8.445945711359133e-10,8.465118654194008e-10,8.484312832101002e-10,8.503528241875453e-10,8.522764887107011e-10,8.542022766612172e-10,8.561301879732935e-10,8.580602228553698e-10,8.599923812559838e-10,8.619266628714246e-10,8.638630680366922e-10,8.658015965035972e-10,8.677422485607314e-10,8.696850238652167e-10,8.716299227100531e-10,8.735769451057934e-10,8.755260906408116e-10,8.774773597344919e-10,8.79430752072332e-10,8.813862679670664e-10,8.833439070938355e-10,8.85303669704518e-10,8.872655556064068e-10,8.892295650226189e-10,8.911956979307504e-10,8.931639539692019e-10,8.951343334629448e-10,8.971068365699867e-10,8.990814627138863e-10,9.010582123207244e-10,9.030370851840897e-10,9.050180814018734e-10,9.070012011199087e-10,9.089864443014557e-10,9.109738109424492e-10,9.129633005443211e-10,9.149549136387805e-10,9.169486501634863e-10,9.189445097666766e-10,9.209424929632176e-10,9.229425996120646e-10,9.249448291857143e-10,9.269491821636377e-10,9.28955658586244e-10,9.309642580329037e-10,9.329749808512114e-10,9.349878271186004e-10,9.3700279653839e-10,9.390198889892544e-10,9.410391052722416e-10,9.430604445680368e-10,9.45083907285903e-10,9.471094931484943e-10,9.491372024278657e-10,9.511670351198616e-10,9.531989908069426e-10,9.552330698324877e-10,9.572692723260466e-10,9.593075978063291e-10,9.613480467519519e-10,9.633906187436617e-10,9.654353141954525e-10,9.674821326846569e-10,9.69531074621939e-10,9.715821398080098e-10,9.736353284752853e-10,9.756906399187234e-10,9.777480745929728e-10,9.798076328329732e-10,9.818693139551216e-10,9.83933118516311e-10,9.859990463253399e-10,9.88067097095283e-10,9.901372710135315e-10,9.92209568435313e-10,9.942839888215735e-10,9.963605324062444e-10,9.98439199185873e-10,1.000519989296203e-09,1.0026029026434212e-09,1.004687938987593e-09,1.0067750985294232e-09,1.008864381597556e-09,1.0109557874751433e-09,1.013049316663463e-09,1.015144968879212e-09,1.0172427447998992e-09,1.0193426433403432e-09,1.0214446651468969e-09,1.0235488099979036e-09,1.0256550781226858e-09,1.0277634701552907e-09,1.0298739844468256e-09,1.0319866220020324e-09,1.0341013825694303e-09,1.0362182664087355e-09,1.0383372732379522e-09,1.0404584032726802e-09,1.0425816566208413e-09,1.0447070328175883e-09,1.0468345322781682e-09,1.0489641550080953e-09,1.0510959005411818e-09,1.0532297693407574e-09,1.0553657613766084e-09,1.057503876214896e-09,1.0596441143183456e-09,1.0617864753426375e-09,1.0639309596204914e-09,1.0660775668169656e-09,1.0682262971569678e-09,1.070377150511687e-09,1.072530127062735e-09,1.0746852267937933e-09,1.0768424493603101e-09,1.0790017950798098e-09,1.0811632640519559e-09,1.0833268557991785e-09,1.0854925707437094e-09,1.0876604088735896e-09,1.0898303697703777e-09,1.0920024538724683e-09,1.0941766608517204e-09,1.0963529909925788e-09,1.0985314443976695e-09,1.1007120204748415e-09,1.1028947193006807e-09,1.1050795417087255e-09,1.107266486852284e-09,1.1094555551697777e-09,1.1116467463405722e-09,1.113840060645437e-09,1.1160354980874734e-09,1.1182330582731246e-09,1.1204327416021817e-09,1.1226345480671722e-09,1.1248384776100807e-09,1.1270445297677266e-09,1.1292527050426692e-09,1.1314630031652871e-09,1.133675424409945e-09,1.1358899687267632e-09,1.1381066357712036e-09,1.1403254259009504e-09,1.1425463393035447e-09,1.1447693752389e-09,1.1469945340155947e-09,1.1492218162062086e-09,1.151451221001127e-09,1.1536827489019638e-09,1.1559163999521852e-09,1.1581521735759654e-09,1.1603900702950986e-09,1.162630090203617e-09,1.1648722326252501e-09,1.1671164980871292e-09,1.1693628866926087e-09,1.1716113978809344e-09,1.1738620319745517e-09,1.1761147894788802e-09,1.1783696697598642e-09,1.1806266725891696e-09,1.1828857984008067e-09,1.1851470470295585e-09,1.1874104186322798e-09,1.1896759132681202e-09,1.1919435309279952e-09,1.1942132711149144e-09,1.1964851342654597e-09,1.1987591204388583e-09,1.2010352296200361e-09,1.203313461310003e-09,1.2055938159029172e-09,1.207876294103073e-09,1.210160895309037e-09,1.2124476189448631e-09,1.2147364649375664e-09,1.2170274340799606e-09,1.2193205259539103e-09,1.2216157407557982e-09,1.2239130781276488e-09,1.2262125387795897e-09,1.2285141221958881e-09,1.2308178280661615e-09,1.2331236574269254e-09,1.2354316092435593e-09,1.237741683581405e-09,1.2400538806581746e-09,1.2423682009073724e-09,1.2446846436810878e-09,1.247003209437483e-09,1.2493238978179825e-09,1.2516467090504014e-09,1.2539716433074832e-09,1.2562987000724181e-09,1.2586278793438798e-09,1.2609591816807388e-09,1.2632926069231157e-09,1.2656281550454435e-09,1.2679658260817831e-09,1.2703056195225694e-09,1.2726475364282858e-09,1.2749915762370038e-09,1.2773377383468797e-09,1.2796860228376646e-09,1.2820364301901821e-09,1.2843889604176334e-09,1.2867436135718989e-09,1.2891003890566393e-09,1.29145928743164e-09,1.2938203083924507e-09,1.296183452195161e-09,1.2985487186182762e-09,1.3009161082613318e-09,1.3032856202548542e-09,1.3056572548461478e-09,1.3080310124391354e-09,1.3104068927739816e-09,1.3127848955025506e-09,1.3151650207360473e-09,1.3175472691135022e-09,1.319931639947875e-09,1.3223181334123516e-09,1.3247067496331202e-09,1.3270974886663167e-09,1.3294903506127426e-09,1.3318853348883073e-09,1.3342824419943837e-09,1.3366816728663307e-09,1.339083025166585e-09,1.3414864999463135e-09,1.34389209768583e-09,1.3462998190018683e-09,1.3487096619527603e-09,1.35112162833131e-09,1.3511216283313102e-09,1.3511216283313104e-09,1.3511216283313102e-09,1.3511216283313102e-09,1.3511216283313102e-09,1.3511216283313104e-09,1.3511216283313106e-09,1.3511216283313104e-09,1.351121628331311e-09,1.351121628331311e-09,1.351121628331311e-09,1.351121628331311e-09,1.351121628331311e-09,1.351121628331311e-09,1.351121628331311e-09,1.351121628331311e-09,1.3511216283313112e-09,1.351121628331311e-09,1.351121628331311e-09,1.351121628331311e-09,1.351121628331311e-09,1.3511216283313112e-09,1.351121628331311e-09,1.3511216283313112e-09,1.351121628331311e-09,1.3511216283313112e-09,1.3511216283313112e-09,1.3511216283313106e-09,1.3511216283313106e-09,1.3511216283313106e-09,1.3511216283313106e-09,1.3511216283313106e-09,1.3511216283313108e-09,1.3511216283313108e-09,1.3511216283313108e-09,1.3511216283313106e-09,1.3511216283313106e-09,1.3511216283313108e-09,1.3511216283313108e-09,1.3511216283313108e-09,1.3511216283313108e-09,1.3511216283313104e-09,1.3511216283313104e-09,1.351121628331311e-09,1.351121628331311e-09,1.351121628331311e-09,1.351121628331311e-09,1.351121628331311e-09,1.3511216283313112e-09,1.3511216283313106e-09,1.3511216283313108e-09,1.3511216283313108e-09,1.3511216283313106e-09,1.3511216283313108e-09,1.351121628331311e-09,1.351121628331311e-09,1.351121628331311e-09,1.351121628331311e-09,1.351121628331311e-09,1.351121628331311e-09,1.351121628331311e-09,1.3511216283313112e-09,1.3511216283313112e-09,1.3511216283313112e-09,1.351121628331311e-09,1.351121628331311e-09,1.351121628331311e-09,1.351121628331311e-09,1.3511216283313108e-09,1.3511216283313108e-09,1.3511216283313108e-09,1.3511216283313108e-09,1.3511216283313108e-09,1.3511216283313108e-09,1.3511216283313108e-09,1.3511216283313108e-09,1.3511216283313108e-09,1.3511216283313108e-09,1.3511216283313108e-09,1.3511216283313108e-09,1.3511216283313108e-09,1.351121628331311e-09,1.351121628331311e-09,1.3511216283313108e-09,1.3511216283313106e-09,1.3511216283313106e-09,1.3511216283313106e-09,1.3511216283313106e-09,1.3511216283313106e-09,1.351121628331311e-09,1.351121628331311e-09,1.351121628331311e-09,1.351121628331311e-09,1.351121628331311e-09,1.351121628331311e-09,1.351121628331311e-09,1.351121628331311e-09,1.351121628331311e-09,1.351121628331311e-09,1.351121628331311e-09,1.351121628331311e-09,1.351121628331311e-09,1.351121628331311e-09,1.351121628331311e-09,1.351121628331311e-09,1.351121628331311e-09,1.351121628331311e-09,1.3511216283313114e-09,1.351121628331311e-09,1.351121628331311e-09,1.351121628331311e-09,1.3511216283313114e-09,1.351121628331311e-09,1.351121628331311e-09,1.3511216283313112e-09,1.351121628331311e-09,1.3511216283313114e-09,1.3511216283313114e-09,1.351121628331311e-09,1.351121628331311e-09,1.351121628331311e-09,1.351121628331311e-09,1.3511216283313112e-09,1.3511216283313112e-09,1.3511216283313112e-09,1.3511216283313112e-09,1.3511216283313112e-09,1.3511216283313112e-09,1.3511216283313112e-09,1.3511216283313112e-09,1.3511216283313112e-09,1.3511216283313112e-09,1.3511216283313112e-09,1.3511216283313112e-09,1.3511216283313112e-09,1.3511216283313112e-09,1.3511216283313112e-09,1.3511216283313112e-09,1.3511216283313112e-09,1.3511216283313112e-09,1.3511216283313112e-09,1.3511216283313116e-09,1.3511216283313112e-09,1.3511216283313112e-09,1.3511216283313112e-09,1.3511216283313112e-09,1.3511216283313112e-09,1.3511216283313112e-09,1.3511216283313114e-09,1.3511216283313112e-09,1.3511216283313114e-09,1.3511216283313114e-09,1.3511216283313112e-09,1.3511216283313116e-09,1.3511216283313112e-09,1.3511216283313112e-09,1.3511216283313112e-09,1.3511216283313112e-09,1.3511216283313112e-09,1.3511216283313112e-09,1.3511216283313112e-09,1.3511216283313112e-09,1.3511216283313112e-09,1.3511216283313112e-09,1.3511216283313116e-09,1.3511216283313112e-09,1.3511216283313112e-09,1.3511216283313112e-09,1.3511216283313112e-09,1.3511216283313112e-09,1.3511216283313112e-09,1.3511216283313112e-09,1.3511216283313112e-09,1.3511216283313112e-09,1.3511216283313112e-09,1.3511216283313116e-09,1.351121628331311e-09,1.351121628331311e-09,1.3511216283313112e-09,1.351121628331311e-09,1.3511216283313112e-09,1.3511216283313112e-09,1.3511216283313108e-09,1.3511216283313116e-09,1.3511216283313112e-09,1.3511216283313112e-09,1.3511216283313112e-09,1.3511216283313108e-09,1.3511216283313108e-09,1.3511216283313108e-09,1.3511216283313108e-09,1.3511216283313108e-09,1.3511216283313108e-09,1.3511216283313108e-09,1.3511216283313108e-09,1.3511216283313108e-09,1.3511216283313108e-09,1.3511216283313108e-09,1.3511216283313106e-09,1.3511216283313106e-09,1.3511216283313108e-09,1.3511216283313108e-09,1.3511216283313108e-09,1.3511216283313108e-09,1.3511216283313108e-09,1.3511216283313108e-09,1.3511216283313108e-09,1.3511216283313108e-09,1.3511216283313106e-09,1.3511216283313106e-09,1.3511216283313108e-09,1.3511216283313108e-09,1.3511216283313108e-09,1.3511216283313108e-09,1.3511216283313108e-09,1.3511216283313108e-09,1.3511216283313108e-09,1.3511216283313108e-09,1.3511216283313108e-09,1.3511216283313108e-09,1.3511216283313108e-09,1.3511216283313106e-09,1.3511216283313108e-09,1.3511216283313108e-09,1.3511216283313106e-09,1.3511216283313112e-09,1.3511216283313112e-09,1.3511216283313112e-09,1.3511216283313112e-09,1.3511216283313112e-09,1.3511216283313112e-09,1.3511216283313112e-09,1.3511216283313112e-09,1.3511216283313112e-09,1.3511216283313112e-09,1.3511216283313112e-09,1.3511216283313112e-09,1.3511216283313112e-09,1.3511216283313112e-09,1.3511216283313112e-09,1.3511216283313112e-09,1.3511216283313112e-09,1.3511216283313112e-09,1.3511216283313112e-09,1.3511216283313108e-09,1.3511216283313108e-09,1.3511216283313108e-09,1.3511216283313108e-09,1.3511216283313108e-09,1.3511216283313108e-09,1.3511216283313108e-09,1.3511216283313108e-09,1.3511216283313106e-09,1.3511216283313106e-09,1.3511216283313106e-09,1.3511216283313106e-09,1.3511216283313106e-09,1.3511216283313108e-09,1.3511216283313108e-09,1.3511216283313108e-09,1.3511216283313108e-09,1.3511216283313108e-09,1.3511216283313108e-09,1.3511216283313106e-09,1.3511216283313106e-09,1.3511216283313106e-09,1.3511216283313106e-09,1.3511216283313108e-09,1.3511216283313108e-09,1.3511216283313108e-09,1.3511216283313106e-09,1.3511216283313106e-09,1.3511216283313108e-09,1.3511216283313108e-09,1.3511216283313108e-09,1.3511216283313108e-09,1.3511216283313108e-09,1.3511216283313106e-09,1.3511216283313106e-09,1.3511216283313108e-09,1.3511216283313108e-09,1.3511216283313108e-09,1.3511216283313108e-09,1.3511216283313108e-09,1.3511216283313108e-09,1.3511216283313108e-09,1.3511216283313108e-09,1.3511216283313108e-09,1.3511216283313106e-09,1.3511216283313106e-09,1.3511216283313106e-09,1.3511216283313106e-09,1.3511216283313106e-09,1.3511216283313108e-09,1.3511216283313108e-09,1.3511216283313108e-09,1.3511216283313108e-09,1.3511216283313108e-09,1.3511216283313108e-09,1.3511216283313106e-09,1.3511216283313108e-09,1.3511216283313108e-09,1.3511216283313108e-09,1.3511216283313108e-09,1.3511216283313108e-09,1.3511216283313108e-09,1.3511216283313108e-09,1.3511216283313108e-09,1.3511216283313108e-09,1.3511216283313106e-09,1.3511216283313106e-09,1.3511216283313106e-09,1.3511216283313106e-09,1.3511216283313108e-09,1.3511216283313108e-09,1.3511216283313108e-09,1.3511216283313106e-09,1.3511216283313106e-09,1.3511216283313106e-09,1.3511216283313106e-09,1.3511216283313106e-09,1.3511216283313106e-09,1.3511216283313106e-09,1.3511216283313106e-09,1.3511216283313106e-09,1.3511216283313106e-09,1.3511216283313106e-09,1.3511216283313106e-09,1.3511216283313106e-09,1.3511216283313106e-09,1.3511216283313106e-09,1.3511216283313106e-09,1.3511216283313106e-09,1.3511216283313106e-09,1.3511216283313106e-09,1.3511216283313106e-09,1.3511216283313106e-09,1.3511216283313106e-09,1.3511216283313106e-09,1.3511216283313106e-09,1.3511216283313106e-09,1.3511216283313106e-09,1.3511216283313106e-09,1.3511216283313106e-09,1.3511216283313106e-09,1.3511216283313106e-09,1.3511216283313106e-09,1.3511216283313106e-09,1.3511216283313106e-09,1.3511216283313106e-09,1.3511216283313106e-09,1.3511216283313106e-09,1.3511216283313106e-09,1.3511216283313106e-09,1.3511216283313106e-09,1.3511216283313106e-09,1.3511216283313106e-09,1.3511216283313106e-09,1.3511216283313106e-09,1.3511216283313106e-09,1.3511216283313106e-09,1.3511216283313106e-09,1.3511216283313106e-09,1.3511216283313108e-09,1.3511216283313108e-09,1.3511216283313106e-09,1.3511216283313106e-09,1.3511216283313108e-09,1.3511216283313106e-09,1.3511216283313108e-09,1.3511216283313108e-09,1.3511216283313106e-09,1.3511216283313108e-09,1.3511216283313108e-09,1.3511216283313108e-09,1.3511216283313108e-09,1.3511216283313108e-09,1.3511216283313108e-09,1.3511216283313108e-09,1.3511216283313106e-09,1.3511216283313108e-09,1.3511216283313108e-09,1.3511216283313108e-09,1.3511216283313108e-09,1.3511216283313106e-09,1.3511216283313106e-09,1.3511216283313106e-09,1.3511216283313106e-09,1.3511216283313106e-09,1.3511216283313104e-09,1.3511216283313106e-09,1.3511216283313106e-09,1.3511216283313106e-09,1.3511216283313106e-09,1.3511216283313106e-09,1.3511216283313106e-09,1.3511216283313106e-09,1.3511216283313106e-09,1.3511216283313106e-09,1.3511216283313106e-09,1.3511216283313106e-09,1.3511216283313106e-09,1.3511216283313106e-09,1.3511216283313106e-09,1.3511216283313106e-09,1.3511216283313106e-09,1.3511216283313106e-09,1.3511216283313106e-09,1.3511216283313106e-09,1.3511216283313106e-09,1.3511216283313104e-09,1.3511216283313106e-09,1.3511216283313106e-09,1.3511216283313106e-09,1.3511216283313104e-09,1.3511216283313106e-09,1.3511216283313104e-09,1.3511216283313106e-09,1.3511216283313106e-09,1.3511216283313106e-09,1.3511216283313106e-09,1.3511216283313104e-09,1.3511216283313106e-09,1.3511216283313106e-09,1.3511216283313106e-09,1.3511216283313106e-09,1.3511216283313106e-09,1.3511216283313106e-09,1.3511216283313106e-09,1.3511216283313106e-09,1.3511216283313106e-09,1.3511216283313106e-09,1.3511216283313108e-09,1.3511216283313108e-09,1.3511216283313106e-09,1.3511216283313106e-09,1.3511216283313106e-09,1.3511216283313108e-09,1.3511216283313108e-09,1.3511216283313106e-09,1.3511216283313108e-09,1.3511216283313106e-09,1.3511216283313106e-09,1.3511216283313108e-09,1.3511216283313106e-09,1.3511216283313106e-09,1.3511216283313108e-09,1.3511216283313108e-09,1.3511216283313108e-09,1.3511216283313106e-09,1.3511216283313108e-09,1.3511216283313108e-09,1.3511216283313108e-09,1.3511216283313108e-09,1.3511216283313108e-09,1.3511216283313108e-09,1.3511216283313108e-09,1.3511216283313108e-09,1.3511216283313108e-09,1.3511216283313106e-09,1.3511216283313106e-09,1.3511216283313108e-09,1.3511216283313108e-09,1.3511216283313106e-09,1.3511216283313108e-09,1.3511216283313108e-09,1.3511216283313108e-09,1.3511216283313106e-09,1.3511216283313108e-09,1.3511216283313108e-09,1.3511216283313106e-09,1.3511216283313108e-09,1.3511216283313108e-09,1.3511216283313108e-09,1.3511216283313108e-09,1.3511216283313108e-09,1.3511216283313108e-09,1.3511216283313108e-09,1.3511216283313108e-09,1.3511216283313108e-09,1.3511216283313108e-09,1.3511216283313108e-09,1.3511216283313106e-09,1.3511216283313106e-09,1.3511216283313108e-09,1.3511216283313108e-09,1.3511216283313106e-09,1.3511216283313106e-09,1.3511216283313106e-09,1.3511216283313106e-09,1.3511216283313106e-09,1.3511216283313106e-09,1.3511216283313106e-09,1.3511216283313106e-09,1.3511216283313106e-09,1.3511216283313106e-09,1.3511216283313106e-09,1.3511216283313106e-09,1.3511216283313108e-09,1.3511216283313106e-09,1.3511216283313106e-09,1.3511216283313106e-09,1.3511216283313106e-09,1.3511216283313106e-09,1.3511216283313106e-09,1.3511216283313108e-09,1.3511216283313108e-09,1.3511216283313108e-09,1.3511216283313108e-09,1.3511216283313108e-09,1.3511216283313106e-09,1.3511216283313106e-09,1.3511216283313108e-09,1.3511216283313108e-09,1.3511216283313108e-09,1.3511216283313108e-09,1.3511216283313108e-09,1.3511216283313108e-09,1.3511216283313108e-09,1.3511216283313108e-09,1.3511216283313108e-09,1.3511216283313106e-09,1.3511216283313108e-09,1.3511216283313108e-09,1.3511216283313106e-09,1.3511216283313108e-09,1.3511216283313108e-09,1.3511216283313108e-09,1.3511216283313108e-09,1.3511216283313106e-09,1.3511216283313108e-09,1.3511216283313108e-09,1.3511216283313108e-09,1.3511216283313106e-09,1.3511216283313106e-09,1.3511216283313106e-09,1.3511216283313106e-09,1.3511216283313106e-09,1.3511216283313106e-09,1.3511216283313106e-09,1.3511216283313106e-09,1.3511216283313106e-09,1.3511216283313106e-09,1.3511216283313106e-09,1.3511216283313106e-09,1.3511216283313106e-09,1.3511216283313106e-09,1.3511216283313106e-09,1.3511216283313106e-09,1.3511216283313106e-09,1.3511216283313106e-09,1.3511216283313106e-09,1.3511216283313106e-09,1.3511216283313106e-09,1.3511216283313106e-09,1.3511216283313106e-09,1.3511216283313106e-09,1.3511216283313106e-09,1.3511216283313106e-09,1.3511216283313106e-09,1.3511216283313106e-09,1.3511216283313106e-09,1.3511216283313106e-09,1.3511216283313106e-09,1.3511216283313108e-09,1.3511216283313106e-09,1.3511216283313106e-09,1.3511216283313106e-09,1.3511216283313106e-09,1.3511216283313106e-09,1.3511216283313106e-09,1.3511216283313108e-09,1.3511216283313108e-09,1.3511216283313106e-09,1.3511216283313108e-09,1.3511216283313108e-09,1.3511216283313106e-09,1.3511216283313106e-09,1.3511216283313108e-09,1.3511216283313106e-09,1.3511216283313108e-09,1.3511216283313108e-09,1.3511216283313106e-09,1.3511216283313108e-09,1.3511216283313106e-09,1.3511216283313108e-09,1.3511216283313108e-09,1.3511216283313106e-09,1.3511216283313108e-09,1.3511216283313106e-09,1.3511216283313108e-09,1.3511216283313108e-09,1.3511216283313106e-09,1.3511216283313108e-09,1.3511216283313108e-09,1.3511216283313108e-09,1.3511216283313108e-09,1.3511216283313108e-09,1.3511216283313108e-09,1.3511216283313108e-09,1.3511216283313108e-09,1.3511216283313108e-09,1.3511216283313108e-09,1.3511216283313108e-09,1.3511216283313108e-09,1.3511216283313108e-09,1.3511216283313108e-09,1.3511216283313108e-09,1.3511216283313108e-09,1.3511216283313108e-09,1.3511216283313108e-09,1.3511216283313108e-09,1.3511216283313108e-09,1.3511216283313108e-09,1.3511216283313108e-09,1.3511216283313108e-09,1.3511216283313108e-09,1.3511216283313108e-09,1.3511216283313108e-09,1.3511216283313108e-09,1.3511216283313108e-09,1.3511216283313108e-09,1.3511216283313108e-09,1.3511216283313108e-09,1.3511216283313108e-09,1.3511216283313108e-09,1.3511216283313108e-09,1.3511216283313108e-09,1.3511216283313108e-09,1.3511216283313108e-09,1.3511216283313108e-09,1.3511216283313108e-09,1.3511216283313108e-09,1.3511216283313108e-09,1.3511216283313106e-09,1.3511216283313106e-09,1.3511216283313106e-09,1.3511216283313106e-09,1.3511216283313106e-09,1.3511216283313108e-09,1.3511216283313108e-09,1.3511216283313106e-09,1.3511216283313106e-09,1.3511216283313106e-09,1.3511216283313108e-09,1.3511216283313106e-09,1.3511216283313108e-09,1.3511216283313108e-09,1.3511216283313108e-09,1.3511216283313106e-09,1.3511216283313108e-09,1.3511216283313108e-09,1.3511216283313108e-09,1.3511216283313106e-09,1.3511216283313108e-09,1.3511216283313108e-09,1.3511216283313108e-09,1.3511216283313108e-09,1.3511216283313108e-09,1.3511216283313108e-09,1.3511216283313108e-09,1.3511216283313108e-09,1.3511216283313108e-09,1.3511216283313108e-09,1.3511216283313108e-09,1.3511216283313108e-09,1.3511216283313108e-09,1.3511216283313108e-09,1.3511216283313108e-09,1.3511216283313108e-09,1.3511216283313108e-09,1.3511216283313108e-09,1.3511216283313108e-09,1.3511216283313108e-09,1.3511216283313106e-09,1.3511216283313106e-09,1.3511216283313106e-09,1.3511216283313108e-09,1.3511216283313108e-09,1.3511216283313108e-09,1.3511216283313106e-09,1.3511216283313106e-09,1.3511216283313106e-09,1.3511216283313108e-09,1.3511216283313106e-09,1.3511216283313106e-09,1.3511216283313106e-09,1.3511216283313106e-09,1.3511216283313106e-09,1.3511216283313106e-09,1.3511216283313106e-09,1.3511216283313106e-09,1.3511216283313106e-09,1.3511216283313106e-09,1.3511216283313106e-09,1.3511216283313106e-09,1.3511216283313104e-09,1.3511216283313106e-09,1.3511216283313106e-09,1.3511216283313106e-09,1.3511216283313104e-09,1.3511216283313106e-09,1.3511216283313104e-09,1.3511216283313106e-09,1.3511216283313104e-09,1.3511216283313106e-09,1.3511216283313106e-09,1.3511216283313106e-09,1.3511216283313106e-09,1.3511216283313106e-09,1.3511216283313106e-09,1.3511216283313106e-09,1.3511216283313106e-09,1.3511216283313106e-09,1.3511216283313106e-09,1.3511216283313106e-09,1.3511216283313106e-09,1.3511216283313106e-09,1.3511216283313106e-09,1.3511216283313106e-09,1.3511216283313106e-09,1.3511216283313106e-09,1.3511216283313106e-09,1.3511216283313106e-09,1.3511216283313106e-09,1.3511216283313106e-09,1.3511216283313106e-09,1.3511216283313106e-09,1.3511216283313106e-09,1.3511216283313106e-09,1.3511216283313106e-09,1.3511216283313106e-09,1.3511216283313106e-09,1.3511216283313106e-09,1.3511216283313106e-09,1.3511216283313106e-09,1.3511216283313106e-09,1.3511216283313106e-09,1.3511216283313106e-09,1.3511216283313106e-09,1.3511216283313106e-09,1.3511216283313106e-09,1.3511216283313106e-09,1.3511216283313106e-09,1.3511216283313106e-09,1.3511216283313106e-09,1.3511216283313106e-09,1.3511216283313106e-09,1.3511216283313106e-09,1.3511216283313106e-09,1.3511216283313106e-09,1.3511216283313106e-09,1.3511216283313106e-09,1.3511216283313106e-09,1.3511216283313106e-09,1.3511216283313106e-09,1.3511216283313106e-09,1.3511216283313106e-09,1.3511216283313106e-09,1.3511216283313106e-09,1.3511216283313106e-09,1.3511216283313106e-09,1.3511216283313108e-09,1.3511216283313106e-09,1.3511216283313104e-09,1.3511216283313106e-09,1.3511216283313106e-09,1.3511216283313106e-09,1.3511216283313106e-09,1.3511216283313108e-09,1.3511216283313108e-09,1.3511216283313106e-09,1.3511216283313106e-09,1.3511216283313106e-09,1.3511216283313106e-09,1.3511216283313106e-09,1.3511216283313106e-09,1.3511216283313106e-09,1.3511216283313106e-09,1.3511216283313106e-09,1.3511216283313106e-09,1.3511216283313108e-09,1.3511216283313108e-09,1.3511216283313108e-09,1.3511216283313108e-09,1.3511216283313108e-09,1.3511216283313108e-09,1.3511216283313108e-09,1.3511216283313108e-09,1.3511216283313108e-09,1.3511216283313108e-09,1.3511216283313108e-09,1.3511216283313108e-09,1.3511216283313108e-09,1.3511216283313108e-09,1.3511216283313108e-09,1.3511216283313106e-09,1.3511216283313108e-09,1.3511216283313108e-09,1.3511216283313108e-09,1.3511216283313108e-09,1.3511216283313108e-09,1.3511216283313108e-09,1.3511216283313108e-09,1.3511216283313108e-09,1.3511216283313108e-09,1.3511216283313108e-09,1.3511216283313108e-09,1.3511216283313108e-09,1.3511216283313108e-09,1.3511216283313108e-09,1.3511216283313108e-09,1.3511216283313108e-09,1.3511216283313108e-09,1.3511216283313108e-09,1.3511216283313108e-09,1.3511216283313108e-09,1.3511216283313108e-09,1.3511216283313108e-09,1.3511216283313108e-09,1.3511216283313108e-09,1.3511216283313108e-09,1.3511216283313108e-09,1.3511216283313108e-09,1.3511216283313108e-09,1.3511216283313108e-09,1.3511216283313108e-09,1.3511216283313108e-09,1.3511216283313108e-09,1.3511216283313108e-09,1.3511216283313108e-09,1.3511216283313108e-09,1.3511216283313108e-09,1.3511216283313108e-09,1.3511216283313106e-09,1.3511216283313108e-09,1.3511216283313108e-09,1.3511216283313108e-09,1.3511216283313108e-09,1.3511216283313108e-09,1.3511216283313108e-09,1.3511216283313106e-09,1.3511216283313108e-09,1.3511216283313108e-09,1.3511216283313108e-09,1.3511216283313108e-09,1.3511216283313108e-09,1.3511216283313108e-09,1.3511216283313108e-09,1.3511216283313108e-09,1.3511216283313108e-09,1.3511216283313108e-09,1.3511216283313108e-09,1.3511216283313108e-09,1.3511216283313108e-09,1.3511216283313108e-09,1.3511216283313108e-09,1.3511216283313108e-09,1.3511216283313106e-09,1.3511216283313108e-09,1.3511216283313108e-09,1.3511216283313106e-09,1.3511216283313108e-09,1.3511216283313106e-09,1.3511216283313106e-09,1.3511216283313108e-09,1.3511216283313106e-09,1.3511216283313108e-09,1.3511216283313108e-09,1.3511216283313108e-09,1.3511216283313108e-09,1.3511216283313108e-09,1.3511216283313106e-09,1.3511216283313108e-09,1.3511216283313106e-09,1.3511216283313108e-09,1.3511216283313108e-09,1.3511216283313108e-09,1.3511216283313108e-09,1.3511216283313108e-09,1.3511216283313108e-09,1.3511216283313108e-09,1.3511216283313108e-09,1.3511216283313106e-09,1.3511216283313106e-09,1.3511216283313106e-09,1.3511216283313106e-09,1.3511216283313106e-09,1.3511216283313108e-09,1.3511216283313106e-09,1.3511216283313108e-09,1.3511216283313108e-09,1.3511216283313108e-09,1.3511216283313108e-09,1.3511216283313106e-09,1.3511216283313106e-09,1.3511216283313108e-09,1.3511216283313106e-09,1.3511216283313108e-09,1.3511216283313108e-09,1.3511216283313106e-09,1.3511216283313108e-09,1.3511216283313108e-09,1.3511216283313106e-09,1.3511216283313106e-09,1.3511216283313106e-09,1.3511216283313106e-09,1.3511216283313108e-09,1.3511216283313106e-09,1.3511216283313108e-09,1.3511216283313108e-09,1.3511216283313108e-09,1.3511216283313106e-09,1.3511216283313106e-09,1.3511216283313106e-09,1.3511216283313106e-09,1.3511216283313106e-09,1.3511216283313106e-09,1.3511216283313106e-09,1.3511216283313106e-09,1.3511216283313106e-09,1.3511216283313106e-09,1.3511216283313106e-09,1.3511216283313106e-09,1.3511216283313106e-09,1.3511216283313104e-09,1.3511216283313104e-09,1.3511216283313104e-09,1.3511216283313104e-09,1.3511216283313104e-09,1.3511216283313104e-09,1.3511216283313104e-09,1.3511216283313104e-09,1.3511216283313104e-09,1.3511216283313106e-09,1.3511216283313106e-09,1.3511216283313106e-09,1.3511216283313106e-09,1.3511216283313106e-09,1.3511216283313104e-09,1.3511216283313104e-09,1.3511216283313104e-09,1.3511216283313104e-09,1.3511216283313104e-09,1.3511216283313104e-09,1.3511216283313104e-09,1.3511216283313106e-09,1.3511216283313106e-09,1.3511216283313106e-09,1.3511216283313106e-09,1.3511216283313104e-09,1.3511216283313106e-09,1.3511216283313106e-09,1.3511216283313106e-09,1.3511216283313106e-09,1.3511216283313106e-09,1.3511216283313106e-09,1.3511216283313106e-09,1.3511216283313106e-09,1.3511216283313106e-09,1.3511216283313106e-09,1.3511216283313106e-09,1.3511216283313108e-09,1.3511216283313106e-09,1.3511216283313106e-09,1.3511216283313108e-09,1.3511216283313108e-09,1.3511216283313108e-09,1.3511216283313108e-09,1.3511216283313108e-09,1.3511216283313106e-09,1.3511216283313106e-09,1.3511216283313106e-09,1.3511216283313108e-09,1.3511216283313108e-09,1.3511216283313108e-09,1.3511216283313108e-09,1.3511216283313106e-09,1.3511216283313106e-09,1.3511216283313108e-09,1.3511216283313108e-09,1.3511216283313108e-09,1.3511216283313106e-09,1.3511216283313106e-09,1.3511216283313108e-09,1.3511216283313108e-09,1.3511216283313106e-09,1.3511216283313106e-09,1.3511216283313106e-09,1.3511216283313106e-09,1.3511216283313106e-09,1.3511216283313106e-09,1.3511216283313104e-09,1.3511216283313106e-09,1.3511216283313106e-09,1.3511216283313106e-09,1.3511216283313104e-09,1.3511216283313106e-09,1.3511216283313106e-09,1.3511216283313104e-09,1.3511216283313106e-09,1.3511216283313106e-09,1.3511216283313106e-09,1.3511216283313106e-09,1.3511216283313102e-09,1.3511216283313106e-09,1.3511216283313106e-09,1.3511216283313106e-09,1.3511216283313106e-09,1.3511216283313106e-09,1.3511216283313106e-09,1.3511216283313106e-09,1.3511216283313106e-09,1.3511216283313106e-09,1.3511216283313106e-09,1.3511216283313106e-09,1.3511216283313106e-09,1.3511216283313106e-09,1.3511216283313108e-09,1.3511216283313106e-09,1.3511216283313106e-09,1.3511216283313106e-09,1.3511216283313108e-09,1.3511216283313108e-09,1.3511216283313108e-09,1.3511216283313108e-09,1.3511216283313108e-09,1.3511216283313108e-09,1.3511216283313108e-09,1.3511216283313108e-09,1.3511216283313108e-09,1.3511216283313108e-09,1.3511216283313108e-09,1.3511216283313108e-09,1.3511216283313108e-09,1.3511216283313108e-09,1.3511216283313108e-09,1.3511216283313106e-09,1.3511216283313108e-09,1.3511216283313108e-09,1.3511216283313108e-09,1.3511216283313108e-09,1.3511216283313108e-09,1.3511216283313108e-09,1.3511216283313108e-09,1.3511216283313108e-09,1.3511216283313108e-09,1.3511216283313108e-09,1.3511216283313108e-09,1.3511216283313106e-09,1.3511216283313106e-09,1.3511216283313106e-09,1.3511216283313108e-09,1.3511216283313108e-09,1.3511216283313108e-09,1.3511216283313108e-09,1.3511216283313108e-09,1.3511216283313106e-09,1.3511216283313106e-09,1.3511216283313108e-09,1.3511216283313106e-09,1.3511216283313108e-09,1.3511216283313106e-09,1.3511216283313106e-09,1.3511216283313106e-09,1.3511216283313106e-09,1.3511216283313106e-09,1.3511216283313106e-09,1.3511216283313104e-09,1.3511216283313106e-09,1.3511216283313106e-09,1.3511216283313108e-09,1.3511216283313104e-09,1.3511216283313108e-09,1.3511216283313108e-09,1.3511216283313108e-09,1.3511216283313106e-09,1.3511216283313106e-09,1.3511216283313108e-09,1.3511216283313106e-09,1.3511216283313104e-09,1.3511216283313108e-09,1.3511216283313108e-09,1.3511216283313106e-09,1.3511216283313108e-09,1.3511216283313108e-09,1.3511216283313108e-09,1.3511216283313108e-09,1.3511216283313108e-09,1.3511216283313108e-09,1.3511216283313108e-09,1.3511216283313108e-09,1.3511216283313108e-09,1.3511216283313108e-09,1.3511216283313108e-09,1.3511216283313108e-09,1.3511216283313108e-09,1.3511216283313108e-09,1.3511216283313108e-09,1.3511216283313108e-09,1.3511216283313108e-09,1.3511216283313108e-09,1.3511216283313106e-09,1.3511216283313106e-09,1.3511216283313106e-09,1.3511216283313108e-09,1.3511216283313106e-09,1.3511216283313108e-09,1.3511216283313108e-09,1.3511216283313108e-09,1.3511216283313106e-09,1.3511216283313106e-09,1.3511216283313108e-09,1.3511216283313106e-09,1.3511216283313108e-09,1.3511216283313108e-09,1.3511216283313108e-09,1.3511216283313108e-09,1.3511216283313108e-09,1.3511216283313108e-09,1.3511216283313108e-09,1.3511216283313108e-09,1.3511216283313106e-09,1.3511216283313108e-09,1.3511216283313108e-09,1.3511216283313106e-09,1.3511216283313108e-09,1.3511216283313108e-09,1.3511216283313108e-09,1.3511216283313108e-09,1.3511216283313108e-09,1.3511216283313106e-09,1.3511216283313108e-09,1.3511216283313108e-09,1.3511216283313108e-09,1.3511216283313108e-09,1.3511216283313104e-09,1.3511216283313108e-09,1.3511216283313108e-09,1.3511216283313108e-09,1.3511216283313108e-09,1.3511216283313108e-09,1.3511216283313108e-09,1.3511216283313106e-09,1.3511216283313108e-09,1.3511216283313106e-09,1.3511216283313106e-09,1.3511216283313106e-09,1.3511216283313108e-09,1.3511216283313108e-09,1.3511216283313108e-09,1.3511216283313108e-09,1.3511216283313108e-09,1.3511216283313106e-09,1.3511216283313108e-09,1.3511216283313108e-09,1.3511216283313106e-09,1.3511216283313106e-09,1.3511216283313106e-09,1.3511216283313106e-09,1.3511216283313106e-09,1.3511216283313108e-09,1.3511216283313108e-09,1.3511216283313108e-09,1.3511216283313108e-09,1.3511216283313108e-09,1.3511216283313108e-09,1.3511216283313108e-09,1.3511216283313106e-09,1.3511216283313106e-09,1.3511216283313108e-09,1.3511216283313108e-09,1.3511216283313108e-09,1.3511216283313108e-09,1.3511216283313108e-09,1.3511216283313108e-09,1.3511216283313106e-09,1.3511216283313108e-09,1.3511216283313108e-09,1.3511216283313106e-09,1.3511216283313108e-09,1.3511216283313108e-09,1.3511216283313106e-09,1.3511216283313108e-09,1.3511216283313108e-09,1.3511216283313108e-09,1.3511216283313108e-09,1.3511216283313106e-09,1.3511216283313108e-09,1.3511216283313108e-09,1.3511216283313108e-09,1.3511216283313108e-09,1.3511216283313108e-09,1.3511216283313108e-09,1.3511216283313108e-09,1.3511216283313108e-09,1.3511216283313108e-09,1.3511216283313108e-09,1.3511216283313108e-09,1.3511216283313106e-09,1.3511216283313106e-09,1.3511216283313106e-09,1.3511216283313106e-09,1.3511216283313106e-09,1.3511216283313106e-09,1.3511216283313108e-09,1.3511216283313106e-09,1.3511216283313106e-09,1.3511216283313106e-09,1.3511216283313106e-09,1.3511216283313106e-09,1.3511216283313106e-09,1.3511216283313106e-09,1.3511216283313106e-09,1.3511216283313106e-09,1.3511216283313106e-09,1.3511216283313106e-09,1.3511216283313106e-09,1.3511216283313106e-09,1.3511216283313106e-09,1.3511216283313106e-09,1.3511216283313106e-09,1.3511216283313106e-09,1.3511216283313106e-09,1.3511216283313106e-09,1.3511216283313106e-09,1.3511216283313106e-09,1.3511216283313106e-09,1.3511216283313106e-09,1.3511216283313106e-09,1.3511216283313106e-09,1.3511216283313106e-09,1.3511216283313106e-09,1.3511216283313106e-09,1.3511216283313106e-09,1.3511216283313106e-09,1.3511216283313106e-09,1.3511216283313106e-09,1.3511216283313106e-09,1.3511216283313106e-09,1.3511216283313106e-09,1.3511216283313106e-09,1.3511216283313106e-09,1.3511216283313106e-09,1.3511216283313106e-09,1.3511216283313106e-09,1.3511216283313106e-09,1.3511216283313106e-09,1.3511216283313106e-09,1.3511216283313106e-09,1.3511216283313108e-09,1.3511216283313108e-09,1.3511216283313106e-09,1.3511216283313108e-09,1.3511216283313106e-09,1.3511216283313108e-09,1.3511216283313106e-09,1.3511216283313108e-09,1.3511216283313106e-09,1.3511216283313108e-09,1.3511216283313106e-09,1.3511216283313106e-09,1.3511216283313108e-09,1.3511216283313106e-09,1.3511216283313108e-09,1.3511216283313106e-09,1.3511216283313108e-09,1.3511216283313106e-09,1.3511216283313108e-09,1.3511216283313108e-09,1.3511216283313108e-09,1.3511216283313108e-09,1.3511216283313108e-09,1.3511216283313108e-09,1.3511216283313106e-09,1.3511216283313108e-09,1.3511216283313108e-09,1.3511216283313108e-09,1.3511216283313108e-09,1.3511216283313108e-09,1.3511216283313108e-09,1.3511216283313106e-09,1.3511216283313108e-09,1.3511216283313108e-09,1.3511216283313108e-09,1.3511216283313108e-09,1.3511216283313106e-09,1.3511216283313106e-09,1.3511216283313106e-09,1.3511216283313106e-09,1.3511216283313106e-09,1.3511216283313106e-09,1.3511216283313106e-09,1.3511216283313106e-09,1.3511216283313106e-09,1.3511216283313106e-09,1.3511216283313104e-09,1.3511216283313104e-09,1.3511216283313104e-09,1.3511216283313104e-09,1.3511216283313104e-09,1.3511216283313104e-09,1.3511216283313104e-09,1.3511216283313104e-09,1.3511216283313104e-09,1.3511216283313104e-09,1.3511216283313102e-09,1.3511216283313104e-09,1.3511216283313104e-09,1.3511216283313104e-09,1.3511216283313104e-09,1.3511216283313104e-09,1.3511216283313104e-09,1.3511216283313104e-09,1.3511216283313104e-09,1.3511216283313106e-09,1.3511216283313104e-09,1.3511216283313104e-09,1.3511216283313104e-09,1.3511216283313104e-09,1.3511216283313104e-09,1.3511216283313104e-09,1.3511216283313104e-09,1.3511216283313106e-09,1.3511216283313106e-09,1.3511216283313106e-09,1.3511216283313106e-09,1.3511216283313106e-09,1.3511216283313106e-09,1.3511216283313106e-09,1.3511216283313108e-09,1.3511216283313106e-09,1.3511216283313106e-09,1.3511216283313106e-09,1.3511216283313106e-09,1.3511216283313106e-09,1.3511216283313106e-09,1.3511216283313106e-09,1.3511216283313108e-09,1.3511216283313106e-09,1.3511216283313106e-09,1.3511216283313106e-09,1.3511216283313106e-09,1.3511216283313106e-09,1.3511216283313106e-09,1.3511216283313108e-09,1.3511216283313108e-09,1.3511216283313106e-09,1.3511216283313108e-09,1.3511216283313108e-09,1.3511216283313106e-09,1.3511216283313108e-09,1.3511216283313106e-09,1.3511216283313108e-09,1.3511216283313108e-09,1.3511216283313108e-09,1.3511216283313108e-09,1.3511216283313108e-09,1.3511216283313108e-09,1.3511216283313108e-09,1.3511216283313108e-09,1.3511216283313108e-09,1.3511216283313108e-09,1.3511216283313108e-09,1.3511216283313108e-09,1.3511216283313108e-09,1.3511216283313108e-09,1.3511216283313108e-09,1.3511216283313108e-09,1.3511216283313106e-09,1.3511216283313106e-09,1.3511216283313106e-09,1.3511216283313108e-09,1.3511216283313108e-09,1.3511216283313108e-09,1.3511216283313106e-09,1.3511216283313108e-09,1.3511216283313108e-09,1.3511216283313108e-09,1.3511216283313108e-09,1.3511216283313108e-09,1.3511216283313104e-09,1.3511216283313106e-09,1.3511216283313108e-09,1.3511216283313104e-09,1.3511216283313108e-09,1.3511216283313104e-09,1.3511216283313108e-09,1.3511216283313108e-09,1.3511216283313106e-09,1.3511216283313108e-09,1.3511216283313108e-09,1.3511216283313106e-09,1.3511216283313108e-09,1.3511216283313108e-09,1.3511216283313108e-09,1.3511216283313108e-09,1.3511216283313108e-09,1.3511216283313108e-09,1.3511216283313108e-09,1.3511216283313104e-09,1.3511216283313108e-09,1.3511216283313108e-09,1.3511216283313106e-09,1.3511216283313108e-09,1.3511216283313104e-09,1.3511216283313108e-09,1.3511216283313108e-09,1.3511216283313106e-09,1.3511216283313108e-09,1.3511216283313108e-09,1.3511216283313108e-09,1.3511216283313108e-09,1.3511216283313108e-09,1.3511216283313108e-09,1.3511216283313108e-09,1.3511216283313108e-09,1.3511216283313108e-09,1.3511216283313108e-09,1.3511216283313108e-09,1.3511216283313108e-09,1.3511216283313108e-09,1.3511216283313108e-09,1.3511216283313106e-09,1.3511216283313108e-09,1.3511216283313106e-09,1.3511216283313108e-09,1.3511216283313106e-09,1.3511216283313108e-09,1.3511216283313108e-09,1.3511216283313108e-09,1.3511216283313108e-09,1.3511216283313108e-09,1.3511216283313108e-09,1.3511216283313108e-09,1.3511216283313106e-09,1.3511216283313108e-09,1.3511216283313108e-09,1.3511216283313108e-09,1.3511216283313108e-09,1.3511216283313108e-09,1.3511216283313108e-09,1.3511216283313108e-09,1.3511216283313108e-09,1.3511216283313106e-09,1.3511216283313106e-09,1.3511216283313106e-09,1.3511216283313104e-09,1.3511216283313106e-09,1.3511216283313102e-09,1.3511216283313106e-09,1.3511216283313106e-09,1.3511216283313106e-09,1.3511216283313106e-09,1.3511216283313106e-09,1.3511216283313106e-09,1.3511216283313106e-09,1.3511216283313104e-09,1.3511216283313106e-09,1.3511216283313106e-09,1.3511216283313106e-09,1.3511216283313106e-09,1.3511216283313106e-09,1.3511216283313106e-09,1.3511216283313106e-09,1.3511216283313106e-09,1.3511216283313106e-09,1.3511216283313106e-09,1.3511216283313106e-09,1.3511216283313106e-09,1.3511216283313108e-09,1.3511216283313108e-09,1.3511216283313108e-09,1.3511216283313108e-09,1.3511216283313108e-09,1.3511216283313108e-09,1.3511216283313108e-09,1.3511216283313108e-09,1.3511216283313108e-09,1.3511216283313108e-09,1.3511216283313108e-09,1.3511216283313108e-09,1.3511216283313108e-09,1.3511216283313108e-09,1.3511216283313106e-09,1.3511216283313108e-09,1.3511216283313108e-09,1.3511216283313108e-09,1.3511216283313108e-09,1.3511216283313106e-09,1.3511216283313106e-09,1.3511216283313108e-09,1.3511216283313106e-09,1.3511216283313106e-09,1.3511216283313106e-09,1.3511216283313106e-09,1.3511216283313106e-09,1.3511216283313106e-09,1.3511216283313108e-09,1.3511216283313108e-09,1.3511216283313106e-09,1.3511216283313106e-09,1.3511216283313106e-09,1.3511216283313108e-09,1.3511216283313106e-09,1.3511216283313106e-09,1.3511216283313108e-09,1.3511216283313108e-09,1.3511216283313106e-09,1.3511216283313108e-09,1.3511216283313108e-09,1.3511216283313108e-09,1.3511216283313106e-09,1.3511216283313108e-09,1.3511216283313108e-09,1.3511216283313108e-09,1.3511216283313108e-09,1.3511216283313108e-09,1.3511216283313108e-09,1.3511216283313108e-09,1.3511216283313108e-09,1.3511216283313108e-09,1.3511216283313108e-09,1.3511216283313108e-09,1.3511216283313108e-09,1.3511216283313108e-09,1.3511216283313108e-09,1.3511216283313108e-09,1.3511216283313108e-09,1.3511216283313108e-09,1.3511216283313108e-09,1.3511216283313108e-09,1.3511216283313108e-09,1.3511216283313108e-09,1.3511216283313108e-09,1.3511216283313108e-09,1.3511216283313108e-09,1.3511216283313108e-09,1.3511216283313108e-09,1.3511216283313108e-09,1.3511216283313108e-09,1.3511216283313108e-09,1.3511216283313108e-09,1.3511216283313106e-09,1.3511216283313106e-09,1.3511216283313106e-09,1.3511216283313106e-09,1.3511216283313106e-09,1.3511216283313106e-09,1.3511216283313106e-09,1.3511216283313108e-09,1.3511216283313106e-09,1.3511216283313108e-09,1.3511216283313106e-09,1.3511216283313106e-09,1.3511216283313106e-09,1.3511216283313106e-09,1.3511216283313108e-09,1.3511216283313106e-09,1.3511216283313108e-09,1.3511216283313106e-09,1.3511216283313108e-09,1.3511216283313106e-09,1.3511216283313108e-09,1.3511216283313106e-09,1.3511216283313108e-09,1.3511216283313106e-09,1.3511216283313108e-09,1.3511216283313108e-09,1.3511216283313108e-09,1.3511216283313108e-09,1.3511216283313108e-09,1.3511216283313108e-09,1.3511216283313108e-09,1.3511216283313106e-09,1.3511216283313106e-09,1.3511216283313106e-09,1.3511216283313108e-09,1.3511216283313108e-09,1.3511216283313106e-09,1.3511216283313108e-09,1.3511216283313108e-09,1.3511216283313108e-09,1.3511216283313106e-09,1.3511216283313106e-09,1.3511216283313106e-09,1.3511216283313106e-09,1.3511216283313106e-09,1.3511216283313106e-09,1.3511216283313106e-09,1.3511216283313106e-09,1.3511216283313106e-09,1.3511216283313106e-09,1.3511216283313106e-09,1.3511216283313106e-09,1.3511216283313106e-09,1.3511216283313106e-09,1.3511216283313106e-09,1.3511216283313106e-09,1.3511216283313106e-09,1.3511216283313106e-09,1.3511216283313106e-09,1.3511216283313106e-09,1.3511216283313106e-09,1.3511216283313106e-09,1.3511216283313108e-09,1.3511216283313106e-09,1.3511216283313106e-09,1.3511216283313106e-09,1.3511216283313106e-09,1.3511216283313106e-09,1.3511216283313104e-09,1.3511216283313106e-09,1.3511216283313106e-09,1.3511216283313106e-09,1.3511216283313106e-09,1.3511216283313106e-09,1.3511216283313106e-09,1.3511216283313106e-09,1.3511216283313106e-09,1.3511216283313106e-09,1.3511216283313106e-09,1.3511216283313106e-09,1.3511216283313106e-09,1.3511216283313106e-09,1.3511216283313106e-09,1.3511216283313106e-09,1.3511216283313106e-09,1.3511216283313106e-09,1.3511216283313106e-09,1.3511216283313104e-09,1.3511216283313104e-09,1.3511216283313104e-09,1.3511216283313106e-09,1.3511216283313106e-09,1.3511216283313106e-09,1.3511216283313106e-09,1.3511216283313106e-09,1.3511216283313106e-09,1.3511216283313106e-09,1.3511216283313106e-09,1.3511216283313104e-09,1.3511216283313106e-09,1.3511216283313106e-09,1.3511216283313106e-09,1.3511216283313106e-09,1.3511216283313106e-09,1.3511216283313106e-09,1.3511216283313106e-09,1.3511216283313106e-09,1.3511216283313104e-09,1.3511216283313106e-09,1.3511216283313104e-09,1.3511216283313106e-09,1.3511216283313106e-09,1.3511216283313106e-09,1.3511216283313106e-09,1.3511216283313106e-09,1.3511216283313106e-09,1.3511216283313106e-09,1.3511216283313106e-09,1.3511216283313106e-09,1.3511216283313106e-09,1.3511216283313106e-09,1.3511216283313106e-09,1.3511216283313106e-09,1.3511216283313106e-09,1.3511216283313106e-09,1.3511216283313106e-09,1.3511216283313106e-09,1.3511216283313106e-09,1.3511216283313106e-09,1.3511216283313106e-09,1.3511216283313106e-09,1.3511216283313106e-09,1.3511216283313106e-09,1.3511216283313106e-09,1.3511216283313106e-09,1.3511216283313106e-09,1.3511216283313106e-09,1.3511216283313106e-09,1.3511216283313106e-09,1.3511216283313106e-09,1.3511216283313106e-09,1.3511216283313106e-09,1.3511216283313106e-09,1.3511216283313106e-09,1.3511216283313106e-09,1.3511216283313106e-09,1.3511216283313106e-09,1.3511216283313106e-09,1.3511216283313108e-09,1.3511216283313108e-09,1.3511216283313108e-09,1.3511216283313106e-09,1.3511216283313108e-09,1.3511216283313106e-09,1.3511216283313108e-09,1.3511216283313108e-09,1.3511216283313106e-09,1.3511216283313108e-09,1.3511216283313108e-09,1.3511216283313106e-09,1.3511216283313108e-09,1.3511216283313106e-09,1.3511216283313108e-09,1.3511216283313108e-09,1.3511216283313106e-09,1.3511216283313108e-09,1.3511216283313108e-09,1.3511216283313108e-09,1.3511216283313108e-09,1.3511216283313108e-09,1.3511216283313108e-09,1.3511216283313108e-09,1.3511216283313108e-09,1.3511216283313108e-09,1.3511216283313108e-09,1.3511216283313108e-09,1.3511216283313108e-09,1.3511216283313108e-09,1.3511216283313108e-09,1.3511216283313108e-09,1.3511216283313108e-09,1.3511216283313108e-09,1.3511216283313108e-09,1.3511216283313108e-09,1.3511216283313108e-09,1.3511216283313108e-09,1.3511216283313108e-09,1.3511216283313108e-09,1.3511216283313108e-09,1.3511216283313108e-09,1.3511216283313108e-09,1.3511216283313108e-09,1.3511216283313108e-09,1.3511216283313108e-09,1.3511216283313108e-09,1.3511216283313108e-09,1.3511216283313108e-09,1.3511216283313108e-09,1.3511216283313108e-09,1.3511216283313108e-09,1.3511216283313108e-09,1.3511216283313108e-09,1.3511216283313108e-09,1.3511216283313108e-09,1.3511216283313108e-09,1.3511216283313108e-09,1.3511216283313108e-09,1.3511216283313108e-09,1.3511216283313108e-09,1.351121628331311e-09,1.351121628331311e-09,1.351121628331311e-09,1.351121628331311e-09,1.3511216283313108e-09,1.3511216283313108e-09,1.3511216283313108e-09,1.3511216283313108e-09,1.3511216283313108e-09,1.3511216283313108e-09,1.3511216283313108e-09,1.3511216283313108e-09,1.3511216283313108e-09,1.3511216283313108e-09,1.3511216283313108e-09,1.3511216283313108e-09,1.3511216283313106e-09,1.3511216283313106e-09,1.3511216283313106e-09,1.3511216283313108e-09,1.3511216283313106e-09,1.3511216283313108e-09,1.3511216283313108e-09,1.3511216283313108e-09,1.3511216283313106e-09,1.3511216283313108e-09,1.3511216283313106e-09,1.3511216283313108e-09,1.3511216283313106e-09,1.3511216283313108e-09,1.3511216283313108e-09,1.3511216283313108e-09,1.3511216283313108e-09,1.3511216283313108e-09,1.3511216283313108e-09,1.3511216283313108e-09,1.3511216283313108e-09,1.3511216283313108e-09,1.3511216283313108e-09,1.3511216283313108e-09,1.3511216283313108e-09,1.3511216283313108e-09,1.3511216283313108e-09,1.3511216283313108e-09,1.3511216283313108e-09,1.3511216283313108e-09,1.3511216283313108e-09,1.3511216283313108e-09,1.3511216283313108e-09,1.3511216283313108e-09,1.3511216283313108e-09,1.3511216283313108e-09,1.3511216283313108e-09,1.3511216283313108e-09,1.3511216283313108e-09,1.3511216283313108e-09,1.3511216283313108e-09,1.3511216283313108e-09,1.3511216283313108e-09,1.3511216283313108e-09,1.3511216283313108e-09,1.3511216283313108e-09,1.3511216283313108e-09,1.3511216283313108e-09,1.3511216283313108e-09,1.3511216283313108e-09,1.3511216283313106e-09,1.3511216283313108e-09,1.3511216283313108e-09,1.3511216283313108e-09,1.3511216283313108e-09,1.3511216283313106e-09,1.3511216283313108e-09,1.3511216283313108e-09,1.3511216283313108e-09,1.3511216283313108e-09,1.3511216283313108e-09,1.3511216283313108e-09,1.3511216283313108e-09,1.3511216283313108e-09,1.3511216283313108e-09,1.3511216283313108e-09,1.3511216283313108e-09,1.3511216283313108e-09,1.3511216283313108e-09,1.3511216283313108e-09,1.3511216283313108e-09,1.3511216283313106e-09,1.3511216283313106e-09,1.3511216283313106e-09,1.3511216283313106e-09,1.3511216283313106e-09,1.3511216283313106e-09,1.3511216283313106e-09,1.3511216283313106e-09,1.3511216283313104e-09,1.3511216283313106e-09,1.3511216283313104e-09,1.3511216283313106e-09,1.3511216283313106e-09,1.3511216283313104e-09,1.3511216283313104e-09,1.3511216283313106e-09,1.3511216283313104e-09,1.3511216283313106e-09,1.3511216283313104e-09,1.3511216283313106e-09,1.3511216283313106e-09,1.3511216283313104e-09,1.3511216283313106e-09,1.3511216283313106e-09,1.3511216283313106e-09,1.3511216283313106e-09,1.3511216283313104e-09,1.3511216283313106e-09,1.3511216283313106e-09,1.3511216283313106e-09,1.3511216283313106e-09,1.3511216283313106e-09,1.3511216283313106e-09,1.3511216283313106e-09,1.3511216283313106e-09,1.3511216283313106e-09,1.3511216283313104e-09,1.3511216283313104e-09,1.3511216283313106e-09,1.3511216283313104e-09,1.3511216283313106e-09,1.3511216283313106e-09,1.3511216283313106e-09,1.3511216283313106e-09,1.3511216283313106e-09,1.3511216283313106e-09,1.3511216283313106e-09,1.3511216283313104e-09,1.3511216283313106e-09,1.3511216283313106e-09,1.3511216283313104e-09,1.3511216283313106e-09,1.3511216283313104e-09,1.3511216283313108e-09,1.3511216283313108e-09,1.3511216283313106e-09,1.3511216283313106e-09,1.3511216283313104e-09,1.3511216283313108e-09,1.3511216283313108e-09,1.3511216283313106e-09,1.3511216283313108e-09,1.3511216283313108e-09,1.3511216283313104e-09,1.3511216283313106e-09,1.3511216283313106e-09,1.3511216283313106e-09,1.3511216283313108e-09,1.3511216283313106e-09,1.3511216283313106e-09,1.3511216283313108e-09,1.3511216283313108e-09,1.3511216283313108e-09,1.3511216283313108e-09,1.3511216283313106e-09,1.3511216283313106e-09,1.3511216283313106e-09,1.3511216283313106e-09,1.3511216283313106e-09,1.3511216283313106e-09,1.3511216283313106e-09,1.3511216283313106e-09,1.3511216283313106e-09,1.3511216283313106e-09,1.3511216283313106e-09,1.3511216283313106e-09,1.3511216283313106e-09,1.3511216283313106e-09,1.3511216283313106e-09,1.3511216283313106e-09,1.3511216283313106e-09,1.3511216283313106e-09,1.3511216283313106e-09,1.3511216283313106e-09,1.3511216283313106e-09,1.3511216283313106e-09,1.3511216283313106e-09,1.3511216283313108e-09,1.3511216283313108e-09,1.3511216283313106e-09,1.3511216283313106e-09,1.3511216283313106e-09,1.3511216283313106e-09,1.3511216283313106e-09,1.3511216283313108e-09,1.3511216283313106e-09,1.3511216283313106e-09,1.3511216283313108e-09,1.3511216283313108e-09,1.3511216283313108e-09,1.3511216283313106e-09,1.3511216283313106e-09,1.3511216283313106e-09,1.3511216283313106e-09,1.3511216283313106e-09,1.3511216283313106e-09,1.3511216283313106e-09,1.3511216283313106e-09,1.3511216283313106e-09,1.3511216283313108e-09,1.3511216283313108e-09,1.3511216283313106e-09,1.3511216283313106e-09,1.3511216283313106e-09,1.3511216283313108e-09,1.3511216283313108e-09,1.3511216283313108e-09,1.3511216283313108e-09,1.3511216283313108e-09,1.3511216283313108e-09,1.3511216283313108e-09,1.3511216283313108e-09,1.3511216283313108e-09,1.3511216283313108e-09,1.3511216283313108e-09,1.3511216283313108e-09,1.3511216283313106e-09,1.3511216283313108e-09,1.3511216283313108e-09,1.3511216283313108e-09,1.3511216283313108e-09,1.3511216283313108e-09,1.3511216283313106e-09,1.3511216283313106e-09,1.3511216283313108e-09,1.3511216283313108e-09,1.3511216283313108e-09,1.3511216283313108e-09,1.3511216283313108e-09,1.3511216283313108e-09,1.3511216283313108e-09,1.3511216283313108e-09,1.3511216283313106e-09,1.3511216283313106e-09,1.3511216283313106e-09,1.3511216283313104e-09,1.3511216283313106e-09,1.3511216283313106e-09,1.3511216283313106e-09,1.3511216283313106e-09,1.3511216283313106e-09,1.3511216283313106e-09,1.3511216283313106e-09,1.3511216283313106e-09,1.3511216283313104e-09,1.3511216283313106e-09,1.3511216283313106e-09,1.3511216283313106e-09,1.3511216283313106e-09,1.3511216283313106e-09,1.3511216283313106e-09,1.3511216283313106e-09,1.3511216283313106e-09,1.3511216283313106e-09,1.3511216283313106e-09,1.3511216283313108e-09,1.3511216283313104e-09,1.3511216283313108e-09,1.3511216283313108e-09,1.3511216283313104e-09,1.3511216283313106e-09,1.3511216283313106e-09,1.3511216283313108e-09,1.3511216283313108e-09,1.3511216283313108e-09,1.3511216283313108e-09,1.3511216283313106e-09,1.3511216283313106e-09,1.3511216283313106e-09,1.3511216283313106e-09,1.3511216283313106e-09,1.3511216283313108e-09,1.3511216283313108e-09,1.3511216283313108e-09,1.3511216283313106e-09,1.3511216283313108e-09,1.3511216283313106e-09,1.3511216283313108e-09,1.3511216283313106e-09,1.3511216283313108e-09,1.3511216283313108e-09,1.3511216283313108e-09,1.3511216283313108e-09,1.3511216283313108e-09,1.3511216283313108e-09,1.3511216283313108e-09,1.3511216283313106e-09,1.3511216283313108e-09,1.3511216283313108e-09,1.3511216283313108e-09,1.3511216283313108e-09,1.3511216283313108e-09,1.3511216283313108e-09,1.3511216283313108e-09,1.3511216283313108e-09,1.3511216283313108e-09,1.3511216283313108e-09,1.3511216283313108e-09,1.3511216283313106e-09,1.3511216283313106e-09,1.3511216283313106e-09,1.3511216283313106e-09,1.3511216283313106e-09,1.3511216283313108e-09,1.3511216283313108e-09,1.3511216283313106e-09,1.3511216283313106e-09,1.3511216283313106e-09,1.3511216283313106e-09,1.3511216283313106e-09,1.3511216283313106e-09,1.3511216283313106e-09,1.3511216283313106e-09,1.3511216283313106e-09,1.3511216283313108e-09,1.3511216283313108e-09,1.3511216283313108e-09,1.3511216283313108e-09,1.3511216283313106e-09,1.3511216283313108e-09,1.3511216283313108e-09,1.3511216283313108e-09,1.3511216283313108e-09,1.3511216283313108e-09,1.3511216283313108e-09,1.3511216283313108e-09,1.3511216283313108e-09,1.3511216283313108e-09,1.3511216283313108e-09,1.3511216283313106e-09,1.3511216283313106e-09,1.3511216283313108e-09,1.3511216283313106e-09,1.3511216283313108e-09,1.3511216283313108e-09,1.3511216283313108e-09,1.3511216283313108e-09,1.3511216283313108e-09,1.3511216283313108e-09,1.3511216283313108e-09,1.3511216283313102e-09,1.3511216283313104e-09,1.3511216283313104e-09,1.3511216283313106e-09,1.3511216283313104e-09,1.3511216283313104e-09,1.3511216283313106e-09,1.3511216283313106e-09,1.3511216283313106e-09,1.3511216283313106e-09,1.3511216283313104e-09,1.3511216283313106e-09,1.3511216283313106e-09,1.3511216283313104e-09,1.3511216283313106e-09,1.3511216283313106e-09,1.3511216283313106e-09,1.3511216283313106e-09,1.3511216283313106e-09,1.3511216283313106e-09,1.3511216283313108e-09,1.3511216283313106e-09,1.3511216283313106e-09,1.3511216283313106e-09,1.3511216283313106e-09,1.3511216283313108e-09,1.3511216283313106e-09,1.3511216283313106e-09,1.3511216283313108e-09,1.3511216283313106e-09,1.3511216283313108e-09,1.3511216283313106e-09,1.3511216283313106e-09,1.3511216283313108e-09,1.3511216283313108e-09,1.3511216283313106e-09,1.3511216283313108e-09,1.3511216283313106e-09,1.3511216283313106e-09,1.3511216283313106e-09,1.3511216283313106e-09,1.3511216283313106e-09,1.3511216283313106e-09,1.3511216283313106e-09,1.3511216283313106e-09,1.3511216283313106e-09,1.3511216283313106e-09,1.3511216283313106e-09,1.3511216283313106e-09,1.3511216283313106e-09,1.3511216283313106e-09,1.3511216283313106e-09,1.3511216283313108e-09,1.3511216283313106e-09,1.3511216283313106e-09,1.3511216283313106e-09,1.3511216283313106e-09,1.3511216283313106e-09,1.3511216283313106e-09,1.3511216283313106e-09,1.3511216283313106e-09,1.3511216283313106e-09,1.3511216283313106e-09,1.3511216283313106e-09,1.3511216283313106e-09,1.3511216283313108e-09,1.3511216283313106e-09,1.3511216283313106e-09,1.3511216283313106e-09,1.3511216283313106e-09,1.3511216283313106e-09,1.3511216283313106e-09,1.3511216283313106e-09,1.3511216283313106e-09,1.3511216283313108e-09,1.3511216283313108e-09,1.3511216283313108e-09,1.3511216283313108e-09,1.3511216283313108e-09,1.3511216283313108e-09,1.3511216283313106e-09,1.3511216283313106e-09,1.3511216283313106e-09,1.3511216283313106e-09,1.3511216283313106e-09,1.3511216283313106e-09,1.3511216283313106e-09,1.3511216283313106e-09,1.3511216283313106e-09,1.3511216283313106e-09,1.3511216283313106e-09,1.3511216283313106e-09,1.3511216283313106e-09,1.3511216283313108e-09,1.3511216283313108e-09,1.3511216283313108e-09,1.3511216283313108e-09,1.3511216283313108e-09,1.3511216283313108e-09,1.3511216283313108e-09,1.3511216283313108e-09,1.3511216283313108e-09,1.3511216283313108e-09,1.3511216283313108e-09,1.3511216283313108e-09,1.3511216283313108e-09,1.3511216283313106e-09,1.3511216283313106e-09,1.3511216283313108e-09,1.3511216283313108e-09,1.3511216283313106e-09,1.3511216283313108e-09,1.3511216283313108e-09,1.3511216283313106e-09,1.3511216283313106e-09,1.3511216283313106e-09,1.3511216283313106e-09,1.3511216283313108e-09,1.3511216283313106e-09,1.3511216283313108e-09,1.3511216283313106e-09,1.3511216283313106e-09,1.3511216283313106e-09,1.3511216283313106e-09,1.3511216283313108e-09,1.3511216283313108e-09,1.3511216283313108e-09,1.3511216283313108e-09,1.3511216283313106e-09,1.3511216283313108e-09,1.3511216283313106e-09,1.3511216283313108e-09,1.3511216283313108e-09,1.3511216283313108e-09,1.3511216283313106e-09,1.3511216283313106e-09,1.3511216283313106e-09,1.3511216283313106e-09,1.3511216283313106e-09,1.3511216283313106e-09,1.3511216283313106e-09,1.3511216283313106e-09,1.3511216283313106e-09,1.3511216283313106e-09,1.3511216283313106e-09,1.3511216283313106e-09,1.3511216283313106e-09,1.3511216283313106e-09,1.3511216283313106e-09,1.3511216283313104e-09,1.3511216283313106e-09,1.3511216283313106e-09,1.3511216283313106e-09,1.3511216283313106e-09,1.3511216283313106e-09,1.3511216283313106e-09,1.3511216283313106e-09,1.3511216283313106e-09,1.3511216283313106e-09,1.3511216283313106e-09,1.3511216283313106e-09,1.3511216283313106e-09,1.3511216283313104e-09,1.3511216283313106e-09,1.3511216283313106e-09,1.3511216283313106e-09,1.3511216283313108e-09,1.3511216283313106e-09,1.3511216283313106e-09,1.3511216283313106e-09,1.3511216283313106e-09,1.3511216283313106e-09,1.3511216283313106e-09,1.3511216283313108e-09,1.3511216283313106e-09,1.3511216283313108e-09,1.3511216283313108e-09,1.3511216283313108e-09,1.3511216283313108e-09,1.3511216283313108e-09,1.3511216283313108e-09,1.3511216283313108e-09,1.3511216283313108e-09,1.3511216283313106e-09,1.3511216283313108e-09,1.3511216283313108e-09,1.3511216283313108e-09,1.3511216283313108e-09,1.3511216283313108e-09,1.3511216283313108e-09,1.3511216283313108e-09,1.3511216283313108e-09,1.3511216283313108e-09,1.3511216283313108e-09,1.3511216283313106e-09,1.3511216283313106e-09,1.3511216283313106e-09,1.3511216283313106e-09,1.3511216283313106e-09,1.3511216283313106e-09,1.3511216283313106e-09,1.3511216283313106e-09,1.3511216283313104e-09,1.3511216283313104e-09,1.3511216283313104e-09,1.3511216283313106e-09,1.3511216283313106e-09,1.3511216283313104e-09,1.3511216283313106e-09,1.3511216283313106e-09,1.3511216283313104e-09,1.3511216283313106e-09,1.3511216283313106e-09,1.3511216283313106e-09,1.3511216283313106e-09,1.3511216283313104e-09,1.3511216283313106e-09,1.3511216283313106e-09,1.3511216283313104e-09,1.3511216283313106e-09,1.3511216283313106e-09,1.3511216283313106e-09,1.3511216283313106e-09,1.3511216283313106e-09,1.3511216283313106e-09,1.3511216283313106e-09,1.3511216283313106e-09,1.3511216283313106e-09,1.3511216283313106e-09,1.3511216283313106e-09,1.3511216283313108e-09,1.3511216283313108e-09,1.3511216283313108e-09,1.3511216283313108e-09,1.3511216283313106e-09,1.3511216283313104e-09,1.3511216283313104e-09,1.3511216283313108e-09,1.3511216283313108e-09,1.3511216283313108e-09,1.3511216283313108e-09,1.3511216283313108e-09,1.3511216283313108e-09,1.3511216283313108e-09,1.3511216283313108e-09,1.3511216283313106e-09,1.3511216283313106e-09,1.3511216283313108e-09,1.3511216283313106e-09,1.3511216283313106e-09,1.3511216283313108e-09,1.3511216283313108e-09,1.3511216283313108e-09,1.3511216283313108e-09,1.3511216283313108e-09,1.3511216283313106e-09,1.3511216283313108e-09,1.3511216283313108e-09,1.3511216283313108e-09,1.3511216283313108e-09,1.3511216283313108e-09,1.3511216283313108e-09,1.3511216283313106e-09,1.3511216283313108e-09,1.3511216283313108e-09,1.3511216283313108e-09,1.3511216283313106e-09,1.3511216283313106e-09,1.3511216283313106e-09,1.3511216283313106e-09,1.3511216283313106e-09,1.3511216283313108e-09,1.3511216283313108e-09,1.3511216283313108e-09,1.3511216283313108e-09,1.3511216283313106e-09,1.3511216283313106e-09,1.3511216283313106e-09,1.3511216283313106e-09,1.3511216283313106e-09,1.3511216283313106e-09,1.3511216283313106e-09,1.3511216283313106e-09,1.3511216283313106e-09,1.3511216283313106e-09,1.3511216283313106e-09,1.3511216283313106e-09,1.3511216283313106e-09,1.3511216283313106e-09,1.3511216283313106e-09,1.3511216283313106e-09,1.3511216283313106e-09,1.3511216283313106e-09,1.3511216283313106e-09,1.3511216283313106e-09,1.3511216283313108e-09,1.3511216283313108e-09,1.3511216283313108e-09,1.3511216283313106e-09,1.3511216283313106e-09,1.3511216283313108e-09,1.3511216283313106e-09,1.3511216283313108e-09,1.3511216283313106e-09,1.3511216283313108e-09,1.3511216283313108e-09,1.3511216283313108e-09,1.3511216283313108e-09,1.3511216283313108e-09,1.3511216283313106e-09,1.3511216283313108e-09,1.3511216283313108e-09,1.3511216283313108e-09,1.3511216283313108e-09,1.3511216283313108e-09,1.3511216283313108e-09,1.3511216283313108e-09,1.3511216283313108e-09,1.3511216283313108e-09,1.3511216283313108e-09,1.3511216283313108e-09,1.3511216283313108e-09,1.3511216283313106e-09,1.3511216283313108e-09,1.3511216283313108e-09,1.3511216283313108e-09,1.3511216283313108e-09,1.3511216283313108e-09,1.3511216283313108e-09,1.3511216283313108e-09,1.3511216283313108e-09,1.3511216283313108e-09,1.3511216283313108e-09,1.3511216283313108e-09,1.3511216283313108e-09,1.3511216283313108e-09,1.3511216283313108e-09,1.3511216283313108e-09,1.3511216283313108e-09,1.3511216283313108e-09,1.3511216283313108e-09,1.3511216283313108e-09,1.3511216283313106e-09,1.3511216283313108e-09,1.3511216283313108e-09,1.3511216283313108e-09,1.3511216283313108e-09,1.3511216283313108e-09,1.3511216283313108e-09,1.3511216283313108e-09,1.3511216283313108e-09,1.3511216283313108e-09,1.3511216283313108e-09,1.3511216283313108e-09,1.3511216283313108e-09,1.3511216283313108e-09,1.3511216283313108e-09,1.3511216283313108e-09,1.3511216283313108e-09,1.3511216283313108e-09,1.3511216283313106e-09,1.3511216283313106e-09,1.3511216283313102e-09,1.3511216283313106e-09,1.3511216283313106e-09,1.3511216283313106e-09,1.3511216283313106e-09,1.3511216283313106e-09,1.3511216283313106e-09,1.3511216283313106e-09,1.3511216283313106e-09,1.3511216283313106e-09,1.3511216283313106e-09,1.3511216283313106e-09,1.3511216283313106e-09,1.3511216283313106e-09,1.3511216283313106e-09,1.3511216283313106e-09,1.3511216283313106e-09,1.3511216283313106e-09,1.3511216283313108e-09,1.3511216283313108e-09,1.3511216283313108e-09,1.3511216283313106e-09,1.3511216283313106e-09,1.3511216283313106e-09,1.3511216283313106e-09,1.3511216283313106e-09,1.3511216283313108e-09,1.3511216283313108e-09,1.3511216283313108e-09,1.3511216283313108e-09,1.3511216283313108e-09,1.3511216283313108e-09,1.3511216283313108e-09,1.3511216283313108e-09,1.3511216283313108e-09,1.3511216283313108e-09,1.3511216283313108e-09,1.3511216283313108e-09,1.3511216283313108e-09,1.3511216283313108e-09,1.3511216283313108e-09,1.3511216283313108e-09,1.3511216283313108e-09,1.3511216283313106e-09,1.3511216283313106e-09,1.3511216283313106e-09,1.3511216283313108e-09,1.3511216283313108e-09,1.3511216283313108e-09,1.3511216283313108e-09,1.3511216283313108e-09,1.3511216283313108e-09,1.3511216283313108e-09,1.3511216283313108e-09,1.3511216283313108e-09,1.3511216283313108e-09,1.3511216283313108e-09,1.3511216283313108e-09,1.3511216283313108e-09,1.3511216283313108e-09,1.3511216283313108e-09,1.3511216283313106e-09,1.3511216283313106e-09,1.3511216283313108e-09,1.3511216283313108e-09,1.3511216283313106e-09,1.3511216283313106e-09,1.3511216283313106e-09,1.3511216283313106e-09,1.3511216283313106e-09,1.3511216283313106e-09,1.3511216283313108e-09,1.3511216283313106e-09,1.3511216283313106e-09,1.3511216283313106e-09,1.3511216283313106e-09,1.3511216283313104e-09,1.3511216283313104e-09,1.3511216283313106e-09,1.3511216283313106e-09,1.3511216283313106e-09,1.3511216283313106e-09,1.3511216283313106e-09,1.3511216283313106e-09,1.3511216283313106e-09,1.3511216283313106e-09,1.3511216283313106e-09,1.3511216283313106e-09,1.3511216283313106e-09,1.3511216283313106e-09,1.3511216283313106e-09,1.3511216283313106e-09,1.3511216283313106e-09,1.3511216283313106e-09,1.3511216283313106e-09,1.3511216283313106e-09,1.3511216283313106e-09,1.3511216283313106e-09,1.3511216283313106e-09,1.3511216283313106e-09,1.3511216283313106e-09,1.3511216283313106e-09,1.3511216283313106e-09,1.3511216283313106e-09,1.3511216283313106e-09,1.3511216283313106e-09,1.3511216283313106e-09,1.3511216283313106e-09,1.3511216283313106e-09,1.3511216283313104e-09,1.3511216283313104e-09,1.3511216283313106e-09,1.3511216283313106e-09,1.3511216283313106e-09,1.3511216283313106e-09,1.3511216283313106e-09,1.3511216283313106e-09,1.3511216283313104e-09,1.3511216283313104e-09,1.3511216283313104e-09,1.3511216283313106e-09,1.3511216283313106e-09,1.3511216283313106e-09,1.3511216283313106e-09,1.3511216283313106e-09,1.3511216283313106e-09,1.3511216283313106e-09,1.3511216283313106e-09,1.3511216283313106e-09,1.3511216283313104e-09,1.3511216283313106e-09,1.3511216283313106e-09,1.3511216283313106e-09,1.3511216283313106e-09,1.3511216283313106e-09,1.3511216283313106e-09,1.3511216283313106e-09,1.3511216283313106e-09,1.3511216283313106e-09,1.3511216283313106e-09,1.3511216283313106e-09,1.3511216283313106e-09,1.3511216283313106e-09,1.3511216283313106e-09,1.3511216283313106e-09,1.3511216283313106e-09,1.3511216283313106e-09,1.3511216283313106e-09,1.3511216283313106e-09,1.3511216283313106e-09,1.3511216283313106e-09,1.3511216283313106e-09,1.3511216283313106e-09,1.3511216283313106e-09,1.3511216283313106e-09,1.3511216283313106e-09,1.3511216283313106e-09,1.3511216283313106e-09,1.3511216283313106e-09,1.3511216283313106e-09,1.3511216283313106e-09,1.3511216283313106e-09,1.3511216283313106e-09,1.3511216283313106e-09,1.3511216283313108e-09,1.3511216283313108e-09,1.3511216283313108e-09,1.3511216283313106e-09,1.3511216283313106e-09,1.3511216283313106e-09,1.3511216283313106e-09,1.3511216283313108e-09,1.3511216283313108e-09,1.3511216283313108e-09,1.3511216283313106e-09,1.3511216283313108e-09,1.3511216283313108e-09,1.351121628331311e-09,1.351121628331311e-09,1.351121628331311e-09,1.351121628331311e-09,1.3511216283313108e-09,1.3511216283313108e-09,1.3511216283313108e-09,1.3511216283313108e-09,1.3511216283313108e-09,1.351121628331311e-09,1.351121628331311e-09,1.351121628331311e-09,1.3511216283313108e-09,1.351121628331311e-09,1.351121628331311e-09,1.3511216283313108e-09,1.3511216283313108e-09,1.3511216283313108e-09,1.3511216283313108e-09,1.351121628331311e-09,1.3511216283313108e-09,1.3511216283313108e-09,1.351121628331311e-09,1.3511216283313108e-09,1.3511216283313108e-09,1.3511216283313108e-09,1.3511216283313108e-09,1.351121628331311e-09,1.3511216283313108e-09,1.351121628331311e-09,1.351121628331311e-09,1.351121628331311e-09,1.351121628331311e-09,1.3511216283313108e-09,1.351121628331311e-09,1.3511216283313108e-09,1.3511216283313108e-09,1.3511216283313108e-09,1.3511216283313108e-09,1.3511216283313108e-09,1.3511216283313108e-09,1.3511216283313108e-09,1.3511216283313108e-09,1.3511216283313108e-09,1.3511216283313108e-09,1.3511216283313108e-09,1.3511216283313108e-09,1.3511216283313108e-09,1.3511216283313108e-09,1.3511216283313108e-09,1.3511216283313108e-09,1.3511216283313108e-09,1.3511216283313106e-09,1.3511216283313108e-09,1.3511216283313106e-09,1.3511216283313106e-09,1.3511216283313106e-09,1.3511216283313106e-09,1.3511216283313106e-09,1.3511216283313106e-09,1.3511216283313106e-09,1.3511216283313106e-09,1.3511216283313106e-09,1.3511216283313106e-09,1.3511216283313108e-09,1.3511216283313106e-09,1.3511216283313108e-09,1.3511216283313106e-09,1.3511216283313106e-09,1.3511216283313108e-09,1.3511216283313106e-09,1.3511216283313106e-09,1.3511216283313108e-09,1.3511216283313108e-09,1.3511216283313106e-09,1.3511216283313108e-09,1.3511216283313108e-09,1.3511216283313108e-09,1.3511216283313106e-09,1.3511216283313108e-09,1.3511216283313106e-09,1.3511216283313108e-09,1.3511216283313108e-09,1.3511216283313108e-09,1.3511216283313108e-09,1.3511216283313108e-09,1.3511216283313108e-09,1.3511216283313108e-09,1.3511216283313108e-09,1.3511216283313108e-09,1.3511216283313108e-09,1.3511216283313108e-09,1.3511216283313106e-09,1.3511216283313108e-09,1.3511216283313108e-09,1.3511216283313106e-09,1.3511216283313108e-09,1.3511216283313108e-09,1.3511216283313108e-09,1.3511216283313108e-09,1.3511216283313108e-09,1.3511216283313108e-09,1.3511216283313108e-09,1.3511216283313108e-09,1.3511216283313108e-09,1.3511216283313108e-09,1.3511216283313108e-09,1.3511216283313108e-09,1.3511216283313108e-09,1.3511216283313108e-09,1.3511216283313106e-09,1.3511216283313106e-09,1.3511216283313106e-09,1.3511216283313106e-09,1.3511216283313106e-09,1.3511216283313108e-09,1.3511216283313106e-09,1.3511216283313106e-09,1.3511216283313106e-09,1.3511216283313106e-09,1.3511216283313106e-09,1.3511216283313106e-09,1.3511216283313106e-09,1.3511216283313106e-09,1.3511216283313106e-09,1.3511216283313106e-09,1.3511216283313106e-09,1.3511216283313106e-09,1.3511216283313106e-09,1.3511216283313106e-09,1.3511216283313104e-09,1.3511216283313106e-09,1.3511216283313104e-09,1.3511216283313104e-09,1.3511216283313104e-09,1.3511216283313104e-09,1.3511216283313104e-09,1.3511216283313106e-09,1.3511216283313106e-09,1.3511216283313104e-09,1.3511216283313106e-09,1.3511216283313106e-09,1.3511216283313104e-09,1.3511216283313106e-09,1.3511216283313104e-09,1.3511216283313106e-09,1.3511216283313104e-09,1.3511216283313106e-09,1.3511216283313104e-09,1.3511216283313104e-09,1.3511216283313106e-09,1.3511216283313106e-09,1.3511216283313106e-09,1.3511216283313104e-09,1.3511216283313106e-09,1.3511216283313104e-09,1.3511216283313106e-09,1.3511216283313106e-09,1.3511216283313104e-09,1.3511216283313106e-09,1.3511216283313106e-09,1.3511216283313106e-09,1.3511216283313106e-09,1.3511216283313104e-09,1.3511216283313106e-09,1.3511216283313104e-09,1.3511216283313106e-09,1.3511216283313106e-09,1.3511216283313106e-09,1.3511216283313106e-09,1.3511216283313104e-09,1.3511216283313106e-09,1.3511216283313106e-09,1.3511216283313104e-09,1.3511216283313104e-09,1.3511216283313106e-09,1.3511216283313106e-09,1.3511216283313106e-09,1.3511216283313104e-09,1.3511216283313106e-09,1.3511216283313106e-09,1.3511216283313106e-09,1.3511216283313106e-09,1.3511216283313106e-09,1.3511216283313106e-09,1.3511216283313106e-09,1.3511216283313108e-09,1.3511216283313108e-09,1.3511216283313108e-09,1.3511216283313108e-09,1.3511216283313108e-09,1.3511216283313108e-09,1.3511216283313108e-09,1.3511216283313108e-09,1.3511216283313106e-09,1.3511216283313106e-09,1.3511216283313106e-09,1.3511216283313106e-09,1.3511216283313106e-09,1.3511216283313106e-09,1.3511216283313106e-09,1.3511216283313108e-09,1.3511216283313108e-09,1.3511216283313108e-09,1.3511216283313106e-09,1.3511216283313108e-09,1.3511216283313106e-09,1.3511216283313106e-09,1.3511216283313106e-09,1.3511216283313106e-09,1.3511216283313106e-09,1.3511216283313106e-09,1.3511216283313106e-09,1.3511216283313106e-09,1.3511216283313106e-09,1.3511216283313108e-09,1.3511216283313106e-09,1.3511216283313106e-09,1.3511216283313106e-09,1.3511216283313106e-09,1.3511216283313108e-09,1.3511216283313106e-09,1.3511216283313106e-09,1.3511216283313108e-09,1.3511216283313108e-09,1.3511216283313108e-09,1.3511216283313106e-09,1.3511216283313106e-09,1.3511216283313108e-09,1.3511216283313106e-09,1.3511216283313108e-09,1.3511216283313106e-09,1.3511216283313108e-09,1.3511216283313108e-09,1.3511216283313108e-09,1.3511216283313108e-09,1.3511216283313108e-09,1.3511216283313108e-09,1.3511216283313106e-09,1.3511216283313108e-09,1.3511216283313108e-09,1.3511216283313106e-09,1.3511216283313108e-09,1.3511216283313108e-09,1.3511216283313106e-09,1.3511216283313108e-09,1.3511216283313106e-09,1.3511216283313108e-09,1.3511216283313106e-09,1.3511216283313108e-09,1.3511216283313106e-09,1.3511216283313108e-09,1.3511216283313106e-09,1.3511216283313108e-09,1.3511216283313108e-09,1.3511216283313108e-09,1.3511216283313108e-09,1.3511216283313108e-09,1.3511216283313108e-09,1.3511216283313108e-09,1.3511216283313106e-09,1.3511216283313108e-09,1.3511216283313108e-09,1.3511216283313108e-09,1.3511216283313108e-09,1.3511216283313108e-09,1.3511216283313108e-09,1.3511216283313108e-09,1.3511216283313108e-09,1.3511216283313108e-09,1.3511216283313108e-09,1.3511216283313108e-09,1.3511216283313108e-09,1.3511216283313108e-09,1.3511216283313108e-09,1.3511216283313106e-09,1.3511216283313106e-09,1.3511216283313106e-09,1.3511216283313106e-09,1.3511216283313106e-09,1.3511216283313106e-09,1.3511216283313106e-09,1.3511216283313106e-09,1.3511216283313106e-09,1.3511216283313106e-09,1.3511216283313106e-09,1.3511216283313106e-09,1.3511216283313106e-09,1.3511216283313106e-09,1.3511216283313106e-09,1.3511216283313106e-09,1.3511216283313106e-09,1.3511216283313106e-09,1.3511216283313106e-09,1.3511216283313106e-09,1.3511216283313106e-09,1.3511216283313106e-09,1.3511216283313106e-09,1.3511216283313106e-09,1.3511216283313106e-09,1.3511216283313106e-09,1.3511216283313104e-09,1.3511216283313104e-09,1.3511216283313104e-09,1.3511216283313104e-09,1.3511216283313104e-09,1.3511216283313104e-09,1.3511216283313104e-09,1.3511216283313106e-09,1.3511216283313106e-09,1.3511216283313106e-09,1.3511216283313104e-09,1.35112162833131e-09,1.3511216283313104e-09,1.3511216283313104e-09,1.3511216283313108e-09,1.3511216283313104e-09,1.3511216283313104e-09,1.3511216283313106e-09,1.3511216283313106e-09,1.3511216283313104e-09,1.3511216283313106e-09,1.3511216283313106e-09,1.35112162833131e-09,1.3511216283313106e-09,1.3511216283313106e-09,1.3511216283313106e-09,1.3511216283313106e-09,1.3511216283313106e-09,1.3511216283313104e-09,1.3511216283313108e-09,1.3511216283313106e-09,1.3511216283313106e-09,1.3511216283313102e-09,1.3511216283313106e-09,1.3511216283313106e-09,1.3511216283313106e-09,1.3511216283313106e-09,1.3511216283313106e-09,1.3511216283313106e-09,1.3511216283313106e-09,1.3511216283313108e-09,1.3511216283313106e-09,1.3511216283313104e-09,1.3511216283313106e-09,1.3511216283313106e-09,1.3511216283313106e-09,1.3511216283313106e-09,1.3511216283313108e-09,1.3511216283313108e-09,1.3511216283313106e-09,1.3511216283313106e-09,1.3511216283313106e-09,1.3511216283313108e-09,1.3511216283313106e-09,1.3511216283313106e-09,1.3511216283313106e-09,1.3511216283313106e-09,1.3511216283313104e-09,1.3511216283313106e-09,1.3511216283313106e-09,1.3511216283313106e-09,1.3511216283313106e-09,1.3511216283313106e-09,1.3511216283313106e-09,1.3511216283313106e-09,1.3511216283313104e-09,1.3511216283313106e-09,1.3511216283313108e-09,1.3511216283313106e-09,1.3511216283313106e-09,1.3511216283313106e-09,1.3511216283313106e-09,1.3511216283313108e-09,1.3511216283313106e-09,1.3511216283313106e-09,1.3511216283313106e-09,1.3511216283313106e-09,1.3511216283313106e-09,1.3511216283313106e-09,1.3511216283313106e-09,1.3511216283313106e-09,1.3511216283313106e-09,1.3511216283313108e-09,1.3511216283313108e-09,1.3511216283313106e-09,1.3511216283313106e-09,1.3511216283313106e-09,1.3511216283313108e-09,1.3511216283313108e-09,1.3511216283313108e-09,1.3511216283313108e-09,1.3511216283313108e-09,1.3511216283313108e-09,1.3511216283313108e-09,1.3511216283313108e-09,1.3511216283313106e-09,1.3511216283313106e-09,1.3511216283313106e-09,1.3511216283313106e-09,1.3511216283313106e-09,1.3511216283313108e-09,1.3511216283313108e-09,1.3511216283313108e-09,1.3511216283313108e-09,1.3511216283313108e-09,1.3511216283313106e-09,1.3511216283313106e-09,1.3511216283313108e-09,1.3511216283313108e-09,1.3511216283313108e-09,1.3511216283313108e-09,1.3511216283313108e-09,1.3511216283313108e-09,1.3511216283313108e-09,1.3511216283313108e-09,1.3511216283313108e-09,1.3511216283313108e-09,1.3511216283313108e-09,1.3511216283313108e-09,1.3511216283313108e-09,1.3511216283313108e-09,1.3511216283313108e-09,1.3511216283313108e-09,1.3511216283313106e-09,1.3511216283313108e-09,1.3511216283313108e-09,1.3511216283313108e-09,1.3511216283313106e-09,1.3511216283313108e-09,1.3511216283313108e-09,1.3511216283313106e-09,1.3511216283313108e-09,1.3511216283313106e-09,1.3511216283313108e-09,1.3511216283313106e-09,1.3511216283313108e-09,1.3511216283313108e-09,1.3511216283313106e-09,1.3511216283313108e-09,1.3511216283313106e-09,1.3511216283313108e-09,1.3511216283313108e-09,1.3511216283313106e-09,1.3511216283313108e-09,1.3511216283313106e-09,1.3511216283313106e-09,1.3511216283313108e-09,1.3511216283313108e-09,1.3511216283313106e-09,1.3511216283313108e-09,1.3511216283313106e-09,1.3511216283313108e-09,1.3511216283313108e-09,1.3511216283313108e-09,1.3511216283313108e-09,1.3511216283313108e-09,1.3511216283313108e-09,1.3511216283313108e-09,1.3511216283313106e-09,1.3511216283313108e-09,1.3511216283313108e-09,1.3511216283313108e-09,1.3511216283313108e-09,1.3511216283313108e-09,1.3511216283313108e-09,1.3511216283313108e-09,1.3511216283313108e-09,1.3511216283313108e-09,1.3511216283313108e-09,1.3511216283313108e-09,1.3511216283313106e-09,1.3511216283313108e-09,1.3511216283313108e-09,1.3511216283313106e-09,1.3511216283313108e-09,1.3511216283313108e-09,1.3511216283313108e-09,1.3511216283313108e-09,1.3511216283313108e-09,1.3511216283313108e-09,1.3511216283313106e-09,1.3511216283313108e-09,1.3511216283313108e-09,1.3511216283313108e-09,1.3511216283313108e-09,1.3511216283313108e-09,1.3511216283313108e-09,1.3511216283313108e-09,1.3511216283313108e-09,1.3511216283313108e-09,1.3511216283313108e-09,1.3511216283313108e-09,1.3511216283313108e-09,1.3511216283313108e-09,1.3511216283313108e-09,1.3511216283313108e-09,1.3511216283313108e-09,1.3511216283313108e-09,1.3511216283313108e-09,1.3511216283313108e-09,1.3511216283313106e-09,1.3511216283313106e-09,1.3511216283313106e-09,1.3511216283313108e-09,1.3511216283313106e-09,1.3511216283313106e-09,1.3511216283313106e-09,1.3511216283313106e-09,1.3511216283313108e-09,1.3511216283313108e-09,1.3511216283313108e-09,1.3511216283313108e-09,1.3511216283313106e-09,1.3511216283313106e-09,1.3511216283313106e-09,1.3511216283313106e-09,1.3511216283313106e-09,1.3511216283313106e-09,1.3511216283313106e-09,1.3511216283313106e-09,1.3511216283313106e-09,1.3511216283313106e-09,1.3511216283313106e-09,1.3511216283313104e-09,1.3511216283313106e-09,1.3511216283313106e-09,1.3511216283313106e-09,1.3511216283313106e-09,1.3511216283313106e-09,1.3511216283313106e-09,1.3511216283313106e-09,1.3511216283313108e-09,1.3511216283313106e-09,1.3511216283313106e-09,1.3511216283313106e-09,1.3511216283313106e-09,1.3511216283313106e-09,1.3511216283313106e-09,1.3511216283313106e-09,1.3511216283313106e-09,1.3511216283313106e-09,1.3511216283313106e-09,1.3511216283313106e-09,1.3511216283313106e-09,1.3511216283313106e-09,1.3511216283313106e-09,1.3511216283313106e-09,1.3511216283313108e-09,1.3511216283313106e-09,1.3511216283313106e-09,1.3511216283313106e-09,1.3511216283313108e-09,1.3511216283313108e-09,1.3511216283313106e-09,1.3511216283313108e-09,1.3511216283313106e-09,1.3511216283313108e-09,1.3511216283313108e-09,1.3511216283313106e-09,1.3511216283313108e-09,1.3511216283313108e-09,1.3511216283313108e-09,1.3511216283313108e-09,1.3511216283313108e-09,1.3511216283313106e-09,1.3511216283313106e-09,1.3511216283313106e-09,1.3511216283313108e-09,1.3511216283313108e-09,1.3511216283313108e-09,1.3511216283313108e-09,1.3511216283313108e-09,1.3511216283313108e-09,1.3511216283313106e-09,1.3511216283313106e-09,1.3511216283313106e-09,1.3511216283313106e-09,1.3511216283313104e-09,1.3511216283313102e-09,1.3511216283313106e-09,1.3511216283313106e-09,1.3511216283313106e-09,1.3511216283313106e-09,1.3511216283313106e-09,1.3511216283313106e-09,1.3511216283313106e-09,1.3511216283313106e-09,1.3511216283313106e-09,1.3511216283313106e-09,1.3511216283313106e-09,1.3511216283313106e-09,1.3511216283313106e-09,1.3511216283313106e-09,1.3511216283313106e-09,1.3511216283313106e-09,1.3511216283313104e-09,1.3511216283313106e-09,1.3511216283313104e-09,1.3511216283313106e-09,1.3511216283313106e-09,1.3511216283313106e-09,1.3511216283313106e-09,1.3511216283313106e-09,1.3511216283313106e-09,1.3511216283313106e-09,1.3511216283313106e-09,1.3511216283313104e-09,1.3511216283313106e-09,1.3511216283313106e-09,1.3511216283313106e-09,1.3511216283313106e-09,1.3511216283313106e-09,1.3511216283313106e-09,1.3511216283313106e-09,1.3511216283313106e-09,1.3511216283313106e-09,1.3511216283313104e-09,1.3511216283313106e-09,1.3511216283313104e-09,1.3511216283313106e-09,1.3511216283313106e-09,1.3511216283313104e-09,1.3511216283313106e-09,1.3511216283313106e-09,1.3511216283313106e-09,1.3511216283313106e-09,1.3511216283313106e-09,1.3511216283313106e-09,1.3511216283313106e-09,1.3511216283313106e-09,1.3511216283313106e-09,1.3511216283313106e-09,1.3511216283313106e-09,1.3511216283313106e-09,1.3511216283313104e-09,1.3511216283313106e-09,1.3511216283313106e-09,1.3511216283313106e-09,1.3511216283313106e-09,1.3511216283313106e-09,1.3511216283313106e-09,1.3511216283313106e-09,1.3511216283313108e-09,1.3511216283313108e-09,1.3511216283313106e-09,1.3511216283313104e-09,1.3511216283313104e-09,1.3511216283313106e-09,1.3511216283313106e-09,1.3511216283313104e-09,1.3511216283313106e-09,1.3511216283313106e-09,1.3511216283313104e-09,1.3511216283313106e-09,1.3511216283313104e-09,1.3511216283313106e-09,1.3511216283313106e-09,1.3511216283313106e-09,1.3511216283313104e-09,1.3511216283313106e-09,1.3511216283313102e-09,1.3511216283313106e-09,1.3511216283313106e-09,1.3511216283313106e-09,1.3511216283313106e-09,1.3511216283313106e-09,1.3511216283313106e-09,1.3511216283313106e-09,1.3511216283313106e-09,1.3511216283313104e-09,1.3511216283313106e-09,1.3511216283313106e-09,1.3511216283313106e-09,1.3511216283313106e-09,1.3511216283313106e-09,1.3511216283313106e-09,1.3511216283313106e-09,1.3511216283313106e-09,1.3511216283313106e-09,1.3511216283313106e-09,1.3511216283313106e-09,1.3511216283313106e-09,1.3511216283313106e-09,1.3511216283313106e-09,1.3511216283313106e-09,1.3511216283313106e-09,1.351121628331311e-09,1.351121628331311e-09,1.351121628331311e-09,1.351121628331311e-09,1.351121628331311e-09,1.351121628331311e-09,1.351121628331311e-09,1.351121628331311e-09,1.351121628331311e-09,1.351121628331311e-09,1.3511216283313112e-09,1.3511216283313112e-09,1.3511216283313108e-09,1.3511216283313106e-09,1.3511216283313106e-09,1.3511216283313106e-09,1.351121628331311e-09,1.351121628331311e-09,1.351121628331311e-09,1.351121628331311e-09,1.3511216283313112e-09,1.3511216283313112e-09,1.3511216283313112e-09,1.3511216283313108e-09,1.3511216283313108e-09,1.3511216283313108e-09,1.3511216283313108e-09,1.3511216283313108e-09,1.3511216283313108e-09,1.3511216283313108e-09,1.3511216283313108e-09,1.3511216283313108e-09,1.3511216283313108e-09,1.3511216283313108e-09,1.3511216283313108e-09,1.3511216283313108e-09,1.3511216283313106e-09,1.3511216283313106e-09,1.351121628331311e-09,1.351121628331311e-09,1.351121628331311e-09,1.351121628331311e-09,1.351121628331311e-09,1.351121628331311e-09,1.351121628331311e-09,1.351121628331311e-09,1.351121628331311e-09,1.351121628331311e-09,1.351121628331311e-09,1.351121628331311e-09,1.351121628331311e-09,1.351121628331311e-09,1.351121628331311e-09,1.351121628331311e-09,1.351121628331311e-09,1.3511216283313112e-09,1.3511216283313108e-09,1.3511216283313108e-09,1.3511216283313108e-09,1.3511216283313108e-09,1.3511216283313108e-09,1.3511216283313108e-09,1.3511216283313108e-09,1.3511216283313108e-09,1.3511216283313108e-09,1.3511216283313108e-09,1.3511216283313108e-09,1.3511216283313108e-09,1.351121628331311e-09,1.351121628331311e-09,1.351121628331311e-09,1.351121628331311e-09,1.351121628331311e-09,1.351121628331311e-09,1.3511216283313108e-09,1.3511216283313108e-09,1.3511216283313108e-09,1.3511216283313108e-09,1.3511216283313108e-09,1.3511216283313108e-09,1.3511216283313108e-09,1.3511216283313108e-09,1.351121628331311e-09,1.351121628331311e-09,1.351121628331311e-09,1.351121628331311e-09,1.3511216283313112e-09,1.3511216283313108e-09,1.3511216283313108e-09,1.3511216283313108e-09,1.3511216283313108e-09,1.3511216283313108e-09,1.3511216283313108e-09,1.3511216283313108e-09,1.3511216283313108e-09,1.3511216283313108e-09,1.3511216283313108e-09,1.3511216283313108e-09,1.3511216283313108e-09,1.3511216283313108e-09,1.3511216283313108e-09,1.3511216283313108e-09,1.3511216283313108e-09,1.3511216283313108e-09,1.3511216283313108e-09,1.3511216283313108e-09,1.3511216283313108e-09,1.3511216283313108e-09,1.3511216283313108e-09,1.3511216283313108e-09,1.3511216283313108e-09,1.3511216283313106e-09,1.3511216283313106e-09,1.3511216283313106e-09,1.3511216283313106e-09,1.3511216283313106e-09,1.3511216283313106e-09,1.3511216283313106e-09,1.3511216283313112e-09,1.3511216283313112e-09,1.3511216283313112e-09,1.351121628331311e-09,1.351121628331311e-09,1.3511216283313112e-09,1.3511216283313108e-09,1.3511216283313108e-09,1.3511216283313108e-09,1.3511216283313108e-09,1.3511216283313108e-09,1.3511216283313108e-09,1.3511216283313106e-09,1.3511216283313112e-09,1.3511216283313112e-09,1.3511216283313112e-09,1.3511216283313112e-09,1.3511216283313112e-09,1.3511216283313112e-09,1.3511216283313112e-09,1.3511216283313112e-09,1.3511216283313108e-09,1.3511216283313108e-09,1.3511216283313108e-09,1.3511216283313108e-09,1.3511216283313108e-09,1.3511216283313108e-09,1.3511216283313108e-09,1.3511216283313108e-09,1.3511216283313108e-09,1.3511216283313106e-09,1.3511216283313106e-09,1.3511216283313106e-09,1.3511216283313106e-09,1.3511216283313106e-09,1.3511216283313106e-09,1.3511216283313106e-09,1.3511216283313106e-09,1.3511216283313106e-09,1.3511216283313106e-09,1.3511216283313106e-09,1.351121628331311e-09,1.351121628331311e-09,1.3511216283313112e-09,1.351121628331311e-09,1.351121628331311e-09,1.351121628331311e-09,1.351121628331311e-09,1.351121628331311e-09,1.351121628331311e-09,1.351121628331311e-09,1.351121628331311e-09,1.351121628331311e-09,1.3511216283313112e-09,1.3511216283313106e-09,1.3511216283313106e-09,1.3511216283313106e-09,1.3511216283313106e-09,1.3511216283313106e-09,1.3511216283313106e-09,1.3511216283313106e-09,1.3511216283313106e-09,1.3511216283313106e-09,1.3511216283313106e-09,1.3511216283313106e-09,1.3511216283313106e-09,1.3511216283313104e-09,1.3511216283313104e-09,1.3511216283313104e-09,1.3511216283313104e-09,1.3511216283313104e-09,1.351121628331311e-09,1.351121628331311e-09,1.351121628331311e-09,1.351121628331311e-09,1.351121628331311e-09,1.351121628331311e-09,1.351121628331311e-09,1.351121628331311e-09,1.351121628331311e-09,1.351121628331311e-09,1.351121628331311e-09,1.351121628331311e-09,1.3511216283313112e-09,1.3511216283313106e-09,1.3511216283313106e-09,1.3511216283313106e-09,1.3511216283313106e-09,1.3511216283313106e-09,1.3511216283313106e-09,1.3511216283313106e-09,1.3511216283313106e-09,1.3511216283313106e-09,1.3511216283313106e-09,1.3511216283313106e-09,1.351121628331311e-09,1.351121628331311e-09,1.351121628331311e-09,1.351121628331311e-09,1.351121628331311e-09,1.3511216283313112e-09,1.3511216283313112e-09,1.3511216283313112e-09,1.3511216283313112e-09,1.3511216283313106e-09,1.3511216283313106e-09,1.3511216283313106e-09,1.3511216283313106e-09,1.3511216283313106e-09,1.3511216283313106e-09,1.3511216283313106e-09,1.3511216283313106e-09,1.3511216283313106e-09,1.3511216283313106e-09,1.3511216283313106e-09,1.3511216283313106e-09,1.3511216283313106e-09,1.3511216283313106e-09,1.3511216283313106e-09,1.351121628331311e-09,1.351121628331311e-09,1.351121628331311e-09,1.351121628331311e-09,1.351121628331311e-09,1.351121628331311e-09,1.351121628331311e-09,1.351121628331311e-09,1.3511216283313106e-09,1.3511216283313106e-09,1.3511216283313106e-09,1.3511216283313106e-09,1.3511216283313106e-09,1.3511216283313106e-09,1.3511216283313106e-09,1.3511216283313106e-09,1.3511216283313106e-09,1.3511216283313106e-09,1.3511216283313106e-09,1.3511216283313106e-09,1.3511216283313106e-09,1.3511216283313106e-09,1.3511216283313106e-09,1.3511216283313106e-09,1.3511216283313106e-09,1.3511216283313106e-09,1.3511216283313108e-09,1.3511216283313108e-09,1.3511216283313108e-09,1.3511216283313108e-09,1.3511216283313108e-09,1.3511216283313108e-09,1.3511216283313108e-09,1.3511216283313108e-09,1.3511216283313108e-09,1.3511216283313108e-09,1.3511216283313108e-09,1.351121628331311e-09,1.3511216283313108e-09,1.3511216283313108e-09,1.3511216283313112e-09,1.3511216283313108e-09,1.3511216283313108e-09,1.3511216283313108e-09,1.351121628331311e-09,1.3511216283313112e-09,1.3511216283313108e-09,1.351121628331311e-09,1.3511216283313108e-09,1.3511216283313108e-09,1.351121628331311e-09,1.351121628331311e-09,1.351121628331311e-09,1.3511216283313106e-09,1.351121628331311e-09,1.351121628331311e-09,1.3511216283313108e-09,1.3511216283313108e-09,1.351121628331311e-09,1.351121628331311e-09,1.351121628331311e-09,1.351121628331311e-09,1.351121628331311e-09,1.351121628331311e-09,1.351121628331311e-09,1.351121628331311e-09,1.351121628331311e-09,1.351121628331311e-09,1.351121628331311e-09,1.351121628331311e-09,1.3511216283313112e-09,1.3511216283313112e-09,1.3511216283313108e-09,1.3511216283313108e-09,1.3511216283313108e-09,1.3511216283313112e-09,1.3511216283313112e-09,1.3511216283313112e-09,1.3511216283313112e-09,1.3511216283313112e-09,1.3511216283313112e-09,1.3511216283313112e-09,1.3511216283313112e-09,1.351121628331311e-09,1.351121628331311e-09,1.351121628331311e-09,1.351121628331311e-09,1.351121628331311e-09,1.351121628331311e-09,1.351121628331311e-09,1.3511216283313108e-09,1.3511216283313108e-09,1.3511216283313108e-09,1.3511216283313108e-09,1.3511216283313108e-09,1.3511216283313108e-09,1.3511216283313108e-09,1.3511216283313108e-09,1.3511216283313108e-09,1.3511216283313108e-09,1.3511216283313108e-09,1.3511216283313108e-09,1.3511216283313108e-09,1.3511216283313106e-09,1.3511216283313106e-09,1.3511216283313108e-09,1.3511216283313106e-09,1.3511216283313108e-09,1.3511216283313106e-09,1.3511216283313108e-09,1.3511216283313108e-09,1.3511216283313106e-09,1.3511216283313108e-09,1.3511216283313108e-09,1.3511216283313108e-09,1.3511216283313108e-09,1.3511216283313106e-09,1.3511216283313108e-09,1.3511216283313108e-09,1.3511216283313108e-09,1.3511216283313108e-09,1.3511216283313108e-09,1.3511216283313108e-09,1.3511216283313108e-09,1.3511216283313108e-09,1.3511216283313108e-09,1.3511216283313106e-09,1.3511216283313108e-09,1.3511216283313106e-09,1.3511216283313106e-09,1.3511216283313106e-09,1.3511216283313106e-09,1.3511216283313106e-09,1.3511216283313108e-09,1.3511216283313108e-09,1.3511216283313106e-09,1.3511216283313106e-09,1.3511216283313106e-09,1.3511216283313108e-09,1.3511216283313106e-09,1.3511216283313106e-09,1.3511216283313108e-09,1.3511216283313108e-09,1.3511216283313106e-09,1.3511216283313108e-09,1.3511216283313108e-09,1.3511216283313106e-09,1.3511216283313106e-09,1.3511216283313108e-09,1.3511216283313106e-09,1.3511216283313108e-09,1.3511216283313106e-09,1.3511216283313108e-09,1.3511216283313108e-09,1.3511216283313106e-09,1.3511216283313108e-09,1.3511216283313106e-09,1.3511216283313106e-09,1.3511216283313108e-09,1.3511216283313106e-09,1.3511216283313106e-09,1.3511216283313106e-09,1.3511216283313106e-09,1.3511216283313106e-09,1.3511216283313104e-09,1.3511216283313104e-09,1.3511216283313104e-09,1.3511216283313104e-09,1.3511216283313104e-09,1.3511216283313102e-09,1.3511216283313102e-09,1.3511216283313104e-09,1.3511216283313104e-09,1.3511216283313104e-09,1.3511216283313104e-09,1.3511216283313104e-09,1.3511216283313102e-09,1.3511216283313102e-09,1.3511216283313102e-09,1.3511216283313104e-09,1.3511216283313104e-09,1.3511216283313102e-09,1.3511216283313104e-09,1.3511216283313104e-09,1.3511216283313104e-09,1.3511216283313104e-09,1.3511216283313104e-09,1.3511216283313104e-09,1.3511216283313104e-09,1.3511216283313104e-09,1.3511216283313104e-09,1.3511216283313104e-09,1.3511216283313104e-09,1.3511216283313104e-09,1.3511216283313104e-09,1.3511216283313104e-09,1.351121628331311e-09,1.351121628331311e-09,1.351121628331311e-09,1.351121628331311e-09,1.351121628331311e-09,1.351121628331311e-09,1.351121628331311e-09,1.351121628331311e-09,1.351121628331311e-09,1.351121628331311e-09,1.3511216283313112e-09,1.351121628331311e-09,1.351121628331311e-09,1.351121628331311e-09,1.351121628331311e-09,1.351121628331311e-09,1.351121628331311e-09,1.351121628331311e-09,1.3511216283313112e-09,1.351121628331311e-09,1.3511216283313112e-09,1.351121628331311e-09,1.3511216283313112e-09,1.351121628331311e-09,1.351121628331311e-09,1.3511216283313112e-09,1.351121628331311e-09,1.3511216283313112e-09,1.351121628331311e-09,1.3511216283313112e-09,1.351121628331311e-09,1.3511216283313112e-09,1.3511216283313112e-09,1.3511216283313112e-09,1.3511216283313112e-09,1.351121628331311e-09,1.3511216283313112e-09,1.3511216283313112e-09,1.351121628331311e-09,1.3511216283313112e-09,1.351121628331311e-09,1.3511216283313112e-09,1.3511216283313112e-09,1.351121628331311e-09,1.351121628331311e-09,1.351121628331311e-09,1.3511216283313112e-09,1.351121628331311e-09,1.3511216283313112e-09,1.3511216283313112e-09,1.3511216283313112e-09,1.351121628331311e-09,1.3511216283313112e-09,1.3511216283313112e-09,1.3511216283313112e-09,1.351121628331311e-09,1.3511216283313112e-09,1.3511216283313112e-09,1.351121628331311e-09,1.3511216283313112e-09,1.3511216283313112e-09,1.351121628331311e-09,1.3511216283313112e-09,1.3511216283313112e-09,1.3511216283313112e-09,1.351121628331311e-09,1.351121628331311e-09,1.3511216283313112e-09,1.351121628331311e-09,1.3511216283313112e-09,1.3511216283313112e-09,1.351121628331311e-09,1.351121628331311e-09,1.351121628331311e-09,1.3511216283313112e-09,1.3511216283313112e-09,1.351121628331311e-09,1.351121628331311e-09,1.3511216283313112e-09,1.351121628331311e-09,1.351121628331311e-09,1.351121628331311e-09,1.3511216283313112e-09,1.351121628331311e-09,1.3511216283313112e-09,1.351121628331311e-09,1.351121628331311e-09,1.351121628331311e-09,1.3511216283313108e-09,1.351121628331311e-09,1.351121628331311e-09,1.3511216283313108e-09,1.351121628331311e-09,1.351121628331311e-09,1.351121628331311e-09,1.351121628331311e-09,1.351121628331311e-09,1.351121628331311e-09,1.351121628331311e-09,1.3511216283313108e-09,1.351121628331311e-09,1.351121628331311e-09,1.351121628331311e-09,1.351121628331311e-09,1.351121628331311e-09,1.351121628331311e-09,1.3511216283313114e-09,1.351121628331311e-09,1.351121628331311e-09,1.3511216283313114e-09,1.351121628331311e-09,1.3511216283313114e-09,1.3511216283313114e-09,1.3511216283313114e-09,1.3511216283313116e-09,1.3511216283313116e-09,1.351121628331312e-09,1.351121628331312e-09,1.351121628331312e-09,1.351121628331312e-09,1.351121628331312e-09,1.3511216283313116e-09,1.3511216283313114e-09,1.3511216283313114e-09,1.3511216283313116e-09,1.3511216283313116e-09,1.3511216283313116e-09,1.3511216283313116e-09,1.3511216283313116e-09,1.3511216283313114e-09,1.3511216283313114e-09,1.3511216283313114e-09,1.3511216283313114e-09,1.3511216283313114e-09,1.3511216283313116e-09,1.3511216283313116e-09,1.351121628331312e-09,1.3511216283313116e-09,1.351121628331312e-09,1.351121628331312e-09,1.351121628331312e-09,1.351121628331312e-09,1.351121628331312e-09,1.351121628331312e-09,1.351121628331312e-09,1.351121628331312e-09,1.351121628331312e-09,1.351121628331312e-09,1.3511216283313118e-09,1.351121628331312e-09,1.351121628331312e-09,1.351121628331312e-09,1.3511216283313116e-09,1.3511216283313118e-09,1.3511216283313118e-09,1.3511216283313118e-09,1.3511216283313118e-09,1.3511216283313118e-09,1.3511216283313118e-09,1.351121628331312e-09,1.351121628331312e-09,1.351121628331312e-09,1.351121628331312e-09,1.351121628331312e-09,1.351121628331312e-09,1.351121628331312e-09,1.351121628331312e-09,1.351121628331312e-09,1.351121628331312e-09,1.351121628331312e-09,1.351121628331312e-09,1.3511216283313118e-09,1.3511216283313118e-09,1.3511216283313118e-09,1.3511216283313118e-09,1.3511216283313118e-09,1.3511216283313118e-09,1.351121628331312e-09,1.351121628331312e-09,1.351121628331312e-09,1.3511216283313118e-09,1.3511216283313118e-09,1.3511216283313118e-09,1.3511216283313118e-09,1.3511216283313116e-09,1.3511216283313118e-09,1.3511216283313118e-09,1.3511216283313116e-09,1.3511216283313118e-09,1.3511216283313118e-09,1.3511216283313118e-09,1.3511216283313118e-09,1.3511216283313116e-09,1.3511216283313118e-09,1.3511216283313116e-09,1.351121628331312e-09,1.351121628331312e-09,1.351121628331312e-09,1.351121628331312e-09,1.351121628331312e-09,1.351121628331312e-09,1.351121628331312e-09,1.3511216283313118e-09,1.3511216283313122e-09,1.3511216283313124e-09,1.3511216283313122e-09,1.3511216283313126e-09,1.3511216283313126e-09,1.3511216283313124e-09,1.3511216283313124e-09,1.3511216283313124e-09,1.3511216283313126e-09,1.3511216283313128e-09,1.3511216283313126e-09,1.3511216283313122e-09,1.3511216283313118e-09,1.351121628331312e-09,1.3511216283313124e-09,1.3511216283313122e-09,1.3511216283313124e-09,1.3511216283313126e-09,1.3511216283313124e-09,1.3511216283313124e-09,1.3511216283313124e-09,1.3511216283313124e-09,1.3511216283313124e-09,1.3511216283313124e-09,1.3511216283313124e-09,1.3511216283313124e-09,1.3511216283313124e-09,1.3511216283313124e-09,1.3511216283313124e-09,1.3511216283313124e-09,1.351121628331312e-09,1.351121628331312e-09,1.351121628331312e-09,1.351121628331312e-09,1.3511216283313122e-09,1.3511216283313122e-09,1.3511216283313122e-09,1.3511216283313122e-09,1.3511216283313122e-09,1.3511216283313122e-09,1.351121628331312e-09,1.351121628331312e-09,1.3511216283313124e-09,1.3511216283313124e-09,1.3511216283313124e-09,1.3511216283313124e-09,1.3511216283313124e-09,1.3511216283313126e-09,1.3511216283313126e-09,1.3511216283313122e-09,1.3511216283313122e-09,1.3511216283313122e-09,1.351121628331312e-09,1.351121628331312e-09,1.351121628331312e-09,1.3511216283313122e-09,1.3511216283313122e-09,1.3511216283313122e-09,1.3511216283313122e-09,1.3511216283313122e-09,1.3511216283313122e-09,1.3511216283313122e-09,1.3511216283313122e-09,1.3511216283313122e-09,1.3511216283313122e-09,1.3511216283313122e-09,1.3511216283313122e-09,1.3511216283313122e-09,1.3511216283313122e-09,1.3511216283313122e-09,1.3511216283313122e-09,1.3511216283313122e-09,1.3511216283313122e-09,1.351121628331312e-09,1.351121628331312e-09,1.351121628331312e-09,1.351121628331312e-09,1.3511216283313126e-09,1.3511216283313126e-09,1.3511216283313126e-09,1.3511216283313126e-09,1.3511216283313126e-09,1.3511216283313126e-09,1.3511216283313126e-09,1.3511216283313126e-09,1.3511216283313124e-09,1.3511216283313124e-09,1.3511216283313126e-09,1.3511216283313126e-09,1.3511216283313126e-09,1.3511216283313126e-09,1.3511216283313126e-09,1.3511216283313126e-09,1.3511216283313124e-09,1.3511216283313126e-09,1.3511216283313126e-09,1.3511216283313126e-09,1.3511216283313126e-09,1.3511216283313126e-09,1.3511216283313124e-09,1.3511216283313126e-09,1.3511216283313126e-09,1.3511216283313126e-09,1.3511216283313126e-09,1.3511216283313126e-09,1.3511216283313126e-09,1.3511216283313126e-09,1.3511216283313126e-09,1.3511216283313126e-09,1.3511216283313126e-09,1.3511216283313126e-09,1.3511216283313126e-09,1.3511216283313126e-09,1.3511216283313128e-09,1.3511216283313128e-09,1.3511216283313126e-09,1.3511216283313128e-09,1.3511216283313126e-09,1.351121628331312e-09,1.351121628331312e-09,1.351121628331312e-09,1.3511216283313118e-09,1.3511216283313118e-09,1.3511216283313118e-09,1.3511216283313118e-09,1.3511216283313118e-09,1.3511216283313118e-09,1.3511216283313118e-09,1.3511216283313116e-09,1.3511216283313118e-09,1.3511216283313124e-09,1.3511216283313124e-09,1.3511216283313124e-09,1.3511216283313124e-09,1.3511216283313124e-09,1.3511216283313126e-09,1.3511216283313126e-09,1.3511216283313126e-09,1.3511216283313126e-09,1.3511216283313126e-09,1.3511216283313126e-09,1.3511216283313126e-09,1.3511216283313126e-09,1.3511216283313128e-09,1.3511216283313128e-09,1.3511216283313128e-09,1.3511216283313126e-09,1.3511216283313128e-09,1.3511216283313126e-09,1.3511216283313126e-09,1.3511216283313126e-09,1.3511216283313126e-09,1.3511216283313126e-09,1.3511216283313126e-09,1.3511216283313126e-09,1.3511216283313126e-09,1.3511216283313128e-09,1.3511216283313126e-09,1.3511216283313126e-09,1.3511216283313126e-09,1.3511216283313126e-09,1.3511216283313126e-09,1.3511216283313126e-09,1.3511216283313128e-09,1.3511216283313126e-09,1.3511216283313128e-09,1.3511216283313126e-09,1.3511216283313126e-09,1.3511216283313124e-09,1.3511216283313124e-09,1.3511216283313126e-09,1.3511216283313126e-09,1.3511216283313126e-09,1.3511216283313128e-09,1.3511216283313126e-09,1.3511216283313126e-09,1.3511216283313128e-09,1.3511216283313126e-09,1.3511216283313126e-09,1.3511216283313126e-09,1.3511216283313126e-09,1.3511216283313126e-09,1.3511216283313126e-09,1.3511216283313128e-09,1.3511216283313126e-09,1.3511216283313126e-09,1.3511216283313126e-09,1.3511216283313126e-09,1.3511216283313126e-09,1.3511216283313126e-09,1.3511216283313126e-09,1.3511216283313126e-09,1.3511216283313126e-09,1.351121628331312e-09,1.351121628331312e-09,1.351121628331312e-09,1.351121628331312e-09,1.351121628331312e-09,1.351121628331312e-09,1.351121628331312e-09,1.3511216283313122e-09,1.3511216283313122e-09,1.3511216283313122e-09,1.3511216283313122e-09,1.3511216283313122e-09,1.3511216283313122e-09,1.3511216283313124e-09,1.351121628331312e-09,1.3511216283313122e-09,1.3511216283313122e-09,1.3511216283313122e-09,1.3511216283313122e-09,1.3511216283313122e-09,1.3511216283313122e-09,1.3511216283313122e-09,1.3511216283313122e-09,1.3511216283313122e-09,1.3511216283313122e-09,1.3511216283313122e-09,1.3511216283313122e-09,1.3511216283313122e-09,1.351121628331312e-09,1.351121628331312e-09,1.351121628331312e-09,1.3511216283313124e-09,1.3511216283313124e-09,1.3511216283313124e-09,1.3511216283313124e-09,1.3511216283313124e-09,1.3511216283313124e-09,1.3511216283313124e-09,1.3511216283313122e-09,1.3511216283313122e-09,1.3511216283313122e-09,1.3511216283313124e-09,1.3511216283313122e-09,1.3511216283313122e-09,1.3511216283313124e-09,1.3511216283313124e-09,1.3511216283313124e-09,1.3511216283313124e-09,1.3511216283313124e-09,1.3511216283313124e-09,1.3511216283313124e-09,1.3511216283313124e-09,1.3511216283313124e-09,1.3511216283313124e-09,1.3511216283313124e-09,1.3511216283313124e-09,1.3511216283313124e-09,1.3511216283313124e-09,1.3511216283313124e-09,1.3511216283313124e-09,1.3511216283313124e-09,1.3511216283313124e-09,1.3511216283313124e-09,1.3511216283313124e-09,1.3511216283313124e-09,1.3511216283313124e-09,1.3511216283313124e-09,1.3511216283313124e-09,1.3511216283313124e-09,1.3511216283313124e-09,1.3511216283313124e-09,1.3511216283313124e-09,1.3511216283313124e-09,1.3511216283313124e-09,1.3511216283313124e-09,1.3511216283313124e-09,1.3511216283313124e-09,1.3511216283313124e-09,1.3511216283313124e-09,1.3511216283313124e-09,1.3511216283313124e-09,1.3511216283313124e-09,1.3511216283313124e-09,1.3511216283313124e-09,1.3511216283313126e-09,1.3511216283313126e-09,1.3511216283313126e-09,1.3511216283313126e-09,1.3511216283313126e-09,1.3511216283313126e-09,1.3511216283313126e-09,1.3511216283313126e-09,1.3511216283313126e-09,1.3511216283313126e-09,1.3511216283313128e-09,1.3511216283313128e-09,1.3511216283313128e-09,1.3511216283313128e-09,1.3511216283313128e-09,1.3511216283313128e-09,1.3511216283313128e-09,1.3511216283313128e-09,1.3511216283313128e-09,1.3511216283313128e-09,1.3511216283313128e-09,1.3511216283313128e-09,1.3511216283313126e-09,1.3511216283313128e-09,1.3511216283313128e-09,1.3511216283313128e-09,1.3511216283313128e-09,1.3511216283313126e-09,1.3511216283313126e-09,1.3511216283313126e-09,1.3511216283313128e-09,1.3511216283313126e-09,1.3511216283313128e-09,1.3511216283313128e-09,1.3511216283313128e-09,1.3511216283313128e-09,1.3511216283313128e-09,1.3511216283313128e-09,1.3511216283313126e-09,1.3511216283313128e-09,1.3511216283313128e-09,1.3511216283313128e-09,1.3511216283313128e-09,1.3511216283313128e-09,1.3511216283313128e-09,1.3511216283313128e-09,1.3511216283313128e-09,1.3511216283313128e-09,1.3511216283313128e-09,1.351121628331313e-09,1.351121628331313e-09,1.351121628331313e-09,1.351121628331313e-09,1.351121628331313e-09,1.351121628331313e-09,1.351121628331313e-09,1.3511216283313133e-09,1.3511216283313133e-09,1.3511216283313133e-09,1.3511216283313133e-09,1.351121628331313e-09,1.351121628331313e-09,1.3511216283313133e-09,1.3511216283313133e-09,1.3511216283313133e-09,1.351121628331313e-09,1.351121628331313e-09,1.351121628331313e-09,1.351121628331313e-09,1.351121628331313e-09,1.3511216283313133e-09,1.351121628331313e-09,1.351121628331313e-09,1.351121628331313e-09,1.351121628331313e-09,1.351121628331313e-09,1.351121628331313e-09,1.3511216283313133e-09,1.3511216283313133e-09,1.351121628331313e-09,1.351121628331313e-09,1.351121628331313e-09,1.351121628331313e-09,1.351121628331313e-09,1.351121628331313e-09,1.351121628331313e-09,1.3511216283313133e-09,1.3511216283313133e-09,1.3511216283313133e-09,1.3511216283313133e-09,1.3511216283313133e-09,1.351121628331313e-09,1.351121628331313e-09,1.351121628331313e-09,1.351121628331313e-09,1.351121628331313e-09,1.351121628331313e-09,1.351121628331313e-09,1.351121628331313e-09,1.351121628331313e-09,1.351121628331313e-09,1.351121628331313e-09,1.351121628331313e-09,1.351121628331313e-09,1.351121628331313e-09,1.351121628331313e-09,1.3511216283313133e-09,1.3511216283313133e-09,1.3511216283313133e-09,1.3511216283313133e-09,1.3511216283313133e-09,1.3511216283313133e-09,1.3511216283313133e-09,1.3511216283313133e-09,1.3511216283313133e-09,1.3511216283313133e-09,1.3511216283313133e-09,1.3511216283313133e-09,1.3511216283313133e-09,1.3511216283313133e-09,1.3511216283313133e-09,1.3511216283313133e-09,1.3511216283313133e-09,1.3511216283313133e-09,1.3511216283313133e-09,1.3511216283313133e-09,1.3511216283313133e-09,1.3511216283313133e-09,1.3511216283313133e-09,1.3511216283313133e-09,1.3511216283313133e-09,1.3511216283313133e-09,1.351121628331313e-09,1.351121628331313e-09,1.3511216283313133e-09,1.3511216283313133e-09,1.3511216283313133e-09,1.3511216283313133e-09,1.3511216283313133e-09,1.3511216283313133e-09,1.3511216283313133e-09,1.3511216283313133e-09,1.351121628331313e-09,1.3511216283313133e-09,1.3511216283313133e-09,1.3511216283313133e-09,1.3511216283313133e-09,1.3511216283313133e-09,1.3511216283313133e-09,1.3511216283313133e-09,1.3511216283313133e-09,1.3511216283313133e-09,1.3511216283313133e-09,1.351121628331313e-09,1.3511216283313133e-09,1.3511216283313133e-09,1.3511216283313133e-09,1.3511216283313133e-09,1.3511216283313133e-09,1.3511216283313133e-09,1.3511216283313133e-09,1.3511216283313133e-09,1.3511216283313133e-09,1.3511216283313133e-09,1.351121628331313e-09,1.3511216283313133e-09,1.3511216283313133e-09,1.3511216283313133e-09,1.3511216283313133e-09,1.3511216283313133e-09,1.351121628331313e-09,1.3511216283313133e-09,1.3511216283313133e-09,1.3511216283313133e-09,1.351121628331313e-09,1.351121628331313e-09,1.351121628331313e-09,1.3511216283313133e-09,1.351121628331313e-09,1.351121628331313e-09,1.3511216283313133e-09,1.351121628331313e-09,1.3511216283313133e-09,1.3511216283313133e-09,1.351121628331313e-09,1.351121628331313e-09,1.351121628331313e-09,1.3511216283313133e-09,1.3511216283313133e-09,1.351121628331313e-09,1.3511216283313133e-09,1.3511216283313133e-09,1.351121628331313e-09,1.3511216283313133e-09,1.3511216283313133e-09,1.351121628331313e-09,1.3511216283313133e-09,1.351121628331313e-09,1.3511216283313133e-09,1.351121628331313e-09,1.3511216283313133e-09,1.351121628331313e-09,1.3511216283313133e-09,1.351121628331313e-09,1.3511216283313133e-09,1.351121628331313e-09,1.351121628331313e-09,1.3511216283313133e-09,1.351121628331313e-09,1.351121628331313e-09,1.3511216283313133e-09,1.3511216283313133e-09,1.351121628331313e-09,1.3511216283313133e-09,1.3511216283313133e-09,1.351121628331313e-09,1.351121628331313e-09,1.3511216283313133e-09,1.351121628331313e-09,1.3511216283313133e-09,1.351121628331313e-09,1.3511216283313133e-09,1.351121628331313e-09,1.3511216283313133e-09,1.3511216283313133e-09,1.3511216283313133e-09,1.351121628331313e-09,1.351121628331313e-09,1.3511216283313133e-09,1.351121628331313e-09,1.3511216283313133e-09,1.3511216283313133e-09,1.3511216283313133e-09,1.3511216283313133e-09,1.351121628331313e-09,1.3511216283313133e-09,1.351121628331313e-09,1.3511216283313128e-09,1.3511216283313128e-09,1.3511216283313128e-09,1.351121628331313e-09,1.351121628331313e-09,1.351121628331313e-09,1.351121628331313e-09,1.351121628331313e-09,1.351121628331313e-09,1.351121628331313e-09,1.3511216283313128e-09,1.351121628331313e-09,1.351121628331313e-09,1.351121628331313e-09,1.351121628331313e-09,1.351121628331313e-09,1.3511216283313128e-09,1.351121628331313e-09,1.351121628331313e-09,1.351121628331313e-09,1.351121628331313e-09,1.3511216283313128e-09,1.351121628331313e-09,1.351121628331313e-09,1.3511216283313128e-09,1.351121628331313e-09,1.351121628331313e-09,1.351121628331313e-09,1.351121628331313e-09,1.351121628331313e-09,1.351121628331313e-09,1.351121628331313e-09,1.351121628331313e-09,1.3511216283313128e-09,1.351121628331313e-09,1.351121628331313e-09,1.351121628331313e-09,1.351121628331313e-09,1.351121628331313e-09,1.3511216283313133e-09,1.3511216283313133e-09,1.351121628331313e-09,1.351121628331313e-09,1.351121628331313e-09,1.351121628331313e-09,1.351121628331313e-09,1.351121628331313e-09,1.3511216283313133e-09,1.351121628331313e-09,1.351121628331313e-09,1.351121628331313e-09,1.3511216283313133e-09,1.351121628331313e-09,1.3511216283313133e-09,1.351121628331313e-09,1.3511216283313133e-09,1.351121628331313e-09,1.3511216283313133e-09,1.3511216283313133e-09,1.3511216283313133e-09,1.3511216283313133e-09,1.3511216283313133e-09,1.351121628331313e-09,1.3511216283313133e-09,1.3511216283313133e-09,1.3511216283313133e-09,1.3511216283313133e-09,1.351121628331313e-09,1.351121628331313e-09,1.3511216283313133e-09,1.3511216283313133e-09,1.3511216283313133e-09,1.351121628331313e-09,1.351121628331313e-09,1.3511216283313133e-09,1.3511216283313133e-09,1.3511216283313133e-09,1.3511216283313133e-09,1.3511216283313133e-09,1.3511216283313133e-09,1.3511216283313133e-09,1.3511216283313133e-09,1.3511216283313133e-09,1.351121628331313e-09,1.351121628331313e-09,1.3511216283313133e-09,1.3511216283313133e-09,1.3511216283313133e-09,1.3511216283313133e-09,1.3511216283313133e-09,1.3511216283313133e-09,1.351121628331313e-09,1.351121628331313e-09,1.3511216283313133e-09,1.3511216283313133e-09,1.351121628331313e-09,1.351121628331313e-09,1.351121628331313e-09,1.351121628331313e-09,1.351121628331313e-09,1.351121628331313e-09,1.351121628331313e-09,1.351121628331313e-09,1.351121628331313e-09,1.351121628331313e-09,1.351121628331313e-09,1.351121628331313e-09,1.351121628331313e-09,1.3511216283313133e-09,1.351121628331313e-09,1.351121628331313e-09,1.351121628331313e-09,1.351121628331313e-09,1.351121628331313e-09,1.351121628331313e-09,1.351121628331313e-09,1.351121628331313e-09,1.351121628331313e-09,1.3511216283313128e-09,1.3511216283313128e-09,1.3511216283313128e-09,1.3511216283313128e-09,1.351121628331313e-09,1.351121628331313e-09,1.351121628331313e-09,1.3511216283313128e-09,1.3511216283313128e-09,1.351121628331313e-09,1.351121628331313e-09,1.351121628331313e-09,1.351121628331313e-09,1.351121628331313e-09,1.351121628331313e-09,1.351121628331313e-09,1.351121628331313e-09,1.351121628331313e-09,1.351121628331313e-09,1.351121628331313e-09,1.351121628331313e-09,1.351121628331313e-09,1.351121628331313e-09,1.351121628331313e-09,1.351121628331313e-09,1.351121628331313e-09,1.351121628331313e-09,1.351121628331313e-09,1.351121628331313e-09,1.351121628331313e-09,1.351121628331313e-09,1.351121628331313e-09,1.351121628331313e-09,1.351121628331313e-09,1.351121628331313e-09,1.351121628331313e-09,1.351121628331313e-09,1.351121628331313e-09,1.351121628331313e-09,1.3511216283313133e-09,1.351121628331313e-09,1.3511216283313133e-09,1.351121628331313e-09,1.351121628331313e-09,1.351121628331313e-09,1.351121628331313e-09,1.351121628331313e-09,1.3511216283313133e-09,1.3511216283313133e-09,1.351121628331313e-09,1.3511216283313133e-09,1.351121628331313e-09,1.3511216283313137e-09,1.3511216283313137e-09,1.3511216283313135e-09,1.3511216283313137e-09,1.3511216283313137e-09,1.3511216283313135e-09,1.3511216283313135e-09,1.3511216283313137e-09,1.3511216283313137e-09,1.3511216283313137e-09,1.3511216283313135e-09,1.3511216283313135e-09,1.3511216283313135e-09,1.3511216283313135e-09,1.3511216283313135e-09,1.3511216283313137e-09,1.3511216283313135e-09,1.3511216283313135e-09,1.3511216283313135e-09,1.3511216283313135e-09,1.3511216283313137e-09,1.3511216283313135e-09,1.3511216283313135e-09,1.3511216283313137e-09,1.3511216283313137e-09,1.3511216283313137e-09,1.3511216283313137e-09,1.3511216283313137e-09,1.351121628331314e-09,1.3511216283313137e-09,1.3511216283313137e-09,1.3511216283313137e-09,1.3511216283313137e-09,1.3511216283313137e-09,1.3511216283313137e-09,1.3511216283313137e-09,1.351121628331314e-09,1.3511216283313137e-09,1.3511216283313137e-09,1.3511216283313137e-09,1.3511216283313135e-09,1.3511216283313137e-09,1.3511216283313137e-09,1.3511216283313137e-09,1.3511216283313137e-09,1.3511216283313137e-09,1.3511216283313137e-09,1.3511216283313137e-09,1.3511216283313137e-09,1.3511216283313137e-09,1.3511216283313137e-09,1.3511216283313137e-09,1.3511216283313137e-09,1.3511216283313137e-09,1.3511216283313137e-09,1.3511216283313137e-09,1.3511216283313137e-09,1.3511216283313137e-09,1.351121628331314e-09,1.3511216283313137e-09,1.3511216283313137e-09,1.3511216283313133e-09,1.3511216283313133e-09,1.3511216283313133e-09,1.3511216283313133e-09,1.3511216283313133e-09,1.3511216283313133e-09,1.3511216283313133e-09,1.3511216283313133e-09,1.3511216283313133e-09,1.3511216283313133e-09,1.351121628331313e-09,1.3511216283313133e-09,1.351121628331313e-09,1.3511216283313133e-09,1.3511216283313133e-09,1.3511216283313133e-09,1.3511216283313133e-09,1.3511216283313133e-09,1.3511216283313133e-09,1.3511216283313133e-09,1.3511216283313133e-09,1.3511216283313133e-09,1.3511216283313133e-09,1.3511216283313133e-09,1.3511216283313133e-09,1.3511216283313133e-09,1.3511216283313133e-09,1.3511216283313133e-09,1.351121628331313e-09,1.3511216283313133e-09,1.351121628331313e-09,1.351121628331313e-09,1.351121628331313e-09,1.3511216283313133e-09,1.3511216283313133e-09,1.351121628331313e-09,1.3511216283313133e-09,1.351121628331313e-09,1.3511216283313133e-09,1.3511216283313133e-09,1.3511216283313133e-09,1.351121628331313e-09,1.351121628331313e-09,1.3511216283313133e-09,1.351121628331313e-09,1.351121628331313e-09,1.3511216283313133e-09,1.351121628331313e-09,1.3511216283313133e-09,1.351121628331313e-09,1.351121628331313e-09,1.3511216283313133e-09,1.351121628331313e-09,1.351121628331313e-09,1.351121628331313e-09,1.351121628331313e-09,1.3511216283313133e-09,1.351121628331313e-09,1.3511216283313133e-09,1.351121628331313e-09,1.351121628331313e-09,1.3511216283313133e-09,1.351121628331313e-09,1.351121628331313e-09,1.351121628331313e-09,1.351121628331313e-09,1.351121628331313e-09,1.351121628331313e-09,1.3511216283313133e-09,1.351121628331313e-09,1.351121628331313e-09,1.3511216283313133e-09,1.351121628331313e-09,1.351121628331313e-09,1.351121628331313e-09,1.351121628331313e-09,1.3511216283313133e-09,1.351121628331313e-09,1.3511216283313133e-09,1.351121628331313e-09,1.351121628331313e-09,1.3511216283313133e-09,1.351121628331313e-09,1.351121628331313e-09,1.351121628331313e-09,1.351121628331313e-09,1.351121628331313e-09,1.351121628331313e-09,1.351121628331313e-09,1.351121628331313e-09,1.351121628331313e-09,1.351121628331313e-09,1.351121628331313e-09,1.351121628331313e-09,1.351121628331313e-09,1.351121628331313e-09,1.351121628331313e-09,1.351121628331313e-09,1.351121628331313e-09,1.351121628331313e-09,1.351121628331313e-09,1.3511216283313133e-09,1.351121628331313e-09,1.351121628331313e-09,1.351121628331313e-09,1.3511216283313128e-09,1.351121628331313e-09,1.351121628331313e-09,1.351121628331313e-09,1.351121628331313e-09,1.351121628331313e-09,1.351121628331313e-09,1.3511216283313128e-09,1.3511216283313128e-09,1.351121628331313e-09,1.351121628331313e-09,1.351121628331313e-09,1.3511216283313128e-09,1.3511216283313128e-09,1.3511216283313128e-09,1.3511216283313128e-09,1.3511216283313128e-09,1.351121628331313e-09,1.3511216283313128e-09,1.3511216283313128e-09,1.3511216283313128e-09,1.3511216283313128e-09,1.3511216283313128e-09,1.3511216283313128e-09,1.3511216283313128e-09,1.3511216283313128e-09,1.3511216283313128e-09,1.3511216283313128e-09,1.3511216283313128e-09,1.3511216283313135e-09,1.3511216283313135e-09,1.3511216283313135e-09,1.3511216283313135e-09,1.3511216283313135e-09,1.3511216283313135e-09,1.3511216283313135e-09,1.3511216283313135e-09,1.3511216283313135e-09,1.3511216283313135e-09,1.3511216283313137e-09,1.3511216283313135e-09,1.3511216283313135e-09,1.3511216283313135e-09,1.3511216283313135e-09,1.3511216283313135e-09,1.3511216283313135e-09,1.3511216283313135e-09,1.3511216283313135e-09,1.3511216283313137e-09,1.3511216283313135e-09,1.3511216283313137e-09,1.3511216283313135e-09,1.3511216283313135e-09,1.3511216283313135e-09,1.3511216283313135e-09,1.3511216283313135e-09,1.3511216283313135e-09,1.3511216283313137e-09,1.3511216283313135e-09,1.3511216283313135e-09,1.3511216283313137e-09,1.3511216283313135e-09,1.3511216283313135e-09,1.3511216283313135e-09,1.3511216283313135e-09,1.3511216283313135e-09,1.3511216283313135e-09,1.3511216283313137e-09,1.3511216283313135e-09,1.3511216283313135e-09,1.3511216283313137e-09,1.3511216283313135e-09,1.3511216283313137e-09,1.351121628331313e-09,1.351121628331313e-09,1.351121628331313e-09,1.351121628331313e-09,1.351121628331313e-09,1.351121628331313e-09,1.351121628331313e-09,1.351121628331313e-09,1.351121628331313e-09,1.351121628331313e-09,1.351121628331313e-09,1.351121628331313e-09,1.351121628331313e-09,1.351121628331313e-09,1.3511216283313135e-09,1.3511216283313135e-09,1.3511216283313135e-09,1.3511216283313135e-09,1.3511216283313135e-09,1.3511216283313135e-09,1.3511216283313135e-09,1.3511216283313135e-09,1.3511216283313135e-09,1.3511216283313135e-09,1.3511216283313133e-09,1.3511216283313133e-09,1.3511216283313135e-09,1.3511216283313135e-09,1.3511216283313135e-09,1.3511216283313135e-09,1.3511216283313135e-09,1.3511216283313133e-09,1.351121628331313e-09,1.351121628331313e-09,1.3511216283313133e-09,1.3511216283313133e-09,1.3511216283313133e-09,1.351121628331313e-09,1.351121628331313e-09,1.351121628331313e-09,1.351121628331313e-09,1.351121628331313e-09,1.351121628331313e-09,1.3511216283313128e-09,1.351121628331313e-09,1.3511216283313126e-09,1.351121628331313e-09,1.3511216283313126e-09,1.351121628331313e-09,1.351121628331313e-09,1.351121628331313e-09,1.351121628331313e-09,1.351121628331313e-09,1.351121628331313e-09,1.351121628331313e-09,1.351121628331313e-09,1.351121628331313e-09,1.351121628331313e-09,1.351121628331313e-09,1.351121628331313e-09,1.351121628331313e-09,1.351121628331313e-09,1.351121628331313e-09,1.3511216283313126e-09,1.3511216283313126e-09,1.351121628331313e-09,1.351121628331313e-09,1.351121628331313e-09,1.351121628331313e-09,1.351121628331313e-09,1.351121628331313e-09,1.351121628331313e-09,1.351121628331313e-09,1.351121628331313e-09,1.351121628331313e-09,1.351121628331313e-09,1.351121628331313e-09,1.351121628331313e-09,1.3511216283313126e-09,1.3511216283313126e-09,1.351121628331313e-09,1.3511216283313126e-09,1.3511216283313126e-09,1.351121628331313e-09,1.3511216283313128e-09,1.3511216283313128e-09,1.3511216283313126e-09,1.3511216283313126e-09,1.3511216283313126e-09,1.3511216283313126e-09,1.351121628331313e-09,1.3511216283313128e-09,1.3511216283313128e-09,1.3511216283313133e-09,1.3511216283313133e-09,1.3511216283313126e-09,1.3511216283313126e-09,1.3511216283313126e-09,1.351121628331313e-09,1.3511216283313128e-09,1.3511216283313128e-09,1.3511216283313133e-09,1.3511216283313128e-09,1.351121628331313e-09,1.3511216283313126e-09,1.3511216283313126e-09,1.351121628331313e-09,1.3511216283313126e-09,1.351121628331313e-09,1.3511216283313126e-09,1.3511216283313126e-09,1.351121628331313e-09,1.351121628331313e-09,1.3511216283313126e-09,1.3511216283313126e-09,1.3511216283313126e-09,1.3511216283313128e-09
6,2.6507074740178245e-41,9.904548962392116e-41,2.310049733036698e-40,4.3151786997871694e-40,7.0681006903875625e-40,1.0611258613175321e-39,1.4973586411844043e-39,2.017480876922835e-39,2.6228372283201666e-39,3.314344369148123e-39,4.0926272090021134e-39,4.958111757673747e-39,5.91108843211907e-39,6.951755213722687e-39,8.080247069220537e-39,9.296656007363158e-39,1.0601044751829171e-38,1.1993456062245704e-38,1.3473919088460812e-38,1.5042453702342186e-38,1.6699073450825543e-38,1.844378756905047e-38,2.0276602352743333e-38,2.2197522093790765e-38,2.4206549718033076e-38,2.630368722005747e-38,2.848893595960237e-38,3.076229686362098e-38,3.3123770564030504e-38,3.557335749161788e-38,3.8111057940056744e-38,4.073687210954861e-38,4.3450800136573665e-38,4.625284211417249e-38,4.914299810577211e-38,5.212126815461166e-38,5.518765229016797e-38,5.834215053253561e-38,6.158476289541345e-38,6.491548938814023e-38,6.833433001708219e-38,7.184128478657942e-38,7.543635369959053e-38,7.911953675813245e-38,8.289083396358032e-38,8.675024531687141e-38,9.069777081864471e-38,9.473341046933587e-38,9.885716426924174e-38,1.0306903221856484e-37,1.0736901431744314e-37,1.1175711056597087e-37,1.1623332096421193e-37,1.207976455122102e-37,1.2545008420999529e-37,1.301906370575878e-37,1.350193040550015e-37,1.3993608520224563e-37,1.4494098049932688e-37,1.500339899462495e-37,1.5521511354301672e-37,1.6048435128963027e-37,1.658417031860919e-37,1.7128716923240226e-37,1.7682074942856209e-37,1.8244244377457185e-37,1.8815225227043162e-37,1.9395017491614173e-37,1.9983621171170253e-37,2.058103626571138e-37,2.118726277523759e-37,2.1802300699748855e-37,2.2426150039245208e-37,2.305881079372664e-37,2.3700282963193147e-37,2.4350566547644746e-37,2.500966154708141e-37,2.5677567961503163e-37,2.6354285790909995e-37,2.70398150353019e-37,2.7734155694678883e-37,2.8437307769040923e-37,2.914927125838808e-37,2.9870046162720306e-37,3.0599632482037616e-37,3.1338030216340025e-37,3.208523936562753e-37,3.2841259929900113e-37,3.360609190915777e-37,3.437973530340051e-37,3.5162190112628326e-37,3.5953456336841225e-37,3.675353397603919e-37,3.7562423030222254e-37,3.8380123499390395e-37,3.920663538354363e-37,4.004195868268197e-37,4.088609339680536e-37,4.173903952591385e-37,4.260079707000743e-37,4.347136602908609e-37,4.4350746403149825e-37,4.523893819219865e-37,4.613594139623255e-37,4.7041756015251555e-37,4.795638204925563e-37,4.887981949824481e-37,4.981206836221909e-37,5.0753128641178446e-37,5.1703000335122885e-37,5.266168344405242e-37,5.362917796796703e-37,5.4605483906866704e-37,5.559060126075147e-37,5.658453002962131e-37,5.758727021347622e-37,5.859882181231625e-37,5.961918482614133e-37,6.064835925495151e-37,6.168634509874677e-37,6.2733142357527126e-37,6.378875103129257e-37,6.485317112004311e-37,6.592640262377872e-37,6.700844554249939e-37,6.809929987620513e-37,6.9198965624896e-37,7.030744278857192e-37,7.142473136723293e-37,7.255083136087902e-37,7.36857427695102e-37,7.482946559312648e-37,7.598199983172784e-37,7.714334548531426e-37,7.831350255388579e-37,7.949247103744238e-37,8.068025093598407e-37,8.187684224951086e-37,8.308224497802269e-37,8.429645912151966e-37,8.551948468000168e-37,8.675132165346874e-37,8.799197004192085e-37,8.924142984535809e-37,9.04997010637804e-37,9.176678369718779e-37,9.30426777455803e-37,9.432738320895787e-37,9.56209000873205e-37,9.692322838066824e-37,9.823436808900104e-37,9.955431921231895e-37,1.0088308175062193e-36,1.0222065570391003e-36,1.0356704107218314e-36,1.0492223785544137e-36,1.0628624605368468e-36,1.0765906566691308e-36,1.0904069669512655e-36,1.1043113913832515e-36,1.1183039299650879e-36,1.1323845826967748e-36,1.146553349578313e-36,1.1608102306097017e-36,1.1751552257909414e-36,1.1895883351220321e-36,1.2041095586029737e-36,1.2187188962337658e-36,1.2334163480144088e-36,1.2482019139449026e-36,1.2630755940252478e-36,1.278037388255444e-36,1.2930872966354903e-36,1.3082253191653873e-36,1.3234514558451357e-36,1.3387657066747344e-36,1.3541680716541844e-36,1.369658550783485e-36,1.3852371440626359e-36,1.400903851491638e-36,1.4166586730704915e-36,1.4325016087991951e-36,1.4484326586777503e-36,1.4644518227061555e-36,1.4805591008844123e-36,1.4967544932125199e-36,1.513037999690478e-36,1.5294096203182867e-36,1.5458693550959464e-36,1.5624172040234574e-36,1.5790531671008188e-36,1.5957772443280302e-36,1.6125894357050934e-36,1.6294897412320065e-36,1.646478160908771e-36,1.6635546947353866e-36,1.6807193427118528e-36,1.6979721048381697e-36,1.7153129811143373e-36,1.7327419715403556e-36,1.7502590761162246e-36,1.7678642948419447e-36,1.785557627717515e-36,1.803339074742937e-36,1.8212086359182092e-36,1.8391663112433327e-36,1.8572121007183076e-36,1.8753460043431337e-36,1.8935680221178103e-36,1.9118781540423375e-36,1.9302764001167148e-36,1.9487627603409434e-36,1.9673372347150228e-36,1.985999823238952e-36,2.004750525912733e-36,2.0235893427363642e-36,2.0425162737098463e-36,2.061531318833179e-36,2.0806344781063636e-36,2.0998257515293985e-36,2.1191051391022843e-36,2.138472640825021e-36,2.1579282566976088e-36,2.1774719867200474e-36,2.1971038308923368e-36,2.216823789214477e-36,2.236631861686467e-36,2.2565280483083085e-36,2.2765123490799996e-36,2.2965847640015427e-36,2.3167452930729355e-36,2.3369939362941794e-36,2.357330693665274e-36,2.377755565186219e-36,2.398268550857015e-36,2.418869650677662e-36,2.4395588646481592e-36,2.460336192768507e-36,2.4812016350387056e-36,2.5021551914587553e-36,2.5231968620286547e-36,2.544326646748405e-36,2.565544545618007e-36,2.5868505586374587e-36,2.6082446858067616e-36,2.629726927125914e-36,2.6512972825949183e-36,2.6729557522137723e-36,2.6947023359824772e-36,2.7165370339010322e-36,2.738459845969439e-36,2.760470772187696e-36,2.7825698125558033e-36,2.8047569670737613e-36,2.8270322357415718e-36,2.8493956185592313e-36,2.8718471155267427e-36,2.8943867266441036e-36,2.917014451911316e-36,2.939730291328379e-36,2.9625342448952933e-36,2.9854263126120576e-36,3.0084064944786733e-36,3.031474790495139e-36,3.0546312006614557e-36,3.077875724977624e-36,3.1012083634436415e-36,3.1246291160595116e-36,3.148137982825232e-36,3.1717349637408036e-36,3.195420058806225e-36,3.219193268021497e-36,3.24305459138662e-36,3.267004028901593e-36,3.291041580566418e-36,3.315167246381093e-36,3.339381026345619e-36,3.363682920459996e-36,3.3880729287242233e-36,3.412551051138302e-36,3.4371172877022306e-36,3.461771638416011e-36,3.486514103279642e-36,3.511344682293124e-36,3.5362633754564554e-36,3.5612701827696387e-36,3.586365104232673e-36,3.6115481398455576e-36,3.636819289608294e-36,3.66217855352088e-36,3.6876259315833164e-36,3.713161423795604e-36,3.738785030157743e-36,3.764496750669733e-36,3.790296585331572e-36,3.816184534143263e-36,3.8421605971048043e-36,3.868224774216198e-36,3.8943770654774406e-36,3.920617470888535e-36,3.946945990449479e-36,3.9733626241602746e-36,3.9998673720209206e-36,4.0264602340314184e-36,4.0531412101917665e-36,4.079910300501964e-36,4.106767504962014e-36,4.133712823571913e-36,4.160746256331663e-36,4.187867803241266e-36,4.215077464300718e-36,4.24237523951002e-36,4.269761128869174e-36,4.2972351323781796e-36,4.324797250037035e-36,4.352447481845741e-36,4.3801858278042985e-36,4.4080122879127066e-36,4.435926862170965e-36,4.463929550579075e-36,4.492020353137036e-36,4.5201992698448474e-36,4.5484663007025086e-36,4.5768214457100216e-36,4.605264704867385e-36,4.6337960781746e-36,4.6624155656316646e-36,4.69112316723858e-36,4.719918882995347e-36,4.748802712901965e-36,4.777774656958432e-36,4.8068347151647514e-36,4.8359828875209216e-36,4.865219174026942e-36,4.894543574682813e-36,4.923956089488536e-36,4.9534567184441087e-36,4.9830454615495326e-36,5.0127223188048077e-36,5.0424872902099324e-36,5.072340375764908e-36,5.102281575469735e-36,5.132310889324412e-36,5.162428317328941e-36,5.1926338594833206e-36,5.222927515787549e-36,5.253309286241631e-36,5.283779170845562e-36,5.314337169599345e-36,5.344983282502977e-36,5.375717509556461e-36,5.406539850759797e-36,5.437450306112981e-36,5.4684488756160174e-36,5.4995355592689035e-36,5.530710357071641e-36,5.5619732690242295e-36,5.593324295126669e-36,5.624763435378958e-36,5.656290689781101e-36,5.687906058333092e-36,5.719609541034933e-36,5.751401137886627e-36,5.783280848888171e-36,5.815248674039566e-36,5.847304613340812e-36,5.8794486667919076e-36,5.911680834392855e-36,5.9440011161436535e-36,5.9764095120443024e-36,6.008906022094803e-36,6.041490646295154e-36,6.074163384645356e-36,6.10692423714541e-36,6.139773203795313e-36,6.172710284595068e-36,6.205735479544674e-36,6.23884878864413e-36,6.272050211893436e-36,6.305339749292592e-36,6.338717400841602e-36,6.37218316654046e-36,6.405737046389171e-36,6.43937904038773e-36,6.473109148536142e-36,6.506927370834405e-36,6.540833707282516e-36,6.574828157880479e-36,6.608910722628293e-36,6.643081401525959e-36,6.677340194573475e-36,6.711687101770841e-36,6.746122123118058e-36,6.780645258615127e-36,6.815256508262043e-36,6.849955872058813e-36,6.884743350005433e-36,6.919618942101904e-36,6.954582648348225e-36,6.989634468744396e-36,7.024774403290419e-36,7.060002451986293e-36,7.095318614832016e-36,7.130722891827592e-36,7.166215282973017e-36,7.201795788268293e-36,7.237464407713421e-36,7.273221141308399e-36,7.309065989053227e-36,7.344998950947906e-36,7.381020026992438e-36,7.417129217186818e-36,7.45332652153105e-36,7.489611940025132e-36,7.525985472669066e-36,7.562447119462849e-36,7.598996880406487e-36,7.635634755499972e-36,7.672360744743307e-36,7.709174848136496e-36,7.746077065679535e-36,7.783067397372422e-36,7.820145843215164e-36,7.857312403207755e-36,7.894567077350195e-36,7.931909865642487e-36,7.96934076808463e-36,8.006859784676623e-36,8.044466915418468e-36,8.082162160310164e-36,8.11994551935171e-36,8.157816992543108e-36,8.195776579884356e-36,8.233824281375456e-36,8.271960097016407e-36,8.310184026807206e-36,8.348496070747856e-36,8.386896228838359e-36,8.425384501078711e-36,8.463960887468915e-36,8.502625388008966e-36,8.541378002698872e-36,8.580218731538628e-36,8.619147574528233e-36,8.658164531667692e-36,8.697269602956997e-36,8.736462788396156e-36,8.775744087985168e-36,8.815113501724027e-36,8.854571029612738e-36,8.8941166716513e-36,8.933750427839711e-36,8.973472298177974e-36,9.013282282666088e-36,9.053180381304054e-36,9.093166594091868e-36,9.133240921029535e-36,9.173403362117053e-36,9.213653917354422e-36,9.253992586741642e-36,9.294419370278711e-36,9.334934267965633e-36,9.375537279802405e-36,9.416228405789028e-36,9.457007645925499e-36,9.497875000211822e-36,9.538830468647995e-36,9.579874051234021e-36,9.621005747969896e-36,9.662225558855623e-36,9.7035334838912e-36,9.744929523076629e-36,9.786413676411907e-36,9.827985943897036e-36,9.869646325532016e-36,9.911394821316848e-36,9.95323143125153e-36,9.995156155336063e-36,1.0037168993570447e-35,1.007926994595468e-35,1.0121459012488767e-35,1.0163736193172702e-35,1.020610148800649e-35,1.0248554896990129e-35,1.0291096420123614e-35,1.0333726057406951e-35,1.0376443808840141e-35,1.0419249674423183e-35,1.0462143654156073e-35,1.0505125748038815e-35,1.054819595607141e-35,1.0591354278253852e-35,1.0634600714586148e-35,1.0677935265068292e-35,1.072135792970029e-35,1.0764868708482136e-35,1.0808467601413834e-35,1.0852154608495383e-35,1.089592972972678e-35,1.093979296510803e-35,1.0983744314639132e-35,1.1027783778320082e-35,1.1071911356150887e-35,1.1116127048131536e-35,1.1160430854262041e-35,1.1204822774542398e-35,1.1249302808972603e-35,1.1293870957552654e-35,1.1338527220282563e-35,1.1383271597162322e-35,1.142810408819193e-35,1.1473024693371388e-35,1.1518033412700699e-35,1.1563130246179858e-35,1.1608315193808869e-35,1.1653588255587728e-35,1.169894943151644e-35,1.1744398721595e-35,1.1789936125823415e-35,1.183556164420168e-35,1.1881275276729795e-35,1.1927077023407758e-35,1.1972966884235574e-35,1.2018944859213238e-35,1.2065010948340754e-35,1.211116515161812e-35,1.215740746904534e-35,1.2203737900622404e-35,1.2250156446349325e-35,1.2296663106226098e-35,1.2343257880252716e-35,1.238994076842919e-35,1.2436711770755513e-35,1.2483570887231688e-35,1.253051811785771e-35,1.2577553462633583e-35,1.2624676921559312e-35,1.2671888494634885e-35,1.2719188181860314e-35,1.2766575983235592e-35,1.281405189876072e-35,1.2861615928435697e-35,1.290926807226053e-35,1.295700833023521e-35,1.3004836702359743e-35,1.3052753188634125e-35,1.3100757789058356e-35,1.3148850503632442e-35,1.3197031332356373e-35,1.3245300275230156e-35,1.329365733225379e-35,1.334210250342728e-35,1.3390635788750614e-35,1.3439257188223803e-35,1.3487966701846843e-35,1.353676432961973e-35,1.3585650071542468e-35,1.363462392761506e-35,1.3683685897837503e-35,1.3732835982209796e-35,1.3782074180731942e-35,1.3831400493403932e-35,1.388081492022578e-35,1.3930317461197477e-35,1.397990811631902e-35,1.4029586885590418e-35,1.407935376901167e-35,1.4129208766582766e-35,1.4179151878303717e-35,1.4229183104174515e-35,1.4279302444195168e-35,1.4329509898365668e-35,1.437980546668602e-35,1.443018914915622e-35,1.448066094577628e-35,1.4531220856546182e-35,1.4581868881465942e-35,1.4632605020535548e-35,1.4683429273755004e-35,1.4734341641124313e-35,1.4785342122643473e-35,1.483643071831248e-35,1.4887607428131344e-35,1.4938872252100054e-35,1.4990225190218616e-35,1.5041666242487028e-35,1.5093195408905292e-35,1.5144812689473406e-35,1.5196518084191367e-35,1.524831159305918e-35,1.5300193216076852e-35,1.5352162953244365e-35,1.5404220804561732e-35,1.5456366770028955e-35,1.550860084964602e-35,1.5560923043412942e-35,1.561333335132971e-35,1.5665831773396335e-35,1.571841830961281e-35,1.577109295997913e-35,1.5823855724495306e-35,1.5876706603161327e-35,1.59296455959772e-35,1.5982672702942924e-35,1.60357879240585e-35,1.608899125932393e-35,1.6142282708739203e-35,1.6195662272304332e-35,1.624912995001931e-35,1.630268574188414e-35,1.6356329647898823e-35,1.641006166806335e-35,1.6463881802377732e-35,1.6517790050841967e-35,1.6571786413456047e-35,1.6625870890219981e-35,1.6680043481133766e-35,1.6734304186197403e-35,1.678865300541089e-35,1.6843089938774233e-35,1.6897614986287424e-35,1.695222814795047e-35,1.7006929423763359e-35,1.70617188137261e-35,1.7116596317838697e-35,1.7171561936101136e-35,1.722661566851343e-35,1.7281757515075576e-35,1.733698747578757e-35,1.7392305550649416e-35,1.7447711739661115e-35,1.750320604282266e-35,1.7558788460134056e-35,1.7614458991595304e-35,1.7670217637206402e-35,1.7726064396967354e-35,1.7781999270878157e-35,1.7838022258938809e-35,1.789413336114931e-35,1.7950332577509664e-35,1.800661990801987e-35,1.8062995352679924e-35,1.811945891148983e-35,1.8176010584449585e-35,1.8232650371559193e-35,1.828937827281865e-35,1.834619428822796e-35,1.8403098417787117e-35,1.846009066149613e-35,1.851717101935499e-35,1.8574339491363702e-35,1.863159607752226e-35,1.868894077783068e-35,1.8746373592288945e-35,1.880389452089706e-35,1.8861503563655023e-35,1.8919200720562843e-35,1.897698599162051e-35,1.9034859376828027e-35,1.9092820876185397e-35,1.915087048969261e-35,1.9209008217349681e-35,1.9267234059156602e-35,1.932554801511337e-35,1.9383950085219988e-35,1.9442440269476458e-35,1.9501018567882778e-35,1.9559684980438955e-35,1.9618439507144975e-35,1.967728214800085e-35,1.9736212903006578e-35,1.9795231772162151e-35,1.985433875546758e-35,1.9913533852922853e-35,1.9972817064527984e-35,2.0032188390282964e-35,2.00916478301878e-35,2.0151195384242476e-35,2.021083105244701e-35,2.0270554834801404e-35,2.0330366731305643e-35,2.0390266741959727e-35,2.0450254866763663e-35,2.0510331105717446e-35,2.0570495458821084e-35,2.0630747926074572e-35,2.069108850747791e-35,2.0751517203031097e-35,2.0812034012734137e-35,2.0872638936587026e-35,2.0933331974589765e-35,2.0994113126742354e-35,2.1054982393044806e-35,2.11159397734971e-35,2.117698526809924e-35,2.123811887685124e-35,2.1299340599753086e-35,2.136065043680479e-35,2.1422048388006334e-35,2.1483534453357733e-35,2.1545108632858982e-35,2.1606770926510092e-35,2.1668521334311044e-35,2.173035985626185e-35,2.1792286492362503e-35,2.1854301242613012e-35,2.1916404107013367e-35,2.1978595085563575e-35,2.2040874178263633e-35,2.2103241385113543e-35,2.21656967061133e-35,2.2228240141262914e-35,2.2290871690562379e-35,2.2353591354011695e-35,2.241639913161086e-35,2.2479295023359875e-35,2.2542279029258738e-35,2.2605351149307456e-35,2.2668511383506024e-35,2.273175973185444e-35,2.2795096194352714e-35,2.285852077100083e-35,2.2922033461798803e-35,2.2985634266746625e-35,2.3049323185844293e-35,2.311310021909182e-35,2.3176965366489188e-35,2.3240918628036408e-35,2.3304960003733483e-35,2.336908949358041e-35,2.3433307097577178e-35,2.3497612815723805e-35,2.3562006648020274e-35,2.3626488594466598e-35,2.3691058655062766e-35,2.3755716829808797e-35,2.382046311870468e-35,2.3885297521750404e-35,2.3950220038945987e-35,2.4015230670291414e-35,2.408032941578669e-35,2.414551627543182e-35,2.421079124922681e-35,2.4276154337171636e-35,2.4341605539266326e-35,2.4407144855510856e-35,2.447277228590524e-35,2.4538487830449475e-35,2.460429148914356e-35,2.46701832619875e-35,2.473616314898129e-35,2.4802231150124925e-35,2.486838726541841e-35,2.4934631494861756e-35,2.500096383845494e-35,2.5067384296197986e-35,2.5133892868090877e-35,2.520048955413362e-35,2.5267174354326216e-35,2.5333947268668664e-35,2.540080829716096e-35,2.5467757439803106e-35,2.55347946965951e-35,2.5601920067536947e-35,2.5669133552628646e-35,2.573643515187019e-35,2.580382486526159e-35,2.5871302692802836e-35,2.593886863449394e-35,2.6006522690334894e-35,2.6074264860325697e-35,2.6142095144466357e-35,2.6210013542756864e-35,2.627802005519723e-35,2.6346114681787436e-35,2.6414297422527495e-35,2.64825682774174e-35,2.655092724645716e-35,2.6619374329646776e-35,2.6687909526986233e-35,2.675653283847555e-35,2.6825244264114717e-35,2.6894043803903726e-35,2.69629314578426e-35,2.703190722593131e-35,2.710097110816988e-35,2.71701231045583e-35,2.7239363215096564e-35,2.730869143978469e-35,2.737810777862266e-35,2.744761223161048e-35,2.751720479874815e-35,2.7586885480035674e-35,2.7656654275473044e-35,2.7726511185060266e-35,2.779645620879734e-35,2.7866489346684267e-35,2.793661059872104e-35,2.8006819964907666e-35,2.8077117445244144e-35,2.814750303973047e-35,2.821797674836664e-35,2.8288538571152667e-35,2.8359188508088544e-35,2.842992655917428e-35,2.850075272440986e-35,2.8571667003795295e-35,2.864266939733058e-35,2.871375990501572e-35,2.87849385268507e-35,2.885620526283553e-35,2.892756011297022e-35,2.899900307725475e-35,2.907053415568914e-35,2.914215334827338e-35,2.921386065500746e-35,2.9285656075891404e-35,2.9357539610925193e-35,2.9429511260108834e-35,2.950157102344232e-35,2.957371890092566e-35,2.964595489255885e-35,2.9718278998341895e-35,2.979069121827478e-35,2.986319155235753e-35,2.993578000059013e-35,3.0008456562972584e-35,3.008122123950488e-35,3.0154074030187034e-35,3.0227014935019036e-35,3.030004395400089e-35,3.037316108713259e-35,3.044636633441414e-35,3.051965969584555e-35,3.05930411714268e-35,3.066651076115791e-35,3.074006846503886e-35,3.0813714283069665e-35,3.0887448215250316e-35,3.0961270261580825e-35,3.103518042206118e-35,3.110917869669139e-35,3.1183265085471444e-35,3.1257439588401346e-35,3.133170220548111e-35,3.1406052936710713e-35,3.148049178209018e-35,3.155501874161949e-35,3.162963381529864e-35,3.1704337003127653e-35,3.1779128305106517e-35,3.185400772123524e-35,3.19289752515138e-35,3.200403089594222e-35,3.207917465452049e-35,3.2154406527248613e-35,3.222972651412659e-35,3.2305134615154415e-35,3.238063083033208e-35,3.2456215159659605e-35,3.253188760313697e-35,3.2607648160764194e-35,3.268349683254127e-35,3.27594336184682e-35,3.2835458518544973e-35,3.2911571532771595e-35,3.298777266114807e-35,3.30640619036744e-35,3.314043926035058e-35,3.3216904731176607e-35,3.329345831615249e-35,3.337010001527822e-35,3.3446829828553805e-35,3.3523647755979235e-35,3.3600553797554523e-35,3.367754795327965e-35,3.3754630223154635e-35,3.383180060717947e-35,3.390905910535415e-35,3.3986405717678695e-35,3.4063840444153076e-35,3.414136328477732e-35,3.421897423955141e-35,3.429667330847535e-35,3.4374460491549144e-35,3.445233578877279e-35,3.4530299200146287e-35,3.4608350725669634e-35,3.468649036534283e-35,3.4764718119165875e-35,3.4843033987138764e-35,3.4921437969261515e-35,3.4999930065534103e-35,3.5078510275956554e-35,3.5157178600528846e-35,3.523593503925099e-35,3.531477959212298e-35,3.5393712259144827e-35,3.5472733040316524e-35,3.555184193563807e-35,3.5631038945109474e-35,3.571032406873073e-35,3.578969730650183e-35,3.5869158658422776e-35,3.594870812449359e-35,3.6028345704714245e-35,3.610807139908475e-35,3.618788520760511e-35,3.6267787130275316e-35,3.634777716709538e-35,3.6427855318065287e-35,3.650802158318505e-35,3.658827596245466e-35,3.666861845587413e-35,3.6749049063443436e-35,3.6829567785162617e-35,3.691017462103164e-35,3.69908695710505e-35,3.7071652635219217e-35,3.7152523813537786e-35,3.7233483106006203e-35,3.7314530512624477e-35,3.73956660333926e-35,3.7476889668310556e-35,3.755820141737837e-35,3.7639601280596044e-35,3.772108925796357e-35,3.780266534948094e-35,3.7884329555148167e-35,3.796608187496525e-35,3.804792230893218e-35,3.812985085704896e-35,3.8211867519315584e-35,3.8293972295732054e-35,3.8376165186298377e-35,3.845844619101457e-35,3.8540815309880596e-35,3.8623272542896487e-35,3.870581789006222e-35,3.87884513513778e-35,3.887117292684324e-35,3.8953982616458514e-35,3.903688042022365e-35,3.9119866338138634e-35,3.920294037020347e-35,3.9286102516418153e-35,3.9369352776782694e-35,3.945269115129708e-35,3.9536117639961316e-35,3.9619632242775413e-35,3.970323495973934e-35,3.9786925790853134e-35,3.987070473611677e-35,3.9954571795530274e-35,4.0038526969093623e-35,4.0122570256806824e-35,4.020670165866987e-35,4.029092117468276e-35,4.037522880484551e-35,4.0459624549158104e-35,4.0544108407620556e-35,4.062868038023286e-35,4.0713340466995013e-35,4.079808866790701e-35,4.088292498296887e-35,4.096784941218057e-35,4.105286195554213e-35,4.1137962613053524e-35,4.122315138471479e-35,4.1308428270525903e-35,4.1393793270486863e-35,4.147924638459767e-35,4.156478761285834e-35,4.165041695526883e-35,4.17361344118292e-35,4.1821939982539405e-35,4.1907833667399463e-35,4.199381546640937e-35,4.207988537956913e-35,4.2166043406878735e-35,4.22522895483382e-35,4.2338623803947517e-35,4.2425046173706684e-35,4.2511556657615703e-35,4.2598155255674575e-35,4.268484196788328e-35,4.2771616794241864e-35,4.2858479734750277e-35,4.2945430789408537e-35,4.303246995821666e-35,4.3119597241174634e-35,4.3206812638282456e-35,4.3294116149540136e-35,4.3381507774947647e-35,4.3468987514505037e-35,4.3556555368212263e-35,4.364421133606933e-35,4.373195541807626e-35,4.3819787614233045e-35,4.3907707924539665e-35,3.2733671047481194e-09,6.546730832144383e-09,9.820090566535883e-09,1.30934466175207e-08,1.6366798985350157e-08,1.964014766980674e-08,2.291349297833239e-08,2.6186834898720683e-08,2.946017253486936e-08,3.273350680063487e-08,3.600683767970296e-08,3.928016426866136e-08,4.255348748622216e-08,4.582680731881167e-08,4.910012286139296e-08,5.2373434722158064e-08,5.564674321637466e-08,5.892004831783442e-08,6.219334913392854e-08,6.546664657884462e-08,6.873994061063198e-08,7.201323038325487e-08,7.528651647496064e-08,7.855979918116905e-08,8.183307791145627e-08,8.51063532728058e-08,8.837962464202874e-08,9.165289233113682e-08,9.492615665125945e-08,9.819941759100716e-08,1.0147267424006569e-07,1.0474592751579464e-07,1.0801917680553221e-07,1.1129242272344716e-07,1.1456566465434049e-07,1.1783890322839593e-07,1.211121378008572e-07,1.243853686944445e-07,1.2765859623503225e-07,1.3093181977098636e-07,1.3420503962848822e-07,1.3747825611554375e-07,1.4075146861621815e-07,1.4402467776204707e-07,1.472978829062927e-07,1.505710846785332e-07,1.5384428246722036e-07,1.5711747687440013e-07,1.6039066790251809e-07,1.6366385465851534e-07,1.6693703803771963e-07,1.7021021743927203e-07,1.734833931639103e-07,1.7675656551689612e-07,1.8002973449219792e-07,1.8330289918640245e-07,1.8657606050556829e-07,1.8984921784692674e-07,1.9312237181178626e-07,1.963955218007019e-07,1.9966866846800407e-07,2.0294181171585358e-07,2.0621495067714538e-07,2.0948808625474929e-07,2.1276121846854306e-07,2.16034346403381e-07,2.1930747099004205e-07,2.2258059218289236e-07,2.2585370909191965e-07,2.2912682267109573e-07,2.323999328255794e-07,2.3567303871070233e-07,2.389461409216261e-07,2.4221923976186373e-07,2.4549233523803496e-07,2.4876542642653636e-07,2.52038514245664e-07,2.553115986676814e-07,2.5858467883465605e-07,2.61857755670702e-07,2.651308290717824e-07,2.684038982184924e-07,2.7167696409343764e-07,2.7495002589389774e-07,2.782230843115071e-07,2.81496138766375e-07,2.8476918954862816e-07,2.880422366582451e-07,2.9131528041657337e-07,2.9458832077074216e-07,2.9786135686349513e-07,3.0113438956343947e-07,3.044074189045157e-07,3.076804439817488e-07,3.109534656841368e-07,3.1422648341828824e-07,3.174994977766959e-07,3.2077250816834057e-07,3.2404551513797556e-07,3.273185187772963e-07,3.30591518155991e-07,3.3386451386379595e-07,3.371375062211929e-07,3.4041049458806957e-07,3.4368347959410746e-07,3.4695646126517045e-07,3.5022943948371776e-07,3.5350241317014933e-07,3.567753834900195e-07,3.6004835044802606e-07,3.6332131399329177e-07,3.6659427300127403e-07,3.698672286343376e-07,3.731401808912885e-07,3.764131288917633e-07,3.7968607352496776e-07,3.829590141877884e-07,3.862319514796452e-07,3.895048848053588e-07,3.927778147786924e-07,3.960507407677037e-07,3.9932366340957786e-07,4.02596582062654e-07,4.058694973399121e-07,4.0914240919136055e-07,4.124153168409512e-07,4.1568822120697006e-07,4.1896112152173696e-07,4.222340181693306e-07,4.2550691143910746e-07,4.2877980075276694e-07,4.3205268639944434e-07,4.353255686808027e-07,4.385984469942043e-07,4.4187132184508355e-07,4.451441928257083e-07,4.4841706014014045e-07,4.5168992409294125e-07,4.5496278464605186e-07,4.5823564096264857e-07,4.615084936133458e-07,4.6478134289786314e-07,4.680541882178118e-07,4.713270301656087e-07,4.7459986873846754e-07,4.778727030628847e-07,4.811455340250477e-07,4.844183616137104e-07,4.876911849439108e-07,4.90964004609599e-07,4.942368209229541e-07,4.975096337640135e-07,5.007824424368796e-07,5.040552474457518e-07,5.073280490788804e-07,5.10600846760124e-07,5.138736410942346e-07,5.171464319197923e-07,5.204192186105836e-07,5.236920019695527e-07,5.269647813340992e-07,5.302375573162739e-07,5.335103293549257e-07,5.367830980286387e-07,5.400558627421504e-07,5.433286237930735e-07,5.466013811816811e-07,5.498741352029576e-07,5.531468858557899e-07,5.564196322581585e-07,5.596923749987513e-07,5.629651143917274e-07,5.6623784980905e-07,5.695105818605099e-07,5.727833099551478e-07,5.760560346827687e-07,5.793287554551061e-07,5.826014728542139e-07,5.858741863050191e-07,5.891468960951451e-07,5.924196025133358e-07,5.956923055589182e-07,5.98965004367874e-07,6.022376998639935e-07,6.055103919189892e-07,6.087830797478471e-07,6.120557641930297e-07,6.153284452860903e-07,6.186011221361914e-07,6.218737957140936e-07,6.251464659223275e-07,6.28419131794625e-07,6.31691794376735e-07,6.34964453495641e-07,6.382371083915299e-07,6.415097596288315e-07,6.447824072076818e-07,6.480550511281966e-07,6.513276917010934e-07,6.546003283053265e-07,6.578729615603964e-07,6.611455908488992e-07,6.644182168646908e-07,6.676908388379654e-07,6.709634574446677e-07,6.742360727071644e-07,6.775086837085447e-07,6.80781291351791e-07,6.840538950392389e-07,6.873264953375361e-07,6.905990917116283e-07,6.938716847300686e-07,6.971442737911754e-07,7.004168595938635e-07,7.036894413425656e-07,7.069620197364739e-07,7.102345941733479e-07,7.135071652529454e-07,7.167797323783649e-07,7.200522961192615e-07,7.233248559338752e-07,7.265974123394122e-07,7.298699654794523e-07,7.331425143287816e-07,7.364150596715219e-07,7.396876017723873e-07,7.429601396575554e-07,7.462326741710682e-07,7.495052052395951e-07,7.527777321617644e-07,7.560502557267112e-07,7.593227758933513e-07,7.625952918536961e-07,7.658678044643842e-07,7.69140313117489e-07,7.724128183724252e-07,7.756853197187863e-07,7.789578174119982e-07,7.8223031145217e-07,7.855028018395311e-07,7.887752888634139e-07,7.920477719452406e-07,7.953202517674248e-07,7.985927281250621e-07,8.018652002497034e-07,8.051376690438255e-07,8.08410133864306e-07,8.116825953417679e-07,8.149550534344516e-07,8.182275072996872e-07,8.214999578150127e-07,8.247724043773866e-07,8.280448473995514e-07,8.313172866595775e-07,8.345897225601639e-07,8.378621545182288e-07,8.411345830433835e-07,8.444070083391072e-07,8.476794293466693e-07,8.50951847096571e-07,8.54224261383167e-07,8.574966714389733e-07,8.607690780134647e-07,8.640414812222311e-07,8.673138810638812e-07,8.705862775675929e-07,8.738586693748296e-07,8.771310578174349e-07,8.804034423262793e-07,8.836758231861583e-07,8.869482003971182e-07,8.902205739592892e-07,8.934929438728055e-07,8.967653101378108e-07,9.000376731104152e-07,9.033100326435499e-07,9.065823879636804e-07,9.098547399527718e-07,9.131270879772448e-07,9.163994323537772e-07,9.196717730826756e-07,9.229441101640763e-07,9.262164438262156e-07,9.294887736131865e-07,9.327611000296777e-07,9.360334225225512e-07,9.393057416435208e-07,9.425780568428095e-07,9.458503685609251e-07,9.491226764669902e-07,9.523949807266814e-07,9.556672816307175e-07,9.589395791460667e-07,9.622118724676496e-07,9.65484162477103e-07,9.68756448507073e-07,9.720287311913364e-07,9.753010103737254e-07,9.785732854673795e-07,9.81845557198181e-07,9.851178255637096e-07,9.88390090371021e-07,9.916623508848167e-07,9.949346080534518e-07,9.982068618623558e-07,1.0014791114424803e-06,1.0047513574797446e-06,1.0080235997714466e-06,1.0112958387329138e-06,1.0145680743183756e-06,1.0178403063589695e-06,1.0211125340753726e-06,1.0243847584450121e-06,1.0276569788745375e-06,1.0309291959471383e-06,1.0342014090903987e-06,1.0374736186913301e-06,1.0407458254378156e-06,1.0440180276523496e-06,1.0472902266664456e-06,1.0505624223143881e-06,1.0538346136015444e-06,1.057106801688828e-06,1.0603789864098168e-06,1.0636511667708419e-06,1.0669233439312632e-06,1.0701955176585409e-06,1.0734676870943535e-06,1.0767398532369435e-06,1.0800120159794667e-06,1.0832841744913467e-06,1.0865563296813368e-06,1.0898284809112189e-06,1.0931006288425823e-06,1.096372773534662e-06,1.0996449138425678e-06,1.1029170507847897e-06,1.1061891838119473e-06,1.1094613134723988e-06,1.1127334392194248e-06,1.1160055615987976e-06,1.1192776800661632e-06,1.1225497951354509e-06,1.1258219063237516e-06,1.129094014128468e-06,1.132366118038055e-06,1.1356382186144376e-06,1.1389103152459003e-06,1.142182408392539e-06,1.145454497746497e-06,1.1487265834617307e-06,1.151998665895537e-06,1.1552707443340143e-06,1.1585428191342086e-06,1.161814890554275e-06,1.165086958078434e-06,1.1683590219647741e-06,1.1716310824882055e-06,1.174903139099248e-06,1.178175192072824e-06,1.181447241679666e-06,1.1847192873787584e-06,1.1879913296952113e-06,1.1912633687181573e-06,1.1945354035064384e-06,1.1978074346580631e-06,1.201079462458035e-06,1.2043514869051068e-06,1.2076235078991123e-06,1.2108955245053115e-06,1.2141675377428168e-06,1.217439547077152e-06,1.220711553090916e-06,1.2239835556275763e-06,1.2272555540549074e-06,1.230527549126675e-06,1.2337995408180134e-06,1.2370715283394872e-06,1.2403435122260495e-06,1.2436154924777254e-06,1.2468874693862568e-06,1.2501594429295837e-06,1.2534314122774121e-06,1.2567033782795274e-06,1.2599753409052776e-06,1.2632472993504505e-06,1.2665192544009568e-06,1.26979120609548e-06,1.273063153639118e-06,1.2763350975491216e-06,1.279607037825709e-06,1.2828789744689697e-06,1.2861509074790752e-06,1.2894228368561107e-06,1.292694762600205e-06,1.2959666847114908e-06,1.2992386031900947e-06,1.302510518035988e-06,1.305782429249562e-06,1.30905433713785e-06,1.3123262410869682e-06,1.3155981417125816e-06,1.3188700389410845e-06,1.3221419319944848e-06,1.3254138217061662e-06,1.3286857074963761e-06,1.3319575899384944e-06,1.335229468466043e-06,1.3385013436594987e-06,1.3417732149249882e-06,1.345045082846389e-06,1.3483169468501595e-06,1.3515888076265397e-06,1.3548606643693866e-06,1.35813251773823e-06,1.3614043674468409e-06,1.3646762140982481e-06,1.3679480563202135e-06,1.3712198951828343e-06,1.3744917307177158e-06,1.377763562050517e-06,1.3810353900868821e-06,1.3843072147226937e-06,1.387579035993469e-06,1.3908508528092205e-06,1.394122666232593e-06,1.3973944763013993e-06,1.4006662830057964e-06,1.4039380853064896e-06,1.4072098842127195e-06,1.410481679256676e-06,1.4137534709517905e-06,1.4170252587395198e-06,1.4202970431175508e-06,1.4235688236495088e-06,1.4268406007825135e-06,1.430112374059338e-06,1.4333841439837852e-06,1.436655910006003e-06,1.4399276726703656e-06,1.443199431438337e-06,1.4464711868531444e-06,1.4497429390976566e-06,1.4530146869853632e-06,1.4562864315113258e-06,1.459558172673358e-06,1.4628299104715717e-06,1.466101643854031e-06,1.4693733740936211e-06,1.4726451009797859e-06,1.4759168242880757e-06,1.4791885431673536e-06,1.4824602586835927e-06,1.4857319708443387e-06,1.4890036788476573e-06,1.4922753834895222e-06,1.4955470842427283e-06,1.4988187816460532e-06,1.502090475149591e-06,1.5053621654465338e-06,1.5086338523731947e-06,1.511905535809932e-06,1.5151772148160583e-06,1.5184488904984057e-06,1.5217205622565525e-06,1.524992230609879e-06,1.5282638951205445e-06,1.5315355562258765e-06,1.5348072134896131e-06,1.5380788673805294e-06,1.541350517397825e-06,1.5446221639915605e-06,1.5478938067629292e-06,1.5511654459428556e-06,1.55443708197304e-06,1.5577087138763906e-06,1.5609803423917244e-06,1.5642519670505604e-06,1.5675235883968305e-06,1.5707952063603183e-06,1.5740668201530769e-06,1.5773384306078617e-06,1.580610037409079e-06,1.5838816403370764e-06,1.5871532396436929e-06,1.5904248356106759e-06,1.5936964280980966e-06,1.5969680165417614e-06,1.600239601364247e-06,1.60351118256602e-06,1.60678276053986e-06,1.6100543350069597e-06,1.6133259053486999e-06,1.6165974720689144e-06,1.619869035169169e-06,1.6231405946493757e-06,1.6264121505097432e-06,1.6296837029856156e-06,1.6329552521072976e-06,1.6362267971090962e-06,1.639498338491537e-06,1.6427698766190743e-06,1.646041410763207e-06,1.6493129415884764e-06,1.6525844684950207e-06,1.655855992056905e-06,1.6591275123240977e-06,1.6623990283750558e-06,1.6656705408077334e-06,1.668942049910933e-06,1.6722135551074815e-06,1.6754850569699153e-06,1.6787565549308406e-06,1.6820280495693249e-06,1.6852995408133179e-06,1.6885710279217644e-06,1.6918425114129692e-06,1.695113991529708e-06,1.6983854683120896e-06,1.7016569409523539e-06,1.7049284102531859e-06,1.708199875660078e-06,1.711471337706413e-06,1.7147427958805818e-06,1.718014250694391e-06,1.721285702148527e-06,1.7245571494744344e-06,1.7278285934630749e-06,1.7311000335574663e-06,1.7343714703560464e-06,1.7376429038407134e-06,1.7409143330888884e-06,1.7441857588294237e-06,1.747457180847065e-06,1.7507285995390375e-06,1.7540000147982262e-06,1.7572714259717015e-06,1.7605428338030776e-06,1.7638142377476034e-06,1.7670856383725255e-06,1.7703570350885854e-06,1.77362842819067e-06,1.776899818209028e-06,1.7801712046519232e-06,1.7834425869127863e-06,1.78671396601731e-06,1.7899853415474775e-06,1.7932567129680792e-06,1.7965280807756032e-06,1.799799444970148e-06,1.8030708055518297e-06,1.8063421627902214e-06,1.8096135166776864e-06,1.8128848664220619e-06,1.816156212817932e-06,1.8194275553372436e-06,1.8226988942444458e-06,1.8259702297219324e-06,1.8292415618993905e-06,1.8325128899710901e-06,1.8357842147153697e-06,1.8390555355640257e-06,1.8423268529862728e-06,1.8455981670550686e-06,1.8488694770701618e-06,1.8521407834743264e-06,1.8554120865336486e-06,1.8586833862432822e-06,1.861954681815469e-06,1.8652259740437075e-06,1.8684972623949973e-06,1.8717685471362588e-06,1.8750398282674923e-06,1.8783111057888204e-06,1.8815823797003652e-06,1.8848536504897408e-06,1.8881249171820746e-06,1.8913961804987448e-06,1.8946674399724696e-06,1.8979386961095995e-06,1.9012099483652527e-06,1.9044811973447765e-06,1.9077524423827643e-06,1.9110236840799717e-06,1.914294921900822e-06,1.9175661564375816e-06,1.920837387564986e-06,1.924108614561118e-06,1.9273798382158103e-06,1.9306510586902142e-06,1.9339222748627957e-06,1.937193487740425e-06,1.9404646972822827e-06,1.9437359026325033e-06,1.947007104660646e-06,1.9502783027970407e-06,1.9535494976268394e-06,1.9568206890130897e-06,1.9600918770458115e-06,1.9633630607547326e-06,1.9666342413930736e-06,1.9699054178892665e-06,1.97317659099597e-06,1.976447760802916e-06,1.979718926480957e-06,1.9829900885532073e-06,1.986261247375573e-06,1.9895324022365972e-06,1.992803554037576e-06,1.9960747022385187e-06,1.9993458462836753e-06,2.0026169870806375e-06,2.0058881239158924e-06,2.0091592576412985e-06,2.0124303878229766e-06,2.0157015138444126e-06,2.0189726364803633e-06,2.0222437552931567e-06,2.025514870501832e-06,2.028785982283812e-06,2.0320570902846357e-06,2.0353281946817067e-06,2.038599295721003e-06,2.041870392911008e-06,2.045141486497605e-06,2.0484125764810474e-06,2.0516836628613995e-06,2.0549547459259233e-06,2.0582258258992166e-06,2.0614969019713034e-06,2.0647679739405787e-06,2.068039042250551e-06,2.0713101070356507e-06,2.074581168197971e-06,2.077852226605942e-06,2.081123280859902e-06,2.0843943312164192e-06,2.0876653778830276e-06,2.0909364212537004e-06,2.094207460805575e-06,2.097478496756143e-06,2.1007495293800434e-06,2.1040205581283915e-06,2.1072915838838837e-06,2.1105626059505102e-06,2.11383362389655e-06,2.117104638494396e-06,2.1203756492395444e-06,2.1236466563843955e-06,2.1269176601631098e-06,2.1301886601078086e-06,2.1334596566521186e-06,2.1367306497286016e-06,2.140001638874361e-06,2.1432726247828305e-06,2.146543606729482e-06,2.1498145852582006e-06,2.15308556000641e-06,2.1563565311557403e-06,2.159627498975372e-06,2.1628984629271345e-06,2.1661694232802703e-06,2.169440380351351e-06,2.172711333507723e-06,2.175982283065937e-06,2.179253229342068e-06,2.1825241717044108e-06,2.1857951108352432e-06,2.18906604668303e-06,2.192336978252153e-06,2.1956079064911926e-06,2.1988788308655164e-06,2.2021497519153243e-06,2.2054206696250332e-06,2.208691583208187e-06,2.211962493461593e-06,2.2152333998513076e-06,2.2185043029189238e-06,2.221775202640042e-06,2.225046098240531e-06,2.2283169906161054e-06,2.231587879650526e-06,2.2348587653342496e-06,2.2381296465509183e-06,2.241400524426925e-06,2.2446713989629618e-06,2.2479422701496236e-06,2.251213136984525e-06,2.2544840004448026e-06,2.2577548605661127e-06,2.2610257172531744e-06,2.26429656970833e-06,2.267567418876831e-06,2.27083826470503e-06,2.2741091071860737e-06,2.277379945263596e-06,2.280650780114228e-06,2.283921611514342e-06,2.287192438810158e-06,2.2904632632095858e-06,2.2937340838817437e-06,2.2970049003965996e-06,2.30027571342102e-06,2.3035465227493883e-06,2.306817328651886e-06,2.310088131298599e-06,2.313358929848137e-06,2.316629725077601e-06,2.319900516943761e-06,2.3231713047156752e-06,2.32644208913058e-06,2.329712870059754e-06,2.3329836470551563e-06,2.336254420137973e-06,2.3395251903834877e-06,2.342795956603439e-06,2.3460667192262903e-06,2.34933747838837e-06,2.352608234608906e-06,2.3558789865828522e-06,2.3591497356307343e-06,2.3624204812237007e-06,2.365691222305783e-06,2.3689619600769836e-06,2.3722326942610722e-06,2.3755034245716135e-06,2.378774151487889e-06,2.3820448746180843e-06,2.385315594384613e-06,2.3885863108308012e-06,2.3918570239276866e-06,2.395127732698777e-06,2.398398438079543e-06,2.4016691396718024e-06,2.404939837904355e-06,2.4082105323183368e-06,2.411481223385873e-06,2.4147519115350795e-06,2.418022595888537e-06,2.421293275946993e-06,2.4245639526845425e-06,2.4278346261422993e-06,2.4311052961330753e-06,2.4343759618389864e-06,2.4376466245188643e-06,2.4409172830486704e-06,2.4441879382280292e-06,2.4474585895831202e-06,2.4507292376101286e-06,2.4539998817904563e-06,2.457270522659014e-06,2.4605411596651334e-06,2.463811793244143e-06,2.4670824230765514e-06,2.4703530495496803e-06,2.4736236722089912e-06,2.4768942914884734e-06,2.4801649069751284e-06,2.483435518875661e-06,2.486706127427792e-06,2.489976732682542e-06,2.493247333825455e-06,2.4965179313571058e-06,2.499788525328851e-06,2.5030591159426306e-06,2.5063297027438e-06,2.509600286358854e-06,2.5128708665107004e-06,2.5161414425570107e-06,2.519412015219771e-06,2.5226825843040907e-06,2.525953149596769e-06,2.529223711564365e-06,2.5324942701235894e-06,2.5357648246634646e-06,2.5390353758618563e-06,2.5423059232340278e-06,2.5455764673440933e-06,2.548847007549008e-06,2.552117544418867e-06,2.5553880779752902e-06,2.5586586074303013e-06,2.561929133598189e-06,2.565199655887237e-06,2.568470174896779e-06,2.571740690020373e-06,2.57501120175577e-06,2.578281709714724e-06,2.5815522143456916e-06,2.5848227156166236e-06,2.588093212828839e-06,2.5913637066329057e-06,2.5946341972940987e-06,2.5979046837609285e-06,2.6011751668505436e-06,2.6044456461545935e-06,2.6077161218773885e-06,2.610986594300714e-06,2.6142570633676194e-06,2.617527529075236e-06,2.6207979904743313e-06,2.624068448582927e-06,2.6273389033041695e-06,2.6306093539617604e-06,2.633879801508883e-06,2.637150245719711e-06,2.640420685637152e-06,2.6436911221548283e-06,2.64696155534191e-06,2.6502319845217143e-06,2.6535024101205033e-06,2.656772832413543e-06,2.6600432508538244e-06,2.663313665324051e-06,2.6665840771237792e-06,2.6698544848271646e-06,2.6731248892081645e-06,2.676395289754335e-06,2.679665686981211e-06,2.68293608088542e-06,2.686206470696759e-06,2.689476857079996e-06,2.6927472402452884e-06,2.696017619322923e-06,2.6992879951909427e-06,2.702558367113458e-06,2.7058287358289252e-06,2.709099100596701e-06,2.7123694621489643e-06,2.7156398201734553e-06,2.7189101750419795e-06,2.722180525502158e-06,2.725450872423197e-06,2.7287212163406327e-06,2.7319915560710937e-06,2.7352618926086916e-06,2.738532225655488e-06,2.7418025546576198e-06,2.7450728800262255e-06,2.7483432023217648e-06,2.75161352059671e-06,2.7548838352961837e-06,2.7581541464203325e-06,2.7614244542233667e-06,2.7646947585625677e-06,2.7679650589614752e-06,2.771235355848964e-06,2.774505649739498e-06,2.777775939414264e-06,2.781046225769131e-06,2.784316508295141e-06,2.7875867881210234e-06,2.790857063498741e-06,2.7941273355087634e-06,2.797397603738962e-06,2.8006678686228534e-06,2.8039381311407086e-06,2.807208388650088e-06,2.810478642813929e-06,2.813748893176857e-06,2.8170191402168877e-06,2.8202893834334755e-06,2.8235596232369606e-06,2.826829859794285e-06,2.8301000922932874e-06,2.833370321483829e-06,2.8366405473767225e-06,2.8399107691589793e-06,2.8431809876519023e-06,2.8464512028124617e-06,2.849721413879085e-06,2.852991621669732e-06,2.856261825593234e-06,2.859532026233412e-06,2.862802223014319e-06,2.8660724163555004e-06,2.8693426059943045e-06,2.87261279228455e-06,2.875882975205002e-06,2.8791531541316556e-06,2.8824233296599005e-06,2.8856935019425327e-06,2.8889636701581655e-06,2.892233835057182e-06,2.8955039966249504e-06,2.8987741541305385e-06,2.9020443083464205e-06,2.9053144587129422e-06,2.9085846057347832e-06,2.9118547495677735e-06,2.9151248892263516e-06,2.9183950249408766e-06,2.921665157956294e-06,2.924935286908086e-06,2.9282054125633857e-06,2.931475534378194e-06,2.9347456528476403e-06,2.938015767979006e-06,2.9412858790887545e-06,2.944555986882292e-06,2.9478260913514266e-06,2.9510961924146507e-06,2.9543662892530156e-06,2.9576363827567705e-06,2.9609064724602486e-06,2.9641765588460676e-06,2.9674466418446658e-06,2.9707167208467647e-06,2.9739867964920014e-06,2.9772568690564844e-06,2.980526937358341e-06,2.983797001963107e-06,2.9870670637086504e-06,2.9903371213113903e-06,2.9936071756173103e-06,2.996877226693321e-06,3.0001472735981875e-06,3.003417317205635e-06,3.0066873576542175e-06,3.009957393862321e-06,3.013227426707742e-06,3.016497456342973e-06,3.019767481855436e-06,3.023037503826209e-06,3.026307522987753e-06,3.0295775384283617e-06,3.0328475496817552e-06,3.0361175575245257e-06,3.039387561649208e-06,3.042657562361197e-06,3.0459275597487183e-06,3.049197553802014e-06,3.052467543670779e-06,3.0557375301318176e-06,3.0590075132730672e-06,3.0622774930758796e-06,3.065547468690742e-06,3.068817440830879e-06,3.0720874105067036e-06,3.0753573768591957e-06,3.0786273390689974e-06,3.081897296869385e-06,3.0851672515704284e-06,3.0884372025808113e-06,3.0917071501831208e-06,3.0949770937341826e-06,3.0982470343869102e-06,3.101516971417277e-06,3.1047869042827475e-06,3.1080568345653384e-06,3.1113267607990746e-06,3.114596682980086e-06,3.1178666015293716e-06,3.1211365170599423e-06,3.1244064285575757e-06,3.1276763367805043e-06,3.1309462411566552e-06,3.1342161420850556e-06,3.1374860398092124e-06,3.1407559335039814e-06,3.1440258232831534e-06,3.1472957098576386e-06,3.150565593081952e-06,3.1538354729246196e-06,3.1571053494362157e-06,3.16037522177169e-06,3.163645091557774e-06,3.1669149580111927e-06,3.1701848202973002e-06,3.1734546783958065e-06,3.1767245331223628e-06,3.179994384498285e-06,3.1832642325981437e-06,3.1865340764617294e-06,3.1898039170109115e-06,3.193073753757802e-06,3.1963435871337643e-06,3.1996134167644953e-06,3.202883243552511e-06,3.2061530663071703e-06,3.2094228852646568e-06,3.2126927010930426e-06,3.2159625134384823e-06,3.2192323217239157e-06,3.2225021262151404e-06,3.2257719277887884e-06,3.2290417254032143e-06,3.2323115194096306e-06,3.2355813099104006e-06,3.2388510970604e-06,3.242120880999507e-06,3.2453906608313682e-06,3.248660437350494e-06,3.2519302118295055e-06,3.255199980993571e-06,3.2584697463845673e-06,3.261739508655627e-06,3.265009268645496e-06,3.2682790235873483e-06,3.27154877605871e-06,3.2715487760587145e-06,3.271548776058715e-06,3.2715487760587145e-06,3.2715487760587145e-06,3.271548776058715e-06,3.271548776058715e-06,3.271548776058716e-06,3.271548776058715e-06,3.271548776058716e-06,3.271548776058715e-06,3.271548776058715e-06,3.2715487760587153e-06,3.2715487760587145e-06,3.2715487760587145e-06,3.2715487760587145e-06,3.271548776058714e-06,3.271548776058714e-06,3.2715487760587145e-06,3.2715487760587136e-06,3.2715487760587136e-06,3.2715487760587136e-06,3.2715487760587145e-06,3.2715487760587136e-06,3.2715487760587145e-06,3.2715487760587136e-06,3.271548776058714e-06,3.2715487760587145e-06,3.271548776058713e-06,3.271548776058714e-06,3.271548776058715e-06,3.271548776058715e-06,3.271548776058715e-06,3.2715487760587157e-06,3.2715487760587157e-06,3.2715487760587157e-06,3.271548776058716e-06,3.271548776058716e-06,3.2715487760587157e-06,3.2715487760587157e-06,3.2715487760587157e-06,3.2715487760587157e-06,3.2715487760587153e-06,3.2715487760587153e-06,3.271548776058716e-06,3.271548776058716e-06,3.271548776058715e-06,3.2715487760587145e-06,3.271548776058714e-06,3.271548776058714e-06,3.271548776058714e-06,3.2715487760587145e-06,3.271548776058714e-06,3.2715487760587145e-06,3.2715487760587145e-06,3.271548776058715e-06,3.271548776058715e-06,3.271548776058715e-06,3.271548776058715e-06,3.271548776058715e-06,3.271548776058715e-06,3.271548776058715e-06,3.2715487760587153e-06,3.2715487760587153e-06,3.2715487760587153e-06,3.271548776058715e-06,3.271548776058715e-06,3.271548776058715e-06,3.271548776058715e-06,3.2715487760587145e-06,3.2715487760587145e-06,3.2715487760587145e-06,3.2715487760587145e-06,3.2715487760587145e-06,3.2715487760587145e-06,3.2715487760587145e-06,3.2715487760587145e-06,3.2715487760587145e-06,3.2715487760587145e-06,3.2715487760587145e-06,3.2715487760587153e-06,3.2715487760587153e-06,3.2715487760587153e-06,3.2715487760587157e-06,3.2715487760587153e-06,3.2715487760587166e-06,3.2715487760587166e-06,3.2715487760587153e-06,3.2715487760587153e-06,3.2715487760587153e-06,3.2715487760587157e-06,3.2715487760587145e-06,3.2715487760587145e-06,3.2715487760587145e-06,3.2715487760587145e-06,3.2715487760587145e-06,3.2715487760587145e-06,3.2715487760587145e-06,3.2715487760587145e-06,3.2715487760587145e-06,3.2715487760587145e-06,3.2715487760587153e-06,3.271548776058715e-06,3.271548776058715e-06,3.271548776058715e-06,3.2715487760587153e-06,3.2715487760587153e-06,3.2715487760587153e-06,3.2715487760587157e-06,3.271548776058715e-06,3.271548776058715e-06,3.2715487760587153e-06,3.2715487760587157e-06,3.2715487760587153e-06,3.2715487760587153e-06,3.271548776058715e-06,3.2715487760587153e-06,3.2715487760587157e-06,3.2715487760587157e-06,3.2715487760587153e-06,3.2715487760587153e-06,3.2715487760587153e-06,3.271548776058715e-06,3.271548776058715e-06,3.271548776058715e-06,3.271548776058715e-06,3.271548776058715e-06,3.271548776058715e-06,3.271548776058715e-06,3.271548776058715e-06,3.271548776058715e-06,3.271548776058715e-06,3.271548776058715e-06,3.2715487760587153e-06,3.2715487760587153e-06,3.2715487760587153e-06,3.2715487760587153e-06,3.2715487760587153e-06,3.271548776058715e-06,3.271548776058715e-06,3.2715487760587153e-06,3.2715487760587153e-06,3.2715487760587157e-06,3.2715487760587153e-06,3.2715487760587153e-06,3.2715487760587153e-06,3.2715487760587153e-06,3.2715487760587153e-06,3.2715487760587153e-06,3.271548776058716e-06,3.2715487760587153e-06,3.271548776058716e-06,3.271548776058716e-06,3.2715487760587157e-06,3.2715487760587157e-06,3.2715487760587157e-06,3.2715487760587157e-06,3.2715487760587157e-06,3.2715487760587157e-06,3.2715487760587157e-06,3.2715487760587157e-06,3.2715487760587157e-06,3.2715487760587153e-06,3.2715487760587157e-06,3.2715487760587157e-06,3.2715487760587157e-06,3.2715487760587157e-06,3.2715487760587157e-06,3.2715487760587157e-06,3.2715487760587157e-06,3.2715487760587157e-06,3.2715487760587157e-06,3.2715487760587153e-06,3.2715487760587153e-06,3.2715487760587153e-06,3.2715487760587157e-06,3.271548776058717e-06,3.2715487760587157e-06,3.2715487760587157e-06,3.2715487760587166e-06,3.271548776058716e-06,3.2715487760587166e-06,3.2715487760587166e-06,3.2715487760587157e-06,3.271548776058718e-06,3.271548776058718e-06,3.271548776058718e-06,3.271548776058718e-06,3.271548776058718e-06,3.2715487760587183e-06,3.2715487760587195e-06,3.271548776058719e-06,3.27154877605872e-06,3.27154877605872e-06,3.27154877605872e-06,3.27154877605872e-06,3.27154877605872e-06,3.2715487760587195e-06,3.2715487760587195e-06,3.271548776058719e-06,3.271548776058719e-06,3.2715487760587195e-06,3.2715487760587195e-06,3.27154877605872e-06,3.27154877605872e-06,3.27154877605872e-06,3.2715487760587195e-06,3.2715487760587195e-06,3.2715487760587204e-06,3.2715487760587195e-06,3.27154877605872e-06,3.2715487760587204e-06,3.2715487760587204e-06,3.2715487760587204e-06,3.2715487760587204e-06,3.2715487760587204e-06,3.2715487760587204e-06,3.2715487760587204e-06,3.271548776058721e-06,3.271548776058721e-06,3.271548776058721e-06,3.2715487760587204e-06,3.27154877605872e-06,3.271548776058721e-06,3.2715487760587204e-06,3.27154877605872e-06,3.2715487760587212e-06,3.2715487760587212e-06,3.2715487760587212e-06,3.2715487760587212e-06,3.2715487760587212e-06,3.2715487760587212e-06,3.2715487760587212e-06,3.2715487760587212e-06,3.2715487760587212e-06,3.2715487760587212e-06,3.2715487760587212e-06,3.2715487760587212e-06,3.271548776058722e-06,3.271548776058722e-06,3.271548776058722e-06,3.2715487760587217e-06,3.2715487760587217e-06,3.2715487760587217e-06,3.271548776058722e-06,3.2715487760587204e-06,3.271548776058721e-06,3.2715487760587204e-06,3.2715487760587204e-06,3.2715487760587204e-06,3.2715487760587204e-06,3.2715487760587204e-06,3.2715487760587204e-06,3.2715487760587204e-06,3.2715487760587204e-06,3.2715487760587204e-06,3.2715487760587204e-06,3.27154877605872e-06,3.2715487760587204e-06,3.2715487760587204e-06,3.2715487760587204e-06,3.2715487760587204e-06,3.2715487760587204e-06,3.2715487760587204e-06,3.2715487760587204e-06,3.2715487760587204e-06,3.2715487760587204e-06,3.2715487760587204e-06,3.2715487760587204e-06,3.2715487760587204e-06,3.271548776058721e-06,3.2715487760587195e-06,3.2715487760587195e-06,3.2715487760587204e-06,3.2715487760587204e-06,3.2715487760587204e-06,3.2715487760587204e-06,3.271548776058721e-06,3.2715487760587195e-06,3.2715487760587195e-06,3.271548776058721e-06,3.271548776058721e-06,3.271548776058721e-06,3.2715487760587204e-06,3.271548776058721e-06,3.271548776058721e-06,3.271548776058721e-06,3.2715487760587204e-06,3.2715487760587204e-06,3.27154877605872e-06,3.27154877605872e-06,3.2715487760587195e-06,3.27154877605872e-06,3.27154877605872e-06,3.271548776058721e-06,3.271548776058721e-06,3.271548776058721e-06,3.271548776058721e-06,3.2715487760587204e-06,3.271548776058721e-06,3.2715487760587204e-06,3.271548776058721e-06,3.271548776058721e-06,3.271548776058721e-06,3.271548776058721e-06,3.271548776058721e-06,3.271548776058721e-06,3.271548776058721e-06,3.271548776058721e-06,3.271548776058721e-06,3.2715487760587204e-06,3.27154877605872e-06,3.27154877605872e-06,3.27154877605872e-06,3.271548776058721e-06,3.271548776058721e-06,3.271548776058721e-06,3.2715487760587204e-06,3.2715487760587204e-06,3.2715487760587204e-06,3.2715487760587204e-06,3.2715487760587204e-06,3.2715487760587195e-06,3.2715487760587195e-06,3.27154877605872e-06,3.2715487760587195e-06,3.2715487760587204e-06,3.2715487760587204e-06,3.27154877605872e-06,3.27154877605872e-06,3.2715487760587195e-06,3.27154877605872e-06,3.2715487760587204e-06,3.2715487760587195e-06,3.2715487760587204e-06,3.2715487760587195e-06,3.2715487760587204e-06,3.2715487760587204e-06,3.27154877605872e-06,3.2715487760587204e-06,3.2715487760587204e-06,3.2715487760587204e-06,3.2715487760587204e-06,3.27154877605872e-06,3.27154877605872e-06,3.2715487760587204e-06,3.27154877605872e-06,3.27154877605872e-06,3.27154877605872e-06,3.27154877605872e-06,3.27154877605872e-06,3.27154877605872e-06,3.2715487760587204e-06,3.2715487760587204e-06,3.2715487760587204e-06,3.2715487760587204e-06,3.2715487760587204e-06,3.2715487760587204e-06,3.2715487760587204e-06,3.27154877605872e-06,3.27154877605872e-06,3.2715487760587204e-06,3.2715487760587204e-06,3.2715487760587204e-06,3.2715487760587204e-06,3.27154877605872e-06,3.2715487760587195e-06,3.2715487760587195e-06,3.2715487760587204e-06,3.27154877605872e-06,3.2715487760587204e-06,3.2715487760587204e-06,3.27154877605872e-06,3.27154877605872e-06,3.27154877605872e-06,3.2715487760587204e-06,3.2715487760587204e-06,3.2715487760587204e-06,3.2715487760587204e-06,3.2715487760587204e-06,3.2715487760587195e-06,3.27154877605872e-06,3.27154877605872e-06,3.27154877605872e-06,3.2715487760587204e-06,3.2715487760587204e-06,3.2715487760587204e-06,3.2715487760587195e-06,3.2715487760587195e-06,3.2715487760587195e-06,3.2715487760587195e-06,3.2715487760587204e-06,3.2715487760587204e-06,3.2715487760587204e-06,3.2715487760587204e-06,3.2715487760587204e-06,3.2715487760587195e-06,3.2715487760587195e-06,3.2715487760587204e-06,3.2715487760587204e-06,3.2715487760587195e-06,3.2715487760587195e-06,3.2715487760587195e-06,3.2715487760587204e-06,3.2715487760587204e-06,3.2715487760587204e-06,3.2715487760587204e-06,3.2715487760587204e-06,3.2715487760587204e-06,3.2715487760587204e-06,3.27154877605872e-06,3.27154877605872e-06,3.27154877605872e-06,3.27154877605872e-06,3.2715487760587204e-06,3.27154877605872e-06,3.27154877605872e-06,3.27154877605872e-06,3.27154877605872e-06,3.27154877605872e-06,3.27154877605872e-06,3.2715487760587204e-06,3.2715487760587195e-06,3.27154877605872e-06,3.27154877605872e-06,3.27154877605872e-06,3.2715487760587204e-06,3.2715487760587204e-06,3.27154877605872e-06,3.27154877605872e-06,3.27154877605872e-06,3.2715487760587204e-06,3.2715487760587204e-06,3.2715487760587204e-06,3.2715487760587204e-06,3.2715487760587204e-06,3.2715487760587204e-06,3.2715487760587204e-06,3.2715487760587204e-06,3.2715487760587204e-06,3.2715487760587195e-06,3.2715487760587204e-06,3.27154877605872e-06,3.2715487760587204e-06,3.2715487760587204e-06,3.27154877605872e-06,3.2715487760587195e-06,3.271548776058721e-06,3.271548776058721e-06,3.271548776058721e-06,3.27154877605872e-06,3.271548776058721e-06,3.271548776058721e-06,3.2715487760587204e-06,3.2715487760587204e-06,3.2715487760587204e-06,3.2715487760587204e-06,3.2715487760587204e-06,3.2715487760587204e-06,3.2715487760587204e-06,3.27154877605872e-06,3.27154877605872e-06,3.2715487760587204e-06,3.2715487760587204e-06,3.27154877605872e-06,3.2715487760587204e-06,3.2715487760587204e-06,3.2715487760587204e-06,3.2715487760587195e-06,3.2715487760587204e-06,3.2715487760587204e-06,3.2715487760587195e-06,3.2715487760587204e-06,3.2715487760587204e-06,3.2715487760587204e-06,3.2715487760587204e-06,3.2715487760587204e-06,3.2715487760587204e-06,3.2715487760587204e-06,3.2715487760587204e-06,3.2715487760587204e-06,3.2715487760587204e-06,3.2715487760587204e-06,3.2715487760587195e-06,3.2715487760587195e-06,3.2715487760587204e-06,3.2715487760587204e-06,3.27154877605872e-06,3.27154877605872e-06,3.2715487760587204e-06,3.27154877605872e-06,3.27154877605872e-06,3.27154877605872e-06,3.27154877605872e-06,3.2715487760587204e-06,3.2715487760587204e-06,3.2715487760587204e-06,3.27154877605872e-06,3.27154877605872e-06,3.2715487760587204e-06,3.27154877605872e-06,3.27154877605872e-06,3.27154877605872e-06,3.2715487760587204e-06,3.27154877605872e-06,3.27154877605872e-06,3.2715487760587204e-06,3.2715487760587204e-06,3.2715487760587204e-06,3.2715487760587204e-06,3.271548776058721e-06,3.2715487760587204e-06,3.2715487760587204e-06,3.2715487760587204e-06,3.2715487760587204e-06,3.2715487760587204e-06,3.2715487760587204e-06,3.2715487760587204e-06,3.2715487760587204e-06,3.2715487760587204e-06,3.2715487760587204e-06,3.271548776058721e-06,3.2715487760587195e-06,3.271548776058721e-06,3.2715487760587204e-06,3.2715487760587204e-06,3.2715487760587204e-06,3.2715487760587204e-06,3.271548776058721e-06,3.271548776058721e-06,3.271548776058721e-06,3.271548776058721e-06,3.271548776058721e-06,3.271548776058721e-06,3.27154877605872e-06,3.271548776058721e-06,3.27154877605872e-06,3.27154877605872e-06,3.271548776058721e-06,3.271548776058721e-06,3.271548776058721e-06,3.271548776058721e-06,3.271548776058721e-06,3.2715487760587204e-06,3.27154877605872e-06,3.27154877605872e-06,3.27154877605872e-06,3.27154877605872e-06,3.27154877605872e-06,3.27154877605872e-06,3.2715487760587204e-06,3.27154877605872e-06,3.2715487760587204e-06,3.2715487760587204e-06,3.2715487760587204e-06,3.2715487760587204e-06,3.2715487760587204e-06,3.2715487760587204e-06,3.2715487760587204e-06,3.2715487760587204e-06,3.2715487760587204e-06,3.2715487760587204e-06,3.271548776058721e-06,3.271548776058721e-06,3.271548776058721e-06,3.2715487760587204e-06,3.27154877605872e-06,3.27154877605872e-06,3.27154877605872e-06,3.271548776058721e-06,3.27154877605872e-06,3.27154877605872e-06,3.2715487760587204e-06,3.2715487760587204e-06,3.27154877605872e-06,3.2715487760587204e-06,3.2715487760587204e-06,3.27154877605872e-06,3.27154877605872e-06,3.2715487760587204e-06,3.271548776058721e-06,3.2715487760587204e-06,3.2715487760587204e-06,3.27154877605872e-06,3.2715487760587204e-06,3.2715487760587195e-06,3.2715487760587204e-06,3.2715487760587204e-06,3.27154877605872e-06,3.2715487760587204e-06,3.2715487760587195e-06,3.2715487760587204e-06,3.2715487760587204e-06,3.27154877605872e-06,3.271548776058721e-06,3.271548776058721e-06,3.271548776058721e-06,3.27154877605872e-06,3.27154877605872e-06,3.27154877605872e-06,3.27154877605872e-06,3.2715487760587204e-06,3.2715487760587204e-06,3.2715487760587204e-06,3.27154877605872e-06,3.27154877605872e-06,3.27154877605872e-06,3.2715487760587204e-06,3.2715487760587204e-06,3.2715487760587204e-06,3.27154877605872e-06,3.27154877605872e-06,3.27154877605872e-06,3.2715487760587204e-06,3.27154877605872e-06,3.27154877605872e-06,3.27154877605872e-06,3.27154877605872e-06,3.27154877605872e-06,3.2715487760587204e-06,3.2715487760587204e-06,3.27154877605872e-06,3.27154877605872e-06,3.2715487760587204e-06,3.2715487760587204e-06,3.271548776058721e-06,3.271548776058721e-06,3.271548776058721e-06,3.271548776058721e-06,3.271548776058721e-06,3.271548776058721e-06,3.271548776058721e-06,3.27154877605872e-06,3.27154877605872e-06,3.2715487760587204e-06,3.27154877605872e-06,3.27154877605872e-06,3.27154877605872e-06,3.27154877605872e-06,3.27154877605872e-06,3.27154877605872e-06,3.2715487760587204e-06,3.27154877605872e-06,3.27154877605872e-06,3.27154877605872e-06,3.27154877605872e-06,3.27154877605872e-06,3.27154877605872e-06,3.2715487760587204e-06,3.27154877605872e-06,3.27154877605872e-06,3.27154877605872e-06,3.27154877605872e-06,3.27154877605872e-06,3.27154877605872e-06,3.2715487760587204e-06,3.27154877605872e-06,3.2715487760587204e-06,3.2715487760587204e-06,3.2715487760587204e-06,3.2715487760587204e-06,3.2715487760587204e-06,3.2715487760587204e-06,3.27154877605872e-06,3.2715487760587204e-06,3.2715487760587204e-06,3.2715487760587204e-06,3.2715487760587204e-06,3.271548776058721e-06,3.271548776058721e-06,3.2715487760587204e-06,3.271548776058721e-06,3.271548776058721e-06,3.271548776058721e-06,3.271548776058721e-06,3.2715487760587204e-06,3.2715487760587204e-06,3.27154877605872e-06,3.271548776058721e-06,3.271548776058721e-06,3.271548776058721e-06,3.2715487760587204e-06,3.2715487760587204e-06,3.2715487760587204e-06,3.271548776058721e-06,3.2715487760587204e-06,3.2715487760587204e-06,3.2715487760587204e-06,3.2715487760587204e-06,3.2715487760587204e-06,3.2715487760587204e-06,3.27154877605872e-06,3.2715487760587204e-06,3.2715487760587204e-06,3.2715487760587204e-06,3.2715487760587204e-06,3.2715487760587204e-06,3.2715487760587195e-06,3.2715487760587204e-06,3.2715487760587204e-06,3.2715487760587204e-06,3.2715487760587195e-06,3.27154877605872e-06,3.2715487760587195e-06,3.27154877605872e-06,3.2715487760587195e-06,3.2715487760587204e-06,3.2715487760587204e-06,3.27154877605872e-06,3.2715487760587204e-06,3.2715487760587204e-06,3.2715487760587204e-06,3.27154877605872e-06,3.27154877605872e-06,3.27154877605872e-06,3.27154877605872e-06,3.2715487760587204e-06,3.2715487760587204e-06,3.27154877605872e-06,3.2715487760587204e-06,3.2715487760587204e-06,3.2715487760587204e-06,3.2715487760587204e-06,3.2715487760587204e-06,3.2715487760587204e-06,3.2715487760587204e-06,3.27154877605872e-06,3.27154877605872e-06,3.27154877605872e-06,3.2715487760587204e-06,3.2715487760587204e-06,3.2715487760587204e-06,3.27154877605872e-06,3.27154877605872e-06,3.27154877605872e-06,3.27154877605872e-06,3.27154877605872e-06,3.271548776058721e-06,3.271548776058721e-06,3.271548776058721e-06,3.271548776058721e-06,3.271548776058721e-06,3.2715487760587195e-06,3.271548776058721e-06,3.2715487760587195e-06,3.271548776058721e-06,3.2715487760587195e-06,3.271548776058721e-06,3.271548776058721e-06,3.2715487760587195e-06,3.271548776058721e-06,3.271548776058721e-06,3.271548776058721e-06,3.271548776058721e-06,3.2715487760587195e-06,3.271548776058721e-06,3.271548776058721e-06,3.271548776058721e-06,3.271548776058721e-06,3.271548776058721e-06,3.271548776058721e-06,3.271548776058721e-06,3.271548776058721e-06,3.2715487760587204e-06,3.27154877605872e-06,3.2715487760587195e-06,3.27154877605872e-06,3.27154877605872e-06,3.27154877605872e-06,3.27154877605872e-06,3.2715487760587204e-06,3.2715487760587204e-06,3.27154877605872e-06,3.27154877605872e-06,3.27154877605872e-06,3.27154877605872e-06,3.27154877605872e-06,3.27154877605872e-06,3.2715487760587195e-06,3.2715487760587195e-06,3.2715487760587195e-06,3.27154877605872e-06,3.2715487760587204e-06,3.271548776058721e-06,3.271548776058721e-06,3.271548776058721e-06,3.271548776058721e-06,3.271548776058721e-06,3.2715487760587204e-06,3.2715487760587204e-06,3.271548776058721e-06,3.271548776058721e-06,3.271548776058721e-06,3.271548776058721e-06,3.271548776058721e-06,3.271548776058721e-06,3.271548776058721e-06,3.2715487760587195e-06,3.271548776058721e-06,3.27154877605872e-06,3.2715487760587204e-06,3.2715487760587204e-06,3.27154877605872e-06,3.27154877605872e-06,3.271548776058721e-06,3.271548776058721e-06,3.2715487760587204e-06,3.2715487760587204e-06,3.27154877605872e-06,3.271548776058721e-06,3.27154877605872e-06,3.2715487760587204e-06,3.2715487760587204e-06,3.271548776058721e-06,3.271548776058721e-06,3.271548776058721e-06,3.2715487760587204e-06,3.271548776058721e-06,3.271548776058721e-06,3.2715487760587204e-06,3.2715487760587204e-06,3.2715487760587204e-06,3.2715487760587204e-06,3.2715487760587204e-06,3.2715487760587204e-06,3.2715487760587204e-06,3.2715487760587204e-06,3.2715487760587204e-06,3.2715487760587204e-06,3.2715487760587204e-06,3.2715487760587204e-06,3.2715487760587204e-06,3.2715487760587204e-06,3.2715487760587204e-06,3.2715487760587204e-06,3.27154877605872e-06,3.2715487760587204e-06,3.2715487760587204e-06,3.2715487760587204e-06,3.2715487760587204e-06,3.2715487760587204e-06,3.2715487760587204e-06,3.2715487760587195e-06,3.2715487760587204e-06,3.2715487760587204e-06,3.2715487760587204e-06,3.2715487760587204e-06,3.2715487760587204e-06,3.2715487760587204e-06,3.2715487760587204e-06,3.2715487760587204e-06,3.2715487760587204e-06,3.2715487760587204e-06,3.2715487760587204e-06,3.2715487760587204e-06,3.2715487760587204e-06,3.271548776058721e-06,3.271548776058721e-06,3.2715487760587204e-06,3.2715487760587195e-06,3.2715487760587204e-06,3.2715487760587204e-06,3.27154877605872e-06,3.2715487760587204e-06,3.27154877605872e-06,3.2715487760587195e-06,3.2715487760587204e-06,3.2715487760587195e-06,3.2715487760587204e-06,3.2715487760587204e-06,3.2715487760587204e-06,3.2715487760587204e-06,3.271548776058721e-06,3.2715487760587195e-06,3.271548776058721e-06,3.27154877605872e-06,3.2715487760587204e-06,3.2715487760587204e-06,3.2715487760587204e-06,3.271548776058721e-06,3.271548776058721e-06,3.2715487760587204e-06,3.2715487760587204e-06,3.2715487760587204e-06,3.2715487760587204e-06,3.2715487760587204e-06,3.2715487760587195e-06,3.2715487760587204e-06,3.2715487760587204e-06,3.2715487760587204e-06,3.2715487760587204e-06,3.2715487760587204e-06,3.2715487760587204e-06,3.271548776058721e-06,3.2715487760587204e-06,3.2715487760587204e-06,3.2715487760587204e-06,3.271548776058721e-06,3.2715487760587195e-06,3.271548776058721e-06,3.271548776058721e-06,3.2715487760587195e-06,3.271548776058721e-06,3.271548776058721e-06,3.2715487760587204e-06,3.2715487760587204e-06,3.27154877605872e-06,3.2715487760587204e-06,3.271548776058721e-06,3.2715487760587195e-06,3.271548776058721e-06,3.271548776058721e-06,3.271548776058721e-06,3.2715487760587204e-06,3.2715487760587204e-06,3.27154877605872e-06,3.27154877605872e-06,3.27154877605872e-06,3.27154877605872e-06,3.2715487760587204e-06,3.2715487760587204e-06,3.2715487760587204e-06,3.2715487760587204e-06,3.2715487760587204e-06,3.2715487760587204e-06,3.2715487760587204e-06,3.2715487760587195e-06,3.2715487760587195e-06,3.2715487760587195e-06,3.27154877605872e-06,3.27154877605872e-06,3.2715487760587195e-06,3.2715487760587195e-06,3.2715487760587195e-06,3.2715487760587195e-06,3.2715487760587204e-06,3.2715487760587204e-06,3.2715487760587204e-06,3.2715487760587204e-06,3.2715487760587204e-06,3.2715487760587195e-06,3.2715487760587195e-06,3.27154877605872e-06,3.2715487760587195e-06,3.27154877605872e-06,3.27154877605872e-06,3.27154877605872e-06,3.2715487760587204e-06,3.2715487760587204e-06,3.2715487760587204e-06,3.2715487760587204e-06,3.27154877605872e-06,3.2715487760587204e-06,3.2715487760587204e-06,3.2715487760587204e-06,3.2715487760587204e-06,3.2715487760587204e-06,3.2715487760587204e-06,3.2715487760587204e-06,3.2715487760587204e-06,3.2715487760587204e-06,3.2715487760587204e-06,3.2715487760587204e-06,3.271548776058721e-06,3.2715487760587204e-06,3.2715487760587204e-06,3.271548776058721e-06,3.271548776058721e-06,3.271548776058721e-06,3.271548776058721e-06,3.271548776058721e-06,3.2715487760587195e-06,3.2715487760587204e-06,3.2715487760587204e-06,3.271548776058721e-06,3.271548776058721e-06,3.271548776058721e-06,3.271548776058721e-06,3.2715487760587204e-06,3.2715487760587204e-06,3.271548776058721e-06,3.2715487760587204e-06,3.2715487760587204e-06,3.27154877605872e-06,3.27154877605872e-06,3.2715487760587204e-06,3.2715487760587204e-06,3.27154877605872e-06,3.27154877605872e-06,3.27154877605872e-06,3.27154877605872e-06,3.27154877605872e-06,3.27154877605872e-06,3.271548776058719e-06,3.2715487760587195e-06,3.2715487760587195e-06,3.2715487760587195e-06,3.2715487760587195e-06,3.2715487760587195e-06,3.27154877605872e-06,3.271548776058719e-06,3.2715487760587195e-06,3.2715487760587195e-06,3.2715487760587195e-06,3.2715487760587195e-06,3.2715487760587187e-06,3.2715487760587195e-06,3.2715487760587195e-06,3.2715487760587195e-06,3.2715487760587195e-06,3.27154877605872e-06,3.27154877605872e-06,3.27154877605872e-06,3.2715487760587204e-06,3.27154877605872e-06,3.27154877605872e-06,3.27154877605872e-06,3.27154877605872e-06,3.27154877605872e-06,3.27154877605872e-06,3.27154877605872e-06,3.27154877605872e-06,3.27154877605872e-06,3.27154877605872e-06,3.2715487760587204e-06,3.2715487760587204e-06,3.2715487760587204e-06,3.27154877605872e-06,3.27154877605872e-06,3.27154877605872e-06,3.2715487760587204e-06,3.2715487760587204e-06,3.2715487760587204e-06,3.2715487760587204e-06,3.271548776058721e-06,3.2715487760587204e-06,3.2715487760587204e-06,3.2715487760587204e-06,3.2715487760587195e-06,3.2715487760587204e-06,3.2715487760587204e-06,3.271548776058721e-06,3.2715487760587204e-06,3.2715487760587204e-06,3.271548776058721e-06,3.271548776058721e-06,3.271548776058721e-06,3.271548776058721e-06,3.271548776058721e-06,3.271548776058721e-06,3.27154877605872e-06,3.27154877605872e-06,3.27154877605872e-06,3.2715487760587204e-06,3.2715487760587204e-06,3.2715487760587204e-06,3.271548776058721e-06,3.2715487760587204e-06,3.27154877605872e-06,3.27154877605872e-06,3.2715487760587204e-06,3.27154877605872e-06,3.2715487760587204e-06,3.27154877605872e-06,3.27154877605872e-06,3.2715487760587195e-06,3.2715487760587195e-06,3.27154877605872e-06,3.27154877605872e-06,3.2715487760587195e-06,3.2715487760587195e-06,3.2715487760587195e-06,3.271548776058721e-06,3.2715487760587195e-06,3.271548776058721e-06,3.271548776058721e-06,3.271548776058721e-06,3.2715487760587195e-06,3.27154877605872e-06,3.271548776058721e-06,3.2715487760587195e-06,3.2715487760587195e-06,3.271548776058721e-06,3.271548776058721e-06,3.27154877605872e-06,3.271548776058721e-06,3.271548776058721e-06,3.271548776058721e-06,3.2715487760587204e-06,3.2715487760587204e-06,3.2715487760587204e-06,3.271548776058721e-06,3.271548776058721e-06,3.271548776058721e-06,3.271548776058721e-06,3.2715487760587204e-06,3.2715487760587204e-06,3.2715487760587204e-06,3.271548776058721e-06,3.2715487760587204e-06,3.2715487760587204e-06,3.2715487760587204e-06,3.2715487760587204e-06,3.2715487760587195e-06,3.27154877605872e-06,3.2715487760587195e-06,3.271548776058721e-06,3.27154877605872e-06,3.271548776058721e-06,3.271548776058721e-06,3.271548776058721e-06,3.27154877605872e-06,3.27154877605872e-06,3.2715487760587204e-06,3.27154877605872e-06,3.2715487760587204e-06,3.2715487760587204e-06,3.271548776058721e-06,3.271548776058721e-06,3.271548776058721e-06,3.2715487760587204e-06,3.2715487760587204e-06,3.2715487760587204e-06,3.27154877605872e-06,3.2715487760587204e-06,3.2715487760587204e-06,3.271548776058721e-06,3.271548776058721e-06,3.271548776058721e-06,3.271548776058721e-06,3.271548776058721e-06,3.271548776058721e-06,3.271548776058721e-06,3.27154877605872e-06,3.27154877605872e-06,3.27154877605872e-06,3.27154877605872e-06,3.271548776058719e-06,3.27154877605872e-06,3.27154877605872e-06,3.27154877605872e-06,3.27154877605872e-06,3.27154877605872e-06,3.27154877605872e-06,3.271548776058721e-06,3.27154877605872e-06,3.27154877605872e-06,3.27154877605872e-06,3.27154877605872e-06,3.27154877605872e-06,3.27154877605872e-06,3.27154877605872e-06,3.27154877605872e-06,3.27154877605872e-06,3.27154877605872e-06,3.27154877605872e-06,3.27154877605872e-06,3.27154877605872e-06,3.27154877605872e-06,3.27154877605872e-06,3.27154877605872e-06,3.27154877605872e-06,3.27154877605872e-06,3.27154877605872e-06,3.27154877605872e-06,3.27154877605872e-06,3.27154877605872e-06,3.2715487760587204e-06,3.2715487760587204e-06,3.27154877605872e-06,3.27154877605872e-06,3.2715487760587204e-06,3.2715487760587204e-06,3.2715487760587204e-06,3.2715487760587204e-06,3.2715487760587204e-06,3.2715487760587204e-06,3.27154877605872e-06,3.271548776058721e-06,3.271548776058721e-06,3.2715487760587195e-06,3.271548776058721e-06,3.271548776058721e-06,3.2715487760587195e-06,3.2715487760587204e-06,3.2715487760587204e-06,3.2715487760587204e-06,3.271548776058721e-06,3.27154877605872e-06,3.271548776058721e-06,3.271548776058721e-06,3.271548776058721e-06,3.271548776058721e-06,3.271548776058721e-06,3.2715487760587204e-06,3.2715487760587204e-06,3.2715487760587204e-06,3.271548776058721e-06,3.2715487760587204e-06,3.2715487760587204e-06,3.2715487760587204e-06,3.2715487760587204e-06,3.2715487760587204e-06,3.2715487760587204e-06,3.2715487760587204e-06,3.27154877605872e-06,3.271548776058721e-06,3.2715487760587204e-06,3.27154877605872e-06,3.2715487760587204e-06,3.2715487760587195e-06,3.2715487760587195e-06,3.27154877605872e-06,3.27154877605872e-06,3.27154877605872e-06,3.2715487760587195e-06,3.2715487760587195e-06,3.2715487760587204e-06,3.2715487760587204e-06,3.27154877605872e-06,3.27154877605872e-06,3.2715487760587195e-06,3.27154877605872e-06,3.27154877605872e-06,3.27154877605872e-06,3.2715487760587204e-06,3.27154877605872e-06,3.27154877605872e-06,3.2715487760587204e-06,3.2715487760587204e-06,3.2715487760587204e-06,3.2715487760587204e-06,3.271548776058721e-06,3.2715487760587204e-06,3.2715487760587204e-06,3.2715487760587204e-06,3.2715487760587204e-06,3.2715487760587204e-06,3.2715487760587204e-06,3.2715487760587204e-06,3.2715487760587204e-06,3.2715487760587204e-06,3.2715487760587204e-06,3.2715487760587204e-06,3.2715487760587204e-06,3.2715487760587204e-06,3.2715487760587204e-06,3.271548776058721e-06,3.271548776058721e-06,3.271548776058721e-06,3.271548776058721e-06,3.27154877605872e-06,3.27154877605872e-06,3.27154877605872e-06,3.2715487760587204e-06,3.2715487760587195e-06,3.27154877605872e-06,3.27154877605872e-06,3.27154877605872e-06,3.27154877605872e-06,3.27154877605872e-06,3.27154877605872e-06,3.271548776058721e-06,3.27154877605872e-06,3.27154877605872e-06,3.27154877605872e-06,3.27154877605872e-06,3.27154877605872e-06,3.2715487760587195e-06,3.27154877605872e-06,3.2715487760587204e-06,3.2715487760587204e-06,3.2715487760587204e-06,3.2715487760587204e-06,3.2715487760587204e-06,3.2715487760587195e-06,3.27154877605872e-06,3.27154877605872e-06,3.27154877605872e-06,3.2715487760587204e-06,3.2715487760587204e-06,3.271548776058721e-06,3.2715487760587204e-06,3.271548776058721e-06,3.271548776058721e-06,3.271548776058721e-06,3.271548776058721e-06,3.2715487760587204e-06,3.2715487760587204e-06,3.2715487760587204e-06,3.2715487760587204e-06,3.2715487760587204e-06,3.2715487760587204e-06,3.2715487760587204e-06,3.2715487760587204e-06,3.2715487760587204e-06,3.2715487760587204e-06,3.2715487760587195e-06,3.2715487760587195e-06,3.2715487760587195e-06,3.2715487760587195e-06,3.2715487760587195e-06,3.2715487760587195e-06,3.2715487760587195e-06,3.2715487760587195e-06,3.2715487760587195e-06,3.2715487760587195e-06,3.271548776058719e-06,3.27154877605872e-06,3.2715487760587195e-06,3.2715487760587195e-06,3.2715487760587195e-06,3.2715487760587195e-06,3.2715487760587195e-06,3.2715487760587195e-06,3.2715487760587195e-06,3.2715487760587204e-06,3.2715487760587195e-06,3.2715487760587195e-06,3.2715487760587195e-06,3.2715487760587195e-06,3.2715487760587195e-06,3.2715487760587195e-06,3.2715487760587195e-06,3.2715487760587204e-06,3.2715487760587204e-06,3.2715487760587204e-06,3.2715487760587204e-06,3.2715487760587204e-06,3.27154877605872e-06,3.27154877605872e-06,3.2715487760587204e-06,3.2715487760587195e-06,3.2715487760587204e-06,3.27154877605872e-06,3.2715487760587204e-06,3.27154877605872e-06,3.2715487760587204e-06,3.2715487760587204e-06,3.2715487760587204e-06,3.27154877605872e-06,3.2715487760587204e-06,3.2715487760587204e-06,3.27154877605872e-06,3.2715487760587204e-06,3.2715487760587204e-06,3.2715487760587204e-06,3.2715487760587204e-06,3.2715487760587204e-06,3.2715487760587204e-06,3.2715487760587204e-06,3.2715487760587195e-06,3.2715487760587204e-06,3.2715487760587195e-06,3.2715487760587204e-06,3.2715487760587204e-06,3.2715487760587204e-06,3.2715487760587204e-06,3.2715487760587204e-06,3.2715487760587204e-06,3.2715487760587204e-06,3.2715487760587204e-06,3.2715487760587204e-06,3.2715487760587204e-06,3.2715487760587204e-06,3.2715487760587204e-06,3.2715487760587204e-06,3.2715487760587204e-06,3.2715487760587204e-06,3.2715487760587204e-06,3.27154877605872e-06,3.27154877605872e-06,3.2715487760587204e-06,3.2715487760587204e-06,3.2715487760587204e-06,3.2715487760587204e-06,3.2715487760587204e-06,3.2715487760587204e-06,3.2715487760587204e-06,3.2715487760587204e-06,3.2715487760587204e-06,3.2715487760587204e-06,3.2715487760587195e-06,3.2715487760587204e-06,3.2715487760587204e-06,3.271548776058719e-06,3.2715487760587204e-06,3.2715487760587195e-06,3.2715487760587204e-06,3.2715487760587204e-06,3.2715487760587195e-06,3.2715487760587204e-06,3.2715487760587204e-06,3.2715487760587195e-06,3.2715487760587204e-06,3.2715487760587204e-06,3.2715487760587204e-06,3.2715487760587204e-06,3.2715487760587204e-06,3.2715487760587204e-06,3.2715487760587204e-06,3.2715487760587195e-06,3.2715487760587204e-06,3.2715487760587204e-06,3.2715487760587195e-06,3.2715487760587204e-06,3.2715487760587195e-06,3.2715487760587204e-06,3.2715487760587204e-06,3.2715487760587195e-06,3.271548776058721e-06,3.271548776058721e-06,3.2715487760587204e-06,3.2715487760587204e-06,3.2715487760587204e-06,3.2715487760587204e-06,3.271548776058721e-06,3.271548776058721e-06,3.271548776058721e-06,3.2715487760587204e-06,3.2715487760587204e-06,3.271548776058721e-06,3.271548776058721e-06,3.2715487760587212e-06,3.2715487760587204e-06,3.2715487760587212e-06,3.27154877605872e-06,3.271548776058721e-06,3.27154877605872e-06,3.271548776058721e-06,3.2715487760587212e-06,3.271548776058721e-06,3.271548776058721e-06,3.271548776058721e-06,3.2715487760587212e-06,3.2715487760587212e-06,3.2715487760587204e-06,3.2715487760587212e-06,3.271548776058721e-06,3.271548776058721e-06,3.271548776058721e-06,3.2715487760587212e-06,3.2715487760587212e-06,3.2715487760587212e-06,3.2715487760587212e-06,3.2715487760587204e-06,3.2715487760587204e-06,3.27154877605872e-06,3.2715487760587195e-06,3.27154877605872e-06,3.271548776058719e-06,3.27154877605872e-06,3.27154877605872e-06,3.27154877605872e-06,3.2715487760587195e-06,3.27154877605872e-06,3.27154877605872e-06,3.27154877605872e-06,3.271548776058719e-06,3.27154877605872e-06,3.27154877605872e-06,3.27154877605872e-06,3.27154877605872e-06,3.27154877605872e-06,3.27154877605872e-06,3.2715487760587204e-06,3.2715487760587204e-06,3.2715487760587204e-06,3.2715487760587204e-06,3.27154877605872e-06,3.2715487760587204e-06,3.2715487760587204e-06,3.2715487760587204e-06,3.2715487760587204e-06,3.2715487760587204e-06,3.2715487760587204e-06,3.2715487760587204e-06,3.2715487760587204e-06,3.2715487760587204e-06,3.2715487760587204e-06,3.2715487760587204e-06,3.2715487760587204e-06,3.2715487760587204e-06,3.2715487760587204e-06,3.2715487760587204e-06,3.2715487760587195e-06,3.2715487760587204e-06,3.2715487760587204e-06,3.2715487760587204e-06,3.2715487760587204e-06,3.27154877605872e-06,3.27154877605872e-06,3.2715487760587204e-06,3.2715487760587204e-06,3.2715487760587204e-06,3.2715487760587204e-06,3.2715487760587204e-06,3.2715487760587204e-06,3.27154877605872e-06,3.2715487760587204e-06,3.2715487760587204e-06,3.2715487760587204e-06,3.2715487760587204e-06,3.2715487760587204e-06,3.2715487760587204e-06,3.27154877605872e-06,3.27154877605872e-06,3.2715487760587204e-06,3.2715487760587204e-06,3.2715487760587204e-06,3.2715487760587204e-06,3.2715487760587204e-06,3.2715487760587195e-06,3.2715487760587204e-06,3.2715487760587204e-06,3.2715487760587204e-06,3.2715487760587204e-06,3.2715487760587195e-06,3.2715487760587204e-06,3.2715487760587204e-06,3.2715487760587204e-06,3.2715487760587204e-06,3.2715487760587204e-06,3.2715487760587204e-06,3.2715487760587204e-06,3.2715487760587204e-06,3.2715487760587204e-06,3.2715487760587204e-06,3.2715487760587204e-06,3.2715487760587204e-06,3.2715487760587204e-06,3.27154877605872e-06,3.27154877605872e-06,3.27154877605872e-06,3.2715487760587204e-06,3.27154877605872e-06,3.27154877605872e-06,3.2715487760587204e-06,3.271548776058721e-06,3.271548776058721e-06,3.271548776058721e-06,3.2715487760587204e-06,3.2715487760587204e-06,3.2715487760587204e-06,3.2715487760587195e-06,3.2715487760587195e-06,3.27154877605872e-06,3.27154877605872e-06,3.27154877605872e-06,3.2715487760587195e-06,3.2715487760587195e-06,3.271548776058721e-06,3.27154877605872e-06,3.2715487760587204e-06,3.27154877605872e-06,3.27154877605872e-06,3.27154877605872e-06,3.27154877605872e-06,3.271548776058721e-06,3.27154877605872e-06,3.271548776058721e-06,3.27154877605872e-06,3.2715487760587204e-06,3.27154877605872e-06,3.271548776058721e-06,3.27154877605872e-06,3.271548776058721e-06,3.27154877605872e-06,3.271548776058721e-06,3.2715487760587204e-06,3.271548776058721e-06,3.271548776058721e-06,3.2715487760587204e-06,3.271548776058721e-06,3.271548776058721e-06,3.2715487760587204e-06,3.2715487760587204e-06,3.27154877605872e-06,3.271548776058721e-06,3.271548776058721e-06,3.27154877605872e-06,3.271548776058721e-06,3.271548776058721e-06,3.271548776058721e-06,3.2715487760587204e-06,3.27154877605872e-06,3.27154877605872e-06,3.27154877605872e-06,3.27154877605872e-06,3.27154877605872e-06,3.27154877605872e-06,3.27154877605872e-06,3.2715487760587204e-06,3.27154877605872e-06,3.27154877605872e-06,3.2715487760587204e-06,3.27154877605872e-06,3.27154877605872e-06,3.27154877605872e-06,3.27154877605872e-06,3.2715487760587204e-06,3.27154877605872e-06,3.2715487760587204e-06,3.2715487760587204e-06,3.27154877605872e-06,3.2715487760587204e-06,3.271548776058721e-06,3.2715487760587204e-06,3.2715487760587204e-06,3.27154877605872e-06,3.27154877605872e-06,3.27154877605872e-06,3.2715487760587195e-06,3.27154877605872e-06,3.2715487760587204e-06,3.2715487760587204e-06,3.27154877605872e-06,3.27154877605872e-06,3.27154877605872e-06,3.27154877605872e-06,3.27154877605872e-06,3.2715487760587204e-06,3.2715487760587204e-06,3.27154877605872e-06,3.27154877605872e-06,3.27154877605872e-06,3.27154877605872e-06,3.27154877605872e-06,3.2715487760587204e-06,3.27154877605872e-06,3.27154877605872e-06,3.27154877605872e-06,3.2715487760587195e-06,3.2715487760587195e-06,3.2715487760587204e-06,3.27154877605872e-06,3.27154877605872e-06,3.27154877605872e-06,3.2715487760587204e-06,3.2715487760587204e-06,3.2715487760587204e-06,3.2715487760587204e-06,3.27154877605872e-06,3.27154877605872e-06,3.27154877605872e-06,3.2715487760587204e-06,3.2715487760587204e-06,3.2715487760587204e-06,3.2715487760587204e-06,3.27154877605872e-06,3.27154877605872e-06,3.27154877605872e-06,3.2715487760587204e-06,3.2715487760587195e-06,3.271548776058721e-06,3.271548776058721e-06,3.271548776058721e-06,3.2715487760587204e-06,3.2715487760587204e-06,3.2715487760587204e-06,3.271548776058721e-06,3.271548776058721e-06,3.271548776058721e-06,3.271548776058721e-06,3.2715487760587204e-06,3.2715487760587204e-06,3.2715487760587204e-06,3.2715487760587204e-06,3.271548776058721e-06,3.271548776058721e-06,3.271548776058721e-06,3.271548776058721e-06,3.27154877605872e-06,3.27154877605872e-06,3.27154877605872e-06,3.27154877605872e-06,3.27154877605872e-06,3.27154877605872e-06,3.27154877605872e-06,3.27154877605872e-06,3.27154877605872e-06,3.27154877605872e-06,3.27154877605872e-06,3.27154877605872e-06,3.27154877605872e-06,3.27154877605872e-06,3.27154877605872e-06,3.27154877605872e-06,3.27154877605872e-06,3.27154877605872e-06,3.27154877605872e-06,3.2715487760587204e-06,3.271548776058721e-06,3.271548776058721e-06,3.271548776058721e-06,3.2715487760587195e-06,3.271548776058721e-06,3.2715487760587195e-06,3.271548776058721e-06,3.271548776058721e-06,3.2715487760587195e-06,3.271548776058721e-06,3.271548776058721e-06,3.2715487760587195e-06,3.271548776058721e-06,3.2715487760587195e-06,3.271548776058721e-06,3.271548776058721e-06,3.2715487760587195e-06,3.271548776058721e-06,3.271548776058721e-06,3.271548776058721e-06,3.271548776058721e-06,3.271548776058721e-06,3.271548776058721e-06,3.271548776058721e-06,3.271548776058721e-06,3.271548776058721e-06,3.2715487760587204e-06,3.271548776058721e-06,3.2715487760587204e-06,3.271548776058721e-06,3.271548776058721e-06,3.271548776058721e-06,3.271548776058721e-06,3.271548776058721e-06,3.271548776058721e-06,3.2715487760587204e-06,3.271548776058721e-06,3.271548776058721e-06,3.271548776058721e-06,3.271548776058721e-06,3.271548776058721e-06,3.271548776058721e-06,3.271548776058721e-06,3.271548776058721e-06,3.271548776058721e-06,3.271548776058721e-06,3.271548776058721e-06,3.271548776058721e-06,3.271548776058721e-06,3.271548776058721e-06,3.2715487760587204e-06,3.271548776058721e-06,3.271548776058721e-06,3.2715487760587204e-06,3.2715487760587204e-06,3.27154877605872e-06,3.27154877605872e-06,3.2715487760587204e-06,3.27154877605872e-06,3.27154877605872e-06,3.2715487760587204e-06,3.271548776058721e-06,3.271548776058721e-06,3.271548776058721e-06,3.271548776058721e-06,3.2715487760587204e-06,3.27154877605872e-06,3.2715487760587204e-06,3.27154877605872e-06,3.2715487760587204e-06,3.27154877605872e-06,3.27154877605872e-06,3.27154877605872e-06,3.27154877605872e-06,3.27154877605872e-06,3.2715487760587204e-06,3.27154877605872e-06,3.27154877605872e-06,3.27154877605872e-06,3.27154877605872e-06,3.27154877605872e-06,3.27154877605872e-06,3.2715487760587204e-06,3.2715487760587204e-06,3.2715487760587204e-06,3.2715487760587195e-06,3.2715487760587204e-06,3.2715487760587195e-06,3.2715487760587204e-06,3.27154877605872e-06,3.2715487760587204e-06,3.2715487760587204e-06,3.2715487760587204e-06,3.2715487760587204e-06,3.2715487760587204e-06,3.2715487760587204e-06,3.2715487760587204e-06,3.2715487760587204e-06,3.2715487760587204e-06,3.2715487760587204e-06,3.2715487760587204e-06,3.271548776058721e-06,3.2715487760587204e-06,3.2715487760587204e-06,3.2715487760587204e-06,3.2715487760587204e-06,3.2715487760587204e-06,3.271548776058721e-06,3.271548776058721e-06,3.2715487760587204e-06,3.2715487760587204e-06,3.2715487760587204e-06,3.2715487760587204e-06,3.2715487760587204e-06,3.271548776058721e-06,3.271548776058721e-06,3.271548776058721e-06,3.2715487760587204e-06,3.2715487760587204e-06,3.2715487760587204e-06,3.2715487760587204e-06,3.271548776058721e-06,3.271548776058721e-06,3.2715487760587204e-06,3.271548776058721e-06,3.271548776058721e-06,3.271548776058721e-06,3.2715487760587195e-06,3.271548776058721e-06,3.271548776058721e-06,3.2715487760587204e-06,3.271548776058721e-06,3.2715487760587195e-06,3.271548776058721e-06,3.271548776058721e-06,3.271548776058721e-06,3.271548776058721e-06,3.271548776058721e-06,3.2715487760587204e-06,3.271548776058721e-06,3.271548776058721e-06,3.271548776058721e-06,3.271548776058721e-06,3.271548776058721e-06,3.271548776058721e-06,3.271548776058721e-06,3.271548776058721e-06,3.271548776058721e-06,3.2715487760587204e-06,3.2715487760587204e-06,3.2715487760587204e-06,3.2715487760587204e-06,3.2715487760587204e-06,3.27154877605872e-06,3.2715487760587204e-06,3.2715487760587204e-06,3.2715487760587195e-06,3.2715487760587204e-06,3.2715487760587195e-06,3.2715487760587204e-06,3.2715487760587204e-06,3.27154877605872e-06,3.27154877605872e-06,3.2715487760587204e-06,3.27154877605872e-06,3.2715487760587204e-06,3.27154877605872e-06,3.2715487760587204e-06,3.2715487760587204e-06,3.2715487760587195e-06,3.2715487760587204e-06,3.2715487760587204e-06,3.2715487760587204e-06,3.2715487760587204e-06,3.27154877605872e-06,3.2715487760587204e-06,3.2715487760587204e-06,3.2715487760587204e-06,3.2715487760587204e-06,3.2715487760587204e-06,3.2715487760587204e-06,3.2715487760587204e-06,3.2715487760587204e-06,3.2715487760587204e-06,3.27154877605872e-06,3.27154877605872e-06,3.2715487760587204e-06,3.27154877605872e-06,3.2715487760587204e-06,3.2715487760587204e-06,3.2715487760587204e-06,3.2715487760587204e-06,3.2715487760587204e-06,3.2715487760587204e-06,3.2715487760587204e-06,3.27154877605872e-06,3.2715487760587204e-06,3.2715487760587204e-06,3.2715487760587195e-06,3.2715487760587204e-06,3.27154877605872e-06,3.2715487760587204e-06,3.2715487760587204e-06,3.2715487760587195e-06,3.2715487760587204e-06,3.27154877605872e-06,3.2715487760587204e-06,3.2715487760587204e-06,3.2715487760587195e-06,3.2715487760587204e-06,3.2715487760587204e-06,3.27154877605872e-06,3.2715487760587204e-06,3.2715487760587204e-06,3.2715487760587204e-06,3.2715487760587204e-06,3.2715487760587195e-06,3.2715487760587195e-06,3.2715487760587204e-06,3.2715487760587204e-06,3.2715487760587204e-06,3.2715487760587204e-06,3.2715487760587204e-06,3.2715487760587204e-06,3.2715487760587204e-06,3.2715487760587204e-06,3.2715487760587204e-06,3.27154877605872e-06,3.2715487760587204e-06,3.2715487760587204e-06,3.2715487760587204e-06,3.2715487760587204e-06,3.2715487760587204e-06,3.27154877605872e-06,3.27154877605872e-06,3.27154877605872e-06,3.2715487760587204e-06,3.271548776058719e-06,3.271548776058719e-06,3.271548776058719e-06,3.2715487760587204e-06,3.2715487760587195e-06,3.2715487760587195e-06,3.2715487760587195e-06,3.2715487760587195e-06,3.2715487760587204e-06,3.2715487760587204e-06,3.2715487760587204e-06,3.2715487760587195e-06,3.2715487760587195e-06,3.2715487760587195e-06,3.2715487760587195e-06,3.2715487760587204e-06,3.2715487760587195e-06,3.271548776058719e-06,3.2715487760587204e-06,3.2715487760587204e-06,3.2715487760587204e-06,3.2715487760587195e-06,3.2715487760587195e-06,3.2715487760587195e-06,3.2715487760587195e-06,3.2715487760587195e-06,3.2715487760587195e-06,3.27154877605872e-06,3.27154877605872e-06,3.27154877605872e-06,3.271548776058721e-06,3.271548776058721e-06,3.2715487760587195e-06,3.2715487760587195e-06,3.2715487760587195e-06,3.271548776058721e-06,3.271548776058721e-06,3.271548776058721e-06,3.271548776058721e-06,3.2715487760587204e-06,3.2715487760587204e-06,3.2715487760587204e-06,3.2715487760587204e-06,3.271548776058721e-06,3.271548776058721e-06,3.2715487760587204e-06,3.2715487760587204e-06,3.27154877605872e-06,3.2715487760587204e-06,3.2715487760587204e-06,3.2715487760587204e-06,3.2715487760587204e-06,3.2715487760587204e-06,3.2715487760587195e-06,3.27154877605872e-06,3.2715487760587204e-06,3.2715487760587204e-06,3.2715487760587204e-06,3.2715487760587204e-06,3.2715487760587204e-06,3.2715487760587204e-06,3.2715487760587204e-06,3.2715487760587204e-06,3.2715487760587195e-06,3.2715487760587195e-06,3.27154877605872e-06,3.271548776058719e-06,3.27154877605872e-06,3.2715487760587195e-06,3.27154877605872e-06,3.27154877605872e-06,3.27154877605872e-06,3.27154877605872e-06,3.27154877605872e-06,3.27154877605872e-06,3.271548776058719e-06,3.27154877605872e-06,3.27154877605872e-06,3.27154877605872e-06,3.27154877605872e-06,3.27154877605872e-06,3.27154877605872e-06,3.27154877605872e-06,3.27154877605872e-06,3.27154877605872e-06,3.27154877605872e-06,3.2715487760587204e-06,3.2715487760587195e-06,3.2715487760587204e-06,3.2715487760587204e-06,3.271548776058719e-06,3.27154877605872e-06,3.27154877605872e-06,3.2715487760587204e-06,3.2715487760587204e-06,3.2715487760587204e-06,3.2715487760587204e-06,3.27154877605872e-06,3.27154877605872e-06,3.27154877605872e-06,3.27154877605872e-06,3.27154877605872e-06,3.2715487760587204e-06,3.2715487760587204e-06,3.2715487760587204e-06,3.2715487760587195e-06,3.2715487760587204e-06,3.2715487760587195e-06,3.271548776058721e-06,3.27154877605872e-06,3.271548776058721e-06,3.271548776058721e-06,3.2715487760587204e-06,3.2715487760587204e-06,3.2715487760587204e-06,3.271548776058721e-06,3.271548776058721e-06,3.27154877605872e-06,3.271548776058721e-06,3.2715487760587204e-06,3.2715487760587204e-06,3.2715487760587204e-06,3.2715487760587204e-06,3.2715487760587204e-06,3.271548776058721e-06,3.2715487760587212e-06,3.2715487760587212e-06,3.271548776058721e-06,3.271548776058721e-06,3.27154877605872e-06,3.27154877605872e-06,3.27154877605872e-06,3.27154877605872e-06,3.27154877605872e-06,3.2715487760587212e-06,3.2715487760587212e-06,3.27154877605872e-06,3.27154877605872e-06,3.27154877605872e-06,3.27154877605872e-06,3.2715487760587204e-06,3.27154877605872e-06,3.27154877605872e-06,3.27154877605872e-06,3.2715487760587204e-06,3.271548776058721e-06,3.271548776058721e-06,3.271548776058721e-06,3.271548776058721e-06,3.27154877605872e-06,3.271548776058721e-06,3.271548776058721e-06,3.271548776058721e-06,3.271548776058721e-06,3.271548776058721e-06,3.271548776058721e-06,3.271548776058721e-06,3.271548776058721e-06,3.271548776058721e-06,3.271548776058721e-06,3.27154877605872e-06,3.27154877605872e-06,3.2715487760587204e-06,3.27154877605872e-06,3.271548776058721e-06,3.2715487760587204e-06,3.2715487760587204e-06,3.2715487760587204e-06,3.2715487760587204e-06,3.2715487760587204e-06,3.2715487760587204e-06,3.271548776058719e-06,3.2715487760587195e-06,3.2715487760587195e-06,3.27154877605872e-06,3.2715487760587195e-06,3.2715487760587195e-06,3.27154877605872e-06,3.27154877605872e-06,3.27154877605872e-06,3.27154877605872e-06,3.2715487760587195e-06,3.27154877605872e-06,3.27154877605872e-06,3.2715487760587195e-06,3.27154877605872e-06,3.27154877605872e-06,3.27154877605872e-06,3.27154877605872e-06,3.27154877605872e-06,3.27154877605872e-06,3.271548776058721e-06,3.27154877605872e-06,3.27154877605872e-06,3.27154877605872e-06,3.27154877605872e-06,3.271548776058721e-06,3.27154877605872e-06,3.27154877605872e-06,3.271548776058721e-06,3.27154877605872e-06,3.271548776058721e-06,3.27154877605872e-06,3.27154877605872e-06,3.2715487760587204e-06,3.2715487760587204e-06,3.2715487760587195e-06,3.2715487760587204e-06,3.2715487760587204e-06,3.2715487760587195e-06,3.2715487760587204e-06,3.27154877605872e-06,3.27154877605872e-06,3.27154877605872e-06,3.2715487760587195e-06,3.2715487760587195e-06,3.2715487760587195e-06,3.2715487760587195e-06,3.27154877605872e-06,3.27154877605872e-06,3.27154877605872e-06,3.2715487760587204e-06,3.2715487760587195e-06,3.2715487760587204e-06,3.2715487760587195e-06,3.27154877605872e-06,3.2715487760587204e-06,3.27154877605872e-06,3.27154877605872e-06,3.27154877605872e-06,3.2715487760587204e-06,3.2715487760587204e-06,3.2715487760587204e-06,3.2715487760587204e-06,3.2715487760587204e-06,3.2715487760587204e-06,3.2715487760587204e-06,3.27154877605872e-06,3.2715487760587204e-06,3.2715487760587204e-06,3.2715487760587204e-06,3.27154877605872e-06,3.27154877605872e-06,3.27154877605872e-06,3.2715487760587204e-06,3.2715487760587204e-06,3.2715487760587204e-06,3.2715487760587204e-06,3.2715487760587204e-06,3.271548776058721e-06,3.271548776058721e-06,3.27154877605872e-06,3.27154877605872e-06,3.27154877605872e-06,3.27154877605872e-06,3.27154877605872e-06,3.2715487760587195e-06,3.2715487760587195e-06,3.27154877605872e-06,3.27154877605872e-06,3.27154877605872e-06,3.27154877605872e-06,3.27154877605872e-06,3.27154877605872e-06,3.271548776058721e-06,3.271548776058721e-06,3.271548776058721e-06,3.271548776058721e-06,3.271548776058721e-06,3.271548776058721e-06,3.271548776058721e-06,3.271548776058721e-06,3.271548776058721e-06,3.271548776058721e-06,3.271548776058721e-06,3.271548776058721e-06,3.2715487760587204e-06,3.27154877605872e-06,3.27154877605872e-06,3.271548776058721e-06,3.2715487760587204e-06,3.27154877605872e-06,3.2715487760587204e-06,3.2715487760587204e-06,3.2715487760587204e-06,3.2715487760587204e-06,3.2715487760587204e-06,3.2715487760587204e-06,3.271548776058721e-06,3.2715487760587204e-06,3.271548776058721e-06,3.2715487760587204e-06,3.2715487760587204e-06,3.27154877605872e-06,3.2715487760587204e-06,3.271548776058721e-06,3.271548776058721e-06,3.271548776058721e-06,3.271548776058721e-06,3.2715487760587204e-06,3.271548776058721e-06,3.27154877605872e-06,3.271548776058721e-06,3.271548776058721e-06,3.271548776058721e-06,3.2715487760587204e-06,3.2715487760587204e-06,3.2715487760587204e-06,3.27154877605872e-06,3.27154877605872e-06,3.2715487760587204e-06,3.2715487760587204e-06,3.2715487760587204e-06,3.2715487760587204e-06,3.27154877605872e-06,3.27154877605872e-06,3.2715487760587204e-06,3.27154877605872e-06,3.27154877605872e-06,3.27154877605872e-06,3.2715487760587195e-06,3.2715487760587204e-06,3.2715487760587204e-06,3.2715487760587204e-06,3.27154877605872e-06,3.2715487760587204e-06,3.2715487760587204e-06,3.2715487760587204e-06,3.2715487760587204e-06,3.2715487760587204e-06,3.2715487760587204e-06,3.2715487760587204e-06,3.2715487760587204e-06,3.2715487760587195e-06,3.2715487760587204e-06,3.2715487760587204e-06,3.2715487760587204e-06,3.27154877605872e-06,3.2715487760587195e-06,3.2715487760587204e-06,3.2715487760587204e-06,3.2715487760587195e-06,3.2715487760587204e-06,3.2715487760587195e-06,3.27154877605872e-06,3.2715487760587195e-06,3.2715487760587204e-06,3.2715487760587204e-06,3.2715487760587204e-06,3.2715487760587204e-06,3.2715487760587204e-06,3.2715487760587204e-06,3.2715487760587204e-06,3.2715487760587204e-06,3.2715487760587195e-06,3.2715487760587204e-06,3.2715487760587204e-06,3.2715487760587204e-06,3.2715487760587204e-06,3.2715487760587204e-06,3.2715487760587204e-06,3.2715487760587204e-06,3.2715487760587204e-06,3.2715487760587204e-06,3.2715487760587204e-06,3.2715487760587195e-06,3.2715487760587195e-06,3.2715487760587195e-06,3.27154877605872e-06,3.27154877605872e-06,3.27154877605872e-06,3.27154877605872e-06,3.27154877605872e-06,3.2715487760587195e-06,3.2715487760587195e-06,3.2715487760587195e-06,3.2715487760587195e-06,3.27154877605872e-06,3.2715487760587195e-06,3.27154877605872e-06,3.27154877605872e-06,3.2715487760587195e-06,3.27154877605872e-06,3.2715487760587195e-06,3.2715487760587195e-06,3.2715487760587204e-06,3.271548776058719e-06,3.2715487760587204e-06,3.2715487760587204e-06,3.271548776058719e-06,3.27154877605872e-06,3.27154877605872e-06,3.27154877605872e-06,3.2715487760587204e-06,3.2715487760587204e-06,3.2715487760587204e-06,3.2715487760587204e-06,3.2715487760587204e-06,3.27154877605872e-06,3.27154877605872e-06,3.2715487760587204e-06,3.271548776058721e-06,3.271548776058721e-06,3.271548776058721e-06,3.271548776058721e-06,3.2715487760587204e-06,3.2715487760587195e-06,3.2715487760587195e-06,3.271548776058721e-06,3.2715487760587204e-06,3.2715487760587204e-06,3.2715487760587204e-06,3.271548776058721e-06,3.271548776058721e-06,3.271548776058721e-06,3.271548776058721e-06,3.2715487760587204e-06,3.2715487760587204e-06,3.271548776058721e-06,3.2715487760587204e-06,3.2715487760587204e-06,3.271548776058721e-06,3.271548776058721e-06,3.271548776058721e-06,3.271548776058721e-06,3.271548776058721e-06,3.2715487760587204e-06,3.271548776058721e-06,3.271548776058721e-06,3.271548776058721e-06,3.271548776058721e-06,3.271548776058721e-06,3.271548776058721e-06,3.2715487760587204e-06,3.271548776058721e-06,3.271548776058721e-06,3.271548776058721e-06,3.2715487760587204e-06,3.27154877605872e-06,3.2715487760587204e-06,3.2715487760587204e-06,3.2715487760587204e-06,3.271548776058721e-06,3.271548776058721e-06,3.271548776058721e-06,3.271548776058721e-06,3.2715487760587204e-06,3.2715487760587204e-06,3.2715487760587204e-06,3.2715487760587204e-06,3.2715487760587204e-06,3.2715487760587204e-06,3.2715487760587204e-06,3.2715487760587204e-06,3.2715487760587204e-06,3.2715487760587204e-06,3.2715487760587204e-06,3.2715487760587204e-06,3.2715487760587204e-06,3.2715487760587195e-06,3.2715487760587204e-06,3.2715487760587204e-06,3.2715487760587204e-06,3.2715487760587204e-06,3.2715487760587204e-06,3.2715487760587204e-06,3.2715487760587204e-06,3.2715487760587204e-06,3.2715487760587204e-06,3.27154877605872e-06,3.27154877605872e-06,3.2715487760587204e-06,3.2715487760587195e-06,3.2715487760587204e-06,3.27154877605872e-06,3.2715487760587204e-06,3.2715487760587204e-06,3.2715487760587204e-06,3.2715487760587204e-06,3.2715487760587204e-06,3.27154877605872e-06,3.2715487760587204e-06,3.2715487760587204e-06,3.2715487760587204e-06,3.2715487760587204e-06,3.2715487760587204e-06,3.2715487760587204e-06,3.271548776058721e-06,3.271548776058721e-06,3.2715487760587204e-06,3.2715487760587204e-06,3.2715487760587204e-06,3.2715487760587204e-06,3.2715487760587195e-06,3.271548776058721e-06,3.271548776058721e-06,3.271548776058721e-06,3.2715487760587204e-06,3.2715487760587204e-06,3.2715487760587204e-06,3.2715487760587204e-06,3.271548776058721e-06,3.271548776058721e-06,3.271548776058721e-06,3.2715487760587204e-06,3.2715487760587204e-06,3.27154877605872e-06,3.27154877605872e-06,3.2715487760587204e-06,3.27154877605872e-06,3.27154877605872e-06,3.27154877605872e-06,3.27154877605872e-06,3.271548776058719e-06,3.2715487760587204e-06,3.27154877605872e-06,3.27154877605872e-06,3.27154877605872e-06,3.27154877605872e-06,3.27154877605872e-06,3.27154877605872e-06,3.2715487760587204e-06,3.271548776058721e-06,3.2715487760587204e-06,3.2715487760587204e-06,3.2715487760587204e-06,3.271548776058721e-06,3.27154877605872e-06,3.27154877605872e-06,3.27154877605872e-06,3.271548776058721e-06,3.2715487760587195e-06,3.2715487760587195e-06,3.271548776058719e-06,3.2715487760587195e-06,3.2715487760587195e-06,3.27154877605872e-06,3.2715487760587195e-06,3.2715487760587195e-06,3.2715487760587195e-06,3.2715487760587195e-06,3.2715487760587195e-06,3.2715487760587195e-06,3.27154877605872e-06,3.27154877605872e-06,3.2715487760587195e-06,3.27154877605872e-06,3.27154877605872e-06,3.27154877605872e-06,3.27154877605872e-06,3.27154877605872e-06,3.2715487760587204e-06,3.27154877605872e-06,3.27154877605872e-06,3.27154877605872e-06,3.27154877605872e-06,3.27154877605872e-06,3.27154877605872e-06,3.27154877605872e-06,3.2715487760587204e-06,3.271548776058721e-06,3.271548776058721e-06,3.271548776058721e-06,3.271548776058721e-06,3.271548776058721e-06,3.271548776058721e-06,3.2715487760587204e-06,3.2715487760587204e-06,3.2715487760587204e-06,3.2715487760587204e-06,3.2715487760587204e-06,3.2715487760587204e-06,3.2715487760587204e-06,3.2715487760587204e-06,3.271548776058721e-06,3.2715487760587204e-06,3.27154877605872e-06,3.27154877605872e-06,3.27154877605872e-06,3.2715487760587204e-06,3.2715487760587204e-06,3.2715487760587204e-06,3.2715487760587204e-06,3.2715487760587204e-06,3.2715487760587204e-06,3.2715487760587204e-06,3.2715487760587204e-06,3.2715487760587204e-06,3.2715487760587204e-06,3.2715487760587204e-06,3.2715487760587204e-06,3.2715487760587204e-06,3.2715487760587204e-06,3.2715487760587204e-06,3.2715487760587204e-06,3.2715487760587204e-06,3.2715487760587204e-06,3.2715487760587204e-06,3.2715487760587204e-06,3.27154877605872e-06,3.2715487760587204e-06,3.2715487760587204e-06,3.2715487760587204e-06,3.2715487760587204e-06,3.2715487760587204e-06,3.2715487760587204e-06,3.27154877605872e-06,3.27154877605872e-06,3.27154877605872e-06,3.2715487760587195e-06,3.271548776058719e-06,3.27154877605872e-06,3.27154877605872e-06,3.27154877605872e-06,3.27154877605872e-06,3.27154877605872e-06,3.27154877605872e-06,3.27154877605872e-06,3.27154877605872e-06,3.27154877605872e-06,3.27154877605872e-06,3.27154877605872e-06,3.27154877605872e-06,3.27154877605872e-06,3.27154877605872e-06,3.27154877605872e-06,3.271548776058721e-06,3.271548776058721e-06,3.271548776058721e-06,3.271548776058721e-06,3.271548776058721e-06,3.271548776058721e-06,3.271548776058721e-06,3.271548776058721e-06,3.271548776058721e-06,3.271548776058721e-06,3.271548776058721e-06,3.27154877605872e-06,3.27154877605872e-06,3.27154877605872e-06,3.27154877605872e-06,3.271548776058721e-06,3.2715487760587195e-06,3.2715487760587195e-06,3.271548776058721e-06,3.271548776058721e-06,3.27154877605872e-06,3.27154877605872e-06,3.271548776058721e-06,3.271548776058721e-06,3.27154877605872e-06,3.27154877605872e-06,3.27154877605872e-06,3.27154877605872e-06,3.27154877605872e-06,3.271548776058721e-06,3.271548776058721e-06,3.271548776058721e-06,3.271548776058721e-06,3.271548776058721e-06,3.271548776058721e-06,3.27154877605872e-06,3.27154877605872e-06,3.271548776058721e-06,3.271548776058721e-06,3.271548776058721e-06,3.27154877605872e-06,3.2715487760587204e-06,3.2715487760587204e-06,3.2715487760587204e-06,3.2715487760587204e-06,3.2715487760587204e-06,3.2715487760587195e-06,3.2715487760587204e-06,3.2715487760587195e-06,3.2715487760587204e-06,3.2715487760587204e-06,3.27154877605872e-06,3.2715487760587204e-06,3.2715487760587204e-06,3.2715487760587204e-06,3.2715487760587204e-06,3.27154877605872e-06,3.27154877605872e-06,3.2715487760587204e-06,3.2715487760587204e-06,3.2715487760587204e-06,3.27154877605872e-06,3.27154877605872e-06,3.27154877605872e-06,3.27154877605872e-06,3.2715487760587204e-06,3.27154877605872e-06,3.27154877605872e-06,3.271548776058719e-06,3.271548776058719e-06,3.2715487760587204e-06,3.271548776058721e-06,3.271548776058721e-06,3.271548776058721e-06,3.2715487760587204e-06,3.2715487760587204e-06,3.2715487760587195e-06,3.2715487760587195e-06,3.271548776058721e-06,3.271548776058721e-06,3.2715487760587204e-06,3.2715487760587195e-06,3.2715487760587204e-06,3.2715487760587204e-06,3.271548776058721e-06,3.271548776058721e-06,3.271548776058721e-06,3.271548776058721e-06,3.2715487760587204e-06,3.2715487760587204e-06,3.2715487760587204e-06,3.2715487760587204e-06,3.2715487760587204e-06,3.271548776058721e-06,3.271548776058721e-06,3.271548776058721e-06,3.2715487760587204e-06,3.271548776058721e-06,3.271548776058721e-06,3.27154877605872e-06,3.2715487760587204e-06,3.27154877605872e-06,3.2715487760587204e-06,3.2715487760587212e-06,3.27154877605872e-06,3.27154877605872e-06,3.2715487760587212e-06,3.27154877605872e-06,3.27154877605872e-06,3.2715487760587204e-06,3.27154877605872e-06,3.2715487760587212e-06,3.27154877605872e-06,3.2715487760587212e-06,3.2715487760587212e-06,3.2715487760587212e-06,3.2715487760587212e-06,3.27154877605872e-06,3.2715487760587212e-06,3.27154877605872e-06,3.27154877605872e-06,3.2715487760587204e-06,3.27154877605872e-06,3.27154877605872e-06,3.27154877605872e-06,3.27154877605872e-06,3.27154877605872e-06,3.27154877605872e-06,3.27154877605872e-06,3.27154877605872e-06,3.27154877605872e-06,3.2715487760587204e-06,3.2715487760587204e-06,3.2715487760587204e-06,3.2715487760587204e-06,3.2715487760587204e-06,3.2715487760587195e-06,3.271548776058721e-06,3.2715487760587195e-06,3.27154877605872e-06,3.2715487760587195e-06,3.2715487760587195e-06,3.27154877605872e-06,3.27154877605872e-06,3.27154877605872e-06,3.27154877605872e-06,3.27154877605872e-06,3.2715487760587195e-06,3.271548776058721e-06,3.2715487760587195e-06,3.271548776058721e-06,3.27154877605872e-06,3.27154877605872e-06,3.271548776058721e-06,3.27154877605872e-06,3.2715487760587195e-06,3.271548776058721e-06,3.271548776058721e-06,3.27154877605872e-06,3.2715487760587204e-06,3.2715487760587204e-06,3.2715487760587204e-06,3.27154877605872e-06,3.271548776058721e-06,3.27154877605872e-06,3.271548776058721e-06,3.2715487760587204e-06,3.2715487760587204e-06,3.2715487760587204e-06,3.2715487760587204e-06,3.271548776058721e-06,3.271548776058721e-06,3.271548776058721e-06,3.2715487760587204e-06,3.2715487760587204e-06,3.2715487760587204e-06,3.27154877605872e-06,3.271548776058721e-06,3.271548776058721e-06,3.27154877605872e-06,3.2715487760587204e-06,3.2715487760587204e-06,3.2715487760587204e-06,3.271548776058721e-06,3.2715487760587204e-06,3.2715487760587204e-06,3.2715487760587204e-06,3.271548776058721e-06,3.271548776058721e-06,3.271548776058721e-06,3.271548776058721e-06,3.271548776058721e-06,3.271548776058721e-06,3.271548776058721e-06,3.2715487760587204e-06,3.2715487760587204e-06,3.2715487760587204e-06,3.2715487760587204e-06,3.2715487760587204e-06,3.271548776058721e-06,3.27154877605872e-06,3.27154877605872e-06,3.27154877605872e-06,3.2715487760587204e-06,3.2715487760587204e-06,3.2715487760587204e-06,3.27154877605872e-06,3.2715487760587204e-06,3.2715487760587204e-06,3.2715487760587204e-06,3.2715487760587204e-06,3.2715487760587204e-06,3.2715487760587204e-06,3.2715487760587204e-06,3.2715487760587195e-06,3.2715487760587204e-06,3.2715487760587195e-06,3.2715487760587195e-06,3.2715487760587195e-06,3.27154877605872e-06,3.27154877605872e-06,3.2715487760587204e-06,3.2715487760587204e-06,3.2715487760587195e-06,3.2715487760587204e-06,3.2715487760587204e-06,3.2715487760587195e-06,3.2715487760587204e-06,3.27154877605872e-06,3.2715487760587204e-06,3.2715487760587195e-06,3.2715487760587204e-06,3.27154877605872e-06,3.27154877605872e-06,3.2715487760587204e-06,3.2715487760587204e-06,3.2715487760587204e-06,3.2715487760587195e-06,3.2715487760587204e-06,3.27154877605872e-06,3.2715487760587204e-06,3.2715487760587204e-06,3.27154877605872e-06,3.2715487760587204e-06,3.2715487760587204e-06,3.2715487760587204e-06,3.2715487760587204e-06,3.27154877605872e-06,3.2715487760587204e-06,3.2715487760587195e-06,3.2715487760587204e-06,3.2715487760587204e-06,3.2715487760587204e-06,3.2715487760587204e-06,3.27154877605872e-06,3.2715487760587204e-06,3.2715487760587204e-06,3.27154877605872e-06,3.27154877605872e-06,3.2715487760587204e-06,3.2715487760587204e-06,3.2715487760587204e-06,3.2715487760587195e-06,3.2715487760587204e-06,3.2715487760587204e-06,3.2715487760587204e-06,3.271548776058721e-06,3.271548776058721e-06,3.271548776058721e-06,3.271548776058721e-06,3.2715487760587204e-06,3.2715487760587204e-06,3.2715487760587204e-06,3.2715487760587204e-06,3.2715487760587204e-06,3.2715487760587204e-06,3.2715487760587204e-06,3.2715487760587204e-06,3.27154877605872e-06,3.2715487760587204e-06,3.2715487760587204e-06,3.2715487760587204e-06,3.2715487760587204e-06,3.2715487760587204e-06,3.2715487760587204e-06,3.2715487760587204e-06,3.2715487760587204e-06,3.2715487760587204e-06,3.2715487760587204e-06,3.2715487760587204e-06,3.2715487760587195e-06,3.2715487760587195e-06,3.27154877605872e-06,3.27154877605872e-06,3.27154877605872e-06,3.2715487760587195e-06,3.2715487760587195e-06,3.2715487760587195e-06,3.2715487760587195e-06,3.2715487760587204e-06,3.27154877605872e-06,3.2715487760587195e-06,3.2715487760587195e-06,3.27154877605872e-06,3.2715487760587204e-06,3.27154877605872e-06,3.27154877605872e-06,3.2715487760587204e-06,3.2715487760587204e-06,3.2715487760587204e-06,3.27154877605872e-06,3.27154877605872e-06,3.2715487760587204e-06,3.27154877605872e-06,3.2715487760587204e-06,3.27154877605872e-06,3.2715487760587204e-06,3.2715487760587204e-06,3.2715487760587204e-06,3.2715487760587204e-06,3.2715487760587204e-06,3.2715487760587204e-06,3.2715487760587195e-06,3.2715487760587204e-06,3.2715487760587204e-06,3.2715487760587195e-06,3.2715487760587204e-06,3.2715487760587204e-06,3.2715487760587195e-06,3.2715487760587204e-06,3.2715487760587195e-06,3.2715487760587204e-06,3.27154877605872e-06,3.2715487760587204e-06,3.2715487760587195e-06,3.2715487760587204e-06,3.27154877605872e-06,3.2715487760587204e-06,3.2715487760587204e-06,3.2715487760587204e-06,3.2715487760587204e-06,3.2715487760587204e-06,3.2715487760587204e-06,3.2715487760587204e-06,3.2715487760587195e-06,3.2715487760587204e-06,3.2715487760587204e-06,3.2715487760587204e-06,3.2715487760587204e-06,3.2715487760587204e-06,3.2715487760587204e-06,3.2715487760587204e-06,3.2715487760587204e-06,3.2715487760587204e-06,3.2715487760587204e-06,3.2715487760587204e-06,3.2715487760587204e-06,3.2715487760587204e-06,3.2715487760587204e-06,3.2715487760587195e-06,3.2715487760587195e-06,3.2715487760587195e-06,3.2715487760587195e-06,3.2715487760587195e-06,3.2715487760587195e-06,3.2715487760587195e-06,3.2715487760587195e-06,3.2715487760587195e-06,3.2715487760587195e-06,3.2715487760587195e-06,3.2715487760587195e-06,3.2715487760587195e-06,3.2715487760587195e-06,3.2715487760587195e-06,3.2715487760587195e-06,3.2715487760587195e-06,3.2715487760587195e-06,3.2715487760587195e-06,3.2715487760587195e-06,3.27154877605872e-06,3.27154877605872e-06,3.27154877605872e-06,3.27154877605872e-06,3.27154877605872e-06,3.27154877605872e-06,3.271548776058719e-06,3.271548776058719e-06,3.271548776058719e-06,3.271548776058719e-06,3.271548776058719e-06,3.271548776058719e-06,3.271548776058719e-06,3.27154877605872e-06,3.27154877605872e-06,3.27154877605872e-06,3.271548776058719e-06,3.271548776058719e-06,3.271548776058719e-06,3.271548776058719e-06,3.2715487760587204e-06,3.27154877605872e-06,3.27154877605872e-06,3.2715487760587204e-06,3.2715487760587204e-06,3.2715487760587195e-06,3.2715487760587204e-06,3.2715487760587204e-06,3.2715487760587187e-06,3.2715487760587204e-06,3.2715487760587204e-06,3.2715487760587204e-06,3.2715487760587204e-06,3.2715487760587204e-06,3.27154877605872e-06,3.2715487760587204e-06,3.2715487760587204e-06,3.2715487760587204e-06,3.271548776058719e-06,3.27154877605872e-06,3.27154877605872e-06,3.2715487760587204e-06,3.27154877605872e-06,3.27154877605872e-06,3.27154877605872e-06,3.27154877605872e-06,3.271548776058721e-06,3.27154877605872e-06,3.27154877605872e-06,3.2715487760587204e-06,3.2715487760587204e-06,3.27154877605872e-06,3.27154877605872e-06,3.271548776058721e-06,3.271548776058721e-06,3.27154877605872e-06,3.2715487760587204e-06,3.2715487760587204e-06,3.271548776058721e-06,3.2715487760587204e-06,3.2715487760587204e-06,3.2715487760587204e-06,3.2715487760587204e-06,3.2715487760587195e-06,3.27154877605872e-06,3.27154877605872e-06,3.271548776058721e-06,3.2715487760587204e-06,3.2715487760587204e-06,3.2715487760587204e-06,3.2715487760587204e-06,3.2715487760587195e-06,3.27154877605872e-06,3.271548776058721e-06,3.2715487760587204e-06,3.2715487760587204e-06,3.2715487760587204e-06,3.2715487760587204e-06,3.271548776058721e-06,3.271548776058721e-06,3.2715487760587204e-06,3.2715487760587204e-06,3.27154877605872e-06,3.27154877605872e-06,3.27154877605872e-06,3.2715487760587195e-06,3.27154877605872e-06,3.27154877605872e-06,3.2715487760587204e-06,3.271548776058721e-06,3.27154877605872e-06,3.27154877605872e-06,3.27154877605872e-06,3.2715487760587204e-06,3.2715487760587204e-06,3.2715487760587204e-06,3.271548776058721e-06,3.271548776058721e-06,3.271548776058721e-06,3.2715487760587204e-06,3.271548776058721e-06,3.27154877605872e-06,3.27154877605872e-06,3.27154877605872e-06,3.27154877605872e-06,3.27154877605872e-06,3.2715487760587204e-06,3.2715487760587204e-06,3.271548776058721e-06,3.271548776058721e-06,3.271548776058721e-06,3.27154877605872e-06,3.27154877605872e-06,3.2715487760587204e-06,3.2715487760587204e-06,3.271548776058721e-06,3.271548776058721e-06,3.271548776058721e-06,3.2715487760587204e-06,3.2715487760587204e-06,3.2715487760587204e-06,3.2715487760587204e-06,3.2715487760587204e-06,3.2715487760587204e-06,3.2715487760587204e-06,3.2715487760587204e-06,3.2715487760587204e-06,3.2715487760587204e-06,3.2715487760587204e-06,3.2715487760587195e-06,3.2715487760587204e-06,3.2715487760587204e-06,3.2715487760587204e-06,3.2715487760587195e-06,3.2715487760587204e-06,3.2715487760587204e-06,3.2715487760587195e-06,3.2715487760587204e-06,3.2715487760587195e-06,3.2715487760587204e-06,3.2715487760587195e-06,3.2715487760587204e-06,3.2715487760587204e-06,3.27154877605872e-06,3.2715487760587204e-06,3.2715487760587195e-06,3.2715487760587204e-06,3.2715487760587204e-06,3.27154877605872e-06,3.2715487760587204e-06,3.27154877605872e-06,3.27154877605872e-06,3.2715487760587204e-06,3.2715487760587204e-06,3.2715487760587204e-06,3.2715487760587204e-06,3.2715487760587204e-06,3.2715487760587204e-06,3.271548776058721e-06,3.2715487760587204e-06,3.2715487760587204e-06,3.2715487760587204e-06,3.2715487760587204e-06,3.271548776058721e-06,3.2715487760587195e-06,3.271548776058721e-06,3.27154877605872e-06,3.271548776058721e-06,3.271548776058721e-06,3.271548776058721e-06,3.271548776058721e-06,3.271548776058721e-06,3.271548776058721e-06,3.271548776058721e-06,3.2715487760587204e-06,3.271548776058721e-06,3.2715487760587195e-06,3.271548776058721e-06,3.27154877605872e-06,3.27154877605872e-06,3.27154877605872e-06,3.27154877605872e-06,3.27154877605872e-06,3.27154877605872e-06,3.27154877605872e-06,3.27154877605872e-06,3.27154877605872e-06,3.2715487760587204e-06,3.2715487760587204e-06,3.27154877605872e-06,3.27154877605872e-06,3.27154877605872e-06,3.27154877605872e-06,3.2715487760587204e-06,3.2715487760587204e-06,3.2715487760587204e-06,3.27154877605872e-06,3.27154877605872e-06,3.2715487760587204e-06,3.2715487760587204e-06,3.2715487760587204e-06,3.271548776058721e-06,3.271548776058721e-06,3.271548776058721e-06,3.271548776058721e-06,3.271548776058721e-06,3.27154877605872e-06,3.27154877605872e-06,3.27154877605872e-06,3.271548776058721e-06,3.27154877605872e-06,3.27154877605872e-06,3.27154877605872e-06,3.27154877605872e-06,3.271548776058721e-06,3.271548776058721e-06,3.271548776058721e-06,3.2715487760587204e-06,3.27154877605872e-06,3.27154877605872e-06,3.27154877605872e-06,3.2715487760587204e-06,3.2715487760587204e-06,3.2715487760587204e-06,3.2715487760587204e-06,3.2715487760587204e-06,3.2715487760587204e-06,3.2715487760587204e-06,3.2715487760587204e-06,3.2715487760587195e-06,3.2715487760587204e-06,3.2715487760587204e-06,3.2715487760587204e-06,3.2715487760587204e-06,3.2715487760587204e-06,3.2715487760587204e-06,3.27154877605872e-06,3.2715487760587204e-06,3.2715487760587195e-06,3.27154877605872e-06,3.2715487760587195e-06,3.27154877605872e-06,3.2715487760587195e-06,3.27154877605872e-06,3.27154877605872e-06,3.27154877605872e-06,3.27154877605872e-06,3.2715487760587195e-06,3.27154877605872e-06,3.2715487760587195e-06,3.2715487760587195e-06,3.27154877605872e-06,3.2715487760587195e-06,3.2715487760587204e-06,3.2715487760587195e-06,3.2715487760587204e-06,3.2715487760587195e-06,3.2715487760587204e-06,3.2715487760587204e-06,3.2715487760587195e-06,3.2715487760587204e-06,3.2715487760587195e-06,3.271548776058721e-06,3.2715487760587204e-06,3.2715487760587195e-06,3.2715487760587204e-06,3.2715487760587204e-06,3.2715487760587204e-06,3.2715487760587204e-06,3.2715487760587204e-06,3.27154877605872e-06,3.27154877605872e-06,3.2715487760587195e-06,3.2715487760587204e-06,3.2715487760587204e-06,3.271548776058721e-06,3.271548776058721e-06,3.2715487760587204e-06,3.271548776058721e-06,3.2715487760587195e-06,3.27154877605872e-06,3.27154877605872e-06,3.27154877605872e-06,3.271548776058719e-06,3.2715487760587195e-06,3.2715487760587195e-06,3.27154877605872e-06,3.2715487760587195e-06,3.2715487760587195e-06,3.27154877605872e-06,3.2715487760587204e-06,3.2715487760587195e-06,3.27154877605872e-06,3.2715487760587195e-06,3.27154877605872e-06,3.2715487760587195e-06,3.2715487760587195e-06,3.2715487760587204e-06,3.2715487760587204e-06,3.2715487760587204e-06,3.2715487760587204e-06,3.271548776058719e-06,3.2715487760587204e-06,3.271548776058719e-06,3.2715487760587204e-06,3.2715487760587204e-06,3.2715487760587204e-06,3.2715487760587204e-06,3.2715487760587204e-06,3.2715487760587204e-06,3.2715487760587204e-06,3.2715487760587204e-06,3.271548776058719e-06,3.2715487760587204e-06,3.2715487760587204e-06,3.2715487760587204e-06,3.2715487760587204e-06,3.2715487760587204e-06,3.2715487760587204e-06,3.2715487760587204e-06,3.2715487760587204e-06,3.2715487760587204e-06,3.271548776058719e-06,3.2715487760587204e-06,3.2715487760587195e-06,3.2715487760587204e-06,3.2715487760587204e-06,3.2715487760587195e-06,3.2715487760587204e-06,3.2715487760587204e-06,3.2715487760587204e-06,3.2715487760587204e-06,3.2715487760587204e-06,3.2715487760587204e-06,3.2715487760587204e-06,3.2715487760587204e-06,3.2715487760587204e-06,3.2715487760587204e-06,3.2715487760587204e-06,3.2715487760587204e-06,3.2715487760587195e-06,3.2715487760587204e-06,3.2715487760587204e-06,3.2715487760587204e-06,3.2715487760587204e-06,3.2715487760587204e-06,3.2715487760587204e-06,3.2715487760587204e-06,3.271548776058721e-06,3.271548776058721e-06,3.2715487760587204e-06,3.2715487760587195e-06,3.2715487760587195e-06,3.2715487760587204e-06,3.2715487760587204e-06,3.2715487760587195e-06,3.27154877605872e-06,3.27154877605872e-06,3.271548776058719e-06,3.2715487760587204e-06,3.2715487760587195e-06,3.2715487760587204e-06,3.27154877605872e-06,3.27154877605872e-06,3.271548776058719e-06,3.27154877605872e-06,3.271548776058719e-06,3.2715487760587204e-06,3.2715487760587204e-06,3.27154877605872e-06,3.27154877605872e-06,3.27154877605872e-06,3.27154877605872e-06,3.27154877605872e-06,3.2715487760587204e-06,3.2715487760587195e-06,3.27154877605872e-06,3.27154877605872e-06,3.2715487760587195e-06,3.2715487760587195e-06,3.2715487760587195e-06,3.27154877605872e-06,3.27154877605872e-06,3.27154877605872e-06,3.2715487760587204e-06,3.2715487760587195e-06,3.2715487760587195e-06,3.2715487760587195e-06,3.27154877605872e-06,3.27154877605872e-06,3.27154877605872e-06,3.27154877605872e-06,3.271548776058721e-06,3.271548776058721e-06,3.271548776058721e-06,3.2715487760587212e-06,3.2715487760587212e-06,3.2715487760587212e-06,3.2715487760587212e-06,3.2715487760587212e-06,3.2715487760587212e-06,3.2715487760587212e-06,3.2715487760587217e-06,3.2715487760587217e-06,3.271548776058721e-06,3.2715487760587204e-06,3.27154877605872e-06,3.2715487760587195e-06,3.271548776058721e-06,3.271548776058721e-06,3.2715487760587212e-06,3.271548776058721e-06,3.2715487760587217e-06,3.2715487760587217e-06,3.2715487760587217e-06,3.2715487760587204e-06,3.271548776058721e-06,3.2715487760587204e-06,3.271548776058721e-06,3.271548776058721e-06,3.2715487760587204e-06,3.2715487760587204e-06,3.2715487760587204e-06,3.2715487760587204e-06,3.271548776058721e-06,3.2715487760587204e-06,3.2715487760587204e-06,3.2715487760587204e-06,3.27154877605872e-06,3.27154877605872e-06,3.2715487760587217e-06,3.2715487760587217e-06,3.2715487760587217e-06,3.2715487760587212e-06,3.2715487760587212e-06,3.2715487760587217e-06,3.2715487760587217e-06,3.2715487760587217e-06,3.2715487760587212e-06,3.2715487760587212e-06,3.2715487760587212e-06,3.2715487760587212e-06,3.2715487760587212e-06,3.2715487760587212e-06,3.2715487760587212e-06,3.2715487760587212e-06,3.2715487760587212e-06,3.2715487760587217e-06,3.271548776058721e-06,3.2715487760587204e-06,3.271548776058721e-06,3.271548776058721e-06,3.271548776058721e-06,3.271548776058721e-06,3.271548776058721e-06,3.271548776058721e-06,3.271548776058721e-06,3.271548776058721e-06,3.2715487760587204e-06,3.2715487760587204e-06,3.2715487760587212e-06,3.271548776058721e-06,3.2715487760587217e-06,3.2715487760587217e-06,3.2715487760587217e-06,3.2715487760587212e-06,3.271548776058721e-06,3.271548776058721e-06,3.271548776058721e-06,3.271548776058721e-06,3.271548776058721e-06,3.271548776058721e-06,3.271548776058721e-06,3.2715487760587204e-06,3.271548776058721e-06,3.2715487760587212e-06,3.2715487760587212e-06,3.2715487760587212e-06,3.271548776058722e-06,3.271548776058721e-06,3.2715487760587204e-06,3.2715487760587204e-06,3.2715487760587204e-06,3.2715487760587204e-06,3.2715487760587204e-06,3.2715487760587204e-06,3.2715487760587204e-06,3.2715487760587204e-06,3.2715487760587204e-06,3.2715487760587204e-06,3.2715487760587204e-06,3.2715487760587204e-06,3.2715487760587204e-06,3.2715487760587204e-06,3.2715487760587204e-06,3.271548776058721e-06,3.271548776058721e-06,3.271548776058721e-06,3.2715487760587204e-06,3.271548776058721e-06,3.271548776058721e-06,3.271548776058721e-06,3.271548776058721e-06,3.27154877605872e-06,3.27154877605872e-06,3.27154877605872e-06,3.27154877605872e-06,3.27154877605872e-06,3.27154877605872e-06,3.27154877605872e-06,3.2715487760587212e-06,3.2715487760587212e-06,3.2715487760587212e-06,3.2715487760587212e-06,3.2715487760587212e-06,3.2715487760587217e-06,3.271548776058721e-06,3.271548776058721e-06,3.271548776058721e-06,3.271548776058721e-06,3.2715487760587204e-06,3.2715487760587204e-06,3.27154877605872e-06,3.2715487760587212e-06,3.2715487760587212e-06,3.2715487760587212e-06,3.2715487760587212e-06,3.2715487760587212e-06,3.2715487760587212e-06,3.2715487760587212e-06,3.2715487760587217e-06,3.271548776058721e-06,3.271548776058721e-06,3.2715487760587204e-06,3.2715487760587204e-06,3.2715487760587204e-06,3.2715487760587204e-06,3.2715487760587204e-06,3.2715487760587204e-06,3.2715487760587204e-06,3.27154877605872e-06,3.27154877605872e-06,3.27154877605872e-06,3.2715487760587204e-06,3.27154877605872e-06,3.2715487760587204e-06,3.2715487760587204e-06,3.2715487760587204e-06,3.2715487760587204e-06,3.2715487760587204e-06,3.2715487760587204e-06,3.271548776058721e-06,3.271548776058721e-06,3.271548776058721e-06,3.271548776058721e-06,3.271548776058721e-06,3.271548776058721e-06,3.271548776058721e-06,3.271548776058721e-06,3.271548776058721e-06,3.271548776058721e-06,3.271548776058721e-06,3.271548776058721e-06,3.2715487760587212e-06,3.27154877605872e-06,3.27154877605872e-06,3.27154877605872e-06,3.27154877605872e-06,3.27154877605872e-06,3.27154877605872e-06,3.27154877605872e-06,3.2715487760587204e-06,3.2715487760587204e-06,3.27154877605872e-06,3.2715487760587204e-06,3.2715487760587204e-06,3.2715487760587195e-06,3.2715487760587195e-06,3.2715487760587195e-06,3.2715487760587195e-06,3.27154877605872e-06,3.2715487760587204e-06,3.2715487760587204e-06,3.271548776058721e-06,3.271548776058721e-06,3.271548776058721e-06,3.2715487760587204e-06,3.2715487760587204e-06,3.271548776058721e-06,3.271548776058721e-06,3.271548776058721e-06,3.271548776058721e-06,3.271548776058721e-06,3.2715487760587212e-06,3.2715487760587204e-06,3.27154877605872e-06,3.27154877605872e-06,3.27154877605872e-06,3.27154877605872e-06,3.27154877605872e-06,3.2715487760587204e-06,3.2715487760587204e-06,3.2715487760587204e-06,3.271548776058721e-06,3.2715487760587195e-06,3.271548776058721e-06,3.271548776058721e-06,3.2715487760587212e-06,3.2715487760587212e-06,3.2715487760587212e-06,3.271548776058722e-06,3.271548776058722e-06,3.271548776058722e-06,3.2715487760587217e-06,3.271548776058721e-06,3.271548776058721e-06,3.271548776058721e-06,3.271548776058721e-06,3.271548776058721e-06,3.271548776058721e-06,3.271548776058721e-06,3.271548776058721e-06,3.271548776058721e-06,3.271548776058721e-06,3.2715487760587204e-06,3.271548776058721e-06,3.271548776058721e-06,3.271548776058721e-06,3.27154877605872e-06,3.2715487760587212e-06,3.2715487760587212e-06,3.2715487760587212e-06,3.2715487760587212e-06,3.2715487760587212e-06,3.2715487760587212e-06,3.2715487760587212e-06,3.2715487760587217e-06,3.2715487760587204e-06,3.2715487760587204e-06,3.2715487760587204e-06,3.2715487760587204e-06,3.2715487760587204e-06,3.2715487760587204e-06,3.2715487760587204e-06,3.2715487760587204e-06,3.2715487760587204e-06,3.2715487760587204e-06,3.2715487760587204e-06,3.2715487760587204e-06,3.27154877605872e-06,3.2715487760587204e-06,3.27154877605872e-06,3.2715487760587204e-06,3.27154877605872e-06,3.2715487760587195e-06,3.271548776058721e-06,3.271548776058721e-06,3.271548776058721e-06,3.271548776058721e-06,3.271548776058721e-06,3.271548776058721e-06,3.271548776058721e-06,3.271548776058721e-06,3.271548776058721e-06,3.271548776058721e-06,3.271548776058721e-06,3.2715487760587217e-06,3.271548776058721e-06,3.271548776058721e-06,3.2715487760587217e-06,3.271548776058721e-06,3.271548776058721e-06,3.271548776058721e-06,3.2715487760587212e-06,3.271548776058722e-06,3.2715487760587204e-06,3.2715487760587204e-06,3.2715487760587204e-06,3.2715487760587204e-06,3.2715487760587204e-06,3.2715487760587204e-06,3.2715487760587204e-06,3.2715487760587195e-06,3.2715487760587212e-06,3.2715487760587212e-06,3.271548776058721e-06,3.271548776058721e-06,3.2715487760587212e-06,3.2715487760587212e-06,3.2715487760587212e-06,3.2715487760587212e-06,3.2715487760587212e-06,3.2715487760587212e-06,3.2715487760587212e-06,3.2715487760587212e-06,3.2715487760587212e-06,3.2715487760587212e-06,3.2715487760587212e-06,3.2715487760587212e-06,3.2715487760587217e-06,3.2715487760587217e-06,3.271548776058721e-06,3.271548776058721e-06,3.271548776058721e-06,3.271548776058722e-06,3.271548776058722e-06,3.271548776058722e-06,3.2715487760587217e-06,3.2715487760587217e-06,3.2715487760587217e-06,3.2715487760587217e-06,3.271548776058722e-06,3.2715487760587204e-06,3.2715487760587204e-06,3.2715487760587204e-06,3.2715487760587204e-06,3.2715487760587204e-06,3.271548776058721e-06,3.271548776058721e-06,3.271548776058721e-06,3.271548776058721e-06,3.27154877605872e-06,3.27154877605872e-06,3.27154877605872e-06,3.271548776058721e-06,3.2715487760587204e-06,3.2715487760587204e-06,3.27154877605872e-06,3.27154877605872e-06,3.2715487760587204e-06,3.27154877605872e-06,3.27154877605872e-06,3.27154877605872e-06,3.27154877605872e-06,3.271548776058721e-06,3.27154877605872e-06,3.2715487760587204e-06,3.27154877605872e-06,3.2715487760587204e-06,3.271548776058721e-06,3.27154877605872e-06,3.271548776058721e-06,3.271548776058721e-06,3.271548776058721e-06,3.2715487760587204e-06,3.27154877605872e-06,3.2715487760587204e-06,3.2715487760587204e-06,3.271548776058721e-06,3.271548776058721e-06,3.271548776058721e-06,3.2715487760587204e-06,3.271548776058721e-06,3.271548776058721e-06,3.271548776058721e-06,3.27154877605872e-06,3.271548776058721e-06,3.27154877605872e-06,3.27154877605872e-06,3.27154877605872e-06,3.27154877605872e-06,3.27154877605872e-06,3.271548776058721e-06,3.271548776058721e-06,3.27154877605872e-06,3.27154877605872e-06,3.27154877605872e-06,3.271548776058721e-06,3.27154877605872e-06,3.27154877605872e-06,3.271548776058721e-06,3.271548776058721e-06,3.2715487760587204e-06,3.271548776058721e-06,3.271548776058721e-06,3.2715487760587204e-06,3.2715487760587204e-06,3.271548776058721e-06,3.2715487760587204e-06,3.271548776058721e-06,3.2715487760587204e-06,3.271548776058721e-06,3.271548776058721e-06,3.27154877605872e-06,3.271548776058721e-06,3.2715487760587204e-06,3.2715487760587204e-06,3.271548776058721e-06,3.27154877605872e-06,3.27154877605872e-06,3.2715487760587204e-06,3.27154877605872e-06,3.2715487760587204e-06,3.2715487760587195e-06,3.2715487760587195e-06,3.2715487760587195e-06,3.2715487760587195e-06,3.2715487760587195e-06,3.271548776058719e-06,3.271548776058719e-06,3.2715487760587195e-06,3.2715487760587195e-06,3.2715487760587195e-06,3.2715487760587195e-06,3.2715487760587195e-06,3.271548776058719e-06,3.271548776058719e-06,3.271548776058719e-06,3.2715487760587195e-06,3.2715487760587195e-06,3.271548776058719e-06,3.2715487760587195e-06,3.2715487760587195e-06,3.2715487760587195e-06,3.2715487760587195e-06,3.2715487760587195e-06,3.2715487760587195e-06,3.2715487760587195e-06,3.2715487760587195e-06,3.2715487760587195e-06,3.2715487760587195e-06,3.2715487760587195e-06,3.2715487760587195e-06,3.2715487760587195e-06,3.2715487760587195e-06,3.2715487760587212e-06,3.271548776058721e-06,3.271548776058721e-06,3.271548776058721e-06,3.271548776058721e-06,3.271548776058721e-06,3.271548776058721e-06,3.271548776058721e-06,3.271548776058721e-06,3.271548776058721e-06,3.2715487760587217e-06,3.271548776058721e-06,3.271548776058721e-06,3.271548776058721e-06,3.271548776058721e-06,3.271548776058721e-06,3.271548776058721e-06,3.271548776058721e-06,3.2715487760587217e-06,3.271548776058721e-06,3.2715487760587217e-06,3.271548776058721e-06,3.2715487760587217e-06,3.271548776058721e-06,3.271548776058721e-06,3.2715487760587217e-06,3.271548776058721e-06,3.2715487760587217e-06,3.271548776058721e-06,3.2715487760587217e-06,3.2715487760587212e-06,3.2715487760587217e-06,3.2715487760587217e-06,3.2715487760587217e-06,3.271548776058722e-06,3.271548776058721e-06,3.271548776058722e-06,3.2715487760587217e-06,3.271548776058721e-06,3.2715487760587217e-06,3.271548776058721e-06,3.271548776058722e-06,3.271548776058722e-06,3.271548776058721e-06,3.271548776058721e-06,3.271548776058721e-06,3.271548776058722e-06,3.271548776058721e-06,3.271548776058722e-06,3.271548776058722e-06,3.2715487760587217e-06,3.2715487760587212e-06,3.271548776058722e-06,3.271548776058722e-06,3.271548776058722e-06,3.271548776058721e-06,3.271548776058722e-06,3.2715487760587217e-06,3.2715487760587212e-06,3.2715487760587217e-06,3.271548776058722e-06,3.271548776058721e-06,3.271548776058722e-06,3.271548776058722e-06,3.2715487760587217e-06,3.2715487760587217e-06,3.2715487760587212e-06,3.2715487760587217e-06,3.2715487760587212e-06,3.2715487760587217e-06,3.2715487760587217e-06,3.2715487760587212e-06,3.2715487760587212e-06,3.2715487760587212e-06,3.2715487760587217e-06,3.2715487760587217e-06,3.2715487760587212e-06,3.2715487760587212e-06,3.2715487760587217e-06,3.2715487760587217e-06,3.2715487760587212e-06,3.2715487760587217e-06,3.2715487760587217e-06,3.2715487760587212e-06,3.2715487760587217e-06,3.2715487760587212e-06,3.2715487760587217e-06,3.2715487760587217e-06,3.2715487760587204e-06,3.2715487760587212e-06,3.2715487760587212e-06,3.2715487760587204e-06,3.2715487760587217e-06,3.2715487760587217e-06,3.2715487760587217e-06,3.2715487760587217e-06,3.2715487760587217e-06,3.2715487760587217e-06,3.2715487760587217e-06,3.271548776058721e-06,3.2715487760587217e-06,3.2715487760587217e-06,3.2715487760587217e-06,3.2715487760587217e-06,3.2715487760587217e-06,3.2715487760587217e-06,3.2715487760587225e-06,3.2715487760587217e-06,3.2715487760587217e-06,3.2715487760587225e-06,3.2715487760587217e-06,3.2715487760587225e-06,3.2715487760587225e-06,3.2715487760587225e-06,3.271548776058723e-06,3.271548776058723e-06,3.271548776058724e-06,3.2715487760587238e-06,3.2715487760587238e-06,3.2715487760587238e-06,3.2715487760587238e-06,3.271548776058723e-06,3.2715487760587225e-06,3.2715487760587225e-06,3.2715487760587234e-06,3.2715487760587234e-06,3.2715487760587234e-06,3.2715487760587234e-06,3.2715487760587234e-06,3.2715487760587225e-06,3.2715487760587225e-06,3.2715487760587225e-06,3.2715487760587225e-06,3.2715487760587225e-06,3.2715487760587234e-06,3.2715487760587234e-06,3.2715487760587238e-06,3.2715487760587234e-06,3.2715487760587234e-06,3.2715487760587238e-06,3.2715487760587238e-06,3.2715487760587234e-06,3.2715487760587234e-06,3.2715487760587234e-06,3.2715487760587238e-06,3.2715487760587238e-06,3.2715487760587238e-06,3.2715487760587238e-06,3.2715487760587234e-06,3.2715487760587238e-06,3.2715487760587238e-06,3.2715487760587238e-06,3.2715487760587234e-06,3.2715487760587234e-06,3.2715487760587234e-06,3.2715487760587238e-06,3.2715487760587234e-06,3.2715487760587238e-06,3.2715487760587238e-06,3.2715487760587238e-06,3.2715487760587238e-06,3.2715487760587238e-06,3.2715487760587238e-06,3.2715487760587238e-06,3.271548776058724e-06,3.271548776058724e-06,3.271548776058724e-06,3.271548776058724e-06,3.271548776058724e-06,3.271548776058724e-06,3.2715487760587238e-06,3.2715487760587234e-06,3.2715487760587234e-06,3.2715487760587234e-06,3.2715487760587234e-06,3.2715487760587234e-06,3.2715487760587234e-06,3.2715487760587238e-06,3.271548776058724e-06,3.271548776058724e-06,3.2715487760587234e-06,3.2715487760587234e-06,3.2715487760587234e-06,3.2715487760587234e-06,3.2715487760587225e-06,3.2715487760587234e-06,3.2715487760587234e-06,3.271548776058723e-06,3.2715487760587234e-06,3.2715487760587234e-06,3.2715487760587234e-06,3.2715487760587234e-06,3.2715487760587225e-06,3.2715487760587234e-06,3.271548776058723e-06,3.271548776058724e-06,3.2715487760587238e-06,3.2715487760587238e-06,3.2715487760587238e-06,3.2715487760587238e-06,3.271548776058724e-06,3.271548776058724e-06,3.2715487760587234e-06,3.2715487760587238e-06,3.2715487760587246e-06,3.2715487760587238e-06,3.271548776058725e-06,3.271548776058725e-06,3.2715487760587246e-06,3.2715487760587246e-06,3.2715487760587246e-06,3.271548776058725e-06,3.271548776058726e-06,3.2715487760587255e-06,3.2715487760587246e-06,3.2715487760587234e-06,3.2715487760587238e-06,3.2715487760587246e-06,3.2715487760587238e-06,3.2715487760587246e-06,3.2715487760587255e-06,3.2715487760587246e-06,3.2715487760587246e-06,3.2715487760587246e-06,3.271548776058725e-06,3.2715487760587238e-06,3.2715487760587238e-06,3.2715487760587238e-06,3.271548776058724e-06,3.271548776058724e-06,3.2715487760587238e-06,3.2715487760587238e-06,3.271548776058725e-06,3.2715487760587238e-06,3.2715487760587238e-06,3.2715487760587238e-06,3.2715487760587238e-06,3.2715487760587246e-06,3.271548776058724e-06,3.271548776058724e-06,3.271548776058724e-06,3.271548776058724e-06,3.271548776058724e-06,3.2715487760587238e-06,3.2715487760587238e-06,3.271548776058724e-06,3.2715487760587246e-06,3.271548776058724e-06,3.2715487760587246e-06,3.2715487760587246e-06,3.271548776058725e-06,3.271548776058725e-06,3.2715487760587246e-06,3.2715487760587246e-06,3.2715487760587246e-06,3.2715487760587234e-06,3.2715487760587234e-06,3.2715487760587234e-06,3.271548776058724e-06,3.271548776058724e-06,3.2715487760587246e-06,3.2715487760587246e-06,3.2715487760587246e-06,3.271548776058724e-06,3.271548776058724e-06,3.271548776058724e-06,3.271548776058724e-06,3.271548776058724e-06,3.271548776058724e-06,3.271548776058724e-06,3.271548776058724e-06,3.271548776058724e-06,3.271548776058724e-06,3.271548776058724e-06,3.271548776058724e-06,3.271548776058724e-06,3.271548776058724e-06,3.2715487760587234e-06,3.2715487760587238e-06,3.2715487760587238e-06,3.2715487760587246e-06,3.2715487760587246e-06,3.2715487760587246e-06,3.2715487760587246e-06,3.2715487760587246e-06,3.2715487760587246e-06,3.2715487760587246e-06,3.2715487760587246e-06,3.271548776058724e-06,3.271548776058724e-06,3.2715487760587246e-06,3.2715487760587246e-06,3.2715487760587246e-06,3.2715487760587246e-06,3.2715487760587246e-06,3.2715487760587246e-06,3.271548776058724e-06,3.2715487760587246e-06,3.2715487760587246e-06,3.2715487760587246e-06,3.2715487760587246e-06,3.2715487760587246e-06,3.271548776058724e-06,3.271548776058725e-06,3.271548776058725e-06,3.271548776058725e-06,3.271548776058725e-06,3.271548776058725e-06,3.271548776058725e-06,3.271548776058725e-06,3.271548776058725e-06,3.271548776058725e-06,3.271548776058725e-06,3.271548776058725e-06,3.271548776058725e-06,3.271548776058725e-06,3.271548776058726e-06,3.271548776058726e-06,3.271548776058725e-06,3.271548776058726e-06,3.271548776058725e-06,3.271548776058724e-06,3.271548776058724e-06,3.271548776058724e-06,3.2715487760587234e-06,3.2715487760587238e-06,3.2715487760587238e-06,3.2715487760587234e-06,3.2715487760587234e-06,3.271548776058723e-06,3.2715487760587238e-06,3.271548776058723e-06,3.2715487760587234e-06,3.271548776058724e-06,3.271548776058724e-06,3.271548776058724e-06,3.271548776058724e-06,3.271548776058724e-06,3.271548776058725e-06,3.271548776058725e-06,3.271548776058725e-06,3.271548776058725e-06,3.271548776058725e-06,3.271548776058725e-06,3.2715487760587246e-06,3.2715487760587246e-06,3.2715487760587255e-06,3.2715487760587255e-06,3.2715487760587255e-06,3.271548776058725e-06,3.2715487760587255e-06,3.2715487760587246e-06,3.2715487760587246e-06,3.2715487760587246e-06,3.2715487760587246e-06,3.2715487760587246e-06,3.2715487760587246e-06,3.2715487760587246e-06,3.2715487760587246e-06,3.271548776058726e-06,3.2715487760587246e-06,3.2715487760587246e-06,3.2715487760587246e-06,3.2715487760587246e-06,3.2715487760587246e-06,3.2715487760587246e-06,3.271548776058726e-06,3.2715487760587246e-06,3.271548776058726e-06,3.271548776058725e-06,3.271548776058725e-06,3.2715487760587246e-06,3.271548776058724e-06,3.2715487760587246e-06,3.2715487760587246e-06,3.2715487760587246e-06,3.271548776058726e-06,3.2715487760587246e-06,3.2715487760587246e-06,3.271548776058726e-06,3.2715487760587246e-06,3.271548776058725e-06,3.271548776058725e-06,3.271548776058725e-06,3.271548776058725e-06,3.271548776058725e-06,3.271548776058726e-06,3.271548776058725e-06,3.271548776058725e-06,3.271548776058725e-06,3.271548776058725e-06,3.271548776058725e-06,3.271548776058725e-06,3.271548776058725e-06,3.271548776058725e-06,3.271548776058725e-06,3.2715487760587246e-06,3.271548776058724e-06,3.271548776058724e-06,3.271548776058724e-06,3.271548776058724e-06,3.271548776058724e-06,3.2715487760587234e-06,3.2715487760587246e-06,3.2715487760587246e-06,3.2715487760587246e-06,3.271548776058724e-06,3.271548776058724e-06,3.2715487760587238e-06,3.271548776058725e-06,3.2715487760587246e-06,3.2715487760587238e-06,3.271548776058724e-06,3.271548776058724e-06,3.271548776058724e-06,3.271548776058724e-06,3.2715487760587238e-06,3.2715487760587238e-06,3.2715487760587238e-06,3.2715487760587238e-06,3.271548776058724e-06,3.271548776058724e-06,3.271548776058724e-06,3.2715487760587246e-06,3.2715487760587238e-06,3.2715487760587238e-06,3.2715487760587238e-06,3.271548776058724e-06,3.271548776058724e-06,3.271548776058724e-06,3.271548776058724e-06,3.2715487760587246e-06,3.2715487760587246e-06,3.2715487760587246e-06,3.271548776058724e-06,3.271548776058724e-06,3.271548776058724e-06,3.271548776058724e-06,3.2715487760587238e-06,3.2715487760587238e-06,3.2715487760587246e-06,3.2715487760587246e-06,3.271548776058725e-06,3.271548776058725e-06,3.271548776058724e-06,3.271548776058725e-06,3.271548776058725e-06,3.271548776058725e-06,3.271548776058725e-06,3.271548776058725e-06,3.271548776058725e-06,3.271548776058725e-06,3.271548776058725e-06,3.271548776058725e-06,3.271548776058725e-06,3.271548776058725e-06,3.271548776058725e-06,3.271548776058724e-06,3.271548776058724e-06,3.271548776058724e-06,3.271548776058725e-06,3.271548776058725e-06,3.271548776058725e-06,3.271548776058725e-06,3.271548776058725e-06,3.271548776058724e-06,3.271548776058724e-06,3.271548776058724e-06,3.271548776058724e-06,3.271548776058724e-06,3.2715487760587246e-06,3.2715487760587246e-06,3.2715487760587246e-06,3.2715487760587246e-06,3.2715487760587246e-06,3.271548776058724e-06,3.271548776058724e-06,3.2715487760587246e-06,3.271548776058724e-06,3.2715487760587246e-06,3.2715487760587246e-06,3.2715487760587246e-06,3.2715487760587246e-06,3.2715487760587255e-06,3.2715487760587255e-06,3.2715487760587255e-06,3.2715487760587255e-06,3.2715487760587255e-06,3.2715487760587255e-06,3.2715487760587255e-06,3.271548776058726e-06,3.271548776058726e-06,3.271548776058726e-06,3.271548776058726e-06,3.271548776058726e-06,3.271548776058726e-06,3.271548776058726e-06,3.271548776058726e-06,3.271548776058726e-06,3.271548776058726e-06,3.271548776058726e-06,3.271548776058726e-06,3.2715487760587255e-06,3.271548776058726e-06,3.271548776058726e-06,3.271548776058726e-06,3.271548776058726e-06,3.2715487760587255e-06,3.2715487760587255e-06,3.2715487760587255e-06,3.271548776058726e-06,3.2715487760587255e-06,3.271548776058726e-06,3.271548776058726e-06,3.271548776058726e-06,3.271548776058726e-06,3.271548776058726e-06,3.271548776058726e-06,3.2715487760587246e-06,3.271548776058726e-06,3.271548776058726e-06,3.271548776058726e-06,3.271548776058726e-06,3.271548776058726e-06,3.271548776058726e-06,3.271548776058726e-06,3.271548776058726e-06,3.271548776058726e-06,3.271548776058726e-06,3.2715487760587267e-06,3.2715487760587263e-06,3.2715487760587263e-06,3.2715487760587263e-06,3.2715487760587263e-06,3.2715487760587263e-06,3.2715487760587267e-06,3.271548776058727e-06,3.271548776058727e-06,3.271548776058727e-06,3.271548776058727e-06,3.2715487760587267e-06,3.2715487760587263e-06,3.271548776058727e-06,3.271548776058727e-06,3.271548776058727e-06,3.2715487760587267e-06,3.2715487760587267e-06,3.2715487760587267e-06,3.2715487760587267e-06,3.2715487760587267e-06,3.271548776058727e-06,3.2715487760587267e-06,3.2715487760587267e-06,3.2715487760587267e-06,3.2715487760587267e-06,3.2715487760587267e-06,3.2715487760587267e-06,3.271548776058727e-06,3.271548776058727e-06,3.2715487760587263e-06,3.2715487760587263e-06,3.2715487760587263e-06,3.2715487760587263e-06,3.2715487760587263e-06,3.271548776058726e-06,3.271548776058726e-06,3.2715487760587267e-06,3.2715487760587267e-06,3.2715487760587267e-06,3.2715487760587267e-06,3.2715487760587267e-06,3.2715487760587263e-06,3.271548776058726e-06,3.271548776058726e-06,3.271548776058726e-06,3.2715487760587263e-06,3.2715487760587263e-06,3.2715487760587263e-06,3.2715487760587267e-06,3.2715487760587263e-06,3.2715487760587263e-06,3.2715487760587263e-06,3.2715487760587267e-06,3.2715487760587267e-06,3.2715487760587267e-06,3.2715487760587267e-06,3.2715487760587267e-06,3.2715487760587267e-06,3.2715487760587267e-06,3.271548776058727e-06,3.271548776058727e-06,3.2715487760587267e-06,3.271548776058727e-06,3.271548776058727e-06,3.271548776058727e-06,3.271548776058727e-06,3.271548776058727e-06,3.271548776058727e-06,3.271548776058727e-06,3.271548776058727e-06,3.271548776058727e-06,3.271548776058727e-06,3.271548776058727e-06,3.271548776058727e-06,3.271548776058727e-06,3.271548776058727e-06,3.271548776058727e-06,3.271548776058727e-06,3.271548776058727e-06,3.271548776058727e-06,3.271548776058727e-06,3.271548776058727e-06,3.2715487760587263e-06,3.2715487760587263e-06,3.271548776058727e-06,3.271548776058727e-06,3.271548776058727e-06,3.271548776058727e-06,3.271548776058727e-06,3.271548776058727e-06,3.271548776058727e-06,3.2715487760587267e-06,3.2715487760587267e-06,3.2715487760587267e-06,3.271548776058727e-06,3.271548776058727e-06,3.271548776058727e-06,3.271548776058727e-06,3.271548776058727e-06,3.2715487760587267e-06,3.2715487760587267e-06,3.271548776058727e-06,3.2715487760587267e-06,3.2715487760587267e-06,3.2715487760587267e-06,3.2715487760587267e-06,3.2715487760587267e-06,3.2715487760587267e-06,3.2715487760587267e-06,3.2715487760587267e-06,3.2715487760587267e-06,3.2715487760587267e-06,3.2715487760587267e-06,3.2715487760587267e-06,3.271548776058726e-06,3.2715487760587267e-06,3.2715487760587267e-06,3.2715487760587267e-06,3.2715487760587267e-06,3.2715487760587267e-06,3.271548776058726e-06,3.2715487760587267e-06,3.2715487760587267e-06,3.2715487760587267e-06,3.2715487760587263e-06,3.2715487760587263e-06,3.2715487760587263e-06,3.2715487760587267e-06,3.271548776058726e-06,3.271548776058726e-06,3.2715487760587267e-06,3.271548776058726e-06,3.2715487760587267e-06,3.2715487760587267e-06,3.271548776058726e-06,3.271548776058726e-06,3.271548776058726e-06,3.2715487760587267e-06,3.2715487760587267e-06,3.271548776058726e-06,3.2715487760587267e-06,3.2715487760587267e-06,3.271548776058726e-06,3.2715487760587267e-06,3.2715487760587267e-06,3.271548776058726e-06,3.2715487760587267e-06,3.271548776058726e-06,3.2715487760587267e-06,3.271548776058726e-06,3.2715487760587267e-06,3.2715487760587263e-06,3.2715487760587267e-06,3.271548776058726e-06,3.2715487760587267e-06,3.271548776058726e-06,3.271548776058726e-06,3.2715487760587267e-06,3.2715487760587263e-06,3.2715487760587263e-06,3.2715487760587267e-06,3.2715487760587267e-06,3.271548776058726e-06,3.2715487760587267e-06,3.2715487760587267e-06,3.2715487760587263e-06,3.2715487760587263e-06,3.2715487760587267e-06,3.2715487760587263e-06,3.2715487760587267e-06,3.2715487760587263e-06,3.2715487760587267e-06,3.271548776058726e-06,3.2715487760587267e-06,3.2715487760587267e-06,3.2715487760587267e-06,3.2715487760587263e-06,3.2715487760587263e-06,3.2715487760587267e-06,3.2715487760587263e-06,3.2715487760587267e-06,3.2715487760587267e-06,3.2715487760587267e-06,3.2715487760587267e-06,3.271548776058726e-06,3.2715487760587267e-06,3.2715487760587263e-06,3.2715487760587263e-06,3.2715487760587263e-06,3.2715487760587263e-06,3.2715487760587263e-06,3.2715487760587263e-06,3.2715487760587267e-06,3.2715487760587263e-06,3.2715487760587263e-06,3.2715487760587267e-06,3.2715487760587263e-06,3.2715487760587263e-06,3.2715487760587263e-06,3.2715487760587263e-06,3.2715487760587267e-06,3.2715487760587263e-06,3.2715487760587263e-06,3.2715487760587263e-06,3.2715487760587263e-06,3.2715487760587263e-06,3.2715487760587263e-06,3.2715487760587263e-06,3.2715487760587263e-06,3.2715487760587263e-06,3.2715487760587267e-06,3.2715487760587263e-06,3.2715487760587267e-06,3.2715487760587263e-06,3.2715487760587263e-06,3.2715487760587263e-06,3.2715487760587263e-06,3.2715487760587263e-06,3.2715487760587263e-06,3.271548776058726e-06,3.2715487760587263e-06,3.2715487760587263e-06,3.2715487760587263e-06,3.2715487760587263e-06,3.2715487760587263e-06,3.2715487760587263e-06,3.271548776058727e-06,3.271548776058727e-06,3.2715487760587267e-06,3.2715487760587267e-06,3.2715487760587267e-06,3.271548776058726e-06,3.2715487760587267e-06,3.2715487760587267e-06,3.271548776058727e-06,3.2715487760587267e-06,3.2715487760587267e-06,3.2715487760587267e-06,3.271548776058727e-06,3.2715487760587263e-06,3.271548776058727e-06,3.2715487760587263e-06,3.271548776058727e-06,3.2715487760587267e-06,3.2715487760587267e-06,3.2715487760587267e-06,3.2715487760587267e-06,3.271548776058727e-06,3.271548776058727e-06,3.2715487760587263e-06,3.271548776058727e-06,3.2715487760587267e-06,3.2715487760587267e-06,3.271548776058727e-06,3.2715487760587263e-06,3.2715487760587263e-06,3.271548776058727e-06,3.2715487760587267e-06,3.271548776058727e-06,3.2715487760587263e-06,3.2715487760587263e-06,3.271548776058727e-06,3.2715487760587267e-06,3.2715487760587267e-06,3.2715487760587267e-06,3.271548776058727e-06,3.271548776058727e-06,3.271548776058727e-06,3.271548776058727e-06,3.271548776058727e-06,3.2715487760587263e-06,3.2715487760587263e-06,3.271548776058727e-06,3.271548776058727e-06,3.271548776058727e-06,3.271548776058727e-06,3.271548776058727e-06,3.271548776058727e-06,3.2715487760587263e-06,3.2715487760587263e-06,3.271548776058727e-06,3.271548776058727e-06,3.2715487760587263e-06,3.2715487760587263e-06,3.2715487760587263e-06,3.2715487760587263e-06,3.2715487760587263e-06,3.2715487760587263e-06,3.2715487760587263e-06,3.2715487760587263e-06,3.2715487760587263e-06,3.2715487760587263e-06,3.2715487760587263e-06,3.2715487760587263e-06,3.2715487760587263e-06,3.271548776058727e-06,3.2715487760587263e-06,3.2715487760587263e-06,3.2715487760587263e-06,3.2715487760587263e-06,3.2715487760587263e-06,3.2715487760587263e-06,3.2715487760587263e-06,3.2715487760587263e-06,3.2715487760587263e-06,3.271548776058726e-06,3.2715487760587263e-06,3.2715487760587263e-06,3.2715487760587263e-06,3.2715487760587263e-06,3.2715487760587263e-06,3.2715487760587263e-06,3.2715487760587263e-06,3.2715487760587263e-06,3.2715487760587263e-06,3.2715487760587263e-06,3.2715487760587263e-06,3.2715487760587263e-06,3.2715487760587263e-06,3.2715487760587263e-06,3.2715487760587263e-06,3.2715487760587263e-06,3.2715487760587263e-06,3.2715487760587263e-06,3.2715487760587263e-06,3.2715487760587255e-06,3.2715487760587255e-06,3.2715487760587255e-06,3.2715487760587255e-06,3.271548776058727e-06,3.271548776058726e-06,3.271548776058726e-06,3.2715487760587263e-06,3.2715487760587263e-06,3.2715487760587255e-06,3.2715487760587255e-06,3.2715487760587255e-06,3.271548776058727e-06,3.271548776058727e-06,3.2715487760587263e-06,3.2715487760587263e-06,3.2715487760587263e-06,3.2715487760587263e-06,3.2715487760587263e-06,3.2715487760587276e-06,3.271548776058726e-06,3.2715487760587276e-06,3.271548776058727e-06,3.271548776058727e-06,3.271548776058727e-06,3.271548776058727e-06,3.271548776058727e-06,3.2715487760587276e-06,3.2715487760587276e-06,3.271548776058726e-06,3.2715487760587276e-06,3.2715487760587263e-06,3.2715487760587276e-06,3.2715487760587276e-06,3.271548776058727e-06,3.2715487760587276e-06,3.2715487760587276e-06,3.2715487760587276e-06,3.2715487760587276e-06,3.2715487760587276e-06,3.2715487760587276e-06,3.2715487760587276e-06,3.271548776058727e-06,3.271548776058727e-06,3.271548776058727e-06,3.2715487760587276e-06,3.2715487760587276e-06,3.271548776058728e-06,3.2715487760587276e-06,3.2715487760587276e-06,3.2715487760587276e-06,3.2715487760587276e-06,3.2715487760587284e-06,3.271548776058727e-06,3.271548776058727e-06,3.2715487760587284e-06,3.2715487760587284e-06,3.2715487760587284e-06,3.271548776058728e-06,3.2715487760587284e-06,3.271548776058729e-06,3.271548776058728e-06,3.271548776058728e-06,3.2715487760587284e-06,3.2715487760587284e-06,3.2715487760587284e-06,3.271548776058728e-06,3.271548776058728e-06,3.271548776058729e-06,3.271548776058728e-06,3.271548776058728e-06,3.271548776058728e-06,3.2715487760587276e-06,3.271548776058728e-06,3.2715487760587284e-06,3.2715487760587284e-06,3.271548776058728e-06,3.271548776058728e-06,3.2715487760587284e-06,3.2715487760587284e-06,3.2715487760587284e-06,3.271548776058728e-06,3.271548776058728e-06,3.2715487760587284e-06,3.2715487760587284e-06,3.2715487760587284e-06,3.2715487760587284e-06,3.2715487760587284e-06,3.2715487760587284e-06,3.271548776058728e-06,3.2715487760587293e-06,3.2715487760587284e-06,3.2715487760587284e-06,3.271548776058727e-06,3.271548776058727e-06,3.2715487760587267e-06,3.271548776058727e-06,3.271548776058727e-06,3.271548776058727e-06,3.271548776058727e-06,3.271548776058727e-06,3.271548776058727e-06,3.271548776058727e-06,3.2715487760587263e-06,3.2715487760587267e-06,3.2715487760587263e-06,3.2715487760587267e-06,3.2715487760587263e-06,3.2715487760587267e-06,3.2715487760587263e-06,3.2715487760587263e-06,3.2715487760587267e-06,3.2715487760587267e-06,3.2715487760587263e-06,3.2715487760587263e-06,3.2715487760587263e-06,3.2715487760587267e-06,3.2715487760587263e-06,3.271548776058727e-06,3.2715487760587263e-06,3.271548776058727e-06,3.271548776058726e-06,3.271548776058727e-06,3.271548776058726e-06,3.271548776058726e-06,3.271548776058726e-06,3.2715487760587267e-06,3.271548776058727e-06,3.271548776058726e-06,3.271548776058727e-06,3.271548776058726e-06,3.271548776058727e-06,3.2715487760587263e-06,3.271548776058727e-06,3.271548776058726e-06,3.271548776058726e-06,3.271548776058727e-06,3.2715487760587263e-06,3.2715487760587263e-06,3.2715487760587263e-06,3.271548776058726e-06,3.2715487760587263e-06,3.2715487760587263e-06,3.2715487760587263e-06,3.2715487760587263e-06,3.2715487760587263e-06,3.2715487760587263e-06,3.2715487760587263e-06,3.271548776058726e-06,3.2715487760587263e-06,3.2715487760587263e-06,3.2715487760587263e-06,3.2715487760587263e-06,3.2715487760587263e-06,3.2715487760587267e-06,3.271548776058726e-06,3.2715487760587263e-06,3.271548776058726e-06,3.271548776058726e-06,3.271548776058726e-06,3.271548776058726e-06,3.271548776058727e-06,3.271548776058726e-06,3.271548776058726e-06,3.2715487760587267e-06,3.271548776058726e-06,3.271548776058726e-06,3.271548776058726e-06,3.2715487760587263e-06,3.271548776058727e-06,3.2715487760587267e-06,3.271548776058727e-06,3.2715487760587263e-06,3.2715487760587263e-06,3.271548776058727e-06,3.2715487760587263e-06,3.2715487760587263e-06,3.2715487760587263e-06,3.2715487760587267e-06,3.2715487760587267e-06,3.2715487760587267e-06,3.2715487760587267e-06,3.2715487760587267e-06,3.2715487760587267e-06,3.2715487760587267e-06,3.2715487760587267e-06,3.2715487760587267e-06,3.2715487760587267e-06,3.2715487760587267e-06,3.2715487760587267e-06,3.2715487760587267e-06,3.2715487760587263e-06,3.2715487760587263e-06,3.2715487760587267e-06,3.271548776058727e-06,3.2715487760587267e-06,3.2715487760587263e-06,3.2715487760587263e-06,3.271548776058726e-06,3.2715487760587267e-06,3.2715487760587263e-06,3.2715487760587263e-06,3.2715487760587263e-06,3.2715487760587263e-06,3.2715487760587267e-06,3.271548776058726e-06,3.271548776058726e-06,3.2715487760587267e-06,3.2715487760587263e-06,3.2715487760587263e-06,3.271548776058726e-06,3.271548776058726e-06,3.271548776058726e-06,3.271548776058726e-06,3.271548776058726e-06,3.2715487760587263e-06,3.271548776058726e-06,3.271548776058726e-06,3.271548776058726e-06,3.271548776058726e-06,3.2715487760587263e-06,3.2715487760587263e-06,3.2715487760587263e-06,3.271548776058726e-06,3.271548776058726e-06,3.271548776058726e-06,3.2715487760587263e-06,3.2715487760587276e-06,3.2715487760587276e-06,3.2715487760587276e-06,3.271548776058727e-06,3.2715487760587276e-06,3.2715487760587276e-06,3.271548776058727e-06,3.271548776058727e-06,3.271548776058727e-06,3.2715487760587276e-06,3.271548776058728e-06,3.271548776058727e-06,3.271548776058727e-06,3.271548776058727e-06,3.271548776058727e-06,3.271548776058727e-06,3.271548776058727e-06,3.271548776058727e-06,3.2715487760587276e-06,3.271548776058728e-06,3.271548776058727e-06,3.271548776058728e-06,3.271548776058727e-06,3.271548776058727e-06,3.2715487760587276e-06,3.271548776058727e-06,3.271548776058727e-06,3.271548776058727e-06,3.271548776058728e-06,3.2715487760587276e-06,3.2715487760587276e-06,3.271548776058728e-06,3.271548776058727e-06,3.2715487760587276e-06,3.2715487760587276e-06,3.2715487760587276e-06,3.2715487760587276e-06,3.2715487760587276e-06,3.271548776058728e-06,3.271548776058727e-06,3.2715487760587276e-06,3.271548776058728e-06,3.2715487760587276e-06,3.271548776058728e-06,3.2715487760587267e-06,3.2715487760587263e-06,3.2715487760587263e-06,3.2715487760587263e-06,3.2715487760587263e-06,3.2715487760587263e-06,3.2715487760587263e-06,3.2715487760587267e-06,3.2715487760587267e-06,3.2715487760587267e-06,3.2715487760587263e-06,3.271548776058726e-06,3.271548776058726e-06,3.271548776058726e-06,3.2715487760587276e-06,3.271548776058727e-06,3.271548776058727e-06,3.2715487760587276e-06,3.2715487760587276e-06,3.271548776058727e-06,3.2715487760587276e-06,3.2715487760587276e-06,3.271548776058727e-06,3.271548776058727e-06,3.2715487760587267e-06,3.2715487760587267e-06,3.271548776058727e-06,3.271548776058727e-06,3.271548776058727e-06,3.271548776058727e-06,3.2715487760587276e-06,3.271548776058727e-06,3.2715487760587263e-06,3.2715487760587263e-06,3.271548776058727e-06,3.271548776058727e-06,3.271548776058727e-06,3.2715487760587263e-06,3.2715487760587263e-06,3.2715487760587263e-06,3.2715487760587263e-06,3.2715487760587263e-06,3.2715487760587263e-06,3.271548776058726e-06,3.2715487760587255e-06,3.2715487760587255e-06,3.2715487760587255e-06,3.2715487760587255e-06,3.2715487760587255e-06,3.2715487760587255e-06,3.2715487760587255e-06,3.2715487760587255e-06,3.2715487760587255e-06,3.2715487760587255e-06,3.2715487760587255e-06,3.2715487760587255e-06,3.2715487760587255e-06,3.2715487760587255e-06,3.2715487760587255e-06,3.2715487760587255e-06,3.2715487760587255e-06,3.271548776058726e-06,3.271548776058726e-06,3.271548776058725e-06,3.271548776058725e-06,3.271548776058726e-06,3.271548776058726e-06,3.271548776058726e-06,3.271548776058726e-06,3.2715487760587263e-06,3.2715487760587263e-06,3.271548776058726e-06,3.271548776058726e-06,3.271548776058726e-06,3.271548776058726e-06,3.271548776058726e-06,3.2715487760587263e-06,3.2715487760587263e-06,3.2715487760587255e-06,3.2715487760587255e-06,3.2715487760587263e-06,3.2715487760587255e-06,3.2715487760587255e-06,3.2715487760587263e-06,3.271548776058726e-06,3.271548776058726e-06,3.271548776058725e-06,3.271548776058725e-06,3.271548776058725e-06,3.271548776058725e-06,3.2715487760587263e-06,3.271548776058726e-06,3.271548776058726e-06,3.2715487760587267e-06,3.2715487760587267e-06,3.271548776058725e-06,3.271548776058725e-06,3.271548776058725e-06,3.2715487760587263e-06,3.271548776058726e-06,3.271548776058726e-06,3.2715487760587267e-06,3.271548776058726e-06,3.2715487760587263e-06,3.2715487760587255e-06,3.2715487760587255e-06,3.271548776058726e-06,3.2715487760587255e-06,3.2715487760587263e-06,3.2715487760587255e-06,3.2715487760587255e-06,3.2715487760587263e-06,3.271548776058726e-06,3.2715487760587255e-06,3.2715487760587255e-06,3.2715487760587255e-06,3.271548776058726e-06
7,6.094433809281399e-24,1.6343530142413626e-23,2.942491922451325e-23,4.443712270364337e-23,6.076558991897769e-23,7.799137291251974e-23,9.582886888095722e-23,1.14083378316385e-22,1.3262217178499166e-22,1.513547657370785e-22,1.7021947624519259e-22,1.891742524954713e-22,2.0819042784784296e-22,2.272484598445634e-22,2.4633502611322666e-22,2.654410446023908e-22,2.845603239479445e-22,3.0368864340859355e-22,3.2282312564474737e-22,3.4196180913293485e-22,3.6110335667460485e-22,3.802468566824176e-22,3.9939168771427043e-22,4.185374261242115e-22,4.376837831067476e-22,4.568305617790519e-22,4.759776279232902e-22,4.9512489004124965e-22,5.1427228575729235e-22,5.3341977254905495e-22,5.525673214284362e-22,5.717149126338332e-22,5.90862532693479e-22,6.100101724234783e-22,6.291578255630382e-22,6.483054878440872e-22,6.674531563570198e-22,6.866008291183166e-22,7.057485047757836e-22,7.248961824076115e-22,7.440438613853893e-22,7.631915412807204e-22,7.823392218015604e-22,8.0148690274881875e-22,8.206345839867725e-22,8.397822654228982e-22,8.589299469941203e-22,8.780776286574394e-22,8.972253103835421e-22,9.163729921524454e-22,9.355206739505268e-22,9.546683557684992e-22,9.738160376000312e-22,9.929637194408073e-22,1.0121114012878845e-21,1.031259083139258e-21,1.05040676499356e-21,1.0695544468498583e-21,1.0887021287075175e-21,1.1078498105661045e-21,1.126997492425324e-21,1.1461451742849745e-21,1.1652928561449196e-21,1.184440538005065e-21,1.2035882198653473e-21,1.2227359017257223e-21,1.241883583586161e-21,1.2610312654466428e-21,1.2801789473071544e-21,1.2993266291676857e-21,1.3184743110282306e-21,1.3376219928887852e-21,1.3567696747493463e-21,1.3759173566099113e-21,1.3950650384704795e-21,1.4142127203310496e-21,1.4333604021916211e-21,1.4525080840521933e-21,1.471655765912766e-21,1.4908034477733394e-21,1.5099511296339125e-21,1.5290988114944856e-21,1.5482464933550595e-21,1.567394175215633e-21,1.5865418570762062e-21,1.60568953893678e-21,1.6248372207973542e-21,1.6439849026579285e-21,1.6631325845185025e-21,1.6822802663790765e-21,1.7014279482396503e-21,1.7205756301002244e-21,1.7397233119607988e-21,1.7588709938213724e-21,1.7780186756819464e-21,1.7971663575425205e-21,1.8163140394030952e-21,1.8354617212636693e-21,1.8546094031242437e-21,1.8737570849848184e-21,1.8929047668453925e-21,1.912052448705967e-21,1.9312001305665413e-21,1.9503478124271157e-21,1.96949549428769e-21,1.988643176148264e-21,2.007790858008839e-21,2.0269385398694144e-21,2.0460862217299896e-21,2.0652339035905647e-21,2.0843815854511402e-21,2.1035292673117158e-21,2.122676949172291e-21,2.141824631032866e-21,2.1609723128934416e-21,2.1801199947540164e-21,2.199267676614592e-21,2.2184153584751663e-21,2.237563040335742e-21,2.2567107221963174e-21,2.2758584040568925e-21,2.2950060859174684e-21,2.3141537677780443e-21,2.333301449638619e-21,2.3524491314991946e-21,2.3715968133597694e-21,2.390744495220345e-21,2.40989217708092e-21,2.429039858941495e-21,2.4481875408020697e-21,2.467335222662645e-21,2.4864829045232203e-21,2.5056305863837955e-21,2.524778268244371e-21,2.5439259501049466e-21,2.563073631965522e-21,2.582221313826097e-21,2.6013689956866724e-21,2.620516677547248e-21,2.639664359407823e-21,2.6588120412683986e-21,2.6779597231289745e-21,2.6971074049895493e-21,2.7162550868501237e-21,2.735402768710698e-21,2.7545504505712725e-21,2.773698132431847e-21,2.7928458142924213e-21,2.811993496152995e-21,2.8311411780135693e-21,2.8502888598741437e-21,2.869436541734718e-21,2.8885842235952925e-21,2.907731905455867e-21,2.9268795873164413e-21,2.946027269177015e-21,2.9651749510375894e-21,2.9843226328981638e-21,3.0034703147587382e-21,3.0226179966193133e-21,3.0417656784798874e-21,3.0609133603404614e-21,3.0800610422010354e-21,3.09920872406161e-21,3.1183564059221842e-21,3.1375040877827594e-21,3.1566517696433338e-21,3.175799451503908e-21,3.1949471333644826e-21,3.2140948152250574e-21,3.2332424970856318e-21,3.252390178946207e-21,3.271537860806781e-21,3.2906855426673553e-21,3.3098332245279297e-21,3.328980906388505e-21,3.3481285882490793e-21,3.3672762701096537e-21,3.3864239519702285e-21,3.4055716338308025e-21,3.424719315691377e-21,3.443866997551951e-21,3.463014679412526e-21,3.4821623612731e-21,3.501310043133675e-21,3.520457724994249e-21,3.539605406854824e-21,3.558753088715398e-21,3.5779007705759725e-21,3.597048452436548e-21,3.616196134297121e-21,3.635343816157696e-21,3.65449149801827e-21,3.673639179878845e-21,3.692786861739418e-21,3.711934543599992e-21,3.7310822254605654e-21,3.75022990732114e-21,3.7693775891817135e-21,3.7885252710422875e-21,3.8076729529028615e-21,3.826820634763435e-21,3.845968316624009e-21,3.865115998484582e-21,3.884263680345156e-21,3.90341136220573e-21,3.922559044066304e-21,3.941706725926878e-21,3.960854407787454e-21,3.980002089648028e-21,3.9991497715086025e-21,4.018297453369176e-21,4.03744513522975e-21,4.056592817090324e-21,4.075740498950896e-21,4.0948881808114704e-21,4.114035862672044e-21,4.133183544532617e-21,4.152331226393191e-21,4.171478908253764e-21,4.1906265901143375e-21,4.2097742719749115e-21,4.2289219538354856e-21,4.2480696356960596e-21,4.2672173175566336e-21,4.2863649994172084e-21,4.305512681277782e-21,4.324660363138355e-21,4.343808044998929e-21,4.3629557268595015e-21,4.382103408720074e-21,4.4012510905806465e-21,4.42039877244122e-21,4.4395464543017916e-21,4.458694136162364e-21,4.477841818022936e-21,4.496989499883508e-21,4.5161371817440794e-21,4.535284863604651e-21,4.5544325454652214e-21,4.5735802273257924e-21,4.5927279091863634e-21,4.611875591046934e-21,4.631023272907505e-21,4.650170954768074e-21,4.6693186366286445e-21,4.688466318489214e-21,4.7076140003497835e-21,4.726761682210352e-21,4.745909364070922e-21,4.7650570459314905e-21,4.7842047277920586e-21,4.803352409652627e-21,4.822500091513195e-21,4.841647773373764e-21,4.860795455234333e-21,4.8799431370949016e-21,4.89909081895547e-21,4.918238500816039e-21,4.937386182676607e-21,4.956533864537175e-21,4.9756815463977424e-21,4.9948292282583104e-21,5.013976910118879e-21,5.033124591979448e-21,5.0522722738400144e-21,5.071419955700583e-21,5.0905676375611504e-21,5.109715319421718e-21,5.128863001282287e-21,5.148010683142855e-21,5.167158365003422e-21,5.18630604686399e-21,5.205453728724557e-21,5.224601410585125e-21,5.243749092445692e-21,5.262896774306261e-21,5.2820444561668275e-21,5.3011921380273955e-21,5.320339819887963e-21,5.339487501748531e-21,5.358635183609098e-21,5.377782865469666e-21,5.396930547330233e-21,5.416078229190801e-21,5.4352259110513685e-21,5.4543735929119365e-21,5.4735212747725045e-21,5.492668956633072e-21,5.51181663849364e-21,5.530964320354206e-21,5.550112002214774e-21,5.569259684075342e-21,5.58840736593591e-21,5.607555047796477e-21,5.6267027296570456e-21,5.645850411517612e-21,5.66499809337818e-21,5.684145775238748e-21,5.703293457099315e-21,5.7224411389598826e-21,5.741588820820451e-21,5.7607365026810186e-21,5.779884184541586e-21,5.799031866402154e-21,5.818179548262722e-21,5.837327230123291e-21,5.856474911983857e-21,5.8756225938444244e-21,5.894770275704992e-21,5.91391795756556e-21,5.933065639426127e-21,5.952213321286696e-21,5.9713610031472614e-21,5.99050868500783e-21,6.009656366868397e-21,6.028804048728964e-21,6.047951730589531e-21,6.0670994124500984e-21,6.086247094310667e-21,6.1053947761712344e-21,6.1245424580318024e-21,6.14369013989237e-21,6.1628378217529385e-21,6.181985503613504e-21,6.2011331854740745e-21,6.22028086733464e-21,6.239428549195208e-21,6.2585762310557755e-21,6.277723912916343e-21,6.29687159477691e-21,6.316019276637479e-21,6.335166958498045e-21,6.354314640358614e-21,6.373462322219181e-21,6.3926100040797485e-21,6.411757685940319e-21,6.430905367800886e-21,6.450053049661455e-21,6.4692007315220205e-21,6.488348413382588e-21,6.507496095243156e-21,6.526643777103723e-21,6.545791458964292e-21,6.5649391408248606e-21,6.5840868226854256e-21,6.603234504545993e-21,6.62238218640656e-21,6.641529868267127e-21,6.6606775501276946e-21,6.679825231988263e-21,6.698972913848831e-21,6.718120595709399e-21,6.737268277569967e-21,6.756415959430533e-21,6.775563641291102e-21,6.794711323151668e-21,6.813859005012236e-21,6.833006686872806e-21,6.852154368733371e-21,6.871302050593937e-21,6.890449732454507e-21,6.909597414315072e-21,6.928745096175641e-21,6.94789277803621e-21,6.967040459896777e-21,6.986188141757345e-21,7.005335823617912e-21,7.024483505478481e-21,7.04363118733905e-21,7.062778869199619e-21,7.081926551060185e-21,7.101074232920755e-21,7.120221914781323e-21,7.139369596641891e-21,7.158517278502459e-21,7.177664960363028e-21,7.196812642223597e-21,7.215960324084165e-21,7.235108005944731e-21,7.254255687805302e-21,7.273403369665869e-21,7.292551051526438e-21,7.311698733387006e-21,7.330846415247577e-21,7.349994097108147e-21,7.369141778968713e-21,7.388289460829283e-21,7.40743714268985e-21,7.42658482455042e-21,7.445732506410988e-21,7.464880188271556e-21,7.484027870132123e-21,7.503175551992692e-21,7.52232323385326e-21,7.541470915713828e-21,7.560618597574395e-21,7.579766279434963e-21,7.59891396129553e-21,7.6180616431561e-21,7.637209325016667e-21,7.656357006877233e-21,7.675504688737803e-21,7.694652370598368e-21,7.713800052458937e-21,7.732947734319504e-21,7.752095416180072e-21,7.771243098040641e-21,7.790390779901208e-21,7.809538461761776e-21,7.828686143622344e-21,7.847833825482913e-21,7.866981507343481e-21,7.886129189204048e-21,7.905276871064616e-21,7.924424552925184e-21,7.943572234785752e-21,7.962719916646317e-21,7.981867598506885e-21,8.001015280367453e-21,8.02016296222802e-21,8.039310644088587e-21,8.058458325949154e-21,8.077606007809725e-21,8.096753689670291e-21,8.11590137153086e-21,8.135049053391426e-21,8.154196735251992e-21,8.17334441711256e-21,8.192492098973128e-21,8.211639780833696e-21,8.230787462694264e-21,8.24993514455483e-21,8.269082826415396e-21,8.288230508275964e-21,8.307378190136532e-21,8.3265258719971e-21,8.345673553857666e-21,8.364821235718234e-21,8.383968917578802e-21,8.403116599439372e-21,8.422264281299938e-21,8.441411963160505e-21,8.460559645021073e-21,8.479707326881641e-21,8.49885500874221e-21,8.518002690602775e-21,8.537150372463343e-21,8.556298054323913e-21,8.575445736184478e-21,8.594593418045047e-21,8.613741099905614e-21,8.632888781766183e-21,8.652036463626751e-21,8.671184145487318e-21,8.690331827347886e-21,8.709479509208454e-21,8.728627191069023e-21,8.74777487292959e-21,8.766922554790158e-21,8.786070236650724e-21,8.805217918511294e-21,8.82436560037186e-21,8.84351328223243e-21,8.862660964092997e-21,8.881808645953566e-21,8.900956327814134e-21,8.920104009674699e-21,8.939251691535267e-21,8.958399373395835e-21,8.977547055256402e-21,8.99669473711697e-21,9.015842418977538e-21,9.034990100838104e-21,9.054137782698672e-21,9.07328546455924e-21,9.092433146419808e-21,9.111580828280375e-21,9.130728510140943e-21,9.149876192001509e-21,9.16902387386208e-21,9.188171555722647e-21,9.207319237583215e-21,9.226466919443783e-21,9.245614601304349e-21,9.264762283164919e-21,9.283909965025485e-21,9.303057646886053e-21,9.32220532874662e-21,9.341353010607186e-21,9.360500692467754e-21,9.379648374328322e-21,9.39879605618889e-21,9.41794373804946e-21,9.437091419910026e-21,9.456239101770594e-21,9.475386783631162e-21,9.49453446549173e-21,9.513682147352297e-21,9.532829829212865e-21,9.551977511073431e-21,9.571125192933999e-21,9.590272874794567e-21,9.609420556655135e-21,9.628568238515705e-21,9.647715920376271e-21,9.66686360223684e-21,9.686011284097406e-21,9.705158965957975e-21,9.724306647818542e-21,9.743454329679111e-21,9.762602011539678e-21,9.781749693400247e-21,9.800897375260815e-21,9.820045057121383e-21,9.83919273898195e-21,9.858340420842518e-21,9.877488102703086e-21,9.896635784563652e-21,9.915783466424222e-21,9.934931148284788e-21,9.954078830145353e-21,9.973226512005921e-21,9.992374193866488e-21,1.0011521875727053e-20,1.003066955758762e-20,1.0049817239448186e-20,1.0068964921308754e-20,1.0088112603169319e-20,1.0107260285029885e-20,1.0126407966890455e-20,1.014555564875102e-20,1.0164703330611586e-20,1.0183851012472153e-20,1.0202998694332721e-20,1.0222146376193286e-20,1.0241294058053851e-20,1.0260441739914417e-20,1.0279589421774981e-20,1.0298737103635547e-20,1.0317884785496114e-20,1.033703246735668e-20,1.0356180149217247e-20,1.0375327831077813e-20,1.039447551293838e-20,1.0413623194798945e-20,1.0432770876659508e-20,1.0451918558520072e-20,1.0471066240380638e-20,1.0490213922241202e-20,1.0509361604101767e-20,1.0528509285962333e-20,1.0547656967822901e-20,1.0566804649683468e-20,1.0585952331544033e-20,1.0605100013404601e-20,1.0624247695265167e-20,1.0643395377125732e-20,1.0662543058986299e-20,1.0681690740846867e-20,1.0700838422707433e-20,1.0719986104567998e-20,1.0739133786428565e-20,1.0758281468289131e-20,1.0777429150149695e-20,1.079657683201026e-20,1.0815724513870828e-20,1.0834872195731394e-20,1.085401987759196e-20,1.0873167559452526e-20,1.0892315241313094e-20,1.091146292317366e-20,1.0930610605034225e-20,1.0949758286894792e-20,1.096890596875536e-20,1.0988053650615926e-20,1.100720133247649e-20,1.1026349014337055e-20,1.1045496696197621e-20,1.1064644378058185e-20,1.1083792059918748e-20,1.1102939741779316e-20,1.1122087423639883e-20,1.1141235105500446e-20,1.1160382787361011e-20,1.1179530469221581e-20,1.1198678151082146e-20,1.1217825832942711e-20,1.1236973514803274e-20,1.1256121196663841e-20,1.1275268878524407e-20,1.1294416560384974e-20,1.131356424224554e-20,1.1332711924106107e-20,1.1351859605966673e-20,1.1371007287827238e-20,1.1390154969687808e-20,1.1409302651548373e-20,1.1428450333408938e-20,1.1447598015269506e-20,1.1466745697130071e-20,1.1485893378990637e-20,1.15050410608512e-20,1.1524188742711767e-20,1.1543336424572332e-20,1.1562484106432894e-20,1.158163178829346e-20,1.1600779470154024e-20,1.161992715201459e-20,1.1639074833875151e-20,1.165822251573572e-20,1.1677370197596281e-20,1.1696517879456846e-20,1.1715665561317408e-20,1.1734813243177976e-20,1.1753960925038541e-20,1.1773108606899106e-20,1.1792256288759673e-20,1.1811403970620241e-20,1.1830551652480806e-20,1.1849699334341371e-20,1.1868847016201937e-20,1.1887994698062502e-20,1.1907142379923067e-20,1.1926290061783635e-20,1.1945437743644203e-20,1.1964585425504767e-20,1.1983733107365335e-20,1.20028807892259e-20,1.2022028471086468e-20,1.2041176152947033e-20,1.2060323834807595e-20,1.2079471516668164e-20,1.209861919852873e-20,1.2117766880389294e-20,1.2136914562249862e-20,1.2156062244110429e-20,1.2175209925970994e-20,1.2194357607831562e-20,1.2213505289692127e-20,1.2232652971552696e-20,1.2251800653413261e-20,1.2270948335273823e-20,1.2290096017134391e-20,1.2309243698994956e-20,1.2328391380855523e-20,1.2347539062716088e-20,1.2366686744576653e-20,1.2385834426437221e-20,1.2404982108297783e-20,1.2424129790158351e-20,1.2443277472018917e-20,1.2462425153879482e-20,1.2481572835740047e-20,1.2500720517600612e-20,1.2519868199461177e-20,1.2539015881321742e-20,1.2558163563182307e-20,1.2577311245042874e-20,1.2596458926903437e-20,1.2615606608764004e-20,1.2634754290624569e-20,1.2653901972485134e-20,1.2673049654345694e-20,1.2692197336206259e-20,1.2711345018066824e-20,1.2730492699927386e-20,1.2749640381787945e-20,1.2768788063648509e-20,1.2787935745509074e-20,1.2807083427369639e-20,1.28262311092302e-20,1.2845378791090767e-20,1.2864526472951332e-20,1.2883674154811897e-20,1.290282183667246e-20,1.292196951853303e-20,1.2941117200393595e-20,1.2960264882254157e-20,1.2979412564114722e-20,1.2998560245975287e-20,1.3017707927835854e-20,1.3036855609696417e-20,1.3056003291556987e-20,1.3075150973417552e-20,1.3094298655278117e-20,1.3113446337138682e-20,1.3132594018999247e-20,1.3151741700859813e-20,1.3170889382720377e-20,1.3190037064580942e-20,1.3209184746441508e-20,1.3228332428302073e-20,1.3247480110162641e-20,1.3266627792023208e-20,1.3285775473883773e-20,1.330492315574434e-20,1.3324070837604906e-20,1.3343218519465472e-20,1.336236620132604e-20,1.3381513883186602e-20,1.340066156504717e-20,1.3419809246907735e-20,1.3438956928768302e-20,1.345810461062887e-20,1.3477252292489435e-20,1.3496399974350003e-20,1.3515547656210565e-20,1.353469533807113e-20,1.35538430199317e-20,1.3572990701792266e-20,1.3592138383652832e-20,1.36112860655134e-20,1.3630433747373965e-20,1.3649581429234535e-20,1.3668729111095095e-20,1.3687876792955665e-20,1.3707024474816234e-20,1.3726172156676798e-20,1.3745319838537364e-20,1.376446752039793e-20,1.3783615202258494e-20,1.3802762884119064e-20,1.3821910565979627e-20,1.3841058247840197e-20,1.3860205929700763e-20,1.3879353611561327e-20,1.3898501293421896e-20,1.3917648975282466e-20,1.393679665714303e-20,1.3955944339003596e-20,1.3975092020864165e-20,1.399423970272473e-20,1.4013387384585295e-20,1.4032535066445856e-20,1.4051682748306425e-20,1.4070830430166986e-20,1.4089978112027552e-20,1.410912579388812e-20,1.4128273475748685e-20,1.414742115760925e-20,1.4166568839469815e-20,1.4185716521330382e-20,1.4204864203190948e-20,1.4224011885051512e-20,1.4243159566912078e-20,1.4262307248772642e-20,1.4281454930633208e-20,1.4300602612493772e-20,1.4319750294354338e-20,1.4338897976214908e-20,1.435804565807547e-20,1.4377193339936035e-20,1.43963410217966e-20,1.4415488703657165e-20,1.443463638551773e-20,1.4453784067378292e-20,1.447293174923886e-20,1.4492079431099428e-20,1.451122711295999e-20,1.4530374794820558e-20,1.454952247668112e-20,1.4568670158541688e-20,1.4587817840402254e-20,1.460696552226282e-20,1.462611320412339e-20,1.464526088598395e-20,1.4664408567844517e-20,1.4683556249705084e-20,1.4702703931565647e-20,1.4721851613426214e-20,1.4740999295286777e-20,1.4760146977147347e-20,1.4779294659007913e-20,1.4798442340868477e-20,1.4817590022729043e-20,1.4836737704589607e-20,1.4855885386450176e-20,1.487503306831074e-20,1.489418075017131e-20,1.491332843203188e-20,1.4932476113892445e-20,1.495162379575301e-20,1.4970771477613578e-20,1.4989919159474142e-20,1.500906684133471e-20,1.5028214523195278e-20,1.5047362205055844e-20,1.506650988691641e-20,1.5085657568776974e-20,1.510480525063754e-20,1.512395293249811e-20,1.5143100614358674e-20,1.516224829621924e-20,1.518139597807981e-20,1.5200543659940376e-20,1.5219691341800943e-20,1.5238839023661506e-20,1.5257986705522073e-20,1.527713438738264e-20,1.5296282069243206e-20,1.5315429751103772e-20,1.5334577432964336e-20,1.53537251148249e-20,1.537287279668547e-20,1.5392020478546035e-20,1.5411168160406602e-20,1.5430315842267168e-20,1.544946352412773e-20,1.5468611205988298e-20,1.548775888784886e-20,1.5506906569709428e-20,1.5526054251569995e-20,1.5545201933430558e-20,1.5564349615291125e-20,1.5583497297151685e-20,1.5602644979012258e-20,1.562179266087282e-20,1.5640940342733388e-20,1.5660088024593948e-20,1.5679235706454515e-20,1.569838338831508e-20,1.5717531070175645e-20,1.573667875203621e-20,1.5755826433896775e-20,1.577497411575734e-20,1.5794121797617902e-20,1.581326947947847e-20,1.5832417161339032e-20,1.5851564843199598e-20,1.5870712525060165e-20,1.588986020692073e-20,1.59090078887813e-20,1.5928155570641864e-20,1.594730325250243e-20,1.5966450934362997e-20,1.598559861622356e-20,1.600474629808413e-20,1.6023893979944697e-20,1.604304166180526e-20,1.606218934366583e-20,1.608133702552639e-20,1.610048470738696e-20,1.6119632389247523e-20,1.613878007110809e-20,1.6157927752968656e-20,1.617707543482922e-20,1.6196223116689786e-20,1.621537079855035e-20,1.6234518480410916e-20,1.625366616227148e-20,1.627281384413204e-20,1.6291961525992607e-20,1.631110920785317e-20,1.6330256889713737e-20,1.63494045715743e-20,1.636855225343487e-20,1.6387699935295436e-20,1.6406847617156e-20,1.6425995299016566e-20,1.6445142980877136e-20,1.64642906627377e-20,1.648343834459827e-20,1.6502586026458832e-20,1.65217337083194e-20,1.6540881390179965e-20,1.6560029072040526e-20,1.6579176753901095e-20,1.659832443576166e-20,1.6617472117622225e-20,1.663661979948279e-20,1.6655767481343355e-20,1.6674915163203922e-20,1.6694062845064482e-20,1.6713210526925052e-20,1.673235820878562e-20,1.6751505890646185e-20,1.677065357250675e-20,1.6789801254367315e-20,1.6808948936227884e-20,1.6828096618088445e-20,1.684724429994901e-20,1.6866391981809578e-20,1.688553966367014e-20,1.690468734553071e-20,1.692383502739127e-20,1.694298270925184e-20,1.6962130391112404e-20,1.698127807297297e-20,1.700042575483354e-20,1.70195734366941e-20,1.703872111855467e-20,1.705786880041523e-20,1.70770164822758e-20,1.709616416413636e-20,1.7115311845996927e-20,1.713445952785749e-20,1.7153607209718057e-20,1.717275489157862e-20,1.7191902573439184e-20,1.721105025529975e-20,1.7230197937160314e-20,1.724934561902088e-20,1.7268493300881444e-20,1.7287640982742007e-20,1.730678866460257e-20,1.7325936346463137e-20,1.7345084028323704e-20,1.7364231710184267e-20,1.7383379392044828e-20,1.740252707390539e-20,1.7421674755765958e-20,1.7440822437626524e-20,1.745997011948709e-20,1.7479117801347657e-20,1.7498265483208224e-20,1.7517413165068793e-20,1.7536560846929357e-20,1.7555708528789923e-20,1.7574856210650487e-20,1.7594003892511053e-20,1.761315157437162e-20,1.763229925623219e-20,1.765144693809275e-20,1.7670594619953316e-20,1.7689742301813883e-20,1.770888998367445e-20,1.7728037665535016e-20,1.774718534739558e-20,1.776633302925615e-20,1.7785480711116712e-20,1.780462839297728e-20,1.7823776074837845e-20,1.784292375669841e-20,1.7862071438558975e-20,1.788121912041954e-20,1.7900366802280105e-20,1.7919514484140675e-20,1.7938662166001238e-20,1.7957809847861808e-20,1.797695752972237e-20,1.7996105211582938e-20,1.80152528934435e-20,1.8034400575304065e-20,1.8053548257164637e-20,1.8072695939025198e-20,1.8091843620885764e-20,1.811099130274633e-20,1.8130138984606897e-20,1.8149286666467464e-20,1.8168434348328027e-20,1.8187582030188594e-20,1.8206729712049154e-20,1.822587739390972e-20,1.8245025075770284e-20,1.826417275763085e-20,1.8283320439491414e-20,1.830246812135198e-20,1.8321615803212547e-20,1.8340763485073117e-20,1.835991116693368e-20,1.8379058848794247e-20,1.839820653065481e-20,1.8417354212515377e-20,1.843650189437594e-20,1.8455649576236504e-20,1.847479725809707e-20,1.8493944939957634e-20,1.85130926218182e-20,1.853224030367877e-20,1.8551387985539336e-20,1.85705356673999e-20,1.8589683349260463e-20,1.8608831031121033e-20,1.8627978712981596e-20,1.864712639484216e-20,1.8666274076702723e-20,1.868542175856329e-20,1.8704569440423853e-20,1.872371712228442e-20,1.8742864804144983e-20,1.876201248600555e-20,1.8781160167866116e-20,1.8800307849726683e-20,1.881945553158725e-20,1.8838603213447813e-20,1.8857750895308376e-20,1.8876898577168943e-20,1.889604625902951e-20,1.8915193940890076e-20,1.8934341622750642e-20,1.8953489304611206e-20,1.8972636986471775e-20,1.8991784668332342e-20,1.9010932350192905e-20,1.9030080032053472e-20,1.9049227713914032e-20,1.90683753957746e-20,1.9087523077635162e-20,1.9106670759495732e-20,7.462242511747918e-17,1.4922630819911487e-16,2.2383067551984357e-16,2.984355156376389e-16,3.730408083175266e-16,4.476465397874011e-16,5.222527189329589e-16,5.968593388382614e-16,6.714663417286576e-16,7.460737790690982e-16,8.206816478465786e-16,8.95289893148943e-16,9.698985685266132e-16,1.044507672628264e-15,1.1191171513416805e-15,1.1937270404554322e-15,1.2683373582244221e-15,1.3429481034809677e-15,1.4175592229884162e-15,1.4921707709219632e-15,1.566782745888677e-15,1.641395095410167e-15,1.7160078549388519e-15,1.790621042518532e-15,1.865234622118111e-15,1.9398486301498915e-15,2.0144630299123057e-15,2.0890778398145577e-15,2.1636930782896834e-15,2.2383087446942143e-15,2.312924785190971e-15,2.387541254254884e-15,2.4621581153353007e-15,2.536775404992157e-15,2.6113930868118264e-15,2.6860111977662313e-15,2.7606297004855965e-15,2.8352486137286603e-15,2.9098679561333506e-15,2.9844876905430394e-15,3.0591078356157995e-15,3.1337284097577594e-15,3.208349376282741e-15,3.282970772312666e-15,3.357592560482102e-15,3.4322147776905207e-15,3.5068373877326292e-15,3.581460426622639e-15,3.65608389411829e-15,3.730707737356535e-15,3.805332009624058e-15,3.879956675277436e-15,3.95458175223283e-15,4.0292072588561315e-15,4.1038331942123915e-15,4.178459505409042e-15,4.253086246092316e-15,4.327713380436264e-15,4.402340944453038e-15,4.476968902196512e-15,4.551597291134725e-15,4.626226108603695e-15,4.700855301953619e-15,4.7754849251889834e-15,4.850114978413275e-15,4.9247454079971195e-15,4.999376268559258e-15,5.074007558662291e-15,5.1486392251028976e-15,5.223271323064367e-15,5.297903849921472e-15,5.372536753943107e-15,5.4471700706579105e-15,5.5218038181831106e-15,5.596437996473487e-15,5.671072551713319e-15,5.745707538006007e-15,5.8203429544908626e-15,5.894978748981697e-15,5.96961497567153e-15,6.0442516320323006e-15,6.1188886665481795e-15,6.193526134936344e-15,6.268163996572125e-15,6.342802289657626e-15,6.417440978782498e-15,6.492080081788881e-15,6.566719598760988e-15,6.641359548132835e-15,6.715999928537278e-15,6.790640687991083e-15,6.865281879260612e-15,6.939923502947515e-15,7.014565505766636e-15,7.0892079410963986e-15,7.163850773320627e-15,7.238494038354528e-15,7.313137700394523e-15,7.387781794366581e-15,7.462426322050998e-15,7.537071229585697e-15,7.611716552487385e-15,7.686362309210483e-15,7.761008463197374e-15,7.835655051030389e-15,7.910302072995832e-15,7.984949526336154e-15,8.05959734380683e-15,8.134245595464924e-15,8.208894281110405e-15,8.283543399280428e-15,8.35819288204334e-15,8.432842799283403e-15,8.50749315062716e-15,8.582143883583803e-15,8.656795051353777e-15,8.731446618373286e-15,8.806098620278584e-15,8.880751021850156e-15,8.955403859018204e-15,9.030057095630185e-15,9.104710768161228e-15,9.17936484033099e-15,9.25401934811288e-15,9.328674290022405e-15,9.403329616454922e-15,9.477985381049973e-15,9.552641544318881e-15,9.627298126206434e-15,9.701955144546932e-15,9.77661256407379e-15,9.851270402609978e-15,9.92592867828962e-15,1.0000587355271233e-14,1.0075246467396296e-14,1.0149905983373637e-14,1.022456591905805e-14,1.0299226292621451e-14,1.0373887102899562e-14,1.0448548298551066e-14,1.0523209914464562e-14,1.0597871968646111e-14,1.0672534425557037e-14,1.0747197320975276e-14,1.0821860654374878e-14,1.089652437385873e-14,1.09711885324999e-14,1.1045853129803824e-14,1.1120518113210805e-14,1.119518351822592e-14,1.1269849363162519e-14,1.1344515645103908e-14,1.1419182315860003e-14,1.1493849408840737e-14,1.1568516941653894e-14,1.1643184879552483e-14,1.1717853258262748e-14,1.1792522073988299e-14,1.1867191280454239e-14,1.1941860928568808e-14,1.201653098155438e-14,1.209120147517379e-14,1.2165872375320496e-14,1.2240543716927855e-14,1.2315215464908537e-14,1.2389887637042898e-14,1.2464560233506866e-14,1.2539233272144522e-14,1.2613906752472536e-14,1.2688580622935257e-14,1.2763254918407776e-14,1.2837929657123129e-14,1.2912604803125898e-14,1.2987280392173745e-14,1.3061956389406e-14,1.3136632830052341e-14,1.321130967920872e-14,1.328598697196173e-14,1.3360664673766877e-14,1.343534280215843e-14,1.3510021374585418e-14,1.3584700390742771e-14,1.3659379799983726e-14,1.3734059655317e-14,1.3808739953626671e-14,1.3883420645357313e-14,1.3958101782248199e-14,1.4032783364745622e-14,1.4107465340646558e-14,1.4182147764647322e-14,1.425683063417057e-14,1.433151389592365e-14,1.4406197605924805e-14,1.4480881760087915e-14,1.4555566309425427e-14,1.4630251288341203e-14,1.470493669703017e-14,1.4779622535686963e-14,1.4854308822446638e-14,1.4928995521629083e-14,1.5003682669308005e-14,1.5078370229810508e-14,1.5153058241035373e-14,1.5227746663656582e-14,1.530243553496196e-14,1.5377124855402165e-14,1.545181457271481e-14,1.552650473978337e-14,1.5601195321244722e-14,1.5675886351974364e-14,1.5750577798412303e-14,1.582526969513891e-14,1.5899962007376147e-14,1.5974654772827748e-14,1.6049347951706547e-14,1.6124041581878666e-14,1.619873562824811e-14,1.627343012619643e-14,1.634812504090057e-14,1.6422820406836532e-14,1.649751619074276e-14,1.657221242602697e-14,1.6646909115697346e-14,1.6721606205031284e-14,1.679630374401552e-14,1.6871001738581374e-14,1.6945700135314142e-14,1.7020398985579367e-14,1.7095098287570108e-14,1.7169797993698812e-14,1.7244498154183756e-14,1.7319198768123868e-14,1.7393899785669904e-14,1.7468601258382365e-14,1.754330315134059e-14,1.761800549893881e-14,1.769270826822346e-14,1.77674114760185e-14,1.7842115122554197e-14,1.791681920806883e-14,1.7991523750170327e-14,1.806622871432554e-14,1.814093413791279e-14,1.8215640016198425e-14,1.8290346300087435e-14,1.8365053042482437e-14,1.8439760207379122e-14,1.8514467830988436e-14,1.8589175911859053e-14,1.866388440006532e-14,1.8738593347291695e-14,1.88133027189113e-14,1.8888012545735792e-14,1.89627228017426e-14,1.903743351760745e-14,1.9112144658974836e-14,1.9186856259104844e-14,1.9261568322464805e-14,1.9336280793814665e-14,1.941099372870668e-14,1.948570712229435e-14,1.95604209257289e-14,1.963513518838212e-14,1.9709849912752972e-14,1.9784565098691422e-14,1.985928074671223e-14,1.9933996775446127e-14,2.0008713266974764e-14,2.0083430187624308e-14,2.0158147554620456e-14,2.02328653682171e-14,2.030758362867406e-14,2.0382302336252172e-14,2.045702149121367e-14,2.0531741112649183e-14,2.060646119712908e-14,2.0681181695810844e-14,2.0755902660818822e-14,2.0830624056653064e-14,2.0905345901444585e-14,2.0980068195471225e-14,2.1054790939001537e-14,2.1129514148127873e-14,2.1204237791483913e-14,2.1278961901956024e-14,2.1353686446209324e-14,2.1428411458067895e-14,2.1503136904307452e-14,2.157786281647953e-14,2.165258916579207e-14,2.1727315967056764e-14,2.1802043237887747e-14,2.187677097740864e-14,2.1951499136206323e-14,2.2026227766094076e-14,2.2100956831296103e-14,2.2175686367683963e-14,2.2250416371556396e-14,2.2325146798479866e-14,2.2399877697026567e-14,2.2474609067027338e-14,2.2549340904004622e-14,2.2624073150529647e-14,2.2698805870111e-14,2.2773539062322546e-14,2.2848272676545326e-14,2.2923006760260684e-14,2.2997741287727734e-14,2.3072476290050765e-14,2.3147211766119984e-14,2.3221947711967257e-14,2.329668406941612e-14,2.337142090227457e-14,2.344615817647376e-14,2.3520895926477804e-14,2.3595634118614936e-14,2.367037278311737e-14,2.3745111935521633e-14,2.3819851506778494e-14,2.3894591559026145e-14,2.3969332088315075e-14,2.4044073041398874e-14,2.4118814476370925e-14,2.4193556389265742e-14,2.4268298726899384e-14,2.4343041547296596e-14,2.4417784845075436e-14,2.4492528569984506e-14,2.4567272776491732e-14,2.4642017462061413e-14,2.4716762577014736e-14,2.479150817377221e-14,2.4866254216965506e-14,2.4941000742936518e-14,2.5015747753112997e-14,2.5090495191003382e-14,2.516524311105971e-14,2.52399914803089e-14,2.5314740332303706e-14,2.5389489634177392e-14,2.5464239419384464e-14,2.5538989655146243e-14,2.5613740374319734e-14,2.5688491545246896e-14,2.5763243200677226e-14,2.583799530803904e-14,2.591274790154472e-14,2.5987500946630988e-14,2.6062254475053636e-14,2.613700845916231e-14,2.6211762913258724e-14,2.628651785633069e-14,2.6361273251397732e-14,2.643602911743421e-14,2.6510785471184854e-14,2.6585542280152766e-14,2.6660299561080326e-14,2.6735057330830857e-14,2.6809815556666018e-14,2.688457425545148e-14,2.6959333444246722e-14,2.7034093089934735e-14,2.7108853225884797e-14,2.7183613854132036e-14,2.7258374922678395e-14,2.7333136466184047e-14,2.7407898502012542e-14,2.748266102987223e-14,2.755742404759739e-14,2.7632187494315148e-14,2.770695143430396e-14,2.7781715834671273e-14,2.7856480730109918e-14,2.7931246116763613e-14,2.8006011950161387e-14,2.808077827884525e-14,2.8155545102236876e-14,2.8230312371763005e-14,2.830508012069766e-14,2.8379848349382128e-14,2.8454617075213485e-14,2.852938629753995e-14,2.86041559675686e-14,2.867892613571506e-14,2.875369680139995e-14,2.882846791592945e-14,2.890323952864854e-14,2.897801164043718e-14,2.9052784202640965e-14,2.912755724810937e-14,2.920233077720364e-14,2.927710479027818e-14,2.9351879287693046e-14,2.9426654269803926e-14,2.9501429736969877e-14,2.957620568955093e-14,2.965098212790758e-14,2.9725759052391815e-14,2.9800536463381397e-14,2.9875314378562975e-14,2.995009276364064e-14,3.0024871653668664e-14,3.009965104702413e-14,3.017443089596927e-14,3.02492112505171e-14,3.0323992077204906e-14,3.0398773410136707e-14,3.047355521604107e-14,3.054833752919618e-14,3.062312031580148e-14,3.0697903610127854e-14,3.077268737890901e-14,3.084747165884047e-14,3.092225641130554e-14,3.099704167236019e-14,3.1071827435461474e-14,3.114661371447393e-14,3.1221400438771105e-14,3.1296187673518645e-14,3.1370975419445646e-14,3.144576362658554e-14,3.1520552346720236e-14,3.1595341577527554e-14,3.167013131985921e-14,3.174492150944396e-14,3.181971221140371e-14,3.189450342662133e-14,3.1969295154911654e-14,3.204408733306024e-14,3.211888002506002e-14,3.21936731998029e-14,3.22684668900944e-14,3.234326106298013e-14,3.2418055750689566e-14,3.249285092326948e-14,3.256764661190711e-14,3.2642442785749356e-14,3.271723947740068e-14,3.279203665407284e-14,3.286683434919722e-14,3.294163253026292e-14,3.3016431230671e-14,3.309123045464959e-14,3.316603014527606e-14,3.324083035607083e-14,3.331563108719709e-14,3.3390432338679596e-14,3.3465234047612496e-14,3.354003628341836e-14,3.361483904122531e-14,3.368964231601115e-14,3.3764446049649335e-14,3.383925030674248e-14,3.391405508744624e-14,3.3988860343845125e-14,3.406366612473099e-14,3.413847239832083e-14,3.42132791974779e-14,3.4288086489880725e-14,3.4362894312159613e-14,3.443770266060225e-14,3.451251153247894e-14,3.4587320867432755e-14,3.4662130731188176e-14,3.473694108987745e-14,3.481175197632517e-14,3.488656336039857e-14,3.496137527303471e-14,3.503618768415002e-14,3.511100062520374e-14,3.518581406502073e-14,3.526062803426877e-14,3.533544250445469e-14,3.541025750132613e-14,3.5485073035104846e-14,3.555988905397742e-14,3.563470560551661e-14,3.570952265895911e-14,3.578434024758451e-14,3.5859158369885404e-14,3.5933976978332794e-14,3.600879612256822e-14,3.6083615795349294e-14,3.615843596262755e-14,3.6233256650364485e-14,3.630807787552705e-14,3.6382899635052934e-14,3.6457721886755675e-14,3.653254466061068e-14,3.660736795706788e-14,3.668219179559298e-14,3.675701616989374e-14,3.683184103682321e-14,3.690666642800243e-14,3.698149234395032e-14,3.705631878508815e-14,3.7131145751855514e-14,3.720597326021772e-14,3.7280801310935655e-14,3.735562985721864e-14,3.743045893087581e-14,3.750528855075387e-14,3.758011868047673e-14,3.76549493557507e-14,3.772978054331084e-14,3.780461227671396e-14,3.78794445572635e-14,3.795427733488108e-14,3.8029110643403025e-14,3.810394449983253e-14,3.817877887149917e-14,3.8253613791843065e-14,3.8328449228435994e-14,3.840328521486343e-14,3.847812174951633e-14,3.8552958786852107e-14,3.862779635866559e-14,3.870263448111173e-14,3.877747315517359e-14,3.8852312333122644e-14,3.8927152063793875e-14,3.9001992314754825e-14,3.9076833118585e-14,3.915167444437905e-14,3.922651632393602e-14,3.930135875738538e-14,3.937620169883267e-14,3.9451045196045263e-14,3.952588921687832e-14,3.960073379546372e-14,3.9675578931455796e-14,3.975042457481132e-14,3.982527077227854e-14,3.9900117499594033e-14,3.997496478600678e-14,4.004981262922113e-14,4.012466098598089e-14,4.01995099029257e-14,4.027435934829031e-14,4.0349209355481604e-14,4.042405989130983e-14,4.0498910973073134e-14,4.057376262337106e-14,4.064861483093894e-14,4.072346755330986e-14,4.07983208438845e-14,4.087317469319145e-14,4.094802906038177e-14,4.1022883976792075e-14,4.1097739442892626e-14,4.117259545915538e-14,4.124745204221809e-14,4.132230919194853e-14,4.1397166861571816e-14,4.1472025099056116e-14,4.154688387324625e-14,4.162174320044836e-14,4.169660309515658e-14,4.177146356046688e-14,4.1846324549576256e-14,4.192118611002906e-14,4.1996048209472316e-14,4.207091087902801e-14,4.214577412044372e-14,4.2220637888998865e-14,4.2295502214889815e-14,4.2370367114648983e-14,4.244523258823065e-14,4.252009858903599e-14,4.2594965165165335e-14,4.266983228499447e-14,4.27446999650792e-14,4.2819568205899717e-14,4.289443700794406e-14,4.296930637170091e-14,4.3044176318674794e-14,4.311904680732505e-14,4.319391787435155e-14,4.326878948986465e-14,4.334366168560319e-14,4.341853442995041e-14,4.3493407756947794e-14,4.3568281632098003e-14,4.364315608911791e-14,4.3718031097052456e-14,4.379290668933679e-14,4.3867782863320144e-14,4.394265957415796e-14,4.401753686963283e-14,4.4092414753433426e-14,4.416729317166171e-14,4.424217217708394e-14,4.4317051768864185e-14,4.439193189898936e-14,4.4466812617132006e-14,4.454169389105914e-14,4.4616575754321534e-14,4.469145820410243e-14,4.476634124264825e-14,4.484122481014954e-14,4.4916108974433895e-14,4.4990993691772535e-14,4.5065878999660854e-14,4.5140764900200814e-14,4.521565134610429e-14,4.529053836921489e-14,4.5365425987876296e-14,4.544031416693131e-14,4.5515202947122146e-14,4.5590092316040796e-14,4.5664982232853025e-14,4.573987274793309e-14,4.581476382581951e-14,4.5889655506140427e-14,4.596454777894724e-14,4.603944060231388e-14,4.611433402327124e-14,4.618922801287094e-14,4.62641225863649e-14,4.633901775804332e-14,4.6413913500883354e-14,4.648880982917543e-14,4.656370675879097e-14,4.6638604259553675e-14,4.6713502347330665e-14,4.678840102265227e-14,4.6863300286038214e-14,4.693820015439874e-14,4.7013100633136686e-14,4.708800170392165e-14,4.716290332481358e-14,4.72378055448876e-14,4.7312708367333226e-14,4.738761176188347e-14,4.7462515777922265e-14,4.753742038360011e-14,4.7612325556567164e-14,4.768723133118264e-14,4.776213771661578e-14,4.783704467277554e-14,4.7911952224396246e-14,4.798686038801346e-14,4.8061769132156904e-14,4.813667849706246e-14,4.821158846699535e-14,4.828649900393693e-14,4.836141015491274e-14,4.8436321889734385e-14,4.8511234224299666e-14,4.85861471742584e-14,4.866106070993013e-14,4.873597486121254e-14,4.8810889626617707e-14,4.888580496801728e-14,4.896072093036153e-14,4.903563747825917e-14,4.911055464397597e-14,4.9185472400551885e-14,4.92603907622916e-14,4.933530974543824e-14,4.941022931912881e-14,4.948514949961137e-14,4.9560070304405336e-14,4.963499170011864e-14,4.970991370427062e-14,4.978483633438307e-14,4.985975955706225e-14,4.993468340787454e-14,5.000960788572274e-14,5.008453294029525e-14,5.0159458622352627e-14,5.0234384900946873e-14,5.0309311808385617e-14,5.038423934452953e-14,5.045916746330879e-14,5.0534096212321466e-14,5.06090255606656e-14,5.068395554046095e-14,5.075888615156222e-14,5.0833817348424006e-14,5.0908749180775244e-14,5.098368164613419e-14,5.105861474447757e-14,5.113354841384447e-14,5.1208482718283513e-14,5.128341765800965e-14,5.1358353233017503e-14,5.1433289383856134e-14,5.150822617123457e-14,5.1583163596188714e-14,5.1658101656670876e-14,5.173304029798592e-14,5.180797958004375e-14,5.188291950179615e-14,5.195786006328124e-14,5.2032801204122335e-14,5.210774298934071e-14,5.218268541390756e-14,5.225762843536372e-14,5.2332572110448725e-14,5.2407516420285255e-14,5.248246132745955e-14,5.255740687609568e-14,5.2632353043282537e-14,5.270729985465244e-14,5.2782247314455825e-14,5.285719537595532e-14,5.2932144085723855e-14,5.300709344299188e-14,5.3082043403978614e-14,5.315699401428049e-14,5.323194527093049e-14,5.330689713658995e-14,5.3381849640508857e-14,5.345680280761403e-14,5.3531756583145014e-14,5.3606711005888856e-14,5.3681666079265774e-14,5.3756621815362024e-14,5.3831578184820873e-14,5.3906535218241386e-14,5.398149290384963e-14,5.405645115610114e-14,5.4131410066226555e-14,5.420636962814608e-14,5.428132980773966e-14,5.435629064489968e-14,5.4431252112320045e-14,5.450621423932463e-14,5.4581177027078176e-14,5.4656140475141353e-14,5.473110452527164e-14,5.480606923654584e-14,5.4881034581564244e-14,5.495600058962418e-14,5.5030967231897076e-14,5.510593453873207e-14,5.518090252023594e-14,5.525587115663957e-14,5.53308404005022e-14,5.540581031186321e-14,5.5480780891893623e-14,5.5555752136595115e-14,5.563072399161573e-14,5.570569652333329e-14,5.578066968747627e-14,5.585564352207022e-14,5.593061799778025e-14,5.600559314547738e-14,5.6080568935118315e-14,5.615554539831033e-14,5.62305225042868e-14,5.6305500282447884e-14,5.638047870716563e-14,5.6455457806819757e-14,5.6530437552696306e-14,5.6605417974234303e-14,5.6680399043681654e-14,5.675538077582282e-14,5.683036318602761e-14,5.690534627592683e-14,5.698032999978523e-14,5.705531439768259e-14,5.71302994523857e-14,5.720528518800739e-14,5.728027157599495e-14,5.735525865016318e-14,5.743024640412263e-14,5.750523479661566e-14,5.758022387235736e-14,5.765521362714207e-14,5.773020402964996e-14,5.780519511869306e-14,5.788018689244625e-14,5.795517931047068e-14,5.80301724165504e-14,5.810516618133886e-14,5.818016063727863e-14,5.825515575129259e-14,5.833015155579524e-14,5.840514805161354e-14,5.848014519409983e-14,5.855514303014161e-14,5.863014152803787e-14,5.870514072078526e-14,5.878014057657296e-14,5.885514112613737e-14,5.893014234232062e-14,5.900514425452084e-14,5.908014686256058e-14,5.915515012396498e-14,5.92301540814317e-14,5.930515874167588e-14,5.938016405393339e-14,5.945517006507426e-14,5.953017674770705e-14,5.96051841164647e-14,5.968019218780262e-14,5.975520096057302e-14,5.983021043500813e-14,5.990522055455249e-14,5.998023137936557e-14,6.00552429075017e-14,6.013025509674628e-14,6.020526799721099e-14,6.028028160389928e-14,6.035529586854305e-14,6.043031083976786e-14,6.050532651944365e-14,6.058034289238039e-14,6.065535993308104e-14,6.073037768492206e-14,6.080539611746703e-14,6.088041524731155e-14,6.095543510455244e-14,6.103045562963678e-14,6.110547686847276e-14,6.118049879178033e-14,6.12555214303989e-14,6.133054478448302e-14,6.14055688099273e-14,6.148059355008896e-14,6.155561900994245e-14,6.163064514329532e-14,6.17056719982823e-14,6.178069954012514e-14,6.185572780502527e-14,6.193075675792732e-14,6.200578643497161e-14,6.208081682922474e-14,6.215584794963569e-14,6.223087973242642e-14,6.230591223436763e-14,6.238094546815557e-14,6.245597938013944e-14,6.253101402125495e-14,6.260604938491623e-14,6.268108543195118e-14,6.275612219992989e-14,6.283115970180537e-14,6.290619788974969e-14,6.29812367926351e-14,6.305627641111588e-14,6.313131676083544e-14,6.320635783879955e-14,6.328139960798929e-14,6.335644210616484e-14,6.343148534538652e-14,6.350652927118091e-14,6.358157393224084e-14,6.365661929905793e-14,6.37316654166846e-14,6.380671222715446e-14,6.388175977444989e-14,6.395680803122485e-14,6.40318570263601e-14,6.410690678272042e-14,6.418195721387782e-14,6.42570083855687e-14,6.433206026963046e-14,6.440711289591807e-14,6.448216623551273e-14,6.455722031671462e-14,6.463227514346641e-14,6.47073306714008e-14,6.478238694538449e-14,6.485744396576026e-14,6.493250168800843e-14,6.50075601586351e-14,6.508261937688539e-14,6.515767929945196e-14,6.523273997269361e-14,6.530780136548331e-14,6.538286351010785e-14,6.545792637580223e-14,6.553298999117521e-14,6.5608054332458e-14,6.568311942688566e-14,6.575818527433223e-14,6.583325183404419e-14,6.590831914767989e-14,6.598338721913683e-14,6.60584560033422e-14,6.61335255454003e-14,6.620859584530699e-14,6.62836668600753e-14,6.635873863524612e-14,6.643381114046057e-14,6.650888440616315e-14,6.658395843622151e-14,6.665903318217535e-14,6.673410867699255e-14,6.680918494955694e-14,6.68842619423688e-14,6.695933970073702e-14,6.703441819487461e-14,6.710949745481623e-14,6.718457748093773e-14,6.725965823215166e-14,6.733473975192687e-14,6.740982204033392e-14,6.748490509607816e-14,6.755998886632131e-14,6.763507340739497e-14,6.771015869127002e-14,6.778524474776142e-14,6.786033157573801e-14,6.793541913521635e-14,6.801050746827545e-14,6.808559658160445e-14,6.816068642288497e-14,6.823577703227978e-14,6.831086842908082e-14,6.838596055837584e-14,6.846105346689636e-14,6.853614715669223e-14,6.861124158023548e-14,6.86863367850537e-14,6.876143277450298e-14,6.883652949853422e-14,6.891162700436053e-14,6.89867252957739e-14,6.90618243265477e-14,6.9136924137276e-14,6.92120247451223e-14,6.928712612959122e-14,6.936222824577804e-14,6.943733114769116e-14,6.951243481077842e-14,6.958753926093426e-14,6.966264450057765e-14,6.973775052989227e-14,6.981285729518105e-14,6.988796485043018e-14,6.996307319804127e-14,7.003818233792935e-14,7.01132922166482e-14,7.018840288653982e-14,7.026351437115183e-14,7.033862665112121e-14,7.041373970815695e-14,7.048885349450879e-14,7.056396808416289e-14,7.063908346391132e-14,7.071419964059301e-14,7.078931656576289e-14,7.086443430160929e-14,7.093955283194595e-14,7.101467211867157e-14,7.10897922254764e-14,7.116491311886945e-14,7.124003477354101e-14,7.131515722630827e-14,7.139028049165772e-14,7.146540452067574e-14,7.154052935810533e-14,7.161565497359398e-14,7.169078139486561e-14,7.17659086280028e-14,7.184103662854815e-14,7.19161654263443e-14,7.199129502050499e-14,7.20664254261246e-14,7.214155664312877e-14,7.221668867309432e-14,7.229182146309267e-14,7.236695508599731e-14,7.24420895241709e-14,7.251722475891351e-14,7.259236075625017e-14,7.266749757048911e-14,7.274263520252533e-14,7.281777365438891e-14,7.289291287059598e-14,7.296805290775193e-14,7.304319373772897e-14,7.311833538893372e-14,7.31934778355773e-14,7.326862111703183e-14,7.334376520627735e-14,7.341891008336013e-14,7.349405579071682e-14,7.356920232048196e-14,7.364434963454332e-14,7.37194977657883e-14,7.37946467348026e-14,7.386979649238614e-14,7.394494707366573e-14,7.402009846389244e-14,7.409525068511482e-14,7.417040374092377e-14,7.42455575856303e-14,7.432071226430029e-14,7.439586780673145e-14,7.447102411250208e-14,7.454618124397972e-14,7.462133921658928e-14,7.469649804993607e-14,7.477165764737638e-14,7.48468181033612e-14,7.484696435848982e-14,7.484711123566033e-14,7.484725865468631e-14,7.484740653772722e-14,7.484755479132324e-14,7.484770363838168e-14,7.484785287160074e-14,7.48480025273543e-14,7.48481525950394e-14,7.484830309108183e-14,7.484845399945888e-14,7.484860532093093e-14,7.484875704725009e-14,7.48489091842287e-14,7.484906171803439e-14,7.484921468037849e-14,7.484936801804125e-14,7.48495217966462e-14,7.484967598269022e-14,7.484983057587135e-14,7.484998556916403e-14,7.485014095656766e-14,7.485029676902503e-14,7.485045298978009e-14,7.485060961360716e-14,7.48507666171788e-14,7.485092402790923e-14,7.485108186594038e-14,7.485124010811139e-14,7.485139873561194e-14,7.485155776749133e-14,7.485171723107004e-14,7.485187709133129e-14,7.485203734996752e-14,7.485219802236744e-14,7.485235909694715e-14,7.485252056695171e-14,7.485268243860957e-14,7.485284471158491e-14,7.485300738554525e-14,7.485317046020964e-14,7.485333392956983e-14,7.485349780467457e-14,7.485366207368408e-14,7.485382675904739e-14,7.485399183823346e-14,7.48541573212083e-14,7.485432318942864e-14,7.485448945197634e-14,7.485465612923074e-14,7.485482318042468e-14,7.485499062861387e-14,7.485515848481596e-14,7.485532675095895e-14,7.485549541396404e-14,7.485566447343477e-14,7.485583392974779e-14,7.485600378305798e-14,7.485617401483526e-14,7.485634464120425e-14,7.485651568561827e-14,7.485668710122129e-14,7.485685893345621e-14,7.48570311581216e-14,7.485720375493605e-14,7.485737676099274e-14,7.485755015293835e-14,7.485772392825975e-14,7.48578981033717e-14,7.485807266853469e-14,7.485824762461347e-14,7.485842297140032e-14,7.485859869661555e-14,7.485877482519296e-14,7.485895133832217e-14,7.485912824158629e-14,7.485930552799776e-14,7.485948321085243e-14,7.485966128273446e-14,7.485983974358132e-14,7.486001859309365e-14,7.486019783097084e-14,7.486037745692789e-14,7.486055747067275e-14,7.486073787225221e-14,7.486091866109655e-14,7.486109983687915e-14,7.486128139935846e-14,7.486146334766991e-14,7.486164568252108e-14,7.486182840262603e-14,7.48620115081723e-14,7.486219499889296e-14,7.486237889003991e-14,7.486256314503552e-14,7.486274779048768e-14,7.486293281983618e-14,7.486311823280978e-14,7.486330404464276e-14,7.486349023977855e-14,7.486367680230815e-14,7.486386374805082e-14,7.486405109129105e-14,7.486423881668795e-14,7.486442692394959e-14,7.486461541250052e-14,7.486480428262717e-14,7.486499351836799e-14,7.486518315017703e-14,7.486537316212645e-14,7.486556355452155e-14,7.486575432677735e-14,7.486594547829872e-14,7.486613699373847e-14,7.486632890382499e-14,7.486652119264475e-14,7.486671385990114e-14,7.486690690498078e-14,7.486710032825744e-14,7.486729412912067e-14,7.486748830728574e-14,7.486768286246882e-14,7.486787779438791e-14,7.486807310275902e-14,7.486826877090644e-14,7.486846483129186e-14,7.48686612668904e-14,7.486885807821487e-14,7.486905526458218e-14,7.486925282570967e-14,7.486945076131591e-14,7.486964907112058e-14,7.48698477544466e-14,7.487004681180184e-14,7.487024624251445e-14,7.487044604630263e-14,7.487064622288375e-14,7.487084677198237e-14,7.487104769331772e-14,7.487124898660905e-14,7.48714506511384e-14,7.487165268750306e-14,7.487185509498977e-14,7.487205787636932e-14,7.487226102835578e-14,7.487246454706869e-14,7.487266843578522e-14,7.487287231807199e-14,7.48730769456898e-14,7.487328194201681e-14,7.487348731105108e-14,7.487369304876029e-14,7.48738991509352e-14,7.487410562117312e-14,7.487431245924299e-14,7.48745196644123e-14,7.4874727241279e-14,7.487493518103863e-14,7.487514349169252e-14,7.487535216454198e-14,7.487556120352383e-14,7.487577061278731e-14,7.487598038277911e-14,7.48761905231086e-14,7.487640102861547e-14,7.487661189900405e-14,7.487682312901129e-14,7.4877034716972e-14,7.4877246675019e-14,7.487745899674116e-14,7.48776716819273e-14,7.487788473023588e-14,7.487809811701955e-14,7.487831189518479e-14,7.487852603068762e-14,7.487874052862808e-14,7.487895538831915e-14,7.487917060948993e-14,7.487938619186969e-14,7.487960213518624e-14,7.487981843916732e-14,7.488003510354368e-14,7.488025212763415e-14,7.488046951204625e-14,7.488068725598384e-14,7.488090490698358e-14,7.488112336854372e-14,7.488134218887997e-14,7.488156136772185e-14,7.488178090480015e-14,7.48820007998456e-14,7.488222105224116e-14,7.488244166241492e-14,7.488266262975029e-14,7.48828839539792e-14,7.488310563485816e-14,7.488332767171324e-14,7.488355006501567e-14,7.488377281414062e-14,7.488399593765355e-14,7.488421941647994e-14,7.48844432503948e-14,7.488466742021328e-14,7.488489194450065e-14,7.488511682299216e-14,7.488534205542303e-14,7.488556764169639e-14,7.488579358121405e-14,7.488601987387773e-14,7.488624651942244e-14,7.488647351758176e-14,7.48867008683225e-14,7.488692857092302e-14,7.488715662535016e-14,7.488738502464877e-14,7.488761378225115e-14,7.488784288388306e-14,7.488807234323833e-14,7.488830214617089e-14,7.488853230628723e-14,7.488876281637712e-14,7.488899368136691e-14,7.488922489582576e-14,7.488945645944041e-14,7.488968837197307e-14,7.488992063316307e-14,7.489015323773425e-14,7.4890386190444e-14,7.489061949105952e-14,7.489085314424689e-14,7.4891087144819e-14,7.489132149247135e-14,7.489155571292346e-14,7.489179075329291e-14,7.489202613999623e-14,7.489226187276161e-14,7.489249795133041e-14,7.489273437544382e-14,7.489297114484308e-14,7.489320825446022e-14,7.489344570885255e-14,7.489368351254658e-14,7.489392166049153e-14,7.489416014765451e-14,7.489439898332539e-14,7.489463816247713e-14,7.489487768484745e-14,7.489511755018216e-14,7.489535775822695e-14,7.489559830872164e-14,7.48958392014101e-14,7.489608043128783e-14,7.489632200758478e-14,7.489656392530652e-14,7.48968061841989e-14,7.489704878400168e-14,7.489729172446125e-14,7.489753500532175e-14,7.489777862160612e-14,7.489802257777673e-14,7.489826687357593e-14,7.489851151347204e-14,7.489875649249544e-14,7.489900181039022e-14,7.489924746690133e-14,7.489949346177621e-14,7.489973979476294e-14,7.489998646560392e-14,7.490023347404768e-14,7.490048081984744e-14,7.49007284978992e-14,7.49009760306687e-14,7.490122438633326e-14,7.490147259115724e-14,7.490172161859587e-14,7.490197098186778e-14,7.490222067548163e-14,7.490247070965629e-14,7.490272107369247e-14,7.490297177776682e-14,7.490322281160011e-14,7.490347418457744e-14,7.490372589162216e-14,7.490397793249064e-14,7.490423030693171e-14,7.490448301469514e-14,7.490473605553069e-14,7.490498942439532e-14,7.490524312576905e-14,7.490549716431033e-14,7.490575152968095e-14,7.490600623211152e-14,7.490626126129926e-14,7.490651662175056e-14,7.490677231284728e-14,7.490702833476313e-14,7.490728469255472e-14,7.490754137583632e-14,7.490779838913488e-14,7.490805573180582e-14,7.490831340942133e-14,7.490857141638135e-14,7.490882975243556e-14,7.490908841733671e-14,7.490934741083966e-14,7.490960672780362e-14,7.490986637238216e-14,7.49101249989764e-14,7.49103839505652e-14,7.491064457459537e-14,7.491090417710143e-14,7.491116545344071e-14,7.491142570588847e-14,7.491168628232882e-14,7.491194805252055e-14,7.491220927713334e-14,7.491247082434773e-14,7.491273356647761e-14,7.491299662447531e-14,7.491325914181454e-14,7.49135219809446e-14,7.491378513783666e-14,7.491404861623708e-14,7.491431241598972e-14,7.491457654139278e-14,7.491484098738135e-14,7.491510575422065e-14,7.491537084127918e-14,7.491563624871388e-14,7.491590197608894e-14,7.491616802316687e-14,7.491643438970844e-14,7.491670107547576e-14,7.491696808003243e-14,7.491723540353967e-14,7.491750392100975e-14,7.491777188262724e-14,7.491804016200056e-14,7.49183087591717e-14,7.491857767390843e-14,7.49188469059748e-14,7.491911645513476e-14,7.491938632115236e-14,7.491965650379222e-14,7.491992700261224e-14,7.492019781758358e-14,7.492046894867387e-14,7.492074039523777e-14,7.492101215745323e-14,7.492128423487896e-14,7.492155662728062e-14,7.492182933442405e-14,7.49221023560751e-14,7.49223756911773e-14,7.492264934031697e-14,7.492292330408393e-14,7.49231975814237e-14,7.492347216768603e-14,7.492374707136938e-14,7.49240222880271e-14,7.492429781289463e-14,7.492457358614009e-14,7.492485060780596e-14,7.492512707412529e-14,7.492540385254345e-14,7.492568094243771e-14,7.492595828814188e-14,7.492623594699001e-14,7.492651397013081e-14,7.492679230266648e-14,7.492707094614456e-14,7.49273498999237e-14,7.492762916335004e-14,7.492790873640148e-14,7.492818861885432e-14,7.492846881047818e-14,7.492874931125066e-14,7.492903012073108e-14,7.492931123869057e-14,7.492959266490096e-14,7.49298743859032e-14,7.493015642716879e-14,7.493043872364563e-14,7.493072138057118e-14,7.493100434430985e-14,7.493128761322723e-14,7.493157119069544e-14,7.493185507436799e-14,7.493213926422606e-14,7.493242464062154e-14,7.493270943206457e-14,7.493299452815946e-14,7.493327994176058e-14,7.493356566029552e-14,7.493385167105626e-14,7.493413799888966e-14,7.4934425451675e-14,7.49347123785213e-14,7.493499960704082e-14,7.493528715208164e-14,7.4935575000241e-14,7.493586313949931e-14,7.493615159401847e-14,7.493644035055753e-14,7.493672941054079e-14,7.493701875723619e-14,7.49373093099042e-14,7.493759927739175e-14,7.493788954629496e-14,7.493818011663141e-14,7.493847097274997e-14,7.493876214518174e-14,7.49390536086892e-14,7.493934632836512e-14,7.493963934932952e-14,7.493993172554653e-14,7.494022438953167e-14,7.494051736509767e-14,7.494081063998473e-14,7.494110421429585e-14,7.494139808758769e-14,7.494169225963894e-14,7.494198673022666e-14,7.494228149912891e-14,7.494257656612179e-14,7.49428719309821e-14,7.494316759349398e-14,7.494346355320219e-14,7.494375981011358e-14,7.494405636400907e-14,7.494435321489843e-14,7.494465036209718e-14,7.494494780561898e-14,7.494524554455134e-14,7.494554356652027e-14,7.494584189802869e-14,7.494614052462082e-14,7.494643944642861e-14,7.494673866141359e-14,7.494703817300091e-14,7.494733797938064e-14,7.494763808009974e-14,7.494793847470623e-14,7.494823916345378e-14,7.49485401324456e-14,7.494884140752633e-14,7.494914297642698e-14,7.494944482530944e-14,7.494974696750807e-14,7.49500494024117e-14,7.49503521424532e-14,7.495065517427827e-14,7.495095849804465e-14,7.495126211377087e-14,7.49515660210049e-14,7.495187021929118e-14,7.495217470864184e-14,7.495247948908738e-14,7.495278456017133e-14,7.495308992143622e-14,7.495339557314737e-14,7.49537015148461e-14,7.495400774631977e-14,7.495431425599853e-14,7.4954622031584e-14,7.495492913222459e-14,7.495523652128329e-14,7.495554419927888e-14,7.495585216550942e-14,7.495616042000414e-14,7.495646896255024e-14,7.495677779293171e-14,7.49570869111796e-14,7.495739631683512e-14,7.495770600750467e-14,7.495801598733021e-14,7.495832625392071e-14,7.49586368070633e-14,7.495894764654496e-14,7.495925877215181e-14,7.495957018366944e-14,7.495988188088593e-14,7.496019386333435e-14,7.496050613105662e-14,7.496081970044178e-14,7.496113355586099e-14,7.496144769709989e-14,7.496176212394008e-14,7.496207683617593e-14,7.496239183358829e-14,7.496270711596354e-14,7.496302268308823e-14,7.49633385347478e-14,7.496365467073e-14,7.496397109082125e-14,7.49642877948077e-14,7.49646047824763e-14,7.496492205360754e-14,7.496523959999495e-14,7.496555743739373e-14,7.496587554966845e-14,7.496619395250482e-14,7.496651263778554e-14,7.496683160526465e-14,7.496715085473419e-14,7.496747038597691e-14,7.496779019878154e-14,7.496811029293698e-14,7.496843066822726e-14,7.4968751324442e-14,7.49690722613762e-14,7.49693934457384e-14,7.496971490293864e-14,7.49700366386459e-14,7.497035868925203e-14,7.497068102648941e-14,7.497100361040349e-14,7.4971326506329e-14,7.497164968130543e-14,7.497197313511955e-14,7.497229686755577e-14,7.497262087840315e-14,7.497294515992847e-14,7.49732697269278e-14,7.497359457174743e-14,7.497391969413558e-14,7.497424509389538e-14,7.497457076465058e-14,7.497489671080827e-14,7.497522293369607e-14,7.497554940745655e-14,7.497587619110806e-14,7.497620321062307e-14,7.49765305055538e-14,7.497685810853349e-14,7.497718599511784e-14,7.497751411756157e-14,7.497784251447753e-14,7.497817118931942e-14,7.497850013588468e-14,7.497882939023527e-14,7.497915884893236e-14,7.497948857967355e-14,7.49798186565701e-14,7.498014901313203e-14,7.498047964316633e-14,7.498081050429686e-14,7.498114168082001e-14,7.498147312132494e-14,7.498180476789377e-14,7.498213676238564e-14,7.498246902869456e-14,7.498280149163026e-14,7.498313430210573e-14,7.498346738377706e-14,7.49838007368325e-14,7.498413436108422e-14,7.498446825632869e-14,7.498480238742282e-14,7.498513682424444e-14,7.498547153123776e-14,7.498580650840777e-14,7.498614175555655e-14,7.498647727248236e-14,7.498681305898217e-14,7.49871491148442e-14,7.498748543988667e-14,7.498782203389091e-14,7.498815889667053e-14,7.498849602801387e-14,7.498883335485377e-14,7.498917094833455e-14,7.498950880971532e-14,7.49898470135774e-14,7.499018548455952e-14,7.49905242229007e-14,7.499086322840072e-14,7.49912025008593e-14,7.49915420400779e-14,7.499188184585069e-14,7.499222191798012e-14,7.499256225627624e-14,7.499290286053235e-14,7.499324373054932e-14,7.499358486611909e-14,7.499392619610588e-14,7.499426786256218e-14,7.499460979357441e-14,7.499495191888413e-14,7.49952943795776e-14,7.499563710425042e-14,7.499598009308627e-14,7.499632334589244e-14,7.49966668624697e-14,7.499701064263147e-14,7.499735467980365e-14,7.499769898648178e-14,7.499804355614274e-14,7.499838838232384e-14,7.499873347736172e-14,7.499907882840517e-14,7.499942444156189e-14,7.49997703231819e-14,7.500011646664578e-14,7.500046287171211e-14,7.500080953819241e-14,7.500115646585422e-14,7.500150365457864e-14,7.500185110412869e-14,7.500219881430783e-14,7.500254678492033e-14,7.500289501577164e-14,7.500324350666773e-14,7.500359225741278e-14,7.500394126781281e-14,7.500429050624352e-14,7.500464002733772e-14,7.500498981546026e-14,7.500533986249915e-14,7.500569016222004e-14,7.500604072637639e-14,7.500639154886685e-14,7.50067426235047e-14,7.50070939558238e-14,7.500744555200041e-14,7.500779740573768e-14,7.500814951680673e-14,7.500850188501072e-14,7.5008854444421e-14,7.500920732667361e-14,7.500956045925772e-14,7.500991384529332e-14,7.50102674961848e-14,7.50106213960171e-14,7.501097555266408e-14,7.501132996238701e-14,7.501168462876263e-14,7.501203955163543e-14,7.501239472956156e-14,7.501275016826187e-14,7.50131058547026e-14,7.50134618024915e-14,7.501381800457919e-14,7.501417445390726e-14,7.501453116390789e-14,7.50148881219799e-14,7.501524533442402e-14,7.501560279910262e-14,7.501596052269417e-14,7.501631849244695e-14,7.50166767170021e-14,7.50170351988192e-14,7.50173939330353e-14,7.501775291942556e-14,7.501811215779869e-14,7.501847164238343e-14,7.501883137948854e-14,7.501919137262138e-14,7.501955161701763e-14,7.501991211246185e-14,7.502027285876385e-14,7.50206338557292e-14,7.502099510317545e-14,7.502135660090523e-14,7.502171834871682e-14,7.502208034641873e-14,7.502244259388842e-14,7.502280509089617e-14,7.502316783724724e-14,7.502353083277235e-14,7.502389407727526e-14,7.50242575705663e-14,7.502462130715118e-14,7.502498529742286e-14,7.502534952950781e-14,7.502571401056232e-14,7.502607871469581e-14,7.502644369214283e-14,7.502680891512248e-14,7.502717436427454e-14,7.502754008360899e-14,7.502790605448479e-14,7.502827227214683e-14,7.502863873636047e-14,7.502900544071924e-14,7.502937239747162e-14,7.502973960027538e-14,7.503010704376486e-14,7.503047473799132e-14,7.503084267152264e-14,7.503121085647022e-14,7.503157928028778e-14,7.503194794885271e-14,7.503231683917997e-14,7.503268600362152e-14,7.503305541220182e-14,7.503342505992237e-14,7.503379495661548e-14,7.503416509714297e-14,7.503453548129501e-14,7.503490610890256e-14,7.503527697976825e-14,7.503564809371042e-14,7.503601945054679e-14,7.503639105009633e-14,7.503676289217181e-14,7.503713497658736e-14,7.503750730318254e-14,7.50378798717626e-14,7.503825268214712e-14,7.503862573415479e-14,7.503899902759852e-14,7.503937256230923e-14,7.503974633810032e-14,7.504012034993978e-14,7.504049460730295e-14,7.504086910524379e-14,7.504124384354682e-14,7.50416188220144e-14,7.504199404049398e-14,7.504236949879238e-14,7.504274519672991e-14,7.504312113412563e-14,7.504349731080213e-14,7.504387372657933e-14,7.504425038127919e-14,7.504462727471871e-14,7.504500440672141e-14,7.504538177710946e-14,7.50457593857036e-14,7.50461372323246e-14,7.504651531679478e-14,7.504689363893642e-14,7.504727219857085e-14,7.50476509955188e-14,7.50480300296043e-14,7.504840930064941e-14,7.504878880847612e-14,7.504916855290657e-14,7.504954853376452e-14,7.504992875085955e-14,7.505030919941605e-14,7.505068988367405e-14,7.505107080836019e-14,7.505145196868944e-14,7.505183336437109e-14,7.505221499525693e-14,7.505259683614089e-14,7.505297893706902e-14,7.505336124757052e-14,7.505374381761696e-14,7.505412662178766e-14,7.505450965564061e-14,7.5054892927851e-14,7.505527643388677e-14,7.505566016908453e-14,7.505604414211742e-14,7.505642834844924e-14,7.505681276329332e-14,7.505719743580954e-14,7.505758234086198e-14,7.505796747846877e-14,7.505835284409598e-14,7.505873844625364e-14,7.505912427616689e-14,7.505951034222348e-14,7.505989664001083e-14,7.50602831693025e-14,7.50606699299522e-14,7.506105692177143e-14,7.506144414458689e-14,7.506183159822545e-14,7.506221927824067e-14,7.50626071929603e-14,7.506299531413391e-14,7.506338368952064e-14,7.506377229467187e-14,7.506416112960577e-14,7.506455019413838e-14,7.506493948393182e-14,7.506532898392116e-14,7.506571871219246e-14,7.506610869364557e-14,7.506649890366804e-14,7.506688934227009e-14,7.506728000928537e-14,7.506767085134766e-14,7.506806197501999e-14,7.506845332622726e-14,7.506884490515605e-14,7.506923671164354e-14,7.506962874551928e-14,7.507002100661346e-14,7.507041349068692e-14,7.507080620564022e-14,7.507119914736287e-14,7.507159231155293e-14,7.507198570613801e-14,7.507237932696395e-14,7.507277317382042e-14,7.507316724651822e-14,7.507356154492525e-14,7.507395606484854e-14,7.507435081406653e-14,7.507474578443388e-14,7.50751409796985e-14,7.50755364039719e-14,7.507593205296505e-14,7.5076327926471e-14,7.507672402431672e-14,7.507712034631844e-14,7.507751689234306e-14,7.507791366220512e-14,7.507831065573651e-14,7.507870787276904e-14,7.507910531313623e-14,7.50795029766708e-14,7.507990086320583e-14,7.50802989725735e-14,7.508069730458437e-14,7.508109585911674e-14,7.508149463598166e-14,7.508189358491059e-14,7.508229280627619e-14,7.508269224911954e-14,7.508309191362141e-14,7.508349179962334e-14,7.5083891906959e-14,7.508429223166104e-14,7.508469278105036e-14,7.508509355139102e-14,7.508549454240641e-14,7.508589575392884e-14,7.508629718579281e-14,7.508669883783213e-14,7.508710070988288e-14,7.508750280178012e-14,7.508790506444552e-14,7.508830759587408e-14,7.508871029772972e-14,7.50891132676733e-14,7.508951645629074e-14,7.508991986012793e-14,7.509032348622983e-14,7.509072728249505e-14,7.509113134269597e-14,7.509153562389606e-14,7.509194012317599e-14,7.50923448403357e-14,7.509274977521003e-14,7.509315492401288e-14,7.509356028996414e-14,7.509396587319576e-14,7.509437167423278e-14,7.509477769518518e-14,7.509518393290036e-14,7.509559038354948e-14,7.50959970542238e-14,7.509640394119039e-14,7.509681102148542e-14,7.509721833742903e-14,7.509762587210572e-14,7.509803361964304e-14,7.509844158538256e-14,7.509884976642269e-14,7.509925816260343e-14,7.509966677023768e-14,7.510007559612753e-14,7.510048463669595e-14,7.510089389174234e-14,7.510130336110237e-14,7.510171299815826e-14,7.510212289297358e-14,7.510253300066234e-14,7.510294332200676e-14,7.510335385686682e-14,7.510376460866893e-14,7.510417557027708e-14,7.510458674830444e-14,7.510499813924814e-14,7.510540974290965e-14,7.510582155912346e-14,7.510623358773266e-14,7.510664582857865e-14,7.51070582815023e-14,7.510747094634379e-14,7.510788382294575e-14,7.510829691114801e-14,7.510871021077278e-14,7.510912372170165e-14,7.51095374437395e-14,7.510995137343684e-14,7.511036551370362e-14,7.511077986813934e-14,7.511119443308433e-14,7.511160920509236e-14,7.511202419053233e-14,7.511243938603527e-14,7.511285479139052e-14,7.511327040313106e-14,7.511368622429927e-14,7.51141022582701e-14,7.511451849825325e-14,7.511493495053318e-14,7.511535160917583e-14,7.511576847645016e-14,7.511618555502518e-14,7.511660282089636e-14,7.511702031351408e-14,7.511743799603984e-14,7.511785588597129e-14,7.511827400546132e-14,7.511869233242553e-14,7.511911086371118e-14,7.511952960550303e-14,7.511994855454229e-14,7.512036771061412e-14,7.51207870735781e-14,7.512120664015263e-14,7.512162641314036e-14,7.512204639583859e-14,7.512246658485995e-14,7.512288693923685e-14,7.512330749873152e-14,7.512372829074511e-14,7.51241493032213e-14,7.512457052125568e-14,7.512499194154879e-14,7.512541357009035e-14,7.512583540371643e-14,7.512625744223492e-14,7.512667968549003e-14,7.512710213332725e-14,7.512752476977194e-14,7.512794762624902e-14,7.512837067235878e-14,7.512879393689949e-14,7.51292174053148e-14,7.512964107741962e-14,7.513006491318086e-14,7.513048899041654e-14,7.513091325093246e-14,7.513133772259242e-14,7.513176241061717e-14,7.513218730144755e-14,7.513261239490191e-14,7.513303767661883e-14,7.513346317475066e-14,7.513388887209046e-14,7.513431477436984e-14,7.51347408394059e-14,7.513516714552931e-14,7.513559364996585e-14,7.513602035559933e-14,7.513644726555336e-14,7.513687437663658e-14,7.513730168865988e-14,7.513772919853431e-14,7.51381568964833e-14,7.513858481031887e-14,7.513901292163749e-14,7.513944123602552e-14,7.513986975049008e-14,7.514029846481665e-14,7.514072737601012e-14,7.5141156486616e-14,7.514158579666507e-14,7.514201530600493e-14,7.514244501448396e-14,7.514287492494432e-14,7.514330503140513e-14,7.514373530385691e-14,7.514416581069758e-14,7.514459651565128e-14,7.514502741884155e-14,7.51454585201251e-14,7.514588981935467e-14,7.514632131638163e-14,7.514675299184035e-14,7.514718488419302e-14,7.514761695455277e-14,7.514804924145526e-14,7.514848172523668e-14,7.514891440312829e-14,7.514934728053196e-14,7.514978035459271e-14,7.515021361933932e-14,7.515064708624993e-14,7.515108071021106e-14,7.515151452921397e-14,7.515194856626741e-14,7.515238277724406e-14,7.515281722375842e-14,7.515325186539166e-14,7.515368670231012e-14,7.515412173437542e-14,7.515455696143956e-14,7.515499238335969e-14,7.515542799996574e-14,7.515586380844472e-14,7.515629981382835e-14,7.515673601362687e-14,7.515717240494123e-14,7.515760899287142e-14,7.515804577459715e-14,7.515848274991576e-14,7.515891991887734e-14,7.515935728124154e-14,7.515979483428997e-14,7.516023258306088e-14,7.516067052473978e-14,7.516110865669791e-14,7.516154698172622e-14,7.516198550146912e-14,7.516242421357269e-14,7.516286311477943e-14,7.516330221118168e-14,7.516374149966938e-14,7.516418097997157e-14,7.516462061413956e-14,7.516506047790398e-14,7.516550053275191e-14,7.516594077882619e-14,7.516638121599891e-14,7.516682184412153e-14,7.51672626629834e-14,7.516770367258035e-14,7.51681448727163e-14,7.516858626323208e-14,7.51690278438983e-14,7.516946961216895e-14,7.516991157021702e-14,7.51703537207782e-14,7.517079606104885e-14,7.517123857576662e-14,7.517168129011986e-14,7.517212419860946e-14,7.517256729612466e-14,7.517301058259652e-14,7.517345405779487e-14,7.517389771924694e-14,7.517434157169861e-14,7.517478561258277e-14,7.517522984172077e-14,7.517567425888439e-14,7.517611886410071e-14,7.517656365712286e-14,7.517700863776621e-14,7.517745378999346e-14,7.517789912645327e-14,7.517834465161578e-14,7.517879038183234e-14,7.517923629885461e-14,7.517968240274047e-14,7.518012869333175e-14,7.518057517048837e-14,7.518102181677019e-14,7.518146866680258e-14,7.518191568554304e-14,7.518236290772328e-14,7.518281031264038e-14,7.518325790619739e-14,7.518370568181147e-14,7.518415363086997e-14,7.51846017809693e-14,7.518505010029592e-14,7.51854986081049e-14,7.518594731307853e-14,7.518639616783628e-14,7.518684523767817e-14,7.518729446069608e-14,7.518774390202848e-14,7.518819352939209e-14,7.518864334085775e-14,7.518909333623034e-14,7.518954351541535e-14,7.518999387825351e-14,7.519044442458232e-14,7.519089515428822e-14,7.51913460504541e-14,7.519179712945074e-14,7.519224840864938e-14,7.519269987050437e-14,7.519315151504543e-14,7.519360332545056e-14,7.51940553330335e-14,7.519450752478031e-14,7.519495989870946e-14,7.51954124546347e-14,7.519586519005327e-14,7.519631810953207e-14,7.51967712106709e-14,7.519722449325376e-14,7.519767795716372e-14,7.519813156798571e-14,7.519858539442663e-14,7.519903940149237e-14,7.519949358934672e-14,7.519994795784578e-14,7.520040250685193e-14,7.520085723399645e-14,7.520131214125664e-14,7.520176723097214e-14,7.520222250069988e-14,7.520267795025003e-14,7.520313357950479e-14,7.520358938832588e-14,7.520404537658212e-14,7.520450154414017e-14,7.520495789086039e-14,7.520541441435226e-14,7.520587111896043e-14,7.520632800228955e-14,7.520678506435292e-14,7.520724230491208e-14,7.520769972160451e-14,7.520815731641698e-14,7.520861509153207e-14,7.520907304256359e-14,7.520953117353692e-14,7.520998948225885e-14,7.521044796854395e-14,7.521090663225859e-14,7.521136547326822e-14,7.52118244914272e-14,7.521228368660566e-14,7.521274305645922e-14,7.521320260528089e-14,7.521366233077454e-14,7.521412223276991e-14,7.52145823111339e-14,7.521504256358211e-14,7.521550299200748e-14,7.521596359855644e-14,7.521642438103914e-14,7.521688533923545e-14,7.52173464730089e-14,7.521780778225092e-14,7.521826926680656e-14,7.521873092652286e-14,7.521919276128439e-14,7.521965476879889e-14,7.522011695323498e-14,7.522057931064284e-14,7.522104184426434e-14,7.522150455233886e-14,7.52219674346602e-14,7.522243048904512e-14,7.522289371938294e-14,7.522335712165573e-14,7.522382069971315e-14,7.522428445134407e-14,7.52247483744769e-14,7.522521247298385e-14,7.52256767447534e-14,7.52261411895979e-14,7.522660580742883e-14,7.5227070598095e-14,7.522753555941013e-14,7.522800069315937e-14,7.522846600150926e-14,7.522893148221745e-14,7.522939713308872e-14,7.522986295588695e-14,7.523032895270152e-14,7.523079512136482e-14,7.523126145969931e-14,7.523172796945887e-14,7.523219465273664e-14,7.52326615053294e-14,7.523312853094812e-14,7.523359572765646e-14,7.52340630953345e-14,7.523453063381017e-14,7.523499834290749e-14,7.523546622251877e-14,7.523593427253088e-14,7.523640249273668e-14,7.523687088314889e-14,7.523733944356014e-14,7.52378081736848e-14,7.523827707177226e-14,7.523874614143184e-14,7.523921538063779e-14,7.523968478921026e-14,7.524015436503654e-14,7.524062411190815e-14,7.524109402780825e-14,7.524156411066296e-14,7.524203436415641e-14,7.524250478628309e-14,7.524297537689331e-14,7.524344613586367e-14,7.524391704846394e-14,7.524438814392735e-14,7.524485940532682e-14,7.524533082321109e-14,7.524580242004596e-14,7.524627418403087e-14,7.524674611793847e-14,7.524721821926748e-14,7.524769048780541e-14,7.524816292344969e-14,7.524863552606993e-14,7.5249108279917e-14,7.524958121627096e-14,7.525005430469217e-14,7.525052757413737e-14,7.525100100977094e-14,7.525147460877015e-14,7.52519483767049e-14,7.525242229639087e-14,7.52528963963323e-14,7.525337066178895e-14,7.525384509291828e-14,7.525431968953496e-14,7.52547944515052e-14,7.525526937873416e-14,7.525574444159306e-14,7.525621969914814e-14,7.525669512133636e-14,7.525717070825975e-14,7.525764645976603e-14,7.525812237436912e-14,7.525859845473578e-14,7.525907469935388e-14,7.525955109802529e-14,7.52600276707272e-14,7.526050440734535e-14,7.526098130773516e-14,7.526145837174694e-14,7.526193559918853e-14,7.526241299013223e-14,7.526289054431035e-14,7.526336825979407e-14,7.52638461382468e-14,7.526432417959575e-14,7.526480238540869e-14,7.526528075231483e-14,7.526575928348197e-14,7.52662379770367e-14,7.526671683295368e-14,7.526719584920549e-14,7.526767502923127e-14,7.526815437120998e-14,7.526863387332752e-14,7.52691135388541e-14,7.526959336431414e-14,7.527007332456616e-14,7.527055347318846e-14,7.527103378423139e-14,7.527151425634526e-14,7.527199488771255e-14,7.527247567979688e-14,7.527295663439966e-14,7.527343774963491e-14,7.527391902534366e-14,7.527440046140496e-14,7.527488205770985e-14,7.52753638141331e-14,7.527584573057556e-14,7.52763278068712e-14,7.527681004292223e-14,7.527729243861096e-14,7.52777749814245e-14,7.527825768345283e-14,7.527874054475706e-14,7.527922357794836e-14,7.527970675662459e-14,7.528019010777199e-14,7.528067361755317e-14,7.528115728604285e-14,7.528164111140902e-14,7.528212509686654e-14,7.528260924068696e-14,7.528309354103147e-14,7.528357800111009e-14,7.528406261909634e-14,7.528454736763384e-14,7.528503230151711e-14,7.52855173927731e-14,7.528600264147239e-14,7.52864880476305e-14,7.528697361105131e-14,7.5287459329957e-14,7.528794520750774e-14,7.528843121481435e-14,7.528891740631713e-14,7.528940375426827e-14,7.528989025876134e-14,7.529037691971164e-14,7.529086373696166e-14,7.52913507104224e-14,7.529183783996196e-14,7.52923251254781e-14,7.529281256684317e-14,7.529330013705629e-14,7.529378788993886e-14,7.529427579817107e-14,7.529476386171896e-14,7.529525208060412e-14,7.529574045458892e-14,7.529622898365755e-14,7.529671766764724e-14,7.529720650644604e-14,7.529769549993059e-14,7.52981846479863e-14,7.529867394885371e-14,7.529916340570427e-14,7.529965301681899e-14,7.530014278045948e-14,7.530063269965404e-14,7.530112277273629e-14,7.53016129982638e-14,7.530210336964029e-14,7.530259390360648e-14,7.530308459106133e-14,7.530357543184283e-14,7.530406642581508e-14,7.530455757284389e-14,7.53050488728535e-14,7.53055403256906e-14,7.530603193119652e-14,7.530652368931633e-14,7.530701559999641e-14,7.530750766151456e-14,7.530799987682741e-14,7.530849224434131e-14,7.53089847639245e-14,7.530947740951485e-14,7.53099702317572e-14,7.53104631838271e-14,7.531095630932103e-14,7.531144958735499e-14,7.531194301677875e-14,7.531243659747675e-14,7.531293032932917e-14,7.531342420169173e-14,7.531391823559673e-14,7.531441240874424e-14,7.531490674407693e-14,7.53154012299083e-14,7.53158958661896e-14,7.531639065166495e-14,7.531688558474453e-14,7.531738067180791e-14,7.531787590732118e-14,7.531837129255486e-14,7.531886682912602e-14,7.53193625139759e-14,7.531985834979607e-14,7.532035433516622e-14,7.532085046988042e-14,7.532134675231365e-14,7.532184318533265e-14,7.532233976737121e-14,7.532283649831957e-14,7.532333337804682e-14,7.532383040644169e-14,7.532432758337174e-14,7.53248248975998e-14,7.532532237143808e-14,7.532581999191651e-14,7.532631775095271e-14,7.532681566779353e-14,7.532731373362393e-14,7.532781192246597e-14,7.532831025856866e-14,7.53288087677198e-14,7.532930742411006e-14,7.53298062278286e-14,7.533030517874823e-14,7.533080425200818e-14,7.533130349721515e-14,7.53318028890869e-14,7.533230242780518e-14,7.53328021100263e-14,7.53333019420389e-14,7.533380192047639e-14,7.53343020450884e-14,7.533480231608869e-14,7.533530273321571e-14,7.533580329638134e-14,7.533630400529564e-14,7.533680486015899e-14,7.53373058592981e-14,7.533780700230387e-14,7.533830826942923e-14,7.533880969443303e-14,7.533931126366784e-14,7.533981299116078e-14,7.534031486215842e-14,7.534081687944401e-14,7.534131904010713e-14,7.534182134690496e-14,7.53423237983375e-14,7.534282639428393e-14,7.534332913460889e-14,7.5343832019201e-14,7.534433504790504e-14,7.534483822072589e-14,7.534534153752076e-14,7.534584499709366e-14,7.534634860143869e-14,7.53468523480081e-14,7.534735623950264e-14,7.534786027306764e-14,7.534836445125799e-14,7.53488687726906e-14,7.534937323585745e-14,7.534987784191389e-14,7.535038259076512e-14,7.535088748247977e-14,7.535139251828086e-14,7.535189769659182e-14,7.535240301742787e-14,7.535290848060699e-14,7.535341408499805e-14,7.535391983112779e-14,7.535442572065854e-14,7.535493175082021e-14,7.535543792269354e-14,7.535594423628047e-14,7.53564506917744e-14,7.535695728846102e-14,7.535746402791552e-14,7.535797090869401e-14,7.535847793064574e-14,7.535898509365653e-14,7.53594923906037e-14,7.535999983538762e-14,7.536050742097722e-14,7.536101514591874e-14,7.536152301266699e-14,7.536203101849813e-14,7.536253916465556e-14,7.536304745240336e-14,7.536355587898978e-14,7.536406444681884e-14,7.536457315459437e-14,7.536508199463827e-14,7.536559098194353e-14,7.536610010890248e-14,7.53666093753593e-14,7.536711878120508e-14,7.536762832470974e-14,7.536813800761343e-14,7.53686478296134e-14,7.536915779191745e-14,7.536966789184687e-14,7.537017813173872e-14,7.53706885090774e-14,7.537119902622414e-14,7.537170968188187e-14,7.537222045328166e-14,7.53727313845712e-14,7.537324245485265e-14,7.537375366321192e-14,7.537426500940155e-14,7.537477647110873e-14,7.537528809214413e-14,7.53757998516513e-14,7.537631174740342e-14,7.537682378049855e-14,7.537733595223979e-14,7.537784826123913e-14,7.537836070183276e-14,7.537887328487929e-14,7.537938600488689e-14,7.537989883700218e-14,7.538041182994955e-14,7.538092496004433e-14,7.538143822666223e-14,7.538195162967474e-14,7.538246516897844e-14,7.538297884447134e-14,7.538349265605128e-14,7.538400660361611e-14,7.538452068706401e-14,7.538503490629314e-14,7.538554924032459e-14,7.538606373097157e-14,7.538657835693519e-14,7.538709311826976e-14,7.538760801364656e-14,7.53881230453901e-14,7.538863818911572e-14,7.538915349113077e-14,7.538966892781973e-14,7.539018449806815e-14,7.539070020284396e-14,7.539121604347245e-14,7.539173201861843e-14,7.539224812806335e-14,7.539276437183855e-14,7.539328074977003e-14,7.539379726054379e-14,7.53943139052367e-14,7.53948306747083e-14,7.539534758840805e-14,7.539586463565807e-14,7.539638181646642e-14,7.53968991307284e-14,7.539741657711151e-14,7.53979341566503e-14,7.539845186934657e-14,7.539896971517718e-14,7.539948768491087e-14,7.540000579794678e-14,7.540052403403677e-14,7.540104241248228e-14,7.540156092340185e-14,7.540207956556265e-14,7.540259833104213e-14,7.54031172285948e-14,7.540363626888301e-14,7.540415543997184e-14,7.540467474409428e-14,7.540519418017216e-14,7.540571374802799e-14,7.540623344750508e-14,7.540675327862205e-14,7.540727324121566e-14,7.540779333518763e-14,7.540831355018478e-14,7.540883389623895e-14,7.54093543733291e-14,7.540987499193799e-14,7.541039574132059e-14,7.54109166214885e-14,7.541143763226341e-14,7.541195877258397e-14,7.54124800433123e-14,7.5413001444601e-14,7.54135229671785e-14,7.541404462907972e-14,7.541456642199394e-14,7.541508834495121e-14,7.541561039667887e-14,7.541613257931862e-14,7.541665489168914e-14,7.541717733369748e-14,7.541769990522598e-14,7.541822260617831e-14,7.541874543643428e-14,7.541926839594232e-14,7.541979148456554e-14,7.542031470224474e-14,7.542083804886445e-14,7.542136152320831e-14,7.542188512738223e-14,7.542240886021791e-14,7.542293272025185e-14,7.542345670891064e-14,7.542398082710718e-14,7.54245050725348e-14,7.542502944716731e-14,7.542555394990503e-14,7.542607858060641e-14,7.542660333811206e-14,7.542712822330726e-14,7.542765323734626e-14,7.542817837762358e-14,7.542870364673776e-14,7.5429229043306e-14,7.54297545671845e-14,7.543028021686724e-14,7.543080599389585e-14,7.543133189909007e-14,7.543185793015897e-14,7.543238408909417e-14,7.543291037479869e-14,7.543343678570688e-14,7.54339633245706e-14,7.543448998991578e-14,7.543501678162097e-14,7.543554369958843e-14,7.543607074368222e-14,7.543659791389486e-14,7.543712521008976e-14,7.543765263136592e-14,7.543818017920646e-14,7.543870785146934e-14,7.543923565061639e-14,7.543976357531396e-14,7.544029162436086e-14,7.54408197997536e-14,7.544134810040414e-14,7.54418765261891e-14,7.54424050770136e-14,7.544293375278401e-14,7.544346255340641e-14,7.544399147877526e-14,7.544452052882044e-14,7.544504970342305e-14,7.544557900251935e-14,7.544610842495542e-14,7.544663797269439e-14,7.544716764361145e-14,7.54476974382603e-14,7.544822735831353e-14,7.54487574010349e-14,7.544928756766002e-14,7.544981785667017e-14,7.545034827192122e-14,7.545087880905755e-14,7.545140946988293e-14,7.545194025407805e-14,7.545247116180821e-14,7.545300219268575e-14,7.54535333452645e-14,7.545406462340874e-14,7.5454596023406e-14,7.545512754585583e-14,7.545565919128964e-14,7.54561909604248e-14,7.545672285212625e-14,7.545725486627327e-14,7.545778700277192e-14,7.545831926075846e-14,7.545885164062209e-14,7.545938414251256e-14,7.545991676746636e-14,7.546044951302899e-14,7.546098238062406e-14,7.5461515369932e-14,7.546204848191362e-14,7.54625817154565e-14,7.546311506943748e-14,7.54636485457342e-14,7.546418214230309e-14,7.546471586102161e-14,7.546524970083117e-14,7.546578366162008e-14,7.546631774332414e-14,7.546685194582996e-14,7.546738626805831e-14,7.546792071179533e-14,7.546845527512312e-14,7.546898995888025e-14,7.546952476401111e-14,7.547005968845214e-14,7.547059473298798e-14,7.547112989760236e-14,7.547166518220673e-14,7.547220058671787e-14,7.547273611104527e-14,7.547327175611276e-14,7.547380752084221e-14,7.547434340511616e-14,7.547487940884287e-14,7.547541553187636e-14,7.547595177422451e-14,7.547648813576025e-14,7.547702461638519e-14,7.547756121478307e-14,7.547809793330402e-14,7.547863476315957e-14,7.547917171936383e-14,7.547970879409402e-14,7.548024598648025e-14,7.548078329824318e-14,7.54813207274887e-14,7.54818582759505e-14,7.548239594264843e-14,7.548293372651752e-14,7.548347162833561e-14,7.548400964907829e-14,7.548454778769295e-14,7.548508604408719e-14,7.548562441815201e-14,7.548616290980502e-14,7.548670151896767e-14,7.548724024553544e-14,7.54877790894339e-14,7.54883180505179e-14,7.548885712880565e-14,7.548939632415387e-14,7.548993563647505e-14,7.549047506568089e-14,7.54910146116842e-14,7.549155427439815e-14,7.549209405371901e-14,7.549263394959082e-14,7.549317396190983e-14,7.54937140735418e-14,7.549425431864547e-14,7.549479467978836e-14,7.54953351570261e-14,7.54958757502759e-14,7.54964164594514e-14,7.549695728445123e-14,7.549749822521771e-14,7.54980392816361e-14,7.549858045364708e-14,7.549912174115026e-14,7.549966314405804e-14,7.550020466228572e-14,7.550074629573076e-14,7.550128804433961e-14,7.550182990800706e-14,7.550237188664871e-14,7.550291398017937e-14,7.550345618851077e-14,7.550399851155876e-14,7.550454094836453e-14,7.550508350055646e-14,7.550562616723551e-14,7.550616894827096e-14,7.550671184361095e-14,7.55072548531527e-14,7.55077979612468e-14,7.550834118210147e-14,7.550888453388664e-14,7.550942799937725e-14,7.550997157863732e-14,7.551051527158689e-14,7.551105907814035e-14,7.55116029981972e-14,7.551214703170327e-14,7.551269117855752e-14,7.551323543867697e-14,7.551377981197639e-14,7.551432429836993e-14,7.551486889777309e-14,7.551541361010075e-14,7.551595843526955e-14,7.551650337319388e-14,7.551704842378213e-14,7.551759358695391e-14,7.551813886262927e-14,7.551868425073358e-14,7.551922975117457e-14,7.5519775363851e-14,7.552032108869457e-14,7.552086692562009e-14,7.5521412874555e-14,7.552195893540478e-14,7.552250510808447e-14,7.552305139249665e-14,7.552359778858682e-14,7.552414429625591e-14,7.552469091455093e-14,7.552523764508535e-14,7.552578448698812e-14,7.552633144013812e-14,7.552687850445068e-14,7.55274256789823e-14,7.55279729653404e-14,7.552852036263793e-14,7.552906786988455e-14,7.552961548872928e-14,7.553016321826227e-14,7.553071105838087e-14,7.553125900899641e-14,7.553180707002825e-14,7.553235524139231e-14,7.553290352300451e-14,7.553345191477951e-14,7.553400041664421e-14,7.553454902850201e-14,7.553509775028811e-14,7.553564658191184e-14,7.553619552329e-14,7.5536744574327e-14,7.553729373496247e-14,7.553784300510888e-14,7.553839238467217e-14,7.55389418578109e-14,7.553949144007287e-14,7.554004114757982e-14,7.55405909640423e-14,7.554114088949774e-14,7.554169092390707e-14,7.554224106717217e-14,7.554279131921018e-14,7.554334167993769e-14,7.55438921492754e-14,7.554444272714052e-14,7.554499341343914e-14,7.554554420810376e-14,7.554609511106657e-14,7.554664610681942e-14,7.554719722624363e-14,7.554774845357457e-14,7.554829978886226e-14,7.554885123202769e-14,7.554940276752497e-14,7.554995442633156e-14,7.55505061926537e-14,7.555105806652886e-14,7.555161004786665e-14,7.55521621366114e-14,7.555271433267296e-14,7.555326663597015e-14,7.555381903114272e-14,7.555437154880419e-14,7.555492417332563e-14,7.55554769036694e-14,7.555602974189498e-14,7.555658268686686e-14,7.555713573854704e-14,7.55576888968326e-14,7.555824216163264e-14,7.555879553286568e-14,7.555934901045441e-14,7.555990259430597e-14,7.556045628436445e-14,7.556101008053103e-14,7.556156398274171e-14,7.55621179909097e-14,7.556267210495502e-14,7.556322632479801e-14,7.556378065034783e-14,7.556433508154928e-14,7.556488961831317e-14,7.556544426054609e-14,7.556599900818168e-14,7.556655386114146e-14,7.556710881935601e-14,7.556766388273682e-14,7.556821905120442e-14,7.556877430980802e-14,7.55693296883441e-14,7.556988517160185e-14,7.557044075962698e-14,7.557099645234635e-14,7.557155224968099e-14,7.557210815155334e-14,7.557266415788395e-14,7.557322026859525e-14,7.557377648360823e-14,7.55743328028463e-14,7.557488922623047e-14,7.557544575368249e-14,7.557600238512567e-14,7.557655912048102e-14,7.557711595967076e-14,7.557767290261775e-14,7.557822994851228e-14,7.557878709129763e-14,7.557934434047989e-14,7.557990169762725e-14,7.558045915817968e-14,7.558101672127916e-14,7.55815743883066e-14,7.558213215850845e-14,7.558269003177201e-14,7.558324800801609e-14,7.558380608716136e-14,7.558436426913932e-14,7.558492255386977e-14,7.558548094127377e-14,7.558603943126892e-14,7.558659802377488e-14,7.558715671819365e-14,7.558771551549793e-14,7.55882744143891e-14,7.558883341619411e-14,7.558939252016273e-14,7.55899517261919e-14,7.55905110341869e-14,7.559107043780279e-14,7.559162994962731e-14,7.559218955681775e-14,7.55927492720639e-14,7.559330908792928e-14,7.559386900548667e-14,7.5594429024263e-14,7.559498914536616e-14,7.559554936779573e-14,7.559610969143783e-14,7.559667011623816e-14,7.559723064209993e-14,7.559779126896608e-14,7.559835199675219e-14,7.559891282538241e-14,7.559947375477915e-14,7.560003478486829e-14,7.56005959148724e-14,7.56011571460788e-14,7.56017184777921e-14,7.560227990989787e-14,7.560284144164038e-14,7.560340307427625e-14,7.560396480710196e-14,7.560452664002138e-14,7.560508857295737e-14,7.560565060582072e-14,7.560621273856208e-14,7.560677497109e-14,7.560733730264241e-14,7.56078997337829e-14,7.560846226519945e-14,7.560902489614755e-14,7.560958762651428e-14,7.561015045534146e-14,7.561071338429412e-14,7.561127641246633e-14,7.56118395397623e-14,7.561240276609075e-14,7.561296609137944e-14,7.561352951558886e-14,7.561409303792194e-14,7.561465665967998e-14,7.561522038013849e-14,7.561578419920019e-14,7.56163481161126e-14,7.561691213211562e-14,7.561747624652901e-14,7.561804045858165e-14,7.56186047695165e-14,7.561916917863528e-14,7.561973368584118e-14,7.562029829105751e-14,7.562086299421632e-14,7.562142779457511e-14,7.562199269336419e-14,7.562255768989279e-14,7.562312278406284e-14,7.562368797581368e-14,7.562425326506472e-14,7.562481865084662e-14,7.562538413485143e-14,7.562594970275225e-14,7.562651538139076e-14,7.562708115003135e-14,7.562764702281182e-14,7.562821299251605e-14,7.562877905913347e-14,7.562934522259459e-14,7.562991148283226e-14,7.563047783976095e-14,7.56310442926559e-14,7.563161084206645e-14,7.563217748863302e-14,7.563274423163414e-14,7.563331107096892e-14,7.563387800592809e-14,7.56344450377003e-14,7.563501216510904e-14,7.563557938833494e-14,7.563614670770477e-14,7.563671412352815e-14,7.563728163520805e-14,7.563784924264967e-14,7.563841694508422e-14,7.563898474379222e-14,7.563955263808801e-14,7.564012062784683e-14,7.564068871301925e-14,7.564125689352419e-14,7.564182516864579e-14,7.564239353896128e-14,7.564296200500567e-14,7.56435305660192e-14,7.564409922150528e-14,7.564466797247566e-14,7.564523681830242e-14,7.564580575887935e-14,7.564637479415955e-14,7.564694392406097e-14,7.564751314851035e-14,7.564808246743745e-14,7.564865187986138e-14,7.56492213875054e-14,7.56497909894405e-14,7.565036068557132e-14,7.565093047581788e-14,7.56515003601182e-14,7.565207033841057e-14,7.565264041061618e-14,7.565321057665441e-14,7.565378083647667e-14,7.565435119000096e-14,7.565492163648912e-14,7.565549217718149e-14,7.565606281138953e-14,7.565663353901962e-14,7.565720436000071e-14,7.565777527426498e-14,7.565834628173992e-14,7.565891738234911e-14,7.565948857542968e-14,7.566005986140701e-14,7.566063124099664e-14,7.566120271286913e-14,7.566177427812604e-14,7.566234593612895e-14,7.566291768678804e-14,7.56634895300146e-14,7.56640614657724e-14,7.566463349397963e-14,7.566520561455846e-14,7.566577782745046e-14,7.566635013256724e-14,7.566692252986668e-14,7.566749501926709e-14,7.566806760069893e-14,7.566864027347852e-14,7.566921303874277e-14,7.566978589585462e-14,7.567035884472377e-14,7.567093188528023e-14,7.567150501745525e-14,7.567207824057582e-14,7.567265155575809e-14,7.567322496236525e-14,7.567379845381901e-14,7.567437204311328e-14,7.567494572276959e-14,7.567551949432612e-14,7.567609335697945e-14,7.56766673106385e-14,7.567724135523138e-14,7.567781549068929e-14,7.567838971694734e-14,7.56789640275938e-14,7.567953842879441e-14,7.568011292710314e-14,7.568068751586138e-14,7.56812621950838e-14,7.568183696469868e-14,7.568241182463705e-14,7.568298677482994e-14,7.568356181520998e-14,7.568413694571065e-14,7.568471216626481e-14,7.568528747680362e-14,7.568586287725974e-14,7.568643836756521e-14,7.568701394765567e-14,7.568758961746002e-14,7.568816537691361e-14,7.568874122251447e-14,7.568931716100714e-14,7.56898931884278e-14,7.569046744855506e-14,7.569104179753725e-14,7.569161623436742e-14,7.569219075990856e-14,7.569276537361673e-14,7.569334007541917e-14,7.569391486279495e-14,7.569448974067e-14,7.569506470641277e-14,7.569563975999858e-14,7.569621489732907e-14,7.569679012594451e-14,7.569736544219867e-14,7.569794084604191e-14,7.569851633741816e-14,7.569909191424712e-14,7.569966758047709e-14,7.57002433344469e-14,7.570081917566324e-14,7.57013951040727e-14,7.570197111961001e-14,7.570254722037227e-14,7.57031234099444e-14,7.570369968599414e-14,7.570427604753935e-14,7.570485249769581e-14,7.570542902878224e-14,7.570600565229486e-14,7.570658235502537e-14,7.57071591516638e-14,7.570773603417343e-14,7.570831299636972e-14,7.570889005221831e-14,7.570946719438514e-14,7.571004442276431e-14,7.571062173729025e-14,7.571119913607149e-14,7.571177849107163e-14,7.571235606402796e-14,7.571293371574484e-14,7.571351145848398e-14,7.571408928770025e-14,7.571466720374379e-14,7.571524520538215e-14,7.571582329258508e-14,7.571640146467049e-14,7.571697972284546e-14,7.571755805841152e-14,7.571813647331585e-14,7.571871498035588e-14,7.571929357908595e-14,7.571987226343856e-14,7.572045103175838e-14,7.57210298851377e-14,7.572160882362942e-14,7.572218784738216e-14,7.57227669559088e-14,7.572334614901327e-14,7.572392542667492e-14,7.572450478788032e-14,7.57250842341622e-14,7.572566376564799e-14,7.572624338164993e-14,7.572682308197226e-14,7.57274028630479e-14,7.572798273060202e-14,7.572856268403304e-14,7.572914272158514e-14,7.572972284317565e-14,7.573030304470112e-14,7.573088333311383e-14,7.573146370601601e-14,7.573204414853754e-14,7.573262657330315e-14,7.573320718324083e-14,7.573378789153314e-14,7.57343705690302e-14,7.573495142986829e-14,7.573553238769095e-14,7.573611342168441e-14,7.573669454728522e-14,7.573727575507999e-14,7.573785703944643e-14,7.573843841268412e-14,7.573901987082949e-14,7.573960141089872e-14,7.574018302777511e-14,7.574076473459664e-14,7.574134652243197e-14,7.574192839298763e-14,7.574251033364934e-14,7.574309236435411e-14,7.57436744703844e-14,7.574425665894271e-14,7.574483894348178e-14,7.574542130982411e-14,7.574600375550894e-14,7.574658628741931e-14,7.574716889967394e-14,7.574775159401889e-14,7.574833436965038e-14,7.574891722942625e-14,7.574950017032009e-14,7.575008319383786e-14,7.575066629912262e-14,7.575124947206166e-14,7.575183272690254e-14,7.575241606330614e-14,7.575299948120195e-14,7.575358299092336e-14,7.575416658432665e-14,7.575475024627528e-14,7.575533400302996e-14,7.575591784118362e-14,7.575650175928626e-14,7.575708575894838e-14,7.575766983743273e-14,7.575825399634646e-14,7.575883822600956e-14,7.5759422548995e-14,7.576000695468137e-14,7.576059142716945e-14,7.576117599425144e-14,7.576176064201289e-14,7.576234537036586e-14,7.576293017911585e-14,7.576351506845999e-14,7.576410003862589e-14,7.576468508655197e-14,7.576527021554253e-14,7.576585541219856e-14,7.576644070327982e-14,7.576702607450574e-14,7.576761152458046e-14,7.576819705534185e-14,7.576878266600748e-14,7.576936834253687e-14,7.576995411327163e-14,7.577053996378877e-14,7.577112589398225e-14,7.577171190378158e-14,7.577229799314063e-14,7.577288416199535e-14,7.577347040789059e-14,7.577405673462204e-14,7.577464314118291e-14,7.577522962687598e-14,7.57758161883007e-14,7.577640283232242e-14,7.577698955553474e-14,7.57775763571771e-14,7.577816323787946e-14,7.577875019800134e-14,7.577933722359889e-14,7.577992432969845e-14,7.578051151395191e-14,7.578109878896149e-14,7.578168614258918e-14,7.578227357479583e-14,7.578286108547872e-14,7.578344867401661e-14,7.578403634152732e-14,7.578462408730952e-14,7.578521191180424e-14,7.578579981378244e-14,7.578638779350148e-14,7.578697585115602e-14,7.578756398719495e-14,7.578815220114132e-14,7.578874049346973e-14,7.578932886225955e-14,7.578991729531671e-14,7.579050582036924e-14,7.579109442321927e-14,7.579168310463138e-14,7.579227186355869e-14,7.579286069952691e-14,7.579344961154761e-14,7.579403860232846e-14,7.579462767085328e-14,7.579521681615478e-14,7.579580603918237e-14,7.579639533931957e-14,7.57969847165432e-14,7.579757416373231e-14,7.579816369490242e-14,7.579875330256397e-14,7.579934298572469e-14,7.579993274703318e-14,7.580052258509524e-14,7.580111249781756e-14,7.580170248965726e-14,7.580229255757605e-14,7.580288270198613e-14,7.58034729167709e-14,7.580406321445037e-14,7.580465358850934e-14,7.580524403839427e-14,7.58058345644966e-14,7.580642516676657e-14,7.580701584513287e-14,7.580760658620497e-14,7.580819740454149e-14,7.580878831129672e-14,7.580937929396967e-14,7.580997035197425e-14,7.581056148593752e-14,7.581115269500075e-14,7.58117439801966e-14,7.581233534141404e-14,7.581292677816434e-14,7.581351828993718e-14,7.581410987711824e-14,7.581470153968166e-14,7.581529327755194e-14,7.581588509114481e-14,7.581647697947221e-14,7.581706894339917e-14,7.581766098240432e-14,7.581825309601069e-14,7.581884528501763e-14,7.581943754894151e-14,7.58200298877247e-14,7.582062230131733e-14,7.582121478280658e-14,7.58218073458007e-14,7.582239998280354e-14,7.582299269461562e-14,7.582358548091684e-14,7.582417834168821e-14,7.582477126515306e-14,7.582536427389286e-14,7.582595735714302e-14,7.582655051389962e-14,7.582714374616202e-14,7.582773705300201e-14,7.582833043348301e-14,7.582892387449143e-14,7.582951740279891e-14,7.583011100523941e-14,7.583070468151163e-14,7.583129843171373e-14,7.583189225505808e-14,7.583248615209194e-14,7.583308012186224e-14,7.583367416652625e-14,7.58342682847066e-14,7.583486247683706e-14,7.583545674237594e-14,7.583605108080828e-14,7.583664549266287e-14,7.583723997766879e-14,7.583783453629556e-14,7.583842916762856e-14,7.583902387200037e-14,7.583961864892423e-14,7.584021349935131e-14,7.584080842265186e-14,7.584140341931303e-14,7.584199848835955e-14,7.584259362878818e-14,7.584318884368045e-14,7.58437841293782e-14,7.584437948888137e-14,7.58449749208228e-14,7.58455704250995e-14,7.584616599868173e-14,7.584676164769962e-14,7.58473573695437e-14,7.584795316360763e-14,7.584854902936356e-14,7.584914496736784e-14,7.584974096411457e-14,7.58503370470844e-14,7.58509332021098e-14,7.585152942725893e-14,7.585212572567336e-14,7.585272209455532e-14,7.585331853702025e-14,7.585391505074674e-14,7.585451163660646e-14,7.585510829363834e-14,7.585570501863652e-14,7.58563018180923e-14,7.585689868908519e-14,7.585749563252196e-14,7.585809264111503e-14,7.58586897211529e-14,7.585928687839267e-14,7.585988410639703e-14,7.586048140553973e-14,7.58610787705999e-14,7.586167620677427e-14,7.586227371941727e-14,7.58628713030205e-14,7.586346895749195e-14,7.586406668277647e-14,7.586466447832754e-14,7.586526234418431e-14,7.586586028118215e-14,7.586645828515474e-14,7.586705636327337e-14,7.586765451187568e-14,7.586825273137625e-14,7.586885102079913e-14,7.586944938008364e-14,7.58700478097445e-14,7.587064631050616e-14,7.587124487512693e-14,7.587184351504245e-14,7.587244222572415e-14,7.587304100686718e-14,7.587363985797643e-14,7.58742387771798e-14,7.58748377572641e-14,7.587543681791742e-14,7.587603594791256e-14,7.587663514762549e-14,7.587723439786353e-14,7.587783373676369e-14,7.587843314484153e-14,7.587903261683933e-14,7.587963216224133e-14,7.588023177912149e-14,7.588083146503246e-14,7.588143121920883e-14,7.588203104394347e-14,7.588263093785036e-14,7.588323088854961e-14,7.588383090894851e-14,7.588443100951045e-14,7.588503117828834e-14,7.588563141779061e-14,7.588623172533208e-14,7.588683210155686e-14,7.588743254710599e-14,7.588803306134129e-14,7.588863364427792e-14,7.58892342958272e-14,7.58898350159134e-14,7.589043580496949e-14,7.589103666248585e-14,7.589163758750924e-14,7.589223858136661e-14,7.589283964307386e-14,7.589344077395499e-14,7.589404196860284e-14,7.589464323486917e-14,7.589524456920163e-14,7.589584597214733e-14,7.589644744351579e-14,7.589704898283457e-14,7.589765058959552e-14,7.589825226420894e-14,7.589885399525549e-14,7.589945580536981e-14,7.590005768368889e-14,7.590065962918069e-14,7.590126163693055e-14,7.590186371751207e-14,7.59024658660841e-14,7.590306808029689e-14,7.590367036188481e-14,7.590427271030761e-14,7.590487512254737e-14,7.590547760222023e-14,7.590608015463902e-14,7.590668277240872e-14,7.590728545807959e-14,7.590788821139856e-14,7.590849103126087e-14,7.590909391273602e-14,7.590969686677788e-14,7.591029988729183e-14,7.591090297465265e-14,7.591150612913786e-14,7.59121093502756e-14,7.591271263807236e-14,7.591331599243234e-14,7.59139194133386e-14,7.591452289557355e-14,7.59151264441882e-14,7.591573006434412e-14,7.59163337504871e-14,7.591693750334677e-14,7.591754132241139e-14,7.591814520769218e-14,7.591874915911305e-14,7.591935317615359e-14,7.591995725972405e-14,7.592056140972121e-14,7.592116562563134e-14,7.592176990741828e-14,7.592237425459883e-14,7.592297866586356e-14,7.592358314324135e-14,7.592418767631489e-14,7.592479228677434e-14,7.59253969624047e-14,7.592600170359147e-14,7.59266065091605e-14,7.592721138122149e-14,7.592781631923867e-14,7.592842132214897e-14,7.59290263908177e-14,7.592963152422611e-14,7.593023672153041e-14,7.59308419857766e-14,7.593144731463822e-14,7.593205270862919e-14,7.593265816762904e-14,7.59332636910448e-14,7.593386927992363e-14,7.593447493314978e-14,7.593508065166666e-14,7.593568643489113e-14,7.593629228334585e-14,7.593689819598662e-14,7.593750417186789e-14,7.59381102122332e-14,7.593871631856945e-14,7.593932248935248e-14,7.593992872413596e-14,7.594053502375742e-14,7.594114138769006e-14,7.59417478158952e-14,7.594235430833013e-14,7.5942960863884e-14,7.594356748505566e-14,7.594417416951944e-14,7.594478091833465e-14,7.594538773117363e-14,7.594599460797563e-14,7.594660154915152e-14,7.594720855416626e-14,7.594781562251922e-14,7.594842275461509e-14,7.594902995089075e-14,7.594963720895705e-14,7.595024453154533e-14,7.595085191683396e-14,7.595145936661194e-14,7.595206687968285e-14,7.595267445711626e-14,7.595328209748538e-14,7.595388980117063e-14,7.595449756550666e-14,7.595510539575824e-14,7.595571328786209e-14,7.595632124305438e-14,7.59569292617566e-14,7.59575373444818e-14,7.595814549058681e-14,7.595875369872449e-14,7.59593619702434e-14,7.595997030503034e-14,7.596057870259091e-14,7.5961187162903e-14,7.596179568592362e-14,7.596240426929888e-14,7.596301291673017e-14,7.596362162761388e-14,7.596423039771446e-14,7.596483923264831e-14,7.596544813005277e-14,7.59660570907172e-14,7.596666611282023e-14,7.596727519810241e-14,7.596788434474816e-14,7.596849355306954e-14,7.596910282495441e-14,7.59697121558033e-14,7.59703215518355e-14,7.597093100662867e-14,7.597154052467578e-14,7.597215010562838e-14,7.597275974848389e-14,7.597336945099493e-14,7.597397921643786e-14,7.597458904456158e-14,7.597519893365047e-14,7.597580888507689e-14,7.597641889592077e-14,7.597702896817594e-14,7.597763910424211e-14,7.5978249299562e-14,7.597885955843841e-14,7.597946987730946e-14,7.598008025674485e-14,7.598069069859641e-14,7.598130120263897e-14,7.598191176708149e-14,7.598252239350563e-14,7.598313308097995e-14,7.598374382731151e-14,7.598435463577821e-14,7.598496550661312e-14,7.598557643619459e-14,7.598618742800807e-14,7.598679848189962e-14,7.598740959604362e-14,7.598802077090001e-14,7.598863200641578e-14,7.598924330257e-14,7.598985465929005e-14,7.599046607654325e-14,7.599107755428682e-14,7.5991689092469e-14,7.599230069110968e-14,7.599291235005911e-14,7.599352406888741e-14,7.599413584886483e-14,7.599474768903385e-14,7.599535958891785e-14,7.599597154941697e-14,7.599658356996383e-14,7.599719565054342e-14,7.599780779111184e-14,7.599841999116565e-14,7.599903225157908e-14,7.599964457184844e-14,7.600025695192606e-14,7.600086939176646e-14,7.600148189047053e-14,7.60020944488175e-14,7.600270706725177e-14,7.600331974391081e-14,7.600393248007274e-14,7.600454527538363e-14,7.600515813051455e-14,7.600577104686005e-14,7.6006384022107e-14,7.600699705712868e-14,7.60076101509665e-14,7.600822330448815e-14,7.60088365162891e-14,7.600944978633242e-14,7.601006311543846e-14,7.601067650543565e-14,7.601128995399592e-14,7.601190346193013e-14,7.601251702834841e-14,7.601313065226188e-14,7.601374433684929e-14,7.601435807930779e-14,7.601497188144872e-14,7.601558574179642e-14,7.601619966035049e-14,7.601681363798426e-14,7.601742767423535e-14,7.601804176941886e-14,7.601865592267304e-14,7.601927013429193e-14,7.601988440475664e-14,7.60204987335684e-14,7.6021113120682e-14,7.60217275656611e-14,7.602234206925865e-14,7.602295663063219e-14,7.602357124963239e-14,7.602418592723107e-14,7.60248006622632e-14,7.602541545536999e-14,7.602603030518408e-14,7.602664521318332e-14,7.602726018006552e-14,7.602787520517244e-14,7.602849028803247e-14,7.602910542862616e-14,7.602972062692306e-14,7.603033588333614e-14,7.603095119572879e-14,7.6031566565104e-14,7.603218199375023e-14,7.60327974784694e-14,7.603341302200679e-14,7.603402862341013e-14,7.603464428059276e-14,7.603525999496427e-14,7.603587576647054e-14,7.603649159607272e-14,7.603710748382183e-14,7.60377234286673e-14,7.603833943010241e-14,7.6038955489051e-14,7.603957160456473e-14,7.604018777527071e-14,7.604080400514955e-14,7.604142029110986e-14,7.604203663464358e-14,7.604265303499663e-14,7.604326949209914e-14,7.604388600554724e-14,7.604450257552075e-14,7.60451192025996e-14,7.604573588443339e-14,7.604635262463244e-14,7.604696941912133e-14,7.604758627182194e-14,7.604820318137267e-14,7.604882014682635e-14,7.604943716823473e-14,7.605005424678064e-14,7.605067138154286e-14,7.605128857249682e-14,7.605190581961479e-14,7.605252312020304e-14,7.605314047898597e-14,7.605375789430119e-14,7.605437536479202e-14,7.605499289206741e-14,7.605561047521921e-14,7.605622811426054e-14,7.605684580910017e-14,7.605746355970172e-14,7.60580813655852e-14,7.605869922715433e-14,7.605931714400253e-14,7.605993511736616e-14,7.606055314621807e-14,7.606117123015232e-14,7.606178936954635e-14,7.606240756402076e-14,7.606302581475143e-14,7.60636441208447e-14,7.606426248145216e-14,7.606488089589359e-14,7.606549936733821e-14,7.606611789396589e-14,7.60667364757442e-14,7.60673551103885e-14,7.606797380277655e-14,7.606859254938988e-14,7.60692113513819e-14,7.606983020796812e-14,7.607044911974675e-14,7.607106808504383e-14,7.607168710654444e-14,7.607230618252248e-14,7.60729253135245e-14,7.607354449891131e-14,7.607416373925905e-14,7.607478303425894e-14,7.607540238348304e-14,7.607602178716737e-14,7.607664124618791e-14,7.607726075968847e-14,7.607788032533576e-14,7.607849994765127e-14,7.607911962428077e-14,7.607973935472398e-14,7.608035913537871e-14,7.608097897397492e-14,7.608159886664598e-14,7.608221881432926e-14,7.608283881520482e-14,7.60834588705553e-14,7.608407897946752e-14,7.608469914328976e-14,7.608531936095766e-14,7.608593963252266e-14,7.608655995745894e-14,7.608718033619614e-14,7.608780076695138e-14,7.608842125319861e-14,7.608904179310937e-14,7.60896623852598e-14,7.609028303240561e-14,7.609090373310835e-14,7.609152448731882e-14,7.609214529504196e-14,7.609276615618044e-14,7.60933870709688e-14,7.609400803904496e-14,7.60946290585138e-14,7.609525013081848e-14,7.609587125899522e-14,7.60964924399337e-14,7.609711367402766e-14,7.609773496171104e-14,7.609835629798813e-14,7.609897769135247e-14,7.60995991374286e-14,7.6100220637171e-14,7.610084218912011e-14,7.610146379279196e-14,7.610208544934013e-14,7.610270716008142e-14,7.61033289240546e-14,7.610395074072725e-14,7.610457260824182e-14,7.610519452978737e-14,7.610581650394546e-14,7.61064385311366e-14,7.610706061038103e-14,7.610768274211073e-14,7.61083049262867e-14,7.610892716150763e-14,7.610954945043652e-14,7.61101717917069e-14,7.61107941857442e-14,7.611141663203086e-14,7.611203913052692e-14,7.611266168039214e-14,7.611328428269065e-14,7.611390693571161e-14,7.61145296413585e-14,7.6115152399554e-14,7.611577520998174e-14,7.611639807242803e-14,7.611702098637672e-14,7.611764395255102e-14,7.611826697016121e-14,7.611889003853433e-14,7.611951315864146e-14,7.61201363323113e-14,7.612075955764993e-14,7.612138283460965e-14,7.612200616321855e-14,7.612262954329948e-14,7.612325297490507e-14,7.612387645797948e-14,7.61244999920152e-14,7.612512357744628e-14,7.61257472142381e-14,7.612637090233686e-14,7.612699464031308e-14,7.612761843139929e-14,7.612824227321227e-14,7.612886616619698e-14,7.612949011030929e-14,7.613011410557003e-14,7.613073815008572e-14,7.613136224681869e-14,7.613198639329724e-14,7.613261059246703e-14,7.613323484297398e-14,7.613385914400437e-14,7.613448349586064e-14,7.613510789799401e-14,7.613573235125361e-14,7.613635685347038e-14,7.613698140792977e-14,7.613760601173333e-14,7.613823066728018e-14,7.61388553722739e-14,7.613948012945993e-14,7.61401049370298e-14,7.614072979479303e-14,7.614135470298571e-14,7.614197966172584e-14,7.614260466922205e-14,7.61432297289324e-14,7.614385483880637e-14,7.614447999857195e-14,7.614510520855804e-14,7.614573046822404e-14,7.614635577874236e-14,7.614698113882835e-14,7.614760654929266e-14,7.614823200936784e-14,7.614885751975186e-14,7.614948308015514e-14,7.615010869045481e-14,7.615073435059043e-14,7.615136006040183e-14,7.615198581913285e-14,7.615261162858805e-14,7.615323748768983e-14,7.615386339643928e-14,7.615448935432541e-14,7.615511536164583e-14,7.615574141719841e-14,7.615636752416781e-14,7.615699368059637e-14,7.615761988456227e-14,7.615824613932454e-14,7.615887244392067e-14,7.615949879783045e-14,7.616012520054538e-14,7.616075165250155e-14,7.616137815363205e-14,7.616200470443048e-14,7.616263130435715e-14,7.616325795256928e-14,7.616388464983344e-14,7.616451139600125e-14,7.616513819157061e-14,7.616576503582556e-14,7.616639192921671e-14,7.616701887151682e-14,7.616764586314117e-14,7.616827290356956e-14,7.616889999087262e-14,7.616952712829872e-14,7.617015431266355e-14,7.617078154710164e-14,7.617140883052505e-14,7.617203616250504e-14,7.617266354265098e-14,7.617329097158494e-14,7.617391844952743e-14,7.617454597369108e-14,7.617517354797776e-14,7.617580117063762e-14,7.61764288412786e-14,7.61770565601694e-14,7.617768432731057e-14,7.617831214276673e-14,7.617894000719171e-14,7.617956791927097e-14,7.618019587961739e-14,7.618082388803614e-14,7.618145194434335e-14,7.618208004882779e-14,7.618270820156874e-14,7.618333640222416e-14,7.618396465085676e-14,7.618459294676153e-14,7.618522129097537e-14,7.618584968305895e-14,7.618647812279128e-14,7.618710661032572e-14,7.618773514325622e-14,7.61883637255654e-14,7.618899235544936e-14,7.618962429256854e-14,7.619025301749892e-14,7.619088505154437e-14,7.619151387256646e-14,7.61921427409046e-14,7.61927749191422e-14,7.619340714548664e-14,7.619403941976138e-14,7.619467174221712e-14,7.619530411245165e-14,7.619593653066343e-14,7.619656899701028e-14,7.619720151109177e-14,7.619783407318705e-14,7.619846668293576e-14,7.619909934063516e-14,7.619973204528006e-14,7.620036479844676e-14,7.620099759928211e-14,7.62016304475535e-14,7.620226334347544e-14,7.62028962871261e-14,7.620352927811587e-14,7.620416231679815e-14,7.620479540294549e-14,7.620542853651706e-14,7.62060617172644e-14,7.620669494558542e-14,7.62073282212259e-14,7.620796154340404e-14,7.620859491341294e-14,7.620922833063513e-14,7.620986179500458e-14,7.621049530671184e-14,7.621112886534045e-14,7.6211762471227e-14,7.621239612337647e-14,7.621302982330019e-14,7.621366357002303e-14,7.621429736386102e-14,7.62149312045765e-14,7.621556509215092e-14,7.621619902654851e-14,7.621683300773775e-14,7.621746703568198e-14,7.621810111034528e-14,7.62187352316938e-14,7.621936939969056e-14,7.622000361430209e-14,7.62206378741933e-14,7.622127218192862e-14,7.622190653617335e-14,7.622254093558207e-14,7.622317538273688e-14,7.622380987629941e-14,7.622444441623347e-14,7.622507900250248e-14,7.622571363506895e-14,7.622634831390096e-14,7.622698303896376e-14,7.622761781022312e-14,7.622825262699888e-14,7.622888749054929e-14,7.622952239951742e-14,7.623015735521331e-14,7.623079235693273e-14,7.623142740447945e-14,7.623206249798473e-14,7.623269763756613e-14,7.623333282303387e-14,7.623396805414952e-14,7.623460333108895e-14,7.623523865272034e-14,7.623587402073858e-14,7.623650943445396e-14,7.623714489432534e-14,7.623778039988294e-14,7.623841595118866e-14,7.623905154807315e-14,7.623968719049595e-14,7.624032287842824e-14,7.624095861183105e-14,7.624159439052068e-14,7.624223021462877e-14,7.624286608424849e-14,7.624350199920538e-14,7.624413795947312e-14,7.624477396433504e-14,7.624541001509447e-14,7.624604611105494e-14,7.624668225218297e-14,7.624731843718707e-14,7.624795466726185e-14,7.624859094368448e-14,7.624922726513921e-14,7.624986363159127e-14,7.625050004174465e-14,7.625113649793699e-14,7.625177299917887e-14,7.625240954399432e-14,7.625304613492918e-14,7.625368277066905e-14,7.625431945115964e-14,7.62549561763766e-14,7.625559294628785e-14,7.625622976085989e-14,7.625686661991337e-14,7.625750352371785e-14,7.625814047144085e-14,7.625877746432277e-14,7.625941450155939e-14,7.626005158274521e-14,7.626068870905224e-14,7.626132587958139e-14,7.626196309460515e-14,7.626260035395499e-14,7.62632376575897e-14,7.626387500548102e-14,7.626451239759881e-14,7.626514983393775e-14,7.626578731424633e-14,7.626642483822172e-14,7.626706240691399e-14,7.626770001967102e-14,7.626833767645149e-14,7.626897537665103e-14,7.626961312140093e-14,7.627025091006795e-14,7.627088874263423e-14,7.627152661905919e-14,7.627216453932665e-14,7.627280250337891e-14,7.627344051119743e-14,7.627407856274496e-14,7.62747166580037e-14,7.627535479691498e-14,7.627599297946088e-14,7.627663120563351e-14,7.627726947534473e-14,7.627790778797451e-14,7.627854614472316e-14,7.627918454494224e-14,7.627982298859824e-14,7.628046147565752e-14,7.628110000594543e-14,7.628173857909546e-14,7.628237719616923e-14,7.628301585651644e-14,7.628365456011754e-14,7.628429330691826e-14,7.628493209689466e-14,7.628557093001476e-14,7.628620980563445e-14,7.628684872479542e-14,7.628748768716408e-14,7.628812669253675e-14,7.628876574088787e-14,7.628940483205454e-14,7.629004396627472e-14,7.629068314337919e-14,7.629132236320004e-14,7.629196162597897e-14,7.629260093154656e-14,7.629324027987166e-14,7.62938796709241e-14,7.629451910466914e-14,7.629515858107493e-14,7.629579810010764e-14,7.629643766160168e-14,7.629707726579401e-14,7.629771691252144e-14,7.629835660174973e-14,7.629899633344329e-14,7.629963610757368e-14,7.630027592411321e-14,7.630091578302502e-14,7.630155568427814e-14,7.630219562769742e-14,7.63028356135386e-14,7.630347564150498e-14,7.63041157118065e-14,7.630475582418144e-14,7.630539597881628e-14,7.630603617556666e-14,7.630667641440397e-14,7.630731669410828e-14,7.630795701647215e-14,7.6308597380786e-14,7.630923778707878e-14,7.630987823528414e-14,7.631051872538956e-14,7.63111592579603e-14,7.631179983177927e-14,7.631244044740085e-14,7.631308110538004e-14,7.631372180511613e-14,7.631436254538429e-14,7.631500332852652e-14,7.631564415328299e-14,7.631628501965989e-14,7.631692592762154e-14,7.631756687713789e-14,7.631820786812245e-14,7.631884890066351e-14,7.6319489974063e-14,7.632013108948072e-14,7.632077224629352e-14,7.632141344447263e-14,7.632205468398787e-14,7.632269596481187e-14,7.632333728690635e-14,7.63239786502432e-14,7.632462005479565e-14,7.632526150052888e-14,7.632590298741176e-14,7.632654451541235e-14,7.632718608438637e-14,7.632782769453023e-14,7.632846934570255e-14,7.63291110378831e-14,7.632975277101316e-14,7.633039454508098e-14,7.633103635945259e-14,7.633167821516511e-14,7.63323201118514e-14,7.633296204875693e-14,7.63336040270452e-14,7.633424604610506e-14,7.63348881052572e-14,7.633553020556139e-14,7.633617234651808e-14,7.633681452823676e-14,7.633745675042038e-14,7.633809901270892e-14,7.633874131554498e-14,7.633938365934058e-14,7.634002604374452e-14,7.634066846859307e-14,7.634131093368104e-14,7.634195343918064e-14,7.634259598502547e-14,7.634323857134766e-14,7.634388119796795e-14,7.634452386485073e-14,7.63451665719665e-14,7.634580931928146e-14,7.634645210676905e-14,7.634709493440312e-14,7.634773780214537e-14,7.634838070996994e-14,7.634902365784681e-14,7.634966664561886e-14,7.635030967338262e-14,7.635095274123581e-14,7.635159584902409e-14,7.635223899671081e-14,7.635288218413872e-14,7.635352541140944e-14,7.635416867862354e-14,7.635481198561892e-14,7.635545533224178e-14,7.63560987186058e-14,7.635674214415136e-14,7.63573856098418e-14,7.63580291146868e-14,7.635867265975356e-14,7.635931624440754e-14,7.635995986847097e-14,7.63606035316291e-14,7.6361247234191e-14,7.63618909768282e-14,7.636253475889176e-14,7.636317858019369e-14,7.636382244038307e-14,7.636446634036116e-14,7.636511027928467e-14,7.636575425750957e-14,7.63663982755048e-14,7.636704233215878e-14,7.636768642795844e-14,7.636833056295904e-14,7.63689747376513e-14,7.636961895144525e-14,7.637026320416768e-14,7.637090749598307e-14,7.637155182690421e-14,7.63721961963169e-14,7.637284060502665e-14,7.637348505267347e-14,7.637412953935402e-14,7.637477406490108e-14,7.637541862873763e-14,7.637606323131308e-14,7.637670787314292e-14,7.637735255386078e-14,7.637799727329935e-14,7.63786420314298e-14,7.637928682813891e-14,7.637993166313982e-14,7.63805765365305e-14,7.63812214491417e-14,7.63818664001809e-14,7.638251138975267e-14,7.63831564179349e-14,7.638380148440204e-14,7.63844465894591e-14,7.638509173292005e-14,7.638573691412784e-14,7.638638213417624e-14,7.638702739256166e-14,7.638767268869527e-14,7.638831802375046e-14,7.638896339702179e-14,7.638960880793981e-14,7.63902542570353e-14,7.639089974427961e-14,7.63915452696348e-14,7.639219083362446e-14,7.639283643553094e-14,7.639348207562396e-14,7.639412775370198e-14,7.639477346974744e-14,7.63954192232216e-14,7.639606501512577e-14,7.639671084479703e-14,7.63973567124515e-14,7.63980026174195e-14,7.639864856071994e-14,7.639929454171617e-14,7.639994056051601e-14,7.640058661690097e-14,7.640123271110541e-14,7.640187884284278e-14,7.640252501234339e-14,7.640317121944771e-14,7.640381746402863e-14,7.640446374610157e-14,7.640511006584141e-14,7.640575642309119e-14,7.640640281778931e-14,7.640704924979319e-14,7.640769571933163e-14,7.640834222608591e-14,7.640898876986317e-14,7.640963535132474e-14,7.641028197007324e-14,7.641092862560799e-14,7.641157531838087e-14,7.641222204836033e-14,7.641286881613595e-14,7.641351562094629e-14,7.641416246300009e-14,7.641480934201477e-14,7.641545625824306e-14,7.641610321139471e-14,7.641675020154182e-14,7.641739722867796e-14,7.641804429291013e-14,7.641869139394672e-14,7.641933853188435e-14,7.64199857068224e-14,7.642063291848618e-14,7.642128016709961e-14,7.642192745237985e-14,7.642257477397391e-14,7.642322213287725e-14,7.6423869528497e-14,7.642451696079455e-14,7.642516442974721e-14,7.642581193532755e-14,7.642645947750733e-14,7.642710705626102e-14,7.642775467155976e-14,7.642840232323133e-14,7.642905001153933e-14,7.642969773631019e-14,7.643034549753932e-14,7.643099329515958e-14,7.643164112801922e-14,7.64322889972957e-14,7.643293690384975e-14,7.643358484573666e-14,7.643423282485719e-14,7.643488084035536e-14,7.64355288920706e-14,7.643617697997601e-14,7.643682510403853e-14,7.643747326411021e-14,7.643812146029393e-14,7.643876969268935e-14,7.643941796100338e-14,7.644006626534924e-14,7.644071460571364e-14,7.644136298202586e-14,7.644201139442393e-14,7.644265984263665e-14,7.644330832670696e-14,7.64439568466308e-14,7.644460540238813e-14,7.644525399400109e-14,7.644590262087624e-14,7.644655128351924e-14,7.644719998238902e-14,7.644784871647499e-14,7.644849748624949e-14,7.644914629216968e-14,7.644979513382857e-14,7.645044401108358e-14,7.645109292390767e-14,7.645174187227696e-14,7.645239085603749e-14,7.645303987529397e-14,7.645368892998946e-14,7.645433802028634e-14,7.645498714584718e-14,7.645563630692059e-14,7.645628550335123e-14,7.645693473497642e-14,7.645758400204317e-14,7.645823330438678e-14,7.645888264142632e-14,7.64595320142467e-14,7.646018142211707e-14,7.646083086532818e-14,7.646148034316177e-14,7.646212985599276e-14,7.646277940437379e-14,7.646342898793629e-14,7.646407860659194e-14,7.646472826025549e-14,7.646537794891216e-14,7.646602767253065e-14,7.646667743058083e-14,7.646732722394158e-14,7.646797705210277e-14,7.646862691521977e-14,7.646927681314629e-14,7.646992674600562e-14,7.647057671298831e-14,7.647122671469511e-14,7.647187675162815e-14,7.647252682342295e-14,7.647317692933321e-14,7.647382707045033e-14,7.647447724603748e-14,7.64751274563715e-14,7.647577770126812e-14,7.647642798082174e-14,7.647707829478751e-14,7.647772864326682e-14,7.647837902604255e-14,7.647902944342873e-14,7.647967989467136e-14,7.648033038034932e-14,7.648098090035158e-14,7.64816314550651e-14,7.64822820442422e-14,7.648293266769867e-14,7.648358332542102e-14,7.64842340172487e-14,7.6484884743408e-14,7.64855355037567e-14,7.648618629825541e-14,7.64868371268852e-14,7.648748798962759e-14,7.64881388864504e-14,7.648878981732765e-14,7.648944078223471e-14,7.649009178101424e-14,7.649074281390342e-14,7.649139388061484e-14,7.649204498126389e-14,7.649269611580452e-14,7.649334728434972e-14,7.649399848674584e-14,7.649464972296627e-14,7.649530099298687e-14,7.649595229615185e-14,7.649660363355563e-14,7.64972550042413e-14,7.649790640907994e-14,7.64985578477202e-14,7.649920931988358e-14,7.64998608251623e-14,7.650051236453118e-14,7.650116393761141e-14,7.650181554410235e-14,7.650246718412374e-14,7.650311885779298e-14,7.650377056478205e-14,7.650442230533838e-14,7.650507407931561e-14,7.650572588668917e-14,7.650637772743383e-14,7.650702960153223e-14,7.650768150895165e-14,7.650833344966741e-14,7.650898542364607e-14,7.650963743077175e-14,7.651028947109265e-14,7.65109415446172e-14,7.651159365085286e-14,7.651224579084419e-14,7.651289796379688e-14,7.651355016998309e-14,7.651420240924178e-14,7.651485468154635e-14,7.651550698687409e-14,7.651615932519833e-14,7.651681169652043e-14,7.651746410062523e-14,7.651811653766684e-14,7.651876900773416e-14,7.651942151066629e-14,7.65200740464471e-14,7.652072661505264e-14,7.652137921633696e-14,7.652203185051805e-14,7.652268451730793e-14,7.652333721696443e-14,7.652398994933201e-14,7.652464271437537e-14,7.652529551207104e-14,7.652594834226052e-14,7.652660120517993e-14,7.652725410055998e-14,7.65279070286131e-14,7.652855998919573e-14,7.652921298228313e-14,7.652986600785285e-14,7.653051906588803e-14,7.653117215634682e-14,7.653182527921344e-14,7.653247843446428e-14,7.653313162207504e-14,7.653378484202964e-14,7.653443809428623e-14,7.653509137882959e-14,7.653574469563536e-14,7.653639804467925e-14,7.653705142547463e-14,7.653770483880623e-14,7.653835828429487e-14,7.653901176191895e-14,7.653966527179196e-14,7.65403188131585e-14,7.654097238719254e-14,7.654162599327251e-14,7.654227963127185e-14,7.654293330137063e-14,7.654358700344275e-14,7.654424073747292e-14,7.65448945034192e-14,7.654554830126629e-14,7.654620213099058e-14,7.654685599134457e-14,7.65475098847487e-14,7.654816380997115e-14,7.654881776683837e-14,7.654947175559167e-14,7.6550125776118e-14,7.65507798281416e-14,7.655143391202546e-14,7.655208802742259e-14,7.655274217445578e-14,7.655339635313218e-14,7.655405056343248e-14,7.655470480523222e-14,7.655535907857905e-14,7.655601338361345e-14,7.655666771997981e-14,7.6557322087802e-14,7.655797648715144e-14,7.655863091795438e-14,7.655928538022533e-14,7.655993987369163e-14,7.656059439856177e-14,7.656124895490812e-14,7.656190354242845e-14,7.65625581613682e-14,7.656321281155806e-14,7.656386749299643e-14,7.656452220563818e-14,7.65651769494703e-14,7.656583172446943e-14,7.656648653042859e-14,7.656714136770198e-14,7.656779623593212e-14,7.656845113517427e-14,7.656910606556495e-14,7.656976102712281e-14,7.657041601964056e-14,7.657107104323788e-14,7.657172609769384e-14,7.657238118248744e-14,7.657303629878906e-14,7.657369144598976e-14,7.657434662405502e-14,7.657500183296094e-14,7.65756570726865e-14,7.657631234320665e-14,7.65769676445331e-14,7.657762297657456e-14,7.657827833934265e-14,7.657893373281333e-14,7.657958915567037e-14,7.658024460918368e-14,7.658090009405696e-14,7.658155560993655e-14,7.658221115656712e-14,7.658286673320075e-14,7.658352234098437e-14,7.658417797925182e-14,7.658483364805111e-14,7.658548934727633e-14,7.658614507696288e-14,7.658680083706702e-14,7.658745662740102e-14,7.658811244829345e-14,7.658876829954428e-14,7.658942418095725e-14,7.659008009219852e-14,7.659073603438783e-14,7.659139200684737e-14,7.659204800956449e-14,7.659270404250486e-14,7.659336010564586e-14,7.659401619896404e-14,7.659467232243746e-14,7.659532847604285e-14,7.659598465975876e-14,7.659664087356167e-14,7.659729711746717e-14,7.659795339141456e-14,7.659860969523968e-14,7.659926602901843e-14,7.65999223927776e-14,7.660057878661797e-14,7.660123521043868e-14,7.660189166416604e-14,7.660254814777805e-14,7.660320466120124e-14,7.660386120447388e-14,7.660451777625619e-14,7.660517437912798e-14,7.660583101178846e-14,7.660648767418524e-14,7.66071443663245e-14,7.660780108815649e-14,7.660845783950137e-14,7.660911462069257e-14,7.660977143141037e-14,7.661042827184383e-14,7.661108514188305e-14,7.661174204149339e-14,7.661239897065655e-14,7.661305592938904e-14,7.661371291758655e-14,7.661436993525129e-14,7.661502698224437e-14,7.661568405881294e-14,7.661634116479884e-14,7.661699830017944e-14,7.661765546494697e-14,7.661831265906569e-14,7.661896988251242e-14,7.661962713525045e-14,7.662028441728997e-14,7.66209417284203e-14,7.662159906895244e-14,7.662225643871781e-14,7.662291383755771e-14,7.662357126568149e-14,7.662422872297379e-14,7.662488620922336e-14,7.662554372461304e-14,7.662620126921987e-14,7.662685884289308e-14,7.662751644562609e-14,7.66281740773673e-14,7.662883173812396e-14,7.662948942790543e-14,7.663014714589665e-14,7.663080489336006e-14,7.663146266988956e-14,7.663212047520195e-14,7.663277830939716e-14,7.663343617238224e-14,7.663409406420483e-14,7.663475198498019e-14,7.66354099345547e-14,7.66360679128763e-14,7.663672591993911e-14,7.663738395572165e-14,7.663804202002895e-14,7.663870011302344e-14,7.663935823485158e-14,7.664001638511859e-14,7.664067456402e-14,7.664133277166965e-14,7.664199100788749e-14,7.664264927265326e-14,7.664330756517577e-14,7.664396588678885e-14,7.664462423708586e-14,7.664528261502484e-14,7.664594102220534e-14,7.664659945780778e-14,7.66472579216448e-14,7.664791641386356e-14,7.664857493459762e-14,7.664923348373399e-14,7.664989206113264e-14,7.665055066682317e-14,7.66512093007843e-14,7.665186796278918e-14,7.665252665322951e-14,7.66531853716956e-14,7.665384411853044e-14,7.665450289333886e-14,7.66551616965361e-14,7.665582052699793e-14,7.665647938634499e-14,7.665713827377468e-14,7.665779718928109e-14,7.665845613203758e-14,7.665911510365376e-14,7.665977410319602e-14,7.666043313088204e-14,7.666109218617375e-14,7.666175126942977e-14,7.666241038059427e-14,7.666306951980633e-14,7.66637286867058e-14,7.666438788165813e-14,7.666504710449467e-14,7.666570635506404e-14,7.66663656333038e-14,7.66670249394472e-14,7.666768427331654e-14,7.666834363472303e-14,7.66690030232111e-14,7.666966244018975e-14,7.667032188483408e-14,7.667098135629147e-14,7.667164085539448e-14,7.667230038212088e-14,7.667295993701049e-14,7.667361951965952e-14,7.667427912986591e-14,7.667493876737983e-14,7.667559843183458e-14,7.667625812453642e-14,7.667691784301151e-14,7.667757759059658e-14,7.667823736537423e-14,7.667889716777553e-14,7.667955699754979e-14,7.668021685474233e-14,7.668087673920282e-14,7.668153665097718e-14,7.668219658981304e-14,7.668285655591422e-14,7.668351654950559e-14,7.668417657032654e-14,7.668483661835721e-14,7.668549669357811e-14,7.668615679594675e-14,7.668681689100685e-14,7.668747704767343e-14,7.668813723129515e-14,7.668879740766382e-14,7.668945764535618e-14,7.669011787580507e-14,7.669077813326357e-14,7.669143841772274e-14,7.669209876347773e-14,7.669275913619162e-14,7.669341950149801e-14,7.66940799280969e-14,7.669474034720036e-14,7.669540082759192e-14,7.66960613333091e-14,7.669672183296244e-14,7.669738239390378e-14,7.669804298162953e-14,7.669870359615022e-14,7.669936420290091e-14,7.670002487092125e-14,7.670068553111821e-14,7.670134625250617e-14,7.670200696604952e-14,7.67026677062494e-14,7.670332847307602e-14,7.670398926658436e-14,7.67046500865956e-14,7.670531093314299e-14,7.670597180627722e-14,7.670663270592783e-14,7.670729363208558e-14,7.67079545847308e-14,7.670861556385392e-14,7.670927660344254e-14,7.670993763554398e-14,7.671059869395122e-14,7.671125977874698e-14,7.671192088991076e-14,7.67125820274135e-14,7.671324322543529e-14,7.671390441571792e-14,7.671456563215871e-14,7.671522690895541e-14,7.671588817791166e-14,7.67165494730958e-14,7.671721079449085e-14,7.671787217627285e-14,7.671853358432885e-14,7.671919498425189e-14,7.671985641029662e-14,7.672051786252383e-14,7.672117934086258e-14,7.672184084518686e-14,7.672250237557322e-14,7.672316393199419e-14,7.672382551442296e-14,7.672448712285488e-14,7.672514875725584e-14,7.67258104175951e-14,7.672647213830424e-14,7.672713385052059e-14,7.6727795588617e-14,7.672845735261007e-14,7.672911914256146e-14,7.672978095826022e-14,7.67304427997804e-14,7.673110466710252e-14,7.673176656020214e-14,7.673242847907033e-14,7.673309042377058e-14,7.673375242877594e-14,7.673441442481516e-14,7.673507644663415e-14,7.673573852859793e-14,7.673640060172742e-14,7.673706270046892e-14,7.673772485931931e-14,7.673838700928326e-14,7.673904921939789e-14,7.673971142040139e-14,7.674037364700194e-14,7.67410358990918e-14,7.674169817669903e-14,7.674236047976497e-14,7.674302280830163e-14,7.674368516221974e-14,7.67443475416028e-14,7.674500998123602e-14,7.67456724113778e-14,7.674633486686218e-14,7.674699738248594e-14,7.674765988864027e-14,7.674832242010334e-14,7.67489849768731e-14,7.674964755890589e-14,7.67503101855891e-14,7.675097281809166e-14,7.675163549522131e-14,7.675229819754029e-14,7.675296092505617e-14,7.675362367772889e-14,7.67542864555245e-14,7.675494925843952e-14,7.67556120864553e-14,7.675627492010721e-14,7.675693777881658e-14,7.675760066256658e-14,7.675826357133804e-14,7.675892653999484e-14,7.67595895336992e-14,7.676025255162887e-14,7.676091557976941e-14,7.676157864847377e-14,7.67622417264552e-14,7.676290484495511e-14,7.676356797270536e-14,7.676423112531811e-14,7.676489430276361e-14,7.676555750502855e-14,7.676622074765258e-14,7.676688401508344e-14,7.676754729170028e-14,7.67682106086521e-14,7.676887395035053e-14,7.676953731586216e-14,7.677020069136559e-14,7.677086409151861e-14,7.677152751634629e-14,7.677219096578517e-14,7.67728544398447e-14,7.677351793850118e-14,7.677418146170718e-14,7.677484500949621e-14,7.677550858183218e-14,7.677617217869084e-14,7.677683580005393e-14,7.67774994458977e-14,7.677816311621467e-14,7.677882681098135e-14,7.677949053017892e-14,7.678015427378925e-14,7.678081804178813e-14,7.678148183416879e-14,7.678214565092502e-14,7.678280949202112e-14,7.678347335741456e-14,7.678413724711103e-14,7.678480116111598e-14,7.678546509936354e-14,7.67861290618592e-14,7.678679304858507e-14,7.678745705952283e-14,7.678812109466023e-14,7.678878515393827e-14,7.67894492374031e-14,7.679011332542026e-14,7.679077745714491e-14,7.679144161297829e-14,7.679210579294686e-14,7.67927699969259e-14,7.67934342249738e-14,7.679409845750089e-14,7.67947627335769e-14,7.679542703364855e-14,7.679609135769685e-14,7.679675570569743e-14,7.679742007763875e-14,7.679808447350893e-14,7.679874889324996e-14,7.679941333688074e-14,7.680007780441191e-14,7.680074229575558e-14,7.680140681096442e-14,7.680207134999462e-14,7.680273591276742e-14,7.680340049936778e-14,7.680406510970168e-14,7.680472974383469e-14,7.680539440166675e-14,7.680605908321343e-14,7.680672378844393e-14,7.680738851735314e-14,7.680805326991113e-14,7.680871806136988e-14,7.68093828611894e-14,7.681004768461241e-14,7.681071253157671e-14,7.681137740214356e-14,7.681204229626563e-14,7.681270721388684e-14,7.681337215505282e-14,7.681403711966269e-14,7.681470210780238e-14,7.681536711940099e-14,7.681603215444291e-14,7.681669721291023e-14,7.6817362294736e-14,7.681802739998276e-14,7.681869252864202e-14,7.681935768063429e-14,7.682002285598585e-14,7.682068805462811e-14,7.68213532765798e-14,7.682201852180913e-14,7.682268379026201e-14,7.682334908203862e-14,7.682401439697699e-14,7.682467973520125e-14,7.682534509660027e-14,7.682601048113943e-14,7.682667588887403e-14,7.68273413195725e-14,7.682800677361126e-14,7.682867225072913e-14,7.682933775094868e-14,7.683000327424417e-14,7.683066882062118e-14,7.683133438983922e-14,7.683199998220373e-14,7.683266559759096e-14,7.683333123600774e-14,7.683399689721843e-14,7.683466258156099e-14,7.683532828883448e-14,7.683599401899121e-14,7.683665977204309e-14,7.683732554802712e-14,7.683799134686011e-14,7.683865716856507e-14,7.683932301307793e-14,7.683998888038763e-14,7.68406547705027e-14,7.684132068344412e-14,7.68419866191594e-14,7.68426525776497e-14,7.68433185588384e-14,7.684398456275043e-14,7.68446505893029e-14,7.684531663859429e-14,7.684598271054945e-14,7.68466488051435e-14,7.684731492237627e-14,7.684798106221327e-14,7.684864722468145e-14,7.684931340970238e-14,7.684997961727695e-14,7.685064584734117e-14,7.685131209999769e-14,7.685197837519331e-14,7.685264467280431e-14,7.68533109929732e-14,7.685397733553415e-14,7.685464370050574e-14,7.685531008791627e-14,7.685597649775056e-14,7.685664292995012e-14,7.685730938454334e-14,7.685797586150428e-14,7.68586423608081e-14,7.685930888252062e-14,7.685997542644222e-14,7.686064199272769e-14,7.686130858106816e-14,7.686197519182243e-14,7.686264182466197e-14,7.686330847994213e-14,7.686397515735083e-14,7.686464185696736e-14,7.68653085788276e-14,7.686597532284695e-14,7.686664208894557e-14,7.686730893292581e-14,7.686797579901898e-14,7.686864268720249e-14,7.686930959750145e-14,7.686997652987008e-14,7.687064342849855e-14,7.687131040489471e-14,7.687197740329376e-14,7.687264442370857e-14,7.687331146610712e-14,7.687397853052426e-14,7.68746456168399e-14,7.687531272509581e-14,7.687597985531713e-14,7.687664700739019e-14,7.687731418134788e-14,7.68779813771544e-14,7.68786485948352e-14,7.687931583434864e-14,7.687998309566242e-14,7.688065037878039e-14,7.688131768368336e-14,7.688198495438006e-14,7.688265224679797e-14,7.688331961697514e-14,7.688398700885937e-14,7.688465442244928e-14,7.68853218577442e-14,7.68859893147117e-14,7.688665679331784e-14,7.688732429356394e-14,7.688799181543376e-14,7.688865935891091e-14,7.688932686789675e-14,7.688999445454037e-14,7.689066206274267e-14,7.689132969250456e-14,7.689199734379056e-14,7.689266501667466e-14,7.689333271090223e-14,7.689400042676634e-14,7.689466816405055e-14,7.689533592272738e-14,7.689600370288967e-14,7.689667150440894e-14,7.689733932730991e-14,7.689800717159246e-14,7.689867503721434e-14,7.689934292428429e-14,7.690001083261549e-14,7.690067870620991e-14,7.690134665722953e-14,7.690201462946325e-14,7.690268256657812e-14,7.690335058134929e-14,7.690401854114533e-14,7.690468659830285e-14,7.690535467671981e-14,7.690602272016543e-14,7.690669078477174e-14,7.690735887055869e-14,7.690802703351416e-14,7.690869516154737e-14,7.690936331063835e-14,7.691003148085425e-14,7.691069967213803e-14,7.691136788444575e-14,7.69120361177899e-14,7.69127043721823e-14,7.69133726475793e-14,7.691404094396589e-14,7.691470926132488e-14,7.691537759964414e-14,7.691604595886758e-14,7.691671433891914e-14,7.691738274001366e-14,7.691805116200485e-14,7.691871960487268e-14,7.6919388068462e-14,7.692005655304258e-14,7.692072505831381e-14,7.692139358450347e-14,7.692206213153006e-14,7.692273069934385e-14,7.692339928788353e-14,7.692406789721727e-14,7.692473652728981e-14,7.692540517808498e-14,7.692607384958684e-14,7.692674254177934e-14,7.692741125464775e-14,7.692807998817644e-14,7.692874874234983e-14,7.692941751715265e-14,7.693008631254178e-14,7.693075512855976e-14,7.693142396492956e-14,7.69320928220957e-14,7.69327616997698e-14,7.693343059798697e-14,7.693409951672772e-14,7.693476845597552e-14,7.693543741574667e-14,7.693610639599457e-14,7.693677539669946e-14,7.693744441780781e-14,7.693811345935016e-14,7.693878252134447e-14,7.693945160373694e-14,7.694012070651222e-14,7.694078982941684e-14,7.694145897291198e-14,7.69421281367436e-14,7.694279732066168e-14,7.694346652511931e-14,7.694413574974844e-14,7.694480499474232e-14,7.694547426002659e-14,7.69461435455594e-14,7.694681285132004e-14,7.694748217729813e-14,7.6948151523476e-14,7.694882088983634e-14,7.694949027636605e-14,7.695015968301865e-14,7.69508291098123e-14,7.695149855652809e-14,7.695216802358399e-14,7.695283751073399e-14,7.695350701796317e-14,7.695417654525616e-14,7.695484609259758e-14,7.695551565997296e-14,7.69561852473661e-14,7.695685485476323e-14,7.695752448214918e-14,7.695819412950782e-14,7.695886379682556e-14,7.695953348408666e-14,7.696020319116137e-14,7.696087291826479e-14,7.696154266526615e-14,7.696221243215203e-14,7.696288221890665e-14,7.696355202551494e-14,7.696422185196218e-14,7.696489169823247e-14,7.696556156431288e-14,7.696623145018731e-14,7.696690135584043e-14,7.69675712812589e-14,7.696824122642694e-14,7.696891119132977e-14,7.696958117595272e-14,7.697025118027996e-14,7.697092120429837e-14,7.697159124788382e-14,7.697226131112761e-14,7.697293139413485e-14,7.697360149673207e-14,7.697427161898738e-14,7.697494176081265e-14,7.697561192222148e-14,7.697628210320395e-14,7.697695230374141e-14,7.697762252385167e-14,7.697829276350285e-14,7.697896302265578e-14,7.697963330130714e-14,7.698030359944348e-14,7.698097391704961e-14,7.698164425411102e-14,7.698231461061286e-14,7.698298498654055e-14,7.698365538187972e-14,7.698432579659165e-14,7.698499623068521e-14,7.698566668417083e-14,7.69863371570088e-14,7.69870076491862e-14,7.698767816069012e-14,7.698834869146814e-14,7.698901924154958e-14,7.698968981090214e-14,7.699036039955457e-14,7.699103100745768e-14,7.699170163459765e-14,7.699237228092805e-14,7.699304294646296e-14,7.699371363119775e-14,7.699438433514529e-14,7.699505505825802e-14,7.699572580052112e-14,7.699639656189261e-14,7.69970673423834e-14,7.699773814197448e-14,7.699840896066154e-14,7.69990798141891e-14,7.699975067105231e-14,7.700042154696549e-14,7.700109244191371e-14,7.700176335579362e-14,7.700243428877116e-14,7.700310524063787e-14,7.700377621158651e-14,7.700444720150047e-14,7.700511821033792e-14,7.700578923811639e-14,7.700646028484073e-14,7.700713135045277e-14,7.700780243497534e-14,7.70084735383467e-14,7.700914466061591e-14,7.700981580173376e-14,7.701048696168795e-14,7.701115814046471e-14,7.701182933804989e-14,7.701250055442939e-14,7.701317178958895e-14,7.70138430435169e-14,7.701451431619384e-14,7.701518560760924e-14,7.701585691772984e-14,7.701652824657884e-14,7.701719959412332e-14,7.70178709603494e-14,7.701854234515321e-14,7.701921374867074e-14,7.701988517083188e-14,7.702055661164415e-14,7.702122807106827e-14,7.702189954905902e-14,7.70225710455782e-14,7.70232425607233e-14,7.70239140944277e-14,7.702458564668536e-14,7.702525721745249e-14,7.702592880673647e-14,7.702660041455053e-14,7.702727204082688e-14,7.702794368557666e-14,7.702861534878462e-14,7.702928703046698e-14,7.702995873057592e-14,7.703063044909916e-14,7.703130218600002e-14,7.703197394131439e-14,7.703264571500518e-14,7.703331750703629e-14,7.703398931739886e-14,7.703466114610931e-14,7.703533299313466e-14,7.703600485847145e-14,7.703667674212503e-14,7.703734864403545e-14,7.703802056423235e-14,7.703869250268103e-14,7.703936445936815e-14,7.7040036434253e-14,7.704070842734854e-14,7.704138043864116e-14,7.704205246814282e-14,7.704272451581309e-14,7.704339658163996e-14,7.704406866560827e-14,7.70447407677086e-14,7.704541288792043e-14,7.704608502623355e-14,7.704675718263523e-14,7.704742935711101e-14,7.704810154964746e-14,7.704877376020488e-14,7.704944598879316e-14,7.705011823542914e-14,7.705079050007139e-14,7.705146278270665e-14,7.705213508332118e-14,7.705280740190156e-14,7.705347973843429e-14,7.705415209290577e-14,7.705482446528181e-14,7.705549685557449e-14,7.705616926378174e-14,7.705684168987504e-14,7.705751413383998e-14,7.705818659566301e-14,7.705885907533078e-14,7.705953157283e-14,7.706020408804853e-14,7.706087662117304e-14,7.706154917208518e-14,7.706222174077616e-14,7.706289432720672e-14,7.706356693141303e-14,7.706423955335739e-14,7.706491219300338e-14,7.706558485038335e-14,7.706625752546131e-14,7.70669302181292e-14,7.70676029285392e-14,7.706827565663394e-14,7.706894840234525e-14,7.706962116569376e-14,7.707029394665607e-14,7.707096674522579e-14,7.707163956138685e-14,7.707231239512958e-14,7.707298524643302e-14,7.707365811528864e-14,7.707433100167861e-14,7.707500390562248e-14,7.707567682708004e-14,7.70763497660399e-14,7.707702272248618e-14,7.707769569640207e-14,7.707836868777901e-14,7.707904169660285e-14,7.707971472286085e-14,7.708038776637895e-14,7.708106082744712e-14,7.708173390590416e-14,7.708240700174074e-14,7.708308011494871e-14,7.70837532453635e-14,7.708442639327284e-14,7.708509955837841e-14,7.708577274095398e-14,7.708644594065998e-14,7.708711915780857e-14,7.708779239223089e-14,7.708846564392201e-14,7.708913891286314e-14,7.708981219898538e-14,7.709048550224471e-14,7.70911588228088e-14,7.709183216056353e-14,7.709250551559257e-14,7.709317888777359e-14,7.709385227711404e-14,7.70945256836236e-14,7.709519910726862e-14,7.709587254803591e-14,7.70965460059127e-14,7.709721948088636e-14,7.709789297294385e-14,7.709856648207152e-14,7.709924000825706e-14,7.709991355148826e-14,7.710058711175205e-14,7.710126068903568e-14,7.710193428332632e-14,7.710260789461093e-14,7.710328152287731e-14,7.710395516811334e-14,7.710462883028483e-14,7.710530250941915e-14,7.710597620548398e-14,7.71066499184461e-14,7.710732364833389e-14,7.710799739511475e-14,7.710867115877562e-14,7.710934493930363e-14,7.711001873668876e-14,7.711069255091254e-14,7.711136638196572e-14,7.711204022983532e-14,7.711271409448948e-14,7.711338797593333e-14,7.711406187415746e-14,7.711473578914729e-14,7.711540972088979e-14,7.711608366937228e-14,7.711675763458366e-14,7.711743161645188e-14,7.711810561502127e-14,7.71187796303368e-14,7.711945366235838e-14,7.712012771102233e-14,7.71208017762792e-14,7.712147585823659e-14,7.712214995682205e-14,7.712282407202301e-14,7.712349820369076e-14,7.712417235210848e-14,7.712484651702305e-14,7.712552069858425e-14,7.712619489653422e-14,7.712686911102643e-14,7.71275433421884e-14,7.71282175898005e-14,7.712889185398392e-14,7.712956613465691e-14,7.713024043166772e-14,7.713091474522741e-14,7.713158907531773e-14,7.713226342184973e-14,7.71329378009793e-14,7.713361216045415e-14,7.713428657240046e-14,7.71349609845761e-14,7.713563541311596e-14,7.713630985801955e-14,7.713698431929805e-14,7.713765879691967e-14,7.713833329079755e-14,7.713900780106763e-14,7.713968232764486e-14,7.714035687051628e-14,7.714103142966856e-14,7.714170600507476e-14,7.714238059673718e-14,7.714305520467005e-14,7.714372982882744e-14,7.714440446919528e-14,7.714507912578281e-14,7.714575379856988e-14,7.714642848753827e-14,7.714710319259703e-14,7.714777791389751e-14,7.714845265132846e-14,7.714912740491526e-14,7.714980217462191e-14,7.715047696044381e-14,7.715115176236514e-14,7.71518265803708e-14,7.71525014144507e-14,7.715317626459343e-14,7.715385113078842e-14,7.715452601302249e-14,7.715520091121407e-14,7.715587582540744e-14,7.715655075568632e-14,7.715722570187727e-14,7.715790066410863e-14,7.715857564230876e-14,7.715925063648172e-14,7.7159925646453e-14,7.716060067248851e-14,7.716127571436864e-14,7.716195077216144e-14,7.716262584591238e-14,7.716330093554073e-14,7.716397604106749e-14,7.716465116244601e-14,7.7165326299675e-14,7.716600145260014e-14,7.716667662139572e-14,7.716735180609486e-14,7.71680270065095e-14,7.716870222279359e-14,7.716937745485291e-14,7.717005270267746e-14,7.717072796623739e-14,7.717140324553501e-14,7.71720785405841e-14,7.717275385132593e-14,7.717342917779407e-14,7.717410451993434e-14,7.717477987777736e-14,7.717545525126643e-14,7.717613064043716e-14,7.717680604525311e-14,7.717748146556239e-14,7.717815690161559e-14,7.717883235329988e-14,7.717950782051273e-14,7.71801833033087e-14,7.718085880162373e-14,7.718153431563485e-14,7.718220984506037e-14,7.718288539016467e-14,7.71835609507988e-14,7.718423652695059e-14,7.718491211860729e-14,7.718558772567999e-14,7.718626334831682e-14,7.718693898642485e-14,7.718761463998898e-14,7.718829030898575e-14,7.718896599343254e-14,7.71896416932373e-14,7.71903174084446e-14,7.719099313911758e-14,7.719166888512539e-14,7.719234464657991e-14,7.71930204234001e-14,7.719369621556091e-14,7.719437202308346e-14,7.719504784593842e-14,7.719572368409565e-14,7.719639953757581e-14,7.719707540635354e-14,7.719775129041723e-14,7.719842718975654e-14,7.719910310422236e-14,7.719977903407649e-14,7.720045497917059e-14,7.720113093949335e-14,7.720180691503643e-14,7.720248290576784e-14,7.720315891170789e-14,7.720383493276974e-14,7.720451096906475e-14,7.720518702051977e-14,7.72058630871225e-14,7.720653916884773e-14,7.720721526569766e-14,7.720789137768243e-14,7.720856750469877e-14,7.720924364687907e-14,7.720991980413669e-14,7.721059597646408e-14,7.721127216377951e-14,7.721194836619726e-14,7.721262458366465e-14,7.721330081614011e-14,7.721397706363037e-14,7.721465332613948e-14,7.721532960363591e-14,7.721600589611112e-14,7.721668220349444e-14,7.721735852589423e-14,7.721803486323938e-14,7.721871121551855e-14,7.721938758270636e-14,7.722006396482309e-14,7.722074036183621e-14,7.722141677374771e-14,7.722209320052827e-14,7.722276964211677e-14,7.722344609862005e-14,7.722412256996778e-14,7.7224799056136e-14,7.722547555713134e-14,7.72261520728141e-14,7.722682860343287e-14,7.722750514882971e-14,7.722818170901227e-14,7.722885828396128e-14,7.722953487366899e-14,7.723021147811847e-14,7.723088809730045e-14,7.723156473120479e-14,7.723224137982145e-14,7.723291804313745e-14,7.723359472114281e-14,7.723427141382733e-14,7.72349481211789e-14,7.723562484313325e-14,7.723630157965955e-14,7.723697833094599e-14,7.723765509685555e-14,7.723833187737833e-14,7.723900867250237e-14,7.723968548216049e-14,7.724036230645418e-14,7.724103914529897e-14,7.72417159987265e-14,7.724239286668066e-14,7.7243069749182e-14,7.724374664619377e-14,7.724442355768122e-14,7.724510048372693e-14,7.724577742426148e-14,7.724645437927623e-14,7.724713134876076e-14,7.724780833270487e-14,7.724848533109836e-14,7.724916234392958e-14,7.724983937118738e-14,7.725051641285301e-14,7.725119346893197e-14,7.725187053940414e-14,7.725254762424565e-14,7.725322472347506e-14,7.725390183706629e-14,7.725457896500763e-14,7.725525610729023e-14,7.725593326389767e-14,7.72566104348275e-14,7.725728759994176e-14,7.725796479947655e-14,7.725864201328791e-14,7.725931924138626e-14,7.725999648374967e-14,7.72606737403671e-14,7.726135101122042e-14,7.726202829631364e-14,7.726270559562915e-14,7.726338290915624e-14,7.726406023688543e-14,7.726473757880483e-14,7.726541493488927e-14,7.726609230509979e-14,7.726676968947013e-14,7.726744708804307e-14,7.726812450075401e-14,7.726880192757763e-14,7.726947936853077e-14,7.727015682357439e-14,7.727083429272627e-14,7.727151177596642e-14,7.727218927328001e-14,7.727286678465236e-14,7.727354431007699e-14,7.727422184953133e-14,7.727489940301594e-14,7.727557697053421e-14,7.727625455206669e-14,7.727693214759476e-14,7.727760975711201e-14,7.7278287380609e-14,7.727896499814843e-14,7.727964262946382e-14,7.728032029482008e-14,7.728099797406534e-14,7.728167566730038e-14,7.728235337444778e-14,7.728303109550064e-14,7.728370883044837e-14,7.728438657927939e-14,7.728506434198545e-14,7.728574211855518e-14,7.728641990898617e-14,7.728709771325053e-14,7.728777553134829e-14,7.728845336326699e-14,7.728913120899834e-14,7.728980906852983e-14,7.729048694185328e-14,7.729116482895609e-14,7.729184272982904e-14,7.729252064446582e-14,7.729319857284904e-14,7.729387651497462e-14,7.729455447082482e-14,7.729523244037717e-14,7.729591042359232e-14,7.729658842056701e-14,7.729726643123034e-14,7.729794445557098e-14,7.729862249357765e-14,7.72993005452423e-14,7.729997861055335e-14,7.730065668942217e-14,7.73013347819849e-14,7.730201288817288e-14,7.730269100795641e-14,7.730336914134542e-14,7.730404728830751e-14,7.730472544884628e-14,7.73054036229644e-14,7.730608181062008e-14,7.730676001182012e-14,7.730743822645398e-14,7.730811645471241e-14,7.730879471256425e-14,7.73094729678534e-14,7.731015123662492e-14,7.731082951888142e-14,7.731150781462076e-14,7.731218612382338e-14,7.73128644464791e-14,7.731354278256296e-14,7.731422113209452e-14,7.731489949504904e-14,7.731557787141618e-14,7.731625626108219e-14,7.731693468035202e-14,7.731761309686433e-14,7.731829152677072e-14,7.731896997005087e-14,7.731964842665233e-14,7.732032689662818e-14,7.732100537993542e-14,7.732168387654195e-14,7.732236240242675e-14,7.732304092562239e-14,7.732371946211672e-14,7.732439802785739e-14,7.732507660702563e-14,7.732575519943038e-14,7.732643378898084e-14,7.732711239178098e-14,7.732779102364867e-14,7.732846965288629e-14,7.732914829535682e-14,7.732982695101475e-14,7.733050563576156e-14,7.73311843178337e-14,7.733186302884191e-14,7.733254173720045e-14,7.733322045875455e-14,7.733389919345022e-14,7.733457794127686e-14,7.733525668216585e-14,7.733593547202537e-14,7.733661425918737e-14,7.733729307513745e-14,7.733797188842863e-14,7.73386507147985e-14,7.733932956996157e-14,7.734000842244557e-14,7.734068730367085e-14,7.734136618222028e-14,7.734204507380712e-14,7.734272397838395e-14,7.734340289602382e-14,7.734408180664012e-14,7.734476075025722e-14,7.734543970681027e-14,7.734611867636616e-14,7.734679767526441e-14,7.734747668714376e-14,7.734815569553739e-14,7.734883471685614e-14,7.734951373123613e-14,7.735019277834222e-14,7.735087183837967e-14,7.735155091130405e-14,7.735222999706879e-14,7.735290911134938e-14,7.735358822283598e-14,7.735426734717703e-14,7.735494648436287e-14,7.73556256343772e-14,7.735630479721341e-14,7.735698397288679e-14,7.735766316132455e-14,7.735834236256221e-14,7.735902157657958e-14,7.735970078344142e-14,7.73603800230132e-14,7.736105925533869e-14,7.7361738500407e-14,7.736241775821223e-14,7.736309706335573e-14,7.736377636659979e-14,7.736445568254766e-14,7.736513502745903e-14,7.736581438424508e-14,7.736649373824331e-14,7.736717312120939e-14,7.736785251687446e-14,7.736853192516722e-14,7.736921130986875e-14,7.736989072711054e-14,7.737057013705009e-14,7.737124957951975e-14,7.73719290507052e-14,7.737260849850533e-14,7.737328795877481e-14,7.737396743163927e-14,7.737464691707218e-14,7.737532641506457e-14,7.737600592558624e-14,7.737668548384928e-14,7.737736501944123e-14,7.737804456757955e-14,7.737872412820712e-14,7.737940373731104e-14,7.738008332296041e-14,7.738076292109691e-14,7.73814425316833e-14,7.73821221548812e-14,7.73828017905264e-14,7.738348143863701e-14,7.738416109906439e-14,7.738484077189187e-14,7.738552049294835e-14,7.738620022677694e-14,7.738687993687373e-14,7.738755969545952e-14,7.73882394303016e-14,7.738891917751672e-14,7.738959893709758e-14,7.739027870903496e-14,7.739095852950514e-14,7.739163832616519e-14,7.739231817102293e-14,7.739299799233077e-14,7.739367782591404e-14,7.73943576717985e-14,7.739503756606117e-14,7.739571747276324e-14,7.739639735549859e-14,7.739707728523496e-14,7.739775722849184e-14,7.739843718413815e-14,7.739911715174264e-14,7.73997971315595e-14,7.740047712243453e-14,7.740115712694399e-14,7.740183714228463e-14,7.740251717107981e-14,7.740319721166855e-14,7.74038772648213e-14,7.740455732992909e-14,7.740523740735444e-14,7.740591749690396e-14,7.740659759856859e-14,7.740727771217075e-14,7.740795783790567e-14,7.740863797585312e-14,7.740931812582564e-14,7.74099982877435e-14,7.741067846184359e-14,7.741135864741132e-14,7.741203884566526e-14,7.741271905569211e-14,7.741339927775604e-14,7.741407951207411e-14,7.741475975824542e-14,7.741544001642412e-14,7.74161202859841e-14,7.741680056821994e-14,7.741748086177465e-14,7.741816116734207e-14,7.741884148551684e-14,7.741952181557623e-14,7.742020215757246e-14,7.742088251149352e-14,7.74215628773305e-14,7.742224325512748e-14,7.742292364477213e-14,7.742360404635812e-14,7.742428445982352e-14,7.742496488511228e-14,7.742564532218748e-14,7.74263257710487e-14,7.742700623180629e-14,7.742768670434945e-14,7.74283671887233e-14,7.742904768492053e-14,7.74297281925023e-14,7.743040871250082e-14,7.74310892442408e-14,7.743176978781163e-14,7.743245034315822e-14,7.743313091022383e-14,7.743381148909276e-14,7.743449207966307e-14,7.743517268183868e-14,7.743585329587953e-14,7.743653392113888e-14,7.743721455866601e-14,7.743789520789492e-14,7.743857586881917e-14,7.743925654128108e-14,7.743993722502746e-14,7.744061792099092e-14,7.744129862861169e-14,7.744197934788468e-14,7.744266007880141e-14,7.744334082135407e-14,7.744402157553152e-14,7.744470234081516e-14,7.744538311822297e-14,7.744606390722755e-14,7.744674470729113e-14,7.744742551947122e-14,7.744810634322408e-14,7.744878717837545e-14,7.744946802496382e-14,7.74501488833893e-14,7.745082975331189e-14,7.745151063449195e-14,7.745219152746874e-14,7.745287243199872e-14,7.745355334803397e-14,7.745423427510201e-14,7.74549152139576e-14,7.745559616429861e-14,7.745627712622639e-14,7.745695809949755e-14,7.745763908438143e-14,7.745832008055299e-14,7.745900108816022e-14,7.745968210735422e-14,7.746036313796745e-14,7.746104417973214e-14,7.746172523315705e-14,7.746240629782613e-14,7.746308737402951e-14,7.74637684615716e-14,7.74644495605218e-14,7.74651306708313e-14,7.746581179223553e-14,7.74664929251976e-14,7.746717406938337e-14,7.746785522500663e-14,7.746853639198742e-14,7.746921757027744e-14,7.746989875982953e-14,7.747057996071211e-14,7.747126117287688e-14,7.747194239631731e-14,7.747262362955367e-14,7.747330487552232e-14,7.747398613273756e-14,7.747466740073126e-14,7.747534868041579e-14,7.747602997117723e-14,7.747671127330462e-14,7.747739258664128e-14,7.747807391117758e-14,7.747875524686745e-14,7.747943659377645e-14,7.748011795172745e-14,7.748079932075375e-14,7.748148070112276e-14,7.74821620925373e-14,7.748284349523335e-14,7.748352490906201e-14,7.748420633401448e-14,7.748488776997472e-14,7.748556921711477e-14,7.748625067538946e-14,7.748693214475436e-14,7.748761362509131e-14,7.748829511657659e-14,7.748897661905798e-14,7.748965813256985e-14,7.749033965722776e-14,7.749102119292873e-14,7.749170273966203e-14,7.749238429735287e-14,7.749306586606082e-14,7.74937474457809e-14,7.749442903659538e-14,7.749511063828432e-14,7.749579225094089e-14,7.749647387458321e-14,7.749715550931401e-14,7.749783715500511e-14,7.749851881164692e-14,7.74992004792301e-14,7.749988215650318e-14,7.750056384591614e-14,7.750124554627807e-14,7.75019272575173e-14,7.750260897965614e-14,7.750329071272082e-14,7.750397245663854e-14,7.75046542114652e-14,7.750533597647071e-14,7.75060177526583e-14,7.750669954003446e-14,7.750738133825407e-14,7.750806314730984e-14,7.750874496719358e-14,7.750942679789763e-14,7.751010863941264e-14,7.751079049167085e-14,7.751147235478319e-14,7.751215422871776e-14,7.751283611339932e-14,7.751351800879437e-14,7.751419991495365e-14,7.751488183192644e-14,7.751556375952894e-14,7.751624569788721e-14,7.751692764698575e-14,7.75176096068081e-14,7.751829157737383e-14,7.751897355810002e-14,7.751965555004456e-14,7.752033755279948e-14,7.752101956611885e-14,7.752170159014562e-14,7.752238362489271e-14,7.752306566964889e-14,7.752374772574016e-14,7.752442979236861e-14,7.752511186973364e-14,7.752579395772721e-14,7.7526476056339e-14,7.752715816556224e-14,7.752784028538792e-14,7.752852241578295e-14,7.752920455658702e-14,7.752988670781496e-14,7.75305688699463e-14,7.753125104258662e-14,7.753193322586287e-14,7.753261541968768e-14,7.75332976239708e-14,7.75339798388663e-14,7.753466206428739e-14,7.753534430019758e-14,7.753602654661534e-14,7.753670880353367e-14,7.75373910708427e-14,7.753807334864513e-14,7.753875563692341e-14,7.753943793567588e-14,7.754012024497422e-14,7.754080256472548e-14,7.754148489492467e-14,7.754216723555986e-14,7.75428495866523e-14,7.754353194783105e-14,7.754421431973358e-14,7.754489670203887e-14,7.75455790947469e-14,7.754626149776224e-14,7.754694391123925e-14,7.754762633511944e-14,7.754830876936634e-14,7.754899121388402e-14,7.754967366881508e-14,7.755035613404297e-14,7.755103860968092e-14,7.755172109564837e-14,7.755240359190869e-14,7.75530860985089e-14,7.75537686153884e-14,7.755445114251663e-14,7.75551336799354e-14,7.755581622770877e-14,7.755649878572992e-14,7.755718135397439e-14,7.755786393251976e-14,7.755854652126801e-14,7.755922912033494e-14,7.755991172961292e-14,7.756059434911749e-14,7.756127697887055e-14,7.756195961883554e-14,7.756264226897879e-14,7.756332492915969e-14,7.75640075996158e-14,7.756469027982174e-14,7.75653729707386e-14,7.756605567174929e-14,7.756673838242732e-14,7.756742110371885e-14,7.75681038346598e-14,7.756878657576977e-14,7.756946932702118e-14,7.757015208884836e-14,7.757083486081548e-14,7.757151764293198e-14,7.757220043460636e-14,7.757288323686221e-14,7.757356604925176e-14,7.757424887163998e-14,7.75749317040955e-14,7.757561454659678e-14,7.757629739926833e-14,7.757698026196408e-14,7.757766313453333e-14,7.757834601731932e-14,7.757902891002646e-14,7.757971181275202e-14,7.758039472556065e-14,7.758107764836966e-14,7.758176058119657e-14,7.758244352391895e-14,7.758312647661459e-14,7.758380943927427e-14,7.75844924118963e-14,7.758517539455052e-14,7.758585838715323e-14,7.758654138961825e-14,7.75872244020237e-14,7.758790742442575e-14,7.758859045667046e-14,7.75892734989029e-14,7.758995655095917e-14,7.759063961298894e-14,7.759132268490982e-14,7.759200576671032e-14,7.75926888582985e-14,7.759337195986192e-14,7.759405507118765e-14,7.759473819243766e-14,7.759542132346282e-14,7.759610446441848e-14,7.759678761514141e-14,7.75974707757473e-14,7.759815394616909e-14,7.759883712630816e-14,7.759952031624746e-14,7.760020351604454e-14,7.760088672565109e-14,7.7601569945035e-14,7.760225317410987e-14,7.760293641294789e-14,7.760361966162061e-14,7.760430292002038e-14,7.76049861881614e-14,7.760566946605866e-14,7.760635275368253e-14,7.760703605095544e-14,7.76077193579537e-14,7.760840267465652e-14,7.760908600105597e-14
8,0.0,0.0,0.0,0.0,0.0,0.0,0.0,0.0,0.0,0.0,0.0,0.0,0.0,0.0,0.0,0.0,0.0,0.0,0.0,0.0,0.0,0.0,0.0,0.0,0.0,0.0,0.0,0.0,0.0,0.0,0.0,0.0,0.0,0.0,0.0,0.0,0.0,0.0,0.0,0.0,0.0,0.0,0.0,0.0,0.0,0.0,0.0,0.0,0.0,0.0,0.0,0.0,0.0,0.0,0.0,0.0,0.0,0.0,0.0,0.0,0.0,0.0,0.0,0.0,0.0,0.0,0.0,0.0,0.0,0.0,0.0,0.0,0.0,0.0,0.0,0.0,0.0,0.0,0.0,0.0,0.0,0.0,0.0,0.0,0.0,0.0,0.0,0.0,0.0,0.0,0.0,0.0,0.0,0.0,0.0,0.0,0.0,0.0,0.0,0.0,0.0,0.0,0.0,0.0,0.0,0.0,0.0,0.0,0.0,0.0,0.0,0.0,0.0,0.0,0.0,0.0,0.0,0.0,0.0,0.0,0.0,0.0,0.0,0.0,0.0,0.0,0.0,0.0,0.0,0.0,0.0,0.0,0.0,0.0,0.0,0.0,0.0,0.0,0.0,0.0,0.0,0.0,0.0,0.0,0.0,0.0,0.0,0.0,0.0,0.0,0.0,0.0,0.0,0.0,0.0,0.0,0.0,0.0,0.0,0.0,0.0,0.0,0.0,0.0,0.0,0.0,0.0,0.0,0.0,0.0,0.0,0.0,0.0,0.0,0.0,0.0,0.0,0.0,0.0,0.0,0.0,0.0,0.0,0.0,0.0,0.0,0.0,0.0,0.0,0.0,0.0,0.0,0.0,0.0,0.0,0.0,0.0,0.0,0.0,0.0,0.0,0.0,0.0,0.0,0.0,0.0,0.0,0.0,0.0,0.0,0.0,0.0,0.0,0.0,0.0,0.0,0.0,0.0,0.0,0.0,0.0,0.0,0.0,0.0,0.0,0.0,0.0,0.0,0.0,0.0,0.0,0.0,0.0,0.0,0.0,0.0,0.0,0.0,0.0,0.0,0.0,0.0,0.0,0.0,0.0,0.0,0.0,0.0,0.0,0.0,0.0,0.0,0.0,0.0,0.0,0.0,0.0,0.0,0.0,0.0,0.0,0.0,0.0,0.0,0.0,0.0,0.0,0.0,0.0,0.0,0.0,0.0,0.0,0.0,0.0,0.0,0.0,0.0,0.0,0.0,0.0,0.0,0.0,0.0,0.0,0.0,0.0,0.0,0.0,0.0,0.0,0.0,0.0,0.0,0.0,0.0,0.0,0.0,0.0,0.0,0.0,0.0,0.0,0.0,0.0,0.0,0.0,0.0,0.0,0.0,0.0,0.0,0.0,0.0,0.0,0.0,0.0,0.0,0.0,0.0,0.0,0.0,0.0,0.0,0.0,0.0,0.0,0.0,0.0,0.0,0.0,0.0,0.0,0.0,0.0,0.0,0.0,0.0,0.0,0.0,0.0,0.0,0.0,0.0,0.0,0.0,0.0,0.0,0.0,0.0,0.0,0.0,0.0,0.0,0.0,0.0,0.0,0.0,0.0,0.0,0.0,0.0,0.0,0.0,0.0,0.0,0.0,0.0,0.0,0.0,0.0,0.0,0.0,0.0,0.0,0.0,0.0,0.0,0.0,0.0,0.0,0.0,0.0,0.0,0.0,0.0,0.0,0.0,0.0,0.0,0.0,0.0,0.0,0.0,0.0,0.0,0.0,0.0,0.0,0.0,0.0,0.0,0.0,0.0,0.0,0.0,0.0,0.0,0.0,0.0,0.0,0.0,0.0,0.0,0.0,0.0,0.0,0.0,0.0,0.0,0.0,0.0,0.0,0.0,0.0,0.0,0.0,0.0,0.0,0.0,0.0,0.0,0.0,0.0,0.0,0.0,0.0,0.0,0.0,0.0,0.0,0.0,0.0,0.0,0.0,0.0,0.0,0.0,0.0,0.0,0.0,0.0,0.0,0.0,0.0,0.0,0.0,0.0,0.0,0.0,0.0,0.0,0.0,0.0,0.0,0.0,0.0,0.0,0.0,0.0,0.0,0.0,0.0,0.0,0.0,0.0,0.0,0.0,0.0,0.0,0.0,0.0,0.0,0.0,0.0,0.0,0.0,0.0,0.0,0.0,0.0,0.0,0.0,0.0,0.0,0.0,0.0,0.0,0.0,0.0,0.0,0.0,0.0,0.0,0.0,0.0,0.0,0.0,0.0,0.0,0.0,0.0,0.0,0.0,0.0,0.0,0.0,0.0,0.0,0.0,0.0,0.0,0.0,0.0,0.0,0.0,0.0,0.0,0.0,0.0,0.0,0.0,0.0,0.0,0.0,0.0,0.0,0.0,0.0,0.0,0.0,0.0,0.0,0.0,0.0,0.0,0.0,0.0,0.0,0.0,0.0,0.0,0.0,0.0,0.0,0.0,0.0,0.0,0.0,0.0,0.0,0.0,0.0,0.0,0.0,0.0,0.0,0.0,0.0,0.0,0.0,0.0,0.0,0.0,0.0,0.0,0.0,0.0,0.0,0.0,0.0,0.0,0.0,0.0,0.0,0.0,0.0,0.0,0.0,0.0,0.0,0.0,0.0,0.0,0.0,0.0,0.0,0.0,0.0,0.0,0.0,0.0,0.0,0.0,0.0,0.0,0.0,0.0,0.0,0.0,0.0,0.0,0.0,0.0,0.0,0.0,0.0,0.0,0.0,0.0,0.0,0.0,0.0,0.0,0.0,0.0,0.0,0.0,0.0,0.0,0.0,0.0,0.0,0.0,0.0,0.0,0.0,0.0,0.0,0.0,0.0,0.0,0.0,0.0,0.0,0.0,0.0,0.0,0.0,0.0,0.0,0.0,0.0,0.0,0.0,0.0,0.0,0.0,0.0,0.0,0.0,0.0,0.0,0.0,0.0,0.0,0.0,0.0,0.0,0.0,0.0,0.0,0.0,0.0,0.0,0.0,0.0,0.0,0.0,0.0,0.0,0.0,0.0,0.0,0.0,0.0,0.0,0.0,0.0,0.0,0.0,0.0,0.0,0.0,0.0,0.0,0.0,0.0,0.0,0.0,0.0,0.0,0.0,0.0,0.0,0.0,0.0,0.0,0.0,0.0,0.0,0.0,0.0,0.0,0.0,0.0,0.0,0.0,0.0,0.0,0.0,0.0,0.0,0.0,0.0,0.0,0.0,0.0,0.0,0.0,0.0,0.0,0.0,0.0,0.0,0.0,0.0,0.0,0.0,0.0,0.0,0.0,0.0,0.0,0.0,0.0,0.0,0.0,0.0,0.0,0.0,0.0,0.0,0.0,0.0,0.0,0.0,0.0,0.0,0.0,0.0,0.0,0.0,0.0,0.0,0.0,0.0,0.0,0.0,0.0,0.0,0.0,0.0,0.0,0.0,0.0,0.0,0.0,0.0,0.0,0.0,0.0,0.0,0.0,0.0,0.0,0.0,0.0,0.0,0.0,0.0,0.0,0.0,0.0,0.0,0.0,0.0,0.0,0.0,0.0,0.0,0.0,0.0,0.0,0.0,0.0,0.0,0.0,0.0,0.0,0.0,0.0,0.0,0.0,0.0,0.0,0.0,0.0,0.0,0.0,0.0,0.0,0.0,0.0,0.0,0.0,0.0,0.0,0.0,0.0,0.0,0.0,0.0,0.0,0.0,0.0,0.0,0.0,0.0,0.0,0.0,0.0,0.0,0.0,0.0,0.0,0.0,0.0,0.0,0.0,0.0,0.0,0.0,0.0,0.0,0.0,0.0,0.0,0.0,0.0,0.0,0.0,0.0,0.0,0.0,0.0,0.0,0.0,0.0,0.0,0.0,0.0,0.0,0.0,0.0,0.0,0.0,0.0,0.0,0.0,0.0,0.0,0.0,0.0,0.0,0.0,0.0,0.0,0.0,0.0,0.0,0.0,0.0,0.0,0.0,0.0,0.0,0.0,0.0,0.0,0.0,0.0,0.0,0.0,0.0,0.0,0.0,0.0,0.0,0.0,0.0,0.0,0.0,0.0,0.0,0.0,0.0,0.0,0.0,0.0,0.0,0.0,0.0,0.0,0.0,0.0,0.0,0.0,0.0,0.0,0.0,0.0,0.0,0.0,0.0,0.0,0.0,0.0,0.0,0.0,0.0,0.0,0.0,0.0,0.0,0.0,0.0,0.0,0.0,0.0,0.0,0.0,0.0,0.0,0.0,0.0,0.0,0.0,0.0,0.0,0.0,0.0,0.0,0.0,0.0,0.0,0.0,0.0,0.0,0.0,0.0,0.0,0.0,0.0,0.0,0.0,0.0,0.0,0.0,0.0,0.0,0.0,0.0,0.0,0.0,0.0,0.0,0.0,0.0,0.0,0.0,0.0,0.0,0.0,0.0,0.0,0.0,0.0,0.0,0.0,1.2267521069013074e-09,2.45350177452392e-09,3.680248742889635e-09,4.9069931424238395e-09,6.133734973225413e-09,7.360474235196663e-09,8.587211057879037e-09,9.813945436324045e-09,1.104067699253092e-08,1.226740611181291e-08,1.3494132787213031e-08,1.4720856638072418e-08,1.594757805146812e-08,1.717429702176033e-08,1.8401013167560876e-08,1.9627726745127013e-08,2.085443788696203e-08,2.2081146582658438e-08,2.33078524558126e-08,2.453455589162367e-08,2.5761256873834066e-08,2.698795504302779e-08,2.8214650644323936e-08,2.9441343802849696e-08,3.0668034268507675e-08,3.18947222975533e-08,3.312140762769841e-08,3.434809039025395e-08,3.557477071625273e-08,3.680144860089566e-08,3.8028123660770466e-08,3.9254796282452815e-08,4.04814662074773e-08,4.170813369474991e-08,4.2934798485100906e-08,4.41614608434946e-08,4.53881204993218e-08,4.66147775880223e-08,4.784143224596999e-08,4.906808420044726e-08,5.0294733587957517e-08,5.152138053839693e-08,5.27480247919875e-08,5.3974666614337655e-08,5.520130573415244e-08,5.6427942416076555e-08,5.765457640245835e-08,5.888120794729152e-08,6.010783705104623e-08,6.13344633375063e-08,6.256108718407622e-08,6.378770833751247e-08,6.501432692455778e-08,6.624094307409001e-08,6.746755678275745e-08,6.869416767072365e-08,6.992077611954925e-08,7.114738187509327e-08,7.237398519107255e-08,7.360058581434035e-08,7.482718401879654e-08,7.605377976713714e-08,7.728037269238371e-08,7.850696317543741e-08,7.973355122321501e-08,8.096013645087931e-08,8.218671924975712e-08,8.341329960214893e-08,8.463987713244801e-08,8.586645224071211e-08,8.709302489071379e-08,8.831959472439692e-08,8.954616199271298e-08,9.07727268235882e-08,9.199928921915395e-08,9.322584879140644e-08,9.445240592667992e-08,9.567896061418536e-08,9.690551249069766e-08,9.813206194467045e-08,9.935860893680824e-08,1.0058515311805807e-07,1.0181169489902893e-07,1.030382339503238e-07,1.0426477055962956e-07,1.054913044812227e-07,1.0671783583803238e-07,1.0794436463004363e-07,1.0917089099172923e-07,1.103974149029514e-07,1.1162393600097102e-07,1.1285045465321087e-07,1.140769708720492e-07,1.1530348427658958e-07,1.1652999524207809e-07,1.1775650351785449e-07,1.1898300935439831e-07,1.202095125016289e-07,1.2143601319225845e-07,1.226625114601242e-07,1.2388900691483235e-07,1.2511549980539395e-07,1.2634199026598878e-07,1.2756847802859767e-07,1.287949633573937e-07,1.3002144626154517e-07,1.3124792669676515e-07,1.3247440420399087e-07,1.3370087927530431e-07,1.3492735191193182e-07,1.3615382209427753e-07,1.3738028934686501e-07,1.3860675416044482e-07,1.398332165339808e-07,1.4105967609608698e-07,1.4228613322181354e-07,1.4351258765719053e-07,1.4473903965470093e-07,1.4596548896355527e-07,1.4719193584156687e-07,1.4841838002404507e-07,1.496448217775924e-07,1.5087126083399371e-07,1.5209769745084033e-07,1.533241316087981e-07,1.5455056297621478e-07,1.55776991938731e-07,1.57003418180479e-07,1.5822984185948437e-07,1.594562630983365e-07,1.6068268165201202e-07,1.619090976430074e-07,1.6313551119854427e-07,1.643619220644512e-07,1.655883304584065e-07,1.6681473619941133e-07,1.6804113937803866e-07,1.6926754012255278e-07,1.7049393841813644e-07,1.7172033390990762e-07,1.7294672683940082e-07,1.7417311733298954e-07,1.7539950513835116e-07,1.7662589050568445e-07,1.7785227343317162e-07,1.7907865355253976e-07,1.8030503123757358e-07,1.8153140648356772e-07,1.8275777891744247e-07,1.8398414878956967e-07,1.8521051623100875e-07,1.8643688119638253e-07,1.8766324338353195e-07,1.8888960300912822e-07,1.9011596019505418e-07,1.9134231469767742e-07,1.9256866677137315e-07,1.937950163553052e-07,1.9502136317384118e-07,1.9624770756920727e-07,1.974740492652932e-07,1.9870038851903572e-07,1.9992672509279516e-07,2.0115305923087935e-07,2.023793906826062e-07,2.0360571957330005e-07,2.048320459030699e-07,2.0605836979640933e-07,2.0728469125210505e-07,2.0851100989936485e-07,2.0973732598590393e-07,2.1096363964333415e-07,2.121899506085326e-07,2.134162591376285e-07,2.1464256498170878e-07,2.1586886838931845e-07,2.170951691124187e-07,2.1832146739668944e-07,2.1954776299910936e-07,2.2077405604121668e-07,2.220003466448262e-07,2.2322663480908946e-07,2.2445292017058834e-07,2.256792031159531e-07,2.2690548359663948e-07,2.2813176127792768e-07,2.2935803651671332e-07,2.3058430932423715e-07,2.318105793258256e-07,2.3303684692648463e-07,2.3426311208900066e-07,2.3548937441123702e-07,2.367156343257988e-07,2.3794189176743313e-07,2.3916814641085115e-07,2.4039439849474206e-07,2.416206480191571e-07,2.428468949841391e-07,2.440731395199473e-07,2.4529938136620907e-07,2.465256207827684e-07,2.4775185751051824e-07,2.4897809183732484e-07,2.5020432344675034e-07,2.5143055261968783e-07,2.5265677936418785e-07,2.5388300329648094e-07,2.551092247958011e-07,2.563354436102558e-07,2.575616599798788e-07,2.587878736767141e-07,2.60014084941075e-07,2.612402935204229e-07,2.624664997041062e-07,2.6369270316618724e-07,2.6491890419631414e-07,2.6614510254134744e-07,2.6737129845339756e-07,2.6859749168151653e-07,2.6982368246625355e-07,2.7104987057770743e-07,2.722760562369346e-07,2.7350223949712007e-07,2.7472841993392054e-07,2.7595459788176567e-07,2.7718077343942867e-07,2.7840694620199507e-07,2.7963311652635554e-07,2.8085928438458153e-07,2.8208544947334955e-07,2.8331161212910543e-07,2.8453777233621723e-07,2.857639297516277e-07,2.869900847368192e-07,2.8821623703689896e-07,2.894423868887457e-07,2.9066853407367977e-07,2.9189467870112594e-07,2.9312082077112427e-07,2.943469602837652e-07,2.955730973611879e-07,2.967992317591327e-07,2.980253637607823e-07,2.992514932889874e-07,3.00477620015313e-07,3.017037443187725e-07,3.0292986593092093e-07,3.041559851155448e-07,3.053821018560595e-07,3.0660821579731635e-07,3.0783432730814836e-07,3.0906043613571525e-07,3.1028654246160496e-07,3.1151264617567424e-07,3.127387474558635e-07,3.139648460565742e-07,3.151909421959955e-07,3.164170359498325e-07,3.1764312688148775e-07,3.1886921541757227e-07,3.200953014805213e-07,3.21321384742539e-07,3.2254746552522936e-07,3.2377354387140715e-07,3.249996197800803e-07,3.262256932616687e-07,3.274517637426726e-07,3.2867783178762896e-07,3.2990389715662175e-07,3.311299599696974e-07,3.3235602022686937e-07,3.3358207792818656e-07,3.3480813307369935e-07,3.360341856634623e-07,3.372602358445365e-07,3.384862835613938e-07,3.397123284841485e-07,3.4093837098367545e-07,3.421644107954515e-07,3.4339044805168186e-07,3.4461648275249006e-07,3.458425148979274e-07,3.4706854458703116e-07,3.4829457162194714e-07,3.495205962186441e-07,3.5074661814315455e-07,3.519726376288915e-07,3.5319865444318834e-07,3.544246687781266e-07,3.556506804823383e-07,3.5687668963159865e-07,3.581026963484665e-07,3.5932870062005927e-07,3.605547021048562e-07,3.6178070117319384e-07,3.630066975485121e-07,3.6423269149517974e-07,3.654586829541562e-07,3.6668467166567605e-07,3.679106579421089e-07,3.691366417820442e-07,3.703626231127387e-07,3.715886016065756e-07,3.7281457767182635e-07,3.7404055130254987e-07,3.7526652213357676e-07,3.7649249046206445e-07,3.777184561848129e-07,3.7894441948460313e-07,3.8017038034383613e-07,3.8139633869873004e-07,3.8262229420550034e-07,3.8384824728282947e-07,3.850741976819001e-07,3.863001456477763e-07,3.875260909393812e-07,3.8875203372858884e-07,3.8997797427252847e-07,3.9120391190317287e-07,3.924298471594253e-07,3.9365577997861007e-07,3.94881709948808e-07,3.9610763754481193e-07,3.973335627036784e-07,3.9855948501390074e-07,3.997854049496414e-07,4.010113224233041e-07,4.022372370738841e-07,4.0346314931533483e-07,4.0468905910711376e-07,4.0591496609853696e-07,4.0714087067001784e-07,4.083667725555692e-07,4.0959267202971414e-07,4.108185691143423e-07,4.1204446334147076e-07,4.1327035513201544e-07,4.1449624425373856e-07,4.157221309384691e-07,4.169480149550229e-07,4.1817389653420705e-07,4.193997754457658e-07,4.206256519087385e-07,4.2185152571552913e-07,4.2307739707932636e-07,4.2430326578147307e-07,4.2552913205931576e-07,4.267549956570427e-07,4.2798085677368003e-07,4.292067152672244e-07,4.304325712086802e-07,4.3165842474528723e-07,4.328842755828397e-07,4.341101238684716e-07,4.35335969712301e-07,4.365618128942972e-07,4.377876535245507e-07,4.3901349171911686e-07,4.402393272460091e-07,4.4146516022128907e-07,4.426909907598144e-07,4.4391681863204023e-07,4.4514264406149373e-07,4.4636846708114464e-07,4.475942872991296e-07,4.488201049658075e-07,4.5004592020134784e-07,4.512717330045208e-07,4.5249754333752605e-07,4.537233507994198e-07,4.549491558237798e-07,4.561749581836034e-07,4.5740075812395417e-07,4.586265555853946e-07,4.598523502924013e-07,4.610781425668141e-07,4.6230393239886826e-07,4.6352971945348747e-07,4.647555039574564e-07,4.6598128591078006e-07,4.672070654359813e-07,4.6843284252416644e-07,4.6965861682585897e-07,4.708843886984525e-07,4.721101581301736e-07,4.7333592478068333e-07,4.745616889839349e-07,4.7578745075396913e-07,4.770132097537141e-07,4.782389662032813e-07,4.794647201027561e-07,4.806904714521706e-07,4.819162202515911e-07,4.831419665010473e-07,4.843677102005874e-07,4.855934513502614e-07,4.868191899501166e-07,4.880449260001348e-07,4.892706595004753e-07,4.90496390579291e-07,4.917221189803342e-07,4.929478449605138e-07,4.941735684918664e-07,4.953992892443257e-07,4.966250075690705e-07,4.978507232227061e-07,4.990764364463114e-07,5.003021470013216e-07,5.015278551314877e-07,5.027535605881027e-07,5.039792636160807e-07,5.052049639744196e-07,5.064306619478747e-07,5.076563572082485e-07,5.088820500288673e-07,5.101077403020214e-07,5.113334282532612e-07,5.125591133180396e-07,5.137847959485953e-07,5.150104761562995e-07,5.162361535749493e-07,5.174618285829166e-07,5.186875011407862e-07,5.199131712614338e-07,5.211388384859344e-07,5.223645032638821e-07,5.235901656089815e-07,5.248158255171105e-07,5.260414825482047e-07,5.27267137131961e-07,5.284927890666504e-07,5.297184385709488e-07,5.30944085409424e-07,5.321697297945751e-07,5.33395371537004e-07,5.346210108304072e-07,5.358466474770342e-07,5.3707228169197e-07,5.382979132429933e-07,5.395235423602582e-07,5.40749168815806e-07,5.419747928393524e-07,5.432004144989664e-07,5.444260333117207e-07,5.456516496890579e-07,5.468772636299272e-07,5.48102875133895e-07,5.493284837569206e-07,5.505540900266705e-07,5.51779693863688e-07,5.530052951835217e-07,5.542308936175927e-07,5.554564896159348e-07,5.566820831808434e-07,5.579076739737368e-07,5.591332623312298e-07,5.603588480301971e-07,5.615844312981103e-07,5.628100119033143e-07,5.640355901314265e-07,5.65261165920647e-07,5.66486739225645e-07,5.677123096440614e-07,5.689378776414561e-07,5.701634429667488e-07,5.713890058406484e-07,5.726145660730036e-07,5.738401238537665e-07,5.750656789933926e-07,5.762912316933616e-07,5.775167817404403e-07,5.787423293286342e-07,5.799678742833577e-07,5.811934167166367e-07,5.824189567935676e-07,5.836444941100817e-07,5.848700289814591e-07,5.860955612061533e-07,5.87321091013917e-07,5.885466183780366e-07,5.897721429652483e-07,5.909976651259157e-07,5.922231847412416e-07,5.934487016914716e-07,5.94674216096116e-07,5.958997280735726e-07,5.971252375710562e-07,5.98350744339409e-07,5.995762485622373e-07,6.008017502397314e-07,6.020272495318277e-07,6.032527463336395e-07,6.044782403759818e-07,6.057037318726235e-07,6.069292208242181e-07,6.081547072307226e-07,6.093801910922191e-07,6.106056725097841e-07,6.118311514943043e-07,6.130566277211396e-07,6.142821014031456e-07,6.155075726896702e-07,6.167330412821712e-07,6.179585074551285e-07,6.191839709584034e-07,6.204094320324775e-07,6.216348906957149e-07,6.228603465654414e-07,6.240857998907443e-07,6.253112507924777e-07,6.265366990290979e-07,6.277621448403998e-07,6.28987587988526e-07,6.302130287157099e-07,6.314384669944457e-07,6.326639025101885e-07,6.338893354818972e-07,6.351147660134357e-07,6.363401941193425e-07,6.375656194592441e-07,6.387910423720265e-07,6.400164626242743e-07,6.412418804411463e-07,6.4246729560599e-07,6.436927083355141e-07,6.449181186295438e-07,6.461435261635829e-07,6.473689312710981e-07,6.485943337181818e-07,6.498197337544336e-07,6.510451313725795e-07,6.522705261896299e-07,6.53495918516282e-07,6.547213082467306e-07,6.559466955548338e-07,6.571720804000767e-07,6.583974625012662e-07,6.596228421740603e-07,6.608482191892552e-07,6.620735937847398e-07,6.632989657141203e-07,6.645243351006928e-07,6.657497021558134e-07,6.669750666946657e-07,6.682004284530756e-07,6.694257878527464e-07,6.706511447366123e-07,6.718764988672095e-07,6.731018504553354e-07,6.743271995010253e-07,6.755525460043218e-07,6.767778900789239e-07,6.780032317214252e-07,6.792285705980464e-07,6.804539070437199e-07,6.816792408357797e-07,6.829045720857277e-07,6.841299008744097e-07,6.853552272499668e-07,6.865805508738914e-07,6.878058720749565e-07,6.89031190615099e-07,6.902565066954012e-07,6.914818203426825e-07,6.927071312575286e-07,6.939324396307068e-07,6.951577455745604e-07,6.963830490867445e-07,6.97608349835222e-07,6.988336481546954e-07,7.000589438201871e-07,7.012842369443535e-07,7.025095275271894e-07,7.0373481556874e-07,7.049601010690511e-07,7.06185384223314e-07,7.074106646412773e-07,7.086359426182169e-07,7.09861217954062e-07,7.110864908634881e-07,7.123117611174174e-07,7.135370289676523e-07,7.147622941398133e-07,7.159875568837008e-07,7.172128169742914e-07,7.184380746580927e-07,7.196633298878283e-07,7.208885823564348e-07,7.221138323969158e-07,7.233390800690043e-07,7.245643249160644e-07,7.257895673524144e-07,7.270148073622549e-07,7.282400445882161e-07,7.29465279393239e-07,7.306905115388929e-07,7.319157412693606e-07,7.331409685331067e-07,7.343661933634488e-07,7.355914153484914e-07,7.368166350067979e-07,7.380418519119238e-07,7.392670663709289e-07,7.404922784168423e-07,7.417174877024441e-07,7.429426944483024e-07,7.44167898800055e-07,7.453931004665573e-07,7.46618299810339e-07,7.478434966284298e-07,7.490686906762627e-07,7.502938823307839e-07,7.515190712997585e-07,7.527442579272111e-07,7.539694420499494e-07,7.551946234010276e-07,7.564198023072443e-07,7.57644978579935e-07,7.588701523135088e-07,7.600953235867739e-07,7.613204922422577e-07,7.625456583587601e-07,7.637708220407783e-07,7.649959830794858e-07,7.662211415793392e-07,7.674462975404397e-07,7.686714509628078e-07,7.698966019665189e-07,7.711217506353652e-07,7.723468966655676e-07,7.73572039933488e-07,7.74797180654072e-07,7.760223188771475e-07,7.77247454529739e-07,7.784725879739541e-07,7.796977186851446e-07,7.809228467228388e-07,7.821479722017465e-07,7.833730952689504e-07,7.845982156921819e-07,7.858233335773488e-07,7.870484490396739e-07,7.882735618488589e-07,7.894986723603095e-07,7.907237803129094e-07,7.919488855085073e-07,7.931739882730333e-07,7.943990883931489e-07,7.95624185975577e-07,7.968492811204236e-07,7.980743736276452e-07,7.992994636843641e-07,8.005245512647114e-07,8.017496361596208e-07,8.029747186650971e-07,8.0419979848518e-07,8.05424875848082e-07,8.066499505935941e-07,8.07875022801957e-07,8.091000925861167e-07,8.103251597202411e-07,8.11550224317304e-07,8.127752865082433e-07,8.14000346031371e-07,8.152254030176167e-07,8.164504575977472e-07,8.176755095103976e-07,8.189005590357721e-07,8.201256061539768e-07,8.213506504564367e-07,8.225756923346558e-07,8.23800731563912e-07,8.250257683711806e-07,8.26250802750201e-07,8.274758343700403e-07,8.287008635657477e-07,8.29925890112896e-07,8.311509142386971e-07,8.323759359338328e-07,8.336009548722935e-07,8.348259714259949e-07,8.360509855509235e-07,8.372759972430453e-07,8.385010060372685e-07,8.397260124033893e-07,8.409510163412098e-07,8.421760178467643e-07,8.43401016497519e-07,8.446260127074624e-07,8.458510064895147e-07,8.470759978074464e-07,8.483009863154882e-07,8.49525972415592e-07,8.507509560871778e-07,8.519759373272101e-07,8.53200915693333e-07,8.544258916739126e-07,8.556508651845925e-07,8.568758359448531e-07,8.581008044433317e-07,8.593257703683098e-07,8.605507335229683e-07,8.617756941930187e-07,8.630006522775913e-07,8.642256079018676e-07,8.654505611292759e-07,8.666755116090536e-07,8.67900459668095e-07,8.691254052897613e-07,8.703503481651987e-07,8.715752886062862e-07,8.728002265640594e-07,8.740251618355704e-07,8.752500944645866e-07,8.764750248534704e-07,8.77699952521449e-07,8.789248776650851e-07,8.801498003350834e-07,8.813747207254095e-07,8.825996383472513e-07,8.838245536948708e-07,8.850494665699018e-07,8.862743764981351e-07,8.874992840092804e-07,8.887241889994607e-07,8.899490913256288e-07,8.911739912032944e-07,8.923988884616752e-07,8.936237832832024e-07,8.948486756835771e-07,8.960735656514923e-07,8.972984527748959e-07,8.985233374512406e-07,8.997482195074231e-07,9.009730991280398e-07,9.021979761172107e-07,9.034228506758317e-07,9.046477229638667e-07,9.058725926523819e-07,9.070974595078909e-07,9.083223239423987e-07,9.095471859708414e-07,9.107720455227281e-07,9.119969022457354e-07,9.132217566582632e-07,9.144466083150542e-07,9.156714575398642e-07,9.16896304131e-07,9.181211482983166e-07,9.193459898237535e-07,9.205708289314748e-07,9.217956653914225e-07,9.230204993905571e-07,9.242453307852009e-07,9.254701597444356e-07,9.266949860740103e-07,9.279198099604701e-07,9.291446312251373e-07,9.303694499574289e-07,9.315942662582162e-07,9.328190801464266e-07,9.340438912818685e-07,9.352686998876003e-07,9.364935059586902e-07,9.377183095947565e-07,9.389431106017188e-07,9.401679092381569e-07,9.413927053994775e-07,9.426174988106273e-07,9.438422897770179e-07,9.45067078225217e-07,9.462918640410176e-07,9.47516647434103e-07,9.487414283726115e-07,9.499662065933575e-07,9.511909823853235e-07,9.524157555430208e-07,9.536405263017274e-07,9.548652943965396e-07,9.560900600647633e-07,9.573148233141343e-07,9.585395838149875e-07,9.597643419073561e-07,9.609890973458092e-07,9.62213850378487e-07,9.634386007547305e-07,9.646633486847227e-07,9.658880939990754e-07,9.671128368892434e-07,9.683375773431427e-07,9.695623150647082e-07,9.707870503320925e-07,9.72011783244655e-07,9.732365133739484e-07,9.744612410609542e-07,9.75685966129045e-07,9.76910688666582e-07,9.78135408791e-07,9.793601264803756e-07,9.80584841733218e-07,9.818095541490367e-07,9.830342641550671e-07,9.842589717145858e-07,9.854836765395875e-07,9.86708379022142e-07,9.879330790771077e-07,9.89157776311809e-07,9.90382471095854e-07,9.916071634547042e-07,9.928318531345625e-07,9.94056540249432e-07,9.95281224948693e-07,9.96505907003956e-07,9.97730586395005e-07,9.989552636080575e-07,1.0001799380742287e-06,1.001404610118331e-06,1.0026292795253791e-06,1.0038539465117907e-06,1.0050786110757857e-06,1.0063032728945223e-06,1.0075279322518587e-06,1.0087525892258792e-06,1.0099772434567248e-06,1.0112018953079729e-06,1.0124265444804826e-06,1.0136511912744599e-06,1.0148758353887694e-06,1.0161004771213697e-06,1.0173251163547963e-06,1.018549753228002e-06,1.0197743872266314e-06,1.0209990187221797e-06,1.0222236479148886e-06,1.023448274327109e-06,1.024672898366045e-06,1.0258975199196163e-06,1.0271221387459585e-06,1.0283467550339678e-06,1.029571368992822e-06,1.0307959802337127e-06,1.0320205889462162e-06,1.0332451951303883e-06,1.0344697988930653e-06,1.035694400180329e-06,1.036918998779779e-06,1.038143594886668e-06,1.0393681886931488e-06,1.0405927797082868e-06,1.041817368302488e-06,1.04304195426167e-06,1.0442665380320291e-06,1.0454911189354274e-06,1.0467156974000337e-06,1.0479402732479494e-06,1.0491648466647388e-06,1.050389418017126e-06,1.0516139862819668e-06,1.0528385521161974e-06,1.0540631153259456e-06,1.0552876761133746e-06,1.0565122342680526e-06,1.0577367899667947e-06,1.05896134327142e-06,1.0601858938442593e-06,1.0614104420004177e-06,1.0626349877432201e-06,1.063859530734521e-06,1.0650840713161725e-06,1.0663086094715117e-06,1.0675331448816877e-06,1.0687576778872079e-06,1.0699822082435382e-06,1.0712067361924534e-06,1.0724312614951362e-06,1.0736557843319612e-06,1.0748803045811783e-06,1.0761048223987199e-06,1.0773293377762414e-06,1.0785538504456393e-06,1.0797783606645802e-06,1.0810028684899265e-06,1.0822273735799275e-06,1.0834518762501456e-06,1.0846763764946677e-06,1.085900874005628e-06,1.0871253691067689e-06,1.0883498615654114e-06,1.0895743515936445e-06,1.0907988392493321e-06,1.0920233241297294e-06,1.0932478063554076e-06,1.0944722863920804e-06,1.0956967636946663e-06,1.0969212385847583e-06,1.0981457108358076e-06,1.099370180656077e-06,1.1005946480476932e-06,1.1018191127215686e-06,1.103043574975637e-06,1.1042680348062928e-06,1.105492492182881e-06,1.106716946754628e-06,1.1079413988996282e-06,1.109165848420614e-06,1.1103902955212374e-06,1.1116147401751713e-06,1.1128391821203708e-06,1.1140636216302822e-06,1.115288058807874e-06,1.1165124931777125e-06,1.1177369249852228e-06,1.1189613545433475e-06,1.1201857813382453e-06,1.1214102057205157e-06,1.12263462771499e-06,1.1238590469354166e-06,1.1250834637429818e-06,1.1263078781889118e-06,1.1275322898352805e-06,1.1287566990442778e-06,1.1299811058724926e-06,1.1312055099452225e-06,1.132429911513791e-06,1.1336543108520263e-06,1.134878707618212e-06,1.136103101593425e-06,1.1373274931135312e-06,1.1385518820402967e-06,1.1397762685111763e-06,1.1410006525588181e-06,1.1422250341791998e-06,1.1434494130096317e-06,1.1446737893860174e-06,1.1458981633408822e-06,1.1471225348667894e-06,1.1483469036016406e-06,1.1495712698572942e-06,1.1507956340116208e-06,1.1520199957425516e-06,1.1532443547430785e-06,1.1544687108595406e-06,1.155693064637356e-06,1.1569174158546931e-06,1.1581417646169094e-06,1.1593661106395033e-06,1.160590454398642e-06,1.1618147956228765e-06,1.1630391340755962e-06,1.1642634703830042e-06,1.165487803995545e-06,1.1667121348788142e-06,1.1679364632240367e-06,1.1691607892603615e-06,1.1703851125745819e-06,1.1716094334844185e-06,1.1728337517529004e-06,1.1740580675521036e-06,1.1752823809729317e-06,1.1765066916731147e-06,1.1777309997289429e-06,1.178955305383832e-06,1.1801796086058192e-06,1.1814039093830346e-06,1.1826282077340335e-06,1.1838525032989194e-06,1.185076796730964e-06,1.186301087736448e-06,1.1875253760025566e-06,1.1887496614782028e-06,1.1899739445130633e-06,1.1911982251147214e-06,1.1924225033105875e-06,1.1936467786977603e-06,1.1948710516655014e-06,1.196095322008725e-06,1.1973195899115237e-06,1.198543855210999e-06,1.199768118267834e-06,1.2009923786357238e-06,1.2022166363699498e-06,1.2034408917541435e-06,1.2046651446552307e-06,1.2058893948246563e-06,1.2071136423950386e-06,1.2083378876942515e-06,1.209562130299263e-06,1.2107863703750192e-06,1.2120106079372052e-06,1.21323484306637e-06,1.214459075814441e-06,1.2156833058130061e-06,1.2169075333926754e-06,1.2181317590297166e-06,1.2193559814650764e-06,1.2205802013093473e-06,1.2218044188066786e-06,1.2230286342705892e-06,1.224252846622229e-06,1.2254770568704462e-06,1.2254770568704464e-06,1.2254770568704464e-06,1.2254770568704462e-06,1.2254770568704462e-06,1.2254770568704462e-06,1.2254770568704462e-06,1.2254770568704464e-06,1.2254770568704462e-06,1.2254770568704466e-06,1.2254770568704466e-06,1.2254770568704466e-06,1.2254770568704466e-06,1.2254770568704466e-06,1.2254770568704466e-06,1.2254770568704466e-06,1.2254770568704466e-06,1.2254770568704466e-06,1.2254770568704466e-06,1.2254770568704466e-06,1.2254770568704466e-06,1.2254770568704466e-06,1.2254770568704466e-06,1.2254770568704466e-06,1.2254770568704466e-06,1.2254770568704466e-06,1.2254770568704466e-06,1.2254770568704468e-06,1.2254770568704464e-06,1.2254770568704464e-06,1.2254770568704464e-06,1.2254770568704464e-06,1.2254770568704464e-06,1.2254770568704462e-06,1.2254770568704462e-06,1.2254770568704462e-06,1.2254770568704464e-06,1.2254770568704464e-06,1.2254770568704462e-06,1.2254770568704462e-06,1.2254770568704462e-06,1.2254770568704462e-06,1.2254770568704462e-06,1.2254770568704462e-06,1.2254770568704466e-06,1.2254770568704466e-06,1.2254770568704466e-06,1.2254770568704466e-06,1.2254770568704466e-06,1.2254770568704468e-06,1.2254770568704464e-06,1.2254770568704462e-06,1.2254770568704462e-06,1.2254770568704462e-06,1.2254770568704464e-06,1.2254770568704466e-06,1.2254770568704466e-06,1.2254770568704466e-06,1.2254770568704466e-06,1.2254770568704466e-06,1.2254770568704466e-06,1.2254770568704466e-06,1.2254770568704468e-06,1.2254770568704468e-06,1.2254770568704468e-06,1.2254770568704466e-06,1.2254770568704466e-06,1.2254770568704466e-06,1.2254770568704466e-06,1.2254770568704464e-06,1.2254770568704464e-06,1.2254770568704464e-06,1.2254770568704464e-06,1.2254770568704464e-06,1.2254770568704464e-06,1.2254770568704464e-06,1.2254770568704464e-06,1.2254770568704464e-06,1.2254770568704464e-06,1.2254770568704464e-06,1.2254770568704464e-06,1.2254770568704464e-06,1.2254770568704466e-06,1.2254770568704466e-06,1.2254770568704462e-06,1.2254770568704462e-06,1.2254770568704462e-06,1.2254770568704462e-06,1.2254770568704462e-06,1.2254770568704462e-06,1.2254770568704466e-06,1.2254770568704466e-06,1.2254770568704466e-06,1.2254770568704466e-06,1.2254770568704466e-06,1.2254770568704466e-06,1.2254770568704468e-06,1.2254770568704466e-06,1.2254770568704466e-06,1.2254770568704466e-06,1.2254770568704466e-06,1.2254770568704466e-06,1.2254770568704468e-06,1.2254770568704468e-06,1.2254770568704468e-06,1.2254770568704466e-06,1.2254770568704466e-06,1.2254770568704466e-06,1.2254770568704468e-06,1.2254770568704468e-06,1.2254770568704468e-06,1.2254770568704466e-06,1.2254770568704468e-06,1.2254770568704466e-06,1.2254770568704466e-06,1.2254770568704466e-06,1.2254770568704466e-06,1.2254770568704468e-06,1.2254770568704468e-06,1.2254770568704466e-06,1.2254770568704466e-06,1.2254770568704466e-06,1.2254770568704468e-06,1.2254770568704466e-06,1.2254770568704466e-06,1.2254770568704466e-06,1.2254770568704466e-06,1.2254770568704466e-06,1.2254770568704466e-06,1.2254770568704466e-06,1.2254770568704466e-06,1.2254770568704466e-06,1.2254770568704466e-06,1.2254770568704466e-06,1.2254770568704466e-06,1.2254770568704466e-06,1.2254770568704466e-06,1.2254770568704466e-06,1.2254770568704466e-06,1.2254770568704466e-06,1.2254770568704466e-06,1.2254770568704466e-06,1.225477056870447e-06,1.2254770568704466e-06,1.2254770568704466e-06,1.2254770568704466e-06,1.2254770568704466e-06,1.2254770568704466e-06,1.2254770568704466e-06,1.2254770568704468e-06,1.2254770568704466e-06,1.2254770568704468e-06,1.2254770568704468e-06,1.2254770568704468e-06,1.225477056870447e-06,1.2254770568704468e-06,1.2254770568704468e-06,1.2254770568704468e-06,1.2254770568704468e-06,1.2254770568704468e-06,1.2254770568704468e-06,1.2254770568704468e-06,1.2254770568704468e-06,1.2254770568704468e-06,1.2254770568704468e-06,1.225477056870447e-06,1.2254770568704468e-06,1.2254770568704468e-06,1.2254770568704468e-06,1.2254770568704468e-06,1.2254770568704468e-06,1.2254770568704468e-06,1.2254770568704468e-06,1.2254770568704468e-06,1.2254770568704468e-06,1.2254770568704468e-06,1.2254770568704468e-06,1.2254770568704466e-06,1.2254770568704466e-06,1.2254770568704468e-06,1.2254770568704466e-06,1.2254770568704468e-06,1.2254770568704468e-06,1.2254770568704462e-06,1.225477056870447e-06,1.2254770568704468e-06,1.2254770568704468e-06,1.2254770568704468e-06,1.2254770568704462e-06,1.2254770568704464e-06,1.2254770568704462e-06,1.2254770568704464e-06,1.2254770568704464e-06,1.2254770568704464e-06,1.2254770568704464e-06,1.2254770568704464e-06,1.2254770568704464e-06,1.2254770568704464e-06,1.2254770568704464e-06,1.2254770568704462e-06,1.2254770568704462e-06,1.2254770568704464e-06,1.2254770568704464e-06,1.2254770568704464e-06,1.2254770568704464e-06,1.2254770568704464e-06,1.2254770568704464e-06,1.2254770568704464e-06,1.2254770568704464e-06,1.2254770568704462e-06,1.2254770568704462e-06,1.2254770568704464e-06,1.2254770568704464e-06,1.2254770568704464e-06,1.2254770568704464e-06,1.2254770568704464e-06,1.2254770568704464e-06,1.2254770568704464e-06,1.2254770568704464e-06,1.2254770568704464e-06,1.2254770568704464e-06,1.2254770568704464e-06,1.2254770568704462e-06,1.2254770568704464e-06,1.2254770568704464e-06,1.2254770568704462e-06,1.2254770568704468e-06,1.2254770568704468e-06,1.2254770568704468e-06,1.2254770568704468e-06,1.2254770568704466e-06,1.2254770568704468e-06,1.2254770568704468e-06,1.2254770568704468e-06,1.2254770568704466e-06,1.2254770568704466e-06,1.2254770568704466e-06,1.2254770568704466e-06,1.2254770568704468e-06,1.2254770568704468e-06,1.2254770568704468e-06,1.2254770568704468e-06,1.2254770568704468e-06,1.2254770568704468e-06,1.2254770568704468e-06,1.2254770568704464e-06,1.2254770568704464e-06,1.2254770568704464e-06,1.2254770568704464e-06,1.2254770568704464e-06,1.2254770568704464e-06,1.2254770568704464e-06,1.2254770568704464e-06,1.2254770568704462e-06,1.2254770568704462e-06,1.2254770568704462e-06,1.2254770568704462e-06,1.2254770568704462e-06,1.2254770568704464e-06,1.2254770568704462e-06,1.2254770568704462e-06,1.2254770568704462e-06,1.2254770568704462e-06,1.2254770568704462e-06,1.2254770568704462e-06,1.2254770568704462e-06,1.2254770568704462e-06,1.2254770568704462e-06,1.2254770568704462e-06,1.2254770568704462e-06,1.2254770568704464e-06,1.225477056870446e-06,1.225477056870446e-06,1.2254770568704462e-06,1.2254770568704462e-06,1.2254770568704462e-06,1.2254770568704462e-06,1.2254770568704464e-06,1.225477056870446e-06,1.225477056870446e-06,1.2254770568704464e-06,1.2254770568704464e-06,1.2254770568704464e-06,1.2254770568704464e-06,1.2254770568704464e-06,1.2254770568704464e-06,1.2254770568704464e-06,1.2254770568704464e-06,1.2254770568704464e-06,1.2254770568704462e-06,1.2254770568704462e-06,1.225477056870446e-06,1.2254770568704462e-06,1.2254770568704462e-06,1.2254770568704464e-06,1.2254770568704464e-06,1.2254770568704464e-06,1.2254770568704464e-06,1.2254770568704464e-06,1.2254770568704464e-06,1.2254770568704462e-06,1.2254770568704464e-06,1.2254770568704464e-06,1.2254770568704464e-06,1.2254770568704464e-06,1.2254770568704464e-06,1.2254770568704464e-06,1.2254770568704464e-06,1.2254770568704464e-06,1.2254770568704464e-06,1.2254770568704462e-06,1.2254770568704462e-06,1.2254770568704462e-06,1.2254770568704462e-06,1.2254770568704464e-06,1.2254770568704464e-06,1.2254770568704464e-06,1.2254770568704462e-06,1.2254770568704462e-06,1.2254770568704462e-06,1.2254770568704462e-06,1.2254770568704462e-06,1.225477056870446e-06,1.225477056870446e-06,1.2254770568704462e-06,1.2254770568704462e-06,1.2254770568704462e-06,1.2254770568704462e-06,1.2254770568704462e-06,1.2254770568704462e-06,1.225477056870446e-06,1.2254770568704462e-06,1.2254770568704462e-06,1.2254770568704462e-06,1.2254770568704462e-06,1.2254770568704462e-06,1.2254770568704462e-06,1.2254770568704462e-06,1.2254770568704462e-06,1.2254770568704462e-06,1.2254770568704462e-06,1.2254770568704462e-06,1.2254770568704462e-06,1.2254770568704462e-06,1.2254770568704462e-06,1.2254770568704462e-06,1.2254770568704462e-06,1.2254770568704462e-06,1.2254770568704462e-06,1.2254770568704462e-06,1.2254770568704462e-06,1.2254770568704462e-06,1.2254770568704462e-06,1.2254770568704462e-06,1.2254770568704462e-06,1.2254770568704462e-06,1.2254770568704462e-06,1.2254770568704462e-06,1.2254770568704462e-06,1.2254770568704462e-06,1.2254770568704462e-06,1.2254770568704462e-06,1.2254770568704462e-06,1.2254770568704462e-06,1.2254770568704464e-06,1.2254770568704464e-06,1.2254770568704462e-06,1.2254770568704462e-06,1.2254770568704464e-06,1.2254770568704462e-06,1.2254770568704464e-06,1.2254770568704464e-06,1.2254770568704462e-06,1.2254770568704464e-06,1.2254770568704464e-06,1.2254770568704464e-06,1.2254770568704464e-06,1.2254770568704464e-06,1.2254770568704464e-06,1.2254770568704464e-06,1.2254770568704462e-06,1.2254770568704464e-06,1.2254770568704464e-06,1.2254770568704464e-06,1.2254770568704464e-06,1.2254770568704462e-06,1.2254770568704462e-06,1.2254770568704462e-06,1.2254770568704462e-06,1.2254770568704462e-06,1.225477056870446e-06,1.2254770568704462e-06,1.2254770568704462e-06,1.2254770568704462e-06,1.2254770568704462e-06,1.2254770568704462e-06,1.2254770568704462e-06,1.2254770568704462e-06,1.2254770568704462e-06,1.2254770568704462e-06,1.2254770568704462e-06,1.2254770568704462e-06,1.2254770568704462e-06,1.2254770568704462e-06,1.2254770568704462e-06,1.2254770568704462e-06,1.2254770568704462e-06,1.2254770568704462e-06,1.2254770568704462e-06,1.2254770568704462e-06,1.2254770568704462e-06,1.2254770568704462e-06,1.2254770568704462e-06,1.2254770568704462e-06,1.2254770568704462e-06,1.2254770568704462e-06,1.2254770568704462e-06,1.2254770568704462e-06,1.2254770568704462e-06,1.2254770568704462e-06,1.2254770568704462e-06,1.2254770568704462e-06,1.225477056870446e-06,1.2254770568704462e-06,1.2254770568704462e-06,1.2254770568704462e-06,1.2254770568704462e-06,1.2254770568704462e-06,1.2254770568704462e-06,1.2254770568704462e-06,1.2254770568704462e-06,1.2254770568704462e-06,1.2254770568704462e-06,1.2254770568704462e-06,1.2254770568704462e-06,1.2254770568704462e-06,1.2254770568704462e-06,1.2254770568704462e-06,1.2254770568704462e-06,1.2254770568704462e-06,1.225477056870446e-06,1.2254770568704462e-06,1.225477056870446e-06,1.2254770568704462e-06,1.2254770568704462e-06,1.225477056870446e-06,1.225477056870446e-06,1.2254770568704464e-06,1.2254770568704464e-06,1.2254770568704464e-06,1.225477056870446e-06,1.2254770568704464e-06,1.2254770568704464e-06,1.2254770568704464e-06,1.2254770568704464e-06,1.2254770568704464e-06,1.2254770568704464e-06,1.2254770568704464e-06,1.2254770568704464e-06,1.2254770568704464e-06,1.2254770568704462e-06,1.2254770568704462e-06,1.2254770568704464e-06,1.2254770568704464e-06,1.2254770568704462e-06,1.2254770568704462e-06,1.2254770568704462e-06,1.2254770568704462e-06,1.2254770568704462e-06,1.2254770568704462e-06,1.2254770568704462e-06,1.2254770568704462e-06,1.2254770568704462e-06,1.2254770568704462e-06,1.2254770568704462e-06,1.2254770568704464e-06,1.2254770568704464e-06,1.2254770568704464e-06,1.2254770568704464e-06,1.2254770568704464e-06,1.2254770568704464e-06,1.2254770568704464e-06,1.2254770568704464e-06,1.2254770568704462e-06,1.2254770568704462e-06,1.2254770568704464e-06,1.2254770568704464e-06,1.2254770568704462e-06,1.2254770568704462e-06,1.2254770568704462e-06,1.2254770568704462e-06,1.2254770568704462e-06,1.2254770568704462e-06,1.2254770568704462e-06,1.2254770568704462e-06,1.2254770568704462e-06,1.2254770568704462e-06,1.2254770568704462e-06,1.2254770568704462e-06,1.2254770568704464e-06,1.2254770568704462e-06,1.2254770568704462e-06,1.2254770568704462e-06,1.2254770568704462e-06,1.2254770568704462e-06,1.2254770568704462e-06,1.2254770568704464e-06,1.2254770568704464e-06,1.2254770568704464e-06,1.2254770568704464e-06,1.2254770568704464e-06,1.2254770568704462e-06,1.2254770568704462e-06,1.2254770568704464e-06,1.2254770568704464e-06,1.2254770568704464e-06,1.2254770568704464e-06,1.2254770568704464e-06,1.2254770568704464e-06,1.2254770568704464e-06,1.2254770568704464e-06,1.2254770568704464e-06,1.2254770568704462e-06,1.2254770568704464e-06,1.2254770568704464e-06,1.2254770568704462e-06,1.2254770568704464e-06,1.2254770568704464e-06,1.2254770568704464e-06,1.2254770568704464e-06,1.2254770568704464e-06,1.2254770568704464e-06,1.2254770568704464e-06,1.2254770568704464e-06,1.2254770568704462e-06,1.2254770568704464e-06,1.2254770568704462e-06,1.2254770568704462e-06,1.2254770568704464e-06,1.2254770568704464e-06,1.2254770568704464e-06,1.2254770568704464e-06,1.2254770568704464e-06,1.2254770568704462e-06,1.2254770568704462e-06,1.2254770568704462e-06,1.2254770568704462e-06,1.2254770568704462e-06,1.2254770568704462e-06,1.2254770568704462e-06,1.2254770568704462e-06,1.2254770568704462e-06,1.2254770568704462e-06,1.2254770568704462e-06,1.2254770568704462e-06,1.2254770568704462e-06,1.2254770568704462e-06,1.2254770568704462e-06,1.2254770568704462e-06,1.2254770568704462e-06,1.2254770568704462e-06,1.2254770568704462e-06,1.2254770568704462e-06,1.2254770568704462e-06,1.2254770568704462e-06,1.2254770568704464e-06,1.2254770568704462e-06,1.2254770568704462e-06,1.2254770568704462e-06,1.2254770568704462e-06,1.2254770568704462e-06,1.2254770568704462e-06,1.2254770568704464e-06,1.2254770568704464e-06,1.225477056870446e-06,1.2254770568704464e-06,1.2254770568704464e-06,1.225477056870446e-06,1.225477056870446e-06,1.2254770568704464e-06,1.2254770568704462e-06,1.2254770568704464e-06,1.2254770568704464e-06,1.225477056870446e-06,1.2254770568704464e-06,1.2254770568704462e-06,1.2254770568704464e-06,1.2254770568704464e-06,1.225477056870446e-06,1.2254770568704464e-06,1.2254770568704462e-06,1.2254770568704464e-06,1.2254770568704464e-06,1.2254770568704462e-06,1.2254770568704464e-06,1.2254770568704464e-06,1.2254770568704464e-06,1.2254770568704464e-06,1.2254770568704464e-06,1.2254770568704464e-06,1.2254770568704462e-06,1.2254770568704464e-06,1.2254770568704464e-06,1.2254770568704464e-06,1.2254770568704464e-06,1.2254770568704464e-06,1.2254770568704464e-06,1.2254770568704464e-06,1.2254770568704464e-06,1.2254770568704464e-06,1.2254770568704464e-06,1.2254770568704462e-06,1.2254770568704464e-06,1.2254770568704462e-06,1.2254770568704464e-06,1.2254770568704464e-06,1.2254770568704464e-06,1.2254770568704464e-06,1.2254770568704464e-06,1.2254770568704462e-06,1.2254770568704462e-06,1.2254770568704464e-06,1.2254770568704464e-06,1.2254770568704462e-06,1.2254770568704462e-06,1.2254770568704462e-06,1.2254770568704462e-06,1.2254770568704462e-06,1.2254770568704462e-06,1.2254770568704462e-06,1.2254770568704462e-06,1.2254770568704462e-06,1.2254770568704462e-06,1.2254770568704462e-06,1.2254770568704462e-06,1.225477056870446e-06,1.225477056870446e-06,1.225477056870446e-06,1.225477056870446e-06,1.225477056870446e-06,1.2254770568704462e-06,1.2254770568704462e-06,1.225477056870446e-06,1.225477056870446e-06,1.225477056870446e-06,1.2254770568704462e-06,1.225477056870446e-06,1.2254770568704462e-06,1.2254770568704462e-06,1.2254770568704462e-06,1.225477056870446e-06,1.2254770568704462e-06,1.2254770568704462e-06,1.2254770568704462e-06,1.225477056870446e-06,1.2254770568704462e-06,1.2254770568704462e-06,1.2254770568704462e-06,1.2254770568704462e-06,1.2254770568704462e-06,1.2254770568704462e-06,1.2254770568704462e-06,1.2254770568704462e-06,1.2254770568704462e-06,1.2254770568704462e-06,1.2254770568704462e-06,1.2254770568704462e-06,1.2254770568704462e-06,1.2254770568704464e-06,1.2254770568704464e-06,1.2254770568704462e-06,1.2254770568704464e-06,1.2254770568704464e-06,1.2254770568704464e-06,1.2254770568704464e-06,1.2254770568704462e-06,1.2254770568704462e-06,1.2254770568704462e-06,1.2254770568704464e-06,1.2254770568704464e-06,1.2254770568704464e-06,1.2254770568704462e-06,1.2254770568704462e-06,1.2254770568704462e-06,1.2254770568704464e-06,1.2254770568704462e-06,1.2254770568704462e-06,1.2254770568704462e-06,1.2254770568704462e-06,1.2254770568704462e-06,1.2254770568704462e-06,1.2254770568704462e-06,1.2254770568704462e-06,1.2254770568704462e-06,1.2254770568704462e-06,1.2254770568704462e-06,1.2254770568704462e-06,1.225477056870446e-06,1.2254770568704462e-06,1.2254770568704462e-06,1.2254770568704462e-06,1.2254770568704462e-06,1.2254770568704462e-06,1.2254770568704462e-06,1.2254770568704462e-06,1.225477056870446e-06,1.2254770568704462e-06,1.2254770568704462e-06,1.2254770568704462e-06,1.2254770568704462e-06,1.2254770568704462e-06,1.2254770568704462e-06,1.2254770568704462e-06,1.2254770568704462e-06,1.2254770568704462e-06,1.2254770568704462e-06,1.2254770568704462e-06,1.2254770568704462e-06,1.2254770568704462e-06,1.2254770568704462e-06,1.2254770568704462e-06,1.2254770568704462e-06,1.2254770568704462e-06,1.2254770568704464e-06,1.2254770568704464e-06,1.2254770568704464e-06,1.2254770568704462e-06,1.2254770568704462e-06,1.2254770568704462e-06,1.2254770568704464e-06,1.2254770568704464e-06,1.2254770568704464e-06,1.2254770568704462e-06,1.2254770568704462e-06,1.2254770568704462e-06,1.2254770568704462e-06,1.2254770568704462e-06,1.2254770568704464e-06,1.2254770568704464e-06,1.2254770568704464e-06,1.2254770568704464e-06,1.2254770568704464e-06,1.2254770568704462e-06,1.2254770568704464e-06,1.2254770568704462e-06,1.2254770568704464e-06,1.2254770568704462e-06,1.2254770568704464e-06,1.2254770568704464e-06,1.2254770568704462e-06,1.2254770568704464e-06,1.2254770568704464e-06,1.2254770568704464e-06,1.2254770568704464e-06,1.2254770568704462e-06,1.2254770568704464e-06,1.2254770568704464e-06,1.2254770568704464e-06,1.2254770568704464e-06,1.2254770568704464e-06,1.2254770568704464e-06,1.2254770568704464e-06,1.2254770568704464e-06,1.2254770568704462e-06,1.2254770568704462e-06,1.225477056870446e-06,1.2254770568704462e-06,1.2254770568704462e-06,1.2254770568704462e-06,1.2254770568704462e-06,1.2254770568704462e-06,1.2254770568704462e-06,1.2254770568704462e-06,1.2254770568704462e-06,1.2254770568704462e-06,1.2254770568704462e-06,1.2254770568704462e-06,1.2254770568704462e-06,1.2254770568704462e-06,1.2254770568704462e-06,1.2254770568704462e-06,1.2254770568704462e-06,1.2254770568704462e-06,1.2254770568704464e-06,1.2254770568704464e-06,1.2254770568704464e-06,1.2254770568704464e-06,1.2254770568704464e-06,1.2254770568704462e-06,1.2254770568704462e-06,1.2254770568704464e-06,1.2254770568704464e-06,1.2254770568704464e-06,1.2254770568704464e-06,1.2254770568704464e-06,1.2254770568704464e-06,1.2254770568704464e-06,1.2254770568704462e-06,1.2254770568704464e-06,1.2254770568704462e-06,1.2254770568704464e-06,1.2254770568704464e-06,1.2254770568704462e-06,1.2254770568704462e-06,1.2254770568704464e-06,1.2254770568704464e-06,1.2254770568704464e-06,1.2254770568704464e-06,1.2254770568704462e-06,1.2254770568704464e-06,1.2254770568704462e-06,1.2254770568704464e-06,1.2254770568704464e-06,1.2254770568704464e-06,1.2254770568704464e-06,1.2254770568704464e-06,1.2254770568704464e-06,1.2254770568704464e-06,1.2254770568704464e-06,1.2254770568704464e-06,1.2254770568704464e-06,1.2254770568704464e-06,1.2254770568704464e-06,1.2254770568704464e-06,1.2254770568704464e-06,1.2254770568704464e-06,1.2254770568704464e-06,1.2254770568704464e-06,1.2254770568704464e-06,1.2254770568704464e-06,1.2254770568704464e-06,1.2254770568704464e-06,1.2254770568704464e-06,1.2254770568704464e-06,1.2254770568704464e-06,1.2254770568704462e-06,1.2254770568704464e-06,1.2254770568704464e-06,1.2254770568704464e-06,1.2254770568704464e-06,1.2254770568704464e-06,1.2254770568704464e-06,1.2254770568704462e-06,1.2254770568704464e-06,1.2254770568704464e-06,1.2254770568704464e-06,1.2254770568704464e-06,1.2254770568704464e-06,1.2254770568704464e-06,1.2254770568704464e-06,1.2254770568704464e-06,1.2254770568704464e-06,1.2254770568704464e-06,1.2254770568704464e-06,1.2254770568704464e-06,1.2254770568704464e-06,1.2254770568704462e-06,1.2254770568704462e-06,1.2254770568704464e-06,1.2254770568704462e-06,1.2254770568704462e-06,1.2254770568704462e-06,1.2254770568704462e-06,1.2254770568704462e-06,1.2254770568704462e-06,1.2254770568704462e-06,1.2254770568704462e-06,1.2254770568704462e-06,1.2254770568704462e-06,1.2254770568704462e-06,1.2254770568704462e-06,1.2254770568704462e-06,1.2254770568704462e-06,1.2254770568704462e-06,1.2254770568704462e-06,1.2254770568704462e-06,1.2254770568704462e-06,1.2254770568704462e-06,1.2254770568704462e-06,1.2254770568704462e-06,1.2254770568704462e-06,1.2254770568704462e-06,1.2254770568704464e-06,1.2254770568704464e-06,1.2254770568704462e-06,1.2254770568704462e-06,1.2254770568704462e-06,1.2254770568704462e-06,1.2254770568704462e-06,1.2254770568704464e-06,1.2254770568704462e-06,1.2254770568704464e-06,1.2254770568704464e-06,1.2254770568704464e-06,1.2254770568704464e-06,1.2254770568704462e-06,1.2254770568704462e-06,1.2254770568704464e-06,1.2254770568704462e-06,1.2254770568704464e-06,1.2254770568704464e-06,1.2254770568704462e-06,1.2254770568704464e-06,1.2254770568704464e-06,1.2254770568704462e-06,1.2254770568704462e-06,1.2254770568704462e-06,1.2254770568704462e-06,1.2254770568704464e-06,1.2254770568704462e-06,1.2254770568704464e-06,1.2254770568704464e-06,1.2254770568704464e-06,1.2254770568704464e-06,1.2254770568704464e-06,1.2254770568704462e-06,1.2254770568704462e-06,1.2254770568704462e-06,1.2254770568704462e-06,1.2254770568704464e-06,1.2254770568704462e-06,1.2254770568704462e-06,1.2254770568704462e-06,1.2254770568704462e-06,1.2254770568704464e-06,1.2254770568704464e-06,1.2254770568704462e-06,1.2254770568704462e-06,1.2254770568704462e-06,1.2254770568704462e-06,1.2254770568704462e-06,1.2254770568704462e-06,1.2254770568704462e-06,1.2254770568704462e-06,1.2254770568704462e-06,1.2254770568704462e-06,1.2254770568704464e-06,1.2254770568704464e-06,1.2254770568704462e-06,1.2254770568704462e-06,1.2254770568704462e-06,1.2254770568704462e-06,1.2254770568704462e-06,1.2254770568704462e-06,1.2254770568704462e-06,1.2254770568704462e-06,1.2254770568704462e-06,1.2254770568704462e-06,1.2254770568704462e-06,1.2254770568704462e-06,1.2254770568704462e-06,1.2254770568704462e-06,1.2254770568704462e-06,1.2254770568704462e-06,1.2254770568704462e-06,1.2254770568704462e-06,1.2254770568704462e-06,1.2254770568704462e-06,1.2254770568704462e-06,1.2254770568704462e-06,1.2254770568704462e-06,1.2254770568704462e-06,1.2254770568704462e-06,1.2254770568704464e-06,1.2254770568704462e-06,1.2254770568704462e-06,1.2254770568704464e-06,1.2254770568704464e-06,1.2254770568704464e-06,1.2254770568704464e-06,1.2254770568704464e-06,1.2254770568704462e-06,1.2254770568704462e-06,1.2254770568704462e-06,1.2254770568704464e-06,1.2254770568704464e-06,1.2254770568704464e-06,1.2254770568704464e-06,1.2254770568704462e-06,1.2254770568704462e-06,1.2254770568704464e-06,1.2254770568704464e-06,1.2254770568704464e-06,1.2254770568704462e-06,1.2254770568704462e-06,1.2254770568704464e-06,1.2254770568704464e-06,1.2254770568704462e-06,1.2254770568704462e-06,1.2254770568704462e-06,1.2254770568704462e-06,1.2254770568704462e-06,1.2254770568704462e-06,1.225477056870446e-06,1.2254770568704462e-06,1.2254770568704462e-06,1.2254770568704462e-06,1.225477056870446e-06,1.2254770568704462e-06,1.2254770568704462e-06,1.225477056870446e-06,1.2254770568704462e-06,1.2254770568704462e-06,1.2254770568704462e-06,1.225477056870446e-06,1.2254770568704457e-06,1.2254770568704462e-06,1.225477056870446e-06,1.225477056870446e-06,1.225477056870446e-06,1.225477056870446e-06,1.225477056870446e-06,1.2254770568704462e-06,1.2254770568704462e-06,1.2254770568704462e-06,1.2254770568704462e-06,1.225477056870446e-06,1.2254770568704462e-06,1.2254770568704462e-06,1.2254770568704462e-06,1.2254770568704462e-06,1.2254770568704462e-06,1.2254770568704462e-06,1.2254770568704462e-06,1.2254770568704462e-06,1.2254770568704462e-06,1.2254770568704462e-06,1.2254770568704462e-06,1.2254770568704462e-06,1.2254770568704462e-06,1.2254770568704462e-06,1.2254770568704462e-06,1.2254770568704462e-06,1.2254770568704462e-06,1.2254770568704462e-06,1.2254770568704462e-06,1.2254770568704462e-06,1.2254770568704462e-06,1.2254770568704462e-06,1.2254770568704462e-06,1.2254770568704462e-06,1.2254770568704462e-06,1.2254770568704462e-06,1.2254770568704462e-06,1.2254770568704462e-06,1.2254770568704462e-06,1.2254770568704462e-06,1.2254770568704462e-06,1.2254770568704462e-06,1.2254770568704462e-06,1.2254770568704462e-06,1.2254770568704462e-06,1.2254770568704462e-06,1.2254770568704462e-06,1.2254770568704462e-06,1.2254770568704462e-06,1.2254770568704462e-06,1.2254770568704462e-06,1.225477056870446e-06,1.225477056870446e-06,1.2254770568704462e-06,1.225477056870446e-06,1.2254770568704462e-06,1.2254770568704462e-06,1.2254770568704462e-06,1.225477056870446e-06,1.225477056870446e-06,1.2254770568704462e-06,1.2254770568704462e-06,1.225477056870446e-06,1.225477056870446e-06,1.225477056870446e-06,1.2254770568704464e-06,1.225477056870446e-06,1.2254770568704464e-06,1.2254770568704464e-06,1.2254770568704464e-06,1.225477056870446e-06,1.2254770568704462e-06,1.2254770568704464e-06,1.225477056870446e-06,1.225477056870446e-06,1.2254770568704464e-06,1.2254770568704464e-06,1.2254770568704462e-06,1.2254770568704464e-06,1.2254770568704464e-06,1.2254770568704464e-06,1.2254770568704464e-06,1.2254770568704464e-06,1.2254770568704464e-06,1.2254770568704464e-06,1.2254770568704464e-06,1.2254770568704464e-06,1.2254770568704464e-06,1.2254770568704464e-06,1.2254770568704464e-06,1.2254770568704464e-06,1.2254770568704464e-06,1.2254770568704464e-06,1.2254770568704464e-06,1.2254770568704462e-06,1.2254770568704462e-06,1.2254770568704462e-06,1.2254770568704462e-06,1.2254770568704462e-06,1.2254770568704464e-06,1.2254770568704462e-06,1.2254770568704464e-06,1.2254770568704464e-06,1.2254770568704464e-06,1.2254770568704462e-06,1.2254770568704462e-06,1.2254770568704464e-06,1.2254770568704462e-06,1.2254770568704464e-06,1.2254770568704464e-06,1.2254770568704464e-06,1.2254770568704464e-06,1.2254770568704464e-06,1.2254770568704464e-06,1.2254770568704464e-06,1.2254770568704464e-06,1.2254770568704462e-06,1.2254770568704464e-06,1.2254770568704464e-06,1.2254770568704462e-06,1.2254770568704464e-06,1.2254770568704464e-06,1.2254770568704464e-06,1.2254770568704464e-06,1.2254770568704464e-06,1.2254770568704462e-06,1.2254770568704464e-06,1.2254770568704462e-06,1.2254770568704462e-06,1.2254770568704462e-06,1.225477056870446e-06,1.2254770568704462e-06,1.2254770568704464e-06,1.2254770568704462e-06,1.2254770568704462e-06,1.2254770568704462e-06,1.2254770568704462e-06,1.2254770568704462e-06,1.2254770568704462e-06,1.225477056870446e-06,1.225477056870446e-06,1.225477056870446e-06,1.2254770568704464e-06,1.2254770568704464e-06,1.2254770568704464e-06,1.2254770568704464e-06,1.2254770568704464e-06,1.225477056870446e-06,1.2254770568704462e-06,1.2254770568704462e-06,1.225477056870446e-06,1.225477056870446e-06,1.225477056870446e-06,1.225477056870446e-06,1.225477056870446e-06,1.2254770568704462e-06,1.2254770568704462e-06,1.2254770568704464e-06,1.2254770568704464e-06,1.2254770568704464e-06,1.2254770568704464e-06,1.2254770568704464e-06,1.225477056870446e-06,1.225477056870446e-06,1.2254770568704464e-06,1.2254770568704464e-06,1.2254770568704464e-06,1.2254770568704464e-06,1.2254770568704464e-06,1.2254770568704464e-06,1.2254770568704462e-06,1.2254770568704464e-06,1.2254770568704464e-06,1.2254770568704462e-06,1.2254770568704464e-06,1.2254770568704464e-06,1.2254770568704462e-06,1.2254770568704464e-06,1.2254770568704464e-06,1.2254770568704464e-06,1.2254770568704462e-06,1.2254770568704462e-06,1.2254770568704462e-06,1.2254770568704462e-06,1.2254770568704464e-06,1.2254770568704464e-06,1.2254770568704464e-06,1.2254770568704462e-06,1.2254770568704462e-06,1.2254770568704462e-06,1.2254770568704464e-06,1.2254770568704462e-06,1.2254770568704462e-06,1.2254770568704462e-06,1.2254770568704462e-06,1.2254770568704462e-06,1.2254770568704462e-06,1.2254770568704462e-06,1.2254770568704462e-06,1.2254770568704464e-06,1.2254770568704462e-06,1.2254770568704462e-06,1.2254770568704462e-06,1.225477056870446e-06,1.225477056870446e-06,1.2254770568704462e-06,1.2254770568704462e-06,1.2254770568704462e-06,1.225477056870446e-06,1.225477056870446e-06,1.2254770568704462e-06,1.2254770568704462e-06,1.2254770568704462e-06,1.2254770568704462e-06,1.225477056870446e-06,1.2254770568704462e-06,1.2254770568704462e-06,1.2254770568704462e-06,1.2254770568704462e-06,1.2254770568704462e-06,1.2254770568704462e-06,1.2254770568704462e-06,1.2254770568704462e-06,1.2254770568704462e-06,1.2254770568704462e-06,1.2254770568704464e-06,1.2254770568704462e-06,1.2254770568704462e-06,1.2254770568704462e-06,1.2254770568704462e-06,1.2254770568704462e-06,1.2254770568704462e-06,1.2254770568704462e-06,1.2254770568704462e-06,1.2254770568704462e-06,1.2254770568704462e-06,1.2254770568704462e-06,1.2254770568704462e-06,1.2254770568704462e-06,1.2254770568704462e-06,1.2254770568704464e-06,1.2254770568704464e-06,1.2254770568704464e-06,1.2254770568704464e-06,1.2254770568704464e-06,1.2254770568704464e-06,1.2254770568704462e-06,1.2254770568704462e-06,1.2254770568704462e-06,1.2254770568704464e-06,1.2254770568704462e-06,1.2254770568704464e-06,1.2254770568704462e-06,1.2254770568704464e-06,1.2254770568704462e-06,1.2254770568704464e-06,1.2254770568704464e-06,1.2254770568704462e-06,1.2254770568704464e-06,1.2254770568704462e-06,1.2254770568704464e-06,1.2254770568704462e-06,1.2254770568704464e-06,1.2254770568704462e-06,1.2254770568704462e-06,1.2254770568704462e-06,1.2254770568704462e-06,1.2254770568704462e-06,1.2254770568704462e-06,1.2254770568704464e-06,1.2254770568704464e-06,1.2254770568704464e-06,1.2254770568704462e-06,1.2254770568704462e-06,1.2254770568704462e-06,1.2254770568704462e-06,1.2254770568704462e-06,1.2254770568704462e-06,1.2254770568704462e-06,1.2254770568704462e-06,1.2254770568704462e-06,1.2254770568704462e-06,1.2254770568704462e-06,1.2254770568704462e-06,1.2254770568704462e-06,1.2254770568704462e-06,1.2254770568704462e-06,1.2254770568704462e-06,1.2254770568704462e-06,1.2254770568704462e-06,1.225477056870446e-06,1.225477056870446e-06,1.225477056870446e-06,1.225477056870446e-06,1.225477056870446e-06,1.225477056870446e-06,1.225477056870446e-06,1.225477056870446e-06,1.225477056870446e-06,1.225477056870446e-06,1.225477056870446e-06,1.225477056870446e-06,1.225477056870446e-06,1.225477056870446e-06,1.225477056870446e-06,1.225477056870446e-06,1.225477056870446e-06,1.225477056870446e-06,1.225477056870446e-06,1.2254770568704462e-06,1.225477056870446e-06,1.225477056870446e-06,1.225477056870446e-06,1.225477056870446e-06,1.225477056870446e-06,1.225477056870446e-06,1.225477056870446e-06,1.2254770568704462e-06,1.2254770568704462e-06,1.2254770568704462e-06,1.2254770568704462e-06,1.2254770568704462e-06,1.225477056870446e-06,1.225477056870446e-06,1.2254770568704464e-06,1.2254770568704462e-06,1.2254770568704462e-06,1.225477056870446e-06,1.2254770568704462e-06,1.225477056870446e-06,1.2254770568704462e-06,1.2254770568704462e-06,1.2254770568704464e-06,1.225477056870446e-06,1.2254770568704462e-06,1.2254770568704462e-06,1.225477056870446e-06,1.2254770568704462e-06,1.2254770568704462e-06,1.2254770568704464e-06,1.2254770568704464e-06,1.2254770568704462e-06,1.2254770568704464e-06,1.2254770568704464e-06,1.2254770568704462e-06,1.2254770568704464e-06,1.2254770568704462e-06,1.2254770568704464e-06,1.2254770568704464e-06,1.2254770568704464e-06,1.2254770568704464e-06,1.2254770568704464e-06,1.2254770568704464e-06,1.2254770568704464e-06,1.2254770568704464e-06,1.2254770568704462e-06,1.2254770568704462e-06,1.2254770568704462e-06,1.2254770568704462e-06,1.2254770568704462e-06,1.2254770568704462e-06,1.2254770568704462e-06,1.2254770568704462e-06,1.2254770568704462e-06,1.2254770568704462e-06,1.2254770568704462e-06,1.2254770568704464e-06,1.2254770568704464e-06,1.2254770568704464e-06,1.2254770568704462e-06,1.2254770568704464e-06,1.2254770568704464e-06,1.2254770568704464e-06,1.2254770568704464e-06,1.2254770568704464e-06,1.225477056870446e-06,1.2254770568704462e-06,1.2254770568704464e-06,1.225477056870446e-06,1.2254770568704464e-06,1.225477056870446e-06,1.2254770568704464e-06,1.2254770568704464e-06,1.2254770568704462e-06,1.2254770568704464e-06,1.2254770568704464e-06,1.2254770568704462e-06,1.2254770568704464e-06,1.2254770568704464e-06,1.2254770568704464e-06,1.2254770568704464e-06,1.2254770568704464e-06,1.2254770568704464e-06,1.2254770568704464e-06,1.225477056870446e-06,1.2254770568704464e-06,1.2254770568704464e-06,1.2254770568704462e-06,1.2254770568704464e-06,1.225477056870446e-06,1.2254770568704464e-06,1.2254770568704464e-06,1.2254770568704462e-06,1.2254770568704464e-06,1.2254770568704464e-06,1.2254770568704464e-06,1.2254770568704464e-06,1.2254770568704464e-06,1.2254770568704464e-06,1.2254770568704464e-06,1.2254770568704464e-06,1.2254770568704464e-06,1.2254770568704464e-06,1.2254770568704464e-06,1.2254770568704464e-06,1.2254770568704464e-06,1.2254770568704464e-06,1.2254770568704462e-06,1.2254770568704464e-06,1.2254770568704462e-06,1.2254770568704464e-06,1.2254770568704462e-06,1.2254770568704464e-06,1.2254770568704464e-06,1.2254770568704464e-06,1.2254770568704464e-06,1.2254770568704464e-06,1.2254770568704464e-06,1.2254770568704464e-06,1.2254770568704462e-06,1.2254770568704464e-06,1.2254770568704464e-06,1.2254770568704464e-06,1.2254770568704464e-06,1.2254770568704464e-06,1.2254770568704464e-06,1.2254770568704464e-06,1.2254770568704464e-06,1.2254770568704462e-06,1.2254770568704462e-06,1.2254770568704462e-06,1.2254770568704462e-06,1.2254770568704462e-06,1.225477056870446e-06,1.225477056870446e-06,1.225477056870446e-06,1.2254770568704462e-06,1.2254770568704462e-06,1.2254770568704462e-06,1.2254770568704462e-06,1.2254770568704462e-06,1.225477056870446e-06,1.2254770568704462e-06,1.2254770568704462e-06,1.2254770568704462e-06,1.2254770568704462e-06,1.2254770568704462e-06,1.2254770568704462e-06,1.2254770568704464e-06,1.2254770568704464e-06,1.2254770568704464e-06,1.2254770568704464e-06,1.2254770568704462e-06,1.2254770568704464e-06,1.2254770568704464e-06,1.2254770568704464e-06,1.2254770568704464e-06,1.2254770568704464e-06,1.2254770568704464e-06,1.2254770568704464e-06,1.2254770568704464e-06,1.2254770568704464e-06,1.2254770568704464e-06,1.2254770568704464e-06,1.2254770568704464e-06,1.2254770568704464e-06,1.2254770568704464e-06,1.2254770568704464e-06,1.2254770568704462e-06,1.2254770568704464e-06,1.2254770568704464e-06,1.2254770568704464e-06,1.2254770568704464e-06,1.2254770568704462e-06,1.2254770568704462e-06,1.2254770568704464e-06,1.2254770568704462e-06,1.2254770568704462e-06,1.2254770568704462e-06,1.2254770568704462e-06,1.2254770568704462e-06,1.2254770568704462e-06,1.2254770568704464e-06,1.2254770568704464e-06,1.2254770568704462e-06,1.2254770568704462e-06,1.2254770568704462e-06,1.2254770568704464e-06,1.2254770568704462e-06,1.2254770568704462e-06,1.2254770568704464e-06,1.2254770568704464e-06,1.2254770568704462e-06,1.2254770568704464e-06,1.2254770568704464e-06,1.2254770568704462e-06,1.2254770568704462e-06,1.2254770568704464e-06,1.2254770568704464e-06,1.2254770568704464e-06,1.2254770568704462e-06,1.2254770568704464e-06,1.2254770568704464e-06,1.2254770568704464e-06,1.2254770568704464e-06,1.2254770568704464e-06,1.2254770568704464e-06,1.2254770568704464e-06,1.2254770568704464e-06,1.2254770568704464e-06,1.2254770568704464e-06,1.2254770568704464e-06,1.2254770568704464e-06,1.2254770568704464e-06,1.2254770568704462e-06,1.2254770568704462e-06,1.2254770568704462e-06,1.2254770568704462e-06,1.2254770568704462e-06,1.2254770568704462e-06,1.2254770568704462e-06,1.2254770568704464e-06,1.2254770568704464e-06,1.2254770568704464e-06,1.2254770568704462e-06,1.2254770568704462e-06,1.2254770568704462e-06,1.225477056870446e-06,1.225477056870446e-06,1.2254770568704462e-06,1.2254770568704462e-06,1.2254770568704462e-06,1.225477056870446e-06,1.225477056870446e-06,1.2254770568704464e-06,1.2254770568704462e-06,1.2254770568704464e-06,1.2254770568704462e-06,1.2254770568704462e-06,1.2254770568704462e-06,1.2254770568704462e-06,1.2254770568704464e-06,1.2254770568704462e-06,1.2254770568704464e-06,1.2254770568704462e-06,1.2254770568704464e-06,1.2254770568704462e-06,1.2254770568704464e-06,1.2254770568704462e-06,1.2254770568704464e-06,1.2254770568704462e-06,1.2254770568704464e-06,1.2254770568704464e-06,1.2254770568704464e-06,1.2254770568704464e-06,1.2254770568704464e-06,1.2254770568704464e-06,1.2254770568704464e-06,1.2254770568704462e-06,1.2254770568704462e-06,1.2254770568704462e-06,1.2254770568704464e-06,1.2254770568704464e-06,1.2254770568704462e-06,1.2254770568704464e-06,1.2254770568704464e-06,1.2254770568704464e-06,1.2254770568704462e-06,1.2254770568704462e-06,1.2254770568704462e-06,1.2254770568704462e-06,1.2254770568704462e-06,1.2254770568704462e-06,1.2254770568704462e-06,1.2254770568704462e-06,1.2254770568704462e-06,1.2254770568704462e-06,1.2254770568704462e-06,1.2254770568704462e-06,1.2254770568704462e-06,1.2254770568704462e-06,1.2254770568704462e-06,1.2254770568704462e-06,1.2254770568704462e-06,1.2254770568704462e-06,1.2254770568704462e-06,1.2254770568704462e-06,1.2254770568704462e-06,1.2254770568704462e-06,1.2254770568704464e-06,1.2254770568704462e-06,1.2254770568704462e-06,1.2254770568704462e-06,1.2254770568704462e-06,1.2254770568704462e-06,1.2254770568704462e-06,1.2254770568704462e-06,1.2254770568704462e-06,1.2254770568704462e-06,1.2254770568704462e-06,1.2254770568704462e-06,1.2254770568704462e-06,1.2254770568704462e-06,1.2254770568704462e-06,1.2254770568704462e-06,1.2254770568704462e-06,1.2254770568704462e-06,1.2254770568704462e-06,1.2254770568704462e-06,1.2254770568704462e-06,1.2254770568704462e-06,1.2254770568704462e-06,1.2254770568704462e-06,1.2254770568704462e-06,1.225477056870446e-06,1.225477056870446e-06,1.225477056870446e-06,1.2254770568704464e-06,1.2254770568704462e-06,1.2254770568704462e-06,1.2254770568704462e-06,1.2254770568704464e-06,1.2254770568704464e-06,1.2254770568704464e-06,1.2254770568704464e-06,1.225477056870446e-06,1.2254770568704462e-06,1.2254770568704462e-06,1.2254770568704464e-06,1.2254770568704464e-06,1.2254770568704464e-06,1.2254770568704464e-06,1.2254770568704462e-06,1.2254770568704462e-06,1.225477056870446e-06,1.2254770568704464e-06,1.2254770568704462e-06,1.2254770568704464e-06,1.2254770568704464e-06,1.2254770568704464e-06,1.2254770568704464e-06,1.2254770568704464e-06,1.2254770568704464e-06,1.2254770568704464e-06,1.2254770568704464e-06,1.2254770568704464e-06,1.2254770568704464e-06,1.2254770568704464e-06,1.2254770568704464e-06,1.2254770568704464e-06,1.2254770568704464e-06,1.2254770568704464e-06,1.2254770568704464e-06,1.2254770568704464e-06,1.2254770568704464e-06,1.2254770568704462e-06,1.2254770568704462e-06,1.2254770568704462e-06,1.2254770568704462e-06,1.2254770568704462e-06,1.2254770568704462e-06,1.2254770568704462e-06,1.2254770568704462e-06,1.2254770568704462e-06,1.2254770568704462e-06,1.2254770568704462e-06,1.2254770568704462e-06,1.2254770568704462e-06,1.2254770568704462e-06,1.2254770568704462e-06,1.2254770568704462e-06,1.2254770568704462e-06,1.2254770568704462e-06,1.2254770568704462e-06,1.2254770568704462e-06,1.2254770568704464e-06,1.2254770568704464e-06,1.2254770568704464e-06,1.225477056870446e-06,1.2254770568704464e-06,1.225477056870446e-06,1.2254770568704464e-06,1.2254770568704464e-06,1.225477056870446e-06,1.2254770568704464e-06,1.2254770568704464e-06,1.225477056870446e-06,1.2254770568704464e-06,1.225477056870446e-06,1.2254770568704464e-06,1.2254770568704464e-06,1.225477056870446e-06,1.2254770568704464e-06,1.2254770568704464e-06,1.2254770568704464e-06,1.2254770568704464e-06,1.2254770568704464e-06,1.2254770568704464e-06,1.2254770568704464e-06,1.2254770568704464e-06,1.2254770568704464e-06,1.2254770568704462e-06,1.2254770568704464e-06,1.2254770568704462e-06,1.2254770568704464e-06,1.2254770568704464e-06,1.2254770568704464e-06,1.2254770568704464e-06,1.2254770568704464e-06,1.2254770568704464e-06,1.2254770568704462e-06,1.2254770568704464e-06,1.2254770568704464e-06,1.2254770568704464e-06,1.2254770568704464e-06,1.2254770568704464e-06,1.2254770568704464e-06,1.2254770568704464e-06,1.2254770568704464e-06,1.2254770568704464e-06,1.2254770568704464e-06,1.2254770568704464e-06,1.2254770568704464e-06,1.2254770568704464e-06,1.2254770568704464e-06,1.2254770568704464e-06,1.2254770568704464e-06,1.2254770568704464e-06,1.2254770568704464e-06,1.2254770568704464e-06,1.2254770568704462e-06,1.2254770568704462e-06,1.2254770568704464e-06,1.2254770568704462e-06,1.2254770568704462e-06,1.2254770568704464e-06,1.2254770568704464e-06,1.2254770568704464e-06,1.2254770568704464e-06,1.2254770568704464e-06,1.2254770568704462e-06,1.2254770568704462e-06,1.2254770568704462e-06,1.2254770568704462e-06,1.2254770568704462e-06,1.2254770568704464e-06,1.2254770568704464e-06,1.2254770568704462e-06,1.2254770568704464e-06,1.2254770568704464e-06,1.2254770568704462e-06,1.2254770568704462e-06,1.2254770568704462e-06,1.2254770568704462e-06,1.2254770568704462e-06,1.2254770568704462e-06,1.2254770568704462e-06,1.2254770568704462e-06,1.2254770568704464e-06,1.2254770568704464e-06,1.2254770568704462e-06,1.2254770568704464e-06,1.2254770568704462e-06,1.2254770568704462e-06,1.2254770568704462e-06,1.2254770568704462e-06,1.2254770568704462e-06,1.2254770568704464e-06,1.2254770568704464e-06,1.2254770568704464e-06,1.2254770568704462e-06,1.2254770568704462e-06,1.2254770568704462e-06,1.2254770568704462e-06,1.2254770568704464e-06,1.2254770568704464e-06,1.2254770568704464e-06,1.2254770568704464e-06,1.2254770568704464e-06,1.2254770568704464e-06,1.2254770568704464e-06,1.2254770568704464e-06,1.2254770568704464e-06,1.2254770568704464e-06,1.2254770568704464e-06,1.2254770568704464e-06,1.2254770568704464e-06,1.2254770568704464e-06,1.2254770568704464e-06,1.2254770568704464e-06,1.2254770568704464e-06,1.2254770568704464e-06,1.2254770568704464e-06,1.2254770568704464e-06,1.2254770568704464e-06,1.2254770568704464e-06,1.2254770568704464e-06,1.2254770568704464e-06,1.2254770568704464e-06,1.2254770568704464e-06,1.2254770568704464e-06,1.2254770568704464e-06,1.2254770568704462e-06,1.2254770568704464e-06,1.2254770568704464e-06,1.2254770568704464e-06,1.2254770568704464e-06,1.2254770568704462e-06,1.2254770568704464e-06,1.2254770568704464e-06,1.2254770568704464e-06,1.2254770568704464e-06,1.2254770568704464e-06,1.2254770568704464e-06,1.2254770568704464e-06,1.2254770568704464e-06,1.2254770568704464e-06,1.2254770568704464e-06,1.2254770568704464e-06,1.2254770568704464e-06,1.2254770568704464e-06,1.2254770568704464e-06,1.2254770568704464e-06,1.2254770568704464e-06,1.2254770568704464e-06,1.2254770568704464e-06,1.2254770568704464e-06,1.2254770568704462e-06,1.2254770568704462e-06,1.2254770568704462e-06,1.2254770568704462e-06,1.2254770568704462e-06,1.2254770568704462e-06,1.2254770568704462e-06,1.2254770568704462e-06,1.2254770568704464e-06,1.2254770568704462e-06,1.2254770568704462e-06,1.2254770568704462e-06,1.2254770568704462e-06,1.2254770568704462e-06,1.2254770568704462e-06,1.2254770568704462e-06,1.2254770568704462e-06,1.2254770568704462e-06,1.2254770568704462e-06,1.2254770568704462e-06,1.2254770568704462e-06,1.2254770568704462e-06,1.2254770568704462e-06,1.2254770568704462e-06,1.2254770568704462e-06,1.2254770568704462e-06,1.2254770568704462e-06,1.2254770568704462e-06,1.2254770568704462e-06,1.2254770568704462e-06,1.2254770568704462e-06,1.2254770568704462e-06,1.225477056870446e-06,1.225477056870446e-06,1.2254770568704462e-06,1.225477056870446e-06,1.2254770568704462e-06,1.2254770568704462e-06,1.2254770568704462e-06,1.2254770568704462e-06,1.2254770568704462e-06,1.2254770568704462e-06,1.2254770568704462e-06,1.225477056870446e-06,1.2254770568704462e-06,1.2254770568704462e-06,1.225477056870446e-06,1.2254770568704462e-06,1.225477056870446e-06,1.2254770568704464e-06,1.2254770568704464e-06,1.2254770568704462e-06,1.2254770568704462e-06,1.225477056870446e-06,1.2254770568704464e-06,1.2254770568704464e-06,1.2254770568704462e-06,1.2254770568704464e-06,1.2254770568704464e-06,1.225477056870446e-06,1.2254770568704462e-06,1.2254770568704462e-06,1.2254770568704462e-06,1.2254770568704464e-06,1.2254770568704462e-06,1.2254770568704462e-06,1.2254770568704464e-06,1.2254770568704464e-06,1.2254770568704464e-06,1.2254770568704464e-06,1.2254770568704462e-06,1.2254770568704462e-06,1.2254770568704462e-06,1.2254770568704462e-06,1.2254770568704462e-06,1.2254770568704462e-06,1.2254770568704462e-06,1.2254770568704462e-06,1.2254770568704462e-06,1.2254770568704462e-06,1.2254770568704462e-06,1.2254770568704462e-06,1.2254770568704462e-06,1.2254770568704462e-06,1.2254770568704462e-06,1.2254770568704462e-06,1.2254770568704462e-06,1.2254770568704462e-06,1.2254770568704462e-06,1.2254770568704462e-06,1.2254770568704462e-06,1.2254770568704462e-06,1.2254770568704462e-06,1.2254770568704462e-06,1.2254770568704462e-06,1.2254770568704462e-06,1.2254770568704462e-06,1.2254770568704462e-06,1.2254770568704462e-06,1.2254770568704462e-06,1.2254770568704462e-06,1.2254770568704462e-06,1.2254770568704462e-06,1.2254770568704462e-06,1.2254770568704462e-06,1.2254770568704462e-06,1.2254770568704462e-06,1.2254770568704462e-06,1.2254770568704462e-06,1.2254770568704462e-06,1.2254770568704462e-06,1.2254770568704462e-06,1.225477056870446e-06,1.225477056870446e-06,1.225477056870446e-06,1.2254770568704462e-06,1.2254770568704462e-06,1.2254770568704462e-06,1.2254770568704462e-06,1.2254770568704462e-06,1.2254770568704462e-06,1.2254770568704462e-06,1.2254770568704462e-06,1.2254770568704462e-06,1.2254770568704462e-06,1.2254770568704462e-06,1.2254770568704462e-06,1.2254770568704462e-06,1.2254770568704462e-06,1.2254770568704462e-06,1.2254770568704462e-06,1.2254770568704462e-06,1.225477056870446e-06,1.2254770568704462e-06,1.2254770568704462e-06,1.2254770568704464e-06,1.2254770568704464e-06,1.2254770568704464e-06,1.225477056870446e-06,1.225477056870446e-06,1.2254770568704462e-06,1.2254770568704462e-06,1.2254770568704462e-06,1.2254770568704462e-06,1.2254770568704464e-06,1.2254770568704464e-06,1.2254770568704464e-06,1.2254770568704464e-06,1.2254770568704462e-06,1.2254770568704462e-06,1.2254770568704462e-06,1.225477056870446e-06,1.2254770568704462e-06,1.2254770568704462e-06,1.2254770568704462e-06,1.2254770568704462e-06,1.2254770568704462e-06,1.2254770568704462e-06,1.2254770568704462e-06,1.2254770568704462e-06,1.225477056870446e-06,1.2254770568704462e-06,1.2254770568704462e-06,1.2254770568704462e-06,1.2254770568704462e-06,1.2254770568704462e-06,1.2254770568704462e-06,1.2254770568704462e-06,1.2254770568704462e-06,1.2254770568704462e-06,1.2254770568704462e-06,1.2254770568704464e-06,1.225477056870446e-06,1.2254770568704464e-06,1.2254770568704464e-06,1.225477056870446e-06,1.2254770568704462e-06,1.2254770568704462e-06,1.2254770568704464e-06,1.2254770568704464e-06,1.2254770568704464e-06,1.2254770568704464e-06,1.2254770568704462e-06,1.2254770568704462e-06,1.2254770568704462e-06,1.2254770568704462e-06,1.2254770568704462e-06,1.2254770568704464e-06,1.2254770568704464e-06,1.2254770568704464e-06,1.2254770568704462e-06,1.2254770568704464e-06,1.2254770568704462e-06,1.2254770568704464e-06,1.2254770568704462e-06,1.2254770568704464e-06,1.2254770568704464e-06,1.2254770568704464e-06,1.2254770568704464e-06,1.2254770568704464e-06,1.2254770568704464e-06,1.2254770568704464e-06,1.2254770568704462e-06,1.2254770568704464e-06,1.2254770568704464e-06,1.2254770568704464e-06,1.2254770568704464e-06,1.2254770568704464e-06,1.2254770568704464e-06,1.2254770568704464e-06,1.2254770568704464e-06,1.2254770568704464e-06,1.2254770568704464e-06,1.2254770568704464e-06,1.2254770568704462e-06,1.2254770568704462e-06,1.2254770568704462e-06,1.2254770568704464e-06,1.2254770568704464e-06,1.2254770568704464e-06,1.2254770568704464e-06,1.2254770568704464e-06,1.2254770568704464e-06,1.2254770568704464e-06,1.2254770568704464e-06,1.2254770568704464e-06,1.2254770568704464e-06,1.2254770568704464e-06,1.2254770568704464e-06,1.2254770568704464e-06,1.2254770568704464e-06,1.2254770568704464e-06,1.2254770568704464e-06,1.2254770568704462e-06,1.2254770568704462e-06,1.2254770568704464e-06,1.2254770568704464e-06,1.2254770568704464e-06,1.2254770568704464e-06,1.2254770568704464e-06,1.2254770568704464e-06,1.2254770568704464e-06,1.2254770568704464e-06,1.2254770568704464e-06,1.2254770568704462e-06,1.2254770568704462e-06,1.2254770568704462e-06,1.2254770568704462e-06,1.2254770568704462e-06,1.2254770568704462e-06,1.2254770568704462e-06,1.2254770568704462e-06,1.2254770568704462e-06,1.2254770568704462e-06,1.2254770568704462e-06,1.2254770568704462e-06,1.2254770568704457e-06,1.225477056870446e-06,1.225477056870446e-06,1.2254770568704462e-06,1.225477056870446e-06,1.225477056870446e-06,1.2254770568704462e-06,1.2254770568704462e-06,1.2254770568704462e-06,1.2254770568704462e-06,1.225477056870446e-06,1.2254770568704462e-06,1.2254770568704462e-06,1.225477056870446e-06,1.2254770568704462e-06,1.2254770568704462e-06,1.2254770568704462e-06,1.2254770568704462e-06,1.2254770568704462e-06,1.2254770568704462e-06,1.2254770568704464e-06,1.2254770568704462e-06,1.2254770568704462e-06,1.2254770568704462e-06,1.2254770568704462e-06,1.2254770568704464e-06,1.2254770568704462e-06,1.2254770568704462e-06,1.2254770568704464e-06,1.2254770568704462e-06,1.2254770568704464e-06,1.2254770568704462e-06,1.2254770568704462e-06,1.2254770568704464e-06,1.2254770568704464e-06,1.2254770568704462e-06,1.2254770568704464e-06,1.2254770568704462e-06,1.2254770568704462e-06,1.2254770568704462e-06,1.2254770568704462e-06,1.2254770568704462e-06,1.2254770568704462e-06,1.2254770568704462e-06,1.2254770568704462e-06,1.2254770568704462e-06,1.2254770568704462e-06,1.2254770568704462e-06,1.2254770568704462e-06,1.2254770568704462e-06,1.2254770568704462e-06,1.2254770568704462e-06,1.2254770568704464e-06,1.2254770568704462e-06,1.2254770568704462e-06,1.2254770568704462e-06,1.2254770568704462e-06,1.2254770568704464e-06,1.2254770568704462e-06,1.2254770568704462e-06,1.2254770568704462e-06,1.2254770568704462e-06,1.2254770568704462e-06,1.2254770568704462e-06,1.2254770568704462e-06,1.2254770568704464e-06,1.2254770568704462e-06,1.2254770568704462e-06,1.2254770568704462e-06,1.2254770568704462e-06,1.2254770568704464e-06,1.2254770568704464e-06,1.2254770568704464e-06,1.2254770568704462e-06,1.2254770568704462e-06,1.2254770568704462e-06,1.2254770568704462e-06,1.2254770568704462e-06,1.2254770568704462e-06,1.2254770568704462e-06,1.2254770568704462e-06,1.2254770568704462e-06,1.2254770568704462e-06,1.2254770568704462e-06,1.2254770568704462e-06,1.2254770568704462e-06,1.2254770568704462e-06,1.2254770568704462e-06,1.2254770568704462e-06,1.2254770568704462e-06,1.2254770568704462e-06,1.2254770568704462e-06,1.2254770568704462e-06,1.2254770568704462e-06,1.2254770568704462e-06,1.2254770568704462e-06,1.2254770568704462e-06,1.2254770568704462e-06,1.2254770568704462e-06,1.2254770568704462e-06,1.2254770568704462e-06,1.2254770568704462e-06,1.2254770568704462e-06,1.2254770568704462e-06,1.2254770568704462e-06,1.2254770568704464e-06,1.225477056870446e-06,1.225477056870446e-06,1.2254770568704464e-06,1.2254770568704464e-06,1.225477056870446e-06,1.2254770568704464e-06,1.2254770568704464e-06,1.2254770568704462e-06,1.2254770568704462e-06,1.2254770568704462e-06,1.2254770568704462e-06,1.2254770568704464e-06,1.2254770568704462e-06,1.2254770568704464e-06,1.2254770568704462e-06,1.2254770568704462e-06,1.2254770568704462e-06,1.2254770568704462e-06,1.2254770568704464e-06,1.2254770568704464e-06,1.2254770568704464e-06,1.2254770568704464e-06,1.2254770568704462e-06,1.2254770568704464e-06,1.2254770568704462e-06,1.2254770568704464e-06,1.2254770568704464e-06,1.2254770568704464e-06,1.2254770568704462e-06,1.2254770568704462e-06,1.2254770568704462e-06,1.2254770568704462e-06,1.2254770568704462e-06,1.2254770568704462e-06,1.2254770568704462e-06,1.2254770568704462e-06,1.2254770568704462e-06,1.2254770568704462e-06,1.2254770568704462e-06,1.2254770568704462e-06,1.2254770568704462e-06,1.2254770568704462e-06,1.2254770568704462e-06,1.225477056870446e-06,1.2254770568704462e-06,1.2254770568704462e-06,1.2254770568704462e-06,1.2254770568704462e-06,1.2254770568704462e-06,1.2254770568704462e-06,1.2254770568704462e-06,1.2254770568704462e-06,1.2254770568704462e-06,1.2254770568704462e-06,1.2254770568704462e-06,1.2254770568704462e-06,1.225477056870446e-06,1.2254770568704462e-06,1.2254770568704462e-06,1.2254770568704462e-06,1.2254770568704462e-06,1.2254770568704462e-06,1.2254770568704462e-06,1.2254770568704462e-06,1.2254770568704462e-06,1.2254770568704462e-06,1.2254770568704462e-06,1.2254770568704462e-06,1.2254770568704462e-06,1.2254770568704462e-06,1.2254770568704462e-06,1.2254770568704462e-06,1.2254770568704462e-06,1.2254770568704464e-06,1.2254770568704464e-06,1.2254770568704464e-06,1.2254770568704464e-06,1.225477056870446e-06,1.2254770568704464e-06,1.2254770568704464e-06,1.2254770568704464e-06,1.2254770568704464e-06,1.2254770568704464e-06,1.2254770568704464e-06,1.2254770568704464e-06,1.2254770568704464e-06,1.2254770568704464e-06,1.2254770568704464e-06,1.2254770568704462e-06,1.2254770568704462e-06,1.2254770568704462e-06,1.2254770568704462e-06,1.2254770568704462e-06,1.2254770568704462e-06,1.2254770568704462e-06,1.2254770568704462e-06,1.225477056870446e-06,1.225477056870446e-06,1.225477056870446e-06,1.2254770568704462e-06,1.2254770568704462e-06,1.225477056870446e-06,1.2254770568704462e-06,1.2254770568704462e-06,1.225477056870446e-06,1.2254770568704462e-06,1.2254770568704462e-06,1.2254770568704462e-06,1.2254770568704462e-06,1.225477056870446e-06,1.2254770568704462e-06,1.2254770568704462e-06,1.225477056870446e-06,1.2254770568704462e-06,1.2254770568704462e-06,1.2254770568704462e-06,1.2254770568704462e-06,1.2254770568704462e-06,1.2254770568704462e-06,1.2254770568704462e-06,1.2254770568704462e-06,1.2254770568704462e-06,1.2254770568704462e-06,1.2254770568704462e-06,1.2254770568704462e-06,1.2254770568704462e-06,1.2254770568704462e-06,1.2254770568704462e-06,1.2254770568704462e-06,1.225477056870446e-06,1.225477056870446e-06,1.2254770568704462e-06,1.2254770568704464e-06,1.2254770568704464e-06,1.2254770568704464e-06,1.2254770568704462e-06,1.2254770568704462e-06,1.2254770568704462e-06,1.2254770568704462e-06,1.2254770568704462e-06,1.2254770568704462e-06,1.2254770568704464e-06,1.2254770568704462e-06,1.2254770568704462e-06,1.2254770568704464e-06,1.2254770568704464e-06,1.2254770568704464e-06,1.2254770568704464e-06,1.2254770568704464e-06,1.2254770568704462e-06,1.2254770568704464e-06,1.2254770568704464e-06,1.2254770568704464e-06,1.2254770568704464e-06,1.2254770568704464e-06,1.2254770568704464e-06,1.2254770568704462e-06,1.2254770568704464e-06,1.2254770568704464e-06,1.2254770568704464e-06,1.2254770568704462e-06,1.2254770568704462e-06,1.2254770568704462e-06,1.2254770568704462e-06,1.2254770568704462e-06,1.2254770568704464e-06,1.2254770568704464e-06,1.2254770568704464e-06,1.2254770568704464e-06,1.2254770568704464e-06,1.2254770568704464e-06,1.2254770568704464e-06,1.2254770568704462e-06,1.2254770568704462e-06,1.2254770568704462e-06,1.2254770568704462e-06,1.2254770568704464e-06,1.2254770568704462e-06,1.2254770568704464e-06,1.2254770568704464e-06,1.2254770568704462e-06,1.2254770568704464e-06,1.225477056870446e-06,1.2254770568704464e-06,1.2254770568704464e-06,1.2254770568704464e-06,1.2254770568704464e-06,1.2254770568704462e-06,1.2254770568704464e-06,1.2254770568704464e-06,1.2254770568704464e-06,1.2254770568704464e-06,1.2254770568704462e-06,1.2254770568704462e-06,1.2254770568704464e-06,1.2254770568704462e-06,1.2254770568704464e-06,1.2254770568704462e-06,1.2254770568704464e-06,1.2254770568704464e-06,1.2254770568704464e-06,1.2254770568704464e-06,1.2254770568704464e-06,1.2254770568704462e-06,1.2254770568704464e-06,1.2254770568704464e-06,1.2254770568704464e-06,1.2254770568704464e-06,1.2254770568704462e-06,1.2254770568704462e-06,1.2254770568704462e-06,1.2254770568704462e-06,1.2254770568704464e-06,1.2254770568704464e-06,1.2254770568704464e-06,1.2254770568704464e-06,1.2254770568704462e-06,1.2254770568704462e-06,1.2254770568704462e-06,1.2254770568704462e-06,1.2254770568704464e-06,1.2254770568704464e-06,1.2254770568704464e-06,1.2254770568704464e-06,1.2254770568704462e-06,1.2254770568704462e-06,1.2254770568704462e-06,1.2254770568704464e-06,1.2254770568704464e-06,1.2254770568704462e-06,1.2254770568704462e-06,1.2254770568704464e-06,1.2254770568704462e-06,1.2254770568704462e-06,1.2254770568704462e-06,1.2254770568704462e-06,1.225477056870446e-06,1.2254770568704462e-06,1.2254770568704462e-06,1.2254770568704462e-06,1.2254770568704462e-06,1.2254770568704462e-06,1.2254770568704462e-06,1.2254770568704462e-06,1.2254770568704462e-06,1.2254770568704462e-06,1.2254770568704462e-06,1.2254770568704462e-06,1.2254770568704462e-06,1.2254770568704462e-06,1.2254770568704464e-06,1.2254770568704464e-06,1.2254770568704464e-06,1.2254770568704462e-06,1.225477056870446e-06,1.225477056870446e-06,1.2254770568704457e-06,1.225477056870446e-06,1.225477056870446e-06,1.2254770568704462e-06,1.225477056870446e-06,1.225477056870446e-06,1.225477056870446e-06,1.225477056870446e-06,1.225477056870446e-06,1.225477056870446e-06,1.2254770568704462e-06,1.2254770568704462e-06,1.225477056870446e-06,1.2254770568704462e-06,1.2254770568704462e-06,1.2254770568704462e-06,1.2254770568704462e-06,1.2254770568704462e-06,1.2254770568704464e-06,1.2254770568704464e-06,1.2254770568704464e-06,1.2254770568704462e-06,1.2254770568704462e-06,1.2254770568704462e-06,1.2254770568704462e-06,1.2254770568704462e-06,1.2254770568704462e-06,1.2254770568704462e-06,1.2254770568704462e-06,1.2254770568704462e-06,1.2254770568704462e-06,1.2254770568704462e-06,1.2254770568704462e-06,1.2254770568704464e-06,1.2254770568704462e-06,1.2254770568704462e-06,1.2254770568704462e-06,1.2254770568704462e-06,1.2254770568704462e-06,1.2254770568704462e-06,1.2254770568704462e-06,1.2254770568704462e-06,1.2254770568704462e-06,1.2254770568704462e-06,1.2254770568704462e-06,1.2254770568704462e-06,1.2254770568704462e-06,1.2254770568704462e-06,1.2254770568704462e-06,1.2254770568704462e-06,1.2254770568704462e-06,1.2254770568704462e-06,1.2254770568704462e-06,1.2254770568704464e-06,1.2254770568704464e-06,1.2254770568704464e-06,1.2254770568704462e-06,1.2254770568704462e-06,1.2254770568704464e-06,1.2254770568704464e-06,1.2254770568704464e-06,1.2254770568704462e-06,1.2254770568704462e-06,1.2254770568704464e-06,1.2254770568704464e-06,1.2254770568704462e-06,1.2254770568704462e-06,1.2254770568704462e-06,1.2254770568704462e-06,1.2254770568704462e-06,1.2254770568704462e-06,1.2254770568704464e-06,1.2254770568704462e-06,1.2254770568704462e-06,1.2254770568704462e-06,1.2254770568704462e-06,1.225477056870446e-06,1.225477056870446e-06,1.2254770568704462e-06,1.2254770568704462e-06,1.2254770568704462e-06,1.2254770568704462e-06,1.2254770568704462e-06,1.2254770568704462e-06,1.2254770568704462e-06,1.2254770568704462e-06,1.2254770568704462e-06,1.2254770568704462e-06,1.2254770568704462e-06,1.2254770568704462e-06,1.2254770568704462e-06,1.2254770568704462e-06,1.2254770568704462e-06,1.2254770568704464e-06,1.2254770568704464e-06,1.2254770568704464e-06,1.2254770568704464e-06,1.2254770568704464e-06,1.2254770568704464e-06,1.2254770568704464e-06,1.2254770568704464e-06,1.2254770568704464e-06,1.2254770568704464e-06,1.2254770568704464e-06,1.2254770568704462e-06,1.2254770568704462e-06,1.2254770568704462e-06,1.2254770568704462e-06,1.2254770568704464e-06,1.225477056870446e-06,1.225477056870446e-06,1.2254770568704464e-06,1.2254770568704464e-06,1.2254770568704462e-06,1.2254770568704462e-06,1.2254770568704464e-06,1.2254770568704464e-06,1.2254770568704462e-06,1.2254770568704462e-06,1.2254770568704462e-06,1.2254770568704462e-06,1.2254770568704462e-06,1.2254770568704464e-06,1.2254770568704464e-06,1.2254770568704464e-06,1.2254770568704464e-06,1.2254770568704464e-06,1.2254770568704464e-06,1.2254770568704462e-06,1.2254770568704462e-06,1.2254770568704464e-06,1.2254770568704464e-06,1.2254770568704464e-06,1.2254770568704462e-06,1.2254770568704462e-06,1.2254770568704462e-06,1.2254770568704462e-06,1.2254770568704462e-06,1.2254770568704462e-06,1.2254770568704462e-06,1.2254770568704462e-06,1.2254770568704462e-06,1.2254770568704462e-06,1.2254770568704462e-06,1.2254770568704462e-06,1.2254770568704462e-06,1.2254770568704462e-06,1.2254770568704462e-06,1.2254770568704462e-06,1.225477056870446e-06,1.225477056870446e-06,1.2254770568704462e-06,1.2254770568704462e-06,1.2254770568704462e-06,1.225477056870446e-06,1.225477056870446e-06,1.2254770568704462e-06,1.2254770568704462e-06,1.2254770568704462e-06,1.2254770568704462e-06,1.2254770568704462e-06,1.225477056870446e-06,1.225477056870446e-06,1.2254770568704462e-06,1.2254770568704464e-06,1.2254770568704464e-06,1.2254770568704464e-06,1.2254770568704462e-06,1.2254770568704462e-06,1.225477056870446e-06,1.225477056870446e-06,1.2254770568704464e-06,1.2254770568704464e-06,1.2254770568704464e-06,1.225477056870446e-06,1.2254770568704464e-06,1.2254770568704464e-06,1.2254770568704464e-06,1.2254770568704464e-06,1.2254770568704464e-06,1.2254770568704464e-06,1.2254770568704464e-06,1.2254770568704464e-06,1.2254770568704464e-06,1.2254770568704464e-06,1.2254770568704464e-06,1.2254770568704464e-06,1.2254770568704464e-06,1.2254770568704464e-06,1.2254770568704464e-06,1.2254770568704464e-06,1.2254770568704464e-06,1.2254770568704464e-06,1.2254770568704462e-06,1.2254770568704462e-06,1.2254770568704462e-06,1.2254770568704464e-06,1.2254770568704462e-06,1.2254770568704462e-06,1.2254770568704464e-06,1.2254770568704462e-06,1.2254770568704462e-06,1.2254770568704462e-06,1.2254770568704462e-06,1.2254770568704464e-06,1.2254770568704462e-06,1.2254770568704464e-06,1.2254770568704464e-06,1.2254770568704464e-06,1.2254770568704464e-06,1.2254770568704462e-06,1.2254770568704464e-06,1.2254770568704462e-06,1.2254770568704462e-06,1.2254770568704462e-06,1.2254770568704462e-06,1.2254770568704462e-06,1.2254770568704462e-06,1.2254770568704462e-06,1.2254770568704462e-06,1.2254770568704462e-06,1.2254770568704462e-06,1.2254770568704462e-06,1.2254770568704462e-06,1.2254770568704462e-06,1.2254770568704462e-06,1.2254770568704462e-06,1.2254770568704462e-06,1.2254770568704462e-06,1.2254770568704462e-06,1.2254770568704464e-06,1.2254770568704462e-06,1.2254770568704462e-06,1.2254770568704462e-06,1.2254770568704462e-06,1.2254770568704462e-06,1.2254770568704462e-06,1.2254770568704462e-06,1.2254770568704462e-06,1.2254770568704462e-06,1.2254770568704462e-06,1.2254770568704464e-06,1.2254770568704462e-06,1.2254770568704464e-06,1.2254770568704462e-06,1.2254770568704462e-06,1.2254770568704464e-06,1.2254770568704462e-06,1.2254770568704462e-06,1.2254770568704464e-06,1.2254770568704464e-06,1.2254770568704462e-06,1.2254770568704464e-06,1.2254770568704464e-06,1.2254770568704464e-06,1.2254770568704462e-06,1.2254770568704464e-06,1.2254770568704462e-06,1.2254770568704464e-06,1.2254770568704464e-06,1.2254770568704464e-06,1.2254770568704464e-06,1.2254770568704464e-06,1.2254770568704464e-06,1.2254770568704464e-06,1.2254770568704464e-06,1.2254770568704464e-06,1.2254770568704464e-06,1.2254770568704464e-06,1.2254770568704462e-06,1.2254770568704464e-06,1.2254770568704464e-06,1.2254770568704462e-06,1.2254770568704464e-06,1.2254770568704464e-06,1.2254770568704464e-06,1.2254770568704464e-06,1.2254770568704464e-06,1.2254770568704464e-06,1.2254770568704464e-06,1.2254770568704464e-06,1.2254770568704464e-06,1.2254770568704464e-06,1.2254770568704464e-06,1.2254770568704464e-06,1.2254770568704464e-06,1.2254770568704464e-06,1.2254770568704462e-06,1.2254770568704462e-06,1.2254770568704462e-06,1.2254770568704462e-06,1.2254770568704462e-06,1.2254770568704464e-06,1.2254770568704462e-06,1.2254770568704462e-06,1.2254770568704462e-06,1.2254770568704462e-06,1.2254770568704462e-06,1.2254770568704462e-06,1.2254770568704462e-06,1.2254770568704462e-06,1.2254770568704462e-06,1.2254770568704462e-06,1.2254770568704462e-06,1.2254770568704462e-06,1.2254770568704462e-06,1.2254770568704462e-06,1.2254770568704462e-06,1.2254770568704462e-06,1.2254770568704462e-06,1.225477056870446e-06,1.225477056870446e-06,1.225477056870446e-06,1.225477056870446e-06,1.2254770568704462e-06,1.2254770568704462e-06,1.225477056870446e-06,1.2254770568704462e-06,1.2254770568704462e-06,1.225477056870446e-06,1.2254770568704462e-06,1.225477056870446e-06,1.2254770568704462e-06,1.225477056870446e-06,1.2254770568704462e-06,1.225477056870446e-06,1.225477056870446e-06,1.2254770568704462e-06,1.2254770568704462e-06,1.2254770568704462e-06,1.225477056870446e-06,1.2254770568704462e-06,1.225477056870446e-06,1.2254770568704462e-06,1.2254770568704464e-06,1.225477056870446e-06,1.2254770568704462e-06,1.2254770568704462e-06,1.2254770568704462e-06,1.2254770568704462e-06,1.225477056870446e-06,1.2254770568704462e-06,1.2254770568704462e-06,1.2254770568704464e-06,1.2254770568704462e-06,1.2254770568704462e-06,1.2254770568704462e-06,1.225477056870446e-06,1.2254770568704462e-06,1.2254770568704464e-06,1.225477056870446e-06,1.225477056870446e-06,1.2254770568704464e-06,1.2254770568704464e-06,1.2254770568704464e-06,1.2254770568704462e-06,1.2254770568704464e-06,1.2254770568704464e-06,1.2254770568704464e-06,1.2254770568704464e-06,1.2254770568704464e-06,1.2254770568704464e-06,1.2254770568704464e-06,1.2254770568704462e-06,1.2254770568704462e-06,1.2254770568704462e-06,1.2254770568704462e-06,1.2254770568704462e-06,1.2254770568704462e-06,1.2254770568704462e-06,1.2254770568704462e-06,1.2254770568704462e-06,1.2254770568704462e-06,1.2254770568704462e-06,1.2254770568704462e-06,1.2254770568704462e-06,1.2254770568704462e-06,1.2254770568704462e-06,1.2254770568704462e-06,1.2254770568704462e-06,1.2254770568704462e-06,1.2254770568704462e-06,1.2254770568704462e-06,1.2254770568704462e-06,1.2254770568704462e-06,1.225477056870446e-06,1.225477056870446e-06,1.225477056870446e-06,1.2254770568704462e-06,1.2254770568704462e-06,1.2254770568704462e-06,1.2254770568704462e-06,1.2254770568704462e-06,1.225477056870446e-06,1.225477056870446e-06,1.225477056870446e-06,1.225477056870446e-06,1.2254770568704462e-06,1.225477056870446e-06,1.225477056870446e-06,1.2254770568704462e-06,1.2254770568704462e-06,1.2254770568704462e-06,1.225477056870446e-06,1.225477056870446e-06,1.2254770568704462e-06,1.225477056870446e-06,1.2254770568704462e-06,1.225477056870446e-06,1.2254770568704462e-06,1.2254770568704462e-06,1.2254770568704462e-06,1.2254770568704462e-06,1.2254770568704462e-06,1.2254770568704462e-06,1.225477056870446e-06,1.2254770568704462e-06,1.2254770568704464e-06,1.225477056870446e-06,1.2254770568704462e-06,1.2254770568704462e-06,1.225477056870446e-06,1.2254770568704462e-06,1.225477056870446e-06,1.2254770568704464e-06,1.225477056870446e-06,1.2254770568704464e-06,1.225477056870446e-06,1.2254770568704464e-06,1.2254770568704462e-06,1.2254770568704464e-06,1.2254770568704464e-06,1.2254770568704464e-06,1.2254770568704462e-06,1.2254770568704462e-06,1.2254770568704462e-06,1.2254770568704462e-06,1.2254770568704462e-06,1.2254770568704462e-06,1.2254770568704462e-06,1.2254770568704462e-06,1.2254770568704462e-06,1.2254770568704462e-06,1.2254770568704462e-06,1.2254770568704462e-06,1.2254770568704462e-06,1.2254770568704462e-06,1.2254770568704464e-06,1.2254770568704462e-06,1.2254770568704462e-06,1.2254770568704462e-06,1.2254770568704462e-06,1.2254770568704462e-06,1.2254770568704462e-06,1.2254770568704462e-06,1.2254770568704462e-06,1.2254770568704462e-06,1.2254770568704462e-06,1.2254770568704462e-06,1.2254770568704462e-06,1.2254770568704462e-06,1.2254770568704462e-06,1.2254770568704462e-06,1.2254770568704462e-06,1.2254770568704462e-06,1.2254770568704462e-06,1.2254770568704462e-06,1.2254770568704462e-06,1.2254770568704462e-06,1.2254770568704462e-06,1.2254770568704462e-06,1.2254770568704462e-06,1.2254770568704462e-06,1.2254770568704462e-06,1.2254770568704462e-06,1.2254770568704462e-06,1.2254770568704462e-06,1.2254770568704462e-06,1.225477056870446e-06,1.225477056870446e-06,1.225477056870446e-06,1.225477056870446e-06,1.225477056870446e-06,1.225477056870446e-06,1.225477056870446e-06,1.2254770568704462e-06,1.2254770568704462e-06,1.2254770568704462e-06,1.225477056870446e-06,1.225477056870446e-06,1.225477056870446e-06,1.225477056870446e-06,1.2254770568704464e-06,1.225477056870446e-06,1.225477056870446e-06,1.2254770568704462e-06,1.2254770568704462e-06,1.225477056870446e-06,1.2254770568704462e-06,1.2254770568704462e-06,1.2254770568704457e-06,1.2254770568704462e-06,1.2254770568704462e-06,1.2254770568704462e-06,1.2254770568704462e-06,1.2254770568704462e-06,1.225477056870446e-06,1.2254770568704464e-06,1.2254770568704462e-06,1.2254770568704462e-06,1.2254770568704457e-06,1.2254770568704464e-06,1.2254770568704464e-06,1.2254770568704462e-06,1.2254770568704464e-06,1.2254770568704464e-06,1.2254770568704464e-06,1.2254770568704464e-06,1.2254770568704464e-06,1.2254770568704464e-06,1.2254770568704462e-06,1.2254770568704462e-06,1.2254770568704462e-06,1.2254770568704464e-06,1.2254770568704464e-06,1.2254770568704464e-06,1.2254770568704464e-06,1.2254770568704464e-06,1.2254770568704462e-06,1.2254770568704462e-06,1.2254770568704464e-06,1.2254770568704464e-06,1.2254770568704464e-06,1.2254770568704464e-06,1.2254770568704464e-06,1.2254770568704462e-06,1.2254770568704464e-06,1.2254770568704464e-06,1.2254770568704462e-06,1.2254770568704464e-06,1.2254770568704464e-06,1.2254770568704464e-06,1.2254770568704464e-06,1.225477056870446e-06,1.2254770568704464e-06,1.2254770568704464e-06,1.2254770568704464e-06,1.2254770568704464e-06,1.2254770568704464e-06,1.2254770568704464e-06,1.2254770568704464e-06,1.2254770568704462e-06,1.2254770568704464e-06,1.2254770568704464e-06,1.2254770568704462e-06,1.2254770568704462e-06,1.2254770568704462e-06,1.2254770568704462e-06,1.2254770568704462e-06,1.2254770568704462e-06,1.2254770568704462e-06,1.2254770568704464e-06,1.2254770568704462e-06,1.2254770568704462e-06,1.2254770568704462e-06,1.2254770568704462e-06,1.2254770568704462e-06,1.2254770568704462e-06,1.2254770568704464e-06,1.2254770568704464e-06,1.2254770568704464e-06,1.2254770568704464e-06,1.2254770568704464e-06,1.2254770568704462e-06,1.2254770568704462e-06,1.2254770568704462e-06,1.2254770568704462e-06,1.2254770568704462e-06,1.2254770568704464e-06,1.2254770568704464e-06,1.2254770568704464e-06,1.2254770568704464e-06,1.2254770568704464e-06,1.2254770568704462e-06,1.2254770568704462e-06,1.2254770568704464e-06,1.2254770568704464e-06,1.2254770568704464e-06,1.2254770568704464e-06,1.2254770568704464e-06,1.2254770568704464e-06,1.2254770568704464e-06,1.2254770568704464e-06,1.2254770568704464e-06,1.2254770568704464e-06,1.2254770568704464e-06,1.2254770568704464e-06,1.2254770568704464e-06,1.2254770568704464e-06,1.2254770568704464e-06,1.2254770568704464e-06,1.2254770568704462e-06,1.2254770568704464e-06,1.2254770568704464e-06,1.2254770568704464e-06,1.2254770568704462e-06,1.2254770568704464e-06,1.2254770568704464e-06,1.2254770568704462e-06,1.2254770568704464e-06,1.2254770568704462e-06,1.2254770568704464e-06,1.2254770568704462e-06,1.2254770568704464e-06,1.2254770568704464e-06,1.2254770568704462e-06,1.2254770568704464e-06,1.2254770568704462e-06,1.2254770568704464e-06,1.2254770568704464e-06,1.2254770568704462e-06,1.2254770568704464e-06,1.2254770568704464e-06,1.2254770568704464e-06,1.2254770568704464e-06,1.2254770568704464e-06,1.2254770568704462e-06,1.2254770568704462e-06,1.2254770568704462e-06,1.2254770568704462e-06,1.2254770568704462e-06,1.2254770568704462e-06,1.2254770568704462e-06,1.2254770568704462e-06,1.2254770568704462e-06,1.2254770568704462e-06,1.2254770568704462e-06,1.2254770568704462e-06,1.2254770568704462e-06,1.2254770568704462e-06,1.2254770568704462e-06,1.2254770568704462e-06,1.2254770568704462e-06,1.2254770568704462e-06,1.2254770568704462e-06,1.2254770568704462e-06,1.2254770568704462e-06,1.2254770568704462e-06,1.2254770568704462e-06,1.2254770568704462e-06,1.2254770568704462e-06,1.225477056870446e-06,1.2254770568704462e-06,1.2254770568704462e-06,1.2254770568704462e-06,1.2254770568704462e-06,1.2254770568704462e-06,1.2254770568704462e-06,1.225477056870446e-06,1.2254770568704462e-06,1.2254770568704462e-06,1.2254770568704462e-06,1.2254770568704462e-06,1.2254770568704462e-06,1.2254770568704462e-06,1.2254770568704462e-06,1.2254770568704462e-06,1.2254770568704462e-06,1.2254770568704462e-06,1.2254770568704462e-06,1.2254770568704462e-06,1.2254770568704462e-06,1.2254770568704462e-06,1.2254770568704464e-06,1.2254770568704464e-06,1.2254770568704464e-06,1.2254770568704464e-06,1.2254770568704464e-06,1.2254770568704462e-06,1.2254770568704462e-06,1.2254770568704462e-06,1.2254770568704464e-06,1.2254770568704462e-06,1.225477056870446e-06,1.225477056870446e-06,1.2254770568704462e-06,1.2254770568704464e-06,1.2254770568704464e-06,1.2254770568704464e-06,1.2254770568704464e-06,1.2254770568704462e-06,1.2254770568704462e-06,1.2254770568704462e-06,1.2254770568704462e-06,1.2254770568704462e-06,1.2254770568704462e-06,1.2254770568704462e-06,1.2254770568704462e-06,1.2254770568704464e-06,1.2254770568704464e-06,1.2254770568704464e-06,1.2254770568704462e-06,1.2254770568704462e-06,1.2254770568704462e-06,1.2254770568704462e-06,1.2254770568704464e-06,1.2254770568704464e-06,1.2254770568704464e-06,1.2254770568704462e-06,1.2254770568704462e-06,1.2254770568704462e-06,1.2254770568704462e-06,1.225477056870446e-06,1.2254770568704462e-06,1.2254770568704462e-06,1.2254770568704462e-06,1.2254770568704462e-06,1.2254770568704462e-06,1.2254770568704462e-06,1.225477056870446e-06,1.2254770568704462e-06,1.2254770568704462e-06,1.2254770568704462e-06,1.2254770568704462e-06,1.225477056870446e-06,1.2254770568704462e-06,1.2254770568704462e-06,1.2254770568704462e-06,1.2254770568704462e-06,1.2254770568704462e-06,1.2254770568704462e-06,1.225477056870446e-06,1.2254770568704462e-06,1.225477056870446e-06,1.2254770568704462e-06,1.2254770568704462e-06,1.2254770568704462e-06,1.2254770568704462e-06,1.2254770568704462e-06,1.2254770568704462e-06,1.2254770568704462e-06,1.2254770568704462e-06,1.2254770568704462e-06,1.2254770568704462e-06,1.225477056870446e-06,1.2254770568704462e-06,1.2254770568704462e-06,1.2254770568704462e-06,1.2254770568704462e-06,1.2254770568704464e-06,1.2254770568704462e-06,1.225477056870446e-06,1.225477056870446e-06,1.225477056870446e-06,1.225477056870446e-06,1.225477056870446e-06,1.225477056870446e-06,1.2254770568704462e-06,1.2254770568704462e-06,1.2254770568704462e-06,1.2254770568704462e-06,1.2254770568704462e-06,1.2254770568704462e-06,1.2254770568704462e-06,1.2254770568704462e-06,1.2254770568704462e-06,1.2254770568704462e-06,1.2254770568704462e-06,1.2254770568704462e-06,1.2254770568704462e-06,1.2254770568704462e-06,1.2254770568704462e-06,1.2254770568704462e-06,1.225477056870446e-06,1.2254770568704462e-06,1.225477056870446e-06,1.2254770568704462e-06,1.2254770568704462e-06,1.2254770568704462e-06,1.2254770568704462e-06,1.2254770568704462e-06,1.2254770568704462e-06,1.2254770568704462e-06,1.2254770568704462e-06,1.225477056870446e-06,1.2254770568704462e-06,1.2254770568704462e-06,1.2254770568704462e-06,1.2254770568704462e-06,1.2254770568704462e-06,1.2254770568704462e-06,1.2254770568704462e-06,1.2254770568704462e-06,1.2254770568704462e-06,1.225477056870446e-06,1.2254770568704462e-06,1.225477056870446e-06,1.2254770568704462e-06,1.2254770568704462e-06,1.225477056870446e-06,1.2254770568704462e-06,1.2254770568704462e-06,1.2254770568704462e-06,1.2254770568704462e-06,1.2254770568704462e-06,1.2254770568704462e-06,1.2254770568704462e-06,1.2254770568704462e-06,1.2254770568704462e-06,1.2254770568704462e-06,1.2254770568704462e-06,1.2254770568704462e-06,1.2254770568704462e-06,1.2254770568704462e-06,1.2254770568704462e-06,1.2254770568704462e-06,1.2254770568704462e-06,1.2254770568704462e-06,1.2254770568704462e-06,1.2254770568704462e-06,1.2254770568704464e-06,1.2254770568704464e-06,1.2254770568704462e-06,1.225477056870446e-06,1.225477056870446e-06,1.2254770568704462e-06,1.2254770568704462e-06,1.225477056870446e-06,1.2254770568704462e-06,1.2254770568704462e-06,1.225477056870446e-06,1.2254770568704462e-06,1.225477056870446e-06,1.2254770568704462e-06,1.2254770568704462e-06,1.2254770568704462e-06,1.225477056870446e-06,1.2254770568704462e-06,1.225477056870446e-06,1.2254770568704462e-06,1.2254770568704462e-06,1.2254770568704462e-06,1.2254770568704462e-06,1.2254770568704462e-06,1.2254770568704462e-06,1.2254770568704462e-06,1.2254770568704462e-06,1.225477056870446e-06,1.2254770568704462e-06,1.2254770568704462e-06,1.2254770568704462e-06,1.2254770568704462e-06,1.2254770568704462e-06,1.2254770568704462e-06,1.2254770568704462e-06,1.2254770568704462e-06,1.2254770568704464e-06,1.2254770568704462e-06,1.2254770568704462e-06,1.2254770568704462e-06,1.2254770568704462e-06,1.2254770568704462e-06,1.2254770568704462e-06,1.2254770568704462e-06,1.2254770568704466e-06,1.2254770568704466e-06,1.2254770568704466e-06,1.2254770568704466e-06,1.2254770568704466e-06,1.2254770568704466e-06,1.2254770568704466e-06,1.2254770568704466e-06,1.2254770568704466e-06,1.2254770568704466e-06,1.2254770568704466e-06,1.2254770568704466e-06,1.2254770568704464e-06,1.2254770568704464e-06,1.2254770568704464e-06,1.2254770568704462e-06,1.2254770568704466e-06,1.2254770568704466e-06,1.2254770568704466e-06,1.2254770568704466e-06,1.2254770568704468e-06,1.2254770568704468e-06,1.2254770568704468e-06,1.2254770568704464e-06,1.2254770568704462e-06,1.2254770568704464e-06,1.2254770568704462e-06,1.2254770568704462e-06,1.2254770568704464e-06,1.2254770568704464e-06,1.2254770568704464e-06,1.2254770568704464e-06,1.2254770568704464e-06,1.2254770568704464e-06,1.2254770568704464e-06,1.2254770568704464e-06,1.2254770568704462e-06,1.2254770568704462e-06,1.2254770568704468e-06,1.2254770568704468e-06,1.2254770568704468e-06,1.2254770568704468e-06,1.2254770568704468e-06,1.2254770568704468e-06,1.2254770568704468e-06,1.2254770568704468e-06,1.2254770568704468e-06,1.2254770568704468e-06,1.2254770568704468e-06,1.2254770568704468e-06,1.2254770568704468e-06,1.2254770568704468e-06,1.2254770568704468e-06,1.2254770568704468e-06,1.2254770568704468e-06,1.2254770568704468e-06,1.2254770568704462e-06,1.2254770568704464e-06,1.2254770568704464e-06,1.2254770568704464e-06,1.2254770568704464e-06,1.2254770568704464e-06,1.2254770568704464e-06,1.2254770568704464e-06,1.2254770568704464e-06,1.2254770568704462e-06,1.2254770568704462e-06,1.2254770568704462e-06,1.2254770568704464e-06,1.2254770568704466e-06,1.2254770568704466e-06,1.2254770568704466e-06,1.2254770568704466e-06,1.2254770568704466e-06,1.2254770568704464e-06,1.2254770568704464e-06,1.2254770568704464e-06,1.2254770568704464e-06,1.2254770568704464e-06,1.2254770568704464e-06,1.2254770568704464e-06,1.2254770568704462e-06,1.2254770568704466e-06,1.2254770568704464e-06,1.2254770568704466e-06,1.2254770568704466e-06,1.2254770568704468e-06,1.2254770568704462e-06,1.2254770568704464e-06,1.2254770568704464e-06,1.2254770568704464e-06,1.2254770568704464e-06,1.2254770568704464e-06,1.2254770568704464e-06,1.2254770568704464e-06,1.2254770568704464e-06,1.2254770568704464e-06,1.2254770568704464e-06,1.2254770568704462e-06,1.2254770568704462e-06,1.2254770568704464e-06,1.2254770568704464e-06,1.2254770568704464e-06,1.2254770568704462e-06,1.2254770568704462e-06,1.2254770568704462e-06,1.2254770568704462e-06,1.2254770568704462e-06,1.2254770568704462e-06,1.2254770568704462e-06,1.2254770568704462e-06,1.2254770568704462e-06,1.2254770568704462e-06,1.2254770568704462e-06,1.225477056870446e-06,1.2254770568704462e-06,1.2254770568704462e-06,1.2254770568704462e-06,1.2254770568704466e-06,1.2254770568704466e-06,1.2254770568704466e-06,1.2254770568704466e-06,1.2254770568704466e-06,1.2254770568704468e-06,1.2254770568704462e-06,1.2254770568704462e-06,1.2254770568704462e-06,1.2254770568704462e-06,1.2254770568704462e-06,1.2254770568704462e-06,1.2254770568704462e-06,1.2254770568704466e-06,1.2254770568704466e-06,1.2254770568704466e-06,1.2254770568704466e-06,1.2254770568704466e-06,1.2254770568704466e-06,1.2254770568704466e-06,1.2254770568704468e-06,1.2254770568704462e-06,1.2254770568704462e-06,1.2254770568704462e-06,1.2254770568704464e-06,1.2254770568704464e-06,1.2254770568704464e-06,1.2254770568704464e-06,1.2254770568704464e-06,1.2254770568704464e-06,1.2254770568704462e-06,1.2254770568704462e-06,1.2254770568704462e-06,1.2254770568704462e-06,1.2254770568704462e-06,1.2254770568704462e-06,1.2254770568704462e-06,1.2254770568704462e-06,1.2254770568704462e-06,1.2254770568704462e-06,1.2254770568704462e-06,1.2254770568704466e-06,1.2254770568704466e-06,1.2254770568704468e-06,1.2254770568704466e-06,1.2254770568704466e-06,1.2254770568704464e-06,1.2254770568704464e-06,1.2254770568704464e-06,1.2254770568704466e-06,1.2254770568704466e-06,1.2254770568704466e-06,1.2254770568704464e-06,1.2254770568704466e-06,1.2254770568704462e-06,1.2254770568704462e-06,1.2254770568704462e-06,1.2254770568704462e-06,1.2254770568704462e-06,1.2254770568704462e-06,1.2254770568704462e-06,1.2254770568704464e-06,1.2254770568704464e-06,1.2254770568704462e-06,1.2254770568704464e-06,1.2254770568704464e-06,1.225477056870446e-06,1.225477056870446e-06,1.225477056870446e-06,1.225477056870446e-06,1.2254770568704462e-06,1.2254770568704464e-06,1.2254770568704464e-06,1.2254770568704464e-06,1.2254770568704464e-06,1.2254770568704464e-06,1.2254770568704464e-06,1.2254770568704464e-06,1.2254770568704464e-06,1.2254770568704464e-06,1.2254770568704464e-06,1.2254770568704464e-06,1.2254770568704464e-06,1.2254770568704468e-06,1.2254770568704464e-06,1.2254770568704462e-06,1.2254770568704462e-06,1.2254770568704462e-06,1.2254770568704462e-06,1.2254770568704462e-06,1.2254770568704462e-06,1.2254770568704462e-06,1.2254770568704462e-06,1.2254770568704462e-06,1.2254770568704462e-06,1.2254770568704466e-06,1.2254770568704466e-06,1.2254770568704466e-06,1.2254770568704466e-06,1.2254770568704466e-06,1.2254770568704468e-06,1.2254770568704468e-06,1.2254770568704468e-06,1.2254770568704468e-06,1.2254770568704462e-06,1.2254770568704462e-06,1.2254770568704464e-06,1.2254770568704464e-06,1.2254770568704462e-06,1.2254770568704464e-06,1.2254770568704464e-06,1.2254770568704464e-06,1.2254770568704464e-06,1.2254770568704464e-06,1.2254770568704464e-06,1.2254770568704464e-06,1.2254770568704464e-06,1.2254770568704464e-06,1.225477056870446e-06,1.2254770568704466e-06,1.2254770568704466e-06,1.2254770568704466e-06,1.2254770568704466e-06,1.2254770568704466e-06,1.2254770568704466e-06,1.2254770568704466e-06,1.2254770568704466e-06,1.2254770568704464e-06,1.2254770568704464e-06,1.2254770568704462e-06,1.2254770568704464e-06,1.2254770568704464e-06,1.2254770568704464e-06,1.2254770568704464e-06,1.2254770568704464e-06,1.2254770568704464e-06,1.2254770568704462e-06,1.2254770568704464e-06,1.2254770568704464e-06,1.2254770568704462e-06,1.2254770568704462e-06,1.2254770568704462e-06,1.2254770568704462e-06,1.2254770568704462e-06,1.225477056870446e-06,1.2254770568704466e-06,1.2254770568704466e-06,1.2254770568704466e-06,1.2254770568704466e-06,1.2254770568704466e-06,1.2254770568704466e-06,1.2254770568704466e-06,1.2254770568704466e-06,1.2254770568704466e-06,1.2254770568704466e-06,1.2254770568704466e-06,1.2254770568704466e-06,1.2254770568704466e-06,1.2254770568704466e-06,1.225477056870447e-06,1.2254770568704464e-06,1.2254770568704464e-06,1.2254770568704464e-06,1.2254770568704468e-06,1.2254770568704468e-06,1.2254770568704462e-06,1.2254770568704464e-06,1.2254770568704462e-06,1.2254770568704462e-06,1.2254770568704464e-06,1.2254770568704464e-06,1.2254770568704464e-06,1.2254770568704462e-06,1.2254770568704468e-06,1.2254770568704468e-06,1.2254770568704466e-06,1.2254770568704466e-06,1.2254770568704468e-06,1.2254770568704468e-06,1.2254770568704468e-06,1.2254770568704468e-06,1.2254770568704468e-06,1.2254770568704468e-06,1.2254770568704468e-06,1.2254770568704468e-06,1.2254770568704468e-06,1.2254770568704468e-06,1.2254770568704468e-06,1.2254770568704468e-06,1.225477056870447e-06,1.225477056870447e-06,1.2254770568704466e-06,1.2254770568704466e-06,1.2254770568704466e-06,1.2254770568704468e-06,1.2254770568704468e-06,1.2254770568704468e-06,1.225477056870447e-06,1.225477056870447e-06,1.225477056870447e-06,1.225477056870447e-06,1.2254770568704468e-06,1.2254770568704464e-06,1.2254770568704464e-06,1.2254770568704464e-06,1.2254770568704464e-06,1.2254770568704464e-06,1.2254770568704464e-06,1.2254770568704464e-06,1.2254770568704464e-06,1.2254770568704464e-06,1.2254770568704462e-06,1.2254770568704462e-06,1.2254770568704462e-06,1.2254770568704464e-06,1.2254770568704462e-06,1.2254770568704462e-06,1.2254770568704464e-06,1.2254770568704464e-06,1.2254770568704462e-06,1.2254770568704464e-06,1.2254770568704464e-06,1.2254770568704462e-06,1.2254770568704462e-06,1.2254770568704462e-06,1.2254770568704462e-06,1.2254770568704464e-06,1.2254770568704462e-06,1.2254770568704464e-06,1.2254770568704462e-06,1.2254770568704462e-06,1.2254770568704462e-06,1.2254770568704462e-06,1.2254770568704462e-06,1.2254770568704464e-06,1.2254770568704462e-06,1.2254770568704464e-06,1.2254770568704464e-06,1.2254770568704462e-06,1.2254770568704462e-06,1.2254770568704462e-06,1.2254770568704464e-06,1.2254770568704462e-06,1.2254770568704462e-06,1.2254770568704464e-06,1.2254770568704462e-06,1.2254770568704464e-06,1.2254770568704462e-06,1.2254770568704462e-06,1.2254770568704462e-06,1.2254770568704462e-06,1.2254770568704462e-06,1.2254770568704464e-06,1.2254770568704464e-06,1.2254770568704462e-06,1.2254770568704462e-06,1.2254770568704462e-06,1.2254770568704464e-06,1.2254770568704462e-06,1.2254770568704462e-06,1.2254770568704464e-06,1.2254770568704464e-06,1.2254770568704462e-06,1.2254770568704464e-06,1.2254770568704464e-06,1.2254770568704462e-06,1.2254770568704462e-06,1.2254770568704464e-06,1.2254770568704462e-06,1.2254770568704464e-06,1.2254770568704462e-06,1.2254770568704464e-06,1.2254770568704464e-06,1.2254770568704462e-06,1.2254770568704464e-06,1.2254770568704462e-06,1.2254770568704462e-06,1.2254770568704464e-06,1.2254770568704462e-06,1.2254770568704462e-06,1.2254770568704462e-06,1.2254770568704462e-06,1.2254770568704462e-06,1.225477056870446e-06,1.225477056870446e-06,1.225477056870446e-06,1.225477056870446e-06,1.225477056870446e-06,1.2254770568704457e-06,1.2254770568704457e-06,1.225477056870446e-06,1.225477056870446e-06,1.2254770568704457e-06,1.225477056870446e-06,1.225477056870446e-06,1.2254770568704457e-06,1.2254770568704457e-06,1.2254770568704457e-06,1.225477056870446e-06,1.225477056870446e-06,1.2254770568704457e-06,1.225477056870446e-06,1.225477056870446e-06,1.2254770568704457e-06,1.2254770568704462e-06,1.2254770568704462e-06,1.2254770568704462e-06,1.2254770568704462e-06,1.2254770568704457e-06,1.225477056870446e-06,1.225477056870446e-06,1.225477056870446e-06,1.225477056870446e-06,1.225477056870446e-06,1.2254770568704462e-06,1.2254770568704466e-06,1.2254770568704466e-06,1.2254770568704466e-06,1.2254770568704466e-06,1.2254770568704466e-06,1.2254770568704466e-06,1.2254770568704466e-06,1.2254770568704466e-06,1.2254770568704466e-06,1.2254770568704466e-06,1.2254770568704466e-06,1.2254770568704466e-06,1.2254770568704466e-06,1.2254770568704466e-06,1.2254770568704466e-06,1.2254770568704466e-06,1.2254770568704466e-06,1.2254770568704466e-06,1.2254770568704466e-06,1.2254770568704466e-06,1.2254770568704466e-06,1.2254770568704466e-06,1.2254770568704466e-06,1.2254770568704466e-06,1.2254770568704466e-06,1.2254770568704466e-06,1.2254770568704466e-06,1.2254770568704468e-06,1.2254770568704466e-06,1.2254770568704468e-06,1.2254770568704466e-06,1.2254770568704468e-06,1.2254770568704468e-06,1.2254770568704468e-06,1.2254770568704468e-06,1.2254770568704466e-06,1.2254770568704468e-06,1.2254770568704468e-06,1.2254770568704466e-06,1.2254770568704468e-06,1.2254770568704466e-06,1.2254770568704468e-06,1.2254770568704468e-06,1.2254770568704466e-06,1.2254770568704466e-06,1.2254770568704466e-06,1.2254770568704468e-06,1.2254770568704466e-06,1.2254770568704468e-06,1.2254770568704468e-06,1.2254770568704468e-06,1.2254770568704466e-06,1.2254770568704468e-06,1.2254770568704468e-06,1.2254770568704468e-06,1.2254770568704466e-06,1.2254770568704468e-06,1.2254770568704468e-06,1.2254770568704466e-06,1.2254770568704468e-06,1.2254770568704468e-06,1.2254770568704466e-06,1.2254770568704468e-06,1.2254770568704468e-06,1.2254770568704468e-06,1.2254770568704466e-06,1.2254770568704468e-06,1.2254770568704468e-06,1.2254770568704466e-06,1.2254770568704468e-06,1.2254770568704468e-06,1.2254770568704468e-06,1.2254770568704468e-06,1.2254770568704468e-06,1.2254770568704468e-06,1.2254770568704468e-06,1.2254770568704466e-06,1.2254770568704466e-06,1.2254770568704468e-06,1.2254770568704466e-06,1.2254770568704468e-06,1.2254770568704466e-06,1.2254770568704468e-06,1.2254770568704466e-06,1.2254770568704468e-06,1.2254770568704468e-06,1.2254770568704466e-06,1.2254770568704468e-06,1.2254770568704466e-06,1.2254770568704468e-06,1.2254770568704468e-06,1.2254770568704466e-06,1.2254770568704468e-06,1.2254770568704468e-06,1.2254770568704466e-06,1.2254770568704466e-06,1.2254770568704466e-06,1.2254770568704466e-06,1.2254770568704466e-06,1.2254770568704466e-06,1.2254770568704466e-06,1.2254770568704466e-06,1.2254770568704466e-06,1.2254770568704466e-06,1.2254770568704466e-06,1.2254770568704466e-06,1.2254770568704468e-06,1.2254770568704466e-06,1.2254770568704466e-06,1.2254770568704468e-06,1.2254770568704464e-06,1.2254770568704464e-06,1.2254770568704464e-06,1.2254770568704464e-06,1.2254770568704464e-06,1.2254770568704464e-06,1.2254770568704462e-06,1.2254770568704462e-06,1.2254770568704462e-06,1.2254770568704466e-06,1.2254770568704466e-06,1.2254770568704466e-06,1.2254770568704466e-06,1.2254770568704466e-06,1.2254770568704466e-06,1.2254770568704466e-06,1.2254770568704466e-06,1.2254770568704466e-06,1.2254770568704466e-06,1.2254770568704466e-06,1.2254770568704466e-06,1.2254770568704466e-06,1.2254770568704466e-06,1.2254770568704466e-06,1.2254770568704466e-06,1.2254770568704466e-06,1.2254770568704468e-06,1.2254770568704464e-06,1.2254770568704462e-06,1.2254770568704462e-06,1.2254770568704462e-06,1.2254770568704462e-06,1.2254770568704462e-06,1.2254770568704462e-06,1.2254770568704462e-06,1.2254770568704462e-06,1.2254770568704462e-06,1.2254770568704462e-06,1.2254770568704462e-06,1.2254770568704462e-06,1.2254770568704462e-06,1.2254770568704462e-06,1.2254770568704462e-06,1.2254770568704462e-06,1.2254770568704462e-06,1.2254770568704462e-06,1.2254770568704462e-06,1.2254770568704462e-06,1.2254770568704462e-06,1.2254770568704462e-06,1.2254770568704462e-06,1.2254770568704462e-06,1.2254770568704462e-06,1.2254770568704462e-06,1.2254770568704462e-06,1.2254770568704462e-06,1.2254770568704462e-06,1.2254770568704462e-06,1.2254770568704462e-06,1.2254770568704462e-06,1.2254770568704462e-06,1.225477056870446e-06,1.225477056870446e-06,1.225477056870446e-06,1.225477056870446e-06,1.225477056870446e-06,1.225477056870446e-06,1.2254770568704462e-06,1.2254770568704462e-06,1.2254770568704462e-06,1.225477056870446e-06,1.225477056870446e-06,1.225477056870446e-06,1.225477056870446e-06,1.225477056870446e-06,1.2254770568704462e-06,1.225477056870446e-06,1.2254770568704457e-06,1.225477056870446e-06,1.225477056870446e-06,1.2254770568704462e-06,1.2254770568704462e-06,1.225477056870446e-06,1.225477056870446e-06,1.2254770568704457e-06,1.225477056870446e-06,1.2254770568704462e-06,1.2254770568704462e-06,1.2254770568704462e-06,1.2254770568704462e-06,1.225477056870446e-06,1.225477056870446e-06,1.2254770568704457e-06,1.2254770568704462e-06,1.2254770568704462e-06,1.225477056870446e-06,1.2254770568704462e-06,1.2254770568704462e-06,1.2254770568704462e-06,1.2254770568704462e-06,1.2254770568704462e-06,1.2254770568704462e-06,1.2254770568704468e-06,1.2254770568704468e-06,1.2254770568704468e-06,1.2254770568704464e-06,1.2254770568704468e-06,1.225477056870447e-06,1.2254770568704462e-06,1.2254770568704464e-06,1.2254770568704464e-06,1.2254770568704462e-06,1.2254770568704462e-06,1.2254770568704462e-06,1.2254770568704466e-06,1.2254770568704466e-06,1.2254770568704466e-06,1.2254770568704466e-06,1.2254770568704466e-06,1.2254770568704466e-06,1.2254770568704466e-06,1.2254770568704466e-06,1.2254770568704468e-06,1.2254770568704462e-06,1.2254770568704462e-06,1.2254770568704462e-06,1.2254770568704462e-06,1.2254770568704464e-06,1.2254770568704462e-06,1.2254770568704462e-06,1.2254770568704462e-06,1.2254770568704462e-06,1.2254770568704464e-06,1.2254770568704462e-06,1.2254770568704462e-06,1.2254770568704466e-06,1.2254770568704466e-06,1.2254770568704466e-06,1.2254770568704466e-06,1.2254770568704466e-06,1.2254770568704468e-06,1.2254770568704468e-06,1.2254770568704464e-06,1.2254770568704464e-06,1.2254770568704464e-06,1.2254770568704462e-06,1.2254770568704462e-06,1.2254770568704462e-06,1.2254770568704464e-06,1.2254770568704464e-06,1.2254770568704464e-06,1.2254770568704464e-06,1.2254770568704464e-06,1.2254770568704464e-06,1.2254770568704464e-06,1.2254770568704464e-06,1.2254770568704464e-06,1.2254770568704464e-06,1.2254770568704464e-06,1.2254770568704464e-06,1.2254770568704464e-06,1.2254770568704464e-06,1.2254770568704464e-06,1.2254770568704464e-06,1.2254770568704464e-06,1.2254770568704464e-06,1.2254770568704464e-06,1.2254770568704464e-06,1.2254770568704464e-06,1.2254770568704464e-06,1.2254770568704464e-06,1.2254770568704464e-06,1.2254770568704464e-06,1.2254770568704464e-06,1.2254770568704464e-06,1.2254770568704464e-06,1.2254770568704464e-06,1.2254770568704464e-06,1.2254770568704462e-06,1.2254770568704462e-06,1.2254770568704464e-06,1.2254770568704464e-06,1.2254770568704464e-06,1.2254770568704464e-06,1.2254770568704464e-06,1.2254770568704464e-06,1.2254770568704462e-06,1.2254770568704464e-06,1.2254770568704464e-06,1.2254770568704464e-06,1.2254770568704464e-06,1.2254770568704464e-06,1.2254770568704462e-06,1.2254770568704462e-06,1.2254770568704462e-06,1.2254770568704462e-06,1.2254770568704462e-06,1.2254770568704462e-06,1.2254770568704462e-06,1.2254770568704462e-06,1.2254770568704462e-06,1.2254770568704462e-06,1.2254770568704462e-06,1.2254770568704462e-06,1.2254770568704462e-06,1.2254770568704462e-06,1.2254770568704462e-06,1.2254770568704462e-06,1.225477056870446e-06,1.2254770568704466e-06,1.2254770568704466e-06,1.2254770568704466e-06,1.2254770568704466e-06,1.2254770568704466e-06,1.2254770568704466e-06,1.2254770568704466e-06,1.2254770568704466e-06,1.2254770568704466e-06,1.2254770568704466e-06,1.2254770568704468e-06,1.2254770568704468e-06,1.2254770568704462e-06,1.2254770568704462e-06,1.2254770568704462e-06,1.2254770568704462e-06,1.2254770568704462e-06,1.2254770568704462e-06,1.2254770568704462e-06,1.2254770568704462e-06,1.2254770568704462e-06,1.2254770568704462e-06,1.2254770568704464e-06,1.2254770568704464e-06,1.2254770568704464e-06,1.2254770568704464e-06,1.2254770568704464e-06,1.2254770568704462e-06,1.2254770568704462e-06,1.2254770568704462e-06,1.2254770568704462e-06,1.2254770568704466e-06,1.2254770568704466e-06,1.2254770568704466e-06,1.2254770568704466e-06,1.2254770568704466e-06,1.2254770568704466e-06,1.2254770568704466e-06,1.2254770568704466e-06,1.2254770568704466e-06,1.2254770568704468e-06,1.2254770568704464e-06,1.2254770568704462e-06,1.2254770568704462e-06,1.2254770568704462e-06,1.2254770568704464e-06,1.2254770568704464e-06,1.2254770568704464e-06,1.2254770568704462e-06,1.2254770568704466e-06,1.2254770568704466e-06,1.2254770568704466e-06,1.2254770568704466e-06,1.2254770568704466e-06,1.2254770568704468e-06,1.2254770568704468e-06,1.2254770568704468e-06,1.225477056870447e-06,1.2254770568704468e-06,1.2254770568704468e-06,1.225477056870447e-06,1.2254770568704468e-06,1.2254770568704468e-06,1.2254770568704468e-06,1.2254770568704468e-06,1.2254770568704468e-06,1.2254770568704468e-06,1.225477056870447e-06,1.2254770568704468e-06,1.2254770568704468e-06,1.2254770568704468e-06,1.2254770568704468e-06,1.2254770568704468e-06,1.2254770568704468e-06,1.2254770568704468e-06,1.2254770568704468e-06,1.2254770568704468e-06,1.2254770568704464e-06,1.2254770568704462e-06,1.2254770568704464e-06,1.2254770568704462e-06,1.2254770568704462e-06,1.2254770568704462e-06,1.2254770568704462e-06,1.2254770568704466e-06,1.2254770568704466e-06,1.2254770568704466e-06,1.2254770568704466e-06,1.2254770568704466e-06,1.2254770568704466e-06,1.2254770568704468e-06,1.2254770568704462e-06,1.2254770568704462e-06,1.2254770568704462e-06,1.2254770568704462e-06,1.2254770568704462e-06,1.2254770568704462e-06,1.2254770568704462e-06,1.2254770568704462e-06,1.2254770568704462e-06,1.2254770568704462e-06,1.2254770568704464e-06,1.2254770568704464e-06,1.2254770568704464e-06,1.2254770568704464e-06,1.2254770568704462e-06,1.2254770568704462e-06,1.2254770568704462e-06,1.2254770568704466e-06,1.2254770568704466e-06,1.2254770568704466e-06,1.2254770568704466e-06,1.2254770568704466e-06,1.2254770568704466e-06,1.2254770568704466e-06,1.2254770568704466e-06,1.2254770568704466e-06,1.2254770568704466e-06,1.2254770568704468e-06,1.2254770568704462e-06,1.2254770568704462e-06,1.2254770568704464e-06,1.2254770568704464e-06,1.2254770568704464e-06,1.2254770568704464e-06,1.2254770568704464e-06,1.2254770568704462e-06,1.2254770568704464e-06,1.2254770568704464e-06,1.2254770568704464e-06,1.2254770568704464e-06,1.2254770568704464e-06,1.2254770568704462e-06,1.2254770568704462e-06,1.2254770568704464e-06,1.2254770568704464e-06,1.2254770568704464e-06,1.2254770568704464e-06,1.2254770568704464e-06,1.2254770568704464e-06,1.2254770568704464e-06,1.2254770568704462e-06,1.2254770568704462e-06,1.2254770568704462e-06,1.2254770568704462e-06,1.2254770568704462e-06,1.2254770568704462e-06,1.2254770568704462e-06,1.2254770568704462e-06,1.2254770568704462e-06,1.2254770568704462e-06,1.2254770568704462e-06,1.2254770568704462e-06,1.2254770568704462e-06,1.2254770568704462e-06,1.2254770568704462e-06,1.2254770568704462e-06,1.2254770568704462e-06,1.2254770568704462e-06,1.2254770568704462e-06,1.2254770568704462e-06,1.2254770568704462e-06,1.2254770568704462e-06,1.2254770568704462e-06,1.2254770568704462e-06,1.2254770568704462e-06,1.2254770568704462e-06,1.2254770568704462e-06,1.2254770568704462e-06,1.2254770568704462e-06,1.2254770568704462e-06,1.2254770568704462e-06,1.2254770568704462e-06,1.2254770568704462e-06,1.2254770568704462e-06,1.2254770568704462e-06,1.2254770568704462e-06,1.2254770568704462e-06,1.2254770568704462e-06,1.2254770568704462e-06,1.2254770568704462e-06,1.2254770568704462e-06,1.2254770568704462e-06,1.225477056870446e-06,1.2254770568704462e-06,1.2254770568704462e-06,1.2254770568704462e-06,1.2254770568704462e-06,1.2254770568704462e-06,1.2254770568704462e-06,1.2254770568704462e-06,1.2254770568704462e-06,1.225477056870446e-06,1.2254770568704462e-06,1.2254770568704462e-06,1.2254770568704462e-06,1.2254770568704462e-06,1.2254770568704462e-06,1.2254770568704462e-06,1.2254770568704462e-06,1.2254770568704462e-06,1.2254770568704462e-06,1.2254770568704462e-06,1.2254770568704462e-06,1.2254770568704462e-06,1.2254770568704462e-06,1.2254770568704462e-06,1.2254770568704462e-06,1.2254770568704462e-06,1.2254770568704462e-06,1.2254770568704464e-06,1.2254770568704464e-06,1.2254770568704464e-06,1.2254770568704464e-06,1.2254770568704464e-06,1.2254770568704464e-06,1.2254770568704464e-06,1.2254770568704464e-06,1.2254770568704464e-06,1.2254770568704464e-06,1.2254770568704464e-06,1.2254770568704462e-06,1.2254770568704462e-06,1.2254770568704464e-06,1.2254770568704464e-06,1.2254770568704464e-06,1.2254770568704462e-06,1.2254770568704462e-06,1.2254770568704462e-06,1.2254770568704462e-06,1.2254770568704462e-06,1.2254770568704464e-06,1.2254770568704462e-06,1.2254770568704462e-06,1.2254770568704462e-06,1.2254770568704462e-06,1.2254770568704462e-06,1.2254770568704462e-06,1.2254770568704464e-06,1.2254770568704462e-06,1.2254770568704462e-06,1.2254770568704462e-06,1.2254770568704462e-06,1.2254770568704462e-06,1.2254770568704462e-06,1.2254770568704462e-06,1.2254770568704462e-06,1.2254770568704462e-06,1.2254770568704462e-06,1.2254770568704462e-06,1.2254770568704462e-06,1.2254770568704462e-06,1.2254770568704462e-06,1.2254770568704462e-06,1.2254770568704462e-06,1.2254770568704462e-06,1.2254770568704462e-06,1.2254770568704462e-06,1.2254770568704462e-06,1.2254770568704462e-06,1.2254770568704462e-06,1.2254770568704462e-06,1.2254770568704462e-06,1.2254770568704462e-06,1.2254770568704462e-06,1.2254770568704462e-06,1.2254770568704462e-06,1.2254770568704464e-06,1.2254770568704462e-06,1.2254770568704462e-06,1.2254770568704464e-06,1.2254770568704464e-06,1.2254770568704464e-06,1.2254770568704464e-06,1.2254770568704464e-06,1.2254770568704464e-06,1.2254770568704464e-06,1.2254770568704464e-06,1.2254770568704464e-06,1.2254770568704464e-06,1.2254770568704464e-06,1.2254770568704464e-06,1.2254770568704464e-06,1.2254770568704464e-06,1.2254770568704464e-06,1.2254770568704464e-06,1.2254770568704464e-06,1.2254770568704464e-06,1.2254770568704464e-06,1.2254770568704464e-06,1.2254770568704464e-06,1.2254770568704464e-06,1.2254770568704464e-06,1.2254770568704462e-06,1.2254770568704462e-06,1.2254770568704464e-06,1.2254770568704464e-06,1.2254770568704464e-06,1.2254770568704464e-06,1.2254770568704464e-06,1.2254770568704464e-06,1.2254770568704464e-06,1.2254770568704464e-06,1.2254770568704462e-06,1.2254770568704464e-06,1.2254770568704464e-06,1.2254770568704464e-06,1.2254770568704464e-06,1.2254770568704464e-06,1.2254770568704464e-06,1.2254770568704464e-06,1.2254770568704464e-06,1.2254770568704464e-06,1.2254770568704464e-06,1.2254770568704462e-06,1.2254770568704464e-06,1.2254770568704464e-06,1.2254770568704464e-06,1.2254770568704462e-06,1.2254770568704462e-06,1.2254770568704464e-06,1.2254770568704464e-06,1.2254770568704462e-06,1.2254770568704462e-06,1.2254770568704462e-06,1.2254770568704462e-06,1.2254770568704462e-06,1.2254770568704464e-06,1.2254770568704464e-06,1.2254770568704464e-06,1.2254770568704462e-06,1.2254770568704462e-06,1.2254770568704462e-06,1.2254770568704462e-06,1.2254770568704462e-06,1.2254770568704462e-06,1.2254770568704462e-06,1.2254770568704462e-06,1.2254770568704464e-06,1.225477056870446e-06,1.225477056870446e-06,1.2254770568704464e-06,1.225477056870446e-06,1.2254770568704462e-06,1.2254770568704464e-06,1.225477056870446e-06,1.225477056870446e-06,1.225477056870446e-06,1.2254770568704464e-06,1.2254770568704464e-06,1.225477056870446e-06,1.2254770568704462e-06,1.2254770568704462e-06,1.225477056870446e-06,1.2254770568704464e-06,1.2254770568704464e-06,1.225477056870446e-06,1.2254770568704462e-06,1.225477056870446e-06,1.2254770568704464e-06,1.225477056870446e-06,1.2254770568704464e-06,1.2254770568704462e-06,1.2254770568704464e-06,1.225477056870446e-06,1.2254770568704464e-06,1.225477056870446e-06,1.225477056870446e-06,1.2254770568704464e-06,1.2254770568704462e-06,1.2254770568704462e-06,1.2254770568704464e-06,1.2254770568704464e-06,1.225477056870446e-06,1.2254770568704464e-06,1.2254770568704464e-06,1.2254770568704462e-06,1.2254770568704462e-06,1.2254770568704464e-06,1.2254770568704462e-06,1.2254770568704464e-06,1.2254770568704462e-06,1.2254770568704464e-06,1.2254770568704462e-06,1.2254770568704464e-06,1.2254770568704464e-06,1.2254770568704464e-06,1.2254770568704462e-06,1.2254770568704462e-06,1.2254770568704464e-06,1.2254770568704462e-06,1.2254770568704464e-06,1.2254770568704464e-06,1.2254770568704464e-06,1.2254770568704464e-06,1.2254770568704462e-06,1.2254770568704464e-06,1.2254770568704464e-06,1.2254770568704462e-06,1.2254770568704462e-06,1.2254770568704462e-06,1.2254770568704462e-06,1.2254770568704464e-06,1.2254770568704462e-06,1.2254770568704464e-06,1.2254770568704462e-06,1.2254770568704462e-06,1.2254770568704462e-06,1.2254770568704462e-06,1.2254770568704464e-06,1.2254770568704464e-06,1.2254770568704462e-06,1.2254770568704464e-06,1.2254770568704464e-06,1.2254770568704462e-06,1.2254770568704462e-06,1.2254770568704464e-06,1.2254770568704462e-06,1.2254770568704462e-06,1.2254770568704462e-06,1.2254770568704462e-06,1.2254770568704462e-06,1.2254770568704462e-06,1.2254770568704462e-06,1.2254770568704462e-06,1.2254770568704462e-06,1.2254770568704462e-06,1.2254770568704462e-06,1.2254770568704462e-06,1.2254770568704462e-06,1.2254770568704462e-06,1.2254770568704462e-06,1.2254770568704462e-06,1.2254770568704462e-06,1.2254770568704462e-06,1.2254770568704462e-06,1.2254770568704462e-06,1.2254770568704462e-06,1.2254770568704462e-06,1.2254770568704462e-06,1.2254770568704462e-06,1.2254770568704462e-06,1.2254770568704462e-06,1.2254770568704462e-06,1.2254770568704462e-06,1.2254770568704462e-06,1.2254770568704462e-06,1.2254770568704462e-06,1.2254770568704462e-06,1.2254770568704462e-06,1.225477056870446e-06,1.2254770568704462e-06,1.225477056870446e-06,1.2254770568704462e-06,1.2254770568704462e-06,1.2254770568704462e-06,1.2254770568704464e-06,1.2254770568704464e-06,1.2254770568704464e-06,1.2254770568704464e-06,1.2254770568704462e-06,1.2254770568704464e-06,1.2254770568704464e-06,1.2254770568704464e-06,1.2254770568704464e-06,1.2254770568704462e-06,1.2254770568704462e-06,1.2254770568704464e-06,1.2254770568704464e-06,1.2254770568704464e-06,1.2254770568704462e-06,1.2254770568704462e-06,1.2254770568704464e-06,1.2254770568704464e-06,1.2254770568704464e-06,1.2254770568704464e-06,1.2254770568704464e-06,1.2254770568704464e-06,1.2254770568704464e-06,1.2254770568704464e-06,1.2254770568704464e-06,1.2254770568704462e-06,1.2254770568704462e-06,1.2254770568704464e-06,1.2254770568704464e-06,1.2254770568704464e-06,1.2254770568704464e-06,1.2254770568704464e-06,1.2254770568704464e-06,1.2254770568704462e-06,1.2254770568704462e-06,1.2254770568704464e-06,1.2254770568704464e-06,1.2254770568704462e-06,1.2254770568704462e-06,1.2254770568704462e-06,1.2254770568704462e-06,1.2254770568704462e-06,1.2254770568704462e-06,1.2254770568704462e-06,1.2254770568704462e-06,1.2254770568704462e-06,1.2254770568704462e-06,1.2254770568704462e-06,1.2254770568704462e-06,1.2254770568704462e-06,1.2254770568704464e-06,1.2254770568704462e-06,1.2254770568704462e-06,1.2254770568704462e-06,1.2254770568704462e-06,1.2254770568704462e-06,1.2254770568704462e-06,1.2254770568704462e-06,1.2254770568704462e-06,1.2254770568704462e-06,1.2254770568704462e-06,1.2254770568704462e-06,1.2254770568704462e-06,1.2254770568704462e-06,1.2254770568704462e-06,1.2254770568704462e-06,1.2254770568704462e-06,1.2254770568704462e-06,1.2254770568704462e-06,1.2254770568704462e-06,1.2254770568704462e-06,1.2254770568704462e-06,1.2254770568704462e-06,1.2254770568704462e-06,1.2254770568704462e-06,1.2254770568704462e-06,1.2254770568704462e-06,1.2254770568704462e-06,1.2254770568704462e-06,1.2254770568704462e-06,1.225477056870446e-06,1.225477056870446e-06,1.225477056870446e-06,1.225477056870446e-06,1.2254770568704462e-06,1.225477056870446e-06,1.225477056870446e-06,1.2254770568704462e-06,1.2254770568704462e-06,1.225477056870446e-06,1.225477056870446e-06,1.225477056870446e-06,1.2254770568704462e-06,1.2254770568704462e-06,1.2254770568704462e-06,1.2254770568704462e-06,1.2254770568704462e-06,1.2254770568704462e-06,1.2254770568704462e-06,1.2254770568704464e-06,1.225477056870446e-06,1.2254770568704464e-06,1.2254770568704462e-06,1.2254770568704462e-06,1.2254770568704462e-06,1.2254770568704462e-06,1.2254770568704462e-06,1.2254770568704464e-06,1.2254770568704464e-06,1.225477056870446e-06,1.2254770568704464e-06,1.225477056870446e-06,1.2254770568704466e-06,1.2254770568704466e-06,1.2254770568704466e-06,1.2254770568704466e-06,1.2254770568704466e-06,1.2254770568704466e-06,1.2254770568704466e-06,1.2254770568704466e-06,1.2254770568704466e-06,1.2254770568704466e-06,1.2254770568704466e-06,1.2254770568704466e-06,1.2254770568704466e-06,1.2254770568704466e-06,1.2254770568704466e-06,1.2254770568704468e-06,1.2254770568704466e-06,1.2254770568704466e-06,1.2254770568704466e-06,1.2254770568704466e-06,1.2254770568704468e-06,1.2254770568704466e-06,1.2254770568704466e-06,1.2254770568704468e-06,1.2254770568704468e-06,1.2254770568704468e-06,1.2254770568704468e-06,1.2254770568704468e-06,1.225477056870447e-06,1.2254770568704468e-06,1.2254770568704468e-06,1.2254770568704468e-06,1.2254770568704468e-06,1.2254770568704468e-06,1.2254770568704468e-06,1.2254770568704468e-06,1.225477056870447e-06,1.2254770568704468e-06,1.2254770568704468e-06,1.2254770568704468e-06,1.2254770568704466e-06,1.2254770568704468e-06,1.2254770568704468e-06,1.2254770568704468e-06,1.2254770568704468e-06,1.2254770568704468e-06,1.2254770568704468e-06,1.2254770568704468e-06,1.2254770568704468e-06,1.2254770568704468e-06,1.2254770568704468e-06,1.2254770568704468e-06,1.2254770568704468e-06,1.2254770568704468e-06,1.2254770568704468e-06,1.2254770568704468e-06,1.2254770568704468e-06,1.2254770568704468e-06,1.2254770568704468e-06,1.2254770568704468e-06,1.2254770568704468e-06,1.2254770568704462e-06,1.2254770568704462e-06,1.2254770568704462e-06,1.2254770568704462e-06,1.2254770568704462e-06,1.2254770568704464e-06,1.2254770568704464e-06,1.2254770568704464e-06,1.2254770568704464e-06,1.2254770568704464e-06,1.2254770568704462e-06,1.2254770568704464e-06,1.2254770568704462e-06,1.2254770568704464e-06,1.2254770568704462e-06,1.2254770568704464e-06,1.2254770568704462e-06,1.2254770568704462e-06,1.2254770568704464e-06,1.2254770568704464e-06,1.2254770568704462e-06,1.2254770568704462e-06,1.2254770568704462e-06,1.2254770568704464e-06,1.2254770568704462e-06,1.2254770568704464e-06,1.2254770568704462e-06,1.2254770568704464e-06,1.2254770568704462e-06,1.2254770568704464e-06,1.2254770568704462e-06,1.2254770568704462e-06,1.2254770568704462e-06,1.2254770568704464e-06,1.2254770568704464e-06,1.2254770568704462e-06,1.2254770568704464e-06,1.2254770568704462e-06,1.2254770568704464e-06,1.2254770568704462e-06,1.2254770568704464e-06,1.2254770568704462e-06,1.2254770568704462e-06,1.2254770568704464e-06,1.2254770568704462e-06,1.2254770568704462e-06,1.2254770568704462e-06,1.2254770568704462e-06,1.2254770568704462e-06,1.2254770568704462e-06,1.2254770568704462e-06,1.2254770568704462e-06,1.2254770568704462e-06,1.2254770568704462e-06,1.2254770568704462e-06,1.2254770568704462e-06,1.2254770568704462e-06,1.2254770568704462e-06,1.2254770568704462e-06,1.2254770568704462e-06,1.2254770568704462e-06,1.2254770568704462e-06,1.2254770568704462e-06,1.2254770568704462e-06,1.2254770568704462e-06,1.2254770568704462e-06,1.2254770568704462e-06,1.2254770568704462e-06,1.2254770568704462e-06,1.225477056870446e-06,1.2254770568704462e-06,1.2254770568704462e-06,1.225477056870446e-06,1.225477056870446e-06,1.225477056870446e-06,1.225477056870446e-06,1.2254770568704464e-06,1.2254770568704462e-06,1.2254770568704464e-06,1.225477056870446e-06,1.225477056870446e-06,1.2254770568704464e-06,1.225477056870446e-06,1.225477056870446e-06,1.2254770568704462e-06,1.2254770568704462e-06,1.2254770568704462e-06,1.2254770568704462e-06,1.2254770568704462e-06,1.2254770568704462e-06,1.2254770568704462e-06,1.2254770568704462e-06,1.2254770568704462e-06,1.2254770568704462e-06,1.2254770568704462e-06,1.2254770568704462e-06,1.2254770568704462e-06,1.2254770568704462e-06,1.2254770568704462e-06,1.2254770568704462e-06,1.2254770568704462e-06,1.2254770568704464e-06,1.2254770568704462e-06,1.2254770568704462e-06,1.2254770568704462e-06,1.225477056870446e-06,1.2254770568704462e-06,1.2254770568704462e-06,1.2254770568704462e-06,1.2254770568704462e-06,1.2254770568704462e-06,1.2254770568704462e-06,1.225477056870446e-06,1.225477056870446e-06,1.2254770568704462e-06,1.2254770568704462e-06,1.2254770568704462e-06,1.225477056870446e-06,1.225477056870446e-06,1.225477056870446e-06,1.225477056870446e-06,1.225477056870446e-06,1.2254770568704462e-06,1.225477056870446e-06,1.225477056870446e-06,1.225477056870446e-06,1.225477056870446e-06,1.2254770568704462e-06,1.2254770568704462e-06,1.2254770568704462e-06,1.225477056870446e-06,1.225477056870446e-06,1.225477056870446e-06,1.2254770568704462e-06,1.2254770568704466e-06,1.2254770568704466e-06,1.2254770568704466e-06,1.2254770568704464e-06,1.2254770568704464e-06,1.2254770568704464e-06,1.2254770568704464e-06,1.2254770568704464e-06,1.2254770568704464e-06,1.2254770568704466e-06,1.2254770568704468e-06,1.2254770568704464e-06,1.2254770568704464e-06,1.2254770568704464e-06,1.2254770568704464e-06,1.2254770568704464e-06,1.2254770568704464e-06,1.2254770568704464e-06,1.2254770568704464e-06,1.2254770568704468e-06,1.2254770568704464e-06,1.2254770568704468e-06,1.2254770568704464e-06,1.2254770568704464e-06,1.2254770568704466e-06,1.2254770568704464e-06,1.2254770568704464e-06,1.2254770568704464e-06,1.2254770568704468e-06,1.2254770568704466e-06,1.2254770568704466e-06,1.2254770568704468e-06,1.2254770568704466e-06,1.2254770568704466e-06,1.2254770568704466e-06,1.2254770568704466e-06,1.2254770568704466e-06,1.2254770568704466e-06,1.2254770568704468e-06,1.2254770568704466e-06,1.2254770568704466e-06,1.2254770568704468e-06,1.2254770568704466e-06,1.2254770568704468e-06,1.2254770568704464e-06,1.2254770568704462e-06,1.2254770568704462e-06,1.2254770568704462e-06,1.2254770568704462e-06,1.2254770568704462e-06,1.2254770568704462e-06,1.2254770568704462e-06,1.2254770568704462e-06,1.2254770568704462e-06,1.2254770568704462e-06,1.2254770568704462e-06,1.2254770568704462e-06,1.2254770568704462e-06,1.2254770568704466e-06,1.2254770568704466e-06,1.2254770568704466e-06,1.2254770568704466e-06,1.2254770568704466e-06,1.2254770568704466e-06,1.2254770568704466e-06,1.2254770568704466e-06,1.2254770568704468e-06,1.2254770568704468e-06,1.2254770568704466e-06,1.2254770568704466e-06,1.2254770568704468e-06,1.2254770568704468e-06,1.2254770568704468e-06,1.2254770568704468e-06,1.2254770568704466e-06,1.2254770568704464e-06,1.2254770568704462e-06,1.2254770568704462e-06,1.2254770568704464e-06,1.2254770568704464e-06,1.2254770568704464e-06,1.2254770568704462e-06,1.2254770568704462e-06,1.2254770568704462e-06,1.2254770568704462e-06,1.2254770568704462e-06,1.2254770568704462e-06,1.225477056870446e-06,1.225477056870446e-06,1.2254770568704457e-06,1.225477056870446e-06,1.2254770568704457e-06,1.225477056870446e-06,1.225477056870446e-06,1.225477056870446e-06,1.225477056870446e-06,1.225477056870446e-06,1.225477056870446e-06,1.225477056870446e-06,1.225477056870446e-06,1.225477056870446e-06,1.225477056870446e-06,1.225477056870446e-06,1.225477056870446e-06,1.225477056870446e-06,1.2254770568704462e-06,1.2254770568704462e-06,1.225477056870446e-06,1.225477056870446e-06,1.2254770568704462e-06,1.2254770568704462e-06,1.2254770568704462e-06,1.2254770568704462e-06,1.2254770568704462e-06,1.2254770568704462e-06,1.2254770568704462e-06,1.2254770568704462e-06,1.2254770568704462e-06,1.2254770568704462e-06,1.2254770568704462e-06,1.2254770568704462e-06,1.2254770568704462e-06,1.225477056870446e-06,1.225477056870446e-06,1.2254770568704462e-06,1.225477056870446e-06,1.225477056870446e-06,1.2254770568704462e-06,1.225477056870446e-06,1.225477056870446e-06,1.225477056870446e-06,1.225477056870446e-06,1.225477056870446e-06,1.225477056870446e-06,1.2254770568704462e-06,1.225477056870446e-06,1.225477056870446e-06,1.2254770568704462e-06,1.2254770568704462e-06,1.225477056870446e-06,1.225477056870446e-06,1.225477056870446e-06,1.2254770568704462e-06,1.225477056870446e-06,1.225477056870446e-06,1.2254770568704462e-06,1.225477056870446e-06,1.2254770568704462e-06,1.225477056870446e-06,1.225477056870446e-06,1.2254770568704462e-06,1.225477056870446e-06,1.2254770568704462e-06,1.225477056870446e-06,1.225477056870446e-06,1.2254770568704462e-06,1.2254770568704462e-06,1.225477056870446e-06,1.225477056870446e-06,1.225477056870446e-06,1.225477056870446e-06
9,3.005337558397252e-44,8.645275739974203e-44,1.7200867782685542e-43,2.9040989139002888e-43,4.4523565580077625e-43,6.400352976733505e-43,8.783934208013035e-43,1.1639549623177715e-42,1.5004292264867122e-42,1.8915845054532147e-42,2.341239260988037e-42,2.85325278459914e-42,3.431516646654475e-42,4.0799474180594823e-42,4.802480739083793e-42,5.603066623674012e-42,6.485665817617318e-42,7.454247017252457e-42,8.51278477072623e-42,9.665257909466648e-42,1.0915648385152558e-41,1.2267940413039013e-41,1.3726119844482752e-41,1.5294173709570577e-41,1.6976089885143485e-41,1.87758568547314e-41,2.0697463535523877e-41,2.2744899154024062e-41,2.492215315692608e-41,2.7233215147388853e-41,2.9682074839570387e-41,3.227272202625284e-41,3.5009146555831846e-41,3.7895338315988996e-41,4.0935287222123415e-41,4.41329832091679e-41,4.749241622580679e-41,5.101757623039556e-41,5.471245318808459e-41,5.858103706879453e-41,6.262731784579196e-41,6.685528549468832e-41,7.126892999273722e-41,7.587224131834193e-41,8.066920945070915e-41,8.566382436960751e-41,9.086007605519813e-41,9.6261954487916e-41,1.0187344964838703e-40,1.0769855151737064e-40,1.1374125007571937e-40,1.2000553530435012e-40,1.2649539718422483e-40,1.3321482569633697e-40,1.4016781082170175e-40,1.4735834254135004e-40,1.5479041083632241e-40,1.624680056876676e-40,1.7039511707643864e-40,1.7857573498369268e-40,1.870138493904894e-40,1.9571345027788973e-40,2.0467852762695607e-40,2.139130714187515e-40,2.2342107163433955e-40,2.3320651825478437e-40,2.4327340126115046e-40,2.536257106345024e-40,2.6426743635590492e-40,2.752025684064231e-40,2.8643509676712084e-40,2.9796901141906354e-40,3.0980830234331637e-40,3.219569595209437e-40,3.344189729330112e-40,3.4719833256058327e-40,3.602990283847252e-40,3.737250503865016e-40,3.874803885469775e-40,4.01569032847218e-40,4.15994973268288e-40,4.307621997912526e-40,4.458747023971766e-40,4.613364710671254e-40,4.771514957821636e-40,4.933237665233568e-40,5.098572732717696e-40,5.267560060084669e-40,5.44023954714514e-40,5.616651093709753e-40,5.7968345995891605e-40,5.980829964594015e-40,6.1686770885349575e-40,6.360415871222644e-40,6.556086212467726e-40,6.7557280120808535e-40,6.95938116987268e-40,7.167085585653848e-40,7.378881159235001e-40,7.594807790426805e-40,7.814905379039901e-40,8.039213824884945e-40,8.267773027772582e-40,8.500622887513458e-40,8.737803303918224e-40,8.97935417679754e-40,9.225315405962049e-40,9.475726891222405e-40,9.730628532389257e-40,9.990060229273252e-40,1.0254061881685026e-39,1.0522673389435249e-39,1.0795934652334564e-39,1.1073885570193632e-39,1.1356566042823083e-39,1.1644015970033574e-39,1.1936275251635763e-39,1.223338378744029e-39,1.2535381477257807e-39,1.284230822089896e-39,1.3154203918174419e-39,1.3471108468894805e-39,1.3793061772870785e-39,1.4120103729912998e-39,1.4452274239832107e-39,1.478961320243876e-39,1.5132160517543598e-39,1.5479956084957274e-39,1.583303980449044e-39,1.619145157595374e-39,1.655523129915783e-39,1.6924418873913375e-39,1.7299054200030994e-39,1.7679177177321356e-39,1.8064827705595102e-39,1.8456045684662887e-39,1.8852871014335362e-39,1.9255343594423177e-39,1.966350332473698e-39,2.0077390105087426e-39,2.0497043835285154e-39,2.092250441514081e-39,2.1353811744465043e-39,2.1791005723068516e-39,2.223412625076189e-39,2.2683213227355806e-39,2.3138306552660893e-39,2.3599446126487812e-39,2.4066671848647215e-39,2.454002361894977e-39,2.50195413372061e-39,2.5505264903226874e-39,2.5997234216822732e-39,2.6495489177804316e-39,2.700006968598229e-39,2.75110156411673e-39,2.8028366943169988e-39,2.8552163491801013e-39,2.908244518687104e-39,2.961925192819069e-39,3.0162623615570633e-39,3.07126001488215e-39,3.126922142775395e-39,3.1832527352178636e-39,3.240255782190622e-39,3.2979352736747316e-39,3.35629519965126e-39,3.4153395501012724e-39,3.475072315005831e-39,3.535497484346004e-39,3.5966190481028556e-39,3.658440996257451e-39,3.720967318790856e-39,3.7842020056841325e-39,3.848149046918349e-39,3.912812432474567e-39,3.978196152333855e-39,4.044304196477274e-39,4.111140554885892e-39,4.178709217540773e-39,4.247014174422981e-39,4.316059415513583e-39,4.3858489307936435e-39,4.456386710244226e-39,4.5276767438463965e-39,4.599723021581219e-39,4.672529533429762e-39,4.746100269373088e-39,4.820439219392262e-39,4.8955503734683466e-39,4.971437721582409e-39,5.048105253715516e-39,5.125556959848731e-39,5.203796829963117e-39,5.282828854039744e-39,5.362657022059674e-39,5.443285324003969e-39,5.5247177498536964e-39,5.606958289589921e-39,5.690010933193708e-39,5.773879670646126e-39,5.858568491928237e-39,5.944081387021102e-39,6.030422345905794e-39,6.117595358563371e-39,6.205604414974902e-39,6.294453505121452e-39,6.384146618984086e-39,6.474687746543865e-39,6.566080877781859e-39,6.658330002679128e-39,6.751439111216743e-39,6.845412193375761e-39,6.940253239137253e-39,7.03596623848228e-39,7.132555181391912e-39,7.23002405784721e-39,7.328376857829241e-39,7.42761757131907e-39,7.527750188297761e-39,7.628778698746382e-39,7.730707092645994e-39,7.833539359977663e-39,7.937279490722457e-39,8.041931474861439e-39,8.147499302375672e-39,8.253986963246222e-39,8.361398447454151e-39,8.469737744980524e-39,8.579008845806409e-39,8.689215739912872e-39,8.800362417280978e-39,8.912452867891792e-39,9.025491081726375e-39,9.139481048765795e-39,9.254426758991122e-39,9.370332202383412e-39,9.48720136892373e-39,9.605038248593145e-39,9.723846831372723e-39,9.843631107243522e-39,9.964395066186614e-39,1.0086142698183065e-38,1.0208877993213937e-38,1.0332604941260295e-38,1.0457327532303203e-38,1.0583049756323726e-38,1.070977560330293e-38,1.0837509063221878e-38,1.0966254126061637e-38,1.1096014781803277e-38,1.1226795020427859e-38,1.1358598831916448e-38,1.1491430206250104e-38,1.1625293133409897e-38,1.1760191603376888e-38,1.1896129606132148e-38,1.2033111131656738e-38,1.217114016993172e-38,1.2310220710938166e-38,1.2450356744657135e-38,1.25915522610697e-38,1.273381125015692e-38,1.2877137701899863e-38,1.3021535606279589e-38,1.3167008953277164e-38,1.3313561732873657e-38,1.3461197935050133e-38,1.360992154978766e-38,1.3759736567067296e-38,1.391064697687011e-38,1.4062656769177162e-38,1.4215769933969517e-38,1.4369990461228246e-38,1.4525322340934412e-38,1.4681769563069073e-38,1.4839336117613307e-38,1.4998025994548168e-38,1.5157843183854724e-38,1.5318791675514045e-38,1.5480875459507192e-38,1.564409852581523e-38,1.5808464864419222e-38,1.597397846530023e-38,1.6140643318439325e-38,1.6308463413817572e-38,1.647744274141604e-38,1.664758529121579e-38,1.6818895053197875e-38,1.6991376017343378e-38,1.7165032173633355e-38,1.7339867512048873e-38,1.7515886022570998e-38,1.7693091695180793e-38,1.787148851985932e-38,1.8051080486587652e-38,1.823187158534685e-38,1.8413865806117976e-38,1.8597067138882097e-38,1.878147957362028e-38,1.8967107100313585e-38,1.9153953708943083e-38,1.9342023389489842e-38,1.953132013193492e-38,1.9721847926259382e-38,1.9913610762444293e-38,2.0106612630470716e-38,2.0300857520319722e-38,2.0496349421972373e-38,2.0693092325409734e-38,2.0891090220612872e-38,2.1090347097562852e-38,2.1290866946240739e-38,2.1492653756627592e-38,2.169571151870448e-38,2.190004422245246e-38,2.2105655857852618e-38,2.2312550414886007e-38,2.2520731883533678e-38,2.2730204253776726e-38,2.29409715155962e-38,2.315303765897316e-38,2.336640667388867e-38,2.35810825503238e-38,2.3797069278259615e-38,2.401437084767719e-38,2.4232991248557564e-38,2.445293447088183e-38,2.467420450463104e-38,2.4896805339786256e-38,2.512074096632855e-38,2.534601537423898e-38,2.5572632553498625e-38,2.580059649408853e-38,2.602991118598977e-38,2.626058061918342e-38,2.6492608783650527e-38,2.6725999669372166e-38,2.6960757266329405e-38,2.7196885564503294e-38,2.743438855387491e-38,2.767327022442532e-38,2.7913534566135576e-38,2.8155185568986764e-38,2.8398227222959933e-38,2.8642663518036155e-38,2.8888498444196484e-38,2.9135735991422e-38,2.9384380149693753e-38,2.9634434908992814e-38,2.988590425930025e-38,3.013879219059714e-38,3.039310269286452e-38,3.0648839756083466e-38,3.090600737023505e-38,3.1164609525300335e-38,3.1424650211260393e-38,3.1686133418096265e-38,3.1949063135789045e-38,3.2213443354319777e-38,3.2479278063669533e-38,3.2746571253819383e-38,3.301532691475039e-38,3.32855490364436e-38,3.355724160888011e-38,3.383040862204097e-38,3.4105054065907244e-38,3.4381181930460006e-38,3.4658796205680305e-38,3.4937900881549213e-38,3.5218499948047805e-38,3.550059739515714e-38,3.578419721285827e-38,3.606930339113227e-38,3.63559199199602e-38,3.6644050789323133e-38,3.6933699989202125e-38,3.7224871509578255e-38,3.751756934043257e-38,3.781179747174615e-38,3.810755989350006e-38,3.840486059567536e-38,3.8703703568253103e-38,3.9004092801214374e-38,3.9306032284540224e-38,3.9609526008211726e-38,3.9914577962209944e-38,4.0221192136515925e-38,4.052937252111076e-38,4.08391231059755e-38,4.1150447881091223e-38,4.146335083643898e-38,4.1777835961999825e-38,4.209390724775485e-38,4.241156868368511e-38,4.2730824259771666e-38,4.3051677965995584e-38,4.3374133792337936e-38,4.3698195728779773e-38,4.4023867765302176e-38,4.43511538918862e-38,4.4680058098512905e-38,4.501058437516338e-38,4.534273671181867e-38,4.567651909845984e-38,4.601193552506795e-38,4.63489899816241e-38,4.6687686458109296e-38,4.702802894450465e-38,4.737002143079121e-38,4.771366790695005e-38,4.805897236296223e-38,4.84059387888088e-38,4.875457117447086e-38,4.910487350992945e-38,4.945684978516563e-38,4.981050399016047e-38,5.016584011489504e-38,5.052286214935039e-38,5.088157408350761e-38,5.124197990734775e-38,5.160408361085189e-38,5.196788918400109e-38,5.23334006167764e-38,5.270062189915889e-38,5.306955702112962e-38,5.344020997266967e-38,5.381258474376009e-38,5.418668532438197e-38,5.456251570451633e-38,5.494007987414428e-38,5.531938182324688e-38,5.570042554180516e-38,5.608321501980021e-38,5.646775424721312e-38,5.685404721402492e-38,5.724209791021667e-38,5.763191032576946e-38,5.802348845066435e-38,5.841683627488236e-38,5.881195778840462e-38,5.920885698121215e-38,5.960753784328606e-38,6.000800436460738e-38,6.041026053515719e-38,6.081431034491653e-38,6.122015778386649e-38,6.162780684198814e-38,6.203726150926252e-38,6.24485257756707e-38,6.286160363119375e-38,6.327649906581274e-38,6.369321606950875e-38,6.411175863226283e-38,6.453213074405604e-38,6.495433639486942e-38,6.537837957468409e-38,6.580426427348109e-38,6.623199448124149e-38,6.666157418794633e-38,6.70930073835767e-38,6.752629805811366e-38,6.796145020153827e-38,6.839846780383159e-38,6.883735485497471e-38,6.927811534494866e-38,6.972075326373454e-38,7.016527260131338e-38,7.061167734766624e-38,7.105997149277423e-38,7.151015902661841e-38,7.196224393917981e-38,7.241623022043951e-38,7.287212186037857e-38,7.332992284897809e-38,7.378963717621909e-38,7.425126883208263e-38,7.471482180654983e-38,7.518030008960171e-38,7.564770767121933e-38,7.61170485413838e-38,7.658832669007614e-38,7.706154610727743e-38,7.753671078296875e-38,7.801382470713116e-38,7.849289186974572e-38,7.897391626079345e-38,7.945690187025551e-38,7.994185268811289e-38,8.042877270434668e-38,8.091766590893792e-38,8.140853629186772e-38,8.19013878431171e-38,8.239622455266715e-38,8.289305041049895e-38,8.339186940659353e-38,8.389268553093199e-38,8.439550277349537e-38,8.490032512426475e-38,8.54071565732212e-38,8.591600111034574e-38,8.642686272561949e-38,8.693974540902348e-38,8.74546531505388e-38,8.797158994014648e-38,8.849055976782761e-38,8.901156662356327e-38,8.95346144973345e-38,9.005970737912233e-38,9.058684925890792e-38,9.111604412667228e-38,9.164729597239646e-38,9.218060878606154e-38,9.271598655764858e-38,9.325343327713867e-38,9.379295293451283e-38,9.433454951975215e-38,9.487822702283768e-38,9.542398943375053e-38,9.597184074247172e-38,9.652178493898234e-38,9.707382601326344e-38,9.762796795529607e-38,9.818421475506131e-38,9.874257040254029e-38,9.930303888771398e-38,9.986562420056348e-38,1.0043033033106985e-37,1.0099716126921417e-37,1.0156612100497748e-37,1.0213721352834086e-37,1.027104428292854e-37,1.0328581289779208e-37,1.0386332772384207e-37,1.0444299129741638e-37,1.0502480760849612e-37,1.0560878064706228e-37,1.06194914403096e-37,1.0678321286657826e-37,1.0737368002749021e-37,1.0796631987581286e-37,1.0856113640152734e-37,1.0915813359461462e-37,1.0975731544505585e-37,1.1035868594283204e-37,1.1096224907792429e-37,1.1156800884031364e-37,1.1217596921998112e-37,1.127861342069079e-37,1.1339850779107496e-37,1.1401309396246342e-37,1.1462989671105425e-37,1.1524892002682864e-37,1.158701678997676e-37,1.164936443198522e-37,1.1711935327706344e-37,1.1774729876138247e-37,1.1837748476279034e-37,1.1900991527126811e-37,1.1964459427679679e-37,1.202815257693575e-37,1.209207137389313e-37,1.2156216217549926e-37,1.2220587506904246e-37,1.2285185640954192e-37,1.235001101869787e-37,1.241506403913339e-37,1.2480345101258858e-37,1.254585460407238e-37,1.2611592946572067e-37,1.267756052775602e-37,1.2743757746622341e-37,1.2810185002169141e-37,1.287684269339453e-37,1.2943731219296614e-37,1.3010850978873498e-37,1.3078202371123287e-37,1.3145785795044089e-37,1.3213601649634007e-37,1.3281650333891152e-37,1.334993224681363e-37,1.341844778739955e-37,1.348719735464701e-37,1.3556181347554124e-37,1.3625400165118994e-37,1.3694854206339729e-37,1.3764543870214439e-37,1.3834469555741222e-37,1.3904631661918187e-37,1.3975030587743445e-37,1.4045666732215101e-37,1.4116540494331257e-37,1.4187652273090028e-37,1.4259002467489513e-37,1.4330591476527823e-37,1.440241969920306e-37,1.447448753451333e-37,1.4546795381456746e-37,1.4619343639031411e-37,1.469213270623543e-37,1.4765162982066912e-37,1.4838434865523964e-37,1.4911948755604687e-37,1.498570505130719e-37,1.5059704151629585e-37,1.5133946455569974e-37,1.520843236212646e-37,1.5283162270297156e-37,1.5358136579080168e-37,1.5433355687473598e-37,1.5508819994475555e-37,1.5584529899084142e-37,1.5660485800297472e-37,1.573668809711365e-37,1.581313718853078e-37,1.588983347354697e-37,1.5966777351160325e-37,1.6043969220368955e-37,1.6121409480170966e-37,1.619909852956446e-37,1.6277036767547548e-37,1.6355224593118332e-37,1.643366240527492e-37,1.651235060301542e-37,1.6591289585337938e-37,1.6670479751240581e-37,1.6749921499721456e-37,1.6829615229778668e-37,1.6909561340410323e-37,1.6989760230614528e-37,1.707021229938939e-37,1.7150917945733014e-37,1.7231877568643506e-37,1.7313091567118977e-37,1.739456034015753e-37,1.7476284286757275e-37,1.7558263805916315e-37,1.7640499296632757e-37,1.7722991157904708e-37,1.7805739788730272e-37,1.788874558810756e-37,1.7972008955034672e-37,1.8055530288509722e-37,1.8139309987530815e-37,1.822334845109605e-37,1.8307646078203545e-37,1.8392203267851402e-37,1.8477020419037724e-37,1.8562097930760622e-37,1.86474362020182e-37,1.8733035631808563e-37,1.881889661912982e-37,1.8905019562980077e-37,1.899140486235744e-37,1.9078052916260017e-37,1.9164964123685913e-37,1.9252138883633236e-37,1.9339577595100097e-37,1.942728065708458e-37,1.951524846858482e-37,1.9603481428598912e-37,1.969197993612496e-37,1.978074439016107e-37,1.986977518970535e-37,1.9959072733755903e-37,2.004863742131085e-37,2.013846965136828e-37,2.0228569822926305e-37,2.0318938334983044e-37,2.040957558653659e-37,2.0500481976585054e-37,2.059165790412654e-37,2.068310376815916e-37,2.0774819967681014e-37,2.0866806901690213e-37,2.0959064969184858e-37,2.1051594569163067e-37,2.1144396100622933e-37,2.1237469962562568e-37,2.1330816553980076e-37,2.1424436273873567e-37,2.1518329521241144e-37,2.1612496695080917e-37,2.1706938194390994e-37,2.1801654418169472e-37,2.1896645765414467e-37,2.199191263512409e-37,2.2087455426296433e-37,2.2183274537929607e-37,2.2279370369021726e-37,2.2375743318570893e-37,2.2472393785575213e-37,2.2569322169032795e-37,2.266652886794174e-37,2.276401428130016e-37,2.286177880810616e-37,2.2959822847357847e-37,2.3058146798053326e-37,2.31567510591907e-37,2.325563602976808e-37,2.335480210878357e-37,2.345424969523528e-37,2.3553979188121316e-37,2.3653990986439784e-37,2.3754285489188784e-37,2.385486309536644e-37,2.395572420397084e-37,2.4056869214000098e-37,2.415829852445232e-37,2.426001253432561e-37,2.4362011642618077e-37,2.446429624832783e-37,2.456686675045297e-37,2.4669723547991616e-37,2.4772867039941855e-37,2.4876297625301806e-37,2.498001570306957e-37,2.5084021672243257e-37,2.518831593182097e-37,2.5292898880800827e-37,2.539777091818092e-37,2.5502932442959362e-37,2.560838385413426e-37,2.5714125550703717e-37,2.5820157931665836e-37,2.5926481396018737e-37,2.6033096342760524e-37,2.614000317088929e-37,2.6247202279403147e-37,2.635469406730021e-37,2.6462478933578575e-37,2.6570557277236355e-37,2.6678929497271652e-37,2.678759599268257e-37,2.6896557162467227e-37,2.7005813405623722e-37,2.711536512115016e-37,2.7225212708044654e-37,2.7335356565305313e-37,2.7445797091930233e-37,2.7556534686917525e-37,2.7667569749265287e-37,2.7778902677971646e-37,2.7890533872034686e-37,2.8002463730452526e-37,2.8114692652223273e-37,2.8227221036345026e-37,2.8340049281815907e-37,2.8453177787634e-37,2.8566606952797435e-37,2.8680337176304296e-37,2.8794368857152707e-37,2.8908702394340764e-37,2.9023338186866576e-37,2.9138276633728255e-37,2.9253518133923902e-37,2.936906308645163e-37,2.9484911890309535e-37,2.9601064944495713e-37,2.9717522648008303e-37,2.9834285399845387e-37,2.9951353599005095e-37,3.00687276444855e-37,3.018640793528473e-37,3.030439487040089e-37,3.0422688848832074e-37,3.0541290269576414e-37,3.0660199531631988e-37,3.077941703399692e-37,3.089894317566932e-37,3.101877835564728e-37,3.113892297292892e-37,3.125937742651233e-37,3.138014211539563e-37,3.1501217438576933e-37,3.1622603795054327e-37,3.174430158382592e-37,3.1866311203889823e-37,3.198863305424416e-37,3.211126753388701e-37,3.22342150418165e-37,3.235747597703074e-37,3.2481050738527807e-37,3.260493972530582e-37,3.27291433363629e-37,3.285366197069715e-37,3.297849602730666e-37,3.310364590518955e-37,3.3229112003343924e-37,3.335489472076789e-37,3.3480994456459552e-37,3.3607411609417017e-37,3.3734146578638387e-37,3.386119976312177e-37,3.398857156186528e-37,3.4116262373867013e-37,3.4244272598125088e-37,3.437260263363761e-37,3.4501252879402667e-37,3.4630223734418393e-37,3.4759515597682873e-37,3.4889128868194214e-37,3.5019063944950535e-37,3.514932122694994e-37,3.5279901113190535e-37,3.541080400267041e-37,3.5542030294387704e-37,3.5673580387340493e-37,3.5805454680526904e-37,3.593765357294503e-37,3.6070177463592983e-37,3.620302675146887e-37,3.6336201835570807e-37,3.646970311489687e-37,3.6603530988445204e-37,3.6737685855213897e-37,3.687216811420104e-37,3.7006978164404767e-37,3.714211640482317e-37,3.7277583234454355e-37,3.7413379052296415e-37,3.75495042573475e-37,3.768595924860568e-37,3.782274442506907e-37,3.795986018573578e-37,3.809730692960391e-37,3.8235085055671565e-37,3.837319496293686e-37,3.85116370503979e-37,3.86504117170528e-37,3.8789519361899646e-37,3.892896038393657e-37,3.906873518216165e-37,3.920884415557302e-37,3.934928770316875e-37,3.949006622394699e-37,3.963118011690582e-37,3.977262978104334e-37,3.991441561535768e-37,4.005653801884692e-37,4.019899739050919e-37,4.034179412934258e-37,4.048492863434522e-37,4.0628401304515195e-37,4.077221253885061e-37,4.091636273634959e-37,4.106085229601023e-37,4.120568161683063e-37,4.135085109780891e-37,4.149636113794316e-37,4.1642212136231506e-37,4.178840449167204e-37,4.193493860326288e-37,4.208181487000212e-37,4.222903369088787e-37,4.2376595464918244e-37,4.2524500591091335e-37,4.267274946840528e-37,4.282134249585815e-37,4.297028007244807e-37,4.311956259717314e-37,4.326919046903146e-37,4.3419164087021155e-37,4.356948385014032e-37,4.372015015738705e-37,4.387116340775947e-37,4.402252400025567e-37,4.4174232333873784e-37,4.432628880761189e-37,4.447869382046811e-37,4.463144777144055e-37,4.478455105952732e-37,4.493800408372651e-37,4.509180724303624e-37,4.524596093645461e-37,4.540046556297972e-37,4.5555321521609685e-37,4.571052921134262e-37,4.5866089031176615e-37,4.602200138010979e-37,4.617826665714025e-37,4.6334885261266095e-37,4.6491857591485436e-37,4.6649184046796395e-37,4.680686502619703e-37,4.696490092868551e-37,4.712329215325987e-37,4.728203909891829e-37,4.744114216465883e-37,4.760060174947963e-37,4.776041825237875e-37,4.7920592072354334e-37,4.808112360840446e-37,4.824201325952727e-37,4.840326142472084e-37,4.8564868502983294e-37,4.872683489331273e-37,4.8889160994707255e-37,4.905184720616499e-37,4.921489392668402e-37,4.937830155526247e-37,4.954207049089843e-37,4.970620113259001e-37,4.987069387933533e-37,5.0035549130132496e-37,5.02007672839796e-37,5.0366348739874755e-37,5.053229389681606e-37,5.069860315380163e-37,5.086527690982959e-37,5.103231556389801e-37,5.119971951500503e-37,5.136748916214872e-37,5.153562490432721e-37,5.170412714053861e-37,5.187299626978101e-37,5.204223269105252e-37,5.2211836803351265e-37,5.238180900567534e-37,5.255214969702284e-37,5.272285927639188e-37,5.2893938142780575e-37,5.306538669518702e-37,5.3237205332609325e-37,5.34093944540456e-37,5.358195445849394e-37,5.375488574495247e-37,5.392818871241928e-37,5.41018637598925e-37,5.42759112863702e-37,5.445033169085051e-37,5.462512537233153e-37,5.480029272981138e-37,5.497583416228816e-37,5.515175006875995e-37,5.53280408482249e-37,5.55047068996811e-37,5.568174862212663e-37,5.5859166414559625e-37,5.603696067597818e-37,5.621513180538041e-37,5.6393680201764425e-37,5.657260626412833e-37,5.675191039147021e-37,5.69315929827882e-37,5.711165443708039e-37,5.729209515334489e-37,5.747291553057979e-37,5.765411596778323e-37,5.78356968639533e-37,5.8017658618088115e-37,5.820000162918576e-37,5.838272629624436e-37,5.856583301826201e-37,5.8749322194236825e-37,5.893319422316692e-37,5.911744950405037e-37,5.93020884358853e-37,5.948711141766983e-37,5.967251884840206e-37,5.9858311127080085e-37,6.004448865270201e-37,6.023105182426596e-37,6.041800104077004e-37,6.0605336701212325e-37,6.079305920459095e-37,6.0981168949904005e-37,6.116966633614962e-37,6.13585517623259e-37,6.1547825627430925e-37,6.173748833046282e-37,6.192754027041968e-37,6.211798184629963e-37,6.230881345710078e-37,6.250003550182119e-37,6.2691648379459025e-37,6.2883652489012345e-37,6.307604822947929e-37,6.326883599985795e-37,6.346201619914644e-37,6.3655589226342845e-37,6.384955548044532e-37,6.404391536045192e-37,6.423866926536077e-37,6.443381759416997e-37,6.462936074587765e-37,6.482529911948187e-37,6.502163311398078e-37,6.521836312837249e-37,6.541548956165507e-37,6.5613012812826655e-37,6.581093328088533e-37,6.600925136482923e-37,6.620796746365644e-37,6.6407081976365074e-37,6.660659530195325e-37,6.680650783941905e-37,6.700681998776058e-37,6.720753214597596e-37,6.740864471306331e-37,8.185629964687056e-10,1.6371232492027663e-09,2.45568066112393e-09,3.2742352808679942e-09,4.09278710849301e-09,4.911336143984004e-09,5.72988243565087e-09,6.548425981193246e-09,7.366966640681629e-09,8.185504557185557e-09,9.00403972831375e-09,9.822572012148435e-09,1.064110155308265e-08,1.1459628348831116e-08,1.2278152257313139e-08,1.3096673374098298e-08,1.3915191749393246e-08,1.4733707377816856e-08,1.5552220119748462e-08,1.637073011880661e-08,1.7189237365574555e-08,1.80077417330144e-08,1.8826243309033424e-08,1.9644742138746887e-08,2.046323813204708e-08,2.1281731383293432e-08,2.210022179400745e-08,2.291870941352291e-08,2.373719429084653e-08,2.4555676424195428e-08,2.5374155670276483e-08,2.6192632173115304e-08,2.7011105837115075e-08,2.7829576758511323e-08,2.8648044840581706e-08,2.9466510183453014e-08,3.0284972683735736e-08,3.110343239320736e-08,3.1921889364927814e-08,3.2740343492852765e-08,3.35587948300906e-08,3.437724342479473e-08,3.519568918072796e-08,3.6014132198075395e-08,3.683257237284363e-08,3.7651009805186823e-08,3.8469444399003804e-08,3.9287876248226097e-08,4.010630535436334e-08,4.092473157699922e-08,4.174315505645695e-08,4.2561575698508944e-08,4.3379993550346406e-08,4.419840865941244e-08,4.501682102638355e-08,4.583523050774072e-08,4.6653637246216115e-08,4.747204114747146e-08,4.829044230524806e-08,4.91088406265419e-08,4.992723621772841e-08,5.074562905562002e-08,5.156401900727902e-08,5.238240621356461e-08,5.3200790680517023e-08,5.401917226289813e-08,5.4837551108610704e-08,5.5655927207442616e-08,5.6474300420819994e-08,5.729267090236275e-08,5.8111038629730386e-08,5.89294034745767e-08,5.974776553001977e-08,6.05661248436507e-08,6.138448141782877e-08,6.220283510520437e-08,6.302118605117666e-08,6.38395342496041e-08,6.46578795692261e-08,6.547622215701492e-08,6.629456198757524e-08,6.711289893981494e-08,6.793123317485498e-08,6.874956454902928e-08,6.956789317840534e-08,7.038621897469467e-08,7.120454198209889e-08,7.202286220063386e-08,7.284117968261821e-08,7.365949441548622e-08,7.447780626769239e-08,7.52961153727768e-08,7.611442173991287e-08,7.693272522617449e-08,7.775102596983436e-08,7.856932387898989e-08,7.93876190450214e-08,8.020591137723807e-08,8.102420095483734e-08,8.184248780180157e-08,8.266077176888113e-08,8.347905294763506e-08,8.429733139009986e-08,8.511560699239356e-08,8.59338798556768e-08,8.675214998746922e-08,8.757041735886383e-08,8.838868180868876e-08,8.92069435180102e-08,9.002520248907491e-08,9.084345871022615e-08,9.166171200820341e-08,9.247996256354255e-08,9.329821037712639e-08,9.411645531162893e-08,9.493469750590192e-08,9.57529368649584e-08,9.657117348308075e-08,9.738940726685399e-08,9.82076383142363e-08,9.902586652286675e-08,9.984409199653718e-08,1.0066231463022218e-07,1.0148053452153977e-07,1.022987516591949e-07,1.031169659306712e-07,1.0393517748269302e-07,1.0475338617959062e-07,1.0557159208926534e-07,1.0638979525581406e-07,1.0720799559116522e-07,1.0802619313938109e-07,1.0884438794759417e-07,1.0966257992170515e-07,1.1048076913165947e-07,1.1129895553182084e-07,1.1211713914506707e-07,1.1293532001933997e-07,1.1375349814623874e-07,1.1457167339897078e-07,1.1538984586491062e-07,1.1620801559094075e-07,1.1702618248351849e-07,1.1784434663447995e-07,1.1866250804467912e-07,1.194806665774504e-07,1.2029882237113032e-07,1.2111697542389446e-07,1.219351255972387e-07,1.227532729841815e-07,1.2357141763468424e-07,1.243895595196071e-07,1.2520769854757253e-07,1.260258347892947e-07,1.2684396828916967e-07,1.276620989585193e-07,1.2848022689314568e-07,1.2929835205339156e-07,1.301164743644818e-07,1.3093459394465702e-07,1.3175271068378414e-07,1.3257082467983357e-07,1.3338893584712938e-07,1.3420704427544922e-07,1.35025149871109e-07,1.3584325268097684e-07,1.366613527051148e-07,1.3747944998942456e-07,1.3829754453522297e-07,1.3911563620239703e-07,1.399337250840027e-07,1.4075181123086835e-07,1.4156989454143903e-07,1.4238797511303428e-07,1.4320605285273866e-07,1.4402412785306454e-07,1.4484220002203983e-07,1.4566026945015867e-07,1.4647833604860243e-07,1.472963998618229e-07,1.4811446093483673e-07,1.4893251926867277e-07,1.4975057472647432e-07,1.5056862745842823e-07,1.513866774334141e-07,1.522047245361379e-07,1.53022768894975e-07,1.538408105189826e-07,1.546588492670121e-07,1.5547688529944183e-07,1.562949185932874e-07,1.5711294898694498e-07,1.57930976660535e-07,1.587490015716493e-07,1.595670236113268e-07,1.603850428664168e-07,1.6120305933695978e-07,1.620210730229932e-07,1.6283908397460074e-07,1.6365709209173341e-07,1.6447509747396849e-07,1.652931000223638e-07,1.661110998547614e-07,1.6692909683457495e-07,1.677470910756888e-07,1.6856508258436044e-07,1.6938307121159396e-07,1.7020105710155295e-07,1.7101904016060024e-07,1.718370204751058e-07,1.7265499796613414e-07,1.7347297272139754e-07,1.7429094464454188e-07,1.7510891385549148e-07,1.7592688021091962e-07,1.767448438304287e-07,1.7756280461830807e-07,1.7838076266985885e-07,1.7919871789032495e-07,1.8001667036804377e-07,1.808346200212752e-07,1.8165256692492526e-07,1.824705111161171e-07,1.8328845241878515e-07,1.8410639094789899e-07,1.849243267704621e-07,1.8574225972291613e-07,1.865601899351867e-07,1.8737811738985065e-07,1.8819604199244562e-07,1.8901396385891298e-07,1.89831882979464e-07,1.9064979923255715e-07,1.91467712751518e-07,1.922856234384736e-07,1.9310353137885682e-07,1.9392143649982948e-07,1.947393388378746e-07,1.9555723839302837e-07,1.963751351653461e-07,1.9719302919976688e-07,1.9801092040648353e-07,1.9882880890123962e-07,1.996466946335656e-07,2.0046457749219924e-07,2.0128245762120365e-07,2.0210033491464366e-07,2.0291820947529351e-07,2.037360812945925e-07,2.04553950240542e-07,2.0537181645263452e-07,2.0618967983378614e-07,2.070075404334112e-07,2.0782539824992243e-07,2.086432533299921e-07,2.094611055820003e-07,2.1027895507897888e-07,2.1109680187286387e-07,2.1191464577864415e-07,2.1273248697310998e-07,2.135503254058882e-07,2.143681609654161e-07,2.1518599375765991e-07,2.160038238125066e-07,2.1682165113055365e-07,2.1763947572012482e-07,2.1845729737029927e-07,2.1927511628326768e-07,2.2009293236999797e-07,2.2091074567507135e-07,2.2172855619851426e-07,2.2254636394036622e-07,2.2336416890066756e-07,2.2418197107945989e-07,2.2499977053855766e-07,2.2581756724205656e-07,2.2663536107653989e-07,2.2745315218181752e-07,2.2827094045366964e-07,2.290887259442173e-07,2.2990650865352802e-07,2.3072428858164218e-07,2.31542065758635e-07,2.3235984012450246e-07,2.3317761175178006e-07,2.339953805555295e-07,2.348131466203891e-07,2.3563090986217783e-07,2.3644867033707033e-07,2.3726642801703165e-07,2.380841829161455e-07,2.3890193507988085e-07,2.3971968450099764e-07,2.405374310578425e-07,2.413551748909592e-07,2.421729158864594e-07,2.42990654149073e-07,2.438083896408314e-07,2.446261222946317e-07,2.454438522113055e-07,2.4626157939125875e-07,2.470793037871798e-07,2.47897025319279e-07,2.4871474411895594e-07,2.4953246018353654e-07,2.5035017337475327e-07,2.511678837839223e-07,2.5198559141475536e-07,2.5280329631685907e-07,2.536209984796996e-07,2.544386978621058e-07,2.5525639437264343e-07,2.5607408815092856e-07,2.5689177910155487e-07,2.577094673172948e-07,2.585271527081826e-07,2.593448353173415e-07,2.6016251531786435e-07,2.609801923693934e-07,2.617978667248292e-07,2.6261553834394204e-07,2.6343320705649594e-07,2.642508730731455e-07,2.650685363534901e-07,2.6588619672743716e-07,2.667038544053443e-07,2.675215093300581e-07,2.6833916136571495e-07,2.691568106821064e-07,2.699744572535574e-07,2.7079210095129746e-07,2.7160974192277235e-07,2.724273800620952e-07,2.7324501548145317e-07,2.7406264819624946e-07,2.748802779982498e-07,2.7569790506354006e-07,2.7651552930751084e-07,2.773331508145821e-07,2.7815076950069676e-07,2.789683854497332e-07,2.7978599857814227e-07,2.8060360896152017e-07,2.814212165323938e-07,2.822388213615489e-07,2.8305642337501874e-07,2.8387402265974453e-07,2.846916191159797e-07,2.8550921280555705e-07,2.863268037047316e-07,2.8714439182540895e-07,2.879619772302026e-07,2.8877955979405147e-07,2.8959713957953e-07,2.9041471662442986e-07,2.912322908533079e-07,2.9204986230394597e-07,2.9286743101899953e-07,2.9368499691326784e-07,2.945025600294088e-07,2.953201204083003e-07,2.961376779683142e-07,2.9695523278723575e-07,2.977727848881892e-07,2.985903341142993e-07,2.99407880562524e-07,3.00225424277376e-07,3.010429652600701e-07,3.0186050348612714e-07,3.0267803882318906e-07,3.034955714226688e-07,3.043131012043978e-07,3.0513062826052323e-07,3.0594815255351467e-07,3.0676567400251195e-07,3.075831927172033e-07,3.0840070869227776e-07,3.092182218088954e-07,3.100357321481503e-07,3.1085323971006577e-07,3.11670744541174e-07,3.124882466372242e-07,3.1330574586736255e-07,3.1412324236610126e-07,3.1494073612636684e-07,3.1575822702508747e-07,3.165757151798367e-07,3.1739320060118743e-07,3.1821068316883847e-07,3.190281629595379e-07,3.1984563997333896e-07,3.2066311421027506e-07,3.2148058567039206e-07,3.2229805435372244e-07,3.2311552026030566e-07,3.239329833901816e-07,3.247504437433892e-07,3.255679013199433e-07,3.263853561199242e-07,3.272028081938773e-07,3.280202574407982e-07,3.288377039621625e-07,3.2965514774035733e-07,3.304725886579826e-07,3.3129002684557466e-07,3.321074622105296e-07,3.3292489484372895e-07,3.3374232465617306e-07,3.345597517404909e-07,3.353771760005955e-07,3.3619459753018566e-07,3.3701201623808035e-07,3.3782943224457177e-07,3.3864684540045803e-07,3.394642558182051e-07,3.402816634272581e-07,3.4109906837901994e-07,3.4191647043126983e-07,3.4273386974898974e-07,3.435512663410184e-07,3.443686600659769e-07,3.4518605107219823e-07,3.4600343933449006e-07,3.468208248625918e-07,3.476382074850506e-07,3.4845558736468333e-07,3.492729645118626e-07,3.5009033892500364e-07,3.5090771044558154e-07,3.5172507922284884e-07,3.525424451927256e-07,3.5335980843099125e-07,3.5417716885032347e-07,3.549945265231209e-07,3.558118813920566e-07,3.566292335166123e-07,3.57446582835328e-07,3.582639294215428e-07,3.590812731901976e-07,3.598986142250266e-07,3.607159524437538e-07,3.6153328792984116e-07,3.623506207298553e-07,3.631679506240071e-07,3.6398527778379774e-07,3.6480260220914953e-07,3.656199239010449e-07,3.6643724269630856e-07,3.672545588116209e-07,3.6807187219554634e-07,3.688891827927546e-07,3.6970649048976e-07,3.705237954517901e-07,3.71341097681797e-07,3.721583970555336e-07,3.729756936952419e-07,3.7379298752031127e-07,3.746102786142345e-07,3.754275668907828e-07,3.76244852471427e-07,3.770621353162372e-07,3.778794153963504e-07,3.7869669257638706e-07,3.7951396703133316e-07,3.803312386633429e-07,3.811485075500537e-07,3.819657736341915e-07,3.827830369729298e-07,3.836002975093586e-07,3.8441755530901114e-07,3.852348102978839e-07,3.8605206253776206e-07,3.868693119792359e-07,3.876865586291248e-07,3.8850380259851956e-07,3.8932104371917536e-07,3.901382820988828e-07,3.909555176725524e-07,3.91772750524253e-07,3.9258998063726765e-07,3.9340720789071e-07,3.942244324160491e-07,3.95041654135593e-07,3.958588730691868e-07,3.9667608922956846e-07,3.974933026615024e-07,3.983105133307712e-07,3.9912772117181756e-07,3.999449262397597e-07,4.0076212853469006e-07,4.015793281292203e-07,4.023965249545886e-07,4.0321371893092834e-07,4.040309101342049e-07,4.0484809856468326e-07,4.0566528422236886e-07,4.064824671073133e-07,4.072996472525629e-07,4.08116824666622e-07,4.089339992336065e-07,4.097511710280019e-07,4.105683401152931e-07,4.113855063646314e-07,4.122026698911072e-07,4.1301983059557776e-07,4.1383698857074195e-07,4.146541438297946e-07,4.154712962172316e-07,4.1628844583240125e-07,4.1710559272219544e-07,4.179227367929557e-07,4.187398781372187e-07,4.195570166637251e-07,4.2037415246665737e-07,4.211912855290553e-07,4.220084157394739e-07,4.228255431779413e-07,4.236426678793487e-07,4.244597898546911e-07,4.2527690897754104e-07,4.260940253722475e-07,4.2691113895154067e-07,4.2772824979811254e-07,4.285453578340271e-07,4.2936246313731877e-07,4.301795657090251e-07,4.309966654301438e-07,4.3181376242413845e-07,4.3263085660225897e-07,4.3344794806329726e-07,4.3426503680372233e-07,4.3508212266765405e-07,4.3589920576203584e-07,4.3671628608331436e-07,4.375333636807462e-07,4.383504385283571e-07,4.3916751053605507e-07,4.3998457981561315e-07,4.408016462810972e-07,4.4161871002355904e-07,4.4243577094698177e-07,4.4325282909944267e-07,4.4406988458801777e-07,4.4488693729111285e-07,4.457039871309132e-07,4.465210342888826e-07,4.473380786615737e-07,4.481551201890357e-07,4.4897215894581083e-07,4.4978919493193307e-07,4.5060622814744e-07,4.5142325863431223e-07,4.522402863917367e-07,4.5305731129571286e-07,4.5387433347036986e-07,4.546913528333907e-07,4.5550836942602887e-07,4.563253832688808e-07,4.5714239439522195e-07,4.5795940267695594e-07,4.587764082342996e-07,4.5959341097562423e-07,4.6041041096765063e-07,4.6122740822962336e-07,4.6204440266063414e-07,4.628613943216195e-07,4.6367838325378197e-07,4.6449536945697395e-07,4.653123528081232e-07,4.6612933343072236e-07,4.6694631124214236e-07,4.6776328628379236e-07,4.685802585556917e-07,4.6939722805787846e-07,4.702141947903911e-07,4.7103115885002167e-07,4.7184812004329846e-07,4.7266507850043754e-07,4.734820341546496e-07,4.742989870825547e-07,4.7511593719786225e-07,4.7593288460182684e-07,4.767498291783701e-07,4.775667710281602e-07,4.783837100660983e-07,4.792006463909579e-07,4.800175799721685e-07,4.808345107024967e-07,4.816514387051546e-07,4.824683640216515e-07,4.832852864447246e-07,4.841022061517525e-07,4.849191231335631e-07,4.857360372497393e-07,4.865529486432506e-07,4.873698572217605e-07,4.881867630815824e-07,4.890036661889875e-07,4.898205665672656e-07,4.906374640706998e-07,4.914543589143255e-07,4.922712508804943e-07,4.930881401070832e-07,4.939050266176681e-07,4.947219102782299e-07,4.955387911703349e-07,4.96355669358311e-07,4.971725447136153e-07,4.979894174116498e-07,4.988062873189825e-07,4.99623154369381e-07,5.004400187157774e-07,5.012568802297738e-07,5.020737390743916e-07,5.028905951426291e-07,5.03707448352327e-07,5.045242988240231e-07,5.053411464977071e-07,5.061579914034446e-07,5.069748335609336e-07,5.077916729308959e-07,5.08608509533026e-07,5.094253434041173e-07,5.102421744707095e-07,5.110590027695811e-07,5.11875828300791e-07,5.12692651064368e-07,5.135094711071865e-07,5.14326288486002e-07,5.151431029993399e-07,5.159599146927771e-07,5.167767235797654e-07,5.175935296949275e-07,5.184103330861729e-07,5.192271338969419e-07,5.200439317785611e-07,5.208607268679664e-07,5.216775191432974e-07,5.224943087039028e-07,5.233110954918219e-07,5.241278795126548e-07,5.249446608103662e-07,5.257614392971457e-07,5.265782151440223e-07,5.273949881780407e-07,5.282117583640427e-07,5.290285258219146e-07,5.298452904742619e-07,5.306620523598338e-07,5.314788115123976e-07,5.322955678645451e-07,5.33112321475326e-07,5.339290723291274e-07,5.347458203814837e-07,5.35562565733259e-07,5.363793082525453e-07,5.3719604802633e-07,5.380127850127268e-07,5.388295192327612e-07,5.396462507294913e-07,5.404629794168878e-07,5.412797053380188e-07,5.42096428547297e-07,5.429131489360302e-07,5.437298665586288e-07,5.445465814693513e-07,5.453632935598064e-07,5.461800029512272e-07,5.469967096319289e-07,5.478134134244039e-07,5.486301144933417e-07,5.494468127540321e-07,5.502635082922537e-07,5.51080201104966e-07,5.518968910682836e-07,5.52713578308215e-07,5.535302627401515e-07,5.543469444507857e-07,5.551636234343882e-07,5.559802995695426e-07,5.567969730073044e-07,5.576136437196073e-07,5.5843031170499e-07,5.592469767783185e-07,5.600636391253634e-07,5.60880298747214e-07,5.616969556424133e-07,5.625136096545431e-07,5.633302609319146e-07,5.64146909484303e-07,5.649635552890057e-07,5.657801982405581e-07,5.665968384794933e-07,5.67413475993392e-07,5.682301107814846e-07,5.690467426730956e-07,5.698633718670167e-07,5.706799983086136e-07,5.71496621905707e-07,5.723132428876974e-07,5.731298610481784e-07,5.739464763510422e-07,5.747630888911684e-07,5.755796986647699e-07,5.763963056915076e-07,5.772129100144039e-07,5.780295114943959e-07,5.788461102540899e-07,5.796627062835898e-07,5.804792994703328e-07,5.812958899271378e-07,5.821124776233738e-07,5.829290625172133e-07,5.837456445425544e-07,5.845622239685945e-07,5.853788005698687e-07,5.861953743814456e-07,5.870119454380811e-07,5.878285138704023e-07,5.88645079352674e-07,5.894616422151977e-07,5.902782023265422e-07,5.910947595799222e-07,5.91911314114999e-07,5.927278658636561e-07,5.935444148256547e-07,5.943609610489199e-07,5.95177504483533e-07,5.959940451866909e-07,5.968105831702644e-07,5.976271184279449e-07,5.984436508082634e-07,5.992601804509387e-07,6.000767073043374e-07,6.008932314277002e-07,6.017097527543422e-07,6.025262713541751e-07,6.033427873348329e-07,6.041593004779074e-07,6.049758107514245e-07,6.057923183045679e-07,6.06608823148529e-07,6.07425325237346e-07,6.082418244585106e-07,6.090583210327734e-07,6.098748147279024e-07,6.106913056951552e-07,6.115077938645424e-07,6.123242793120786e-07,6.13140761955793e-07,6.139572418817547e-07,6.147737189999591e-07,6.155901933714276e-07,6.164066649642765e-07,6.172231338273432e-07,6.180395998950087e-07,6.188560632277903e-07,6.196725237704174e-07,6.204889815505862e-07,6.213054366040555e-07,6.221218889439297e-07,6.229383384369546e-07,6.237547851372034e-07,6.245712291056518e-07,6.253876703449209e-07,6.262041087889615e-07,6.270205445464613e-07,6.278369775498877e-07,6.286534077076164e-07,6.294698351301224e-07,6.3028625976964e-07,6.311026816414212e-07,6.319191007923018e-07,6.327355172028313e-07,6.335519307889653e-07,6.343683416499721e-07,6.351847497125671e-07,6.360011550697379e-07,6.368175576089398e-07,6.376339574250754e-07,6.384503545242676e-07,6.392667487786766e-07,6.400831403217006e-07,6.408995290531095e-07,6.417159150753367e-07,6.425322982839014e-07,6.433486787557084e-07,6.441650564416328e-07,6.449814314068042e-07,6.457978036433896e-07,6.466141730455306e-07,6.474305397068778e-07,6.482469036936313e-07,6.490632648123719e-07,6.498796231974452e-07,6.506959787941414e-07,6.515123316298649e-07,6.523286817512462e-07,6.531450291452591e-07,6.539613738120258e-07,6.547777156042553e-07,6.555940546844677e-07,6.564103910293862e-07,6.572267245393942e-07,6.580430553825041e-07,6.588593835034843e-07,6.596757087316538e-07,6.604920312204677e-07,6.613083509880785e-07,6.621246678663497e-07,6.629409820525774e-07,6.63757293523262e-07,6.645736021887611e-07,6.653899079725901e-07,6.662062112000105e-07,6.670225115846949e-07,6.678388092501764e-07,6.68655104114525e-07,6.694713962599122e-07,6.702876856865293e-07,6.711039722706718e-07,6.719202561087452e-07,6.727365372544418e-07,6.735528155587261e-07,6.743690911715343e-07,6.751853639561152e-07,6.760016340496666e-07,6.768179013146795e-07,6.776341658865783e-07,6.784504276884763e-07,6.792666868137502e-07,6.800829430401495e-07,6.808991964930499e-07,6.8171544730672e-07,6.825316952545131e-07,6.833479405150058e-07,6.841641830148469e-07,6.84980422684422e-07,6.857966595567833e-07,6.866128937732274e-07,6.874291251649346e-07,6.882453537974313e-07,6.890615796707594e-07,6.898778028251921e-07,6.90694023226055e-07,6.91510240822105e-07,6.92326455651385e-07,6.931426678433107e-07,6.939588771624262e-07,6.947750837627855e-07,6.95591287564145e-07,6.964074888014165e-07,6.972236870851682e-07,6.980398826381751e-07,6.988560754045167e-07,6.996722654461506e-07,7.004884530084709e-07,7.013046374989108e-07,7.021208192644011e-07,7.029369982377882e-07,7.037531744922627e-07,7.0456934794869e-07,7.053855186633786e-07,7.062016866793931e-07,7.070178518608254e-07,7.078340143265215e-07,7.086501740806262e-07,7.094663309873655e-07,7.102824851834208e-07,7.11098636659155e-07,7.119147852915469e-07,7.127309312166273e-07,7.135470743329819e-07,7.143632147402206e-07,7.151793523406962e-07,7.1599548719279e-07,7.1681161927754e-07,7.176277486365856e-07,7.184438752654145e-07,7.192599990768755e-07,7.200761201504358e-07,7.20892238524948e-07,7.217083540634679e-07,7.225244668844327e-07,7.233405769850621e-07,7.241566842509644e-07,7.249727888062745e-07,7.25788890557345e-07,7.266049895841241e-07,7.274210859264843e-07,7.282371794055513e-07,7.29053270010501e-07,7.298693580529763e-07,7.306854432603925e-07,7.315015257558429e-07,7.323176054490572e-07,7.331336824180962e-07,7.339497566659773e-07,7.347658280880959e-07,7.355818967932189e-07,7.363979627803799e-07,7.372140260295125e-07,7.380300864240867e-07,7.388461440971997e-07,7.39662198978242e-07,7.404782511419959e-07,7.412943005716628e-07,7.421103471826988e-07,7.429263910671695e-07,7.437424322948381e-07,7.445584706362167e-07,7.453745061654265e-07,7.461905390931724e-07,7.470065691652404e-07,7.478225965254172e-07,7.486386211908534e-07,7.494546429939764e-07,7.502706620850985e-07,7.510866785001102e-07,7.519026920346329e-07,7.527187028410329e-07,7.535347109583895e-07,7.54350716224659e-07,7.551667187176751e-07,7.559827186211158e-07,7.567987157081172e-07,7.576147099505938e-07,7.584307014525995e-07,7.59246690183423e-07,7.600626761732824e-07,7.608786594449709e-07,7.616946399967953e-07,7.625106177047752e-07,7.633265926730972e-07,7.641425649245158e-07,7.64958534455287e-07,7.657745011410427e-07,7.665904650705764e-07,7.674064264969433e-07,7.682223852066421e-07,7.690383409956636e-07,7.698542939045194e-07,7.706702441508744e-07,7.714861915880171e-07,7.723021362873714e-07,7.731180781754028e-07,7.739340174512793e-07,7.747499539350011e-07,7.75565887557833e-07,7.763818186471569e-07,7.771977468384966e-07,7.780136721964769e-07,7.788295947592877e-07,7.796455146806724e-07,7.804614317741422e-07,7.812773461615889e-07,7.820932577456001e-07,7.829091665806139e-07,7.83725072727964e-07,7.845409760480616e-07,7.853568765022435e-07,7.861727743132602e-07,7.869886693999931e-07,7.878045617547606e-07,7.886204513909486e-07,7.894363381842747e-07,7.902522224526789e-07,7.910681040016311e-07,7.918839826234831e-07,7.926998583997402e-07,7.935157314457928e-07,7.943316017677586e-07,7.951474693852691e-07,7.959633341450824e-07,7.96779196189464e-07,7.975950554412897e-07,7.984109119632487e-07,7.992267657072463e-07,8.000426168531826e-07,8.008584651049505e-07,8.016743105875036e-07,8.02490153400876e-07,8.033059934579435e-07,8.041218306794092e-07,8.049376650657111e-07,8.057534968363053e-07,8.065693257970186e-07,8.073851519689064e-07,8.082009754226008e-07,8.09016796151835e-07,8.098326141924061e-07,8.106484293859613e-07,8.11464241864799e-07,8.122800519469082e-07,8.130958588806679e-07,8.139116629845367e-07,8.147274644222845e-07,8.1554326340421e-07,8.163590593254123e-07,8.171748527418196e-07,8.171748527437848e-07,8.171748527457499e-07,8.171748527477148e-07,8.171748527496798e-07,8.171748527516434e-07,8.171748527536091e-07,8.171748527555743e-07,8.171748527575394e-07,8.171748527595046e-07,8.171748527614698e-07,8.171748527634355e-07,8.17174852765401e-07,8.171748527673665e-07,8.171748527693321e-07,8.171748527712977e-07,8.171748527732637e-07,8.171748527752296e-07,8.171748527771956e-07,8.17174852779162e-07,8.171748527811284e-07,8.171748527830951e-07,8.17174852785062e-07,8.171748527870285e-07,8.171748527889959e-07,8.171748527909629e-07,8.1717485279293e-07,8.171748527948969e-07,8.171748527968642e-07,8.171748527988319e-07,8.171748528007996e-07,8.171748528027672e-07,8.171748528047352e-07,8.171748528067034e-07,8.171748528086717e-07,8.1717485281064e-07,8.171748528126087e-07,8.171748528145774e-07,8.171748528165461e-07,8.171748528185148e-07,8.17174852820484e-07,8.171748528224528e-07,8.171748528244219e-07,8.171748528263912e-07,8.171748528283608e-07,8.171748528303303e-07,8.171748528322999e-07,8.171748528342696e-07,8.171748528362394e-07,8.171748528382095e-07,8.171748528401795e-07,8.171748528421496e-07,8.1717485284412e-07,8.171748528460904e-07,8.171748528480613e-07,8.17174852850032e-07,8.171748528520027e-07,8.171748528539737e-07,8.17174852855945e-07,8.171748528579161e-07,8.17174852859887e-07,8.171748528618587e-07,8.171748528638304e-07,8.171748528658023e-07,8.17174852867774e-07,8.171748528697456e-07,8.171748528717177e-07,8.171748528736897e-07,8.171748528756621e-07,8.171748528776338e-07,8.171748528796063e-07,8.171748528815785e-07,8.171748528835512e-07,8.171748528855236e-07,8.171748528874963e-07,8.17174852889469e-07,8.17174852891442e-07,8.171748528934149e-07,8.171748528953881e-07,8.171748528973613e-07,8.171748528993351e-07,8.171748529013086e-07,8.171748529032824e-07,8.171748529052563e-07,8.171748529072301e-07,8.17174852909204e-07,8.171748529111783e-07,8.171748529131523e-07,8.171748529151267e-07,8.17174852917101e-07,8.171748529190759e-07,8.171748529210504e-07,8.171748529230251e-07,8.171748529250001e-07,8.171748529269755e-07,8.171748529289506e-07,8.171748529309258e-07,8.17174852932901e-07,8.171748529348766e-07,8.171748529368521e-07,8.171748529388281e-07,8.171748529408041e-07,8.171748529427798e-07,8.171748529447561e-07,8.171748529467322e-07,8.171748529487087e-07,8.171748529506851e-07,8.171748529526618e-07,8.171748529546385e-07,8.171748529566151e-07,8.17174852958592e-07,8.171748529605691e-07,8.171748529625464e-07,8.171748529645235e-07,8.171748529665007e-07,8.171748529684783e-07,8.171748529704562e-07,8.171748529724339e-07,8.171748529744116e-07,8.171748529763896e-07,8.171748529783677e-07,8.171748529803458e-07,8.17174852982324e-07,8.171748529843025e-07,8.17174852986281e-07,8.171748529882594e-07,8.171748529902379e-07,8.171748529922166e-07,8.171748529941956e-07,8.171748529961744e-07,8.171748529981534e-07,8.171748530001328e-07,8.171748530021121e-07,8.171748530040916e-07,8.171748530060711e-07,8.171748530080509e-07,8.171748530100306e-07,8.171748530120104e-07,8.171748530139903e-07,8.171748530159705e-07,8.171748530179506e-07,8.17174853019931e-07,8.171748530219114e-07,8.171748530238917e-07,8.171748530258724e-07,8.171748530278532e-07,8.171748530298339e-07,8.171748530318149e-07,8.171748530337923e-07,8.171748530357737e-07,8.171748530377548e-07,8.171748530397365e-07,8.171748530417178e-07,8.171748530436992e-07,8.171748530456813e-07,8.171748530476629e-07,8.171748530496445e-07,8.171748530516268e-07,8.17174853053609e-07,8.171748530555913e-07,8.171748530575735e-07,8.17174853059556e-07,8.171748530615388e-07,8.171748530635213e-07,8.171748530655042e-07,8.171748530674873e-07,8.171748530694702e-07,8.171748530714532e-07,8.171748530734363e-07,8.171748530754197e-07,8.171748530774032e-07,8.171748530793866e-07,8.171748530813704e-07,8.17174853083354e-07,8.171748530853378e-07,8.171748530873215e-07,8.171748530893058e-07,8.171748530912899e-07,8.171748530932739e-07,8.171748530952584e-07,8.171748530972427e-07,8.171748530992273e-07,8.171748531012119e-07,8.171748531031964e-07,8.171748531051816e-07,8.171748531071664e-07,8.171748531091474e-07,8.171748531111326e-07,8.171748531131178e-07,8.171748531151033e-07,8.171748531170891e-07,8.171748531190748e-07,8.171748531210607e-07,8.171748531230463e-07,8.171748531250323e-07,8.171748531270183e-07,8.171748531290044e-07,8.171748531309906e-07,8.171748531329767e-07,8.171748531349631e-07,8.171748531369498e-07,8.171748531389367e-07,8.171748531409238e-07,8.171748531429106e-07,8.171748531448974e-07,8.171748531468844e-07,8.171748531488717e-07,8.171748531508588e-07,8.171748531528464e-07,8.171748531548335e-07,8.171748531568212e-07,8.171748531588089e-07,8.171748531607965e-07,8.171748531627844e-07,8.171748531647723e-07,8.171748531667604e-07,8.171748531687483e-07,8.171748531707365e-07,8.171748531727249e-07,8.171748531747133e-07,8.171748531767019e-07,8.171748531786905e-07,8.17174853180679e-07,8.171748531826683e-07,8.171748531846573e-07,8.171748531866464e-07,8.171748531886358e-07,8.171748531906249e-07,8.171748531926142e-07,8.171748531946038e-07,8.171748531965935e-07,8.171748531985833e-07,8.171748532005729e-07,8.171748532025589e-07,8.171748532045487e-07,8.171748532065387e-07,8.171748532085291e-07,8.171748532105193e-07,8.171748532125097e-07,8.171748532145002e-07,8.171748532164907e-07,8.171748532184814e-07,8.171748532204723e-07,8.171748532224629e-07,8.17174853224454e-07,8.171748532264449e-07,8.171748532284361e-07,8.171748532304277e-07,8.17174853232419e-07,8.171748532344106e-07,8.171748532364024e-07,8.171748532383941e-07,8.171748532403859e-07,8.171748532423778e-07,8.171748532443697e-07,8.17174853246362e-07,8.171748532483541e-07,8.171748532503462e-07,8.17174853252339e-07,8.171748532543313e-07,8.17174853256324e-07,8.171748532583166e-07,8.171748532603092e-07,8.171748532623025e-07,8.171748532642953e-07,8.171748532662885e-07,8.171748532682816e-07,8.171748532702747e-07,8.171748532722683e-07,8.171748532742619e-07,8.171748532762555e-07,8.171748532782489e-07,8.171748532802388e-07,8.171748532822329e-07,8.171748532842229e-07,8.171748532862169e-07,8.171748532882111e-07,8.171748532902052e-07,8.171748532921995e-07,8.171748532941937e-07,8.171748532961885e-07,8.171748532981834e-07,8.171748533001779e-07,8.171748533021728e-07,8.171748533041676e-07,8.171748533061626e-07,8.171748533081576e-07,8.17174853310153e-07,8.171748533121482e-07,8.171748533141433e-07,8.171748533161388e-07,8.171748533181344e-07,8.1717485332013e-07,8.171748533221258e-07,8.171748533241216e-07,8.171748533261177e-07,8.171748533281137e-07,8.1717485333011e-07,8.171748533321061e-07,8.171748533341024e-07,8.171748533360987e-07,8.171748533380954e-07,8.171748533400921e-07,8.171748533420889e-07,8.171748533440858e-07,8.171748533460826e-07,8.171748533480798e-07,8.171748533500766e-07,8.171748533520635e-07,8.171748533540504e-07,8.171748533560477e-07,8.171748533580346e-07,8.171748533600322e-07,8.171748533620195e-07,8.171748533640071e-07,8.171748533660014e-07,8.171748533679893e-07,8.171748533699769e-07,8.171748533719714e-07,8.171748533739658e-07,8.171748533759541e-07,8.171748533779423e-07,8.171748533799304e-07,8.171748533819189e-07,8.171748533839074e-07,8.17174853385896e-07,8.171748533878847e-07,8.171748533898734e-07,8.171748533918624e-07,8.171748533938513e-07,8.171748533958401e-07,8.171748533978293e-07,8.171748533998185e-07,8.171748534018076e-07,8.17174853403797e-07,8.171748534057863e-07,8.171748534077826e-07,8.171748534097728e-07,8.171748534117623e-07,8.171748534137522e-07,8.171748534157422e-07,8.171748534177322e-07,8.171748534197225e-07,8.171748534217126e-07,8.171748534237032e-07,8.171748534256936e-07,8.171748534276841e-07,8.171748534296748e-07,8.171748534316657e-07,8.171748534336565e-07,8.171748534356476e-07,8.171748534376386e-07,8.1717485343963e-07,8.171748534416214e-07,8.171748534436127e-07,8.171748534456041e-07,8.171748534475956e-07,8.171748534495872e-07,8.17174853451579e-07,8.171748534535709e-07,8.171748534555629e-07,8.171748534575553e-07,8.171748534595469e-07,8.171748534615454e-07,8.171748534635378e-07,8.171748534655303e-07,8.171748534675225e-07,8.17174853469515e-07,8.171748534715076e-07,8.171748534735002e-07,8.171748534754931e-07,8.171748534774864e-07,8.171748534794789e-07,8.171748534814725e-07,8.171748534834659e-07,8.171748534854591e-07,8.171748534874527e-07,8.171748534894464e-07,8.1717485349144e-07,8.171748534934337e-07,8.171748534954275e-07,8.171748534974215e-07,8.171748534994155e-07,8.171748535014092e-07,8.171748535034036e-07,8.171748535053977e-07,8.171748535073925e-07,8.171748535093869e-07,8.171748535113816e-07,8.171748535133761e-07,8.171748535153771e-07,8.17174853517372e-07,8.171748535193668e-07,8.171748535213619e-07,8.17174853523357e-07,8.171748535253522e-07,8.171748535273475e-07,8.171748535293487e-07,8.17174853531344e-07,8.171748535333399e-07,8.171748535353354e-07,8.171748535373313e-07,8.17174853539327e-07,8.17174853541323e-07,8.171748535433192e-07,8.171748535453154e-07,8.171748535473114e-07,8.171748535493141e-07,8.171748535513105e-07,8.171748535533068e-07,8.171748535553037e-07,8.171748535573001e-07,8.171748535592969e-07,8.171748535612939e-07,8.171748535632974e-07,8.171748535653008e-07,8.171748535672983e-07,8.171748535692952e-07,8.171748535712926e-07,8.1717485357329e-07,8.171748535752874e-07,8.171748535772853e-07,8.171748535792829e-07,8.171748535812806e-07,8.171748535832786e-07,8.171748535852766e-07,8.171748535872749e-07,8.17174853589273e-07,8.171748535912713e-07,8.171748535932696e-07,8.17174853595268e-07,8.171748535972668e-07,8.171748535992655e-07,8.17174853601264e-07,8.17174853603263e-07,8.171748536052617e-07,8.171748536072608e-07,8.1717485360926e-07,8.171748536112595e-07,8.171748536132588e-07,8.171748536152579e-07,8.171748536172574e-07,8.171748536192568e-07,8.171748536212566e-07,8.171748536232563e-07,8.171748536252559e-07,8.171748536272558e-07,8.171748536292558e-07,8.17174853631256e-07,8.171748536332559e-07,8.171748536352558e-07,8.171748536372564e-07,8.17174853639257e-07,8.171748536412575e-07,8.171748536432582e-07,8.171748536452587e-07,8.171748536472595e-07,8.171748536492604e-07,8.171748536512615e-07,8.171748536532628e-07,8.171748536552637e-07,8.171748536572649e-07,8.171748536592663e-07,8.171748536612676e-07,8.171748536632692e-07,8.17174853665277e-07,8.171748536672789e-07,8.171748536692805e-07,8.17174853671282e-07,8.171748536732843e-07,8.171748536752864e-07,8.171748536772882e-07,8.171748536792905e-07,8.171748536812929e-07,8.171748536832952e-07,8.171748536852975e-07,8.171748536873e-07,8.171748536893026e-07,8.171748536913054e-07,8.171748536933083e-07,8.171748536953111e-07,8.17174853697314e-07,8.171748536993171e-07,8.171748537013202e-07,8.171748537033234e-07,8.171748537053333e-07,8.171748537073432e-07,8.17174853709353e-07,8.17174853711363e-07,8.171748537133734e-07,8.171748537153835e-07,8.171748537173937e-07,8.17174853719404e-07,8.171748537214146e-07,8.171748537234249e-07,8.171748537254354e-07,8.171748537274458e-07,8.171748537294564e-07,8.171748537314674e-07,8.171748537334784e-07,8.17174853735489e-07,8.171748537375003e-07,8.171748537395113e-07,8.171748537415226e-07,8.171748537435339e-07,8.171748537455454e-07,8.17174853747557e-07,8.171748537495685e-07,8.171748537515801e-07,8.171748537535918e-07,8.171748537556036e-07,8.171748537576151e-07,8.171748537596268e-07,8.171748537616387e-07,8.171748537636504e-07,8.171748537656625e-07,8.17174853767675e-07,8.17174853769687e-07,8.171748537716996e-07,8.171748537737121e-07,8.171748537757245e-07,8.171748537777373e-07,8.171748537797498e-07,8.171748537817627e-07,8.171748537837757e-07,8.171748537857885e-07,8.171748537878018e-07,8.171748537898152e-07,8.171748537918282e-07,8.171748537938415e-07,8.171748537958547e-07,8.171748537978682e-07,8.171748537998816e-07,8.171748538018951e-07,8.171748538039085e-07,8.171748538059221e-07,8.17174853807936e-07,8.171748538099497e-07,8.171748538119635e-07,8.171748538139776e-07,8.171748538159914e-07,8.171748538180056e-07,8.171748538200194e-07,8.171748538220336e-07,8.171748538240481e-07,8.171748538260623e-07,8.171748538280773e-07,8.17174853830092e-07,8.171748538321067e-07,8.171748538341218e-07,8.171748538361361e-07,8.171748538381509e-07,8.171748538401661e-07,8.171748538421811e-07,8.171748538441964e-07,8.171748538462118e-07,8.171748538482273e-07,8.171748538502427e-07,8.171748538522584e-07,8.171748538542742e-07,8.1717485385629e-07,8.171748538583057e-07,8.171748538603217e-07,8.171748538623378e-07,8.17174853864354e-07,8.171748538663703e-07,8.171748538683865e-07,8.171748538704027e-07,8.17174853872419e-07,8.171748538744359e-07,8.171748538764521e-07,8.171748538784686e-07,8.171748538804849e-07,8.171748538825014e-07,8.171748538845178e-07,8.171748538865349e-07,8.171748538885518e-07,8.171748538905687e-07,8.171748538925858e-07,8.171748538946033e-07,8.171748538966205e-07,8.17174853898638e-07,8.171748539006556e-07,8.171748539026731e-07,8.171748539046909e-07,8.171748539067085e-07,8.17174853908726e-07,8.17174853910744e-07,8.171748539127617e-07,8.171748539147795e-07,8.171748539167974e-07,8.171748539188158e-07,8.171748539208339e-07,8.17174853922852e-07,8.171748539248704e-07,8.171748539268888e-07,8.171748539289072e-07,8.171748539309261e-07,8.171748539329447e-07,8.171748539349634e-07,8.171748539369822e-07,8.171748539390012e-07,8.1717485394102e-07,8.171748539430389e-07,8.171748539450578e-07,8.171748539470773e-07,8.171748539490964e-07,8.171748539511162e-07,8.171748539531358e-07,8.171748539551553e-07,8.171748539571749e-07,8.171748539591946e-07,8.171748539612142e-07,8.171748539632339e-07,8.171748539652541e-07,8.171748539672738e-07,8.171748539692936e-07,8.171748539713138e-07,8.17174853973334e-07,8.171748539753542e-07,8.171748539773743e-07,8.171748539793949e-07,8.171748539814154e-07,8.171748539834361e-07,8.171748539854565e-07,8.171748539874772e-07,8.17174853989498e-07,8.171748539915189e-07,8.171748539935397e-07,8.171748539955605e-07,8.171748539975814e-07,8.171748539996025e-07,8.171748540016238e-07,8.17174854003645e-07,8.171748540056663e-07,8.171748540076877e-07,8.171748540097089e-07,8.171748540117306e-07,8.171748540137521e-07,8.171748540157738e-07,8.17174854017796e-07,8.171748540198177e-07,8.171748540218397e-07,8.171748540238613e-07,8.171748540258835e-07,8.171748540279056e-07,8.171748540299277e-07,8.171748540319503e-07,8.171748540339725e-07,8.171748540359949e-07,8.171748540380172e-07,8.171748540400401e-07,8.171748540420626e-07,8.171748540440853e-07,8.171748540461082e-07,8.171748540481311e-07,8.17174854050154e-07,8.171748540521771e-07,8.171748540542003e-07,8.171748540562234e-07,8.171748540582467e-07,8.1717485406027e-07,8.171748540622935e-07,8.171748540643169e-07,8.171748540663406e-07,8.171748540683642e-07,8.17174854070388e-07,8.171748540724118e-07,8.171748540744356e-07,8.171748540764596e-07,8.171748540784836e-07,8.171748540805078e-07,8.171748540825319e-07,8.171748540845563e-07,8.171748540865806e-07,8.171748540886051e-07,8.171748540906294e-07,8.171748540926538e-07,8.171748540946784e-07,8.17174854096703e-07,8.171748540987275e-07,8.171748541007522e-07,8.171748541027772e-07,8.171748541048022e-07,8.171748541068273e-07,8.171748541088523e-07,8.171748541108775e-07,8.171748541129026e-07,8.171748541149278e-07,8.171748541169534e-07,8.171748541189788e-07,8.17174854121004e-07,8.171748541230298e-07,8.171748541250555e-07,8.171748541270809e-07,8.171748541291068e-07,8.171748541311326e-07,8.171748541331583e-07,8.171748541351843e-07,8.171748541372104e-07,8.171748541392364e-07,8.171748541412622e-07,8.171748541432888e-07,8.171748541453151e-07,8.171748541473414e-07,8.171748541493677e-07,8.171748541513944e-07,8.17174854153421e-07,8.171748541554476e-07,8.171748541574743e-07,8.171748541595012e-07,8.171748541615282e-07,8.171748541635551e-07,8.17174854165582e-07,8.171748541676093e-07,8.171748541696364e-07,8.17174854171664e-07,8.171748541736911e-07,8.171748541757188e-07,8.171748541777461e-07,8.171748541797737e-07,8.171748541818014e-07,8.171748541838292e-07,8.171748541858569e-07,8.171748541878846e-07,8.171748541899124e-07,8.171748541919407e-07,8.171748541939685e-07,8.171748541959965e-07,8.171748541980247e-07,8.17174854200053e-07,8.171748542020812e-07,8.171748542041098e-07,8.171748542061381e-07,8.171748542081666e-07,8.171748542101954e-07,8.17174854212224e-07,8.17174854214253e-07,8.171748542162817e-07,8.171748542183107e-07,8.171748542203397e-07,8.171748542223687e-07,8.171748542243975e-07,8.171748542264267e-07,8.171748542284556e-07,8.17174854230485e-07,8.171748542325142e-07,8.171748542345437e-07,8.171748542365732e-07,8.171748542386024e-07,8.171748542406321e-07,8.171748542426616e-07,8.171748542446915e-07,8.17174854246721e-07,8.171748542487508e-07,8.171748542507809e-07,8.171748542528109e-07,8.171748542548408e-07,8.17174854256871e-07,8.17174854258901e-07,8.171748542609313e-07,8.171748542629618e-07,8.171748542649923e-07,8.17174854267023e-07,8.171748542690531e-07,8.171748542710836e-07,8.171748542731145e-07,8.171748542751451e-07,8.17174854277176e-07,8.171748542792067e-07,8.171748542812375e-07,8.171748542832686e-07,8.171748542852996e-07,8.171748542873306e-07,8.17174854289362e-07,8.171748542913929e-07,8.171748542934244e-07,8.171748542954557e-07,8.171748542974872e-07,8.171748542995187e-07,8.171748543015501e-07,8.171748543035816e-07,8.171748543056137e-07,8.171748543076455e-07,8.171748543096772e-07,8.171748543117091e-07,8.171748543137413e-07,8.17174854315773e-07,8.171748543178051e-07,8.171748543198373e-07,8.171748543218696e-07,8.171748543239023e-07,8.171748543259343e-07,8.17174854327967e-07,8.171748543299996e-07,8.17174854332032e-07,8.171748543340646e-07,8.171748543360972e-07,8.171748543381303e-07,8.171748543401629e-07,8.171748543421962e-07,8.171748543442291e-07,8.17174854346262e-07,8.171748543482951e-07,8.171748543503285e-07,8.171748543523615e-07,8.171748543543949e-07,8.171748543564283e-07,8.171748543584617e-07,8.171748543604954e-07,8.171748543625288e-07,8.171748543645625e-07,8.171748543665962e-07,8.171748543686299e-07,8.171748543706639e-07,8.171748543726977e-07,8.171748543747315e-07,8.171748543767655e-07,8.171748543787996e-07,8.171748543808338e-07,8.17174854382868e-07,8.171748543849021e-07,8.171748543869362e-07,8.171748543889702e-07,8.171748543910047e-07,8.171748543930392e-07,8.171748543950739e-07,8.171748543971086e-07,8.171748543991432e-07,8.17174854401178e-07,8.171748544032129e-07,8.171748544052477e-07,8.171748544072824e-07,8.171748544093175e-07,8.171748544113525e-07,8.171748544133877e-07,8.171748544154229e-07,8.171748544174584e-07,8.171748544194936e-07,8.171748544215291e-07,8.171748544235645e-07,8.171748544255997e-07,8.171748544276351e-07,8.171748544296712e-07,8.171748544317068e-07,8.171748544337423e-07,8.171748544357783e-07,8.171748544378143e-07,8.171748544398503e-07,8.171748544418865e-07,8.171748544439227e-07,8.171748544459588e-07,8.171748544479951e-07,8.171748544500312e-07,8.171748544520676e-07,8.171748544541039e-07,8.171748544561409e-07,8.171748544581774e-07,8.17174854460214e-07,8.171748544622506e-07,8.171748544642875e-07,8.17174854466324e-07,8.171748544683609e-07,8.171748544703978e-07,8.171748544724346e-07,8.171748544744718e-07,8.17174854476509e-07,8.171748544785459e-07,8.171748544805834e-07,8.171748544826207e-07,8.171748544846583e-07,8.171748544866955e-07,8.171748544887328e-07,8.171748544907703e-07,8.171748544928079e-07,8.171748544948454e-07,8.171748544968832e-07,8.171748544989212e-07,8.171748545009589e-07,8.171748545029968e-07,8.171748545050347e-07,8.171748545070729e-07,8.171748545091113e-07,8.171748545111495e-07,8.171748545131875e-07,8.17174854515226e-07,8.171748545172645e-07,8.171748545193028e-07,8.171748545213413e-07,8.1717485452338e-07,8.171748545254185e-07,8.171748545274574e-07,8.171748545294958e-07,8.171748545315346e-07,8.171748545335735e-07,8.171748545356121e-07,8.17174854537651e-07,8.171748545396901e-07,8.171748545417291e-07,8.171748545437684e-07,8.171748545458076e-07,8.171748545478467e-07,8.171748545498863e-07,8.171748545519255e-07,8.171748545539649e-07,8.171748545560042e-07,8.171748545580439e-07,8.171748545600833e-07,8.171748545621233e-07,8.171748545641627e-07,8.171748545662028e-07,8.171748545682425e-07,8.171748545702824e-07,8.171748545723224e-07,8.171748545743627e-07,8.171748545764028e-07,8.171748545784428e-07,8.171748545804832e-07,8.171748545825234e-07,8.171748545845638e-07,8.171748545866041e-07,8.171748545886447e-07,8.17174854590685e-07,8.171748545927256e-07,8.17174854594766e-07,8.171748545968066e-07,8.171748545988472e-07,8.171748546008879e-07,8.171748546029289e-07,8.1717485460497e-07,8.171748546070111e-07,8.17174854609052e-07,8.171748546110931e-07,8.171748546131343e-07,8.171748546151754e-07,8.17174854617217e-07,8.171748546192582e-07,8.171748546212994e-07,8.171748546233408e-07,8.171748546253822e-07,8.171748546274236e-07,8.171748546294651e-07,8.171748546315068e-07,8.171748546335485e-07,8.171748546355902e-07,8.171748546376323e-07,8.171748546396742e-07,8.171748546417162e-07,8.171748546437586e-07,8.171748546458007e-07,8.171748546478429e-07,8.171748546498846e-07,8.171748546519271e-07,8.171748546539695e-07,8.171748546560119e-07,8.171748546580543e-07,8.171748546600972e-07,8.171748546621397e-07,8.171748546641822e-07,8.17174854666225e-07,8.171748546682677e-07,8.171748546703107e-07,8.171748546723534e-07,8.171748546743962e-07,8.171748546764393e-07,8.171748546784822e-07,8.171748546805254e-07,8.171748546825688e-07,8.17174854684612e-07,8.171748546866554e-07,8.171748546886985e-07,8.171748546907419e-07,8.171748546927855e-07,8.171748546948289e-07,8.171748546968727e-07,8.171748546989161e-07,8.1717485470096e-07,8.171748547030036e-07,8.171748547050476e-07,8.171748547070914e-07,8.171748547091356e-07,8.171748547111797e-07,8.171748547132239e-07,8.17174854715268e-07,8.171748547173121e-07,8.171748547193564e-07,8.171748547214007e-07,8.171748547234451e-07,8.171748547254896e-07,8.171748547275339e-07,8.171748547295782e-07,8.171748547316227e-07,8.17174854733667e-07,8.171748547357116e-07,8.171748547377564e-07,8.171748547398012e-07,8.171748547418459e-07,8.171748547438905e-07,8.171748547459358e-07,8.171748547479807e-07,8.171748547500256e-07,8.17174854752071e-07,8.171748547541162e-07,8.171748547561615e-07,8.171748547582068e-07,8.171748547602517e-07,8.171748547622973e-07,8.171748547643429e-07,8.171748547663882e-07,8.171748547684337e-07,8.171748547704795e-07,8.171748547725251e-07,8.171748547745713e-07,8.17174854776617e-07,8.171748547786628e-07,8.171748547807086e-07,8.171748547827544e-07,8.171748547848003e-07,8.171748547868463e-07,8.171748547888929e-07,8.171748547909388e-07,8.171748547929849e-07,8.171748547950312e-07,8.171748547970773e-07,8.171748547991235e-07,8.171748548011699e-07,8.171748548032163e-07,8.171748548052629e-07,8.171748548073096e-07,8.171748548093562e-07,8.17174854811403e-07,8.171748548134498e-07,8.171748548154968e-07,8.171748548175435e-07,8.171748548195905e-07,8.171748548216373e-07,8.171748548236842e-07,8.171748548257314e-07,8.171748548277784e-07,8.171748548298257e-07,8.171748548318729e-07,8.171748548339202e-07,8.171748548359677e-07,8.17174854838015e-07,8.171748548400624e-07,8.171748548421103e-07,8.171748548441579e-07,8.171748548462054e-07,8.17174854848253e-07,8.171748548503007e-07,8.171748548523482e-07,8.171748548543959e-07,8.17174854856444e-07,8.171748548584921e-07,8.171748548605402e-07,8.171748548625882e-07,8.171748548646362e-07,8.171748548666846e-07,8.171748548687326e-07,8.171748548707809e-07,8.171748548728294e-07,8.171748548748777e-07,8.171748548769263e-07,8.171748548789745e-07,8.171748548810229e-07,8.171748548830715e-07,8.171748548851203e-07,8.171748548871689e-07,8.171748548892177e-07,8.171748548912661e-07,8.17174854893315e-07,8.171748548953637e-07,8.171748548974128e-07,8.171748548994618e-07,8.171748549015109e-07,8.1717485490356e-07,8.171748549056093e-07,8.171748549076584e-07,8.171748549097078e-07,8.171748549117573e-07,8.171748549138064e-07,8.171748549158557e-07,8.171748549179053e-07,8.171748549199548e-07,8.171748549220042e-07,8.171748549240538e-07,8.171748549261036e-07,8.171748549281535e-07,8.171748549302035e-07,8.171748549322532e-07,8.171748549343032e-07,8.171748549363529e-07,8.17174854938403e-07,8.171748549404532e-07,8.171748549425033e-07,8.171748549445535e-07,8.171748549466039e-07,8.171748549486541e-07,8.171748549507047e-07,8.171748549527553e-07,8.171748549548056e-07,8.171748549568564e-07,8.17174854958907e-07,8.171748549609573e-07,8.171748549630081e-07,8.171748549650587e-07,8.171748549671096e-07,8.171748549691603e-07,8.171748549712115e-07,8.171748549732624e-07,8.171748549753137e-07,8.171748549773644e-07,8.171748549794156e-07,8.17174854981467e-07,8.171748549835179e-07,8.171748549855695e-07,8.171748549876209e-07,8.171748549896723e-07,8.171748549917237e-07,8.171748549937753e-07,8.171748549958264e-07,8.171748549978782e-07,8.1717485499993e-07,8.171748550019816e-07,8.171748550040333e-07,8.171748550060854e-07,8.171748550081371e-07,8.171748550101891e-07,8.17174855012241e-07,8.171748550142931e-07,8.17174855016345e-07,8.171748550183972e-07,8.171748550204493e-07,8.171748550225018e-07,8.171748550245538e-07,8.171748550266062e-07,8.171748550286586e-07,8.171748550307109e-07,8.171748550327633e-07,8.171748550348158e-07,8.171748550368683e-07,8.171748550389207e-07,8.171748550409731e-07,8.171748550430257e-07,8.171748550450784e-07,8.171748550471311e-07,8.171748550491837e-07,8.171748550512369e-07,8.171748550532897e-07,8.17174855055343e-07,8.171748550573958e-07,8.171748550594488e-07,8.171748550615021e-07,8.171748550635551e-07,8.171748550656081e-07,8.171748550676618e-07,8.17174855069715e-07,8.171748550717682e-07,8.171748550738216e-07,8.171748550758748e-07,8.171748550779284e-07,8.171748550799821e-07,8.17174855082036e-07,8.171748550840898e-07,8.171748550861435e-07,8.171748550881975e-07,8.171748550902511e-07,8.17174855092305e-07,8.17174855094359e-07,8.171748550964127e-07,8.171748550984668e-07,8.17174855100521e-07,8.171748551025751e-07,8.171748551046294e-07,8.171748551066835e-07,8.17174855108738e-07,8.171748551107925e-07,8.171748551128465e-07,8.171748551149012e-07,8.171748551169556e-07,8.171748551190102e-07,8.17174855121065e-07,8.171748551231196e-07,8.171748551251741e-07,8.171748551272289e-07,8.171748551292836e-07,8.171748551313383e-07,8.171748551333931e-07,8.171748551354479e-07,8.171748551375031e-07,8.171748551395582e-07,8.171748551416134e-07,8.171748551436686e-07,8.171748551457236e-07,8.171748551477788e-07,8.171748551498343e-07,8.171748551518897e-07,8.171748551539452e-07,8.171748551560005e-07,8.17174855158056e-07,8.171748551601111e-07,8.171748551621666e-07,8.171748551642225e-07,8.17174855166278e-07,8.171748551683335e-07,8.171748551703893e-07,8.171748551724453e-07,8.171748551745009e-07,8.17174855176557e-07,8.171748551786128e-07,8.171748551806686e-07,8.171748551827247e-07,8.171748551847807e-07,8.171748551868369e-07,8.17174855188893e-07,8.171748551909491e-07,8.171748551930054e-07,8.171748551950618e-07,8.171748551971178e-07,8.171748551991744e-07,8.17174855201231e-07,8.171748552032872e-07,8.171748552053439e-07,8.171748552074005e-07,8.171748552094571e-07,8.171748552115137e-07,8.171748552135705e-07,8.171748552156273e-07,8.171748552176841e-07,8.17174855219741e-07,8.17174855221798e-07,8.171748552238552e-07,8.171748552259122e-07,8.171748552279696e-07,8.171748552300266e-07,8.171748552320839e-07,8.171748552341413e-07,8.171748552361985e-07,8.171748552382558e-07,8.171748552403133e-07,8.171748552423706e-07,8.171748552444281e-07,8.171748552464856e-07,8.171748552485436e-07,8.171748552506011e-07,8.171748552526586e-07,8.171748552547163e-07,8.171748552567741e-07,8.171748552588317e-07,8.171748552608894e-07,8.171748552629472e-07,8.171748552650053e-07,8.171748552670632e-07,8.171748552691211e-07,8.171748552711792e-07,8.171748552732373e-07,8.171748552752955e-07,8.171748552773535e-07,8.171748552794121e-07,8.171748552814703e-07,8.171748552835286e-07,8.171748552855869e-07,8.171748552876455e-07,8.171748552897039e-07,8.171748552917624e-07,8.17174855293821e-07,8.171748552958794e-07,8.171748552979382e-07,8.171748552999968e-07,8.171748553020558e-07,8.171748553041146e-07,8.171748553061737e-07,8.171748553082325e-07,8.171748553102917e-07,8.171748553123506e-07,8.171748553144094e-07,8.171748553164688e-07,8.171748553185276e-07,8.171748553205871e-07,8.171748553226462e-07,8.171748553247054e-07,8.171748553267647e-07,8.171748553288243e-07,8.171748553308836e-07,8.171748553329431e-07,8.171748553350027e-07,8.171748553370621e-07,8.171748553391215e-07,8.171748553411811e-07,8.171748553432409e-07,8.171748553453006e-07,8.171748553473603e-07,8.171748553494203e-07,8.171748553514801e-07,8.171748553535399e-07,8.171748553555999e-07,8.171748553576599e-07,8.171748553597197e-07,8.171748553617798e-07,8.1717485536384e-07,8.171748553659001e-07,8.171748553679603e-07,8.171748553700205e-07,8.17174855372081e-07,8.171748553741415e-07,8.171748553762018e-07,8.171748553782623e-07,8.171748553803227e-07,8.171748553823834e-07,8.17174855384444e-07,8.171748553865048e-07,8.171748553885654e-07,8.171748553906264e-07,8.171748553926872e-07,8.171748553947478e-07,8.171748553968083e-07,8.171748553988697e-07,8.171748554009305e-07,8.171748554029915e-07,8.171748554050525e-07,8.171748554071135e-07,8.171748554091747e-07,8.171748554112359e-07,8.17174855413297e-07,8.171748554153582e-07,8.171748554174198e-07,8.171748554194811e-07,8.171748554215425e-07,8.171748554236042e-07,8.171748554256655e-07,8.171748554277268e-07,8.171748554297887e-07,8.171748554318496e-07,8.171748554339116e-07,8.171748554359731e-07,8.171748554380351e-07,8.17174855440097e-07,8.171748554421588e-07,8.171748554442208e-07,8.171748554462827e-07,8.171748554483445e-07,8.171748554504067e-07,8.171748554524686e-07,8.171748554545305e-07,8.171748554565928e-07,8.171748554586554e-07,8.171748554607175e-07,8.171748554627798e-07,8.171748554648424e-07,8.171748554669045e-07,8.17174855468967e-07,8.171748554710295e-07,8.171748554730921e-07,8.171748554751545e-07,8.171748554772173e-07,8.171748554792799e-07,8.171748554813425e-07,8.171748554834051e-07,8.17174855485468e-07,8.171748554875308e-07,8.171748554895937e-07,8.171748554916566e-07,8.171748554937195e-07,8.171748554957823e-07,8.171748554978452e-07,8.171748554999083e-07,8.171748555019716e-07,8.171748555040346e-07,8.171748555060976e-07,8.171748555081608e-07,8.171748555102242e-07,8.171748555122874e-07,8.171748555143506e-07,8.17174855516414e-07,8.171748555184774e-07,8.171748555205409e-07,8.171748555226042e-07,8.171748555246681e-07,8.17174855526732e-07,8.171748555287955e-07,8.171748555308591e-07,8.17174855532923e-07,8.171748555349862e-07,8.171748555370503e-07,8.171748555391141e-07,8.171748555411775e-07,8.171748555432417e-07,8.171748555453055e-07,8.171748555473697e-07,8.171748555494337e-07,8.171748555514976e-07,8.17174855553562e-07,8.171748555556261e-07,8.171748555576901e-07,8.171748555597546e-07,8.171748555618189e-07,8.171748555638829e-07,8.171748555659473e-07,8.171748555680119e-07,8.171748555700761e-07,8.171748555721407e-07,8.171748555742048e-07,8.171748555762698e-07,8.171748555783343e-07,8.171748555803988e-07,8.171748555824637e-07,8.171748555845282e-07,8.171748555865934e-07,8.171748555886584e-07,8.17174855590723e-07,8.171748555927881e-07,8.171748555948531e-07,8.17174855596918e-07,8.171748555989834e-07,8.171748556010487e-07,8.171748556031139e-07,8.171748556051789e-07,8.171748556072442e-07,8.171748556093095e-07,8.171748556113749e-07,8.171748556134404e-07,8.171748556155057e-07,8.171748556175712e-07,8.171748556196368e-07,8.171748556217022e-07,8.171748556237679e-07,8.171748556258333e-07,8.171748556278992e-07,8.171748556299648e-07,8.171748556320307e-07,8.171748556340964e-07,8.171748556361622e-07,8.171748556382282e-07,8.171748556402941e-07,8.1717485564236e-07,8.171748556444258e-07,8.171748556464918e-07,8.171748556485578e-07,8.171748556506242e-07,8.171748556526905e-07,8.171748556547565e-07,8.171748556568224e-07,8.171748556588889e-07,8.17174855660955e-07,8.171748556630214e-07,8.17174855665088e-07,8.171748556671543e-07,8.171748556692208e-07,8.171748556712874e-07,8.171748556733539e-07,8.171748556754204e-07,8.171748556774872e-07,8.171748556795538e-07,8.171748556816205e-07,8.171748556836872e-07,8.171748556857537e-07,8.171748556878204e-07,8.171748556898873e-07,8.171748556919541e-07,8.171748556940211e-07,8.171748556960882e-07,8.171748556981552e-07,8.171748557002223e-07,8.171748557022894e-07,8.171748557043564e-07,8.171748557064239e-07,8.171748557084909e-07,8.171748557105581e-07,8.171748557126254e-07,8.171748557146923e-07,8.171748557167601e-07,8.171748557188276e-07,8.17174855720895e-07,8.171748557229626e-07,8.1717485572503e-07,8.171748557270976e-07,8.171748557291653e-07,8.171748557312331e-07,8.171748557333007e-07,8.171748557353685e-07,8.171748557374361e-07,8.171748557395038e-07,8.171748557415718e-07,8.171748557436396e-07,8.171748557457075e-07,8.171748557477754e-07,8.171748557498436e-07,8.171748557519117e-07,8.1717485575398e-07,8.171748557560485e-07,8.171748557581163e-07,8.171748557601846e-07,8.171748557622528e-07,8.171748557643207e-07,8.171748557663891e-07,8.171748557684574e-07,8.171748557705256e-07,8.171748557725942e-07,8.171748557746626e-07,8.171748557767312e-07,8.171748557787998e-07,8.171748557808681e-07,8.171748557829367e-07,8.171748557850055e-07,8.171748557870744e-07,8.171748557891429e-07,8.171748557912116e-07,8.171748557932807e-07,8.171748557953495e-07,8.171748557974181e-07,8.171748557994873e-07,8.171748558015562e-07,8.171748558036251e-07,8.171748558056941e-07,8.171748558077633e-07,8.171748558098324e-07,8.171748558119017e-07,8.171748558139704e-07,8.1717485581604e-07,8.171748558181092e-07,8.171748558201787e-07,8.171748558222479e-07,8.171748558243174e-07,8.171748558263868e-07,8.171748558284566e-07,8.17174855830526e-07,8.171748558325955e-07,8.17174855834665e-07,8.171748558367347e-07,8.171748558388042e-07,8.17174855840874e-07,8.171748558429438e-07,8.171748558450133e-07,8.171748558470833e-07,8.171748558491532e-07,8.171748558512228e-07,8.171748558532927e-07,8.171748558553627e-07,8.171748558574328e-07,8.171748558595027e-07,8.171748558615729e-07,8.17174855863643e-07,8.171748558657131e-07,8.171748558677832e-07,8.171748558698533e-07,8.171748558719238e-07,8.17174855873994e-07,8.171748558760642e-07,8.171748558781344e-07,8.171748558802049e-07,8.171748558822754e-07,8.171748558843461e-07,8.171748558864163e-07,8.171748558884871e-07,8.171748558905576e-07,8.171748558926282e-07,8.17174855894699e-07,8.1717485589677e-07,8.17174855898841e-07,8.171748559009116e-07,8.171748559029825e-07,8.17174855905053e-07,8.171748559071243e-07,8.171748559091949e-07,8.171748559112661e-07,8.171748559133369e-07,8.171748559154085e-07,8.171748559174792e-07,8.171748559195507e-07,8.171748559216216e-07,8.17174855923693e-07,8.171748559257643e-07,8.171748559278357e-07,8.171748559299069e-07,8.171748559319783e-07,8.171748559340495e-07,8.171748559361213e-07,8.171748559381927e-07,8.171748559402642e-07,8.171748559423357e-07,8.171748559444073e-07,8.17174855946479e-07,8.171748559485508e-07,8.171748559506224e-07,8.17174855952694e-07,8.171748559547657e-07,8.171748559568373e-07,8.171748559589091e-07,8.17174855960981e-07,8.171748559630529e-07,8.171748559651249e-07,8.171748559671969e-07,8.171748559692691e-07,8.17174855971341e-07,8.171748559734133e-07,8.171748559754852e-07,8.171748559775574e-07,8.171748559796295e-07,8.17174855981702e-07,8.171748559837744e-07,8.171748559858468e-07,8.17174855987919e-07,8.171748559899912e-07,8.171748559920638e-07,8.171748559941361e-07,8.171748559962084e-07,8.17174855998281e-07,8.171748560003535e-07,8.171748560024258e-07,8.171748560044985e-07,8.171748560065713e-07,8.171748560086439e-07,8.171748560107164e-07,8.171748560127893e-07,8.171748560148621e-07,8.171748560169351e-07,8.171748560190078e-07,8.171748560210807e-07,8.171748560231536e-07,8.171748560252268e-07,8.171748560272997e-07,8.171748560293727e-07,8.171748560314458e-07,8.171748560335189e-07,8.171748560355922e-07,8.171748560376653e-07,8.171748560397386e-07,8.171748560418119e-07,8.171748560438852e-07,8.171748560459588e-07,8.171748560480322e-07,8.171748560501053e-07,8.171748560521789e-07,8.171748560542523e-07,8.171748560563261e-07,8.171748560583998e-07,8.171748560604732e-07,8.171748560625468e-07,8.171748560646203e-07,8.171748560666939e-07,8.171748560687678e-07,8.171748560708414e-07,8.17174856072915e-07,8.171748560749888e-07,8.171748560770629e-07,8.171748560791367e-07,8.171748560812109e-07,8.17174856083285e-07,8.171748560853589e-07,8.171748560874331e-07,8.171748560895071e-07,8.171748560915809e-07,8.171748560936555e-07,8.171748560957296e-07,8.171748560978039e-07,8.17174856099878e-07,8.171748561019522e-07,8.171748561040265e-07,8.17174856106101e-07,8.171748561081754e-07,8.171748561102499e-07,8.171748561123242e-07,8.171748561143987e-07,8.171748561164733e-07,8.171748561185477e-07,8.171748561206226e-07,8.171748561226972e-07,8.171748561247719e-07,8.171748561268466e-07,8.171748561289214e-07,8.171748561309962e-07,8.17174856133071e-07,8.171748561351458e-07,8.17174856137221e-07,8.171748561392956e-07,8.171748561413706e-07,8.171748561434456e-07,8.171748561455203e-07,8.171748561475956e-07,8.171748561496707e-07,8.171748561517457e-07,8.171748561538212e-07,8.171748561558962e-07,8.171748561579713e-07,8.171748561600466e-07,8.171748561621216e-07,8.171748561641967e-07,8.171748561662722e-07,8.171748561683476e-07,8.171748561704232e-07,8.171748561724986e-07,8.171748561745743e-07,8.171748561766496e-07,8.171748561787253e-07,8.171748561808011e-07,8.171748561828764e-07,8.171748561849521e-07,8.171748561870275e-07,8.171748561891033e-07,8.171748561911791e-07,8.171748561932546e-07,8.171748561953304e-07,8.171748561974064e-07,8.17174856199482e-07,8.171748562015581e-07,8.171748562036338e-07,8.1717485620571e-07,8.171748562077861e-07,8.171748562098618e-07,8.171748562119381e-07,8.171748562140145e-07,8.171748562160905e-07,8.171748562181667e-07,8.171748562202428e-07,8.171748562223191e-07,8.171748562243953e-07,8.171748562264716e-07,8.171748562285477e-07,8.171748562306239e-07,8.171748562327006e-07,8.171748562347769e-07,8.171748562368535e-07,8.1717485623893e-07,8.171748562410066e-07,8.171748562430834e-07,8.171748562451601e-07,8.171748562472366e-07,8.17174856249313e-07,8.171748562513899e-07,8.171748562534663e-07,8.171748562555429e-07,8.171748562576195e-07,8.171748562596965e-07,8.171748562617735e-07,8.171748562638503e-07,8.171748562659275e-07,8.171748562680043e-07,8.171748562700812e-07,8.171748562721583e-07,8.171748562742354e-07,8.171748562763127e-07,8.171748562783895e-07,8.171748562804673e-07,8.171748562825442e-07,8.171748562846213e-07,8.171748562866989e-07,8.17174856288776e-07,8.171748562908532e-07,8.171748562929305e-07,8.171748562950082e-07,8.171748562970853e-07,8.171748562991629e-07,8.171748563012405e-07,8.17174856303318e-07,8.171748563053957e-07,8.171748563074731e-07,8.171748563095509e-07,8.171748563116285e-07,8.171748563137061e-07,8.17174856315784e-07,8.171748563178618e-07,8.171748563199394e-07,8.171748563220173e-07,8.171748563240952e-07,8.17174856326173e-07,8.17174856328251e-07,8.171748563303289e-07,8.17174856332407e-07,8.17174856334485e-07,8.171748563365628e-07,8.171748563386406e-07,8.171748563407189e-07,8.17174856342797e-07,8.171748563448749e-07,8.171748563469533e-07,8.171748563490316e-07,8.171748563511098e-07,8.171748563531879e-07,8.171748563552662e-07,8.171748563573445e-07,8.171748563594231e-07,8.171748563615013e-07,8.1717485636358e-07,8.171748563656582e-07,8.171748563677368e-07,8.171748563698154e-07,8.171748563718939e-07,8.171748563739724e-07,8.171748563760509e-07,8.171748563781293e-07,8.171748563802079e-07,8.171748563822868e-07,8.171748563843656e-07,8.171748563864445e-07,8.171748563885234e-07,8.171748563906024e-07,8.171748563926813e-07,8.171748563947602e-07,8.171748563968392e-07,8.171748563989183e-07,8.171748564009973e-07,8.171748564030764e-07,8.171748564051555e-07,8.171748564072346e-07,8.171748564093136e-07,8.171748564113927e-07,8.171748564134721e-07,8.17174856415551e-07,8.171748564176304e-07,8.171748564197096e-07,8.171748564217889e-07,8.171748564238682e-07,8.171748564259474e-07,8.171748564280268e-07,8.171748564301064e-07,8.17174856432186e-07,8.171748564342653e-07,8.171748564363449e-07,8.171748564384246e-07,8.171748564405041e-07,8.171748564425839e-07,8.171748564446633e-07,8.171748564467431e-07,8.171748564488228e-07,8.171748564509024e-07,8.171748564529824e-07,8.17174856455062e-07,8.171748564571419e-07,8.171748564592218e-07,8.171748564613017e-07,8.171748564633814e-07,8.171748564654616e-07,8.171748564675416e-07,8.171748564696215e-07,8.171748564717017e-07,8.171748564737816e-07,8.171748564758618e-07,8.17174856477942e-07,8.171748564800221e-07,8.171748564821023e-07,8.171748564841825e-07,8.171748564862628e-07,8.171748564883432e-07,8.171748564904233e-07,8.171748564925039e-07,8.171748564945842e-07,8.171748564966646e-07,8.17174856498745e-07,8.171748565008253e-07,8.17174856502906e-07,8.171748565049864e-07,8.171748565070671e-07,8.171748565091475e-07,8.171748565112279e-07,8.171748565133087e-07,8.171748565153895e-07,8.171748565174698e-07,8.171748565195508e-07,8.171748565216314e-07,8.171748565237124e-07,8.171748565257932e-07,8.171748565278738e-07,8.171748565299547e-07,8.171748565320356e-07,8.171748565341165e-07,8.171748565361975e-07,8.171748565382784e-07,8.171748565403595e-07,8.171748565424403e-07,8.171748565445213e-07,8.171748565466024e-07,8.171748565486837e-07,8.171748565507648e-07,8.171748565528462e-07,8.171748565549274e-07,8.171748565570088e-07,8.171748565590899e-07,8.171748565611711e-07,8.171748565632527e-07,8.171748565653339e-07,8.171748565674155e-07,8.17174856569497e-07,8.171748565715784e-07,8.171748565736601e-07,8.171748565757416e-07,8.171748565778232e-07,8.171748565799048e-07,8.171748565819862e-07,8.17174856584068e-07,8.171748565861497e-07,8.171748565882311e-07,8.171748565903131e-07,8.171748565923945e-07,8.171748565944765e-07,8.17174856596558e-07,8.171748565986397e-07,8.171748566007217e-07,8.171748566028035e-07,8.171748566048855e-07,8.171748566069672e-07,8.17174856609049e-07,8.171748566111314e-07,8.171748566132134e-07,8.171748566152953e-07,8.171748566173774e-07,8.171748566194596e-07,8.171748566215416e-07,8.171748566236241e-07,8.171748566257061e-07,8.171748566277885e-07,8.17174856629871e-07,8.171748566319534e-07,8.171748566340355e-07,8.17174856636118e-07,8.171748566382e-07,8.171748566402827e-07,8.171748566423648e-07,8.171748566444474e-07,8.171748566465299e-07,8.171748566486123e-07,8.17174856650695e-07,8.171748566527775e-07,8.171748566548604e-07,8.171748566569429e-07,8.171748566590257e-07,8.171748566611084e-07,8.171748566631912e-07,8.17174856665274e-07,8.171748566673567e-07,8.171748566694395e-07,8.171748566715222e-07,8.171748566736051e-07,8.171748566756881e-07,8.171748566777708e-07,8.171748566798539e-07,8.171748566819367e-07,8.171748566840198e-07,8.171748566861031e-07,8.171748566881858e-07,8.171748566902689e-07,8.17174856692352e-07,8.17174856694435e-07,8.171748566965181e-07,8.171748566986015e-07,8.171748567006852e-07,8.17174856702768e-07,8.171748567048513e-07,8.171748567069349e-07,8.171748567090183e-07,8.171748567111014e-07,8.171748567131847e-07,8.171748567152682e-07,8.171748567173516e-07,8.171748567194352e-07,8.171748567215186e-07,8.171748567236023e-07,8.171748567256857e-07,8.171748567277695e-07,8.171748567298531e-07,8.171748567319371e-07,8.171748567340207e-07,8.171748567361044e-07,8.171748567381883e-07,8.171748567402719e-07,8.17174856742356e-07,8.171748567444399e-07,8.171748567465235e-07,8.171748567486073e-07,8.171748567506913e-07,8.171748567527751e-07,8.171748567548592e-07,8.171748567569431e-07,8.171748567590273e-07,8.171748567611115e-07,8.171748567631954e-07,8.171748567652795e-07,8.171748567673635e-07,8.171748567694477e-07,8.171748567715321e-07,8.171748567736162e-07,8.171748567757003e-07,8.171748567777844e-07,8.171748567798686e-07,8.171748567819528e-07,8.171748567840374e-07,8.171748567861217e-07,8.171748567882061e-07,8.171748567902905e-07,8.171748567923749e-07,8.171748567944597e-07,8.171748567965442e-07,8.17174856798629e-07,8.171748568007133e-07,8.171748568027978e-07,8.171748568048824e-07,8.171748568069669e-07,8.171748568090517e-07,8.171748568111365e-07,8.171748568132212e-07,8.171748568153061e-07,8.17174856817391e-07,8.171748568194756e-07,8.171748568215603e-07,8.171748568236451e-07,8.171748568257299e-07,8.17174856827815e-07,8.171748568299001e-07,8.17174856831985e-07,8.171748568340701e-07,8.171748568361551e-07,8.171748568382402e-07,8.171748568403253e-07,8.171748568424103e-07,8.171748568444955e-07,8.171748568465808e-07,8.171748568486662e-07,8.171748568507509e-07,8.171748568528365e-07,8.171748568549216e-07,8.171748568570067e-07,8.17174856859092e-07,8.171748568611773e-07,8.171748568632626e-07,8.17174856865348e-07,8.171748568674334e-07,8.171748568695186e-07,8.17174856871604e-07,8.171748568736895e-07,8.171748568757749e-07,8.171748568778608e-07,8.171748568799463e-07,8.171748568820321e-07,8.171748568841178e-07,8.171748568862037e-07,8.171748568882892e-07,8.17174856890375e-07,8.171748568924605e-07,8.171748568945464e-07,8.171748568966255e-07,8.171748568987046e-07,8.171748569007835e-07,8.171748569028626e-07,8.171748569049418e-07,8.171748569070207e-07,8.171748569091001e-07,8.171748569111794e-07,8.171748569132586e-07,8.171748569153379e-07,8.171748569174174e-07,8.171748569194968e-07,8.171748569215761e-07,8.171748569236556e-07,8.171748569257352e-07,8.171748569278147e-07,8.171748569298942e-07,8.171748569319737e-07,8.171748569340532e-07,8.171748569361329e-07,8.171748569382124e-07,8.17174856940292e-07,8.171748569423718e-07,8.171748569444516e-07,8.171748569465315e-07,8.171748569486112e-07,8.171748569506908e-07,8.171748569527705e-07,8.171748569548502e-07,8.171748569569301e-07,8.171748569590098e-07,8.171748569610896e-07,8.171748569631694e-07,8.171748569652495e-07,8.171748569673295e-07,8.171748569694095e-07,8.171748569714896e-07,8.171748569735762e-07,8.17174856975656e-07,8.17174856977736e-07,8.171748569798159e-07,8.17174856981896e-07,8.171748569839762e-07,8.171748569860563e-07,8.171748569881365e-07,8.171748569902166e-07,8.171748569922968e-07,8.171748569943768e-07,8.171748569964572e-07,8.171748569985375e-07,8.171748570006177e-07,8.171748570026982e-07,8.171748570047784e-07,8.171748570068589e-07,8.171748570089391e-07,8.171748570110196e-07,8.171748570131002e-07,8.171748570151807e-07,8.171748570172611e-07,8.171748570193415e-07,8.171748570214221e-07,8.171748570235027e-07,8.171748570255829e-07,8.171748570276635e-07,8.171748570297441e-07,8.171748570318248e-07,8.171748570339051e-07,8.171748570359859e-07,8.171748570380669e-07,8.171748570401475e-07,8.171748570422281e-07,8.17174857044309e-07,8.171748570463895e-07,8.17174857048477e-07,8.171748570505577e-07,8.171748570526386e-07,8.171748570547262e-07,8.17174857056807e-07,8.171748570588879e-07,8.171748570609688e-07,8.171748570630498e-07,8.171748570651305e-07,8.171748570672117e-07,8.171748570692926e-07,8.171748570713735e-07,8.171748570734547e-07,8.171748570755357e-07,8.171748570776169e-07,8.171748570796979e-07,8.171748570817791e-07,8.171748570838604e-07,8.171748570859413e-07,8.171748570880229e-07,8.17174857090104e-07,8.171748570921854e-07,8.171748570942668e-07,8.171748570963481e-07,8.171748570984292e-07,8.171748571005109e-07,8.171748571025919e-07,8.171748571046734e-07,8.171748571067551e-07,8.171748571088366e-07,8.171748571109183e-07,8.171748571129997e-07,8.171748571150811e-07,8.171748571171626e-07,8.171748571192443e-07,8.17174857121326e-07,8.171748571234077e-07,8.17174857125489e-07,8.171748571275707e-07,8.171748571296526e-07,8.171748571317342e-07,8.171748571338164e-07,8.17174857135898e-07,8.171748571379799e-07,8.171748571400616e-07,8.171748571421433e-07,8.171748571442255e-07,8.171748571463073e-07,8.171748571483891e-07,8.171748571504709e-07,8.171748571525529e-07,8.171748571546351e-07,8.171748571567168e-07,8.171748571587986e-07,8.171748571608808e-07,8.17174857162963e-07,8.171748571650452e-07,8.171748571671272e-07,8.171748571692093e-07,8.171748571712918e-07,8.171748571733741e-07,8.171748571754561e-07,8.171748571775384e-07,8.171748571796207e-07,8.171748571817031e-07,8.171748571837851e-07,8.171748571858677e-07,8.171748571879501e-07,8.171748571900324e-07,8.171748571921146e-07,8.171748571941971e-07,8.171748571962792e-07,8.171748571983616e-07,8.171748572004437e-07,8.171748572025264e-07,8.171748572046087e-07,8.171748572066912e-07,8.171748572087738e-07,8.171748572108563e-07,8.171748572129389e-07,8.171748572150215e-07,8.171748572171042e-07,8.171748572191871e-07,8.171748572212695e-07,8.171748572233519e-07,8.171748572254347e-07,8.171748572275174e-07,8.171748572296e-07,8.171748572316828e-07,8.171748572337656e-07,8.171748572358484e-07,8.171748572379313e-07,8.17174857240014e-07,8.17174857242097e-07,8.1717485724418e-07,8.171748572462628e-07,8.171748572483457e-07,8.171748572504287e-07,8.171748572525115e-07,8.171748572545943e-07,8.171748572566776e-07,8.171748572587609e-07,8.171748572608437e-07,8.17174857262927e-07,8.171748572650103e-07,8.171748572670934e-07,8.171748572691765e-07,8.171748572712595e-07,8.17174857273343e-07,8.171748572754258e-07,8.171748572775092e-07,8.171748572795924e-07,8.171748572816758e-07,8.171748572837588e-07,8.171748572858421e-07,8.171748572879255e-07,8.171748572900088e-07,8.171748572920917e-07,8.171748572941754e-07,8.171748572962587e-07,8.171748572983421e-07,8.171748573004256e-07,8.17174857302509e-07,8.171748573045924e-07,8.17174857306676e-07,8.171748573087595e-07,8.171748573108432e-07,8.171748573129268e-07,8.171748573150105e-07,8.171748573170939e-07,8.171748573191775e-07,8.171748573212615e-07,8.171748573233455e-07,8.171748573254292e-07,8.17174857327513e-07,8.17174857329597e-07,8.171748573316809e-07,8.171748573337648e-07,8.171748573358486e-07,8.171748573379326e-07,8.171748573400164e-07,8.171748573421006e-07,8.171748573441845e-07,8.171748573462685e-07,8.171748573483526e-07,8.171748573504365e-07,8.171748573525205e-07,8.171748573546047e-07,8.171748573566886e-07,8.171748573587729e-07,8.171748573608573e-07,8.171748573629412e-07,8.171748573650255e-07,8.171748573671096e-07,8.171748573691938e-07,8.171748573712781e-07,8.171748573733621e-07,8.171748573754463e-07,8.171748573775305e-07,8.171748573796146e-07,8.171748573816994e-07,8.171748573837836e-07,8.171748573858679e-07,8.17174857387952e-07,8.171748573900367e-07,8.17174857392121e-07,8.171748573942055e-07,8.171748573962898e-07,8.171748573983744e-07,8.171748574004589e-07,8.171748574025433e-07,8.17174857404628e-07,8.171748574067123e-07,8.171748574087972e-07,8.171748574108821e-07,8.171748574129667e-07,8.171748574150512e-07,8.171748574171358e-07,8.171748574192207e-07,8.171748574213056e-07,8.171748574233902e-07,8.171748574254751e-07,8.171748574275597e-07,8.171748574296442e-07,8.171748574317289e-07,8.171748574338137e-07,8.171748574358988e-07,8.171748574379836e-07,8.171748574400685e-07,8.171748574421534e-07,8.171748574442383e-07,8.17174857446323e-07,8.171748574484079e-07,8.17174857450493e-07,8.171748574525779e-07,8.171748574546631e-07,8.17174857456748e-07,8.17174857458833e-07,8.171748574609182e-07,8.17174857463003e-07,8.171748574650884e-07,8.171748574671733e-07,8.171748574692582e-07,8.171748574713436e-07,8.171748574734287e-07,8.171748574755142e-07,8.171748574775994e-07,8.171748574796844e-07,8.171748574817698e-07,8.171748574838552e-07,8.171748574859407e-07,8.171748574880262e-07,8.171748574901116e-07,8.17174857492197e-07,8.171748574942825e-07,8.171748574963679e-07,8.171748574984534e-07,8.171748575005389e-07,8.171748575026244e-07,8.171748575047103e-07,8.171748575067957e-07,8.171748575088812e-07,8.171748575109668e-07,8.171748575130522e-07,8.171748575151377e-07,8.171748575172237e-07,8.171748575193096e-07,8.171748575213953e-07,8.171748575234811e-07,8.171748575255666e-07,8.171748575276523e-07,8.171748575297378e-07,8.171748575318237e-07,8.171748575339094e-07,8.171748575359951e-07,8.171748575380808e-07,8.171748575401668e-07,8.171748575422526e-07,8.171748575443388e-07,8.171748575464246e-07,8.171748575485107e-07,8.171748575505967e-07,8.171748575526827e-07,8.171748575547685e-07,8.171748575568544e-07,8.171748575589407e-07,8.171748575610267e-07,8.171748575631128e-07,8.171748575651988e-07,8.171748575672848e-07,8.171748575693709e-07,8.17174857571457e-07,8.171748575735431e-07,8.171748575756293e-07,8.171748575777155e-07,8.171748575798014e-07,8.171748575818874e-07,8.171748575839737e-07,8.1717485758606e-07,8.171748575881463e-07,8.171748575902327e-07,8.171748575923188e-07,8.171748575944052e-07,8.171748575964917e-07,8.17174857598578e-07,8.171748576006645e-07,8.171748576027509e-07,8.171748576048373e-07,8.171748576069237e-07,8.171748576090102e-07,8.171748576110966e-07,8.171748576131833e-07,8.171748576152699e-07,8.171748576173563e-07,8.171748576194428e-07,8.171748576215295e-07,8.171748576236164e-07,8.171748576257028e-07,8.171748576277894e-07,8.171748576298761e-07,8.171748576319629e-07,8.171748576340495e-07,8.171748576361361e-07,8.171748576382227e-07,8.171748576403095e-07,8.171748576423962e-07,8.171748576444833e-07,8.171748576465699e-07,8.171748576486568e-07,8.171748576507439e-07,8.171748576528305e-07,8.171748576549175e-07,8.171748576570041e-07,8.171748576590911e-07,8.171748576611779e-07,8.171748576632649e-07,8.171748576653516e-07,8.171748576674388e-07,8.171748576695258e-07,8.171748576716131e-07,8.171748576737001e-07,8.171748576757871e-07,8.171748576778738e-07,8.171748576799613e-07,8.171748576820482e-07,8.171748576841353e-07,8.171748576862223e-07,8.171748576883093e-07,8.171748576903966e-07,8.171748576924836e-07,8.171748576945708e-07,8.17174857696658e-07,8.171748576987454e-07,8.171748577008326e-07,8.171748577029199e-07,8.171748577050071e-07,8.171748577070946e-07,8.171748577091819e-07,8.171748577112694e-07,8.171748577133569e-07,8.17174857715444e-07,8.171748577175314e-07,8.171748577196189e-07,8.171748577217064e-07,8.171748577237937e-07,8.17174857725881e-07,8.171748577279687e-07,8.171748577300562e-07,8.171748577321439e-07,8.171748577342314e-07,8.171748577363189e-07,8.171748577384066e-07,8.171748577404944e-07,8.171748577425822e-07,8.171748577446698e-07,8.171748577467573e-07,8.171748577488453e-07,8.171748577509329e-07,8.171748577530206e-07,8.171748577551084e-07,8.171748577571965e-07,8.171748577592841e-07,8.17174857761372e-07,8.171748577634596e-07,8.171748577655476e-07,8.171748577676355e-07,8.171748577697236e-07,8.171748577718114e-07,8.171748577738994e-07,8.17174857775987e-07,8.171748577780751e-07,8.171748577801628e-07,8.17174857782251e-07,8.171748577843389e-07,8.171748577864272e-07,8.171748577885151e-07,8.171748577906031e-07,8.171748577926914e-07,8.171748577947794e-07,8.171748577968677e-07,8.171748577989558e-07,8.17174857801044e-07,8.171748578031321e-07,8.171748578052204e-07,8.171748578073086e-07,8.171748578093967e-07,8.171748578114849e-07,8.171748578135731e-07,8.171748578156613e-07,8.171748578177499e-07,8.171748578198382e-07,8.171748578219264e-07,8.171748578240148e-07,8.17174857826103e-07,8.171748578281914e-07,8.171748578302797e-07,8.171748578323683e-07,8.171748578344569e-07,8.171748578365454e-07,8.171748578386339e-07,8.171748578407223e-07,8.171748578428109e-07,8.171748578448992e-07,8.171748578469878e-07,8.171748578490762e-07,8.171748578511645e-07,8.171748578532532e-07,8.171748578553418e-07,8.171748578574303e-07,8.171748578595189e-07,8.171748578616075e-07,8.171748578636961e-07,8.171748578657846e-07,8.171748578678735e-07,8.171748578699622e-07,8.17174857872051e-07,8.171748578741396e-07,8.171748578762287e-07,8.171748578783171e-07,8.17174857880406e-07,8.171748578824948e-07,8.171748578845836e-07,8.171748578866724e-07,8.171748578887612e-07,8.171748578908498e-07,8.171748578929388e-07,8.171748578950276e-07,8.171748578971165e-07,8.171748578992051e-07,8.171748579012943e-07,8.171748579033832e-07,8.17174857905472e-07,8.17174857907561e-07,8.1717485790965e-07,8.171748579117391e-07,8.171748579138282e-07,8.171748579159173e-07,8.171748579180063e-07,8.171748579200957e-07,8.171748579221846e-07,8.171748579242735e-07,8.171748579263627e-07,8.171748579284518e-07,8.171748579305409e-07,8.171748579326302e-07,8.171748579347195e-07,8.171748579368086e-07,8.171748579388976e-07,8.171748579409868e-07,8.171748579430764e-07,8.171748579451655e-07,8.171748579472548e-07,8.17174857949344e-07,8.171748579514333e-07,8.171748579535226e-07,8.171748579556121e-07,8.171748579577014e-07,8.17174857959791e-07,8.171748579618805e-07,8.171748579639699e-07,8.171748579660595e-07,8.171748579681491e-07,8.171748579702385e-07,8.17174857972328e-07,8.171748579744174e-07,8.171748579765069e-07,8.171748579785965e-07,8.17174857980686e-07,8.171748579827754e-07,8.171748579848653e-07,8.171748579869549e-07,8.171748579890444e-07,8.171748579911338e-07,8.171748579932237e-07,8.171748579953135e-07,8.171748579974032e-07,8.171748579994928e-07,8.171748580015826e-07,8.171748580036725e-07,8.171748580057621e-07,8.171748580078519e-07,8.171748580099416e-07,8.171748580120315e-07,8.171748580141214e-07,8.171748580162113e-07,8.171748580183014e-07,8.171748580203913e-07,8.171748580224812e-07,8.171748580245711e-07,8.17174858026661e-07,8.171748580287507e-07,8.171748580308409e-07,8.17174858032931e-07,8.171748580350209e-07,8.171748580371108e-07,8.17174858039201e-07,8.171748580412908e-07,8.17174858043381e-07,8.171748580454709e-07,8.171748580475612e-07,8.17174858049651e-07,8.171748580517415e-07,8.171748580538314e-07,8.171748580559216e-07,8.171748580580122e-07,8.171748580601024e-07,8.171748580621928e-07,8.17174858064283e-07,8.171748580663731e-07,8.171748580684637e-07,8.171748580705538e-07,8.171748580726442e-07,8.171748580747345e-07,8.171748580768251e-07,8.171748580789153e-07,8.171748580810055e-07,8.17174858083096e-07,8.171748580851864e-07,8.171748580872768e-07,8.171748580893671e-07,8.171748580914576e-07,8.17174858093548e-07,8.171748580956383e-07,8.17174858097729e-07,8.171748580998193e-07,8.171748581019097e-07,8.171748581040003e-07,8.171748581060909e-07,8.171748581081813e-07,8.171748581102721e-07,8.171748581123626e-07,8.171748581144533e-07,8.171748581165437e-07,8.171748581186345e-07,8.171748581207255e-07,8.171748581228162e-07,8.171748581249071e-07,8.17174858126998e-07,8.171748581290887e-07,8.171748581311796e-07,8.171748581332702e-07,8.171748581353611e-07,8.171748581374519e-07,8.171748581395428e-07,8.171748581416338e-07,8.171748581437243e-07,8.171748581458154e-07,8.171748581479064e-07,8.171748581499972e-07,8.171748581520881e-07,8.171748581541791e-07,8.1717485815627e-07,8.17174858158361e-07,8.171748581604519e-07,8.171748581625426e-07,8.171748581646337e-07,8.171748581667246e-07,8.171748581688158e-07,8.17174858170907e-07,8.171748581729982e-07,8.171748581750892e-07,8.171748581771803e-07,8.171748581792714e-07,8.171748581813622e-07,8.171748581834534e-07,8.171748581855447e-07,8.171748581876358e-07,8.17174858189727e-07,8.171748581918181e-07,8.171748581939095e-07,8.171748581960008e-07,8.171748581980918e-07,8.171748582001833e-07,8.171748582022744e-07,8.171748582043655e-07,8.171748582064567e-07,8.17174858208548e-07,8.171748582106394e-07,8.171748582127308e-07,8.17174858214822e-07,8.171748582169132e-07,8.171748582190044e-07,8.171748582210959e-07,8.171748582231873e-07,8.171748582252785e-07,8.171748582273698e-07,8.171748582294614e-07,8.171748582315527e-07,8.171748582336443e-07,8.171748582357358e-07,8.171748582378275e-07,8.17174858239919e-07,8.171748582420104e-07,8.171748582441021e-07,8.171748582461938e-07,8.171748582482854e-07,8.171748582503772e-07,8.171748582524686e-07,8.171748582545603e-07,8.17174858256652e-07,8.171748582587433e-07,8.171748582608353e-07,8.171748582629267e-07,8.171748582650186e-07,8.171748582671103e-07,8.171748582692018e-07,8.171748582712937e-07,8.171748582733853e-07,8.171748582754773e-07,8.17174858277569e-07,8.171748582796608e-07,8.171748582817526e-07,8.171748582838446e-07,8.171748582859362e-07,8.171748582880283e-07,8.171748582901198e-07,8.171748582922118e-07,8.171748582943038e-07,8.171748582963955e-07,8.171748582984874e-07,8.171748583005795e-07,8.171748583026714e-07,8.171748583047631e-07,8.171748583068554e-07,8.171748583089474e-07,8.171748583110397e-07,8.171748583131313e-07,8.171748583152235e-07,8.171748583173154e-07,8.171748583194076e-07,8.171748583214996e-07,8.171748583235917e-07,8.171748583256838e-07,8.171748583277758e-07,8.17174858329868e-07,8.171748583319602e-07,8.171748583340522e-07,8.171748583361444e-07,8.171748583382366e-07,8.171748583403287e-07,8.171748583424208e-07,8.171748583445133e-07,8.171748583466054e-07,8.171748583486976e-07,8.171748583507899e-07,8.171748583528823e-07,8.171748583549745e-07,8.171748583570669e-07,8.171748583591593e-07,8.171748583612516e-07,8.17174858363344e-07,8.171748583654363e-07,8.171748583675288e-07,8.171748583696211e-07,8.171748583717136e-07,8.171748583738065e-07,8.171748583758989e-07,8.171748583779914e-07,8.171748583800836e-07,8.171748583821764e-07,8.171748583842689e-07,8.171748583863615e-07,8.171748583884542e-07,8.17174858390547e-07,8.171748583926393e-07,8.17174858394732e-07,8.171748583968247e-07,8.171748583989172e-07,8.171748584010098e-07,8.171748584031027e-07,8.171748584051953e-07,8.17174858407288e-07,8.171748584093808e-07,8.171748584114735e-07,8.171748584135663e-07,8.171748584156594e-07,8.171748584177523e-07,8.171748584198453e-07,8.171748584219379e-07,8.171748584240306e-07,8.171748584261234e-07,8.171748584282161e-07,8.171748584303089e-07,8.171748584324019e-07,8.171748584344948e-07,8.171748584365876e-07,8.171748584386808e-07,8.171748584407734e-07,8.171748584428665e-07,8.171748584449595e-07,8.171748584470523e-07,8.171748584491454e-07,8.171748584512383e-07,8.171748584533316e-07,8.171748584554246e-07,8.171748584575178e-07,8.171748584596106e-07,8.171748584617038e-07,8.17174858463797e-07,8.171748584658901e-07,8.17174858467983e-07,8.17174858470076e-07,8.171748584721695e-07,8.171748584742623e-07,8.171748584763556e-07,8.171748584784488e-07,8.171748584805419e-07,8.17174858482635e-07,8.171748584847281e-07,8.171748584868213e-07,8.171748584889146e-07,8.171748584910076e-07,8.171748584931009e-07,8.171748584951941e-07,8.171748584972877e-07,8.17174858499381e-07,8.171748585014744e-07,8.171748585035676e-07,8.171748585056607e-07,8.171748585077544e-07,8.171748585098476e-07,8.171748585119408e-07,8.171748585140344e-07,8.171748585161277e-07,8.171748585182214e-07,8.171748585203148e-07,8.171748585224082e-07,8.171748585245019e-07,8.171748585265952e-07,8.171748585286888e-07,8.171748585307823e-07,8.171748585328759e-07,8.171748585349694e-07,8.171748585370628e-07,8.171748585391565e-07,8.171748585412504e-07,8.171748585433439e-07,8.171748585454377e-07,8.171748585475315e-07,8.171748585496251e-07,8.171748585517187e-07,8.171748585538126e-07,8.171748585559064e-07,8.17174858558e-07,8.171748585600938e-07,8.171748585621876e-07,8.171748585642813e-07,8.171748585663749e-07,8.171748585684687e-07,8.171748585705627e-07,8.171748585726564e-07,8.171748585747501e-07,8.171748585768438e-07,8.17174858578938e-07,8.171748585810313e-07,8.17174858583125e-07,8.171748585852189e-07,8.171748585873129e-07,8.171748585894066e-07,8.171748585915004e-07,8.171748585935944e-07,8.171748585956883e-07,8.17174858597782e-07,8.171748585998762e-07,8.171748586019698e-07,8.17174858604064e-07,8.171748586061577e-07,8.171748586082518e-07,8.17174858610346e-07,8.171748586124399e-07,8.17174858614534e-07,8.171748586166282e-07,8.17174858618722e-07,8.17174858620827e-07,8.171748586229209e-07,8.171748586250259e-07,8.171748586271201e-07,8.171748586292138e-07,8.171748586313192e-07,8.171748586334239e-07,8.171748586355291e-07,8.17174858637634e-07,8.17174858639739e-07,8.171748586418442e-07,8.171748586439493e-07,8.171748586460542e-07,8.171748586481589e-07,8.171748586502642e-07,8.171748586523696e-07,8.171748586544744e-07,8.171748586565797e-07,8.171748586586847e-07,8.171748586607898e-07,8.171748586628951e-07,8.17174858665e-07,8.171748586671054e-07,8.171748586692105e-07,8.171748586713157e-07,8.171748586734208e-07,8.171748586755263e-07,8.171748586776314e-07,8.171748586797368e-07,8.171748586818419e-07,8.171748586839473e-07,8.171748586860524e-07,8.171748586881581e-07,8.171748586902633e-07,8.171748586923688e-07,8.17174858694474e-07,8.171748586965795e-07,8.171748586986849e-07,8.171748587007904e-07,8.171748587028958e-07,8.171748587050015e-07,8.171748587071071e-07,8.171748587092124e-07,8.17174858711318e-07,8.171748587134234e-07,8.171748587155292e-07,8.171748587176345e-07,8.171748587197399e-07,8.171748587218456e-07,8.171748587239511e-07,8.171748587260565e-07,8.171748587281621e-07,8.171748587302677e-07,8.171748587323735e-07,8.171748587344792e-07,8.17174858736585e-07,8.171748587386906e-07,8.17174858740796e-07,8.171748587429016e-07,8.171748587450071e-07,8.17174858747113e-07,8.171748587492186e-07,8.171748587513244e-07,8.1717485875343e-07,8.17174858755536e-07,8.171748587576416e-07,8.171748587597472e-07,8.17174858761853e-07,8.171748587639589e-07,8.171748587660646e-07,8.171748587681706e-07,8.171748587702767e-07,8.171748587723824e-07,8.171748587744882e-07,8.171748587765943e-07,8.171748587787004e-07,8.17174858780806e-07,8.171748587829119e-07,8.17174858785018e-07,8.171748587871239e-07,8.171748587892298e-07,8.171748587913359e-07,8.171748587934419e-07,8.171748587955481e-07,8.17174858797654e-07,8.171748587997603e-07,8.171748588018662e-07,8.17174858803972e-07,8.171748588060781e-07,8.171748588081844e-07,8.171748588102907e-07,8.171748588123967e-07,8.171748588145026e-07,8.171748588166087e-07,8.171748588187151e-07,8.17174858820821e-07,8.171748588229274e-07,8.171748588250335e-07,8.171748588271393e-07,8.17174858829246e-07,8.171748588313522e-07,8.171748588334586e-07,8.171748588355647e-07,8.171748588376712e-07,8.171748588397772e-07,8.171748588418838e-07,8.171748588439898e-07,8.171748588460962e-07,8.17174858848202e-07,8.171748588503089e-07,8.171748588524153e-07,8.171748588545217e-07,8.171748588566279e-07,8.171748588587341e-07,8.171748588608406e-07,8.171748588629472e-07,8.171748588650537e-07,8.171748588671601e-07,8.171748588692663e-07,8.171748588713729e-07,8.171748588734795e-07,8.171748588755861e-07,8.171748588776923e-07,8.171748588797992e-07,8.171748588819055e-07,8.171748588840119e-07,8.171748588861184e-07,8.171748588882251e-07,8.171748588903319e-07,8.171748588924384e-07,8.171748588945451e-07,8.171748588966514e-07,8.171748588987581e-07,8.171748589008648e-07,8.171748589029716e-07,8.171748589050785e-07,8.171748589071854e-07,8.171748589092919e-07,8.171748589113986e-07,8.171748589135054e-07,8.171748589156122e-07,8.171748589177187e-07,8.171748589198256e-07,8.171748589219326e-07,8.171748589240393e-07,8.171748589261459e-07,8.171748589282529e-07,8.171748589303598e-07,8.171748589324666e-07,8.171748589345734e-07,8.171748589366804e-07,8.171748589387871e-07,8.171748589408941e-07,8.171748589430009e-07,8.171748589451078e-07,8.171748589472148e-07,8.171748589493219e-07,8.17174858951429e-07,8.17174858953536e-07,8.171748589556428e-07,8.171748589577497e-07,8.171748589598564e-07,8.171748589619634e-07,8.171748589640706e-07,8.171748589661779e-07,8.171748589682849e-07,8.17174858970392e-07,8.171748589724991e-07,8.171748589746063e-07,8.171748589767133e-07,8.171748589788204e-07,8.171748589809274e-07,8.171748589830346e-07,8.171748589851418e-07,8.171748589872489e-07,8.17174858989356e-07,8.171748589914634e-07,8.171748589935705e-07,8.171748589956779e-07,8.171748589977851e-07,8.171748589998923e-07,8.171748590019993e-07,8.171748590041067e-07,8.171748590062141e-07,8.171748590083215e-07,8.171748590104287e-07,8.171748590125358e-07,8.17174859014643e-07,8.171748590167506e-07,8.171748590188578e-07,8.171748590209652e-07,8.171748590230725e-07,8.171748590251798e-07,8.171748590272872e-07,8.171748590293946e-07,8.171748590315021e-07,8.171748590336098e-07,8.171748590357172e-07,8.171748590378248e-07,8.171748590399322e-07,8.171748590420398e-07,8.171748590441475e-07,8.171748590462551e-07,8.171748590483624e-07,8.171748590504701e-07,8.171748590525777e-07,8.17174859054685e-07,8.17174859056793e-07,8.171748590589002e-07,8.171748590610079e-07,8.171748590631153e-07,8.171748590652233e-07,8.171748590673308e-07,8.171748590694383e-07,8.171748590715461e-07,8.171748590736536e-07,8.171748590757614e-07,8.171748590778692e-07,8.171748590799768e-07,8.171748590820846e-07,8.171748590841923e-07,8.171748590863001e-07,8.171748590884081e-07,8.171748590905157e-07,8.171748590926232e-07,8.171748590947312e-07,8.171748590968388e-07,8.171748590989468e-07,8.171748591010549e-07,8.171748591031625e-07,8.171748591052705e-07,8.171748591073782e-07,8.171748591094862e-07,8.171748591115942e-07,8.171748591137018e-07,8.171748591158099e-07,8.171748591179178e-07,8.171748591200258e-07,8.171748591221338e-07,8.171748591242418e-07,8.171748591263497e-07,8.171748591284577e-07,8.171748591305658e-07,8.171748591326739e-07,8.17174859134782e-07,8.1717485913689e-07,8.171748591389976e-07,8.17174859141106e-07,8.171748591432142e-07,8.171748591453221e-07,8.171748591474304e-07,8.171748591495385e-07,8.171748591516466e-07,8.171748591537547e-07,8.17174859155863e-07,8.171748591579712e-07,8.171748591600791e-07,8.171748591621875e-07,8.171748591642958e-07,8.171748591664038e-07,8.171748591685121e-07,8.171748591706203e-07,8.171748591727285e-07,8.171748591748367e-07,8.171748591769446e-07,8.171748591790531e-07,8.171748591811612e-07,8.171748591832696e-07,8.171748591853778e-07,8.17174859187486e-07,8.171748591895945e-07,8.171748591917031e-07,8.171748591938114e-07,8.171748591959196e-07,8.171748591980279e-07,8.171748592001364e-07,8.171748592022445e-07,8.171748592043529e-07,8.171748592064614e-07,8.1717485920857e-07,8.17174859210678e-07,8.171748592127865e-07,8.17174859214895e-07,8.171748592170034e-07,8.171748592191121e-07,8.171748592212206e-07,8.171748592233291e-07,8.171748592254374e-07,8.171748592275457e-07,8.171748592296544e-07,8.171748592317631e-07,8.171748592338715e-07,8.171748592359799e-07,8.171748592380886e-07,8.171748592401971e-07,8.171748592423059e-07,8.171748592444145e-07,8.17174859246523e-07,8.171748592486316e-07,8.171748592507401e-07,8.171748592528488e-07,8.171748592549576e-07,8.171748592570661e-07,8.17174859259175e-07,8.171748592612837e-07,8.171748592633925e-07,8.171748592655013e-07,8.1717485926761e-07,8.171748592697184e-07,8.171748592718275e-07,8.17174859273936e-07,8.17174859276045e-07,8.171748592781537e-07,8.171748592802627e-07,8.171748592823715e-07,8.171748592844802e-07,8.17174859286589e-07,8.171748592886977e-07,8.171748592908068e-07,8.171748592929154e-07,8.171748592950244e-07,8.171748592971335e-07,8.171748592992421e-07,8.171748593013512e-07,8.171748593034599e-07,8.17174859305569e-07,8.171748593076777e-07,8.17174859309787e-07,8.171748593118958e-07,8.171748593140048e-07,8.171748593161138e-07,8.171748593182226e-07,8.171748593203317e-07,8.171748593224408e-07,8.171748593245496e-07,8.171748593266589e-07,8.17174859328768e-07,8.171748593308772e-07,8.171748593329862e-07,8.171748593350955e-07,8.171748593372045e-07,8.171748593393136e-07,8.171748593414225e-07,8.171748593435318e-07,8.171748593456411e-07,8.171748593477502e-07,8.171748593498595e-07,8.171748593519686e-07,8.171748593540779e-07,8.171748593561869e-07,8.171748593582963e-07,8.171748593604053e-07,8.171748593625146e-07,8.171748593646239e-07,8.17174859366733e-07,8.171748593688426e-07,8.171748593709517e-07,8.171748593730609e-07,8.171748593751702e-07,8.171748593772795e-07,8.17174859379389e-07,8.171748593814982e-07,8.171748593836074e-07,8.171748593857168e-07,8.171748593878262e-07,8.171748593899354e-07,8.171748593920446e-07,8.171748593941541e-07,8.171748593962637e-07,8.171748593983731e-07,8.171748594004825e-07,8.17174859402592e-07,8.171748594047015e-07,8.171748594068107e-07,8.171748594089204e-07,8.171748594110297e-07,8.171748594131393e-07,8.171748594152487e-07,8.171748594173582e-07,8.171748594194677e-07,8.171748594215772e-07,8.171748594236866e-07,8.171748594257958e-07,8.171748594279054e-07,8.171748594300149e-07,8.171748594321244e-07,8.17174859434234e-07,8.171748594363438e-07,8.171748594384533e-07,8.171748594405631e-07,8.171748594426726e-07,8.171748594447821e-07,8.171748594468915e-07,8.171748594490013e-07,8.171748594511108e-07,8.171748594532206e-07,8.171748594553305e-07,8.1717485945744e-07,8.171748594595499e-07,8.171748594616594e-07,8.171748594637693e-07,8.171748594658791e-07,8.171748594679889e-07,8.171748594700985e-07,8.171748594722083e-07,8.171748594743181e-07,8.171748594764281e-07,8.171748594785379e-07,8.171748594806478e-07,8.171748594827578e-07,8.171748594848673e-07,8.171748594869774e-07,8.171748594890873e-07,8.171748594911972e-07,8.171748594933069e-07,8.171748594954168e-07,8.171748594975267e-07,8.171748594996365e-07,8.171748595017468e-07,8.17174859503857e-07,8.171748595059664e-07,8.171748595080761e-07,8.171748595101862e-07,8.171748595122962e-07,8.171748595144062e-07,8.17174859516516e-07,8.171748595186259e-07,8.17174859520736e-07,8.171748595228462e-07,8.171748595249565e-07,8.171748595270663e-07,8.171748595291768e-07,8.171748595312868e-07,8.171748595333968e-07,8.171748595355069e-07,8.17174859537617e-07,8.171748595397268e-07,8.171748595418372e-07,8.171748595439472e-07,8.171748595460574e-07,8.171748595481676e-07,8.171748595502777e-07,8.171748595523879e-07,8.17174859554498e-07,8.171748595566084e-07,8.171748595587182e-07,8.171748595608286e-07,8.171748595629388e-07,8.171748595650492e-07,8.171748595671592e-07,8.171748595692695e-07,8.171748595713798e-07,8.171748595734902e-07,8.171748595756004e-07,8.171748595777108e-07,8.171748595798209e-07,8.171748595819312e-07,8.171748595840416e-07,8.171748595861518e-07,8.171748595882623e-07,8.171748595903727e-07,8.17174859592483e-07,8.171748595945936e-07,8.171748595967038e-07,8.171748595988142e-07,8.171748596009244e-07,8.171748596030347e-07,8.171748596051453e-07,8.171748596072557e-07,8.17174859609366e-07,8.171748596114765e-07,8.171748596135871e-07,8.171748596156976e-07,8.171748596178082e-07,8.171748596199186e-07,8.17174859622029e-07,8.171748596241395e-07,8.171748596262498e-07,8.171748596283605e-07,8.171748596304708e-07,8.171748596325813e-07,8.171748596346918e-07,8.171748596368024e-07,8.17174859638913e-07,8.171748596410236e-07,8.171748596431343e-07,8.17174859645245e-07,8.171748596473558e-07,8.171748596494664e-07,8.171748596515772e-07,8.17174859653688e-07,8.171748596557986e-07,8.171748596579093e-07,8.1717485966002e-07,8.171748596621307e-07,8.171748596642413e-07,8.171748596663521e-07,8.171748596684629e-07,8.171748596705733e-07,8.171748596726841e-07,8.171748596747951e-07,8.171748596769056e-07,8.171748596790162e-07,8.17174859681127e-07,8.171748596832378e-07,8.171748596853485e-07,8.171748596874594e-07,8.171748596895702e-07,8.171748596916809e-07,8.171748596937916e-07,8.171748596959024e-07,8.171748596980134e-07,8.171748597001243e-07,8.171748597022352e-07,8.17174859704346e-07,8.171748597064567e-07,8.171748597085675e-07,8.171748597106786e-07,8.171748597127892e-07,8.171748597149002e-07,8.171748597170112e-07,8.17174859719122e-07,8.171748597212332e-07,8.171748597233441e-07,8.171748597254551e-07,8.171748597275662e-07,8.171748597296773e-07,8.171748597317885e-07,8.171748597338993e-07,8.171748597360102e-07,8.171748597381214e-07,8.171748597402322e-07,8.171748597423431e-07,8.171748597444542e-07,8.171748597465654e-07,8.171748597486762e-07,8.171748597507873e-07,8.171748597528984e-07,8.171748597550093e-07,8.171748597571202e-07,8.171748597592315e-07,8.171748597613424e-07,8.171748597634537e-07,8.171748597655644e-07,8.171748597676758e-07,8.171748597697868e-07,8.171748597718979e-07,8.171748597740091e-07,8.171748597761205e-07,8.171748597782314e-07,8.171748597803426e-07,8.171748597824537e-07,8.171748597845651e-07,8.171748597866762e-07,8.171748597887875e-07,8.17174859790899e-07,8.171748597930101e-07,8.171748597951216e-07,8.17174859797233e-07,8.171748597993442e-07,8.171748598014557e-07,8.171748598035671e-07,8.171748598056782e-07,8.171748598077894e-07,8.171748598099006e-07,8.17174859812012e-07,8.171748598141234e-07,8.171748598162346e-07,8.171748598183462e-07,8.171748598204576e-07,8.171748598225689e-07,8.171748598246802e-07,8.171748598267916e-07,8.171748598289026e-07,8.171748598310142e-07,8.171748598331256e-07,8.171748598352371e-07,8.171748598373486e-07,8.171748598394601e-07,8.171748598415715e-07,8.171748598436833e-07,8.171748598457945e-07,8.171748598479059e-07,8.171748598500173e-07,8.171748598521286e-07,8.171748598542401e-07,8.171748598563516e-07,8.17174859858463e-07,8.171748598605749e-07,8.171748598626865e-07,8.171748598647982e-07,8.171748598669097e-07,8.17174859869021e-07,8.171748598711329e-07,8.171748598732442e-07,8.171748598753559e-07,8.171748598774676e-07,8.171748598795792e-07,8.17174859881691e-07,8.171748598838026e-07,8.171748598859146e-07,8.171748598880259e-07,8.171748598901378e-07,8.171748598922495e-07,8.171748598943614e-07,8.171748598964729e-07,8.171748598985849e-07,8.171748599006966e-07,8.171748599028083e-07,8.171748599049201e-07,8.171748599070318e-07,8.171748599091433e-07,8.171748599112554e-07,8.17174859913367e-07,8.171748599154788e-07,8.171748599175905e-07,8.171748599197022e-07,8.17174859921814e-07,8.171748599239257e-07,8.171748599260376e-07,8.171748599281494e-07,8.171748599302614e-07,8.171748599323731e-07,8.171748599344849e-07,8.171748599365967e-07,8.171748599387088e-07,8.171748599408206e-07,8.171748599429323e-07,8.171748599450443e-07,8.171748599471559e-07,8.17174859949268e-07,8.171748599513799e-07,8.171748599534919e-07,8.171748599556042e-07,8.171748599577161e-07,8.171748599598279e-07,8.171748599619401e-07,8.171748599640521e-07,8.171748599661644e-07,8.171748599682763e-07,8.171748599703884e-07,8.171748599725003e-07,8.171748599746126e-07,8.171748599767242e-07,8.171748599788364e-07,8.171748599809486e-07,8.171748599830604e-07,8.171748599851727e-07,8.171748599872847e-07,8.171748599893966e-07,8.171748599915089e-07,8.171748599936213e-07,8.171748599957331e-07,8.171748599978452e-07,8.171748599999574e-07,8.171748600020696e-07,8.171748600041815e-07,8.171748600062937e-07,8.171748600084058e-07,8.17174860010518e-07,8.171748600126304e-07,8.171748600147425e-07,8.171748600168546e-07,8.171748600189669e-07,8.171748600210789e-07,8.171748600231915e-07,8.171748600253039e-07,8.171748600274161e-07,8.171748600295283e-07,8.171748600316406e-07,8.171748600337529e-07,8.171748600358652e-07,8.171748600379774e-07,8.171748600400898e-07,8.17174860042202e-07,8.171748600443144e-07,8.171748600464266e-07,8.171748600485388e-07,8.171748600506509e-07,8.17174860052763e-07,8.171748600548755e-07,8.171748600569879e-07,8.171748600591003e-07,8.171748600612126e-07,8.171748600633249e-07,8.171748600654375e-07,8.1717486006755e-07,8.171748600696626e-07,8.171748600717749e-07,8.171748600738874e-07,8.171748600759999e-07,8.171748600781123e-07,8.171748600802248e-07,8.171748600823372e-07,8.171748600844497e-07,8.171748600865622e-07,8.171748600886747e-07,8.171748600907873e-07,8.171748600928993e-07,8.171748600950121e-07,8.171748600971247e-07,8.171748600992371e-07,8.171748601013496e-07,8.17174860103462e-07,8.171748601055745e-07,8.171748601076871e-07,8.171748601097999e-07,8.171748601119124e-07,8.171748601140249e-07,8.171748601161376e-07,8.171748601182504e-07,8.171748601203629e-07,8.171748601224756e-07,8.171748601245882e-07,8.171748601267009e-07,8.171748601288137e-07,8.171748601309264e-07,8.171748601330391e-07,8.171748601351519e-07,8.171748601372641e-07,8.171748601393769e-07,8.171748601414895e-07,8.171748601436023e-07,8.171748601457152e-07,8.171748601478278e-07,8.171748601499407e-07,8.171748601520531e-07,8.171748601541657e-07,8.171748601562785e-07,8.171748601583912e-07,8.171748601605038e-07,8.171748601626167e-07,8.171748601647294e-07,8.17174860166842e-07,8.171748601689549e-07,8.171748601710676e-07,8.171748601731804e-07,8.17174860175293e-07,8.171748601774059e-07,8.171748601795191e-07,8.171748601816317e-07,8.171748601837444e-07,8.171748601858573e-07,8.171748601879703e-07,8.171748601900833e-07,8.171748601921958e-07,8.171748601943089e-07,8.171748601964217e-07,8.171748601985344e-07,8.171748602006478e-07,8.171748602027607e-07,8.171748602048736e-07,8.171748602069861e-07,8.171748602090992e-07,8.171748602112121e-07,8.17174860213325e-07,8.171748602154379e-07,8.17174860217551e-07,8.171748602196641e-07,8.17174860221777e-07,8.171748602238899e-07,8.171748602260031e-07,8.171748602281159e-07,8.171748602302288e-07,8.171748602323419e-07,8.17174860234455e-07,8.171748602365679e-07,8.17174860238681e-07,8.17174860240794e-07,8.171748602429072e-07,8.171748602450202e-07,8.171748602471329e-07,8.171748602492461e-07,8.171748602513591e-07,8.171748602534722e-07,8.171748602555852e-07,8.171748602576985e-07,8.171748602598115e-07,8.171748602619246e-07,8.171748602640377e-07,8.171748602661506e-07,8.171748602682639e-07,8.171748602703768e-07,8.1717486027249e-07,8.171748602746034e-07,8.171748602767166e-07,8.171748602788299e-07,8.171748602809432e-07,8.171748602830564e-07,8.171748602851695e-07,8.171748602872829e-07,8.17174860289396e-07,8.171748602915093e-07,8.171748602936221e-07,8.171748602957355e-07,8.171748602978485e-07,8.171748602999617e-07,8.171748603020748e-07,8.171748603041879e-07,8.171748603063008e-07,8.171748603084142e-07,8.171748603105275e-07,8.171748603126407e-07,8.171748603147539e-07,8.171748603168672e-07,8.171748603189803e-07,8.171748603210935e-07,8.171748603232065e-07,8.171748603253201e-07,8.171748603274333e-07,8.171748603295468e-07,8.171748603316603e-07,8.171748603337737e-07,8.171748603358868e-07,8.171748603380002e-07,8.171748603401135e-07,8.171748603422273e-07,8.171748603443407e-07,8.17174860346454e-07,8.171748603485675e-07,8.171748603506807e-07,8.171748603527942e-07,8.171748603549076e-07,8.171748603570211e-07,8.171748603591345e-07,8.171748603612475e-07,8.171748603633612e-07,8.171748603654744e-07,8.171748603675879e-07,8.171748603697014e-07,8.171748603718148e-07,8.171748603739284e-07,8.17174860376042e-07,8.171748603781555e-07,8.171748603802687e-07,8.171748603823822e-07,8.171748603844957e-07,8.171748603866093e-07,8.171748603887226e-07,8.171748603908361e-07,8.1717486039295e-07,8.171748603950633e-07,8.171748603971767e-07,8.171748603992904e-07,8.171748604014039e-07,8.171748604035173e-07,8.171748604056309e-07,8.171748604077445e-07,8.171748604098578e-07,8.171748604119716e-07,8.17174860414085e-07,8.171748604161987e-07,8.171748604183123e-07,8.171748604204255e-07,8.171748604225395e-07,8.171748604246528e-07,8.171748604267666e-07,8.171748604288804e-07,8.171748604309936e-07,8.171748604331076e-07,8.171748604352213e-07,8.171748604373348e-07,8.171748604394487e-07,8.17174860441562e-07,8.171748604436757e-07,8.171748604457895e-07,8.171748604479032e-07,8.17174860450017e-07,8.171748604521306e-07,8.171748604542445e-07,8.171748604563583e-07,8.171748604584721e-07,8.171748604605856e-07,8.171748604626996e-07,8.171748604648134e-07,8.171748604669269e-07,8.171748604690406e-07,8.171748604711546e-07,8.171748604732687e-07,8.171748604753825e-07,8.171748604774964e-07,8.171748604796102e-07,8.171748604817241e-07,8.17174860483838e-07,8.171748604859521e-07,8.171748604880661e-07,8.171748604901798e-07,8.171748604922936e-07,8.171748604944077e-07,8.171748604965219e-07,8.171748604986359e-07,8.171748605007501e-07,8.171748605028639e-07,8.171748605049779e-07,8.17174860507092e-07,8.17174860509206e-07,8.171748605113201e-07,8.171748605134337e-07,8.171748605155475e-07,8.171748605176615e-07,8.171748605197753e-07,8.171748605218892e-07,8.171748605240034e-07,8.171748605261173e-07,8.171748605282315e-07,8.171748605303457e-07,8.171748605324595e-07,8.171748605345737e-07,8.171748605366877e-07,8.171748605388017e-07,8.171748605409157e-07,8.171748605430297e-07,8.171748605451438e-07,8.171748605472581e-07,8.17174860549372e-07,8.171748605514862e-07,8.171748605535999e-07,8.171748605557142e-07,8.171748605578282e-07,8.171748605599425e-07,8.171748605620568e-07,8.171748605641709e-07,8.171748605662852e-07,8.171748605683993e-07,8.171748605705135e-07,8.171748605726274e-07,8.171748605747417e-07,8.171748605768558e-07,8.171748605789702e-07,8.171748605810844e-07,8.171748605831984e-07,8.171748605853127e-07,8.171748605874271e-07,8.17174860589541e-07,8.171748605916554e-07,8.171748605937695e-07,8.17174860595884e-07,8.171748605979981e-07,8.17174860600112e-07,8.171748606022265e-07,8.171748606043407e-07,8.171748606064553e-07,8.171748606085693e-07,8.171748606106838e-07,8.171748606127979e-07,8.171748606149123e-07,8.171748606170264e-07,8.171748606191409e-07,8.171748606212552e-07,8.171748606233697e-07,8.171748606254838e-07,8.171748606275984e-07,8.171748606297129e-07,8.17174860631827e-07,8.171748606339416e-07,8.171748606360559e-07,8.171748606381704e-07,8.171748606402848e-07,8.171748606423993e-07,8.171748606445135e-07,8.171748606466278e-07,8.171748606487422e-07,8.171748606508568e-07,8.171748606529711e-07,8.171748606550856e-07,8.171748606572e-07,8.171748606593142e-07,8.171748606614287e-07,8.171748606635432e-07,8.171748606656579e-07,8.171748606677724e-07,8.171748606698867e-07,8.171748606720012e-07,8.171748606741159e-07,8.1717486067623e-07,8.171748606783448e-07,8.171748606804593e-07,8.171748606825738e-07,8.171748606846883e-07,8.171748606868031e-07,8.171748606889175e-07,8.171748606910321e-07,8.171748606931466e-07,8.17174860695261e-07,8.171748606973757e-07,8.171748606994902e-07,8.171748607016048e-07,8.171748607037195e-07,8.171748607058344e-07,8.171748607079489e-07,8.171748607100633e-07,8.171748607121783e-07,8.171748607142928e-07,8.171748607164075e-07,8.171748607185219e-07,8.171748607206366e-07,8.171748607227514e-07,8.171748607248662e-07,8.171748607269807e-07,8.171748607290952e-07,8.171748607312098e-07,8.171748607333248e-07,8.171748607354394e-07,8.171748607375538e-07,8.171748607396687e-07,8.171748607417832e-07,8.171748607438982e-07,8.171748607460128e-07,8.171748607481277e-07,8.171748607502423e-07,8.171748607523573e-07,8.171748607544722e-07,8.171748607565866e-07,8.171748607587013e-07,8.171748607608166e-07,8.171748607629311e-07,8.171748607650457e-07,8.171748607671606e-07,8.171748607692751e-07,8.171748607713902e-07,8.17174860773505e-07,8.171748607756199e-07,8.171748607777347e-07,8.171748607798496e-07,8.171748607819645e-07,8.171748607840792e-07,8.171748607861942e-07,8.171748607883091e-07,8.17174860790424e-07,8.171748607925389e-07,8.17174860794654e-07,8.17174860796769e-07,8.171748607988835e-07,8.171748608009988e-07,8.171748608031138e-07,8.171748608052286e-07,8.171748608073434e-07,8.171748608094583e-07,8.171748608115733e-07,8.171748608136883e-07,8.171748608158031e-07,8.171748608179182e-07,8.171748608200336e-07,8.171748608221486e-07,8.171748608242638e-07,8.171748608263786e-07,8.171748608284939e-07,8.17174860830609e-07,8.171748608327243e-07,8.171748608348395e-07,8.171748608369549e-07,8.171748608390699e-07,8.171748608411852e-07,8.171748608433004e-07,8.171748608454158e-07,8.171748608475312e-07,8.171748608496464e-07,8.171748608517617e-07,8.171748608538767e-07,8.17174860855992e-07,8.171748608581072e-07,8.171748608602225e-07,8.171748608623376e-07,8.171748608644527e-07,8.171748608665679e-07,8.171748608686835e-07,8.171748608707985e-07,8.171748608729138e-07,8.171748608750289e-07,8.171748608771442e-07,8.171748608792595e-07,8.171748608813748e-07,8.171748608834902e-07,8.171748608856054e-07,8.171748608877209e-07,8.17174860889836e-07,8.171748608919514e-07,8.171748608940666e-07,8.171748608961821e-07,8.171748608982972e-07,8.171748609004128e-07,8.171748609025281e-07,8.171748609046434e-07,8.17174860906759e-07,8.171748609088745e-07,8.171748609109897e-07,8.171748609131052e-07,8.171748609152205e-07,8.17174860917336e-07,8.171748609194513e-07,8.171748609215666e-07,8.171748609236822e-07,8.171748609257978e-07,8.171748609279129e-07,8.171748609300284e-07,8.171748609321436e-07,8.171748609342592e-07,8.171748609363744e-07,8.171748609384899e-07,8.171748609406055e-07,8.171748609427205e-07,8.171748609448364e-07,8.171748609469517e-07,8.171748609490669e-07,8.171748609511823e-07,8.171748609532975e-07,8.17174860955413e-07,8.171748609575287e-07,8.171748609596439e-07,8.171748609617589e-07,8.171748609638739e-07,8.171748609659895e-07,8.171748609681051e-07,8.171748609702201e-07,8.171748609723356e-07,8.171748609744513e-07,8.171748609765667e-07,8.17174860978682e-07,8.171748609807973e-07,8.171748609829129e-07,8.171748609850281e-07,8.171748609871435e-07,8.171748609892587e-07,8.171748609913741e-07,8.171748609934896e-07,8.17174860995605e-07,8.171748609977205e-07,8.171748609998361e-07,8.171748610019512e-07,8.171748610040667e-07,8.171748610061822e-07,8.171748610082978e-07,8.171748610104135e-07,8.17174861012529e-07,8.171748610146445e-07,8.171748610167601e-07,8.171748610188757e-07,8.171748610209914e-07,8.171748610231069e-07,8.171748610252225e-07,8.171748610273382e-07,8.171748610294536e-07,8.171748610315691e-07,8.171748610336844e-07,8.171748610358e-07,8.171748610379157e-07,8.171748610400313e-07,8.171748610421467e-07,8.171748610442625e-07,8.171748610463781e-07,8.171748610484933e-07,8.171748610506089e-07,8.171748610527245e-07,8.171748610548404e-07,8.171748610569559e-07,8.171748610590717e-07,8.171748610611873e-07,8.171748610633029e-07,8.171748610654186e-07,8.171748610675342e-07,8.1717486106965e-07,8.171748610717658e-07,8.171748610738815e-07,8.171748610759972e-07,8.171748610781131e-07,8.171748610802289e-07,8.171748610823447e-07,8.171748610844604e-07,8.171748610865761e-07,8.171748610886919e-07,8.171748610908078e-07,8.171748610929234e-07,8.171748610950392e-07,8.171748610971548e-07,8.171748610992706e-07,8.171748611013866e-07,8.171748611035023e-07,8.171748611056181e-07,8.17174861107734e-07,8.171748611098496e-07,8.171748611119654e-07,8.171748611140812e-07,8.171748611161971e-07,8.17174861118313e-07,8.171748611204288e-07,8.171748611225444e-07,8.1717486112466e-07,8.171748611267759e-07,8.171748611288918e-07,8.171748611310076e-07,8.171748611331235e-07,8.171748611352394e-07,8.17174861137355e-07,8.171748611394706e-07,8.171748611415866e-07,8.171748611437024e-07,8.171748611458185e-07,8.171748611479344e-07,8.171748611500505e-07,8.171748611521662e-07,8.171748611542821e-07,8.171748611563981e-07,8.17174861158514e-07,8.171748611606299e-07,8.171748611627457e-07,8.171748611648618e-07,8.171748611669778e-07,8.171748611690937e-07,8.171748611712095e-07,8.171748611733253e-07,8.171748611754412e-07,8.171748611775574e-07,8.171748611796731e-07,8.171748611817889e-07,8.171748611839052e-07,8.17174861186021e-07,8.171748611881367e-07,8.171748611902527e-07,8.171748611923685e-07,8.171748611944844e-07,8.171748611966006e-07,8.171748611987165e-07,8.171748612008327e-07,8.171748612029488e-07,8.171748612050648e-07,8.171748612071809e-07,8.171748612092968e-07,8.171748612114131e-07,8.171748612135294e-07,8.171748612156455e-07,8.171748612177616e-07,8.171748612198775e-07,8.171748612219937e-07,8.171748612241099e-07,8.17174861226226e-07,8.171748612283421e-07,8.171748612304582e-07,8.171748612325742e-07,8.171748612346903e-07,8.171748612368065e-07,8.171748612389226e-07,8.171748612410387e-07,8.171748612431551e-07,8.171748612452712e-07,8.171748612473869e-07,8.171748612495034e-07,8.171748612516192e-07,8.171748612537352e-07,8.171748612558513e-07,8.171748612579674e-07,8.171748612600835e-07,8.171748612621997e-07,8.171748612643161e-07,8.171748612664322e-07,8.171748612685487e-07,8.171748612706648e-07,8.171748612727809e-07,8.17174861274897e-07,8.171748612770131e-07,8.171748612791293e-07,8.171748612812458e-07,8.171748612833621e-07,8.171748612854782e-07,8.171748612875945e-07,8.171748612897108e-07,8.171748612918269e-07,8.171748612939429e-07,8.171748612960589e-07,8.171748612981754e-07,8.171748613002919e-07,8.17174861302408e-07,8.171748613045245e-07,8.171748613066404e-07,8.171748613087568e-07,8.171748613108731e-07,8.171748613129892e-07,8.171748613151055e-07,8.171748613172218e-07,8.171748613193383e-07,8.171748613214546e-07,8.17174861323571e-07,8.171748613256876e-07,8.171748613278037e-07,8.1717486132992e-07,8.171748613320367e-07,8.17174861334153e-07,8.171748613362693e-07,8.171748613383859e-07,8.171748613405022e-07,8.171748613426186e-07,8.17174861344735e-07,8.171748613468513e-07,8.171748613489678e-07,8.171748613510845e-07,8.171748613532009e-07,8.171748613553174e-07,8.171748613574337e-07,8.171748613595502e-07,8.171748613616666e-07,8.171748613637829e-07,8.171748613658992e-07,8.171748613680159e-07,8.171748613701321e-07,8.171748613722486e-07,8.171748613743654e-07,8.171748613764815e-07,8.171748613785982e-07,8.171748613807149e-07,8.171748613828316e-07,8.171748613849483e-07,8.171748613870645e-07,8.17174861389181e-07,8.171748613912978e-07,8.171748613934141e-07,8.171748613955308e-07,8.171748613976475e-07,8.171748613997639e-07,8.171748614018802e-07,8.17174861403997e-07,8.171748614061134e-07,8.171748614082298e-07,8.171748614103467e-07,8.171748614124633e-07,8.171748614145797e-07,8.171748614166962e-07,8.171748614188126e-07,8.171748614209292e-07,8.17174861423046e-07,8.171748614251624e-07,8.171748614272788e-07,8.171748614293955e-07,8.17174861431512e-07,8.171748614336289e-07,8.171748614357454e-07,8.171748614378618e-07,8.171748614399785e-07,8.171748614420953e-07,8.17174861444212e-07,8.171748614463286e-07,8.17174861448445e-07,8.171748614505621e-07,8.171748614526787e-07,8.171748614547953e-07,8.171748614569122e-07,8.171748614590288e-07,8.171748614611454e-07,8.171748614632621e-07,8.171748614653787e-07,8.171748614674957e-07,8.171748614696123e-07,8.171748614717291e-07,8.171748614738458e-07,8.171748614759626e-07,8.171748614780792e-07,8.171748614801959e-07,8.171748614823129e-07,8.171748614844297e-07,8.171748614865466e-07,8.171748614886632e-07,8.1717486149078e-07,8.171748614928964e-07,8.171748614950132e-07,8.171748614971299e-07,8.171748614992466e-07,8.171748615013635e-07,8.171748615034803e-07,8.171748615055969e-07,8.171748615077138e-07,8.171748615098305e-07,8.171748615119473e-07,8.171748615140639e-07,8.171748615161808e-07,8.171748615182977e-07,8.171748615204144e-07,8.171748615225313e-07,8.171748615246479e-07,8.171748615267649e-07,8.171748615288819e-07,8.171748615309991e-07,8.171748615331158e-07,8.171748615352329e-07,8.171748615373497e-07,8.171748615394665e-07,8.171748615415833e-07,8.171748615437005e-07,8.171748615458175e-07,8.171748615479345e-07,8.171748615500513e-07,8.171748615521682e-07,8.171748615542852e-07,8.171748615564022e-07,8.17174861558519e-07,8.17174861560636e-07,8.171748615627529e-07,8.171748615648699e-07,8.171748615669868e-07,8.171748615691037e-07,8.171748615712203e-07,8.171748615733378e-07,8.171748615754547e-07,8.171748615775716e-07,8.171748615796884e-07,8.171748615818053e-07,8.171748615839221e-07,8.171748615860391e-07,8.171748615881562e-07,8.171748615902733e-07,8.171748615923903e-07,8.171748615945073e-07,8.171748615966243e-07,8.171748615987414e-07,8.171748616008583e-07,8.171748616029754e-07,8.17174861605092e-07,8.171748616072094e-07,8.171748616093266e-07,8.171748616114436e-07,8.171748616135606e-07,8.171748616156775e-07,8.171748616177946e-07,8.171748616199115e-07,8.171748616220287e-07,8.171748616241457e-07,8.171748616262629e-07,8.1717486162838e-07,8.171748616304971e-07,8.171748616326141e-07,8.171748616347313e-07,8.171748616368485e-07,8.171748616389654e-07,8.171748616410827e-07,8.171748616431998e-07,8.17174861645317e-07,8.171748616474338e-07,8.17174861649551e-07,8.171748616516679e-07,8.171748616537851e-07,8.171748616559025e-07,8.171748616580196e-07,8.171748616601368e-07,8.171748616622537e-07,8.171748616643709e-07,8.171748616664879e-07,8.171748616686052e-07,8.171748616707225e-07,8.171748616728396e-07,8.171748616749568e-07,8.171748616770739e-07,8.171748616791913e-07,8.171748616813087e-07,8.171748616834258e-07,8.171748616855431e-07,8.171748616876606e-07,8.171748616897777e-07,8.17174861691895e-07,8.171748616940122e-07,8.171748616961294e-07,8.171748616982467e-07,8.171748617003639e-07,8.17174861702481e-07,8.171748617045983e-07,8.171748617067158e-07,8.171748617088331e-07,8.171748617109503e-07,8.171748617130677e-07,8.171748617151849e-07,8.171748617173019e-07,8.171748617194191e-07,8.171748617215363e-07,8.171748617236537e-07,8.171748617257709e-07,8.171748617278881e-07,8.171748617300055e-07,8.171748617321227e-07,8.171748617342402e-07,8.171748617363576e-07,8.171748617384747e-07,8.171748617405923e-07,8.171748617427095e-07,8.171748617448266e-07,8.17174861746944e-07,8.171748617490617e-07,8.171748617511788e-07,8.171748617532962e-07,8.171748617554135e-07,8.171748617575306e-07,8.171748617596477e-07,8.171748617617652e-07,8.171748617638827e-07,8.171748617660002e-07,8.171748617681178e-07,8.171748617702351e-07,8.171748617723527e-07,8.171748617744701e-07,8.171748617765875e-07,8.171748617787049e-07,8.171748617808221e-07,8.171748617829396e-07,8.17174861785057e-07,8.171748617871745e-07,8.171748617892919e-07,8.171748617914093e-07,8.171748617935268e-07,8.171748617956442e-07,8.171748617977616e-07,8.171748617998791e-07,8.171748618019965e-07,8.171748618041137e-07,8.171748618062313e-07,8.171748618083488e-07,8.171748618104663e-07,8.171748618125838e-07,8.171748618147011e-07,8.171748618168185e-07,8.171748618189361e-07,8.171748618210536e-07,8.171748618231707e-07,8.171748618252882e-07,8.17174861827406e-07,8.171748618295234e-07,8.171748618316408e-07,8.171748618337584e-07,8.171748618358758e-07,8.171748618379935e-07,8.171748618401111e-07,8.171748618422288e-07,8.171748618443462e-07,8.171748618464637e-07,8.171748618485814e-07,8.171748618506991e-07,8.171748618528167e-07,8.171748618549341e-07,8.171748618570517e-07,8.171748618591694e-07,8.171748618612868e-07,8.171748618634045e-07,8.171748618655222e-07,8.171748618676397e-07,8.171748618697572e-07,8.171748618718747e-07,8.171748618739925e-07,8.1717486187611e-07,8.171748618782274e-07,8.171748618803452e-07,8.171748618824629e-07,8.171748618845804e-07,8.171748618866981e-07,8.171748618888158e-07,8.171748618909334e-07,8.171748618930509e-07,8.171748618951684e-07,8.17174861897286e-07,8.171748618994039e-07,8.171748619015214e-07,8.171748619036388e-07,8.171748619057566e-07,8.17174861907874e-07,8.17174861909992e-07,8.171748619121094e-07,8.171748619142269e-07,8.171748619163448e-07,8.171748619184625e-07,8.171748619205801e-07,8.171748619226979e-07,8.171748619248155e-07,8.171748619269336e-07,8.171748619290511e-07,8.171748619311687e-07,8.171748619332866e-07,8.171748619354045e-07,8.171748619375222e-07,8.171748619396401e-07,8.171748619417576e-07,8.171748619438755e-07,8.171748619459931e-07,8.171748619481111e-07,8.171748619502287e-07,8.171748619523467e-07,8.171748619544641e-07,8.171748619565822e-07,8.171748619586999e-07,8.171748619608176e-07,8.171748619629356e-07,8.171748619650531e-07,8.17174861967171e-07,8.171748619692889e-07,8.171748619714067e-07,8.171748619735246e-07,8.171748619756425e-07,8.171748619777603e-07,8.171748619798778e-07,8.171748619819957e-07,8.171748619841138e-07,8.171748619862315e-07,8.171748619883496e-07,8.171748619904671e-07,8.171748619925851e-07,8.171748619947026e-07,8.171748619968207e-07,8.171748619989386e-07,8.171748620010566e-07,8.17174862003174e-07,8.171748620052921e-07,8.171748620074099e-07,8.171748620095277e-07,8.171748620116457e-07,8.171748620137638e-07,8.171748620158815e-07,8.171748620179994e-07,8.171748620201172e-07,8.171748620222353e-07,8.171748620243532e-07,8.171748620264709e-07,8.17174862028589e-07,8.171748620307069e-07,8.171748620328249e-07,8.171748620349428e-07,8.171748620370607e-07,8.171748620391787e-07,8.171748620412966e-07,8.171748620434146e-07,8.171748620455326e-07,8.171748620476504e-07,8.171748620497685e-07,8.171748620518864e-07,8.171748620540043e-07,8.171748620561226e-07,8.171748620582404e-07,8.171748620603583e-07,8.171748620624764e-07,8.171748620645946e-07,8.171748620667125e-07,8.171748620688304e-07,8.171748620709483e-07,8.171748620730663e-07,8.171748620751843e-07,8.171748620773022e-07,8.171748620794206e-07,8.171748620815387e-07,8.171748620836566e-07,8.171748620857746e-07,8.171748620878925e-07,8.171748620900107e-07,8.171748620921283e-07,8.171748620942464e-07,8.171748620963645e-07,8.171748620984827e-07,8.171748621006009e-07,8.171748621027188e-07,8.171748621048369e-07,8.171748621069547e-07,8.171748621090729e-07,8.171748621111908e-07,8.171748621133087e-07,8.171748621154267e-07,8.171748621175449e-07,8.17174862119663e-07,8.17174862121781e-07,8.171748621238992e-07,8.171748621260173e-07,8.171748621281355e-07,8.171748621302535e-07,8.171748621323716e-07,8.171748621344898e-07,8.171748621366078e-07,8.171748621387262e-07,8.171748621408442e-07,8.171748621429625e-07,8.171748621450805e-07,8.171748621471987e-07,8.171748621493169e-07,8.17174862151435e-07,8.171748621535533e-07,8.171748621556714e-07,8.171748621577894e-07,8.171748621599076e-07,8.171748621620255e-07,8.171748621641437e-07,8.17174862166262e-07,8.171748621683798e-07,8.171748621704981e-07,8.171748621726166e-07,8.171748621747347e-07,8.17174862176853e-07,8.171748621789712e-07,8.171748621810893e-07,8.171748621832077e-07,8.171748621853258e-07,8.17174862187444e-07,8.17174862189562e-07,8.171748621916803e-07,8.171748621937986e-07,8.171748621959168e-07,8.17174862198035e-07,8.171748622001534e-07,8.171748622022715e-07,8.171748622043899e-07,8.171748622065084e-07,8.171748622086266e-07,8.171748622107446e-07,8.171748622128628e-07,8.171748622149813e-07,8.171748622170995e-07,8.171748622192178e-07,8.17174862221336e-07,8.171748622234545e-07,8.171748622255725e-07,8.171748622276907e-07,8.171748622298089e-07,8.171748622319272e-07,8.171748622340454e-07,8.171748622361639e-07,8.171748622382821e-07,8.171748622404003e-07,8.171748622425187e-07,8.171748622446369e-07,8.171748622467554e-07,8.171748622488736e-07,8.171748622509918e-07,8.171748622531105e-07,8.171748622552289e-07,8.171748622573473e-07,8.171748622594657e-07,8.171748622615841e-07,8.171748622637026e-07,8.17174862265821e-07,8.171748622679396e-07,8.171748622700578e-07,8.17174862272176e-07,8.171748622742944e-07,8.171748622764129e-07,8.171748622785312e-07,8.171748622806498e-07,8.171748622827683e-07,8.171748622848867e-07,8.171748622870053e-07,8.171748622891236e-07,8.171748622912419e-07,8.171748622933603e-07,8.171748622954789e-07,8.171748622975974e-07,8.17174862299716e-07,8.171748623018343e-07,8.17174862303953e-07,8.171748623060714e-07,8.171748623081899e-07,8.171748623103084e-07,8.171748623124268e-07,8.171748623145451e-07,8.171748623166634e-07,8.171748623187819e-07,8.171748623209003e-07,8.171748623230187e-07,8.171748623251372e-07,8.171748623272558e-07,8.17174862329374e-07,8.171748623314926e-07,8.171748623336112e-07,8.171748623357296e-07,8.171748623378477e-07,8.171748623399664e-07,8.171748623420849e-07,8.171748623442037e-07,8.171748623463221e-07,8.171748623484406e-07,8.17174862350559e-07,8.171748623526774e-07,8.17174862354796e-07,8.171748623569144e-07,8.171748623590331e-07,8.171748623611513e-07,8.171748623632699e-07,8.171748623653882e-07,8.171748623675068e-07,8.171748623696252e-07,8.171748623717438e-07,8.171748623738622e-07,8.171748623759809e-07,8.171748623780997e-07,8.171748623802179e-07,8.171748623823369e-07,8.171748623844552e-07,8.171748623865743e-07,8.171748623886929e-07,8.171748623908114e-07,8.171748623929296e-07,8.171748623950481e-07,8.171748623971664e-07,8.171748623992851e-07,8.171748624014037e-07,8.171748624035223e-07,8.171748624056409e-07,8.171748624077594e-07,8.171748624098778e-07,8.171748624119963e-07,8.171748624141146e-07,8.171748624162333e-07,8.171748624183519e-07,8.171748624204704e-07,8.171748624225889e-07,8.171748624247074e-07,8.17174862426826e-07,8.17174862428945e-07,8.171748624310632e-07,8.171748624331816e-07,8.171748624353004e-07,8.171748624374189e-07,8.171748624395375e-07,8.171748624416562e-07,8.171748624437747e-07,8.171748624458938e-07,8.171748624480123e-07,8.171748624501308e-07,8.171748624522496e-07,8.171748624543682e-07,8.171748624564868e-07,8.171748624586053e-07,8.171748624607242e-07,8.171748624628431e-07,8.171748624649615e-07,8.171748624670802e-07,8.171748624691987e-07,8.171748624713174e-07,8.171748624734363e-07,8.171748624755549e-07,8.171748624776736e-07,8.171748624797922e-07,8.17174862481911e-07,8.1717486248403e-07,8.171748624861488e-07,8.171748624882674e-07,8.171748624903863e-07,8.17174862492505e-07,8.171748624946238e-07,8.171748624967427e-07,8.171748624988615e-07,8.171748625009805e-07,8.171748625030992e-07,8.17174862505218e-07,8.17174862507337e-07,8.171748625094561e-07,8.171748625115746e-07,8.171748625136934e-07,8.171748625158121e-07,8.171748625179312e-07,8.171748625200502e-07,8.171748625221689e-07,8.171748625242876e-07,8.171748625264069e-07,8.171748625285259e-07,8.171748625306448e-07,8.17174862532764e-07,8.171748625348827e-07,8.171748625370014e-07,8.171748625391204e-07,8.171748625412391e-07,8.171748625433581e-07,8.171748625454769e-07,8.171748625475956e-07,8.171748625497145e-07,8.171748625518336e-07,8.171748625539527e-07,8.171748625560714e-07,8.1717486255819e-07,8.171748625603089e-07,8.171748625624279e-07,8.171748625645467e-07,8.171748625666655e-07,8.171748625687843e-07,8.171748625709034e-07,8.171748625730222e-07,8.171748625751408e-07,8.171748625772599e-07,8.171748625793785e-07,8.171748625814977e-07,8.171748625836165e-07,8.171748625857356e-07,8.171748625878545e-07,8.171748625899735e-07,8.171748625920925e-07,8.171748625942113e-07,8.171748625963304e-07,8.171748625984495e-07,8.171748626005683e-07,8.171748626026872e-07,8.171748626048064e-07,8.171748626069253e-07,8.171748626090442e-07,8.171748626111631e-07,8.171748626132824e-07,8.171748626154014e-07,8.171748626175203e-07,8.171748626196394e-07,8.171748626217584e-07,8.171748626238775e-07,8.171748626259965e-07,8.171748626281155e-07,8.171748626302347e-07,8.171748626323536e-07,8.171748626344728e-07,8.171748626365915e-07,8.171748626387107e-07,8.171748626408294e-07,8.171748626429486e-07,8.171748626450677e-07,8.171748626471865e-07,8.171748626493053e-07,8.171748626514247e-07,8.171748626535437e-07,8.171748626556626e-07,8.171748626577817e-07,8.171748626599009e-07,8.171748626620198e-07,8.171748626641389e-07,8.171748626662583e-07,8.171748626683772e-07,8.171748626704962e-07,8.171748626726152e-07,8.171748626747342e-07,8.171748626768535e-07,8.171748626789725e-07,8.171748626810916e-07,8.171748626832105e-07,8.171748626853297e-07,8.17174862687449e-07,8.171748626895679e-07,8.171748626916871e-07,8.171748626938061e-07,8.171748626959253e-07,8.171748626980445e-07,8.171748627001635e-07,8.171748627022825e-07,8.171748627044017e-07,8.171748627065207e-07,8.171748627086399e-07,8.17174862710759e-07,8.171748627128781e-07,8.171748627149973e-07,8.171748627171164e-07,8.171748627192356e-07,8.171748627213546e-07,8.171748627234737e-07,8.17174862725593e-07,8.17174862727712e-07,8.171748627298314e-07,8.171748627319507e-07,8.171748627340697e-07,8.171748627361888e-07,8.171748627383079e-07,8.171748627404272e-07,8.171748627425462e-07,8.171748627446655e-07,8.171748627467847e-07,8.171748627489037e-07,8.171748627510232e-07,8.171748627531421e-07,8.171748627552614e-07,8.171748627573807e-07,8.171748627594997e-07,8.171748627616192e-07,8.171748627637382e-07,8.171748627658575e-07,8.171748627679769e-07,8.171748627700962e-07,8.171748627722153e-07,8.171748627743347e-07,8.171748627764539e-07,8.171748627785732e-07,8.171748627806923e-07,8.171748627828115e-07,8.171748627849308e-07,8.171748627870501e-07,8.171748627891694e-07,8.171748627912887e-07,8.17174862793408e-07,8.171748627955273e-07,8.171748627976462e-07,8.171748627997657e-07,8.17174862801885e-07,8.171748628040037e-07,8.171748628061229e-07,8.171748628082423e-07,8.171748628103614e-07,8.171748628124806e-07,8.171748628146001e-07,8.171748628167192e-07,8.171748628188386e-07,8.171748628209582e-07,8.171748628230771e-07,8.171748628251966e-07,8.171748628273159e-07,8.171748628294352e-07,8.171748628315547e-07,8.171748628336738e-07,8.171748628357933e-07,8.171748628379125e-07,8.17174862840032e-07,8.171748628421512e-07,8.171748628442707e-07,8.171748628463901e-07,8.171748628485093e-07,8.171748628506288e-07,8.171748628527479e-07,8.171748628548672e-07,8.171748628569867e-07,8.17174862859106e-07,8.171748628612252e-07,8.171748628633446e-07,8.17174862865464e-07,8.171748628675835e-07,8.171748628697027e-07,8.171748628718221e-07,8.171748628739414e-07,8.171748628760608e-07,8.171748628781801e-07,8.171748628802996e-07,8.171748628824188e-07,8.17174862884538e-07,8.171748628866576e-07,8.17174862888777e-07,8.171748628908966e-07,8.171748628930159e-07,8.171748628951354e-07,8.171748628972549e-07,8.171748628993744e-07,8.171748629014937e-07,8.171748629036132e-07,8.171748629057326e-07,8.171748629078523e-07,8.171748629099718e-07,8.171748629120912e-07,8.171748629142105e-07,8.171748629163298e-07,8.171748629184493e-07,8.171748629205688e-07,8.171748629226885e-07,8.171748629248078e-07,8.171748629269271e-07,8.171748629290464e-07,8.171748629311659e-07,8.171748629332855e-07,8.17174862935405e-07,8.171748629375245e-07,8.171748629396439e-07,8.171748629417634e-07,8.17174862943883e-07,8.171748629460025e-07,8.171748629481218e-07,8.171748629502415e-07,8.17174862952361e-07,8.171748629544806e-07,8.171748629566002e-07,8.171748629587198e-07,8.171748629608392e-07,8.171748629629587e-07,8.171748629650782e-07,8.171748629671977e-07,8.171748629693174e-07,8.17174862971437e-07,8.171748629735564e-07,8.171748629756759e-07,8.171748629777956e-07,8.171748629799152e-07,8.171748629820346e-07,8.171748629841543e-07,8.171748629862739e-07,8.171748629883933e-07,8.17174862990513e-07,8.171748629926325e-07,8.17174862994752e-07,8.171748629968714e-07,8.171748629989909e-07,8.171748630011102e-07,8.171748630032299e-07,8.171748630053494e-07,8.171748630074692e-07,8.171748630095887e-07,8.171748630117082e-07,8.171748630138279e-07,8.171748630159474e-07,8.171748630180668e-07,8.171748630201865e-07,8.17174863022306e-07,8.171748630244257e-07,8.171748630265451e-07,8.171748630286649e-07,8.171748630307846e-07,8.171748630329043e-07,8.17174863035024e-07,8.171748630371436e-07,8.171748630392633e-07,8.171748630413828e-07,8.171748630435026e-07,8.171748630456221e-07,8.171748630477418e-07,8.171748630498614e-07,8.171748630519811e-07,8.171748630541008e-07,8.171748630562206e-07,8.171748630583399e-07,8.171748630604596e-07,8.171748630625793e-07,8.171748630646989e-07,8.171748630668184e-07,8.171748630689381e-07,8.171748630710576e-07,8.171748630731773e-07,8.171748630752967e-07,8.171748630774164e-07,8.17174863079536e-07,8.171748630816557e-07,8.171748630837753e-07,8.17174863085895e-07,8.171748630880145e-07,8.171748630901345e-07,8.17174863092254e-07,8.171748630943735e-07,8.17174863096493e-07,8.171748630986127e-07,8.171748631007327e-07,8.171748631028524e-07,8.171748631049723e-07,8.171748631070919e-07,8.171748631092118e-07,8.171748631113315e-07,8.17174863113451e-07,8.171748631155707e-07,8.171748631176906e-07,8.1717486311981e-07,8.171748631219298e-07,8.171748631240497e-07,8.171748631261693e-07,8.171748631282892e-07,8.171748631304089e-07,8.171748631325286e-07,8.171748631346481e-07,8.171748631367681e-07,8.171748631388877e-07
10,0.0,0.0,0.0,0.0,0.0,0.0,0.0,0.0,0.0,0.0,0.0,0.0,0.0,0.0,0.0,0.0,0.0,0.0,0.0,0.0,0.0,0.0,0.0,0.0,0.0,0.0,0.0,0.0,0.0,0.0,0.0,0.0,0.0,0.0,0.0,0.0,0.0,0.0,0.0,0.0,0.0,0.0,0.0,0.0,0.0,0.0,0.0,0.0,0.0,0.0,0.0,0.0,0.0,0.0,0.0,0.0,0.0,0.0,0.0,0.0,0.0,0.0,0.0,0.0,0.0,0.0,0.0,0.0,0.0,0.0,0.0,0.0,0.0,0.0,0.0,0.0,0.0,0.0,0.0,0.0,0.0,0.0,0.0,0.0,0.0,0.0,0.0,0.0,0.0,0.0,0.0,0.0,0.0,0.0,0.0,0.0,0.0,0.0,0.0,0.0,0.0,0.0,0.0,0.0,0.0,0.0,0.0,0.0,0.0,0.0,0.0,0.0,0.0,0.0,0.0,0.0,0.0,0.0,0.0,0.0,0.0,0.0,0.0,0.0,0.0,0.0,0.0,0.0,0.0,0.0,0.0,0.0,0.0,0.0,0.0,0.0,0.0,0.0,0.0,0.0,0.0,0.0,0.0,0.0,0.0,0.0,0.0,0.0,0.0,0.0,0.0,0.0,0.0,0.0,0.0,0.0,0.0,0.0,0.0,0.0,0.0,0.0,0.0,0.0,0.0,0.0,0.0,0.0,0.0,0.0,0.0,0.0,0.0,0.0,0.0,0.0,0.0,0.0,0.0,0.0,0.0,0.0,0.0,0.0,0.0,0.0,0.0,0.0,0.0,0.0,0.0,0.0,0.0,0.0,0.0,0.0,0.0,0.0,0.0,0.0,0.0,0.0,0.0,0.0,0.0,0.0,0.0,0.0,0.0,0.0,0.0,0.0,0.0,0.0,0.0,0.0,0.0,0.0,0.0,0.0,0.0,0.0,0.0,0.0,0.0,0.0,0.0,0.0,0.0,0.0,0.0,0.0,0.0,0.0,0.0,0.0,0.0,0.0,0.0,0.0,0.0,0.0,0.0,0.0,0.0,0.0,0.0,0.0,0.0,0.0,0.0,0.0,0.0,0.0,0.0,0.0,0.0,0.0,0.0,0.0,0.0,0.0,0.0,0.0,0.0,0.0,0.0,0.0,0.0,0.0,0.0,0.0,0.0,0.0,0.0,0.0,0.0,0.0,0.0,0.0,0.0,0.0,0.0,0.0,0.0,0.0,0.0,0.0,0.0,0.0,0.0,0.0,0.0,0.0,0.0,0.0,0.0,0.0,0.0,0.0,0.0,0.0,0.0,0.0,0.0,0.0,0.0,0.0,0.0,0.0,0.0,0.0,0.0,0.0,0.0,0.0,0.0,0.0,0.0,0.0,0.0,0.0,0.0,0.0,0.0,0.0,0.0,0.0,0.0,0.0,0.0,0.0,0.0,0.0,0.0,0.0,0.0,0.0,0.0,0.0,0.0,0.0,0.0,0.0,0.0,0.0,0.0,0.0,0.0,0.0,0.0,0.0,0.0,0.0,0.0,0.0,0.0,0.0,0.0,0.0,0.0,0.0,0.0,0.0,0.0,0.0,0.0,0.0,0.0,0.0,0.0,0.0,0.0,0.0,0.0,0.0,0.0,0.0,0.0,0.0,0.0,0.0,0.0,0.0,0.0,0.0,0.0,0.0,0.0,0.0,0.0,0.0,0.0,0.0,0.0,0.0,0.0,0.0,0.0,0.0,0.0,0.0,0.0,0.0,0.0,0.0,0.0,0.0,0.0,0.0,0.0,0.0,0.0,0.0,0.0,0.0,0.0,0.0,0.0,0.0,0.0,0.0,0.0,0.0,0.0,0.0,0.0,0.0,0.0,0.0,0.0,0.0,0.0,0.0,0.0,0.0,0.0,0.0,0.0,0.0,0.0,0.0,0.0,0.0,0.0,0.0,0.0,0.0,0.0,0.0,0.0,0.0,0.0,0.0,0.0,0.0,0.0,0.0,0.0,0.0,0.0,0.0,0.0,0.0,0.0,0.0,0.0,0.0,0.0,0.0,0.0,0.0,0.0,0.0,0.0,0.0,0.0,0.0,0.0,0.0,0.0,0.0,0.0,0.0,0.0,0.0,0.0,0.0,0.0,0.0,0.0,0.0,0.0,0.0,0.0,0.0,0.0,0.0,0.0,0.0,0.0,0.0,0.0,0.0,0.0,0.0,0.0,0.0,0.0,0.0,0.0,0.0,0.0,0.0,0.0,0.0,0.0,0.0,0.0,0.0,0.0,0.0,0.0,0.0,0.0,0.0,0.0,0.0,0.0,0.0,0.0,0.0,0.0,0.0,0.0,0.0,0.0,0.0,0.0,0.0,0.0,0.0,0.0,0.0,0.0,0.0,0.0,0.0,0.0,0.0,0.0,0.0,0.0,0.0,0.0,0.0,0.0,0.0,0.0,0.0,0.0,0.0,0.0,0.0,0.0,0.0,0.0,0.0,0.0,0.0,0.0,0.0,0.0,0.0,0.0,0.0,0.0,0.0,0.0,0.0,0.0,0.0,0.0,0.0,0.0,0.0,0.0,0.0,0.0,0.0,0.0,0.0,0.0,0.0,0.0,0.0,0.0,0.0,0.0,0.0,0.0,0.0,0.0,0.0,0.0,0.0,0.0,0.0,0.0,0.0,0.0,0.0,0.0,0.0,0.0,0.0,0.0,0.0,0.0,0.0,0.0,0.0,0.0,0.0,0.0,0.0,0.0,0.0,0.0,0.0,0.0,0.0,0.0,0.0,0.0,0.0,0.0,0.0,0.0,0.0,0.0,0.0,0.0,0.0,0.0,0.0,0.0,0.0,0.0,0.0,0.0,0.0,0.0,0.0,0.0,0.0,0.0,0.0,0.0,0.0,0.0,0.0,0.0,0.0,0.0,0.0,0.0,0.0,0.0,0.0,0.0,0.0,0.0,0.0,0.0,0.0,0.0,0.0,0.0,0.0,0.0,0.0,0.0,0.0,0.0,0.0,0.0,0.0,0.0,0.0,0.0,0.0,0.0,0.0,0.0,0.0,0.0,0.0,0.0,0.0,0.0,0.0,0.0,0.0,0.0,0.0,0.0,0.0,0.0,0.0,0.0,0.0,0.0,0.0,0.0,0.0,0.0,0.0,0.0,0.0,0.0,0.0,0.0,0.0,0.0,0.0,0.0,0.0,0.0,0.0,0.0,0.0,0.0,0.0,0.0,0.0,0.0,0.0,0.0,0.0,0.0,0.0,0.0,0.0,0.0,0.0,0.0,0.0,0.0,0.0,0.0,0.0,0.0,0.0,0.0,0.0,0.0,0.0,0.0,0.0,0.0,0.0,0.0,0.0,0.0,0.0,0.0,0.0,0.0,0.0,0.0,0.0,0.0,0.0,0.0,0.0,0.0,0.0,0.0,0.0,0.0,0.0,0.0,0.0,0.0,0.0,0.0,0.0,0.0,0.0,0.0,0.0,0.0,0.0,0.0,0.0,0.0,0.0,0.0,0.0,0.0,0.0,0.0,0.0,0.0,0.0,0.0,0.0,0.0,0.0,0.0,0.0,0.0,0.0,0.0,0.0,0.0,0.0,0.0,0.0,0.0,0.0,0.0,0.0,0.0,0.0,0.0,0.0,0.0,0.0,0.0,0.0,0.0,0.0,0.0,0.0,0.0,0.0,0.0,0.0,0.0,0.0,0.0,0.0,0.0,0.0,0.0,0.0,0.0,0.0,0.0,0.0,0.0,0.0,0.0,0.0,0.0,0.0,0.0,0.0,0.0,0.0,0.0,0.0,0.0,0.0,0.0,0.0,0.0,0.0,0.0,0.0,0.0,0.0,0.0,0.0,0.0,0.0,0.0,0.0,0.0,0.0,0.0,0.0,0.0,0.0,0.0,0.0,0.0,0.0,0.0,0.0,0.0,0.0,0.0,0.0,0.0,0.0,0.0,0.0,0.0,0.0,0.0,0.0,0.0,0.0,0.0,0.0,0.0,0.0,0.0,0.0,0.0,0.0,0.0,0.0,0.0,0.0,0.0,0.0,0.0,0.0,0.0,0.0,0.0,0.0,0.0,0.0,0.0,0.0,0.0,0.0,0.0,0.0,0.0,0.0,0.0,0.0,0.0,0.0,0.0,0.0,0.0,0.0,0.0,0.0,0.0,0.0,0.0,0.0,0.0,0.0,0.0,0.0,0.0,0.0,0.0,0.0,0.0,0.0,0.0,0.0,0.0,0.0,0.0,0.0,0.0,0.0,0.0,0.0,0.0,0.0,0.0,0.0,0.0,0.0,0.0,0.0,0.0,0.0,0.0,0.0,0.0,0.0,0.0,0.0,0.0,0.0,0.0,0.0,0.0,0.0,0.0,0.0,0.0,0.0,0.0,0.0,0.0,0.0,4.952708439508475e-33,9.94180990486157e-33,1.4967301045294725e-32,2.0029184002616107e-32,2.5127459479233485e-32,3.026212798603503e-32,3.5433191335041575e-32,4.064064983154537e-32,4.5884499574080467e-32,5.116474516447336e-32,5.64813868690227e-32,6.183442073387629e-32,6.722385149375193e-32,7.26496794859997e-32,7.811190071185617e-32,8.361051850580777e-32,8.91455348075343e-32,9.471694996551027e-32,1.0032475995145988e-31,1.0596896973168516e-31,1.1164957964180767e-31,1.1736658563906053e-31,1.231199911668654e-31,1.2890979822220993e-31,1.3473600412368698e-31,1.4059861247486453e-31,1.4649762050536508e-31,1.5243303026182207e-31,1.584048438251831e-31,1.6441306160144224e-31,1.7045767921045088e-31,1.7653870198197466e-31,1.8265612705769914e-31,1.8880995820668086e-31,1.950001925502897e-31,2.012268339330014e-31,2.074898793573084e-31,2.1378933100458243e-31,2.2012519107728377e-31,2.2649745654872125e-31,2.329061296223437e-31,2.3935121251296598e-31,2.4583270218408517e-31,2.5235060265271463e-31,2.589049107874781e-31,2.6549563062320623e-31,2.7212275910507616e-31,2.787863002231048e-31,2.8548625444572e-31,2.922226170142639e-31,2.989953936819781e-31,3.058045813704102e-31,3.1265018234367572e-31,3.195321989441329e-31,3.2645063157983755e-31,3.334054753473361e-31,3.403967362057702e-31,3.474244109653936e-31,3.544885038351562e-31,3.6158901158106263e-31,3.6872593860007716e-31,3.7589928514280516e-31,3.831090461589475e-31,3.9035522784869215e-31,3.9763783074714635e-31,4.049568496358126e-31,4.123122908659111e-31,4.197041548220469e-31,4.271324362563975e-31,4.345971416652914e-31,4.420982713199331e-31,4.496358200571053e-31,4.572097922955351e-31,4.648201905805497e-31,4.724670154615691e-31,4.80150261462968e-31,4.878699351754851e-31,4.956260370687166e-31,5.034185617739434e-31,5.112475159814845e-31,5.191128999878856e-31,5.27014708428101e-31,5.349529482453289e-31,5.429276153446462e-31,5.509387147049843e-31,5.589862427663583e-31,5.670702021793361e-31,5.75190593529296e-31,5.833474195779664e-31,5.915406807737212e-31,5.997703715028926e-31,6.080364986514121e-31,6.163390629008332e-31,6.246780584206529e-31,6.33053492257953e-31,6.414653606909498e-31,6.499136687083678e-31,6.58398412536783e-31,6.669195970922203e-31,6.754772232217797e-31,6.84071284870731e-31,6.927017870643469e-31,7.013687327499237e-31,7.10072117979192e-31,7.1881194799551e-31,7.2758822349602285e-31,7.36400944812622e-31,7.45250104001752e-31,7.541357106575106e-31,7.630577654339405e-31,7.720162688331076e-31,7.8101121271369635e-31,7.900426068027268e-31,7.99110451749338e-31,8.08214741358794e-31,8.173554832931568e-31,8.265326735574135e-31,8.357463175608166e-31,8.449964113286101e-31,8.542829603544882e-31,8.636059605121587e-31,8.729654174138783e-31,8.823613268895908e-31,8.917936945292434e-31,9.012625208845597e-31,9.107677999108726e-31,9.203095396680602e-31,9.298877355019911e-31,9.395023908855498e-31,9.491535090490368e-31,9.588410858574334e-31,9.685651245460678e-31,9.78325628427779e-31,9.881225932525765e-31,9.9795602457064e-31,1.0078259187254887e-30,1.0177322787558187e-30,1.027675108050237e-30,1.0376544072669652e-30,1.0476701698480266e-30,1.0577224015969396e-30,1.0678111059360145e-30,1.0779362785487303e-30,1.0880979254552804e-30,1.0982960474317972e-30,1.1085306377251289e-30,1.1188017049493093e-30,1.1291092499042478e-30,1.1394532656788225e-30,1.149833758370472e-30,1.1602507315767996e-30,1.1707041857714572e-30,1.1811941145904306e-30,1.1917205239242145e-30,1.2022834173254082e-30,1.2128827904425856e-30,1.2235186495903102e-30,1.234190995137814e-30,1.244899820904189e-30,1.2556451356006407e-30,1.2664269345176274e-30,1.2772452240920768e-30,1.2880999999929566e-30,1.2989912685810483e-30,1.3099190253553279e-30,1.3208832740364655e-30,1.3318840156172436e-30,1.3429212538807628e-30,1.3539949897476857e-30,1.3651052160531698e-30,1.3762519392910161e-30,1.38743516336512e-30,1.3986548835524495e-30,1.409911106578578e-30,1.4212038278705175e-30,1.4325330541197793e-30,1.4438987807250188e-30,1.4553010144038417e-30,1.4667397505905528e-30,1.4782149931824462e-30,1.4897267460979542e-30,1.5012750103725561e-30,1.5128597787464803e-30,1.5244810610177806e-30,1.5361388577955645e-30,1.5478331619343368e-30,1.5595639831328676e-30,1.5713313225876482e-30,1.5831351726724863e-30,1.594975543667634e-30,1.6068524362992392e-30,1.6187658427101746e-30,1.6307157734954467e-30,1.6427022291505343e-30,1.6547252024710504e-30,1.6667847004775597e-30,1.678880724376501e-30,1.69101327538183e-30,1.7031823578134177e-30,1.7153879667087977e-30,1.727630109516832e-30,1.739908781252513e-30,1.7522239897232594e-30,1.7645757293129526e-30,1.7769640077719083e-30,1.7893888264390224e-30,1.8018501773524592e-30,1.8143480710975836e-30,1.8268825026763314e-30,1.8394534795589073e-30,1.8520609970415466e-30,1.864705062592212e-30,1.8773856712814947e-30,1.8901028311734518e-30,1.9028565364412995e-30,1.9156467952285392e-30,1.9284736025114385e-30,1.941336966050526e-30,1.954236880851171e-30,1.9671733545645955e-30,1.980146382456268e-30,1.9931559720393157e-30,2.006202125245928e-30,2.0192848333774075e-30,2.0324041070780784e-30,2.0455599488317398e-30,2.0587523501256486e-30,2.071981321953475e-30,2.08524686543475e-30,2.0985489730531525e-30,2.1118876556976776e-30,2.125262914679409e-30,2.1386747420237015e-30,2.152123148964395e-30,2.165608130353269e-30,2.1791296942307085e-30,2.1926878357990155e-30,2.206282559779355e-30,2.219913867732802e-30,2.2335817612310088e-30,2.2472862452168937e-30,2.261027314553373e-30,2.2748049780306805e-30,2.288619236336755e-30,2.302470081449847e-30,2.3163575252723036e-30,2.3302815623487813e-30,2.3442422013822346e-30,2.358239443718306e-30,2.3722732811095194e-30,2.3863437253951703e-30,2.400450771346596e-30,2.4145944267341115e-30,2.4287746880167826e-30,2.4429915629950544e-30,2.457245046460283e-30,2.471535146783474e-30,2.485861866547056e-30,2.500225196325512e-30,2.5146251490349438e-30,2.5290617254622608e-30,2.5435349173826952e-30,2.5580447366016165e-30,2.572591185380601e-30,2.5871742654677323e-30,2.601793978754548e-30,2.616450310245048e-30,2.6311432786392394e-30,2.645872878774565e-30,2.66063911601973e-30,2.675441992246558e-30,2.6902815093382314e-30,2.70515766918827e-30,2.7200704737006805e-30,2.7350199287373506e-30,2.7500060354920995e-30,2.7650287855289488e-30,2.7800881917331636e-30,2.7951842484966727e-30,2.810316961562455e-30,2.8254863329100665e-30,2.840692364527557e-30,2.8559350618114273e-30,2.871214419980488e-30,2.886530448064978e-30,2.9018831408640056e-30,2.9172725076558216e-30,2.9326985432511962e-30,2.9481612565056255e-30,2.963660643147373e-30,2.9791967084339574e-30,2.9947694582527462e-30,3.0103788944813668e-30,3.026025008336918e-30,3.0417078132550452e-30,3.0574273034453865e-30,3.073183488905224e-30,3.0889763709591044e-30,3.1048059418204535e-30,3.1206722144097835e-30,3.1365751908418453e-30,3.152514872308137e-30,3.1684912480482e-30,3.1845043344659314e-30,3.2005541336639795e-30,3.216640636436169e-30,3.232763855701623e-30,3.2489237877935886e-30,3.26512044200777e-30,3.2813538203515055e-30,3.297623924204033e-30,3.313930742496016e-30,3.330274292072474e-30,3.346654567415355e-30,3.36307157871855e-30,3.3795253205431575e-30,3.396015802193478e-30,3.412543029472561e-30,3.429106988909247e-30,3.44570769713881e-30,3.462345155658249e-30,3.479019354459966e-30,3.495730309404786e-30,3.512478022015086e-30,3.529262482254048e-30,3.5460837060877925e-30,3.5629416947530836e-30,3.579836438821423e-30,3.5967679535830555e-30,3.6137362409373644e-30,3.6307412915590886e-30,3.6477831203826725e-30,3.664861721490032e-30,3.681977106065621e-30,3.6991292769722035e-30,3.716318223243963e-30,3.733543960470406e-30,3.75080648327497e-30,3.768105802323113e-30,3.785441912255466e-30,3.80281482377141e-30,3.820224531524804e-30,3.837671046133332e-30,3.855154362503307e-30,3.8726744912890125e-30,3.890231427169447e-30,3.907825181205982e-30,3.92545574759645e-30,3.943123136870042e-30,3.960827344870675e-30,3.9785683778676234e-30,3.996346243297456e-30,4.014160934750066e-30,4.032012459679742e-30,4.049900825042986e-30,4.067826025503159e-30,4.085788068038527e-30,4.10378695969524e-30,4.121822695072377e-30,4.139895281239034e-30,4.158004725355386e-30,4.176151021912597e-30,4.1943341822353406e-30,4.2125542097306224e-30,4.230811094095059e-30,4.2491048470362406e-30,4.267435475918449e-30,4.285802983621769e-30,4.3042073725756484e-30,4.3226486300883025e-30,4.3411267756477736e-30,4.359641803776016e-30,4.378193726424756e-30,4.396782545649003e-30,4.415408252927282e-30,4.4340708639008644e-30,4.4527703815005306e-30,4.471506796125311e-30,4.490280119527044e-30,4.509090354892005e-30,4.527937509896387e-30,4.5468215875144084e-30,4.56574257804606e-30,4.584700497910231e-30,4.6036953501423576e-30,4.622727125030899e-30,4.641795838837251e-30,4.6609014950125346e-30,4.6800440838235524e-30,4.6992236172407134e-30,4.718440098606957e-30,4.73769353127736e-30,4.7569839186224686e-30,4.7763112640256726e-30,4.7956755708853e-30,4.815076842614006e-30,4.834515082638665e-30,4.853990294397987e-30,4.873502481351808e-30,4.893051651677258e-30,4.912637799445145e-30,4.9322609375929484e-30,4.951921069120284e-30,4.971618184392326e-30,4.99135230053402e-30,5.0111234118262865e-30,5.030931531108388e-30,5.050776652707682e-30,5.070658789573085e-30,5.090577935884912e-30,5.110534104651714e-30,5.130527290194736e-30,5.150557506257599e-30,5.1706247456776475e-30,5.190729022085963e-30,5.210870337312187e-30,5.2310486987727e-30,5.251264090339227e-30,5.271516533931013e-30,5.291806033425658e-30,5.312132578418498e-30,5.332496187188307e-30,5.352896862813228e-30,5.373334609264534e-30,5.393809412027319e-30,5.414321293334715e-30,5.434870257211105e-30,5.455456307398991e-30,5.4760794296092725e-30,5.49673964595044e-30,5.517436951313282e-30,5.538171358959502e-30,5.5589428632624906e-30,5.579751477381457e-30,5.6005971965332946e-30,5.6214800336469695e-30,5.642399983684038e-30,5.663357060036435e-30,5.684351257117851e-30,5.705382588616028e-30,5.726451049022126e-30,5.747556652078771e-30,5.768699403017244e-30,5.78987928922492e-30,5.811096330402077e-30,5.832350530663769e-30,5.853641894098118e-30,5.874970406207244e-30,5.8963360915393474e-30,5.9177389528301705e-30,5.939178992777749e-30,5.9606561981945036e-30,5.982170592434956e-30,6.003722179734191e-30,6.0253109499693906e-30,6.046936921923519e-30,6.0686000902942836e-30,6.0903004691747354e-30,6.112038053106687e-30,6.133812857356594e-30,6.1556248851358435e-30,6.177474139953236e-30,6.199360607829677e-30,6.2212843129775654e-30,6.243245249476598e-30,6.2652434316652715e-30,6.287278854732933e-30,6.309351532521254e-30,6.331461460236793e-30,6.353608651936405e-30,6.375793102509995e-30,6.398014825839246e-30,6.420273817612842e-30,6.442570090292804e-30,6.464903651490475e-30,6.487274489748291e-30,6.509682624319459e-30,6.532128050217826e-30,6.554610782341487e-30,6.577130824838957e-30,6.599688167508373e-30,6.62228283043292e-30,6.644914816049698e-30,6.66758411826342e-30,6.690290749905924e-30,6.713034720995194e-30,6.735816035310299e-30,6.758634684245926e-30,6.781490681987566e-30,6.804384033429917e-30,6.827314749494224e-30,6.850282833026871e-30,6.873288275109275e-30,6.896331090591937e-30,6.919411284476136e-30,6.942528861749118e-30,6.965683827421001e-30,6.988876191496675e-30,7.012105959134375e-30,7.035373120240697e-30,7.058677689952913e-30,7.082019679285485e-30,7.105399081517993e-30,7.128815913140841e-30,7.152270168417897e-30,7.175761863225933e-30,7.199291003039007e-30,7.222857576668594e-30,7.246461600157636e-30,7.270103084138097e-30,7.293782023075311e-30,7.317498433006094e-30,7.341252308475286e-30,7.365043665633727e-30,7.388872509162892e-30,7.412738829277943e-30,7.436642641633967e-30,7.460583956797474e-30,7.484562780351807e-30,7.508579101779175e-30,7.532632942516105e-30,7.556724297114459e-30,7.58085318170618e-30,7.605019591347935e-30,7.629223541982545e-30,7.653465039039884e-30,7.677744072571023e-30,7.70206066394681e-30,7.726414807827495e-30,7.750806521092804e-30,7.775235809106859e-30,7.799702660523203e-30,7.824207096559287e-30,7.848749114533879e-30,7.873328729862833e-30,7.897945947347148e-30,7.922600757868926e-30,7.94729318283654e-30,7.972023217057546e-30,7.996790877518795e-30,8.02159615855008e-30,8.046439071698971e-30,8.071319630345916e-30,8.09623783640538e-30,8.121193680994704e-30,8.146187188136825e-30,8.171218360394479e-30,8.196287189422349e-30,8.221393691793297e-30,8.246537873470897e-30,8.271719740437858e-30,8.296939304302705e-30,8.322196570894397e-30,8.347491529836492e-30,8.372824203692137e-30,8.398194587523967e-30,8.42360269293861e-30,8.449048530963384e-30,8.47453210865702e-30,8.500053415597718e-30,8.5256124744608e-30,8.55120927991287e-30,8.576843848946529e-30,8.602516188244045e-30,8.628226288093982e-30,8.653974165251009e-30,8.679759831688037e-30,8.705583293542134e-30,8.731444540432454e-30,8.757343595604196e-30,8.783280454002266e-30,8.809255127723401e-30,8.835267623168192e-30,8.861317946759189e-30,8.887406104938396e-30,8.913532111678182e-30,8.939695958443517e-30,8.965897664708543e-30,8.992137226061491e-30,9.018414660296837e-30,9.044729962397512e-30,9.07108315104511e-30,9.097474220208079e-30,9.123903188519609e-30,9.150370051218017e-30,9.176874826910979e-30,9.203417521165504e-30,9.229998124156795e-30,9.25661665982754e-30,9.283273136079257e-30,9.309967539820672e-30,9.336699896918093e-30,9.363470213702231e-30,9.390278479186343e-30,9.417124718254364e-30,9.444008925723486e-30,9.470931120643283e-30,9.49789130871264e-30,9.524889497499773e-30,9.551925671604768e-30,9.57899986288664e-30,9.606112061975325e-30,9.633262289576824e-30,9.660450553307691e-30,9.687676842405229e-30,9.71494117559264e-30,9.742243566619563e-30,9.769584009247556e-30,9.796962525621212e-30,9.82437911813294e-30,9.851833778377244e-30,9.879326532249463e-30,9.90685737343764e-30,9.934426323862974e-30,9.962033386891393e-30,9.98967855371904e-30,1.0017361849217523e-29,1.0045083269514068e-29,1.0072842827520739e-29,1.010064053583718e-29,1.0128476391323695e-29,1.0156350406618505e-29,1.0184262594991855e-29,1.0212212952151378e-29,1.0240201491403564e-29,1.026822822022131e-29,1.0296293146094087e-29,1.0324396282830818e-29,1.035253763982613e-29,1.0380717217500959e-29,1.0408935006941678e-29,1.0437191034523678e-29,1.0465485308885364e-29,1.0493817825667699e-29,1.0522188611397775e-29,1.0550597661484295e-29,1.0579044974550764e-29,1.0607530571528807e-29,1.0636054463484752e-29,1.0664616642322669e-29,1.0693217125293002e-29,1.0721855926461588e-29,1.0750533041142702e-29,1.0779248492696199e-29,1.080800228271538e-29,1.08367944038981e-29,1.086562488242446e-29,1.0894493714134807e-29,1.092340091303034e-29,1.0952346493064638e-29,1.0981330450290451e-29,1.1010352804350598e-29,1.103941356251142e-29,1.106851271745435e-29,1.109765029490096e-29,1.1126826288703604e-29,1.115604071960343e-29,1.1185293584783282e-29,1.1214584897901787e-29,1.1243914673432897e-29,1.1273282907031756e-29,1.1302689613213835e-29,1.1332134807050916e-29,1.1361618483206303e-29,1.1391140656790887e-29,1.142070134297056e-29,1.1450300536416278e-29,1.1479938259610585e-29,1.1509614520305716e-29,1.1539329306363373e-29,1.1569082646514447e-29,1.159887453644692e-29,1.1628704997525522e-29,1.1658574037991496e-29,1.1688481647391303e-29,1.1718427853421485e-29,1.1748412651820512e-29,1.1778436064065413e-29,1.1808498098500041e-29,1.1838598744881834e-29,1.1868738031995236e-29,1.1898915967305818e-29,1.1929132559293441e-29,1.1959387790959752e-29,1.1989681697162449e-29,1.2020014286544943e-29,1.2050385567682017e-29,1.2080795524565536e-29,1.2111244190904789e-29,1.2141731575767328e-29,1.2172257686973153e-29,1.2202822510444996e-29,1.2233426079771862e-29,1.2264068403254223e-29,1.2294749489660737e-29,1.2325469322544351e-29,1.2356227937811878e-29,1.2387025342203474e-29,1.2417861526741903e-29,1.2448736524017078e-29,1.2479650335069735e-29,1.251060295302269e-29,1.2541594405347702e-29,1.2572624691301927e-29,1.2603693830672788e-29,1.2634801834241972e-29,1.2665948691255472e-29,1.2697134430435202e-29,1.272835906052537e-29,1.2759622572014693e-29,1.2790924993352086e-29,1.2822266332411626e-29,1.2853646582409572e-29,1.2885065765017418e-29,1.291652389997132e-29,1.2948020973130363e-29,1.297955701032237e-29,1.3011132022273024e-29,1.3042746023395785e-29,1.3074399010535404e-29,1.3106091006019643e-29,1.3137822014210714e-29,1.3169592007544773e-29,1.3201401034750428e-29,1.3233249102655598e-29,1.326513620589416e-29,1.3297062371199793e-29,1.332902759621734e-29,1.3361031903169687e-29,1.3393075302102855e-29,1.342515780239265e-29,1.345727938825598e-29,1.348944009500226e-29,1.352163992029413e-29,1.3553878886566297e-29,1.3586156990883168e-29,1.3618474256211472e-29,1.3650830696680268e-29,1.3683226313436e-29,1.3715661095352008e-29,1.3748135078575967e-29,1.3780648273444477e-29,1.381320068804861e-29,1.3845792308247156e-29,1.38784231731847e-29,1.3911093273232177e-29,1.3943802635107764e-29,1.3976551255763462e-29,1.4009339158853944e-29,1.4042166341035704e-29,1.4075032826367464e-29,1.4107938611201645e-29,1.4140883718691003e-29,1.4173868147493904e-29,1.420689192039469e-29,1.4239955034681472e-29,1.4273057513686832e-29,1.4306199355160952e-29,1.4339380575928062e-29,1.437260119312303e-29,1.4405861217746042e-29,1.4439160639494625e-29,1.4472499486714052e-29,1.4505877761930203e-29,1.453929548638675e-29,1.4572752657560998e-29,1.460624930113064e-29,1.463978542465812e-29,1.4673361019867055e-29,1.470697611750145e-29,1.4740630726159135e-29,1.4774324842094814e-29,1.4808058493516006e-29,1.4841831690173954e-29,1.4875644424192577e-29,1.490949672617429e-29,1.494338859333634e-29,1.4977320051183394e-29,1.5011291095254613e-29,1.504530175111846e-29,1.5079352029904008e-29,1.511344192184024e-29,1.514757145927099e-29,1.5181740638402655e-29,1.521594948527956e-29,1.5250197996070227e-29,1.5284486195858927e-29,1.5318814082979197e-29,1.535318168197635e-29,1.5387589003738106e-29,1.5422036039520914e-29,1.545652282015356e-29,1.5491049359795065e-29,1.5525615645869153e-29,1.5560221711273563e-29,1.559486755433528e-29,1.5629553193001492e-29,1.5664278646123e-29,1.5699043924356197e-29,1.5733849039025794e-29,1.5768693974812172e-29,1.5803578771196835e-29,1.583850343854634e-29,1.58734679682919e-29,1.5908472395352756e-29,1.5943516728743552e-29,1.5978600957044603e-29,1.6013725114613788e-29,1.6048889213773476e-29,1.608409325881213e-29,1.6119337249049266e-29,1.6154621216583834e-29,1.6189945158485083e-29,1.6225309094229748e-29,1.6260713049630587e-29,1.629615700796938e-29,1.6331641002751366e-29,1.6367165031651234e-29,1.640272912107989e-29,1.6438333282829162e-29,1.6473977507491058e-29,1.6509661827594195e-29,1.654538625731169e-29,1.6581150786252154e-29,1.6616955449379594e-29,1.6652800241806832e-29,1.6688685192853114e-29,1.6724610297513508e-29,1.676057558516481e-29,1.6796581064425846e-29,1.6832626751622317e-29,1.686871262785565e-29,1.690483873267305e-29,1.6941005084272468e-29,1.697721166869143e-29,1.7013458522792192e-29,1.7049745655524448e-29,1.7086073059945473e-29,1.712244076655312e-29,1.7158848793893368e-29,1.7195297130828065e-29,1.723178580372593e-29,1.7268314825195036e-29,1.730488421522668e-29,1.7341493984703502e-29,1.7378144127803602e-29,1.7414834675469935e-29,1.7451565646079844e-29,1.7488337025232654e-29,1.752514884939773e-29,1.756200111650615e-29,1.759889386136876e-29,1.7635827067825705e-29,1.7672800770232417e-29,1.7709814967637506e-29,1.7746869686992826e-29,1.7783964952353446e-29,1.7821100733401898e-29,1.7858277075539805e-29,1.7895493977468387e-29,1.7932751466831747e-29,1.7970049541979976e-29,1.800738822985206e-29,1.8044767545288134e-29,1.8082187478928044e-29,1.8119648066133375e-29,1.8157149320010207e-29,1.8194691231138485e-29,1.8232273835851437e-29,1.826989714678081e-29,1.8307561155131092e-29,1.8345265897311112e-29,1.838301137068732e-29,1.842079760466985e-29,1.8458624596831266e-29,1.849649237480658e-29,1.8534400939727567e-29,1.8572350318614556e-29,1.861034052465606e-29,1.8648371550408402e-29,1.8686443430321576e-29,1.872455617972713e-29,1.876270978898947e-29,1.8800904294469975e-29,1.8839139709578987e-29,1.887741602576701e-29,1.891573327976751e-29,1.895409146951329e-29,1.8992490624105187e-29,1.9030930759088865e-29,1.906941186311962e-29,1.9107933966681773e-29,1.9146497098315073e-29,1.9185101242028333e-29,1.922374643483186e-29,1.9262432675049653e-29,1.9301159991909194e-29,1.9339928399370572e-29,1.937873788994742e-29,1.941758849994012e-29,1.9456480243232282e-29,1.9495413133021505e-29,1.953438715574364e-29,1.9573402354566674e-29,1.961245872885331e-29,1.9651556308093122e-29,1.969069510570269e-29,1.972987511484137e-29,1.976909637151259e-29,1.9808358893349722e-29,1.984766266701845e-29,1.9887007727658284e-29,1.992639409962731e-29,1.9965821768255235e-29,2.0005290772297768e-29,2.00448011270998e-29,2.008435282189322e-29,2.0123945896010424e-29,2.0163580365580506e-29,2.0203256218501235e-29,2.0242973494093013e-29,2.0282732208800338e-29,2.032253235257363e-29,2.0362373961348767e-29,2.0402257058806718e-29,2.044218164853131e-29,2.0482147721241502e-29,2.0522155320188273e-29,2.0562204446930102e-29,2.0602295129870286e-29,2.0642427384983706e-29,2.0682601227072777e-29,2.0722816642170267e-29,2.0763073673842073e-29,2.0803372338171568e-29,2.08437126499305e-29,2.0884094595290154e-29,2.0924518217147167e-29,2.0964983543110836e-29,2.1005490577686255e-29,2.1046039325949798e-29,2.1086629777155242e-29,2.1127261986166912e-29,2.1167935960851198e-29,2.1208651719989067e-29,2.1249409252497242e-29,2.129020860716221e-29,2.1331049790267403e-29,2.1371932796354522e-29,2.141285767520842e-29,2.1453824423841316e-29,2.149483304375072e-29,2.153588357019698e-29,2.157697602646868e-29,2.161811040121375e-29,2.1659286734199816e-29,2.1700505024246276e-29,2.1741765301899507e-29,2.1783067586014927e-29,2.182441186770774e-29,2.1865798178738267e-29,2.1907226534326e-29,2.194869695824886e-29,2.1990209466076504e-29,2.2031764074327776e-29,2.2073360769528453e-29,2.2114999607535574e-29,2.2156680594328094e-29,2.219840373527014e-29,2.2240169027410618e-29,2.228197651653529e-29,2.232382621899082e-29,2.2365718151787585e-29,2.240765230004872e-29,2.2449628711071585e-29,2.2491647385183117e-29,2.2533708354137063e-29,2.2575811619613405e-29,2.2617957219646409e-29,2.2660145155055008e-29,2.2702375430950662e-29,2.2744648087132584e-29,2.2786963135321682e-29,2.2829320570390872e-29,2.2871720426868263e-29,2.2914162732687523e-29,2.2956647476479605e-29,2.2999174694176308e-29,2.3041744393929897e-29,2.3084356604437556e-29,2.3127011344150883e-29,2.316970860371778e-29,2.3212448424990186e-29,2.3255230841503012e-29,2.3298055812631062e-29,2.3340923390239796e-29,2.3383833599755462e-29,2.3426786469013445e-29,2.3469781959640025e-29,2.3512820142016625e-29,2.351435110954018e-29,2.3515888792833056e-29,2.3517432351688433e-29,2.351898093163665e-29,2.3520533518822466e-29,2.3522092422976173e-29,2.3523655454954488e-29,2.3525222983784259e-29,2.3526794890219946e-29,2.3528371340860948e-29,2.352995216414888e-29,2.3531537365616764e-29,2.3533126857243905e-29,2.3534720698878565e-29,2.3536318744952107e-29,2.3537921327342296e-29,2.3539527888200822e-29,2.3541139115088032e-29,2.3542754656955776e-29,2.3544374510697385e-29,2.35459986027985e-29,2.3547626870488874e-29,2.354925963818877e-29,2.3550896730466835e-29,2.3552538092725355e-29,2.355418348063561e-29,2.3555833181690932e-29,2.355748740718908e-29,2.3559145914563242e-29,2.356080850681675e-29,2.3562475383799323e-29,2.356414683208379e-29,2.3565822484814081e-29,2.356750235987019e-29,2.356918661877738e-29,2.357087514028171e-29,2.3572567853760067e-29,2.357426482467137e-29,2.35759660496741e-29,2.3577671525461604e-29,2.3579381249267025e-29,2.358109515825225e-29,2.3582813368479674e-29,2.3584535755942245e-29,2.3586262556275675e-29,2.3587993533330358e-29,2.3589728791855188e-29,2.3591468137544696e-29,2.3593211665746715e-29,2.3594959590454533e-29,2.3596711484216659e-29,2.3598467589040762e-29,2.3600228020679647e-29,2.3601992799535466e-29,2.3603761788593883e-29,2.3605534983868e-29,2.3607312389485917e-29,2.3609094007247633e-29,2.3610879642892877e-29,2.3612669465769227e-29,2.361446372217388e-29,2.3616261920582678e-29,2.361806453805073e-29,2.3619871320782214e-29,2.3621682056087265e-29,2.3623497133415098e-29,2.3625316307844448e-29,2.3627139553153698e-29,2.362896704181907e-29,2.3630798671773566e-29,2.363263445226251e-29,2.3634474381273552e-29,2.363631833006526e-29,2.3638166560551747e-29,2.3640018875408325e-29,2.3641875333437342e-29,2.3643735861469575e-29,2.3645600599210163e-29,2.3647469468995485e-29,2.3649342470333687e-29,2.3651219600247582e-29,2.3653100855745244e-29,2.365498623399903e-29,2.365687573210684e-29,2.3658769350723385e-29,2.366066708402953e-29,2.3662568928760253e-29,2.3664474882540897e-29,2.366638493645607e-29,2.3668299098096483e-29,2.3670217354121513e-29,2.3672139706660547e-29,2.3674066153071487e-29,2.3675996853663295e-29,2.3677931424526157e-29,2.3679870145205681e-29,2.3681812946972925e-29,2.3683759827140445e-29,2.3685710945851237e-29,2.368766613990249e-29,2.3689625242371984e-29,2.3691588419549274e-29,2.3693555821614092e-29,2.3695527287611152e-29,2.3697502814631714e-29,2.3699482396787178e-29,2.3701466037241303e-29,2.3703453568491247e-29,2.370544531057541e-29,2.3707441096346555e-29,2.370944092916697e-29,2.3711444803045496e-29,2.3713452711886518e-29,2.371546449460531e-29,2.3717480474176732e-29,2.3719500483575007e-29,2.3721524519836496e-29,2.372355257666654e-29,2.3725584658148442e-29,2.372762075801786e-29,2.3729660873433786e-29,2.3731705001565004e-29,2.3733753139598725e-29,2.3735805284701317e-29,2.373786126178642e-29,2.3739921412121724e-29,2.3741985556955062e-29,2.374405370182478e-29,2.3746125839700572e-29,2.3748201967760373e-29,2.375028208319418e-29,2.3752366183203266e-29,2.3754454260816837e-29,2.3756546321523658e-29,2.3758642358407297e-29,2.376074236865149e-29,2.3762846349431807e-29,2.376495429799873e-29,2.3767066211546056e-29,2.376918208726792e-29,2.377130191776088e-29,2.3773425709449227e-29,2.3775553454978928e-29,2.377768518362393e-29,2.3779820860983186e-29,2.3781960446401701e-29,2.378410397447497e-29,2.3786247487216384e-29,2.3788398889305353e-29,2.3790554220866192e-29,2.3792713524081637e-29,2.379487675669405e-29,2.3797043874581022e-29,2.379921491570842e-29,2.380138987778992e-29,2.380356875325952e-29,2.3805751590615818e-29,2.3807938297402438e-29,2.381012895790947e-29,2.3812323480788356e-29,2.3814521907583315e-29,2.3816724282073954e-29,2.3818930503915587e-29,2.3821140674321653e-29,2.382335473915209e-29,2.3825572695434514e-29,2.3827794487939713e-29,2.3830020099291067e-29,2.3832249657244077e-29,2.383448309449941e-29,2.3836720408971443e-29,2.3838961597201782e-29,2.3841206400017645e-29,2.384345537416587e-29,2.3845708161613833e-29,2.3847964816154174e-29,2.3850225330692692e-29,2.385248970251241e-29,2.385475792889746e-29,2.3857030007117555e-29,2.3859305934440057e-29,2.3861585708164165e-29,2.386386932125409e-29,2.386615678023355e-29,2.386844807685849e-29,2.3870738449280133e-29,2.3873037406442535e-29,2.3875340193755327e-29,2.387764680850167e-29,2.387995724797855e-29,2.3882271509481763e-29,2.3884589586646788e-29,2.3886911484107575e-29,2.388923719550378e-29,2.389156671814234e-29,2.389390004958577e-29,2.3896237182873123e-29,2.3898578123090216e-29,2.390092286378748e-29,2.3903271600534224e-29,2.3905624132664883e-29,2.3907980457937963e-29,2.3910340374502443e-29,2.3912704077929135e-29,2.3915071565556893e-29,2.3917442834723354e-29,2.3919817884533646e-29,2.392219670881434e-29,2.3924579306655786e-29,2.392696567539141e-29,2.392935581234008e-29,2.3931749717277015e-29,2.3934147382725703e-29,2.3936548808460785e-29,2.393895392136488e-29,2.3941362863006113e-29,2.3943775483191302e-29,2.3946191926246933e-29,2.394861204332668e-29,2.3951035977843513e-29,2.3953463653984867e-29,2.3955895123765076e-29,2.3958330330101612e-29,2.3960769269816145e-29,2.396321194052411e-29,2.3965658339599211e-29,2.3968108411580888e-29,2.3970562206700935e-29,2.3973019722629203e-29,2.3975481008640592e-29,2.3977946010209698e-29,2.3980414724247158e-29,2.398288215384674e-29,2.39853582778565e-29,2.398783810682452e-29,2.399032163800453e-29,2.3992808868788235e-29,2.3995299796565193e-29,2.3997794418726764e-29,2.4000292681985868e-29,2.4002794634477423e-29,2.400530032401799e-29,2.4007809697500597e-29,2.4010322702002135e-29,2.4012839435537314e-29,2.4015359845244137e-29,2.401788392847358e-29,2.402041168266116e-29,2.4022943105240694e-29,2.402547819358328e-29,2.4028016945103202e-29,2.4030559307164672e-29,2.40331053771664e-29,2.4035655102578744e-29,2.4038208480835707e-29,2.4040765509306184e-29,2.4043326185428807e-29,2.4045890506618058e-29,2.4048458420517947e-29,2.405102997427909e-29,2.4053605165297013e-29,2.4056184040788914e-29,2.4058766548475206e-29,2.4061352685768235e-29,2.4063942450088647e-29,2.4066535838883598e-29,2.406913284960619e-29,2.4071733479649534e-29,2.4074337726471035e-29,2.407694558757773e-29,2.4079557009257554e-29,2.4082166955933053e-29,2.408478563719874e-29,2.4087402784841299e-29,2.409002866455661e-29,2.4092658143145966e-29,2.4095291162803777e-29,2.4097927831405472e-29,2.4100568036219542e-29,2.4103211884680196e-29,2.410585926848113e-29,2.4108510286712986e-29,2.411116488593796e-29,2.4113823063691869e-29,2.411648481743002e-29,2.4119150144618045e-29,2.4121819042720416e-29,2.412449145864724e-29,2.4127167439753463e-29,2.4129847035287347e-29,2.413253013629513e-29,2.4135216850804353e-29,2.4137907070229972e-29,2.4140600842213793e-29,2.4143298160337092e-29,2.4145999026534383e-29,2.4148703494258767e-29,2.415141145403689e-29,2.4154122953731556e-29,2.4156837986642154e-29,2.415955661166557e-29,2.4162278769815873e-29,2.4165004458552323e-29,2.4167733675366031e-29,2.4170466417770505e-29,2.4173202631616588e-29,2.4175942360832854e-29,2.417867140500926e-29,2.4181403936506423e-29,2.4184154176033474e-29,2.4186893692557445e-29,2.41896509325986e-29,2.4192397424244863e-29,2.419514739312534e-29,2.419791001948992e-29,2.4200666945298022e-29,2.420342733394932e-29,2.420620039324182e-29,2.4208976844873405e-29,2.4211747647499126e-29,2.421452190479304e-29,2.4217299574331406e-29,2.4220080695735873e-29,2.4222865267463213e-29,2.4225653334980606e-29,2.4228444844915873e-29,2.423123980016387e-29,2.4234038194151075e-29,2.4236840028628152e-29,2.4239645299087463e-29,2.424245400311451e-29,2.4245266138277155e-29,2.424808170215597e-29,2.425090069023531e-29,2.425372310431077e-29,2.425655818412053e-29,2.4259387452860375e-29,2.426222013525629e-29,2.4265056231843245e-29,2.426789574025981e-29,2.427073865810557e-29,2.4273584982978699e-29,2.4276434712477612e-29,2.4279287844207068e-29,2.42821443735885e-29,2.4285004300406683e-29,2.4287867624409588e-29,2.4290734338871129e-29,2.4293604445759957e-29,2.429647794050442e-29,2.429935482071802e-29,2.4302235084016187e-29,2.4305118728014095e-29,2.4308005741640564e-29,2.431089613117629e-29,2.4313789902939953e-29,2.43166870458806e-29,2.4319587510960262e-29,2.4322491388042802e-29,2.432539863024157e-29,2.4328309187302784e-29,2.4331222427210927e-29,2.4334148915729133e-29,2.433706959580593e-29,2.433999363218121e-29,2.4342921018361633e-29,2.4345851166273293e-29,2.4348784681759235e-29,2.435172210535738e-29,2.4354662857110134e-29,2.4357606953454506e-29,2.4360554387698206e-29,2.436350515301542e-29,2.436645924925754e-29,2.4369416674144178e-29,2.4372377425324363e-29,2.437534150264447e-29,2.437830890153161e-29,2.4381279619649354e-29,2.438425365466924e-29,2.4387230864421432e-29,2.4390211518201743e-29,2.4393194928546322e-29,2.4396182207799002e-29,2.4399172789169034e-29,2.440216665546198e-29,2.4405163842402386e-29,2.4408164325269366e-29,2.44111681039447e-29,2.4414184484725115e-29,2.4417194741428178e-29,2.442020827796016e-29,2.4423225230292996e-29,2.4426245465605247e-29,2.442926884963088e-29,2.4432295645120967e-29,2.443533439345912e-29,2.4438367640873448e-29,2.4441404137187807e-29,2.444444403946489e-29,2.4447487206083872e-29,2.445053351003756e-29,2.4453583206870923e-29,2.445663615666473e-29,2.445969237455656e-29,2.4462751683702177e-29,2.446582380491513e-29,2.4468889797839643e-29,2.4471959037722906e-29,2.4475031524826833e-29,2.4478107093723125e-29,2.4481186067341105e-29,2.4484268178871621e-29,2.448736363518428e-29,2.4490462337953558e-29,2.449355428161517e-29,2.4496649328499617e-29,2.4499747730543607e-29,2.4502849358154965e-29,2.4505954212497868e-29,2.450906228895783e-29,2.4512173585269014e-29,2.451528809914723e-29,2.4518405828319622e-29,2.452152677049139e-29,2.452465092337603e-29,2.4527778284763444e-29,2.4530908849911298e-29,2.4534042618965573e-29,2.4537179589681592e-29,2.4540319762235613e-29,2.4543463129459424e-29,2.4546609691569695e-29,2.4549759438985372e-29,2.4552912240862417e-29,2.4556068377668967e-29,2.455922769653858e-29,2.4562390198938426e-29,2.456555586337212e-29,2.4568724726151313e-29,2.4571896768196285e-29,2.4575071984785022e-29,2.457825037120535e-29,2.4581431930211813e-29,2.45846165148209e-29,2.4587804398585268e-29,2.4590995451748018e-29,2.459418952793801e-29,2.4597386768335348e-29,2.4600587166524192e-29,2.4603790854173123e-29,2.46069976900184e-29,2.4610207675798116e-29,2.4613420811777288e-29,2.461663709324026e-29,2.4619856515434072e-29,2.4623079078554624e-29,2.4626304782993362e-29,2.4629533623986602e-29,2.4632765596759685e-29,2.4636000704188811e-29,2.463923894148565e-29,2.464248030646707e-29,2.4645724676730527e-29,2.464898250833835e-29,2.4652233255288714e-29,2.4655487115827295e-29,2.4658744095512313e-29,2.4662004186978608e-29,2.466526739060162e-29,2.4668533704194364e-29,2.4671803125534825e-29,2.4675075655018105e-29,2.4678351287851831e-29,2.468162999875745e-29,2.4684911831654977e-29,2.46881967612929e-29,2.4691484785482526e-29,2.469477590203197e-29,2.4698070108741014e-29,2.4701367403403718e-29,2.470466778383924e-29,2.4707971245167774e-29,2.471127778789614e-29,2.4714598175762592e-29,2.4717921653599052e-29,2.4721248219198526e-29,2.4724577870310802e-29,2.4727910604821355e-29,2.4731246420472054e-29,2.4734585315062983e-29,2.4737927286396195e-29,2.47412723322613e-29,2.474462045047261e-29,2.4747971638829738e-29,2.4751325895129483e-29,2.4754683217176635e-29,2.4758043602707936e-29,2.4761406964855216e-29,2.4764773470569678e-29,2.4768142948991548e-29,2.477151556634097e-29,2.4774891236692598e-29,2.4778269957501395e-29,2.4781651726624545e-29,2.4785036541820596e-29,2.4788424400911697e-29,2.479181530172093e-29,2.4795209242020164e-29,2.4798606219639776e-29,2.4802006232467332e-29,2.4805408927832213e-29,2.4808814574999788e-29,2.4812223234099132e-29,2.4815635290783173e-29,2.4819050445609402e-29,2.4822468275274292e-29,2.4825889472127372e-29,2.4829313686978067e-29,2.4832740917624553e-29,2.4836171161840278e-29,2.483960441744752e-29,2.484304060254799e-29,2.4846479874004688e-29,2.4849922150763258e-29,2.4853367430211854e-29,2.4856815710321085e-29,2.4860266923570284e-29,2.486372111672167e-29,2.486717830390155e-29,2.487063821110798e-29,2.4874101463917274e-29,2.4877567277774196e-29,2.488103607193978e-29,2.4884508192366004e-29,2.4887983380024458e-29,2.4891461128880922e-29,2.4894941848265955e-29,2.4898425574842606e-29,2.4901912242919935e-29,2.4905402234826391e-29,2.4908894454105728e-29,2.491238961843066e-29,2.4915888513527483e-29,2.4919390434601633e-29,2.4922895316054716e-29,2.492640270867833e-29,2.492991350620996e-29,2.493342716366684e-29,2.4936943067024166e-29,2.4940462720361756e-29,2.494398531684823e-29,2.494751005930376e-29,2.495103854787811e-29,2.4954569973172723e-29,2.4958104337236275e-29,2.496164163812904e-29,2.4965181873744827e-29,2.4968724671483233e-29,2.4972270772364503e-29,2.4975819799417544e-29,2.4979371752746843e-29,2.4982926630305008e-29,2.498648443000409e-29,2.4990045149741128e-29,2.4993608787321675e-29,2.499717534086868e-29,2.5000744808113162e-29,2.5004317187128847e-29,2.500789247572193e-29,2.5011469898977533e-29,2.5015050211491847e-29,2.501863342666592e-29,2.5022220335612659e-29,2.502581013907304e-29,2.502940283963204e-29,2.5032998435215097e-29,2.5036596923746345e-29,2.5040198303169127e-29,2.5043802571349178e-29,2.5047409726239435e-29,2.5051019765873562e-29,2.505463268810744e-29,2.5058248490876247e-29,2.5061867172021608e-29,2.5065487976921914e-29,2.506911241262711e-29,2.507273971627646e-29,2.50763691425187e-29,2.5080002188226836e-29,2.5083638095903924e-29,2.508727686754587e-29,2.5090918501155194e-29,2.5094562994664442e-29,2.5098210346141532e-29,2.510186048587679e-29,2.5105513546501726e-29,2.51091694588491e-29,2.51128281543974e-29,2.5116489764080012e-29,2.512015415158367e-29,2.5123821381764237e-29,2.51274915220537e-29,2.5131164502254583e-29,2.5134840319849973e-29,2.5138518972885465e-29,2.51422004589389e-29,2.5145884776793576e-29,2.5149571923979325e-29,2.5153261898455065e-29,2.5156954698187616e-29,2.5160650321156857e-29,2.516434876534757e-29,2.5168050028726163e-29,2.517175410927684e-29,2.5175460671373335e-29,2.51791702949443e-29,2.5182882814081265e-29,2.5186598142725337e-29,2.5190316214745506e-29,2.5194037154940762e-29,2.5197760898592556e-29,2.5201487380068645e-29,2.5205216658154885e-29,2.5208948798459278e-29,2.5212683734180545e-29,2.5216421462931427e-29,2.5220161982664274e-29,2.5223904593493867e-29,2.522765069295756e-29,2.5231399511306975e-29,2.5235151081690045e-29,2.523890552523657e-29,2.524266267301342e-29,2.5246422608667154e-29,2.5250185292538774e-29,2.5253950762643044e-29,2.525771901737733e-29,2.5261490041446256e-29,2.5265263895637524e-29,2.526904044159609e-29,2.5272819823855916e-29,2.527660196760376e-29,2.528038679793099e-29,2.5284174457504613e-29,2.5287964812558704e-29,2.529175793003579e-29,2.5295553787285265e-29,2.5299352455256127e-29,2.530315379857352e-29,2.530695790904743e-29,2.5310764812834614e-29,2.5314574458331656e-29,2.531838684319033e-29,2.5322201965417095e-29,2.532601976375384e-29,2.532984030523697e-29,2.5333663627171613e-29,2.53374896789875e-29,2.534131845843435e-29,2.534514996353003e-29,2.534898419224756e-29,2.5352821142686707e-29,2.5356660812788545e-29,2.536050320044829e-29,2.5364348303669205e-29,2.5368196121186824e-29,2.537204665059822e-29,2.537589988987163e-29,2.5379755837246077e-29,2.5383614490673353e-29,2.5387475848175744e-29,2.539133985141872e-29,2.539520661085174e-29,2.5399076000376265e-29,2.540294809603779e-29,2.540682262280494e-29,2.5410700114432696e-29,2.5414580275803837e-29,2.5418462901239234e-29,2.542234845838811e-29,2.5426236749226876e-29,2.543012772326834e-29,2.5434021378053833e-29,2.5437917645552777e-29,2.54418166559344e-29,2.544571834185042e-29,2.544962264631824e-29,2.5453529676180584e-29,2.545743930998817e-29,2.546135167647999e-29,2.5465266642362323e-29,2.546918427012749e-29,2.5473104315537344e-29,2.547702733499085e-29,2.5480953009963345e-29,2.548488128736392e-29,2.5488812271724424e-29,2.549274590847008e-29,2.549668219540456e-29,2.55006211307646e-29,2.55045627124853e-29,2.550850693866922e-29,2.551245380741206e-29,2.5516403316822787e-29,2.552035546494354e-29,2.55243102498318e-29,2.552826766981466e-29,2.553222772285462e-29,2.5536190407066096e-29,2.554015572055405e-29,2.5544123661361603e-29,2.5548094227723566e-29,2.5552067417688507e-29,2.555604317779313e-29,2.556002160879991e-29,2.556400265816045e-29,2.5567986323614934e-29,2.557197260309413e-29,2.5575961495007484e-29,2.55799529973322e-29,2.558394710818887e-29,2.5587943825684375e-29,2.559194314796389e-29,2.559594507314347e-29,2.5599949599360035e-29,2.560395672469903e-29,2.5607966447313894e-29,2.5611978765344567e-29,2.5615993676914614e-29,2.562001118014874e-29,2.562403127318771e-29,2.5628053954170757e-29,2.5632079221228465e-29,2.5636107072483966e-29,2.5640137506095543e-29,2.5644170520200064e-29,2.5648206112934513e-29,2.565224428243582e-29,2.565628502685942e-29,2.566032834420923e-29,2.566437418372797e-29,2.5668422590536317e-29,2.5672473614923277e-29,2.5676527206033943e-29,2.5680583360805767e-29,2.5684642077690134e-29,2.568870308861934e-29,2.5692766925916655e-29,2.569683305278715e-29,2.570090200078178e-29,2.5704973499543007e-29,2.5709047501849323e-29,2.5713124100005474e-29,2.571720324583145e-29,2.5721284889749184e-29,2.572536912404503e-29,2.5729455900493244e-29,2.5733544955443054e-29,2.573763681187583e-29,2.57417312024285e-29,2.574582812732108e-29,2.57499275383456e-29,2.575402952606311e-29,2.575813399714665e-29,2.57622410408588e-29,2.5766350610281735e-29,2.577046270303259e-29,2.577457731758077e-29,2.577869445194706e-29,2.578281410431374e-29,2.5786936272864554e-29,2.5791060910314307e-29,2.579518810529636e-29,2.579931755724156e-29,2.580344977434959e-29,2.580758449650563e-29,2.581172172392821e-29,2.581586145468526e-29,2.582000364264141e-29,2.5824148127508656e-29,2.5828295101759587e-29,2.5832444830406535e-29,2.5836597051558806e-29,2.5840751765349154e-29,2.5844908970031814e-29,2.584906809769452e-29,2.585323028242446e-29,2.5857394948772783e-29,2.586156209874915e-29,2.5865731730644886e-29,2.586990384266952e-29,2.587407843304015e-29,2.5878255456660694e-29,2.588243499764348e-29,2.5886617012262933e-29,2.58908014547562e-29,2.589498840952057e-29,2.589917783236677e-29,2.5903369721079066e-29,2.590756407366667e-29,2.591176088874667e-29,2.591596012170399e-29,2.5920161855368856e-29,2.5924366003054986e-29,2.5928572604679836e-29,2.593278170403399e-29,2.593699325548343e-29,2.59412072568471e-29,2.594542370630539e-29,2.594964260192381e-29,2.595386394230808e-29,2.5958087725505e-29,2.5962313949747133e-29,2.5966542613265745e-29,2.597077371430965e-29,2.597500725111982e-29,2.597924322194073e-29,2.5983481625006786e-29,2.5987722458322206e-29,2.5991965720612505e-29,2.5996211409887543e-29,2.600045899092217e-29,2.600470953247041e-29,2.6008962491964146e-29,2.6013217871349276e-29,2.6017475668958754e-29,2.602173588304211e-29,2.6025998471371334e-29,2.6030263511927357e-29,2.603453096494667e-29,2.603880082750415e-29,2.6043073097833916e-29,2.6047347774193825e-29,2.6051624854834213e-29,2.6055904338028795e-29,2.606018622204121e-29,2.606446998421007e-29,2.606875666818835e-29,2.6073045226715384e-29,2.607733669991448e-29,2.608163056154063e-29,2.608592677482385e-29,2.609022541481706e-29,2.6094525926610395e-29,2.6098829308985043e-29,2.610313510464575e-29,2.610744328252109e-29,2.611175384049887e-29,2.61160667768381e-29,2.6120382051221513e-29,2.612469969797884e-29,2.6129019718526957e-29,2.613334211847662e-29,2.613766692032326e-29,2.6141994090502845e-29,2.6146323588246445e-29,2.6150655489112233e-29,2.615498975335341e-29,2.6159326136349584e-29,2.6163665088959736e-29,2.616800643099984e-29,2.6172350099926517e-29,2.617669615266465e-29,2.6181044558318905e-29,2.618539531520219e-29,2.618974838404799e-29,2.6194103837345344e-29,2.6198461637001273e-29,2.620282178089504e-29,2.620718426729289e-29,2.621154859950407e-29,2.621591573715643e-29,2.622028520201663e-29,2.62246570024365e-29,2.622903113694084e-29,2.623340764205496e-29,2.6237786441758343e-29,2.6242167606534966e-29,2.624655109907585e-29,2.6250936917281755e-29,2.62553250594047e-29,2.625971552378893e-29,2.6264108308760507e-29,2.6268503412638816e-29,2.627290083373695e-29,2.627730057039284e-29,2.6281702620916065e-29,2.6286106983426615e-29,2.6290513656678765e-29,2.6294922638607455e-29,2.6299333892464886e-29,2.630374744926372e-29,2.630816334741242e-29,2.63125815479074e-29,2.631700201403244e-29,2.63214248136835e-29,2.6325849910968775e-29,2.633027730365727e-29,2.6334706954809395e-29,2.6339138896867295e-29,2.63435731658188e-29,2.63480096893008e-29,2.6352448534315007e-29,2.635688963762219e-29,2.636133302341873e-29,2.636577872017656e-29,2.637022647201957e-29,2.637467669950352e-29,2.63791290099325e-29,2.638358358985296e-29,2.638804067543463e-29,2.639250003126763e-29,2.6396961623759616e-29,2.640142551884938e-29,2.64058916818135e-29,2.6410360110375135e-29,2.641483080305055e-29,2.6419303724865954e-29,2.642377890571408e-29,2.642825638076364e-29,2.6432736113912665e-29,2.643721766837225e-29,2.644170146809588e-29,2.64461878052568e-29,2.6450676551326035e-29,2.645516754740271e-29,2.645966075831793e-29,2.646415624795146e-29,2.646865398257933e-29,2.647315396016553e-29,2.647765617906113e-29,2.648216063763087e-29,2.6486667165540617e-29,2.6491176097900773e-29,2.6495687110552836e-29,2.650020051060767e-29,2.650471614285163e-29,2.650923400532302e-29,2.651375367110493e-29,2.6518275970085227e-29,2.6522800281668614e-29,2.6527326903021497e-29,2.6531855889837783e-29,2.6536387097524434e-29,2.654092052415539e-29,2.6545456016571597e-29,2.6549993875038555e-29,2.6554533916049114e-29,2.6559076200746054e-29,2.65636202792195e-29,2.6568166986947936e-29,2.657271586771777e-29,2.6577266952298746e-29,2.658182027401921e-29,2.6586375798849696e-29,2.659093352478407e-29,2.659549341888532e-29,2.6600055376873925e-29,2.660461969542741e-29,2.660918617824579e-29,2.661375488493693e-29,2.661832578358198e-29,2.6622898871902594e-29,2.6627474117957403e-29,2.663205154891046e-29,2.663663116510046e-29,2.664121296490771e-29,2.664579694673223e-29,2.665038314089963e-29,2.6654971483614556e-29,2.665956165472086e-29,2.666415438394495e-29,2.6668749284283007e-29,2.6673346357062115e-29,2.667794560076282e-29,2.668254701382293e-29,2.6687150594665946e-29,2.6691756136678815e-29,2.669636405024127e-29,2.670097392045483e-29,2.6705586158494255e-29,2.671020055456148e-29,2.6714817079121845e-29,2.6719435789823373e-29,2.672405665621137e-29,2.6728679614577196e-29,2.673330478740847e-29,2.6737931693310224e-29,2.6742560737686527e-29,2.674719216607515e-29,2.67518255075917e-29,2.6756461419761825e-29,2.676109947127065e-29,2.676573966390158e-29,2.677038199618546e-29,2.677502646655107e-29,2.677967307348135e-29,2.678432181516936e-29,2.678897266160137e-29,2.679362566648529e-29,2.679828080325742e-29,2.6802938040982633e-29,2.680759743410253e-29,2.681225895252272e-29,2.681692259408728e-29,2.682158835933889e-29,2.682625624571867e-29,2.68309262242192e-29,2.683559834862346e-29,2.6840272588898194e-29,2.6844948916979946e-29,2.684962736268729e-29,2.6854307943569285e-29,2.685899063450734e-29,2.6863675400735554e-29,2.686836230729296e-29,2.687305132098842e-29,2.68777424389359e-29,2.6882435256037e-29,2.688713058072359e-29,2.689182800187826e-29,2.689652752103231e-29,2.690122913682623e-29,2.690593284768098e-29,2.691063865135359e-29,2.6915346547805633e-29,2.6920056534949815e-29,2.692476861109271e-29,2.692948277379132e-29,2.6934198995872276e-29,2.69389173005343e-29,2.694363771699433e-29,2.6948360215324903e-29,2.6953084632577597e-29,2.695781123768152e-29,2.6962539971944946e-29,2.696727078080009e-29,2.697200366351507e-29,2.69767386176385e-29,2.6981475616772297e-29,2.698621471159553e-29,2.6990955874703237e-29,2.69956991041931e-29,2.70004443976331e-29,2.7005191755317236e-29,2.7009941174614376e-29,2.7014692653558115e-29,2.701944602089481e-29,2.7024201411695717e-29,2.7028958873702704e-29,2.7033718581538145e-29,2.7038480340334904e-29,2.704324415071574e-29,2.7048010010995646e-29,2.705277791968356e-29,2.705754769052711e-29,2.7062319693319256e-29,2.7067093553816887e-29,2.707186964295585e-29,2.7076647739630784e-29,2.70814279069002e-29,2.708621007445744e-29,2.7090994150315894e-29,2.7095780429225075e-29,2.710056857140044e-29,2.710535878249962e-29,2.711015115526681e-29,2.7114945183625627e-29,2.711974156506264e-29,2.71245396383231e-29,2.7129340099177626e-29,2.7134142602804285e-29,2.7138947128598957e-29,2.714375367448145e-29,2.7148562239445824e-29,2.715337282179391e-29,2.715818541979254e-29,2.7163000032232205e-29,2.7167816478396085e-29,2.717263493316615e-29,2.7177455582122096e-29,2.7182278237832183e-29,2.718710290061681e-29,2.7191929390765423e-29,2.719675804280978e-29,2.720158871772462e-29,2.7206421394343444e-29,2.721125607067921e-29,2.721609271999501e-29,2.722093139108545e-29,2.7225772058310143e-29,2.723061471936382e-29,2.723545937299892e-29,2.7240305651513667e-29,2.7245154288999125e-29,2.725000491157005e-29,2.7254857520978235e-29,2.72597121156887e-29,2.726456869423309e-29,2.726942723130334e-29,2.727428774802239e-29,2.7279150269404634e-29,2.7284014769340875e-29,2.7288881245804766e-29,2.729374969753887e-29,2.7298620123068526e-29,2.7303492520992275e-29,2.730836688988781e-29,2.731324322826407e-29,2.7318121510578024e-29,2.7323001783257193e-29,2.73278840207066e-29,2.733276822307039e-29,2.733765438780069e-29,2.734254248964651e-29,2.734743254985348e-29,2.735232459173778e-29,2.7357218568435975e-29,2.73621145229532e-29,2.7367012431859097e-29,2.7371912293173196e-29,2.7376814105468244e-29,2.738171786730693e-29,2.738662357713368e-29,2.7391531233561535e-29,2.739644081153641e-29,2.740135235693799e-29,2.740626584522825e-29,2.7411181274588454e-29,2.7416098643596115e-29,2.742101792784253e-29,2.742593914754463e-29,2.743086232565494e-29,2.7435787438766324e-29,2.7440714484526424e-29,2.7445643461476715e-29,2.7450574368456395e-29,2.745550720380999e-29,2.7460441965902685e-29,2.746537865350013e-29,2.747031724208959e-29,2.747525777625122e-29,2.7480200213750364e-29,2.7485144589246934e-29,2.749009088391792e-29,2.7495039095558495e-29,2.7499989200827904e-29,2.7504941241305745e-29,2.7509895174036714e-29,2.751485104017668e-29,2.7519808816086994e-29,2.7524768479618783e-29,2.752973007217062e-29,2.753469357116684e-29,2.7539658974600886e-29,2.7544626281525945e-29,2.754959549032438e-29,2.7554566577620444e-29,2.75595395624994e-29,2.756451446812579e-29,2.756949127052324e-29,2.757446994621526e-29,2.7579450514063914e-29,2.7584432996413946e-29,2.7589417370082806e-29,2.759440361178418e-29,2.7599391740273085e-29,2.7604381777929846e-29,2.760937367980697e-29,2.761436748558617e-29,2.761936317456007e-29,2.762436074544569e-29,2.7629360196401203e-29,2.763436152554355e-29,2.763936473171925e-29,2.764436981371799e-29,2.7649376769321995e-29,2.7654385598666585e-29,2.7659396299532485e-29,2.7664408868862634e-29,2.766942328793634e-29,2.7674439595347336e-29,2.7679457769430904e-29,2.768447780826251e-29,2.7689499689244776e-29,2.769452345292603e-29,2.7699549077734545e-29,2.770457654148673e-29,2.770960588358439e-29,2.7714637082575574e-29,2.7719670136856924e-29,2.7724705045106975e-29,2.772974164976767e-29,2.773478026351598e-29,2.773982070529796e-29,2.7744862874016976e-29,2.774990700997031e-29,2.7754952986942275e-29,2.776000083457301e-29,2.7765050526112893e-29,2.7770102059286493e-29,2.777515543299415e-29,2.77802106458385e-29,2.778526752934525e-29,2.779032641811928e-29,2.7795386986531924e-29,2.780044954435222e-29,2.7805513932870774e-29,2.7810580121887893e-29,2.781564817098555e-29,2.7820717896324525e-29,2.782578960283809e-29,2.783086313283351e-29,2.7835938487993413e-29,2.784101566633105e-29,2.784609466641219e-29,2.785117548721946e-29,2.785625781175616e-29,2.7861342271955656e-29,2.7866428546179004e-29,2.7871516635513334e-29,2.7876606538327164e-29,2.788169823871904e-29,2.788679176521298e-29,2.78918871016298e-29,2.7896984138846056e-29,2.790208309061312e-29,2.790718384870548e-29,2.7912286411573297e-29,2.79173907776108e-29,2.792249694475827e-29,2.7927604913786e-29,2.79327146818255e-29,2.7937826228233813e-29,2.794293957080589e-29,2.794805470875786e-29,2.7953171658865384e-29,2.795829038505223e-29,2.7963410921213696e-29,2.796853324729823e-29,2.797365736303075e-29,2.7978783246717726e-29,2.798391093514464e-29,2.7989040408827317e-29,2.799417164834709e-29,2.7999304688696794e-29,2.800443949267686e-29,2.8009575791216004e-29,2.801471415770758e-29,2.801985431443437e-29,2.802499624694811e-29,2.803013993579182e-29,2.8035285396617605e-29,2.804043264871666e-29,2.8045581671890953e-29,2.805073246443587e-29,2.805588502505096e-29,2.8061039352566775e-29,2.806619544563713e-29,2.8071353303197477e-29,2.807651292346432e-29,2.8081674305387273e-29,2.808683744770182e-29,2.809200221646696e-29,2.8097168741081434e-29,2.8102337022200683e-29,2.810750719480847e-29,2.811267897628856e-29,2.8117852655502173e-29,2.8123028084326475e-29,2.812820526355631e-29,2.813338417358418e-29,2.8138564848801915e-29,2.814374727071044e-29,2.8148931419613884e-29,2.8154117329882294e-29,2.8159304981952274e-29,2.8164494082960135e-29,2.8169685219489174e-29,2.8174878092077205e-29,2.8180072701474244e-29,2.818526904784096e-29,2.819046712907283e-29,2.819566692613072e-29,2.8200868472841765e-29,2.820607145990787e-29,2.8211276470168394e-29,2.82164832065474e-29,2.822169167004142e-29,2.82269018597375e-29,2.8232113773943527e-29,2.8237327411700917e-29,2.8242542771591886e-29,2.8247759852515925e-29,2.825297865310024e-29,2.8258198884236156e-29,2.826342112218947e-29,2.8268645074439426e-29,2.827387074061598e-29,2.827909812094493e-29,2.828432721287545e-29,2.828955801623209e-29,2.829479052926588e-29,2.830002475077213e-29,2.830526067942349e-29,2.831049831398721e-29,2.831573763561539e-29,2.8320978678263106e-29,2.832622142351662e-29,2.8331465852753554e-29,2.8336711998397264e-29,2.8341959842595625e-29,2.8347209369896016e-29,2.835246050965167e-29,2.835771344113233e-29,2.8362968066869555e-29,2.8368224385121264e-29,2.837348239442552e-29,2.8378742093338867e-29,2.8384003481042953e-29,2.838926655588965e-29,2.83945313161726e-29,2.839979776129701e-29,2.840506589068192e-29,2.841033568587528e-29,2.8415607178536414e-29,2.842088035158978e-29,2.84261552036182e-29,2.8431431455474013e-29,2.8436709649587483e-29,2.844198928442201e-29,2.844727082692836e-29,2.845255405341696e-29,2.8457838951560077e-29,2.8463125520113743e-29,2.8468413757786616e-29,2.8473703550557376e-29,2.8478995123702486e-29,2.84842882383505e-29,2.848958314024487e-29,2.849487970419932e-29,2.850017792968402e-29,2.850547780323896e-29,2.8510779307827063e-29,2.8516082511776535e-29,2.852138735581254e-29,2.852669385351678e-29,2.85320020222146e-29,2.8537311829140414e-29,2.854262330310363e-29,2.8547936428889697e-29,2.855325120428558e-29,2.85585676118739e-29,2.8563885682359254e-29,2.8569205398954787e-29,2.857452676047723e-29,2.8579849765516404e-29,2.858517441287242e-29,2.85905007011185e-29,2.8595828509855594e-29,2.860115807812064e-29,2.8606489266949534e-29,2.861182198973929e-29,2.86171564526917e-29,2.8622492561355785e-29,2.862783003738916e-29,2.8633169140587723e-29,2.863851014724968e-29,2.8643852780836456e-29,2.8649197042295826e-29,2.8654542930256657e-29,2.8659890178333073e-29,2.8665239318039736e-29,2.8670590078477283e-29,2.867594246158459e-29,2.8681296431515986e-29,2.868665205566547e-29,2.869200929794243e-29,2.8697368155655584e-29,2.870272863108724e-29,2.870809072142643e-29,2.8713454425719774e-29,2.8718819740852837e-29,2.872418666896459e-29,2.872955519211419e-29,2.8734925305905117e-29,2.8740296798722407e-29,2.874567003232173e-29,2.8751044860439714e-29,2.8756421433395896e-29,2.876179959307578e-29,2.876717936929832e-29,2.87725607308637e-29,2.877794370731221e-29,2.878332828256005e-29,2.8788714455303453e-29,2.8794102224082887e-29,2.879949158769628e-29,2.8804882544470845e-29,2.8810275094450404e-29,2.881566923609511e-29,2.882106495657885e-29,2.882646227726443e-29,2.8831861170833946e-29,2.8837261666230376e-29,2.884266373284486e-29,2.8848067398052854e-29,2.8853472647020967e-29,2.8858879463576606e-29,2.8864287860091695e-29,2.8869697835545714e-29,2.88751093906624e-29,2.8880522538542966e-29,2.8885937262278844e-29,2.88913535620246e-29,2.889677143581958e-29,2.890219087152405e-29,2.890761187479114e-29,2.891303446341484e-29,2.891845860769464e-29,2.892388431921211e-29,2.892931159797506e-29,2.8934740446048033e-29,2.8940170855764145e-29,2.894560284400001e-29,2.8951036395267606e-29,2.895647150794227e-29,2.896190818078931e-29,2.8967346337439587e-29,2.897278612690526e-29,2.8978227473799567e-29,2.898367036252709e-29,2.8989114819395416e-29,2.899456081519384e-29,2.9000008363240226e-29,2.900545747708127e-29,2.9010908127208153e-29,2.9016360339376623e-29,2.902181409968517e-29,2.902726932580318e-29,2.903272617846697e-29,2.903818457610219e-29,2.904364451702807e-29,2.904910600006748e-29,2.905456900666082e-29,2.906003355543904e-29,2.906549964317986e-29,2.9070967282806034e-29,2.9076436445587533e-29,2.908190715657117e-29,2.90873793887718e-29,2.909285316750407e-29,2.9098328478846893e-29,2.9103805078645503e-29,2.910928344026619e-29,2.911476333962829e-29,2.912024476691604e-29,2.9125727719465263e-29,2.913121195800196e-29,2.913669795230332e-29,2.9142185478713946e-29,2.9147674513344645e-29,2.915316506796038e-29,2.9158657156523964e-29,2.916415076414156e-29,2.916964583006525e-29,2.917514247072988e-29,2.918064062723217e-29,2.9186140033033165e-29,2.91916412106425e-29,2.9197143906056466e-29,2.9202648112570054e-29,2.9208153828794515e-29,2.92136610536105e-29,2.921916978591358e-29,2.922468002459743e-29,2.9230191768556575e-29,2.923570501668796e-29,2.9241219767889253e-29,2.9246735797149235e-29,2.925225355290521e-29,2.9257772806716407e-29,2.9263293559154794e-29,2.926881579595841e-29,2.9274339542047525e-29,2.9279864535874496e-29,2.928539127409606e-29,2.929091950341507e-29,2.9296449211867577e-29,2.930198040982396e-29,2.930751311148857e-29,2.9313047302530564e-29,2.931858298059359e-29,2.932412014600356e-29,2.932965879688346e-29,2.933519891912441e-29,2.934074052427347e-29,2.934628351426731e-29,2.935182809772496e-29,2.935737416009736e-29,2.936292170145959e-29,2.9368470720677996e-29,2.9374021203447464e-29,2.9379573160854835e-29,2.938512659290804e-29,2.9390681499347794e-29,2.939623778113451e-29,2.9401795646361677e-29,2.9407354877804094e-29,2.941291568251045e-29,2.941847795446518e-29,2.9424041680431026e-29,2.9429606775404984e-29,2.943517333328919e-29,2.944074146846241e-29,2.944631105287462e-29,2.945188211047078e-29,2.945745462967268e-29,2.9463028608564947e-29,2.9468604045455406e-29,2.9474180940532026e-29,2.9479759292032504e-29,2.948533909889054e-29,2.949092025001621e-29,2.9496502853028073e-29,2.950208690768758e-29,2.950767252645651e-29,2.951325959403937e-29,2.9518848110548384e-29,2.9524438074059327e-29,2.953002947318188e-29,2.953562231713634e-29,2.954121660755713e-29,2.954681224495123e-29,2.955240942281783e-29,2.9558008051972994e-29,2.956360812199802e-29,2.956920961922916e-29,2.957481256662852e-29,2.9580416951512187e-29,2.958602277287067e-29,2.9591630029430306e-29,2.959723872014603e-29,2.96028488437155e-29,2.9608460399573906e-29,2.96140733862407e-29,2.961968780306899e-29,2.962530364880757e-29,2.963092091039191e-29,2.9636539610408804e-29,2.96421597363098e-29,2.964778127236982e-29,2.9653404233901146e-29,2.965902863068095e-29,2.966465443795133e-29,2.9670281676866966e-29,2.967591033562217e-29,2.968154041268671e-29,2.968717189559845e-29,2.969280479385961e-29,2.9698439119839427e-29,2.9704074845568153e-29,2.9709711998912435e-29,2.971535056502482e-29,2.972099054234926e-29,2.972663191471095e-29,2.973227469864243e-29,2.973791890293048e-29,2.9743564502960214e-29,2.9749211520124244e-29,2.9754859942622774e-29,2.9760509753638413e-29,2.976616098269556e-29,2.9771813613961015e-29,2.9777467646118315e-29,2.9783123078106836e-29,2.978877990845454e-29,2.979443813706955e-29,2.9800097762473586e-29,2.9805758774974474e-29,2.9811421190496096e-29,2.981708498602534e-29,2.9822750187975326e-29,2.982841678201846e-29,2.983408475524826e-29,2.983975412908363e-29,2.9845424891832524e-29,2.9851097042158854e-29,2.985677057903107e-29,2.986244550143226e-29,2.986812180834136e-29,2.987379949861322e-29,2.987947857148271e-29,2.988515902566062e-29,2.9890840860450755e-29,2.9896524063452906e-29,2.9902208655728615e-29,2.990789461445565e-29,2.991358194556517e-29,2.9919270667000937e-29,2.992496074937071e-29,2.99306522059356e-29,2.993634502037463e-29,2.994203923407001e-29,2.9947734800243884e-29,2.995343173825156e-29,2.995913004466071e-29,2.996482972122673e-29,2.997053076377487e-29,2.997623315676214e-29,2.9981936941671926e-29,2.998764207862886e-29,2.9993348574054614e-29,2.9999056433647413e-29,3.00047656650944e-29,3.001047625619584e-29,3.0016188205642836e-29,3.002190151241403e-29,3.002761616722272e-29,3.003333217422995e-29,3.0039049535034823e-29,3.004476826075946e-29,3.00504883250314e-29,3.005620974312931e-29,3.0061932511590277e-29,3.0067656640737294e-29,3.0073382118606557e-29,3.007910893312473e-29,3.008483710444097e-29,3.009056661059834e-29,3.009629747174403e-29,3.0102029676497855e-29,3.010776322364759e-29,3.011349811249118e-29,3.011923434179784e-29,3.0124971899964146e-29,3.0130710806159725e-29,3.013645103977507e-29,3.014219260980188e-29,3.0147935526368713e-29,3.015367976730302e-29,3.015942534101941e-29,3.0165172247325395e-29,3.0170920485259247e-29,3.017667005391446e-29,3.0182420952305715e-29,3.018817319034154e-29,3.019392675643064e-29,3.0199681649297754e-29,3.0205437867945083e-29,3.021119541079077e-29,3.021695427790732e-29,3.0222714467916057e-29,3.022847597974766e-29,3.023423879925198e-29,3.0240002951656054e-29,3.0245768342556836e-29,3.025153513319535e-29,3.0257303239541e-29,3.026307265222355e-29,3.026884338973724e-29,3.0274615431712084e-29,3.0280388796754965e-29,3.028616347432568e-29,3.0291939452972115e-29,3.0297716741034113e-29,3.030349534897932e-29,3.0309275265487933e-29,3.0315056489553463e-29,3.0320839019991784e-29,3.0326622855905e-29,3.033240799643548e-29,3.033819444044786e-29,3.034398218712841e-29,3.034977123490466e-29,3.035556158395914e-29,3.036135323273872e-29,3.036714618029096e-29,3.037294042565281e-29,3.037873596787469e-29,3.038453280601048e-29,3.039033093893215e-29,3.0396130366025106e-29,3.040193108616125e-29,3.0407732915265626e-29,3.0413536220267824e-29,3.0419340813889455e-29,3.042514669671517e-29,3.043095386784183e-29,3.043676232632848e-29,3.0442572071071665e-29,3.0448383101438793e-29,3.0454195416183573e-29,3.046000901465525e-29,3.0465823895760786e-29,3.0471640058546696e-29,3.04774575020881e-29,3.048327622527062e-29,3.048909622750515e-29,3.0494917507646825e-29,3.0500740064776415e-29,3.0506563897964737e-29,3.051238900624868e-29,3.051821538871174e-29,3.0524043035037555e-29,3.05298719627087e-29,3.0535702162051947e-29,3.0541533631648255e-29,3.054736637092732e-29,3.055320037877107e-29,3.0559035487023484e-29,3.0564871848325676e-29,3.057070965789013e-29,3.0576548730631223e-29,3.058238906722288e-29,3.058823066679244e-29,3.0594073528406266e-29,3.059991765097001e-29,3.0605763033888606e-29,3.061160967606142e-29,3.0617457576584087e-29,3.062330673452614e-29,3.062915714895159e-29,3.063500881893845e-29,3.064086174355795e-29,3.0646715921901046e-29,3.0652571353032737e-29,3.065842803595597e-29,3.066428596979232e-29,3.067014515366839e-29,3.0676005586768743e-29,3.0681867268087547e-29,3.068773019652337e-29,3.069359437132779e-29,3.069945979157145e-29,3.0705326456461075e-29,3.071119436496626e-29,3.071706351616003e-29,3.072293390898185e-29,3.0728805542831706e-29,3.073467841663057e-29,3.0740552520117913e-29,3.0746427870630147e-29,3.075230445878615e-29,3.0758182283270936e-29,3.0764061343160665e-29,3.0769941628301344e-29,3.077582315595243e-29,3.078170591656785e-29,3.0787589899489606e-29,3.0793475122426266e-29,3.07993615755854e-29,3.080524925784931e-29,3.0811138168251113e-29,3.081702830590987e-29,3.082291966990786e-29,3.082881225932748e-29,3.08347060732366e-29,3.084060111083599e-29,3.0846497371072834e-29,3.0852394853236616e-29,3.0858293556338673e-29,3.086419347947015e-29,3.087009462159017e-29,3.087599698203477e-29,3.0881900559848983e-29,3.088780535400795e-29,3.089371119422446e-29,3.089961824759919e-29,3.090552668740435e-29,3.0911436338538344e-29,3.091734720138921e-29,3.0923259275521964e-29,3.0929172559868195e-29,3.093508705352297e-29,3.094100275557563e-29,3.094691966515853e-29,3.095283778136837e-29,3.095875710318044e-29,3.0964677629855673e-29,3.097059936065007e-29,3.097652212884241e-29,3.098244626638086e-29,3.0988371603787845e-29,3.099429814158637e-29,3.100022587891273e-29,3.100615464863518e-29,3.101208478374429e-29,3.101801611444484e-29,3.1023948641124563e-29,3.1029882362797806e-29,3.103581727885173e-29,3.104175338830259e-29,3.1047690690263464e-29,3.1053629019588916e-29,3.1059568705374886e-29,3.1065509579588665e-29,3.10714516310687e-29,3.1077394881924934e-29,3.1083339319943836e-29,3.1089284944702095e-29,3.109523175507863e-29,3.1101179750082123e-29,3.110712892882183e-29,3.1113079290451815e-29,3.1119030833959675e-29,3.1124983558729663e-29,3.113093746368438e-29,3.1136892548121585e-29,3.114284881109339e-29,3.1148806251725524e-29,3.115476486914709e-29,3.1160724662366416e-29,3.116668563077573e-29,3.117264777340161e-29,3.1178611089225053e-29,3.118457557751799e-29,3.119054123742199e-29,3.119650806817567e-29,3.120247606881324e-29,3.120844523846547e-29,3.12144154163603e-29,3.122038692286699e-29,3.1226359594418493e-29,3.1232333431491605e-29,3.1238308433285605e-29,3.124428459893631e-29,3.125026192759547e-29,3.1256240418393757e-29,3.12622200704827e-29,3.1268200882997826e-29,3.12741828551009e-29,3.1280165985928117e-29,3.1286150274623156e-29,3.129213572034703e-29,3.1298122322235256e-29,3.1304110079436596e-29,3.1310098991107115e-29,3.131608904852508e-29,3.1322080186541247e-29,3.132807250736933e-29,3.133406602785817e-29,3.1340060698954877e-29,3.1346056511412763e-29,3.1352053480078027e-29,3.135805159682723e-29,3.1364050860433735e-29,3.1370051270008717e-29,3.137605282468556e-29,3.138205552371166e-29,3.138805936621081e-29,3.139406435131854e-29,3.1400070478134226e-29,3.140607774577877e-29,3.1412086147806613e-29,3.1418095694663357e-29,3.1424106372368634e-29,3.143011819517809e-29,3.1436131155008585e-29,3.144214525073749e-29,3.144816048133012e-29,3.145417677853161e-29,3.1460194277710096e-29,3.1466212840724056e-29,3.147223260404195e-29,3.1478253487666386e-29,3.148427550312131e-29,3.149029864530096e-29,3.149632292611195e-29,3.150234833477667e-29,3.150837487005558e-29,3.151440253134903e-29,3.152043131760229e-29,3.152646122818573e-29,3.153249226217735e-29,3.153852441874595e-29,3.1544557697041923e-29,3.155059209625366e-29,3.1556627607995963e-29,3.1562664246115913e-29,3.1568702003111563e-29,3.1574740877736647e-29,3.1580780861848137e-29,3.1586821968947026e-29,3.159286419145141e-29,3.159890752831259e-29,3.1604951978684964e-29,3.16109975415951e-29,3.161704421649673e-29,3.162309200239085e-29,3.162914089106524e-29,3.1635190888567477e-29,3.164124200228351e-29,3.1647294224189627e-29,3.1653347553055523e-29,3.1659401978559806e-29,3.166545751859748e-29,3.167151416340975e-29,3.1677571911950544e-29,3.168363076322224e-29,3.1689690716433636e-29,3.169575177114446e-29,3.170181391876284e-29,3.1707877173277104e-29,3.1713941526876274e-29,3.172000697849888e-29,3.172607352003463e-29,3.173214116480761e-29,3.173820990548451e-29,3.1744279733759146e-29,3.175035066297965e-29,3.1756422685622744e-29,3.176249580063232e-29,3.1768570007168354e-29,3.177464530448482e-29,3.1780721684580936e-29,3.1786799160672595e-29,3.179287772531587e-29,3.1798957377440706e-29,3.180503811637947e-29,3.1811119941249666e-29,3.181720284160761e-29,3.1823286835642746e-29,3.1829371769193876e-29,3.1835457931041085e-29,3.184154509806888e-29,3.18476334223774e-29,3.185372282631054e-29,3.1859813309739183e-29,3.186590487190059e-29,3.18719975120571e-29,3.1878091229273834e-29,3.1884186015739505e-29,3.1890281877344954e-29,3.1896378820968505e-29,3.190247683883182e-29,3.190857592983506e-29,3.191467608633042e-29,3.192077732109351e-29,3.192687962144945e-29,3.193298298933424e-29,3.193908742823388e-29,3.1945192941472194e-29,3.195129952261058e-29,3.1957407170613265e-29,3.196351587719243e-29,3.196962565611262e-29,3.197573649998063e-29,3.1981848407438645e-29,3.1987961377939245e-29,3.1994075410595415e-29,3.200019049768655e-29,3.2006306645412855e-29,3.201242385951427e-29,3.20185421318005e-29,3.2024661456914724e-29,3.2030781845724097e-29,3.2036903291459164e-29,3.2043025792962186e-29,3.204914934971286e-29,3.2055273960813136e-29,3.2061399625459524e-29,3.20675263428807e-29,3.207365410250596e-29,3.207978292286518e-29,3.208591279394571e-29,3.2092043714705734e-29,3.209817568426969e-29,3.210430870195498e-29,3.2110442767082604e-29,3.211657787878928e-29,3.212271403619232e-29,3.212885123875344e-29,3.213498948557489e-29,3.2141128768693615e-29,3.214726910145066e-29,3.2153410476416954e-29,3.2159552892569836e-29,3.2165696349129766e-29,3.2171840845350845e-29,3.217798638043811e-29,3.218413295355358e-29,3.2190280557547435e-29,3.219642919698493e-29,3.2202578879548926e-29,3.220872959090458e-29,3.221488134291773e-29,3.2221034128689205e-29,3.2227187947237247e-29,3.223334279759172e-29,3.223949867934794e-29,3.2245655591609855e-29,3.225181353352403e-29,3.225797250444733e-29,3.22641325034124e-29,3.2270293529951147e-29,3.2276455583168636e-29,3.2282618662301567e-29,3.2288782759975685e-29,3.229494788841324e-29,3.23011140407417e-29,3.23072812159738e-29,3.231344941334154e-29,3.231961863208863e-29,3.232578886495592e-29,3.2331960123943267e-29,3.233813240218004e-29,3.2344305628838464e-29,3.2350479943777525e-29,3.235665526647936e-29,3.236283161348671e-29,3.236900897613596e-29,3.237518735343141e-29,3.238136674458373e-29,3.2387547148837716e-29,3.2393728565478726e-29,3.239991092546888e-29,3.240609429516925e-29,3.241227874511559e-29,3.2418464203614306e-29,3.242465067080764e-29,3.24308381459086e-29,3.2437026628159217e-29,3.244321611680176e-29,3.2449406611096e-29,3.245559811031023e-29,3.246179061370692e-29,3.24679841205295e-29,3.247417863003749e-29,3.2480374141483926e-29,3.248657065416153e-29,3.2492768167288783e-29,3.249896668015497e-29,3.2505166155040716e-29,3.2511366664545764e-29,3.25175681659785e-29,3.252375067452979e-29,3.2529934173970893e-29,3.253611865344558e-29,3.2542304122230046e-29,3.254849057445276e-29,3.255467800931517e-29,3.2560866399654346e-29,3.256705579850246e-29,3.257324617750639e-29,3.2579437536383856e-29,3.258562983099412e-29,3.259182314250677e-29,3.259801743164842e-29,3.260421269786927e-29,3.2610408940550515e-29,3.2616606137277515e-29,3.2622804330548103e-29,3.2629003502460746e-29,3.263520364768848e-29,3.264140476564132e-29,3.264760685560147e-29,3.265380989706361e-29,3.266001392861374e-29,3.2666218925124e-29,3.2672424876003924e-29,3.267863181478749e-29,3.268483965874855e-29,3.269104853166334e-29,3.2697258291290013e-29,3.2703469095794396e-29,3.2709680858623083e-29,3.2715893513163704e-29,3.272210720978621e-29,3.272832186950122e-29,3.2734537491153227e-29,3.274075407402038e-29,3.2746971597720416e-29,3.2753210220576987e-29,3.2759429687001606e-29,3.276565003504198e-29,3.277187139672379e-29,3.2778093723090193e-29,3.2784317017891644e-29,3.279054126784419e-29,3.279676647260611e-29,3.28029926248187e-29,3.2809219737462954e-29,3.281544771685289e-29,3.282167658393734e-29,3.28279064765202e-29,3.283413738978728e-29,3.2840369258382866e-29,3.2846602064464466e-29,3.28528358197798e-29,3.2859070524884354e-29,3.286530618136282e-29,3.2871542783954505e-29,3.2877780330532877e-29,3.2884018820862173e-29,3.289025824400824e-29,3.289649861646383e-29,3.290273993958878e-29,3.290898220596122e-29,3.2915225413455735e-29,3.292146952364084e-29,3.2927714598163405e-29,3.2933960630524867e-29,3.294020760180171e-29,3.294645551108878e-29,3.29527043141756e-29,3.2958954085924856e-29,3.296520480049729e-29,3.2971456297719296e-29,3.2977729177698324e-29,3.298398254376247e-29,3.299023700192367e-29,3.299651270267741e-29,3.3002768869426856e-29,3.3009026113474235e-29,3.301528421062441e-29,3.302154332712683e-29,3.302780336157643e-29,3.3034064253400184e-29,3.30403261350618e-29,3.304658896385495e-29,3.3052852707624927e-29,3.3059117311244034e-29,3.306538291620847e-29,3.307164942630231e-29,3.3077916859891645e-29,3.308418508108824e-29,3.30904543046248e-29,3.3096724371956186e-29,3.3102995360650533e-29,3.3109267415600393e-29,3.311554038407679e-29,3.31218142395576e-29,3.312808905617086e-29,3.3134364770548536e-29,3.314064140148463e-29,3.314691894030548e-29,3.315319741778032e-29,3.3159476801290513e-29,3.316575710704992e-29,3.317203832580908e-29,3.317832030552688e-29,3.3184603199664924e-29,3.3190887004555824e-29,3.3197171719424404e-29,3.3203457455572074e-29,3.3209744125257096e-29,3.3216031565403866e-29,3.3222320058893995e-29,3.3228609461283747e-29,3.323489975693681e-29,3.3241190963188596e-29,3.3247483050535115e-29,3.325377603627505e-29,3.3260069816111356e-29,3.326636463320868e-29,3.327266037312291e-29,3.3278956864557264e-29,3.328525440690591e-29,3.3291552850252145e-29,3.329785219363312e-29,3.330415243494135e-29,3.331045357627959e-29,3.331675562008822e-29,3.332305853337025e-29,3.3329362351704743e-29,3.333566693072537e-29,3.334197255871172e-29,3.334827908179813e-29,3.335458648600852e-29,3.3360894791128363e-29,3.336720398871252e-29,3.337351392747479e-29,3.337982491275064e-29,3.338613678913315e-29,3.339244955546507e-29,3.3398763210971426e-29,3.3405077755140096e-29,3.341139318726639e-29,3.341770948088226e-29,3.342402667686867e-29,3.3430344764363234e-29,3.343666373584395e-29,3.344298355464575e-29,3.3449304294729594e-29,3.3455625919379145e-29,3.346194842038789e-29,3.3468271804510584e-29,3.347459607562968e-29,3.3480921083477065e-29,3.3487246989941636e-29,3.349357376971175e-29,3.3499901558559004e-29,3.3506230225682774e-29,3.3512559770646003e-29,3.351889019232711e-29,3.352522148401673e-29,3.3531553657744686e-29,3.353788670593913e-29,3.354422063333737e-29,3.35505554266809e-29,3.355689108872768e-29,3.3563227621560233e-29,3.3569565030003525e-29,3.3575903308897567e-29,3.35822424633444e-29,3.3588582472632514e-29,3.3594923205347555e-29,3.360126496026606e-29,3.3607607584374994e-29,3.361395108590213e-29,3.362029545355147e-29,3.3626640682196467e-29,3.363298676117094e-29,3.363933371963818e-29,3.364568154663251e-29,3.365203023171584e-29,3.3658379785103486e-29,3.3664730200138017e-29,3.367108147655388e-29,3.367743353759741e-29,3.3683786534291713e-29,3.3690140385910737e-29,3.369649508174622e-29,3.3702850650326354e-29,3.3709207076611016e-29,3.371556433802691e-29,3.372192248259099e-29,3.3728281477546776e-29,3.373464132732063e-29,3.3741001965979874e-29,3.3747363528436646e-29,3.375372594446222e-29,3.376008920807591e-29,3.376645332348174e-29,3.3772818290128495e-29,3.377918410723252e-29,3.378555063046373e-29,3.3791918016709014e-29,3.3798286386171214e-29,3.380465560410605e-29,3.38110256641835e-29,3.3817396573144314e-29,3.3823768321719104e-29,3.3830140921023335e-29,3.383651436984539e-29,3.384288866290263e-29,3.38492637946804e-29,3.3855639769320273e-29,3.386201658652865e-29,3.3868394245477184e-29,3.3874772750631476e-29,3.388115209132762e-29,3.3887532276873613e-29,3.389391330163557e-29,3.390029516045737e-29,3.390667786193988e-29,3.391306140085594e-29,3.3919445776569165e-29,3.3925830988527076e-29,3.3932216962204825e-29,3.393860384426424e-29,3.394499155388446e-29,3.395138009969667e-29,3.395776947822696e-29,3.3964159689255817e-29,3.397055060582912e-29,3.397694247133421e-29,3.3983335169720414e-29,3.3989728690163635e-29,3.399612305419511e-29,3.400251825179385e-29,3.4008914272850035e-29,3.401531097599471e-29,3.402170864978919e-29,3.402810715229603e-29,3.403450648026056e-29,3.4040906634721725e-29,3.4047307607175004e-29,3.405370940350448e-29,3.4060112013421855e-29,3.406651546016685e-29,3.407291972887644e-29,3.407932482421268e-29,3.4085730740321137e-29,3.409213747163569e-29,3.409854502384215e-29,3.4104953394005154e-29,3.4111362587170896e-29,3.4117772593465643e-29,3.412418341645095e-29,3.4130595050881807e-29,3.4137007506989167e-29,3.4143420777959896e-29,3.4149834869048674e-29,3.4156249769718773e-29,3.416266546913923e-29,3.416908200051549e-29,3.417549932439668e-29,3.418191747310894e-29,3.418833643189856e-29,3.419475619963909e-29,3.420117674365575e-29,3.420759813001823e-29,3.421402033058234e-29,3.422044333879591e-29,3.422686714895474e-29,3.4233291767038646e-29,3.4239717047428865e-29,3.4246143286376e-29,3.4252570331128e-29,3.4258998160842536e-29,3.4265426809373996e-29,3.427185624654483e-29,3.427828650592831e-29,3.428471756248225e-29,3.4291149425590125e-29,3.4297582084874856e-29,3.43040155057585e-29,3.431044975820791e-29,3.431688481072848e-29,3.432332067307866e-29,3.432975726667487e-29,3.433619465929632e-29,3.4342632913002657e-29,3.434907195837392e-29,3.435551179942582e-29,3.4361952379853574e-29,3.43683937556707e-29,3.437483598459494e-29,3.438127900722052e-29,3.438772282254074e-29,3.439416742994675e-29,3.440061282353085e-29,3.440705900370604e-29,3.441350597945345e-29,3.4419953705842177e-29,3.4426402260180233e-29,3.44328516029643e-29,3.4439301738650153e-29,3.444575265669963e-29,3.4452204356444365e-29,3.445865684341928e-29,3.446511012542164e-29,3.447156412435205e-29,3.447801896350176e-29,3.4484474594027375e-29,3.4490931012626264e-29,3.449738821394591e-29,3.4503846177784926e-29,3.451030482634899e-29,3.4516764371918495e-29,3.452322469341742e-29,3.452968579488538e-29,3.4536147469350346e-29,3.45426101280333e-29,3.454907356081701e-29,3.4555537710992623e-29,3.4562002680814585e-29,3.456846844950064e-29,3.4574934990633866e-29,3.458140229596959e-29,3.4587870390206187e-29,3.459433925838367e-29,3.4600808766987504e-29,3.4607279055189073e-29,3.46137502358137e-29,3.462022218000216e-29,3.4626694914796543e-29,3.463316841122443e-29,3.463964267622003e-29,3.4646117716680184e-29,3.465259352570846e-29,3.465907010345838e-29,3.466554744895002e-29,3.4672025561357145e-29,3.467850444533423e-29,3.4684984095370625e-29,3.469146450117234e-29,3.4697945677034875e-29,3.4704427612328343e-29,3.471091032132199e-29,3.4717393745685573e-29,3.4723877970079727e-29,3.4730362956183287e-29,3.4736848709880215e-29,3.4743335229102655e-29,3.4749822508740003e-29,3.475631054329859e-29,3.47627993371884e-29,3.4769288767239886e-29,3.477577907754672e-29,3.478227015094222e-29,3.4788761976280216e-29,3.4795254500537435e-29,3.4801747837743983e-29,3.4808241935670284e-29,3.4814736768958806e-29,3.482123235630059e-29,3.4827728691850556e-29,3.483422574305332e-29,3.4840723548891537e-29,3.484722216665078e-29,3.4853721516559826e-29,3.486022162611132e-29,3.486672249255786e-29,3.487322410397152e-29,3.4879726407156445e-29,3.4886229520248286e-29,3.489273337749589e-29,3.4899237982915337e-29,3.4905743339508715e-29,3.4912249442160777e-29,3.491875629092711e-29,3.4925263884760104e-29,3.493177222346292e-29,3.493828125074437e-29,3.4944791021069654e-29,3.495130159009749e-29,3.495781289790598e-29,3.496432495235065e-29,3.497083774789723e-29,3.49773512846527e-29,3.4983865561782207e-29,3.499038057365696e-29,3.4996896330082806e-29,3.5003412829931316e-29,3.500993006764681e-29,3.501644804282513e-29,3.5022966750239945e-29,3.502948617575046e-29,3.5036006341230857e-29,3.5042527134297475e-29,3.504904878889969e-29,3.505557117326445e-29,3.5062094291535695e-29,3.506861813103389e-29,3.5075142714499793e-29,3.508166803614476e-29,3.50881940844848e-29,3.5094720868839957e-29,3.51012483781963e-29,3.510777660345755e-29,3.51143055774572e-29,3.512083527508513e-29,3.512736570187102e-29,3.5133896856500884e-29,3.514042873256409e-29,3.51469613413422e-29,3.515349467078518e-29,3.5160028731056096e-29,3.5166563515841835e-29,3.517309903078311e-29,3.5179635264592493e-29,3.5186172207056106e-29,3.519270987157418e-29,3.51992482741731e-29,3.5205787398396577e-29,3.5212327239413184e-29,3.521886780624827e-29,3.5225409093202893e-29,3.52319510998446e-29,3.5238493825699623e-29,3.5245037258768885e-29,3.525158142599718e-29,3.5258126302279883e-29,3.526467189903133e-29,3.5271218212702443e-29,3.5277765242623796e-29,3.528431299321415e-29,3.529086145868671e-29,3.529741063362677e-29,3.530396052238607e-29,3.5310511129663414e-29,3.53170624296763e-29,3.532361445186562e-29,3.5330167176568984e-29,3.5336720623076195e-29,3.5343274778461185e-29,3.53498296542521e-29,3.53563852350407e-29,3.536294152491763e-29,3.5369498495112643e-29,3.5376056202412224e-29,3.5382614602964373e-29,3.538917371009192e-29,3.5395733528328475e-29,3.5402294063195265e-29,3.540885530773935e-29,3.5415417247413316e-29,3.542197989675017e-29,3.542854325451616e-29,3.54351073153632e-29,3.544167207903837e-29,3.5448237545064013e-29,3.5454803688029704e-29,3.5461370547859405e-29,3.5467938118020626e-29,3.547450635280304e-29,3.5481075312790733e-29,3.548764497248066e-29,3.549421534037049e-29,3.550078639679504e-29,3.5507358160524584e-29,3.5513930611952873e-29,3.552050375443344e-29,3.5527077608321825e-29,3.553365212397648e-29,3.5540227368489114e-29,3.5546803272549106e-29,3.55533798846217e-29,3.5559957200932566e-29,3.556653521065197e-29,3.5573113889513306e-29,3.5579693272856476e-29,3.5586273357958427e-29,3.559285412629349e-29,3.5599435592656484e-29,3.5606017725523256e-29,3.561260054639415e-29,3.561918408115066e-29,3.562576828060293e-29,3.563235319116683e-29,3.563893877439366e-29,3.564552503641654e-29,3.5652111997204975e-29,3.565869965431506e-29,3.566528798840577e-29,3.567187701653135e-29,3.567846672862679e-29,3.568505710101535e-29,3.5691648169052754e-29,3.5698239935241527e-29,3.57048323604862e-29,3.571142548238538e-29,3.571801929926317e-29,3.5724613791406096e-29,3.5731208963763114e-29,3.573780481574842e-29,3.574440134712286e-29,3.575099855708884e-29,3.575759644527967e-29,3.576419501122e-29,3.5770794254337514e-29,3.57773941748332e-29,3.5783994771077467e-29,3.5790596038412233e-29,3.579719799054178e-29,3.580380061711413e-29,3.581040391297206e-29,3.5817007887815984e-29,3.582361253550912e-29,3.5830217855875763e-29,3.5836823848428496e-29,3.5843430507720685e-29,3.5850037843172836e-29,3.5856645849335863e-29,3.586325452568124e-29,3.5869863871704654e-29,3.587647387768629e-29,3.588308455202417e-29,3.588969589950749e-29,3.5896307900012976e-29,3.5902920567323095e-29,3.5909533897590646e-29,3.5916147898072e-29,3.592276258379061e-29,3.592937792976861e-29,3.593599394541696e-29,3.5942610620376976e-29,3.594922796399863e-29,3.595584596111042e-29,3.5962464611300345e-29,3.5969083923408146e-29,3.5975703917153814e-29,3.598232456739757e-29,3.598894588287745e-29,3.5995567853975965e-29,3.600219047000604e-29,3.600881376526201e-29,3.6015437709475674e-29,3.602206232219089e-29,3.602868758746378e-29,3.6035313505276096e-29,3.6041940085040485e-29,3.6048567321752484e-29,3.605519521879958e-29,3.606182376686748e-29,3.606845296911589e-29,3.607508283072434e-29,3.6081713346295627e-29,3.6088344515328556e-29,3.609497633310556e-29,3.6101608807728525e-29,3.610824193009956e-29,3.6114875698587927e-29,3.612151012366755e-29,3.6128145192756355e-29,3.6134780912762855e-29,3.614141726891241e-29,3.614805427714156e-29,3.6154691944970974e-29,3.616133026527978e-29,3.616796923296583e-29,3.6174608847805196e-29,3.618124910945571e-29,3.6187890022361485e-29,3.6194531563447083e-29,3.6201173743528245e-29,3.620781658728646e-29,3.6214460060191237e-29,3.622110419186213e-29,3.6227748972007075e-29,3.623439437808878e-29,3.624104042531211e-29,3.6247687113073306e-29,3.6254334451737835e-29,3.626098244184131e-29,3.6267631072031214e-29,3.627428033682447e-29,3.62809302461798e-29,3.628758078984737e-29,3.629423195299377e-29,3.6300883778574087e-29,3.630753623320546e-29,3.631418933297918e-29,3.6320843069742e-29,3.632749744272645e-29,3.6334152447559535e-29,3.6340808086168583e-29,3.6347464364800565e-29,3.6354121258069827e-29,3.6360778804936435e-29,3.6367436961392756e-29,3.6374095769762876e-29,3.638075521533378e-29,3.638741528786864e-29,3.6394075987912126e-29,3.640073732822017e-29,3.640739929883449e-29,3.641406189947651e-29,3.642072512983389e-29,3.642738896081369e-29,3.6434053443403826e-29,3.6440718559645034e-29,3.644738429487816e-29,3.6454050666459505e-29,3.646071766457154e-29,3.64673852893453e-29,3.6474053539775736e-29,3.6480722415463534e-29,3.648739191121184e-29,3.6494062031365735e-29,3.650073277152417e-29,3.6507404145014496e-29,3.6514076140743306e-29,3.6520748754311195e-29,3.6527421989780516e-29,3.653409584304376e-29,3.6540770326777647e-29,3.6547445431324156e-29,3.65541211475124e-29,3.656079746798153e-29,3.656747442693513e-29,3.657415200470952e-29,3.658083020094246e-29,3.6587508990952563e-29,3.6594188427392307e-29,3.660086847225773e-29,3.660754913799357e-29,3.6614230416115774e-29,3.662091231306697e-29,3.6627594810762865e-29,3.663427793817901e-29,3.6640961676667166e-29,3.6647646032114493e-29,3.665433099761097e-29,3.666101657935641e-29,3.6667702774007925e-29,3.66743895769287e-29,3.6681076990659905e-29,3.6687765024643427e-29,3.6694453669621856e-29,3.6701142900389526e-29,3.6707832765752936e-29,3.671452324027905e-29,3.6721214318554467e-29,3.672790596167472e-29,3.6734598253083235e-29,3.6741291151019454e-29,3.6747984665593945e-29,3.6754678777138873e-29,3.6761373499497415e-29,3.6768068822793056e-29,3.6774764761575293e-29,3.678146130432918e-29,3.678815845160201e-29,3.679485619770337e-29,3.680155454725961e-29,3.680825348100891e-29,3.6814953036443914e-29,3.682165319381105e-29,3.6828353937723844e-29,3.6835055297922957e-29,3.684175725886502e-29,3.684845982000492e-29,3.685516298138322e-29,3.686186674193677e-29,3.6868571104184366e-29,3.687527606420194e-29,3.688198160151706e-29,3.6888687731697953e-29,3.689539448751584e-29,3.690210183537396e-29,3.690880977951023e-29,3.69155183245981e-29,3.6922227416669446e-29,3.6928937147447236e-29,3.693564746966044e-29,3.6942358393603726e-29,3.694906990350337e-29,3.695578199412042e-29,3.6962494677898447e-29,3.6969207969043903e-29,3.6975921857164483e-29,3.6982636336497886e-29,3.698935138697314e-29,3.699606704301369e-29,3.7002783289290173e-29,3.7009500130330965e-29,3.7016217555542556e-29,3.7022935569577397e-29,3.702965417200157e-29,3.703637334765976e-29,3.704309312531579e-29,3.704981349019133e-29,3.7056534446867145e-29,3.706325598974253e-29,3.706997811837224e-29,3.7076700823670817e-29,3.7083424117115934e-29,3.7090147980220013e-29,3.7096872433528064e-29,3.7103597476186964e-29,3.711032310477148e-29,3.7117049316949033e-29,3.712377610715609e-29,3.7130503483178443e-29,3.713723143647511e-29,3.714395995976574e-29,3.715068906352422e-29,3.715741876748696e-29,3.71641490511879e-29,3.7170879914100164e-29,3.717761135651361e-29,3.7184343376502787e-29,3.7191075974623354e-29,3.719780915025975e-29,3.720454289791829e-29,3.7211277222273984e-29,3.7218012122939883e-29,3.7224747599322793e-29,3.723148363597196e-29,3.72382202677849e-29,3.724495746901114e-29,3.725169524444382e-29,3.72584335935934e-29,3.7265172516681845e-29,3.727191199322115e-29,3.727865205521543e-29,3.7285392675957244e-29,3.7292133887232906e-29,3.729887567441355e-29,3.7305618028698034e-29,3.731236095332941e-29,3.731910444238855e-29,3.73258485050259e-29,3.733259311780067e-29,3.733933831618489e-29,3.734608406886085e-29,3.7352830401727075e-29,3.735957728997018e-29,3.7366324763226655e-29,3.73730728019535e-29,3.7379821404083525e-29,3.738657057215199e-29,3.7393320307420803e-29,3.740007059052973e-29,3.740682145881714e-29,3.7413572890119873e-29,3.742032488149002e-29,3.7427077436466685e-29,3.743383054920199e-29,3.7440584232339956e-29,3.744733847199686e-29,3.7454093276915296e-29,3.7460848638793446e-29,3.7467604565158305e-29,3.7474361052869063e-29,3.748111810058666e-29,3.7487875707645436e-29,3.749463387230302e-29,3.7501392586380305e-29,3.750815186935509e-29,3.7514911709576645e-29,3.7521672107043713e-29,3.752843305622498e-29,3.753519456032267e-29,3.7541956606339484e-29,3.754871922866148e-29,3.7555482406131524e-29,3.7562246117978743e-29,3.756901039939212e-29,3.757577523996369e-29,3.7582540634062064e-29,3.758930657618247e-29,3.7596073071022456e-29,3.7602840117847244e-29,3.760960772197616e-29,3.7616375877567614e-29,3.762314457550847e-29,3.762991382406025e-29,3.763668362161221e-29,3.764345397352948e-29,3.765022487206629e-29,3.765699632207778e-29,3.7663768321096834e-29,3.767054087359693e-29,3.767731397394714e-29,3.7684087601294076e-29,3.7690861790713807e-29,3.7697636507797704e-29,3.770441178639254e-29,3.771118761473399e-29,3.7717963988179043e-29,3.77247409024921e-29,3.7731518364381404e-29,3.773829637622522e-29,3.774507490789631e-29,3.7751854001530567e-29,3.775863363821378e-29,3.77654138136987e-29,3.777219453087542e-29,3.777897578973806e-29,3.77857575909723e-29,3.7792539941628996e-29,3.7799322827495646e-29,3.780610625518707e-29,3.7812890222572787e-29,3.7819674727663113e-29,3.7826459773565664e-29,3.7833245361121225e-29,3.784003148662469e-29,3.7846818150741337e-29,3.78536053458432e-29,3.7860393083119356e-29,3.7867181357805586e-29,3.787397016751464e-29,3.788075951388374e-29,3.788754937091149e-29,3.789433978160789e-29,3.7901130726473674e-29,3.7907957419550607e-29,3.791474943170921e-29,3.7921577212571616e-29,3.7928370303266024e-29,3.7935163925274756e-29,3.794199332473786e-29,3.794882326424271e-29,3.7955653741869e-29,3.7962484760313495e-29,3.7969316315217713e-29,3.797614840871537e-29,3.7982981042498686e-29,3.7989814212229256e-29,3.7996647920910464e-29,3.800348216463705e-29,3.801031694660861e-29,3.8017152255953594e-29,3.80239881096887e-29,3.8030824498585645e-29,3.803766142011871e-29,3.804449887659301e-29,3.805133686884167e-29,3.8058175392643126e-29,3.8065014451803245e-29,3.8071854043852076e-29,3.8078694168337453e-29,3.8085534822562056e-29,3.809237601081348e-29,3.8099217730332426e-29,3.810605997266062e-29,3.811290275175692e-29,3.811974606093799e-29,3.812658989947771e-29,3.813343426942348e-29,3.8140279166263397e-29,3.8147124593622577e-29,3.815397054073753e-29,3.8160817023926077e-29,3.8167664032640653e-29,3.817451157028305e-29,3.8181359634273407e-29,3.818820822439998e-29,3.819505734026384e-29,3.8201906981512635e-29,3.820875714773848e-29,3.8215607838540873e-29,3.8222459053542175e-29,3.8229310792331404e-29,3.8236163054534225e-29,3.8243015825714056e-29,3.8249869133566677e-29,3.82567229636589e-29,3.826357730144184e-29,3.827043217480265e-29,3.8277287569268964e-29,3.8284143484437236e-29,3.829099991990092e-29,3.8297856875242777e-29,3.8304714350105936e-29,3.831157234410298e-29,3.831843085685246e-29,3.832528988099325e-29,3.8332149430108366e-29,3.8339009489524876e-29,3.834587007338599e-29,3.835273117407032e-29,3.83595927894458e-29,3.83664549209188e-29,3.8373317569747624e-29,3.838018073387021e-29,3.838704441069831e-29,3.83939086021204e-29,3.8400773295894725e-29,3.8407638510323594e-29,3.841450423794238e-29,3.8421370483697383e-29,3.842823724250092e-29,3.84351045150103e-29,3.844197229938358e-29,3.8448840595171606e-29,3.8455709402051374e-29,3.846257871959033e-29,3.846944854579105e-29,3.8476318882064464e-29,3.8483189729405727e-29,3.84900610859182e-29,3.8496932951305597e-29,3.85038053178116e-29,3.851067819950785e-29,3.851755158885738e-29,3.8524425485485924e-29,3.8531299875427436e-29,3.8538174771577565e-29,3.8545050187726023e-29,3.8551926109643633e-29,3.8558802536942697e-29,3.856567945560686e-29,3.8572556890886465e-29,3.857943483207576e-29,3.85863132632143e-29,3.859319221180118e-29,3.860007166362136e-29,3.8606951618076194e-29,3.861383207489157e-29,3.8620713033708763e-29,3.8627594494153714e-29,3.86344764542779e-29,3.864135891698153e-29,3.864824187325758e-29,3.865512533649784e-29,3.866200929799905e-29,3.8668893753371313e-29,3.8675778715265333e-29,3.868266417395475e-29,3.8689550132371856e-29,3.869643658868436e-29,3.8703323542434897e-29,3.871021099330709e-29,3.871709894096347e-29,3.872398738533454e-29,3.873087632369066e-29,3.8737765752748747e-29,3.8744655683844424e-29,3.875154610991868e-29,3.875843703051401e-29,3.8765328439087335e-29,3.8772220347852703e-29,3.877911274995529e-29,3.8786005645190133e-29,3.87928990331084e-29,3.879979291352256e-29,3.8806687285798146e-29,3.8813582149723254e-29,3.882047750488373e-29,3.8827373351075637e-29,3.8834269687653775e-29,3.8841166514412764e-29,3.884806383125626e-29,3.8854961637219844e-29,3.886185992559128e-29,3.88687587093315e-29,3.887565798142111e-29,3.888255774148629e-29,3.888945798915193e-29,3.889635872252023e-29,3.8903259937617305e-29,3.891016164590615e-29,3.8917063840346844e-29,3.892396652071663e-29,3.8930869686418113e-29,3.893777333718094e-29,3.8944677472647866e-29,3.8951582085846415e-29,3.895848718802506e-29,3.8965392775563593e-29,3.897229884625142e-29,3.897920539980077e-29,3.8986112434439956e-29,3.8993019952729055e-29,3.899992795282785e-29,3.900683643290929e-29,3.9013745395577213e-29,3.902065483898753e-29,3.902756476279179e-29,3.90344751666535e-29,3.9041386050185635e-29,3.904829741303238e-29,3.905520925481714e-29,3.9062121573738385e-29,3.906903437234693e-29,3.907594764886691e-29,3.908286140291773e-29,3.908977563410278e-29,3.909669034210367e-29,3.9103605526609675e-29,3.9110521187211626e-29,3.911743732356296e-29,3.9124353933759915e-29,3.9131271020555373e-29,3.913818858073116e-29,3.9145106616545124e-29,3.915202512515755e-29,3.915894410857228e-29,3.916586356521809e-29,3.9172783494774626e-29,3.9179703884045145e-29,3.9186624752392946e-29,3.919354609213813e-29,3.920046790358128e-29,3.920739018599452e-29,3.921431293923247e-29,3.922123616939306e-29,3.9228159863309633e-29,3.9235084026963844e-29,3.924200866634286e-29,3.9248933774942865e-29,3.92558593395136e-29,3.926278538535844e-29,3.926971189884878e-29,3.927663888004087e-29,3.928356632853707e-29,3.929049424400248e-29,3.929742262548938e-29,3.930435147394396e-29,3.931128078180845e-29,3.931821056160719e-29,3.93251408065943e-29,3.933207151644712e-29,3.9339002690829304e-29,3.93459343294329e-29,3.935286643183413e-29,3.935979899771729e-29,3.936673202678267e-29,3.937366551864257e-29,3.9380599472949336e-29,3.9387533889347227e-29,3.9394468766264017e-29,3.9401404105814114e-29,3.940833990645732e-29,3.9415276167963505e-29,3.9422212889687817e-29,3.942915007149169e-29,3.943608770651117e-29,3.9443025805946534e-29,3.944996436581824e-29,3.9456903377958355e-29,3.946384285493408e-29,3.9470782790127225e-29,3.9477723176184126e-29,3.948466402455223e-29,3.9491605329816116e-29,3.949854709314954e-29,3.9505489311332086e-29,3.9512431980458523e-29,3.9519375105305707e-29,3.9526318690314676e-29,3.9533262731678845e-29,3.954020722761725e-29,3.9547152175900704e-29,3.955409757838049e-29,3.9561043434327335e-29,3.956798974515898e-29,3.9574936508926616e-29,3.9581883725234945e-29,3.9588831393753696e-29,3.9595779514106893e-29,3.960272808599663e-29,3.960967710912891e-29,3.9616626583079576e-29,3.962357650755807e-29,3.9630526882228494e-29,3.9637477705382224e-29,3.9644428978051986e-29,3.965138070128288e-29,3.965833287339596e-29,3.966528549398431e-29,3.9672238561337615e-29,3.967919207654227e-29,3.968614604067636e-29,3.969310045197569e-29,3.970005530876837e-29,3.970701061227034e-29,3.971396635642218e-29,3.972092255162604e-29,3.9727879187168025e-29,3.9734836274573067e-29,3.9741793806970733e-29,3.9748751782430723e-29,3.975571019753501e-29,3.976266905561604e-29,3.9769628363923785e-29,3.9776588115431847e-29,3.9783548308097005e-29,3.9790508938114874e-29,3.9797470015218426e-29,3.980443153028001e-29,3.981139348713721e-29,3.9818355890848926e-29,3.9825318729387646e-29,3.983228200800481e-29,3.983924572729141e-29,3.9846209892539616e-29,3.9853174497360606e-29,3.986013953987143e-29,3.986710502184023e-29,3.987407094339337e-29,3.9881037297880864e-29,3.988800409400048e-29,3.989497132784882e-29,3.990193900046203e-29,3.990890711002103e-29,3.991587565027533e-29,3.992284462607569e-29,3.9929814042983744e-29,3.993678389702741e-29,3.9943754186387813e-29,3.9950724910742475e-29,3.9957696068856823e-29,3.9964667657618686e-29,3.997163967807728e-29,3.997861213920344e-29,3.9985585032418396e-29,3.999255835884222e-29,3.999953211930677e-29,4.000650631028109e-29,4.0013480935052924e-29,4.0020455991599913e-29,4.0027431472808536e-29,4.003440739049366e-29,4.0041383739199644e-29,4.0048360512550204e-29,4.0055337723220994e-29,4.0062315363574925e-29,4.0069293427444367e-29,4.0076271920557604e-29,4.008325084259496e-29,4.009023019313478e-29,4.009720997782879e-29,4.01041901889067e-29,4.011117082927464e-29,4.0118151896742555e-29,4.012513339111052e-29,4.0132115306543655e-29,4.013909765385693e-29,4.014608042587363e-29,4.0153063624918944e-29,4.0160047243742963e-29,4.0167031293350755e-29,4.0174015766849095e-29,4.0181000665393327e-29,4.018798598660969e-29,4.01949717330236e-29,4.0201957901524954e-29,4.020894449459482e-29,4.021593151049746e-29,4.0222918947847834e-29,4.022990680680283e-29,4.0236895089242653e-29,4.024388379346007e-29,4.0250872918778896e-29,4.0257862463646875e-29,4.026485243052771e-29,4.0271842815965344e-29,4.027883361786341e-29,4.028582484336308e-29,4.029281648815691e-29,4.029980854682105e-29,4.030680102423094e-29,4.0313793920035586e-29,4.0320787240600083e-29,4.0327780977679883e-29,4.0334775133523217e-29,4.034176970506369e-29,4.034876469502362e-29,4.035576010025418e-29,4.036275592152569e-29,4.036975215875721e-29,4.0376748813096155e-29,4.0383745881379154e-29,4.0390743364641195e-29,4.0397741263945717e-29,4.040473957631318e-29,4.0411738304154095e-29,4.04187374444002e-29,4.042573699322425e-29,4.0432736961380445e-29,4.043973734244761e-29,4.0446738135997884e-29,4.045373934177631e-29,4.046074095947599e-29,4.0467742988781267e-29,4.0474745429406156e-29,4.048174828102793e-29,4.0488751541774733e-29,4.0495755214486533e-29,4.0502759297276866e-29,4.0509763790085745e-29,4.051676869217708e-29,4.052377399108621e-29,4.0530779699535074e-29,4.053778582682103e-29,4.054479235190657e-29,4.0551799295334647e-29,4.0558806647838664e-29,4.056581440767263e-29,4.057282257453538e-29,4.057983114805953e-29,4.05868401266354e-29,4.059384951136388e-29,4.0600859303314765e-29,4.0607869499308414e-29,4.061488010055807e-29,4.0621891106909843e-29,4.062890251758976e-29,4.063591433408072e-29,4.064292655343889e-29,4.064993917611997e-29,4.065695220206961e-29,4.066396563106035e-29,4.0670979463322816e-29,4.0677993692428496e-29,4.0685008323836533e-29,4.069202336249964e-29,4.069903879747893e-29,4.070605463387292e-29,4.071307087661524e-29,4.0720087521294654e-29,4.0727104566359545e-29,4.07341220115073e-29,4.0741139856469856e-29,4.0748158099572667e-29,4.075517674193658e-29,4.076219578293831e-29,4.0769215224323214e-29,4.0776235062433414e-29,4.078325529994488e-29,4.07902759351695e-29,4.0797296966337143e-29,4.0804318396110427e-29,4.081134022269765e-29,4.081836243980704e-29,4.0825385059161224e-29,4.0832408072846466e-29,4.0839431483997187e-29,4.0846455284836164e-29,4.0853479479408323e-29,4.086050407367862e-29,4.0867529063653904e-29,4.0874554448368535e-29,4.088158022689049e-29,4.0888606399050177e-29,4.089563296449883e-29,4.090265991749421e-29,4.0909687267531815e-29,4.091671500908344e-29,4.0923743143822057e-29,4.093077167015248e-29,4.093780058939919e-29,4.094482989279946e-29,4.0951859586839696e-29,4.095888967694134e-29,4.0965920159152703e-29,4.0972951025393075e-29,4.0979982287455765e-29,4.0987013937362483e-29,4.099404597809764e-29,4.100107840765799e-29,4.100811122705548e-29,4.1015144433632433e-29,4.102217802847517e-29,4.1029212009227415e-29,4.10362463792731e-29,4.104328113044846e-29,4.105031626900571e-29,4.105735179373375e-29,4.106438770880899e-29,4.1071424011541995e-29,4.1078460699931133e-29,4.10854977738208e-29,4.109253523146384e-29,4.109957307530047e-29,4.11066113037815e-29,4.1113649916471544e-29,4.112068891315601e-29,4.112772829362564e-29,4.113476805752309e-29,4.1141808204557244e-29,4.1148848734452113e-29,4.1155889645498114e-29,4.116293094024814e-29,4.116997261558661e-29,4.1177014672748533e-29,4.1184057111228755e-29,4.11910999322397e-29,4.119814313411009e-29,4.120518671654169e-29,4.121223067926459e-29,4.121927501517639e-29,4.1226319736103325e-29,4.123336483168882e-29,4.124041031134239e-29,4.124745617125525e-29,4.1254502408406286e-29,4.126154901837399e-29,4.126859601169339e-29,4.1275643384257843e-29,4.128269113280625e-29,4.128973925862297e-29,4.1296787762969925e-29,4.1303836642289145e-29,4.131088589924695e-29,4.1317935532251614e-29,4.132498554102759e-29,4.133203592529255e-29,4.133908668484939e-29,4.134613781933471e-29,4.13531893284719e-29,4.136024121189019e-29,4.136729346832552e-29,4.137434609829199e-29,4.138139910187007e-29,4.1388452473723495e-29,4.1395506225140667e-29,4.140256034752076e-29,4.140961484379827e-29,4.1416669712221997e-29,4.1423724952494735e-29,4.143078056436133e-29,4.1437836547524387e-29,4.1444892901988867e-29,4.1451949625416824e-29,4.14590067194684e-29,4.14660641850947e-29,4.1473122020546225e-29,4.148018022563898e-29,4.148723880010432e-29,4.1494297742354575e-29,4.150135705473805e-29,4.150841673413016e-29,4.151547678331123e-29,4.152253720058938e-29,4.1529597985573454e-29,4.1536659138000403e-29,4.154372065614712e-29,4.1550782542556493e-29,4.1557844794308e-29,4.1564907413688955e-29,4.1571970399137834e-29,4.1579033750377965e-29,4.158609746715682e-29,4.159316154928296e-29,4.160022599629501e-29,4.1607290808012496e-29,4.1614355984170797e-29,4.1621421524497747e-29,4.162848742881047e-29,4.16355536966473e-29,4.1642620327833527e-29,4.164968732209705e-29,4.1656754679165944e-29,4.1663822393766783e-29,4.1670890474381894e-29,4.167795891689458e-29,4.1685027721065635e-29,4.169209688811275e-29,4.1699166409855674e-29,4.1706236298984246e-29,4.17133065487658e-29,4.1720377157821903e-29,4.172744812809164e-29,4.1734519458201384e-29,4.174159114797696e-29,4.1748663196955466e-29,4.1755735604962185e-29,4.1762808371732766e-29,4.1769881483762606e-29,4.1776954967226783e-29,4.1784028808790226e-29,4.1791103006566794e-29,4.179817756315751e-29,4.18052524773303e-29,4.181232774609421e-29,4.1819403373365174e-29,4.18264793553811e-29,4.183355569346152e-29,4.184063238767353e-29,4.184770943780118e-29,4.18547868424896e-29,4.186186460224185e-29,4.1868942718570376e-29,4.1876021187619373e-29,4.1883100010719656e-29,4.1890179188633435e-29,4.189725872055676e-29,4.190433860663589e-29,4.1911418843912587e-29,4.191849943463261e-29,4.1925580379570773e-29,4.193266167544808e-29,4.1939743324910776e-29,4.1946825326117917e-29,4.195390767904438e-29,4.1960990383191853e-29,4.1968073438411205e-29,4.197515684444023e-29,4.1982240599029595e-29,4.1989324706005363e-29,4.199640916148939e-29,4.200349396607174e-29,4.201057912121799e-29,4.2017664627122714e-29,4.202475048153437e-29,4.20318366857389e-29,4.2038923237336337e-29,4.204601013068244e-29,4.205309737842965e-29,4.206018497398093e-29,4.206727291695434e-29,4.2074361207082145e-29,4.208144984412804e-29,4.208853882781272e-29,4.2095628158253506e-29,4.2102717834453964e-29,4.210980785653074e-29,4.2116898224215366e-29,4.212398892325895e-29,4.213107996739194e-29,4.213817136421739e-29,4.2145263109901666e-29,4.2152355201672345e-29,4.215944763142977e-29,4.216654041157284e-29,4.217363353488654e-29,4.2180727001881377e-29,4.2187820811402266e-29,4.219491496382371e-29,4.220200945866349e-29,4.220910429388221e-29,4.221619947302542e-29,4.222329499392047e-29,4.2230390854435555e-29,4.223748705094873e-29,4.224458359556764e-29,4.225168048094921e-29,4.2258777706948054e-29,4.226587527318391e-29,4.2272973179403117e-29,4.228007142534373e-29,4.2287170010759233e-29,4.2294268935389353e-29,4.2301368198993224e-29,4.230846780130794e-29,4.2315567742492957e-29,4.232266802188322e-29,4.232976863769293e-29,4.23368695907366e-29,4.2343970881293644e-29,4.235107251044686e-29,4.235817447709563e-29,4.236527678043478e-29,4.2372379420216936e-29,4.2379482395638737e-29,4.2386585707105546e-29,4.2393689340112956e-29,4.240079332256456e-29,4.2407897640377716e-29,4.2415002292977495e-29,4.2422107280421466e-29,4.242921260216314e-29,4.2436318256246727e-29,4.244342424627357e-29,4.2450530568774674e-29,4.2457637225787174e-29,4.2464744216113296e-29,4.247185153936954e-29,4.247895919534934e-29,4.24860671842228e-29,4.2493175504852456e-29,4.2500284157254006e-29,4.250739313991607e-29,4.2514502455504215e-29,4.2521612102298465e-29,4.2528722080045585e-29,4.253583238865285e-29,4.254294302772534e-29,4.255005399700315e-29,4.255716529608058e-29,4.2564276925060226e-29,4.257138888165267e-29,4.257850116921589e-29,4.2585613785916275e-29,4.259272673003009e-29,4.259984000381095e-29,4.2606953606003586e-29,4.261406753431415e-29,4.262118179071195e-29,4.2628296376022354e-29,4.2635411288605795e-29,4.2642526528382466e-29,4.264964209478538e-29,4.2656757987884295e-29,4.266387420777245e-29,4.2670990745622147e-29,4.267810761508277e-29,4.2685224811756013e-29,4.2692342332567345e-29,4.269946017858836e-29,4.2706578348806117e-29,4.27136968437285e-29,4.2720815664592224e-29,4.2727934809726877e-29,4.273505427856209e-29,4.274217407102469e-29,4.2749294186874653e-29,4.2756414623993116e-29,4.276353538413014e-29,4.2770656468861407e-29,4.2777777873907423e-29,4.278489960137543e-29,4.279202165248816e-29,4.279914402528999e-29,4.280626671955305e-29,4.2813389726708533e-29,4.282051306117929e-29,4.282763671855739e-29,4.2834760687560164e-29,4.2841884985487587e-29,4.284900960346307e-29,4.285613453945054e-29,4.286325979503212e-29,4.287038537164869e-29,4.2877511268067697e-29,4.2884637482765316e-29,4.289176401605359e-29,4.2898890867693847e-29,4.290601803522322e-29,4.2913145522871886e-29,4.292027332619849e-29,4.2927401448906247e-29,4.2934529886710995e-29,4.294165864409707e-29,4.29487877088919e-29,4.2955917098623096e-29,4.2963046804598184e-29,4.2970176826745043e-29,4.2977307156109737e-29,4.2984437810102203e-29,4.299156877861147e-29,4.299870006398486e-29,4.3005831660391696e-29,4.301296357170483e-29,4.302009579731069e-29,4.3027228338707145e-29,4.303436119198843e-29,4.3041494361101067e-29,4.304862784421173e-29,4.3055761639674243e-29,4.306289574680508e-29,4.3070030168119527e-29,4.307716490168632e-29,4.3084299945457667e-29,4.309143529449042e-29,4.3098570964025573e-29,4.310570694512881e-29,4.3112843228565475e-29,4.31199798233366e-29,4.312711672919389e-29,4.3134253951970834e-29,4.314139148728975e-29,4.314852933295549e-29,4.3155667486257076e-29,4.3162805943218085e-29,4.316994471796606e-29,4.3177083783720993e-29,4.3184223176585267e-29,4.31913628758012e-29,4.319850288602406e-29,4.320564320453361e-29,4.321278383181281e-29,4.321992476622645e-29,4.32270660082636e-29,4.32342075551848e-29,4.3241349409187925e-29,4.3248491572698217e-29,4.325563404288753e-29,4.326277681953279e-29,4.326991990241514e-29,4.3277063291066847e-29,4.3284206612604085e-29,4.3291350612796145e-29,4.3298494916649133e-29,4.3305639153962826e-29,4.331278406684713e-29,4.33199289132797e-29,4.3327074063928833e-29,4.333421951869102e-29,4.3341365648693784e-29,4.334851208234357e-29,4.335565844772082e-29,4.336280548828176e-29,4.336995245960248e-29,4.337710010604397e-29,4.338424803841596e-29,4.3391395917014734e-29,4.339854447071135e-29,4.340569332610224e-29,4.341284248329245e-29,4.3419991568211365e-29,4.342714132800027e-29,4.343429101492305e-29,4.344144137585028e-29,4.3448591663664746e-29,4.345574225173204e-29,4.3462893139722266e-29,4.3470044328218155e-29,4.3477195815285346e-29,4.34843476012713e-29,4.3491499686716664e-29,4.3498652070851114e-29,4.3505804753567054e-29,4.3512957734643484e-29,4.3520111013969056e-29,4.352726495935997e-29,4.353441883539732e-29,4.354157300780456e-29,4.3548727477462423e-29,4.355588224414065e-29,4.3563037307517885e-29,4.357019303749622e-29,4.3577348695350646e-29,4.3584504647923467e-29,4.3591661265310344e-29,4.3598817809451563e-29,4.360597464904265e-29,4.3613131783891324e-29,4.362028958386184e-29,4.3627447679757627e-29,4.3634605699200886e-29,4.364176401290544e-29,4.3648922621521347e-29,4.365608152427546e-29,4.3663240719791435e-29,4.3670400208892124e-29,4.367755999127308e-29,4.3684720066635994e-29,4.3691880434922976e-29,4.369904109575656e-29,4.370620204879724e-29,4.371336366668146e-29,4.3720525204118293e-29,4.3727687033107736e-29,4.373484915382238e-29,4.3742011566923983e-29,4.374917427011751e-29,4.37563372641988e-29,4.3763500548948997e-29,4.377066412409634e-29,4.377782798953587e-29,4.378499214594261e-29,4.379215696641903e-29,4.379932170123338e-29,4.3806486726431253e-29,4.381365241393726e-29,4.3820818017183325e-29,4.3827983908977544e-29,4.3835150462667055e-29,4.384231693150746e-29,4.3849484062684323e-29,4.38566511065647e-29,4.386381843879396e-29,4.387098605818476e-29,4.38781539650465e-29,4.3885322158732725e-29,4.3892490639364884e-29,4.3899659405970513e-29,4.3906828459448664e-29,4.3913998176274053e-29,4.392116780161593e-29,4.392833771247619e-29,4.3935508285466154e-29,4.3942678767182867e-29,4.394984953403243e-29,4.3957020585985045e-29,4.3964191922560825e-29,4.397136375358803e-29,4.397853565877816e-29,4.3985708058152557e-29,4.399288074132298e-29,4.400005370836357e-29,4.4007226958833004e-29,4.4014400492356175e-29,4.402157430888832e-29,4.40287484082202e-29,4.403592257967223e-29,4.4043097033435766e-29,4.405027176932501e-29,4.405744678712466e-29,4.406462246417953e-29,4.4071798423413737e-29,4.407897465591952e-29,4.408615101000204e-29,4.409332781418282e-29,4.4100504729818564e-29,4.4107682095048804e-29,4.4114859571427516e-29,4.412203732793031e-29,4.4129215364226593e-29,4.4136393680165046e-29,4.4143572443937206e-29,4.41507514872004e-29,4.41579306408701e-29,4.416511024209061e-29,4.4172290122128077e-29,4.417947027087242e-29,4.4186650538714446e-29,4.419383108430096e-29,4.4201011907896174e-29,4.420819300880556e-29,4.421537438712384e-29,4.4222556042587244e-29,4.4229737974675e-29,4.4236920183742064e-29,4.4244102669390775e-29,4.425128543135158e-29,4.4258468469418916e-29,4.426565178332857e-29,4.42728353729925e-29,4.4280019238148263e-29,4.4287203378585667e-29,4.4294387794100795e-29,4.4301572484424196e-29,4.430875744947548e-29,4.43159426891799e-29,4.432312820314343e-29,4.433031399089916e-29,4.43375000525005e-29,4.4344686388000015e-29,4.435187299667625e-29,4.435905987858262e-29,4.4366247033517404e-29,4.4373434461274563e-29,4.4380622161715805e-29,4.438781013419212e-29,4.439499837919963e-29,4.440218668419885e-29,4.440937547301182e-29,4.441656453348666e-29,4.4423753865903873e-29,4.4430943468905696e-29,4.443813334311658e-29,4.44453232764831e-29,4.44525136919038e-29,4.445970437771989e-29,4.446689533371838e-29,4.4474086559627526e-29,4.4481278055316074e-29,4.4488469820647555e-29,4.449566185498608e-29,4.450285415853272e-29,4.4510046731391336e-29,4.451723957260512e-29,4.452443268273603e-29,4.4531626061303794e-29,4.453881970744757e-29,4.4546013622080766e-29,4.4553207804178247e-29,4.456040225444239e-29,4.456759697178281e-29,4.4574791956360994e-29,4.45819872078366e-29,4.4589182726147205e-29,4.4596378510961015e-29,4.460357472737234e-29,4.461077104478272e-29,4.461796762818448e-29,4.462516447689889e-29,4.463236159157993e-29,4.463955897170892e-29,4.464675661667189e-29,4.465395452695581e-29,4.4661152701461393e-29,4.4668351141111106e-29,4.46755498451309e-29,4.4682748813345043e-29,4.46899480455518e-29,4.469714754101909e-29,4.4704347300418655e-29,4.4711547323649906e-29,4.471874760984577e-29,4.4725948159283665e-29,4.473314897121367e-29,4.4740350045832244e-29,4.474755138278728e-29,4.47547529814864e-29,4.4761954843007614e-29,4.476915696558832e-29,4.477635935056884e-29,4.4783561996736994e-29,4.47907649037126e-29,4.4797968072084626e-29,4.4805171499340785e-29,4.4812375189548784e-29,4.4819579139874005e-29,4.4826783350554265e-29,4.4833987821303216e-29,4.484119255217488e-29,4.484839754055789e-29,4.485560278975298e-29,4.4862808298411486e-29,4.4870014066603734e-29,4.487722009176986e-29,4.4884426377561825e-29,4.4891632921796974e-29,4.4898839723951997e-29,4.4906046784149736e-29,4.4913254102782706e-29,4.492046167894414e-29,4.492766951287585e-29,4.493487760387719e-29,4.4942085951821556e-29,4.494929455679492e-29,4.4956503419016634e-29,4.496371253791242e-29,4.497092191348718e-29,4.4978131544904577e-29,4.498534143242842e-29,4.4992551575153266e-29,4.499976197413914e-29,4.5006972628565124e-29,4.5014183538155125e-29,4.5021394702900557e-29,4.502860612242109e-29,4.5035817797002047e-29,4.5043029725786806e-29,4.5050241908777965e-29,4.505745434527637e-29,4.5064667036386815e-29,4.5071879981525884e-29,4.507909317934736e-29,4.508630663138719e-29,4.5093520335844954e-29,4.510073429291215e-29,4.5107948502889276e-29,4.51151629656056e-29,4.5122377680421175e-29,4.512959264763622e-29,4.513680786696357e-29,4.514402333812686e-29,4.5151239061831673e-29,4.515845503591055e-29,4.5165671262032586e-29,4.5172887736846637e-29,4.518010446423114e-29,4.518732144062215e-29,4.5194538669859715e-29,4.520175614855867e-29,4.520897387757153e-29,4.5216191857278025e-29,4.522341008675638e-29,4.523062856513502e-29,4.5237847896533417e-29,4.524506747718517e-29,4.525228730683907e-29,4.5259507385760254e-29,4.5266727713446113e-29,4.527394768567905e-29,4.5281168509663086e-29,4.528838958166899e-29,4.529561090182884e-29,4.5302832469789493e-29,4.5310054285921785e-29,4.5317276348918714e-29,4.532449865922571e-29,4.5331721217108157e-29,4.533894402132868e-29,4.534616707223718e-29,4.53533903694389e-29,4.53606139132028e-29,4.5367837703071384e-29,4.5375061738688297e-29,4.5382286020088487e-29,4.5389510547057814e-29,4.539673471340185e-29,4.5403959124608475e-29,4.5411184387367906e-29,4.5418409894825796e-29,4.542563564696107e-29,4.543286164375909e-29,4.544008788486228e-29,4.5447314369896655e-29,4.545454109886955e-29,4.5461768071598924e-29,4.5468995287900574e-29,4.547622214040818e-29,4.5483449843311876e-29,4.5490677789241924e-29,4.549790597820038e-29,4.5505134409797097e-29,4.55123630848266e-29,4.551959200052574e-29,4.55268211600601e-29,4.5534050561080395e-29,4.55412802032825e-29,4.5548510087664573e-29,4.5555740212831634e-29,4.556297057904037e-29,4.557020118628495e-29,4.5577432034101496e-29,4.5584663123660445e-29,4.5591894452933037e-29,4.559912541562833e-29,4.5606357226103555e-29,4.5613589275761934e-29,4.56208209546851e-29,4.5628053483872606e-29,4.5635285427327096e-29,4.564251843438144e-29,4.5649751681077576e-29,4.5656984558598307e-29,4.566421767467821e-29,4.567145102952427e-29,4.567868522931424e-29,4.568591906043055e-29,4.569315312896467e-29,4.5700387435636634e-29,4.570762197982262e-29,4.5714856761040214e-29,4.572209177941809e-29,4.5729327035078355e-29,4.573656252754181e-29,4.5743798256639385e-29,4.575103422217794e-29,4.575827042402012e-29,4.576550686155257e-29,4.5772743533944626e-29,4.5779980443515915e-29,4.5787217588676994e-29,4.5794454969203924e-29,4.580169258341065e-29,4.5808930434211015e-29,4.581616851834492e-29,4.582340683827157e-29,4.583064539310186e-29,4.583788418229111e-29,4.58451232051688e-29,4.5852362462467517e-29,4.585960195358189e-29,4.586684167833062e-29,4.587408163653508e-29,4.588132182801464e-29,4.588856225260323e-29,4.5895802910125666e-29,4.590304380040681e-29,4.5910284923274913e-29,4.5917526278257005e-29,4.5924767865806774e-29,4.5932009682918894e-29,4.5939251734399377e-29,4.5946494017121924e-29,4.5953736531455566e-29,4.596097927718621e-29,4.5968222254128654e-29,4.59754654624521e-29,4.5982708901646196e-29,4.598995257149036e-29,4.599719647139831e-29,4.600444060169371e-29,4.6011684962567753e-29,4.601892955342902e-29,4.6026174374106e-29,4.603341942184737e-29,4.6040664701640613e-29,4.6047910210729123e-29,4.6055155946398515e-29,4.6062401913549526e-29,4.606964810819019e-29,4.607689453240646e-29,4.608414118538743e-29,4.6091388066673524e-29,4.609863517603396e-29,4.610588251335049e-29,4.6113130078425314e-29,4.6120377871064745e-29,4.6127625891120843e-29,4.6134874138083977e-29,4.6142122612144315e-29,4.6149371310925433e-29,4.615662023894733e-29,4.616386939353936e-29,4.617111877453439e-29,4.6178368381759197e-29,4.618561821504175e-29,4.6192868274218326e-29,4.6200118559107573e-29,4.620736906955464e-29,4.6214619805388233e-29,4.622187076642832e-29,4.622912195252125e-29,4.6236373363490204e-29,4.624362499792413e-29,4.6250876858146414e-29,4.62581289427345e-29,4.626538125153706e-29,4.6272633784376903e-29,4.6279886541084806e-29,4.6287139521495234e-29,4.629439272542985e-29,4.6301646152742513e-29,4.630889980325279e-29,4.631615367678838e-29,4.632340777319886e-29,4.633066209230695e-29,4.6337916633947007e-29,4.634517139795378e-29,4.635242638414949e-29,4.6359681592386253e-29,4.6366937021313676e-29,4.637419267191471e-29,4.6381448545320666e-29,4.6388704639646935e-29,4.639596095562647e-29,4.640321749229853e-29,4.6410474249805147e-29,4.641773122802908e-29,4.642498842676482e-29,4.643224584619867e-29,4.6439503485979473e-29,4.6446761345677444e-29,4.645401942525027e-29,4.646127772454594e-29,4.646853624339453e-29,4.647579498163207e-29,4.648305393909285e-29,4.6490313115612356e-29,4.6497572511028385e-29,4.650483212491772e-29,4.651209195736743e-29,4.6519352008485773e-29,4.652661227783669e-29,4.653387276527478e-29,4.65411334706533e-29,4.6548394393399195e-29,4.6555655533823873e-29,4.656291689157133e-29,4.657017846694718e-29,4.657744025941267e-29,4.6584702268812557e-29,4.659196449463699e-29,4.659922693703345e-29,4.6606489595945643e-29,4.661375247150674e-29,4.662101556319596e-29,4.6628278870846556e-29,4.6635542393998214e-29,4.664280613276312e-29,4.6650070086929585e-29,4.665733425644355e-29,4.66645988117977e-29,4.667186341182148e-29,4.6679128226678176e-29,4.668639325619997e-29,4.669365849926152e-29,4.670092395765443e-29,4.67081896291156e-29,4.6715455515725316e-29,4.672272161621566e-29,4.6729987930126566e-29,4.6737254457645277e-29,4.674452119881476e-29,4.675178815300083e-29,4.6759055320444473e-29,4.6766322700471215e-29,4.67735902936067e-29,4.678085809931204e-29,4.678812611744795e-29,4.679539434785973e-29,4.680266279038814e-29,4.680993144487452e-29,4.681720031115873e-29,4.6824469389108493e-29,4.683173867850806e-29,4.6839008179236944e-29,4.6846277890930186e-29,4.6853547813831767e-29,4.6860817947580904e-29,4.686808829202032e-29,4.6875358846019037e-29,4.6882629611045503e-29,4.6889900586333004e-29,4.689717177195814e-29,4.690444316748937e-29,4.6911714772432133e-29,4.691898658636672e-29,4.692625861034109e-29,4.6933530843628576e-29,4.69408032861593e-29,4.6948075937451646e-29,4.6955348797580853e-29,4.6962621866685324e-29,4.6969895144023914e-29,4.697716862971187e-29,4.6984442323577655e-29,4.699171622579201e-29,4.6998990335830845e-29,4.700626465355556e-29,4.7013539178562864e-29,4.702081391123626e-29,4.702808885116757e-29,4.7035363997959446e-29,4.704263935151142e-29,4.704991491199651e-29,4.705719067905056e-29,4.706446665263166e-29,4.7071742832789485e-29,4.707901921887053e-29,4.708629581119017e-29,4.7093572609366545e-29,4.710084961324986e-29,4.7108126822391706e-29,4.711540423693006e-29,4.7122681856709685e-29,4.712995968185503e-29,4.7137237711922565e-29,4.7144515946776e-29,4.715179438624572e-29,4.7159073030224364e-29,4.716635187848342e-29,4.717363093090735e-29,4.7180910187352014e-29,4.718818964765545e-29,4.719546931166655e-29,4.720274917895042e-29,4.721002924960687e-29,4.7217309523813576e-29,4.722459000111599e-29,4.723187068136483e-29,4.723915156440599e-29,4.7246432650088334e-29,4.725371393826e-29,4.726099542876833e-29,4.7268277121236913e-29,4.727555901579118e-29,4.728284111240294e-29,4.729012341075832e-29,4.729740591069522e-29,4.7304688612061e-29,4.7311971514706e-29,4.7319254618480247e-29,4.732653792216378e-29,4.733382142777312e-29,4.7341105134020193e-29,4.734838904080474e-29,4.735567314769623e-29,4.736295745508026e-29,4.7370241962542696e-29,4.737752666968374e-29,4.738481157684884e-29,4.7392096683642e-29,4.739938198888707e-29,4.7406667494227996e-29,4.7413953199036605e-29,4.742123910257019e-29,4.7428525205045334e-29,4.743581150620373e-29,4.7443098005970633e-29,4.745038470416625e-29,4.745767160068056e-29,4.746495869528072e-29,4.74722459878692e-29,4.7479533478247005e-29,4.7486821166620697e-29,4.749410905254934e-29,4.7501397135903886e-29,4.7508685416506543e-29,4.7515973894170367e-29,4.752326256879653e-29,4.7530551440226694e-29,4.753784050831743e-29,4.754512977117727e-29,4.7552419231942664e-29,4.7559708888861526e-29,4.756699874182736e-29,4.7574288790746763e-29,4.7581579033831065e-29,4.75888694741908e-29,4.759616010859103e-29,4.760345093999056e-29,4.7610741964706935e-29,4.7618033186114307e-29,4.762532460237959e-29,4.763261621344126e-29,4.763990801909528e-29,4.764720001858578e-29,4.765449221143216e-29,4.766178459944473e-29,4.76690771813818e-29,4.7676369958144826e-29,4.768366292840313e-29,4.7690956092231746e-29,4.7698249449730623e-29,4.770554300052927e-29,4.771283674447998e-29,4.772013068143888e-29,4.772742481126375e-29,4.7734719133808006e-29,4.774201364891803e-29,4.774930835645572e-29,4.7756603256283077e-29,4.7763898348253556e-29,4.7771193632223107e-29,4.7778489108047883e-29,4.7785784775581006e-29,4.7793080634685144e-29,4.7800376685223607e-29,4.780767292682197e-29,4.781496935976876e-29,4.7822265983710274e-29,4.7829562798281093e-29,4.7836859803782504e-29,4.784415699985709e-29,4.785145438635741e-29,4.7858751963139506e-29,4.786604973008922e-29,4.787334768700081e-29,4.788064583376908e-29,4.7887944170247697e-29,4.789524269608785e-29,4.7902541411337193e-29,4.790984031589032e-29,4.7917139409583417e-29,4.7924438692270357e-29,4.793173816380866e-29,4.7939037824072215e-29,4.794633767227596e-29,4.795363770889395e-29,4.7960937934408743e-29,4.796823834838074e-29,4.79755389501146e-29,4.7982839739069667e-29,4.799014071640618e-29,4.7997441881333934e-29,4.800474323371284e-29,4.801204477192455e-29,4.801934649903229e-29,4.802664841228966e-29,4.803395051331268e-29,4.8041252799303724e-29,4.8048555271919346e-29,4.805585793253625e-29,4.806316077876975e-29,4.807046381192945e-29,4.8077767031120135e-29,4.8085070434696206e-29,4.809237402493909e-29,4.809967780164357e-29,4.8106981763842074e-29,4.8114286086518076e-29,4.8121590203709415e-29,4.812889489662599e-29,4.813619959941558e-29,4.814350448683441e-29,4.8150809558870176e-29,4.8158114815642054e-29,4.816542025679861e-29,4.8172725881394056e-29,4.818003169089587e-29,4.818733768437767e-29,4.819464386169391e-29,4.820195022269472e-29,4.8209256767083245e-29,4.821656349487929e-29,4.82238704062318e-29,4.823117750063835e-29,4.8238484777941076e-29,4.8245792238235205e-29,4.8253099881297296e-29,4.8260407706924525e-29,4.8267715714126437e-29,4.827502390453824e-29,4.8282332276949525e-29,4.8289640831629583e-29,4.829694956818338e-29,4.8304258486556445e-29,4.831156758657196e-29,4.831887686806158e-29,4.8326186330910525e-29,4.833349597499047e-29,4.8340805800181393e-29,4.8348115806335677e-29,4.8355425992564823e-29,4.836273635934309e-29,4.837004690757224e-29,4.837735763536891e-29,4.838466854411822e-29,4.8391979633038145e-29,4.83992909021687e-29,4.8406602349613497e-29,4.841391397824868e-29,4.8421225785690214e-29,4.8428537772670037e-29,4.8435849939678283e-29,4.8443162285829927e-29,4.845047481135048e-29,4.845778751572931e-29,4.8465100398947677e-29,4.8472413459328603e-29,4.847972669875495e-29,4.8487040117580717e-29,4.849435371376339e-29,4.850166748896597e-29,4.8508981442162955e-29,4.8516295573240764e-29,4.8523609881871687e-29,4.853092436807449e-29,4.853823903199423e-29,4.85455538729915e-29,4.855286889142077e-29,4.856018408669396e-29,4.8567499459134675e-29,4.8574815008124e-29,4.8582130734045295e-29,4.858944663649757e-29,4.8596762713830577e-29,4.8604078968753293e-29,4.861139540003933e-29,4.861871200657255e-29,4.8626028788939437e-29,4.863334574644048e-29,4.864066288098898e-29,4.864798018952729e-29,4.865529767491655e-29,4.8662615335537e-29,4.866993317125234e-29,4.867725118191883e-29,4.8684569366569496e-29,4.8691887726802925e-29,4.869920626160799e-29,4.8706524970816053e-29,4.871384385416913e-29,4.872116291184861e-29,4.872848214285378e-29,4.873580154766201e-29,4.874312112695221e-29,4.8750440879302686e-29,4.875776080592021e-29,4.8765080905922054e-29,4.877240117903178e-29,4.8779721625473604e-29,4.8787042244924614e-29,4.87943630370529e-29,4.880168400207848e-29,4.8809005139721545e-29,4.881632644985112e-29,4.8823647932350416e-29,4.883096958559933e-29,4.88382914124289e-29,4.884561341122721e-29,4.885293558186742e-29,4.886025792425374e-29,4.886758043803373e-29,4.88749031234251e-29,4.888222597948156e-29,4.888954900740371e-29,4.889687220639461e-29,4.8904195576316366e-29,4.891151911689021e-29,4.8918842828134386e-29,4.892616671015758e-29,4.8933490761834076e-29,4.8940814984593424e-29,4.8948139377491857e-29,4.895546394044279e-29,4.8962788672555684e-29,4.897011357506516e-29,4.897743864739475e-29,4.898476388908908e-29,4.8992089300217845e-29,4.8999414880817446e-29,4.9006740630543256e-29,4.9014066549297964e-29,4.902139263631075e-29,4.902871889275086e-29,4.9036045317842985e-29,4.9043371911460063e-29,4.9050698673322174e-29,4.905802560364349e-29,4.906535270206798e-29,4.907267996861197e-29,4.9080007402952633e-29,4.90873350044238e-29,4.909466277417805e-29,4.910199071144812e-29,4.9109318815970367e-29,4.911664708781195e-29,4.9123975525454465e-29,4.9131304131585624e-29,4.913863290449004e-29,4.9145961844246496e-29,4.915329095064138e-29,4.9160620223585145e-29,4.9167949662890856e-29,4.917527926845214e-29,4.9182609040155003e-29,4.9189938977886715e-29,4.919726908150077e-29,4.920459935088475e-29,4.9211929785923734e-29,4.921926038648211e-29,4.9226591151857805e-29,4.9233922081713067e-29,4.9241253178081885e-29,4.924858443947468e-29,4.92559158657797e-29,4.926324745686318e-29,4.9270579211991997e-29,4.9277911132261455e-29,4.928524321675142e-29,4.9292575465800673e-29,4.9299907878795756e-29,4.930724045595531e-29,4.9314573196875925e-29,4.9321906101177696e-29,4.9329239169749375e-29,4.9336572401834514e-29,4.9343905797335706e-29,4.935123935613433e-29,4.9358573078115713e-29,4.936590696316498e-29,4.937324101115091e-29,4.9380575221948336e-29,4.9387909595348985e-29,4.939524413140864e-29,4.940257882990437e-29,4.9409913690575855e-29,4.9417248713613343e-29,4.942458389873271e-29,4.94319192458031e-29,4.943925475472377e-29,4.944659042531182e-29,4.945392625753627e-29,4.9461262033237374e-29,4.946859818828969e-29,4.947593450446827e-29,4.948327098188149e-29,4.9490607620287655e-29,4.949794441956232e-29,4.9505281379504004e-29,4.951261850015207e-29,4.951995578131126e-29,4.952729322286026e-29,4.9534630824692796e-29,4.954196858667495e-29,4.954930650852999e-29,4.9556644589830484e-29,4.956398283093756e-29,4.957132123231037e-29,4.9578659793244885e-29,4.9585998513462384e-29,4.959333739313959e-29,4.960067643184965e-29,4.9608015629780765e-29,4.96153549867116e-29,4.9622694502477346e-29,4.963003417691419e-29,4.963737400994778e-29,4.964471400133044e-29,4.9652054151059886e-29,4.965939445917082e-29,4.966673492544775e-29,4.967407554968445e-29,4.968141633180698e-29,4.96887572717084e-29,4.969609815339523e-29,4.9703439190645396e-29,4.9710780602989463e-29,4.971812217211289e-29,4.972546389910165e-29,4.9732805783112384e-29,4.9740147824066134e-29,4.9747490021843583e-29,4.9754832376315236e-29,4.976217488738656e-29,4.9769517554930185e-29,4.977686037891545e-29,4.9784203359036384e-29,4.979154649528786e-29,4.9798889787531336e-29,4.980623323567175e-29,4.9813576839569543e-29,4.982092059913175e-29,4.982826451421736e-29,4.983560858472202e-29,4.984295281057286e-29,4.9850297191577117e-29,4.98576417276864e-29,4.986498641870319e-29,4.9872331264380713e-29,4.9879676264288437e-29,4.9887021419468494e-29,4.9894366729149796e-29,4.990171219320448e-29,4.9909057811505486e-29,4.9916403583962427e-29,4.992374951044462e-29,4.9931095589987923e-29,4.9938441824063513e-29,4.994578821192115e-29,4.995313475323629e-29,4.9960481448111043e-29,4.996782829619097e-29,4.9975175297509066e-29,4.998252245209208e-29,4.9989869759481847e-29,4.9997217219747953e-29,5.0004564831688357e-29,5.001191259736524e-29,5.0019260689777724e-29,5.0026608760547644e-29,5.003395698350092e-29,5.004130535866071e-29,5.0048653885999646e-29,5.0056002565301523e-29,5.006335139645159e-29,5.0070700379175697e-29,5.0078049513680294e-29,5.008539879969335e-29,5.0092748237099264e-29,5.0100097824660655e-29,5.0107447739020016e-29,5.011479762957275e-29,5.0122147671299806e-29,5.0129497863976654e-29,5.013684820703151e-29,5.014419870103324e-29,5.01515493455133e-29,5.015890014011861e-29,5.016625125796098e-29,5.017360235270248e-29,5.0180953597552005e-29,5.0188305165278834e-29,5.0195656884499804e-29,5.020300875314203e-29,5.021036059687085e-29,5.0217712590153366e-29,5.0225064904357447e-29,5.0232417196064533e-29,5.023976963713116e-29,5.0247122227059814e-29,5.0254475138124124e-29,5.026182802619123e-29,5.0269181233730644e-29,5.027653441853483e-29,5.0283887752267455e-29,5.0291241234340334e-29,5.0298594864633765e-29,5.030594842571906e-29,5.031330252330674e-29,5.032065659761433e-29,5.032801098975777e-29,5.033536535903114e-29,5.034271987593288e-29,5.0350074710713534e-29,5.035742952239215e-29,5.036478465137896e-29,5.0372139757289945e-29,5.0379495010362006e-29,5.0386850410076583e-29,5.0394205957221127e-29,5.040156143417314e-29,5.040891727455221e-29,5.041627326097181e-29,5.0423629394152037e-29,5.0430985851115807e-29,5.0438342454597434e-29,5.0445699026185126e-29,5.0453055743675336e-29,5.0460412391853877e-29,5.046776940045382e-29,5.047512655501082e-29,5.0482483855039816e-29,5.048984130003063e-29,5.04971990598154e-29,5.050455679516601e-29,5.051191467562037e-29,5.051927270106858e-29,5.05266308713302e-29,5.05339891863312e-29,5.054134764622952e-29,5.054870625023615e-29,5.055606499872787e-29,5.05634238914846e-29,5.057078271251353e-29,5.057814189373133e-29,5.058550100222585e-29,5.059286025457211e-29,5.060021965069834e-29,5.060757956548828e-29,5.061493946547137e-29,5.062229950886358e-29,5.062965987182721e-29,5.063702036920796e-29,5.064438084214089e-29,5.065174163468015e-29,5.065910257055554e-29,5.066646364899047e-29,5.067382447756465e-29,5.068118566443351e-29,5.06885467779179e-29,5.069590824957861e-29,5.070327003808682e-29,5.071063157894329e-29,5.071799326061473e-29,5.07253550844581e-29,5.073271705018199e-29,5.074007915768483e-29,5.074744140663558e-29,5.075480417854151e-29,5.076216671050294e-29,5.07695293840856e-29,5.077689219866623e-29,5.078425554414984e-29,5.079161864118351e-29,5.079898187917986e-29,5.080634525773171e-29,5.081370877858453e-29,5.082107243996093e-29,5.082843624204495e-29,5.083580018322631e-29,5.084316426440308e-29,5.08505288737696e-29,5.085789362715453e-29,5.086525812904199e-29,5.08726231619244e-29,5.087998794317239e-29,5.088735286409819e-29,5.08947179246193e-29,5.090208312463171e-29,5.09094488560965e-29,5.091681433518353e-29,5.092418034208424e-29,5.093154609941948e-29,5.093891199534709e-29,5.094627803014254e-29,5.095364459469191e-29,5.096101129959942e-29,5.096837775040347e-29,5.097574471602828e-29,5.098311183371356e-29,5.099047909119886e-29,5.099784648380693e-29,5.100521401429027e-29,5.101258167013845e-29,5.101994947926047e-29,5.102731741127921e-29,5.103468549461508e-29,5.10420537112661e-29,5.104942206957873e-29,5.105679056294935e-29,5.106415919530216e-29,5.107152796453757e-29,5.10788968705536e-29,5.108626591142405e-29,5.109363508925759e-29,5.11010044049149e-29,5.110837385636116e-29,5.111574344272872e-29,5.112311316658066e-29,5.113048302017106e-29,5.113785301669766e-29,5.114522314626168e-29,5.115259341172201e-29,5.115996381542565e-29,5.116733435302702e-29,5.117470502619086e-29,5.118207582812733e-29,5.118944677286186e-29,5.119681784568813e-29,5.120418905411743e-29,5.121156040458999e-29,5.121893188927157e-29,5.122630350872359e-29,5.123367526281196e-29,5.124104715143718e-29,5.124841917507207e-29,5.125579133249592e-29,5.126316362471959e-29,5.127053605106838e-29,5.127790861093111e-29,5.128528130390458e-29,5.129265412997902e-29,5.130002709034586e-29,5.130740018380263e-29,5.131477341083302e-29,5.13221467713548e-29,5.132952026060823e-29,5.133689388977447e-29,5.134426765153197e-29,5.135164154684652e-29,5.135901557511684e-29,5.136638973572362e-29,5.137376402957746e-29,5.138113845556919e-29,5.138851301265446e-29,5.139588770364569e-29,5.140326252153167e-29,5.141063747767771e-29,5.141801256594686e-29,5.14253877862662e-29,5.143276313692273e-29,5.144013861516931e-29,5.144751423110806e-29,5.145488997866898e-29,5.146226585779363e-29,5.146964186838609e-29,5.147701801035766e-29,5.148439428358462e-29,5.14917706824428e-29,5.149914721795981e-29,5.150652388441648e-29,5.151390067598207e-29,5.152127760411218e-29,5.15286546629102e-29,5.153603185048507e-29,5.154340916724869e-29,5.155078661753445e-29,5.155816419765423e-29,5.156554190500597e-29,5.157291974543131e-29,5.158029771628659e-29,5.158767581704878e-29,5.159505404259295e-29,5.160243240109659e-29,5.160981088928133e-29,5.161718950824068e-29,5.162456825533355e-29,5.163194713347596e-29,5.163932613914105e-29,5.164670527392873e-29,5.16540845394729e-29,5.16614639339538e-29,5.166884345446707e-29,5.167622310652081e-29,5.168360288560419e-29,5.169098279485637e-29,5.16983628321543e-29,5.170574299824691e-29,5.171312329260087e-29,5.172050371234629e-29,5.172788426249718e-29,5.173526493942923e-29,5.17426457454552e-29,5.175002667970524e-29,5.175740774165194e-29,5.176478893078099e-29,5.177217024782996e-29,5.177955169227183e-29,5.178693326403186e-29,5.17943149470725e-29,5.180169677320765e-29,5.180907872633527e-29,5.181646080137891e-29,5.182384300822104e-29,5.18312253402059e-29,5.183860780046159e-29,5.18459903872865e-29,5.185337310057359e-29,5.18607559398188e-29,5.186813890572941e-29,5.18755219963822e-29,5.188290521213411e-29,5.189028855588005e-29,5.189767202439547e-29,5.190505562023391e-29,5.191243934177816e-29,5.191982318892937e-29,5.192720716042635e-29,5.193459125813006e-29,5.194197548154645e-29,5.194935983019171e-29,5.195674430277948e-29,5.19641289012198e-29,5.197151362385758e-29,5.1978898471062e-29,5.198628344408108e-29,5.199366854179586e-29,5.200105376408603e-29,5.200843911013819e-29,5.201582458059151e-29,5.202321017539187e-29,5.203059589542717e-29,5.20379817383098e-29,5.204536770504482e-29,5.20527537958256e-29,5.206014001176157e-29,5.206752635146018e-29,5.207491281481394e-29,5.208229940171813e-29,5.208968609860753e-29,5.209707293202811e-29,5.21044598890704e-29,5.211184696895493e-29,5.211923417191924e-29,5.21266214982439e-29,5.213400894713663e-29,5.214139651919985e-29,5.21487842065177e-29,5.215617201995942e-29,5.216355995959044e-29,5.217094802166825e-29,5.217833620611003e-29,5.218572451282296e-29,5.219311294172135e-29,5.220050149269942e-29,5.220789016502058e-29,5.221527895988194e-29,5.222266787693525e-29,5.2230056915361e-29,5.223744607479395e-29,5.224483535577899e-29,5.225222475884667e-29,5.225961428200354e-29,5.226700392661125e-29,5.227439369249545e-29,5.228178357947665e-29,5.22891735877631e-29,5.22965637110345e-29,5.230395396075163e-29,5.231134433248965e-29,5.231873482357975e-29,5.232612543556915e-29,5.233351616859191e-29,5.234090701493835e-29,5.23482979889741e-29,5.235568908204853e-29,5.236308029632056e-29,5.237047163061469e-29,5.237786308481609e-29,5.238525465884768e-29,5.239264635260825e-29,5.24000381657361e-29,5.240743009649002e-29,5.241482214502799e-29,5.242221431654194e-29,5.242960660675507e-29,5.243699901703934e-29,5.244439154644447e-29,5.245178419398919e-29,5.245917696133948e-29,5.24665698475508e-29,5.247396285222556e-29,5.248135597555935e-29,5.248874921747373e-29,5.249614257677391e-29,5.250353605457044e-29,5.25109296506679e-29,5.251832336504559e-29,5.252571719847748e-29,5.253311114995244e-29,5.254050521941283e-29,5.254789940672595e-29,5.255529371211885e-29,5.25626881315683e-29,5.25700826719788e-29,5.25774773298681e-29,5.258487210523286e-29,5.259226699703528e-29,5.259966200694458e-29,5.260705713432367e-29,5.261445237877407e-29,5.262184773925266e-29,5.262924321730137e-29,5.263663881165374e-29,5.264403452353356e-29,5.265143035206393e-29,5.265882629684483e-29,5.266622235838261e-29,5.267361853601699e-29,5.268101482941344e-29,5.268841123902268e-29,5.269580776553353e-29,5.2703204407786e-29,5.271060116551261e-29,5.271799803954856e-29,5.272539502883074e-29,5.273279213460844e-29,5.274018935571199e-29,5.274758669230792e-29,5.275498414462884e-29,5.276238171227628e-29,5.276977939488156e-29,5.277717719091729e-29,5.278457510295532e-29,5.279197312529797e-29,5.279937126835768e-29,5.280676952544306e-29,5.281416789192972e-29,5.282156637806763e-29,5.282896497340538e-29,5.283636368357064e-29,5.284376250826146e-29,5.285116145218101e-29,5.285856051060329e-29,5.286595968362658e-29,5.287335896483803e-29,5.288075836532653e-29,5.288815788023673e-29,5.289555750810148e-29,5.290295724966168e-29,5.291035710468053e-29,5.291775707450397e-29,5.292515715754542e-29,5.293255735216926e-29,5.293995766209097e-29,5.294735808410416e-29,5.295475861925962e-29,5.29621592682549e-29,5.29695600301906e-29,5.297696090525294e-29,5.29843618921121e-29,5.299176299160815e-29,5.299916420363704e-29,5.300656552817771e-29,5.301396696598391e-29,5.302136851614485e-29,5.302877017772071e-29,5.303617195156065e-29,5.304357383826685e-29,5.305097583616803e-29,5.305837794683287e-29,5.306578016848204e-29,5.307318250273426e-29,5.308058494869313e-29,5.308798750623161e-29,5.309539017434949e-29,5.310279295507602e-29,5.311019584609813e-29,5.311759884917329e-29,5.312500196267887e-29,5.313240518829551e-29,5.3139808524249e-29,5.314721197179395e-29,5.315461553019788e-29,5.316201919839032e-29,5.316942297726502e-29,5.317682686744271e-29,5.318423086839754e-29,5.319163497977763e-29,5.319903920064344e-29,5.320644353177483e-29,5.321384797394298e-29,5.322125252597889e-29,5.322865718803274e-29,5.323606196026352e-29,5.324346684234756e-29,5.325087183344099e-29,5.325827693436695e-29,5.326568214489788e-29,5.327308746494357e-29
11,1.2884975633028525e-24,1.7651204332382745e-24,2.1740133391391067e-24,2.5574976740080414e-24,2.9245482238067875e-24,3.2804335702317107e-24,3.628709060075156e-24,3.971796871392163e-24,4.311348171169022e-24,4.648488580673089e-24,4.983985451869007e-24,5.318361899539516e-24,5.6519745384990454e-24,5.985066478157283e-24,6.317803449668932e-24,6.650298434327973e-24,6.982628453095295e-24,7.314846012259458e-24,7.646986906106828e-24,7.979075536113348e-24,8.311128537113462e-24,8.643157249311435e-24,8.975169403486162e-24,9.307170269820123e-24,9.639163441071822e-24,9.971151366476202e-24,1.0303135715711535e-23,1.063511762702128e-23,1.0967097876362839e-23,1.1299076992716178e-23,1.1631055336695708e-23,1.196303315413692e-23,1.2295010612629541e-23,1.262698782642163e-23,1.2958964873397988e-23,1.3290941806653661e-23,1.3622918662384472e-23,1.3954895465265453e-23,1.4286872232117482e-23,1.4618848974408582e-23,1.495082569995594e-23,1.5282802414088685e-23,1.561477912044023e-23,1.594675582148727e-23,1.6278732518917907e-23,1.6610709213883284e-23,1.6942685907168178e-23,1.7274662599307226e-23,1.760663929066517e-23,1.7938615981490612e-23,1.8270592671953475e-23,1.8602569362168548e-23,1.8934546052215016e-23,1.926652274214625e-23,1.959849943199903e-23,1.9930476121798935e-23,2.0262452811561804e-23,2.0594429501300393e-23,2.0926406191021564e-23,2.125838288073144e-23,2.159035957043358e-23,2.1922336260130292e-23,2.2254312949823478e-23,2.2586289639513977e-23,2.29182663292027e-23,2.3250243018890112e-23,2.3582219708577005e-23,2.3914196398263493e-23,2.4246173087949417e-23,2.4578149777635628e-23,2.4910126467320632e-23,2.524210315700599e-23,2.557407984669137e-23,2.5906056536376446e-23,2.6238033226062017e-23,2.6570009915747106e-23,2.6901986605432295e-23,2.723396329511742e-23,2.7565939984802244e-23,2.7897916674487286e-23,2.822989336417249e-23,2.856187005385766e-23,2.88938467435425e-23,2.922582343322794e-23,2.9557800122913025e-23,2.988977681259832e-23,3.022175350228369e-23,3.055373019196894e-23,3.0885706881654286e-23,3.121768357133904e-23,3.154966026102418e-23,3.1881636950709524e-23,3.22136136403943e-23,3.254559033007939e-23,3.2877567019764515e-23,3.32095437094499e-23,3.3541520399135463e-23,3.3873497088820446e-23,3.420547377850502e-23,3.4537450468190536e-23,3.4869427157875796e-23,3.5201403847561326e-23,3.553338053724653e-23,3.5865357226931216e-23,3.6197333916616575e-23,3.652931060630206e-23,3.6861287295987306e-23,3.7193263985672383e-23,3.7525240675358036e-23,3.7857217365043125e-23,3.8189194054727603e-23,3.852117074441322e-23,3.8853147434098504e-23,3.9185124123784334e-23,3.9517100813469147e-23,3.98490775031541e-23,4.01810541928398e-23,4.051303088252468e-23,4.0845007572209785e-23,4.117698426189472e-23,4.1508960951580657e-23,4.184093764126492e-23,4.217291433095053e-23,4.2504891020635295e-23,4.2836867710320666e-23,4.3168844400005984e-23,4.3500821089691085e-23,4.383279777937613e-23,4.416477446906127e-23,4.449675115874613e-23,4.482872784843164e-23,4.5160704538117306e-23,4.549268122780205e-23,4.5824657917487496e-23,4.6156634607172327e-23,4.6488611296857316e-23,4.682058798654263e-23,4.7152564676228246e-23,4.7484541365912777e-23,4.781651805559868e-23,4.8148494745283096e-23,4.848047143496803e-23,4.8812448124652604e-23,4.914442481433777e-23,4.9476401504023834e-23,4.980837819370957e-23,5.014035488339372e-23,5.047233157307854e-23,5.080430826276346e-23,5.113628495244922e-23,5.1468261642134316e-23,5.1800238331819675e-23,5.213221502150499e-23,5.2464191711189524e-23,5.279616840087465e-23,5.312814509055987e-23,5.346012178024487e-23,5.379209846993039e-23,5.412407515961594e-23,5.44560518493009e-23,5.478802853898626e-23,5.512000522867062e-23,5.54519819183563e-23,5.578395860804124e-23,5.611593529772656e-23,5.644791198741162e-23,5.677988867709654e-23,5.711186536678215e-23,5.744384205646673e-23,5.777581874615188e-23,5.810779543583745e-23,5.843977212552313e-23,5.877174881520851e-23,5.910372550489282e-23,5.94357021945786e-23,5.97676788842633e-23,6.009965557394869e-23,6.043163226363358e-23,6.07636089533189e-23,6.109558564300367e-23,6.142756233268894e-23,6.175953902237416e-23,6.209151571205901e-23,6.242349240174449e-23,6.275546909142917e-23,6.308744578111436e-23,6.341942247080012e-23,6.375139916048503e-23,6.408337585017043e-23,6.441535253985505e-23,6.474732922953995e-23,6.507930591922512e-23,6.541128260891064e-23,6.574325929859525e-23,6.607523598828108e-23,6.640721267796687e-23,6.673918936765087e-23,6.707116605733569e-23,6.740314274702054e-23,6.773511943670543e-23,6.806709612639114e-23,6.839907281607668e-23,6.873104950576156e-23,6.906302619544712e-23,6.939500288513139e-23,6.972697957481703e-23,7.005895626450331e-23,7.039093295418867e-23,7.072290964387296e-23,7.105488633355864e-23,7.138686302324327e-23,7.171883971292898e-23,7.205081640261287e-23,7.238279309229797e-23,7.27147697819828e-23,7.304674647166807e-23,7.337872316135336e-23,7.37106998510384e-23,7.404267654072379e-23,7.437465323040872e-23,7.47066299200945e-23,7.503860660977946e-23,7.537058329946402e-23,7.570255998915037e-23,7.603453667883634e-23,7.636651336852068e-23,7.669849005820513e-23,7.703046674788944e-23,7.736244343757321e-23,7.769442012725816e-23,7.802639681694406e-23,7.835837350662902e-23,7.869035019631413e-23,7.902232688599824e-23,7.935430357568394e-23,7.968628026536966e-23,8.00182569550538e-23,8.035023364473837e-23,8.06822103344222e-23,8.101418702410732e-23,8.134616371379153e-23,8.167814040347656e-23,8.201011709316229e-23,8.234209378284703e-23,8.267407047253246e-23,8.300604716221627e-23,8.333802385190065e-23,8.367000054158517e-23,8.400197723126963e-23,8.433395392095497e-23,8.466593061064036e-23,8.499790730032614e-23,8.53298839900108e-23,8.566186067969596e-23,8.599383736938033e-23,8.632581405906456e-23,8.665779074874954e-23,8.698976743843405e-23,8.732174412811828e-23,8.765372081780394e-23,8.798569750748841e-23,8.831767419717373e-23,8.864965088685882e-23,8.898162757654412e-23,8.931360426622853e-23,8.9645580955913e-23,8.997755764559876e-23,9.030953433528375e-23,9.064151102497007e-23,9.097348771465483e-23,9.130546440433961e-23,9.163744109402381e-23,9.196941778370866e-23,9.230139447339397e-23,9.263337116307914e-23,9.296534785276342e-23,9.329732454244894e-23,9.362930123213449e-23,9.39612779218185e-23,9.429325461150439e-23,9.462523130118869e-23,9.495720799087335e-23,9.528918468055902e-23,9.562116137024331e-23,9.595313805992874e-23,9.628511474961358e-23,9.661709143929922e-23,9.694906812898467e-23,9.728104481866787e-23,9.761302150835429e-23,9.794499819803837e-23,9.827697488772371e-23,9.860895157740886e-23,9.894092826709417e-23,9.927290495677846e-23,9.960488164646449e-23,9.993685833614937e-23,1.0026883502583347e-22,1.0060081171551835e-22,1.0093278840520406e-22,1.0126476509488807e-22,1.0159674178457431e-22,1.0192871847425934e-22,1.0226069516394438e-22,1.0259267185362961e-22,1.0292464854331431e-22,1.0325662523299849e-22,1.035886019226833e-22,1.039205786123701e-22,1.0425255530205271e-22,1.0458453199173896e-22,1.0491650868142351e-22,1.05248485371109e-22,1.0558046206079332e-22,1.0591243875047816e-22,1.0624441544016244e-22,1.0657639212984874e-22,1.0690836881953502e-22,1.072403455092187e-22,1.075723221989039e-22,1.0790429888858962e-22,1.0823627557827458e-22,1.0856825226795906e-22,1.0890022895764344e-22,1.0923220564732964e-22,1.0956418233701505e-22,1.0989615902669977e-22,1.1022813571638309e-22,1.1056011240606962e-22,1.1089208909575423e-22,1.1122406578543924e-22,1.115560424751253e-22,1.1188801916481e-22,1.1221999585449437e-22,1.125519725441786e-22,1.128839492338655e-22,1.1321592592354986e-22,1.135479026132338e-22,1.1387987930292047e-22,1.1421185599260456e-22,1.1454383268228984e-22,1.1487580937197433e-22,1.1520778606165934e-22,1.155397627513446e-22,1.1587173944103032e-22,1.1620371613071394e-22,1.1653569282039937e-22,1.1686766951008492e-22,1.1719964619976943e-22,1.1753162288945458e-22,1.1786359957913883e-22,1.1819557626882513e-22,1.1852755295850934e-22,1.1885952964819362e-22,1.1919150633787867e-22,1.1952348302756354e-22,1.1985545971724847e-22,1.2018743640693458e-22,1.2051941309662023e-22,1.2085138978630422e-22,1.211833664759901e-22,1.2151534316567428e-22,1.2184731985535995e-22,1.2217929654504486e-22,1.225112732347297e-22,1.2284324992441501e-22,1.2317522661410002e-22,1.235072033037861e-22,1.2383917999347142e-22,1.2417115668315626e-22,1.2450313337284174e-22,1.248351100625277e-22,1.251670867522111e-22,1.2549906344189568e-22,1.2583104013158207e-22,1.2616301682126656e-22,1.2649499351095202e-22,1.2682697020063646e-22,1.27158946890321e-22,1.2749092358000664e-22,1.2782290026969273e-22,1.2815487695937649e-22,1.2848685364906086e-22,1.2881883033874617e-22,1.291508070284327e-22,1.2948278371811571e-22,1.2981476040780206e-22,1.3014673709748566e-22,1.304787137871707e-22,1.3081069047685628e-22,1.3114266716654209e-22,1.314746438562264e-22,1.3180662054590904e-22,1.3213859723559478e-22,1.3247057392527986e-22,1.3280255061496505e-22,1.3313452730465062e-22,1.3346650399433652e-22,1.3379848068402012e-22,1.3413045737370426e-22,1.3446243406338985e-22,1.3479441075307439e-22,1.3512638744276064e-22,1.3545836413244513e-22,1.3579034082212955e-22,1.361223175118157e-22,1.364542942015008e-22,1.3678627089118462e-22,1.3711824758087016e-22,1.3745022427055512e-22,1.377822009602403e-22,1.3811417764992493e-22,1.3844615433960986e-22,1.3877813102929633e-22,1.3911010771898147e-22,1.3944208440866479e-22,1.3977406109835102e-22,1.4010603778803478e-22,1.4043801447772115e-22,1.4076999116740505e-22,1.4110196785708804e-22,1.4143394454677535e-22,1.4176592123646054e-22,1.4209789792614491e-22,1.4242987461582938e-22,1.4276185130551519e-22,1.430938279952008e-22,1.434258046848848e-22,1.4375778137457028e-22,1.4408975806425366e-22,1.4442173475393996e-22,1.447537114436261e-22,1.4508568813331016e-22,1.4541766482299378e-22,1.4574964151268095e-22,1.4608161820236617e-22,1.464135948920503e-22,1.4674557158173703e-22,1.470775482714207e-22,1.47409524961104e-22,1.4774150165079142e-22,1.480734783404736e-22,1.484054550301599e-22,1.4873743171984578e-22,1.4906940840953198e-22,1.4940138509921501e-22,1.497333617889006e-22,1.500653384785865e-22,1.5039731516827006e-22,1.5072929185795495e-22,1.510612685476393e-22,1.5139324523732484e-22,1.5172522192701027e-22,1.5205719861669631e-22,1.523891753063804e-22,1.5272115199606513e-22,1.5305312868574995e-22,1.533851053754359e-22,1.537170820651201e-22,1.5404905875480704e-22,1.5438103544449263e-22,1.5471301213417623e-22,1.550449888238615e-22,1.553769655135459e-22,1.5570894220323137e-22,1.5604091889291484e-22,1.563728955826019e-22,1.5670487227228516e-22,1.5703684896196885e-22,1.5736882565165515e-22,1.5770080234134115e-22,1.580327790310258e-22,1.5836475572070987e-22,1.5869673241039457e-22,1.590287091000804e-22,1.593606857897646e-22,1.596926624794489e-22,1.6002463916913462e-22,1.6035661585882108e-22,1.6068859254850376e-22,1.6102056923819084e-22,1.6135254592787592e-22,1.6168452261756118e-22,1.6201649930724633e-22,1.6234847599693237e-22,1.62680452686615e-22,1.6301242937629914e-22,1.6334440606598464e-22,1.636763827556696e-22,1.6400835944535635e-22,1.6434033613503947e-22,1.6467231282472516e-22,1.6500428951440895e-22,1.653362662040948e-22,1.6566824289378176e-22,1.6600021958346538e-22,1.6633219627315012e-22,1.6666417296283445e-22,1.6699614965252096e-22,1.6732812634220726e-22,1.6766010303188999e-22,1.6799207972157706e-22,1.6832405641126127e-22,1.6865603310094748e-22,1.6898800979063041e-22,1.6931998648031615e-22,1.69651963170003e-22,1.699839398596862e-22,1.703159165493689e-22,1.7064789323905564e-22,1.709798699287417e-22,1.7131184661842906e-22,1.7164382330811096e-22,1.7197579999779583e-22,1.723077766874794e-22,1.7263975337716076e-22,1.7297173006684803e-22,1.733037067565312e-22,1.7363568344621651e-22,1.739676601359026e-22,1.7429963682558695e-22,1.7463161351527226e-22,1.7496359020495412e-22,1.7529556689464108e-22,1.756275435843263e-22,1.7595952027401057e-22,1.7629149696369485e-22,1.7662347365338047e-22,1.7695545034306587e-22,1.7728742703275034e-22,1.7761940372243558e-22,1.7795138041212021e-22,1.782833571018038e-22,1.786153337914887e-22,1.7894731048117373e-22,1.7927928717085838e-22,1.7961126386054398e-22,1.7994324055022971e-22,1.8027521723991418e-22,1.8060719392959778e-22,1.8093917061928534e-22,1.812711473089667e-22,1.816031239986509e-22,1.819351006883375e-22,1.822670773780233e-22,1.8259905406770836e-22,1.829310307573922e-22,1.8326300744707691e-22,1.8359498413676479e-22,1.8392696082644822e-22,1.8425893751613308e-22,1.845909142058174e-22,1.8492289089550133e-22,1.852548675851889e-22,1.8558684427487377e-22,1.8591882096455574e-22,1.86250797654244e-22,1.865827743439295e-22,1.8691475103361178e-22,1.8724672772329744e-22,1.8757870441298005e-22,1.8791068110266778e-22,1.882426577923532e-22,1.885746344820383e-22,1.8890661117172405e-22,1.8923858786140619e-22,1.8957056455109183e-22,1.8990254124077785e-22,1.902345179304625e-22,1.9056649462014894e-22,1.9089847130983376e-22,1.9123044799951616e-22,1.9156242468919997e-22,1.918944013788866e-22,1.9222637806857123e-22,1.9255835475825618e-22,1.9289033144794117e-22,1.9322230813762575e-22,1.9355428482731092e-22,1.9388626151699816e-22,1.942182382066842e-22,1.945502148963687e-22,1.9488219158605194e-22,1.9521416827573807e-22,1.9554614496542202e-22,1.9587812165510604e-22,1.9621009834479295e-22,1.9654207503447667e-22,1.9687405172416066e-22,1.9720602841384612e-22,1.9753800510352877e-22,1.9786998179321512e-22,1.9820195848290092e-22,1.985339351725864e-22,1.9886591186227197e-22,1.991978885519566e-22,1.9952986524163926e-22,1.998618419313262e-22,2.0019381862101099e-22,2.005257953106951e-22,2.0085777200038197e-22,2.011897486900652e-22,2.0152172537975017e-22,2.0185370206943426e-22,2.0218567875911748e-22,2.0251765544880413e-22,2.028496321384875e-22,2.0318160882817367e-22,2.0351358551785633e-22,2.038455622075441e-22,2.0417753889722818e-22,2.0450951558690914e-22,2.0484149227659763e-22,2.0517346896628437e-22,2.0550544565597053e-22,2.0583742234565408e-22,2.0616939903533831e-22,2.065013757250257e-22,2.0683335241471096e-22,2.0716532910439787e-22,2.0749730579408111e-22,2.0782928248376502e-22,2.0816125917345164e-22,2.0849323586313477e-22,2.0882521255282199e-22,2.0915718924250678e-22,2.0948916593219092e-22,2.0982114262187473e-22,2.10153119311557e-22,2.1048509600124467e-22,2.1081707269092787e-22,2.1114904938061127e-22,2.1148102607029628e-22,2.1181300275998314e-22,2.1214497944966796e-22,2.1247695613935645e-22,2.1280893282903896e-22,2.131409095187214e-22,2.134728862084106e-22,2.1380486289809257e-22,2.1413683958777937e-22,2.1446881627746466e-22,2.1480079296714886e-22,2.1513276965683176e-22,2.154647463465193e-22,2.1579672303620525e-22,2.161286997258879e-22,2.164606764155742e-22,2.1679265310525707e-22,2.1712462979494504e-22,2.1745660648462835e-22,2.177885831743131e-22,2.1812055986399865e-22,2.1845253655368178e-22,2.1878451324336725e-22,2.191164899330537e-22,2.1944846662273745e-22,2.197804433124247e-22,2.2011242000210573e-22,2.204443966917901e-22,2.2077637338147593e-22,2.211083500711624e-22,2.2144032676084345e-22,2.217723034505273e-22,2.221042801402142e-22,2.224362568298974e-22,2.227682335195855e-22,2.231002102092666e-22,2.234321868989519e-22,2.2376416358863596e-22,2.2409614027832604e-22,2.2442811696801157e-22,2.247600936576943e-22,2.2509207034738186e-22,2.2542404703706377e-22,2.257560237267488e-22,2.2608800041644055e-22,2.264199771061209e-22,2.2675195379580525e-22,2.270839304854911e-22,2.2741590717517574e-22,2.2774788386486117e-22,2.280798605545462e-22,2.2841183724423245e-22,2.287438139339136e-22,2.2907579062360053e-22,2.2940776731328723e-22,2.2973974400296984e-22,2.300717206926585e-22,2.3040369738233826e-22,2.307356740720279e-22,2.310676507617132e-22,2.3139962745139765e-22,2.3173160414108158e-22,2.320635808307668e-22,2.3239555752045526e-22,2.3272753421013857e-22,2.3305951089982297e-22,2.3339148758950703e-22,2.3372346427919326e-22,2.3405544096887818e-22,2.34387417658563e-22,2.347193943482467e-22,2.350513710379335e-22,2.35383347727616e-22,2.357153244173023e-22,2.3604730110698854e-22,2.3637927779667205e-22,2.367112544863581e-22,2.370432311760454e-22,2.373752078657293e-22,2.3770718455541546e-22,2.3803916124510145e-22,2.383711379347871e-22,2.387031146244737e-22,2.39035091314157e-22,2.3936706800383946e-22,2.3969904469352353e-22,2.400310213832103e-22,2.403629980728934e-22,2.4069497476257953e-22,2.410269514522653e-22,2.413589281419518e-22,2.4169090483163596e-22,2.420228815213178e-22,2.423548582110012e-22,2.4268683490069113e-22,2.4301881159037665e-22,2.433507882800587e-22,2.4368276496974384e-22,2.4401474165942847e-22,2.4434671834911038e-22,2.4467869503879623e-22,2.450106717284784e-22,2.4534264841816098e-22,2.456746251078442e-22,2.4600660179753146e-22,2.463385784872194e-22,2.4667055517690693e-22,2.4700253186659005e-22,2.473345085562764e-22,2.476664852459595e-22,2.47998461935647e-22,2.4833043862532844e-22,2.4866241531501476e-22,2.4899439200470005e-22,2.493263686943814e-22,2.4965834538406696e-22,2.4999032207375215e-22,2.5032229876344144e-22,2.5065427545312593e-22,2.509862521428092e-22,2.51318228832496e-22,2.516502055221772e-22,2.519821822118661e-22,2.523141589015468e-22,2.526461355912359e-22,2.5297811228092027e-22,2.53310088970602e-22,2.536420656602868e-22,2.539740423499723e-22,2.5430601903965907e-22,2.546379957293429e-22,2.5496997241902885e-22,2.553019491087112e-22,2.5563392579839478e-22,2.559659024880815e-22,2.562978791777664e-22,2.5662985586745074e-22,2.5696183255714077e-22,2.572938092468237e-22,2.5762578593651055e-22,2.579577626261957e-22,2.5828973931588207e-22,2.5862171600556355e-22,2.5895369269525006e-22,2.592856693849354e-22,2.5961764607462e-22,2.5994962276430767e-22,2.602815994539911e-22,2.6061357614367674e-22,2.609455528333635e-22,2.6127752952304455e-22,2.6160950621273407e-22,2.619414829024201e-22,2.6227345959210027e-22,2.626054362817878e-22,2.6293741297147207e-22,2.6326938966115774e-22,2.636013663508408e-22,2.6393334304052606e-22,2.642653197302076e-22,2.6459729641989146e-22,2.649292731095803e-22,2.6526124979926016e-22,2.655932264889454e-22,2.6592520317863083e-22,2.662571798683183e-22,2.665891565580006e-22,2.6692113324768336e-22,2.6725310993737363e-22,2.675850866270554e-22,2.6791706331673974e-22,2.682490400064278e-22,2.6858101669611013e-22,2.6891299338579627e-22,2.69244970075484e-22,2.6957694676516454e-22,2.6990892345485124e-22,2.7024090014453695e-22,2.7057287683422074e-22,2.7090485352390763e-22,2.7123683021359197e-22,2.7156880690327303e-22,2.7190078359296175e-22,2.722327602826474e-22,2.7256473697233083e-22,2.7289671366201343e-22,2.732286903517002e-22,2.735606670413835e-22,2.738926437310684e-22,2.7422462042075887e-22,2.7455659711044087e-22,2.7488857380012616e-22,2.7522055048980825e-22,2.7555252717949457e-22,2.7588450386918174e-22,2.7621648055886806e-22,2.7654845724855227e-22,2.7688043393823986e-22,2.7721241062792567e-22,2.7754438731761124e-22,2.778763640072964e-22,2.78208340696981e-22,2.785403173866637e-22,2.788722940763491e-22,2.7920427076603143e-22,2.7953624745571423e-22,2.798682241453984e-22,2.8020020083508504e-22,2.805321775247683e-22,2.808641542144559e-22,2.8119613090413733e-22,2.815281075938219e-22,2.8186008428350594e-22,2.8219206097319377e-22,2.825240376628792e-22,2.8285601435256157e-22,2.8318799104224686e-22,2.83519967731932e-22,2.8385194442161682e-22,2.841839211113046e-22,2.845158978009917e-22,2.8484787449067904e-22,2.851798511803598e-22,2.8551182787004868e-22,2.8584380455973105e-22,2.8617578124941577e-22,2.8650775793910186e-22,2.8683973462879176e-22,2.871717113184687e-22,2.8750368800815622e-22,2.878356646978424e-22,2.8816764138752586e-22,2.8849961807720927e-22,2.8883159476689094e-22,2.8916357145657886e-22,2.8949554814626396e-22,2.8982752483594944e-22,2.9015950152563383e-22,2.9049147821531945e-22,2.9082345490500493e-22,2.911554315946904e-22,2.914874082843738e-22,2.918193849740587e-22,2.9215136166374275e-22,2.9248333835342634e-22,2.928153150431102e-22,2.9314729173279485e-22,2.9347926842248254e-22,2.9381124511217004e-22,2.941432218018529e-22,2.9447519849154076e-22,2.948071751812259e-22,2.951391518709062e-22,2.954711285605952e-22,2.9580310525027707e-22,2.961350819399619e-22,2.964670586296484e-22,2.9679903531933594e-22,2.971310120090156e-22,2.9746298869870116e-22,2.977949653883811e-22,2.9812694207807005e-22,2.9845891876775035e-22,2.987908954574353e-22,2.991228721471201e-22,2.9945484883680373e-22,2.997868255264899e-22,3.0011880221617868e-22,3.0045077890586444e-22,3.007827555955479e-22,3.011147322852325e-22,3.0144670897491593e-22,3.017786856646028e-22,3.021106623542924e-22,3.0244263904397697e-22,3.027746157336592e-22,3.031065924233466e-22,3.0343856911303142e-22,3.037705458027195e-22,3.041025224924066e-22,3.0443449918208894e-22,3.04766475871772e-22,3.050984525614616e-22,3.0543042925114466e-22,3.0576240594083216e-22,3.0609438263051627e-22,3.064263593201984e-22,3.0675833600988206e-22,3.070903126995676e-22,3.0742228938925235e-22,3.0775426607893684e-22,3.080862427686203e-22,3.0841821945830587e-22,3.087501961479929e-22,3.090821728376758e-22,3.094141495273629e-22,3.0974612621704495e-22,3.100781029067314e-22,3.104100795964128e-22,3.1074205628610233e-22,3.110740329757831e-22,3.1140600966547215e-22,3.1173798635515617e-22,3.1206996304484273e-22,3.1240193973452454e-22,3.127339164242098e-22,3.1306589311389356e-22,3.1339786980357744e-22,3.1372984649326315e-22,3.140618231829525e-22,3.1439379987263914e-22,3.147257765623219e-22,3.1505775325200657e-22,3.1538972994169275e-22,3.157217066313765e-22,3.1605368332106107e-22,3.163856600107447e-22,3.1671763670043207e-22,3.170496133901196e-22,3.1738159007980063e-22,3.177135667694853e-22,3.180455434591715e-22,3.1837752014885795e-22,3.1870949683854305e-22,3.190414735282251e-22,3.1937345021791133e-22,3.1970542690759408e-22,3.200374035972829e-22,3.203693802869644e-22,3.207013569766514e-22,3.2103333366633617e-22,3.2136531035602155e-22,3.216972870457047e-22,3.2202926373538795e-22,3.223612404250739e-22,3.22693217114761e-22,3.2302519380444283e-22,3.2335717049412482e-22,3.236891471838155e-22,3.2402112387349865e-22,3.243531005631881e-22,3.2468507725287153e-22,3.250170539425558e-22,3.253490306322403e-22,3.2568100732192396e-22,3.260129840116098e-22,3.26344960701291e-22,3.2667693739098453e-22,3.2700891408066963e-22,3.273408907703525e-22,3.2767286746004044e-22,3.280048441497211e-22,3.2833682083940514e-22,3.286687975290883e-22,3.2900077421877483e-22,3.2933275090845805e-22,3.296647275981453e-22,3.299967042878322e-22,3.3032868097751265e-22,3.306606576672002e-22,3.3099263435688487e-22,3.313246110465694e-22,3.316565877362533e-22,3.3198856442593754e-22,3.3232054111562433e-22,3.326525178053101e-22,3.3298449449499477e-22,3.3331647118468227e-22,7.356560150678574e-14,8.866896610212913e-14,1.0127333480377763e-13,1.1377086753788745e-13,1.262638155949815e-13,1.3875654971404124e-13,1.5124925889206093e-13,1.637419493191908e-13,1.762346149592734e-13,1.887272673585702e-13,2.012199014616349e-13,2.1371251078818564e-13,2.2620510687063512e-13,2.3869768468993883e-13,2.5119023771689974e-13,2.636827753084071e-13,2.76175296473148e-13,2.8866779920757623e-13,3.0116027718788364e-13,3.1365274189474526e-13,3.2614518822364003e-13,3.3863760986021614e-13,3.511300160689186e-13,3.6362240577765114e-13,3.761147728619162e-13,3.8860712502073304e-13,4.0109945456534663e-13,4.1359176699707717e-13,4.260840629165943e-13,4.385763404397604e-13,4.5106859314670433e-13,4.635608325855895e-13,4.760530494890577e-13,4.885452514529555e-13,5.010374308282591e-13,5.135295953147349e-13,5.260217371206772e-13,5.385138618238043e-13,5.510059700553978e-13,5.634980555697122e-13,5.759901239505528e-13,5.884821758046725e-13,6.009742049671759e-13,6.13466219256012e-13,6.259582108647996e-13,6.38450187519204e-13,6.509421416037158e-13,6.634340806620043e-13,6.759260014020971e-13,6.884178974498599e-13,7.009097801116244e-13,7.134016403293199e-13,7.258934833897547e-13,7.383853099089364e-13,7.508771179812112e-13,7.633689013516267e-13,7.758606713503762e-13,7.883524188831537e-13,8.008441513976121e-13,8.133358613576494e-13,8.25827556531619e-13,8.383192331953009e-13,8.508108850621692e-13,8.633025235711128e-13,8.757941438644285e-13,8.882857394024168e-13,9.007773217065552e-13,9.132688856681584e-13,9.257604248384905e-13,9.38251950852723e-13,9.507434584049037e-13,9.632349412684914e-13,9.757264086284998e-13,9.882178594846645e-13,1.0007092919992986e-12,1.0132006997104454e-12,1.025692094072546e-12,1.038183470097911e-12,1.0506748214635353e-12,1.0631661596159193e-12,1.075657479288916e-12,1.0881487742778536e-12,1.1006400563001027e-12,1.1131313154390736e-12,1.1256225595295963e-12,1.1381137811071349e-12,1.1506049855324665e-12,1.1630961712383794e-12,1.1755873403564917e-12,1.1880784909721105e-12,1.2005696169089944e-12,1.2130607293612693e-12,1.2255518236141243e-12,1.2380428931588741e-12,1.2505339493067675e-12,1.263024982995065e-12,1.2755160016414768e-12,1.2880069977325499e-12,1.3004979786160287e-12,1.3129889413155053e-12,1.3254798793139442e-12,1.3379708018087353e-12,1.3504617078475358e-12,1.3629525912161047e-12,1.3754434595666542e-12,1.3879343097165829e-12,1.4004251411244374e-12,1.412915945926665e-12,1.4254067389358866e-12,1.4378975137745007e-12,1.4503882700033822e-12,1.4628789996471836e-12,1.4753697174456259e-12,1.4878604170094661e-12,1.5003510919106631e-12,1.5128417534023215e-12,1.5253323924422774e-12,1.537823016392222e-12,1.5503136178538879e-12,1.5628042042838215e-12,1.5752947681426089e-12,1.5877853169916105e-12,1.600275843262132e-12,1.6127663544129873e-12,1.6252568470021303e-12,1.6377473151802005e-12,1.6502377702169705e-12,1.6627282024620828e-12,1.6752186175319275e-12,1.6877090159527245e-12,1.7001993917959118e-12,1.7126897504627249e-12,1.7251800925276298e-12,1.737670411965273e-12,1.7501607159809155e-12,1.7626509978196413e-12,1.7751412624787473e-12,1.787631510542464e-12,1.8001217400646145e-12,1.8126119449905532e-12,1.8251021343632015e-12,1.8375923071847956e-12,1.850082457412536e-12,1.8625725925443543e-12,1.875062709273744e-12,1.88755280139433e-12,1.9000428800742798e-12,1.9125329404444078e-12,1.9250229761195558e-12,1.9375129962496083e-12,1.950002999875113e-12,1.962492984686943e-12,1.9749829451450967e-12,1.9874728900486443e-12,1.9999628183402347e-12,2.0124527241106786e-12,2.024942614831171e-12,2.0374324866720334e-12,2.049922334320297e-12,2.062412168600816e-12,2.074901980318391e-12,2.0873917768426715e-12,2.0998815509708675e-12,2.1123713099513892e-12,2.124861046444764e-12,2.1373507657138507e-12,2.149840466240758e-12,2.162330150047183e-12,2.1748198153974292e-12,2.187309456171114e-12,2.1997990813130423e-12,2.2122886899347032e-12,2.224778275928235e-12,2.2372678467778643e-12,2.2497573951619204e-12,2.2622469283847397e-12,2.27473643913322e-12,2.2872259347010464e-12,2.2997154078266315e-12,2.3122048637189796e-12,2.324694302903973e-12,2.337183723640636e-12,2.349673119897188e-12,2.362162502738653e-12,2.37465186699605e-12,2.3871412067357198e-12,2.3996305328656506e-12,2.412119840734889e-12,2.424609123995598e-12,2.437098394082983e-12,2.4495876458447423e-12,2.462076872713139e-12,2.47456608627871e-12,2.4870552811756487e-12,2.4995444515586678e-12,2.5120336063083595e-12,2.5245227423749063e-12,2.537011859627533e-12,2.5495009601979965e-12,2.5619900381543076e-12,2.5744791010097485e-12,2.5869681413160616e-12,2.5994571668277305e-12,2.6119461694781996e-12,2.6244351569614483e-12,2.6369241261700102e-12,2.649413070741357e-12,2.661902001744006e-12,2.6743909102830093e-12,2.6868798035731107e-12,2.699368674497522e-12,2.7118575302553744e-12,2.724346363554861e-12,2.7368351820612963e-12,2.749323977667819e-12,2.76181275814217e-12,2.7743015161203055e-12,2.7867902589279593e-12,2.7992789792661884e-12,2.8117676843046915e-12,2.824256367014373e-12,2.8367450343311276e-12,2.8492336836282657e-12,2.8617223081681805e-12,2.8742109185448944e-12,2.8866995110822976e-12,2.8991880791618546e-12,2.9116766335821843e-12,2.924165169373076e-12,2.9366536809253295e-12,2.949142178896471e-12,2.961630658441223e-12,2.9741191135328365e-12,2.986607555040817e-12,2.999095974139846e-12,3.0115843778837395e-12,3.0240727593046845e-12,3.036561123469199e-12,3.0490494688696356e-12,3.0615377954421095e-12,3.0740261052301703e-12,3.0865143924943772e-12,3.0990026649436417e-12,3.111490918618969e-12,3.1239791477130125e-12,3.1364673633189847e-12,3.148955556412744e-12,3.161443734375627e-12,3.1739318938255126e-12,3.186420028815582e-12,3.1989081501571174e-12,3.2113962491142544e-12,3.2238843321327597e-12,3.2363723934146888e-12,3.2488604394540654e-12,3.2613484630569797e-12,3.2738364711503233e-12,3.2863244613468676e-12,3.2988124267964957e-12,3.3113003789808766e-12,3.3237883124406403e-12,3.336276221345985e-12,3.3487641161627427e-12,3.3612519926242255e-12,3.3737398505520256e-12,3.386227690071412e-12,3.3987155016349614e-12,3.4112033025346984e-12,3.4236910812623374e-12,3.4361788426880503e-12,3.4486665853387056e-12,3.461154309151549e-12,3.4736420141236833e-12,3.4861297002548007e-12,3.498617369838264e-12,3.5111050206535354e-12,3.523592646979813e-12,3.5360802597438315e-12,3.5485678500378727e-12,3.5610554230452764e-12,3.573542977277098e-12,3.5860305126684517e-12,3.5985180310143704e-12,3.611005527102921e-12,3.623493007865611e-12,3.6359804662808716e-12,3.648467909346859e-12,3.660955330074762e-12,3.673442735056927e-12,3.6859301180498785e-12,3.698417483767414e-12,3.7109048327495416e-12,3.723392163141105e-12,3.735879469122891e-12,3.748366761566719e-12,3.760854031530104e-12,3.7733412862482064e-12,3.785828521999927e-12,3.798315733741551e-12,3.810802931775344e-12,3.823290111432524e-12,3.835777271807842e-12,3.848264406569656e-12,3.860751529195598e-12,3.873238633535819e-12,3.8857257133606675e-12,3.898212778757247e-12,3.910699822486367e-12,3.9231868510543586e-12,3.935673861139008e-12,3.94816085198108e-12,3.9606478171144404e-12,3.973134770053772e-12,3.985621700714664e-12,3.998108616050971e-12,4.0105955090062574e-12,4.023082385945869e-12,4.035569246372915e-12,4.048056081118245e-12,4.060542902722486e-12,4.073029705931841e-12,4.085516484136128e-12,4.098003249176814e-12,4.110489995819473e-12,4.122976717462423e-12,4.13546342593145e-12,4.147950115753528e-12,4.160436780816059e-12,4.172923432363772e-12,4.185410065383956e-12,4.197896673868066e-12,4.210383268727826e-12,4.222869841120254e-12,4.235356398406278e-12,4.247842937737732e-12,4.260329451978979e-12,4.27281595236313e-12,4.285302430490042e-12,4.297788893217247e-12,4.31027533363157e-12,4.322761758633088e-12,4.33524816132941e-12,4.34773454850554e-12,4.360220913459188e-12,4.372707262977581e-12,4.385193590188259e-12,4.3976799021608355e-12,4.410166191670367e-12,4.422652465341535e-12,4.435138717124416e-12,4.447624951569386e-12,4.460111169493885e-12,4.4725973646857576e-12,4.485083542540647e-12,4.4975697034975975e-12,4.510055842093989e-12,4.522541963356305e-12,4.53502806776077e-12,4.547514149802641e-12,4.5600002144710515e-12,4.572486262288125e-12,4.584972287689466e-12,4.597458297642891e-12,4.6099442893954404e-12,4.622430256591544e-12,4.634916207991349e-12,4.647402142657453e-12,4.659888058808459e-12,4.672373956060283e-12,4.684859827410625e-12,4.6973456863408044e-12,4.709831523064315e-12,4.722317344574197e-12,4.734803147147823e-12,4.7472889256930726e-12,4.759774690391191e-12,4.772260436607438e-12,4.784746158503863e-12,4.797231864605926e-12,4.809717551967793e-12,4.822203222479811e-12,4.834688874431648e-12,4.847174502038179e-12,4.859660115787972e-12,4.8721457110849686e-12,4.884631282037341e-12,4.897116838991336e-12,4.909602377549241e-12,4.922087891856814e-12,4.934573390361255e-12,4.947058870123473e-12,4.959544331016602e-12,4.9720297730356226e-12,4.984515196179425e-12,4.997000600447946e-12,5.009485985840956e-12,5.021971352358109e-12,5.034456699998025e-12,5.046942028763226e-12,5.059427340718759e-12,5.071912630164461e-12,5.08439790430422e-12,5.09688315983109e-12,5.10936839105956e-12,5.121853608425305e-12,5.1343388034802855e-12,5.146823983136293e-12,5.159309140428141e-12,5.171794282374163e-12,5.184279401914917e-12,5.196764506059695e-12,5.2092495878454004e-12,5.221734654676062e-12,5.234219698699387e-12,5.246704727212437e-12,5.259189736090837e-12,5.27167472753765e-12,5.2841596929168975e-12,5.296644645826779e-12,5.3091295804933e-12,5.321614490750245e-12,5.334099387314076e-12,5.346584265297928e-12,5.359069124664839e-12,5.371553957852129e-12,5.3840387784530964e-12,5.3965235807016665e-12,5.409008364333616e-12,5.42149312196962e-12,5.433977867020987e-12,5.446462590007605e-12,5.458947297584409e-12,5.471431982822403e-12,5.48391665238553e-12,5.49640129986651e-12,5.508885931715872e-12,5.521370541391283e-12,5.533855135633754e-12,5.5463397075481214e-12,5.55882426399276e-12,5.5713087981319945e-12,5.5837933168169e-12,5.596277817720548e-12,5.608762293622309e-12,5.621246755524895e-12,5.633731198993967e-12,5.646215623835902e-12,5.658700022683598e-12,5.671184409805848e-12,5.683668778560817e-12,5.696153127888432e-12,5.7086374511906335e-12,5.7211217619085166e-12,5.733606054249905e-12,5.746090322372555e-12,5.758574576464483e-12,5.771058808387607e-12,5.783543024805585e-12,5.796027218943687e-12,5.808511398139725e-12,5.820995558773581e-12,5.833479700283426e-12,5.845963815737024e-12,5.858447918772355e-12,5.870931999510569e-12,5.883416064576292e-12,5.895900107530758e-12,5.908384134802028e-12,5.920868139965876e-12,5.933352129551437e-12,5.9458360969514095e-12,5.958320048535028e-12,5.970803978167629e-12,5.983287891338822e-12,5.995771786793323e-12,6.008255658135435e-12,6.0207395153257885e-12,6.033223350414767e-12,6.045707170156712e-12,6.058190971286693e-12,6.07067474812929e-12,6.083158511001762e-12,6.095642254284216e-12,6.108125974470366e-12,6.120609678686006e-12,6.133093366074436e-12,6.145577034426845e-12,6.15806067899275e-12,6.170544307601209e-12,6.1830279174355696e-12,6.195511510740992e-12,6.207995084895704e-12,6.220478634980336e-12,6.232962169072076e-12,6.245445684393315e-12,6.257929180815349e-12,6.2704126583340745e-12,6.282896118723813e-12,6.295379560531213e-12,6.307862978255108e-12,6.320346380023856e-12,6.332829765274378e-12,6.345313127839045e-12,6.3577964749665345e-12,6.370279799730153e-12,6.382763108946938e-12,6.395246399881305e-12,6.407729666390766e-12,6.420212916911374e-12,6.43269615061103e-12,6.445179361940496e-12,6.457662557745982e-12,6.4701457312578215e-12,6.48262888929011e-12,6.495112028645137e-12,6.507595143924475e-12,6.520078243179137e-12,6.532561325450149e-12,6.545044389202661e-12,6.5575274287761695e-12,6.570010454317545e-12,6.582493457616297e-12,6.59497644529666e-12,6.607459410817505e-12,6.619942360675467e-12,6.632425291994231e-12,6.6449081992868164e-12,6.657391092440774e-12,6.669873963382299e-12,6.682356818941528e-12,6.694839656113233e-12,6.707322468774083e-12,6.719805266702693e-12,6.7322880430793836e-12,6.7447708039301e-12,6.7572535459596e-12,6.769736264116497e-12,6.782218968102061e-12,6.794701649907981e-12,6.807184316227816e-12,6.819666960173427e-12,6.832149586665333e-12,6.844632197188804e-12,6.85711478825341e-12,6.86959735504292e-12,6.8820799084041236e-12,6.894562442442247e-12,6.907044952481917e-12,6.919527446487525e-12,6.932009921697725e-12,6.944492377994215e-12,6.95697481726172e-12,6.969457237922387e-12,6.981939634441976e-12,6.994422016780267e-12,7.006904376994322e-12,7.0193867197081154e-12,7.031869045105663e-12,7.044351352105324e-12,7.056833635132827e-12,7.06931590403588e-12,7.0817981507025014e-12,7.094280381452672e-12,7.106762593641985e-12,7.119244782021013e-12,7.131726954371315e-12,7.144209109794907e-12,7.156691246613156e-12,7.169173359310458e-12,7.1816554578398746e-12,7.194137534189656e-12,7.206619593060812e-12,7.219101633068367e-12,7.231583654152484e-12,7.244065656311326e-12,7.256547642253196e-12,7.269029605070808e-12,7.281511552126799e-12,7.293993477091467e-12,7.3064753864397e-12,7.31895727355401e-12,7.331439145282373e-12,7.3439209945316e-12,7.356402828131382e-12,7.36888463956715e-12,7.381366435543827e-12,7.393848212750252e-12,7.406329965872856e-12,7.418811704786139e-12,7.431293425836838e-12,7.443775122167848e-12,7.456256804466347e-12,7.468738468315496e-12,7.481220107839914e-12,7.493701733235801e-12,7.50618333640266e-12,7.518664924054955e-12,7.53114649280604e-12,7.543628042877214e-12,7.556109567332365e-12,7.568591080028017e-12,7.581072569595301e-12,7.593554043339176e-12,7.606035498696216e-12,7.618516929971176e-12,7.630998345170522e-12,7.643479743747603e-12,7.655961119742676e-12,7.668442481135363e-12,7.68092382298128e-12,7.69340514066146e-12,7.705886444455273e-12,7.718367725747512e-12,7.730848992256878e-12,7.743330239441357e-12,7.755811462471832e-12,7.768292671048562e-12,7.78077385767076e-12,7.793255026764175e-12,7.805736178490663e-12,7.818217308305257e-12,7.830698420583596e-12,7.843179515756087e-12,7.855660588752644e-12,7.86814164421286e-12,7.88062268079406e-12,7.89310369843731e-12,7.905584699078593e-12,7.918065682071736e-12,7.930546644275034e-12,7.943027581714268e-12,7.955508505087233e-12,7.967989409324457e-12,7.980470291424798e-12,7.992951161486476e-12,8.005432009956404e-12,8.017912835213813e-12,8.030393644875818e-12,8.04287443621293e-12,8.055355204647908e-12,8.067835956974267e-12,8.080316692358762e-12,8.092797405458095e-12,8.105278104173493e-12,8.117758783005061e-12,8.13023943777382e-12,8.142720078215816e-12,8.155200696603232e-12,8.167681297432184e-12,8.180161881103586e-12,8.192642442631797e-12,8.205122988211334e-12,8.217603514737524e-12,8.230084017987986e-12,8.242564507283294e-12,8.255044974080307e-12,8.267525424844916e-12,8.280005853757555e-12,8.292486265110123e-12,8.304966659417278e-12,8.317447031495066e-12,8.329927385998859e-12,8.342407723652316e-12,8.354888038852347e-12,8.367368336504465e-12,8.379848617305703e-12,8.39232887565185e-12,8.404809118675745e-12,8.41728934334134e-12,8.429769543395006e-12,8.44224972912048e-12,8.45472989271708e-12,8.46721004063071e-12,8.479690169968831e-12,8.492170275209376e-12,8.504650366164507e-12,8.517130434996526e-12,8.529610488130276e-12,8.542090522690437e-12,8.554570533195253e-12,8.567050529784048e-12,8.57953050784746e-12,8.592010467196991e-12,8.604490400457607e-12,8.616970320719518e-12,8.629450222516386e-12,8.64193010560338e-12,8.654409963027906e-12,8.6668898073311e-12,8.679369633171077e-12,8.691849439965958e-12,8.704329221561763e-12,8.716808990361326e-12,8.729288740690079e-12,8.741768472314662e-12,8.754248178107229e-12,8.766727871298604e-12,8.779207545586045e-12,8.791687195913876e-12,8.804166833543091e-12,8.816646451159421e-12,8.82912604459957e-12,8.841605623055553e-12,8.854085180061023e-12,8.866564720911543e-12,8.879044243509524e-12,8.891523742162422e-12,8.904003226461025e-12,8.91648269214657e-12,8.928962133947543e-12,8.941441561230643e-12,8.953920969398142e-12,8.966400354290562e-12,8.978879722555849e-12,8.9913590742064e-12,9.003838402174855e-12,9.016317714745742e-12,9.028797008323538e-12,9.041276284722516e-12,9.053755539013208e-12,9.066234776219562e-12,9.078713994339388e-12,9.091193184086123e-12,9.103672364752718e-12,9.116151526155139e-12,9.128630664455622e-12,9.14110978812072e-12,9.153588889958486e-12,9.16606797587852e-12,9.178547043257479e-12,9.19102609189766e-12,9.203505115010562e-12,9.21598412481389e-12,9.228463112838733e-12,9.240942084941564e-12,9.25342103502835e-12,9.265899969243301e-12,9.278378886462283e-12,9.29085778324325e-12,9.3033366545899e-12,9.315815512891409e-12,9.328294352926374e-12,9.340773173780802e-12,9.353251969279608e-12,9.365730752822222e-12,9.378209513169397e-12,9.39068825764597e-12,9.403166980056763e-12,9.415645686656677e-12,9.42812437114158e-12,9.440603039854532e-12,9.453081686391285e-12,9.465560316720235e-12,9.478038925294428e-12,9.490517517929278e-12,9.50299608855332e-12,9.51547464315644e-12,9.527953175828475e-12,9.540431690884598e-12,9.552910188723523e-12,9.56538866807104e-12,9.57786712341764e-12,9.590345563217206e-12,9.602823982012154e-12,9.61530238486856e-12,9.627780765730857e-12,9.640259131294707e-12,9.652737477731176e-12,9.665215800254951e-12,9.67769410804622e-12,9.690172396365735e-12,9.702650661976089e-12,9.715128913059085e-12,9.727607145293077e-12,9.740085353950596e-12,9.752563548030942e-12,9.765041720100157e-12,9.777519876581493e-12,9.789998010681622e-12,9.802476128899984e-12,9.814954228598348e-12,9.827432304378987e-12,9.839910365781491e-12,9.852388404978746e-12,9.864866428491065e-12,9.87734442974013e-12,9.889822414884487e-12,9.902300378139456e-12,9.914778325509714e-12,9.927256254206062e-12,9.939734159151623e-12,9.952212049201583e-12,9.964689921463884e-12,9.977167769434992e-12,9.989645602662347e-12,1.0002123414043282e-11,1.0014601207781787e-11,1.0027078984462728e-11,1.0039556742366845e-11,1.005203448146239e-11,1.0064512195160972e-11,1.0076989895744802e-11,1.0089467577609265e-11,1.0101945235677052e-11,1.0114422880030262e-11,1.0126900505798186e-11,1.0139378106932329e-11,1.015185569322133e-11,1.0164333260944426e-11,1.0176810807376856e-11,1.018928833112798e-11,1.0201765841738573e-11,1.021424333030756e-11,1.0226720800529821e-11,1.023919825464324e-11,1.0251675684806127e-11,1.026415310043293e-11,1.0276630494069639e-11,1.0289107871801676e-11,1.0301585230932993e-11,1.031406256616875e-11,1.032653988644119e-11,1.0339017188562052e-11,1.0351494466830442e-11,1.0363971730950302e-11,1.037644897260598e-11,1.038892619880982e-11,1.0401403402463606e-11,1.041388059064151e-11,1.0426357759426246e-11,1.043883491016335e-11,1.0451312035070973e-11,1.0463789145895216e-11,1.0476266239460396e-11,1.0488743308756575e-11,1.0501220363974526e-11,1.0513697399995872e-11,1.0526174412292935e-11,1.0538651408830743e-11,1.0551128387751433e-11,1.0563605343081349e-11,1.0576082282053768e-11,1.058855920213954e-11,1.0601036104977552e-11,1.061351298861338e-11,1.06259898489529e-11,1.0638466693957308e-11,1.0650943521637956e-11,1.0663420324929335e-11,1.0675897113649985e-11,1.068837388034133e-11,1.0700850633481755e-11,1.071332736216887e-11,1.072580407475801e-11,1.0738280765437217e-11,1.0750757440077561e-11,1.0763234099767353e-11,1.077571073211269e-11,1.0788187349700962e-11,1.0800663945369968e-11,1.0813140525078757e-11,1.0825617082759833e-11,1.0838093624124565e-11,1.0850570147142037e-11,1.0863046646444112e-11,1.0875523131135118e-11,1.0887999597331245e-11,1.0900476039598803e-11,1.0912952467331651e-11,1.0925428876453912e-11,1.0937905261710019e-11,1.0950381632469442e-11,1.0962857981066058e-11,1.0975334313837656e-11,1.098781062442055e-11,1.1000286918585262e-11,1.1012763191135516e-11,1.1025239447630376e-11,1.1037715685312253e-11,1.1050191899433707e-11,1.1062668098639474e-11,1.1075144279568646e-11,1.1087620436681242e-11,1.1100096579168994e-11,1.1112572703042822e-11,1.112504880311855e-11,1.1137524888664054e-11,1.1150000952109996e-11,1.116247699947959e-11,1.1174953028720325e-11,1.1187429033769876e-11,1.1199905021763619e-11,1.1212380993543156e-11,1.1224856941517819e-11,1.1237332874919142e-11,1.1249808786273569e-11,1.1262284681519795e-11,1.1274760558059361e-11,1.1287236411034253e-11,1.1299712249290787e-11,1.1312188068946461e-11,1.1324663869580625e-11,1.1337139645138732e-11,1.1349615407196795e-11,1.1362091147402677e-11,1.1374566871607465e-11,1.138704257693075e-11,1.1399518258709274e-11,1.1411993925634561e-11,1.1424469574903795e-11,1.1436945199703907e-11,1.144942080830151e-11,1.1461896400038946e-11,1.1474371967739057e-11,1.148684752078966e-11,1.1499323055613807e-11,1.1511798566230993e-11,1.152427406221548e-11,1.1536749540214924e-11,1.1549224993822953e-11,1.1561700432491371e-11,1.1574175852987657e-11,1.1586651249531218e-11,1.1599126630465615e-11,1.1611601994747117e-11,1.1624077338765852e-11,1.1636552657822195e-11,1.1649027963101855e-11,1.1661503246807834e-11,1.1673978514146248e-11,1.1686453762813771e-11,1.1698928992682307e-11,1.1711404197597826e-11,1.1723879388738848e-11,1.1736354561334073e-11,1.1748829715111667e-11,1.1761304843947239e-11,1.1773779958725112e-11,1.1786255058217145e-11,1.179873013895434e-11,1.1811205197838259e-11,1.1823680230299733e-11,1.1836155251319276e-11,1.1848630252424092e-11,1.186110523444572e-11,1.187358019206799e-11,1.1886055137788531e-11,1.1898530063810343e-11,1.1911004965659811e-11,1.1923479855555117e-11,1.1935954724042128e-11,1.1948429568831332e-11,1.1960904397634134e-11,1.1973379208975555e-11,1.1985853996645251e-11,1.1998328769713743e-11,1.2010803520673707e-11,1.2023278255070262e-11,1.2035752971252374e-11,1.2048227663780953e-11,1.2060702339244892e-11,1.2073176995043311e-11,1.2085651634636743e-11,1.209812625535713e-11,1.2110600857272517e-11,1.212307543430807e-11,1.2135550000723962e-11,1.2148024548522083e-11,1.2160499074336442e-11,1.2172973575228223e-11,1.218544806236734e-11,1.2197922530818657e-11,1.2210396980665337e-11,1.2222871405414215e-11,1.2235345816615105e-11,1.2247820205949382e-11,1.2260294578985519e-11,1.227276893023074e-11,1.228524326720618e-11,1.229771758277046e-11,1.2310191875567683e-11,1.2322666154268053e-11,1.2335140413710923e-11,1.2347614649443087e-11,1.2360088868493065e-11,1.2372563070450712e-11,1.238503724903292e-11,1.2397511411676483e-11,1.240998555349992e-11,1.2422459679094213e-11,1.2434933786416018e-11,1.2447407869811305e-11,1.245988193836317e-11,1.2472355993180193e-11,1.2484830019454393e-11,1.2497304029135666e-11,1.2509778020940026e-11,1.2522251997919221e-11,1.2534725946726926e-11,1.2547199885147465e-11,1.2486623872059039e-11,1.2484034102730849e-11,1.2483923333318875e-11,1.2483918544919953e-11,1.2483918287433298e-11,1.2483918223700827e-11,1.2483918168048498e-11,1.2483918112861993e-11,1.2483918057767854e-11,1.248391800254788e-11,1.2483917947375472e-11,1.2483917892226811e-11,1.2483917837166335e-11,1.2483917782030374e-11,1.2483917726844365e-11,1.2483917671695091e-11,1.2483917616598584e-11,1.2483917561461346e-11,1.2483917506344779e-11,1.2483917451233541e-11,1.2483917396086343e-11,1.2483917341049943e-11,1.2483917285937118e-11,1.248391723088968e-11,1.2483917175756567e-11,1.2483917120696546e-11,1.2483917065625785e-11,1.2483917010533162e-11,1.2483916955462005e-11,1.2483916900420427e-11,1.2483916845365822e-11,1.2483916790283385e-11,1.2483916735250718e-11,1.2483916680186057e-11,1.2483916625129315e-11,1.2483916570086185e-11,1.248391651507697e-11,1.248391646004658e-11,1.2483916405019888e-11,1.2483916349997154e-11,1.2483916294978932e-11,1.248391623994891e-11,1.2483916184956905e-11,1.2483916129936694e-11,1.2483916074950269e-11,1.2483916019929688e-11,1.2483915964957447e-11,1.2483915909979319e-11,1.2483915854971526e-11,1.2483915800009612e-11,1.2483915745130464e-11,1.248391569016815e-11,1.2483915635123501e-11,1.2483915580149519e-11,1.2483915525189697e-11,1.248391547023461e-11,1.2483915415283574e-11,1.2483915360336935e-11,1.2483915305429274e-11,1.2483915250496275e-11,1.2483915195533007e-11,1.2483915140636265e-11,1.2483915085682597e-11,1.248391503075983e-11,1.2483914975876452e-11,1.2483914920939268e-11,1.2483914866033649e-11,1.248391481116265e-11,1.2483914756242393e-11,1.2483914701350886e-11,1.2483914646465192e-11,1.2483914591584125e-11,1.248391453665575e-11,1.2483914481836293e-11,1.2483914426972275e-11,1.2483914372110505e-11,1.2483914317310702e-11,1.2483914262404172e-11,1.2483914207553018e-11,1.2483914152708452e-11,1.24839140978686e-11,1.2483914043032746e-11,1.2483913988201428e-11,1.2483913933374496e-11,1.2483913878536545e-11,1.2483913823717497e-11,1.2483913768903375e-11,1.2483913714092123e-11,1.2483913659303708e-11,1.2483913604486325e-11,1.2483913549706242e-11,1.2483913494914559e-11,1.2483913440126547e-11,1.2483913385338236e-11,1.2483913330613766e-11,1.248391327575407e-11,1.2483913220995819e-11,1.248391316626614e-11,1.248391311148193e-11,1.2483913056718907e-11,1.248391300194752e-11,1.2483912947248019e-11,1.2483912892467424e-11,1.2483912837720858e-11,1.2483912782979588e-11,1.2483912728252441e-11,1.2483912673510628e-11,1.2483912618820857e-11,1.2483912564063791e-11,1.2483912509352136e-11,1.2483912454627402e-11,1.2483912399915663e-11,1.248391234521808e-11,1.2483912290546574e-11,1.2483912235813004e-11,1.2483912181117124e-11,1.248391212642682e-11,1.2483912071750493e-11,1.2483912017059671e-11,1.2483911962381675e-11,1.248391190770822e-11,1.248391185303913e-11,1.2483911798374252e-11,1.2483911743713606e-11,1.2483911689096258e-11,1.248391163441076e-11,1.2483911579771567e-11,1.2483911525117853e-11,1.2483911470477757e-11,1.2483911415842172e-11,1.248391136121075e-11,1.2483911306583538e-11,1.2483911251970255e-11,1.2483911197342216e-11,1.2483911142727146e-11,1.2483911088116705e-11,1.2483911033510428e-11,1.2483910978908278e-11,1.2483910924310157e-11,1.2483910869716528e-11,1.2483910815136176e-11,1.2483910760541665e-11,1.2483910705959835e-11,1.2483910651381783e-11,1.248391059680776e-11,1.2483910542248252e-11,1.2483910487683965e-11,1.2483910433291238e-11,1.2483910378659909e-11,1.2483910324114343e-11,1.2483910269555167e-11,1.2483910215009632e-11,1.2483910160479784e-11,1.2483910105944304e-11,1.2483910051411768e-11,1.2483909996890798e-11,1.2483909942350273e-11,1.2483909887839355e-11,1.2483909833313924e-11,1.2483909778811308e-11,1.2483909724304626e-11,1.2483909669790923e-11,1.2483909615275544e-11,1.248390956079483e-11,1.2483909506303287e-11,1.2483909451815354e-11,1.2483909397323116e-11,1.248390934285505e-11,1.2483909288380836e-11,1.2483909233910319e-11,1.2483909179452896e-11,1.2483909124990898e-11,1.2483909070596923e-11,1.2483909016076544e-11,1.2483908961607397e-11,1.2483908907176732e-11,1.2483908852735034e-11,1.2483908798296906e-11,1.2483908743862838e-11,1.2483908689432719e-11,1.2483908635006556e-11,1.2483908580584532e-11,1.2483908526150523e-11,1.2483908471761168e-11,1.2483908417343122e-11,1.2483908363082164e-11,1.2483908308647804e-11,1.2483908254248609e-11,1.2483908199854622e-11,1.2483908145464815e-11,1.2483908091078716e-11,1.2483908036680932e-11,1.2483907982318097e-11,1.248390792794476e-11,1.2483907873574897e-11,1.2483907819218392e-11,1.2483907764831641e-11,1.248390771048814e-11,1.2483907656134708e-11,1.2483907601780027e-11,1.2483907547429336e-11,1.2483907493082631e-11,1.2483907438744433e-11,1.2483907384410203e-11,1.2483907330079955e-11,1.2483907275753666e-11,1.2483907221440066e-11,1.248390716711317e-11,1.2483907112798488e-11,1.2483907058487844e-11,1.2483907004181293e-11,1.2483906949887285e-11,1.2483906895580269e-11,1.2483906841285064e-11,1.2483906786995827e-11,1.2483906732716636e-11,1.2483906678427592e-11,1.2483906624156635e-11,1.2483906569875008e-11,1.2483906515611867e-11,1.2483906461327653e-11,1.2483906407070714e-11,1.2483906352810349e-11,1.2483906298553545e-11,1.2483906244300648e-11,1.248390619005153e-11,1.2483906135815852e-11,1.2483906081559438e-11,1.2483906027322412e-11,1.2483905973097388e-11,1.2483905918868183e-11,1.2483905864642533e-11,1.2483905810561275e-11,1.2483905756312703e-11,1.2483905702097389e-11,1.2483905647887067e-11,1.2483905593680693e-11,1.2483905539478218e-11,1.2483905485279588e-11,1.2483905431094022e-11,1.2483905376904537e-11,1.2483905322709319e-11,1.248390526852573e-11,1.2483905214355599e-11,1.2483905160172447e-11,1.2483905106000358e-11,1.2483905051832501e-11,1.2483904997668515e-11,1.2483904943508426e-11,1.248390488935213e-11,1.2483904835199662e-11,1.2483904781044105e-11,1.2483904726906761e-11,1.2483904672766208e-11,1.2483904618628917e-11,1.2483904564495605e-11,1.2483904510365916e-11,1.2483904456240105e-11,1.2483904402127071e-11,1.2483904348010177e-11,1.2483904293896939e-11,1.248390423977839e-11,1.2483904185671337e-11,1.24839041315681e-11,1.2483904077468952e-11,1.2483904023373444e-11,1.2483903969281653e-11,1.248390391519385e-11,1.2483903861109585e-11,1.248390380702926e-11,1.2483903752962366e-11,1.2483903699016576e-11,1.2483903644918138e-11,1.2483903590986638e-11,1.2483903536896271e-11,1.2483903482837054e-11,1.2483903428770138e-11,1.2483903374733177e-11,1.2483903320674799e-11,1.2483903266644925e-11,1.24839032126154e-11,1.2483903158572255e-11,1.2483903104540185e-11,1.2483903050512082e-11,1.2483902996488064e-11,1.2483902942467564e-11,1.2483902888450839e-11,1.2483902834446272e-11,1.2483902780438837e-11,1.2483902726425321e-11,1.2483902672411484e-11,1.2483902618425304e-11,1.2483902564439724e-11,1.2483902510450869e-11,1.2483902456444024e-11,1.2483902402460797e-11,1.2483902348493994e-11,1.2483902294526818e-11,1.2483902240556306e-11,1.2483902186567657e-11,1.248390213261502e-11,1.2483902078654194e-11,1.2483902024696647e-11,1.2483901970742722e-11,1.2483901916792426e-11,1.2483901862853967e-11,1.248390180889256e-11,1.2483901755243487e-11,1.248390170158648e-11,1.248390164764296e-11,1.2483901594004558e-11,1.2483901540068692e-11,1.2483901486437217e-11,1.2483901432797505e-11,1.248390137900955e-11,1.2483901325351018e-11,1.2483901271720154e-11,1.2483901217942814e-11,1.2483901164146414e-11,1.2483901110499665e-11,1.2483901056882652e-11,1.2483901003285342e-11,1.2483900949677698e-11,1.2483900896072857e-11,1.2483900842456045e-11,1.248390078885679e-11,1.248390073526139e-11,1.2483900681669398e-11,1.248390062808089e-11,1.2483900574495834e-11,1.2483900520914205e-11,1.2483900467335914e-11,1.2483900413761088e-11,1.2483900360189756e-11,1.2483900306621852e-11,1.2483900252909872e-11,1.248390019932304e-11,1.2483900145764218e-11,1.2483900092209832e-11,1.2483900038658893e-11,1.2483899985111348e-11,1.2483899931567207e-11,1.2483899878026463e-11,1.2483899824489095e-11,1.248389977095517e-11,1.2483899717424672e-11,1.248389966389746e-11,1.2483899610373792e-11,1.2483899556853328e-11,1.24838995033363e-11,1.2483899449822643e-11,1.2483899396312581e-11,1.2483899342805592e-11,1.2483899289302193e-11,1.2483899235802188e-11,1.2483899182305457e-11,1.2483899128811998e-11,1.248389907533649e-11,1.2483899021836712e-11,1.2483898968352852e-11,1.2483898914887561e-11,1.2483898861383372e-11,1.2483898807803894e-11,1.2483898754301908e-11,1.2483898700833839e-11,1.2483898647370556e-11,1.2483898593947731e-11,1.2483898540502453e-11,1.2483898487022746e-11,1.2483898433571747e-11,1.24838983801252e-11,1.2483898326681924e-11,1.2483898273242022e-11,1.2483898219805615e-11,1.2483898166372352e-11,1.2483898112942483e-11,1.2483898059515878e-11,1.248389800609262e-11,1.2483897952672666e-11,1.2483897899255917e-11,1.248389784585853e-11,1.2483897792435805e-11,1.2483897739064504e-11,1.2483897685636377e-11,1.2483897632235133e-11,1.2483897578838534e-11,1.2483897525445119e-11,1.2483897472054811e-11,1.2483897418667815e-11,1.2483897365153712e-11,1.248389731175656e-11,1.2483897258380851e-11,1.2483897204993871e-11,1.2483897151622811e-11,1.248389709827109e-11,1.2483897044894497e-11,1.2483896991425429e-11,1.2483896938041048e-11,1.2483896884688193e-11,1.2483896831324116e-11,1.2483896777976194e-11,1.2483896724647112e-11,1.2483896671293746e-11,1.2483896617955615e-11,1.2483896564621114e-11,1.2483896511306908e-11,1.2483896457835965e-11,1.2483896404479017e-11,1.2483896351156149e-11,1.2483896297837792e-11,1.2483896244539747e-11,1.2483896191214615e-11,1.2483896137919045e-11,1.2483896084452729e-11,1.2483896030979522e-11,1.2483895977658899e-11,1.2483895924377446e-11,1.2483895871072958e-11,1.248389581778331e-11,1.2483895764497597e-11,1.2483895711214971e-11,1.248389565793546e-11,1.2483895604659261e-11,1.2483895551386243e-11,1.2483895498116463e-11,1.2483895444849893e-11,1.2483895391586643e-11,1.248389533832633e-11,1.248389528506942e-11,1.248389523181572e-11,1.2483895178565209e-11,1.2483895125318005e-11,1.2483895072073914e-11,1.2483895018832957e-11,1.2483894965611307e-11,1.2483894912363682e-11,1.248389485913177e-11,1.2483894805903473e-11,1.2483894752678927e-11,1.2483894699457069e-11,1.2483894646238409e-11,1.2483894593022956e-11,1.2483894539810587e-11,1.2483894486601434e-11,1.2483894433411212e-11,1.2483894380195673e-11,1.2483894326995686e-11,1.2483894273814768e-11,1.2483894220624234e-11,1.2483894167436277e-11,1.2483894114235832e-11,1.2483894061051458e-11,1.2483894007870925e-11,1.2483893954693259e-11,1.2483893901518866e-11,1.2483893848347567e-11,1.248389379517947e-11,1.248389374201454e-11,1.2483893688852802e-11,1.2483893635694075e-11,1.2483893582538484e-11,1.2483893529385983e-11,1.2483893476236838e-11,1.248389342310454e-11,1.2483893369804283e-11,1.2483893316644034e-11,1.2483893263506493e-11,1.2483893210372745e-11,1.2483893157242194e-11,1.2483893104114854e-11,1.2483893050990576e-11,1.2483892997869362e-11,1.248389294475127e-11,1.2483892891636243e-11,1.2483892838524583e-11,1.2483892785415777e-11,1.2483892732310093e-11,1.2483892679207478e-11,1.2483892626108051e-11,1.248389257301148e-11,1.2483892519918139e-11,1.2483892466827978e-11,1.2483892413740785e-11,1.248389236065681e-11,1.2483892307404174e-11,1.2483892254154766e-11,1.2483892200908528e-11,1.2483892147665525e-11,1.2483892094425662e-11,1.2483892041189053e-11,1.24838919879557e-11,1.248389193472547e-11,1.248389188149847e-11,1.248389182827464e-11,1.248389177505393e-11,1.2483891721836474e-11,1.2483891668622129e-11,1.2483891615411066e-11,1.2483891562195052e-11,1.2483891508999332e-11,1.2483891455790033e-11,1.2483891402600582e-11,1.2483891349405735e-11,1.2483891296213787e-11,1.248389124302488e-11,1.2483891189839155e-11,1.2483891136656589e-11,1.2483891083477315e-11,1.2483891030300996e-11,1.2483890977127756e-11,1.2483890923957762e-11,1.2483890870777647e-11,1.2483890817658213e-11,1.2483890764506149e-11,1.2483890711321195e-11,1.2483890658175e-11,1.2483890605011153e-11,1.2483890551881103e-11,1.2483890498736983e-11,1.2483890445595386e-11,1.2483890392456845e-11,1.2483890339321283e-11,1.2483890286181121e-11,1.2483890233060635e-11,1.2483890179934964e-11,1.2483890126811966e-11,1.2483890073692181e-11,1.248389002056807e-11,1.2483889967454535e-11,1.2483889914345213e-11,1.2483889861269977e-11,1.2483889808149236e-11,1.248388975507306e-11,1.2483889701982209e-11,1.2483889648859399e-11,1.2483889595776172e-11,1.2483889542713022e-11,1.2483889489634541e-11,1.2483889436556891e-11,1.2483889383484521e-11,1.2483889330381058e-11,1.2483889277355132e-11,1.2483889224298693e-11,1.2483889171196025e-11,1.24838891181392e-11,1.2483889065078292e-11,1.2483889012046627e-11,1.248388895897253e-11,1.2483888905911352e-11,1.2483888852910882e-11,1.2483888799839229e-11,1.2483888746795342e-11,1.248388869379457e-11,1.2483888640731791e-11,1.2483888587697064e-11,1.248388853466638e-11,1.2483888481638761e-11,1.2483888428614148e-11,1.2483888375615936e-11,1.2483888322580443e-11,1.2483888269564268e-11,1.248388821655178e-11,1.2483888163542382e-11,1.2483888110536042e-11,1.2483888057532554e-11,1.2483888004532333e-11,1.2483887951535096e-11,1.2483887898540847e-11,1.2483887845549484e-11,1.2483887792561233e-11,1.2483887739614034e-11,1.248388768664453e-11,1.248388763367687e-11,1.2483887580674032e-11,1.2483887527699594e-11,1.248388747472935e-11,1.2483887421762086e-11,1.2483887368797781e-11,1.2483887315836496e-11,1.248388726287827e-11,1.248388720992303e-11,1.248388715697077e-11,1.248388710402143e-11,1.2483887051075088e-11,1.2483886998131779e-11,1.2483886945228488e-11,1.248388689226594e-11,1.2483886839330473e-11,1.248388678643588e-11,1.2483886733482321e-11,1.2483886680555722e-11,1.2483886627633025e-11,1.248388657471339e-11,1.248388652179676e-11,1.2483886468883006e-11,1.2483886415964687e-11,1.2483886363065004e-11,1.2483886310160568e-11,1.248388625725123e-11,1.2483886204360198e-11,1.2483886151457152e-11,1.2483886098564825e-11,1.2483886045683147e-11,1.2483885992796256e-11,1.2483885939912012e-11,1.2483885887030497e-11,1.2483885834152123e-11,1.2483885781276818e-11,1.248388572840427e-11,1.2483885675534624e-11,1.248388562266783e-11,1.2483885569804081e-11,1.2483885516943259e-11,1.2483885464085297e-11,1.2483885411230184e-11,1.2483885358399422e-11,1.2483885305525546e-11,1.2483885252687972e-11,1.248388519984492e-11,1.248388514699695e-11,1.2483885094167342e-11,1.2483885041332894e-11,1.2483884988493629e-11,1.2483884935665345e-11,1.248388488284737e-11,1.2483884830024555e-11,1.2483884777204265e-11,1.2483884724386908e-11,1.2483884671607082e-11,1.2483884618771195e-11,1.2483884565954088e-11,1.2483884513147592e-11,1.2483884460354191e-11,1.2483884407546506e-11,1.2483884354750474e-11,1.2483884301955967e-11,1.248388424916613e-11,1.2483884196379041e-11,1.2483884143594077e-11,1.2483884090819222e-11,1.2483884038031866e-11,1.2483883985262926e-11,1.24838839324888e-11,1.2483883879709414e-11,1.2483883826949067e-11,1.2483883774176279e-11,1.2483883721414252e-11,1.2483883668654354e-11,1.248388361590495e-11,1.2483883563142793e-11,1.2483883510392828e-11,1.2483883457651242e-11,1.248388340490548e-11,1.2483883352162219e-11,1.2483883299421842e-11,1.2483883246677037e-11,1.2483883193943281e-11,1.2483883141218723e-11,1.248388308848973e-11,1.2483883035763475e-11,1.2483882983039934e-11,1.2483882930319214e-11,1.2483882877601312e-11,1.2483882824886255e-11,1.2483882772174134e-11,1.2483882719464575e-11,1.2483882666757854e-11,1.2483882614053985e-11,1.2483882561352794e-11,1.2483882508654541e-11,1.2483882455958992e-11,1.2483882403266425e-11,1.2483882350569411e-11,1.2483882297889688e-11,1.2483882245198007e-11,1.2483882192517565e-11,1.2483882139867419e-11,1.2483882087168687e-11,1.2483882034494537e-11,1.2483881981852263e-11,1.2483881929162616e-11,1.2483881876504405e-11,1.2483881823842475e-11,1.2483881771183184e-11,1.2483881718518839e-11,1.2483881665873021e-11,1.2483881613222123e-11,1.2483881560566719e-11,1.248388150792848e-11,1.2483881455278191e-11,1.2483881402646091e-11,1.2483881350001604e-11,1.2483881297367457e-11,1.2483881244764281e-11,1.2483881192119807e-11,1.2483881139492686e-11,1.2483881086861997e-11,1.2483881034248293e-11,1.2483880981630325e-11,1.2483880929014815e-11,1.2483880876401997e-11,1.248388082379192e-11,1.2483880771184497e-11,1.2483880718579825e-11,1.2483880665977773e-11,1.2483880613378596e-11,1.2483880560782152e-11,1.2483880508188348e-11,1.2483880455597224e-11,1.248388040300886e-11,1.2483880350423175e-11,1.2483880297840273e-11,1.2483880245259997e-11,1.2483880192682385e-11,1.248388014010067e-11,1.2483880087535673e-11,1.2483880034966397e-11,1.2483879982399636e-11,1.248387992983551e-11,1.2483879877274095e-11,1.2483879824715361e-11,1.248387977215931e-11,1.2483879719606023e-11,1.2483879667055365e-11,1.2483879614507314e-11,1.248387956196192e-11,1.2483879509419263e-11,1.2483879456879288e-11,1.2483879404341972e-11,1.2483879351807298e-11,1.2483879299275308e-11,1.2483879246745948e-11,1.2483879194219232e-11,1.2483879141695215e-11,1.2483879089173885e-11,1.2483879036655204e-11,1.2483878984139169e-11,1.248387893162572e-11,1.2483878879115018e-11,1.2483878826606914e-11,1.2483878774101473e-11,1.2483878721591944e-11,1.248387866909213e-11,1.248387861660187e-11,1.2483878564107242e-11,1.2483878511614929e-11,1.2483878459125348e-11,1.2483878406656526e-11,1.2483878354157975e-11,1.248387830169378e-11,1.248387824920064e-11,1.2483878196723532e-11,1.24838781442429e-11,1.2483878091778603e-11,1.2483878039310332e-11,1.2483877986837577e-11,1.248387793438109e-11,1.2483877881920607e-11,1.2483877829480269e-11,1.2483877777010805e-11,1.2483877724557187e-11,1.2483877672106812e-11,1.248387761965244e-11,1.2483877567214198e-11,1.2483877514765325e-11,1.2483877462332099e-11,1.2483877409895052e-11,1.2483877357460327e-11,1.2483877305028136e-11,1.2483877252598518e-11,1.2483877200171474e-11,1.2483877147747022e-11,1.2483877095318569e-11,1.2483877042906124e-11,1.2483876990507176e-11,1.2483876938079321e-11,1.2483876885667219e-11,1.2483876833258138e-11,1.2483876780851672e-11,1.2483876728441255e-11,1.2483876676064058e-11,1.2483876623669439e-11,1.2483876571259069e-11,1.2483876518864872e-11,1.2483876466473798e-11,1.24838764140853e-11,1.2483876361728488e-11,1.2483876309324122e-11,1.2483876256942385e-11,1.248387620456409e-11,1.2483876152188276e-11,1.2483876099815067e-11,1.2483876047444493e-11,1.2483875995069895e-11,1.2483875942711007e-11,1.2483875890348303e-11,1.2483875837981379e-11,1.2483875785630003e-11,1.2483875733274888e-11,1.2483875680921963e-11,1.2483875628571566e-11,1.2483875576223595e-11,1.24838755238719e-11,1.2483875471535707e-11,1.248387541918936e-11,1.2483875366851868e-11,1.2483875314523509e-11,1.248387526219107e-11,1.248387520986085e-11,1.2483875157533167e-11,1.248387510520794e-11,1.2483875052885238e-11,1.2483875000565016e-11,1.248387494824733e-11,1.2483874895932101e-11,1.2483874843619406e-11,1.2483874791309218e-11,1.248387473900151e-11,1.2483874686696332e-11,1.2483874634393526e-11,1.248387458209335e-11,1.2483874529795534e-11,1.2483874477528098e-11,1.2483874425214931e-11,1.248387437292376e-11,1.24838743206359e-11,1.2483874268350555e-11,1.2483874216067811e-11,1.2483874163781046e-11,1.2483874111509579e-11,1.248387405923451e-11,1.2483874006961548e-11,1.2483873954690953e-11,1.2483873902422882e-11,1.248387385015726e-11,1.2483873797894178e-11,1.2483873745633467e-11,1.2483873693402461e-11,1.2483873641126697e-11,1.248387358889966e-11,1.2483873536628765e-11,1.248387348437946e-11,1.2483873432127303e-11,1.2483873379890215e-11,1.2483873327676362e-11,1.2483873275411643e-11,1.2483873223180971e-11,1.2483873170947469e-11,1.2483873118716183e-11,1.248387306648728e-11,1.2483873014254566e-11,1.2483872962030841e-11,1.248387290980976e-11,1.2483872857591571e-11,1.248387280538078e-11,1.2483872753166864e-11,1.2483872700948813e-11,1.2483872648745747e-11,1.2483872596539071e-11,1.2483872544351132e-11,1.2483872492129643e-11,1.2483872439935535e-11,1.2483872387732678e-11,1.2483872335543396e-11,1.2483872283351177e-11,1.2483872231161087e-11,1.2483872178967055e-11,1.2483872126787945e-11,1.2483872074605301e-11,1.248387202242469e-11,1.2483871970246537e-11,1.2483871918096832e-11,1.2483871865897861e-11,1.2483871813726292e-11,1.2483871761558157e-11,1.2483871709392393e-11,1.2483871657234952e-11,1.2483871605067823e-11,1.2483871552915011e-11,1.248387150075856e-11,1.2483871448604295e-11,1.2483871396452372e-11,1.2483871344302846e-11,1.2483871292155732e-11,1.2483871240010895e-11,1.2483871187868503e-11,1.2483871135728438e-11,1.2483871083590732e-11,1.2483871031455504e-11,1.24838709793225e-11,1.2483870927191854e-11,1.2483870875057682e-11,1.2483870822932003e-11,1.2483870770814924e-11,1.248387071869404e-11,1.2483870666569326e-11,1.2483870614458831e-11,1.2483870562344994e-11,1.2483870510233215e-11,1.2483870458117836e-11,1.248387040601089e-11,1.2483870353912547e-11,1.2483870301804582e-11,1.2483870249710493e-11,1.248387019760764e-11,1.2483870145512474e-11,1.248387009342503e-11,1.2483870041350334e-11,1.248386998924347e-11,1.2483869937178556e-11,1.2483869885098263e-11,1.24838698330037e-11,1.2483869780923953e-11,1.248386972884125e-11,1.2483869676772699e-11,1.2483869624700863e-11,1.2483869572631062e-11,1.2483869520563567e-11,1.2483869468492532e-11,1.2483869416429836e-11,1.2483869364375424e-11,1.2483869312317381e-11,1.2483869260285056e-11,1.2483869208237274e-11,1.248386915615625e-11,1.2483869104118776e-11,1.2483869052072429e-11,1.2483869000022197e-11,1.2483868947985879e-11,1.2483868895946213e-11,1.2483868843908607e-11,1.248386879187328e-11,1.2483868739840186e-11,1.2483868687798613e-11,1.248386863578241e-11,1.2483868583746406e-11,1.248386853173422e-11,1.2483868479713015e-11,1.2483868427693637e-11,1.2483868375699945e-11,1.2483868323662074e-11,1.2483868271669993e-11,1.2483868219636861e-11,1.2483868167639913e-11,1.2483868115634564e-11,1.2483868063631097e-11,1.248386801161956e-11,1.2483867959632082e-11,1.2483867907630292e-11,1.2483867855641611e-11,1.2483867803672682e-11,1.2483867751665506e-11,1.2483867699671262e-11,1.2483867647685985e-11,1.2483867595708776e-11,1.2483867543728126e-11,1.2483867491749418e-11,1.2483867439767377e-11,1.2483867387788255e-11,1.2483867335828478e-11,1.2483867283853788e-11,1.2483867231892037e-11,1.248386717992705e-11,1.2483867127963902e-11,1.2483867075997672e-11,1.248386702403927e-11,1.2483866972083339e-11,1.2483866920129627e-11,1.2483866868178134e-11,1.2483866816234406e-11,1.2483866764281607e-11,1.2483866712363663e-11,1.248386666040441e-11,1.248386660846296e-11,1.2483866556524369e-11,1.2483866504588037e-11,1.2483866452653981e-11,1.2483866400722042e-11,1.248386634880694e-11,1.2483866296867697e-11,1.2483866244956437e-11,1.2483866193021564e-11,1.2483866141100108e-11,1.2483866089175798e-11,1.2483866037264898e-11,1.248386598535088e-11,1.2483865933445717e-11,1.2483865881529841e-11,1.2483865829644435e-11,1.2483865777744436e-11,1.2483865725836982e-11,1.24838656739467e-11,1.2483865622029912e-11,1.2483865570132355e-11,1.2483865518237737e-11,1.2483865466345338e-11,1.2483865414455053e-11,1.2483865362567018e-11,1.2483865310681009e-11,1.2483865258791938e-11,1.2483865206915786e-11,1.2483865155036627e-11,1.2483865103154155e-11,1.248386505128455e-11,1.2483864999412035e-11,1.248386494754128e-11,1.248386489567282e-11,1.2483864843806618e-11,1.2483864791937063e-11,1.2483864740080448e-11,1.248386468822065e-11,1.248386463635758e-11,1.2483864584502576e-11,1.2483864532654325e-11,1.2483864480803335e-11,1.248386442894835e-11,1.2483864377107269e-11,1.248386432526267e-11,1.2483864273420039e-11,1.2483864221601485e-11,1.2483864169746237e-11,1.2483864117909253e-11,1.2483864066075062e-11,1.2483864014243151e-11,1.2483863962413194e-11,1.2483863910585475e-11,1.2483863858759803e-11,1.2483863806936382e-11,1.2483863755115027e-11,1.2483863703295733e-11,1.2483863651473467e-11,1.2483863599658519e-11,1.2483863547851218e-11,1.2483863496040714e-11,1.2483863444244477e-11,1.2483863392433987e-11,1.2483863340623808e-11,1.2483863288821306e-11,1.2483863237021059e-11,1.2483863185223069e-11,1.2483863133421804e-11,1.248386308163321e-11,1.2483863029841714e-11,1.248386297805206e-11,1.2483862926264517e-11,1.2483862874479157e-11,1.2483862822695702e-11,1.2483862770914429e-11,1.2483862719147957e-11,1.2483862667374646e-11,1.248386261560128e-11,1.2483862563816854e-11,1.248386251204562e-11,1.2483862460276883e-11,1.2483862408510256e-11,1.2483862356745711e-11,1.2483862304996659e-11,1.2483862253225347e-11,1.2483862201479986e-11,1.2483862149712792e-11,1.2483862097952568e-11,1.2483862046206227e-11,1.248386199445052e-11,1.2483861942721295e-11,1.2483861890965365e-11,1.2483861839233727e-11,1.2483861787471842e-11,1.2483861735742586e-11,1.2483861684026107e-11,1.2483861632280473e-11,1.2483861580562031e-11,1.2483861528809174e-11,1.2483861477084184e-11,1.248386142535703e-11,1.2483861373631826e-11,1.248386132190864e-11,1.24838612701875e-11,1.248386121846844e-11,1.2483861166751472e-11,1.24838611150494e-11,1.2483861063338922e-11,1.248386101161688e-11,1.248386095990753e-11,1.2483860908200615e-11,1.2483860856508882e-11,1.248386080479041e-11,1.2483860753094314e-11,1.2483860701395802e-11,1.2483860649699172e-11,1.2483860597999521e-11,1.2483860546311827e-11,1.2483860494621674e-11,1.2483860442933161e-11,1.248386039124663e-11,1.2483860339582323e-11,1.2483860287884264e-11,1.2483860236203242e-11,1.2483860184524733e-11,1.248386013284823e-11,1.2483860081173722e-11,1.2483860029496466e-11,1.2483859977825927e-11,1.2483859926162764e-11,1.248385987449671e-11,1.248385982283234e-11,1.2483859771169951e-11,1.2483859719509751e-11,1.2483859667851472e-11,1.248385961619504e-11,1.2483859564540706e-11,1.2483859512883422e-11,1.2483859461238126e-11,1.2483859409590117e-11,1.2483859357943844e-11,1.2483859306299464e-11,1.2483859254652313e-11,1.2483859203011928e-11,1.248385915137861e-11,1.2483859099737603e-11,1.2483859048108033e-11,1.2483858996475755e-11,1.248385894484544e-11,1.24838588932171e-11,1.2483858841590554e-11,1.24838587899661e-11,1.2483858738343566e-11,1.2483858686718235e-11,1.248385863510448e-11,1.2483858583488093e-11,1.2483858531873472e-11,1.2483858480260977e-11,1.2483858428645405e-11,1.2483858377036905e-11,1.2483858325435185e-11,1.2483858273830679e-11,1.2483858222227816e-11,1.2483858170626992e-11,1.248385811902809e-11,1.2483858067431147e-11,1.2483858015836072e-11,1.2483857964242933e-11,1.248385791264716e-11,1.248385786106285e-11,1.2483857809471524e-11,1.2483857757890711e-11,1.2483857706307568e-11,1.2483857654726241e-11,1.2483857603141977e-11,1.2483857551569206e-11,1.2483857499989189e-11,1.2483857448420465e-11,1.2483857396848917e-11,1.2483857345274384e-11,1.2483857293711316e-11,1.2483857242145732e-11,1.2483857190581846e-11,1.2483857139019871e-11,1.2483857087459866e-11,1.248385703589701e-11,1.248385698434083e-11,1.248385693279151e-11,1.2483856881239452e-11,1.2483856829684501e-11,1.2483856778136104e-11,1.2483856726594384e-11,1.2483856675049963e-11,1.248385662350247e-11,1.2483856571961778e-11,1.2483856520427668e-11,1.2483856468886257e-11,1.248385641735586e-11,1.248385636582262e-11,1.248385631429132e-11,1.2483856262761933e-11,1.2483856211234298e-11,1.2483856159708874e-11,1.2483856108185307e-11,1.2483856056663486e-11,1.2483856005143566e-11,1.2483855953625686e-11,1.2483855902109637e-11,1.2483855850590854e-11,1.2483855799083233e-11,1.2483855747572994e-11,1.2483855696064707e-11,1.248385564455368e-11,1.2483855593053503e-11,1.2483855541550836e-11,1.2483855490045369e-11,1.2483855438550965e-11,1.2483855387054028e-11,1.2483855335558647e-11,1.2483855284065365e-11,1.2483855232585319e-11,1.248385518108612e-11,1.248385512959337e-11,1.2483855078123e-11,1.2483855026624958e-11,1.2483854975142427e-11,1.248385492366729e-11,1.24838548721891e-11,1.2483854820712493e-11,1.2483854769237836e-11,1.2483854717765023e-11,1.2483854666306125e-11,1.2483854614826934e-11,1.248385456337081e-11,1.2483854511895787e-11,1.2483854460431811e-11,1.248385440896493e-11,1.2483854357510466e-11,1.2483854306064133e-11,1.2483854254598448e-11,1.248385420314373e-11,1.24838541516913e-11,1.2483854100240771e-11,1.248385404879201e-11,1.2483853997345077e-11,1.2483853945917814e-11,1.248385389446058e-11,1.2483853843018602e-11,1.2483853791579007e-11,1.2483853740141326e-11,1.2483853688701369e-11,1.2483853637271351e-11,1.2483853585839329e-11,1.2483853534400345e-11,1.2483853482981111e-11,1.2483853431554842e-11,1.2483853380129962e-11,1.2483853328706762e-11,1.2483853277285552e-11,1.248385322586609e-11,1.2483853174448543e-11,1.2483853123028317e-11,1.24838530716145e-11,1.2483853020202557e-11,1.2483852968796773e-11,1.2483852917384239e-11,1.2483852865981895e-11,1.2483852814577192e-11,1.2483852763174095e-11,1.2483852711768503e-11,1.2483852660373476e-11,1.2483852608976064e-11,1.2483852557575906e-11,1.2483852506186147e-11,1.2483852454789787e-11,1.2483852403420958e-11,1.2483852352014562e-11,1.248385230063143e-11,1.2483852249246643e-11,1.2483852197858963e-11,1.2483852146477623e-11,1.2483852095102473e-11,1.248385204372489e-11,1.2483851992348882e-11,1.2483851940974578e-11,1.2483851889602024e-11,1.2483851838231389e-11,1.2483851786862518e-11,1.2483851735495293e-11,1.2483851684130012e-11,1.2483851632766507e-11,1.2483851581415108e-11,1.2483851530056703e-11,1.2483851478699817e-11,1.2483851427334305e-11,1.2483851375990132e-11,1.2483851324628053e-11,1.248385127327657e-11,1.2483851221927107e-11,1.2483851170575155e-11,1.2483851119233609e-11,1.24838510678896e-11,1.2483851016543007e-11,1.248385096520676e-11,1.248385091386842e-11,1.2483850862548096e-11,1.2483850811199615e-11,1.2483850759865538e-11,1.2483850708533494e-11,1.2483850657203564e-11,1.2483850605875464e-11,1.2483850554544593e-11,1.2483850503224372e-11,1.2483850451918138e-11,1.2483850400583863e-11,1.2483850349263832e-11,1.2483850297946044e-11,1.248385024662999e-11,1.2483850195315803e-11,1.2483850144003315e-11,1.2483850092692512e-11,1.248385004138349e-11,1.2483849990076225e-11,1.2483849938787112e-11,1.2483849887470278e-11,1.2483849836167564e-11,1.2483849784867347e-11,1.2483849733568712e-11,1.248384968227183e-11,1.248384963097673e-11,1.24838495796832e-11,1.2483849528391578e-11,1.2483849477101638e-11,1.2483849425813253e-11,1.2483849374522408e-11,1.248384932324175e-11,1.2483849271959013e-11,1.2483849220673504e-11,1.2483849169397994e-11,1.2483849118120363e-11,1.2483849066840398e-11,1.2483849015561612e-11,1.2483848964297603e-11,1.248384891302693e-11,1.2483848861757612e-11,1.2483848810489917e-11,1.2483848759223977e-11,1.2483848707959777e-11,1.248384865669723e-11,1.2483848605436362e-11,1.2483848554177295e-11,1.2483848502919777e-11,1.2483848451659955e-11,1.248384840041009e-11,1.2483848349157966e-11,1.2483848297907264e-11,1.2483848246674157e-11,1.2483848195410115e-11,1.2483848144182873e-11,1.2483848092923166e-11,1.2483848041684478e-11,1.2483847990444372e-11,1.2483847939205585e-11,1.2483847887968511e-11,1.2483847836742203e-11,1.248384778550071e-11,1.2483847734277996e-11,1.2483847683039506e-11,1.2483847631810376e-11,1.2483847580583397e-11,1.2483847529354367e-11,1.248384747813932e-11,1.2483847426913062e-11,1.2483847375688604e-11,1.248384732446992e-11,1.2483847273257165e-11,1.248384722203794e-11,1.2483847170828306e-11,1.2483847119616455e-11,1.2483847068406098e-11,1.2483847017193537e-11,1.248384696599045e-11,1.2483846914785337e-11,1.2483846863581628e-11,1.2483846812379613e-11,1.2483846761179116e-11,1.2483846709980436e-11,1.2483846658792871e-11,1.2483846607589435e-11,1.2483846556391541e-11,1.2483846505212794e-11,1.2483846454010465e-11,1.248384640282532e-11,1.2483846351653667e-11,1.2483846300471376e-11,1.2483846249274841e-11,1.2483846198091939e-11,1.2483846146911363e-11,1.2483846095732243e-11,1.2483846044570311e-11,1.2483845993382559e-11,1.2483845942208041e-11,1.24838458910357e-11,1.2483845839869393e-11,1.2483845788696341e-11,1.248384573752856e-11,1.2483845686362757e-11,1.2483845635198552e-11,1.2483845584035802e-11,1.2483845532874979e-11,1.2483845481715754e-11,1.2483845430557968e-11,1.2483845379397934e-11,1.2483845328251758e-11,1.2483845277110318e-11,1.248384522595672e-11,1.2483845174808568e-11,1.2483845123651811e-11,1.2483845072501248e-11,1.2483845021360383e-11,1.2483844970213494e-11,1.2483844919075756e-11,1.2483844867936024e-11,1.2483844816797757e-11,1.2483844765661217e-11,1.2483844714526013e-11,1.248384466339267e-11,1.2483844612260783e-11,1.2483844561130736e-11,1.2483844509998492e-11,1.2483844458874903e-11,1.2483844407745748e-11,1.248384435662582e-11,1.248384430550002e-11,1.2483844254383199e-11,1.248384420326422e-11,1.2483844152142901e-11,1.2483844101026965e-11,1.248384404991291e-11,1.2483843998800268e-11,1.2483843947693288e-11,1.248384389658407e-11,1.2483843845476237e-11,1.2483843794369907e-11,1.2483843743261524e-11,1.2483843692158023e-11,1.248384364106042e-11,1.2483843589956753e-11,1.2483843538858333e-11,1.2483843487761723e-11,1.2483843436666886e-11,1.2483843385573064e-11,1.2483843334484784e-11,1.2483843283394624e-11,1.2483843232305733e-11,1.2483843181218341e-11,1.2483843130125489e-11,1.2483843079048742e-11,1.248384302796639e-11,1.248384297688165e-11,1.2483842925805665e-11,1.2483842874724041e-11,1.2483842823647795e-11,1.2483842772576766e-11,1.248384272149997e-11,1.248384267043202e-11,1.2483842619362114e-11,1.2483842568286251e-11,1.2483842517226983e-11,1.2483842466161836e-11,1.2483842415097928e-11,1.2483842364035523e-11,1.2483842312970685e-11,1.2483842261911717e-11,1.2483842210854076e-11,1.2483842159801744e-11,1.2483842108743544e-11,1.2483842057694124e-11,1.2483842006638955e-11,1.248384195559274e-11,1.2483841904544515e-11,1.2483841853511813e-11,1.2483841802451427e-11,1.2483841751410738e-11,1.2483841700368594e-11,1.2483841649327775e-11,1.2483841598302597e-11,1.248384154725e-11,1.2483841496216944e-11,1.2483841445179016e-11,1.24838413941459e-11,1.2483841343118157e-11,1.248384129208828e-11,1.2483841241053576e-11,1.2483841190033134e-11,1.2483841139008063e-11,1.2483841087999063e-11,1.2483841036961324e-11,1.2483840985943325e-11,1.2483840934924035e-11,1.2483840883906286e-11,1.2483840832889994e-11,1.248384078187521e-11,1.2483840730861945e-11,1.2483840679850194e-11,1.2483840628839961e-11,1.2483840577831168e-11,1.2483840526837242e-11,1.2483840475820862e-11,1.2483840424816241e-11,1.2483840373813545e-11,1.2483840322808751e-11,1.2483840271812655e-11,1.2483840220828831e-11,1.2483840169820723e-11,1.2483840118825154e-11,1.2483840067827919e-11,1.2483840016835854e-11,1.2483839965848821e-11,1.2483839914859822e-11,1.2483839863872136e-11,1.2483839812886098e-11,1.248383976190138e-11,1.2483839710914624e-11,1.2483839659932862e-11,1.248383960896525e-11,1.2483839557979196e-11,1.248383950700172e-11,1.248383945602601e-11,1.2483839405051792e-11,1.248383935407529e-11,1.2483839303104105e-11,1.2483839252134459e-11,1.2483839201166323e-11,1.2483839150211771e-11,1.2483839099239238e-11,1.2483839048283296e-11,1.2483838997313873e-11,1.2483838946352703e-11,1.2483838895389623e-11,1.2483838844443835e-11,1.2483838793488784e-11,1.2483838742526386e-11,1.2483838691568947e-11,1.2483838640620311e-11,1.2483838589669893e-11,1.248383853872078e-11,1.2483838487773055e-11,1.2483838436826898e-11,1.2483838385882169e-11,1.2483838334938965e-11,1.2483838284005628e-11,1.2483838233066727e-11,1.248383818212869e-11,1.2483838131183816e-11,1.2483838080247532e-11,1.2483838029312944e-11,1.2483837978379968e-11,1.2483837927444983e-11,1.2483837876514748e-11,1.2483837825586553e-11,1.248383777467105e-11,1.248383772373482e-11,1.2483837672813603e-11,1.2483837621890867e-11,1.2483837570966084e-11,1.2483837520049458e-11,1.2483837469131185e-11,1.2483837418214034e-11,1.2483837367298373e-11,1.2483837316384177e-11,1.2483837265471349e-11,1.2483837214560043e-11,1.2483837163650162e-11,1.2483837112741638e-11,1.2483837061834594e-11,1.2483837010925722e-11,1.2483836960024885e-11,1.2483836909122524e-11,1.2483836858217461e-11,1.2483836807317907e-11,1.2483836756423e-11,1.2483836705522628e-11,1.2483836654630433e-11,1.2483836603736367e-11,1.2483836552843583e-11,1.2483836501948787e-11,1.2483836451058948e-11,1.2483836400174e-11,1.2483836349283461e-11,1.24838362984015e-11,1.2483836247517532e-11,1.2483836196634633e-11,1.248383614574961e-11,1.248383609486997e-11,1.2483836043994856e-11,1.2483835993114647e-11,1.248383594224228e-11,1.2483835891368077e-11,1.2483835840491565e-11,1.2483835789623713e-11,1.2483835738753836e-11,1.2483835687885212e-11,1.2483835637017952e-11,1.2483835586152132e-11,1.2483835535287649e-11,1.2483835484424631e-11,1.2483835433560004e-11,1.2483835382702961e-11,1.2483835331840582e-11,1.2483835280986752e-11,1.248383523013086e-11,1.248383517927283e-11,1.2483835128422872e-11,1.248383507757116e-11,1.2483835026720713e-11,1.2483834975871648e-11,1.2483834925023977e-11,1.2483834874177608e-11,1.2483834823332706e-11,1.2483834772489224e-11,1.2483834721647068e-11,1.2483834670806192e-11,1.2483834619963641e-11,1.2483834569128951e-11,1.2483834518289185e-11,1.2483834467453828e-11,1.2483834416623612e-11,1.248383436578779e-11,1.2483834314957138e-11,1.2483834264134438e-11,1.2483834213303113e-11,1.2483834162472205e-11,1.2483834111647026e-11,1.2483834060822915e-11,1.2483834010000585e-11,1.2483833959179184e-11,1.2483833908366076e-11,1.2483833857544335e-11,1.2483833806723628e-11,1.2483833755907378e-11,1.2483833705093269e-11,1.248383365428342e-11,1.2483833603471706e-11,1.2483833552661218e-11,1.248383350185198e-11,1.2483833451041254e-11,1.2483833400234543e-11,1.2483833349429588e-11,1.2483833298629216e-11,1.2483833247823534e-11,1.2483833197022754e-11,1.2483833146223343e-11,1.2483833095428403e-11,1.2483833044631636e-11,1.2483832993832824e-11,1.2483832943041784e-11,1.2483832892245771e-11,1.2483832841457369e-11,1.2483832790667355e-11,1.2483832739878583e-11,1.248383268909117e-11,1.248383263830508e-11,1.2483832587516992e-11,1.2483832536736683e-11,1.2483832485951766e-11,1.2483832435170911e-11,1.2483832384394778e-11,1.2483832333613567e-11,1.2483832282836869e-11,1.2483832232061532e-11,1.2483832181287503e-11,1.248383213051496e-11,1.2483832079743708e-11,1.2483832028976914e-11,1.2483831978208176e-11,1.2483831927440843e-11,1.2483831876674712e-11,1.2483831825910024e-11,1.2483831775146724e-11,1.24838317243847e-11,1.2483831673623844e-11,1.2483831622861022e-11,1.2483831572106215e-11,1.2483831521356611e-11,1.2483831470595169e-11,1.2483831419840643e-11,1.2483831369084753e-11,1.2483831318336402e-11,1.2483831267583146e-11,1.2483831216837366e-11,1.2483831166089834e-11,1.2483831115340459e-11,1.24838310645956e-11,1.2483831013855236e-11,1.2483830963113026e-11,1.248383091237207e-11,1.2483830861632384e-11,1.2483830810894041e-11,1.2483830760156923e-11,1.2483830709421217e-11,1.2483830658686739e-11,1.248383060795363e-11,1.2483830557221831e-11,1.2483830506491385e-11,1.2483830455762082e-11,1.2483830405034129e-11,1.24838303543075e-11,1.2483830303582194e-11,1.2483830252858228e-11,1.2483830202135436e-11,1.2483830151414061e-11,1.248383010070499e-11,1.2483830049976993e-11,1.2483829999259065e-11,1.2483829948542775e-11,1.2483829897827799e-11,1.2483829847114057e-11,1.2483829796401633e-11,1.2483829745690568e-11,1.2483829694980698e-11,1.2483829644272203e-11,1.2483829593564957e-11,1.2483829542858915e-11,1.248382949215429e-11,1.2483829441450952e-11,1.2483829390748775e-11,1.2483829340047982e-11,1.2483829289348388e-11,1.2483829238650047e-11,1.2483829187953065e-11,1.2483829137257327e-11,1.2483829086559912e-11,1.2483829035869764e-11,1.2483828985177937e-11,1.2483828934487367e-11,1.2483828883798033e-11,1.2483828833109992e-11,1.2483828782433645e-11,1.2483828731750363e-11,1.2483828681056748e-11,1.2483828630373344e-11,1.2483828579691585e-11,1.2483828529011108e-11,1.2483828478331854e-11,1.2483828427653916e-11,1.2483828376977255e-11,1.2483828326301815e-11,1.2483828275627684e-11,1.2483828224954751e-11,1.2483828174283126e-11,1.2483828123612743e-11,1.2483828072943622e-11,1.2483828022275605e-11,1.2483827971609079e-11,1.2483827920943688e-11,1.2483827870279584e-11,1.2483827819616753e-11,1.2483827768955166e-11,1.2483827718294753e-11,1.2483827667635671e-11,1.2483827616977769e-11,1.2483827566321208e-11,1.2483827515665878e-11,1.2483827465011749e-11,1.2483827414358892e-11,1.248382736370718e-11,1.2483827313056716e-11,1.2483827262407586e-11,1.248382721175683e-11,1.2483827161113025e-11,1.2483827110467747e-11,1.2483827059823583e-11,1.2483827009180673e-11,1.2483826958536104e-11,1.2483826907898401e-11,1.248382685725916e-11,1.248382680661825e-11,1.2483826755984315e-11,1.2483826705348841e-11,1.248382665471452e-11,1.248382660408143e-11,1.2483826553449588e-11,1.248382650281899e-11,1.24838264521895e-11,1.2483826401561383e-11,1.2483826350934403e-11,1.2483826300308676e-11,1.248382624968418e-11,1.2483826199060877e-11,1.2483826148438805e-11,1.2483826097817946e-11,1.2483826047198327e-11,1.2483825996580077e-11,1.2483825945962868e-11,1.2483825895357347e-11,1.2483825844744372e-11,1.2483825794121913e-11,1.2483825743509166e-11,1.2483825692898037e-11,1.2483825642288194e-11,1.2483825591679439e-11,1.248382554107191e-11,1.2483825490465624e-11,1.248382543986064e-11,1.2483825389256759e-11,1.2483825338654095e-11,1.2483825288052697e-11,1.248382523745251e-11,1.2483825186863654e-11,1.2483825136257381e-11,1.2483825085660415e-11,1.248382503506497e-11,1.2483824984470785e-11,1.24838249338879e-11,1.2483824883287644e-11,1.2483824832696674e-11,1.2483824782107246e-11,1.2483824731518959e-11,1.248382468093196e-11,1.2483824630346056e-11,1.2483824579761444e-11,1.248382452918823e-11,1.2483824478597444e-11,1.2483824428015906e-11,1.2483824377432905e-11,1.2483824326857174e-11,1.2483824276279905e-11,1.2483824225703663e-11,1.2483824175128522e-11,1.2483824124554515e-11,1.2483824073981786e-11,1.2483824023410165e-11,1.2483823972839711e-11,1.2483823922270469e-11,1.2483823871702414e-11,1.2483823821135556e-11,1.2483823770569866e-11,1.2483823720005359e-11,1.2483823669442118e-11,1.2483823618879954e-11,1.2483823568319059e-11,1.2483823517759182e-11,1.2483823467200552e-11,1.2483823416643046e-11,1.2483823366086867e-11,1.2483823315531751e-11,1.2483823264977734e-11,1.2483823214424998e-11,1.2483823163883267e-11,1.2483823113324639e-11,1.2483823062774974e-11,1.2483823012226849e-11,1.24838229616799e-11,1.2483822911134118e-11,1.2483822860589505e-11,1.2483822810046083e-11,1.2483822759503738e-11,1.2483822708962605e-11,1.2483822658422605e-11,1.2483822607883711e-11,1.2483822557346196e-11,1.2483822506809662e-11,1.2483822456274313e-11,1.2483822405740129e-11,1.2483822355207155e-11,1.2483822304672643e-11,1.2483822254151286e-11,1.2483822203610758e-11,1.2483822153087774e-11,1.2483822102560878e-11,1.2483822052032146e-11,1.2483822001509667e-11,1.2483821950986021e-11,1.2483821900463234e-11,1.2483821849941777e-11,1.2483821799421398e-11,1.248382174890223e-11,1.2483821698384071e-11,1.2483821647867027e-11,1.2483821597351246e-11,1.248382154683642e-11,1.2483821496320388e-11,1.2483821445810359e-11,1.2483821395296568e-11,1.248382134478918e-11,1.248382129428035e-11,1.2483821243772386e-11,1.2483821193265784e-11,1.2483821142766022e-11,1.2483821092256501e-11,1.2483821041758745e-11,1.2483820991251451e-11,1.2483820940747268e-11,1.2483820890247488e-11,1.2483820839748509e-11,1.2483820789253818e-11,1.2483820738757343e-11,1.2483820688262038e-11,1.2483820637767713e-11,1.2483820587274471e-11,1.2483820536782518e-11,1.2483820486291635e-11,1.248382043580171e-11,1.2483820385312993e-11,1.2483820334825394e-11,1.2483820284336296e-11,1.2483820233853572e-11,1.248382018336951e-11,1.2483820132886326e-11,1.2483820082401739e-11,1.248382003192339e-11,1.248381998144386e-11,1.2483819930965244e-11,1.2483819880487617e-11,1.2483819830011302e-11,1.2483819779535983e-11,1.2483819729061701e-11,1.248381967858602e-11,1.248381962811409e-11,1.2483819577645831e-11,1.2483819527176216e-11,1.248381947670751e-11,1.2483819426237128e-11,1.2483819375773435e-11,1.2483819325308284e-11,1.2483819274843943e-11,1.2483819224380747e-11,1.2483819173918733e-11,1.2483819123457708e-11,1.2483819072995212e-11,1.248381902253896e-11,1.2483818972081418e-11,1.248381892162499e-11,1.2483818871167016e-11,1.2483818820715167e-11,1.2483818770262003e-11,1.2483818719807296e-11,1.2483818669358758e-11,1.2483818618908926e-11,1.2483818568460121e-11,1.2483818518012298e-11,1.2483818467565572e-11,1.2483818417117185e-11,1.2483818366675288e-11,1.2483818316231997e-11,1.2483818265789517e-11,1.248381821534832e-11,1.2483818164908115e-11,1.2483818114466326e-11,1.2483818064030887e-11,1.2483818013603268e-11,1.2483817963159866e-11,1.248381791273086e-11,1.2483817862291887e-11,1.2483817811858967e-11,1.2483817761427407e-11,1.2483817710996929e-11,1.248381766056748e-11,1.2483817610139171e-11,1.248381755970928e-11,1.2483817509283067e-11,1.2483817458860622e-11,1.248381740843663e-11,1.2483817358013664e-11,1.2483817307589242e-11,1.2483817257170964e-11,1.2483817206748925e-11,1.2483817156330069e-11,1.2483817105912643e-11,1.2483817055498512e-11,1.2483817005083052e-11,1.2483816954668778e-11,1.2483816904252833e-11,1.2483816853843071e-11,1.2483816803431898e-11,1.248381675302171e-11,1.2483816702612669e-11,1.2483816652204564e-11,1.2483816601795175e-11,1.248381655138906e-11,1.2483816500986784e-11,1.2483816450583047e-11,1.2483816400177837e-11,1.2483816349778585e-11,1.2483816299378068e-11,1.2483816248978575e-11,1.2483816198580015e-11,1.2483816148182423e-11,1.2483816097785978e-11,1.2483816047390682e-11,1.2483815996993582e-11,1.2483815946602979e-11,1.2483815896210856e-11,1.2483815845819617e-11,1.248381579542941e-11,1.2483815745040313e-11,1.2483815694652275e-11,1.2483815644265166e-11,1.2483815593879381e-11,1.248381554349448e-11,1.2483815493110619e-11,1.248381544272529e-11,1.2483815392345901e-11,1.2483815341965253e-11,1.2483815291585545e-11,1.248381524120686e-11,1.2483815190829215e-11,1.2483815140452554e-11,1.2483815090076903e-11,1.2483815039699813e-11,1.2483814989326293e-11,1.2483814938956341e-11,1.2483814888582622e-11,1.2483814838214635e-11,1.248381478784547e-11,1.2483814737477061e-11,1.2483814687109722e-11,1.2483814636743499e-11,1.248381458637817e-11,1.2483814536013987e-11,1.2483814485650793e-11,1.248381443528854e-11,1.248381438492741e-11,1.2483814334567306e-11,1.2483814284208269e-11,1.2483814233847822e-11,1.2483814183493026e-11,1.2483814133137135e-11,1.2483814082782119e-11,1.2483814032427987e-11,1.2483813982075017e-11,1.24838139317207e-11,1.2483813881372201e-11,1.248381383102237e-11,1.2483813780679263e-11,1.2483813730326302e-11,1.2483813679976676e-11,1.248381362963329e-11,1.248381357928859e-11,1.2483813528944807e-11,1.2483813478601842e-11,1.2483813428260153e-11,1.2483813377919229e-11,1.2483813327585238e-11,1.2483813277247172e-11,1.2483813226904172e-11,1.2483813176567262e-11,1.2483813126231333e-11,1.2483813075896562e-11,1.2483813025562791e-11,1.2483812975230021e-11,1.24838129248982e-11,1.2483812874567628e-11,1.2483812824237738e-11,1.2483812773908975e-11,1.2483812723581212e-11,1.2483812673254537e-11,1.2483812622928699e-11,1.2483812572604034e-11,1.2483812522280293e-11,1.2483812471952849e-11,1.2483812421635727e-11,1.2483812371312784e-11,1.248381232115739e-11,1.2483812271000622e-11,1.2483812220844844e-11,1.2483812170690314e-11,1.2483812120536562e-11,1.2483812070383873e-11,1.2483812020235499e-11,1.2483811970082008e-11,1.248381191993208e-11,1.2483811869783406e-11,1.2483811819636126e-11,1.2483811769489598e-11,1.2483811719343964e-11,1.248381166919955e-11,1.2483811619055934e-11,1.2483811568916553e-11,1.2483811518772101e-11,1.248381146863156e-11,1.2483811418491994e-11,1.2483811368353506e-11,1.2483811318216042e-11,1.2483811268079707e-11,1.2483811217944147e-11,1.2483811167809662e-11,1.2483811117676303e-11,1.2483811067543882e-11,1.2483811017407621e-11,1.248381096728245e-11,1.2483810917147787e-11,1.2483810867024905e-11,1.248381081690067e-11,1.2483810766766005e-11,1.2483810716646048e-11,1.2483810666521743e-11,1.2483810616398202e-11,1.2483810566275681e-11,1.2483810516154163e-11,1.2483810465878938e-11,1.2483810415752278e-11,1.2483810365634013e-11,1.2483810315516502e-11,1.2483810265402965e-11,1.2483810215284546e-11,1.24838101651698e-11,1.2483810115056145e-11,1.2483810064946568e-11,1.2483810014832149e-11,1.248380996472801e-11,1.2483809914605348e-11,1.248380986449939e-11,1.2483809814397591e-11,1.2483809764291156e-11,1.2483809714188536e-11,1.248380966408389e-11,1.2483809613979922e-11,1.248380956387451e-11,1.2483809513772587e-11,1.2483809463674727e-11,1.2483809413575252e-11,1.2483809363473432e-11,1.2483809313378795e-11,1.2483809263281816e-11,1.2483809213182857e-11,1.2483809163087723e-11,1.2483809112994193e-11,1.2483809062898604e-11,1.2483809012808973e-11,1.2483808962717931e-11,1.2483808912627862e-11,1.2483808862539073e-11,1.2483808812453857e-11,1.2483808762363969e-11,1.2483808712269869e-11,1.2483808662040181e-11,1.2483808611939405e-11,1.2483808561864284e-11,1.2483808511629188e-11,1.248380846153108e-11,1.2483808411461555e-11,1.248380836137462e-11,1.248380831130144e-11,1.248380826122719e-11,1.2483808211142544e-11,1.2483808161072903e-11,1.2483808110998453e-11,1.2483808060927773e-11,1.2483808010846751e-11,1.2483807960780504e-11,1.2483807910709998e-11,1.2483807860640179e-11,1.2483807810563579e-11,1.2483807760498577e-11,1.248380771042995e-11,1.2483807660364968e-11,1.2483807610308649e-11,1.2483807560247812e-11,1.2483807510182116e-11,1.2483807460119733e-11,1.2483807410058477e-11,1.2483807359998327e-11,1.2483807309942154e-11,1.2483807259880693e-11,1.2483807209826154e-11,1.2483807159766779e-11,1.2483807109710914e-11,1.2483807059648647e-11,1.248380700959564e-11,1.2483806959544115e-11,1.2483806909493181e-11,1.2483806859451337e-11,1.2483806809401747e-11,1.2483806759345185e-11,1.2483806709308257e-11,1.2483806659261659e-11,1.2483806609215086e-11,1.248380655916737e-11,1.2483806509123056e-11,1.2483806459082771e-11,1.2483806409030106e-11,1.2483806358999436e-11,1.2483806308956717e-11,1.2483806258909516e-11,1.2483806208878865e-11,1.2483806158841309e-11,1.2483806108804522e-11,1.2483806058771512e-11,1.248380600873377e-11,1.2483805958699431e-11,1.2483805908669483e-11,1.2483805858634323e-11,1.2483805808595964e-11,1.2483805758573195e-11,1.2483805708544034e-11,1.2483805658518593e-11,1.2483805608490787e-11,1.2483805558463985e-11,1.2483805508428208e-11,1.2483805458411326e-11,1.2483805408387645e-11,1.2483805358364549e-11,1.2483805308342228e-11,1.248380525832109e-11,1.2483805208300726e-11,1.2483805158284157e-11,1.2483805108266088e-11,1.2483805058245906e-11,1.24838050082317e-11,1.2483804958213638e-11,1.2483804908201574e-11,1.2483804858184971e-11,1.2483804808174736e-11,1.2483804758162876e-11,1.2483804708148992e-11,1.2483804658131463e-11,1.2483804608123217e-11,1.248380455811558e-11,1.2483804508116258e-11,1.2483804458110091e-11,1.2483804408104298e-11,1.248380435809941e-11,1.248380430809852e-11,1.2483804258092729e-11,1.2483804208090575e-11,1.248380415808954e-11,1.248380410809245e-11,1.2483804058093286e-11,1.2483804008095048e-11,1.248380395809708e-11,1.2483803908100299e-11,1.2483803858101879e-11,1.248380380810698e-11,1.2483803758106025e-11,1.2483803708123725e-11,1.2483803658131951e-11,1.2483803608138104e-11,1.2483803558147615e-11,1.2483803508158142e-11,1.2483803458169606e-11,1.2483803408181981e-11,1.24838033581952e-11,1.2483803308212071e-11,1.2483803258224616e-11,1.2483803208240352e-11,1.2483803158257038e-11,1.2483803108269677e-11,1.248380305829355e-11,1.2483803008313396e-11,1.2483802958333767e-11,1.2483802908355109e-11,1.2483802858377044e-11,1.2483802808403202e-11,1.2483802758424283e-11,1.2483802708448937e-11,1.2483802658474664e-11,1.2483802608496044e-11,1.2483802558528768e-11,1.248380250855737e-11,1.2483802458586564e-11,1.2483802408616695e-11,1.2483802358647578e-11,1.2483802308679523e-11,1.2483802258705192e-11,1.2483802208739672e-11,1.2483802158782397e-11,1.2483802108817939e-11,1.2483802058856808e-11,1.2483802008893878e-11,1.2483801958932081e-11,1.2483801908968203e-11,1.2483801859007946e-11,1.2483801809048534e-11,1.2483801759090047e-11,1.248380170913254e-11,1.2483801659175836e-11,1.2483801609219924e-11,1.248380155926495e-11,1.2483801509310822e-11,1.2483801459357583e-11,1.2483801409405259e-11,1.2483801359453631e-11,1.2483801309503052e-11,1.2483801259553158e-11,1.2483801209604123e-11,1.2483801159655996e-11,1.2483801109703794e-11,1.2483801059762698e-11,1.2483801009820344e-11,1.2483800959872897e-11,1.2483800909929019e-11,1.2483800859985975e-11,1.2483800810037259e-11,1.2483800760106293e-11,1.2483800710166504e-11,1.248380066022434e-11,1.2483800610285684e-11,1.248380056034799e-11,1.2483800510411191e-11,1.248380046046843e-11,1.2483800410543262e-11,1.2483800360609477e-11,1.2483800310675997e-11,1.2483800260743047e-11,1.2483800210811494e-11,1.2483800160880556e-11,1.2483800110948018e-11,1.2483800061018761e-11,1.248380001109033e-11,1.2483799961162767e-11,1.2483799911236164e-11,1.248379986131055e-11,1.2483799811387857e-11,1.2483799761461366e-11,1.248379971153796e-11,1.2483799661615422e-11,1.2483799611696446e-11,1.2483799561775762e-11,1.2483799511853242e-11,1.2483799461936633e-11,1.2483799412015866e-11,1.2483799362101104e-11,1.2483799312182266e-11,1.2483799262266387e-11,1.2483799212351717e-11,1.2483799162440599e-11,1.2483799112527128e-11,1.2483799062614928e-11,1.2483799012701159e-11,1.2483798962793092e-11,1.2483798912880767e-11,1.248379886297167e-11,1.2483798813066096e-11,1.2483798763158993e-11,1.2483798713243216e-11,1.2483798663344813e-11,1.2483798613440453e-11,1.248379856353637e-11,1.248379851363324e-11,1.2483798463731099e-11,1.2483798413829475e-11,1.2483798363928841e-11,1.2483798314028914e-11,1.248379826412982e-11,1.2483798214231898e-11,1.2483798164337481e-11,1.2483798114441199e-11,1.2483798064542634e-11,1.2483798014643039e-11,1.2483797964749265e-11,1.2483797914861093e-11,1.2483797864969042e-11,1.2483797815077504e-11,1.2483797765182223e-11,1.2483797715292389e-11,1.2483797665408426e-11,1.2483797615520138e-11,1.248379756563276e-11,1.2483797515746044e-11,1.248379746586035e-11,1.2483797415978129e-11,1.2483797366091392e-11,1.248379731620812e-11,1.2483797266325674e-11,1.2483797216444008e-11,1.2483797166563169e-11,1.2483797116683058e-11,1.248379706680651e-11,1.2483797016928285e-11,1.2483796967047942e-11,1.2483796917166364e-11,1.2483796867298159e-11,1.2483796817420368e-11,1.2483796767545856e-11,1.2483796717672238e-11,1.2483796667799526e-11,1.24837966179211e-11,1.2483796568056748e-11,1.2483796518186725e-11,1.2483796468317248e-11,1.2483796418440123e-11,1.2483796368581639e-11,1.248379631871749e-11,1.2483796268843923e-11,1.2483796218986327e-11,1.2483796169119355e-11,1.248379611925749e-11,1.2483796069392249e-11,1.2483796019529816e-11,1.24837959696682e-11,1.2483795919800947e-11,1.2483795869941813e-11,1.2483795820092696e-11,1.2483795770232459e-11,1.2483795720374852e-11,1.2483795670520414e-11,1.248379562066509e-11,1.2483795570807223e-11,1.2483795520952783e-11,1.2483795471101652e-11,1.2483795421246601e-11,1.2483795371394486e-11,1.2483795321543302e-11,1.2483795271692906e-11,1.2483795221845947e-11,1.2483795171994773e-11,1.2483795122149262e-11,1.248379507229963e-11,1.2483795022455807e-11,1.2483794972610476e-11,1.2483794922765662e-11,1.248379487291907e-11,1.248379482307557e-11,1.248379477323311e-11,1.2483794723391414e-11,1.24837946735505e-11,1.2483794623703878e-11,1.248379457387421e-11,1.2483794524033615e-11,1.2483794474195663e-11,1.2483794424354283e-11,1.248379437452291e-11,1.2483794324687528e-11,1.2483794274853016e-11,1.2483794225019239e-11,1.2483794175188838e-11,1.248379412534962e-11,1.2483794075518158e-11,1.2483794025692176e-11,1.2483793975862779e-11,1.2483793926036283e-11,1.2483793876205346e-11,1.248379382637993e-11,1.2483793776546072e-11,1.2483793726724977e-11,1.2483793676902281e-11,1.2483793627077902e-11,1.2483793577251804e-11,1.248379352742868e-11,1.2483793477606676e-11,1.2483793427785238e-11,1.2483793377964515e-11,1.2483793328140247e-11,1.2483793278321324e-11,1.2483793228507837e-11,1.2483793178692902e-11,1.2483793128873843e-11,1.2483793079057626e-11,1.2483793029244876e-11,1.248379297942796e-11,1.2483792929616485e-11,1.248379287980366e-11,1.2483792829988983e-11,1.2483792780177376e-11,1.248379273036664e-11,1.2483792680556707e-11,1.2483792630749971e-11,1.24837925809396e-11,1.2483792531125385e-11,1.2483792481325569e-11,1.2483792431519806e-11,1.248379238171431e-11,1.2483792331902576e-11,1.2483792282108315e-11,1.248379223230296e-11,1.248379218250289e-11,1.248379213269907e-11,1.2483792082900699e-11,1.2483792033098217e-11,1.2483791983298647e-11,1.2483791933502686e-11,1.24837918837051e-11,1.2483791833905589e-11,1.2483791784111678e-11,1.2483791734315896e-11,1.2483791684521358e-11,1.2483791634725016e-11,1.2483791584934062e-11,1.2483791535139034e-11,1.2483791485347183e-11,1.248379143555624e-11,1.2483791385759026e-11,1.2483791335978489e-11,1.2483791286185308e-11,1.2483791236401911e-11,1.2483791186612524e-11,1.2483791136825746e-11,1.2483791087040147e-11,1.248379103725495e-11,1.2483790987463447e-11,1.2483790937686865e-11,1.2483790887906523e-11,1.2483790838117485e-11,1.2483790788340835e-11,1.2483790738560663e-11,1.248379068878052e-11,1.2483790639001383e-11,1.248379058922302e-11,1.2483790539445475e-11,1.248379048966868e-11,1.248379043989011e-11,1.2483790390119556e-11,1.2483790340342979e-11,1.2483790290571329e-11,1.248379024079108e-11,1.2483790191023154e-11,1.2483790141251349e-11,1.2483790091480481e-11,1.2483790041715108e-11,1.2483789991941148e-11,1.2483789942176893e-11,1.2483789892404477e-11,1.2483789842641849e-11,1.2483789792872983e-11,1.2483789743104754e-11,1.2483789693341683e-11,1.2483789643577347e-11,1.2483789593811308e-11,1.2483789544048184e-11,1.2483789494285887e-11,1.248378944452435e-11,1.2483789394766233e-11,1.248378934500595e-11,1.2483789295244458e-11,1.2483789245476396e-11,1.2483789195729827e-11,1.248378914597314e-11,1.2483789096214327e-11,1.2483789046460845e-11,1.2483788996703629e-11,1.248378894694494e-11,1.2483788897200336e-11,1.2483788847443084e-11,1.2483788797695567e-11,1.2483788747939782e-11,1.2483788698179884e-11,1.2483788648432168e-11,1.2483788598692064e-11,1.2483788548943963e-11,1.2483788499185033e-11,1.2483788449439892e-11,1.2483788399702626e-11,1.248378834994856e-11,1.2483788300212047e-11,1.2483788250457065e-11,1.2483788200713496e-11,1.248378815098203e-11,1.2483788101229107e-11,1.2483788051498755e-11,1.2483788001758968e-11,1.2483787952007468e-11,1.2483787902277142e-11,1.2483787852541124e-11,1.2483787802805772e-11,1.2483787753066563e-11,1.2483787703330183e-11,1.2483787653583278e-11,1.2483787603857181e-11,1.2483787554123397e-11,1.2483787504380898e-11,1.248378745466134e-11,1.248378740492515e-11,1.2483787355193693e-11,1.2483787305462913e-11,1.2483787255732808e-11,1.2483787206003416e-11,1.2483787156274881e-11,1.248378710654698e-11,1.2483787056819652e-11,1.248378700709318e-11,1.2483786957369491e-11,1.2483786907642328e-11,1.2483786857920064e-11,1.2483786808194295e-11,1.248378675847122e-11,1.2483786708751403e-11,1.2483786659027378e-11,1.2483786609306286e-11,1.2483786559585897e-11,1.2483786509866302e-11,1.2483786460147454e-11,1.2483786410429195e-11,1.2483786360711827e-11,1.2483786310994864e-11,1.2483786261278866e-11,1.248378621156574e-11,1.2483786161851579e-11,1.2483786112137447e-11,1.248378606242204e-11,1.2483786012709444e-11,1.2483785962999597e-11,1.2483785913286656e-11,1.2483785863576087e-11,1.2483785813866313e-11,1.2483785764157165e-11,1.248378571444864e-11,1.2483785664740993e-11,1.2483785615036379e-11,1.2483785565328007e-11,1.248378551562221e-11,1.248378546591711e-11,1.2483785416212801e-11,1.2483785366509151e-11,1.2483785316806229e-11,1.248378526710409e-11,1.2483785217402419e-11,1.2483785167703986e-11,1.248378511800137e-11,1.2483785068301747e-11,1.248378501860532e-11,1.2483784968904794e-11,1.2483784919209417e-11,1.2483784869510498e-11,1.248378481981653e-11,1.2483784770118898e-11,1.248378472042392e-11,1.2483784670729932e-11,1.2483784621036582e-11,1.2483784571346026e-11,1.2483784521651812e-11,1.24837844719624e-11,1.2483784422272037e-11,1.2483784372581789e-11,1.2483784322892776e-11,1.2483784273203997e-11,1.2483784223509585e-11,1.248378417382643e-11,1.2483784124142115e-11,1.248378407445406e-11,1.2483784024768676e-11,1.2483783975084062e-11,1.2483783925400188e-11,1.2483783875716724e-11,1.2483783826027545e-11,1.2483783776354096e-11,1.2483783726671092e-11,1.2483783676990466e-11,1.2483783627310593e-11,1.2483783577631172e-11,1.2483783527946242e-11,1.2483783478279e-11,1.2483783428597947e-11,1.2483783378924944e-11,1.248378332924529e-11,1.2483783279569737e-11,1.2483783229892627e-11,1.2483783180221053e-11,1.2483783130547878e-11,1.2483783080877537e-11,1.248378303120336e-11,1.2483782981527732e-11,1.2483782931861108e-11,1.2483782882191198e-11,1.248378283252178e-11,1.2483782782848589e-11,1.248378273318493e-11,1.2483782683517799e-11,1.2483782633851382e-11,1.2483782584185219e-11,1.2483782534522316e-11,1.2483782484855487e-11,1.2483782435191382e-11,1.2483782385528029e-11,1.2483782335867134e-11,1.2483782286202814e-11,1.2483782236541325e-11,1.2483782186880466e-11,1.2483782137220223e-11,1.2483782087552198e-11,1.2483782037901681e-11,1.2483781988243741e-11,1.2483781938588236e-11,1.2483781888929356e-11,1.2483781839272888e-11,1.2483781789615249e-11,1.2483781739960123e-11,1.2483781690307948e-11,1.2483781640654315e-11,1.2483781591001353e-11,1.2483781541351077e-11,1.2483781491695359e-11,1.2483781442045841e-11,1.248378139239566e-11,1.2483781342745794e-11,1.2483781293098807e-11,1.2483781243448129e-11,1.248378119380016e-11,1.2483781144148759e-11,1.248378109450858e-11,1.248378104486072e-11,1.2483780995215327e-11,1.2483780945570653e-11,1.2483780895920604e-11,1.2483780846283292e-11,1.248378079664263e-11,1.248378074699858e-11,1.2483780697352731e-11,1.2483780647716065e-11,1.2483780598076113e-11,1.2483780548436502e-11,1.2483780498793368e-11,1.2483780449159227e-11,1.2483780399517555e-11,1.2483780349884613e-11,1.2483780300248396e-11,1.2483780250608197e-11,1.2483780200973129e-11,1.2483780151343052e-11,1.2483780101709467e-11,1.2483780052078774e-11,1.2483780002444174e-11,1.2483779952811977e-11,1.2483779903180664e-11,1.2483779853552419e-11,1.2483779803922269e-11,1.2483779754293233e-11,1.2483779704662164e-11,1.2483779655036069e-11,1.2483779605406334e-11,1.2483779555781905e-11,1.2483779506151186e-11,1.2483779456527533e-11,1.2483779406902686e-11,1.2483779357278389e-11,1.2483779307654512e-11,1.2483779258033555e-11,1.2483779208409192e-11,1.2483779158787089e-11,1.248377910916609e-11,1.2483779059545524e-11,1.2483779009925562e-11,1.2483778960306028e-11,1.248377891068729e-11,1.2483778861069134e-11,1.2483778811447435e-11,1.2483778761830392e-11,1.2483778712220416e-11,1.2483778662597011e-11,1.2483778612987944e-11,1.2483778563373632e-11,1.2483778513759932e-11,1.2483778464146705e-11,1.2483778414536583e-11,1.2483778364922726e-11,1.2483778315307236e-11,1.2483778265700399e-11,1.2483778216086295e-11,1.2483778166480895e-11,1.2483778116872297e-11,1.2483778067264142e-11,1.2483778017656514e-11,1.2483777968049656e-11,1.2483777918443184e-11,1.2483777868837534e-11,1.2483777819232326e-11,1.2483777769627663e-11,1.248377772002361e-11,1.2483777670420333e-11,1.2483777620817546e-11,1.2483777571213273e-11,1.2483777521613903e-11,1.248377747201324e-11,1.2483777422412812e-11,1.2483777372813074e-11,1.2483777323214058e-11,1.2483777273609539e-11,1.248377722401746e-11,1.2483777174420567e-11,1.2483777124817859e-11,1.2483777075223767e-11,1.2483777025632501e-11,1.248377697603573e-11,1.2483776926445461e-11,1.2483776876850083e-11,1.2483776827258783e-11,1.2483776777664701e-11,1.2483776728072884e-11,1.248377667848172e-11,1.2483776628891104e-11,1.2483776579301008e-11,1.2483776529709808e-11,1.2483776480122663e-11,1.2483776430534412e-11,1.2483776380946764e-11,1.2483776331359783e-11,1.2483776281773305e-11,1.2483776232187616e-11,1.248377618260224e-11,1.2483776133017763e-11,1.2483776083433684e-11,1.2483776033850144e-11,1.2483775984267403e-11,1.2483775934685233e-11,1.248377588510565e-11,1.2483775835524786e-11,1.2483775785944743e-11,1.2483775736364674e-11,1.2483775686783413e-11,1.2483775637204526e-11,1.248377558762835e-11,1.2483775538051085e-11,1.248377548847431e-11,1.2483775438895987e-11,1.2483775389322239e-11,1.2483775339741368e-11,1.2483775290170632e-11,1.248377524059859e-11,1.2483775191023741e-11,1.2483775141446754e-11,1.2483775091874383e-11,1.248377504230698e-11,1.2483774992736066e-11,1.2483774943167469e-11,1.2483774893596042e-11,1.2483774844024878e-11,1.2483774794457854e-11,1.2483774744891796e-11,1.2483774695324176e-11,1.2483774645757528e-11,1.2483774596189193e-11,1.2483774546623356e-11,1.2483774497054322e-11,1.2483774447493487e-11,1.2483774397925705e-11,1.2483774348365941e-11,1.2483774298803234e-11,1.2483774249240998e-11,1.2483774199675512e-11,1.248377415012208e-11,1.2483774100557896e-11,1.2483774050997823e-11,1.2483774001438431e-11,1.2483773951879716e-11,1.2483773902317519e-11,1.2483773852763842e-11,1.2483773803206967e-11,1.2483773753650397e-11,1.2483773704094635e-11,1.2483773654539385e-11,1.2483773604984627e-11,1.2483773555430475e-11,1.2483773505877198e-11,1.2483773456324048e-11,1.2483773406771726e-11,1.2483773357219932e-11,1.2483773307668503e-11,1.248377325811981e-11,1.2483773208569808e-11,1.2483773159012805e-11,1.248377310946908e-11,1.248377305992272e-11,1.248377301036961e-11,1.248377296082581e-11,1.2483772911279427e-11,1.2483772861733224e-11,1.2483772812187875e-11,1.2483772762642779e-11,1.2483772713100423e-11,1.2483772663556608e-11,1.248377261401141e-11,1.2483772564468576e-11,1.2483772514928461e-11,1.2483772465381078e-11,1.2483772415843641e-11,1.2483772366305321e-11,1.2483772316759671e-11,1.2483772267224036e-11,1.2483772217687459e-11,1.2483772168149275e-11,1.2483772118611736e-11,1.2483772069074376e-11,1.248377201953584e-11,1.2483771969999962e-11,1.2483771920466408e-11,1.2483771870931529e-11,1.2483771821395356e-11,1.2483771771863133e-11,1.2483771722328291e-11,1.2483771672795627e-11,1.248377162326159e-11,1.248377157373188e-11,1.2483771524201159e-11,1.248377147466905e-11,1.2483771425140753e-11,1.248377137560961e-11,1.2483771326084691e-11,1.2483771276554667e-11,1.2483771227027142e-11,1.2483771177241202e-11,1.24837711277186e-11,1.248377107793543e-11,1.2483771028406894e-11,1.2483770978883922e-11,1.2483770929102712e-11,1.2483770879322445e-11,1.248377082954329e-11,1.2483770779763056e-11,1.24837707299851e-11,1.248377068020687e-11,1.2483770630427793e-11,1.2483770580651435e-11,1.2483770530873518e-11,1.2483770481098452e-11,1.2483770431321632e-11,1.2483770381544536e-11,1.2483770331771822e-11,1.2483770281997768e-11,1.2483770232225288e-11,1.2483770182452293e-11,1.248377013267853e-11,1.2483770082907785e-11,1.2483770033135161e-11,1.2483769983364259e-11,1.248376993359367e-11,1.248376988382505e-11,1.2483769834054574e-11,1.2483769784285633e-11,1.2483769734515457e-11,1.2483769684750631e-11,1.2483769634983625e-11,1.2483769585216972e-11,1.2483769535449622e-11,1.2483769485685029e-11,1.2483769435918887e-11,1.2483769386152142e-11,1.2483769336390236e-11,1.2483769286627703e-11,1.2483769236863764e-11,1.2483769187101307e-11,1.2483769137339563e-11,1.2483769087578065e-11,1.2483769037817156e-11,1.2483768988056712e-11,1.2483768938296775e-11,1.248376888853745e-11,1.248376883877857e-11,1.2483768789020174e-11,1.2483768739259652e-11,1.2483768689505063e-11,1.2483768639748685e-11,1.2483768589989613e-11,1.2483768540236504e-11,1.2483768490481443e-11,1.2483768440726849e-11,1.2483768390972628e-11,1.2483768341219007e-11,1.2483768291465951e-11,1.2483768241713406e-11,1.248376819196124e-11,1.2483768142211745e-11,1.2483768092458684e-11,1.248376804270599e-11,1.2483767992957884e-11,1.248376794320848e-11,1.2483767893460576e-11,1.2483767843712171e-11,1.2483767793963185e-11,1.2483767744215837e-11,1.2483767694469935e-11,1.2483767644723569e-11,1.2483767594973822e-11,1.2483767545233196e-11,1.2483767495488444e-11,1.2483767445743166e-11,1.2483767395999198e-11,1.2483767346254633e-11,1.248376729651178e-11,1.24837672467694e-11,1.2483767197027607e-11,1.2483767147286266e-11,1.2483767097546423e-11,1.248376704780622e-11,1.2483766998065364e-11,1.2483766948326103e-11,1.248376689858742e-11,1.248376684884714e-11,1.2483766799111338e-11,1.2483766749374197e-11,1.2483766699637291e-11,1.2483766649898213e-11,1.2483766600162428e-11,1.2483766550429925e-11,1.2483766500695403e-11,1.2483766450961048e-11,1.2483766401224623e-11,1.2483766351495016e-11,1.2483766301761625e-11,1.2483766252026385e-11,1.2483766202297453e-11,1.2483766152566169e-11,1.2483766102835502e-11,1.2483766053105189e-11,1.2483766003375383e-11,1.2483765953646084e-11,1.2483765903918451e-11,1.2483765854189367e-11,1.2483765804459602e-11,1.2483765754734151e-11,1.2483765705008638e-11,1.2483765655279323e-11,1.2483765605555501e-11,1.2483765555831361e-11,1.2483765506105746e-11,1.2483765456381446e-11,1.2483765406657483e-11,1.248376535693428e-11,1.248376530721153e-11,1.248376525748917e-11,1.2483765207766593e-11,1.248376515804426e-11,1.248376510832518e-11,1.2483765058604959e-11,1.2483765008885113e-11,1.2483764959163816e-11,1.2483764909446846e-11,1.2483764859728552e-11,1.2483764810010539e-11,1.2483764760293273e-11,1.2483764710576227e-11,1.2483764660859922e-11,1.2483764611144005e-11,1.2483764561428635e-11,1.2483764511713382e-11,1.2483764461999126e-11,1.2483764412285048e-11,1.2483764362571619e-11,1.2483764312858636e-11,1.2483764263144194e-11,1.2483764213433856e-11,1.2483764163722403e-11,1.248376411401137e-11,1.2483764064300793e-11,1.2483764014591686e-11,1.2483763964879225e-11,1.2483763915172093e-11,1.2483763865463505e-11,1.2483763815755377e-11,1.2483763766047827e-11,1.2483763716340667e-11,1.2483763666633894e-11,1.248376361692587e-11,1.248376356722275e-11,1.248376351751671e-11,1.2483763467811951e-11,1.2483763418107767e-11,1.2483763368404902e-11,1.2483763318700653e-11,1.2483763268997765e-11,1.2483763219296236e-11,1.2483763169593465e-11,1.2483763119892003e-11,1.2483763070191071e-11,1.2483763020490504e-11,1.2483762970790548e-11,1.248376292109106e-11,1.2483762871392005e-11,1.2483762821694278e-11,1.2483762771995347e-11,1.2483762722297506e-11,1.2483762672600493e-11,1.2483762622903936e-11,1.2483762573207661e-11,1.2483762523511862e-11,1.2483762473816637e-11,1.2483762424121817e-11,1.2483762374428681e-11,1.2483762324733888e-11,1.2483762275041396e-11,1.2483762225347682e-11,1.2483762175656204e-11,1.2483762125963216e-11,1.2483762076271554e-11,1.2483762026580658e-11,1.2483761976887501e-11,1.248376192719833e-11,1.248376187750858e-11,1.2483761827819593e-11,1.2483761778130991e-11,1.2483761728442916e-11,1.2483761678757104e-11,1.2483761629068093e-11,1.248376157938126e-11,1.2483761529696836e-11,1.2483761480010893e-11,1.2483761430322877e-11,1.248376138064061e-11,1.248376133095644e-11,1.2483761281272516e-11,1.2483761231588947e-11,1.2483761181905812e-11,1.248376113222426e-11,1.2483761082541127e-11,1.2483761032857674e-11,1.248376098317824e-11,1.2483760933497529e-11,1.248376088381723e-11,1.2483760834137535e-11,1.2483760784458005e-11,1.248376073477927e-11,1.2483760685100669e-11,1.2483760635422854e-11,1.2483760585745453e-11,1.2483760536068268e-11,1.2483760486391777e-11,1.248376043671673e-11,1.2483760387040183e-11,1.2483760337364816e-11,1.248376028769025e-11,1.2483760238016009e-11,1.248376018834222e-11,1.2483760138667114e-11,1.248376008899692e-11,1.2483760039323529e-11,1.2483759989649647e-11,1.2483759939979826e-11,1.2483759890308966e-11,1.2483759840636541e-11,1.2483759790969055e-11,1.2483759741299306e-11,1.2483759691629206e-11,1.2483759641961238e-11,1.2483759592290118e-11,1.2483759542622109e-11,1.248375949295751e-11,1.2483759443289802e-11,1.2483759393623285e-11,1.2483759343958369e-11,1.2483759294292727e-11,1.2483759244627501e-11,1.2483759194961695e-11,1.2483759145297401e-11,1.248375909563345e-11,1.2483759045970125e-11,1.2483758996307182e-11,1.2483758946644721e-11,1.248375889698269e-11,1.2483758847321205e-11,1.2483758797660013e-11,1.2483758747999294e-11,1.2483758698339934e-11,1.2483758648680206e-11,1.2483758599019898e-11,1.2483758549360997e-11,1.2483758499702459e-11,1.2483758450045375e-11,1.2483758400387891e-11,1.2483758350729795e-11,1.2483758301073213e-11,1.2483758251417784e-11,1.2483758201761958e-11,1.2483758152103868e-11,1.2483758102451657e-11,1.248375805279445e-11,1.2483758003142244e-11,1.248375795348882e-11,1.2483757903836473e-11,1.2483757854184921e-11,1.2483757804528986e-11,1.2483757754878698e-11,1.2483757705227503e-11,1.2483757655577481e-11,1.2483757605924131e-11,1.2483757556277132e-11,1.2483757506624598e-11,1.2483757456975486e-11,1.248375740732852e-11,1.2483757357682103e-11,1.2483757308030708e-11,1.2483757258383118e-11,1.2483757208737807e-11,1.2483757159091346e-11,1.248375710944615e-11,1.2483757059800446e-11,1.24837570101544e-11,1.2483756960507883e-11,1.248375691086598e-11,1.248375686122226e-11,1.2483756811577731e-11,1.2483756761934487e-11,1.2483756712290111e-11,1.2483756662647671e-11,1.2483756613008673e-11,1.2483756563366383e-11,1.2483756513725491e-11,1.248375646408507e-11,1.2483756414445959e-11,1.248375636480715e-11,1.2483756315164465e-11,1.2483756265527334e-11,1.2483756215890193e-11,1.2483756166252212e-11,1.2483756116613907e-11,1.2483756066977818e-11,1.2483756017340244e-11,1.2483755967704006e-11,1.2483755918066557e-11,1.2483755868433702e-11,1.2483755818798954e-11,1.2483755769161833e-11,1.2483755719529683e-11,1.2483755669896082e-11,1.2483755620264886e-11,1.2483755570632172e-11,1.2483755520999935e-11,1.2483755471364405e-11,1.248375542173456e-11,1.2483755372104518e-11,1.2483755322472975e-11,1.2483755272842767e-11,1.2483755223212987e-11,1.2483755173581942e-11,1.2483755123954708e-11,1.248375507432701e-11,1.2483755024698033e-11,1.2483754975068844e-11,1.2483754925443032e-11,1.2483754875816933e-11,1.248375482618972e-11,1.2483754776564727e-11,1.2483754726938235e-11,1.2483754677313978e-11,1.2483754627688408e-11,1.2483754578064153e-11,1.2483754528441209e-11,1.2483754478818104e-11,1.2483754429194008e-11,1.248375437957137e-11,1.2483754329949098e-11,1.2483754280328313e-11,1.2483754230706024e-11,1.2483754181086031e-11,1.2483754131462937e-11,1.2483754081845315e-11,1.2483754032225576e-11,1.2483753982603683e-11,1.2483753932984653e-11,1.2483753883366407e-11,1.248375383375004e-11,1.2483753784133227e-11,1.2483753734515226e-11,1.2483753684899382e-11,1.2483753635282095e-11,1.2483753585666888e-11,1.2483753536051475e-11,1.2483753486436348e-11,1.248375343682072e-11,1.24837533872073e-11,1.2483753337593414e-11,1.2483753287979003e-11,1.2483753238366858e-11,1.2483753188753252e-11,1.2483753139141868e-11,1.2483753089527385e-11,1.2483753039917567e-11,1.2483752990306603e-11,1.2483752940695986e-11,1.2483752891085748e-11,1.248375284147607e-11,1.2483752791866679e-11,1.2483752742257801e-11,1.2483752692649195e-11,1.248375264304204e-11,1.2483752593433333e-11,1.248375254382588e-11,1.2483752494218962e-11,1.248375244461238e-11,1.2483752395003927e-11,1.2483752345398266e-11,1.2483752295796365e-11,1.248375224618831e-11,1.248375219658712e-11,1.2483752146982193e-11,1.2483752097378401e-11,1.2483752047775223e-11,1.2483751998172388e-11,1.248375194857085e-11,1.2483751898968841e-11,1.248375184936631e-11,1.2483751799765881e-11,1.248375175016505e-11,1.2483751700564484e-11,1.2483751650964652e-11,1.2483751601363965e-11,1.2483751551765668e-11,1.2483751502167107e-11,1.2483751452568696e-11,1.2483751402970466e-11,1.2483751353372954e-11,1.248375130377287e-11,1.2483751254175912e-11,1.2483751204582242e-11,1.2483751154983777e-11,1.2483751105387905e-11,1.2483751055795483e-11,1.2483751006199874e-11,1.2483750956605443e-11,1.2483750907011182e-11,1.2483750857417605e-11,1.248375080782525e-11,1.2483750758232457e-11,1.2483750708639925e-11,1.248375065904702e-11,1.2483750609456075e-11,1.2483750559863916e-11,1.24837505102731e-11,1.2483750460683479e-11,1.2483750411092633e-11,1.2483750361502769e-11,1.2483750311915316e-11,1.2483750262324683e-11,1.2483750212736927e-11,1.2483750163147828e-11,1.2483750113561917e-11,1.2483750063971157e-11,1.248375001438671e-11,1.2483749964800069e-11,1.2483749915213294e-11,1.2483749865627468e-11,1.248374981604211e-11,1.2483749766456873e-11,1.2483749716874027e-11,1.2483749667289126e-11,1.2483749617705303e-11,1.2483749568121606e-11,1.2483749518538636e-11,1.248374946895513e-11,1.248374941937119e-11,1.2483749369789317e-11,1.2483749320210508e-11,1.248374927062852e-11,1.2483749221049604e-11,1.2483749171467661e-11,1.2483749121888504e-11,1.248374907230812e-11,1.2483749022728929e-11,1.2483748973150155e-11,1.2483748923571671e-11,1.2483748873993701e-11,1.2483748824416991e-11,1.2483748774838807e-11,1.2483748725260339e-11,1.2483748675683896e-11,1.2483748626107742e-11,1.2483748576534803e-11,1.248374852695879e-11,1.2483748477383747e-11,1.2483748427809243e-11,1.2483748378235958e-11,1.2483748328661298e-11,1.2483748279087831e-11,1.2483748229514726e-11,1.248374817994216e-11,1.2483748130370105e-11,1.2483748080798174e-11,1.2483748031226624e-11,1.2483747981655524e-11,1.2483747932085637e-11,1.2483747882514517e-11,1.2483747832945381e-11,1.2483747783375675e-11,1.2483747733806303e-11,1.2483747684236586e-11,1.2483747634668125e-11,1.248374758510008e-11,1.2483747535532411e-11,1.2483747485963503e-11,1.2483747436398917e-11,1.2483747386829996e-11,1.2483747337266243e-11,1.2483747287699593e-11,1.2483747238134947e-11,1.2483747188567296e-11,1.2483747139005117e-11,1.2483747089439973e-11,1.2483747039876878e-11,1.2483746990313254e-11,1.2483746940749138e-11,1.2483746891187093e-11,1.248374684162375e-11,1.2483746792061596e-11,1.248374674249995e-11,1.2483746692938559e-11,1.2483746643377672e-11,1.2483746593817023e-11,1.2483746544256781e-11,1.2483746494697058e-11,1.2483746445138428e-11,1.2483746395579385e-11,1.248374634602057e-11,1.2483746296459726e-11,1.2483746246903339e-11,1.2483746197346747e-11,1.2483746147788705e-11,1.2483746098231835e-11,1.2483746048675216e-11,1.2483745999119018e-11,1.2483745949563193e-11,1.2483745900007825e-11,1.2483745850453651e-11,1.2483745800899007e-11,1.2483745751343869e-11,1.2483745701789929e-11,1.2483745652236338e-11,1.2483745602683215e-11,1.2483745553131152e-11,1.2483745503577806e-11,1.2483745454024792e-11,1.248374540447376e-11,1.2483745354922412e-11,1.2483745305371467e-11,1.2483745255820753e-11,1.2483745206271367e-11,1.248374515672068e-11,1.2483745107171988e-11,1.2483745057621846e-11,1.2483745008073055e-11,1.2483744958524576e-11,1.2483744908976472e-11,1.2483744859428798e-11,1.2483744809881264e-11,1.2483744760334216e-11,1.2483744710787618e-11,1.2483744661241402e-11,1.2483744611695626e-11,1.2483744562150022e-11,1.2483744512604824e-11,1.2483744463059957e-11,1.248374441351549e-11,1.2483744363972976e-11,1.2483744314428445e-11,1.2483744264884962e-11,1.2483744215341875e-11,1.2483744165798225e-11,1.2483744116254194e-11,1.2483744066713895e-11,1.248374401717214e-11,1.2483743967631755e-11,1.2483743918090186e-11,1.2483743868549557e-11,1.2483743819009329e-11,1.2483743769469408e-11,1.2483743719929978e-11,1.2483743670390855e-11,1.2483743620849717e-11,1.2483743571313633e-11,1.2483743521775775e-11,1.2483743472239004e-11,1.2483743422700742e-11,1.2483743373163798e-11,1.2483743323628108e-11,1.248374327409088e-11,1.2483743224555917e-11,1.2483743175020353e-11,1.2483743125485106e-11,1.2483743075950124e-11,1.2483743026415697e-11,1.2483742976881589e-11,1.2483742927346792e-11,1.248374287781424e-11,1.2483742828281233e-11,1.2483742778748393e-11,1.2483742729215808e-11,1.2483742679682902e-11,1.2483742630150372e-11,1.248374258062065e-11,1.248374253108882e-11,1.2483742481559044e-11,1.2483742432027755e-11,1.248374238249771e-11,1.248374233296806e-11,1.2483742283438835e-11,1.2483742233910014e-11,1.248374218438142e-11,1.2483742134852423e-11,1.2483742085325364e-11,1.2483742035798789e-11,1.2483741986271818e-11,1.248374193674482e-11,1.248374188721754e-11,1.2483741837691338e-11,1.2483741788165511e-11,1.2483741738639967e-11,1.248374168911675e-11,1.2483741639590365e-11,1.248374159006583e-11,1.2483741540542007e-11,1.2483741491018329e-11,1.2483741441494761e-11,1.2483741391971768e-11,1.248374134244905e-11,1.2483741292926851e-11,1.2483741243404779e-11,1.2483741193883212e-11,1.2483741144359549e-11,1.2483741094838667e-11,1.2483741045322088e-11,1.2483740995801245e-11,1.2483740946280275e-11,1.2483740896762216e-11,1.2483740847241333e-11,1.2483740797722367e-11,1.2483740748203748e-11,1.2483740698685713e-11,1.2483740649167748e-11,1.2483740599650218e-11,1.2483740550134058e-11,1.2483740500616263e-11,1.2483740451099584e-11,1.2483740401584328e-11,1.2483740352066019e-11,1.248374030255197e-11,1.2483740253037001e-11,1.2483740203522097e-11,1.248374015400762e-11,1.248374010449349e-11,1.2483740054979628e-11,1.2483740005466046e-11,1.2483739955952934e-11,1.2483739906439996e-11,1.2483739856927514e-11,1.2483739807415471e-11,1.2483739757903551e-11,1.2483739708393065e-11,1.2483739658881951e-11,1.2483739609371138e-11,1.248373955985992e-11,1.2483739510349725e-11,1.24837394608398e-11,1.248373941133039e-11,1.2483739361821455e-11,1.248373931231286e-11,1.2483739262801866e-11,1.248373921329612e-11,1.248373916378846e-11,1.2483739114280878e-11,1.2483739064773784e-11,1.2483739015267034e-11,1.2483738965761497e-11,1.248373891625441e-11,1.2483738866749516e-11,1.248373881724329e-11,1.2483738767737987e-11,1.2483738718233154e-11,1.2483738668728757e-11,1.2483738619224488e-11,1.2483738569720834e-11,1.2483738520217144e-11,1.2483738470714851e-11,1.2483738421211492e-11,1.24837383717091e-11,1.2483738322206906e-11,1.248373827270521e-11,1.248373822320358e-11,1.2483738173702551e-11,1.2483738124201697e-11,1.2483738074701244e-11,1.2483738025201895e-11,1.248373797570099e-11,1.2483737926201514e-11,1.248373787670313e-11,1.2483737827203548e-11,1.2483737777704857e-11,1.2483737728207525e-11,1.2483737678709736e-11,1.2483737629211274e-11,1.2483737579713897e-11,1.2483737530217075e-11,1.2483737480720482e-11,1.248373743122413e-11,1.248373738172816e-11,1.2483737332230854e-11,1.2483737282737992e-11,1.2483737233242073e-11,1.2483737183748191e-11,1.2483737134253875e-11,1.2483737084759768e-11,1.2483737035265833e-11,1.248373698577161e-11,1.2483736936278446e-11,1.2483736886785664e-11,1.2483736837293207e-11,1.2483736787801033e-11,1.2483736738310171e-11,1.248373668881864e-11,1.2483736639326519e-11,1.2483736589836621e-11,1.2483736540345974e-11,1.248373649085466e-11,1.2483736441364813e-11,1.2483736391875143e-11,1.2483736342384282e-11,1.2483736292897834e-11,1.2483736243408416e-11,1.2483736193918423e-11,1.2483736144431976e-11,1.2483736094944338e-11,1.2483736045457814e-11,1.2483735995970878e-11,1.2483735946483172e-11,1.2483735896996806e-11,1.2483735847510613e-11,1.2483735798024801e-11,1.2483735748539247e-11,1.2483735699054996e-11,1.2483735649569363e-11,1.2483735600085613e-11,1.2483735550600614e-11,1.248373550111753e-11,1.2483735451633192e-11,1.248373540214815e-11,1.2483735352666756e-11,1.2483735303184212e-11,1.2483735253701925e-11,1.2483735204218218e-11,1.2483735154738143e-11,1.2483735105256752e-11,1.2483735055775497e-11,1.2483735006295568e-11,1.2483734956815242e-11,1.2483734907334902e-11,1.248373485785434e-11,1.2483734808375709e-11,1.2483734758895643e-11,1.2483734709416648e-11,1.2483734659938136e-11,1.2483734610460533e-11,1.2483734560981801e-11,1.248373451150411e-11,1.2483734462027627e-11,1.2483734412548211e-11,1.2483734363072923e-11,1.2483734313596553e-11,1.248373426411893e-11,1.248373421464312e-11,1.2483734165167522e-11,1.2483734115694919e-11,1.2483734066219216e-11,1.2483734016744653e-11,1.2483733967271194e-11,1.2483733917798284e-11,1.2483733868322912e-11,1.24837338188474e-11,1.2483733769376551e-11,1.2483733719904856e-11,1.248373367043146e-11,1.2483733620959295e-11,1.248373357148742e-11,1.2483733522016018e-11,1.2483733472544704e-11,1.2483733423074724e-11,1.2483733373604137e-11,1.2483733324132891e-11,1.2483733274662804e-11,1.2483733225193038e-11,1.248373317572373e-11,1.2483733126254533e-11,1.24837330767883e-11,1.2483733027319918e-11,1.2483732977852478e-11,1.2483732928386321e-11,1.2483732878919701e-11,1.2483732829454037e-11,1.248373277998962e-11,1.2483732730525475e-11,1.2483732681060034e-11,1.2483732631594147e-11,1.248373258213008e-11,1.2483732532665727e-11,1.2483732483202278e-11,1.2483732433738343e-11,1.2483732384270714e-11,1.2483732334811382e-11,1.248373228534859e-11,1.2483732235884946e-11,1.2483732186421725e-11,1.248373213696048e-11,1.2483732087498483e-11,1.2483732038037803e-11,1.2483731988574892e-11,1.2483731939116525e-11,1.2483731889657484e-11,1.2483731840198932e-11,1.2483731790741087e-11,1.2483731741282743e-11,1.2483731691824871e-11,1.2483731642367458e-11,1.2483731592910344e-11,1.2483731543453433e-11,1.2483731493996912e-11,1.2483731444540686e-11,1.2483731395080512e-11,1.2483731345626968e-11,1.2483731296171051e-11,1.2483731246715788e-11,1.2483731197260949e-11,1.2483731147806479e-11,1.2483731098348226e-11,1.2483731048896464e-11,1.2483730999442421e-11,1.2483730949984655e-11,1.2483730900533306e-11,1.2483730851080752e-11,1.2483730801628365e-11,1.2483730752171924e-11,1.2483730702717326e-11,1.248373065326737e-11,1.2483730603816337e-11,1.2483730554365833e-11,1.2483730504915306e-11,1.2483730455464431e-11,1.2483730406014446e-11,1.2483730356564483e-11,1.2483730307114918e-11,1.2483730257665715e-11,1.248373020821669e-11,1.2483730158768001e-11,1.2483730109315328e-11,1.2483730059869025e-11,1.2483730010421104e-11,1.2483729960973549e-11,1.2483729911527088e-11,1.2483729862079457e-11,1.248372981263259e-11,1.248372976318624e-11,1.2483729713740408e-11,1.2483729664294551e-11,1.2483729614849651e-11,1.2483729565402849e-11,1.2483729515956475e-11,1.2483729466512285e-11,1.2483729417062908e-11,1.2483729367621218e-11,1.248372931817739e-11,1.248372926872919e-11,1.2483729219288077e-11,1.2483729169840351e-11,1.2483729120399364e-11,1.2483729070957562e-11,1.2483729021515532e-11,1.2483728972073648e-11,1.2483728922632239e-11,1.2483728873190898e-11,1.2483728823749479e-11,1.2483728774309446e-11,1.2483728724867502e-11,1.248372867542647e-11,1.248372862598591e-11,1.248372857654241e-11,1.2483728527104874e-11,1.2483728477666032e-11,1.2483728428228087e-11,1.248372837878968e-11,1.2483728329349564e-11,1.2483728279912297e-11,1.2483728230472672e-11,1.2483728181034133e-11,1.24837281315957e-11,1.2483728082157593e-11,1.2483728032719692e-11,1.2483727983282237e-11,1.2483727933844922e-11,1.2483727884409891e-11,1.2483727834974722e-11,1.2483727785539778e-11,1.2483727736105157e-11,1.2483727686665535e-11,1.2483727637228653e-11,1.2483727587791874e-11,1.2483727538359066e-11,1.2483727488925035e-11,1.2483727439488648e-11,1.2483727390051524e-11,1.2483727340619169e-11,1.2483727291185524e-11,1.2483727241752238e-11,1.2483727192319038e-11,1.2483727142883264e-11,1.2483727093449438e-11,1.2483727044018918e-11,1.2483726994584027e-11,1.2483726945151085e-11,1.2483726895718031e-11,1.2483726846289204e-11,1.2483726796858427e-11,1.248372674742789e-11,1.2483726697997531e-11,1.248372664856754e-11,1.2483726599137822e-11,1.2483726549708935e-11,1.248372650027899e-11,1.2483726450850116e-11,1.2483726401421428e-11,1.2483726351993099e-11,1.248372630256483e-11,1.2483726253137208e-11,1.2483726203709549e-11,1.2483726154282273e-11,1.2483726104855147e-11,1.2483726055428451e-11,1.2483726006002e-11,1.2483725956575775e-11,1.2483725907149969e-11,1.2483725857724226e-11,1.2483725808298866e-11,1.2483725758873593e-11,1.2483725709448786e-11,1.248372566002424e-11,1.2483725610599965e-11,1.2483725561175887e-11,1.2483725511752087e-11,1.2483725462329336e-11,1.2483725412905514e-11,1.248372536348507e-11,1.2483725314061182e-11,1.2483725264638863e-11,1.248372521521646e-11,1.248372516579447e-11,1.248372511637344e-11,1.2483725066951768e-11,1.2483725017531722e-11,1.2483724968110743e-11,1.2483724918690185e-11,1.2483724869269907e-11,1.2483724819849835e-11,1.2483724770429977e-11,1.2483724721011026e-11,1.2483724671591913e-11,1.2483724622172334e-11,1.2483724572754267e-11,1.2483724523335191e-11,1.2483724473917045e-11,1.2483724424498585e-11,1.2483724375081458e-11,1.2483724325664766e-11,1.2483724276247053e-11,1.248372422682997e-11,1.248372417741349e-11,1.2483724127997095e-11,1.2483724078581135e-11,1.2483724029165234e-11,1.2483723979746004e-11,1.2483723930333281e-11,1.2483723880918222e-11,1.24837238315043e-11,1.2483723782089197e-11,1.2483723732674936e-11,1.2483723683261633e-11,1.2483723633847138e-11,1.2483723584434434e-11,1.2483723535020577e-11,1.248372348560762e-11,1.2483723436194919e-11,1.2483723386782705e-11,1.2483723337371261e-11,1.2483723287959453e-11,1.2483723238547305e-11,1.2483723189136108e-11,1.2483723139724967e-11,1.2483723090314145e-11,1.2483723040903702e-11,1.248372299149324e-11,1.2483722942083977e-11,1.248372289267369e-11,1.2483722843264794e-11,1.2483722793854793e-11,1.2483722744445966e-11,1.2483722695037681e-11,1.2483722645628705e-11,1.2483722596221916e-11,1.2483722546812673e-11,1.2483722497404794e-11,1.2483722447997344e-11,1.248372239859023e-11,1.2483722349183352e-11,1.2483722299775518e-11,1.2483722250370913e-11,1.2483722200964916e-11,1.2483722151558324e-11,1.248372210215129e-11,1.2483722052747173e-11,1.2483722003341913e-11,1.2483721953937733e-11,1.2483721904533244e-11,1.2483721855128222e-11,1.2483721805724684e-11,1.2483721756320219e-11,1.248372170691584e-11,1.2483721657513852e-11,1.2483721608110914e-11,1.2483721558707515e-11,1.2483721509304943e-11,1.2483721459902728e-11,1.2483721410500673e-11,1.2483721361098925e-11,1.2483721311697794e-11,1.2483721262295952e-11,1.2483721212894913e-11,1.2483721163494091e-11,1.248372111409355e-11,1.248372106469338e-11,1.2483721015293175e-11,1.248372096589348e-11,1.2483720916493806e-11,1.2483720867093992e-11,1.2483720817695654e-11,1.2483720768296856e-11,1.248372071889893e-11,1.2483720669500255e-11,1.2483720620102428e-11,1.2483720570704911e-11,1.2483720521307393e-11,1.248372047191005e-11,1.248372042251177e-11,1.2483720373116248e-11,1.2483720323719653e-11,1.248372027432343e-11,1.2483720224926768e-11,1.2483720175530567e-11,1.2483720126135774e-11,1.2483720076739171e-11,1.2483720027345952e-11,1.2483719977949493e-11,1.2483719928556198e-11,1.2483719879163004e-11,1.2483719829769019e-11,1.2483719780374534e-11,1.2483719730981149e-11,1.2483719681588611e-11,1.2483719632190745e-11,1.248371958279385e-11,1.2483719533397385e-11,1.2483719484000868e-11,1.2483719434604922e-11,1.2483719385213794e-11,1.2483719335817522e-11,1.2483719286422073e-11,1.2483719237026923e-11,1.248371918763202e-11,1.248371913823723e-11,1.2483719088842844e-11,1.2483719039448825e-11,1.2483718990054798e-11,1.2483718940661094e-11,1.2483718891267667e-11,1.248371884187436e-11,1.2483718792481346e-11,1.2483718743088692e-11,1.248371869369624e-11,1.2483718644303877e-11,1.2483718594911987e-11,1.248371854552335e-11,1.2483718496135861e-11,1.2483718446745814e-11,1.2483718397354925e-11,1.2483718347964203e-11,1.2483718298573522e-11,1.2483718249183204e-11,1.248371819979318e-11,1.2483718150403311e-11,1.2483718101013704e-11,1.2483718051624325e-11,1.2483718002238216e-11,1.2483717952850519e-11,1.2483717903461845e-11,1.2483717854073533e-11,1.2483717804685478e-11,1.2483717755299288e-11,1.2483717705911504e-11,1.2483717656524099e-11,1.2483717607135374e-11,1.2483717557748463e-11,1.2483717508361698e-11,1.2483717458976865e-11,1.248371740958912e-11,1.2483717360203034e-11,1.2483717310818873e-11,1.2483717261432081e-11,1.2483717212046668e-11,1.2483717162665866e-11,1.2483717113280997e-11,1.2483717063896365e-11,1.2483717014514434e-11,1.2483716965132197e-11,1.2483716915752085e-11,1.2483716866367297e-11,1.2483716816987075e-11,1.2483716767608758e-11,1.2483716718229965e-11,1.2483716668850868e-11,1.248371661947125e-11,1.2483716570090372e-11,1.248371652071305e-11,1.2483716471334877e-11,1.2483716421957511e-11,1.2483716372581074e-11,1.2483716323204272e-11,1.2483716273826902e-11,1.248371622445047e-11,1.2483716175074339e-11,1.248371612569833e-11,1.2483716076322664e-11,1.2483716026947878e-11,1.2483715977573254e-11,1.248371592819694e-11,1.2483715878822231e-11,1.2483715829447554e-11,1.2483715780072065e-11,1.248371573069917e-11,1.2483715681324153e-11,1.2483715631952389e-11,1.2483715582578535e-11,1.2483715533205372e-11,1.248371548383302e-11,1.2483715434459866e-11,1.2483715385087201e-11,1.2483715335715064e-11,1.2483715286342955e-11,1.2483715236971317e-11,1.2483715187599751e-11,1.2483715138228463e-11,1.2483715088857461e-11,1.2483715039486566e-11,1.2483714990116485e-11,1.2483714940745504e-11,1.248371489137342e-11,1.2483714842005279e-11,1.2483714792636397e-11,1.2483714743267069e-11,1.2483714693897663e-11,1.2483714644528742e-11,1.2483714595159456e-11,1.2483714545790866e-11,1.2483714496422743e-11,1.248371444705544e-11,1.248371439768634e-11,1.2483714348319442e-11,1.2483714298951988e-11,1.2483714249584983e-11,1.2483714200216166e-11,1.2483714150851172e-11,1.2483714101484919e-11,1.2483714052116923e-11,1.2483714002752508e-11,1.2483713953388193e-11,1.2483713904022216e-11,1.248371385465639e-11,1.2483713805291308e-11,1.2483713755926268e-11,1.2483713706561759e-11,1.2483713657197295e-11,1.2483713607833208e-11,1.2483713558469006e-11,1.2483713509106165e-11,1.248371345974281e-11,1.248371341037714e-11,1.2483713361015827e-11,1.2483713311653021e-11,1.2483713262290362e-11,1.2483713212927997e-11,1.2483713163565805e-11,1.2483713114203901e-11,1.2483713064842101e-11,1.2483713015480596e-11,1.2483712966119409e-11,1.2483712916758302e-11,1.2483712867397445e-11,1.2483712818036865e-11,1.2483712768675232e-11,1.2483712719316386e-11,1.2483712669956338e-11,1.248371262059666e-11,1.2483712571237062e-11,1.2483712521877904e-11,1.24837124725189e-11,1.2483712423159979e-11,1.2483712373801438e-11,1.248371232444317e-11,1.2483712275084925e-11,1.2483712225726804e-11,1.2483712176369066e-11,1.2483712127011726e-11,1.248371207765446e-11,1.2483712028297279e-11,1.2483711978940368e-11,1.2483711929582375e-11,1.2483711880225855e-11,1.2483711830870956e-11,1.2483711781515714e-11,1.2483711732159413e-11,1.2483711682804457e-11,1.2483711633449296e-11,1.2483711584094056e-11,1.2483711534739279e-11,1.2483711485384158e-11,1.2483711436029711e-11,1.248371138667558e-11,1.2483711337321506e-11,1.248371128796768e-11,1.2483711238614229e-11,1.2483711189260719e-11,1.2483711139907788e-11,1.2483711090554895e-11,1.2483711041202154e-11,1.2483710991850337e-11,1.2483710942498081e-11,1.2483710893145536e-11,1.2483710843793714e-11,1.2483710794442198e-11,1.2483710745090793e-11,1.2483710695740312e-11,1.248371064638934e-11,1.2483710597037469e-11,1.2483710547687518e-11,1.2483710498337333e-11,1.2483710448987145e-11,1.2483710399637945e-11,1.2483710350288443e-11,1.2483710300938887e-11,1.2483710251588915e-11,1.2483710202239898e-11,1.2483710152891028e-11,1.2483710103543087e-11,1.2483710054194739e-11,1.2483710004846716e-11,1.2483709955498666e-11,1.2483709906146047e-11,1.2483709856801385e-11,1.248370980745415e-11,1.2483709758106865e-11,1.2483709708761028e-11,1.2483709659413439e-11,1.2483709610065915e-11,1.2483709560720842e-11,1.2483709511374991e-11,1.2483709462029677e-11,1.248370941268405e-11,1.2483709363338088e-11,1.2483709313993365e-11,1.2483709264648053e-11,1.248370921530378e-11,1.2483709165958652e-11,1.2483709116614311e-11,1.248370906727023e-11,1.2483709017926286e-11,1.2483708968582489e-11,1.2483708919238968e-11,1.248370886989566e-11,1.2483708820552703e-11,1.2483708771209882e-11,1.2483708721866985e-11,1.2483708672525277e-11,1.2483708623182417e-11,1.2483708573840347e-11,1.2483708524498482e-11,1.2483708475158098e-11,1.2483708425816255e-11,1.248370837647503e-11,1.2483708327133398e-11,1.2483708277792703e-11,1.2483708228452826e-11,1.2483708179112969e-11,1.2483708129772198e-11,1.2483708080432245e-11,1.2483708031092504e-11,1.2483707981752895e-11,1.2483707932413767e-11,1.2483707883074107e-11,1.2483707833735647e-11,1.2483707784397105e-11,1.2483707735058518e-11,1.2483707685719633e-11,1.2483707636381528e-11,1.248370758704358e-11,1.248370753770666e-11,1.2483707488368635e-11,1.2483707439031244e-11,1.2483707389694612e-11,1.2483707340358103e-11,1.2483707291021463e-11,1.248370724168532e-11,1.2483707192348923e-11,1.2483707143012341e-11,1.2483707093677213e-11,1.2483707044341102e-11,1.2483706995005578e-11,1.2483706945670568e-11,1.248370689633618e-11,1.2483706847001311e-11,1.2483706797666704e-11,1.248370674833192e-11,1.2483706698997408e-11,1.2483706649663658e-11,1.2483706600329732e-11,1.248370655099629e-11,1.2483706501662942e-11,1.2483706452329902e-11,1.2483706402996963e-11,1.2483706353664088e-11,1.2483706304331576e-11,1.2483706254998645e-11,1.2483706205666265e-11,1.2483706156334949e-11,1.248370610700314e-11,1.2483706057671506e-11,1.2483706008340099e-11,1.2483705959009122e-11,1.248370590967815e-11,1.2483705860347418e-11,1.2483705811017448e-11,1.2483705761687153e-11,1.2483705712356418e-11,1.248370566302639e-11,1.2483705613696594e-11,1.248370556436713e-11,1.2483705515037845e-11,1.2483705465708491e-11,1.24837054163785e-11,1.2483705367050813e-11,1.2483705317722348e-11,1.2483705268393972e-11,1.248370521906525e-11,1.2483705169737696e-11,1.2483705120410076e-11,1.2483705071083048e-11,1.2483705021755225e-11,1.2483704972427813e-11,1.2483704923099913e-11,1.248370487377473e-11,1.248370482444775e-11,1.2483704775121929e-11,1.2483704725795806e-11,1.248370467646995e-11,1.2483704627144025e-11,1.2483704577818546e-11,1.2483704528493197e-11,1.2483704479168062e-11,1.2483704429842941e-11,1.2483704380518298e-11,1.2483704331193066e-11,1.2483704281868847e-11,1.2483704232544707e-11,1.2483704183220678e-11,1.2483704133896987e-11,1.2483704084573398e-11,1.2483704035249942e-11,1.248370398592685e-11,1.248370393660212e-11,1.2483703887281406e-11,1.2483703837959032e-11,1.2483703788636541e-11,1.2483703739314262e-11,1.2483703689989904e-11,1.248370364067019e-11,1.248370359134622e-11,1.248370354202633e-11,1.2483703492703316e-11,1.2483703443384588e-11,1.2483703394063752e-11,1.2483703344743168e-11,1.2483703295422612e-11,1.2483703246102855e-11,1.2483703196779798e-11,1.2483703147462655e-11,1.2483703098143019e-11,1.248370304882228e-11,1.2483702999503429e-11,1.2483702950184294e-11,1.2483702900864629e-11,1.2483702851545794e-11,1.248370280222717e-11,1.2483702752908739e-11,1.2483702703590363e-11,1.2483702654272359e-11,1.2483702604954528e-11,1.2483702555636935e-11,1.2483702506319527e-11,1.2483702457002218e-11,1.2483702407685114e-11,1.248370235836831e-11,1.2483702309051433e-11,1.2483702259734908e-11,1.2483702210418737e-11,1.2483702161103118e-11,1.2483702111786698e-11,1.2483702062470786e-11,1.2483702013155839e-11,1.2483701963840037e-11,1.2483701914524889e-11,1.2483701865209898e-11,1.248370181589513e-11,1.2483701766580525e-11,1.2483701717266052e-11,1.2483701667951853e-11,1.2483701618637956e-11,1.2483701569324666e-11,1.2483701520010982e-11,1.2483701470697514e-11,1.2483701421384297e-11,1.2483701372071065e-11,1.248370132275809e-11,1.2483701273445506e-11,1.2483701224133688e-11,1.2483701174821255e-11,1.248370112550843e-11,1.248370107619594e-11,1.2483701026884728e-11,1.2483700977573632e-11,1.2483700928261625e-11,1.2483700878950346e-11,1.2483700829639307e-11,1.2483700780326179e-11,1.2483700731017144e-11,1.2483700681707848e-11,1.248370063239639e-11,1.2483700583084608e-11,1.2483700533774651e-11,1.2483700484467093e-11,1.2483700435158223e-11,1.2483700385848187e-11,1.248370033653899e-11,1.2483700287227786e-11,1.2483700237921873e-11,1.2483700188612168e-11,1.2483700139303702e-11,1.2483700089991241e-11,1.248370004068569e-11,1.2483699991375453e-11,1.2483699942070479e-11,1.2483699892763672e-11,1.248369984345633e-11,1.2483699794148615e-11,1.2483699744841626e-11,1.248369969553382e-11,1.248369964622827e-11,1.2483699596921815e-11,1.2483699547615632e-11,1.2483699498309522e-11,1.248369944900421e-11,1.2483699399698567e-11,1.2483699350392449e-11,1.2483699301087156e-11,1.2483699251782446e-11,1.2483699202477032e-11,1.2483699153172105e-11,1.2483699103867609e-11,1.248369905456189e-11,1.2483699005258826e-11,1.2483698955955306e-11,1.2483698906650886e-11,1.2483698857347139e-11,1.2483698808043607e-11,1.2483698758740237e-11,1.2483698709437041e-11,1.2483698660134094e-11,1.2483698610831057e-11,1.248369856152853e-11,1.2483698512226125e-11,1.248369846292481e-11,1.2483698413620628e-11,1.2483698364319829e-11,1.248369831501695e-11,1.2483698265716977e-11,1.2483698216415815e-11,1.2483698167114059e-11,1.2483698117811405e-11,1.2483698068512563e-11,1.248369801921039e-11,1.2483697969909815e-11,1.2483697920611088e-11,1.2483697871311162e-11,1.2483697822010668e-11,1.2483697772710701e-11,1.2483697723411246e-11,1.2483697674110107e-11,1.248369762481124e-11,1.2483697575513149e-11,1.2483697526213433e-11,1.2483697476915747e-11,1.2483697427617084e-11,1.2483697378318868e-11,1.2483697329020154e-11,1.2483697279723327e-11,1.2483697230424744e-11,1.2483697181127854e-11,1.2483697131829789e-11,1.2483697082532894e-11,1.2483697033235225e-11,1.2483696983938864e-11,1.2483696934641445e-11,1.2483696885344778e-11,1.2483696836046696e-11,1.2483696786752628e-11,1.2483696737456003e-11,1.248369668815894e-11,1.2483696638863202e-11,1.2483696589567087e-11,1.2483696540273396e-11,1.2483696490976634e-11,1.2483696441683035e-11,1.2483696392388316e-11,1.2483696343093557e-11,1.2483696293799003e-11,1.2483696244503504e-11,1.2483696195210372e-11,1.2483696145916451e-11,1.2483696096622692e-11,1.2483696047329516e-11,1.2483695998035381e-11,1.2483695948740838e-11,1.2483695899447651e-11,1.2483695850156676e-11,1.2483695800862182e-11,1.2483695751570723e-11,1.2483695702278184e-11,1.2483695652986457e-11,1.2483695603693842e-11,1.2483695554401912e-11,1.2483695505110652e-11,1.2483695455818565e-11,1.2483695406527136e-11,1.2483695357236035e-11,1.2483695307944649e-11,1.2483695258652215e-11,1.2483695209363125e-11,1.2483695160072535e-11,1.248369511078223e-11,1.2483695061492144e-11,1.248369501220266e-11,1.248369496291218e-11,1.2483694913621247e-11,1.2483694864332805e-11,1.2483694815043637e-11,1.248369476575449e-11,1.248369471646604e-11,1.248369466717719e-11,1.2483694617887922e-11,1.2483694568598381e-11,1.2483694519311066e-11,1.2483694470022846e-11,1.2483694420734743e-11,1.248369437144601e-11,1.2483694322159744e-11,1.2483694272871733e-11,1.2483694223584818e-11,1.2483694174297825e-11,1.2483694125010158e-11,1.2483694075723243e-11,1.248369402643671e-11,1.248369397714921e-11,1.2483693927863866e-11,1.2483693878577628e-11,1.2483693829291629e-11,1.2483693780006305e-11,1.2483693730720111e-11,1.2483693681434757e-11,1.2483693632149347e-11,1.2483693582864307e-11,1.248369353357831e-11,1.2483693484294312e-11,1.2483693435009545e-11,1.248369338572573e-11,1.248369333644109e-11,1.2483693287154975e-11,1.2483693237872579e-11,1.2483693188589195e-11,1.2483693139305108e-11,1.2483693090021558e-11,1.2483693040738302e-11,1.24836929914551e-11,1.2483692942172029e-11,1.2483692892889172e-11,1.2483692843606567e-11,1.2483692794323944e-11,1.2483692745041604e-11,1.248369269575964e-11,1.2483692646477454e-11,1.2483692597196587e-11,1.2483692547912433e-11,1.2483692498632466e-11,1.2483692449351202e-11,1.2483692400070098e-11,1.2483692350789061e-11,1.2483692301507183e-11,1.2483692252227357e-11,1.248369220294737e-11,1.2483692153666369e-11,1.2483692104386709e-11,1.2483692055106122e-11,1.2483692005826816e-11,1.2483691956545532e-11,1.2483691907266882e-11,1.2483691857987554e-11,1.2483691808708412e-11,1.2483691759429273e-11,1.2483691710150464e-11,1.2483691660871719e-11,1.2483691611593305e-11,1.248369156231477e-11,1.2483691513037158e-11,1.248369146375827e-11,1.2483691414480333e-11,1.248369136520325e-11,1.2483691315925124e-11,1.2483691266647782e-11,1.2483691217370292e-11,1.2483691168093288e-11,1.2483691118816716e-11,1.2483691069539363e-11,1.2483691020262671e-11,1.2483690970987738e-11,1.2483690921711914e-11,1.248369087243519e-11,1.2483690823159215e-11,1.2483690773883213e-11,1.248369072460788e-11,1.2483690675331908e-11,1.248369062605645e-11,1.2483690576781184e-11,1.2483690527506177e-11,1.2483690478231402e-11,1.2483690428957048e-11,1.2483690379680891e-11,1.2483690330406456e-11,1.2483690281133158e-11,1.2483690231859003e-11,1.248369018258555e-11,1.2483690133311333e-11,1.2483690084038166e-11,1.2483690034764265e-11,1.2483689985490838e-11,1.2483689936217697e-11,1.2483689886944559e-11,1.2483689837671664e-11,1.2483689788399718e-11,1.2483689739127164e-11,1.2483689689854412e-11,1.2483689640582123e-11,1.2483689591309801e-11,1.2483689542037941e-11,1.2483689492766253e-11,1.2483689443494858e-11,1.2483689394224608e-11,1.2483689344955238e-11,1.2483689295682633e-11,1.2483689246412676e-11,1.2483689197141944e-11,1.248368914787121e-11,1.2483689098600871e-11,1.2483689049330422e-11,1.2483689000060228e-11,1.2483688950790194e-11,1.2483688901520242e-11,1.2483688852250395e-11,1.2483688802980865e-11,1.2483688753711437e-11,1.248368870444232e-11,1.2483688655173131e-11,1.2483688605904066e-11,1.2483688556635203e-11,1.2483688507366522e-11,1.248368845809802e-11,1.2483688408829583e-11,1.2483688359561374e-11,1.248368831029324e-11,1.2483688261025881e-11,1.248368821175644e-11,1.2483688162489917e-11,1.2483688113222582e-11,1.2483688063955466e-11,1.2483688014688286e-11,1.2483687965421293e-11,1.2483687916154595e-11,1.2483687866886932e-11,1.248368781762177e-11,1.2483687768355036e-11,1.2483687719089383e-11,1.2483687669822884e-11,1.2483687620557383e-11,1.2483687571291559e-11,1.2483687522025409e-11,1.2483687472760527e-11,1.2483687423495368e-11,1.2483687374228543e-11,1.2483687324965152e-11,1.2483687275696472e-11,1.2483687226433756e-11,1.248368717716977e-11,1.2483687127905393e-11,1.2483687078640611e-11,1.2483687029376721e-11,1.248368698011271e-11,1.24836869308494e-11,1.2483686881585298e-11,1.2483686832321815e-11,1.2483686783058485e-11,1.24836867337943e-11,1.2483686684528855e-11,1.2483686635268447e-11,1.2483686586005357e-11,1.2483686536742675e-11,1.2483686487480811e-11,1.2483686438218112e-11,1.2483686388955779e-11,1.2483686339693915e-11,1.248368629042879e-11,1.2483686241169689e-11,1.248368619190815e-11,1.24836861426432e-11,1.2483686093380462e-11,1.2483686044118092e-11,1.2483685994859722e-11,1.2483685945599057e-11,1.2483685896334729e-11,1.2483685847076616e-11,1.2483685797815844e-11,1.2483685748556221e-11,1.248368569929267e-11,1.2483685650034645e-11,1.2483685600771934e-11,1.2483685551514477e-11,1.2483685502254599e-11,1.2483685452995148e-11,1.2483685403735829e-11,1.2483685354477566e-11,1.2483685305216495e-11,1.2483685255959453e-11,1.2483685206697856e-11,1.2483685157441884e-11,1.2483685108183771e-11,1.248368505892209e-11,1.2483685009666255e-11,1.2483684960405088e-11,1.248368491114966e-11,1.2483684861892222e-11,1.2483684812634107e-11,1.2483684763377025e-11,1.2483684714121738e-11,1.2483684664864227e-11,1.2483684615608004e-11,1.2483684566350554e-11,1.2483684517091449e-11,1.2483684467833724e-11,1.248368441857895e-11,1.248368436932271e-11,1.2483684320067545e-11,1.2483684270812999e-11,1.2483684221557045e-11,1.2483684172301233e-11,1.2483684123046363e-11,1.2483684073787584e-11,1.2483684024534856e-11,1.2483683975279954e-11,1.248368392602531e-11,1.2483683876770541e-11,1.248368382751608e-11,1.2483683778261198e-11,1.2483683729007276e-11,1.2483683679753207e-11,1.2483683630499289e-11,1.2483683581247032e-11,1.2483683531992863e-11,1.2483683482741378e-11,1.2483683433488776e-11,1.2483683384236986e-11,1.2483683334980688e-11,1.2483683285730018e-11,1.2483683236477145e-11,1.2483683187222e-11,1.2483683137967965e-11,1.248368308871728e-11,1.2483683039462866e-11,1.2483682990209529e-11,1.2483682940956363e-11,1.248368289170766e-11,1.2483682842455715e-11,1.248368279320603e-11,1.248368274395432e-11,1.2483682694700662e-11,1.2483682645452616e-11,1.2483682596202714e-11,1.2483682546953374e-11,1.2483682497704108e-11,1.2483682448454975e-11,1.2483682399206024e-11,1.248368234995297e-11,1.2483682300706099e-11,1.2483682251457452e-11,1.248368220220899e-11,1.2483682152956747e-11,1.2483682103710011e-11,1.2483682054462064e-11,1.2483682005214246e-11,1.2483681955966959e-11,1.2483681906719217e-11,1.2483681857471773e-11,1.2483681808224105e-11,1.2483681758976786e-11,1.2483681709726034e-11,1.2483681660478305e-11,1.2483681611230958e-11,1.2483681561982439e-11,1.2483681512735412e-11,1.2483681463489068e-11,1.248368141424287e-11,1.2483681364996787e-11,1.248368131574884e-11,1.24836812665025e-11,1.2483681217254298e-11,1.2483681168008844e-11,1.2483681118763446e-11,1.2483681069518198e-11,1.2483681020270591e-11,1.248368097102309e-11,1.2483680921778286e-11,1.2483680872529526e-11,1.2483680823283933e-11,1.2483680774036906e-11,1.248368072479072e-11,1.248368067554411e-11,1.2483680626295332e-11,1.2483680577050382e-11,1.2483680527802602e-11,1.2483680478557955e-11,1.2483680429312838e-11,1.2483680380066266e-11,1.2483680330820916e-11,1.2483680281574778e-11,1.2483680232329172e-11,1.2483680183083955e-11,1.2483680133839382e-11,1.248368008459407e-11,1.2483680035348694e-11,1.24836799861037e-11,1.248367993685962e-11,1.2483679887614558e-11,1.2483679838369025e-11,1.248367978912584e-11,1.248367973988235e-11,1.2483679690638404e-11,1.248367964139415e-11,1.248367959215074e-11,1.248367954290722e-11,1.248367949366214e-11,1.2483679444419949e-11,1.2483679395175688e-11,1.2483679345932355e-11,1.248367929669056e-11,1.2483679247447789e-11,1.2483679198205111e-11,1.2483679148962618e-11,1.2483679099720209e-11,1.2483679050477971e-11,1.2483679001235933e-11,1.2483678951994012e-11,1.2483678902752168e-11,1.248367885351056e-11,1.2483678804269528e-11,1.2483678755027618e-11,1.2483678705786769e-11,1.2483678656545177e-11,1.2483678607304052e-11,1.248367855806334e-11,1.248367850882141e-11,1.2483678459581996e-11,1.2483678410341577e-11,1.2483678361101058e-11,1.2483678311861003e-11,1.2483678262620893e-11,1.2483678213381125e-11,1.2483678164141235e-11,1.2483678114901743e-11,1.248367806566204e-11,1.2483678016421613e-11,1.2483677967183256e-11,1.248367791794417e-11,1.2483677868705157e-11,1.2483677819466774e-11,1.2483677770226347e-11,1.2483677720988821e-11,1.2483677671750301e-11,1.248367762251183e-11,1.2483677573273594e-11,1.2483677524035588e-11,1.2483677474797484e-11,1.2483677425558568e-11,1.2483677376321889e-11,1.248367732708434e-11,1.2483677277845925e-11,1.2483677228609478e-11,1.2483677179372427e-11,1.2483677130135382e-11,1.2483677080897937e-11,1.248367703166166e-11,1.2483676982424939e-11,1.2483676933187827e-11,1.2483676883952027e-11,1.2483676834715691e-11,1.2483676785479618e-11,1.2483676736244156e-11,1.2483676687007755e-11,1.2483676637772054e-11,1.2483676588536368e-11,1.2483676539301015e-11,1.248367649006553e-11,1.2483676440830176e-11,1.2483676391595108e-11,1.2483676342360104e-11,1.2483676293125295e-11,1.2483676243890952e-11,1.2483676194655896e-11,1.248367614542192e-11,1.2483676096187091e-11,1.2483676046952784e-11,1.2483675997718764e-11,1.2483675948484727e-11,1.2483675899251375e-11,1.2483675850017175e-11,1.2483675800783662e-11,1.2483675751550142e-11,1.2483675702316775e-11,1.2483675653083567e-11,1.2483675603850543e-11,1.2483675554617557e-11,1.2483675505384743e-11,1.2483675456152047e-11,1.2483675406917622e-11,1.2483675357687089e-11,1.2483675308454887e-11,1.2483675259223882e-11,1.2483675209990807e-11,1.2483675160759399e-11,1.2483675111527068e-11,1.248367506229542e-11,1.2483675013063885e-11,1.2483674963832593e-11,1.2483674914601137e-11,1.2483674865370457e-11,1.2483674816139376e-11,1.248367476690805e-11,1.24836747176772e-11,1.2483674668446556e-11,1.248367461921598e-11,1.2483674569985598e-11,1.2483674520755761e-11,1.248367447152513e-11,1.2483674422294902e-11,1.2483674373065178e-11,1.2483674323835881e-11,1.248367427460569e-11,1.248367422537659e-11,1.2483674176147132e-11,1.2483674126917294e-11,1.2483674077688113e-11,1.2483674028459071e-11,1.2483673979230708e-11,1.248367393000183e-11,1.2483673880773104e-11,1.248367383154402e-11,1.24836737823161e-11,1.2483673733087261e-11,1.2483673683859648e-11,1.2483673634631005e-11,1.2483673585403063e-11,1.2483673536175264e-11,1.2483673486947568e-11,1.2483673437718177e-11,1.2483673388492457e-11,1.2483673339265236e-11,1.2483673290038082e-11,1.2483673240810932e-11,1.2483673191583912e-11,1.2483673142357096e-11,1.2483673093130547e-11,1.2483673043902575e-11,1.2483672994676413e-11,1.2483672945451108e-11,1.2483672896225099e-11,1.248367284699899e-11,1.2483672797772922e-11,1.248367274854708e-11,1.2483672699321385e-11,1.2483672650096322e-11,1.2483672600870251e-11,1.2483672551644902e-11,1.248367250241964e-11,1.248367245319502e-11,1.2483672403969905e-11,1.248367235474455e-11,1.2483672305520318e-11,1.2483672256295756e-11,1.248367220707056e-11,1.2483672157846154e-11,1.2483672108622255e-11,1.2483672059396323e-11,1.2483672010173606e-11,1.2483671960949637e-11,1.2483671911725922e-11,1.2483671862502714e-11,1.2483671813278724e-11,1.2483671764053758e-11,1.2483671714831786e-11,1.2483671665609178e-11,1.248367161638564e-11,1.2483671567162716e-11,1.24836715179399e-11,1.248367146871711e-11,1.2483671419494548e-11,1.2483671370272148e-11,1.2483671321050386e-11,1.2483671271826661e-11,1.2483671222605379e-11,1.2483671173383927e-11,1.2483671124161711e-11,1.2483671074939813e-11,1.2483671025718644e-11,1.2483670976496541e-11,1.2483670927275191e-11,1.2483670878053935e-11,1.2483670828832601e-11,1.248367077961161e-11,1.2483670730391116e-11,1.248367068117041e-11,1.2483670631949767e-11,1.2483670582728748e-11,1.2483670533508205e-11,1.248367048428796e-11,1.248367043506748e-11,1.2483670385847409e-11,1.2483670336627515e-11,1.2483670287406732e-11,1.2483670238187928e-11,1.2483670188968424e-11,1.2483670139748848e-11,1.2483670090529405e-11,1.2483670041310045e-11,1.2483669992090946e-11,1.248366994287167e-11,1.2483669893653249e-11,1.2483669844433941e-11,1.2483669795215672e-11,1.2483669745996744e-11,1.2483669696778195e-11,1.2483669647559766e-11,1.2483669598341565e-11,1.2483669549123409e-11,1.2483669499905808e-11,1.2483669450687807e-11,1.2483669401469605e-11,1.2483669352252003e-11,1.2483669303034845e-11,1.248366925381691e-11,1.2483669204600116e-11,1.2483669155382424e-11,1.2483669106165394e-11,1.2483669056948514e-11,1.2483669007731638e-11,1.2483668958514794e-11,1.2483668909298076e-11,1.2483668860082104e-11,1.2483668810865027e-11,1.2483668761647391e-11,1.248366871243255e-11,1.2483668663216994e-11,1.2483668613999305e-11,1.248366856478532e-11,1.248366851556786e-11,1.2483668466352125e-11,1.2483668417136802e-11,1.248366836792313e-11,1.248366831870799e-11,1.2483668269492383e-11,1.2483668220276001e-11,1.2483668171062871e-11,1.24836681218477e-11,1.2483668072633561e-11,1.2483668023419051e-11,1.248366797420464e-11,1.2483667924989694e-11,1.2483667875775453e-11,1.248366782656184e-11,1.2483667777347337e-11,1.248366772813387e-11,1.2483667678920101e-11,1.2483667629705976e-11,1.248366758049244e-11,1.2483667531278874e-11,1.2483667482065977e-11,1.2483667432852839e-11,1.2483667383639221e-11,1.2483667334426725e-11,1.2483667285213356e-11,1.2483667236000628e-11,1.2483667186788416e-11,1.2483667137575405e-11,1.2483667088362883e-11,1.248366703915112e-11,1.2483666989938355e-11,1.2483666940726739e-11,1.2483666891514207e-11,1.248366684230226e-11,1.2483666793090474e-11,1.2483666743879484e-11,1.2483666694667301e-11,1.248366664545636e-11,1.248366659624459e-11,1.2483666547033422e-11,1.248366649782235e-11,1.2483666448611765e-11,1.2483666399400401e-11,1.2483666350189646e-11,1.2483666300979424e-11,1.2483666251768902e-11,1.2483666202558058e-11,1.2483666153347657e-11,1.2483666104137362e-11,1.248366605492763e-11,1.2483666005717489e-11,1.248366595650718e-11,1.2483665907297423e-11,1.2483665858087736e-11,1.2483665808878202e-11,1.2483665759668688e-11,1.248366571045989e-11,1.2483665661250706e-11,1.2483665612041549e-11,1.2483665562832555e-11
12,5.064678401932251e-83,8.712620705513621e-83,2.0469523320491434e-82,4.934887779754064e-82,1.0950145102281754e-81,2.2152939423767577e-81,4.1392926266311e-81,7.2465923172300145e-81,1.2028490541671657e-80,1.9106512767476297e-80,2.925239347251132e-80,4.340951358703986e-80,6.271581094200877e-80,8.852815557931519e-80,1.2244818664976083e-79,1.6634960612091315e-79,2.2240692450391844e-79,2.9312565331320623e-79,3.8137394115256854e-79,4.9041564913783126e-79,6.239448629033833e-79,7.861218385860675e-79,9.816103805888664e-79,1.21561664913515e-78,1.493929396010832e-78,1.822961626907303e-78,2.2097936889926717e-78,2.6622177824158843e-78,3.1887838943711784e-78,3.7988471546296767e-78,4.502616611242301e-78,5.311205425207779e-78,6.23668248298597e-78,7.292125425539632e-78,8.491675092791722e-78,9.850591382257361e-78,1.1385310520634395e-77,1.3113503747140223e-77,1.5054137407371745e-77,1.7227534456458658e-77,1.965543737029508e-77,2.2361072463598435e-77,2.5369215613572533e-77,2.8706259387958832e-77,3.2400281576191765e-77,3.648111512248128e-77,4.0980419459547045e-77,4.593175324178514e-77,5.137064847662485e-77,5.733468605284465e-77,6.386357266462182e-77,7.09992191300599e-77,7.87858201029962e-77,8.726993517680988e-77,9.650057137903777e-77,1.0652926705555979e-76,1.1741017714312802e-76,1.2920015982899665e-76,1.419588645964369e-76,1.5574882165491167e-76,1.706355327536836e-76,1.866875633776158e-76,2.0397663632401522e-76,2.2257772665915863e-76,2.4256915805341494e-76,2.6403270049369346e-76,2.8705366937197857e-76,3.11721025948772e-76,3.381274791902029e-76,3.6636958897757433e-76,3.9654787068818483e-76,4.287669011461681e-76,4.6313542594217284e-76,4.9976646812057454e-76,5.387774382332019e-76,5.802902457581447e-76,6.244314118826033e-76,6.71332183648532e-76,7.21128649459758e-76,7.739618559495635e-76,8.299779262073753e-76,8.893281793634406e-76,9.521692515302369e-76,1.0186632180994406e-75,1.0889777173932641e-75,1.16328607566896e-75,1.241767433475254e-75,1.3246068733595626e-75,1.4119955489248036e-75,1.5041308152345348e-75,1.601216360565311e-75,1.7034623395050194e-75,1.8110855073960123e-75,1.9243093561218596e-75,2.0433642512365248e-75,2.1684875704347436e-75,2.29992384336248e-75,2.4379248927662263e-75,2.5827499769800315e-75,2.734665933748904e-75,2.893947325387632e-75,3.0608765852737097e-75,3.2357441656731597e-75,3.4188486868981776e-75,3.6104970877953605e-75,3.811004777563303e-75,4.0206957888984673e-75,4.239902932468123e-75,4.468967952709059e-75,4.70824168495134e-75,4.958084213865024e-75,5.21886503322983e-75,5.490963207025661e-75,5.774767531843277e-75,6.070676700613793e-75,6.379099467655875e-75,6.700454815039488e-75,7.035172120264938e-75,7.383691325256209e-75,7.746463106667212e-75,8.123949047500054e-75,8.516621810033859e-75,8.924965310063266e-75,9.349474892445235e-75,9.79065750795314e-75,1.0249031891436928e-74,1.0725128741288126e-74,1.1219490900208751e-74,1.1732673537282688e-74,1.2265244331348614e-74,1.281778365567321e-74,1.3390884763923525e-74,1.3985153977437284e-74,1.460121087379018e-74,1.523968847665872e-74,1.5901233446977784e-74,1.6586506275391504e-74,1.7296181475996412e-74,1.8030947781375723e-74,1.8791508338923663e-74,1.957858090845848e-74,2.0392898061123427e-74,2.123520737957396e-74,2.2106271659450657e-74,2.3006869112136255e-74,2.3937793568795844e-74,2.489985468569906e-74,2.5893878150823344e-74,2.6920705891736615e-74,2.7981196284758862e-74,2.907622436540091e-74,3.0206682040079844e-74,3.1373478299109423e-74,3.257753943096462e-74,3.381980923781921e-74,3.5101249252355103e-74,3.6422838955842345e-74,3.778557599748886e-74,3.919047641505842e-74,4.063857485675617e-74,4.213092480438019e-74,4.3668598797738216e-74,4.525268866032841e-74,4.688430572628273e-74,4.856458106857235e-74,5.029466572847343e-74,5.207573094629256e-74,5.3908968393350465e-74,5.5795590405223005e-74,5.773683021623841e-74,5.973394219522948e-74,6.178820208253967e-74,6.390090722828204e-74,6.6073376831850034e-74,6.8306952182678696e-74,7.060299690225528e-74,7.29628971873788e-74,7.538806205466594e-74,7.787992358630415e-74,8.043993717704893e-74,8.306958178246575e-74,8.577036016841447e-74,8.854379916177558e-74,9.13914499024173e-74,9.431488809640198e-74,9.731571427043106e-74,1.0039555402752771e-73,1.0355605830395505e-73,1.0679890362737039e-73,1.1012579237621282e-73,1.1353845304032448e-73,1.1703864048280313e-73,1.2062813620308573e-73,1.2430874860126198e-73,1.2808231324361641e-73,1.319506931293975e-73,1.3591577895881407e-73,1.3997948940225647e-73,1.441437713707423e-73,1.4841060028758522e-73,1.5278198036128603e-73,1.5725994485964448e-73,1.6184655638509136e-73,1.6654390715123937e-73,1.7135411926065154e-73,1.7627934498382702e-73,1.813217670394016e-73,1.864835988755633e-73,1.9176708495268182e-73,1.971745010271494e-73,2.0270815443643402e-73,2.0837038438534224e-73,2.1416356223349135e-73,2.2009009178398992e-73,2.261524095733251e-73,2.3235298516245596e-73,2.3869432142911176e-73,2.4517895486129405e-73,2.518094558519815e-73,2.5858842899503687e-73,2.6551851338231368e-73,2.726023829019636e-73,2.7984274653794123e-73,2.872423486707076e-73,2.948039693791289e-73,3.025304247435709e-73,3.1042456715018804e-73,3.184892855964056e-73,3.2672750599759365e-73,3.351421914949322e-73,3.437363427644675e-73,3.525129983273547e-73,3.614752348612918e-73,3.706261675131377e-73,3.799689502127182e-73,3.895067759878146e-73,3.992428772803382e-73,4.091805262636863e-73,4.1932303516127994e-73,4.296737565662825e-73,4.402360837624972e-73,4.510134510464449e-73,4.6200933405061676e-73,4.732272500679045e-73,4.846707583772077e-73,4.963434605702121e-73,5.0824900087934435e-73,5.203910665068966e-73,5.327733879553242e-73,5.4539973935871214e-73,5.5827393881541125e-73,5.713998487218426e-73,5.847813761074687e-73,5.984224729709304e-73,6.123271366173503e-73,6.264994099967983e-73,6.409433820439205e-73,6.55663188018731e-73,6.706630098485636e-73,6.85947076471184e-73,7.015196641790595e-73,7.173850969647884e-73,7.335477468676849e-73,7.500120343215196e-73,7.667824285034156e-73,7.838634476838984e-73,8.012596595780963e-73,8.189756816980954e-73,8.370161817064437e-73,8.553858777708045e-73,8.740895389197595e-73,8.931319853997567e-73,9.125180890332107e-73,9.322527735777415e-73,9.523410150865628e-73,9.727878422700122e-73,9.935983368582223e-73,1.0147776339649365e-72,1.0363309224524621e-72,1.0582634452977654e-72,1.0805804999597044e-72,1.1032874387473968e-72,1.126389669189728e-72,1.1498926544059925e-72,1.1738019134776698e-72,1.1981230218213345e-72,1.2228616115626966e-72,1.2480233719117772e-72,1.2736140495392087e-72,1.299639448953674e-72,1.3261054328804613e-72,1.3530179226411567e-72,1.3803828985344584e-72,1.4082064002181183e-72,1.4364945270920068e-72,1.4652534386822994e-72,1.49448935502679e-72,1.5242085570613223e-72,1.554417387007343e-72,1.5851222487605728e-72,1.616329608280797e-72,1.6480459939827754e-72,1.6802779971282639e-72,1.7130322722191561e-72,1.7463155373917382e-72,1.7801345748120547e-72,1.81449623107239e-72,1.8494074175888612e-72,1.8848751110001185e-72,1.9209063535671571e-72,1.9575082535742408e-72,1.994687985730925e-72,2.032452791575195e-72,2.0708099798777047e-72,2.1097669270471209e-72,2.1493310775365726e-72,2.1895099442512047e-72,2.2303111089568233e-72,2.271742222689656e-72,2.313811006167203e-72,2.35652525020019e-72,2.399892816105614e-72,2.4439216361208956e-72,2.488619713819116e-72,2.5339951245253593e-72,2.58005601573414e-72,2.6268106075279275e-72,2.6742671929967626e-72,2.7224341386589674e-72,2.771319884882937e-72,2.820932946310028e-72,2.871281912278536e-72,2.9223754472487504e-72,2.974222291229107e-72,3.026831260203417e-72,3.08021124655919e-72,3.134371219517025e-72,3.189320225561101e-72,3.2450673888707353e-72,3.301621911753031e-72,3.3589930750766e-72,3.4171902387063644e-72,3.476222841939435e-72,3.5361004039420713e-72,3.5968325241877067e-72,3.658428882896064e-72,3.7208992414733286e-72,3.784253442953402e-72,3.848501412440228e-72,3.9136531575511906e-72,3.9797187688615723e-72,4.046708420350097e-72,4.1146323698455256e-72,4.1835009594743296e-72,4.2533246161094263e-72,4.324113851819977e-72,4.395879264322252e-72,4.4686315374315624e-72,4.542381441515248e-72,4.617139833946725e-72,4.692917659560606e-72,4.76972595110887e-72,4.847575829718088e-72,4.926478505347717e-72,5.006445277249438e-72,5.087487534427562e-72,5.169616756100487e-72,5.252844512163198e-72,5.337182463650839e-72,5.422642363203319e-72,5.509236055530983e-72,5.596975477881325e-72,5.685872660506751e-72,5.775939727133394e-72,5.867188895430976e-72,5.959632477483705e-72,6.053282880262244e-72,6.148152606096688e-72,6.244254253150617e-72,6.341600515896175e-72,6.440204185590202e-72,6.540078150751379e-72,6.641235397638459e-72,6.743689010729494e-72,6.847452173202129e-72,6.952538167414906e-72,7.058960375389642e-72,7.166732279294795e-72,7.275867461929916e-72,7.386379607211088e-72,7.498282500657433e-72,7.611590029878614e-72,7.726316185063412e-72,7.842475059469304e-72,7.960080849913067e-72,8.079147857262424e-72,8.199690486928722e-72,8.321723249360606e-72,8.445260760538757e-72,8.570317742471624e-72,8.696909023692202e-72,8.82504953975581e-72,8.954754333738915e-72,9.086038556738947e-72,9.218917468375173e-72,9.353406437290553e-72,9.489520941654627e-72,9.627276569667434e-72,9.766689020064424e-72,9.907774102622397e-72,1.0050547738666465e-71,1.0195025961577994e-71,1.0341224917303615e-71,1.0489160864865182e-71,1.0638850176870795e-71,1.0790309340026798e-71,1.094355495565081e-71,1.1098603740185736e-71,1.1255472525714818e-71,1.1414178260477667e-71,1.1574738009387313e-71,1.1737168954548259e-71,1.1901488395775527e-71,1.2067713751114732e-71,1.2235862557363113e-71,1.2405952470591626e-71,1.2578001266667989e-71,1.2752026841780734e-71,1.292804721296428e-71,1.3106080518624982e-71,1.3286145019068187e-71,1.3468259097026267e-71,1.3652441258187687e-71,1.3838710131727011e-71,1.402708447083597e-71,1.4217583153255444e-71,1.4410225181808493e-71,1.4605029684934365e-71,1.4802015917223487e-71,1.500120325995343e-71,1.5202611221625908e-71,1.5406259438504695e-71,1.5612167675154608e-71,1.5820355824981406e-71,1.603084391077271e-71,1.62436520852399e-71,1.6458800631560984e-71,1.667630996392447e-71,1.6896200628074194e-71,1.7118493301855138e-71,1.7343208795760244e-71,1.7570368053478177e-71,1.7799992152442077e-71,1.80321023043793e-71,1.826671985586212e-71,1.8503866288859386e-71,1.8743563221289226e-71,1.8985832407572647e-71,1.923069573918809e-71,1.94781752452271e-71,1.9728293092950765e-71,1.99810715883473e-71,2.0236533176690475e-71,2.04947004430991e-71,2.075559611309742e-71,2.1019243053176484e-71,2.128566427135653e-71,2.1554882917750227e-71,2.182692228512702e-71,2.2101805809478323e-71,2.237955707058373e-71,2.2660199792578155e-71,2.2943757844519974e-71,2.3230255240960086e-71,2.3519716142511967e-71,2.3812164856422632e-71,2.4107625837144615e-71,2.440612368690887e-71,2.4707683156298596e-71,2.50123291448241e-71,2.532008670149855e-71,2.5630981025414675e-71,2.594503746632246e-71,2.6262281525207754e-71,2.658273885487185e-71,2.690643526051202e-71,2.723339670030293e-71,2.756364928597915e-71,2.7897219283418425e-71,2.823413311322604e-71,2.8574417351320045e-71,2.8918098729517467e-71,2.926520413612147e-71,2.9615760616509402e-71,2.996979537372183e-71,3.032733576905253e-71,3.068840932263935e-71,3.1053043714056094e-71,3.1421266782905303e-71,3.1793106529411933e-71,3.2168591115018055e-71,3.254774886297843e-71,3.293060825895702e-71,3.33171979516245e-71,3.370754675325658e-71,3.4101683640333398e-71,3.449963775413975e-71,3.490143840136623e-71,3.530711505471145e-71,3.5716697353485033e-71,3.613021510421154e-71,3.654769828123548e-71,3.696917702732701e-71,3.739468165428883e-71,3.782424264356376e-71,3.825789064684336e-71,3.8695656486677515e-71,3.913757115708482e-71,3.9583665824164e-71,4.003397182670615e-71,4.048852067680797e-71,4.094734406048595e-71,4.141047383829131e-71,4.187794204592606e-71,4.2349780894859884e-71,4.282602277294784e-71,4.330670024504918e-71,4.379184605364696e-71,4.428149311946853e-71,4.4775674542107055e-71,4.527442360064382e-71,4.577777375427158e-71,4.628575864291867e-71,4.679841208787416e-71,4.7315768092413825e-71,4.783786084242711e-71,4.836472470704489e-71,4.889639423926826e-71,4.943290417659806e-71,4.9974289441665564e-71,5.0520585142863816e-71,5.107182657497996e-71,5.16280492198286e-71,5.218928874688584e-71,5.275558101392435e-71,5.332696206764936e-71,5.390346814433546e-71,5.4485135670464364e-71,5.507200126336356e-71,5.566410173184583e-71,5.626147407684973e-71,5.68641554920808e-71,5.747218336465398e-71,5.808559527573656e-71,5.870442900119229e-71,5.932872251222614e-71,5.995851397603035e-71,6.059384175643086e-71,6.123474441453499e-71,6.18812607093799e-71,6.253342959858194e-71,6.319129023898688e-71,6.385488198732102e-71,6.4524244400843235e-71,6.519941723799778e-71,6.588044045906818e-71,6.656735422683183e-71,6.72601989072155e-71,6.7959015069951864e-71,6.866384348923671e-71,6.937472514438714e-71,7.009170122050066e-71,7.081481310911515e-71,7.15441024088696e-71,7.2279610926165865e-71,7.302138067583123e-71,7.376945388178185e-71,7.452387297768707e-71,7.528468060763462e-71,7.605191962679672e-71,7.682563310209696e-71,7.760586431287814e-71,7.839265675157097e-71,7.918605412436362e-71,7.99861003518721e-71,8.079283956981164e-71,8.160631612966874e-71,8.242657459937428e-71,8.325365976397733e-71,8.408761662632002e-71,8.492849040771305e-71,8.577632654861226e-71,8.663117070929589e-71,8.749306877054286e-71,8.836206683431185e-71,8.923821122442114e-71,9.01215484872295e-71,9.101212539231783e-71,9.190998893317157e-71,9.28151863278642e-71,9.37277650197414e-71,9.464777267810608e-71,9.557525719890442e-71,9.651026670541257e-71,9.74528495489244e-71,9.840305430943984e-71,9.936092979635437e-71,1.003265250491492e-70,1.012998893380822e-70,1.0228107216487992e-70,1.0327012326343036e-70,1.0426709260047643e-70,1.052720303763106e-70,1.0628498702546993e-70,1.0730601321743253e-70,1.0833515985731425e-70,1.0937247808656663e-70,1.1041801928367562e-70,1.1147183506486114e-70,1.125339772847772e-70,1.1360449803721324e-70,1.146834496557964e-70,1.1577088471469394e-70,1.1686685602931739e-70,1.1797141665702692e-70,1.190846198978366e-70,1.2020651929512098e-70,1.2133716863632187e-70,1.2247662195365632e-70,1.2362493352482554e-70,1.2478215787372414e-70,1.2594834977115088e-70,1.2712356423551972e-70,1.2830785653357192e-70,1.2950128218108895e-70,1.3070389694360641e-70,1.319157568371282e-70,1.331369181288423e-70,1.343674373378369e-70,1.356073712358172e-70,1.3685677684782371e-70,1.3811571145295062e-70,1.393842325850655e-70,1.406623980335295e-70,1.419502658439188e-70,1.432478943187464e-70,1.4455534201818489e-70,1.4587266776079033e-70,1.4719993062422652e-70,1.4853718994599043e-70,1.4988450532413816e-70,1.5124193661801207e-70,1.5260954394896825e-70,1.5398738770110535e-70,1.5537552852199377e-70,1.567740273234061e-70,1.5818294528204768e-70,1.59602343840289e-70,1.610322847068978e-70,1.6247282985777294e-70,1.639240415366785e-70,1.6538598225597878e-70,1.668587147973742e-70,1.6834230221263823e-70,1.698368078243546e-70,1.7134229522665574e-70,1.72858828285962e-70,1.743864711417213e-70,1.759252882071502e-70,1.774753441699754e-70,1.7903670399317565e-70,1.8060943291572555e-70,1.8219359645333895e-70,1.8378926039921416e-70,1.853964908247791e-70,1.87015354080438e-70,1.886459167963185e-70,1.902882458830193e-70,1.919424085323593e-70,1.9360847221812713e-70,1.952865046968313e-70,1.969765740084514e-70,1.9867874847719025e-70,2.0039309671222646e-70,2.0211968760846803e-70,2.0385859034730676e-70,2.0560987439737324e-70,2.0737360951529285e-70,2.0914986574644264e-70,2.1093871342570842e-70,2.1274022317824357e-70,2.1455446592022773e-70,2.1638151285962697e-70,2.1822143549695425e-70,2.2007430562603094e-70,2.2194019533474912e-70,2.2381917700583466e-70,2.2571132331761072e-70,2.276167072447628e-70,2.2953540205910383e-70,2.3146748133034043e-70,2.3341301892683996e-70,2.3537208901639808e-70,2.3734476606700723e-70,2.3933112484762635e-70,2.4133124042895035e-70,2.4334518818418156e-70,2.4537304378980083e-70,2.4741488322634043e-70,2.494707827791571e-70,2.5154081903920557e-70,2.5362506890381404e-70,2.5572360957745926e-70,2.5783651857254295e-70,2.599638737101688e-70,2.621057531209203e-70,2.6426223524563982e-70,2.6643339883620707e-70,2.686193229563202e-70,2.708200869822762e-70,2.730357706037528e-70,2.7526645382459094e-70,2.7751221696357768e-70,2.7977314065523093e-70,2.820493058505836e-70,2.8434079381796925e-70,2.866476861438087e-70,2.8897006473339677e-70,2.9130801181169024e-70,2.9366160992409665e-70,2.960309419372633e-70,2.9841609103986765e-70,3.00817140743408e-70,3.0323417488299563e-70,3.056672776181466e-70,3.081165334335752e-70,3.1058202713998803e-70,3.1306384387487847e-70,3.15562069103322e-70,3.180767886187729e-70,3.2060808854386085e-70,3.231560553311887e-70,3.257207757641309e-70,3.2830233695763284e-70,3.30900826359011e-70,3.335163317487531e-70,3.361489412413203e-70,3.3879874328594896e-70,3.414658266674538e-70,3.441502805070317e-70,3.468521942630662e-70,3.495716577319323e-70,3.5230876104880334e-70,3.5506359468845686e-70,3.5783624946608244e-70,3.6062681653809005e-70,3.634353874029191e-70,3.662620539018475e-70,3.6910690821980304e-70,3.7197004288617396e-70,3.748515507756213e-70,3.77751525108891e-70,3.806700594536282e-70,3.8360724772519074e-70,3.865631841874642e-70,3.8953796345367804e-70,3.925316804872214e-70,3.955444306024605e-70,3.985763094655564e-70,4.016274130952839e-70,4.046978378638505e-70,4.077876804977168e-70,4.10897038078417e-70,4.1402600804338106e-70,4.1717468818675595e-70,4.2034317666023015e-70,4.235315719738558e-70,4.267399729968744e-70,4.2996847895854136e-70,4.332171894489526e-70,4.364862044198702e-70,4.397756241855508e-70,4.430855494235733e-70,4.464160811756676e-70,4.497673208485447e-70,4.5313937021472637e-70,4.565323314133768e-70,4.599463069511341e-70,4.633813997029425e-70,4.668377129128863e-70,4.7031535019502305e-70,4.7381441553421836e-70,4.773350132869823e-70,4.8087724818230394e-70,4.844412253224891e-70,4.880270501839982e-70,4.9163482861828345e-70,4.952646668526291e-70,4.989166714909897e-70,5.025909495148322e-70,5.0628760828397606e-70,5.1000675553743484e-70,5.1374849939425957e-70,5.17512948354382e-70,5.2130021129945797e-70,5.251103974937125e-70,5.289436165847858e-70,5.327999786045777e-70,5.366795939700967e-70,5.405825734843062e-70,5.4450902833697276e-70,5.484590701055159e-70,5.524328107558569e-70,5.5643036264327e-70,5.60451838513233e-70,5.6449735150227895e-70,5.6856701513884945e-70,5.726609433441473e-70,5.7677925043299036e-70,5.809220511146667e-70,5.850894604937895e-70,5.892815940711532e-70,5.934985677445907e-70,5.977404978098301e-70,6.020075009613534e-70,6.06299694293255e-70,6.106171953001022e-70,6.149601218777939e-70,6.19328592324423e-70,6.237227253411371e-70,6.281426400330017e-70,6.325884559098625e-70,6.370602928872095e-70,6.415582712870418e-70,6.460825118387323e-70,6.506331356798934e-70,6.552102643572441e-70,6.598140198274769e-70,6.644445244581258e-70,6.691019010284349e-70,6.737862727302275e-70,6.784977631687768e-70,6.832364963636761e-70,6.880025967497097e-70,6.927961891777262e-70,6.976173989155102e-70,7.024663516486563e-70,7.073431734814427e-70,7.122479909377069e-70,7.17180930961721e-70,7.221421209190668e-70,7.271316885975141e-70,7.321497622078978e-70,7.371964703849959e-70,7.422719421884084e-70,7.473763071034375e-70,7.525096950419674e-70,7.576722363433457e-70,7.628640617752646e-70,7.680853025346432e-70,7.733360902485111e-70,7.786165569748922e-70,7.839268352036881e-70,7.892670578575641e-70,7.946373582928342e-70,8.000378703003486e-70,8.054687281063799e-70,8.109300663735107e-70,8.164220202015233e-70,8.219447251282874e-70,8.274983171306504e-70,8.330829326253283e-70,8.386987084697966e-70,8.443457819631814e-70,8.500242908471533e-70,8.557343733068195e-70,8.614761679716172e-70,8.672498139162101e-70,8.730554506613812e-70,8.788932181749302e-70,8.847632568725696e-70,8.906657076188215e-70,8.96600711727916e-70,9.025684109646888e-70,9.085689475454817e-70,9.146024641390417e-70,9.20669103867421e-70,9.26769010306879e-70,9.329023274887842e-70,9.390691999005158e-70,9.452697724863676e-70,9.515041906484513e-70,9.577726002476013e-70,9.640751476042802e-70,9.704119794994837e-70,9.76783243175648e-70,9.831890863375562e-70,9.896296571532459e-70,9.96105104254919e-70,1.0026155767398485e-69,1.0091612241712914e-69,1.0157421965793951e-69,1.0223586444621126e-69,1.0290107187861104e-69,1.0356985709876838e-69,1.042422352973669e-69,1.0491822171223554e-69,1.0559783162844021e-69,1.0628108037837511e-69,1.0696798334185448e-69,1.076585559462039e-69,1.083528136663524e-69,1.0905077202492394e-69,1.0975244659232927e-69,1.1045785298685784e-69,1.1116700687476981e-69,1.1187992397038803e-69,1.1259662003618998e-69,1.1331711088290024e-69,1.1404141236958232e-69,1.1476954040373119e-69,1.155015109413655e-69,1.1623733998712013e-69,1.1697704359433843e-69,1.1772063786516492e-69,1.1846813895063786e-69,1.1921956305078186e-69,1.1997492641470066e-69,1.2073424534066988e-69,1.2149753617622983e-69,1.2226481531827853e-69,1.230360992131647e-69,1.2381140435678054e-69,1.2459074729465522e-69,1.2537414462204783e-69,1.2616161298404054e-69,1.2695316907563218e-69,1.277488296418313e-69,1.2854861147774978e-69,1.2935253142869623e-69,1.3016060639026958e-69,1.3097285330845271e-69,1.317892891797061e-69,1.3260993105106157e-69,1.3343479602021603e-69,1.342639012356255e-69,1.3509726389659887e-69,1.3593490125339202e-69,1.3677683060730184e-69,1.3762306931076025e-69,1.3847363476742854e-69,1.3932854443229153e-69,1.4018781581175182e-69,1.410514664637243e-69,1.419195139977305e-69,1.4279197607499302e-69,1.4366887040853026e-69,1.4455021476325082e-69,1.4543602695604837e-69,1.4632632485589636e-69,1.472211263839427e-69,1.4812044951360471e-69,1.490243122706642e-69,1.4993273273336212e-69,1.5084572903249394e-69,1.517633193515046e-69,1.5268552192658374e-69,1.536123550467609e-69,1.5454383705400084e-69,1.5547998634329895e-69,1.564208213627766e-69,1.5736636061377668e-69,1.5831662265095914e-69,1.5927162608239653e-69,1.6023138956966982e-69,1.6119593182796394e-69,1.6216527162616368e-69,1.6313942778694965e-69,1.6411841918689407e-69,1.6510226475655663e-69,1.660909834805808e-69,1.6708459439778966e-69,1.680831166012823e-69,1.6908656923852994e-69,1.700949715114721e-69,1.7110834267661312e-69,1.7212670204511848e-69,1.7315006898291132e-69,1.741784629107689e-69,1.752119033044191e-69,1.7625040969463735e-69,1.77294001667343e-69,1.7834269886369636e-69,1.7939652098019532e-69,1.8045548776877251e-69,1.8151961903689182e-69,1.8258893464764585e-69,1.8366345451985277e-69,1.8474319862815338e-69,1.858281870031085e-69,8.516206857588378e-33,4.351494998170619e-32,1.3186898551331379e-31,3.1250737808048835e-31,6.382328952800879e-31,1.1776441640017779e-30,2.017079919225902e-30,3.262566077433774e-30,5.0417602132535125e-30,7.505894568272493e-30,1.0837351290855396e-29,1.522906442876721e-29,2.092026331209329e-29,2.8175870672857895e-29,3.729407053624425e-29,4.8608240590275435e-29,6.248888332684544e-29,7.934554892070385e-29,9.962876907281163e-29,1.2383197761022044e-28,1.5249343260456127e-28,1.861981405172175e-28,2.2557977146149496e-28,2.713225789489633e-28,3.2416328217058854e-28,3.8489311080375234e-28,4.543595184834344e-28,5.334682271465866e-28,6.2318510095414515e-28,7.245103642647407e-28,8.385912563045534e-28,9.665605914484005e-28,1.1096382879624983e-27,1.2691170588543765e-27,1.446373995255422e-27,1.6428116733660128e-27,1.8600102933148745e-27,2.0995302234301362e-27,2.363043283872839e-27,2.652302333984377e-27,2.9691431329662787e-27,3.31548622235862e-27,3.6933388101601166e-27,4.104796660270545e-27,4.5520459523659555e-27,5.037365187462493e-27,5.5631270403930234e-27,6.131800246205084e-27,6.745951476279495e-27,7.408247188393058e-27,8.121455520486007e-27,8.888448138922722e-27,9.712202116331044e-27,1.0595801788831818e-26,1.1542433007768849e-26,1.2555415447567839e-26,1.3638158790812186e-26,1.4794195029815656e-26,1.6027169963526774e-26,1.7340856061097802e-26,1.8739137823756248e-26,2.0226032115199924e-26,2.1805657055961273e-26,2.3482279328270882e-26,2.5260285695334776e-26,2.7144192360801466e-26,2.913866178204172e-26,3.12484449181953e-26,3.347847237084442e-26,3.583379676380005e-26,3.8319609283886916e-26,4.094124171556915e-26,4.3704168157734216e-26,4.6614006882839894e-26,4.96765221693608e-26,5.289762603802318e-26,5.628338023867077e-26,5.983999833212103e-26,6.357384599943767e-26,6.749144526693817e-26,7.159947444956176e-26,7.590477087778449e-26,8.041433243198744e-26,8.513531892791706e-26,9.007505476292538e-26,9.52410302326467e-26,1.0064090334095758e-25,1.0628250169917963e-25,1.1217382830778095e-25,1.1832304735122928e-25,1.2473850999489217e-25,1.3142874013360858e-25,1.3840244041497043e-25,1.4566849368609904e-25,1.5323596500281848e-25,1.6111410341452367e-25,1.6931234365136976e-25,1.7784030807033654e-25,1.86707808070847e-25,1.9592484673608004e-25,2.0550161952016245e-25,2.154485166678405e-25,2.257761250122958e-25,2.3649522924511204e-25,2.476168144504273e-25,2.591520719461659e-25,2.711123825512757e-25,2.8350934661456484e-25,2.9635476671014227e-25,3.096606529483095e-25,3.2343922904747325e-25,3.3770293024754837e-25,3.5246440402024247e-25,3.6773651492686766e-25,3.835323451176053e-25,3.9986519615120676e-25,4.167485906892171e-25,4.341962744211219e-25,4.52222217636998e-25,4.708406129842825e-25,4.900658935904882e-25,5.09912710441983e-25,5.30395949502421e-25,5.515307308812542e-25,5.733324093011433e-25,5.958165774969695e-25,6.189990663683124e-25,6.428959453433575e-25,6.675235281845885e-25,6.928983716317815e-25,7.190372783517245e-25,7.459572979374094e-25,7.736757292824032e-25,8.022101215828281e-25,8.315782758667838e-25,8.617982504449574e-25,8.928883563407434e-25,9.248671633306718e-25,9.577535001748701e-25,9.915664575750112e-25,1.0263253882333923e-24,1.062049909620933e-24,1.0987599054230597e-24,1.1364755271301929e-24,1.175217196195535e-24,1.2150056051812748e-24,1.2558617196909463e-24,1.2978067801561944e-24,1.3408623033758963e-24,1.3850500843847332e-24,1.4303921982755547e-24,1.4769109996036355e-24,1.524629131146076e-24,1.5735695160805982e-24,1.623755365526547e-24,1.675210179369348e-24,1.7279577474736396e-24,1.78202214802665e-24,1.837427760740939e-24,1.8941992538707117e-24,1.952361592442414e-24,2.0119400484780668e-24,2.0729601744868407e-24,2.1354478437422223e-24,2.1994292264656006e-24,2.2649307982476048e-24,2.3319793414364382e-24,2.4006019487743826e-24,2.4708260177769465e-24,2.5426792626097233e-24,2.616189709979352e-24,2.691385701708745e-24,2.7682958952220733e-24,2.8469492679329563e-24,2.9273751166576445e-24,3.0096030602634553e-24,3.093663041023611e-24,3.179585326138303e-24,3.267400510126371e-24,3.357139515397927e-24,3.448833594553845e-24,3.5425143330426746e-24,3.6382136468711785e-24,3.735963791456628e-24,3.835797352267517e-24,3.937747259891186e-24,4.041846780971297e-24,4.148129525979925e-24,4.256629447018918e-24,4.367380845338099e-24,4.480418361619938e-24,4.595776983184219e-24,4.713492059393505e-24,4.8335992763737594e-24,4.956134685056944e-24,5.0811346856823184e-24,5.208636035514148e-24,5.338675849720298e-24,5.471291601599633e-24,5.606521129847133e-24,5.744402632405455e-24,5.884974670824129e-24,6.028276179404773e-24,6.17434644579409e-24,6.323225140383647e-24,6.4749523015837996e-24,6.629568335214286e-24,6.787114026213876e-24,6.947630533536057e-24,7.1111593897605e-24,7.277742517260461e-24,7.44742220874067e-24,7.620241140458781e-24,7.796242379929495e-24,7.97546936307949e-24,8.157965929365273e-24,8.343776299656108e-24,8.532945087211037e-24,8.725517294652938e-24,8.921538318627211e-24,9.121053952882253e-24,9.32411038135889e-24,9.530754201580025e-24,9.741032387404385e-24,9.954992319663212e-24,1.0172681808281483e-23,1.039414903891351e-23,1.0619442609796356e-23,1.084861152343366e-23,1.108170521180092e-23,1.1318773491482468e-23,1.1559866601388256e-23,1.1805035199107351e-23,1.2054330352801736e-23,1.2307803545588643e-23,1.25655066791604e-23,1.2827492085209295e-23,1.3093812505870125e-23,1.3364521110193014e-23,1.363967149196874e-23,1.3919317669928908e-23,1.420351409479388e-23,1.4492315651228945e-23,1.4785777632287345e-23,1.5083955783633463e-23,1.5386906285023345e-23,1.5694685741128138e-23,1.6007351204260245e-23,1.632496015864145e-23,1.6647570530711497e-23,1.697524069158695e-23,1.7308029456813084e-23,1.7645996047128327e-23,1.7989200219992545e-23,1.833770210337277e-23,1.869156229752709e-23,1.9050841845924667e-23,1.941560229209649e-23,1.978590554133186e-23,2.016181404289301e-23,2.054339064309531e-23,2.0930698683412994e-23,2.132380193742108e-23,2.1722764673707337e-23,2.2127651607970742e-23,2.2538527927608949e-23,2.2955459280427536e-23,2.3378511771308162e-23,2.3807751983684213e-23,2.4243246971816786e-23,2.4685064262372493e-23,2.5133271855898508e-23,2.5587938228341478e-23,2.6049132332557885e-23,2.651692361164384e-23,2.699138195201811e-23,2.747257776069997e-23,2.7960581916560974e-23,2.8455465770255703e-23,2.895730117234421e-23,2.946616045621827e-23,2.9982116444197916e-23,3.0505242438123676e-23,3.103561226442952e-23,3.157330020882319e-23,3.211838106718169e-23,3.267093012611906e-23,3.32310231763628e-23,3.3798736478139903e-23,3.43741468680233e-23,3.495733161182616e-23,3.554836850264136e-23,3.614733583519397e-23,3.675431242543926e-23,3.7369377594313697e-23,3.7992611142120033e-23,3.862409341761878e-23,3.9263905238083114e-23,3.991212802136349e-23,4.056884361631964e-23,4.1234134419778766e-23,4.1908083304093484e-23,4.259077381283429e-23,4.328228980959771e-23,4.3982715796439106e-23,4.469213677116409e-23,4.541063822055862e-23,4.6138306290948674e-23,4.687522755409789e-23,4.762148906435003e-23,4.8377178453635125e-23,4.9142383985921193e-23,4.99171943408183e-23,5.070169875901843e-23,5.149598703255025e-23,5.230014949192613e-23,5.311427695227221e-23,5.393846100863531e-23,5.477279339846572e-23,5.561736674250739e-23,5.647227404536767e-23,5.733760885765544e-23,5.82134654034007e-23,5.909993826295935e-23,5.999712280718585e-23,6.090511478891128e-23,6.18240105294724e-23,6.275390692900265e-23,6.369490149783716e-23,6.464709223178551e-23,6.561057772064668e-23,6.658545713010418e-23,6.757183015086887e-23,6.856979709247648e-23,6.957945881525146e-23,7.060091662787691e-23,7.163427256741395e-23,7.267962919697908e-23,7.373708962045291e-23,7.48067575462294e-23,7.588873723741682e-23,7.698313354700288e-23,7.809005188192298e-23,7.9209598276607e-23,8.034187928632002e-23,8.148700210167474e-23,8.264507446764593e-23,8.381620470126473e-23,8.500050168005143e-23,8.619807501250812e-23,8.74090347444708e-23,8.863349159170457e-23,8.98715567743492e-23,9.112334219260479e-23,9.238896030046962e-23,9.366852418359694e-23,9.496214748906089e-23,9.62699444788748e-23,9.759203000242058e-23,9.892851952090499e-23,1.0027952909342892e-22,1.0164517539905871e-22,1.0302557568800163e-22,1.0442084788753752e-22,1.0583111043162346e-22,1.0725648243674077e-22,1.0869708361068893e-22,1.101530342810118e-22,1.1162445533677217e-22,1.131114684016053e-22,1.1461419559685051e-22,1.161327597294347e-22,1.1766728420740846e-22,1.1921789299299627e-22,1.2078471081334572e-22,1.2236786290241473e-22,1.239674751485245e-22,1.2558367409953665e-22,1.2721658688945935e-22,1.2886634129654144e-22,1.3053306573172286e-22,1.3221688921999703e-22,1.3391794145840907e-22,1.3563635274709788e-22,1.3737225401582452e-22,1.3912577686271898e-22,1.4089705347186612e-22,1.4268621672992717e-22,1.4449340016429223e-22,1.463187378900193e-22,1.4816236469358842e-22,1.5002441600665283e-22,1.5190502790742926e-22,1.5380433712204375e-22,1.5572248102587518e-22,1.5765959764719728e-22,1.5961582565931748e-22,1.6159130439571783e-22,1.6358617384056706e-22,1.656005746565756e-22,1.6763464810604214e-22,1.6968853617912887e-22,1.717623814567207e-22,1.7385632724629737e-22,1.7597051749025106e-22,1.7810509677835772e-22,1.802602103901465e-22,1.8243600426087785e-22,1.8463262500900754e-22,1.8685021988462938e-22,1.890889368504883e-22,1.913489245123307e-22,1.9363033226640403e-22,1.959333098770388e-22,1.982580080655739e-22,2.006045779364247e-22,2.0297317195390513e-22,2.0536394257068187e-22,2.0777704312129997e-22,2.1021262767883835e-22,2.1267085092785236e-22,2.151518683406111e-22,2.176558359137845e-22,2.2018291048187476e-22,2.2273324950672087e-22,2.2530701112075337e-22,2.279043542047012e-22,2.3052543833158903e-22,2.3317042373752853e-22,2.358394712966868e-22,2.3853274272699935e-22,2.4125040031351387e-22,2.4399260709096807e-22,2.4675952673353253e-22,2.4955132377850593e-22,2.523681632580659e-22,2.552102111125685e-22,2.5807763383167015e-22,2.6097059867888257e-22,2.6388927359875445e-22,2.6683382728352037e-22,2.69804429096852e-22,2.7280124932019683e-22,2.758244584070281e-22,2.788742280402894e-22,2.8195073046063833e-22,2.8505413863374736e-22,2.881846262507945e-22,2.913423678859616e-22,2.945275384641766e-22,2.9774031360218504e-22,3.0098087007785346e-22,3.042493851521597e-22,3.075460368571288e-22,3.108710039490967e-22,3.1422446587069614e-22,3.1760660281488615e-22,3.2101759574660657e-22,3.2445762630512062e-22,3.2792687704061704e-22,3.3142553091545242e-22,3.349537716730425e-22,3.385117840623629e-22,3.420997534455358e-22,3.4571786586048656e-22,3.4936630808281546e-22,3.530452678247519e-22,3.5675493325151253e-22,3.604954935683798e-22,3.642671384728061e-22,3.6807005857807884e-22,3.719044450686205e-22,3.7577049016143716e-22,3.796683862606162e-22,3.835983274903869e-22,3.875605079536381e-22,3.915551226009674e-22,3.9558236736762924e-22,3.9964243881310406e-22,4.03735534191905e-22,4.0786185163590573e-22,4.120215900142623e-22,4.1621494853356725e-22,4.2044212836364957e-22,4.247033302645399e-22,4.28998756158831e-22,4.333286085426437e-22,4.376930912062497e-22,4.420924082029584e-22,4.465267645229742e-22,4.509963661045385e-22,4.5550141909315035e-22,4.600421310546934e-22,4.646187100349993e-22,4.692313648978774e-22,4.738803052854084e-22,4.7856574161927505e-22,4.832878850387899e-22,4.880469475876238e-22,4.928431420764421e-22,4.976766820463408e-22,5.025477819504275e-22,5.074566566282453e-22,5.124035221805722e-22,5.173885952176123e-22,5.224120932799515e-22,5.274742347466998e-22,5.325752384989192e-22,5.377153245060606e-22,5.428947134621738e-22,5.481136267755078e-22,5.533722867426207e-22,5.58670916405403e-22,5.640097396713467e-22,5.693889811004374e-22,5.748088662400654e-22,5.802696213341294e-22,5.857714733938818e-22,5.913146503867284e-22,5.968993810002513e-22,6.025258946992198e-22,6.08194421780573e-22,6.139051933393437e-22,6.19658441344528e-22,6.254543984919166e-22,6.312932983527462e-22,6.371753753241777e-22,6.431008645816137e-22,6.49070002098166e-22,6.55083024798418e-22,6.611401703174328e-22,6.672416768744237e-22,6.733877835740404e-22,6.795787312173534e-22,6.858147604407138e-22,6.92096112803324e-22,6.984230311610599e-22,7.047957588262919e-22,7.112145400198143e-22,7.176796198931367e-22,7.24191244257717e-22,7.307496598978674e-22,7.373551149455121e-22,7.440078567837804e-22,7.507081350573605e-22,7.574562003376798e-22,7.642523026585943e-22,7.710966943449681e-22,7.779896279254163e-22,7.849313568487332e-22,7.919221354068497e-22,7.989622187307866e-22,8.060518628096743e-22,8.13191324477074e-22,8.2038086139977545e-22,8.276207321152551e-22,8.349111959950051e-22,8.422525130606011e-22,8.496449447348712e-22,8.57088752890301e-22,8.645842002781048e-22,8.721315504788436e-22,8.797310678130082e-22,8.873830178461295e-22,8.950876670363949e-22,9.02845282240301e-22,9.106561313877378e-22,9.185204833017878e-22,9.26438607663053e-22,9.34410774982626e-22,9.424372566874557e-22,9.505183250345587e-22,9.586542531621603e-22,9.66845315078114e-22,9.750917856610927e-22,9.833939412503434e-22,9.917520572965797e-22,1.0001664117880343e-21,1.0086372832857117e-21,1.0171649509600333e-21,1.025749694909487e-21,1.0343917963285638e-21,1.0430915367553795e-21,1.051849199147906e-21,1.0606650671183595e-21,1.0695394253811289e-21,1.0784725590160317e-21,1.0874647545045817e-21,1.0965162990157458e-21,1.1056274811392213e-21,1.1147985888444575e-21,1.124029912602127e-21,1.1333217430701597e-21,1.1426743716819422e-21,1.152088091180514e-21,1.1615631948910665e-21,1.171099977289312e-21,1.1806987331729393e-21,1.1903597589621168e-21,1.2000833518807065e-21,1.2098698104813029e-21,1.2197194318836105e-21,1.2296325164753859e-21,1.2396093651987351e-21,1.2496502794358895e-21,1.2597555615976143e-21,1.269925515339976e-21,1.2801604442593268e-21,1.2904606547268111e-21,1.3008264510882515e-21,1.3112581410390369e-21,1.3217560328422042e-21,1.3323204346957613e-21,1.3429516573812544e-21,1.353650010095175e-21,1.3644158049000528e-21,1.3752493542186434e-21,1.3861509717352734e-21,1.3971209715873888e-21,1.4081596686893247e-21,1.4192673797718094e-21,1.4304444215942296e-21,1.4416911120665537e-21,1.4530077702354086e-21,1.4643947158608133e-21,1.4758522697005399e-21,1.4873807534401318e-21,1.4989804897719465e-21,1.5106518030936278e-21,1.5223950149025175e-21,1.5342104536949608e-21,1.5460984435385592e-21,1.5580593122471164e-21,1.5700933906373103e-21,1.582201008092294e-21,1.594382489513595e-21,1.6066381698433349e-21,1.6189683787591152e-21,1.6313734507370283e-21,1.6438537206557968e-21,1.6564095220931926e-21,1.6690411908194924e-21,1.6817490634332148e-21,1.6945334789900278e-21,1.7073947732624204e-21,1.720333287181923e-21,1.7333493611631123e-21,1.7464433366981752e-21,1.7596155561109378e-21,1.772866362590964e-21,1.7861961006754103e-21,1.7996051151798927e-21,1.81309375205903e-21,1.8266623597358866e-21,1.8403112859506987e-21,1.854040878908911e-21,1.867851488686042e-21,1.8817434669809164e-21,1.895717165365608e-21,1.9097729367798885e-21,1.923911135002473e-21,1.9381321149002725e-21,1.95243623250514e-21,1.966823844097471e-21,1.981295307641317e-21,1.9958509820788595e-21,2.0104912265823916e-21,2.025216402512009e-21,2.040026871302396e-21,2.0549229944494476e-21,2.0699051363089073e-21,2.0849736613616267e-21,2.100128935164175e-21,2.1153713241721534e-21,2.1307011958157425e-21,2.1461189185865004e-21,2.161624861853355e-21,2.1772193961113747e-21,2.1929028926358527e-21,2.208675723794483e-21,2.224538263503357e-21,2.2404908855728664e-21,2.256533965324513e-21,2.272667878507232e-21,2.2888930029119662e-21,2.3052097168775585e-21,2.3216183996789316e-21,2.338119431618611e-21,2.3547131936776484e-21,2.3714000683425577e-21,2.3881804384049824e-21,2.405054689238085e-21,2.4220232056382942e-21,2.4390863736085858e-21,2.456244580397702e-21,2.4734982139330243e-21,2.4908476642895067e-21,2.5082933205449587e-21,2.525835574536344e-21,2.5434748209239945e-21,2.561211448354884e-21,2.579045852953623e-21,2.596978429374116e-21,2.615009575615952e-21,2.6331396875449177e-21,2.651369164463698e-21,2.6696984052069324e-21,2.688127810120984e-21,2.7066577803228165e-21,2.7252887182557426e-21,2.744021027084503e-21,2.7628551104704932e-21,2.781791375622857e-21,2.800830224411608e-21,2.8199720707713936e-21,2.839217320595041e-21,2.858566381198668e-21,2.878019663940555e-21,2.8975775835404538e-21,2.917240544457517e-21,2.9370089683872845e-21,2.956883266672807e-21,2.9768638588690523e-21,2.9969511583283735e-21,3.01714558098614e-21,3.037447548551337e-21,3.05785747885716e-21,3.0783757934236684e-21,3.0990029133769854e-21,3.119739261865383e-21,3.140585262582237e-21,3.1615413404905654e-21,3.182607920989045e-21,3.2037854317756785e-21,3.2250743002398772e-21,3.2464749557670867e-21,3.2679878281012363e-21,3.289613351318724e-21,3.3113519515715946e-21,3.3332040654350936e-21,3.3551701268579355e-21,3.377250571458964e-21,3.399445834268303e-21,3.421756353819281e-21,3.4441825703090706e-21,3.466724918872248e-21,3.489383841974123e-21,3.512159781487881e-21,3.5350531798614636e-21,3.558064480677838e-21,3.5811941288068996e-21,3.6044425696940876e-21,3.6278102495455365e-21,3.651297617698354e-21,3.674905122115667e-21,3.698633213182535e-21,3.722482341327539e-21,3.7464529594152285e-21,3.770545520202483e-21,3.794760477771322e-21,3.819098287816047e-21,3.843559406195102e-21,3.8681442882495596e-21,3.8928533968833974e-21,3.9176871891728786e-21,3.942646126175773e-21,3.9677306704343525e-21,3.992941282631435e-21,4.018278427320555e-21,4.0437425691271536e-21,4.069334172463418e-21,4.095053708637506e-21,4.120901643416781e-21,4.1468784453921445e-21,4.172984585829305e-21,4.199220535420568e-21,4.22558676678853e-21,4.252083753805914e-21,4.278711969964348e-21,4.30547189137664e-21,4.332363994995731e-21,4.359388758206567e-21,4.386546660406091e-21,4.413838180846816e-21,4.441263801362821e-21,4.4688240031684964e-21,4.496519269369147e-21,4.524350085353231e-21,4.552316936017333e-21,4.580420307557279e-21,4.6086606878796426e-21,4.63703856482231e-21,4.665554430509666e-21,4.6942087730062336e-21,4.723002084812502e-21,4.7519348598892065e-21,4.7810075918793045e-21,4.810220776235719e-21,4.839574908857354e-21,4.869070487204878e-21,4.898708009922908e-21,4.928487976936372e-21,4.958410888080503e-21,4.988477245822932e-21,5.018687555007789e-21,5.049042317601475e-21,5.0795420365449095e-21,5.1101872194408935e-21,5.1409783743706026e-21,5.1719160032579776e-21,5.203000629290097e-21,5.234232756157869e-21,5.265612895198465e-21,5.297141553174765e-21,5.3288192568083944e-21,5.360646514604523e-21,5.392623842997474e-21,5.4247517591358285e-21,5.457030781595888e-21,5.4894614300038464e-21,5.522044224671795e-21,5.554779686525942e-21,5.5876683407558456e-21,5.620710709962594e-21,5.653907320677532e-21,5.6872586967314184e-21,5.720765367940972e-21,5.75442786035606e-21,5.788246705971299e-21,5.822222432307636e-21,5.856355575298316e-21,5.890646664924338e-21,5.925096234097345e-21,5.959704823821835e-21,5.9944729657357284e-21,6.029401200024976e-21,6.064490062186588e-21,6.0997400940132984e-21,6.135151832645135e-21,6.170725826520971e-21,6.206462616394866e-21,6.242362746057455e-21,6.278426760951807e-21,6.314655207710505e-21,6.351048632516989e-21,6.387607587128298e-21,6.424332617902206e-21,6.4612242820611595e-21,6.4982831263382295e-21,6.535509705839362e-21,6.572904575069824e-21,6.610468297174613e-21,6.648201414195963e-21,6.686104490950481e-21,6.724178087688628e-21,6.762422763913895e-21,6.80083909302382e-21,6.839427614381162e-21,6.878188902914831e-21,6.917123524039403e-21,6.956232043564234e-21,6.995515028571658e-21,7.034973046296599e-21,7.07460666853276e-21,7.114416464741075e-21,7.154403006895707e-21,7.194566868281689e-21,7.234908621861928e-21,7.27542884399216e-21,7.316128110698054e-21,7.357006999046204e-21,7.39806608887243e-21,7.439305958849683e-21,7.480727191183409e-21,7.52233036705514e-21,7.564116068851568e-21,7.606084884178682e-21,7.648237396840641e-21,7.690574193556534e-21,7.733095863902164e-21,7.775802995083218e-21,7.818696179686162e-21,7.861776008054392e-21,7.905043073043765e-21,7.948497968479562e-21,7.992141289447463e-21,8.035973632652277e-21,8.079995594625448e-21,8.124207774073725e-21,8.168610773104907e-21,8.213205188974754e-21,8.257991616680765e-21,8.302970677136699e-21,8.348142965945625e-21,8.393509089207359e-21,8.43906965297791e-21,8.484825265338186e-21,8.530776535774327e-21,8.57692407505742e-21,8.623268494465976e-21,8.669810406796198e-21,8.716550424832158e-21,8.763489165548895e-21,8.810627244217315e-21,8.857965278726962e-21,8.905503887605296e-21,8.953243689766888e-21,9.001185308032229e-21,9.049329363291914e-21,9.09767648341684e-21,9.146227285688392e-21,9.194982393512964e-21,9.243942447029221e-21,9.293108065698388e-21,9.342479880776152e-21,9.392058523991143e-21,9.441844623757287e-21,9.49183881532644e-21,9.542041735319785e-21,9.592454013175888e-21,9.643076288006014e-21,9.693909200208145e-21,9.744953385510549e-21,9.796209481787944e-21,9.84767814241994e-21,9.899359995416512e-21,9.951255692414368e-21,1.0003365875323805e-20,1.005569119345251e-20,1.0108232291100688e-20,1.016098981849409e-20,1.0213964425449811e-20,1.0267156764694657e-20,1.0320567485330437e-20,1.037419724245115e-20,1.042804669060365e-20,1.0482116487280592e-20,1.053640728539306e-20,1.0590919760396708e-20,1.064565455770832e-20,1.0700612324365786e-20,1.0755793737225002e-20,1.081119946176875e-20,1.0866830152368297e-20,1.0922686479665113e-20,1.0978769115653755e-20,1.1035078732052675e-20,1.1091615985358788e-20,1.1148381549251367e-20,1.1205376110394254e-20,1.1262600316531892e-20,1.1320054854008811e-20,1.1377740392825003e-20,1.1435657620828209e-20,1.14938072105358e-20,1.1552189841638532e-20,1.1610806192936752e-20,1.1669656944280642e-20,1.1728742783190387e-20,1.1788064391563782e-20,1.1847622443254756e-20,1.1907417647128575e-20,1.1967450679170732e-20,1.202772222775381e-20,1.2088232984155431e-20,1.2148983641455535e-20,1.2209974904925585e-20,1.2271207454147308e-20,1.2332681968608621e-20,1.2394399161787115e-20,1.2456359728676363e-20,1.2518564368685741e-20,1.2581013783537633e-20,1.2643708674016685e-20,1.270664974218855e-20,1.276983769170541e-20,1.2833273226550408e-20,1.289695705527809e-20,1.2960889893760566e-20,1.3025072427058616e-20,1.3089505384242737e-20,1.3154189475592181e-20,1.321912540673328e-20,1.3284313893824998e-20,1.3349755642774942e-20,1.3415451387931992e-20,1.348140184003427e-20,1.3547607710237475e-20,1.3614069730782518e-20,1.3680788616108844e-20,1.3747765091866878e-20,1.3814999877818637e-20,1.388249370074696e-20,1.3950247313924887e-20,1.4018261390737396e-20,1.408653667723037e-20,1.415507391758261e-20,1.4223873861125454e-20,1.4292937201497237e-20,1.4362264707099118e-20,1.4431442352814126e-20,1.4500815620053013e-20,1.4570386454861984e-20,1.46401365114762e-20,1.4710033874888566e-20,1.4780191775612737e-20,1.4850518171310243e-20,1.492103401913543e-20,1.499173693210272e-20,1.5062636421825706e-20,1.5133726152819815e-20,1.52050073077597e-20,1.5276476564532837e-20,1.5348137044662707e-20,1.5419982495338816e-20,1.549202803051223e-20,1.556424870794121e-20,1.5636675516608006e-20,1.5709292735320778e-20,1.5782100261200252e-20,1.5855094812815365e-20,1.5928273583512166e-20,1.6001651157764626e-20,1.6075219653230912e-20,1.614897661728961e-20,1.6222911069722897e-20,1.6297035923206587e-20,1.637136066454324e-20,1.6445874389970615e-20,1.6520568244528563e-20,1.6595451199366967e-20,1.6670536119141493e-20,1.67458065171057e-20,1.682126319258456e-20,1.6896913391222553e-20,1.697275166014613e-20,1.7048774819684244e-20,1.7124985803749587e-20,1.7201384455211926e-20,1.7277970618503715e-20,1.7354744162324308e-20,1.743170225970082e-20,1.7508850111881414e-20,1.7586182147170816e-20,1.7663708932795162e-20,1.7741419865072476e-20,1.7819319634525294e-20,1.7897399514462112e-20,1.7975663781549636e-20,1.8054122027567673e-20,1.813275506620954e-20,1.8211573749975772e-20,1.8290583264884898e-20,1.836978451922054e-20,1.844917135828904e-20,1.8528743596420672e-20,1.8608501411656675e-20,1.8688444877751895e-20,1.8768565275863793e-20,1.8848870194959072e-20,1.8929370671758044e-20,1.901004465902046e-20,1.9090913540262184e-20,1.9171965928480536e-20,1.9253192282413703e-20,1.9334610055326574e-20,1.9416208260370545e-20,1.9497985716222913e-20,1.9579950146480626e-20,1.966209696976813e-20,1.974442659379549e-20,1.9826938921689913e-20,1.9909628177227487e-20,1.999250609158062e-20,2.0075563816693677e-20,2.0158803979404164e-20,2.0242223292784042e-20,2.032582801367793e-20,2.0409614653598322e-20,2.0493583183954417e-20,2.0577733464763256e-20,2.0662065355396717e-20,2.0746578722610344e-20,2.0831273429841314e-20,2.0916149499909182e-20,2.1001206665602287e-20,2.1086444774101047e-20,2.1171863712564643e-20,2.1257463075120912e-20,2.1343243195404895e-20,2.1429203469342887e-20,2.1515343985928573e-20,2.1601664620411894e-20,2.1688172548169166e-20,2.177485056355603e-20,2.1861711184028552e-20,2.1948751324438367e-20,2.203597085793133e-20,2.212337695121403e-20,2.2210962287407032e-20,2.2298719384242238e-20,2.238665568349437e-20,2.2474777904802824e-20,2.2563078833049493e-20,2.265155833174814e-20,2.2740216130981186e-20,2.282905236624919e-20,2.2918059531112638e-20,2.300725194992851e-20,2.3096622132012414e-20,2.3186170221709322e-20,2.3275895944668084e-20,2.3365799021786773e-20,2.3455872236024407e-20,2.3546130039743685e-20,2.3636564949521943e-20,2.3727176826626847e-20,2.381796538335089e-20,2.390893079621589e-20,2.400007277890003e-20,2.4091391198229376e-20,2.4182885921485532e-20,2.427455681679252e-20,2.4366403751359004e-20,2.445841888428684e-20,2.455061748125177e-20,2.4642991537116954e-20,2.4735541293724182e-20,2.4828266430602274e-20,2.4921166815579096e-20,2.5014242317040502e-20,2.5107492803892607e-20,2.5200917958520878e-20,2.5294518020413935e-20,2.5388292674416378e-20,2.548224178871702e-20,2.5576365231158085e-20,2.5670662872946742e-20,2.5765134582773693e-20,2.585978022936045e-20,2.595459947585332e-20,2.604959260376496e-20,2.6144759278477296e-20,2.6240100803375454e-20,2.6335615634239233e-20,2.6431301947402316e-20,2.6527161284324207e-20,2.6623016674226392e-20,2.6719221542487518e-20,2.6815598828053346e-20,2.691215041116068e-20,2.7008874396808437e-20,2.7105768806892915e-20,2.7202835333225204e-20,2.730007386789734e-20,2.739748406723051e-20,2.7495068093351853e-20,2.759282180803053e-20,2.769074897327765e-20,2.7788845500637725e-20,2.7887113241454517e-20,2.798555414680647e-20,2.808416372664883e-20,2.8182946498661625e-20,2.8281900037833145e-20,2.838102420586626e-20,2.8480316529499236e-20,2.8579776226635594e-20,2.867940900116689e-20,2.8779211840080515e-20,2.8879184644774495e-20,2.897932725534665e-20,2.9079628087522766e-20,2.918011200956268e-20,2.9280763020439485e-20,2.9381583517928866e-20,2.9482573179788995e-20,2.9583731879330606e-20,2.968505948992991e-20,2.978655588433447e-20,2.988822093520199e-20,2.999005451662876e-20,3.0092056309135935e-20,3.019422659883379e-20,3.029656501224343e-20,3.039885890652823e-20,3.0501532899585244e-20,3.060437466603901e-20,3.070738407937758e-20,3.0810561013721145e-20,3.091390534315294e-20,3.1017416778329645e-20,3.112109552103419e-20,3.1224941282135316e-20,3.132895393627433e-20,3.1433133369631315e-20,3.1537479266141207e-20,3.1641991847837633e-20,3.1746670821739175e-20,3.1851524912858905e-20,3.1956545158022466e-20,3.206173145213393e-20,3.216707478050616e-20,3.2272583868007806e-20,3.237825859085515e-20,3.24840988252269e-20,3.259010452618343e-20,3.2696275413261616e-20,3.2802611440896453e-20,3.290911248513615e-20,3.3015778421395267e-20,3.3122609234695767e-20,3.322960458653081e-20,3.333676446192786e-20,3.344408559335181e-20,3.355157429304286e-20,3.365922385439245e-20,3.3767040712417564e-20,3.387501822083761e-20,3.398316277353571e-20,3.409147098321426e-20,3.4199945165064334e-20,3.430858276796638e-20,3.441738364534936e-20,3.45263476860647e-20,3.4635474768191636e-20,3.4744762413464766e-20,3.485421285760144e-20,3.4963825991829594e-20,3.5073604008904416e-20,3.5183544472374003e-20,3.529364723975691e-20,3.54036894923231e-20,3.551411619262607e-20,3.562470484788195e-20,3.573545533096594e-20,3.584636752091847e-20,3.595744129669788e-20,3.6068676537358456e-20,3.618007086255837e-20,3.629162641385664e-20,3.640334531826693e-20,3.651522520355369e-20,3.6627263705953024e-20,3.6739465190195103e-20,3.685182729520226e-20,3.6964349898339437e-20,3.707703288075473e-20,3.7189876123532914e-20,3.7302879504978065e-20,3.741604290533256e-20,3.752936397426119e-20,3.76428470481244e-20,3.7756489781280175e-20,3.787029205490521e-20,3.798425374728908e-20,3.809837473984074e-20,3.8212654912907386e-20,3.8327091929161436e-20,3.8441687885262053e-20,3.855644266073296e-20,3.867135835495302e-20,3.8786432634096836e-20,3.890166537849835e-20,3.901705646887366e-20,3.9132605787135776e-20,3.92483132154734e-20,3.9364178633417735e-20,3.9480201923377374e-20,3.959638296998508e-20,3.9712719376420735e-20,3.982898685055524e-20,3.994564013669317e-20,4.0062221883549136e-20,4.0179189309061325e-20,4.029631377911865e-20,4.041359271506319e-20,4.053103091702791e-20,4.0648623360286024e-20,4.0766374825077524e-20,4.0884280484046675e-20,4.100234474560936e-20,4.1120565225911e-20,4.123894181105021e-20,4.135747438355249e-20,4.14761628264177e-20,4.1595007022606046e-20,4.171400460418706e-20,4.1833157675716556e-20,4.1952468425509423e-20,4.207193199877905e-20,4.2191553200756296e-20,4.2311327193332493e-20,4.243125609339859e-20,4.2551339611178125e-20,4.2671577828723935e-20,4.2791973121255326e-20,4.291252061183826e-20,4.30332224269655e-20,4.3154078264418136e-20,4.327509074145011e-20,4.3396257228683605e-20,4.351757760905227e-20,4.363905176692068e-20,4.3760679587661585e-20,4.3882458657624166e-20,4.4004390927864145e-20,4.412584451093842e-20,4.424745007150628e-20,4.436984035913915e-20,4.4491750308656717e-20,4.4614445633228444e-20,4.4736659515451844e-20,4.4859024906969095e-20,4.498195022913835e-20,4.5104618726537396e-20,4.522743808145216e-20,4.535081790880609e-20,4.5474345428495463e-20,4.559761844408143e-20,4.5721041938303784e-20,4.5844614019860605e-20,4.596833644838369e-20,4.6092209150984393e-20,4.621623414641979e-20,4.634040905680832e-20,4.646473400718339e-20,4.6589208701450534e-20,4.6713833213763334e-20,4.6838607339938995e-20,4.6963530968901523e-20,4.708860398880436e-20,4.7213826288376876e-20,4.7339197663142814e-20,4.7464718189296786e-20,4.7590798712485843e-20,4.7716617638913665e-20,4.784258515706958e-20,4.7968701287126145e-20,4.809496592047601e-20,4.822137894678576e-20,4.8347940255673907e-20,4.847464973678003e-20,4.8601507280038303e-20,4.872851267832969e-20,4.885566591853242e-20,4.898296698588992e-20,4.9110415577854253e-20,4.923801177840762e-20,4.936575538080317e-20,4.949364627544319e-20,4.9621684352827053e-20,4.974986950345489e-20,4.9878201231759203e-20,5.000667981343429e-20,5.013530552583635e-20,5.0264077874330945e-20,5.0392994676104837e-20,5.052205992151617e-20,5.065127152333092e-20,5.078062724511604e-20,5.091009899758413e-20,5.104015627431441e-20,5.116995225469709e-20,5.129989418256891e-20,5.142998176600813e-20,5.1560188871952253e-20,5.1690542417510905e-20,5.182106641557383e-20,5.195173509380502e-20,5.208254917916211e-20,5.2213508370970333e-20,5.234461236265183e-20,5.2475861144292165e-20,5.2607254611277605e-20,5.2738792655869386e-20,5.287047526794844e-20,5.300230224109171e-20,5.3134273468239345e-20,5.326638884269597e-20,5.3398642046663134e-20,5.353104503791665e-20,5.366356727903002e-20,5.3796258172686674e-20,5.3929092540768655e-20,5.406206961642974e-20,5.419519098307211e-20,5.43284555395799e-20,5.446186327751624e-20,5.459582745103842e-20,5.472951648817862e-20,5.486334798807632e-20,5.499732798518978e-20,5.513145057819235e-20,5.526570980217505e-20,5.540011732098868e-20,5.55350523579043e-20,5.566973997444344e-20,5.580456865837387e-20,5.593954537983136e-20,5.607466384784765e-20,5.620991842085539e-20,5.634532044083812e-20,5.648086369289124e-20,5.661654884596055e-20,5.675236804654317e-20,5.688875278429718e-20,5.702486231359206e-20,5.7161112793312e-20,5.729750423206678e-20,5.743402928390827e-20,5.757070228000376e-20,5.770751137469828e-20,5.784490955856698e-20,5.798244863212833e-20,5.811968455385657e-20,5.825705502333929e-20,5.83945712179887e-20,5.853222738378697e-20,5.867002356945196e-20,5.880795956726969e-20,5.894603527376465e-20,5.908425058465562e-20,5.922260539617626e-20,5.936109960359633e-20,5.94997331025628e-20,5.963850579212261e-20,5.977741745898342e-20,5.99164681067526e-20,6.005565763297337e-20,6.019498604260385e-20,6.033445301477129e-20,6.047405855624909e-20,6.061380223916214e-20,6.07536782562559e-20,6.089369904683166e-20,6.10338578265526e-20,6.11741546577031e-20,6.131458858396465e-20,6.145516121324762e-20,6.159587169642378e-20,6.173671982126845e-20,6.187770537600924e-20,6.201882848006191e-20,6.216008261172024e-20,6.230147990087135e-20,6.24430145897131e-20,6.258468018414663e-20,6.272648294263609e-20,6.28684225787153e-20,6.301050492766317e-20,6.315272372244957e-20,6.329507903746308e-20,6.343757088176587e-20,6.358019904357084e-20,6.372296330945579e-20,6.386586368544768e-20,6.40089001862418e-20,6.415207259797067e-20,6.429538070629772e-20,6.44388246361089e-20,6.458240417247914e-20,6.472611921599892e-20,6.48699643373414e-20,6.501440305531294e-20,6.515852454679393e-20,6.530278091009056e-20,6.5447172389021e-20,6.559169865451508e-20,6.573635972065058e-20,6.588115548792236e-20,6.602608585528011e-20,6.61711508376853e-20,6.631635022017488e-20,6.646168287981771e-20,6.660715076072593e-20,6.675275274116342e-20,6.689848872161286e-20,6.704435860242596e-20,6.719036228359243e-20,6.733649966485885e-20,6.748277064709252e-20,6.76291750115675e-20,6.777571277827646e-20,6.792286089786254e-20,6.807014277412276e-20,6.821755830680526e-20,6.836510739375384e-20,6.851278993883204e-20,6.866060583955454e-20,6.88085549960183e-20,6.895663730842007e-20,6.910485267641374e-20,6.925320100075753e-20,6.940168218156488e-20,6.955029611883392e-20,6.969904271292605e-20,6.984792186120114e-20,6.999692971317021e-20,7.014607366219698e-20,7.02953461372052e-20,7.044475449888159e-20,7.059429493861587e-20,7.074396734133402e-20,7.089377160978986e-20,7.104370764237711e-20,7.119377534031639e-20,7.134397460487539e-20,7.14943053350673e-20,7.164476743249921e-20,7.179536080132392e-20,7.194606982080402e-20,7.209690641428808e-20,7.224787324216796e-20,7.239898738046504e-20,7.255023556575141e-20,7.27015990510409e-20,7.285310849275372e-20,7.300474842561803e-20,7.315651874989974e-20,7.330841936478667e-20,7.34604501716344e-20,7.36126075422751e-20,7.376489841948104e-20,7.391731921240042e-20,7.406986980320066e-20,7.422255009984588e-20,7.437535711093788e-20,7.45282929046169e-20,7.468135810415086e-20,7.483454057763049e-20,7.498786801659972e-20,7.514130568802596e-20,7.52948721499761e-20,7.544858271396457e-20,7.560242591121529e-20,7.575637934047741e-20,7.591046111886913e-20,7.60646728671255e-20,7.621901167544337e-20,7.637349446377831e-20,7.652807270073105e-20,7.668277814926988e-20,7.683764558120418e-20,7.699264380091829e-20,7.714776990309685e-20,7.730300400621823e-20,7.745838566045781e-20,7.761389074536795e-20,7.776949208789106e-20,7.792525624470639e-20,7.808114750923868e-20,7.823713060495908e-20,7.839327633579828e-20,7.85495488838602e-20,7.87059483377986e-20,7.886247460979037e-20,7.901912760465029e-20,7.917589083495813e-20,7.933279708496491e-20,7.948982967356527e-20,7.964698860341817e-20,7.980427378198223e-20,7.996168511493371e-20,8.011922250728662e-20,8.027688586002405e-20,8.04346750881699e-20,8.059259008942004e-20,8.0750630776641e-20,8.09087970508706e-20,8.106705463323845e-20,8.122543690126805e-20,8.138394444599325e-20,8.154261225695827e-20,8.170140497912834e-20,8.186032272495683e-20,8.201936540081594e-20,8.217853291301995e-20,8.233782516874348e-20,8.249724207173864e-20,8.265678352961746e-20,8.281644945357653e-20,8.297623974694626e-20,8.31361543165814e-20,8.329619306520596e-20,8.345632262129065e-20,8.361660962607121e-20,8.377702034306208e-20,8.393752181258786e-20,8.409818022207621e-20,8.425896207417238e-20,8.441986745534796e-20,8.458089627549556e-20,8.474204844142892e-20,8.490332386595031e-20,8.506471946530084e-20,8.522624110165851e-20,8.53878857152021e-20,8.554965027449806e-20,8.571154056712317e-20,8.587355056469052e-20,8.603568313270374e-20,8.619794125033166e-20,8.63603218125918e-20,8.652282470650953e-20,8.668544984398122e-20,8.68481971162359e-20,8.701106646779601e-20,8.717405778777791e-20,8.733717098427836e-20,8.750040596574966e-20,8.766376264122635e-20,8.782724091997013e-20,8.799084071043526e-20,8.815456192187049e-20,8.831838971979016e-20,8.848234973248963e-20,8.864643462583437e-20,8.881064059481671e-20,8.897496471523984e-20,8.913941250084814e-20,8.930398108982394e-20,8.946866758031379e-20,8.963347456851509e-20,8.97984049518828e-20,8.996345577692725e-20,9.012862693656338e-20,9.029391833872929e-20,9.045929905787491e-20,9.062483084224741e-20,9.079047967863915e-20,9.095624703088905e-20,9.11221382487929e-20,9.128814586724464e-20,9.145427357996935e-20,9.162051963349622e-20,9.17868857058561e-20,9.195337172438063e-20,9.211997701207637e-20,9.228670425269268e-20,9.245354733276435e-20,9.262051263555094e-20,9.278759685464844e-20,9.29547966794924e-20,9.312211841091428e-20,9.328955613845223e-20,9.345711281779497e-20,9.362478744655051e-20,9.379258315760766e-20,9.396049396987955e-20,9.412852393686271e-20,9.429667421251786e-20,9.44649425160866e-20,9.463332874240915e-20,9.480183280199318e-20,9.497045198809334e-20,9.513918926013459e-20,9.530804626350591e-20,9.547702076377034e-20,9.564611266012883e-20,9.58153218636385e-20,9.598464828337889e-20,9.615409183403287e-20,9.632365242328516e-20,9.64933299568011e-20,9.666312434501926e-20,9.683303553072565e-20,9.700306340643616e-20,9.717320788106932e-20,9.734346887550375e-20,9.751384629794063e-20,9.768434005970087e-20,9.785494758402031e-20,9.802567374581493e-20,9.819651297624688e-20,9.836746863216638e-20,9.853852857027799e-20,9.870971635250943e-20,9.888101894895542e-20,9.905242727936309e-20,9.922396198601936e-20,9.939561432589894e-20,9.956738206902215e-20,9.973926510555478e-20,9.99112604310036e-20,1.0008337379044865e-19,1.0025560220947457e-19,1.004279431717402e-19,1.0060040139175061e-19,1.0077297150785933e-19,1.0094565920082823e-19,1.0111845858644197e-19,1.0129137242158471e-19,1.0146438992614607e-19,1.0163753565432894e-19,1.018107955473375e-19,1.019841672610697e-19,1.0215765540724894e-19,1.0233125757625462e-19,1.0250497366993787e-19,1.0267880360927076e-19,1.028527473019155e-19,1.0302680466293126e-19,1.0320097560708324e-19,1.033752600497257e-19,1.035496579032696e-19,1.0372416908081514e-19,1.0389879350735787e-19,1.0407353109181453e-19,1.0424838174981095e-19,1.044233453965624e-19,1.0459842194456139e-19,1.0477361131476328e-19,1.0494891341991284e-19,1.0512432590023739e-19,1.0529985319991393e-19,1.0547549299950125e-19,1.0565124519816568e-19,1.0582710970348538e-19,1.0600308644416151e-19,1.0617917532983099e-19,1.0635537627646652e-19,1.0653168919943827e-19,1.0670811401581096e-19,1.0688465064137472e-19,1.0706129899284352e-19,1.0723805898466223e-19,1.074149305342892e-19,1.0759191355858904e-19,1.0776900797370777e-19,1.0794621369584882e-19,1.0812353064193297e-19,1.0830095872881749e-19,1.0847849787298218e-19,1.0865614799058398e-19,1.0883390899933682e-19,1.0901178081601683e-19,1.091897633574123e-19,1.093678565403119e-19,1.0954606028232515e-19,1.0972437449438903e-19,1.099027969370993e-19,1.100813295991468e-19,1.1025997469747182e-19,1.1043872998821552e-19,1.1061759533531803e-19,1.1079657066948192e-19,1.1097564417006775e-19,1.1115483930742427e-19,1.11334132412498e-19,1.11513546920659e-19,1.1169307091060667e-19,1.1187270229944163e-19,1.1205244515576947e-19,1.1223229735440265e-19,1.1241225670865402e-19,1.1259232728613475e-19,1.1277250695975618e-19,1.129527841057864e-19,1.131331817785286e-19,1.1331368819042332e-19,1.1349430335022153e-19,1.1367502513191811e-19,1.1385585752662273e-19,1.140367964195155e-19,1.142178457442855e-19,1.143990034318849e-19,1.1458026937635016e-19,1.1476164350929428e-19,1.149431257425626e-19,1.1512471599511845e-19,1.1530641418600147e-19,1.1548821823026142e-19,1.1567013203343913e-19,1.1585214234776483e-19,1.1603427157004313e-19,1.1621650823534786e-19,1.1639885235242785e-19,1.1658130383525319e-19,1.1676386064981215e-19,1.1694651573173017e-19,1.1712927756261652e-19,1.1731215781928e-19,1.1749514496011436e-19,1.1767823899011473e-19,1.1786143983149715e-19,1.1804472245900336e-19,1.1822813684444106e-19,1.1841165763007428e-19,1.185952849036211e-19,1.1877901858895622e-19,1.1896285860636324e-19,1.1914680487645563e-19,1.1933085541152235e-19,1.1951501391667602e-19,1.196992784645706e-19,1.1988364703811715e-19,1.20068123355027e-19,1.2025270546751993e-19,1.204373932771836e-19,1.2062218669551789e-19,1.2080708566080315e-19,1.209920882070452e-19,1.2117719798196895e-19,1.2136241116626984e-19,1.2154772951764766e-19,1.217331549642928e-19,1.2191868549520852e-19,1.2210432101355105e-19,1.2229006143840746e-19,1.2247590668380938e-19,1.2266185668758686e-19,1.2284791136296002e-19,1.2303407063133364e-19,1.232203344140597e-19,1.2340670263326844e-19,1.2359317521074908e-19,1.237797520684528e-19,1.239664331278895e-19,1.2415321830044178e-19,1.2434010752925283e-19,1.2452710072596062e-19,1.2471417431920567e-19,1.249013753752262e-19,1.250886799989385e-19,1.2527608827533237e-19,1.2546360013030222e-19,1.256512154860675e-19,1.2583893248251586e-19,1.2602675455269502e-19,1.262146799449995e-19,1.2640270852994382e-19,1.2659084022909346e-19,1.2677907496506615e-19,1.2696741266015254e-19,1.271558532376763e-19,1.2734439662051933e-19,1.2753301979597113e-19,1.277217687143105e-19,1.2791059726580797e-19,1.2809955124394246e-19,1.2828860747859733e-19,1.2847776435033355e-19,1.2866702516276101e-19,1.2885636548587505e-19,1.290458292895125e-19,1.2923539644102914e-19,1.2942506557178542e-19,1.2961483658817888e-19,1.2980470941295136e-19,1.299946822710567e-19,1.3018475667246977e-19,1.3037493267928403e-19,1.3056521053787214e-19,1.3075559123779656e-19,1.3094607330102818e-19,1.3113665493249127e-19,1.3132733945738008e-19,1.3151812512559535e-19,1.3170900116986017e-19,1.3189998743378977e-19,1.320910759861091e-19,1.3228226407348863e-19,1.3247355420075177e-19,1.3266494500755474e-19,1.3285643641908305e-19,1.3304802670675108e-19,1.332397190600862e-19,1.3343151180213248e-19,1.3362340483901624e-19,1.3381539809388865e-19,1.3400746970884936e-19,1.341996619130625e-19,1.3439195366057198e-19,1.3458434531838488e-19,1.3477683682100156e-19,1.3496942977521112e-19,1.3516212083530725e-19,1.353549131022345e-19,1.355478049337804e-19,1.3574079623706336e-19,1.3593388693466432e-19,1.3612707695322473e-19,1.3632036621859352e-19,1.3651375465632368e-19,1.3670724219170128e-19,1.3690082875110707e-19,1.3709451425967859e-19,1.3728829863421614e-19,1.3748218181943513e-19,1.376761637240034e-19,1.3787024273079552e-19,1.380644202043775e-19,1.3825869783263446e-19,1.384530738998647e-19,1.3864754679044493e-19,1.3884211949070536e-19,1.3903679042127423e-19,1.3923155948355507e-19,1.3942642505220296e-19,1.3962138855387559e-19,1.3981645157110917e-19,1.400116109204322e-19,1.4020686954856114e-19,1.4040222467343616e-19,1.4059767735908614e-19,1.4079322885706437e-19,1.4098886791291056e-19,1.411846130233858e-19,1.4138044691669824e-19,1.415763777969703e-19,1.4177241605083112e-19,1.4196855132408406e-19,1.4216478213877606e-19,1.423611113948273e-19,1.425575375645261e-19,1.4275406054733852e-19,1.4295068027762164e-19,1.431473952169793e-19,1.433442066796242e-19,1.4354111621169699e-19,1.437381222252001e-19,1.4393520551278727e-19,1.4413238471710883e-19,1.4432967268526146e-19,1.4452706376486418e-19,1.4472455096820064e-19,1.449221327485168e-19,1.4511981191426852e-19,1.4531758698223373e-19,1.4551545786253126e-19,1.4571342448230794e-19,1.4591148676931166e-19,1.461096372341686e-19,1.4630789061032985e-19,1.4650623264541425e-19,1.4670467684135637e-19,1.4690321637372714e-19,1.4710185115594776e-19,1.4730056241920995e-19,1.474993866476903e-19,1.476982965579719e-19,1.4789730521380764e-19,1.4809641506303824e-19,1.4829561974882208e-19,1.4849491918618322e-19,1.4869430664218023e-19,1.488937953157809e-19,1.4909337713995806e-19,1.4929305480208376e-19,1.4949280852566844e-19,1.4969267503475207e-19,1.498926342756152e-19,1.5009268760048186e-19,1.5029283647395816e-19,1.5049307940000927e-19,1.5069341629018007e-19,1.508938456964581e-19,1.5109436303549864e-19,1.512949813465085e-19,1.5149569200159844e-19,1.5169649761998708e-19,1.5189739679870264e-19,1.5209838943735766e-19,1.5229947413194774e-19,1.5250065207603902e-19,1.527019232842652e-19,1.5290328768534238e-19,1.5310474520836114e-19,1.533062971859693e-19,1.5350794081440125e-19,1.5370966202477732e-19,1.5391149288356333e-19,1.541134163841154e-19,1.543154325845178e-19,1.5451754141777305e-19,1.5471974281500812e-19,1.5492203670672229e-19,1.551244140142025e-19,1.553268927692686e-19,1.5552945474136517e-19,1.5573211799675072e-19,1.5593487331690863e-19,1.5613771940399627e-19,1.5634065879064877e-19,1.5654369013858895e-19,1.5674681064861984e-19,1.5695002570198485e-19,1.5715331414921335e-19,1.5735669380119506e-19,1.575601754448201e-19,1.5776373839297407e-19,1.5796741153119927e-19,1.581711759109714e-19,1.5837503161045808e-19,1.585789785649413e-19,1.5878301670522742e-19,1.5898714596449936e-19,1.5919136626320953e-19,1.5939567628279364e-19,1.596000783822996e-19,1.5980457139470354e-19,1.6000915396107853e-19,1.6021382847249844e-19,1.6041859360696552e-19,1.6062344926963272e-19,1.6082839548418367e-19,1.6103343213807778e-19,1.6123855795712466e-19,1.6144377530341441e-19,1.616490828576945e-19,1.6185447938775205e-19,1.6205996620217753e-19,1.6226554407201568e-19,1.6247121189394092e-19,1.6267696814100254e-19,1.6288281566942848e-19,1.630887530214143e-19,1.6329478007009221e-19,1.6350087902552727e-19,1.6370708538995799e-19,1.639133811089045e-19,1.6411976624950189e-19,1.6432624075194295e-19,1.645328045467798e-19,1.6473945753541816e-19,1.649461997160699e-19,1.6515303099697826e-19,1.6535995130368515e-19,1.6556696052882537e-19,1.6577405747900866e-19,1.6598124317311205e-19,1.6618851889373583e-19,1.6639588332672745e-19,1.6660332931747682e-19,1.6681086867410207e-19,1.6701849881885416e-19,1.672262173560696e-19,1.6743402425353928e-19,1.6764191940356906e-19,1.6784990164712018e-19,1.6805797320913998e-19,1.682661328863723e-19,1.6847438059523818e-19,1.6868271622891127e-19,1.6889113980024184e-19,1.6909965119366834e-19,1.6930825032281237e-19,1.6951692966985708e-19,1.6972569516444631e-19,1.699345489022069e-19,1.701434985484825e-19,1.703525355489841e-19,1.705616599310143e-19,1.7077087162057174e-19,1.7098017055217018e-19,1.7118954855042886e-19,1.7139902184708722e-19,1.716085740152173e-19,1.7181822133632108e-19,1.7202795410558572e-19,1.7223777509032877e-19,1.7244768120486818e-19,1.726576684120002e-19,1.728677496483021e-19,1.7307791000063445e-19,1.7328815849540932e-19,1.7349849920278082e-19,1.7370890991231607e-19,1.7391942123487289e-19,1.7413000414995643e-19,1.7434068919262821e-19,1.7455146122966465e-19,1.7476231935683552e-19,1.749732634828624e-19,1.7518429356360933e-19,1.7539540952456554e-19,1.7560661128968983e-19,1.7581789880592363e-19,1.760292641432842e-19,1.762407149759937e-19,1.764522594471716e-19,1.7666388933223857e-19,1.7687560464527737e-19,1.7708739750089208e-19,1.7729928257796568e-19,1.7751125377620986e-19,1.7772331016690298e-19,1.779354516629028e-19,1.7814767709114297e-19,1.7835998859257972e-19,1.7857238504224825e-19,1.7878486633905239e-19,1.78997432428307e-19,1.7921006717785561e-19,1.794228027947697e-19,1.7963562287541535e-19,1.7984852749670927e-19,1.800615165913679e-19,1.8027459009503137e-19,1.804877468975012e-19,1.8070098792579528e-19,1.809143142767936e-19,1.8112772480542864e-19,1.8134121942287955e-19,1.8155479807405695e-19,1.8176846069434104e-19,1.8198220722233764e-19,1.821960375957313e-19,1.8240995174919253e-19,1.8262394856235145e-19,1.8283803007186782e-19,1.8305219515508555e-19,1.8326644381841164e-19,1.8348077595018108e-19,1.8369519044315123e-19,1.839096882287507e-19,1.841242703302035e-19,1.84338934691653e-19,1.845536832001384e-19,1.8476851482772645e-19,1.849834294876649e-19,1.8519842711745903e-19,1.8541350765417792e-19,1.856286710297092e-19,1.858439171833341e-19,1.8605924501625799e-19,1.8627465654097956e-19,1.8649015068133134e-19,1.8670572735766647e-19,1.869213865077308e-19,1.871371270608946e-19,1.873529499045739e-19,1.875688560450726e-19,1.8778484445604162e-19,1.8800091503445296e-19,1.882170677164804e-19,1.8843330245135378e-19,1.8864961916661916e-19,1.8886601779072856e-19,1.8908249826969474e-19,1.892990595292069e-19,1.8951570352340473e-19,1.8973242840099954e-19,1.8994923568171623e-19,1.9016612454044674e-19,1.9038309488066425e-19,1.906001456791458e-19,1.9081727875911805e-19,1.9103449223737228e-19,1.9125178791851263e-19,1.9146916476627476e-19,1.9168662180976324e-19,1.9190416086415992e-19,1.9212178093985268e-19,1.9233948194903488e-19,1.925572638503681e-19,1.9277512657310433e-19,1.9299306909263355e-19,1.9321109224584598e-19,1.9342919704840935e-19,1.9364738244939058e-19,1.9386564741998418e-19,1.9408399278710663e-19,1.943024195302708e-19,1.9452092663357198e-19,1.9473951307647683e-19,1.9495817968123997e-19,1.9517692742911835e-19,1.9539575435005544e-19,1.9561466218365184e-19,1.9583365002240876e-19,1.9605271781029016e-19,1.962718654667585e-19,1.964910929094743e-19,1.9671040008808607e-19,1.9692978694974635e-19,1.9714925339745032e-19,1.9736879943734382e-19,1.9758842497236124e-19,1.9780812986872762e-19,1.9802791330606731e-19,1.982477769762864e-19,1.9846771992997193e-19,1.9868774208299327e-19,1.9890784244522306e-19,1.991280227939487e-19,1.9934828218398904e-19,1.995686196433893e-19,1.997890368991348e-19,2.0000953301132864e-19,2.002301079099327e-19,2.004507615372713e-19,2.0067148698917842e-19,2.0089229796786756e-19,2.0111318653949444e-19,2.0133414827423265e-19,2.015551937022909e-19,2.0177631729270894e-19,2.0199752034519453e-19,2.022188016874996e-19,2.0244016122015862e-19,2.0266159889523517e-19,2.0288311465174804e-19,2.031047011080348e-19,2.0332637292556026e-19,2.0354811583705295e-19,2.0376994341498966e-19,2.039918487058916e-19,2.04213830386855e-19,2.0443589106866531e-19,2.046580226970012e-19,2.0488023863222915e-19,2.0510253196555453e-19,2.0532490277096546e-19,2.0554735096168424e-19,2.057698764751447e-19,2.0599247926704406e-19,2.062151454502959e-19,2.06437902709791e-19,2.0666073695492205e-19,2.0688364823359511e-19,2.0710663647461148e-19,2.0732970098156524e-19,2.0755284300448011e-19,2.0777606183478043e-19,2.0799935269268763e-19,2.0822272494172616e-19,2.084461738414095e-19,2.0866969932413472e-19,2.088933013198512e-19,2.0911697973862906e-19,2.0934073461450108e-19,2.0956456582211147e-19,2.0978847245756467e-19,2.1001245530062082e-19,2.1023651431730614e-19,2.10460650242574e-19,2.10684861496636e-19,2.109091495644049e-19,2.1113351356792235e-19,2.1135795349544293e-19,2.1158246839684024e-19,2.1180705988417063e-19,2.1203172710406557e-19,2.1225646920636921e-19,2.1248128772395618e-19,2.1270618102794952e-19,2.1293113733479276e-19,2.1315618175652775e-19,2.1338130213078204e-19,2.1360649782511835e-19,2.138317679877791e-19,2.140571133048846e-19,2.1428253462090103e-19,2.1450803105195402e-19,2.1473360252372336e-19,2.1495924897959103e-19,2.1518497036867408e-19,2.154107666323539e-19,2.1563663772434531e-19,2.1586258356688653e-19,2.160886041143188e-19,2.1631469931160387e-19,2.1654086329418438e-19,2.167671017286785e-19,2.169934146438099e-19,2.17219807950473e-19,2.1744626927434837e-19,2.1767281126376087e-19,2.1789942743336847e-19,2.181261178183205e-19,2.183528815601095e-19,2.185797201656343e-19,2.1880663282491136e-19,2.190336186762192e-19,2.192606792242069e-19,2.1948781361295066e-19,2.19715009021008e-19,2.1994229112993924e-19,2.201696468292838e-19,2.20397076152244e-19,2.206245791062142e-19,2.2085215559942454e-19,2.210798047987417e-19,2.2130752818542643e-19,2.2153531221972994e-19,2.2176318241700664e-19,2.2199112577245136e-19,2.2221914233006703e-19,2.224472320502552e-19,2.226753948593217e-19,2.229036307156757e-19,2.231319395576333e-19,2.2336032133739867e-19,2.235887759952587e-19,2.2381729087658485e-19,2.2404589120648157e-19,2.2427456418083834e-19,2.2450330978384127e-19,2.2473212802576273e-19,2.2496101879533486e-19,2.2518998208526677e-19,2.2541901781939606e-19,2.25648125945385e-19,2.2587730640552627e-19,2.2610655914625817e-19,2.2633588334304716e-19,2.2656528048242824e-19,2.267947497588656e-19,2.2702429035772513e-19,2.2725390369846027e-19,2.274835890001408e-19,2.2771334558689e-19,2.279431703673283e-19,2.2817307118749777e-19,2.28403043782123e-19,2.2863308807537266e-19,2.288632040036718e-19,2.2909339150425955e-19,2.293236505417329e-19,2.2955398104438094e-19,2.2978438293794256e-19,2.3001485619679956e-19,2.3024540079594755e-19,2.3047601592834805e-19,2.3070670297981635e-19,2.309374612035498e-19,2.3116829053795354e-19,2.3139917876862484e-19,2.3163014963132898e-19,2.3186118118105965e-19,2.3209229385019046e-19,2.3232347785120104e-19,2.3255473264509356e-19,2.3278605817786533e-19,2.3301745439344135e-19,2.3324891630336264e-19,2.3348045376485366e-19,2.3371205632682416e-19,2.3394373474180416e-19,2.3417548353288523e-19,2.3440730267732267e-19,2.3463919158663756e-19,2.348711495158764e-19,2.3510317945499835e-19,2.353352788106043e-19,2.355674481782541e-19,2.35799688315908e-19,2.3603199779018337e-19,2.362643778626071e-19,2.3649682786764755e-19,2.367293477089372e-19,2.3696193662496106e-19,2.3719459595940793e-19,2.3742732497835095e-19,2.376601236304708e-19,2.378929918545333e-19,2.3812592959849984e-19,2.3835893680040757e-19,2.3859200819398964e-19,2.388251542361611e-19,2.390583688485038e-19,2.392916482432611e-19,2.3952500144074104e-19,2.3975842430981497e-19,2.3999190467586276e-19,2.402254539034615e-19,2.404590840783518e-19,2.406927831049104e-19,2.4092655102505376e-19,2.411603877792815e-19,2.41394281716592e-19,2.416282560855141e-19,2.41862299037523e-19,2.4209641065789736e-19,2.423305893797098e-19,2.4256483815028534e-19,2.427991553919738e-19,2.430335409875419e-19,2.432679950372878e-19,2.435025174187452e-19,2.43737108090697e-19,2.439717669174103e-19,2.442064939929155e-19,2.4444128853307978e-19,2.446761503463628e-19,2.4491107017833885e-19,2.45146063850267e-19,2.4538112496638075e-19,2.4561626010057626e-19,2.458514623387734e-19,2.4608673298547056e-19,2.463220706767738e-19,2.4655747670497107e-19,2.4679295036720666e-19,2.470284916069578e-19,2.4726410036089265e-19,2.474997765769365e-19,2.4773552018244244e-19,2.4797133117981634e-19,2.4820720950222285e-19,2.484431545893242e-19,2.486791673757318e-19,2.4891524666755e-19,2.491513937306243e-19,2.493876072271822e-19,2.4962388835469984e-19,2.4986023646509703e-19,2.500966508517652e-19,2.5033313205625274e-19,2.505696800342518e-19,2.508062948180442e-19,2.5104297698086786e-19,2.5127972578398568e-19,2.5151654123466615e-19,2.5175342324769883e-19,2.519903712930967e-19,2.522273856178218e-19,2.524644670010017e-19,2.5270161414458907e-19,2.5293882755517203e-19,2.531761072337432e-19,2.5341345327107003e-19,2.536508653324864e-19,2.538883441563175e-19,2.5412588906597917e-19,2.543634999909693e-19,2.5460117687782958e-19,2.5483891638875424e-19,2.5507672503806593e-19,2.553145995308728e-19,2.555525391859648e-19,2.5579054515387175e-19,2.5602861615822425e-19,2.5626675278181157e-19,2.56504955617128e-19,2.5674322337473186e-19,2.569815571813187e-19,2.5721995642958925e-19,2.5745841752137935e-19,2.576969474830799e-19,2.5793554274955853e-19,2.581742032478776e-19,2.5841292892711955e-19,2.5865171897661377e-19,2.588905742119704e-19,2.5912949449141143e-19,2.5936848038102915e-19,2.596075306256485e-19,2.5984664632052507e-19,2.6008582628693587e-19,2.6032507163150387e-19,2.6056438174649224e-19,2.6080374596175337e-19,2.610431849664074e-19,2.612826889671709e-19,2.6152225753577713e-19,2.6176189055634076e-19,2.6200157757252466e-19,2.622413391154333e-19,2.6248116541120713e-19,2.6272105541638987e-19,2.6296100964568963e-19,2.632010287098417e-19,2.6344111195851346e-19,2.636812567375857e-19,2.639214681358158e-19,2.6416174357966774e-19,2.6440207142225428e-19,2.646424744973063e-19,2.648829417056033e-19,2.6512347275470053e-19,2.653640675844683e-19,2.656047261465568e-19,2.6584544839326254e-19,2.660862342768052e-19,2.663270837494371e-19,2.66567996763522e-19,2.6680897327146047e-19,2.6705000344211156e-19,2.672911068702608e-19,2.6753227357483883e-19,2.6777350358139887e-19,2.680147962673682e-19,2.6825615272214675e-19,2.684975615186634e-19,2.687390443576845e-19,2.6898059017253357e-19,2.692221984410712e-19,2.6946386961696596e-19,2.6970560432137656e-19,2.699474019287526e-19,2.7018926233671337e-19,2.7043118556007626e-19,2.706731715174082e-19,2.7091521959301374e-19,2.7115733029166007e-19,2.713994993300227e-19,2.716417358226485e-19,2.718840347657414e-19,2.7212639616316204e-19,2.7236881996596406e-19,2.726113055498023e-19,2.728538533995996e-19,2.7309646351628596e-19,2.7333913588911145e-19,2.7358186619225756e-19,2.7382466351660844e-19,2.7406751837359486e-19,2.7431043980833596e-19,2.7455342319030707e-19,2.747964679418677e-19,2.750395703504753e-19,2.752827345187511e-19,2.755259654433331e-19,2.7576925753141785e-19,2.760126118295244e-19,2.762560278324995e-19,2.7649950545727006e-19,2.7674304463051353e-19,2.7698664536103184e-19,2.7723030757244034e-19,2.7747403121876044e-19,2.77717811448484e-19,2.7796165296274787e-19,2.7820555575177785e-19,2.784495247280313e-19,2.7869355485636656e-19,2.7893764614228316e-19,2.791817985023369e-19,2.7942601143925624e-19,2.796702853571451e-19,2.7991462032760525e-19,2.8015901200595905e-19,2.8040346884370093e-19,2.8064798694638743e-19,2.808925658595998e-19,2.8113720498706505e-19,2.813819053324959e-19,2.8162666634240927e-19,2.8187148797332325e-19,2.8211637017022325e-19,2.8236131288807243e-19,2.826063160706048e-19,2.82851379693766e-19,2.830965036935027e-19,2.833416880421774e-19,2.8358693268576173e-19,2.8383223705435944e-19,2.840776021349052e-19,2.84323027380042e-19,2.845685121040228e-19,2.848140569754961e-19,2.8505966242230356e-19,2.8530532736363426e-19,2.8555105272452493e-19,2.8579683798973897e-19,2.8604268309307306e-19,2.862885874912777e-19,2.865345515993428e-19,2.867805759582015e-19,2.870266593470462e-19,2.8727280298362244e-19,2.8751900622006927e-19,2.8776526898906493e-19,2.8801159058500714e-19,2.882579717303673e-19,2.885044128093969e-19,2.887509127486428e-19,2.8899747248146967e-19,2.892440914939466e-19,2.894907690524611e-19,2.8973750644665762e-19,2.8998430298588475e-19,2.902311586132919e-19,2.904780732832038e-19,2.9072504693197584e-19,2.9097207955622644e-19,2.9121917109204e-19,2.9146632111727543e-19,2.9171353032703023e-19,2.9196079771762547e-19,2.922081244427788e-19,2.9245550987763274e-19,2.927029534593876e-19,2.9295045612371115e-19,2.9319801736082447e-19,2.9344563711302674e-19,2.936933153359206e-19,2.9394105198574775e-19,2.941888470185628e-19,2.9443670038501776e-19,2.946846120523447e-19,2.9493258196490287e-19,2.9518061009293924e-19,2.954286958958083e-19,2.9567684029349644e-19,2.9592504229044262e-19,2.9617330214619113e-19,2.964216206446073e-19,2.966699965035698e-19,2.969184303021737e-19,2.9716692132887473e-19,2.974154713905582e-19,2.976640784463182e-19,2.9791274334148896e-19,2.981614659265243e-19,2.9841024627897353e-19,2.9865908421725694e-19,2.989079790638003e-19,2.991569326294914e-19,2.994059431747461e-19,2.9965501098063016e-19,2.999041362962187e-19,3.001533194577812e-19,3.004025599335085e-19,3.0065185766692075e-19,3.0090121261408716e-19,3.0115062437036657e-19,3.0140009311821586e-19,3.0164961892790153e-19,3.018992022851728e-19,3.021488420399954e-19,3.023985388595334e-19,3.026482925941277e-19,3.0289810369408124e-19,3.0314797163822843e-19,3.033978959003466e-19,3.0364787736038117e-19,3.0389791506080964e-19,3.041480098814732e-19,3.0439816132641533e-19,3.046483693433864e-19,3.0489863390240505e-19,3.0514895495041516e-19,3.05399331981791e-19,3.056497658335754e-19,3.0590025560716267e-19,3.06150801695571e-19,3.0640140454141814e-19,3.06652063177852e-19,3.069027779725961e-19,3.071535489181342e-19,3.074043759730471e-19,3.0765525909844165e-19,3.0790619825198104e-19,3.081571938666566e-19,3.0840824543736156e-19,3.086593529091168e-19,3.089105162390433e-19,3.091617353587823e-19,3.0941301027215996e-19,3.0966434091968605e-19,3.099157272553642e-19,3.1016716866248733e-19,3.1041866624237893e-19,3.1067021587700023e-19,3.109218246017687e-19,3.111734887511777e-19,3.114252079176847e-19,3.1167698290763628e-19,3.119288128335925e-19,3.1218069850799286e-19,3.124326394716539e-19,3.1268463522562915e-19,3.1293668613447006e-19,3.1318879265542183e-19,3.1344095429534994e-19,3.1369317101100953e-19,3.1394544275141487e-19,3.141977694780656e-19,3.1445015115421336e-19,3.1470258773099893e-19,3.149550791735951e-19,3.1520762541407417e-19,3.154602264610713e-19,3.1571288224750612e-19,3.1596559273249576e-19,3.162183578747063e-19,3.1647117763338315e-19,3.1672405196793415e-19,3.169769808298246e-19,3.17229964192915e-19,3.1748300200867017e-19,3.1773608624847e-19,3.1798923291840945e-19,3.182424338500718e-19,3.1849568906963384e-19,3.1874899853838374e-19,3.190023622159493e-19,3.192557800548751e-19,3.1950925202824986e-19,3.197627780823844e-19,3.2001635818957285e-19,3.2026999230281563e-19,3.205236803812102e-19,3.2077742238508773e-19,3.2103121826651897e-19,3.212850680004966e-19,3.2153897153776085e-19,3.2179292883889956e-19,3.2204693986407063e-19,3.223010045719453e-19,3.2255512292323206e-19,3.228092944686819e-19,3.2306351997144535e-19,3.233177990103264e-19,3.2357213152411695e-19,3.238265174886258e-19,3.2408095685577027e-19,3.243354422927713e-19,3.2458998045727166e-19,3.2484457986325917e-19,3.250992324396443e-19,3.253539382164965e-19,3.2560869715644535e-19,3.2586350921945567e-19,3.2611837435849144e-19,3.2637329254828303e-19,3.2662826374152564e-19,3.268832878994665e-19,3.2713836498221085e-19,3.273934949496305e-19,3.276486777622055e-19,3.2790391338012167e-19,3.281592017644275e-19,3.284145428750401e-19,3.2866993666916487e-19,3.289253831091851e-19,3.2918088215771103e-19,3.2943643377987106e-19,3.296920379324955e-19,3.2994769456824094e-19,3.3020340365516633e-19,3.304591651534412e-19,3.3071497902915877e-19,3.3097084523808604e-19,3.3122676374049365e-19,3.3148273449083213e-19,3.3173875746362636e-19,3.3199483261252404e-19,3.322509594910964e-19,3.3250713885541625e-19,3.327633702974035e-19,3.330196537604128e-19,3.3327598920486275e-19,3.3353237618869006e-19,3.337888154651802e-19,3.340453066187739e-19,3.3430184918549555e-19,3.3455844393810893e-19,3.3481509045037143e-19,3.3507178867424843e-19,3.353285385682771e-19,3.355853400947452e-19,3.358421932143412e-19,3.360990978877537e-19,3.3635605407504365e-19,3.3661306174206455e-19,3.3687012084361184e-19,3.3712723134940435e-19,3.3738439321704534e-19,3.3764160640760766e-19,3.378988708764049e-19,3.3815618659519664e-19,3.384135535230486e-19,3.3867097161598275e-19,3.3892843345141125e-19,3.391859463144717e-19,3.394435177592501e-19,3.397011401532431e-19,3.399588135140687e-19,3.4021653782346766e-19,3.4047431303556155e-19,3.407321391116039e-19,3.4099001601260273e-19,3.412479437014298e-19,3.415059221394165e-19,3.4176395128259464e-19,3.4202203109945547e-19,3.4228016155826156e-19,3.425383353926563e-19,3.427965670723826e-19,3.430548492108814e-19,3.4331318183165263e-19,3.435715648977528e-19,3.4382999112513483e-19,3.4408847502857125e-19,3.443470092078693e-19,3.446055936806329e-19,3.448642284046031e-19,3.451229133537739e-19,3.453816484859746e-19,3.4564043376324694e-19,3.458992619885297e-19,3.4615814750603172e-19,3.464170829928009e-19,3.466760679627253e-19,3.469351033808567e-19,3.47194188715234e-19,3.4745332394811427e-19,3.4771250903133715e-19,3.4797174392240765e-19,3.482310285832093e-19,3.484903629775817e-19,3.487497470621098e-19,3.490091808106656e-19,3.4926866417699874e-19,3.495281971312136e-19,3.4978777963270895e-19,3.50047411644093e-19,3.503070931281148e-19,3.5056682404226933e-19,3.508266043607784e-19,3.5108643404192695e-19,3.5134631304201714e-19,3.516062413300287e-19,3.518662188692637e-19,3.521262456272501e-19,3.5238632156261486e-19,3.526464466381813e-19,3.5290661384882283e-19,3.5316683715577605e-19,3.534271094320723e-19,3.536874306991973e-19,3.539478009229675e-19,3.5420822006643517e-19,3.5446868809335287e-19,3.5472920496654595e-19,3.5498977064975855e-19,3.552503851060292e-19,3.5551104829954498e-19,3.557717601933769e-19,3.560325207509225e-19,3.5629332993633855e-19,3.5655418771266414e-19,3.5681509404352544e-19,3.5707604889285938e-19,3.5733705188136544e-19,3.575981001712309e-19,3.5785919821657884e-19,3.581203467522845e-19,3.583815436417851e-19,3.5864278848317737e-19,3.589040819234989e-19,3.5916542360978047e-19,3.5942681348929614e-19,3.5968825152403484e-19,3.5994973767695264e-19,3.602112719159704e-19,3.6047285420362957e-19,3.6073448450297667e-19,3.6099616277549207e-19,3.6125788898359397e-19,3.6151966284717803e-19,3.617814848220381e-19,3.6204335429982063e-19,3.623052719022994e-19,3.625672372780428e-19,3.628292503788529e-19,3.6309131116036687e-19,3.6335341664982472e-19,3.6361557274518617e-19,3.638777734291358e-19,3.641400246474991e-19,3.644023229159786e-19,3.64664668737322e-19,3.6492706188993816e-19,3.6518950289299225e-19,3.6545199127780863e-19,3.657145269911098e-19,3.6597711000748767e-19,3.6623974028171376e-19,3.6650241778708045e-19,3.667651424841383e-19,3.670279143373949e-19,3.672907333105585e-19,3.6755359936899325e-19,3.6781651214848063e-19,3.6807947225226937e-19,3.6834247935461677e-19,3.686055334019525e-19,3.688686340402887e-19,3.691317818584441e-19,3.693949765268667e-19,3.696582180005989e-19,3.699215062435256e-19,3.701848412139609e-19,3.7044822288883277e-19,3.707116512253427e-19,3.7097512586652764e-19,3.712386470765011e-19,3.715022151776874e-19,3.7176582982132825e-19,3.7202949095455394e-19,3.7229319812853443e-19,3.7255695212340284e-19,3.7282075251484055e-19,3.730845992579989e-19,3.7334849231014863e-19,3.73612431637549e-19,3.7387641722174383e-19,3.741404486893291e-19,3.7440452665010315e-19,3.7466865076467005e-19,3.749328209875225e-19,3.751970369661601e-19,3.754612992815909e-19,3.7572560761515387e-19,3.7598996160563142e-19,3.762543618354652e-19,3.7651880797752773e-19,3.767832999865448e-19,3.7704783782665507e-19,3.7731242146608755e-19,3.7757705055699964e-19,3.7784172567592774e-19,3.781064464992759e-19,3.7837121298116476e-19,3.7863602509324405e-19,3.7890088279780075e-19,3.7916578564076144e-19,3.7943073441495243e-19,3.796957224078138e-19,3.7996076219564144e-19,3.8022584406315424e-19,3.804909746344763e-19,3.8075615052868e-19,3.810213717408639e-19,3.812866382385339e-19,3.815519499902905e-19,3.8181730695615094e-19,3.82082708796582e-19,3.823481557690463e-19,3.8261364817365834e-19,3.828791856724407e-19,3.8314476821822445e-19,3.8341039547872097e-19,3.8367606801094123e-19,3.83941785263707e-19,3.842075473217058e-19,3.8447335433812113e-19,3.847392064580601e-19,3.850051034018936e-19,3.852710451252446e-19,3.85537031267978e-19,3.8580306243013347e-19,3.86069138290528e-19,3.8633525879076625e-19,3.8660142390773006e-19,3.868676336035222e-19,3.87133887542795e-19,3.874001859960725e-19,3.8766652921406073e-19,3.879329168408837e-19,3.8819934864391873e-19,3.8846582509726796e-19,3.887323459067966e-19,3.8899891102282602e-19,3.892655204234254e-19,3.8953217407022126e-19,3.8979887192894784e-19,3.9006561396675196e-19,3.9033239972415146e-19,3.905992300085801e-19,3.9086610438485396e-19,3.9113302280833564e-19,3.9139998524163465e-19,3.916669916557508e-19,3.9193404202185325e-19,3.9220113630308033e-19,3.924682744617253e-19,3.9273545647507915e-19,3.9300268230478027e-19,3.9326995160506487e-19,3.935372649570963e-19,3.9380462203835484e-19,3.9407202280504363e-19,3.943394672239494e-19,3.9460695526332704e-19,3.9487448688929035e-19,3.9514206206608384e-19,3.9540968048319493e-19,3.9567734234000953e-19,3.9594504797182065e-19,3.9621279675581377e-19,3.9648058920817706e-19,3.967484250298378e-19,3.9701630417878487e-19,3.972842266135067e-19,3.975521923171198e-19,3.978202012513347e-19,3.980882533797276e-19,3.9835634867502827e-19,3.9862448709584973e-19,3.988926686225426e-19,3.9916089321687113e-19,3.994291608463402e-19,3.996974711906909e-19,3.9996582478264034e-19,4.002342213237765e-19,4.0050266077184716e-19,4.00771143094148e-19,4.0103966825848214e-19,4.013082359496177e-19,4.0157684669057535e-19,4.0184550018303257e-19,4.0211419334498805e-19,4.0238293226443424e-19,4.0265171343759906e-19,4.029205375852141e-19,4.03189404330925e-19,4.0345831363212007e-19,4.0372726545516815e-19,4.0399625976792064e-19,4.042652965399972e-19,4.045343727674622e-19,4.048034913391708e-19,4.050726553257818e-19,4.053418616077182e-19,4.0561111019189313e-19,4.058804010447775e-19,4.0614973413410864e-19,4.064191094276325e-19,4.0668852689384853e-19,4.06957986501644e-19,4.0722748821963936e-19,4.074970320156347e-19,4.077666178581253e-19,4.080362457153257e-19,4.0830591555718336e-19,4.085756273504038e-19,4.0884538106478237e-19,4.0911517505963344e-19,4.0938501249495697e-19,4.0965489151368515e-19,4.099239424451424e-19,4.1019303492641174e-19,4.104621684857834e-19,4.107313435276433e-19,4.1100055979720127e-19,4.112698172604239e-19,4.115391147362787e-19,4.118084545326977e-19,4.120778354168496e-19,4.123472573771678e-19,4.126167184936115e-19,4.128862222989588e-19,4.131557670849592e-19,4.134253528284056e-19,4.136949795030908e-19,4.139646461344214e-19,4.1423435457228995e-19,4.145041040384766e-19,4.1477389430190626e-19,4.150437253376259e-19,4.153135971151185e-19,4.1558350874288103e-19,4.158534619005766e-19,4.161234554955637e-19,4.163934890677632e-19,4.1666356407698918e-19,4.169336769245478e-19,4.1720383299662017e-19,4.174740261049892e-19,4.1774426313219196e-19,4.1801454031298706e-19,4.1828485474988263e-19,4.1855521298601546e-19,4.1882561158535323e-19,4.1909605049833884e-19,4.1936652969428095e-19,4.196370482871054e-19,4.1990848331362193e-19,4.201790833539676e-19,4.204497202169852e-19,4.207203996474877e-19,4.2099111951609096e-19,4.2126187998688586e-19,4.2153268048253866e-19,4.218035209888986e-19,4.2207440118647097e-19,4.2234532164084835e-19,4.2261627827675823e-19,4.228872720065189e-19,4.231583088259521e-19,4.2342938852627824e-19,4.23700508264904e-19,4.23971667266318e-19,4.242428660423208e-19,4.245141046177806e-19,4.2478538306235577e-19,4.2505670114790203e-19,4.253280587826116e-19,4.2559945595685434e-19,4.258708921959019e-19,4.261423682178956e-19,4.2641388408259786e-19,4.2668543946786783e-19,4.269570342819853e-19,4.272286668538524e-19,4.275003398657722e-19,4.2777205303601325e-19,4.2804380554196336e-19,4.2831559734496155e-19,4.285874265225701e-19,4.288592963320362e-19,4.29131205650059e-19,4.2940314750990795e-19,4.2967601798962876e-19,4.2994803813442304e-19,4.302201042839084e-19,4.304930929436743e-19,4.3076523041155765e-19,4.3103741324241496e-19,4.313096316848998e-19,4.315818929711931e-19,4.3185419269111596e-19,4.3212652821064893e-19,4.323989052922869e-19,4.32671322079121e-19,4.3294377717324424e-19,4.3321626817754556e-19,4.3348880124726243e-19,4.337613721980955e-19,4.340339818296074e-19,4.343066242319828e-19,4.345793087459074e-19,4.348520284761415e-19,4.351247867972002e-19,4.353975900117708e-19,4.3567043147769305e-19,4.359433100421431e-19,4.362162289299253e-19,4.364891853856518e-19,4.36762180227451e-19,4.370352130787938e-19,4.373082852786227e-19,4.375813954091318e-19,4.378545441759044e-19,4.38127731177523e-19,4.384009498022047e-19,4.386742067250023e-19,4.389475017871258e-19,4.39220834955573e-19,4.394942110716176e-19,4.397676263199709e-19,4.400410736091541e-19,4.403145652424531e-19,4.405880949386739e-19,4.408616620185115e-19,4.411352672365865e-19,4.414089093105094e-19,4.416825889933008e-19,4.419563017499254e-19,4.422300581558894e-19,4.425038532351131e-19,4.427776795388366e-19,4.430515500877877e-19,4.433254583630977e-19,4.435994043236038e-19,4.438733878782397e-19,4.441474091194079e-19,4.444214681538123e-19,4.446955635471529e-19,4.449696968475327e-19,4.452438617775755e-19,4.455180708742783e-19,4.457923174472472e-19,4.460666008894387e-19,4.463409220619362e-19,4.466152805982075e-19,4.468896699203822e-19,4.471641033065065e-19,4.474385739994874e-19,4.477130819497095e-19,4.479876271241799e-19,4.482622095013366e-19,4.485368290512457e-19,4.4881148462370855e-19,4.490861779970551e-19,4.493609086996594e-19,4.4963567640492685e-19,4.499104795197511e-19,4.501853212606002e-19,4.504602000316289e-19,4.507351154765591e-19,4.510100678905951e-19,4.512850574422064e-19,4.515600775987985e-19,4.518351354002152e-19,4.521102297464144e-19,4.523853665415772e-19,4.526605400991241e-19,4.529357504007566e-19,4.532109973984139e-19,4.534862808010833e-19,4.537616011325143e-19,4.540369580641928e-19,4.543123518027927e-19,4.545877817725603e-19,4.548632480941146e-19,4.551387508587049e-19,4.554142902766886e-19,4.556898661246698e-19,4.559654786250492e-19,4.56241126878059e-19,4.565168051709053e-19,4.567925264940857e-19,4.570682841959881e-19,4.573440786348937e-19,4.576199093203971e-19,4.578957760303212e-19,4.581716783016596e-19,4.584476174029914e-19,4.587235928582805e-19,4.589996042144332e-19,4.592756519162588e-19,4.595517356750277e-19,4.598278554798968e-19,4.601040079948109e-19,4.603801997860009e-19,4.606564273447032e-19,4.609326902061019e-19,4.612089896111019e-19,4.614853249065638e-19,4.617616951118558e-19,4.620381023151223e-19,4.623145450930466e-19,4.625910236387491e-19,4.628675350867177e-19,4.631440853025361e-19,4.634206712339216e-19,4.636972926215872e-19,4.639739496489849e-19,4.642506422928528e-19,4.645273705198227e-19,4.648041280565846e-19,4.650809217238068e-19,4.653577567472058e-19,4.65634627270225e-19,4.659115330183317e-19,4.661884742853777e-19,4.664654506690635e-19,4.667424626532603e-19,4.670195101859948e-19,4.672965930383354e-19,4.6757371097127e-19,4.678508641655198e-19,4.681280526090209e-19,4.684052762664621e-19,4.686825353326459e-19,4.689598293447396e-19,4.69237158708027e-19,4.695145231783174e-19,4.6979192253219e-19,4.700693571441861e-19,4.703468267877959e-19,4.706243314360544e-19,4.709018710656417e-19,4.711794424380361e-19,4.714570519285912e-19,4.717346960254929e-19,4.720123751038357e-19,4.722900890136983e-19,4.725678377462328e-19,4.728456157842376e-19,4.731234337069472e-19,4.734012864713122e-19,4.7367917360702815e-19,4.739570960508754e-19,4.742350533679967e-19,4.74513045119687e-19,4.747910651624325e-19,4.750691260384712e-19,4.753472215797168e-19,4.756253516450668e-19,4.759035162805369e-19,4.761817151172028e-19,4.76459948411486e-19,4.767382157169429e-19,4.77016518044278e-19,4.772948547482212e-19,4.775732260320771e-19,4.778516316421009e-19,4.781300713370796e-19,4.784085453648101e-19,4.786870535984122e-19,4.789655962578777e-19,4.792441729147951e-19,4.795227837250076e-19,4.798014284605187e-19,4.800801075670138e-19,4.803588207494719e-19,4.806375682361785e-19,4.809163495702755e-19,4.811951642818162e-19,4.814740138144858e-19,4.817528964545502e-19,4.820318136074934e-19,4.82310764632853e-19,4.825897494824112e-19,4.828687667368458e-19,4.831478192680735e-19,4.834269058536414e-19,4.837060262095534e-19,4.839851800885378e-19,4.842643677512981e-19,4.845435828705957e-19,4.848228383206735e-19,4.8510212746436675e-19,4.853814493966761e-19,4.856608055894035e-19,4.859401947318988e-19,4.862196182837329e-19,4.864990751574128e-19,4.867785657613682e-19,4.870580896453637e-19,4.873376453075796e-19,4.876172357891115e-19,4.878968597218112e-19,4.881765175305374e-19,4.884562058012314e-19,4.88735927479989e-19,4.890156852639613e-19,4.892954761373982e-19,4.895753002754726e-19,4.898551552323353e-19,4.901350434425931e-19,4.904149674147768e-19,4.906949245683244e-19,4.90974914860174e-19,4.912549382645545e-19,4.9153499452545785e-19,4.918150836612768e-19,4.920952060633922e-19,4.923753597800379e-19,4.92655548170867e-19,4.929357695201672e-19,4.932160240222169e-19,4.934963112198266e-19,4.937766310846405e-19,4.940569838578222e-19,4.943373698788258e-19,4.946177857550941e-19,4.948982368440278e-19,4.951787210241658e-19,4.954592381526921e-19,4.957397879977344e-19,4.9602036968229e-19,4.9630097982716535e-19,4.965816276558689e-19,4.968623079087436e-19,4.971430207619738e-19,4.97423757224215e-19,4.977045351619229e-19,4.979853454470685e-19,4.982661856165844e-19,4.985470601136686e-19,4.988279680360624e-19,4.991089082372713e-19,4.993898803587746e-19,4.996708854747582e-19,4.999519229359703e-19,5.002329869427334e-19,5.005140835418803e-19,5.007952176353104e-19,5.010763836261287e-19,5.013575826895296e-19,5.016388135675813e-19,5.019200765621194e-19,5.022013719734744e-19,5.024826995027215e-19,5.027640591570158e-19,5.030454508948363e-19,5.033268746807751e-19,5.036083307177026e-19,5.03889818766899e-19,5.04171338381858e-19,5.044528901842636e-19,5.047344737131248e-19,5.050160895887615e-19,5.05297735278079e-19,5.05579414459492e-19,5.058611254688497e-19,5.061428685624906e-19,5.064246436512577e-19,5.067064505138174e-19,5.069882889122014e-19,5.072701590386468e-19,5.075520555435179e-19,5.078339890306353e-19,5.081159544109866e-19,5.083979512011243e-19,5.086799770987194e-19,5.089620370572435e-19,5.092441288088273e-19,5.095262512526772e-19,5.098084052013537e-19,5.100905904018316e-19,5.103728054402903e-19,5.10655052010886e-19,5.109373326025532e-19,5.112196437509794e-19,5.115019866509324e-19,5.117843611838909e-19,5.1206676683234625e-19,5.123492012865428e-19,5.126316696781098e-19,5.129141691519344e-19,5.131966998836208e-19,5.134792620032317e-19,5.13761855289751e-19,5.140444797462585e-19,5.143271353279176e-19,5.146098220268433e-19,5.148925373987725e-19,5.151752838100092e-19,5.154580636786553e-19,5.15740874402752e-19,5.160237163241555e-19,5.163065892031563e-19,5.165894930450669e-19,5.168724278142891e-19,5.1715539326705355e-19,5.174383898298366e-19,5.177214174543263e-19,5.180044758998889e-19,5.182875651496357e-19,5.185706849772424e-19,5.188538347692959e-19,5.191370154763395e-19,5.194202222181946e-19,5.197034651561331e-19,5.199867385677965e-19,5.202700426338177e-19,5.205533768042052e-19,5.208367420673432e-19,5.211201381722474e-19,5.214035646209603e-19,5.2168702181890625e-19,5.219705092888388e-19,5.222540266355391e-19,5.225375752860035e-19,5.228211541503892e-19,5.23104763469501e-19,5.233884031869339e-19,5.236720730249462e-19,5.239557734741279e-19,5.24239504011833e-19,5.245232650800737e-19,5.248070564057078e-19,5.250908782336259e-19,5.2537473007466835e-19,5.256586114859416e-19,5.259425230500337e-19,5.262264654635612e-19,5.265104380125427e-19,5.267944404879264e-19,5.270784732820987e-19,5.273625361483331e-19,5.276466290685066e-19,5.279307520226998e-19,5.282149044905263e-19,5.284990876426785e-19,5.287833003896656e-19,5.290675432278042e-19,5.2935181600363055e-19,5.29636118688728e-19,5.299204514756284e-19,5.302048141136979e-19,5.30489206368466e-19,5.307736284295521e-19,5.310580805016435e-19,5.313425614655706e-19,5.316270726009102e-19,5.319116130543054e-19,5.321961836639127e-19,5.324807838692553e-19,5.327654141714804e-19,5.3305007390218175e-19,5.333347632396335e-19,5.336194809352414e-19,5.339042294554075e-19,5.341890068966672e-19,5.344738138381663e-19,5.347586504774049e-19,5.350435170547645e-19,5.353284132689895e-19,5.356133384890054e-19,5.358982933466257e-19,5.361832777888572e-19,5.364682915841341e-19,5.367533347221218e-19,5.370384071827277e-19,5.373235078632899e-19,5.376086384978017e-19,5.378937988035452e-19,5.381789867963433e-19,5.384642051073188e-19,5.387494526297054e-19,5.3903472973331e-19,5.393200355649361e-19,5.396053709400186e-19,5.398907350080355e-19,5.401761279152292e-19,5.404615505460301e-19,5.407470007457899e-19,5.410324814280744e-19,5.413179895842816e-19,5.41603527319236e-19,5.418890944697481e-19,5.421746905661836e-19,5.424603145557614e-19,5.427459679733788e-19,5.43031650701446e-19,5.433173619363034e-19,5.436031023208556e-19,5.438888704872381e-19,5.441746673695012e-19,5.444604940918738e-19,5.447463485194536e-19,5.450322326680123e-19,5.45318144868958e-19,5.456040853892243e-19,5.458900550963626e-19,5.461760538849279e-19,5.464620809158942e-19,5.467481369302847e-19,5.47034221491781e-19,5.473203335731258e-19,5.476064747098973e-19,5.478926450113492e-19,5.4817884278088445e-19,5.484650696513791e-19,5.487513255507287e-19,5.490376096237563e-19,5.493239220859421e-19,5.496102629124939e-19,5.498966320936649e-19,5.501830295954674e-19,5.50469455402618e-19,5.507559094951175e-19,5.510423918487572e-19,5.513289024728959e-19,5.516154412974289e-19,5.519020081209824e-19,5.521886035386937e-19,5.524752271020167e-19,5.527618785877114e-19,5.530485584175039e-19,5.533352663256322e-19,5.536220023051018e-19,5.539087663353882e-19,5.541955581806918e-19,5.544823782505781e-19,5.547692263091418e-19,5.550561023340707e-19,5.553430063041068e-19,5.5562993779809705e-19,5.559168971810945e-19,5.562038846613578e-19,5.564908993663702e-19,5.567779418949222e-19,5.570650120812721e-19,5.573521102397832e-19,5.576392370238253e-19,5.579263913498143e-19,5.582135736268772e-19,5.585007834060098e-19,5.587880210936884e-19,5.59075286032006e-19,5.593625782037143e-19,5.5964989799313845e-19,5.59937246256861e-19,5.602246219043019e-19,5.605120253153657e-19,5.607994560732305e-19,5.610869137146559e-19,5.613743997288074e-19,5.616619128027068e-19,5.619494537849124e-19,5.622370219841964e-19,5.625246174003931e-19,5.628122404426764e-19,5.630998908944558e-19,5.633875689033844e-19,5.636752740658139e-19,5.639630065195122e-19,5.642507664899105e-19,5.645385537433765e-19,5.648263682587807e-19,5.65114209831757e-19,5.654020788150406e-19,5.656899748140394e-19,5.659778977588243e-19,5.662658481046949e-19,5.665538253059056e-19,5.668418296628841e-19,5.6712986053513435e-19,5.674179186149442e-19,5.677060042293087e-19,5.679941170698517e-19,5.682822569157272e-19,5.685704237578353e-19,5.688586175819451e-19,5.691468385815537e-19,5.694350857558045e-19,5.697233595745684e-19,5.700116611099489e-19,5.702999888637945e-19,5.705883441221985e-19,5.708767264391045e-19,5.711651348370346e-19,5.71453569976351e-19,5.71742031831741e-19,5.720305208534916e-19,5.723190370655408e-19,5.726075799757819e-19,5.728961493468778e-19,5.731847456116324e-19,5.734733683258424e-19,5.737620168463908e-19,5.740506930380416e-19,5.743393954526743e-19,5.746281247892219e-19,5.749168806944709e-19,5.752056631357291e-19,5.754944719238138e-19,5.757833071430291e-19,5.760721690650606e-19,5.763610565888809e-19,5.766499714058197e-19,5.76938911606756e-19,5.772278790289548e-19,5.775168730345593e-19,5.778058931799508e-19,5.780949394893788e-19,5.783840125170008e-19,5.786731118312856e-19,5.78962237420755e-19,5.792513892724669e-19,5.795405661245667e-19,5.798297701902525e-19,5.801190006907992e-19,5.804082569906974e-19,5.806975398437147e-19,5.809868488244401e-19,5.812761839390681e-19,5.815655451448901e-19,5.818549324248973e-19,5.821443455542868e-19,5.824337847222143e-19,5.827232497382307e-19,5.83012741181552e-19,5.833022585710634e-19,5.835918017166052e-19,5.83881370795061e-19,5.841709656287038e-19,5.844605867684067e-19,5.847502337955952e-19,5.850399063128518e-19,5.853296040015636e-19,5.856193283463838e-19,5.859090784946834e-19,5.861988544313521e-19,5.864886550861561e-19,5.867784827441177e-19,5.8706833575706e-19,5.873582146653085e-19,5.876481191014102e-19,5.87938049345638e-19,5.88228004613862e-19,5.885179861639235e-19,5.888079931872871e-19,5.890980259399898e-19,5.893880841226595e-19,5.896781680052165e-19,5.899682774430593e-19,5.902584122357217e-19,5.905485724938299e-19,5.908387586277675e-19,5.911289702364691e-19,5.914192062269541e-19,5.91709468717359e-19,5.91999756604831e-19,5.922900696550983e-19,5.925804061807256e-19,5.928707698028561e-19,5.931611587101893e-19,5.93451573341869e-19,5.937420128454026e-19,5.940324778216474e-19,5.943229678428682e-19,5.94613483540696e-19,5.949040244165687e-19,5.951945904946119e-19,5.954851815285372e-19,5.957757977196611e-19,5.960664382328085e-19,5.963571046953901e-19,5.966477962508926e-19,5.969385122323688e-19,5.972292539307133e-19,5.975200206721709e-19,5.978108124336862e-19,5.981016292176128e-19,5.98392470978422e-19,5.986833378259813e-19,5.989742295907201e-19,5.99265145384905e-19,5.995560858846219e-19,5.998470525121912e-19,6.001380438106579e-19,6.004290599644681e-19,6.007201011769628e-19,6.010111651079195e-19,6.013022557361821e-19,6.015933710120631e-19,6.018845113827623e-19,6.02175676164568e-19,6.024668651307949e-19,6.027580788218662e-19,6.030493178546723e-19,6.033405817789609e-19,6.036318703453406e-19,6.039231826836963e-19,6.042145202879545e-19,6.045058824936923e-19,6.047972694979441e-19,6.0508868084174e-19,6.053801167274967e-19,6.056715771369773e-19,6.059630614137469e-19,6.062545708053375e-19,6.065461046716646e-19,6.068376632120278e-19,6.071292461840539e-19,6.074208535690142e-19,6.077124849733654e-19,6.080041408956028e-19,6.082958205343272e-19,6.085875247812551e-19,6.088792536001963e-19,6.091710068429697e-19,6.094627844095345e-19,6.097545860580995e-19,6.100464121275037e-19,6.103382622478338e-19,6.1063013610387e-19,6.109220341505326e-19,6.112139572445237e-19,6.115059044986501e-19,6.117978758906374e-19,6.120898714336425e-19,6.12381891044724e-19,6.126739347485667e-19,6.129660025190498e-19,6.132580941184556e-19,6.13550209750154e-19,6.138423493979379e-19,6.1413451303665685e-19,6.144266999966982e-19,6.147189117923585e-19,6.150111473072616e-19,6.153034067498943e-19,6.155956900995993e-19,6.158879973661702e-19,6.161803276626402e-19,6.164726823767595e-19,6.167650603506642e-19,6.170574629642676e-19,6.173498895833149e-19,6.176423398266342e-19,6.179348138359331e-19,6.182273113542021e-19,6.185198327792141e-19,6.18812377094907e-19,6.191049458403803e-19,6.193975376579082e-19,6.1969015367134775e-19,6.199827928050283e-19,6.202754563450245e-19,6.205681434442162e-19,6.20860854013411e-19,6.211535881632309e-19,6.214463459489806e-19,6.217391265315321e-19,6.220319315308316e-19,6.223247599863447e-19,6.226176117707036e-19,6.22910487037979e-19,6.232033855349958e-19,6.234963078109458e-19,6.237892532641263e-19,6.24082222274289e-19,6.243752144819397e-19,6.246682302140951e-19,6.249612693351226e-19,6.252543317875055e-19,6.255474175429436e-19,6.258405265264373e-19,6.261336583838255e-19,6.264268139604357e-19,6.267199927515395e-19,6.270131947576507e-19,6.273064197394444e-19,6.275996678363689e-19,6.278929384853055e-19,6.281862331781299e-19,6.284795509978304e-19,6.287728910441579e-19,6.290662548437986e-19,6.293596419459297e-19,6.296530521068876e-19,6.299464850885056e-19,6.30239941095074e-19,6.305334200952928e-19,6.308269223204149e-19,6.31120447517664e-19,6.314139952922659e-19,6.317075660033444e-19,6.320011595814267e-19,6.322947762597776e-19,6.325884157030448e-19,6.328820781223462e-19,6.331757634112515e-19,6.33469471764323e-19,6.337632029379249e-19,6.340569560282787e-19,6.343507325570782e-19,6.346445310327028e-19,6.349383529235265e-19,6.352321977199318e-19,6.355260652211279e-19,6.358199552441389e-19,6.361138680804174e-19,6.364078038332529e-19,6.367017611969994e-19,6.369957419994572e-19,6.372897454209579e-19,6.375837712778798e-19,6.37877819696112e-19,6.381718906759563e-19,6.384659842477034e-19,6.38760100717666e-19,6.390542394700841e-19,6.39348400792101e-19,6.396425845924607e-19,6.399367907850722e-19,6.402310195052203e-19,6.405252707900833e-19,6.408195444794665e-19,6.411138406027945e-19,6.414081588298076e-19,6.417024996462776e-19,6.419968628464329e-19,6.422912483267718e-19,6.425856561591856e-19,6.428800852165943e-19,6.431745373646494e-19,6.434690117583639e-19,6.437650353466143e-19,6.440595541832261e-19,6.4435562309459345e-19,6.446501868638347e-19,6.449447727577001e-19,6.452409090932216e-19,6.4553706792344825e-19,6.4583324916566905e-19,6.461294529373762e-19,6.464256790501819e-19,6.467219275970836e-19,6.4701819865205255e-19,6.473144920275321e-19,6.476108078543032e-19,6.4790714596359195e-19,6.4820350649468805e-19,6.484998889767599e-19,6.487962941481985e-19,6.490927216094255e-19,6.493891712514841e-19,6.496856431748741e-19,6.499821374162747e-19,6.502786537931964e-19,6.505751924712092e-19,6.508717533437744e-19,6.511683363918395e-19,6.514649414989999e-19,6.517615688517236e-19,6.520582183309173e-19,6.523548895704021e-19,6.526515831759513e-19,6.529482988583391e-19,6.532450365866584e-19,6.535417964502024e-19,6.538385782539063e-19,6.541353821554972e-19,6.5443220768885015e-19,6.547290555620055e-19,6.550259253181775e-19,6.553228171054591e-19,6.556197308125183e-19,6.559166664307225e-19,6.562136239433251e-19,6.565106033355971e-19,6.568076045904035e-19,6.571046276909266e-19,6.574016726213412e-19,6.576987393643753e-19,6.579958279043455e-19,6.582929376159016e-19,6.585900697003418e-19,6.5888722353246e-19,6.591843984820384e-19,6.594815957586643e-19,6.597788147354345e-19,6.600760553953988e-19,6.603733177214774e-19,6.6067060169612525e-19,6.609679073044143e-19,6.612652345300905e-19,6.615625833571608e-19,6.618599534670387e-19,6.621573454491377e-19,6.624547586678807e-19,6.627521937369651e-19,6.630496503265199e-19,6.633471283446536e-19,6.636446278528792e-19,6.639421489062878e-19,6.642396914160271e-19,6.64537255270429e-19,6.648348405519049e-19,6.651324467302894e-19,6.654300745995664e-19,6.657277238366687e-19,6.66025394656566e-19,6.663230868392625e-19,6.666208004137404e-19,6.6691853530071355e-19,6.672162914812484e-19,6.675140689418793e-19,6.678118676643908e-19,6.681096875627329e-19,6.684075286986063e-19,6.687053911156919e-19,6.690032747323029e-19,6.693011795361317e-19,6.695991051914807e-19,6.69897052308886e-19,6.7019502056215835e-19,6.704930099356069e-19,6.7079101982434205e-19,6.710890507879298e-19,6.713871034246791e-19,6.716851771182927e-19,6.719832718524955e-19,6.722813870202261e-19,6.725795237165474e-19,6.728776814780131e-19,6.731758596132088e-19,6.734740593147735e-19,6.737722799670067e-19,6.740705215444904e-19,6.74368784035875e-19,6.746670674261419e-19,6.749653716996042e-19,6.752636967723321e-19,6.755620427705719e-19,6.758604093044232e-19,6.761587969549151e-19,6.764572053453857e-19,6.767556342859174e-19,6.770540843255138e-19,6.77352555043077e-19,6.776510465662422e-19,6.779495588161166e-19,6.782480917733963e-19,6.7854664542490215e-19,6.7884521975653e-19,6.791438147657964e-19,6.794424303349245e-19,6.797410663220999e-19,6.800397232192201e-19,6.803384007208314e-19,6.806370988076287e-19,6.809358171965241e-19,6.8123455641746985e-19,6.815333161738623e-19,6.818320964573421e-19,6.821308972489821e-19,6.82429718541174e-19,6.827285603069446e-19,6.830274225376299e-19,6.833263052158032e-19,6.836252083331485e-19,6.839241318622245e-19,6.842230757946491e-19,6.845220401267717e-19,6.848210248173108e-19,6.851200295758541e-19,6.854190549647016e-19,6.857181006801254e-19,6.860171667064445e-19,6.863162530279221e-19,6.8661535956282e-19,6.869144861394202e-19,6.872136332550845e-19,6.875128006051994e-19,6.878119881806297e-19,6.8811119595600135e-19,6.884104239201181e-19,6.887096720580113e-19,6.890089400679971e-19,6.893082284380685e-19,6.896075370119568e-19,6.899068656943076e-19,6.902062144731625e-19,6.905055832722526e-19,6.908049722030511e-19,6.911043811863199e-19,6.914038101434602e-19,6.917032591876933e-19,6.920027282396832e-19,6.923022172848457e-19,6.926017263091112e-19,6.9290125529621765e-19,6.932008042312607e-19,6.935003730984335e-19,6.937999618201833e-19,6.940995705075505e-19,6.943991990840967e-19,6.946988475338396e-19,6.94998515840101e-19,6.952982039895971e-19,6.955979119693714e-19,6.958976397622034e-19,6.96197387353588e-19,6.964971546615261e-19,6.967969418058374e-19,6.9709674864755275e-19,6.973965752850521e-19,6.976964215957668e-19,6.979962876670497e-19,6.982961734313186e-19,6.985960788751996e-19,6.988960034272744e-19,6.991959479272479e-19,6.994959120427584e-19,6.997958957873923e-19,7.000958991300836e-19,7.003959220649982e-19,7.006959648569525e-19,7.009960269358483e-19,7.012961085614031e-19,7.015962099936108e-19,7.018963309511144e-19,7.021964708601913e-19,7.024966308179232e-19,7.02796810234191e-19,7.030970091119402e-19,7.033972274344397e-19,7.036974651876844e-19,7.039977223311645e-19,7.042979989062754e-19,7.045982945860213e-19,7.048986099137265e-19,7.051989445975226e-19,7.054992986239316e-19,7.057996719788787e-19,7.061000646495227e-19,7.06400476618001e-19,7.067009078711351e-19,7.070013583964395e-19,7.07301828177615e-19,7.076023172000974e-19,7.079028254489736e-19,7.082033528566416e-19,7.085038995151672e-19,7.088044653583404e-19,7.091050503766851e-19,7.094056545427604e-19,7.097062778510593e-19,7.100069200046446e-19,7.103075814893586e-19,7.10608262133255e-19,7.109089615828855e-19,7.1120968038333295e-19,7.11510418248303e-19,7.118111748596349e-19,7.121119507137694e-19,7.124127455767432e-19,7.127135594998428e-19,7.13014392343972e-19,7.133152439404797e-19,7.136161144967661e-19,7.139170042058054e-19,7.142179129031431e-19,7.1451884051209945e-19,7.148197869365753e-19,7.151207522572849e-19,7.154217364431227e-19,7.157227395560152e-19,7.160237615120128e-19,7.163248022944792e-19,7.166258618895958e-19,7.169269402815646e-19,7.172280374579698e-19,7.175291534065648e-19,7.178302881094643e-19,7.181314415545695e-19,7.184326137278175e-19,7.187338045556624e-19,7.190350140833469e-19,7.193362423566457e-19,7.196374893032998e-19,7.199387549061671e-19,7.202400390916314e-19,7.205413419072561e-19,7.20842663400245e-19,7.211440034946428e-19,7.214453621184592e-19,7.21746739324946e-19,7.220481348520184e-19,7.223495491509075e-19,7.226509817577852e-19,7.2295243317255505e-19,7.232539030980148e-19,7.235553914509182e-19,7.238568980838474e-19,7.241584231416071e-19,7.244599669387692e-19,7.24761529171397e-19,7.250631097514489e-19,7.253647085145716e-19,7.256663258829567e-19,7.259679614616028e-19,7.262696154172972e-19,7.265712879696997e-19,7.268729785981662e-19,7.27174687530776e-19,7.274764147935006e-19,7.277781606161777e-19,7.280799247224793e-19,7.28381707031305e-19,7.286835076197114e-19,7.289853264937277e-19,7.292871633656748e-19,7.295890186128831e-19,7.29890892066761e-19,7.301927837725889e-19,7.304946936520774e-19,7.307966214349457e-19,7.3109856733175e-19,7.314005315839733e-19,7.317025140200079e-19,7.320045145615238e-19,7.323065331950314e-19,7.326085698675201e-19,7.329106244446489e-19,7.332126969723337e-19,7.335147878397169e-19,7.338168966756029e-19,7.341190235290018e-19,7.344211684364301e-19,7.347233312453858e-19,7.350255120987874e-19,7.353277109094933e-19,7.356299273697892e-19,7.359321619920284e-19,7.362344145403215e-19,7.365366847388979e-19,7.368389731373956e-19,7.371412794054191e-19,7.374436032762287e-19,7.377459449984886e-19,7.380483045587919e-19,7.383506819394047e-19,7.386530773856081e-19,7.389554905612224e-19,7.392579215926776e-19,7.395603703855406e-19,7.398628369316204e-19,7.401653209786072e-19,7.404678229955111e-19,7.407703426718867e-19,7.410728801089407e-19,7.413754349930344e-19,7.416780078014558e-19,7.419805982360191e-19,7.422832063472503e-19,7.42585832032797e-19,7.42888475402504e-19,7.431911363221272e-19,7.434938148996083e-19,7.437965110602303e-19,7.440992247444585e-19,7.444019559595574e-19,7.447047047874524e-19,7.450074711546497e-19,7.453102550323248e-19,7.456130563537104e-19,7.459158752259854e-19,7.462187114999066e-19,7.465215650851155e-19,7.468244362914472e-19,7.471273249327814e-19,7.474302307745954e-19,7.477331540285926e-19,7.480360946800185e-19,7.483390530050712e-19,7.486420286470697e-19,7.4894502170386e-19,7.492480320430612e-19,7.495510597830993e-19,7.498541047880155e-19,7.501571670916158e-19,7.504602466909173e-19,7.507633436360599e-19,7.510664577904704e-19,7.513695891994209e-19,7.516727379094935e-19,7.519759037920531e-19,7.522790869519827e-19,7.525822872568325e-19,7.528855045412715e-19,7.531887392716209e-19,7.534919911701844e-19,7.537952602188873e-19,7.540985464071462e-19,7.544018497221271e-19,7.547051701506177e-19,7.5500850768069e-19,7.553118622988196e-19,7.556152339244113e-19,7.559186226808915e-19,7.562220284870312e-19,7.565254513406856e-19,7.568288912104292e-19,7.571323475567861e-19,7.574358209313198e-19,7.577393117372221e-19,7.580428190635915e-19,7.583463438007958e-19,7.586498855478883e-19,7.589534442296953e-19,7.592570198336259e-19,7.595606123442229e-19,7.598642216921966e-19,7.601678479257725e-19,7.604714910916404e-19,7.607751510525354e-19,7.610788278615293e-19,7.613825215123963e-19,7.616862319720296e-19,7.619899593051349e-19,7.622937033846632e-19,7.625974642307807e-19,7.629012418415991e-19,7.632050362077301e-19,7.635088473395964e-19,7.638126749592208e-19,7.641165193034945e-19,7.644203805874088e-19,7.647242583376122e-19,7.650281527753673e-19,7.653320641148383e-19,7.656359921654071e-19,7.659399368603128e-19,7.662438981868995e-19,7.665478761340063e-19,7.668518706295525e-19,7.671558817225752e-19,7.674599093864477e-19,7.677639536972569e-19,7.680680144969527e-19,7.683720919020121e-19,7.686761858397063e-19,7.689802962338268e-19,7.692844232001154e-19,7.695885666614331e-19,7.698927263457114e-19,7.701969027611375e-19,7.705010955653959e-19,7.708053048946869e-19,7.711095304126121e-19,7.71413772294804e-19,7.717180308001194e-19,7.720223057559691e-19,7.723265971209897e-19,7.726309048552744e-19,7.729352289519228e-19,7.732395693962712e-19,7.735439259400588e-19,7.738482989949603e-19,7.741526883220574e-19,7.744570939941146e-19,7.747615159426841e-19,7.750659542254741e-19,7.753704084634021e-19,7.756748789378577e-19,7.759793658840701e-19,7.762838691313389e-19,7.765883883301223e-19,7.768929239916394e-19,7.771974757707848e-19,7.775020437972555e-19,7.778066279847325e-19,7.781112283774825e-19,7.784158448608408e-19,7.787204774822958e-19,7.790251261401766e-19,7.793297909815999e-19,7.796344716533939e-19,7.799391684267477e-19,7.8024388124966275e-19,7.805486103034428e-19,7.808533554720562e-19,7.811581166692524e-19,7.814628938887279e-19,7.817676870552972e-19,7.820724962749933e-19,7.823773214812012e-19,7.826821626555028e-19,7.829870197890395e-19,7.832918928731848e-19,7.835967818928997e-19,7.839016868360099e-19,7.842066076909987e-19,7.845115443841841e-19,7.848164970267168e-19,7.851214654839534e-19,7.854264498099758e-19,7.857314499832272e-19,7.8603646605667225e-19,7.86341497958362e-19,7.866465456758143e-19,7.869516091977744e-19,7.872566882170859e-19,7.8756178324638015e-19,7.878668938374841e-19,7.881720203984101e-19,7.884771627646192e-19,7.887823208056608e-19,7.890874943305724e-19,7.893926837959808e-19,7.896978890244712e-19,7.900031098752115e-19,7.903083464043203e-19,7.906135986668445e-19,7.909188665091292e-19,7.91224150047074e-19,7.915294492121736e-19,7.918347639929274e-19,7.921400943775342e-19,7.924454403578881e-19,7.92750801918679e-19,7.930561790483566e-19,7.933615717312904e-19,7.936669799132334e-19,7.939724036167471e-19,7.942778428458068e-19,7.945832973697511e-19,7.948887676778558e-19,7.951942533980966e-19,7.954997546579512e-19,7.958052713820243e-19,7.961108035578702e-19,7.964163511748636e-19,7.967219142205511e-19,7.970274926955728e-19,7.973330864991574e-19,7.976386957035253e-19,7.979443203503339e-19,7.982499603642452e-19,7.98555615737717e-19,7.988612864595365e-19,7.991669724613827e-19,7.994726738453553e-19,7.997783904766039e-19,8.000841224758953e-19,8.003898697704121e-19,8.006956323436391e-19,8.010014101846072e-19,8.013072032190684e-19,8.016130115576621e-19,8.019188350742412e-19,8.022246738683701e-19,8.025305278728024e-19,8.028363970759773e-19,8.031422814673787e-19,8.034481810391372e-19,8.037540957716925e-19,8.040600256576485e-19,8.043659706859655e-19,8.046719308452747e-19,8.049779061280761e-19,8.052838965147973e-19,8.055899019982904e-19,8.058959225671904e-19,8.062019582101374e-19,8.06508008699202e-19,8.068140744019814e-19,8.071201551408787e-19,8.074262509058211e-19,8.0773236174995e-19,8.080384873194675e-19,8.083446281642806e-19,8.0865078399326715e-19,8.089569547471564e-19,8.092631405103279e-19,8.095693412237152e-19,8.098755568801908e-19,8.101817874601254e-19,8.104880329563649e-19,8.107942933578806e-19,8.111005680803243e-19,8.114068582575087e-19,8.117131633124272e-19,8.120194831638224e-19,8.123258179247324e-19,8.126321675422214e-19,8.129385318871591e-19,8.132449111295785e-19,8.135513051069637e-19,8.138577138768603e-19,8.141641374426151e-19,8.1447057579522635e-19,8.147770288763911e-19,8.150834967084603e-19,8.153899793572518e-19,8.156964766562226e-19,8.160029886634024e-19,8.163095154122631e-19,8.166160568682875e-19,8.169226130382738e-19,8.172291837945422e-19,8.175357692347417e-19,8.17842369392826e-19,8.181489841272273e-19,8.184556135529316e-19,8.187622575906353e-19,8.190689162396595e-19,8.193755894788319e-19,8.196822773021048e-19,8.19988979698527e-19,8.202956965711774e-19,8.206024280859998e-19,8.209091740755448e-19,8.212159345657279e-19,8.215227096205046e-19,8.218294992486287e-19,8.221363033530375e-19,8.224431219898126e-19,8.227499550554436e-19,8.230568023059589e-19,8.23363664289574e-19,8.236705407210609e-19,8.2397743158428445e-19,8.2428433686805595e-19,8.245912565625447e-19,8.248981906560622e-19,8.252051391540896e-19,8.255121020138858e-19,8.258190792409016e-19,8.261260708239168e-19,8.264330761464128e-19,8.267400958032385e-19,8.270471301240244e-19,8.273541789431424e-19,8.276612421410067e-19,8.279683193673072e-19,8.282754111592676e-19,8.285825172049059e-19,8.288896375267243e-19,8.291967720751107e-19,8.295039208666795e-19,8.298110838809499e-19,8.301182610300218e-19,8.304254524678028e-19,8.307326581006247e-19,8.310398778365789e-19,8.313471115192849e-19,8.316543596732966e-19,8.319616219811097e-19,8.322688984368247e-19,8.325761890243766e-19,8.328834937331781e-19,8.33190812552284e-19,8.3349814547141955e-19,8.33805492479709e-19,8.341128535671199e-19,8.344202287226645e-19,8.3472761795364e-19,8.350350212316487e-19,8.35342438479815e-19,8.356498697337088e-19,8.359573150058714e-19,8.362647743435597e-19,8.36572247699523e-19,8.368797350392972e-19,8.371872363525633e-19,8.374947516049344e-19,8.378022808143513e-19,8.381098233532679e-19,8.384173804301072e-19,8.387249514355802e-19,8.390325363451862e-19,8.393401351618093e-19,8.396477478621799e-19,8.39955374362067e-19,8.40263014817676e-19,8.405706690792623e-19,8.408783372354086e-19,8.411860192346497e-19,8.41493715060775e-19,8.418014247052276e-19,8.421091481757609e-19,8.424168854235209e-19,8.427246364495762e-19,8.430324011888848e-19,8.43340179757231e-19,8.436479720805394e-19,8.439557781482365e-19,8.442635979566978e-19,8.445714314892104e-19,8.448792787349085e-19,8.451871396766179e-19,8.454950143191648e-19,8.458029025638413e-19,8.461108045563701e-19,8.464187202177749e-19,8.467266494737608e-19,8.470345924223882e-19,8.473425490096436e-19,8.476505191366091e-19,8.479585028889212e-19,8.482665003026945e-19,8.485745113073365e-19,8.48882535899776e-19,8.491905740558502e-19,8.494986257789618e-19,8.498066910735309e-19,8.501147695577895e-19,8.5042286182309e-19,8.507309676792361e-19,8.51039086993576e-19,8.513472198129299e-19,8.516553660938053e-19,8.519635258585259e-19,8.522716991610966e-19,8.525798859295435e-19,8.528880861395563e-19,8.531962997883474e-19,8.535045268659055e-19,8.538127672808947e-19,8.541210211094409e-19,8.544292884201391e-19,8.547375690281173e-19,8.550458630249679e-19,8.553541704640026e-19,8.556624912609431e-19,8.559708254063054e-19,8.562791725294912e-19,8.565875332553111e-19,8.568959073932863e-19,8.57204294455398e-19,8.575126951908831e-19,8.57821109215881e-19,8.581295364426301e-19,8.584379769400839e-19,8.587464307708111e-19,8.59054897881923e-19,8.593633782078313e-19,8.596718717624195e-19,8.599803785357314e-19,8.60288898421531e-19,8.605974316033068e-19,8.609059778891787e-19,8.612145374398247e-19,8.615231100701681e-19,8.618316959746957e-19,8.621402946268564e-19,8.624489067857658e-19,8.627575320755108e-19,8.630661704933472e-19,8.633748216520629e-19,8.636834863056407e-19,8.639921640167865e-19,8.64300854887479e-19,8.646095586657097e-19,8.649182755194521e-19,8.652270054225888e-19,8.655357484402755e-19,8.658445044038312e-19,8.661532734844576e-19,8.664620556031638e-19,8.667708506890666e-19,8.670796587129507e-19,8.673884797840593e-19,8.676973138191668e-19,8.68006160729908e-19,8.68315020302868e-19,8.686238931980476e-19,8.689327790290833e-19,8.692416773966211e-19,8.695505886906608e-19,8.698595129007813e-19,8.70168450279871e-19,8.704774006388108e-19,8.707863638829507e-19,8.710953398953148e-19,8.714043285041444e-19,8.71713330321324e-19,8.720223441880565e-19,8.723313716673778e-19,8.7264041186114e-19,8.729494649712685e-19,8.732585308803533e-19,8.735676096096663e-19,8.73876701088792e-19,8.741858053392648e-19,8.744949222428773e-19,8.748040518951237e-19,8.751131944013403e-19,8.754223496394805e-19,8.757315176002523e-19,8.760406982745458e-19,8.763498916424795e-19,8.766590815646603e-19,8.769683003210594e-19,8.772775316809257e-19,8.775867596211084e-19,8.77896016263067e-19,8.78205269489863e-19,8.785145353456815e-19,8.788238138263992e-19,8.791331209959027e-19,8.794424407707609e-19,8.797517570536778e-19,8.800611020238966e-19,8.80370443461031e-19,8.806798135834201e-19,8.809891955462138e-19,8.81298574646513e-19,8.816079824320685e-19,8.819174027413822e-19,8.822268355793568e-19,8.825362647557649e-19,8.82845722608888e-19,8.83155176775474e-19,8.83464659581972e-19,8.837741386920286e-19,8.840836302660118e-19,8.843931342900021e-19,8.847026507897715e-19,8.850121796815805e-19,8.853217209810093e-19,8.85631274711807e-19,8.859408408410013e-19,8.862504193642853e-19,8.865600102724464e-19,8.868696135610241e-19,8.871792451498543e-19,8.87488873209849e-19,8.877985135696842e-19,8.881081662681416e-19,8.884178312956069e-19,8.887275086385276e-19,8.890372143068491e-19,8.89346916328412e-19,8.896566305807702e-19,8.899663730821687e-19,8.902761118894057e-19,8.905858629601544e-19,8.908956262864413e-19,8.912054178763929e-19,8.91515221751464e-19,8.918250217954446e-19,8.921348340532553e-19,8.924446585533883e-19,8.927544952626207e-19,8.93064344121944e-19,8.933742051672198e-19,8.936840783856247e-19,8.939939637645946e-19,8.943038613019779e-19,8.94613770981787e-19,8.94923692789681e-19,8.95233642853401e-19,8.955435889176962e-19,8.95853547082795e-19,8.961635173565155e-19,8.96473499767748e-19,8.967834942177163e-19,8.970935007411086e-19,8.974035193287976e-19,8.977135499693754e-19,8.980235926586508e-19,8.983336474264136e-19,8.986437304198104e-19,8.989538091922224e-19,8.992639000186662e-19,8.995740189957093e-19,8.998841338135665e-19,9.001942606069097e-19,9.005044155340924e-19,9.008145662777098e-19,9.011247451747432e-19,9.014349197830404e-19,9.017451063598712e-19,9.020553048548086e-19,9.023655152809907e-19,9.026757376109768e-19,9.029859718504048e-19,9.032962179574524e-19,9.036064759712905e-19,9.039167621852547e-19,9.042270439324502e-19,9.045373375291684e-19,9.048476592741675e-19,9.05157976562769e-19,9.054683056850556e-19,9.057786466400788e-19,9.060889994074092e-19,9.063993730680863e-19,9.067097494337005e-19,9.07020146681751e-19,9.073305557076499e-19,9.076409765149488e-19,9.079514090848928e-19,9.082618534015844e-19,9.085723094634298e-19,9.088827772617111e-19,9.09193247679196e-19,9.095037298128724e-19,9.098142236548678e-19,9.101247291961921e-19,9.104352627670606e-19,9.107458080495146e-19,9.110563646584378e-19,9.113669260295159e-19,9.116775063799988e-19,9.119880910552714e-19,9.12298694688775e-19,9.12609302634533e-19,9.129199222053365e-19,9.132305533872193e-19,9.135411961739654e-19,9.138518578443613e-19,9.141625311137312e-19,9.144732086653472e-19,9.147839050893402e-19,9.150946130841455e-19,9.154053322126027e-19,9.157160560007902e-19,9.160267913144065e-19,9.163375381652241e-19,9.1664829652352e-19,9.16959066393727e-19,9.172698477647658e-19,9.175806406144337e-19,9.17891444958427e-19,9.182022607798687e-19,9.185130880674278e-19,9.188239268125425e-19,9.191347770041116e-19,9.194456386386593e-19,9.197565117051599e-19,9.200673961948501e-19,9.203782920992377e-19,9.206891994069962e-19,9.21000118114975e-19,9.213110482202752e-19,9.216219897061722e-19,9.219329425527973e-19,9.222439067627904e-19,9.225548823387575e-19,9.228658692498076e-19,9.231768674985827e-19,9.234878770766857e-19,9.237988979755292e-19,9.241099301894585e-19,9.244209736907828e-19,9.247320285011699e-19,9.250430854238707e-19,9.253541627991257e-19,9.256652514468767e-19,9.259763513795912e-19,9.26287462538844e-19,9.26598584951981e-19,9.269097094433068e-19,9.272208543129291e-19,9.275320104022106e-19,9.27843177702263e-19,9.281543562016543e-19,9.2846554589503e-19,9.287767467768122e-19,9.290879588198551e-19,9.293991820330387e-19,9.297104164213438e-19,9.300216619436222e-19,9.303329186245413e-19,9.306441864436332e-19,9.309554653639715e-19,9.312667554254073e-19,9.315780565839014e-19,9.318893688701748e-19,9.322006922373702e-19,9.325120266927966e-19,9.328233722220501e-19,9.331347288227548e-19,9.334460964808775e-19,9.337574823404241e-19,9.340688720966073e-19,9.343802728890272e-19,9.346916846886144e-19,9.350031075240412e-19,9.353145413731575e-19,9.35625986209721e-19,9.359374420551254e-19,9.36248908862124e-19,9.36560386670952e-19,9.368718754484386e-19,9.371833751873012e-19,9.374948858791315e-19,9.378064074925941e-19,9.381179400570312e-19,9.384294835684339e-19,9.387410379896026e-19,9.390526033328603e-19,9.393641795660787e-19,9.396757666980767e-19,9.399873647139392e-19,9.40298973588351e-19,9.406105933682768e-19,9.409222239778194e-19,9.41233865475188e-19,9.415455178083041e-19,9.41857180961001e-19,9.421688549591446e-19,9.42480539694319e-19,9.427922353428421e-19,9.431039417823828e-19,9.434156590235475e-19,9.437273870542618e-19,9.440391258771818e-19,9.443508753796715e-19,9.446626357047874e-19,9.449744067945917e-19,9.452861886523157e-19,9.455979811675789e-19,9.459097844987064e-19,9.46221598551577e-19,9.465334233038815e-19,9.468452587612108e-19,9.471571049408798e-19,9.474689618039746e-19,9.47780829361264e-19,9.480927075827589e-19,9.48404596463298e-19,9.487164960068807e-19,9.490284062233305e-19,9.493403270881169e-19,9.4965225860176e-19,9.499642007283877e-19,9.50276153479726e-19,9.505881168169124e-19,9.509000907861238e-19,9.512120753521525e-19,9.515240705033615e-19,9.518360762396915e-19,9.521480925450018e-19,9.524601194319433e-19,9.52772156863765e-19,9.530842048408901e-19,9.533962633334e-19,9.537083323893634e-19,9.540204119838673e-19,9.543325020589773e-19,9.54644602681455e-19,9.54956713773656e-19,9.552688353442903e-19,9.555809674066133e-19,9.558931099535396e-19,9.562052629576974e-19,9.56517426432374e-19,9.568296003654449e-19,9.57141784745293e-19,9.574539796027354e-19,9.57766184844303e-19,9.580784005425171e-19,9.583906265526963e-19,9.587028630429513e-19,9.590151098593726e-19,9.593273671684467e-19,9.596396348239968e-19,9.599519128631782e-19,9.602642013028008e-19,9.605765001032514e-19,9.608888092271657e-19,9.612011548120086e-19,9.615135107360915e-19,9.618258769888424e-19,9.621382535820437e-19,9.624506404942558e-19,9.627630115845238e-19,9.63075419082434e-19,9.633878368681263e-19,9.637002649476178e-19,9.64012703305937e-19,9.643251519594249e-19,9.64637610851848e-19,9.649500800027734e-19,9.652625594239864e-19,9.655750490622547e-19,9.658875489330209e-19,9.662000590195093e-19,9.665125793336553e-19,9.668251098559708e-19,9.671376505713368e-19,9.674502014815683e-19,9.677627625776996e-19,9.680753076338035e-19,9.683878628459499e-19,9.687004544619782e-19,9.690130562274408e-19,9.693256681417274e-19,9.696382902045033e-19,9.69950922400599e-19,9.70263564714135e-19,9.705762171457274e-19,9.708888796878005e-19,9.712015523326847e-19,9.715142088041813e-19,9.718269016321463e-19,9.721396045401988e-19,9.724523175287263e-19,9.727650405811422e-19,9.730777737321276e-19,9.73390516862434e-19,9.737032701093086e-19,9.740160333714162e-19,9.743288066358936e-19,9.746415899462195e-19,9.749543832422494e-19,9.752671865355737e-19,9.755799998261374e-19,9.758928230941742e-19,9.762056563906118e-19,9.765184996279754e-19,9.768313265772074e-19,9.77144189774155e-19,9.774570628899678e-19,9.77769919538752e-19,9.78082812543523e-19,9.783956797807653e-19,9.787085926037686e-19,9.790215153669473e-19,9.793344217322254e-19,9.796473379914611e-19,9.799602641540075e-19,9.802732264441256e-19,9.80586172359417e-19,9.808991281205062e-19,9.81212093758835e-19,9.815250692477089e-19,9.81838054566551e-19,9.821510497212404e-19,9.824640547173112e-19,9.827770695343468e-19,9.830900941653204e-19,9.8340312860217e-19,9.83716172839244e-19,9.840292268503021e-19,9.843422905996954e-19,9.84655364188065e-19,9.849684475469422e-19,9.852815406669283e-19,9.855946434753763e-19,9.859077560986247e-19,9.862208783959362e-19,9.865340104739594e-19,9.8684715229457e-19,9.871603038344697e-19,9.874734650649676e-19,9.87786636017988e-19,9.880998166676611e-19,9.88413007006428e-19,9.887262070268548e-19,9.890394167214134e-19,9.893526360832098e-19,9.896658651049447e-19,9.89979103779338e-19,9.902923520992434e-19,9.906056100444879e-19,9.909188776349848e-19,9.912321547410138e-19,9.915454415707643e-19,9.918587379892152e-19,9.921720440127838e-19,9.924853596323724e-19,9.927986848402605e-19,9.93112019644072e-19,9.934253640220094e-19,9.937387179648194e-19,9.940520814474238e-19,9.943654544841629e-19,9.946788370834835e-19,9.949922292201388e-19,9.953056308869962e-19,9.95619041965334e-19,9.959324626711585e-19,9.96245892885523e-19,9.965593324912858e-19,9.96872781700735e-19,9.971862403414705e-19,9.974997085039997e-19,9.978131861535314e-19,9.981266732704666e-19,9.984401698451063e-19,9.987536758726163e-19,9.990671913447219e-19,9.993807162533288e-19,9.996942505923171e-19,1.000007794339922e-18,1.0003213475046672e-18,1.0006349099840163e-18,1.000948481973766e-18,1.001262063358685e-18,1.0015756541318225e-18,1.0018892542859655e-18,1.0022028638139528e-18,1.0025164827089806e-18,1.0028301109634864e-18,1.003143748571048e-18,1.0034573955245373e-18,1.0037710518164473e-18,1.0040847174404058e-18,1.0043983923890466e-18,1.0047120766016089e-18,1.005025770178874e-18,1.0053394730595867e-18,1.0056531852374766e-18,1.0059669067051611e-18,1.006280637455593e-18,1.0065943774818927e-18,1.0069081267766206e-18,1.0072218853337324e-18,1.0075356531457039e-18,1.0078494302053527e-18,1.0081632165064528e-18,1.0084770120416117e-18,1.0087908168039395e-18,1.0091046307865657e-18,1.0094184539820751e-18,1.0097322863843476e-18,1.0100461279352582e-18,1.0103599786775732e-18,1.010673838660521e-18,1.0109877078029021e-18,1.0113015861365968e-18,1.011615473620341e-18,1.0119293702605238e-18,1.0122432760525006e-18,1.012557190987562e-18,1.0128711150740437e-18,1.0131850482970303e-18,1.013498990638201e-18,1.0138129420960016e-18,1.0141269026641286e-18,1.0144408723355052e-18,1.0147548511033107e-18,1.0150688389606527e-18,1.0153828359006863e-18,1.0156968419166684e-18,1.0160108569905158e-18,1.0163248811263611e-18,1.016638914329112e-18,1.0169529565801793e-18,1.0172670078735426e-18,1.0175810682031271e-18,1.017895137544419e-18,1.0182092159111554e-18,1.0185233032882086e-18,1.0188373996890712e-18,1.0191515050907056e-18,1.0194656194866687e-18,1.01977974285518e-18,1.0200938752028867e-18,1.0204080165276214e-18,1.0207221668354126e-18,1.0210363261040056e-18,1.0213504943264585e-18,1.0216646714831283e-18,1.0219788575791435e-18,1.0222930526056023e-18,1.0226072565604937e-18,1.0229214768183885e-18,1.023235698622772e-18,1.0235499293340844e-18,1.0238641689453302e-18,1.024178417408105e-18,1.0244926748001643e-18,1.0248069410238687e-18,1.0251212161695104e-18,1.0254355001824918e-18,1.025749793043228e-18,1.0260640947599344e-18,1.026378405334893e-18,1.0266927247408806e-18,1.0270070529885921e-18,1.0273213900491213e-18,1.0276357359454599e-18,1.0279500906545677e-18,1.028264454170687e-18,1.028578826487393e-18,1.0288932075980607e-18,1.0292075974960926e-18,1.0295219961748287e-18,1.029836403628811e-18,1.0301508198489708e-18,1.030465244830359e-18,1.0307796785574587e-18,1.0310941210410813e-18,1.0314085722658874e-18,1.0317230322253387e-18,1.032037500870809e-18,1.0323519782660165e-18,1.03266646437809e-18,1.0329809592106042e-18,1.0332954627451603e-18,1.0336099749605874e-18,1.0339244958390138e-18,1.0342390254261066e-18,1.034553563690652e-18,1.0348681106298741e-18,1.03518266622324e-18,1.0354972304742175e-18,1.0358118033890337e-18,1.0361263849359271e-18,1.0364409751201395e-18,1.0367555739345265e-18,1.0370701813867105e-18,1.0373847974542957e-18,1.0376994221315452e-18,1.0380140554012758e-18,1.038328697280335e-18,1.0386433477513267e-18,1.0389580067973738e-18,1.0392726744143401e-18,1.0395873506099221e-18,1.039902035368675e-18,1.0402167286889889e-18,1.0405314305733811e-18,1.040846140993791e-18,1.0411608599641158e-18,1.0414755874680962e-18,1.041790323499514e-18,1.0421050680392903e-18,1.0424198210935318e-18,1.0427345826558407e-18,1.0430493527318563e-18,1.0433641313026515e-18,1.0436789183625885e-18,1.0439937139045867e-18,1.0443085179242617e-18,1.0446233304119856e-18,1.0449381513630162e-18,1.0452529807713787e-18,1.0455678186303173e-18,1.0458826649335565e-18,1.0461975196625061e-18,1.046512382821809e-18,1.0468272544193653e-18,1.0471421344357741e-18,1.0474570228648325e-18,1.0477719197001326e-18,1.0480868249353878e-18,1.0484017385642881e-18,1.0487166605804826e-18,1.0490315909679467e-18,1.0493465297323535e-18,1.0496614768727434e-18,1.049976432375793e-18,1.0502913962347434e-18,1.0506063684432449e-18,1.0509213489950796e-18,1.0512363378840126e-18,1.0515513350575371e-18,1.0518663406031133e-18,1.052181354465288e-18,1.0524963766399744e-18,1.052811407108775e-18,1.0531264458886803e-18,1.0534414929619994e-18,1.0537565483116905e-18,1.0540716119529467e-18,1.0543866838688935e-18,1.054701764008932e-18,1.0550168524443711e-18,1.0553319491483155e-18,1.055647054088867e-18,1.0559621672756959e-18,1.056277288697838e-18,1.0565924183523401e-18,1.056907556231662e-18,1.0572227023312944e-18,1.057537856641418e-18,1.0578530191580602e-18,1.0581681898728642e-18,1.0584833687950131e-18,1.058798555905686e-18,1.05911375119955e-18,1.0594289546691645e-18,1.0597441663066895e-18,1.060059386108103e-18,1.0603746140668018e-18,1.060689850176833e-18,1.0610050943566565e-18,1.0613203467421307e-18,1.0616356072577443e-18,1.0619508758991423e-18,1.0622661526625057e-18,1.0625814374707713e-18,1.0628967304587244e-18,1.063212031486631e-18,1.063527340682736e-18,1.063842657888011e-18,1.0641579832486606e-18,1.0644733166856122e-18,1.064788658196574e-18,1.0651040077727397e-18,1.0654193653818451e-18,1.0657347310032994e-18,1.0660501047156366e-18,1.0663654864654003e-18,1.0666808762918235e-18,1.066996274137597e-18,1.0673116800062178e-18,1.0676270939022467e-18,1.0679425158099036e-18,1.0682579457230464e-18,1.0685733836356974e-18,1.0688888295419456e-18,1.0692042834356966e-18,1.0695197453105524e-18,1.069835215160779e-18,1.070150692980655e-18,1.0704661787640822e-18,1.0707816725050726e-18,1.071097174197651e-18,1.0714126838357037e-18,1.0717282014135354e-18,1.0720437269254765e-18,1.0723592603555308e-18,1.0726748017165025e-18,1.0729903509932958e-18,1.0733059081703474e-18,1.0736214732609288e-18,1.0739370462498236e-18,1.074252627130895e-18,1.0745682158981566e-18,1.0748838125469132e-18,1.075199417068506e-18,1.0755150294586273e-18,1.0758306497111847e-18,1.0761462778113185e-18,1.0764619137613652e-18,1.0767775575569849e-18,1.0770932091913341e-18,1.0774088686583307e-18,1.0777245359520411e-18,1.078040211067275e-18,1.0783558939703055e-18,1.0786715846818737e-18,1.0789872832230845e-18,1.079302989575165e-18,1.0796187037082821e-18,1.0799344255992954e-18,1.0802501552986063e-18,1.0805658927722981e-18,1.0808816380144898e-18,1.081197390955532e-18,1.081513151728082e-18,1.081828920213579e-18,1.0821446964822008e-18,1.0824604804131662e-18,1.0827762720783672e-18,1.0830920715375558e-18,1.0834078786878517e-18,1.0837236935860522e-18,1.084039516193848e-18,1.0843553464401886e-18,1.0846711844239478e-18,1.0849870301365647e-18,1.0853028835363972e-18,1.0856187521906385e-18,1.0859346116251e-18,1.0862504956226134e-18,1.0865663797137531e-18,1.086882271455883e-18,1.0871981708487696e-18,1.0875140778976704e-18,1.0878299925876831e-18,1.0881459148781548e-18,1.088461844832758e-18,1.0887777824116775e-18,1.0890937276088488e-18,1.0894096804180247e-18,1.0897256408266006e-18,1.0900416088356654e-18,1.0903575844518903e-18,1.0906735676537837e-18,1.09098955843475e-18,1.0913055567991403e-18,1.0916215627375215e-18,1.0919375762413532e-18,1.0922535972680716e-18,1.0925696258885542e-18,1.092885662050717e-18,1.0932017057664424e-18,1.0935177570188753e-18,1.0938338158058935e-18,1.0941498821200782e-18,1.094465955954381e-18,1.0947820373040684e-18,1.0950981261638208e-18,1.0954142225286797e-18,1.0957303263924875e-18,1.0960464377170569e-18,1.0963625565231201e-18,1.096678682849904e-18,1.0969948166161953e-18,1.0973109578820913e-18,1.0976271066140613e-18,1.0979432628140332e-18,1.098259426400253e-18,1.0985755974972782e-18,1.0988917760022671e-18,1.0992079619470968e-18,1.0995241553530806e-18,1.0998403561823966e-18,1.1001565644449116e-18,1.1004727801187734e-18,1.1007890032033992e-18,1.1011052336264972e-18,1.101421471469731e-18,1.1017377167486003e-18,1.1020539693750376e-18,1.102370229421161e-18,1.1026864968428615e-18,1.1030027716354523e-18,1.1033190537849607e-18,1.1036353432924823e-18,1.1039516401644837e-18,1.104267944373455e-18,1.104584255935128e-18,1.1049005748241424e-18,1.1052169010548442e-18,1.1055332346006911e-18,1.1058495754783674e-18,1.1061659236708164e-18,1.1064822791069048e-18,1.1067986419039989e-18,1.1071150120092836e-18,1.1074313893747252e-18,1.1077477740259068e-18,1.1080641659328267e-18,1.1083805651783963e-18,1.1086969716306816e-18,1.1090133854135518e-18,1.1093298064572262e-18,1.109646234756035e-18,1.109962670303983e-18,1.1102791130594677e-18,1.1105955630918647e-18,1.1109120203576597e-18,1.1112284848497812e-18,1.1115449565572659e-18,1.1118614354882378e-18,1.1121779215996197e-18,1.1124944149122732e-18,1.1128109154557838e-18,1.1131274231688809e-18,1.1134439381039768e-18,1.1137604602231231e-18,1.1140769895145848e-18,1.1143935259882796e-18,1.1147100696304653e-18,1.1150266204270357e-18,1.1153431783876675e-18,1.1156597435005162e-18,1.115976315760131e-18,1.1162928951616864e-18,1.116609481635346e-18,1.1169260753037428e-18,1.1172426760973973e-18,1.1175592840110436e-18,1.1178758990407607e-18,1.11819252117159e-18,1.1185091504130343e-18,1.1188257867244635e-18,1.119142430158003e-18,1.119459080679417e-18,1.1197757382829578e-18,1.12009240295682e-18,1.120409074702036e-18,1.1207257535233832e-18,1.121042439372487e-18,1.1213591323113787e-18,1.1216758322994655e-18,1.1219925393332244e-18,1.1223092533743877e-18,1.1226259744765068e-18,1.1229427026148972e-18,1.1232594377700852e-18,1.1235761799452645e-18,1.1238929291422952e-18,1.1242096853464578e-18,1.12452644855376e-18,1.124843218731089e-18,1.125159995929216e-18,1.1254767801148349e-18,1.125793571282662e-18,1.1261103694208129e-18,1.1264271745387605e-18,1.1267439866213258e-18,1.1270608056694315e-18,1.1273776316693325e-18,1.1276944645924383e-18,1.128011304488797e-18,1.128328151325449e-18,1.1286450050912082e-18,1.128961865789181e-18,1.1292787333539525e-18,1.1295956079019321e-18,1.1299124893591869e-18,1.1302293777292932e-18,1.1305462730032485e-18,1.1308631751773955e-18,1.1311800842438606e-18,1.1314970001982614e-18,1.1318139230358792e-18,1.132130852752051e-18,1.1324477893406553e-18,1.132764732797043e-18,1.1330816831164563e-18,1.1333986402932469e-18,1.133715604297265e-18,1.1340325751141228e-18,1.1343495528319732e-18,1.1346665373866216e-18,1.1349835287734472e-18,1.1353005269868782e-18,1.1356175319954251e-18,1.135934543846658e-18,1.136251562501003e-18,1.1365685879733159e-18,1.1368856202372844e-18,1.1372026593025742e-18,1.137519705151969e-18,1.1378367577692149e-18,1.138153817192966e-18,1.1384708833907238e-18,1.1387879563584885e-18,1.1391050360913394e-18,1.1394221225845297e-18,1.1397392158332988e-18,1.1400563158321822e-18,1.1403734225759774e-18,1.1406905360558852e-18,1.1410076562745257e-18,1.1413247832224696e-18,1.1416419168885321e-18,1.1419590572814219e-18,1.1422762043889217e-18,1.1425933582055852e-18,1.1429105187272605e-18,1.1432276859462492e-18,1.1435448598614162e-18,1.143862031040565e-18,1.144179218329485e-18,1.1444964122931636e-18,1.1448136129364584e-18,1.1451308202491465e-18,1.1454480342260519e-18,1.1457652548586701e-18,1.146082482148907e-18,1.1463997160885285e-18,1.1467169566724946e-18,1.1470342038964159e-18,1.1473514577547043e-18,1.1476687182355817e-18,1.1479859853208166e-18,1.148303259026203e-18,1.1486205393717991e-18,1.1489378263273712e-18,1.1492551198810264e-18,1.1495724200407002e-18,1.1498897267880964e-18,1.1502070401315565e-18,1.1505243600617137e-18,1.1508416865716475e-18,1.151159019654478e-18,1.1514763593071938e-18,1.1517937055192068e-18,1.1521110582907955e-18,1.152428417623567e-18,1.1527457835084116e-18,1.153063155936619e-18,1.1533805349051936e-18,1.1536979204097137e-18,1.1540153031119552e-18,1.1543326922547332e-18,1.1546500973297246e-18,1.1549675088981964e-18,1.1552849270073606e-18,1.1556023516209608e-18,1.155919782735781e-18,1.1562372203468616e-18,1.1565546644488096e-18,1.1568721150377377e-18,1.157189572108339e-18,1.1575070356594853e-18,1.157824505678155e-18,1.1581419821643215e-18,1.1584594651121997e-18,1.1587769545178796e-18,1.1590944503755252e-18,1.159411952681316e-18,1.1597294614293588e-18,1.16004697661534e-18,1.1603644982363092e-18,1.1606820262841328e-18,1.1609995607569145e-18,1.1613171016463178e-18,1.1616346489418679e-18,1.1619522026251263e-18,1.162269762741402e-18,1.1625873292575297e-18,1.1629049021681794e-18,1.1632224814680556e-18,1.1635400671534468e-18,1.1638576592189026e-18,1.164175257622937e-18,1.1644928624293057e-18,1.1648104736058624e-18,1.165128091138722e-18,1.165445715032513e-18,1.1657633452720955e-18,1.1660809818591485e-18,1.1663986247949205e-18,1.1667162740598527e-18,1.1670339296571475e-18,1.1673515915350403e-18,1.167669259782876e-18,1.1679869418801394e-18,1.1683046227655548e-18,1.1686223099543417e-18,1.1689400034477302e-18,1.1692577032447128e-18,1.1695754093361435e-18,1.1698931217172516e-18,1.1702108403763678e-18,1.1705285653226403e-18,1.1708462965444876e-18,1.1711640340371117e-18,1.1714817777472068e-18,1.1717995353116927e-18,1.1721172915731925e-18,1.172435054096797e-18,1.1727528228729958e-18,1.173070597877224e-18,1.1733883791343389e-18,1.1737061666242428e-18,1.1740239603318695e-18,1.1743417677414602e-18,1.1746595738801586e-18,1.174977386236337e-18,1.1752952122795383e-18,1.1756130446005943e-18,1.1759308831100494e-18,1.176248720271294e-18,1.1765665636271031e-18,1.176884420586225e-18,1.1772022763021967e-18,1.177520138204904e-18,1.1778380062730357e-18,1.1781558879545054e-18,1.1784737683719627e-18,1.178791662331211e-18,1.1791095550381518e-18,1.1794274539143718e-18,1.1797453589346036e-18,1.1800632700938658e-18,1.1803811779924806e-18,1.1806991088166397e-18,1.1810170383661449e-18,1.181334981388173e-18,1.1816529231536242e-18,1.181970871033693e-18,1.1822888323887161e-18,1.182606792477752e-18,1.182924766017444e-18,1.1832427382926681e-18,1.1835607166632126e-18,1.1838787011068451e-18,1.184196691657806e-18,1.1845146789079533e-18,1.1848326816038695e-18,1.1851506903476091e-18,1.1854687051704908e-18,1.1857867337256202e-18,1.1861047683497314e-18,1.1864228013301352e-18,1.1867408403533393e-18,1.1870588761155062e-18,1.1873769271948264e-18,1.1876949843198697e-18,1.1880130474698575e-18,1.1883311166229519e-18,1.1886491991212365e-18,1.1889672802998554e-18,1.18928536748822e-18,1.189603460681814e-18,1.1899215598730099e-18,1.1902396650587036e-18,1.1905577762460755e-18,1.1908758934010482e-18,1.1911940165402431e-18,1.1915121456542469e-18,1.191830271405789e-18,1.1921484124670289e-18,1.1924665501233337e-18,1.1927846937371638e-18,1.1931028433057913e-18,1.1934210150357157e-18,1.193739185865067e-18,1.1940573626337266e-18,1.1943755529573854e-18,1.194693748831986e-18,1.1950119433899843e-18,1.1953301515049927e-18,1.1956483655570984e-18,1.19596658551288e-18,1.1962847944082027e-18,1.1966030185338364e-18,1.1969212392284604e-18,1.197239475148623e-18,1.197557724507814e-18,1.197875962903039e-18,1.1981942071278382e-18,1.1985124572410581e-18,1.198830713230285e-18,1.1991489750913055e-18,1.1994672428099996e-18,1.1997855328789453e-18,1.2001038123184788e-18,1.2004220976237259e-18,1.2007403887679218e-18,1.2010587026066339e-18,1.201377005449032e-18,1.201695314129397e-18,1.2020136286303228e-18,1.2023319490274902e-18,1.2026502752439858e-18,1.2029686072883072e-18,1.2032869450908733e-18,1.2036052886906933e-18,1.2039236548692179e-18,1.2042420270192637e-18,1.204560388043207e-18,1.204878771767672e-18,1.205197144360484e-18,1.2055155227379027e-18,1.2058339068965467e-18,1.2061522968320952e-18,1.2064707094887097e-18,1.2067891109825681e-18,1.207107535040579e-18,1.2074259480577563e-18,1.2077443668138749e-18,1.2080627913210269e-18,1.2083812384768674e-18,1.2086996914484977e-18,1.2090181331840836e-18,1.209336596923344e-18,1.2096550669847843e-18,1.2099735428386036e-18,1.2102920242828605e-18,1.2106105114365803e-18,1.210929003759192e-18,1.2112475024573667e-18,1.211566006218115e-18,1.2118845162701771e-18,1.2122030318355976e-18,1.2125215532752401e-18,1.2128400803038794e-18,1.2131586130913253e-18,1.2134771515469994e-18,1.2137956956666686e-18,1.2141142453671872e-18,1.214432800739959e-18,1.2147513618223932e-18,1.2150699285266619e-18,1.2153885008154352e-18,1.2157070787996918e-18,1.2160256621447377e-18,1.2163442514213122e-18,1.2166628462016651e-18,1.216981446609535e-18,1.2173000527465934e-18,1.2176186644250872e-18,1.217937281717214e-18,1.2182559043297048e-18,1.2185745328689558e-18,1.2188931666993521e-18,1.2192118061459122e-18,1.2195304514871321e-18,1.2198491023845338e-18,1.220167758862559e-18,1.2204864209155869e-18,1.220805088539493e-18,1.2211237617548881e-18,1.2214424405091782e-18,1.2217611248462367e-18,1.222079814737074e-18,1.2223985101554424e-18,1.22271721108405e-18,1.2230359175227228e-18,1.2233546295231335e-18,1.2236733470334095e-18,1.2239920700746658e-18,1.2243107986435227e-18,1.2246295325344103e-18,1.2249482722308162e-18,1.2252670174164317e-18,1.2255857681331767e-18,1.225904524355234e-18,1.226223286056006e-18,1.2265420532750284e-18,1.2268608259645254e-18,1.2271796040795273e-18,1.2274983877417756e-18,1.2278171766483754e-18,1.2281359712907794e-18,1.2284547714038806e-18,1.2287735769847025e-18,1.2290923879593657e-18,1.229411204209295e-18,1.2297300261713371e-18,1.2300488535832792e-18,1.2303676864427707e-18,1.230686524745831e-18,1.2310053684888023e-18,1.2313242176665042e-18,1.2316430720359973e-18,1.2319619320741316e-18,1.232280797533862e-18,1.232599668163319e-18,1.2329185444578533e-18,1.2332374261627446e-18,1.2335563131964241e-18,1.2338752055769143e-18,1.2341941034915985e-18,1.2345130067812784e-18,1.2348319153336906e-18,1.2351508294014212e-18,1.2354697488704111e-18,1.235788673718224e-18,1.2361076037235657e-18,1.2364265392399488e-18,1.236745480125897e-18,1.2370644264288476e-18,1.2373833780348088e-18,1.2377023350699949e-18,1.238021297382122e-18,1.2383402650405183e-18,1.2386592381159756e-18,1.2389782165300036e-18,1.2392972001572258e-18,1.2396161892359008e-18,1.2399351835712155e-18,1.2402541832990258e-18,1.2405731883277307e-18,1.2408921986898725e-18,1.2412112143625604e-18,1.2415302352219146e-18,1.2418492614848305e-18,1.242168292994815e-18,1.2424873298520031e-18,1.2428063720189634e-18,1.243125419473063e-18,1.243444472192239e-18,1.2437635302085393e-18,1.2440825934993458e-18,1.2444016620615966e-18,1.2447207352022398e-18,1.245039814296589e-18,1.2453588986488e-18,1.245677988039613e-18,1.245997082896361e-18,1.2463161829315139e-18,1.2466352882804485e-18,1.2469543988697777e-18,1.247273514695042e-18,1.2475926357346183e-18,1.2479117620192407e-18,1.248230893465952e-18,1.2485500300903416e-18,1.2488691720176913e-18,1.2491883191087942e-18,1.2495074714741901e-18,1.249826629044141e-18,1.2501457918145399e-18,1.2504649597310339e-18,1.250784132874225e-18,1.251103311222924e-18,1.251422494756381e-18,1.2517416834192106e-18,1.2520608772940284e-18,1.252380076309506e-18,1.252699280481755e-18,1.2530184898649206e-18,1.2533377044107768e-18,1.253656924114286e-18,1.2539761489404516e-18,1.2542953789171613e-18,1.2546146140420853e-18,1.2549338543537764e-18,1.2552530997492216e-18,1.2555723502720619e-18,1.2558916059307972e-18,1.256210866773545e-18,1.2565301327402725e-18,1.2568494038264962e-18,1.2571686800278509e-18,1.2574879607581716e-18,1.2578072471650116e-18,1.2581265386905485e-18,1.2584458353012503e-18,1.2587651370075464e-18,1.2590844438217232e-18,1.2594037557096968e-18,1.2597230726976663e-18,1.2600423944436785e-18,1.2603617214176129e-18,1.2606810536225207e-18,1.261000390896785e-18,1.261319733236986e-18,1.2616390806392712e-18,1.2619584331000968e-18,1.2622777906150498e-18,1.2625971531524277e-18,1.2629165207641817e-18,1.2632358934353924e-18,1.2635552711307973e-18,1.2638746538347396e-18,1.2641940415709608e-18,1.2645134343625823e-18,1.2648328321234973e-18,1.2651522349127658e-18,1.2654716427231318e-18,1.2657910555468976e-18,1.266110473393224e-18,1.2664298959890968e-18,1.2667493238300244e-18,1.2670687567249185e-18,1.2673881945585825e-18,1.267707637398004e-18,1.2680270852492294e-18,1.2683465377791304e-18,1.2686659956087924e-18,1.2689854583644985e-18,1.2693049261396554e-18,1.2696243988836446e-18,1.2699438765916608e-18,1.270263359260526e-18,1.2705828468860255e-18,1.270902339452682e-18,1.2712218368853897e-18,1.2715413391911348e-18,1.2718608465944833e-18,1.272180358910738e-18,1.2724998761993513e-18,1.2728193984194068e-18,1.273138925528648e-18,1.2734584575992375e-18,1.2737779945905068e-18,1.2740975364854254e-18,1.2744170832926016e-18,1.2747366350088028e-18,1.2750561915825418e-18,1.2753757530619348e-18,1.2756953194387687e-18,1.276014890712264e-18,1.2763344669160288e-18,1.2766540480065127e-18,1.27697363398138e-18,1.2772932248350497e-18,1.2776128205774902e-18,1.2779324210349628e-18,1.2782520265060478e-18,1.2785716368403888e-18,1.2788912520379966e-18,1.2792108720541694e-18,1.2795304969612076e-18,1.279850126731727e-18,1.2801697613486597e-18,1.2804894007670732e-18,1.2808090450537647e-18,1.281128694154147e-18,1.2814483481212709e-18,1.2817680069173851e-18,1.2820876705253556e-18,1.28240733896722e-18,1.282727012214591e-18,1.2830466902531635e-18,1.2833663731025198e-18,1.2836860607926825e-18,1.28400575327362e-18,1.2843254505338676e-18,1.2846451526097831e-18,1.2849648594554657e-18,1.2852845711251651e-18,1.2856042875684261e-18,1.2859240087926008e-18,1.2862437348078896e-18,1.2865634655972261e-18,1.2868832011448241e-18,1.2872029413848195e-18,1.287522686428521e-18,1.2878424360298213e-18,1.2881621906389048e-18,1.2884819499667279e-18,1.2888017138135474e-18,1.2891214826225208e-18,1.2894412559421107e-18,1.289761034015685e-18,1.2900808168303437e-18,1.2904006045895106e-18,1.2907203970890568e-18,1.2910401943334138e-18,1.2913599960455422e-18,1.2916798027048934e-18,1.291999614101715e-18,1.2923194301727676e-18,1.2926392509502237e-18,1.2929590764239992e-18,1.2932789066524102e-18,1.2935987415670369e-18,1.2939185810973134e-18,1.2942384254040142e-18,1.2945582743486868e-18,1.2948781279768938e-18,1.2951979863189346e-18,1.2955178493360826e-18,1.2958377170365345e-18,1.2961575893629646e-18,1.2964774663518287e-18,1.296797347998777e-18,1.2971172343030486e-18,1.2974371252973645e-18,1.29775702094251e-18,1.2980769211981222e-18,1.298396826100834e-18,1.2987167356769237e-18,1.2990366498543074e-18,1.2993565687009318e-18,1.2996764921400407e-18,1.2999964202417378e-18,1.300316352967433e-18,1.3006362903117794e-18,1.3009562322316958e-18,1.3012761788150314e-18,1.3015961299620761e-18,1.3019160857487061e-18,1.3022360461050535e-18,1.3025560111038975e-18,1.302875980668774e-18,1.3031959548539139e-18,1.3035159336278753e-18,1.3038359169444844e-18,1.3041559048426215e-18,1.3044758973492059e-18,1.3047958944416556e-18,1.305115896104908e-18,1.3054359022985028e-18,1.3057559130562886e-18,1.3060759284117392e-18,1.3063959483144784e-18,1.3067159727711409e-18,1.3070360017887408e-18,1.3073560353534353e-18,1.3076760734288983e-18,1.3079961160508476e-18,1.3083161632095727e-18,1.3086362149013584e-18
13,1.3053248051296578e-23,2.1951833578742476e-23,2.8018126357221196e-23,3.2153604738669763e-23,3.497281938391438e-23,3.689471825095093e-23,3.8204904143091906e-23,3.9098076568242527e-23,3.970696496021376e-23,4.012205286870419e-23,4.0405024221166844e-23,4.0597929831464804e-23,4.072943633966979e-23,4.081908620352592e-23,4.088020179543932e-23,4.092186516685202e-23,4.095026768187516e-23,4.096963008180323e-23,4.0982829706225905e-23,4.099182807861532e-23,4.099796239752193e-23,4.100214425028615e-23,4.1004995079009674e-23,4.100693852964549e-23,4.1008263407685895e-23,4.100916659595818e-23,4.100978231229589e-23,4.1010202054912277e-23,4.1010488199445745e-23,4.101068326825834e-23,4.101081624945236e-23,4.101090690463048e-23,4.101096870555939e-23,4.101101083613471e-23,4.101103955714905e-23,4.1011059136674647e-23,4.101107248431701e-23,4.10110815835956e-23,4.101108778670342e-23,4.101109201545077e-23,4.1011094898248213e-23,4.10110968634921e-23,4.101109820322668e-23,4.1011099116543075e-23,4.1011099739164006e-23,4.101110016361369e-23,4.1011100452967463e-23,4.1011100650223873e-23,4.1011100784696407e-23,4.1011100876368086e-23,4.101110093886215e-23,4.1011100981465345e-23,4.101110101050798e-23,4.1011101030307006e-23,4.101110104380359e-23,4.101110105300466e-23,4.1011101059277135e-23,4.1011101063552954e-23,4.101110106646782e-23,4.1011101068454907e-23,4.10111010698096e-23,4.101110107073336e-23,4.1011101071363456e-23,4.101110107179316e-23,4.1011101072086e-23,4.101110107228529e-23,4.1011101072421136e-23,4.1011101072513654e-23,4.101110107257676e-23,4.101110107261997e-23,4.10111010726491e-23,4.101110107266913e-23,4.1011101072682713e-23,4.101110107269189e-23,4.1011101072698335e-23,4.10111010727028e-23,4.10111010727058e-23,4.101110107270774e-23,4.101110107270872e-23,4.101110107270946e-23,4.101110107270958e-23,4.101110107270979e-23,4.101110107270958e-23,4.101110107270988e-23,4.101110107271009e-23,4.101110107271038e-23,4.10111010727108e-23,4.101110107271116e-23,4.101110107271108e-23,4.101110107271129e-23,4.1011101072711284e-23,4.101110107271114e-23,4.101110107271093e-23,4.1011101072710737e-23,4.101110107271074e-23,4.1011101072711e-23,4.1011101072711525e-23,4.1011101072711425e-23,4.101110107271129e-23,4.1011101072711154e-23,4.1011101072711436e-23,4.1011101072711566e-23,4.101110107271181e-23,4.1011101072711895e-23,4.101110107271202e-23,4.1011101072712177e-23,4.101110107271256e-23,4.1011101072712894e-23,4.101110107271334e-23,4.1011101072713617e-23,4.101110107271355e-23,4.101110107271365e-23,4.1011101072713734e-23,4.1011101072713946e-23,4.101110107271383e-23,4.1011101072713517e-23,4.1011101072713764e-23,4.1011101072713964e-23,4.101110107271375e-23,4.101110107271374e-23,4.1011101072713805e-23,4.101110107271386e-23,4.101110107271403e-23,4.10111010727137e-23,4.1011101072713505e-23,4.101110107271332e-23,4.101110107271369e-23,4.101110107271328e-23,4.1011101072713035e-23,4.101110107271309e-23,4.101110107271314e-23,4.101110107271358e-23,4.101110107271353e-23,4.1011101072713805e-23,4.1011101072713875e-23,4.1011101072713864e-23,4.1011101072713805e-23,4.101110107271401e-23,4.10111010727139e-23,4.101110107271401e-23,4.101110107271356e-23,4.101110107271316e-23,4.1011101072712436e-23,4.1011101072711983e-23,4.101110107271214e-23,4.101110107271208e-23,4.101110107271209e-23,4.101110107271188e-23,4.1011101072711495e-23,4.1011101072711595e-23,4.1011101072711624e-23,4.101110107271185e-23,4.101110107271207e-23,4.1011101072712136e-23,4.101110107271179e-23,4.101110107271158e-23,4.1011101072711436e-23,4.101110107271165e-23,4.101110107271197e-23,4.101110107271215e-23,4.1011101072711965e-23,4.1011101072711666e-23,4.1011101072711666e-23,4.1011101072711237e-23,4.101110107271146e-23,4.101110107271176e-23,4.1011101072711936e-23,4.1011101072711624e-23,4.101110107271165e-23,4.1011101072711736e-23,4.101110107271177e-23,4.1011101072711965e-23,4.101110107271236e-23,4.1011101072712206e-23,4.101110107271214e-23,4.1011101072712136e-23,4.10111010727123e-23,4.101110107271226e-23,4.101110107271212e-23,4.101110107271205e-23,4.101110107271215e-23,4.101110107271221e-23,4.1011101072712195e-23,4.101110107271176e-23,4.101110107271171e-23,4.1011101072711924e-23,4.101110107271184e-23,4.10111010727119e-23,4.1011101072711995e-23,4.1011101072711965e-23,4.101110107271193e-23,4.101110107271167e-23,4.101110107271148e-23,4.1011101072711325e-23,4.10111010727114e-23,4.101110107271156e-23,4.101110107271132e-23,4.1011101072711037e-23,4.1011101072710813e-23,4.101110107271063e-23,4.10111010727104e-23,4.101110107271034e-23,4.1011101072710425e-23,4.101110107271039e-23,4.1011101072710255e-23,4.1011101072710467e-23,4.101110107271109e-23,4.1011101072711495e-23,4.101110107271188e-23,4.1011101072711624e-23,4.1011101072711383e-23,4.1011101072711213e-23,4.1011101072710954e-23,4.1011101072710555e-23,4.1011101072710314e-23,4.101110107271008e-23,4.101110107271022e-23,4.101110107271033e-23,4.1011101072710314e-23,4.101110107271032e-23,4.101110107271039e-23,4.10111010727106e-23,4.101110107271084e-23,4.101110107271099e-23,4.1011101072711325e-23,4.101110107271141e-23,4.101110107271089e-23,4.1011101072710096e-23,4.1011101072709485e-23,4.101110107270883e-23,4.1011101072708404e-23,4.1011101072708515e-23,4.101110107270805e-23,4.101110107270779e-23,4.1011101072707404e-23,4.101110107270732e-23,4.101110107270713e-23,4.101110107270676e-23,4.101110107270615e-23,4.101110107270539e-23,4.1011101072704807e-23,4.1011101072704395e-23,4.1011101072704383e-23,4.101110107270444e-23,4.101110107270403e-23,4.101110107270364e-23,4.101110107270285e-23,4.10111010727022e-23,4.1011101072701474e-23,4.1011101072700986e-23,4.101110107270081e-23,4.1011101072700786e-23,4.1011101072700733e-23,4.101110107270063e-23,4.101110107270065e-23,4.101110107270052e-23,4.1011101072700475e-23,4.101110107270035e-23,4.1011101072699975e-23,4.1011101072699593e-23,4.101110107269961e-23,4.101110107269944e-23,4.1011101072699264e-23,4.101110107269938e-23,4.1011101072699317e-23,4.1011101072698964e-23,4.1011101072698847e-23,4.101110107269905e-23,4.1011101072699335e-23,4.101110107269983e-23,4.1011101072699276e-23,4.101110107269905e-23,4.1011101072698964e-23,4.101110107269867e-23,4.101110107269862e-23,4.101110107269875e-23,4.101110107269908e-23,4.1011101072699176e-23,4.101110107269905e-23,4.1011101072698994e-23,4.1011101072698847e-23,4.101110107269887e-23,4.101110107269907e-23,4.1011101072699176e-23,4.101110107269877e-23,4.101110107269887e-23,4.101110107269908e-23,4.101110107269918e-23,4.101110107269905e-23,4.1011101072699e-23,4.101110107269862e-23,4.101110107269876e-23,4.1011101072698735e-23,4.101110107269863e-23,4.101110107269874e-23,4.1011101072698665e-23,4.1011101072698847e-23,4.101110107269883e-23,4.101110107269863e-23,4.1011101072698723e-23,4.101110107269858e-23,4.101110107269905e-23,4.101110107269895e-23,4.101110107269918e-23,4.1011101072699005e-23,4.1011101072698906e-23,4.101110107269874e-23,4.101110107269862e-23,4.1011101072698506e-23,4.1011101072698647e-23,4.1011101072698794e-23,4.1011101072698694e-23,4.101110107269888e-23,4.1011101072698647e-23,4.101110107269875e-23,4.101110107269842e-23,4.101110107269856e-23,4.1011101072698723e-23,4.1011101072698647e-23,4.1011101072698635e-23,4.101110107269876e-23,4.101110107269921e-23,4.101110107269897e-23,4.101110107269895e-23,4.1011101072698906e-23,4.101110107269908e-23,4.101110107269908e-23,4.101110107269904e-23,4.1011101072699123e-23,4.101110107269909e-23,4.101110107269886e-23,4.101110107269904e-23,4.101110107269909e-23,4.1011101072698994e-23,4.1011101072698935e-23,4.1011101072699364e-23,4.1011101072699493e-23,4.1011101072699264e-23,4.1011101072699564e-23,4.1011101072699593e-23,4.1011101072699717e-23,4.1011101072699493e-23,4.101110107269924e-23,4.1011101072699305e-23,4.101110107269909e-23,4.101110107269906e-23,4.101110107269921e-23,4.1011101072699123e-23,4.101110107269921e-23,4.101110107269912e-23,4.1011101072698994e-23,4.101110107269887e-23,4.1011101072698723e-23,4.101110107269882e-23,4.10111010726986e-23,4.101110107269867e-23,4.101110107269845e-23,4.101110107269874e-23,4.1011101072698994e-23,4.101110107269892e-23,4.1011101072698906e-23,4.101110107269909e-23,4.1011101072699123e-23,4.1011101072699094e-23,4.1011101072699105e-23,4.1011101072698964e-23,4.101110107269921e-23,4.101110107269963e-23,4.101110107270021e-23,4.10111010727003e-23,4.101110107270071e-23,4.1011101072700957e-23,4.101110107270082e-23,4.1011101072700686e-23,4.1011101072700775e-23,4.101110107270054e-23,4.101110107270053e-23,4.1011101072700757e-23,4.10111010727006e-23,4.101110107270071e-23,4.1011101072700733e-23,4.101110107270061e-23,4.1011101072700587e-23,4.1011101072700587e-23,4.1011101072700786e-23,4.101110107270068e-23,4.1011101072700316e-23,4.1011101072700175e-23,4.10111010726999e-23,4.101110107270012e-23,4.101110107269995e-23,4.1011101072700016e-23,4.101110107269981e-23,4.1011101072699576e-23,4.1011101072699317e-23,4.1011101072699205e-23,4.1011101072699176e-23,4.101110107269921e-23,4.101110107269914e-23,4.10111010726993e-23,4.1011101072699405e-23,4.101110107269921e-23,4.101110107269897e-23,4.1011101072698694e-23,4.101110107269867e-23,4.1011101072698894e-23,4.101110107269868e-23,4.1011101072698906e-23,4.1011101072698806e-23,4.101110107269886e-23,4.101110107269916e-23,4.101110107269897e-23,4.101110107269888e-23,4.101110107269904e-23,4.101110107269915e-23,4.1011101072699246e-23,4.1011101072699317e-23,4.101110107269909e-23,4.1011101072698906e-23,4.101110107269877e-23,4.1011101072698794e-23,4.101110107269897e-23,4.101110107269874e-23,4.101110107269893e-23,4.10111010726986e-23,4.1011101072698823e-23,4.1011101072698906e-23,4.1011101072698723e-23,4.101110107269882e-23,4.101110107269842e-23,4.101110107269842e-23,4.1011101072698706e-23,4.101110107269875e-23,4.101110107269887e-23,4.1011101072699e-23,4.1011101072698906e-23,4.1011101072698847e-23,4.101110107269895e-23,4.1011101072699e-23,4.101110107269887e-23,4.101110107269874e-23,4.101110107269878e-23,4.101110107269883e-23,4.1011101072698935e-23,4.101110107269909e-23,4.101110107269921e-23,4.1011101072699194e-23,4.1011101072699264e-23,4.1011101072699105e-23,4.101110107269916e-23,4.1011101072698723e-23,4.101110107269837e-23,4.1011101072698424e-23,4.1011101072698506e-23,4.101110107269874e-23,4.101110107269874e-23,4.101110107269878e-23,4.101110107269898e-23,4.1011101072699246e-23,4.101110107269939e-23,4.101110107269943e-23,4.101110107269969e-23,4.1011101072699664e-23,4.101110107269943e-23,4.1011101072699405e-23,4.101110107269916e-23,4.101110107269895e-23,4.1011101072698794e-23,4.101110107269851e-23,4.101110107269877e-23,4.101110107269857e-23,4.1011101072698635e-23,4.101110107269872e-23,4.1011101072698706e-23,4.1011101072698947e-23,4.1011101072698894e-23,4.101110107269877e-23,4.1011101072698847e-23,4.101110107269878e-23,4.1011101072698706e-23,4.101110107269897e-23,4.101110107269904e-23,4.101110107269923e-23,4.10111010726993e-23,4.101110107269912e-23,4.101110107269904e-23,4.101110107269878e-23,4.101110107269863e-23,4.1011101072698606e-23,4.101110107269883e-23,4.1011101072698823e-23,4.101110107269883e-23,4.101110107269892e-23,4.101110107269857e-23,4.101110107269906e-23,4.101110107269886e-23,4.1011101072698735e-23,4.1011101072698647e-23,4.1011101072698906e-23,4.1011101072698806e-23,4.101110107269893e-23,4.101110107269915e-23,4.1011101072699417e-23,4.1011101072699576e-23,4.1011101072699476e-23,4.101110107269924e-23,4.101110107269945e-23,4.101110107269937e-23,4.101110107269905e-23,4.101110107269892e-23,4.101110107269903e-23,4.1011101072699364e-23,4.1011101072699317e-23,4.101110107269915e-23,4.1011101072698706e-23,4.1011101072698136e-23,4.101110107269767e-23,4.101110107269723e-23,4.1011101072697266e-23,4.10111010726973e-23,4.101110107269718e-23,4.10111010726969e-23,4.101110107269648e-23,4.1011101072696126e-23,4.101110107269593e-23,4.101110107269591e-23,4.101110107269607e-23,4.101110107269608e-23,4.1011101072695984e-23,4.101110107269573e-23,4.101110107269562e-23,4.1011101072695444e-23,4.101110107269526e-23,4.1011101072694997e-23,4.101110107269478e-23,4.101110107269496e-23,4.1011101072695126e-23,4.101110107269476e-23,4.1011101072694503e-23,4.101110107269441e-23,4.1011101072694627e-23,4.1011101072694474e-23,4.101110107269445e-23,4.101110107269441e-23,4.1011101072694744e-23,4.101110107269432e-23,4.101110107269409e-23,4.1011101072694074e-23,4.101110107269424e-23,4.101110107269413e-23,4.1011101072694304e-23,4.101110107269399e-23,4.101110107269423e-23,4.1011101072694304e-23,4.101110107269435e-23,4.10111010726945e-23,4.101110107269455e-23,4.1011101072694727e-23,4.101110107269472e-23,4.10111010726947e-23,4.1011101072694215e-23,4.1011101072694785e-23,4.101110107269438e-23,4.1011101072694356e-23,4.101110107269427e-23,4.1011101072694186e-23,4.1011101072694327e-23,4.1011101072694515e-23,4.101110107269478e-23,4.101110107269521e-23,4.101110107269536e-23,4.1011101072695085e-23,4.101110107269465e-23,4.10111010726946e-23,4.101110107269445e-23,4.101110107269454e-23,4.101110107269436e-23,4.101110107269425e-23,4.10111010726944e-23,4.101110107269445e-23,4.101110107269496e-23,4.1011101072695056e-23,4.101110107269511e-23,4.101110107269485e-23,4.101110107269496e-23,4.101110107269469e-23,4.101110107269478e-23,4.1011101072694615e-23,4.101110107269444e-23,4.1011101072694527e-23,4.1011101072694274e-23,4.101110107269414e-23,4.101110107269454e-23,4.1011101072694656e-23,4.1011101072694744e-23,4.1011101072694656e-23,4.101110107269456e-23,4.1011101072694785e-23,4.1011101072694674e-23,4.101110107269453e-23,4.101110107269466e-23,4.101110107269466e-23,4.10111010726944e-23,4.1011101072694004e-23,4.101110107269373e-23,4.1011101072693416e-23,4.101110107269318e-23,4.1011101072692946e-23,4.101110107269273e-23,4.1011101072692834e-23,4.101110107269296e-23,4.101110107269285e-23,4.101110107269278e-23,4.10111010726931e-23,4.1011101072693816e-23,4.10111010726942e-23,4.1011101072693957e-23,4.101110107269413e-23,4.101110107269441e-23,4.101110107269492e-23,4.101110107269536e-23,4.101110107269541e-23,4.101110107269522e-23,4.101110107269511e-23,4.1011101072695085e-23,4.101110107269521e-23,4.101110107269533e-23,4.1011101072695097e-23,4.1011101072694586e-23,4.101110107269453e-23,4.101110107269455e-23,4.101110107269423e-23,4.1011101072693886e-23,4.101110107269383e-23,4.1011101072694016e-23,4.101110107269426e-23,4.101110107269416e-23,4.101110107269392e-23,4.101110107269413e-23,4.101110107269413e-23,4.101110107269446e-23,4.1011101072694445e-23,4.101110107269457e-23,4.101110107269439e-23,4.101110107269485e-23,4.101110107269496e-23,4.1011101072694997e-23,4.101110107269495e-23,4.1011101072694874e-23,4.1011101072695097e-23,4.101110107269496e-23,4.101110107269499e-23,4.101110107269492e-23,4.1011101072694903e-23,4.1011101072694586e-23,4.101110107269457e-23,4.101110107269453e-23,4.1011101072694586e-23,4.10111010726944e-23,4.101110107269438e-23,4.101110107269432e-23,4.101110107269397e-23,4.1011101072693504e-23,4.1011101072692846e-23,4.1011101072692646e-23,4.1011101072692546e-23,4.10111010726925e-23,4.101110107269241e-23,4.101110107269225e-23,4.101110107269252e-23,4.101110107269273e-23,4.10111010726928e-23,4.101110107269278e-23,4.101110107269292e-23,4.101110107269281e-23,4.1011101072693134e-23,4.101110107269358e-23,4.101110107269384e-23,4.101110107269394e-23,4.1011101072694286e-23,4.10111010726942e-23,4.101110107269414e-23,4.1011101072694486e-23,4.10111010726947e-23,4.10111010726946e-23,4.101110107269435e-23,4.101110107269427e-23,4.101110107269423e-23,4.101110107269462e-23,4.101110107269445e-23,4.101110107269435e-23,4.1011101072694603e-23,4.101110107269496e-23,4.101110107269502e-23,4.101110107269515e-23,4.101110107269521e-23,4.1011101072695673e-23,4.101110107269555e-23,4.101110107269542e-23,4.1011101072695685e-23,4.101110107269591e-23,4.1011101072696e-23,4.1011101072695867e-23,4.1011101072695696e-23,4.1011101072695673e-23,4.101110107269556e-23,4.101110107269548e-23,4.101110107269572e-23,4.101110107269583e-23,4.101110107269649e-23,4.101110107269678e-23,4.1011101072696725e-23,4.1011101072696666e-23,4.101110107269689e-23,4.1011101072697125e-23,4.101110107269731e-23,4.101110107269739e-23,4.1011101072697236e-23,4.1011101072697354e-23,4.101110107269704e-23,4.1011101072697166e-23,4.101110107269725e-23,4.101110107269731e-23,4.101110107269745e-23,4.1011101072697025e-23,4.101110107269684e-23,4.1011101072697113e-23,4.1011101072697583e-23,4.10111010726976e-23,4.101110107269723e-23,4.101110107269689e-23,4.101110107269644e-23,4.1011101072696155e-23,4.101110107269542e-23,4.1011101072694515e-23,4.101110107269392e-23,4.1011101072693904e-23,4.10111010726941e-23,4.10111010726946e-23,4.101110107269453e-23,4.101110107269465e-23,4.1011101072694727e-23,4.1011101072694785e-23,4.10111010726945e-23,4.101110107269456e-23,4.10111010726946e-23,4.1011101072694327e-23,4.101110107269429e-23,4.1011101072694115e-23,4.1011101072694315e-23,4.101110107269427e-23,4.1011101072694527e-23,4.1011101072694356e-23,4.101110107269424e-23,4.1011101072694574e-23,4.1011101072694415e-23,4.101110107269466e-23,4.101110107269456e-23,4.101110107269445e-23,4.101110107269444e-23,4.1011101072694445e-23,4.101110107269438e-23,4.101110107269435e-23,4.1011101072694574e-23,4.1011101072694274e-23,4.101110107269411e-23,4.1011101072693745e-23,4.101110107269339e-23,4.101110107269338e-23,4.1011101072694057e-23,4.1011101072694656e-23,4.101110107269469e-23,4.101110107269515e-23,4.101110107269523e-23,4.1011101072695373e-23,4.1011101072695696e-23,4.1011101072695755e-23,4.1011101072695685e-23,4.101110107269588e-23,4.1011101072696155e-23,4.101110107269622e-23,4.1011101072696255e-23,4.10111010726963e-23,4.1011101072696343e-23,4.1011101072696654e-23,4.101110107269643e-23,4.101110107269649e-23,4.101110107269634e-23,4.101110107269622e-23,4.101110107269625e-23,4.10111010726962e-23,4.1011101072695796e-23,4.101110107269513e-23,4.1011101072695085e-23,4.1011101072694785e-23,4.1011101072694815e-23,4.1011101072694985e-23,4.1011101072694603e-23,4.1011101072694515e-23,4.101110107269448e-23,4.101110107269425e-23,4.101110107269423e-23,4.1011101072694315e-23,4.10111010726945e-23,4.1011101072694515e-23,4.1011101072694586e-23,4.101110107269475e-23,4.101110107269492e-23,4.1011101072695044e-23,4.1011101072694874e-23,4.1011101072695073e-23,4.101110107269466e-23,4.1011101072694603e-23,4.101110107269444e-23,4.101110107269441e-23,4.101110107269446e-23,4.1011101072694374e-23,4.1011101072694115e-23,4.101110107269378e-23,4.101110107269376e-23,4.101110107269356e-23,4.101110107269385e-23,4.1011101072694215e-23,4.101110107269436e-23,4.1011101072694356e-23,4.1011101072694486e-23,4.1011101072694815e-23,4.1011101072695273e-23,4.1011101072695397e-23,4.101110107269532e-23,4.101110107269553e-23,4.10111010726959e-23,4.101110107269631e-23,4.1011101072696367e-23,4.1011101072696184e-23,4.1011101072696055e-23,4.101110107269599e-23,4.101110107269536e-23,4.1011101072695344e-23,4.1011101072695115e-23,4.1011101072694915e-23,4.1011101072694586e-23,4.1011101072694286e-23,4.101110107269377e-23,4.1011101072693675e-23,4.101110107269319e-23,4.1011101072693046e-23,4.101110107269308e-23,4.101110107269328e-23,4.101110107269338e-23,4.101110107269329e-23,4.1011101072693434e-23,4.1011101072693957e-23,4.101110107269453e-23,4.101110107269462e-23,4.1011101072695085e-23,4.101110107269532e-23,4.101110107269526e-23,4.101110107269531e-23,4.1011101072695485e-23,4.1011101072695473e-23,4.1011101072695444e-23,4.1011101072695285e-23,4.1011101072695344e-23,4.1011101072695297e-23,4.101110107269494e-23,4.101110107269457e-23,4.101110107269453e-23,4.1011101072694374e-23,4.1011101072694486e-23,4.1011101072694603e-23,4.1011101072694515e-23,4.1011101072694327e-23,4.1011101072694374e-23,4.101110107269475e-23,4.1011101072694486e-23,4.1011101072693757e-23,4.101110107269357e-23,4.101110107269358e-23,4.1011101072693916e-23,4.1011101072694603e-23,4.10111010726945e-23,4.101110107269439e-23,4.1011101072694415e-23,4.1011101072694445e-23,4.101110107269462e-23,4.101110107269472e-23,4.1011101072694586e-23,4.101110107269496e-23,4.101110107269518e-23,4.101110107269494e-23,4.101110107269455e-23,4.101110107269389e-23,4.1011101072693675e-23,4.101110107269332e-23,4.101110107269306e-23,4.1011101072692593e-23,4.101110107269225e-23,4.101110107269217e-23,4.101110107269218e-23,4.1011101072692534e-23,4.1011101072692734e-23,4.1011101072692764e-23,4.101110107269282e-23,4.101110107269311e-23,4.1011101072693716e-23,4.1011101072694057e-23,4.1011101072694045e-23,4.1011101072694186e-23,4.1011101072694286e-23,4.1011101072694774e-23,4.1011101072695085e-23,4.1011101072695056e-23,4.1011101072695097e-23,4.101110107269539e-23,4.1011101072695673e-23,4.101110107269597e-23,4.101110107269597e-23,4.101110107269588e-23,4.1011101072695085e-23,4.101110107269513e-23,4.101110107269494e-23,4.101110107269474e-23,4.101110107269465e-23,4.101110107269453e-23,4.1011101072694474e-23,4.101110107269439e-23,4.101110107269456e-23,4.10111010726945e-23,4.1011101072694827e-23,4.1011101072694603e-23,4.1011101072694827e-23,4.101110107269454e-23,4.101110107269453e-23,4.101110107269501e-23,4.101110107269499e-23,4.10111010726948e-23,4.101110107269469e-23,4.1011101072694744e-23,4.101110107269439e-23,4.101110107269453e-23,4.101110107269432e-23,4.101110107269465e-23,4.1011101072694903e-23,4.1011101072695044e-23,4.101110107269527e-23,4.101110107269532e-23,4.101110107269502e-23,4.1011101072694885e-23,4.1011101072694774e-23,4.1011101072694785e-23,4.101110107269453e-23,4.10111010726946e-23,4.1011101072694815e-23,4.1011101072694686e-23,4.101110107269486e-23,4.1011101072694915e-23,4.101110107269493e-23,4.101110107269457e-23,4.101110107269478e-23,4.1011101072694985e-23,4.101110107269492e-23,4.1011101072694815e-23,4.1011101072694656e-23,4.1011101072694915e-23,4.1011101072694586e-23,4.1011101072694627e-23,4.1011101072694627e-23,4.10111010726946e-23,4.101110107269423e-23,4.1011101072694415e-23,4.1011101072694286e-23,4.101110107269435e-23,4.1011101072694215e-23,4.1011101072694486e-23,4.1011101072694474e-23,4.1011101072694356e-23,4.10111010726941e-23,4.101110107269409e-23,4.101110107269445e-23,4.1011101072694603e-23,4.1011101072695085e-23,4.101110107269527e-23,4.1011101072695485e-23,4.1011101072695273e-23,4.1011101072695173e-23,4.101110107269496e-23,4.101110107269483e-23,4.1011101072694727e-23,4.1011101072694674e-23,4.101110107269478e-23,4.101110107269476e-23,4.1011101072694486e-23,4.1011101072694527e-23,4.10111010726945e-23,4.101110107269453e-23,4.10111010726949e-23,4.101110107269511e-23,4.101110107269504e-23,4.1011101072695026e-23,4.723724873599203e-22,7.655186315353231e-22,9.647420146456938e-22,1.1001431432369884e-21,1.1921779279010768e-21,1.254748194376392e-21,1.297301890741811e-21,1.326260156551067e-21,1.3459871173308593e-21,1.3594494932246003e-21,1.3686639002257455e-21,1.3750013063417756e-21,1.379394386274509e-21,1.3824774918309281e-21,1.3846822511277863e-21,1.3863029431150506e-21,1.3875401963056341e-21,1.3885309937400269e-21,1.3893689883510862e-21,1.3901187763130837e-21,1.3908248493602963e-21,1.3915179654528373e-21,1.392219984325062e-21,1.3929464049803068e-21,1.3937082951633984e-21,1.3945140837945749e-21,1.3953699802113423e-21,1.3962810571573525e-21,1.3972514551773604e-21,1.3982846252712739e-21,1.3993834503204569e-21,1.4005508955634807e-21,1.401789402102771e-21,1.4031015324299334e-21,1.4044895057820486e-21,1.4059557321694444e-21,1.4075023246041386e-21,1.4091315683739216e-21,1.4108457035239408e-21,1.41264678119822e-21,1.4145370419750759e-21,1.4165186935107801e-21,1.4185937627881084e-21,1.4207645264892592e-21,1.423033002639344e-21,1.4254014528796362e-21,1.4278719085643578e-21,1.4304466218544575e-21,1.4331277067739224e-21,1.435917130352385e-21,1.4388172197392314e-21,1.441829979035149e-21,1.4449576067769802e-21,1.4482022790027956e-21,1.4515660967597205e-21,1.4550510185035769e-21,1.4586593620888305e-21,1.462393121088448e-21,1.4662545375659315e-21,1.4702456021123744e-21,1.4743685558829992e-21,1.478625489598771e-21,1.483018346893879e-21,1.4875494367287409e-21,1.4922208446089066e-21,1.497034506420372e-21,1.5019927264434088e-21,1.5070975834825021e-21,1.5123510097033515e-21,1.517755303527464e-21,1.5233125386009994e-21,1.5290246445892292e-21,1.5348938603778144e-21,1.540922326997326e-21,1.5471121155405192e-21,1.5534651490723826e-21,1.559983714401756e-21,1.5666698762352518e-21,1.5735255528411323e-21,1.5805530253158166e-21,1.5877543533655311e-21,1.5951314493341904e-21,1.602686590641267e-21,1.6104217273526696e-21,1.6183390611024785e-21,1.6264405419594843e-21,1.6347283164786157e-21,1.643204454332277e-21,1.6518710767703679e-21,1.6607302345855454e-21,1.6697838338735665e-21,1.6790341318522534e-21,1.6884831750734728e-21,1.6981328589365446e-21,1.7079854414571348e-21,1.718042856424782e-21,1.7283072865903364e-21,1.7387806630412535e-21,1.7494651670728403e-21,1.760362831552537e-21,1.771475541852435e-21,1.782805493495268e-21,1.7943547856169742e-21,1.806125340921099e-21,1.818119330667042e-21,1.830338778891604e-21,1.842785715639233e-21,1.855461974329886e-21,1.8683698593096027e-21,1.8815113830379245e-21,1.8948885650731832e-21,1.9085032320430943e-21,1.9223576797143337e-21,1.9364539131138662e-21,1.9507937940089507e-21,1.965379544937155e-21,1.9802130678014213e-21,1.9952965099886048e-21,2.010631773744294e-21,2.026221004862054e-21,2.0420661032575043e-21,2.058169212136609e-21,2.07453222976917e-21,2.0911572965886243e-21,2.1080464080445047e-21,2.125201417035236e-21,2.142624530942064e-21,2.1603176354382078e-21,2.178282812646561e-21,2.196522120332621e-21,2.2150374429756853e-21,2.2338308592553463e-21,2.2529044248854566e-21,2.2722600228693156e-21,2.291899772872354e-21,2.311825558221681e-21,2.3320394496679964e-21,2.3525434944214553e-21,2.373339667997568e-21,2.394429801422558e-21,2.415816030778189e-21,2.437500394766745e-21,2.4594847603623906e-21,2.4817712399986034e-21,2.504361798504823e-21,2.5272582584791376e-21,2.5504627978824146e-21,2.573977375845422e-21,2.5978038068561188e-21,2.6219442125978665e-21,2.6464006174991474e-21,2.6711749755177123e-21,2.696269097978248e-21,2.721685100180184e-21,2.747425000092085e-21,2.773490646905085e-21,2.7998841317367665e-21,2.8266074005321164e-21,2.8536622587265304e-21,2.8810508626875312e-21,2.908775051462328e-21,2.9368369075701036e-21,2.9652382714467934e-21,2.9939812219000124e-21,3.023067595876524e-21,3.052499420102694e-21,3.0822786465975614e-21,3.1124072782792997e-21,3.1428872468789155e-21,3.1737203439470856e-21,3.2049086585542022e-21,3.2364541851202128e-21,3.2683587482415768e-21,3.300624414135991e-21,3.3332530063210392e-21,3.366246587386201e-21,3.3996069775560306e-21,3.433336236712816e-21,3.467436182688436e-21,3.501908821731145e-21,3.536756135802076e-21,3.571980038458513e-21,3.607582304746317e-21,3.643565053293525e-21,3.679930189128297e-21,3.716679478634931e-21,3.753815037124422e-21,3.7913387656540434e-21,3.8292524234215824e-21,3.867558122993429e-21,3.906257759060212e-21,3.945353088367835e-21,3.98484621748951e-21,4.024739036675356e-21,4.065033299120782e-21,4.105731055193089e-21,4.146834210981831e-21,4.188344672835329e-21,4.2302643980035956e-21,4.27259517473077e-21,4.315339031328065e-21,4.358497752285132e-21,4.4020733643064655e-21,4.446067645742763e-21,4.490482619448819e-21,4.53532016510166e-21,4.580582020684068e-21,4.626270271107489e-21,4.672386688035276e-21,4.718933284016163e-21,4.765911831921866e-21,4.813324340028176e-21,4.861172580500137e-21,4.909458561342452e-21,4.958184045244947e-21,5.007351039398312e-21,5.056961306655884e-21,5.107016852402e-21,5.157519437196802e-21,5.208471057731723e-21,5.2598734766910216e-21,5.3117286878897445e-21,5.3640385482646986e-21,5.416804771093124e-21,5.470029413242376e-21,5.523714328335972e-21,5.577861225502209e-21,5.6324721580433116e-21,5.6875489679781335e-21,5.7430933625532705e-21,5.799107390191617e-21,5.855592890437195e-21,5.912551565017653e-21,5.969985458005481e-21,6.027896307478444e-21,6.086286085976811e-21,6.145156528885016e-21,6.204509563612869e-21,6.264347036445623e-21,6.324670797029464e-21,6.385482744030642e-21,6.446784610407906e-21,6.5085783658112e-21,6.570865833386557e-21,6.633648701940545e-21,6.696929002505722e-21,6.7607084561957775e-21,6.82498902193878e-21,6.889772515739845e-21,6.955060621159899e-21,7.020855357396349e-21,7.087158441322906e-21,7.15397181740328e-21,7.221297209424963e-21,7.289136560631228e-21,7.357491583953262e-21,7.426364222957565e-21,7.495756288961574e-21,7.565669447432076e-21,7.636105710370522e-21,7.707066873746648e-21,7.77855460312695e-21,7.85057090011173e-21,7.923117563249272e-21,7.996196394720551e-21,8.069809201109145e-21,8.143957560869467e-21,8.218643592055694e-21,8.293868983876933e-21,8.369635607354922e-21,8.445945265097e-21,8.522799770826936e-21,8.600200904875062e-21,8.6781504852056e-21,8.75665036485387e-21,8.835702325076224e-21,8.915308015305553e-21,8.995469419630043e-21,9.076188218454618e-21,9.157466276499945e-21,9.23930538557912e-21,9.321707338807155e-21,9.404673974854317e-21,9.488206976151958e-21,9.572308247619715e-21,9.6569794666666e-21,9.74222253515547e-21,9.828039127836734e-21,9.914431141393496e-21,1.0001400251356877e-20,1.0088948304911786e-20,1.0177077129462523e-20,1.0265788485501861e-20,1.0355084000417539e-20,1.0444965632887954e-20,1.053543504217545e-20,1.0626494117454409e-20,1.0718144607135442e-20,1.0810388137414354e-20,1.090322665569486e-20,1.0996661909415224e-20,1.1090695646409016e-20,1.1185329451912575e-20,1.1280565327178383e-20,1.1376405011039567e-20,1.1472850110435602e-20,1.1569902558251972e-20,1.1667564008245944e-20,1.1765836326453573e-20,1.1864721248113382e-20,1.1964220509944625e-20,1.20643356866698e-20,1.2165068766242193e-20,1.2266421383555143e-20,1.2368395398295774e-20,1.2470992446446565e-20,1.2574214381506224e-20,1.2678062952333055e-20,1.2782539727164327e-20,1.2887646643036858e-20,1.2993385416073065e-20,1.3099757632443458e-20,1.3206765218394852e-20,1.3314409885658117e-20,1.3422693216578982e-20,1.3531617133011892e-20,1.3641183340831502e-20,1.3751393422322064e-20,1.3862249290421438e-20,1.3973752651001206e-20,1.4085905083567917e-20,1.4198708493994318e-20,1.4312164493386463e-20,1.4426274920929272e-20,1.454104148426546e-20,1.4656465747877743e-20,1.477254961333853e-20,1.4889294691017085e-20,1.5006702808377728e-20,1.512477557501433e-20,1.5243514816356635e-20,1.5362922140437058e-20,1.548299936963566e-20,1.5603748111002157e-20,1.5725170184989798e-20,1.5847267194211124e-20,1.5970040959217024e-20,1.6093493077531788e-20,1.6217625362313183e-20,1.6342439421310855e-20,1.646793701634212e-20,1.6594119898720096e-20,1.6720989656373274e-20,1.6848548057868868e-20,1.6976796845926555e-20,1.7105737613009837e-20,1.7235372120478184e-20,1.7365702106286132e-20,1.7496729160627484e-20,1.7628455039981048e-20,1.7760881480085067e-20,1.7894010065166796e-20,1.802784259371874e-20,1.81623807402142e-20,1.82976260424567e-20,1.8433580313905963e-20,1.85702452806097e-20,1.8707622606438218e-20,1.884571395750931e-20,1.8984520841170174e-20,1.912404516060117e-20,1.926428848314025e-20,1.9405252591268875e-20,1.9546939132905802e-20,1.968934964788382e-20,1.9832485973613668e-20,1.9976349760234966e-20,2.0120942534702893e-20,2.026626608902302e-20,2.04123220862324e-20,2.05591122351535e-20,2.0706638182512172e-20,2.0854901452215623e-20,2.1003903874937995e-20,2.115364709205921e-20,2.130413262203425e-20,2.1455362289063948e-20,2.1607337732878214e-20,2.1760060468099454e-20,2.1913532271086244e-20,2.2067754791360166e-20,2.2222729679010035e-20,2.2378458583984094e-20,2.2534943156278665e-20,2.2692185044725544e-20,2.285018589747171e-20,2.3008947361742344e-20,2.3168471083668354e-20,2.3328758708347384e-20,2.3489811924819632e-20,2.3651632271482827e-20,2.3814221498738046e-20,2.39775812267442e-20,2.4141712958624587e-20,2.430661849621552e-20,2.447229936996146e-20,2.4638757318690207e-20,2.4805993871764274e-20,2.4974010765770917e-20,2.5142809528773713e-20,2.5312391894567916e-20,2.5482759388774755e-20,2.5653913749769777e-20,2.5825856487714272e-20,2.5998589336921143e-20,2.6172113888593696e-20,2.6346431787599998e-20,2.65215444673471e-20,2.6697453764489585e-20,2.687416127832874e-20,2.705166848417472e-20,2.7229977162568454e-20,2.740908890296042e-20,2.7589005308315084e-20,2.7769727818346856e-20,2.7951258258684916e-20,2.8133598219989747e-20,2.8316749296562534e-20,2.8500712925727426e-20,2.8685490924168066e-20,2.8871084795984866e-20,2.905749624156779e-20,2.924472676132818e-20,2.9432778053497245e-20,2.9621651625482564e-20,2.9811349170996176e-20,3.0001872193582945e-20,3.019322238876511e-20,3.0385401253213004e-20,3.05784104820612e-20,3.077225157070403e-20,3.096692621169073e-20,3.1162435991473837e-20,3.1358782344962154e-20,3.155596702857087e-20,3.1753991612572773e-20,3.1952857671704586e-20,3.21525666263204e-20,3.23531202811743e-20,3.25545201854697e-20,3.2756767893718264e-20,3.2959864833804665e-20,3.3163812790749666e-20,3.3368613321927934e-20,3.3574267871476836e-20,3.3780778165620885e-20,3.398814568118554e-20,3.4196372086067186e-20,3.440545885542144e-20,3.4615407666574547e-20,3.482622006239272e-20,3.5037897593101486e-20,3.525044167214698e-20,3.546385407376018e-20,3.5678136259335586e-20,3.589328988809065e-20,3.610931641956705e-20,3.632621752506215e-20,3.6543994665697746e-20,3.6762649491800134e-20,3.6982183470653064e-20,3.720259824793631e-20,3.742389529675456e-20,3.764607624491287e-20,3.786914266197562e-20,3.809309596237981e-20,3.8317937842410376e-20,3.8543669761964e-20,3.877029336444211e-20,3.899781017689345e-20,3.922622162135883e-20,3.945552939358372e-20,3.9685734998002136e-20,3.991683989503139e-20,4.0148845713475655e-20,4.038175403017108e-20,4.061556635915246e-20,4.08502841323784e-20,4.108590898665552e-20,4.13224424549457e-20,4.155988611821357e-20,4.17982414753364e-20,4.203750995113161e-20,4.2277693181762985e-20,4.251879269514744e-20,4.276081001891095e-20,4.3003746680602216e-20,4.324760424282003e-20,4.349238422086431e-20,4.3738088022131054e-20,4.3984717274549164e-20,4.42322735438988e-20,4.448075824701227e-20,4.473017300526223e-20,4.498051924411866e-20,4.523179857512947e-20,4.548401250522029e-20,4.57371624211531e-20,4.5991249947076026e-20,4.624627663232277e-20,4.650224389880024e-20,4.6759153348084895e-20,4.701700640145554e-20,4.727580466039412e-20,4.753554961306637e-20,4.77962426537124e-20,4.8057885389259785e-20,4.832047935616281e-20,4.858402604670086e-20,4.884852684460997e-20,4.911398339086158e-20,4.938039709539491e-20,4.9647769543937875e-20,4.991610215054144e-20,5.018539649539966e-20,5.045565406104506e-20,5.072687622948351e-20,5.0999064629304e-20,5.127222066412129e-20,5.1546345916332717e-20,5.182144186004436e-20,5.2097509858179944e-20,5.237455152764286e-20,5.265256829774632e-20,5.293156172626095e-20,5.3211533274269655e-20,5.3492484324381955e-20,5.377441648742294e-20,5.405733115837292e-20,5.434122990438927e-20,5.462611411520451e-20,5.491198532002901e-20,5.519884505339337e-20,5.548669473371626e-20,5.577553574069332e-20,5.6065369702853e-20,5.635619803900587e-20,5.66480221326716e-20,5.694084354595294e-20,5.723466374548015e-20,5.752948419729354e-20,5.782530640211667e-20,5.812213181285643e-20,5.841996178518849e-20,5.871879791314133e-20,5.901864157790895e-20,5.931949428790048e-20,5.962135752765422e-20,5.992423275662144e-20,6.022812132345635e-20,6.053302481220547e-20,6.083894459408945e-20,6.114588219852496e-20,6.145383907299091e-20,6.176281657127546e-20,6.207281623049132e-20,6.238383953171336e-20,6.269588791090306e-20,6.300896271008732e-20,6.332306550263932e-20,6.363819765443092e-20,6.395436065661419e-20,6.427155595128756e-20,6.458978498041006e-20,6.490904918548454e-20,6.522935006247341e-20,6.555068893071449e-20,6.587306732779836e-20,6.619648662156932e-20,6.652094832502746e-20,6.684645379599917e-20,6.717300455480451e-20,6.75006019449556e-20,6.782924748367297e-20,6.815894252633447e-20,6.848968858647047e-20,6.882148706854664e-20,6.915433930562509e-20,6.94882468452613e-20,6.982321111705283e-20,7.015923340883183e-20,7.049631528627784e-20,7.083445815422426e-20,7.117366332532635e-20,7.151393234684416e-20,7.185526655804604e-20,7.219766745745649e-20,7.254113643524071e-20,7.288567490953698e-20,7.323128417691244e-20,7.357796583267788e-20,7.392572115437183e-20,7.427455165053137e-20,7.462445872885968e-20,7.49754436958021e-20,7.532750804499652e-20,7.568065322209759e-20,7.603488054078237e-20,7.639019152093472e-20,7.674658749617585e-20,7.710406979922353e-20,7.746263995992674e-20,7.782229928695859e-20,7.818304928847319e-20,7.854489130356879e-20,7.89078266544236e-20,7.927185684886252e-20,7.963698322219564e-20,8.000320720534376e-20,8.037053021043541e-20,8.073895358123849e-20,8.110847874161511e-20,8.147910710881209e-20,8.18508400092163e-20,8.222367887126184e-20,8.259762508230375e-20,8.297268002913567e-20,8.334884512936304e-20,8.372612178515946e-20,8.410451127958352e-20,8.448401497845607e-20,8.486463433917738e-20,8.524637074529567e-20,8.562922556605534e-20,8.601320029489035e-20,8.639829613226788e-20,8.678451448693998e-20,8.717185677000998e-20,8.756032439151442e-20,8.79499186666936e-20,8.834064100783881e-20,8.873249281264882e-20,8.912547538329453e-20,8.951959019878049e-20,8.991483853196878e-20,9.031122170604522e-20,9.070874118876409e-20,9.110739828317632e-20,9.150719438959718e-20,9.190813089310637e-20,9.231020910016671e-20,9.271343042524298e-20,9.311779621096909e-20,9.352330777154545e-20,9.392996655445442e-20,9.433777382856292e-20,9.474673101488332e-20,9.51568394271791e-20,9.556810044630482e-20,9.59805154510109e-20,9.639408573096501e-20,9.680881267506762e-20,9.722469766558207e-20,9.76417419777883e-20,9.805994700363572e-20,9.847931412229299e-20,9.889984460654763e-20,9.932153988395896e-20,9.97444012837078e-20,1.0016843004006124e-19,1.0059362761231563e-19,1.0101999528039907e-19,1.0144753444572744e-19,1.0187624643629752e-19,1.0230613251017629e-19,1.0273719409967906e-19,1.0316943248061331e-19,1.036028490486665e-19,1.0403744512551728e-19,1.044732219670858e-19,1.0491018101207077e-19,1.0534832356659643e-19,1.0578765095373396e-19,1.0622816439237006e-19,1.0666986534490576e-19,1.0711275512763135e-19,1.0755683505867076e-19,1.080021063693981e-19,1.084485704954091e-19,1.0889622875372685e-19,1.093450824463984e-19,1.097951328309429e-19,1.1024638133260385e-19,1.1069882925225355e-19,1.1115247790051536e-19,1.1160732849562922e-19,1.1206338248973154e-19,1.1252064115595047e-19,1.1297910575172846e-19,1.1343877773538566e-19,1.138996582909868e-19,1.1436174870691882e-19,1.1482505036066254e-19,1.1528956455352373e-19,1.1575529260947333e-19,1.162222358527067e-19,1.1669039550985256e-19,1.1715977296831156e-19,1.176303695181918e-19,1.1810218639923817e-19,1.1857522498872782e-19,1.1904948656123148e-19,1.195249723966023e-19,1.2000168376172704e-19,1.204796221064319e-19,1.209587885996946e-19,1.2143918456417975e-19,1.2192081130803568e-19,1.2240367019878626e-19,1.2288776233154478e-19,1.2337308919537662e-19,1.2385965200264474e-19,1.2434745201006368e-19,1.248364906032208e-19,1.2532676901567971e-19,1.2581828854094888e-19,1.2631105049376033e-19,1.268050561299872e-19,1.2730030676471282e-19,1.2779680368141638e-19,1.282945481544738e-19,1.287935413929241e-19,1.2929378476228645e-19,1.2979527951463843e-19,1.3029802695948115e-19,1.3080202833947162e-19,1.3130728496919315e-19,1.3181379818632475e-19,1.323215691243904e-19,1.3283059906394982e-19,1.3334088936477471e-19,1.3385244129865052e-19,1.3436525610285221e-19,1.3487933500438671e-19,1.353946794026163e-19,1.359112904257168e-19,1.364291694273729e-19,1.3694831764001816e-19,1.3746873636764323e-19,1.3799042683385458e-19,1.385133903472543e-19,1.390376281250223e-19,1.3956314145687137e-19,1.4008993159728112e-19,1.4061799982583664e-19,1.4114734737293195e-19,1.4167797552345773e-19,1.4220988551414997e-19,1.4274307861549206e-19,1.4327755609630565e-19,1.4381331921501435e-19,1.443503691659722e-19,1.4488870721971448e-19,1.4542833468124658e-19,1.459692527893568e-19,1.4651146276760884e-19,1.4705496592079078e-19,1.4759976344684503e-19,1.4814585656313776e-19,1.486932465666147e-19,1.4924193466440287e-19,1.49791922145404e-19,1.5034321025860836e-19,1.5089580022803068e-19,1.5144969327250393e-19,1.5200489067277653e-19,1.5256139363966954e-19,1.531192034540435e-19,1.5367832129893135e-19,1.5423874845466773e-19,1.5480048615716812e-19,1.5536353559158364e-19,1.5592789805331566e-19,1.5649357472984587e-19,1.5706056690113314e-19,1.5762887575016822e-19,1.5819850253648947e-19,1.5876944848177377e-19,1.5934171483543262e-19,1.5991530281543123e-19,1.6049021361724859e-19,1.610664484965718e-19,1.6164400872129564e-19,1.6222289542239135e-19,1.6280310987974836e-19,1.6338465330568701e-19,1.6396752692888226e-19,1.645517319856863e-19,1.651372696830645e-19,1.6572414123805516e-19,1.6631234782722335e-19,1.669018907309213e-19,1.674927711425668e-19,1.680849902552067e-19,1.6867854936054634e-19,1.6927344962730083e-19,1.6986969219340234e-19,1.704672783358807e-19,1.7106620927504976e-19,1.7166648609315794e-19,1.722681102202153e-19,1.7287108278140167e-19,1.734754049517117e-19,1.740810778434018e-19,1.7468810290082081e-19,1.7529648117232514e-19,1.7590621390087975e-19,1.765173022641441e-19,1.771297474877774e-19,1.7774355077005895e-19,1.7835871327697838e-19,1.789752362243119e-19,1.7959312084865454e-19,1.8021236829466361e-19,1.8083297981522097e-19,1.8145495654156464e-19,1.820782997320879e-19,1.8270301051667877e-19,1.8332909015006667e-19,1.8395653976219217e-19,1.8458536061567253e-19,1.852155538166144e-19,1.8584712056911519e-19,1.86480062162717e-19,1.871143796759742e-19,1.877500743694848e-19,1.8838714736893008e-19,1.8902559987419505e-19,1.8966543302678127e-19,1.9030664812035517e-19,1.909492462741472e-19,1.915932286772477e-19,1.9223859650939545e-19,1.9288535095637242e-19,1.9353349316755532e-19,1.941830243540696e-19,1.9483394565016812e-19,1.9548625833533639e-19,1.9613996347139517e-19,1.9679506228161595e-19,1.9745155592627859e-19,1.981094457172092e-19,1.987687325602765e-19,1.9942941775483056e-19,2.0009150247916508e-19,2.0075498789935639e-19,2.0141987538550082e-19,2.0208616569640496e-19,2.0275386020451472e-19,2.034229600754043e-19,2.0409346647860245e-19,2.047653805672681e-19,2.0543870349574056e-19,2.0611343646180444e-19,2.067895805974562e-19,2.074671370773577e-19,2.081461070648839e-19,2.0882649169111308e-19,2.0950829214167748e-19,2.1019150956539387e-19,2.108761451025347e-19,2.1156219993446914e-19,2.1224967519021644e-19,2.1293857204636013e-19,2.1362889163401932e-19,2.1432063509209295e-19,2.1501380361820333e-19,2.1570839833407052e-19,2.1640442038523926e-19,2.171018709411973e-19,2.178007511207959e-19,2.185010621049507e-19,2.1920280501779137e-19,2.1990598100840476e-19,2.2061059121905403e-19,2.213166367922863e-19,2.2202411887835995e-19,2.227330386044617e-19,2.234433971127441e-19,2.241551955795122e-19,2.248684350868342e-19,2.255831166588737e-19,2.2629924171025916e-19,2.270168112288429e-19,2.27735826379806e-19,2.2845628827204755e-19,2.2917819803784246e-19,2.2990155681512014e-19,2.3062636574696697e-19,2.3135262595438688e-19,2.3208033856907176e-19,2.3280950470315454e-19,2.3354012552253408e-19,2.342722021285377e-19,2.3500573565204107e-19,2.3574072722907547e-19,2.3647717796027014e-19,2.372150890061945e-19,2.379544614595553e-19,2.386952965104634e-19,2.3943759518083705e-19,2.401813585434756e-19,2.409265879172447e-19,2.4167328430147516e-19,2.4242144882871334e-19,2.4317108263481497e-19,2.439221867995496e-19,2.446747624569531e-19,2.454288107597936e-19,2.461843327486959e-19,2.46941329557566e-19,2.476998023393663e-19,2.4845975217345583e-19,2.492211801184532e-19,2.4998408746187516e-19,2.50748475100903e-19,2.515143442810965e-19,2.522816960366462e-19,2.5305053153363e-19,2.538208518188023e-19,2.545926580228325e-19,2.5536595125131995e-19,2.56140732657976e-19,2.569170032672066e-19,2.5769476420727844e-19,2.5847401657933364e-19,2.592547615349226e-19,2.6003700007804076e-19,2.6082073355608833e-19,2.616059628660367e-19,2.623926889099574e-19,2.6318091303500926e-19,2.639706363201907e-19,2.6476185972260064e-19,2.655545844098998e-19,2.6634881158109856e-19,2.6714454233619865e-19,2.6794177759328285e-19,2.6874051851520633e-19,2.695407663681578e-19,2.703425218907224e-19,2.7114578637160685e-19,2.7195056078894355e-19,2.727568463877802e-19,2.7356464421116826e-19,2.7437395531557775e-19,2.7518478078824515e-19,2.7599712166592524e-19,2.7681097909849073e-19,2.7762635417257113e-19,2.7844324777534905e-19,2.792616613158774e-19,2.800815956888443e-19,2.809030519689182e-19,2.817260312513849e-19,2.82550534680943e-19,2.833765634471426e-19,2.842041184361013e-19,2.8503320051527726e-19,2.858638110378802e-19,2.866959509814631e-19,2.875296214316485e-19,2.883648234856367e-19,2.892015582577079e-19,2.9003982674671915e-19,2.9087963005170934e-19,2.917209691964899e-19,2.925638453098942e-19,2.9340825953478793e-19,2.942542126334143e-19,2.9510170596207323e-19,2.9595074051981387e-19,2.9680131728636233e-19,2.9765343739984376e-19,2.98507101751712e-19,2.993623116420853e-19,3.002190680901003e-19,3.010773720024604e-19,3.0193722463009055e-19,3.027986269072864e-19,3.0366157993679146e-19,3.045260847721497e-19,3.0539214243292305e-19,3.062597543219784e-19,3.071289208564131e-19,3.0799964324951483e-19,3.0887192273834885e-19,3.097457606068431e-19,3.1062115747765745e-19,3.1149811475521133e-19,3.1292538346841365e-19,3.141789015438133e-19,3.1531368852384143e-19,3.1636715451676975e-19,3.173645579664189e-19,3.183247684876729e-19,3.1925855131585886e-19,3.2017428199020713e-19,3.2107746673202875e-19,3.2197198968772078e-19,3.228603456461674e-19,3.2374429955114825e-19,3.246250056903773e-19,3.255033171261391e-19,3.263797147808119e-19,3.2725475982037237e-19,3.2812841348069825e-19,3.2900122227883283e-19,3.2987312028211384e-19,3.3074418984294414e-19,3.316144498264168e-19,3.3248390785385203e-19,3.3335276303374833e-19,3.3422094048854177e-19,3.350884289290889e-19,3.359551101570501e-19,3.3682114200621674e-19,3.376866394306888e-19,3.385514809427786e-19,3.3941556912622227e-19,3.402790105154081e-19,3.4114195421209786e-19,3.4200421336680577e-19,3.428658023535899e-19,3.437268039266615e-19,3.445871586383391e-19,3.45446832028632e-19,3.463058603897284e-19,3.4716424406427654e-19,3.4802198341395862e-19,3.488790790451966e-19,3.497355029172927e-19,3.505913123370447e-19,3.514464501586409e-19,3.5230103107916772e-19,3.5315494458454825e-19,3.5400824019137435e-19,3.548608274891017e-19,3.557127564787943e-19,3.5656412864085263e-19,3.5741474364597943e-19,3.582647186085637e-19,3.591141093595038e-19,3.59962927396474e-19,3.6081110967149805e-19,3.616586562510357e-19,3.625055707134319e-19,3.633518556544624e-19,3.6419742436350095e-19,3.6504235654065713e-19,3.658867650141771e-19,3.667304296132893e-19,3.675735664526816e-19,3.6841606299915126e-19,3.6925782774530906e-19,3.7009903459727424e-19,3.7093957722108216e-19,3.717794464520977e-19,3.72618719261031e-19,3.7345735289726995e-19,3.742953531911808e-19,3.7513272104060164e-19,3.759694025495614e-19,3.7680551282262847e-19,3.7764096957035487e-19,3.784757986474841e-19,3.793099692358933e-19,3.8014354540861355e-19,3.809764942681706e-19,3.818088173540612e-19,3.8264051510595247e-19,3.83471587956167e-19,3.8430203640761605e-19,3.851318609293864e-19,3.859610635041279e-19,3.867896433510627e-19,3.876176007772946e-19,3.884449364679453e-19,3.8927164834603603e-19,3.900977413091672e-19,3.909232114188826e-19,3.917480612586483e-19,3.925722913975822e-19,3.933959710983441e-19,3.9421893990247357e-19,3.950413176733728e-19,3.9586307712006207e-19,3.966842187160069e-19,3.975048107230348e-19,3.9832478655247843e-19,3.9914407883823487e-19,3.999627582803846e-19,4.007808883815562e-19,4.015984041690491e-19,4.024153060828789e-19,4.0323159335979285e-19,4.0404726889269105e-19,4.0486226631456474e-19,4.0567671732458573e-19,4.064905555331486e-19,4.0730378388113483e-19,4.081164015683274e-19,4.089284077638296e-19,4.0973973973330275e-19,4.1055052819702446e-19,4.113607078820988e-19,4.1217027919423197e-19,4.1297924123990246e-19,4.1378759717755206e-19,4.1459534611855757e-19,4.154024885147473e-19,4.1620902481872607e-19,4.170149554899166e-19,4.1782028097842315e-19,4.186249350013221e-19,4.194290514945769e-19,4.202325625996696e-19,4.2103547195719955e-19,4.2183777840861834e-19,4.22639482402185e-19,4.234405843906619e-19,4.242410848289352e-19,4.2504098260699665e-19,4.2584028128967975e-19,4.2663897978078894e-19,4.2743707852532256e-19,4.2823457796397074e-19,4.290314785640378e-19,4.298277807711708e-19,4.3062348502921217e-19,4.3141859009428885e-19,4.322130998019e-19,4.3300701291898474e-19,4.338003417197965e-19,4.345930749266496e-19,4.353851991117552e-19,4.361767284860355e-19,4.369662262556877e-19,4.3775656993461e-19,4.385463183896704e-19,4.393354883132089e-19,4.401240658007676e-19,4.409120364265923e-19,4.41699415358489e-19,4.424862032097558e-19,4.432723987239804e-19,4.4405802057476025e-19,4.4484303725130755e-19,4.456274801296363e-19,4.464113182526416e-19,4.471945677827479e-19,4.479772455052473e-19,4.487593175606392e-19,4.495408208278942e-19,4.50321737707258e-19,4.511020685578835e-19,4.518817956277872e-19,4.526609141537237e-19,4.534394703102347e-19,4.542174418765803e-19,4.549948295098601e-19,4.557716334043812e-19,4.565477660843724e-19,4.573234199181164e-19,4.58098473486134e-19,4.58872946512688e-19,4.596468379525268e-19,4.604201482450409e-19,4.611928778285678e-19,4.619650271372395e-19,4.627365966015601e-19,4.635075866627351e-19,4.642779963216662e-19,4.650478290799558e-19,4.658170835387422e-19,4.665841881246419e-19,4.673522888642626e-19,4.681198128095847e-19,4.688867603896172e-19,4.696531320373103e-19,4.704189281845712e-19,4.711841480739106e-19,4.719487945197271e-19,4.727128667613811e-19,4.73476365230591e-19,4.742392904387206e-19,4.750016414500994e-19,4.757634211889882e-19,4.765246288766536e-19,4.772853287757196e-19,4.780454572695363e-19,4.788050149301765e-19,4.795639385084695e-19,4.803222921149925e-19,4.810800761837056e-19,4.818372911463177e-19,4.8259393798575e-19,4.833500160350107e-19,4.841055262717167e-19,4.848604691227908e-19,4.856148450102569e-19,4.863686551142369e-19,4.871218983710604e-19,4.878745759601082e-19,4.886266662709856e-19,4.893782148637398e-19,4.901291761152855e-19,4.908795962176204e-19,4.916294301738224e-19,4.923787236793613e-19,4.931274544557409e-19,4.938756395551195e-19,4.946232627629701e-19,4.953703243402647e-19,4.961168247882475e-19,4.968627645328264e-19,4.976081281036418e-19,4.98352931899136e-19,4.990971764306354e-19,4.998408776334277e-19,5.00584020346281e-19,5.013266048529233e-19,5.020671518929315e-19,5.028086224501568e-19,5.035495361660021e-19,5.042898934225974e-19,5.050296946420505e-19,5.057689402448899e-19,5.0650763065135975e-19,5.072457514641139e-19,5.079833180027498e-19,5.087203453622623e-19,5.094568191957134e-19,5.101927253374975e-19,5.109280933966643e-19,5.116629091909917e-19,5.123971731234322e-19,5.131308856188953e-19,5.13864047101736e-19,5.145966579764328e-19,5.1532871866053685e-19,5.160602153160018e-19,5.167911768653783e-19,5.175215894670389e-19,5.182514535407344e-19,5.189807694862292e-19,5.197095377223025e-19,5.204377586607399e-19,5.211654187481313e-19,5.218925324089043e-19,5.226191000457647e-19,5.2334513594940435e-19,5.240706266152823e-19,5.247955724493752e-19,5.255199738592194e-19,5.262438312588928e-19,5.269671450633133e-19,5.276899156702695e-19,5.284121434940554e-19,5.291338289619681e-19,5.298549584961123e-19,5.305741626496708e-19,5.312942244818218e-19,5.3201235298147905e-19,5.3273133477470455e-19,5.334497766310331e-19,5.341676640460573e-19,5.348850272553338e-19,5.356018369608532e-19,5.363181231543522e-19,5.370338578382422e-19,5.377490686563782e-19,5.38463742357395e-19,5.391778793649814e-19,5.398914800810331e-19,5.406045449091584e-19,5.413170742520942e-19,5.420290551700518e-19,5.427405012873514e-19,5.434514266112267e-19,5.441618035576947e-19,5.448716615361879e-19,5.455809731656793e-19,5.46289752003821e-19,5.4699799744418655e-19,5.477057110427629e-19,5.484129076899351e-19,5.491195600553335e-19,5.49825681616024e-19,5.505312716998616e-19,5.512363464739618e-19,5.519408917753868e-19,5.526449079937095e-19,5.533483955263116e-19,5.540513547748523e-19,5.547537730021486e-19,5.554556624754671e-19,5.561534340028198e-19,5.568506862035711e-19,5.575510010194682e-19,5.582472129986032e-19,5.589464791122824e-19,5.596416523863959e-19,5.603363087792155e-19,5.610327386439897e-19,5.617263602805756e-19,5.624194644062857e-19,5.6311433456680115e-19,5.638086626759053e-19,5.645002174941042e-19,5.651912567164598e-19,5.658817708675909e-19,5.665717707307209e-19,5.672612569010751e-19,5.679502414918539e-19,5.686387123503359e-19,5.693266711550766e-19,5.700141172674142e-19,5.707010520797454e-19,5.713874754573335e-19,5.720733877758305e-19,5.727587894057788e-19,5.734436807204567e-19,5.741280615875139e-19,5.74811933394686e-19,5.754975078972905e-19,5.761803607711631e-19,5.768627044784237e-19,5.775445400972554e-19,5.7822586801035035e-19,5.789066885903589e-19,5.795870022091642e-19,5.802668092380092e-19,5.809461100489993e-19,5.816249044992485e-19,5.823031934752746e-19,5.829809778505966e-19,5.836582569772412e-19,5.843350322476969e-19,5.850113035196771e-19,5.856870711630564e-19,5.863623355476147e-19,5.870370970424927e-19,5.877113540042831e-19,5.883851088156579e-19,5.890583638520927e-19,5.897311174731554e-19,5.904033593198165e-19,5.910751109856787e-19,5.917463625839305e-19,5.924171035363268e-19,5.930871905480933e-19,5.937590260961133e-19,5.944282777472856e-19,5.95097031853923e-19,5.957652878424356e-19,5.964329136472333e-19,5.971000476346339e-19,5.977668124378063e-19,5.984330778377861e-19,5.990988484303545e-19,5.997641236007702e-19,6.004289027113103e-19,6.01093186620263e-19,6.01756975707153e-19,6.024202703350532e-19,6.0308307135392e-19,6.037453786310898e-19,6.0440719253120135e-19,6.050685134200271e-19,6.057293108607413e-19,6.063896451080408e-19,6.0704936599984895e-19,6.077087187567117e-19,6.083675796345672e-19,6.090259457567101e-19,6.09683825792118e-19,6.103412152111049e-19,6.109981148563308e-19,6.116565358403632e-19,6.123124302811585e-19,6.129678341826012e-19,6.136227777116017e-19,6.142772330057894e-19,6.149311720984494e-19,6.155846523081526e-19,6.162394956890352e-19,6.168919777001478e-19,6.175439685696656e-19,6.1819550258498e-19,6.188465503632338e-19,6.194970858326542e-19,6.201471640574802e-19,6.207967561813545e-19,6.214458662454187e-19,6.220944578651527e-19,6.227445682469259e-19,6.233922275064348e-19,6.240394036119527e-19,6.24686097456622e-19,6.253322753716822e-19,6.259780056039827e-19,6.266232333550292e-19,6.272700709200753e-19,6.2791642281739305e-19,6.285602276996155e-19,6.292035264051239e-19,6.298463717874937e-19,6.304887378872658e-19,6.31130625765515e-19,6.317720352944567e-19,6.324129668292004e-19,6.330534207206095e-19,6.336933973213108e-19,6.343328969787813e-19,6.349719200418117e-19,6.356104668741212e-19,6.362485373267583e-19,6.368861322402593e-19,6.375232519697767e-19,6.381598973567759e-19,6.387960677638364e-19,6.394317640403272e-19,6.40066985070897e-19,6.407017055088888e-19,6.413359822597102e-19,6.419697855198472e-19,6.426031163814266e-19,6.432359713754597e-19,6.438683585069938e-19,6.445002747767874e-19,6.451317200420896e-19,6.457626941647971e-19,6.463931984780083e-19,6.470232048952481e-19,6.476527679901581e-19,6.482818630097813e-19,6.489104621296074e-19,6.495385938114327e-19,6.5016625758558e-19,6.507934798240166e-19,6.514202337560534e-19,6.520465204995761e-19,6.526723408818675e-19,6.532976947651787e-19,6.539225820075161e-19,6.545470034212492e-19,6.551709598525926e-19,6.5579445115588035e-19,6.564174771861612e-19,6.570400392624892e-19,6.576621372354816e-19,6.582837714543464e-19,6.589049194110151e-19,6.595275610265963e-19,6.60147805104039e-19,6.607675858054093e-19,6.6138690494356005e-19,6.620057618857281e-19,6.626241574612412e-19,6.632420920145672e-19,6.638595658826239e-19,6.644765798920814e-19,6.650931338965245e-19,6.657092239315906e-19,6.663248589453188e-19,6.669400349701784e-19,6.675547523465315e-19,6.681690114137019e-19,6.687828125089376e-19,6.693961559679479e-19,6.700090421305786e-19,6.706214708394964e-19,6.7123344292977e-19,6.718469288743908e-19,6.724599546644814e-19,6.730725206468853e-19,6.736846271586528e-19,6.742962745616501e-19,6.749074631909293e-19,6.755181933916592e-19,6.761284655088323e-19,6.767382798842985e-19,6.773476368650143e-19,6.779565367934284e-19,6.785649800114858e-19,6.79172966862012e-19,6.797804976747645e-19,6.803875576422435e-19,6.809941773947967e-19,6.816003271203823e-19,6.822060372174591e-19,6.828112930689649e-19,6.834160949513242e-19,6.840204432129625e-19,6.846243381840747e-19,6.852277802045394e-19,6.858307696155154e-19,6.864333067473329e-19,6.870353919406406e-19,6.876370255452609e-19,6.882381465122484e-19,6.888388029439665e-19,6.89439006120729e-19,6.900388239915621e-19,6.906382048466487e-19,6.912370757989434e-19,6.918355579385278e-19,6.924335912174203e-19,6.930311759649276e-19,6.936283125057991e-19,6.942250011738453e-19,6.948212285869735e-19,6.954170224586828e-19,6.960123695303765e-19,6.966072700571458e-19,6.972017243952188e-19,6.977957217247666e-19,6.98389270766426e-19,6.989823746362312e-19,6.995749874956828e-19,7.0016721634171985e-19,7.007589287588525e-19,7.013501966548708e-19,7.019410791089561e-19,7.025315328910535e-19,7.031214735030912e-19,7.037109707180926e-19,7.043000313787737e-19,7.048886451483157e-19,7.054768766446204e-19,7.060645432900436e-19,7.06651765939256e-19,7.072386760011011e-19,7.078251564897996e-19,7.084111971602172e-19,7.089967243241129e-19,7.095818867432468e-19,7.101665948031261e-19,7.107507480775761e-19,7.113345952418818e-19,7.119180038193656e-19,7.125008437529112e-19,7.130833783432609e-19,7.136654753197281e-19,7.142471356920095e-19,7.148283598151968e-19,7.154091480166551e-19,7.159894404364244e-19,7.16569358215713e-19,7.1714884068957975e-19,7.1772788854261e-19,7.183065021096225e-19,7.188846817175904e-19,7.194624276910705e-19,7.200397403391012e-19,7.206166200220335e-19,7.211930670362629e-19,7.217690817327994e-19,7.223446644191607e-19,7.229196922037317e-19,7.234942864383698e-19,7.240684499194485e-19,7.246423088450326e-19,7.25215736640927e-19,7.257887343715699e-19,7.263613023606453e-19,7.269334409300585e-19,7.275051504055637e-19,7.280764310997564e-19,7.286472833384907e-19,7.292177074597934e-19,7.297877037736677e-19,7.303572726009654e-19,7.309264142490613e-19,7.314950118055495e-19,7.320633008583661e-19,7.326311630325984e-19,7.331984833938055e-19,7.337654948677033e-19,7.343320804558355e-19,7.348982411066176e-19,7.354639771475107e-19,7.360292888951665e-19,7.365941766863344e-19,7.371586304608737e-19,7.377226712126972e-19,7.382862889484192e-19,7.388494738325004e-19,7.394122465066915e-19,7.399745867997373e-19,7.405365052440839e-19,7.410980127018413e-19,7.416590991125313e-19,7.422197647192494e-19,7.427800098508274e-19,7.433398347647969e-19,7.43899239899351e-19,7.444582255039186e-19,7.450167918919615e-19,7.455749393779887e-19,7.461326682769327e-19,7.46689978905633e-19,7.472468715760922e-19,7.478033466037907e-19,7.48359354653947e-19,7.489149827423321e-19,7.494702066965287e-19,7.500250143231297e-19,7.505793964487725e-19,7.511333721612003e-19,7.516869324820234e-19,7.522400683537411e-19,7.527927890698955e-19,7.533451048720776e-19,7.538970065285187e-19,7.544484942950886e-19,7.549995684759691e-19,7.555501275152916e-19,7.56100376158142e-19,7.56650202526114e-19,7.571996120817229e-19,7.577486230177926e-19,7.582972113997062e-19,7.588453899724689e-19,7.593931535986855e-19,7.599405083745519e-19,7.604874546550078e-19,7.610339908270002e-19,7.615801262128034e-19,7.621258415264908e-19,7.626711580996807e-19,7.632160657821043e-19,7.637605544702636e-19,7.643046451356633e-19,7.648483192816152e-19,7.653915870478113e-19,7.659344457994484e-19,7.664769061860772e-19,7.670189495969868e-19,7.675605896331587e-19,7.681018305561383e-19,7.686426656470952e-19,7.691830951573334e-19,7.697231193878696e-19,7.702627303269703e-19,7.708019379800917e-19,7.713407481353239e-19,7.718791542790259e-19,7.724171566741893e-19,7.729547556206221e-19,7.734919514122067e-19,7.740287443596131e-19,7.745651347510604e-19,7.751011228677416e-19,7.756367090069052e-19,7.761718935640235e-19,7.767066767792735e-19,7.772410589421992e-19,7.777750403797674e-19,7.783086213785578e-19,7.788418022362602e-19,7.793745755350942e-19,7.799069569668954e-19,7.804389298573924e-19,7.809705051731202e-19,7.815016460513811e-19,7.820324257255494e-19,7.825628045602474e-19,7.83092755265415e-19,7.836223417922732e-19,7.841515378088581e-19,7.846803370353889e-19,7.852087396982891e-19,7.857367372046839e-19,7.862643476312509e-19,7.867915624639015e-19,7.873183746255322e-19,7.878447989891035e-19,7.883708198600651e-19,7.888964549929784e-19,7.89421687154493e-19,7.899465252435716e-19,7.904709373782625e-19,7.909949980228299e-19,7.91518665372836e-19,7.920419329590469e-19,7.925648151588483e-19,7.930873052938667e-19,7.936094036204287e-19,7.941311104516351e-19,7.94652426060415e-19,7.951733507407544e-19,7.956938847875133e-19,7.962140284944465e-19,7.967337821477262e-19,7.972531460337947e-19,7.977721204740192e-19,7.98290705743281e-19,7.988089021349764e-19,7.993267099408744e-19,7.998441294444027e-19,8.003611609530323e-19,8.008778047508779e-19,8.013940544801778e-19,8.019099236737494e-19,8.024254060814567e-19,8.029405019458046e-19,8.034552115334479e-19,8.03969535171369e-19,8.044834731307906e-19,8.049970257020349e-19,8.055101931717643e-19,8.060229758323203e-19,8.06535373971581e-19,8.070473878798769e-19,8.075590178396744e-19,8.08070264142848e-19,8.085811270790669e-19,8.090916069344375e-19,8.096017039963858e-19,8.1011141855275545e-19,8.10620750890963e-19,8.111297012977114e-19,8.116382700579373e-19,8.121464574605895e-19,8.126542637918964e-19,8.131616893369704e-19,8.136687343809992e-19,8.141753992107805e-19,8.14681684094938e-19,8.151875832468013e-19,8.156931028000837e-19,8.161982494968302e-19,8.167030175361986e-19,8.172074070524618e-19,8.177114183670143e-19,8.182150189863028e-19,8.187182750046955e-19,8.192211208886827e-19,8.197236224562385e-19,8.202257469772177e-19,8.207274891872422e-19,8.212288608873682e-19,8.21729856686001e-19,8.22230471051495e-19,8.227307157349889e-19,8.232305853613801e-19,8.237300484595832e-19,8.24229169000095e-19,8.247279150189788e-19,8.252262870455627e-19,8.257242797661765e-19,8.262219046127812e-19,8.267191508363278e-19,8.272160296806856e-19,8.277125359931649e-19,8.282086699863192e-19,8.287044319745741e-19,8.29199822217089e-19,8.296948409932274e-19,8.301894885820811e-19,8.306837598511831e-19,8.311776658485159e-19,8.316711713788881e-19,8.32164337280383e-19,8.326571331387404e-19,8.33149559472362e-19,8.336416165430678e-19,8.34133299404071e-19,8.346245896984307e-19,8.351155106368581e-19,8.356060938197074e-19,8.360963089101385e-19,8.365861564118307e-19,8.370756366068141e-19,8.375646836698764e-19,8.380534305926816e-19,8.385418105813711e-19,8.390298243553327e-19,8.395174721983891e-19,8.400047543856646e-19,8.404916711923027e-19,8.409782178842564e-19,8.414644046763855e-19,8.4195022698460055e-19,8.424356800173116e-19,8.429207739811891e-19,8.434055042586466e-19,8.438898710720729e-19,8.443738746703741e-19,8.448575153707161e-19,8.453407885506804e-19,8.458237041573872e-19,8.463062527651995e-19,8.467884394114704e-19,8.472702695477479e-19,8.477517384456135e-19,8.482328463293787e-19,8.487135934641902e-19,8.491939801018545e-19,8.496740065547038e-19,8.5015367307242e-19,8.506329799242765e-19,8.511119273794707e-19,8.515905157088657e-19,8.520687451820727e-19,8.525466160684635e-19,8.530241286369366e-19,8.535012831292111e-19,8.539780798674515e-19,8.544545190941015e-19,8.549305417014301e-19,8.554062671833774e-19,8.558816355369667e-19,8.563566474407201e-19,8.568313031711214e-19,8.573056029950501e-19,8.577795427102316e-19,8.582531313911335e-19,8.587263651009942e-19,8.591992439762486e-19,8.596717682799181e-19,8.601439382774642e-19,8.606157542339127e-19,8.6108721641638325e-19,8.615583250895291e-19,8.620290236688029e-19,8.624994265792988e-19,8.629694200570416e-19,8.634391178455354e-19,8.639084630432649e-19,8.643774521168997e-19,8.648460936609149e-19,8.653143281010064e-19,8.657822639725869e-19,8.662498521974674e-19,8.667170898646786e-19,8.671839771947693e-19,8.676505144490594e-19,8.681166977484492e-19,8.685825312338837e-19,8.69048015504382e-19,8.695131516050542e-19,8.699779423779723e-19,8.704423846773825e-19,8.709064746039205e-19,8.71370220652895e-19,8.718336190297634e-19,8.722966442328648e-19,8.727593445578258e-19,8.732217012998396e-19,8.736837082770486e-19,8.741453719490104e-19,8.746066894872599e-19,8.750676611522296e-19,8.755282832558662e-19,8.75988563858975e-19,8.764484993908896e-19,8.769080900662526e-19,8.773673361390434e-19,8.778261861741156e-19,8.78284740893673e-19,8.78742950729781e-19,8.792008169884575e-19,8.796583399500664e-19,8.801155238378708e-19,8.805723611898807e-19,8.810288597478803e-19,8.81485016071729e-19,8.819408303751443e-19,8.823963029079955e-19,8.828514339293334e-19,8.833062236960186e-19,8.837606724638999e-19,8.842147804878718e-19,8.84668548025072e-19,8.851219753294077e-19,8.855750626350965e-19,8.86027810240922e-19,8.864802183615821e-19,8.869322836810202e-19,8.87384009791686e-19,8.878354010153262e-19,8.882864538072441e-19,8.887371648695745e-19,8.89187541507551e-19,8.896375805028866e-19,8.900872820514013e-19,8.90536642851202e-19,8.909856666010498e-19,8.914343573384148e-19,8.918827082034797e-19,8.923307263464351e-19,8.927784058391333e-19,8.932257495296877e-19,8.936727606785336e-19,8.941194141655687e-19,8.945657523937986e-19,8.950117366274336e-19,8.95457385893934e-19,8.95902724052754e-19,8.963477280933169e-19,8.967923951033417e-19,8.972367320300333e-19,8.976807358430652e-19,8.981244067295798e-19,8.985677449554987e-19,8.990107474888743e-19,8.994534176915155e-19,8.998957594251636e-19,9.003377695474696e-19,9.007794057045327e-19,9.012207099179065e-19,9.016617111315758e-19,9.021023971133262e-19,9.02542752732224e-19,9.029827749735167e-19,9.034224704618745e-19,9.038618363179632e-19,9.04300872749205e-19,9.04739580000066e-19,9.051779583170504e-19,9.056159916538411e-19,9.060537127959608e-19,9.064910908589985e-19,9.069281558479956e-19,9.073648931932212e-19,9.078013031083485e-19,9.082373450719446e-19,9.08673099084087e-19,9.091085060613429e-19,9.09543594856704e-19,9.09978371149943e-19,9.104128215142263e-19,9.108469461634308e-19,9.11280730941262e-19,9.117142047948388e-19,9.121473506722443e-19,9.125801747694324e-19,9.130126349280283e-19,9.134448105919493e-19,9.13876658975272e-19,9.143081833839755e-19,9.147393873475385e-19,9.151702680494328e-19,9.15600825693579e-19,9.160310575839858e-19,9.164609543589644e-19,9.168905442005846e-19,9.1731980910784e-19,9.177487550411188e-19,9.181773794058185e-19,9.186056823788509e-19,9.190336613799485e-19,9.194613193296755e-19,9.198886566480418e-19,9.2031567357214e-19,9.207423703400185e-19,9.211687501398624e-19,9.21594807460618e-19,9.220205131950418e-19,9.224459350087923e-19,9.228710375816265e-19,9.23295821420376e-19,9.237202867692812e-19,9.241444338683455e-19,9.245682629559882e-19,9.249917555361546e-19,9.254149495094628e-19,9.258378073717486e-19,9.26260367003903e-19,9.266826096422273e-19,9.271045329844109e-19,9.275261426493854e-19,9.279474362470623e-19,9.283684083912598e-19,9.287890705498736e-19,9.292093796265304e-19,9.29629372685429e-19,9.300490722174426e-19,9.304684361697801e-19,9.30887524060903e-19,9.313062974268818e-19,9.317247568051347e-19,9.32142902438338e-19,9.325607345601517e-19,9.329782534085299e-19,9.333954591959438e-19,9.338123496218675e-19,9.342289298458599e-19,9.346451978710842e-19,9.350611513230869e-19,9.35476795407791e-19,9.358921278219555e-19,9.36307148745256e-19,9.36721858595847e-19,9.371362575166086e-19,9.375503433209196e-19,9.379641211194019e-19,9.383775886304975e-19,9.387907437595348e-19,9.392035894951374e-19,9.39616127740318e-19,9.400283566572289e-19,9.404402735740772e-19,9.408518845421017e-19,9.412631870235503e-19,9.416741811308422e-19,9.420848320005017e-19,9.42495210339707e-19,9.429052807201555e-19,9.433150436370164e-19,9.437244993359434e-19,9.441336480424183e-19,9.445424899243353e-19,9.44951025339852e-19,9.4535925446939e-19,9.457671775281936e-19,9.461747946657694e-19,9.465821039098219e-19,9.469891076164138e-19,9.473958086455847e-19,9.478022047883625e-19,9.482082824825597e-19,9.486140650806249e-19,9.490195479031585e-19,9.49424726646762e-19,9.498296016056322e-19,9.502341729270435e-19,9.506384387284076e-19,9.510424036652937e-19,9.514460657654234e-19,9.51849425222019e-19,9.522524821834257e-19,9.526552370280982e-19,9.53057689886999e-19,9.534598409472624e-19,9.538616761728945e-19,9.542632073017046e-19,9.546644386959616e-19,9.55065385321257e-19,9.554660311769556e-19,9.558663766640945e-19,9.562664219931443e-19,9.566661673883794e-19,9.570655976978945e-19,9.574647440645572e-19,9.578635757080498e-19,9.582621237933026e-19,9.58660370298641e-19,9.590583207959671e-19,9.594559698140282e-19,9.598533101153609e-19,9.602503663858e-19,9.606471109387809e-19,9.61043561086028e-19,9.614397247805629e-19,9.618355607974652e-19,9.622311267606189e-19,9.626263687798083e-19,9.630213441935634e-19,9.634160250732189e-19,9.638104100743911e-19,9.642044993697981e-19,9.645982932182745e-19,9.649917918232547e-19,9.65384995384103e-19,9.657779041432429e-19,9.661705037988638e-19,9.665628088932263e-19,9.66954834765503e-19,9.67346566570734e-19,9.677380046737272e-19,9.681291349368767e-19,9.685199846614382e-19,9.689105429685584e-19,9.69300808490565e-19,9.696907814039337e-19,9.700804599035147e-19,9.704698482351634e-19,9.708589446779358e-19,9.71247749383078e-19,9.716362625852399e-19,9.720244553425679e-19,9.724123864698993e-19,9.728000264980384e-19,9.731873759010237e-19,9.735744348883745e-19,9.739612036764664e-19,9.743476805964076e-19,9.747338676546919e-19,9.751197671551386e-19,9.755053773638308e-19,9.758906984527046e-19,9.762757306520514e-19,9.766604741755752e-19,9.770449292425004e-19,9.774290960701575e-19,9.778129748702407e-19,9.781965639737189e-19,9.785798673407098e-19,9.789628832950328e-19,9.793456121751277e-19,9.797280541098227e-19,9.80110207462627e-19,9.804920742135994e-19,9.808736564973554e-19,9.812549510031506e-19,9.816359613883639e-19,9.82016686160989e-19,9.823971254910799e-19,9.827772795929413e-19,9.831571486788367e-19,9.835367329533882e-19,9.839160326305809e-19,9.842950461099867e-19,9.846737772381273e-19,9.850522244504857e-19,9.854303879289426e-19,9.858082678849905e-19,9.861858627772886e-19,9.865631744727687e-19,9.869402050386685e-19,9.87316953008384e-19,9.876934185215477e-19,9.880696017858338e-19,9.884455030315603e-19,9.888211224515661e-19,9.891964602402021e-19,9.895715166204894e-19,9.899462900608246e-19,9.903207842420764e-19,9.906949962957805e-19,9.910689291489158e-19,9.914425816969917e-19,9.918159540903213e-19,9.921890448954667e-19,9.925618575436955e-19,9.929343891326859e-19,9.933066430545965e-19,9.93678617853413e-19,9.94050312192575e-19,9.944217294703538e-19,9.947928683163509e-19,9.951637288931406e-19,9.95534311440378e-19,9.959046161513567e-19,9.96274641606456e-19,9.96644389532362e-19,9.970138619492785e-19,9.973830573943602e-19,9.977519744468706e-19,9.981206148093364e-19,9.984889804327936e-19,9.988570699190438e-19,9.992248818673441e-19,9.9959241796512e-19,9.999596801578715e-19,1.0003266654615855e-18,1.0006933770853214e-18,1.0010598138206601e-18,1.0014259758803534e-18,1.0017918634353092e-18,1.0021574766548782e-18,1.002522815759745e-18,1.0028878809669524e-18,1.0032526724196789e-18,1.0036171904332886e-18,1.003981435150143e-18,1.0043454066523849e-18,1.0047091038946113e-18,1.0050725299632318e-18,1.005435683597983e-18,1.0057985649617317e-18,1.0061611727343896e-18,1.0065235101290269e-18,1.0068855758979719e-18,1.0072473687535826e-18,1.007608891817852e-18,1.007970143854532e-18,1.0083311250489722e-18,1.0086918356056053e-18,1.0090522646146215e-18,1.0094124346329112e-18,1.009772333068988e-18,1.0101319530566913e-18,1.0104913119438234e-18,1.0108504010683779e-18,1.0112092228241222e-18,1.0115677756129888e-18,1.0119260595719042e-18,1.0122840749185704e-18,1.0126418218500234e-18,1.0129992888222846e-18,1.013356499659234e-18,1.0137134317825092e-18,1.0140701072197554e-18,1.014426515125338e-18,1.0147826536828178e-18,1.015138527351553e-18,1.0154941235986646e-18,1.015849463993062e-18,1.0162045378192388e-18,1.0165593454870376e-18,1.0169138871508483e-18,1.0172681630021582e-18,1.017622173261153e-18,1.0179758962851572e-18,1.018329376116301e-18,1.0186825907637345e-18,1.0190355405941208e-18,1.0193882257847772e-18,1.0197406455308541e-18,1.0200928020860922e-18,1.0204446946247596e-18,1.02079631594997e-18,1.0211476810200697e-18,1.021498782691747e-18,1.021849621145712e-18,1.0222001965607645e-18,1.0225505090821623e-18,1.0229005590502473e-18,1.0232503465554466e-18,1.0235998704804517e-18,1.023949132323873e-18,1.0242981323179126e-18,1.024646871884443e-18,1.0249953488625985e-18,1.0253435658322362e-18,1.0256915217193718e-18,1.026039216788834e-18,1.0263866498618926e-18,1.0267338237036869e-18,1.0270807372820593e-18,1.027427389575063e-18,1.0277737832174223e-18,1.028119915993288e-18,1.028465770174572e-18,1.0288113844512151e-18,1.0291567404890292e-18,1.0295018376017134e-18,1.0298466747720591e-18,1.0301912533276585e-18,1.0305355748312727e-18,1.030879638215696e-18,1.0312234436477457e-18,1.0315669913207122e-18,1.0319102814352258e-18,1.0322533141804329e-18,1.0325960897642276e-18,1.0329386083474561e-18,1.033280870137547e-18,1.0336228753288139e-18,1.033964615386072e-18,1.0343060991184248e-18,1.0346473268454789e-18,1.0349883076955314e-18,1.0353290234018986e-18,1.0356694931724669e-18,1.0360097075694244e-18,1.0363496669205167e-18,1.0366893702205441e-18,1.0370288199893675e-18,1.0373680152925422e-18,1.0377069551239953e-18,1.03804564199185e-18,1.0383840748973668e-18,1.038722235136484e-18,1.0390601610108549e-18,1.0393978333688964e-18,1.0397352525303799e-18,1.0400724187784626e-18,1.0404093322483166e-18,1.0407459919851047e-18,1.041082400438785e-18,1.0414185380080151e-18,1.0417544424229168e-18,1.0420900948506774e-18,1.0424254956251646e-18,1.0427606449568078e-18,1.043095543007592e-18,1.043430189984222e-18,1.0437645860645953e-18,1.0440987314475374e-18,1.0444326263127848e-18,1.0447662525555535e-18,1.0450996470851027e-18,1.045432791559132e-18,1.045765686221279e-18,1.0460983313525563e-18,1.0464307270577664e-18,1.0467628735924646e-18,1.0470947711104932e-18,1.047426419802375e-18,1.0477578198496331e-18,1.048088971439612e-18,1.0484198736533563e-18,1.0487505288881234e-18,1.049080936251051e-18,1.0494110948402203e-18,1.0497410069499242e-18,1.0500706717247218e-18,1.0504000884624667e-18,1.050729253025454e-18,1.051058176855743e-18,1.0513868541333644e-18,1.0517152850111382e-18,1.052043469660388e-18,1.052371408252495e-18,1.0526991009975852e-18,1.0530265480548742e-18,1.0533537495789994e-18,1.0536807057935574e-18,1.0540074169228547e-18,1.0543338820890616e-18,1.0546601035036357e-18,1.0549860803721776e-18,1.0553118128664374e-18,1.0556372841217186e-18,1.0559625276885265e-18,1.0562875130735669e-18,1.0566122691324074e-18,1.0569367824139309e-18,1.0572610524202414e-18,1.0575850793321662e-18,1.05790886332772e-18,1.0582323977285324e-18,1.0585556964999146e-18,1.0588787453774798e-18,1.059201559539912e-18,1.0595241316369104e-18,1.0598464618905595e-18,1.060168549743082e-18,1.0604903944229715e-18,1.0608120003102784e-18,1.0611333640794187e-18,1.0614544868058327e-18,1.0617753697839214e-18,1.0620960112961663e-18,1.0624164133268394e-18,1.0627365752140696e-18,1.0630564970771787e-18,1.0633761781264948e-18,1.063695620451602e-18,1.0640148232987755e-18,1.0643337868493508e-18,1.064652511269755e-18,1.0649709967399769e-18,1.065289243425186e-18,1.0656072444294118e-18,1.065925014198975e-18,1.0662425447296735e-18,1.0665598311493469e-18,1.0668768859149917e-18,1.0671937036784568e-18,1.0675102682691235e-18,1.0678265952924001e-18,1.0681427012596809e-18,1.068458570108261e-18,1.0687742021421977e-18,1.0690895975286559e-18,1.0694047409013317e-18,1.0697196636760897e-18,1.07003435020592e-18,1.070348800850974e-18,1.070663013765623e-18,1.0709769931302724e-18,1.0712907370829588e-18,1.071604245711878e-18,1.0719175193956297e-18,1.0722305582154982e-18,1.0725433623605602e-18,1.0728559318951524e-18,1.073168267187303e-18,1.073480367442998e-18,1.0737922326559872e-18,1.074103850861518e-18,1.0744152431948538e-18,1.0747264014539693e-18,1.0750373345284353e-18,1.0753480335514263e-18,1.0756585004792995e-18,1.0759687337621102e-18,1.0762787353364538e-18,1.0765885045201625e-18,1.076898041480103e-18,1.0772073463732795e-18,1.0775164193728317e-18,1.0778252606231462e-18,1.0781338703672324e-18,1.0784422487562843e-18,1.0787503953027971e-18,1.0790583114595926e-18,1.0793659959156134e-18,1.0796734505504508e-18,1.0799806738697856e-18,1.0802876676609613e-18,1.0805944313223842e-18,1.080900964179996e-18,1.0812072671709845e-18,1.081513340475452e-18,1.0818191843713488e-18,1.0821247998304874e-18,1.082430186139546e-18,1.0827353435428946e-18,1.0830402721671366e-18,1.0833449715697369e-18,1.0836494423031666e-18,1.0839536855976505e-18,1.0842577000293896e-18,1.0845614864811995e-18,1.0848650451884772e-18,1.0851683765002097e-18,1.0854714802242378e-18,1.085774357531605e-18,1.0860770077952276e-18,1.0863794311584837e-18,1.0866816277866986e-18,1.0869835936957704e-18,1.0872853373514856e-18,1.0875868548193703e-18,1.0878881454730906e-18,1.0881892109942134e-18,1.0884900500071081e-18,1.0887906634768128e-18,1.0890910523779945e-18,1.0893912153219596e-18,1.0896911539524438e-18,1.0899908677376123e-18,1.090290352412045e-18,1.0905896169881425e-18,1.0908886572366382e-18,1.0911874732957333e-18,1.0914860653309653e-18,1.0917844325632472e-18,1.0920825762368006e-18,1.0923804964035548e-18,1.0926781939927612e-18,1.092975667676216e-18,1.0932729190378073e-18,1.093569946846939e-18,1.0938667526982152e-18,1.0941633360660954e-18,1.0944596840384573e-18,1.0947558223326449e-18,1.095051739101343e-18,1.0953474340431248e-18,1.0956429072415996e-18,1.0959381461108888e-18,1.0962331760444337e-18,1.0965279852791326e-18,1.0968225727633468e-18,1.0971169393516584e-18,1.0974110860132097e-18,1.0977050121777614e-18,1.097998714840198e-18,1.0982922004182957e-18,1.0985854660011887e-18,1.0988784976862052e-18,1.0991713234043381e-18,1.0994639299021193e-18,1.0997563170477392e-18,1.100048484990707e-18,1.1003404338949001e-18,1.1006321639242768e-18,1.1009236752428547e-18,1.1012149680145316e-18,1.1015060424031572e-18,1.101796898572462e-18,1.1020875249515355e-18,1.1023779452748888e-18,1.1026681477793558e-18,1.1029581327160433e-18,1.1032478995612322e-18,1.10353744983604e-18,1.1038267701356826e-18,1.1041158865619253e-18,1.104404786128136e-18,1.1046934684327021e-18,1.1049819342347404e-18,1.105270184489451e-18,1.1055582186716494e-18,1.1058460368777384e-18,1.1061336393424571e-18,1.106421026186893e-18,1.1067081969018733e-18,1.106995152301605e-18,1.1072818875577089e-18,1.1075684136259759e-18,1.107854724823666e-18,1.1081408213715264e-18,1.1084267034281732e-18,1.1087123704772394e-18,1.1089978233037107e-18,1.1092830621242846e-18,1.109568087141336e-18,1.1098528935204781e-18,1.1101374920913096e-18,1.1104218719976769e-18,1.1107060439958461e-18,1.1109900029006804e-18,1.1112737482546687e-18,1.1115572759664393e-18,1.1118405910188926e-18,1.1121236994110516e-18,1.112406594868381e-18,1.1126892788151642e-18,1.112971750879898e-18,1.1132540111772236e-18,1.1135360598354602e-18,1.1138178970765851e-18,1.1140995230243661e-18,1.1143809378369801e-18,1.1146621361586919e-18,1.1149431236058334e-18,1.1152239003778496e-18,1.1155044723054453e-18,1.1157848338276343e-18,1.1160649851606194e-18,1.1163449264188267e-18,1.1166246572459799e-18,1.1169041783128188e-18,1.1171834899101276e-18,1.1174625873109126e-18,1.117741480329972e-18,1.1180201647459443e-18,1.1182986402510667e-18,1.1185769063785284e-18,1.1188549644731856e-18,1.1191328141159205e-18,1.1194104554647067e-18,1.1196878886651546e-18,1.1199651138736927e-18,1.120242131233741e-18,1.1205189409254968e-18,1.1207955430832488e-18,1.12107193788235e-18,1.1213481254683374e-18,1.121624105409298e-18,1.1218998790159166e-18,1.122175445880915e-18,1.1224508054449427e-18,1.1227259586590995e-18,1.1230009062053457e-18,1.1232756470842808e-18,1.1235501825295684e-18,1.123824512172289e-18,1.124098636143136e-18,1.1243725540430806e-18,1.1246462665374248e-18,1.1249197744277821e-18,1.125193076567338e-18,1.1254661745047824e-18,1.1257390677270459e-18,1.1260117563620338e-18,1.1262842398362078e-18,1.126556519147952e-18,1.1268285949209861e-18,1.1271004661776344e-18,1.1273721341440248e-18,1.1276435984577275e-18,1.1279148585171393e-18,1.1281859159347e-18,1.1284567701555875e-18,1.128727421318106e-18,1.128997869572951e-18,1.129268115051294e-18,1.129538157948938e-18,1.1298079983968007e-18,1.1300776361365742e-18,1.1303470721221038e-18,1.1306163054652212e-18,1.1308853376139268e-18,1.1311541680907593e-18,1.1314227964860055e-18,1.1316912240095601e-18,1.1319594503088854e-18,1.1322274755196224e-18,1.1324952997919175e-18,1.132762923276468e-18,1.1330303461236128e-18,1.1332975684781485e-18,1.1335645905011896e-18,1.1338314123304334e-18,1.13409803413131e-18,1.1343644555222248e-18,1.1346306776834768e-18,1.1348966997476946e-18,1.1351625221893008e-18,1.1354281460385137e-18,1.1356935701258015e-18,1.1359587952638535e-18,1.1362238208918594e-18,1.1364886491224816e-18,1.1367532779863439e-18,1.1370177085739658e-18,1.1372819409214282e-18,1.1375459753044657e-18,1.1378098117257879e-18,1.138073449665439e-18,1.138336891225055e-18,1.1386001347650977e-18,1.1388631807760876e-18,1.139126029712119e-18,1.1393886821187311e-18,1.1396511376304313e-18,1.1399133963802982e-18,1.1401754585147467e-18,1.1404373238030557e-18,1.1406989926289982e-18,1.1409604652581969e-18,1.1412217423879507e-18,1.1414828230115528e-18,1.1417437080153813e-18,1.1420043974349874e-18,1.1422648919285566e-18,1.1425251911448398e-18,1.142785294729244e-18,1.1430452037843651e-18,1.1433049175086824e-18,1.143564437001959e-18,1.1438237619418775e-18,1.1440828924631475e-18,1.144341828724164e-18,1.1446005708600858e-18,1.1448591185404324e-18,1.145117472814656e-18,1.1453756329485207e-18,1.1456335995343761e-18,1.145891373213462e-18,1.1461489531839687e-18,1.1464063400105005e-18,1.1466635338736895e-18,1.146920534918347e-18,1.1471773432927122e-18,1.147433959140593e-18,1.1476903830890596e-18,1.1479466148104262e-18,1.1482026544357525e-18,1.1484585021080368e-18,1.148714157944486e-18,1.148969622134897e-18,1.1492248948050003e-18,1.1494799760942949e-18,1.149734865566098e-18,1.149989564516931e-18,1.1502440689853983e-18,1.1504983862417586e-18,1.1507525127780294e-18,1.1510064483693752e-18,1.1512601940107054e-18,1.1515137489956445e-18,1.1517671143230191e-18,1.1520202897161516e-18,1.1522732748602122e-18,1.1525260703040888e-18,1.1527786766872656e-18,1.153031093700256e-18,1.1532833214830642e-18,1.153535360167859e-18,1.1537872098991128e-18,1.1540388708228857e-18,1.154290343073077e-18,1.1545416267973737e-18,1.1547927221105392e-18,1.1550436292030321e-18,1.1552943481901513e-18,1.1555448792128421e-18,1.1557952224119124e-18,1.1560453779285308e-18,1.1562953459032392e-18,1.1565451264695623e-18,1.1567947197819933e-18,1.157044125973598e-18,1.1572933373590023e-18,1.1575423698068073e-18,1.1577912154870145e-18,1.1580398746050808e-18,1.1582883473029838e-18,1.158536633720459e-18,1.1587847339904927e-18,1.1590326482657647e-18,1.1592803766733806e-18,1.1595279193648701e-18,1.1597752764729206e-18,1.1600224481364732e-18,1.1602694344952911e-18,1.1605162356811539e-18,1.1607628518473094e-18,1.1610092831242576e-18,1.161255529651006e-18,1.1615015915667445e-18,1.1617474690088175e-18,1.1619931621161902e-18,1.1622386706345677e-18,1.162483995473691e-18,1.1627291364052102e-18,1.162974093546916e-18,1.163218867051546e-18,1.1634634570490672e-18,1.1637078567085118e-18,1.16395207258108e-18,1.164196112963542e-18,1.1644399703196622e-18,1.1646836448531273e-18,1.1649271367033618e-18,1.1651704460069335e-18,1.1654135728940486e-18,1.1656565175152142e-18,1.1658992799998757e-18,1.1661418604854563e-18,1.166384259108162e-18,1.1666264760038654e-18,1.166868511309099e-18,1.1671103651595119e-18,1.167352037691707e-18,1.1675935290409121e-18,1.1678348393401103e-18,1.168075968726949e-18,1.1683169173387054e-18,1.1685576853149861e-18,1.168798272788072e-18,1.1690386798855444e-18,1.16927890674972e-18,1.1695189535149575e-18,1.1697588203209422e-18,1.1699985072985803e-18,1.1702380145819094e-18,1.170477342299507e-18,1.1707164905991672e-18,1.1709554596083654e-18,1.1711942490836486e-18,1.1714328598970992e-18,1.1716712918404558e-18,1.1719095450314269e-18,1.1721476196034299e-18,1.1723855153181717e-18,1.172623233041208e-18,1.1728607725580935e-18,1.173098133611206e-18,1.1733353170811327e-18,1.1735723227444782e-18,1.173809150726192e-18,1.1740458011567017e-18,1.174282274170033e-18,1.1745185698986156e-18,1.1747546884747518e-18,1.174990630030034e-18,1.1752263947012304e-18,1.1754619826146811e-18,1.1756973939108823e-18,1.1759326287183898e-18,1.176167687169106e-18,1.1764025693893838e-18,1.1766372755210172e-18,1.1768718056934314e-18,1.177106160033443e-18,1.1773403319900042e-18,1.1775743283353803e-18,1.1778081560593408e-18,1.1780418084210916e-18,1.1782752856022769e-18,1.1785085877520122e-18,1.1787417149949887e-18,1.1789746674615074e-18,1.1792074452817802e-18,1.179440048587594e-18,1.179672477509207e-18,1.1799047321720174e-18,1.1801368127122697e-18,1.1803687192663213e-18,1.1806004455089991e-18,1.1808320045330814e-18,1.181063389900058e-18,1.181294601794597e-18,1.1815256403475334e-18,1.181756499247614e-18,1.1819871915662684e-18,1.1822177108829879e-18,1.1824480573767352e-18,1.1826782311727588e-18,1.1829082324108515e-18,1.1831380612163352e-18,1.1833677177181512e-18,1.183597195729244e-18,1.1838265080722087e-18,1.1840556484431781e-18,1.1842846165762439e-18,1.184513413482413e-18,1.1847420388553045e-18,1.1849704928403485e-18,1.1851987755569337e-18,1.185426887128486e-18,1.1856548276828667e-18,1.1858825973494186e-18,1.1861101962504178e-18,1.1863376245240204e-18,1.1865648822899822e-18,1.1867919696824701e-18,1.1870188868260102e-18,1.187245633848419e-18,1.1874722108768322e-18,1.1876986180337657e-18,1.1879248554567771e-18,1.1881509232685611e-18,1.188376821590871e-18,1.188602550555656e-18,1.1888281102900677e-18,1.1890535009246277e-18,1.1892787225824182e-18,1.1895037753899876e-18,1.1897286534802017e-18,1.1899533690246786e-18,1.1901779160461586e-18,1.1904022947211683e-18,1.1906265051778259e-18,1.1908505475420087e-18,1.19107442194007e-18,1.1912981284974556e-18,1.1915216673400919e-18,1.191745038593586e-18,1.1919682423843755e-18,1.1921912788371884e-18,1.19241414807763e-18,1.1926368502315533e-18,1.1928593854239115e-18,1.1930817537796455e-18,1.1933039554239295e-18,1.1935259901918265e-18,1.1937478558393122e-18,1.1939695562929715e-18,1.194191092325264e-18,1.1944124622846016e-18,1.1946336659870885e-18,1.1948547041330815e-18,1.1950755765796988e-18,1.1952962834371685e-18,1.1955168248280183e-18,1.195737200875296e-18,1.1959574117067075e-18,1.1961774574444492e-18,1.1963973382117215e-18,1.1966170541300384e-18,1.1968366053215894e-18,1.1970559917062353e-18,1.1972752138179471e-18,1.1974942713020687e-18,1.1977131648301463e-18,1.1979318942620239e-18,1.1981504597102198e-18,1.1983688612909367e-18,1.1985870966930989e-18,1.1988051709582984e-18,1.1990230792553516e-18,1.1992408266558635e-18,1.1994584104288092e-18,1.1996758311409621e-18,1.1998930887620232e-18,1.2001101838705296e-18,1.2003271162311635e-18,1.2005438859515106e-18,1.2007604931617704e-18,1.2009769379758832e-18,1.2011932205222852e-18,1.2014093409195398e-18,1.2016252992892452e-18,1.2018410957518252e-18,1.2020567304290337e-18,1.2022722031741109e-18,1.202487514629224e-18,1.2027026646784638e-18,1.2029176534275807e-18,1.2031324807384521e-18,1.2033471472391615e-18,1.2035616528109478e-18,1.2037759975664389e-18,1.2039901816253338e-18,1.2042042051025285e-18,1.204418068128493e-18,1.2046317708167345e-18,1.2048453130281584e-18,1.2050586951243195e-18,1.2052719175129534e-18,1.2054849800607896e-18,1.2056978828731436e-18,1.2059106257373965e-18,1.2061232094277544e-18,1.206335633750725e-18,1.2065478988176739e-18,1.2067600047415707e-18,1.206971951642489e-18,1.2071837396525934e-18,1.2073953686207655e-18,1.2076068391801096e-18,1.2078181512066024e-18,1.208029304810109e-18,1.2082402998565373e-18,1.2084511369540085e-18,1.208661815995592e-18,1.2088723368403143e-18,1.2090827000957001e-18,1.2092929056478598e-18,1.2095029536062095e-18,1.2097128440881202e-18,1.2099225772134144e-18,1.210132152852762e-18,1.210341571606099e-18,1.2105508333626883e-18,1.2107599382312207e-18,1.2109688863335257e-18,1.211177677784582e-18,1.2113863123724927e-18,1.211594790863327e-18,1.2118031081486359e-18,1.2120112742157255e-18,1.2122192816077452e-18,1.2124271356433919e-18,1.212634833823663e-18,1.2128423762880806e-18,1.2130497631545092e-18,1.2132569945415541e-18,1.2134640705610357e-18,1.21367099109193e-18,1.2138777564775503e-18,1.2140843670931396e-18,1.2142908228184075e-18,1.2144971237590925e-18,1.2147032698005073e-18,1.2149092615154626e-18,1.2151150986196827e-18,1.215320781321022e-18,1.2155263098791423e-18,1.2157316845471843e-18,1.2159369052506834e-18,1.216141972096764e-18,1.2163468849500627e-18,1.2165516444124142e-18,1.2167562503779406e-18,1.2169607029426014e-18,1.2171650022294718e-18,1.2173691483497992e-18,1.2175731411878477e-18,1.2177769810909317e-18,1.2179806683900103e-18,1.218184202953506e-18,1.2183875847444583e-18,1.2185908142633618e-18,1.2187938914256496e-18,1.2189968163328929e-18,1.219199589108187e-18,1.2194022098612196e-18,1.2196046787055184e-18,1.2198069957549113e-18,1.220009160801639e-18,1.2202111745936009e-18,1.2204130369408384e-18,1.2206147479481258e-18,1.2208163077256019e-18,1.221017716389632e-18,1.2212189740565855e-18,1.2214200808366877e-18,1.2216210368394442e-18,1.2218218421853362e-18,1.2220224969833839e-18,1.2222230011126242e-18,1.222423355144788e-18,1.2226235589757908e-18,1.2228236127101416e-18,1.2230235164597793e-18,1.2232232703378585e-18,1.2234228744558427e-18,1.2236223289236934e-18,1.223821633647662e-18,1.2240207889121758e-18,1.2242197951015262e-18,1.224418651890548e-18,1.2246173597972211e-18,1.2248159187358395e-18,1.2250143288110426e-18,1.225212590127746e-18,1.225410702808929e-18,1.225608666961677e-18,1.2258064826943567e-18,1.2260041501219742e-18,1.2262016693490547e-18,1.226399040495986e-18,1.226596263669414e-18,1.2267933389799137e-18,1.22699026632801e-18,1.2271870462376655e-18,1.2273836786248274e-18,1.227580163592493e-18,1.2277765012507766e-18,1.22797269171006e-18,1.2281687348746784e-18,1.2283646312589398e-18,1.2285603807793033e-18,1.2287559813359774e-18,1.2289514374748097e-18,1.2291467467891292e-18,1.229341909932862e-18,1.229536926767078e-18,1.2297317973934493e-18,1.2299265219201635e-18,1.230121100456905e-18,1.2303155331137618e-18,1.2305098178647301e-18,1.2307039569214982e-18,1.2308979526185372e-18,1.231091802846341e-18,1.2312855077416665e-18,1.2314790674121235e-18,1.231672481966302e-18,1.231865751512318e-18,1.232058876158976e-18,1.2322518560150733e-18,1.2324446911895342e-18,1.2326373817904817e-18,1.2328299279260802e-18,1.2330223297042662e-18,1.2332145872344974e-18,1.233406700623569e-18,1.2335986699805703e-18,1.2337904942743277e-18,1.2339821758724453e-18,1.2341737135898971e-18,1.2343644940828878e-18,1.2345551320388598e-18,1.2347456272535731e-18,1.2349359801408327e-18,1.2351261906494075e-18,1.2353162588837117e-18,1.235506184142372e-18,1.2356959681755572e-18,1.2358856102445106e-18,1.2360751104690915e-18,1.2362644676332596e-18,1.2364536843386188e-18,1.2366427595160865e-18,1.2368316932768562e-18,1.2370204857300309e-18,1.237209136323697e-18,1.2373976464745856e-18,1.2375860157665403e-18,1.2377742441655078e-18,1.2379623317809061e-18,1.2381502787182177e-18,1.23833808448618e-18,1.238525750375685e-18,1.2387132757556317e-18,1.2389006604345914e-18,1.2390879055478695e-18,1.23927500873643e-18,1.2394619738450905e-18,1.2396487967315263e-18,1.2398354822647782e-18,1.2400220279748038e-18,1.2402084319968152e-18,1.2403946989532563e-18,1.2405808266065575e-18,1.240766815047717e-18,1.2409526643806915e-18,1.2411383741244794e-18,1.2413245428505264e-18,1.2415099750697423e-18,1.2416952663199813e-18,1.241880420645743e-18,1.2420654367172768e-18,1.2422503147699064e-18,1.2424350545343071e-18,1.2426196561248349e-18,1.2428041194485417e-18,1.2429884450130633e-18,1.2431726301818027e-18,1.2433566757016335e-18,1.2435405857548448e-18,1.243724360317975e-18,1.2439079975900969e-18,1.244091497171097e-18,1.2442748595295823e-18,1.244458084805105e-18,1.2446411731670232e-18,1.2448241245843272e-18,1.2450069391178442e-18,1.245189616883726e-18,1.245372157686434e-18,1.245554562129445e-18,1.2457368303744735e-18,1.2459189623276551e-18,1.246100958049522e-18,1.246282816547408e-18,1.2464645397328107e-18,1.2466461275381835e-18,1.2468275795362364e-18,1.2470088958225576e-18,1.2471900752420792e-18,1.247371120079671e-18,1.2475520297094823e-18,1.2477327996376412e-18,1.2479140220908548e-18,1.2480945212135732e-18,1.2482748899095014e-18,1.2484557058811086e-18,1.2486357998906212e-18,1.2488157633997168e-18,1.2489955900991408e-18,1.249175284870429e-18,1.2493548449292605e-18,1.2495342686671488e-18,1.2497135599887199e-18,1.2498927177916461e-18,1.2500717412789352e-18,1.2502506290027658e-18,1.2504293851100329e-18,1.2506080069821461e-18,1.2507864952609705e-18,1.250964846213419e-18,1.251143066051347e-18,1.2513211504012635e-18,1.2514991015812033e-18,1.2516769238031237e-18,1.2518546128642658e-18,1.2520321681363933e-18,1.2522095918281386e-18,1.252386882271749e-18,1.2525640401155084e-18,1.2527410652340615e-18,1.2529179586098779e-18,1.2530947194447056e-18,1.2532713483113802e-18,1.2534478450683571e-18,1.2536242055805924e-18,1.2538004342659003e-18,1.2539765311393285e-18,1.254152496296785e-18,1.2543283329583371e-18,1.254504038788928e-18,1.254679609366847e-18,1.25485505268309e-18,1.2550303648321648e-18,1.2552055454971247e-18,1.2553805952761582e-18,1.2555555134685928e-18,1.255730300671268e-18,1.2559049541169848e-18,1.2560794806480366e-18,1.2562538772119814e-18,1.2564281391998939e-18,1.2566022749875534e-18,1.2567762805531668e-18,1.2569501559860862e-18,1.2571239013439575e-18,1.2572975168005655e-18,1.2574710025380419e-18,1.2576443577674004e-18,1.257817583580104e-18,1.2579906761414324e-18,1.2581636434553439e-18,1.2583364814241595e-18,1.2585091897815228e-18,1.2586817691823554e-18,1.2588542195109047e-18,1.2590265367654302e-18,1.2591987293719297e-18,1.2593707932125844e-18,1.25954272837024e-18,1.2597145349380944e-18,1.2598862130163799e-18,1.2600577627000697e-18,1.260229183387476e-18,1.2604004762984954e-18,1.260571641252554e-18,1.2607426781598653e-18,1.2609135861467703e-18,1.2610843673196014e-18,1.2612550208018457e-18,1.2614255464858887e-18,1.2615959446671473e-18,1.2617662155620675e-18,1.2619363552558217e-18,1.262106368206714e-18,1.2622762538488264e-18,1.262446015924699e-18,1.2626156510440593e-18,1.262785159307724e-18,1.2629545407980054e-18,1.2631237954484546e-18,1.2632929236917426e-18,1.2634619254380641e-18,1.2636308009252075e-18,1.263799549912772e-18,1.2639681725861183e-18,1.264136669112354e-18,1.2643050397307936e-18,1.2644732844161927e-18,1.2646414034146793e-18,1.2648093962903529e-18,1.2649772596887782e-18,1.2651450016053213e-18,1.2653126181112491e-18,1.2654801095336532e-18,1.2656474756856999e-18,1.2658147165434605e-18,1.265981831937942e-18,1.266148822744988e-18,1.2663156887867166e-18,1.2664824298999185e-18,1.2666490464622826e-18,1.2668155384095025e-18,1.2669819058446229e-18,1.2671481468760275e-18,1.2673142655534142e-18,1.2674802598799835e-18,1.2676461296870825e-18,1.2678118758263548e-18,1.2679774980157651e-18,1.2681429957790898e-18,1.2683083704712718e-18,1.2684736213515595e-18,1.2686387486437523e-18,1.2688037507525042e-18,1.2689686312752243e-18,1.2691333885037762e-18,1.2692980223926188e-18,1.2694625331587987e-18,1.2696269208965624e-18,1.2697911856940893e-18,1.2699553239519037e-18,1.2701193398146534e-18,1.2702832364717906e-18,1.2704470105698866e-18,1.2706106620546635e-18,1.2707741912067318e-18,1.2709375978967498e-18,1.2711008825164763e-18,1.2712640451420543e-18,1.2714270857459925e-18,1.271590004295138e-18,1.271752801002399e-18,1.2719154759673509e-18,1.272078029275966e-18,1.2722404611484257e-18,1.2724027714209615e-18,1.272564960436238e-18,1.2727270281580469e-18,1.2728889745625905e-18,1.2730507999738193e-18,1.273212504365864e-18,1.2733740878289239e-18,1.2735355504552382e-18,1.2736968904748117e-18,1.2738581116872377e-18,1.2740192121628041e-18,1.2741801922240158e-18,1.2743410518894658e-18,1.2745017912592569e-18,1.2746624072597126e-18,1.2748229060941865e-18,1.2749832849592764e-18,1.2751435436895084e-18,1.2753036829278307e-18,1.2754637025285213e-18,1.2756236023445251e-18,1.2757833789625385e-18,1.2759430396722453e-18,1.2761025810426791e-18,1.2762620030973032e-18,1.2764213059664906e-18,1.2765804895438722e-18,1.276739554079798e-18,1.2768984994240902e-18,1.2770573262556814e-18,1.2772160343107934e-18,1.2773746238083232e-18,1.277533094707548e-18,1.2776914469751963e-18,1.277849680855065e-18,1.2780077963786184e-18,1.2781657937732257e-18,1.2783236728997977e-18,1.2784814339493859e-18,1.2786390768964276e-18,1.2787966020949496e-18,1.2789540094812235e-18,1.2791112992862524e-18,1.2792684713554754e-18,1.2794255255279674e-18,1.2795824627163056e-18,1.2797392820615204e-18,1.27989598445356e-18,1.2800525696355672e-18,1.2802090376825475e-18,1.2803653879041874e-18,1.280521622006119e-18,1.2806777394067791e-18,1.2808337400492294e-18,1.280989623897393e-18,1.2811453911979847e-18,1.2813010385377603e-18,1.2814565731718708e-18,1.281611991511619e-18,1.2817672931567484e-18,1.2819224790239831e-18,1.282077548488509e-18,1.2822325024584058e-18,1.282387340432929e-18,1.2825420627382105e-18,1.2826966692264243e-18,1.2828511591714827e-18,1.2830055343488915e-18,1.2831597941050686e-18,1.2833139387734202e-18,1.283467966580018e-18,1.2836218792441747e-18,1.2837756783432727e-18,1.2839293623225941e-18,1.2840829313778989e-18,1.2842363842724323e-18,1.2843897224383311e-18,1.2845429473433356e-18,1.2846960576768244e-18,1.2848490535146433e-18,1.2850019349420032e-18,1.285154701918917e-18,1.2853073545547784e-18,1.285459893161115e-18,1.28561231677865e-18,1.2857646273279292e-18,1.2859168239769624e-18,1.286068906929442e-18,1.2862208760366585e-18,1.2863727313820338e-18,1.2865244731943166e-18,1.2866761017546332e-18,1.2868276153341004e-18,1.2869790169169234e-18,1.287130305457496e-18,1.2872814809765823e-18,1.2874325434474062e-18,1.2875834924977294e-18,1.287734326416172e-18,1.2878850502424206e-18,1.2880356612546659e-18,1.2881861596447343e-18,1.2883365407105845e-18,1.2884868140903572e-18,1.288636975004956e-18,1.2887870222403392e-18,1.2889369582608851e-18,1.2890867826811536e-18,1.2892364949879025e-18,1.2893860950880204e-18,1.2895355836480998e-18,1.28968496042011e-18,1.2898342224314668e-18,1.2899833729836215e-18,1.29013241476216e-18,1.2902813449020718e-18,1.2904301641195763e-18,1.2905788718470102e-18,1.2907274683397644e-18,1.290875953851856e-18,1.2910243283216725e-18,1.2911725918487329e-18,1.2913207445069792e-18,1.2914687863734458e-18,1.2916167176498572e-18,1.2917645383064846e-18,1.2919122482052914e-18,1.2920598477668537e-18,1.2922073368454506e-18,1.2923547158599e-18,1.292501983585069e-18,1.2926491420332621e-18,1.2927961904317736e-18,1.2929431290086071e-18,1.2930899578117802e-18,1.2932366768208541e-18,1.2933832860070213e-18,1.2935297855645825e-18,1.2936761728196345e-18,1.2938224533560032e-18,1.293968624631933e-18,1.2941146864917832e-18,1.2942606378425214e-18,1.2944064813337163e-18,1.2945522158884473e-18,1.2946978410341531e-18,1.2948433572831215e-18,1.2949887645991074e-18,1.2951340623505848e-18,1.295279251501606e-18,1.2954243334202444e-18,1.2955693064237726e-18,1.2957141712171695e-18,1.2958589278325935e-18,1.2960035760986656e-18,1.2961481149307598e-18,1.2962925470398008e-18,1.2964368710615827e-18,1.2965810871784343e-18,1.2967251955491335e-18,1.2968691961538012e-18,1.297013089086508e-18,1.2971568744169856e-18,1.2973005522336242e-18,1.2974441213917943e-18,1.2975875831832494e-18,1.2977309389217316e-18,1.2978741873828363e-18,1.2980173288311651e-18,1.2981603632375247e-18,1.2983032906964093e-18,1.2984461112816969e-18,1.2985888249624784e-18,1.2987314320447237e-18,1.2988739325954505e-18,1.2990163265851797e-18,1.2991586140968087e-18,1.2993007951083497e-18,1.29944286940467e-18,1.299584837552592e-18,1.2997266972069564e-18,1.2998684535324079e-18,1.300010103761421e-18,1.300151648074903e-18,1.3002930862900457e-18,1.300434418989243e-18,1.3005756461378948e-18,1.3007167675790695e-18,1.3008577836044282e-18,1.3009986940676112e-18,1.3011394988637261e-18,1.3012801987891114e-18,1.3014207933944556e-18,1.3015612828889155e-18,1.301701667334652e-18,1.3018419466846044e-18,1.3019821212703405e-18,1.3021221909242715e-18,1.302262155953519e-18,1.3024020163131434e-18,1.3025417722129236e-18,1.302681423502143e-18,1.3028209700534806e-18,1.3029604122421445e-18,1.3030997504978157e-18,1.3032389845600611e-18,1.3033781144157832e-18,1.3035171403456233e-18,1.3036560623178987e-18,1.303794880412604e-18,1.3039335947087608e-18,1.3040722050421379e-18,1.3042107120702994e-18,1.30434911535233e-18,1.3044874152177456e-18,1.3046256116802712e-18,1.3047637048144545e-18,1.3049016948015283e-18,1.3050395816082798e-18,1.3051773652095514e-18,1.3053150457850335e-18,1.3054526235212049e-18,1.3055900979668236e-18,1.305727469826167e-18,1.3058647387762453e-18,1.3060019053076551e-18,1.3061389692384512e-18,1.3062759308962622e-18,1.3064127900478772e-18,1.306549546866134e-18,1.3066862008410972e-18,1.3068227532398963e-18,1.3069592032393037e-18,1.3070955512034567e-18,1.307231797313221e-18,1.3073679417697603e-18,1.307503984515973e-18,1.3076399253382881e-18,1.3077757646239477e-18,1.3079115024340653e-18,1.3080471387450754e-18,1.3081826736384923e-18,1.3083181071911304e-18,1.308453438967734e-18,1.308588669875151e-18,1.3087237998652219e-18,1.3088588280875233e-18,1.308993755869843e-18,1.3091285827755896e-18,1.3092633090646041e-18,1.309397934420958e-18,1.3095324593138846e-18,1.3096668834293162e-18,1.3098012069217322e-18,1.3099354302913386e-18,1.3100695526140078e-18,1.3102035753396142e-18,1.3103374971456272e-18,1.3104713191017155e-18,1.3106050412161654e-18,1.310738663354476e-18,1.310872185111392e-18,1.3110056072870487e-18,1.3111389299109717e-18,1.3112721526941046e-18,1.3114052760197617e-18,1.3115382993378862e-18,1.3116712231668452e-18,1.3118040481117106e-18,1.311936773268081e-18,1.3120693996529655e-18,1.3122019265788757e-18,1.3123343542540153e-18,1.3124666831626474e-18,1.3125989133395922e-18,1.3127310444820914e-18,1.3128630770152745e-18,1.3129950108219525e-18,1.3131268455143698e-18,1.3132585818815599e-18,1.3133902200565486e-18,1.313521759345298e-18,1.3136532005793032e-18,1.3137845438083432e-18,1.3139157887243693e-18,1.3140469355092694e-18,1.314177984234832e-18,1.3143089349797302e-18,1.3144397878114864e-18,1.3145705428061002e-18,1.3147012000373553e-18,1.3148317595770484e-18,1.3149622215121222e-18,1.3150925858935042e-18,1.3152228527125177e-18,1.315353022321292e-18,1.3154830945989834e-18,1.315613069527098e-18,1.315742947378568e-18,1.3158727281155079e-18,1.316002411816946e-18,1.3161319985557479e-18,1.316261488307867e-18,1.3163908813395869e-18,1.3165201776266313e-18,1.3166493772408173e-18,1.3167784802543344e-18,1.3169074865602267e-18,1.3170363964039303e-18,1.3171652099601823e-18,1.3172939269203796e-18,1.3174225476339152e-18,1.3175510721082164e-18,1.3176795005648967e-18,1.3178078333758705e-18,1.3179360701392007e-18,1.3180642111180783e-18,1.3181922561938128e-18,1.3183202056279608e-18,1.3184480592094293e-18,1.3185758170117996e-18,1.3187034792864459e-18,1.3188310464928844e-18,1.3189585182287772e-18,1.31908589474264e-18,1.3192131759307723e-18,1.3193403616696375e-18,1.3194674526960974e-18,1.319594448511624e-18,1.3197213495700254e-18,1.3198481556472257e-18,1.319974866823457e-18,1.320101483358389e-18,1.3202280052367471e-18,1.3203544326030517e-18,1.3204807653601888e-18,1.3206070036483588e-18,1.3207331476456894e-18,1.3208591973295399e-18,1.3209851527701964e-18,1.3211110139580439e-18,1.3212367811262372e-18,1.3213624541822175e-18,1.3214880331750276e-18,1.3216135183818145e-18,1.3217389096446358e-18,1.3218642071730758e-18,1.3219894107687453e-18,1.322114520810651e-18,1.3222395375188683e-18,1.3223644608384498e-18,1.3224892907525784e-18,1.3226140273359604e-18,1.3227386706610408e-18,1.3228632208895877e-18,1.3229876776693868e-18,1.3231120412814196e-18,1.3232363122647603e-18,1.3233604900539564e-18,1.3234845752792338e-18,1.3236085678269845e-18,1.323732467356668e-18,1.323856274229294e-18,1.3239799885121198e-18,1.3241036104751986e-18,1.324227140206227e-18,1.3243505775726188e-18,1.3244739225509971e-18,1.3245971754033035e-18,1.3247203360179999e-18,1.3248434041995392e-18,1.324966380817678e-18,1.32508926533455e-18,1.3252120581238814e-18,1.3253347591129791e-18,1.3254573683651296e-18,1.3255798858774906e-18,1.325702311762741e-18,1.3258246462125295e-18,1.3259468888393388e-18,1.3260690404333276e-18,1.3261911002667643e-18,1.326313069190134e-18,1.3264349470111021e-18,1.3265567336197446e-18,1.3266784291029262e-18,1.3268000337695543e-18,1.3269215475148196e-18,1.3270429704102197e-18,1.3271643025265727e-18,1.3272855434130386e-18,1.3274066940705165e-18,1.327527754249361e-18,1.3276487237604755e-18,1.3277696029940126e-18,1.3278903918484159e-18,1.3280110904020848e-18,1.3281316987129416e-18,1.3282522168495871e-18,1.3283726447944188e-18,1.3284929827015242e-18,1.3286132305675468e-18,1.3287333887076814e-18,1.3288534569979164e-18,1.3289734354350722e-18,1.3290933241675677e-18,1.3292131231972723e-18,1.3293328328263395e-18,1.3294524529571214e-18,1.3295719835012188e-18,1.3296914244029326e-18,1.3298107763472075e-18,1.3299300390583264e-18,1.3300492126047732e-18,1.3301682966231044e-18,1.330287292123569e-18,1.3304061985057718e-18,1.3305250160652686e-18,1.3306437447263511e-18,1.3307623846777007e-18,1.330880935674045e-18,1.3309993983022235e-18,1.331117772306946e-18,1.3312360578663598e-18,1.3313542549329264e-18,1.3314723636901293e-18,1.3315903841531758e-18,1.331708316314735e-18,1.3318261602934469e-18,1.3319439163289613e-18,1.3320615843325152e-18,1.3321791639365113e-18,1.3322966560698292e-18,1.3324140603604185e-18,1.33253137678739e-18,1.3326486047453475e-18,1.3327657457651326e-18,1.3328827991907377e-18,1.3329997652715674e-18,1.3331166437384687e-18,1.3332334349056473e-18,1.3333501386746512e-18,1.3334667553712558e-18,1.3335832848685515e-18,1.333699727249032e-18,1.3338160824871726e-18,1.333932350736081e-18,1.3340485317357207e-18,1.334164626207142e-18,1.3342806338814118e-18,1.3343965545659764e-18,1.334512388846307e-18,1.334628136526823e-18,1.3347437976706197e-18,1.334859372350824e-18,1.3349748606215285e-18,1.335090262598336e-18,1.3352055782860467e-18,1.3353208074062436e-18,1.3354359502984954e-18,1.3355510075949867e-18,1.3356659787927954e-18,1.3357808640363805e-18,1.3358956634773397e-18,1.3360103762679828e-18,1.3361250040431381e-18,1.3362395460688841e-18,1.3363540025918073e-18,1.3364683734154435e-18,1.3365826585226356e-18,1.336696858196371e-18,1.3368109727486405e-18,1.336925002074303e-18,1.337038946146951e-18,1.3371528046987337e-18,1.337266578382752e-18,1.3373802670109108e-18,1.3374938707305574e-18,1.3376073894341013e-18,1.3377208232709334e-18,1.3378341723046208e-18,1.337947436351602e-18,1.3380606159655913e-18,1.3381737109690437e-18,1.3382867215093277e-18,1.3383996475630363e-18,1.3385124891932309e-18,1.3386252463186207e-18,1.338737919201427e-18,1.3388505076034824e-18,1.3389630119382551e-18,1.3390754322613704e-18,1.3391877685857364e-18,1.3393000209428304e-18,1.3394121893097318e-18,1.3395242738861179e-18,1.3396362746000293e-18,1.3397481914008603e-18,1.3398600245323342e-18,1.339971774390789e-18,1.3400834407066967e-18,1.340195023540961e-18,1.340306522968018e-18,1.3404179390254956e-18,1.3405292717920942e-18,1.3406405213270829e-18,1.340751687609441e-18,1.3408627707854718e-18,1.3409737709180844e-18,1.341084688066687e-18,1.341195522047076e-18,1.3413062735005931e-18,1.3414169420739572e-18,1.3415275279146888e-18,1.3416380310836627e-18,1.3417484516531454e-18,1.341858789358102e-18,1.3419690447893245e-18,1.3420792175799381e-18,1.342189308316601e-18,1.3422993168290759e-18,1.342409243042651e-18,1.3425190870787309e-18,1.3426288489093712e-18,1.342738528751529e-18,1.3428481262937166e-18,1.3429576421788614e-18,1.3430670759680687e-18,1.3431764281483022e-18,1.3432856983866635e-18,1.3433948872295634e-18,1.343503994429231e-18,1.3436130200202152e-18,1.3437219641112845e-18,1.3438308267904393e-18,1.3439396078144423e-18,1.3440483078506452e-18,1.3441569266104983e-18,1.3442654641143206e-18,1.344373920486377e-18,1.344482295700502e-18,1.3445905900263615e-18,1.3446988033092377e-18,1.3448069357560956e-18,1.3449149873015148e-18,1.3450229581327816e-18,1.3451308482667148e-18,1.3452386577490584e-18,1.3453463866361887e-18,1.3454540349674298e-18,1.3455616026798608e-18,1.34566909014928e-18,1.345776497257582e-18,1.3458838240714541e-18,1.3459910705701095e-18,1.346098236870943e-18,1.3462053228352762e-18,1.3463123290724014e-18,1.3464192553145812e-18,1.346526101301202e-18,1.346632867652858e-18,1.3467395542716085e-18,1.3468461611350141e-18,1.346952688222848e-18,1.347059135675032e-18,1.3471655035460801e-18,1.3472717919851985e-18,1.3473780009667735e-18,1.3474841304142359e-18,1.3475901805227864e-18,1.3476961513331545e-18,1.3478020429944068e-18,1.3479078554515002e-18,1.3480135888458298e-18,1.3481192432042823e-18,1.3482248186618725e-18,1.348330315196447e-18,1.3484357325499882e-18,1.348541071332084e-18,1.3486463310746921e-18,1.3487515123673405e-18,1.3488566150927604e-18,1.3489616392442017e-18,1.3490665848214047e-18,1.349171451993029e-18,1.349276240860244e-18,1.349380951024115e-18,1.3494855831985256e-18,1.3495901371567355e-18,1.3496946128983227e-18,1.3497990105324325e-18,1.3499033301236191e-18,1.3500075717469601e-18,1.3501117355748237e-18,1.3502158214539923e-18,1.3503198295500732e-18,1.3504237598950062e-18,1.3505276125226306e-18,1.3506313875445906e-18,1.3507350850378741e-18,1.350838705010087e-18,1.350942247535481e-18,1.3510457125620895e-18,1.3511491003240077e-18,1.3512524108128438e-18,1.35135564405599e-18,1.3514588001422995e-18,1.3515618787420052e-18,1.351664880569964e-18,1.351767805394622e-18,1.3518711840987016e-18,1.3519739546534365e-18,1.3520771786450072e-18,1.3521797953544475e-18,1.3522823353355876e-18,1.3523853277607622e-18,1.3524882428396968e-18,1.3525910806077675e-18,1.352693841169448e-18,1.3527965245235258e-18,1.3528991307658425e-18,1.3530016599854059e-18,1.353104112181581e-18,1.3532064874627584e-18,1.3533087858346793e-18,1.3534110074085418e-18,1.3535131520865735e-18,1.3536152201850057e-18,1.3537172116301937e-18,1.3538191264483675e-18,1.35392096473705e-18,1.3540227265718445e-18,1.3541244119537847e-18,1.3542260210022309e-18,1.3543275537439093e-18,1.3544290102354504e-18,1.3545303905002178e-18,1.3546316946643438e-18,1.3547329227501912e-18,1.3548340746964777e-18,1.3549351507711837e-18,1.3550361509390046e-18,1.355137075252146e-18,1.355237923803247e-18,1.35533869658887e-18,1.355439393724851e-18,1.3555400151164438e-18,1.3556405610645573e-18,1.3557410314775408e-18,1.3558414264676173e-18,1.3559417460593596e-18,1.3560419903121158e-18,1.356142159282359e-18,1.3562422530271932e-18,1.3563422716028706e-18,1.3564422150657005e-18,1.3565420834722911e-18,1.3566418768787063e-18,1.3567415953414999e-18,1.3568412387140502e-18,1.3569408074584653e-18,1.3570403014279081e-18,1.357139720474494e-18,1.3572390650619445e-18,1.357338335043229e-18,1.3574375304741592e-18,1.357536651410436e-18,1.3576356979075273e-18,1.3577346700218624e-18,1.357833567809278e-18,1.3579323913256716e-18,1.3580311405271165e-18,1.3581298156691508e-18,1.3582284166032656e-18,1.3583269435924794e-18,1.3584253965891525e-18,1.3585237756240812e-18,1.3586220807781864e-18,1.358720312130321e-18,1.3588184697119708e-18,1.3589165535473145e-18,1.3590145637240288e-18,1.3591125001293426e-18,1.3592103630835679e-18,1.359308152541486e-18,1.3594058686336359e-18,1.3595035113485214e-18,1.359601080755948e-18,1.3596985768902129e-18,1.3597959998055245e-18,1.3598933495575556e-18,1.3599906262006573e-18,1.3600878297668722e-18,1.3601849603363519e-18,1.3602820179832799e-18,1.3603790027410227e-18,1.360475914665436e-18,1.3605727537080622e-18,1.3606695201258193e-18,1.3607662138730974e-18,1.3608628350045226e-18,1.3609593833850278e-18,1.3610558592546847e-18,1.361152262865182e-18,1.3612485940777288e-18,1.3613448529465927e-18,1.3614410393364883e-18,1.3615371536579212e-18,1.3616331958215371e-18,1.361729165665424e-18,1.3618250636303115e-18,1.361920889578365e-18,1.3620166435604324e-18,1.3621123256320391e-18,1.3622079358473946e-18,1.362303474260471e-18,1.3623989409034924e-18,1.3624943358755362e-18,1.3625896591114963e-18,1.3626849108546003e-18,1.3627800910440455e-18,1.3628751996784728e-18,1.362970236990263e-18,1.3630652029046651e-18,1.3631600975205656e-18,1.3632549208714988e-18,1.3633496730098004e-18,1.3634443539896956e-18,1.3635389638651351e-18,1.3636335026934951e-18,1.363727970495982e-18,1.3638223672865203e-18,1.3639166932775947e-18,1.364010948431257e-18,1.3641051327996335e-18,1.3641992463519819e-18,1.3642932893122873e-18,1.3643872616455906e-18,1.364481163407068e-18,1.3645749946486195e-18,1.364668755425576e-18,1.364762445787377e-18,1.3648560657888057e-18,1.3649496154823248e-18,1.3650430949227008e-18,1.3651365041590621e-18,1.3652298432461032e-18,1.3653231122403434e-18,1.365416311186315e-18,1.3655094400513698e-18,1.3656024990669072e-18,1.3656954881962416e-18,1.3657884074916418e-18,1.365881257005338e-18,1.3659740367694343e-18,1.3660667467879426e-18,1.3661593872712037e-18,1.3662519581822455e-18,1.3663444595751194e-18,1.3664368914989775e-18,1.366529254007201e-18,1.3666215471519599e-18,1.3667137708977008e-18,1.366805925450509e-18,1.366898010819103e-18,1.366990027030838e-18,1.3670819741387405e-18,1.3671738521759188e-18,1.3672656612329602e-18,1.3673574013420208e-18,1.3674490725353877e-18,1.3675406749041612e-18,1.3676322084803668e-18,1.367723673315657e-18,1.367815069462017e-18,1.3679063969706703e-18,1.3679976558931647e-18,1.3680888462807593e-18,1.3681799681660662e-18,1.3682710216384606e-18,1.3683620067308228e-18,1.368452923494178e-18,1.368543771979321e-18,1.3686345522380674e-18,1.3687252643220963e-18,1.3688159082819884e-18,1.3689064841690142e-18,1.3689969920142017e-18,1.3690874319089223e-18,1.3691778038671263e-18,1.3692681079736086e-18,1.3693583442472224e-18,1.369448512769299e-18,1.369538613575078e-18,1.3696286467157604e-18,1.3697186120762644e-18,1.3698085099621722e-18,1.3698983403296296e-18,1.3699881032376883e-18,1.3700777987321715e-18,1.370167426866332e-18,1.3702569877736108e-18,1.3703464813398361e-18,1.3704359076969609e-18,1.3705252669767673e-18,1.3706145591505278e-18,1.3707037841036268e-18,1.3707929422148095e-18,1.3708820333643956e-18,1.370971057607723e-18,1.3710600149944967e-18,1.3711489055750958e-18,1.3712377293920954e-18,1.3713264865119653e-18,1.3714151768933084e-18,1.371503800749813e-18,1.3715923580500482e-18,1.3716808488443124e-18,1.3717692731826844e-18,1.3718576311155052e-18,1.3719459226917881e-18,1.3720341479616723e-18,1.3721223069755364e-18,1.3722103997825478e-18,1.3722984264324655e-18,1.3723863869748215e-18,1.3724742814438839e-18,1.372562109920127e-18,1.3726498724380123e-18,1.3727375690485124e-18,1.3728251997975229e-18,1.3729127647369178e-18,1.3730002638343602e-18,1.3730876972840877e-18,1.3731750650896063e-18,1.3732623672025634e-18,1.373349603833482e-18,1.3734367749533282e-18,1.3735238805236791e-18,1.3736109207408295e-18,1.3736978955905586e-18,1.3737848051407343e-18,1.3738716494047418e-18,1.3739584283871363e-18,1.3740451422006713e-18,1.3741317909536191e-18,1.3742183746516494e-18,1.3743048933258191e-18,1.3743913470015835e-18,1.3744777357548478e-18,1.3745640596295315e-18,1.3746503186960305e-18,1.3747365129831226e-18,1.3748226425387379e-18,1.3749087074115304e-18,1.3749947076497198e-18,1.3750806433022518e-18,1.3751665144181579e-18,1.3752523210449355e-18,1.3753380632313217e-18,1.3754237410259202e-18,1.3755093544601537e-18,1.3755949035992003e-18,1.375680388508197e-18,1.3757658092189434e-18,1.3758511657788232e-18,1.375936458219172e-18,1.376021686605477e-18,1.3761068510030297e-18,1.3761919514424638e-18,1.3762769879555417e-18,1.3763619606090701e-18,1.3764468693816692e-18,1.3765317144514507e-18,1.3766164957404149e-18,1.3767012134399917e-18,1.3767858675188334e-18,1.3768704580053592e-18,1.3769549849102115e-18,1.377039448325323e-18,1.3771238483896847e-18,1.3772081850701911e-18,1.3772924583938332e-18,1.377376668366524e-18,1.3774608151566759e-18,1.3775448987060863e-18,1.3776289191123993e-18,1.3777128764875238e-18,1.377796770738687e-18,1.3778806019800984e-18,1.3779643702699653e-18,1.3780480757228694e-18,1.3781317183134823e-18,1.378215298070535e-18,1.3782988150661244e-18,1.3783822693527468e-18,1.378465660902336e-18,1.378548989869417e-18,1.378632256258374e-18,1.3787154601322956e-18,1.3787986015204877e-18,1.3788816803996947e-18,1.3789646968782316e-18,1.3790476510726537e-18,1.3791305429864688e-18,1.379213372648788e-18,1.3792961401063886e-18,1.3793788453952095e-18,1.379461488529295e-18,1.3795440695713465e-18,1.3796265886774303e-18,1.379709045796913e-18,1.3797914409933232e-18,1.3798737743266624e-18,1.3799560458058075e-18,1.3800382555195336e-18,1.3801204034942895e-18,1.3802024896970876e-18,1.3802845143161725e-18,1.380366477337704e-18,1.3804483787374385e-18,1.3805302187131157e-18,1.3806119972255892e-18,1.3806937142529856e-18,1.3807753699119197e-18,1.3808569642485232e-18,1.3809384973075174e-18,1.3810199692043335e-18,1.381101379898441e-18,1.3811827294730126e-18,1.3812640179524429e-18,1.381345245383927e-18,1.3814264117495897e-18,1.3815075172238913e-18,1.381588561773414e-18,1.3816695454742638e-18,1.3817504682923624e-18,1.3818313304037638e-18,1.3819121317785057e-18,1.3819928724789814e-18,1.3820735525271598e-18,1.3821541720011924e-18,1.3822347309145358e-18,1.382315229344665e-18,1.3823956673208045e-18,1.3824760448761305e-18,1.3825563620614707e-18,1.3826366189470933e-18,1.3827168155624044e-18,1.3827969519486526e-18,1.3828770281369618e-18,1.3829570442040343e-18,1.3830370001594147e-18,1.383116896027897e-18,1.3831967319393937e-18,1.3832765078934981e-18,1.38335622387729e-18,1.383435879994752e-18,1.3835154762903384e-18,1.3835950128843781e-18,1.38367448973213e-18,1.3837539069072984e-18,1.3838332644235637e-18,1.3839125623600022e-18,1.3839918007293317e-18,1.384070979588625e-18,1.3841500989850271e-18,1.3842291589795142e-18,1.3843081595847794e-18,1.384387100860437e-18,1.384465982866443e-18,1.3845448056173544e-18,1.3846235691882234e-18,1.3847022735925005e-18,1.3847809188354428e-18,1.3848595050850263e-18,1.384938032317231e-18,1.3850165005749923e-18,1.3850949099032579e-18,1.3851732603462916e-18,1.3852515519482698e-18,1.385329784753537e-18,1.385407958806089e-18,1.3854860741325998e-18,1.385564130812323e-18,1.3856421288715735e-18,1.385720068356966e-18,1.3857979493079213e-18,1.3858757716342364e-18,1.385953535523684e-18,1.3860312411261649e-18,1.3861088882567314e-18,1.3861864771890431e-18,1.3862640078681229e-18,1.3863414803216604e-18,1.386418894593548e-18,1.3864962507267065e-18,1.3865735487504904e-18,1.3866507887239663e-18,1.3867279707056123e-18,1.386805094707757e-18,1.386882160790345e-18,1.3869591689986075e-18,1.3870361193707819e-18,1.3871130119697572e-18,1.3871898468100913e-18,1.3872666239434692e-18,1.3873433434159198e-18,1.3874200052715502e-18,1.3874966095592806e-18,1.3875731562561827e-18,1.3876496454677865e-18,1.387726077294051e-18,1.3878024516631204e-18,1.3878787686764377e-18,1.387955028433558e-18,1.388031230933079e-18,1.3881073762044623e-18,1.3881834642906454e-18,1.3882594952348902e-18,1.3883354690653704e-18,1.3884113858401894e-18,1.3884872455986334e-18,1.3885630484055302e-18,1.388638794267615e-18,1.3887144832594462e-18,1.388790115408873e-18,1.388865690742873e-18,1.38894120933564e-18,1.3890166712138674e-18,1.3890920763562136e-18,1.3891674249334124e-18,1.3892427169067568e-18,1.3893179523552373e-18,1.3893931312417146e-18,1.3894682536550796e-18,1.3895433197040586e-18,1.3896183293915314e-18,1.3896932827528737e-18,1.3897681798235554e-18,1.3898430206471636e-18,1.3899178052653561e-18,1.389992533662673e-18,1.390067205985001e-18,1.3901418222189727e-18,1.390216382427533e-18,1.3902908866389987e-18,1.390365334912374e-18,1.3904397272007248e-18,1.3905140636173215e-18,1.3905883442640629e-18,1.3906625691444018e-18,1.390736738218594e-18,1.3908108516550975e-18,1.3908849094151235e-18,1.3909589115749706e-18,1.3910328581583376e-18,1.3911067492206224e-18,1.3911805847786527e-18,1.3912543648886203e-18,1.3913280895705477e-18,1.3914017589043034e-18,1.3914753728495967e-18,1.3915489315160804e-18,1.3916224349356935e-18,1.3916958831962796e-18,1.3917692763141913e-18,1.3918426143131387e-18,1.3919158972358824e-18,1.3919891251086484e-18,1.3920622980010797e-18,1.3921354159413532e-18,1.3922084789692505e-18,1.392281487126648e-18,1.392354440455521e-18,1.3924273389965843e-18,1.3925001827906848e-18,1.3925729718791037e-18,1.3926457062882888e-18,1.3927183860884787e-18,1.3927910112916681e-18,1.3928635819543668e-18,1.3929360981153247e-18,1.3930085598307753e-18,1.3930809671273271e-18,1.3931533200458921e-18,1.393225618627418e-18,1.393297862843148e-18,1.3933700528573912e-18,1.3934421886081057e-18,1.393514270234909e-18,1.3935862977423493e-18,1.3936582711432727e-18,1.3937301904364948e-18,1.3938020557723312e-18,1.3938738671524221e-18,1.3939456245871091e-18,1.3940173281327849e-18,1.3940889778454046e-18,1.3941605737324748e-18,1.394232115864152e-18,1.3943036042674565e-18,1.3943750389828643e-18,1.3944464200506597e-18,1.3945177475119804e-18,1.394589021406186e-18,1.3946602417736405e-18,1.3947314086535751e-18,1.3948025220763027e-18,1.3948735820899459e-18,1.3949445887381195e-18,1.3950155420103606e-18,1.3950864420624847e-18,1.3951572888512619e-18,1.395228082448649e-18,1.3952988228800097e-18,1.3953695101850137e-18,1.3954401444037727e-18,1.3955107255758652e-18,1.3955812537441193e-18,1.3956517289277993e-18,1.3957221511859284e-18,1.3957925205704646e-18,1.3958628371063905e-18,1.3959331008343871e-18,1.3960033117941705e-18,1.396073470012417e-18,1.3961435755546279e-18,1.3962136284323336e-18,1.3962836287150537e-18,1.3963535764284526e-18,1.3964234716106974e-18,1.3964933143014767e-18,1.3965631045260177e-18,1.3966328423513348e-18,1.3967025277907922e-18,1.396772160908858e-18,1.3968417417321957e-18,1.396911270300023e-18,1.3969807466518079e-18,1.3970501708274907e-18,1.3971195428645293e-18,1.3971888628029114e-18,1.3972581306818428e-18,1.3973273465404067e-18,1.3973965104185965e-18,1.3974656223534736e-18,1.3975346823850582e-18,1.3976036905523268e-18,1.397672646894216e-18,1.3977415514011318e-18,1.3978104041968885e-18,1.3978792052831453e-18,1.3979479546988819e-18,1.3980166524971814e-18,1.3980852986405546e-18,1.3981538932929315e-18,1.3982224364305516e-18,1.3982909280814285e-18,1.3983593683054733e-18,1.3984277571306662e-18,1.3984960945964761e-18,1.3985643807397122e-18,1.3986326155997446e-18,1.3987007992151228e-18,1.3987689314976312e-18,1.3988370127389364e-18,1.3989050428522353e-18,1.398973021860664e-18,1.3990409498296893e-18,1.3991088267885696e-18,1.3991766527496294e-18,1.3992444277910307e-18,1.399312151917735e-18,1.399379825183162e-18,1.3994474476284485e-18,1.3995150192923946e-18,1.3995825402026818e-18,1.3996500104048191e-18,1.3997174299536335e-18,1.3997847988532911e-18,1.3998521171568603e-18,1.3999193849120988e-18,1.3999866021517662e-18,1.4000537689176285e-18,1.4001208852222818e-18,1.4001879511272537e-18,1.4002549666802134e-18,1.4003219318904794e-18,1.400388846823219e-18,1.4004557115014834e-18,1.4005225259651069e-18,1.4005892902497144e-18,1.4006560043939794e-18,1.4007226684355567e-18,1.4007892823935053e-18,1.4008558463436696e-18,1.4009223602896842e-18,1.4009888242772252e-18,1.401055238359908e-18,1.4011216025793099e-18,1.4011879169544006e-18,1.4012541815369062e-18,1.401320396344538e-18,1.4013865613646759e-18,1.401452676754384e-18,1.4015187424922643e-18,1.4015847586143432e-18,1.4016507251577788e-18,1.4017166421603491e-18,1.401782509658582e-18,1.401848327693514e-18,1.4019140962952276e-18,1.401979815504609e-18,1.402045485358438e-18,1.4021111057650701e-18,1.4021766768904595e-18,1.4022421988437557e-18,1.4023076716290464e-18,1.4023730952600875e-18,1.402438469701918e-18,1.4025037951074064e-18,1.4025690714495426e-18,1.4026342987724219e-18,1.4026994771045002e-18,1.4027646064882829e-18,1.40282968695859e-18,1.4028947185359253e-18,1.4029597012914084e-18,1.4030246352443806e-18,1.4030895204144364e-18,1.4031543568077225e-18,1.403219144572974e-18,1.4032838836824316e-18,1.4033485741735005e-18,1.403413216081855e-18,1.403477809443748e-18,1.403542354295583e-18,1.4036068506738557e-18,1.4036712986147594e-18,1.4037356981551364e-18,1.4038000493310386e-18,1.4038643521824433e-18,1.403928606742e-18,1.4039928130322058e-18,1.4040569710988355e-18,1.4041210809829587e-18,1.4041851427327638e-18,1.4042491563767581e-18,1.4043131219460468e-18,1.4043770394767664e-18,1.4044409090000713e-18,1.4045047305577687e-18,1.4045685040589166e-18,1.4046322297907e-18,1.4046959076654765e-18,1.4047595377165971e-18,1.4048231199823386e-18,1.4048866544963092e-18,1.404950141278925e-18,1.4050135804003866e-18,1.4050769718679174e-18,1.4051403157374954e-18,1.4052036120364207e-18,1.405266860799232e-18,1.4053300620621314e-18,1.4053932158644493e-18,1.40545632223381e-18,1.4055193812084057e-18,1.4055823928125684e-18,1.4056453571074803e-18,1.4057082741158247e-18,1.40577114387299e-18,1.4058339664157702e-18,1.4058967417782815e-18,1.4059594699960738e-18,1.4060221511030159e-18,1.4060847851374888e-18,1.4061473721170452e-18,1.4062099121085846e-18,1.4062724051333327e-18,1.406334851213892e-18,1.4063972504071958e-18,1.4064596027396975e-18,1.406521908228632e-18,1.4065841669285872e-18,1.406646378883874e-18,1.4067085441175344e-18,1.4067706626660342e-18,1.406832734561748e-18,1.4068947598423597e-18,1.4069567385457923e-18,1.4070186706327253e-18,1.4070805562585107e-18,1.4071423954218698e-18,1.40720418813338e-18,1.4072659344392097e-18,1.4073276343675746e-18,1.4073892879597654e-18,1.407450895263311e-18,1.4075124563005435e-18,1.407573971103663e-18,1.4076354397086981e-18,1.4076968621503584e-18,1.407758238447289e-18,1.4078195686511357e-18,1.4078808528118965e-18,1.4079420909299242e-18,1.4080032830597782e-18,1.4080644292484019e-18,1.4081255295156091e-18,1.4081865838960699e-18,1.4082475923532846e-18,1.4083085550466837e-18,1.4083694719750604e-18,1.4084303430789318e-18,1.4084911685417413e-18,1.4085519483243636e-18,1.4086126824458759e-18,1.4086733709560332e-18,1.4087340139032507e-18,1.4087946113133886e-18,1.4088551632095598e-18,1.408915669630796e-18,1.4089761306112309e-18,1.4090365461663358e-18,1.409096916367725e-18,1.4091572412140792e-18,1.4092175207725012e-18,1.4092777550432707e-18,1.4093379440998414e-18,1.4093980878759488e-18,1.4094581865547503e-18,1.4095182400991312e-18,1.4095782485442655e-18,1.4096382118513436e-18,1.4096981302016953e-18,1.4097580035464959e-18,1.4098178319411528e-18,1.4098776153726406e-18,1.4099373539091161e-18,1.4099970475810749e-18,1.4100566964365591e-18,1.4101163004787818e-18,1.4101758597760109e-18,1.4102353743487975e-18,1.4102948442188658e-18,1.410354269416088e-18,1.4104136499967107e-18,1.41047298598031e-18,1.4105322773853558e-18,1.410591524206353e-18,1.4106507266046394e-18,1.4107098845416944e-18,1.410768997976745e-18,1.4108280670193623e-18,1.4108870917027263e-18,1.4109460721100625e-18,1.4110050082403799e-18,1.4110639001107203e-18,1.411122747734247e-18,1.4111815511134029e-18,1.4112403103989217e-18,1.4112990254068723e-18,1.411357696467423e-18,1.4114163234458877e-18,1.4114749064153476e-18,1.4115334453883925e-18,1.4115919404038219e-18,1.4116503914833304e-18,1.4117087986656438e-18,1.4117671619633644e-18,1.4118254814292414e-18,1.4118837571178238e-18,1.4119419890407434e-18,1.412000177230929e-18,1.4120583217213039e-18,1.4121164225426978e-18,1.4121744767050195e-18,1.412232490294979e-18,1.412290460302786e-18,1.4123483837672203e-18,1.4124062667306587e-18,1.4124641032252987e-18,1.4125218962851625e-18,1.4125796459437723e-18,1.4126373552272166e-18,1.4126950211698695e-18,1.4127526408130765e-18,1.412810220176578e-18,1.4128677533061185e-18,1.4129252462192143e-18,1.4129826958215157e-18,1.4130400994235702e-18,1.4130974629045479e-18,1.4131547833033318e-18,1.4132120606548974e-18,1.4132692920040527e-18,1.4133264833577637e-18,1.4133836287774116e-18,1.4134407342579604e-18,1.4134977938751466e-18,1.4135548106419563e-18,1.4136117845896858e-18,1.4136687157566935e-18,1.4137256041614473e-18,1.4137824498409151e-18,1.4138392528331152e-18,1.4138960131656333e-18,1.4139527308716878e-18,1.4140094059831503e-18,1.4140660385329002e-18,1.4141226314592815e-18,1.414179178986186e-18,1.4142356840375442e-18,1.414292146654036e-18,1.4143485668674771e-18,1.414404944708925e-18,1.4144612831191537e-18,1.4145175763233736e-18,1.414573827240752e-18,1.4146300388064576e-18,1.4146862052649525e-18,1.4147423295423566e-18,1.4147984116708917e-18,1.4148544545749032e-18,1.414910455397304e-18,1.4149664112654566e-18,1.4150223251103127e-18,1.4150781969703347e-18,1.4151340268725433e-18,1.4151898148393274e-18,1.4152455609105891e-18,1.4153012651169528e-18,1.4153569274892478e-18,1.4154125480601595e-18,1.4154681268598361e-18,1.4155236639187027e-18,1.4155791621525029e-18,1.4156346158262203e-18,1.415690027853418e-18,1.4157453982680884e-18,1.4158007271082837e-18,1.4158560143891484e-18,1.4159112601497313e-18,1.4159664644212115e-18,1.4160216272343251e-18,1.4160767486211984e-18,1.416131828619585e-18,1.4161868701232329e-18,1.416241867413733e-18,1.4162968234092894e-18,1.416351740988293e-18,1.4164066144694067e-18,1.4164614467396389e-18,1.4165162406810418e-18,1.416570990624625e-18,1.4166257023035223e-18,1.416680370035331e-18,1.416734996717551e-18,1.416789582373739e-18,1.4168441270383277e-18,1.416898630739117e-18,1.4169530935091636e-18,1.4170075153736376e-18,1.4170618963715387e-18,1.4171162393836643e-18,1.4171705387291423e-18,1.4172247972948507e-18,1.4172790179554688e-18,1.417333195054473e-18,1.417387331467149e-18,1.4174414272257043e-18,1.4174954823585707e-18,1.4175494984781892e-18,1.4176034724498765e-18,1.4176574074681542e-18,1.4177113019802986e-18,1.4177651560189258e-18,1.4178189696126015e-18,1.4178727427905998e-18,1.4179264755843476e-18,1.4179801680243314e-18,1.418033818566895e-18,1.4180874288184036e-18,1.4181409988089814e-18,1.418194528569004e-18,1.418248020938233e-18,1.4183014731379754e-18,1.4183548851341118e-18,1.4184082558344868e-18,1.4184615877052056e-18,1.4185148782707127e-18,1.4185681300641158e-18,1.4186213406151918e-18,1.4186745112050461e-18,1.4187276418629178e-18,1.4187807326191425e-18,1.418833784743132e-18,1.418886797025389e-18,1.418939768254909e-18,1.4189927009414714e-18,1.4190455938756409e-18,1.419098447014838e-18,1.4191512592943947e-18,1.4192040319096533e-18,1.4192567648939802e-18,1.4193094582734503e-18,1.419362112080031e-18,1.4194147263432007e-18,1.4194673010901762e-18,1.419519836354794e-18,1.4195723321653691e-18,1.4196247885509428e-18,1.4196772055412124e-18,1.4197295831653273e-18,1.4197819214536706e-18,1.419834220435379e-18,1.4198864801400004e-18,1.4199387005970843e-18,1.4199908818356182e-18,1.4200430238858981e-18,1.4200951267783462e-18,1.4201471905408897e-18,1.4201992152010992e-18,1.420251200790202e-18,1.4203031473394426e-18,1.4203550548742985e-18,1.4204069234260092e-18,1.4204587530238465e-18,1.4205105436970568e-18,1.4205622954753359e-18,1.4206140083847252e-18,1.4206656824593885e-18,1.420717316203431e-18,1.4207689126926673e-18,1.420820470432772e-18,1.4208719894563383e-18,1.4209234697840872e-18,1.420974911451149e-18,1.4210263129719572e-18,1.4210776774011942e-18,1.4211290032552285e-18,1.4211802905629845e-18,1.4212315393528503e-18,1.4212827496542442e-18,1.4213339214965342e-18,1.4213850549055296e-18,1.4214361499129755e-18,1.4214872065496617e-18,1.4215382248393686e-18,1.4215892048161282e-18,1.4216401465067488e-18,1.4216910499353326e-18,1.421741915138438e-18,1.4217927421389303e-18,1.4218435309720082e-18,1.4218942816598915e-18,1.4219449942338298e-18,1.4219956687214607e-18,1.4220463051523508e-18,1.4220969035541404e-18,1.4221474651121146e-18,1.4221979875416848e-18,1.4222484720283965e-18,1.4222989185975507e-18,1.4223493272832979e-18,1.4223996981119338e-18,1.4224500311090571e-18,1.4225003263076114e-18,1.422550583730093e-18,1.4226008034123714e-18,1.4226509853788714e-18,1.4227011296579675e-18,1.4227512362782177e-18,1.4228013052639932e-18,1.4228513366495227e-18,1.4229013304638225e-18,1.4229512867303702e-18,1.4230012054806928e-18,1.4230510867391494e-18,1.4231009305366568e-18,1.423150736900154e-18,1.4232005058551554e-18,1.4232502374383823e-18,1.4232999316671608e-18,1.4233495885801875e-18,1.4233992081984539e-18,1.4234487905487428e-18,1.423498335664299e-18,1.4235478435574242e-18,1.4235973142850113e-18,1.423646747856944e-18,1.4236961443041083e-18,1.4237455036538779e-18,1.4237948259357081e-18,1.4238441111610171e-18,1.4238933593813265e-18,1.4239425706167198e-18,1.4239917448966513e-18,1.4240408822329013e-18,1.4240899826792105e-18,1.4241390462497574e-18,1.424188072970016e-18,1.4242370628699721e-18,1.4242860159810336e-18,1.4243349323260832e-18,1.4243838119356555e-18,1.4244326548339704e-18,1.4244814610489634e-18,1.4245302306100665e-18,1.4245789635475214e-18,1.4246276598863236e-18,1.424676319655327e-18,1.4247249428775499e-18,1.4247735295835594e-18,1.4248220797960383e-18,1.42487059355065e-18,1.4249190708706366e-18,1.4249675117827835e-18,1.4250159163155908e-18,1.4250642844952337e-18,1.4251126163521124e-18,1.4251609119090576e-18,1.4252091711946256e-18,1.4252573942326157e-18,1.425305581058967e-18,1.4253537316981841e-18,1.4254018461697778e-18,1.4254499245123943e-18,1.4254979667423648e-18,1.4255459728893822e-18,1.4255939429838341e-18,1.4256418770529078e-18,1.4256897751207257e-18,1.4257376372174316e-18,1.4257854633694928e-18,1.4258332536032228e-18,1.4258810079515834e-18,1.4259287264283915e-18,1.425976409072909e-18,1.4260240558911996e-18,1.4260716669368603e-18,1.426119242214624e-18,1.4261667817777363e-18,1.4262142856321225e-18,1.4262617538113353e-18,1.426309186345824e-18,1.4263565832576178e-18,1.426403944568953e-18,1.4264512742607184e-18,1.4264985684040381e-18,1.4265458270252973e-18,1.4265930501538877e-18,1.4266402378144427e-18,1.4266873860970532e-18,1.4267345029004291e-18,1.4267815843145964e-18,1.4268286303679686e-18,1.4268756410859422e-18,1.4269226164992453e-18,1.4269695566265842e-18,1.4270164614986e-18,1.4270633311449002e-18,1.4271101655848954e-18,1.4271569648486185e-18,1.4272037289613303e-18,1.4272504579518722e-18,1.4272971518451413e-18,1.4273438106664821e-18,1.427390434443503e-18,1.427437023202335e-18,1.4274835730720426e-18,1.427530087980044e-18,1.4275765718492457e-18,1.4276230208045895e-18,1.4276694348731854e-18,1.4277158140823219e-18,1.4277621584570595e-18,1.4278084680223358e-18,1.427854742805515e-18,1.4279009828327175e-18,1.427947188130039e-18,1.4279933548524164e-18,1.428039490771237e-18,1.4280855920383646e-18,1.428131658680989e-18,1.4281776907235877e-18,1.4282236881989153e-18,1.4282696511160052e-18,1.4283155795223936e-18,1.4283614734297819e-18,1.428407332863501e-18,1.4284531578571193e-18,1.4284989484286739e-18,1.428544704606896e-18,1.4285904264185822e-18,1.4286361138876598e-18,1.4286817670486616e-18,1.4287273859155828e-18,1.4287729667009975e-18,1.4288185170744554e-18,1.428864033231227e-18,1.4289095113699329e-18,1.42895495918354e-18,1.429000367688955e-18,1.4290457472577672e-18,1.4290910927466138e-18,1.4291364003757528e-18,1.4291816739774964e-18,1.4292269135796297e-18,1.4292721229897414e-18,1.429317294661987e-18,1.4293624324063042e-18,1.4294075362537612e-18,1.4294526062269176e-18,1.4294976423493387e-18,1.4295426446482964e-18,1.4295876131511591e-18,1.4296325478813226e-18,1.4296774488642225e-18,1.429722316125201e-18,1.429767149689768e-18,1.4298119495805423e-18,1.4298567158187497e-18,1.4299014484449972e-18,1.4299461474760187e-18,1.4299908129365487e-18,1.4300354448426834e-18,1.4300800432384738e-18,1.4301246081302068e-18,1.4301691395591003e-18,1.4302136375460471e-18,1.430258102113892e-18,1.4303025332845264e-18,1.4303469310888126e-18,1.4303912955489448e-18,1.430435626690115e-18,1.4304799245371498e-18,1.4305241891152484e-18,1.4305684204493054e-18,1.4306126185642783e-18,1.4306567834851122e-18,1.4307009152367516e-18,1.4307450138423441e-18,1.4307890793304672e-18,1.4308331117089563e-18,1.4308771110326965e-18,1.4309210773087468e-18,1.4309650105652069e-18,1.4310089108266432e-18,1.431052778117714e-18,1.431096612465183e-18,1.4311404138918749e-18,1.431184182422198e-18,1.4312279180782748e-18,1.4312716208878426e-18,1.4313152908777287e-18,1.4313589280700735e-18,1.4314025324895157e-18,1.4314461041452942e-18,1.4314896430927767e-18,1.4315331493410864e-18,1.4315766228996191e-18,1.4316200638230194e-18,1.4316634721132837e-18,1.4317068478083107e-18,1.4317501909287062e-18,1.4317935014971562e-18,1.4318367795377816e-18,1.4318800250754696e-18,1.4319232381343349e-18,1.431966418738628e-18,1.4320095669127606e-18,1.4320526826793099e-18,1.4320957660646121e-18,1.4321388170799636e-18,1.4321818357773878e-18,1.4322248221662885e-18,1.4322677762709639e-18,1.4323106981157455e-18,1.4323535877247246e-18,1.432396445122214e-18,1.4324392703324165e-18,1.432482063379409e-18,1.432524824287402e-18,1.4325675530805112e-18,1.4326102497828248e-18,1.4326529144184163e-18,1.43269554700422e-18,1.4327381475787375e-18,1.43278071615884e-18,1.4328232527684661e-18,1.4328657574315403e-18,1.4329082301722873e-18,1.4329506710145394e-18,1.4329930799822375e-18,1.4330354570992765e-18,1.433077802389646e-18,1.4331201158773008e-18,1.4331623975860781e-18,1.4332046475396534e-18,1.4332468657621276e-18,1.4332890522772528e-18,1.4333312071088652e-18,1.4333733302806388e-18,1.4334154218097198e-18,1.4334574817263658e-18,1.4334995100619095e-18,1.433541506830146e-18,1.433583472059831e-18,1.4336254057700586e-18,1.4336673079865312e-18,1.433709178732944e-18,1.4337510180327997e-18,1.4337928259116669e-18,1.4338346023919872e-18,1.433876347495996e-18,1.433918061247939e-18,1.4339597436713126e-18,1.434001394789577e-18,1.434043014626473e-18,1.4340846032053002e-18,1.4341261605495908e-18,1.4341676866828492e-18,1.4342091816270787e-18,1.4342506454068596e-18,1.4342920780473777e-18,1.4343334795704604e-18,1.4343748499994572e-18,1.4344161893579257e-18,1.4344574976667233e-18,1.434498774951979e-18,1.4345400212359016e-18,1.4345812365444889e-18,1.4346224208987562e-18,1.4346635743219484e-18,1.4347046968354031e-18,1.4347457884640808e-18,1.4347868492318128e-18,1.4348278791633634e-18,1.4348688782798317e-18,1.4349098466043444e-18,1.434950784158517e-18,1.4349916909667534e-18,1.4350325670520006e-18,1.4350734124379254e-18,1.4351142281026067e-18,1.435155012159936e-18,1.4351957655868477e-18,1.4352364884063583e-18,1.4352771806359177e-18,1.435317842309464e-18,1.4353584734384385e-18,1.4353990740579392e-18,1.4354396441848923e-18,1.4354801838405327e-18,1.4355206930494818e-18,1.435561171835976e-18,1.4356016202201023e-18,1.435642038226858e-18,1.435682425876233e-18,1.4357227831949603e-18,1.4357631102034489e-18,1.4358034069247607e-18,1.4358436733817994e-18,1.4358839095970369e-18,1.4359241155932655e-18,1.4359642913931647e-18,1.4360044370196077e-18,1.4360445524948323e-18,1.4360846378416502e-18,1.4361246930817392e-18,1.436164718239871e-18,1.4362047133375114e-18,1.43624467839713e-18,1.4362846134359551e-18,1.4363245184855617e-18,1.4363643935650843e-18,1.4364042386984013e-18,1.436444053906222e-18,1.4364838392094375e-18,1.4365235946290957e-18,1.4365633201940624e-18,1.436603015923677e-18,1.4366426818408145e-18,1.4366823179660512e-18,1.4367219243230932e-18,1.4367615009357755e-18,1.4368010478235409e-18,1.4368405650099752e-18,1.4368800525173154e-18,1.4369195103696106e-18,1.4369589385870444e-18,1.436998337192052e-18,1.4370377062056352e-18,1.437077045652935e-18,1.437116355554581e-18,1.4371556359316289e-18,1.4371948868064447e-18,1.4372341082030367e-18,1.4372733001424125e-18,1.4373124626472188e-18,1.4373515957405898e-18,1.4373906994420017e-18,1.437429773776246e-18,1.4374688187639656e-18,1.4375078344272162e-18,1.437546820786377e-18,1.4375857778651129e-18,1.4376247056854224e-18,1.4376636042706824e-18,1.4377024736414724e-18,1.4377413138197402e-18,1.4377801248271994e-18,1.4378189066860394e-18,1.4378576594179005e-18,1.4378963830446792e-18,1.437935077588344e-18,1.4379737430707275e-18,1.438012379513509e-18,1.4380509869372345e-18,1.4380895653648378e-18,1.4381281148199022e-18,1.4381666353225875e-18,1.4382051268947044e-18,1.4382435895579038e-18,1.4382820233339072e-18,1.4383204282443447e-18,1.4383588043110127e-18,1.438397151554328e-18,1.4384354699973801e-18,1.4384737596624402e-18,1.4385120205701733e-18,1.4385502527422931e-18,1.4385884562002582e-18,1.4386266309657407e-18,1.4386647770601666e-18,1.4387028944996763e-18,1.4387409833167708e-18,1.438779043527326e-18,1.4388170751528922e-18,1.4388550782136549e-18,1.4388930527336148e-18,1.4389309987329628e-18,1.438968916231871e-18,1.4390068052542878e-18,1.4390446658201572e-18,1.4390824979457894e-18,1.4391203016615988e-18,1.4391580769864423e-18,1.4391958239387861e-18,1.4392335425417404e-18,1.4392712328159599e-18,1.439308894783116e-18,1.4393465284643002e-18,1.439384133880972e-18,1.439421711053907e-18,1.4394592600045955e-18,1.4394967807538568e-18,1.439534273324872e-18,1.4395717377372261e-18,1.439609174012193e-18,1.4396465821707015e-18,1.439683962233665e-18,1.439721314222344e-18,1.4397586381578396e-18,1.4397959340612871e-18,1.4398332019450136e-18,1.4398704418464901e-18,1.4399076537786154e-18,1.4399448377626965e-18,1.4399819938199313e-18,1.440019121962993e-18,1.4400562222292682e-18,1.4400932946240936e-18,1.4401303391841862e-18,1.4401673559125817e-18,1.4402043448478783e-18,1.4402413060023777e-18,1.4402782393974648e-18,1.4403151450537004e-18,1.4403520229887642e-18,1.440388873221937e-18,1.4404256957836305e-18,1.4404624906893443e-18,1.4404992579648735e-18,1.4405359976252e-18,1.4405727096920879e-18,1.4406093941874468e-18,1.4406460511309133e-18,1.4406826805431601e-18,1.4407192824448127e-18,1.4407558568567416e-18,1.440792403799386e-18,1.440828923293297e-18,1.4408654153591775e-18,1.4409018800176636e-18,1.4409383172893225e-18,1.4409747271947096e-18,1.4410111097543879e-18,1.441047464988869e-18,1.441083792918698e-18,1.4411200935644297e-18,1.4411563669454353e-18,1.4411926130842349e-18,1.4412288320002962e-18,1.4412650237129269e-18,1.4413011882448589e-18,1.4413373256153585e-18,1.4413734358447178e-18,1.4414095189534316e-18,1.4414455749621364e-18,1.4414816038905387e-18,1.4415176057593602e-18,1.4415535805888917e-18,1.4415895283985142e-18,1.4416254492093133e-18,1.441661343041696e-18,1.441697209915893e-18,1.441733049852163e-18,1.4417688628706686e-18,1.4418046489917108e-18,1.4418404082324023e-18,1.4418761406158605e-18,1.4419118461652478e-18,1.4419475248993284e-18,1.4419831768355382e-18,1.4420188019921041e-18,1.44205440039535e-18,1.4420899720622664e-18,1.4421255170129357e-18,1.4421610352603284e-18,1.4421965268398696e-18,1.4422319917591065e-18,1.4422674300464185e-18,1.4423028417090652e-18,1.4423382267757412e-18,1.4423735852735997e-18,1.4424089172119068e-18,1.4424442226174534e-18,1.4424795015065645e-18,1.4425147538920319e-18,1.4425499798053358e-18,1.4425851792659817e-18,1.4426203522898193e-18,1.4426554997360224e-18,1.4426906189089126e-18,1.442725713579428e-18,1.4427607810540798e-18,1.442795822190409e-18,1.4428308370086003e-18,1.442865825529659e-18,1.4429007877724332e-18,1.4429357237527574e-18,1.4429706334979648e-18,1.4430055170240175e-18,1.443040374350606e-18,1.4430752054972558e-18,1.4431100104828848e-18,1.4431447893279418e-18,1.4431795420534017e-18,1.4432142686772383e-18,1.4432489692187485e-18,1.4432836436987355e-18,1.4433182921363626e-18,1.4433529145508727e-18,1.4433875109577865e-18,1.4434220813850555e-18,1.4434566258470202e-18,1.4434911443650592e-18,1.4435256369574901e-18,1.4435601036441238e-18,1.4435945444442816e-18,1.4436289593773389e-18,1.4436633484626556e-18,1.4436977117197423e-18,1.4437320491679773e-18,1.4437663608267986e-18,1.4438006467121527e-18,1.4438349068460575e-18,1.4438691412528334e-18,1.4439033499435071e-18,1.4439375329445307e-18,1.4439716902721853e-18,1.444005821946518e-18,1.444039927978725e-18,1.4440740084019147e-18,1.44410806322494e-18,1.4441420924710524e-18,1.4441760961623325e-18,1.4442100743145997e-18,1.4442440269484832e-18,1.444277954081612e-18,1.4443118557334659e-18,1.4443457319162453e-18,1.4443795826582525e-18,1.4444134079808843e-18,1.4444472078945097e-18,1.4444809824264385e-18,1.4445147315915656e-18,1.444548455408967e-18,1.4445821538969343e-18,1.4446158270751737e-18,1.4446494749638565e-18,1.4446830975797175e-18,1.444716694943969e-18,1.4447502670735003e-18,1.4447838139892383e-18,1.4448173357081183e-18,1.444850832251245e-18,1.4448843036363808e-18,1.4449177498754874e-18,1.444951171000334e-18,1.4449845670248135e-18,1.44501793796332e-18,1.4450512838379174e-18,1.4450846046649586e-18,1.4451179004724163e-18,1.4451511712658809e-18,1.4451844170776232e-18,1.445217637919704e-18,1.4452508338107568e-18,1.4452840047696322e-18,1.4453171508112585e-18,1.4453502719620315e-18,1.4453833682368288e-18,1.4454164396539907e-18,1.4454494862316454e-18,1.4454825079899005e-18,1.4455155049434786e-18,1.4455484771137994e-18,1.4455814245229636e-18,1.4456143471839107e-18,1.445647245121086e-18,1.4456801183497932e-18,1.4457129668878356e-18,1.445745790755486e-18,1.4457785899701911e-18,1.4458113645496981e-18,1.4458441145140474e-18,1.4458768398810918e-18,1.445909540669248e-18,1.4459422168970708e-18,1.4459748685762977e-18,1.4460074957385442e-18,1.4460400983956002e-18,1.4460726765660236e-18,1.446105230268186e-18,1.4461377595195374e-18,1.4461702643399204e-18,1.4462027447442241e-18,1.4462352007564155e-18,1.4462676323919627e-18,1.4463000396692673e-18,1.4463324226058254e-18,1.446364781220619e-18,1.4463971155328336e-18,1.4464294255564144e-18,1.4464617113164246e-18,1.4464939728275478e-18,1.4465262101081224e-18,1.4465584231729702e-18,1.446590612046282e-18,1.446622776744304e-18,1.4466549172835578e-18,1.4466870336833231e-18,1.4467191259622224e-18,1.4467511941376582e-18,1.446783238227685e-18,1.4468152582475527e-18,1.44684725422107e-18,1.4468792261634215e-18,1.4469111740926487e-18,1.446943098026087e-18,1.446974997983191e-18,1.4470068739811769e-18,1.4470387260384327e-18,1.4470705541722928e-18,1.4471023583982198e-18,1.4471341387397888e-18,1.4471658952121044e-18,1.447197627832455e-18,1.447229336619649e-18,1.4472610215855878e-18,1.447292682760205e-18,1.4473243201546353e-18,1.4473559337876677e-18,1.447387523676598e-18,1.4474190898393426e-18,1.44745063229366e-18,1.4474821510572182e-18,1.4475136461479791e-18,1.447545117583859e-18,1.4475765653823601e-18,1.4476079895613018e-18,1.4476393901384788e-18,1.4476707671316176e-18,1.4477021205559676e-18,1.4477334504283652e-18,1.4477647567756309e-18,1.4477960396095757e-18,1.4478272989479164e-18,1.447858534808165e-18,1.4478897472055078e-18,1.4479209361626836e-18,1.4479521016939444e-18,1.4479832438188611e-18,1.4480143625529197e-18,1.4480454579150777e-18,1.44807652992172e-18,1.4481075785892106e-18,1.4481386039394141e-18,1.4481696059872565e-18,1.4482005847503296e-18,1.4482315402461104e-18,1.4482624724920137e-18,1.4482933815055427e-18,1.4483242673041716e-18,1.4483551299052995e-18,1.4483859693260023e-18,1.448416785584497e-18,1.448447578697648e-18,1.4484783486822112e-18,1.4485090955569398e-18,1.4485398193385439e-18,1.4485705200442177e-18,1.4486011976913517e-18,1.4486318522971682e-18,1.4486624838793025e-18,1.4486930915450817e-18,1.4487236771320937e-18,1.4487542397465652e-18,1.4487847794067105e-18,1.4488152961292225e-18,1.448845789931377e-18,1.4488762608299718e-18,1.4489067088430614e-18,1.4489371339873954e-18,1.4489675362801951e-18,1.4489979157385808e-18,1.4490282723797075e-18,1.4490586062200451e-18,1.4490889172753807e-18,1.4491192055649128e-18,1.4491494711082218e-18,1.4491797139197862e-18,1.4492099340160434e-18,1.4492401314154127e-18,1.4492703061335168e-18,1.4493004581887437e-18,1.4493305875975566e-18,1.449360694376888e-18,1.4493907785435813e-18,1.449420840114758e-18,1.449450879106846e-18,1.4494808955372897e-18,1.4495108894236522e-18,1.4495408607824159e-18,1.449570809630283e-18,1.4496007359842286e-18,1.4496306398611136e-18,1.4496605203992145e-18,1.4496903784874937e-18,1.4497202150353953e-18,1.4497500291716785e-18,1.4497798209179743e-18,1.449809590288171e-18,1.4498393372992355e-18,1.4498690619679637e-18,1.4498987643110174e-18,1.4499284443453842e-18,1.4499581020876144e-18,1.4499877375549053e-18,1.4500173507633176e-18,1.4500469417297579e-18,1.4500765104711625e-18,1.4501060570040368e-18,1.450135581345116e-18,1.4501650835110258e-18,1.450194563518515e-18,1.4502240213841048e-18,1.4502534571247549e-18,1.4502828707565598e-18,1.4503122622965226e-18,1.4503416317609447e-18,1.4503709791658702e-18,1.4504003045265697e-18,1.450429607864192e-18,1.4504588891926376e-18,1.450488148528447e-18,1.4505173858881283e-18,1.450546601288171e-18,1.4505757947450379e-18,1.45060496627196e-18,1.4506341158916235e-18,1.450663243617892e-18,1.4506923494664333e-18,1.4507214334545822e-18,1.4507504955977023e-18,1.4507795359129305e-18,1.4508085544170105e-18,1.4508375511251826e-18,1.450866526054428e-18,1.4508954792167033e-18,1.450924410637192e-18,1.4509533210102958e-18,1.4509822089873118e-18,1.4510110752665373e-18,1.451039919864861e-18,1.4510687427989446e-18,1.451097544084606e-18,1.451126323738092e-18,1.4511550817749766e-18,1.4511838182128122e-18,1.4512125330671878e-18,1.4512412263543041e-18,1.4512698980859125e-18,1.4512985489646404e-18,1.4513271776452247e-18,1.4513557848242033e-18,1.4513843705172357e-18,1.4514129347386423e-18,1.4514414775072001e-18,1.4514699988377823e-18,1.4514984987453638e-18,1.451526977914567e-18,1.4515554350250068e-18,1.4515838707619931e-18,1.4516122858071124e-18,1.4516406795160415e-18,1.451669051897267e-18,1.4516974022976899e-18,1.4517257314048196e-18,1.4517540398922462e-18,1.4517823264589362e-18,1.4518105917808056e-18,1.4518388358723498e-18,1.451867059408568e-18,1.4518952610896147e-18,1.4519234422406896e-18,1.4519516015712717e-18,1.4519797397534931e-18,1.4520078568014637e-18,1.4520359527309665e-18,1.4520640267281494e-18,1.4520920811193265e-18,1.4521201137887847e-18,1.4521481260482492e-18,1.452176116620995e-18,1.4522040861705442e-18,1.4522320353575158e-18,1.4522599629069421e-18,1.4522878701230251e-18,1.4523157557350155e-18,1.4523436204029372e-18,1.4523714641409508e-18,1.4523992869682382e-18,1.4524270880782855e-18,1.4524548691268578e-18,1.4524826293077365e-18,1.452510368639753e-18,1.452538087803185e-18,1.4525657861479107e-18,1.4525934630215309e-18,1.4526211191072142e-18,1.4526487536125122e-18,1.4526763681683765e-18,1.4527039619846013e-18,1.4527315350752777e-18,1.452759087454453e-18,1.452786619771119e-18,1.4528141307764928e-18,1.452841621118726e-18,1.45286909081334e-18,1.4528965398756208e-18,1.4529239683212699e-18,1.4529513761666162e-18,1.452978763424619e-18,1.4530061301126815e-18,1.4530334762457171e-18,1.4530608010375197e-18,1.4530881061082385e-18,1.4531153898670026e-18,1.4531426531337223e-18,1.453169895923944e-18,1.4531971196378961e-18,1.4532243223208548e-18,1.4532515045719878e-18,1.4532786670545414e-18,1.4533058091027691e-18,1.4533329301493571e-18,1.453360031473074e-18,1.4533871124422714e-18,1.4534141730697835e-18,1.4534412119324335e-18,1.4534682312787105e-18,1.4534952295393097e-18,1.4535222083132049e-18,1.4535491674603255e-18,1.4535761049342798e-18,1.4536030221716645e-18,1.4536299191930974e-18,1.4536567960133517e-18,1.4536836526471973e-18,1.4537104891092894e-18,1.4537373068023774e-18,1.4537641029666615e-18,1.453790879006371e-18,1.4538176349345134e-18,1.453844372180038e-18,1.453871087932348e-18,1.4538977836195976e-18,1.453924459255561e-18,1.4539511148622252e-18,1.4539777504482592e-18,1.4540043660301493e-18,1.4540309616171534e-18,1.4540575372279473e-18,1.4540840942755237e-18,1.4541106313899432e-18,1.454137147165085e-18,1.4541636444298082e-18,1.4541901203876816e-18,1.454216576460364e-18,1.4542430126627908e-18,1.4542694290100883e-18,1.4542958269196267e-18,1.454322203601356e-18,1.4543485618609656e-18,1.4543748989354231e-18,1.4544012162279284e-18,1.4544275137543848e-18,1.4544537929220887e-18,1.4544800523574197e-18,1.4545062906730738e-18,1.4545325106194225e-18,1.4545587109203285e-18,1.4545848915475683e-18,1.4546110524997596e-18,1.4546371938017113e-18,1.4546633154243668e-18,1.4546894174813843e-18,1.454715499880835e-18,1.454741562737819e-18,1.4547676060039291e-18,1.4547936297237794e-18,1.4548196338891139e-18,1.4548456185287483e-18,1.4548715836503456e-18,1.4548975292685668e-18,1.4549234553916753e-18,1.4549493620420485e-18,1.4549752492376783e-18,1.4550011169864177e-18,1.4550269653002173e-18,1.4550527942029553e-18,1.4550786036826317e-18,1.4551043938000515e-18,1.455130164535754e-18,1.4551559159145368e-18,1.4551816479594092e-18,1.4552073606702003e-18,1.4552330540675572e-18,1.4552587281428408e-18,1.4552843829595e-18,1.4553100184813697e-18,1.4553356347493043e-18,1.455361231800414e-18,1.4553868096223752e-18,1.4554123682319223e-18,1.4554379076433602e-18,1.4554634278710834e-18,1.4554889289315423e-18,1.4555144108352107e-18,1.455539873600366e-18,1.4555653172393695e-18,1.4555907417648313e-18,1.455616147190067e-18,1.4556415335297105e-18,1.4556669008025949e-18,1.4556922490191809e-18,1.4557175781958629e-18,1.455742888346954e-18,1.4557681794707946e-18,1.455793451620276e-18,1.4558187047849782e-18,1.4558439389827041e-18,1.4558691542260107e-18,1.4558943505274832e-18,1.455919527904607e-18,1.4559446863683112e-18,1.4559698259295053e-18,1.4559949466123344e-18,1.4560200484075052e-18,1.456045131368099e-18,1.4560701954877104e-18,1.4560952407806569e-18,1.456120267255558e-18,1.4561452749176471e-18,1.456170263815537e-18,1.456195233943063e-18,1.4562201853145449e-18,1.4562451179440318e-18,1.4562700318456442e-18,1.4562949270333465e-18,1.456319803502647e-18,1.4563446613049775e-18,1.4563695004354343e-18,1.456394320888885e-18,1.4564191227180616e-18,1.4564439059175192e-18,1.4564686704952626e-18,1.4564934164669822e-18,1.4565181438614196e-18,1.4565428526805562e-18,1.456567542930021e-18,1.4565922146435122e-18,1.456616867826446e-18,1.4566415024913662e-18,1.4566661186355473e-18,1.456690716300251e-18,1.4567152954888926e-18,1.4567398562192396e-18,1.456764398496705e-18,1.4567889223451811e-18,1.4568134277671069e-18,1.4568379147819712e-18,1.4568623834093114e-18,1.4568868336572238e-18,1.4569112655302529e-18,1.4569356790607092e-18,1.4569600742478e-18,1.4569844511159307e-18,1.4570088096721843e-18,1.4570331499331478e-18,1.4570574719110951e-18,1.4570817756106308e-18,1.4571060610622778e-18,1.4571303282681705e-18,1.4571545772499251e-18,1.4571788080186777e-18,1.4572030205866264e-18,1.4572272149661372e-18,1.4572513911735727e-18,1.4572755492212365e-18,1.4572996891227483e-18,1.4573238108398742e-18,1.4573479144901335e-18,1.4573720000349048e-18,1.457396067471746e-18,1.4574201168466091e-18,1.4574441481517237e-18,1.4574681614111388e-18,1.4574921566332063e-18,1.4575161338314297e-18,1.4575400930180605e-18,1.4575640342091537e-18,1.4575879574123567e-18,1.4576118626425995e-18,1.457635749923037e-18,1.4576596192570869e-18,1.4576834706667638e-18,1.4577073041605827e-18,1.4577311197519953e-18,1.4577549174506733e-18,1.4577786972763599e-18,1.4578024592412254e-18,1.4578262033573948e-18,1.4578499296344656e-18,1.4578736380922005e-18,1.4578973287390374e-18,1.4579210015898609e-18,1.457944656662242e-18,1.4579682939663155e-18,1.4579919135153225e-18,1.4580155153203453e-18,1.4580390993969716e-18,1.4580626657586691e-18,1.4580862144218882e-18,1.4581097453926001e-18,1.4581332586875529e-18,1.458156754320993e-18,1.458180232309949e-18,1.4582036926635583e-18,1.4582271353950234e-18,1.4582505605175355e-18,1.4582739680018528e-18,1.4582973579451665e-18,1.4583207303203161e-18,1.4583440851382543e-18,1.4583674224132444e-18,1.45839074215966e-18,1.4584140443884014e-18,1.4584373291148715e-18,1.4584605963276491e-18,1.4584838460742684e-18,1.4585070783682721e-18,1.4585302932113289e-18,1.4585534906166383e-18,1.4585766705973075e-18,1.458599833166385e-18,1.458622978336952e-18,1.4586461061201293e-18,1.4586692165327677e-18,1.4586923095872798e-18,1.4587153852943295e-18,1.4587384436663011e-18,1.4587614847180082e-18,1.4587845084643234e-18,1.4588075149124408e-18,1.4588305040799326e-18,1.4588534759794094e-18,1.4588764306236236e-18,1.45889936802648e-18,1.4589222881816427e-18,1.458945191137643e-18,1.4589680768942022e-18,1.458990945456153e-18,1.4590137968414991e-18,1.4590366310637873e-18,1.4590594481125431e-18,1.4590822480450657e-18,1.4591050308478979e-18,1.4591277965408096e-18,1.4591505451333206e-18,1.4591732766381935e-18,1.4591959910682982e-18,1.4592186884364214e-18,1.4592413687545065e-18,1.4592640320304116e-18,1.4592866782777001e-18,1.4593093075251076e-18,1.4593319197728656e-18,1.4593545150379984e-18,1.459377093330727e-18,1.459399654661092e-18,1.4594221990470728e-18,1.4594447264988653e-18,1.4594672370282259e-18,1.4594897306487542e-18,1.4595122073731851e-18,1.4595346672109017e-18,1.4595571101780958e-18,1.4595795362871996e-18,1.4596019455511033e-18,1.4596243379850643e-18,1.4596467135988694e-18,1.4596690724052235e-18,1.4596914144166261e-18,1.4597137396467016e-18,1.4597360480962423e-18,1.4597583397987517e-18,1.459780614756682e-18,1.4598028729828504e-18,1.4598251144869482e-18,1.4598473392868525e-18,1.4598695473934384e-18,1.4598917388182788e-18,1.4599139135710932e-18,1.4599360716692683e-18,1.4599582131218367e-18,1.4599803379450821e-18,1.4600024461492393e-18,1.4600245377457984e-18,1.4600466127490494e-18,1.4600686711696962e-18,1.4600907130195485e-18,1.4601127383125792e-18,1.4601347470634668e-18,1.460156739281567e-18,1.4601787149787325e-18,1.4602006741700517e-18,1.46022261686509e-18,1.4602445430800842e-18,1.4602664528243406e-18,1.4602883461109173e-18,1.4603102229530889e-18,1.460332083362335e-18,1.4603539273500892e-18,1.4603757549245669e-18,1.460397566105803e-18,1.460419360889755e-18,1.4604411393194664e-18,1.4604629013878234e-18,1.4604846470938512e-18,1.4605063764801074e-18,1.4605280895285087e-18,1.4605497862680361e-18,1.4605714667103202e-18,1.4605931308815274e-18,1.4606147787803595e-18,1.4606364104195774e-18,1.460658025793009e-18,1.4606796249453477e-18,1.4607012078748493e-18,1.4607227745897454e-18,1.4607443251046e-18,1.460765859431139e-18,1.4607873775856507e-18,1.4608088795759216e-18,1.4608303654096666e-18,1.4608518351099673e-18,1.4608732886799158e-18,1.4608947261349141e-18,1.4609161474893107e-18,1.4609375527528575e-18,1.46095894193841e-18,1.4609803150544632e-18,1.4610016721157521e-18,1.4610230131342353e-18,1.4610443381222236e-18,1.461065647094104e-18,1.4610869400595443e-18,1.4611082170281253e-18,1.4611294780144842e-18,1.4611507230326483e-18,1.461171952090055e-18,1.4611931652033624e-18,1.4612143623797375e-18,1.4612355436360707e-18,1.4612567089819288e-18,1.4612778584291336e-18,1.4612989919870722e-18,1.4613201096736298e-18,1.4613412114944132e-18,1.4613622974665362e-18,1.4613833675975461e-18,1.4614044219043719e-18,1.4614254603941403e-18,1.4614464830823798e-18,1.4614674899792039e-18,1.4614884810936874e-18,1.4615094564403805e-18,1.4615304160332422e-18,1.4615513598827548e-18,1.4615722880000073e-18,1.4615932003943904e-18,1.4616140970801757e-18,1.4616349780715137e-18,1.4616558433770918e-18,1.4616766930094475e-18,1.461697526981007e-18,1.4617183453028274e-18,1.4617391479845382e-18,1.4617599350404072e-18,1.461780706481773e-18,1.461801462320312e-18
14,2.2546051911651552e-64,9.451502327223634e-64,2.4741328442347874e-63,5.167078622624371e-63,9.411904542835323e-63,1.562732463012307e-62,2.4262916743872035e-62,3.580034956772059e-62,5.075497382073485e-62,6.967736939502379e-62,9.315467032626555e-62,1.2181161580739048e-61,1.5631133807386914e-61,1.9735592485109596e-61,2.4568680140807556e-61,3.0208497513407918e-61,3.6737117940535234e-61,4.42405946273767e-61,5.280896306326486e-61,6.253624026192452e-61,7.352042202535994e-61,8.586347906402651e-61,9.967135253186184e-61,1.1505394933645564e-60,1.3212513744512028e-60,1.510027413123962e-60,1.7180853749146007e-60,1.9466825045189677e-60,2.1971154860212397e-60,2.470720405013604e-60,2.768872712395612e-60,3.09298718961701e-60,3.4445179151330325e-60,3.824958231860354e-60,4.2358407154480553e-60,4.67873714320485e-60,5.155258463550616e-60,5.66705476588406e-60,6.215815250779182e-60,6.803268200441083e-60,7.431180949365924e-60,8.101359855162193e-60,8.815650269499848e-60,9.575936509161403e-60,1.0384141827175299e-59,1.1242228384016348e-59,1.2152197218862025e-59,1.3116088220895394e-59,1.413598010064879e-59,1.5213990361382838e-59,1.6352275270497442e-59,1.7553029830971644e-59,1.8818487752830693e-59,2.01509214246388e-59,2.1552641885015732e-59,2.302599879417773e-59,2.457338040550064e-59,2.6197213537105968e-59,2.789996354346894e-59,2.968413428704839e-59,3.1552268109938492e-59,3.3506945805541696e-59,3.5550786590263686e-59,3.7686448075228943e-59,3.991662623801827e-59,4.224405539442726e-59,4.467150817024586e-59,4.720179547305936e-59,4.983776646407031e-59,5.258230852994168e-59,5.543834725466093e-59,5.840884639142526e-59,6.149680783454806e-59,6.470527159138598e-59,6.803731575428761e-59,7.149605647256236e-59,7.508464792447109e-59,7.88062822892372e-59,8.26641897190789e-59,8.666163831126246e-59,9.08019340801759e-59,9.508842092942423e-59,9.9524480623945e-59,1.0411353276214575e-58,1.0885903474806013e-58,1.1376448176352757e-58,1.1883340674039173e-58,1.2406938033272068e-58,1.2947601088904753e-58,1.3505694442463234e-58,1.4081586459374409e-58,1.4675649266196365e-58,1.5288258747850788e-58,1.5919794544857371e-58,1.6570640050570365e-58,1.724118240841711e-58,1.793181250913877e-58,1.8642924988032914e-58,1.9374918222198428e-58,2.0128194327782293e-58,2.0903159157228458e-58,2.1700222296528858e-58,2.2519797062476377e-58,2.3362300499919953e-58,2.422815337902166e-58,2.5117780192515937e-58,2.603160915297074e-58,2.6970072190050913e-58,2.7933604947783437e-58,2.8922646781824818e-58,2.993764075673045e-58,3.0979033643226222e-58,3.204727591548189e-58,3.3142821748386635e-58,3.4266129014826616e-58,3.5417659282964664e-58,3.659787781352193e-58,3.7807253557061434e-58,3.904625915127394e-58,4.031537091826558e-58,4.1615068861847715e-58,4.294583666482876e-58,4.430816168630789e-58,4.570253495897094e-58,4.712945118638841e-58,4.8589408740315216e-58,5.008290965799272e-58,5.1610459639452495e-58,5.3172568044822515e-58,5.476974789163499e-58,5.6402515852136356e-58,5.807139225059929e-58,5.977690106063671e-58,6.1519569902517865e-58,6.329993004048626e-58,6.511851638007972e-58,6.697586746545255e-58,6.887252547669945e-58,7.080903622718149e-58,7.278594916085441e-58,7.480381734959834e-58,7.686319749055019e-58,7.896464990343739e-58,8.110873852791425e-58,8.32960309208997e-58,8.552709825391732e-58,8.780251531043759e-58,9.012286048322157e-58,9.248871577166717e-58,9.490066677915706e-58,9.735930271040843e-58,9.986521636882525e-58,1.0241900415385181e-57,1.0502126605832898e-57,1.0767260566585182e-57,1.1037363014812974e-57,1.1312495026234801e-57,1.1592718034853175e-57,1.1878093832691168e-57,1.2168684569529169e-57,1.2464552752641898e-57,1.276576124653552e-57,1.307237327268506e-57,1.3384452409271942e-57,1.3702062590921746e-57,1.4025268108442178e-57,1.4354133608561175e-57,1.4688724093665306e-57,1.5029104921538303e-57,1.5375341805099776e-57,1.572750081214416e-57,1.608564836507985e-57,1.64498512406685e-57,1.6820176569764574e-57,1.719669183705504e-57,1.7579464880799295e-57,1.7968563892569245e-57,1.8364057416989612e-57,1.8766014351478447e-57,1.9174503945987776e-57,1.9589595802744513e-57,2.0011359875991528e-57,2.04398664717289e-57,2.0875186247455392e-57,2.1317390211910105e-57,2.1766549724814337e-57,2.222273649661358e-57,2.2686022588219803e-57,2.3156480410753864e-57,2.3634182725288114e-57,2.4119202642589212e-57,2.4611613622861175e-57,2.5111489475488528e-57,2.561890435877969e-57,2.61339327797106e-57,2.6656649593668426e-57,2.7187130004195595e-57,2.77254495627339e-57,2.827168416836887e-57,2.882591006757432e-57,2.9388203853957075e-57,2.995864246800185e-57,3.0537303196816446e-57,3.112426367387696e-57,3.171960187877333e-57,3.2323396136955035e-57,3.2935725119476967e-57,3.355666784274539e-57,3.4186303668264333e-57,3.482471230238198e-57,3.547197379603727e-57,3.61281685445068e-57,3.6793377287151777e-57,3.746768110716523e-57,3.815116143131941e-57,3.8843900029713357e-57,3.95459790155207e-57,4.025748084473758e-57,4.097848831593081e-57,4.170908456998624e-57,4.244935308985719e-57,4.3199377700313303e-57,4.3959242567689285e-57,4.472903219963412e-57,4.55088314448603e-57,4.629872549289325e-57,4.7098799873821e-57,4.790914045804408e-57,4.872983345602551e-57,4.956096541804097e-57,5.0402623233929265e-57,5.125489413284286e-57,5.211786568299864e-57,5.299162579142893e-57,5.38762627037326e-57,5.477186500382639e-57,5.567852161369646e-57,5.659632179315004e-57,5.752535513956739e-57,5.846571158765378e-57,5.94174814091919e-57,6.038075521279413e-57,6.135562394365533e-57,6.234217888330548e-57,6.334051164936283e-57,6.435071419528704e-57,6.537287881013253e-57,6.640709811830202e-57,6.745346507930039e-57,6.851207298748843e-57,6.958301547183704e-57,7.066638649568156e-57,7.176228035647614e-57,7.287079168554845e-57,7.399201544785462e-57,7.512604694173399e-57,7.627298179866468e-57,7.743291598301872e-57,7.86059457918177e-57,7.979216785448859e-57,8.099167913261961e-57,8.220457691971639e-57,8.343095884095816e-57,8.46709228529545e-57,8.592456724350171e-57,8.719199063133985e-57,8.847329196590973e-57,8.976857052711018e-57,9.107792592505529e-57,9.240145809983212e-57,9.373926732125845e-57,9.509145418864069e-57,9.645811963053201e-57,9.783936490449068e-57,9.923529159683853e-57,1.006460016224196e-56,1.0207159722435899e-56,1.035121809738219e-56,1.0496785576977285e-56,1.0643872483873498e-56,1.0792489173454974e-56,1.0942646033813668e-56,1.1094353485725312e-56,1.1247621982625457e-56,1.1402462010585468e-56,1.1558884088288611e-56,1.1716898767006083e-56,1.1876516630573102e-56,1.2037748295365026e-56,1.2200604410273446e-56,1.2365095656682342e-56,1.2531232748444222e-56,1.269902643185631e-56,1.2868487485636712e-56,1.303962672090065e-56,1.3212454981136665e-56,1.3386983142182877e-56,1.356322211220323e-56,1.374118283166378e-56,1.3920876273309004e-56,1.4102313442138078e-56,1.428550537538125e-56,1.4470463142476156e-56,1.4657197845044213e-56,1.4845720616866973e-56,1.5036042623862567e-56,1.522817506406209e-56,1.5422129167586054e-56,1.5617916196620845e-56,1.5815547445395184e-56,1.6015034240156637e-56,1.6216387939148092e-56,1.6419619932584332e-56,1.6624741642628522e-56,1.683176452336882e-56,1.7040700060794918e-56,1.7251559772774674e-56,1.7464355209030698e-56,1.7679097951116973e-56,1.7895799612395545e-56,1.8114471838013158e-56,1.833512630487794e-56,1.8557774721636104e-56,1.878242882864869e-56,1.900910039796826e-56,1.9237801233315685e-56,1.94685431700569e-56,1.9701338075179693e-56,1.9936197847270518e-56,2.0173134416491305e-56,2.041215974455631e-56,2.0653285824708965e-56,2.089652468169876e-56,2.1141888371758124e-56,2.138938898257937e-56,2.163903863329156e-56,2.18908494744375e-56,2.214483368795067e-56,2.240100348713224e-56,2.2659371116628003e-56,2.291994885240545e-56,2.3182749001730757e-56,2.3447783903145883e-56,2.371506592644558e-56,2.398460747265449e-56,2.4256420974004264e-56,2.4530518893910657e-56,2.4806913726950655e-56,2.5085617998839666e-56,2.5366644266408607e-56,2.56500051175812e-56,2.593571317135107e-56,2.622378107775902e-56,2.651422151787026e-56,2.6807047203751624e-56,2.710227087844889e-56,2.739990531596403e-56,2.769996332123254e-56,2.8002457730100713e-56,2.8307401409303053e-56,2.861480725643957e-56,2.892468819995313e-56,2.923705719910694e-56,2.9551927243961853e-56,2.9869311355353833e-56,3.018922258487141e-56,3.051167401483309e-56,3.083667875826489e-56,3.116424995887775e-56,3.14944007910451e-56,3.1827144459780377e-56,3.216249420071453e-56,3.2500463280073583e-56,3.2841064994656256e-56,3.3184312671811524e-56,3.3530219669416193e-56,3.3878799375852592e-56,3.423006520998615e-56,3.4584030621143063e-56,3.494070908908804e-56,3.5300114124001877e-56,3.5662259266459273e-56,3.6027158087406456e-56,3.6394824188139022e-56,3.676527120027961e-56,3.7138512785755734e-56,3.7514562636777534e-56,3.7893434475815594e-56,3.8275142055578794e-56,3.8659699158992115e-56,3.9047119599174498e-56,3.9437417219416757e-56,3.98306058931594e-56,4.0226699523970606e-56,4.0625712045524098e-56,4.102765742157714e-56,4.143254964594843e-56,4.184040274249609e-56,4.225123076509568e-56,4.266504779761819e-56,4.3081867953908045e-56,4.350170537776118e-56,4.392457424290305e-56,4.435048875296675e-56,4.4779463141471065e-56,4.521151167179861e-56,4.564664863717387e-56,4.608488836064149e-56,4.6526245195044225e-56,4.69707335230013e-56,4.741836775688648e-56,4.786916233880633e-56,4.8323131740578375e-56,4.878029046370942e-56,4.924065303937372e-56,4.970423402839128e-56,5.017104802120614e-56,5.0641109637864685e-56,5.111443352799394e-56,5.159103437077993e-56,5.207092687494598e-56,5.255412577873113e-56,5.304064584986853e-56,5.353050188556373e-56,5.402370871247325e-56,5.452028118668287e-56,5.502023419368616e-56,5.55235826483629e-56,5.603034149495758e-56,5.65405257070579e-56,5.705415028757326e-56,5.757123026871332e-56,5.809178071196646e-56,5.861581670807844e-56,5.914335337703092e-56,5.967440586802004e-56,6.020898935943509e-56,6.0747119058837035e-56,6.128881020293725e-56,6.183407805757612e-56,6.238293791770172e-56,6.293540510734851e-56,6.349149497961603e-56,6.405122291664761e-56,6.461460432960915e-56,6.518165465866776e-56,6.57523893729707e-56,6.632682397062396e-56,6.69049739786712e-56,6.74868549530726e-56,6.80724824786835e-56,6.866187216923341e-56,6.925503966730484e-56,6.98520006443121e-56,7.045277080048031e-56,7.10573658648242e-56,7.166580159512711e-56,7.227809377791992e-56,7.289425822845994e-56,7.351431079070998e-56,7.413826733731724e-56,7.476614376959241e-56,7.539795601748858e-56,7.60337200395804e-56,7.667345182304301e-56,7.731716738363123e-56,7.796488276565849e-56,7.861661404197604e-56,7.927237731395206e-56,7.993218871145077e-56,8.059606439281149e-56,8.126402054482795e-56,8.193607338272734e-56,8.261223915014958e-56,8.32925341191265e-56,8.397697459006103e-56,8.46655768917065e-56,8.535835738114582e-56,8.605533244377088e-56,8.675651849326155e-56,8.746193197156541e-56,8.817158934887667e-56,8.888550712361573e-56,8.960370182240838e-56,9.03261900000653e-56,9.105298823956137e-56,9.178411315201503e-56,9.251958137666776e-56,9.325940958086344e-56,9.400361446002782e-56,9.475221273764796e-56,9.550522116525175e-56,9.62626565223873e-56,9.702453561660252e-56,9.779087528342464e-56,9.856169238633961e-56,9.933700381677183e-56,1.0011682649406357e-55,1.0090117736545469e-55,1.0169007340606205e-55,1.0248353161885928e-55,1.032815690346563e-55,1.0408420271207898e-55,1.0489144973754886e-55,1.057033272252627e-55,1.0651985231717224e-55,1.0734104218296393e-55,1.0816691402003856e-55,1.0899748505349099e-55,1.0983277253609e-55,1.1067279374825803e-55,1.1151756599805077e-55,1.1236710662113717e-55,1.1322143298077913e-55,1.140805624678113e-55,1.149445125006211e-55,1.1581330052512835e-55,1.166869440147652e-55,1.1756546047045614e-55,1.1844886742059763e-55,1.1933718242103827e-55,1.2023042305505856e-55,1.2112860693335096e-55,1.2203175169399975e-55,1.2293987500246105e-55,1.2385299455154282e-55,1.2477112806138474e-55,1.2569429327943843e-55,1.2662250798044724e-55,1.2755578996642651e-55,1.2849415706664364e-55,1.2943762713759784e-55,1.3038621806300053e-55,1.3133994775375546e-55,1.3229883414793872e-55,1.3326289521077876e-55,1.3423214893463672e-55,1.352066133389866e-55,1.3618630647039534e-55,1.3717124640250302e-55,1.3816145123600315e-55,1.3915693909862285e-55,1.4015772814510297e-55,1.4116383655717862e-55,1.4217528254355917e-55,1.431920843399087e-55,1.4421426020882618e-55,1.4524182843982589e-55,1.462748073493176e-55,1.473132152805871e-55,1.4835707060377643e-55,1.4940639171586432e-55,1.5046119704064639e-55,1.5152150502871588e-55,1.5258733415744382e-55,1.536587029309595e-55,1.547356298801309e-55,1.5581813356254537e-55,1.569062325624896e-55,1.5799994549093077e-55,1.5909929098549645e-55,1.6020428771045557e-55,1.613149543566986e-55,1.6243130964171844e-55,1.6355337230959058e-55,1.6468116113095415e-55,1.6581469490299193e-55,1.6695399244941158e-55,1.680990726204258e-55,1.692499542927332e-55,1.7040665636949876e-55,1.715691977803347e-55,1.727375974812809e-55,1.7391187445478604e-55,1.7509204770968785e-55,1.7627813628119402e-55,1.7747015923086277e-55,1.78668135646584e-55,1.798720846425596e-55,1.810820253592845e-55,1.8229797696352742e-55,1.835199586483115e-55,1.847479896328955e-55,1.8598208916275417e-55,1.8722227650955938e-55,1.8846857097116107e-55,1.8972099187156794e-55,1.9097955856092816e-55,1.9224429041551086e-55,1.9351520683768648e-55,1.947923272559081e-55,1.9607567112469203e-55,1.9736525792459907e-55,1.9866110716221546e-55,1.999632383701336e-55,2.0127167110693337e-55,2.02586424957163e-55,2.039075195313203e-55,2.0523497446583332e-55,2.0656880942304167e-55,2.0790904409117767e-55,2.0925569818434737e-55,2.1060879144251146e-55,2.1196834363146668e-55,2.1333437454282688e-55,2.1470690399400398e-55,2.160859518281893e-55,2.1747153791433498e-55,2.188636821471345e-55,2.2026240444700455e-55,2.2166772476006586e-55,2.2307966305812466e-55,2.2449823933865373e-55,2.2592347362477382e-55,2.2735538596523496e-55,2.2879399643439736e-55,2.302393251322132e-55,2.3169139218420784e-55,2.3315021774146086e-55,2.346158219805878e-55,2.3608822510372112e-55,2.3756744733849192e-55,2.390535089380112e-55,2.4054643018085117e-55,2.4204623137102683e-55,2.435529328379772e-55,2.4506655493654696e-55,2.465871180469677e-55,2.481146425748398e-55,2.496491489511133e-55,2.5119065763206984e-55,2.527391890993041e-55,2.5429476385970535e-55,2.558574024454388e-55,2.5742712541392722e-55,2.590039533478328e-55,2.6058790685503808e-55,2.6217900656862843e-55,2.637772731468729e-55,2.653827272732062e-55,2.6699538965621022e-55,2.6861528102959584e-55,2.702424221521843e-55,2.718768338078892e-55,2.7351853680569796e-55,2.751675519796538e-55,2.7682390018883697e-55,2.7848760231734685e-55,2.8015867927428384e-55,2.8183715199373078e-55,2.835230414347348e-55,2.8521636858128917e-55,2.869171544423151e-55,2.8862542005164365e-55,2.9034118646799712e-55,2.920644747749718e-55,2.9379530608101858e-55,2.9553370151942592e-55,2.9727968224830107e-55,2.990332694505523e-55,3.007944843338708e-55,3.0256334813071213e-55,3.0433988209827882e-55,3.061241075185022e-55,3.0791604569802376e-55,3.0971571796817773e-55,3.1152314568497297e-55,3.133383502290749e-55,3.1516135300578748e-55,3.169921754450353e-55,3.1883083900134532e-55,3.2067736515382966e-55,3.2253177540616693e-55,3.243940912865846e-55,3.2626433434784115e-55,3.2814252616720825e-55,3.300286883464527e-55,3.319228425118186e-55,3.3382501031400916e-55,3.357352134281701e-55,3.376534735538699e-55,3.395798124150842e-55,3.41514251760176e-55,3.43456813361879e-55,3.454075190172796e-55,3.4736639054779886e-55,3.493334497991757e-55,3.513087186414477e-55,3.5329221896893456e-55,3.552839727002199e-55,3.572840017781339e-55,3.592923281697351e-55,3.61308973866293e-55,3.633339608832707e-55,3.653673112603069e-55,3.674090470611984e-55,3.694591903738824e-55,3.7151776331041905e-55,3.735847880069735e-55,3.7566028662379924e-55,3.777442813452194e-55,3.7983679437961e-55,3.819378479593821e-55,3.840474643409641e-55,3.86165665804785e-55,3.882924746552557e-55,3.904279132207527e-55,3.925720038535999e-55,3.9472476893005145e-55,3.968862308502743e-55,3.990564120383305e-55,4.012353349421603e-55,4.0342302203356415e-55,4.0561949580818584e-55,4.0782477878549465e-55,4.100388935087686e-55,4.122618625450764e-55,4.1449370848526056e-55,4.1673445394392e-55,4.189841215593927e-55,4.2124273399373844e-55,4.235103139327212e-55,4.257868840857926e-55,4.280724671860739e-55,4.303670859903392e-55,4.3267076327899796e-55,4.34983521856078e-55,4.3730538454920815e-55,4.39636374209601e-55,4.4197651371203615e-55,4.443258259548423e-55,4.466843338598806e-55,4.490520603725275e-55,4.514290284616576e-55,4.5381526111962636e-55,4.56210781362253e-55,4.5861561222880395e-55,4.610297767819748e-55,4.63453298107874e-55,4.658861993160055e-55,4.68328503539252e-55,4.707802339338572e-55,4.7324141367941016e-55,4.757120659788264e-55,4.7819221405833285e-55,4.806818811674494e-55,4.831810905789727e-55,4.8568986558895904e-55,4.882082295167071e-55,4.90736205704742e-55,4.9327381751879694e-55,4.958210883477975e-55,4.983780416038441e-55,5.0094470072219556e-55,5.03521089161252e-55,5.061072304025375e-55,5.087031479506845e-55,5.113088653334158e-55,5.1392440610152814e-55,5.165497938288759e-55,5.191850521123534e-55,5.218302045718788e-55,5.244852748503772e-55,5.271502866137636e-55,5.2982526355092655e-55,5.325102293737115e-55,5.352052078169034e-55,5.3791022263821055e-55,5.406252976182481e-55,5.43350456560521e-55,5.4608572329140715e-55,5.488311216601412e-55,5.515866755387979e-55,5.543524088222755e-55,5.571283454282779e-55,5.599145092973009e-55,5.62710924392612e-55,5.655176147002369e-55,5.68334604228941e-55,5.7116191701021405e-55,5.739995770982529e-55,5.768476085699447e-55,5.7970603552485184e-55,5.825748820851937e-55,5.8545417239583136e-55,5.8834393062425024e-55,5.9124418096054464e-55,5.941549476174006e-55,5.970762548300794e-55,6.000081268564016e-55,6.029505879767299e-55,6.059036624939539e-55,6.0886737473347264e-55,6.118417490431786e-55,6.1482680979344176e-55,6.1782258137709214e-55,6.208290882094047e-55,6.2384635472808206e-55,6.26874405393239e-55,6.299132646873853e-55,6.329629571154103e-55,6.3602350720456626e-55,6.390949395044514e-55,6.42177278586995e-55,6.4527054904644006e-55,6.483747754993275e-55,6.514899825844803e-55,6.546161949629861e-55,6.577534373181828e-55,6.609017343556403e-55,6.640611108031463e-55,6.67231591410689e-55,6.704132009504408e-55,6.736059642167431e-55,6.768099060260894e-55,6.800250512171096e-55,6.832514246505532e-55,6.86489051209275e-55,6.89737955798216e-55,6.929981633443909e-55,6.96269698796869e-55,6.995525871267604e-55,7.028468533271981e-55,7.061525224133238e-55,7.094696194222699e-55,7.127981694131456e-55,7.161381974670195e-55,7.194897286869042e-55,7.228527881977401e-55,7.262274011463796e-55,7.296135927015713e-55,7.33011388053944e-55,7.3642081241599e-55,7.398418910220509e-55,7.432746491283e-55,7.467191120127274e-55,7.50175304975124e-55,7.536432533370658e-55,7.571229824418973e-55,7.606145176547169e-55,7.641178843623595e-55,7.676331079733825e-55,7.711602139180484e-55,7.746992276483103e-55,7.782501746377952e-55,7.818130803817892e-55,7.853879703972202e-55,7.88974870222644e-55,7.925738054182275e-55,7.961848015657329e-55,7.99807884268503e-55,8.034430791514441e-55,8.070904118610121e-55,8.107499080651948e-55,8.144215934534979e-55,8.181054937369282e-55,8.218016346479795e-55,8.25510041940615e-55,8.292307413902534e-55,8.329637587937521e-55,8.367091199693925e-55,8.404668507568641e-55,8.442369770172492e-55,8.480195246330065e-55,8.518145195079565e-55,8.556219875672658e-55,8.594419547574311e-55,8.63274447046264e-55,8.671194904228766e-55,8.709771108976635e-55,8.74847334502289e-55,8.787301872896696e-55,8.8262569533396e-55,8.865338847305375e-55,8.904547815959855e-55,8.943884120680789e-55,8.98334802305769e-55,9.022939784891675e-55,9.062659668195317e-55,9.102507935192482e-55,9.142484848318187e-55,9.182590670218441e-55,9.22282566375009e-55,9.263190091980666e-55,9.303684218188239e-55,9.344308305861254e-55,9.385062618698383e-55,9.425947420608381e-55,9.466962975709916e-55,9.508109548331431e-55,9.549387403010984e-55,9.590796804496101e-55,9.632338017743619e-55,9.674011307919539e-55,9.715816940398868e-55,9.757755180765476e-55,9.799826294811934e-55,9.842030548539372e-55,9.884368208157325e-55,9.926839540083574e-55,9.969444810944005e-55,1.0012184287572453e-54,1.0055058237010549e-54,1.0098066926507575e-54,1.0141210623520315e-54,1.0184489595712894e-54,1.022790411095663e-54,1.027145443732989e-54,1.0315140843117943e-54,1.0358963596812797e-54,1.0402922967113058e-54,1.0447019222923772e-54,1.0491252633356295e-54,1.0535623467728108e-54,1.0580131995562708e-54,1.0624778486589425e-54,1.0669563210743302e-54,1.071448643816491e-54,1.0759548439200234e-54,1.0804749484400507e-54,1.0850089844522064e-54,1.0895569790526187e-54,1.0941189593578964e-54,1.098694952505114e-54,1.103284985651797e-54,1.107889085975906e-54,1.112507280675823e-54,1.1171395969703367e-54,1.1217860620986256e-54,1.126446703320247e-54,1.1311215479151184e-54,1.1358106231835047e-54,1.1405139564460034e-54,1.1452315750435293e-54,1.1499635063373005e-54,1.1547097777088221e-54,1.1594704165598742e-54,1.1642454503124938e-54,1.1690349064089631e-54,1.173838812311793e-54,1.1786571955037097e-54,1.1834900834876386e-54,1.1883375037866908e-54,1.193199483944148e-54,1.1980760515234478e-54,1.2029672341081698e-54,1.2078730593020196e-54,1.2127935547288158e-54,1.2177287480324741e-54,1.2226786668769937e-54,1.2276433389464416e-54,1.2326227919449399e-54,1.237617053596649e-54,1.2426261516457556e-54,1.2476501138564553e-54,1.25268896801294e-54,1.2577427419193838e-54,1.2628114633999267e-54,1.2678951602986619e-54,1.2729938604796197e-54,1.2781075918267547e-54,1.2832363822439301e-54,1.288380259654904e-54,1.2935392520033149e-54,1.2987133872526665e-54,1.3039026933863138e-54,1.3091071984074506e-54,1.3143269303390908e-54,1.3195619172240585e-54,1.3248121871249702e-54,1.3300777681242235e-54,1.3353586883239806e-54,1.3406549758461542e-54,1.3459666588323937e-54,1.351293765444072e-54,1.3566363238622682e-54,1.3619943622877563e-54,1.3673679089409897e-54,1.3727569920620867e-54,1.3781616399108165e-54,1.3835818807665854e-54,1.389017742928422e-54,1.394469254714963e-54,1.3999364444644395e-54,1.4054193405346616e-54,1.4109179713030067e-54,1.4164323651664025e-54,1.421962550541314e-54,1.4275085558637306e-54,1.433070409589149e-54,1.4386481401925623e-54,1.444241776168444e-54,1.449851346030734e-54,1.4554768783128244e-54,1.4611184015675474e-54,1.4667759443671577e-54,1.4724495353033211e-54,1.4781392029871007e-54,1.4838449760489413e-54,1.4895668831386546e-54,5.2974060796693076e-24,1.8062290965078703e-23,3.992302532379478e-23,7.265597093723174e-23,1.1804989546411873e-22,1.778931208981311e-22,2.539726765815414e-22,3.4807424944747303e-22,4.61982178597986e-22,5.974794693244493e-22,7.5634778430375125e-22,9.40367438460916e-22,1.1513174202920863e-21,1.3909753762020786e-21,1.661117606729018e-21,1.9635190876945943e-21,2.2999534630283754e-21,2.6721930341689183e-21,3.0820087639471435e-21,3.53117029993755e-21,4.021445943492788e-21,4.554602678736908e-21,5.132406150578586e-21,5.756620680640523e-21,6.429009263341915e-21,7.15133357201402e-21,7.925353936719971e-21,8.75282938029932e-21,9.635517604753228e-21,1.0575174985479027e-20,1.1573556555420923e-20,1.2632416059022227e-20,1.375350590072946e-20,1.493857718361171e-20,1.6189379671257188e-20,1.7507661841995266e-20,1.8895170814293047e-20,2.0353652428231922e-20,2.1884851221635413e-20,2.349051035790704e-20,2.5172371746233297e-20,2.6932175974579786e-20,2.877166230409381e-20,3.0692568720131853e-20,3.2696631841781664e-20,3.478558704267119e-20,3.6961168348442875e-20,3.922510850349373e-20,4.157913895991322e-20,4.402498981856767e-20,4.6564389926198254e-20,4.9199066794753404e-20,5.1930746656364887e-20,5.47611544438807e-20,5.769201381134192e-20,6.072504704156698e-20,6.3861975199571e-20,6.710451801224493e-20,7.045439393447754e-20,7.391332011553928e-20,7.748301249081351e-20,8.116518551649741e-20,8.496155248559969e-20,8.887382539841385e-20,9.290371500632054e-20,9.705293066289635e-20,1.0132318055280142e-19,1.0571617146735457e-19,1.1023360894506593e-19,1.1487719734952563e-19,1.1964863955078842e-19,1.2454963728915806e-19,1.2958189099725888e-19,1.3474709983220645e-19,1.4004696169436852e-19,1.4548317307970435e-19,1.510574293542331e-19,1.5677142451747627e-19,1.6262685136289434e-19,1.6862540145197727e-19,1.7476876478556086e-19,1.810586304381748e-19,1.8749668625632464e-19,1.9408461821853061e-19,2.0082411163007744e-19,2.0771685039106039e-19,2.1476451706101308e-19,2.2196879295930998e-19,2.2933135820625426e-19,2.368538914806828e-19,2.4453807034397046e-19,2.523855710080835e-19,2.603980685935942e-19,2.6857723676340757e-19,2.769247479901919e-19,2.854422735022736e-19,2.941314832298473e-19,3.0299404591220546e-19,3.1203162880445083e-19,3.21245898424469e-19,3.306385195485092e-19,3.4021115583744787e-19,3.4996546981130042e-19,3.5990312245976607e-19,3.700257738308193e-19,3.803350827375614e-19,3.908327061991541e-19,4.0152030063952145e-19,4.1239952095892734e-19,4.23472020904922e-19,4.347394527655629e-19,4.462034677876678e-19,4.578657158833765e-19,4.697278458075953e-19,4.817915050003324e-19,4.940583396890165e-19,5.065299947981211e-19,5.1920811410314045e-19,5.320943400693818e-19,5.451903140802975e-19,5.584976759399698e-19,5.720180646890417e-19,5.857531175871181e-19,5.997044710724406e-19,6.138737600521323e-19,6.28262618812938e-19,6.428726801702428e-19,6.577055746584212e-19,6.727629328571249e-19,6.880463836454436e-19,7.035575548435214e-19,7.192980728643757e-19,7.352695629708618e-19,7.514736491779981e-19,7.679119537558036e-19,7.845860993502776e-19,8.014977057814855e-19,8.18648392217972e-19,8.360397764270785e-19,8.536734753318162e-19,8.715511042927015e-19,8.896742775823949e-19,9.080446082279993e-19,9.266637080145019e-19,9.455331876497967e-19,9.646546564915517e-19,9.840297227210765e-19,1.0036599933226686e-18,1.0235470740087965e-18,1.0436925693396293e-18,1.0640980827529197e-18,1.0847652156228862e-18,1.1056955701153336e-18,1.1268907453534864e-18,1.1483523398040732e-18,1.170081950865689e-18,1.192081174747511e-18,1.214351605190845e-18,1.2368948377234183e-18,1.2597124642713797e-18,1.2828060755638311e-18,1.3061772618880061e-18,1.3298276122912242e-18,1.3537587144196686e-18,1.377972154699052e-18,1.4024695184525799e-18,1.4272523897821129e-18,1.4523223515881167e-18,1.4776809857280724e-18,1.5033298724897768e-18,1.5292705912909242e-18,1.55550472044456e-18,1.5820338365609281e-18,1.608859515594997e-18,1.6359833320487977e-18,1.6634068593406265e-18,1.691131669650342e-18,1.7191593339439717e-18,1.7474914221358006e-18,1.7761295028087523e-18,1.805075143411152e-18,1.8343299103558423e-18,1.8638953685097966e-18,1.8937730823904306e-18,1.923964613586508e-18,1.9544715244051608e-18,1.985295374860991e-18,2.0164377246081367e-18,2.0479001314317642e-18,2.0796841531723315e-18,2.1117913446378793e-18,2.1442232590674746e-18,2.1769814517185655e-18,2.2100674729422743e-18,2.2434828748496035e-18,2.2772292070701006e-18,2.3113080182418712e-18,2.3457208558324347e-18,2.3804692663368188e-18,2.4155547945146434e-18,2.4509789846880478e-18,2.4867433793183554e-18,2.522849521231773e-18,2.5592989488698137e-18,2.5960932025661002e-18,2.6332338208553417e-18,2.6707223399426574e-18,2.7085602960512276e-18,2.7467492238234674e-18,2.7852906564654843e-18,2.8241861269586538e-18,2.863437166347393e-18,2.903045304345611e-18,2.9430120713404187e-18,2.9833389923901866e-18,3.0240275955146924e-18,3.0650794059113992e-18,3.1064959480823602e-18,3.1482787449145577e-18,3.190429318297768e-18,3.232949189447902e-18,3.2758398771726195e-18,3.3191029022171702e-18,3.3627397795608003e-18,3.406752024256621e-18,3.4511411553049058e-18,3.495908684930786e-18,3.541056125604727e-18,3.586584988049615e-18,3.6324967851828845e-18,3.678793025196502e-18,3.7254752158028336e-18,3.772544864848167e-18,3.8200034781967454e-18,3.867852560197019e-18,3.916093614156188e-18,3.9647281438495006e-18,4.013757650071032e-18,4.063183633102687e-18,4.113007592092058e-18,4.1632310250132846e-18,4.21385542885117e-18,4.2648823009783535e-18,4.316313132752222e-18,4.368149419227231e-18,4.4203926532938406e-18,4.473044325212129e-18,4.526105925851069e-18,4.579578943844776e-18,4.633464866981869e-18,4.687765182419998e-18,4.742481375241703e-18,4.79761492679784e-18,4.8531673272469584e-18,4.9091400555024715e-18,4.965534592597514e-18,5.0223524172309015e-18,5.079595012274494e-18,5.137263851646194e-18,5.195360415117308e-18,5.253886174598305e-18,5.312842606179584e-18,5.372231180843435e-18,5.432053373210228e-18,5.4923106545531924e-18,5.5530044956773925e-18,5.614136365707818e-18,5.6757077311163265e-18,5.737720058534108e-18,5.800174813493472e-18,5.86307346042318e-18,5.926417462643897e-18,5.9902082823701624e-18,6.054447380711267e-18,6.119136219016882e-18,6.184276253391534e-18,6.249868943265404e-18,6.315915745764167e-18,6.38241811528825e-18,6.449377506916781e-18,6.516795374046324e-18,6.5846731689733536e-18,6.653012341571689e-18,6.721814344606191e-18,6.791080625568683e-18,6.860812632736979e-18,6.931011812526888e-18,7.001679611088408e-18,7.072817469924856e-18,7.144426838374695e-18,7.216509155976617e-18,7.289065864092028e-18,7.362098402472825e-18,7.435608211359787e-18,7.509596729574598e-18,7.584065391545688e-18,7.659015634677668e-18,7.734448890341289e-18,7.810366598570768e-18,7.886770188758329e-18,7.963661092704378e-18,8.041040736389074e-18,8.118910558469222e-18,8.19727198279924e-18,8.276126436545507e-18,8.355475345227246e-18,8.435320129555974e-18,8.515662223157145e-18,8.59650304481362e-18,8.67784401547533e-18,8.759686551755276e-18,8.84203208191899e-18,8.924882020847431e-18,9.008237785344307e-18,9.092100792332506e-18,9.176472457110294e-18,9.26135418896647e-18,9.346747419868802e-18,9.432653540031204e-18,9.51907397312493e-18,9.606010125199334e-18,9.693463401001098e-18,9.78143521682685e-18,9.869926975435901e-18,9.958940078299504e-18,1.0048475938656815e-17,1.0138535954156054e-17,1.0229121526748708e-17,1.0320234062154967e-17,1.0411874958118668e-17,1.0504045614413282e-17,1.0596747431046504e-17,1.0689981803420957e-17,1.0783750130678605e-17,1.0878053809819211e-17,1.0972894225688735e-17,1.1068272776708569e-17,1.1164190855402077e-17,1.1260649852242644e-17,1.13576511576941e-17,1.1455196160074206e-17,1.1553286247795652e-17,1.1651922805974126e-17,1.1751107223064608e-17,1.1850840881346838e-17,1.195112516651736e-17,1.2051961460825631e-17,1.2153351144410724e-17,1.2255295594239533e-17,1.2357796198168644e-17,1.2460854330386724e-17,1.2564471370637568e-17,1.2668648690499962e-17,1.2773387667589222e-17,1.2878689675205693e-17,1.298455608842152e-17,1.3090988278429833e-17,1.3197987616222852e-17,1.3305555472136461e-17,1.341369321505665e-17,1.3522402212434138e-17,1.3631683832351128e-17,1.3741539439084731e-17,1.3851970400972007e-17,1.3962978078285413e-17,1.4074563835059396e-17,1.4186729033067722e-17,1.42994750336122e-17,1.4412803193054297e-17,1.452671487545004e-17,1.464121143524268e-17,1.4756294230537628e-17,1.487196461729881e-17,1.4988223944911463e-17,1.5105073574143935e-17,1.5222514854192618e-17,1.5340549136055822e-17,1.5459177772060188e-17,1.5578402110586283e-17,1.5698223500079908e-17,1.581864328832272e-17,1.5939662821413533e-17,1.606128344434098e-17,1.618350650205464e-17,1.6306333336978272e-17,1.6429765292579252e-17,1.6553803707844935e-17,1.667844992498375e-17,1.6803705285007164e-17,1.6929571124350733e-17,1.705604878026359e-17,1.718313958897791e-17,1.7310844885713068e-17,1.7439166004676485e-17,1.756810427906444e-17,1.7697661041062768e-17,1.7827837621847624e-17,1.7958635351586162e-17,1.8090055559437447e-17,1.8222099574685203e-17,1.8354768722246052e-17,1.8488064330563003e-17,1.8621987722019944e-17,1.8756540222713906e-17,1.8891723155791563e-17,1.9027537842509487e-17,1.916398560449874e-17,1.9301067761722354e-17,1.9438785634119372e-17,1.957714053832306e-17,1.9716133792533546e-17,1.985576671218927e-17,1.9996040618473913e-17,2.013695681409225e-17,2.0278516616769133e-17,2.0420721326220826e-17,2.0563572281035345e-17,2.0707070778159723e-17,2.085121812547623e-17,2.0996015633088676e-17,2.1141464605908025e-17,2.1287566353335892e-17,2.143432217614877e-17,2.1581733380653746e-17,2.172980126962989e-17,2.1878527143429442e-17,2.2027912305539298e-17,2.217795805619942e-17,2.2328665696762357e-17,2.248003652098418e-17,2.263207183084246e-17,2.2784772920272985e-17,2.2938141084644864e-17,2.309217761542479e-17,2.3246883811639073e-17,2.3402260960162203e-17,2.3558310357709585e-17,2.3715033291765976e-17,2.3872431052304672e-17,2.4030504926965203e-17,2.4189256204313758e-17,2.4348686169981728e-17,2.4508796119224834e-17,2.4669587318191424e-17,2.4831061058879708e-17,2.499321862405836e-17,2.515606129590115e-17,2.5319590355864242e-17,2.5483807093000218e-17,2.5648712776134433e-17,2.5814308671957755e-17,2.5980596067952855e-17,2.614757623892122e-17,2.6315250460723325e-17,2.6483620007949206e-17,2.665268615213092e-17,2.6822450166259536e-17,2.699291332081749e-17,2.7164076885728924e-17,2.733594213749092e-17,2.7508510336002347e-17,2.7681782742484083e-17,2.785576062993083e-17,2.803044526446396e-17,2.820583790807863e-17,2.8381939821802035e-17,2.855875227465681e-17,2.873627652122383e-17,2.891451382873427e-17,2.9093465451842474e-17,2.9273132651773765e-17,2.945351668079666e-17,2.963461880324896e-17,2.981644025679188e-17,2.9998982321887157e-17,3.018224624289354e-17,3.0366233267631365e-17,3.055094465305964e-17,3.073638164933592e-17,3.092254550282367e-17,3.110943746403124e-17,3.129705878160158e-17,3.148541068466293e-17,3.167449445368182e-17,3.186431131688843e-17,3.2054862518936364e-17,3.22461492952021e-17,3.2438172902633786e-17,3.263093457548241e-17,3.282443555420073e-17,3.3018677085657443e-17,3.3213660391867304e-17,3.3409386721594666e-17,3.3605857309564897e-17,3.380307339152674e-17,3.400103620228564e-17,3.419974697570877e-17,3.439920694217029e-17,3.4599417336167615e-17,3.480037939150814e-17,3.500209433560996e-17,3.5204563403446294e-17,3.540778781176627e-17,3.5611768795459364e-17,3.581650757726134e-17,3.60220053845667e-17,3.6228263445671894e-17,3.643528297634696e-17,3.664306520316839e-17,3.6851611349020634e-17,3.7060922632462305e-17,3.727100027532455e-17,3.748184549489793e-17,3.769345951161349e-17,3.7905843538629465e-17,3.8118998795328834e-17,3.8332926496093685e-17,3.854762785299582e-17,3.876310408286934e-17,3.897935639821321e-17,3.919638600956264e-17,3.9414194127258324e-17,3.963278196037431e-17,3.985215071929195e-17,4.007230161032288e-17,4.0293235841132826e-17,4.051495461873802e-17,4.073745914793822e-17,4.096075063179654e-17,4.118483027739033e-17,4.140969928663259e-17,4.163535885238517e-17,4.1861810169142155e-17,4.208905446033958e-17,4.23170929144509e-17,4.254592672219577e-17,4.277555708984515e-17,4.300598520974555e-17,4.3237212276484364e-17,4.3469239485975265e-17,4.370206802851477e-17,4.393569909792421e-17,4.417013390475191e-17,4.440537360421941e-17,4.464141939953171e-17,4.487827249602528e-17,4.5115934051203437e-17,4.5354405271012556e-17,4.559368733885471e-17,4.5833781439858476e-17,4.6074688758246304e-17,4.631641047715033e-17,4.6558947779329185e-17,4.680230184631698e-17,4.704647385843937e-17,4.7291464995728535e-17,4.753727643683754e-17,4.778390935302853e-17,4.803136493232125e-17,4.8279644348983757e-17,4.852874877693251e-17,4.877867938831932e-17,4.902943735082332e-17,4.9281023843608334e-17,4.953344004578162e-17,4.9786687120932647e-17,5.0040766238553887e-17,5.0295678568191314e-17,5.055142527817654e-17,5.0808007535011053e-17,5.1065426505749785e-17,5.1323683355452066e-17,5.1582779248675725e-17,5.184271534908975e-17,5.210349281947731e-17,5.2365112839776874e-17,5.2627576535020237e-17,5.289088508046269e-17,5.3155039641014285e-17,5.3420041372656894e-17,5.368589143198417e-17,5.395259098133906e-17,5.4220141165862723e-17,5.4488543146238844e-17,5.47577980753062e-17,5.502790711160176e-17,5.5298871397400306e-17,5.557069208928679e-17,5.584337033721925e-17,5.61169073058079e-17,5.63913041146019e-17,5.666656192950979e-17,5.694268189496415e-17,5.721966515107563e-17,5.749751284929136e-17,5.777622613103596e-17,5.805580614420751e-17,5.833625401969053e-17,5.861757090793085e-17,5.889975795564469e-17,5.918281632076887e-17,5.94667470948257e-17,5.975155143508306e-17,6.003723048805572e-17,6.032378538624971e-17,6.061121726489236e-17,6.089952726740244e-17,6.11887165104989e-17,6.147878616072078e-17,6.17697373029469e-17,6.20615710885656e-17,6.235428865855637e-17,6.264789112620698e-17,6.294237964943863e-17,6.32377553175805e-17,6.353401927180235e-17,6.383117263743726e-17,6.412921654818685e-17,6.442815212428538e-17,6.472798048131054e-17,6.502870275805218e-17,6.533032006834898e-17,6.563283353144367e-17,6.593624427111614e-17,6.624055340485497e-17,6.65457620511262e-17,6.685187132754076e-17,6.715888235285375e-17,6.746679626515118e-17,6.777561410258284e-17,6.808533705892015e-17,6.839596618930539e-17,6.8707502620237e-17,6.901994752944802e-17,6.93333020348263e-17,6.964756711262914e-17,6.996274397236841e-17,7.027883366487411e-17,7.059583733728381e-17,7.091375612174589e-17,7.123259109373564e-17,7.15523433591723e-17,7.187301402013162e-17,7.219460421514909e-17,7.251711497775986e-17,7.284054744433295e-17,7.31649027143519e-17,7.349018188941427e-17,7.381638606763951e-17,7.414351634403291e-17,7.447157382231795e-17,7.480055958919028e-17,7.513047473483244e-17,7.546132038488342e-17,7.579309762480948e-17,7.612580752742734e-17,7.645945118676524e-17,7.67940297112054e-17,7.712954418294891e-17,7.746599569284397e-17,7.780338532790178e-17,7.814171417725249e-17,7.848098333378512e-17,7.882119387296696e-17,7.916234688595953e-17,7.950444346319746e-17,7.984748467759804e-17,8.019147162893209e-17,8.053640539553727e-17,8.08822870340571e-17,8.122911764367099e-17,8.15768983031257e-17,8.192563009277089e-17,8.227531409023448e-17,8.262595137211505e-17,8.297754301632096e-17,8.333009009746209e-17,8.368359369267013e-17,8.403805487380311e-17,8.439347471403128e-17,8.47498542985257e-17,8.510719468734809e-17,8.54654969514204e-17,8.582476214840267e-17,8.618499135855549e-17,8.654618565150732e-17,8.690834609489325e-17,8.727147375613554e-17,8.763556969534063e-17,8.800063498278204e-17,8.836667067321657e-17,8.873367785409093e-17,8.910165757881175e-17,8.94706109043921e-17,8.98405388923183e-17,9.021144259632641e-17,9.058332309378078e-17,9.095618141904838e-17,9.133001864260193e-17,9.170483587194286e-17,9.20806340676636e-17,9.2457414324279e-17,9.283517768419354e-17,9.321392523712069e-17,9.359365800729991e-17,9.39743770679083e-17,9.435608346101186e-17,9.473877823828502e-17,9.512246244559699e-17,9.55071371343285e-17,9.589280334923452e-17,9.627946212403129e-17,9.666711454210054e-17,9.705576155892887e-17,9.744540435044911e-17,9.783604390987977e-17,9.822768123854831e-17,9.862031739676439e-17,9.901395349077755e-17,9.940859040230212e-17,9.980422933348414e-17,1.0020087126005844e-16,1.0059851729821042e-16,1.0099716842184475e-16,1.0139682563492722e-16,1.0179749003301999e-16,1.0219916261537916e-16,1.0260184443200587e-16,1.030055365046898e-16,1.0341023987343361e-16,1.0381595556813071e-16,1.0422268462219438e-16,1.0463042805702123e-16,1.0503918691713421e-16,1.0544896222082228e-16,1.0585975500355875e-16,1.0627156628733983e-16,1.0668439715502542e-16,1.0709824852081337e-16,1.0751312147363635e-16,1.0792901703314748e-16,1.0834593622972534e-16,1.0876388006291911e-16,1.0918284957657814e-16,1.0960284582515356e-16,1.1002386975013438e-16,1.1044592240771965e-16,1.108690048228747e-16,1.112931180113158e-16,1.1171826298936285e-16,1.1214444077689033e-16,1.1257165238431783e-16,1.1299989881627108e-16,1.1342918111330783e-16,1.1385950027196542e-16,1.1429085731268907e-16,1.1472325323674242e-16,1.1515668906900318e-16,1.1559116581302328e-16,1.160266844762963e-16,1.1646324607520083e-16,1.1690085160943856e-16,1.1733950205051792e-16,1.177791984826788e-16,1.1821994186900856e-16,1.1866173322232608e-16,1.1910457356236326e-16,1.1954846385703538e-16,1.1999340512217595e-16,1.2043939835570927e-16,1.20886444532882e-16,1.213345447271893e-16,1.217836998988182e-16,1.222339110370348e-16,1.2268517915742209e-16,1.231375052468945e-16,1.235908903059969e-16,1.2404533533753323e-16,1.2450084131868814e-16,1.2495740925217654e-16,1.2541504013575823e-16,1.2587373495541558e-16,1.263334947120911e-16,1.2679432038541273e-16,1.2725621297912353e-16,1.2771917346812918e-16,1.2818320283979502e-16,1.2864830210039806e-16,1.2911447222949144e-16,1.295817142094107e-16,1.3005002903167473e-16,1.3051941766845285e-16,1.309898811429414e-16,1.314614203937456e-16,1.31934036413499e-16,1.3240773019923407e-16,1.328825027249514e-16,1.3335835497529829e-16,1.3383528792372062e-16,1.3431330255033976e-16,1.3479239983570665e-16,1.3527258076251932e-16,1.3575384629440151e-16,1.3623619741776785e-16,1.3671963513841146e-16,1.3720416039896663e-16,1.376897741394613e-16,1.3817647735488583e-16,1.3866427102959785e-16,1.3915315603405988e-16,1.396431335517142e-16,1.4013420444436215e-16,1.4062636967495797e-16,1.4111963011741436e-16,1.4161398693812837e-16,1.4210944100168683e-16,1.426059932783056e-16,1.4310364473105408e-16,1.4360239632727927e-16,1.4410224903252117e-16,1.4460320380503857e-16,1.451052615947522e-16,1.456084233984805e-16,1.4611269015606134e-16,1.4661806284901724e-16,1.471245424008848e-16,1.4763212980722338e-16,1.4814082598990484e-16,1.4865063194183446e-16,1.491615485722446e-16,1.4967357689734414e-16,1.5018671782789214e-16,1.5070097230043548e-16,1.5121634135453022e-16,1.51732825873034e-16,1.5225042684774587e-16,1.5276914518451695e-16,1.532889818638523e-16,1.5380993778159893e-16,1.5433201398025836e-16,1.5485521137336534e-16,1.5537953090166457e-16,1.5590497351259497e-16,1.5643154015367124e-16,1.569592317491248e-16,1.5748804928540702e-16,1.5801799365548341e-16,1.5854906588960885e-16,1.5908126685202779e-16,1.5961459750925985e-16,1.6014905880204906e-16,1.6068465177546935e-16,1.6122137716249492e-16,1.6175923599835007e-16,1.6229822923725928e-16,1.6283835780649768e-16,1.6337962280933344e-16,1.639220248599096e-16,1.6446556504987827e-16,1.6501024432183723e-16,1.6555606360719992e-16,1.6610302383829444e-16,1.6665112593336447e-16,1.6720037085595598e-16,1.6775075952153094e-16,1.6830229286345378e-16,1.6885497181642174e-16,1.6940879729422915e-16,1.6996377024039507e-16,1.7051989157758778e-16,1.7107716222605728e-16,1.7163558312707588e-16,1.7219515519000114e-16,1.7275587935523497e-16,1.7331775653323803e-16,1.7388078763419319e-16,1.7444497362216016e-16,1.7501031539380235e-16,1.75576813868532e-16,1.7614446998717322e-16,1.7671328464363393e-16,1.7728325878598017e-16,1.7785439331705747e-16,1.7842668915663852e-16,1.7900014722117556e-16,1.7957476842741072e-16,1.8015055369730986e-16,1.8072750393459218e-16,1.8130562005544283e-16,1.8188490300371871e-16,1.824653536451065e-16,1.8304697280102381e-16,1.8362976160908878e-16,1.8421372086639238e-16,1.847988514889875e-16,1.8538515437658495e-16,1.8597263043906974e-16,1.865612805883956e-16,1.8715110573689594e-16,1.877421067879632e-16,1.8833428464841851e-16,1.8892764020935664e-16,1.895221743986352e-16,1.9011788810761073e-16,1.9071478224439777e-16,1.9131285770996038e-16,1.9191211539453427e-16,1.925125562210924e-16,1.9311418107376328e-16,1.9371699090633412e-16,1.9432098652821617e-16,1.9492616880859308e-16,1.955325388057618e-16,1.961400973095999e-16,1.9674884523926889e-16,1.9735878350417947e-16,1.9796991295829698e-16,1.9858223452337885e-16,1.9919574912227612e-16,1.9981045757627733e-16,2.0042636080809503e-16,2.0104345974061097e-16,2.0166175522545878e-16,2.022812481254784e-16,2.029019394728267e-16,2.0352382998269548e-16,2.0414692063615825e-16,2.0477121228411875e-16,2.0539670584973764e-16,2.0602340218240144e-16,2.066513021863439e-16,2.0728040674605315e-16,2.0791071676491678e-16,2.0854223308954107e-16,2.09174956621607e-16,2.0980888824152948e-16,2.1044402884896727e-16,2.110803792760555e-16,2.1171794060247082e-16,2.1235671354212548e-16,2.1299669881413638e-16,2.1363789746964075e-16,2.1428031041243336e-16,2.149239384038865e-16,2.1556878237777048e-16,2.1621484326775864e-16,2.168621219891856e-16,2.175106192717575e-16,2.1816033602409237e-16,2.188112732893592e-16,2.1946343165101453e-16,2.2011681211959623e-16,2.2077141550519215e-16,2.2142724280350638e-16,2.220842948236365e-16,2.227425724409851e-16,2.2340207650641876e-16,2.240628078689963e-16,2.247247674471008e-16,2.2538795608350477e-16,2.2605237451833495e-16,2.2671802386267554e-16,2.273849048514356e-16,2.280530183417828e-16,2.287223652084895e-16,2.2939294633146855e-16,2.3006476271143456e-16,2.307378150507913e-16,2.3141210403844947e-16,2.3208763072146075e-16,2.3276439593052934e-16,2.334424005299125e-16,2.341216453948096e-16,2.348021313756236e-16,2.3548385932333565e-16,2.361668300916354e-16,2.368510445240368e-16,2.375365034985629e-16,2.3822320795687675e-16,2.3891115850066997e-16,2.396003561834013e-16,2.402908018459586e-16,2.40982496266349e-16,2.4167544031989463e-16,2.4236963476073454e-16,2.4306508062734195e-16,2.4376177869633563e-16,2.4445972973613257e-16,2.451589347205155e-16,2.458593944246333e-16,2.4656110972641323e-16,2.4726408142880223e-16,2.4796831039423937e-16,2.486737977444308e-16,2.493805437632317e-16,2.500885494720434e-16,2.5079781585723824e-16,2.5150834394508355e-16,2.5222013417393706e-16,2.5293318773998556e-16,2.5364126090492886e-16,2.543487891955981e-16,2.5505582961585285e-16,2.5576220497500833e-16,2.5646760535522988e-16,2.57173149981529e-16,2.578779297734278e-16,2.585821536262604e-16,2.592858020130708e-16,2.59988968735739e-16,2.6069159503406475e-16,2.6139369339656386e-16,2.620952332908595e-16,2.627962471104093e-16,2.6349667652347283e-16,2.641966687935793e-16,2.6489598680378904e-16,2.655949281055207e-16,2.6629334415440434e-16,2.669912357285935e-16,2.6768857349836883e-16,2.6838533328157016e-16,2.6908165402088653e-16,2.6977746164127524e-16,2.7047273749749836e-16,2.7116738032338993e-16,2.718615121759002e-16,2.725552221598536e-16,2.732484108319761e-16,2.7394099870086953e-16,2.7463307019805884e-16,2.7532474417843316e-16,2.7601587043026697e-16,2.7670646017099133e-16,2.773965795239464e-16,2.7808618069861526e-16,2.7877523597804073e-16,2.794637743860868e-16,2.8015179615667475e-16,2.808393015382116e-16,2.8152629100426247e-16,2.8221274206664834e-16,2.8289870064626523e-16,2.8358412093249084e-16,2.842690948541382e-16,2.849535338277628e-16,2.85637477539244e-16,2.8632085352363334e-16,2.870037018536941e-16,2.876861038700253e-16,2.8836789900181774e-16,2.890491811197023e-16,2.897299949737333e-16,2.9041034977947384e-16,2.910901950018662e-16,2.91769530694181e-16,2.924483597244396e-16,2.931266841732431e-16,2.938044345380415e-16,2.9448167470375014e-16,2.951584951041685e-16,2.958347192653975e-16,2.9651052041109915e-16,2.9718580834128413e-16,2.9786050971014384e-16,2.9853476390817304e-16,2.9920848570544883e-16,2.998816677592857e-16,3.0055437175920175e-16,3.012265634418921e-16,3.0189824748049143e-16,3.025694245947738e-16,3.0324005158548683e-16,3.039102207122455e-16,3.0457986601758505e-16,3.052490082249261e-16,3.05917622632512e-16,3.065857605969325e-16,3.0725339574975514e-16,3.079205293250164e-16,3.0858716167507106e-16,3.0925329314643453e-16,3.099189241421876e-16,3.1058405503834453e-16,3.1124868742405687e-16,3.1191282067355627e-16,3.1257645503290944e-16,3.1323959105129675e-16,3.1390222706393063e-16,3.145643669964225e-16,3.152260076920034e-16,3.1588715122134326e-16,3.1654779804066474e-16,3.1720800366617105e-16,3.178676394852726e-16,3.185268015722786e-16,3.191854680526793e-16,3.198436393059649e-16,3.2050137004614105e-16,3.211586068998623e-16,3.2181529587193474e-16,3.224714936302893e-16,3.231272510741733e-16,3.237825161259698e-16,3.2443728913837165e-16,3.250915694994394e-16,3.2574535952791035e-16,3.2639860602921405e-16,3.2705141456346385e-16,3.277037319182413e-16,3.2835556045018096e-16,3.2900689951769095e-16,3.2965774845529303e-16,3.303080569791183e-16,3.309579298656573e-16,3.3160731479640167e-16,3.3225621209703056e-16,3.3290462105089674e-16,3.335525441897663e-16,3.3419998080187375e-16,3.348469312483561e-16,3.354933958926025e-16,3.3613937510282623e-16,3.3678486924000754e-16,3.3742982517596787e-16,3.3807435026468033e-16,3.3871839011520333e-16,3.393619476457998e-16,3.400050219279022e-16,3.406476133210091e-16,3.412897221874897e-16,3.4193134889228193e-16,3.425724925458648e-16,3.432131560050583e-16,3.43853338391751e-16,3.4449304006232154e-16,3.451322613700242e-16,3.4577100268940566e-16,3.4640926437745402e-16,3.470470467904721e-16,3.4768434893073096e-16,3.483211738731903e-16,3.489575206295081e-16,3.4959339903757447e-16,3.5022880005773825e-16,3.50863712927581e-16,3.514981490375319e-16,3.521309567515991e-16,3.5276444248892634e-16,3.53397451135058e-16,3.540299960698855e-16,3.546620661482814e-16,3.5529364980735256e-16,3.5592475920486317e-16,3.5655539483254604e-16,3.571855556832756e-16,3.578152567241375e-16,3.584444726984843e-16,3.5907322875505694e-16,3.597015000808768e-16,3.6032929963089396e-16,3.609566408587815e-16,3.6158349662508405e-16,3.6220989648932304e-16,3.62835826344937e-16,3.634612864797772e-16,3.640862626650498e-16,3.6471075108308633e-16,3.653347887441893e-16,3.6595835783745806e-16,3.6658145888943143e-16,3.672040920561316e-16,3.678261872227643e-16,3.684478985788583e-16,3.690691288029567e-16,3.696898937044739e-16,3.7031019244560854e-16,3.7093002537856635e-16,3.715493928550846e-16,3.721682952221872e-16,3.7278673282552847e-16,3.734047060187394e-16,3.740222140013276e-16,3.746392595793539e-16,3.75255841631604e-16,3.7587070049224743e-16,3.7648635780189016e-16,3.7710155279221584e-16,3.7771628580736263e-16,3.7833055719434763e-16,3.7894436729913625e-16,3.795577155152107e-16,3.801706040975228e-16,3.8078303243691084e-16,3.8139500087937304e-16,3.8200650983536543e-16,3.82617558553887e-16,3.8322814937902507e-16,3.8383828168661563e-16,3.8444800698568673e-16,3.850572742855309e-16,3.8566608404381117e-16,3.862743855646315e-16,3.8688223023513383e-16,3.8748961840264983e-16,3.88096550413473e-16,3.88703027055619e-16,3.893090477940177e-16,3.899146134125327e-16,3.905197242535173e-16,3.9112438065498074e-16,3.917285835626486e-16,3.923323321242261e-16,3.929356272852056e-16,3.9353845172438783e-16,3.941408419584815e-16,3.947427614198118e-16,3.953442471327695e-16,3.9594526303086165e-16,3.965458457404557e-16,3.971459774050363e-16,3.9774567169133286e-16,3.9834491560385703e-16,3.989437093519147e-16,3.9954205333655766e-16,4.0013994789946835e-16,4.007373806404845e-16,4.0133436470412e-16,4.0193090049967716e-16,4.0252700079923645e-16,4.031226534515592e-16,4.0371785868378166e-16,4.0431143082111363e-16,4.049057431871898e-16,4.0549960922710574e-16,4.060930292471779e-16,4.066860035856854e-16,4.0727853257970927e-16,4.078706165660884e-16,4.0846224400485357e-16,4.090534271751933e-16,4.0964417817642843e-16,4.1023448550874896e-16,4.1082433781780553e-16,4.114137588364818e-16,4.120027371975665e-16,4.1259127322325665e-16,4.1317936725461013e-16,4.137670196315719e-16,4.143542306790513e-16,4.149410007312135e-16,4.155273186959248e-16,4.161132077558374e-16,4.166986568168129e-16,4.17283666214906e-16,4.1786823627075857e-16,4.184523673201655e-16,4.190360596928241e-16,4.1961930252599605e-16,4.202021073802027e-16,4.2078447457878426e-16,4.213664155761876e-16,4.2194791954808507e-16,4.22528986819883e-16,4.2310961771822127e-16,4.2368981257500975e-16,4.2426957172280523e-16,4.2484889548029505e-16,4.2542778417974036e-16,4.2600623816363937e-16,4.265842465488458e-16,4.2716071168035133e-16,4.2773786426833014e-16,4.283134672286988e-16,4.2888975413067577e-16,4.2946560825618117e-16,4.300410179790872e-16,4.3061600753450686e-16,4.311905534389365e-16,4.317646797317156e-16,4.323383639717035e-16,4.329116283166011e-16,4.334844621449727e-16,4.340568657965711e-16,4.346288395933078e-16,4.3520038385869274e-16,4.357714989153799e-16,4.3634217439208817e-16,4.369124212089342e-16,4.3748225059317434e-16,4.3805164043536207e-16,4.3862061430810494e-16,4.3918915026443613e-16,4.3975725917151236e-16,4.4032494054327566e-16,4.4089219562699626e-16,4.4145903635758135e-16,4.420254408288917e-16,4.425914198430325e-16,4.431569728615396e-16,4.4372211284281618e-16,4.442868284349897e-16,4.448511199502486e-16,4.454149877067426e-16,4.459784320266448e-16,4.465414427005148e-16,4.471040295614095e-16,4.476633157568794e-16,4.482221856954466e-16,4.487835104179778e-16,4.493415465856161e-16,4.499020307397583e-16,4.504592343521156e-16,4.510160236675559e-16,4.515742344774295e-16,4.521301944025953e-16,4.526857395262363e-16,4.532427001832517e-16,4.537992263687183e-16,4.543535296728541e-16,4.549074197103334e-16,4.554608888864793e-16,4.560139458443335e-16,4.56566591060988e-16,4.571188342456003e-16,4.576706656572886e-16,4.582220866415204e-16,4.587730966863863e-16,4.593236969079376e-16,4.598738871982159e-16,4.604236678582273e-16,4.609730391850649e-16,4.6152200147779945e-16,4.620705546305232e-16,4.626186997554466e-16,4.6316820964515845e-16,4.637155380623998e-16,4.642624583663505e-16,4.648089714211177e-16,4.653550775334599e-16,4.659007770021499e-16,4.664460701252119e-16,4.669909572002074e-16,4.675354385254287e-16,4.6807951398626275e-16,4.686231842933745e-16,4.691664501468271e-16,4.697093110273005e-16,4.702517680509577e-16,4.707938211036603e-16,4.713354704819287e-16,4.718767164821492e-16,4.724175594002004e-16,4.729579979188021e-16,4.734980339477899e-16,4.740376693912502e-16,4.745769029342296e-16,4.751157262736021e-16,4.756541567173455e-16,4.761921863409814e-16,4.767298066656105e-16,4.772669028358982e-16,4.778054005141293e-16,4.783418271159614e-16,4.788778549200862e-16,4.794134834666015e-16,4.799486069006742e-16,4.804833361273786e-16,4.810177694411175e-16,4.815518024671852e-16,4.820854388892966e-16,4.826186782147429e-16,4.831515199322858e-16,4.836839647299152e-16,4.842160129118334e-16,4.847476647690894e-16,4.852789209828997e-16,4.858097814469333e-16,4.863402464534615e-16,4.868703162956652e-16,4.873999665774185e-16,4.87929245594912e-16,4.884580329883017e-16,4.889865253097119e-16,4.895146233743715e-16,4.900423248765717e-16,4.905696367646825e-16,4.910965554079499e-16,4.916230814818906e-16,4.921508269578704e-16,4.926765473282754e-16,4.932018745157069e-16,4.937268326998666e-16,4.942513995482189e-16,4.9477555264457635e-16,4.952993379314839e-16,4.958242158434381e-16,4.963472010424218e-16,4.968697925756255e-16,4.973920179255502e-16,4.979138535409002e-16,4.984352785243544e-16,4.98956337011579e-16,4.994770058733377e-16,4.999972883487659e-16,5.005171552743936e-16,5.010382395364095e-16,5.015573591455614e-16,5.020760914913171e-16,5.025944372895293e-16,5.031123695536547e-16,5.036299429857612e-16,5.041471136630195e-16,5.046655746576697e-16,5.051836463746773e-16,5.056996765769024e-16,5.062153010622384e-16,5.06730562194743e-16,5.072454391668845e-16,5.077599328291909e-16,5.082740430792322e-16,5.087877702016696e-16,5.093011144776868e-16,5.098140761898949e-16,5.103266556168812e-16,5.108388530381666e-16,5.113506687452864e-16,5.118621026187495e-16,5.123731553324765e-16,5.128838271710355e-16,5.133941188088833e-16,5.139040297351098e-16,5.144135606305135e-16,5.149227106011048e-16,5.15431459330651e-16,5.159398524308582e-16,5.164478660130127e-16,5.169555009526294e-16,5.174627544692574e-16,5.179696329790422e-16,5.1847613407818655e-16,5.18982257652139e-16,5.194880035902063e-16,5.199933729609182e-16,5.204983432519644e-16,5.210029582061087e-16,5.215071979829184e-16,5.220110402800546e-16,5.225145079107026e-16,5.230176004983919e-16,5.235203391811979e-16,5.24022702501413e-16,5.24524691355068e-16,5.25026306405224e-16,5.255275475415559e-16,5.260284146502081e-16,5.265289083823192e-16,5.270290294161595e-16,5.275287776349759e-16,5.280281529225873e-16,5.285271563362557e-16,5.290257877562187e-16,5.29524047462415e-16,5.300219174139111e-16,5.305209845807867e-16,5.310181300441981e-16,5.3151490409684995e-16,5.320113081917706e-16,5.325073418218618e-16,5.330030056518073e-16,5.334982999576122e-16,5.339932250095597e-16,5.344877814701115e-16,5.349819692219167e-16,5.354757850874139e-16,5.359692362387463e-16,5.364623194957785e-16,5.369550351313633e-16,5.374473834174762e-16,5.37939364624431e-16,5.38430979021309e-16,5.389222268805078e-16,5.394131080759184e-16,5.399036232768739e-16,5.403953518804935e-16,5.408867116558191e-16,5.413777028801894e-16,5.418683258241637e-16,5.42358580777798e-16,5.428484680096214e-16,5.433379877963125e-16,5.438271404143768e-16,5.443159261380987e-16,5.44804345244922e-16,5.452923980097339e-16,5.457800847065915e-16,5.46267405610286e-16,5.467543609853934e-16,5.472409389628619e-16,5.477271640939388e-16,5.482130124830552e-16,5.486985084959055e-16,5.491836404164376e-16,5.496684084664715e-16,5.501528129249138e-16,5.506368540561667e-16,5.511205321333198e-16,5.516038474291609e-16,5.52086800208825e-16,5.525693907453613e-16,5.530516193194116e-16,5.535334369976381e-16,5.540148823360314e-16,5.544959643763846e-16,5.549767375813419e-16,5.554571605042317e-16,5.559371747237488e-16,5.564168772977395e-16,5.568962200951695e-16,5.573752033803712e-16,5.57853827413915e-16,5.583320924627134e-16,5.58809987800968e-16,5.592875356422055e-16,5.59764725358298e-16,5.602415571547641e-16,5.607180313169676e-16,5.611941391715881e-16,5.616698877092381e-16,5.621452794274843e-16,5.626202775858096e-16,5.630949679449687e-16,5.635692443700385e-16,5.640431644970493e-16,5.645167756793384e-16,5.649900432679856e-16,5.654628995343047e-16,5.659354004036389e-16,5.664075513603863e-16,5.668793441199074e-16,5.673508304745842e-16,5.678218640833603e-16,5.682925418150604e-16,5.687629689980423e-16,5.692330518644495e-16,5.697027822024574e-16,5.701721009488593e-16,5.706411273403096e-16,5.711097895483088e-16,5.715780070780663e-16,5.720459792510385e-16,5.725135998825671e-16,5.729807647274471e-16,5.734476848303062e-16,5.739142541715871e-16,5.743804735606113e-16,5.748463432820074e-16,5.753118635981574e-16,5.75776986529396e-16,5.762418091742955e-16,5.767062829079937e-16,5.771704082791694e-16,5.776341855559258e-16,5.780976150007087e-16,5.785606968736302e-16,5.790234314226326e-16,5.794858189362142e-16,5.799478596519543e-16,5.80409553851174e-16,5.808709017804101e-16,5.813318049378164e-16,5.817923605911555e-16,5.822525709817833e-16,5.827125372617455e-16,5.831721579774121e-16,5.836314339819625e-16,5.840903655345956e-16,5.845489528939527e-16,5.850071963207974e-16,5.854650960656492e-16,5.859226523897197e-16,5.863798655639741e-16,5.868367358365977e-16,5.872932634653987e-16,5.877494486961021e-16,5.882051978200417e-16,5.88660699668723e-16,5.891158593602344e-16,5.895705847713163e-16,5.900250625993596e-16,5.90479199066631e-16,5.909329949326674e-16,5.913864504603303e-16,5.918395659034211e-16,5.92292341532113e-16,5.927447692824924e-16,5.931968659819144e-16,5.936486236198103e-16,5.941000343136868e-16,5.945511146081633e-16,5.950018483353223e-16,5.954522439375312e-16,5.959023101204828e-16,5.963520388207664e-16,5.968014302334712e-16,5.972504846218349e-16,5.97699202192037e-16,5.981475832959234e-16,5.985956281330506e-16,5.990433369546695e-16,5.994907100126324e-16,5.999377475600069e-16,6.003844498500788e-16,6.008308171335654e-16,6.012768496629739e-16,6.017225078946375e-16,6.021678615745733e-16,6.026128913287013e-16,6.030575873825857e-16,6.035019423841266e-16,6.039459716324159e-16,6.04389667930996e-16,6.048330240200078e-16,6.052760473485246e-16,6.057187461252494e-16,6.061611129512404e-16,6.066031480309664e-16,6.070448516085964e-16,6.074861422838214e-16,6.079271841666405e-16,6.083678875825644e-16,6.08808256909723e-16,6.092483067306216e-16,6.096880178608786e-16,6.10127400516286e-16,6.105664505784164e-16,6.110051729339388e-16,6.114435678673598e-16,6.118816340857328e-16,6.123193790608923e-16,6.127567873351751e-16,6.131938760064231e-16,6.136306369385464e-16,6.140670620330281e-16,6.145031680995709e-16,6.14938940312467e-16,6.153743867990067e-16,6.158095054472966e-16,6.162443047927777e-16,6.166787699195641e-16,6.171129117288088e-16,6.175467336356766e-16,6.179802302551931e-16,6.184134017887836e-16,6.188462484777317e-16,6.192787639003763e-16,6.197109560763893e-16,6.201428296448738e-16,6.205743793852738e-16,6.210056055083436e-16,6.214365082546515e-16,6.218670878593888e-16,6.222973445715868e-16,6.227272786222756e-16,6.23156890237112e-16,6.235861796534822e-16,6.240151471896281e-16,6.244437930370492e-16,6.248721174282175e-16,6.253001206252006e-16,6.257278028579706e-16,6.261551643639792e-16,6.265821991992319e-16,6.27008919940487e-16,6.274353132222588e-16,6.278613878358151e-16,6.282871142340455e-16,6.287125511152359e-16,6.291376667102316e-16,6.295624391461456e-16,6.299869196820544e-16,6.304110872113308e-16,6.308349367005785e-16,6.312584683312973e-16,6.316816752152915e-16,6.321045718434326e-16,6.32527151390025e-16,6.329494081829255e-16,6.333713541435411e-16,6.337929766910401e-16,6.342142900581521e-16,6.346352804306685e-16,6.350559549406511e-16,6.354762880355462e-16,6.358963393994719e-16,6.36316075525502e-16,6.3673549122770915e-16,6.371545980303997e-16,6.375733905806447e-16,6.379918690838898e-16,6.38410033791082e-16,6.388278849209866e-16,6.392454227097689e-16,6.396626473925424e-16,6.400795592055089e-16,6.404961583775299e-16,6.409124451388316e-16,6.413284197474774e-16,6.417440824230635e-16,6.421594334007849e-16,6.425744729145245e-16,6.429892011914494e-16,6.434036184783153e-16,6.438177250022065e-16,6.442315156681049e-16,6.446450013217428e-16,6.450581769544582e-16,6.454710427602613e-16,6.458835989526401e-16,6.46295845794033e-16,6.467077835020671e-16,6.471194123088322e-16,6.475307324447087e-16,6.479417441436897e-16,6.483524476364799e-16,6.487628431555958e-16,6.491729309280282e-16,6.49582711187368e-16,6.499921841655302e-16,6.504013500924579e-16,6.508102091979105e-16,6.512187617129622e-16,6.516270078682339e-16,6.520349478931649e-16,6.524425820161419e-16,6.528499104687937e-16,6.53256933480283e-16,6.536636512794875e-16,6.540700640949818e-16,6.544761721568859e-16,6.5488197567989845e-16,6.552874700264476e-16,6.556926601125052e-16,6.560975513418393e-16,6.565021390654794e-16,6.569064233906987e-16,6.57310404574844e-16,6.577140565739074e-16,6.581174323643044e-16,6.585204794188133e-16,6.589232504924004e-16,6.593257193514211e-16,6.597278817756906e-16,6.601297472247454e-16,6.605313113766765e-16,6.609325697977025e-16,6.613335319067733e-16,6.617341933952942e-16,6.621345290385312e-16,6.625345901111132e-16,6.629343509925893e-16,6.633338121072484e-16,6.637329691962639e-16,6.641318314221136e-16,6.645303901694898e-16,6.649286544504536e-16,6.653266201355428e-16,6.657242873947539e-16,6.661216564798593e-16,6.665187275991813e-16,6.669155009762946e-16,6.673119768346314e-16,6.67708151060983e-16,6.68104032510273e-16,6.684995929724538e-16,6.688948812112122e-16,6.69289872848549e-16,6.696845682997036e-16,6.700789677751564e-16,6.7047306730927e-16,6.708668521887167e-16,6.712603410176094e-16,6.716535591243685e-16,6.720464821936314e-16,6.724391106287448e-16,6.728314446557718e-16,6.732234315139523e-16,6.736151778000183e-16,6.740066299765867e-16,6.74397788620046e-16,6.747886539584782e-16,6.75179226212044e-16,6.755695056013283e-16,6.759594883310624e-16,6.763491825900556e-16,6.767385847041118e-16,6.771276908311587e-16,6.775165091539873e-16,6.77905035970108e-16,6.782932714581805e-16,6.786812158174248e-16,6.79068869302703e-16,6.794562282085941e-16,6.798433005077994e-16,6.802300786459855e-16,6.806165666603705e-16,6.810027689205584e-16,6.813886816365889e-16,6.8177430498825795e-16,6.821596391880864e-16,6.825446844379152e-16,6.829294409883231e-16,6.833139090388841e-16,6.836980888057609e-16,6.840819805047347e-16,6.844655843528952e-16,6.848489005663474e-16,6.85231929361242e-16,6.856146709525474e-16,6.859971255343389e-16,6.863792933650868e-16,6.86761174638794e-16,6.871427219787381e-16,6.87524031163156e-16,6.879050540974863e-16,6.882857913259302e-16,6.886662430700804e-16,6.890464095438343e-16,6.894262873784179e-16,6.898058838484804e-16,6.901851957980962e-16,6.905642233360603e-16,6.909429666735599e-16,6.913214260236123e-16,6.9169960159832e-16,6.920774936115644e-16,6.924551022760789e-16,6.928323822371832e-16,6.932094252100015e-16,6.935861400096877e-16,6.939626178046685e-16,6.943388129869185e-16,6.947147227243518e-16,6.950903539054496e-16,6.954656587795901e-16,6.958407243421389e-16,6.962155112546724e-16,6.965900171839765e-16,6.969642423070774e-16,6.973381868328848e-16,6.977118476530241e-16,6.980852280856817e-16,6.984583286113615e-16,6.988311500675345e-16,6.992036947327838e-16,6.995759600845833e-16,6.999479429994464e-16,7.003196502850276e-16,7.006910789002547e-16,7.01062208404485e-16,7.014330775087951e-16,7.018036712198455e-16,7.021739845841042e-16,7.025440227778213e-16,7.029137835340229e-16,7.032832670620348e-16,7.036524704051692e-16,7.04021400025004e-16,7.04390053059197e-16,7.047584296795491e-16,7.051265300902202e-16,7.054943130634488e-16,7.058618593324717e-16,7.062291291660517e-16,7.06596123611613e-16,7.069628428935347e-16,7.0732929039667e-16,7.076954601405683e-16,7.080613583299337e-16,7.084269822077199e-16,7.08792331945232e-16,7.09157407742714e-16,7.095222098078064e-16,7.098867383463847e-16,7.102509935635145e-16,7.106149756635063e-16,7.109786848524538e-16,7.113421213338766e-16,7.117052852954989e-16,7.12068176976823e-16,7.124307965499209e-16,7.127931413568654e-16,7.131552142771275e-16,7.135170187747233e-16,7.138785520079776e-16,7.142398113349254e-16,7.146008026096638e-16,7.149615232530167e-16,7.15321973421934e-16,7.156821504698583e-16,7.160420573614512e-16,7.164016973328736e-16,7.167610648860176e-16,7.171201657514302e-16,7.174789951778486e-16,7.178375554481154e-16,7.181958491758219e-16,7.18553856225818e-16,7.189116105858214e-16,7.192690812078535e-16,7.196262833430219e-16,7.199832361156821e-16,7.203399210817937e-16,7.206963359070917e-16,7.210524861597667e-16,7.214083694112382e-16,7.217639858114892e-16,7.221193355731664e-16,7.224744162674368e-16,7.228292305876206e-16,7.231837816293962e-16,7.235380668740665e-16,7.23892052373139e-16,7.242457718088801e-16,7.245992483814932e-16,7.249524722852413e-16,7.253054313928055e-16,7.256581232871968e-16,7.260105532786647e-16,7.263627190593339e-16,7.267146207954444e-16,7.270662586831887e-16,7.274176329195908e-16,7.277687306435918e-16,7.281195781332879e-16,7.284701506341498e-16,7.288204721956942e-16,7.291705311409184e-16,7.295203276401688e-16,7.298698292142967e-16,7.302190999867156e-16,7.305680925994905e-16,7.309168301792401e-16,7.312653172784982e-16,7.316135431352498e-16,7.319615079211689e-16,7.323092002889735e-16,7.326566434410541e-16,7.33003823709994e-16,7.333507460614775e-16,7.33697376704088e-16,7.3404377931529e-16,7.343899196014372e-16,7.347358002111822e-16,7.350814239738745e-16,7.354267886319714e-16,7.35771894348933e-16,7.361167389638421e-16,7.364613149732338e-16,7.368056449654139e-16,7.371497145123166e-16,7.374935283913865e-16,7.378370845229583e-16,7.381803830488284e-16,7.385234219010606e-16,7.388662034202922e-16,7.392087279429319e-16,7.395509956593613e-16,7.398930067603597e-16,7.402347638013482e-16,7.405762623650518e-16,7.409174791205815e-16,7.412584683052461e-16,7.415992016080526e-16,7.419396794352609e-16,7.422799019826448e-16,7.426198694425886e-16,7.429595820061935e-16,7.432990248482794e-16,7.436382283476393e-16,7.439771624429462e-16,7.443158574975169e-16,7.446542984710927e-16,7.449924835188696e-16,7.45330417144035e-16,7.456680974311877e-16,7.460055200631147e-16,7.463426942319205e-16,7.46679585394168e-16,7.470162232580461e-16,7.473526258507151e-16,7.476887594655039e-16,7.480246718076983e-16,7.483603320488184e-16,7.4869574061841705e-16,7.490308977113409e-16,7.493658035148769e-16,7.497004582199763e-16,7.500348619966181e-16,7.50369013000883e-16,7.507029153683433e-16,7.5103656749848085e-16,7.513699674881124e-16,7.517031195097018e-16,7.520360217174477e-16,7.523686742553407e-16,7.527010774585394e-16,7.530332314417739e-16,7.533651344520974e-16,7.536967905856143e-16,7.540281980141425e-16,7.543593550584153e-16,7.546902641139197e-16,7.550209267062184e-16,7.553513413616978e-16,7.556815059389312e-16,7.560114252886991e-16,7.563410973763589e-16,7.566705222923264e-16,7.56999672092155e-16,7.573286034504403e-16,7.576572879694538e-16,7.579857260471766e-16,7.583139178798423e-16,7.586418636482019e-16,7.589695634868351e-16,7.592970176828316e-16,7.596242263810296e-16,7.599511897534258e-16,7.60277907920197e-16,7.606043793002238e-16,7.609306057822934e-16,7.612565896592281e-16,7.615823291596353e-16,7.619078134135384e-16,7.622330611381512e-16,7.625580685831007e-16,7.628828322990772e-16,7.632073525218734e-16,7.635316293697615e-16,7.638556613332741e-16,7.641794521442974e-16,7.645030002219867e-16,7.648263057212095e-16,7.651493687608648e-16,7.654721896442974e-16,7.6579476847647845e-16,7.6611710540739e-16,7.664391891869691e-16,7.667610292229181e-16,7.670826290120628e-16,7.674040005497815e-16,7.677251310106011e-16,7.680460207172448e-16,7.683666698372221e-16,7.686870785508734e-16,7.690072347129382e-16,7.693271632859719e-16,7.696468395980253e-16,7.699662886293388e-16,7.702854959341958e-16,7.706044659797173e-16,7.709231943794316e-16,7.712416753333659e-16,7.715599286271439e-16,7.718779320696493e-16,7.721956995362497e-16,7.725132374018682e-16,7.728305126236123e-16,7.731475713883709e-16,7.734643705019125e-16,7.73780955922193e-16,7.740973052643013e-16,7.744134174505703e-16,7.74729292618905e-16,7.750449309773194e-16,7.753603326883361e-16,7.756754979120785e-16,7.759904268426054e-16,7.763051080170897e-16,7.766195530912933e-16,7.769337743602717e-16,7.772477599250247e-16,7.7756151007775455e-16,7.778750134870389e-16,7.781882920359203e-16,7.785013370043327e-16,7.788141472958506e-16,7.791267230522192e-16,7.79439062826555e-16,7.797511700218053e-16,7.800630432590884e-16,7.80374682659101e-16,7.806860884102026e-16,7.809972373147773e-16,7.81308176514038e-16,7.816188823885445e-16,7.819293553171863e-16,7.822395954689446e-16,7.825496030168557e-16,7.828593766229878e-16,7.831689178956368e-16,7.834782286811998e-16,7.837873075906436e-16,7.840961547607366e-16,7.844047703766843e-16,7.847131546097656e-16,7.850213076356812e-16,7.853292296286156e-16,7.856369207582458e-16,7.859443796872251e-16,7.862516095886909e-16,7.865586091199727e-16,7.868653785522542e-16,7.871719179880858e-16,7.874782261163707e-16,7.877843045243899e-16,7.880901549228003e-16,7.883957746575e-16,7.887011666608024e-16,7.890063297362786e-16,7.893112640209393e-16,7.896159696859634e-16,7.899204469017233e-16,7.902246958310992e-16,7.905287166472311e-16,7.908325080671089e-16,7.911360731728366e-16,7.914394107110198e-16,7.917425208274307e-16,7.920454036920297e-16,7.92348058068335e-16,7.926504854535961e-16,7.92952687504264e-16,7.93254663044885e-16,7.935564121876359e-16,7.938579350991493e-16,7.941592319639724e-16,7.944603029363645e-16,7.947611481717257e-16,7.950617678495867e-16,7.953621607422495e-16,7.956623297995265e-16,7.959622727227837e-16,7.962619918571526e-16,7.965614863188586e-16,7.968607562276976e-16,7.971598004342617e-16,7.974586216891209e-16,7.977572176659972e-16,7.980555910835951e-16,7.983537407753818e-16,7.98651665669751e-16,7.989493684907593e-16,7.992468481392687e-16,7.995441047457543e-16,7.998411385037062e-16,8.001379495664426e-16,8.004345367967005e-16,8.007309015784449e-16,8.010270455313708e-16,8.013229674819478e-16,8.016186662922493e-16,8.01914143326586e-16,8.022094001487919e-16,8.025044356377584e-16,8.027992486717177e-16,8.030938406025934e-16,8.03388212989583e-16,8.036823634414047e-16,8.039762945299417e-16,8.042700052866018e-16,8.045634958817077e-16,8.048567664527458e-16,8.05149817134745e-16,8.054426481051626e-16,8.057352595379151e-16,8.060276515481695e-16,8.063198243876883e-16,8.066117781711807e-16,8.069035129648856e-16,8.071950279301054e-16,8.074863255414251e-16,8.077774047877137e-16,8.080682658001291e-16,8.083589075203412e-16,8.086493325244281e-16,8.08939539811343e-16,8.092295283499728e-16,8.095193006419246e-16,8.098088556964179e-16,8.10098193662029e-16,8.10387314703312e-16,8.106762100753367e-16,8.109648978576895e-16,8.112533679579903e-16,8.115416148735142e-16,8.118296525080495e-16,8.121174739193207e-16,8.124050810262088e-16,8.126924725477011e-16,8.129796485926731e-16,8.132666093364669e-16,8.135533549373868e-16,8.138398761419936e-16,8.141261920459007e-16,8.144122845518505e-16,8.146981713159228e-16,8.14983843644507e-16,8.152693000817695e-16,8.155545442027266e-16,8.158395659610884e-16,8.161243826453174e-16,8.164089856665868e-16,8.16693375353409e-16,8.169775518291041e-16,8.17261515247716e-16,8.175452657862996e-16,8.178287860962908e-16,8.181121114792676e-16,8.183952243097232e-16,8.186781248807049e-16,8.189608133343863e-16,8.1924328902566525e-16,8.195255537608194e-16,8.198076068780798e-16,8.20089442609795e-16,8.203710729442786e-16,8.206524921563285e-16,8.209337003914639e-16,8.212146977920156e-16,8.214954844753802e-16,8.217760607135934e-16,8.220564265794213e-16,8.223365811772945e-16,8.226165257084042e-16,8.228962603590511e-16,8.231757862686683e-16,8.234551017052571e-16,8.237342087366656e-16,8.240131065018669e-16,8.242917952136199e-16,8.245702739268406e-16,8.248485448576754e-16,8.251266071791017e-16,8.254044600721856e-16,8.2568210564825725e-16,8.259595421317252e-16,8.262367553122652e-16,8.26513776202082e-16,8.267905901049421e-16,8.270671964708491e-16,8.273435944851431e-16,8.276197852113628e-16,8.278957699017318e-16,8.28171547701811e-16,8.28447118744748e-16,8.287224831850879e-16,8.289976411841808e-16,8.292725928937991e-16,8.295473384805023e-16,8.298218780725571e-16,8.300962118369603e-16,8.303703399291722e-16,8.306442555079923e-16,8.30917965634396e-16,8.311914705642956e-16,8.314647776141292e-16,8.317378721428491e-16,8.320107695461815e-16,8.322834622596053e-16,8.32555950545358e-16,8.328282335980086e-16,8.331003134373049e-16,8.333721893144515e-16,8.336438604227834e-16,8.339153287728603e-16,8.341865935637053e-16,8.344576398033094e-16,8.347284981925991e-16,8.349991533800097e-16,8.352696056227592e-16,8.355398551470719e-16,8.358099020615715e-16,8.360797456011049e-16,8.363493877293363e-16,8.366188127343198e-16,8.368880508593626e-16,8.371570870083573e-16,8.374259214489812e-16,8.376945543503704e-16,8.379629858414988e-16,8.382312160888216e-16,8.384992452351007e-16,8.387670734391612e-16,8.390347008457575e-16,8.393021129427638e-16,8.395693393141564e-16,8.398363652580173e-16,8.401031909696283e-16,8.403698166742526e-16,8.406362424558886e-16,8.40902468518983e-16,8.41168494987963e-16,8.414343220147184e-16,8.416999497447864e-16,8.419653783283281e-16,8.422306070286103e-16,8.424956377677811e-16,8.427604698296391e-16,8.430251024910959e-16,8.432895375911985e-16,8.435537744443441e-16,8.438178124883503e-16,8.440816484063756e-16,8.443452913691445e-16,8.446087367118584e-16,8.448719845574748e-16,8.451350350428217e-16,8.453978883055498e-16,8.456605445142459e-16,8.459230037960771e-16,8.461852662752573e-16,8.464473321309941e-16,8.467092015428854e-16,8.469708738077396e-16,8.472323506976688e-16,8.474936315763556e-16,8.477547165814041e-16,8.480155921947853e-16,8.482762853087714e-16,8.485367714817572e-16,8.487970738424155e-16,8.490571816088759e-16,8.493170943825719e-16,8.495768123085843e-16,8.498363355295419e-16,8.500956586922548e-16,8.503547929901958e-16,8.506137269902797e-16,8.50872472858508e-16,8.511310247034226e-16,8.513893827038217e-16,8.516475464118802e-16,8.519055152090201e-16,8.52163292606278e-16,8.52420875938082e-16,8.526782660664354e-16,8.529354640290324e-16,8.531924684487727e-16,8.534492809165741e-16,8.537059009014936e-16,8.539623284994281e-16,8.542185630776145e-16,8.544746063104667e-16,8.547304575943147e-16,8.549861170740372e-16,8.552415848835106e-16,8.554968611665312e-16,8.557519460559337e-16,8.56006834024151e-16,8.562615366501673e-16,8.565160475184235e-16,8.56770362724169e-16,8.570244922516034e-16,8.572784318144621e-16,8.575321684512013e-16,8.577857146700663e-16,8.580390837054633e-16,8.582922626828209e-16,8.585452518455909e-16,8.587980513276109e-16,8.590506488123645e-16,8.593030694810836e-16,8.595553007919285e-16,8.598073430335728e-16,8.60059194726691e-16,8.603108592220092e-16,8.60562335026911e-16,8.608136222125382e-16,8.6106472108207525e-16,8.613156317006755e-16,8.615663542200951e-16,8.61816888691456e-16,8.620672354100167e-16,8.623173937395405e-16,8.625673636741955e-16,8.628171356249856e-16,8.630667265321489e-16,8.633161298212612e-16,8.635653526178121e-16,8.638143878143257e-16,8.640632369789771e-16,8.643118988697033e-16,8.645603750385245e-16,8.648086649390898e-16,8.650567687048707e-16,8.653046864620946e-16,8.655524183486575e-16,8.657999644808217e-16,8.660473250531779e-16,8.662945001877101e-16,8.665414894925288e-16,8.667882941326504e-16,8.670349130572066e-16,8.672813477731242e-16,8.675275970819644e-16,8.677736624166243e-16,8.68019543294915e-16,8.682652391765547e-16,8.685107508127364e-16,8.687560783476385e-16,8.690012220042834e-16,8.692461825619685e-16,8.694909594480633e-16,8.697355528591471e-16,8.699799628964385e-16,8.702241892052356e-16,8.704682322283698e-16,8.707120929517119e-16,8.709557702346622e-16,8.711992647841397e-16,8.71442576788906e-16,8.716857065289326e-16,8.71928653850355e-16,8.721714196913627e-16,8.724140035495789e-16,8.726564055400815e-16,8.728986257951743e-16,8.731406611212775e-16,8.733825183044306e-16,8.736241941907698e-16,8.738656882782719e-16,8.741070019145965e-16,8.743481339973715e-16,8.745890853002831e-16,8.748298566039299e-16,8.750704467960872e-16,8.753108571935879e-16,8.755510873703908e-16,8.757911339079897e-16,8.760310040292578e-16,8.762706943448149e-16,8.765102049654239e-16,8.767495360237563e-16,8.769886868955242e-16,8.772276585777716e-16,8.774664511121331e-16,8.777050652434543e-16,8.779434999071248e-16,8.781817563726967e-16,8.784198336536338e-16,8.7865773302812e-16,8.788954540756845e-16,8.79132986445732e-16,8.793703507522311e-16,8.796075374989321e-16,8.798445464442399e-16,8.800813776549971e-16,8.803180210434672e-16,8.805544969634724e-16,8.807907959860656e-16,8.810269172685806e-16,8.812628614961526e-16,8.814986294453587e-16,8.817342206591413e-16,8.819696327288065e-16,8.822048707982284e-16,8.824399325344965e-16,8.826748067941678e-16,8.829095159648116e-16,8.831440494235251e-16,8.833784070644124e-16,8.836125890073367e-16,8.838465953834662e-16,8.840804263244699e-16,8.843140819618006e-16,8.845475624268136e-16,8.847808678508358e-16,8.850139983650987e-16,8.852469446953258e-16,8.854797258650593e-16,8.857123324461869e-16,8.8594476463974e-16,8.861770220257676e-16,8.864091058239245e-16,8.866410052894136e-16,8.868727413440529e-16,8.871043035784056e-16,8.873356916705768e-16,8.87566906229029e-16,8.877979480193911e-16,8.880288166205449e-16,8.882595121097975e-16,8.88490034675711e-16,8.887203844152512e-16,8.88950560920061e-16,8.89180564842609e-16,8.894103923130202e-16,8.896400521127103e-16,8.898695396867695e-16,8.900988552121322e-16,8.903279988157488e-16,8.905569700839782e-16,8.907857696461566e-16,8.910143976757336e-16,8.912428543349243e-16,8.91471135748819e-16,8.916992505975296e-16,8.91927190180065e-16,8.9215496311727e-16,8.923825652531909e-16,8.926099962214919e-16,8.928372527425748e-16,8.930643388104003e-16,8.932912592330281e-16,8.93518008982036e-16,8.937445891987137e-16,8.93970999584531e-16,8.941972402326297e-16,8.944233112451438e-16,8.94649212800017e-16,8.948749449962874e-16,8.951005079609943e-16,8.953258974013268e-16,8.955511178189561e-16,8.957761693739202e-16,8.960010567394773e-16,8.962257754581585e-16,8.96450325703495e-16,8.96674707567375e-16,8.96898920763812e-16,8.971229658306744e-16,8.97346843001019e-16,8.975705484860109e-16,8.977940901525215e-16,8.980174646169854e-16,8.982406716327214e-16,8.984637108257446e-16,8.986865832735833e-16,8.989092886403828e-16,8.991318270531593e-16,8.993541986283765e-16,8.995764034914116e-16,8.997984417573879e-16,9.000203135703694e-16,9.002420190382187e-16,9.004635583014872e-16,9.006849314768174e-16,9.009061382180202e-16,9.011271795758242e-16,9.01348055223526e-16,9.015687647123381e-16,9.017893088057783e-16,9.020096880497375e-16,9.022299016430137e-16,9.024499505748427e-16,9.026698345491194e-16,9.028895536705065e-16,9.031091076199212e-16,9.033284969301522e-16,9.035477222439003e-16,9.037667826415588e-16,9.039856793648697e-16,9.042044120022011e-16,9.044229806564747e-16,9.046413848675786e-16,9.04859625435989e-16,9.050777028616301e-16,9.052956163608566e-16,9.055133669165987e-16,9.057309542379973e-16,9.05948377843065e-16,9.061656390243941e-16,9.063827373368646e-16,9.0659967289158e-16,9.068164458093134e-16,9.07033056195038e-16,9.072495042062478e-16,9.07465789947413e-16,9.076819132113437e-16,9.07897874762974e-16,9.081136738896903e-16,9.083293117532874e-16,9.085447879701896e-16,9.087601022124127e-16,9.089752554494897e-16,9.091902473987056e-16,9.094050781690182e-16,9.096197478807601e-16,9.098342566547178e-16,9.10048604611385e-16,9.102627918664887e-16,9.104768185499194e-16,9.10690684771755e-16,9.10904390664215e-16,9.111179359218466e-16,9.113313214903069e-16,9.11544546674776e-16,9.117576118551256e-16,9.11970517857343e-16,9.121832637440044e-16,9.123958501661654e-16,9.12608276675083e-16,9.12820544963814e-16,9.130326534531391e-16,9.132446030178195e-16,9.134563936867459e-16,9.136680256812373e-16,9.13879499003009e-16,9.140908132351603e-16,9.143019700626055e-16,9.14512968170991e-16,9.147238079531518e-16,9.149344897738541e-16,9.15145014070056e-16,9.153553805484356e-16,9.155655893159057e-16,9.157756404898204e-16,9.15985533885428e-16,9.161952698100966e-16,9.16404848476597e-16,9.166142704440626e-16,9.1682353490558e-16,9.17032642571755e-16,9.172415934708742e-16,9.174503881303567e-16,9.176590262688774e-16,9.178675076023615e-16,9.180758330140382e-16,9.182840018620822e-16,9.184920150278897e-16,9.186998722524227e-16,9.189075736444554e-16,9.191151193310475e-16,9.193225094200755e-16,9.195297436466764e-16,9.19736822851876e-16,9.199437464473872e-16,9.201505149079994e-16,9.203571287476783e-16,9.205635873237352e-16,9.207698910888895e-16,9.209760401875345e-16,9.211820347361473e-16,9.213878748531454e-16,9.215935606540278e-16,9.217990926414103e-16,9.220044705527897e-16,9.222096944930104e-16,9.224147645766914e-16,9.226196808976224e-16,9.228244436081652e-16,9.230290528090776e-16,9.232335086119994e-16,9.234378106671194e-16,9.236419600138001e-16,9.2384595347662e-16,9.240497968829336e-16,9.24253487420823e-16,9.244570249105966e-16,9.246604101491324e-16,9.248636425706231e-16,9.250667229753083e-16,9.252696511416346e-16,9.254724268174053e-16,9.25675050442362e-16,9.258775225289414e-16,9.26079842829285e-16,9.262820114556028e-16,9.264840285138277e-16,9.266858941197506e-16,9.268876083904398e-16,9.270891714332226e-16,9.272905833664706e-16,9.2749184428217e-16,9.276929543329743e-16,9.27893913611307e-16,9.280947222302916e-16,9.282953803025869e-16,9.284958879411986e-16,9.286962452591477e-16,9.28896452363095e-16,9.290965093772467e-16,9.292964164080364e-16,9.294961672952335e-16,9.296957747584154e-16,9.298952325213608e-16,9.300945407487736e-16,9.302936995542805e-16,9.304927090501122e-16,9.306915693428434e-16,9.308902805549985e-16,9.310888427880807e-16,9.312872561637644e-16,9.314855207885553e-16,9.316836367736194e-16,9.31881604230971e-16,9.320794232661088e-16,9.322770940022116e-16,9.324746165435274e-16,9.326719910018445e-16,9.328692174885002e-16,9.33066296113583e-16,9.332632269886546e-16,9.334600099093573e-16,9.336566456054887e-16,9.338531338937796e-16,9.340494748684842e-16,9.342456686522449e-16,9.344417153492113e-16,9.346376094841449e-16,9.348333563080294e-16,9.350289624711304e-16,9.352244219325755e-16,9.354197348558333e-16,9.356149013526499e-16,9.35809921532633e-16,9.36004795499955e-16,9.361995233752615e-16,9.363941052623003e-16,9.365885412712314e-16,9.367828315112525e-16,9.369769760912645e-16,9.371709751205354e-16,9.37364828708002e-16,9.375585369631538e-16,9.377520999945173e-16,9.379455179084702e-16,9.381387908151995e-16,9.383319188249507e-16,9.385249020497573e-16,9.38717740595295e-16,9.389104345640278e-16,9.391029840698778e-16,9.392953892207302e-16,9.394876501288169e-16,9.396797668985061e-16,9.398717396374649e-16,9.40063568448899e-16,9.402552534509121e-16,9.404467947458991e-16,9.406381921387149e-16,9.408294463285209e-16,9.410205571481759e-16,9.412115246920473e-16,9.414023490670734e-16,9.415930300822688e-16,9.417835684314024e-16,9.419739639426028e-16,9.421642164092209e-16,9.423543265374331e-16,9.42544294147962e-16,9.42734119340809e-16,9.429238022207265e-16,9.431133428951294e-16,9.433027414701504e-16,9.43491998051827e-16,9.43681112745631e-16,9.438700856611884e-16,9.44058916899915e-16,9.442476065740628e-16,9.444361547868929e-16,9.446245616441213e-16,9.448128272471734e-16,9.450009517093454e-16,9.45188935134596e-16,9.453767776245593e-16,9.455644739283596e-16,9.45752029474183e-16,9.459394498647078e-16,9.461267296966065e-16,9.463138691156927e-16,9.465008682416359e-16,9.466877271740238e-16,9.468744460175033e-16,9.470610248764443e-16,9.472474638564706e-16,9.474337630619896e-16,9.47619922593502e-16,9.478059425603686e-16,9.479918230716854e-16,9.481775590574767e-16,9.483631610123954e-16,9.485486237754043e-16,9.487339474947294e-16,9.489191322752289e-16,9.491041730582349e-16,9.492890803210517e-16,9.494738489172339e-16,9.496584789901066e-16,9.498429706402536e-16,9.500273239797152e-16,9.502115391089337e-16,9.503956161312605e-16,9.505795500875675e-16,9.50763351255713e-16,9.509470145826184e-16,9.511305398553466e-16,9.513139278843963e-16,9.514971784238442e-16,9.516802915906089e-16,9.518632674800565e-16,9.520461061914603e-16,9.522288078270869e-16,9.524113724904816e-16,9.525938002800035e-16,9.527760913060365e-16,9.529582456647673e-16,9.531402634637296e-16,9.533221448028714e-16,9.535038897842987e-16,9.536854985101139e-16,9.538669710786679e-16,9.540483075998618e-16,9.542295081723984e-16,9.544105728935262e-16,9.545915018692001e-16,9.547722952013342e-16,9.549529529946717e-16,9.551334753476884e-16,9.553138623616855e-16,9.55494109334159e-16,9.55674226021183e-16,9.55854207631597e-16,9.560340543067661e-16,9.562137661495722e-16,9.56393343260902e-16,9.565727857420262e-16,9.56752093693484e-16,9.569312672163516e-16,9.571103064111308e-16,9.572892113790128e-16,9.574679822203302e-16,9.57646619035542e-16,9.578251219255333e-16,9.580034909903389e-16,9.58181726330289e-16,9.583598280458437e-16,9.585377960044668e-16,9.587156284078337e-16,9.588933284030496e-16,9.590708966092487e-16,9.59248331702496e-16,9.594256335355932e-16,9.596028026698916e-16,9.597798389908546e-16,9.599567425868314e-16,9.601335135560278e-16,9.603101519972079e-16,9.604866580123937e-16,9.606630316998826e-16,9.608392731582308e-16,9.6101538248484e-16,9.611913597776644e-16,9.61367204972471e-16,9.615429184969674e-16,9.61718500067554e-16,9.618939502219443e-16,9.620692688480061e-16,9.62244456036056e-16,9.624195118788971e-16,9.625944345244783e-16,9.62769228013594e-16,9.629438884739132e-16,9.631184199704968e-16,9.632928203141887e-16,9.634670899597706e-16,9.63641228882263e-16,9.638152375457889e-16,9.639891157618608e-16,9.641628636165276e-16,9.643364812141347e-16,9.64509968645874e-16,9.646833260150343e-16,9.648565534164425e-16,9.650296509474287e-16,9.652026187047134e-16,9.65375456786013e-16,9.655481650735013e-16,9.657207440819088e-16,9.658931937181748e-16,9.660655140672723e-16,9.662377050184752e-16,9.664097670752013e-16,9.665817001422586e-16,9.667535043099153e-16,9.669251796741119e-16,9.670967263270907e-16,9.672681443730776e-16,9.67439433903409e-16,9.676105948062631e-16,9.677816273716293e-16,9.67952531926317e-16,9.68123308363505e-16,9.682939567675997e-16,9.684644769681783e-16,9.686348695857842e-16,9.688051344653335e-16,9.689752716960867e-16,9.69145281368591e-16,9.693151635790907e-16,9.694849184335199e-16,9.696545458107517e-16,9.698240462183822e-16,9.6999341955667e-16,9.701626659138777e-16,9.703317851826621e-16,9.705007778503974e-16,9.706696438309382e-16,9.708383830116778e-16,9.71006995879544e-16,9.711754823432438e-16,9.713438424906228e-16,9.715120764154167e-16,9.716801842138662e-16,9.718481657824506e-16,9.720160216016958e-16,9.72183751583046e-16,9.723513558134748e-16,9.725188343909448e-16,9.726861874074133e-16,9.728534146931927e-16,9.730205168621167e-16,9.73187489819622e-16,9.733543415707261e-16,9.735210661387088e-16,9.736876677866749e-16,9.73854144511585e-16,9.740204964252635e-16,9.741867236221802e-16,9.743528261974012e-16,9.745188042405529e-16,9.746846576549033e-16,9.748503867152632e-16,9.750159917221638e-16,9.751814725795566e-16,9.753468293721868e-16,9.7551206200826e-16,9.756771709465643e-16,9.75842155959708e-16,9.760070172139407e-16,9.76171754917393e-16,9.763363692727232e-16,9.765008602206093e-16,9.766652278468967e-16,9.768294720433363e-16,9.7699359329183e-16,9.771575915077015e-16,9.773214667678694e-16,9.774852191708464e-16,9.77648848805981e-16,9.778123555807596e-16,9.779757397732024e-16,9.78139001648477e-16,9.783021411013054e-16,9.784651581021935e-16,9.78628053051848e-16,9.78790825882865e-16,9.7895347667677e-16,9.791160055318975e-16,9.792784125364885e-16,9.794406977812063e-16,9.796028613574875e-16,9.79764903098784e-16,9.799268236045635e-16,9.800886227225544e-16,9.80250300536739e-16,9.804118571353963e-16,9.805732926117917e-16,9.807346070591982e-16,9.80895800565969e-16,9.810568732198744e-16,9.812178251176119e-16,9.81378656346393e-16,9.815393668094036e-16,9.816999569646176e-16,9.818604267287903e-16,9.820207761855623e-16,9.821810054248276e-16,9.823411145372728e-16,9.825011036122289e-16,9.8266097273783e-16,9.828207218389242e-16,9.829803511434852e-16,9.831398609595429e-16,9.832992510265928e-16,9.83458521759494e-16,9.83617673089754e-16,9.83776705101229e-16,9.839356178780148e-16,9.84094411518677e-16,9.84253086109048e-16,9.844116417359916e-16,9.845700784916793e-16,9.847283964598986e-16,9.848865957371396e-16,9.850446764088818e-16,9.852026385638904e-16,9.853604821223822e-16,9.855182075040518e-16,9.856758146415767e-16,9.858333036176957e-16,9.859906745206585e-16,9.8614792743893e-16,9.863050622960845e-16,9.864620795038782e-16,9.866189789954214e-16,9.867757590878299e-16,9.86932423424748e-16,9.87088970077003e-16,9.872453995691796e-16,9.874017117894039e-16,9.875579068193785e-16,9.877139847459386e-16,9.878699456566981e-16,9.88025789640212e-16,9.881815150722529e-16,9.883371237257553e-16,9.884926174719926e-16,9.886479946199572e-16,9.888032552792578e-16,9.889583995361639e-16,9.891134274775841e-16,9.892683391903594e-16,9.894231347616893e-16,9.895778142789086e-16,9.897323778291204e-16,9.898868254988849e-16,9.900411573750791e-16,9.90195373544342e-16,9.903494740942152e-16,9.905034591103264e-16,9.906573286799765e-16,9.908110819769614e-16,9.909647208986654e-16,9.911182444954415e-16,9.912711611526577e-16,9.91423963561904e-16,9.915766515594522e-16,9.917292254770017e-16,9.918816852734793e-16,9.920340310325985e-16,9.921862621921464e-16,9.92338380154961e-16,9.924903843289186e-16,9.92642274810071e-16,9.927940506236904e-16,9.929457138550886e-16,9.930972636473552e-16,9.932487000896534e-16,9.934000232693813e-16,9.935512327441366e-16,9.937023296495185e-16,9.938533136519761e-16,9.94004184724196e-16,9.941549429538896e-16,9.943055884255884e-16,9.944561207454845e-16,9.946065409483692e-16,9.947568485283421e-16,9.94907043331971e-16,9.95057126269253e-16,9.952070954493269e-16,9.953569539539352e-16,9.955066984628486e-16,9.956563328788281e-16,9.958058552220007e-16,9.959552639976956e-16,9.96104562910966e-16,9.96253750168281e-16,9.964028258426313e-16,9.965517900173213e-16,9.967006423067804e-16,9.968498624852042e-16,9.969984923298728e-16,9.971470091833828e-16,9.972954162875576e-16,9.97443712576559e-16,9.975918982389662e-16,9.977399730589335e-16,9.978879371281206e-16,9.980357903720271e-16,9.981835331975522e-16,9.9833116349135e-16,9.984786818520776e-16,9.986260916319918e-16,9.987733928122144e-16,9.989205839493591e-16,9.990676647226725e-16,9.992146355077407e-16,9.993614964163896e-16,9.995082475844078e-16,9.996548889869416e-16,9.998014206727557e-16,9.999478427349165e-16,1.0000941550167084e-15,1.000240358001859e-15,1.0003864518199496e-15,1.0005324363957818e-15,1.0006783117778227e-15,1.0008240771704607e-15,1.0009697341058323e-15,1.0011152825297762e-15,1.0012607220998072e-15,1.0014060528925419e-15,1.0015512739821368e-15,1.0016963872000015e-15,1.0018413920445408e-15,1.001986284913745e-15,1.0021315404963208e-15,1.0022762163062366e-15,1.0024207875749202e-15,1.0025657173494712e-15,1.0027100684481931e-15,1.0028543149466646e-15,1.002998451787798e-15,1.0031424828843193e-15,1.0032864060045e-15,1.003430219859102e-15,1.0035739275777564e-15,1.003717528276982e-15,1.0038610213179224e-15,1.0040044055401093e-15,1.00414768426739e-15,1.0042908554008881e-15,1.004433919455125e-15,1.0045768734378625e-15,1.004719722328132e-15,1.0048624626204041e-15,1.0050050961726783e-15,1.0051476263609776e-15,1.0052900498166713e-15,1.0054323660361515e-15,1.0055745767897665e-15,1.0057166807407362e-15,1.00585867840868e-15,1.0060005696931235e-15,1.00614235538155e-15,1.0062840348341417e-15,1.0064256085100341e-15,1.0065670762957725e-15,1.0067084348770075e-15,1.0068496877947356e-15,1.0069908350610185e-15,1.0071318767527339e-15,1.007272815450823e-15,1.007413649283735e-15,1.007554374707341e-15,1.0076949981266306e-15,1.0078355164112337e-15,1.0079759293070813e-15,1.0081162372936758e-15,1.008256439809392e-15,1.0083965373326327e-15,1.0085365276454392e-15,1.0086764162320508e-15,1.0088162006458556e-15,1.008955877192694e-15,1.0090954525859539e-15,1.0092349236020798e-15,1.0093742903126777e-15,1.0095135527639922e-15,1.0096527110952535e-15,1.0097917654525017e-15,1.0099307152033183e-15,1.010069561222545e-15,1.0102083004365308e-15,1.0103469392607045e-15,1.0104854744106442e-15,1.0106239056728391e-15,1.0107622335722796e-15,1.0109004580161574e-15,1.0110385757969083e-15,1.0111765936683145e-15,1.0113145083297559e-15,1.0114523198476576e-15,1.011590028296721e-15,1.011727633757297e-15,1.0118651363054765e-15,1.0120025354590092e-15,1.0121398321956612e-15,1.012277026370752e-15,1.01241411791227e-15,1.01255110611994e-15,1.0126879926820895e-15,1.0128247768961117e-15,1.012961458675795e-15,1.0130980382579188e-15,1.013234515815972e-15,1.0133708882121236e-15,1.0135071590198065e-15,1.0136433277854249e-15,1.0137793975087165e-15,1.0139153654723354e-15,1.0140512317570214e-15,1.0141869964288073e-15,1.0143226594343924e-15,1.0144582211205955e-15,1.014593681415453e-15,1.0147290405095322e-15,1.0148642982101337e-15,1.0149994546658815e-15,1.0151345100106788e-15,1.0152694644363103e-15,1.0154043179225884e-15,1.0155390706667747e-15,1.0156737223195253e-15,1.015808270192116e-15,1.0159427206930853e-15,1.016077070673434e-15,1.0162113203953457e-15,1.0163454697090366e-15,1.0164795185953221e-15,1.0166134669188112e-15,1.0167473153814654e-15,1.016881063840742e-15,1.0170147121658339e-15,1.017148260659403e-15,1.0172817092699464e-15,1.017415058080061e-15,1.0175483055735668e-15,1.0176814549964075e-15,1.0178145047480448e-15,1.0179474546933816e-15,1.0180803055149705e-15,1.0182130569867843e-15,1.0183457087271608e-15,1.0184782618220656e-15,1.0186107156777558e-15,1.0187430704736296e-15,1.0188753249309596e-15,1.0190074819332131e-15,1.0191395401112427e-15,1.0192714994285269e-15,1.0194033600590669e-15,1.0195351220783983e-15,1.0196667855571956e-15,1.0197983476103918e-15,1.019929811560005e-15,1.0200611799624988e-15,1.0201924501300012e-15,1.020323622019021e-15,1.0204546958544549e-15,1.0205856715326276e-15,1.0207165493675471e-15,1.0208473294202652e-15,1.0209780116687158e-15,1.0211085960863609e-15,1.0212390828438063e-15,1.0213694720209155e-15,1.0214997636865797e-15,1.0216299580172804e-15,1.021760054881721e-15,1.021890054554622e-15,1.0220199570069294e-15,1.0221497622195628e-15,1.0222794704521822e-15,1.0224090816840539e-15,1.0225385959874745e-15,1.0226680134363756e-15,1.022797332612039e-15,1.0229265565600017e-15,1.0230556837334882e-15,1.0231847143910305e-15,1.0233136485475108e-15,1.0234424862831725e-15,1.023571225134349e-15,1.0236998700732259e-15,1.0238284188528085e-15,1.0239568713404797e-15,1.0240852280515454e-15,1.0242134888692508e-15,1.0243416536756612e-15,1.0244697197349592e-15,1.0245976928900372e-15,1.024725570390868e-15,1.0248533522562592e-15,1.0249810385907118e-15,1.0251086293089488e-15,1.0252361246116552e-15,1.0253635243784682e-15,1.0254908291535574e-15,1.0256180387254813e-15,1.0257451532697295e-15,1.025872172753632e-15,1.0259990971505132e-15,1.0261259266558192e-15,1.026252661294723e-15,1.0263793012495328e-15,1.0265058464087109e-15,1.0266322969254206e-15,1.0267586527791453e-15,1.0268849142536937e-15,1.0270110812979463e-15,1.0271371540970506e-15,1.0272631325271546e-15,1.0273890164592378e-15,1.0275148066247804e-15,1.0276405023352876e-15,1.0277661043040825e-15,1.0278916123252694e-15,1.0280170264589926e-15,1.028142346151955e-15,1.0282675727712375e-15,1.0283927058507072e-15,1.0285177453447393e-15,1.0286426912244289e-15,1.0287675436875116e-15,1.0288922999981894e-15,1.0290169659716452e-15,1.0291415387314437e-15,1.029266017956773e-15,1.0293904043823894e-15,1.0295146975075435e-15,1.0296388980600539e-15,1.0297630056385443e-15,1.0298870205044483e-15,1.0300109425392517e-15,1.0301347711610052e-15,1.0302585077927965e-15,1.0303821519107789e-15,1.03050570378223e-15,1.0306291619851903e-15,1.0307525278978233e-15,1.0308758027844225e-15,1.0309989853988212e-15,1.0311220758979573e-15,1.0312450732905292e-15,1.031367978724428e-15,1.0314907933760791e-15,1.031613516194996e-15,1.0317361472419715e-15,1.0318586865853061e-15,1.0319811341929531e-15,1.0321034901525567e-15,1.032225754713883e-15,1.0323479271079899e-15,1.032470008874271e-15,1.032591999345872e-15,1.0327138986860343e-15,1.0328357067755683e-15,1.0329574236813452e-15,1.033079049586718e-15,1.0332005847170198e-15,1.0333220276864915e-15,1.0334433808870686e-15,1.0335646434806666e-15,1.0336858154839433e-15,1.0338068968754138e-15,1.033927887356707e-15,1.034048785556129e-15,1.034169595513119e-15,1.0342903150460798e-15,1.0344109443087506e-15,1.0345314795323102e-15,1.034651928442033e-15,1.0347722872073265e-15,1.034892554855132e-15,1.0350127333606318e-15,1.0351328224149417e-15,1.0352528216067104e-15,1.0353727308612665e-15,1.0354925507129115e-15,1.0356122809628344e-15,1.035731919228396e-15,1.0358514681558463e-15,1.0359709298977668e-15,1.0360903021577616e-15,1.0362095855099248e-15,1.036328779499207e-15,1.036447884330333e-15,1.0365669002069044e-15,1.0366858270795403e-15,1.0368046650280083e-15,1.0369234141115737e-15,1.0370420743919699e-15,1.0371606460309147e-15,1.0372791290045697e-15,1.0373975232022683e-15,1.0375158289611231e-15,1.0376340461643361e-15,1.0377521751476378e-15,1.0378702149290487e-15,1.0379881671214448e-15,1.038106031105481e-15,1.0382238070639353e-15,1.038341495035291e-15,1.038459095003163e-15,1.038576606944477e-15,1.0386940310149506e-15,1.0388113650713637e-15,1.0389286135893334e-15,1.039045774531563e-15,1.03916284777328e-15,1.0392798324384279e-15,1.0393967306507184e-15,1.0395135415469406e-15,1.0396302647483124e-15,1.0397469006654826e-15,1.0398634492693778e-15,1.0399799100537987e-15,1.040096283791511e-15,1.0402125715790263e-15,1.0403287720675653e-15,1.0404448858222269e-15,1.0405609128688127e-15,1.0406768530699174e-15,1.0407927055561708e-15,1.0409084725004838e-15,1.0410241528094145e-15,1.0411397466290862e-15,1.041255254086751e-15,1.0413706751664815e-15,1.04148600994371e-15,1.0416012584743053e-15,1.04171642082911e-15,1.0418314960906786e-15,1.0419464852943924e-15,1.042061389493269e-15,1.04217620770589e-15,1.0422909401443289e-15,1.042405586785219e-15,1.0425201477042854e-15,1.0426346229607308e-15,1.0427490125297977e-15,1.0428633166567427e-15,1.0429775353952646e-15,1.0430916687217354e-15,1.0432057167025981e-15,1.0433196793202459e-15,1.0434335564021825e-15,1.0435473484028174e-15,1.0436610534423783e-15,1.0437746756605274e-15,1.0438882128389593e-15,1.0440016651227167e-15,1.044115032365294e-15,1.0442283150334524e-15,1.0443415130994519e-15,1.044454626437525e-15,1.0445676552814505e-15,1.0446805995139334e-15,1.0447934590508593e-15,1.0449062345305397e-15,1.045018925592837e-15,1.0451315324054097e-15,1.0452440550180385e-15,1.0453564933930256e-15,1.0454688477961773e-15,1.0455811180930983e-15,1.045693304529996e-15,1.045805407070882e-15,1.0459174258838395e-15,1.0460293608480796e-15,1.0461412118615735e-15,1.0462529792250276e-15,1.0463646632828593e-15,1.0464762638263218e-15,1.0465877808449301e-15,1.0466992145635972e-15,1.0468105649569602e-15,1.0469218320891237e-15,1.0470330160234313e-15,1.0471441166282584e-15,1.0472551344306472e-15,1.0473660690771775e-15,1.0474769208319954e-15,1.04758768970609e-15,1.0476983757592018e-15,1.0478089791366197e-15,1.0479194998116922e-15,1.0480299377642706e-15,1.0481402931383682e-15,1.048250566083485e-15,1.0483607562379123e-15,1.0484708641661447e-15,1.0485808896093247e-15,1.0486908329606336e-15,1.0488006940742799e-15,1.0489104732128994e-15,1.049020170189493e-15,1.0491297851426099e-15,1.0492393176635547e-15,1.0493487687679657e-15,1.0494581377959962e-15,1.0495674250394619e-15,1.049676630643409e-15,1.0497857547690395e-15,1.0498947973705833e-15,1.0500037582768616e-15,1.0501126377982495e-15,1.0502214359837601e-15,1.0503301528144863e-15,1.0504387883557642e-15,1.0505473426691627e-15,1.0506558154058129e-15,1.050764207292582e-15,1.0508725182908668e-15,1.0509807477190432e-15,1.0510888966413563e-15,1.0511969647078633e-15,1.0513049521268268e-15,1.051412858645034e-15,1.0515206846385895e-15,1.0516284298557619e-15,1.0517360944203666e-15,1.0518436787333372e-15,1.0519511820539414e-15,1.0520586055443168e-15,1.0521659481444359e-15,1.0522732107116382e-15,1.0523803932525578e-15,1.0524874956594168e-15,1.0525945176073728e-15,1.0527014597377606e-15,1.0528083220742468e-15,1.052915104385141e-15,1.0530218069776695e-15,1.0531284294109825e-15,1.0532349721005402e-15,1.0533414355313345e-15,1.053447818978456e-15,1.0535541232570568e-15,1.0536603478161092e-15,1.0537664928225072e-15,1.0538725586643615e-15,1.0539785453696293e-15,1.0540844526956325e-15,1.0541902809830982e-15,1.0542960301381103e-15,1.0544016998498869e-15,1.0545072907508032e-15,1.0546128029475623e-15,1.0547182358838343e-15,1.054823590226101e-15,1.0549288660142367e-15,1.0550340630013591e-15,1.055139181333216e-15,1.0552442210673953e-15,1.0553491822669346e-15,1.0554540649859593e-15,1.0555588692853829e-15,1.0556635952243438e-15,1.0557682428603938e-15,1.0558728122632305e-15,1.055977303473641e-15,1.0560817164847087e-15,1.056186051578653e-15,1.0562903086586053e-15,1.0563944877097526e-15,1.0564985889508755e-15,1.056602612351593e-15,1.056706557975254e-15,1.0568104258802593e-15,1.0569142160473362e-15,1.057017928689929e-15,1.0571215637885615e-15,1.0572251214007917e-15,1.057328601584509e-15,1.0574320042539547e-15,1.0575353296058824e-15,1.0576385777803237e-15,1.0577417485299236e-15,1.0578448421347593e-15,1.0579478586007711e-15,1.058050798105576e-15,1.058153660947301e-15,1.0582564468037646e-15,1.0583591558859242e-15,1.058461788098646e-15,1.0585643436515847e-15,1.0586668223755013e-15,1.0587692243294375e-15,1.05887154971483e-15,1.0589737989000266e-15,1.059075971562522e-15,1.0591780679015015e-15,1.0592800878338693e-15,1.0593820312605543e-15,1.0594838987722487e-15,1.0595856899693355e-15,1.0596874052155668e-15,1.0597890443313276e-15,1.0598906073809035e-15,1.0599920945724641e-15,1.060093505893751e-15,1.0601948414605863e-15,1.0602961011951625e-15,1.060397285209834e-15,1.0604983936473665e-15,1.060599426489629e-15,1.0607003837929576e-15,1.0608012655496475e-15,1.0609020719465776e-15,1.0610028029095545e-15,1.0611034584779033e-15,1.0612040388737479e-15,1.0613045439705003e-15,1.0614049739361453e-15,1.0615053286116662e-15,1.0616056083008235e-15,1.0617058131800514e-15,1.0618059432053128e-15,1.0619059983631046e-15,1.062005978713321e-15,1.0621058843140221e-15,1.062205715294906e-15,1.0623054713736063e-15,1.0624051527753451e-15,1.0625047599322557e-15,1.0626042923910453e-15,1.0627037506569237e-15,1.0628031346387718e-15,1.0629024440636591e-15,1.063001679220954e-15,1.0631008401645468e-15,1.0631999271109644e-15,1.0632989401304174e-15,1.0633978791166561e-15,1.063496744050941e-15,1.0635955351432285e-15,1.0636942523041077e-15,1.0637928953768414e-15,1.0638914650586149e-15,1.063989960918271e-15,1.0640883832553544e-15,1.0641867320116155e-15,1.0642850072377778e-15,1.0643832089315628e-15,1.0644813371832756e-15,1.0645793921465698e-15,1.064677373510785e-15,1.064775281909293e-15,1.0648731167587783e-15,1.0649708787409209e-15,1.0650685677015773e-15,1.0651661835526388e-15,1.0652637263637313e-15,1.0653611963824517e-15,1.0654585935247923e-15,1.065555917848059e-15,1.0656531694090147e-15,1.0657503478462955e-15,1.0658474539621545e-15,1.0659444875564961e-15,1.0660414484777475e-15,1.066138337038633e-15,1.0662351531577526e-15,1.0663318968979392e-15,1.0664285683056289e-15,1.066525167435796e-15,1.0666216942743405e-15,1.0667181489447795e-15,1.066814531444407e-15,1.066910842025845e-15,1.0670070805897202e-15,1.067103247133488e-15,1.0671993417760848e-15,1.0672953645190256e-15,1.0673913156044995e-15,1.0674871949542315e-15,1.067583002497381e-15,1.0676787381892748e-15,1.0677744025789551e-15,1.0678699954453853e-15,1.0679655168434809e-15,1.0680609664819285e-15,1.0681563451704705e-15,1.0682516524278818e-15,1.068346888491052e-15,1.0684420532993073e-15,1.0685371470038597e-15,1.0686321694081245e-15,1.0687271209824839e-15,1.0688220015223155e-15,1.0689168111704032e-15,1.0690115498886362e-15,1.0691062178240876e-15,1.0692008149889364e-15,1.06929534137733e-15,1.069389797084344e-15,1.0694841823020577e-15,1.0695784969593528e-15,1.069672740761557e-15,1.0697669144532308e-15,1.069861017736146e-15,1.0699550505935325e-15,1.0700490125401973e-15,1.0701429048031466e-15,1.0702367268565378e-15,1.070330478900316e-15,1.0704241607187252e-15,1.0705177725636099e-15,1.070611314356041e-15,1.0707047863571618e-15,1.0707981884652493e-15,1.0708915207464222e-15,1.0709847831802115e-15,1.0710779758893636e-15,1.0711710986654327e-15,1.0712641520863667e-15,1.0713571359366026e-15,1.0714500500618063e-15,1.0715428949312539e-15,1.0716356703881756e-15,1.071728376483155e-15,1.071821013274803e-15,1.0719135808064748e-15,1.0720060791708076e-15,1.0720985083716719e-15,1.0721908681859035e-15,1.072283158885678e-15,1.0723753809777092e-15,1.0724675340588973e-15,1.0725596182450325e-15,1.0726516336576014e-15,1.0727435796171722e-15,1.0728354574341103e-15,1.0729272665201535e-15,1.0730190070729458e-15,1.0731106789350207e-15,1.0732022820926245e-15,1.0732938167725786e-15,1.0733852832249623e-15,1.0734766813654784e-15,1.0735680111729876e-15,1.0736592724327854e-15,1.0737504656683506e-15,1.0738415907289223e-15,1.0739326477326063e-15,1.0740236365931486e-15,1.0741145574303077e-15,1.0742054102950361e-15,1.0742961950402025e-15,1.0743869121096232e-15,1.0744775613609915e-15,1.0745681429124285e-15,1.0746586567451722e-15,1.0747491029097682e-15,1.0748394813410728e-15,1.0749297922492349e-15,1.0750200354433683e-15,1.0751102112548864e-15,1.075200319728389e-15,1.0752903608741976e-15,1.0753803347175378e-15,1.075470241240065e-15,1.0755600806018027e-15,1.075649852745094e-15,1.0757395576293796e-15,1.0758291954499904e-15,1.075918766524585e-15,1.076008270637155e-15,1.0760977078365349e-15,1.0761870781823443e-15,1.0762763817047955e-15,1.076365618466944e-15,1.0764547885162884e-15,1.0765438918359744e-15,1.076632928543293e-15,1.0767218986886388e-15,1.0768108023196466e-15,1.0768996392886747e-15,1.0769884101097858e-15,1.077077114499787e-15,1.0771657525769365e-15,1.0772543243900288e-15,1.0773428299969987e-15,1.0774312691853956e-15,1.077519642428745e-15,1.0776079494330158e-15,1.0776961906684066e-15,1.0777843659984852e-15,1.0778724753633734e-15,1.0779605188603713e-15,1.078048496467074e-15,1.0781364083573708e-15,1.0782242542816227e-15,1.0783120347551395e-15,1.0783997494261194e-15,1.0784873986848998e-15,1.0785749822646498e-15,1.0786625006033449e-15,1.0787499535023746e-15,1.0788373409894312e-15,1.078924663151695e-15,1.0790119200597071e-15,1.0790991115184871e-15,1.079186238062955e-15,1.0792732994618354e-15,1.079360295731417e-15,1.0794472269712872e-15,1.0795340931604764e-15,1.079620894515133e-15,1.0797076309112345e-15,1.0797943025146822e-15,1.0798809092730404e-15,1.0799674513364236e-15,1.0800539287183126e-15,1.0801403414553722e-15,1.080226689592792e-15,1.0803129731620882e-15,1.080399192112826e-15,1.0804853467462351e-15,1.0805714369676359e-15,1.0806574628304749e-15,1.0807434243180803e-15,1.080829321524571e-15,1.0809151543387968e-15,1.0810009232491022e-15,1.0810866280409032e-15,1.0811722685053207e-15,1.0812578451397468e-15,1.0813433578656999e-15,1.0814288066651952e-15,1.0815141915220173e-15,1.0815995125483157e-15,1.081684769787783e-15,1.081769963360033e-15,1.0818550932445122e-15,1.0819401593798443e-15,1.082025161922502e-15,1.0821101009051297e-15,1.0821949764472095e-15,1.0822797885046433e-15,1.0823645371907122e-15,1.0824492225269996e-15,1.0825338446217323e-15,1.0826184034571408e-15,1.0827028988264023e-15,1.0827873312181445e-15,1.082871700257207e-15,1.0829560064161178e-15,1.0830402496008956e-15,1.0831244298061111e-15,1.0832085470315558e-15,1.0832926014124217e-15,1.0833765930297857e-15,1.0834605215639035e-15,1.0835443875869883e-15,1.0836281909172839e-15,1.0837119315544493e-15,1.0837956095859717e-15,1.0838792250635914e-15,1.0839627780474776e-15,1.084046268675801e-15,1.084129696825766e-15,1.0842130626300817e-15,1.084296366114369e-15,1.084379607305747e-15,1.0844627862937009e-15,1.0845459031399407e-15,1.0846289578505639e-15,1.084711950485075e-15,1.0847948810018436e-15,1.0848777495884872e-15,1.084960556238268e-15,1.0850433009731733e-15,1.0851259838643914e-15,1.085208604647644e-15,1.0852911638958702e-15,1.085373661423485e-15,1.0854565227499134e-15,1.0855388966252484e-15,1.085621633944596e-15,1.0857038845080063e-15,1.0857860735712516e-15,1.08586862528278e-15,1.0859511149988167e-15,1.086033542747723e-15,1.0861159086131852e-15,1.086198212594299e-15,1.086280454767881e-15,1.0863626352053692e-15,1.0864447539060683e-15,1.0865268109569838e-15,1.0866088063626e-15,1.0866907402121172e-15,1.0867726124271211e-15,1.0868544232611394e-15,1.086936172655195e-15,1.0870178606301897e-15,1.0870994872643567e-15,1.0871810526183406e-15,1.0872625566928556e-15,1.0873439995836906e-15,1.0874253813122522e-15,1.0875067019238174e-15,1.0875879614371357e-15,1.0876691599533696e-15,1.087750297490436e-15,1.0878313739992194e-15,1.0879123896945542e-15,1.0879933445480785e-15,1.0880742386015965e-15,1.088155071929423e-15,1.0882358445288505e-15,1.0883165564926046e-15,1.0883972077448163e-15,1.0884777985266702e-15,1.0885583287647548e-15,1.088638798548899e-15,1.0887192078989209e-15,1.0887995568623234e-15,1.0888798454843755e-15,1.088960073810852e-15,1.0890402418868419e-15,1.0891203497574828e-15,1.0892003974681414e-15,1.08928038506376e-15,1.089360312589668e-15,1.0894401799283379e-15,1.0895199874501706e-15,1.0895997350374686e-15,1.0896794225716973e-15,1.089759050424553e-15,1.089838618478177e-15,1.0899181267772994e-15,1.0899975753665807e-15,1.0900769642905205e-15,1.0901562935942785e-15,1.090235563322626e-15,1.0903147735203643e-15,1.0903939241522438e-15,1.0904730154231454e-15,1.0905520472139921e-15,1.0906310197357461e-15,1.090709932950094e-15,1.0907887868816288e-15,1.0908675815953384e-15,1.0909463171544184e-15,1.0910249935841538e-15,1.0911036109038639e-15,1.0911821691838162e-15,1.0912606683336282e-15,1.0913391086100413e-15,1.0914174899768102e-15,1.0914958125385657e-15,1.0915740762860963e-15,1.0916522812753044e-15,1.0917304275337905e-15,1.0918085151048914e-15,1.0918865440333392e-15,1.0919645143625876e-15,1.0920424261184287e-15,1.0921202793650465e-15,1.0921980741618464e-15,1.0922758105356439e-15,1.0923534885312515e-15,1.092431108109724e-15,1.0925086694770863e-15,1.0925861725967261e-15,1.092663617512433e-15,1.0927410041159485e-15,1.0928183325996526e-15,1.0928956031653816e-15,1.0929728157018264e-15,1.0930499702524462e-15,1.0931270667088703e-15,1.0932041054001668e-15,1.09328108625465e-15,1.0933580091425522e-15,1.0934348744171296e-15,1.0935116819678644e-15,1.0935884318356184e-15,1.093665124064829e-15,1.0937417586989565e-15,1.0938183357812553e-15,1.09389485533755e-15,1.093971317447211e-15,1.0940477220581268e-15,1.0941240693652837e-15,1.0942003593198876e-15,1.0942765919208048e-15,1.0943527673543958e-15,1.0944288855606933e-15,1.0945049466189513e-15,1.0945809505560554e-15,1.0946568974139533e-15,1.0947327872361105e-15,1.0948086200657228e-15,1.0948843959488892e-15,1.0949601149025865e-15,1.0950357769378237e-15,1.0951113822250426e-15,1.0951869307338672e-15,1.0952624225059698e-15,1.0953378575168135e-15,1.0954132359458673e-15,1.0954885577650668e-15,1.0955638230187e-15,1.0956390317483628e-15,1.0957141839984567e-15,1.0957892798084896e-15,1.0958643192225305e-15,1.0959393022824126e-15,1.0960142290322145e-15,1.0960890995112e-15,1.0961639137633623e-15,1.0962386718338317e-15,1.0963133737583269e-15,1.0963880195107887e-15,1.0964626092766656e-15,1.0965371430264483e-15,1.0966116208020996e-15,1.0966860426455324e-15,1.096760408582323e-15,1.0968347186158586e-15,1.0969089729146228e-15,1.0969831714490357e-15,1.0970573142624693e-15,1.0971314013942498e-15,1.0972054328871739e-15,1.0972794087830713e-15,1.0973533290533781e-15,1.0974271938633495e-15,1.0975010032199697e-15,1.0975747571452003e-15,1.0976484556814414e-15,1.097722098855339e-15,1.0977956867393955e-15,1.0978692193594479e-15,1.0979426967415104e-15,1.0980161189583283e-15,1.098089486035655e-15,1.098162798015004e-15,1.0982360549379817e-15,1.0983092568456255e-15,1.0983824037792698e-15,1.0984554957799964e-15,1.098528532873898e-15,1.098601515132727e-15,1.0986744425827674e-15,1.0987473152649224e-15,1.0988201332198959e-15,1.0988928964891795e-15,1.0989656051143095e-15,1.0990382591357569e-15,1.0991108585946166e-15,1.0991834035157204e-15,1.0992558939724077e-15,1.0993283299757527e-15,1.0994007115938275e-15,1.099473038841636e-15,1.099545311784474e-15,1.0996175304504796e-15,1.099689694880753e-15,1.099761804983057e-15,1.099833861002356e-15,1.0999058629034009e-15,1.0999778107335905e-15,1.1000497045296384e-15,1.1001215443342386e-15,1.100193330254383e-15,1.1002650621985064e-15,1.100336740272375e-15,1.1004083645815765e-15,1.1004799351031914e-15,1.1005514517452489e-15,1.1006229148114163e-15,1.1006943242056671e-15,1.1007656799724709e-15,1.100836982151599e-15,1.1009082307834329e-15,1.1009794259021024e-15,1.1010505675609327e-15,1.1011216557265917e-15,1.1011926905704752e-15,1.1012636720673928e-15,1.101334600257656e-15,1.1014054751813997e-15,1.1014762968790181e-15,1.1015470653896918e-15,1.101617780753671e-15,1.1016884430113328e-15,1.1017590522021292e-15,1.1018296083658863e-15,1.1019001115423158e-15,1.1019705617588306e-15,1.1020409590799968e-15,1.1021113035334772e-15,1.1021815951601202e-15,1.1022518339965567e-15,1.1023220200844974e-15,1.102392153398059e-15,1.1024622340928263e-15,1.1025322621717583e-15,1.1026022375959361e-15,1.102672160534252e-15,1.1027420309632298e-15,1.102811848852199e-15,1.1028816143584453e-15,1.102951327470634e-15,1.1030209882431939e-15,1.1030905966867113e-15,1.103160152805036e-15,1.1032296566884196e-15,1.1032991084236084e-15,1.1033685080152525e-15,1.103437855488182e-15,1.1035071508628032e-15,1.1035763941999589e-15,1.1036455855348584e-15,1.1037147249239198e-15,1.1037838123902115e-15,1.103852847972156e-15,1.1039218317087884e-15,1.1039907636386608e-15,1.1040596438010654e-15,1.1041284722353012e-15,1.104197248979349e-15,1.1042659740724777e-15,1.1043346475534776e-15,1.1044032694476425e-15,1.1044718398071447e-15,1.1045403586842016e-15,1.1046088261043045e-15,1.1046772421053884e-15,1.1047456067126287e-15,1.104813919978512e-15,1.1048821819553662e-15,1.1049503926677452e-15,1.1050185521411087e-15,1.1050866604290449e-15,1.105154717514317e-15,1.1052227235397484e-15,1.1052906784428187e-15,1.1053585823770035e-15,1.1054264353171175e-15,1.1054942372859487e-15,1.1055619882919885e-15,1.1056296884089786e-15,1.1056973377483603e-15,1.1057649362835466e-15,1.1058324840361757e-15,1.1058999810109387e-15,1.1059674273429289e-15,1.1060348229854732e-15,1.1061021680167522e-15,1.106169462526515e-15,1.1062367064403579e-15,1.1063038998498908e-15,1.1063710428018338e-15,1.1064381353878808e-15,1.1065051775877931e-15,1.1065721694245512e-15,1.106639110956e-15,1.106706002224256e-15,1.1067728432067643e-15,1.1068396340273388e-15,1.1069063746895573e-15,1.1069730652440252e-15,1.1070397057141708e-15,1.1071062960813654e-15,1.1071728364324186e-15,1.1072393268607171e-15,1.1073057673691266e-15,1.1073721579809759e-15,1.1074384987337575e-15,1.1075047896563155e-15,1.1075710307597736e-15,1.1076372220945425e-15,1.1077033637856445e-15,1.1077694557925058e-15,1.1078354981660403e-15,1.10790149095438e-15,1.1079674341645969e-15,1.1080333278678448e-15,1.1080991720853307e-15,1.1081649667905677e-15,1.1082307121344974e-15,1.1082964081060658e-15,1.1083620546857393e-15,1.1084276520321145e-15,1.1084932001137561e-15,1.1085586989131365e-15,1.1086241485237264e-15,1.108689548982461e-15,1.108754900325323e-15,1.1088202026446904e-15,1.1088854559080795e-15,1.1089506601823027e-15,1.1090158154867609e-15,1.1090809218593346e-15,1.1091459792856997e-15,1.1092109879056922e-15,1.1092759476924806e-15,1.1093408587071688e-15,1.109405720922382e-15,1.1094705344792697e-15,1.109535299353688e-15,1.1096000155957575e-15,1.1096646832230763e-15,1.109729302298285e-15,1.1097938728321717e-15,1.1098583948868722e-15,1.109922868485753e-15,1.1099872936554043e-15,1.1100516704365342e-15,1.110115998885566e-15,1.1101802790260506e-15,1.1102445108909538e-15,1.110308694505241e-15,1.1103728299304893e-15,1.1104369171742441e-15,1.1105009562564862e-15,1.1105649472812342e-15,1.1106288902482254e-15,1.1106927851471385e-15,1.1107566320612253e-15,1.1108204310261687e-15,1.1108841821384578e-15,1.1109478853621375e-15,1.1110115407563354e-15,1.1110751483320591e-15,1.111138708152635e-15,1.111202220228303e-15,1.1112656846046693e-15,1.1113291013196422e-15,1.1113924704221272e-15,1.1114557919222003e-15,1.1115190658677089e-15,1.1115822923067022e-15,1.1116454712508816e-15,1.1117086027603088e-15,1.111771686845875e-15,1.1118347235117292e-15,1.1118977128924672e-15,1.1119606549688973e-15,1.1120235497754709e-15,1.1120863973481592e-15,1.1121491977224401e-15,1.1122119509336844e-15,1.1122746570174983e-15,1.112337316009133e-15,1.1123999279300553e-15,1.1124624928435533e-15,1.112525010770896e-15,1.112587481749552e-15,1.1126499058109583e-15,1.1127122828827763e-15,1.1127746131156478e-15,1.1128368966295566e-15,1.1128991332764333e-15,1.1129613232754907e-15,1.1130234665826341e-15,1.1130855632202108e-15,1.1131476132232941e-15,1.1132096166263443e-15,1.1132715734528832e-15,1.1133334837502472e-15,1.1133953475653965e-15,1.1134571649080116e-15,1.1135189358262992e-15,1.1135806603564158e-15,1.1136423385290652e-15,1.113703970394656e-15,1.1137655559648889e-15,1.1138270952811413e-15,1.113888588380309e-15,1.1139500352977444e-15,1.1140114360727478e-15,1.1140727906867072e-15,1.1141340992243841e-15,1.1141953617659638e-15,1.114256578253667e-15,1.1143177487689172e-15,1.1143788733915396e-15,1.1144399521203548e-15,1.1145009849789842e-15,1.114561972001842e-15,1.1146229132236135e-15,1.1146838086668275e-15,1.1147446583781164e-15,1.1148054623890046e-15,1.114866220751399e-15,1.1149269334706578e-15,1.1149876006066384e-15,1.1150482221816057e-15,1.1151087982171457e-15,1.1151693287728226e-15,1.1152298138699727e-15,1.115290253491459e-15,1.115350647774219e-15,1.1154109966871717e-15,1.1154713002936733e-15,1.1155315585639406e-15,1.1155917715690626e-15,1.1156519393963417e-15,1.1157120620481675e-15,1.1157721395527419e-15,1.1158321719385514e-15,1.1158921592405365e-15,1.1159521014920856e-15,1.1160119986808824e-15,1.1160718509236755e-15,1.1161316582099055e-15,1.1161914205899288e-15,1.1162511380864944e-15,1.116310810746937e-15,1.1163704385335034e-15,1.1164300215370863e-15,1.1164895598393954e-15,1.1165490534431482e-15,1.1166085023164456e-15,1.1166679065944094e-15,1.1167272662459636e-15,1.1167865813320924e-15,1.1168458518718973e-15,1.1169050779097424e-15,1.1169642594592088e-15,1.1170233965652337e-15,1.117082489243922e-15,1.1171415375593288e-15,1.1172005414791028e-15,1.1172595010911363e-15,1.117318416421025e-15,1.1173772875391473e-15,1.117436114458706e-15,1.1174948971986441e-15,1.1175536357932402e-15,1.1176123302635569e-15,1.1176709806653187e-15,1.1177295870211709e-15,1.1177881493629614e-15,1.117846667724342e-15,1.1179051421389801e-15,1.1179635726392912e-15,1.1180219592582136e-15,1.118080302028783e-15,1.1181386009722e-15,1.1181968561447587e-15,1.1182550675560344e-15,1.1183132352514193e-15,1.1183713592619114e-15,1.1184294396325908e-15,1.1184874763848566e-15,1.1185454695513502e-15,1.1186034191649196e-15,1.1186613252025758e-15,1.1187191877959782e-15,1.1187770068955173e-15,1.1188347826129168e-15,1.1188925149519766e-15,1.1189502039229697e-15,1.1190078495248525e-15,1.119065451878123e-15,1.1191230109841493e-15,1.1191805268512235e-15,1.1192379995245391e-15,1.1192954290490247e-15,1.1193528154305502e-15,1.1194101587253622e-15,1.1194674589552144e-15,1.1195247161524885e-15,1.119581930349486e-15,1.1196391015791705e-15,1.1196962298731361e-15,1.1197533152636524e-15,1.1198103577822056e-15,1.1198673574531007e-15,1.1199243143148659e-15,1.1199812284025518e-15,1.1200380997077585e-15,1.1200949283552823e-15,1.1201517143104975e-15,1.120208457631162e-15,1.1202651583375116e-15,1.1203218164613935e-15,1.1203784320349639e-15,1.1204350050900185e-15,1.1204915356607354e-15,1.1205480237626255e-15,1.1206044694429848e-15,1.120660872743427e-15,1.1207172336840697e-15,1.1207735522974564e-15,1.1208298286154313e-15,1.1208860626593742e-15,1.1209422544817979e-15,1.1209984040918836e-15,1.1210545115454652e-15,1.1211105768630083e-15,1.121166600075236e-15,1.1212225812138584e-15,1.121278520299057e-15,1.1213344173846072e-15,1.1213902724812153e-15,1.121446085640556e-15,1.1215018568839926e-15,1.1215575862429759e-15,1.1216132737491205e-15,1.1216689194344963e-15,1.121724523329029e-15,1.1217800854648245e-15,1.1218356058733017e-15,1.1218910845857951e-15,1.1219465216343132e-15,1.1220019170486599e-15,1.1220572708608571e-15,1.12211258310214e-15,1.1221678538037205e-15,1.1222230829579568e-15,1.1222782706639896e-15,1.1223334169231307e-15,1.122388521766723e-15,1.1224435852373835e-15,1.1224986073049946e-15,1.1225535881008641e-15,1.1226085276060047e-15,1.122663425842868e-15,1.1227182828594791e-15,1.122773098678271e-15,1.1228278733309093e-15,1.1228826068468107e-15,1.1229372992575874e-15,1.1229919505941377e-15,1.1230465607857542e-15,1.1231011300662091e-15,1.123155658365965e-15,1.1232101457034043e-15,1.1232645921312393e-15,1.1233189976728036e-15,1.1233733623379829e-15,1.1234276861894254e-15,1.123481969231103e-15,1.123536211505761e-15,1.123590413046553e-15,1.123644573884435e-15,1.1236986940416777e-15,1.1237527735547041e-15,1.1238068124675078e-15,1.1238608107833343e-15,1.1239147685447775e-15,1.1239686857900791e-15,1.1240225625455498e-15,1.1240763988447013e-15,1.1241301946975655e-15,1.1241839501534736e-15,1.124237665250582e-15,1.124291339996465e-15,1.124344974443339e-15,1.124398568609582e-15,1.1244521225272303e-15,1.1245056362247371e-15,1.1245591097331576e-15,1.1246125430826725e-15,1.1246659362885646e-15,1.1247192894115772e-15,1.1247726024547508e-15,1.124825875454558e-15,1.1248791084539886e-15,1.1249323014864519e-15,1.1249854545671031e-15,1.1250385677374798e-15,1.1250916410116033e-15,1.1251446743794172e-15,1.1251976679669118e-15,1.1252506217568323e-15,1.1253035357781562e-15,1.1253564100606863e-15,1.1254092446344354e-15,1.1254620395290733e-15,1.1255147947771807e-15,1.1255675104030716e-15,1.1256201864392764e-15,1.1256728229154493e-15,1.1257254197581732e-15,1.1257779771004028e-15,1.1258304950296593e-15,1.1258829735491382e-15,1.1259354126699137e-15,1.1259878123639698e-15,1.126040172753831e-15,1.1260924938179253e-15,1.1261447755914115e-15,1.126197018097209e-15,1.1262492213694283e-15,1.1263013854358756e-15,1.1263535103129737e-15,1.1264055960579042e-15,1.1264576426860558e-15,1.1265096502131345e-15,1.1265616186440313e-15,1.126613548098054e-15,1.1266654385528888e-15,1.1267172900386151e-15,1.1267691025835811e-15,1.1268208762170326e-15,1.1268726109681314e-15,1.1269243068661303e-15,1.1269759639401569e-15,1.127027582219456e-15,1.1270791617330906e-15,1.1271307025131498e-15,1.127182204585742e-15,1.127233667968899e-15,1.1272850926993551e-15,1.1273364788099762e-15,1.1273878263393497e-15,1.1274391353103438e-15,1.1274904057479342e-15,1.1275416376810868e-15,1.12759283113476e-15,1.1276439861425585e-15,1.1276951026314298e-15,1.1277461808316254e-15,1.1277972206729855e-15,1.1278482221819967e-15,1.1278991853896423e-15,1.1279501103225683e-15,1.128000996997389e-15,1.1280518454702224e-15,1.1281026557468677e-15,1.1281534278722492e-15,1.1282041618682783e-15,1.128254857762632e-15,1.1283055155842211e-15,1.1283561353646014e-15,1.1284067171260426e-15,1.1284572608989655e-15,1.1285077667029814e-15,1.1285582345871708e-15,1.1286086645696145e-15,1.1286590566787337e-15,1.128709410944058e-15,1.1287597273929627e-15,1.128810006053756e-15,1.1288602469536964e-15,1.1289104501235934e-15,1.1289606155774582e-15,1.1290107433688723e-15,1.1290608335149923e-15,1.129110886033742e-15,1.1291609009708693e-15,1.1292108783475268e-15,1.1292608181776244e-15,1.1293107205048176e-15,1.1293605853647162e-15,1.1294104127757344e-15,1.1294602027671396e-15,1.1295099553647867e-15,1.1295596705989397e-15,1.1296093484999947e-15,1.1296589890364745e-15,1.1297085923327726e-15,1.129758158388005e-15,1.1298076872105533e-15,1.1298571788374796e-15,1.1299066332913903e-15,1.1299560506053818e-15,1.1300054308175532e-15,1.130054773945906e-15,1.130104080016025e-15,1.1301533490569028e-15,1.1302025810963577e-15,1.1302517761492883e-15,1.1303009342571505e-15,1.1303500554601437e-15,1.1303991397582973e-15,1.1304481871954176e-15,1.1304971978091935e-15,1.130546171615537e-15,1.1305951086421727e-15,1.130644008859894e-15,1.1306928723964032e-15,1.1307416992507786e-15,1.1307904893753834e-15,1.1308392429171739e-15,1.1308879598448345e-15,1.130936640173659e-15,1.1309852839435193e-15,1.1310338911932277e-15,1.1310824619434726e-15,1.1311309962129503e-15,1.1311794940327848e-15,1.1312279554303434e-15,1.1312763804179519e-15,1.131324769053123e-15,1.1313731213347889e-15,1.131421437316816e-15,1.131469716999199e-15,1.131517960440978e-15,1.1315661675891208e-15,1.1316143385902729e-15,1.1316624734147474e-15,1.131710572090812e-15,1.131758634587212e-15,1.1318066610493216e-15,1.131854651438049e-15,1.1319026057977619e-15,1.1319505241181218e-15,1.1319984064536448e-15,1.1320462528288357e-15,1.1320940632822334e-15,1.1321418378163612e-15,1.1321895764860237e-15,1.1322372793075027e-15,1.1322849462983312e-15,1.1323325774824464e-15,1.1323801729049734e-15,1.1324277325815059e-15,1.1324752565268642e-15,1.132522744736781e-15,1.1325701973404167e-15,1.1326176143069544e-15,1.132664995603757e-15,1.1327123413185879e-15,1.132759651478054e-15,1.1328069261487826e-15,1.1328541653300909e-15,1.1329013690357028e-15,1.132948537275972e-15,1.1329956700529847e-15,1.133042767487582e-15,1.133089829432286e-15,1.1331368561517804e-15,1.133183847538056e-15,1.133230803649616e-15,1.1332777244966582e-15,1.1333246101103216e-15,1.1333714605078908e-15,1.1334182757205048e-15,1.1334650557582475e-15,1.1335118006633512e-15,1.1335585104794538e-15,1.1336051852159996e-15,1.1336518248993708e-15,1.1336984295559547e-15,1.133744999210506e-15,1.1337915314663028e-15,1.1338380312020018e-15,1.1338844960052646e-15,1.1339309235024293e-15,1.1339773185369035e-15,1.1340236763249913e-15,1.1340699992987426e-15,1.1341162874851042e-15,1.1341625433095015e-15,1.1342087643948415e-15,1.1342549483695442e-15,1.1343011000588472e-15,1.1343472146901154e-15,1.1343932970867594e-15,1.1344393447684203e-15,1.1344853555792153e-15,1.1345313342318476e-15,1.1345772783526625e-15,1.1346231879697045e-15,1.1346690607144977e-15,1.1347149014015374e-15,1.1347607052709642e-15,1.1348064771279218e-15,1.1348522122240258e-15,1.1348979129740667e-15,1.1349435794031603e-15,1.134989211542266e-15,1.135034809406143e-15,1.1350803730242121e-15,1.135125902427077e-15,1.1351713976369358e-15,1.135216858680206e-15,1.1352622855825582e-15,1.1353076783703423e-15,1.1353530393986948e-15,1.1353983640379699e-15,1.1354436546317334e-15,1.1354889112125995e-15,1.1355341338060608e-15,1.1355793224370084e-15,1.1356244794625346e-15,1.1356696002541373e-15,1.1357146871513608e-15,1.1357597425070039e-15,1.1358047617076373e-15,1.1358497470990003e-15,1.135894698706663e-15,1.1359396188744558e-15,1.135984505312516e-15,1.136029355718461e-15,1.1360741724413517e-15,1.1361189555119477e-15,1.1361637049520272e-15,1.136208420779622e-15,1.1362531030264975e-15,1.136297751717338e-15,1.1363423668768456e-15,1.1363869485312115e-15,1.1364314967046021e-15,1.1364760114214025e-15,1.1365204950186275e-15,1.1365649428997677e-15,1.136609357399637e-15,1.1366537385457507e-15,1.1366980863686069e-15,1.1367424008803334e-15,1.1367866821122365e-15,1.1368309300892973e-15,1.1368751448361494e-15,1.1369193263784461e-15,1.1369634747466814e-15,1.1370075922602247e-15,1.137051674335305e-15,1.1370957233113865e-15,1.1371397414952064e-15,1.137183724333212e-15,1.1372276741393728e-15,1.1372715932237917e-15,1.1373154770425947e-15,1.137359330190868e-15,1.137403148114307e-15,1.1374469331351527e-15,1.1374906852722086e-15,1.1375344045533037e-15,1.1375780910004876e-15,1.1376217446404836e-15,1.1376653654932422e-15,1.13770895359025e-15,1.1377525112404074e-15,1.1377960338902614e-15,1.1378395238537357e-15,1.1378829834352168e-15,1.1379264081005628e-15,1.1379698001546592e-15,1.138013159623165e-15,1.1380564865288778e-15,1.1380997821642542e-15,1.1381430440167567e-15,1.1381862746467283e-15,1.1382294728097494e-15,1.1382726385319168e-15,1.1383157718362184e-15,1.138358872746021e-15,1.1384019412866514e-15,1.1384449774824296e-15,1.138487980096037e-15,1.1385309504149675e-15,1.1385738884636174e-15,1.138616794266183e-15,1.1386596700988249e-15,1.1387025137343345e-15,1.1387453251453234e-15,1.1387881034565266e-15,1.1388308506445016e-15,1.1388735647249773e-15,1.1389162477283725e-15,1.1389588976747268e-15,1.1390015155909281e-15,1.1390441015003128e-15,1.1390866554272588e-15,1.1391291783892365e-15,1.1391716694167922e-15,1.1392141275392264e-15,1.1392565547683014e-15,1.1392989501345568e-15,1.139341313603863e-15,1.13938364432282e-15,1.1394259432496251e-15,1.1394682104109197e-15,1.1395104458277058e-15,1.1395526495255917e-15,1.1395948215280661e-15,1.1396369618571023e-15,1.1396790705397625e-15,1.139721147598699e-15,1.139763193057293e-15,1.1398052069392806e-15,1.1398471892680377e-15,1.1398891400679468e-15,1.1399310593623572e-15,1.1399729471749025e-15,1.1400148035292352e-15,1.1400566284486088e-15,1.140098421957354e-15,1.1401401840798139e-15,1.1401819148384641e-15,1.140223614255345e-15,1.1402652823554858e-15,1.1403069191638859e-15,1.1403485247010649e-15,1.1403900989919917e-15,1.1404316420601455e-15,1.1404731539289624e-15,1.140514634622247e-15,1.1405560841608682e-15,1.1405975025722138e-15,1.1406388886571832e-15,1.1406802448813612e-15,1.1407215700468615e-15,1.1407628641797695e-15,1.1408041272967884e-15,1.1408453594259387e-15,1.140886559376599e-15,1.140927729597326e-15,1.1409688688987639e-15,1.1410099773040686e-15,1.1410510548360468e-15,1.141092101518283e-15,1.1411331173743146e-15,1.141174102424834e-15,1.1412150566952368e-15,1.1412559802103847e-15,1.1412968729890888e-15,1.1413377350587462e-15,1.1413785664408356e-15,1.1414193671546795e-15,1.141460137229588e-15,1.1415008766839226e-15,1.1415415855457572e-15,1.141582263833054e-15,1.1416229115708063e-15,1.1416635287811652e-15,1.141704115487825e-15,1.1417446717129506e-15,1.1417851984065738e-15,1.1418256937376055e-15,1.1418661586562011e-15,1.1419065931825142e-15,1.1419469973441368e-15,1.1419873711620806e-15,1.1420277146568147e-15,1.1420680278549286e-15,1.1421083107741572e-15,1.1421485634434716e-15,1.1421887858823819e-15,1.142228978113711e-15,1.1422691401601205e-15,1.142309272041318e-15,1.1423493737847663e-15,1.1423894454136295e-15,1.142429486946813e-15,1.1424694984095413e-15,1.1425094798213366e-15,1.1425494312069372e-15,1.1425893525880318e-15,1.1426292439849724e-15,1.1426691054272891e-15,1.142708936928862e-15,1.1427487385206069e-15,1.1427885102194042e-15,1.1428282520466864e-15,1.1428679640291962e-15,1.1429076461766512e-15,1.1429472985347953e-15,1.1429869211115465e-15,1.1430265139316346e-15,1.143066077016905e-15,1.1431056103910424e-15,1.1431451140631874e-15,1.1431845880746855e-15,1.1432240324415284e-15,1.1432634471873959e-15,1.1433028323216854e-15,1.1433421878875198e-15,1.1433815138962988e-15,1.1434208103684351e-15,1.1434600773278167e-15,1.143499314799778e-15,1.1435385228026008e-15,1.1435777013607594e-15,1.1436168504936264e-15,1.1436559702236522e-15,1.1436950605744167e-15,1.1437341215701994e-15,1.1437731532309834e-15,1.1438121555798567e-15,1.1438511286353626e-15,1.1438900724219469e-15,1.14392898695776e-15,1.143967872271478e-15,1.1440067283816677e-15,1.144045555309803e-15,1.1440843530787749e-15,1.1441231217094653e-15,1.1441618612262978e-15,1.1442005716475772e-15,1.1442392529961834e-15,1.1442779052912416e-15,1.144316528561459e-15,1.1443551228265366e-15,1.1443936881021077e-15,1.1444322244191104e-15,1.1444707317907293e-15,1.144509210240741e-15,1.144547659793453e-15,1.1445860804706609e-15,1.1446244722916613e-15,1.1446628352807109e-15,1.1447011694589361e-15,1.1447394748475128e-15,1.14477775147277e-15,1.1448159993458748e-15,1.1448542184981998e-15,1.1448924089346738e-15,1.1449305706982456e-15,1.144968703792705e-15,1.1450068082607262e-15,1.1450448841070227e-15,1.1450829313585365e-15,1.1451209500397142e-15,1.1451589401681572e-15,1.145196901761734e-15,1.1452348380111515e-15,1.1452727457673596e-15,1.1453106250514189e-15,1.1453484758870716e-15,1.1453862982940265e-15,1.1454240891381971e-15,1.1454618547507554e-15,1.145499591997653e-15,1.1455373009018506e-15,1.1455749814837583e-15,1.1456126337675372e-15,1.1456502577686057e-15,1.1456878535114823e-15,1.1457254210197236e-15,1.1457629603090735e-15,1.1458004714034963e-15,1.1458379543230787e-15,1.145875409091325e-15,1.1459128357279632e-15,1.1459502342532311e-15,1.1459876046893698e-15,1.1460249470573184e-15,1.1460622582543965e-15,1.1460995414285927e-15,1.14613679972423e-15,1.146174030035189e-15,1.1462112323833191e-15,1.146248406790485e-15,1.1462855532767723e-15,1.1463226718621692e-15,1.1463597625686027e-15,1.146396825417012e-15,1.1464338604283085e-15,1.1464708645205149e-15,1.1465078439227394e-15,1.146544795550519e-15,1.1465817194256492e-15,1.146618615567908e-15,1.1466554840030918e-15,1.1466923247388723e-15,1.1467291378130645e-15,1.1467659232354204e-15,1.1468026810260887e-15,1.146839411211799e-15,1.1468761138071241e-15,1.146912788835012e-15,1.1469494363170436e-15,1.1469860562724773e-15,1.147022648728797e-15,1.1470592136973243e-15,1.1470957481423215e-15,1.1471322582112517e-15,1.147168740854315e-15,1.147205193024732e-15,1.1472416208888064e-15,1.1472780172459686e-15,1.1473143904094021e-15,1.1473507362565878e-15,1.1473870517581237e-15,1.1474233399855698e-15,1.1474596009613365e-15,1.1474958377372523e-15,1.1475320442650305e-15,1.1475682235984302e-15,1.1476043757623326e-15,1.1476405007749262e-15,1.1476765986550937e-15,1.1477126694247277e-15,1.1477487131056602e-15,1.1477847297167445e-15,1.1478207192783495e-15,1.1478566818107074e-15,1.1478926173343133e-15,1.1479285258672944e-15,1.1479644074267012e-15,1.1480002620450827e-15,1.1480360897357114e-15,1.1480718905185717e-15,1.1481076644064572e-15,1.1481434114347376e-15,1.1481791316084478e-15,1.1482148249606722e-15,1.1482504915080569e-15,1.1482861312689201e-15,1.148321744260958e-15,1.1483573305087033e-15,1.14839289003014e-15,1.1484284228453076e-15,1.1484639289742414e-15,1.1484994084369531e-15,1.1485348612535087e-15,1.1485702874439145e-15,1.1486056870281611e-15,1.1486410600262401e-15,1.1486764064566666e-15,1.1487117263424363e-15,1.1487470196897691e-15,1.1487822865427036e-15,1.1488175269068352e-15,1.1488527408046987e-15,1.1488879282559575e-15,1.1489230892804133e-15,1.1489582238995623e-15,1.1489933321316062e-15,1.1490284139961277e-15,1.149063469510943e-15,1.1490984986982274e-15,1.149133501579487e-15,1.1491684781724678e-15,1.149203428496913e-15,1.1492383525601982e-15,1.149273250406749e-15,1.1493081220438752e-15,1.14934296747911e-15,1.149377786756362e-15,1.149412579877033e-15,1.1494473468715305e-15,1.14948208775642e-15,1.149516802549934e-15,1.149551491271378e-15,1.1495861539405824e-15,1.14962079057698e-15,1.1496554012000088e-15,1.149689985829311e-15,1.1497245444827984e-15,1.1497590771816859e-15,1.149793583935029e-15,1.1498280647844855e-15,1.1498625197376833e-15,1.1498969488140793e-15,1.1499313520330885e-15,1.1499657294141148e-15,1.1500000809765869e-15,1.1500344067398348e-15,1.1500687067232996e-15,1.1501029809463285e-15,1.1501372294282114e-15,1.1501714521883497e-15,1.1502056492460194e-15,1.1502398206147056e-15,1.1502739663253586e-15,1.1503080863913752e-15,1.1503421808320923e-15,1.1503762496667083e-15,1.1504102929144437e-15,1.1504443105945227e-15,1.1504783027260943e-15,1.1505122693284431e-15,1.1505462104206782e-15,1.1505801260219305e-15,1.1506140161514206e-15,1.1506478808282275e-15,1.150681720071468e-15,1.1507155339002485e-15,1.1507493223336002e-15,1.15078308539068e-15,1.1508168230850766e-15,1.150850535441145e-15,1.1508842224838953e-15,1.150917884224408e-15,1.150951520685821e-15,1.1509851318834514e-15,1.151018717837686e-15,1.1510522785677193e-15,1.151085814092298e-15,1.1511193244319618e-15,1.1511528096047737e-15,1.1511862696284056e-15,1.1512197045223099e-15,1.1512531143054156e-15,1.1512864989965546e-15,1.1513198586145707e-15,1.1513531931782852e-15,1.1513865027065108e-15,1.1514197872180561e-15,1.1514530467305215e-15,1.151486281263832e-15,1.151519490837975e-15,1.1515526754704538e-15,1.1515858351800806e-15,1.1516189699856464e-15,1.1516520799039944e-15,1.1516851649559639e-15,1.1517182251593537e-15,1.1517512605349392e-15,1.1517842710996652e-15,1.1518172568721956e-15,1.1518502178695824e-15,1.1518831541118273e-15,1.1519160656179961e-15,1.1519489524079939e-15,1.1519818144987632e-15,1.1520146519088303e-15,1.1520474646553868e-15,1.1520802527581854e-15,1.1521130162355052e-15,1.1521457551063258e-15,1.152178470154535e-15,1.152211159868495e-15,1.1522438250311995e-15,1.1522764656610541e-15,1.1523090817721819e-15,1.152341673391697e-15,1.1523742405286209e-15,1.15240678321132e-15,1.1524393014532243e-15,1.152471795271359e-15,1.1525042646855943e-15,1.1525367097151697e-15,1.1525691303762857e-15,1.1526015266890178e-15,1.1526338986693718e-15,1.1526662463386496e-15,1.152698569713427e-15,1.1527308688120366e-15,1.1527631436527258e-15,1.1527953942537111e-15,1.1528276206331953e-15,1.1528598228093607e-15,1.1528920008004989e-15,1.1529241546245174e-15,1.1529562842997325e-15,1.152988389843371e-15,1.1530204712753172e-15,1.1530525286127875e-15,1.1530845618738785e-15,1.1531165710724167e-15,1.1531485562335782e-15,1.153180517372753e-15,1.1532124545089988e-15,1.153244367659144e-15,1.1532762568397257e-15,1.1533081220676067e-15,1.1533399633660229e-15,1.1533717807504607e-15,1.1534035742392578e-15,1.1534353438489404e-15,1.153467089598447e-15,1.1534988115069692e-15,1.1535305095898792e-15,1.1535621838662437e-15,1.1535938343538744e-15,1.1536254610720454e-15,1.1536570640370123e-15,1.1536886432666855e-15,1.1537201987778222e-15,1.1537517305905556e-15,1.1537832387215933e-15,1.1538147231876818e-15,1.1538461840068222e-15,1.153877621198176e-15,1.1539090347785926e-15,1.1539404247662815e-15,1.153971791179844e-15,1.1540031340348413e-15,1.1540344533509714e-15,1.1540657491449379e-15,1.1540970214344241e-15,1.15412827023583e-15,1.1541594955680275e-15,1.1541906974486404e-15,1.1542218758964628e-15,1.154253030927856e-15,1.1542841625604774e-15,1.1543152708118288e-15,1.1543463556996634e-15,1.1543774172412044e-15,1.1544084554541425e-15,1.1544394703560338e-15,1.1544704619643438e-15,1.154501430296571e-15,1.154532375369e-15,1.1545632972001677e-15,1.1545941958089156e-15,1.1546250712114076e-15,1.1546559234250809e-15,1.15468675246734e-15,1.1547175583555879e-15,1.154748341107212e-15,1.154779100739581e-15,1.1548098372691158e-15,1.1548405507143243e-15,1.154871241093055e-15,1.1549019084219488e-15,1.1549325527182685e-15,1.1549631739993033e-15,1.1549937722823404e-15,1.155024347584654e-15,1.1550548999190447e-15,1.15508542931179e-15,1.1551159357753758e-15,1.155146419327229e-15,1.1551768799833897e-15,1.1552073177632778e-15,1.1552377326829743e-15,1.1552681247586092e-15,1.1552984940093882e-15,1.1553288404514318e-15,1.1553591640976236e-15,1.1553894649724937e-15,1.1554197430911633e-15,1.1554499984682655e-15,1.1554802311223926e-15,1.155510441070154e-15,1.1555406283289081e-15,1.1555707929155639e-15,1.1556009348473066e-15,1.1556310541407991e-15,1.1556611508132512e-15,1.1556912248814435e-15,1.1557212763638012e-15,1.155751305276086e-15,1.1557813116353236e-15,1.1558112954583267e-15,1.1558412567618572e-15,1.1558711955630266e-15,1.1559011118786875e-15,1.1559310057257418e-15,1.1559608771139634e-15,1.1559907260735807e-15,1.1560205526149054e-15,1.1560503567549365e-15,1.1560801385107103e-15,1.1561098978923837e-15,1.1561396349299655e-15,1.1561693496277171e-15,1.1561990420149822e-15,1.1562287120942106e-15,1.1562583598963891e-15,1.1562879854314238e-15,1.1563175887163877e-15,1.1563471697677322e-15,1.1563767285997156e-15,1.1564062652276728e-15,1.1564357796761476e-15,1.156465271957384e-15,1.1564947420922328e-15,1.1565241900925603e-15,1.1565536159758736e-15,1.1565830197597623e-15,1.156612401459917e-15,1.1566417610929095e-15,1.1566710986753137e-15,1.156700414223698e-15,1.156729707754599e-15,1.1567589792845143e-15,1.1567882288299892e-15,1.1568174564075564e-15,1.1568466620337034e-15,1.156875845724913e-15,1.1569050074976569e-15,1.156934147368382e-15,1.1569632653535593e-15,1.1569923614696515e-15,1.1570214357321617e-15,1.1570504881592168e-15,1.1570795187663769e-15,1.1571085275691498e-15,1.157137514585663e-15,1.1571664798314288e-15,1.1571954233227772e-15,1.1572243450760394e-15,1.1572532451076504e-15,1.1572821234336725e-15,1.1573109800705513e-15,1.1573398150345577e-15,1.1573686283411533e-15,1.1573974200073503e-15,1.1574261900495403e-15,1.1574549384838748e-15,1.1574836653265623e-15,1.157512370593812e-15,1.1575410543018883e-15,1.1575697164644688e-15,1.157598357100135e-15,1.1576269762274802e-15,1.1576555738614917e-15,1.1576841500161497e-15,1.1577127047060335e-15,1.1577412379523146e-15,1.1577697497685744e-15,1.1577982401709013e-15,1.1578267091696613e-15,1.1578551567933289e-15,1.1578835830478629e-15,1.1579119879561079e-15,1.1579403715238219e-15,1.1579687337739749e-15,1.1579970747284183e-15,1.1580253943944878e-15,1.1580536927937456e-15,1.1580819699392663e-15,1.158110225841209e-15,1.1581384605248298e-15,1.158166674005811e-15,1.1581948662968892e-15,1.1582230380866703e-15,1.1582511872144052e-15,1.1582793167027698e-15,1.158307424392853e-15,1.1583355109718224e-15,1.1583635764560172e-15,1.1583916208622502e-15,1.1584196442055416e-15,1.1584476464986331e-15,1.1584756277634435e-15,1.1585035880127627e-15,1.1585315272623423e-15,1.1585594455279055e-15,1.158587342824606e-15,1.158615219168787e-15,1.1586430745772696e-15,1.1586709090643861e-15,1.1586987226457743e-15,1.158726515338008e-15,1.1587542871564493e-15,1.1587820381165215e-15,1.1588097682306751e-15,1.1588374775212357e-15,1.1588651659997973e-15,1.158892833683517e-15,1.158920480587034e-15,1.1589481067262631e-15,1.1589757121166427e-15,1.1590032967736316e-15,1.1590308607128799e-15,1.1590584039499731e-15,1.1590859265005174e-15,1.1591134283800012e-15,1.1591409096011353e-15,1.1591683701817133e-15,1.159195810141101e-15,1.1592232294882665e-15,1.15925062824435e-15,1.1592780064224084e-15,1.1593053640385432e-15,1.1593327011016517e-15,1.1593600176383506e-15,1.1593873136557003e-15,1.1594145891723281e-15,1.1594418442059305e-15,1.1594690787691276e-15,1.1594962928786139e-15,1.1595234865483515e-15,1.1595506597941189e-15,1.15957781262556e-15,1.1596049450654477e-15,1.1596320571308868e-15,1.1596591488301468e-15,1.1596862201851324e-15,1.1597132712078378e-15,1.1597403019136051e-15,1.1597673123169748e-15,1.159794302433755e-15,1.1598212722801973e-15,1.1598482218696584e-15,1.1598751512191503e-15,1.1599020603421933e-15,1.1599289492556544e-15,1.1599558179729335e-15,1.1599826665110683e-15,1.1600094948842368e-15,1.160036303102058e-15,1.1600630911900067e-15,1.1600898591592148e-15,1.1601166070212163e-15,1.1601433347937213e-15,1.1601700424897579e-15,1.1601967301318116e-15,1.1602233977243459e-15,1.1602500452932435e-15,1.160276672848156e-15,1.1603032804040945e-15,1.1603298679760315e-15,1.1603564355759576e-15,1.1603829832251113e-15,1.1604095109352977e-15,1.1604360187213524e-15,1.1604625065977785e-15,1.1604889745806522e-15,1.1605154226817867e-15,1.1605418509182946e-15,1.1605682593079952e-15,1.1605946478611608e-15,1.1606210165974758e-15,1.1606473655291252e-15,1.1606736946704588e-15,1.160700004037602e-15,1.160726293644713e-15,1.1607525635059112e-15,1.160778813637266e-15,1.1608050440530598e-15,1.1608312547680916e-15,1.1608574457972001e-15,1.1608836171498737e-15,1.1609097688513982e-15,1.1609359009112651e-15,1.1609620133442307e-15,1.1609881061651512e-15,1.161014179387965e-15,1.1610402330286056e-15,1.1610662670988933e-15,1.1610922816182173e-15,1.1611182765988973e-15,1.1611442520555717e-15,1.1611702080023733e-15,1.1611961444544707e-15,1.1612220614273237e-15,1.1612479589320593e-15,1.1612738369887674e-15,1.1612996956091842e-15,1.1613255348080495e-15,1.1613513545972784e-15,1.16137715499621e-15,1.1614029360178333e-15,1.1614286976755522e-15,1.1614544399845931e-15,1.161480162960061e-15,1.1615058666157088e-15,1.1615315509661484e-15,1.161557216023636e-15,1.161582861807167e-15,1.1616084883289581e-15,1.1616340956034709e-15,1.1616596836446248e-15,1.1616852524680464e-15,1.1617108020873652e-15,1.1617363325174992e-15,1.1617618437721727e-15,1.16178733586392e-15,1.1618128088115476e-15,1.1618382626272157e-15,1.1618636973248137e-15,1.1618891129193624e-15,1.1619145094204118e-15,1.1619398868519836e-15,1.1619652452229233e-15,1.1619905845482425e-15,1.1620159048419393e-15,1.162041206118429e-15,1.1620664883917757e-15,1.1620917516763138e-15,1.1621169959863394e-15,1.16214222133614e-15,1.1621674277398788e-15,1.1621926152118235e-15,1.1622177837662225e-15,1.1622429334172419e-15,1.1622680641771104e-15,1.1622931760592862e-15,1.1623182690852866e-15,1.162343343264625e-15,1.1623683986114948e-15,1.1623934351400018e-15,1.1624184528622135e-15,1.1624434517963792e-15,1.1624684319539095e-15,1.1624933933504696e-15,1.162518335998485e-15,1.1625432599131911e-15,1.1625681651077103e-15,1.162593051595232e-15,1.1626179193932136e-15,1.1626427685135531e-15,1.1626675989703605e-15,1.1626924107776647e-15,1.162717203949496e-15,1.162741978499873e-15,1.162766734442749e-15,1.1627914717920867e-15,1.1628161905615622e-15,1.1628408907657171e-15,1.1628655724181566e-15,1.1628902355323397e-15,1.1629148801232492e-15,1.162939506204242e-15,1.162964113789185e-15,1.1629887028920375e-15,1.163013273526475e-15,1.1630378257066617e-15,1.163062358717281e-15,1.163086874030825e-15,1.1631113709311766e-15,1.1631358494329188e-15,1.1631603095494678e-15,1.1631847512946178e-15,1.163209174681898e-15,1.1632335797256197e-15,1.1632579664393105e-15,1.1632823348367338e-15,1.163306684931688e-15,1.163331016737872e-15,1.1633553302685013e-15,1.1633796255362933e-15,1.1634039025565434e-15,1.163428161344854e-15,1.1634524019129957e-15,1.163476624274127e-15,1.1635008284428966e-15,1.163525014431955e-15,1.1635491822559606e-15,1.1635733319282215e-15,1.163597463462217e-15,1.1636215768714207e-15,1.1636456721695894e-15,1.1636697493698988e-15,1.1636938084863308e-15,1.163717849532957e-15,1.1637418725230323e-15,1.1637658774698288e-15,1.1637898643870412e-15,1.1638138332882462e-15,1.163837783482697e-15,1.1638617156828008e-15,1.163885630617611e-15,1.163909527588759e-15,1.1639334066136303e-15,1.1639572677033551e-15,1.1639811108715265e-15,1.164004936131597e-15,1.1640287434969758e-15,1.1640525329811746e-15,1.164076304597589e-15,1.1641000583599167e-15,1.1641237942809527e-15,1.1641475123744588e-15,1.1641712126537505e-15,1.1641948951322776e-15,1.1642185598233325e-15,1.1642422067403494e-15,1.1642658358965973e-15,1.164289447305452e-15,1.1643130409803816e-15,1.164336616934457e-15,1.164360175181203e-15,1.1643837157336567e-15,1.164407238604691e-15,1.1644307438065818e-15,1.1644542313562823e-15,1.164477701264963e-15,1.1645011535458338e-15,1.1645245882120953e-15,1.164548005277055e-15,1.1645714047538818e-15,1.1645947866531e-15,1.1646181509929234e-15,1.1646414977845345e-15,1.1646648270404467e-15,1.1646881387745144e-15,1.1647114329991404e-15,1.1647347097279426e-15,1.1647579689744982e-15,1.1647812107508567e-15,1.1648044350707177e-15,1.164827641943777e-15,1.1648508313899666e-15,1.1648740039661205e-15,1.1648971585910082e-15,1.1649202958244631e-15,1.1649434156799773e-15,1.1649665181708697e-15,1.1649896033098603e-15,1.1650126711099765e-15,1.1650357215837383e-15,1.1650587547451564e-15,1.165081770606736e-15,1.165104769181462e-15,1.165127750478823e-15,1.1651507150618474e-15,1.165173661852355e-15,1.1651965914086061e-15,1.1652195037431952e-15,1.1652423988676315e-15,1.1652652767969557e-15,1.1652881375429744e-15,1.1653109811178512e-15,1.1653338080702463e-15,1.16535661734179e-15,1.1653794094818311e-15,1.1654021850367136e-15,1.1654249434899508e-15,1.1654476848483467e-15,1.165470408588388e-15,1.1654931152611821e-15,1.1655158054066578e-15,1.1655384779819233e-15,1.1655611335287957e-15,1.1655837720588792e-15,1.1656063941132153e-15,1.1656289986499337e-15,1.165651586731218e-15,1.1656741573226888e-15,1.1656967109630743e-15,1.1657192476636467e-15,1.1657417674371017e-15,1.1657642696311417e-15,1.1657867561103633e-15,1.1658092251788599e-15,1.1658316778881686e-15,1.1658541132148303e-15,1.1658765316907255e-15,1.1658989338453674e-15,1.1659213186568284e-15,1.1659436871704621e-15,1.1659660383677212e-15,1.1659883727776425e-15,1.166010690411601e-15,1.1660329912848986e-15,1.1660552747511445e-15,1.1660775421374727e-15,1.1660997927976814e-15,1.1661220267468273e-15,1.1661442445302853e-15,1.1661664456268705e-15,1.166188629513604e-15,1.1662107967381544e-15,1.1662329466653801e-15,1.1662550806024941e-15,1.166277197916078e-15,1.1662992986174907e-15,1.166321382718013e-15,1.1663434507378075e-15,1.1663655016758181e-15,1.166387536051702e-15,1.1664095538778953e-15,1.1664315551666118e-15,1.166453539930366e-15,1.1664755081823694e-15,1.1664974599329912e-15,1.1665193951960712e-15,1.1665413139836533e-15,1.1665632156655596e-15,1.166585101540507e-15,1.166606970333171e-15,1.1666288227008014e-15,1.1666506586558552e-15,1.1666724793206945e-15,1.1666942831284794e-15,1.166716070559502e-15,1.1667378421453732e-15,1.1667595973524825e-15,1.1667813357260683e-15,1.1668030582911892e-15,1.1668247645415085e-15,1.1668464544873125e-15,1.1668681269878152e-15,1.1668897838454083e-15,1.1669114238020782e-15,1.1669330481395824e-15,1.1669546567455996e-15,1.1669762479798495e-15,1.1669978229939208e-15,1.1670193818043098e-15,1.1670409244226366e-15,1.1670624508610746e-15,1.1670839611311123e-15,1.1671054563571646e-15,1.1671269343272315e-15,1.1671483961667343e-15,1.1671698418862704e-15,1.1671912726310828e-15,1.1672126861483825e-15,1.1672340835828257e-15,1.1672554649456074e-15,1.167276830254191e-15,1.167298179515744e-15,1.167319512743179e-15,1.1673408299441567e-15,1.1673621311336272e-15,1.1673834174439862e-15,1.1674046877773153e-15,1.1674259410065625e-15,1.1674471793990592e-15,1.1674684007133996e-15,1.167489606089139e-15,1.1675107955383096e-15,1.1675319690728716e-15,1.1675531278289911e-15,1.1675742695704784e-15,1.1675953965458762e-15,1.1676165065408458e-15,1.1676376006797841e-15,1.1676586789756874e-15,1.1676797425564189e-15,1.167700790321001e-15,1.167721821157503e-15,1.1677428372704247e-15,1.1677638376369058e-15,1.1677848222342885e-15,1.1678057910614734e-15,1.167826744138381e-15,1.167847681441795e-15,1.167868603062687e-15,1.167889508927377e-15,1.1679103991281511e-15,1.1679312736263098e-15,1.1679521324574305e-15,1.1679729756149855e-15,1.1679938031220695e-15,1.1680146149848203e-15,1.1680354112149897e-15,1.1680561918192012e-15,1.168076956815397e-15,1.1680977062179938e-15,1.16811844003329e-15,1.1681391582708546e-15,1.1681598609498353e-15,1.1681805480605802e-15,1.1682012196518945e-15,1.1682218757081071e-15,1.1682425162491383e-15,1.168263141293454e-15,1.1682837508408792e-15,1.1683043449079692e-15,1.1683249234877936e-15,1.1683454866311807e-15,1.1683660343092178e-15,1.1683865665546367e-15,1.1684070833971196e-15,1.1684275848268241e-15,1.168448070857159e-15,1.1684685414995977e-15,1.1684889967656996e-15,1.1685094366685947e-15,1.1685298612167342e-15,1.1685502704247105e-15,1.1685706643024634e-15,1.1685910428601031e-15,1.1686114061083038e-15,1.1686317540588216e-15,1.1686520867266861e-15,1.168672404120352e-15,1.1686927062528915e-15,1.168712993135814e-15,1.1687332647678382e-15,1.168753521191242e-15,1.1687737623977155e-15,1.1687939884015926e-15,1.1688141992129221e-15,1.1688343948417008e-15,1.168854575302079e-15,1.168874740602703e-15,1.168894890752394e-15,1.1689150257704374e-15,1.1689351456494468e-15,1.1689552504318822e-15,1.168975340112707e-15,1.168995414703333e-15,1.1690154742107297e-15,1.1690355186390784e-15,1.169055548027256e-15,1.1690755623704279e-15,1.1690955616800006e-15,1.1691155459672724e-15,1.1691355152435519e-15,1.1691554695200431e-15,1.1691754087931651e-15,1.1691953331040793e-15,1.1692152424489194e-15,1.1692351368235584e-15,1.16925501627021e-15,1.169274880784542e-15,1.1692947303729729e-15,1.1693145650480847e-15,1.1693343848329086e-15,1.1693541897290377e-15,1.169373979740982e-15,1.1693937548957475e-15,1.169413515197705e-15,1.1694332606568752e-15,1.1694529912710481e-15,1.1694727070733593e-15,1.169492408066481e-15,1.1695120942646917e-15,1.1695317656723583e-15,1.1695514223085689e-15,1.1695710641753374e-15,1.1695906912882473e-15,1.16961030366295e-15,1.16962990130596e-15,1.1696494842209345e-15,1.169669052433717e-15,1.1696886059437119e-15,1.1697081447704829e-15,1.1697276689197213e-15,1.1697471784046714e-15,1.1697666732351975e-15,1.1697861534150289e-15,1.169805618968574e-15,1.1698250698975662e-15,1.169844506219297e-15,1.1698639279427077e-15,1.1698833350776316e-15,1.1699027276339319e-15,1.1699221056247324e-15,1.1699414690598456e-15,1.1699608179502562e-15,1.1699801522653824e-15,1.1699994720992468e-15,1.1700187774210503e-15,1.1700380682287526e-15,1.1700573445591713e-15,1.1700766064061433e-15,1.1700958537889046e-15,1.1701150867141508e-15,1.1701343051927072e-15,1.1701535092343662e-15,1.1701726988520429e-15,1.170191874051847e-15,1.1702110348457794e-15,1.1702301812523633e-15,1.1702493132743373e-15,1.1702684309293212e-15,1.1702875342241821e-15,1.170306623169694e-15,1.1703256977736355e-15,1.170344758051798e-15,1.1703638040139117e-15,1.1703828356697271e-15,1.1704018530269387e-15,1.1704208561014088e-15,1.1704398448998724e-15,1.1704588194342358e-15,1.1704777797186378e-15,1.1704967257611596e-15,1.170515657572428e-15,1.1705345751612977e-15,1.1705534785403214e-15,1.1705723677202612e-15,1.1705912427142737e-15,1.170610103527185e-15,1.1706289501724383e-15,1.1706477826613964e-15,1.1706666010077366e-15,1.1706854052187856e-15,1.1707041953051209e-15,1.1707229712773201e-15,1.1707417331119682e-15,1.1707604808869384e-15,1.1707792145804274e-15,1.1707979342012797e-15,1.1708166397608943e-15,1.170835331270769e-15,1.1708540087396953e-15,1.1708726721799614e-15,1.1708913215824727e-15,1.1709099569852786e-15,1.1709285783992777e-15,1.17094718582582e-15,1.1709657792754332e-15,1.170984358758611e-15,1.1710029242858566e-15,1.1710214758676154e-15,1.1710400135127495e-15,1.171058537234943e-15,1.1710770470440067e-15,1.1710955429485775e-15,1.171114024958414e-15,1.1711324930855376e-15,1.1711509473419171e-15,1.1711693877332429e-15,1.171187814273535e-15,1.1712062269729964e-15,1.1712246258417943e-15,1.1712430108910546e-15,1.1712613821157622e-15,1.1712797395548434e-15,1.1712980832079343e-15,1.1713164130790292e-15,1.1713347291825115e-15,1.1713530315292793e-15,1.1713713201109163e-15,1.1713895949733171e-15,1.1714078561057345e-15,1.171426103523999e-15,1.171444337235746e-15,1.1714625572512067e-15,1.1714807635806995e-15,1.1714989562344742e-15,1.171517135222136e-15,1.1715353005499163e-15,1.1715534522286814e-15,1.1715715902815732e-15,1.1715897147086037e-15,1.1716078255235671e-15,1.1716259227345877e-15,1.1716440063497135e-15,1.1716620763834218e-15,1.1716801328438332e-15,1.1716981757403915e-15,1.1717162050839744e-15,1.1717342208847847e-15,1.1717522231503172e-15,1.1717702118936388e-15,1.1717881871246509e-15,1.1718061488536635e-15,1.1718240970928953e-15,1.1718420318502505e-15,1.1718599531359287e-15,1.1718778609599392e-15,1.1718957553331507e-15,1.1719136362562045e-15,1.1719315037560115e-15,1.1719493578344934e-15,1.1719671985019323e-15,1.1719850257661248e-15,1.1720028396413456e-15,1.1720206401363335e-15,1.1720384272603923e-15,1.1720562010212819e-15,1.1720739614329305e-15,1.1720917085025497e-15,1.1721094422432855e-15,1.172127162663266e-15,1.1721448697717499e-15,1.1721625635801472e-15,1.1721802440970836e-15,1.1721979113319541e-15,1.1722155652960094e-15,1.1722332060010595e-15,1.1722508334545155e-15,1.1722684476658991e-15,1.1722860486473438e-15,1.1723036364064696e-15,1.17232121095637e-15,1.1723387723044038e-15,1.172356320461082e-15,1.1723738554370647e-15,1.1723913772415128e-15,1.1724088858836564e-15,1.1724263813699925e-15,1.1724438637166516e-15,1.1724613329203245e-15,1.1724787890155242e-15,1.1724962319965942e-15,1.1725136618627555e-15,1.1725310786480645e-15,1.172548482338089e-15,1.172565872956033e-15,1.1725832505112067e-15,1.1726006150245926e-15,1.1726179664951475e-15,1.1726353049330968e-15,1.1726526303334964e-15,1.1726699427321497e-15,1.1726872421277145e-15,1.1727045285267461e-15,1.1727218019409237e-15,1.1727390623796482e-15,1.1727563098559793e-15,1.1727735443761716e-15,1.172790765946368e-15,1.1728079745850858e-15,1.1728251702948189e-15,1.1728423530879019e-15,1.1728595229758385e-15,1.1728766799664403e-15,1.1728938240700165e-15,1.1729109552933793e-15,1.1729280736483299e-15,1.172945179144489e-15,1.1729622717916576e-15,1.1729793516014069e-15,1.1729964185814815e-15,1.1730134727395621e-15,1.1730305140874052e-15,1.173047542636205e-15,1.1730645583919443e-15,1.1730815613680067e-15,1.1730985515701183e-15,1.1731155290117567e-15,1.173132493700651e-15,1.1731494456462783e-15,1.1731663848561245e-15,1.1731833113445594e-15,1.1732002251160745e-15,1.1732171261843895e-15,1.1732340145555581e-15,1.1732508902431132e-15,1.1732677532527532e-15,1.173284603597019e-15,1.173301441283957e-15,1.1733182663208387e-15,1.1733350787193778e-15,1.17335187849065e-15,1.1733686656431364e-15,1.1733854401857077e-15,1.1734022021259057e-15,1.173418951475136e-15,1.1734356882447736e-15,1.1734524124418226e-15,1.1734691240762489e-15,1.1734858231580264e-15,1.1735025096960416e-15,1.1735191836980093e-15,1.1735358451753724e-15,1.1735524941372097e-15,1.1735691305929043e-15
15,8.56199965358519e-62,4.06595744862854e-61,1.1257675100841787e-60,2.4113127805507606e-60,4.4295978547955e-60,7.343343073699068e-60,1.1311604379654346e-59,1.6490322425502705e-59,2.303297736975397e-59,3.1091181303659614e-59,4.0815160866422995e-59,5.235413027425908e-59,6.585657114178132e-59,8.147043855277117e-59,9.934331101076678e-59,1.1962249866723514e-58,1.4245512098634932e-58,1.679881622407161e-58,1.963685110370858e-58,2.2774298839507325e-58,2.6225836765175245e-58,3.0006138854646783e-58,3.412987671719945e-58,3.861172029955873e-58,4.346633838065451e-58,4.870839891987574e-58,5.435256930194769e-58,6.04135165089562e-58,6.690590724108548e-58,7.38444080012866e-58,8.124368515460884e-58,8.911840496974215e-58,9.748323364808641e-58,1.0635283734407706e-57,1.1574188217938844e-57,1.256650342528545e-57,1.3613695964739304e-57,1.471723244348347e-57,1.5878579467929222e-57,1.7099203643950662e-57,1.83805715770483e-57,1.9724149872462841e-57,2.1131405135254358e-57,2.2603803970357535e-57,2.4142812982619852e-57,2.574989877682826e-57,2.742652795772776e-57,2.9174167130034173e-57,3.099428289844307e-57,3.288834186763602e-57,3.485781064228496e-57,3.690415582705503e-57,3.902884402660657e-57,4.123334184559694e-57,4.351911588868098e-57,4.588763276051236e-57,4.834035906574334e-57,5.0878761409025546e-57,5.350430639501009e-57,5.621846062834776e-57,5.902269071368916e-57,6.191846325568454e-57,6.49072448589843e-57,6.799050212823843e-57,7.116970166809697e-57,7.444631008321005e-57,7.782179397822759e-57,8.129761995779972e-57,8.487525462657641e-57,8.85561645892077e-57,9.234181645034344e-57,9.623367681463361e-57,1.0023321228672835e-56,1.0434188947127742e-56,1.0856117497293101e-56,1.1289253539633897e-56,1.173374373461512e-56,1.2189734742701781e-56,1.2657373224358859e-56,1.3136805840051354e-56,1.3628179250244266e-56,1.4131640115402584e-56,1.464733509599132e-56,1.5175410852475475e-56,1.571601404532004e-56,1.626929133499002e-56,1.6835389381950415e-56,1.7414454846666202e-56,1.8006634389602383e-56,1.8612074671223952e-56,1.9230922351995907e-56,1.9863324092383246e-56,2.050942655285095e-56,2.1169376393864044e-56,2.1843320275887506e-56,2.253140485938635e-56,2.323377680482559e-56,2.3950582772670177e-56,2.468196942338512e-56,2.5428083417435434e-56,2.6189071415286106e-56,2.6965080077402133e-56,2.7756256064248507e-56,2.856274603629023e-56,2.9384696653992294e-56,3.0222254577819717e-56,3.107556646823747e-56,3.194477898571058e-56,3.2830038790704034e-56,3.3731492543682814e-56,3.4649286905111897e-56,3.5583568535456307e-56,3.653448409518104e-56,3.7502180244751086e-56,3.8486803644631424e-56,3.9488500955287074e-56,4.050741883718306e-56,4.154370395078431e-56,4.259750295655586e-56,4.366896251496271e-56,4.475822928646987e-56,4.5865449931542315e-56,4.699077111064506e-56,4.813433948424305e-56,4.929630171280131e-56,5.047680445678486e-56,5.16759943766587e-56,5.289401813288777e-56,5.413102238593711e-56,5.53871537962717e-56,5.666255902435657e-56,5.795738473065672e-56,5.927177757563711e-56,6.060588421976275e-56,6.195985132349862e-56,6.333382554730973e-56,6.4727953551661075e-56,6.614238199701768e-56,6.75772575438445e-56,6.903272685260658e-56,7.050893658376884e-56,7.200603339779627e-56,7.352416395515386e-56,7.50634749163067e-56,7.662411294171977e-56,7.820622469185809e-56,7.980995682718658e-56,8.143545600817025e-56,8.30828688952741e-56,8.47523421489632e-56,8.644402242970242e-56,8.815805639795691e-56,8.989459071419157e-56,9.165377203887137e-56,9.343574703246135e-56,9.52406623554265e-56,9.706866466823182e-56,9.891990063134233e-56,1.00794516905223e-55,1.026926601503389e-55,1.046144770271549e-55,1.0656011419613601e-55,1.0852971831774732e-55,1.105234360524537e-55,1.1254141406072032e-55,1.1458379900301208e-55,1.1665073753979395e-55,1.1874237633153093e-55,1.2085886203868803e-55,1.230003413217303e-55,1.2516696084112271e-55,1.2735886725733028e-55,1.2957620723081796e-55,1.3181912742205065e-55,1.3408777449149354e-55,1.363822950996115e-55,1.387028359068696e-55,1.4104954357373281e-55,1.4342256476066604e-55,1.4582204612813434e-55,1.4824813433660284e-55,1.5070097604653635e-55,1.5318071791839996e-55,1.5568750661265864e-55,1.5822148878977741e-55,1.6078281111022128e-55,1.6337162023445523e-55,1.659880628229442e-55,1.6863228553615326e-55,1.7130443503454747e-55,1.7400465797859162e-55,1.767331010287508e-55,1.794899108454901e-55,1.8227523408927434e-55,1.8508921742056868e-55,1.879320074998381e-55,1.9080375098754755e-55,1.9370459454416193e-55,1.9663468483014636e-55,1.9959416850596574e-55,2.0258319223208523e-55,2.0560190266896978e-55,2.0865044647708428e-55,2.117289703168938e-55,2.1483762084886326e-55,2.179765447334578e-55,2.2114588863114252e-55,2.243457992023823e-55,2.2757642310764203e-55,2.3083790700738662e-55,2.341303975620812e-55,2.3745404143219076e-55,2.408089852781803e-55,2.4419537576051473e-55,2.4761335953965916e-55,2.5106308327607855e-55,2.545446936302379e-55,2.5805833726260224e-55,2.6160416083363653e-55,2.6518231100380583e-55,2.687929344335751e-55,2.724361777834094e-55,2.761121877137737e-55,2.7982111088513283e-55,2.8356309395795206e-55,2.8733828359269613e-55,2.9114682644983004e-55,2.9498886918981878e-55,2.988645584731273e-55,3.027740409602208e-55,3.0671746331156406e-55,3.106949721876225e-55,3.147067142488607e-55,3.1875283615574367e-55,3.2283348456873672e-55,3.269488061483046e-55,3.3109894755491224e-55,3.3528405544902484e-55,3.395042764911071e-55,3.437597573416242e-55,3.480506446610411e-55,3.523770851098229e-55,3.5673922534843464e-55,3.611372120373412e-55,3.655711918370077e-55,3.700413114078989e-55,3.745477174104799e-55,3.790905565052155e-55,3.83669975352571e-55,3.882861206130112e-55,3.929391389470014e-55,3.976291770150064e-55,4.023563814774913e-55,4.07120898994921e-55,4.119228762277605e-55,4.167624598364747e-55,4.216397964815288e-55,4.2655503282338754e-55,4.3150831552251604e-55,4.364997912393794e-55,4.415296066344426e-55,4.4659790836817054e-55,4.517048431010284e-55,4.568505574934809e-55,4.620351982059932e-55,4.672589118990303e-55,4.725218452330572e-55,4.778241448685389e-55,4.831659574659404e-55,4.8854742968572676e-55,4.939687081883627e-55,4.994299396343135e-55,5.049312706840438e-55,5.1047284799801894e-55,5.1605481823670404e-55,5.2167732806056385e-55,5.273405241300633e-55,5.330445531056676e-55,5.3878956164784145e-55,5.4457569641705015e-55,5.5040310407375825e-55,5.5627193127843155e-55,5.6218232469153446e-55,5.6813443097353204e-55,5.741283967848892e-55,5.801643687860714e-55,5.862424936375431e-55,5.923629179997696e-55,5.985257885332156e-55,6.047312518983465e-55,6.10979454755627e-55,6.17270543765522e-55,6.2360466558849695e-55,6.2998196688501656e-55,6.364025943155458e-55,6.4286669454054975e-55,6.493744142204937e-55,6.55925900015842e-55,6.625212985870596e-55,6.691607565946123e-55,6.758444206989646e-55,6.825724375605817e-55,6.893449538399283e-55,6.961621161974696e-55,7.030240712936705e-55,7.09930965788996e-55,7.16882946343911e-55,7.238801596188808e-55,7.309227522743704e-55,7.380108709708443e-55,7.451446623687682e-55,7.523242731286063e-55,7.595498499108244e-55,7.668215393758868e-55,7.74139488184259e-55,7.815038429964056e-55,7.889147504727921e-55,7.963723572738832e-55,8.038768100601436e-55,8.114282554920388e-55,8.190268402300337e-55,8.266727109345933e-55,8.343660142661821e-55,8.421068968852659e-55,8.49895505452309e-55,8.577319866277769e-55,8.656164870721341e-55,8.735491534458461e-55,8.815301324093775e-55,8.895595706231936e-55,8.976376147477593e-55,9.057644114435395e-55,9.139401073709993e-55,9.221648491906035e-55,9.304387835628171e-55,9.387620571481057e-55,9.471348166069337e-55,9.555572085997662e-55,9.640293797870684e-55,9.72551476829305e-55,9.811236463869409e-55,9.897460351204413e-55,9.98418789690271e-55,1.0071420567568959e-54,1.0159159829807797e-54,1.0247407150223883e-54,1.0336163995421864e-54,1.0425431832006389e-54,1.051521212658211e-54,1.0605506345753678e-54,1.0696315956125735e-54,1.0787642424302942e-54,1.0879487216889943e-54,1.0971851800491388e-54,1.1064737641711924e-54,1.1158146207156205e-54,1.1252078963428883e-54,1.1346537377134607e-54,1.1441522914878028e-54,1.1537037043263791e-54,1.1633081228896549e-54,1.1729656938380951e-54,1.1826765638321649e-54,1.1924408795323291e-54,1.2022587875990526e-54,1.2121304346928005e-54,1.2220559674740385e-54,1.2320355326032304e-54,1.2420692767408423e-54,1.252157346547338e-54,1.2622998886831839e-54,1.2724970498088438e-54,1.2827489765847829e-54,1.2930558156714667e-54,1.30341771372936e-54,1.3138348174189278e-54,1.324307273400635e-54,1.334835228334946e-54,1.345418828882327e-54,1.3560582217032422e-54,1.3667535534581566e-54,1.3775049708075357e-54,1.388312620411844e-54,1.3991766489315468e-54,1.4100972030271088e-54,1.4210744293589952e-54,1.4321084745876705e-54,1.443199485373601e-54,1.45434760837725e-54,1.4655529902590835e-54,1.476815777679567e-54,1.488136117299164e-54,1.499514155778341e-54,1.5109500397775618e-54,1.5224439159572917e-54,1.5339959309779963e-54,1.5456062315001406e-54,1.5572749641841886e-54,1.5690022756906064e-54,1.5807883126798578e-54,1.592633221812409e-54,1.6045371497487243e-54,1.616500243149269e-54,1.6285226486745082e-54,1.6406045129849064e-54,1.652745982740929e-54,1.664947204603041e-54,1.6772083252317074e-54,1.689529491287393e-54,1.7019108494305628e-54,1.7143525463216824e-54,1.7268547286212154e-54,1.7394175429896278e-54,1.752041136087385e-54,1.7647256545749512e-54,1.7774712451127916e-54,1.7902780543613715e-54,1.8031462289811556e-54,1.8160759156326085e-54,1.8290672609761964e-54,1.8421204116723832e-54,1.855235514381634e-54,1.868412715764414e-54,1.8816521624811886e-54,1.8949540011924217e-54,1.9083183785585798e-54,1.921745441240127e-54,1.935235335897528e-54,1.9487882091912487e-54,1.9624042077817533e-54,1.9760834783295077e-54,1.9898261674949758e-54,2.0036324219386232e-54,2.0175023883209155e-54,2.0314362133023163e-54,2.0454340435432913e-54,2.0594960257043053e-54,2.0736223064458242e-54,2.0878130324283118e-54,2.1020683503122337e-54,2.1163884067580542e-54,2.1307733484262396e-54,2.145223321977254e-54,2.1597384740715623e-54,2.1743189513696298e-54,2.1889649005319216e-54,2.2036764682189028e-54,2.2184538010910378e-54,2.2332970458087925e-54,2.24820634903263e-54,2.2631818574230176e-54,2.2782237176404192e-54,2.2933320763453e-54,2.3085070801981247e-54,2.3237488758593587e-54,2.339057609989467e-54,2.3544334292489146e-54,2.3698764802981665e-54,2.385386909797687e-54,2.4009648644079419e-54,2.416610490789396e-54,2.4323239356025144e-54,2.4481053455077624e-54,2.4639548671656034e-54,2.4798726472365028e-54,2.4958588323809266e-54,2.5119135692593403e-54,2.5280370045322073e-54,2.5442292848599934e-54,2.560490556903164e-54,2.576820967322184e-54,2.593220662777518e-54,2.6096897899296315e-54,2.6262284954389877e-54,2.6428369259660545e-54,2.659515228171294e-54,2.6762635487151725e-54,2.6930820342581554e-54,2.7099708314607086e-54,2.726930086983293e-54,2.743959947486379e-54,2.7610605596304286e-54,2.778232070075907e-54,2.79547462548328e-54,2.8127883725130114e-54,2.830173457825568e-54,2.847630028081411e-54,2.8651582299410094e-54,2.8827582100648264e-54,2.900430115113328e-54,2.9181740917469784e-54,2.935990286626243e-54,2.9538788464115865e-54,2.9718399177634737e-54,2.9898736473423705e-54,3.0079801818087407e-54,3.02615966782305e-54,3.044412252045762e-54,3.0627380811373456e-54,3.081137301758262e-54,3.0996100605689777e-54,3.118156504229958e-54,3.136776779401667e-54,3.1554710327445695e-54,3.1742394109191305e-54,3.193082060585816e-54,3.21199912840509e-54,3.230990761037418e-54,3.2500571051432644e-54,3.269198307383095e-54,3.2884145144173756e-54,3.30770587290657e-54,3.327072529511142e-54,3.346514630891558e-54,3.3660323237082826e-54,3.385625754621781e-54,3.405295070292519e-54,3.4250404173809593e-54,3.44486194254757e-54,3.464759792452814e-54,3.484734113757157e-54,3.504785053121063e-54,3.5249127572049985e-54,3.545117372669427e-54,3.565399046174815e-54,3.5857579243816275e-54,3.6061941539503285e-54,3.6267078815413823e-54,3.6472992538152554e-54,3.667968417432414e-54,3.688715519053319e-54,3.7095407053384404e-54,3.730444122948239e-54,3.751425918543181e-54,3.772486238783732e-54,3.7936252303303563e-54,3.8148430398435207e-54,3.836139813983688e-54,3.857515699411324e-54,3.8789708427868934e-54,3.9005053907708636e-54,3.9221194900236964e-54,3.943813287205858e-54,3.9655869289778136e-54,3.987440562000028e-54,4.0093743329329655e-54,4.0313883884370917e-54,4.053482875172873e-54,4.075657939800772e-54,4.097913728981254e-54,4.1202503893747855e-54,4.1426680676418317e-54,4.1651669104428553e-54,4.1877470644383237e-54,4.2104086762887e-54,4.233151892654451e-54,4.2559768601960404e-54,4.278883725573934e-54,4.3018726354485957e-54,4.3249437364804916e-54,4.348097175330085e-54,4.371333098657844e-54,4.394651653124231e-54,4.4180529853897113e-54,4.441537242114752e-54,4.465104569959814e-54,4.4887551155853656e-54,4.512489025651871e-54,4.536306446819796e-54,4.560207525749605e-54,4.5841924091017626e-54,4.6082612435367325e-54,4.632414175714981e-54,4.656651352296974e-54,4.680972919943175e-54,4.7053790253140517e-54,4.729869815070066e-54,4.7544454358716833e-54,4.7791060343793683e-54,4.8038517572535884e-54,4.8286827511548084e-54,4.853599162743491e-54,4.8786011386801016e-54,4.903688825625107e-54,4.9288623702389696e-54,4.954121919182155e-54,4.979467619115131e-54,5.004899616698359e-54,5.030418058592307e-54,5.056023091457439e-54,5.0817148619542194e-54,5.107493516743112e-54,5.133359202484585e-54,5.1593120658391004e-54,5.1853522534671256e-54,5.2114799120291247e-54,5.237695188185562e-54,5.263998228596901e-54,5.290389179923609e-54,5.316868188826152e-54,5.343435401964993e-54,5.370090966000597e-54,5.39683502759343e-54,5.423667733403956e-54,5.450589230092643e-54,5.477599664319951e-54,5.504699182746348e-54,5.5318879320323e-54,5.559166058838268e-54,5.58653370982472e-54,5.613991031652122e-54,5.641538170980937e-54,5.669175274471629e-54,5.696902488784666e-54,5.724719960580513e-54,5.752627836519633e-54,5.780626263262491e-54,5.808715387469554e-54,5.836895355801285e-54,5.86516631491815e-54,5.893528411480616e-54,5.921981792149142e-54,5.950526603584197e-54,5.979162992446246e-54,6.007891105395755e-54,6.036711089093185e-54,6.065623090199004e-54,6.094627255373676e-54,6.123723731277667e-54,6.152912664571441e-54,6.182194201915464e-54,6.211568489970199e-54,6.241035675396111e-54,6.270595904853669e-54,6.300249325003335e-54,6.329996082505576e-54,6.359836324020854e-54,6.389770196209635e-54,6.419797845732386e-54,6.449919419249571e-54,6.480135063421654e-54,6.510444924909098e-54,6.540849150372374e-54,6.571347886471942e-54,6.60194127986827e-54,6.63262947722182e-54,6.663412625193059e-54,6.694290870442451e-54,6.725264359630461e-54,6.756333239417554e-54,6.787497656464196e-54,6.818757757430852e-54,6.850113688977986e-54,6.881565597766064e-54,6.91311363045555e-54,6.94475793370691e-54,6.976498654180607e-54,7.008335938537107e-54,7.040269933436876e-54,7.07230078554038e-54,7.10442864150808e-54,7.136653648000444e-54,7.168975951677935e-54,7.201395699201018e-54,7.233913037230161e-54,7.266528112425827e-54,7.299241071448483e-54,7.33205206095859e-54,7.364961227616618e-54,7.397968718083028e-54,7.431074679018286e-54,7.464279257082858e-54,7.497582598937209e-54,7.530984851241802e-54,7.564486160657105e-54,7.59808667384358e-54,7.631786537461694e-54,7.665585898171914e-54,7.6994849026347e-54,7.73348369751052e-54,7.767582429459839e-54,7.80178124514312e-54,7.836080291220829e-54,7.870479714353433e-54,7.904979661201395e-54,7.93958027842518e-54,7.974281712685253e-54,8.009084110642079e-54,8.043987618956125e-54,8.078992384287851e-54,8.114098553297727e-54,8.149306272646217e-54,8.184615688993785e-54,8.220026949000899e-54,8.255540199328019e-54,8.291155586635612e-54,8.326873257584144e-54,8.36269335883408e-54,8.398616037045882e-54,8.434641438880018e-54,8.470769710996954e-54,8.507001000057155e-54,8.54333545272108e-54,8.579773215649201e-54,8.616314435501979e-54,8.65295925893988e-54,8.68970783262337e-54,8.726560303212913e-54,8.763516817368974e-54,8.80057752175202e-54,8.837742563022512e-54,8.875012087840921e-54,8.912386242867705e-54,8.949865174763336e-54,8.987449030188273e-54,9.025137955802983e-54,9.062932098267932e-54,9.100831604243583e-54,9.138836620390403e-54,9.176947293368856e-54,9.215163769839408e-54,9.253486196462523e-54,9.291914719898666e-54,9.330449486808302e-54,9.369090643851894e-54,9.407838337689911e-54,9.446692714982817e-54,9.485653922391075e-54,9.52472210657515e-54,9.563897414195509e-54,9.603179991912615e-54,9.642569986386934e-54,9.68206754427893e-54,9.721672812249069e-54,9.761385936957814e-54,9.801207065065632e-54,9.841136343232991e-54,9.881173918120352e-54,9.921319936388185e-54,9.961574544696945e-54,1.0001937889707108e-53,1.004241011807913e-53,1.0082991376473485e-53,1.0123681811550633e-53,1.0164481569971037e-53,1.0205390798395164e-53,1.0246409643483478e-53,1.0287538251896445e-53,1.0328776770294531e-53,1.0370125345338202e-53,1.0411584123687919e-53,1.045315325200415e-53,1.0494832876947358e-53,1.0536623145178008e-53,1.057852420335657e-53,1.0620536198143502e-53,1.0662659276199273e-53,1.0704893584184347e-53,1.0747239268759188e-53,1.0789696476584262e-53,1.0832265354320037e-53,1.0874946048626972e-53,1.0917738706165535e-53,1.0960643473596192e-53,1.1003660497579409e-53,1.1046789924775646e-53,1.109003190184537e-53,1.1133386575449048e-53,1.1176854092247146e-53,1.1220434598900129e-53,1.1264128242068456e-53,1.1307935168412599e-53,1.1351855524593018e-53,1.1395889457270183e-53,1.1440037113104554e-53,1.1484298638756598e-53,1.1528674180886778e-53,1.1573163886155565e-53,1.1617767901223421e-53,1.1662486372750807e-53,1.1707319447398192e-53,1.1752267271826043e-53,1.179732999269482e-53,1.1842507756664994e-53,1.1887800710397021e-53,1.193320900055137e-53,1.1978732773788513e-53,1.20243721767689e-53,1.2070127356153008e-53,1.21159984586013e-53,1.2161985630774242e-53,1.2208089019332294e-53,1.2254308770935924e-53,1.2300645032245597e-53,1.2347097949921775e-53,1.239366767062493e-53,1.2440354341015518e-53,1.2487158107754012e-53,1.2534079117500872e-53,1.2581117516916564e-53,1.2628273452661558e-53,1.2675547071396315e-53,1.2722938519781294e-53,1.2770447944476968e-53,1.2818075492143803e-53,1.286582130944226e-53,1.2913685543032808e-53,1.2961668339575907e-53,1.3009769845732023e-53,1.305799020816162e-53,1.3106329573525167e-53,1.3154788088483127e-53,1.3203365899695964e-53,1.3252063153824143e-53,1.3300879997528133e-53,1.3349816577468393e-53,1.3398873040305388e-53,1.344804953269959e-53,1.3497346201311453e-53,1.354676319280145e-53,1.359630065383005e-53,1.3645958731057713e-53,1.3695737571144907e-53,1.374563732075209e-53,1.379565812653973e-53,1.3845800135168294e-53,1.3896063493298247e-53,1.3946448347590053e-53,1.3996954844704175e-53,1.404758313130108e-53,1.4098333354041232e-53,1.41492056595851e-53,1.420020019459315e-53,1.4251317105725835e-53,1.430255653964363e-53,1.4353918643007002e-53,1.4405403562476404e-53,1.4457011444712308e-53,1.4508742436375181e-53,1.4560596684125486e-53,1.4612574334623693e-53,1.4664675534530258e-53,1.4716900430505653e-53,1.476924916921034e-53,1.4821721897304783e-53,1.487431876144945e-53,1.4927039908304801e-53,1.4979885484531312e-53,1.5032855636789438e-53,1.5085950511739648e-53,1.5139170256042406e-53,1.5192515016358175e-53,1.5245984939347424e-53,1.5299580171670619e-53,1.535330085998822e-53,1.5407147150960692e-53,1.5461119191248505e-53,1.551521712751212e-53,1.5569441106411998e-53,1.5623791274608612e-53,1.5678267778762425e-53,1.5732870765533901e-53,1.5787600381583502e-53,1.5842456773571698e-53,1.5897440088158948e-53,1.5952550472005719e-53,1.6007788071772478e-53,1.6063153034119692e-53,1.6118645505707825e-53,1.6174265633197337e-53,1.6230013563248699e-53,1.6285889442522377e-53,1.6341893417678829e-53,1.6398025635378517e-53,1.6454286242281924e-53,1.6510675385049498e-53,1.6567193210341707e-53,1.6623839864819023e-53,1.6680615495141905e-53,1.673752024797082e-53,1.6794554269966235e-53,1.685171770778861e-53,1.6909010708098414e-53,1.6966433417556107e-53,1.7023985982822162e-53,1.7081668550557036e-53,1.71394812674212e-53,1.7197424280075119e-53,1.7255497735179253e-53,1.7313701779394072e-53,1.7372036559380039e-53,1.743050222179761e-53,1.7489098913307262e-53,1.7547826780569456e-53,1.7606685970244655e-53,1.766567662899333e-53,1.7724798903475938e-53,1.7784052940352948e-53,1.7843438886284827e-53,1.790295688793204e-53,1.7962607091955055e-53,1.8022389645014329e-53,1.8082304693770338e-53,1.8142352384883528e-53,1.820253286501438e-53,1.8262846280823357e-53,1.8323292778970922e-53,1.8383872506117539e-53,1.844458560892367e-53,1.8505432234049787e-53,1.8566412528156353e-53,1.8627526637903837e-53,1.8688774709952692e-53,1.8750156890963395e-53,1.8811673327596401e-53,1.887332416651218e-53,1.8935109554371202e-53,1.8997029637833924e-53,1.9059084563560814e-53,1.912127447821233e-53,1.918359952844895e-53,1.924605986093113e-53,1.9308655622319333e-53,1.9371386959274032e-53,1.9434254018455689e-53,1.9497256946524763e-53,1.956039589014173e-53,1.9623670995967044e-53,1.9687082410661176e-53,1.9750630280884594e-53,1.9814314753297753e-53,1.9878135974561127e-53,1.9942094091335183e-53,2.0006189250280385e-53,2.007042159805719e-53,2.0134791281326066e-53,2.019929844674748e-53,2.0263943240981895e-53,2.0328725810689782e-53,2.0393646302531594e-53,2.0458704863167811e-53,2.0523901639258892e-53,2.0589236777465298e-53,2.0654710424447492e-53,2.0720322726865952e-53,2.078607383138113e-53,2.0851963884653495e-53,2.0917993033343513e-53,2.0984161424111644e-53,2.1050469203618365e-53,2.111691651852412e-53,2.11835035154894e-53,2.1250230341174653e-53,2.131709714224035e-53,2.138410406534695e-53,2.1451251257154924e-53,2.151853886432474e-53,2.1585967033516852e-53,2.165353591139174e-53,2.172124564460985e-53,2.178909637983167e-53,2.185708826371764e-53,2.192522144292824e-53,2.1993496064123943e-53,2.2061912273965195e-53,2.2130470219112466e-53,2.219917004622623e-53,2.226801190196694e-53,2.233699593299507e-53,2.240612228597108e-53,2.2475391107555443e-53,2.2544802544408618e-53,2.2614356743191063e-53,2.2684053850563256e-53,2.2753894013185655e-53,2.282387737771873e-53,2.289400409082294e-53,2.296427429915875e-53,2.3034688149386624e-53,2.310524578816703e-53,2.3175947362160444e-53,2.3246793018027314e-53,2.3317782902428114e-53,2.3388917162023306e-53,2.3460195943473353e-53,2.3531619393438717e-53,2.3603187658579875e-53,2.367490088555728e-53,2.374675922103141e-53,2.3818762811662717e-53,2.3890911804111678e-53,2.3963206345038745e-53,2.4035646581104387e-53,2.4108232658969074e-53,2.418096472529327e-53,2.425384292673744e-53,2.4326867409962045e-53,2.4400038321627553e-53,2.447335580839443e-53,2.4546820016923126e-53,1.3511320945750281e-14,2.7022686937219177e-14,4.0534095902421396e-14,5.4045548881467844e-14,6.755704587512882e-14,8.10685868826046e-14,9.458017293689562e-14,1.0809180399361203e-13,1.2160347704822195e-13,1.3511519516735809e-13,1.4862695829740303e-13,1.6213876340228625e-13,1.7565061356962823e-13,1.8916250875233945e-13,2.0267444590961217e-13,2.1618642708524583e-13,2.2969845334409814e-13,2.4321052458744284e-13,2.567226378203774e-13,2.7023479611488563e-13,2.8374699930643573e-13,2.972592446000863e-13,3.107715339146397e-13,3.242838682319879e-13,3.377962455895437e-13,3.513086680187283e-13,3.648211334202039e-13,3.783336428449361e-13,3.918461973393899e-13,4.0535879686512913e-13,4.1887143836022905e-13,4.3238412490674344e-13,4.458968544508005e-13,4.594096290542106e-13,4.729224466485534e-13,4.864353093608397e-13,4.999482150065801e-13,5.134611646790634e-13,5.269741594887015e-13,5.404871972148571e-13,5.540002789689681e-13,5.675134057840655e-13,5.810265755941459e-13,5.945397905295664e-13,6.080530483966831e-13,6.21566351321577e-13,6.350796972483817e-13,6.485930881949885e-13,6.621065241787039e-13,6.756200021967126e-13,6.891335252552844e-13,7.026470913360403e-13,7.161607014491005e-13,7.296743566160226e-13,7.43188056829737e-13,7.567017990403549e-13,7.70215586296267e-13,7.837294165741862e-13,7.972432918890101e-13,8.107572102353126e-13,8.24271173841788e-13,8.377851823147875e-13,8.512992327666589e-13,8.648133282238348e-13,8.783274687770183e-13,8.918416513377754e-13,9.053558790483578e-13,9.188701517300238e-13,9.32384466401215e-13,9.458988262993093e-13,9.594132310438356e-13,9.729276778312545e-13,9.864421686587383e-13,9.999567045455477e-13,1.0134712855246243e-12,1.0269859084724977e-12,1.0405005764851147e-12,1.054015289454288e-12,1.0675300445249483e-12,1.0810448448180874e-12,1.094559689908989e-12,1.1080745771060646e-12,1.121589509767937e-12,1.1351044850509388e-12,1.1486195053410417e-12,1.1621345687119071e-12,1.1756496761272078e-12,1.1891648275868051e-12,1.202680024185891e-12,1.2161952657113249e-12,1.229710549306928e-12,1.2432258778683245e-12,1.2567412515411426e-12,1.2702566672766566e-12,1.283772128051714e-12,1.2972876318821676e-12,1.3108031807455491e-12,1.3243187726726016e-12,1.3378344094416858e-12,1.3513500914399925e-12,1.3648658155141644e-12,1.3783815836375495e-12,1.3918973969012985e-12,1.4054132531257726e-12,1.418929154446146e-12,1.4324451009777255e-12,1.4459610922388475e-12,1.4594771246694488e-12,1.472993202170912e-12,1.486509324771289e-12,1.5000254922690406e-12,1.5135417009113889e-12,1.5270579545888208e-12,1.540574253305957e-12,1.5540905941108638e-12,1.5676069799858773e-12,1.5811234089011102e-12,1.5946398828725587e-12,1.6081563998996862e-12,1.621672962058492e-12,1.6351895671986023e-12,1.648706217492597e-12,1.6622229107479976e-12,1.6757396490364142e-12,1.689256432161106e-12,1.702773257590341e-12,1.716290128431687e-12,1.72980704197927e-12,1.7433239995867243e-12,1.7568410022154643e-12,1.7703580479438477e-12,1.7838751377325416e-12,1.7973922725934626e-12,1.810909450504892e-12,1.8244266730878373e-12,1.8379439391234066e-12,1.851461249221601e-12,1.8649786044070317e-12,1.878496004531496e-12,1.892013446819668e-12,1.9055309331711793e-12,1.9190484645919094e-12,1.932566039073431e-12,1.946083658597293e-12,1.959601323164597e-12,1.97311902984262e-12,1.986636781603618e-12,2.000154578409089e-12,2.0136724172874258e-12,2.027190300233155e-12,2.040708228303365e-12,2.05422620100935e-12,2.0677442161592655e-12,2.081262275378044e-12,2.094780379627394e-12,2.1082985269849093e-12,2.1218167194905014e-12,2.1353349564829214e-12,2.148853236051369e-12,2.162371560830317e-12,2.1758899285414776e-12,2.1894083412578006e-12,2.2029267971125786e-12,2.216445298041967e-12,2.229963842042629e-12,2.243482430116066e-12,2.2570010622631283e-12,2.2705197394719297e-12,2.2840384617508518e-12,2.2975572261207806e-12,2.311076034565877e-12,2.324594888154588e-12,2.3381137847507733e-12,2.3516327264174468e-12,2.3651517111664165e-12,2.3786707409797138e-12,2.392189813882489e-12,2.4057089318241048e-12,2.419228092883e-12,2.4327472980201418e-12,2.4462665482035013e-12,2.459785843439991e-12,2.473305180814402e-12,2.4868245634750887e-12,2.5003439908997e-12,2.5138634605143767e-12,2.527382975119273e-12,2.5409025348542075e-12,2.5544221367130503e-12,2.5679417840254806e-12,2.5814614764000232e-12,2.594981210505633e-12,2.608500989990088e-12,2.6220208141453227e-12,2.635540680501778e-12,2.649060590942434e-12,2.662580545467679e-12,2.6761005440778353e-12,2.689620587828214e-12,2.7031406746093043e-12,2.7166608065230852e-12,2.7301809814766935e-12,2.74370120187667e-12,2.757221465004216e-12,2.770741773196181e-12,2.7842621265502836e-12,2.797782521941421e-12,2.8113029624255174e-12,2.824823445994274e-12,2.8383439745314124e-12,2.851864546279457e-12,2.865385163137183e-12,2.8789058230654886e-12,2.8924265284987127e-12,2.905947276608967e-12,2.9194680698285112e-12,2.9329889061223795e-12,2.9465097875165852e-12,2.9600307119950554e-12,2.9735516814640826e-12,2.9870726941290647e-12,3.0005937516769354e-12,3.014114854710966e-12,3.0276359996583275e-12,3.0411571890883034e-12,3.0546784241014043e-12,3.068199701334312e-12,3.081721023603764e-12,3.0952423906140384e-12,3.1087638001357945e-12,3.1222852547567786e-12,3.1358067543109886e-12,3.1493282961249392e-12,3.16284988306958e-12,3.176371513080148e-12,3.1898931880178907e-12,3.203414906226473e-12,3.2169366685347086e-12,3.230458474942897e-12,3.243980325451743e-12,3.257502221030046e-12,3.2710241597403004e-12,3.284546143948518e-12,3.2980681728139144e-12,3.3115902438295406e-12,3.3251123600499624e-12,3.3386345192709463e-12,3.352156723644325e-12,3.365678973012852e-12,3.379201264544723e-12,3.3927236012052718e-12,3.406245980946193e-12,3.419768405028013e-12,3.433290872979443e-12,3.446813386017604e-12,3.460335942180576e-12,3.4738585431243494e-12,3.487381189698545e-12,3.500903878186537e-12,3.5144266121781957e-12,3.527949390831935e-12,3.5414722116401263e-12,3.5549950770264375e-12,3.568517987476614e-12,3.5820409429925084e-12,3.5955639437030467e-12,3.60908698505823e-12,3.6226100714802198e-12,3.6361332010572e-12,3.64965637474575e-12,3.6631795925459616e-12,3.676702854458202e-12,3.690226160482858e-12,3.7037495106203435e-12,3.717272906117125e-12,3.730796346372231e-12,3.744319828850038e-12,3.7578433565279995e-12,3.771366927235458e-12,3.784890542057262e-12,3.798414200994377e-12,3.811937904047194e-12,3.8254616519355294e-12,3.838985443221455e-12,3.852509279546889e-12,3.866033159066773e-12,3.8795570836202996e-12,3.893081051375598e-12,3.906605063706685e-12,3.920129119698344e-12,3.933653219808878e-12,3.9471773650145574e-12,3.960701555187045e-12,3.974225787657234e-12,3.987750065408216e-12,4.001274386119381e-12,4.014798751965745e-12,4.028323162310392e-12,4.0418476153862315e-12,4.055372113526113e-12,4.068896656728191e-12,4.082421244202258e-12,4.09594587376978e-12,4.109470548475927e-12,4.122995268268275e-12,4.136520030207964e-12,4.150044836466618e-12,4.163569686656399e-12,4.177094582045092e-12,4.190619522450778e-12,4.204144507183759e-12,4.217669533878149e-12,4.231194605707275e-12,4.244719720656155e-12,4.258244880696539e-12,4.271770083901702e-12,4.285295331427306e-12,4.298820626126426e-12,4.312345961717778e-12,4.325871343043789e-12,4.33939676942905e-12,4.352922237410528e-12,4.366447751128736e-12,4.379973309905391e-12,4.393498910280585e-12,4.407024556389234e-12,4.4205502472778136e-12,4.434075980049214e-12,4.447601758169889e-12,4.461127581206434e-12,4.4746534463777394e-12,4.488179356780509e-12,4.501705310220176e-12,4.515231308991311e-12,4.5287573533435305e-12,4.5422834391886834e-12,4.555809570087281e-12,4.569335744204333e-12,4.582861963370706e-12,4.59638822576146e-12,4.609914533197658e-12,4.6234408838634326e-12,4.6369672794455306e-12,4.650493718388064e-12,4.664020202303833e-12,4.677546729524037e-12,4.691073301928509e-12,4.704599917428101e-12,4.718126577484467e-12,4.731653281265263e-12,4.745180029186654e-12,4.7587068225046245e-12,4.7722336587093364e-12,4.7857605390559295e-12,4.7992874643901166e-12,4.812814433022057e-12,4.8263414457972365e-12,4.839868503636267e-12,4.853395604698875e-12,4.866922749905709e-12,4.8804499401540375e-12,4.893977173650636e-12,4.907504452123616e-12,4.9210317759483435e-12,4.934559141882176e-12,4.948086551962559e-12,4.961614007146359e-12,4.97514150744086e-12,4.988669052436255e-12,5.002196639106237e-12,5.0157242708086916e-12,5.029251945775921e-12,5.04277966597378e-12,5.056307430767946e-12,5.069835238183216e-12,5.083363090684108e-12,5.096890988175076e-12,5.110418928041646e-12,5.1239469120597695e-12,5.137474940229467e-12,5.151003013538307e-12,5.164531131905321e-12,5.17805929253208e-12,5.191587498287108e-12,5.205115749048306e-12,5.21864404213554e-12,5.232172380145139e-12,5.245700763244371e-12,5.2592291887952464e-12,5.272757658501241e-12,5.2862861723630196e-12,5.299814730380821e-12,5.313343332555155e-12,5.326871978886237e-12,5.340400669374439e-12,5.353929404020138e-12,5.367458182823695e-12,5.380987005784946e-12,5.394515872905142e-12,5.408044785236766e-12,5.421573740675273e-12,5.435102741332351e-12,5.448631786909859e-12,5.4621608748285886e-12,5.475690007890521e-12,5.489219184131152e-12,5.502748405487113e-12,5.516277670051158e-12,5.529806979789077e-12,5.543336332678301e-12,5.556865730700527e-12,5.570395171915806e-12,5.583924658745886e-12,5.5974541882896365e-12,5.610983762840542e-12,5.6245133812226465e-12,5.638043045935659e-12,5.6515727521388026e-12,5.665102503408397e-12,5.678632299882751e-12,5.6921621385847834e-12,5.70569202261339e-12,5.719221951544581e-12,5.7327519255322056e-12,5.746281940904676e-12,5.759812001205074e-12,5.773342106597242e-12,5.786872257047513e-12,5.8004024490960556e-12,5.81393268606332e-12,5.82746296645216e-12,5.840993291950455e-12,5.8545236606810424e-12,5.868054074271276e-12,5.881584531344878e-12,5.895115033317727e-12,5.90864557873622e-12,5.922176169248169e-12,5.9357068030130645e-12,5.949237481848682e-12,5.9627682039609275e-12,5.976298971162972e-12,5.98982978421824e-12,6.003360638854743e-12,6.016891538548396e-12,6.030422483293828e-12,6.043953473099209e-12,6.057484504439762e-12,6.071015581739584e-12,6.084546704137312e-12,6.0980778707105715e-12,6.111609078761072e-12,6.125140331859189e-12,6.138671630044769e-12,6.152202970631827e-12,6.165734356276961e-12,6.17926578522316e-12,6.192797259274787e-12,6.2063287765813544e-12,6.219860339580982e-12,6.2333919476043976e-12,6.246923600165032e-12,6.260455294198051e-12,6.2739870334392834e-12,6.287518815837563e-12,6.301050643108703e-12,6.314582513873654e-12,6.328114429509131e-12,6.341646388642349e-12,6.355178392784288e-12,6.3687104402871476e-12,6.38224253259221e-12,6.3957746684661785e-12,6.4093068484420426e-12,6.422839074352894e-12,6.436371342785971e-12,6.4499036561602405e-12,6.463436012968516e-12,6.476968415030742e-12,6.490500862063086e-12,6.504033351436013e-12,6.517565885958893e-12,6.5310984643355205e-12,6.544631086276929e-12,6.558163752408387e-12,6.571696463682637e-12,6.585229219526738e-12,6.598762018231979e-12,6.6122948611276854e-12,6.625827748215363e-12,6.639360680908019e-12,6.652893658059399e-12,6.666426677729697e-12,6.6799597415889626e-12,6.693492849642402e-12,6.707026001889654e-12,6.720559198331354e-12,6.734092439727268e-12,6.747625726210308e-12,6.761159055238163e-12,6.774692428461823e-12,6.788225847176754e-12,6.801759308793204e-12,6.815292815637697e-12,6.828826365649091e-12,6.842359960781365e-12,6.855893601246953e-12,6.869427283852962e-12,6.882961010657871e-12,6.8964947826467364e-12,6.910028597850713e-12,6.9235624582193264e-12,6.9370963618238125e-12,6.9506303106408405e-12,6.964164304380741e-12,6.977698340588713e-12,6.991232420998555e-12,7.004766546400759e-12,7.018300716969153e-12,7.0318349299868715e-12,7.045369188142603e-12,7.058903489567214e-12,7.072437836047802e-12,7.085972225881232e-12,7.09950666077142e-12,7.113041140728183e-12,7.126575663177122e-12,7.140110230775466e-12,7.153644841636629e-12,7.167179497815678e-12,7.180714199245733e-12,7.194248942728299e-12,7.207783730655284e-12,7.2213185625527176e-12,7.2348534396491675e-12,7.2483883615076884e-12,7.261923326032442e-12,7.275458335685991e-12,7.288993388630288e-12,7.302528486791865e-12,7.316063628157071e-12,7.329598813733499e-12,7.343134045504387e-12,7.356669321445018e-12,7.370204639657105e-12,7.383740003764132e-12,7.397275412044195e-12,7.410810862894573e-12,7.424346357958735e-12,7.437881897236946e-12,7.451417480729529e-12,7.464953109341258e-12,7.478488783049411e-12,7.492024499189052e-12,7.505560260430733e-12,7.51909606500076e-12,7.532631913787304e-12,7.546167807337646e-12,7.559703746195578e-12,7.573239727634067e-12,7.586775754257723e-12,7.600311824132612e-12,7.613847938781067e-12,7.627384098513276e-12,7.640920301045652e-12,7.654456547797932e-12,7.667992839661284e-12,7.681529176624275e-12,7.695065556038591e-12,7.708601980567433e-12,7.722138448424197e-12,7.735674960503492e-12,7.749211516805266e-12,7.762748117329855e-12,7.776284762077608e-12,7.789821452858676e-12,7.80335818605377e-12,7.816894964233141e-12,7.83043178587733e-12,7.843968652667652e-12,7.857505562762484e-12,7.8710425182521e-12,7.884579516798684e-12,7.89811656047818e-12,7.911653647478028e-12,7.92519077984094e-12,7.938727957054223e-12,7.952265176736815e-12,7.965802441542235e-12,7.979339752147703e-12,7.992877104516377e-12,8.006414502199746e-12,8.019951945037144e-12,8.033489430095319e-12,8.047026960356544e-12,8.060564533877688e-12,8.074102152666445e-12,8.087639816159719e-12,8.101177524736574e-12,8.1147152751835e-12,8.128253071873462e-12,8.14179091078627e-12,8.155328794620705e-12,8.16886672375763e-12,8.182404695371945e-12,8.195942711220838e-12,8.209480772573181e-12,8.223018876892226e-12,8.236557027495414e-12,8.250095222159386e-12,8.263633459186456e-12,8.277171741720404e-12,8.290710067221436e-12,8.304248438802142e-12,8.317786854677718e-12,8.331325312892689e-12,8.344863816047574e-12,8.35840236274009e-12,8.371940953671963e-12,8.385479589372884e-12,8.39901826878457e-12,8.412556992436646e-12,8.426095761142356e-12,8.439634573276502e-12,8.453173429652e-12,8.466712330269643e-12,8.48025127512958e-12,8.493790265214066e-12,8.507329301458114e-12,8.520868380515394e-12,8.534407502348207e-12,8.547946667983605e-12,8.561485877986576e-12,8.57502513255289e-12,8.588564434666895e-12,8.602103778541861e-12,8.615643165844988e-12,8.629182596822801e-12,8.642722073113935e-12,8.656261593157182e-12,8.669801157447812e-12,8.683340766917904e-12,8.696880419704438e-12,8.71042011905068e-12,8.723959862082294e-12,8.737499647615652e-12,8.751039478241308e-12,8.764579352274387e-12,8.77811927055773e-12,8.79165923385513e-12,8.805199240640296e-12,8.818739292298896e-12,8.832279388561759e-12,8.845819528103507e-12,8.859359713193713e-12,8.872899941240155e-12,8.886440214088336e-12,8.899980530641443e-12,8.913520891448941e-12,8.92706129742417e-12,8.940601746740886e-12,8.954142240312644e-12,8.967682779245018e-12,8.981223361328312e-12,8.994763987668034e-12,9.008304659367473e-12,9.021845374221347e-12,9.035386134645632e-12,9.048926940436612e-12,9.062467788063219e-12,9.076008680852413e-12,9.089549616996128e-12,9.103090598322366e-12,9.116631624773474e-12,9.130172693695843e-12,9.14371380778165e-12,9.157254965225058e-12,9.17079616786458e-12,9.184337415602007e-12,9.197878705829639e-12,9.211420041652129e-12,9.224961422595974e-12,9.238502848629118e-12,9.252044315907594e-12,9.265585828300909e-12,9.279127385819348e-12,9.292668988431169e-12,9.306210632766352e-12,9.319752322074933e-12,9.333294056511574e-12,9.346835835690612e-12,9.36037765708827e-12,9.373919523824138e-12,9.387461435683997e-12,9.401003392647089e-12,9.414545391113301e-12,9.428087435164347e-12,9.44162952388408e-12,9.455171655156134e-12,9.468713833381395e-12,9.482256055128059e-12,9.495798319207889e-12,9.50934062778628e-12,9.52288298040705e-12,9.53642537779122e-12,9.549967820647474e-12,9.563510306082213e-12,9.577052836719015e-12,9.590595412386137e-12,9.604138030638318e-12,9.617680693935495e-12,9.631223401756975e-12,9.644766152829758e-12,9.658308946647599e-12,9.671851787668876e-12,9.685394671565246e-12,9.698937599512636e-12,9.712480572081331e-12,9.726023591429414e-12,9.739566652153434e-12,9.753109759726334e-12,9.766652911963045e-12,9.780196105795217e-12,9.793739344861521e-12,9.807282628024942e-12,9.820825954691933e-12,9.834369326250325e-12,9.847912741475827e-12,9.861456201715997e-12,9.87499970715881e-12,9.888543257691794e-12,9.9020868500389e-12,9.915630487293293e-12,9.929174168203237e-12,9.942717894146507e-12,9.95626166362089e-12,9.969805478182387e-12,9.98334933960997e-12,9.996893244275197e-12,1.0010437190881177e-11,1.0023981182679648e-11,1.0037525219848386e-11,1.0051069301618371e-11,1.0064613425364947e-11,1.0078157595523127e-11,1.0091701807840179e-11,1.0105246065225001e-11,1.0118790366116938e-11,1.013233471217251e-11,1.0145879101638914e-11,1.0159423536336287e-11,1.0172968014378767e-11,1.0186512537172515e-11,1.020005710379249e-11,1.0213601715444402e-11,1.0227146370643677e-11,1.0240691070789567e-11,1.025423581456937e-11,1.0267780602640033e-11,1.0281325435789628e-11,1.0294870314232309e-11,1.030841523517769e-11,1.0321960200108865e-11,1.033550520963901e-11,1.0349050264206597e-11,1.0362595362323242e-11,1.0376140506186478e-11,1.0389685694662112e-11,1.0403230925661417e-11,1.0416776201593966e-11,1.0430321521659708e-11,1.0443866885545222e-11,1.0457412294603211e-11,1.047095774849966e-11,1.0484503245273592e-11,1.0498048787150317e-11,1.0511594372519009e-11,1.0525140003317888e-11,1.0538685677282582e-11,1.0552231396379602e-11,1.0565777160704338e-11,1.057932296756587e-11,1.059286881975525e-11,1.0606414715216496e-11,1.061996065603922e-11,1.0633506640101641e-11,1.0647052669071198e-11,1.0660598741737274e-11,1.0674144859567556e-11,1.0687691022430473e-11,1.0701237228002302e-11,1.0714783478405384e-11,1.0728329774738164e-11,1.074187611321973e-11,1.075542249665505e-11,1.0768968923745508e-11,1.0782515395140766e-11,1.0796061911810495e-11,1.080960847352848e-11,1.0823155080289612e-11,1.0836701728907906e-11,1.0850248422837684e-11,1.0863795161684994e-11,1.0877341943224164e-11,1.0890888770821427e-11,1.0904435643550582e-11,1.0917982558014616e-11,1.0931529517335648e-11,1.0945076521807376e-11,1.0958623568632877e-11,1.0972170660334363e-11,1.09857177972843e-11,1.0999264977606881e-11,1.101281220042303e-11,1.1026359471123215e-11,1.1039906784379866e-11,1.1053454142819053e-11,1.1067001544700506e-11,1.1080548991772465e-11,1.1094096484029336e-11,1.1107644018850867e-11,1.1121191598411908e-11,1.1134739223593156e-11,1.1148286891357974e-11,1.116183460476727e-11,1.1175382361162929e-11,1.1188930163211645e-11,1.1202478008239161e-11,1.1216025898884469e-11,1.122957383386249e-11,1.1243121814718122e-11,1.1256669837014943e-11,1.1270217903591226e-11,1.1283766016670368e-11,1.1297314171921785e-11,1.1310862372884654e-11,1.1324410618332853e-11,1.133795890654298e-11,1.1351507238638848e-11,1.1365055616953956e-11,1.1378604038126043e-11,1.1392152503619523e-11,1.1405701013434826e-11,1.1419249568431952e-11,1.1432798168027268e-11,1.1446346810810127e-11,1.1459895497982558e-11,1.1473444231684263e-11,1.1486993007437816e-11,1.150054182837554e-11,1.1514090692778158e-11,1.1527639604932256e-11,1.154118855798525e-11,1.1554737556023025e-11,1.1568286597728738e-11,1.1581835684513224e-11,1.1595384820443992e-11,1.1608933995129873e-11,1.1622483214893448e-11,1.1636032478235003e-11,1.164958178675084e-11,1.1663131138748188e-11,1.1676680535543003e-11,1.1690229977838467e-11,1.1703779462825516e-11,1.1717328993042016e-11,1.1730878568544607e-11,1.174442818652361e-11,1.175797784981298e-11,1.1771527558243406e-11,1.1785077309217534e-11,1.179862710555706e-11,1.181217694519642e-11,1.1825726830170532e-11,1.183927675847664e-11,1.185282673146707e-11,1.1866376748441321e-11,1.1879926810476575e-11,1.189347691749119e-11,1.1907027067470575e-11,1.192057726230577e-11,1.1934127502635726e-11,1.1947677785623469e-11,1.1961228113804746e-11,1.1974778487125968e-11,1.1988328903124785e-11,1.200187936443005e-11,1.2015429869105842e-11,1.2028980418860004e-11,1.2042531014346269e-11,1.2056081652039257e-11,1.206963233232416e-11,1.2083183060367656e-11,1.2096733831081155e-11,1.2110284647073904e-11,1.2123835506470375e-11,1.2137386410943024e-11,1.2150937360531817e-11,1.2164488352953664e-11,1.2178039390571043e-11,1.219159047335878e-11,1.2205141600981179e-11,1.2218692770776146e-11,1.2232243985690571e-11,1.2245795244174423e-11,1.2259346547847064e-11,1.2272897896424687e-11,1.2286449287944596e-11,1.2300000724494381e-11,1.2313552207225307e-11,1.2327103731784533e-11,1.2340655299957148e-11,1.2354206915228788e-11,1.2367758572830536e-11,1.2381310275707121e-11,1.2394862024139415e-11,1.2408413814787312e-11,1.2421965650707246e-11,1.2435517532484186e-11,1.2449069456181402e-11,1.2462621424880884e-11,1.2476173439222962e-11,1.2489725495972703e-11,1.2503277596978308e-11,1.2516829745282755e-11,1.2530381937112617e-11,1.2543934171270853e-11,1.2557486450227914e-11,1.2571038773092781e-11,1.2584591140747645e-11,1.2598143553564436e-11,1.2611696011508682e-11,1.2625248511791131e-11,1.2638801056883833e-11,1.2652353647157815e-11,1.2665906282543161e-11,1.267945896024896e-11,1.269301168248773e-11,1.2706564453454795e-11,1.2720117269596732e-11,1.2733670127521078e-11,1.274722302701446e-11,1.2760775972596014e-11,1.2774328961821666e-11,1.278788199587002e-11,1.2801435072799888e-11,1.2814988196651853e-11,1.2828541364430189e-11,1.2842094574441484e-11,1.2855647832681059e-11,1.2869201133083655e-11,1.2882754476179624e-11,1.2896307863156366e-11,1.2909861296561129e-11,1.2923414772744828e-11,1.2936968294289016e-11,1.2950521859200147e-11,1.2964075468755716e-11,1.2977629123969704e-11,1.2991182821974334e-11,1.3004736562681951e-11,1.30182903494174e-11,1.3031844181203754e-11,1.3045398057911744e-11,1.3058951979757198e-11,1.3072505943958811e-11,1.3086059956526097e-11,1.3099614014219631e-11,1.3113168113584557e-11,1.3126722255258226e-11,1.31402764418867e-11,1.3153830673564788e-11,1.316738495060995e-11,1.3180939269761527e-11,1.3194493634109041e-11,1.3208048042001772e-11,1.322160249485291e-11,1.3235156991488336e-11,1.3248711535271538e-11,1.326226612127459e-11,1.3275820751026949e-11,1.3289375426742046e-11,1.3302930146962477e-11,1.3316484909835217e-11,1.3330039715912492e-11,1.3343594568834327e-11,1.3357149464830384e-11,1.33707044048012e-11,1.3384259389546996e-11,1.3397814419335063e-11,1.3411369494752574e-11,1.3424924612627823e-11,1.3438479775704481e-11,1.3452034989262207e-11,1.3465590240270114e-11,1.3479145534567648e-11,1.3492700874869135e-11,1.3506256264660225e-11,1.3519811693182531e-11,1.3533367170394617e-11,1.353336717039462e-11,1.3533367170394624e-11,1.3533367170394625e-11,1.353336717039463e-11,1.3533367170394632e-11,1.3533367170394638e-11,1.3533367170394643e-11,1.3533367170394643e-11,1.3533367170394646e-11,1.3533367170394646e-11,1.3533367170394646e-11,1.3533367170394646e-11,1.3533367170394646e-11,1.3533367170394646e-11,1.3533367170394646e-11,1.3533367170394646e-11,1.3533367170394648e-11,1.3533367170394646e-11,1.3533367170394646e-11,1.3533367170394646e-11,1.3533367170394646e-11,1.3533367170394646e-11,1.3533367170394646e-11,1.3533367170394646e-11,1.3533367170394646e-11,1.3533367170394651e-11,1.353336717039465e-11,1.3533367170394651e-11,1.3533367170394656e-11,1.3533367170394659e-11,1.3533367170394662e-11,1.3533367170394666e-11,1.3533367170394669e-11,1.3533367170394674e-11,1.3533367170394674e-11,1.3533367170394674e-11,1.3533367170394677e-11,1.353336717039468e-11,1.3533367170394682e-11,1.3533367170394688e-11,1.353336717039469e-11,1.3533367170394687e-11,1.3533367170394687e-11,1.3533367170394693e-11,1.3533367170394695e-11,1.3533367170394693e-11,1.3533367170394693e-11,1.3533367170394698e-11,1.3533367170394703e-11,1.3533367170394701e-11,1.3533367170394708e-11,1.3533367170394711e-11,1.3533367170394716e-11,1.3533367170394719e-11,1.3533367170394722e-11,1.3533367170394724e-11,1.3533367170394724e-11,1.3533367170394725e-11,1.3533367170394729e-11,1.3533367170394729e-11,1.3533367170394737e-11,1.3533367170394742e-11,1.3533367170394746e-11,1.3533367170394746e-11,1.3533367170394746e-11,1.3533367170394746e-11,1.3533367170394746e-11,1.353336717039475e-11,1.3533367170394746e-11,1.3533367170394748e-11,1.3533367170394751e-11,1.353336717039476e-11,1.3533367170394763e-11,1.3533367170394764e-11,1.3533367170394764e-11,1.3533367170394764e-11,1.3533367170394767e-11,1.3533367170394767e-11,1.3533367170394767e-11,1.353336717039477e-11,1.3533367170394772e-11,1.3533367170394777e-11,1.353336717039478e-11,1.3533367170394785e-11,1.3533367170394788e-11,1.3533367170394788e-11,1.3533367170394793e-11,1.3533367170394795e-11,1.3533367170394795e-11,1.3533367170394798e-11,1.3533367170394795e-11,1.3533367170394795e-11,1.3533367170394795e-11,1.3533367170394801e-11,1.3533367170394803e-11,1.3533367170394805e-11,1.353336717039481e-11,1.3533367170394811e-11,1.3533367170394811e-11,1.3533367170394813e-11,1.3533367170394819e-11,1.3533367170394822e-11,1.3533367170394822e-11,1.3533367170394822e-11,1.3533367170394822e-11,1.3533367170394822e-11,1.3533367170394826e-11,1.353336717039483e-11,1.353336717039483e-11,1.3533367170394832e-11,1.3533367170394835e-11,1.353336717039484e-11,1.3533367170394835e-11,1.3533367170394838e-11,1.3533367170394843e-11,1.3533367170394847e-11,1.3533367170394848e-11,1.3533367170394848e-11,1.353336717039485e-11,1.353336717039485e-11,1.353336717039485e-11,1.3533367170394848e-11,1.3533367170394848e-11,1.3533367170394848e-11,1.3533367170394851e-11,1.3533367170394851e-11,1.3533367170394855e-11,1.3533367170394856e-11,1.353336717039486e-11,1.3533367170394863e-11,1.3533367170394868e-11,1.3533367170394868e-11,1.353336717039487e-11,1.3533367170394877e-11,1.3533367170394879e-11,1.3533367170394882e-11,1.3533367170394885e-11,1.3533367170394887e-11,1.3533367170394889e-11,1.353336717039489e-11,1.3533367170394893e-11,1.3533367170394898e-11,1.3533367170394898e-11,1.3533367170394901e-11,1.3533367170394903e-11,1.3533367170394906e-11,1.3533367170394906e-11,1.353336717039491e-11,1.3533367170394913e-11,1.3533367170394911e-11,1.353336717039492e-11,1.3533367170394922e-11,1.3533367170394922e-11,1.3533367170394929e-11,1.3533367170394927e-11,1.353336717039493e-11,1.3533367170394935e-11,1.3533367170394935e-11,1.3533367170394939e-11,1.3533367170394942e-11,1.3533367170394943e-11,1.353336717039495e-11,1.353336717039495e-11,1.3533367170394953e-11,1.3533367170394956e-11,1.3533367170394958e-11,1.3533367170394961e-11,1.3533367170394961e-11,1.3533367170394963e-11,1.3533367170394966e-11,1.353336717039497e-11,1.3533367170394974e-11,1.3533367170394974e-11,1.3533367170394974e-11,1.3533367170394974e-11,1.3533367170394977e-11,1.3533367170394974e-11,1.3533367170394974e-11,1.3533367170394977e-11,1.3533367170394974e-11,1.3533367170394977e-11,1.353336717039498e-11,1.3533367170394979e-11,1.3533367170394985e-11,1.3533367170394987e-11,1.3533367170394992e-11,1.3533367170394994e-11,1.3533367170394992e-11,1.3533367170394995e-11,1.3533367170395002e-11,1.3533367170395006e-11,1.353336717039501e-11,1.3533367170395013e-11,1.3533367170395016e-11,1.3533367170395018e-11,1.3533367170395021e-11,1.3533367170395023e-11,1.3533367170395027e-11,1.3533367170395029e-11,1.3533367170395029e-11,1.353336717039503e-11,1.353336717039503e-11,1.3533367170395032e-11,1.3533367170395034e-11,1.3533367170395037e-11,1.3533367170395039e-11,1.3533367170395044e-11,1.353336717039505e-11,1.353336717039505e-11,1.3533367170395053e-11,1.3533367170395055e-11,1.3533367170395055e-11,1.3533367170395057e-11,1.3533367170395057e-11,1.3533367170395057e-11,1.3533367170395058e-11,1.3533367170395061e-11,1.3533367170395065e-11,1.3533367170395068e-11,1.3533367170395073e-11,1.3533367170395074e-11,1.3533367170395076e-11,1.3533367170395079e-11,1.3533367170395086e-11,1.3533367170395084e-11,1.3533367170395089e-11,1.3533367170395089e-11,1.3533367170395092e-11,1.3533367170395094e-11,1.3533367170395097e-11,1.3533367170395097e-11,1.35333671703951e-11,1.35333671703951e-11,1.35333671703951e-11,1.35333671703951e-11,1.35333671703951e-11,1.35333671703951e-11,1.3533367170395105e-11,1.3533367170395108e-11,1.3533367170395108e-11,1.353336717039511e-11,1.353336717039511e-11,1.353336717039511e-11,1.353336717039511e-11,1.353336717039511e-11,1.3533367170395116e-11,1.3533367170395121e-11,1.3533367170395124e-11,1.3533367170395124e-11,1.353336717039513e-11,1.3533367170395132e-11,1.3533367170395137e-11,1.3533367170395139e-11,1.3533367170395142e-11,1.3533367170395145e-11,1.3533367170395147e-11,1.3533367170395147e-11,1.3533367170395153e-11,1.353336717039515e-11,1.353336717039515e-11,1.353336717039515e-11,1.3533367170395153e-11,1.3533367170395157e-11,1.3533367170395158e-11,1.3533367170395162e-11,1.3533367170395163e-11,1.3533367170395163e-11,1.3533367170395166e-11,1.353336717039517e-11,1.3533367170395174e-11,1.3533367170395171e-11,1.3533367170395174e-11,1.3533367170395178e-11,1.3533367170395181e-11,1.3533367170395184e-11,1.3533367170395186e-11,1.3533367170395187e-11,1.3533367170395187e-11,1.353336717039519e-11,1.3533367170395194e-11,1.3533367170395195e-11,1.3533367170395199e-11,1.35333671703952e-11,1.3533367170395202e-11,1.3533367170395204e-11,1.3533367170395207e-11,1.3533367170395213e-11,1.3533367170395216e-11,1.3533367170395215e-11,1.3533367170395218e-11,1.3533367170395221e-11,1.3533367170395223e-11,1.3533367170395226e-11,1.3533367170395231e-11,1.3533367170395234e-11,1.3533367170395236e-11,1.3533367170395239e-11,1.353336717039524e-11,1.3533367170395246e-11,1.3533367170395242e-11,1.3533367170395246e-11,1.3533367170395249e-11,1.353336717039525e-11,1.3533367170395254e-11,1.3533367170395255e-11,1.3533367170395263e-11,1.3533367170395263e-11,1.3533367170395263e-11,1.3533367170395265e-11,1.3533367170395271e-11,1.353336717039527e-11,1.3533367170395276e-11,1.3533367170395278e-11,1.3533367170395284e-11,1.3533367170395288e-11,1.3533367170395288e-11,1.353336717039529e-11,1.3533367170395292e-11,1.3533367170395296e-11,1.3533367170395296e-11,1.3533367170395299e-11,1.3533367170395302e-11,1.3533367170395304e-11,1.3533367170395309e-11,1.3533367170395309e-11,1.3533367170395312e-11,1.3533367170395315e-11,1.353336717039532e-11,1.3533367170395323e-11,1.353336717039532e-11,1.3533367170395325e-11,1.3533367170395328e-11,1.3533367170395331e-11,1.3533367170395336e-11,1.3533367170395336e-11,1.3533367170395343e-11,1.3533367170395346e-11,1.3533367170395347e-11,1.353336717039535e-11,1.3533367170395354e-11,1.3533367170395355e-11,1.3533367170395359e-11,1.353336717039536e-11,1.3533367170395364e-11,1.3533367170395364e-11,1.3533367170395368e-11,1.3533367170395368e-11,1.3533367170395372e-11,1.3533367170395376e-11,1.353336717039538e-11,1.3533367170395381e-11,1.3533367170395388e-11,1.3533367170395388e-11,1.3533367170395391e-11,1.3533367170395394e-11,1.3533367170395396e-11,1.3533367170395399e-11,1.3533367170395402e-11,1.3533367170395404e-11,1.3533367170395407e-11,1.353336717039541e-11,1.353336717039541e-11,1.3533367170395412e-11,1.3533367170395417e-11,1.353336717039542e-11,1.353336717039542e-11,1.3533367170395423e-11,1.353336717039543e-11,1.3533367170395428e-11,1.3533367170395433e-11,1.3533367170395435e-11,1.3533367170395438e-11,1.3533367170395438e-11,1.353336717039544e-11,1.3533367170395443e-11,1.3533367170395446e-11,1.3533367170395449e-11,1.353336717039545e-11,1.3533367170395454e-11,1.353336717039545e-11,1.3533367170395459e-11,1.3533367170395462e-11,1.3533367170395462e-11,1.3533367170395465e-11,1.3533367170395465e-11,1.3533367170395472e-11,1.3533367170395473e-11,1.3533367170395477e-11,1.3533367170395478e-11,1.3533367170395478e-11,1.3533367170395481e-11,1.3533367170395485e-11,1.3533367170395488e-11,1.353336717039549e-11,1.3533367170395493e-11,1.3533367170395494e-11,1.3533367170395498e-11,1.3533367170395501e-11,1.3533367170395504e-11,1.3533367170395502e-11,1.3533367170395506e-11,1.3533367170395509e-11,1.353336717039551e-11,1.3533367170395514e-11,1.3533367170395517e-11,1.353336717039552e-11,1.3533367170395523e-11,1.3533367170395525e-11,1.3533367170395528e-11,1.3533367170395532e-11,1.3533367170395533e-11,1.353336717039554e-11,1.3533367170395543e-11,1.3533367170395548e-11,1.3533367170395548e-11,1.3533367170395551e-11,1.3533367170395553e-11,1.3533367170395556e-11,1.3533367170395559e-11,1.3533367170395562e-11,1.3533367170395564e-11,1.3533367170395562e-11,1.353336717039557e-11,1.3533367170395572e-11,1.3533367170395572e-11,1.3533367170395577e-11,1.353336717039558e-11,1.353336717039558e-11,1.3533367170395583e-11,1.3533367170395586e-11,1.353336717039559e-11,1.3533367170395593e-11,1.35333671703956e-11,1.35333671703956e-11,1.3533367170395604e-11,1.3533367170395604e-11,1.3533367170395607e-11,1.3533367170395612e-11,1.3533367170395616e-11,1.3533367170395617e-11,1.353336717039562e-11,1.3533367170395622e-11,1.3533367170395628e-11,1.353336717039563e-11,1.353336717039563e-11,1.3533367170395632e-11,1.3533367170395638e-11,1.3533367170395641e-11,1.3533367170395641e-11,1.3533367170395646e-11,1.353336717039565e-11,1.3533367170395651e-11,1.3533367170395654e-11,1.3533367170395656e-11,1.3533367170395659e-11,1.3533367170395662e-11,1.3533367170395664e-11,1.3533367170395667e-11,1.353336717039567e-11,1.3533367170395669e-11,1.3533367170395672e-11,1.3533367170395675e-11,1.3533367170395679e-11,1.3533367170395682e-11,1.3533367170395687e-11,1.3533367170395693e-11,1.3533367170395695e-11,1.3533367170395695e-11,1.3533367170395695e-11,1.3533367170395698e-11,1.35333671703957e-11,1.3533367170395703e-11,1.3533367170395706e-11,1.353336717039571e-11,1.3533367170395711e-11,1.3533367170395716e-11,1.3533367170395716e-11,1.3533367170395717e-11,1.353336717039572e-11,1.3533367170395724e-11,1.3533367170395725e-11,1.353336717039573e-11,1.353336717039573e-11,1.3533367170395733e-11,1.3533367170395742e-11,1.3533367170395743e-11,1.3533367170395742e-11,1.3533367170395745e-11,1.3533367170395746e-11,1.353336717039575e-11,1.3533367170395756e-11,1.3533367170395758e-11,1.3533367170395761e-11,1.3533367170395763e-11,1.3533367170395769e-11,1.353336717039577e-11,1.3533367170395772e-11,1.3533367170395774e-11,1.3533367170395782e-11,1.3533367170395782e-11,1.3533367170395785e-11,1.3533367170395785e-11,1.353336717039579e-11,1.3533367170395793e-11,1.3533367170395796e-11,1.3533367170395801e-11,1.3533367170395803e-11,1.353336717039581e-11,1.3533367170395811e-11,1.3533367170395814e-11,1.3533367170395814e-11,1.3533367170395817e-11,1.353336717039582e-11,1.3533367170395824e-11,1.3533367170395826e-11,1.3533367170395829e-11,1.3533367170395834e-11,1.3533367170395837e-11,1.353336717039584e-11,1.3533367170395842e-11,1.3533367170395847e-11,1.3533367170395848e-11,1.3533367170395853e-11,1.3533367170395856e-11,1.3533367170395855e-11,1.3533367170395861e-11,1.3533367170395864e-11,1.353336717039587e-11,1.3533367170395874e-11,1.3533367170395876e-11,1.3533367170395879e-11,1.3533367170395882e-11,1.3533367170395885e-11,1.3533367170395885e-11,1.3533367170395887e-11,1.353336717039589e-11,1.3533367170395889e-11,1.3533367170395895e-11,1.35333671703959e-11,1.3533367170395903e-11,1.3533367170395905e-11,1.3533367170395908e-11,1.3533367170395913e-11,1.3533367170395914e-11,1.3533367170395916e-11,1.3533367170395923e-11,1.3533367170395926e-11,1.3533367170395924e-11,1.3533367170395927e-11,1.3533367170395932e-11,1.353336717039593e-11,1.3533367170395935e-11,1.353336717039594e-11,1.3533367170395944e-11,1.3533367170395947e-11,1.3533367170395948e-11,1.3533367170395952e-11,1.3533367170395956e-11,1.353336717039596e-11,1.353336717039596e-11,1.3533367170395963e-11,1.353336717039597e-11,1.3533367170395971e-11,1.3533367170395974e-11,1.3533367170395979e-11,1.3533367170395979e-11,1.3533367170395984e-11,1.3533367170395984e-11,1.353336717039599e-11,1.3533367170395989e-11,1.3533367170395992e-11,1.3533367170395998e-11,1.3533367170396e-11,1.3533367170396002e-11,1.3533367170396005e-11,1.3533367170396011e-11,1.353336717039601e-11,1.3533367170396011e-11,1.3533367170396016e-11,1.353336717039602e-11,1.3533367170396024e-11,1.3533367170396028e-11,1.3533367170396026e-11,1.353336717039603e-11,1.3533367170396032e-11,1.3533367170396039e-11,1.353336717039604e-11,1.3533367170396042e-11,1.3533367170396047e-11,1.3533367170396047e-11,1.3533367170396053e-11,1.3533367170396053e-11,1.3533367170396053e-11,1.3533367170396058e-11,1.3533367170396061e-11,1.3533367170396066e-11,1.3533367170396071e-11,1.3533367170396073e-11,1.3533367170396076e-11,1.3533367170396078e-11,1.3533367170396082e-11,1.3533367170396086e-11,1.3533367170396087e-11,1.3533367170396092e-11,1.3533367170396095e-11,1.3533367170396095e-11,1.3533367170396103e-11,1.3533367170396107e-11,1.353336717039611e-11,1.3533367170396112e-11,1.3533367170396113e-11,1.353336717039612e-11,1.3533367170396121e-11,1.3533367170396123e-11,1.3533367170396124e-11,1.3533367170396128e-11,1.3533367170396133e-11,1.3533367170396136e-11,1.3533367170396137e-11,1.353336717039614e-11,1.3533367170396144e-11,1.3533367170396147e-11,1.3533367170396154e-11,1.3533367170396154e-11,1.353336717039616e-11,1.3533367170396163e-11,1.3533367170396165e-11,1.3533367170396171e-11,1.3533367170396173e-11,1.3533367170396176e-11,1.353336717039618e-11,1.3533367170396183e-11,1.3533367170396187e-11,1.3533367170396189e-11,1.3533367170396189e-11,1.3533367170396192e-11,1.3533367170396196e-11,1.3533367170396196e-11,1.35333671703962e-11,1.3533367170396207e-11,1.3533367170396208e-11,1.3533367170396208e-11,1.3533367170396215e-11,1.3533367170396217e-11,1.353336717039622e-11,1.353336717039622e-11,1.353336717039623e-11,1.3533367170396231e-11,1.3533367170396234e-11,1.3533367170396233e-11,1.3533367170396238e-11,1.3533367170396242e-11,1.3533367170396246e-11,1.3533367170396244e-11,1.3533367170396249e-11,1.3533367170396255e-11,1.3533367170396257e-11,1.353336717039626e-11,1.3533367170396263e-11,1.3533367170396265e-11,1.3533367170396268e-11,1.3533367170396271e-11,1.3533367170396275e-11,1.353336717039628e-11,1.3533367170396284e-11,1.3533367170396288e-11,1.3533367170396291e-11,1.3533367170396291e-11,1.3533367170396296e-11,1.3533367170396299e-11,1.3533367170396304e-11,1.3533367170396307e-11,1.353336717039631e-11,1.3533367170396312e-11,1.3533367170396317e-11,1.3533367170396318e-11,1.3533367170396323e-11,1.353336717039633e-11,1.353336717039633e-11,1.3533367170396333e-11,1.3533367170396338e-11,1.3533367170396341e-11,1.3533367170396343e-11,1.3533367170396349e-11,1.3533367170396352e-11,1.3533367170396354e-11,1.3533367170396354e-11,1.3533367170396357e-11,1.353336717039636e-11,1.3533367170396365e-11,1.3533367170396367e-11,1.353336717039637e-11,1.3533367170396373e-11,1.3533367170396376e-11,1.3533367170396378e-11,1.353336717039638e-11,1.3533367170396381e-11,1.3533367170396385e-11,1.353336717039639e-11,1.3533367170396393e-11,1.3533367170396393e-11,1.3533367170396397e-11,1.3533367170396399e-11,1.3533367170396406e-11,1.3533367170396406e-11,1.3533367170396409e-11,1.3533367170396412e-11,1.3533367170396414e-11,1.353336717039642e-11,1.3533367170396423e-11,1.3533367170396425e-11,1.3533367170396427e-11,1.3533367170396433e-11,1.3533367170396435e-11,1.3533367170396435e-11,1.3533367170396441e-11,1.3533367170396448e-11,1.3533367170396452e-11,1.3533367170396454e-11,1.3533367170396456e-11,1.3533367170396462e-11,1.3533367170396464e-11,1.353336717039647e-11,1.3533367170396475e-11,1.3533367170396475e-11,1.353336717039648e-11,1.353336717039648e-11,1.3533367170396483e-11,1.3533367170396488e-11,1.3533367170396491e-11,1.3533367170396494e-11,1.3533367170396496e-11,1.3533367170396501e-11,1.3533367170396504e-11,1.3533367170396504e-11,1.3533367170396507e-11,1.3533367170396515e-11,1.3533367170396519e-11,1.353336717039652e-11,1.3533367170396524e-11,1.3533367170396525e-11,1.3533367170396524e-11,1.3533367170396532e-11,1.353336717039653e-11,1.3533367170396535e-11,1.3533367170396535e-11,1.3533367170396541e-11,1.3533367170396545e-11,1.3533367170396546e-11,1.353336717039655e-11,1.3533367170396553e-11,1.3533367170396556e-11,1.3533367170396557e-11,1.3533367170396559e-11,1.3533367170396564e-11,1.3533367170396569e-11,1.3533367170396572e-11,1.3533367170396572e-11,1.3533367170396575e-11,1.353336717039658e-11,1.3533367170396583e-11,1.3533367170396587e-11,1.3533367170396593e-11,1.3533367170396591e-11,1.3533367170396591e-11,1.3533367170396596e-11,1.35333671703966e-11,1.3533367170396603e-11,1.3533367170396606e-11,1.353336717039661e-11,1.3533367170396614e-11,1.3533367170396614e-11,1.3533367170396616e-11,1.3533367170396617e-11,1.353336717039662e-11,1.3533367170396624e-11,1.3533367170396627e-11,1.353336717039663e-11,1.3533367170396633e-11,1.3533367170396638e-11,1.353336717039664e-11,1.3533367170396645e-11,1.3533367170396648e-11,1.3533367170396651e-11,1.3533367170396654e-11,1.3533367170396656e-11,1.353336717039666e-11,1.3533367170396662e-11,1.3533367170396666e-11,1.353336717039667e-11,1.3533367170396672e-11,1.3533367170396672e-11,1.3533367170396679e-11,1.3533367170396685e-11,1.3533367170396687e-11,1.3533367170396688e-11,1.3533367170396687e-11,1.3533367170396693e-11,1.3533367170396693e-11,1.35333671703967e-11,1.35333671703967e-11,1.35333671703967e-11,1.3533367170396703e-11,1.353336717039671e-11,1.3533367170396711e-11,1.3533367170396714e-11,1.3533367170396716e-11,1.3533367170396714e-11,1.3533367170396719e-11,1.3533367170396719e-11,1.3533367170396724e-11,1.3533367170396727e-11,1.353336717039673e-11,1.3533367170396737e-11,1.3533367170396738e-11,1.353336717039674e-11,1.3533367170396742e-11,1.3533367170396746e-11,1.3533367170396748e-11,1.3533367170396751e-11,1.3533367170396755e-11,1.3533367170396756e-11,1.353336717039676e-11,1.3533367170396763e-11,1.3533367170396764e-11,1.3533367170396767e-11,1.353336717039677e-11,1.3533367170396776e-11,1.3533367170396779e-11,1.353336717039678e-11,1.3533367170396784e-11,1.3533367170396788e-11,1.3533367170396792e-11,1.3533367170396792e-11,1.3533367170396792e-11,1.3533367170396797e-11,1.3533367170396803e-11,1.3533367170396805e-11,1.3533367170396808e-11,1.3533367170396808e-11,1.3533367170396814e-11,1.3533367170396813e-11,1.3533367170396819e-11,1.353336717039682e-11,1.3533367170396824e-11,1.353336717039683e-11,1.3533367170396832e-11,1.3533367170396832e-11,1.3533367170396835e-11,1.3533367170396839e-11,1.3533367170396842e-11,1.3533367170396845e-11,1.3533367170396848e-11,1.3533367170396851e-11,1.3533367170396856e-11,1.3533367170396861e-11,1.3533367170396864e-11,1.3533367170396871e-11,1.3533367170396871e-11,1.3533367170396876e-11,1.3533367170396879e-11,1.3533367170396877e-11,1.3533367170396884e-11,1.3533367170396885e-11,1.3533367170396887e-11,1.3533367170396892e-11,1.3533367170396892e-11,1.3533367170396898e-11,1.35333671703969e-11,1.3533367170396903e-11,1.3533367170396906e-11,1.3533367170396908e-11,1.3533367170396906e-11,1.3533367170396913e-11,1.3533367170396913e-11,1.3533367170396916e-11,1.353336717039692e-11,1.3533367170396924e-11,1.3533367170396926e-11,1.3533367170396929e-11,1.353336717039693e-11,1.3533367170396939e-11,1.3533367170396942e-11,1.353336717039694e-11,1.3533367170396944e-11,1.3533367170396947e-11,1.3533367170396948e-11,1.3533367170396955e-11,1.3533367170396958e-11,1.3533367170396956e-11,1.3533367170396966e-11,1.353336717039697e-11,1.3533367170396971e-11,1.3533367170396974e-11,1.3533367170396976e-11,1.3533367170396979e-11,1.3533367170396984e-11,1.3533367170396986e-11,1.3533367170396992e-11,1.3533367170396995e-11,1.3533367170396995e-11,1.3533367170397e-11,1.3533367170397003e-11,1.3533367170397005e-11,1.3533367170397008e-11,1.3533367170397008e-11,1.3533367170397013e-11,1.3533367170397016e-11,1.3533367170397018e-11,1.3533367170397023e-11,1.3533367170397024e-11,1.3533367170397028e-11,1.3533367170397032e-11,1.3533367170397034e-11,1.3533367170397039e-11,1.353336717039704e-11,1.353336717039704e-11,1.3533367170397047e-11,1.3533367170397049e-11,1.3533367170397052e-11,1.3533367170397055e-11,1.353336717039706e-11,1.3533367170397065e-11,1.3533367170397068e-11,1.353336717039707e-11,1.353336717039707e-11,1.3533367170397073e-11,1.3533367170397076e-11,1.353336717039708e-11,1.3533367170397083e-11,1.3533367170397084e-11,1.3533367170397089e-11,1.3533367170397092e-11,1.3533367170397094e-11,1.35333671703971e-11,1.3533367170397102e-11,1.3533367170397105e-11,1.3533367170397108e-11,1.3533367170397112e-11,1.353336717039711e-11,1.3533367170397116e-11,1.3533367170397116e-11,1.3533367170397118e-11,1.3533367170397123e-11,1.3533367170397125e-11,1.3533367170397131e-11,1.3533367170397136e-11,1.3533367170397139e-11,1.353336717039714e-11,1.3533367170397146e-11,1.3533367170397144e-11,1.3533367170397149e-11,1.3533367170397152e-11,1.3533367170397157e-11,1.353336717039716e-11,1.3533367170397163e-11,1.3533367170397165e-11,1.353336717039717e-11,1.353336717039717e-11,1.3533367170397173e-11,1.3533367170397176e-11,1.3533367170397178e-11,1.3533367170397183e-11,1.3533367170397188e-11,1.353336717039719e-11,1.3533367170397194e-11,1.3533367170397199e-11,1.3533367170397202e-11,1.3533367170397205e-11,1.3533367170397207e-11,1.3533367170397205e-11,1.3533367170397212e-11,1.3533367170397212e-11,1.3533367170397215e-11,1.3533367170397218e-11,1.3533367170397221e-11,1.3533367170397226e-11,1.3533367170397228e-11,1.3533367170397231e-11,1.3533367170397238e-11,1.3533367170397241e-11,1.3533367170397244e-11,1.3533367170397246e-11,1.3533367170397252e-11,1.3533367170397255e-11,1.3533367170397259e-11,1.3533367170397257e-11,1.3533367170397265e-11,1.3533367170397268e-11,1.353336717039727e-11,1.3533367170397273e-11,1.3533367170397275e-11,1.3533367170397275e-11,1.353336717039728e-11,1.3533367170397283e-11,1.3533367170397284e-11,1.3533367170397284e-11,1.3533367170397288e-11,1.3533367170397294e-11,1.3533367170397294e-11,1.3533367170397299e-11,1.35333671703973e-11,1.3533367170397304e-11,1.3533367170397305e-11,1.3533367170397305e-11,1.3533367170397312e-11,1.3533367170397314e-11,1.353336717039732e-11,1.3533367170397322e-11,1.3533367170397323e-11,1.3533367170397326e-11,1.3533367170397333e-11,1.3533367170397338e-11,1.3533367170397338e-11,1.3533367170397341e-11,1.353336717039734e-11,1.3533367170397346e-11,1.3533367170397349e-11,1.3533367170397352e-11,1.3533367170397354e-11,1.353336717039736e-11,1.3533367170397362e-11,1.3533367170397367e-11,1.3533367170397368e-11,1.353336717039737e-11,1.3533367170397377e-11,1.3533367170397377e-11,1.353336717039738e-11,1.3533367170397383e-11,1.3533367170397386e-11,1.3533367170397393e-11,1.3533367170397394e-11,1.3533367170397398e-11,1.35333671703974e-11,1.3533367170397406e-11,1.3533367170397406e-11,1.3533367170397409e-11,1.3533367170397409e-11,1.3533367170397414e-11,1.3533367170397417e-11,1.353336717039742e-11,1.3533367170397422e-11,1.3533367170397425e-11,1.3533367170397428e-11,1.3533367170397433e-11,1.3533367170397436e-11,1.353336717039744e-11,1.3533367170397444e-11,1.3533367170397448e-11,1.3533367170397446e-11,1.353336717039745e-11,1.3533367170397452e-11,1.3533367170397457e-11,1.3533367170397457e-11,1.353336717039746e-11,1.3533367170397464e-11,1.353336717039747e-11,1.3533367170397472e-11,1.3533367170397472e-11,1.3533367170397478e-11,1.3533367170397477e-11,1.3533367170397482e-11,1.3533367170397482e-11,1.3533367170397485e-11,1.3533367170397486e-11,1.353336717039749e-11,1.3533367170397498e-11,1.3533367170397498e-11,1.3533367170397498e-11,1.3533367170397504e-11,1.3533367170397504e-11,1.3533367170397514e-11,1.353336717039751e-11,1.3533367170397515e-11,1.3533367170397519e-11,1.3533367170397524e-11,1.3533367170397525e-11,1.3533367170397527e-11,1.3533367170397532e-11,1.353336717039753e-11,1.3533367170397532e-11,1.353336717039754e-11,1.353336717039754e-11,1.3533367170397543e-11,1.3533367170397546e-11,1.3533367170397548e-11,1.3533367170397554e-11,1.3533367170397556e-11,1.3533367170397559e-11,1.353336717039756e-11,1.3533367170397564e-11,1.3533367170397567e-11,1.353336717039757e-11,1.3533367170397574e-11,1.3533367170397575e-11,1.353336717039758e-11,1.3533367170397583e-11,1.353336717039759e-11,1.3533367170397593e-11,1.3533367170397596e-11,1.3533367170397598e-11,1.35333671703976e-11,1.35333671703976e-11,1.3533367170397603e-11,1.3533367170397608e-11,1.3533367170397612e-11,1.3533367170397614e-11,1.3533367170397617e-11,1.3533367170397622e-11,1.3533367170397625e-11,1.3533367170397624e-11,1.3533367170397629e-11,1.3533367170397635e-11,1.3533367170397633e-11,1.353336717039764e-11,1.3533367170397643e-11,1.3533367170397645e-11,1.353336717039765e-11,1.3533367170397653e-11,1.3533367170397654e-11,1.3533367170397656e-11,1.3533367170397662e-11,1.3533367170397661e-11,1.3533367170397667e-11,1.3533367170397667e-11,1.3533367170397669e-11,1.3533367170397674e-11,1.3533367170397677e-11,1.3533367170397679e-11,1.3533367170397682e-11,1.3533367170397685e-11,1.3533367170397687e-11,1.3533367170397692e-11,1.3533367170397693e-11,1.3533367170397695e-11,1.3533367170397701e-11,1.3533367170397701e-11,1.3533367170397706e-11,1.353336717039771e-11,1.353336717039771e-11,1.3533367170397714e-11,1.3533367170397717e-11,1.353336717039772e-11,1.3533367170397722e-11,1.3533367170397726e-11,1.3533367170397729e-11,1.353336717039773e-11,1.3533367170397734e-11,1.353336717039774e-11,1.3533367170397743e-11,1.3533367170397745e-11,1.3533367170397748e-11,1.3533367170397751e-11,1.353336717039775e-11,1.3533367170397755e-11,1.3533367170397758e-11,1.3533367170397761e-11,1.3533367170397763e-11,1.3533367170397766e-11,1.3533367170397769e-11,1.353336717039777e-11,1.3533367170397777e-11,1.353336717039778e-11,1.353336717039778e-11,1.3533367170397784e-11,1.3533367170397785e-11,1.353336717039779e-11,1.3533367170397792e-11,1.353336717039779e-11,1.3533367170397797e-11,1.35333671703978e-11,1.3533367170397803e-11,1.3533367170397808e-11,1.3533367170397811e-11,1.3533367170397814e-11,1.353336717039782e-11,1.353336717039782e-11,1.3533367170397824e-11,1.3533367170397827e-11,1.3533367170397824e-11,1.3533367170397832e-11,1.3533367170397835e-11,1.3533367170397835e-11,1.353336717039784e-11,1.3533367170397843e-11,1.3533367170397847e-11,1.3533367170397848e-11,1.3533367170397852e-11,1.3533367170397855e-11,1.3533367170397858e-11,1.353336717039786e-11,1.3533367170397864e-11,1.3533367170397868e-11,1.353336717039787e-11,1.3533367170397877e-11,1.353336717039788e-11,1.3533367170397884e-11,1.3533367170397885e-11,1.3533367170397892e-11,1.3533367170397894e-11,1.3533367170397894e-11,1.3533367170397897e-11,1.3533367170397902e-11,1.3533367170397905e-11,1.3533367170397908e-11,1.3533367170397911e-11,1.3533367170397913e-11,1.3533367170397918e-11,1.3533367170397921e-11,1.3533367170397921e-11,1.3533367170397923e-11,1.3533367170397926e-11,1.353336717039793e-11,1.3533367170397934e-11,1.3533367170397936e-11,1.3533367170397937e-11,1.3533367170397945e-11,1.3533367170397945e-11,1.353336717039795e-11,1.353336717039795e-11,1.3533367170397952e-11,1.3533367170397958e-11,1.3533367170397961e-11,1.3533367170397963e-11,1.3533367170397968e-11,1.353336717039797e-11,1.3533367170397974e-11,1.3533367170397976e-11,1.3533367170397978e-11,1.353336717039798e-11,1.3533367170397986e-11,1.3533367170397989e-11,1.3533367170397992e-11,1.3533367170397992e-11,1.3533367170397994e-11,1.3533367170398e-11,1.3533367170398002e-11,1.3533367170398005e-11,1.3533367170398008e-11,1.3533367170398013e-11,1.3533367170398016e-11,1.3533367170398016e-11,1.353336717039802e-11,1.3533367170398021e-11,1.3533367170398028e-11,1.353336717039803e-11,1.3533367170398031e-11,1.3533367170398034e-11,1.3533367170398037e-11,1.3533367170398042e-11,1.3533367170398045e-11,1.3533367170398049e-11,1.3533367170398047e-11,1.3533367170398055e-11,1.3533367170398053e-11,1.353336717039806e-11,1.3533367170398058e-11,1.3533367170398065e-11,1.3533367170398063e-11,1.3533367170398068e-11,1.353336717039807e-11,1.3533367170398073e-11,1.3533367170398076e-11,1.3533367170398074e-11,1.3533367170398081e-11,1.3533367170398081e-11,1.3533367170398086e-11,1.3533367170398086e-11,1.3533367170398092e-11,1.3533367170398095e-11,1.3533367170398099e-11,1.35333671703981e-11,1.3533367170398104e-11,1.3533367170398107e-11,1.3533367170398105e-11,1.3533367170398112e-11,1.3533367170398113e-11,1.3533367170398113e-11,1.3533367170398116e-11,1.3533367170398123e-11,1.3533367170398125e-11,1.353336717039813e-11,1.3533367170398133e-11,1.3533367170398137e-11,1.353336717039814e-11,1.353336717039814e-11,1.3533367170398142e-11,1.3533367170398147e-11,1.353336717039815e-11,1.3533367170398152e-11,1.3533367170398155e-11,1.3533367170398162e-11,1.3533367170398167e-11,1.353336717039817e-11,1.3533367170398173e-11,1.3533367170398178e-11,1.3533367170398178e-11,1.353336717039818e-11,1.3533367170398183e-11,1.3533367170398184e-11,1.353336717039819e-11,1.353336717039819e-11,1.3533367170398192e-11,1.3533367170398196e-11,1.3533367170398199e-11,1.3533367170398204e-11,1.3533367170398205e-11,1.3533367170398207e-11,1.353336717039821e-11,1.3533367170398213e-11,1.3533367170398218e-11,1.353336717039822e-11,1.3533367170398223e-11,1.3533367170398226e-11,1.3533367170398231e-11,1.3533367170398236e-11,1.3533367170398234e-11,1.3533367170398238e-11,1.353336717039824e-11,1.3533367170398244e-11,1.3533367170398247e-11,1.353336717039825e-11,1.3533367170398254e-11,1.3533367170398257e-11,1.353336717039826e-11,1.3533367170398262e-11,1.3533367170398265e-11,1.3533367170398273e-11,1.3533367170398273e-11,1.3533367170398276e-11,1.3533367170398278e-11,1.3533367170398281e-11,1.3533367170398286e-11,1.3533367170398288e-11,1.3533367170398291e-11,1.3533367170398293e-11,1.3533367170398299e-11,1.3533367170398302e-11,1.3533367170398304e-11,1.3533367170398304e-11,1.3533367170398307e-11,1.3533367170398314e-11,1.3533367170398314e-11,1.3533367170398318e-11,1.3533367170398322e-11,1.3533367170398325e-11,1.3533367170398328e-11,1.3533367170398331e-11,1.3533367170398333e-11,1.3533367170398336e-11,1.3533367170398335e-11,1.3533367170398341e-11,1.353336717039834e-11,1.3533367170398346e-11,1.3533367170398349e-11,1.3533367170398349e-11,1.3533367170398354e-11,1.3533367170398357e-11,1.353336717039836e-11,1.3533367170398362e-11,1.3533367170398369e-11,1.3533367170398369e-11,1.3533367170398372e-11,1.3533367170398375e-11,1.3533367170398377e-11,1.3533367170398381e-11,1.3533367170398385e-11,1.3533367170398388e-11,1.3533367170398391e-11,1.3533367170398394e-11,1.3533367170398398e-11,1.3533367170398401e-11,1.3533367170398404e-11,1.3533367170398409e-11,1.3533367170398412e-11,1.3533367170398412e-11,1.353336717039842e-11,1.3533367170398423e-11,1.3533367170398427e-11,1.3533367170398428e-11,1.3533367170398432e-11,1.3533367170398428e-11,1.3533367170398435e-11,1.353336717039844e-11,1.3533367170398438e-11,1.3533367170398444e-11,1.3533367170398443e-11,1.3533367170398451e-11,1.3533367170398453e-11,1.3533367170398453e-11,1.3533367170398459e-11,1.353336717039846e-11,1.353336717039846e-11,1.3533367170398465e-11,1.3533367170398467e-11,1.353336717039847e-11,1.3533367170398474e-11,1.3533367170398477e-11,1.353336717039848e-11,1.3533367170398483e-11,1.353336717039848e-11,1.353336717039849e-11,1.3533367170398491e-11,1.3533367170398493e-11,1.3533367170398496e-11,1.3533367170398496e-11,1.3533367170398504e-11,1.3533367170398507e-11,1.3533367170398507e-11,1.3533367170398512e-11,1.3533367170398516e-11,1.3533367170398519e-11,1.3533367170398522e-11,1.3533367170398524e-11,1.3533367170398527e-11,1.3533367170398528e-11,1.3533367170398535e-11,1.3533367170398537e-11,1.3533367170398538e-11,1.3533367170398541e-11,1.3533367170398545e-11,1.3533367170398548e-11,1.3533367170398554e-11,1.3533367170398553e-11,1.3533367170398562e-11,1.3533367170398559e-11,1.3533367170398567e-11,1.3533367170398566e-11,1.3533367170398572e-11,1.3533367170398575e-11,1.3533367170398577e-11,1.353336717039858e-11,1.3533367170398583e-11,1.3533367170398587e-11,1.353336717039859e-11,1.3533367170398591e-11,1.3533367170398595e-11,1.3533367170398596e-11,1.3533367170398603e-11,1.3533367170398604e-11,1.3533367170398608e-11,1.3533367170398611e-11,1.3533367170398614e-11,1.3533367170398616e-11,1.353336717039862e-11,1.3533367170398629e-11,1.3533367170398629e-11,1.353336717039863e-11,1.3533367170398635e-11,1.3533367170398633e-11,1.3533367170398637e-11,1.3533367170398642e-11,1.3533367170398645e-11,1.3533367170398646e-11,1.3533367170398651e-11,1.3533367170398653e-11,1.3533367170398656e-11,1.3533367170398656e-11,1.3533367170398661e-11,1.3533367170398664e-11,1.3533367170398669e-11,1.3533367170398672e-11,1.3533367170398675e-11,1.3533367170398677e-11,1.3533367170398682e-11,1.3533367170398685e-11,1.3533367170398688e-11,1.3533367170398688e-11,1.3533367170398688e-11,1.3533367170398696e-11,1.35333671703987e-11,1.3533367170398701e-11,1.3533367170398705e-11,1.3533367170398706e-11,1.3533367170398713e-11,1.3533367170398714e-11,1.3533367170398716e-11,1.3533367170398719e-11,1.3533367170398724e-11,1.3533367170398727e-11,1.3533367170398729e-11,1.353336717039873e-11,1.3533367170398734e-11,1.3533367170398737e-11,1.3533367170398737e-11,1.3533367170398743e-11,1.3533367170398745e-11,1.353336717039875e-11,1.3533367170398755e-11,1.3533367170398753e-11,1.3533367170398756e-11,1.3533367170398764e-11,1.3533367170398764e-11,1.3533367170398766e-11,1.3533367170398769e-11,1.3533367170398772e-11,1.3533367170398774e-11,1.3533367170398777e-11,1.3533367170398784e-11,1.3533367170398785e-11,1.3533367170398785e-11,1.353336717039879e-11,1.3533367170398793e-11,1.35333671703988e-11,1.35333671703988e-11,1.35333671703988e-11,1.3533367170398806e-11,1.3533367170398808e-11,1.353336717039881e-11,1.3533367170398813e-11,1.3533367170398816e-11,1.3533367170398816e-11,1.3533367170398821e-11,1.3533367170398827e-11,1.3533367170398827e-11,1.3533367170398834e-11,1.3533367170398832e-11,1.3533367170398839e-11,1.3533367170398842e-11,1.3533367170398843e-11,1.3533367170398848e-11,1.3533367170398852e-11,1.3533367170398852e-11,1.3533367170398855e-11,1.353336717039886e-11,1.3533367170398863e-11,1.3533367170398864e-11,1.3533367170398868e-11,1.353336717039887e-11,1.3533367170398874e-11,1.3533367170398877e-11,1.353336717039888e-11,1.3533367170398882e-11,1.3533367170398887e-11,1.353336717039889e-11,1.3533367170398894e-11,1.3533367170398895e-11,1.35333671703989e-11,1.3533367170398903e-11,1.3533367170398905e-11,1.3533367170398906e-11,1.353336717039891e-11,1.3533367170398915e-11,1.3533367170398915e-11,1.3533367170398918e-11,1.3533367170398921e-11,1.3533367170398921e-11,1.3533367170398926e-11,1.3533367170398928e-11,1.353336717039893e-11,1.3533367170398937e-11,1.3533367170398937e-11,1.3533367170398942e-11,1.3533367170398942e-11,1.3533367170398944e-11,1.3533367170398945e-11,1.3533367170398949e-11,1.3533367170398957e-11,1.3533367170398957e-11,1.3533367170398961e-11,1.3533367170398961e-11,1.353336717039897e-11,1.353336717039897e-11,1.3533367170398973e-11,1.3533367170398973e-11,1.353336717039898e-11,1.3533367170398978e-11,1.3533367170398984e-11,1.3533367170398986e-11,1.3533367170398987e-11,1.3533367170398989e-11,1.3533367170398997e-11,1.3533367170399e-11,1.3533367170399003e-11,1.3533367170399007e-11,1.353336717039901e-11,1.3533367170399013e-11,1.3533367170399016e-11,1.353336717039902e-11,1.3533367170399021e-11,1.3533367170399024e-11,1.3533367170399028e-11,1.353336717039903e-11,1.3533367170399031e-11,1.3533367170399031e-11,1.3533367170399037e-11,1.353336717039904e-11,1.3533367170399042e-11,1.3533367170399042e-11,1.3533367170399045e-11,1.353336717039905e-11,1.3533367170399054e-11,1.3533367170399057e-11,1.353336717039906e-11,1.3533367170399065e-11,1.3533367170399065e-11,1.3533367170399068e-11,1.3533367170399071e-11,1.3533367170399073e-11,1.3533367170399078e-11,1.353336717039908e-11,1.3533367170399081e-11,1.3533367170399083e-11,1.3533367170399084e-11,1.353336717039909e-11,1.3533367170399096e-11,1.3533367170399097e-11,1.3533367170399099e-11,1.35333671703991e-11,1.3533367170399104e-11,1.3533367170399107e-11,1.3533367170399107e-11,1.3533367170399112e-11,1.3533367170399113e-11,1.3533367170399118e-11,1.353336717039912e-11,1.3533367170399123e-11,1.3533367170399126e-11,1.3533367170399128e-11,1.3533367170399134e-11,1.3533367170399134e-11,1.3533367170399138e-11,1.3533367170399139e-11,1.3533367170399144e-11,1.3533367170399147e-11,1.353336717039915e-11,1.3533367170399152e-11,1.3533367170399154e-11,1.3533367170399159e-11,1.3533367170399162e-11,1.353336717039916e-11,1.3533367170399165e-11,1.3533367170399167e-11,1.3533367170399173e-11,1.3533367170399175e-11,1.3533367170399178e-11,1.3533367170399181e-11,1.3533367170399181e-11,1.3533367170399188e-11,1.353336717039919e-11,1.3533367170399192e-11,1.3533367170399191e-11,1.3533367170399197e-11,1.3533367170399202e-11,1.3533367170399204e-11,1.3533367170399209e-11,1.3533367170399213e-11,1.3533367170399217e-11,1.3533367170399218e-11,1.3533367170399222e-11,1.353336717039922e-11,1.3533367170399228e-11,1.3533367170399228e-11,1.3533367170399233e-11,1.3533367170399234e-11,1.3533367170399238e-11,1.3533367170399244e-11,1.3533367170399246e-11,1.3533367170399246e-11,1.353336717039925e-11,1.3533367170399254e-11,1.3533367170399257e-11,1.3533367170399259e-11,1.3533367170399264e-11,1.3533367170399265e-11,1.3533367170399268e-11,1.3533367170399272e-11,1.3533367170399278e-11,1.3533367170399281e-11,1.3533367170399283e-11,1.353336717039929e-11,1.353336717039929e-11,1.3533367170399297e-11,1.3533367170399297e-11,1.3533367170399297e-11,1.3533367170399304e-11,1.3533367170399304e-11,1.3533367170399312e-11,1.353336717039931e-11,1.3533367170399314e-11,1.353336717039932e-11,1.3533367170399322e-11,1.3533367170399325e-11,1.3533367170399328e-11,1.3533367170399328e-11,1.3533367170399333e-11,1.3533367170399333e-11,1.3533367170399336e-11,1.3533367170399338e-11,1.3533367170399341e-11,1.3533367170399344e-11,1.3533367170399352e-11,1.3533367170399352e-11,1.3533367170399356e-11,1.3533367170399352e-11,1.353336717039936e-11,1.3533367170399359e-11,1.3533367170399365e-11,1.3533367170399369e-11,1.3533367170399367e-11,1.3533367170399372e-11,1.3533367170399375e-11,1.3533367170399372e-11,1.353336717039938e-11,1.3533367170399377e-11,1.3533367170399386e-11,1.3533367170399388e-11,1.3533367170399386e-11,1.3533367170399391e-11,1.3533367170399394e-11,1.3533367170399396e-11,1.35333671703994e-11,1.3533367170399401e-11,1.3533367170399406e-11,1.3533367170399409e-11,1.3533367170399412e-11,1.3533367170399414e-11,1.3533367170399412e-11,1.353336717039942e-11,1.3533367170399419e-11,1.3533367170399422e-11,1.3533367170399427e-11,1.3533367170399428e-11,1.3533367170399433e-11,1.3533367170399436e-11,1.3533367170399438e-11,1.3533367170399436e-11,1.3533367170399444e-11,1.3533367170399448e-11,1.353336717039945e-11,1.3533367170399453e-11,1.3533367170399456e-11,1.353336717039946e-11,1.3533367170399464e-11,1.3533367170399464e-11,1.3533367170399469e-11,1.3533367170399469e-11,1.3533367170399475e-11,1.3533367170399478e-11,1.353336717039948e-11,1.3533367170399483e-11,1.353336717039949e-11,1.3533367170399491e-11,1.3533367170399495e-11,1.3533367170399501e-11,1.3533367170399504e-11,1.3533367170399504e-11,1.3533367170399507e-11,1.3533367170399512e-11,1.3533367170399512e-11,1.3533367170399514e-11,1.353336717039952e-11,1.353336717039952e-11,1.3533367170399527e-11,1.3533367170399528e-11,1.3533367170399532e-11,1.3533367170399533e-11,1.3533367170399537e-11,1.3533367170399538e-11,1.3533367170399541e-11,1.3533367170399545e-11,1.3533367170399545e-11,1.3533367170399548e-11,1.3533367170399554e-11,1.3533367170399556e-11,1.353336717039956e-11,1.3533367170399561e-11,1.3533367170399566e-11,1.3533367170399566e-11,1.3533367170399567e-11,1.353336717039957e-11,1.3533367170399575e-11,1.3533367170399575e-11,1.3533367170399582e-11,1.3533367170399583e-11,1.3533367170399587e-11,1.3533367170399585e-11,1.3533367170399595e-11,1.3533367170399593e-11,1.3533367170399598e-11,1.3533367170399598e-11,1.3533367170399604e-11,1.3533367170399606e-11,1.3533367170399611e-11,1.3533367170399613e-11,1.3533367170399616e-11,1.3533367170399617e-11,1.3533367170399622e-11,1.3533367170399625e-11,1.3533367170399629e-11,1.3533367170399629e-11,1.3533367170399635e-11,1.3533367170399637e-11,1.353336717039964e-11,1.3533367170399643e-11,1.3533367170399645e-11,1.3533367170399648e-11,1.3533367170399651e-11,1.3533367170399658e-11,1.3533367170399658e-11,1.3533367170399664e-11,1.3533367170399667e-11,1.353336717039967e-11,1.3533367170399672e-11,1.3533367170399676e-11,1.353336717039968e-11,1.3533367170399682e-11,1.3533367170399682e-11,1.3533367170399687e-11,1.3533367170399692e-11,1.3533367170399695e-11,1.3533367170399697e-11,1.3533367170399698e-11,1.3533367170399705e-11,1.3533367170399705e-11,1.3533367170399706e-11,1.353336717039971e-11,1.3533367170399713e-11,1.3533367170399713e-11,1.3533367170399718e-11,1.353336717039972e-11,1.3533367170399724e-11,1.3533367170399726e-11,1.3533367170399724e-11,1.3533367170399732e-11,1.3533367170399734e-11,1.3533367170399737e-11,1.353336717039974e-11,1.3533367170399745e-11,1.3533367170399745e-11,1.3533367170399753e-11,1.3533367170399753e-11,1.3533367170399758e-11,1.3533367170399761e-11,1.3533367170399764e-11,1.3533367170399766e-11,1.3533367170399772e-11,1.3533367170399777e-11,1.353336717039978e-11,1.3533367170399779e-11,1.3533367170399784e-11,1.3533367170399787e-11,1.353336717039979e-11,1.3533367170399792e-11,1.3533367170399793e-11,1.3533367170399798e-11,1.3533367170399802e-11,1.3533367170399802e-11,1.3533367170399806e-11,1.3533367170399806e-11,1.3533367170399813e-11,1.3533367170399814e-11,1.3533367170399814e-11,1.3533367170399814e-11,1.3533367170399823e-11,1.3533367170399821e-11,1.3533367170399826e-11,1.3533367170399826e-11,1.3533367170399832e-11,1.3533367170399834e-11,1.3533367170399834e-11,1.3533367170399839e-11,1.3533367170399842e-11,1.3533367170399844e-11,1.3533367170399847e-11,1.3533367170399845e-11,1.3533367170399853e-11,1.3533367170399856e-11,1.3533367170399858e-11,1.353336717039986e-11,1.3533367170399863e-11,1.3533367170399868e-11,1.3533367170399873e-11,1.3533367170399874e-11,1.3533367170399879e-11,1.353336717039988e-11,1.3533367170399882e-11,1.3533367170399887e-11,1.3533367170399889e-11,1.3533367170399895e-11,1.3533367170399897e-11,1.3533367170399898e-11,1.3533367170399902e-11,1.3533367170399903e-11,1.353336717039991e-11,1.3533367170399911e-11,1.3533367170399913e-11,1.3533367170399916e-11,1.3533367170399921e-11,1.353336717039992e-11,1.3533367170399926e-11,1.3533367170399926e-11,1.3533367170399932e-11,1.3533367170399937e-11,1.3533367170399936e-11,1.3533367170399942e-11,1.353336717039994e-11,1.3533367170399949e-11,1.353336717039995e-11,1.353336717039995e-11,1.3533367170399957e-11,1.3533367170399958e-11,1.3533367170399958e-11,1.3533367170399963e-11,1.3533367170399966e-11,1.353336717039997e-11,1.3533367170399973e-11,1.3533367170399971e-11,1.3533367170399978e-11,1.3533367170399982e-11,1.3533367170399986e-11,1.3533367170399989e-11,1.3533367170399992e-11,1.3533367170399992e-11,1.3533367170399995e-11,1.3533367170399997e-11,1.3533367170400003e-11,1.3533367170400005e-11,1.3533367170400007e-11,1.3533367170400012e-11,1.3533367170400016e-11,1.3533367170400016e-11,1.353336717040002e-11,1.3533367170400021e-11,1.3533367170400026e-11,1.3533367170400031e-11,1.3533367170400034e-11,1.3533367170400037e-11,1.3533367170400036e-11,1.3533367170400039e-11,1.3533367170400044e-11,1.3533367170400049e-11,1.3533367170400049e-11,1.3533367170400052e-11,1.3533367170400057e-11,1.353336717040006e-11,1.3533367170400063e-11,1.3533367170400066e-11,1.3533367170400071e-11,1.3533367170400071e-11,1.3533367170400073e-11,1.3533367170400076e-11,1.353336717040008e-11,1.3533367170400086e-11,1.3533367170400087e-11,1.3533367170400087e-11,1.3533367170400094e-11,1.3533367170400099e-11,1.3533367170400102e-11,1.35333671704001e-11,1.3533367170400104e-11,1.3533367170400105e-11,1.3533367170400108e-11,1.3533367170400112e-11,1.3533367170400113e-11,1.3533367170400118e-11,1.353336717040012e-11,1.3533367170400126e-11,1.353336717040013e-11,1.3533367170400133e-11,1.3533367170400133e-11,1.3533367170400136e-11,1.3533367170400139e-11,1.3533367170400146e-11,1.3533367170400149e-11,1.3533367170400149e-11,1.3533367170400154e-11,1.3533367170400155e-11,1.3533367170400159e-11,1.3533367170400162e-11,1.3533367170400167e-11,1.353336717040017e-11,1.353336717040017e-11,1.3533367170400175e-11,1.3533367170400178e-11,1.3533367170400175e-11,1.353336717040018e-11,1.3533367170400183e-11,1.3533367170400186e-11,1.353336717040019e-11,1.3533367170400194e-11,1.3533367170400194e-11,1.3533367170400194e-11,1.3533367170400202e-11,1.3533367170400204e-11,1.3533367170400207e-11,1.353336717040021e-11,1.3533367170400212e-11,1.3533367170400215e-11,1.3533367170400218e-11,1.3533367170400223e-11,1.3533367170400223e-11,1.3533367170400226e-11,1.3533367170400228e-11,1.3533367170400228e-11,1.3533367170400235e-11,1.3533367170400235e-11,1.353336717040024e-11,1.3533367170400243e-11,1.3533367170400243e-11,1.3533367170400247e-11,1.353336717040025e-11,1.3533367170400252e-11,1.3533367170400252e-11,1.353336717040026e-11,1.3533367170400264e-11,1.3533367170400267e-11,1.3533367170400267e-11,1.353336717040027e-11,1.3533367170400275e-11,1.3533367170400278e-11,1.353336717040028e-11,1.3533367170400281e-11,1.3533367170400286e-11,1.3533367170400293e-11,1.3533367170400291e-11,1.3533367170400298e-11,1.35333671704003e-11,1.3533367170400296e-11,1.3533367170400302e-11,1.3533367170400304e-11,1.3533367170400309e-11,1.353336717040031e-11,1.3533367170400314e-11,1.3533367170400319e-11,1.3533367170400319e-11,1.353336717040032e-11,1.3533367170400323e-11,1.3533367170400327e-11,1.3533367170400331e-11,1.3533367170400338e-11,1.3533367170400341e-11,1.3533367170400344e-11,1.3533367170400346e-11,1.353336717040035e-11,1.353336717040035e-11,1.3533367170400356e-11,1.3533367170400356e-11,1.3533367170400359e-11,1.3533367170400362e-11,1.3533367170400364e-11,1.3533367170400365e-11,1.3533367170400365e-11,1.353336717040037e-11,1.3533367170400372e-11,1.3533367170400372e-11,1.3533367170400378e-11,1.353336717040038e-11,1.3533367170400382e-11,1.3533367170400385e-11,1.3533367170400388e-11,1.353336717040039e-11,1.3533367170400391e-11,1.3533367170400393e-11,1.3533367170400396e-11,1.35333671704004e-11,1.3533367170400403e-11,1.3533367170400401e-11,1.3533367170400404e-11,1.3533367170400407e-11,1.353336717040041e-11,1.353336717040041e-11,1.3533367170400417e-11,1.3533367170400417e-11,1.3533367170400419e-11,1.3533367170400422e-11,1.3533367170400425e-11,1.3533367170400427e-11,1.3533367170400428e-11,1.3533367170400433e-11,1.3533367170400433e-11,1.3533367170400435e-11,1.3533367170400443e-11,1.3533367170400443e-11,1.3533367170400446e-11,1.353336717040045e-11,1.3533367170400453e-11,1.3533367170400454e-11,1.3533367170400459e-11,1.3533367170400459e-11,1.3533367170400462e-11,1.3533367170400466e-11,1.3533367170400467e-11,1.353336717040047e-11,1.3533367170400474e-11,1.3533367170400478e-11,1.3533367170400482e-11,1.3533367170400485e-11,1.3533367170400485e-11,1.3533367170400487e-11,1.3533367170400493e-11,1.3533367170400495e-11,1.3533367170400501e-11,1.3533367170400503e-11,1.3533367170400506e-11,1.3533367170400509e-11,1.353336717040051e-11,1.353336717040051e-11,1.3533367170400514e-11,1.3533367170400512e-11,1.3533367170400517e-11,1.353336717040052e-11,1.3533367170400525e-11,1.3533367170400525e-11,1.3533367170400525e-11,1.3533367170400532e-11,1.3533367170400533e-11,1.3533367170400535e-11,1.353336717040054e-11,1.353336717040054e-11,1.3533367170400545e-11,1.3533367170400548e-11,1.353336717040055e-11,1.3533367170400553e-11,1.3533367170400556e-11,1.353336717040056e-11,1.353336717040056e-11,1.3533367170400562e-11,1.3533367170400566e-11,1.3533367170400572e-11,1.3533367170400572e-11,1.3533367170400574e-11,1.3533367170400577e-11,1.3533367170400579e-11,1.3533367170400582e-11,1.3533367170400582e-11,1.3533367170400585e-11,1.3533367170400588e-11,1.353336717040059e-11,1.3533367170400596e-11,1.3533367170400595e-11,1.3533367170400598e-11,1.3533367170400603e-11,1.3533367170400604e-11,1.3533367170400606e-11,1.3533367170400611e-11,1.3533367170400611e-11,1.3533367170400611e-11,1.3533367170400614e-11,1.3533367170400617e-11,1.353336717040062e-11,1.3533367170400624e-11,1.3533367170400625e-11,1.3533367170400627e-11,1.353336717040063e-11,1.3533367170400634e-11,1.3533367170400634e-11,1.3533367170400637e-11,1.353336717040064e-11,1.3533367170400643e-11,1.3533367170400646e-11,1.3533367170400653e-11,1.3533367170400651e-11,1.3533367170400653e-11,1.3533367170400655e-11,1.3533367170400658e-11,1.3533367170400663e-11,1.3533367170400664e-11,1.3533367170400669e-11,1.3533367170400669e-11,1.353336717040067e-11,1.3533367170400674e-11,1.3533367170400677e-11,1.3533367170400679e-11,1.3533367170400682e-11,1.3533367170400685e-11,1.353336717040069e-11,1.3533367170400693e-11,1.3533367170400693e-11,1.3533367170400697e-11,1.35333671704007e-11,1.3533367170400703e-11,1.3533367170400706e-11,1.353336717040071e-11,1.3533367170400711e-11,1.3533367170400714e-11,1.3533367170400718e-11,1.353336717040072e-11,1.3533367170400724e-11,1.3533367170400724e-11,1.3533367170400727e-11,1.353336717040073e-11,1.3533367170400732e-11,1.3533367170400735e-11,1.3533367170400739e-11,1.3533367170400742e-11,1.3533367170400743e-11,1.3533367170400747e-11,1.3533367170400748e-11,1.3533367170400748e-11,1.3533367170400751e-11,1.3533367170400755e-11,1.353336717040076e-11,1.3533367170400763e-11,1.3533367170400764e-11,1.3533367170400768e-11,1.3533367170400771e-11,1.3533367170400773e-11,1.3533367170400776e-11,1.3533367170400776e-11,1.3533367170400779e-11,1.353336717040078e-11,1.3533367170400784e-11,1.3533367170400787e-11,1.353336717040079e-11,1.3533367170400795e-11,1.3533367170400795e-11,1.3533367170400802e-11,1.3533367170400805e-11,1.3533367170400803e-11,1.3533367170400808e-11,1.353336717040081e-11,1.353336717040081e-11,1.3533367170400813e-11,1.3533367170400813e-11,1.3533367170400816e-11,1.3533367170400823e-11,1.3533367170400824e-11,1.3533367170400827e-11,1.353336717040083e-11,1.3533367170400832e-11,1.3533367170400834e-11,1.3533367170400839e-11,1.3533367170400842e-11,1.3533367170400844e-11,1.3533367170400844e-11,1.3533367170400847e-11,1.353336717040085e-11,1.3533367170400855e-11,1.3533367170400855e-11,1.3533367170400861e-11,1.3533367170400863e-11,1.3533367170400866e-11,1.3533367170400865e-11,1.3533367170400868e-11,1.3533367170400871e-11,1.3533367170400873e-11,1.3533367170400878e-11,1.353336717040088e-11,1.3533367170400884e-11,1.3533367170400887e-11,1.3533367170400887e-11,1.3533367170400894e-11,1.3533367170400894e-11,1.35333671704009e-11,1.3533367170400902e-11,1.3533367170400905e-11,1.353336717040091e-11,1.353336717040091e-11,1.3533367170400913e-11,1.3533367170400916e-11,1.353336717040092e-11,1.3533367170400921e-11,1.3533367170400924e-11,1.3533367170400928e-11,1.3533367170400931e-11,1.3533367170400931e-11,1.3533367170400934e-11,1.3533367170400936e-11,1.3533367170400939e-11,1.353336717040094e-11,1.3533367170400942e-11,1.3533367170400949e-11,1.3533367170400952e-11,1.3533367170400955e-11,1.3533367170400957e-11,1.3533367170400958e-11,1.3533367170400963e-11,1.3533367170400966e-11,1.3533367170400965e-11,1.353336717040097e-11,1.3533367170400971e-11,1.3533367170400976e-11,1.3533367170400978e-11,1.3533367170400983e-11,1.3533367170400983e-11,1.3533367170400986e-11,1.3533367170400987e-11,1.353336717040099e-11,1.3533367170400994e-11,1.3533367170400997e-11,1.3533367170401e-11,1.3533367170401002e-11,1.3533367170401005e-11,1.3533367170401008e-11,1.353336717040101e-11,1.3533367170401013e-11,1.3533367170401016e-11,1.3533367170401018e-11,1.3533367170401025e-11,1.3533367170401025e-11,1.3533367170401026e-11,1.353336717040103e-11,1.3533367170401033e-11,1.3533367170401033e-11,1.3533367170401034e-11,1.353336717040104e-11,1.3533367170401044e-11,1.3533367170401047e-11,1.3533367170401049e-11,1.3533367170401049e-11,1.3533367170401054e-11,1.3533367170401054e-11,1.3533367170401057e-11,1.3533367170401062e-11,1.3533367170401065e-11,1.3533367170401067e-11,1.3533367170401073e-11,1.3533367170401073e-11,1.3533367170401076e-11,1.3533367170401076e-11,1.3533367170401078e-11,1.3533367170401081e-11,1.3533367170401084e-11,1.3533367170401084e-11,1.3533367170401089e-11,1.3533367170401092e-11,1.3533367170401096e-11,1.3533367170401097e-11,1.35333671704011e-11,1.3533367170401104e-11,1.3533367170401109e-11,1.353336717040111e-11,1.3533367170401113e-11,1.3533367170401117e-11,1.3533367170401118e-11,1.353336717040112e-11,1.3533367170401123e-11,1.3533367170401126e-11,1.3533367170401133e-11,1.3533367170401134e-11,1.3533367170401138e-11,1.3533367170401141e-11,1.3533367170401141e-11,1.3533367170401141e-11,1.3533367170401142e-11,1.3533367170401149e-11,1.3533367170401149e-11,1.3533367170401152e-11,1.3533367170401155e-11,1.3533367170401157e-11,1.3533367170401159e-11,1.3533367170401162e-11,1.3533367170401165e-11,1.3533367170401165e-11,1.3533367170401167e-11,1.3533367170401173e-11,1.3533367170401172e-11,1.3533367170401173e-11,1.3533367170401178e-11,1.3533367170401178e-11,1.3533367170401181e-11,1.3533367170401184e-11,1.3533367170401188e-11,1.3533367170401188e-11,1.3533367170401193e-11,1.3533367170401196e-11,1.3533367170401196e-11,1.3533367170401197e-11,1.35333671704012e-11,1.3533367170401204e-11,1.3533367170401205e-11,1.3533367170401212e-11,1.3533367170401215e-11,1.3533367170401217e-11,1.3533367170401217e-11,1.3533367170401218e-11,1.3533367170401223e-11,1.3533367170401225e-11,1.3533367170401225e-11,1.3533367170401231e-11,1.3533367170401233e-11,1.3533367170401236e-11,1.353336717040124e-11,1.353336717040124e-11,1.3533367170401243e-11,1.3533367170401246e-11,1.3533367170401247e-11,1.3533367170401249e-11,1.3533367170401249e-11,1.3533367170401252e-11,1.3533367170401256e-11,1.353336717040126e-11,1.3533367170401264e-11,1.3533367170401267e-11,1.3533367170401268e-11,1.353336717040127e-11,1.3533367170401273e-11,1.3533367170401278e-11,1.353336717040128e-11,1.3533367170401283e-11,1.3533367170401286e-11,1.3533367170401288e-11,1.3533367170401291e-11,1.3533367170401294e-11,1.3533367170401298e-11,1.3533367170401302e-11,1.3533367170401302e-11,1.3533367170401306e-11,1.353336717040131e-11,1.353336717040131e-11,1.3533367170401312e-11,1.3533367170401314e-11,1.3533367170401319e-11,1.353336717040132e-11,1.3533367170401323e-11,1.3533367170401327e-11,1.353336717040133e-11,1.353336717040133e-11,1.3533367170401335e-11,1.3533367170401338e-11,1.353336717040134e-11,1.3533367170401343e-11,1.3533367170401343e-11,1.3533367170401346e-11,1.3533367170401348e-11,1.3533367170401351e-11,1.3533367170401354e-11,1.3533367170401357e-11,1.3533367170401357e-11,1.3533367170401359e-11,1.3533367170401359e-11,1.3533367170401364e-11,1.3533367170401367e-11,1.353336717040137e-11,1.353336717040137e-11,1.3533367170401374e-11,1.3533367170401377e-11,1.3533367170401378e-11,1.353336717040138e-11,1.3533367170401383e-11,1.3533367170401386e-11,1.353336717040139e-11,1.353336717040139e-11,1.3533367170401391e-11,1.3533367170401395e-11,1.3533367170401401e-11,1.3533367170401404e-11,1.3533367170401404e-11,1.3533367170401407e-11,1.353336717040141e-11,1.353336717040141e-11,1.3533367170401416e-11,1.3533367170401419e-11,1.353336717040142e-11,1.3533367170401424e-11,1.3533367170401427e-11,1.3533367170401428e-11,1.3533367170401428e-11,1.3533367170401437e-11,1.353336717040144e-11,1.3533367170401441e-11,1.3533367170401445e-11,1.3533367170401448e-11,1.3533367170401454e-11,1.3533367170401454e-11,1.3533367170401458e-11,1.3533367170401459e-11,1.3533367170401462e-11,1.353336717040146e-11,1.3533367170401464e-11,1.3533367170401464e-11,1.3533367170401469e-11,1.3533367170401472e-11,1.3533367170401475e-11,1.3533367170401477e-11,1.353336717040148e-11,1.3533367170401482e-11,1.3533367170401485e-11,1.3533367170401485e-11,1.3533367170401488e-11,1.3533367170401491e-11,1.3533367170401495e-11,1.3533367170401496e-11,1.35333671704015e-11,1.3533367170401503e-11,1.3533367170401503e-11,1.3533367170401504e-11,1.3533367170401508e-11,1.3533367170401512e-11,1.3533367170401517e-11,1.3533367170401519e-11,1.3533367170401519e-11,1.3533367170401522e-11,1.3533367170401522e-11,1.3533367170401525e-11,1.353336717040153e-11,1.3533367170401535e-11,1.3533367170401535e-11,1.3533367170401538e-11,1.3533367170401542e-11,1.3533367170401543e-11,1.3533367170401546e-11,1.353336717040155e-11,1.3533367170401551e-11,1.3533367170401554e-11,1.3533367170401556e-11,1.353336717040156e-11,1.353336717040156e-11,1.3533367170401563e-11,1.3533367170401564e-11,1.3533367170401567e-11,1.353336717040157e-11,1.3533367170401572e-11,1.3533367170401574e-11,1.3533367170401574e-11,1.3533367170401577e-11,1.353336717040158e-11,1.3533367170401584e-11,1.3533367170401587e-11,1.3533367170401588e-11,1.3533367170401592e-11,1.3533367170401595e-11,1.3533367170401596e-11,1.3533367170401601e-11,1.3533367170401601e-11,1.3533367170401603e-11,1.3533367170401605e-11,1.3533367170401608e-11,1.3533367170401611e-11,1.3533367170401614e-11,1.3533367170401617e-11,1.3533367170401619e-11,1.353336717040162e-11,1.3533367170401626e-11,1.3533367170401627e-11,1.353336717040163e-11,1.353336717040163e-11,1.3533367170401635e-11,1.3533367170401638e-11,1.353336717040164e-11,1.353336717040164e-11,1.3533367170401647e-11,1.3533367170401647e-11,1.353336717040165e-11,1.353336717040165e-11,1.3533367170401653e-11,1.3533367170401655e-11,1.3533367170401656e-11,1.3533367170401661e-11,1.3533367170401664e-11,1.3533367170401666e-11,1.3533367170401669e-11,1.3533367170401672e-11,1.3533367170401672e-11,1.3533367170401676e-11,1.3533367170401679e-11,1.3533367170401682e-11,1.3533367170401685e-11,1.3533367170401689e-11,1.3533367170401692e-11,1.3533367170401692e-11,1.3533367170401695e-11,1.3533367170401697e-11,1.35333671704017e-11,1.3533367170401703e-11,1.3533367170401705e-11,1.3533367170401708e-11,1.3533367170401711e-11,1.3533367170401713e-11,1.3533367170401716e-11,1.353336717040172e-11,1.353336717040172e-11,1.3533367170401721e-11,1.3533367170401727e-11,1.3533367170401727e-11,1.3533367170401734e-11,1.3533367170401735e-11,1.3533367170401735e-11,1.353336717040174e-11,1.3533367170401739e-11,1.353336717040174e-11,1.3533367170401743e-11,1.3533367170401747e-11,1.353336717040175e-11,1.3533367170401752e-11,1.3533367170401755e-11,1.3533367170401756e-11,1.3533367170401756e-11,1.3533367170401758e-11,1.3533367170401761e-11,1.3533367170401764e-11,1.353336717040177e-11,1.3533367170401771e-11,1.3533367170401773e-11,1.3533367170401776e-11,1.3533367170401779e-11,1.353336717040178e-11,1.3533367170401784e-11,1.3533367170401785e-11,1.3533367170401789e-11,1.3533367170401792e-11,1.3533367170401795e-11,1.3533367170401797e-11,1.3533367170401802e-11,1.3533367170401805e-11,1.3533367170401808e-11,1.353336717040181e-11,1.3533367170401813e-11,1.3533367170401816e-11,1.3533367170401815e-11,1.353336717040182e-11,1.353336717040182e-11,1.3533367170401824e-11,1.3533367170401827e-11,1.353336717040183e-11,1.3533367170401832e-11,1.3533367170401836e-11,1.3533367170401839e-11,1.353336717040184e-11,1.3533367170401844e-11,1.3533367170401847e-11,1.353336717040185e-11,1.3533367170401855e-11,1.3533367170401857e-11,1.3533367170401857e-11,1.353336717040186e-11,1.3533367170401863e-11,1.3533367170401866e-11,1.3533367170401866e-11,1.353336717040187e-11,1.3533367170401871e-11,1.3533367170401871e-11,1.3533367170401874e-11,1.353336717040188e-11,1.3533367170401882e-11,1.3533367170401886e-11,1.3533367170401889e-11,1.3533367170401889e-11,1.3533367170401894e-11,1.3533367170401897e-11,1.35333671704019e-11,1.3533367170401905e-11,1.3533367170401908e-11,1.3533367170401911e-11,1.353336717040191e-11,1.3533367170401918e-11,1.353336717040192e-11,1.3533367170401924e-11,1.3533367170401926e-11,1.353336717040193e-11,1.3533367170401932e-11,1.3533367170401934e-11,1.3533367170401936e-11,1.3533367170401936e-11,1.3533367170401939e-11,1.3533367170401942e-11,1.3533367170401945e-11,1.3533367170401949e-11,1.353336717040195e-11,1.3533367170401955e-11,1.3533367170401958e-11,1.3533367170401962e-11,1.3533367170401962e-11,1.3533367170401963e-11,1.3533367170401968e-11,1.353336717040197e-11,1.3533367170401974e-11,1.3533367170401974e-11,1.3533367170401978e-11,1.353336717040198e-11,1.3533367170401981e-11,1.3533367170401981e-11,1.3533367170401986e-11,1.3533367170401986e-11,1.353336717040199e-11,1.3533367170401994e-11,1.3533367170401999e-11,1.3533367170402002e-11,1.3533367170402004e-11,1.3533367170402007e-11,1.3533367170402005e-11,1.3533367170402012e-11,1.3533367170402012e-11,1.3533367170402015e-11,1.3533367170402015e-11,1.353336717040202e-11,1.3533367170402023e-11,1.3533367170402025e-11,1.3533367170402028e-11,1.3533367170402031e-11,1.3533367170402033e-11,1.3533367170402036e-11,1.3533367170402039e-11,1.353336717040204e-11,1.3533367170402042e-11,1.3533367170402047e-11,1.3533367170402047e-11,1.353336717040205e-11,1.3533367170402054e-11,1.3533367170402054e-11,1.3533367170402057e-11,1.3533367170402062e-11,1.3533367170402063e-11,1.3533367170402067e-11,1.353336717040207e-11,1.3533367170402071e-11,1.3533367170402073e-11,1.3533367170402076e-11,1.353336717040208e-11,1.353336717040208e-11,1.3533367170402083e-11,1.3533367170402088e-11,1.3533367170402091e-11,1.3533367170402096e-11,1.3533367170402096e-11,1.3533367170402097e-11,1.3533367170402099e-11,1.3533367170402104e-11,1.3533367170402104e-11,1.353336717040211e-11,1.3533367170402112e-11,1.3533367170402112e-11,1.3533367170402117e-11,1.3533367170402117e-11,1.3533367170402118e-11,1.353336717040212e-11,1.3533367170402123e-11,1.3533367170402125e-11,1.3533367170402126e-11,1.353336717040213e-11,1.3533367170402133e-11,1.3533367170402134e-11,1.3533367170402138e-11,1.353336717040214e-11,1.3533367170402143e-11,1.3533367170402146e-11,1.3533367170402146e-11,1.3533367170402149e-11,1.353336717040215e-11,1.353336717040215e-11,1.3533367170402155e-11,1.3533367170402159e-11,1.3533367170402159e-11,1.3533367170402162e-11,1.3533367170402165e-11,1.3533367170402168e-11,1.3533367170402172e-11,1.3533367170402176e-11,1.3533367170402178e-11,1.3533367170402181e-11,1.3533367170402183e-11,1.3533367170402186e-11,1.3533367170402188e-11,1.3533367170402191e-11,1.3533367170402194e-11,1.3533367170402196e-11,1.3533367170402199e-11,1.35333671704022e-11,1.3533367170402202e-11,1.3533367170402206e-11,1.3533367170402209e-11,1.353336717040221e-11,1.3533367170402214e-11,1.3533367170402217e-11,1.3533367170402218e-11,1.3533367170402222e-11,1.3533367170402223e-11,1.3533367170402225e-11,1.3533367170402228e-11,1.353336717040223e-11,1.3533367170402233e-11,1.3533367170402236e-11,1.353336717040224e-11,1.353336717040224e-11,1.3533367170402246e-11,1.3533367170402248e-11,1.353336717040225e-11,1.353336717040225e-11,1.3533367170402257e-11,1.3533367170402257e-11,1.353336717040226e-11,1.3533367170402264e-11,1.3533367170402264e-11,1.3533367170402267e-11,1.3533367170402272e-11,1.3533367170402275e-11,1.3533367170402273e-11,1.3533367170402278e-11,1.353336717040228e-11,1.353336717040228e-11,1.3533367170402285e-11,1.3533367170402283e-11,1.3533367170402288e-11,1.3533367170402288e-11,1.3533367170402291e-11,1.3533367170402294e-11,1.3533367170402296e-11,1.3533367170402301e-11,1.3533367170402304e-11,1.3533367170402304e-11,1.3533367170402307e-11,1.353336717040231e-11,1.353336717040231e-11,1.3533367170402315e-11,1.3533367170402319e-11,1.3533367170402322e-11,1.3533367170402325e-11,1.3533367170402328e-11,1.3533367170402332e-11,1.3533367170402333e-11,1.3533367170402335e-11,1.353336717040234e-11,1.353336717040234e-11,1.3533367170402346e-11,1.3533367170402348e-11,1.353336717040235e-11,1.3533367170402353e-11,1.3533367170402354e-11,1.3533367170402357e-11,1.3533367170402359e-11,1.3533367170402362e-11,1.3533367170402364e-11,1.353336717040237e-11,1.3533367170402372e-11,1.3533367170402375e-11,1.3533367170402374e-11,1.353336717040238e-11,1.353336717040238e-11,1.3533367170402383e-11,1.3533367170402388e-11,1.3533367170402388e-11,1.3533367170402391e-11,1.3533367170402393e-11,1.3533367170402396e-11,1.35333671704024e-11,1.3533367170402403e-11,1.3533367170402404e-11,1.3533367170402407e-11,1.3533367170402407e-11,1.353336717040241e-11,1.3533367170402412e-11,1.3533367170402417e-11,1.3533367170402419e-11,1.3533367170402422e-11,1.3533367170402425e-11,1.3533367170402427e-11,1.353336717040243e-11,1.3533367170402433e-11,1.3533367170402437e-11,1.353336717040244e-11,1.3533367170402441e-11,1.3533367170402443e-11,1.353336717040245e-11,1.353336717040245e-11,1.3533367170402453e-11,1.3533367170402453e-11,1.3533367170402456e-11,1.3533367170402458e-11,1.353336717040246e-11,1.3533367170402462e-11,1.3533367170402466e-11,1.3533367170402469e-11,1.3533367170402474e-11,1.3533367170402474e-11,1.3533367170402477e-11,1.3533367170402479e-11,1.353336717040248e-11,1.3533367170402485e-11,1.3533367170402485e-11,1.3533367170402488e-11,1.3533367170402493e-11,1.3533367170402495e-11,1.3533367170402496e-11,1.35333671704025e-11,1.35333671704025e-11,1.3533367170402506e-11,1.3533367170402504e-11,1.353336717040251e-11,1.3533367170402512e-11,1.3533367170402517e-11,1.3533367170402519e-11,1.3533367170402522e-11,1.3533367170402525e-11,1.3533367170402525e-11,1.3533367170402529e-11,1.353336717040253e-11,1.3533367170402533e-11,1.3533367170402538e-11,1.3533367170402535e-11,1.3533367170402542e-11,1.3533367170402545e-11,1.3533367170402545e-11,1.353336717040255e-11,1.3533367170402553e-11,1.3533367170402556e-11,1.3533367170402556e-11,1.3533367170402563e-11,1.3533367170402561e-11,1.3533367170402564e-11,1.3533367170402567e-11,1.3533367170402572e-11,1.3533367170402574e-11,1.3533367170402577e-11,1.3533367170402579e-11,1.353336717040258e-11,1.3533367170402584e-11,1.3533367170402587e-11,1.3533367170402585e-11,1.3533367170402592e-11,1.3533367170402595e-11,1.3533367170402595e-11,1.3533367170402596e-11,1.35333671704026e-11,1.3533367170402603e-11,1.3533367170402605e-11,1.3533367170402608e-11,1.3533367170402611e-11,1.3533367170402613e-11,1.3533367170402616e-11,1.3533367170402619e-11,1.3533367170402619e-11,1.3533367170402622e-11,1.3533367170402624e-11,1.3533367170402627e-11,1.3533367170402627e-11,1.353336717040263e-11,1.3533367170402632e-11,1.3533367170402635e-11,1.3533367170402639e-11,1.353336717040264e-11,1.3533367170402643e-11,1.3533367170402643e-11,1.3533367170402647e-11,1.3533367170402647e-11,1.3533367170402648e-11,1.3533367170402651e-11,1.3533367170402655e-11,1.3533367170402656e-11,1.353336717040266e-11,1.3533367170402661e-11,1.3533367170402664e-11,1.3533367170402668e-11,1.353336717040267e-11,1.3533367170402671e-11,1.3533367170402674e-11,1.3533367170402677e-11,1.3533367170402679e-11,1.3533367170402685e-11,1.3533367170402685e-11,1.3533367170402687e-11,1.353336717040269e-11,1.353336717040269e-11,1.3533367170402693e-11,1.3533367170402695e-11,1.3533367170402698e-11,1.3533367170402705e-11,1.3533367170402708e-11,1.353336717040271e-11,1.353336717040271e-11,1.353336717040271e-11,1.3533367170402714e-11,1.3533367170402714e-11,1.3533367170402723e-11,1.353336717040272e-11,1.3533367170402723e-11,1.3533367170402727e-11,1.353336717040273e-11,1.3533367170402727e-11,1.3533367170402734e-11,1.3533367170402735e-11,1.3533367170402734e-11,1.3533367170402739e-11,1.3533367170402739e-11,1.3533367170402742e-11,1.3533367170402745e-11,1.3533367170402747e-11,1.3533367170402747e-11,1.3533367170402756e-11,1.3533367170402755e-11,1.3533367170402758e-11,1.3533367170402755e-11,1.3533367170402761e-11,1.3533367170402765e-11,1.3533367170402766e-11,1.353336717040277e-11,1.3533367170402773e-11,1.3533367170402776e-11,1.3533367170402777e-11,1.3533367170402782e-11,1.353336717040278e-11,1.353336717040278e-11,1.3533367170402786e-11,1.3533367170402786e-11,1.3533367170402789e-11,1.3533367170402792e-11,1.3533367170402795e-11,1.3533367170402798e-11,1.35333671704028e-11,1.3533367170402802e-11,1.3533367170402803e-11,1.353336717040281e-11,1.353336717040281e-11,1.3533367170402811e-11,1.3533367170402815e-11,1.3533367170402815e-11,1.3533367170402815e-11,1.3533367170402821e-11,1.3533367170402824e-11,1.3533367170402824e-11,1.3533367170402828e-11,1.353336717040283e-11,1.3533367170402834e-11,1.3533367170402837e-11,1.3533367170402834e-11,1.3533367170402837e-11,1.3533367170402842e-11,1.3533367170402842e-11,1.3533367170402845e-11,1.3533367170402847e-11,1.353336717040285e-11,1.3533367170402853e-11,1.3533367170402855e-11,1.3533367170402853e-11,1.3533367170402855e-11,1.3533367170402855e-11,1.3533367170402857e-11,1.353336717040286e-11,1.3533367170402861e-11,1.3533367170402865e-11,1.3533367170402868e-11,1.3533367170402873e-11,1.3533367170402878e-11,1.3533367170402876e-11,1.353336717040288e-11,1.3533367170402881e-11,1.3533367170402884e-11,1.3533367170402887e-11,1.3533367170402889e-11,1.3533367170402894e-11,1.3533367170402895e-11,1.3533367170402899e-11,1.35333671704029e-11,1.3533367170402902e-11,1.3533367170402903e-11,1.3533367170402907e-11,1.3533367170402907e-11,1.3533367170402908e-11,1.3533367170402912e-11,1.3533367170402916e-11,1.353336717040292e-11,1.3533367170402923e-11,1.3533367170402923e-11,1.3533367170402926e-11,1.3533367170402928e-11,1.3533367170402928e-11,1.3533367170402933e-11,1.3533367170402936e-11,1.3533367170402939e-11,1.3533367170402942e-11,1.3533367170402945e-11,1.3533367170402947e-11,1.3533367170402947e-11,1.3533367170402949e-11,1.353336717040295e-11,1.3533367170402954e-11,1.3533367170402955e-11,1.3533367170402957e-11,1.353336717040296e-11,1.3533367170402963e-11,1.3533367170402965e-11,1.3533367170402971e-11,1.3533367170402971e-11,1.3533367170402973e-11,1.3533367170402973e-11,1.3533367170402975e-11,1.3533367170402976e-11,1.353336717040298e-11,1.3533367170402983e-11,1.3533367170402981e-11,1.3533367170402987e-11,1.353336717040299e-11,1.3533367170402996e-11,1.3533367170402996e-11,1.3533367170403e-11,1.3533367170403004e-11,1.3533367170403004e-11,1.3533367170403008e-11,1.3533367170403008e-11,1.3533367170403015e-11,1.3533367170403015e-11,1.3533367170403015e-11,1.353336717040302e-11,1.3533367170403021e-11,1.3533367170403025e-11,1.3533367170403028e-11,1.3533367170403031e-11,1.3533367170403031e-11,1.3533367170403036e-11,1.3533367170403036e-11,1.353336717040304e-11,1.3533367170403042e-11,1.3533367170403044e-11,1.3533367170403047e-11,1.3533367170403049e-11,1.3533367170403052e-11,1.3533367170403054e-11,1.3533367170403057e-11,1.3533367170403062e-11,1.3533367170403065e-11,1.3533367170403068e-11,1.353336717040307e-11,1.3533367170403073e-11,1.3533367170403076e-11,1.3533367170403076e-11,1.3533367170403078e-11,1.3533367170403081e-11,1.3533367170403081e-11,1.3533367170403081e-11,1.3533367170403081e-11,1.3533367170403086e-11,1.353336717040309e-11,1.353336717040309e-11,1.3533367170403092e-11,1.3533367170403096e-11,1.3533367170403099e-11,1.3533367170403104e-11,1.3533367170403107e-11,1.3533367170403109e-11,1.3533367170403109e-11,1.353336717040311e-11,1.3533367170403113e-11,1.3533367170403117e-11,1.3533367170403117e-11,1.353336717040312e-11,1.3533367170403123e-11,1.3533367170403125e-11,1.3533367170403126e-11,1.353336717040313e-11,1.3533367170403133e-11,1.3533367170403136e-11,1.3533367170403138e-11,1.3533367170403141e-11,1.3533367170403143e-11,1.3533367170403147e-11,1.3533367170403149e-11,1.3533367170403152e-11,1.3533367170403155e-11,1.3533367170403157e-11,1.3533367170403157e-11,1.353336717040316e-11,1.3533367170403162e-11,1.3533367170403165e-11,1.3533367170403168e-11,1.3533367170403168e-11,1.3533367170403172e-11,1.3533367170403173e-11,1.353336717040318e-11,1.3533367170403183e-11,1.3533367170403186e-11,1.3533367170403188e-11,1.3533367170403188e-11,1.3533367170403191e-11,1.3533367170403193e-11,1.3533367170403196e-11,1.3533367170403199e-11,1.35333671704032e-11,1.35333671704032e-11,1.3533367170403204e-11,1.3533367170403206e-11,1.3533367170403209e-11,1.353336717040321e-11,1.353336717040321e-11,1.3533367170403215e-11,1.3533367170403217e-11,1.353336717040322e-11,1.3533367170403222e-11,1.3533367170403225e-11,1.3533367170403227e-11,1.353336717040323e-11,1.3533367170403233e-11,1.3533367170403231e-11,1.3533367170403238e-11,1.3533367170403238e-11,1.3533367170403241e-11,1.3533367170403241e-11,1.3533367170403243e-11,1.3533367170403246e-11,1.353336717040325e-11,1.3533367170403251e-11,1.3533367170403251e-11,1.3533367170403257e-11,1.3533367170403256e-11,1.3533367170403256e-11,1.3533367170403262e-11,1.3533367170403262e-11,1.3533367170403265e-11,1.3533367170403265e-11,1.3533367170403272e-11,1.3533367170403273e-11,1.353336717040328e-11,1.353336717040328e-11,1.3533367170403282e-11,1.3533367170403285e-11,1.3533367170403288e-11,1.3533367170403293e-11,1.3533367170403296e-11,1.3533367170403296e-11,1.35333671704033e-11,1.3533367170403301e-11,1.3533367170403304e-11,1.3533367170403304e-11,1.3533367170403307e-11,1.3533367170403309e-11,1.353336717040331e-11,1.3533367170403314e-11,1.353336717040332e-11,1.3533367170403324e-11,1.3533367170403325e-11,1.353336717040333e-11,1.3533367170403332e-11,1.3533367170403335e-11,1.3533367170403333e-11,1.3533367170403335e-11,1.3533367170403338e-11,1.3533367170403341e-11,1.3533367170403343e-11,1.3533367170403345e-11,1.353336717040335e-11,1.3533367170403351e-11,1.3533367170403356e-11,1.3533367170403357e-11,1.3533367170403362e-11,1.3533367170403364e-11,1.3533367170403366e-11,1.353336717040337e-11,1.3533367170403372e-11,1.3533367170403374e-11,1.3533367170403377e-11,1.353336717040338e-11,1.353336717040338e-11,1.353336717040338e-11,1.3533367170403385e-11,1.3533367170403387e-11,1.3533367170403387e-11,1.3533367170403391e-11,1.3533367170403393e-11,1.3533367170403396e-11,1.35333671704034e-11,1.3533367170403401e-11,1.3533367170403404e-11,1.3533367170403404e-11,1.3533367170403408e-11,1.3533367170403408e-11,1.353336717040341e-11,1.353336717040341e-11,1.3533367170403416e-11,1.3533367170403419e-11,1.3533367170403422e-11,1.3533367170403424e-11,1.3533367170403422e-11,1.3533367170403422e-11,1.3533367170403425e-11,1.3533367170403427e-11,1.353336717040343e-11,1.353336717040343e-11,1.3533367170403433e-11,1.3533367170403435e-11,1.3533367170403441e-11,1.3533367170403445e-11,1.3533367170403443e-11,1.3533367170403446e-11,1.3533367170403451e-11,1.3533367170403451e-11,1.3533367170403454e-11,1.3533367170403458e-11,1.3533367170403461e-11,1.3533367170403462e-11,1.3533367170403466e-11,1.3533367170403467e-11,1.353336717040347e-11,1.3533367170403472e-11,1.3533367170403474e-11,1.3533367170403479e-11,1.353336717040348e-11,1.3533367170403485e-11,1.3533367170403487e-11,1.353336717040349e-11,1.3533367170403493e-11,1.3533367170403495e-11,1.3533367170403498e-11,1.3533367170403501e-11,1.3533367170403503e-11,1.3533367170403506e-11,1.3533367170403506e-11,1.353336717040351e-11,1.3533367170403514e-11,1.3533367170403517e-11,1.3533367170403517e-11,1.3533367170403519e-11,1.3533367170403522e-11,1.3533367170403522e-11,1.3533367170403525e-11,1.3533367170403525e-11,1.353336717040353e-11,1.3533367170403532e-11,1.3533367170403535e-11,1.3533367170403535e-11,1.353336717040354e-11,1.3533367170403538e-11,1.3533367170403545e-11,1.3533367170403546e-11,1.3533367170403551e-11,1.3533367170403551e-11,1.3533367170403555e-11,1.3533367170403556e-11,1.353336717040356e-11,1.3533367170403563e-11,1.3533367170403563e-11,1.3533367170403567e-11,1.353336717040357e-11,1.3533367170403569e-11,1.3533367170403569e-11,1.3533367170403572e-11,1.3533367170403572e-11,1.3533367170403576e-11,1.3533367170403579e-11,1.3533367170403584e-11,1.3533367170403584e-11,1.3533367170403585e-11,1.3533367170403585e-11,1.3533367170403587e-11,1.3533367170403588e-11,1.3533367170403592e-11,1.3533367170403595e-11,1.3533367170403598e-11,1.3533367170403598e-11,1.3533367170403598e-11,1.35333671704036e-11,1.35333671704036e-11,1.35333671704036e-11,1.3533367170403601e-11,1.3533367170403605e-11,1.3533367170403608e-11,1.353336717040361e-11,1.3533367170403611e-11,1.3533367170403611e-11,1.3533367170403614e-11,1.3533367170403616e-11,1.3533367170403622e-11,1.353336717040362e-11,1.3533367170403626e-11,1.3533367170403629e-11,1.3533367170403632e-11,1.3533367170403634e-11,1.353336717040364e-11,1.3533367170403642e-11,1.3533367170403645e-11,1.3533367170403642e-11,1.3533367170403648e-11,1.3533367170403655e-11,1.3533367170403653e-11,1.3533367170403656e-11,1.3533367170403663e-11,1.3533367170403663e-11,1.3533367170403664e-11,1.3533367170403668e-11,1.353336717040367e-11,1.3533367170403668e-11,1.3533367170403668e-11,1.3533367170403672e-11,1.3533367170403672e-11,1.3533367170403676e-11,1.353336717040368e-11,1.3533367170403684e-11,1.3533367170403684e-11,1.3533367170403684e-11,1.3533367170403684e-11,1.3533367170403684e-11,1.3533367170403684e-11,1.3533367170403684e-11,1.3533367170403684e-11,1.3533367170403684e-11,1.3533367170403684e-11,1.3533367170403684e-11,1.3533367170403684e-11,1.3533367170403684e-11,1.3533367170403684e-11,1.3533367170403684e-11,1.3533367170403684e-11,1.3533367170403689e-11,1.3533367170403689e-11,1.3533367170403692e-11,1.3533367170403697e-11,1.3533367170403697e-11,1.3533367170403697e-11,1.3533367170403697e-11,1.3533367170403697e-11,1.35333671704037e-11,1.3533367170403703e-11,1.3533367170403708e-11,1.3533367170403708e-11,1.3533367170403708e-11,1.3533367170403711e-11,1.353336717040371e-11,1.3533367170403714e-11,1.3533367170403714e-11,1.3533367170403716e-11,1.3533367170403721e-11,1.3533367170403723e-11,1.3533367170403723e-11,1.3533367170403723e-11,1.3533367170403723e-11,1.3533367170403724e-11,1.3533367170403727e-11,1.353336717040373e-11,1.353336717040373e-11,1.3533367170403732e-11,1.3533367170403734e-11,1.3533367170403734e-11,1.3533367170403737e-11,1.3533367170403744e-11,1.3533367170403742e-11,1.3533367170403747e-11,1.353336717040375e-11,1.3533367170403753e-11,1.3533367170403755e-11,1.3533367170403758e-11,1.3533367170403763e-11,1.3533367170403763e-11,1.3533367170403766e-11,1.353336717040377e-11,1.3533367170403771e-11,1.3533367170403777e-11,1.3533367170403777e-11,1.3533367170403779e-11,1.3533367170403782e-11,1.3533367170403786e-11,1.3533367170403787e-11,1.3533367170403789e-11,1.3533367170403789e-11,1.3533367170403794e-11,1.3533367170403797e-11,1.35333671704038e-11,1.35333671704038e-11,1.3533367170403803e-11,1.3533367170403805e-11,1.3533367170403808e-11,1.353336717040381e-11,1.3533367170403815e-11,1.3533367170403816e-11,1.3533367170403818e-11,1.3533367170403818e-11,1.3533367170403824e-11,1.3533367170403824e-11,1.3533367170403824e-11,1.3533367170403824e-11,1.3533367170403826e-11,1.3533367170403832e-11,1.3533367170403831e-11,1.3533367170403832e-11,1.3533367170403839e-11,1.353336717040384e-11,1.3533367170403845e-11,1.3533367170403845e-11,1.3533367170403849e-11,1.3533367170403853e-11,1.3533367170403852e-11,1.3533367170403855e-11,1.3533367170403857e-11,1.3533367170403858e-11,1.3533367170403862e-11,1.3533367170403865e-11,1.353336717040387e-11,1.3533367170403871e-11,1.3533367170403871e-11,1.3533367170403878e-11,1.353336717040388e-11,1.3533367170403881e-11,1.3533367170403884e-11,1.3533367170403886e-11,1.3533367170403886e-11,1.3533367170403889e-11,1.353336717040389e-11,1.3533367170403894e-11,1.3533367170403895e-11,1.3533367170403897e-11,1.3533367170403899e-11,1.3533367170403902e-11,1.3533367170403905e-11,1.3533367170403908e-11,1.3533367170403908e-11,1.353336717040391e-11,1.3533367170403913e-11,1.3533367170403918e-11,1.3533367170403918e-11,1.3533367170403918e-11,1.353336717040392e-11,1.3533367170403923e-11,1.3533367170403925e-11,1.3533367170403926e-11,1.353336717040393e-11,1.3533367170403931e-11,1.3533367170403934e-11,1.3533367170403937e-11,1.353336717040394e-11,1.3533367170403946e-11,1.3533367170403946e-11,1.3533367170403947e-11,1.353336717040395e-11,1.3533367170403954e-11,1.3533367170403958e-11,1.3533367170403965e-11,1.3533367170403965e-11,1.353336717040397e-11,1.3533367170403971e-11,1.3533367170403973e-11,1.3533367170403975e-11,1.3533367170403978e-11,1.3533367170403978e-11,1.3533367170403981e-11,1.3533367170403984e-11,1.3533367170403986e-11,1.353336717040399e-11,1.3533367170403994e-11,1.3533367170403996e-11,1.3533367170403992e-11,1.3533367170403994e-11,1.3533367170403997e-11,1.3533367170403999e-11,1.3533367170404002e-11,1.3533367170404005e-11,1.3533367170404009e-11,1.3533367170404009e-11,1.3533367170404009e-11,1.3533367170404009e-11,1.3533367170404013e-11,1.3533367170404012e-11,1.3533367170404017e-11,1.3533367170404021e-11,1.3533367170404025e-11,1.3533367170404026e-11,1.3533367170404033e-11,1.3533367170404034e-11,1.3533367170404038e-11,1.353336717040404e-11,1.3533367170404042e-11,1.3533367170404046e-11,1.3533367170404049e-11,1.3533367170404052e-11,1.3533367170404049e-11,1.353336717040405e-11,1.3533367170404049e-11,1.3533367170404054e-11,1.3533367170404057e-11,1.353336717040406e-11,1.3533367170404063e-11,1.3533367170404065e-11,1.3533367170404068e-11,1.3533367170404073e-11,1.3533367170404076e-11,1.3533367170404076e-11,1.353336717040408e-11,1.3533367170404081e-11,1.3533367170404084e-11,1.3533367170404088e-11,1.3533367170404088e-11,1.3533367170404093e-11,1.3533367170404093e-11,1.3533367170404096e-11,1.35333671704041e-11,1.35333671704041e-11,1.3533367170404102e-11,1.3533367170404105e-11,1.3533367170404102e-11,1.3533367170404105e-11,1.3533367170404109e-11,1.353336717040411e-11,1.3533367170404114e-11,1.3533367170404115e-11,1.3533367170404118e-11,1.3533367170404118e-11,1.3533367170404123e-11,1.3533367170404126e-11,1.353336717040413e-11,1.3533367170404133e-11,1.3533367170404135e-11,1.3533367170404138e-11,1.3533367170404141e-11,1.3533367170404143e-11,1.3533367170404146e-11,1.3533367170404149e-11,1.3533367170404149e-11,1.3533367170404154e-11,1.3533367170404154e-11,1.3533367170404159e-11,1.353336717040416e-11,1.3533367170404159e-11,1.3533367170404164e-11,1.3533367170404162e-11,1.3533367170404164e-11,1.3533367170404168e-11,1.3533367170404172e-11,1.3533367170404173e-11,1.3533367170404177e-11,1.353336717040418e-11,1.3533367170404183e-11,1.3533367170404185e-11,1.3533367170404185e-11,1.353336717040419e-11,1.353336717040419e-11,1.3533367170404193e-11,1.3533367170404199e-11,1.3533367170404196e-11,1.3533367170404199e-11,1.3533367170404199e-11,1.35333671704042e-11,1.3533367170404207e-11,1.3533367170404206e-11,1.3533367170404212e-11,1.353336717040421e-11,1.353336717040421e-11,1.3533367170404217e-11,1.353336717040422e-11,1.3533367170404223e-11,1.3533367170404222e-11,1.353336717040423e-11,1.3533367170404228e-11,1.3533367170404227e-11,1.3533367170404227e-11,1.3533367170404228e-11,1.3533367170404228e-11,1.3533367170404228e-11,1.3533367170404228e-11,1.3533367170404228e-11,1.3533367170404228e-11,1.3533367170404228e-11,1.3533367170404228e-11,1.3533367170404228e-11,1.3533367170404228e-11,1.3533367170404228e-11,1.3533367170404228e-11,1.3533367170404233e-11,1.3533367170404236e-11,1.3533367170404233e-11,1.3533367170404238e-11,1.3533367170404238e-11,1.3533367170404246e-11,1.3533367170404246e-11,1.3533367170404248e-11,1.353336717040425e-11,1.3533367170404256e-11,1.3533367170404256e-11,1.3533367170404256e-11,1.3533367170404256e-11,1.3533367170404256e-11,1.3533367170404262e-11,1.3533367170404267e-11,1.353336717040427e-11,1.353336717040427e-11,1.3533367170404273e-11,1.3533367170404277e-11,1.3533367170404285e-11,1.3533367170404285e-11,1.3533367170404286e-11,1.3533367170404288e-11,1.3533367170404291e-11,1.3533367170404298e-11,1.3533367170404296e-11,1.3533367170404296e-11,1.3533367170404301e-11,1.3533367170404301e-11,1.3533367170404301e-11,1.3533367170404304e-11,1.3533367170404309e-11,1.353336717040431e-11,1.353336717040431e-11,1.3533367170404317e-11,1.3533367170404317e-11,1.3533367170404322e-11,1.3533367170404324e-11,1.3533367170404327e-11,1.3533367170404328e-11,1.3533367170404328e-11,1.3533367170404333e-11,1.3533367170404336e-11,1.3533367170404336e-11,1.3533367170404335e-11,1.353336717040434e-11,1.3533367170404343e-11,1.3533367170404346e-11,1.353336717040435e-11,1.353336717040435e-11,1.353336717040435e-11,1.353336717040435e-11,1.3533367170404353e-11,1.3533367170404356e-11,1.3533367170404359e-11,1.3533367170404357e-11,1.3533367170404367e-11,1.3533367170404364e-11,1.3533367170404366e-11,1.3533367170404369e-11,1.3533367170404372e-11,1.3533367170404374e-11,1.3533367170404378e-11,1.3533367170404378e-11,1.3533367170404377e-11,1.3533367170404377e-11,1.3533367170404378e-11,1.3533367170404383e-11,1.3533367170404382e-11,1.3533367170404385e-11,1.3533367170404395e-11,1.3533367170404396e-11,1.3533367170404395e-11,1.35333671704044e-11,1.3533367170404403e-11,1.3533367170404403e-11,1.3533367170404404e-11,1.3533367170404409e-11,1.353336717040441e-11,1.3533367170404417e-11,1.3533367170404419e-11,1.3533367170404422e-11,1.3533367170404425e-11,1.3533367170404424e-11,1.3533367170404429e-11,1.353336717040443e-11,1.3533367170404432e-11,1.3533367170404437e-11,1.3533367170404437e-11,1.353336717040444e-11,1.353336717040444e-11,1.3533367170404445e-11,1.3533367170404446e-11,1.3533367170404446e-11,1.3533367170404448e-11,1.3533367170404451e-11,1.3533367170404453e-11,1.3533367170404454e-11,1.3533367170404454e-11,1.3533367170404461e-11,1.3533367170404464e-11,1.3533367170404467e-11,1.3533367170404467e-11,1.3533367170404474e-11,1.3533367170404477e-11,1.3533367170404477e-11,1.3533367170404482e-11,1.3533367170404485e-11,1.3533367170404488e-11,1.3533367170404492e-11,1.353336717040449e-11,1.3533367170404496e-11,1.35333671704045e-11,1.35333671704045e-11,1.3533367170404501e-11,1.3533367170404503e-11,1.3533367170404506e-11,1.353336717040451e-11,1.3533367170404508e-11,1.3533367170404514e-11,1.3533367170404516e-11,1.3533367170404519e-11,1.3533367170404522e-11,1.3533367170404524e-11,1.3533367170404527e-11,1.3533367170404534e-11,1.353336717040453e-11,1.3533367170404527e-11,1.3533367170404524e-11,1.3533367170404527e-11,1.353336717040453e-11,1.3533367170404534e-11,1.3533367170404535e-11,1.3533367170404538e-11,1.3533367170404543e-11,1.3533367170404548e-11,1.3533367170404547e-11,1.353336717040455e-11,1.3533367170404555e-11,1.3533367170404558e-11,1.353336717040456e-11,1.3533367170404563e-11,1.3533367170404564e-11,1.3533367170404566e-11,1.3533367170404569e-11,1.3533367170404576e-11,1.353336717040457e-11,1.3533367170404577e-11,1.3533367170404576e-11,1.3533367170404579e-11,1.3533367170404584e-11,1.3533367170404582e-11,1.3533367170404587e-11,1.3533367170404585e-11,1.3533367170404589e-11,1.3533367170404589e-11,1.3533367170404597e-11,1.35333671704046e-11,1.35333671704046e-11,1.3533367170404598e-11,1.35333671704046e-11,1.3533367170404603e-11,1.3533367170404608e-11,1.3533367170404606e-11,1.353336717040461e-11,1.353336717040461e-11,1.3533367170404611e-11,1.3533367170404614e-11,1.353336717040461e-11,1.3533367170404613e-11,1.3533367170404616e-11,1.353336717040462e-11,1.3533367170404621e-11,1.3533367170404622e-11,1.3533367170404626e-11,1.3533367170404629e-11,1.3533367170404627e-11,1.3533367170404634e-11,1.3533367170404635e-11,1.3533367170404635e-11,1.3533367170404634e-11,1.3533367170404639e-11,1.353336717040464e-11,1.3533367170404635e-11,1.353336717040464e-11,1.3533367170404642e-11,1.353336717040464e-11,1.3533367170404645e-11,1.3533367170404647e-11,1.353336717040465e-11,1.353336717040465e-11,1.3533367170404655e-11,1.3533367170404658e-11,1.3533367170404658e-11,1.3533367170404664e-11,1.3533367170404666e-11,1.353336717040467e-11,1.3533367170404671e-11,1.3533367170404674e-11,1.3533367170404677e-11,1.353336717040468e-11,1.3533367170404677e-11,1.3533367170404679e-11,1.3533367170404685e-11,1.3533367170404685e-11,1.3533367170404687e-11,1.3533367170404689e-11,1.3533367170404692e-11,1.353336717040469e-11,1.3533367170404697e-11,1.3533367170404698e-11,1.35333671704047e-11,1.3533367170404706e-11,1.3533367170404702e-11,1.3533367170404706e-11,1.353336717040471e-11,1.353336717040471e-11,1.3533367170404715e-11,1.3533367170404716e-11,1.3533367170404718e-11,1.353336717040472e-11,1.3533367170404723e-11,1.3533367170404726e-11,1.3533367170404727e-11,1.3533367170404727e-11,1.353336717040473e-11,1.353336717040473e-11,1.3533367170404732e-11,1.3533367170404736e-11,1.3533367170404737e-11,1.3533367170404739e-11,1.3533367170404747e-11,1.3533367170404744e-11,1.3533367170404747e-11,1.353336717040475e-11,1.3533367170404752e-11,1.3533367170404757e-11,1.353336717040476e-11,1.3533367170404763e-11,1.3533367170404765e-11,1.3533367170404768e-11,1.3533367170404773e-11,1.3533367170404774e-11,1.3533367170404778e-11,1.3533367170404779e-11,1.3533367170404779e-11,1.353336717040478e-11,1.353336717040478e-11,1.3533367170404784e-11,1.3533367170404786e-11,1.3533367170404789e-11,1.353336717040479e-11,1.3533367170404794e-11,1.3533367170404797e-11,1.3533367170404795e-11,1.3533367170404799e-11,1.3533367170404802e-11,1.3533367170404803e-11,1.3533367170404805e-11,1.353336717040481e-11,1.3533367170404811e-11,1.3533367170404815e-11,1.3533367170404811e-11,1.3533367170404816e-11,1.3533367170404818e-11,1.353336717040482e-11,1.3533367170404824e-11,1.353336717040483e-11,1.3533367170404832e-11,1.3533367170404834e-11,1.3533367170404837e-11,1.3533367170404839e-11,1.3533367170404842e-11,1.3533367170404844e-11,1.3533367170404845e-11,1.3533367170404847e-11,1.3533367170404847e-11,1.3533367170404845e-11,1.3533367170404849e-11,1.3533367170404852e-11,1.3533367170404855e-11,1.3533367170404857e-11,1.3533367170404858e-11,1.3533367170404858e-11,1.3533367170404862e-11,1.3533367170404862e-11,1.3533367170404862e-11,1.3533367170404862e-11,1.3533367170404862e-11,1.353336717040486e-11,1.353336717040486e-11,1.353336717040486e-11,1.3533367170404863e-11,1.3533367170404865e-11,1.353336717040487e-11,1.3533367170404873e-11,1.3533367170404873e-11,1.3533367170404873e-11,1.3533367170404873e-11,1.3533367170404873e-11,1.3533367170404873e-11,1.3533367170404873e-11,1.353336717040488e-11,1.353336717040488e-11,1.353336717040488e-11,1.353336717040488e-11,1.353336717040488e-11,1.353336717040488e-11,1.353336717040488e-11,1.3533367170404881e-11,1.3533367170404884e-11,1.3533367170404886e-11,1.3533367170404886e-11,1.3533367170404887e-11,1.3533367170404887e-11,1.3533367170404887e-11,1.3533367170404887e-11,1.3533367170404887e-11,1.3533367170404894e-11,1.3533367170404894e-11,1.3533367170404895e-11,1.35333671704049e-11,1.35333671704049e-11,1.3533367170404904e-11,1.3533367170404904e-11,1.353336717040491e-11,1.353336717040491e-11,1.353336717040491e-11,1.3533367170404912e-11,1.3533367170404916e-11,1.3533367170404915e-11,1.3533367170404923e-11,1.3533367170404923e-11,1.3533367170404925e-11,1.3533367170404928e-11,1.3533367170404928e-11,1.3533367170404936e-11,1.3533367170404939e-11,1.3533367170404939e-11,1.3533367170404939e-11,1.3533367170404936e-11,1.3533367170404939e-11,1.3533367170404942e-11,1.353336717040494e-11,1.3533367170404947e-11,1.3533367170404954e-11,1.3533367170404954e-11,1.3533367170404955e-11,1.3533367170404955e-11,1.3533367170404958e-11,1.3533367170404958e-11,1.3533367170404962e-11,1.3533367170404963e-11,1.3533367170404965e-11,1.3533367170404967e-11,1.353336717040497e-11,1.3533367170404971e-11,1.3533367170404978e-11,1.3533367170404975e-11,1.3533367170404975e-11,1.3533367170404975e-11,1.3533367170404975e-11,1.353336717040498e-11,1.3533367170404984e-11,1.3533367170404984e-11,1.3533367170404986e-11,1.3533367170404989e-11,1.3533367170404992e-11,1.3533367170404994e-11,1.3533367170404996e-11,1.3533367170405e-11,1.3533367170404999e-11,1.3533367170405005e-11,1.3533367170405007e-11,1.353336717040501e-11,1.3533367170405013e-11,1.3533367170405017e-11,1.353336717040502e-11,1.3533367170405023e-11,1.3533367170405023e-11,1.3533367170405025e-11,1.3533367170405026e-11,1.3533367170405033e-11,1.3533367170405034e-11,1.3533367170405038e-11,1.353336717040504e-11,1.3533367170405046e-11,1.3533367170405047e-11,1.3533367170405046e-11,1.3533367170405049e-11,1.353336717040505e-11,1.3533367170405057e-11,1.3533367170405059e-11,1.3533367170405062e-11,1.3533367170405065e-11,1.3533367170405068e-11,1.353336717040507e-11,1.3533367170405073e-11,1.353336717040508e-11,1.3533367170405085e-11,1.3533367170405085e-11,1.3533367170405085e-11,1.3533367170405085e-11,1.353336717040509e-11,1.3533367170405093e-11,1.3533367170405096e-11,1.3533367170405094e-11,1.3533367170405097e-11,1.35333671704051e-11,1.3533367170405102e-11,1.3533367170405106e-11,1.3533367170405106e-11,1.353336717040511e-11,1.3533367170405112e-11,1.3533367170405112e-11,1.3533367170405112e-11,1.3533367170405115e-11,1.3533367170405117e-11,1.3533367170405118e-11,1.3533367170405122e-11,1.3533367170405125e-11,1.3533367170405127e-11,1.3533367170405125e-11,1.3533367170405128e-11,1.3533367170405131e-11,1.3533367170405133e-11,1.3533367170405135e-11,1.3533367170405136e-11,1.3533367170405136e-11,1.353336717040514e-11,1.3533367170405143e-11,1.3533367170405146e-11,1.3533367170405148e-11,1.353336717040515e-11,1.3533367170405154e-11,1.3533367170405156e-11,1.3533367170405157e-11,1.3533367170405159e-11,1.3533367170405159e-11,1.3533367170405159e-11,1.3533367170405159e-11,1.3533367170405162e-11,1.3533367170405165e-11,1.3533367170405167e-11,1.353336717040517e-11,1.3533367170405167e-11,1.3533367170405164e-11,1.3533367170405167e-11,1.353336717040517e-11,1.353336717040517e-11,1.3533367170405173e-11,1.3533367170405177e-11,1.3533367170405178e-11,1.353336717040518e-11,1.3533367170405185e-11,1.3533367170405186e-11,1.3533367170405186e-11,1.3533367170405194e-11,1.3533367170405201e-11,1.35333671704052e-11,1.35333671704052e-11,1.3533367170405201e-11,1.3533367170405201e-11,1.3533367170405202e-11,1.3533367170405206e-11,1.3533367170405209e-11,1.353336717040521e-11,1.3533367170405214e-11,1.3533367170405217e-11,1.3533367170405219e-11,1.353336717040522e-11,1.3533367170405225e-11,1.3533367170405227e-11,1.353336717040523e-11,1.353336717040523e-11,1.3533367170405235e-11,1.3533367170405233e-11,1.3533367170405235e-11,1.3533367170405238e-11,1.3533367170405241e-11,1.3533367170405243e-11,1.3533367170405246e-11,1.3533367170405248e-11,1.3533367170405251e-11,1.3533367170405256e-11,1.3533367170405256e-11,1.3533367170405257e-11,1.3533367170405259e-11,1.3533367170405262e-11,1.3533367170405264e-11,1.3533367170405267e-11,1.3533367170405274e-11,1.3533367170405274e-11,1.3533367170405274e-11,1.3533367170405277e-11,1.353336717040528e-11,1.3533367170405278e-11,1.3533367170405277e-11,1.3533367170405282e-11,1.3533367170405282e-11,1.3533367170405285e-11,1.353336717040529e-11,1.353336717040529e-11,1.3533367170405293e-11,1.3533367170405298e-11,1.3533367170405298e-11,1.3533367170405298e-11,1.3533367170405301e-11,1.3533367170405304e-11,1.3533367170405307e-11,1.3533367170405307e-11,1.3533367170405312e-11,1.3533367170405312e-11,1.3533367170405316e-11,1.3533367170405316e-11,1.3533367170405317e-11,1.3533367170405317e-11,1.353336717040532e-11,1.353336717040532e-11,1.3533367170405324e-11,1.3533367170405324e-11,1.3533367170405324e-11,1.3533367170405327e-11,1.3533367170405333e-11,1.3533367170405337e-11,1.353336717040534e-11,1.3533367170405341e-11,1.3533367170405345e-11,1.3533367170405348e-11,1.3533367170405348e-11,1.3533367170405348e-11,1.3533367170405351e-11,1.3533367170405354e-11,1.3533367170405358e-11,1.3533367170405362e-11,1.3533367170405359e-11,1.3533367170405366e-11,1.3533367170405367e-11,1.353336717040537e-11,1.3533367170405372e-11,1.3533367170405375e-11,1.3533367170405377e-11,1.3533367170405379e-11,1.3533367170405382e-11,1.3533367170405385e-11,1.3533367170405388e-11,1.3533367170405391e-11,1.3533367170405395e-11,1.3533367170405395e-11,1.35333671704054e-11,1.35333671704054e-11,1.3533367170405403e-11,1.353336717040541e-11,1.3533367170405408e-11,1.3533367170405408e-11,1.3533367170405411e-11,1.3533367170405414e-11,1.3533367170405417e-11,1.3533367170405417e-11,1.3533367170405416e-11,1.3533367170405419e-11,1.353336717040542e-11,1.3533367170405427e-11,1.3533367170405427e-11,1.353336717040543e-11,1.3533367170405435e-11,1.3533367170405438e-11,1.3533367170405443e-11,1.3533367170405446e-11,1.3533367170405443e-11,1.3533367170405446e-11,1.3533367170405451e-11,1.3533367170405451e-11,1.3533367170405454e-11,1.3533367170405456e-11,1.353336717040546e-11,1.3533367170405463e-11,1.3533367170405466e-11,1.3533367170405467e-11,1.3533367170405467e-11,1.353336717040547e-11,1.3533367170405472e-11,1.353336717040547e-11,1.3533367170405472e-11,1.3533367170405472e-11,1.3533367170405479e-11,1.3533367170405482e-11,1.3533367170405485e-11,1.3533367170405487e-11,1.353336717040549e-11,1.3533367170405487e-11,1.3533367170405488e-11,1.3533367170405493e-11,1.3533367170405493e-11,1.3533367170405493e-11,1.3533367170405493e-11,1.3533367170405496e-11,1.35333671704055e-11,1.3533367170405501e-11,1.3533367170405505e-11,1.3533367170405506e-11,1.3533367170405506e-11,1.3533367170405508e-11,1.3533367170405506e-11,1.3533367170405508e-11,1.3533367170405508e-11,1.3533367170405511e-11,1.3533367170405513e-11,1.3533367170405516e-11,1.3533367170405519e-11,1.353336717040552e-11,1.3533367170405524e-11,1.3533367170405527e-11,1.353336717040553e-11,1.3533367170405532e-11,1.3533367170405535e-11,1.3533367170405535e-11,1.3533367170405538e-11,1.3533367170405542e-11,1.3533367170405545e-11,1.3533367170405545e-11,1.3533367170405548e-11,1.353336717040555e-11,1.3533367170405555e-11,1.3533367170405556e-11,1.353336717040556e-11,1.353336717040556e-11,1.353336717040556e-11,1.3533367170405566e-11,1.3533367170405569e-11,1.3533367170405569e-11,1.3533367170405572e-11,1.3533367170405572e-11,1.3533367170405576e-11,1.3533367170405579e-11,1.3533367170405582e-11,1.3533367170405584e-11,1.3533367170405587e-11,1.3533367170405587e-11,1.3533367170405589e-11,1.3533367170405589e-11,1.3533367170405589e-11,1.3533367170405589e-11,1.3533367170405587e-11,1.3533367170405589e-11,1.3533367170405592e-11,1.3533367170405595e-11,1.3533367170405597e-11,1.35333671704056e-11,1.3533367170405603e-11,1.3533367170405603e-11,1.3533367170405603e-11,1.3533367170405603e-11,1.3533367170405603e-11,1.3533367170405605e-11,1.3533367170405605e-11,1.3533367170405608e-11,1.353336717040561e-11,1.3533367170405613e-11,1.3533367170405616e-11,1.3533367170405616e-11,1.3533367170405618e-11,1.3533367170405618e-11,1.3533367170405616e-11,1.3533367170405616e-11,1.3533367170405614e-11,1.3533367170405618e-11,1.3533367170405624e-11,1.3533367170405626e-11,1.3533367170405629e-11,1.353336717040563e-11,1.353336717040563e-11,1.353336717040563e-11,1.3533367170405634e-11,1.3533367170405634e-11,1.3533367170405637e-11,1.3533367170405635e-11,1.3533367170405639e-11,1.3533367170405642e-11,1.3533367170405643e-11,1.3533367170405643e-11,1.3533367170405643e-11,1.3533367170405645e-11,1.3533367170405647e-11,1.3533367170405643e-11,1.3533367170405643e-11,1.3533367170405643e-11,1.3533367170405647e-11,1.3533367170405648e-11,1.3533367170405652e-11,1.3533367170405655e-11,1.3533367170405658e-11,1.3533367170405658e-11,1.3533367170405658e-11,1.3533367170405658e-11,1.3533367170405658e-11,1.3533367170405656e-11,1.3533367170405655e-11,1.3533367170405655e-11,1.3533367170405655e-11,1.353336717040566e-11,1.3533367170405663e-11,1.3533367170405664e-11,1.3533367170405666e-11,1.3533367170405668e-11,1.3533367170405671e-11,1.3533367170405671e-11,1.3533367170405671e-11,1.3533367170405674e-11,1.3533367170405677e-11,1.3533367170405679e-11,1.3533367170405682e-11,1.3533367170405686e-11,1.3533367170405686e-11,1.3533367170405686e-11,1.3533367170405686e-11,1.3533367170405686e-11,1.3533367170405687e-11,1.353336717040569e-11,1.3533367170405695e-11,1.3533367170405698e-11,1.3533367170405698e-11,1.3533367170405698e-11,1.3533367170405698e-11,1.3533367170405698e-11,1.3533367170405698e-11,1.3533367170405698e-11,1.3533367170405698e-11,1.3533367170405698e-11,1.3533367170405698e-11,1.3533367170405698e-11,1.3533367170405698e-11,1.3533367170405702e-11,1.3533367170405703e-11,1.3533367170405705e-11,1.3533367170405708e-11,1.353336717040571e-11,1.3533367170405711e-11,1.3533367170405711e-11,1.3533367170405715e-11,1.3533367170405718e-11,1.3533367170405721e-11,1.3533367170405724e-11,1.3533367170405726e-11,1.3533367170405728e-11,1.353336717040573e-11,1.3533367170405729e-11,1.3533367170405732e-11,1.3533367170405736e-11,1.3533367170405739e-11,1.3533367170405742e-11,1.3533367170405744e-11,1.3533367170405747e-11,1.353336717040575e-11,1.3533367170405752e-11,1.3533367170405752e-11,1.3533367170405752e-11,1.3533367170405752e-11,1.3533367170405753e-11,1.3533367170405755e-11,1.3533367170405755e-11,1.3533367170405757e-11,1.353336717040576e-11,1.3533367170405763e-11,1.3533367170405765e-11,1.3533367170405765e-11,1.3533367170405766e-11,1.3533367170405766e-11,1.3533367170405766e-11,1.3533367170405765e-11,1.3533367170405768e-11,1.3533367170405765e-11,1.3533367170405765e-11,1.3533367170405765e-11,1.3533367170405768e-11,1.3533367170405765e-11,1.3533367170405768e-11,1.3533367170405771e-11,1.3533367170405773e-11,1.3533367170405774e-11,1.3533367170405774e-11,1.3533367170405778e-11,1.3533367170405781e-11,1.353336717040578e-11,1.353336717040578e-11,1.3533367170405782e-11,1.3533367170405781e-11,1.3533367170405782e-11,1.3533367170405786e-11,1.3533367170405784e-11,1.3533367170405787e-11,1.353336717040579e-11,1.3533367170405794e-11,1.3533367170405794e-11,1.3533367170405792e-11,1.3533367170405795e-11,1.3533367170405799e-11,1.3533367170405799e-11,1.3533367170405802e-11,1.3533367170405805e-11,1.3533367170405803e-11,1.3533367170405807e-11,1.3533367170405807e-11,1.353336717040581e-11,1.3533367170405807e-11,1.353336717040581e-11,1.3533367170405807e-11,1.353336717040581e-11,1.3533367170405807e-11,1.353336717040581e-11,1.3533367170405807e-11,1.3533367170405807e-11,1.353336717040581e-11,1.3533367170405807e-11,1.3533367170405807e-11,1.353336717040581e-11,1.3533367170405813e-11,1.3533367170405812e-11,1.3533367170405818e-11,1.353336717040582e-11,1.3533367170405818e-11,1.3533367170405818e-11,1.3533367170405824e-11,1.3533367170405818e-11,1.3533367170405823e-11,1.3533367170405818e-11,1.3533367170405824e-11,1.353336717040582e-11,1.3533367170405824e-11,1.3533367170405824e-11,1.3533367170405824e-11,1.3533367170405818e-11,1.3533367170405818e-11,1.3533367170405824e-11,1.3533367170405818e-11,1.3533367170405824e-11,1.3533367170405824e-11,1.3533367170405824e-11,1.3533367170405824e-11,1.353336717040582e-11,1.3533367170405824e-11,1.3533367170405821e-11,1.353336717040582e-11,1.353336717040582e-11,1.353336717040582e-11,1.353336717040582e-11,1.3533367170405821e-11,1.353336717040582e-11,1.3533367170405821e-11,1.353336717040582e-11,1.353336717040582e-11,1.353336717040582e-11,1.353336717040582e-11,1.3533367170405821e-11,1.3533367170405821e-11,1.353336717040582e-11,1.3533367170405821e-11,1.3533367170405821e-11,1.353336717040582e-11,1.353336717040582e-11,1.3533367170405821e-11,1.353336717040582e-11,1.353336717040582e-11,1.353336717040582e-11,1.353336717040582e-11,1.3533367170405821e-11,1.353336717040582e-11,1.3533367170405821e-11,1.353336717040582e-11,1.353336717040582e-11,1.353336717040582e-11,1.353336717040582e-11,1.353336717040582e-11,1.353336717040582e-11,1.353336717040582e-11,1.353336717040582e-11,1.353336717040582e-11,1.353336717040582e-11,1.353336717040582e-11,1.353336717040582e-11,1.353336717040582e-11,1.3533367170405823e-11,1.3533367170405823e-11,1.3533367170405821e-11,1.3533367170405821e-11,1.3533367170405821e-11,1.353336717040582e-11,1.3533367170405821e-11,1.3533367170405821e-11,1.3533367170405823e-11,1.3533367170405821e-11,1.3533367170405821e-11,1.3533367170405821e-11,1.3533367170405823e-11,1.3533367170405821e-11,1.3533367170405823e-11,1.3533367170405821e-11,1.3533367170405823e-11,1.3533367170405828e-11,1.353336717040583e-11,1.3533367170405831e-11,1.3533367170405834e-11,1.3533367170405834e-11,1.3533367170405834e-11,1.3533367170405834e-11,1.3533367170405837e-11,1.3533367170405834e-11,1.3533367170405834e-11,1.3533367170405837e-11,1.3533367170405834e-11,1.3533367170405834e-11,1.3533367170405837e-11,1.3533367170405836e-11,1.3533367170405837e-11,1.3533367170405834e-11,1.3533367170405836e-11,1.3533367170405839e-11,1.3533367170405839e-11,1.3533367170405842e-11,1.3533367170405844e-11,1.3533367170405845e-11,1.3533367170405849e-11,1.353336717040585e-11,1.3533367170405854e-11,1.3533367170405857e-11,1.3533367170405857e-11,1.3533367170405858e-11,1.3533367170405865e-11,1.3533367170405866e-11,1.353336717040587e-11,1.353336717040587e-11,1.3533367170405873e-11,1.3533367170405878e-11,1.3533367170405878e-11,1.3533367170405881e-11,1.3533367170405886e-11,1.3533367170405889e-11,1.3533367170405887e-11,1.353336717040589e-11,1.353336717040589e-11,1.3533367170405896e-11,1.3533367170405896e-11,1.3533367170405899e-11,1.3533367170405902e-11,1.3533367170405899e-11,1.3533367170405902e-11,1.3533367170405902e-11,1.3533367170405902e-11,1.3533367170405905e-11,1.3533367170405907e-11,1.3533367170405913e-11,1.3533367170405913e-11,1.3533367170405915e-11,1.3533367170405915e-11,1.353336717040592e-11,1.3533367170405921e-11,1.3533367170405925e-11,1.3533367170405926e-11,1.3533367170405933e-11,1.3533367170405934e-11,1.3533367170405936e-11,1.3533367170405938e-11,1.353336717040594e-11,1.3533367170405942e-11,1.3533367170405944e-11,1.3533367170405946e-11,1.3533367170405946e-11,1.3533367170405949e-11,1.353336717040595e-11,1.3533367170405955e-11,1.3533367170405959e-11,1.3533367170405959e-11,1.353336717040596e-11,1.353336717040596e-11,1.353336717040596e-11,1.3533367170405962e-11,1.3533367170405963e-11,1.3533367170405967e-11,1.3533367170405971e-11,1.3533367170405975e-11,1.3533367170405973e-11,1.3533367170405976e-11,1.353336717040598e-11,1.3533367170405981e-11,1.3533367170405984e-11,1.3533367170405984e-11,1.3533367170405984e-11,1.3533367170405988e-11,1.3533367170405988e-11,1.353336717040599e-11,1.3533367170405992e-11,1.3533367170405992e-11,1.3533367170405996e-11,1.3533367170405997e-11,1.3533367170405999e-11,1.3533367170406002e-11,1.3533367170406004e-11,1.3533367170406007e-11,1.353336717040601e-11,1.3533367170406013e-11,1.3533367170406012e-11,1.353336717040602e-11,1.353336717040602e-11,1.3533367170406022e-11,1.3533367170406028e-11,1.353336717040603e-11,1.3533367170406033e-11,1.3533367170406041e-11,1.3533367170406041e-11,1.353336717040604e-11,1.3533367170406046e-11,1.3533367170406044e-11,1.3533367170406052e-11,1.3533367170406057e-11,1.3533367170406057e-11,1.353336717040606e-11,1.353336717040606e-11,1.3533367170406057e-11,1.353336717040606e-11,1.3533367170406062e-11,1.3533367170406065e-11,1.3533367170406072e-11,1.3533367170406073e-11,1.3533367170406075e-11,1.3533367170406078e-11,1.3533367170406083e-11,1.3533367170406085e-11,1.353336717040609e-11,1.3533367170406088e-11,1.3533367170406091e-11,1.3533367170406091e-11,1.3533367170406093e-11,1.3533367170406099e-11,1.3533367170406099e-11,1.3533367170406099e-11,1.3533367170406104e-11,1.353336717040611e-11,1.3533367170406112e-11,1.3533367170406114e-11,1.3533367170406115e-11,1.3533367170406123e-11,1.3533367170406122e-11,1.3533367170406123e-11,1.3533367170406127e-11,1.3533367170406127e-11,1.3533367170406127e-11,1.3533367170406127e-11,1.353336717040613e-11,1.3533367170406135e-11,1.3533367170406133e-11,1.3533367170406138e-11,1.3533367170406138e-11,1.3533367170406136e-11,1.3533367170406141e-11,1.3533367170406143e-11,1.3533367170406148e-11,1.353336717040615e-11,1.353336717040615e-11,1.3533367170406152e-11,1.3533367170406156e-11,1.3533367170406159e-11,1.3533367170406157e-11,1.3533367170406159e-11,1.3533367170406164e-11,1.3533367170406167e-11,1.3533367170406169e-11,1.3533367170406172e-11,1.3533367170406177e-11,1.353336717040618e-11,1.3533367170406181e-11,1.3533367170406186e-11,1.3533367170406188e-11,1.3533367170406191e-11,1.3533367170406191e-11,1.3533367170406198e-11,1.3533367170406202e-11,1.3533367170406206e-11,1.3533367170406207e-11,1.3533367170406214e-11,1.3533367170406219e-11,1.3533367170406219e-11,1.3533367170406225e-11,1.3533367170406225e-11,1.3533367170406227e-11,1.3533367170406233e-11,1.3533367170406233e-11,1.3533367170406238e-11,1.3533367170406238e-11,1.3533367170406244e-11,1.3533367170406246e-11,1.353336717040625e-11,1.3533367170406254e-11,1.3533367170406253e-11,1.3533367170406257e-11,1.3533367170406259e-11,1.3533367170406262e-11,1.3533367170406267e-11,1.3533367170406267e-11,1.3533367170406274e-11,1.3533367170406275e-11,1.353336717040628e-11,1.3533367170406277e-11,1.3533367170406285e-11,1.3533367170406287e-11,1.3533367170406287e-11,1.3533367170406287e-11,1.3533367170406291e-11,1.3533367170406293e-11,1.3533367170406295e-11,1.3533367170406301e-11,1.35333671704063e-11,1.3533367170406306e-11,1.3533367170406308e-11,1.3533367170406309e-11,1.353336717040631e-11,1.3533367170406316e-11,1.353336717040632e-11,1.353336717040632e-11,1.3533367170406322e-11,1.3533367170406327e-11,1.3533367170406327e-11,1.3533367170406332e-11,1.353336717040633e-11,1.3533367170406333e-11,1.3533367170406343e-11,1.3533367170406341e-11,1.3533367170406345e-11,1.3533367170406348e-11,1.3533367170406348e-11,1.3533367170406353e-11,1.3533367170406353e-11,1.353336717040636e-11,1.3533367170406358e-11,1.3533367170406361e-11,1.3533367170406367e-11,1.3533367170406369e-11,1.3533367170406372e-11,1.3533367170406372e-11,1.3533367170406375e-11,1.3533367170406379e-11,1.3533367170406383e-11,1.3533367170406388e-11,1.353336717040639e-11,1.3533367170406392e-11,1.3533367170406395e-11,1.3533367170406395e-11,1.3533367170406395e-11,1.3533367170406395e-11,1.35333671704064e-11,1.3533367170406403e-11,1.3533367170406403e-11,1.3533367170406411e-11,1.3533367170406411e-11,1.3533367170406413e-11,1.3533367170406417e-11,1.3533367170406419e-11,1.3533367170406424e-11,1.3533367170406427e-11,1.3533367170406427e-11,1.353336717040643e-11,1.353336717040643e-11,1.3533367170406434e-11,1.3533367170406438e-11,1.3533367170406442e-11,1.3533367170406442e-11,1.3533367170406443e-11,1.3533367170406443e-11,1.3533367170406446e-11,1.3533367170406451e-11,1.3533367170406455e-11,1.3533367170406458e-11,1.3533367170406456e-11,1.353336717040646e-11,1.3533367170406466e-11,1.3533367170406469e-11,1.3533367170406467e-11,1.3533367170406472e-11,1.3533367170406472e-11,1.3533367170406472e-11,1.3533367170406477e-11,1.3533367170406479e-11,1.353336717040648e-11,1.3533367170406484e-11,1.3533367170406484e-11,1.3533367170406488e-11,1.353336717040649e-11,1.353336717040649e-11,1.3533367170406497e-11,1.3533367170406497e-11,1.35333671704065e-11,1.3533367170406501e-11,1.3533367170406506e-11,1.353336717040651e-11,1.3533367170406513e-11,1.3533367170406514e-11,1.353336717040652e-11,1.353336717040652e-11,1.3533367170406522e-11,1.3533367170406526e-11,1.3533367170406532e-11,1.3533367170406532e-11,1.3533367170406535e-11,1.3533367170406537e-11,1.353336717040654e-11,1.3533367170406545e-11,1.3533367170406548e-11,1.3533367170406551e-11,1.3533367170406556e-11,1.3533367170406556e-11,1.3533367170406556e-11,1.3533367170406556e-11,1.3533367170406556e-11,1.353336717040656e-11,1.3533367170406564e-11,1.3533367170406564e-11,1.3533367170406566e-11,1.3533367170406572e-11,1.3533367170406577e-11,1.3533367170406577e-11,1.353336717040658e-11,1.3533367170406582e-11,1.3533367170406589e-11,1.3533367170406589e-11,1.353336717040659e-11,1.3533367170406593e-11,1.3533367170406595e-11,1.35333671704066e-11,1.3533367170406598e-11,1.3533367170406605e-11,1.3533367170406605e-11,1.3533367170406606e-11,1.3533367170406608e-11,1.3533367170406613e-11,1.3533367170406614e-11,1.3533367170406618e-11,1.3533367170406621e-11,1.3533367170406621e-11,1.3533367170406624e-11,1.3533367170406629e-11,1.3533367170406629e-11,1.3533367170406629e-11,1.3533367170406632e-11,1.3533367170406635e-11,1.353336717040664e-11,1.353336717040664e-11,1.3533367170406645e-11,1.3533367170406645e-11,1.3533367170406648e-11,1.3533367170406656e-11,1.3533367170406655e-11,1.3533367170406661e-11,1.3533367170406658e-11,1.3533367170406666e-11,1.353336717040667e-11,1.3533367170406673e-11,1.3533367170406674e-11,1.3533367170406674e-11,1.3533367170406677e-11,1.353336717040668e-11,1.3533367170406684e-11,1.3533367170406687e-11,1.3533367170406686e-11,1.3533367170406689e-11,1.3533367170406689e-11,1.3533367170406689e-11,1.3533367170406698e-11,1.3533367170406697e-11,1.3533367170406697e-11,1.3533367170406698e-11,1.3533367170406702e-11,1.3533367170406703e-11,1.3533367170406703e-11,1.353336717040671e-11,1.3533367170406711e-11,1.3533367170406713e-11,1.3533367170406715e-11,1.3533367170406715e-11,1.3533367170406716e-11,1.3533367170406716e-11,1.3533367170406716e-11,1.3533367170406716e-11,1.3533367170406721e-11,1.3533367170406724e-11,1.3533367170406726e-11,1.3533367170406729e-11,1.3533367170406732e-11,1.3533367170406732e-11,1.3533367170406732e-11,1.3533367170406737e-11,1.353336717040674e-11,1.3533367170406742e-11,1.3533367170406749e-11,1.353336717040675e-11,1.3533367170406755e-11,1.3533367170406755e-11,1.3533367170406757e-11,1.3533367170406757e-11,1.3533367170406765e-11,1.3533367170406765e-11,1.3533367170406768e-11,1.3533367170406771e-11,1.3533367170406776e-11,1.353336717040678e-11,1.3533367170406781e-11,1.3533367170406784e-11,1.3533367170406787e-11,1.3533367170406789e-11,1.3533367170406792e-11,1.3533367170406795e-11,1.3533367170406797e-11,1.35333671704068e-11,1.3533367170406805e-11,1.3533367170406807e-11,1.353336717040681e-11,1.3533367170406812e-11,1.3533367170406813e-11,1.3533367170406818e-11,1.3533367170406821e-11,1.3533367170406824e-11,1.3533367170406824e-11,1.3533367170406828e-11,1.3533367170406833e-11,1.3533367170406834e-11,1.3533367170406837e-11,1.353336717040684e-11,1.3533367170406845e-11,1.3533367170406849e-11,1.3533367170406849e-11,1.3533367170406852e-11,1.353336717040685e-11,1.3533367170406854e-11,1.353336717040686e-11,1.353336717040686e-11,1.3533367170406863e-11,1.3533367170406866e-11,1.353336717040687e-11,1.353336717040687e-11,1.3533367170406875e-11,1.3533367170406875e-11,1.3533367170406878e-11,1.3533367170406881e-11,1.3533367170406887e-11,1.3533367170406889e-11,1.353336717040689e-11,1.3533367170406894e-11,1.3533367170406894e-11,1.3533367170406894e-11,1.3533367170406897e-11,1.3533367170406899e-11,1.3533367170406904e-11,1.3533367170406905e-11,1.3533367170406907e-11,1.3533367170406913e-11,1.3533367170406913e-11,1.3533367170406915e-11,1.3533367170406915e-11,1.3533367170406918e-11,1.3533367170406925e-11,1.3533367170406926e-11,1.3533367170406931e-11,1.3533367170406931e-11,1.3533367170406934e-11,1.353336717040694e-11,1.3533367170406944e-11,1.3533367170406942e-11,1.3533367170406944e-11,1.3533367170406947e-11,1.3533367170406954e-11
16,0.0,0.0,0.0,0.0,0.0,0.0,0.0,0.0,0.0,0.0,0.0,0.0,0.0,0.0,0.0,0.0,0.0,0.0,0.0,0.0,0.0,0.0,0.0,0.0,0.0,0.0,0.0,0.0,0.0,0.0,0.0,0.0,0.0,0.0,0.0,0.0,0.0,0.0,0.0,0.0,0.0,0.0,0.0,0.0,0.0,0.0,0.0,0.0,0.0,0.0,0.0,0.0,0.0,0.0,0.0,0.0,0.0,0.0,0.0,0.0,0.0,0.0,0.0,0.0,0.0,0.0,0.0,0.0,0.0,0.0,0.0,0.0,0.0,0.0,0.0,0.0,0.0,0.0,0.0,0.0,0.0,0.0,0.0,0.0,0.0,0.0,0.0,0.0,0.0,0.0,0.0,0.0,0.0,0.0,0.0,0.0,0.0,0.0,0.0,0.0,0.0,0.0,0.0,0.0,0.0,0.0,0.0,0.0,0.0,0.0,0.0,0.0,0.0,0.0,0.0,0.0,0.0,0.0,0.0,0.0,0.0,0.0,0.0,0.0,0.0,0.0,0.0,0.0,0.0,0.0,0.0,0.0,0.0,0.0,0.0,0.0,0.0,0.0,0.0,0.0,0.0,0.0,0.0,0.0,0.0,0.0,0.0,0.0,0.0,0.0,0.0,0.0,0.0,0.0,0.0,0.0,0.0,0.0,0.0,0.0,0.0,0.0,0.0,0.0,0.0,0.0,0.0,0.0,0.0,0.0,0.0,0.0,0.0,0.0,0.0,0.0,0.0,0.0,0.0,0.0,0.0,0.0,0.0,0.0,0.0,0.0,0.0,0.0,0.0,0.0,0.0,0.0,0.0,0.0,0.0,0.0,0.0,0.0,0.0,0.0,0.0,0.0,0.0,0.0,0.0,0.0,0.0,0.0,0.0,0.0,0.0,0.0,0.0,0.0,0.0,0.0,0.0,0.0,0.0,0.0,0.0,0.0,0.0,0.0,0.0,0.0,0.0,0.0,0.0,0.0,0.0,0.0,0.0,0.0,0.0,0.0,0.0,0.0,0.0,0.0,0.0,0.0,0.0,0.0,0.0,0.0,0.0,0.0,0.0,0.0,0.0,0.0,0.0,0.0,0.0,0.0,0.0,0.0,0.0,0.0,0.0,0.0,0.0,0.0,0.0,0.0,0.0,0.0,0.0,0.0,0.0,0.0,0.0,0.0,0.0,0.0,0.0,0.0,0.0,0.0,0.0,0.0,0.0,0.0,0.0,0.0,0.0,0.0,0.0,0.0,0.0,0.0,0.0,0.0,0.0,0.0,0.0,0.0,0.0,0.0,0.0,0.0,0.0,0.0,0.0,0.0,0.0,0.0,0.0,0.0,0.0,0.0,0.0,0.0,0.0,0.0,0.0,0.0,0.0,0.0,0.0,0.0,0.0,0.0,0.0,0.0,0.0,0.0,0.0,0.0,0.0,0.0,0.0,0.0,0.0,0.0,0.0,0.0,0.0,0.0,0.0,0.0,0.0,0.0,0.0,0.0,0.0,0.0,0.0,0.0,0.0,0.0,0.0,0.0,0.0,0.0,0.0,0.0,0.0,0.0,0.0,0.0,0.0,0.0,0.0,0.0,0.0,0.0,0.0,0.0,0.0,0.0,0.0,0.0,0.0,0.0,0.0,0.0,0.0,0.0,0.0,0.0,0.0,0.0,0.0,0.0,0.0,0.0,0.0,0.0,0.0,0.0,0.0,0.0,0.0,0.0,0.0,0.0,0.0,0.0,0.0,0.0,0.0,0.0,0.0,0.0,0.0,0.0,0.0,0.0,0.0,0.0,0.0,0.0,0.0,0.0,0.0,0.0,0.0,0.0,0.0,0.0,0.0,0.0,0.0,0.0,0.0,0.0,0.0,0.0,0.0,0.0,0.0,0.0,0.0,0.0,0.0,0.0,0.0,0.0,0.0,0.0,0.0,0.0,0.0,0.0,0.0,0.0,0.0,0.0,0.0,0.0,0.0,0.0,0.0,0.0,0.0,0.0,0.0,0.0,0.0,0.0,0.0,0.0,0.0,0.0,0.0,0.0,0.0,0.0,0.0,0.0,0.0,0.0,0.0,0.0,0.0,0.0,0.0,0.0,0.0,0.0,0.0,0.0,0.0,0.0,0.0,0.0,0.0,0.0,0.0,0.0,0.0,0.0,0.0,0.0,0.0,0.0,0.0,0.0,0.0,0.0,0.0,0.0,0.0,0.0,0.0,0.0,0.0,0.0,0.0,0.0,0.0,0.0,0.0,0.0,0.0,0.0,0.0,0.0,0.0,0.0,0.0,0.0,0.0,0.0,0.0,0.0,0.0,0.0,0.0,0.0,0.0,0.0,0.0,0.0,0.0,0.0,0.0,0.0,0.0,0.0,0.0,0.0,0.0,0.0,0.0,0.0,0.0,0.0,0.0,0.0,0.0,0.0,0.0,0.0,0.0,0.0,0.0,0.0,0.0,0.0,0.0,0.0,0.0,0.0,0.0,0.0,0.0,0.0,0.0,0.0,0.0,0.0,0.0,0.0,0.0,0.0,0.0,0.0,0.0,0.0,0.0,0.0,0.0,0.0,0.0,0.0,0.0,0.0,0.0,0.0,0.0,0.0,0.0,0.0,0.0,0.0,0.0,0.0,0.0,0.0,0.0,0.0,0.0,0.0,0.0,0.0,0.0,0.0,0.0,0.0,0.0,0.0,0.0,0.0,0.0,0.0,0.0,0.0,0.0,0.0,0.0,0.0,0.0,0.0,0.0,0.0,0.0,0.0,0.0,0.0,0.0,0.0,0.0,0.0,0.0,0.0,0.0,0.0,0.0,0.0,0.0,0.0,0.0,0.0,0.0,0.0,0.0,0.0,0.0,0.0,0.0,0.0,0.0,0.0,0.0,0.0,0.0,0.0,0.0,0.0,0.0,0.0,0.0,0.0,0.0,0.0,0.0,0.0,0.0,0.0,0.0,0.0,0.0,0.0,0.0,0.0,0.0,0.0,0.0,0.0,0.0,0.0,0.0,0.0,0.0,0.0,0.0,0.0,0.0,0.0,0.0,0.0,0.0,0.0,0.0,0.0,0.0,0.0,0.0,0.0,0.0,0.0,0.0,0.0,0.0,0.0,0.0,0.0,0.0,0.0,0.0,0.0,0.0,0.0,0.0,0.0,0.0,0.0,0.0,0.0,0.0,0.0,0.0,0.0,0.0,0.0,0.0,0.0,0.0,0.0,0.0,0.0,0.0,0.0,0.0,0.0,0.0,0.0,0.0,0.0,0.0,0.0,0.0,0.0,0.0,0.0,0.0,0.0,0.0,0.0,0.0,0.0,0.0,0.0,0.0,0.0,0.0,0.0,0.0,0.0,0.0,0.0,0.0,0.0,0.0,0.0,0.0,0.0,0.0,0.0,0.0,0.0,0.0,0.0,0.0,0.0,0.0,0.0,0.0,0.0,0.0,0.0,0.0,0.0,0.0,0.0,0.0,0.0,0.0,0.0,0.0,0.0,0.0,0.0,0.0,0.0,0.0,0.0,0.0,0.0,0.0,0.0,0.0,0.0,0.0,0.0,0.0,0.0,0.0,0.0,0.0,0.0,0.0,0.0,0.0,0.0,0.0,0.0,0.0,0.0,0.0,0.0,0.0,0.0,0.0,0.0,0.0,0.0,0.0,0.0,0.0,0.0,0.0,0.0,0.0,0.0,0.0,0.0,0.0,0.0,0.0,0.0,0.0,0.0,0.0,0.0,0.0,0.0,0.0,0.0,0.0,0.0,0.0,0.0,0.0,0.0,0.0,0.0,0.0,0.0,0.0,0.0,0.0,0.0,0.0,0.0,0.0,0.0,0.0,0.0,0.0,0.0,0.0,0.0,0.0,0.0,0.0,0.0,0.0,0.0,0.0,0.0,0.0,0.0,0.0,0.0,0.0,0.0,0.0,0.0,0.0,0.0,0.0,0.0,0.0,0.0,0.0,0.0,0.0,0.0,0.0,0.0,0.0,0.0,0.0,0.0,0.0,0.0,0.0,0.0,0.0,0.0,0.0,0.0,0.0,0.0,0.0,0.0,0.0,0.0,0.0,0.0,0.0,0.0,0.0,0.0,0.0,0.0,0.0,0.0,0.0,0.0,0.0,0.0,0.0,0.0,0.0,0.0,0.0,0.0,0.0,0.0,0.0,0.0,0.0,0.0,0.0,0.0,0.0,0.0,0.0,0.0,0.0,0.0,0.0,0.0,0.0,0.0,0.0,0.0,0.0,0.0,0.0,0.0,0.0,0.0,0.0,0.0,0.0,0.0,0.0,0.0,0.0,0.0,0.0,0.0,0.0,0.0,0.0,0.0,0.0,0.0,0.0,0.0,0.0,0.0,0.0,0.0,0.0,0.0,0.0,0.0,0.0,0.0,0.0,0.0,0.0,0.0,1.4929211153087342e-29,2.1483090581291786e-29,2.720962228175581e-29,3.320576593535155e-29,3.94266795699504e-29,4.571779335572214e-29,5.197721656182665e-29,5.815639815067495e-29,6.424036064102661e-29,7.023207854915436e-29,7.614270632862939e-29,8.198611960991369e-29,8.777612728207961e-29,9.352511786317898e-29,9.924361343447951e-29,1.0494029665508397e-28,1.106221578621751e-28,1.1629476216144559e-28,1.219625119794956e-28,1.2762894349672237e-28,1.3329688023753627e-28,1.389686069142278e-28,1.4464606090076206e-28,1.5033088943056503e-28,1.5602452052886467e-28,1.6172827838745998e-28,1.6744336307790804e-28,1.7317094460338379e-28,1.7891215859615388e-28,1.8466811757736452e-28,1.904399113980254e-28,1.9622869324076851e-28,2.0203558408077293e-28,2.0786176496526606e-28,2.13708402721327e-28,2.1957673162354736e-28,2.2546797425020597e-28,2.313834162711099e-28,2.373243721010485e-28,2.4329215753255657e-28,2.492881549685266e-28,2.5531377676823522e-28,2.613704357821754e-28,2.6745962428167625e-28,2.7358282077117563e-28,2.7974158305839052e-28,2.859374592099197e-28,2.9217207344045157e-28,2.9844705825329587e-28,3.0476404710836413e-28,3.111247809362192e-28,3.175309694920121e-28,3.23984394995397e-28,3.304868708585013e-28,3.370402278060208e-28,3.4364629534528222e-28,3.503070169898554e-28,3.570242992203099e-28,3.6380013705983433e-28,3.706365016177088e-28,3.7753545508525374e-28,3.8449905988339484e-28,3.915293720401418e-28,3.986285704097359e-28,4.057988170960265e-28,4.130422645760224e-28,4.20361191841936e-28,4.277578588970675e-28,4.35234514912463e-28,4.427935387237678e-28,4.504372881960885e-28,4.581681094877025e-28,4.659884650608278e-28,4.739008300376414e-28,4.819076918091481e-28,4.90011523899345e-28,4.9821493687054e-28,5.065205171290762e-28,5.149308343954425e-28,5.234485980307694e-28,5.320764914126489e-28,5.408171793620345e-28,5.496734703334219e-28,5.586481099582015e-28,5.677439512851637e-28,5.769638034836848e-28,5.863105665894788e-28,5.957871528307861e-28,6.053965237910603e-28,6.151416510478914e-28,6.250254853339795e-28,6.350511286715352e-28,6.452216512746034e-28,6.55540097487972e-28,6.66009667531195e-28,6.766334889639092e-28,6.8741480350213075e-28,6.983567998767038e-28,7.094627842272412e-28,7.207360484371993e-28,7.321798553573487e-28,7.437976110577756e-28,7.555927305640878e-28,7.675685891250226e-28,7.79728685105946e-28,7.920765003047355e-28,8.046155464043014e-28,8.173492861944831e-28,8.302813969097408e-28,8.434154892055734e-28,8.567551998965256e-28,8.703041144420674e-28,8.840660379571078e-28,8.980447062340144e-28,9.122438155747342e-28,9.266672404877256e-28,9.413187644324528e-28,9.562022979471408e-28,9.71321685020468e-28,9.866808995228015e-28,1.0022838470909805e-27,1.0181345651806328e-27,1.0342370213589758e-27,1.0505953158093508e-27,1.0672135248138502e-27,1.0840956839487721e-27,1.1012460171916629e-27,1.1186686460515286e-27,1.1363678035164045e-27,1.1543477510830583e-27,1.1726126986269844e-27,1.1911669713072217e-27,1.2100149251970807e-27,1.2291608624984975e-27,1.248609224459286e-27,1.2683643784689954e-27,1.2884308048596139e-27,1.3088130134578686e-27,1.3295155100461032e-27,1.3505427524054902e-27,1.3718993764625064e-27,1.3935900174140556e-27,1.415619249374442e-27,1.4379917954551562e-27,1.4607123461248567e-27,1.4837855393114462e-27,1.5072162240737319e-27,1.5310091850808012e-27,1.5551691484609902e-27,1.5797010271982662e-27,1.6046097316485804e-27,1.629900161788792e-27,1.6555771635559283e-27,1.6816457717071637e-27,1.7081110179108617e-27,1.734977866139624e-27,1.7622514369333453e-27,1.7899368132921067e-27,1.818039020951049e-27,1.8465633073604587e-27,1.8755147894744033e-27,1.904898739675252e-27,1.9347203331957837e-27,1.9649849023711006e-27,1.995697680449071e-27,2.0268640299474026e-27,2.0584893110815558e-27,2.090578942911974e-27,2.1231383354329398e-27,2.1561728364243318e-27,2.189687996312773e-27,2.2236893599009905e-27,2.2581823926441716e-27,2.2931727288550712e-27,2.3286658960660367e-27,2.364667588570984e-27,2.4011833921455573e-27,2.438219060950495e-27,2.47578023943192e-27,2.5138727079193297e-27,2.5525022747593617e-27,2.591674734934591e-27,2.6313958147245282e-27,2.671671486630747e-27,2.7125076383832214e-27,2.7539100817041527e-27,2.7958848787627976e-27,2.8384380063914194e-27,2.8815753597893437e-27,2.9253030920778847e-27,2.96962726555094e-27,3.0145538618761843e-27,3.0600891228761884e-27,3.1062391973852528e-27,3.1530101543430045e-27,3.200408285828743e-27,3.2484398376482816e-27,3.297111077373605e-27,3.346428338316079e-27,3.396397865398452e-27,3.4470260927895136e-27,3.498319326507388e-27,3.550284061434912e-27,3.6029266574164265e-27,3.65625366658429e-27,3.7102715853003525e-27,3.764986821567192e-27,3.820406057991238e-27,3.8765358027631735e-27,3.9333827513838455e-27,3.990953466557795e-27,4.0492546993805955e-27,4.108293070947917e-27,4.1680753926258626e-27,4.228608334471638e-27,4.289898767797426e-27,4.351953420293879e-27,4.4147792267047434e-27,4.478382968360188e-27,4.5427716286323406e-27,4.607952053394145e-27,4.673931281852868e-27,4.7407162963792745e-27,4.808313978034354e-27,4.8767314970998424e-27,4.945975928998295e-27,5.0160542401580486e-27,5.0869736881548275e-27,5.1587414239428415e-27,5.231364499102268e-27,5.304850257555744e-27,5.3792059356187915e-27,5.4544386653675104e-27,5.530555877015252e-27,5.607564806999652e-27,5.685472892763935e-27,5.764287418333793e-27,5.8440158452854495e-27,5.9246656015695166e-27,6.0062441481379144e-27,6.088759016607664e-27,6.1722176278991725e-27,6.2566276215229636e-27,6.3419965602665295e-27,6.428331905770614e-27,6.515641432404203e-27,6.603932705340701e-27,6.69321350292975e-27,6.783491527623304e-27,6.874774376458942e-27,6.96706996059131e-27,7.060385983382443e-27,7.154730353777856e-27,7.250110835491063e-27,7.346535393255595e-27,7.444011833443989e-27,7.542548179881492e-27,7.642152391329111e-27,7.742832299043392e-27,7.844596072132366e-27,7.947451743345685e-27,8.051407232467977e-27,8.15647078291426e-27,8.262650519045865e-27,8.369954576622701e-27,8.478391121034233e-27,8.587968121560056e-27,8.698694067587075e-27,8.810577130852527e-27,8.923625644038064e-27,9.037847917663814e-27,9.153252296217513e-27,9.269847117076216e-27,9.387640782843983e-27,9.506641762737116e-27,9.626858486905274e-27,9.748299273495497e-27,9.870972784070401e-27,9.99488744527804e-27,1.0120051865411698e-26,1.0246474626628716e-26,1.0374164334257873e-26,1.0503129667553e-26,1.0633379180696702e-26,1.0764921663332863e-26,1.0897765724425051e-26,1.103192020815737e-26,1.1167393777488104e-26,1.1304195325928502e-26,1.1442333575804378e-26,1.1581817423727841e-26,1.1722655798541778e-26,1.186485758750675e-26,1.2008431551916518e-26,1.2153386813207377e-26,1.2299732244154802e-26,1.244747696055718e-26,1.2596629979650194e-26,1.2747200201853603e-26,1.2899196875765323e-26,1.3052629111253632e-26,1.3207506021138697e-26,1.336383656792869e-26,1.3521630164528454e-26,1.368089603010705e-26,1.3841643231953806e-26,1.4003881199780363e-26,1.416761913565923e-26,1.4332866461763112e-26,1.4499632513398438e-26,1.4667926636959314e-26,1.483775802378041e-26,1.5009136327175007e-26,1.518207089260646e-26,1.5356571307072758e-26,1.5532646954339664e-26,1.5710307462700772e-26,1.58895624152917e-26,1.6070421165651187e-26,1.625289352377552e-26,1.6436989110262131e-26,1.6622717393225074e-26,1.681008825134048e-26,1.699911138145358e-26,1.718979632678637e-26,1.7382153044401978e-26,1.7576191304172384e-26,1.7771920731402107e-26,1.796935135280316e-26,1.816849302170039e-26,1.8369355440217302e-26,1.8571948707547816e-26,1.8776282641085327e-26,1.898236732726706e-26,1.9190212750991997e-26,1.939982871967689e-26,1.9611225467843069e-26,1.982441294613267e-26,2.0039401361315137e-26,2.0256200707071795e-26,2.0474821240386138e-26,2.0695273005644908e-26,2.091756630970259e-26,2.114171125021495e-26,2.136771818522602e-26,2.1595597259325005e-26,2.18253588861817e-26,2.2057013254164782e-26,2.229057081967207e-26,2.252604183709472e-26,2.2763436767216754e-26,2.3002766082426153e-26,2.3244040083669484e-26,2.3487269306394166e-26,2.373246430583466e-26,2.3979635468726543e-26,2.4228793398275685e-26,2.4479948724389636e-26,2.4733111907509438e-26,2.4988293625713522e-26,2.524550458530784e-26,2.5504755317740396e-26,2.576605663779335e-26,2.6029419261608404e-26,2.629485372073247e-26,2.6562370919551843e-26,2.683198172187514e-26,2.7103696927990245e-26,2.737752735014809e-26,2.76534836083048e-26,2.7931576853180956e-26,2.8211817881365574e-26,2.849421775709701e-26,2.877878741923861e-26,2.9065537665675065e-26,2.9354479699640157e-26,2.9645624553112934e-26,2.993898308125064e-26,3.0234566503564455e-26,3.053238593735671e-26,3.083245257625561e-26,3.113477755846875e-26,3.143937185661147e-26,3.174624688081521e-26,3.205541385857633e-26,3.236688383603659e-26,3.2680668291778427e-26,3.2996778531254794e-26,3.331522567126847e-26,3.3636021198922794e-26,3.3959176498036526e-26,3.4284702962336354e-26,3.4612612007673626e-26,3.494291507567956e-26,3.527562363146111e-26,3.5610749165184234e-26,3.5948303191519516e-26,3.628829724923074e-26,3.6630742901286006e-26,3.6975651804746604e-26,3.732303542123238e-26,3.7672905530439194e-26,3.8025273780620254e-26,3.8380151647040586e-26,3.873755105212914e-26,3.90974835934424e-26,3.945996116588707e-26,3.9824995405368617e-26,4.0192598253087205e-26,4.0562781391891865e-26,4.09355568108763e-26,4.131093623962077e-26,4.168893172988478e-26,4.206955502930258e-26,4.2452818233805273e-26,4.283873327041118e-26,4.322731218603111e-26,4.3618566677525943e-26,4.4012509076795026e-26,4.44091514590965e-26,4.4808505679310056e-26,4.5210584072852015e-26,4.5615398758511946e-26,4.602296187644041e-26,4.6433285314390865e-26,4.684638156866399e-26,4.726226287782303e-26,4.768094146926727e-26,4.81024293266215e-26,4.8526739033480515e-26,4.895388278552538e-26,4.9383873059447887e-26,4.981672206740859e-26,5.0252442328718543e-26,5.0691046120029085e-26,5.113254600219906e-26,5.1576954294533955e-26,5.2024283613442e-26,5.247454631229433e-26,5.292775505955342e-26,5.338392225586145e-26,5.38430606160098e-26,5.430518275477225e-26,5.477030100412758e-26,5.523842825552802e-26,5.57095771749939e-26,5.61837604298235e-26,5.666099043312932e-26,5.714128025160047e-26,5.76246426182119e-26,5.811109025662109e-26,5.860063569715305e-26,5.909329206650074e-26,5.958907221922144e-26,6.008798878757514e-26,6.059005488349235e-26,6.10952832771339e-26,6.160368704654456e-26,6.211527899430732e-26,6.263007226941195e-26,6.314807984106746e-26,6.3669314695084e-26,6.419378959465003e-26,6.47215179292747e-26,6.525251264515381e-26,6.578678700521498e-26,6.632435398779602e-26,6.68652269057965e-26,6.740941879533647e-26,6.795694299293899e-26,6.850781257744014e-26,6.906204092931237e-26,6.96196411905234e-26,7.018062674841114e-26,7.074501099030593e-26,7.131280698249222e-26,7.188402830701273e-26,7.245868821193464e-26,7.303680025266005e-26,7.361837783622576e-26,7.420343416968145e-26,7.47919829629531e-26,7.538403765323662e-26,7.597961161994574e-26,7.657871850495038e-26,7.718137195704741e-26,7.778758551624198e-26,7.839737258238901e-26,7.901074691742938e-26,7.962772218023513e-26,8.024831213520381e-26,8.087253040213477e-26,8.150039048085113e-26,8.213190625891783e-26,8.276709150544516e-26,8.340595999337966e-26,8.404852551543132e-26,8.469480195692932e-26,8.53448031516768e-26,8.59985427218746e-26,8.665603470926751e-26,8.731729313248859e-26,8.798233171406926e-26,8.865116458229156e-26,8.932380553528652e-26,9.000026872755347e-26,9.068056817957697e-26,9.136471765149675e-26,9.205273137752491e-26,9.274462353289722e-26,9.344040804083763e-26,9.414009918474718e-26,9.484371093734137e-26,9.55512576278273e-26,9.626275342165619e-26,9.6978212287279e-26,9.76976486136212e-26,9.842107673779603e-26,9.914851092726493e-26,9.987996521615144e-26,1.0061545416243854e-25,1.0135499194350221e-25,1.0209859307108431e-25,1.0284627176544552e-25,1.0359804257225197e-25,1.0435391990688487e-25,1.0511391796227809e-25,1.0587805144192288e-25,1.0664633466935573e-25,1.0741878232081726e-25,1.081954089112162e-25,1.0897622869823268e-25,1.0976125647542165e-25,1.1055050675629164e-25,1.1134399427234322e-25,1.1214173362104041e-25,1.1294373923066936e-25,1.137500260042139e-25,1.1456060847578285e-25,1.1537550152512664e-25,1.1619471970615005e-25,1.1701827785455682e-25,1.1784619090011272e-25,1.1867847349865884e-25,1.1951514025339973e-25,1.203562063143905e-25,1.2120168643394128e-25,1.220515953007816e-25,1.2290594797061638e-25,1.2376475937751326e-25,1.2462804445806465e-25,1.2549581824930942e-25,1.2636809571694752e-25,1.2724489160156385e-25,1.2812622117575674e-25,1.2901209932889168e-25,1.2990254120341293e-25,1.3079756194548931e-25,1.3169717668414842e-25,1.3260140027699403e-25,1.335102481156031e-25,1.3442373519904245e-25,1.3534187685689392e-25,1.3626468831262248e-25,1.3719218455586477e-25,1.3812438097756642e-25,1.3906129294251881e-25,1.4000293572584016e-25,1.4094932437072956e-25,1.419004744563262e-25,1.4285640117277397e-25,1.4381711996821503e-25,1.4478264623498063e-25,1.4575299537705088e-25,1.4672818281778282e-25,1.4770822415222177e-25,1.4869313453642802e-25,1.4968292967966535e-25,1.5067762494376988e-25,1.516772360141156e-25,1.5268177826795324e-25,1.5369126746122883e-25,1.5470571897282356e-25,1.557251485970553e-25,1.5674957179308868e-25,1.577790043930085e-25,1.5881346202383877e-25,1.5985296012978491e-25,1.6089751467283647e-25,1.6194714144344345e-25,1.6300185581484628e-25,1.6406167387887217e-25,1.6512661141820433e-25,1.661966839506474e-25,1.6727190758240189e-25,1.683522979871482e-25,1.6943787121366484e-25,1.7052864309853488e-25,1.71624629559913e-25,1.7272584620002656e-25,1.7383230938151916e-25,1.7494403473151277e-25,1.7606103847790356e-25,1.7718333664986226e-25,1.783109449856951e-25,1.794438796969416e-25,1.8058215697869256e-25,1.8172579266744339e-25,1.8287480315973877e-25,1.8402920438275198e-25,1.8518901228918413e-25,1.8635424333677841e-25,1.8752491347843646e-25,1.8870103919552577e-25,1.8988263654633773e-25,1.910697215590976e-25,1.9226231074035897e-25,1.934604202389858e-25,1.9466406641364707e-25,1.958732656356028e-25,1.9708803412267944e-25,1.9830838827348445e-25,1.9953434454337266e-25,2.007659191584466e-25,2.0200312860094852e-25,2.0324598930631193e-25,2.0449451772038667e-25,2.0574873040122823e-25,2.0700864391449163e-25,2.082742744328726e-25,2.0954563845927334e-25,2.1082275264904673e-25,2.121056336403067e-25,2.1339429801936175e-25,2.1468876267254463e-25,2.159890436734123e-25,2.1729515780423115e-25,2.1860712174101003e-25,2.1992495233040327e-25,2.2124866610437727e-25,2.225782798208223e-25,2.239138103181969e-25,2.252552741597532e-25,2.2660268842741346e-25,2.2795606961998185e-25,2.2931543442160446e-25,2.306807999079247e-25,2.3205218277480873e-25,2.334295999624433e-25,2.3481306843164885e-25,2.3620260492948413e-25,2.3759822649948418e-25,2.3899995005396706e-25,2.4040779241720104e-25,2.418217707825974e-25,2.4324190189914446e-25,2.446682029532084e-25,2.461006908780396e-25,2.475393827677533e-25,2.489842957850626e-25,2.504354468319708e-25,2.518928530956275e-25,2.5335653181667366e-25,2.5482649991113687e-25,2.5630277464290447e-25,2.577853733087525e-25,2.5927431287971636e-25,2.6076961080890314e-25,2.622712843122434e-25,2.6377935027143843e-25,2.6529382629010816e-25,2.6681472949513876e-25,2.6834207736667415e-25,2.698758872266921e-25,2.714161761464747e-25,2.7296296174768125e-25,2.745162612484554e-25,2.7607609222134743e-25,2.776424720738043e-25,2.792154179734215e-25,2.8079494768051374e-25,2.8238107862543774e-25,2.839738282812771e-25,2.855732137584486e-25,2.87179252969268e-25,2.8879196348289797e-25,2.9041136284456895e-25,2.9203746829243554e-25,2.936702977343889e-25,2.95309868828481e-25,2.9695619914762845e-25,2.9860930610648943e-25,3.002692076676432e-25,3.0193592151579786e-25,3.036094653408623e-25,3.0528985649492133e-25,3.0697711313177903e-25,3.0867125291875764e-25,3.103722934271829e-25,3.1208025292601358e-25,3.137951488016562e-25,3.1551699879787067e-25,3.172458209503293e-25,3.1898163313501744e-25,3.2072445326269525e-25,3.2247429933022796e-25,3.2423118895131427e-25,3.259951403104323e-25,3.2776617135447653e-25,3.295442998096962e-25,3.313295438914004e-25,3.331219215516931e-25,3.349214507278984e-25,3.36728149285733e-25,3.385420359023238e-25,3.4036312815814045e-25,3.4219144419494706e-25,3.4402700221806354e-25,3.4586982064193704e-25,3.4771991685592415e-25,3.495773097687319e-25,3.5144201725456095e-25,3.5331405732687396e-25,3.5519344846397875e-25,3.5708020879269936e-25,3.589743565842822e-25,3.6087591016833886e-25,3.6278488774949687e-25,3.6470130772707752e-25,3.6662518845153135e-25,3.6855654823122387e-25,3.704954050977619e-25,3.724417776973324e-25,3.7439568434894198e-25,3.763571435635286e-25,3.7832617363679044e-25,3.803027931364511e-25,3.8228702079056004e-25,3.842788745245589e-25,3.86278372805129e-25,3.8828553443543894e-25,3.903003779972801e-25,3.923229219094023e-25,3.943531845099562e-25,3.9639118484884836e-25,3.9843694099809943e-25,4.004904719009601e-25,4.0255179605359496e-25,4.046209322404958e-25,4.06697898961368e-25,4.087827150617611e-25,4.108753990552645e-25,4.129759697552635e-25,4.15084445862871e-25,4.172008461936207e-25,4.1932518939321555e-25,4.214574943408497e-25,4.23597779746119e-25,4.257460644578438e-25,4.279023673831104e-25,4.300667074041017e-25,4.322391030959543e-25,4.344195733961449e-25,4.366081374271722e-25,4.388048140499616e-25,4.410096220863981e-25,4.432225807056494e-25,4.454437086971035e-25,4.476730248667997e-25,4.499105484131464e-25,4.521562982349256e-25,4.544102934910368e-25,4.56672553250495e-25,4.58943096541278e-25,4.612219422947989e-25,4.635091097739513e-25,4.658046179703002e-25,4.681084861962286e-25,4.704207333555347e-25,4.727413787973432e-25,4.750704417273316e-25,4.774079410699964e-25,4.797538962983181e-25,4.821083264428242e-25,4.844712509592931e-25,4.868426888869344e-25,4.892226596366993e-25,4.916111824458185e-25,4.940082767238734e-25,4.964139617825297e-25,4.9882825676099e-25,5.012511811590148e-25,5.036827545694661e-25,5.061229959201905e-25,5.085719248777861e-25,5.110295608070076e-25,5.134959231731309e-25,5.159710315347359e-25,5.18454905327162e-25,5.209475640315301e-25,5.234490268635775e-25,5.259593136508454e-25,5.284784438822381e-25,5.310064369369745e-25,5.335433127468202e-25,5.360890907437328e-25,5.386437901265323e-25,5.412074308276186e-25,5.437800325574046e-25,5.463616144223418e-25,5.489521969097154e-25,5.515517993979844e-25,5.541604414296858e-25,5.567781423496714e-25,5.594049229446479e-25,5.620408021881451e-25,5.646858000566834e-25,5.673399361867894e-25,5.700032305135536e-25,5.726757028572926e-25,5.753573727932457e-25,5.780482602853496e-25,5.807483853897688e-25,5.83457767646982e-25,5.861764272465733e-25,5.889043837708126e-25,5.916416574626577e-25,5.943882679242164e-25,5.971442354220283e-25,5.999095796709392e-25,6.026843209676843e-25,6.054684787851188e-25,6.0826207328537715e-25,6.110651249877314e-25,6.13877653342523e-25,6.166996788065959e-25,6.1953122122026335e-25,6.223723006228695e-25,6.2522293700492795e-25,6.280831510094816e-25,6.309529623737263e-25,6.338323913188824e-25,6.367214580249924e-25,6.39620182746225e-25,6.425285855610311e-25,6.454466867033526e-25,6.483745062942955e-25,6.513120650715299e-25,6.542593826559893e-25,6.572164796314136e-25,6.601833761671962e-25,6.631600932641425e-25,6.661466499716729e-25,6.6914306727198345e-25,6.721493654786871e-25,6.751655650120952e-25,6.781916871891493e-25,6.81227750414237e-25,6.842737761334016e-25,6.873297847038932e-25,6.903957966638226e-25,6.934718323455864e-25,6.965579122496018e-25,6.99654057048546e-25,7.027602869641364e-25,7.05876622689205e-25,7.090030847994923e-25,7.121396935675221e-25,7.15286469798605e-25,7.184434340588747e-25,7.216106067165859e-25,7.247880086188603e-25,7.279756601904576e-25,7.3117358226264195e-25,7.343817952973249e-25,7.3760031998934405e-25,7.408291771441997e-25,7.440683874174128e-25,7.473179715205875e-25,7.505779501111893e-25,7.538483439317047e-25,7.571291739227304e-25,7.60420460586657e-25,7.637222248676117e-25,7.670344875819424e-25,7.70357269369953e-25,7.736905912420169e-25,7.770344738805327e-25,7.803889382545438e-25,7.837540054253589e-25,7.871296958362966e-25,7.905160300023151e-25,7.9391303017451225e-25,7.973207163589707e-25,8.007391099222573e-25,8.041682314907678e-25,8.076081021681003e-25,8.110587429871469e-25,8.145201748218749e-25,8.179924188048279e-25,8.214754959966286e-25,8.249694273660089e-25,8.28474233898461e-25,8.31989936766476e-25,8.355165570122657e-25,8.390541158120332e-25,8.426026342653632e-25,8.461621334652989e-25,8.497326345864789e-25,8.533141591351057e-25,8.569067276111586e-25,8.605103611543491e-25,8.641250819475192e-25,8.67750910428397e-25,8.713878680874737e-25,8.750359762819836e-25,8.786952558853382e-25,8.82365728456426e-25,8.860474154867888e-25,8.897403377149931e-25,8.93444516756698e-25,8.971599741598337e-25,9.008867309011269e-25,9.046248082901048e-25,9.083742285891987e-25,9.12135012152078e-25,9.15907180757899e-25,9.196907557449883e-25,9.23485758704202e-25,9.27292210942199e-25,9.31110134056996e-25,9.34939549531409e-25,9.387804787937026e-25,9.426329432550393e-25,9.464969645835568e-25,9.5037256431366e-25,9.542597639314372e-25,9.581585848253893e-25,9.620690498285742e-25,9.659911795302646e-25,9.699249945575354e-25,9.738705173833431e-25,9.778277699419379e-25,9.817967732101848e-25,9.857775492175797e-25,9.897701198380261e-25,9.93774507119997e-25,9.97790731910765e-25,1.0018188160319157e-24,1.0058587823549734e-24,1.0099106508592202e-24,1.0139744440578003e-24,1.018050183423853e-24,1.0221378915512196e-24,1.0262375897573749e-24,1.0303492999725165e-24,1.0344730438648035e-24,1.0386088432177945e-24,1.042756720230502e-24,1.0469166965232753e-24,1.0510887932609487e-24,1.0552730338337635e-24,1.059469439394216e-24,1.063678031850107e-24,1.067898833224854e-24,1.0721318654455015e-24,1.0763771514319868e-24,1.080634712194936e-24,1.084904568657171e-24,1.0891867438822936e-24,1.0934812597795614e-24,1.0977881384542431e-24,1.102107402081144e-24,1.1064390725573758e-24,1.1107831719838475e-24,1.1151397224040117e-24,1.119508745891264e-24,1.1238902646724327e-24,1.128284301477371e-24,1.1326908768677601e-24,1.137110014202924e-24,1.141541735623061e-24,1.1459860628696516e-24,1.1504430182246564e-24,1.1549126233188852e-24,1.1593949016198156e-24,1.1638898748312983e-24,1.1683975647246478e-24,1.1729179943496586e-24,1.1774511855530224e-24,1.1819971608568587e-24,1.186555942225091e-24,1.1911275521137347e-24,1.1957120146836558e-24,1.2003093485869694e-24,1.2049195773598687e-24,1.2095427243377887e-24,1.2141788131279424e-24,1.2188278634144262e-24,1.223489899949875e-24,1.2290123214834428e-24,1.2340671178946678e-24,1.2386547122727373e-24,1.2428911735192168e-24,1.2468792286677672e-24,1.2507005909998973e-24,1.2544038048218433e-24,1.2580262750421529e-24,1.2615927491398997e-24,1.265120619576266e-24,1.2686211431594151e-24,1.2721022460621297e-24,1.2755691393405029e-24,1.2790256355833565e-24,1.2824739379761253e-24,1.2859164660777867e-24,1.2893532121502095e-24,1.2927864243275429e-24,1.2962159105137786e-24,1.2996420404175303e-24,1.3030649194593223e-24,1.3064845988822765e-24,1.3099018762859548e-24,1.3133164670546351e-24,1.3167283335274624e-24,1.3201370154125759e-24,1.3235431366009024e-24,1.3269471513329792e-24,1.3303485832548797e-24,1.3337470502128003e-24,1.3371429718851027e-24,1.3405369351465203e-24,1.3439282054288961e-24,1.3473168394879584e-24,1.3507031629318923e-24,1.3540869420553444e-24,1.3574680413914472e-24,1.3608466037289107e-24,1.3642226304464646e-24,1.3675961230060993e-24,1.3709670837704359e-24,1.3743354024597769e-24,1.377701304519605e-24,1.3810645651474057e-24,1.3844256354844092e-24,1.3877840808719234e-24,1.3911400960590043e-24,1.3944933254609536e-24,1.3978439657314935e-24,1.4011924160016235e-24,1.4045378883684233e-24,1.4078808434431343e-24,1.4112215008170171e-24,1.4145599056919052e-24,1.4178958101170614e-24,1.4212292143500276e-24,1.4245601324637212e-24,1.4278885746672739e-24,1.4312141999257504e-24,1.4345373217024324e-24,1.4378583837540146e-24,1.4411765201399982e-24,1.4444925808483962e-24,1.447806123280293e-24,1.4511167875366554e-24,1.4544252575955121e-24,1.4577311152409275e-24,1.4610343244296557e-24,1.4643351878882758e-24,1.4676335374782682e-24,1.4709293961300262e-24,1.4742227673751424e-24,1.4775134392423943e-24,1.4808018644325469e-24,1.4840877193072302e-24,1.4873711055499389e-24,1.4906519019566015e-24,1.4939303605183498e-24,1.4972063518597048e-24,1.5004798820273157e-24,1.5037509527548148e-24,1.507019565741604e-24,1.5102857229659567e-24,1.5135494262718208e-24,1.5168106834573142e-24,1.5200694914510712e-24,1.523325851462667e-24,1.5265797661860396e-24,1.5298312274515287e-24,1.5330802545216619e-24,1.5363268319062599e-24,1.53957096976747e-24,1.5428126703420288e-24,1.546052206040384e-24,1.5492889457808696e-24,1.5525233609857454e-24,1.5557553443180307e-24,1.5589848976384875e-24,1.5622122894250535e-24,1.5654372577824836e-24,1.5686595377626326e-24,1.5718794074225947e-24,1.5750971165229946e-24,1.5783124095256736e-24,1.5815252881637223e-24,1.5847357494259228e-24,1.5879438046991264e-24,1.5911491929605076e-24,1.594352432179706e-24,1.5975532612524052e-24,1.600751691736035e-24,1.6039477204884916e-24,1.6071413442457948e-24,1.6103323162647048e-24,1.6135211506771592e-24,1.616707590755454e-24,1.6198916381030417e-24,1.6230732892025977e-24,1.626252556478045e-24,1.6294294364333351e-24,1.6326039308442582e-24,1.6357760414926217e-24,1.638945770184639e-24,1.6421131186914897e-24,1.6452778263162937e-24,1.6484404198422273e-24,1.6516006323704437e-24,1.654758478223144e-24,1.6579139528434366e-24,1.6610670579987697e-24,1.6642177954581995e-24,1.6673661670211468e-24,1.670512168319651e-24,1.6736558133728695e-24,1.676797097870774e-24,1.6799360235632984e-24,1.6830725921819997e-24,1.6862068055701303e-24,1.6893386654695814e-24,1.692468173639388e-24,1.6955953251734794e-24,1.698720135167711e-24,1.7018425987704784e-24,1.7049627642534824e-24,1.7080805872627746e-24,1.7111960149875505e-24,1.7143091033188212e-24,1.7174142013339576e-24,1.7205226263255897e-24,1.7236287102948196e-24,1.7267325188972e-24,1.729833997445774e-24,1.732933089203902e-24,1.736029853827926e-24,1.739124293729819e-24,1.742216403967056e-24,1.7453062579842367e-24,1.748393731847906e-24,1.7514789489608085e-24,1.7545617875688343e-24,1.757642311238135e-24,1.7607205859895622e-24,1.7637964786435972e-24,1.7668701342535116e-24,1.7699414835979157e-24,1.773010528089081e-24,1.776077197908627e-24,1.779141474321388e-24,1.782203538933202e-24,1.7852633043493443e-24,1.7883207731539896e-24,1.7913759461120353e-24,1.7944284791820385e-24,1.797479128944698e-24,1.800527417861023e-24,1.8035734235057834e-24,1.806617141767392e-24,1.809658574374065e-24,1.81269772305004e-24,1.8157345895019504e-24,1.8187691754243963e-24,1.821801482552457e-24,1.824831506954848e-24,1.827859262404928e-24,1.83088474340034e-24,1.833901768938182e-24,1.836922712351068e-24,1.83994138723053e-24,1.842957795262076e-24,1.845971938149799e-24,1.848983817591715e-24,1.8519934306090152e-24,1.8550007882705423e-24,1.8580058875849525e-24,1.861008730249742e-24,1.8640093182770978e-24,1.867007647984741e-24,1.870003730876052e-24,1.872997563887343e-24,1.875989399764115e-24,1.8789789883021476e-24,1.881966331749868e-24,1.884951181349642e-24,1.887933789248479e-24,1.8909141571522275e-24,1.893892286759452e-24,1.8968681819354977e-24,1.8998418400580103e-24,1.9028132649710915e-24,1.90578245835433e-24,1.908749421867152e-24,1.9117141601509143e-24,1.9146766690228333e-24,1.9176369531210107e-24,1.9205949274516583e-24,1.9235507712024375e-24,1.926504304937774e-24,1.9294557103312232e-24,1.9324048104094735e-24,1.935351784892918e-24,1.938296546161449e-24,1.9412391612777995e-24,1.9441795664773866e-24,1.947117762775963e-24,1.9500537521511135e-24,1.9529875362785036e-24,1.955919054312e-24,1.958848370748368e-24,1.961775487595989e-24,1.964700467528089e-24,1.967623250922021e-24,1.9705438388822344e-24,1.9734564134801323e-24,1.9763726202749467e-24,1.979286637010568e-24,1.9821984651897935e-24,1.985108106471853e-24,1.9880155625127736e-24,1.990920834963641e-24,1.9938238671999592e-24,1.9967247194738774e-24,1.9996234511541302e-24,2.002520005813779e-24,2.0054143277423034e-24,2.0083065333851678e-24,2.0111965669702117e-24,2.0140844300795785e-24,2.0169701243854666e-24,2.019853651556145e-24,2.022735013183778e-24,2.025614210909025e-24,2.028491190307205e-24,2.0313660651300062e-24,2.034238780940063e-24,2.0371093393868676e-24,2.039977742042908e-24,2.0428439905562294e-24,2.045708086545326e-24,2.0485699767063976e-24,2.051429717767651e-24,2.0542873113143844e-24,2.057142813553157e-24,2.059996171369233e-24,2.062847386359513e-24,2.0656964601270774e-24,2.068543394300283e-24,2.0713881905109515e-24,2.074230850323055e-24,2.0770713753678396e-24,2.0799097673245268e-24,2.0827459727913652e-24,2.0855746057292262e-24,2.0884066119186456e-24,2.0912310143049825e-24,2.0940587726966837e-24,2.0968844075155425e-24,2.0997078617140313e-24,2.1025292542100497e-24,2.1053484697723298e-24,2.1081656263600527e-24,2.11098061385798e-24,2.113793540989688e-24,2.1166043556377537e-24,2.1194130594688603e-24,2.1222196540625427e-24,2.125024141006836e-24,2.127826521884878e-24,2.1306267458063956e-24,2.1334248663545747e-24,2.1362209386197946e-24,2.139014854114318e-24,2.1418067285056932e-24,2.1445964541031246e-24,2.1473840842317558e-24,2.1501696165035675e-24,2.152953057040398e-24,2.1557344644047e-24,2.1585137311063463e-24,2.1612909101507902e-24,2.1640659988941445e-24,2.1668390609228736e-24,2.1696100405336918e-24,2.1723789392584743e-24,2.1751457586597306e-24,2.177910500316755e-24,2.1806731141353792e-24,2.1834336483628444e-24,2.1861779866911362e-24,2.188920282506712e-24,2.1916746235996385e-24,2.1944128282188624e-24,2.1971630447614994e-24,2.1998971641487208e-24,2.2026292506397786e-24,2.205368312205383e-24,2.2080963289962935e-24,2.210822310414487e-24,2.2135552376557755e-24,2.216286033006372e-24,2.2190059209910097e-24,2.2217237811365646e-24,2.2244395761740645e-24,2.2271533485148554e-24,2.2298651004999105e-24,2.23257487977005e-24,2.2352826385294404e-24,2.2379883833793882e-24,2.2406921118077246e-24,2.2433938292910213e-24,2.2460935352992702e-24,2.2487912313089243e-24,2.2514869187801473e-24,2.254180599179778e-24,2.256872271984915e-24,2.259561942656042e-24,2.2622583100363716e-24,2.2649439732383696e-24,2.2676276338858887e-24,2.2703092962204868e-24,2.272988961746183e-24,2.2756666319281e-24,2.278342308229629e-24,2.281015992110795e-24,2.283687685034646e-24,2.286357386440056e-24,2.289025099813281e-24,2.2916908285894967e-24,2.294354570220748e-24,2.2970163301831744e-24,2.2996761079184528e-24,2.302333904879857e-24,2.304989722522109e-24,2.3076435622975778e-24,2.310295417741652e-24,2.31294529822626e-24,2.3155932130933756e-24,2.3182391558920923e-24,2.3208830858804178e-24,2.3235250879864786e-24,2.3261651233224283e-24,2.32880315028629e-24,2.331438605299695e-24,2.3340809373153543e-24,2.3367131068516188e-24,2.3393433195426516e-24,2.3419715731337884e-24,2.3445973482103834e-24,2.347221188966771e-24,2.3498435777207356e-24,2.352464002319594e-24,2.355082480839031e-24,2.357699010859716e-24,2.360313589875747e-24,2.3629262212617674e-24,2.3655369065105208e-24,2.368145647049625e-24,2.3707524462226887e-24,2.37335730350779e-24,2.3759602203387435e-24,2.3785611981542275e-24,2.3811601172461007e-24,2.3837572145956475e-24,2.3863518996158418e-24,2.3889451367609016e-24,2.3915364393431317e-24,2.39412579604817e-24,2.396713240972696e-24,2.3992987563016132e-24,2.40188234534771e-24,2.4044719178269377e-24,2.4070515533978082e-24,2.4096292596768686e-24,2.412205155310125e-24,2.4147791307133853e-24,2.417351075893178e-24,2.419921216285559e-24,2.4224967180354373e-24,2.4250629325068145e-24,2.4276272153215716e-24,2.430189701320148e-24,2.4327502749480235e-24,2.4353088336638235e-24,2.437865594035216e-24,2.4404204425727745e-24,2.4429733951599312e-24,2.4455243087075043e-24,2.4480811955473763e-24,2.4506284421205745e-24,2.453173788445188e-24,2.4557172380358377e-24,2.4582586584721313e-24,2.46079831816991e-24,2.463336001608042e-24,2.4658800164536318e-24,2.4684221211634406e-24,2.4709542084490476e-24,2.473484304942902e-24,2.4760126185135788e-24,2.4785390470648167e-24,2.4810635947688286e-24,2.483586261122921e-24,2.4861070475235367e-24,2.4886259553511212e-24,2.4911429859932937e-24,2.4936581408142192e-24,2.4961714211877706e-24,2.4986828285440124e-24,2.5011923622981407e-24,2.5037000257533455e-24,2.506205820308328e-24,2.5087097492722913e-24,2.5112118101381768e-24,2.5137120062464482e-24,2.5162103332107103e-24,2.5187066913429434e-24,2.5212013044500784e-24,2.5236940553181386e-24,2.5261849482400074e-24,2.5286739695716722e-24,2.5311611507999803e-24,2.5336464801253957e-24,2.536129956988797e-24,2.538611580846565e-24,2.5410913569417743e-24,2.543569174811076e-24,2.546045249089938e-24,2.5485194824272793e-24,2.550991765390037e-24,2.5534622099163745e-24,2.5559308141596864e-24,2.558397681839927e-24,2.560862707669965e-24,2.563325896045942e-24,2.5657872502223446e-24,2.56824676965452e-24,2.5707044537862785e-24,2.5731603058123487e-24,2.5756143290610134e-24,2.578066522958903e-24,2.5805168869361177e-24,2.582965426180642e-24,2.5854121401053284e-24,2.5878570300829515e-24,2.5903000075883284e-24,2.592748859664585e-24,2.5951882822064964e-24,2.597625882290337e-24,2.600061667046086e-24,2.6024956339815345e-24,2.6049277863607306e-24,2.6073581255395052e-24,2.609786652838285e-24,2.6122133715125073e-24,2.614638280985097e-24,2.6170613656647143e-24,2.6194826607432536e-24,2.6219021506168963e-24,2.6243198366239747e-24,2.6267357200988768e-24,2.6291498023679365e-24,2.6315620847522268e-24,2.6339725685878312e-24,2.636381253255687e-24,2.638788142043875e-24,2.641200984822764e-24,2.643612017813676e-24,2.646021242378178e-24,2.6484286598440574e-24,2.6508342716328004e-24,2.6532380790622456e-24,2.6556400834905934e-24,2.6580402862748737e-24,2.6604386887593073e-24,2.6628352923067373e-24,2.6652300982663842e-24,2.6676231079829744e-24,2.6700143228032065e-24,2.6724037440208358e-24,2.674791313411674e-24,2.6771771514304016e-24,2.6795611408306692e-24,2.6819434011648235e-24,2.6843238749543523e-24,2.6867025632873884e-24,2.6890794675246345e-24,2.6914545889651844e-24,2.6938279289518227e-24,2.696199488820441e-24,2.6985692698691618e-24,2.7009372734463523e-24,2.703303500930103e-24,2.705667712203661e-24,2.7080300964572693e-24,2.710390698056901e-24,2.712749784245744e-24,2.7151071516493677e-24,2.7174625136054376e-24,2.7198163463579726e-24,2.722168413733888e-24,2.724518717038692e-24,2.7268672575520878e-24,2.7292140365738055e-24,2.7315590014791738e-24,2.7339022612638918e-24,2.7362437637804992e-24,2.738583510036485e-24,2.740921501429355e-24,2.7432576954055576e-24,2.7455921262637383e-24,2.7479248062593827e-24,2.7502555551042472e-24,2.7525847936322802e-24,2.754912001039053e-24,2.7572374601366802e-24,2.7595614032937098e-24,2.761883660487092e-24,2.764203899373079e-24,2.766522394379424e-24,2.7688391724221837e-24,2.7711541928299115e-24,2.773467709758365e-24,2.775779005132617e-24,2.7780885542642346e-24,2.7803968739822646e-24,2.7827035041965606e-24,2.7850084046002174e-24,2.7873112853751943e-24,2.78961273161588e-24,2.7919123908576723e-24,2.7942098681180225e-24,2.7965061414568943e-24,2.79880068982832e-24,2.801093001713882e-24,2.8033841126894304e-24,2.8056735025319634e-24,2.807961175199485e-24,2.8102471321010433e-24,2.812531374522198e-24,2.8148136670309778e-24,2.8170944860825064e-24,2.8193735930721353e-24,2.8216509906962133e-24,2.823926680268262e-24,2.826200663079388e-24,2.828472940405588e-24,2.8307435134615414e-24,2.8330123836617288e-24,2.8352795521746604e-24,2.8375450203811826e-24,2.83980878948847e-24,2.8420703761593345e-24,2.8443302576814173e-24,2.8465884450489096e-24,2.8488454346043755e-24,2.8511007285204192e-24,2.853354330987131e-24,2.855606243277282e-24,2.8578564666606826e-24,2.8601050024135883e-24,2.8623518517691164e-24,2.8645970160059993e-24,2.8668404964559193e-24,2.869082294336868e-24,2.8713224109127745e-24,2.8735608473847056e-24,2.875797143946684e-24,2.8780322271691565e-24,2.88026563146615e-24,2.882496904813907e-24,2.8847269633074444e-24,2.886955346797282e-24,2.8891820590000504e-24,2.8914071012105072e-24,2.893630474669661e-24,2.8958521807138967e-24,2.8980721797670526e-24,2.9002905543979217e-24,2.9025072653032847e-24,2.904722273804258e-24,2.906935661080781e-24,2.909147347801019e-24,2.9113573753885714e-24,2.9135657865631126e-24,2.915772541758389e-24,2.9179776419317745e-24,2.9201810883732094e-24,2.922382882095464e-24,2.9245830248250214e-24,2.926781517540957e-24,2.928978361476706e-24,2.931173557868363e-24,2.9333671079567135e-24,2.9355590129855827e-24,2.9377492741835323e-24,2.9399378927903492e-24,2.942124674773213e-24,2.9443099623629713e-24,2.9464936604931147e-24,2.9486757212038226e-24,2.9508561084197256e-24,2.953034897209584e-24,2.9552120522621897e-24,2.9573875379535464e-24,2.959561390837221e-24,2.9617336511920226e-24,2.9639042827114833e-24,2.9660732863988103e-24,2.9682406634525417e-24,2.9704060144528837e-24,2.97257014466354e-24,2.974732614063341e-24,2.976893444133517e-24,2.9790527064397286e-24,2.9812103068375578e-24,2.983366295453249e-24,2.985520652082516e-24,2.9876734007002277e-24,2.9898245427043072e-24,2.991974071750193e-24,2.994122024502258e-24,2.9962683251094482e-24,2.9984130574684322e-24,3.0005561816581348e-24,3.0026976579412393e-24,3.0048375687996855e-24,3.0069758414852124e-24,3.0091125158774428e-24,3.0112475816137583e-24,3.01338108057849e-24,3.015512939577143e-24,3.0176432121008455e-24,3.019771914909914e-24,3.0218990215799342e-24,3.024024533099673e-24,3.026148450654094e-24,3.028270742731026e-24,3.0303914486820875e-24,3.0325105912702735e-24,3.034628144880869e-24,3.0367441105474598e-24,3.0388584894478953e-24,3.040971282738176e-24,3.0430824916410943e-24,3.045192117290292e-24,3.0473001607913748e-24,3.0494066233117374e-24,3.051511506409717e-24,3.0536148110270297e-24,3.0557165383040822e-24,3.0578166895271176e-24,3.0599152658241346e-24,3.0620122683625296e-24,3.0641076679717438e-24,3.0662015263651987e-24,3.068293777964059e-24,3.0703844659006576e-24,3.072473445193765e-24,3.074561003866952e-24,3.0766469860372847e-24,3.0787312843732786e-24,3.0808141503950678e-24,3.082895480538662e-24,3.0849752501033605e-24,3.087053459982079e-24,3.0891300763781326e-24,3.0912051703892357e-24,3.093278708526369e-24,3.095350662957693e-24,3.097421092177612e-24,3.099489934458337e-24,3.10155725963152e-24,3.103622999915583e-24,3.105687190309994e-24,3.1077497054269116e-24,3.1098108381289066e-24,3.1118704240028925e-24,3.1139284376038392e-24,3.1159849354783326e-24,3.1180398913607167e-24,3.120093306258756e-24,3.1221451814039804e-24,3.1241955178697658e-24,3.1262443168138795e-24,3.1282915793913957e-24,3.130337306762216e-24,3.1323815000501316e-24,3.134424160382414e-24,3.1364652890231097e-24,3.138504887051792e-24,3.1405429556249245e-24,3.1425794958862904e-24,3.1446145089535985e-24,3.1466479960363225e-24,3.148679958249503e-24,3.1507103705910825e-24,3.1527392862816924e-24,3.154766680744268e-24,3.156792554929257e-24,3.1588169098864416e-24,3.1608397469015977e-24,3.162861067041992e-24,3.164880871447997e-24,3.1668991612496326e-24,3.168915937595482e-24,3.170931201616363e-24,3.172944954453125e-24,3.174957197222071e-24,3.1769679310672997e-24,3.178977157127616e-24,3.180984876530747e-24,3.182991090404442e-24,3.1849957998829364e-24,3.1869990060961865e-24,3.1890007101709146e-24,3.1910009132282255e-24,3.192999616404548e-24,3.1949968208249826e-24,3.1969925276126614e-24,3.1989867378870415e-24,3.200979452779939e-24,3.202970673342518e-24,3.204960376819056e-24,3.2069485873326707e-24,3.2089353313996365e-24,3.2109205862062732e-24,3.2129043522796882e-24,3.2148866308838576e-24,3.2168672942231935e-24,3.2188466022441958e-24,3.2208242972058425e-24,3.2228006379683665e-24,3.224775495805961e-24,3.2267488500125867e-24,3.2287207470028178e-24,3.2306911655706396e-24,3.2326600839603168e-24,3.2346275483900746e-24,3.2365935377162206e-24,3.2385579281676454e-24,3.240520971337349e-24,3.242482541511962e-24,3.2444426407731586e-24,3.24640124822308e-24,3.2483584088221465e-24,3.250314080295416e-24,3.252268306863616e-24,3.254221068264795e-24,3.2561723653316254e-24,3.2581221993000835e-24,3.2600705711934555e-24,3.2620174821071216e-24,3.2639629331387073e-24,3.2659069041045572e-24,3.2678494384543383e-24,3.269790397766089e-24,3.2717300213156163e-24,3.2736681894841824e-24,3.2756049043096718e-24,3.2775401668239277e-24,3.279473957569801e-24,3.281406204349056e-24,3.2833369984490114e-24,3.28526646415512e-24,3.287194482152926e-24,3.289121054422144e-24,3.2910461820727128e-24,3.292969606214671e-24,3.2948918499036815e-24,3.2968126504374992e-24,3.2987320106474822e-24,3.300649931650756e-24,3.302566414528808e-24,3.3044814603618625e-24,3.3063950505317924e-24,3.30830722521578e-24,3.310217966383195e-24,3.312127255186961e-24,3.314035131773402e-24,3.315941577977563e-24,3.317846594676852e-24,3.3197501828506994e-24,3.321652343745056e-24,3.323553059179775e-24,3.325452368277191e-24,3.327350233966937e-24,3.329246676060184e-24,3.331141715998015e-24,3.333035335183757e-24,3.3349275344995205e-24,3.336818314988153e-24,3.338707677640031e-24,3.3405956236837674e-24,3.342482154100183e-24,3.344367269951005e-24,3.346250972291628e-24,3.348133262189467e-24,3.350014140704543e-24,3.351893608896421e-24,3.353771667821525e-24,3.35564831843254e-24,3.35752356199515e-24,3.359397399463095e-24,3.3612695983655954e-24,3.36314062867241e-24,3.3650102543913174e-24,3.36687847819222e-24,3.368745301161965e-24,3.370610724350103e-24,3.372474731228776e-24,3.374337357489322e-24,3.376198587646571e-24,3.378058422236234e-24,3.3799168622960925e-24,3.381773908868886e-24,3.383629562995889e-24,3.385483825727953e-24,3.387336698106977e-24,3.389187957585014e-24,3.391038054195817e-24,3.392886540506909e-24,3.394733863869943e-24,3.396579800492496e-24,3.39842433647755e-24,3.400267505626924e-24,3.402109073634696e-24,3.403949467372505e-24,3.405788493813286e-24,3.4076261415094685e-24,3.409462411328694e-24,3.411297304297702e-24,3.413130805162822e-24,3.414962930205435e-24,3.416793681784817e-24,3.418623064010749e-24,3.420451088062097e-24,3.4222777415650354e-24,3.424103009185573e-24,3.4259269243318235e-24,3.427749472082808e-24,3.4295705521406326e-24,3.431390354451479e-24,3.433208805447085e-24,3.435025880819358e-24,3.436841605968424e-24,3.43865596977218e-24,3.44046897325577e-24,3.442280601912885e-24,3.444090887447203e-24,3.445899815815125e-24,3.44770738785938e-24,3.4495136045825256e-24,3.451318263686065e-24,3.453121761313663e-24,3.4549239025125554e-24,3.456724692420202e-24,3.458524132138842e-24,3.460322238278519e-24,3.462118981493004e-24,3.463914392226599e-24,3.465708456954326e-24,3.467501176512199e-24,3.469292551887107e-24,3.471082584094056e-24,3.472871274145177e-24,3.4746586230483215e-24,3.476444631802002e-24,3.478229301421036e-24,3.480012632902619e-24,3.481794627168123e-24,3.4835752853925834e-24,3.485354608420512e-24,3.487132583209777e-24,3.488909223889727e-24,3.490684547457382e-24,3.49245853997105e-24,3.4942311884632874e-24,3.4960025216599795e-24,3.497772526908258e-24,3.4995412049766205e-24,3.501308542879152e-24,3.503074555162544e-24,3.504839257706316e-24,3.506602623531361e-24,3.5083646807580055e-24,3.5101254060726776e-24,3.5118848106760804e-24,3.513642907392652e-24,3.515399597422249e-24,3.51715504753697e-24,3.5189091053912084e-24,3.520661845817726e-24,3.52241336265665e-24,3.524163565406817e-24,3.5259124426133284e-24,3.52766002160119e-24,3.529406290451785e-24,3.531151249902629e-24,3.532894900995473e-24,3.5346372318111604e-24,3.536378255565992e-24,3.538117987450962e-24,3.53985641510816e-24,3.541593371958147e-24,3.5433290232727275e-24,3.545063482889699e-24,3.546796702695147e-24,3.548528623183989e-24,3.550259232496225e-24,3.5519885566879195e-24,3.553716584434851e-24,3.55544331655256e-24,3.557168754002434e-24,3.558892897753986e-24,3.560615684698633e-24,3.5623372437775415e-24,3.5640574535271904e-24,3.5657764319539426e-24,3.567494121757529e-24,3.569210523774666e-24,3.570925478638731e-24,3.572639300984753e-24,3.5743517584493e-24,3.576062964499559e-24,3.5777729414760315e-24,3.579481636574013e-24,3.581189050633099e-24,3.58289512797572e-24,3.5845999824515135e-24,3.586303546996446e-24,3.5880058459777186e-24,3.5897067135875615e-24,3.5914064622798215e-24,3.5931049237754895e-24,3.594802111076742e-24,3.59649803806655e-24,3.59819269366573e-24,3.599886078678265e-24,3.601578182500973e-24,3.60326896831382e-24,3.604958546955127e-24,3.6066468476274376e-24,3.6083338937741885e-24,3.610019675190676e-24,3.6117041925739055e-24,3.6133874357724175e-24,3.6150694162748145e-24,3.6167501357324146e-24,3.618429595078438e-24,3.620107795248938e-24,3.621784748782159e-24,3.6234604340046074e-24,3.625134736435631e-24,3.626807922205896e-24,3.628479852400834e-24,3.630150529012479e-24,3.631819953003063e-24,3.633488125315396e-24,3.635155046887862e-24,3.636820644975334e-24,3.63848506863978e-24,3.640148170378658e-24,3.641810099175805e-24,3.643470781235766e-24,3.645130207503716e-24,3.646788400076768e-24,3.648445349556139e-24,3.650101034757032e-24,3.651755500784799e-24,3.65340857813899e-24,3.655060412593967e-24,3.656711092607273e-24,3.658360452782916e-24,3.66000872720818e-24,3.6616557646066866e-24,3.6633015670891345e-24,3.664946135610784e-24,3.6665894710911496e-24,3.668231574466469e-24,3.669872446571081e-24,3.6715120783576515e-24,3.673150490118785e-24,3.674787674000673e-24,3.6764236206648454e-24,3.678058350585539e-24,3.679691854705777e-24,3.6813241337298764e-24,3.6829551893052406e-24,3.684585021992078e-24,3.6862136231901695e-24,3.6878410129993545e-24,3.689467182448149e-24,3.691092123296541e-24,3.6927158472993314e-24,3.694338361941843e-24,3.695959659993113e-24,3.697579730948075e-24,3.699198598604312e-24,3.700816252980769e-24,3.702432694521387e-24,3.704047786103018e-24,3.7056618058295394e-24,3.707274614349118e-24,3.708886213613638e-24,3.7104966045880025e-24,3.712105788159717e-24,3.7137137649848535e-24,3.715320536484047e-24,3.716926103357433e-24,3.718530466450741e-24,3.720133626355857e-24,3.72173557531398e-24,3.723336322592257e-24,3.724935879439397e-24,3.726534237166075e-24,3.728131342435088e-24,3.729727287082036e-24,3.731322052720955e-24,3.732915622412698e-24,3.734507997317867e-24,3.736099178010752e-24,3.737689157099772e-24,3.7392779528846974e-24,3.74086555761092e-24,3.742451972038439e-24,3.744037196747634e-24,3.7456212332376286e-24,3.7472040820137066e-24,3.748785743813839e-24,3.7503661634360295e-24,3.751945387041991e-24,3.7535234317915695e-24,3.7551003565438354e-24,3.75667609836759e-24,3.7582506588422214e-24,3.7598240387916455e-24,3.761396239101942e-24,3.7629672001774146e-24,3.764537044505641e-24,3.766105651024827e-24,3.767673142309704e-24,3.769239447478422e-24,3.770804588447482e-24,3.7723685436962445e-24,3.773931284762142e-24,3.7754929087312906e-24,3.7770533067169034e-24,3.778612546802158e-24,3.780170660266962e-24,3.7817274849753534e-24,3.783283247555421e-24,3.784837736072345e-24,3.786391176025239e-24,3.78794345757412e-24,3.7894945754317194e-24,3.791044530276685e-24,3.792593323128306e-24,3.794140954784936e-24,3.7956874260326575e-24,3.7972327378237624e-24,3.7987768339097295e-24,3.800319771484853e-24,3.801861610879217e-24,3.803402293705849e-24,3.8049418213990685e-24,3.806480138358225e-24,3.808017351959524e-24,3.8095534194120126e-24,3.8110883353397136e-24,3.8126221004373935e-24,3.814154707604404e-24,3.81568617353947e-24,3.8172164914739514e-24,3.8187456620041655e-24,3.820273686051568e-24,3.8218004497882296e-24,3.8233261845321596e-24,3.824850774382931e-24,3.826374221202701e-24,3.8278965258176106e-24,3.829417689077386e-24,3.830937704418198e-24,3.83245657973194e-24,3.8339743240789925e-24,3.835490930641504e-24,3.837006400093272e-24,3.838520733342036e-24,3.840033931227562e-24,3.841545994611936e-24,3.8430569243503344e-24,3.844566721274789e-24,3.846075378822125e-24,3.84758291256527e-24,3.849089315914053e-24,3.85059459019896e-24,3.85209873592476e-24,3.853601746658374e-24,3.855103630185832e-24,3.856604394902353e-24,3.8581040277862146e-24,3.859602543223311e-24,3.8610999353445884e-24,3.86259620482004e-24,3.864091352491071e-24,3.8655853791933116e-24,3.867078285729045e-24,3.868570072945334e-24,3.870060734544417e-24,3.87155028565308e-24,3.873038720120114e-24,3.874526038660892e-24,3.8760122421074524e-24,3.8774973243963994e-24,3.878981292871371e-24,3.880464155662165e-24,3.881945907001092e-24,3.883426547437388e-24,3.884906077787933e-24,3.886384498958353e-24,3.887861811706591e-24,3.889338016797067e-24,3.89081311510806e-24,3.892287100615753e-24,3.893759987794506e-24,3.895231765366262e-24,3.8967024448385494e-24,3.898172021872077e-24,3.8996404970562655e-24,3.901107864751025e-24,3.902574138454065e-24,3.904039306750113e-24,3.9055033829797206e-24,3.9069663614181925e-24,3.908428236807284e-24,3.909889022512994e-24,3.911348713144557e-24,3.912807309341439e-24,3.914264812049894e-24,3.9157212220248594e-24,3.917176533686099e-24,3.91863075382388e-24,3.9200838903840685e-24,3.921535937611329e-24,3.922986889920787e-24,3.924436754006894e-24,3.92588553754309e-24,3.927333235030327e-24,3.928779840960244e-24,3.930225361968556e-24,3.931669805706698e-24,3.9331131604403306e-24,3.934555438788793e-24,3.9359966360000295e-24,3.93743675291058e-24,3.9388757901934185e-24,3.9403137485133736e-24,3.941750628739504e-24,3.943186431725031e-24,3.9446211580291025e-24,3.946054808902835e-24,3.9474873848970924e-24,3.948918886336948e-24,3.950349309110041e-24,3.951778665357033e-24,3.953206950119596e-24,3.954634164039441e-24,3.956060301924357e-24,3.9574853764120604e-24,3.958909382593967e-24,3.960332315407304e-24,3.961754187128973e-24,3.9631749928992786e-24,3.964594733445071e-24,3.966013409572225e-24,3.967430978371984e-24,3.968847528557392e-24,3.970263010610634e-24,3.971677397526434e-24,3.973090757530327e-24,3.974503056557683e-24,3.975914304022664e-24,3.9773244936397436e-24,3.978733625946562e-24,3.980141701801055e-24,3.9815487219780884e-24,3.98295464107397e-24,3.984359552788472e-24,3.985763368320743e-24,3.987166174306723e-24,3.988567928088846e-24,3.9899686225230936e-24,3.99136827515e-24,3.992766836675355e-24,3.994164391931223e-24,3.9955608987734095e-24,3.996956358813725e-24,3.9983507726585374e-24,3.999744141062278e-24,4.0011364648916116e-24,4.002527659021756e-24,4.0039178966750205e-24,4.0053070913605545e-24,4.006695244518546e-24,4.008082356847279e-24,4.009468425181176e-24,4.010853458383982e-24,4.0122374532092524e-24,4.01362038135237e-24,4.0150023016400435e-24,4.016383185981826e-24,4.017763035088065e-24,4.019141849660179e-24,4.020519630271304e-24,4.021896378257801e-24,4.023272093977424e-24,4.024646773035982e-24,4.026020421325974e-24,4.027393039761213e-24,4.028764633933958e-24,4.030135195345316e-24,4.031504734142223e-24,4.032873246100285e-24,4.0342407322618564e-24,4.0356071879909055e-24,4.036972624157023e-24,4.038337036713404e-24,4.039700421631583e-24,4.0410627892741865e-24,4.04242413092875e-24,4.043784376868723e-24,4.045143679263893e-24,4.046501966003402e-24,4.047859234389785e-24,4.0492154804226645e-24,4.0505707093220315e-24,4.051924927234143e-24,4.053278129963571e-24,4.054630318164753e-24,4.0559814925979984e-24,4.057331654053117e-24,4.058680803273989e-24,4.060028941077991e-24,4.061376068097038e-24,4.06272218514794e-24,4.064067292994528e-24,4.065411358068163e-24,4.066754415015671e-24,4.0680964650924785e-24,4.069437544199195e-24,4.070777580496845e-24,4.072116649527551e-24,4.073454714173032e-24,4.074791775720972e-24,4.076127830220337e-24,4.077462887579614e-24,4.078796944124958e-24,4.080129995899052e-24,4.081462052766205e-24,4.082793110797861e-24,4.084123096431105e-24,4.0854521603078154e-24,4.086780227103152e-24,4.088107298075956e-24,4.089433374338671e-24,4.090758456423791e-24,4.092082540576063e-24,4.0934056364307806e-24,4.094727666894603e-24,4.096048780363834e-24,4.097368902764348e-24,4.0986880354120026e-24,4.100006179134449e-24,4.101323334567195e-24,4.102639502525017e-24,4.103954683707346e-24,4.105268878894955e-24,4.106582088796053e-24,4.107894242203511e-24,4.109205484281639e-24,4.110515742890456e-24,4.11182501898829e-24,4.113133313679935e-24,4.114440627377888e-24,4.115746961086589e-24,4.117052315413166e-24,4.118356691104708e-24,4.119660088875767e-24,4.1209625094632405e-24,4.122263949252774e-24,4.123564417674343e-24,4.124863911213358e-24,4.1261624263240725e-24,4.127459972030007e-24,4.128756544966487e-24,4.130052142374933e-24,4.131346747977681e-24,4.1326404067762594e-24,4.133933095882491e-24,4.135224815897829e-24,4.1365155674947125e-24,4.137805351348587e-24,4.139094168285017e-24,4.140382018929879e-24,4.141668903887991e-24,4.142954824046238e-24,4.144239780286979e-24,4.145523769147486e-24,4.1468067993375886e-24,4.148088867724952e-24,4.149369974987389e-24,4.150650054794342e-24,4.151929239102313e-24,4.1532074079801466e-24,4.154484674917101e-24,4.155760987009469e-24,4.157036342299935e-24,4.158310741499148e-24,4.159584185307875e-24,4.160856647459039e-24,4.162128182877195e-24,4.163398735463266e-24,4.164668364913391e-24,4.1659370423189975e-24,4.1672047685549384e-24,4.168471541426054e-24,4.169737357896104e-24,4.171002235195294e-24,4.172266160243102e-24,4.173529137268591e-24,4.174791171363122e-24,4.1760522557709245e-24,4.177312398297252e-24,4.178571596337801e-24,4.1798298503628305e-24,4.181087157267056e-24,4.182343525266331e-24,4.183598951398772e-24,4.184853436376442e-24,4.186106980855268e-24,4.187359585539915e-24,4.1886112510835466e-24,4.189861950363455e-24,4.191111740194442e-24,4.192360589099068e-24,4.1936084779144055e-24,4.194855455633002e-24,4.19610150121782e-24,4.197346551079129e-24,4.198590666584724e-24,4.1998339126757546e-24,4.2010762261783955e-24,4.2023176082874636e-24,4.203558059660257e-24,4.204797519862288e-24,4.20603611244827e-24,4.207273775884893e-24,4.208510511590628e-24,4.209746312297416e-24,4.2109811944519194e-24,4.212215150728758e-24,4.2134481814778216e-24,4.214680288185893e-24,4.2159114711737846e-24,4.217141731183865e-24,4.21837106846984e-24,4.219599484479719e-24,4.220826976090238e-24,4.222053543275547e-24,4.223279138981679e-24,4.224503846327737e-24,4.225727633061011e-24,4.2269505341462006e-24,4.228172514702947e-24,4.229393582427789e-24,4.230613731222807e-24,4.2318329687128645e-24,4.233051292209051e-24,4.2342687023667664e-24,4.235485199805105e-24,4.236700785205034e-24,4.237915459129333e-24,4.239129222545871e-24,4.240342076040577e-24,4.241554017696034e-24,4.242765053227843e-24,4.243975177480114e-24,4.2451843978448545e-24,4.2463927084440415e-24,4.247600116308342e-24,4.2488066190712886e-24,4.250012214081799e-24,4.251216905026103e-24,4.2524206926083946e-24,4.253623577932696e-24,4.254825564812288e-24,4.256026650438612e-24,4.257226835785141e-24,4.258426121339923e-24,4.259624505364498e-24,4.260821990032149e-24,4.26201858018131e-24,4.2632142702134034e-24,4.264409063597894e-24,4.265602961258833e-24,4.2667959645790806e-24,4.267988072793805e-24,4.269179290510235e-24,4.270369615263121e-24,4.271559047614981e-24,4.272747588217126e-24,4.273935221397037e-24,4.275121980459075e-24,4.2763078499216056e-24,4.277492827322606e-24,4.278676919275509e-24,4.279860120367777e-24,4.281042434404269e-24,4.282223865208828e-24,4.283404407323675e-24,4.284584067207182e-24,4.285762842776617e-24,4.286940717258012e-24,4.288117726086691e-24,4.289293852634375e-24,4.2904690974443265e-24,4.291643461167449e-24,4.2928169407403145e-24,4.2939895410552875e-24,4.295161262316676e-24,4.29633210817969e-24,4.297502073420641e-24,4.298671164265053e-24,4.299839375883025e-24,4.301006714537699e-24,4.302173178164625e-24,4.303338715978629e-24,4.304503429124683e-24,4.305667271012562e-24,4.306830240454865e-24,4.3079923377826994e-24,4.309153513491462e-24,4.310313867454338e-24,4.3114733534068515e-24,4.312631967214294e-24,4.313789712238072e-24,4.3149465922875055e-24,4.316102605121694e-24,4.317257738921769e-24,4.318412018926902e-24,4.319565433691074e-24,4.32071792853374e-24,4.321869613307388e-24,4.323020435887293e-24,4.324170395753794e-24,4.325319493494934e-24,4.326467729755366e-24,4.3276151051807686e-24,4.3287616204158106e-24,4.329907276104997e-24,4.3310520728927e-24,4.332196011422944e-24,4.333339046187742e-24,4.334481270533849e-24,4.335622638198162e-24,4.336763150166863e-24,4.3379028043801914e-24,4.339041606822366e-24,4.340179504770615e-24,4.341316600884341e-24,4.342452844086406e-24,4.343588232797521e-24,4.344722770003511e-24,4.3458564594602645e-24,4.346989299103107e-24,4.3481212893110654e-24,4.349252431007714e-24,4.350382724669122e-24,4.351512168292546e-24,4.3526407650801635e-24,4.353768496041389e-24,4.354895404265398e-24,4.3560214674029576e-24,4.357146686322421e-24,4.358271061646561e-24,4.35939459134539e-24,4.3605172785069574e-24,4.36163912398049e-24,4.362760128564432e-24,4.3638802732452754e-24,4.364999600614192e-24,4.366118067975974e-24,4.367235717632352e-24,4.368352529192718e-24,4.3694685008572466e-24,4.370583616532916e-24,4.371697895819014e-24,4.372811362308953e-24,4.37392399132626e-24,4.375035788472435e-24,4.37614675228301e-24,4.3772568832137125e-24,4.37836618176686e-24,4.379474648814469e-24,4.380582284843939e-24,4.381689090478751e-24,4.382795044654416e-24,4.383900169459313e-24,4.385004465678744e-24,4.386107956243399e-24,4.387210619281915e-24,4.388312455646081e-24,4.389413465786778e-24,4.390513648299067e-24,4.39161300582409e-24,4.392711539504525e-24,4.3938092307496014e-24,4.3949061181605864e-24,4.3960021851340366e-24,4.397097430459658e-24,4.3981918523030046e-24,4.3992854559517736e-24,4.400378239758852e-24,4.4014702043452005e-24,4.4025613502826236e-24,4.403651678187268e-24,4.4047411886234855e-24,4.405829882298743e-24,4.4069177597416955e-24,4.408004821643131e-24,4.4090910685733725e-24,4.4101764988360705e-24,4.411261117584832e-24,4.412344923217291e-24,4.413427913533901e-24,4.414510092276552e-24,4.4155914621261434e-24,4.416672019151843e-24,4.41775176820691e-24,4.418830707838617e-24,4.419908838562415e-24,4.420986158809132e-24,4.422062671194373e-24,4.423138378871423e-24,4.424213277329336e-24,4.425287372659664e-24,4.42636066284418e-24,4.427433148386418e-24,4.428504827030006e-24,4.429575702701845e-24,4.4306457778547695e-24,4.431715048644778e-24,4.4327835198932676e-24,4.433851190173948e-24,4.434918057122845e-24,4.435984127080243e-24,4.437049397863183e-24,4.438113870017406e-24,4.4391775441349924e-24,4.440240420732155e-24,4.441302500578794e-24,4.442363784189062e-24,4.443424270547235e-24,4.444483963405591e-24,4.4455428592697876e-24,4.446600963836593e-24,4.447658275226986e-24,4.4487147918289474e-24,4.44977051840197e-24,4.450825453558649e-24,4.451879597833593e-24,4.452932951816904e-24,4.4539855161011926e-24,4.455037291277736e-24,4.456088277915975e-24,4.457138476650162e-24,4.458187888020958e-24,4.459236512678954e-24,4.4602843491241384e-24,4.46133140199753e-24,4.4623776678892516e-24,4.463423148664089e-24,4.464467848374313e-24,4.465511762419925e-24,4.466554893997002e-24,4.4675972409005206e-24,4.468638811440243e-24,4.469679597868291e-24,4.470719604475719e-24,4.4717588314036865e-24,4.472797279737239e-24,4.473834949486675e-24,4.4748718386050084e-24,4.47590795536133e-24,4.476943293305799e-24,4.4779778543671514e-24,4.4790116403325846e-24,4.480044653346661e-24,4.481076891971904e-24,4.4821083567322594e-24,4.483139048203404e-24,4.484168965478371e-24,4.485198110065481e-24,4.486226483009869e-24,4.487254087054272e-24,4.4882809182393056e-24,4.489306980051534e-24,4.490332272629556e-24,4.491356798561567e-24,4.492380556468061e-24,4.493403544954753e-24,4.494425768355071e-24,4.4954472235197305e-24,4.496467914772751e-24,4.497487840845797e-24,4.498507002270356e-24,4.4995253996688084e-24,4.500543033571845e-24,4.501559902680314e-24,4.502576011121566e-24,4.503591356008155e-24,4.5046059396696276e-24,4.505619764627632e-24,4.506632827729668e-24,4.50764513119541e-24,4.5086566757351846e-24,4.509667461919381e-24,4.510677490330057e-24,4.511686761533331e-24,4.5126952779953725e-24,4.513703038427755e-24,4.5147100433457074e-24,4.51571629331128e-24,4.516721788785506e-24,4.517726530515922e-24,4.518730518991798e-24,4.519733754772132e-24,4.520736236132202e-24,4.521737968169145e-24,4.522738935308004e-24,4.52373916614422e-24,4.52473864687451e-24,4.525737376618749e-24,4.526735359284185e-24,4.527732592103961e-24,4.5287290789961614e-24,4.5297248188766265e-24,4.530719810507852e-24,4.531714056046561e-24,4.532707558005297e-24,4.533700315172927e-24,4.534692328097988e-24,4.535683597303001e-24,4.536674123347408e-24,4.537663906815586e-24,4.53865294822579e-24,4.539641248167066e-24,4.5406288070848036e-24,4.541615625729541e-24,4.54260170455554e-24,4.543587044115797e-24,4.5445716449657956e-24,4.545555507658511e-24,4.5465386327499335e-24,4.547521020758562e-24,4.548502672303377e-24,4.549483587899173e-24,4.550463737317445e-24,4.551443182979555e-24,4.552421894081679e-24,4.553399871433676e-24,4.554377115593806e-24,4.555353627112669e-24,4.5563294065100114e-24,4.5573044543948306e-24,4.558278771259152e-24,4.5592523577006915e-24,4.5602252142419656e-24,4.5611973414291094e-24,4.5621687398118746e-24,4.5631394099052466e-24,4.564109352321469e-24,4.565078567564764e-24,4.566047056185705e-24,4.567014818730143e-24,4.567981855738774e-24,4.568948167758955e-24,4.5699137537853545e-24,4.570878617406599e-24,4.5718427577167036e-24,4.572806175176873e-24,4.573768870396844e-24,4.574730843881463e-24,4.575692068762114e-24,4.576652570810381e-24,4.577612382659591e-24,4.578571474661083e-24,4.5795298476213886e-24,4.580487502087461e-24,4.581444438597154e-24,4.582400657661701e-24,4.583356159873476e-24,4.584310945741581e-24,4.585265015807071e-24,4.586218370604644e-24,4.587171010668723e-24,4.5881229365365714e-24,4.589074148742346e-24,4.590024647822628e-24,4.590974434310472e-24,4.591923508727788e-24,4.5928718716148485e-24,4.593819523513227e-24,4.5947664649716306e-24,4.595712696509785e-24,4.596658218630008e-24,4.5976030318925034e-24,4.598547136824942e-24,4.599490533977129e-24,4.600433223863143e-24,4.6013752070102366e-24,4.602316483925999e-24,4.603257055189383e-24,4.6041969213026505e-24,4.6051360813054696e-24,4.606074538635981e-24,4.607012292467613e-24,4.6079493432649694e-24,4.6088856915530664e-24,4.6098213363925174e-24,4.610756281194427e-24,4.611690525108511e-24,4.612624067120845e-24,4.6135569107033076e-24,4.614489054969746e-24,4.6154205004129724e-24,4.616351247546449e-24,4.617281296897611e-24,4.618210648987426e-24,4.619139304335727e-24,4.620067263460206e-24,4.620994526898877e-24,4.621921095148848e-24,4.6228469687618816e-24,4.623772148244302e-24,4.624696634114828e-24,4.625620426871198e-24,4.6265435270664036e-24,4.627465935217838e-24,4.628387651815379e-24,4.629308651100147e-24,4.630228959705838e-24,4.631148605126138e-24,4.63206756084311e-24,4.632985827571193e-24,4.633903405905276e-24,4.634820296328172e-24,4.635736499353703e-24,4.636652015495654e-24,4.637566845271175e-24,4.638480989192213e-24,4.639394447750652e-24,4.640307221489646e-24,4.641219310937987e-24,4.642130691217322e-24,4.643041413830905e-24,4.643951453447513e-24,4.6448608107968796e-24,4.645769486392788e-24,4.6466774554104164e-24,4.647584769268053e-24,4.6484914027061785e-24,4.649397356429974e-24,4.6503026309333884e-24,4.6512072267651775e-24,4.652111144419165e-24,4.6530143844021514e-24,4.653916922378003e-24,4.6548188087854656e-24,4.6557200188234956e-24,4.656620551449899e-24,4.657520410640038e-24,4.658419595187883e-24,4.659318105667928e-24,4.660215942547326e-24,4.6611131063140924e-24,4.662009597468569e-24,4.662905416520163e-24,4.6638005639509e-24,4.664695040302919e-24,4.665588846047675e-24,4.666481981713709e-24,4.667374447788816e-24,4.668266244776894e-24,4.669157373178133e-24,4.670047833474604e-24,4.6709376262062104e-24,4.671826751856557e-24,4.67271521090079e-24,4.673603003863703e-24,4.674490131246337e-24,4.675376593556443e-24,4.676262391280034e-24,4.677147524913606e-24,4.678031971380976e-24,4.678915778560697e-24,4.679798922936836e-24,4.6806814052047064e-24,4.681563225869385e-24,4.682444385425722e-24,4.68332488437059e-24,4.684204723197381e-24,4.685083902401782e-24,4.685962422477024e-24,4.686840283920255e-24,4.6877174872233106e-24,4.688594032879091e-24,4.689469921382848e-24,4.690345153225666e-24,4.691219728900203e-24,4.6920936488975364e-24,4.6929669125663575e-24,4.693839511086395e-24,4.694711459899236e-24,4.695582762044544e-24,4.6964534110188586e-24,4.697323406106128e-24,4.698192750059655e-24,4.699061442319692e-24,4.699929483314548e-24,4.70079687352844e-24,4.701663613445364e-24,4.7025297035671576e-24,4.703395144375628e-24,4.7042599363536335e-24,4.705124079977447e-24,4.705987575735294e-24,4.706850423305111e-24,4.7077126247878736e-24,4.708574178790725e-24,4.709435087953069e-24,4.7102953517244436e-24,4.711154970547625e-24,4.71201394487616e-24,4.7128722656289326e-24,4.713729952627618e-24,4.714586986872823e-24,4.7154433883104306e-24,4.716299146200664e-24,4.717154262769771e-24,4.718008737904972e-24,4.718862573875607e-24,4.719715769758546e-24,4.720568325973725e-24,4.721420243040782e-24,4.7222715214011605e-24,4.723122161562644e-24,4.723972163989663e-24,4.724821529161755e-24,4.72567025755247e-24,4.726518349641255e-24,4.727365804847823e-24,4.728212625701506e-24,4.729058811748334e-24,4.729904363399146e-24,4.730749280110061e-24,4.731593564358448e-24,4.7324372156709864e-24,4.733280234491998e-24,4.734122621292676e-24,4.734964376522235e-24,4.7358055007007204e-24,4.736645994266516e-24,4.73748585667766e-24,4.738325089355257e-24,4.739163693905381e-24,4.7400016697987816e-24,4.74083901745147e-24,4.741675736028041e-24,4.742511828572044e-24,4.7433472943237956e-24,4.7441821337207875e-24,4.7450163472050134e-24,4.745849935253334e-24,4.746682898383994e-24,4.7475152360023745e-24,4.748346950601192e-24,4.749178041686069e-24,4.750008509692863e-24,4.750838354094476e-24,4.751667577279136e-24,4.752496178831109e-24,4.753324158197725e-24,4.754151517762686e-24,4.7549782570797046e-24,4.755804376579956e-24,4.756629876724049e-24,4.7574547579842315e-24,4.758279019852218e-24,4.7591026646855425e-24,4.759925692050523e-24,4.760748102373959e-24,4.7615698961356365e-24,4.762391073786684e-24,4.7632116344953045e-24,4.764031581272914e-24,4.764850894028555e-24,4.7656696120419815e-24,4.766487705985947e-24,4.767305196775936e-24,4.768122074591049e-24,4.768938339973306e-24,4.7697539933874544e-24,4.770569035300628e-24,4.771383466152816e-24,4.772197285468323e-24,4.773010494596051e-24,4.7738230950117356e-24,4.774635086243582e-24,4.775446468704786e-24,4.776257241951516e-24,4.777067408229481e-24,4.777876966423386e-24,4.778685917348799e-24,4.7794942620287085e-24,4.78030200145802e-24,4.7811091353443884e-24,4.781915664108972e-24,4.7827215872201125e-24,4.783526907042674e-24,4.784331623162106e-24,4.785135735955175e-24,4.785939245905988e-24,4.786742153452322e-24,4.787544458139169e-24,4.788346161332199e-24,4.7891472643322254e-24,4.789947766622857e-24,4.790747668058694e-24,4.7915469706074854e-24,4.792345673937177e-24,4.7931437784477165e-24,4.793941284622219e-24,4.7947381928928516e-24,4.795534503705224e-24,4.796330217507911e-24,4.7971253334838596e-24,4.7979198545738594e-24,4.7987137800309204e-24,4.799507110267501e-24,4.800299845714114e-24,4.801091986832936e-24,4.801883534082744e-24,4.802674487891844e-24,4.8034648486925604e-24,4.804254616959372e-24,4.8050437931206266e-24,4.8058323767013866e-24,4.806620369948624e-24,4.807407772454928e-24,4.808194584629468e-24,4.808980806914341e-24,4.809766439753454e-24,4.810551483585661e-24,4.8113359388407315e-24,4.8121198051572654e-24,4.812903083647378e-24,4.813685775821133e-24,4.814467880407728e-24,4.815249399434665e-24,4.816030332574338e-24,4.816810680231585e-24,4.8175904428210715e-24,4.818369620826108e-24,4.819148214668262e-24,4.8199262247736114e-24,4.8207036515945366e-24,4.82148049554205e-24,4.822256757089751e-24,4.8230324366571795e-24,4.823807534679255e-24,4.824582050764365e-24,4.825355986973347e-24,4.826129342975611e-24,4.8269021191764024e-24,4.8276743160089775e-24,4.828445933907474e-24,4.829216972496058e-24,4.8299874337955814e-24,4.8307573174762986e-24,4.831526615287294e-24,4.832295345097999e-24,4.833063497451971e-24,4.833831074914463e-24,4.834598076940347e-24,4.835364503930148e-24,4.836130356309884e-24,4.836895634509783e-24,4.8376603389641355e-24,4.838424461701158e-24,4.839188011424306e-24,4.83995099731606e-24,4.840713411074698e-24,4.8414752532397e-24,4.8422365242346084e-24,4.8429972244861825e-24,4.8437573544204126e-24,4.8445169144649154e-24,4.845275905047925e-24,4.846034326597093e-24,4.846792179537602e-24,4.847549464295632e-24,4.8483061812957525e-24,4.8490623309677704e-24,4.849817913731944e-24,4.850572930017237e-24,4.851327375769191e-24,4.852081260296708e-24,4.85283457894256e-24,4.85358491942014e-24,4.854334699299662e-24,4.855083917777523e-24,4.855832576480707e-24,4.856580675207909e-24,4.857328214369716e-24,4.8580751912080075e-24,4.8588216126058514e-24,4.859567475657519e-24,4.860312780834799e-24,4.861057523355257e-24,4.8618017134504086e-24,4.862545346915778e-24,4.8632884241882464e-24,4.8640309456976374e-24,4.8647729092731e-24,4.8655143204867534e-24,4.866255177701252e-24,4.8669954807832465e-24,4.867735230162489e-24,4.868474426254404e-24,4.8692130671273035e-24,4.869951157856971e-24,4.8706886959622856e-24,4.871425680689637e-24,4.872162116504555e-24,4.872897994128945e-24,4.8736333286849975e-24,4.8743681038803864e-24,4.8751023388650075e-24,4.87583602392413e-24,4.8765691517238514e-24,4.877301740444266e-24,4.878033781285179e-24,4.878765274603637e-24,4.8794962208090714e-24,4.88022661800987e-24,4.880958820389692e-24,4.881688126084898e-24,4.882416877348537e-24,4.8831450900872e-24,4.883872759071824e-24,4.8845998852278635e-24,4.885326467495652e-24,4.886052506324889e-24,4.886778001349851e-24,4.8875029545675305e-24,4.888227355608006e-24,4.888951207409006e-24,4.8896745264189635e-24,4.890397312546452e-24,4.8911195587067965e-24,4.891841263327743e-24,4.8925624282521235e-24,4.893283054028948e-24,4.8940031413237096e-24,4.894722690014865e-24,4.895441700341283e-24,4.896160172760132e-24,4.896878106503929e-24,4.897595503941265e-24,4.8983123657128775e-24,4.899028691447969e-24,4.89974448138515e-24,4.900459731619721e-24,4.9011744496695824e-24,4.901888635268707e-24,4.902602286737721e-24,4.903315404451819e-24,4.904027983868172e-24,4.9047400339733686e-24,4.90545155230532e-24,4.906162521190252e-24,4.906875269859175e-24,4.907585173665049e-24,4.9082945645022125e-24,4.909005714476819e-24,4.9097140249702625e-24,4.9104218222059916e-24,4.9111290813701314e-24,4.911835821657731e-24,4.912542032121509e-24,4.913247706434407e-24,4.913952859954013e-24,4.91465748834365e-24,4.9153615884694895e-24,4.9160651546371676e-24,4.9167682031566074e-24,4.9174707237284574e-24,4.918172718877001e-24,4.9188741739207185e-24,4.919575113290192e-24,4.920275519785072e-24,4.9209754025217574e-24,4.921674778065984e-24,4.922373629888127e-24,4.923071955517917e-24,4.92376976364121e-24,4.9244670476991765e-24,4.925163810241293e-24,4.9258600507746514e-24,4.926555773163229e-24,4.9272509742674215e-24,4.927945656340309e-24,4.928639818825364e-24,4.929333445459294e-24,4.930026553617362e-24,4.930719143358756e-24,4.931411215060733e-24,4.932102781387966e-24,4.932793833156667e-24,4.93348435297523e-24,4.934174372273363e-24,4.934863875690614e-24,4.935552861980631e-24,4.936241333495521e-24,4.936929287479596e-24,4.937616726280779e-24,4.938303639014269e-24,4.93899005259268e-24,4.939675955010143e-24,4.940361328138943e-24,4.941046204922094e-24,4.941730569541248e-24,4.942414422348036e-24,4.9430977635682755e-24,4.943780593887557e-24,4.9444629140203115e-24,4.945144720863952e-24,4.945826018713612e-24,4.946506792483038e-24,4.947187073652363e-24,4.947866846108093e-24,4.948546108801592e-24,4.949224864308555e-24,4.949903112173724e-24,4.950580836658266e-24,4.9512580709015686e-24,4.951934798708555e-24,4.9526110204045624e-24,4.953286736356275e-24,4.953961946957734e-24,4.954636652583201e-24,4.955310850865314e-24,4.955984546602756e-24,4.956657739084534e-24,4.957330427957889e-24,4.958002609786839e-24,4.958674292855743e-24,4.959345473717379e-24,4.960016151947866e-24,4.960686328709306e-24,4.961356004852892e-24,4.9620251649812774e-24,4.962693826630117e-24,4.96336198757287e-24,4.964029662529448e-24,4.964696838164944e-24,4.965363514877006e-24,4.966029692988317e-24,4.966695372238507e-24,4.967360554328635e-24,4.96802523890529e-24,4.96868942690438e-24,4.969353117380252e-24,4.9700163110613586e-24,4.970679008605544e-24,4.971341210954134e-24,4.972002918007306e-24,4.9726641307335805e-24,4.973324847419183e-24,4.9739850548678934e-24,4.974644784528925e-24,4.975304020949588e-24,4.97596276541612e-24,4.97662101719405e-24,4.977278776189257e-24,4.977936041737735e-24,4.9785928172811426e-24,4.979249102122672e-24,4.979904895619458e-24,4.9805601992583515e-24,4.981215012785294e-24,4.981869336605262e-24,4.982523163278664e-24,4.983176508733437e-24,4.983829365116375e-24,4.984481731764456e-24,4.985133612024149e-24,4.985785004789437e-24,4.9864359081880175e-24,4.987086327544696e-24,4.9877362599497026e-24,4.98838570628236e-24,4.9890346602682016e-24,4.989683136055702e-24,4.9903311269265504e-24,4.990978632701911e-24,4.991625654235275e-24,4.992272191897191e-24,4.992918246034741e-24,4.993563802490935e-24,4.994208877567057e-24,4.994853483806875e-24,4.9954976080216896e-24,4.996141249997317e-24,4.996784410838451e-24,4.997427090035608e-24,4.9980692891302396e-24,4.998711008420547e-24,4.999352247799694e-24,4.999993007136792e-24,5.000633287269478e-24,5.00127308858878e-24,5.0019124114334725e-24,5.002551256669099e-24,5.003189623652047e-24,5.003827513728954e-24,5.0044649267587025e-24,5.005101862647351e-24,5.0057383226682e-24,5.0063743067204806e-24,5.007009815158474e-24,5.007644848345048e-24,5.008279399318752e-24,5.0089134830232076e-24,5.009547091869405e-24,5.010180227125323e-24,5.010812888864213e-24,5.0114450774798575e-24,5.0120767808835316e-24,5.012708023472858e-24,5.0133387942220806e-24,5.01396909248156e-24,5.0145989207766646e-24,5.015228278536846e-24,5.01585716518411e-24,5.0164855672941865e-24,5.01711351353415e-24,5.017740990413116e-24,5.0183679980224104e-24,5.018994536875155e-24,5.019620606553085e-24,5.020246208040237e-24,5.020871340745991e-24,5.021496007340739e-24,5.022120206787385e-24,5.022743939946494e-24,5.02336720665807e-24,5.023990006791035e-24,5.024612341304086e-24,5.025234210321924e-24,5.025855614737501e-24,5.0264765540047186e-24,5.0270970288740704e-24,5.027717039246531e-24,5.0283365865128034e-24,5.02895567042346e-24,5.029574291886779e-24,5.0301924502941795e-24,5.030810145013814e-24,5.031427379633808e-24,5.0320441507763724e-24,5.032660461941554e-24,5.033276312119422e-24,5.0338917016047204e-24,5.034506627682463e-24,5.035121097060785e-24,5.035735107452803e-24,5.036348658634125e-24,5.036961750462838e-24,5.037574383909559e-24,5.038186545549634e-24,5.038798263918196e-24,5.0394095249005364e-24,5.0400203269223005e-24,5.040630673589576e-24,5.0412405624440275e-24,5.0418499970577535e-24,5.042458975461446e-24,5.043067498937076e-24,5.0436755669039045e-24,5.0442831765059664e-24,5.044890334726612e-24,5.04549703899493e-24,5.046103290621901e-24,5.046709082631841e-24,5.0473144217857215e-24,5.047919314287635e-24,5.048523754023386e-24,5.049127741762159e-24,5.049731272639963e-24,5.050334352289649e-24,5.0509369864844976e-24,5.0515391700684536e-24,5.052140903340708e-24,5.052742186635895e-24,5.0533430197968525e-24,5.053943403254527e-24,5.0545433382333846e-24,5.055142820961972e-24,5.0557418589904196e-24,5.056340449049242e-24,5.056938591939611e-24,5.057536287076002e-24,5.058133534786474e-24,5.0587303359710165e-24,5.059326691734799e-24,5.0599225952788196e-24,5.060518058339195e-24,5.061113076804347e-24,5.061707650755213e-24,5.062301780086889e-24,5.062895463336713e-24,5.0634886937696604e-24,5.064081491210864e-24,5.0646738449540346e-24,5.065265755753818e-24,5.065857205116901e-24,5.066448230950266e-24,5.0670388144575675e-24,5.067628950863332e-24,5.0682186498619635e-24,5.0688079099355955e-24,5.0693967290659114e-24,5.069985106887669e-24,5.070573046021763e-24,5.07116054549294e-24,5.0717475936103946e-24,5.072334203358078e-24,5.0729203852983664e-24,5.0735061281638e-24,5.074091434770629e-24,5.0746763028866456e-24,5.075260733516473e-24,5.075844727658759e-24,5.07642828507129e-24,5.0770114061452766e-24,5.077594091172353e-24,5.078176340454773e-24,5.078758154785408e-24,5.079339534048089e-24,5.079920477700028e-24,5.0805009873953826e-24,5.081081062560733e-24,5.081660704843282e-24,5.082239909424065e-24,5.0828186842184904e-24,5.083397026187195e-24,5.083974936226528e-24,5.084552414526057e-24,5.085129461004361e-24,5.085706075548666e-24,5.0862822589234165e-24,5.086858000612203e-24,5.0874333225756245e-24,5.088008214817406e-24,5.088582676725592e-24,5.0891567040003275e-24,5.089730307063229e-24,5.090303481679133e-24,5.090876225988337e-24,5.091448542006301e-24,5.092020429590223e-24,5.092591886256807e-24,5.093162915797208e-24,5.093733523592189e-24,5.094303703023697e-24,5.094873456864204e-24,5.0954427852402635e-24,5.096011687477912e-24,5.096580159311434e-24,5.097148211402904e-24,5.0977158383861005e-24,5.098283040978976e-24,5.098849819805887e-24,5.099416174788627e-24,5.099982106297075e-24,5.100547614605408e-24,5.101112700061626e-24,5.101677358163447e-24,5.102241593991541e-24,5.102805412712594e-24,5.10336880951149e-24,5.1039317854287765e-24,5.104494340349369e-24,5.105056474645216e-24,5.105618188606841e-24,5.1061794821123295e-24,5.106740356365578e-24,5.107300811629947e-24,5.1078608477892805e-24,5.108420465169976e-24,5.108979663685048e-24,5.1095384424892e-24,5.110096803810659e-24,5.1106547384270215e-24,5.111212266650256e-24,5.1117693775959065e-24,5.112326071975055e-24,5.1128823490687716e-24,5.113438211167784e-24,5.113993658136791e-24,5.1145486893570754e-24,5.1151033059772744e-24,5.115657507420226e-24,5.116211293274818e-24,5.116764666672379e-24,5.117317625845405e-24,5.117870171616562e-24,5.118422304231621e-24,5.1189740235040674e-24,5.119525330738176e-24,5.120076225275374e-24,5.120626708323173e-24,5.121176779704241e-24,5.121726440245234e-24,5.122275689352058e-24,5.122824526524245e-24,5.123372953238132e-24,5.1239209711826504e-24,5.124468579334276e-24,5.1250157776409125e-24,5.125562567206584e-24,5.1261089479071055e-24,5.126654920056513e-24,5.1272004839657776e-24,5.127745638988929e-24,5.128290387712336e-24,5.1288347284015676e-24,5.129378662352816e-24,5.1299221896202295e-24,5.1304653104969996e-24,5.131008025695646e-24,5.131550335085733e-24,5.132092238568163e-24,5.13263373684974e-24,5.13317483066384e-24,5.133715518235924e-24,5.134255802335576e-24,5.1347956816925114e-24,5.135335158236832e-24,5.135874231252181e-24,5.136412902027198e-24,5.1369511696453765e-24,5.137489034786171e-24,5.138026495443278e-24,5.138563556601268e-24,5.139100215021652e-24,5.139636472137872e-24,5.140172328659416e-24,5.140707785378906e-24,5.141242842071011e-24,5.141777497896142e-24,5.142311754376794e-24,5.142845611754502e-24,5.14337906993547e-24,5.14391212924054e-24,5.14444478997169e-24,5.144977050417418e-24,5.145508914144361e-24,5.146040380962776e-24,5.146571447528208e-24,5.1471021190625315e-24,5.1476323938490684e-24,5.148162272909871e-24,5.148691755001971e-24,5.149220841970831e-24,5.149749532581523e-24,5.1502778274412655e-24,5.150805728517991e-24,5.151333232176193e-24,5.151860344118877e-24,5.152387059144518e-24,5.1529133814596394e-24,5.1534393110978076e-24,5.153964847528766e-24,5.154489989159729e-24,5.1550147391368405e-24,5.155539097576746e-24,5.156063063342355e-24,5.1565866379416904e-24,5.1571098192106404e-24,5.157632609188287e-24,5.1581550102541426e-24,5.158677018851869e-24,5.159198638980907e-24,5.159719867937205e-24,5.160240706539784e-24,5.160761156693557e-24,5.161281218534828e-24,5.16180089087299e-24,5.162320175380961e-24,5.162839071596896e-24,5.163357577995929e-24,5.163875697681879e-24,5.1643934311768934e-24,5.1649107757521984e-24,5.165427734677272e-24,5.1659443081492414e-24,5.1664604949551604e-24,5.166976295811377e-24,5.167491710999528e-24,5.1680067408293435e-24,5.1685213855663126e-24,5.16903564550947e-24,5.16954952094867e-24,5.1700630121670325e-24,5.170576119505658e-24,5.171088843165443e-24,5.1716011831118e-24,5.172113140729816e-24,5.1726247155446624e-24,5.17313590748306e-24,5.173646717618684e-24,5.174157145802242e-24,5.1746671923448634e-24,5.175176857533156e-24,5.175686141272275e-24,5.176195044609412e-24,5.176703567449484e-24,5.177211710075221e-24,5.177719472769843e-24,5.17822685511282e-24,5.1787338580697355e-24,5.179240482327884e-24,5.179746726673293e-24,5.180252592479936e-24,5.180758079777423e-24,5.1812631894373236e-24,5.181767922922009e-24,5.182272278650994e-24,5.182776257659295e-24,5.1832798594802565e-24,5.183783085142231e-24,5.18428593381537e-24,5.184788405788824e-24,5.185290502051423e-24,5.1857922244104635e-24,5.1862935712833464e-24,5.18679454364778e-24,5.187295141095419e-24,5.187795363141229e-24,5.188295212682106e-24,5.1887946877581974e-24,5.189293790154002e-24,5.189792518988341e-24,5.19029087457719e-24,5.19078885794094e-24,5.19128646902035e-24,5.1917837083835515e-24,5.192280575648122e-24,5.192777071365963e-24,5.1932731962377246e-24,5.193768950174032e-24,5.19426433345144e-24,5.194759346032129e-24,5.1952539888333195e-24,5.1957482614905824e-24,5.1962421641969664e-24,5.1967356980425845e-24,5.197228862406213e-24,5.1977216581122006e-24,5.198214084380117e-24,5.19870614270096e-24,5.199197833939644e-24,5.199689157880383e-24,5.2001801144574286e-24,5.2006707039641574e-24,5.2011609266857685e-24,5.201650783257923e-24,5.2021402722960486e-24,5.202629394904976e-24,5.2031181532045665e-24,5.2036065449714946e-24,5.2040945726838976e-24,5.204582235895327e-24,5.205069533266504e-24,5.20555646621685e-24,5.2060430350112845e-24,5.206529240711203e-24,5.207015083662782e-24,5.207500563343707e-24,5.2079856796623195e-24,5.208470433648281e-24,5.208954824863637e-24,5.209438852538924e-24,5.209922520094895e-24,5.210405825416232e-24,5.210888769973117e-24,5.211371353479077e-24,5.2118535761831626e-24,5.212335438074178e-24,5.2128169395956015e-24,5.21329808150059e-24,5.213778862265787e-24,5.214259284998217e-24,5.214739346836081e-24,5.215219051124533e-24,5.215698397106849e-24,5.2161773843506274e-24,5.216656013197557e-24,5.217134284862587e-24,5.2176121989336526e-24,5.218089755691607e-24,5.2185669554153005e-24,5.219043796331441e-24,5.219520282376618e-24,5.2199964125689715e-24,5.22047218616478e-24,5.220947604698457e-24,5.221422667770648e-24,5.221897375689863e-24,5.22237172868353e-24,5.222845727021422e-24,5.2233193706347056e-24,5.223792660129134e-24,5.224265595491756e-24,5.224738177962383e-24,5.22521040705258e-24,5.22568228275018e-24,5.226153805639095e-24,5.226624975726732e-24,5.227095794201175e-24,5.227566260678476e-24,5.228036374810573e-24,5.228506136379495e-24,5.2289755480781696e-24,5.229444608822586e-24,5.229913318881851e-24,5.230381676826658e-24,5.230849686630517e-24,5.2313173459314856e-24,5.2317846558926346e-24,5.232251616215471e-24,5.2327182276432575e-24,5.233184489210685e-24,5.2336504032252895e-24,5.234115968683159e-24,5.2345811862859266e-24,5.2350460558454695e-24,5.235510578084421e-24,5.235974753062079e-24,5.236438580749001e-24,5.236902061612776e-24,5.237365196595941e-24,5.2378279853487015e-24,5.2382904264257375e-24,5.238752523480052e-24,5.239214275048616e-24,5.239675681049489e-24,5.240136739101011e-24,5.240597455224364e-24,5.241057826839554e-24,5.241517854927293e-24,5.241977538429099e-24,5.242436878580754e-24,5.242895874994947e-24,5.243354528953466e-24,5.2438128399563844e-24,5.244270808328543e-24,5.244728433969499e-24,5.245185717481216e-24,5.24564265784136e-24,5.2460992578857786e-24,5.2465555165565455e-24,5.2470114330965195e-24,5.2474670098082016e-24,5.247922245922472e-24,5.2483771416874806e-24,5.248831697390552e-24,5.249285913245076e-24,5.2497397897053596e-24,5.250193326790106e-24,5.250646523404315e-24,5.251099380883961e-24,5.2515519017150065e-24,5.252004083919604e-24,5.2524559280657084e-24,5.252907434749959e-24,5.253358600638068e-24,5.253809432159897e-24,5.254259926428925e-24,5.254710084414984e-24,5.2551599053454664e-24,5.25560938915277e-24,5.256058536949933e-24,5.256507349963862e-24,5.2569558277813136e-24,5.2574039702982654e-24,5.2578517764613824e-24,5.258299248839141e-24,5.258746386691856e-24,5.259193190599227e-24,5.2596396601379045e-24,5.260085795895394e-24,5.260531598121728e-24,5.260977066095124e-24,5.2614222019927935e-24,5.2618670051170064e-24,5.262311476047532e-24,5.262755614691944e-24,5.263199421298246e-24,5.263642895546473e-24,5.2640860384686234e-24,5.264528849127559e-24,5.264971329149483e-24,5.265413478752976e-24,5.2658552979894286e-24,5.2662967869825496e-24,5.266737945641087e-24,5.267178774751681e-24,5.267619274030548e-24,5.268059443278776e-24,5.268499283455303e-24,5.268938796119175e-24,5.269377980209585e-24,5.26981683596608e-24,5.2702553636821806e-24,5.27069356350466e-24,5.2711314357440625e-24,5.271568980633205e-24,5.2720061980895704e-24,5.2724430886881716e-24,5.272879652676866e-24,5.273315890288999e-24,5.27375180080033e-24,5.27418738673286e-24,5.2746226466975264e-24,5.275057581274546e-24,5.275492190703248e-24,5.275926475267299e-24,5.2763604339251214e-24,5.276794069000099e-24,5.2772273790489046e-24,5.277660366379905e-24,5.278093030322296e-24,5.2785253705826875e-24,5.2789573876388105e-24,5.279389081380532e-24,5.279820452661605e-24,5.2802515002559596e-24,5.280682226692804e-24,5.281112630246247e-24,5.281542712831514e-24,5.281972473138773e-24,5.2824019133171344e-24,5.28283103239257e-24,5.283259830500922e-24,5.283688308069573e-24,5.284116465444758e-24,5.284544301670141e-24,5.2849718193702856e-24,5.285399017409793e-24,5.285825895868747e-24,5.28625245523641e-24,5.286678695409695e-24,5.2871046174490945e-24,5.287530220746234e-24,5.287955506114843e-24,5.2883804732976745e-24,5.288805123031518e-24,5.289229455382446e-24,5.289653470530262e-24,5.2900771686967566e-24,5.290500550036479e-24,5.2909236143027316e-24,5.2913463629718094e-24,5.291768795580703e-24,5.292190912391331e-24,5.292612713321934e-24,5.293034198834227e-24,5.293455368382627e-24,5.293876224363506e-24,5.29429676572455e-24,5.294716991439316e-24,5.2951369039496834e-24,5.295556502870426e-24,5.295975788112876e-24,5.2963947595977515e-24,5.296813417875442e-24,5.2972317631598474e-24,5.297649796038189e-24,5.298067516409737e-24,5.298484923973424e-24,5.2989020194967775e-24,5.299318803140063e-24,5.299735275489473e-24,5.30015143632824e-24,5.300567286213534e-24,5.300982825250051e-24,5.301398053969149e-24,5.301812972283672e-24,5.3022275791791366e-24,5.302641877052535e-24,5.3030558640632854e-24,5.303469542529886e-24,5.3038829119914635e-24,5.304295972421187e-24,5.304708723818159e-24,5.305121166845618e-24,5.305533301901626e-24,5.305945127417007e-24,5.306356646199368e-24,5.30676785735715e-24,5.3071787608886525e-24,5.3075893572231394e-24,5.307999646614484e-24,5.3084096293580554e-24,5.308819306131609e-24,5.3092286763325214e-24,5.309637740612399e-24,5.31004649909662e-24,5.3104549519183196e-24,5.310863099516599e-24,5.3112709421944026e-24,5.311678479981438e-24,5.312085713170018e-24,5.312492641555038e-24,5.312899266057929e-24,5.3133055866458175e-24,5.31371160342567e-24,5.314117316747633e-24,5.3145227253139496e-24,5.314927831937059e-24,5.315332635705825e-24,5.315739224584315e-24,5.316143421608808e-24,5.316549402002223e-24,5.316952993952941e-24,5.3173562841301974e-24,5.317761353772324e-24,5.318166119210986e-24,5.318570580585826e-24,5.318974738307561e-24,5.319378592371576e-24,5.319782143154669e-24,5.3201853910071596e-24,5.320588335926062e-24,5.3209909783381575e-24,5.3213933182656076e-24,5.321795356146103e-24,5.3221970915949094e-24,5.322598525855842e-24,5.322999658639418e-24,5.323400490048476e-24,5.3238010204665024e-24,5.324201250191502e-24,5.324601179226928e-24,5.3250008080424786e-24,5.325400136743216e-24,5.3257991655516215e-24,5.32619789455987e-24,5.326596324264055e-24,5.326994454752017e-24,5.327392285782766e-24,5.32778981841043e-24,5.328187052495834e-24,5.328583988244446e-24,5.328980626020659e-24,5.3293769658110715e-24,5.329773008070893e-24,5.330168752427878e-24,5.330564200065269e-24,5.3309593506228265e-24,5.331354204541604e-24,5.3317487619184026e-24,5.33214302298681e-24,5.3325369879687465e-24,5.332930657088796e-24,5.333324030568247e-24,5.333717108628577e-24,5.334109891492154e-24,5.334502379379927e-24,5.334894572514336e-24,5.3352864703182106e-24,5.3356780746095144e-24,5.3360693848102805e-24,5.336460400339483e-24,5.33685112302044e-24,5.337241552275015e-24,5.337631688322715e-24,5.338021531382666e-24,5.338411081673004e-24,5.338800339415599e-24,5.339189304830107e-24,5.339577978136349e-24,5.339966359161409e-24,5.340354448910961e-24,5.3407422468002244e-24,5.341129753864029e-24,5.341516969914731e-24,5.341903895073455e-24,5.3422905296587244e-24,5.3426768739805044e-24,5.343062928162774e-24,5.3434486923004014e-24,5.3438341667382606e-24,5.34421935103306e-24,5.34460424644418e-24,5.344988852794181e-24,5.345373170596396e-24,5.345757199805498e-24,5.3461409406960304e-24,5.3465243934029534e-24,5.346907558139293e-24,5.347290435124472e-24,5.3476730245714385e-24,5.348055326606998e-24,5.348437341546031e-24,5.34881906968025e-24,5.3492005111411584e-24,5.3495816661482694e-24,5.349962534510936e-24,5.3503431172399284e-24,5.350723414155251e-24,5.351103425472302e-24,5.3514831506597394e-24,5.351862590661575e-24,5.3522417464679685e-24,5.352620617532807e-24,5.3529992040694885e-24,5.353377505546395e-24,5.353755523577743e-24,5.3541332578120056e-24,5.354510707612456e-24,5.354887874712415e-24,5.355264758569899e-24,5.355641359385001e-24,5.356017677375834e-24,5.3563937127557985e-24,5.356769465737143e-24,5.357144936446451e-24,5.357520125273379e-24,5.357895031962197e-24,5.3582696574693724e-24,5.3586440015556606e-24,5.359018064215631e-24,5.359391846363609e-24,5.359765347705083e-24,5.3601385686293004e-24,5.360511509268188e-24,5.360884169827516e-24,5.3612565505207075e-24,5.361628651559251e-24,5.362000473169733e-24,5.3623720154353924e-24,5.362743278410216e-24,5.3631142629306334e-24,5.363484968847364e-24,5.363855396365135e-24,5.364225545363281e-24,5.364595416722582e-24,5.364965010305502e-24,5.365334326329223e-24,5.3657033649977755e-24,5.366072126528795e-24,5.366440611116615e-24,5.366808818977087e-24,5.36717675031593e-24,5.367544405349077e-24,5.367911784269298e-24,5.3682788872923075e-24,5.36864571463975e-24,5.369012266487098e-24,5.369378542706013e-24,5.369744544206552e-24,5.3701102708443556e-24,5.3704757228247506e-24,5.370840900353603e-24,5.371205803556545e-24,5.371570432450418e-24,5.371934787861573e-24,5.372298869645081e-24,5.372662678013259e-24,5.373026213159547e-24,5.37338947529375e-24,5.373752464621234e-24,5.374115181002004e-24,5.374477625246571e-24,5.374839797389637e-24,5.375201697538607e-24,5.3755633259014845e-24,5.375924682609022e-24,5.376285768017324e-24,5.376646582253228e-24,5.3770071254435135e-24,5.377367397946019e-24,5.377727399887098e-24,5.37808713147004e-24,5.378446592899081e-24,5.3788057843756745e-24,5.37916470610268e-24,5.3795233582817616e-24,5.379881741040533e-24,5.38023985473161e-24,5.38059769948362e-24,5.380955275497283e-24,5.3813125829724336e-24,5.381669622112689e-24,5.382026393121916e-24,5.382382896198412e-24,5.382739131544182e-24,5.383095099280648e-24,5.383450799768187e-24,5.3838062330607106e-24,5.384161399492529e-24,5.3845162991370124e-24,5.384870932314835e-24,5.385225299163965e-24,5.385579399885982e-24,5.385933234028247e-24,5.386286802792723e-24,5.386640106006607e-24,5.386993143902566e-24,5.3873459166606416e-24,5.3876984244903416e-24,5.3880506679166006e-24,5.3884026464900145e-24,5.388754360729788e-24,5.3891058111541105e-24,5.3894569976501934e-24,5.3898079197670166e-24,5.390158578994427e-24,5.390508974861492e-24,5.3908591075858395e-24,5.391208977363404e-24,5.39155858439189e-24,5.3919079288388084e-24,5.392257010965606e-24,5.392605830609469e-24,5.392954388610963e-24,5.393302684846397e-24,5.39365071951356e-24,5.3939984928093455e-24,5.394346004931748e-24,5.394693256073776e-24,5.3950402464324545e-24,5.395386976205883e-24,5.395733445587475e-24,5.396079654772936e-24,5.396425603957153e-24,5.396771293274692e-24,5.397116723042258e-24,5.3974618933953545e-24,5.397806804534529e-24,5.398151456639924e-24,5.398495849915971e-24,5.398839984235428e-24,5.399183860362043e-24,5.399527478310028e-24,5.3998708378884575e-24,5.400213939925972e-24,5.4005567843079886e-24,5.4008993708836826e-24,5.401241700424889e-24,5.4015837728758386e-24,5.401925588503628e-24,5.402267147359974e-24,5.4026084494641116e-24,5.402949495258631e-24,5.4032902851694955e-24,5.403630819219245e-24,5.403971097529792e-24,5.404311120201358e-24,5.4046508875324636e-24,5.404990399695836e-24,5.405329656968366e-24,5.4056686594631826e-24,5.406007407368852e-24,5.406345900876822e-24,5.4066841401764105e-24,5.4070221254604444e-24,5.407359856921653e-24,5.407697334746738e-24,5.408034559127772e-24,5.408371530255276e-24,5.408708248253619e-24,5.409044713378446e-24,5.4093809258863565e-24,5.4097168859022315e-24,5.410052593612375e-24,5.41038804914001e-24,5.41072325274316e-24,5.411058204678265e-24,5.411392905065749e-24,5.4117273540305755e-24,5.412061551835586e-24,5.4123954983964216e-24,5.4127291944140385e-24,5.41306263958129e-24,5.413395834651545e-24,5.4137287795008534e-24,5.414061474241328e-24,5.414393918914677e-24,5.414726113882857e-24,5.4150580596923145e-24,5.415389756212748e-24,5.415721203550387e-24,5.416052401728272e-24,5.416383351409283e-24,5.4167140523639034e-24,5.417044504976625e-24,5.417374709687431e-24,5.417704666131167e-24,5.4180343747575146e-24,5.418363835795309e-24,5.4186930496949764e-24,5.419022016356959e-24,5.419350735894307e-24,5.4196792085904834e-24,5.420007434652087e-24,5.420335413968644e-24,5.420663147147877e-24,5.420990634207164e-24,5.42131787539448e-24,5.421644870825337e-24,5.42197162040807e-24,5.422298124568554e-24,5.42262438376552e-24,5.4229503980124785e-24,5.42327616742411e-24,5.4236016921842744e-24,5.4239269724344745e-24,5.424252008229441e-24,5.424576799816647e-24,5.424901347809335e-24,5.4252256520084184e-24,5.4255497126637965e-24,5.425873530011478e-24,5.42619710408634e-24,5.426520435237487e-24,5.426843523569105e-24,5.427166368951188e-24,5.427488972124443e-24,5.4278113330342925e-24,5.42813345158516e-24,5.428455328555164e-24,5.428776963790048e-24,5.429098357203744e-24,5.429419509255087e-24,5.429740420125436e-24,5.430061089990859e-24,5.4303815193051255e-24,5.430701707908817e-24,5.431021656129274e-24,5.431341364062061e-24,5.4316608318931075e-24,5.4319800595520556e-24,5.4322990477249844e-24,5.432617796280448e-24,5.432936305517958e-24,5.433254575303346e-24,5.433572606329082e-24,5.4338903984771006e-24,5.4342079519930696e-24,5.4345252669632164e-24,5.434842343695122e-24,5.435159182241486e-24,5.4354757829073195e-24,5.4357921458073335e-24,5.436108271071798e-24,5.4364241589008924e-24,5.436739809571e-24,5.4370552231976075e-24,5.437370399943302e-24,5.4376853399301396e-24,5.438000043459981e-24,5.4383145105700114e-24,5.438628741358388e-24,5.4389427363355164e-24,5.4392564955000665e-24,5.439570018801005e-24,5.4398833066474145e-24,5.440196359214172e-24,5.440509176974652e-24,5.440821759752537e-24,5.441134107837951e-24,5.441446221284755e-24,5.441758100403702e-24,5.442069745244944e-24,5.4423811560329815e-24,5.442692332953233e-24,5.4430032762458404e-24,5.443313985959717e-24,5.443624462330333e-24,5.44393470559325e-24,5.444244715805859e-24,5.4445544932628116e-24,5.444864038017301e-24,5.445173350089988e-24,5.445482430141739e-24,5.4457912780777666e-24,5.446099894067313e-24,5.446408278286537e-24,5.4467164309100764e-24,5.447024352111298e-24,5.447332042064995e-24,5.447639500943968e-24,5.447946728853319e-24,5.448253726104295e-24,5.448560492800877e-24,5.448867029126285e-24,5.449173335235617e-24,5.449479410773786e-24,5.449785256479647e-24,5.450090872942372e-24,5.450396259435134e-24,5.450701417033767e-24,5.451006345522086e-24,5.45131104500925e-24,5.451615515667694e-24,5.451919757666304e-24,5.452223771120461e-24,5.452527556262498e-24,5.452831113322661e-24,5.4531344423487155e-24,5.453437543577517e-24,5.453740417185789e-24,5.4540430633247286e-24,5.4543454822416685e-24,5.45464767399353e-24,5.454949638783577e-24,5.4552513767929916e-24,5.455552888195134e-24,5.455854173182692e-24,5.456155231664832e-24,5.4564560640573276e-24,5.456756670753301e-24,5.457057051469489e-24,5.457357206605393e-24,5.457657136552642e-24,5.457956841305252e-24,5.458256320979507e-24,5.458555575744078e-24,5.458854605769171e-24,5.4591534111655176e-24,5.4594519921617924e-24,5.459750348912461e-24,5.4600484816723285e-24,5.460346390468117e-24,5.460644075592967e-24,5.460941537156372e-24,5.4612387752644436e-24,5.4615357902091204e-24,5.461832582095193e-24,5.462129150838562e-24,5.462425497111443e-24,5.462721620760969e-24,5.463017522097954e-24,5.463313200976212e-24,5.4636086577453866e-24,5.463903892833432e-24,5.4641989062514954e-24,5.464493698138494e-24,5.464788268634144e-24,5.465082617909835e-24,5.465376746129451e-24,5.465670653232016e-24,5.465964339791424e-24,5.4662578057551715e-24,5.466551051370672e-24,5.466844076749371e-24,5.467136882123304e-24,5.4674294673077826e-24,5.467721832748564e-24,5.468013978846382e-24,5.4683059056146125e-24,5.468597612896833e-24,5.468889101356192e-24,5.469180370839653e-24,5.469471421647132e-24,5.469762253872158e-24,5.470052867732595e-24,5.470343263294584e-24,5.470633440779852e-24,5.4709234002648655e-24,5.471213142066019e-24,5.4715026660242034e-24,5.4717919725705756e-24,5.472081061830724e-24,5.4723699341501105e-24,5.4726585895933055e-24,5.4729470282532355e-24,5.473235250298411e-24,5.4735232558316654e-24,5.473811045127068e-24,5.474098618295358e-24,5.474385975493093e-24,5.474673116884971e-24,5.4749600426360676e-24,5.475246752906131e-24,5.475533247856603e-24,5.4758195276492595e-24,5.476105592388056e-24,5.4763914423497205e-24,5.4766770775809954e-24,5.4769624983043364e-24,5.47724770467217e-24,5.477532696905574e-24,5.477817475109348e-24,5.478102039444003e-24,5.478386390070916e-24,5.478670526876946e-24,5.478954450508279e-24,5.479238160721054e-24,5.479521658064176e-24,5.4798049425557556e-24,5.480088014246084e-24,5.480370873130485e-24,5.4806535198003174e-24,5.4809359542618586e-24,5.481218176556171e-24,5.481500186904706e-24,5.481781985527595e-24,5.482063572454308e-24,5.482344947960836e-24,5.482626112153552e-24,5.4829070651915e-24,5.4831878072331265e-24,5.4834683384403024e-24,5.4837486589678274e-24,5.484028768974253e-24,5.484308668614132e-24,5.484588358006527e-24,5.4848678373409e-24,5.48514710678856e-24,5.485426166308711e-24,5.485705016513729e-24,5.4859836572336425e-24,5.48626208875173e-24,5.486540311167552e-24,5.486818324637222e-24,5.487096129318488e-24,5.487373725367141e-24,5.487651112951419e-24,5.48792829214699e-24,5.488205263186141e-24,5.4884820262732386e-24,5.488758581506585e-24,5.489034929046253e-24,5.4893110690481895e-24,5.489587001617415e-24,5.489862727011688e-24,5.490138245276138e-24,5.4904135566843154e-24,5.4906886613371434e-24,5.490963559384834e-24,5.491238250983297e-24,5.4915127362316755e-24,5.4917870153937145e-24,5.492061088522104e-24,5.492334955870162e-24,5.492608617542742e-24,5.492882073694416e-24,5.493155324480013e-24,5.493428370056862e-24,5.493701210572098e-24,5.4939738461831906e-24,5.494246277044251e-24,5.494518503308917e-24,5.49479052513455e-24,5.495062342667022e-24,5.495333956063592e-24,5.495605365477549e-24,5.4958765710621525e-24,5.4961475727794474e-24,5.4964183711165374e-24,5.496688966079918e-24,5.4969593578231e-24,5.4972295465548055e-24,5.497499532127516e-24,5.497769315185636e-24,5.498038895636132e-24,5.498308273588929e-24,5.498577449279822e-24,5.498846422818819e-24,5.499115194361302e-24,5.499383764051678e-24,5.499652132045078e-24,5.499920298493027e-24,5.500188263048608e-24,5.500456026858923e-24,5.500723589582521e-24,5.5009909513102336e-24,5.5012581123002464e-24,5.501525072667041e-24,5.501791832459064e-24,5.502058391983856e-24,5.5023247512609146e-24,5.502590910500152e-24,5.5028568698639036e-24,5.503122629504241e-24,5.5033881895305806e-24,5.503653550121352e-24,5.503918711492367e-24,5.5041836736599636e-24,5.504448436832981e-24,5.504713001198904e-24,5.504977366887123e-24,5.505241534062156e-24,5.505505502772665e-24,5.505769273260666e-24,5.506032845714278e-24,5.506296220169986e-24,5.5065593968839085e-24,5.5068223759466005e-24,5.507085157515085e-24,5.5073477417291325e-24,5.50761012874111e-24,5.507872318698911e-24,5.508134311677885e-24,5.508396107975639e-24,5.5086577076071626e-24,5.508919110751616e-24,5.509180317619832e-24,5.50944132837599e-24,5.509702143094219e-24,5.509962761978008e-24,5.510223185096796e-24,5.510483412401079e-24,5.510743444509004e-24,5.511003281335901e-24,5.5112629230237955e-24,5.511522369718689e-24,5.5117816215689055e-24,5.512040678718621e-24,5.5122995413287074e-24,5.5125582095179834e-24,5.512816683446651e-24,5.513074963259963e-24,5.513333048597343e-24,5.513590940111328e-24,5.51384863823106e-24,5.5141061429731244e-24,5.514363454391201e-24,5.5146205723481034e-24,5.514877497444526e-24,5.5151342295748416e-24,5.5153907689119365e-24,5.515647115568153e-24,5.515903269710545e-24,5.516159231475871e-24,5.516415000945017e-24,5.516670578397769e-24,5.516925963909985e-24,5.51718115755878e-24,5.517436159368255e-24,5.517690969923752e-24,5.517945589115465e-24,5.518200017090928e-24,5.518454253990254e-24,5.5187082999562884e-24,5.518962155132122e-24,5.519215819661207e-24,5.519469293685982e-24,5.519722577351129e-24,5.51997567079861e-24,5.520228574185702e-24,5.5204812876407374e-24,5.520733811252966e-24,5.520986145200487e-24,5.521238289646335e-24,5.521490244779735e-24,5.52174201071279e-24,5.521993587567889e-24,5.5222449754871105e-24,5.5224961745929544e-24,5.5227471850500415e-24,5.522998006500299e-24,5.523248640073407e-24,5.5234990854249996e-24,5.523749342685573e-24,5.523999412006391e-24,5.5242492935190296e-24,5.524498987304198e-24,5.524748493637785e-24,5.524997812549004e-24,5.525246944256034e-24,5.525495888867907e-24,5.525744646520236e-24,5.5259932173551385e-24,5.526241601527247e-24,5.526489799145534e-24,5.526737810359662e-24,5.526985635266057e-24,5.527233274105005e-24,5.52748072696549e-24,5.527727993986785e-24,5.5279750753140794e-24,5.5282219710810815e-24,5.5284686814273754e-24,5.528715206486673e-24,5.528961546409844e-24,5.5292077012655916e-24,5.529453671317591e-24,5.5296994566490755e-24,5.5299450573494114e-24,5.530190473640597e-24,5.530435705628537e-24,5.530680753380707e-24,5.530925617111406e-24,5.5311702969955164e-24,5.53141479312327e-24,5.5316591056378825e-24,5.531903234666866e-24,5.53214718035848e-24,5.532390942862937e-24,5.532634522022589e-24,5.5328779184511185e-24,5.533121132143003e-24,5.5333641631392445e-24,5.533607011621949e-24,5.533849677701875e-24,5.534092161541457e-24,5.534334463327664e-24,5.534576583148321e-24,5.53481852112977e-24,5.5350602774140986e-24,5.535301852137631e-24,5.5355432453737224e-24,5.535784457325528e-24,5.5360254881898734e-24,5.5362663379678015e-24,5.536507006873983e-24,5.536747495093255e-24,5.536987802703432e-24,5.537227929840742e-24,5.537467876361837e-24,5.5377076428935434e-24,5.5379472294312296e-24,5.538186635741009e-24,5.538425862544222e-24,5.538664909687138e-24,5.538903777244695e-24,5.5391424654125756e-24,5.539380974381243e-24,5.539619304252366e-24,5.539857455117028e-24,5.540095427128467e-24,5.5403332204210166e-24,5.540570835055453e-24,5.540808271313657e-24,5.541045529190265e-24,5.5412826089494165e-24,5.5415195105917156e-24,5.541756234406639e-24,5.5419927801334075e-24,5.542229148492092e-24,5.542465339337081e-24,5.542701352806415e-24,5.5429371887474884e-24,5.5431728478735794e-24,5.543408329992911e-24,5.543643635322785e-24,5.543878763812597e-24,5.544113715729982e-24,5.544348491195113e-24,5.544583090396929e-24,5.5448175133479354e-24,5.545051760316777e-24,5.545285831383974e-24,5.5455197266353734e-24,5.5457534461890734e-24,5.545986990264044e-24,5.546220358939212e-24,5.54645355228674e-24,5.546686570285348e-24,5.5469194135689845e-24,5.5471520819864856e-24,5.547384575377541e-24,5.547616894172882e-24,5.547849038503086e-24,5.548081008695314e-24,5.548312804746025e-24,5.548544426722187e-24,5.548775874675139e-24,5.54900714861484e-24,5.5492382491343485e-24,5.54946917550993e-24,5.549699929040139e-24,5.549930509195251e-24,5.550160916262579e-24,5.5503911502920285e-24,5.550621211436185e-24,5.550851099779918e-24,5.551080815476095e-24,5.551310358573855e-24,5.551539729280801e-24,5.551768927811093e-24,5.5519979542110875e-24,5.5522268086101434e-24,5.552455491137719e-24,5.552684001915163e-24,5.552912329182006e-24,5.553140496877491e-24,5.5533684931653485e-24,5.553596306396064e-24,5.5538239603371466e-24,5.554051431515896e-24,5.5542787318656856e-24,5.554505861518625e-24,5.554732832375359e-24,5.554959632772614e-24,5.555186251073916e-24,5.555412710955023e-24,5.555638988997846e-24,5.555865108869285e-24,5.5560910583991305e-24,5.556316827009522e-24,5.55654243782371e-24,5.556767879195697e-24,5.556993151262502e-24,5.557218242402024e-24,5.557443176238767e-24,5.557667929416961e-24,5.557892525514674e-24,5.558116941231305e-24,5.5583411884172785e-24,5.558565267195617e-24,5.558789177717298e-24,5.5590129200548485e-24,5.559236494354647e-24,5.55945990076334e-24,5.559683139392062e-24,5.55990621037071e-24,5.5601291138248396e-24,5.5603518498835666e-24,5.5605744301034075e-24,5.560796831767918e-24,5.561019066374221e-24,5.561241134084532e-24,5.5614630350236494e-24,5.561684769313531e-24,5.561906348520162e-24,5.562127749931611e-24,5.5623489850283775e-24,5.56257006535529e-24,5.56279096827509e-24,5.563011705296692e-24,5.56323227654644e-24,5.563452693525892e-24,5.563672944998344e-24,5.563893019665612e-24,5.564112929054947e-24,5.56433267331776e-24,5.564552252561409e-24,5.564771666871001e-24,5.564990916405888e-24,5.565210001286171e-24,5.5654289216329504e-24,5.565647677574674e-24,5.565866269229967e-24,5.5660846967185085e-24,5.5663029715075656e-24,5.566521071042064e-24,5.566739006780721e-24,5.566956778856847e-24,5.567174387420459e-24,5.56739183253109e-24,5.5676091143422956e-24,5.567826232976597e-24,5.568043188555029e-24,5.5682599812036306e-24,5.5684766110715864e-24,5.568693089539633e-24,5.568909394116569e-24,5.569125536280777e-24,5.56934152735237e-24,5.569557344986849e-24,5.569773000538724e-24,5.56998850534314e-24,5.5702038371040296e-24,5.570419018369609e-24,5.570634026791155e-24,5.570848873764619e-24,5.571063559382386e-24,5.571278083780153e-24,5.571492447066991e-24,5.571706649373167e-24,5.5719206907973375e-24,5.572134571493377e-24,5.572348302791257e-24,5.572561862347679e-24,5.572775261517204e-24,5.5729885116058366e-24,5.573201590366439e-24,5.573414509107866e-24,5.573627267956037e-24,5.57383986702346e-24,5.574052312651792e-24,5.574264592511691e-24,5.574476719168076e-24,5.574688686513554e-24,5.574900494676381e-24,5.575112143769793e-24,5.5753236339069316e-24,5.575534965213221e-24,5.575746137807924e-24,5.575957145619975e-24,5.5761679949668084e-24,5.5763786859677556e-24,5.5765892187416016e-24,5.576799604457355e-24,5.577009832186249e-24,5.577219901794098e-24,5.577429808985678e-24,5.577639563459903e-24,5.577849155480825e-24,5.578058595010745e-24,5.578267872334397e-24,5.578476992490509e-24,5.578685955593878e-24,5.578894761763937e-24,5.579103415993199e-24,5.5793119135248124e-24,5.5795202495957165e-24,5.579728434077208e-24,5.5799364622122746e-24,5.580144333833449e-24,5.5803520447536e-24,5.5805595996739815e-24,5.58076699872642e-24,5.580974242011558e-24,5.5811813296566136e-24,5.581388261777335e-24,5.581595038480846e-24,5.581801659900109e-24,5.582008126146341e-24,5.582214437334044e-24,5.5824205935797174e-24,5.5826265949982196e-24,5.582832441708935e-24,5.5830381338266576e-24,5.5832436714672364e-24,5.583449054747038e-24,5.583654283780147e-24,5.583859358685621e-24,5.584064279583334e-24,5.584269046583692e-24,5.584473659793084e-24,5.584678119336121e-24,5.5848824253358796e-24,5.585086577890939e-24,5.5852905771254095e-24,5.585494423154174e-24,5.5856981160922845e-24,5.585901656056629e-24,5.586105043149215e-24,5.5863082775047006e-24,5.5865113532395345e-24,5.5867142824514654e-24,5.586917059262895e-24,5.587119683801719e-24,5.587322156149836e-24,5.587524476445205e-24,5.587726638845246e-24,5.5879286553643425e-24,5.588130520166771e-24,5.588332233366391e-24,5.58853379507505e-24,5.5887352054083815e-24,5.5889364644819876e-24,5.5891375723972014e-24,5.5893385292789736e-24,5.589539335248595e-24,5.589739990399017e-24,5.5899404948646106e-24,5.590140848750637e-24,5.590341052152088e-24,5.590541105212345e-24,5.590741008021662e-24,5.5909407607183055e-24,5.5911403633898165e-24,5.591339816159036e-24,5.5915391191346404e-24,5.591738272432905e-24,5.591937276162614e-24,5.592136134985431e-24,5.592334839916068e-24,5.5925333956174e-24,5.592731802188293e-24,5.592930059764056e-24,5.593128168447624e-24,5.59332612833961e-24,5.5935239395698936e-24,5.59372160222634e-24,5.593919116450719e-24,5.5941164823386064e-24,5.5943137000018805e-24,5.5945107695525276e-24,5.594707691086766e-24,5.594904464739901e-24,5.5951010906238246e-24,5.5952975688329586e-24,5.5954938994904094e-24,5.595690082692351e-24,5.595886118560133e-24,5.596082007199946e-24,5.5962777487119266e-24,5.596473343241338e-24,5.596668790854254e-24,5.5968640917045245e-24,5.597059245874585e-24,5.5972542534693005e-24,5.597449114619857e-24,5.59764382937418e-24,5.597838397957442e-24,5.598032820405852e-24,5.598227096843014e-24,5.5984212273758584e-24,5.598615212120272e-24,5.598809051121303e-24,5.59900274458163e-24,5.599196292580047e-24,5.599389695232514e-24,5.599582952586047e-24,5.59977606484996e-24,5.5999690320818935e-24,5.600161854381608e-24,5.600354531866743e-24,5.600547064661163e-24,5.600739452854656e-24,5.600931696567336e-24,5.6011237958946524e-24,5.6013157509459765e-24,5.601507561837671e-24,5.6016992286883696e-24,5.601890751596395e-24,5.602082130675911e-24,5.602273366015552e-24,5.602464457737328e-24,5.6026554059296115e-24,5.602846210733347e-24,5.6030368722394274e-24,5.603227390553368e-24,5.60341776578721e-24,5.6036079980438345e-24,5.6037980874428946e-24,5.603988034074315e-24,5.6041778380500235e-24,5.6043674994641565e-24,5.60455701845746e-24,5.604746395127412e-24,5.6049356295487104e-24,5.605124721875577e-24,5.605313672170354e-24,5.6055024805511804e-24,5.605691147137092e-24,5.60587967203506e-24,5.606068055339522e-24,5.606256297170216e-24,5.606444397630181e-24,5.606632356823213e-24,5.606820174878842e-24,5.607007851851725e-24,5.607195387895849e-24,5.607382783035215e-24,5.6075700374807515e-24,5.6077571512508666e-24,5.6079441245552835e-24,5.608130957417108e-24,5.6083176499683084e-24,5.608504202328703e-24,5.60869061458488e-24,5.608876886824291e-24,5.609063034703651e-24,5.60924904277093e-24,5.609434911129766e-24,5.6096206398979035e-24,5.6098062291666575e-24,5.609991663562889e-24,5.610176974151096e-24,5.610362145553735e-24,5.6105471778824356e-24,5.610732071237051e-24,5.610916825737438e-24,5.6111014414585734e-24,5.611285918520243e-24,5.6114702570390636e-24,5.611654457091429e-24,5.6118385187948934e-24,5.612022442249574e-24,5.612206227569048e-24,5.612389874850419e-24,5.612573384193948e-24,5.61275675570785e-24,5.6129399894947816e-24,5.613123070330958e-24,5.6133060136625676e-24,5.6134888349183534e-24,5.613671518857579e-24,5.613854065587447e-24,5.614036475214723e-24,5.6142187478382946e-24,5.614400883556198e-24,5.614582882475791e-24,5.61476474470005e-24,5.614946470331602e-24,5.6151280442475055e-24,5.61530949701323e-24,5.615490813493577e-24,5.6156719937955525e-24,5.615853038015739e-24,5.6160339462820396e-24,5.616214718631154e-24,5.61639535524926e-24,5.616575856184771e-24,5.616756221532085e-24,5.616936451427055e-24,5.617116545940303e-24,5.6172965051843675e-24,5.617476329264841e-24,5.617656018275524e-24,5.61783557235276e-24,5.618014991551031e-24,5.6181942609746395e-24,5.618373410787926e-24,5.6185524260266354e-24,5.618731291740263e-24,5.618910038185453e-24,5.619088630030905e-24,5.619267108068525e-24,5.6194454520690665e-24,5.6196236471684575e-24,5.619801708437503e-24,5.619979635985857e-24,5.620157444788499e-24,5.6203351051685256e-24,5.62051263210963e-24,5.620690025733939e-24,5.6208672861307295e-24,5.6210444133926815e-24,5.621221407626641e-24,5.6213982689402765e-24,5.621574997425866e-24,5.621751593183328e-24,5.621928056312443e-24,5.622104386913222e-24,5.622280585074864e-24,5.622456650880797e-24,5.622632584491012e-24,5.622808385971499e-24,5.62298405541796e-24,5.6231595928951224e-24,5.623334998576185e-24,5.6235102724856446e-24,5.623685414785683e-24,5.623860425558372e-24,5.624035304893417e-24,5.624210052877437e-24,5.6243846696312014e-24,5.624559155242446e-24,5.6247335098099686e-24,5.6249077334315896e-24,5.625081826206235e-24,5.6252557882319366e-24,5.625429619606901e-24,5.6256033204291624e-24,5.625776890796872e-24,5.625950330800868e-24,5.626123640554019e-24,5.6262968200867375e-24,5.626469869614937e-24,5.626642789166214e-24,5.626815578851682e-24,5.626988238767483e-24,5.627160769010571e-24,5.6273331696863905e-24,5.6275054408847174e-24,5.6276775827014314e-24,5.627849595223684e-24,5.628021478560487e-24,5.628193232817148e-24,5.6283648580810306e-24,5.6285363544489656e-24,5.6287077219572445e-24,5.628878960823698e-24,5.6290500710841295e-24,5.6292210527756464e-24,5.6293919061131564e-24,5.6295626311040255e-24,5.6297332278977575e-24,5.629903696575574e-24,5.630074037226437e-24,5.6302442499451764e-24,5.630414334829582e-24,5.630584291974817e-24,5.630754121475956e-24,5.630923823429468e-24,5.63109339792332e-24,5.631262845061783e-24,5.6314321648891395e-24,5.631601357609798e-24,5.631770423261189e-24,5.631939361938412e-24,5.6321081737374585e-24,5.632276858752883e-24,5.6324454170803164e-24,5.63261384881506e-24,5.632782154051852e-24,5.6329503328856655e-24,5.633118385411638e-24,5.633286311724439e-24,5.633454111918526e-24,5.633621786061445e-24,5.63378933430251e-24,5.633956756709817e-24,5.634124053377461e-24,5.634291224399031e-24,5.634458269869934e-24,5.6346251898839784e-24,5.634791984535098e-24,5.6349586539176455e-24,5.6351251981258146e-24,5.635291617253647e-24,5.635457911394989e-24,5.635624080643093e-24,5.6357901250926814e-24,5.635956044837008e-24,5.636121839969813e-24,5.6362875105845664e-24,5.6364530567492155e-24,5.636618478580824e-24,5.636783776203953e-24,5.636948949673045e-24,5.637113999100822e-24,5.637278924562545e-24,5.637443726159045e-24,5.637608403983828e-24,5.63777295812905e-24,5.63793738869546e-24,5.6381016957713085e-24,5.638265879443856e-24,5.638429939808491e-24,5.63859387695803e-24,5.638757690984332e-24,5.638921381980814e-24,5.6390849500392514e-24,5.639248395252176e-24,5.6394117177118395e-24,5.639574917504794e-24,5.639737994728249e-24,5.6399009494806536e-24,5.6400637818480155e-24,5.640226491922272e-24,5.640389079795936e-24,5.640551545551167e-24,5.640713889290709e-24,5.6408761111019274e-24,5.6410382110867345e-24,5.641200189328176e-24,5.6413620459177855e-24,5.641523780939157e-24,5.641685394490419e-24,5.641846886665702e-24,5.642008257562134e-24,5.642169507263217e-24,5.642330635858428e-24,5.642491643433992e-24,5.642652530085838e-24,5.642813295904012e-24,5.642973940981584e-24,5.6431344691654354e-24,5.6432948730375715e-24,5.643455156440039e-24,5.6436153194634646e-24,5.643775362176426e-24,5.643935284712625e-24,5.6440950871166565e-24,5.644254769526994e-24,5.6444143320099395e-24,5.644573774649036e-24,5.644733097541279e-24,5.644892300781742e-24,5.645051384449682e-24,5.645210348643353e-24,5.645369193441153e-24,5.645527918948394e-24,5.645686525245523e-24,5.645845012422963e-24,5.646003380570738e-24,5.646161629777653e-24,5.6463197601330014e-24,5.646477771725949e-24,5.646635664647263e-24,5.646793438982612e-24,5.6469510948232006e-24,5.6471086322538506e-24,5.647266051372215e-24,5.64742335226239e-24,5.6475805350130606e-24,5.647737599691527e-24,5.6478945464226044e-24,5.648051375281158e-24,5.648208086361091e-24,5.648364679744142e-24,5.648521155511889e-24,5.648677513747435e-24,5.6488337545647296e-24,5.648989878039329e-24,5.6491458842613674e-24,5.649301773311694e-24,5.649457545283543e-24,5.649613200270941e-24,5.6497687383497185e-24,5.649924159613207e-24,5.6500794641487094e-24,5.650234652050676e-24,5.650389723398915e-24,5.650544678281367e-24,5.650699516780075e-24,5.6508542389948455e-24,5.651008845006663e-24,5.651163334897714e-24,5.651317708756492e-24,5.6514719666771796e-24,5.651626108742686e-24,5.651780135041866e-24,5.651934045665776e-24,5.652087840691057e-24,5.65224152021491e-24,5.652395084318878e-24,5.652548533089567e-24,5.6527018666073235e-24,5.6528550849649246e-24,5.65300818824895e-24,5.653161176551517e-24,5.653314049953344e-24,5.653466808540854e-24,5.6536194523995996e-24,5.653771981616652e-24,5.653924396276987e-24,5.654076696467113e-24,5.6542288822731645e-24,5.654380953781032e-24,5.654532911076204e-24,5.654684754239206e-24,5.6548364833603906e-24,5.654988098532268e-24,5.6551395998344414e-24,5.655290987352507e-24,5.655442261171771e-24,5.655593421377508e-24,5.6557444680550296e-24,5.655895401289623e-24,5.656046221161822e-24,5.656196927762614e-24,5.656347521179542e-24,5.656498001493788e-24,5.656648368790716e-24,5.65679862315463e-24,5.6569487646708566e-24,5.6570987934237904e-24,5.6572487094767175e-24,5.657398512957797e-24,5.6575482039289975e-24,5.657697782475475e-24,5.657847248676437e-24,5.6579966026263026e-24,5.658145844404461e-24,5.65829497409021e-24,5.658443991777787e-24,5.6585928975457625e-24,5.658741691458038e-24,5.658890373634467e-24,5.6590389441491434e-24,5.659187403074402e-24,5.659335750501577e-24,5.659483986511776e-24,5.659632111190133e-24,5.659780124619682e-24,5.659928026884648e-24,5.66007581806705e-24,5.660223498251183e-24,5.660371067519069e-24,5.6605185259616304e-24,5.660665873656094e-24,5.660813110685963e-24,5.6609602371338924e-24,5.661107253081909e-24,5.66125415861365e-24,5.661400953812141e-24,5.661547638760339e-24,5.6616942135066346e-24,5.661840678199108e-24,5.661987032887744e-24,5.662133277656769e-24,5.662279412589272e-24,5.6624254377351716e-24,5.66257135324177e-24,5.6627171591297614e-24,5.662862855543505e-24,5.663008442494997e-24,5.663153920136337e-24,5.663299288515504e-24,5.6634445477169065e-24,5.6635896978212505e-24,5.663734738898064e-24,5.663879671023258e-24,5.664024494316454e-24,5.6641692088384745e-24,5.6643138146911734e-24,5.6644583119329205e-24,5.664602700649553e-24,5.664746980927295e-24,5.66489115284329e-24,5.665035216478905e-24,5.665179171915231e-24,5.665323019234244e-24,5.665466758516551e-24,5.665610389842902e-24,5.665753913294727e-24,5.6658973289530164e-24,5.666040636898876e-24,5.666183837213121e-24,5.6663269299765884e-24,5.666469915270052e-24,5.6666127931739565e-24,5.666755563769236e-24,5.666898227132596e-24,5.667040783352147e-24,5.667183232504576e-24,5.667325574665706e-24,5.667467809925178e-24,5.667609938358457e-24,5.667751960045661e-24,5.6678938750672104e-24,5.668035683504128e-24,5.668177385434356e-24,5.668318980939094e-24,5.6684604700980486e-24,5.6686018529876274e-24,5.668743129690777e-24,5.668884300287707e-24,5.6690253648579295e-24,5.6691663234812686e-24,5.669307176236867e-24,5.669447923204708e-24,5.6695885644517385e-24,5.669729100069418e-24,5.669869530148652e-24,5.670009854763029e-24,5.670150073981335e-24,5.670290187875078e-24,5.670430196548114e-24,5.670570100066916e-24,5.6707098985106185e-24,5.6708495919301134e-24,5.6709891804649824e-24,5.6711286641446305e-24,5.6712680430810265e-24,5.67140731730227e-24,5.671546486921488e-24,5.671685552045635e-24,5.671824512710695e-24,5.6719633690225055e-24,5.672102121045094e-24,5.672240768828481e-24,5.6723793124967625e-24,5.672517752126844e-24,5.6726560877814245e-24,5.672794322838067e-24,5.672932446695782e-24,5.673070474185668e-24,5.673208394714289e-24,5.673346211654049e-24,5.673483925084526e-24,5.673621535088274e-24,5.67375904173932e-24,5.6738964451000806e-24,5.674033745278025e-24,5.674170942335874e-24,5.674308036351219e-24,5.674445027400786e-24,5.674581915558981e-24,5.674718700906031e-24,5.674855383524629e-24,5.674991963485425e-24,5.67512844086432e-24,5.675264815743311e-24,5.675401088197533e-24,5.6755372583026494e-24,5.675673326119782e-24,5.675809291758801e-24,5.675945155276228e-24,5.6760809167561456e-24,5.6762165762705445e-24,5.67635213389737e-24,5.6764875897124595e-24,5.676622943792099e-24,5.67675819621258e-24,5.676893347050505e-24,5.6770283963821554e-24,5.677163344283843e-24,5.67729819081818e-24,5.677432936072357e-24,5.6775675801413814e-24,5.677702123068897e-24,5.677836564959053e-24,5.677970905875617e-24,5.6781051458976295e-24,5.678239285068943e-24,5.678373323520016e-24,5.678507261285453e-24,5.678641098456775e-24,5.678774835120865e-24,5.678908471339899e-24,5.679042007195138e-24,5.679175442755573e-24,5.6793087780983025e-24,5.679442013270909e-24,5.679575148384913e-24,5.6797081835244205e-24,5.6798411187299825e-24,5.679973954109293e-24,5.680106689721105e-24,5.680239325640109e-24,5.680371861938381e-24,5.680504298692934e-24,5.680636635984171e-24,5.680768873877124e-24,5.680901012455346e-24,5.681033051785253e-24,5.6811649919493114e-24,5.68129683301379e-24,5.681428575062121e-24,5.681560218164064e-24,5.681691762366296e-24,5.681823207794243e-24,5.681954554502431e-24,5.682085802547093e-24,5.682216952015403e-24,5.6823480029715576e-24,5.682478955525838e-24,5.6826098096996306e-24,5.682740565620496e-24,5.682871223335322e-24,5.683001782917964e-24,5.683132244441801e-24,5.683262607966154e-24,5.683392873594855e-24,5.6835230413861294e-24,5.683653111412347e-24,5.6837830837445204e-24,5.68391295846185e-24,5.684042735622391e-24,5.684172415310168e-24,5.684301997612409e-24,5.684431482579596e-24,5.684560870308265e-24,5.6846901608583235e-24,5.684819354299988e-24,5.684948450712766e-24,5.685077450165578e-24,5.685206352727932e-24,5.685335158478705e-24,5.685463867488388e-24,5.685592479828968e-24,5.685720995573675e-24,5.685849414768803e-24,5.685977737538506e-24,5.686105963929195e-24,5.686234094013663e-24,5.686362127864606e-24,5.686490065550368e-24,5.686617907148967e-24,5.686745652718935e-24,5.6868733023548e-24,5.687000856117236e-24,5.6871283140784536e-24,5.687255676307449e-24,5.687382942878796e-24,5.6875101138681204e-24,5.68763718932999e-24,5.687764169363322e-24,5.687891054025527e-24,5.688017843388894e-24,5.68814453751185e-24,5.688271136489265e-24,5.68839764038517e-24,5.688524049264676e-24,5.6886503632033105e-24,5.688776582274694e-24,5.6889027065467365e-24,5.68902873609098e-24,5.6891546709671436e-24,5.689280511268916e-24,5.689406257056102e-24,5.6895319083993394e-24,5.68965746536718e-24,5.689782928036245e-24,5.689908296473681e-24,5.690033570752265e-24,5.6901587509398524e-24,5.69028383709761e-24,5.6904088293179425e-24,5.690533727660513e-24,5.690658532193218e-24,5.690783242989984e-24,5.690907860097725e-24,5.691032383634017e-24,5.691156813642692e-24,5.691281150197585e-24,5.691405393367072e-24,5.691529543221382e-24,5.69165359983015e-24,5.691777563263253e-24,5.6919014335910314e-24,5.692025210884031e-24,5.692148895211154e-24,5.6922724866425015e-24,5.69239598524808e-24,5.692519391097416e-24,5.692642704250455e-24,5.6927659247737566e-24,5.692889052772576e-24,5.693012088293484e-24,5.693135031406034e-24,5.69325788217924e-24,5.693380640672448e-24,5.693503306975742e-24,5.693625881144649e-24,5.693748363256319e-24,5.693870753371537e-24,5.693993051565163e-24,5.694115257901326e-24,5.694237372444498e-24,5.694359395280839e-24,5.6944813264687594e-24,5.694603166077562e-24,5.6947249141760274e-24,5.694846570832691e-24,5.694968136116335e-24,5.69508961009564e-24,5.6952109928390255e-24,5.69533228441379e-24,5.695453484891365e-24,5.695574594338301e-24,5.6956956128203646e-24,5.695816540411433e-24,5.695937377177113e-24,5.696058123185024e-24,5.696178778503724e-24,5.6962993432006695e-24,5.6964198173454414e-24,5.696540197426903e-24,5.696660490672695e-24,5.696780693567424e-24,5.6969008061826525e-24,5.697020828584124e-24,5.697140760839729e-24,5.6972606030155426e-24,5.6973803551823996e-24,5.6975000174064334e-24,5.697619589755293e-24,5.6977390722964386e-24,5.697858465096972e-24,5.69797776822202e-24,5.698096981733615e-24,5.6982161057071515e-24,5.6983351402195625e-24,5.698454085328153e-24,5.6985729410973055e-24,5.698691707599363e-24,5.6988103848960375e-24,5.698928973059412e-24,5.699047472154535e-24,5.6991658822477314e-24,5.699284203405257e-24,5.699402435694558e-24,5.699520579180205e-24,5.6996386339308046e-24,5.699756600015363e-24,5.6998744774989614e-24,5.699992266446974e-24,5.700109966926336e-24,5.700227579003324e-24,5.7003450992888394e-24,5.700462531279021e-24,5.7005798785508356e-24,5.700697137677586e-24,5.700814308744556e-24,5.700931391806223e-24,5.701048386929277e-24,5.701165294179776e-24,5.7012821136235025e-24,5.701398845326842e-24,5.701515489355334e-24,5.701632045776309e-24,5.701748514652926e-24,5.701864896051931e-24,5.701981190039565e-24,5.702097396681081e-24,5.702213516042162e-24,5.702329548188285e-24,5.702445493185065e-24,5.7025613510980074e-24,5.702677121993098e-24,5.702792805934327e-24,5.702908402988033e-24,5.703023913218559e-24,5.703139336688948e-24,5.7032546734598654e-24,5.7033699236131076e-24,5.703485087204431e-24,5.70360016429864e-24,5.703715154960653e-24,5.703830059255525e-24,5.7039448772475835e-24,5.704059608988973e-24,5.704174254569214e-24,5.704288814042567e-24,5.704403287470812e-24,5.7045176749219074e-24,5.704631976456602e-24,5.70474619214182e-24,5.704860322044062e-24,5.704974366222589e-24,5.705088324744584e-24,5.705202197657341e-24,5.705315985059074e-24,5.705429689681812e-24,5.705543306220243e-24,5.705656837421399e-24,5.705770283351392e-24,5.705883644075897e-24,5.7059969196568445e-24,5.7061101101585116e-24,5.706223215642016e-24,5.706336236176437e-24,5.706449171822968e-24,5.706562022645361e-24,5.706674788689971e-24,5.706787472719929e-24,5.706900069444543e-24,5.707012581603095e-24,5.7071250092575516e-24,5.707237352464029e-24,5.707349611296404e-24,5.7074617858129075e-24,5.707573876072898e-24,5.707685884768704e-24,5.707797806707125e-24,5.707909644583769e-24,5.708021401079259e-24,5.708133073659409e-24,5.708244662357697e-24,5.708356164605293e-24,5.7084675831063066e-24,5.708578920509952e-24,5.7086901716991445e-24,5.708801339332438e-24,5.708912423466616e-24,5.709023426756911e-24,5.7091343440905525e-24,5.70924518067974e-24,5.709355931448958e-24,5.709466599041454e-24,5.7095771835128095e-24,5.7096876849253114e-24,5.70979810007859e-24,5.7099084381200764e-24,5.710018690730188e-24,5.710128863068115e-24,5.710238950111953e-24,5.710348954471396e-24,5.7104588787448584e-24,5.710568717917752e-24,5.7106784771195e-24,5.710788151352255e-24,5.710897743211906e-24,5.711007252754197e-24,5.711116680054336e-24,5.7112260219406426e-24,5.71133528492504e-24,5.7114444658367394e-24,5.711553564749653e-24,5.7116625843395746e-24,5.7117715220494504e-24,5.711880375313289e-24,5.711989146818164e-24,5.7120978334474226e-24,5.712206441615225e-24,5.712314968213798e-24,5.7124234132989654e-24,5.7125317769258326e-24,5.712640061646732e-24,5.7127482625498676e-24,5.712856382185119e-24,5.7129644206131176e-24,5.713072377894143e-24,5.7131802540895656e-24,5.713288049264124e-24,5.7133957634687646e-24,5.713503396771424e-24,5.713610949231146e-24,5.713718417755855e-24,5.713825808717541e-24,5.7139331158589855e-24,5.7140403424051056e-24,5.714147488417146e-24,5.714254559402284e-24,5.7143615476722416e-24,5.714468455583816e-24,5.7145752857453435e-24,5.714682035538876e-24,5.7147887027327035e-24,5.7148952923564914e-24,5.715001801925808e-24,5.715108231491142e-24,5.7152145754551415e-24,5.7153208426613e-24,5.7154270269372735e-24,5.715533134572024e-24,5.715639165014575e-24,5.7157451102164775e-24,5.7158509758279415e-24,5.715956761929962e-24,5.7160624685805265e-24,5.716168095837997e-24,5.716273643759805e-24,5.7163791178628974e-24,5.716484507293398e-24,5.716589817573744e-24,5.716695048755351e-24,5.716800206457952e-24,5.7169052796277174e-24,5.717010273881536e-24,5.7171151892736e-24,5.717220025890202e-24,5.717324783765763e-24,5.717429462964796e-24,5.7175340635240116e-24,5.7176385855166374e-24,5.717743034499993e-24,5.717847405086267e-24,5.7179516917449334e-24,5.7180559056021004e-24,5.718160035659246e-24,5.718264087508085e-24,5.718368061206928e-24,5.718471956815455e-24,5.7185757799083405e-24,5.718679519512255e-24,5.718783186661467e-24,5.718886770489878e-24,5.718990276515399e-24,5.719093704801158e-24,5.719197060881845e-24,5.719300339354954e-24,5.7194035347643824e-24,5.719506657927136e-24,5.719609703824602e-24,5.719712672345151e-24,5.719815563483571e-24,5.7199183773376576e-24,5.720021113793247e-24,5.720123773296868e-24,5.720226355487179e-24,5.720328860816852e-24,5.720431289095675e-24,5.720533640498936e-24,5.720635914994065e-24,5.72073811269462e-24,5.7208402336306275e-24,5.720942277859937e-24,5.721044245414648e-24,5.721146136383154e-24,5.721247950836159e-24,5.721349688804223e-24,5.721451350334754e-24,5.7215529355213725e-24,5.7216544443171075e-24,5.721755876961138e-24,5.7218572333764934e-24,5.721958513661161e-24,5.72205971790561e-24,5.722160846108845e-24,5.722261898352268e-24,5.7223628746017776e-24,5.7224637751073e-24,5.7225645997261445e-24,5.722665348619442e-24,5.722766021932798e-24,5.722866619617668e-24,5.722967141740116e-24,5.7230675883563275e-24,5.72316795952307e-24,5.723268255304705e-24,5.723368475742611e-24,5.723468620908639e-24,5.723568690851572e-24,5.723668685621183e-24,5.723768605268679e-24,5.7238684498528125e-24,5.7239682194473214e-24,5.7240679140934354e-24,5.724167533855432e-24,5.7242670787897044e-24,5.7243665488898356e-24,5.724465944363677e-24,5.724565265170166e-24,5.7246645113795384e-24,5.724763683041242e-24,5.724862780204419e-24,5.7249618029382265e-24,5.7250607512853556e-24,5.7251596252889e-24,5.725258425043723e-24,5.7253571505133354e-24,5.725455801906383e-24,5.7255543791979225e-24,5.725652882444038e-24,5.7257513116787115e-24,5.7258496669226e-24,5.725947948366699e-24,5.726046155986959e-24,5.72614428983954e-24,5.726242349979793e-24,5.726340336463267e-24,5.726438249344849e-24,5.726536088606901e-24,5.726633854451596e-24,5.726731546859786e-24,5.7268291658113324e-24,5.726926711513342e-24,5.727024183944591e-24,5.7271215831368226e-24,5.727218909151345e-24,5.727316162101211e-24,5.727413341994365e-24,5.727510448853158e-24,5.727607482809564e-24,5.727704443885578e-24,5.727801332129991e-24,5.727898147532122e-24,5.7279948902544665e-24,5.728091560310374e-24,5.72818815776981e-24,5.728284682653984e-24,5.728381135056765e-24,5.728477514987994e-24,5.728573822524071e-24,5.728670057741883e-24,5.7287662206733976e-24,5.728862311336552e-24,5.728958329858109e-24,5.72905427623526e-24,5.729150150563756e-24,5.729245952871695e-24,5.729341683223981e-24,5.729437341669237e-24,5.729532928225431e-24,5.72962844301257e-24,5.729723886039076e-24,5.729819257389949e-24,5.729914557109005e-24,5.730009785244276e-24,5.730104941844312e-24,5.730200026973513e-24,5.730295040680167e-24,5.7303899830179944e-24,5.730484853836702e-24,5.730579653598136e-24,5.730674382150744e-24,5.73076903948459e-24,5.730863625780731e-24,5.730958141008581e-24,5.731052585262575e-24,5.731146958575518e-24,5.731241261000635e-24,5.73133549258605e-24,5.731429653395046e-24,5.7315237434573956e-24,5.7316177628322885e-24,5.731711711610437e-24,5.7318055898052855e-24,5.7318993975035196e-24,5.7319931347386204e-24,5.7320868015635184e-24,5.7321803980162444e-24,5.732273924174342e-24,5.73236738008579e-24,5.732460765798116e-24,5.732554081349329e-24,5.7326473268170575e-24,5.732740502234438e-24,5.732833607659968e-24,5.732926643162869e-24,5.733019608782851e-24,5.7331125045721145e-24,5.733205330574187e-24,5.733298086850515e-24,5.7333907734538525e-24,5.733483390448962e-24,5.7335759378593185e-24,5.733668415751111e-24,5.7337608241798265e-24,5.733853163212908e-24,5.733945432885992e-24,5.734037633251218e-24,5.7341297643603036e-24,5.734221826098393e-24,5.734313818847431e-24,5.734405742500807e-24,5.7344975971017364e-24,5.734589382706687e-24,5.7346810993706286e-24,5.734772747137991e-24,5.7348643260687225e-24,5.734955836118191e-24,5.7350472774736235e-24,5.735138650187018e-24,5.735229954266006e-24,5.735321189762361e-24,5.73541235672749e-24,5.735503455212773e-24,5.735594485269693e-24,5.735685446941717e-24,5.7357763402957155e-24,5.735867165379773e-24,5.735957922236555e-24,5.7360486109140775e-24,5.736139231471025e-24,5.736229783966112e-24,5.736320268427006e-24,5.7364106849230376e-24,5.736501033504077e-24,5.7365913142199805e-24,5.7366815271256095e-24,5.736771672195963e-24,5.736861749622055e-24,5.736951759402469e-24,5.737041701556554e-24,5.7371315761549046e-24,5.737221383251501e-24,5.737311122803549e-24,5.73740079503759e-24,5.7374903999006134e-24,5.737579937470315e-24,5.73766940778411e-24,5.7377588108921664e-24,5.737848146845047e-24,5.737937415693054e-24,5.738026617483334e-24,5.7381157522464395e-24,5.738204820035861e-24,5.7382938209649644e-24,5.7383827550340336e-24,5.7384716223105365e-24,5.738560422834601e-24,5.738649156645516e-24,5.738737823814131e-24,5.73882642438048e-24,5.738914958391095e-24,5.739003425899063e-24,5.7390918269545265e-24,5.739180161594344e-24,5.7392684298824265e-24,5.739356631867577e-24,5.739444767600436e-24,5.739532837141619e-24,5.739620840528168e-24,5.739708777811301e-24,5.7397966490398205e-24,5.739884454267356e-24,5.739972193497003e-24,5.740059866860536e-24,5.740147474367349e-24,5.7402350160683335e-24,5.7403224920011686e-24,5.740409902236521e-24,5.740497246816756e-24,5.740584525787807e-24,5.740671739187623e-24,5.740758887084677e-24,5.740845969514379e-24,5.740932986541197e-24,5.741019938204644e-24,5.7411068245506965e-24,5.741193645635056e-24,5.741280401500053e-24,5.741367092191869e-24,5.7414537177657376e-24,5.741540278279267e-24,5.7416267737698736e-24,5.741713204282535e-24,5.741799569878182e-24,5.741885870593644e-24,5.74197210649324e-24,5.7420582776138396e-24,5.742144384005452e-24,5.7422304257214114e-24,5.742316402806632e-24,5.742402315306212e-24,5.742488163252115e-24,5.7425739467235955e-24,5.742659665704186e-24,5.74274532036356e-24,5.7428309106737274e-24,5.742916436630787e-24,5.743001898401909e-24,5.7430872959165066e-24,5.743172629288197e-24,5.7432578985626165e-24,5.743343103842793e-24,5.743428245123753e-24,5.743513322455511e-24,5.7435983358139366e-24,5.743683285374643e-24,5.7437681711309505e-24,5.7438529931151174e-24,5.743937751384436e-24,5.7440224459850516e-24,5.744107076980887e-24,5.7441916444030624e-24,5.744276148281239e-24,5.7443605887063984e-24,5.744444965691183e-24,5.744529279295608e-24,5.7446135295763304e-24,5.744697716571719e-24,5.744781840332094e-24,5.7448659008912756e-24,5.744949898306931e-24,5.7450338326262515e-24,5.7451177038974285e-24,5.745201512177264e-24,5.745285257503698e-24,5.745368939914318e-24,5.745452559466917e-24,5.745536116216515e-24,5.745619610192323e-24,5.7457030414601394e-24,5.745786410047662e-24,5.745869716021687e-24,5.745952959419744e-24,5.746036140288455e-24,5.746119258664373e-24,5.7462023146180936e-24,5.7462853081718664e-24,5.746368239392751e-24,5.74645110831039e-24,5.7465339149913704e-24,5.7466166594638706e-24,5.746699341788949e-24,5.7467819620063164e-24,5.746864520151767e-24,5.746947016282445e-24,5.7470294504530534e-24,5.747111822704938e-24,5.7471941330818164e-24,5.747276381620858e-24,5.7473585683776835e-24,5.74744069340822e-24,5.747522756746733e-24,5.747604758442259e-24,5.747686698543828e-24,5.747768577094875e-24,5.74785039413324e-24,5.747932149715273e-24,5.7480138438853314e-24,5.748095476689437e-24
17,0.0,0.0,0.0,0.0,0.0,0.0,0.0,0.0,0.0,0.0,0.0,0.0,0.0,0.0,0.0,0.0,0.0,0.0,0.0,0.0,0.0,0.0,0.0,0.0,0.0,0.0,0.0,0.0,0.0,0.0,0.0,0.0,0.0,0.0,0.0,0.0,0.0,0.0,0.0,0.0,0.0,0.0,0.0,0.0,0.0,0.0,0.0,0.0,0.0,0.0,0.0,0.0,0.0,0.0,0.0,0.0,0.0,0.0,0.0,0.0,0.0,0.0,0.0,0.0,0.0,0.0,0.0,0.0,0.0,0.0,0.0,0.0,0.0,0.0,0.0,0.0,0.0,0.0,0.0,0.0,0.0,0.0,0.0,0.0,0.0,0.0,0.0,0.0,0.0,0.0,0.0,0.0,0.0,0.0,0.0,0.0,0.0,0.0,0.0,0.0,0.0,0.0,0.0,0.0,0.0,0.0,0.0,0.0,0.0,0.0,0.0,0.0,0.0,0.0,0.0,0.0,0.0,0.0,0.0,0.0,0.0,0.0,0.0,0.0,0.0,0.0,0.0,0.0,0.0,0.0,0.0,0.0,0.0,0.0,0.0,0.0,0.0,0.0,0.0,0.0,0.0,0.0,0.0,0.0,0.0,0.0,0.0,0.0,0.0,0.0,0.0,0.0,0.0,0.0,0.0,0.0,0.0,0.0,0.0,0.0,0.0,0.0,0.0,0.0,0.0,0.0,0.0,0.0,0.0,0.0,0.0,0.0,0.0,0.0,0.0,0.0,0.0,0.0,0.0,0.0,0.0,0.0,0.0,0.0,0.0,0.0,0.0,0.0,0.0,0.0,0.0,0.0,0.0,0.0,0.0,0.0,0.0,0.0,0.0,0.0,0.0,0.0,0.0,0.0,0.0,0.0,0.0,0.0,0.0,0.0,0.0,0.0,0.0,0.0,0.0,0.0,0.0,0.0,0.0,0.0,0.0,0.0,0.0,0.0,0.0,0.0,0.0,0.0,0.0,0.0,0.0,0.0,0.0,0.0,0.0,0.0,0.0,0.0,0.0,0.0,0.0,0.0,0.0,0.0,0.0,0.0,0.0,0.0,0.0,0.0,0.0,0.0,0.0,0.0,0.0,0.0,0.0,0.0,0.0,0.0,0.0,0.0,0.0,0.0,0.0,0.0,0.0,0.0,0.0,0.0,0.0,0.0,0.0,0.0,0.0,0.0,0.0,0.0,0.0,0.0,0.0,0.0,0.0,0.0,0.0,0.0,0.0,0.0,0.0,0.0,0.0,0.0,0.0,0.0,0.0,0.0,0.0,0.0,0.0,0.0,0.0,0.0,0.0,0.0,0.0,0.0,0.0,0.0,0.0,0.0,0.0,0.0,0.0,0.0,0.0,0.0,0.0,0.0,0.0,0.0,0.0,0.0,0.0,0.0,0.0,0.0,0.0,0.0,0.0,0.0,0.0,0.0,0.0,0.0,0.0,0.0,0.0,0.0,0.0,0.0,0.0,0.0,0.0,0.0,0.0,0.0,0.0,0.0,0.0,0.0,0.0,0.0,0.0,0.0,0.0,0.0,0.0,0.0,0.0,0.0,0.0,0.0,0.0,0.0,0.0,0.0,0.0,0.0,0.0,0.0,0.0,0.0,0.0,0.0,0.0,0.0,0.0,0.0,0.0,0.0,0.0,0.0,0.0,0.0,0.0,0.0,0.0,0.0,0.0,0.0,0.0,0.0,0.0,0.0,0.0,0.0,0.0,0.0,0.0,0.0,0.0,0.0,0.0,0.0,0.0,0.0,0.0,0.0,0.0,0.0,0.0,0.0,0.0,0.0,0.0,0.0,0.0,0.0,0.0,0.0,0.0,0.0,0.0,0.0,0.0,0.0,0.0,0.0,0.0,0.0,0.0,0.0,0.0,0.0,0.0,0.0,0.0,0.0,0.0,0.0,0.0,0.0,0.0,0.0,0.0,0.0,0.0,0.0,0.0,0.0,0.0,0.0,0.0,0.0,0.0,0.0,0.0,0.0,0.0,0.0,0.0,0.0,0.0,0.0,0.0,0.0,0.0,0.0,0.0,0.0,0.0,0.0,0.0,0.0,0.0,0.0,0.0,0.0,0.0,0.0,0.0,0.0,0.0,0.0,0.0,0.0,0.0,0.0,0.0,0.0,0.0,0.0,0.0,0.0,0.0,0.0,0.0,0.0,0.0,0.0,0.0,0.0,0.0,0.0,0.0,0.0,0.0,0.0,0.0,0.0,0.0,0.0,0.0,0.0,0.0,0.0,0.0,0.0,0.0,0.0,0.0,0.0,0.0,0.0,0.0,0.0,0.0,0.0,0.0,0.0,0.0,0.0,0.0,0.0,0.0,0.0,0.0,0.0,0.0,0.0,0.0,0.0,0.0,0.0,0.0,0.0,0.0,0.0,0.0,0.0,0.0,0.0,0.0,0.0,0.0,0.0,0.0,0.0,0.0,0.0,0.0,0.0,0.0,0.0,0.0,0.0,0.0,0.0,0.0,0.0,0.0,0.0,0.0,0.0,0.0,0.0,0.0,0.0,0.0,0.0,0.0,0.0,0.0,0.0,0.0,0.0,0.0,0.0,0.0,0.0,0.0,0.0,0.0,0.0,0.0,0.0,0.0,0.0,0.0,0.0,0.0,0.0,0.0,0.0,0.0,0.0,0.0,0.0,0.0,0.0,0.0,0.0,0.0,0.0,0.0,0.0,0.0,0.0,0.0,0.0,0.0,0.0,0.0,0.0,0.0,0.0,0.0,0.0,0.0,0.0,0.0,0.0,0.0,0.0,0.0,0.0,0.0,0.0,0.0,0.0,0.0,0.0,0.0,0.0,0.0,0.0,0.0,0.0,0.0,0.0,0.0,0.0,0.0,0.0,0.0,0.0,0.0,0.0,0.0,0.0,0.0,0.0,0.0,0.0,0.0,0.0,0.0,0.0,0.0,0.0,0.0,0.0,0.0,0.0,0.0,0.0,0.0,0.0,0.0,0.0,0.0,0.0,0.0,0.0,0.0,0.0,0.0,0.0,0.0,0.0,0.0,0.0,0.0,0.0,0.0,0.0,0.0,0.0,0.0,0.0,0.0,0.0,0.0,0.0,0.0,0.0,0.0,0.0,0.0,0.0,0.0,0.0,0.0,0.0,0.0,0.0,0.0,0.0,0.0,0.0,0.0,0.0,0.0,0.0,0.0,0.0,0.0,0.0,0.0,0.0,0.0,0.0,0.0,0.0,0.0,0.0,0.0,0.0,0.0,0.0,0.0,0.0,0.0,0.0,0.0,0.0,0.0,0.0,0.0,0.0,0.0,0.0,0.0,0.0,0.0,0.0,0.0,0.0,0.0,0.0,0.0,0.0,0.0,0.0,0.0,0.0,0.0,0.0,0.0,0.0,0.0,0.0,0.0,0.0,0.0,0.0,0.0,0.0,0.0,0.0,0.0,0.0,0.0,0.0,0.0,0.0,0.0,0.0,0.0,0.0,0.0,0.0,0.0,0.0,0.0,0.0,0.0,0.0,0.0,0.0,0.0,0.0,0.0,0.0,0.0,0.0,0.0,0.0,0.0,0.0,0.0,0.0,0.0,0.0,0.0,0.0,0.0,0.0,0.0,0.0,0.0,0.0,0.0,0.0,0.0,0.0,0.0,0.0,0.0,0.0,0.0,0.0,0.0,0.0,0.0,0.0,0.0,0.0,0.0,0.0,0.0,0.0,0.0,0.0,0.0,0.0,0.0,0.0,0.0,0.0,0.0,0.0,0.0,0.0,0.0,0.0,0.0,0.0,0.0,0.0,0.0,0.0,0.0,0.0,0.0,0.0,0.0,0.0,0.0,0.0,0.0,0.0,0.0,0.0,0.0,0.0,0.0,0.0,0.0,0.0,0.0,0.0,0.0,0.0,0.0,0.0,0.0,0.0,0.0,0.0,0.0,0.0,0.0,0.0,0.0,0.0,0.0,0.0,0.0,0.0,0.0,0.0,0.0,0.0,0.0,0.0,0.0,0.0,0.0,0.0,0.0,0.0,0.0,0.0,0.0,0.0,0.0,0.0,0.0,0.0,0.0,0.0,0.0,0.0,0.0,0.0,0.0,0.0,0.0,0.0,0.0,0.0,0.0,0.0,0.0,0.0,0.0,0.0,0.0,0.0,0.0,0.0,0.0,0.0,0.0,0.0,0.0,0.0,0.0,0.0,0.0,0.0,0.0,0.0,0.0,0.0,0.0,0.0,0.0,0.0,0.0,0.0,0.0,0.0,0.0,0.0,0.0,0.0,0.0,0.0,0.0,0.0,0.0,0.0,0.0,0.0,0.0,0.0,0.0,0.0,0.0,0.0,0.0,0.0,0.0,0.0,0.0,0.0,0.0,0.0,0.0,0.0,0.0,0.0,0.0,0.0,0.0,0.0,0.0,0.0,2.270841698672597e-26,4.558353117574572e-26,6.862533428374739e-26,9.18338305710069e-26,1.1520902011572149e-25,1.3875090298965697e-25,1.624594835699249e-25,1.8633476185544104e-25,2.1037672524312563e-25,2.3458538672316524e-25,2.589607461961675e-25,2.835027907877439e-25,3.0821153374732596e-25,3.330869750318024e-25,3.581291015128314e-25,3.8333792209379335e-25,4.087134414800639e-25,4.342556595089949e-25,4.5996456290349295e-25,4.8584016538348445e-25,5.118824666600451e-25,5.3809145355930515e-25,5.644671350967845e-25,5.910095162269954e-25,6.1771858728937955e-25,6.44594358052385e-25,6.716368189461771e-25,6.98845974865891e-25,7.262218308006483e-25,7.537643867142037e-25,7.814736282198205e-25,8.093495700049962e-25,8.37392202270609e-25,8.65601535014294e-25,8.939775583483055e-25,9.225202825285078e-25,9.512296972391536e-25,9.801058077473635e-25,1.009148617730832e-24,1.0383581200803302e-24,1.0677343184601712e-24,1.097277218170147e-24,1.1269868088554872e-24,1.156863101222002e-24,1.1869060845215345e-24,1.2171157695065314e-24,1.2474921457355384e-24,1.2780352237407288e-24,1.3087450068470322e-24,1.3396214730715298e-24,1.3706646414082993e-24,1.4018745013351545e-24,1.433251058223172e-24,1.4647943176543402e-24,1.4965042795296312e-24,1.528380927811436e-24,1.5604242779199057e-24,1.5926343208381025e-24,1.6250110667195563e-24,1.6575545045834223e-24,1.6902646462203706e-24,1.7231414906422927e-24,1.7561850215394336e-24,1.7893952558442492e-24,1.822772189662238e-24,1.856315814290968e-24,1.8900261430307326e-24,1.9239031754294706e-24,1.957946894484334e-24,1.9921573181271277e-24,2.026534445368775e-24,2.061078259567093e-24,2.095788771125734e-24,2.1306659883900022e-24,2.1657099114149114e-24,2.20092052021603e-24,2.2362978338756593e-24,2.2718418521535063e-24,2.3075525577320655e-24,2.3434299689197965e-24,2.3794740846187763e-24,2.415684887683923e-24,2.4520623973412376e-24,2.48860659910902e-24,2.5253175064036145e-24,2.562195107185149e-24,2.599239407582746e-24,2.636450407671856e-24,2.6738281140338506e-24,2.711372526130219e-24,2.749083625823006e-24,2.7869614316236513e-24,2.8250059504318422e-24,2.8632171504380338e-24,2.9015950561201436e-24,2.9401396567115068e-24,2.9788509641544497e-24,3.0177289656473003e-24,3.056773673620341e-24,3.0959850892398818e-24,3.1353631926957866e-24,3.1749079969440294e-24,3.2146195089408067e-24,3.2544977150388396e-24,3.294542625724519e-24,3.33475424783975e-24,3.375132576746662e-24,3.415677587556518e-24,3.456389306538142e-24,3.497267733785825e-24,3.538312868677525e-24,3.579524685460939e-24,3.6209032107246206e-24,3.66244844447442e-24,3.704160366542614e-24,3.7460389991207856e-24,3.7880843250926826e-24,3.830296360036234e-24,3.8726750902294884e-24,3.915220529873925e-24,3.9579326646042006e-24,4.0008115067378655e-24,4.0438570463288384e-24,4.087069295468343e-24,4.1304482534834676e-24,4.173993900968628e-24,4.2177062626575486e-24,4.261585327421635e-24,4.3056310834979625e-24,4.34984354974099e-24,4.394222711947038e-24,4.438768577323978e-24,4.483481153354538e-24,4.528360425336815e-24,4.573406406783072e-24,4.6186190856840824e-24,4.663998468157967e-24,4.709544561844909e-24,4.755257366215419e-24,4.801136859936124e-24,4.847183057543326e-24,4.893395966689791e-24,4.939775572343402e-24,4.986321889681709e-24,5.03303491863002e-24,5.07991463696783e-24,5.126961067439679e-24,5.174174209914373e-24,5.221554029861845e-24,5.269100566220619e-24,5.316813815261198e-24,5.3646937752290106e-24,5.412740425949714e-24,5.460953781602833e-24,5.5093338499449875e-24,5.5578806157193544e-24,5.606594094833032e-24,5.6554742848622016e-24,5.704521166441771e-24,5.7537347596730236e-24,5.803115052181251e-24,5.852662057948346e-24,5.902375761699604e-24,5.952256179220577e-24,6.002303294543805e-24,6.052517115759426e-24,6.102897642951811e-24,6.153444884324194e-24,6.204158839806166e-24,6.255039485460759e-24,6.306086837414929e-24,6.357300904263112e-24,6.408681669073257e-24,6.460229148649883e-24,6.511943326639547e-24,6.5638242195425646e-24,6.615871811030817e-24,6.668086115946505e-24,6.720467121263067e-24,6.773014833603713e-24,6.825729261299254e-24,6.878610404335798e-24,6.931658238285913e-24,6.984872788938483e-24,7.038254054185667e-24,7.091802010473335e-24,7.14551668264148e-24,7.199398071091087e-24,7.253446150447537e-24,7.307660947843597e-24,7.362042461585273e-24,7.416590664744167e-24,7.471305585038826e-24,7.526187221352129e-24,7.581235549043764e-24,7.636450585056373e-24,7.69183232947138e-24,7.747380782302113e-24,7.803095952891324e-24,7.858977823017675e-24,7.915026411037073e-24,7.97124169871775e-24,8.027623705864726e-24,8.084172411428683e-24,8.140887834916338e-24,8.197769976785067e-24,8.254818809802828e-24,8.312034361299775e-24,8.369416613011116e-24,8.426965582787597e-24,8.48468125351892e-24,8.542563643073997e-24,8.600612733148821e-24,8.658828544133808e-24,8.71721105388566e-24,8.775760282947181e-24,8.83447621269977e-24,8.893358861901878e-24,8.952408212136025e-24,9.011624281314491e-24,9.071007052043047e-24,9.130556541717517e-24,9.190272752980768e-24,9.25015565532825e-24,9.310205275045287e-24,9.370421617104415e-24,9.43080465179795e-24,9.491354406751816e-24,9.552070880587306e-24,9.612954048368198e-24,9.674003936934211e-24,9.735220545577711e-24,9.796603847188659e-24,9.858153870031139e-24,9.919870594590819e-24,9.981754039687188e-24,1.0043804187521205e-23,1.0106021047109263e-23,1.0168404618532963e-23,1.0230954901877918e-23,1.0293671906969784e-23,1.0356555614410838e-23,1.0419606045858857e-23,1.0482823197309839e-23,1.0546207041547983e-23,1.0609757608706837e-23,1.0673474877869465e-23,1.0737358869693467e-23,1.0801409583667994e-23,1.0865626990860145e-23,1.0930011121023753e-23,1.0994561953964817e-23,1.1059279506165066e-23,1.1124163765175656e-23,1.1189214747418697e-23,1.1254432432834209e-23,1.1319816840228616e-23,1.1385367973733346e-23,1.145108579945196e-23,1.1516970351069012e-23,1.1583021624351435e-23,1.1649239591040071e-23,1.171562427933715e-23,1.1782175685282324e-23,1.184889382151059e-23,1.1915778682287098e-23,1.1982830219026975e-23,1.2050048480177139e-23,1.211743343598086e-23,1.218498511568745e-23,1.2252703509874837e-23,1.232058861862618e-23,1.2388640442024762e-23,1.2456858980154052e-23,1.2525244245044124e-23,1.2593796233594695e-23,1.2662514916464189e-23,1.2731400325584718e-23,1.2800452438690308e-23,1.2869671267018696e-23,1.2939056810659683e-23,1.300860906969687e-23,1.3078328053575677e-23,1.3148213743675447e-23,1.3218266164035251e-23,1.3288485285526943e-23,1.3358871133247124e-23,1.3429423687321632e-23,1.35001429646836e-23,1.357102894994909e-23,1.3642081651360536e-23,1.3713301079977387e-23,1.378468723504e-23,1.385624008544816e-23,1.3927959664249473e-23,1.399984594772003e-23,1.4071898959149258e-23,1.414411869500782e-23,1.4216505128720166e-23,1.428905829031567e-23,1.436177817971484e-23,1.4434664792541424e-23,1.450771809444863e-23,1.4580938125017975e-23,1.4654324883899196e-23,1.4727878337813486e-23,1.480159852115009e-23,1.487548541013069e-23,1.4949539028657705e-23,1.5023759375669735e-23,1.509814644882097e-23,1.5172700209019635e-23,1.524742069870889e-23,1.532230789499247e-23,1.5397361820754453e-23,1.5472582453462936e-23,1.5547969811614495e-23,1.56235239111492e-23,1.5699244699146305e-23,1.5775132222168962e-23,1.585118651309377e-23,1.592740745715434e-23,1.6003795135274625e-23,1.6080349543499732e-23,1.6157070644386513e-23,1.6233958477596166e-23,1.6311013041756324e-23,1.638823430021613e-23,1.6465622290640154e-23,1.6543177011601444e-23,1.6620898428391965e-23,1.6698786578974163e-23,1.677684143505654e-23,1.6855063024038172e-23,1.6933451347335037e-23,1.701200636302589e-23,1.70907281102475e-23,1.7169616566073167e-23,1.724867175360465e-23,1.732789364990832e-23,1.7407282275050104e-23,1.7486837612169235e-23,1.7566559680390736e-23,1.7646448458666618e-23,1.7726503968982353e-23,1.7806726188748602e-23,1.7887115141954266e-23,1.7967670803556426e-23,1.8048393195025415e-23,1.8129282298800305e-23,1.8210338123777287e-23,1.8291560649089745e-23,1.8372949916852038e-23,1.8454505905981477e-23,1.853622862824197e-23,1.861811806056778e-23,1.870017421461241e-23,1.8782397102419824e-23,1.8864786700171617e-23,1.8947343019896611e-23,1.9030066073733727e-23,1.9112955837679452e-23,1.9196012335515637e-23,1.9279235569520204e-23,1.936262548919991e-23,1.9446182142627679e-23,1.952990553118002e-23,1.9613795654671048e-23,1.9697852510528536e-23,1.9782076054882618e-23,1.9866466334283552e-23,1.9951023324536412e-23,2.003574705137944e-23,2.012063751050893e-23,2.0205694670317558e-23,2.029091855821633e-23,2.0376309189292066e-23,2.0461866519428756e-23,2.0547590573169268e-23,2.0633481358963128e-23,2.0719538873154675e-23,2.080576312342129e-23,2.0892154072467666e-23,2.0978711758524553e-23,2.1065436180800076e-23,2.115232730270084e-23,2.1239385159944128e-23,2.1326609754550827e-23,2.141400104986712e-23,2.1501559069014752e-23,2.158928381090949e-23,2.1677175279408048e-23,2.1765233472712378e-23,2.185345839090666e-23,2.1941850034077144e-23,2.203040840231022e-23,2.2119133489693504e-23,2.2208025308303132e-23,2.229708385223904e-23,2.2386309135425272e-23,2.2475701130280778e-23,2.2565259864648047e-23,2.2654985336465918e-23,2.2744877508371534e-23,2.2834936419591707e-23,2.2925162043279455e-23,2.301555440634451e-23,2.3106113482160813e-23,2.319683929793963e-23,2.3287731826350417e-23,2.337879109452075e-23,2.347001707563424e-23,2.35614098002148e-23,2.365296923451179e-23,2.3744695408297046e-23,2.3836588313359996e-23,2.3928647966847273e-23,2.4020874308555977e-23,2.4113267390608006e-23,2.4205827213860637e-23,2.42985537370382e-23,2.4391447002679002e-23,2.448450697446337e-23,2.457773373074449e-23,2.4671127163799808e-23,2.4764687325218354e-23,2.4858414239610877e-23,2.495230789407859e-23,2.5046368241932993e-23,2.514059532674803e-23,2.5234989127181847e-23,2.5329549669603668e-23,2.5424276926509987e-23,2.551917092377587e-23,2.5614231637497574e-23,2.5709459092213742e-23,2.580485326310665e-23,2.5900414176532878e-23,2.5996141804949352e-23,2.6092036175942806e-23,2.618809726222447e-23,2.6284325091436e-23,2.638071966898772e-23,2.6477280942763245e-23,2.65740089594433e-23,2.6670903725799223e-23,2.676796522818025e-23,2.686519341985407e-23,2.69625883614629e-23,2.7060150046629566e-23,2.7157878468600136e-23,2.725577358141623e-23,2.735383543620579e-23,2.7452064034924544e-23,2.755045933630089e-23,2.764902138172317e-23,2.774775014376942e-23,2.784664565042818e-23,2.794570787349277e-23,2.8044936845902256e-23,2.8144332562584673e-23,2.8243895019772093e-23,2.8343624187723375e-23,2.84435200801477e-23,2.8543582688482443e-23,2.8643812040688496e-23,2.874420811145347e-23,2.884477092627923e-23,2.894550045982892e-23,2.904639673854374e-23,2.914745973523114e-23,2.92486894756327e-23,2.9350085946509614e-23,2.9451649145453184e-23,2.9553379098457704e-23,2.965527575453571e-23,2.9757339156146786e-23,2.985956928003118e-23,2.9961966148391753e-23,3.006452975879657e-23,3.016726007648849e-23,3.027015714177984e-23,3.0373220944476596e-23,3.047645145585653e-23,3.0579848704441943e-23,3.06834127034955e-23,3.078714344347283e-23,3.0891040891180515e-23,3.099510507206832e-23,3.1099335986243105e-23,3.120373365250615e-23,3.1308298061689e-23,3.141302917638091e-23,3.1517927024642907e-23,3.1622991606641946e-23,3.172822292245511e-23,3.183362097223212e-23,3.1939185769762367e-23,3.2044917316005605e-23,3.21508155680345e-23,3.2256880554324934e-23,3.236311229306634e-23,3.246951074816849e-23,3.2576075953789714e-23,3.2682807878068025e-23,3.2789706552226653e-23,3.2896771977897695e-23,3.3004004106623906e-23,3.311140297032745e-23,3.32189685793011e-23,3.3326700913246263e-23,3.3434599998031996e-23,3.354266580257533e-23,3.3650898358564985e-23,3.375929766350119e-23,3.386786367463403e-23,3.397659642145972e-23,3.408549591868817e-23,3.4194562167303234e-23,3.4303795121737104e-23,3.441319482795564e-23,3.452276125464688e-23,3.4632494432405104e-23,3.474239433166621e-23,3.485246098214238e-23,3.496269438391364e-23,3.507309449271629e-23,3.5183661353978833e-23,3.5294394936245254e-23,3.5405295272686213e-23,3.551636236258843e-23,3.562759615575884e-23,3.5738996695951877e-23,3.5850563963645994e-23,3.596229798469165e-23,3.6074198755515285e-23,3.618626623527242e-23,3.629850046837596e-23,3.641090142339476e-23,3.6523469132893347e-23,3.663620356353358e-23,3.67491047321151e-23,3.6862172663716454e-23,3.697540734064244e-23,3.708880872364634e-23,3.7202376847146003e-23,3.7316111736923986e-23,3.743001333514361e-23,3.754408167193625e-23,3.7658316747390506e-23,3.7772718561595997e-23,3.788728713069641e-23,3.800202245428792e-23,3.8116924485366186e-23,3.823199327132501e-23,3.8347228780705886e-23,3.8462631029379894e-23,3.8578200020839933e-23,3.869393577879468e-23,3.880983824593457e-23,3.8925907469456095e-23,3.904214341616529e-23,3.915854611581289e-23,3.927511557104966e-23,3.9391851737433584e-23,3.950875464392839e-23,3.962582430739864e-23,3.974306072647014e-23,3.98604638538905e-23,3.9978033738102706e-23,4.009577034656617e-23,4.021367369569375e-23,4.033174643261508e-23,4.0449983263328146e-23,4.056838683496993e-23,4.068695717213007e-23,4.080569422592732e-23,4.092459803614521e-23,4.104366857245492e-23,4.1162905866827506e-23,4.128230988616892e-23,4.1401880658327184e-23,4.1521618160759793e-23,4.164152242138182e-23,4.1761593407419344e-23,4.188183115410398e-23,4.2002235656736863e-23,4.2122806868893756e-23,4.2243544839970076e-23,4.236444957644994e-23,4.2485521015555856e-23,4.260675921565116e-23,4.27281641750833e-23,4.28497358419609e-23,4.2971474269104366e-23,4.309337942163111e-23,4.3215451335219894e-23,4.333769000468862e-23,4.3460095433370087e-23,4.358266755826283e-23,4.370540648946426e-23,4.382831210109174e-23,4.395138447134029e-23,4.407462360344759e-23,4.419802944586391e-23,4.432160203204627e-23,4.444534138789146e-23,4.45692474618996e-23,4.4693320307776026e-23,4.4817559904638536e-23,4.4941966211107456e-23,4.5066539279864084e-23,4.5191279074304335e-23,4.5316185619118863e-23,4.544125893839181e-23,4.556649896745768e-23,4.569190575667221e-23,4.581747927540042e-23,4.5943219539092443e-23,4.606912656165967e-23,4.619520031556704e-23,4.6321440814714064e-23,4.644784807571849e-23,4.657442206563969e-23,4.670116280107516e-23,4.6828070282125536e-23,4.6955144508879156e-23,4.708238549976044e-23,4.72097932518521e-23,4.733736775662003e-23,4.746510896720345e-23,4.7593016928769944e-23,4.772109164644109e-23,4.784933309580494e-23,4.7977741332104176e-23,4.810631630020815e-23,4.8235057989247194e-23,4.8363966428626787e-23,4.8493041633847417e-23,4.8622283563345733e-23,4.8751692239844716e-23,4.888126768150865e-23,4.9011009852304007e-23,4.914091880191266e-23,4.927099450235619e-23,4.9401236915336896e-23,4.953164609279132e-23,4.966222200100057e-23,4.9792964656953654e-23,4.992387407513722e-23,5.0054950226875057e-23,5.018619314630148e-23,5.0317602820671384e-23,5.044917921681935e-23,5.0580922383150983e-23,5.0712832276006927e-23,5.0844908926358246e-23,5.0977152314970814e-23,5.1109562453606773e-23,5.124213935913109e-23,5.13748829954102e-23,5.15077933806469e-23,5.1640870538599447e-23,5.1774114422056924e-23,5.19075250547584e-23,5.20411024571558e-23,5.217484658864826e-23,5.2308757489742666e-23,5.244283516276068e-23,5.257707954314825e-23,5.2711490691697344e-23,5.2846068571796244e-23,5.298081321917717e-23,5.311572463594337e-23,5.325080276634073e-23,5.338604766545693e-23,5.352145929650977e-23,5.36570376967744e-23,5.379278286526203e-23,5.392869474802395e-23,5.406477340587421e-23,5.420101883254672e-23,5.433743102596311e-23,5.447400991236637e-23,5.46107555680948e-23,5.474766799304903e-23,5.488474718670896e-23,5.502199307931325e-23,5.515940573918186e-23,5.529698516877618e-23,5.543473136385377e-23,5.557264426201592e-23,5.571072393534367e-23,5.584897037601758e-23,5.598738358629926e-23,5.612596349262206e-23,5.62647101744272e-23,5.64036236219416e-23,5.654270378536801e-23,5.668195075836655e-23,5.682136446599208e-23,5.696094488736415e-23,5.710069207334384e-23,5.724060600045997e-23,5.738068669524761e-23,5.752093416515467e-23,5.766134835247917e-23,5.780192931149161e-23,5.794267704105096e-23,5.808359148773279e-23,5.822467270839323e-23,5.836592069195705e-23,5.850733539969472e-23,5.864891685487852e-23,5.87906651043336e-23,5.893258007395204e-23,5.907466181163795e-23,5.921691031017384e-23,5.935932559866954e-23,5.950190762003002e-23,5.964465643206031e-23,5.978757201154925e-23,5.993065426239378e-23,6.00739032881104e-23,6.021731907638713e-23,6.036090159199724e-23,6.050465087729097e-23,6.064856690321397e-23,6.079264970222634e-23,6.093689927607043e-23,6.108131562330829e-23,6.122589867106778e-23,6.137064848762531e-23,6.151556504684265e-23,6.166064838191473e-23,6.180589845297732e-23,6.195131529869071e-23,6.209689893817555e-23,6.224264933180939e-23,6.238856642775129e-23,6.253465029992226e-23,6.268090095003766e-23,6.282731837168013e-23,6.29739024931281e-23,6.31206534016601e-23,6.326757103781783e-23,6.341465544958883e-23,6.35619065999299e-23,6.370932452679374e-23,6.385690919166138e-23,6.400466063421391e-23,6.415257881399678e-23,6.430066376646194e-23,6.444891546153772e-23,6.459733393265833e-23,6.474591914342328e-23,6.489467112947528e-23,6.50435898563083e-23,6.519267534664441e-23,6.534192760823149e-23,6.549134664752424e-23,6.564093240767213e-23,6.579068493650333e-23,6.594060421386102e-23,6.609069026671595e-23,6.624094306168861e-23,6.639136264205349e-23,6.654194899459368e-23,6.669270206674911e-23,6.68436219152734e-23,6.69947085309224e-23,6.714596188111066e-23,6.729738201083268e-23,6.744896891589945e-23,6.760072254498135e-23,6.775264295345087e-23,6.790473009401171e-23,6.805698402597881e-23,6.820940469494544e-23,6.836199214366926e-23,6.85147463730738e-23,6.866766732299038e-23,6.882075505555299e-23,6.897400952657565e-23,6.912743078056122e-23,6.92810187730789e-23,6.94347735437839e-23,6.958869505820377e-23,6.974278335356013e-23,6.98970384284196e-23,7.005146022638901e-23,7.020604880279081e-23,7.036080416849126e-23,7.051572625090542e-23,7.067081511278423e-23,7.082607071864454e-23,7.098149308636367e-23,7.113708223765886e-23,7.129283817058393e-23,7.144876088278281e-23,7.160485029900336e-23,7.176110649969647e-23,7.19175294799881e-23,7.207411918358365e-23,7.22308756774558e-23,7.238779895680535e-23,7.254488894869309e-23,7.270214572102123e-23,7.285956927584541e-23,7.301715958079703e-23,7.31749166266707e-23,7.333284045569664e-23,7.349093102671336e-23,7.364918835061252e-23,7.380761249025892e-23,7.396620335214308e-23,7.412496099053707e-23,7.428388538017019e-23,7.444297655474849e-23,7.460223451389827e-23,7.47616591959165e-23,7.492125065774885e-23,7.508100890965602e-23,7.524093388493636e-23,7.540102565122792e-23,7.55612841557944e-23,7.572170945324751e-23,7.588230148757466e-23,7.604306031316592e-23,7.6203985914326e-23,7.636507831045334e-23,7.652633740547194e-23,7.668776327607603e-23,7.68493559486768e-23,7.701111534018928e-23,7.71730415248761e-23,7.733513448769024e-23,7.749739417661526e-23,7.765982063702553e-23,7.782241389656967e-23,7.798517388377241e-23,7.814810063725752e-23,7.831119417271374e-23,7.847445448020957e-23,7.86378815678286e-23,7.880147538747289e-23,7.896523598597007e-23,7.912916339090846e-23,7.929325751123512e-23,7.945751841992498e-23,7.962194607450254e-23,7.978654055346883e-23,7.995130174394285e-23,8.011622971965003e-23,8.028132440025706e-23,8.044658591209937e-23,8.061201426125455e-23,8.077760928857568e-23,8.094337110435789e-23,8.110929966813906e-23,8.127539502121629e-23,8.144165712141499e-23,8.160808600664001e-23,8.177468168540832e-23,8.194144409223555e-23,8.210837328868187e-23,8.22754692760827e-23,8.244273198810378e-23,8.261016149213786e-23,8.277775778571341e-23,8.294552080498001e-23,8.311345061729158e-23,8.328154717520703e-23,8.344981052601382e-23,8.36182406229789e-23,8.378683750507653e-23,8.395560114148156e-23,8.412453156799691e-23,8.429362878331772e-23,8.446289272966249e-23,8.4632323463729e-23,8.480192099340425e-23,8.497168525058984e-23,8.514161630016033e-23,8.531171414117469e-23,8.548197871030117e-23,8.565241007327262e-23,8.582300818386201e-23,8.599377308583747e-23,8.616470478719498e-23,8.633580321104264e-23,8.650706839514493e-23,8.667850040485886e-23,8.685009914283385e-23,8.702186467533423e-23,8.719379695659269e-23,8.736589603059725e-23,8.753816189752964e-23,8.771059461815455e-23,8.788319400916726e-23,8.805596019365304e-23,8.82288931672808e-23,8.840199285318087e-23,8.85752593326199e-23,8.8748692563598e-23,8.892229258928442e-23,8.90960594058991e-23,8.926999295445251e-23,8.944409329656883e-23,8.961836044613723e-23,8.979279431482143e-23,8.996739495859173e-23,9.01421624199249e-23,9.031709660880722e-23,9.049219759450819e-23,9.066746538062055e-23,9.084289989064267e-23,9.101850119779192e-23,9.119426930922114e-23,9.137020416214427e-23,9.154630578810041e-23,9.172257421595783e-23,9.189900937098529e-23,9.207561131068051e-23,9.225238007467023e-23,9.242931561384024e-23,9.260641786758486e-23,9.278368691354902e-23,9.296112271723574e-23,9.313872531400281e-23,9.331649470687258e-23,9.349443089619067e-23,9.367253380103056e-23,9.385080349889412e-23,9.402923999497281e-23,9.420784328696925e-23,9.43866132945906e-23,9.456555009194372e-23,9.474465373424394e-23,9.492392417428329e-23,9.5103361367048e-23,9.528296525555418e-23,9.5462735955058e-23,9.564267343274001e-23,9.582277770396507e-23,9.600304869893214e-23,9.618348651658126e-23,9.636409111651824e-23,9.654486244242403e-23,9.672580060871396e-23,9.6906905533953e-23,9.70881771917281e-23,9.726961563204463e-23,9.745122088893383e-23,9.763299287943999e-23,9.781493167274322e-23,9.79970372189281e-23,9.817930955782854e-23,9.836174870410162e-23,9.854435458457395e-23,9.872712723240054e-23,9.891006666953874e-23,9.909317290584334e-23,9.927644593961902e-23,9.945988577355684e-23,9.964349232536816e-23,9.982726572200802e-23,1.0001120590514373e-22,1.001953128560109e-22,1.0037958652422793e-22,1.0056402699070146e-22,1.0074863425807701e-22,1.009334083295081e-22,1.0111834911569846e-22,1.0130345670449551e-22,1.0148873105026941e-22,1.0167417219515007e-22,1.0185978010092002e-22,1.020455548386589e-22,1.02231496336545e-22,1.0241760458312466e-22,1.0260387964377891e-22,1.0279032149794588e-22,1.0297693008626968e-22,1.0316370545087097e-22,1.0335064764192364e-22,1.0353775657287493e-22,1.0372503229114655e-22,1.0391247478433064e-22,1.0410008407982337e-22,1.0428786018547878e-22,1.0447580302289367e-22,1.0466391266506882e-22,1.0485218918556259e-22,1.0504063236820356e-22,1.0522924232955478e-22,1.0541801910694441e-22,1.0560696274881501e-22,1.0579607305979634e-22,1.0598535022521534e-22,1.0598535095595297e-22,1.0598535168764679e-22,1.0598535242013587e-22,1.0598535315317062e-22,1.0598535388638372e-22,1.0598535462092228e-22,1.0598535535581372e-22,1.0598535609126367e-22,1.0598535682724136e-22,1.0598535756383927e-22,1.0598535830099009e-22,1.059853590387038e-22,1.059853597769454e-22,1.05985360515747e-22,1.0598536125504491e-22,1.05985361994994e-22,1.059853627353408e-22,1.0598536347640118e-22,1.0598536421801598e-22,1.0598536496018514e-22,1.0598536570287635e-22,1.0598536644606253e-22,1.059853671898917e-22,1.0598536793428457e-22,1.0598536867921876e-22,1.0598536942458487e-22,1.0598537017051338e-22,1.0598537091709993e-22,1.0598537166423648e-22,1.0598537241183584e-22,1.059853731599885e-22,1.0598537390882303e-22,1.0598537465817597e-22,1.0598537540805755e-22,1.0598537615853967e-22,1.059853769095694e-22,1.0598537766111596e-22,1.0598537841320973e-22,1.0598537916585024e-22,1.0598537991903682e-22,1.0598538067276926e-22,1.0598538142702135e-22,1.0598538218184387e-22,1.0598538293718454e-22,1.0598538369314547e-22,1.0598538444962628e-22,1.059853852066717e-22,1.0598538596419936e-22,1.0598538672225234e-22,1.0598538748092214e-22,1.0598538824002698e-22,1.0598538899967144e-22,1.0598538975990546e-22,1.0598539052073863e-22,1.059853912821132e-22,1.0598539204402833e-22,1.0598539280648657e-22,1.0598539356948945e-22,1.059853943329564e-22,1.0598539509695958e-22,1.0598539586160243e-22,1.0598539662668076e-22,1.0598539739239378e-22,1.059853981586366e-22,1.0598539892532265e-22,1.0598539969261347e-22,1.059854004604088e-22,1.0598540122869901e-22,1.0598540199755547e-22,1.0598540276693729e-22,1.0598540353684896e-22,1.0598540430729058e-22,1.0598540507821036e-22,1.0598540584971603e-22,1.0598540662172848e-22,1.0598540739427188e-22,1.0598540816731672e-22,1.059854089409217e-22,1.0598540971505545e-22,1.0598541048971857e-22,1.0598541126491064e-22,1.059854120406312e-22,1.0598541281687984e-22,1.0598541359365624e-22,1.059854143709614e-22,1.0598541514879377e-22,1.0598541592715276e-22,1.0598541670603824e-22,1.059854174854473e-22,1.059854182653839e-22,1.0598541904584328e-22,1.0598541982682715e-22,1.0598542060833522e-22,1.059854213904328e-22,1.0598542217296598e-22,1.059854229560481e-22,1.059854237396524e-22,1.0598542452377845e-22,1.0598542530849103e-22,1.0598542609372554e-22,1.0598542687941616e-22,1.0598542766563002e-22,1.0598542845242767e-22,1.0598542923974567e-22,1.0598543002758357e-22,1.0598543081593983e-22,1.059854316048164e-22,1.0598543239414785e-22,1.0598543318406143e-22,1.059854339744918e-22,1.0598543476544098e-22,1.0598543555690732e-22,1.0598543634888921e-22,1.0598543714132419e-22,1.0598543793433973e-22,1.0598543872787093e-22,1.059854395219174e-22,1.0598544031647737e-22,1.0598544111155309e-22,1.05985441907143e-22,1.0598544270324657e-22,1.0598544349986348e-22,1.059854442969933e-22,1.059854450946357e-22,1.0598544589272369e-22,1.0598544669138993e-22,1.0598544749056599e-22,1.0598544829025465e-22,1.0598544909045398e-22,1.0598544989116354e-22,1.0598545069238295e-22,1.0598545149411186e-22,1.0598545229634829e-22,1.0598545309909503e-22,1.0598545390235007e-22,1.0598545470611307e-22,1.0598545551038367e-22,1.0598545631516143e-22,1.0598545712044601e-22,1.0598545792623702e-22,1.0598545873253234e-22,1.059854595393351e-22,1.059854603466431e-22,1.0598546115446815e-22,1.0598546196279787e-22,1.0598546277161766e-22,1.0598546358094122e-22,1.0598546438928597e-22,1.059854651996166e-22,1.05985466010448e-22,1.0598546682179668e-22,1.0598546763364743e-22,1.0598546844598442e-22,1.0598546925882256e-22,1.0598547007216164e-22,1.0598547088599944e-22,1.059854717003547e-22,1.059854725151937e-22,1.0598547333054835e-22,1.0598547414638542e-22,1.05985474962721e-22,1.0598547577957187e-22,1.0598547659690163e-22,1.0598547741474827e-22,1.0598547823309243e-22,1.0598547905193357e-22,1.059854798712522e-22,1.0598548069104245e-22,1.0598548151135203e-22,1.059854823321568e-22,1.0598548315345663e-22,1.059854839752509e-22,1.059854847974456e-22,1.0598548562024462e-22,1.0598548644351784e-22,1.059854872672856e-22,1.0598548809154578e-22,1.059854889162982e-22,1.0598548974154237e-22,1.059854905672779e-22,1.059854913935045e-22,1.0598549222022178e-22,1.0598549304742776e-22,1.0598549387512551e-22,1.0598549470331258e-22,1.059854955302808e-22,1.0598549635944485e-22,1.0598549718909738e-22,1.0598549801923803e-22,1.0598549884986644e-22,1.0598549968098218e-22,1.0598550051258363e-22,1.0598550134467302e-22,1.0598550217724863e-22,1.0598550301031017e-22,1.0598550384385732e-22,1.0598550467788825e-22,1.0598550551240528e-22,1.0598550634740674e-22,1.0598550718296267e-22,1.0598550801900228e-22,1.0598550885552532e-22,1.05985509692461e-22,1.0598551052987923e-22,1.059855113677797e-22,1.0598551220616197e-22,1.0598551304502638e-22,1.059855138843713e-22,1.0598551472419692e-22,1.05985515564503e-22,1.0598551640528915e-22,1.059855172465558e-22,1.0598551808830095e-22,1.059855189305251e-22,1.0598551977320314e-22,1.0598552061638535e-22,1.0598552146001964e-22,1.059855223041571e-22,1.059855231487463e-22,1.0598552399383787e-22,1.0598552483940582e-22,1.059855256854688e-22,1.0598552653200759e-22,1.0598552737902158e-22,1.059855282265105e-22,1.0598552907447411e-22,1.0598552992289365e-22,1.059855307717872e-22,1.0598553162115441e-22,1.0598553247101283e-22,1.059855333213442e-22,1.0598553417214802e-22,1.0598553502171357e-22,1.0598553587346032e-22,1.0598553672567859e-22,1.0598553757836801e-22,1.0598553843152815e-22,1.0598553928515875e-22,1.0598554013925943e-22,1.0598554099381248e-22,1.0598554184883498e-22,1.0598554270434364e-22,1.05985543560321e-22,1.0598554441674955e-22,1.0598554527366312e-22,1.0598554613104436e-22,1.0598554698889285e-22,1.0598554784720823e-22,1.0598554870599015e-22,1.0598554956523832e-22,1.0598555042495236e-22,1.0598555128511504e-22,1.0598555214575971e-22,1.059855530068692e-22,1.0598555386844318e-22,1.059855547304813e-22,1.0598555559298313e-22,1.0598555645594847e-22,1.0598555731936014e-22,1.059855581832346e-22,1.059855590475715e-22,1.0598555991238701e-22,1.0598556077766424e-22,1.059855616434028e-22,1.0598556250960238e-22,1.0598556337626262e-22,1.0598556424338317e-22,1.0598556511096371e-22,1.059855659790039e-22,1.0598556684750334e-22,1.059855677164448e-22,1.0598556858416285e-22,1.0598556945403716e-22,1.059855703226725e-22,1.059855711934614e-22,1.0598557206470751e-22,1.0598557293639227e-22,1.0598557380855176e-22,1.0598557468114938e-22,1.0598557555422096e-22,1.059855764277313e-22,1.0598557730171357e-22,1.0598557817615065e-22,1.0598557905104218e-22,1.0598557992638787e-22,1.0598558080218738e-22,1.0598558167844036e-22,1.059855825551299e-22,1.05985583432272e-22,1.0598558430988332e-22,1.059855851879287e-22,1.0598558606644388e-22,1.059855869453939e-22,1.0598558782479486e-22,1.0598558870464511e-22,1.0598558958494575e-22,1.0598559046571463e-22,1.0598559134691666e-22,1.0598559222856794e-22,1.0598559311066664e-22,1.059855939932324e-22,1.059855948762466e-22,1.0598559575970882e-22,1.0598559664361879e-22,1.0598559752797612e-22,1.0598559841276383e-22,1.0598559929799663e-22,1.0598560017910977e-22,1.059856010606669e-22,1.059856019472332e-22,1.0598560282967946e-22,1.0598560371713385e-22,1.05985604600468e-22,1.059856054842451e-22,1.059856063714017e-22,1.059856072560647e-22,1.059856081411675e-22,1.059856090296487e-22,1.0598560991854368e-22,1.059856108049722e-22,1.0598561169183968e-22,1.0598561257913298e-22,1.0598561346686526e-22,1.0598561435503649e-22,1.0598561524366145e-22,1.0598561613272376e-22,1.0598561702222463e-22,1.059856179121625e-22,1.059856188025383e-22,1.059856196933511e-22,1.059856205846006e-22,1.059856214762864e-22,1.0598562236840816e-22,1.0598562326096497e-22,1.0598562415395775e-22,1.0598562505029683e-22,1.0598562594416168e-22,1.0598562683845996e-22,1.0598562773319226e-22,1.059856286283583e-22,1.0598562952395766e-22,1.059856304199901e-22,1.0598563131645526e-22,1.0598563221335284e-22,1.0598563311068183e-22,1.0598563400844258e-22,1.0598563490663544e-22,1.0598563580525872e-22,1.059856367043135e-22,1.059856376037987e-22,1.0598563850371405e-22,1.0598563940405924e-22,1.059856403048339e-22,1.0598564120603504e-22,1.0598564210766505e-22,1.0598564300972625e-22,1.0598564391221566e-22,1.0598564481511846e-22,1.0598564571846302e-22,1.0598564662223515e-22,1.0598564752641972e-22,1.0598564843082147e-22,1.0598564933870705e-22,1.0598565024418487e-22,1.0598565115008966e-22,1.059856520564197e-22,1.0598565296299406e-22,1.0598565387000028e-22,1.059856547776053e-22,1.0598565568563062e-22,1.059856565940817e-22,1.0598565750295683e-22,1.0598565841225445e-22,1.059856593219748e-22,1.0598566023211763e-22,1.0598566114268264e-22,1.0598566205367014e-22,1.0598566296507916e-22,1.0598566387690937e-22,1.0598566478916046e-22,1.0598566570178942e-22,1.0598566661487897e-22,1.059856675282195e-22,1.059856684421512e-22,1.0598566935650123e-22,1.0598567027126485e-22,1.0598567118645321e-22,1.0598567210205928e-22,1.059856730180834e-22,1.0598567393735184e-22,1.0598567485417692e-22,1.0598567577141643e-22,1.05985676689112e-22,1.059856776072237e-22,1.0598567852571116e-22,1.059856794446545e-22,1.0598568036663617e-22,1.0598568128637835e-22,1.0598568220652832e-22,1.0598568312713393e-22,1.0598568404815275e-22,1.0598568496954686e-22,1.0598568589139372e-22,1.0598568681365153e-22,1.0598568773632521e-22,1.0598568865936193e-22,1.059856895856831e-22,1.0598569050959622e-22,1.0598569143392037e-22,1.0598569235865608e-22,1.0598569328375398e-22,1.0598569420931148e-22,1.0598569513524885e-22,1.059856960646206e-22,1.0598569699440185e-22,1.0598569792160304e-22,1.0598569884917524e-22,1.0598569977719432e-22,1.0598570070562181e-22,1.0598570163445847e-22,1.0598570256370328e-22,1.0598570349335594e-22,1.0598570442341617e-22,1.0598570535388364e-22,1.0598570628475801e-22,1.0598570721603902e-22,1.0598570814772634e-22,1.05985709079819e-22,1.0598571001231737e-22,1.0598571094522112e-22,1.0598571187853074e-22,1.0598571281224443e-22,1.0598571374636268e-22,1.059857146808829e-22,1.0598571561576684e-22,1.0598571655109786e-22,1.0598571748683105e-22,1.0598571842296722e-22,1.0598571935950038e-22,1.059857202964416e-22,1.0598572123378569e-22,1.0598572217153149e-22,1.059857231096781e-22,1.0598572404822663e-22,1.059857249871342e-22,1.0598572592648165e-22,1.059857268662312e-22,1.0598572780634018e-22,1.0598572874685046e-22,1.0598572968776048e-22,1.059857306291093e-22,1.0598573157085571e-22,1.0598573251300061e-22,1.0598573345554445e-22,1.059857343984862e-22,1.059857353418248e-22,1.0598573628556067e-22,1.0598573722969431e-22,1.0598573817422466e-22,1.0598573911915064e-22,1.0598574006447351e-22,1.059857410101922e-22,1.059857419563064e-22,1.059857429027809e-22,1.0598574385265525e-22,1.0598574479995624e-22,1.0598574574765004e-22,1.0598574669573857e-22,1.0598574764422018e-22,1.059857485930952e-22,1.0598574954236334e-22,1.059857504920244e-22,1.0598575144207875e-22,1.0598575239252537e-22,1.0598575334335736e-22,1.0598575429458765e-22,1.0598575524620931e-22,1.059857561982221e-22,1.0598575715062571e-22,1.059857581034198e-22,1.059857590566041e-22,1.059857600101784e-22,1.059857609641415e-22,1.0598576191849395e-22,1.0598576287633188e-22,1.0598576383455912e-22,1.0598576479317528e-22,1.0598576575218018e-22,1.0598576671157348e-22,1.0598576767135493e-22,1.0598576863152418e-22,1.0598576959208098e-22,1.0598577055302502e-22,1.0598577151435603e-22,1.059857724760737e-22,1.0598577343817775e-22,1.059857744006679e-22,1.0598577536354377e-22,1.05985776326781e-22,1.0598577729042753e-22,1.0598577825443493e-22,1.0598577921885103e-22,1.0598578018365156e-22,1.0598578114883617e-22,1.0598578211440456e-22,1.0598578308035648e-22,1.0598578404669157e-22,1.0598578501340962e-22,1.0598578598051024e-22,1.0598578694799317e-22,1.0598578791585817e-22,1.059857888840055e-22,1.0598578985251199e-22,1.05985790821395e-22,1.0598579179076426e-22,1.0598579276053502e-22,1.0598579373058782e-22,1.05985794701119e-22,1.0598579567202996e-22,1.0598579664332045e-22,1.0598579761499014e-22,1.0598579858703872e-22,1.0598579955944348e-22,1.0598580053224894e-22,1.0598580150543253e-22,1.0598580247899397e-22,1.059858034529329e-22,1.0598580442723064e-22,1.059858054019007e-22,1.0598580637694737e-22,1.0598580735229399e-22,1.059858083281167e-22,1.0598580930419537e-22,1.0598581028064816e-22,1.0598581125757255e-22,1.0598581223489602e-22,1.059858132124769e-22,1.0598581419043053e-22,1.059858151687674e-22,1.0598581614746944e-22,1.0598581712664396e-22,1.0598581810598444e-22,1.0598581908569216e-22,1.0598582006598703e-22,1.0598582104667215e-22,1.0598582202772956e-22,1.0598582300903415e-22,1.0598582399083569e-22,1.0598582497298247e-22,1.059858259553036e-22,1.059858269382187e-22,1.0598582792150316e-22,1.059858289049353e-22,1.0598582988896102e-22,1.0598583087335516e-22,1.0598583185811866e-22,1.059858328432513e-22,1.0598583382875277e-22,1.059858348145199e-22,1.059858358007588e-22,1.0598583678736509e-22,1.059858377743391e-22,1.0598583876168059e-22,1.0598583974938918e-22,1.0598584073746475e-22,1.0598584172590687e-22,1.0598584271471537e-22,1.0598584370388994e-22,1.0598584469343035e-22,1.0598584568333624e-22,1.0598584667339403e-22,1.0598584766381255e-22,1.0598584865459576e-22,1.0598584964596211e-22,1.0598585063769139e-22,1.0598585162978454e-22,1.0598585262224128e-22,1.0598585361506137e-22,1.0598585460824458e-22,1.0598585560179053e-22,1.0598585659569903e-22,1.0598585758996982e-22,1.0598585858460254e-22,1.0598585957959705e-22,1.059858605749529e-22,1.0598586157046358e-22,1.0598586256654268e-22,1.0598586356298121e-22,1.0598586455957534e-22,1.0598586555673544e-22,1.0598586655425426e-22,1.0598586755213264e-22,1.059858685503702e-22,1.0598586954896685e-22,1.0598587054792226e-22,1.0598587154721767e-22,1.0598587254688964e-22,1.0598587354691955e-22,1.0598587454728899e-22,1.0598587554803395e-22,1.0598587654911764e-22,1.0598587755055793e-22,1.0598587855237353e-22,1.0598587955454557e-22,1.0598588055707366e-22,1.0598588155995757e-22,1.0598588256319695e-22,1.0598588356679174e-22,1.0598588457074147e-22,1.0598588557504597e-22,1.0598588657970493e-22,1.059858875847181e-22,1.0598588859008523e-22,1.0598588959580601e-22,1.0598589060188024e-22,1.0598589160821726e-22,1.0598589261497448e-22,1.059858936221072e-22,1.0598589462959242e-22,1.0598589563741247e-22,1.0598589664560143e-22,1.059858976541421e-22,1.0598589866301702e-22,1.059858996722423e-22,1.0598590068183601e-22,1.0598590169178032e-22,1.059859027020749e-22,1.0598590371271948e-22,1.0598590472352568e-22,1.0598590573487055e-22,1.059859067465468e-22,1.059859077585637e-22,1.059859087709541e-22,1.059859097836728e-22,1.0598591079674257e-22,1.059859118101531e-22,1.0598591282391486e-22,1.0598591383802763e-22,1.0598591485248763e-22,1.0598591586731148e-22,1.0598591688246224e-22,1.0598591789797896e-22,1.0598591891384193e-22,1.0598591993003127e-22,1.0598592094658552e-22,1.0598592196346908e-22,1.0598592298070023e-22,1.0598592399827312e-22,1.0598592501620698e-22,1.0598592603446587e-22,1.059859270530747e-22,1.0598592807204065e-22,1.059859290913502e-22,1.0598593011100298e-22,1.0598593113099878e-22,1.0598593215132148e-22,1.0598593317198923e-22,1.059859341930123e-22,1.059859352143774e-22,1.0598593623608425e-22,1.0598593725813258e-22,1.0598593828052208e-22,1.0598593930325252e-22,1.0598594032632367e-22,1.0598594134973515e-22,1.0598594237348672e-22,1.0598594339757834e-22,1.0598594442200963e-22,1.0598594544678033e-22,1.0598594647189019e-22,1.0598594749733896e-22,1.0598594852312635e-22,1.0598594954923718e-22,1.0598595057570097e-22,1.0598595160248464e-22,1.0598595262960852e-22,1.059859536570001e-22,1.0598595468480094e-22,1.0598595571293316e-22,1.059859567413427e-22,1.0598595777015336e-22,1.0598595879931313e-22,1.0598595982880887e-22,1.0598596085864022e-22,1.0598596188878944e-22,1.0598596291929115e-22,1.0598596395012785e-22,1.0598596498128475e-22,1.059859660127903e-22,1.0598596704461273e-22,1.0598596807678625e-22,1.0598596910927602e-22,1.059859701420987e-22,1.0598597117519027e-22,1.0598597220869746e-22,1.0598597324253665e-22,1.0598597427669413e-22,1.0598597531119769e-22,1.0598597634603318e-22,1.0598597738120026e-22,1.0598597841669876e-22,1.0598597945252842e-22,1.0598598048868893e-22,1.059859815251801e-22,1.0598598256200156e-22,1.0598598359915323e-22,1.0598598463663476e-22,1.0598598567444593e-22,1.059859867125865e-22,1.0598598775105621e-22,1.0598598878985482e-22,1.059859898289821e-22,1.0598599086843777e-22,1.059859919082216e-22,1.059859929483199e-22,1.0598599398875925e-22,1.059859950295261e-22,1.0598599607062014e-22,1.0598599711204106e-22,1.0598599815378872e-22,1.0598599919586282e-22,1.0598600023826314e-22,1.0598600128098944e-22,1.059860023240414e-22,1.0598600336741885e-22,1.0598600441112152e-22,1.0598600545514915e-22,1.0598600649950154e-22,1.0598600754417844e-22,1.059860085891796e-22,1.0598600963450475e-22,1.0598601068015366e-22,1.0598601172612612e-22,1.0598601277242182e-22,1.0598601381904061e-22,1.0598601486598217e-22,1.0598601591324633e-22,1.0598601696083277e-22,1.059860180087413e-22,1.0598601905697164e-22,1.0598602010552356e-22,1.059860211543841e-22,1.0598602220356527e-22,1.059860232530802e-22,1.0598602430291615e-22,1.0598602535307236e-22,1.0598602640354882e-22,1.0598602745427644e-22,1.0598602850539298e-22,1.0598602955676008e-22,1.0598603060851525e-22,1.0598603166058883e-22,1.0598603271296893e-22,1.059860337656795e-22,1.0598603481870853e-22,1.0598603587204332e-22,1.0598603692570793e-22,1.059860379796902e-22,1.059860390339225e-22,1.0598604008853963e-22,1.059860411434731e-22,1.0598604219872307e-22,1.0598604325427746e-22,1.0598604431015973e-22,1.0598604536634615e-22,1.0598604642285995e-22,1.0598604747968925e-22,1.0598604853683363e-22,1.0598604959429302e-22,1.059860506520671e-22,1.059860517101556e-22,1.0598605276855828e-22,1.0598605382726335e-22,1.0598605488629364e-22,1.0598605594557246e-22,1.0598605700523021e-22,1.0598605806520046e-22,1.059860591254835e-22,1.0598606018607907e-22,1.059860612469756e-22,1.0598606230813232e-22,1.0598606336959878e-22,1.0598606443144279e-22,1.0598606549359771e-22,1.059860665560638e-22,1.0598606761884081e-22,1.0598606868178407e-22,1.0598606974518323e-22,1.0598607080889165e-22,1.0598607187291003e-22,1.059860729372382e-22,1.059860740018759e-22,1.0598607506682293e-22,1.0598607613206802e-22,1.0598607719763275e-22,1.0598607826350628e-22,1.0598607932967716e-22,1.0598608039616717e-22,1.059860814629651e-22,1.0598608253007084e-22,1.0598608359748394e-22,1.0598608466520431e-22,1.0598608573322087e-22,1.059860868015549e-22,1.0598608787018454e-22,1.059860889391202e-22,1.0598609000837317e-22,1.0598609107793208e-22,1.0598609214779668e-22,1.0598609321796664e-22,1.0598609428844176e-22,1.059860953592218e-22,1.059860964303066e-22,1.059860975016959e-22,1.059860985733894e-22,1.0598609964538696e-22,1.059861007176883e-22,1.0598610179029324e-22,1.059861028632015e-22,1.0598610393641283e-22,1.0598610500992715e-22,1.0598610608374408e-22,1.059861071577288e-22,1.0598610823215133e-22,1.059861093068749e-22,1.0598611038190022e-22,1.0598611145722708e-22,1.0598611253285521e-22,1.0598611360877424e-22,1.05986114685004e-22,1.059861157615347e-22,1.0598611683836583e-22,1.0598611791549712e-22,1.0598611899292837e-22,1.0598612007065932e-22,1.0598612114868984e-22,1.0598612222701961e-22,1.0598612330551748e-22,1.0598612438444608e-22,1.0598612546354237e-22,1.059861265430679e-22,1.059861276228907e-22,1.059861287030017e-22,1.0598612978341995e-22,1.0598613086400646e-22,1.0598613194501206e-22,1.0598613302632216e-22,1.0598613410792917e-22,1.059861351898328e-22,1.0598613627203282e-22,1.0598613735451933e-22,1.0598613843730115e-22,1.0598613952037884e-22,1.0598614060375397e-22,1.0598614168743248e-22,1.059861427714061e-22,1.0598614385566484e-22,1.0598614494022782e-22,1.0598614602508528e-22,1.0598614711017635e-22,1.0598614819561387e-22,1.05986149281353e-22,1.0598615036737843e-22,1.0598615145370439e-22,1.0598615254032351e-22,1.059861536272356e-22,1.0598615471443093e-22,1.0598615580192793e-22,1.0598615688971722e-22,1.0598615797779847e-22,1.0598615906617153e-22,1.0598616015471277e-22,1.0598616124366154e-22,1.059861623328989e-22,1.0598616342242706e-22,1.0598616451224593e-22,1.0598616560236476e-22,1.0598616669276484e-22,1.0598616778346394e-22,1.0598616887445292e-22,1.059861699657315e-22,1.0598617105729945e-22,1.0598617214915656e-22,1.0598617324130255e-22,1.0598617433373725e-22,1.0598617542646048e-22,1.05986176519472e-22,1.0598617761277157e-22,1.0598617870635898e-22,1.0598617980023403e-22,1.0598618089439651e-22,1.0598618198883745e-22,1.059861830835647e-22,1.0598618417858806e-22,1.0598618527389796e-22,1.059861863694856e-22,1.0598618746536797e-22,1.0598618856153636e-22,1.0598618965799045e-22,1.0598619075472125e-22,1.05986191851737e-22,1.0598619294904686e-22,1.0598619404663302e-22,1.059861951445123e-22,1.0598619624266928e-22,1.0598619734111011e-22,1.0598619843984203e-22,1.0598619953880208e-22,1.059862006380942e-22,1.0598620173762186e-22,1.0598620283743112e-22,1.0598620393758044e-22,1.0598620503801195e-22,1.0598620613871761e-22,1.0598620723971381e-22,1.059862083409922e-22,1.059862094425524e-22,1.0598621054439425e-22,1.0598621164650937e-22,1.059862127489053e-22,1.0598621385159085e-22,1.0598621495455736e-22,1.0598621605769764e-22,1.059862171611161e-22,1.059862182648848e-22,1.0598621936897227e-22,1.0598622047333964e-22,1.0598622157797853e-22,1.059862226829047e-22,1.0598622378811014e-22,1.0598622489359454e-22,1.0598622599935767e-22,1.059862271053993e-22,1.059862282116779e-22,1.0598622931827581e-22,1.0598623042511375e-22,1.0598623153226711e-22,1.0598623263969816e-22,1.0598623374740652e-22,1.0598623485528785e-22,1.0598623596354564e-22,1.0598623707202804e-22,1.05986238180808e-22,1.0598623928989934e-22,1.0598624039926687e-22,1.0598624150891024e-22,1.059862426187923e-22,1.0598624372898658e-22,1.059862448394484e-22,1.0598624595019287e-22,1.0598624706111031e-22,1.0598624817240504e-22,1.0598624928396571e-22,1.0598625039580006e-22,1.059862515079164e-22,1.059862526203066e-22,1.059862537329704e-22,1.0598625484589992e-22,1.059862559590699e-22,1.0598625707255294e-22,1.0598625818630127e-22,1.0598625930032964e-22,1.0598626041463045e-22,1.0598626152920335e-22,1.0598626264404071e-22,1.0598626375914936e-22,1.0598626487452954e-22,1.0598626599018102e-22,1.0598626710610362e-22,1.0598626822230496e-22,1.0598626933876953e-22,1.0598627045541995e-22,1.0598627157243358e-22,1.059862726897166e-22,1.0598627380726947e-22,1.0598627492509205e-22,1.059862760431841e-22,1.0598627716154545e-22,1.0598627828012615e-22,1.0598627939902595e-22,1.0598628051814439e-22,1.0598628163758134e-22,1.0598628275728607e-22,1.0598628387725167e-22,1.0598628499749226e-22,1.0598628611800063e-22,1.0598628723876154e-22,1.0598628835980488e-22,1.0598628948101417e-22,1.0598629060248788e-22,1.0598629172428553e-22,1.0598629284629338e-22,1.0598629396867065e-22,1.0598629509131324e-22,1.0598629621422162e-22,1.059862973373957e-22,1.0598629846083524e-22,1.059862995845401e-22,1.0598630070850998e-22,1.0598630183273777e-22,1.0598630295723673e-22,1.0598630408200053e-22,1.0598630520702189e-22,1.0598630633231412e-22,1.0598630745787013e-22,1.0598630858368966e-22,1.0598630970977289e-22,1.0598631083611944e-22,1.0598631196272247e-22,1.0598631308959515e-22,1.059863142167304e-22,1.0598631534412166e-22,1.0598631647177619e-22,1.059863175996985e-22,1.0598631872788263e-22,1.059863198563204e-22,1.0598632098502771e-22,1.0598632211399668e-22,1.0598632324322682e-22,1.0598632437262089e-22,1.0598632550237344e-22,1.0598632663238577e-22,1.0598632776265846e-22,1.059863288931913e-22,1.059863300239841e-22,1.0598633115503655e-22,1.0598633228634875e-22,1.0598633341792038e-22,1.0598633454975118e-22,1.0598633568184078e-22,1.0598633681418287e-22,1.0598633794678303e-22,1.0598633907964855e-22,1.0598634021277242e-22,1.059863413461157e-22,1.059863424797431e-22,1.0598634361364067e-22,1.0598634474779547e-22,1.059863458822076e-22,1.0598634701687652e-22,1.0598634815179615e-22,1.0598634928697875e-22,1.0598635042241794e-22,1.0598635155811344e-22,1.0598635269406487e-22,1.0598635383027239e-22,1.0598635496673558e-22,1.0598635610345413e-22,1.0598635724038728e-22,1.0598635837756748e-22,1.0598635951500635e-22,1.0598636065274573e-22,1.0598636179073924e-22,1.0598636292898716e-22,1.059863640674893e-22,1.0598636520624543e-22,1.0598636634521131e-22,1.0598636748447528e-22,1.059863686239483e-22,1.0598636976371898e-22,1.059863709037347e-22,1.059863720440108e-22,1.0598637318453045e-22,1.059863743252721e-22,1.0598637546630612e-22,1.0598637660755169e-22,1.0598637774905793e-22,1.0598637889084715e-22,1.0598638003279898e-22,1.0598638117507964e-22,1.0598638231753193e-22,1.0598638346032156e-22,1.0598638460336658e-22,1.0598638574666233e-22,1.059863868902084e-22,1.059863880340048e-22,1.059863891780512e-22,1.0598639032234741e-22,1.0598639146689333e-22,1.059863926116461e-22,1.059863937566475e-22,1.059863949019418e-22,1.0598639604748453e-22,1.0598639719327597e-22,1.0598639833927369e-22,1.0598639948555714e-22,1.0598640063209357e-22,1.0598640177887807e-22,1.0598640292591036e-22,1.0598640407318427e-22,1.0598640522071145e-22,1.0598640636848609e-22,1.0598640751650768e-22,1.059864086647762e-22,1.0598640981320467e-22,1.059864109619671e-22,1.059864121109751e-22,1.0598641326022929e-22,1.0598641440972941e-22,1.0598641555947527e-22,1.0598641670946104e-22,1.059864178596919e-22,1.0598641901017392e-22,1.0598642016090107e-22,1.0598642131187299e-22,1.0598642246308967e-22,1.059864236145507e-22,1.0598642476625615e-22,1.0598642591820568e-22,1.0598642707039915e-22,1.0598642822283065e-22,1.059864293755113e-22,1.0598643052843528e-22,1.0598643168160267e-22,1.0598643283501317e-22,1.0598643398866084e-22,1.0598643514255092e-22,1.0598643629668906e-22,1.059864374510643e-22,1.05986438605687e-22,1.0598643976055179e-22,1.0598644091565832e-22,1.0598644207100643e-22,1.0598644322659593e-22,1.059864443824266e-22,1.059864455384983e-22,1.059864466948052e-22,1.0598644785135837e-22,1.0598644900815211e-22,1.0598645016518615e-22,1.0598645132246034e-22,1.0598645247996906e-22,1.0598645363771728e-22,1.0598645479571047e-22,1.0598645595394327e-22,1.0598645711241536e-22,1.0598645827112643e-22,1.0598645943007652e-22,1.0598646058926528e-22,1.0598646174869248e-22,1.05986462908358e-22,1.0598646406825625e-22,1.0598646522839784e-22,1.05986466388773e-22,1.0598646754939e-22,1.0598646871024457e-22,1.0598646987133642e-22,1.0598647103266011e-22,1.0598647219422568e-22,1.0598647335602307e-22,1.0598647451806215e-22,1.059864756803375e-22,1.0598647684284408e-22,1.0598647800559177e-22,1.059864791685754e-22,1.0598648033179465e-22,1.0598648149524945e-22,1.0598648265893956e-22,1.059864838228597e-22,1.0598648498701444e-22,1.0598648615140937e-22,1.0598648731603898e-22,1.0598648848089803e-22,1.0598648964599102e-22,1.0598649081132326e-22,1.0598649197688955e-22,1.059864931426846e-22,1.059864943087129e-22,1.059864954749798e-22,1.0598649664147505e-22,1.0598649780820804e-22,1.0598649897517397e-22,1.0598650014237278e-22,1.0598650130980416e-22,1.0598650247746784e-22,1.059865036453637e-22,1.059865048134915e-22,1.0598650598185103e-22,1.0598650715044234e-22,1.0598650831926508e-22,1.0598650948831878e-22,1.059865106575991e-22,1.059865118271152e-22,1.0598651299686223e-22,1.0598651416683985e-22,1.0598651533704295e-22,1.0598651650748112e-22,1.059865176781494e-22,1.0598651884904295e-22,1.0598652002017092e-22,1.0598652119152852e-22,1.0598652236311553e-22,1.0598652353493178e-22,1.0598652470694074e-22,1.0598652587921534e-22,1.0598652705171355e-22,1.0598652822441203e-22,1.0598652939736678e-22,1.059865305705486e-22,1.0598653174396451e-22,1.059865329176085e-22,1.0598653409148012e-22,1.0598653526557925e-22,1.0598653643990573e-22,1.0598653761442056e-22,1.0598653878920165e-22,1.059865399641735e-22,1.0598654113940808e-22,1.0598654231486877e-22,1.0598654349054866e-22,1.0598654466646174e-22,1.059865458425656e-22,1.0598654701893093e-22,1.059865481955214e-22,1.059865493723375e-22,1.0598655054937897e-22,1.059865517266456e-22,1.059865529041372e-22,1.0598655408178064e-22,1.0598655525972228e-22,1.059865564378878e-22,1.0598655761627765e-22,1.0598655879489157e-22,1.0598655997372595e-22,1.0598656115278762e-22,1.0598656233207294e-22,1.059865635115568e-22,1.0598656469128876e-22,1.0598656587124397e-22,1.059865670514222e-22,1.0598656823182318e-22,1.059865694124466e-22,1.0598657059329276e-22,1.0598657177436114e-22,1.0598657295564712e-22,1.0598657413715495e-22,1.0598657531888457e-22,1.0598657650083998e-22,1.05986577683013e-22,1.059865788654116e-22,1.0598658004803127e-22,1.0598658123087208e-22,1.0598658241392917e-22,1.0598658359721117e-22,1.0598658478071371e-22,1.0598658596443246e-22,1.0598658714837563e-22,1.0598658833253473e-22,1.0598658951684797e-22,1.0598659070144756e-22,1.059865918862697e-22,1.0598659307131106e-22,1.0598659425656737e-22,1.0598659544204245e-22,1.0598659662774075e-22,1.0598659781365785e-22,1.0598659899979337e-22,1.059866001861473e-22,1.0598660137271936e-22,1.0598660255950953e-22,1.0598660374651751e-22,1.0598660493374318e-22,1.0598660612118634e-22,1.0598660730884684e-22,1.0598660849669414e-22,1.0598660968475798e-22,1.0598661087303872e-22,1.0598661206156742e-22,1.059866132502794e-22,1.0598661443924112e-22,1.059866156284186e-22,1.059866168178122e-22,1.0598661800741757e-22,1.0598661919724274e-22,1.059866203872835e-22,1.0598662157753565e-22,1.0598662276800702e-22,1.0598662395869334e-22,1.0598662514952761e-22,1.0598662634064443e-22,1.0598662753197525e-22,1.059866287235204e-22,1.0598662991528005e-22,1.0598663110725382e-22,1.059866322994375e-22,1.0598663349183895e-22,1.0598663468438745e-22,1.0598663587721667e-22,1.0598663707025866e-22,1.059866382635138e-22,1.0598663945698194e-22,1.0598664065066293e-22,1.0598664184455664e-22,1.0598664303866285e-22,1.059866442329814e-22,1.0598664542751218e-22,1.0598664662218912e-22,1.0598664781714425e-22,1.059866490123107e-22,1.0598665020768861e-22,1.0598665140327806e-22,1.0598665259907866e-22,1.0598665379509046e-22,1.059866549913132e-22,1.0598665618774675e-22,1.0598665738439092e-22,1.059866585812455e-22,1.0598665977830644e-22,1.0598666097558153e-22,1.059866621730667e-22,1.0598666337075782e-22,1.0598666456866243e-22,1.059866657667766e-22,1.0598666696509692e-22,1.0598666816360742e-22,1.059866693623491e-22,1.059866705612998e-22,1.0598667176045933e-22,1.0598667295982745e-22,1.0598667415940394e-22,1.0598667535918876e-22,1.0598667655918166e-22,1.0598667775938236e-22,1.0598667895979087e-22,1.059866801604072e-22,1.0598668136122718e-22,1.0598668256225825e-22,1.0598668376349663e-22,1.0598668496494202e-22,1.0598668616653117e-22,1.0598668736838756e-22,1.0598668857039718e-22,1.0598668977266645e-22,1.0598669097514453e-22,1.059866921778288e-22,1.0598669338071907e-22,1.059866945838152e-22,1.0598669578709133e-22,1.0598669699059887e-22,1.0598669819428355e-22,1.0598669939820147e-22,1.059867006023242e-22,1.0598670180665177e-22,1.059867030111813e-22,1.0598670421590897e-22,1.0598670542085047e-22,1.059867066259924e-22,1.0598670783133804e-22,1.0598670903689138e-22,1.0598671024264516e-22,1.0598671144860598e-22,1.059867126547706e-22,1.059867138611385e-22,1.05986715067706e-22,1.059867162744801e-22,1.0598671748145716e-22,1.0598671868863698e-22,1.0598671989601935e-22,1.0598672110360418e-22,1.0598672231139124e-22,1.0598672351935338e-22,1.0598672472754485e-22,1.0598672593593433e-22,1.0598672714450232e-22,1.059867283532956e-22,1.0598672956229296e-22,1.0598673077143144e-22,1.0598673198077e-22,1.0598673319037135e-22,1.05986734400173e-22,1.0598673561017519e-22,1.059867368203778e-22,1.059867380307207e-22,1.0598673924132426e-22,1.0598674045212721e-22,1.059867416631302e-22,1.0598674287432527e-22,1.059867440857277e-22,1.0598674529732948e-22,1.0598674650913013e-22,1.0598674772113023e-22,1.0598674893332932e-22,1.0598675014572733e-22,1.0598675135832365e-22,1.0598675257111878e-22,1.0598675378410896e-22,1.0598675499729314e-22,1.0598675621062383e-22,1.0598675742418269e-22,1.0598675863793686e-22,1.059867598519204e-22,1.0598676106609773e-22,1.059867622804757e-22,1.059867634950474e-22,1.0598676470981958e-22,1.0598676592478873e-22,1.0598676713995472e-22,1.0598676835531723e-22,1.0598676957087622e-22,1.059867707866314e-22,1.0598677200258278e-22,1.0598677321873035e-22,1.0598677443507116e-22,1.0598677565161017e-22,1.059867768683414e-22,1.0598677808527142e-22,1.059867793023935e-22,1.0598678051971392e-22,1.0598678173722937e-22,1.0598678295493645e-22,1.0598678417283798e-22,1.0598678539093387e-22,1.059867866092244e-22,1.059867878277126e-22,1.0598678904639482e-22,1.0598679026527121e-22,1.059867914843414e-22,1.059867927036028e-22,1.0598679392305677e-22,1.0598679514270744e-22,1.0598679636254833e-22,1.0598679758258204e-22,1.0598679880280875e-22,1.0598680002322897e-22,1.0598680124384119e-22,1.0598680246464918e-22,1.0598680368564973e-22,1.0598680490684246e-22,1.0598680612822731e-22,1.059868073497872e-22,1.0598680857155563e-22,1.0598680979351587e-22,1.059868110156645e-22,1.0598681223800757e-22,1.0598681346053862e-22,1.0598681468326072e-22,1.0598681590617707e-22,1.0598681712928113e-22,1.0598681835257882e-22,1.0598681957606707e-22,1.059868207997276e-22,1.0598682202359652e-22,1.0598682324765567e-22,1.059868244719048e-22,1.059868256963437e-22,1.0598682692096838e-22,1.0598682814578309e-22,1.059868293707872e-22,1.0598683059598382e-22,1.0598683182136648e-22,1.0598683304694102e-22,1.0598683427270146e-22,1.0598683549865358e-22,1.0598683672479437e-22,1.0598683795106932e-22,1.0598683917758443e-22,1.059868404042897e-22,1.0598684163118302e-22,1.0598684285826394e-22,1.0598684408547903e-22,1.0598684531293345e-22,1.0598684654057734e-22,1.0598684776840543e-22,1.0598684899642044e-22,1.0598685022462568e-22,1.0598685145301781e-22,1.0598685268158343e-22,1.0598685391034872e-22,1.059868551393005e-22,1.0598685636837946e-22,1.0598685759770238e-22,1.0598685882721262e-22,1.0598686005690878e-22,1.0598686128679067e-22,1.0598686251685815e-22,1.0598686374711107e-22,1.059868649775493e-22,1.0598686620817273e-22,1.059868674389812e-22,1.0598686866997454e-22,1.059868699011027e-22,1.059868711324658e-22,1.0598687236401302e-22,1.0598687359574457e-22,1.0598687482765734e-22,1.059868760597571e-22,1.0598687729198556e-22,1.0598687852445359e-22,1.059868797571048e-22,1.0598688098993661e-22,1.059868822229515e-22,1.0598688345615272e-22,1.0598688468953714e-22,1.0598688592310437e-22,1.059868871568546e-22,1.0598688839078752e-22,1.0598688962490008e-22,1.0598689085919494e-22,1.0598689209365044e-22,1.0598689332831304e-22,1.0598689456315735e-22,1.0598689579818356e-22,1.059868970333915e-22,1.059868982687781e-22,1.0598689950434586e-22,1.05986900740095e-22,1.0598690197602553e-22,1.0598690321211544e-22,1.059869044484112e-22,1.0598690568486462e-22,1.0598690692152177e-22,1.0598690815835918e-22,1.0598690939537413e-22,1.0598691063254777e-22,1.0598691186990103e-22,1.0598691310745947e-22,1.0598691434519471e-22,1.0598691558311226e-22,1.0598691682120954e-22,1.0598691805948624e-22,1.0598691929794216e-22,1.059869205365774e-22,1.0598692177539167e-22,1.0598692301438487e-22,1.059869242535324e-22,1.059869254928583e-22,1.059869267323626e-22,1.059869279720703e-22,1.05986929211956e-22,1.0598693045201977e-22,1.0598693169226136e-22,1.0598693293267824e-22,1.0598693417327264e-22,1.0598693541404497e-22,1.059869366549733e-22,1.0598693789610068e-22,1.0598693913740736e-22,1.0598694037889119e-22,1.0598694162054918e-22,1.0598694286238655e-22,1.0598694410440062e-22,1.0598694534659123e-22,1.0598694658895825e-22,1.0598694783150146e-22,1.0598694907422078e-22,1.059869503171161e-22,1.0598695156018722e-22,1.059869528034341e-22,1.0598695404685658e-22,1.059869552904519e-22,1.0598695653422508e-22,1.0598695777817343e-22,1.059869590222937e-22,1.0598696026658925e-22,1.059869615110624e-22,1.0598696275570775e-22,1.059869640005301e-22,1.0598696524552697e-22,1.0598696649069802e-22,1.059869677360407e-22,1.0598696898155714e-22,1.0598697022725023e-22,1.0598697147311384e-22,1.0598697271915426e-22,1.0598697396536828e-22,1.059869752117557e-22,1.0598697645831294e-22,1.0598697770504392e-22,1.0598697895195054e-22,1.0598698019902754e-22,1.0598698144627966e-22,1.0598698269370448e-22,1.0598698394129837e-22,1.059869851890679e-22,1.0598698643700973e-22,1.0598698768512358e-22,1.0598698893340938e-22,1.0598699018186695e-22,1.0598699143049623e-22,1.059869926792971e-22,1.0598699392826748e-22,1.0598699517741104e-22,1.0598699642672272e-22,1.059869976762085e-22,1.0598699892586526e-22,1.059870001756903e-22,1.0598700142568842e-22,1.0598700267585713e-22,1.0598700392619627e-22,1.059870051767057e-22,1.059870064273853e-22,1.059870076782349e-22,1.0598700892925433e-22,1.0598701018044358e-22,1.0598701143180244e-22,1.0598701268333084e-22,1.0598701393502614e-22,1.0598701518689311e-22,1.0598701643892677e-22,1.0598701769112862e-22,1.0598701894350258e-22,1.0598702019604233e-22,1.0598702144875093e-22,1.059870227016248e-22,1.0598702395467322e-22,1.0598702520788595e-22,1.0598702646126735e-22,1.0598702771481676e-22,1.0598702896853464e-22,1.0598703022242022e-22,1.0598703147647013e-22,1.059870327306936e-22,1.05987033985082e-22,1.0598703523963679e-22,1.0598703649435927e-22,1.0598703774925133e-22,1.0598703900431033e-22,1.0598704025953606e-22,1.059870415149284e-22,1.0598704277048543e-22,1.0598704402620811e-22,1.0598704528209694e-22,1.0598704653815443e-22,1.0598704779437494e-22,1.059870490507618e-22,1.0598705030731442e-22,1.0598705156403514e-22,1.0598705282092145e-22,1.059870540779708e-22,1.0598705533518764e-22,1.0598705659256728e-22,1.0598705785011424e-22,1.0598705910782617e-22,1.0598706036570283e-22,1.0598706162374418e-22,1.0598706288195e-22,1.059870641403179e-22,1.0598706539885214e-22,1.0598706665754828e-22,1.0598706791640846e-22,1.0598706917543494e-22,1.059870704346229e-22,1.0598707169397438e-22,1.0598707295348935e-22,1.0598707421316776e-22,1.059870754730095e-22,1.0598707673301437e-22,1.0598707799318468e-22,1.0598707925351796e-22,1.0598708051401403e-22,1.0598708177467275e-22,1.0598708303549398e-22,1.0598708429647764e-22,1.0598708555762368e-22,1.0598708681893187e-22,1.0598708808039925e-22,1.0598708934203136e-22,1.059870906038077e-22,1.059870918657636e-22,1.0598709312788084e-22,1.0598709439015736e-22,1.0598709565259738e-22,1.0598709691519647e-22,1.0598709817795887e-22,1.0598709944088228e-22,1.0598710070396434e-22,1.0598710196720692e-22,1.0598710323061247e-22,1.0598710449417853e-22,1.05987105757905e-22,1.0598710702179172e-22,1.0598710828583858e-22,1.0598710955004546e-22,1.059871108144122e-22,1.0598711207893877e-22,1.0598711334362488e-22,1.059871146084706e-22,1.059871158734758e-22,1.0598711713864024e-22,1.0598711840396387e-22,1.0598711966944662e-22,1.0598712093508824e-22,1.0598712220088865e-22,1.0598712346684783e-22,1.0598712473296555e-22,1.0598712599920181e-22,1.059871272656367e-22,1.059871285322295e-22,1.0598712979898037e-22,1.0598713106588925e-22,1.0598713233295597e-22,1.0598713360018045e-22,1.059871348675626e-22,1.059871361351022e-22,1.059871374027992e-22,1.059871386706536e-22,1.0598713993866505e-22,1.0598714120683364e-22,1.0598714247515906e-22,1.0598714374364129e-22,1.059871450122803e-22,1.0598714628107588e-22,1.0598714755002784e-22,1.059871488191362e-22,1.0598715008840073e-22,1.0598715135781943e-22,1.0598715262739602e-22,1.0598715389712853e-22,1.0598715516701684e-22,1.0598715643706079e-22,1.0598715770726023e-22,1.0598715897757872e-22,1.0598716024804954e-22,1.0598716151871527e-22,1.0598716278953566e-22,1.0598716406051102e-22,1.0598716533164117e-22,1.05987166602926e-22,1.059871678743655e-22,1.059871691459594e-22,1.0598717041770773e-22,1.0598717168961032e-22,1.0598717296166702e-22,1.059871742338777e-22,1.0598717550624236e-22,1.0598717677876074e-22,1.059871780514328e-22,1.0598717932425845e-22,1.059871805972375e-22,1.0598718187036988e-22,1.0598718314365546e-22,1.059871844170942e-22,1.0598718569068587e-22,1.0598718696443044e-22,1.059871882383277e-22,1.0598718951237764e-22,1.059871907865801e-22,1.05987192060935e-22,1.0598719333544215e-22,1.059871946101015e-22,1.0598719588491293e-22,1.0598719715987634e-22,1.0598719843498956e-22,1.0598719971025644e-22,1.0598720098567503e-22,1.0598720226124511e-22,1.0598720353696655e-22,1.0598720481283726e-22,1.059872060888611e-22,1.0598720736503606e-22,1.0598720864135987e-22,1.0598720991783655e-22,1.0598721119446394e-22,1.0598721247124192e-22,1.0598721374817043e-22,1.0598721502524929e-22,1.0598721630247842e-22,1.0598721757985768e-22,1.0598721885738697e-22,1.0598722013506617e-22,1.0598722141289518e-22,1.0598722269087386e-22,1.0598722396900217e-22,1.0598722524727996e-22,1.0598722652570704e-22,1.059872278042834e-22,1.0598722908300894e-22,1.0598723036188346e-22,1.0598723164087014e-22,1.0598723292000538e-22,1.0598723419932666e-22,1.0598723547879621e-22,1.0598723675841414e-22,1.0598723803818048e-22,1.0598723931809505e-22,1.0598724059815778e-22,1.059872418783685e-22,1.0598724315872718e-22,1.0598724443923362e-22,1.0598724571988776e-22,1.059872470006894e-22,1.0598724828163865e-22,1.0598724956269938e-22,1.059872508439435e-22,1.0598725212533443e-22,1.0598725340687243e-22,1.0598725468855732e-22,1.0598725597035308e-22,1.0598725725233172e-22,1.0598725853445672e-22,1.0598725981672818e-22,1.05987261099146e-22,1.0598726238171006e-22,1.059872636644203e-22,1.059872649472766e-22,1.0598726623024332e-22,1.0598726751339168e-22,1.0598726879668544e-22,1.059872700801223e-22,1.0598727136370704e-22,1.0598727264743717e-22,1.0598727393131264e-22,1.059872752153333e-22,1.0598727649949906e-22,1.0598727778380974e-22,1.0598727906826527e-22,1.0598728035286548e-22,1.0598728163761037e-22,1.0598728292249978e-22,1.059872842075336e-22,1.059872854927117e-22,1.05987286778034e-22,1.059872880635004e-22,1.0598728934911077e-22,1.0598729063486499e-22,1.05987291920763e-22,1.0598729320680464e-22,1.0598729449298984e-22,1.0598729577931842e-22,1.0598729706579042e-22,1.0598729835240561e-22,1.0598729963916391e-22,1.0598730092603078e-22,1.0598730221307527e-22,1.0598730350026237e-22,1.0598730478759207e-22,1.0598730607506435e-22,1.0598730736267913e-22,1.0598730865043628e-22,1.0598730993833565e-22,1.0598731122637722e-22,1.0598731251456083e-22,1.0598731380288637e-22,1.0598731509135372e-22,1.0598731637996283e-22,1.0598731766871355e-22,1.059873189576058e-22,1.059873202466395e-22,1.0598732153581447e-22,1.059873228251289e-22,1.0598732411456898e-22,1.0598732540415665e-22,1.0598732669389568e-22,1.0598732798377555e-22,1.0598732927379436e-22,1.0598733056395544e-22,1.0598733185425703e-22,1.0598733314469898e-22,1.059873344352812e-22,1.0598733572600353e-22,1.0598733701686595e-22,1.059873383078683e-22,1.0598733959901045e-22,1.0598734089029233e-22,1.0598734218171384e-22,1.059873434732736e-22,1.05987344764974e-22,1.0598734605681205e-22,1.0598734734879098e-22,1.0598734864090904e-22,1.059873499331661e-22,1.0598735122556202e-22,1.0598735251808222e-22,1.0598735381075582e-22,1.0598735510355322e-22,1.0598735639650383e-22,1.059873576895906e-22,1.05987358982816e-22,1.05987360276179e-22,1.0598736156968226e-22,1.059873628633236e-22,1.059873641571027e-22,1.0598736545101965e-22,1.0598736674507417e-22,1.0598736803926632e-22,1.0598736933359584e-22,1.0598737062806272e-22,1.0598737192266686e-22,1.059873732174081e-22,1.0598737451228482e-22,1.0598737580729993e-22,1.05987377102452e-22,1.0598737839774076e-22,1.059873796931646e-22,1.0598738098872645e-22,1.0598738228442476e-22,1.0598738358025938e-22,1.059873848762303e-22,1.0598738617233723e-22,1.0598738746858014e-22,1.0598738876495907e-22,1.0598739006147214e-22,1.059873913581208e-22,1.059873926549067e-22,1.0598739395182815e-22,1.0598739524888505e-22,1.059873965460752e-22,1.0598739784340256e-22,1.0598739914086505e-22,1.0598740043846252e-22,1.0598740173619488e-22,1.0598740303406198e-22,1.059874043320638e-22,1.0598740563019866e-22,1.0598740692846956e-22,1.0598740822687487e-22,1.059874095254145e-22,1.0598741082408671e-22,1.059874121228945e-22,1.059874134218364e-22,1.0598741472091058e-22,1.0598741602012004e-22,1.0598741731946326e-22,1.0598741861894005e-22,1.0598741991855034e-22,1.0598742121829402e-22,1.0598742251816947e-22,1.0598742381817954e-22,1.059874251183228e-22,1.0598742641859898e-22,1.059874277190081e-22,1.0598742901955e-22,1.059874303202225e-22,1.059874316210296e-22,1.0598743292193844e-22,1.0598743422301075e-22,1.0598743552419905e-22,1.059874368255357e-22,1.0598743812700426e-22,1.0598743942860487e-22,1.0598744073033737e-22,1.0598744203220174e-22,1.059874433341977e-22,1.059874446363238e-22,1.0598744593858124e-22,1.059874472409717e-22,1.059874485434935e-22,1.059874498461465e-22,1.0598745114892913e-22,1.0598745245184416e-22,1.05987453754889e-22,1.0598745505806411e-22,1.0598745636137034e-22,1.0598745766480848e-22,1.0598745896837713e-22,1.0598746027207623e-22,1.0598746157590407e-22,1.0598746287986364e-22,1.059874641839534e-22,1.0598746548817316e-22,1.059874667925229e-22,1.0598746809700245e-22,1.0598746940161028e-22,1.0598747070634777e-22,1.0598747201121623e-22,1.0598747331621392e-22,1.0598747462133981e-22,1.059874759265963e-22,1.0598747723198203e-22,1.0598747853749678e-22,1.0598747984314045e-22,1.0598748114891305e-22,1.0598748245481442e-22,1.0598748376084443e-22,1.0598748506700095e-22,1.0598748637328797e-22,1.0598748767970343e-22,1.0598748898624718e-22,1.0598749029291909e-22,1.0598749159971912e-22,1.0598749290664716e-22,1.059874942137031e-22,1.0598749552088684e-22,1.059874968281983e-22,1.0598749813563736e-22,1.059874994432024e-22,1.0598750075089642e-22,1.059875020587178e-22,1.0598750336666637e-22,1.0598750467474212e-22,1.059875059829449e-22,1.0598750729127458e-22,1.0598750859973116e-22,1.059875099083131e-22,1.0598751121702148e-22,1.0598751252585796e-22,1.0598751383481959e-22,1.0598751514390894e-22,1.0598751645312464e-22,1.0598751776246653e-22,1.0598751907193452e-22,1.059875203815285e-22,1.0598752169124838e-22,1.059875230010941e-22,1.059875243110655e-22,1.0598752562116255e-22,1.059875269313851e-22,1.0598752824173315e-22,1.0598752955220653e-22,1.0598753086280374e-22,1.0598753217352746e-22,1.0598753348437624e-22,1.0598753479535006e-22,1.0598753610644866e-22,1.0598753741767215e-22,1.0598753872901887e-22,1.0598754004049157e-22,1.0598754135208874e-22,1.0598754266379548e-22,1.0598754397564153e-22,1.059875452876099e-22,1.0598754659970408e-22,1.059875479119224e-22,1.0598754922426464e-22,1.0598755053673075e-22,1.0598755184932056e-22,1.0598755316203413e-22,1.059875544748567e-22,1.0598755578780248e-22,1.0598755710088664e-22,1.0598755841409384e-22,1.059875597274243e-22,1.0598756104087785e-22,1.0598756235445437e-22,1.0598756366815385e-22,1.0598756498197615e-22,1.0598756629592119e-22,1.0598756760998885e-22,1.0598756892417912e-22,1.0598757023849184e-22,1.0598757155292696e-22,1.0598757286748434e-22,1.059875741821639e-22,1.0598757549696552e-22,1.0598757681188138e-22,1.0598757812692677e-22,1.059875794420929e-22,1.0598758075314337e-22,1.0598758206431502e-22,1.0598758337560553e-22,1.0598758468701694e-22,1.0598758599854807e-22,1.0598758731019885e-22,1.0598758862196359e-22,1.0598758993385353e-22,1.0598759124586277e-22,1.0598759255799134e-22,1.0598759387022991e-22,1.0598759518259572e-22,1.0598759649508056e-22,1.0598759780768436e-22,1.0598759912040705e-22,1.0598760043324398e-22,1.0598760174620417e-22,1.059876030592839e-22,1.0598760437248215e-22,1.059876056857988e-22,1.0598760699923374e-22,1.0598760831278275e-22,1.0598760962645407e-22,1.0598761094024246e-22,1.0598761225414563e-22,1.0598761356817086e-22,1.0598761488230069e-22,1.0598761619656132e-22,1.0598761751092272e-22,1.0598761882541843e-22,1.0598762014003024e-22,1.0598762145474407e-22,1.059876227695918e-22,1.0598762408455684e-22,1.0598762539963893e-22,1.0598762671483804e-22,1.059876280301499e-22,1.0598762934983713e-22,1.0598763066538728e-22,1.0598763198103787e-22,1.059876332968168e-22,1.059876346127139e-22,1.059876359287299e-22,1.0598763724486212e-22,1.0598763856111057e-22,1.0598763987747371e-22,1.059876411939544e-22,1.0598764251053282e-22,1.0598764382721354e-22,1.059876451440257e-22,1.0598764646096837e-22,1.0598764777802774e-22,1.0598764909520017e-22,1.059876504124882e-22,1.0598765172989192e-22,1.0598765304741187e-22,1.059876543650469e-22,1.0598765568279664e-22,1.059876570006611e-22,1.0598765831863805e-22,1.0598765963673103e-22,1.0598766095494039e-22,1.0598766227326452e-22,1.0598766359170326e-22,1.0598766491024839e-22,1.0598766622891304e-22,1.0598766754769582e-22,1.0598766886659287e-22,1.059876701856041e-22,1.0598767150472014e-22,1.059876728239569e-22,1.05987674143309e-22,1.0598767546274266e-22,1.0598767678660403e-22,1.0598767810626484e-22,1.0598767942607273e-22,1.0598768075027804e-22,1.0598768207027965e-22,1.0598768339042536e-22,1.0598768471066794e-22,1.0598768603104256e-22,1.0598768735152784e-22,1.059876886721111e-22,1.0598768999282027e-22,1.059876913136465e-22,1.0598769263458301e-22,1.0598769395561828e-22,1.059876952767822e-22,1.0598769659805445e-22,1.0598769791943907e-22,1.0598769924090744e-22,1.0598770056250488e-22,1.0598770188419802e-22,1.0598770320600329e-22,1.059877045279513e-22,1.059877058500099e-22,1.0598770717217353e-22,1.059877084944579e-22,1.0598770981684977e-22,1.0598771113935304e-22,1.0598771246196603e-22,1.0598771378469526e-22,1.059877151075339e-22,1.0598771643048546e-22,1.0598771775354803e-22,1.0598771907668965e-22,1.0598772039994267e-22,1.0598772172330646e-22,1.0598772304678083e-22,1.059877243703893e-22,1.059877256941135e-22,1.059877270179191e-22,1.0598772834186573e-22,1.0598772966592299e-22,1.0598773099008773e-22,1.0598773231436362e-22,1.0598773363874453e-22,1.059877349632341e-22,1.0598773628781049e-22,1.0598773761252496e-22,1.0598773893735338e-22,1.059877402622599e-22,1.0598774158730747e-22,1.0598774291246463e-22,1.0598774423773125e-22,1.0598774556310694e-22,1.0598774688859219e-22,1.0598774821418757e-22,1.0598774953988617e-22,1.0598775086569564e-22,1.0598775219158558e-22,1.059877535176167e-22,1.0598775484375672e-22,1.059877561700027e-22,1.059877574963589e-22,1.059877588228236e-22,1.0598776014936505e-22,1.0598776147604748e-22,1.0598776280283828e-22,1.0598776412973729e-22,1.0598776545674442e-22,1.0598776678385958e-22,1.0598776811108265e-22,1.0598776943840818e-22,1.0598777076584477e-22,1.0598777209339028e-22,1.0598777342104308e-22,1.0598777474879562e-22,1.0598777607666345e-22,1.059877774046389e-22,1.0598777873272033e-22,1.0598778006090918e-22,1.0598778138920637e-22,1.0598778271758037e-22,1.0598778404606526e-22,1.0598778537465576e-22,1.0598778670338043e-22,1.0598778803221189e-22,1.0598778936115005e-22,1.0598779069019476e-22,1.059877920193447e-22,1.059877933486024e-22,1.0598779467796634e-22,1.059877960074376e-22,1.0598779733701342e-22,1.0598779866669445e-22,1.0598779999648118e-22,1.059878013263747e-22,1.059878026563739e-22,1.0598780398648001e-22,1.0598780531668874e-22,1.059878066469725e-22,1.0598780797739402e-22,1.0598780930792136e-22,1.059878106385562e-22,1.0598781196929626e-22,1.0598781330014054e-22,1.0598781463108685e-22,1.0598781596214135e-22,1.0598781729330178e-22,1.0598781862456601e-22,1.0598781995593632e-22,1.0598782128741128e-22,1.0598782261899087e-22,1.0598782395065914e-22,1.0598782528244776e-22,1.0598782661433987e-22,1.0598782794633324e-22,1.0598782927843396e-22,1.0598783061063891e-22,1.0598783194294339e-22,1.059878332753576e-22,1.059878346078746e-22,1.0598783594049555e-22,1.0598783727320653e-22,1.0598783860603591e-22,1.0598783993896904e-22,1.0598784127200475e-22,1.0598784260514391e-22,1.0598784393838655e-22,1.0598784527173242e-22,1.059878466051515e-22,1.059878479386766e-22,1.0598784927233302e-22,1.0598785060609254e-22,1.0598785193995393e-22,1.059878532739186e-22,1.0598785460798475e-22,1.0598785594215466e-22,1.0598785727642816e-22,1.0598785861080425e-22,1.0598785994528172e-22,1.0598786127986165e-22,1.0598786261454394e-22,1.0598786394932847e-22,1.059878652842162e-22,1.05987866619205e-22,1.0598786795429685e-22,1.0598786928949064e-22,1.0598787062478536e-22,1.0598787196018282e-22,1.0598787329568198e-22,1.0598787463128283e-22,1.0598787596698523e-22,1.0598787730277368e-22,1.0598787863867895e-22,1.059878799746841e-22,1.0598788131079104e-22,1.0598788264699912e-22,1.0598788398330822e-22,1.0598788531969206e-22,1.0598788665620144e-22,1.059878879928121e-22,1.0598788932952198e-22,1.059878906663355e-22,1.0598789200325076e-22,1.0598789334026554e-22,1.0598789467735047e-22,1.0598789601456583e-22,1.059878973518821e-22,1.0598789868929853e-22,1.059879000268155e-22,1.0598790136443124e-22,1.0598790270214703e-22,1.0598790403996076e-22,1.0598790537787733e-22,1.0598790671589376e-22,1.0598790805401099e-22,1.059879093922279e-22,1.0598791073054333e-22,1.059879120689586e-22,1.059879134074731e-22,1.0598791474608794e-22,1.0598791608480114e-22,1.059879174236134e-22,1.0598791876252378e-22,1.0598792010153443e-22,1.0598792144064396e-22,1.0598792277985354e-22,1.0598792411916105e-22,1.0598792545856426e-22,1.059879267980701e-22,1.0598792813767044e-22,1.0598792947737207e-22,1.0598793081717197e-22,1.0598793215706995e-22,1.0598793349705926e-22,1.0598793483715374e-22,1.059879361773475e-22,1.0598793751763924e-22,1.0598793885802797e-22,1.0598794019851482e-22,1.0598794153906948e-22,1.0598794287975391e-22,1.059879442205362e-22,1.0598794556141204e-22,1.0598794690238863e-22,1.0598794824345964e-22,1.0598794958463223e-22,1.059879509259011e-22,1.059879522672683e-22,1.059879536087318e-22,1.0598795495028432e-22,1.059879562919406e-22,1.0598795763369407e-22,1.0598795897554678e-22,1.0598796031748248e-22,1.0598796165951533e-22,1.0598796300165829e-22,1.0598796434389691e-22,1.0598796568623216e-22,1.0598796702865228e-22,1.059879683711691e-22,1.0598796971379456e-22,1.0598797105651638e-22,1.0598797239933445e-22,1.059879737422486e-22,1.0598797508525774e-22,1.0598797642836198e-22,1.0598797777156329e-22,1.0598797911485224e-22,1.0598798045824508e-22,1.059879818017336e-22,1.0598798314531876e-22,1.0598798448899847e-22,1.059879858327726e-22,1.0598798717664231e-22,1.0598798852060934e-22,1.0598798986465747e-22,1.0598799120881243e-22,1.0598799255306404e-22,1.0598799389741172e-22,1.0598799524185444e-22,1.0598799658638796e-22,1.0598799793099617e-22,1.0598799927572326e-22,1.0598800062054417e-22,1.059880019654597e-22,1.0598800331042693e-22,1.0598800465553136e-22,1.0598800600072943e-22,1.059880073460093e-22,1.0598800869139237e-22,1.059880100368743e-22,1.059880113824497e-22,1.0598801272811687e-22,1.0598801407388099e-22,1.05988015419739e-22,1.0598801676566318e-22,1.0598801811168252e-22,1.059880194578206e-22,1.059880208040506e-22,1.059880221503782e-22,1.0598802349679743e-22,1.0598802484330978e-22,1.0598802618991673e-22,1.0598802753661692e-22,1.0598802888341037e-22,1.0598803023029702e-22,1.0598803157727667e-22,1.0598803292435034e-22,1.0598803427151696e-22,1.059880356187744e-22,1.0598803696612575e-22,1.0598803831356878e-22,1.059880396611065e-22,1.0598804100872695e-22,1.0598804235644765e-22,1.059880437042607e-22,1.0598804505216747e-22,1.0598804640016743e-22,1.0598804774825969e-22,1.0598804909644307e-22,1.0598805044471856e-22,1.0598805179306066e-22,1.0598805314152007e-22,1.0598805449007253e-22,1.0598805583871579e-22,1.0598805718743884e-22,1.0598805853626545e-22,1.0598805988518476e-22,1.059880612341916e-22,1.0598806258328994e-22,1.059880639324785e-22,1.059880652817507e-22,1.0598806663111456e-22,1.0598806798058212e-22,1.059880693301368e-22,1.0598807067978437e-22,1.0598807202952432e-22,1.059880733793542e-22,1.0598807472926303e-22,1.0598807607927543e-22,1.0598807742937774e-22,1.059880787795708e-22,1.059880801298554e-22,1.0598808148023037e-22,1.059880828306959e-22,1.0598808418125176e-22,1.0598808553189796e-22,1.0598808688262288e-22,1.0598808823343784e-22,1.059880895843545e-22,1.0598809093536041e-22,1.0598809228645726e-22,1.0598809363764398e-22,1.059880949889206e-22,1.0598809634028706e-22,1.0598809769174212e-22,1.0598809904328796e-22,1.0598810039492438e-22,1.059881017466502e-22,1.0598810309846546e-22,1.059881044503691e-22,1.0598810580235824e-22,1.0598810715443746e-22,1.0598810850658348e-22,1.059881098588449e-22,1.059881112111944e-22,1.0598811256363294e-22,1.059881139161579e-22,1.0598811526877402e-22,1.0598811662148013e-22,1.05988117974274e-22,1.0598811932715747e-22,1.0598812068012843e-22,1.0598812203318496e-22,1.0598812338633394e-22,1.059881247395702e-22,1.0598812609289494e-22,1.0598812744630793e-22,1.059881287998079e-22,1.0598813015339725e-22,1.059881315070735e-22,1.0598813286083877e-22,1.0598813421469184e-22,1.059881355686339e-22,1.059881369226627e-22,1.0598813827677615e-22,1.0598813963097703e-22,1.059881409852687e-22,1.059881423396479e-22,1.0598814369411357e-22,1.0598814504866766e-22,1.0598814640330902e-22,1.0598814775803767e-22,1.0598814911285352e-22,1.0598815046775408e-22,1.0598815182274503e-22,1.059881531778212e-22,1.05988154532985e-22,1.0598815588823573e-22,1.059881572435733e-22,1.059881585989987e-22,1.0598815995451075e-22,1.0598816131010835e-22,1.059881626657925e-22,1.0598816402156418e-22,1.0598816537741806e-22,1.0598816673336041e-22,1.059881680893871e-22,1.0598816944550217e-22,1.0598817080170303e-22,1.0598817215799206e-22,1.0598817351436614e-22,1.0598817487082616e-22,1.0598817622736625e-22,1.0598817758399816e-22,1.0598817894071286e-22,1.0598818029751315e-22,1.0598818165440008e-22,1.059881830113747e-22,1.0598818436843575e-22,1.0598818572558018e-22,1.0598818708281106e-22,1.0598818844012825e-22,1.0598818979753056e-22,1.059881911550181e-22,1.0598819251259074e-22,1.0598819387024327e-22,1.0598819522798405e-22,1.0598819658581173e-22,1.059881979437169e-22,1.0598819930171215e-22,1.0598820065979223e-22,1.0598820201795894e-22,1.059882033762083e-22,1.0598820473454416e-22,1.0598820609296257e-22,1.0598820745146426e-22,1.0598820881005347e-22,1.0598821016871998e-22,1.059882115274777e-22,1.0598821288631238e-22,1.0598821424523404e-22,1.0598821560424197e-22,1.0598821696333396e-22,1.0598821832250501e-22,1.0598821968176252e-22,1.0598822104110592e-22,1.059882224005315e-22,1.0598822376004227e-22,1.059882251196318e-22,1.059882264793046e-22,1.0598822783906602e-22,1.0598822919890598e-22,1.0598823055883408e-22,1.0598823191884241e-22,1.0598823327893233e-22,1.0598823463910794e-22,1.0598823599936882e-22,1.0598823735971105e-22,1.0598823872013814e-22,1.0598824008064806e-22,1.0598824144123599e-22,1.0598824280190925e-22,1.0598824416266838e-22,1.0598824552350546e-22,1.0598824688442815e-22,1.0598824824543624e-22,1.059882496065256e-22,1.0598825096769743e-22,1.059882523289516e-22,1.0598825369028808e-22,1.0598825505170676e-22,1.059882564132076e-22,1.0598825777479053e-22,1.0598825913645551e-22,1.0598826049820262e-22,1.0598826186003152e-22,1.0598826322194136e-22,1.0598826458393494e-22,1.0598826594601022e-22,1.0598826730816614e-22,1.0598826867040479e-22,1.059882700327249e-22,1.059882713951265e-22,1.0598827275760953e-22,1.059882741201729e-22,1.0598827548281857e-22,1.0598827684554552e-22,1.0598827820835363e-22,1.0598827957124287e-22,1.0598828093421126e-22,1.0598828229726058e-22,1.0598828366039183e-22,1.0598828502360097e-22,1.0598828638689084e-22,1.0598828775026067e-22,1.0598828911371203e-22,1.0598829047724805e-22,1.0598829184086358e-22,1.0598829320456066e-22,1.0598829456833714e-22,1.0598829593219506e-22,1.0598829729613136e-22,1.0598829866014585e-22,1.0598830002424053e-22,1.059883013884194e-22,1.0598830275267741e-22,1.0598830411701634e-22,1.0598830548143427e-22,1.0598830684592904e-22,1.0598830821050777e-22,1.0598830957516427e-22,1.0598831093990259e-22,1.0598831230471952e-22,1.05988313669615e-22,1.059883150345911e-22,1.0598831639964681e-22,1.0598831776478287e-22,1.0598831912999737e-22,1.0598832049529102e-22,1.0598832186066494e-22,1.059883232261181e-22,1.0598832459165034e-22,1.0598832595726083e-22,1.0598832732295122e-22,1.059883286887197e-22,1.0598833005456594e-22,1.0598833142049211e-22,1.059883327864958e-22,1.0598833415257832e-22,1.0598833551873672e-22,1.0598833688497438e-22,1.0598833825129277e-22,1.0598833961769058e-22,1.0598834098416674e-22,1.0598834235072127e-22,1.059883437173541e-22,1.0598834508406624e-22,1.0598834645085295e-22,1.0598834781771648e-22,1.0598834918466195e-22,1.0598835055168235e-22,1.059883519187838e-22,1.0598835328596414e-22,1.0598835465321886e-22,1.059883560205511e-22,1.0598835738796076e-22,1.0598835875545007e-22,1.0598836012301906e-22,1.059883614906656e-22,1.0598836285838847e-22,1.059883642261898e-22,1.0598836559406746e-22,1.0598836696201854e-22,1.0598836833005193e-22,1.0598836969816071e-22,1.0598837106634828e-22,1.05988372434613e-22,1.0598837380295473e-22,1.0598837517137265e-22,1.0598837653986712e-22,1.0598837790843954e-22,1.0598837927708475e-22,1.059883806458107e-22,1.0598838201460844e-22,1.0598838338348663e-22,1.0598838475244248e-22,1.0598838612147372e-22,1.0598838749058062e-22,1.059883888597658e-22,1.0598839022902729e-22,1.0598839159836498e-22,1.0598839296777892e-22,1.0598839433726315e-22,1.059883957068282e-22,1.059883970764704e-22,1.059883984461868e-22,1.05988399815981e-22,1.05988401185851e-22,1.0598840255579689e-22,1.0598840392581848e-22,1.0598840529591578e-22,1.0598840666608766e-22,1.0598840803633511e-22,1.0598840940665726e-22,1.0598841077705695e-22,1.059884121475318e-22,1.0598841351808107e-22,1.0598841488870555e-22,1.059884162594045e-22,1.0598841763018052e-22,1.059884190010317e-22,1.0598842037195614e-22,1.059884217429524e-22,1.0598842311402756e-22,1.0598842448517763e-22,1.059884258564025e-22,1.0598842722769724e-22,1.059884285990726e-22,1.0598842997052088e-22,1.0598843134204466e-22,1.0598843271364222e-22,1.0598843408531497e-22,1.0598843545705913e-22,1.0598843682888076e-22,1.059884382007761e-22,1.0598843957274634e-22,1.0598844094479012e-22,1.0598844231690873e-22,1.0598844368910155e-22,1.0598844506136771e-22,1.059884464337077e-22,1.0598844780612346e-22,1.0598844917861322e-22,1.0598845055117177e-22,1.0598845192380922e-22,1.0598845329652037e-22,1.0598845466930415e-22,1.0598845604215262e-22,1.0598845741508289e-22,1.0598845878808646e-22,1.059884601611655e-22,1.059884615343159e-22,1.059884629075406e-22,1.0598846428083765e-22,1.0598846565421001e-22,1.059884670276554e-22,1.0598846840117393e-22,1.059884697747645e-22,1.0598847114842808e-22,1.0598847252216076e-22,1.0598847389597022e-22,1.0598847526985254e-22,1.0598847664380453e-22,1.0598847801783237e-22,1.0598847939193284e-22,1.0598848076610596e-22,1.0598848214035174e-22,1.0598848351466996e-22,1.059884848890612e-22,1.059884862635247e-22,1.0598848763805632e-22,1.059884890126592e-22,1.0598849038734022e-22,1.0598849176209243e-22,1.059884931369168e-22,1.0598849451181422e-22,1.0598849588677384e-22,1.059884972618143e-22,1.0598849863692614e-22,1.0598850001211138e-22,1.0598850138736684e-22,1.0598850276269152e-22,1.0598850413808797e-22,1.0598850551355914e-22,1.0598850688910297e-22,1.0598850826471828e-22,1.05988509640401e-22,1.0598851101615824e-22,1.059885123919869e-22,1.0598851376788792e-22,1.059885151438592e-22,1.0598851651990167e-22,1.059885178960153e-22,1.0598851927219707e-22,1.0598852064845285e-22,1.0598852202477968e-22,1.0598852340117855e-22,1.059885247776483e-22,1.0598852615418886e-22,1.059885275307985e-22,1.059885289074795e-22,1.059885302842282e-22,1.0598853166104878e-22,1.0598853303794112e-22,1.059885344149046e-22,1.0598853579193872e-22,1.0598853716904237e-22,1.059885385462172e-22,1.059885399234615e-22,1.0598854130077387e-22,1.059885426781564e-22,1.0598854405561318e-22,1.0598854543314012e-22,1.0598854681073708e-22,1.0598854818840418e-22,1.0598854956614104e-22,1.0598855094394787e-22,1.0598855232182452e-22,1.0598855369976994e-22,1.0598855507778509e-22,1.0598855645586994e-22,1.059885578340244e-22,1.0598855921224538e-22,1.0598856059054002e-22,1.0598856196890306e-22,1.0598856334733556e-22,1.0598856472583745e-22,1.0598856610440875e-22,1.0598856748304543e-22,1.0598856886175395e-22,1.0598857024052892e-22,1.059885716193769e-22,1.0598857299829492e-22,1.0598857437728122e-22,1.0598857575633651e-22,1.0598857713545959e-22,1.0598857851465232e-22,1.0598857989391008e-22,1.0598858127324004e-22,1.059885826526358e-22,1.0598858403210286e-22,1.05988585411636e-22,1.0598858679124142e-22,1.0598858817091512e-22,1.0598858955065674e-22,1.059885909304668e-22,1.0598859231034562e-22,1.0598859369028926e-22,1.059885950703054e-22,1.0598859645038951e-22,1.0598859783054103e-22,1.059885992107608e-22,1.0598860059104753e-22,1.0598860197140394e-22,1.059886033518272e-22,1.0598860473231907e-22,1.05988606112878e-22,1.0598860749350548e-22,1.0598860887420092e-22,1.059886102549641e-22,1.0598861163579483e-22,1.0598861301669292e-22,1.0598861439765666e-22,1.0598861577869012e-22,1.059886171597909e-22,1.0598861854095902e-22,1.059886199221934e-22,1.0598862130349474e-22,1.0598862268486045e-22,1.0598862406629753e-22,1.059886254478017e-22,1.059886268293688e-22,1.0598862821100604e-22,1.059886295927113e-22,1.0598863097448342e-22,1.0598863235632137e-22,1.0598863373822618e-22,1.059886351201977e-22,1.05988636502237e-22,1.0598863788434297e-22,1.0598863926651377e-22,1.0598864064875113e-22,1.0598864203105471e-22,1.059886434134257e-22,1.0598864479586254e-22,1.0598864617836622e-22,1.0598864756093631e-22,1.0598864894357374e-22,1.059886503262774e-22,1.0598865170904307e-22,1.0598865309187793e-22,1.05988654474775e-22,1.059886558577412e-22,1.0598865724077417e-22,1.0598865862387304e-22,1.059886600070369e-22,1.059886613902672e-22,1.059886627735645e-22,1.059886641569226e-22,1.0598866554035015e-22,1.0598866692384338e-22,1.059886683074014e-22,1.0598866969102489e-22,1.0598867107471377e-22,1.0598867245846834e-22,1.0598867384229003e-22,1.0598867522617595e-22,1.0598867661012748e-22,1.0598867799414423e-22,1.0598867937822587e-22,1.0598868076237303e-22,1.0598868214658588e-22,1.0598868353086378e-22,1.0598868491520675e-22,1.0598868629961346e-22,1.0598868768408607e-22,1.0598868906862373e-22,1.05988690453226e-22,1.059886918378931e-22,1.0598869322261995e-22,1.0598869460741525e-22,1.0598869599227507e-22,1.05988697384379e-22,1.059886987693675e-22,1.0598870016160396e-22,1.0598870154672363e-22,1.0598870293190736e-22,1.0598870432434026e-22,1.0598870571683862e-22,1.0598870710940216e-22,1.0598870850203138e-22,1.0598870989472544e-22,1.0598871128748486e-22,1.0598871268031e-22,1.0598871407319994e-22,1.0598871546615536e-22,1.059887168591756e-22,1.0598871825226124e-22,1.0598871964541006e-22,1.059887210386257e-22,1.0598872243190618e-22,1.0598872382525104e-22,1.0598872521866086e-22,1.0598872661213576e-22,1.0598872800567498e-22,1.0598872939927925e-22,1.059887307929482e-22,1.0598873218668163e-22,1.059887335804792e-22,1.0598873497434164e-22,1.0598873636826853e-22,1.0598873776225818e-22,1.0598873915631337e-22,1.059887405504329e-22,1.0598874194461658e-22,1.0598874333886483e-22,1.0598874473317682e-22,1.0598874612755328e-22,1.0598874752199213e-22,1.0598874891649664e-22,1.0598875031106472e-22,1.0598875170569708e-22,1.059887531003933e-22,1.0598875449515326e-22,1.05988755889977e-22,1.059887572848644e-22,1.0598875867981547e-22,1.0598876007483014e-22,1.059887614699084e-22,1.0598876286505014e-22,1.0598876426025534e-22,1.059887656555211e-22,1.059887670508531e-22,1.059887684462484e-22,1.059887698417041e-22,1.059887712372259e-22,1.0598877263281085e-22,1.0598877402845898e-22,1.0598877542417016e-22,1.0598877681994437e-22,1.0598877821578156e-22,1.059887796116817e-22,1.0598878100764474e-22,1.0598878240366919e-22,1.0598878379975789e-22,1.059887851959078e-22,1.0598878659212194e-22,1.059887879883987e-22,1.0598878938473775e-22,1.0598879078113935e-22,1.0598879217760386e-22,1.059887935741308e-22,1.0598879497071968e-22,1.05988796367371e-22,1.0598879776408222e-22,1.0598879916085713e-22,1.0598880055769424e-22,1.0598880195459465e-22,1.0598880335155724e-22,1.0598880474858222e-22,1.0598880614566927e-22,1.0598880754281827e-22,1.0598880894002928e-22,1.0598881033730218e-22,1.059888117346366e-22,1.0598881313203288e-22,1.0598881452949122e-22,1.059888159270113e-22,1.0598881732459304e-22,1.0598881872223492e-22,1.0598882011993988e-22,1.0598882151770634e-22,1.0598882291553438e-22,1.0598882431342098e-22,1.0598882571136898e-22,1.0598882710938114e-22,1.0598882850745462e-22,1.0598882990558932e-22,1.059888313037825e-22,1.059888327020393e-22,1.0598883410035748e-22,1.0598883549873398e-22,1.0598883689717433e-22,1.0598883829567569e-22,1.0598883969423796e-22,1.0598884109286112e-22,1.059888424915451e-22,1.0598884389028997e-22,1.0598884528909517e-22,1.0598884668796147e-22,1.05988848086887e-22,1.059888494858746e-22,1.0598885088492245e-22,1.0598885228402969e-22,1.0598885368319893e-22,1.0598885508242823e-22,1.059888564817182e-22,1.0598885788106855e-22,1.059888592804792e-22,1.0598886067995003e-22,1.059888620794811e-22,1.0598886347907244e-22,1.0598886487872344e-22,1.059888662784335e-22,1.0598886767820496e-22,1.0598886907803646e-22,1.0598887047792786e-22,1.0598887187787783e-22,1.05988873277889e-22,1.0598887467795994e-22,1.0598887607809067e-22,1.059888774782811e-22,1.059888788785312e-22,1.059888802788409e-22,1.0598888167921022e-22,1.0598888307963903e-22,1.059888844801274e-22,1.0598888588067518e-22,1.0598888728128236e-22,1.0598888868194895e-22,1.0598889008267477e-22,1.0598889148345854e-22,1.0598889288430287e-22,1.0598889428520635e-22,1.0598889568616902e-22,1.059888970871908e-22,1.0598889848827125e-22,1.059888998894097e-22,1.0598890129060842e-22,1.0598890269186608e-22,1.0598890409318268e-22,1.0598890549455802e-22,1.0598890689599214e-22,1.05988908297485e-22,1.059889096990352e-22,1.0598891110064514e-22,1.0598891250231396e-22,1.0598891390404134e-22,1.0598891530582724e-22,1.059889167076713e-22,1.0598891810957412e-22,1.0598891951153529e-22,1.0598892091355447e-22,1.0598892231563227e-22,1.0598892371776833e-22,1.0598892511996264e-22,1.059889265222151e-22,1.0598892792452564e-22,1.059889293268943e-22,1.05988930729321e-22,1.0598893213180537e-22,1.0598893353434796e-22,1.059889349369485e-22,1.0598893633960685e-22,1.0598893774232304e-22,1.0598893914509704e-22,1.0598894054792875e-22,1.0598894195081814e-22,1.059889433537652e-22,1.0598894475676951e-22,1.0598894615983172e-22,1.0598894756295114e-22,1.0598894896612831e-22,1.0598895036936266e-22,1.0598895177265467e-22,1.05988953176004e-22,1.0598895457941065e-22,1.0598895598287191e-22,1.0598895738639178e-22,1.0598895878996876e-22,1.059889601936029e-22,1.0598896159729403e-22,1.0598896300104226e-22,1.059889644048488e-22,1.0598896580871096e-22,1.0598896721263008e-22,1.059889686166073e-22,1.0598897002064141e-22,1.0598897142472975e-22,1.059889728288774e-22,1.0598897423308173e-22,1.0598897563734268e-22,1.0598897704166026e-22,1.0598897844603444e-22,1.05988979850465e-22,1.0598898125495215e-22,1.0598898265949451e-22,1.0598898406409455e-22,1.0598898546875086e-22,1.0598898687346356e-22,1.059889882782325e-22,1.0598898968305772e-22,1.059889910879391e-22,1.0598899249287664e-22,1.059889938978703e-22,1.0598899530291998e-22,1.0598899670802573e-22,1.0598899811318742e-22,1.0598899951840485e-22,1.0598900092367837e-22,1.0598900232900775e-22,1.05989003734393e-22,1.0598900513983397e-22,1.0598900654533067e-22,1.0598900795088177e-22,1.0598900935648954e-22,1.0598901076215313e-22,1.0598901216787106e-22,1.059890135736458e-22,1.0598901497947607e-22,1.0598901638536043e-22,1.0598901779130116e-22,1.0598901919729723e-22,1.059890206033489e-22,1.0598902200945557e-22,1.059890234156165e-22,1.0598902482183256e-22,1.0598902622810485e-22,1.0598902763443246e-22,1.0598902904081513e-22,1.0598903044725248e-22,1.0598903185374485e-22,1.0598903326029214e-22,1.0598903466689467e-22,1.0598903607355206e-22,1.0598903748026424e-22,1.0598903888703123e-22,1.059890402938529e-22,1.0598904170072928e-22,1.0598904310766034e-22,1.0598904451464602e-22,1.059890459216862e-22,1.0598904732878095e-22,1.0598904873592993e-22,1.059890501431333e-22,1.0598905155039143e-22,1.0598905295770387e-22,1.0598905436507065e-22,1.059890557724914e-22,1.0598905717996643e-22,1.0598905858749591e-22,1.0598905999507956e-22,1.0598906140271707e-22,1.0598906281040868e-22,1.0598906421815323e-22,1.0598906562595284e-22,1.0598906703380533e-22,1.0598906844171313e-22,1.059890698496748e-22,1.0598907125769e-22,1.0598907266575811e-22,1.0598907407387976e-22,1.0598907548205652e-22,1.0598907689028698e-22,1.0598907829857068e-22,1.0598907970690693e-22,1.0598908111529774e-22,1.0598908252374127e-22,1.059890839322383e-22,1.0598908534078992e-22,1.0598908674939371e-22,1.059890881580508e-22,1.059890895667612e-22,1.0598909097552616e-22,1.0598909238434434e-22,1.059890937932154e-22,1.0598909520213976e-22,1.059890966111174e-22,1.0598909802014705e-22,1.0598909942923047e-22,1.059891008383669e-22,1.059891022475566e-22,1.059891036567992e-22,1.059891050660935e-22,1.0598910647544047e-22,1.059891078848413e-22,1.0598910929429513e-22,1.0598911070380172e-22,1.0598911211336098e-22,1.0598911352297269e-22,1.0598911493263625e-22,1.0598911634235188e-22,1.0598911775212147e-22,1.0598911916194327e-22,1.0598912057181753e-22,1.0598912198174443e-22,1.0598912339172334e-22,1.0598912480175494e-22,1.0598912621183881e-22,1.0598912762197355e-22,1.0598912903216155e-22,1.059891304424018e-22,1.0598913185269291e-22,1.0598913326303766e-22,1.0598913467343436e-22,1.059891360838819e-22,1.059891374943814e-22,1.0598913890493287e-22,1.059891403155362e-22,1.0598914172619254e-22,1.0598914313690042e-22,1.0598914454766042e-22,1.059891459584721e-22,1.059891473693355e-22,1.0598914878024937e-22,1.0598915019121606e-22,1.0598915160223402e-22,1.0598915301330383e-22,1.0598915442442395e-22,1.0598915583559676e-22,1.0598915724682083e-22,1.0598915865809635e-22,1.05989160069423e-22,1.059891614808012e-22,1.059891628922304e-22,1.0598916430371113e-22,1.0598916571524303e-22,1.0598916712682595e-22,1.059891685384598e-22,1.0598916995014506e-22,1.059891713618814e-22,1.0598917277366872e-22,1.0598917418550674e-22,1.0598917559739594e-22,1.0598917700933565e-22,1.0598917842132554e-22,1.0598917983336704e-22,1.0598918124545928e-22,1.0598918265760121e-22,1.0598918406979384e-22,1.059891854820371e-22,1.0598918689433232e-22,1.0598918830667787e-22,1.0598918971907425e-22,1.0598919113152078e-22,1.0598919254401814e-22,1.0598919395656562e-22,1.059891953691635e-22,1.0598919678181175e-22,1.0598919819451056e-22,1.059891996072594e-22,1.059892010200585e-22,1.0598920243290802e-22,1.0598920384580745e-22,1.059892052587573e-22,1.0598920667175697e-22,1.0598920808480573e-22,1.0598920949790571e-22,1.059892109110557e-22,1.0598921232425568e-22,1.059892137375055e-22,1.059892151508052e-22,1.0598921656415472e-22,1.0598921797755398e-22,1.059892193910031e-22,1.0598922080450155e-22,1.0598922221805003e-22,1.0598922363164812e-22,1.0598922504529589e-22,1.059892264589932e-22,1.059892278727375e-22,1.0598922928653149e-22,1.0598923070037697e-22,1.0598923211426978e-22,1.0598923352821405e-22,1.05989234942208e-22,1.0598923635625123e-22,1.0598923777034373e-22,1.0598923918448544e-22,1.0598924059867605e-22,1.0598924201291585e-22,1.0598924342720508e-22,1.0598924484154307e-22,1.0598924625593013e-22,1.059892476703662e-22,1.0598924908485125e-22,1.0598925049938549e-22,1.0598925191396848e-22,1.059892533286002e-22,1.059892547432807e-22,1.0598925615801005e-22,1.059892575727882e-22,1.0598925898761392e-22,1.0598926040248837e-22,1.0598926181741255e-22,1.0598926323238428e-22,1.059892646474046e-22,1.0598926606247455e-22,1.0598926747759321e-22,1.0598926889276033e-22,1.0598927030797592e-22,1.059892717232399e-22,1.059892731385519e-22,1.059892745539123e-22,1.0598927596932089e-22,1.059892773847781e-22,1.0598927880028319e-22,1.0598928021583671e-22,1.0598928163143839e-22,1.0598928304708788e-22,1.0598928446278575e-22,1.0598928587853164e-22,1.0598928729432426e-22,1.0598928871016608e-22,1.059892901260555e-22,1.059892915419932e-22,1.0598929295797756e-22,1.0598929437400947e-22,1.059892957900902e-22,1.059892972062189e-22,1.0598929862239534e-22,1.0598930003861953e-22,1.059893014548913e-22,1.0598930287121076e-22,1.0598930428757664e-22,1.0598930570399091e-22,1.0598930712045248e-22,1.0598930853696176e-22,1.0598930995351835e-22,1.0598931137012268e-22,1.0598931278677292e-22,1.0598931420347038e-22,1.059893156202162e-22,1.0598931703700963e-22,1.0598931845384905e-22,1.0598931987073688e-22,1.059893212876715e-22,1.059893227046535e-22,1.059893241216826e-22,1.0598932553875898e-22,1.0598932695588212e-22,1.0598932837305223e-22,1.0598932979026891e-22,1.0598933120753285e-22,1.0598933262484245e-22,1.0598933404219897e-22,1.0598933545960218e-22,1.0598933687705293e-22,1.0598933829455073e-22,1.059893397120952e-22,1.0598934112968636e-22,1.0598934254732382e-22,1.0598934396500814e-22,1.05989345382739e-22,1.0598934680051634e-22,1.0598934821834014e-22,1.059893496362104e-22,1.05989351054127e-22,1.0598935247208998e-22,1.0598935389009933e-22,1.059893553081547e-22,1.0598935672625658e-22,1.0598935814440442e-22,1.0598935956259849e-22,1.059893609808387e-22,1.059893623991253e-22,1.0598936381745795e-22,1.059893652358367e-22,1.0598936665426144e-22,1.0598936807273078e-22,1.0598936949124716e-22,1.059893709098085e-22,1.0598937232841668e-22,1.05989373747071e-22,1.0598937516577085e-22,1.0598937658451537e-22,1.0598937800330673e-22,1.0598937942214404e-22,1.059893808410268e-22,1.059893822599552e-22,1.059893836789295e-22,1.0598938509794904e-22,1.0598938651701445e-22,1.059893879361253e-22,1.059893893552816e-22,1.0598939077448337e-22,1.0598939219373053e-22,1.0598939361302307e-22,1.059893950323609e-22,1.0598939645174408e-22,1.0598939787117225e-22,1.059893992906456e-22,1.0598940071016418e-22,1.0598940212972692e-22,1.0598940354933609e-22,1.0598940496899002e-22,1.059894063886893e-22,1.0598940780843363e-22,1.0598940922822295e-22,1.059894106480572e-22,1.0598941206793638e-22,1.0598941348786052e-22,1.0598941490782915e-22,1.0598941632784267e-22,1.0598941774790123e-22,1.059894191680045e-22,1.0598942058815252e-22,1.059894220083452e-22,1.059894234285823e-22,1.059894248488643e-22,1.0598942626919054e-22,1.0598942768956168e-22,1.0598942910997736e-22,1.0598943053043752e-22,1.059894319509421e-22,1.0598943337149085e-22,1.0598943479208426e-22,1.0598943621272177e-22,1.0598943763340384e-22,1.0598943905413022e-22,1.059894404749008e-22,1.0598944189571563e-22,1.059894433165747e-22,1.0598944473747787e-22,1.0598944615842515e-22,1.0598944757941654e-22,1.0598944900045198e-22,1.059894504215315e-22,1.0598945184265492e-22,1.0598945326382235e-22,1.0598945468503367e-22,1.0598945610628893e-22,1.05989457527587e-22,1.059894589489297e-22,1.059894603703161e-22,1.0598946179174627e-22,1.059894632132205e-22,1.0598946463473705e-22,1.0598946605629862e-22,1.059894674779038e-22,1.0598946889955238e-22,1.0598947032124467e-22,1.0598947174298057e-22,1.0598947316475996e-22,1.0598947458658281e-22,1.0598947600844907e-22,1.0598947743035876e-22,1.0598947885230913e-22,1.0598948027430547e-22,1.0598948169634519e-22,1.0598948311842785e-22,1.0598948454055406e-22,1.0598948596272353e-22,1.059894873849357e-22,1.059894888071914e-22,1.059894902294899e-22,1.0598949165183146e-22,1.059894930742161e-22,1.0598949449664385e-22,1.059894959191144e-22,1.0598949734162794e-22,1.0598949876418476e-22,1.0598950018678406e-22,1.059895016094262e-22,1.0598950303211132e-22,1.0598950445483926e-22,1.0598950587761014e-22,1.059895073004233e-22,1.0598950872327928e-22,1.0598951014617823e-22,1.0598951156911953e-22,1.059895129921037e-22,1.0598951441513041e-22,1.0598951583819967e-22,1.0598951726131137e-22,1.0598951868446555e-22,1.0598952010766216e-22,1.0598952153090083e-22,1.0598952295418222e-22,1.059895243775057e-22,1.0598952580087137e-22,1.0598952722427947e-22,1.0598952864773016e-22,1.0598953007122292e-22,1.0598953149475808e-22,1.0598953291833525e-22,1.0598953434195316e-22,1.0598953576561447e-22,1.0598953718931783e-22,1.0598953861306329e-22,1.0598954003685068e-22,1.0598954146068001e-22,1.0598954288455134e-22,1.0598954430846455e-22,1.0598954573241964e-22,1.0598954715641653e-22,1.0598954858045522e-22,1.0598955000453287e-22,1.0598955142865224e-22,1.0598955285281492e-22,1.0598955427702016e-22,1.0598955570126736e-22,1.0598955712555492e-22,1.0598955854988542e-22,1.059895599742574e-22,1.0598956139867096e-22,1.0598956282312592e-22,1.0598956424762237e-22,1.0598956567216022e-22,1.0598956709673907e-22,1.059895685213597e-22,1.0598956994602164e-22,1.059895713707245e-22,1.059895727954676e-22,1.0598957422025332e-22,1.059895756450803e-22,1.0598957706994841e-22,1.0598957849485775e-22,1.059895799198082e-22,1.0598958134479972e-22,1.059895827698323e-22,1.059895841949059e-22,1.059895856200205e-22,1.0598958704517605e-22,1.0598958847037265e-22,1.0598958989561016e-22,1.059895913208882e-22,1.0598959274620695e-22,1.0598959417156662e-22,1.0598959559696728e-22,1.0598959702240885e-22,1.0598959844789107e-22,1.0598959987341404e-22,1.0598960129897753e-22,1.0598960272458167e-22,1.0598960415022355e-22,1.0598960557590885e-22,1.0598960700163465e-22,1.0598960842740097e-22,1.059896098532078e-22,1.0598961127905503e-22,1.0598961270494232e-22,1.0598961413087038e-22,1.059896155568386e-22,1.0598961698284728e-22,1.059896184088963e-22,1.059896198349856e-22,1.0598962126111513e-22,1.0598962268728497e-22,1.0598962411349487e-22,1.0598962553974488e-22,1.0598962696603473e-22,1.0598962839236495e-22,1.0598962981873524e-22,1.0598963124514553e-22,1.0598963267159587e-22,1.0598963409808614e-22,1.0598963552461636e-22,1.0598963695118646e-22,1.0598963837779647e-22,1.059896398044459e-22,1.059896412311355e-22,1.0598964265786497e-22,1.0598964408463387e-22,1.0598964551144273e-22,1.0598964693829136e-22,1.0598964836517922e-22,1.059896497921068e-22,1.0598965121907428e-22,1.0598965264608128e-22,1.0598965407312792e-22,1.05989655500214e-22,1.0598965692733962e-22,1.0598965835450482e-22,1.059896597817078e-22,1.0598966120895133e-22,1.0598966263623455e-22,1.0598966406355692e-22,1.0598966549091863e-22,1.0598966691831945e-22,1.0598966834575955e-22,1.059896697732392e-22,1.0598967120075805e-22,1.0598967262831605e-22,1.0598967405591315e-22,1.0598967548354937e-22,1.0598967691122434e-22,1.059896783389383e-22,1.059896797666917e-22,1.0598968119448365e-22,1.059896826223146e-22,1.0598968405018484e-22,1.0598968547809398e-22,1.0598968690604192e-22,1.059896883340271e-22,1.0598968976205236e-22,1.0598969119011684e-22,1.059896926182183e-22,1.0598969404636019e-22,1.059896954745408e-22,1.0598969690275971e-22,1.0598969833101728e-22,1.059896997593138e-22,1.05989701187649e-22,1.0598970261602267e-22,1.0598970404443485e-22,1.0598970547288557e-22,1.0598970690137428e-22,1.0598970832990186e-22,1.0598970975846747e-22,1.0598971118707185e-22,1.0598971261571413e-22,1.0598971404439532e-22,1.059897154731129e-22,1.059897169018705e-22,1.059897183306663e-22,1.059897197595003e-22,1.059897211883708e-22,1.0598972261728126e-22,1.059897240462297e-22,1.0598972547521662e-22,1.0598972690424081e-22,1.0598972833330312e-22,1.0598972976240342e-22,1.0598973119154204e-22,1.0598973262071823e-22,1.0598973404993273e-22,1.059897354791853e-22,1.0598973690847556e-22,1.0598973833780337e-22,1.0598973976716928e-22,1.05989741196573e-22,1.0598974262601395e-22,1.0598974405549135e-22,1.0598974548500813e-22,1.0598974691456264e-22,1.0598974834415297e-22,1.0598974977378095e-22,1.0598975120344661e-22,1.0598975263315105e-22,1.0598975406289345e-22,1.0598975549267344e-22,1.0598975692249037e-22,1.0598975835234354e-22,1.0598975978223575e-22,1.059897612121618e-22,1.0598976264212878e-22,1.0598976407213258e-22,1.059897655021742e-22,1.0598976693225314e-22,1.0598976836236941e-22,1.059897697925228e-22,1.0598977122271334e-22,1.0598977265294058e-22,1.0598977408320488e-22,1.0598977551350681e-22,1.0598977694384585e-22,1.0598977837422196e-22,1.0598977980463507e-22,1.0598978123508512e-22,1.059897826654975e-22,1.0598978409602156e-22,1.0598978552658213e-22,1.0598978695710515e-22,1.059897883877393e-22,1.0598978981833598e-22,1.0598979124896948e-22,1.0598979267963965e-22,1.0598979411042095e-22,1.0598979554123895e-22,1.059897969720192e-22,1.0598979840291057e-22,1.0598979983376405e-22,1.0598980126472868e-22,1.0598980269572653e-22,1.0598980412668968e-22,1.0598980555776399e-22,1.0598980698887478e-22,1.0598980842002204e-22,1.0598980985113095e-22,1.0598981128235104e-22,1.0598981271353274e-22,1.0598981414482543e-22,1.0598981557607968e-22,1.0598981700737023e-22,1.0598981843869703e-22,1.059898198700602e-22,1.059898213014594e-22,1.0598982273289467e-22,1.059898241643662e-22,1.0598982559587377e-22,1.0598982702741745e-22,1.0598982845899717e-22,1.059898298906129e-22,1.0598983132233837e-22,1.059898327540263e-22,1.0598983418575002e-22,1.059898356175096e-22,1.0598983704930514e-22,1.0598983848113646e-22,1.0598983991307772e-22,1.0598984134498103e-22,1.0598984277691982e-22,1.0598984420896823e-22,1.0598984564097853e-22,1.059898470730245e-22,1.0598984850510616e-22,1.0598984993729752e-22,1.0598985136952477e-22,1.0598985280171333e-22,1.0598985423393745e-22,1.0598985566619727e-22,1.0598985709849263e-22,1.059898585308233e-22,1.0598985996318948e-22,1.0598986139559106e-22,1.0598986282802802e-22,1.0598986426050044e-22,1.0598986569300819e-22,1.0598986712555118e-22,1.0598986855820406e-22,1.0598986999081772e-22,1.059898714234666e-22,1.0598987285615072e-22,1.0598987428887032e-22,1.0598987572162485e-22,1.0598987715441449e-22,1.0598987858723932e-22,1.0598988002009922e-22,1.059898814529942e-22,1.059898828859244e-22,1.059898843189645e-22,1.0598988575196451e-22,1.0598988718499968e-22,1.059898886181444e-22,1.0598989005124948e-22,1.0598989148438936e-22,1.0598989291763873e-22,1.0598989435084837e-22,1.0598989578416768e-22,1.0598989721744672e-22,1.0598989865076067e-22,1.0598990008410925e-22,1.0598990151749265e-22,1.0598990295091064e-22,1.0598990438436332e-22,1.0598990581785054e-22,1.0598990725137241e-22,1.059899086850043e-22,1.0598991011859533e-22,1.0598991155222076e-22,1.05989912985956e-22,1.0598991441965045e-22,1.0598991585337937e-22,1.0598991728714271e-22,1.0598991872094045e-22,1.0598992015481457e-22,1.0598992158868103e-22,1.0598992302262383e-22,1.059899244566009e-22,1.0598992589061227e-22,1.059899273246579e-22,1.0598992875873778e-22,1.0598993019285182e-22,1.05989931627e-22,1.059899330611403e-22,1.0598993449531468e-22,1.0598993592952314e-22,1.0598993736376568e-22,1.0598993879811774e-22,1.0598994023250395e-22,1.0598994166692252e-22,1.0598994310134315e-22,1.059899445358316e-22,1.0598994597032011e-22,1.0598994740487628e-22,1.0598994883943254e-22,1.0598995027402268e-22,1.0598995170864658e-22,1.0598995314330429e-22,1.059899545780294e-22,1.0598995601278833e-22,1.0598995744754723e-22,1.0598995888237357e-22,1.059899603172336e-22,1.0598996175212535e-22,1.059899631870189e-22,1.0598996462194601e-22,1.0598996605690671e-22,1.0598996749190087e-22,1.0598996892692858e-22,1.0598997036198976e-22,1.0598997179708437e-22,1.0598997323221246e-22,1.0598997466737399e-22,1.059899761025689e-22,1.0598997753779716e-22,1.0598997897305877e-22,1.0598998040835366e-22,1.0598998184368187e-22,1.059899832790433e-22,1.05989984714438e-22,1.0598998614986588e-22,1.05989987585327e-22,1.0598998902082127e-22,1.0598999045634873e-22,1.059899918919092e-22,1.0598999332750278e-22,1.0598999476312942e-22,1.0598999619878914e-22,1.059899976344818e-22,1.0598999907020747e-22,1.059900005059661e-22,1.0599000194175768e-22,1.0599000337758211e-22,1.0599000481343946e-22,1.0599000624928735e-22,1.0599000768521039e-22,1.0599000912116633e-22,1.059900105571551e-22,1.0599001199317652e-22,1.0599001342923076e-22,1.0599001486527538e-22,1.05990016301395e-22,1.0599001773754726e-22,1.0599001917373214e-22,1.0599002060994966e-22,1.0599002204619974e-22,1.0599002348248245e-22,1.059900249187976e-22,1.0599002635514527e-22,1.059900277915255e-22,1.0599002922793812e-22,1.0599003066438328e-22,1.0599003210086084e-22,1.0599003353737073e-22,1.0599003497391304e-22,1.0599003641048767e-22,1.059900378470947e-22,1.0599003928373405e-22,1.0599004072040564e-22,1.059900421571095e-22,1.0599004359384555e-22,1.0599004503061386e-22,1.059900464674473e-22,1.0599004790427987e-22,1.0599004934114469e-22,1.0599005077804145e-22,1.0599005221497033e-22,1.0599005365193137e-22,1.0599005508892436e-22,1.059900565259494e-22,1.0599005796300628e-22,1.059900594000953e-22,1.0599006083721627e-22,1.0599006227436908e-22,1.0599006371155386e-22,1.0599006514877036e-22,1.0599006658601876e-22,1.059900680232991e-22,1.0599006946061116e-22,1.0599007089795506e-22,1.0599007233533062e-22,1.0599007377273793e-22,1.0599007521017692e-22,1.0599007664764752e-22,1.059900780851499e-22,1.0599007952268378e-22,1.059900809602494e-22,1.059900823978466e-22,1.059900838354752e-22,1.0599008527313547e-22,1.0599008671082682e-22,1.059900881485501e-22,1.0599008958630483e-22,1.0599009102409095e-22,1.0599009246190855e-22,1.0599009389975756e-22,1.0599009533763749e-22,1.0599009677554908e-22,1.0599009821349196e-22,1.0599009965146628e-22,1.0599010108947144e-22,1.059901025275083e-22,1.0599010396557632e-22,1.0599010540367547e-22,1.0599010684180578e-22,1.0599010827996737e-22,1.0599010971816005e-22,1.0599011115638385e-22,1.0599011259463874e-22,1.059901140329246e-22,1.0599011547124156e-22,1.059901169095896e-22,1.0599011834796863e-22,1.059901197863787e-22,1.0599012122481969e-22,1.0599012266329157e-22,1.0599012410179424e-22,1.0599012554032793e-22,1.0599012697889244e-22,1.059901284174878e-22,1.0599012985611394e-22,1.0599013129477094e-22,1.059901327334587e-22,1.0599013417217714e-22,1.0599013561092634e-22,1.0599013704970604e-22,1.0599013848851655e-22,1.0599013992735777e-22,1.0599014136622949e-22,1.05990142805132e-22,1.0599014424406488e-22,1.0599014568302828e-22,1.0599014712202222e-22,1.0599014856104673e-22,1.059901500001016e-22,1.0599015143918702e-22,1.0599015287830288e-22,1.0599015431744917e-22,1.0599015575662604e-22,1.059901571958331e-22,1.0599015863507062e-22,1.05990160074338e-22,1.0599016151363598e-22,1.05990162952964e-22,1.0599016439232267e-22,1.0599016583171143e-22,1.059901672711304e-22,1.0599016871057973e-22,1.059901701500592e-22,1.0599017158956871e-22,1.059901730292287e-22,1.0599017446891883e-22,1.05990175908639e-22,1.059901773483893e-22,1.0599017878816968e-22,1.0599018022785963e-22,1.0599018166769988e-22,1.0599018310757006e-22,1.0599018454747028e-22,1.059901859874004e-22,1.0599018742736053e-22,1.0599018886735047e-22,1.0599019030737024e-22,1.0599019174741999e-22,1.0599019318749947e-22,1.0599019462760872e-22,1.059901960677477e-22,1.059901975079165e-22,1.05990198948115e-22,1.059902003883432e-22,1.0599020182860105e-22,1.0599020326888857e-22,1.0599020470908495e-22,1.0599020614931088e-22,1.0599020758968732e-22,1.0599020903009328e-22,1.0599021047052876e-22,1.0599021191099385e-22,1.0599021335148845e-22,1.059902147920125e-22,1.0599021623256602e-22,1.0599021767314897e-22,1.0599021911376136e-22,1.059902205542821e-22,1.0599022199495326e-22,1.0599022343565371e-22,1.059902248763836e-22,1.0599022631714273e-22,1.0599022775793137e-22,1.0599022919874895e-22,1.0599023063959615e-22,1.0599023208047246e-22,1.0599023352137785e-22,1.0599023496231253e-22,1.0599023640327624e-22,1.0599023784426907e-22,1.0599023928529102e-22,1.0599024072634195e-22,1.0599024216742223e-22,1.0599024360853133e-22,1.0599024504954858e-22,1.059902464907159e-22,1.0599024793191203e-22,1.0599024937301549e-22,1.0599025081426957e-22,1.0599025225538815e-22,1.0599025369669988e-22,1.0599025513804058e-22,1.0599025657928902e-22,1.0599025802056625e-22,1.059902594618723e-22,1.0599026090332804e-22,1.0599026234469164e-22,1.0599026378608385e-22,1.0599026522750485e-22,1.0599026666895454e-22,1.0599026811043284e-22,1.059902695519398e-22,1.0599027099347537e-22,1.0599027243503956e-22,1.0599027387663226e-22,1.059902753182536e-22,1.059902767599035e-22,1.0599027820158172e-22,1.0599027964328828e-22,1.059902810850236e-22,1.0599028252678734e-22,1.0599028396857953e-22,1.0599028541039975e-22,1.0599028685224874e-22,1.0599028829412572e-22,1.0599028973603126e-22,1.0599029117796523e-22,1.059902926199275e-22,1.0599029406191792e-22,1.0599029550393672e-22,1.0599029694598372e-22,1.0599029838805896e-22,1.059902998301623e-22,1.059903012722939e-22,1.059903027144536e-22,1.0599030415664145e-22,1.0599030559885742e-22,1.0599030704110146e-22,1.0599030848337348e-22,1.0599030992567362e-22,1.0599031136800128e-22,1.0599031281035744e-22,1.0599031425274144e-22,1.0599031569515343e-22,1.0599031713759343e-22,1.0599031858006124e-22,1.0599032002255707e-22,1.0599032146508076e-22,1.0599032290763231e-22,1.059903243502116e-22,1.059903257928187e-22,1.0599032723545365e-22,1.0599032867811643e-22,1.0599033012080692e-22,1.059903315635246e-22,1.0599033300627052e-22,1.0599033444904412e-22,1.0599033589184495e-22,1.0599033733467384e-22,1.0599033877753008e-22,1.0599034022041418e-22,1.059903416633259e-22,1.0599034310626518e-22,1.0599034454923198e-22,1.0599034599222632e-22,1.0599034743524816e-22,1.0599034887829746e-22,1.0599035032137422e-22,1.0599035176447838e-22,1.0599035320760991e-22,1.0599035465076844e-22,1.0599035609395478e-22,1.0599035753716858e-22,1.0599035898040963e-22,1.0599036042367805e-22,1.0599036186697369e-22,1.0599036331029664e-22,1.0599036475364682e-22,1.0599036619702425e-22,1.059903676404289e-22,1.0599036908386071e-22,1.0599037052731972e-22,1.059903719708059e-22,1.0599037341431892e-22,1.059903748578593e-22,1.0599037630142673e-22,1.0599037774502128e-22,1.0599037918864288e-22,1.0599038063229147e-22,1.0599038207596708e-22,1.0599038351966967e-22,1.0599038496339923e-22,1.0599038640715576e-22,1.0599038785093918e-22,1.0599038929474954e-22,1.059903907385868e-22,1.0599039218245089e-22,1.0599039362634182e-22,1.0599039507025958e-22,1.0599039651420416e-22,1.0599039795817526e-22,1.0599039940217311e-22,1.05990400846198e-22,1.0599040229024953e-22,1.0599040373432786e-22,1.0599040517843278e-22,1.0599040662256434e-22,1.0599040806672258e-22,1.059904095109074e-22,1.0599041095511892e-22,1.0599041239935705e-22,1.059904138436217e-22,1.0599041528791288e-22,1.0599041673223063e-22,1.0599041817657484e-22,1.0599041962094558e-22,1.0599042106534275e-22,1.0599042250976632e-22,1.059904239542164e-22,1.0599042539869277e-22,1.0599042684319552e-22,1.0599042828772472e-22,1.0599042973228023e-22,1.059904311768621e-22,1.0599043262147027e-22,1.0599043406610468e-22,1.0599043551076535e-22,1.0599043695545223e-22,1.0599043840016542e-22,1.059904398449048e-22,1.059904412896704e-22,1.0599044273446209e-22,1.0599044417927992e-22,1.059904456241239e-22,1.0599044706899404e-22,1.0599044851389028e-22,1.0599044995881259e-22,1.059904514037609e-22,1.059904528487352e-22,1.0599045429373553e-22,1.0599045573876183e-22,1.0599045718384807e-22,1.0599045862892635e-22,1.059904600740306e-22,1.0599046151916076e-22,1.0599046296431662e-22,1.0599046440949855e-22,1.0599046585470609e-22,1.0599046729993967e-22,1.0599046874519913e-22,1.0599047019048425e-22,1.059904716357952e-22,1.0599047308113197e-22,1.0599047452649443e-22,1.0599047597188264e-22,1.0599047741729645e-22,1.0599047886273607e-22,1.0599048030820132e-22,1.0599048175369224e-22,1.0599048319920874e-22,1.0599048464475087e-22,1.0599048609031857e-22,1.059904875359118e-22,1.0599048898153062e-22,1.0599049042717497e-22,1.0599049187284485e-22,1.0599049331854014e-22,1.0599049476426094e-22,1.059904962100072e-22,1.0599049765577888e-22,1.0599049910157576e-22,1.0599050054739817e-22,1.05990501993246e-22,1.0599050343911923e-22,1.0599050488501777e-22,1.059905063309416e-22,1.0599050777689056e-22,1.0599050922286494e-22,1.0599051066886462e-22,1.0599051211488952e-22,1.059905135609396e-22,1.059905150070149e-22,1.0599051645311546e-22,1.0599051789924112e-22,1.0599051934539192e-22,1.059905207915679e-22,1.05990522237769e-22,1.059905236839952e-22,1.0599052513024647e-22,1.0599052657652274e-22,1.0599052802282405e-22,1.0599052946915042e-22,1.059905309155017e-22,1.0599053236187796e-22,1.0599053380827921e-22,1.0599053525470533e-22,1.0599053670115644e-22,1.0599053814763252e-22,1.0599053959413343e-22,1.0599054104065926e-22,1.0599054248720984e-22,1.0599054393378532e-22,1.0599054538038555e-22,1.0599054682701052e-22,1.0599054827366031e-22,1.0599054972033489e-22,1.0599055116703422e-22,1.0599055261375823e-22,1.0599055406050703e-22,1.0599055550728039e-22,1.0599055695407848e-22,1.0599055840090117e-22,1.0599055984774852e-22,1.0599056129462045e-22,1.0599056274151698e-22,1.0599056418843801e-22,1.0599056563538358e-22,1.0599056708235377e-22,1.0599056852934845e-22,1.0599056997636766e-22,1.0599057142341127e-22,1.0599057287047937e-22,1.059905743175719e-22,1.0599057576468882e-22,1.0599057721183013e-22,1.0599057865899585e-22,1.0599058010618597e-22,1.059905815534004e-22,1.0599058300063917e-22,1.0599058444790226e-22,1.0599058589518965e-22,1.0599058734250127e-22,1.0599058878983696e-22,1.0599059023719708e-22,1.0599059168458147e-22,1.0599059313199002e-22,1.0599059457942274e-22,1.0599059602687965e-22,1.0599059747436068e-22,1.0599059892186584e-22,1.0599060036939516e-22,1.0599060181694858e-22,1.0599060326452582e-22,1.0599060471212724e-22,1.0599060615975284e-22,1.0599060760740234e-22,1.0599060905507585e-22,1.0599061050277339e-22,1.0599061195049486e-22,1.0599061339824026e-22,1.0599061484600962e-22,1.0599061629380288e-22,1.0599061774162004e-22,1.0599061918946103e-22,1.0599062063732598e-22,1.0599062208521475e-22,1.0599062353312733e-22,1.0599062498106377e-22,1.059906264290239e-22,1.059906278770079e-22,1.059906293250156e-22,1.0599063077304704e-22,1.0599063222110183e-22,1.0599063366918063e-22,1.0599063511728307e-22,1.059906365654092e-22,1.0599063801355896e-22,1.0599063946173206e-22,1.0599064090992909e-22,1.059906423581494e-22,1.0599064380639362e-22,1.0599064525466104e-22,1.059906467029523e-22,1.059906481512671e-22,1.0599064959960538e-22,1.0599065104796716e-22,1.0599065249635227e-22,1.0599065394476065e-22,1.0599065539319265e-22,1.0599065684164803e-22,1.05990658290127e-22,1.0599065973862931e-22,1.05990661187155e-22,1.0599066263570405e-22,1.0599066408427643e-22,1.0599066553287214e-22,1.059906669814911e-22,1.0599066843013336e-22,1.059906698787989e-22,1.0599067132748765e-22,1.059906727761996e-22,1.0599067422493476e-22,1.059906756736931e-22,1.0599067712247461e-22,1.0599067857127927e-22,1.059906800201071e-22,1.05990681468958e-22,1.0599068291783207e-22,1.0599068436672912e-22,1.0599068581564927e-22,1.0599068726459247e-22,1.0599068871355865e-22,1.0599069016254791e-22,1.059906916115602e-22,1.0599069306059542e-22,1.0599069450965359e-22,1.0599069595873473e-22,1.0599069740783877e-22,1.0599069885696573e-22,1.059907003061156e-22,1.059907017552883e-22,1.0599070320448386e-22,1.0599070465370225e-22,1.0599070610294344e-22,1.0599070755220746e-22,1.0599070900149427e-22,1.0599071045080383e-22,1.05990711900136e-22,1.05990713349491e-22,1.0599071479886878e-22,1.059907162482693e-22,1.0599071769769246e-22,1.059907191471382e-22,1.059907205966067e-22,1.059907220460978e-22,1.0599072349561155e-22,1.0599072494514759e-22,1.0599072639470659e-22,1.0599072784428795e-22,1.0599072929389204e-22,1.059907307435183e-22,1.059907321931671e-22,1.0599073364283873e-22,1.0599073509253263e-22,1.0599073654224917e-22,1.0599073799198818e-22,1.0599073944174932e-22,1.05990740891533e-22,1.0599074234133929e-22,1.0599074379116795e-22,1.0599074524105374e-22,1.0599074669088432e-22,1.0599074814081478e-22,1.059907495907328e-22,1.0599075104067306e-22,1.0599075249063561e-22,1.0599075394062047e-22,1.059907553906276e-22,1.059907568406568e-22,1.0599075829070835e-22,1.0599075974078208e-22,1.0599076119087802e-22,1.059907626409961e-22,1.059907640911363e-22,1.0599076554129866e-22,1.0599076699148314e-22,1.0599076844168972e-22,1.0599076989191838e-22,1.0599077134216907e-22,1.0599077279244183e-22,1.0599077424273664e-22,1.0599077569305327e-22,1.059907771433921e-22,1.0599077859375283e-22,1.0599078004413565e-22,1.0599078149454037e-22,1.0599078294496703e-22,1.059907843954156e-22,1.0599078584588605e-22,1.0599078729637837e-22,1.0599078874689256e-22,1.059907901974286e-22,1.059907916479865e-22,1.0599079309856604e-22,1.0599079454916735e-22,1.0599079599979067e-22,1.0599079745043554e-22,1.059907989011023e-22,1.0599080035179082e-22,1.059908018025011e-22,1.0599080325323275e-22,1.0599080470398636e-22,1.0599080615476148e-22,1.0599080760555827e-22,1.0599080905637687e-22,1.0599081050721709e-22,1.059908119580789e-22,1.0599081340896232e-22,1.0599081485986733e-22,1.0599081631079357e-22,1.0599081776174144e-22,1.0599081921271104e-22,1.0599082066370198e-22,1.0599082211471465e-22,1.0599082356574873e-22,1.0599082501680428e-22,1.0599082646788122e-22,1.0599082791897957e-22,1.0599082937009942e-22,1.0599083082124057e-22,1.0599083227240315e-22,1.0599083372358706e-22,1.059908351747924e-22,1.0599083662601897e-22,1.059908380772669e-22,1.0599083952853615e-22,1.0599084097982638e-22,1.059908424311381e-22,1.0599084388247117e-22,1.0599084533382531e-22,1.0599084678520064e-22,1.0599084823659704e-22,1.0599084968801492e-22,1.059908511394537e-22,1.0599085259091392e-22,1.0599085404239528e-22,1.0599085549389772e-22,1.059908569454213e-22,1.0599085839696581e-22,1.0599085984853155e-22,1.0599086130011835e-22,1.0599086275172619e-22,1.0599086420335502e-22,1.0599086565500492e-22,1.0599086710667568e-22,1.0599086855836738e-22,1.059908700100802e-22,1.0599087146181383e-22,1.0599087291356854e-22,1.0599087436534417e-22,1.0599087581714068e-22,1.0599087726895809e-22,1.0599087872079637e-22,1.0599088017265549e-22,1.0599088162453548e-22,1.0599088307643628e-22,1.0599088452835788e-22,1.059908859803003e-22,1.0599088743226315e-22,1.0599088888424713e-22,1.059908903362518e-22,1.0599089178827724e-22,1.0599089324032338e-22,1.0599089469239016e-22,1.059908961444777e-22,1.059908975965857e-22,1.0599089904871455e-22,1.0599090050086399e-22,1.0599090195303414e-22,1.0599090340522474e-22,1.0599090485743604e-22,1.059909063096679e-22,1.059909077619202e-22,1.059909092141931e-22,1.0599091066648661e-22,1.0599091211880064e-22,1.0599091357113499e-22,1.0599091502348993e-22,1.059909164758654e-22,1.0599091792826123e-22,1.0599091938067753e-22,1.0599092083311433e-22,1.059909222855715e-22,1.0599092373804899e-22,1.0599092519054682e-22,1.059909266430651e-22,1.0599092809560377e-22,1.0599092954816273e-22,1.0599093100074195e-22,1.0599093245334156e-22,1.0599093390596143e-22,1.0599093535860154e-22,1.0599093681126194e-22,1.0599093826394245e-22,1.0599093971664326e-22,1.059909411693643e-22,1.0599094262210548e-22,1.059909440748669e-22,1.0599094552764817e-22,1.0599094698044991e-22,1.059909484332717e-22,1.059909498861137e-22,1.0599095133897573e-22,1.0599095279185792e-22,1.059909542447601e-22,1.059909556976824e-22,1.0599095715062473e-22,1.0599095860358705e-22,1.0599096005656942e-22,1.0599096150957177e-22,1.059909629625941e-22,1.0599096441563638e-22,1.0599096586869855e-22,1.0599096732178046e-22,1.0599096877488254e-22,1.0599097022800454e-22,1.059909716811465e-22,1.0599097313430824e-22,1.0599097458748974e-22,1.0599097604069122e-22,1.059909774939125e-22,1.0599097894715362e-22,1.0599098040041456e-22,1.0599098185369525e-22,1.0599098330699568e-22,1.0599098476031577e-22,1.0599098621365577e-22,1.059909876670155e-22,1.0599098912039488e-22,1.0599099057379404e-22,1.0599099202721282e-22,1.0599099348065128e-22,1.059909949341094e-22,1.0599099638758712e-22,1.0599099784108452e-22,1.0599099929460148e-22,1.0599100074813803e-22,1.0599100220169418e-22,1.0599100365526992e-22,1.059910051088652e-22,1.0599100656248e-22,1.059910080161143e-22,1.0599100946976816e-22,1.0599101092344148e-22,1.059910123770911e-22,1.0599101383080337e-22,1.05991015284535e-22,1.0599101673828617e-22,1.0599101819205675e-22,1.0599101964584671e-22,1.0599102109965604e-22,1.0599102255348474e-22,1.0599102400733282e-22,1.059910254612003e-22,1.0599102691508706e-22,1.0599102836899314e-22,1.0599102982291846e-22,1.0599103127686298e-22,1.0599103273082684e-22,1.0599103418481005e-22,1.0599103563881244e-22,1.059910370928341e-22,1.0599103854687497e-22,1.05991040000935e-22,1.0599104145501425e-22,1.0599104290911273e-22,1.0599104436323035e-22,1.0599104581736708e-22,1.0599104727152294e-22,1.059910487256979e-22,1.05991050179892e-22,1.0599105163410515e-22,1.0599105308833736e-22,1.0599105454258865e-22,1.0599105599685898e-22,1.0599105745114836e-22,1.0599105890541397e-22,1.0599106035969818e-22,1.0599106181404452e-22,1.0599106326840972e-22,1.05991064722794e-22,1.0599106617719725e-22,1.059910676316194e-22,1.059910690860605e-22,1.0599107054052049e-22,1.0599107199499936e-22,1.0599107344949708e-22,1.0599107490401373e-22,1.059910763585491e-22,1.0599107781310336e-22,1.059910792676764e-22,1.0599108072226826e-22,1.0599108217687895e-22,1.0599108363150835e-22,1.0599108508615656e-22,1.0599108654082349e-22,1.0599108799550917e-22,1.0599108945021352e-22,1.0599109090493661e-22,1.0599109235967842e-22,1.059910938144388e-22,1.0599109526921774e-22,1.0599109672401552e-22,1.059910981788319e-22,1.0599109963366685e-22,1.059911010885205e-22,1.0599110254339267e-22,1.0599110399828344e-22,1.0599110545319256e-22,1.0599110690812042e-22,1.0599110836306685e-22,1.0599110981803174e-22,1.0599111127301515e-22,1.0599111272801705e-22,1.0599111418303744e-22,1.0599111563807632e-22,1.0599111709313362e-22,1.0599111854820934e-22,1.0599112000330325e-22,1.059911214584158e-22,1.0599112291358123e-22,1.0599112436873062e-22,1.0599112582389833e-22,1.0599112727908438e-22,1.059911287342888e-22,1.0599113018951158e-22,1.0599113164475263e-22,1.0599113310001196e-22,1.0599113455528958e-22,1.059911360105855e-22,1.0599113746589968e-22,1.0599113892123184e-22,1.0599114037661707e-22,1.0599114183198588e-22,1.059911432873729e-22,1.0599114474277816e-22,1.0599114619820154e-22,1.0599114765364311e-22,1.0599114910910281e-22,1.0599115056458064e-22,1.0599115202011085e-22,1.0599115347562483e-22,1.0599115493115695e-22,1.059911563867414e-22,1.059911578423442e-22,1.05991159297965e-22,1.0599116075356932e-22,1.0599116220919169e-22,1.0599116366486606e-22,1.059911651205244e-22,1.0599116657620076e-22,1.0599116803189504e-22,1.0599116948764138e-22,1.0599117094337165e-22,1.0599117239915365e-22,1.0599117385491964e-22,1.0599117531070366e-22,1.0599117676650557e-22,1.0599117822232537e-22,1.0599117967812e-22,1.0599118113400934e-22,1.0599118258988265e-22,1.0599118404580742e-22,1.0599118550171628e-22,1.0599118695764293e-22,1.059911884136211e-22,1.0599118986958328e-22,1.059911913255969e-22,1.0599119278159455e-22,1.0599119423760993e-22,1.05991195693643e-22,1.0599119714969392e-22,1.0599119860571957e-22,1.0599120006180583e-22,1.0599120151790966e-22,1.059912029740312e-22,1.0599120443020554e-22,1.059912058863976e-22,1.0599120734257202e-22,1.05991208798764e-22,1.0599121025493103e-22,1.0599121171115812e-22,1.0599121316740286e-22,1.0599121462366507e-22,1.0599121607994477e-22,1.0599121753627551e-22,1.0599121899259025e-22,1.0599122044892245e-22,1.0599122190527214e-22,1.059912233616393e-22,1.0599122481802388e-22,1.05991226274426e-22,1.0599122773084544e-22,1.0599122918728233e-22,1.0599123064373655e-22,1.0599123210016551e-22,1.0599123355665457e-22,1.059912350131181e-22,1.0599123646959897e-22,1.059912379260972e-22,1.0599123938268697e-22,1.0599124083926274e-22,1.0599124229585578e-22,1.059912437525009e-22,1.0599124520916165e-22,1.059912466658064e-22,1.0599124812250344e-22,1.0599124957921776e-22,1.059912510359492e-22,1.059912524926202e-22,1.0599125394935107e-22,1.0599125540605637e-22,1.059912568628216e-22,1.0599125831963852e-22,1.059912597763955e-22,1.059912612331693e-22,1.0599126268996026e-22,1.0599126414676837e-22,1.0599126560359352e-22,1.0599126706043577e-22,1.0599126851737053e-22,1.0599126997424691e-22,1.0599127143114036e-22,1.0599127288805081e-22,1.0599127434505537e-22,1.059912758019999e-22,1.0599127725896147e-22,1.059912787159399e-22,1.0599128017293568e-22,1.0599128162994842e-22,1.059912830869781e-22,1.0599128454402447e-22,1.0599128600108768e-22,1.0599128745824459e-22,1.0599128891541917e-22,1.0599129037253317e-22,1.0599129182974142e-22,1.0599129328688908e-22,1.0599129474405358e-22,1.0599129620123493e-22,1.0599129765843312e-22,1.0599129911572567e-22,1.0599130057295757e-22,1.059913020302831e-22,1.0599130348754851e-22,1.0599130494483063e-22,1.059913064021295e-22,1.059913078595225e-22,1.0599130931693253e-22,1.0599131077428156e-22,1.0599131223172178e-22,1.059913136891814e-22,1.0599131514665799e-22,1.0599131660415066e-22,1.0599131806165995e-22,1.059913195191834e-22,1.0599132097672647e-22,1.059913224342833e-22,1.059913238918594e-22,1.0599132534945125e-22,1.0599132680706053e-22,1.059913282646859e-22,1.059913297223282e-22,1.05991331179987e-22,1.0599133263766224e-22,1.0599133409535357e-22,1.0599133555306148e-22,1.0599133701078605e-22,1.0599133846852696e-22,1.0599133992628407e-22,1.059913413840578e-22,1.059913428418467e-22,1.0599134429965335e-22,1.0599134575747582e-22,1.0599134721531465e-22,1.0599134867317036e-22,1.0599135013104203e-22,1.0599135158893002e-22,1.059913530468331e-22,1.0599135450475392e-22,1.0599135596268965e-22,1.0599135742064173e-22,1.0599135887861151e-22,1.0599136033659735e-22,1.059913617945995e-22,1.0599136325261788e-22,1.0599136471065243e-22,1.0599136616870325e-22,1.0599136762677018e-22,1.0599136908485342e-22,1.059913705429528e-22,1.0599137200106823e-22,1.0599137345919964e-22,1.0599137491734702e-22,1.0599137637551064e-22,1.0599137783369022e-22,1.0599137929188593e-22,1.0599138075009765e-22,1.0599138220832459e-22,1.059913836665689e-22,1.0599138512482916e-22,1.0599138658310554e-22,1.059913880413979e-22,1.059913894997062e-22,1.0599139095803058e-22,1.0599139241637087e-22,1.059913938747268e-22,1.05991395333099e-22,1.0599139679148604e-22,1.0599139824989021e-22,1.0599139970831032e-22,1.059914011667463e-22,1.059914026251979e-22,1.0599140408366459e-22,1.0599140554214825e-22,1.0599140700064778e-22,1.0599140845916315e-22,1.0599140991769437e-22,1.0599141137624146e-22,1.0599141283480428e-22,1.0599141429338184e-22,1.0599141575197632e-22,1.0599141721058656e-22,1.0599141866921147e-22,1.0599142012785323e-22,1.0599142158651075e-22,1.0599142304518362e-22,1.0599142450387198e-22,1.0599142596257665e-22,1.0599142742129692e-22,1.0599142888003232e-22,1.05991430338784e-22,1.0599143179755142e-22,1.0599143325633448e-22,1.0599143471513218e-22,1.059914361739462e-22,1.0599143763277576e-22,1.0599143909162124e-22,1.0599144055048207e-22,1.0599144200935877e-22,1.0599144346825073e-22,1.0599144492715825e-22,1.0599144638608163e-22,1.059914478450206e-22,1.0599144930397447e-22,1.0599145076294448e-22,1.0599145222192958e-22,1.0599145368093055e-22,1.0599145513994695e-22,1.0599145659897883e-22,1.059914580580262e-22,1.0599145951708845e-22,1.059914609761666e-22,1.0599146243525993e-22,1.059914638943689e-22,1.0599146535349337e-22,1.059914668126332e-22,1.0599146827178834e-22,1.0599146973095891e-22,1.0599147119014486e-22,1.0599147264934611e-22,1.0599147410855957e-22,1.0599147556779148e-22,1.0599147702703872e-22,1.0599147848630025e-22,1.0599147994557802e-22,1.0599148140487075e-22,1.059914828641791e-22,1.0599148432350267e-22,1.0599148578284148e-22,1.0599148724219545e-22,1.0599148870156468e-22,1.0599149016094884e-22,1.0599149162034805e-22,1.0599149307976277e-22,1.0599149453919247e-22,1.059914959986376e-22,1.059914974580979e-22,1.0599149891757334e-22,1.0599150037706365e-22,1.0599150183656921e-22,1.0599150329609001e-22,1.0599150475562583e-22,1.0599150621517654e-22,1.0599150767474245e-22,1.0599150913432327e-22,1.059915105939191e-22,1.0599151205353014e-22,1.0599151351315622e-22,1.0599151497279732e-22,1.0599151643245323e-22,1.0599151789212416e-22,1.0599151935181012e-22,1.059915208115112e-22,1.0599152227122698e-22,1.0599152373095767e-22,1.0599152519070332e-22,1.0599152665046418e-22,1.0599152811023992e-22,1.059915295700306e-22,1.0599153102983612e-22,1.059915324896539e-22,1.0599153394948907e-22,1.059915354093392e-22,1.0599153686920406e-22,1.0599153832908376e-22,1.0599153978897839e-22,1.0599154124888778e-22,1.0599154270881199e-22,1.0599154416874954e-22,1.0599154562870255e-22,1.0599154708867107e-22,1.0599154854865428e-22,1.0599155000865226e-22,1.0599155146866503e-22,1.0599155292869247e-22,1.059915543887346e-22,1.0599155584879133e-22,1.0599155730886285e-22,1.0599155876894915e-22,1.0599156022905003e-22,1.0599156168916544e-22,1.0599156314929553e-22,1.0599156460944032e-22,1.0599156606959949e-22,1.0599156752977332e-22,1.059915689899618e-22,1.0599157045016486e-22,1.0599157191038253e-22,1.0599157337061366e-22,1.0599157483086042e-22,1.05991576291122e-22,1.0599157775139786e-22,1.0599157921168825e-22,1.059915806719933e-22,1.0599158213231148e-22,1.0599158359264563e-22,1.05991585052994e-22,1.0599158651335708e-22,1.0599158797373463e-22,1.0599158943412659e-22,1.05991590894533e-22,1.0599159235495388e-22,1.0599159381538902e-22,1.059915952758383e-22,1.0599159673630154e-22,1.0599159819677997e-22,1.0599159965727262e-22,1.059916011177798e-22,1.0599160257830132e-22,1.0599160403883701e-22,1.0599160549938722e-22,1.0599160695995174e-22,1.059916084205305e-22,1.059916098811236e-22,1.0599161134173092e-22,1.059916128023523e-22,1.0599161426298802e-22,1.0599161572363798e-22,1.0599161718430222e-22,1.0599161864498084e-22,1.0599162010567365e-22,1.0599162156638071e-22,1.0599162302710197e-22,1.0599162448783748e-22,1.0599162594858646e-22,1.0599162740935027e-22,1.0599162887012822e-22,1.0599163033092036e-22,1.059916317917264e-22,1.0599163325254678e-22,1.0599163471338133e-22,1.0599163617423e-22,1.0599163763509255e-22,1.0599163909596932e-22,1.059916405568601e-22,1.0599164201776506e-22,1.059916434786841e-22,1.059916449396171e-22,1.059916464005642e-22,1.0599164786152528e-22,1.0599164932250026e-22,1.0599165078348925e-22,1.0599165224449235e-22,1.059916537055094e-22,1.0599165516654034e-22,1.0599165662758529e-22,1.059916580886441e-22,1.0599165954971698e-22,1.059916610108038e-22,1.0599166247190446e-22,1.0599166393301913e-22,1.0599166539414768e-22,1.059916668552901e-22,1.0599166831644603e-22,1.0599166977761602e-22,1.059916712387989e-22,1.059916726999968e-22,1.0599167416120836e-22,1.0599167562243269e-22,1.0599167708367185e-22,1.0599167854492372e-22,1.059916800061895e-22,1.0599168146746905e-22,1.0599168292876336e-22,1.0599168439007148e-22,1.0599168585139342e-22,1.05991687312728e-22,1.0599168877407728e-22,1.0599169023544043e-22,1.0599169169681715e-22,1.0599169315820755e-22,1.059916946196116e-22,1.059916960810296e-22,1.059916975424612e-22,1.059916990039061e-22,1.0599170046536507e-22,1.0599170192683745e-22,1.0599170338832344e-22,1.0599170484982323e-22,1.059917063113366e-22,1.0599170777286367e-22,1.059917092344041e-22,1.0599171069595806e-22,1.0599171215752563e-22,1.0599171361910677e-22,1.0599171508070154e-22,1.059917165423099e-22,1.0599171800393166e-22,1.059917194655669e-22,1.0599172092721578e-22,1.05991722388878e-22,1.059917238505539e-22,1.059917253122431e-22,1.059917267739459e-22,1.0599172823566225e-22,1.0599172969739195e-22,1.0599173115913492e-22,1.0599173262089158e-22,1.0599173408266143e-22,1.0599173554444477e-22,1.0599173700624142e-22,1.0599173846805166e-22,1.0599173992987516e-22,1.0599174139171213e-22,1.0599174285356248e-22,1.0599174431542597e-22,1.0599174577730276e-22,1.0599174723919307e-22,1.059917487010967e-22,1.0599175016301364e-22,1.0599175162494374e-22,1.0599175308688706e-22,1.059917545488439e-22,1.0599175601081392e-22,1.059917574727972e-22,1.0599175893479377e-22,1.059917603968036e-22,1.0599176185882645e-22,1.0599176332086255e-22,1.0599176478291188e-22,1.0599176624497443e-22
18,1.5384013564770318e-42,4.209940061197888e-42,7.658583630325099e-42,1.1637244594495567e-41,1.5977239910957436e-41,2.0563562777324942e-41,2.531781069261912e-41,3.0186535513140773e-41,3.513330087420194e-41,4.013326758575878e-41,4.5169502417380845e-41,5.023046174416901e-41,5.530827611224356e-41,6.0397580802567e-41,6.549471860958398e-41,7.059719636406843e-41,7.570331443696642e-41,8.081191416689485e-41,8.592220567783819e-41,9.10336505000573e-41,9.614588155102853e-41,1.0125864858537028e-40,1.0637178100722016e-40,1.11485162518956e-40,1.1659871383881756e-40,1.217123809193087e-40,1.2682612691546647e-40,1.3193992670956474e-40,1.3705376317848671e-40,1.4216762464915782e-40,1.4728150316387868e-40,1.5239539329777248e-40,1.5750929135261895e-40,1.6262319480729876e-40,1.67737101943116e-40,1.728510115884214e-40,1.7796492294448341e-40,1.8307883546678237e-40,1.8819274878412835e-40,1.9330666264346965e-40,1.9842057687229135e-40,2.0353449135299853e-40,2.0864840600541853e-40,2.1376232077489767e-40,2.1887623562418056e-40,2.239901505278624e-40,2.2910406546863223e-40,2.3421798043468283e-40,2.393318954179672e-40,2.444458104129975e-40,2.4955972541604327e-40,2.5467364042454945e-40,2.5978755543676748e-40,2.6490147045153547e-40,2.700153854680196e-40,2.7512930048569777e-40,2.8024321550417556e-40,2.853571305231944e-40,2.904710455425955e-40,2.955849605622461e-40,3.006988755820781e-40,3.05812790602024e-40,3.109267056220609e-40,3.1604062064214197e-40,3.211545356622579e-40,3.262684506824039e-40,3.313823657025569e-40,3.3649628072273207e-40,3.416101957429138e-40,3.4672411076310124e-40,3.5183802578329486e-40,3.569519408034807e-40,3.620658558236812e-40,3.671797708438752e-40,3.722936858640758e-40,3.774076008842741e-40,3.825215159044668e-40,3.876354309246717e-40,3.927493459448614e-40,3.9786326096505745e-40,4.029771759852525e-40,4.080910910054427e-40,4.132050060256467e-40,4.183189210458498e-40,4.234328360660503e-40,4.285467510862536e-40,4.336606661064568e-40,4.3877458112666056e-40,4.438884961468508e-40,4.490024111670518e-40,4.541163261872474e-40,4.592302412074429e-40,4.6434415622763905e-40,4.6945807124784315e-40,4.745719862680397e-40,4.796859012882469e-40,4.847998163084504e-40,4.899137313286435e-40,4.950276463488476e-40,5.001415613690443e-40,5.052554763892464e-40,5.103693914094426e-40,5.154833064296415e-40,5.2059722144984565e-40,5.257111364700446e-40,5.308250514902503e-40,5.359389665104474e-40,5.410528815306545e-40,5.461667965508536e-40,5.5128071157105875e-40,5.563946265912547e-40,5.615085416114531e-40,5.666224566316489e-40,5.717363716518496e-40,5.768502866720433e-40,5.819642016922413e-40,5.870781167124526e-40,5.9219203173264244e-40,5.973059467528378e-40,6.02419861773045e-40,6.0753377679324585e-40,6.126476918134439e-40,6.177616068336509e-40,6.228755218538393e-40,6.279894368740403e-40,6.331033518942363e-40,6.382172669144452e-40,6.43331181934632e-40,6.484450969548301e-40,6.535590119750338e-40,6.586729269952372e-40,6.63786842015449e-40,6.689007570356391e-40,6.740146720558436e-40,6.7912858707603514e-40,6.842425020962344e-40,6.893564171164351e-40,6.944703321366419e-40,6.995842471568314e-40,7.046981621770418e-40,7.0981207719722695e-40,7.1492599221740365e-40,7.200399072375907e-40,7.251538222578021e-40,7.3026773727801016e-40,7.353816522982114e-40,7.404955673184094e-40,7.456094823386044e-40,7.507233973587969e-40,7.558373123790012e-40,7.609512273991919e-40,7.66065142419414e-40,7.711790574396054e-40,7.762929724598098e-40,7.814068874799929e-40,7.865208025001935e-40,7.916347175203908e-40,7.967486325405953e-40,8.01862547560806e-40,8.069764625810119e-40,8.12090377601198e-40,8.172042926213804e-40,8.223182076415911e-40,8.274321226617736e-40,8.32546037681992e-40,8.376599527021968e-40,8.427738677223897e-40,8.478877827425781e-40,8.530016977627825e-40,8.581156127829925e-40,8.632295278031882e-40,8.683434428233968e-40,8.734573578435964e-40,8.785712728637712e-40,8.836851878839855e-40,8.887991029041842e-40,8.939130179243906e-40,8.990269329445822e-40,9.041408479647678e-40,9.09254762984965e-40,9.143686780051902e-40,9.194825930253663e-40,9.245965080455857e-40,9.297104230657612e-40,9.348243380859733e-40,9.39938253106181e-40,9.45052168126379e-40,9.501660831465604e-40,9.552799981667754e-40,9.603939131869893e-40,9.655078282071614e-40,9.70621743227355e-40,9.75735658247556e-40,9.808495732677511e-40,9.859634882879574e-40,9.910774033081645e-40,9.961913183283454e-40,1.0013052333485412e-39,1.0064191483687276e-39,1.011533063388926e-39,1.0166469784091267e-39,1.0217608934293173e-39,1.0268748084495279e-39,1.0319887234697319e-39,1.0371026384899057e-39,1.0422165535101321e-39,1.0473304685303635e-39,1.052444383550583e-39,1.057558298570755e-39,1.0626722135909333e-39,1.0677861286111215e-39,1.0729000436313187e-39,1.0780139586515219e-39,1.0831278736716975e-39,1.0882417886918991e-39,1.0933557037121101e-39,1.0984696187323032e-39,1.1035835337525128e-39,1.1086974487727116e-39,1.1138113637929065e-39,1.1189252788131299e-39,1.1240391938333217e-39,1.1291531088535337e-39,1.1342670238737216e-39,1.139380938893924e-39,1.1444948539141192e-39,1.1496087689342928e-39,1.1547226839544683e-39,1.1598365989746496e-39,1.164950513994842e-39,1.1700644290150414e-39,1.1751783440352593e-39,1.1802922590554326e-39,1.185406174075637e-39,1.1905200890958092e-39,1.1956340041160011e-39,1.2007479191362244e-39,1.2058618341563884e-39,1.2109757491765714e-39,1.2160896641967503e-39,1.2212035792169444e-39,1.2263174942371329e-39,1.2314314092573516e-39,1.2365453242775532e-39,1.24165923929774e-39,1.2467731543179049e-39,1.2518870693380897e-39,1.2570009843582725e-39,1.2621148993784537e-39,1.2672288143986357e-39,1.2723427294188369e-39,1.2774566444390463e-39,1.2825705594592314e-39,1.2876844744794271e-39,1.292798389499652e-39,1.2979123045198195e-39,1.3030262195400106e-39,1.3081401345602132e-39,1.3132540495803831e-39,1.318367964600586e-39,1.3234818796207893e-39,1.32859579464097e-39,1.3337097096611848e-39,1.3388236246813704e-39,1.3439375397015664e-39,1.3490514547217649e-39,1.3541653697419395e-39,1.3592792847621794e-39,1.3643931997823779e-39,1.3695071148025646e-39,1.3746210298227285e-39,1.379734944842931e-39,1.3848488598631198e-39,1.3899627748833146e-39,1.3950766899035205e-39,1.4001906049237447e-39,1.4053045199439143e-39,1.4104184349641023e-39,1.4155323499843157e-39,1.4206462650044973e-39,1.4257601800246708e-39,1.4308740950449181e-39,1.4359880100651123e-39,1.4411019250852971e-39,1.4462158401054567e-39,1.451329755125703e-39,1.4564436701458982e-39,1.4615575851660786e-39,1.4666715001862919e-39,1.4717854152064798e-39,1.4768993302266246e-39,1.482013245246865e-39,1.4871271602670675e-39,1.4922410752872446e-39,1.4973549903074462e-39,1.5024689053276288e-39,1.5075828203478702e-39,1.512696735368059e-39,1.5178106503882143e-39,1.5229245654084364e-39,1.5280384804286347e-39,1.533152395448823e-39,1.5382663104690326e-39,1.543380225489219e-39,1.5484941405094087e-39,1.5536080555295914e-39,1.5587219705497936e-39,1.5638358855699912e-39,1.5689498005901847e-39,1.5740637156104084e-39,1.5791776306305927e-39,1.584291545650752e-39,1.5894054606709916e-39,1.594519375691164e-39,1.5996332907113784e-39,1.604747205731561e-39,1.6098611207517783e-39,1.6149750357719577e-39,1.620088950792141e-39,1.6252028658123504e-39,1.6303167808325445e-39,1.6354306958527676e-39,1.6405446108729398e-39,1.6456585258931453e-39,1.650772440913322e-39,1.655886355933551e-39,1.661000270953743e-39,1.6661141859739356e-39,1.6712281009941257e-39,1.676342016014315e-39,1.6814559310345197e-39,1.686569846054729e-39,1.6916837610749056e-39,1.6967976760951016e-39,1.701911591115291e-39,1.7070255061355204e-39,1.7121394211557004e-39,1.7172533361758896e-39,1.7223672511961163e-39,1.7274811662163045e-39,1.7325950812364868e-39,1.737708996256677e-39,1.742822911276845e-39,1.7479368262970925e-39,1.7530507413172526e-39,1.7581646563374526e-39,1.763278571357652e-39,1.768392486377833e-39,1.7735064013980576e-39,1.7786203164182465e-39,1.7837342314384383e-39,1.7888481464586258e-39,1.7939620614788244e-39,1.7990759764990182e-39,1.8041898915191943e-39,1.809303806539405e-39,1.814417721559596e-39,1.8195316365798404e-39,1.8246455516000195e-39,1.8297594666202015e-39,1.834873381640383e-39,1.8399872966606347e-39,1.8451012116808046e-39,1.8502151267009804e-39,1.8553290417211865e-39,1.8604429567413998e-39,1.8655568717616252e-39,1.8706707867818108e-39,1.8757847018020362e-39,1.8808986168221846e-39,1.8860125318424237e-39,1.891126446862641e-39,1.8962403618828174e-39,1.9013542769029824e-39,1.9064681919232254e-39,1.9115821069434048e-39,1.916696021963593e-39,1.9218099369838073e-39,1.9269238520039703e-39,1.9320377670241853e-39,1.9371516820443467e-39,1.9422655970645835e-39,1.9473795120847942e-39,1.952493427104976e-39,1.9576073421251882e-39,1.9627212571453177e-39,1.9678351721654984e-39,1.972949087185745e-39,1.978063002205918e-39,1.9831769172261273e-39,1.9882908322463122e-39,1.9934047472664935e-39,1.9985186622866984e-39,2.0036325773068676e-39,2.0087464923270385e-39,2.0138604073472868e-39,2.0189743223674883e-39,2.024088237387685e-39,2.0292021524078553e-39,2.0343160674280477e-39,2.0394299824482594e-39,2.0445438974684378e-39,2.0496578124886142e-39,2.0547717275088126e-39,2.0598856425290213e-39,2.0649995575492108e-39,2.070113472569408e-39,2.0752273875896263e-39,2.080341302609815e-39,2.0854552176300288e-39,2.0905691326502066e-39,2.095683047670396e-39,2.1007969626905924e-39,2.1059108777108237e-39,2.1110247927310024e-39,2.11613870775117e-39,2.1212526227714147e-39,2.12636653779158e-39,2.1314804528117503e-39,2.13659436783197e-39,2.1417082828521907e-39,2.146822197872352e-39,2.151936112892575e-39,2.1570500279127702e-39,2.162163942932913e-39,2.1672778579531665e-39,2.1723917729733645e-39,2.177505687993533e-39,2.18261960301372e-39,2.187733518033905e-39,2.1928474330541284e-39,2.19796134807433e-39,2.203075263094547e-39,2.2081891781147615e-39,2.2133030931349402e-39,2.218417008155096e-39,2.223530923175256e-39,2.2286448381955436e-39,2.2337587532157116e-39,2.238872668235919e-39,2.2439865832560642e-39,2.2491004982763013e-39,2.2542144132964885e-39,2.2593283283167028e-39,2.2644422433368812e-39,2.2695561583570792e-39,2.2746700733773274e-39,2.2797839883975003e-39,2.2848979034176598e-39,2.2900118184378692e-39,2.295125733457993e-39,2.3002396484782387e-39,2.3053535634984197e-39,2.3104674785186383e-39,2.315581393538876e-39,2.3206953085590584e-39,2.3258092235792015e-39,2.3309231385994543e-39,2.3360370536196628e-39,2.341150968639875e-39,2.3462648836600483e-39,2.3513787986802998e-39,2.3564927137004547e-39,2.361606628720623e-39,2.3667205437407825e-39,2.371834458760954e-39,2.3769483737811742e-39,2.382062288801383e-39,2.3871762038215183e-39,2.3922901188417766e-39,2.3974040338619576e-39,2.402517948882186e-39,2.4076318639023833e-39,2.412745778922573e-39,2.4178596939427887e-39,2.4229736089629538e-39,2.4280875239831426e-39,2.433201439003392e-39,2.4383153540235725e-39,2.443429269043718e-39,2.4485431840639877e-39,2.453657099084176e-39,2.458771014104343e-39,2.4638849291245494e-39,2.4689988441447274e-39,2.474112759164935e-39,2.479226674185113e-39,2.4843405892053064e-39,2.489454504225517e-39,2.4945684192457333e-39,2.4996823342659095e-39,2.504796249286097e-39,2.509910164306292e-39,2.5150240793264737e-39,2.520137994346713e-39,2.5252519093668534e-39,2.5303658243870262e-39,2.535479739407269e-39,2.5405936544274887e-39,2.5457075694476512e-39,2.550821484467867e-39,2.5559353994880595e-39,2.561049314508282e-39,2.5661632295285057e-39,2.5712771445486877e-39,2.576391059568823e-39,2.5815049745890524e-39,2.5866188896092145e-39,2.591732804629448e-39,2.596846719649633e-39,2.601960634669825e-39,2.6070745496900635e-39,2.6121884647102187e-39,2.617302379730356e-39,2.6224162947505452e-39,2.6275302097707403e-39,2.6326441247909183e-39,2.637758039811102e-39,2.6428719548313345e-39,2.647985869851523e-39,2.6530997848716858e-39,2.6582136998918264e-39,2.6633276149120534e-39,2.668441529932229e-39,2.6735554449524092e-39,2.678669359972629e-39,2.6837832749928597e-39,2.688897190013019e-39,2.6940111050332302e-39,2.699125020053397e-39,2.7042389350736075e-39,2.7093528500937824e-39,2.7144667651139552e-39,2.7195806801341457e-39,2.7246945951543437e-39,2.7298085101745263e-39,2.7349224251947445e-39,2.740036340214908e-39,2.745150255235132e-39,2.750264170255314e-39,2.755378085275513e-39,2.760492000295707e-39,2.765605915315911e-39,2.7707198303360668e-39,2.775833745356281e-39,2.7809476603764403e-39,2.786061575396657e-39,2.7911754904168666e-39,2.7962894054370397e-39,2.8014033204572345e-39,2.8065172354774647e-39,2.811631150497646e-39,2.816745065517866e-39,2.82185898053801e-39,2.8269728955582387e-39,2.832086810578466e-39,2.8372007255986057e-39,2.842314640618863e-39,2.8474285556390734e-39,2.8525424706591898e-39,2.857656385679341e-39,2.8627703006996256e-39,2.8678842157197547e-39,2.8729981307399935e-39,2.8781120457601843e-39,2.883225960780375e-39,2.88833987580059e-39,2.8934537908207528e-39,2.8985677058410477e-39,2.903681620861276e-39,2.9087955358814368e-39,2.9139094509015323e-39,2.919023365921733e-39,2.9241372809419606e-39,2.9292511959621628e-39,2.9343651109823973e-39,2.939479026002537e-39,2.944592941022668e-39,2.949706856042909e-39,2.954820771063183e-39,2.95993468608341e-39,2.9650486011035396e-39,2.9701625161237007e-39,2.9752764311438885e-39,2.980390346164106e-39,2.9855042611842284e-39,2.9906181762044906e-39,2.9957320912246563e-39,3.0008460062448664e-39,3.005959921265024e-39,3.0110738362852774e-39,3.016187751305394e-39,3.021301666325684e-39,3.0264155813458305e-39,3.0315294963660256e-39,3.036643411386228e-39,3.0417573264063804e-39,3.046871241426721e-39,3.051985156446773e-39,3.057099071466969e-39,3.062212986487208e-39,3.067326901507407e-39,3.0724408165275344e-39,3.077554731547729e-39,3.082668646567935e-39,3.087782561588164e-39,3.0928964766082565e-39,3.098010391628532e-39,3.103124306648685e-39,3.108238221668868e-39,3.113352136689124e-39,3.1184660517093113e-39,3.123579966729456e-39,3.128693881749703e-39,3.1338077967699656e-39,3.138921711790129e-39,3.1440356268103055e-39,3.149149541830525e-39,3.154263456850775e-39,3.159377371871025e-39,3.164491286891219e-39,3.169605201911399e-39,3.17471911693159e-39,3.179833031951745e-39,3.1849469469719885e-39,3.190060861992153e-39,3.1951747770123584e-39,3.200288692032513e-39,3.2054026070526715e-39,3.2105165220728594e-39,3.215630437093051e-39,3.220744352113205e-39,3.225858267133336e-39,3.230972182153602e-39,3.236086097173813e-39,3.241200012194116e-39,3.246313927214215e-39,3.251427842234402e-39,3.2565417572546526e-39,3.261655672274802e-39,3.266769587295002e-39,3.2718835023152084e-39,3.276997417335398e-39,3.282111332355647e-39,3.287225247375832e-39,3.29233916239603e-39,3.297453077416247e-39,3.3025669924363734e-39,3.307680907456627e-39,3.312794822476798e-39,3.317908737496929e-39,3.323022652517214e-39,3.328136567537412e-39,3.333250482557582e-39,3.3383643975777486e-39,3.343478312597981e-39,3.3485922276181537e-39,3.3537061426383454e-39,3.3588200576585163e-39,3.3639339726787564e-39,3.3690478876988634e-39,3.374161802719046e-39,3.3792757177391556e-39,3.384389632759319e-39,3.389503547779618e-39,3.3946174627997897e-39,3.399731377820042e-39,3.404845292840227e-39,3.409959207860365e-39,3.415073122880643e-39,3.420187037900793e-39,3.4253009529209704e-39,3.4304148679412e-39,3.435528782961341e-39,3.440642697981575e-39,3.445756613001796e-39,3.4508705280220076e-39,3.4559844430422424e-39,3.4610983580624055e-39,3.466212273082676e-39,3.47132618810283e-39,3.476440103122992e-39,3.481554018143208e-39,3.486667933163402e-39,3.491781848183664e-39,3.496895763203809e-39,3.502009678224037e-39,3.507123593244164e-39,3.512237508264396e-39,3.5173514232845934e-39,3.522465338304711e-39,3.52757925332505e-39,3.53269316834527e-39,3.537807083365467e-39,3.5429209983856476e-39,3.5480349134058094e-39,3.5531488284260234e-39,3.558262743446223e-39,3.563376658466429e-39,3.5684905734866176e-39,3.573604488506832e-39,3.578718403527081e-39,3.583832318547273e-39,3.58894623356739e-39,3.594060148587613e-39,3.5991740636077905e-39,3.604287978627946e-39,3.6094018936482543e-39,3.614515808668354e-39,3.6196297236886333e-39,3.6247436387088826e-39,3.6298575537290606e-39,3.634971468749283e-39,3.640085383769494e-39,3.645199298789675e-39,3.650313213809862e-39,3.65542712883004e-39,3.660541043850206e-39,3.6656549588704906e-39,3.670768873890629e-39,3.675882788910874e-39,3.6809967039310215e-39,3.6861106189511977e-39,3.691224533971401e-39,3.6963384489915675e-39,3.701452364011771e-39,3.706566279032021e-39,3.711680194052206e-39,3.716794109072393e-39,3.7219080240925604e-39,3.7270219391126575e-39,3.732135854132889e-39,3.7372497691530594e-39,3.742363684173098e-39,3.747477599193218e-39,3.752591514213495e-39,3.757705429233792e-39,3.762819344253923e-39,3.7679332592741755e-39,3.773047174294305e-39,3.7781610893145584e-39,3.783275004334755e-39,3.7883889193549674e-39,3.793502834375132e-39,3.7986167493953686e-39,3.803730664415561e-39,3.808844579435718e-39,3.8139584944559035e-39,3.819072409476075e-39,3.824186324496382e-39,3.8293002395165526e-39,3.8344141545367085e-39,3.839528069556867e-39,3.844641984576991e-39,3.849755899597312e-39,3.8548698146174945e-39,3.859983729637668e-39,3.865097644657822e-39,3.870211559678083e-39,3.8753254746982773e-39,3.880439389718429e-39,3.885553304738625e-39,3.890667219758777e-39,3.895781134779118e-39,3.900895049799195e-39,3.9060089648193334e-39,3.9111228798395154e-39,3.916236794859717e-39,3.921350709879966e-39,3.926464624900253e-39,3.931578539920517e-39,3.936692454940694e-39,3.94180636996095e-39,3.946920284981073e-39,3.9520342000012794e-39,3.957148115021484e-39,3.9622620300415983e-39,3.9673759450618886e-39,3.972489860082134e-39,3.9776037751023433e-39,3.982717690122497e-39,3.9878316051427634e-39,3.992945520162935e-39,3.998059435183095e-39,4.003173350203313e-39,4.008287265223462e-39,4.0134011802436153e-39,4.0185150952638535e-39,4.0236290102840413e-39,4.028742925304257e-39,4.033856840324451e-39,4.038970755344567e-39,4.0440846703646904e-39,4.049198585384915e-39,4.054312500405112e-39,4.059426415425339e-39,4.0645403304455586e-39,4.0696542454656584e-39,4.074768160485862e-39,4.079882075506102e-39,4.0849959905262285e-39,4.0901099055463936e-39,4.0952238205666637e-39,4.1003377355868274e-39,4.105451650607084e-39,4.110565565627296e-39,4.115679480647534e-39,4.120793395667745e-39,4.125907310687908e-39,4.131021225708076e-39,4.136135140728308e-39,4.141249055748392e-39,4.146362970768537e-39,4.151476885788814e-39,4.156590800809024e-39,4.161704715829186e-39,4.166818630849324e-39,4.1719325458694536e-39,4.177046460889651e-39,4.182160375909894e-39,4.187274290930178e-39,4.192388205950393e-39,4.19750212097067e-39,4.202616035990806e-39,4.2077299510109814e-39,4.21284386603123e-39,4.2179577810514805e-39,4.223071696071637e-39,4.228185611091848e-39,4.233299526112049e-39,4.23841344113223e-39,4.243527356152572e-39,4.2486412711727336e-39,4.2537551861929084e-39,4.2588691012130604e-39,4.2639830162331974e-39,4.269096931253404e-39,4.274210846273417e-39,4.279324761293701e-39,4.284438676313846e-39,4.289552591334073e-39,4.2946665063542496e-39,4.29978042137438e-39,4.304894336394531e-39,4.310008251414744e-39,4.315122166434867e-39,4.3202360814551256e-39,4.325349996475354e-39,4.330463911495552e-39,4.3355778265157754e-39,4.340691741535857e-39,4.34580565655615e-39,4.3509195715765067e-39,4.3560334865966926e-39,4.3611474016168576e-39,4.3662613166370624e-39,4.371375231657356e-39,4.376489146677487e-39,4.3816030616976704e-39,4.386716976717818e-39,4.391830891738087e-39,4.396944806758284e-39,4.402058721778488e-39,4.407172636798647e-39,4.412286551818798e-39,4.4174004668389796e-39,4.4225143818590924e-39,4.427628296879449e-39,4.432742211899504e-39,4.4378561269197e-39,4.4429700419399685e-39,4.448083956960107e-39,4.453197871980305e-39,4.458311787000497e-39,4.463425702020803e-39,4.4685396170408785e-39,4.473653532060971e-39,4.478767447081243e-39,4.483881362101497e-39,4.488995277121684e-39,4.49410919214193e-39,4.499223107162103e-39,4.504337022182259e-39,4.509450937202496e-39,4.514564852222657e-39,4.519678767242882e-39,4.524792682263076e-39,4.529906597283245e-39,4.535020512303527e-39,4.5401344273236705e-39,4.545248342343841e-39,4.550362257363923e-39,4.5554761723841167e-39,4.5605900874043554e-39,4.565704002424514e-39,4.5708179174445935e-39,4.5759318324647285e-39,4.581045747484931e-39,4.5861596625051767e-39,4.5912735775254924e-39,4.5963874925457286e-39,4.601501407565968e-39,4.606615322586115e-39,4.611729237606293e-39,4.616843152626577e-39,4.621957067646719e-39,4.627070982666922e-39,4.6321848976871226e-39,4.637298812707362e-39,4.6424127277275584e-39,4.647526642747846e-39,4.652640557768021e-39,4.6577544727882283e-39,4.662868387808463e-39,4.6679823028286223e-39,4.673096217848916e-39,4.678210132869055e-39,4.683324047889248e-39,4.688437962909402e-39,4.693551877929426e-39,4.6986657929497456e-39,4.703779707969836e-39,4.7088936229900724e-39,4.714007538010244e-39,4.7191214530304e-39,4.724235368050635e-39,4.729349283070878e-39,4.734463198091073e-39,4.739577113111281e-39,4.744691028131497e-39,4.749804943151576e-39,4.7549188581718416e-39,4.7600327731920744e-39,4.765146688212266e-39,4.7702606032324835e-39,4.775374518252641e-39,4.780488433272815e-39,4.785602348293013e-39,4.790716263313226e-39,4.795830178333399e-39,4.800944093353613e-39,4.806058008373801e-39,4.8111719233940856e-39,4.816285838414265e-39,4.821399753434498e-39,4.826513668454655e-39,4.831627583474853e-39,4.8367414984949036e-39,4.841855413515223e-39,4.846969328535456e-39,4.852083243555509e-39,4.85719715857573e-39,4.862311073595938e-39,4.8674249886162663e-39,4.8725389036363694e-39,4.8776528186566225e-39,4.882766733676878e-39,4.887880648696989e-39,4.892994563717097e-39,4.898108478737395e-39,4.903222393757569e-39,4.908336308777666e-39,4.913450223797883e-39,4.9185641388181065e-39,4.923678053838338e-39,4.928791968858444e-39,4.933905883878694e-39,4.939019798898913e-39,4.944133713919063e-39,4.9492476289392605e-39,4.954361543959514e-39,4.959475458979641e-39,4.964589373999796e-39,4.969703289020015e-39,4.974817204040308e-39,4.97993111906047e-39,4.98504503408063e-39,4.990158949100774e-39,4.995272864121031e-39,5.000386779141196e-39,5.0055006941614386e-39,5.010614609181696e-39,5.0157285242018724e-39,5.020842439222133e-39,5.025956354242158e-39,5.031070269262333e-39,5.0361841842825854e-39,5.041298099302796e-39,5.046412014323001e-39,5.05152592934312e-39,5.056639844363399e-39,5.061753759383609e-39,5.066867674403727e-39,5.071981589423989e-39,5.0770955044441817e-39,5.0822094194643486e-39,5.087323334484548e-39,5.0924372495047785e-39,5.09755116452489e-39,5.102665079545131e-39,3.2491669700724865e-21,3.427445980016162e-21,3.4372921012749215e-21,3.43790724537728e-21,3.438023602810204e-21,3.438120140997036e-21,3.438223284256531e-21,3.438334325625302e-21,3.438452891257022e-21,3.4385798651091276e-21,3.438714830981241e-21,3.4388573271058035e-21,3.439008231208279e-21,3.439167130406782e-21,3.439333558712016e-21,3.439508241203324e-21,3.4396910689511666e-21,3.439881877045327e-21,3.440080216869172e-21,3.4402869628769805e-21,3.440501704070815e-21,3.440723972794894e-21,3.440954496565195e-21,3.441193166332527e-21,3.441439515845521e-21,3.441694132691047e-21,3.441956436878517e-21,3.442226855536901e-21,3.442505412685342e-21,3.442791950379541e-21,3.443086015722171e-21,3.44338848913187e-21,3.4436986562503645e-21,3.444017091065241e-21,3.444343214501425e-21,3.444677605965221e-21,3.445019682200256e-21,3.445369874021488e-21,3.445728202454286e-21,3.446094213426876e-21,3.4464683373822015e-21,3.446850600149028e-21,3.447240540866935e-21,3.447638750541553e-21,3.448044645586566e-21,3.4484588075521716e-21,3.4488806596088106e-21,3.449310775319679e-21,3.449748879329467e-21,3.4501945189811064e-21,3.450648557575408e-21,3.451110297748755e-21,3.4515801495859594e-21,3.452058140307291e-21,3.452544105618083e-21,3.4530376085262506e-21,3.453539511970867e-21,3.454049115102556e-21,3.454566982475521e-21,3.455092539366366e-21,3.455626363278171e-21,3.456168173655761e-21,3.456717514220574e-21,3.457275260682116e-21,3.457841002329427e-21,3.458414276168335e-21,3.458995955682385e-21,3.459585629684622e-21,3.460182833794117e-21,3.460788443916991e-21,3.461402047606121e-21,3.4620231872607814e-21,3.46265257729618e-21,3.463290110729525e-21,3.4639356269003655e-21,3.46458867450728e-21,3.4652501244884e-21,3.465919570933261e-21,3.466596551319196e-21,3.4672819336027544e-21,3.4679753132622685e-21,3.468676224036444e-21,3.469385539117298e-21,3.470102550428225e-21,3.470827827232781e-21,3.4715607944541116e-21,3.47230187455269e-21,3.4730509393101055e-21,3.473808131477694e-21,3.474573305769972e-21,3.4753460155727654e-21,3.476127125016297e-21,3.476916231341866e-21,3.477712871036165e-21,3.478517912219773e-21,3.4793306525181086e-21,3.480151657965217e-21,3.480980351736076e-21,3.4818173113800265e-21,3.482662258599513e-21,3.4835147385807925e-21,3.48437546991221e-21,3.4852443436525345e-21,3.4861209038565806e-21,3.487005725960392e-21,3.487898535443036e-21,3.488799320283266e-21,3.4897075014720806e-21,3.4906242174037424e-21,3.491548935575919e-21,3.4924816268120216e-21,3.493421718795185e-21,3.494370344354926e-21,3.495326971504792e-21,3.4962911351216866e-21,3.497263697668199e-21,3.498243962603723e-21,3.499232486674816e-21,3.500228707656091e-21,3.5012331870015305e-21,3.502245361897316e-21,3.503265795204334e-21,3.5042939253103476e-21,3.505330314548655e-21,3.5063746901904386e-21,3.507426608198199e-21,3.5084869223082184e-21,3.509554936142354e-21,3.510631062266321e-21,3.511715324044735e-21,3.5128072699146784e-21,3.5139073277738665e-21,3.51501552149781e-21,3.516131399009183e-21,3.5172555391456394e-21,3.518387371444699e-21,3.519527315736545e-21,3.520675395448452e-21,3.521831455257057e-21,3.522995052098457e-21,3.52416689742749e-21,3.525346884862096e-21,3.526534559095242e-21,3.527730495391825e-21,3.5289344164056486e-21,3.53014587842906e-21,3.531365738476707e-21,3.532593593713482e-21,3.533828985032696e-21,3.5350726258200155e-21,3.5363244089748455e-21,3.537584173994134e-21,3.538851475102312e-21,3.540127024983113e-21,3.541410714966218e-21,3.5427020953181135e-21,3.544001733257218e-21,3.545309360194259e-21,3.546624527953014e-21,3.5479480899786776e-21,3.549279355443347e-21,3.5506188773742626e-21,3.5519661000195045e-21,3.5533215780679134e-21,3.5546847539848636e-21,3.556056039008313e-21,3.557435308593858e-21,3.558822704752857e-21,3.560218077956127e-21,3.56162099866711e-21,3.563032162285262e-21,3.5644514659534465e-21,3.565878459406005e-21,3.567313709071633e-21,3.568756658257044e-21,3.570207863187032e-21,3.5716667661588636e-21,3.573133925227676e-21,3.574608783127672e-21,3.576091749766148e-21,3.577582846200463e-21,3.579081921979557e-21,3.580588551976769e-21,3.582103567786542e-21,3.583626578296766e-21,3.5851571341566525e-21,3.5866960832489646e-21,3.588243026293931e-21,3.5897975114304736e-21,3.591360390037003e-21,3.592931261486439e-21,3.5945096834680075e-21,3.596096494048133e-21,3.597691300050207e-21,3.599293651210314e-21,3.600904245968193e-21,3.602522832587999e-21,3.604149397244545e-21,3.6057840868314445e-21,3.6074264665733336e-21,3.609077103528023e-21,3.610735436837924e-21,3.612402029460884e-21,3.614076316107895e-21,3.6157588591211235e-21,3.617449391270704e-21,3.619147472257492e-21,3.620853943226689e-21,3.622568115833372e-21,3.624290546270531e-21,3.626020676169333e-21,3.627759059169039e-21,3.629505145440397e-21,3.631259487061883e-21,3.633021524061221e-21,3.63479181802831e-21,3.636569811275539e-21,3.638356058755037e-21,3.64015000739308e-21,3.6419522073590535e-21,3.64376211243096e-21,3.645580270762487e-21,3.647406415053737e-21,3.649240107906147e-21,3.651082187962058e-21,3.652932263458681e-21,3.6547898898668444e-21,3.656655903798451e-21,3.6585299127364706e-21,3.6604114672340225e-21,3.662301410378699e-21,3.664199350891108e-21,3.6661048393537296e-21,3.6680187138665026e-21,3.669940298647674e-21,3.6718701371366745e-21,3.673807675109594e-21,3.675753321490233e-21,3.677706952283315e-21,3.6796685607427345e-21,3.681638293086616e-21,3.683615717384783e-21,3.6856013967854145e-21,3.687595064780558e-21,3.689596278039582e-21,3.691605881106058e-21,3.6936231906668536e-21,3.695648756227428e-21,3.697682304410637e-21,3.699723409206714e-21,3.701772895544106e-21,3.703830094156957e-21,3.70589554313405e-21,3.707968695958751e-21,3.7100501000402514e-21,3.712139206693367e-21,3.71423656641699e-21,3.716341912943014e-21,3.718454810953388e-21,3.720576095294442e-21,3.722705373932454e-21,3.7248422009538064e-21,3.726987417167245e-21,3.72914062801766e-21,3.73130181213547e-21,3.733470967906065e-21,3.735647411738144e-21,3.737832494599714e-21,3.740025306088771e-21,3.742226223555628e-21,3.744435125257324e-21,3.746652004553847e-21,3.748876861082185e-21,3.751109694826015e-21,3.753350651522023e-21,3.755599588984078e-21,3.757856075848748e-21,3.760120948195594e-21,3.762393530280043e-21,3.764674219603421e-21,3.766962893356813e-21,3.769259544714875e-21,3.771564317805665e-21,3.7738767871946116e-21,3.776197505495504e-21,3.7785259304388056e-21,3.780862602987652e-21,3.783206982544032e-21,3.7855596132578386e-21,3.787919943519925e-21,3.790288382086508e-21,3.792664950796355e-21,3.795049499819886e-21,3.797441600031826e-21,3.799842081532159e-21,3.802250279050553e-21,3.804666726959528e-21,3.8070911614692314e-21,3.809523147469375e-21,3.811963518981376e-21,3.814411884861687e-21,3.8168682240714585e-21,3.81933198320403e-21,3.82180425471208e-21,3.824284527789941e-21,3.826772356501295e-21,3.8292685683289655e-21,3.831772488447853e-21,3.8342846614311626e-21,3.836804822064053e-21,3.839332955015176e-21,3.8418685112115905e-21,3.844412574863408e-21,3.846964361515127e-21,3.849524395312449e-21,3.8520921366710116e-21,3.8546681275497194e-21,3.857252104712537e-21,3.859843636716609e-21,3.862443550732723e-21,3.865051458006513e-21,3.867666923415915e-21,3.8702907689629455e-21,3.8729226076348915e-21,3.8755620049448875e-21,3.8782097819375634e-21,3.880865553219223e-21,3.883528881085381e-21,3.886200590035718e-21,3.888880293041098e-21,3.891567551762133e-21,3.894263191476478e-21,3.896966543224468e-21,3.899678142548687e-21,3.902397730960667e-21,3.90512487961422e-21,3.90786040296087e-21,3.910603642949348e-21,3.913355127904145e-21,3.916114322975846e-21,3.9188817621006165e-21,3.921656911731768e-21,3.924440307159145e-21,3.927231409338174e-21,3.930030760772404e-21,3.932837815581665e-21,3.93565311933081e-21,3.938476130408788e-21,3.941307388725088e-21,3.94414635399068e-21,3.9469934240178866e-21,3.9498486213964386e-21,3.9527115182219345e-21,3.955582519805799e-21,3.958461648936643e-21,3.961348476967678e-21,3.964243410101762e-21,3.967146467180682e-21,3.9700572301075626e-21,3.972976094924973e-21,3.9759030874534895e-21,3.978837778213539e-21,3.981780717401352e-21,3.984731644332349e-21,3.987690128992192e-21,3.990656849102385e-21,3.993631703908112e-21,3.996614536554383e-21,3.999605343588974e-21,4.002603584684094e-21,4.005610326772487e-21,4.0086247884853575e-21,4.011647499892936e-21,4.014678195055043e-21,4.017716454084572e-21,4.0207630894988434e-21,4.023817719343231e-21,4.026879906603954e-21,4.0299503299055855e-21,4.033028744533979e-21,4.036115278679147e-21,4.03920979124263e-21,4.042311869970568e-21,4.0454223207827155e-21,4.0485407674934924e-21,4.051666774540781e-21,4.054801158571775e-21,4.057943537056389e-21,4.0610934734272605e-21,4.064251645479495e-21,4.0674178089308984e-21,4.0705919503054115e-21,4.073774068903729e-21,4.0769641646442965e-21,4.080162237543823e-21,4.083368287604578e-21,4.0865823148237595e-21,4.089804319123244e-21,4.0930343007079304e-21,4.096272400046941e-21,4.099518203181869e-21,4.102772249488027e-21,4.10603428356499e-21,4.109303882161309e-21,4.11258185217739e-21,4.115867540597498e-21,4.119161473137753e-21,4.122463115549031e-21,4.125773001769024e-21,4.1290905991269355e-21,4.132416439176027e-21,4.135749991235696e-21,4.1390917860405266e-21,4.142441292258772e-21,4.145799041876613e-21,4.149164778061863e-21,4.1525384884343604e-21,4.155919635490435e-21,4.159309279474227e-21,4.162706924337245e-21,4.166112133831555e-21,4.1695257162342545e-21,4.1729472932955655e-21,4.17637684403543e-21,4.179813830012191e-21,4.183259314466433e-21,4.186712799947852e-21,4.1901742594140065e-21,4.1936431527461855e-21,4.197120545690322e-21,4.2006056610622476e-21,4.2040990215095e-21,4.2076000934379304e-21,4.2111094068174244e-21,4.21462643435901e-21,4.2181517050360655e-21,4.221684684171104e-21,4.225225907813502e-21,4.2287748423979074e-21,4.232332020233241e-21,4.235896909178686e-21,4.239470041314345e-21,4.24305116088695e-21,4.246639846352597e-21,4.250236900357896e-21,4.253841950702171e-21,4.257454974341634e-21,4.2610754396787515e-21,4.264704397024895e-21,4.26834135375708e-21,4.2719862848655066e-21,4.275638660240167e-21,4.279299526270652e-21,4.282968392142184e-21,4.2866448275994145e-21,4.290329629280349e-21,4.294022155029664e-21,4.297722918595305e-21,4.301431398877624e-21,4.305148119932051e-21,4.3088728276558434e-21,4.312605507629563e-21,4.316345629108036e-21,4.3200942435946615e-21,4.323850583385795e-21,4.327615166440103e-21,4.331387461394189e-21,4.335167998698817e-21,4.338956248009201e-21,4.342752737014494e-21,4.346556943050038e-21,4.350369384029258e-21,4.354189546581773e-21,4.358017945349967e-21,4.3618543319018385e-21,4.365698288609163e-21,4.3695506125480854e-21,4.37341065600504e-21,4.377278940940733e-21,4.381155213309533e-21,4.385039055156215e-21,4.388931263132077e-21,4.392831463362259e-21,4.3967392402510606e-21,4.4006552417678856e-21,4.404579371835166e-21,4.408511483490345e-21,4.412451167439083e-21,4.4163990772359525e-21,4.420354977987988e-21,4.424318993989537e-21,4.428290990033382e-21,4.432270561998849e-21,4.436258357069886e-21,4.44025414349285e-21,4.444257907714654e-21,4.448269649138543e-21,4.4522895061704936e-21,4.456317343157017e-21,4.460352752162264e-21,4.464396387588103e-21,4.46844815145204e-21,4.472507625831745e-21,4.476575336446162e-21,4.480650765855463e-21,4.48473443081069e-21,4.488826083564486e-21,4.4929253123257e-21,4.497032764913612e-21,4.501148344091559e-21,4.505271637018601e-21,4.5094031640603566e-21,4.513542410993121e-21,4.517689892319375e-21,4.52184535952583e-21,4.5260084081913985e-21,4.5301796779123e-21,4.534359076726794e-21,4.538546456035631e-21,4.542741407459076e-21,4.5469447231944005e-21,4.551155761808547e-21,4.555375035383751e-21,4.559602032174992e-21,4.5638372600175425e-21,4.568080474515723e-21,4.572331274167659e-21,4.5765904278969836e-21,4.580857308554793e-21,4.585132425287542e-21,4.589415528339848e-21,4.5937062078128945e-21,4.5980052461094146e-21,4.60231201262179e-21,4.606627011386083e-21,4.610949997242627e-21,4.615280568119928e-21,4.619619492368263e-21,4.6239661447661096e-21,4.628321033029938e-21,4.6326836374039e-21,4.637054342067477e-21,4.6414331675342035e-21,4.645819971398901e-21,4.6502143558953014e-21,4.6546170978858756e-21,4.659027832702996e-21,4.663446148802016e-21,4.667872686211438e-21,4.6723072141284896e-21,4.6767497198840985e-21,4.681200339330862e-21,4.685658937768281e-21,4.6901251159684094e-21,4.694599649315635e-21,4.6990819138453565e-21,4.703572275322155e-21,4.7080707548367085e-21,4.712577214765941e-21,4.717091258362997e-21,4.721613656585681e-21,4.726143782068326e-21,4.730682142458401e-21,4.735228488877921e-21,4.739782414772667e-21,4.744344562938193e-21,4.748914837736335e-21,4.75349309240624e-21,4.758078927747112e-21,4.762673120303572e-21,4.7672750391454095e-21,4.77188505715998e-21,4.7765030589197935e-21,4.781129038144e-21,4.7857629944876196e-21,4.790405062892559e-21,4.7950548464141566e-21,4.7997128614959176e-21,4.804378599062885e-21,4.809052568075773e-21,4.813734260159694e-21,4.818424184292534e-21,4.823121829756678e-21,4.827827704080689e-21,4.832541307413818e-21,4.837263138892325e-21,4.841992957617596e-21,4.8467303605826624e-21,4.8514761176181475e-21,4.856229866170343e-21,4.860991200182677e-21,4.86576088859874e-21,4.870538569638757e-21,4.875323833658844e-21,4.8801174525504245e-21,4.884918800452564e-21,4.889728380171096e-21,4.894545948576268e-21,4.899371490638157e-21,4.904204489351875e-21,4.9090459641275e-21,4.913895174045293e-21,4.9187526174583684e-21,4.9236180461221636e-21,4.9284910588694125e-21,4.933372291191391e-21,4.9382616464421e-21,4.9431587221234324e-21,4.9480640287836166e-21,4.952977318764457e-21,4.957898195294303e-21,4.96282742455421e-21,4.967764383303429e-21,4.972709573657677e-21,4.977662747826589e-21,4.982623512580634e-21,4.987592625921372e-21,4.9925694713847845e-21,4.997554413082705e-21,5.0025474710108555e-21,5.007548248610055e-21,5.012557121618309e-21,5.017574111049058e-21,5.022598819809208e-21,5.027631624059966e-21,5.032672411966778e-21,5.0377211772911025e-21,5.04277805385075e-21,5.0478429119319955e-21,5.052915742554402e-21,5.057996033434201e-21,5.063084796537465e-21,5.0681815582880775e-21,5.0732859091049684e-21,5.0783986120624425e-21,5.083519307219362e-21,5.08864758795877e-21,5.093784220680506e-21,5.098928846238415e-21,5.104081058890285e-21,5.1092414894514904e-21,5.114410043157076e-21,5.119586316592275e-21,5.1247708196740425e-21,5.12996330893683e-21,5.135163384217402e-21,5.1403718083167535e-21,5.145587968150796e-21,5.1508122225498785e-21,5.156044593750491e-21,5.16128468342825e-21,5.166533001243203e-21,5.17178930343962e-21,5.177053199986352e-21,5.1823254422677424e-21,5.187605417619385e-21,5.192893619708968e-21,5.198189550537648e-21,5.203493575836856e-21,5.208805715061939e-21,5.21412557827569e-21,5.2194535348143966e-21,5.22478960786715e-21,5.230133399967253e-21,5.235485287658121e-21,5.240845292150112e-21,5.246213015358152e-21,5.251588966501765e-21,5.2569729025259896e-21,5.262364432431737e-21,5.267764307339405e-21,5.2731719165619444e-21,5.2785877543229886e-21,5.284011578698435e-21,5.2894429897577385e-21,5.294882749659565e-21,5.300330244451893e-21,5.305785964781584e-21,5.311249674183468e-21,5.3167209736597094e-21,5.322200620458281e-21,5.327688259823301e-21,5.3331838724491364e-21,5.338686956782077e-21,5.344198505023384e-21,5.349718052459209e-21,5.355245573686732e-21,5.360780565419176e-21,5.36632402198772e-21,5.371875478042476e-21,5.377434906709101e-21,5.383001806867183e-21,5.3885771710911515e-21,5.394160534198043e-21,5.39975187081386e-21,5.405350681981707e-21,5.410957954876895e-21,5.416573225130937e-21,5.4221960902330004e-21,5.4278273013835766e-21,5.433466503910889e-21,5.4391132997467185e-21,5.444768437538275e-21,5.4504313162536574e-21,5.4561024167729394e-21,5.461781505267406e-21,5.467468188286523e-21,5.473163212525928e-21,5.478866229285901e-21,5.484576846609516e-21,5.4902958045353286e-21,5.4960227514626236e-21,5.501757298460189e-21,5.5075001858874186e-21,5.513251067579701e-21,5.519009543128849e-21,5.5247763620840564e-21,5.530551174473804e-21,5.536333960482098e-21,5.542124721649229e-21,5.547923457548965e-21,5.553730167245607e-21,5.55954400776675e-21,5.565366641235276e-21,5.5711972919204736e-21,5.577035537583767e-21,5.582882126179678e-21,5.588736453601138e-21,5.5945990054175344e-21,5.60046954256428e-21,5.606348052568258e-21,5.6122340409680684e-21,5.618128485054753e-21,5.624030674813014e-21,5.62994108694685e-21,5.635859231337542e-21,5.641785598179645e-21,5.647719952566915e-21,5.653662280643646e-21,5.659612085292717e-21,5.665570346648259e-21,5.67153660684844e-21,5.677510841263134e-21,5.683492557575656e-21,5.689482728817503e-21,5.695480641709652e-21,5.701486779823304e-21,5.707500647992327e-21,5.713522738033643e-21,5.719552562226037e-21,5.7255906064625776e-21,5.731636384863566e-21,5.737690384120133e-21,5.743752115586607e-21,5.749822068994114e-21,5.755899754664953e-21,5.761985662087687e-21,5.768079301910902e-21,5.7741810343046805e-21,5.780290877606776e-21,5.7864087037430806e-21,5.792534128791965e-21,5.7986678922665344e-21,5.8048093932083284e-21,5.810959116070005e-21,5.817116573329537e-21,5.8232822522293644e-21,5.829455912883102e-21,5.83563717959551e-21,5.8418267794811314e-21,5.848024371112328e-21,5.8542295712526355e-21,5.860443104128255e-21,5.8666646265806566e-21,5.8728937569775496e-21,5.879131221777551e-21,5.885376425610703e-21,5.891629851909001e-21,5.8978910095410334e-21,5.9041603868168085e-21,5.910437750941669e-21,5.9167227205779994e-21,5.923016024206884e-21,5.9293170680243e-21,5.935626330829218e-21,5.94194333058135e-21,5.9482685498646164e-21,5.954601501535987e-21,5.9609426697467235e-21,5.9672918275658465e-21,5.973648592750754e-21,5.9800136857903586e-21,5.9863867759646884e-21,5.9927674709042e-21,5.999156498412188e-21,6.0055532675286424e-21,6.0119581281121104e-21,6.018371100369995e-21,6.024792050956756e-21,6.031220974449963e-21,6.037657390122598e-21,6.044102250889927e-21,6.05055510982354e-21,6.057015573000966e-21,6.0634843708104146e-21,6.069961159511511e-21,6.076445556860242e-21,6.0829382868751904e-21,6.089439009050941e-21,6.095947703988642e-21,6.102463885763367e-21,6.108988515651895e-21,6.115520895055907e-21,6.1220614928783875e-21,6.12861007795405e-21,6.135166264443029e-21,6.1417307836544046e-21,6.148303050992899e-21,6.1548835342108644e-21,6.16147200239382e-21,6.1680680774597705e-21,6.174672484667534e-21,6.1812848823536916e-21,6.187904889870277e-21,6.1945332285318385e-21,6.201169309854126e-21,6.2078136103170815e-21,6.214465644967405e-21,6.221125899394525e-21,6.227794138482501e-21,6.2344703526542866e-21,6.241154054929669e-21,6.247846201724649e-21,6.254546349041403e-21,6.261254102834032e-21,6.267970189440593e-21,6.274694267202129e-21,6.2814259517207995e-21,6.288165968277851e-21,6.2949139746794974e-21,6.301669592888668e-21,6.308433414179819e-21,6.315205224948306e-21,6.321985138953931e-21,6.32877303192e-21,6.3355685362495015e-21,6.3423723700971384e-21,6.349184195945667e-21,6.356003627501805e-21,6.3628313916284126e-21,6.369666899382211e-21,6.376510625745209e-21,6.383362087799039e-21,6.3902217672005934e-21,6.397089183151041e-21,6.403964812982759e-21,6.410848431248415e-21,6.417739663026452e-21,6.4246392201081476e-21,6.431546521985276e-21,6.4384620375691515e-21,6.445385295577713e-21,6.452316766939859e-21,6.459256221315184e-21,6.466203291685763e-21,6.473158688592755e-21,6.4801220743693706e-21,6.487093074507597e-21,6.494072401116212e-21,6.501059718380141e-21,6.508054650554653e-21,6.5150579082707234e-21,6.522068912614593e-21,6.529088130811075e-21,6.536115089670272e-21,6.543150262969216e-21,6.550193174633744e-21,6.5572443026215385e-21,6.564303416824876e-21,6.57137013757773e-21,6.57844518866718e-21,6.585528232875677e-21,6.592618886708119e-21,6.5997178696761805e-21,6.606824844690466e-21,6.61393942938944e-21,6.621062342301111e-21,6.6281930025109974e-21,6.635331876023862e-21,6.642478734923126e-21,6.649633207922798e-21,6.656796006199172e-21,6.6639667972831145e-21,6.6711451984039896e-21,6.6783319261966915e-21,6.6855264040579075e-21,6.6927290927133525e-21,6.699939765125768e-21,6.7071580578159e-21,6.7143846718826486e-21,6.7216192764713185e-21,6.7288618575605485e-21,6.7361119400812295e-21,6.743370455227359e-21,6.750636725723851e-21,6.757911208224941e-21,6.765193677885989e-21,6.772483759778173e-21,6.779782164104184e-21,6.78708856072048e-21,6.794402580317564e-21,6.801724919252607e-21,6.809055246755701e-21,6.816393193718982e-21,6.823739462446608e-21,6.831093725296019e-21,6.838455601342457e-21,6.845825800964111e-21,6.85320399031358e-21,6.860589802033872e-21,6.867983932095504e-21,6.875386053051513e-21,6.882795795869336e-21,6.890213859235685e-21,6.89763991521563e-21,6.905073945049102e-21,6.91251547377574e-21,6.919965438595957e-21,6.927423156808416e-21,6.934889088583771e-21,6.942363006577003e-21,6.949844898464622e-21,6.957334289526224e-21,6.964832116305833e-21,6.972337941346653e-21,6.979851740025841e-21,6.987373041001062e-21,6.994902775172787e-21,7.002440508829069e-21,7.00998621643742e-21,7.017539897015977e-21,7.025100974384337e-21,7.03267058851342e-21,7.040248205424927e-21,7.047833796100442e-21,7.055426892880183e-21,7.063028420846e-21,7.070637946877833e-21,7.078255089756157e-21,7.085880556375524e-21,7.093514010518489e-21,7.101155086928858e-21,7.108804482155508e-21,7.11646187010306e-21,7.124126875119862e-21,7.131800201913508e-21,7.139481279066621e-21,7.147170564987403e-21,7.15486783824811e-21,7.162572729806428e-21,7.17028594039832e-21,7.178006902570359e-21,7.185736072074664e-21,7.193473230589615e-21,7.201218363029286e-21,7.208971003195156e-21,7.21673207262031e-21,7.224501139290438e-21,7.232278179198275e-21,7.240062726872476e-21,7.247855702809904e-21,7.255656676589531e-21,7.263465623510297e-21,7.271282079133804e-21,7.279106961229245e-21,7.286939603366969e-21,7.29478045402839e-21,7.302629049164095e-21,7.310485855093896e-21,7.318350644311435e-21,7.326223053615853e-21,7.334103781818824e-21,7.341992499542348e-21,7.349888844236e-21,7.357793502469571e-21,7.365706153683862e-21,7.373626426595049e-21,7.381555016955014e-21,7.389491359443119e-21,7.397435909910192e-21,7.405388445913984e-21,7.413348605194794e-21,7.421317079297627e-21,7.429293549956684e-21,7.437277640562932e-21,7.445270046471625e-21,7.453270444559528e-21,7.461278817836908e-21,7.46929470260834e-21,7.47731901314305e-21,4.180990684989324e-21,3.9994457317907825e-21,3.989456822253583e-21,3.9889076480527955e-21,3.988877494680935e-21,3.9888758614983316e-21,3.988875794550941e-21,3.988875813501693e-21,3.988875837093715e-21,3.988875860825145e-21,3.988875884518923e-21,3.988875908167846e-21,3.9888759317981344e-21,3.98887595536271e-21,3.988875978867215e-21,3.988876002352567e-21,3.9888760258129155e-21,3.988876049200792e-21,3.988876072595941e-21,3.9888760959979404e-21,3.988876119321225e-21,3.9888761426449785e-21,3.988876165918547e-21,3.988876189183633e-21,3.988876212387001e-21,3.98887623557711e-21,3.988876258734373e-21,3.9888762818594305e-21,3.9888763049606006e-21,3.988876328036539e-21,3.988876351078078e-21,3.98887637407458e-21,3.988876397078585e-21,3.9888764200302654e-21,3.9888764429413605e-21,3.988876465839937e-21,3.988876488733416e-21,3.988876511576164e-21,3.9888765343885294e-21,3.9888765570543415e-21,3.988876579808447e-21,3.988876602638465e-21,3.9888766253467686e-21,3.988876648008736e-21,3.988876670654918e-21,3.988876693246009e-21,3.9888767158483315e-21,3.98887673840701e-21,3.988876760957643e-21,3.988876783423886e-21,3.9888768059177096e-21,3.988876828356385e-21,3.988876850726777e-21,3.9888768731151846e-21,3.988876895469156e-21,3.988876917794413e-21,3.988876940091116e-21,3.988876962353666e-21,3.9888769846084404e-21,3.988877006818659e-21,3.9888770289917e-21,3.988877051154102e-21,3.988877073270977e-21,3.988877095368332e-21,3.988877117446193e-21,3.988877139477539e-21,3.988877161488467e-21,3.98887718348099e-21,3.988877205426788e-21,3.9888772273523565e-21,3.988877249250455e-21,3.9888772711203234e-21,3.988877292890124e-21,3.988877314769344e-21,3.988877336558301e-21,3.988877358315088e-21,3.988877380113291e-21,3.9888774017475466e-21,3.988877423415434e-21,3.988877445059385e-21,3.988877466675526e-21,3.988877488263621e-21,3.988877509823718e-21,3.988877531356e-21,3.988877552855066e-21,3.988877574330917e-21,3.988877595779291e-21,3.988877617199304e-21,3.988877638597637e-21,3.988877659957249e-21,3.98887768129945e-21,3.9888777026091025e-21,3.988877723890446e-21,3.988877745145772e-21,3.9888777663891254e-21,3.9888777875598125e-21,3.988877808733149e-21,3.988877829888523e-21,3.988877851000232e-21,3.988877872089113e-21,3.9888778931430416e-21,3.988877914191953e-21,3.9888779351889714e-21,3.988877956167098e-21,3.9888779771185374e-21,3.988877998045359e-21,3.988878018939236e-21,3.988878039817826e-21,3.988878060648997e-21,3.988878081465004e-21,3.988878102249107e-21,3.9888781230082475e-21,3.9888781437430365e-21,3.9888781644554366e-21,3.98887818512163e-21,3.9888782057706264e-21,3.988878226393288e-21,3.988878246991689e-21,3.988878267557299e-21,3.988878288098141e-21,3.9888783086119316e-21,3.9888783290986495e-21,3.9888783495581434e-21,3.988878369990565e-21,3.988878390438475e-21,3.988878410775237e-21,3.988878431126721e-21,3.988878451447847e-21,3.988878471744614e-21,3.988878491994191e-21,3.988878512256449e-21,3.9888785324735e-21,3.988878552665606e-21,3.988878572825088e-21,3.9888785929600985e-21,3.988878613068459e-21,3.9888786331705e-21,3.98887865318523e-21,3.9888786732313126e-21,3.9888786932128185e-21,3.988878713209303e-21,3.9888787331552446e-21,3.988878753075698e-21,3.98887877300322e-21,3.988878792839252e-21,3.988878812680948e-21,3.988878832494976e-21,3.9888788522690275e-21,3.98887887200626e-21,3.9888788917410806e-21,3.988878911480387e-21,3.988878931163827e-21,3.9888789507860716e-21,3.988878970412227e-21,3.988878990013145e-21,3.988879009574239e-21,3.98887902913278e-21,3.988879048657844e-21,3.988879068150968e-21,3.988879087622513e-21,3.9888791070653936e-21,3.9888791264791105e-21,3.9888791458638316e-21,3.988879165232132e-21,3.988879184570097e-21,3.988879203881581e-21,3.988879223163304e-21,3.988879242423648e-21,3.98887926165613e-21,3.98887928086207e-21,3.9888793000445535e-21,3.9888793191983654e-21,3.988879338343704e-21,3.9888793574243614e-21,3.9888793764925206e-21,3.988879395545996e-21,3.9888794145694074e-21,3.9888794335662545e-21,3.988879452518767e-21,3.988879471481039e-21,3.988879490400775e-21,3.988879509293742e-21,3.9888795281557684e-21,3.988879547003971e-21,3.988879565816858e-21,3.988879584578476e-21,3.988879603331826e-21,3.988879622068419e-21,3.98887964077998e-21,3.988879659465802e-21,3.9888796781256605e-21,3.988879696755046e-21,3.988879715367854e-21,3.988879733950934e-21,3.988879752507999e-21,3.988879771042137e-21,3.9888797895401834e-21,3.988879808024278e-21,3.988879826478868e-21,3.988879844909115e-21,3.9888798632716435e-21,3.988879881732131e-21,3.988879900046523e-21,3.9888799183707245e-21,3.988879936671363e-21,3.988879954946612e-21,3.988879973199069e-21,3.9888799914208125e-21,3.9888800096194045e-21,3.988880027792776e-21,3.988880045940632e-21,3.98888006406588e-21,3.98888008216062e-21,3.988880100232155e-21,3.988880118259262e-21,3.9888801363005025e-21,3.988880154294498e-21,3.988880172267477e-21,3.988880190209884e-21,3.988880208132324e-21,3.988880226022041e-21,3.988880243894126e-21,3.9888802617176894e-21,3.988880279557621e-21,3.9888802973317354e-21,3.988880315100387e-21,3.988880332867748e-21,3.9888803505827475e-21,3.988880368275915e-21,3.988880385947453e-21,3.988880403571394e-21,3.988880421209396e-21,3.9888804387968344e-21,3.988880456340289e-21,3.988880473882536e-21,3.988880491401419e-21,3.9888805088955664e-21,3.98888052636471e-21,3.9888805438089425e-21,3.988880561230493e-21,3.9888805786248914e-21,3.9888805959922175e-21,3.988880613336753e-21,3.988880630643376e-21,3.9888806479513044e-21,3.988880665204152e-21,3.988880682467327e-21,3.988880699689376e-21,3.988880716885774e-21,3.9888807340388495e-21,3.988880751203474e-21,3.988880768324042e-21,3.988880785424071e-21,3.9888808024974445e-21,3.988880819546059e-21,3.988880836569993e-21,3.988880853569448e-21,3.988880870544323e-21,3.988880887496711e-21,3.988880904422454e-21,3.9888809213236335e-21,3.988880938198016e-21,3.98888095505034e-21,3.9888809718782074e-21,3.9888809886818506e-21,3.988881005461052e-21,3.9888810222159224e-21,3.988881038964314e-21,3.988881055653547e-21,3.988881072334512e-21,3.988881088994286e-21,3.988881105602675e-21,3.988881122202633e-21,3.9888811387642275e-21,3.9888811553334075e-21,3.988881171852484e-21,3.988881188359087e-21,3.9888812048509735e-21,3.988881221310762e-21,3.988881237754322e-21,3.9888812541723655e-21,3.988881270561663e-21,3.988881286946099e-21,3.988881303273125e-21,3.9888813195915775e-21,3.988881335886814e-21,3.988881352175551e-21,3.988881368408433e-21,3.988881384630923e-21,3.988881400827805e-21,3.988881416998765e-21,3.988881433153684e-21,3.988881449283681e-21,3.9888814653874625e-21,3.988881481460585e-21,3.988881497515688e-21,3.988881513569097e-21,3.988881529563355e-21,3.988881545547138e-21,3.988881561501027e-21,3.988881577458839e-21,3.9888815933559965e-21,3.988881609244743e-21,3.988881625110564e-21,3.9888816409527325e-21,3.988881656773137e-21,3.9888816725618425e-21,3.9888816882556445e-21,3.988881703923005e-21,3.988881719643128e-21,3.988881735267043e-21,3.9888817509404264e-21,3.988881766517638e-21,3.988881782068579e-21,3.988881797655442e-21,3.988881813151717e-21,3.988881828631843e-21,3.988881844148643e-21,3.988881859634231e-21,3.988881875036651e-21,3.988881890423923e-21,3.988881905792591e-21,3.988881921134588e-21,3.988881936453127e-21,3.9888819517448e-21,3.9888819670170934e-21,3.988881982266707e-21,3.988881997493306e-21,3.988882012696982e-21,3.988882027877739e-21,3.988882043008848e-21,3.988882058168775e-21,3.988882073282023e-21,3.988882088371098e-21,3.988882103437256e-21,3.9888821185375216e-21,3.988882133549983e-21,3.98888214854668e-21,3.988882163521252e-21,3.988882178473072e-21,3.9888821934021056e-21,3.988882208308371e-21,3.988882223191881e-21,3.988882238052665e-21,3.988882252890708e-21,3.9888822677060605e-21,3.988882282498679e-21,3.988882297268714e-21,3.988882312016007e-21,3.988882326740704e-21,3.9888823414427816e-21,3.9888823561223625e-21,3.98888237077923e-21,3.988882385413458e-21,3.9888824000251875e-21,3.988882414614506e-21,3.9888824291811676e-21,3.9888824437288795e-21,3.988882458247215e-21,3.98888247274607e-21,3.988882487226472e-21,3.988882501666245e-21,3.988882516160469e-21,3.988882530586984e-21,3.988882544948174e-21,3.9888825593114105e-21,3.988882573632451e-21,3.988882587949488e-21,3.988882602265143e-21,3.988882616541112e-21,3.988882630794138e-21,3.988882645024998e-21,3.9888826592070585e-21,3.988882673391944e-21,3.988882687556308e-21,3.988882701724342e-21,3.988882715845378e-21,3.988882729942983e-21,3.9888827440183575e-21,3.988882758071593e-21,3.988882772130709e-21,3.9888827861127275e-21,3.9888828001267605e-21,3.9888828140364916e-21,3.98888282797555e-21,3.988882841921982e-21,3.988882855822103e-21,3.988882869698877e-21,3.988882883553549e-21,3.988882897439043e-21,3.988882911243165e-21,3.988882925030766e-21,3.9888829387938835e-21,3.9888829525384044e-21,3.988882966264409e-21,3.9888829799621715e-21,3.988882993693549e-21,3.988883007341387e-21,3.988883020996757e-21,3.988883034586596e-21,3.9888830481770476e-21,3.9888830617501224e-21,3.988883075295223e-21,3.98888308879631e-21,3.988883102324867e-21,3.98888311581252e-21,3.988883129338679e-21,3.9888831427774964e-21,3.988883156169955e-21,3.988883169564911e-21,3.988883182942768e-21,3.98888319629235e-21,3.9888832096262464e-21,3.988883223002775e-21,3.9888832363146995e-21,3.988883249573317e-21,3.988883262820733e-21,3.9888832760410754e-21,3.988883289242739e-21,3.988883302423272e-21,3.9888833155823235e-21,3.988883328719856e-21,3.988883341835926e-21,3.988883354930671e-21,3.988883368004029e-21,3.988883381055793e-21,3.988883394086346e-21,3.988883407095357e-21,3.9888834200831025e-21,3.988883433049521e-21,3.9888834459946716e-21,3.9888834589184755e-21,3.988883471845608e-21,3.988883484703466e-21,3.988883497565423e-21,3.9888835104006766e-21,3.988883523217815e-21,3.9888835360139876e-21,3.9888835487890375e-21,3.988883561542941e-21,3.988883574275659e-21,3.988883586987243e-21,3.988883599702024e-21,3.988883612348347e-21,3.988883624998455e-21,3.988883637622223e-21,3.988883650251751e-21,3.988883662817403e-21,3.988883675380021e-21,3.988883687922339e-21,3.988883700440593e-21,3.9888837129412e-21,3.9888837254211215e-21,3.9888837378801805e-21,3.9888837503181934e-21,3.988883762759227e-21,3.988883775132844e-21,3.988883787506981e-21,3.9888837998612735e-21,3.988883812194859e-21,3.98888382450762e-21,3.988883836799315e-21,3.988883849070496e-21,3.988883861323585e-21,3.988883873613361e-21,3.9888838857977775e-21,3.988883897984055e-21,3.988883910151057e-21,3.988883922297392e-21,3.988883934422987e-21,3.988883946528071e-21,3.9888839586122655e-21,3.98888397067586e-21,3.988883982718826e-21,3.9888839947409704e-21,3.988884006742572e-21,3.988884018723638e-21,3.988884030684104e-21,3.9888840426240064e-21,3.988884054543293e-21,3.988884066442065e-21,3.988884078320401e-21,3.9888840901780635e-21,3.9888841019925e-21,3.988884113868594e-21,3.988884125703735e-21,3.988884137517131e-21,3.988884149309906e-21,3.98888416108202e-21,3.988884172833609e-21,3.988884184564698e-21,3.988884196275178e-21,3.988884207965173e-21,3.9888842196346545e-21,3.9888842312836215e-21,3.988884242912136e-21,3.988884254520174e-21,3.988884266107819e-21,3.988884277671707e-21,3.9888842892211696e-21,3.988884300744453e-21,3.9888843122720075e-21,3.988884323758643e-21,3.988884335205472e-21,3.9888843466493815e-21,3.988884358073948e-21,3.9888843694782605e-21,3.988884380862377e-21,3.988884392244448e-21,3.988884403588928e-21,3.988884414893823e-21,3.988884426188722e-21,3.988884437481687e-21,3.98888444874394e-21,3.988884459977052e-21,3.988884471201395e-21,3.988884482396711e-21,3.9888844935840606e-21,3.9888845047646534e-21,3.988884515907449e-21,3.9888845270109634e-21,3.988884538111424e-21,3.9888845491897906e-21,3.9888845602538045e-21,3.988884571295594e-21,3.98888458231699e-21,3.988884593318409e-21,3.988884604314518e-21,3.988884615276158e-21,3.9888846262174e-21,3.988884637128863e-21,3.988884648024817e-21,3.988884658910786e-21,3.9888846697896504e-21,3.98888468060524e-21,3.988884691428657e-21,3.98888470225363e-21,3.988884713036483e-21,3.988884723779661e-21,3.988884734538088e-21,3.988884745249989e-21,3.988884755946495e-21,3.9888847666275965e-21,3.988884777279536e-21,3.988884787925218e-21,3.988884798549645e-21,3.98888480917672e-21,3.9888848197391524e-21,3.988884830282011e-21,3.988884840870717e-21,3.988884851373113e-21,3.988884861877827e-21,3.9888848723879705e-21,3.9888848828306486e-21,3.988884893276455e-21,3.9888849037042106e-21,3.988884914112467e-21,3.98888492450117e-21,3.9888849348750384e-21,3.98888494521965e-21,3.988884955549309e-21,3.9888849658600426e-21,3.988884976151294e-21,3.9888849864230356e-21,3.988884996675306e-21,3.9888850069083836e-21,3.988885017121864e-21,3.9888850273160556e-21,3.988885037490775e-21,3.988885047646159e-21,3.9888850578054864e-21,3.988885067921705e-21,3.9888850780169874e-21,3.9888850880695804e-21,3.9888850981265526e-21,3.988885108165977e-21,3.988885118186225e-21,3.988885128187194e-21,3.988885138168825e-21,3.988885148131371e-21,3.988885158074768e-21,3.988885167998841e-21,3.9888851779038296e-21,3.9888851877894956e-21,3.988885197656244e-21,3.9888852075266965e-21,3.988885217331665e-21,3.9888852271394116e-21,3.988885236952499e-21,3.988885246700188e-21,3.988885256450634e-21,3.988885266183441e-21,3.988885275897392e-21,3.988885285592295e-21,3.988885295268205e-21,3.988885304922197e-21,3.988885314562575e-21,3.98888532416477e-21,3.988885333778074e-21,3.988885343362413e-21,3.988885352922014e-21,3.988885362464924e-21,3.98888537199197e-21,3.988885381497689e-21,3.988885390984345e-21,3.988885400452065e-21,3.9888854099010054e-21,3.988885419331166e-21,3.988885428742513e-21,3.988885438135028e-21,3.988885447508728e-21,3.988885456863716e-21,3.9888854661999325e-21,3.9888854755173844e-21,3.988885484816141e-21,3.9888854941006185e-21,3.9888855033371506e-21,3.988885512597917e-21,3.988885521823123e-21,3.988885531025635e-21,3.988885540214829e-21,3.9888855493831014e-21,3.9888855585298385e-21,3.988885567660327e-21,3.988885576775131e-21,3.988885585869103e-21,3.988885594944287e-21,3.988885604000977e-21,3.988885613045336e-21,3.988885622057667e-21,3.988885631055277e-21,3.9888856400368835e-21,3.9888856490040306e-21,3.98888565794692e-21,3.988885666874017e-21,3.98888567579815e-21,3.9888856846734396e-21,3.988885693544693e-21,3.988885702398084e-21,3.98888571125195e-21,3.988885720050971e-21,3.988885728851163e-21,3.9888857376315154e-21,3.988885746390422e-21,3.988885755136473e-21,3.988885763859269e-21,3.988885772566066e-21,3.9888857812544764e-21,3.988885789927481e-21,3.9888857985768944e-21,3.9888858072109715e-21,3.988885815829114e-21,3.9888858244269195e-21,3.988885833006325e-21,3.988885841567524e-21,3.988885850107916e-21,3.988885858632767e-21,3.9888858671419e-21,3.988885875630726e-21,3.9888858841014e-21,3.988885892553893e-21,3.988885900988314e-21,3.988885909404697e-21,3.988885917803013e-21,3.988885926183361e-21,3.988885934545612e-21,3.988885942889859e-21,3.988885951216132e-21,3.988885959524342e-21,3.988885967814725e-21,3.988885976087087e-21,3.988885984341574e-21,3.988885992575477e-21,3.988886000796242e-21,3.9888860090096515e-21,3.988886017177795e-21,3.988886025348978e-21,3.988886033488892e-21,3.9888860416321325e-21,3.988886049736352e-21,3.98888605782227e-21,3.988886065899829e-21,3.988886073957996e-21,3.988886081998264e-21,3.9888860900327615e-21,3.9888860980257386e-21,3.9888861060121285e-21,3.988886113978836e-21,3.988886121932515e-21,3.988886129878603e-21,3.988886137783074e-21,3.9888861456783025e-21,3.988886153573458e-21,3.988886161429837e-21,3.9888861692701e-21,3.9888861770976016e-21,3.9888861849053284e-21,3.988886192700246e-21,3.988886200475565e-21,3.988886208233157e-21,3.9888862159731596e-21,3.988886223695624e-21,3.988886231400552e-21,3.988886239087972e-21,3.9888862467578565e-21,3.988886254410304e-21,3.988886262045307e-21,3.988886269662807e-21,3.988886277262849e-21,3.9888862848454774e-21,3.988886292410672e-21,3.9888862999585416e-21,3.988886307488924e-21,3.988886315001903e-21,3.988886322495157e-21,3.988886329975586e-21,3.988886337436616e-21,3.9888863448802474e-21,3.988886352306561e-21,3.988886359715518e-21,3.988886367107191e-21,3.9888863744816146e-21,3.9888863818388205e-21,3.98888638917879e-21,3.988886396501476e-21,3.988886403806871e-21,3.988886411095019e-21,3.988886418366052e-21,3.988886425619881e-21,3.988886432856536e-21,3.988886440076114e-21,3.988886447278393e-21,3.9888864544635465e-21,3.988886461631606e-21,3.988886468782602e-21,3.988886475916498e-21,3.988886483033306e-21,3.988886490132974e-21,3.988886497215653e-21,3.988886504281301e-21,3.988886511329837e-21,3.988886518344506e-21,3.988886525357934e-21,3.988886532372296e-21,3.988886539353762e-21,3.988886546317382e-21,3.9888865532640536e-21,3.988886560198102e-21,3.98888656710651e-21,3.988886574006299e-21,3.988886580880974e-21,3.9888865877426254e-21,3.988886594570916e-21,3.988886601414868e-21,3.988886608227374e-21,3.988886615004991e-21,3.988886621798568e-21,3.98888662856051e-21,3.988886635322822e-21,3.988886642032945e-21,3.9888866487422856e-21,3.988886655436004e-21,3.9888866621108056e-21,3.988886668773204e-21,3.988886675400156e-21,3.988886682042634e-21,3.9888866886537336e-21,3.988886695247393e-21,3.988886701824197e-21,3.988886708384247e-21,3.988886714927704e-21,3.988886721454601e-21,3.988886727948068e-21,3.988886734457256e-21,3.9888867409392265e-21,3.988886747395646e-21,3.98888675383901e-21,3.9888867602661554e-21,3.988886766676802e-21,3.988886773068592e-21,3.988886779452395e-21,3.98888678581373e-21,3.9888867921538046e-21,3.9888867984814806e-21,3.98888680479306e-21,3.9888868110881974e-21,3.988886817373041e-21,3.988886823629047e-21,3.988886829874325e-21,3.988886836103657e-21,3.988886842316555e-21,3.98888684851314e-21,3.9888868546934135e-21,3.988886860868565e-21,3.988886867018639e-21,3.988886873136608e-21,3.988886879248364e-21,3.988886885348768e-21,3.9888868914312374e-21,3.988886897497035e-21,3.98888690355993e-21,3.988886909580627e-21,3.988886915594775e-21,3.9888869215975084e-21,3.98888692758005e-21,3.9888869335481475e-21,3.9888869395024804e-21,3.988886945438647e-21,3.988886951358436e-21,3.988886957262038e-21,3.988886963149468e-21,3.988886969020742e-21,3.988886974875876e-21,3.988886980714908e-21,3.988886986537799e-21,3.988886992344603e-21,3.988886998135313e-21,3.988887003909945e-21,3.988887009668551e-21,3.988887015411011e-21,3.988887021137542e-21,3.988887026847926e-21,3.988887032548447e-21,3.988887038220739e-21,3.98888704388257e-21,3.9888870495289736e-21,3.988887055159449e-21,3.9888870607740565e-21,3.988887066383613e-21,3.988887071955651e-21,3.98888707752204e-21,3.988887083072837e-21,3.988887088607607e-21,3.988887094126634e-21,3.988887099629754e-21,3.988887105117062e-21,3.9888871105884895e-21,3.988887116050065e-21,3.988887121483863e-21,3.988887126913224e-21,3.988887132315364e-21,3.988887137707126e-21,3.98888714308154e-21,3.988887148444245e-21,3.988887153795473e-21,3.9888871591167286e-21,3.988887164431656e-21,3.988887169729682e-21,3.98888717501187e-21,3.988887180278331e-21,3.988887185526929e-21,3.988887190735873e-21,3.988887195979742e-21,3.988887201185076e-21,3.9888872063752405e-21,3.9888872115606744e-21,3.9888872167035e-21,3.988887221846127e-21,3.988887226971958e-21,3.988887232086236e-21,3.988887237174826e-21,3.98888724225536e-21,3.9888872473170166e-21,3.9888872523666875e-21,3.988887257399301e-21,3.9888872624163705e-21,3.988887267415633e-21,3.988887272403357e-21,3.988887277374082e-21,3.988887282329112e-21,3.988887287268638e-21,3.988887292211602e-21,3.9888872971000826e-21,3.9888873019919634e-21,3.988887306869721e-21,3.988887311732125e-21,3.9888873165812356e-21,3.98888732141109e-21,3.988887326229425e-21,3.988887331030559e-21,3.9888873358163315e-21,3.988887340586703e-21,3.9888873453417636e-21,3.988887350081553e-21,3.988887354805956e-21,3.9888873595151816e-21,3.9888873642091355e-21,3.988887368887809e-21,3.9888873735512635e-21,3.9888873781994525e-21,3.988887382832415e-21,3.988887387448132e-21,3.9888873920504495e-21,3.988887396639945e-21,3.988887401224879e-21,3.988887405768062e-21,3.988887410311027e-21,3.988887414837988e-21,3.988887419349625e-21,3.9888874238440674e-21,3.9888874283252046e-21,3.9888874327935494e-21,3.988887437242981e-21,3.988887441680912e-21,3.9888874461003335e-21,3.988887450506228e-21,3.988887454898995e-21,3.9888874592917116e-21,3.988887463634992e-21,3.988887467998054e-21,3.98888747233017e-21,3.988887476629479e-21,3.988887480929364e-21,3.988887485213293e-21,3.9888874894861215e-21,3.98888749374252e-21,3.988887497983745e-21,3.988887502222203e-21,3.9888875064201795e-21,3.9888875106158796e-21,3.988887514799434e-21,3.988887518966402e-21,3.988887523123816e-21,3.988887527261029e-21,3.9888875313731425e-21,3.988887535483734e-21,3.988887539576556e-21,3.988887543652409e-21,3.988887547717161e-21,3.9888875517655365e-21,3.98888755579899e-21,3.988887559817666e-21,3.988887563821566e-21,3.988887567806556e-21,3.988887571784729e-21,3.9888875757408035e-21,3.988887579701076e-21,3.988887583609048e-21,3.98888758753518e-21,3.988887591442232e-21,3.9888875953215226e-21,3.988887599210325e-21,3.9888876030483535e-21,3.988887606893287e-21,3.988887610709746e-21,3.988887614533936e-21,3.988887618329191e-21,3.9888876221166804e-21,3.988887625884576e-21,3.988887629641185e-21,3.988887633387157e-21,3.9888876371193196e-21,3.988887640817207e-21,3.988887644513066e-21,3.988887648197254e-21,3.9888876518651864e-21,3.988887655518435e-21,3.988887659155301e-21,3.988887662777233e-21,3.988887666390856e-21,3.988887669984763e-21,3.988887673567504e-21,3.9888876771342886e-21,3.988887680686391e-21,3.988887684222321e-21,3.9888876877455035e-21,3.9888876912544945e-21,3.988887694749116e-21,3.9888876982293506e-21,3.988887701697168e-21,3.988887705147041e-21,3.988887708591255e-21,3.98888771200945e-21,3.988887715417668e-21,3.988887718811985e-21,3.988887722192081e-21,3.988887725557941e-21,3.988887728909509e-21,3.98888773226236e-21,3.9888877355707534e-21,3.9888877388941855e-21,3.9888877421741495e-21,3.988887745453612e-21,3.988887748717855e-21,3.988887751971598e-21,3.988887755209654e-21,3.988887758435314e-21,3.9888877616431225e-21,3.9888877648437465e-21,3.988887768013917e-21,3.988887771189777e-21,3.988887774333619e-21,3.988887777477838e-21,3.988887780602731e-21,3.988887783713522e-21,3.9888877868102595e-21,3.988887789892873e-21,3.988887792961526e-21,3.988887796016082e-21,3.9888877990548195e-21,3.988887802083014e-21,3.9888878050956756e-21,3.988887808081324e-21,3.988887811078032e-21,3.988887814060678e-21,3.988887817006668e-21,3.988887819960219e-21,3.988887822878185e-21,3.988887825790596e-21,3.988887828693082e-21,3.988887831580174e-21,3.988887834440402e-21,3.988887837310025e-21,3.988887840146704e-21,3.988887842988638e-21,3.988887845804797e-21,3.988887848610341e-21,3.988887851400415e-21,3.988887854176512e-21,3.988887856944148e-21,3.988887859676734e-21,3.9888878624211534e-21,3.988887865142542e-21,3.988887867849691e-21,3.9888878705429866e-21,3.988887873233538e-21,3.988887875889045e-21,3.988887878540538e-21,3.9888878811789595e-21,3.98888788381247e-21,3.988887886413312e-21,3.988887889009926e-21,3.988887891595242e-21,3.9888878941652576e-21,3.988887896724812e-21,3.988887899266188e-21,3.988887901793183e-21,3.988887904308359e-21,3.988887906810022e-21,3.98888790929821e-21,3.988887911770882e-21,3.988887914233348e-21,3.988887916680798e-21,3.9888879191145975e-21,3.988887921534785e-21,3.9888879239414654e-21,3.988887926334529e-21,3.988887928714111e-21,3.988887931083491e-21,3.988887933436624e-21,3.988887935775384e-21,3.9888879380866136e-21,3.9888879404084425e-21,3.988887942707575e-21,3.9888879449927885e-21,3.988887947264543e-21,3.988887949526306e-21,3.988887951767821e-21,3.988887954002491e-21,3.988887956217237e-21,3.988887958419627e-21,3.988887960601767e-21,3.9888879627878546e-21,3.988887964958167e-21,3.988887967106363e-21,3.988887969247209e-21,3.98888797136491e-21,3.988887973478968e-21,3.988887975571578e-21,3.988887977662962e-21,3.988887979737817e-21,3.988887981789024e-21,3.9888879838346216e-21,3.988887985866071e-21,3.988887987884165e-21,3.988887989889017e-21,3.9888879918806694e-21,3.9888879938590245e-21,3.988887995824236e-21,3.988887997779623e-21,3.988887999718589e-21,3.988888001640653e-21,3.9888880035526836e-21,3.9888880054414145e-21,3.988888007340797e-21,3.988888009198882e-21,3.988888011069783e-21,3.9888880129170756e-21,3.988888014750721e-21,3.9888880165693715e-21,3.988888018378137e-21,3.988888020172552e-21,3.9888880219537014e-21,3.98888802372179e-21,3.988888025481781e-21,3.9888880272190675e-21,3.988888028947562e-21,3.988888030663397e-21,3.9888880323560304e-21,3.988888034055429e-21,3.988888035731184e-21,3.988888037384682e-21,3.988888039046774e-21,3.988888040685392e-21,3.988888042310325e-21,3.9888880439222795e-21,3.9888880455213535e-21,3.988888047107459e-21,3.9888880486806e-21,3.988888050240888e-21,3.9888880517865744e-21,3.9888880533225186e-21,3.988888054844293e-21,3.9888880563530115e-21,3.988888057848832e-21,3.98888805933016e-21,3.9888880607900975e-21,3.988888062258433e-21,3.9888880637104084e-21,3.988888065135561e-21,3.988888066554087e-21,3.988888067960137e-21,3.988888069353385e-21,3.9888880707338544e-21,3.9888880721101164e-21,3.98888807345688e-21,3.988888074797077e-21,3.988888076127946e-21,3.988888077444796e-21,3.988888078748792e-21,3.988888080040083e-21,3.988888081317018e-21,3.988888082582773e-21,3.988888083837558e-21,3.988888085078275e-21,3.9888880863061325e-21,3.988888087511593e-21,3.988888088723335e-21,3.988888089913773e-21,3.988888091091025e-21,3.9888880922459856e-21,3.988888093405612e-21,3.988888094537409e-21,3.9888880956720946e-21,3.9888880967882176e-21,3.988888097890107e-21,3.988888098969646e-21,3.988888100053717e-21,3.9888881011196814e-21,3.9888881021599635e-21,3.98888810320973e-21,3.988888104236849e-21,3.988888105239424e-21,3.988888106251639e-21,3.98888810724131e-21,3.98888810822617e-21,3.9888881091824006e-21,3.9888881101335895e-21,3.988888111071132e-21,3.988888111997643e-21,3.9888881129038825e-21,3.988888113815042e-21,3.988888114693816e-21,3.988888115579877e-21,3.9888881164465404e-21,3.9888881172990104e-21,3.988888118137336e-21,3.988888118964759e-21,3.9888881197814566e-21,3.9888881205828925e-21,3.988888121374794e-21,3.988888122153028e-21,3.988888122918882e-21,3.988888123672371e-21,3.9888881244135784e-21,3.9888881251330585e-21,3.9888881258586985e-21,3.988888126563606e-21,3.988888127255706e-21,3.988888127935589e-21,3.988888128603314e-21,3.9888881292571335e-21,3.988888129901697e-21,3.9888881305327235e-21,3.988888131151539e-21,3.988888131764595e-21,3.988888132352773e-21,3.9888881329346456e-21,3.988888133503112e-21,3.98888813406236e-21,3.988888134608192e-21,3.9888881351417124e-21,3.988888135663183e-21,3.9888881361755884e-21,3.9888881366698904e-21,3.9888881371531875e-21,3.988888137630464e-21,3.988888138087039e-21,3.9888881385353604e-21,3.988888138973667e-21,3.988888139398496e-21,3.9888881398110596e-21,3.988888140211642e-21,3.9888881406002364e-21,3.988888140979948e-21,3.988888141341435e-21,3.9888881416967105e-21,3.988888142034285e-21,3.9888881423624954e-21,3.988888142677179e-21,3.988888142983304e-21,3.988888143279154e-21,3.988888143556906e-21,3.988888143825269e-21,3.988888144081936e-21,3.988888144326767e-21,3.988888144559619e-21,3.988888144780587e-21,3.9888881449942456e-21,3.988888145187201e-21,3.988888145372118e-21,3.988888145545444e-21,3.988888145707001e-21,3.98888814585534e-21,3.988888145994376e-21,3.9888881461204956e-21,3.988888146231587e-21,3.9888881463367226e-21,3.988888146427543e-21,3.988888146506297e-21,3.988888146573153e-21,3.988888146628324e-21,3.988888146671715e-21,3.988888146703309e-21,3.988888146721702e-21,3.988888146729671e-21,3.9888881467170095e-21,3.988888146711584e-21,3.9888881466836804e-21,3.988888146646211e-21,3.988888146595811e-21,3.98888814653355e-21,3.988888146458227e-21,3.9888881463828975e-21,3.988888146277328e-21,3.98888814616652e-21,3.9888881460471666e-21,3.9888881459136695e-21,3.98888814577565e-21,3.988888145614794e-21,3.98888814544858e-21,3.988888145269986e-21,3.9888881450782094e-21,3.988888144876195e-21,3.988888144664124e-21,3.9888881444392234e-21,3.9888881442026154e-21,3.9888881439544105e-21,3.988888143694612e-21,3.988888143423353e-21,3.988888143140587e-21,3.9888881428461935e-21,3.988888142540357e-21,3.988888142223105e-21,3.988888141897101e-21,3.988888141557029e-21,3.9888881412052064e-21,3.98888814083907e-21,3.988888140467003e-21,3.988888140078035e-21,3.98888813968011e-21,3.98888813927096e-21,3.98888813884018e-21,3.988888138417883e-21,3.9888881379750374e-21,3.9888881375100886e-21,3.9888881370535755e-21,3.988888136576661e-21,3.9888881360922024e-21,3.988888135587917e-21,3.988888135075899e-21,3.988888134552771e-21,3.988888134018471e-21,3.9888881334728015e-21,3.988888132905746e-21,3.9888881323469134e-21,3.9888881317722265e-21,3.988888131168957e-21,3.9888881305743515e-21,3.988888129961243e-21,3.988888129336444e-21,3.988888128700416e-21,3.9888881280531354e-21,3.988888127394533e-21,3.988888126724775e-21,3.988888126043737e-21,3.988888125355832e-21,3.988888124648434e-21,3.9888881239333215e-21,3.9888881232074806e-21,3.988888122470395e-21,3.98888812172212e-21,3.9888881209627265e-21,3.988888120192094e-21,3.988888119410354e-21,3.988888118617454e-21,3.988888117813354e-21,3.9888881169967364e-21,3.988888116163252e-21,3.988888115333961e-21,3.988888114476112e-21,3.988888113625685e-21,3.9888881127626885e-21,3.9888881118729616e-21,3.988888110978014e-21,3.98888811007675e-21,3.988888109161998e-21,3.988888108235963e-21,3.98888810729889e-21,3.988888106350741e-21,3.988888105391612e-21,3.988888104421442e-21,3.9888881034402435e-21,3.988888102448121e-21,3.9888881014449334e-21,3.988888100429408e-21,3.9888880994055376e-21,3.988888098369588e-21,3.9888880973140544e-21,3.988888096268304e-21,3.9888880951946355e-21,3.988888094119658e-21,3.9888880930240334e-21,3.988888091923168e-21,3.988888090810707e-21,3.9888880896872146e-21,3.988888088544378e-21,3.98888808740967e-21,3.98888808625154e-21,3.988888085087035e-21,3.9888880839067285e-21,3.98888808271767e-21,3.9888880815180314e-21,3.988888080306416e-21,3.988888079087713e-21,3.9888880778543996e-21,3.9888880766100705e-21,3.988888075356262e-21,3.988888074093067e-21,3.988888072816527e-21,3.988888071531698e-21,3.98888807023495e-21,3.98888806892734e-21,3.988888067607725e-21,3.988888066279715e-21,3.988888064940067e-21,3.988888063589456e-21,3.988888062228153e-21,3.988888060856078e-21,3.988888059473357e-21,3.988888058082638e-21,3.988888056676073e-21,3.988888055259779e-21,3.9888880538380975e-21,3.988888052398364e-21,3.988888050959296e-21,3.988888049499704e-21,3.988888048031727e-21,3.988888046548987e-21,3.988888045059186e-21,3.9888880435591694e-21,3.988888042048572e-21,3.9888880405315346e-21,3.988888038996091e-21,3.988888037453336e-21,3.988888035900376e-21,3.988888034338173e-21,3.988888032762923e-21,3.98888803117812e-21,3.988888029582957e-21,3.9888880279771985e-21,3.988888026360912e-21,3.988888024734105e-21,3.988888023096864e-21,3.9888880214490355e-21,3.988888019781551e-21,3.988888018122704e-21,3.988888016446902e-21,3.988888014762821e-21,3.988888013063021e-21,3.9888880113428934e-21,3.988888009611991e-21,3.988888007888967e-21,3.9888880061526604e-21,3.9888880043952275e-21,3.98888800263212e-21,3.988888000858825e-21,3.988887999075132e-21,3.988887997281033e-21,3.988887995484548e-21,3.9888879936621456e-21,3.988887991836523e-21,3.988887989991843e-21,3.988887988154341e-21,3.988887986289477e-21,3.988887984431378e-21,3.988887982553685e-21,3.988887980667527e-21,3.988887978769924e-21,3.988887976860731e-21,3.988887974942323e-21,3.988887973020299e-21,3.988887971067397e-21,3.988887969126612e-21,3.988887967167771e-21,3.988887965198139e-21,3.988887963218206e-21,3.988887961226856e-21,3.9888879592184744e-21,3.988887957216313e-21,3.988887955186896e-21,3.9888879531554145e-21,3.988887951128193e-21,3.988887949063335e-21,3.9888879470007706e-21,3.988887944937748e-21,3.9888879428562446e-21,3.988887940763994e-21,3.988887938661539e-21,3.9888879365465294e-21,3.988887934426012e-21,3.988887932293325e-21,3.988887930149092e-21,3.98888792799698e-21,3.988887925838844e-21,3.988887923651837e-21,3.988887921476379e-21,3.988887919282032e-21,3.988887917079511e-21,3.988887914865859e-21,3.988887912639492e-21,3.9888879104078955e-21,3.988887908164135e-21,3.988887905910111e-21,3.988887903646013e-21,3.988887901370564e-21,3.988887899086385e-21,3.988887896792199e-21,3.988887894489217e-21,3.988887892173867e-21,3.988887889850817e-21,3.988887887515448e-21,3.988887885172435e-21,3.988887882818373e-21,3.988887880458147e-21,3.988887878085755e-21,3.988887875696477e-21,3.988887873302282e-21,3.988887870898268e-21,3.988887868488239e-21,3.988887866052485e-21,3.988887863626486e-21,3.988887861182192e-21,3.9888878587285755e-21,3.988887856266353e-21,3.9888878537931415e-21,3.98888785130782e-21,3.988887848816666e-21,3.988887846313995e-21,3.988887843805266e-21,3.9888878412779635e-21,3.9888878387385285e-21,3.988887836203401e-21,3.988887833651625e-21,3.9888878310896624e-21,3.988887828517865e-21,3.988887825936255e-21,3.988887823344847e-21,3.988887820743647e-21,3.988887818132634e-21,3.988887815515572e-21,3.988887812881853e-21,3.988887810241211e-21,3.988887807591184e-21,3.98888780493016e-21,3.988887802254298e-21,3.9888877995860076e-21,3.988887796893948e-21,3.988887794194981e-21,3.9888877914853724e-21,3.9888877887671894e-21,3.988887786040424e-21,3.9888877833030275e-21,3.988887780555808e-21,3.988887777798967e-21,3.988887775032342e-21,3.988887772255e-21,3.988887769468961e-21,3.9888877666771844e-21,3.9888877638698865e-21,3.988887761054923e-21,3.988887758230466e-21,3.988887755403521e-21,3.988887752551926e-21,3.988887749698207e-21,3.988887746835375e-21,3.988887743962959e-21,3.988887741084497e-21,3.988887738190865e-21,3.988887735291827e-21,3.988887732378977e-21,3.988887729458509e-21,3.98888772652746e-21,3.988887723591627e-21,3.988887720643058e-21,3.988887717689427e-21,3.98888771471336e-21,3.988887711736564e-21,3.988887708756723e-21,3.988887705753638e-21,3.988887702747342e-21,3.988887699724722e-21,3.988887696706577e-21,3.988887693672591e-21,3.988887690631236e-21,3.988887687578266e-21,3.9888876845155535e-21,3.988887681440971e-21,3.9888876783519706e-21,3.988887675267726e-21,3.988887672167695e-21,3.988887669056735e-21,3.9888876659373885e-21,3.988887662808857e-21,3.988887659674287e-21,3.988887656523708e-21,3.9888876533676864e-21,3.988887650201604e-21,3.988887647025012e-21,3.9888876438410935e-21,3.988887640653979e-21,3.988887637443797e-21,3.988887634230515e-21,3.988887631008258e-21,3.988887627776672e-21,3.988887624535804e-21,3.988887621285632e-21,3.988887618026111e-21,3.988887614757327e-21,3.988887611478197e-21,3.98888760819186e-21,3.9888876048954324e-21,3.988887601595034e-21,3.988887598273587e-21,3.9888875949498835e-21,3.9888875916152246e-21,3.9888875882733735e-21,3.988887584921391e-21,3.988887581553139e-21,3.988887578187996e-21,3.988887574808536e-21,3.988887571420743e-21,3.988887568021509e-21,3.988887564615271e-21,3.988887561198867e-21,3.988887557773167e-21,3.988887554337116e-21,3.988887550893109e-21,3.988887547441018e-21,3.988887543977766e-21,3.988887540507312e-21,3.9888875370268235e-21,3.988887533535906e-21,3.9888875300381654e-21,3.988887526530326e-21,3.988887523013314e-21,3.988887519487154e-21,3.988887515951917e-21,3.988887512407547e-21,3.988887508854167e-21,3.988887505290702e-21,3.988887501720114e-21,3.988887498145043e-21,3.988887494550142e-21,3.988887490951198e-21,3.9888874873423674e-21,3.988887483726572e-21,3.988887480100874e-21,3.9888874764660685e-21,3.988887472822246e-21,3.9888874691694166e-21,3.9888874655076016e-21,3.9888874618367716e-21,3.9888874581570026e-21,3.988887454468194e-21,3.988887450770382e-21,3.988887447062658e-21,3.988887443347973e-21,3.9888874396223395e-21,3.988887435888654e-21,3.988887432147303e-21,3.9888874283948195e-21,3.988887424634469e-21,3.9888874208674035e-21,3.9888874170883475e-21,3.988887413306363e-21,3.988887409510804e-21,3.9888874057058924e-21,3.988887401885835e-21,3.988887398062794e-21,3.988887394233424e-21,3.988887390392203e-21,3.988887386541814e-21,3.988887382690039e-21,3.9888873788171795e-21,3.988887374942171e-21,3.988887371057672e-21,3.988887367164274e-21,3.988887363261966e-21,3.9888873593499496e-21,3.988887355429964e-21,3.988887351501297e-21,3.988887347564924e-21,3.988887343617774e-21,3.988887339662744e-21,3.988887335699051e-21,3.988887331727588e-21,3.98888732774641e-21,3.988887323755232e-21,3.988887319757407e-21,3.9888873157489555e-21,3.988887311733631e-21,3.988887307708755e-21,3.988887303675085e-21,3.988887299632738e-21,3.9888872955815936e-21,3.9888872915207666e-21,3.9888872874532266e-21,3.988887283375157e-21,3.988887279289214e-21,3.988887275195715e-21,3.988887271091482e-21,3.988887266979595e-21,3.9888872628590666e-21,3.988887258729907e-21,3.988887254592129e-21,3.9888872504457146e-21,3.98888724629169e-21,3.9888872421280144e-21,3.988887237955797e-21,3.988887233774848e-21,3.988887229585355e-21,3.988887225387278e-21,3.988887221187011e-21,3.988887216965686e-21,3.988887212740397e-21,3.988887208515234e-21,3.988887204270414e-21,3.988887200018725e-21,3.9888871957604625e-21,3.988887191492751e-21,3.988887187218583e-21,3.988887182933964e-21,3.98888717864267e-21,3.988887174341951e-21,3.988887170031677e-21,3.9888871657138805e-21,3.988887161388656e-21,3.9888871570539606e-21,3.988887152717018e-21,3.9888871483593386e-21,3.9888871440051616e-21,3.988887139630482e-21,3.9888871352593865e-21,3.988887130867774e-21,3.988887126473436e-21,3.988887122070962e-21,3.988887117660132e-21,3.988887113240752e-21,3.9888871088129755e-21,3.9888871043768e-21,3.988887099932332e-21,3.988887095479312e-21,3.988887091017962e-21,3.988887086548156e-21,3.988887082079217e-21,3.988887077584191e-21,3.988887073088711e-21,3.988887068585382e-21,3.988887064073738e-21,3.988887059553785e-21,3.988887055025328e-21,3.9888870504886915e-21,3.988887045943626e-21,3.988887041390393e-21,3.9888870368287295e-21,3.988887032258611e-21,3.988887027680347e-21,3.988887023093753e-21,3.988887018498857e-21,3.988887013895693e-21,3.988887009284239e-21,3.988887004664414e-21,3.988887000036374e-21,3.988886995400073e-21,3.988886990754668e-21,3.98888698610271e-21,3.9888869814416866e-21,3.988886976772443e-21,3.988886972094928e-21,3.988886967409195e-21,3.988886962724252e-21,3.988886958022807e-21,3.98888695330358e-21,3.988886948584358e-21,3.988886943857503e-21,3.988886939122492e-21,3.988886934379169e-21,3.9888869296278915e-21,3.988886924868285e-21,3.988886920100617e-21,3.988886915324669e-21,3.988886910540712e-21,3.988886905748469e-21,3.988886900948138e-21,3.9888868961397584e-21,3.988886891322991e-21,3.9888868864983214e-21,3.9888868816654545e-21,3.988886876824587e-21,3.988886871975475e-21,3.988886867118327e-21,3.9888868622530196e-21,3.988886857379741e-21,3.9888868524982265e-21,3.98888684760885e-21,3.988886842711305e-21,3.98888683780566e-21,3.988886832891884e-21,3.9888868279700936e-21,3.988886823040233e-21,3.988886818102399e-21,3.988886813155665e-21,3.988886808202568e-21,3.988886803240848e-21,3.988886798270857e-21,3.9888867932930005e-21,3.988886788306049e-21,3.988886783312935e-21,3.9888867783109785e-21,3.98888677330013e-21,3.9888867682830736e-21,3.9888867632572224e-21,3.988886758223375e-21,3.9888867531815574e-21,3.9888867481318e-21,3.98888674307411e-21,3.988886738008388e-21,3.988886732934796e-21,3.988886727853255e-21,3.988886722763783e-21,3.988886717666404e-21,3.988886712561104e-21,3.988886707447879e-21,3.9888867023267694e-21,3.98888669720364e-21,3.988886692061278e-21,3.9888866869161536e-21,3.9888866817722896e-21,3.9888866766124795e-21,3.988886671435481e-21,3.988886666258673e-21,3.988886661074514e-21,3.988886655882504e-21,3.988886650682645e-21,3.988886645474964e-21,3.988886640259445e-21,3.988886635036181e-21,3.98888662980503e-21,3.988886624566084e-21,3.988886619319418e-21,3.988886614064825e-21,3.9888866088110344e-21,3.988886603533093e-21,3.98888659825456e-21,3.98888659296881e-21,3.988886587675317e-21,3.988886582382703e-21,3.9888865770658235e-21,3.988886571748545e-21,3.988886566423913e-21,3.988886561091604e-21,3.988886555751672e-21,3.9888865504038565e-21,3.988886545048477e-21,3.988886539693812e-21,3.988886534315113e-21,3.98888652893582e-21,3.9888865235484524e-21,3.988886518155326e-21,3.988886512753844e-21,3.9888865073444384e-21,3.9888865019273625e-21,3.9888864965026505e-21,3.9888864910701935e-21,3.9888864856301666e-21,3.988886480182307e-21,3.988886474726894e-21,3.988886469263847e-21,3.98888646379317e-21,3.9888864583148534e-21,3.988886452828908e-21,3.988886447335403e-21,3.9888864418342955e-21,3.988886436325428e-21,3.98888643080904e-21,3.9888864252850225e-21,3.98888641975338e-21,3.9888864142142535e-21,3.9888864086674835e-21,3.988886403113183e-21,3.988886397551206e-21,3.988886391990034e-21,3.9888863864053644e-21,3.988886380820289e-21,3.9888863752281e-21,3.988886369628397e-21,3.988886364021157e-21,3.988886358406385e-21,3.9888863527840736e-21,3.988886347154178e-21,3.98888634151684e-21,3.988886335872056e-21,3.988886330219607e-21,3.9888863245598185e-21,3.988886318892535e-21,3.9888863132177056e-21,3.988886307535396e-21,3.988886301845561e-21,3.9888862961474445e-21,3.9888862904509906e-21,3.988886284735838e-21,3.988886279012098e-21,3.988886273279527e-21,3.988886267544665e-21,3.988886261802746e-21,3.988886256058755e-21,3.988886250302238e-21,3.9888862445380184e-21,3.988886238761812e-21,3.98888623298713e-21,3.988886227195303e-21,3.988886221406581e-21,3.988886215611008e-21,3.9888862097972876e-21,3.9888862039801395e-21,3.9888861981574244e-21,3.988886192325841e-21,3.988886186488556e-21,3.9888861806431604e-21,3.988886174784904e-21,3.9888861689245425e-21,3.988886163058733e-21,3.9888861571821115e-21,3.988886151301591e-21,3.98888614541143e-21,3.988886139517934e-21,3.98888613361928e-21,3.988886127702725e-21,3.9888861217846235e-21,3.988886115853244e-21,3.98888610992943e-21,3.988886103979381e-21,3.988886098036287e-21,3.988886092075962e-21,3.988886086118607e-21,3.98888608014905e-21,3.9888860741720084e-21,3.988886068187701e-21,3.9888860621900015e-21,3.9888860561970206e-21,3.988886050191287e-21,3.9888860441780186e-21,3.988886038152116e-21,3.9888860321295204e-21,3.98888602609492e-21,3.98888602005279e-21,3.988886014003443e-21,3.988886007951288e-21,3.9888860018834414e-21,3.988885995812177e-21,3.9888859897286576e-21,3.988885983643149e-21,3.9888859775507415e-21,3.988885971456349e-21,3.988885965349824e-21,3.988885959234968e-21,3.9888859531146514e-21,3.9888859469865695e-21,3.988885940851109e-21,3.988885934708472e-21,3.9888859285587685e-21,3.9888859224064184e-21,3.988885916237434e-21,3.988885910066935e-21,3.988885903888844e-21,3.9888858977035916e-21,3.9888858915104215e-21,3.988885885311734e-21,3.9888858791096964e-21,3.988885872891149e-21,3.988885866670915e-21,3.988885860443319e-21,3.988885854203213e-21,3.988885847966308e-21,3.988885841717599e-21,3.988885835455543e-21,3.988885829198094e-21,3.988885822928417e-21,3.9888858166512075e-21,3.988885810367062e-21,3.9888858040759375e-21,3.988885797776873e-21,3.988885791472396e-21,3.988885785162899e-21,3.988885778841403e-21,3.988885772516806e-21,3.988885766181952e-21,3.9888857598364404e-21,3.988885753494096e-21,3.988885747140178e-21,3.9888857407790206e-21,3.9888857344108414e-21,3.988885728034907e-21,3.9888857216528495e-21,3.988885715264638e-21,3.9888857088687214e-21,3.988885702470302e-21,3.9888856960555276e-21,3.988885689639275e-21,3.988885683214933e-21,3.988885676784175e-21,3.9888856703467574e-21,3.988885663903075e-21,3.988885657451817e-21,3.988885650993648e-21,3.988885644527622e-21,3.9888856380564294e-21,3.988885631572511e-21,3.988885625091461e-21,3.9888856185991564e-21,3.98888561209963e-21,3.988885605592478e-21,3.988885599079117e-21,3.988885592554721e-21,3.988885586027467e-21,3.9888855794980645e-21,3.988885572958458e-21,3.988885566411095e-21,3.988885559856774e-21,3.988885553295682e-21,3.988885546727758e-21,3.988885540153012e-21,3.9888855335714656e-21,3.9888855269821844e-21,3.988885520387922e-21,3.988885513786062e-21,3.988885507177251e-21,3.9888855005660406e-21,3.9888854939439396e-21,3.988885487310567e-21,3.988885480674548e-21,3.988885474031987e-21,3.988885467377662e-21,3.988885460721219e-21,3.988885454062676e-21,3.988885447389055e-21,3.988885440712592e-21,3.988885434034516e-21,3.9888854273450226e-21,3.988885420648537e-21,3.988885413945202e-21,3.988885407239544e-21,3.988885400518025e-21,3.988885393794451e-21,3.988885387069404e-21,3.988885380327985e-21,3.988885373585151e-21,3.988885366835175e-21,3.988885360078299e-21,3.988885353314855e-21,3.988885346544766e-21,3.988885339767947e-21,3.988885332984633e-21,3.9888853261945116e-21,3.988885319397768e-21,3.98888531259441e-21,3.988885305784486e-21,3.9888852989629545e-21,3.988885292143612e-21,3.98888528530973e-21,3.988885278478014e-21,3.988885271635175e-21,3.988885264785359e-21,3.988885257929095e-21,3.98888525106545e-21,3.988885244196684e-21,3.988885237320668e-21,3.988885230439742e-21,3.988885223548985e-21,3.9888852166521596e-21,3.988885209750558e-21,3.98888520283684e-21,3.988885195925968e-21,3.9888851890041104e-21,3.9888851820755955e-21,3.988885175140431e-21,3.988885168205392e-21,3.988885161257663e-21,3.988885154296362e-21,3.9888851473346826e-21,3.988885140366843e-21,3.98888513339255e-21,3.988885126411749e-21,3.988885119424441e-21,3.988885112430621e-21,3.9888851054304125e-21,3.988885098423554e-21,3.98888509141028e-21,3.988885084390529e-21,3.988885077364292e-21,3.988885070331615e-21,3.988885063292453e-21,3.988885056246901e-21,3.988885049193294e-21,3.988885042136154e-21,3.988885035070569e-21,3.988885028022721e-21,3.988885020973693e-21,3.988885013906822e-21,3.988885006838947e-21,3.988884999764867e-21,3.988884992690177e-21,3.988884985598939e-21,3.988884978504667e-21,3.9888849714051154e-21,3.988884964304998e-21,3.988884957187361e-21,3.988884950068573e-21,3.9888849429435865e-21,3.98888493581245e-21,3.9888849286749215e-21,3.9888849215319204e-21,3.9888849143809696e-21,3.988884907224407e-21,3.988884900061581e-21,3.988884892892587e-21,3.988884885717167e-21,3.9888848785354554e-21,3.988884871347557e-21,3.988884864153244e-21,3.988884856952743e-21,3.988884849745972e-21,3.988884842531456e-21,3.9888848353135475e-21,3.988884828086544e-21,3.9888848208560654e-21,3.988884813618976e-21,3.988884806372245e-21,3.988884799123119e-21,3.98888479186641e-21,3.988884784603324e-21,3.988884777333976e-21,3.988884770052739e-21,3.9888847627550434e-21,3.9888847554652015e-21,3.988884748170865e-21,3.9888847408704404e-21,3.988884733564649e-21,3.9888847262511335e-21,3.988884718932052e-21,3.988884711606851e-21,3.9888847042763315e-21,3.9888846969380096e-21,3.988884689595953e-21,3.988884682242482e-21,3.988884674886856e-21,3.988884667526258e-21,3.988884660158175e-21,3.988884652784519e-21,3.988884645403923e-21,3.9888846380170756e-21,3.988884630629007e-21,3.988884623224573e-21,3.988884615819905e-21,3.988884608408706e-21,3.988884600984946e-21,3.988884593567514e-21,3.988884586138169e-21,3.988884578701547e-21,3.9888845712596395e-21,3.988884563811692e-21,3.9888845563570245e-21,3.98888454889755e-21,3.9888845414314e-21,3.988884533959122e-21,3.988884526480848e-21,3.988884518997268e-21,3.988884511505987e-21,3.988884504007089e-21,3.9888844964853424e-21,3.988884488971866e-21,3.9888844814591234e-21,3.988884473917095e-21,3.9888844663852406e-21,3.988884458855125e-21,3.9888844513142264e-21,3.988884443770782e-21,3.988884436220831e-21,3.9888844286617536e-21,3.9888844211003375e-21,3.988884413531589e-21,3.988884405957568e-21,3.988884398374239e-21,3.988884390788783e-21,3.988884383196046e-21,3.988884375597163e-21,3.988884367990038e-21,3.98888436037977e-21,3.9888843527624246e-21,3.988884345139797e-21,3.988884337513456e-21,3.988884329879907e-21,3.988884322238608e-21,3.988884314591964e-21,3.988884306939512e-21,3.9888842992811526e-21,3.9888842916176765e-21,3.988884283946481e-21,3.9888842762711046e-21,3.9888842685882556e-21,3.988884260900048e-21,3.98888425320385e-21,3.988884245503898e-21,3.988884237798274e-21,3.98888423008673e-21,3.988884222366341e-21,3.988884214648109e-21,3.988884206916843e-21,3.988884199184587e-21,3.988884191443817e-21,3.9888841836966904e-21,3.988884175943261e-21,3.9888841681792095e-21,3.988884160420422e-21,3.988884152647291e-21,3.98888414487392e-21,3.988884137096821e-21,3.988884129301588e-21,3.988884121509535e-21,3.988884113710129e-21,3.9888841059048155e-21,3.988884098094385e-21,3.98888409027133e-21,3.988884082453318e-21,3.988884074625767e-21,3.9888840667905295e-21,3.988884058942911e-21,3.9888840511036736e-21,3.9888840432522854e-21,3.988884035395517e-21,3.988884027532023e-21,3.988884019662763e-21,3.9888840117848335e-21,3.988884003906122e-21,3.98888399601977e-21,3.988883988127452e-21,3.988883980229286e-21,3.988883972325515e-21,3.9888839644158515e-21,3.988883956501326e-21,3.988883948580391e-21,3.98888394065289e-21,3.9888839327210406e-21,3.988883924782109e-21,3.988883916838796e-21,3.9888839088884384e-21,3.9888839009336684e-21,3.9888838929726986e-21,3.988883884999815e-21,3.988883877030115e-21,3.9888838690522116e-21,3.988883861068398e-21,3.988883853081054e-21,3.988883845086024e-21,3.98888383707989e-21,3.988883829078072e-21,3.9888838210668485e-21,3.98888381304302e-21,3.988883805024123e-21,3.988883796995168e-21,3.9888837889661486e-21,3.98888378092082e-21,3.9888837728743125e-21,3.988883764822352e-21,3.9888837567647624e-21,3.9888837487007884e-21,3.98888374062764e-21,3.988883732555191e-21,3.988883724478171e-21,3.988883716392824e-21,3.988883708300816e-21,3.988883700203925e-21,3.988883692105688e-21,3.9888836839882205e-21,3.9888836758794174e-21,3.9888836677604e-21,3.988883659636318e-21,3.988883651505204e-21,3.988883643369156e-21,3.988883635227506e-21,3.9888836270788985e-21,3.988883618927526e-21,3.9888836107694436e-21,3.988883602609878e-21,3.988883594436455e-21,3.9888835862612275e-21,3.9888835780816e-21,3.988883569894835e-21,3.988883561707326e-21,3.988883553510485e-21,3.988883545302174e-21,3.988883537095155e-21,3.9888835288815656e-21,3.988883520662467e-21,3.988883512437701e-21,3.988883504207431e-21,3.988883495971733e-21,3.9888834877284495e-21,3.9888834794817694e-21,3.98888347123183e-21,3.9888834629743185e-21,3.988883454711791e-21,3.988883446443253e-21,3.988883438169061e-21,3.988883429888781e-21,3.988883421603638e-21,3.9888834133131315e-21,3.9888834050171085e-21,3.98888339671569e-21,3.988883388408836e-21,3.9888833800964485e-21,3.988883371778769e-21,3.9888833634503606e-21,3.988883355126642e-21,3.988883346792848e-21,3.988883338453332e-21,3.988883330108423e-21,3.9888833217580406e-21,3.9888833134022385e-21,3.988883305041039e-21,3.988883296673006e-21,3.9888832883023256e-21,3.9888832799259056e-21,3.988883271542385e-21,3.9888832631541425e-21,3.9888832547605644e-21,3.988883246359642e-21,3.9888832379580376e-21,3.98888322954871e-21,3.9888832211328706e-21,3.988883212712315e-21,3.9888832042865635e-21,3.9888831958511664e-21,3.98888318741675e-21,3.988883178977787e-21,3.988883170530881e-21,3.988883162078345e-21,3.988883153620391e-21,3.98888314515719e-21,3.988883136688673e-21,3.9888831282140844e-21,3.988883119734839e-21,3.9888831112503324e-21,3.9888831027605015e-21,3.988883094265414e-21,3.988883085765076e-21,3.988883077264203e-21,3.988883068748525e-21,3.988883060231922e-21,3.9888830517101894e-21,3.988883043188185e-21,3.9888830346521865e-21,3.988883026113825e-21,3.9888830175758226e-21,3.988883009023169e-21,3.9888830004745615e-21,3.988882991911408e-21,3.988882983347288e-21,3.988882974778302e-21,3.988882966204804e-21,3.988882957630175e-21,3.9888829490456785e-21,3.988882940450064e-21,3.988882931860045e-21,3.98888292325428e-21,3.988882914643456e-21,3.9888829060377324e-21,3.988882897421947e-21,3.988882888797876e-21,3.9888828801731365e-21,3.988882871541559e-21,3.988882862904499e-21,3.988882854262295e-21,3.988882845614944e-21,3.98888283696232e-21,3.988882828304536e-21,3.9888828196416015e-21,3.988882810973418e-21,3.988882802300155e-21,3.988882793617562e-21,3.988882784933804e-21,3.988882776249023e-21,3.988882767553891e-21,3.988882758854714e-21,3.988882750151846e-21,3.9888827414425835e-21,3.988882732728026e-21,3.988882724007011e-21,3.988882715282046e-21,3.988882706553442e-21,3.988882697818429e-21,3.988882689078171e-21,3.9888826803328e-21,3.9888826715823674e-21,3.988882662822752e-21,3.9888826540658555e-21,3.988882645296243e-21,3.988882636529149e-21,3.9888826277533635e-21,3.988882618972276e-21,3.9888826101860996e-21,3.9888826013955625e-21,3.988882592599324e-21,3.9888825837971075e-21,3.988882574989144e-21,3.988882566179572e-21,3.988882557362338e-21,3.988882548540519e-21,3.988882539713722e-21,3.988882530881884e-21,3.988882522043058e-21,3.988882513202864e-21,3.988882504356023e-21,3.9888824955040605e-21,3.9888824866444735e-21,3.988882477784883e-21,3.988882468918622e-21,3.988882460044493e-21,3.9888824511693134e-21,3.988882442286637e-21,3.988882433399873e-21,3.988882424507014e-21,3.988882415609745e-21,3.988882406707401e-21,3.988882397798274e-21,3.988882388885982e-21,3.9888823799714525e-21,3.988882371048846e-21,3.988882362121557e-21,3.988882353190033e-21,3.988882344253034e-21,3.9888823353101075e-21,3.9888823263628975e-21,3.988882317411414e-21,3.988882308453778e-21,3.988882299491612e-21,3.988882290524649e-21,3.9888822815526805e-21,3.98888227257662e-21,3.988882263594066e-21,3.9888822546079854e-21,3.9888822456156914e-21,3.9888822366196425e-21,3.988882227618179e-21,3.988882218611712e-21,3.98888220960423e-21,3.988882200583384e-21,3.988882191561875e-21,3.988882182535722e-21,3.9888821735045695e-21,3.988882164466752e-21,3.988882155428443e-21,3.988882146382174e-21,3.988882137331428e-21,3.98888212827463e-21,3.988882119215455e-21,3.9888821101501734e-21,3.9888821010800424e-21,3.988882092004918e-21,3.988882082925703e-21,3.9888820738389445e-21,3.9888820647491375e-21,3.988882055655854e-21,3.988882046556739e-21,3.988882037457763e-21,3.98888202834362e-21,3.988882019230044e-21,3.98888201010926e-21,3.988882000986927e-21,3.9888819918592914e-21,3.9888819827261e-21,3.9888819735872665e-21,3.988881964444213e-21,3.9888819552966685e-21,3.988881946143958e-21,3.988881936986555e-21,3.9888819278230694e-21,3.98888191865598e-21,3.988881909485574e-21,3.9888819003097804e-21,3.9888818911241516e-21,3.988881881941327e-21,3.988881872751236e-21,3.988881863554818e-21,3.988881854354894e-21,3.988881845149612e-21,3.988881835938832e-21,3.9888818267238754e-21,3.988881817504263e-21,3.9888818082797935e-21,3.98888179905141e-21,3.988881789816898e-21,3.988881780576237e-21,3.9888817713347065e-21,3.988881762086687e-21,3.988881752833814e-21,3.988881743574149e-21,3.9888817343142795e-21,3.988881725046713e-21,3.988881715775471e-21,3.988881706498295e-21,3.988881697217655e-21,3.988881687930989e-21,3.988881678640164e-21,3.988881669345457e-21,3.988881660045441e-21,3.9888816507399015e-21,3.988881641435486e-21,3.988881632117044e-21,3.9888816228023835e-21,3.988881613473904e-21,3.988881604146042e-21,3.9888815948123035e-21,3.9888815854747105e-21,3.9888815761323155e-21,3.988881566783365e-21,3.988881557434079e-21,3.9888815480766425e-21,3.988881538716841e-21,3.9888815293507466e-21,3.988881519980348e-21,3.988881510605402e-21,3.988881501225786e-21,3.988881491839574e-21,3.988881482452574e-21,3.988881473059872e-21,3.9888814636597295e-21,3.988881454258132e-21,3.988881444850974e-21,3.988881435438814e-21,3.988881426022177e-21,3.988881416600954e-21,3.988881407170646e-21,3.988881397748156e-21,3.9888813883091145e-21,3.988881378870505e-21,3.988881369425847e-21,3.988881359977542e-21,3.988881350522107e-21,3.988881341065285e-21,3.988881331598253e-21,3.9888813221307965e-21,3.988881312664832e-21,3.988881303187488e-21,3.988881293707725e-21,3.988881284221059e-21,3.9888812747322364e-21,3.9888812652370715e-21,3.988881255737222e-21,3.988881246233898e-21,3.988881236725669e-21,3.988881227212174e-21,3.988881217694701e-21,3.988881208172716e-21,3.9888811986463e-21,3.98888118911603e-21,3.9888811795804676e-21,3.9888811700398425e-21,3.9888811604925375e-21,3.988881150946497e-21,3.988881141393091e-21,3.98888113183436e-21,3.988881122272342e-21,3.9888811127046364e-21,3.988881103131633e-21,3.98888109355784e-21,3.988881083976072e-21,3.9888810743921594e-21,3.9888810648013556e-21,3.988881055204603e-21,3.988881045606534e-21,3.988881036006049e-21,3.988881026398668e-21,3.988881016783561e-21,3.988881007167444e-21,3.988880997552583e-21,3.988880987921681e-21,3.9888809782937584e-21,3.988880968656551e-21,3.9888809590175356e-21,3.9888809493808e-21,3.988880939727066e-21,3.988880930077598e-21,3.988880920421481e-21,3.988880910757292e-21,3.9888809010897616e-21,3.988880891424845e-21,3.988880881751471e-21,3.9888808720721685e-21,3.9888808623890276e-21,3.9888808526983395e-21,3.988880843008698e-21,3.988880833312653e-21,3.9888808236093155e-21,3.988880813907783e-21,3.988880804197271e-21,3.988880794483211e-21,3.988880784764855e-21,3.98888077504213e-21,3.988880765314937e-21,3.988880755583418e-21,3.988880745847545e-21,3.988880736107215e-21,3.988880726362628e-21,3.9888807166141285e-21,3.988880706860244e-21,3.988880697103071e-21,3.988880687340425e-21,3.988880677578115e-21,3.988880667804066e-21,3.9888806580280475e-21,3.988880648252629e-21,3.9888806384689756e-21,3.988880628676588e-21,3.9888806188837614e-21,3.988880609086845e-21,3.988880599285678e-21,3.9888805894800864e-21,3.9888805796702855e-21,3.988880569856707e-21,3.988880560038392e-21,3.9888805502155726e-21,3.988880540387832e-21,3.988880530560501e-21,3.988880520721436e-21,3.988880510876582e-21,3.988880501036097e-21,3.98888049118775e-21,3.98888048133484e-21,3.988880471477669e-21,3.988880461616132e-21,3.988880451751103e-21,3.988880441880563e-21,3.9888804320061725e-21,3.988880422127526e-21,3.988880412244672e-21,3.9888804023575304e-21,3.988880392466148e-21,3.988880382570512e-21,3.988880372670582e-21,3.988880362767133e-21,3.9888803528580246e-21,3.988880342945272e-21,3.9888803330290426e-21,3.988880323107397e-21,3.988880313182516e-21,3.988880303252277e-21,3.988880293319111e-21,3.988880283380453e-21,3.9888802734380956e-21,3.988880263491625e-21,3.988880253540901e-21,3.988880243586559e-21,3.988880233626832e-21,3.988880223663957e-21,3.988880213696482e-21,3.988880203724617e-21,3.988880193748742e-21,3.988880183768462e-21,3.988880173782406e-21,3.9888801637983066e-21,3.988880153803052e-21,3.988880143805454e-21,3.988880133804226e-21,3.98888012379894e-21,3.9888801137895006e-21,3.988880103775891e-21,3.988880093756238e-21,3.9888800837365705e-21,3.988880073710035e-21,3.9888800636796976e-21,3.98888005364537e-21,3.988880043606694e-21,3.9888800335621586e-21,3.988880023518075e-21,3.988880013466251e-21,3.9888800034120255e-21,3.988879993351763e-21,3.988879983288126e-21,3.988879973219947e-21,3.9888799631488214e-21,3.988879953073069e-21,3.9888799429937434e-21,3.988879932909138e-21,3.988879922819703e-21,3.988879912728466e-21,3.988879902632146e-21,3.988879892531615e-21,3.9888798824257526e-21,3.988879872318168e-21,3.988879862205468e-21,3.988879852088663e-21,3.98887984196771e-21,3.988879831843288e-21,3.988879821713664e-21,3.988879811580368e-21,3.988879801447103e-21,3.988879791302313e-21,3.98887978115609e-21,3.9888797710064254e-21,3.988879760852883e-21,3.9888797506951176e-21,3.988879740531039e-21,3.988879730371478e-21,3.988879720197961e-21,3.988879710024451e-21,3.988879699845963e-21,3.988879689663831e-21,3.988879679477278e-21,3.98887966928716e-21,3.988879659093667e-21,3.9888796488956096e-21,3.98887963869335e-21,3.988879628487707e-21,3.9888796182764734e-21,3.9888796080625364e-21,3.988879597844368e-21,3.98887958762208e-21,3.9888795773963654e-21,3.988879567165434e-21,3.988879556931034e-21,3.988879546691642e-21,3.9888795364549376e-21,3.9888795262044125e-21,3.9888795159538986e-21,3.988879505699608e-21,3.9888794954395624e-21,3.988879485178906e-21,3.988879474913316e-21,3.9888794646425365e-21,3.988879454367042e-21,3.9888794440899954e-21,3.9888794338078986e-21,3.988879423521795e-21,3.9888794132305386e-21,3.9888794029375316e-21,3.988879392638502e-21,3.988879382337572e-21,3.988879372031781e-21,3.988879361720645e-21,3.988879351406744e-21,3.988879341090294e-21,3.988879330768698e-21,3.988879320443788e-21,3.9888793101137524e-21,3.9888792997801655e-21,3.988879289442663e-21,3.988879279101975e-21,3.98887926875662e-21,3.9888792584076544e-21,3.988879248053743e-21,3.988879237697384e-21,3.988879227335821e-21,3.98887921697163e-21,3.988879206601681e-21,3.988879196229508e-21,3.988879185853032e-21,3.988879175472646e-21,3.988879165088234e-21,3.988879154704453e-21,3.988879144308226e-21,3.988879133911973e-21,3.988879123512098e-21,3.9888791131083215e-21,3.9888791027007376e-21,3.9888790922891505e-21,3.988879081873747e-21,3.988879071454529e-21,3.988879061030326e-21,3.9888790506031996e-21,3.988879040174108e-21,3.988879029737288e-21,3.988879019300359e-21,3.988879008858035e-21,3.9888789984118365e-21,3.988878987961785e-21,3.988878977508533e-21,3.9888789670502415e-21,3.988878956587444e-21,3.9888789461229965e-21,3.988878935652668e-21,3.9888789251806885e-21,3.9888789147038726e-21,3.988878904223133e-21,3.988878893738605e-21,3.9888788832502995e-21,3.988878872758132e-21,3.9888788622621416e-21,3.988878851762302e-21,3.988878841258685e-21,3.9888788307512435e-21,3.9888788202401686e-21,3.98887880972503e-21,3.988878799205727e-21,3.9888787886835996e-21,3.988878778157338e-21,3.988878767627162e-21,3.98887875709321e-21,3.988878746555455e-21,3.988878736012422e-21,3.988878725468653e-21,3.988878714919733e-21,3.98887870436523e-21,3.988878693809186e-21,3.988878683250014e-21,3.988878672685474e-21,3.98887866211869e-21,3.988878651546724e-21,3.988878640971781e-21,3.988878630392273e-21,3.98887861980944e-21,3.988878609226727e-21,3.9888785986327055e-21,3.988878588038468e-21,3.9888785774439756e-21,3.9888785668392305e-21,3.988878556233797e-21,3.988878545624837e-21,3.9888785350122e-21,3.988878524395722e-21,3.988878513775588e-21,3.9888785031517606e-21,3.988878492524255e-21,3.98887848189296e-21,3.98887847125792e-21,3.98887846061929e-21,3.988878449976921e-21,3.988878439331471e-21,3.988878428681749e-21,3.988878418028422e-21,3.988878407371238e-21,3.988878396709816e-21,3.9888783860452044e-21,3.98887837537755e-21,3.9888783647057246e-21,3.988878354030224e-21,3.9888783433504935e-21,3.988878332668097e-21,3.9888783219798956e-21,3.9888783112907046e-21,3.9888783005973036e-21,3.9888782898995045e-21,3.988878279197028e-21,3.988878268492054e-21,3.988878257784689e-21,3.9888782470725875e-21,3.988878236357324e-21,3.9888782256406345e-21,3.9888782149140195e-21,3.988878204187504e-21,3.988878193457775e-21,3.9888781827238225e-21,3.988878171986232e-21,3.988878161244471e-21,3.98887815049956e-21,3.988878139749972e-21,3.988878128998826e-21,3.988878118242139e-21,3.988878107483766e-21,3.9888780967209175e-21,3.988878085954349e-21,3.988878075183152e-21,3.988878064411524e-21,3.988878053633256e-21,3.988878042852169e-21,3.988878032067642e-21,3.988878021279497e-21,3.988878010486734e-21,3.988877999692455e-21,3.988877988893686e-21,3.988877978091171e-21,3.98887796728512e-21,3.9888779564755205e-21,3.988877945662371e-21,3.988877934845553e-21,3.988877924025248e-21,3.9888779132013755e-21,3.988877902374007e-21,3.988877891543087e-21,3.988877880708455e-21,3.9888778698707985e-21,3.9888778590292604e-21,3.98887784818199e-21,3.988877837334599e-21,3.9888778264829026e-21,3.988877815625676e-21,3.988877804767174e-21,3.988877793904411e-21,3.988877783041526e-21,3.988877772168245e-21,3.988877761294499e-21,3.988877750418063e-21,3.988877739537531e-21,3.988877728652976e-21,3.988877717765291e-21,3.988877706874742e-21,3.988877695978572e-21,3.988877685081319e-21,3.988877674180329e-21,3.988877663273696e-21,3.988877652365994e-21,3.9888776414545276e-21,3.988877630538921e-21,3.988877619619809e-21,3.988877608697151e-21,3.988877597770475e-21,3.9888775868409314e-21,3.9888775759119275e-21,3.988877564975675e-21,3.988877554031523e-21,3.9888775430917295e-21,3.988877532140923e-21,3.9888775211902445e-21,3.988877510235812e-21,3.988877499278918e-21,3.988877488318175e-21,3.988877477356986e-21,3.988877466382756e-21,3.988877455417678e-21,3.988877444440959e-21,3.98887743346219e-21,3.988877422480679e-21,3.9888774114379075e-21,3.9888774004505456e-21,3.988877389401602e-21,3.988877378408787e-21,3.988877367410773e-21,3.988877356347808e-21,3.9888773452848756e-21,3.988877334220933e-21,3.988877323149035e-21,3.988877312075946e-21,3.988877300999405e-21,3.988877289918844e-21,3.988877278835571e-21,3.98887726774822e-21,3.988877256660239e-21,3.988877245563948e-21,3.988877234465932e-21,3.988877223365629e-21,3.988877212261472e-21,3.988877201154082e-21,3.988877190043099e-21,3.9888771789280785e-21,3.9888771678105094e-21,3.988877156688802e-21,3.988877145563994e-21,3.988877134435745e-21,3.988877123304503e-21,3.988877112169061e-21,3.9888771010305806e-21,3.988877089888195e-21,3.988877078743697e-21,3.9888770675951646e-21,3.988877056443092e-21,3.988877045287266e-21,3.9888770341306806e-21,3.988877022966243e-21,3.9888770117997546e-21,3.9888770006313726e-21,3.98887698945923e-21,3.988876978283139e-21,3.988876967103949e-21,3.988876955921531e-21,3.9888769447354614e-21,3.988876933546211e-21,3.9888769223535005e-21,3.988876911157419e-21,3.988876899957999e-21,3.988876888755198e-21,3.9888768775490116e-21,3.9888768663386346e-21,3.988876855126632e-21,3.988876843910459e-21,3.988876832690135e-21,3.988876821467982e-21,3.9888768102418105e-21,3.988876799012159e-21,3.988876787779235e-21,3.9888767765429664e-21,3.988876765303295e-21,3.988876754060361e-21,3.98887674281415e-21,3.988876731565155e-21,3.9888767203115846e-21,3.9888767090547046e-21,3.9888766977956926e-21,3.98887668653287e-21,3.988876675266994e-21,3.988876663997524e-21,3.988876652724409e-21,3.988876641448236e-21,3.988876630169158e-21,3.988876618886424e-21,3.988876607599307e-21,3.988876596311297e-21,3.988876585018765e-21,3.9888765737225475e-21,3.988876562423323e-21,3.988876551120448e-21,3.988876539814613e-21,3.9888765285055635e-21,3.988876517193152e-21,3.98887650587759e-21,3.988876494558929e-21,3.98887648323684e-21,3.988876471911053e-21,3.988876460582307e-21,3.988876449250432e-21,3.988876437914535e-21,3.988876426576644e-21,3.98887641523492e-21,3.988876403889898e-21,3.988876392540638e-21,3.988876381189155e-21,3.988876369837057e-21,3.98887635847737e-21,3.988876347115955e-21,3.98887633575072e-21,3.988876324383919e-21,3.9888763130147644e-21,3.988876301637809e-21,3.988876290261073e-21,3.9888762788803065e-21,3.9888762674964566e-21,3.988876256111387e-21,3.9888762447190715e-21,3.988876233325316e-21,3.9888762219309606e-21,3.988876210528861e-21,3.988876199124874e-21,3.988876187718923e-21,3.9888761763096825e-21,3.98887616489597e-21,3.988876153480529e-21,3.9888761420615865e-21,3.988876130638987e-21,3.98887611921334e-21,3.988876107784505e-21,3.9888760963525876e-21,3.988876084917288e-21,3.9888760734788804e-21,3.9888760620370555e-21,3.98887605059196e-21,3.988876039144647e-21,3.988876027695205e-21,3.9888760162392885e-21,3.988876004781248e-21,3.9888759933211126e-21,3.988875981857358e-21,3.988875970390404e-21,3.988875958920298e-21,3.9888759474469434e-21,3.988875935970541e-21,3.988875924490931e-21,3.988875913008234e-21,3.988875901522282e-21,3.9888758900332595e-21,3.9888758785410046e-21,3.988875867045731e-21,3.988875855547256e-21,3.988875844045087e-21,3.988875832540831e-21,3.9888758210330095e-21,3.9888758095220136e-21,3.988875798007821e-21,3.988875786490887e-21,3.988875774969668e-21,3.988875763446625e-21,3.9888757519201784e-21,3.988875740390341e-21,3.988875728859107e-21,3.988875717321616e-21,3.988875705782447e-21,3.988875694239738e-21,3.988875682695187e-21,3.988875671146566e-21,3.9888756595950676e-21,3.9888756480404644e-21,3.988875636483086e-21,3.9888756249220505e-21,3.988875613358152e-21,3.988875601789512e-21,3.9888755902210134e-21,3.988875578647944e-21,3.988875567071728e-21,3.988875555492374e-21,3.98887554391001e-21,3.98887553232452e-21,3.988875520736029e-21,3.988875509144674e-21,3.988875497549815e-21,3.988875485951966e-21,3.9888754743527925e-21,3.9888754627473945e-21,3.988875451140331e-21,3.988875439530373e-21,3.98887542791735e-21,3.988875416301268e-21,3.9888754046824754e-21,3.988875393060024e-21,3.9888753814350294e-21,3.9888753698065345e-21,3.9888753581754764e-21,3.988875346540824e-21,3.988875334903387e-21,3.9888753232629625e-21,3.9888753116187185e-21,3.9888752999724464e-21,3.988875288322942e-21,3.9888752766704056e-21,3.988875265014865e-21,3.9888752533563074e-21,3.988875241695272e-21,3.988875230030172e-21,3.988875218362508e-21,3.9888752066924234e-21,3.988875195018818e-21,3.988875183341394e-21,3.988875171662474e-21,3.9888751599798435e-21,3.9888751482942786e-21,3.988875136605606e-21,3.98887512491553e-21,3.98887511321966e-21,3.988875101521669e-21,3.988875089820498e-21,3.9888750781173764e-21,3.9888750664109325e-21,3.988875054701179e-21,3.988875042988689e-21,3.988875031274747e-21,3.988875019554758e-21,3.988875007833183e-21,3.988874996108752e-21,3.988874984382911e-21,3.988874972651034e-21,3.988874960917627e-21,3.9888749491815915e-21,3.988874937442148e-21,3.988874925699857e-21,3.9888749139547845e-21,3.988874902206645e-21,3.988874890455612e-21,3.9888748787010394e-21,3.9888748669448215e-21,3.9888748551847e-21,3.988874843421229e-21,3.9888748316559266e-21,3.988874819887251e-21,3.988874808115054e-21,3.988874796341196e-21,3.9888747845636744e-21,3.9888747727829716e-21,3.988874760999804e-21,3.988874749212684e-21,3.98887473742334e-21,3.988874725632014e-21,3.98887471383679e-21,3.98887470203889e-21,3.98887469023829e-21,3.988874678434494e-21,3.988874666627708e-21,3.988874654817772e-21,3.9888746430052566e-21,3.9888746311897794e-21,3.9888746193715014e-21,3.988874607550234e-21,3.988874595726114e-21,3.9888745838990925e-21,3.988874572069219e-21,3.988874560236445e-21,3.988874548400744e-21,3.988874536562409e-21,3.988874524720946e-21,3.988874512876327e-21,3.988874501029145e-21,3.9888744891789765e-21,3.988874477326272e-21,3.9888744654704644e-21,3.9888744536114725e-21,3.988874441749927e-21,3.988874429885697e-21,3.988874418018437e-21,3.9888744061473586e-21,3.988874394275166e-21,3.988874382398466e-21,3.988874370520187e-21,3.9888743586386624e-21,3.988874346754533e-21,3.98887433486751e-21,3.988874322976344e-21,3.98887431108368e-21,3.9888742991879525e-21,3.988874287289615e-21,3.988874275387307e-21,3.988874263483774e-21,3.98887425157395e-21,3.9888742396656176e-21,3.9888742277533925e-21,3.988874215838397e-21,3.988874203918793e-21,3.988874191995661e-21,3.988874180073622e-21,3.988874168146838e-21,3.9888741562173285e-21,3.988874144284774e-21,3.988874132349155e-21,3.988874120410439e-21,3.988874108470095e-21,3.9888740965264085e-21,3.988874084579487e-21,3.9888740726299655e-21,3.988874060677303e-21,3.9888740487221475e-21,3.988874036765085e-21,3.988874024804269e-21,3.988874012840904e-21,3.9888740008747374e-21,3.988873988906009e-21,3.988873976934422e-21,3.988873964958867e-21,3.9888739529819995e-21,3.988873941002238e-21,3.988873929019311e-21,3.988873917033523e-21,3.988873905045252e-21,3.988873893053778e-21,3.9888738810598626e-21,3.988873869062597e-21,3.988873857063771e-21,3.988873845061632e-21,3.9888738330557435e-21,3.988873821048503e-21,3.988873809037964e-21,3.988873797025321e-21,3.9888737850092584e-21,3.9888737729904896e-21,3.988873760966146e-21,3.988873748943963e-21,3.9888737369173154e-21,3.988873724887298e-21,3.988873712854812e-21,3.988873700819574e-21,3.988873688781056e-21,3.988873676740844e-21,3.988873664697735e-21,3.988873652651216e-21,3.988873640601876e-21,3.988873628548747e-21,3.988873616496385e-21,3.988873604439254e-21,3.988873592379656e-21,3.9888735803169394e-21,3.9888735682519655e-21,3.988873556183842e-21,3.988873544113133e-21,3.98887353204003e-21,3.988873519964164e-21,3.98887350788504e-21,3.9888734958035675e-21,3.9888734837193825e-21,3.988873471632806e-21,3.9888734595430176e-21,3.988873447450971e-21,3.988873435355279e-21,3.9888734232583575e-21,3.988873411158034e-21,3.988873399054261e-21,3.988873386948459e-21,3.988873374840182e-21,3.9888733627295564e-21,3.9888733506161055e-21,3.988873338499466e-21,3.988873326380651e-21,3.988873314258625e-21,3.988873302134396e-21,3.988873290007306e-21,3.988873277877625e-21,3.98887326574489e-21,3.988873253610037e-21,3.988873241472253e-21,3.988873229331641e-21,3.9888732171888376e-21,3.9888732050428084e-21,3.988873192894704e-21,3.988873180742875e-21,3.988873168591371e-21,3.988873156433388e-21,3.988873144274329e-21,3.98887313211275e-21,3.988873119948508e-21,3.988873107783478e-21,3.988873095614052e-21,3.988873083441926e-21,3.988873071265579e-21,3.9888730590878416e-21,3.98887304690773e-21,3.988873034725065e-21,3.988873022539785e-21,3.988873010351109e-21,3.988872998160586e-21,3.988872985968371e-21,3.988872973771773e-21,3.988872961574313e-21,3.988872949373112e-21,3.988872937171239e-21,3.988872924963365e-21,3.988872912754505e-21,3.988872900543267e-21,3.988872888329297e-21,3.988872876112448e-21,3.9888728638934026e-21,3.9888728516715565e-21,3.98887283944713e-21,3.98887282722019e-21,3.988872814990303e-21,3.988872802758284e-21,3.988872790523629e-21,3.9888727782862754e-21,3.988872766046227e-21,3.9888727538037615e-21,3.9888727415577825e-21,3.988872729310055e-21,3.988872717060541e-21,3.9888727048071046e-21,3.988872692551569e-21,3.98887268029443e-21,3.988872668033672e-21,3.988872655770544e-21,3.988872643504874e-21,3.9888726312365755e-21,3.988872618966035e-21,3.9888726066927086e-21,3.9888725944167386e-21,3.988872582138051e-21,3.988872569857198e-21,3.988872557573371e-21,3.988872545287286e-21,3.9888725329988695e-21,3.988872520707486e-21,3.988872508413595e-21,3.988872496117864e-21,3.9888724838185436e-21,3.988872471517348e-21,3.9888724592131335e-21,3.988872446907273e-21,3.9888724345973e-21,3.988872422286438e-21,3.98887240997242e-21,3.988872397655721e-21,3.988872385336576e-21,3.988872373015002e-21,3.9888723606907826e-21,3.988872348364641e-21,3.9888723360353284e-21,3.9888723237036584e-21,3.988872311369358e-21,3.988872299032681e-21,3.9888722866932026e-21,3.988872274351013e-21,3.988872262006812e-21,3.988872249660919e-21,3.988872237311372e-21,3.988872224960266e-21,3.988872212605525e-21,3.9888722002490896e-21,3.98887218788958e-21,3.9888721755278566e-21,3.988872163163661e-21,3.988872150796953e-21,3.9888721384277345e-21,3.988872126056414e-21,3.988872113681992e-21,3.988872101304923e-21,3.988872088925811e-21,3.988872076544306e-21,3.98887206416101e-21,3.988872051774318e-21,3.988872039385287e-21,3.9888720269938484e-21,3.988872014600179e-21,3.988872002203547e-21,3.988871989804688e-21,3.9888719774033905e-21,3.988871964999569e-21,3.988871952591701e-21,3.988871940184579e-21,3.9888719277735684e-21,3.9888719153599884e-21,3.98887190294423e-21,3.988871890525479e-21,3.9888718781047635e-21,3.9888718656812725e-21,3.988871853255372e-21,3.988871840826872e-21,3.988871828394516e-21,3.988871815962953e-21,3.988871803527469e-21,3.988871791088994e-21,3.988871778649196e-21,3.988871766205583e-21,3.9888717537609364e-21,3.988871741313063e-21,3.988871728861428e-21,3.988871716409635e-21,3.988871703955357e-21,3.98887169149779e-21,3.988871679038218e-21,3.9888716665758204e-21,3.988871654110858e-21,3.988871641644017e-21,3.9888716291742624e-21,3.9888716167023035e-21,3.988871604228039e-21,3.988871591751249e-21,3.9888715792721484e-21,3.9888715667905944e-21,3.9888715543066044e-21,3.988871541820395e-21,3.98887152933192e-21,3.9888715168408204e-21,3.988871504347225e-21,3.9888714918505575e-21,3.98887147935269e-21,3.988871466852302e-21,3.988871454349023e-21,3.988871441843635e-21,3.988871429335768e-21,3.988871416825518e-21,3.988871404314637e-21,3.988871391797955e-21,3.988871379280767e-21,3.988871366761135e-21,3.988871354238842e-21,3.988871341714259e-21,3.9888713291875286e-21,3.988871316658329e-21,3.988871304126992e-21,3.98887129159273e-21,3.988871279056245e-21,3.9888712665178216e-21,3.988871253976826e-21,3.988871241435179e-21,3.988871228889458e-21,3.988871216340054e-21,3.988871203789235e-21,3.988871191236705e-21,3.988871178681369e-21,3.988871166123985e-21,3.988871153565765e-21,3.9888711410020715e-21,3.988871128435825e-21,3.98887111587235e-21,3.988871103303343e-21,3.988871090730123e-21,3.988871078156313e-21,3.988871065580174e-21,3.98887105300168e-21,3.988871040420954e-21,3.988871027837747e-21,3.9888710152523e-21,3.988871002664973e-21,3.9888709900746785e-21,3.988870977482217e-21,3.988870964887418e-21,3.988870952290198e-21,3.988870939690209e-21,3.988870927090685e-21,3.988870914485195e-21,3.988870901879075e-21,3.988870889271957e-21,3.9888708766593416e-21,3.988870864044414e-21,3.9888708514305094e-21,3.9888708388127794e-21,3.988870826194326e-21,3.988870813569625e-21,3.98887080094552e-21,3.988870788316873e-21,3.9888707756895964e-21,3.98887076305786e-21,3.988870750423957e-21,3.988870737788157e-21,3.988870725149472e-21,3.988870712509013e-21,3.9888706998659986e-21,3.9888706872207255e-21,3.988870674573207e-21,3.988870661923417e-21,3.9888706492712795e-21,3.988870636616629e-21,3.9888706239602395e-21,3.988870611301345e-21,3.988870598640189e-21,3.98887058597676e-21,3.988870573310733e-21,3.988870560642572e-21,3.988870547972759e-21,3.988870535300131e-21,3.988870522625609e-21,3.9888705099466395e-21,3.988870497268913e-21,3.988870484585884e-21,3.988870471905429e-21,3.98887045921793e-21,3.988870446529573e-21,3.988870433838863e-21,3.988870421146355e-21,3.988870408451687e-21,3.988870395754617e-21,3.988870383055131e-21,3.988870370353109e-21,3.988870357649266e-21,3.988870344943034e-21,3.9888703322346716e-21,3.988870319524557e-21,3.9888703068112234e-21,3.9888702940961775e-21,3.988870281380457e-21,3.988870268658106e-21,3.9888702559376064e-21,3.988870243212305e-21,3.988870230487392e-21,3.988870217757747e-21,3.988870205028436e-21,3.988870192297161e-21,3.988870179560085e-21,3.9888701668227974e-21,3.988870154084562e-21,3.988870141342736e-21,3.988870128598644e-21,3.988870115852965e-21,3.9888701031042485e-21,3.988870090352354e-21,3.988870077600973e-21,3.988870064846297e-21,3.988870052087505e-21,3.988870039329951e-21,3.988870026568954e-21,3.988870013805025e-21,3.9888700010391194e-21,3.988869988271424e-21,3.9888699755005436e-21,3.9888699627285774e-21,3.988869949954094e-21,3.98886993717739e-21,3.988869924398455e-21,3.988869911617383e-21,3.9888698988341625e-21,3.988869886048734e-21,3.9888698732611035e-21,3.988869860471293e-21,3.9888698476793116e-21,3.9888698348852694e-21,3.988869822089014e-21,3.98886980929085e-21,3.9888697964902596e-21,3.988869783687504e-21,3.988869770882368e-21,3.988869758075263e-21,3.988869745265998e-21,3.988869732454605e-21,3.988869719641145e-21,3.988869706823885e-21,3.988869694006836e-21,3.988869681189015e-21,3.988869668365629e-21,3.9888696555429574e-21,3.988869642714992e-21,3.988869629887958e-21,3.988869617056072e-21,3.98886960422285e-21,3.9888695913881824e-21,3.988869578550824e-21,3.988869565711575e-21,3.988869552870206e-21,3.988869540026637e-21,3.988869527181091e-21,3.988869514331714e-21,3.9888695014833336e-21,3.988869488631675e-21,3.988869475777448e-21,3.9888694629212485e-21,3.988869450062842e-21,3.988869437202458e-21,3.988869424338188e-21,3.988869411475144e-21,3.988869398608435e-21,3.988869385739538e-21,3.988869372868702e-21,3.988869359995318e-21,3.9888693471186936e-21,3.9888693342428664e-21,3.988869321363305e-21,3.988869308483415e-21,3.9888692955984215e-21,3.988869282712599e-21,3.9888692698245414e-21,3.988869256934552e-21,3.988869244040811e-21,3.988869231148313e-21,3.988869218252221e-21,3.988869205353879e-21,3.988869192453035e-21,3.9888691795512404e-21,3.9888691666464415e-21,3.988869153740006e-21,3.988869140831296e-21,3.9888691279204636e-21,3.9888691150074885e-21,3.988869102092244e-21,3.9888690891752076e-21,3.988869076256031e-21,3.988869063334885e-21,3.9888690504115785e-21,3.9888690374865264e-21,3.988869024559172e-21,3.988869011629427e-21,3.988868998698167e-21,3.988868985764552e-21,3.98886897282856e-21,3.988868959890857e-21,3.988868946951064e-21,3.988868934007163e-21,3.98886892106547e-21,3.988868908119417e-21,3.988868895169413e-21,3.98886888222125e-21,3.988868869269286e-21,3.9888688563154025e-21,3.9888688433592745e-21,3.988868830400816e-21,3.9888688174405585e-21,3.98886880447823e-21,3.988868791513879e-21,3.988868778547471e-21,3.9888687655792674e-21,3.988868752606946e-21,3.988868739636294e-21,3.988868726661655e-21,3.988868713685338e-21,3.988868700706525e-21,3.988868687725387e-21,3.988868674743192e-21,3.988868661758628e-21,3.988868648771941e-21,3.988868635782758e-21,3.988868622792529e-21,3.988868609799785e-21,3.988868596805009e-21,3.988868583808443e-21,3.988868570809722e-21,3.988868557808915e-21,3.988868544805927e-21,3.988868531801376e-21,3.988868518794333e-21,3.988868505785473e-21,3.9888684927746416e-21,3.988868479761988e-21,3.988868466745297e-21,3.988868453730041e-21,3.988868440711592e-21,3.988868427690098e-21,3.988868414667665e-21,3.9888684016429e-21,3.988868388615621e-21,3.988868375586804e-21,3.9888683625559864e-21,3.988868349524008e-21,3.9888683364890174e-21,3.9888683234523156e-21,3.9888683104138376e-21,3.988868297373456e-21,3.9888682843302604e-21,3.9888682712849416e-21,3.988868258238954e-21,3.9888682451923434e-21,3.988868232139882e-21,3.9888682190872026e-21,3.988868206032645e-21,3.9888681929762215e-21,3.988868179917728e-21,3.988868166857598e-21,3.9888681537951276e-21,3.988868140730518e-21,3.988868127664151e-21,3.988868114595788e-21,3.988868101525555e-21,3.9888680884533094e-21,3.9888680753798645e-21,3.988868062303733e-21,3.9888680492242696e-21,3.9888680361462024e-21,3.988868023066245e-21,3.988868009981192e-21,3.988867996895847e-21,3.988867983808694e-21,3.988867970720909e-21,3.988867957629367e-21,3.988867944534437e-21,3.988867931439115e-21,3.9888679183420435e-21,3.98886790524285e-21,3.988867892140571e-21,3.988867879038518e-21,3.988867865932001e-21,3.9888678528264185e-21,3.9888678397175425e-21,3.988867826606897e-21,3.9888678134942015e-21,3.9888678003797605e-21,3.988867787262646e-21,3.988867774143635e-21,3.9888677610248296e-21,3.988867747902933e-21,3.988867734779382e-21,3.988867721653513e-21,3.988867708524615e-21,3.988867695397268e-21,3.988867682264797e-21,3.988867669131434e-21,3.988867655996072e-21,3.988867642858922e-21,3.988867629718661e-21,3.9888676165772445e-21,3.988867603435179e-21,3.988867590290343e-21,3.988867577143571e-21,3.988867563994964e-21,3.988867550843285e-21,3.988867537690442e-21,3.988867524537106e-21,3.988867511378035e-21,3.988867498221954e-21,3.988867485062108e-21,3.9888674719002255e-21,3.988867458735265e-21,3.988867445568838e-21,3.988867432401795e-21,3.988867419232452e-21,3.988867406062322e-21,3.988867392888262e-21,3.9888673797142624e-21,3.988867366536118e-21,3.988867353357167e-21,3.98886734017649e-21,3.988867326993906e-21,3.98886731380948e-21,3.988867300623157e-21,3.988867287433724e-21,3.988867274244085e-21,3.988867261052189e-21,3.988867247858345e-21,3.988867234662997e-21,3.988867221465186e-21,3.988867208265714e-21,3.9888671950644335e-21,3.988867181862715e-21,3.9888671686565305e-21,3.988867155449863e-21,3.98886714224066e-21,3.988867129029767e-21,3.9888671158175275e-21,3.988867102601796e-21,3.98886708938641e-21,3.988867076168574e-21,3.9888670629473636e-21,3.988867049726396e-21,3.988867036501594e-21,3.988867023276654e-21,3.988867010049769e-21,3.988866996820831e-21,3.9888669835898995e-21,3.988866970357319e-21,3.988866957122715e-21,3.988866943886243e-21,3.988866930648305e-21,3.9888669174078395e-21,3.988866904165815e-21,3.98886689092184e-21,3.98886687767521e-21,3.9888668644283896e-21,3.988866851179312e-21,3.988866837928666e-21,3.988866824675883e-21,3.988866811420628e-21,3.988866798164452e-21,3.988866784905533e-21,3.98886677164524e-21,3.9888667583829734e-21,3.9888667451176554e-21,3.988866731852921e-21,3.98886671858533e-21,3.988866705315872e-21,3.988866692045074e-21,3.988866678772515e-21,3.9888666654978924e-21,3.988866652221617e-21,3.9888666389419456e-21,3.988866625661227e-21,3.988866612378735e-21,3.9888665990942624e-21,3.9888665858085146e-21,3.9888665725218316e-21,3.988866559231807e-21,3.988866545941144e-21,3.988866532649543e-21,3.988866519353601e-21,3.9888665060570165e-21,3.98886649275794e-21,3.988866479457512e-21,3.988866466156291e-21,3.9888664528518845e-21,3.988866439546096e-21,3.9888664262383546e-21,3.9888664129312725e-21,3.9888663996195705e-21,3.9888663863081416e-21,3.988866372993958e-21,3.988866359676756e-21,3.988866346358842e-21,3.988866333040619e-21,3.988866319717827e-21,3.988866306395868e-21,3.988866293069804e-21,3.988866279743092e-21,3.988866266414573e-21,3.9888662530832324e-21,3.9888662397524155e-21,3.988866226418756e-21,3.988866213083176e-21,3.988866199746018e-21,3.988866186406999e-21,3.9888661730662674e-21,3.9888661597237934e-21,3.988866146379452e-21,3.988866133033452e-21,3.988866119684565e-21,3.9888661063361095e-21,3.98886609298488e-21,3.988866079631908e-21,3.988866066277128e-21,3.988866052920562e-21,3.988866039562595e-21,3.988866026202416e-21,3.98886601284145e-21,3.9888659994776304e-21,3.988865986112367e-21,3.9888659727454106e-21,3.9888659593766664e-21,3.988865946006426e-21,3.9888659326340225e-21,3.988865919260569e-21,3.988865905884905e-21,3.988865892507492e-21,3.988865879128515e-21,3.988865865747691e-21,3.9888658523650955e-21,3.988865838980972e-21,3.988865825595083e-21,3.9888658122072835e-21,3.988865798818036e-21,3.988865785426741e-21,3.9888657720338684e-21,3.9888657586391776e-21,3.988865745242992e-21,3.9888657318441055e-21,3.98886571844536e-21,3.988865705043907e-21,3.9888656916408505e-21,3.988865678235956e-21,3.988865664829488e-21,3.988865651421162e-21,3.988865638011733e-21,3.988865624599352e-21,3.988865611185905e-21,3.988865597771156e-21,3.988865584354255e-21,3.98886557093582e-21,3.988865557515832e-21,3.988865544093721e-21,3.98886553067036e-21,3.988865517244933e-21,3.988865503818066e-21,3.9888654903882115e-21,3.9888654769591436e-21,3.98886546352738e-21,3.988865450092552e-21,3.988865436658207e-21,3.988865423221325e-21,3.988865409782602e-21,3.9888653963422236e-21,3.988865382900184e-21,3.988865369456368e-21,3.9888653560111674e-21,3.988865342563909e-21,3.988865329115345e-21,3.9888653156646105e-21,3.988865302212553e-21,3.988865288758869e-21,3.988865275303333e-21,3.988865261846579e-21,3.988865248386222e-21,3.988865234926764e-21,3.988865221463525e-21,3.988865208000918e-21,3.9888651945355766e-21,3.988865181068097e-21,3.988865167599866e-21,3.988865154129498e-21,3.988865140657208e-21,3.988865127181739e-21,3.9888651137078184e-21,3.988865100230851e-21,3.988865086752372e-21,3.9888650732720676e-21,3.988865059789867e-21,3.988865046306322e-21,3.988865032820803e-21,3.988865019333591e-21,3.988865005845478e-21,3.9888649923553254e-21,3.9888649788632375e-21,3.988864965369682e-21,3.988864951873355e-21,3.988864938377729e-21,3.9888649248794144e-21,3.988864911379403e-21,3.988864897877556e-21,3.9888648843742594e-21,3.988864870869291e-21,3.988864857362691e-21,3.988864843854492e-21,3.988864830344501e-21,3.9888648168331376e-21,3.988864803319931e-21,3.988864789804996e-21,3.9888647762888636e-21,3.98886476276985e-21,3.98886474925136e-21,3.988864735729003e-21,3.988864722207176e-21,3.9888647086828846e-21,3.988864695156782e-21,3.988864681629103e-21,3.988864668098409e-21,3.9888646545687896e-21,3.988864641036315e-21,3.988864627502204e-21,3.988864613966222e-21,3.9888646004287706e-21,3.988864586890015e-21,3.988864573349029e-21,3.9888645598073255e-21,3.988864546263144e-21,3.9888645327181e-21,3.988864519171456e-21,3.9888645056228784e-21,3.988864492072541e-21,3.988864478520802e-21,3.9888644649686414e-21,3.988864451413885e-21,3.988864437856239e-21,3.9888644242945154e-21,3.9888644107335935e-21,3.988864397171098e-21,3.988864383608463e-21,3.988864370042578e-21,3.988864356475329e-21,3.988864342906613e-21,3.988864329333695e-21,3.988864315764084e-21,3.988864302190679e-21,3.988864288613141e-21,3.988864275038683e-21,3.9888642614604924e-21,3.9888642478806716e-21,3.988864234299158e-21,3.98886422071604e-21,3.988864207131524e-21,3.988864193545305e-21,3.988864179957613e-21,3.9888641663682905e-21,3.98886415277824e-21,3.988864139186841e-21,3.988864125590824e-21,3.988864111997592e-21,3.988864098400583e-21,3.9888640848018336e-21,3.988864071201548e-21,3.988864057599674e-21,3.988864043996251e-21,3.988864030391289e-21,3.988864016784721e-21,3.988864003178465e-21,3.988863989568241e-21,3.988863975957013e-21,3.988863962347132e-21,3.9888639487302074e-21,3.988863935114804e-21,3.988863921497422e-21,3.988863907878442e-21,3.988863894254534e-21,3.988863880635237e-21,3.9888638670146565e-21,3.988863853387387e-21,3.988863839760165e-21,3.98886382613474e-21,3.988863812502837e-21,3.9888637988710044e-21,3.988863785238112e-21,3.988863771605005e-21,3.9888637579690484e-21,3.9888637443315776e-21,3.9888637306933026e-21,3.988863717053348e-21,3.9888637034121784e-21,3.98886368976832e-21,3.98886367612428e-21,3.988863662479115e-21,3.988863648833326e-21,3.988863635183489e-21,3.988863621533128e-21,3.988863607880756e-21,3.9888635942277176e-21,3.988863580572956e-21,3.9888635669168205e-21,3.9888635532606065e-21,3.988863539601617e-21,3.988863525939481e-21,3.988863512277278e-21,3.988863498613541e-21,3.988863484948324e-21,3.98886347128168e-21,3.9888634576136675e-21,3.98886344394406e-21,3.988863430272417e-21,3.988863416598723e-21,3.988863402925348e-21,3.988863389249334e-21,3.988863375572353e-21,3.988863361893251e-21,3.988863348213588e-21,3.988863334531695e-21,3.9888633208483936e-21,3.988863307163792e-21,3.988863293477443e-21,3.98886327978964e-21,3.988863266100356e-21,3.988863252409583e-21,3.9888632387174316e-21,3.9888632250236634e-21,3.988863211328446e-21,3.988863197631814e-21,3.9888631839336336e-21,3.988863170234118e-21,3.988863156532755e-21,3.988863142828261e-21,3.9888631291258006e-21,3.988863115421713e-21,3.98886310171361e-21,3.988863088004898e-21,3.988863074294872e-21,3.988863060583262e-21,3.988863046871365e-21,3.988863033155844e-21,3.988863019440053e-21,3.988863005722311e-21,3.988862992003695e-21,3.988862978283321e-21,3.9888629645614936e-21,3.988862950837687e-21,3.988862937113345e-21,3.988862923387296e-21,3.988862909659048e-21,3.9888628959303014e-21,3.988862882200177e-21,3.98886286846808e-21,3.98886285473441e-21,3.988862840998187e-21,3.9888628272627686e-21,3.988862813525e-21,3.988862799785639e-21,3.9888627860448495e-21,3.9888627723024486e-21,3.988862758559062e-21,3.9888627448139635e-21,3.988862731066627e-21,3.9888627173189994e-21,3.988862703569572e-21,3.988862689818591e-21,3.9888626760661555e-21,3.988862662312299e-21,3.988862648556938e-21,3.988862634800214e-21,3.988862621041985e-21,3.988862607282348e-21,3.988862593521314e-21,3.98886257975871e-21,3.988862565994825e-21,3.988862552228993e-21,3.988862538462631e-21,3.9888625246943106e-21,3.988862510924623e-21,3.988862497153531e-21,3.9888624833809775e-21,3.988862469606935e-21,3.988862455831519e-21,3.988862442054699e-21,3.988862428276473e-21,3.98886241449675e-21,3.988862400715619e-21,3.98886238693302e-21,3.988862373149088e-21,3.988862359363692e-21,3.988862345576837e-21,3.988862331788577e-21,3.988862317998454e-21,3.988862304207308e-21,3.9888622904152584e-21,3.988862276621635e-21,3.988862262826208e-21,3.988862249029608e-21,3.988862235231495e-21,3.98886222143185e-21,3.988862207630992e-21,3.988862193828452e-21,3.988862180024668e-21,3.9888621662195136e-21,3.9888621524128694e-21,3.988862138604892e-21,3.988862124795516e-21,3.9888621109847034e-21,3.9888620971725636e-21,3.988862083358862e-21,3.9888620695439106e-21,3.9888620557277165e-21,3.988862041909958e-21,3.988862028090585e-21,3.9888620142700364e-21,3.988862000448016e-21,3.9888619866246745e-21,3.988861972800083e-21,3.988861958973935e-21,3.988861945146091e-21,3.988861931317347e-21,3.9888619174879814e-21,3.9888619036563144e-21,3.988861889823442e-21,3.9888618759890616e-21,3.988861862152139e-21,3.988861848314564e-21,3.988861834475873e-21,3.988861820635921e-21,3.988861806794722e-21,3.98886179295194e-21,3.98886177910787e-21,3.9888617652623454e-21,3.988861751414032e-21,3.9888617375664595e-21,3.9888617237168994e-21,3.9888617098658384e-21,3.988861696013764e-21,3.988861682159753e-21,3.988861668304244e-21,3.988861654448089e-21,3.988861640590336e-21,3.988861626731186e-21,3.9888616128706635e-21,3.988861599008512e-21,3.988861585145367e-21,3.988861571280573e-21,3.988861557414666e-21,3.988861543547062e-21,3.988861529678356e-21,3.988861515808229e-21,3.988861501936763e-21,3.988861488063838e-21,3.9888614741895895e-21,3.988861460314075e-21,3.988861446436328e-21,3.988861432559022e-21,3.988861418679371e-21,3.988861404798638e-21,3.9888613909161215e-21,3.988861377032439e-21,3.988861363147441e-21,3.988861349261479e-21,3.988861335373727e-21,3.9888613214846505e-21,3.988861307594146e-21,3.98886129370241e-21,3.988861279810538e-21,3.988861265915447e-21,3.9888612520195036e-21,3.988861238122426e-21,3.9888612242240125e-21,3.9888612103251764e-21,3.988861196424218e-21,3.9888611825207086e-21,3.988861168616994e-21,3.988861154712015e-21,3.988861140805611e-21,3.988861126898845e-21,3.988861112988687e-21,3.9888610990782056e-21,3.988861085166712e-21,3.988861071253538e-21,3.988861057339108e-21,3.988861043423545e-21,3.988861029507581e-21,3.98886101558839e-21,3.9888610016687835e-21,3.988860987747762e-21,3.988860973824173e-21,3.988860959901849e-21,3.988860945976872e-21,3.988860932050606e-21,3.988860918123118e-21,3.9888609041944025e-21,3.988860890264234e-21,3.988860876332745e-21,3.9888608623988436e-21,3.988860848465553e-21,3.988860834530217e-21,3.988860820593435e-21,3.988860806654325e-21,3.988860792716151e-21,3.9888607787755244e-21,3.988860764833589e-21,3.988860750890316e-21,3.988860736945756e-21,3.988860722999686e-21,3.988860709052467e-21,3.9888606951042134e-21,3.988860681154539e-21,3.988860667203369e-21,3.988860653251051e-21,3.988860639297424e-21,3.988860625342498e-21,3.9888606113862626e-21,3.9888605974289565e-21,3.988860583470132e-21,3.988860569509856e-21,3.988860555548431e-21,3.9888605415857285e-21,3.988860527621784e-21,3.9888605136565154e-21,3.988860499689997e-21,3.988860485721807e-21,3.988860471752998e-21,3.988860457782696e-21,3.988860443810978e-21,3.988860429837809e-21,3.9888604158637655e-21,3.988860401888309e-21,3.988860387911641e-21,3.988860373933403e-21,3.988860359954044e-21,3.988860345973077e-21,3.9888603319916876e-21,3.988860318008417e-21,3.9888603040242184e-21,3.9888602900384996e-21,3.988860276051612e-21,3.988860262063314e-21,3.9888602480737786e-21,3.988860234083012e-21,3.988860220090984e-21,3.988860206097676e-21,3.988860192102018e-21,3.9888601781070254e-21,3.988860164110023e-21,3.988860150111699e-21,3.988860136112072e-21,3.988860122112172e-21,3.988860108109135e-21,3.988860094105695e-21,3.988860080101096e-21,3.9888600660947074e-21,3.988860052088085e-21,3.9888600380787056e-21,3.988860024070108e-21,3.988860010059196e-21,3.988859996046324e-21,3.988859982032488e-21,3.988859968018102e-21,3.988859954002717e-21,3.988859939985027e-21,3.988859925967278e-21,3.988859911946554e-21,3.988859897925649e-21,3.9888598839045754e-21,3.988859869880294e-21,3.988859855855787e-21,3.9888598418297e-21,3.9888598278037084e-21,3.988859813775072e-21,3.988859799745585e-21,3.988859785714803e-21,3.988859771681309e-21,3.988859757647908e-21,3.9888597436145194e-21,3.988859729578819e-21,3.988859715542867e-21,3.988859701504689e-21,3.9888596874640785e-21,3.988859673423351e-21,3.988859659381376e-21,3.988859645338276e-21,3.98885963129385e-21,3.9888596172482635e-21,3.988859603200282e-21,3.988859589153228e-21,3.988859575104024e-21,3.9888595610537076e-21,3.988859547001796e-21,3.988859532948854e-21,3.9888595188949115e-21,3.988859504839348e-21,3.98885949078272e-21,3.988859476724926e-21,3.988859462665905e-21,3.988859448605619e-21,3.988859434544183e-21,3.988859420481502e-21,3.9888594064176394e-21,3.988859392352747e-21,3.988859378286443e-21,3.9888593642177894e-21,3.988859350149056e-21,3.9888593360801944e-21,3.9888593220091215e-21,3.988859307936766e-21,3.988859293863389e-21,3.988859279788658e-21,3.988859265712493e-21,3.988859251635128e-21,3.988859237556992e-21,3.988859223477555e-21,3.988859209396618e-21,3.988859195314594e-21,3.988859181231507e-21,3.988859167146453e-21,3.9888591530613235e-21,3.9888591389749605e-21,3.988859124886678e-21,3.988859110797022e-21,3.988859096706606e-21,3.9888590826158376e-21,3.988859068523327e-21,3.988859054429202e-21,3.988859040333044e-21,3.988859026237092e-21,3.9888590121405344e-21,3.988858998041656e-21,3.9888589839418085e-21,3.988858969839575e-21,3.9888589557378825e-21,3.9888589416339876e-21,3.988858927530169e-21,3.988858913424715e-21,3.9888588993178475e-21,3.9888588852095034e-21,3.988858871100248e-21,3.988858856989504e-21,3.988858842878191e-21,3.988858828765315e-21,3.988858814651417e-21,3.988858800536231e-21,3.988858786420047e-21,3.988858772302536e-21,3.988858758183721e-21,3.988858744063891e-21,3.9888587299418536e-21,3.988858715820632e-21,3.98885870169623e-21,3.988858687572763e-21,3.9888586734456285e-21,3.988858659320194e-21,3.988858645192346e-21,3.9888586310630176e-21,3.988858616932659e-21,3.988858602801193e-21,3.988858588668505e-21,3.988858574534695e-21,3.988858560399761e-21,3.9888585462635404e-21,3.988858532126221e-21,3.988858517987773e-21,3.9888585038485054e-21,3.98885848970606e-21,3.988858475565408e-21,3.9888584614220736e-21,3.988858447278308e-21,3.988858433133045e-21,3.988858418986401e-21,3.988858404838243e-21,3.988858390689069e-21,3.988858376539524e-21,3.988858362388365e-21,3.988858348235582e-21,3.98885833408326e-21,3.988858319928565e-21,3.9888583057728165e-21,3.988858291614963e-21,3.988858277457479e-21,3.988858263298561e-21,3.988858249138573e-21,3.988858234976924e-21,3.9888582208147496e-21,3.988858206651017e-21,3.988858192486287e-21,3.988858178320146e-21,3.988858164154414e-21,3.988858149985053e-21,3.988858135815831e-21,3.9888581216452396e-21,3.98885810747373e-21,3.9888580933017055e-21,3.988858079127128e-21,3.988858064951983e-21,3.988858050775844e-21,3.988858036598026e-21,3.988858022420232e-21,3.988858008240611e-21,3.988857994059658e-21,3.9888579798767766e-21,3.988857965694803e-21,3.9888579515112485e-21,3.9888579373256994e-21,3.988857923139901e-21,3.9888579089526076e-21,3.988857894763094e-21,3.9888578805744075e-21,3.988857866383426e-21,3.988857852191859e-21,3.988857837998998e-21,3.9888578238049156e-21,3.988857809608794e-21,3.988857795413398e-21,3.98885778121567e-21,3.9888577670171175e-21,3.988857752817045e-21,3.988857738616776e-21,3.9888577244153244e-21,3.988857710212355e-21,3.988857696007423e-21,3.988857681803108e-21,3.98885766759694e-21,3.9888576533885824e-21,3.9888576391810024e-21,3.98885762497148e-21,3.9888576107608735e-21,3.9888575965490204e-21,3.988857582335635e-21,3.988857568122166e-21,3.9888575539071056e-21,3.988857539690909e-21,3.9888575254737314e-21,3.988857511255472e-21,3.988857497034871e-21,3.9888574828149135e-21,3.9888574685925385e-21,3.988857454369888e-21,3.988857440147056e-21,3.988857425922337e-21,3.988857411696377e-21,3.988857397469111e-21,3.988857383240544e-21,3.9888573690116326e-21,3.988857354781264e-21,3.988857340549709e-21,3.988857326316881e-21,3.98885731208376e-21,3.988857297848906e-21,3.988857283613204e-21,3.9888572693763756e-21,3.988857255138256e-21,3.988857240899177e-21,3.988857226659107e-21,3.988857212417559e-21,3.988857198175608e-21,3.988857183932216e-21,3.988857169687768e-21,3.988857155442498e-21,3.9888571411957335e-21,3.988857126948085e-21,3.988857112699337e-21,3.988857098449582e-21,3.988857084198364e-21,3.9888570699467135e-21,3.988857055693699e-21,3.9888570414398124e-21,3.988857027183537e-21,3.988857012927735e-21,3.988856998669813e-21,3.988856984411654e-21,3.988856970153099e-21,3.988856955892611e-21,3.9888569416311e-21,3.988856927369425e-21,3.988856913104918e-21,3.988856898840101e-21,3.98885688457433e-21,3.988856870307539e-21,3.988856856039563e-21,3.988856841770646e-21,3.988856827500584e-21,3.9888568132298056e-21,3.988856798956888e-21,3.988856784684199e-21,3.98885677040996e-21,3.988856756134715e-21,3.988856741858328e-21,3.9888567275796204e-21,3.988856713302374e-21,3.988856699022186e-21,3.988856684742357e-21,3.988856670460904e-21,3.988856656178112e-21,3.988856641894606e-21,3.988856627608394e-21,3.988856613323817e-21,3.988856599037134e-21,3.9888565847492334e-21,3.988856570460265e-21,3.988856556170304e-21,3.988856541879378e-21,3.988856527587437e-21,3.9888565132942894e-21,3.9888564990003955e-21,3.988856484704964e-21,3.98885647040878e-21,3.988856456111714e-21,3.988856441813299e-21,3.9888564275140965e-21,3.988856413213672e-21,3.9888563989123004e-21,3.988856384610053e-21,3.9888563703064946e-21,3.988856356001798e-21,3.988856341696856e-21,3.988856327390505e-21,3.98885631308283e-21,3.9888562987742185e-21,3.988856284464612e-21,3.988856270154033e-21,3.988856255842224e-21,3.988856241529412e-21,3.988856227215761e-21,3.988856212901e-21,3.9888561985853175e-21,3.9888561842686555e-21,3.988856169950403e-21,3.988856155631462e-21,3.988856141313006e-21,3.988856126991136e-21,3.988856112669348e-21,3.988856098346253e-21,3.988856084022595e-21,3.988856069698525e-21,3.988856055371522e-21,3.98885604104454e-21,3.988856026716546e-21,3.988856012387461e-21,3.988855998057693e-21,3.988855983727793e-21,3.988855969394577e-21,3.988855955061463e-21,3.988855940727324e-21,3.988855926392285e-21,3.988855912056314e-21,3.988855897719171e-21,3.988855883381378e-21,3.988855869042939e-21,3.9888558547024724e-21,3.988855840361687e-21,3.9888558260195436e-21,3.988855811676502e-21,3.988855797332381e-21,3.9888557829872315e-21,3.9888557686411335e-21,3.988855754294134e-21,3.988855739945909e-21,3.9888557255968325e-21,3.988855711246677e-21,3.9888556968956434e-21,3.988855682543553e-21,3.9888556681904325e-21,3.9888556538363796e-21,3.988855639481221e-21,3.988855625125141e-21,3.9888556107680556e-21,3.988855596410082e-21,3.988855582051009e-21,3.988855567690943e-21,3.9888555533301e-21,3.988855538967527e-21,3.988855524604863e-21,3.988855510240984e-21,3.98885549587605e-21,3.988855481510046e-21,3.988855467143095e-21,3.988855452775184e-21,3.988855438405957e-21,3.988855424036498e-21,3.988855409665515e-21,3.9888553952938074e-21,3.988855380920855e-21,3.9888553665472424e-21,3.988855352172408e-21,3.9888553377965035e-21,3.9888553234198014e-21,3.988855309042163e-21,3.988855294662956e-21,3.988855280283749e-21,3.988855265902028e-21,3.988855251521025e-21,3.988855237138602e-21,3.988855222754979e-21,3.988855208371322e-21,3.9888551939848696e-21,3.98885517959841e-21,3.988855165211072e-21,3.988855150822592e-21,3.988855136433181e-21,3.988855122042835e-21,3.988855107651161e-21,3.988855093258132e-21,3.988855078865633e-21,3.9888550644713154e-21,3.9888550500761484e-21,3.988855035680182e-21,3.988855021282926e-21,3.988855006884846e-21,3.9888549924858146e-21,3.9888549780849225e-21,3.988854963684767e-21,3.988854949282829e-21,3.9888549348789674e-21,3.988854920474631e-21,3.9888549060695155e-21,3.988854891664602e-21,3.988854877257983e-21,3.988854862849219e-21,3.988854848441343e-21,3.988854834031719e-21,3.988854819621415e-21,3.988854805208878e-21,3.9888547907970066e-21,3.9888547763828654e-21,3.988854761969244e-21,3.988854747553853e-21,3.9888547331375966e-21,3.988854718720458e-21,3.9888547043025005e-21,3.9888546898829035e-21,3.988854675463524e-21,3.988854661041696e-21,3.988854646620584e-21,3.988854632197798e-21,3.988854617773018e-21,3.9888546033489046e-21,3.988854588922353e-21,3.9888545744964706e-21,3.988854560069105e-21,3.988854545639481e-21,3.98885453121102e-21,3.988854516781386e-21,3.98885450234995e-21,3.9888544879179044e-21,3.988854473484588e-21,3.988854459049778e-21,3.988854444614367e-21,3.988854430178839e-21,3.988854415742014e-21,3.9888544013043344e-21,3.988854386866099e-21,3.988854372426396e-21,3.98885435798577e-21,3.9888543435444285e-21,3.988854329100957e-21,3.988854314658251e-21,3.988854300214048e-21,3.988854285768853e-21,3.988854271322732e-21,3.988854256875707e-21,3.988854242427522e-21,3.988854227978745e-21,3.988854213528934e-21,3.988854199078212e-21,3.9888541846269955e-21,3.9888541701742116e-21,3.9888541557213464e-21,3.9888541412671256e-21,3.988854126812196e-21,3.988854112355041e-21,3.988854097898455e-21,3.98885408344038e-21,3.988854068980693e-21,3.988854054520243e-21,3.988854040060017e-21,3.988854025597623e-21,3.988854011134578e-21,3.988853996670694e-21,3.988853982207163e-21,3.988853967741603e-21,3.988853953275955e-21,3.988853938808674e-21,3.988853924339764e-21,3.988853909871654e-21,3.988853895402016e-21,3.9888538809308506e-21,3.988853866460263e-21,3.988853851987249e-21,3.988853837514917e-21,3.988853823039551e-21,3.988853808565994e-21,3.988853794089368e-21,3.9888537796126174e-21,3.9888537651337274e-21,3.9888537506555084e-21,3.988853736176162e-21,3.988853721695772e-21,3.9888537072146855e-21,3.9888536927318525e-21,3.988853678249481e-21,3.98885366376539e-21,3.988853649280445e-21,3.9888536347936965e-21,3.988853620305763e-21,3.988853605819041e-21,3.9888535913290575e-21,3.988853576840617e-21,3.988853562350495e-21,3.9888535478594066e-21,3.988853533367457e-21,3.98885351887519e-21,3.988853504380076e-21,3.988853489884557e-21,3.988853475389041e-21,3.9888534608926624e-21,3.988853446395358e-21,3.9888534318954286e-21,3.988853417396564e-21,3.988853402896657e-21,3.98885338839366e-21,3.988853373892507e-21,3.988853359389266e-21,3.988853344885221e-21,3.988853330380071e-21,3.988853315873432e-21,3.988853301368133e-21,3.9888532868587776e-21,3.988853272351751e-21,3.988853257841285e-21,3.988853243330626e-21,3.9888532288195185e-21,3.988853214308339e-21,3.988853199795338e-21,3.9888531852803716e-21,3.988853170765649e-21,3.98885315624997e-21,3.988853141733264e-21,3.988853127215876e-21,3.988853112698944e-21,3.988853098178573e-21,3.988853083658171e-21,3.988853069137602e-21,3.988853054615973e-21,3.988853040093454e-21,3.988853025569803e-21,3.98885301104561e-21,3.988852996520479e-21,3.9888529819938046e-21,3.988852967467248e-21,3.988852952939063e-21,3.9888529384103515e-21,3.9888529238822494e-21,3.988852909350824e-21,3.988852894819506e-21,3.98885288028743e-21,3.9888528657534534e-21,3.988852851220491e-21,3.988852836684957e-21,3.9888528221514625e-21,3.988852807614055e-21,3.988852793076705e-21,3.988852778538789e-21,3.988852763999726e-21,3.9888527494600196e-21,3.988852734919221e-21,3.988852720377652e-21,3.9888527058352455e-21,3.9888526912917164e-21,3.988852676747931e-21,3.988852662203129e-21,3.988852647657319e-21,3.988852633110763e-21,3.9888526185632505e-21,3.988852604014944e-21,3.988852589465761e-21,3.988852574915789e-21,3.988852560364895e-21,3.988852545812879e-21,3.988852531260539e-21,3.988852516707174e-21,3.988852502152924e-21,3.988852487597999e-21,3.988852473041587e-21,3.9888524584851746e-21,3.988852443927502e-21,3.988852429369014e-21,3.988852414809703e-21,3.988852400249666e-21,3.9888523856886256e-21,3.9888523711264925e-21,3.988852356564056e-21,3.988852342000578e-21,3.988852327436079e-21,3.9888523128710816e-21,3.988852298305124e-21,3.988852283738336e-21,3.98885226917053e-21,3.988852254602174e-21,3.988852240032824e-21,3.988852225462502e-21,3.988852210891674e-21,3.988852196319839e-21,3.988852181747138e-21,3.988852167174937e-21,3.988852152598416e-21,3.988852138024229e-21,3.988852123448259e-21,3.988852108871562e-21,3.98885209429499e-21,3.988852079715586e-21,3.988852065136246e-21,3.988852050557201e-21,3.988852035976344e-21,3.988852021393623e-21,3.988852006811894e-21,3.988851992228677e-21,3.988851977644338e-21,3.988851963058228e-21,3.988851948473474e-21,3.988851933885672e-21,3.988851919298364e-21,3.9888519047099605e-21,3.9888518901196795e-21,3.988851875530723e-21,3.988851860940867e-21,3.988851846348532e-21,3.9888518317560614e-21,3.988851817162871e-21,3.98885180256874e-21,3.9888517879739855e-21,3.9888517733777575e-21,3.9888517587818694e-21,3.988851744184666e-21,3.988851729586989e-21,3.988851714987791e-21,3.9888517003882295e-21,3.988851685787603e-21,3.988851671186263e-21,3.988851656584147e-21,3.988851641981264e-21,3.988851627377474e-21,3.988851612773056e-21,3.988851598168729e-21,3.9888515835614146e-21,3.988851568954454e-21,3.988851554346701e-21,3.9888515397381215e-21,3.9888515251287715e-21,3.98885151051873e-21,3.9888514959076296e-21,3.988851481295782e-21,3.988851466683284e-21,3.988851452070063e-21,3.988851437455746e-21,3.988851422840807e-21,3.988851408225116e-21,3.9888513936083894e-21,3.988851378991019e-21,3.988851364372867e-21,3.98885134975408e-21,3.988851335134315e-21,3.988851320513747e-21,3.988851305892259e-21,3.988851291270266e-21,3.9888512766472e-21,3.98885126202357e-21,3.988851247399013e-21,3.988851232773682e-21,3.9888512181476056e-21,3.988851203520735e-21,3.98885118889254e-21,3.988851174264552e-21,3.988851159635378e-21,3.9888511450053754e-21,3.988851130374538e-21,3.9888511157429094e-21,3.98885110111054e-21,3.9888510864774365e-21,3.988851071843087e-21,3.9888510572074744e-21,3.9888510425731595e-21,3.9888510279370045e-21,3.988851013298945e-21,3.988850998661984e-21,3.98885098402238e-21,3.988850969383945e-21,3.988850954743956e-21,3.988850940102813e-21,3.988850925460972e-21,3.988850910817547e-21,3.988850896175296e-21,3.988850881531222e-21,3.9888508668862264e-21,3.988850852239926e-21,3.988850837594305e-21,3.988850822947922e-21,3.9888508082990335e-21,3.98885079365035e-21,3.9888507790003345e-21,3.98885076434936e-21,3.988850749699292e-21,3.988850735047566e-21,3.988850720395114e-21,3.9888507057416405e-21,3.988850691087044e-21,3.988850676432514e-21,3.988850661777047e-21,3.988850647120496e-21,3.9888506324633095e-21,3.988850617805391e-21,3.9888506031466045e-21,3.9888505884871315e-21,3.988850573826906e-21,3.988850559166071e-21,3.9888505445038606e-21,3.988850529840556e-21,3.988850515178342e-21,3.9888505005142515e-21,3.988850485849369e-21,3.988850471183917e-21,3.988850456517367e-21,3.988850441850215e-21,3.988850427182431e-21,3.9888504125137614e-21,3.988850397844402e-21,3.988850383174356e-21,3.9888503685027564e-21,3.9888503538310755e-21,3.988850339159332e-21,3.988850324485256e-21,3.9888503098122644e-21,3.9888502951375246e-21,3.9888502804621115e-21,3.98885026578601e-21,3.988850251108832e-21,3.988850236431428e-21,3.988850221753061e-21,3.9888502070738746e-21,3.988850192393897e-21,3.988850177713228e-21,3.9888501630318245e-21,3.9888501483495525e-21,3.988850133666045e-21,3.988850118982973e-21,3.988850104298721e-21,3.988850089613484e-21,3.988850074927563e-21,3.988850060240891e-21,3.988850045553507e-21,3.988850030865364e-21,3.988850016176605e-21,3.98885000148692e-21,3.988849986796438e-21,3.98884997210446e-21,3.988849957413573e-21,3.988849942720903e-21,3.988849928027758e-21,3.9888499133335695e-21,3.988849898637875e-21,3.988849883943245e-21,3.9888498692470154e-21,3.988849854549971e-21,3.988849839852188e-21,3.988849825153857e-21,3.9888498104544356e-21,3.988849795754071e-21,3.988849781053762e-21,3.988849766352513e-21,3.988849751649782e-21,3.988849736947496e-21,3.988849722243412e-21,3.9888497075389964e-21,3.988849692833966e-21,3.9888496781286476e-21,3.9888496634221856e-21,3.988849648714788e-21,3.988849634006394e-21,3.988849619298174e-21,3.98884960458866e-21,3.988849589878647e-21,3.988849575167781e-21,3.988849560456175e-21,3.98884954574356e-21,3.9888495310305586e-21,3.98884951631691e-21,3.988849501602253e-21,3.988849486887124e-21,3.988849472171162e-21,3.988849457454345e-21,3.988849442736942e-21,3.9888494280187695e-21,3.988849413300007e-21,3.988849398580502e-21,3.988849383860074e-21,3.9888493691391926e-21,3.988849354417345e-21,3.9888493396949075e-21,3.9888493249718765e-21,3.988849310248775e-21,3.988849295523302e-21,3.988849280798106e-21,3.988849266071933e-21,3.988849251344598e-21,3.988849236617685e-21,3.988849221889524e-21,3.988849207160618e-21,3.9888491924312615e-21,3.988849177700753e-21,3.988849162969899e-21,3.988849148238063e-21,3.988849133505606e-21,3.988849118772525e-21,3.988849104038789e-21,3.9888490893040934e-21,3.9888490745688305e-21,3.988849059832976e-21,3.988849045095583e-21,3.988849030358774e-21,3.988849015620698e-21,3.988849000881867e-21,3.98884898614238e-21,3.988848971402199e-21,3.988848956661171e-21,3.9888489419195585e-21,3.9888489271772456e-21,3.9888489124341616e-21,3.988848897690494e-21,3.988848882946247e-21,3.9888488682011525e-21,3.988848853455331e-21,3.988848838708821e-21
19,1.3078539431480396e-67,6.790492157392611e-67,2.1142470085647702e-66,5.111571849802824e-66,1.0571240136265347e-65,1.963635637252114e-65,3.3710816698879946e-65,5.447792417320852e-65,8.391992708432807e-65,1.2433845473076285e-64,1.7837572178989215e-64,2.4903634236032634e-64,3.3970960104165675e-64,4.54192050279346e-64,5.967103293317332e-64,7.719441251113599e-64,9.850492164806481e-64,1.241680560712918e-63,1.548015393971492e-63,1.9107763273816963e-63,2.337254427231106e-63,2.8353322726636903e-63,3.413506987473481e-63,4.0809132446934906e-63,4.847346243955907e-63,5.72328466232825e-63,6.719913579692025e-63,7.849147379861113e-63,9.123652628626996e-63,1.0556870929830274e-62,1.216304176043297e-62,1.3957225285428723e-62,1.5955325153294552e-62,1.8174111272564113e-62,2.063124256999576e-62,2.3345289730715914e-62,2.633575792064168e-62,2.9623109491424327e-62,3.322878666810429e-62,3.7175234219628254e-62,4.148592211234656e-62,4.6185368146584445e-62,5.129916057636152e-62,5.685398071231882e-62,6.287762550790049e-62,6.939903012882925e-62,7.644829050590896e-62,8.405668587117905e-62,9.225670127744807e-62,1.0108205010122307e-61,1.1056769652905565e-61,1.207498780273206e-61,1.3166612779544317e-61,1.4335529720259109e-61,1.5585757820784033e-61,1.692145257638376e-61,1.8346908020396177e-61,1.9866558961300693e-61,2.1484983218139356e-61,2.3206903854292324e-61,2.503719140960904e-61,2.6980866130895936e-61,2.9043100200762547e-61,3.1229219964826546e-61,3.354470815727957e-61,3.599520612481481e-61,3.858651604891743e-61,4.132460316651937e-61,4.421559798901952e-61,4.726579851967052e-61,5.048167246933349e-61,5.386985947060194e-61,5.743717329029605e-61,6.1190604040328215e-61,6.513732038694176e-61,6.928467175832333e-61,7.364019055059073e-61,7.821159433215706e-61,8.300678804647241e-61,8.803386621314469e-61,9.330111512744014e-61,9.88170150581655e-61,1.0459024244393251e-60,1.1062967208780622e-60,1.1694437935033746e-60,1.2354364234098285e-60,1.3043694410791096e-60,1.3763397482619732e-60,1.451446339844095e-60,1.5297903256958262e-60,1.611474952505875e-60,1.696605625598917e-60,1.7852899307371554e-60,1.8776376559058357e-60,1.9737608130827311e-60,2.073773659991608e-60,2.1777927218396905e-60,2.285936813039117e-60,2.3983270589124362e-60,2.515086917382111e-60,2.6363422006440755e-60,2.762221096825336e-60,2.892854191625662e-60,3.0283744899433106e-60,3.168917437484887e-60,3.314620942359271e-60,3.465625396655676e-60,3.6220736980058295e-60,3.7841112711302744e-60,3.951886089368846e-60,4.125548696195288e-60,4.3052522267160496e-60,4.491152429153265e-60,4.6834076863119306e-60,4.882179037031281e-60,5.087630197620396e-60,5.299927583278049e-60,5.519240329496752e-60,5.745740313451118e-60,5.979602175370449e-60,6.2210033398956e-60,6.470124037420177e-60,6.727147325415973e-60,6.992259109742763e-60,7.265648165942447e-60,7.547506160517439e-60,7.838027672193501e-60,8.137410213166879e-60,8.445854250335847e-60,8.76356322651661e-60,9.090743581643611e-60,9.427604773954262e-60,9.774359301158041e-60,1.0131222721590087e-59,1.049841367534923e-59,1.0876153905420387e-59,1.126466827878155e-59,1.166418480749516e-59,1.2074934669784024e-59,1.2497152231091656e-59,1.293107506512726e-59,1.3376943974895096e-59,1.3835003013708463e-59,1.4305499506188246e-59,1.4788684069245936e-59,1.5284810633051307e-59,1.5794136461984598e-59,1.6316922175573358e-59,1.6853431769413892e-59,1.740393263607724e-59,1.7968695585999825e-59,1.8547994868358862e-59,1.9142108191932206e-59,1.9751316745943007e-59,2.037590522088899e-59,2.101616182935645e-59,2.167237832681889e-59,2.2344850032420423e-59,2.3033875849743876e-59,2.373975828756357e-59,2.446280348058294e-59,2.520332121015683e-59,2.596162492499861e-59,2.673803176187202e-59,2.753286256626782e-59,2.834644191306528e-59,2.9179098127178392e-59,3.0031163304186955e-59,3.0902973330952545e-59,3.179486790621926e-59,3.270719056119931e-59,3.364028868014352e-59,3.4594513520896667e-59,3.5570220235437827e-59,3.656776789040544e-59,3.7587519487607394e-59,3.862984198451606e-59,3.9695106314748182e-59,4.078368740852977e-59,4.1895964213145845e-59,4.303231971337547e-59,4.4193140951911245e-59,4.537881904976431e-59,4.65897492266539e-59,4.782633082138244e-59,4.908896731219502e-59,5.0378066337124475e-59,5.169403971432121e-59,5.303730346236816e-59,5.4408277820580795e-59,5.580738726929229e-59,5.723506055012364e-59,5.869173068623902e-59,6.017783500258619e-59,6.169381514612213e-59,6.324011710602344e-59,6.481719123388252e-59,6.642549226388826e-59,6.806547933299251e-59,6.973761600106112e-59,7.144237027101057e-59,7.31802146089298e-59,7.495162596418705e-59,7.675708578952205e-59,7.859708006112344e-59,8.047209929869151e-59,8.238263858548603e-59,8.432919758835939e-59,8.631228057777512e-59,8.833239644781163e-59,9.039005873615143e-59,9.248578564405533e-59,9.462010005632209e-59,9.679352956123357e-59,9.900660647048526e-59,1.0125986783910156e-58,1.035538554853375e-58,1.0588911601056465e-58,1.0826620081914344e-58,1.1068566613828009e-58,1.1314807303786953e-58,1.156539874503236e-58,1.1820398019038426e-58,1.2079862697492284e-58,1.2343850844272452e-58,1.261242101742579e-58,1.2885632271143086e-58,1.3163544157733122e-58,1.3446216729595314e-58,1.3733710541190898e-58,1.4026086651012672e-58,1.4323406623553303e-58,1.4625732531272152e-58,1.4933126956560704e-58,1.5245652993706513e-58,1.5563374250855722e-58,1.5886354851974147e-58,1.6214659438806902e-58,1.6548353172836616e-58,1.688750173724015e-58,1.7232171338843984e-58,1.7582428710078045e-58,1.79383411109282e-58,1.8299976330887214e-58,1.8667402690904406e-58,1.9040689045333765e-58,1.941990478388067e-58,1.9805119833547188e-58,2.0196404660575947e-58,2.059383027239254e-58,2.0997468219546597e-58,2.1407390597651314e-58,2.18236700493216e-58,2.2246379766110902e-58,2.267559349044643e-58,2.3111385517563072e-58,2.3553830697435914e-58,2.4003004436711245e-58,2.4458982700636207e-58,2.492184201498703e-58,2.5391659467995828e-58,2.5868512712275984e-58,2.635247996674613e-58,2.6843640018552707e-58,2.734207222499114e-58,2.7847856515425542e-58,2.836107339320708e-58,2.8881803937590874e-58,2.941012980565156e-58,2.994613323419732e-58,3.048989704168267e-58,3.10415046301197e-58,3.160103998698802e-58,3.2168587687143214e-58,3.274423289472399e-58,3.332806136505781e-58,3.392015944656522e-58,3.4520614082662764e-58,3.5129512813664464e-58,3.574694377868194e-58,3.6372995717523075e-58,3.700775797258943e-58,3.765132049077205e-58,3.83037738253461e-58,3.8965209137863936e-58,3.96357182000469e-58,4.0315393395675695e-58,4.1004327722479316e-58,4.170261479402264e-58,4.241034884159272e-58,4.312762471608351e-58,4.3854537889879325e-58,4.459118445873693e-58,4.533766114366622e-58,4.609406529280944e-58,4.6860494883319185e-58,4.763704852323489e-58,4.842382545335802e-58,4.922092554912579e-58,5.002844932248369e-58,5.084649792375644e-58,5.167517314351762e-58,5.2514577414458055e-58,5.336481381325267e-58,5.422598606242603e-58,5.509819853221663e-58,5.598155624243952e-58,5.687616486434788e-58,5.778213072249315e-58,5.869956079658366e-58,5.962856272334193e-58,6.056924479836074e-58,6.1521715977957804e-58,6.248608588102889e-58,6.3462464790899886e-58,6.445096365717725e-58,6.545169409759725e-58,6.646476839987372e-58,6.74902995235446e-58,6.852840110181713e-58,6.95791874434115e-58,7.06427735344033e-58,7.17192750400646e-58,7.280880830670368e-58,7.391149036350337e-58,7.502743892435815e-58,7.615677238970968e-58,7.72996098483812e-58,7.845607107941054e-58,7.962627655388169e-58,8.081034743675508e-58,8.20084055886967e-58,8.322057356790546e-58,8.444697463193962e-58,8.568773273954163e-58,8.694297255246182e-58,8.821281943728051e-58,8.949739946722909e-58,9.079683942400942e-58,9.211126679961221e-58,9.34408097981339e-58,9.478559733759225e-58,9.614575905174044e-58,9.752142529188031e-58,9.891272712867358e-58,1.0031979635395231e-57,1.0174276548252782e-57,1.0318176775399836e-57,1.0463693713455511e-57,1.0610840831878748e-57,1.0759631673148647e-57,1.091007985294473e-57,1.1062199060327001e-57,1.1216003057915932e-57,1.13715056820723e-57,1.1528720843076894e-57,1.1687662525310071e-57,1.1848344787431207e-57,1.2010781762557996e-57,1.2174987658445642e-57,1.2340976757665879e-57,1.2508763417785911e-57,1.2678362071547178e-57,1.284978722704402e-57,1.3023053467902177e-57,1.3198175453457205e-57,1.3375167918932716e-57,1.3554045675618509e-57,1.3734823611048578e-57,1.3917516689178964e-57,1.410213995056552e-57,1.4288708512541464e-57,1.447723756939492e-57,1.466774239254622e-57,1.4860238330725125e-57,1.5054740810147927e-57,1.5251265334694412e-57,1.5449827486084657e-57,1.5650442924055744e-57,1.585312738653833e-57,1.6057896689833085e-57,1.6264766728786992e-57,1.6473753476969549e-57,1.6684872986848776e-57,1.6898141389967197e-57,1.7113574897117587e-57,1.7331189798518627e-57,1.7551002463990497e-57,1.7773029343130228e-57,1.7997286965487002e-57,1.8223791940737303e-57,1.845256095885993e-57,1.868361079031088e-57,1.8916958286198155e-57,1.915262037845634e-57,1.9390614080021167e-57,1.9630956485003855e-57,1.987366476886538e-57,2.0118756188590613e-57,2.0366248082862293e-57,2.0616157872234895e-57,2.086850305930841e-57,2.1123301228901922e-57,2.138057004822712e-57,2.1640327267061638e-57,2.1902590717922313e-57,2.216737831623829e-57,2.2434708060523972e-57,2.2704598032551915e-57,2.2977066397525523e-57,2.325213140425166e-57,2.3529811385313134e-57,2.381012475724103e-57,2.4093090020686955e-57,2.4378725760595093e-57,2.4667050646374218e-57,2.4958083432069508e-57,2.5251842956534262e-57,2.5548348143601526e-57,2.5847618002255536e-57,2.614967162680302e-57,2.645452819704448e-57,2.676220697844526e-57,2.7072727322306473e-57,2.738610866593589e-57,2.7702370532818645e-57,2.802153253278778e-57,2.8343614362194755e-57,2.8668635804079794e-57,2.899661672834205e-57,2.9327577091909735e-57,2.9661536938910076e-57,2.9998516400839136e-57,3.033853569673158e-57,3.06816151333302e-57,3.102777510525545e-57,3.1377036095174736e-57,3.172941867397165e-57,3.208494350091509e-57,3.2443631323828215e-57,3.2805502979257276e-57,3.317057939264038e-57,3.353888157847603e-57,3.3910430640491684e-57,3.428524777181206e-57,3.466335425512734e-57,3.504477146286134e-57,3.5429520857339453e-57,3.581762399095654e-57,3.620910250634463e-57,3.660397813654058e-57,3.7002272705153535e-57,3.740400812653229e-57,3.7809206405932606e-57,3.8217889639684244e-57,3.863008001535805e-57,3.9045799811932744e-57,3.9465071399961806e-57,3.9887917241739996e-57,4.03143598914699e-57,4.074442199542838e-57,4.117812629213276e-57,4.161549561250705e-57,4.205655288004791e-57,4.250132111099062e-57,4.2949823414474814e-57,4.3402082992710165e-57,4.385812314114191e-57,4.4317967248616323e-57,4.478163879754594e-57,4.5249161364074787e-57,4.572055861824345e-57,4.619585432415395e-57,4.667507234013462e-57,4.715823661890478e-57,4.764537120773931e-57,4.8136500248633117e-57,4.8631647978465445e-57,4.91308387291641e-57,4.9634096927869597e-57,5.014144709709902e-57,5.065291385490998e-57,5.116852191506432e-57,5.168829608719169e-57,5.221226127695311e-57,5.274044248620429e-57,5.32728648131589e-57,5.380955345255174e-57,5.435053369580168e-57,5.489583093117464e-57,5.544547064394634e-57,5.599947841656489e-57,5.65578799288135e-57,5.712070095797269e-57,5.768796737898279e-57,5.825970516460596e-57,5.883594038558835e-57,5.941669921082206e-57,6.000200790750685e-57,6.059189284131201e-57,6.118638047653782e-57,6.178549737627711e-57,6.238927020257657e-57,6.299772571659798e-57,6.361089077877938e-57,6.422879234899603e-57,6.485145748672125e-57,6.547891335118732e-57,6.611118720154599e-57,6.67483063970291e-57,6.739029839710892e-57,6.803719076165855e-57,6.868901115111196e-57,6.93457873266242e-57,7.00075471502312e-57,7.067431858500972e-57,7.1346129695237e-57,7.202300864655036e-57,7.270498370610669e-57,7.339208324274178e-57,7.408433572712961e-57,7.478176973194142e-57,7.548441393200479e-57,7.619229710446251e-57,7.690544812893129e-57,7.762389598766051e-57,7.834766976569081e-57,7.907679865101231e-57,7.981131193472318e-57,8.055123901118768e-57,8.129660937819426e-57,8.204745263711362e-57,8.280379849305643e-57,8.356567675503116e-57,8.433311733610168e-57,8.510615025354477e-57,8.58848056290075e-57,8.666911368866449e-57,8.745910476337507e-57,8.825480928884042e-57,8.90562578057604e-57,8.986348095999033e-57,9.067650950269784e-57,9.149537429051937e-57,9.232010628571658e-57,9.315073655633284e-57,9.39872962763494e-57,9.482981672584152e-57,9.567832929113449e-57,9.65328654649596e-57,9.739345684660976e-57,9.826013514209544e-57,9.913293216429987e-57,1.0001187983313487e-56,1.0089701017569592e-56,1.0178835532641745e-56,1.0268594752722803e-56,1.0358981912770525e-56,1.0450000258523061e-56,1.0541653046514434e-56,1.0633943544090006e-56,1.0726875029421933e-56,1.0820450791524593e-56,1.0914674130270042e-56,1.10095483564034e-56,1.1105076791558307e-56,1.120126276827227e-56,1.1298109630002095e-56,1.1395620731139222e-56,1.149379943702512e-56,1.1592649123966623e-56,1.1692173179251277e-56,1.1792375001162665e-56,1.1893257998995738e-56,1.1994825593072112e-56,1.2097081214755362e-56,1.2200028306466329e-56,1.2303670321698354e-56,1.240801072503259e-56,1.251305299215322e-56,1.261880060986271e-56,1.2725257076097028e-56,1.2832425899940886e-56,1.294031060164292e-56,1.3048914712630907e-56,1.3158241775526946e-56,1.3268295344162613e-56,1.3379078983594158e-56,1.349059627011763e-56,1.360285079128403e-56,1.3715846145914436e-56,1.3829585944115122e-56,1.394407380729268e-56,1.4059313368169083e-56,1.4175308270796809e-56,1.4292062170573898e-56,1.4409578734259015e-56,1.4527861639986498e-56,1.4646914577281414e-56,1.4766741247074587e-56,1.48873453617176e-56,1.5008730644997826e-56,1.513090083215342e-56,1.5253859669888288e-56,1.5377610916387095e-56,1.55021583413302e-56,1.562750572590863e-56,1.5753656862839022e-56,1.588061555637853e-56,1.6008385622339788e-56,1.613697088810579e-56,1.6266375192644785e-56,1.6396602386525202e-56,1.6527656331930483e-56,1.6659540902673995e-56,1.679225998421384e-56,1.692581747366773e-56,1.7060217279827818e-56,1.7195463323175521e-56,1.7331559535896326e-56,1.7468509861894592e-56,1.7606318256808354e-56,1.7744988688024087e-56,1.7884525134691491e-56,1.8024931587738235e-56,1.8166212049884708e-56,1.8308370535658776e-56,1.8451411071410483e-56,1.8595337695326778e-56,1.874015445744621e-56,1.8885865419673649e-56,1.903247465579493e-56,1.9179986251491577e-56,1.932840430435541e-56,1.947773292390323e-56,1.9627976231591455e-56,1.9779138360830749e-56,1.9931223457000627e-56,2.008423567746409e-56,2.0238179191582206e-56,2.0393058180728694e-56,2.0548876838304513e-56,2.0705639369752423e-56,2.086334999257154e-56,2.1022012936331876e-56,2.1181632442688885e-56,2.134221276539798e-56,2.150375817032904e-56,2.166627293548093e-56,2.182976135099596e-56,2.1994227719174416e-56,2.215967635448899e-56,2.2326111583599247e-56,2.2493537745366076e-56,2.266195919086615e-56,2.2831380283406335e-56,2.30018053985381e-56,2.317323892407195e-56,2.33456852600918e-56,2.3519148818969377e-56,2.3693634025378576e-56,2.386914531630985e-56,2.4045687141084554e-56,2.4223263961369296e-56,2.4401880251190247e-56,2.45815404969475e-56,2.476224919742936e-56,2.4944010863826655e-56,2.512683001974701e-56,2.5310711201229167e-56,2.5495658956757214e-56,2.568167784727489e-56,2.586877244619979e-56,2.6056947339437655e-56,2.624620712539654e-56,2.6436556415001098e-56,2.6627999831706737e-56,2.682054201151386e-56,2.701418760298202e-56,2.720894126724412e-56,2.740480767802057e-56,2.760179152163346e-56,2.7799897497020677e-56,2.7999130315750074e-56,2.8199494702033576e-56,2.840099539274131e-56,2.8603637137415693e-56,2.8807424698285547e-56,2.901236285028017e-56,2.9218456381043417e-56,2.9425710090947775e-56,2.9634128793108392e-56,2.9843717313397157e-56,3.0054480490456693e-56,3.02664231757144e-56,3.0479550233396493e-56,3.0693866540541965e-56,3.0909376987016616e-56,3.1126086475526988e-56,3.134399992163438e-56,3.1563122253768835e-56,3.1783458413242996e-56,3.200501335426615e-56,3.222779204395809e-56,3.245179946236309e-56,3.267704060246379e-56,3.2903520470195077e-56,3.313124408445803e-56,3.3360216477133744e-56,3.3590442693097244e-56,3.382192779023133e-56,3.4054676839440427e-56,3.4288694924664425e-56,3.45239871428925e-56,3.476055860417698e-56,3.4998414431647084e-56,3.5237559761522814e-56,3.5477999743128636e-56,3.571973953890734e-56,3.59627843244338e-56,3.6207139288428727e-56,3.6452809632772395e-56,3.6699800572518407e-56,3.694811733590744e-56,3.7197765164380925e-56,3.7448749312594775e-56,3.770107504843312e-56,3.7954747653021946e-56,3.820977242074279e-56,3.846615465924642e-56,3.872389968946652e-56,3.898301284563327e-56,3.9243499475287047e-56,3.950536493929205e-56,3.9768614611849913e-56,4.0033253880513293e-56,4.0299288146199507e-56,4.056672282320409e-56,4.083556333921441e-56,4.110581513532321e-56,4.13774836660422e-56,4.165057439931557e-56,4.192509281653355e-56,4.220104441254596e-56,4.247843469567571e-56,4.2757269187732325e-56,4.303755342402542e-56,4.331929295337823e-56,4.360249333814108e-56,4.388716015420483e-56,4.417329899101437e-56,4.44609154515821e-56,4.475001515250127e-56,4.5040603723959545e-56,4.533268680975233e-56,4.562627006729624e-56,4.592135916764244e-56,4.621795979549015e-56,4.651607764919993e-56,4.681571844080707e-56,4.711688789603498e-56,4.741959175430856e-56,4.772383576876753e-56,4.8029625706279735e-56,4.83369673474545e-56,4.864586648665596e-56,4.8956328932016355e-56,4.926836050544928e-56,4.958196704266307e-56,4.989715439317401e-56,5.021392842031959e-56,5.053229500127183e-56,5.085226002705045e-56,5.117382940253617e-56,5.149700904648393e-56,5.182180489153608e-56,5.214822288423563e-56,5.2476268985039415e-56,5.280594916833131e-56,5.313726942243539e-56,5.347023574962912e-56,5.380485416615654e-56,5.414113070224137e-56,5.447907140210016e-56,5.481868232395545e-56,5.515996954004891e-56,5.550293913665438e-56,5.5847597214091065e-56,5.619394988673657e-56,5.654200328303998e-56,5.689176354553499e-56,5.724323683085296e-56,5.75964293097359e-56,5.7951347167049625e-56,5.830799660179672e-56,5.8666383827129585e-56,5.902651507036347e-56,5.938839657298949e-56,5.975203459068757e-56,6.011743539333949e-56,6.048460526504189e-56,6.085355050411918e-56,6.122427742313653e-56,6.159679234891282e-56,6.19711016225336e-56,6.234721159936396e-56,6.272512864906162e-56,6.310485915558961e-56,6.348640951722934e-56,6.386978614659346e-56,6.425499547063878e-56,6.4642043930679065e-56,6.503093798239794e-56,6.542168409586181e-56,6.581428875553261e-56,6.620875846028073e-56,6.660509972339781e-56,6.700331907260952e-56,6.740342305008846e-56,6.780541821246693e-56,6.8209311130849685e-56,6.8615108390826765e-56,6.902281659248625e-56,6.943244235042701e-56,6.984399229377155e-56,7.025747306617861e-56,7.067289132585604e-56,7.109025374557346e-56,7.150956701267495e-56,7.193083782909191e-56,7.235407291135554e-56,7.277927899060973e-56,7.32064628126236e-56,7.363563113780431e-56,7.406679074120955e-56,7.449994841256041e-56,7.493511095625381e-56,7.5372285191375275e-56,7.581147795171158e-56,7.625269608576321e-56,7.669594645675718e-56,7.714123594265946e-56,7.758857143618768e-56,7.803795984482359e-56,7.848940809082582e-56,7.894292311124224e-56,7.939851185792266e-56,7.985618129753137e-56,8.031593841155951e-56,8.077779019633778e-56,8.124174366304894e-56,8.17078058377402e-56,8.217598376133583e-56,8.264628448964965e-56,8.31187150933974e-56,8.359328265820933e-56,8.406999428464265e-56,8.454885708819392e-56,8.502987819931154e-56,8.551306476340821e-56,8.59984239408733e-56,8.64859629070853e-56,8.69756888524242e-56,8.746760898228397e-56,8.796173051708486e-56,8.845806069228587e-56,8.895660675839696e-56,8.945737598099168e-56,8.996037564071928e-56,9.046561303331717e-56,9.09730954696232e-56,9.14828302755881e-56,9.199482479228765e-56,9.250908637593513e-56,9.302562239789346e-56,9.354444024468773e-56,9.406554731801725e-56,9.458895103476795e-56,9.51146588270246e-56,9.56426781420831e-56,9.61730164424627e-56,9.670568120591819e-56,9.724067992545231e-56,9.77780201093278e-56,9.831770928107959e-56,9.885975497952722e-56,9.940416475878677e-56,9.995094618828316e-56,1.005001068527625e-55,1.010516543523039e-55,1.0160559630233194e-55,1.0216194033362864e-55,1.0272069409234572e-55,1.0328186524001667e-55,1.0384546145356883e-55,1.0441149042533563e-55,1.0497995986306857e-55,1.0555087748994945e-55,1.061242510446023e-55,1.0670008828110559e-55,1.072783969690042e-55,1.0785918489332163e-55,1.0844245985457187e-55,1.090282296687716e-55,1.0961650216745213e-55,1.102072851976715e-55,1.1080058662202638e-55,1.1139641431866423e-55,1.1199477618129522e-55,1.1259568011920422e-55,1.1319913405726279e-55,1.1380514593594121e-55,1.1441372371132035e-55,1.1502487535510371e-55,1.1563860885462936e-55,1.1625493221288179e-55,1.1687385344850399e-55,1.1749538059580921e-55,1.1811952170479307e-55,1.1874628484114524e-55,1.1937567808626151e-55,1.2000770953725568e-55,1.206423873069713e-55,1.2127971952399365e-55,1.2191971433266157e-55,1.2256237989307936e-55,1.2320772438112853e-55,1.2385575598847975e-55,1.245064829226046e-55,1.2515991340678742e-55,1.2581605568013708e-55,1.2647491799759885e-55,1.271365086299662e-55,1.2780083586389248e-55,1.2846790800190282e-55,1.291377333624058e-55,1.2981032027970532e-55,1.3048567710401219e-55,1.3116381220145605e-55,1.31844733954097e-55,1.3252845075993735e-55,1.3321497103293336e-55,1.339043032030069e-55,1.345964557160572e-55,1.3529143703397246e-55,1.3598925563464162e-55,1.366899200119661e-55,1.3739343867587127e-55,1.380998201523182e-55,1.3880907298331545e-55,1.3952120572693046e-55,1.4023622695730139e-55,1.4095414526464863e-55,1.4167496925528639e-55,1.4239870755163448e-55,1.4312536879222975e-55,1.4385496163173772e-55,1.445874947409641e-55,1.4532297680686656e-55,1.4606141653256605e-55,1.4680282263735863e-55,1.4754720385672667e-55,1.482945689423507e-55,1.4904492666212086e-55,1.497982858001483e-55,1.5055465515677682e-55,1.5131404354859441e-55,1.5207645980844458e-55,1.5284191278543797e-55,1.536104113449639e-55,1.5438196436870169e-55,1.5515658075463214e-55,1.5593426941704919e-55,1.5671503928657112e-55,1.5749889931015207e-55,1.5828585845109356e-55,1.5907592568905584e-55,1.5986911002006924e-55,1.6066542045654573e-55,1.6146486602729023e-55,1.6226745577751192e-55,1.6307319876883588e-55,1.638821040793141e-55,1.6469418080343716e-55,1.6550943805214552e-55,1.6632788495284067e-55,1.6714953064939677e-55,1.679743843021717e-55,1.688024550880187e-55,1.696337522002973e-55,1.70468284848885e-55,1.713060622601883e-55,1.7214709367715417e-55,1.729913883592812e-55,1.7383895558263102e-55,1.7468980463983935e-55,1.7554394484012758e-55,1.7640138550931374e-55,1.772621359898238e-55,1.78126205640703e-55,3.073078536087566e-27,1.3550899286761962e-26,3.670991369036294e-26,7.885708448463392e-26,1.473370980302255e-25,2.505321217014477e-25,3.9786106981892953e-25,5.997788398675812e-25,8.677755518606875e-25,1.2143757811032732e-24,1.6531378035692345e-24,2.1986528260740182e-24,2.8665442344927838e-24,3.673466824745947e-24,4.637106049177735e-24,5.7761772552853545e-24,7.110424902983989e-24,8.6606219162159e-24,1.0448568749194126e-23,1.2497092754744248e-23,1.4830047329746934e-23,1.7472311412529488e-23,2.0449788349774085e-23,2.3789405362481018e-23,2.7519112854297676e-23,3.166788349054399e-23,3.6265711490531447e-23,4.134361195732238e-23,4.6933620064944706e-23,5.306879030427786e-23,5.978319572014584e-23,6.711192719842832e-23,7.50910927312306e-23,8.375781660062054e-23,9.315023865897169e-23,1.0330751367326997e-22,1.142698102907434e-22,1.2607831067981151e-22,1.387752096799611e-22,1.524037135551565e-22,1.670080400693618e-22,1.8263341718683406e-22,1.9932608254354653e-22,2.17133282691969e-22,2.3610327197388787e-22,2.562853128642572e-22,2.777296731283713e-22,3.004876275347162e-22,3.2461145592730844e-22,3.501544422919041e-22,3.771708743064682e-22,4.0571604262613586e-22,4.358462400821311e-22,4.676187608828599e-22,5.010919003142626e-22,5.363249530969308e-22,5.733782135210301e-22,6.123129743861037e-22,6.531915260631379e-22,6.960771563150478e-22,7.410341498033838e-22,7.88127784248234e-22,8.374243345856791e-22,8.889910689237942e-22,9.428962496527516e-22,9.992091307776021e-22,1.0579999590333587e-21,1.119339971010532e-21,1.1833013948976622e-21,1.2499574492155776e-21,1.3193823387096943e-21,1.391651259298814e-21,1.4668403932026153e-21,1.5450269095264147e-21,1.626288964028769e-21,1.710705696409235e-21,1.7983572322670313e-21,1.8893246799911757e-21,1.983690133208855e-21,2.081536667442746e-21,2.1829483352406385e-21,2.288010177315782e-21,2.3968082138224325e-21,2.5094294353729915e-21,2.6259618205971703e-21,2.7464943250684244e-21,2.8711168796677174e-21,2.999920392632234e-21,3.1329967490948395e-21,3.2704388062493306e-21,3.412340399684206e-21,3.558796335340371e-21,3.7099023963348626e-21,3.865755335341942e-21,4.0264528762422644e-21,4.192093715668596e-21,4.3627775183041045e-21,4.5386049211161e-21,4.7196775235745115e-21,4.906097904887562e-21,5.097969602547926e-21,5.295397121937313e-21,5.4984859371032026e-21,5.707342481752207e-21,5.922074160096258e-21,6.1427893409488236e-21,6.369597343649058e-21,6.60260846699402e-21,6.841933961836684e-21,7.087686043373575e-21,7.339977882064907e-21,7.598923614810231e-21,7.864638331744653e-21,8.137238084492464e-21,8.416839882079997e-21,8.70356168821566e-21,8.997522423166265e-21,9.298841962941295e-21,9.607641138284612e-21,9.92404173609715e-21,1.02481664888939e-20,1.0580139092988681e-20,1.0920084182987681e-20,1.1268127354303279e-20,1.1624395145209994e-20,1.1989015062294727e-20,1.2362115551508171e-20,1.2743825981012525e-20,1.3134276699653281e-20,1.3533598989960127e-20,1.3941925087377957e-20,1.4359388166145442e-20,1.4786122347055173e-20,1.5222262696390183e-20,1.5667945206312566e-20,1.6123306860217072e-20,1.6588485535757006e-20,1.70636200678479e-20,1.7548850227191615e-20,1.8044316738127723e-20,1.855016125081336e-20,1.9066526357862724e-20,1.9593555591257753e-20,2.0131393416465056e-20,2.0680185240723428e-20,2.124007740558243e-20,2.1811217184446147e-20,2.2393752787342912e-20,2.2987833358818974e-20,2.3593608974768147e-20,2.4211230646294058e-20,2.4840850289484273e-20,2.5482620818095263e-20,2.6136696014058097e-20,2.680323060631393e-20,2.7482380260068064e-20,2.8174301565896857e-20,2.887915200079152e-20,2.9597090071948993e-20,3.032827512748646e-20,3.107286744463238e-20,3.183102824772983e-20,3.260291968740528e-20,3.338870482729953e-20,3.418854765654727e-20,3.5002613087150327e-20,3.5831066952249054e-20,3.6674076004318485e-20,3.7531807921946844e-20,3.840443129325038e-20,3.929211563201817e-20,4.0195031373342174e-20,4.1113349854302465e-20,4.2047243344081873e-20,4.299688502217822e-20,4.396244898317427e-20,4.4944110238513403e-20,4.5942044708385234e-20,4.69564292353599e-20,4.798744156634024e-20,4.903526036121597e-20,5.0100065197994666e-20,5.118203655492718e-20,5.228135584558149e-20,5.339820532850254e-20,5.453276824764699e-20,5.568522870500921e-20,5.685577174414559e-20,5.804458329269923e-20,5.925185022636116e-20,6.047776025436387e-20,6.172250197849826e-20,6.298626502610054e-20,6.426923977905672e-20,6.557161764586496e-20,6.689359087757729e-20,6.823535263552949e-20,6.959709698162186e-20,7.09790188841119e-20,7.238131419124689e-20,7.380417967514703e-20,7.52478129811135e-20,7.671241271130082e-20,7.819817823503204e-20,7.970530993950019e-20,8.123400908335686e-20,8.278447777427028e-20,8.435691905656746e-20,8.595153685662151e-20,8.756853597517105e-20,8.920812215155644e-20,9.08705019767387e-20,9.255588293022858e-20,9.426447345689982e-20,9.599648271127494e-20,9.775212091332845e-20,9.953159910306252e-20,1.0133512922231689e-19,1.0316292408419526e-19,1.0501519738966076e-19,1.0689216375141083e-19,1.08794038604385e-19,1.107210384112861e-19,1.1267338031160181e-19,1.1465128237348401e-19,1.1665496378692274e-19,1.1868464436954953e-19,1.2074054487322432e-19,1.2282288690484e-19,1.2493189311580593e-19,1.2706778685622086e-19,1.2923079238915184e-19,1.3142113492265066e-19,1.336390404913024e-19,1.358847359955245e-19,1.3815844920782526e-19,1.4046040886403745e-19,1.4279084447671829e-19,1.451499864645821e-19,1.4753806611942628e-19,1.4995531560114665e-19,1.5240196795444125e-19,1.5487825716445746e-19,1.5738441784364238e-19,1.599206857242708e-19,1.6248729734444335e-19,1.65084490043768e-19,1.6771250211011521e-19,1.7037157264532112e-19,1.730619416390731e-19,1.7578384996115965e-19,1.7853753930661604e-19,1.813232520839089e-19,1.841412321120256e-19,1.8699172351776803e-19,1.89874971473953e-19,1.9279122194307388e-19,1.9574072203253254e-19,1.987237193033764e-19,2.0174046253481656e-19,2.0479120101007344e-19,2.078761851624127e-19,2.1099566605527243e-19,2.1414989587149465e-19,2.1733912753111217e-19,2.2056361484671236e-19,2.2382361246783975e-19,2.271193757942006e-19,2.3045116116210715e-19,2.338192257567314e-19,2.3722382761827986e-19,2.40665225639662e-19,2.441436795658608e-19,2.4765944999330494e-19,2.5121279844133114e-19,2.548039870500901e-19,2.584332790656348e-19,2.621009385023951e-19,2.6580723014033373e-19,2.6955241970333795e-19,2.733367737303857e-19,2.7716055960688604e-19,2.810240454835357e-19,2.849275005970129e-19,2.888711947752292e-19,2.9285539880958022e-19,2.9688038427988167e-19,3.009464236673174e-19,3.0505379007405884e-19,3.09202757984271e-19,3.1339360219915973e-19,3.1762659853118827e-19,3.2190202360300437e-19,3.262201549820778e-19,3.30581271040911e-19,3.3498565079389557e-19,3.394335743357992e-19,3.439253222987658e-19,3.4846117675347624e-19,3.530414200091073e-19,3.5766633542759284e-19,3.6233620691257125e-19,3.670513200640587e-19,3.7181196044682288e-19,3.7661841473617504e-19,3.814709704145398e-19,3.863699155434396e-19,3.9131553990593755e-19,3.963081332415059e-19,4.0134798632496004e-19,4.0643539054976657e-19,4.115706389663789e-19,4.1675402464290755e-19,4.2198584167986795e-19,4.272663850693963e-19,4.3259595060573653e-19,4.379748345750998e-19,4.434033356218941e-19,4.488817506201229e-19,4.54410379452009e-19,4.599895217725564e-19,4.656194780520368e-19,4.713005503787746e-19,4.770330408629178e-19,4.828172524288277e-19,4.886534896387204e-19,4.945420569345753e-19,5.004832599304514e-19,5.064774053668912e-19,5.125248003453465e-19,5.186257530037134e-19,5.247805723632694e-19,5.309895680357546e-19,5.372530507657885e-19,5.435713320304469e-19,5.49944723383951e-19,5.563735381707464e-19,5.6285809023509995e-19,5.693986941462862e-19,5.759956653746604e-19,5.826493201070048e-19,5.893599754377536e-19,5.961279490956963e-19,6.029535599421751e-19,6.098371272710985e-19,6.167789715135305e-19,6.237794137234575e-19,6.308387756993986e-19,6.379573798792896e-19,6.451355503693991e-19,6.523736111737039e-19,6.596718875689123e-19,6.670307051337583e-19,6.744503907493642e-19,6.819312718601361e-19,6.894736769291458e-19,6.970779350035856e-19,7.047443759896214e-19,7.124733306329655e-19,7.202651304385521e-19,7.281201076773162e-19,7.360385955549165e-19,7.44020927852867e-19,7.520674395329679e-19,7.601784658481572e-19,7.683543431819277e-19,7.765954086226859e-19,7.849020000977415e-19,7.932744560346164e-19,8.0171311633308865e-19,8.102183210010855e-19,8.187904112235026e-19,8.274297288698065e-19,8.361366161802986e-19,8.449114171566816e-19,8.537544757532123e-19,8.626661369414766e-19,8.716467466770518e-19,8.806966514591474e-19,8.898161986637401e-19,8.990057364759511e-19,9.082656138193388e-19,9.175961804124486e-19,9.26997786808492e-19,9.36470784236877e-19,9.46015524890279e-19,9.55632361443695e-19,9.653216476996178e-19,9.750837382477075e-19,9.849189881540408e-19,9.948277534170244e-19,1.0048103908154513e-18,1.0148672579079272e-18,1.024998713032293e-18,1.0352051153050496e-18,1.0454868246207834e-18,1.0558442016515916e-18,1.0662776078465066e-18,1.0767874054309241e-18,1.087373957492953e-18,1.0980376276358273e-18,1.108778780590464e-18,1.119597781452697e-18,1.130494996499441e-18,1.1414707925910262e-18,1.1525255373089022e-18,1.1636595991013264e-18,1.1748733471523365e-18,1.1861671514785269e-18,1.197541382692725e-18,1.2089964123733228e-18,1.2205326127384873e-18,1.2321503573362215e-18,1.2438500189927595e-18,1.2556319726657663e-18,1.267496592631856e-18,1.2794442573220624e-18,1.291475342508636e-18,1.3035902256983506e-18,1.315789285452768e-18,1.328072900756234e-18,1.3404414517972235e-18,1.3528953188782243e-18,1.3654348836294529e-18,1.3780605282504239e-18,1.390772635530153e-18,1.4035715893936144e-18,1.4164577743303995e-18,1.4294315758011507e-18,1.4424933794010193e-18,1.455643572321859e-18,1.4688825418710729e-18,1.4822106763474504e-18,1.495628364525807e-18,1.50913599671474e-18,1.5227339629659381e-18,1.5364226550717936e-18,1.5502024648201316e-18,1.5640737850852587e-18,1.5780370093493299e-18,1.5920925320422993e-18,1.606240748145893e-18,1.6204820543608598e-18,1.6348168456189212e-18,1.6492455199884012e-18,1.6637684755558423e-18,1.6783861111924097e-18,1.6930988265714187e-18,1.7079070228404112e-18,1.7228111001749059e-18,1.7378114593818546e-18,1.752908504021766e-18,1.7681026372886313e-18,1.7833942633274886e-18,1.7987837870248463e-18,1.814271613780721e-18,1.8298581499902557e-18,1.8455438026268952e-18,1.8613289794684747e-18,1.8772140897157025e-18,1.893199541858521e-18,1.909285745336342e-18,1.925473111557379e-18,1.941762052064718e-18,1.9581529788780635e-18,1.9746463047249092e-18,1.9912424439521556e-18,2.0079418103322334e-18,2.0247448197018223e-18,2.041651887493399e-18,2.058663430630576e-18,2.0757798659734454e-18,2.0930016123876585e-18,2.11032908697169e-18,2.127762711803453e-18,2.1453029063161228e-18,2.1629500910570022e-18,2.180704688322713e-18,2.1985671205427368e-18,2.2165378106100894e-18,2.234617182673854e-18,2.2528056614804953e-18,2.271103670690172e-18,2.289511639873051e-18,2.308029994242856e-18,2.3266591614522196e-18,2.345399569058642e-18,2.3642516476097066e-18,2.3832158261870385e-18,2.402292535316458e-18,2.421482206983317e-18,2.4407852714923043e-18,2.4602021626867814e-18,2.479733313784582e-18,2.499379158932789e-18,2.5191401330011336e-18,2.5390166715814637e-18,2.5590092107175455e-18,2.5791181876923633e-18,2.599344040569925e-18,2.61968720753737e-18,2.6401481283746924e-18,2.660727241827474e-18,2.681424989292604e-18,2.702241811754832e-18,2.7231781514674065e-18,2.744234451601713e-18,2.7654111548714243e-18,2.786708705886412e-18,2.808127549685404e-18,2.8296681316989953e-18,2.8513308984719886e-18,2.8731162969224e-18,2.8950247750697348e-18,2.917056780999657e-18,2.9392127642834785e-18,2.9614931747412065e-18,2.9838984627567087e-18,3.006429080033291e-18,3.0290854786533878e-18,3.0518681112493543e-18,3.0747774312793215e-18,3.0978138928384656e-18,3.1209779509996184e-18,3.1442700611753954e-18,3.167690679739236e-18,3.191240263830756e-18,3.2149192711079395e-18,3.2387281598830528e-18,3.2626673896722577e-18,3.2867374202512826e-18,3.310938711249499e-18,3.335271723185788e-18,3.359736920660242e-18,3.3843347651559653e-18,3.4090657192303664e-18,3.4339302479824637e-18,3.458928815732732e-18,3.4840618878861736e-18,3.5093299307620014e-18,3.5347334108887414e-18,3.560272795963053e-18,3.5859485563407745e-18,3.611761157019071e-18,3.637711069168411e-18,3.663798764950602e-18,3.690024711993014e-18,3.716389384170782e-18,3.742893253593109e-18,3.769536793369643e-18,3.796320477303876e-18,3.823244779859698e-18,3.850310176260669e-18,3.877517142419641e-18,3.904866154852117e-18,3.932357690875854e-18,3.9599922284203055e-18,3.987770245354127e-18,4.015692222276336e-18,4.043758639012501e-18,4.0719699761065645e-18,4.100326714728149e-18,4.128829336279361e-18,4.157478324291627e-18,4.186274163121702e-18,4.215217336075109e-18,4.244308327928581e-18,4.2735476242619895e-18,4.3029357113379304e-18,4.3324730759360635e-18,4.362160205733245e-18,4.391997588933922e-18,4.4219857144769645e-18,4.452125071983379e-18,4.482416151755804e-18,4.512859446898022e-18,4.5434554448449454e-18,4.5742046397044144e-18,4.605107525191306e-18,4.63616459470838e-18,4.667376342549638e-18,4.6987432644385284e-18,4.73026585487637e-18,4.761944610952414e-18,4.7937800296423395e-18,4.8257726093494494e-18,4.857922847318824e-18,4.8902312433324715e-18,4.922698297096103e-18,4.9553245108915665e-18,4.988110382366042e-18,5.021056415492836e-18,5.054163112448749e-18,5.087430975699841e-18,5.120860509806023e-18,5.154452218935024e-18,5.188206608786146e-18,5.222124183749548e-18,5.256205451404482e-18,5.290450919699978e-18,5.324861098673249e-18,5.359436490987214e-18,5.394177608150245e-18,5.42908496113797e-18,5.4641590600099754e-18,5.499400415883864e-18,5.5348095416938634e-18,5.570386947793698e-18,5.606133151533092e-18,5.6420486608654086e-18,5.678133992826016e-18,5.714389663873257e-18,5.750816187820811e-18,5.787414084810658e-18,5.8241838671464746e-18,5.8611260544596874e-18,5.898241165097565e-18,5.9355297192760266e-18,5.972992236259172e-18,6.010629235482894e-18,6.048441240108962e-18,6.086428770895067e-18,6.124592350031871e-18,6.1629325010987724e-18,6.201449747601679e-18,6.2401446139459876e-18,6.279017625192989e-18,6.31806930730604e-18,6.3573001895003015e-18,6.396710788891009e-18,6.436301643463891e-18,6.47607327398551e-18,6.516026211235107e-18,6.5561609934658185e-18,6.5964781518079145e-18,6.636978199959134e-18,6.6776616825303215e-18,6.718529124235758e-18,6.7595810631410954e-18,6.800818036190568e-18,6.842240573599233e-18,6.883849210327086e-18,6.925644481628147e-18,6.967626928281659e-18,7.009797077980869e-18,7.052155472788595e-18,7.09470265059171e-18,7.137439150368119e-18,7.180365511359814e-18,7.223482273143099e-18,7.266789977249066e-18,7.310289163643902e-18,7.353980373538277e-18,7.397864153675651e-18,7.441941046117743e-18,7.486211592040487e-18,7.530676336141394e-18,7.575335825894855e-18,7.620190605939431e-18,7.665241222833444e-18,7.710488223407817e-18,7.755932155498983e-18,7.8015735682039e-18,7.84741300902955e-18,7.893451028345532e-18,7.939688177175803e-18,7.986125004911264e-18,8.032762065342126e-18,8.079599910092982e-18,8.126639088603113e-18,8.173880156809632e-18,8.221323668659902e-18,8.268970179014502e-18,8.316820243133197e-18,8.364874416929395e-18,8.413133257157527e-18,8.461597320925955e-18,8.510267166387833e-18,8.559143351722831e-18,8.608226436099927e-18,8.657516981014454e-18,8.707015545242841e-18,8.756722689815618e-18,8.806638974713695e-18,8.856764963715179e-18,8.90710121989643e-18,8.957648306797354e-18,9.00840678873609e-18,9.059377229630026e-18,9.110560195613954e-18,9.16195625136161e-18,9.213565967009196e-18,9.265389908482829e-18,9.317428642999735e-18,9.369682739152906e-18,9.422152765233855e-18,9.474839293539693e-18,9.527742891001763e-18,9.580864130499938e-18,9.634203590912201e-18,9.687761830751787e-18,9.7415394285745e-18,9.795536956087807e-18,9.849754992636073e-18,9.904194108781205e-18,9.958854882935843e-18,1.0013737889780156e-17,1.0068843706039502e-17,1.0124172908363039e-17,1.0179726074983082e-17,1.023550378382013e-17,1.0291506611925786e-17,1.0347735144432801e-17,1.0404189948355339e-17,1.0460871623808245e-17,1.0517780744911216e-17,1.05749178875683e-17,1.0632283637150595e-17,1.0689878586508127e-17,1.0747703296112544e-17,1.0805758374431408e-17,1.0864044397278963e-17,1.0922561962098769e-17,1.0981311645775858e-17,1.1040294030418636e-17,1.1099509712542671e-17,1.1158959274982369e-17,1.1218643308924179e-17,1.1278562402006584e-17,1.133871714534474e-17,1.1399108129260491e-17,1.1459735945402972e-17,1.1520601184223104e-17,1.1581704440457434e-17,1.1643046305553492e-17,1.1704627374340619e-17,1.176644824027036e-17,1.1828509506779977e-17,1.1890811752419589e-17,1.1953355583065686e-17,1.2016141594678016e-17,1.2079170385623211e-17,1.2142442550266424e-17,1.2205958690552623e-17,1.2269719410667215e-17,1.2333725298260043e-17,1.2397976959231666e-17,1.2462474995488803e-17,1.2527220008164288e-17,1.2592212599265889e-17,1.2657453372009817e-17,1.272294292892378e-17,1.2788681872280873e-17,1.2854670810746047e-17,1.2920910346785359e-17,1.2987401087329605e-17,1.305414363701142e-17,1.3121138604922758e-17,1.3188386597491119e-17,1.3255888222466017e-17,1.3323644089718555e-17,1.3391654807275888e-17,1.3459920979345866e-17,1.3528443228654267e-17,1.3597222159519747e-17,1.366625838488805e-17,1.3735552519417078e-17,1.3805105170338849e-17,1.3874916953204179e-17,1.3944988481351317e-17,1.401532036524992e-17,1.408591323180786e-17,1.415676769048966e-17,1.4227884356134617e-17,1.4299263848550066e-17,1.4370906783584848e-17,1.444281378004707e-17,1.4514985457750015e-17,1.4587422433187594e-17,1.466012532757041e-17,1.4733094762056802e-17,1.4806331356680743e-17,1.4879835734491447e-17,1.4953608515883853e-17,1.502765032579663e-17,1.5101961785253907e-17,1.517654351795311e-17,1.5251396151423577e-17,1.5326520309504204e-17,1.5401916617205373e-17,1.5477585701806217e-17,1.5553528188024342e-17,1.562974470965716e-17,1.5706235887455127e-17,1.578300235156658e-17,1.5860044733697336e-17,1.593736366239523e-17,1.601495976865782e-17,1.609283368235647e-17,1.6170986035162494e-17,1.6249417459601348e-17,1.632812858913605e-17,1.6407120054772852e-17,1.6486392492104276e-17,1.6565946540543317e-17,1.6645782829731777e-17,1.6725901989615084e-17,1.6806304659894154e-17,1.6886991479238013e-17,1.6967963068009337e-17,1.7049220099583344e-17,1.713076319423695e-17,1.7212592989897868e-17,1.7294710110251307e-17,1.7377115228533624e-17,1.7459808968372795e-17,1.7542791971606027e-17,1.7626064879658713e-17,1.7709628335290508e-17,1.7793482981679665e-17,1.787762946152206e-17,1.7962068416701254e-17,1.804680049776845e-17,1.8131826346384038e-17,1.82171466118767e-17,1.8302761934467893e-17,1.8388672967279807e-17,1.8474880351617148e-17,1.8561384741544402e-17,1.8648186777515464e-17,1.8735287119013424e-17,1.8822686408215906e-17,1.8910385292298394e-17,1.899838443675858e-17,1.908668448105598e-17,1.917528608391328e-17,1.9264189889974955e-17,1.9353396557509658e-17,1.9442906730725872e-17,1.9532721079946725e-17,1.9622840253945704e-17,1.9713264906783642e-17,1.980399569439557e-17,1.9895033273392604e-17,1.9986378297012995e-17,2.0078031430128753e-17,2.0169993321832454e-17,2.0262264645969762e-17,2.0354846048092466e-17,2.0447738192204295e-17,2.0540941738586302e-17,2.0634457366518233e-17,2.072828570100559e-17,2.0822427420933004e-17,2.0916883191683176e-17,2.1011653674477144e-17,2.1106739562421436e-17,2.1202141462769718e-17,2.1297860067849494e-17,2.1393896044385715e-17,2.149025005773352e-17,2.1586922774158617e-17,2.168391485799752e-17,2.178122698242603e-17,2.1878859812748102e-17,2.1976814018034846e-17,2.2075090268318205e-17,2.2173689230634313e-17,2.2272611577908882e-17,2.2371857980042666e-17,2.2471429107248483e-17,2.2571325634087457e-17,2.267154823012815e-17,2.2772097571144058e-17,2.287297432824628e-17,2.2974179173112914e-17,2.3075712787852675e-17,2.317757584304001e-17,2.3279769014048324e-17,2.3382292980894144e-17,2.3485148415590962e-17,2.3588336000773935e-17,2.3691856411547344e-17,2.379571032666417e-17,2.3899898424981212e-17,2.4004421386157895e-17,2.4109279891362725e-17,2.421447461917942e-17,2.4320006251058663e-17,2.4425875474268338e-17,2.4532082962409582e-17,2.4638629381437205e-17,2.474551545635396e-17,2.485274185011735e-17,2.4960309248163436e-17,2.5068218333660742e-17,2.5176469792244927e-17,2.528506431063691e-17,2.5394002576378263e-17,2.5503285275880003e-17,2.5612913096905906e-17,2.5722886724954508e-17,2.5833206853152313e-17,2.5943874168296322e-17,2.6054889361119795e-17,2.6166253121570996e-17,2.627796613828665e-17,2.639002910679876e-17,2.6502442715851418e-17,2.6615207668102467e-17,2.672832463961444e-17,2.684179431828493e-17,2.6955617428471222e-17,2.7069794644563415e-17,2.7184326665895345e-17,2.7299214190682382e-17,2.7414457907350265e-17,2.753005851772936e-17,2.7646016724589166e-17,2.776233321207432e-17,2.787900868418695e-17,2.7996043845680023e-17,2.811343938844755e-17,2.82311960070115e-17,2.834931442905945e-17,2.8467795322204567e-17,2.858663940577948e-17,2.8705847374618335e-17,2.8825419938234265e-17,2.8945357792497247e-17,2.9065661644532636e-17,2.9186332198319203e-17,2.930737016226467e-17,2.9428776234254684e-17,2.9550551123552697e-17,2.967269553596782e-17,2.979521018180667e-17,2.9918095758727527e-17,3.0041353013081185e-17,3.016498262111686e-17,3.028898526062715e-17,3.0413361674533375e-17,3.053811257767453e-17,3.06632386578347e-17,3.078874063707356e-17,3.0914619238268403e-17,3.1040875181261153e-17,3.116750914998283e-17,3.129452186437652e-17,3.142191407115483e-17,3.1549686427816425e-17,3.167783967606787e-17,3.180637451882691e-17,3.193529169638795e-17,3.2064591912924867e-17,3.219427588620711e-17,3.232434432990863e-17,3.245479795782213e-17,3.2585637498344014e-17,3.27168636654518e-17,3.284847715316144e-17,3.298047873024636e-17,3.3112869091009684e-17,3.324564895480032e-17,3.337881904513723e-17,3.3512380087346856e-17,3.364633283124148e-17,3.378067796796912e-17,3.391541618644256e-17,3.405054824791901e-17,3.4186074870837547e-17,3.432199678110994e-17,3.4458314707493764e-17,3.4595029374550897e-17,3.4732141507351833e-17,3.4869651832300544e-17,3.5007561074273994e-17,3.514586996590171e-17,3.528457925331974e-17,3.5423689614139097e-17,3.556320181865893e-17,3.5703116594404856e-17,3.5843434656766865e-17,3.5984156741684243e-17,3.612528356081792e-17,3.626681588468032e-17,3.640875443099613e-17,3.65510999161945e-17,3.669385309964793e-17,3.683701470046203e-17,3.698058545953414e-17,3.712456610307663e-17,3.726895737000852e-17,3.7413760053447583e-17,3.755897477443096e-17,3.7704602306445395e-17,3.7850643416665237e-17,3.799709888108499e-17,3.8143969355154166e-17,3.829125565105055e-17,3.843893646313802e-17,3.858706561201814e-17,3.8735617934484664e-17,3.888455300049853e-17,3.903380260908664e-17,3.918360853545107e-17,3.9333774244421174e-17,3.948434448514307e-17,3.9635314160764546e-17,3.9786703581139396e-17,3.993849921829982e-17,4.0090703597585255e-17,4.024330962540011e-17,4.0396323967034454e-17,4.054973327106484e-17,4.0703569809831686e-17,4.0857780324964667e-17,4.101243098625807e-17,4.1167488224752936e-17,4.132295182077699e-17,4.1478814767599367e-17,4.163507107226341e-17,4.1791751876539027e-17,4.194884034950192e-17,4.210633125417553e-17,4.226420114484221e-17,4.2422477593528124e-17,4.2581180857106677e-17,4.2740287653125725e-17,4.289977907387143e-17,4.305967427515925e-17,4.322000072648599e-17,4.338072322422675e-17,4.3541843475159014e-17,4.370337695068051e-17,4.3865312007447575e-17,4.4027641856011844e-17,4.419037276107248e-17,4.435350438709923e-17,4.4517036401938257e-17,4.4680968525229626e-17,4.484529472062034e-17,4.501002609417759e-17,4.517515074884374e-17,4.534069124848573e-17,4.550662495139855e-17,4.567296187311402e-17,4.583968337979908e-17,4.6006798603293255e-17,4.6174328024626494e-17,4.63422306758797e-17,4.651052973006357e-17,4.6679236260726243e-17,4.684835220729729e-17,4.7017864427856423e-17,4.7187772525950957e-17,4.7358076881752435e-17,4.752877765275004e-17,4.769985622187658e-17,4.787132879362166e-17,4.804321893434336e-17,4.821547956726076e-17,4.83881563519393e-17,4.856122497407399e-17,4.873466506050576e-17,4.8908513878651213e-17,4.908274796863381e-17,4.9257364808009693e-17,4.9432380888756635e-17,4.9607786428397854e-17,4.978358229750939e-17,4.995976828924503e-17,5.0136332069812394e-17,5.0313298688430123e-17,5.049064925211947e-17,5.0668389369889703e-17,5.084651202327016e-17,5.1025030572303526e-17,5.1203937568141643e-17,5.138323294973598e-17,5.156291641818723e-17,5.1742987673221253e-17,5.192344643032949e-17,5.2104292397915935e-17,5.228552562470909e-17,5.246714554014422e-17,5.2649151817914254e-17,5.2831544217076795e-17,5.3014321870989187e-17,5.319748549205497e-17,5.3381033790419565e-17,5.356496695611016e-17,5.37492847227532e-17,5.3934002411710265e-17,5.411908328431188e-17,5.4304554068691666e-17,5.449040817723202e-17,5.467664533906982e-17,5.486328085705452e-17,5.50502991076829e-17,5.523768411430274e-17,5.5425451767108265e-17,5.56136164143427e-17,5.580216264979127e-17,5.599109018201866e-17,5.618039843468606e-17,5.637008769712266e-17,5.65601419410657e-17,5.67505917528757e-17,5.694142113792828e-17,5.713263040444276e-17,5.732421896660978e-17,5.751618622847075e-17,5.770851677970675e-17,5.79012414800057e-17,5.8094344350248e-17,5.828782509420644e-17,5.848168309755304e-17,5.867591873721012e-17,5.887053140180588e-17,5.90655208069851e-17,5.926088666936229e-17,5.945662870734746e-17,5.965274663739537e-17,5.984922371708618e-17,6.004609254274801e-17,6.024333602126225e-17,6.044095466902942e-17,6.063894780175966e-17,6.083731513723554e-17,6.103605639442634e-17,6.123517129341421e-17,6.143465915601062e-17,6.163452049359365e-17,6.183475463322168e-17,6.203536129344712e-17,6.22363401920784e-17,6.243769105411454e-17,6.26394135991769e-17,6.28415075469533e-17,6.304397217817593e-17,6.324680809394851e-17,6.345001457977779e-17,6.365359441874595e-17,6.385754431352927e-17,6.4061860370111e-17,6.42665458799259e-17,6.447122296267626e-17,6.467664627678693e-17,6.488243774919825e-17,6.508860139472276e-17,6.529513316702815e-17,6.550202884233306e-17,6.570929203311262e-17,6.591692250895832e-17,6.612491953602594e-17,6.633328773104332e-17,6.654201825777371e-17,6.675111914912995e-17,6.696058167516032e-17,6.717040978898321e-17,6.73806076566843e-17,6.75911656908099e-17,6.780209353782684e-17,6.801338601968289e-17,6.822504284108136e-17,6.843705872094478e-17,6.864943198928388e-17,6.886217482545693e-17,6.907528079586915e-17,6.928874968998337e-17,6.950258116636588e-17,6.971675048947398e-17,6.993131075974752e-17,7.01462278106822e-17,7.036150676218171e-17,7.057714692617467e-17,7.079314803214883e-17,7.100950980972998e-17,7.12262319872036e-17,7.144331429266235e-17,7.166075645727276e-17,7.18785577988632e-17,7.209671892835578e-17,7.231523904828104e-17,7.253366410880533e-17,7.275290078371716e-17,7.297249570105248e-17,7.319244859067452e-17,7.341275918379951e-17,7.363342721156596e-17,7.385445205615194e-17,7.407583414841877e-17,7.429757287099649e-17,7.451966795621558e-17,7.474211916103943e-17,7.496492581059108e-17,7.518808837897541e-17,7.541160624059696e-17,7.563549802571559e-17,7.585974459554229e-17,7.608434572567104e-17,7.630928216731471e-17,7.653457255042352e-17,7.676021661069171e-17,7.698621408372664e-17,7.721256487357844e-17,7.743926838138117e-17,7.76663245098441e-17,7.789373299430135e-17,7.8121493568735e-17,7.83496062011616e-17,7.857807016878149e-17,7.880688543963159e-17,7.903604503663626e-17,7.926556243814346e-17,7.949542332373038e-17,7.972564143390423e-17,7.99562025770664e-17,8.018712040588077e-17,8.041838768755648e-17,8.065000936565367e-17,8.088197999284709e-17,8.111429925617339e-17,8.134696691830125e-17,8.157998271889995e-17,8.181334136620725e-17,8.204704763408324e-17,8.228110129027677e-17,8.251550701691337e-17,8.275025961151465e-17,8.298535876984752e-17,8.322032871370461e-17,8.34561195583961e-17,8.369225622170335e-17,8.392873843218094e-17,8.416556593155205e-17,8.440273846136327e-17,8.464025576336594e-17,8.487811275488848e-17,8.511631400873981e-17,8.535486406667513e-17,8.559375786333326e-17,8.583299035144077e-17,8.607257085087985e-17,8.631249432011207e-17,8.655276049728414e-17,8.679336912861629e-17,8.703431996019742e-17,8.727561273217426e-17,8.7517247188837e-17,8.775921831158844e-17,8.800153535972842e-17,8.82441933246832e-17,8.848719195273571e-17,8.873053098400295e-17,8.897421016526376e-17,8.921822924103147e-17,8.94625832204807e-17,8.970727658054924e-17,8.9952309063994e-17,9.019768515355763e-17,9.04433998658919e-17,9.068945294548087e-17,9.093584413762689e-17,9.118257319018188e-17,9.142963985159169e-17,9.167704386462539e-17,9.192478497819596e-17,9.217286294596776e-17,9.242127265008084e-17,9.266953516614587e-17,9.291862149631778e-17,9.316755507183212e-17,9.341731217673199e-17,9.366740461531652e-17,9.391782688145648e-17,9.416858922473342e-17,9.44196809160038e-17,9.467111216237456e-17,9.492287265613841e-17,9.517497181045832e-17,9.542740453516227e-17,9.568017058704262e-17,9.593326971526306e-17,9.618670166999871e-17,9.644046620134102e-17,9.669455825311975e-17,9.694898231913621e-17,9.720374307203612e-17,9.74588301455378e-17,9.77142538001145e-17,9.797000370509685e-17,9.822608438062233e-17,9.848249520794341e-17,9.873923636226642e-17,9.899631291533182e-17,9.925371445356498e-17,9.951144551760918e-17,9.97695054621511e-17,1.0002789987573204e-16,1.0028662314392662e-16,1.0054567501676828e-16,1.0080505524734532e-16,1.0106476359090151e-16,1.0132479489363931e-16,1.0158515332159673e-16,1.0184448962387034e-16,1.0210415044038072e-16,1.0236548686292511e-16,1.0262579763455235e-16,1.0288778539586374e-16,1.0314874514841351e-16,1.0341002841548143e-16,1.036725072873579e-16,1.0393443776986973e-16,1.0419669037518556e-16,1.0446013974218996e-16,1.04723904473495e-16,1.0498712577068209e-16,1.0525066838167251e-16,1.0551452826802899e-16,1.0577870918704213e-16,1.0604321098307901e-16,1.0630803796673578e-16,1.0657318506059177e-16,1.0683865253163173e-16,1.071044397476173e-16,1.0737054686688602e-16,1.076369734534578e-16,1.079037192701562e-16,1.0817078407816165e-16,1.0843816763988358e-16,1.0870586951871378e-16,1.0897388987735045e-16,1.0924310598267707e-16,1.0951176350912171e-16,1.0978073832035419e-16,1.100500304594529e-16,1.1031963969451169e-16,1.105895657899427e-16,1.1085980851005532e-16,1.1113036761920172e-16,1.1140124288236336e-16,1.1167243385728859e-16,1.1194394051596207e-16,1.1221576282687502e-16,1.1248790014401054e-16,1.1276035264669514e-16,1.1303311989347046e-16,1.1330620165031768e-16,1.135795976834267e-16,1.138533077589885e-16,1.141273308188342e-16,1.144016674516486e-16,1.1467631824966506e-16,1.1495128215670745e-16,1.152265545118802e-16,1.1550214383568305e-16,1.1577804567130785e-16,1.1605425524336416e-16,1.1633071257360297e-16,1.1660842015826638e-16,1.1688556980548e-16,1.171630310913861e-16,1.174408033926549e-16,1.177188309081058e-16,1.1799717111307607e-16,1.1827587528160742e-16,1.1855488838276918e-16,1.188342119688166e-16,1.1911384539772898e-16,1.193937880148823e-16,1.1967403979911067e-16,1.1995460052703525e-16,1.2023546996860939e-16,1.205166481022265e-16,1.2079813448712075e-16,1.2107992889469412e-16,1.2136203109712516e-16,1.216444276041987e-16,1.219271439490168e-16,1.2221011492588388e-16,1.224934460229499e-16,1.2277708347809678e-16,1.2306102565390047e-16,1.2334527593135772e-16,1.2362983195929236e-16,1.2391469371968927e-16,1.2420074362245982e-16,1.2448620603551826e-16,1.2477197264648888e-16,1.2505805634058326e-16,1.253444445168676e-16,1.256311244386421e-16,1.25918121011401e-16,1.2620624397989304e-16,1.2649383863986593e-16,1.2678173451828403e-16,1.2706994649828253e-16,1.2735846114693657e-16,1.276472664179693e-16,1.2793638652960265e-16,1.2822580821132767e-16,1.285155328915258e-16,1.2880554380083975e-16,1.2909676228699876e-16,1.2938739312951418e-16,1.2967832494074474e-16,1.2996955773907724e-16,1.30261075838917e-16,1.3055290984120483e-16,1.3084503445224876e-16,1.3113841693011163e-16,1.3143210024703173e-16,1.3172513625359914e-16,1.3201845955745774e-16,1.3231209402542452e-16,1.3260602737110974e-16,1.3290025969854317e-16,1.3319479056420027e-16,1.3348961974713305e-16,1.3378474702467843e-16,1.3408017217526844e-16,1.3437589497527683e-16,1.346719152018864e-16,1.3496823263953704e-16,1.3526484683279108e-16,1.3556175778935542e-16,1.3585896529046055e-16,1.3615646934669387e-16,1.3645426927290897e-16,1.3675236508357098e-16,1.3705075586505125e-16,1.3734942921728568e-16,1.3764841170156772e-16,1.3794768883149705e-16,1.382472607400696e-16,1.385471253852857e-16,1.3884728620047465e-16,1.3914774137251978e-16,1.3944849044826457e-16,1.3974953297552105e-16,1.4005086920927713e-16,1.403524852239169e-16,1.4065440692005357e-16,1.409566220032144e-16,1.412591166067347e-16,1.4156190409413887e-16,1.4186498385374664e-16,1.4216836834547015e-16,1.4247204418749593e-16,1.4277601153866684e-16,1.4308027041833602e-16,1.4338482037428077e-16,1.4368966095079017e-16,1.4399479216073471e-16,1.4430021403549745e-16,1.446059261184136e-16,1.4491192795181946e-16,1.4521821980238321e-16,1.455248012111836e-16,1.4583167196595637e-16,1.4613882047361242e-16,1.464472364730656e-16,1.4675497510885914e-16,1.4706300173402254e-16,1.4737131686917752e-16,1.4767991981167172e-16,1.4798881059156732e-16,1.482979889963958e-16,1.4860745481039078e-16,1.4891720806550112e-16,1.4922724830272372e-16,1.4953757312429723e-16,1.4984818668143463e-16,1.501590865789256e-16,1.5047027260427438e-16,1.5078174454470902e-16,1.5109350218668066e-16,1.5140554531612503e-16,1.5171787372136757e-16,1.5203048693537252e-16,1.5234338500083122e-16,1.5265758633737674e-16,1.529720732822093e-16,1.532868456212767e-16,1.5360190313644605e-16,1.5391724562244224e-16,1.542328728604324e-16,1.5454878463710188e-16,1.5486498073934278e-16,1.5518146095289484e-16,1.5549822506584298e-16,1.5581527286491054e-16,1.56132604136573e-16,1.5645021866807408e-16,1.5676811624024758e-16,1.570862886312559e-16,1.5740475162794798e-16,1.5772348906401768e-16,1.5804251665653399e-16,1.5836182627307755e-16,1.5868141766793765e-16,1.5900129063347558e-16,1.5932144495273025e-16,1.5964188041478481e-16,1.5996259680882304e-16,1.6028359391921e-16,1.606048715358511e-16,1.609264294540908e-16,1.6124823431939778e-16,1.6157031159137551e-16,1.6189266695067993e-16,1.6221533685928875e-16,1.6253829299616532e-16,1.6286149533138025e-16,1.6318500932475662e-16,1.635088019537168e-16,1.6383287300531683e-16,1.6415722226428555e-16,1.6448184951999384e-16,1.6480674702532186e-16,1.651319296049804e-16,1.6545738959152758e-16,1.6578312673335394e-16,1.6610914083394673e-16,1.6643542550585605e-16,1.6676198516511922e-16,1.6708882114259798e-16,1.6741590753334763e-16,1.6774330346638157e-16,1.6807093477718872e-16,1.6839884109231402e-16,1.6872705510602465e-16,1.6905555232935986e-16,1.693842849295231e-16,1.697132915915157e-16,1.7004257577605447e-16,1.7037213126991985e-16,1.7070199420183212e-16,1.710320609440097e-16,1.71362399319066e-16,1.7169308357430236e-16,1.720240470985721e-16,1.7235528368822925e-16,1.726867508908036e-16,1.7301853315672053e-16,1.7335057898224067e-16,1.7368283034547123e-16,1.7401542936308694e-16,1.7434829979181837e-16,1.7468136630662644e-16,1.750147800932596e-16,1.7534846467072163e-16,1.756824202283158e-16,1.760166465785152e-16,1.7635114351808326e-16,1.7668587584186663e-16,1.7702091355320464e-16,1.7735622103337882e-16,1.7769179828807156e-16,1.7802764511968722e-16,1.7836376132681737e-16,1.7870014670664727e-16,1.7903680104774028e-16,1.793737241686583e-16,1.7971091585095996e-16,1.8004837590858744e-16,1.803861041302387e-16,1.8072402732114972e-16,1.810622167514629e-16,1.8140067368319995e-16,1.8173947282860017e-16,1.8207853869500267e-16,1.8241787152253357e-16,1.827574711112724e-16,1.8309733726117398e-16,1.8343746977403944e-16,1.8377786844434895e-16,1.8411853307483164e-16,1.8445946347586814e-16,1.8480065944105576e-16,1.8514212077149756e-16,1.85483847259486e-16,1.8582576764768209e-16,1.8616802423334544e-16,1.8651054497985979e-16,1.8685325950930125e-16,1.8719630914994552e-16,1.875396223757737e-16,1.8788319937142081e-16,1.882270399444983e-16,1.8857114389602034e-16,1.8891551103980273e-16,1.8926013479117744e-16,1.89605027667498e-16,1.8995018313521654e-16,1.902955947213967e-16,1.9064127478408913e-16,1.909872104510511e-16,1.9133340784091994e-16,1.9167987331502756e-16,1.9202660024339865e-16,1.9237358838479576e-16,1.9272083755110211e-16,1.9306834751005768e-16,1.9341611814320645e-16,1.9376414921378719e-16,1.9411244052557236e-16,1.9446099188306815e-16,1.9480980309205294e-16,1.951588739587649e-16,1.9550820428774313e-16,1.9585779388520227e-16,1.9620761107546413e-16,1.9655771058195696e-16,1.9690807674429187e-16,1.9725870143773732e-16,1.976095784183414e-16,1.9796071945945075e-16,1.9831211845031268e-16,1.9866376919466947e-16,1.990156772361197e-16,1.9936784876152808e-16,1.9972027746438253e-16,2.0007296311603403e-16,2.0042590551989933e-16,2.0077903864147168e-16,2.0113249433016846e-16,2.0148619995847374e-16,2.0184015865209545e-16,2.021943818343052e-16,2.0254885356506267e-16,2.0290358173149195e-16,2.0325856258944074e-16,2.0361379972197916e-16,2.0396929297393658e-16,2.043250408997464e-16,2.0468104922995694e-16,2.0503730491064673e-16,2.0539382157181516e-16,2.0575059215339218e-16,2.061076095864217e-16,2.0646488732490482e-16,2.0682241274838968e-16,2.071801921680845e-16,2.0753822344360587e-16,2.0789651326453073e-16,2.0825504885960067e-16,2.0861383888414932e-16,2.089728858022022e-16,2.0933218474371802e-16,2.096917354841469e-16,2.1005153783240454e-16,2.104115860088437e-16,2.1077188633265628e-16,2.1113244231719842e-16,2.114932491913334e-16,2.1185430673984253e-16,2.1221561477279872e-16,2.1257717309606356e-16,2.1293898152747108e-16,2.1330103986989558e-16,2.136633479219104e-16,2.1402590549228914e-16,2.1438871245885723e-16,2.1475176859211402e-16,2.1511507369757478e-16,2.1547862760629228e-16,2.1584243012225555e-16,2.162064810561174e-16,2.1657077490577283e-16,2.1693532208051326e-16,2.173001106893386e-16,2.176651479000554e-16,2.1803040778339465e-16,2.1839594065053738e-16,2.1876171867906076e-16,2.1912772248014419e-16,2.1949399613072286e-16,2.198605209620458e-16,2.2022729221249597e-16,2.2059430964755432e-16,2.2096156685180977e-16,2.2132907609256977e-16,2.2169683101865395e-16,2.2206482625698647e-16,2.224330718743283e-16,2.228015564221035e-16,2.231702920302876e-16,2.2353926613446867e-16,2.2390848462136363e-16,2.2427792447247264e-16,2.246476381177578e-16,2.250175955378367e-16,2.253877917274041e-16,2.2575823653376773e-16,2.261289248117243e-16,2.264998563517014e-16,2.2687103098494987e-16,2.272424485143081e-16,2.2761410875840735e-16,2.279860115352459e-16,2.283581566640911e-16,2.28730543957919e-16,2.2910317323116814e-16,2.2947604432368855e-16,2.2984915704098953e-16,2.302225112029161e-16,2.3059610662843847e-16,2.3096994313069646e-16,2.3134402054091127e-16,2.3171833867277456e-16,2.320928924875239e-16,2.324676914746938e-16,2.328427306816499e-16,2.3321800989309084e-16,2.335935289116654e-16,2.3396928758512875e-16,2.343452857205461e-16,2.347215231384796e-16,2.3509799965823383e-16,2.3547471510272596e-16,2.3585166929213876e-16,2.362288620486362e-16,2.366062931895436e-16,2.369839625386008e-16,2.373618699182989e-16,2.3774001514959755e-16,2.3811839805356337e-16,2.38497018452797e-16,2.38875876169773e-16,2.392549710261535e-16,2.396343028429107e-16,2.40013871444347e-16,2.40393676652759e-16,2.407737182904625e-16,2.4115399617977856e-16,2.415345101447958e-16,2.419152599953335e-16,2.422962409496533e-16,2.426774572541471e-16,2.4305891364260724e-16,2.434406053237789e-16,2.438225320071385e-16,2.4420469354470994e-16,2.445870646961878e-16,2.449696955772176e-16,2.4535253564786875e-16,2.4573563494909207e-16,2.4611896802565483e-16,2.4650253042997786e-16,2.468863308496574e-16,2.4727036474683995e-16,2.4765462745234377e-16,2.4803912765164815e-16,2.4842386080282517e-16,2.488088020860186e-16,2.4919400072850327e-16,2.4957943156061113e-16,2.4996509460101485e-16,2.5035098531011935e-16,2.5073711221005026e-16,2.511234665145196e-16,2.5151005662305125e-16,2.518968781176504e-16,2.522839307720695e-16,2.5267121444028213e-16,2.5305872893404726e-16,2.5344647408033915e-16,2.5383444970627825e-16,2.542226513599341e-16,2.546110873807153e-16,2.5499972948097967e-16,2.553886254840694e-16,2.557777509092269e-16,2.561671057751242e-16,2.565566898980646e-16,2.569464989348838e-16,2.573365178011965e-16,2.577267646075657e-16,2.581172642872064e-16,2.585079921956132e-16,2.588989483434433e-16,2.592901325646211e-16,2.596814914233203e-16,2.6007313162312187e-16,2.6046499901826757e-16,2.608570937960691e-16,2.6124941579397895e-16,2.6164196484177924e-16,2.620347407699633e-16,2.6242773933422607e-16,2.628209684459973e-16,2.6321442398986764e-16,2.636081016588083e-16,2.640020093911464e-16,2.6439614302784233e-16,2.64790502358749e-16,2.6518508719490363e-16,2.6557989740452267e-16,2.65974928789671e-16,2.6637018913923343e-16,2.667656702979658e-16,2.6716137601902856e-16,2.6755731041964525e-16,2.6795346920577993e-16,2.68349852170648e-16,2.6874645914149113e-16,2.6914328993473884e-16,2.6954034441763963e-16,2.699376224049039e-16,2.7033512372869455e-16,2.707328482210925e-16,2.7113079571582415e-16,2.7152896604588814e-16,2.719273590446299e-16,2.72325974544447e-16,2.7272481235612143e-16,2.7312387235826076e-16,2.735231543621808e-16,2.7392260803653664e-16,2.743223338807168e-16,2.7472228087213714e-16,2.751224491922828e-16,2.75522838682907e-16,2.759234491779342e-16,2.7632427670551406e-16,2.7672532859615276e-16,2.771266011096861e-16,2.77528093969636e-16,2.779298070085208e-16,2.783317400611183e-16,2.7873389296148534e-16,2.791362655459009e-16,2.795388576497062e-16,2.799416201344144e-16,2.803446511165486e-16,2.8074785213911366e-16,2.8115132098381925e-16,2.815550081760919e-16,2.819589102579737e-16,2.8236303428358124e-16,2.827673280881248e-16,2.831718855593258e-16,2.835766637084542e-16,2.8398165961307825e-16,2.84386873073332e-16,2.8479230392425057e-16,2.851979483756228e-16,2.85603809651663e-16,2.8600988788496773e-16,2.8641618360159675e-16,2.8682269891455895e-16,2.872294306678385e-16,2.8763637502846993e-16,2.8804353909664836e-16,2.884509191354387e-16,2.888584921537389e-16,2.8926630052313616e-16,2.8967432730817683e-16,2.900825666297497e-16,2.9049102383633326e-16,2.9089969602322493e-16,2.9130858303067945e-16,2.9171768116768523e-16,2.9212699724477073e-16,2.925365276811761e-16,2.929462722764504e-16,2.933562308665127e-16,2.9376635677870553e-16,2.941767401839409e-16,2.945873361433157e-16,2.9499814544048183e-16,2.9540916793558163e-16,2.958204070595654e-16,2.96231855668414e-16,2.9664352038350727e-16,2.970553976982715e-16,2.9746748741438536e-16,2.9787978936653257e-16,2.9829230339807396e-16,2.987050293506764e-16,2.9911796706538003e-16,2.995311163826531e-16,2.999444771452948e-16,3.0035804919345956e-16,3.0077183234949995e-16,3.0118582649535594e-16,3.016000314360114e-16,3.0201444371847883e-16,3.0242906625645814e-16,3.028439026540667e-16,3.032589492478168e-16,3.0367420258789276e-16,3.0408966905093884e-16,3.045053452645598e-16,3.049212310182349e-16,3.0533732284140336e-16,3.057536237803768e-16,3.0617013721430207e-16,3.065868563455894e-16,3.0700378746629796e-16,3.074209246359659e-16,3.078382701265937e-16,3.0825582661058774e-16,3.086735700565701e-16,3.0909153996023503e-16,3.0950969944153187e-16,3.099280660185397e-16,3.1034666186958133e-16,3.1076546488558805e-16,3.111844719107216e-16,3.1160368913711313e-16,3.1202311330268034e-16,3.1244274419276027e-16,3.128625816671797e-16,3.132826224410406e-16,3.137028693205563e-16,3.141233256071607e-16,3.145439879100566e-16,3.149648152162402e-16,3.153858473329189e-16,3.1580711169220976e-16,3.1622859622472013e-16,3.166502860097278e-16,3.170721777444929e-16,3.174942774258657e-16,3.17916581886737e-16,3.183390909351954e-16,3.1876180441568693e-16,3.1918472217392423e-16,3.196078282180299e-16,3.2003115400800227e-16,3.2045466911105164e-16,3.2087840235755725e-16,3.213023391754815e-16,3.2172647937995286e-16,3.221507828943701e-16,3.2257532762254477e-16,3.2300005530683727e-16,3.2342499384197647e-16,3.2385014845477413e-16,3.2427550557162916e-16,3.247010650110872e-16,3.2512681239645584e-16,3.2555277591119926e-16,3.259789383299623e-16,3.26405305391043e-16,3.26831834866167e-16,3.272586051713221e-16,3.2768557348626064e-16,3.281127426983614e-16,3.285401159349759e-16,3.2896769000164736e-16,3.293954647094884e-16,3.2982343696661414e-16,3.302515969863108e-16,3.3067997261089593e-16,3.3110854541743806e-16,3.315373209986915e-16,3.3196629635893447e-16,3.323954712838019e-16,3.3282484277536193e-16,3.3325441338221513e-16,3.336841831356133e-16,3.3411415188333536e-16,3.3454431947397164e-16,3.349746887530985e-16,3.354052537339047e-16,3.3583598437543736e-16,3.3626694914848865e-16,3.3669811173915344e-16,3.371294722714635e-16,3.375610306023625e-16,3.3799278658479305e-16,3.38424740070355e-16,3.388568716734772e-16,3.392892198970903e-16,3.397217458139157e-16,3.401544880004138e-16,3.4058742677250143e-16,3.4102055935893496e-16,3.41453891167586e-16,3.4188741934086174e-16,3.4232113790170814e-16,3.4275505834056435e-16,3.431891354974609e-16,3.436234074035869e-16,3.4405789709192955e-16,3.44492560389779e-16,3.449274589757715e-16,3.4536255238956316e-16,3.4579784079806027e-16,3.4623332406307414e-16,3.4666900203685227e-16,3.4710487457672886e-16,3.4754094151284964e-16,3.479772000297141e-16,3.484136551645543e-16,3.4885030442544148e-16,3.4928714491069456e-16,3.497241817259292e-16,3.5016141204830337e-16,3.5059883567529036e-16,3.5103645265747313e-16,3.5147426275453913e-16,3.5191226324574687e-16,3.523504591748178e-16,3.5278884772477267e-16,3.532274262645091e-16,3.5366619758822495e-16,3.541051633423228e-16,3.545443211708909e-16,3.549836678134717e-16,3.5542320936890273e-16,3.558629427243692e-16,3.563028676089812e-16,3.5674294603628123e-16,3.5718325381341665e-16,3.5762375238905194e-16,3.5806444190654145e-16,3.5850532223818395e-16,3.589463932356933e-16,3.593876546885335e-16,3.598291065928945e-16,3.6027074875285375e-16,3.6071258100942624e-16,3.611546031333607e-16,3.6159681257643316e-16,3.620392115142319e-16,3.624818026854693e-16,3.6292458328406e-16,3.6336753803293054e-16,3.6381069214569196e-16,3.642540401181339e-16,3.6469757683485204e-16,3.6514130222708565e-16,3.6558521606486733e-16,3.6602931587332397e-16,3.664736064033457e-16,3.6691808508563796e-16,3.673627517417509e-16,3.6780760614357965e-16,3.6825264831855825e-16,3.6869787801992816e-16,3.691432950632619e-16,3.6958888339593034e-16,3.7003465567936915e-16,3.704806163883244e-16,3.709267818904362e-16,3.7137313391992437e-16,3.718196725350867e-16,3.7226639757791406e-16,3.727133089085755e-16,3.731603890703613e-16,3.73607672722547e-16,3.7405512478908655e-16,3.7450278003550063e-16,3.7495061773931905e-16,3.7539864380954095e-16,3.758468516573729e-16,3.762952326622717e-16,3.7674381444742457e-16,3.771925651691393e-16,3.776415041013065e-16,3.7809063993484707e-16,3.7853992524430184e-16,3.789894253923747e-16,3.7943907841224455e-16,3.7988894950474537e-16,3.8033900635625277e-16,3.8078924703598256e-16,3.8123967134902445e-16,3.816902792011451e-16,3.821410704332395e-16,3.825920448829407e-16,3.830432024369526e-16,3.8349452616256095e-16,3.839460324463722e-16,3.843977386762074e-16,3.848496272902895e-16,3.8530169831871116e-16,3.8575393492395897e-16,3.862063684495282e-16,3.866589858696071e-16,3.871117852011204e-16,3.8756476625797835e-16,3.880179265353793e-16,3.884712706048605e-16,3.889247960643127e-16,3.8937850269786037e-16,3.8983239038873786e-16,3.9028642469031326e-16,3.9074067437363314e-16,3.9119510441239213e-16,3.916497149708172e-16,3.9210450590523986e-16,3.9255947707823745e-16,3.9301462611923177e-16,3.9346995500766903e-16,3.939254660856958e-16,3.9438115690826183e-16,3.9483702728572375e-16,3.95293077100445e-16,3.9574930621445846e-16,3.9620571449665607e-16,3.966623018139849e-16,3.9711906802695263e-16,3.975760107432578e-16,3.9803313431173307e-16,3.9849043633519324e-16,3.989479168273324e-16,3.9940557554971755e-16,3.998634101380659e-16,4.003214225812384e-16,4.0077961506411486e-16,4.0123798319687293e-16,4.016965310088468e-16,4.021552563051392e-16,4.0261415890049005e-16,4.0307323866146493e-16,4.0353249545369616e-16,4.0399192913174624e-16,4.044515395659645e-16,4.0491132441010497e-16,4.053712879614383e-16,4.0583142792203907e-16,4.0629174412183563e-16,4.067522364278886e-16,4.0721290255412496e-16,4.076737443954294e-16,4.0813476410052903e-16,4.085959594778921e-16,4.090573303075198e-16,4.0951887645313316e-16,4.099805978063204e-16,4.1044249421237387e-16,4.109045655185204e-16,4.113668116094876e-16,4.1182923019132645e-16,4.12291825436666e-16,4.1275459339248667e-16,4.1321753730383276e-16,4.136806554088685e-16,4.1414394750148137e-16,4.1460741139681724e-16,4.150710509879546e-16,4.155348622537236e-16,4.159988490474708e-16,4.164630091564763e-16,4.1692734050760762e-16,4.173918469767961e-16,4.178565264509342e-16,4.18321378742538e-16,4.187864037633343e-16,4.192516013622575e-16,4.197169693514878e-16,4.2018250951801323e-16,4.206482240305663e-16,4.211141106451215e-16,4.215801671648937e-16,4.2204639535557854e-16,4.225127973087151e-16,4.229793708550536e-16,4.2344611381548454e-16,4.239130279457506e-16,4.243801153411101e-16,4.248473717949371e-16,4.2531480102177083e-16,4.25782401083849e-16,4.2625017186151427e-16,4.267181131828027e-16,4.271862248719083e-16,4.276545068213034e-16,4.281229589181424e-16,4.28591580955314e-16,4.2906037294592177e-16,4.2952933468271745e-16,4.299984658800473e-16,4.3046776478618663e-16,4.309372350138279e-16,4.3140687453571213e-16,4.3187668317219457e-16,4.3234665880908147e-16,4.3281680524138324e-16,4.33287120450868e-16,4.3375760236213784e-16,4.3422825466279833e-16,4.3469907534591064e-16,4.351700642619239e-16,4.3564122128767914e-16,4.3611253168085807e-16,4.3658402469951874e-16,4.370556834026838e-16,4.375274983314453e-16,4.379994919707406e-16,4.3847165251041627e-16,4.389439827257164e-16,4.3941648011356184e-16,4.3988914446157595e-16,4.403619756673986e-16,4.4083497360082714e-16,4.413081224999399e-16,4.417814536710584e-16,4.422549366495903e-16,4.4272860041655194e-16,4.4320243012433137e-16,4.436764229481601e-16,4.441505844627954e-16,4.446248974700115e-16,4.450993904979232e-16,4.455740487943286e-16,4.460488725172084e-16,4.465238614812747e-16,4.469990155529325e-16,4.474743346375853e-16,4.479497890824246e-16,4.484254380024289e-16,4.489012513102152e-16,4.493772291080691e-16,4.498533712439729e-16,4.503296762309054e-16,4.508061467380145e-16,4.512827812522892e-16,4.517595695675767e-16,4.522365316776219e-16,4.527136574601596e-16,4.531909467708342e-16,4.536683994600802e-16,4.541460153358643e-16,4.546237944708589e-16,4.551017365974024e-16,4.555798397854163e-16,4.560581056999116e-16,4.565365342683535e-16,4.57015127060066e-16,4.574938807017579e-16,4.579727983641324e-16,4.584518781725157e-16,4.58931120101829e-16,4.594105221232838e-16,4.598900876790746e-16,4.603698149470155e-16,4.608497021117877e-16,4.613297524465135e-16,4.618099624730787e-16,4.622903070303129e-16,4.627708397394359e-16,4.63251534630387e-16,4.637323903527331e-16,4.642134050877392e-16,4.646945803004586e-16,4.651759177940754e-16,4.656574156812642e-16,4.661390738033309e-16,4.666208920393832e-16,4.671028702807756e-16,4.675850084023327e-16,4.680673063052323e-16,4.685497638234322e-16,4.690323808594415e-16,4.695151572957411e-16,4.699980806098479e-16,4.704811629015878e-16,4.70964404232309e-16,4.714478172234087e-16,4.719313754522544e-16,4.724151059265579e-16,4.728989947983104e-16,4.733830421425609e-16,4.738672461261651e-16,4.74351609966758e-16,4.748361319348099e-16,4.753208101903044e-16,4.758056479460845e-16,4.762906433745165e-16,4.767757690982497e-16,4.772610799545839e-16,4.777465479490302e-16,4.782321731524774e-16,4.787179555807235e-16,4.792038950378007e-16,4.796899897447605e-16,4.801762428644859e-16,4.806626254858483e-16,4.811491920912556e-16,4.816359149118141e-16,4.821227940414844e-16,4.826098293957169e-16,4.830970208171542e-16,4.835843682169924e-16,4.840718714635104e-16,4.845595304546634e-16,4.850473450629438e-16,4.855352882671753e-16,4.860234139300199e-16,4.86511694711109e-16,4.870001305766911e-16,4.874887215487015e-16,4.879774673895457e-16,4.884663680836689e-16,4.889554234684308e-16,4.894446334320739e-16,4.899339978513864e-16,4.904235166119961e-16,4.909131879533099e-16,4.914030150494854e-16,4.918929961804686e-16,4.92383129606812e-16,4.928734183594234e-16,4.9336386077081935e-16,4.938544553978031e-16,4.943451956394119e-16,4.948360982491556e-16,4.953271541194754e-16,4.95818363088446e-16,4.963097250203205e-16,4.968012397810972e-16,4.972929072951736e-16,4.977847274094219e-16,4.982766999652727e-16,4.987688249080385e-16,4.992611021843209e-16,4.997535300708795e-16,5.002461115268141e-16,5.007388449574807e-16,5.012317302313714e-16,5.017247412673141e-16,5.022179287478023e-16,5.027112458141184e-16,5.032047360951038e-16,5.036983786916539e-16,5.041921724528677e-16,5.046861172634295e-16,5.051802130036101e-16,5.056744490216437e-16,5.061688463654819e-16,5.066633827191051e-16,5.071580810421896e-16,5.076529296399944e-16,5.081479284639537e-16,5.08643076257505e-16,5.091383714299708e-16,5.096338203657513e-16,5.101294175272122e-16,5.106251641860379e-16,5.111210619606819e-16,5.11617107790482e-16,5.121133043691515e-16,5.126096502755949e-16,5.131061453040302e-16,5.136027878284201e-16,5.140995807179297e-16,5.145965224054007e-16,5.150936127812647e-16,5.155908517147681e-16,5.160882390947943e-16,5.165857747890344e-16,5.170834475525334e-16,5.17581279713738e-16,5.180792582935415e-16,5.185773752040029e-16,5.190756497060129e-16,5.195740729784397e-16,5.200726190250719e-16,5.205713121124795e-16,5.210701780470899e-16,5.215691910013682e-16,5.220683510648197e-16,5.225676581103899e-16,5.230670872599236e-16,5.235666881555502e-16,5.240664354973641e-16,5.245663294674434e-16,5.25066366719955e-16,5.255665535482716e-16,5.260668865836718e-16,5.265673655758344e-16,5.270679907389239e-16,5.275687618114342e-16,5.280696787053615e-16,5.285707411308817e-16,5.29071949288775e-16,5.295733015046937e-16,5.300747973696486e-16,5.305764171228529e-16,5.310781945471247e-16,5.315801159857156e-16,5.320821954757363e-16,5.325844182536892e-16,5.330867871050445e-16,5.335892991175044e-16,5.340919570504713e-16,5.345947594031591e-16,5.350977060548571e-16,5.356007968703538e-16,5.361040317384534e-16,5.366074105040219e-16,5.371109331722172e-16,5.376145996003115e-16,5.381184085918347e-16,5.386223621424475e-16,5.391264577028357e-16,5.396306979759545e-16,5.401350801052729e-16,5.406396066477451e-16,5.411442762195435e-16,5.416490873118427e-16,5.421540410810201e-16,5.426591374324607e-16,5.43164376435098e-16,5.436697593129498e-16,5.441752844886185e-16,5.446809519776239e-16,5.451867615980088e-16,5.456927122181151e-16,5.461988043652752e-16,5.467050397031339e-16,5.472114154600123e-16,5.477179327176057e-16,5.482245914780388e-16,5.487313919351372e-16,5.492383333742822e-16,5.497454173720104e-16,5.50252642483628e-16,5.507600085585905e-16,5.512675154827513e-16,5.517751561289705e-16,5.522829444071383e-16,5.527908732817504e-16,5.532989412982253e-16,5.538071509132801e-16,5.54315499401493e-16,5.548239880072939e-16,5.553326179958271e-16,5.55841386613766e-16,5.56350296266929e-16,5.56859345658561e-16,5.573685271055655e-16,5.578778556112728e-16,5.583873235631161e-16,5.588969308053631e-16,5.594066772292861e-16,5.599165611038681e-16,5.604265841706788e-16,5.609367461269842e-16,5.614470481815453e-16,5.619574876542193e-16,5.624680668836769e-16,5.629787833530122e-16,5.634896394251858e-16,5.640006338025096e-16,5.64511743701212e-16,5.650230132983921e-16,5.655344216826295e-16,5.660459679394601e-16,5.665576518214334e-16,5.670694510013334e-16,5.675814093188418e-16,5.680935059040147e-16,5.68605738528794e-16,5.691181082922149e-16,5.696306164983771e-16,5.70143261758644e-16,5.706560384057123e-16,5.71168957305516e-16,5.716820129628414e-16,5.721951805083044e-16,5.727085086983358e-16,5.732219738329826e-16,5.73735575287793e-16,5.742493129343856e-16,5.747631866695138e-16,5.752771963913139e-16,5.757913419977652e-16,5.763056233869172e-16,5.768200404570544e-16,5.773345931065318e-16,5.778492603431107e-16,5.783640840071669e-16,5.788790427862987e-16,5.793941367350928e-16,5.799093645241573e-16,5.804247284796839e-16,5.809402042016611e-16,5.814558380273267e-16,5.819716063262152e-16,5.824875079834156e-16,5.830035439676419e-16,5.835197156052357e-16,5.840360215604731e-16,5.845524616147586e-16,5.850690357997164e-16,5.85585743941465e-16,5.861025847253362e-16,5.866195592291391e-16,5.871366583067688e-16,5.876539014203513e-16,5.881712778853897e-16,5.886887877101101e-16,5.89206430790006e-16,5.897242057919265e-16,5.902421137513089e-16,5.907601546701543e-16,5.912783285255116e-16,5.91796626080533e-16,5.923150667468146e-16,5.928336302635934e-16,5.933523359447495e-16,5.938711739028118e-16,5.943901429043414e-16,5.94909235022033e-16,5.954284590161212e-16,5.959478255558551e-16,5.964673226990158e-16,5.969869526802279e-16,5.9750671442083205e-16,5.980266077434515e-16,5.985466324915217e-16,5.990667886838358e-16,5.995870761573011e-16,6.001074948137413e-16,6.006280342938165e-16,6.011487046357762e-16,6.016695058187554e-16,6.021904483322309e-16,6.027115214247603e-16,6.032327251080857e-16,6.037540592040268e-16,6.042755226507803e-16,6.047971163112246e-16,6.053188403382368e-16,6.058406854547193e-16,6.063626697069827e-16,6.068847847793144e-16,6.074070297013832e-16,6.0792940319999e-16,6.084519074183402e-16,6.089745411745989e-16,6.094973043759152e-16,6.100201969048193e-16,6.105432186651441e-16,6.11066369536747e-16,6.115896494682638e-16,6.121130583229357e-16,6.126365960417404e-16,6.131602625093074e-16,6.1368405650876985e-16,6.142079801474875e-16,6.147320322567114e-16,6.152562113721832e-16,6.157805189216509e-16,6.163049558186843e-16,6.168295197554405e-16,6.173542127071429e-16,6.178790335736082e-16,6.184039822134771e-16,6.189290574667641e-16,6.194542602195749e-16,6.199795916269716e-16,6.205050490821841e-16,6.210306351854457e-16,6.21556348553386e-16,6.220821890422538e-16,6.226081551454008e-16,6.231342484054948e-16,6.236604696430345e-16,6.241868165658903e-16,6.247132911670597e-16,6.25239892349156e-16,6.257666185457124e-16,6.262934725104812e-16,6.268204527687326e-16,6.273475591990721e-16,6.27874791703959e-16,6.284021501475104e-16,6.289296345225002e-16,6.294572446924549e-16,6.299849797559882e-16,6.305128411973252e-16,6.3104082687333e-16,6.315689392475166e-16,6.320971769856366e-16,6.326255388859591e-16,6.331540269464023e-16,6.336826400784342e-16,6.342113781588543e-16,6.347402410928714e-16,6.352692287870409e-16,6.357983411475344e-16,6.363275780689737e-16,6.36856939481391e-16,6.373864252659786e-16,6.379160353592e-16,6.384457686066353e-16,6.389756269727211e-16,6.395056083316506e-16,6.400357132376197e-16,6.405659433644058e-16,6.410962959743256e-16,6.41626772303908e-16,6.421573708337933e-16,6.426880954222107e-16,6.432189417112377e-16,6.437499115059024e-16,6.442810044868907e-16,6.4481222081978545e-16,6.453435601168764e-16,6.458750209313409e-16,6.464066071299411e-16,6.469383149981796e-16,6.474701451361929e-16,6.480020980758409e-16,6.485341745351518e-16,6.49066373378563e-16,6.495986944854852e-16,6.501311377621185e-16,6.506637023444238e-16,6.511963886219979e-16,6.517291967448908e-16,6.522621277503158e-16,6.527951791826123e-16,6.533283524663791e-16,6.538616472820434e-16,6.543950645911435e-16,6.54928603280838e-16,6.554622622274927e-16,6.559960433100415e-16,6.565299444838921e-16,6.570639676277813e-16,6.57598111682673e-16,6.581323765370172e-16,6.58666762126783e-16,6.592012683386921e-16,6.597358940931038e-16,6.602706411773288e-16,6.608055076725881e-16,6.613404944180916e-16,6.618756023589449e-16,6.624108294306646e-16,6.629461764184415e-16,6.634816433062143e-16,6.640172300055523e-16,6.645529364333998e-16,6.650887624993706e-16,6.656247091280073e-16,6.66160775240777e-16,6.666969607202761e-16,6.672332654749526e-16,6.677696893588483e-16,6.683062323801274e-16,6.688428944117569e-16,6.693796753555346e-16,6.699165738946099e-16,6.704535923806171e-16,6.709907220203854e-16,6.715279778365242e-16,6.720653520021404e-16,6.726028436470071e-16,6.731404544929177e-16,6.736781826449246e-16,6.742160298378155e-16,6.747539950911165e-16,6.752920773394275e-16,6.758302773611763e-16,6.763685961327087e-16,6.769070326010379e-16,6.774455866738428e-16,6.779842582422351e-16,6.785230472240164e-16,6.790619535407198e-16,6.796009770880166e-16,6.801401177915459e-16,6.806793755062602e-16,6.812187502505924e-16,6.817582418813141e-16,6.822978503111311e-16,6.828375754517821e-16,6.833774172162519e-16,6.839173755178503e-16,6.844574502529473e-16,6.849976413657308e-16,6.855379487525755e-16,6.860783552701027e-16,6.866188950958393e-16,6.871595507879228e-16,6.877003224022545e-16,6.882412098561527e-16,6.887822130634259e-16,6.893233319227425e-16,6.898645663766331e-16,6.904059163104636e-16,6.909473816650809e-16,6.914889623401212e-16,6.920306582482379e-16,6.925724693047416e-16,6.931143954072969e-16,6.936564365024866e-16,6.941985924851396e-16,6.9474086327110105e-16,6.952832487752946e-16,6.958257489094677e-16,6.963683635897335e-16,6.969110918568131e-16,6.97453935340251e-16,6.979968931406731e-16,6.98539965127382e-16,6.990831512487259e-16,6.996264514020411e-16,7.001698499297691e-16,7.00713361047845e-16,7.012570029360741e-16,7.018007583603731e-16,7.023446273849468e-16,7.028886099300087e-16,7.034327059100812e-16,7.039769152247212e-16,7.04521237819976e-16,7.050656735948324e-16,7.056102224665321e-16,7.06154884349909e-16,7.066996591592712e-16,7.072445468102397e-16,7.077895472178013e-16,7.08334660298777e-16,7.088798859675671e-16,7.094252241328182e-16,7.099706747142038e-16,7.105162376318673e-16,7.110619128113675e-16,7.116077001605133e-16,7.121535995782329e-16,7.12699610996312e-16,7.132457343296998e-16,7.137919695060008e-16,7.143383164307578e-16,7.148847750191493e-16,7.154313451739022e-16,7.159780268406315e-16,7.165248199203587e-16,7.170717234598402e-16,7.17618739073502e-16,7.181658658899717e-16,7.18713103788309e-16,7.192604526839832e-16,7.198079116330723e-16,7.203554822440508e-16,7.209031636295951e-16,7.214509547989732e-16,7.219988574022624e-16,7.22546870529309e-16,7.230949940775405e-16,7.236432279584366e-16,7.241915720914717e-16,7.247400263926988e-16,7.252885907781853e-16,7.258372651626386e-16,7.263860494731534e-16,7.269349436132105e-16,7.274839475181466e-16,7.280330610974279e-16,7.285822842679369e-16,7.291316169342812e-16,7.296810590361258e-16,7.302306104860893e-16,7.307802711902485e-16,7.313300252992844e-16,7.318798883690288e-16,7.324298765295947e-16,7.32979973483438e-16,7.335301792681713e-16,7.3408049384480195e-16,7.346309171153704e-16,7.351814489971525e-16,7.357320894068739e-16,7.362828382652703e-16,7.368336954897675e-16,7.373846609864766e-16,7.379357346881166e-16,7.384869165269317e-16,7.390381909871854e-16,7.395895889658764e-16,7.401410946906204e-16,7.406927082115922e-16,7.412444294499078e-16,7.417962428520514e-16,7.423481794111876e-16,7.429002233258124e-16,7.434523746335061e-16,7.440046332440454e-16,7.44556999101893e-16,7.451094721170062e-16,7.456620522083389e-16,7.462147240081138e-16,7.467675181452997e-16,7.473204189833057e-16,7.478734254841401e-16,7.484265397084926e-16,7.489797605204459e-16,7.495330878821151e-16,7.500865216906837e-16,7.506400618554007e-16,7.511937082948802e-16,7.51747460931916e-16,7.5230131967379485e-16,7.528552844647347e-16,7.534093552059753e-16,7.539635318336876e-16,7.545178142611773e-16,7.550722024085888e-16,7.556266961964003e-16,7.561812955338399e-16,7.567360003658629e-16,7.572908106034033e-16,7.578457261531551e-16,7.584007469488838e-16,7.589558729122253e-16,7.595111039738405e-16,7.600664400453796e-16,7.606218810474826e-16,7.611774120222055e-16,7.617330627807557e-16,7.622888181050258e-16,7.628446780408969e-16,7.634006425153754e-16,7.6395671144958e-16,7.645128847661065e-16,7.650691623855814e-16,7.656255442305666e-16,7.661820302221642e-16,7.667386202838943e-16,7.672953143369061e-16,7.678521123030455e-16,7.684090141057737e-16,7.689660196661779e-16,7.695231289065841e-16,7.700803417499863e-16,7.706376573864706e-16,7.711950697565021e-16,7.717525883709125e-16,7.723102147988547e-16,7.728679444781584e-16,7.734257765506563e-16,7.739837123979528e-16,7.745417512663754e-16,7.750998930433229e-16,7.756581376476271e-16,7.762164850002016e-16,7.767749350325376e-16,7.773334876646668e-16,7.778921428176779e-16,7.784509004093193e-16,7.790097603593294e-16,7.795687220696289e-16,7.801277865134642e-16,7.806869523918221e-16,7.812462210323702e-16,7.818055916846924e-16,7.823650642458877e-16,7.829246386212263e-16,7.834843084630162e-16,7.840440863650783e-16,7.846039594787406e-16,7.851639405000208e-16,7.857240219889599e-16,7.86284205019077e-16,7.868444891172059e-16,7.874048753919145e-16,7.879653628424412e-16,7.885259513550328e-16,7.890866408754322e-16,7.896474313070698e-16,7.902083225929084e-16,7.907693146487212e-16,7.913304073987202e-16,7.918916007654095e-16,7.924528946748298e-16,7.930142883492763e-16,7.935757830768692e-16,7.941373781620352e-16,7.946990734903999e-16,7.952608683060959e-16,7.958227638664112e-16,7.963847594676786e-16,7.969468550138817e-16,7.975090504279118e-16,7.980713456207623e-16,7.986337405431662e-16,7.99196235103748e-16,7.997588285402672e-16,8.003215214167026e-16,8.00884314421519e-16,8.014472068100147e-16,8.020101984692901e-16,8.025732884409869e-16,8.031364783909021e-16,8.036997674129812e-16,8.042631554114804e-16,8.048266422951518e-16,8.053902279919532e-16,8.059539124624686e-16,8.065176949093884e-16,8.070815766347972e-16,8.076455569139918e-16,8.08209635649793e-16,8.087738120895275e-16,8.093380874737987e-16,8.099024611221904e-16,8.104669322633868e-16,8.110315021410701e-16,8.115961700567442e-16,8.12160935913728e-16,8.127257996354453e-16,8.132907611540608e-16,8.138558197268221e-16,8.144209765848057e-16,8.149862310370533e-16,8.155515829855981e-16,8.16117032369892e-16,8.166825791094162e-16,8.172482222345932e-16,8.178139634383286e-16,8.183797883874004e-16,8.189457239357841e-16,8.195117493385797e-16,8.20077878740198e-16,8.206441049213779e-16,8.212104278716599e-16,8.217768475216743e-16,8.223433638043575e-16,8.229099766343362e-16,8.234766852866195e-16,8.240434903109529e-16,8.246103923481826e-16,8.251773906766256e-16,8.257444851955565e-16,8.263116751954593e-16,8.268789618657048e-16,8.274463440293673e-16,8.280138218672837e-16,8.285813957065323e-16,8.291490658569682e-16,8.297168317215117e-16,8.302846932053987e-16,8.308526495396398e-16,8.314207020054925e-16,8.319888499171378e-16,8.325570931498758e-16,8.33125431654365e-16,8.336938653496768e-16,8.342623935197344e-16,8.348310167421993e-16,8.353997355523958e-16,8.359685491904318e-16,8.365374571595843e-16,8.371064604722101e-16,8.376755585002471e-16,8.38244751137613e-16,8.38814038337471e-16,8.393834200178928e-16,8.399528961057194e-16,8.405224665307862e-16,8.410921303119735e-16,8.416618891733902e-16,8.422317421857878e-16,8.428016892538583e-16,8.433717302977536e-16,8.439418652555671e-16,8.44512094065714e-16,8.450824166495026e-16,8.456528329264176e-16,8.462233428479633e-16,8.467939463322269e-16,8.473646426409054e-16,8.4793543301496e-16,8.485063167657117e-16,8.490772937996413e-16,8.496483640458235e-16,8.502195274364862e-16,8.507907838992635e-16,8.513621333578191e-16,8.519335751491106e-16,8.525051096988907e-16,8.530767377231101e-16,8.536484578918829e-16,8.54220271307402e-16,8.547921773310726e-16,8.553641758731863e-16,8.559362668451236e-16,8.565084502108021e-16,8.570807258884885e-16,8.576530938003967e-16,8.582255538883054e-16,8.58798106063836e-16,8.59370750285036e-16,8.599434864702668e-16,8.605163145501285e-16,8.610892338407829e-16,8.616622454797483e-16,8.622353488298079e-16,8.628085438007601e-16,8.633818303227623e-16,8.639552083270686e-16,8.645286771405731e-16,8.651022378800651e-16,8.656758899085474e-16,8.662496266450624e-16,8.668234610892143e-16,8.673973857594662e-16,8.679714021947675e-16,8.685455095915044e-16,8.691197078586854e-16,8.69693996924498e-16,8.702683767202968e-16,8.708428471812196e-16,8.71417401893e-16,8.719920470241688e-16,8.725667891314666e-16,8.731416215536981e-16,8.737165443056243e-16,8.742915573156652e-16,8.7486666051492e-16,8.754418538345117e-16,8.760171372072e-16,8.765925105665262e-16,8.771679738454983e-16,8.777435269753677e-16,8.783191698888541e-16,8.788949025180904e-16,8.79470724798904e-16,8.800466366602088e-16,8.806226380375088e-16,8.811987254274587e-16,8.817749055775757e-16,8.823511745224834e-16,8.829256752663423e-16,8.835002647332509e-16,8.840749419159733e-16,8.846497076779922e-16,8.85224561475257e-16,8.857995032350976e-16,8.863745304356725e-16,8.869496480050775e-16,8.87524853310864e-16,8.88100146328336e-16,8.886755229576591e-16,8.892509907423248e-16,8.898265460347289e-16,8.904021887853223e-16,8.909779189381415e-16,8.915537344121533e-16,8.921296391574082e-16,8.927056315121845e-16,8.932817109830724e-16,8.93857877516786e-16,8.944341310481692e-16,8.950104696736057e-16,8.95586896979657e-16,8.961634106332259e-16,8.967400096519067e-16,8.973166971528237e-16,8.978934654517371e-16,8.984703260496825e-16,8.990472657330494e-16,8.996242991980257e-16,9.002014184047405e-16,9.007786171662208e-16,9.013559094539383e-16,9.019332879309806e-16,9.025107524915284e-16,9.030883030700494e-16,9.03665937774522e-16,9.042455293298718e-16,9.04823337952785e-16,9.05401225204976e-16,9.05979203353265e-16,9.065572678508072e-16,9.07135419047984e-16,9.077136557120267e-16,9.082919778127162e-16,9.088703846678407e-16,9.094488774851055e-16,9.100274475626353e-16,9.106060968484912e-16,9.11184838145471e-16,9.117636710077722e-16,9.123425893656427e-16,9.129215915631446e-16,9.135006786931206e-16,9.140798508086718e-16,9.146591080585387e-16,9.152384499555703e-16,9.15817876303728e-16,9.163973870824527e-16,9.169769812780609e-16,9.175566604239921e-16,9.181364246478576e-16,9.187162732617935e-16,9.192962060699524e-16,9.198762195040615e-16,9.204563192916093e-16,9.21036504831018e-16,9.21616774365774e-16,9.22197127813327e-16,9.22777561068721e-16,9.233580810871154e-16,9.239386854699369e-16,9.245193593412219e-16,9.251020160846733e-16,9.25682857121439e-16,9.26263796393749e-16,9.268467054925045e-16,9.274277970547213e-16,9.28008985482234e-16,9.28590249953121e-16,9.291716059101609e-16,9.29753043936359e-16,9.303345584073273e-16,9.30916161627649e-16,9.314978496322919e-16,9.320796194363238e-16,9.326614659212223e-16,9.332434022301886e-16,9.338254194285457e-16,9.34407519223584e-16,9.349896889961545e-16,9.35571948691304e-16,9.361542835857182e-16,9.367367008849545e-16,9.373192140470587e-16,9.379018088891166e-16,9.384844829495164e-16,9.390672431141422e-16,9.39650083499448e-16,9.402330058523752e-16,9.408160093689277e-16,9.413990969081323e-16,9.419822654425665e-16,9.42565516478853e-16,9.431488491598528e-16,9.437322493675103e-16,9.44315731354983e-16,9.448992947832082e-16,9.454829395817166e-16,9.460666760880185e-16,9.466504961553767e-16,9.47234384641449e-16,9.478183678172818e-16,9.484024322707286e-16,9.489865765512718e-16,9.495708022702506e-16,9.501551066893921e-16,9.507394914166112e-16,9.51323946768304e-16,9.51908495326218e-16,9.524931264649964e-16,9.530778242793908e-16,9.536626165724019e-16,9.542474894243705e-16,9.548324427474052e-16,9.554174763470527e-16,9.560025904206158e-16,9.565877851959426e-16,9.571730576103898e-16,9.577584109696046e-16,9.583438318695838e-16,9.589293470804198e-16,9.59514942316199e-16,9.601006162807094e-16,9.60686370812613e-16,9.61272205129258e-16,9.618581051850024e-16,9.624440993322925e-16,9.63030173142788e-16,9.63616326510551e-16,9.642025593651337e-16,9.647888716604943e-16,9.653752633327135e-16,9.659617319257912e-16,9.665482812369682e-16,9.671349102591908e-16,9.67721618295089e-16,9.683084019429209e-16,9.68895268070772e-16,9.694822132710527e-16,9.700692367830086e-16,9.706563392369865e-16,9.71243520992718e-16,9.718307681012346e-16,9.724180955946288e-16,9.730055011239967e-16,9.735929972964593e-16,9.741805719695367e-16,9.747682251041588e-16,9.753559565976986e-16,9.759437658287622e-16,9.765316539157083e-16,9.771196201570652e-16,9.777076649941406e-16,9.782957871975339e-16,9.788839870248063e-16,9.79472264670796e-16,9.800606205846801e-16,9.806490542894448e-16,9.812375662599818e-16,9.818261545750252e-16,9.824148070361193e-16,9.830035513817139e-16,9.835923734087049e-16,9.84181273882123e-16,9.847702517548153e-16,9.853593065523714e-16,9.859484372861377e-16,9.865376466648965e-16,9.871269336721738e-16,9.877162973404847e-16,9.88305738619627e-16,9.88895256893081e-16,9.894848521376927e-16,9.900745172300243e-16,9.906642661908698e-16,9.91254091528008e-16,9.918439922489279e-16,9.924339710033154e-16,9.930240263965313e-16,9.936141563346454e-16,9.942043652764495e-16,9.947946501827488e-16,9.95385011465914e-16,9.95975443007255e-16,9.965659573314763e-16,9.971565479210804e-16,9.97747214222415e-16,9.983379566272044e-16,9.989287750857769e-16,9.995196695268836e-16,1.0001106265551991e-15,1.000701660734817e-15,1.0012927832241473e-15,1.0018839815177549e-15,1.0024752550294335e-15,1.0030666043866464e-15,1.0036580287303658e-15,1.0042495290937929e-15,1.0048411053659527e-15,1.0054327570580122e-15,1.006024483659612e-15,1.0066162855566467e-15,1.0072081627233531e-15,1.0078001150843339e-15,1.0083921430555456e-15,1.008984245648713e-15,1.0095764237292336e-15,1.0101686767756883e-15,1.0107610043110106e-15,1.0113534071349547e-15,1.0119458847638566e-15,1.0125384371401386e-15,1.0131310642140091e-15,1.013723759070289e-15,1.014316535322197e-15,1.0149093854709993e-15,1.0155023103176307e-15,1.0160953095419646e-15,1.0166883831251116e-15,1.0172815192862577e-15,1.0178747406151155e-15,1.0184680363433226e-15,1.0190614054666443e-15,1.0196548499853745e-15,1.0202483689709716e-15,1.0208419614866726e-15,1.0214356144143064e-15,1.0220293545351656e-15,1.022623168678608e-15,1.0232170565433437e-15,1.0238110182276275e-15,1.0244050529436993e-15,1.024999161239094e-15,1.0255933421605251e-15,1.0261875978661404e-15,1.026781926978105e-15,1.0273763299305308e-15,1.0279708061815966e-15,1.02856535521625e-15,1.0291599775636052e-15,1.0297546729527375e-15,1.0303494418533951e-15,1.0309442833507951e-15,1.031539197777707e-15,1.0321341846472955e-15,1.0327292449112293e-15,1.0333243779395505e-15,1.0339195842197189e-15,1.0345148627762069e-15,1.0351102126055466e-15,1.0357056367904212e-15,1.0363011316715115e-15,1.0368967002499363e-15,1.037492341158123e-15,1.038088054293112e-15,1.0386838366242435e-15,1.0392796942838871e-15,1.0398756246617546e-15,1.0404716271514298e-15,1.041067701224923e-15,1.0416638474389074e-15,1.0422600522829073e-15,1.0428563432471432e-15,1.0434527061593557e-15,1.044049139087108e-15,1.0446456451731237e-15,1.0452422216187883e-15,1.0458388715407067e-15,1.0464355926167675e-15,1.0470323857190837e-15,1.047629249886278e-15,1.0482261819115338e-15,1.0488231882884637e-15,1.049420266095679e-15,1.0500174162403744e-15,1.0506146314325527e-15,1.0512119179629748e-15,1.0518092815908427e-15,1.0524067158766573e-15,1.0530042211944648e-15,1.0536017923216704e-15,1.0541994344568645e-15,1.0547971529564839e-15,1.0553949423102828e-15,1.0559928024263166e-15,1.0565907332495517e-15,1.0571887342333423e-15,1.057786805416959e-15,1.0583849476361151e-15,1.0589831567232299e-15,1.0595814398521255e-15,1.06017979335927e-15,1.0607782176594994e-15,1.0613767117765829e-15,1.0619752756499743e-15,1.0625739097946273e-15,1.0631726149353732e-15,1.0637713838281267e-15,1.0643702279124843e-15,1.0649691426585155e-15,1.065568127761268e-15,1.0661671827256247e-15,1.0667663056789354e-15,1.0673654894056429e-15,1.0679647536006073e-15,1.0685640870329368e-15,1.0691634900788397e-15,1.0697629435391975e-15,1.0703624855640551e-15,1.0709620966624324e-15,1.0715617715749723e-15,1.0721615197891862e-15,1.0727613393784919e-15,1.0733612278947917e-15,1.07396118457254e-15,1.0745612117054355e-15,1.0751613079071399e-15,1.0757614607936626e-15,1.0763616832767449e-15,1.076961985823356e-15,1.0775623564825068e-15,1.0781627977635815e-15,1.0787633069805306e-15,1.0793638847778593e-15,1.0799645317968594e-15,1.0805652473992441e-15,1.0811660316002926e-15,1.0817668843113453e-15,1.0823678054567955e-15,1.082968795469829e-15,1.0835698538407125e-15,1.084170979616027e-15,1.0847721741232476e-15,1.0853734363780279e-15,1.0859747677049249e-15,1.0865761626950536e-15,1.0871776292028936e-15,1.0877791636750017e-15,1.0883807666587355e-15,1.0889824379637176e-15,1.0895841771173386e-15,1.0901859836114695e-15,1.0907878578565907e-15,1.0913897884296858e-15,1.0919917979729772e-15,1.09259387561995e-15,1.0931960203383068e-15,1.0937982272119092e-15,1.0944005068178508e-15,1.0950028543135783e-15,1.0956052673485777e-15,1.0962077476579013e-15,1.096810294701269e-15,1.0974129054597626e-15,1.0980155835508994e-15,1.0986183342892716e-15,1.0992211502775717e-15,1.0998240340669772e-15,1.1004269854044103e-15,1.1010300031848384e-15,1.1016330824762685e-15,1.1022362342362103e-15,1.1028394523681773e-15,1.1034427372471347e-15,1.1040460891508019e-15,1.1046495076072478e-15,1.1052529926230471e-15,1.1058565441024637e-15,1.1064601620286603e-15,1.1070638411824287e-15,1.1076675866165114e-15,1.1082714034942567e-15,1.1088752862597342e-15,1.1094792356429025e-15,1.1100832511319143e-15,1.110687332738111e-15,1.111291480385484e-15,1.1118956935535144e-15,1.1124999731528532e-15,1.1131043190803403e-15,1.1137087308221557e-15,1.1143132083422352e-15,1.1149177511573128e-15,1.1155223579575732e-15,1.1161270307727013e-15,1.1167317591821047e-15,1.1173365648830428e-15,1.1179414356566219e-15,1.1185463718885475e-15,1.1191513724044277e-15,1.1197564393147482e-15,1.1203615720835882e-15,1.1209667696476631e-15,1.1215720328726723e-15,1.1221773607395572e-15,1.1227827524044101e-15,1.123388210914282e-15,1.123993733942047e-15,1.1245993220018904e-15,1.125204974973372e-15,1.125810692263433e-15,1.1264164749196264e-15,1.1270223218259514e-15,1.1276282339262347e-15,1.128234210637235e-15,1.128840252481868e-15,1.1294463584156345e-15,1.1300525274928332e-15,1.1306587609574542e-15,1.1312650602969801e-15,1.131871423986852e-15,1.1324778515806834e-15,1.1330843439163338e-15,1.1336909004669728e-15,1.1342975211939015e-15,1.134904206054587e-15,1.1355109539378517e-15,1.136117767343469e-15,1.1367246439450571e-15,1.1373315848023968e-15,1.1379385895878004e-15,1.1385456582405894e-15,1.1391527911718733e-15,1.1397599878464831e-15,1.1403672477637479e-15,1.1409745713285672e-15,1.1415819589780084e-15,1.1421894083223157e-15,1.142796922093761e-15,1.1434044984701766e-15,1.1440121392412705e-15,1.1446198432102682e-15,1.1452276114472629e-15,1.1458354425250106e-15,1.1464433368241806e-15,1.1470512916786614e-15,1.1476593123549394e-15,1.148267394788563e-15,1.1488755402161785e-15,1.1494837490595072e-15,1.1500920218318322e-15,1.1507003578898865e-15,1.1513087558861432e-15,1.1519172171697117e-15,1.1525257416274336e-15,1.1531343287648454e-15,1.1537429785598849e-15,1.1543516909696481e-15,1.1549604636396343e-15,1.155569300272419e-15,1.1561782002643166e-15,1.1567871593785389e-15,1.1573961832332968e-15,1.1580052694653187e-15,1.158614418864253e-15,1.1592236296082772e-15,1.1598329034385824e-15,1.160442238539062e-15,1.1610516352219808e-15,1.1616610953758562e-15,1.1622706143998904e-15,1.1628801985153924e-15,1.1634898412981238e-15,1.1640995472424925e-15,1.164709316000047e-15,1.1653191465679791e-15,1.1659290366982982e-15,1.1665389896684556e-15,1.1671490052273626e-15,1.1677590816589727e-15,1.1683692203360763e-15,1.1689794183378837e-15,1.1695896776588663e-15,1.1702000006995776e-15,1.1708103829013836e-15,1.171420828568543e-15,1.172031334138126e-15,1.172641900180114e-15,1.1732525285469815e-15,1.1738632190135743e-15,1.174473969788329e-15,1.1750847824535456e-15,1.1756956560775567e-15,1.1763065884668703e-15,1.1769175829003965e-15,1.1775286396114178e-15,1.17813975497721e-15,1.1787509324844369e-15,1.179362171979138e-15,1.17997347163526e-15,1.1805848319129174e-15,1.1811962527591692e-15,1.1818077341532085e-15,1.1824192760224593e-15,1.1830308783342877e-15,1.1836425410459915e-15,1.1842542641058742e-15,1.1848660475339253e-15,1.1854778911804501e-15,1.186089794615456e-15,1.1867017591097352e-15,1.1873137837055095e-15,1.1879258679261006e-15,1.1885380126720178e-15,1.1891502173757796e-15,1.1897624820224508e-15,1.1903748065682073e-15,1.1909871905095457e-15,1.191599634721014e-15,1.1922121386988805e-15,1.192824702395506e-15,1.1934373257654978e-15,1.1940500079095716e-15,1.194662749607224e-15,1.1952755513031493e-15,1.1958884111342651e-15,1.1965013303791683e-15,1.197114308683952e-15,1.1977273467198729e-15,1.1983404458820646e-15,1.1989536038567635e-15,1.1995668215175758e-15,1.2001800979057464e-15,1.2007934338892189e-15,1.20140682806317e-15,1.202020280390772e-15,1.2026337916926706e-15,1.2032473637979212e-15,1.2038609943778162e-15,1.2044746842435624e-15,1.2050884325051271e-15,1.2057022381733589e-15,1.2063161044280543e-15,1.2069300284656264e-15,1.2075440120979945e-15,1.2081580538491853e-15,1.208772153718848e-15,1.2093863125806853e-15,1.2100005299722158e-15,1.21061480620872e-15,1.2112291404282934e-15,1.2118435329251147e-15,1.2124579841805405e-15,1.2130724936956987e-15,1.2136870614254753e-15,1.214301686933487e-15,1.2149163709729295e-15,1.2155311127012304e-15,1.2161459119690706e-15,1.2167607697486493e-15,1.217375684874642e-15,1.21799065798855e-15,1.2186056877227265e-15,1.2192207755554105e-15,1.2198359221848298e-15,1.220451126952513e-15,1.2210663893868876e-15,1.2216817094685279e-15,1.2222970871670444e-15,1.222912522895609e-15,1.2235280145171039e-15,1.224143563034839e-15,1.2247591707380687e-15,1.2253748344278046e-15,1.2259905568502308e-15,1.2266063370528871e-15,1.2272221729485744e-15,1.2278380659473547e-15,1.2284540159951829e-15,1.2290700240535514e-15,1.2296860901735778e-15,1.2303022133044694e-15,1.2309183929394424e-15,1.231534630002662e-15,1.2321509235456225e-15,1.2327672721950836e-15,1.2333836799328556e-15,1.2340001436667861e-15,1.234616664889299e-15,1.2352332428461795e-15,1.2358498774676235e-15,1.236466568349669e-15,1.2370833156723317e-15,1.2377001200157371e-15,1.2383169790288725e-15,1.2389338963232218e-15,1.2395508678222537e-15,1.2401678974490652e-15,1.24078498384165e-15,1.2414021260527471e-15,1.2420193241341438e-15,1.2426365792691218e-15,1.2432538905362404e-15,1.2438712579109914e-15,1.2444886813657386e-15,1.2451061582060523e-15,1.245723693157756e-15,1.2463412845580508e-15,1.2469589310499347e-15,1.2475766342429255e-15,1.2481943932286445e-15,1.2488122080203183e-15,1.249430078526753e-15,1.2500480047116298e-15,1.2506659860949307e-15,1.251284023080557e-15,1.2519021152618437e-15,1.2525202638755934e-15,1.2531384678944778e-15,1.2537567269124547e-15,1.2543750413072214e-15,1.2549934106992777e-15,1.255611836264902e-15,1.2562303171103164e-15,1.2568488523869167e-15,1.2574674414143708e-15,1.25808608736285e-15,1.2587047884117422e-15,1.259323544528782e-15,1.2599423534287105e-15,1.260561219990714e-15,1.261180140695454e-15,1.2617991166966864e-15,1.2624181472097917e-15,1.2630372328332348e-15,1.2636563718926704e-15,1.264275567073956e-15,1.2648948166506296e-15,1.2655141211694133e-15,1.2661334799910552e-15,1.2667528936919158e-15,1.267372361963228e-15,1.267991884376936e-15,1.268611461169265e-15,1.2692310932165018e-15,1.2698507796622579e-15,1.2704705181726968e-15,1.271090313270658e-15,1.2717101626012354e-15,1.2723300656641855e-15,1.2729500188563433e-15,1.2735700299099057e-15,1.2741900949572172e-15,1.2748102149359806e-15,1.2754303880258752e-15,1.2760506155099053e-15,1.2766708964747367e-15,1.2772912322690825e-15,1.2779116218283674e-15,1.278532065204106e-15,1.2791525618704038e-15,1.2797731122571311e-15,1.2803937145809429e-15,1.2810143723168362e-15,1.2816350836359084e-15,1.2822558471140317e-15,1.2828766655076445e-15,1.2834975373780828e-15,1.2841184626761131e-15,1.284739441406767e-15,1.285360473472822e-15,1.2859815591088834e-15,1.2866026979528657e-15,1.2872238881091974e-15,1.2878451310215239e-15,1.2884664297269161e-15,1.2890877811143447e-15,1.289709185577661e-15,1.2903306435510547e-15,1.2909521500374674e-15,1.2915737135328946e-15,1.2921953296606555e-15,1.2928169993756512e-15,1.2934387212179588e-15,1.2940604947035402e-15,1.2946823209863575e-15,1.295304201383651e-15,1.2959261349340022e-15,1.2965481211048897e-15,1.2971701580383568e-15,1.2977922489243796e-15,1.2984143923442188e-15,1.2990365887186044e-15,1.2996588370674982e-15,1.30028113782312e-15,1.30090349094653e-15,1.3015258950360482e-15,1.302148352755521e-15,1.3027708627381795e-15,1.3033934254095888e-15,1.3040160402522098e-15,1.3046387072260531e-15,1.3052614254907892e-15,1.3058841961108486e-15,1.3065070173750148e-15,1.307129891187361e-15,1.307752817470611e-15,1.308375795908357e-15,1.3089988262869794e-15,1.3096219080901877e-15,1.3102450420414987e-15,1.3108682273510424e-15,1.3114914633457323e-15,1.3121147509969572e-15,1.3127380921340256e-15,1.3133614848625203e-15,1.3139849291348837e-15,1.3146084249792038e-15,1.3152319722183835e-15,1.315855570905126e-15,1.3164792209836604e-15,1.3171029219463882e-15,1.317726674227561e-15,1.3183504777925796e-15,1.3189743325877377e-15,1.3195982371832166e-15,1.3202221948124824e-15,1.3208462030917457e-15,1.3214702624661854e-15,1.3220943728916962e-15,1.3227185343891891e-15,1.32334274506473e-15,1.323967007881572e-15,1.3245913203673385e-15,1.3252156854685495e-15,1.3258401018308837e-15,1.3264645686404294e-15,1.3270890861997722e-15,1.3277136539601241e-15,1.3283382727708449e-15,1.328962940462346e-15,1.3295876603210567e-15,1.330212429447837e-15,1.3308372502424436e-15,1.331462120408013e-15,1.3320870426906867e-15,1.3327120152816193e-15,1.3333370379903564e-15,1.3339621110531099e-15,1.3345872345879716e-15,1.335212406803155e-15,1.3358376311577274e-15,1.3364629056006599e-15,1.337088229859992e-15,1.3377136042647025e-15,1.3383390282741928e-15,1.3389645030611489e-15,1.3395900273407571e-15,1.3402156019239011e-15,1.3408412260429537e-15,1.3414669003961981e-15,1.3420926246940107e-15,1.3427183988135827e-15,1.3433442226944815e-15,1.3439700961765657e-15,1.3445960185035939e-15,1.3452219914805926e-15,1.345848014029816e-15,1.346474086152361e-15,1.3471002073372005e-15,1.3477263778821e-15,1.3483525965846342e-15,1.3489788666303937e-15,1.3496051860612906e-15,1.3502315529550329e-15,1.3508579705715376e-15,1.3514844379481696e-15,1.3521109545646415e-15,1.3527375199123917e-15,1.3533641344276408e-15,1.3539907980435528e-15,1.3546175112539253e-15,1.3552442735190031e-15,1.3558710839958314e-15,1.3564979434512432e-15,1.3571248517368944e-15,1.3577518093508725e-15,1.3583788155771034e-15,1.3590058708663889e-15,1.3596329749914655e-15,1.360260128367781e-15,1.3608873304751045e-15,1.3615145793836053e-15,1.362141878342542e-15,1.362769224166872e-15,1.3633966199920002e-15,1.3640240647297484e-15,1.364651557951367e-15,1.3652790992661506e-15,1.365906689296437e-15,1.3665343282627791e-15,1.3671620133772387e-15,1.3677897485427044e-15,1.3684175320089496e-15,1.369045363383886e-15,1.3696732429363218e-15,1.3703011706669046e-15,1.3709291466403143e-15,1.371557171510619e-15,1.3721852439629883e-15,1.3728133646105586e-15,1.3734415332584722e-15,1.3740697497228999e-15,1.3746980142927156e-15,1.375326327047305e-15,1.3759546876446078e-15,1.3765830961474528e-15,1.3772115518506388e-15,1.377840055791431e-15,1.378468607530447e-15,1.3790972068466808e-15,1.3797258538936453e-15,1.3803545462646912e-15,1.380983287943532e-15,1.3816120771258762e-15,1.382244174295417e-15,1.38287305838138e-15,1.383505252334099e-15,1.384134232369408e-15,1.3847632596497732e-15,1.385395597580369e-15,1.3860279835462794e-15,1.3866604173708963e-15,1.387292899305098e-15,1.3879254289466183e-15,1.388558006494041e-15,1.3891906321053095e-15,1.3898233053799363e-15,1.3904560265971819e-15,1.391088795396659e-15,1.3917216120757944e-15,1.3923544756292274e-15,1.3929873876336422e-15,1.3936203472358179e-15,1.3942533542030966e-15,1.3948864087500826e-15,1.395519510955096e-15,1.3961526604284638e-15,1.396785857523736e-15,1.3974191020134116e-15,1.398052393856813e-15,1.39868573280538e-15,1.3993191192572778e-15,1.3999525529582126e-15,1.4005860331262793e-15,1.4012195610549806e-15,1.4018531361267382e-15,1.402486758275557e-15,1.4031204276921031e-15,1.4037541439598573e-15,1.40438790741561e-15,1.4050217170640532e-15,1.4056555744170599e-15,1.4062894784992607e-15,1.4069234296268747e-15,1.4075574275621782e-15,1.4081914722867388e-15,1.4088255637647914e-15,1.4094597019648927e-15,1.410093886850451e-15,1.4107281183855566e-15,1.4113623965364183e-15,1.4119967212661573e-15,1.4126310925412857e-15,1.4132655090264924e-15,1.413899973286907e-15,1.414534483987532e-15,1.4151690397826637e-15,1.4158036432551284e-15,1.4164382930663036e-15,1.4170729891799998e-15,1.4177077315597428e-15,1.4183425201680674e-15,1.4189773549730988e-15,1.4196122359401343e-15,1.4202471630350255e-15,1.4208821355774895e-15,1.4215171548261053e-15,1.4221522194237212e-15,1.4227873306807683e-15,1.4234224878928712e-15,1.4240576908638212e-15,1.4246929397249602e-15,1.4253282345939326e-15,1.4259635752810048e-15,1.426598961547734e-15,1.4272343935700949e-15,1.4278698702160261e-15,1.428505393180922e-15,1.4291409617749384e-15,1.429776576457099e-15,1.4304122367576459e-15,1.4310479427384644e-15,1.4316836942302555e-15,1.4323194911925933e-15,1.4329553335967278e-15,1.4335912214037609e-15,1.4342271544299503e-15,1.434863132807049e-15,1.4354991566283208e-15,1.436135225719344e-15,1.436771340053844e-15,1.437407498915002e-15,1.4380437036064931e-15,1.4386799534318117e-15,1.4393162483574533e-15,1.4399525870917954e-15,1.4405889708296809e-15,1.441225400848674e-15,1.4418618758327975e-15,1.442498395747307e-15,1.4431349592959426e-15,1.443771568816987e-15,1.4444082233208443e-15,1.4450449213311393e-15,1.4456816653945148e-15,1.446318454196268e-15,1.4469552876821224e-15,1.447592165827842e-15,1.4482290886013556e-15,1.4488660559691787e-15,1.4495030677520878e-15,1.4501401242196571e-15,1.4507772245393326e-15,1.4514143699517882e-15,1.452051559652739e-15,1.4526887932366519e-15,1.4533260718758126e-15,1.4539633946710577e-15,1.4546007618949238e-15,1.4552381733789458e-15,1.4558756290819153e-15,1.4565131289756837e-15,1.457150673030137e-15,1.45778826123997e-15,1.4584258933536992e-15,1.4590635690685081e-15,1.4597012894347433e-15,1.46033905380017e-15,1.460976862123567e-15,1.4616147138004597e-15,1.4622526099624506e-15,1.4628905499762063e-15,1.4635285338238747e-15,1.4641665614650414e-15,1.4648046328834675e-15,1.4654427480215476e-15,1.466080906860788e-15,1.4667191093639768e-15,1.4673573555133583e-15,1.4679956452503343e-15,1.4686339785570084e-15,1.4692723554255832e-15,1.4699107757679146e-15,1.4705492389638885e-15,1.4711877462141752e-15,1.4718262968702328e-15,1.472464890898577e-15,1.4731035282656011e-15,1.473742208796773e-15,1.4743809321254218e-15,1.4750196993135679e-15,1.4756585097107695e-15,1.4762973632975173e-15,1.4769362600196361e-15,1.477575199853208e-15,1.478214182766284e-15,1.478853208114678e-15,1.4794922769403954e-15,1.4801313889097532e-15,1.4807705438191453e-15,1.4814097416430415e-15,1.4820489822185834e-15,1.482688265783801e-15,1.4833275921694927e-15,1.483966961207831e-15,1.4846063731405741e-15,1.4852458277983221e-15,1.4858853251499262e-15,1.4865248651653453e-15,1.4871644478098646e-15,1.4878040730516533e-15,1.4884437408569573e-15,1.489083451060178e-15,1.4897232038984255e-15,1.4903629992084768e-15,1.4910028369562065e-15,1.4916427171060046e-15,1.492282639629503e-15,1.4929226044990386e-15,1.4935626116778398e-15,1.4942026611349316e-15,1.4948427526952249e-15,1.4954828866145715e-15,1.496123062596228e-15,1.4967632808502677e-15,1.4974035411149707e-15,1.4980438435768615e-15,1.498684188091632e-15,1.4993245746307236e-15,1.4999650019739961e-15,1.500605471914459e-15,1.5012459837424266e-15,1.5018865374869077e-15,1.5025271330815732e-15,1.5031677705139621e-15,1.503808450349535e-15,1.5044491713709655e-15,1.5050899341328247e-15,1.5057307391902818e-15,1.506371585942552e-15,1.5070124731645727e-15,1.5076534031989329e-15,1.5082943747855593e-15,1.5089353879307367e-15,1.509576442598747e-15,1.5102175387596809e-15,1.5108586763270395e-15,1.5114998553892108e-15,1.5121410752479658e-15,1.512782337063461e-15,1.5134236402124734e-15,1.5140649846662214e-15,1.5147063703946537e-15,1.5153477973703496e-15,1.5159892655551653e-15,1.5166307749209684e-15,1.5172723254410942e-15,1.5179139170807367e-15,1.5185555498088026e-15,1.5191972235934433e-15,1.5198389382903123e-15,1.5204806940959959e-15,1.521122490869117e-15,1.5217643285894432e-15,1.522406207198379e-15,1.5230481266841665e-15,1.5236900864127575e-15,1.5243320874215672e-15,1.5249741293434418e-15,1.5256162114236634e-15,1.5262583348261469e-15,1.5269004989395662e-15,1.5275427030845574e-15,1.5281849483211697e-15,1.5288272341498187e-15,1.5294695606800169e-15,1.53011192761476e-15,1.5307543345939219e-15,1.5313967820603688e-15,1.5320392704261506e-15,1.5326817993401091e-15,1.5333243686385176e-15,1.533966978116169e-15,1.5346096279454216e-15,1.5352523180598467e-15,1.5358950485916792e-15,1.5365378193616641e-15,1.5371806303342758e-15,1.5378234814800078e-15,1.5384663727651302e-15,1.5391093041631322e-15,1.5397522756478591e-15,1.5403952871811227e-15,1.5410383387370915e-15,1.54168143028573e-15,1.5423245616700015e-15,1.5429677329865155e-15,1.5436109443330105e-15,1.5442541955551948e-15,1.5448974866164675e-15,1.5455408173596302e-15,1.54618418788625e-15,1.5468275982971177e-15,1.5474710484300527e-15,1.5481145381313266e-15,1.548758067514654e-15,1.549401636020401e-15,1.5500452446120848e-15,1.550688892299294e-15,1.551332580149473e-15,1.5519763075280039e-15,1.552620074257133e-15,1.5532638800220788e-15,1.5539077251320475e-15,1.5545516102587346e-15,1.5551955347531549e-15,1.5558394984273048e-15,1.5564835009302484e-15,1.557127543163486e-15,1.5577716242835735e-15,1.558415744646658e-15,1.5590599047217736e-15,1.5597041033971916e-15,1.5603483411599282e-15,1.5609926180654424e-15,1.5616369346045042e-15,1.562281290187073e-15,1.5629256846399747e-15,1.5635701181277505e-15,1.5642145906632681e-15,1.5648591016322543e-15,1.565503651840425e-15,1.5661482409277722e-15,1.5667928689909974e-15,1.5674375358629232e-15,1.568082240966428e-15,1.5687269847511044e-15,1.5693717677325952e-15,1.5700165895444617e-15,1.5706614500194487e-15,1.5713063491287553e-15,1.5719512867591859e-15,1.5725962626238828e-15,1.5732412768208922e-15,1.5738863301811462e-15,1.5745314219120347e-15,1.575176552118209e-15,1.5758217208776412e-15,1.5764669278646945e-15,1.5771121733845465e-15,1.5777574572511212e-15,1.5784027788073577e-15,1.57904813914728e-15,1.5796935377672004e-15,1.580338974078261e-15,1.5809844492541088e-15,1.5816299625892464e-15,1.5822755135141035e-15,1.58292110255966e-15,1.5835667296972835e-15,1.5842123948891086e-15,1.5848580986588838e-15,1.5855038402887668e-15,1.5861496200487199e-15,1.5867954377371033e-15,1.5874412933364284e-15,1.5880871863079344e-15,1.588733117653101e-15,1.5893790867090377e-15,1.5900250936918418e-15,1.5906711379318156e-15,1.5913172204481025e-15,1.5919633406039881e-15,1.5926094985073586e-15,1.593255693939664e-15,1.5939019271354565e-15,1.594548197808086e-15,1.5951945061880393e-15,1.5958408521157754e-15,1.5964872354641673e-15,1.5971336562487322e-15,1.5977801146443966e-15,1.5984266104942388e-15,1.599073143736705e-15,1.5997197142292268e-15,1.6003663222006656e-15,1.601012967332343e-15,1.6016596494313174e-15,1.6023063691591777e-15,1.6029531261185055e-15,1.6035999198085226e-15,1.6042467506812796e-15,1.604893618705272e-15,1.6055405244702625e-15,1.6061874672146314e-15,1.6068344471473089e-15,1.6074814639856268e-15,1.6081285179824614e-15,1.608775608847496e-15,1.6094227366529164e-15,1.6100699013923594e-15,1.6107171031728788e-15,1.6113643417028553e-15,1.6120116170789637e-15,1.6126589294006657e-15,1.6133062783932912e-15,1.613953664280795e-15,1.6146010867803562e-15,1.6152485455389435e-15,1.6158960415522907e-15,1.6165435742274346e-15,1.6171911435257848e-15,1.6178387494247387e-15,1.6184863918968991e-15,1.6191340709140425e-15,1.6197817864507076e-15,1.620429538478018e-15,1.621077326823869e-15,1.6217251517518225e-15,1.6223730130884252e-15,1.623020910829103e-15,1.623668844906749e-15,1.6243168141694225e-15,1.62496481979488e-15,1.625612862644048e-15,1.626260940771889e-15,1.6269090560795996e-15,1.6275572077110399e-15,1.6282053955056893e-15,1.6288536194366699e-15,1.629501879470973e-15,1.630150175460645e-15,1.6307985075086564e-15,1.6314468757147102e-15,1.6320952797857054e-15,1.632743719834965e-15,1.6333921958491927e-15,1.6340407077576973e-15,1.6346892556986488e-15,1.63533783940076e-15,1.6359864589070869e-15,1.636635114213601e-15,1.6372838053002532e-15,1.6379325321893017e-15,1.6385812942871814e-15,1.6392300920997259e-15,1.639878926086006e-15,1.6405277952352796e-15,1.6411767000200025e-15,1.6418256408974828e-15,1.6424746174606883e-15,1.6431236295670736e-15,1.643772677189613e-15,1.6444217603044722e-15,1.6450708787577381e-15,1.6457200326541196e-15,1.6463692219367605e-15,1.647018446768129e-15,1.647667706810748e-15,1.6483170023133242e-15,1.648966333120559e-15,1.649615699069727e-15,1.6502651004079726e-15,1.6509145369705826e-15,1.6515640081766039e-15,1.652213515111176e-15,1.6528630570433496e-15,1.6535126342639502e-15,1.6541622460546743e-15,1.6548118927905466e-15,1.6554615750243003e-15,1.6561112923874131e-15,1.6567610447915574e-15,1.6574108321515159e-15,1.6580606544525649e-15,1.6587105116633878e-15,1.659360403253874e-15,1.6600103301030707e-15,1.6606602917008224e-15,1.661310288202498e-15,1.6619603194619405e-15,1.6626103856023804e-15,1.6632604858143563e-15,1.6639106206987207e-15,1.6645607907577615e-15,1.6652109956269793e-15,1.66586123456e-15,1.666511508648431e-15,1.6671618171553697e-15,1.6678121603577573e-15,1.6684625380712757e-15,1.66911295039045e-15,1.669763397070432e-15,1.670413878212629e-15,1.671064393599946e-15,1.6717149435465133e-15,1.672365527298211e-15,1.6730161454341084e-15,1.6736667978431703e-15,1.6743174849125357e-15,1.6749682063944389e-15,1.6756189621047172e-15,1.676269752029904e-15,1.6769205760094548e-15,1.6775714342697902e-15,1.6782223266686657e-15,1.6788732531667504e-15,1.6795242137451301e-15,1.6801752083853856e-15,1.6808262370554008e-15,1.68147729972918e-15,1.6821283963821359e-15,1.6827795268569354e-15,1.6834306913909165e-15,1.6840818896965763e-15,1.6847331218894e-15,1.6853843879233528e-15,1.6860356879115303e-15,1.6866870217003056e-15,1.6873383892630233e-15,1.6879897905756469e-15,1.6886412249823101e-15,1.6892926935776317e-15,1.6899441954046324e-15,1.6905957313345395e-15,1.6912473010160084e-15,1.6918989041704944e-15,1.6925505403902323e-15,1.69320221065026e-15,1.693853914571741e-15,1.6945056518539588e-15,1.6951574226167425e-15,1.6958092269776364e-15,1.69646106460854e-15,1.6971129357569325e-15,1.6977648402765406e-15,1.6984167781427975e-15,1.699068749330511e-15,1.699720753822372e-15,1.7003727915856895e-15,1.7010248625957998e-15,1.7016769668193294e-15,1.7023291041404427e-15,1.702981274607316e-15,1.703633478228439e-15,1.7042857145112807e-15,1.7049379845005876e-15,1.705590287401978e-15,1.7062426234876616e-15,1.7068949925966399e-15,1.7075473947023371e-15,1.7081998297820753e-15,1.7088522978092514e-15,1.709504798785238e-15,1.710157332494862e-15,1.7108098990923283e-15,1.7114624986665917e-15,1.712115131056786e-15,1.7127677962468028e-15,1.713420494212701e-15,1.7140732248085905e-15,1.71472598825249e-15,1.7153787842564545e-15,1.7160316130783556e-15,1.7166844745627087e-15,1.7173373686742483e-15,1.717990295389547e-15,1.7186432545500675e-15,1.719296246392063e-15,1.719949270646164e-15,1.7206023275249785e-15,1.7212554168849093e-15,1.7219085387012692e-15,1.722561692951613e-15,1.7232148796191292e-15,1.7238680986620557e-15,1.724521350064594e-15,1.7251746338031765e-15,1.7258279498535236e-15,1.7264812981996265e-15,1.7271346787996904e-15,1.7277880916384485e-15,1.7284415366916361e-15,1.7290950139350012e-15,1.729748522881837e-15,1.7304020643170814e-15,1.7310556378615065e-15,1.731709243493611e-15,1.7323628813268586e-15,1.733016550605793e-15,1.7336702525046268e-15,1.734323986401734e-15,1.734977752170547e-15,1.735631549991242e-15,1.7362853797376958e-15,1.7369392413946892e-15,1.73759313492031e-15,1.7382470602992863e-15,1.7389010175080568e-15,1.7395550052988743e-15,1.7402090260927618e-15,1.7408630786576414e-15,1.741517162820002e-15,1.7421712788212186e-15,1.742825426548247e-15,1.7434796057253688e-15,1.7441338167156475e-15,1.744788059172062e-15,1.745442333217497e-15,1.7460966388590923e-15,1.7467509760776328e-15,1.7474053447486224e-15,1.7480597449197824e-15,1.7487141767316605e-15,1.7493686398286355e-15,1.7500231343346181e-15,1.7506776603210809e-15,1.7513322177143229e-15,1.7519868065288535e-15,1.7526414264920434e-15,1.7532960778124024e-15,1.7539507605624291e-15,1.7546054744398367e-15,1.7552602196901526e-15,1.755914996144044e-15,1.7565698038000588e-15,1.7572246426129863e-15,1.7578795125699145e-15,1.7585344136474662e-15,1.7591893456386776e-15,1.7598443088978915e-15,1.7604993030675507e-15,1.7611543282029986e-15,1.7618093844407973e-15,1.7624644717996363e-15,1.7631195900722628e-15,1.7637747393784206e-15,1.7644299194970917e-15,1.7650851299073198e-15,1.7657403717797117e-15,1.766395644505218e-15,1.7670509480493872e-15,1.7677062823883266e-15,1.7683616475010528e-15,1.7690170433625928e-15,1.7696724699846618e-15,1.7703279272759926e-15,1.7709834152482257e-15,1.7716389338774004e-15,1.772294481847062e-15,1.7729500604274008e-15,1.7736056703222704e-15,1.7742613111780035e-15,1.7749169827392515e-15,1.7755726842579997e-15,1.7762284168813816e-15,1.77688417994322e-15,1.777539973491563e-15,1.7781957974204772e-15,1.7788516517654326e-15,1.7795075364827087e-15,1.7801634513846015e-15,1.7808193967997595e-15,1.7814753725281662e-15,1.78213137837357e-15,1.78278741400206e-15,1.783443480533709e-15,1.78409957729055e-15,1.7847557042599887e-15,1.7854118614077215e-15,1.786068048711144e-15,1.786724266146879e-15,1.7873805136929854e-15,1.7880367913262455e-15,1.7886930990252406e-15,1.7893494367665012e-15,1.7900058045656177e-15,1.7906622023619495e-15,1.7913186299913406e-15,1.7919750875297453e-15,1.792631575003943e-15,1.7932880925148416e-15,1.7939446399615482e-15,1.794601217270473e-15,1.795257824419576e-15,1.7959144613354413e-15,1.7965711280563707e-15,1.797227823242367e-15,1.7978845494737725e-15,1.7985413054495785e-15,1.7991980911174705e-15,1.7998549064836002e-15,1.800511751498285e-15,1.8011686259816627e-15,1.8018255302672814e-15,1.8024824640353904e-15,1.803139427475146e-15,1.803796420476653e-15,1.8044534430052896e-15,1.805110495042791e-15,1.8057675766057128e-15,1.8064246875897355e-15,1.8070818279971408e-15,1.807738997689042e-15,1.8083961969126787e-15,1.8090534255098817e-15,1.809710683458067e-15,1.8103679707494923e-15,1.811025287348477e-15,1.8116826332318198e-15,1.812340008362842e-15,1.8129974127518606e-15,1.813654846188096e-15,1.8143123089827103e-15,1.8149698009670697e-15,1.8156273219825332e-15,1.816284872238485e-15,1.8169424516195893e-15,1.8176000599146348e-15,1.818257697306475e-15,1.8189153638722303e-15,1.819573059461157e-15,1.8202307840667e-15,1.8208885376372683e-15,1.8215463201801286e-15,1.822204131704715e-15,1.822861971395843e-15,1.8235198405162256e-15,1.8241777386597312e-15,1.8248356655431156e-15,1.825493621266352e-15,1.8261516057365736e-15,1.826809619001444e-15,1.8274676611762844e-15,1.8281257321074044e-15,1.8287838317428957e-15,1.8294419600768095e-15,1.830100117087769e-15,1.8307583025807436e-15,1.8314165167182798e-15,1.832074759646851e-15,1.832733030971709e-15,1.833391330888423e-15,1.8340496595108305e-15,1.834708016658974e-15,1.835366402312604e-15,1.8360248156803796e-15,1.836683258096457e-15,1.8373417291541077e-15,1.8380002278112713e-15,1.8386587556677905e-15,1.8393173119040047e-15,1.8399758963325173e-15,1.840634509100565e-15,1.8412931503417537e-15,1.841951819943145e-15,1.8426105177646984e-15,1.8432692438360537e-15,1.8439279981359536e-15,1.844586780437549e-15,1.845245591132646e-15,1.845904429811524e-15,1.846563296817274e-15,1.847222191754702e-15,1.8478811150391004e-15,1.848540065546125e-15,1.8491990448967148e-15,1.849858052288186e-15,1.8505170877146685e-15,1.8511761503493547e-15,1.8518352418022267e-15,1.8524943611395244e-15,1.8531535085790106e-15,1.85381268358257e-15,1.854471886508874e-15,1.8551311173021573e-15,1.855790376101541e-15,1.8564496625468486e-15,1.857108977003637e-15,1.8577683193032474e-15,1.858427689294322e-15,1.8590870869144733e-15,1.859746512396968e-15,1.860405965564092e-15,1.861065446227172e-15,1.8617249539304897e-15,1.8623844900833547e-15,1.8630440538607583e-15,1.86370364440996e-15,1.86436326256374e-15,1.865022908299829e-15,1.8656825821582295e-15,1.866342283735114e-15,1.86700201282837e-15,1.867661769188232e-15,1.8683215524479317e-15,1.8689813639140328e-15,1.869641201112158e-15,1.870301067379852e-15,1.8709609607993005e-15,1.8716208818016736e-15,1.872280830136276e-15,1.8729408058485184e-15,1.873600808788051e-15,1.8742608390008497e-15,1.874920896234507e-15,1.875580980692936e-15,1.8762410926010642e-15,1.8769012316982755e-15,1.87756139796474e-15,1.8782215913809985e-15,1.8788818119045934e-15,1.8795420250730913e-15,1.8802022998139105e-15,1.880862601469529e-15,1.8815228958257213e-15,1.8821832514714196e-15,1.8828435998273383e-15,1.8835039751526154e-15,1.8841643774384553e-15,1.884824840986074e-15,1.8854853314525204e-15,1.8861458144652332e-15,1.8868063587365614e-15,1.8874668954663147e-15,1.8881274934503082e-15,1.8887881167197318e-15,1.8894487338794856e-15,1.8901094122934864e-15,1.890770117452085e-15,1.8914308493657463e-15,1.8920915734634812e-15,1.8927523587972287e-15,1.893413136261716e-15,1.8940739748836364e-15,1.89473480561515e-15,1.895395662963526e-15,1.8960565468990273e-15,1.8967174574766563e-15,1.8973783945176253e-15,1.898039358055199e-15,1.8987003481401052e-15,1.899361364701917e-15,1.9000224077314463e-15,1.900683477209027e-15,1.901344573125139e-15,1.9020057294733966e-15,1.9026668782891614e-15,1.9033280533713806e-15,1.9039892548028847e-15,1.9046504825631327e-15,1.9053117366231885e-15,1.905973051169106e-15,1.906634357930727e-15,1.9072956908113817e-15,1.9079570840148374e-15,1.9086184693327642e-15,1.909279880839579e-15,1.9099413185182725e-15,1.910602816551003e-15,1.9112643408187676e-15,1.9119258569086275e-15,1.9125873990813047e-15,1.9132489673976203e-15,1.9139105617866554e-15,1.914572182122405e-15,1.9152338284814497e-15,1.9158955008363936e-15,1.9165571991604175e-15,1.917218923448928e-15,1.9178806736677786e-15,1.918542449786349e-15,1.9192042862422257e-15,1.919866114160761e-15,1.9205279679207564e-15,1.921189847538923e-15,1.9218517530769448e-15,1.922513684323898e-15,1.9231756413538465e-15,1.9238376241473196e-15,1.924499632679964e-15,1.9251616669428003e-15,1.9258237269994594e-15,1.926485847328956e-15,1.9271479586480077e-15,1.927810095708656e-15,1.9284722928819155e-15,1.92913448117669e-15,1.9297966950453525e-15,1.930458968990825e-15,1.9311212340057516e-15,1.931783559139304e-15,1.9324458751177355e-15,1.9331082166552e-15,1.933770583644042e-15,1.9344329761122813e-15,1.9350953940013473e-15,1.9357578373232775e-15,1.936420305988762e-15,1.937082800081441e-15,1.937745354392501e-15,1.938407899168291e-15,1.9390704692490092e-15,1.9397330994373756e-15,1.9403957201126175e-15,1.9410583660589573e-15,1.94172103727437e-15,1.9423837337152386e-15,1.943046474772301e-15,1.9437092216078554e-15,1.9443720130362977e-15,1.945034829616616e-15,1.9456976713563908e-15,1.9463605382155677e-15,1.947023430160211e-15,1.9476863471869076e-15,1.9483492892770574e-15,1.949012236962613e-15,1.9496752096683844e-15,1.950338207377562e-15,1.951001230070959e-15,1.951664312618483e-15,1.952327420176387e-15,1.952990551922338e-15,1.9536536938395432e-15,1.9543168762861114e-15,1.9549800679700353e-15,1.955643300138105e-15,1.9563065415167585e-15,1.9569698077210135e-15,1.957633098721039e-15,1.9582964145035696e-15,1.9589597706109907e-15,1.95962315148834e-15,1.9602865415122026e-15,1.9609499718368997e-15,1.9616134268713833e-15,1.962276905682187e-15,1.9629403944455442e-15,1.963603907821786e-15,1.9642674458360544e-15,1.9649310084248735e-15,1.965594595597717e-15,1.966258207330923e-15,1.966921843577089e-15,1.967585504369719e-15,1.9682491896727834e-15,1.9689128994620897e-15,1.969576633719355e-15,1.9702403924208668e-15,1.9709041755592095e-15,1.9715679831108416e-15,1.9722318150570474e-15,1.9728956713796966e-15,1.973559552054607e-15,1.9742234570750494e-15,1.9748873864348292e-15,1.975551340098232e-15,1.9762153180228425e-15,1.976879320214291e-15,1.9775433466781434e-15,1.9782073973484384e-15,1.978871472230825e-15,1.979535571307361e-15,1.9801996945597116e-15,1.9808638419758135e-15,1.9815280134965298e-15,1.98219220916813e-15,1.9828564093527936e-15,1.9835206532124418e-15,1.984184921144887e-15,1.9848492131767595e-15,1.9855135291833005e-15,1.9861778692229095e-15,1.986842213702709e-15,1.987506601698931e-15,1.9881710136551357e-15,1.9888354495523453e-15,1.9894999093661417e-15,1.9901643930850946e-15,1.9908289006972985e-15,1.9914934321447863e-15,1.992157987446521e-15,1.9928225666131384e-15,1.9934871695567648e-15,1.994151796330085e-15,1.9948164468893915e-15,1.9954811211558347e-15,1.9961458192145074e-15,1.996810540971376e-15,1.9974752864920384e-15,1.998140055676429e-15,1.9988048485401726e-15,1.9994696650525044e-15,2.000134505208356e-15,2.0007993689777548e-15,2.0014642716153063e-15,2.0021291825759845e-15,2.002794117104986e-15,2.0034590751402387e-15,2.0041240567429653e-15,2.004789061865875e-15,2.0054540904529295e-15,2.006119142549805e-15,2.0067842180556214e-15,2.0074493170562922e-15,2.008114439480992e-15,2.0087795853141607e-15,2.0094447545378558e-15,2.0101099470851576e-15,2.0107751630187186e-15,2.0114404023299888e-15,2.0121056649395317e-15,2.0127709508736567e-15,2.013436260063764e-15,2.0141015925286876e-15,2.0147669482365744e-15,2.015432327133371e-15,2.0160977293193544e-15,2.016763154632478e-15,2.0174286031970237e-15,2.01809407490179e-15,2.0187595697122553e-15,2.019425087683658e-15,2.02009062858449e-15,2.0207561927912538e-15,2.0214217800427276e-15,2.022087390361559e-15,2.022753023721963e-15,2.023418680129619e-15,2.024084359344009e-15,2.0247500616706098e-15,2.0254157869856982e-15,2.026081535296171e-15,2.0267473063663423e-15,2.0274131005342878e-15,2.028078917599018e-15,2.028744757512908e-15,2.02941062028789e-15,2.0300765059609327e-15,2.0307424144489494e-15,2.03140834577493e-15,2.032074299874849e-15,2.03274027673767e-15,2.033406276371942e-15,2.0340722987986504e-15,2.0347383439653962e-15,2.035404411873307e-15,2.0360705024457815e-15,2.036736615707856e-15,2.037402751576542e-15,2.0380689101504486e-15,2.0387350913543868e-15,2.0394012951635203e-15,2.0400675215777215e-15,2.040733770562515e-15,2.0414000421449266e-15,2.042066336246479e-15,2.0427326528680678e-15,2.0433989919458164e-15,2.0440653535823627e-15,2.0447317377245095e-15,2.0453981442485492e-15,2.0460645732970445e-15,2.0467310247041955e-15,2.047397498488607e-15,2.0480639946785763e-15,2.0487305132589725e-15,2.0493970541713492e-15,2.0500636174440853e-15,2.050730203051285e-15,2.0513968109681543e-15,2.0520634412604907e-15,2.052730093728702e-15,2.0533967685276495e-15,2.0540634653483912e-15,2.0547301845498978e-15,2.0553969258035254e-15,2.056063689464775e-15,2.0567304752215142e-15,2.057397283153081e-15,2.0580641132953716e-15,2.0587309655637985e-15,2.0593978398785776e-15,2.060064792051096e-15,2.060731766303644e-15,2.061398762613669e-15,2.0620657810063092e-15,2.0627328214357964e-15,2.0633998280832944e-15,2.064066912474744e-15,2.0647340188363513e-15,2.0654011471809852e-15,2.066068297476647e-15,2.0667354697582593e-15,2.06740266390572e-15,2.068069879960827e-15,2.0687371179487347e-15,2.0694043777557937e-15,2.0700716594149656e-15,2.070738962890421e-15,2.0714062882076636e-15,2.072073635325069e-15,2.0727410042103586e-15,2.0734083948673962e-15,2.0740758072770635e-15,2.0747431854390623e-15,2.075410585289918e-15,2.0760780628767114e-15,2.0767455621382537e-15,2.0774130830732453e-15,2.078080625680969e-15,2.078748189929035e-15,2.079415775783539e-15,2.0800833832457886e-15,2.0807510122996143e-15,2.0814186629286347e-15,2.0820862790252284e-15,2.08275397275651e-15,2.0834216880144635e-15,2.084089424799923e-15,2.0847571830774782e-15,2.0854249629211722e-15,2.086092764076379e-15,2.0867605868361585e-15,2.0874284309841256e-15,2.0880962964928234e-15,2.0887641834550862e-15,2.0894320917424957e-15,2.0901000213797775e-15,2.090767972366837e-15,2.0914359446614634e-15,2.0921039383724035e-15,2.0927719533128718e-15,2.093439933475893e-15,2.0941079910413954e-15,2.0947760697893134e-15,2.095444113377791e-15,2.0961122345999363e-15,2.0967803008032486e-15,2.097448464348607e-15,2.098116649121893e-15,2.098784798883344e-15,2.099452969774023e-15,2.1001211618139096e-15,2.1007894309997468e-15,2.1014576652230114e-15,2.1021259204726725e-15,2.1027941968158766e-15,2.1034624941956167e-15,2.1041308125679536e-15,2.1047991519454418e-15,2.1054675123399113e-15,2.106135893707744e-15,2.1068042960339567e-15,2.1074727193013223e-15,2.108141163497778e-15,2.1088096285672922e-15,2.1094781144337462e-15,2.1101466213120417e-15,2.11081514905597e-15,2.1114836976454603e-15,2.112152266925391e-15,2.112820857165543e-15,2.1134894680653952e-15,2.1141580998526688e-15,2.1148267524459554e-15,2.115495425795511e-15,2.116164119840074e-15,2.1168328346478087e-15,2.1175015701634787e-15,2.1181703263709474e-15,2.1188391032543326e-15,2.119507900797564e-15,2.1201767189859125e-15,2.120845557803816e-15,2.121514417235702e-15,2.122183297266322e-15,2.1228521978526044e-15,2.123521119037072e-15,2.1241900605427216e-15,2.1248590228141096e-15,2.1255280055629252e-15,2.1261970088242212e-15,2.1268660325785683e-15,2.127535076809495e-15,2.1282041415332563e-15,2.1288732267033337e-15,2.1295423322999514e-15,2.130211458269569e-15,2.1308806046428033e-15,2.1315497714376897e-15,2.132218958600322e-15,2.13288816611547e-15,2.13355739372963e-15,2.1342266419040434e-15,2.134895910384707e-15,2.1355651989215e-15,2.1362345079677196e-15,2.136903837155244e-15,2.1375731866773226e-15,2.1382425564596776e-15,2.1389119464604587e-15,2.1395813566589493e-15,2.1402507870448346e-15,2.1409202376004374e-15,2.1415897083084754e-15,2.1422591991558817e-15,2.142928710096188e-15,2.143598241147585e-15,2.1442677920911334e-15,2.144937363344921e-15,2.1456069546628893e-15,2.146276566030199e-15,2.1469461974314506e-15,2.147615848851342e-15,2.148285520275355e-15,2.148955211687337e-15,2.149624923073578e-15,2.1502946544188576e-15,2.150964405707144e-15,2.151634176924836e-15,2.152303968056196e-15,2.1529737789714947e-15,2.1536436098859135e-15,2.154313460668664e-15,2.1549833313063607e-15,2.1556532217832233e-15,2.1563231320842247e-15,2.156993062194661e-15,2.1576630120986547e-15,2.1583329817832977e-15,2.159002971232517e-15,2.1596729804309887e-15,2.160343009365407e-15,2.16101305801999e-15,2.161683126380031e-15,2.162353214430851e-15,2.1630233221566195e-15,2.1636934495442743e-15,2.164363596469695e-15,2.165033763024201e-15,2.1657039493129086e-15,2.166374155162441e-15,2.1670443806408637e-15,2.167714625660067e-15,2.1683848902336987e-15,2.1690551743518315e-15,2.1697254779958786e-15,2.170395801183633e-15,2.171066143883239e-15,2.1717365060555948e-15,2.172406887697369e-15,2.1730772887951064e-15,2.1737477093336976e-15,2.1744181492985783e-15,2.1750886086750236e-15,2.175759087448427e-15,2.1764295856043777e-15,2.1771001031042755e-15,2.1777706399569366e-15,2.1784411961728505e-15,2.1791117717123154e-15,2.1797823665624807e-15,2.1804529807103744e-15,2.1811236141036406e-15,2.181794266771623e-15,2.1824649386820235e-15,2.183135629863644e-15,2.1838063402672994e-15,2.1844770698792275e-15,2.185147818652917e-15,2.1858185866025705e-15,2.1864893737235586e-15,2.187160180028756e-15,2.187831005470635e-15,2.1885018500343707e-15,2.189172713678028e-15,2.189843596412555e-15,2.1905144982189423e-15,2.1911854190928956e-15,2.1918563747813683e-15,2.1925273337747147e-15,2.193198311789711e-15,2.193869308811418e-15,2.1945403247364774e-15,2.1952113597309347e-15,2.19588241358628e-15,2.1965534864953347e-15,2.1972245783415053e-15,2.1978956890829654e-15,2.1985668187372636e-15,2.1992379673092714e-15,2.1999091347408703e-15,2.200580321054879e-15,2.201251526189595e-15,2.2019227501940917e-15,2.2025939930191882e-15,2.2032652546525885e-15,2.2039365350805643e-15,2.204607834288977e-15,2.205279152263741e-15,2.2059504889906254e-15,2.2066218444579745e-15,2.2072932186464368e-15,2.2079646115454397e-15,2.2086360231218435e-15,2.209307453398742e-15,2.2099789023433786e-15,2.2106503699417892e-15,2.211321856090142e-15,2.2119933609244997e-15,2.2126648843746706e-15,2.2133364264482923e-15,2.2140079871060648e-15,2.2146795663027935e-15,2.215351164000316e-15,2.2160227802961395e-15,2.2166944151236194e-15,2.2173660684768243e-15,2.2180377403119133e-15,2.2187094306362915e-15,2.219381139463252e-15,2.2200528667249743e-15,2.2207246124326584e-15,2.2213963765710437e-15,2.2220681591564057e-15,2.2227399601409212e-15,2.2234117795123444e-15,2.224083617233988e-15,2.2247554733418182e-15,2.2254273477986892e-15,2.226099240568567e-15,2.226771151642618e-15,2.2274430810372775e-15,2.228115028719572e-15,2.2287869946860576e-15,2.2294589789421095e-15,2.230130981427814e-15,2.230803002172844e-15,2.2314750411424846e-15,2.232147098323456e-15,2.232819173675013e-15,2.2334912672101955e-15,2.2341633789153437e-15,2.2348355088025055e-15,2.2355076568312632e-15,2.2361798229895833e-15,2.2368520072623388e-15,2.237524209640174e-15,2.2381964301025225e-15,2.2388686686392594e-15,2.2395409252376293e-15,2.240213199883213e-15,2.2408854925626013e-15,2.241557803236109e-15,2.2422301319136307e-15,2.242902478612061e-15,2.243574843289958e-15,2.2442472259340762e-15,2.24491962653074e-15,2.2455920450665206e-15,2.2462644815279403e-15,2.24693693590145e-15,2.24760940815282e-15,2.24828189829418e-15,2.248954406323462e-15,2.249626932212229e-15,2.2502994759460477e-15,2.2509720375113592e-15,2.2516446168948806e-15,2.252317214083306e-15,2.252989828964514e-15,2.253662461725259e-15,2.2543351122471286e-15,2.255007780521403e-15,2.255680466508799e-15,2.2563531702455833e-15,2.257025891693988e-15,2.2576986308176297e-15,2.258371387648951e-15,2.2590441621519086e-15,2.2597169542184673e-15,2.260389764000896e-15,2.2610625914417597e-15,2.2617354364729425e-15,2.2624082991150956e-15,2.2630811793448154e-15,2.2637540771557875e-15,2.2644269925319127e-15,2.2650999254635647e-15,2.265772875929772e-15,2.2664458439220578e-15,2.267118829422579e-15,2.2677918324509405e-15,2.268464852966952e-15,2.2691378909592328e-15,2.2698109464118886e-15,2.2704840193081826e-15,2.2711571096395266e-15,2.271830217391821e-15,2.2725033425523507e-15,2.273176484947003e-15,2.2738496448658796e-15,2.2745228221477468e-15,2.2751960167832937e-15,2.27586922876437e-15,2.2765424579264314e-15,2.277215704557271e-15,2.2778889683585274e-15,2.2785622496040396e-15,2.2792355479542324e-15,2.279908863721288e-15,2.2805821967363717e-15,2.2812555469945906e-15,2.2819289144771353e-15,2.282602299115117e-15,2.283275700864573e-15,2.2839491198931836e-15,2.284622556086816e-15,2.285296009529236e-15,2.2859694800980842e-15,2.2866429678008075e-15,2.287316472647153e-15,2.287989994603435e-15,2.288663533656528e-15,2.2893370897936687e-15,2.290010663002239e-15,2.2906842532692273e-15,2.2913578605809655e-15,2.2920314849252207e-15,2.2927051262897645e-15,2.2933787846615795e-15,2.2940524600278892e-15,2.2947261523759205e-15,2.295399861692625e-15,2.2960735879658377e-15,2.2967473311834497e-15,2.297421091311321e-15,2.29809486837678e-15,2.2987686623475955e-15,2.299442473190534e-15,2.3001163009339327e-15,2.300790145545298e-15,2.301464007011532e-15,2.3021378853198543e-15,2.3028117804602302e-15,2.3034856924141746e-15,2.3041596211724856e-15,2.304833566722168e-15,2.3055075290314842e-15,2.3061815081054153e-15,2.306855503934708e-15,2.3075295165047403e-15,2.3082035458025272e-15,2.308877591815396e-15,2.309551654532266e-15,2.3102257338811287e-15,2.310899829906261e-15,2.311573942652732e-15,2.3122480720804577e-15,2.3129222181257364e-15,2.313596380739152e-15,2.314270560028326e-15,2.314944755920838e-15,2.315618968404136e-15,2.3162931973294943e-15,2.3169674429801693e-15,2.317641705103012e-15,2.3183159838478613e-15,2.318990278956814e-15,2.31966459058339e-15,2.3203389188551754e-15,2.3210132635524813e-15,2.3216876247965994e-15,2.3223620025057103e-15,2.3230363965281193e-15,2.3237108070749403e-15,2.324385234127907e-15,2.325059677598086e-15,2.3257341536437427e-15,2.3264086100050204e-15,2.3270831188185776e-15,2.3277576278347226e-15,2.3284321531907296e-15,2.3291066948861065e-15,2.3297812529320717e-15,2.330455827296819e-15,2.3311304178935276e-15,2.3318050248581597e-15,2.3324796481057017e-15,2.333154287623204e-15,2.3338289433973235e-15,2.3345036154011524e-15,2.3351783036370094e-15,2.3358530081191447e-15,2.3365277288016644e-15,2.3372024656704838e-15,2.3378772187348925e-15,2.3385519879747512e-15,2.339226773371824e-15,2.339901574835224e-15,2.3405763925162936e-15,2.3412512263038294e-15,2.3419260762231893e-15,2.342600942238389e-15,2.3432758243448945e-15,2.3439507225268643e-15,2.3446256367692505e-15,2.345300567061947e-15,2.3459755133935908e-15,2.346650475753597e-15,2.347325454128819e-15,2.3480004484377073e-15,2.3486754587245434e-15,2.3493504850730806e-15,2.3500255273099154e-15,2.3507005855633563e-15,2.3513756597618093e-15,2.3520507499094e-15,2.352725855831555e-15,2.3534009777942465e-15,2.354076115577869e-15,2.3547512692504954e-15,2.35542643885763e-15,2.3561016243185116e-15,2.356776825654215e-15,2.357452042818076e-15,2.358127275808849e-15,2.3588025244721727e-15,2.359477788982421e-15,2.3601530693726944e-15,2.3608283654549416e-15,2.3615036773831523e-15,2.3621790050631407e-15,2.3628543484849016e-15,2.3635297076186017e-15,2.3642050824665723e-15,2.3648804730426296e-15,2.3655558792880263e-15,2.3662313012363576e-15,2.366906738833472e-15,2.3675821921100042e-15,2.368257661009273e-15,2.36893314556691e-15,2.3696086457464964e-15,2.3702841613961355e-15,2.370959692766441e-15,2.3716352397446316e-15,2.372310802228152e-15,2.3729863802716224e-15,2.3736619738109772e-15,2.3743375830232655e-15,2.3750132076267653e-15,2.3756888478859766e-15,2.376364503651895e-15,2.3770401749124148e-15,2.3777158616547358e-15,2.3783915637900164e-15,2.3790672814664e-15,2.379743014590967e-15,2.3804187631486188e-15,2.3810945271159547e-15,2.3817703065103152e-15,2.382446101239717e-15,2.3831219113487005e-15,2.38379773690045e-15,2.3844735777641327e-15,2.3851494340516644e-15,2.385825305682005e-15,2.386501192630109e-15,2.3871770949171444e-15,2.3878530125137666e-15,2.3885289453898613e-15,2.3892048935660916e-15,2.389880857017161e-15,2.3905568357314375e-15,2.391232829698611e-15,2.3919088387695616e-15,2.39258486320615e-15,2.3932609028600207e-15,2.3939369577199208e-15,2.3946130277774715e-15,2.3952891130007473e-15,2.39596521341004e-15,2.396641328918577e-15,2.3973174596376724e-15,2.3979936054942244e-15,2.3986697664759513e-15,2.3993459425576493e-15,2.4000221337415266e-15,2.4006983400377794e-15,2.4013745613431124e-15,2.402050797789988e-15,2.4027270492917264e-15,2.4034033158408012e-15,2.4040795973555007e-15,2.4047558939501744e-15,2.405432205572111e-15,2.406108532179731e-15,2.406784873779854e-15,2.4074612303764547e-15,2.408137601938099e-15,2.408813988456259e-15,2.4094903898602367e-15,2.410166806258435e-15,2.4108432375797382e-15,2.411519683812869e-15,2.4121961449324462e-15,2.4128726209587074e-15,2.4135491118592352e-15,2.414225617635989e-15,2.4149021382596303e-15,2.4155786736691013e-15,2.416255223971279e-15,2.416931789095779e-15,2.4176083690187215e-15,2.418284963746735e-15,2.418961573140135e-15,2.4196381974475036e-15,2.4203148365109613e-15,2.4209914903381492e-15,2.4216681589098413e-15,2.4223448422182313e-15,2.4230215402465027e-15,2.423698252985297e-15,2.424374980424545e-15,2.4250517225542854e-15,2.425728479361455e-15,2.4264052508361125e-15,2.4270820369681074e-15,2.427758837745373e-15,2.4284356531035347e-15,2.4291124830118726e-15,2.429789327658622e-15,2.4304661869067053e-15,2.4311430607462555e-15,2.4318199491653695e-15,2.4324968520968153e-15,2.4331737696421638e-15,2.433850701716915e-15,2.434527648352794e-15,2.4352046094936134e-15,2.4358815851600056e-15,2.436558575315219e-15,2.4372355799245436e-15,2.4379125990705204e-15,2.438589632683755e-15,2.439266680755698e-15,2.439943743275848e-15,2.4406208202340677e-15,2.4412979116201957e-15,2.4419750174225623e-15,2.4426521376300516e-15,2.443329272223886e-15,2.4440064212096613e-15,2.444683584567234e-15,2.4453607622727262e-15,2.446037954344725e-15,2.4467151607571536e-15,2.447392381498381e-15,2.4480696165595347e-15,2.4487468659241825e-15,2.449424129589902e-15,2.4501013874160662e-15,2.4507786796441955e-15,2.4514559861276587e-15,2.4521333068768327e-15,2.452810641869877e-15,2.453487991095746e-15,2.454165354536276e-15,2.4548427321955405e-15,2.4555201240559604e-15,2.4561975301067637e-15,2.4568749503385818e-15,2.457552384739496e-15,2.458229833284337e-15,2.458907295934183e-15,2.459584772722763e-15,2.460262263692897e-15,2.4609397687800386e-15,2.461617287958784e-15,2.462294821246083e-15,2.4629723686028723e-15,2.4636499300469563e-15,2.4643275055583345e-15,2.46500509512223e-15,2.4656826987239557e-15,2.4663603163570802e-15,2.4670379479989884e-15,2.467715593650277e-15,2.4683932533143846e-15,2.4690709269718635e-15,2.4697486146040997e-15,2.4704263162047035e-15,2.4711040317642376e-15,2.471781741342726e-15,2.4724594646764093e-15,2.473137222032926e-15,2.4738149932577014e-15,2.4744927784515414e-15,2.475170577537021e-15,2.475848390507273e-15,2.4765262173517193e-15,2.4772040580588328e-15,2.4778819126203167e-15,2.4785597810248382e-15,2.4792376632699926e-15,2.479915559327977e-15,2.48059346919873e-15,2.4812713928699023e-15,2.481949330333132e-15,2.4826272815759685e-15,2.483305246590259e-15,2.4839832253634116e-15,2.4846612178862194e-15,2.48533922415238e-15,2.4860172441445176e-15,2.486695277858599e-15,2.4873733252768095e-15,2.4880513863768013e-15,2.4887294611191737e-15,2.4894075496007007e-15,2.4900856517505504e-15,2.4907637675573498e-15,2.4914418970097842e-15,2.492120040099936e-15,2.492798196816164e-15,2.4934763670698834e-15,2.494154550997235e-15,2.4948327485295738e-15,2.495510959637242e-15,2.49618918433013e-15,2.4968674225759184e-15,2.4975456743781758e-15,2.4982239397395894e-15,2.4989022186183815e-15,2.4995805110213913e-15,2.500258816838081e-15,2.500937136259237e-15,2.501615485255859e-15,2.5022938316674918e-15,2.5029721915414308e-15,2.5036505648803147e-15,2.5043289516819907e-15,2.5050073519269262e-15,2.5056857656049327e-15,2.506364192691097e-15,2.5070426332049487e-15,2.507721087121765e-15,2.50839955443129e-15,2.509078035019709e-15,2.5097565451941898e-15,2.510435052589077e-15,2.5111135733581655e-15,2.5117921074811373e-15,2.512470654905547e-15,2.513149215684478e-15,2.5138277897750083e-15,2.5145063771449635e-15,2.5151849937755083e-15,2.5158636076949827e-15,2.5165422348933697e-15,2.517220891320443e-15,2.517899561155343e-15,2.5185782442070567e-15,2.5192569243826027e-15,2.5199356177881284e-15,2.520614340243597e-15,2.5212930600472313e-15,2.5219717930641313e-15,2.522650539248784e-15,2.5233293145047843e-15,2.524008087064406e-15,2.5246868885426017e-15,2.5253656873494138e-15,2.5260444993322086e-15,2.5267233244370444e-15,2.5274021626532753e-15,2.528080993909703e-15,2.5287598741219096e-15,2.529438751615013e-15,2.5301176578787812e-15,2.5307965614620482e-15,2.531475478104586e-15,2.5321544235229778e-15,2.532833366240776e-15,2.5335123376825495e-15,2.53419130642697e-15,2.5348702881894523e-15,2.5355492829225333e-15,2.536228290699314e-15,2.5369072914305067e-15,2.5375863251458692e-15,2.5382653717778773e-15,2.538944431393407e-15,2.5396235203341968e-15,2.54030262223681e-15,2.540981720632276e-15,2.5416608319336647e-15,2.542339936274408e-15,2.543019073324678e-15,2.54369822328711e-15,2.544377386117328e-15,2.5450565617687084e-15,2.5457357659188677e-15,2.5464149672538137e-15,2.547094181424099e-15,2.5477734084200814e-15,2.5484526482254654e-15,2.549131900833636e-15,2.5498111662599182e-15,2.5504904444315512e-15,2.551169735384019e-15,2.5518490390972276e-15,2.5525283356332107e-15,2.5532076648628127e-15,2.553886986824526e-15,2.554566321510047e-15,2.555245668913583e-15,2.555925063640997e-15,2.5566044564480936e-15,2.557283861940115e-15,2.557963296378922e-15,2.5586427426733794e-15,2.5593221861591597e-15,2.560001658596023e-15,2.560681143713108e-15,2.5613606414390335e-15,2.5620401155501683e-15,2.562719622185379e-15,2.5633991214969984e-15,2.5640786533225286e-15,2.5647582138472086e-15,2.5654377509631133e-15,2.5661173005296444e-15,2.5667968626724438e-15,2.5674764373650073e-15,2.5681560245983513e-15,2.5688356243423158e-15,2.5695152718136394e-15,2.570194896590579e-15,2.5708745338953075e-15,2.5715541836706706e-15,2.5722338819085035e-15,2.5729135566684877e-15,2.573593243897024e-15,2.5742729435569294e-15,2.5749526558097985e-15,2.5756323804914347e-15,2.5763121176199576e-15,2.576991867046794e-15,2.5776716288552205e-15,2.5783514388788337e-15,2.5790312616561683e-15,2.579711060678532e-15,2.5803909081761934e-15,2.581070731907028e-15,2.5817505679924647e-15,2.5824304164252626e-15,2.5831102771962186e-15,2.5837901864863537e-15,2.584470071943244e-15,2.585150005584243e-15,2.585829915652331e-15,2.586509837977524e-15,2.58718977258562e-15,2.5878697555583455e-15,2.588549750952255e-15,2.5892297223564314e-15,2.589909740747927e-15,2.5905897726419e-15,2.591269816907074e-15,2.591949873112246e-15,2.59262994151157e-15,2.5933100209507497e-15,2.5939901140064085e-15,2.594670217874907e-15,2.595350335179986e-15,2.5960304642604717e-15,2.5967106058869146e-15,2.5973907594502733e-15,2.598070925313151e-15,2.5987511032821273e-15,2.599431293348166e-15,2.6001114953337226e-15,2.600791709433976e-15,2.601471935728799e-15,2.6021521740306602e-15,2.6028324242598513e-15,2.603512686653338e-15,2.6041929604964563e-15,2.604873247007898e-15,2.605553545274289e-15,2.6062338555598556e-15,2.606914178081686e-15,2.6075945124388745e-15,2.6082748587855975e-15,2.6089552164956225e-15,2.60963558686379e-15,2.610315968532874e-15,2.6109963621968884e-15,2.6116767684505025e-15,2.6123571865709607e-15,2.613037616610464e-15,2.613718058557006e-15,2.6143985124017717e-15,2.6150789781887817e-15,2.6157594558057345e-15,2.6164399453462993e-15,2.617120446748586e-15,2.6178009599565388e-15,2.6184814849332403e-15,2.61916202167832e-15,2.619842570302111e-15,2.6205231306938573e-15,2.621203702898639e-15,2.62188428690924e-15,2.6225648822867023e-15,2.623245490063426e-15,2.6239261095639934e-15,2.6246067408779174e-15,2.6252873839500697e-15,2.6259680387236604e-15,2.6266487052831e-15,2.6273293835263804e-15,2.6280100733574763e-15,2.6286907750363448e-15,2.6293714879162094e-15,2.630052213046471e-15,2.630732949861054e-15,2.6314136983535885e-15,2.6320944583663287e-15,2.632775229646078e-15,2.6334560131256428e-15,2.634136808245117e-15,2.6348176149994724e-15,2.635498433380224e-15,2.6361792633795443e-15,2.636860104986384e-15,2.6375409576819887e-15,2.6382218224845787e-15,2.6389026988666422e-15,2.63958358629035e-15,2.6402644858134414e-15,2.640945396892003e-15,2.641626319351858e-15,2.642307253231492e-15,2.642988198931034e-15,2.643669156110535e-15,2.6443501245302862e-15,2.6450311047296322e-15,2.645712096465026e-15,2.646393099688554e-15,2.6470741139276914e-15,2.6477551399372867e-15,2.6484361774152574e-15,2.6491172264628917e-15,2.6497982868367787e-15,2.6504793588064248e-15,2.651160442046661e-15,2.65184153670552e-15,2.6525226429341664e-15,2.653203760564998e-15,2.6538848893302977e-15,2.6545660297388243e-15,2.65524718137459e-15,2.65592834452769e-15,2.6566095190025265e-15,2.6572907048685846e-15,2.6579719020769967e-15,2.6586531103632276e-15,2.659334330190421e-15,2.6600155612244164e-15,2.660696803679036e-15,2.661378057474347e-15,2.6620593225620264e-15,2.6627405988949552e-15,2.6634218865415717e-15,2.664103185453587e-15,2.6647844956244515e-15,2.6654658155742886e-15,2.666147148239812e-15,2.666828492135192e-15,2.6675098467922343e-15,2.668191213123423e-15,2.6688725905147967e-15,2.6695539792554256e-15,2.670235379188611e-15,2.6709167903048224e-15,2.6715982125578888e-15,2.672279646013442e-15,2.6729610904943454e-15,2.6736425460338816e-15,2.674324012899563e-15,2.675005490794146e-15,2.675686979953667e-15,2.6763684802292158e-15,2.677049991612015e-15,2.677731513986012e-15,2.678413047523312e-15,2.6790945921786692e-15,2.679776147907783e-15,2.6804577145923843e-15,2.681139292408882e-15,2.681820881204968e-15,2.6825024810150463e-15,2.6831840919547315e-15,2.683865713921051e-15,2.6845473469032436e-15,2.685228990826586e-15,2.6859106457506207e-15,2.6865923116703752e-15,2.687273988668179e-15,2.687955676524058e-15,2.6886373753312024e-15,2.689319085107763e-15,2.6900008059564814e-15,2.690682537749176e-15,2.6913642804762677e-15,2.6920460341284408e-15,2.692727797454045e-15,2.6934095729034674e-15,2.69409135928558e-15,2.6947731565287856e-15,2.6954549646553525e-15,2.696136783691515e-15,2.696818613564501e-15,2.697500454330245e-15,2.698182305258577e-15,2.698864167352831e-15,2.6995460406195246e-15,2.7002279247135525e-15,2.7009098196276127e-15,2.7015917253534833e-15,2.7022736418835925e-15,2.7029555692085186e-15,2.703637507260571e-15,2.7043194561506813e-15,2.705001415846987e-15,2.705683386274195e-15,2.706365367398872e-15,2.707047359271715e-15,2.7077293619420943e-15,2.708411375226142e-15,2.7090933992499733e-15,2.709775433998095e-15,2.7104574794540735e-15,2.711139535637466e-15,2.7118216019652995e-15,2.7125036794956417e-15,2.7131857678204556e-15,2.713867866693768e-15,2.71454997625862e-15,2.715232096527911e-15,2.715914226790317e-15,2.716596368372047e-15,2.7172785204750963e-15,2.7179606832989236e-15,2.7186428567354362e-15,2.7193250407743727e-15,2.7200072354089572e-15,2.7206894406301833e-15,2.721371656405003e-15,2.7220538825730412e-15,2.7227361191492203e-15,2.7234183666130493e-15,2.7241006245701467e-15,2.7247828931474623e-15,2.7254651722576294e-15,2.7261474618104133e-15,2.7268297619599078e-15,2.7275120726192683e-15,2.728194393752136e-15,2.7288767253768882e-15,2.7295590674866255e-15,2.7302414199714007e-15,2.7309237829339618e-15,2.731606156356769e-15,2.7322885402381574e-15,2.7329709346498942e-15,2.7336533394989845e-15,2.7343357547804404e-15,2.7350181804823426e-15,2.735700616625979e-15,2.7363830628403646e-15,2.7370655197630606e-15,2.7377479870730077e-15,2.7384304647702286e-15,2.739112952759274e-15,2.739795451194524e-15,2.7404779600175102e-15,2.741160479191781e-15,2.7418430086213984e-15,2.7425255484489914e-15,2.743208098558002e-15,2.743890659061707e-15,2.744573229879498e-15,2.7452558109747882e-15,2.7459384023946308e-15,2.7466210040784147e-15,2.7473036159955934e-15,2.747986238187981e-15,2.748668870719688e-15,2.749351513483877e-15,2.750034166456071e-15,2.7507168297139042e-15,2.751399503159357e-15,2.752082186908278e-15,2.7527648808529295e-15,2.753447585009009e-15,2.754130299398299e-15,2.7548130239843528e-15,2.7554957587334644e-15,2.756178503504994e-15,2.7568612585366194e-15,2.7575440233028276e-15,2.7582267987649022e-15,2.758909584305644e-15,2.7595923794985376e-15,2.7602751852898634e-15,2.76095800071545e-15,2.7616408262949612e-15,2.7623236620008514e-15,2.7630065082674975e-15,2.76368936465902e-15,2.764372231184882e-15,2.7650551072535146e-15,2.7657379938886995e-15,2.7664208906425453e-15,2.7671037973800206e-15,2.767786714169821e-15,2.768469640990413e-15,2.7691525779663252e-15,2.7698355249514563e-15,2.7705184817951253e-15,2.771201448840638e-15,2.7718844257923555e-15,2.7725674127475687e-15,2.7732504097709753e-15,2.7739334167798823e-15,2.774616433791794e-15,2.7752994606842982e-15,2.7759824975352397e-15,2.7766655443353325e-15,2.7773486010829466e-15,2.7780316678479658e-15,2.7787147445466433e-15,2.7793978310927926e-15,2.780080927564635e-15,2.7807640340182885e-15,2.78144715029983e-15,2.7821302765543428e-15,2.7828134126179293e-15,2.78349655864029e-15,2.7841797145390164e-15,2.7848628803026914e-15,2.7855460558393275e-15,2.7862292413365048e-15,2.7869124365813124e-15,2.787595641735773e-15,2.788278856650693e-15,2.788962081481483e-15,2.789645316064866e-15,2.7903285605166427e-15,2.7910118147696728e-15,2.7916950787253638e-15,2.7923783524667354e-15,2.793061636051271e-15,2.7937449294307483e-15,2.794428232573007e-15,2.795111545391646e-15,2.7957948679589505e-15,2.7964782003463923e-15,2.7971615424464004e-15,2.7978448942731467e-15,2.7985282558416105e-15,2.7992116271222288e-15,2.799895008037431e-15,2.800578398663495e-15,2.801261798979683e-15,2.801945208978061e-15
20,2.3953618106557543e-23,5.287377343033248e-23,8.469395146710961e-23,1.1847035247194946e-22,1.5357945099806398e-22,1.8959703050575966e-22,2.2623393284493217e-22,2.6329303632962125e-22,3.0063996035902896e-22,3.38183095762189e-22,3.7585999125968394e-22,4.1362807292286886e-22,4.514583174968576e-22,4.893309394144963e-22,5.272324505722246e-22,5.651536559373064e-22,6.030882871246697e-22,6.410320708867316e-22,6.789820940896146e-22,7.169363708083726e-22,7.548935472096191e-22,7.928527003658109e-22,8.308132011040651e-22,8.68774620508249e-22,9.067366661801099e-22,9.446991387875862e-22,9.826619024431654e-22,1.020624864510391e-21,1.058587961837668e-21,1.0965511513736525e-21,1.1345144037696296e-21,1.1724776990181603e-21,1.2104410234798885e-21,1.2484043678566705e-21,1.2863677258098285e-21,1.3243310930181963e-21,1.362294466535973e-21,1.4002578443549642e-21,1.438221225106154e-21,1.4761846078562662e-21,1.5141479919690718e-21,1.552111377010845e-21,1.590074762685908e-21,1.6280381487926941e-21,1.666001535193792e-21,1.703964921795528e-21,1.74192830853404e-21,1.7798916953657963e-21,1.8178550822611163e-21,1.8558184691997697e-21,1.893781856167964e-21,1.931745243156297e-21,1.969708630158357e-21,2.007672017169777e-21,2.0456354041875757e-21,2.0835987912097234e-21,2.1215621782348367e-21,2.15952556526197e-21,2.1974889522904816e-21,2.2354523393199325e-21,2.2734157263500246e-21,2.311379113380553e-21,2.3493425004113792e-21,2.3873058874424095e-21,2.4252692744735783e-21,2.4632326615048407e-21,2.5011960485361667e-21,2.5391594355675363e-21,2.577122822598936e-21,2.6150862096303568e-21,2.653049596661791e-21,2.6910129836932348e-21,2.728976370724685e-21,2.766939757756139e-21,2.8049031447875957e-21,2.842866531819056e-21,2.8808299188505166e-21,2.918793305881978e-21,2.9567566929134405e-21,2.9947200799449027e-21,3.0326834669763637e-21,3.070646854007825e-21,3.1086102410392872e-21,3.146573628070749e-21,3.1845370151022104e-21,3.2225004021336733e-21,3.2604637891651366e-21,3.2984271761966e-21,3.3363905632280624e-21,3.3743539502595264e-21,3.41231733729099e-21,3.450280724322452e-21,3.488244111353915e-21,3.5262074983853765e-21,3.56417088541684e-21,3.602134272448302e-21,3.640097659479766e-21,3.678061046511229e-21,3.716024433542692e-21,3.7539878205741554e-21,3.791951207605619e-21,3.829914594637082e-21,3.867877981668545e-21,3.905841368700009e-21,3.9438047557314726e-21,3.981768142762936e-21,4.019731529794401e-21,4.057694916825867e-21,4.095658303857332e-21,4.133621690888797e-21,4.1715850779202635e-21,4.209548464951728e-21,4.2475118519831946e-21,4.28547523901466e-21,4.323438626046126e-21,4.361402013077591e-21,4.3993654001090575e-21,4.437328787140523e-21,4.475292174171988e-21,4.513255561203453e-21,4.551218948234919e-21,4.589182335266385e-21,4.6271457222978515e-21,4.665109109329318e-21,4.703072496360782e-21,4.741035883392246e-21,4.778999270423711e-21,4.816962657455177e-21,4.854926044486642e-21,4.892889431518107e-21,4.9308528185495705e-21,4.968816205581036e-21,5.006779592612503e-21,5.044742979643968e-21,5.082706366675433e-21,5.120669753706901e-21,5.1586331407383644e-21,5.1965965277698315e-21,5.234559914801297e-21,5.272523301832764e-21,5.3104866888642296e-21,5.348450075895694e-21,5.386413462927158e-21,5.424376849958621e-21,5.462340236990083e-21,5.500303624021547e-21,5.5382670110530115e-21,5.5762303980844755e-21,5.6141937851159396e-21,5.652157172147403e-21,5.690120559178867e-21,5.728083946210331e-21,5.766047333241794e-21,5.804010720273259e-21,5.841974107304722e-21,5.879937494336185e-21,5.917900881367648e-21,5.955864268399111e-21,5.993827655430573e-21,6.0317910424620394e-21,6.069754429493502e-21,6.107717816524965e-21,6.1456812035564285e-21,6.18364459058789e-21,6.221607977619355e-21,6.259571364650818e-21,6.297534751682282e-21,6.335498138713745e-21,6.373461525745208e-21,6.411424912776672e-21,6.4493882998081354e-21,6.4873516868396e-21,6.525315073871064e-21,6.563278460902529e-21,6.601241847933992e-21,6.639205234965456e-21,6.677168621996921e-21,6.715132009028385e-21,6.7530953960598484e-21,6.791058783091312e-21,6.829022170122776e-21,6.866985557154241e-21,6.904948944185705e-21,6.942912331217166e-21,6.98087571824863e-21,7.018839105280096e-21,7.056802492311558e-21,7.094765879343022e-21,7.132729266374485e-21,7.170692653405949e-21,7.208656040437412e-21,7.246619427468876e-21,7.284582814500338e-21,7.3225462015318e-21,7.360509588563262e-21,7.398472975594727e-21,7.436436362626191e-21,7.474399749657652e-21,7.512363136689116e-21,7.550326523720579e-21,7.588289910752041e-21,7.626253297783504e-21,7.664216684814965e-21,7.702180071846427e-21,7.74014345887789e-21,7.778106845909354e-21,7.816070232940816e-21,7.85403361997228e-21,7.891997007003746e-21,7.929960394035207e-21,7.967923781066671e-21,8.005887168098132e-21,8.043850555129598e-21,8.08181394216106e-21,8.119777329192523e-21,8.157740716223984e-21,8.195704103255446e-21,8.233667490286909e-21,8.271630877318371e-21,8.309594264349832e-21,8.347557651381293e-21,8.385521038412757e-21,8.42348442544422e-21,8.461447812475682e-21,8.499411199507146e-21,8.537374586538609e-21,8.575337973570073e-21,8.613301360601534e-21,8.651264747632995e-21,8.689228134664453e-21,8.727191521695914e-21,8.765154908727374e-21,8.803118295758835e-21,8.841081682790296e-21,8.879045069821754e-21,8.917008456853215e-21,8.954971843884673e-21,8.99293523091613e-21,9.030898617947589e-21,9.068862004979045e-21,9.106825392010499e-21,9.144788779041957e-21,9.18275216607341e-21,9.220715553104868e-21,9.258678940136325e-21,9.29664232716778e-21,9.334605714199235e-21,9.372569101230687e-21,9.410532488262139e-21,9.44849587529359e-21,9.486459262325043e-21,9.524422649356495e-21,9.562386036387947e-21,9.600349423419399e-21,9.63831281045085e-21,9.676276197482303e-21,9.714239584513756e-21,9.752202971545208e-21,9.79016635857666e-21,9.828129745608109e-21,9.86609313263956e-21,9.90405651967101e-21,9.94201990670246e-21,9.979983293733913e-21,1.0017946680765362e-20,1.0055910067796814e-20,1.0093873454828264e-20,1.0131836841859715e-20,1.0169800228891165e-20,1.0207763615922616e-20,1.0245727002954065e-20,1.0283690389985518e-20,1.0321653777016968e-20,1.0359617164048414e-20,1.0397580551079865e-20,1.0435543938111317e-20,1.0473507325142767e-20,1.0511470712174218e-20,1.054943409920567e-20,1.058739748623712e-20,1.0625360873268571e-20,1.0663324260300024e-20,1.0701287647331473e-20,1.0739251034362924e-20,1.0777214421394376e-20,1.0815177808425825e-20,1.0853141195457275e-20,1.0891104582488724e-20,1.0929067969520175e-20,1.0967031356551627e-20,1.100499474358308e-20,1.1042958130614528e-20,1.1080921517645977e-20,1.1118884904677427e-20,1.1156848291708879e-20,1.1194811678740327e-20,1.1232775065771777e-20,1.1270738452803229e-20,1.1308701839834678e-20,1.134666522686613e-20,1.1384628613897582e-20,1.142259200092903e-20,1.1460555387960477e-20,1.1498518774991928e-20,1.1536482162023378e-20,1.1574445549054832e-20,1.1612408936086285e-20,1.1650372323117736e-20,1.1688335710149183e-20,1.1726299097180634e-20,1.1764262484212084e-20,1.1802225871243535e-20,1.1840189258274987e-20,1.1878152645306439e-20,1.1916116032337889e-20,1.195407941936934e-20,1.199204280640079e-20,1.203000619343224e-20,1.2067969580463692e-20,1.210593296749514e-20,1.214389635452659e-20,1.2181859741558044e-20,1.2219823128589491e-20,1.2257786515620942e-20,1.2295749902652392e-20,1.2333713289683841e-20,1.2371676676715293e-20,1.2409640063746744e-20,1.2447603450778194e-20,1.2485566837809643e-20,1.2523530224841095e-20,1.2561493611872547e-20,1.2599456998904e-20,1.263742038593545e-20,1.2675383772966903e-20,1.2713347159998351e-20,1.2751310547029804e-20,1.2789273934061255e-20,1.2827237321092708e-20,1.2865200708124159e-20,1.2903164095155609e-20,1.2941127482187063e-20,1.2979090869218513e-20,1.3017054256249964e-20,1.3055017643281414e-20,1.3092981030312865e-20,1.3130944417344312e-20,1.3168907804375763e-20,1.3206871191407213e-20,1.3244834578438662e-20,1.3282797965470116e-20,1.332076135250156e-20,1.335872473953301e-20,1.3396688126564461e-20,1.3434651513595912e-20,1.3472614900627362e-20,1.3510578287658811e-20,1.3548541674690262e-20,1.358650506172171e-20,1.3624468448753163e-20,1.3662431835784615e-20,1.3700395222816066e-20,1.3738358609847515e-20,1.3776321996878967e-20,1.381428538391042e-20,1.385224877094187e-20,1.3890212157973323e-20,1.3928175545004772e-20,1.396613893203622e-20,1.4004102319067673e-20,1.4042065706099125e-20,1.408002909313058e-20,1.4117992480162035e-20,1.4155955867193484e-20,1.4193919254224936e-20,1.4231882641256385e-20,1.4269846028287837e-20,1.4307809415319292e-20,1.4345772802350744e-20,1.4383736189382196e-20,1.4421699576413648e-20,1.4459662963445097e-20,1.4497626350476552e-20,1.4535589737508e-20,1.4573553124539453e-20,1.4611516511570905e-20,1.4649479898602357e-20,1.4687443285633812e-20,1.4725406672665264e-20,1.4763370059696716e-20,1.4801333446728165e-20,1.4839296833759617e-20,1.4877260220791072e-20,1.491522360782252e-20,1.4953186994853976e-20,1.4991150381885425e-20,1.5029113768916877e-20,1.5067077155948323e-20,1.5105040542979775e-20,1.5143003930011224e-20,1.518096731704268e-20,1.521893070407413e-20,1.5256894091105577e-20,1.5294857478137026e-20,1.5332820865168478e-20,1.5370784252199927e-20,1.5408747639231376e-20,1.5446711026262828e-20,1.5484674413294277e-20,1.552263780032573e-20,1.5560601187357178e-20,1.559856457438863e-20,1.5636527961420082e-20,1.5674491348451528e-20,1.571245473548298e-20,1.575041812251443e-20,1.578838150954588e-20,1.5826344896577336e-20,1.5864308283608785e-20,1.5902271670640234e-20,1.594023505767169e-20,1.5978198444703138e-20,1.601616183173459e-20,1.605412521876604e-20,1.609208860579749e-20,1.613005199282894e-20,1.616801537986039e-20,1.6205978766891838e-20,1.624394215392329e-20,1.628190554095474e-20,1.631986892798619e-20,1.635783231501764e-20,1.639579570204909e-20,1.643375908908054e-20,1.6471722476111987e-20,1.6509685863143442e-20,1.654764925017489e-20,1.658561263720634e-20,1.6623576024237792e-20,1.6661539411269244e-20,1.6699502798300693e-20,1.6737466185332145e-20,1.6775429572363594e-20,1.681339295939505e-20,1.6851356346426498e-20,1.688931973345795e-20,1.6927283120489402e-20,1.696524650752085e-20,1.70032098945523e-20,1.7041173281583752e-20,1.7079136668615204e-20,1.7117100055646653e-20,1.7155063442678105e-20,1.7193026829709554e-20,1.7230990216741006e-20,1.7268953603772455e-20,1.7306916990803907e-20,1.734488037783536e-20,1.7382843764866814e-20,1.7420807151898263e-20,1.7458770538929712e-20,1.749673392596116e-20,1.753469731299261e-20,1.757266070002406e-20,1.7610624087055513e-20,1.7648587474086962e-20,1.768655086111841e-20,1.772451424814986e-20,1.7762477635181315e-20,1.7800441022212764e-20,1.7838404409244207e-20,1.7876367796275665e-20,1.7914331183307114e-20,1.7952294570338566e-20,1.7990257957370018e-20,1.802822134440147e-20,1.8066184731432925e-20,1.810414811846437e-20,1.814211150549582e-20,1.8180074892527272e-20,1.8218038279558718e-20,1.825600166659017e-20,1.829396505362162e-20,1.8331928440653068e-20,1.836989182768452e-20,1.840785521471597e-20,1.8445818601747424e-20,1.848378198877887e-20,1.8521745375810325e-20,1.8559708762841777e-20,1.8597672149873226e-20,1.8635635536904678e-20,1.8673598923936127e-20,1.8711562310967576e-20,1.8749525697999028e-20,1.878748908503048e-20,1.882545247206193e-20,1.8863415859093375e-20,1.8901379246124824e-20,1.8939342633156276e-20,1.8977306020187728e-20,1.9015269407219174e-20,1.9053232794250623e-20,1.9091196181282075e-20,1.912915956831353e-20,1.9167122955344982e-20,1.920508634237643e-20,1.924304972940788e-20,1.928101311643933e-20,1.9318976503470772e-20,1.9356939890502224e-20,1.9394903277533673e-20,1.943286666456513e-20,1.9470830051596577e-20,1.9508793438628026e-20,1.9546756825659478e-20,1.9584720212690924e-20,1.9622683599722376e-20,1.9660646986753822e-20,1.9698610373785268e-20,1.973657376081672e-20,1.977453714784817e-20,1.9812500534879618e-20,1.9850463921911064e-20,1.9888427308942513e-20,1.992639069597396e-20,1.9964354083005408e-20,2.0002317470036857e-20,2.0040280857068303e-20,2.0078244244099752e-20,2.0116207631131198e-20,2.0154171018162644e-20,2.0192134405194093e-20,2.023009779222554e-20,2.0268061179256987e-20,2.0306024566288433e-20,2.0343987953319885e-20,2.038195134035133e-20,2.041991472738278e-20,2.045787811441423e-20,2.0495841501445675e-20,2.053380488847712e-20,2.0571768275508567e-20,2.060973166254001e-20,2.0647695049571456e-20,2.0685658436602902e-20,2.0723621823634348e-20,2.07615852106658e-20,2.0799548597697243e-20,2.0837511984728686e-20,2.0875475371760126e-20,2.0913438758791572e-20,2.0951402145823018e-20,2.098936553285446e-20,2.1027328919885907e-20,2.106529230691736e-20,2.1103255693948802e-20,2.114121908098025e-20,2.1179182468011703e-20,2.121714585504315e-20,2.12551092420746e-20,2.1293072629106047e-20,2.1331036016137493e-20,2.1368999403168936e-20,2.140696279020038e-20,2.1444926177231828e-20,2.1482889564263268e-20,2.1520852951294717e-20,2.1558816338326163e-20,2.159677972535761e-20,2.1634743112389055e-20,2.1672706499420513e-20,2.1710669886451956e-20,2.1748633273483402e-20,2.1786596660514845e-20,2.1824560047546294e-20,2.186252343457774e-20,2.1900486821609185e-20,2.193845020864063e-20,2.1976413595672074e-20,2.201437698270352e-20,2.2052340369734966e-20,2.2090303756766418e-20,2.2128267143797864e-20,2.216623053082931e-20,2.2204193917860756e-20,2.2242157304892205e-20,2.228012069192365e-20,2.2318084078955094e-20,2.2356047465986537e-20,2.2394010853017983e-20,2.2431974240049426e-20,2.2469937627080872e-20,2.2507901014112315e-20,2.2545864401143767e-20,2.2583827788175213e-20,2.2621791175206665e-20,2.2659754562238105e-20,2.2697717949269557e-20,2.2735681336301e-20,2.2773644723332446e-20,2.281160811036389e-20,2.2849571497395332e-20,2.2887534884426775e-20,2.2925498271458224e-20,2.296346165848966e-20,2.3001425045521116e-20,2.303938843255256e-20,2.3077351819584005e-20,2.3115315206615448e-20,2.315327859364689e-20,2.319124198067834e-20,2.3229205367709777e-20,2.3267168754741216e-20,2.3305132141772662e-20,2.334309552880411e-20,2.338105891583556e-20,2.3419022302867003e-20,2.3456985689898452e-20,2.3494949076929895e-20,2.353291246396134e-20,2.3570875850992796e-20,2.360883923802424e-20,2.3646802625055685e-20,2.3684766012087134e-20,2.3722729399118577e-20,2.3760692786150026e-20,2.3798656173181478e-20,2.383661956021292e-20,2.3874582947244358e-20,2.3912546334275813e-20,2.395050972130726e-20,2.3988473108338708e-20,2.402643649537015e-20,2.40643998824016e-20,2.4102363269433037e-20,2.4140326656464486e-20,2.4178290043495935e-20,2.4216253430527378e-20,2.425421681755882e-20,2.4292180204590264e-20,2.433014359162171e-20,2.436810697865316e-20,2.440607036568461e-20,2.4444033752716054e-20,2.4481997139747497e-20,2.4519960526778946e-20,2.4557923913810395e-20,2.459588730084184e-20,2.4633850687873284e-20,2.467181407490474e-20,2.4709777461936182e-20,2.4747740848967625e-20,2.4785704235999077e-20,2.4823667623030526e-20,2.4861631010061962e-20,2.4899594397093417e-20,2.493755778412486e-20,2.4975521171156303e-20,2.501348455818775e-20,2.5051447945219198e-20,2.508941133225064e-20,2.5127374719282084e-20,2.5165338106313527e-20,2.520330149334497e-20,2.524126488037642e-20,2.527922826740785e-20,2.53171916544393e-20,2.5355155041470748e-20,2.539311842850219e-20,2.5431081815533628e-20,2.546904520256507e-20,2.5507008589596514e-20,2.5544971976627957e-20,2.5582935363659406e-20,2.562089875069085e-20,2.5658862137722292e-20,2.5696825524753744e-20,2.5734788911785184e-20,2.577275229881663e-20,2.581071568584808e-20,2.5848679072879522e-20,2.5886642459910965e-20,2.5924605846942414e-20,2.596256923397386e-20,2.6000532621005303e-20,2.6038496008036752e-20,2.60764593950682e-20,2.6114422782099638e-20,2.615238616913109e-20,2.6190349556162532e-20,2.6228312943193975e-20,2.6266276330225424e-20,2.6304239717256876e-20,2.634220310428832e-20,2.6380166491319762e-20,2.6418129878351217e-20,2.645609326538266e-20,2.649405665241411e-20,2.6532020039445555e-20,2.6569983426477004e-20,2.6607946813508453e-20,2.66459102005399e-20,2.6683873587571342e-20,2.6721836974602797e-20,2.6759800361634243e-20,2.6797763748665686e-20,2.6835727135697135e-20,2.6873690522728584e-20,2.691165390976003e-20,2.694961729679148e-20,2.6987580683822928e-20,2.702554407085437e-20,2.7063507457885817e-20,2.7101470844917266e-20,2.7139434231948715e-20,2.717739761898016e-20,2.721536100601161e-20,2.725332439304306e-20,2.729128778007451e-20,2.7329251167105957e-20,2.736721455413741e-20,2.7405177941168855e-20,2.7443141328200307e-20,2.748110471523176e-20,2.7519068102263205e-20,2.755703148929465e-20,2.7594994876326097e-20,2.763295826335755e-20,2.7670921650388995e-20,2.770888503742044e-20,2.77468484244519e-20,2.778481181148334e-20,2.782277519851479e-20,2.7860738585546237e-20,2.789870197257768e-20,2.793666535960912e-20,2.797462874664057e-20,2.801259213367201e-20,2.805055552070346e-20,2.80885189077349e-20,2.8126482294766346e-20,2.816444568179779e-20,2.820240906882924e-20,2.824037245586069e-20,2.8278335842892136e-20,2.831629922992359e-20,2.8354262616955034e-20,2.839222600398648e-20,2.843018939101792e-20,2.8468152778049366e-20,2.850611616508081e-20,2.854407955211226e-20,2.8582042939143716e-20,2.8620006326175156e-20,2.865796971320661e-20,2.8695933100238054e-20,2.87338964872695e-20,2.877185987430095e-20,2.88098232613324e-20,2.8847786648363844e-20,2.8885750035395284e-20,2.892371342242673e-20,2.896167680945818e-20,2.899964019648962e-20,2.9037603583521074e-20,2.907556697055252e-20,2.911353035758396e-20,2.91514937446154e-20,2.9189457131646846e-20,2.922742051867829e-20,2.926538390570973e-20,2.930334729274118e-20,2.934131067977263e-20,2.937927406680408e-20,2.941723745383553e-20,2.9455200840866974e-20,2.9493164227898426e-20,2.953112761492987e-20,2.9569091001961324e-20,2.960705438899277e-20,2.9645017776024215e-20,2.9682981163055673e-20,2.9720944550087113e-20,2.975890793711856e-20,2.979687132415002e-20,2.983483471118146e-20,2.9872798098212903e-20,2.9910761485244355e-20,2.99487248722758e-20,2.998668825930725e-20,3.00246516463387e-20,3.0062615033370145e-20,3.0100578420401585e-20,3.013854180743304e-20,3.017650519446448e-20,3.0214468581495923e-20,3.0252431968527375e-20,3.029039535555882e-20,3.032835874259027e-20,3.0366322129621713e-20,3.040428551665316e-20,3.04422489036846e-20,3.048021229071605e-20,3.0518175677747497e-20,3.0556139064778937e-20,3.059410245181038e-20,3.0632065838841835e-20,3.0670029225873275e-20,3.070799261290472e-20,3.0745955999936167e-20,3.078391938696761e-20,3.082188277399906e-20,3.0859846161030505e-20,3.089780954806195e-20,3.0935772935093397e-20,3.097373632212485e-20,3.1011699709156295e-20,3.1049663096187735e-20,3.1087626483219187e-20,3.1125589870250627e-20,3.116355325728206e-20,3.120151664431351e-20,3.123948003134495e-20,3.12774434183764e-20,3.1315406805407844e-20,3.135337019243929e-20,3.1391333579470736e-20,3.142929696650218e-20,3.146726035353362e-20,3.150522374056507e-20,3.154318712759652e-20,3.158115051462797e-20,3.161911390165942e-20,3.1657077288690864e-20,3.1695040675722316e-20,3.173300406275376e-20,3.177096744978521e-20,3.180893083681666e-20,3.18468942238481e-20,3.1884857610879546e-20,3.192282099791099e-20,3.196078438494243e-20,3.199874777197389e-20,3.2036711159005336e-20,3.2074674546036776e-20,3.2112637933068216e-20,3.215060132009966e-20,3.218856470713112e-20,3.222652809416256e-20,3.226449148119401e-20,3.230245486822546e-20,3.23404182552569e-20,3.237838164228834e-20,3.241634502931979e-20,3.245430841635124e-20,3.249227180338269e-20,3.253023519041414e-20,3.2568198577445586e-20,3.2606161964477026e-20,3.2644125351508484e-20,3.2682088738539924e-20,3.2720052125571363e-20,3.2758015512602815e-20,3.279597889963426e-20,3.283394228666571e-20,3.2871905673697153e-20,3.2909869060728593e-20,3.294783244776004e-20,3.298579583479148e-20,3.302375922182294e-20,3.306172260885438e-20,3.309968599588583e-20,3.313764938291728e-20,3.317561276994872e-20,3.3213576156980173e-20,3.3251539544011625e-20,3.3289502931043065e-20,3.332746631807451e-20,3.336542970510595e-20,3.3403393092137403e-20,3.344135647916885e-20,3.347931986620029e-20,3.3517283253231735e-20,3.355524664026318e-20,3.3593210027294627e-20,3.363117341432607e-20,3.366913680135752e-20,3.370710018838897e-20,3.3745063575420417e-20,3.378302696245187e-20,3.3820990349483315e-20,3.3858953736514755e-20,3.38969171235462e-20,3.393488051057764e-20,3.3972843897609087e-20,3.4010807284640527e-20,3.404877067167197e-20,3.4086734058703407e-20,3.4124697445734847e-20,3.4162660832766286e-20,3.4200624219797726e-20,3.423858760682917e-20,3.427655099386062e-20,3.431451438089206e-20,3.43524777679235e-20,3.439044115495495e-20,3.4428404541986396e-20,3.446636792901784e-20,3.4504331316049294e-20,3.454229470308074e-20,3.458025809011218e-20,3.461822147714364e-20,3.465618486417508e-20,3.469414825120652e-20,3.473211163823797e-20,3.477007502526942e-20,3.4808038412300874e-20,3.4846001799332326e-20,3.4883965186363766e-20,3.492192857339521e-20,3.4959891960426664e-20,3.4997855347458104e-20,3.503581873448956e-20,3.5073782121520996e-20,3.511174550855244e-20,3.514970889558389e-20,3.5187672282615334e-20,3.522563566964678e-20,3.5263599056678226e-20,3.530156244370968e-20,3.533952583074112e-20,3.537748921777257e-20,3.5415452604804004e-20,3.5453415991835456e-20,3.549137937886691e-20,3.552934276589836e-20,3.5567306152929806e-20,3.560526953996126e-20,3.5643232926992704e-20,3.568119631402415e-20,3.57191597010556e-20,3.575712308808705e-20,3.57950864751185e-20,3.5833049862149945e-20,3.587101324918139e-20,3.5908976636212843e-20,3.594694002324429e-20,3.598490341027575e-20,3.602286679730719e-20,3.606083018433863e-20,3.6098793571370073e-20,3.6136756958401525e-20,3.617472034543297e-20,3.621268373246442e-20,3.625064711949587e-20,3.628861050652733e-20,3.6326573893558773e-20,3.6364537280590213e-20,3.640250066762166e-20,3.644046405465312e-20,3.647842744168456e-20,3.6516390828716003e-20,3.6554354215747455e-20,3.65923176027789e-20,3.6630280989810353e-20,3.66682443768418e-20,3.6706207763873245e-20,3.6744171150904703e-20,3.678213453793615e-20,3.6820097924967595e-20,3.685806131199904e-20,3.689602469903048e-20,3.6933988086061927e-20,3.6971951473093367e-20,3.700991486012481e-20,3.7047878247156265e-20,3.708584163418771e-20,3.712380502121917e-20,3.7161768408250597e-20,3.7199731795282037e-20,3.723769518231348e-20,3.727565856934493e-20,3.7313621956376375e-20,3.735158534340782e-20,3.738954873043926e-20,3.742751211747072e-20,3.746547550450216e-20,3.750343889153361e-20,3.754140227856506e-20,3.75793656655965e-20,3.761732905262795e-20,3.76552924396594e-20,3.7693255826690846e-20,3.773121921372229e-20,3.776918260075373e-20,3.7807145987785184e-20,3.7845109374816624e-20,3.7883072761848064e-20,3.7921036148879516e-20,1.367609262252344e-12,2.7936658249477767e-12,4.222209400090211e-12,5.650847998703823e-12,7.079479375016824e-12,8.508099158507053e-12,9.936707202652696e-12,1.1365303498290862e-11,1.2793887930373486e-11,1.422246061195133e-11,1.565102154634504e-11,1.707957061522056e-11,1.85081079341312e-11,1.9936633505686672e-11,2.136514721168439e-11,2.27936491268207e-11,2.4222139297803724e-11,2.5650617718873203e-11,2.7079084274995716e-11,2.8507539080930758e-11,2.993598212676716e-11,3.136441332101404e-11,3.279283272470237e-11,3.422124037546266e-11,3.5649636206439554e-11,3.707802029049054e-11,3.8506392547326906e-11,3.993475301553389e-11,4.136310173786129e-11,4.279143871460447e-11,4.421976382550972e-11,4.564807718538615e-11,4.707637872097602e-11,4.8504668508649864e-11,4.993294647082163e-11,5.136121269043628e-11,5.278946707939487e-11,5.4217709680152435e-11,5.564594054310167e-11,5.7074159572536e-11,5.850236681393838e-11,5.993056230843385e-11,6.135874597881417e-11,6.278691790758074e-11,6.421507800543639e-11,6.56432263556007e-11,6.707136288112938e-11,6.849948765545382e-11,6.99276006858246e-11,7.135570185490289e-11,7.278379127387493e-11,7.421186886935319e-11,7.563993467735642e-11,7.70679887377059e-11,7.849603105671631e-11,7.992406151071504e-11,8.135208021468409e-11,8.2780087095632e-11,8.420808222672775e-11,8.56360655365225e-11,8.706403711917038e-11,8.849199693944748e-11,8.991994489459041e-11,9.134788109455909e-11,9.277580555639998e-11,9.420371815552942e-11,9.563161901431252e-11,9.705950812163272e-11,9.84873853651169e-11,9.9915250876951e-11,1.0134310462513004e-10,1.0277094651341206e-10,1.041987766134753e-10,1.0562659496787615e-10,1.0705440158361708e-10,1.0848219633234586e-10,1.0990997933298806e-10,1.1133775058086808e-10,1.127655099753239e-10,1.141932576382281e-10,1.1562099353103519e-10,1.1704871757166426e-10,1.184764299059031e-10,1.1990413037579556e-10,1.2133181909299687e-10,1.227594959940624e-10,1.2418716110915129e-10,1.2561481443985432e-10,1.2704245603430605e-10,1.2847008587324407e-10,1.298977038547051e-10,1.313253100778153e-10,1.3275290456442168e-10,1.3418048719369072e-10,1.3560805807240954e-10,1.370356171320289e-10,1.3846316444130763e-10,1.3989069993320453e-10,1.4131822365473804e-10,1.4274573565262728e-10,1.4417323579495016e-10,1.456007241502878e-10,1.470282007692545e-10,1.484556655589379e-10,1.4988311860578183e-10,1.5131055992773497e-10,1.527379894751493e-10,1.5416540713435454e-10,1.5559281304462975e-10,1.570202072178681e-10,1.58447589635545e-10,1.5987496016156878e-10,1.6130231893474597e-10,1.6272966596474374e-10,1.641570011397206e-10,1.655843245682843e-10,1.6701163617549114e-10,1.6843893603697908e-10,1.6986622407831578e-10,1.7129350038164334e-10,1.7272076485729743e-10,1.741480175975447e-10,1.7557525850771474e-10,1.7700248766912827e-10,1.784297050671101e-10,1.7985691063102316e-10,1.8128410448418713e-10,1.8271128648138245e-10,1.8413845669450116e-10,1.855656151584541e-10,1.8699276180843262e-10,1.8841989667444254e-10,1.898470197966242e-10,1.9127413109974828e-10,1.9270123061551222e-10,1.9412831835429697e-10,1.955553943093594e-10,1.969824585223774e-10,1.9840951098214094e-10,1.998365515944938e-10,2.01263580421646e-10,2.0269059750521636e-10,2.0411760277023056e-10,2.055445962868138e-10,2.0697157806205168e-10,2.0839854798353147e-10,2.0982550615933457e-10,2.1125245259255558e-10,2.1267938716926258e-10,2.1410630996119367e-10,2.155332210152867e-10,2.1696012028381398e-10,2.1838700773471376e-10,2.1981388340102614e-10,2.2124074732061384e-10,2.2266759942590522e-10,2.2409443979532856e-10,2.2552126836394564e-10,2.269480851274666e-10,2.2837489015999963e-10,2.2980168335975687e-10,2.312284648095891e-10,2.3265523444739713e-10,2.3408199234199565e-10,2.355087384181115e-10,2.36935472711826e-10,2.3836219522472155e-10,2.3978890599395727e-10,2.4121560502592894e-10,2.426422922001529e-10,2.440689675906295e-10,2.4549563124629085e-10,2.469222830772768e-10,2.483489231650342e-10,2.4977555143517916e-10,2.5120216796116034e-10,2.526287726706508e-10,2.54055365633437e-10,2.554819467824742e-10,2.569085161497587e-10,2.583350737733872e-10,2.5976161965866017e-10,2.611881536889039e-10,2.6261467599673157e-10,2.640411865339471e-10,2.6546768522442107e-10,2.6689417216033857e-10,2.6832064736399233e-10,2.697471107150858e-10,2.7117356236146457e-10,2.726000022698735e-10,2.74026430281873e-10,2.754528465813627e-10,2.768792511003298e-10,2.7830564377376325e-10,2.797320246645635e-10,2.811583937758258e-10,2.8258475110772386e-10,2.8401109670501456e-10,2.8543743047998683e-10,2.868637525177404e-10,2.8829006273432425e-10,2.897163612462413e-10,2.9114264790461937e-10,2.925689228198336e-10,2.9399518600695635e-10,2.9542143732995404e-10,2.9684767690956686e-10,2.9827390467318375e-10,2.9970012068296656e-10,3.011263248889721e-10,3.025525173570285e-10,3.0397869800559177e-10,3.0540486695612086e-10,3.0683102404749737e-10,3.0825716939992455e-10,3.096833029342372e-10,3.1110942472916173e-10,3.125355347065817e-10,3.1396163293396625e-10,3.153877193546792e-10,3.16813794012318e-10,3.1823985697660805e-10,3.1966590806431684e-10,3.210919473460488e-10,3.2251797494453854e-10,3.239439906979319e-10,3.253699947028964e-10,3.267959869350754e-10,3.282219673546228e-10,3.296479360333576e-10,3.3107389295958997e-10,3.3249983804562926e-10,3.3392577139441556e-10,3.3535169292335846e-10,3.3677760269439956e-10,3.3820350066810774e-10,3.396293868626871e-10,3.410552612796874e-10,3.4248112391923123e-10,3.4390697481738625e-10,3.4533281390376185e-10,3.4675864129229485e-10,3.4818445689926374e-10,3.496102606554506e-10,3.5103605268135697e-10,3.5246183288152686e-10,3.538876013473735e-10,3.5531335806999057e-10,3.5673910294057773e-10,3.5816483607435434e-10,3.595905573894061e-10,3.610162668858793e-10,3.624419646472175e-10,3.6386765066834687e-10,3.652933248761357e-10,3.667189873108876e-10,3.681446380678956e-10,3.695702769475335e-10,3.70995904128527e-10,3.724215195292488e-10,3.7384712307919725e-10,3.752727148326903e-10,3.766982948480022e-10,3.7812386312773865e-10,3.7954941968791587e-10,3.8097496435929187e-10,3.8240049728486535e-10,3.8382601839904286e-10,3.8525152773557744e-10,3.8667702529597575e-10,3.8810251108034544e-10,3.895279850887347e-10,3.9095344732119073e-10,3.9237889784345976e-10,3.9380433659586694e-10,3.9522976350405754e-10,3.9665517868246143e-10,3.9808058203756674e-10,3.995059736154253e-10,4.009313534175955e-10,4.023567214441875e-10,4.037820777059607e-10,4.0520742218317787e-10,4.0663275491632716e-10,4.080580758426934e-10,4.094833850244997e-10,4.1090868240020816e-10,4.123339679813963e-10,4.137592418066532e-10,4.151845038551649e-10,4.166097541656759e-10,4.1803499272879274e-10,4.1946021945528095e-10,4.208854344621009e-10,4.2231063763696644e-10,4.237358290765508e-10,4.2516100871936865e-10,4.265861765713498e-10,4.2801133267901863e-10,4.2943647704923154e-10,4.3086160960103423e-10,4.3228673035582635e-10,4.33711839373284e-10,4.3513693665626535e-10,4.3656202208582007e-10,4.3798709569265234e-10,4.394121575717512e-10,4.408372077227981e-10,4.4226224613191245e-10,4.436872727289728e-10,4.4511228751410067e-10,4.4653729056278046e-10,4.4796228179636595e-10,4.4938726129179026e-10,4.508122289772592e-10,4.5223718484207453e-10,4.536621291927773e-10,4.550870615580178e-10,4.5651198225046473e-10,4.5793689120638075e-10,4.5936178825015227e-10,4.6078667362144715e-10,4.622115472562197e-10,4.636364089789583e-10,4.650612590289567e-10,4.664860973126085e-10,4.679109237147037e-10,4.693357384033419e-10,4.70760541339897e-10,4.721853324217673e-10,4.736101117781228e-10,4.750348793117707e-10,4.764596351330756e-10,4.778843792728276e-10,4.793091114884982e-10,4.807338319610935e-10,4.821585406290075e-10,4.835832375550827e-10,4.850079226770315e-10,4.864325960568555e-10,4.878572576330176e-10,4.89281907452588e-10,4.907065454831789e-10,4.921311717623818e-10,4.935557862475584e-10,4.949803890044604e-10,4.964049799443701e-10,4.978295590898519e-10,4.992541264847146e-10,5.006786821055729e-10,5.021032260217481e-10,5.035277580993506e-10,5.049522784030897e-10,5.063767869589635e-10,5.078012837197144e-10,5.092257687067445e-10,5.10650241955574e-10,5.120747033998419e-10,5.134991530705583e-10,5.149235909989737e-10,5.163480171272493e-10,5.177724315051911e-10,5.191968341774345e-10,5.206212249916834e-10,5.220456040310773e-10,5.234699713348137e-10,5.248943269090569e-10,5.263186707119531e-10,5.277430026692282e-10,5.291673228790642e-10,5.305916312901615e-10,5.320159279775256e-10,5.334402128812505e-10,5.34864485979632e-10,5.362887473375745e-10,5.377129969516922e-10,5.391372347362305e-10,5.405614607465048e-10,5.419856749854917e-10,5.434098774936041e-10,5.44834068266933e-10,5.462582471958663e-10,5.476824143898581e-10,5.491065698419124e-10,5.505307134580998e-10,5.519548453167771e-10,5.533789654422454e-10,5.54803073746076e-10,5.56227170276126e-10,5.576512550353913e-10,5.590753280240387e-10,5.604993892421236e-10,5.619234386896859e-10,5.633474763667707e-10,5.647715022734236e-10,5.661955164096895e-10,5.676195187755932e-10,5.690435093712128e-10,5.704674882441142e-10,5.718914553008429e-10,5.73315410634146e-10,5.747393542175071e-10,5.761632859654734e-10,5.775872059807083e-10,5.790111141870832e-10,5.804350106589703e-10,5.818588953255251e-10,5.832827682640421e-10,5.847066293909561e-10,5.861304787857787e-10,5.875543163732112e-10,5.889781422791247e-10,5.904019563273012e-10,5.918257586297343e-10,5.932495490679698e-10,5.946733279069157e-10,5.960970948801596e-10,5.975208501107398e-10,5.989445936213351e-10,6.003683252850097e-10,6.017920452349999e-10,6.032157534331196e-10,6.04639449897779e-10,6.060631344862333e-10,6.074868073172505e-10,6.08910468416172e-10,6.103341177817503e-10,6.11757755294176e-10,6.131813810482241e-10,6.146049950197817e-10,6.160285972567229e-10,6.174521876906898e-10,6.188757663644336e-10,6.202993332609901e-10,6.217228884002019e-10,6.231464317595931e-10,6.245699633826049e-10,6.259934832049668e-10,6.274169912886532e-10,6.288404875741591e-10,6.30263972123008e-10,6.316874450206236e-10,6.331109060027751e-10,6.345343552443156e-10,6.359577927502081e-10,6.373812185237661e-10,6.388046324348083e-10,6.402280346980103e-10,6.416514252313572e-10,6.430748039397787e-10,6.444981707789204e-10,6.459215258742385e-10,6.473448692382724e-10,6.487682007724929e-10,6.501915205667172e-10,6.516148285639453e-10,6.530381248276312e-10,6.544614092896223e-10,6.558846820785216e-10,6.573079431292047e-10,6.587311923930288e-10,6.601544297882504e-10,6.615776554565722e-10,6.630008693140456e-10,6.64424071412357e-10,6.658472617353289e-10,6.672704402989433e-10,6.686936070876052e-10,6.701167621326327e-10,6.715399053871336e-10,6.729630368773875e-10,6.743861565979106e-10,6.75809264478969e-10,6.772323607180531e-10,6.786554451395744e-10,6.800785178078949e-10,6.815015786943904e-10,6.829246278623455e-10,6.843476652868578e-10,6.857706908749816e-10,6.871937047326245e-10,6.886167067306137e-10,6.900396970192023e-10,6.914626755384475e-10,6.928856423294278e-10,6.94308597335315e-10,6.957315405585937e-10,6.971544720126523e-10,6.985773917003989e-10,7.000002997088876e-10,7.014231959212478e-10,7.028460803139364e-10,7.042689529375301e-10,7.056918137950476e-10,7.071146628866328e-10,7.085375002123458e-10,7.099603257898539e-10,7.11383139636913e-10,7.128059416683886e-10,7.142287319312195e-10,7.15651510502665e-10,7.170742772356367e-10,7.184970322487204e-10,7.199197754506385e-10,7.213425069213894e-10,7.22765226687917e-10,7.241879345951207e-10,7.256106307340796e-10,7.270333151501155e-10,7.284559877599386e-10,7.298786486435562e-10,7.313012977230488e-10,7.327239350813647e-10,7.341465606934328e-10,7.355691744792714e-10,7.369917764972621e-10,7.384143667710188e-10,7.398369453228132e-10,7.412595120491371e-10,7.426820670440767e-10,7.441046102393281e-10,7.455271416977183e-10,7.46949661363598e-10,7.48372169292837e-10,7.497946654913964e-10,7.51217149865098e-10,7.526396225097828e-10,7.540620833531254e-10,7.554845324857906e-10,7.569069699060311e-10,7.583293954579373e-10,7.597518092069324e-10,7.611742112288211e-10,7.625966015291586e-10,7.640189800667601e-10,7.654413467978437e-10,7.668637017980921e-10,7.68286044999715e-10,7.697083764799828e-10,7.7113069615383e-10,7.725530040623892e-10,7.739753003541486e-10,7.75397584820875e-10,7.768198574411707e-10,7.782421184107942e-10,7.79664367555387e-10,7.810866048848448e-10,7.825088304479099e-10,7.839310442473839e-10,7.853532462834285e-10,7.867754365898368e-10,7.881976151683645e-10,7.896197819174961e-10,7.910419369337637e-10,7.924640801548519e-10,7.938862116113647e-10,7.953083313018267e-10,7.96730439287041e-10,7.981525354572911e-10,7.995746199025566e-10,8.009966925454233e-10,8.024187534210146e-10,8.038408025672647e-10,8.052628399231456e-10,8.066848655133884e-10,8.081068793733326e-10,8.095288815059563e-10,8.109508718111243e-10,8.123728503836827e-10,8.137948171622414e-10,8.152167721768985e-10,8.166387154290669e-10,8.180606469188502e-10,8.194825666462946e-10,8.209044747411262e-10,8.223263709455135e-10,8.237482554057808e-10,8.25170128085816e-10,8.265919890388862e-10,8.28013838194749e-10,8.294356756494129e-10,8.308575012812834e-10,8.322793151861964e-10,8.337011172942046e-10,8.351229076982792e-10,8.365446863490912e-10,8.379664531732408e-10,8.393882082660776e-10,8.408099517059908e-10,8.422316832451658e-10,8.436534030731796e-10,8.450751111798413e-10,8.464968074344665e-10,8.479184919665304e-10,8.493401646968936e-10,8.507618257131569e-10,8.521834749601696e-10,8.536051124797744e-10,8.550267381679654e-10,8.564483522414363e-10,8.57869954404375e-10,8.592915448163495e-10,8.607131235230264e-10,8.621346904043823e-10,8.635562455219466e-10,8.649777889523199e-10,8.663993205494829e-10,8.678208405388028e-10,8.69242348693078e-10,8.706638450094856e-10,8.720853296355715e-10,8.735068024292181e-10,8.749282635942606e-10,8.763497129493926e-10,8.77771150462923e-10,8.79192576227266e-10,8.806139902185018e-10,8.820353924479845e-10,8.834567829131672e-10,8.848781616234991e-10,8.86299528572217e-10,8.877208837864767e-10,8.891422272163188e-10,8.905635588846766e-10,8.919848787929552e-10,8.934061869412494e-10,8.948274833725598e-10,8.962487681881266e-10,8.976700410385887e-10,8.990913021518478e-10,9.005125513947556e-10,9.019337888347011e-10,9.033550146673461e-10,9.047762290241432e-10,9.061974313038521e-10,9.076186218577874e-10,9.09039800529334e-10,9.104609674970231e-10,9.118821227726385e-10,9.133032662860684e-10,9.147243980783308e-10,9.161455180745362e-10,9.175666264928066e-10,9.189877230363013e-10,9.204088077565049e-10,9.218298807445103e-10,9.232509419451004e-10,9.246719913853126e-10,9.260930290868924e-10,9.275140550106764e-10,9.289350691801718e-10,9.303560715728864e-10,9.31777062221737e-10,9.331980411858734e-10,9.346190083158656e-10,9.360399636845915e-10,9.374609072973577e-10,9.388818391502172e-10,9.403027592819217e-10,9.417236676192292e-10,9.431445641967608e-10,9.44565449072267e-10,9.459863221345502e-10,9.474071834371782e-10,9.488280330376111e-10,9.502488708252798e-10,9.516696969320134e-10,9.530905113420843e-10,9.545113138569348e-10,9.559321046469146e-10,9.573528836443791e-10,9.587736509196498e-10,9.60194406471526e-10,9.616151501969293e-10,9.6303588219761e-10,9.644566024060398e-10,9.658773108950088e-10,9.672980076578464e-10,9.687186925948638e-10,9.701393658519568e-10,9.715600273858847e-10,9.729806771956195e-10,9.74401315104194e-10,9.758219412811011e-10,9.772425557350608e-10,9.786631584650636e-10,9.80083749344509e-10,9.815043284774064e-10,9.829248958875259e-10,9.843454515372097e-10,9.857659953882352e-10,9.871865275313653e-10,9.886070479519129e-10,9.900275566501384e-10,9.914480534734465e-10,9.928685386147264e-10,9.942890119861802e-10,9.95709473537809e-10,9.971299235524218e-10,9.985503616766808e-10,9.99970787958402e-10,1.001391202447259e-09,1.0028116052144693e-09,1.0042319962174013e-09,1.0056523755344423e-09,1.0070727430339158e-09,1.0084930988140462e-09,1.0099134428630412e-09,1.0113337750936894e-09,1.0127540955875106e-09,1.0141744042975862e-09,1.0155947012598656e-09,1.017014986244429e-09,1.0184352597246651e-09,1.0198555214189865e-09,1.0212757712725733e-09,1.0226960093510493e-09,1.0241162358832544e-09,1.0255364503026946e-09,1.026956653184763e-09,1.0283768443017337e-09,1.0297970237111794e-09,1.0312171913984977e-09,1.0326373472556007e-09,1.0340574913929695e-09,1.0354776237783995e-09,1.0368977444034456e-09,1.0383178532899931e-09,1.0397379504630395e-09,1.0411580359130657e-09,1.0425781095198134e-09,1.0439981713751605e-09,1.0454182214687483e-09,1.0468382598267687e-09,1.0482582864102331e-09,1.0496783012635454e-09,1.0510983045777599e-09,1.052518295974074e-09,1.0539382755406244e-09,1.055358243385436e-09,1.0567781995347233e-09,1.0581981439098885e-09,1.059618076457481e-09,1.0610379974107866e-09,1.0624579064463166e-09,1.063877803749371e-09,1.0652976892759226e-09,1.066717563081103e-09,1.06813742509877e-09,1.0695572754021861e-09,1.070977113911177e-09,1.072396940655155e-09,1.0738167556556629e-09,1.075236558920591e-09,1.0766563504127972e-09,1.0780761301605301e-09,1.079495898144607e-09,1.080915654373328e-09,1.0823353988735332e-09,1.0837551316700014e-09,1.0851748526397854e-09,1.0865945617626831e-09,1.0880142592234726e-09,1.0894339449498045e-09,1.090853618903171e-09,1.0922732811957706e-09,1.0936929317154003e-09,1.095112570409414e-09,1.0965321973575048e-09,1.0979518124819241e-09,1.0993714159155778e-09,1.1007910076277124e-09,1.1022105875905124e-09,1.1036301557642061e-09,1.1050497122087122e-09,1.1064692568746375e-09,1.1078887898467077e-09,1.1093083110064154e-09,1.1107278204424024e-09,1.1121473181691031e-09,1.1135668040711926e-09,1.1149862782680162e-09,1.1164057406629554e-09,1.117825191358184e-09,1.1192446302475182e-09,1.1206640573884556e-09,1.1220834727724518e-09,1.1235028764373e-09,1.1249222683722668e-09,1.1263416484998122e-09,1.1277610168719204e-09,1.1291803736075311e-09,1.1305997184777236e-09,1.1320190516038268e-09,1.1334383729679734e-09,1.134857682578504e-09,1.1362769804809254e-09,1.1376962666558666e-09,1.1391155411047982e-09,1.1405348037107914e-09,1.1419540546088016e-09,1.143373293764928e-09,1.1447925211135828e-09,1.1462117368341513e-09,1.1476309408363168e-09,1.1490501329293675e-09,1.1504693132679134e-09,1.1518884818888108e-09,1.1533076385010363e-09,1.1547267835886893e-09,1.1561459169622768e-09,1.1575650385439977e-09,1.1589841481249748e-09,1.1604032462746919e-09,1.1618223326034745e-09,1.1632414072137352e-09,1.1646604700383824e-09,1.1660795211454325e-09,1.1674985605394373e-09,1.1689175881118353e-09,1.1703366039181298e-09,1.1717556080574929e-09,1.1731746003766108e-09,1.1745935810245325e-09,1.1760125498403286e-09,1.1774315069866539e-09,1.1788504523006805e-09,1.1802693859415761e-09,1.181688307779979e-09,1.1831072179791174e-09,1.1845261162929346e-09,1.1859450027917148e-09,1.1873638777149574e-09,1.1887827407755953e-09,1.1902015921718966e-09,1.1916204317818446e-09,1.1930392595911276e-09,1.1944580755450248e-09,1.195876879895249e-09,1.1972956724535506e-09,1.1987144532589844e-09,1.2001332223141268e-09,1.2015519796530484e-09,1.2029707252182916e-09,1.2043894590259114e-09,1.2058081810307797e-09,1.2072268914632976e-09,1.2086455900210962e-09,1.210064276859784e-09,1.2114829519164986e-09,1.2129016155241838e-09,1.2143202670813914e-09,1.2157389068997677e-09,1.2171575349576891e-09,1.2185761512882887e-09,1.2199947563218191e-09,1.2214133491324011e-09,1.222831930213198e-09,1.224250499523585e-09,1.2256690571164884e-09,1.2270876029281183e-09,1.2285061369820585e-09,1.229924659357918e-09,1.2313431699232789e-09,1.2327616687745594e-09,1.2341801559250542e-09,1.2355986312431642e-09,1.2370170948562918e-09,1.2384355467532391e-09,1.2398539868244766e-09,1.2412724151965622e-09,1.242690831768761e-09,1.2441092366399457e-09,1.2455276297146427e-09,1.2469460110196576e-09,1.24836438059705e-09,1.2497827384439742e-09,1.251201084556429e-09,1.2526194188895885e-09,1.2540377414700242e-09,1.2554560523702593e-09,1.2568743514581688e-09,1.258292638828527e-09,1.2597109144817257e-09,1.2611291783247957e-09,1.2625474304626947e-09,1.26396567080808e-09,1.2653838994257866e-09,1.266802116389211e-09,1.2682203214918175e-09,1.269638514604595e-09,1.271056696274434e-09,1.2724748661333492e-09,1.2738930242849333e-09,1.275311170646881e-09,1.2767293052815397e-09,1.2781474281985693e-09,1.2795655393187795e-09,1.2809836387226505e-09,1.282401726413958e-09,1.2838198023583262e-09,1.285237866489794e-09,1.2866559188959277e-09,1.2880739595299448e-09,1.2894919884482872e-09,1.2909100056251986e-09,1.2923280110187755e-09,1.2937460046799288e-09,1.2951639867350086e-09,1.2965819568871005e-09,1.2979999151569083e-09,1.2994178619168267e-09,1.3008357968279583e-09,1.3022537200315106e-09,1.3036716315617703e-09,1.3050895312323426e-09,1.3065074191950823e-09,1.3079252955181977e-09,1.3093431599485367e-09,1.3107610126432353e-09,1.3121788536755352e-09,1.3135966828661e-09,1.3150145002417931e-09,1.3164323061269238e-09,1.317850100128397e-09,1.3192678823346286e-09,1.3206856527815929e-09,1.3221034114925437e-09,1.3235211584459195e-09,1.324938893685113e-09,1.3263566172083661e-09,1.3277743289373814e-09,1.3291920289084826e-09,1.330609717167509e-09,1.3320273937095071e-09,1.333445058454596e-09,1.334862711413118e-09,1.3362803530311855e-09,1.3376979829393112e-09,1.3391156007836733e-09,1.3405332068011418e-09,1.341950801193593e-09,1.3433683837135993e-09,1.3447859544868452e-09,1.3462035135207674e-09,1.3476210610185099e-09,1.3490385966733752e-09,1.3504561204697612e-09,1.3518736328676468e-09,1.353291133239681e-09,1.3547086218002213e-09,1.3561260985076962e-09,1.3575435636341642e-09,1.3589610169593188e-09,1.3603784585862439e-09,1.3617958884200136e-09,1.3632133064824427e-09,1.3646307128834967e-09,1.3660481074838796e-09,1.3674654901081528e-09,1.3688828612176145e-09,1.3703002205990647e-09,1.3717175682419364e-09,1.373134904170739e-09,1.3745522283042026e-09,1.3759695410526334e-09,1.3773868420844547e-09,1.3788041310400349e-09,1.3802214081955968e-09,1.3816386736093119e-09,1.3830559272980065e-09,1.3844731692975091e-09,1.385890399475898e-09,1.3873076179386084e-09,1.3887248246260238e-09,1.390142019574649e-09,1.3915592027739502e-09,1.3929763744633444e-09,1.3943935341325302e-09,1.3958106821013166e-09,1.397227818435804e-09,1.3986449429902057e-09,1.4000620557275062e-09,1.4014791565420895e-09,1.4028962458199818e-09,1.4043133233262762e-09,1.4057303889900263e-09,1.407147443007828e-09,1.4085644852963668e-09,1.4099815159217283e-09,1.4113985347105034e-09,1.412815541785979e-09,1.4142325377048976e-09,1.415649521263735e-09,1.417066492908634e-09,1.4184834529290229e-09,1.4199004016918525e-09,1.421317338279346e-09,1.4227342635163364e-09,1.422794833181078e-09,1.42279741660062e-09,1.422797521020365e-09,1.4227975194609099e-09,1.4227975133751448e-09,1.422797507090106e-09,1.4227975007996646e-09,1.4227974945095433e-09,1.4227974882202943e-09,1.4227974819312837e-09,1.4227974756428733e-09,1.4227974693549743e-09,1.4227974630677998e-09,1.4227974567812233e-09,1.4227974504957522e-09,1.4227974442099652e-09,1.422797437926004e-09,1.422797431641259e-09,1.4227974253570224e-09,1.4227974190733066e-09,1.4227974127904218e-09,1.4227974065084464e-09,1.4227974002263035e-09,1.4227973939445276e-09,1.4227973876634468e-09,1.4227973813838302e-09,1.4227973751046496e-09,1.4227973688251028e-09,1.4227973625460602e-09,1.422797356268245e-09,1.4227973499909292e-09,1.4227973437130411e-09,1.4227973374358808e-09,1.4227973311594346e-09,1.4227973248830566e-09,1.422797318607183e-09,1.42279731233205e-09,1.422797306057451e-09,1.4227972997833612e-09,1.4227972935097828e-09,1.4227972872367134e-09,1.4227972809643813e-09,1.422797274692313e-09,1.4227972684210054e-09,1.422797262149543e-09,1.4227972558788225e-09,1.4227972496083916e-09,1.4227972433389828e-09,1.4227972370702549e-09,1.422797230801373e-09,1.4227972245338023e-09,1.4227972182668371e-09,1.4227972120000608e-09,1.4227972057332383e-09,1.4227971994668997e-09,1.4227971932010576e-09,1.4227971869356887e-09,1.4227971806707764e-09,1.4227971744069427e-09,1.4227971681436554e-09,1.4227971618800707e-09,1.4227971556177578e-09,1.4227971493552086e-09,1.4227971430931893e-09,1.4227971368323902e-09,1.4227971305715883e-09,1.4227971243115084e-09,1.4227971180522214e-09,1.4227971117932283e-09,1.4227971055347802e-09,1.422797099276859e-09,1.4227970930194617e-09,1.4227970867630549e-09,1.4227970805066081e-09,1.4227970742509077e-09,1.4227970679957106e-09,1.422797061741194e-09,1.422797055487044e-09,1.4227970492333514e-09,1.4227970429801567e-09,1.4227970367274608e-09,1.4227970304752648e-09,1.4227970242235675e-09,1.4227970179723684e-09,1.422797011721671e-09,1.422797005471455e-09,1.4227969992217347e-09,1.4227969929725107e-09,1.4227969867237815e-09,1.422796980475565e-09,1.4227969742278279e-09,1.4227969679806028e-09,1.4227969617338737e-09,1.4227969554871162e-09,1.4227969492414993e-09,1.4227969429963068e-09,1.4227969367515142e-09,1.4227969305071945e-09,1.4227969242629078e-09,1.4227969180190942e-09,1.422796911776305e-09,1.4227969055339189e-09,1.4227968992916022e-09,1.4227968930497439e-09,1.4227968868083723e-09,1.4227968805674877e-09,1.4227968743270999e-09,1.422796868087659e-09,1.4227968618482678e-09,1.4227968556093313e-09,1.4227968493708883e-09,1.4227968431329216e-09,1.4227968368954399e-09,1.4227968306589222e-09,1.4227968244224442e-09,1.4227968181864156e-09,1.4227968119508696e-09,1.4227968057158072e-09,1.4227967994812359e-09,1.4227967932471383e-09,1.4227967870135222e-09,1.4227967807803876e-09,1.4227967745477343e-09,1.422796768315562e-09,1.4227967620843538e-09,1.4227967558531758e-09,1.422796749622448e-09,1.4227967433922057e-09,1.4227967371624326e-09,1.4227967309331383e-09,1.4227967247043225e-09,1.4227967184759844e-09,1.4227967122481265e-09,1.4227967060207524e-09,1.4227966997938468e-09,1.4227966935674166e-09,1.422796687341463e-09,1.422796681115986e-09,1.4227966748909839e-09,1.422796668666457e-09,1.4227966624424086e-09,1.4227966562188403e-09,1.4227966499957368e-09,1.4227966437730132e-09,1.4227966375507625e-09,1.4227966313290836e-09,1.4227966251078863e-09,1.4227966188984373e-09,1.4227966126782471e-09,1.4227966064584602e-09,1.4227966002390472e-09,1.422796594020094e-09,1.4227965878017169e-09,1.42279658158382e-09,1.4227965753663924e-09,1.4227965691494394e-09,1.4227965629328459e-09,1.4227965567168174e-09,1.4227965505011507e-09,1.422796544286059e-09,1.4227965380714429e-09,1.4227965318571743e-09,1.4227965256435223e-09,1.422796519430158e-09,1.4227965132172715e-09,1.422796507004848e-09,1.4227965007930423e-09,1.422796494581867e-09,1.4227964883709844e-09,1.4227964821605665e-09,1.422796475950602e-09,1.42279646974111e-09,1.422796463532728e-09,1.4227964573240989e-09,1.4227964511160296e-09,1.4227964449083768e-09,1.422796438701201e-09,1.4227964324944884e-09,1.4227964262882374e-09,1.4227964200824472e-09,1.4227964138771188e-09,1.4227964076722503e-09,1.4227964014678692e-09,1.4227963952638953e-09,1.4227963890604148e-09,1.422796382870089e-09,1.42279637666755e-09,1.4227963704654378e-09,1.4227963642637835e-09,1.422796358062587e-09,1.422796351861848e-09,1.4227963456615917e-09,1.4227963394617512e-09,1.4227963332623818e-09,1.422796327063469e-09,1.4227963208650018e-09,1.4227963146670351e-09,1.4227963084694743e-09,1.422796302272382e-09,1.4227962960752238e-09,1.422796289878521e-09,1.4227962836822715e-09,1.4227962774869962e-09,1.422796271292174e-09,1.422796265097806e-09,1.4227962589038901e-09,1.4227962527104133e-09,1.422796246517411e-09,1.4227962403248513e-09,1.422796234132743e-09,1.4227962279410863e-09,1.4227962217498646e-09,1.4227962155591165e-09,1.422796209368811e-09,1.4227962031791352e-09,1.4227961969897114e-09,1.422796190800941e-09,1.4227961846124152e-09,1.4227961784245407e-09,1.4227961722369102e-09,1.4227961660497526e-09,1.4227961598628797e-09,1.422796153676462e-09,1.4227961474904921e-09,1.422796141304969e-09,1.422796135119893e-09,1.4227961289353867e-09,1.4227961227513508e-09,1.4227961165677437e-09,1.4227961103844412e-09,1.4227961042015912e-09,1.4227960980191865e-09,1.42279609184957e-09,1.4227960856680825e-09,1.4227960794870084e-09,1.4227960733063767e-09,1.4227960671261872e-09,1.42279606094644e-09,1.4227960547671344e-09,1.4227960485883866e-09,1.4227960424100871e-09,1.4227960362321125e-09,1.422796030054571e-09,1.4227960238775842e-09,1.4227960177009294e-09,1.422796011524707e-09,1.4227960053489232e-09,1.4227959991735784e-09,1.4227959929986712e-09,1.4227959868242026e-09,1.4227959806501712e-09,1.4227959744767064e-09,1.4227959683035412e-09,1.4227959621308207e-09,1.4227959559585364e-09,1.4227959497866882e-09,1.4227959436152756e-09,1.4227959374442983e-09,1.4227959312738668e-09,1.4227959251038776e-09,1.4227959189343227e-09,1.4227959127650911e-09,1.4227959065962854e-09,1.4227959004279128e-09,1.4227958942599733e-09,1.4227958880924659e-09,1.4227958819253912e-09,1.4227958757587484e-09,1.4227958695925373e-09,1.4227958634267572e-09,1.4227958572615188e-09,1.4227958511085842e-09,1.4227958449441247e-09,1.4227958387920141e-09,1.4227958326284128e-09,1.4227958264652134e-09,1.422795820302584e-09,1.4227958141402274e-09,1.4227958079784531e-09,1.422795801816954e-09,1.4227957956560035e-09,1.4227957894953799e-09,1.4227957833351758e-09,1.4227957771753977e-09,1.4227957710160457e-09,1.4227957648571204e-09,1.422795758698621e-09,1.422795752540655e-09,1.4227957463831217e-09,1.4227957402259048e-09,1.4227957340692444e-09,1.4227957279128565e-09,1.4227957217570123e-09,1.4227957156016001e-09,1.422795709446642e-09,1.4227957032920874e-09,1.422795697137814e-09,1.4227956909840839e-09,1.4227956848307837e-09,1.4227956786779376e-09,1.4227956725253525e-09,1.4227956663731995e-09,1.422795660221468e-09,1.4227956540701568e-09,1.4227956479192654e-09,1.422795641768902e-09,1.4227956356189958e-09,1.4227956295010805e-09,1.4227956233835736e-09,1.4227956172349122e-09,1.4227956111181898e-09,1.4227956049703618e-09,1.422795598854434e-09,1.4227955927389088e-09,1.4227955866035e-09,1.4227955804887864e-09,1.4227955743744547e-09,1.4227955682402717e-09,1.4227955621067144e-09,1.4227955559935891e-09,1.422795549880839e-09,1.422795543768561e-09,1.422795537656693e-09,1.4227955315452195e-09,1.422795525434049e-09,1.422795519323265e-09,1.422795513212869e-09,1.4227955071028695e-09,1.422795500993258e-09,1.4227954948840377e-09,1.4227954887752096e-09,1.422795482666773e-09,1.422795476558727e-09,1.4227954704510773e-09,1.4227954643438128e-09,1.4227954582170727e-09,1.4227954521106097e-09,1.4227954460045184e-09,1.4227954398988158e-09,1.4227954337935026e-09,1.422795427688579e-09,1.4227954215840438e-09,1.4227954154798976e-09,1.4227954093761395e-09,1.4227954032727747e-09,1.4227953971697973e-09,1.422795391067203e-09,1.4227953849650004e-09,1.422795378863181e-09,1.4227953727617482e-09,1.422795366660702e-09,1.4227953605600421e-09,1.4227953544597681e-09,1.4227953483598984e-09,1.4227953422604141e-09,1.4227953361612974e-09,1.4227953300625652e-09,1.4227953239643023e-09,1.422795317866355e-09,1.4227953117687771e-09,1.4227953056716669e-09,1.4227952995764027e-09,1.4227952934608844e-09,1.4227952873648826e-09,1.422795281269225e-09,1.4227952751739476e-09,1.4227952690802392e-09,1.4227952629868893e-09,1.4227952568927782e-09,1.4227952507990497e-09,1.4227952447056876e-09,1.4227952386127019e-09,1.4227952325201025e-09,1.422795226427883e-09,1.422795220336044e-09,1.4227952142445853e-09,1.4227952081535021e-09,1.422795202062798e-09,1.422795195972474e-09,1.4227951898825285e-09,1.422795183793234e-09,1.4227951777040753e-09,1.4227951716163803e-09,1.4227951655279724e-09,1.4227951594399243e-09,1.42279515335229e-09,1.422795147264992e-09,1.4227951411780757e-09,1.4227951350915365e-09,1.4227951289866234e-09,1.4227951229010925e-09,1.4227951168159375e-09,1.4227951107309096e-09,1.4227951046462478e-09,1.422795098562214e-09,1.422795092478317e-09,1.4227950863774346e-09,1.4227950802945231e-09,1.4227950742120052e-09,1.4227950681296024e-09,1.422795062047568e-09,1.422795055966149e-09,1.4227950498848709e-09,1.4227950438039699e-09,1.4227950377234233e-09,1.4227950316435618e-09,1.4227950255452137e-09,1.4227950194658111e-09,1.4227950133867551e-09,1.42279500730807e-09,1.4227950012300622e-09,1.422794995152134e-09,1.4227949890747533e-09,1.422794982977962e-09,1.4227949768815728e-09,1.422794970805134e-09,1.4227949647292813e-09,1.4227949586535755e-09,1.4227949525782299e-09,1.4227949465032467e-09,1.4227949404286333e-09,1.4227949343543876e-09,1.422794928280511e-09,1.4227949222070018e-09,1.4227949161338604e-09,1.4227949100610862e-09,1.4227949039886789e-09,1.4227948979166442e-09,1.4227948918449754e-09,1.4227948857736731e-09,1.4227948797027326e-09,1.4227948736321627e-09,1.4227948675619585e-09,1.422794861492133e-09,1.4227948554229197e-09,1.4227948493538167e-09,1.4227948432850728e-09,1.422794837216693e-09,1.4227948311487136e-09,1.4227948250810617e-09,1.422794819013769e-09,1.4227948129468393e-09,1.4227948068802777e-09,1.422794800814074e-09,1.422794794748489e-09,1.4227947886830396e-09,1.4227947826179286e-09,1.4227947765534265e-09,1.422794770489288e-09,1.4227947644255088e-09,1.4227947583618494e-09,1.4227947522985454e-09,1.4227947462356008e-09,1.4227947401730123e-09,1.4227947341107838e-09,1.42279472804892e-09,1.422794721987416e-09,1.4227947159262665e-09,1.422794709865476e-09,1.422794703805049e-09,1.4227946977449765e-09,1.4227946916852624e-09,1.422794685625906e-09,1.4227946795671188e-09,1.4227946734895184e-09,1.4227946674312517e-09,1.422794661373332e-09,1.4227946553157635e-09,1.422794649258557e-09,1.4227946432017068e-09,1.4227946371452121e-09,1.4227946310890742e-09,1.4227946250332868e-09,1.4227946189778553e-09,1.4227946129228213e-09,1.4227946068680999e-09,1.4227946008137325e-09,1.42279459475972e-09,1.4227945887060616e-09,1.4227945826527574e-09,1.4227945765998066e-09,1.4227945705472099e-09,1.4227945644949706e-09,1.4227945584430844e-09,1.4227945523719774e-09,1.4227945463012375e-09,1.4227945402308644e-09,1.4227945341608584e-09,1.4227945280912186e-09,1.422794522021945e-09,1.4227945159530375e-09,1.4227945098844956e-09,1.422794503816319e-09,1.4227944977485076e-09,1.4227944916810605e-09,1.4227944856139784e-09,1.422794479547261e-09,1.422794473480907e-09,1.4227944674150788e-09,1.4227944613494432e-09,1.4227944552843405e-09,1.422794449219432e-09,1.4227944431548937e-09,1.4227944370907178e-09,1.4227944310269043e-09,1.4227944249634529e-09,1.4227944189003627e-09,1.4227944128376334e-09,1.4227944067752653e-09,1.4227944007132586e-09,1.4227943946516114e-09,1.4227943885909647e-09,1.4227943825307608e-09,1.42279437647098e-09,1.4227943704109316e-09,1.4227943643510753e-09,1.4227943582922165e-09,1.4227943522330673e-09,1.4227943461742935e-09,1.4227943401158776e-09,1.4227943340578193e-09,1.4227943280001193e-09,1.422794321942925e-09,1.4227943158859306e-09,1.4227943098293003e-09,1.4227943037730277e-09,1.4227942977171103e-09,1.4227942916616713e-09,1.4227942856066091e-09,1.4227942795519006e-09,1.4227942734979948e-09,1.4227942674438665e-09,1.4227942613907991e-09,1.4227942553381116e-09,1.422794249285212e-09,1.4227942432324792e-09,1.4227942371808124e-09,1.4227942311295274e-09,1.4227942250785407e-09,1.422794219027957e-09,1.4227942129771441e-09,1.4227942069278977e-09,1.4227942008790714e-09,1.4227941948293125e-09,1.4227941887797513e-09,1.422794182730548e-09,1.4227941766824422e-09,1.4227941706339539e-09,1.4227941645859689e-09,1.4227941585394936e-09,1.4227941524920591e-09,1.4227941464449573e-09,1.4227941403995403e-09,1.4227941343531534e-09,1.422794128307097e-09,1.422794122261389e-09,1.4227941162160283e-09,1.4227941101710158e-09,1.422794104126962e-09,1.4227940980826572e-09,1.422794092038687e-09,1.4227940859950628e-09,1.4227940799517853e-09,1.4227940739088535e-09,1.4227940678662681e-09,1.4227940618240283e-09,1.4227940557821338e-09,1.4227940497405842e-09,1.4227940436993798e-09,1.4227940376585195e-09,1.4227940316192761e-09,1.4227940255804275e-09,1.4227940195419222e-09,1.422794013502456e-09,1.4227940074633167e-09,1.4227940014245192e-09,1.4227939953860637e-09,1.422793989347951e-09,1.4227939833101811e-09,1.4227939772727528e-09,1.4227939712356667e-09,1.4227939651989218e-09,1.4227939591625175e-09,1.422793953126455e-09,1.4227939470907326e-09,1.4227939410565743e-09,1.4227939350215506e-09,1.42279392898685e-09,1.4227939229537001e-09,1.4227939169196955e-09,1.4227939108860135e-09,1.4227939048526685e-09,1.4227938988196627e-09,1.4227938927869954e-09,1.4227938867546662e-09,1.4227938807227945e-09,1.4227938746911334e-09,1.4227938686598171e-09,1.4227938626289562e-09,1.4227938565983064e-09,1.4227938505681209e-09,1.4227938445382645e-09,1.4227938385086233e-09,1.4227938324793253e-09,1.4227938264503634e-09,1.4227938204217369e-09,1.422793814393446e-09,1.422793808365489e-09,1.4227938023378667e-09,1.4227937963105784e-09,1.4227937902836242e-09,1.422793784257004e-09,1.4227937782307176e-09,1.4227937722047642e-09,1.422793766179144e-09,1.4227937601543796e-09,1.422793754129588e-09,1.4227937481049569e-09,1.4227937420806656e-09,1.4227937360568175e-09,1.422793730033183e-09,1.4227937240098867e-09,1.4227937179870318e-09,1.4227937119645033e-09,1.4227937059421925e-09,1.422793699920218e-09,1.4227936938985743e-09,1.4227936878772605e-09,1.422793681857369e-09,1.422793675836731e-09,1.4227936698165127e-09,1.422793663796665e-09,1.4227936577769872e-09,1.4227936517577747e-09,1.4227936457388638e-09,1.4227936397203247e-09,1.42279363370209e-09,1.422793627684161e-09,1.4227936216665588e-09,1.4227936156491751e-09,1.4227936096322501e-09,1.4227936036155185e-09,1.4227935975991204e-09,1.422793591583172e-09,1.4227935855674181e-09,1.4227935795520993e-09,1.4227935735370834e-09,1.4227935675224102e-09,1.4227935615079562e-09,1.4227935554939557e-09,1.4227935494802358e-09,1.4227935434667543e-09,1.4227935374536027e-09,1.422793531440774e-09,1.4227935254282691e-09,1.422793519416188e-09,1.4227935134044053e-09,1.422793507392861e-09,1.4227935013816459e-09,1.4227934953707522e-09,1.4227934893601802e-09,1.4227934833499295e-09,1.4227934773400001e-09,1.4227934713303913e-09,1.4227934653211035e-09,1.4227934593121366e-09,1.422793453303489e-09,1.422793447295161e-09,1.422793441287153e-09,1.422793435279464e-09,1.4227934292720945e-09,1.4227934232650435e-09,1.4227934172584068e-09,1.4227934112519863e-09,1.4227934052460047e-09,1.4227933992403176e-09,1.4227933932353304e-09,1.4227933872302879e-09,1.422793381225572e-09,1.4227933752214936e-09,1.4227933692174e-09,1.422793363213519e-09,1.4227933572099596e-09,1.4227933512067172e-09,1.4227933452039001e-09,1.422793339201281e-09,1.4227933331989843e-09,1.4227933271970943e-09,1.4227933211954209e-09,1.422793315194178e-09,1.422793309193133e-09,1.422793303192519e-09,1.4227932971922134e-09,1.4227932911925688e-09,1.4227932851927979e-09,1.4227932791933284e-09,1.4227932731942602e-09,1.4227932671954101e-09,1.4227932611968783e-09,1.422793255198659e-09,1.4227932492007512e-09,1.4227932432031553e-09,1.422793237205871e-09,1.422793231208898e-09,1.4227932252122355e-09,1.4227932192158844e-09,1.4227932132198434e-09,1.4227932072241128e-09,1.4227932012286924e-09,1.422793195233582e-09,1.4227931892387806e-09,1.4227931832442887e-09,1.4227931772501062e-09,1.422793171256232e-09,1.4227931652627516e-09,1.4227931592694883e-09,1.4227931532765395e-09,1.4227931472838989e-09,1.4227931412915662e-09,1.422793135299541e-09,1.4227931293078224e-09,1.4227931233164105e-09,1.4227931173253064e-09,1.4227931113345085e-09,1.422793105344017e-09,1.4227930993538315e-09,1.4227930933639518e-09,1.4227930873743777e-09,1.4227930813851088e-09,1.4227930753961454e-09,1.4227930694074866e-09,1.4227930634191322e-09,1.422793057431083e-09,1.4227930514433377e-09,1.422793045455896e-09,1.4227930394687582e-09,1.4227930334819246e-09,1.422793027495394e-09,1.422793021509166e-09,1.4227930155232413e-09,1.4227930095376195e-09,1.422793003552379e-09,1.422792997567437e-09,1.4227929915827155e-09,1.4227929855983014e-09,1.4227929796141885e-09,1.4227929736303774e-09,1.4227929676472427e-09,1.4227929616640437e-09,1.4227929556815086e-09,1.4227929496989105e-09,1.4227929437166022e-09,1.4227929377346702e-09,1.4227929317529542e-09,1.4227929257715441e-09,1.4227929197905103e-09,1.4227929138096921e-09,1.422792907829179e-09,1.422792901849331e-09,1.4227928958694255e-09,1.4227928898898078e-09,1.4227928839104877e-09,1.4227928779315398e-09,1.422792871952808e-09,1.4227928659744531e-09,1.4227928599963163e-09,1.4227928540184807e-09,1.422792848040943e-09,1.4227928420637011e-09,1.4227928360867554e-09,1.4227928301101054e-09,1.4227928241337507e-09,1.4227928181577643e-09,1.422792812181994e-09,1.422792806206877e-09,1.422792800231713e-09,1.4227927942568334e-09,1.4227927882822476e-09,1.422792782307956e-09,1.4227927763340292e-09,1.4227927703606592e-09,1.4227927643876155e-09,1.4227927584145085e-09,1.4227927524416838e-09,1.4227927464691513e-09,1.4227927404969108e-09,1.422792734525751e-09,1.4227927285541106e-09,1.4227927225827469e-09,1.4227927166116744e-09,1.4227927106408932e-09,1.422792704670403e-09,1.4227926987002036e-09,1.4227926927303648e-09,1.422792686760741e-09,1.4227926807914129e-09,1.4227926748224436e-09,1.4227926688536897e-09,1.4227926628852309e-09,1.422792656917062e-09,1.4227926509491825e-09,1.4227926449815914e-09,1.422792639014357e-09,1.4227926330473379e-09,1.4227926270806806e-09,1.4227926211143067e-09,1.4227926151481513e-09,1.4227926091822886e-09,1.4227926032167141e-09,1.4227925972514267e-09,1.4227925912864271e-09,1.422792585321713e-09,1.4227925793572858e-09,1.422792573393145e-09,1.4227925674292904e-09,1.4227925614657217e-09,1.4227925555024385e-09,1.4227925495394407e-09,1.4227925435767273e-09,1.4227925376143002e-09,1.4227925316521575e-09,1.4227925256902994e-09,1.4227925197294506e-09,1.4227925137681754e-09,1.4227925078071707e-09,1.4227925018464485e-09,1.4227924958860102e-09,1.4227924899258548e-09,1.4227924839660458e-09,1.4227924780064518e-09,1.4227924720471447e-09,1.42279246608812e-09,1.4227924601293783e-09,1.4227924541709182e-09,1.4227924482127396e-09,1.422792442254843e-09,1.4227924362972276e-09,1.4227924303405948e-09,1.422792424383556e-09,1.4227924184274799e-09,1.422792412471002e-09,1.4227924065147911e-09,1.4227924005589197e-09,1.4227923946032625e-09,1.4227923886485812e-09,1.4227923826935566e-09,1.4227923767387381e-09,1.4227923707842034e-09,1.4227923648299479e-09,1.4227923588759707e-09,1.422792352922332e-09,1.422792346968968e-09,1.422792341015881e-09,1.4227923350630607e-09,1.4227923291104684e-09,1.4227923231581584e-09,1.4227923172061861e-09,1.422792311254425e-09,1.4227923053029456e-09,1.422792299352061e-09,1.4227922934011988e-09,1.4227922874505434e-09,1.422792281500216e-09,1.4227922755501116e-09,1.4227922696002883e-09,1.4227922636507407e-09,1.4227922577015252e-09,1.422792251752522e-09,1.4227922458037983e-09,1.4227922398553491e-09,1.4227922339071742e-09,1.4227922279599257e-09,1.4227922220123629e-09,1.4227922160650631e-09,1.4227922101180353e-09,1.4227922041712808e-09,1.4227921982247408e-09,1.4227921922785356e-09,1.4227921863325411e-09,1.4227921803868248e-09,1.4227921744413804e-09,1.4227921684962086e-09,1.4227921625513084e-09,1.422792156606679e-09,1.4227921506623213e-09,1.422792144718235e-09,1.4227921387744192e-09,1.4227921328308743e-09,1.4227921268876006e-09,1.4227921209445964e-09,1.422792115001863e-09,1.4227921090594525e-09,1.4227921031173092e-09,1.4227920971753786e-09,1.4227920912337227e-09,1.4227920852923896e-09,1.422792079351267e-09,1.4227920734104176e-09,1.4227920674698372e-09,1.4227920615295786e-09,1.4227920555895837e-09,1.422792049649802e-09,1.4227920437103457e-09,1.422792037771099e-09,1.4227920318321676e-09,1.422792025893499e-09,1.422792019955054e-09,1.4227920140171678e-09,1.422792008079318e-09,1.4227920021419559e-09,1.4227919962048852e-09,1.4227919902677863e-09,1.422791984330943e-09,1.4227919783944167e-09,1.4227919724580984e-09,1.4227919665220503e-09,1.4227919605862676e-09,1.4227919546507494e-09,1.4227919487155463e-09,1.422791942780604e-09,1.4227919368458724e-09,1.4227919309114105e-09,1.4227919249777679e-09,1.4227919190444177e-09,1.4227919131109864e-09,1.4227919071775671e-09,1.4227919012444213e-09,1.4227918953115876e-09,1.422791889378962e-09,1.4227918834466034e-09,1.422791877514507e-09,1.4227918715826729e-09,1.4227918656510999e-09,1.4227918597200225e-09,1.4227918537889614e-09,1.4227918478583872e-09,1.4227918419278488e-09,1.422791835997581e-09,1.422791830067574e-09,1.4227918241383642e-09,1.4227918182089247e-09,1.422791812279982e-09,1.4227918063512273e-09,1.42279180042251e-09,1.422791794494061e-09,1.4227917885658718e-09,1.4227917826381502e-09,1.4227917767104676e-09,1.422791770783101e-09,1.422791764855941e-09,1.4227917589295683e-09,1.4227917530029427e-09,1.422791747076609e-09,1.4227917411505285e-09,1.4227917352246567e-09,1.4227917292990472e-09,1.422791723373695e-09,1.422791717448646e-09,1.4227917115240275e-09,1.4227917055994339e-09,1.4227916996751529e-09,1.4227916937510772e-09,1.4227916878272615e-09,1.4227916819037029e-09,1.4227916759804447e-09,1.4227916700574382e-09,1.4227916641346864e-09,1.4227916582121893e-09,1.4227916522899469e-09,1.4227916463679117e-09,1.4227916404461813e-09,1.4227916345251255e-09,1.4227916286038701e-09,1.4227916226828563e-09,1.422791616762096e-09,1.4227916108415888e-09,1.4227916049213345e-09,1.4227915990013332e-09,1.4227915930818351e-09,1.422791587162348e-09,1.4227915812433548e-09,1.4227915753243721e-09,1.4227915694056324e-09,1.4227915634871887e-09,1.4227915575689471e-09,1.4227915516509622e-09,1.4227915457333005e-09,1.4227915398158227e-09,1.4227915338991044e-09,1.4227915279826665e-09,1.4227915220661842e-09,1.4227915161502352e-09,1.4227915102340176e-09,1.4227915043180373e-09,1.4227914984023057e-09,1.4227914924868242e-09,1.4227914865715912e-09,1.4227914806566083e-09,1.422791474741874e-09,1.4227914688274303e-09,1.4227914629131906e-09,1.4227914569992027e-09,1.4227914510855038e-09,1.422791445172006e-09,1.4227914392587614e-09,1.4227914333457669e-09,1.422791427433018e-09,1.422791421520516e-09,1.4227914156083018e-09,1.4227914096962881e-09,1.4227914037845275e-09,1.422791397873053e-09,1.4227913919618137e-09,1.4227913860507862e-09,1.4227913801400098e-09,1.4227913742295274e-09,1.4227913683192371e-09,1.422791362409196e-09,1.4227913564994005e-09,1.422791350590339e-09,1.4227913446810465e-09,1.4227913387719858e-09,1.4227913328631698e-09,1.4227913269545972e-09,1.4227913210462692e-09,1.4227913151381857e-09,1.422791309230345e-09,1.4227913033227477e-09,1.4227912974153935e-09,1.4227912915082838e-09,1.4227912856014557e-09,1.4227912796948677e-09,1.4227912737884805e-09,1.4227912678823402e-09,1.4227912619766325e-09,1.4227912560710454e-09,1.422791250165636e-09,1.422791244260464e-09,1.4227912383555332e-09,1.422791232450845e-09,1.4227912265464359e-09,1.4227912206422237e-09,1.4227912147382572e-09,1.422791208834531e-09,1.4227912029310469e-09,1.4227911970278015e-09,1.4227911911247964e-09,1.4227911852220318e-09,1.4227911793197077e-09,1.422791173417674e-09,1.4227911675158623e-09,1.4227911616140637e-09,1.4227911557124958e-09,1.422791149811166e-09,1.4227911439100744e-09,1.4227911380092212e-09,1.4227911321088234e-09,1.422791126208455e-09,1.4227911203085326e-09,1.4227911144086404e-09,1.4227911085090216e-09,1.4227911026095904e-09,1.4227910967104544e-09,1.42279109081169e-09,1.4227910849129824e-09,1.4227910790147006e-09,1.4227910731166418e-09,1.4227910672186265e-09,1.4227910613212984e-09,1.4227910554238348e-09,1.422791049526995e-09,1.4227910436299784e-09,1.422791037733147e-09,1.422791031836555e-09,1.4227910259401982e-09,1.4227910200440761e-09,1.4227910141481883e-09,1.4227910082525352e-09,1.4227910023571168e-09,1.4227909964621397e-09,1.422790990567411e-09,1.4227909846727034e-09,1.4227909787782206e-09,1.4227909728839704e-09,1.42279096699016e-09,1.4227909610964175e-09,1.4227909552028628e-09,1.4227909493095446e-09,1.4227909434164593e-09,1.4227909375236426e-09,1.4227909316310176e-09,1.4227909257386287e-09,1.422790919846472e-09,1.4227909139545474e-09,1.4227909080632818e-09,1.4227909021718316e-09,1.4227908962806015e-09,1.4227908903896013e-09,1.4227908844988327e-09,1.4227908786082938e-09,1.4227908727180201e-09,1.422790866827973e-09,1.4227908609381203e-09,1.4227908550485021e-09,1.4227908491591141e-09,1.4227908432699558e-09,1.4227908373810265e-09,1.4227908314923269e-09,1.422790825603856e-09,1.4227908197156144e-09,1.4227908138276353e-09,1.422790807939846e-09,1.422790802052291e-09,1.4227907961649624e-09,1.4227907902778624e-09,1.4227907843910235e-09,1.422790778504409e-09,1.4227907726179885e-09,1.4227907667318317e-09,1.4227907608458648e-09,1.422790754960129e-09,1.4227907490746203e-09,1.4227907431893375e-09,1.422790737304282e-09,1.4227907314194533e-09,1.4227907255348503e-09,1.4227907196505072e-09,1.422790713766351e-09,1.422790707882425e-09,1.4227907019987248e-09,1.4227906961152495e-09,1.4227906902320322e-09,1.4227906843490364e-09,1.422790678466233e-09,1.4227906725836576e-09,1.4227906667013068e-09,1.4227906608191802e-09,1.422790654937278e-09,1.4227906490555992e-09,1.4227906431741443e-09,1.4227906372929135e-09,1.4227906314119385e-09,1.4227906255311498e-09,1.4227906196506145e-09,1.4227906137702723e-09,1.4227906078901561e-09,1.4227906020102633e-09,1.4227905961306238e-09,1.4227905902511727e-09,1.4227905843719772e-09,1.422790578492968e-09,1.422790572614186e-09,1.4227905667356559e-09,1.4227905608573115e-09,1.4227905549791928e-09,1.4227905491012955e-09,1.4227905432236187e-09,1.4227905373461626e-09,1.422790531468958e-09,1.4227905255919712e-09,1.422790519715172e-09,1.4227905138385976e-09,1.4227905079622732e-09,1.4227905020861654e-09,1.4227904962102463e-09,1.4227904903345504e-09,1.4227904844591045e-09,1.422790478583874e-09,1.4227904727088306e-09,1.4227904668340405e-09,1.4227904609594362e-09,1.422790455085055e-09,1.4227904492108901e-09,1.4227904433369437e-09,1.4227904374632158e-09,1.4227904315897053e-09,1.4227904257164122e-09,1.4227904198433378e-09,1.4227904139704795e-09,1.4227904080978382e-09,1.4227904022254167e-09,1.4227903963532392e-09,1.4227903904812434e-09,1.4227903846094688e-09,1.4227903787379106e-09,1.4227903728665977e-09,1.422790366995468e-09,1.4227903611245574e-09,1.422790355253892e-09,1.4227903493834087e-09,1.4227903435131445e-09,1.4227903376430964e-09,1.4227903317732627e-09,1.422790325903816e-09,1.4227903200344196e-09,1.4227903141652588e-09,1.4227903082964347e-09,1.4227903024277132e-09,1.4227902965591978e-09,1.4227902906908596e-09,1.4227902848227397e-09,1.422790278954834e-09,1.4227902730871412e-09,1.422790267219662e-09,1.422790261352579e-09,1.422790255485534e-09,1.4227902496188617e-09,1.4227902437522406e-09,1.4227902378858257e-09,1.4227902320196628e-09,1.4227902261536664e-09,1.4227902202880534e-09,1.4227902144224931e-09,1.4227902085571384e-09,1.4227902026919938e-09,1.4227901968270604e-09,1.4227901909623388e-09,1.4227901850978272e-09,1.4227901792338752e-09,1.4227901733697964e-09,1.4227901675059174e-09,1.4227901616422485e-09,1.42279015577879e-09,1.4227901499155627e-09,1.4227901440525204e-09,1.422790138189691e-09,1.4227901323272056e-09,1.4227901264647866e-09,1.4227901206025857e-09,1.422790114740594e-09,1.4227901088788114e-09,1.4227901030172385e-09,1.4227900971558727e-09,1.4227900912947155e-09,1.4227900854337934e-09,1.4227900795730765e-09,1.4227900737125672e-09,1.4227900678522403e-09,1.4227900619921488e-09,1.4227900561322348e-09,1.422790050272533e-09,1.4227900444130377e-09,1.4227900385537764e-09,1.4227900326946922e-09,1.4227900268358182e-09,1.422790020977176e-09,1.4227900151187103e-09,1.4227900092604795e-09,1.4227900034027566e-09,1.422789997544946e-09,1.4227899916873049e-09,1.4227899858298731e-09,1.4227899799726726e-09,1.422789974115674e-09,1.4227899682588535e-09,1.4227899624022428e-09,1.4227899565458365e-09,1.4227899506896356e-09,1.4227899448336383e-09,1.4227899389778458e-09,1.4227899331222568e-09,1.4227899272668727e-09,1.4227899214116926e-09,1.4227899155567157e-09,1.4227899097020839e-09,1.4227899038476657e-09,1.4227898979934523e-09,1.422789892139296e-09,1.422789886285489e-09,1.422789880431739e-09,1.4227898745781852e-09,1.422789868724833e-09,1.4227898628717085e-09,1.4227898570187567e-09,1.422789851166011e-09,1.4227898453134924e-09,1.4227898394611472e-09,1.422789833609008e-09,1.4227898277573856e-09,1.4227898219056591e-09,1.422789816054124e-09,1.4227898102027903e-09,1.4227898043516565e-09,1.4227897985007229e-09,1.4227897926500146e-09,1.422789786799478e-09,1.4227897809494586e-09,1.4227897750993369e-09,1.422789769249405e-09,1.4227897633996732e-09,1.4227897575501406e-09,1.4227897517008078e-09,1.422789745851674e-09,1.42278974000274e-09,1.4227897341540043e-09,1.4227897283054676e-09,1.4227897224574382e-09,1.4227897166093102e-09,1.4227897107613699e-09,1.4227897049136285e-09,1.4227896990660845e-09,1.4227896932187391e-09,1.4227896873715909e-09,1.4227896815246405e-09,1.4227896756778872e-09,1.422789669831332e-09,1.422789663984974e-09,1.4227896581388374e-09,1.422789652292869e-09,1.4227896464471016e-09,1.422789640601554e-09,1.4227896347561758e-09,1.4227896289109977e-09,1.422789623066036e-09,1.422789617221364e-09,1.422789611376767e-09,1.4227896055323726e-09,1.4227895996881745e-09,1.4227895938441714e-09,1.4227895880003643e-09,1.4227895821567514e-09,1.4227895763133344e-09,1.422789570470113e-09,1.4227895646270872e-09,1.4227895587842543e-09,1.4227895529416388e-09,1.4227895470991912e-09,1.4227895412569413e-09,1.422789535414885e-09,1.4227895295733162e-09,1.4227895237316776e-09,1.4227895178904582e-09,1.4227895120492059e-09,1.4227895062081146e-09,1.42278950036722e-09,1.4227894945265178e-09,1.4227894886860087e-09,1.4227894828458086e-09,1.4227894770056907e-09,1.422789471165886e-09,1.422789465326154e-09,1.4227894594866073e-09,1.4227894536472521e-09,1.4227894478081062e-09,1.422789441969171e-09,1.4227894361303947e-09,1.4227894302918276e-09,1.4227894244534497e-09,1.4227894186152406e-09,1.422789412777247e-09,1.4227894069394194e-09,1.4227894011017858e-09,1.4227893952643418e-09,1.422789389427111e-09,1.4227893835900449e-09,1.422789377753172e-09,1.4227893719164895e-09,1.4227893660799963e-09,1.4227893602436937e-09,1.4227893544075802e-09,1.4227893485717782e-09,1.42278934273605e-09,1.4227893369005253e-09,1.4227893310652853e-09,1.422789325230143e-09,1.4227893193951615e-09,1.4227893135606486e-09,1.4227893077263409e-09,1.4227893018919366e-09,1.4227892960577105e-09,1.4227892902236725e-09,1.4227892843898222e-09,1.4227892785564366e-09,1.4227892727229715e-09,1.422789266889685e-09,1.4227892610565845e-09,1.4227892552237047e-09,1.4227892493909816e-09,1.4227892435584422e-09,1.4227892377260912e-09,1.4227892318939246e-09,1.4227892260619446e-09,1.422789220230151e-09,1.4227892143985453e-09,1.422789208567123e-09,1.4227892027359083e-09,1.4227891969048864e-09,1.4227891910742976e-09,1.422789185243761e-09,1.4227891794134174e-09,1.4227891735831165e-09,1.4227891677530133e-09,1.4227891619230708e-09,1.4227891560933378e-09,1.4227891502637653e-09,1.4227891444343805e-09,1.4227891386051794e-09,1.4227891327761625e-09,1.4227891269473301e-09,1.4227891211186822e-09,1.4227891152902172e-09,1.4227891094619364e-09,1.4227891036338544e-09,1.4227890978059364e-09,1.4227890919782257e-09,1.4227890861506733e-09,1.4227890803233282e-09,1.4227890744961425e-09,1.422789068669143e-09,1.4227890628423454e-09,1.422789057015728e-09,1.422789051189293e-09,1.422789045363039e-09,1.4227890395369468e-09,1.4227890337110406e-09,1.4227890278853157e-09,1.422789022059772e-09,1.4227890162344257e-09,1.422789010409262e-09,1.4227890045842588e-09,1.4227889987594596e-09,1.4227889929348385e-09,1.422788987110398e-09,1.4227889812861341e-09,1.422788975462055e-09,1.4227889696381355e-09,1.4227889638144002e-09,1.4227889579908444e-09,1.4227889521674693e-09,1.422788946344362e-09,1.4227889405213393e-09,1.4227889346985025e-09,1.422788928875864e-09,1.422788923053383e-09,1.4227889172311036e-09,1.4227889114089993e-09,1.4227889055870554e-09,1.4227888997653116e-09,1.4227888939437255e-09,1.4227888881223207e-09,1.4227888823011881e-09,1.4227888764801318e-09,1.4227888706592602e-09,1.4227888648385668e-09,1.4227888590180517e-09,1.4227888531977366e-09,1.422788847377592e-09,1.422788841557625e-09,1.422788835737816e-09,1.4227888299182054e-09,1.4227888240987514e-09,1.4227888182794949e-09,1.4227888124603936e-09,1.4227888066414716e-09,1.4227888008229711e-09,1.4227887950044284e-09,1.4227887891860334e-09,1.422788783367817e-09,1.422788777549778e-09,1.4227887717321564e-09,1.422788765914492e-09,1.4227887600969752e-09,1.4227887542796549e-09,1.4227887484625072e-09,1.422788742645516e-09,1.4227887368287026e-09,1.4227887310121332e-09,1.4227887251956634e-09,1.4227887193793733e-09,1.4227887135635264e-09,1.4227887077476077e-09,1.4227887019318386e-09,1.4227886961162458e-09,1.4227886903008271e-09,1.4227886844855824e-09,1.4227886786705112e-09,1.4227886728556135e-09,1.4227886670408894e-09,1.4227886612263385e-09,1.4227886554119605e-09,1.4227886495979795e-09,1.422788643783956e-09,1.4227886379700973e-09,1.4227886321564103e-09,1.4227886263429132e-09,1.4227886205295685e-09,1.4227886147166476e-09,1.4227886089036583e-09,1.4227886030908335e-09,1.422788597278196e-09,1.4227885914657294e-09,1.4227885856534158e-09,1.4227885798412763e-09,1.422788574029309e-09,1.4227885682175123e-09,1.4227885624058867e-09,1.4227885565944494e-09,1.4227885507831797e-09,1.4227885449721712e-09,1.4227885391612346e-09,1.4227885333504623e-09,1.4227885275398597e-09,1.4227885217294279e-09,1.4227885159191839e-09,1.4227885101091068e-09,1.4227885042991994e-09,1.4227884984894612e-09,1.4227884926799826e-09,1.4227884868705744e-09,1.4227884810614308e-09,1.4227884752523614e-09,1.422788469443455e-09,1.4227884636347346e-09,1.4227884578262694e-09,1.4227884520179854e-09,1.4227884462097597e-09,1.4227884404017131e-09,1.4227884345938156e-09,1.4227884287860885e-09,1.4227884229785291e-09,1.4227884171711387e-09,1.4227884113639147e-09,1.4227884055568586e-09,1.4227883997499699e-09,1.4227883939433553e-09,1.4227883881369164e-09,1.4227883823306457e-09,1.4227883765244317e-09,1.4227883707183784e-09,1.4227883649124922e-09,1.422788359106773e-09,1.4227883533012355e-09,1.4227883474958626e-09,1.4227883416906526e-09,1.4227883358856986e-09,1.4227883300808307e-09,1.4227883242761052e-09,1.4227883184715476e-09,1.4227883126671718e-09,1.4227883068629423e-09,1.422788301058881e-09,1.4227882952549856e-09,1.422788289451255e-09,1.4227882836476889e-09,1.4227882778442881e-09,1.4227882720410518e-09,1.4227882662379802e-09,1.4227882604350733e-09,1.4227882546323302e-09,1.4227882488297674e-09,1.42278824302735e-09,1.4227882372250992e-09,1.4227882314230323e-09,1.4227882256211221e-09,1.4227882198193594e-09,1.4227882140177787e-09,1.4227882082163429e-09,1.4227882024150742e-09,1.4227881966139676e-09,1.42278819081304e-09,1.4227881850122723e-09,1.4227881792116516e-09,1.422788173411215e-09,1.4227881676109193e-09,1.4227881618107886e-09,1.422788156010821e-09,1.4227881502110339e-09,1.422788144411403e-09,1.4227881386119177e-09,1.4227881328126126e-09,1.4227881270134507e-09,1.4227881212144537e-09,1.4227881154156384e-09,1.4227881096169606e-09,1.4227881038184473e-09,1.422788098020095e-09,1.4227880922219039e-09,1.4227880864238742e-09,1.4227880806260044e-09,1.4227880748282949e-09,1.422788069030758e-09,1.4227880632333666e-09,1.4227880574361562e-09,1.4227880516390847e-09,1.4227880458421752e-09,1.4227880400454415e-09,1.4227880342488495e-09,1.4227880284524198e-09,1.4227880226561494e-09,1.4227880168600388e-09,1.422788011064087e-09,1.422788005268295e-09,1.4227879994726614e-09,1.422787993677186e-09,1.4227879878818706e-09,1.4227879820867135e-09,1.4227879762917294e-09,1.422787970496886e-09,1.4227879647022182e-09,1.42278795890771e-09,1.4227879531133405e-09,1.4227879473191502e-09,1.4227879415251127e-09,1.4227879357312407e-09,1.4227879299375082e-09,1.4227879241439526e-09,1.4227879183505463e-09,1.4227879125572988e-09,1.4227879067642043e-09,1.4227879009712678e-09,1.422787895178496e-09,1.4227878893858626e-09,1.4227878835933984e-09,1.4227878778010908e-09,1.422787872008936e-09,1.4227878662169232e-09,1.4227878604250689e-09,1.422787854633371e-09,1.422787848841829e-09,1.4227878430504536e-09,1.422787837259235e-09,1.4227878314681718e-09,1.4227878256772493e-09,1.4227878198865028e-09,1.422787814095905e-09,1.4227878083054626e-09,1.4227878025151602e-09,1.4227877967250155e-09,1.4227877909350403e-09,1.4227877851452024e-09,1.4227877793555356e-09,1.4227877735660066e-09,1.4227877677766347e-09,1.4227877619874172e-09,1.4227877561983531e-09,1.4227877504094431e-09,1.4227877446207009e-09,1.4227877388320961e-09,1.4227877330436615e-09,1.4227877272553771e-09,1.422787721467232e-09,1.4227877156792568e-09,1.4227877098914325e-09,1.422787704103761e-09,1.4227876983162425e-09,1.4227876925288769e-09,1.4227876867416632e-09,1.422787680954588e-09,1.4227876751676677e-09,1.4227876693809e-09,1.4227876635942846e-09,1.4227876578078218e-09,1.4227876520215102e-09,1.422787646235351e-09,1.4227876404493434e-09,1.4227876346635037e-09,1.422787628877796e-09,1.422787623092317e-09,1.4227876173069197e-09,1.4227876115216696e-09,1.4227876057365832e-09,1.4227875999516315e-09,1.4227875941668467e-09,1.422787588382196e-09,1.4227875825976989e-09,1.4227875768133657e-09,1.4227875710291801e-09,1.4227875652451315e-09,1.4227875594612359e-09,1.4227875536774895e-09,1.422787547893894e-09,1.4227875421104473e-09,1.4227875363271514e-09,1.4227875305440036e-09,1.4227875247610059e-09,1.422787518978158e-09,1.422787513195459e-09,1.4227875074129092e-09,1.4227875016305076e-09,1.4227874958482554e-09,1.4227874900661523e-09,1.4227874842841968e-09,1.4227874785023907e-09,1.422787472720733e-09,1.4227874669392232e-09,1.422787461158035e-09,1.4227874553768289e-09,1.4227874495957639e-09,1.4227874438148461e-09,1.4227874380340766e-09,1.4227874322534546e-09,1.4227874264729806e-09,1.4227874206926536e-09,1.4227874149124737e-09,1.4227874091324404e-09,1.4227874033525556e-09,1.4227873975728168e-09,1.4227873917932254e-09,1.422787386013781e-09,1.4227873802344825e-09,1.4227873744553313e-09,1.4227873686763258e-09,1.4227873628974667e-09,1.422787357118754e-09,1.422787351340187e-09,1.4227873455617796e-09,1.4227873397835018e-09,1.4227873340053722e-09,1.4227873282273897e-09,1.4227873224495513e-09,1.422787316671859e-09,1.4227873108944678e-09,1.422787305117244e-09,1.4227872993399952e-09,1.4227872935628838e-09,1.4227872877859168e-09,1.4227872820090946e-09,1.422787276232417e-09,1.4227872704558843e-09,1.4227872646794958e-09,1.422787258903252e-09,1.422787253127152e-09,1.4227872473511962e-09,1.4227872415753844e-09,1.4227872357997163e-09,1.4227872300241924e-09,1.4227872242488118e-09,1.4227872184735753e-09,1.4227872126984821e-09,1.4227872069235325e-09,1.4227872011487255e-09,1.422787195374062e-09,1.4227871895995413e-09,1.4227871838251642e-09,1.4227871780509297e-09,1.4227871722768372e-09,1.422787166502888e-09,1.4227871607290815e-09,1.422787154955417e-09,1.4227871491818947e-09,1.4227871434085144e-09,1.4227871376352768e-09,1.4227871318621929e-09,1.4227871260892365e-09,1.4227871203164243e-09,1.4227871145437535e-09,1.4227871087712238e-09,1.422787102998848e-09,1.4227870972265994e-09,1.4227870914544942e-09,1.4227870856825422e-09,1.422787079910717e-09,1.4227870741390345e-09,1.4227870683674929e-09,1.4227870625960924e-09,1.4227870568248326e-09,1.4227870510537128e-09,1.4227870452827336e-09,1.4227870395118946e-09,1.4227870337411959e-09,1.4227870279706369e-09,1.422787022200218e-09,1.4227870164299391e-09,1.4227870106598e-09,1.4227870048898005e-09,1.4227869991199403e-09,1.4227869933502192e-09,1.4227869875806382e-09,1.4227869818113522e-09,1.4227869760422156e-09,1.422786970273059e-09,1.4227869645040345e-09,1.422786958735148e-09,1.4227869529664006e-09,1.4227869471977917e-09,1.422786941429321e-09,1.4227869356609888e-09,1.422786929892795e-09,1.4227869241247392e-09,1.4227869183568216e-09,1.4227869125890415e-09,1.4227869068213998e-09,1.4227869010540484e-09,1.4227868952866887e-09,1.4227868895194602e-09,1.4227868837523687e-09,1.4227868779854148e-09,1.4227868722187508e-09,1.422786866452078e-09,1.4227868606855355e-09,1.4227868549191296e-09,1.4227868491528608e-09,1.4227868433867283e-09,1.4227868376207328e-09,1.4227868318548737e-09,1.4227868260893014e-09,1.4227868203237218e-09,1.4227868145582719e-09,1.4227868087929721e-09,1.4227868030277917e-09,1.4227867972627498e-09,1.4227867914978431e-09,1.4227867857330721e-09,1.4227867799684368e-09,1.4227867742039371e-09,1.4227867684395729e-09,1.422786762675344e-09,1.4227867569112502e-09,1.4227867511472917e-09,1.4227867453834676e-09,1.4227867396197787e-09,1.4227867338562247e-09,1.4227867280928054e-09,1.4227867223295206e-09,1.4227867165663696e-09,1.4227867108033537e-09,1.4227867050404722e-09,1.4227866992777251e-09,1.4227866935151112e-09,1.4227866877526315e-09,1.422786681990286e-09,1.4227866762280737e-09,1.4227866704661412e-09,1.422786664704203e-09,1.4227866589423923e-09,1.4227866531807144e-09,1.4227866474191698e-09,1.4227866416577586e-09,1.4227866358964802e-09,1.4227866301353347e-09,1.4227866243743226e-09,1.4227866186134427e-09,1.4227866128526957e-09,1.422786607092081e-09,1.4227866013315988e-09,1.4227865955712493e-09,1.422786589811032e-09,1.4227865840509467e-09,1.4227865782909934e-09,1.4227865725311816e-09,1.4227865667715606e-09,1.4227865610120615e-09,1.4227865552526301e-09,1.4227865494933357e-09,1.4227865437341827e-09,1.422786537975149e-09,1.4227865322162485e-09,1.4227865264574793e-09,1.422786520698841e-09,1.4227865149403337e-09,1.4227865091819576e-09,1.4227865034237119e-09,1.422786497665597e-09,1.4227864919076126e-09,1.4227864861497597e-09,1.4227864803920444e-09,1.4227864746344492e-09,1.4227864688769964e-09,1.4227864631196614e-09,1.4227864573624583e-09,1.4227864516053854e-09,1.4227864458484429e-09,1.4227864400916887e-09,1.422786434335009e-09,1.4227864285785143e-09,1.4227864228220937e-09,1.4227864170658113e-09,1.4227864113096525e-09,1.4227864055536256e-09,1.4227863997977145e-09,1.422786394041935e-09,1.4227863882862845e-09,1.4227863825307628e-09,1.4227863767753698e-09,1.4227863710201054e-09,1.4227863652649687e-09,1.4227863595099612e-09,1.4227863537550814e-09,1.4227863480003296e-09,1.4227863422457166e-09,1.4227863364912188e-09,1.422786330736851e-09,1.4227863249826113e-09,1.422786319228509e-09,1.422786313474522e-09,1.4227863077206642e-09,1.4227863019669342e-09,1.4227862962133325e-09,1.4227862904598568e-09,1.4227862847065088e-09,1.422786278953288e-09,1.4227862732002033e-09,1.4227862674472438e-09,1.422786261694401e-09,1.4227862559416864e-09,1.4227862501890991e-09,1.4227862444366496e-09,1.4227862386843124e-09,1.4227862329321031e-09,1.4227862271800203e-09,1.4227862214280646e-09,1.422786215676234e-09,1.422786209924529e-09,1.42278620417296e-09,1.4227861984215045e-09,1.4227861926701766e-09,1.4227861869189743e-09,1.422786181167907e-09,1.4227861754169532e-09,1.422786169666127e-09,1.4227861639154353e-09,1.4227861581648564e-09,1.4227861524144046e-09,1.4227861466640778e-09,1.422786140913876e-09,1.4227861351637986e-09,1.4227861294138554e-09,1.4227861236640247e-09,1.422786117914321e-09,1.4227861121647414e-09,1.4227861064152857e-09,1.4227861006659544e-09,1.4227860949167584e-09,1.4227860891676724e-09,1.4227860834188406e-09,1.4227860776700106e-09,1.4227860719213642e-09,1.42278606617278e-09,1.4227860604243143e-09,1.422786054675972e-09,1.4227860489277526e-09,1.422786043179657e-09,1.4227860374316842e-09,1.4227860316838433e-09,1.4227860259361236e-09,1.4227860201885168e-09,1.422786014441035e-09,1.422786008693676e-09,1.4227860029464483e-09,1.4227859971993319e-09,1.4227859914523473e-09,1.4227859857054852e-09,1.4227859799587434e-09,1.422785974212116e-09,1.4227859684656119e-09,1.4227859627192301e-09,1.42278595697298e-09,1.422785951226839e-09,1.4227859454808221e-09,1.422785939734927e-09,1.4227859339891528e-09,1.4227859282435002e-09,1.4227859224979777e-09,1.4227859167525741e-09,1.4227859110072828e-09,1.4227859052621154e-09,1.4227858995170764e-09,1.4227858937721476e-09,1.4227858880273416e-09,1.4227858822826562e-09,1.422785876538091e-09,1.4227858707936463e-09,1.422785865049322e-09,1.422785859305118e-09,1.4227858535610462e-09,1.4227858478170796e-09,1.4227858420732354e-09,1.4227858363295114e-09,1.4227858305859072e-09,1.4227858248424226e-09,1.4227858190990572e-09,1.4227858133558115e-09,1.4227858076126852e-09,1.4227858018696787e-09,1.422785796126791e-09,1.422785790384031e-09,1.4227857846413797e-09,1.422785778898849e-09,1.422785773156437e-09,1.422785767414144e-09,1.4227857616719698e-09,1.422785755929914e-09,1.422785750187977e-09,1.4227857444461668e-09,1.4227857387044735e-09,1.4227857329628894e-09,1.4227857272214337e-09,1.4227857214800854e-09,1.4227857157388574e-09,1.422785709997747e-09,1.422785704256755e-09,1.4227856985158797e-09,1.422785692775123e-09,1.4227856870344833e-09,1.422785681293961e-09,1.4227856755535568e-09,1.4227856698132695e-09,1.422785664073099e-09,1.4227856583330457e-09,1.4227856525931182e-09,1.4227856468532969e-09,1.4227856411135942e-09,1.4227856353740086e-09,1.4227856296345392e-09,1.422785623895187e-09,1.4227856181559596e-09,1.4227856124168374e-09,1.4227856066778339e-09,1.4227856009390068e-09,1.4227855952002403e-09,1.4227855894615958e-09,1.4227855837230545e-09,1.4227855779846313e-09,1.4227855722463243e-09,1.4227855665081329e-09,1.4227855607700562e-09,1.422785555032096e-09,1.4227855492943085e-09,1.4227855435566425e-09,1.4227855378190326e-09,1.4227855320815334e-09,1.4227855263441493e-09,1.42278552060688e-09,1.4227855148697259e-09,1.422785509132686e-09,1.422785503395761e-09,1.4227854976589509e-09,1.4227854919222554e-09,1.4227854861856741e-09,1.4227854804492076e-09,1.4227854747128552e-09,1.422785468976617e-09,1.4227854632404933e-09,1.4227854575044828e-09,1.4227854517686257e-09,1.422785446032839e-09,1.422785440297179e-09,1.4227854345800932e-09,1.4227854288631216e-09,1.422785423146271e-09,1.422785417429532e-09,1.4227854117129095e-09,1.4227854059964037e-09,1.4227854002800352e-09,1.4227853945637634e-09,1.4227853888476054e-09,1.4227853831315632e-09,1.4227853774156765e-09,1.4227853716998703e-09,1.42278536598418e-09,1.4227853602686044e-09,1.422785354553145e-09,1.422785348837817e-09,1.4227853431225904e-09,1.422785337407472e-09,1.4227853316924685e-09,1.4227853259775804e-09,1.4227853202628067e-09,1.4227853145481662e-09,1.4227853088336224e-09,1.422785303119198e-09,1.4227852974049013e-09,1.4227852916907015e-09,1.4227852859766786e-09,1.422785280262702e-09,1.4227852745489243e-09,1.4227852688351763e-09,1.4227852631215507e-09,1.4227852574081178e-09,1.4227852516947119e-09,1.4227852459814246e-09,1.4227852402682517e-09,1.422785234555193e-09,1.422785228842265e-09,1.4227852231109603e-09,1.422785217398248e-09,1.4227852116857122e-09,1.4227852059732382e-09,1.4227852002608675e-09,1.4227851945486042e-09,1.4227851888364519e-09,1.422785183124412e-09,1.4227851774124883e-09,1.4227851717006765e-09,1.4227851659890473e-09,1.42278516027761e-09,1.4227851545662007e-09,1.422785148854836e-09,1.4227851431435834e-09,1.4227851374324517e-09,1.4227851317214348e-09,1.4227851260105276e-09,1.4227851202997318e-09,1.4227851145890454e-09,1.422785108878469e-09,1.422785103168008e-09,1.4227850974576725e-09,1.4227850917474369e-09,1.4227850860373094e-09,1.4227850803272943e-09,1.4227850746173894e-09,1.4227850689076298e-09,1.4227850631979616e-09,1.4227850574883826e-09,1.4227850517789171e-09,1.4227850460695627e-09,1.4227850403603586e-09,1.4227850346512335e-09,1.4227850289422182e-09,1.4227850232334585e-09,1.4227850175061313e-09,1.422785011797604e-09,1.4227850060890161e-09,1.4227850003620206e-09,1.4227849946538246e-09,1.4227849889455766e-09,1.4227849832375282e-09,1.4227849775294942e-09,1.4227849718215823e-09,1.4227849661138574e-09,1.42278496040617e-09,1.4227849546985803e-09,1.4227849489911073e-09,1.4227849432838154e-09,1.422784937576549e-09,1.4227849318694145e-09,1.4227849261623896e-09,1.4227849204556056e-09,1.4227849147488462e-09,1.4227849090422722e-09,1.422784903335803e-09,1.4227848976293014e-09,1.4227848919229193e-09,1.422784886216681e-09,1.4227848805105087e-09,1.422784874804463e-09,1.4227848690985256e-09,1.422784863392701e-09,1.4227848576869698e-09,1.4227848519813486e-09,1.4227848462758338e-09,1.422784840570425e-09,1.4227848348652701e-09,1.4227848291602129e-09,1.4227848234552628e-09,1.4227848177504214e-09,1.4227848120455776e-09,1.4227848063408276e-09,1.4227848006363196e-09,1.422784794931767e-09,1.4227847892273312e-09,1.4227847835230157e-09,1.4227847778188045e-09,1.4227847721147202e-09,1.4227847664107455e-09,1.4227847607069915e-09,1.4227847550032005e-09,1.4227847492995106e-09,1.42278474359607e-09,1.4227847378925842e-09,1.4227847321892124e-09,1.422784726485947e-09,1.4227847207827859e-09,1.4227847150797354e-09,1.4227847093767852e-09,1.422784703673962e-09,1.4227846979712438e-09,1.422784692268759e-09,1.422784686566225e-09,1.4227846808638037e-09,1.4227846751614973e-09,1.4227846694592925e-09,1.4227846637571937e-09,1.4227846580553474e-09,1.4227846523534467e-09,1.422784646651659e-09,1.4227846409499767e-09,1.4227846352484e-09,1.4227846295469284e-09,1.4227846238455612e-09,1.42278461814432e-09,1.422784612443172e-09,1.4227846067421266e-09,1.4227846010411819e-09,1.4227845953403803e-09,1.4227845896396449e-09,1.4227845839390178e-09,1.422784578238496e-09,1.4227845725380796e-09,1.4227845668377655e-09,1.422784561137691e-09,1.4227845554376954e-09,1.42278454973781e-09,1.4227845440379023e-09,1.422784538338107e-09,1.4227845326384148e-09,1.4227845269388267e-09,1.4227845212393446e-09,1.4227845155399662e-09,1.4227845098406885e-09,1.4227845041415102e-09,1.4227844984424389e-09,1.4227844927434777e-09,1.4227844870446208e-09,1.4227844813458649e-09,1.4227844756472114e-09,1.422784469948659e-09,1.4227844642502208e-09,1.4227844585520236e-09,1.422784452853772e-09,1.4227844471556324e-09,1.4227844414575889e-09,1.4227844357596458e-09,1.4227844300618094e-09,1.422784424364089e-09,1.4227844186664572e-09,1.4227844129689238e-09,1.422784407271494e-09,1.422784401574167e-09,1.4227843958769394e-09,1.4227843901798138e-09,1.4227843844828638e-09,1.4227843787859369e-09,1.4227843730891208e-09,1.4227843673924198e-09,1.422784361695807e-09,1.4227843559992964e-09,1.4227843503029026e-09,1.4227843446065928e-09,1.4227843389103856e-09,1.42278433321428e-09,1.4227843275183396e-09,1.4227843218224267e-09,1.422784316126619e-09,1.4227843104309165e-09,1.422784304735315e-09,1.4227842990398146e-09,1.4227842933444147e-09,1.4227842876492524e-09,1.4227842819541703e-09,1.4227842762590595e-09,1.422784270564057e-09,1.4227842648691572e-09,1.4227842591743582e-09,1.4227842534796651e-09,1.4227842477850707e-09,1.4227842420905691e-09,1.4227842363961676e-09,1.42278423070187e-09,1.4227842250076725e-09,1.4227842193135744e-09,1.4227842136195762e-09,1.4227842079256726e-09,1.4227842022318737e-09,1.4227841965381693e-09,1.422784190844564e-09,1.4227841851510629e-09,1.422784179457656e-09,1.422784173764349e-09,1.4227841680711404e-09,1.422784162378031e-09,1.4227841566850917e-09,1.4227841509921752e-09,1.4227841452993652e-09,1.4227841396066578e-09,1.4227841339140473e-09,1.4227841282215345e-09,1.4227841225292407e-09,1.4227841168369222e-09,1.4227841111447094e-09,1.4227841054526058e-09,1.4227840997605846e-09,1.4227840940686574e-09,1.4227840883768321e-09,1.4227840826852424e-09,1.422784076993605e-09,1.4227840713020725e-09,1.4227840656106383e-09,1.422784059919301e-09,1.4227840542280665e-09,1.42278404853693e-09,1.4227840428459016e-09,1.4227840371549556e-09,1.422784031464107e-09,1.4227840257733514e-09,1.4227840200826923e-09,1.4227840143921349e-09,1.4227840087016714e-09,1.4227840030113104e-09,1.4227839973210397e-09,1.42278399163087e-09,1.4227839859407945e-09,1.4227839802508227e-09,1.4227839745609455e-09,1.42278396887116e-09,1.422783963181471e-09,1.422783957491878e-09,1.4227839518023986e-09,1.4227839461129968e-09,1.4227839404237083e-09,1.4227839347345015e-09,1.4227839290453948e-09,1.4227839233563848e-09,1.4227839176675033e-09,1.4227839119786838e-09,1.4227839062899595e-09,1.422783900601329e-09,1.4227838949127968e-09,1.4227838892243613e-09,1.4227838835361593e-09,1.4227838778479e-09,1.4227838721597417e-09,1.422783866471697e-09,1.4227838607837346e-09,1.4227838550958794e-09,1.4227838494081032e-09,1.4227838437204256e-09,1.422783838032838e-09,1.4227838323453505e-09,1.4227838266579918e-09,1.4227838209706966e-09,1.4227838152834978e-09,1.4227838095963869e-09,1.4227838039094317e-09,1.4227837982225641e-09,1.4227837925357288e-09,1.4227837868489965e-09,1.4227837811623588e-09,1.4227837754758697e-09,1.4227837697894693e-09,1.4227837641031049e-09,1.4227837584168387e-09,1.4227837527306664e-09,1.4227837470445882e-09,1.422783741358608e-09,1.4227837356727232e-09,1.4227837299869326e-09,1.4227837243012678e-09,1.4227837186156615e-09,1.4227837129301487e-09,1.4227837072447254e-09,1.422783701559399e-09,1.4227836958741677e-09,1.4227836901890317e-09,1.422783684503983e-09,1.42278367881909e-09,1.4227836731342278e-09,1.4227836674494615e-09,1.4227836617647819e-09,1.422783656080195e-09,1.4227836503957183e-09,1.422783644711426e-09,1.42278363902711e-09,1.4227836333428972e-09,1.4227836276587765e-09,1.42278362197494e-09,1.4227836162909959e-09,1.4227836106071531e-09,1.4227836049234659e-09,1.422783599239818e-09,1.4227835935562523e-09,1.422783587872777e-09,1.4227835821894079e-09,1.4227835765061156e-09,1.422783570822915e-09,1.4227835651399302e-09,1.4227835594570234e-09,1.4227835537740935e-09,1.4227835480912733e-09,1.422783542408526e-09,1.4227835367258754e-09,1.422783531043319e-09,1.4227835253608516e-09,1.4227835196784731e-09,1.4227835139961826e-09,1.4227835083139876e-09,1.4227835026318821e-09,1.4227834969498625e-09,1.4227834912679338e-09,1.422783485586102e-09,1.4227834799043609e-09,1.4227834742227097e-09,1.422783468541145e-09,1.4227834628597086e-09,1.4227834571783312e-09,1.4227834514970451e-09,1.4227834458158462e-09,1.422783440134731e-09,1.422783434453706e-09,1.4227834287727753e-09,1.4227834230919342e-09,1.4227834174112978e-09,1.422783411730627e-09,1.4227834060500531e-09,1.4227834003695717e-09,1.4227833946892345e-09,1.4227833890089273e-09,1.4227833833287095e-09,1.4227833776485984e-09,1.4227833719685774e-09,1.4227833662886468e-09,1.4227833606088484e-09,1.42278335492913e-09,1.422783349249444e-09,1.4227833435698676e-09,1.4227833378903705e-09,1.4227833322109614e-09,1.422783326531641e-09,1.4227833208524686e-09,1.4227833151733193e-09,1.4227833094942644e-09,1.4227833038152996e-09,1.4227832981364224e-09,1.4227832924576319e-09,1.4227832867789292e-09,1.422783281100315e-09,1.4227832754217886e-09,1.4227832697434042e-09,1.4227832640651036e-09,1.4227832583868375e-09,1.4227832527086649e-09,1.4227832470305803e-09,1.422783241352583e-09,1.4227832356746698e-09,1.422783229996849e-09,1.4227832243191161e-09,1.4227832186414681e-09,1.422783212963906e-09,1.4227832072864294e-09,1.4227832016090403e-09,1.4227831959317422e-09,1.4227831902545455e-09,1.4227831845774368e-09,1.4227831789005144e-09,1.422783173223554e-09,1.4227831675466917e-09,1.4227831618699168e-09,1.4227831561932465e-09,1.422783150516636e-09,1.4227831448401188e-09,1.4227831391636878e-09,1.4227831334873436e-09,1.422783127811087e-09,1.4227831221349333e-09,1.422783116458847e-09,1.422783110782849e-09,1.4227831051069391e-09,1.4227830994311176e-09,1.4227830937553824e-09,1.4227830880797317e-09,1.422783082404171e-09,1.4227830767286942e-09,1.4227830710532989e-09,1.4227830653779895e-09,1.4227830597027683e-09,1.4227830540276457e-09,1.4227830483526161e-09,1.4227830426776428e-09,1.4227830370027684e-09,1.4227830313279743e-09,1.4227830256532682e-09,1.4227830199786456e-09,1.422783014304108e-09,1.422783008629656e-09,1.422783002955306e-09,1.4227829972810131e-09,1.4227829916068174e-09,1.4227829859327128e-09,1.4227829802586813e-09,1.4227829745847388e-09,1.422782968910877e-09,1.4227829632370996e-09,1.4227829575634118e-09,1.422782951889808e-09,1.4227829462162844e-09,1.4227829405428656e-09,1.4227829348695148e-09,1.4227829291962637e-09,1.4227829235230829e-09,1.422782917849998e-09,1.422782912176976e-09,1.4227829065040473e-09,1.422782900831202e-09,1.4227828951584608e-09,1.4227828894857873e-09,1.4227828838132016e-09,1.4227828781407093e-09,1.422782872468287e-09,1.4227828667959458e-09,1.422782861123685e-09,1.4227828554515115e-09,1.422782849779419e-09,1.422782844107409e-09,1.4227828384354796e-09,1.4227828327636337e-09,1.4227828270918711e-09,1.4227828214202105e-09,1.422782815748622e-09,1.4227828100771104e-09,1.4227828044057203e-09,1.42278279873437e-09,1.4227827930631132e-09,1.4227827873919334e-09,1.4227827817208404e-09,1.4227827760498258e-09,1.4227827703789044e-09,1.4227827647080567e-09,1.4227827590372923e-09,1.42278275336663e-09,1.4227827476960302e-09,1.4227827420255481e-09,1.4227827363551247e-09,1.4227827306847667e-09,1.422782725014499e-09,1.4227827193443457e-09,1.4227827136742503e-09,1.4227827080042208e-09,1.4227827023342972e-09,1.422782696664432e-09,1.4227826909946881e-09,1.4227826853250166e-09,1.4227826796553937e-09,1.4227826739858951e-09,1.4227826683164354e-09,1.4227826626470807e-09,1.4227826569778268e-09,1.4227826513086228e-09,1.4227826456394969e-09,1.4227826399704598e-09,1.4227826343015007e-09,1.4227826286326207e-09,1.4227826229638535e-09,1.4227826172951368e-09,1.4227826116264955e-09,1.422782605957965e-09,1.4227826002894798e-09,1.4227825946210806e-09,1.422782588952763e-09,1.4227825832845262e-09,1.4227825776163701e-09,1.4227825719482945e-09,1.4227825662802993e-09,1.4227825606123843e-09,1.42278255494455e-09,1.4227825492767957e-09,1.4227825436091194e-09,1.4227825379415272e-09,1.4227825322740149e-09,1.422782526606579e-09,1.422782520939221e-09,1.4227825152719446e-09,1.4227825096047482e-09,1.42278250393763e-09,1.4227824982705913e-09,1.4227824926036325e-09,1.4227824869367575e-09,1.422782481269958e-09,1.4227824756032373e-09,1.4227824699365966e-09,1.422782464270035e-09,1.4227824586035588e-09,1.4227824529371638e-09,1.422782447270844e-09,1.4227824416046185e-09,1.4227824359384704e-09,1.4227824302724021e-09,1.4227824246064135e-09,1.4227824189404852e-09,1.42278241327464e-09,1.422782407608869e-09,1.4227824019431811e-09,1.4227823962775678e-09,1.4227823906120396e-09,1.4227823849466023e-09,1.4227823792812423e-09,1.4227823736159433e-09,1.422782367950727e-09,1.4227823622855851e-09,1.422782356620525e-09,1.4227823509555568e-09,1.422782345290649e-09,1.4227823396258263e-09,1.4227823339610772e-09,1.4227823282964085e-09,1.4227823226318192e-09,1.422782316967308e-09,1.4227823113028703e-09,1.4227823056385102e-09,1.4227822999742274e-09,1.4227822943100273e-09,1.422782288645898e-09,1.4227822829818469e-09,1.4227822773178726e-09,1.4227822716539777e-09,1.4227822659901606e-09,1.4227822603264208e-09,1.4227822546627644e-09,1.4227822489991805e-09,1.4227822433356792e-09,1.4227822376722548e-09,1.4227822320089247e-09,1.422782226345659e-09,1.4227822206824621e-09,1.4227822150193436e-09,1.4227822093562997e-09,1.4227822036933327e-09,1.4227821980304418e-09,1.4227821923676237e-09,1.4227821867049039e-09,1.4227821810422506e-09,1.4227821753796678e-09,1.4227821697171728e-09,1.4227821640547416e-09,1.4227821583923822e-09,1.4227821527301195e-09,1.4227821470679169e-09,1.4227821414058066e-09,1.4227821357437568e-09,1.422782130081781e-09,1.4227821244198782e-09,1.4227821187580587e-09,1.4227821130963056e-09,1.422782107434634e-09,1.422782101773053e-09,1.4227820961115312e-09,1.4227820904500947e-09,1.4227820847887184e-09,1.4227820791274211e-09,1.4227820734661995e-09,1.4227820678050612e-09,1.4227820621439903e-09,1.4227820564829947e-09,1.4227820508220918e-09,1.4227820451612467e-09,1.4227820395004945e-09,1.4227820338398051e-09,1.4227820281791857e-09,1.422782022518645e-09,1.4227820168581811e-09,1.4227820111977875e-09,1.4227820055374673e-09,1.422781999877222e-09,1.4227819942170512e-09,1.4227819885569874e-09,1.4227819828969623e-09,1.4227819772370146e-09,1.4227819715771474e-09,1.4227819659173508e-09,1.4227819602576274e-09,1.4227819545979795e-09,1.4227819489384046e-09,1.4227819432789016e-09,1.4227819376194791e-09,1.4227819319601302e-09,1.4227819263008572e-09,1.4227819206416556e-09,1.4227819149825234e-09,1.4227819093234706e-09,1.4227819036644917e-09,1.4227818980055878e-09,1.4227818923467545e-09,1.422781886687992e-09,1.4227818810293148e-09,1.4227818753707143e-09,1.4227818697121788e-09,1.4227818640537154e-09,1.4227818583953252e-09,1.422781852737035e-09,1.4227818470787814e-09,1.4227818414206124e-09,1.422781835762517e-09,1.4227818301045002e-09,1.4227818244465453e-09,1.4227818187886798e-09,1.4227818131308748e-09,1.4227818074731493e-09,1.4227818018154864e-09,1.4227817961579068e-09,1.422781790500389e-09,1.4227817848429477e-09,1.4227817791855871e-09,1.4227817735282952e-09,1.4227817678710635e-09,1.4227817622139083e-09,1.4227817565568439e-09,1.4227817508998353e-09,1.4227817452428976e-09,1.4227817395860358e-09,1.4227817339292816e-09,1.4227817282725673e-09,1.4227817226159253e-09,1.4227817169593504e-09,1.4227817113028511e-09,1.422781705646424e-09,1.4227816999900685e-09,1.4227816943337829e-09,1.422781688677563e-09,1.422781683021417e-09,1.4227816773653466e-09,1.4227816717093484e-09,1.4227816660534356e-09,1.4227816603975817e-09,1.4227816547417984e-09,1.4227816490860982e-09,1.4227816434304574e-09,1.4227816377748874e-09,1.422781632119389e-09,1.4227816264639616e-09,1.4227816208086053e-09,1.4227816151533227e-09,1.422781609498108e-09,1.4227816038429748e-09,1.4227815981879308e-09,1.4227815925329205e-09,1.4227815868779904e-09,1.422781581223131e-09,1.4227815755683378e-09,1.4227815699136544e-09,1.4227815642590089e-09,1.4227815586044388e-09,1.422781552949925e-09,1.4227815472954958e-09,1.4227815416411397e-09,1.4227815359868575e-09,1.4227815303326326e-09,1.4227815246784739e-09,1.4227815190243854e-09,1.4227815133703845e-09,1.4227815077164404e-09,1.4227815020625668e-09,1.422781496408759e-09,1.4227814907550256e-09,1.422781485101362e-09,1.4227814794477677e-09,1.4227814737942583e-09,1.4227814681408018e-09,1.4227814624874173e-09,1.4227814568340982e-09,1.4227814511808487e-09,1.4227814455276685e-09,1.4227814398745712e-09,1.4227814342215287e-09,1.422781428568574e-09,1.4227814229156895e-09,1.4227814172628615e-09,1.4227814116100984e-09,1.4227814059574095e-09,1.4227814003047879e-09,1.4227813946522372e-09,1.4227813889997555e-09,1.4227813833473562e-09,1.4227813776950237e-09,1.422781372042743e-09,1.4227813663905317e-09,1.422781360738389e-09,1.4227813550863162e-09,1.4227813494343091e-09,1.422781343782373e-09,1.4227813381305053e-09,1.4227813324787096e-09,1.4227813268269832e-09,1.4227813211753248e-09,1.4227813155237349e-09,1.4227813098722262e-09,1.4227813042207686e-09,1.4227812985693838e-09,1.422781292918067e-09,1.4227812872668183e-09,1.4227812816156347e-09,1.4227812759645378e-09,1.4227812703134975e-09,1.422781264662537e-09,1.4227812590116304e-09,1.4227812533607855e-09,1.4227812477100093e-09,1.4227812420593024e-09,1.422781236408668e-09,1.4227812307580995e-09,1.4227812251076111e-09,1.4227812194571832e-09,1.422781213806825e-09,1.4227812081565262e-09,1.4227812025063077e-09,1.4227811968561443e-09,1.4227811912060447e-09,1.4227811855560105e-09,1.4227811799060468e-09,1.422781174256147e-09,1.4227811686063322e-09,1.4227811629565668e-09,1.4227811573068657e-09,1.422781151657234e-09,1.4227811460076716e-09,1.4227811403581792e-09,1.4227811347087496e-09,1.422781129059389e-09,1.4227811234100954e-09,1.4227811177608644e-09,1.4227811121117043e-09,1.4227811064626025e-09,1.4227811008135709e-09,1.4227810951646047e-09,1.4227810895157108e-09,1.4227810838668789e-09,1.4227810782181162e-09,1.4227810725694165e-09,1.4227810669207827e-09,1.4227810612722192e-09,1.4227810556237272e-09,1.4227810499753054e-09,1.422781044326936e-09,1.4227810386786323e-09,1.4227810330304121e-09,1.422781027382245e-09,1.4227810217341392e-09,1.4227810160860993e-09,1.422781010438129e-09,1.422781004790225e-09,1.4227809991423864e-09,1.4227809934946092e-09,1.4227809878468974e-09,1.4227809821992563e-09,1.4227809765516823e-09,1.422780970904183e-09,1.4227809652567322e-09,1.422780959609352e-09,1.4227809539620427e-09,1.4227809483147895e-09,1.4227809426675998e-09,1.4227809370204762e-09,1.4227809313734343e-09,1.422780925726445e-09,1.422780920079534e-09,1.4227809144326773e-09,1.4227809087858842e-09,1.4227809031391541e-09,1.4227808974924899e-09,1.422780891845896e-09,1.422780886199353e-09,1.422780880552896e-09,1.4227808749064953e-09,1.4227808692601495e-09,1.422780863613873e-09,1.4227808579676638e-09,1.4227808523215188e-09,1.4227808466754376e-09,1.4227808410294153e-09,1.4227808353834599e-09,1.4227808297375649e-09,1.4227808240917364e-09,1.4227808184459748e-09,1.4227808128002725e-09,1.4227808071546348e-09,1.4227808015090597e-09,1.4227807958635491e-09,1.4227807902181043e-09,1.4227807845727209e-09,1.4227807789274018e-09,1.4227807732821446e-09,1.4227807676369537e-09,1.4227807619918408e-09,1.422780756346782e-09,1.422780750701785e-09,1.4227807450275993e-09,1.4227807393827277e-09,1.4227807337086575e-09,1.4227807280639127e-09,1.422780722419227e-09,1.4227807167453396e-09,1.4227807110715126e-09,1.4227807053977482e-09,1.4227806997240455e-09,1.4227806940504043e-09,1.4227806883768254e-09,1.4227806827033072e-09,1.4227806770298495e-09,1.4227806713564532e-09,1.4227806656831183e-09,1.4227806600098442e-09,1.4227806543366397e-09,1.4227806486634853e-09,1.4227806429903932e-09,1.422780637317363e-09,1.4227806316443948e-09,1.422780625971487e-09,1.4227806202986389e-09,1.4227806146258522e-09,1.4227806089531257e-09,1.4227806032804595e-09,1.4227805976078548e-09,1.42278059193531e-09,1.422780586262826e-09,1.4227805805904105e-09,1.4227805749180453e-09,1.4227805692457432e-09,1.4227805635735017e-09,1.4227805579013203e-09,1.4227805522291983e-09,1.4227805465571369e-09,1.4227805408851441e-09,1.4227805352132001e-09,1.4227805295413184e-09,1.4227805238694975e-09,1.4227805181977353e-09,1.4227805125260333e-09,1.4227805068543913e-09,1.4227805011828088e-09,1.4227804955112865e-09,1.4227804898398237e-09,1.4227804841684206e-09,1.4227804784970775e-09,1.4227804728257939e-09,1.4227804671545838e-09,1.4227804614834164e-09,1.4227804558123106e-09,1.4227804501412794e-09,1.4227804444702904e-09,1.4227804387993633e-09,1.422780433128495e-09,1.4227804274576868e-09,1.4227804217869377e-09,1.4227804161162476e-09,1.4227804104456163e-09,1.4227804047750445e-09,1.422780399104535e-09,1.422780393434083e-09,1.4227803877636965e-09,1.4227803820933585e-09,1.4227803764230812e-09,1.4227803707528631e-09,1.4227803650827048e-09,1.4227803594126049e-09,1.4227803537425626e-09,1.42278034807258e-09,1.4227803424026565e-09,1.4227803367328055e-09,1.4227803310629984e-09,1.4227803253932547e-09,1.4227803197235665e-09,1.4227803140539345e-09,1.422780308384361e-09,1.4227803027148446e-09,1.4227802970453868e-09,1.4227802913759868e-09,1.4227802857066454e-09,1.4227802800373622e-09,1.4227802743681382e-09,1.4227802686989715e-09,1.4227802630298623e-09,1.4227802573608104e-09,1.4227802516918246e-09,1.422780246022887e-09,1.422780240354009e-09,1.4227802346851894e-09,1.4227802290164402e-09,1.422780223347747e-09,1.4227802176790973e-09,1.4227802120105078e-09,1.4227802063419757e-09,1.4227802006735157e-09,1.4227801950050961e-09,1.4227801893367363e-09,1.4227801836684491e-09,1.4227801780002012e-09,1.4227801723320137e-09,1.422780166663883e-09,1.42278016099581e-09,1.4227801553277936e-09,1.422780149659835e-09,1.422780143991933e-09,1.4227801383240892e-09,1.422780132656308e-09,1.422780126988576e-09,1.4227801213209016e-09,1.4227801156532933e-09,1.4227801099857305e-09,1.4227801043182269e-09,1.4227800986507805e-09,1.4227800929833897e-09,1.422780087316057e-09,1.4227800816487793e-09,1.4227800759815587e-09,1.4227800703143946e-09,1.4227800646472895e-09,1.4227800589802451e-09,1.4227800533132485e-09,1.4227800476463104e-09,1.4227800419794284e-09,1.4227800363126095e-09,1.422780030645838e-09,1.4227800249791244e-09,1.4227800193124677e-09,1.422780013645866e-09,1.4227800079793208e-09,1.4227800023128314e-09,1.4227799966463984e-09,1.422779990980021e-09,1.4227799853137e-09,1.4227799796474342e-09,1.4227799739812246e-09,1.4227799683150707e-09,1.422779962648972e-09,1.422779956982937e-09,1.4227799513169484e-09,1.4227799456510166e-09,1.4227799399851408e-09,1.4227799343193207e-09,1.422779928653556e-09,1.422779922987855e-09,1.422779917322199e-09,1.4227799116566003e-09,1.4227799059910569e-09,1.4227799003255685e-09,1.422779894660135e-09,1.4227798889947572e-09,1.4227798833294419e-09,1.4227798776641727e-09,1.4227798719989607e-09,1.422779866333803e-09,1.4227798606687004e-09,1.422779855003653e-09,1.422779849338661e-09,1.4227798436737234e-09,1.4227798380088402e-09,1.4227798323440127e-09,1.422779826679239e-09,1.4227798210145202e-09,1.4227798153498557e-09,1.4227798096852455e-09,1.4227798040206905e-09,1.4227797983561901e-09,1.422779792691744e-09,1.422779787027353e-09,1.4227797813630158e-09,1.4227797756987323e-09,1.4227797700345035e-09,1.422779764370329e-09,1.4227797587062088e-09,1.4227797530421427e-09,1.4227797473781312e-09,1.4227797417141732e-09,1.4227797360502703e-09,1.4227797303864205e-09,1.4227797247226255e-09,1.4227797190588832e-09,1.4227797133951966e-09,1.4227797077315627e-09,1.4227797020679822e-09,1.4227796964044688e-09,1.4227796907410002e-09,1.4227796850775867e-09,1.4227796794142264e-09,1.4227796737509195e-09,1.4227796680876665e-09,1.4227796624244598e-09,1.4227796567613154e-09,1.4227796510982227e-09,1.4227796454351767e-09,1.4227796397721853e-09,1.4227796341092612e-09,1.4227796284463734e-09,1.422779622783542e-09,1.4227796171207639e-09,1.4227796114580393e-09,1.422779605795368e-09,1.4227796001327488e-09,1.4227795944701843e-09,1.4227795888076787e-09,1.4227795831452175e-09,1.4227795774828105e-09,1.4227795718204573e-09,1.4227795661581558e-09,1.4227795604959082e-09,1.4227795548337126e-09,1.4227795491715707e-09,1.4227795435094806e-09,1.4227795378474431e-09,1.4227795321854588e-09,1.4227795265235269e-09,1.4227795208616474e-09,1.4227795151998213e-09,1.4227795095380471e-09,1.4227795038763249e-09,1.4227794982146551e-09,1.4227794925530379e-09,1.4227794868914798e-09,1.4227794812299655e-09,1.4227794755685057e-09,1.4227794699071048e-09,1.4227794642457462e-09,1.4227794585844419e-09,1.4227794529231967e-09,1.4227794472619953e-09,1.4227794416008487e-09,1.4227794359397535e-09,1.4227794302787097e-09,1.4227794246177257e-09,1.4227794189567904e-09,1.4227794132959005e-09,1.422779407635064e-09,1.422779401974279e-09,1.422779396313546e-09,1.4227793906528654e-09,1.4227793849922367e-09,1.422779379331659e-09,1.4227793736711318e-09,1.422779368010656e-09,1.4227793623502318e-09,1.4227793566898593e-09,1.4227793510295372e-09,1.4227793453692677e-09,1.4227793397090488e-09,1.422779334048881e-09,1.4227793283887647e-09,1.4227793227286999e-09,1.422779317068687e-09,1.422779311408725e-09,1.4227793057488131e-09,1.4227793000889524e-09,1.4227792944291426e-09,1.422779288769385e-09,1.4227792831096778e-09,1.4227792774500206e-09,1.4227792717904146e-09,1.42277926613086e-09,1.4227792604713634e-09,1.4227792548119078e-09,1.4227792491525124e-09,1.422779243493158e-09,1.4227792378338554e-09,1.422779232174604e-09,1.4227792265154065e-09,1.4227792208562647e-09,1.4227792151971629e-09,1.4227792095381132e-09,1.4227792038791142e-09,1.4227791982201738e-09,1.4227791925612736e-09,1.4227791869024328e-09,1.4227791812436392e-09,1.4227791755848893e-09,1.4227791699261943e-09,1.4227791642675558e-09,1.4227791586089631e-09,1.422779152950413e-09,1.4227791472919154e-09,1.422779141633468e-09,1.4227791359750713e-09,1.422779130316724e-09,1.4227791246584315e-09,1.4227791190001822e-09,1.4227791133419843e-09,1.422779107683836e-09,1.4227791020257372e-09,1.4227790963676943e-09,1.4227790907097003e-09,1.4227790850517479e-09,1.4227790793938484e-09,1.422779073735997e-09,1.4227790680781953e-09,1.4227790624204428e-09,1.4227790567627425e-09,1.4227790511050978e-09,1.4227790454474924e-09,1.4227790397899373e-09,1.4227790341324328e-09,1.4227790284749769e-09,1.4227790228175698e-09,1.4227790171602125e-09,1.4227790115029037e-09,1.4227790058456509e-09,1.4227790001884384e-09,1.4227789945312772e-09,1.4227789888741722e-09,1.4227789832171063e-09,1.422778977560091e-09,1.4227789719031276e-09,1.422778966246215e-09,1.4227789605893507e-09,1.422778954932539e-09,1.422778949275766e-09,1.4227789436190436e-09,1.4227789379623702e-09,1.4227789323057444e-09,1.4227789266491673e-09,1.422778920992645e-09,1.4227789153361635e-09,1.422778909679732e-09,1.4227789040233498e-09,1.4227788983670208e-09,1.4227788927107328e-09,1.4227788870544948e-09,1.422778881398305e-09,1.4227788757421638e-09,1.4227788700860709e-09,1.422778864430026e-09,1.4227788587740296e-09,1.4227788531180804e-09,1.4227788474621797e-09,1.422778841806327e-09,1.4227788361505228e-09,1.4227788304947656e-09,1.4227788248390563e-09,1.422778819183395e-09,1.422778813527782e-09,1.4227788078722162e-09,1.4227788022167052e-09,1.4227787965612337e-09,1.422778790905812e-09,1.422778785250445e-09,1.4227787795951235e-09,1.4227787739398485e-09,1.4227787682846144e-09,1.42277876262943e-09,1.4227787569742934e-09,1.4227787513192037e-09,1.4227787456641617e-09,1.4227787400091667e-09,1.42277873435422e-09,1.4227787286993204e-09,1.4227787230444682e-09,1.4227787173896624e-09,1.4227787117349044e-09,1.4227787060801937e-09,1.4227787004255293e-09,1.4227786947709123e-09,1.422778689116342e-09,1.4227786834618262e-09,1.422778677807348e-09,1.4227786721529185e-09,1.4227786664985358e-09,1.4227786608442002e-09,1.4227786551899112e-09,1.4227786495356689e-09,1.4227786438814731e-09,1.4227786382273243e-09,1.4227786325732224e-09,1.422778626919168e-09,1.4227786212651593e-09,1.4227786156111972e-09,1.4227786099572814e-09,1.4227786043034244e-09,1.4227785986496108e-09,1.4227785929958321e-09,1.422778587342115e-09,1.4227785816884289e-09,1.4227785760347931e-09,1.4227785703812022e-09,1.4227785647276574e-09,1.4227785590741592e-09,1.4227785534207073e-09,1.4227785477673025e-09,1.4227785421139434e-09,1.4227785364606303e-09,1.4227785308073636e-09,1.4227785251541427e-09,1.4227785195009683e-09,1.4227785138478394e-09,1.422778508194756e-09,1.422778502541719e-09,1.422778496888728e-09,1.4227784912357835e-09,1.4227784855828837e-09,1.422778479930037e-09,1.422778474277234e-09,1.4227784686244689e-09,1.4227784629717587e-09,1.4227784573190922e-09,1.4227784516664642e-09,1.4227784460138837e-09,1.4227784403613485e-09,1.4227784347088586e-09,1.4227784290564144e-09,1.4227784234040146e-09,1.4227784177516622e-09,1.4227784120993551e-09,1.4227784064470927e-09,1.4227784007948751e-09,1.4227783951427032e-09,1.422778389490576e-09,1.4227783838384941e-09,1.4227783781864577e-09,1.4227783725344662e-09,1.4227783668825222e-09,1.4227783612306219e-09,1.4227783555787652e-09,1.4227783499269542e-09,1.4227783442751897e-09,1.4227783386234763e-09,1.4227783329717985e-09,1.4227783273201664e-09,1.422778321668579e-09,1.4227783160170365e-09,1.422778310365538e-09,1.422778304714085e-09,1.422778299062679e-09,1.4227782934113164e-09,1.4227782877599982e-09,1.4227782821087242e-09,1.422778276457494e-09,1.4227782708063093e-09,1.4227782651551749e-09,1.4227782595040835e-09,1.4227782538530294e-09,1.4227782482020218e-09,1.422778242551061e-09,1.4227782369001425e-09,1.4227782312492678e-09,1.4227782255984368e-09,1.42277821994765e-09,1.4227782142969063e-09,1.4227782086462073e-09,1.4227782029955525e-09,1.422778197344942e-09,1.422778191694376e-09,1.4227781860438597e-09,1.422778180393385e-09,1.4227781747429544e-09,1.422778169092562e-09,1.4227781634422162e-09,1.422778157791913e-09,1.4227781521416537e-09,1.4227781464914381e-09,1.4227781408412674e-09,1.4227781351911389e-09,1.4227781295410546e-09,1.4227781238910138e-09,1.4227781182410162e-09,1.4227781125910618e-09,1.4227781069411514e-09,1.4227781012912845e-09,1.4227780956414616e-09,1.4227780899916826e-09,1.4227780843419466e-09,1.4227780786922542e-09,1.4227780730426058e-09,1.422778067393e-09,1.4227780617434368e-09,1.4227780560939168e-09,1.4227780504444403e-09,1.4227780447950137e-09,1.422778039145622e-09,1.4227780334962818e-09,1.4227780278469765e-09,1.4227780221977157e-09,1.4227780165484979e-09,1.422778010899331e-09,1.4227780052501973e-09,1.4227779996011084e-09,1.4227779939520626e-09,1.42277798830306e-09,1.4227779826540998e-09,1.422777977005182e-09,1.4227779713563082e-09,1.4227779657074756e-09,1.4227779600586855e-09,1.4227779544099384e-09,1.4227779487612334e-09,1.422777943112572e-09,1.4227779374639524e-09,1.4227779318153757e-09,1.422777926166841e-09,1.4227779205183498e-09,1.422777914869902e-09,1.4227779092215022e-09,1.4227779035731354e-09,1.422777897924813e-09,1.4227778922765334e-09,1.4227778866282954e-09,1.4227778809801e-09,1.4227778753319466e-09,1.4227778696838352e-09,1.4227778640357655e-09,1.4227778583877387e-09,1.4227778527397548e-09,1.4227778470918127e-09,1.422777841443912e-09,1.4227778357960533e-09,1.4227778301482361e-09,1.4227778245004613e-09,1.4227778188527298e-09,1.4227778132050402e-09,1.4227778075573907e-09,1.4227778019097833e-09,1.4227777962622176e-09,1.4227777906146932e-09,1.422777784967211e-09,1.4227777793197713e-09,1.4227777736723725e-09,1.4227777680250156e-09,1.4227777623776995e-09,1.4227777567304252e-09,1.4227777510831926e-09,1.4227777454360012e-09,1.4227777397888514e-09,1.4227777341417427e-09,1.4227777284946754e-09,1.4227777228476496e-09,1.4227777172006648e-09,1.4227777115537221e-09,1.4227777059068203e-09,1.4227777002599595e-09,1.4227776946131401e-09,1.4227776889663644e-09,1.4227776833196294e-09,1.4227776776729345e-09,1.4227776720262805e-09,1.4227776663796677e-09,1.4227776607331019e-09,1.422777655086568e-09,1.422777649440077e-09,1.4227776437936275e-09,1.4227776381472188e-09,1.4227776325008508e-09,1.422777626854523e-09,1.4227776212082367e-09,1.422777615561991e-09,1.4227776099157858e-09,1.4227776042696346e-09,1.4227775986235086e-09,1.4227775929774252e-09,1.422777587331383e-09,1.4227775816853816e-09,1.4227775760394202e-09,1.4227775703935004e-09,1.422777564747621e-09,1.4227775591017813e-09,1.422777553455983e-09,1.422777547810225e-09,1.4227775421645074e-09,1.4227775365188304e-09,1.4227775308731939e-09,1.4227775252275968e-09,1.4227775195820395e-09,1.422777513936524e-09,1.4227775082910477e-09,1.4227775026456108e-09,1.422777497000215e-09,1.422777491354861e-09,1.4227774857095437e-09,1.4227774800642679e-09,1.4227774744190315e-09,1.4227774687738357e-09,1.4227774631286795e-09,1.422777457483563e-09,1.4227774518384858e-09,1.4227774461934486e-09,1.4227774405484517e-09,1.4227774349034972e-09,1.4227774292585786e-09,1.4227774236137006e-09,1.4227774179688644e-09,1.422777412324067e-09,1.422777406679309e-09,1.4227774010345897e-09,1.4227773953899087e-09,1.4227773897452692e-09,1.4227773841006716e-09,1.4227773784561123e-09,1.4227773728115908e-09,1.4227773671671084e-09,1.4227773615226653e-09,1.4227773558782626e-09,1.4227773502338985e-09,1.4227773445895732e-09,1.422777338945288e-09,1.422777333301042e-09,1.4227773276568352e-09,1.4227773220126805e-09,1.4227773163685633e-09,1.4227773107244751e-09,1.4227773050804266e-09,1.422777299436416e-09,1.422777293792447e-09,1.422777288148515e-09,1.4227772825046212e-09,1.4227772768607654e-09,1.4227772712169491e-09,1.4227772655731719e-09,1.4227772599294333e-09,1.422777254285734e-09,1.4227772486420741e-09,1.4227772429984524e-09,1.4227772373548698e-09,1.4227772317113329e-09,1.4227772260678253e-09,1.4227772204243577e-09,1.4227772147809287e-09,1.4227772091375386e-09,1.4227772034941876e-09,1.4227771978508748e-09,1.4227771922076001e-09,1.4227771865643645e-09,1.4227771809211671e-09,1.4227771752780086e-09,1.4227771696348874e-09,1.4227771639918054e-09,1.4227771583487615e-09,1.422777152705757e-09,1.4227771470627913e-09,1.4227771414198632e-09,1.4227771357769725e-09,1.4227771301341196e-09,1.422777124491305e-09,1.422777118848529e-09,1.4227771132057909e-09,1.422777107563105e-09,1.4227771019204406e-09,1.4227770962778167e-09,1.4227770906352309e-09,1.4227770849926828e-09,1.4227770793501733e-09,1.4227770737077017e-09,1.4227770680652687e-09,1.4227770624228727e-09,1.4227770567805147e-09,1.422777051138194e-09,1.4227770454959112e-09,1.422777039853666e-09,1.422777034211459e-09,1.4227770285692887e-09,1.4227770229271567e-09,1.422777017285063e-09,1.4227770116430068e-09,1.4227770060009875e-09,1.4227770003590059e-09,1.4227769947170621e-09,1.422776989075155e-09,1.4227769834332858e-09,1.4227769777914546e-09,1.4227769721496605e-09,1.4227769665079037e-09,1.422776960866185e-09,1.422776955224503e-09,1.422776949582858e-09,1.4227769439412509e-09,1.4227769382996808e-09,1.4227769326581477e-09,1.4227769270166533e-09,1.4227769213751955e-09,1.4227769157337732e-09,1.4227769100923882e-09,1.42277690445104e-09,1.42277689880973e-09,1.4227768931684561e-09,1.422776887527227e-09,1.4227768818860263e-09,1.422776876244864e-09,1.4227768706037385e-09,1.4227768649626506e-09,1.4227768593215998e-09,1.4227768536805864e-09,1.4227768480396088e-09,1.4227768423986671e-09,1.4227768367577623e-09,1.4227768311168937e-09,1.4227768254760624e-09,1.422776819835268e-09,1.422776814194511e-09,1.4227768085537903e-09,1.4227768029131057e-09,1.422776797272458e-09,1.4227767916318471e-09,1.4227767859912715e-09,1.4227767803507323e-09,1.4227767747102377e-09,1.4227767690697705e-09,1.422776763429341e-09,1.4227767577889561e-09,1.4227767521485972e-09,1.4227767465082762e-09,1.4227767408679921e-09,1.4227767352277447e-09,1.4227767295875337e-09,1.4227767239473565e-09,1.4227767183072166e-09,1.4227767126671125e-09,1.4227767070270448e-09,1.4227767013870139e-09,1.4227766957470191e-09,1.42277669010706e-09,1.4227766844671368e-09,1.4227766788272498e-09,1.4227766731873982e-09,1.4227766675475904e-09,1.4227766619078093e-09,1.4227766562680648e-09,1.422776650628356e-09,1.4227766449886922e-09,1.4227766393490534e-09,1.422776633709452e-09,1.4227766280698853e-09,1.4227766224303565e-09,1.4227766167908639e-09,1.4227766111514066e-09,1.4227766055119845e-09,1.4227765998725981e-09,1.4227765942332472e-09,1.4227765885939305e-09,1.42277658295465e-09,1.4227765773154047e-09,1.4227765716761963e-09,1.422776566037022e-09,1.4227765603978835e-09,1.4227765547587891e-09,1.4227765491197198e-09,1.422776543480687e-09,1.4227765378416984e-09,1.4227765322027422e-09,1.4227765265638226e-09,1.4227765209249297e-09,1.4227765152860738e-09,1.4227765096472522e-09,1.4227765040084664e-09,1.4227764983697205e-09,1.4227764927310048e-09,1.4227764870923406e-09,1.422776481453692e-09,1.4227764758150809e-09,1.4227764701765058e-09,1.4227764645379646e-09,1.4227764588994574e-09,1.4227764532609857e-09,1.4227764476225485e-09,1.4227764419841474e-09,1.422776436345782e-09,1.4227764307074503e-09,1.4227764250691525e-09,1.4227764194308897e-09,1.4227764137926614e-09,1.4227764081544679e-09,1.4227764025166033e-09,1.422776396878479e-09,1.4227763912403898e-09,1.4227763856026292e-09,1.4227763799646094e-09,1.4227763743269188e-09,1.4227763686892627e-09,1.4227763630516405e-09,1.4227763574137586e-09,1.4227763517759123e-09,1.4227763461383946e-09,1.4227763405006154e-09,1.4227763348631668e-09,1.4227763292254567e-09,1.4227763235877977e-09,1.422776317950449e-09,1.4227763123128417e-09,1.4227763066752696e-09,1.4227763010377314e-09,1.4227762954005232e-09,1.4227762897630524e-09,1.4227762841259127e-09,1.4227762784885124e-09,1.422776272851439e-09,1.4227762672144009e-09,1.4227762615773964e-09,1.422776255940425e-09,1.4227762503034894e-09,1.4227762446665875e-09,1.4227762390297195e-09,1.4227762333928859e-09,1.4227762277560857e-09,1.4227762221193195e-09,1.4227762164825874e-09,1.4227762108456003e-09,1.422776205208933e-09,1.4227761995723033e-09,1.422776193935706e-09,1.4227761882991433e-09,1.4227761826626136e-09,1.4227761770258287e-09,1.4227761713893636e-09,1.4227761657529355e-09,1.4227761601162528e-09,1.4227761544798904e-09,1.422776148843563e-09,1.422776143207269e-09,1.4227761375707191e-09,1.4227761319342006e-09,1.4227761262980062e-09,1.4227761206618462e-09,1.4227761150257192e-09,1.4227761093896259e-09,1.4227761037535667e-09,1.4227760981175407e-09,1.4227760924815481e-09,1.4227760868455892e-09,1.422776081209663e-09,1.4227760755737706e-09,1.4227760699379108e-09,1.4227760643017937e-09,1.422776058665999e-09,1.4227760530302394e-09,1.422776047394513e-09,1.422776041758818e-09,1.4227760361231582e-09,1.4227760304875308e-09,1.4227760248519366e-09,1.4227760192163752e-09,1.422776013580847e-09,1.42277600794535e-09,1.4227760023095913e-09,1.4227759966741635e-09,1.4227759910387658e-09,1.42277598540311e-09,1.422775979767776e-09,1.4227759741324773e-09,1.4227759684969195e-09,1.4227759628616842e-09,1.422775957226192e-09,1.4227759515910226e-09,1.4227759459558872e-09,1.4227759403207852e-09,1.4227759346857155e-09,1.4227759290506787e-09,1.4227759234156742e-09,1.4227759177807035e-09,1.422775912145763e-09,1.422775906510559e-09,1.422775900875686e-09,1.422775895240845e-09,1.4227758896057411e-09,1.422775883970963e-09,1.4227758783362188e-09,1.4227758727015056e-09,1.422775867066826e-09,1.422775861432014e-09,1.4227758557973984e-09,1.4227758501626515e-09,1.4227758445279356e-09,1.4227758388932516e-09,1.4227758332586e-09,1.4227758276239813e-09,1.4227758219893943e-09,1.4227758163548387e-09,1.4227758107204806e-09,1.4227758050861552e-09,1.4227757994518616e-09,1.4227757938175998e-09,1.4227757881830769e-09,1.422775782548583e-09,1.4227757769141272e-09,1.4227757712798255e-09,1.422775765645424e-09,1.4227757600111908e-09,1.422775754376856e-09,1.4227757487426832e-09,1.4227757431085433e-09,1.422775737474435e-09,1.422775731840359e-09,1.4227757262061838e-09,1.422775720572039e-09,1.422775714938056e-09,1.4227757093039757e-09,1.4227757036699251e-09,1.4227756980359142e-09,1.4227756924020574e-09,1.4227756867682342e-09,1.4227756811344421e-09,1.4227756755006817e-09,1.4227756698669528e-09,1.422775664233255e-09,1.4227756585995884e-09,1.422775652965955e-09,1.4227756473323518e-09,1.4227756416987801e-09,1.4227756360652395e-09,1.4227756304317307e-09,1.4227756247982525e-09,1.422775619164806e-09,1.4227756135313904e-09,1.4227756078980063e-09,1.4227756022646534e-09,1.4227755966313315e-09,1.4227755909980409e-09,1.4227755853647813e-09,1.4227755797315533e-09,1.4227755740983563e-09,1.42277556846519e-09,1.422775562832055e-09,1.4227755571989505e-09,1.4227755515658775e-09,1.4227755459328356e-09,1.422775540299824e-09,1.4227755346668433e-09,1.4227755290338938e-09,1.4227755234011409e-09,1.422775517768254e-09,1.4227755121353971e-09,1.4227755065025707e-09,1.4227755008697756e-09,1.4227754952370104e-09,1.4227754896044438e-09,1.4227754839717398e-09,1.4227754783390675e-09,1.4227754727064252e-09,1.4227754670738143e-09,1.4227754614412338e-09,1.422775455808684e-09,1.4227754501761646e-09,1.4227754445436753e-09,1.4227754389112178e-09,1.4227754332787897e-09,1.422775427646393e-09,1.422775422014026e-09,1.4227754163816907e-09,1.4227754107493844e-09,1.4227754051171083e-09,1.4227753994848628e-09,1.4227753938526484e-09,1.4227753882204637e-09,1.4227753825883096e-09,1.422775376956185e-09,1.4227753713240918e-09,1.4227753656919019e-09,1.4227753600598655e-09,1.4227753544278625e-09,1.4227753487958892e-09,1.4227753431639467e-09,1.4227753375320341e-09,1.422775331900151e-09,1.422775326268299e-09,1.422775320636476e-09,1.422775315004684e-09,1.4227753093729217e-09,1.4227753037411887e-09,1.422775298109486e-09,1.4227752924778131e-09,1.4227752868461698e-09,1.4227752812145576e-09,1.422775275582974e-09,1.4227752699514209e-09,1.422775264319898e-09,1.4227752586884037e-09,1.42277525305694e-09,1.4227752474255059e-09,1.4227752417941016e-09,1.4227752361627267e-09,1.4227752305313816e-09,1.422775224900067e-09,1.4227752192687807e-09,1.4227752136375256e-09,1.422775208006299e-09,1.422775202375103e-09,1.4227751967439361e-09,1.4227751911127982e-09,1.4227751854816899e-09,1.4227751798506111e-09,1.4227751742195642e-09,1.4227751685885432e-09,1.4227751629575527e-09,1.4227751573265922e-09,1.4227751516956636e-09,1.42277514606476e-09,1.422775140433887e-09,1.4227751348030428e-09,1.4227751291722285e-09,1.4227751235414442e-09,1.4227751179106879e-09,1.422775112279962e-09,1.4227751066492655e-09,1.4227751010185962e-09,1.4227750953879575e-09,1.4227750897573482e-09,1.4227750841267666e-09,1.4227750784962145e-09,1.4227750728656916e-09,1.4227750672351975e-09,1.4227750616047327e-09,1.4227750559742973e-09,1.4227750503438904e-09,1.422775044713513e-09,1.4227750390831637e-09,1.4227750334528443e-09,1.4227750278225528e-09,1.4227750221922905e-09,1.4227750165620573e-09,1.4227750109318535e-09,1.4227750053016766e-09,1.4227749996715292e-09,1.4227749940414104e-09,1.4227749884113212e-09,1.4227749827812603e-09,1.4227749771512283e-09,1.4227749715212255e-09,1.422774965891251e-09,1.4227749602613064e-09,1.4227749546313881e-09,1.4227749490014997e-09,1.4227749433716394e-09,1.422774937741808e-09,1.4227749321120058e-09,1.4227749264822299e-09,1.422774920852487e-09,1.4227749152227675e-09,1.4227749095930813e-09,1.4227749039634193e-09,1.4227748983337865e-09,1.4227748927041824e-09,1.422774887074607e-09,1.4227748814450594e-09,1.42277487581554e-09,1.4227748701855796e-09,1.4227748645556467e-09,1.4227748589257422e-09,1.4227748532958653e-09,1.4227748476660166e-09,1.4227748420366664e-09,1.422774836406875e-09,1.4227748307771112e-09,1.4227748251473752e-09,1.4227748195176675e-09,1.4227748138879879e-09,1.4227748082583362e-09,1.4227748026287127e-09,1.4227747969991169e-09,1.4227747913695494e-09,1.4227747857400096e-09,1.4227747801104983e-09,1.4227747744810144e-09,1.4227747688515581e-09,1.4227747632221304e-09,1.4227747575927304e-09,1.4227747519633582e-09,1.4227747463344872e-09,1.4227747407056432e-09,1.4227747350763533e-09,1.422774729447092e-09,1.4227747238178583e-09,1.4227747181886523e-09,1.4227747125594742e-09,1.4227747069303234e-09,1.4227747013012005e-09,1.4227746956721053e-09,1.4227746900430378e-09,1.4227746844144719e-09,1.422774678785458e-09,1.4227746731564728e-09,1.4227746675275155e-09,1.4227746618985856e-09,1.4227746562696805e-09,1.4227746506408055e-09,1.4227746450119573e-09,1.422774639383138e-09,1.4227746337543447e-09,1.422774628125579e-09,1.4227746224968392e-09,1.4227746168681302e-09,1.4227746112394467e-09,1.4227746056107887e-09,1.4227745999821605e-09,1.4227745943535585e-09,1.4227745887254568e-09,1.4227745830969086e-09,1.4227745774683885e-09,1.4227745718403724e-09,1.4227745662119042e-09,1.4227745605841097e-09,1.4227745549556995e-09,1.4227745493273117e-09,1.4227745436994267e-09,1.4227745380715694e-09,1.422774532443739e-09,1.422774526815461e-09,1.4227745211876875e-09,1.4227745155599376e-09,1.422774509932216e-09,1.4227745043045205e-09,1.4227744986768516e-09,1.4227744930492106e-09,1.4227744874215965e-09,1.4227744817940085e-09,1.422774476166447e-09,1.4227744705389132e-09,1.422774464911406e-09,1.4227744592839249e-09,1.4227744536564715e-09,1.4227744480290462e-09,1.422774442401646e-09,1.4227744367742725e-09,1.4227744311469284e-09,1.4227744255196072e-09,1.4227744198923159e-09,1.4227744142650475e-09,1.422774408637808e-09,1.4227744030105944e-09,1.4227743973834073e-09,1.4227743917562473e-09,1.4227743861291138e-09,1.422774380502007e-09,1.4227743748749257e-09,1.4227743692478714e-09,1.4227743636208436e-09,1.4227743579938424e-09,1.4227743523668675e-09,1.422774346739919e-09,1.4227743411129969e-09,1.4227743354861018e-09,1.422774329859236e-09,1.4227743242323915e-09,1.4227743186055745e-09,1.4227743129787843e-09,1.4227743073520207e-09,1.4227743017252828e-09,1.4227742960985718e-09,1.4227742904718864e-09,1.4227742848452266e-09,1.4227742792185934e-09,1.4227742735919882e-09,1.4227742679654064e-09,1.422774262338852e-09,1.422774256712323e-09,1.4227742510858242e-09,1.422774245459346e-09,1.4227742398328954e-09,1.4227742342064749e-09,1.4227742285800749e-09,1.422774222953702e-09,1.422774217327356e-09,1.4227742117010357e-09,1.422774206074741e-09,1.4227742004484722e-09,1.4227741948222294e-09,1.4227741891960124e-09,1.4227741835698212e-09,1.4227741779436563e-09,1.422774172317516e-09,1.4227741666914025e-09,1.4227741610653182e-09,1.4227741554392542e-09,1.4227741498132178e-09,1.4227741441872067e-09,1.422774138561222e-09,1.4227741329352622e-09,1.4227741273093283e-09,1.4227741216834203e-09,1.4227741160575375e-09,1.4227741104316805e-09,1.422774104805849e-09,1.422774099180043e-09,1.422774093554263e-09,1.42277408792851e-09,1.4227740823027792e-09,1.4227740766770755e-09,1.4227740710513968e-09,1.4227740654257437e-09,1.4227740598001163e-09,1.422774054174514e-09,1.4227740485489371e-09,1.4227740429233858e-09,1.4227740372978595e-09,1.4227740316723586e-09,1.4227740260468834e-09,1.422774020421433e-09,1.4227740147960078e-09,1.422774009170608e-09,1.4227740035452337e-09,1.4227739979198842e-09,1.4227739922945627e-09,1.4227739866692642e-09,1.4227739810439896e-09,1.4227739754187406e-09,1.4227739697935177e-09,1.422773964168319e-09,1.4227739585431456e-09,1.4227739529179977e-09,1.422773947292875e-09,1.4227739416677769e-09,1.4227739360427037e-09,1.4227739304176555e-09,1.4227739247926323e-09,1.4227739191676337e-09,1.4227739135426602e-09,1.4227739079177123e-09,1.4227739022927886e-09,1.422773896667889e-09,1.4227738910430156e-09,1.4227738854181655e-09,1.4227738797933415e-09,1.4227738741685423e-09,1.4227738685437675e-09,1.4227738629190175e-09,1.4227738572942923e-09,1.422773851669591e-09,1.422773846044916e-09,1.422773840420266e-09,1.422773834795639e-09,1.4227738291710374e-09,1.42277382354646e-09,1.4227738179219075e-09,1.4227738122973796e-09,1.4227738066728768e-09,1.4227738010483983e-09,1.4227737954239442e-09,1.4227737897995148e-09,1.422773784175109e-09,1.4227737785507284e-09,1.4227737729263722e-09,1.4227737673020405e-09,1.422773761677605e-09,1.422773756053319e-09,1.4227737504290604e-09,1.4227737448048262e-09,1.4227737391806161e-09,1.4227737335564317e-09,1.4227737279322723e-09,1.4227737223081336e-09,1.422773716684021e-09,1.4227737110599323e-09,1.4227737054358682e-09,1.422773699811829e-09,1.4227736941878127e-09,1.4227736885638217e-09,1.422773682939854e-09,1.422773677315911e-09,1.4227736716919924e-09,1.4227736660680975e-09,1.422773660444226e-09,1.4227736548203795e-09,1.4227736491965567e-09,1.4227736435727582e-09,1.4227736379489835e-09,1.4227736323252327e-09,1.4227736267015068e-09,1.4227736210778027e-09,1.4227736154541252e-09,1.4227736098304702e-09,1.4227736042068395e-09,1.4227735985832317e-09,1.4227735929596492e-09,1.4227735873360902e-09,1.4227735817125557e-09,1.422773576089044e-09,1.4227735704655559e-09,1.422773564842092e-09,1.4227735592186526e-09,1.422773553595237e-09,1.4227735479718443e-09,1.4227735423484757e-09,1.4227735367251302e-09,1.4227735311018092e-09,1.4227735254785107e-09,1.4227735198552366e-09,1.4227735142319863e-09,1.4227735086087595e-09,1.4227735029855561e-09,1.4227734973623763e-09,1.4227734917392197e-09,1.4227734861160877e-09,1.4227734804929784e-09,1.4227734748698923e-09,1.4227734692468303e-09,1.422773463623792e-09,1.4227734580007762e-09,1.422773452377785e-09,1.4227734467548173e-09,1.4227734411318722e-09,1.4227734355089507e-09,1.4227734298860528e-09,1.4227734242631772e-09,1.4227734186403256e-09,1.422773413017497e-09,1.4227734073946924e-09,1.4227734017719111e-09,1.4227733961491532e-09,1.4227733905264178e-09,1.4227733849037064e-09,1.4227733792810177e-09,1.4227733736583522e-09,1.4227733680357099e-09,1.422773362413091e-09,1.4227733567904949e-09,1.4227733511679218e-09,1.4227733455453727e-09,1.4227733399228466e-09,1.4227733343003424e-09,1.4227733286778622e-09,1.422773323055405e-09,1.4227733174329704e-09,1.4227733118105587e-09,1.4227733061881703e-09,1.4227733005658044e-09,1.4227732949434613e-09,1.4227732893211422e-09,1.4227732836988464e-09,1.4227732780765722e-09,1.4227732724543213e-09,1.422773266832093e-09,1.4227732612098876e-09,1.4227732555877052e-09,1.4227732499655476e-09,1.4227732443434094e-09,1.4227732387212954e-09,1.4227732330992046e-09,1.4227732274771371e-09,1.422773221855091e-09,1.422773216233068e-09,1.4227732106110671e-09,1.4227732049890898e-09,1.4227731993671355e-09,1.4227731937452054e-09,1.4227731881232938e-09,1.4227731825014073e-09,1.4227731768795426e-09,1.4227731712577007e-09,1.4227731656358814e-09,1.4227731600140853e-09,1.4227731543923109e-09,1.4227731487705592e-09,1.4227731431488303e-09,1.4227731375271239e-09,1.4227731319054392e-09,1.4227731262837781e-09,1.4227731206621383e-09,1.422773115040521e-09,1.4227731094189261e-09,1.4227731037973537e-09,1.422773098175804e-09,1.4227730925542766e-09,1.422773086932771e-09,1.4227730813112909e-09,1.422773075689828e-09,1.422773070068389e-09,1.422773064446973e-09,1.4227730588255793e-09,1.4227730532042117e-09,1.42277304758286e-09,1.4227730419615361e-09,1.4227730363402295e-09,1.4227730307189493e-09,1.4227730250976865e-09,1.4227730194764479e-09,1.4227730138552312e-09,1.422773008234037e-09,1.4227730026128644e-09,1.4227729969917182e-09,1.4227729913705875e-09,1.4227729857494819e-09,1.422772980128399e-09,1.4227729745073361e-09,1.422772968886296e-09,1.422772963265278e-09,1.4227729576442816e-09,1.422772952023307e-09,1.4227729464023543e-09,1.4227729407814236e-09,1.4227729351605144e-09,1.4227729295396277e-09,1.4227729239187626e-09,1.422772918297919e-09,1.4227729126770976e-09,1.4227729070562979e-09,1.4227729014355198e-09,1.4227728958147638e-09,1.4227728901940298e-09,1.422772884573317e-09,1.4227728789526258e-09,1.4227728733319571e-09,1.4227728677113097e-09,1.4227728620906832e-09,1.4227728564700795e-09,1.4227728508494968e-09,1.4227728452289357e-09,1.422772839608396e-09,1.4227728339878783e-09,1.4227728283673819e-09,1.4227728227469072e-09,1.4227728171264542e-09,1.4227728115060216e-09,1.4227728058856118e-09,1.4227728002652234e-09,1.422772794644856e-09,1.4227727890245107e-09,1.4227727834041863e-09,1.4227727777838835e-09,1.422772772163602e-09,1.4227727665433425e-09,1.4227727609231045e-09,1.422772755302888e-09,1.4227727496826915e-09,1.4227727440625165e-09,1.422772738442364e-09,1.4227727328222319e-09,1.4227727272021213e-09,1.4227727215820354e-09,1.4227727159619654e-09,1.4227727103419181e-09,1.4227727047218932e-09,1.4227726991018914e-09,1.422772693481909e-09,1.4227726878619447e-09,1.4227726822420038e-09,1.4227726766220845e-09,1.4227726710021863e-09,1.4227726653823121e-09,1.4227726597624526e-09,1.4227726541426182e-09,1.4227726485228033e-09,1.4227726429028779e-09,1.4227726372832705e-09,1.4227726316633853e-09,1.4227726260436518e-09,1.4227726204239416e-09,1.422772614804253e-09,1.4227726091845861e-09,1.4227726035649398e-09,1.4227725979453159e-09,1.4227725923257101e-09,1.4227725867061259e-09,1.4227725810865627e-09,1.4227725754670204e-09,1.4227725698474984e-09,1.4227725642279975e-09,1.4227725586085185e-09,1.4227725529890594e-09,1.4227725473696209e-09,1.4227725417502035e-09,1.422772536130807e-09,1.4227725305114306e-09,1.4227725248920771e-09,1.4227725192727413e-09,1.4227725136534267e-09,1.422772508034134e-09,1.4227725024148618e-09,1.4227724967956094e-09,1.4227724911763784e-09,1.4227724855571674e-09,1.422772479937977e-09,1.4227724743188075e-09,1.4227724686996585e-09,1.42277246308053e-09,1.4227724574614214e-09,1.422772451842337e-09,1.4227724462232689e-09,1.4227724406042242e-09,1.4227724349851966e-09,1.422772429366191e-09,1.4227724237472062e-09,1.4227724181282444e-09,1.422772412509298e-09,1.4227724068903762e-09,1.4227724012714734e-09,1.4227723956525883e-09,1.4227723900337255e-09,1.4227723844148835e-09,1.4227723787960615e-09,1.4227723731772593e-09,1.4227723675584807e-09,1.4227723619397195e-09,1.422772356320977e-09,1.4227723507022577e-09,1.4227723450835562e-09,1.4227723394648759e-09,1.4227723338462156e-09,1.422772328227576e-09,1.4227723226089554e-09,1.422772316990356e-09,1.422772311371776e-09,1.4227723057532169e-09,1.4227723001346767e-09,1.422772294516158e-09,1.422772288897658e-09,1.4227722832791798e-09,1.4227722776607203e-09,1.4227722720422837e-09,1.4227722664238627e-09,1.4227722608054638e-09,1.4227722551870862e-09,1.4227722495687278e-09,1.4227722439503901e-09,1.4227722383320692e-09,1.4227722327137726e-09,1.4227722270954916e-09,1.422772221477232e-09,1.4227722158589918e-09,1.422772210240772e-09,1.4227722046225739e-09,1.4227721990043923e-09,1.4227721933862318e-09,1.422772187768091e-09,1.42277218214997e-09,1.4227721765318695e-09,1.42277217091379e-09,1.4227721652957291e-09,1.4227721596776853e-09,1.4227721540596659e-09,1.4227721484416623e-09,1.4227721428236797e-09,1.4227721372057165e-09,1.4227721315877732e-09,1.4227721259698495e-09,1.422772120351945e-09,1.4227721147340609e-09,1.4227721091161957e-09,1.42277210349835e-09,1.4227720978805245e-09,1.422772092262721e-09,1.422772086644933e-09,1.4227720810271656e-09,1.422772075409418e-09,1.4227720697916894e-09,1.42277206417398e-09,1.4227720585562912e-09,1.4227720529386229e-09,1.4227720473209713e-09,1.4227720417033403e-09,1.4227720360857288e-09,1.422772030468136e-09,1.422772024850564e-09,1.4227720192330112e-09,1.4227720136154786e-09,1.4227720079979625e-09,1.4227720023804668e-09,1.4227719967629909e-09,1.4227719911455358e-09,1.4227719855280964e-09,1.4227719799106787e-09,1.4227719742932797e-09,1.4227719686758997e-09,1.4227719630585397e-09,1.4227719574411985e-09,1.4227719518238758e-09,1.4227719462065742e-09,1.4227719405892893e-09,1.422771934972025e-09,1.4227719293547792e-09,1.422771923737552e-09,1.4227719181203449e-09,1.4227719125031566e-09,1.422771906885987e-09,1.422771901268837e-09,1.4227718956517074e-09,1.4227718900345941e-09,1.4227718844175015e-09,1.4227718788004263e-09,1.4227718731833716e-09,1.4227718675663382e-09,1.4227718619493196e-09,1.4227718563323207e-09,1.4227718507153419e-09,1.422771845098381e-09,1.4227718394814398e-09,1.4227718338645168e-09,1.4227718282476132e-09,1.422771822630729e-09,1.4227718170138624e-09,1.4227718113970154e-09,1.4227718057801874e-09,1.4227718001633775e-09,1.4227717945465868e-09,1.4227717889298144e-09,1.4227717833130646e-09,1.4227717776963284e-09,1.4227717720796124e-09,1.4227717664629154e-09,1.4227717608462366e-09,1.4227717552295783e-09,1.4227717496129367e-09,1.422771743996314e-09,1.4227717383797105e-09,1.4227717327631256e-09,1.4227717271465595e-09,1.4227717215300114e-09,1.4227717159134836e-09,1.4227717102969721e-09,1.4227717046804799e-09,1.422771699064006e-09,1.4227716934475514e-09,1.4227716878311148e-09,1.4227716822146968e-09,1.4227716765982974e-09,1.4227716709819164e-09,1.4227716653655534e-09,1.42277165974921e-09,1.422771654132884e-09,1.422771648516576e-09,1.4227716429002877e-09,1.4227716372840173e-09,1.4227716316677653e-09,1.4227716260515316e-09,1.4227716204353156e-09,1.422771614819119e-09,1.4227716092031084e-09,1.4227716035869469e-09,1.422771597970804e-09,1.422771592354681e-09,1.4227715867385756e-09,1.4227715811224885e-09,1.4227715755064191e-09,1.4227715698903692e-09,1.4227715642743365e-09,1.4227715586583225e-09,1.4227715530423266e-09,1.4227715474263482e-09,1.422771541810388e-09,1.4227715361944485e-09,1.4227715305785256e-09,1.4227715249626192e-09,1.4227715193467318e-09,1.4227715137308624e-09,1.4227715081150119e-09,1.4227715024991787e-09,1.422771496883364e-09,1.4227714912675669e-09,1.4227714856517883e-09,1.4227714800360275e-09,1.4227714744202844e-09,1.422771468804559e-09,1.4227714631888525e-09,1.4227714575731639e-09,1.422771451957493e-09,1.4227714463418404e-09,1.4227714407262053e-09,1.422771435110588e-09,1.422771429495155e-09,1.4227714238797403e-09,1.4227714182641749e-09,1.4227714126486312e-09,1.4227714070331022e-09,1.4227714014175926e-09,1.4227713958021004e-09,1.4227713901866258e-09,1.4227713845711692e-09,1.4227713789557304e-09,1.4227713733403095e-09,1.422771367724906e-09,1.4227713621095201e-09,1.4227713564941527e-09,1.4227713508788023e-09,1.4227713452634702e-09,1.4227713396481554e-09,1.4227713340328585e-09,1.422771328417579e-09,1.4227713228023168e-09,1.422771317187073e-09,1.4227713115718465e-09,1.4227713059566372e-09,1.4227713003414468e-09,1.422771294726272e-09,1.4227712891111181e-09,1.4227712834959787e-09,1.4227712778808573e-09,1.4227712722657537e-09,1.4227712666506683e-09,1.4227712610355996e-09,1.4227712554205479e-09,1.4227712498055158e-09,1.422771244190498e-09,1.4227712385754998e-09,1.4227712329605178e-09,1.4227712273455544e-09,1.4227712217306075e-09,1.4227712161156788e-09,1.4227712105007675e-09,1.4227712048858728e-09,1.4227711992709958e-09,1.4227711936561387e-09,1.4227711880412946e-09,1.4227711824263394e-09,1.4227711768115297e-09,1.4227711711967385e-09,1.422771165581966e-09,1.4227711599672104e-09,1.4227711543524713e-09,1.4227711487377499e-09,1.4227711431230456e-09,1.422771137508359e-09,1.4227711318936893e-09,1.4227711262790367e-09,1.4227711206644031e-09,1.4227711150496527e-09,1.4227711094350495e-09,1.4227711038204658e-09,1.422771098205899e-09,1.4227710925913492e-09,1.4227710869768171e-09,1.4227710813623014e-09,1.422771075747803e-09,1.422771070133192e-09,1.4227710645187256e-09,1.4227710589042787e-09,1.4227710532897192e-09,1.4227710476751735e-09,1.4227710420606443e-09,1.422771036446263e-09,1.422771030831901e-09,1.4227710252174279e-09,1.4227710196030975e-09,1.4227710139887867e-09,1.4227710083744923e-09,1.4227710027600858e-09,1.4227709971458236e-09,1.4227709915314512e-09,1.4227709859172225e-09,1.4227709803030129e-09,1.4227709746888198e-09,1.4227709690746436e-09,1.422770963460651e-09,1.4227709578463786e-09,1.4227709522322508e-09,1.4227709466180139e-09,1.4227709410039203e-09,1.4227709353898448e-09,1.4227709297756587e-09,1.4227709241616147e-09,1.4227709185474624e-09,1.4227709129334519e-09,1.42277090731946e-09,1.4227709017054865e-09,1.4227708960915277e-09,1.4227708904777515e-09,1.4227708848638266e-09,1.4227708792499176e-09,1.4227708736360268e-09,1.422770868022018e-09,1.4227708624080234e-09,1.4227708567941804e-09,1.4227708511803548e-09,1.422770845566711e-09,1.4227708399529182e-09,1.4227708343391426e-09,1.4227708287253833e-09,1.4227708231116406e-09,1.4227708174977877e-09,1.4227708118840762e-09,1.4227708062703832e-09,1.4227708006567064e-09,1.4227707950430466e-09,1.422770789429403e-09,1.422770783815776e-09,1.4227707782021655e-09,1.4227707725885715e-09,1.4227707669749928e-09,1.4227707613615965e-09,1.4227707557480515e-09,1.4227707501346872e-09,1.4227707445213405e-09,1.4227707389080095e-09,1.422770733294411e-09,1.4227707276809456e-09,1.4227707220674986e-09,1.4227707164539337e-09,1.4227707108403922e-09,1.4227707052269916e-09,1.4227706996134761e-09,1.4227706939999754e-09,1.4227706883864903e-09,1.4227706827733196e-09,1.4227706771600019e-09,1.4227706715468643e-09,1.4227706659335798e-09,1.4227706603201794e-09,1.4227706547070889e-09,1.4227706490940179e-09,1.422770643480962e-09,1.4227706378679223e-09,1.4227706322548984e-09,1.422770626641891e-09,1.4227706210286106e-09,1.4227706154156334e-09,1.4227706098026739e-09,1.4227706041897302e-09,1.422770598576507e-09,1.422770592963594e-09,1.4227705873506985e-09,1.4227705817378183e-09,1.4227705761249532e-09,1.4227705705121047e-09,1.4227705648992713e-09,1.4227705592864557e-09,1.4227705536736557e-09,1.4227705480605768e-09,1.4227705424475079e-09,1.4227705368347555e-09,1.4227705312217198e-09,1.4227705256089991e-09,1.422770519996294e-09,1.4227705143836044e-09,1.4227705087709306e-09,1.4227705031579731e-09,1.4227704975453316e-09,1.4227704919324082e-09,1.422770486319797e-09,1.4227704807072021e-09,1.4227704750946222e-09,1.4227704694817607e-09,1.4227704638689134e-09,1.4227704582563806e-09,1.4227704526435786e-09,1.4227704470307785e-09,1.4227704414179945e-09,1.422770435805228e-09,1.4227704301924778e-09,1.4227704245797546e-09,1.4227704189670316e-09,1.4227704133543388e-09,1.4227704077416474e-09,1.422770402128976e-09,1.4227703965163183e-09,1.4227703909036765e-09,1.4227703852910497e-09,1.4227703796784386e-09,1.4227703740658432e-09,1.4227703684532633e-09,1.4227703628407003e-09,1.4227703572281515e-09,1.4227703516156193e-09,1.4227703460031031e-09,1.4227703403906022e-09,1.4227703347781222e-09,1.4227703291656509e-09,1.4227703235531971e-09,1.4227703179407597e-09,1.4227703123283358e-09,1.4227703067159285e-09,1.422770301103536e-09,1.4227702954911668e-09,1.4227702898788039e-09,1.4227702842664649e-09,1.422770278654139e-09,1.4227702730418223e-09,1.4227702674295226e-09,1.4227702618172378e-09,1.4227702562049691e-09,1.4227702505927154e-09,1.4227702449804765e-09,1.4227702393682537e-09,1.4227702337560458e-09,1.4227702281438533e-09,1.422770222531676e-09,1.422770216919515e-09,1.4227702113073707e-09,1.42277020569524e-09,1.4227702000831262e-09,1.422770194471027e-09,1.4227701888589429e-09,1.422770183246879e-09,1.4227701776348228e-09,1.4227701720227837e-09,1.4227701664107593e-09,1.4227701607987497e-09,1.4227701551867563e-09,1.4227701495747771e-09,1.4227701439628141e-09,1.4227701383508672e-09,1.422770132738934e-09,1.4227701271270212e-09,1.422770121515117e-09,1.4227701159032292e-09,1.422770110291356e-09,1.422770104679499e-09,1.4227700990676627e-09,1.4227700934558334e-09,1.4227700878440212e-09,1.4227700822322234e-09,1.4227700766204407e-09,1.4227700710086737e-09,1.4227700653969206e-09,1.4227700597851881e-09,1.4227700541734646e-09,1.4227700485617571e-09,1.4227700429500706e-09,1.4227700373383917e-09,1.422770031726729e-09,1.4227700261150825e-09,1.4227700205034526e-09,1.4227700148918346e-09,1.4227700092802316e-09,1.4227700036686466e-09,1.4227699980570733e-09,1.422769992445515e-09,1.4227699868339712e-09,1.4227699812224461e-09,1.4227699756109343e-09,1.4227699699994364e-09,1.4227699643879523e-09,1.4227699587764846e-09,1.4227699531650296e-09,1.422769947553591e-09,1.4227699419421675e-09,1.422769936330757e-09,1.4227699307193617e-09,1.422769925107982e-09,1.4227699194966169e-09,1.4227699138852657e-09,1.4227699082739293e-09,1.4227699026626078e-09,1.4227698970513e-09,1.4227698914400075e-09,1.4227698858287308e-09,1.4227698802174678e-09,1.4227698746062203e-09,1.4227698689949862e-09,1.4227698633837666e-09,1.4227698577725615e-09,1.4227698521613712e-09,1.422769846550195e-09,1.4227698409390336e-09,1.422769835327887e-09,1.422769829716769e-09,1.422769824105649e-09,1.4227698184945458e-09,1.4227698128834594e-09,1.4227698072723862e-09,1.422769801661327e-09,1.4227697960502822e-09,1.4227697904392517e-09,1.4227697848282351e-09,1.422769779217233e-09,1.4227697736062457e-09,1.422769767995273e-09,1.4227697623843167e-09,1.4227697567733727e-09,1.4227697511624441e-09,1.4227697455515285e-09,1.4227697399406274e-09,1.4227697343297405e-09,1.4227697287188677e-09,1.4227697231080106e-09,1.4227697174971666e-09,1.422769711886337e-09,1.4227697062755219e-09,1.4227697006647213e-09,1.4227696950539347e-09,1.4227696894431632e-09,1.422769683832406e-09,1.4227696782216618e-09,1.4227696726109328e-09,1.4227696670002171e-09,1.422769661389517e-09,1.4227696557788303e-09,1.4227696501681575e-09,1.4227696445574993e-09,1.4227696389468567e-09,1.422769633336226e-09,1.4227696277256103e-09,1.4227696221150078e-09,1.4227696165044193e-09,1.4227696108938453e-09,1.4227696052832978e-09,1.4227695996727499e-09,1.422769594062218e-09,1.4227695884517e-09,1.4227695828411967e-09,1.4227695772307069e-09,1.4227695716202313e-09,1.42276956600977e-09,1.4227695603993292e-09,1.4227695547888982e-09,1.422769549178478e-09,1.422769543568072e-09,1.4227695379576802e-09,1.422769532347303e-09,1.4227695267369396e-09,1.42276952112659e-09,1.4227695155162542e-09,1.4227695099059332e-09,1.4227695042956247e-09,1.422769498685331e-09,1.422769493075051e-09,1.4227694874647851e-09,1.4227694818545331e-09,1.4227694762442952e-09,1.4227694706340715e-09,1.4227694650238621e-09,1.4227694594136658e-09,1.4227694538034824e-09,1.4227694481933204e-09,1.4227694425831641e-09,1.4227694369730221e-09,1.4227694313628948e-09,1.4227694257527803e-09,1.4227694201426801e-09,1.4227694145326e-09,1.4227694089225254e-09,1.4227694033124657e-09,1.42276939770242e-09,1.4227693920923881e-09,1.4227693864823696e-09,1.4227693808723645e-09,1.4227693752623735e-09,1.4227693696523957e-09,1.4227693640424332e-09,1.422769358432487e-09,1.42276935282255e-09,1.4227693472126272e-09,1.4227693416027183e-09,1.4227693359928226e-09,1.422769330382941e-09,1.422769324773073e-09,1.422769319163218e-09,1.4227693135533765e-09,1.4227693079435488e-09,1.4227693023337342e-09,1.4227692967239336e-09,1.4227692911141473e-09,1.4227692855043743e-09,1.422769279894615e-09,1.422769274284868e-09,1.4227692686751345e-09,1.4227692630654148e-09,1.4227692574557083e-09,1.422769251846015e-09,1.422769246236339e-09,1.422769240626672e-09,1.422769235017019e-09,1.4227692294073798e-09,1.4227692237977542e-09,1.4227692181881418e-09,1.4227692125785422e-09,1.4227692069689567e-09,1.422769201359384e-09,1.4227691957498252e-09,1.4227691901402796e-09,1.422769184530747e-09,1.4227691789212278e-09,1.422769173311722e-09,1.4227691677022292e-09,1.4227691620927498e-09,1.4227691564832836e-09,1.422769150873831e-09,1.422769145264392e-09,1.4227691396549655e-09,1.4227691340455523e-09,1.422769128436153e-09,1.4227691228267663e-09,1.4227691172173928e-09,1.4227691116080323e-09,1.422769105998685e-09,1.422769100389351e-09,1.42276909478003e-09,1.4227690891707224e-09,1.4227690835614287e-09,1.4227690779521488e-09,1.4227690723428861e-09,1.4227690667336288e-09,1.4227690611243866e-09,1.422769055515164e-09,1.422769049905947e-09,1.422769044296751e-09,1.4227690386875656e-09,1.4227690330783928e-09,1.422769027469228e-09,1.4227690218600771e-09,1.42276901625094e-09,1.422769010641821e-09,1.4227690050327076e-09,1.4227689994236095e-09,1.422768993814524e-09,1.4227689882054518e-09,1.4227689825963928e-09,1.4227689769873464e-09,1.4227689713783124e-09,1.4227689657692925e-09,1.4227689601602846e-09,1.4227689545512893e-09,1.4227689489423078e-09,1.4227689433333386e-09,1.422768937724382e-09,1.4227689321154383e-09,1.4227689265065076e-09,1.4227689208975898e-09,1.4227689152886859e-09,1.422768909679794e-09,1.4227689040709147e-09,1.422768898462048e-09,1.4227688928531948e-09,1.4227688872443548e-09,1.4227688816355268e-09,1.422768876026711e-09,1.4227688704179088e-09,1.4227688648091188e-09,1.4227688592003419e-09,1.4227688535915778e-09,1.422768847982826e-09,1.4227688423740868e-09,1.422768836765361e-09,1.4227688311566475e-09,1.4227688255479464e-09,1.4227688199392584e-09,1.4227688143305826e-09,1.4227688087219198e-09,1.4227688031132697e-09,1.4227687975046315e-09,1.422768791896007e-09,1.4227687862873949e-09,1.4227687806787956e-09,1.4227687750702078e-09,1.4227687694616332e-09,1.422768763853071e-09,1.4227687582445222e-09,1.4227687526359854e-09,1.422768747027461e-09,1.4227687414189494e-09,1.4227687358104501e-09,1.4227687302019631e-09,1.4227687245934883e-09,1.422768718985027e-09,1.422768713376578e-09,1.4227687077681415e-09
21,5.065117666545832e-83,2.6301774855614014e-82,8.189837018536621e-82,1.9801573215829672e-81,4.095345977980706e-81,7.6074796669852995e-81,1.3060549201472446e-80,2.11068200631991e-80,3.2514403907079946e-80,4.817517786884888e-80,6.91130017584973e-80,9.64921715614064e-80,1.316260500941664e-79,1.7598582413131315e-79,2.312093474436935e-79,2.991100388377044e-79,3.816858125501452e-79,4.811280249939361e-79,5.998304269430399e-79,7.403981140143604e-79,9.056564710013701e-79,1.0986601074879453e-78,1.3227017834249616e-78,1.5813213241658704e-78,1.8783145249484057e-78,2.217742045099055e-78,2.6039382923705443e-78,3.0415202978770276e-78,3.5353965820891176e-78,4.0907760123109876e-78,4.713176652020468e-78,5.408434602396565e-78,6.182712836303098e-78,7.042510024958695e-78,7.994669357473218e-78,9.046387353399343e-78,1.0205222668415297e-77,1.147910489323454e-77,1.2876343345818269e-77,1.4405635856941698e-77,1.6076077549166402e-77,1.7897169609255643e-77,1.9878828054057197e-77,2.203139248987579e-77,2.4365634865358796e-77,2.6892768217912793e-77,2.9624455413650317e-77,3.257281788088213e-77,3.57504443371901e-77,3.917039951003024e-77,4.2846232850949e-77,4.679198724334159e-77,5.102220770382209e-77,5.555195007718297e-77,6.039678972492365e-77,6.55728302074309e-77,7.10967119597105e-77,7.698562096079083e-77,8.325729739667603e-77,8.993004431699398e-77,9.702273628520462e-77,1.0455482802249726e-76,1.125463630452893e-76,1.2101798229635209e-76,1.2999093276965983e-76,1.3948707612879533e-76,1.4952889731905803e-76,1.601395131732627e-76,1.713426810111178e-76,1.8316280723238088e-76,1.9562495590357098e-76,2.087548573384906e-76,2.2257891667232845e-76,2.3712422242949395e-76,2.5241855508514596e-76,2.6849039562040408e-76,2.8536893407128285e-76,3.030840780713337e-76,3.2166646138795914e-76,3.4114745245255504e-76,3.615591628841721e-76,3.8293445600713215e-76,4.053069553622193e-76,4.2871105321176173e-76,4.531819190381395e-76,4.787555080364753e-76,5.0546856960075164e-76,5.3335865580376056e-76,5.624641298708901e-76,5.928241746476437e-76,6.244788010607859e-76,6.574688565735195e-76,6.918360336342364e-76,7.276228781191202e-76,7.648727977685281e-76,8.036300706172283e-76,8.439398534183147e-76,8.858481900609472e-76,9.294020199821303e-76,9.746491865718796e-76,1.0216384455725621e-75,1.0704194734719532e-75,1.1210428758899095e-75,1.173560195959304e-75,1.2280239227004791e-75,1.284487499389408e-75,1.3430053319201292e-75,1.4036327971606614e-75,1.4664262513031531e-75,1.5314430382071557e-75,1.5987414977377215e-75,1.6683809740967566e-75,1.7404218241481723e-75,1.8149254257374604e-75,1.8919541860043512e-75,1.9715715496904512e-75,2.0538420074395102e-75,2.1388311040925108e-75,2.226605446976309e-75,2.3172327141862314e-75,2.4107816628625763e-75,2.507322137460803e-75,2.606925078016244e-75,2.709662528401877e-75,2.8156076445810815e-75,2.924834702853119e-75,3.037419108093473e-75,3.1534374019878454e-75,3.272967271259931e-75,3.3960875558934876e-75,3.522878257347853e-75,3.6534205467680585e-75,3.7877967731880675e-75,3.926090471729336e-75,4.0683863717911055e-75,4.2147704052378125e-75,4.3653297145772044e-75,4.520152661134688e-75,4.679328833220504e-75,4.842949054292201e-75,5.011105391108964e-75,5.183891161882232e-75,5.36140094441893e-75,5.543730584258977e-75,5.730977202807008e-75,5.923239205457734e-75,6.120616289716221e-75,6.323209453311347e-75,6.53112100230342e-75,6.744454559186058e-75,6.963315070981452e-75,7.187808817331382e-75,7.418043418579799e-75,7.654127843852129e-75,7.89617241912607e-75,8.144288835298895e-75,8.398590156246665e-75,8.659190826878402e-75,8.92620668118566e-75,9.19975495028292e-75,9.479954270446324e-75,9.766924691142323e-75,1.0060787683054467e-74,1.0361666146098578e-74,1.0669684417440554e-74,1.098496827949909e-74,1.1307644967948771e-74,1.163784317971506e-74,1.1975693080963957e-74,1.2321326315084358e-74,1.2674876010666947e-74,1.30364767894752e-74,1.340626477441115e-74,1.3784377597475151e-74,1.4170954407722003e-74,1.4566135879207436e-74,1.4970064218929923e-74,1.5382883174769111e-74,1.5804738043416527e-74,1.6235775678298981e-74,1.6676144497499004e-74,1.7125994491667769e-74,1.7585477231933395e-74,1.805474587780077e-74,1.853395518504951e-74,1.902326151362379e-74,1.952282283551456e-74,2.00327987426394e-74,2.0553350454717506e-74,2.1084640827131933e-74,2.162683435879505e-74,2.2180097200001508e-74,2.2744597160278552e-74,2.332050371622973e-74,2.3907988019373057e-74,2.4507222903972337e-74,2.5118382894865493e-74,2.5741644215285448e-74,2.6377184794672354e-74,2.702518427648451e-74,2.768582402600437e-74,2.835928713813337e-74,2.904575844518388e-74,2.9745424524665986e-74,3.045847370707044e-74,3.118509608364143e-74,3.1925483514146467e-74,3.26798296346378e-74,3.344832986521177e-74,3.423118141776567e-74,3.5028583303735895e-74,3.584073634184386e-74,3.666784316582762e-74,3.7510108232176235e-74,3.836773782784955e-74,3.924094007799584e-74,4.0129924953666665e-74,4.1034904279522146e-74,4.195609174153093e-74,4.289370289466855e-74,4.384795517060487e-74,4.481906788538793e-74,4.580726224712277e-74,4.681276136364493e-74,4.783579025018782e-74,4.887657583704002e-74,4.993534697720833e-74,5.101233445406295e-74,5.210777098898577e-74,5.322189124900154e-74,5.4354931854424026e-74,5.550713138646855e-74,5.6678730394885134e-74,5.7869971405576324e-74,5.908109892819639e-74,6.031235946377229e-74,6.156400151229021e-74,6.283627558029304e-74,6.412943418847589e-74,6.544373187926474e-74,6.677942522438912e-74,6.8136772832462736e-74,6.951603535654301e-74,7.091747550169603e-74,7.234135803254369e-74,7.378794978083095e-74,7.525751965295228e-74,7.675033863749891e-74,7.826667981279031e-74,7.98068183544004e-74,8.137103154268393e-74,8.29595987702852e-74,8.457280154965513e-74,8.621092352055577e-74,8.787425045756088e-74,8.956307027755346e-74,9.127767304719751e-74,9.301835099045052e-74,9.478539849601441e-74,9.657911212482553e-74,9.839979061751146e-74,1.0024773490185751e-73,1.0212324810026272e-73,1.0402663553718956e-73,1.0595820474660231e-73,1.079182654794257e-73,1.0990712971095597e-73,1.1192511164830462e-73,1.1397252773781283e-73,1.1604969667248046e-73,1.1815693939936341e-73,1.2029457912700113e-73,1.2246294133279789e-73,1.2466235377042093e-73,1.2689314647720339e-73,1.2915565178152713e-73,1.3145020431018891e-73,1.3377714099579261e-73,1.3613680108410069e-73,1.3852952614141298e-73,1.4095566006191943e-73,1.4341554907505205e-73,1.459095417528281e-73,1.4843798901719088e-73,1.5100124414736618e-73,1.535996627871739e-73,1.5623360295234704e-73,1.589034250378773e-73,1.6160949182530717e-73,1.6435216849006234e-73,1.6713182260872318e-73,1.6994882416636636e-73,1.7280354556381034e-73,1.7569636162494783e-73,1.7862764960400267e-73,1.8159778919281278e-73,1.8460716252810853e-73,1.87656154198757e-73,1.9074515125306338e-73,1.9387454320600673e-73,1.9704472204645897e-73,2.0025608224449568e-73,2.0350902075858253e-73,2.068039370428277e-73,2.1014123305422066e-73,2.1352131325984112e-73,2.169445846440965e-73,2.2041145671591384e-73,2.2392234151596847e-73,2.274776536238597e-73,2.3107781016534642e-73,2.3472323081951532e-73,2.3841433782596587e-73,2.4215155599199602e-73,2.45935312699803e-73,2.497660379136098e-73,2.5364416418687207e-73,2.5757012666941447e-73,2.6154436311458815e-73,2.6556731388645134e-73,2.6963942196685935e-73,2.7376113296265948e-73,2.7793289511278907e-73,2.821551592954293e-73,2.864283790351063e-73,2.907530105098372e-73,2.951295125582141e-73,2.9955834668652236e-73,3.0403997707587746e-73,3.0857487058926774e-73,3.1316349677868856e-73,3.178063278922186e-73,3.2250383888106455e-73,3.2725650740673837e-73,3.320648138480049e-73,3.369292413080496e-73,3.418502756214568e-73,3.4682840536135714e-73,3.5186412184641426e-73,3.569579191478679e-73,3.621102940965984e-73,3.673217462901936e-73,3.725927780999157e-73,3.779238946777632e-73,3.8331560396348344e-73,3.887684166915949e-73,3.942828463983784e-73,3.9985940942890583e-73,4.0549862494405415e-73,4.112010149274162e-73,4.169671041923878e-73,4.2279742038912724e-73,4.2869249401150677e-73,4.346528584040844e-73,4.406790497691091e-73,4.4677160717347104e-73,4.5293107255565785e-73,4.5915799073269366e-73,4.6545290940708615e-73,4.718163791738147e-73,4.782489535272365e-73,4.8475118886800415e-73,4.913236445100367e-73,4.979668826873889e-73,5.0468146856122186e-73,5.114679702267075e-73,5.183269587198727e-73,5.252590080246145e-73,5.322646950794752e-73,5.3934459978464176e-73,5.464993050087699e-73,5.537293965959049e-73,5.610354633722951e-73,5.684180971533558e-73,5.758778927504789e-73,5.834154479778699e-73,5.91031363659509e-73,5.987262436359018e-73,6.065006947709366e-73,6.143553269588021e-73,6.222907531307455e-73,6.303075892619511e-73,6.384064543783372e-73,6.465879705633913e-73,6.548527629650308e-73,6.632014598023096e-73,6.716346923723662e-73,6.801530950570628e-73,6.887573053299553e-73,6.974479637629573e-73,7.062257140331628e-73,7.150912029296911e-73,7.240450803603173e-73,7.33087999358442e-73,7.422206160897025e-73,7.514435898587921e-73,7.607575831162286e-73,7.701632614650965e-73,7.796612936677183e-73,7.892523516526191e-73,7.989371105209667e-73,8.087162485535586e-73,8.185904472174011e-73,8.285603911724559e-73,8.386267682784684e-73,8.487902696014928e-73,8.590515894207255e-73,8.694114252352233e-73,8.798704777705463e-73,8.904294509854647e-73,9.010890520786088e-73,9.118499914952797e-73,9.22712982933974e-73,9.336787433531778e-73,9.447479929779083e-73,9.559214553065448e-73,9.671998571173915e-73,9.785839284752205e-73,9.900744027382359e-73,1.001672016564336e-72,1.0133775099180785e-72,1.0251916260771078e-72,1.0371151116388519e-72,1.049148716527178e-72,1.0612931939989931e-72,1.073549300650815e-72,1.0859177964255068e-72,1.0983994446186411e-72,1.1109950118854187e-72,1.1237052682470236e-72,1.1365309870973313e-72,1.1494729452093951e-72,1.162531922742168e-72,1.1757087032469322e-72,1.1890040736740071e-72,1.2024188243792096e-72,1.215953749130506e-72,1.229609645114473e-72,1.2433873129429325e-72,1.2572875566594197e-72,1.2713111837458524e-72,1.2854590051289104e-72,1.2997318351867464e-72,1.3141304917553423e-72,1.3286557961351752e-72,1.3433085730975309e-72,1.3580896508913712e-72,1.3729998612494247e-72,1.38804003939509e-72,1.4032110240486313e-72,1.4185136574337926e-72,1.4339487852843612e-72,1.449517256850497e-72,1.4652199249052782e-72,1.4810576457513393e-72,1.4970312792270372e-72,1.513141688713143e-72,1.5293897411392384e-72,1.5457763069901868e-72,1.5623022603126617e-72,1.57896847872123e-72,1.5957758434054188e-72,1.6127252391355717e-72,1.6298175542695949e-72,1.6470536807593822e-72,1.6644345141570453e-72,1.6819609536215964e-72,1.6996339019250588e-72,1.7174542654592024e-72,1.7354229542417283e-72,1.7535408819226968e-72,1.7718089657910288e-72,1.7902281267807434e-72,1.808799289477533e-72,1.827523382125044e-72,1.8464013366310737e-72,1.865434088574361e-72,1.884622577210624e-72,1.903967745478962e-72,1.9234705400083477e-72,1.9431319111238727e-72,1.962952812853103e-72,1.9829342029325575e-72,2.0030770428137957e-72,2.0233822976699906e-72,2.0438509364021208e-72,2.0644839316454614e-72,2.0852822597756697e-72,2.1062469009152438e-72,2.127378838939832e-72,2.1486790614845232e-72,2.1701485599501659e-72,2.191788329509634e-72,2.2135993691141357e-72,2.2355826814995873e-72,2.2577392731926412e-72,2.2800701545172503e-72,2.302576339600945e-72,2.3252588463808164e-72,2.348118696610054e-72,2.3711569158640213e-72,2.3943745335469155e-72,2.417772582897205e-72,2.441352100994862e-72,2.4651141287668653e-72,2.4890597109937687e-72,2.51318989631596e-72,2.537505737239689e-72,2.5620082901434385e-72,2.5866986152841493e-72,2.611577776803448e-72,2.636646842733673e-72,2.661906885004219e-72,2.68735897944786e-72,2.713004205806895e-72,2.7388436477390863e-72,2.7648783928243004e-72,2.791109532570087e-72,2.8175381624184794e-72,2.844165381751778e-72,2.870992293898803e-72,2.8980200061411983e-72,2.9252496297195277e-72,2.9526822798392266e-72,2.98031907567711e-72,3.008161140387266e-72,3.036209601107195e-72,3.0644655889640786e-72,3.0929302390808887e-72,3.1216046905825643e-72,3.1504900866018534e-72,3.1795875742858775e-72,3.208898304801892e-72,3.2384234333435867e-72,3.268164119137027e-72,3.298121525446956e-72,3.328296819582837e-72,3.35869117290473e-72,3.389305760829843e-72,3.420141762838184e-72,3.451200362478788e-72,3.482482747375614e-72,3.5139901092342527e-72,3.545723643847289e-72,3.5776845511006486e-72,3.609874034979558e-72,3.642293303574907e-72,3.6749435690887575e-72,3.707826047841172e-72,3.740941960275009e-72,3.7742925309636836e-72,3.8078789886155436e-72,3.8417025660809057e-72,3.875764500357801e-72,3.9100660325976855e-72,3.944608408112238e-72,3.979392876378514e-72,4.0144206910452703e-72,4.049693109939356e-72,4.085211395070895e-72,4.120976812640222e-72,4.1569906330434785e-72,4.1932541308777155e-72,4.2297685849484445e-72,4.266535278274734e-72,4.3035554980949165e-72,4.340830535873348e-72,4.3783616873058896e-72,4.41615025232569e-72,4.454197535109493e-72,4.4925048440835625e-72,4.531073491929477e-72,4.569904795590292e-72,4.60900007627614e-72,4.648360659470301e-72,4.687987874935419e-72,4.727883056718834e-72,4.76804754315904e-72,4.808482676891625e-72,4.849189804854464e-72,4.890170278294718e-72,4.931425452773409e-72,4.972956688172615e-72,5.014765348700763e-72,5.056852802898435e-72,5.099220423644142e-72,5.141869588161095e-72,5.184801678021716e-72,5.228018079154434e-72,5.271520181849543e-72,5.315309380764616e-72,5.359387074930724e-72,5.40375466775828e-72,5.448413567042579e-72,5.49336518496971e-72,5.538610938122906e-72,5.584152247487743e-72,5.62999053845867e-72,5.676127240843596e-72,5.722563788871238e-72,5.769301621196241e-72,5.816342180904113e-72,5.863686915519037e-72,5.911337277007926e-72,5.959294721787017e-72,6.007560710727362e-72,6.056136709161016e-72,6.105024186886322e-72,6.154224618174121e-72,6.203739481773329e-72,6.253570260916405e-72,6.303718443326174e-72,6.354185521220321e-72,6.404972991318218e-72,6.456082354845773e-72,6.507515117541312e-72,6.559272789662555e-72,6.611356885990871e-72,6.663768925837694e-72,6.716510433050329e-72,6.769582936016793e-72,6.822987967673122e-72,6.876727065508284e-72,6.930801771569074e-72,6.985213632467584e-72,7.03996419938506e-72,7.095055028079158e-72,7.150487678888873e-72,7.206263716740118e-72,7.262384711152258e-72,7.318852236242496e-72,7.375667870732831e-72,7.432833197955216e-72,7.490349805856911e-72,7.548219287006907e-72,7.606443238600369e-72,7.665023262466076e-72,7.72396096507062e-72,7.783257957524805e-72,7.842915855588813e-72,7.902936279678604e-72,7.963320854870082e-72,8.024071210907056e-72,8.08518898220444e-72,8.146675807855827e-72,8.208533331637698e-72,8.270763202015845e-72,8.333367072151362e-72,8.396346599904595e-72,8.4597034478432e-72,8.523439283244877e-72,8.587555778106078e-72,8.65205460914522e-72,8.716937457808942e-72,8.78220601027878e-72,8.847861957475146e-72,8.913906995063425e-72,8.980342823460636e-72,9.047171147839426e-72,9.114393678134691e-72,9.182012129048618e-72,9.250028220056674e-72,9.318443675412647e-72,9.387260224154942e-72,9.45647960011152e-72,9.52610354190529e-72,9.596133792960471e-72,9.666572101507469e-72,9.737420220588328e-72,9.808679908063208e-72,9.880352926614729e-72,9.952441043753782e-72,1.002494603182593e-71,1.0097869668015996e-71,1.0171213734354006e-71,1.0244980017720407e-71,1.0319170309851868e-71,1.0393786407345968e-71,1.0468830111668286e-71,1.0544303229156945e-71,1.062020757102713e-71,1.0696544953378826e-71,1.0773317197200125e-71,1.0850526128374561e-71,1.0928173577684117e-71,1.100626138081791e-71,1.1084791378375575e-71,1.1163765415871803e-71,1.1243185343745541e-71,1.1323053017359997e-71,1.140337029701452e-71,1.1484139047944068e-71,1.1565361140327928e-71,1.1647038449295026e-71,1.1729172854928147e-71,1.1811766242270872e-71,1.1894820501330823e-71,1.1978337527087715e-71,1.2062319219496623e-71,1.214676748349522e-71,1.2231684229006797e-71,1.2317071370948368e-71,1.2402930829233643e-71,1.248926452878094e-71,1.2576074399516146e-71,1.2663362376379885e-71,1.275113039933172e-71,1.2839380413356193e-71,1.2928114368467649e-71,1.3017334219716744e-71,1.310704192719481e-71,1.3197239456038765e-71,1.3287928776438057e-71,1.3379111863639677e-71,1.347079069795079e-71,1.3562967264748809e-71,1.3655643554482427e-71,1.3748821562679835e-71,1.3842503289952961e-71,1.3936690742001404e-71,1.4031385929621626e-71,1.4126590868707214e-71,1.4222307580259146e-71,1.4318538090387595e-71,1.441528443031801e-71,1.4512548636398269e-71,1.461033275010231e-71,1.4708638818034047e-71,1.4807468891936087e-71,1.4906825028693166e-71,1.500670929033666e-71,1.5107123744051717e-71,1.5208070462181158e-71,1.5309551522230768e-71,1.5411569006876346e-71,1.5514125003966844e-71,1.5617221606530149e-71,1.5720860912778988e-71,1.5825045026115852e-71,1.592977605513708e-71,1.603505611364168e-71,1.6140887320632672e-71,1.6247271800323955e-71,1.6354211682145122e-71,1.6461709100748674e-71,1.6569766196011487e-71,1.6678385113043201e-71,1.678756800219052e-71,1.6897317019042055e-71,1.7007634324434062e-71,1.7118522084454703e-71,1.7229982470451434e-71,1.7342017659032933e-71,1.7454629832077116e-71,1.756782117673621e-71,1.7681593885438978e-71,1.7795950155900354e-71,1.7910892191122077e-71,1.8026422199401457e-71,1.814254239433529e-71,1.8259254994824375e-71,1.8376562225080415e-71,1.849446631462755e-71,1.8612969498313165e-71,1.8732074016306864e-71,1.88517821141111e-71,1.897209604256355e-71,1.909301805784044e-71,1.9214550421467373e-71,1.9336695400319153e-71,1.945945526662443e-71,1.958283229797718e-71,1.970682877733571e-71,1.9831446993030054e-71,1.9956689238768143e-71,2.0082557813638062e-71,2.020905502211581e-71,2.033618317406872e-71,2.0463944584763337e-71,2.0592341574864955e-71,2.072137647044916e-71,2.0851051603003367e-71,2.09813693094321e-71,2.1112331932062857e-71,2.1243941818651193e-71,2.1376201322384085e-71,2.1509112801888965e-71,2.1642678621233252e-71,2.1776901149935465e-71,2.191178276296533e-71,2.2047325840751636e-71,2.218353276918555e-71,2.2320405939627437e-71,2.2457947748912466e-71,2.259616059934941e-71,2.273504689873694e-71,2.2874609060357362e-71,2.301484950298937e-71,2.315577065090823e-71,2.3297374933895433e-71,2.343966478723879e-71,2.358264265174037e-71,2.372631097372218e-71,2.3870672205029285e-71,2.401572880303411e-71,2.4161483230645706e-71,2.4307937956310563e-71,2.4455095454017484e-71,2.460295820330586e-71,2.475152868927008e-71,2.490080940255987e-71,2.5050802839391923e-71,2.5201511501550254e-71,2.5352937896392154e-71,2.5505084536856064e-71,2.5657953941460634e-71,2.5811548634315824e-71,2.596587114512443e-71,2.612092400918803e-71,2.627670976741266e-71,2.643323096631114e-71,2.659049015801024e-71,2.6748489900256267e-71,2.6907232756418137e-71,2.7066721295492104e-71,2.7226958092111514e-71,2.7387945726543337e-71,2.754968678469929e-71,2.771218385814052e-71,2.787543954407984e-71,2.8039456445389427e-71,2.8204237170603105e-71,2.8369784333920198e-71,2.8536100555217736e-71,2.870318846004649e-71,2.8871050679641603e-71,2.9039689850925138e-71,2.9209108616510244e-71,2.9379309624710934e-71,2.9550295529537614e-71,2.972206899071292e-71,2.9894632673668654e-71,3.0067989249553784e-71,3.024214139523857e-71,3.04170917933205e-71,3.059284313212872e-71,3.0769398105726964e-71,3.0946759413921197e-71,3.1124929762263337e-71,3.1303911862055697e-71,3.1483708430356415e-71,3.166432218998514e-71,3.1845755869524324e-71,3.2028012203328715e-71,3.2211093931526843e-71,3.2395003800028998e-71,3.2579744560527435e-71,3.276531897050515e-71,3.295172979324099e-71,3.3138979797810265e-71,3.3327071759094243e-71,3.3516008457782832e-71,3.3705792680377605e-71,3.3896427219199802e-71,3.4087914872394637e-71,3.4280258443934435e-71,3.4473460743624785e-71,3.466752458710856e-71,3.4862452795869036e-71,3.5058248197240585e-71,3.5254913624406102e-71,3.5452451916407153e-71,3.5650865918146723e-71,3.5850158480392454e-71,3.605033245978398e-71,3.62513907188371e-71,3.645333612594741e-71,3.665617155539759e-71,3.685989988735768e-71,3.7064524007893726e-71,3.7270046808971935e-71,3.747647118846144e-71,3.768380005014182e-71,3.789203630370589e-71,3.810118286476361e-71,3.83112426548525e-71,3.852221860143046e-71,3.873411363789695e-71,3.8946930703582296e-71,3.9160672743762174e-71,3.937534270965466e-71,3.959094355843647e-71,3.980747825323533e-71,4.002494976314207e-71,4.024336106321172e-71,4.046271513447026e-71,4.068301496391903e-71,4.090426354453972e-71,4.112646387529714e-71,4.134961896114604e-71,4.157373181303182e-71,4.179880544790336e-71,4.2024842888709074e-71,4.2251847164407676e-71,4.247982130996921e-71,4.270876836637873e-71,4.293869138064385e-71,4.3169593405802654e-71,4.3401477500920464e-71,4.363434673109862e-71,4.38682041674799e-71,4.41030528872493e-71,4.433889597364626e-71,4.45757365159595e-71,4.481357760954098e-71,4.505242235580425e-71,4.5292273862227735e-71,4.553313524237004e-71,4.5775009615859365e-71,4.601790010841065e-71,4.626180985182663e-71,4.650674198399608e-71,4.675269964890719e-71,4.699968599664772e-71,4.724770418341105e-71,4.749675737150021e-71,4.774684872932895e-71,4.799798143143658e-71,4.825015865847742e-71,4.850338359724367e-71,4.875765944064845e-71,4.901298938775416e-71,4.926937664375581e-71,4.952682441999839e-71,4.978533593397643e-71,5.004491440934087e-71,5.030556307589995e-71,5.056728516963289e-71,5.083008393268087e-71,5.109396261336236e-71,5.135892446617232e-71,5.162497275178947e-71,5.189211073708069e-71,5.216034169510115e-71,5.242966890510432e-71,5.270009565254507e-71,5.297162522908289e-71,5.324426093258784e-71,5.3518006067143245e-71,5.379286394305223e-71,5.40688378768413e-71,5.4345931191263775e-71,5.462414721530579e-71,5.490348928419272e-71,5.5183960739385364e-71,5.546556492859683e-71,5.574830520578748e-71,5.603218493117342e-71,5.63172074712287e-71,5.6603376198695515e-71,5.689069449257818e-71,5.717916573815677e-71,5.7468793326991494e-71,5.775958065691966e-71,5.805153113206655e-71,5.834464816284687e-71,5.863893516597478e-71,5.893439556445866e-71,5.923103278761364e-71,5.9528850271064826e-71,5.982785145674713e-71,6.012803979291292e-71,6.042941873413985e-71,6.073199174132636e-71,6.103576228170773e-71,6.1340733828849305e-71,6.164690986266009e-71,6.195429386938982e-71,6.226288934163771e-71,6.257269977835665e-71,6.288372868485586e-71,6.319597957280507e-71,6.350945596024144e-71,6.382416137157287e-71,6.4140099337580744e-71,6.445727339542817e-71,6.477568708865975e-71,6.509534396720955e-71,6.541624758740238e-71,6.573840151195978e-71,6.606180931000522e-71,6.638647455707e-71,6.671240083508855e-71,6.7039591732422265e-71,6.736805084383582e-71,6.769778177052664e-71,6.8028788120118545e-71,6.836107350666608e-71,6.869464155065651e-71,6.902949587902517e-71,8.93849327933912e-35,8.944264381981514e-35,8.944319218242432e-35,8.944372038959511e-35,8.944425879270378e-35,8.944481064421133e-35,8.94453886002697e-35,8.944598748866047e-35,8.944658550355395e-35,8.944724087150974e-35,8.944793145139235e-35,8.944863697303022e-35,8.944941678034125e-35,8.945025014929202e-35,8.945111775040412e-35,8.945207112933078e-35,8.964210595235697e-35,8.945435151152884e-35,8.945541793184745e-35,8.945673285897528e-35,8.945815780173103e-35,8.945967604029288e-35,8.946134205537959e-35,8.946315752184129e-35,8.946510610555998e-35,8.946723521227175e-35,8.946952036084965e-35,8.947200064171299e-35,8.947468852732018e-35,8.947758743450068e-35,8.94806843529285e-35,8.948404630072214e-35,8.948764230259492e-35,8.949152291442958e-35,8.949566691583159e-35,8.950012553764297e-35,8.95048780831009e-35,8.950996781419326e-35,8.951541095711885e-35,8.952119740415294e-35,8.952737116078884e-35,8.953394991505594e-35,8.954092432028153e-35,8.954834905362393e-35,8.95562065022313e-35,6.247341372031455e-35,8.955603758816222e-35,8.958270218481839e-35,8.959258689764163e-35,8.960298475846053e-35,8.961398028588415e-35,8.962555102173252e-35,8.963774523324822e-35,8.965058544097222e-35,8.966408447642969e-35,8.967824008539716e-35,8.969312797886992e-35,8.970872781995289e-35,8.972509932944333e-35,8.97422313443619e-35,8.976018472045787e-35,8.977896638329061e-35,8.979857602401772e-35,8.981909287587738e-35,8.984051638803108e-35,8.986284742988036e-35,8.988616628097827e-35,8.991047352632558e-35,8.993577111113151e-35,8.99621406158047e-35,8.998958369775632e-35,9.001810385983308e-35,9.004777428494082e-35,9.007861632158862e-35,9.011065116223659e-35,9.01438834126118e-35,9.017839699997884e-35,9.021419666702403e-35,9.025128828822889e-35,9.02897567969636e-35,9.032960817342971e-35,9.037084921297041e-35,9.041356631288946e-35,9.045774867457382e-35,9.050346629595899e-35,9.055071796081276e-35,9.059956534286115e-35,9.065003481674135e-35,9.070217088202075e-35,9.075600055889971e-35,9.08115343968245e-35,9.086886160993943e-35,9.092799285650914e-35,9.098893964719408e-35,9.105179261985434e-35,9.111654588217592e-35,9.118327376721315e-35,9.125197951259457e-35,9.132273848274909e-35,9.139557224032211e-35,9.147049505339282e-35,9.154759134833072e-35,9.162689335312843e-35,9.170841585165264e-35,9.179223595423389e-35,9.187837770746618e-35,9.196688373444571e-35,9.205776275957373e-35,9.215112699069123e-35,9.224698495124052e-35,9.234538057429956e-35,9.244632453049643e-35,9.254993017060256e-35,9.265620756060689e-35,9.276517641665445e-35,9.287693491754041e-35,9.299148541066264e-35,9.310890952379479e-35,9.322921925103409e-35,9.335249681216749e-35,9.347875489299709e-35,9.36080765408222e-35,9.374047524930212e-35,9.387603477036926e-35,9.401478637586385e-35,9.415675428618571e-35,9.43020401750781e-35,9.445065050278039e-35,9.460266246950725e-35,9.475812713747108e-35,9.491706917741203e-35,9.507956701479538e-35,9.524567279780307e-35,9.541541226921515e-35,9.558887385515014e-35,9.576607528485366e-35,9.594709672098784e-35,9.61319921478884e-35,9.632080664149722e-35,9.65135692593226e-35,9.671037842396683e-35,9.691128099429089e-35,9.711630623968927e-35,9.732554568448185e-35,9.753903764003183e-35,9.775681370682089e-35,9.797898308123262e-35,9.820557686460018e-35,9.843662724353662e-35,9.867223608788327e-35,9.891245348980931e-35,9.915732937398026e-35,9.940689740627983e-35,9.966126081825814e-35,9.992047106199676e-35,1.0018456247581846e-34,1.0045363081589586e-34,1.007277196473347e-34,1.010068650198003e-34,1.0129118063965508e-34,1.0158068535209388e-34,1.0187547665145393e-34,1.0217558304026823e-34,1.0248110239741829e-34,1.0279206383320227e-34,1.0310855749663303e-34,1.0343063920449752e-34,1.0375838256042981e-34,1.0409184348789994e-34,1.0443106269790808e-34,1.047761484806571e-34,1.0512715881354228e-34,1.0548413410399782e-34,1.058471761761895e-34,1.0621631774107674e-34,1.0659166107265957e-34,1.0697323957064957e-34,1.0736115633262256e-34,1.0775544549315783e-34,1.0815620212921432e-34,1.0856349565059272e-34,1.0897738695757023e-34,1.0939792166815663e-34,1.0982522072547225e-34,1.1025932929712061e-34,1.107002934186056e-34,1.1114823612296042e-34,1.1160320312738945e-34,1.1206524139734844e-34,1.1253447525840294e-34,1.1301095138252844e-34,1.1349471835005248e-34,1.1398590074222445e-34,1.14484546759826e-34,1.1499070558109052e-34,1.1550449461426508e-34,1.1602597192834525e-34,1.165552130101665e-34,1.1709230241299492e-34,1.176372902376445e-34,1.1819028785768593e-34,1.1875133729886325e-34,1.193205508074851e-34,1.1989797084055355e-34,1.2048371031982893e-34,1.210778300004576e-34,1.2168038343460513e-34,1.222915006200232e-34,1.229112176444142e-34,1.2353964918768643e-34,1.2417684062061898e-34,1.2482290675672994e-34,1.2547789416129416e-34,1.2614191824845677e-34,1.2681502565222442e-34,1.274973330733381e-34,1.281888879815296e-34,1.288898073552026e-34,1.2960013965092808e-34,1.303200022387715e-34,1.310494446970459e-34,1.3178858493468234e-34,1.3253748968969286e-34,1.332962185708333e-34,1.3406490729153202e-34,1.3484361538513306e-34,1.3563240348422583e-34,1.3643140825235083e-34,1.3724069014279812e-34,1.3806031059955837e-34,1.3889040770171021e-34,1.3973104299331378e-34,1.4058227892103993e-34,1.414442543165172e-34,1.4231701501142078e-34,1.4320068387269832e-34,1.440953155564711e-34,1.4500102529882226e-34,1.459178941989524e-34,1.4684601231263922e-34,1.4778547867307741e-34,1.4873635810536235e-34,1.4969877628554808e-34,1.5067280706753353e-34,1.5165851697835586e-34,1.526560493154572e-34,1.5366545353700712e-34,1.546868570025459e-34,1.5572033495689988e-34,1.5676595664184693e-34,1.5782386583805089e-34,1.5889411460008345e-34,1.599768311907143e-34,1.6107207663496976e-34,1.6217998002688278e-34,1.633006027788978e-34,1.644340748877367e-34,1.6558047514017395e-34,1.6673987518311541e-34,1.6791242250008938e-34,1.690981884247624e-34,1.7029724549405783e-34,1.7150974248346402e-34,1.727357516815881e-34,1.739753716172716e-34,1.7522870114121235e-34,1.7649579920300153e-34,1.7777684709132024e-34,1.7907188670475256e-34,1.8038104338771736e-34,1.8170440929449626e-34,1.8304208529166982e-34,1.8439417258276467e-34,1.857607727052459e-34,1.8714199613821655e-34,1.885379361835996e-34,1.8994867046382234e-34,1.9137435249392335e-34,1.928150429662215e-34,1.942708710081749e-34,1.9574193197889276e-34,1.9722833006716926e-34,1.9873017828474055e-34,2.0024755602991252e-34,2.0178060237964817e-34,2.033293891554721e-34,2.0489405580465197e-34,2.0647467494798814e-34,2.0807138681741706e-34,2.096842641498218e-34,2.113134399062288e-34,2.1295902156465913e-34,2.146211080478395e-34,2.1629978275726464e-34,2.179952044741897e-34,2.197074401179484e-34,2.214366324745302e-34,2.231828736934883e-34,2.24946248944161e-34,2.2672691880987996e-34,2.285249680397133e-34,2.3034050733216684e-34,2.3217361549799945e-34,2.340244700005468e-34,2.3589314901238994e-34,2.377797399936605e-34,2.396844054347088e-34,2.416072159061103e-34,2.4354831862116465e-34,2.455078095897769e-34,2.4748580238439324e-34,2.4948237898045157e-34,2.5149771928742487e-34,2.5353188830710385e-34,2.5558503445221418e-34,2.5765723961620525e-34,2.5974865299663523e-34,2.6185937378047864e-34,2.639894932272722e-34,2.661391783641001e-34,2.6830852051372697e-34,2.7049761249484016e-34,2.7270662191813317e-34,2.749356411902754e-34,2.771847641268455e-34,2.794541592509656e-34,2.8174391998834855e-34,2.8405414100811676e-34,2.863849919163531e-34,2.8873656706491204e-34,2.9110896208514335e-34,2.9350234752661944e-34,2.9591680213308133e-34,2.983524807992196e-34,3.0080948809147725e-34,3.0328792115143395e-34,3.057879515504441e-34,3.0830966037030647e-34,3.1085320355493105e-34,3.1341867099997416e-34,3.160062192224449e-34,3.1861593881555677e-34,3.2124798697990766e-34,3.2390245467176723e-34,3.2657950015085496e-34,3.2927921456689432e-34,3.3200175706981895e-34,3.34747219595876e-34,3.375157614979033e-34,3.4030747569761635e-34,3.431225137981582e-34,3.459610027858208e-34,3.4882304445906284e-34,3.5170879162480364e-34,3.5461837211503436e-34,3.575518888088601e-34,3.6050949542427068e-34,3.6349132052662955e-34,3.6649746852990262e-34,3.695280934857343e-34,3.72583325333518e-34,3.7566326876287925e-34,3.7876808783255795e-34,3.8189789617092933e-34,3.850528001760099e-34,3.882329724401875e-34,3.914385364409023e-34,3.946696151758978e-34,3.979263410653529e-34,4.0120881500908735e-34,4.045172342978826e-34,4.078516827072956e-34,4.112123274117887e-34,4.145992846785509e-34,4.180126649451437e-34,4.214526516912485e-34,4.249193545129284e-34,4.284128839900334e-34,4.3193341677597765e-34,4.3548107192621326e-34,4.390559937217309e-34,4.426583096920698e-34,4.462881325942171e-34,4.499456480841815e-34,4.5363096858649606e-34,4.57344207208345e-34,4.610855511529748e-34,4.648551134459905e-34,4.686530081003077e-34,4.724794150933688e-34,4.763344569075463e-34,4.802182728740779e-34,4.841310026484019e-34,4.88072786188182e-34,4.920437637619047e-34,4.9604407594364394e-34,5.000738636138074e-34,5.041332679547569e-34,5.082224304718801e-34,5.123415012599389e-34,5.164905975469858e-34,5.206698948835398e-34,5.248795191331988e-34,5.291195892974689e-34,5.333902975491543e-34,5.376917464735171e-34,5.420241130478807e-34,5.463875083837895e-34,5.50782110181594e-34,5.552080301857473e-34,5.596654465663842e-34,5.641544718251837e-34,5.686752848457339e-34,5.732279983537744e-34,5.77812791866408e-34,5.8242979482783195e-34,5.8707915516488756e-34,5.917609881632198e-34,5.9647550546957685e-34,6.012228224156517e-34,6.060030630313872e-34,6.108164248605695e-34,6.156630316775541e-34,6.205430326001544e-34,6.254565454005015e-34,6.3040378398912575e-34,6.353848657237434e-34,6.403999408791016e-34,6.4544912843221254e-34,6.505326435579892e-34,6.5565058843885804e-34,6.6080314771239865e-34,6.6599044008931835e-34,6.712126504409175e-34,6.76469898609284e-34,6.81762369895976e-34,6.8709018429855245e-34,6.924535282395647e-34,6.978525221961541e-34,7.032873530319402e-34,7.087581419341895e-34,7.142650763407819e-34,7.1980829457691215e-34,7.253879271045384e-34,7.310041781337648e-34,7.366571788332267e-34,7.423470849944139e-34,7.480740217054241e-34,7.538382093173699e-34,7.5963977196129655e-34,7.654788664830768e-34,7.713556195834974e-34,7.772702522052329e-34,7.832228901476034e-34,7.892136680115692e-34,7.952427925962529e-34,8.013103824987741e-34,8.074166291658148e-34,8.135616597768464e-34,8.197456668648427e-34,8.259687935739139e-34,8.322312000168175e-34,8.385330159369358e-34,8.448744658736956e-34,8.512556624508003e-34,8.576768000406174e-34,8.641380077934085e-34,8.706394804848242e-34,8.771813478741563e-34,8.837638052242149e-34,8.903869831931657e-34,8.970510770093282e-34,9.03756218668543e-34,9.105026032942723e-34,9.172903797087753e-34,9.241196882622038e-34,9.309907417311775e-34,9.379036646742254e-34,9.448586551514762e-34,9.51855862009686e-34,9.588954274439417e-34,9.659775658583718e-34,9.731024184970397e-34,9.80270130161602e-34,9.874809067255314e-34,9.947349077982704e-34,1.0020322923594512e-33,1.0093732052837437e-33,1.0167578542643573e-33,1.0241863918712126e-33,1.0316589952118935e-33,1.039175824360562e-33,1.0467370257707477e-33,1.0543428083718512e-33,1.061993326374415e-33,1.0696887499282855e-33,1.0774292495367347e-33,1.0852150040167443e-33,1.0930461761002662e-33,1.1009229137086293e-33,1.1088454281765343e-33,1.11681388377725e-33,1.1248284280090567e-33,1.132889265914211e-33,1.1409965380148209e-33,1.1491504494922752e-33,1.157351157604072e-33,1.1655988122662527e-33,1.1738936269701508e-33,1.1822357681483678e-33,1.1906253862300129e-33,1.1990626879768354e-33,1.2075478164675774e-33,1.2160809790253911e-33,1.2246623348342428e-33,1.2332920369458807e-33,1.2419703004185562e-33,1.2506972941476663e-33,1.2594731865556168e-33,1.2682981311472877e-33,1.2771723530784959e-33,1.2860959896653216e-33,1.2950692509086451e-33,1.3040922832910317e-33,1.3131652966743477e-33,1.3222884537863885e-33,1.3314619108469752e-33,1.3406858936123343e-33,1.3499605422429201e-33,1.3592860686630637e-33,1.3686626366347727e-33,1.378090402908824e-33,1.3875695952054048e-33,1.3971003558885938e-33,1.4066828974013113e-33,1.4163173849088114e-33,1.4260039777452033e-33,1.4357429042839568e-33,1.4455343076180879e-33,1.4553784022849521e-33,1.4652753388704667e-33,1.4752253248638408e-33,1.4852285444858624e-33,1.4952851715184567e-33,1.5053953676253927e-33,1.5155593647406792e-33,1.5257773221845213e-33,1.5360494025835399e-33,1.546375829890583e-33,1.556756773860577e-33,1.5671924201430145e-33,1.5776829626837627e-33,1.5882285793443354e-33,1.59882943359225e-33,1.6094857590388508e-33,1.6201977035644722e-33,1.6309654779748452e-33,1.641789269619245e-33,1.6526692586690496e-33,1.663605610307857e-33,1.6745985594802142e-33,1.6856482554186948e-33,1.6967549186678536e-33,1.7079187224739234e-33,1.7191398335825337e-33,1.7304184805485045e-33,1.7417548457002144e-33,1.7531491110457157e-33,1.7646014442109634e-33,1.7761120829532487e-33,1.7876811788622773e-33,1.7993089472698544e-33,1.8109955718707175e-33,1.822741244612485e-33,1.834546157715511e-33,1.8464105124083757e-33,1.8583344760780047e-33,1.87031827406074e-33,1.8823620683433633e-33,1.894466083935537e-33,1.906630483132549e-33,1.9188554918494167e-33,1.931141272346472e-33,1.943488051003941e-33,1.955895991691953e-33,1.9683653207864106e-33,1.980896217522771e-33,1.993488854975502e-33,2.0061434756590374e-33,2.0188602527406562e-33,2.0316393587247184e-33,2.0444810377426367e-33,2.0573854630051794e-33,2.0703528086754026e-33,2.083383319327612e-33,2.096477153443432e-33,2.1096345409221408e-33,2.1228556637066534e-33,2.1361407207703944e-33,2.1494898810277142e-33,2.162903406104073e-33,2.176381446414443e-33,2.1899242342445458e-33,2.2035319538339052e-33,2.217204782506401e-33,2.2309429594202315e-33,2.244746678063671e-33,2.2586161153298906e-33,2.272551505442426e-33,2.2865530315494976e-33,2.3006208739601014e-33,2.314755281601573e-33,2.3289564170040817e-33,2.343224515720169e-33,2.3575597626336837e-33,2.3719623393116064e-33,2.3864324949641493e-33,2.400970395048342e-33,2.415576266709165e-33,2.4302503137920656e-33,2.4449927182068574e-33,2.459803707685764e-33,2.4746834871819695e-33,2.489632238764546e-33,2.504650191274619e-33,2.5197375427417174e-33,2.534894499226993e-33,2.550121275037688e-33,2.5654180697978532e-33,2.5807850864593456e-33,2.596222506021354e-33,2.6117305940881606e-33,2.6273095278895316e-33,2.6429594960765265e-33,2.658680753291595e-33,2.6744734777480064e-33,2.6903378603652955e-33,2.7062741535509635e-33,2.722282544905726e-33,2.738363222508177e-33,2.7545164329339482e-33,2.7707423786008194e-33,2.7870412462510053e-33,2.803413279414255e-33,2.8198586694141428e-33,2.8363776063087214e-33,2.8529703474064335e-33,2.8696370658582822e-33,2.8863779964526284e-33,2.903193351214063e-33,2.9200833193017795e-33,2.9370481439872292e-33,2.9540880218380803e-33,2.9712031453922294e-33,2.9883937729367605e-33,3.0056600786125437e-33,3.023002307296983e-33,3.0404206431356542e-33,3.057915323128828e-33,3.075486561896541e-33,3.093134551238422e-33,3.1108595292787965e-33,3.1286617118507564e-33,3.14654129059112e-33,3.164498505073844e-33,3.182533571763564e-33,3.20064668302083e-33,3.218838087554807e-33,3.2371079861392995e-33,3.2554565724584344e-33,3.27388411026764e-33,3.2923907788946344e-33,3.310976827306572e-33,3.3296424578380035e-33,3.348387866181344e-33,3.367213317135699e-33,3.3861189910662504e-33,3.405105138055317e-33,3.424171961942781e-33,3.443319659760227e-33,3.462548497884766e-33,3.4818586726088024e-33,3.501250404377459e-33,3.520723883864884e-33,3.540279392497364e-33,3.559917121041927e-33,3.579637290941333e-33,3.59944009449477e-33,3.619325813353709e-33,3.639294639456174e-33,3.659346794637706e-33,3.679482473605223e-33,3.699701958712561e-33,3.7200054423711175e-33,3.740393148049603e-33,3.760865269911542e-33,3.781422092471563e-33,3.8020638081399344e-33,3.8227906199310644e-33,3.8436028007471706e-33,3.864500547002081e-33,3.885484063830153e-33,3.906553621246114e-33,3.9277094092417144e-33,3.94895168232448e-33,3.970280652570904e-33,3.991696523570815e-33,4.0131995671853186e-33,4.034789987241548e-33,4.0564679891777555e-33,4.078233844949116e-33,4.100087758419122e-33,4.122029937896533e-33,4.1440606511849136e-33,4.166180111358525e-33,4.188388521839364e-33,4.210686154450178e-33,4.23307321637855e-33,4.255549940623578e-33,4.278116547951169e-33,4.30077327739697e-33,4.323520355443223e-33,4.346357967468724e-33,4.3692864407711e-33,4.3923059534055966e-33,4.41541671758794e-33,4.4386190078867076e-33,4.461913018919518e-33,4.4852990122839756e-33,4.508777204867099e-33,4.5323478288972145e-33,4.5560110881144936e-33,4.5797672737751115e-33,4.6036165749664424e-33,4.6275592546279256e-33,4.6515955164323216e-33,4.675725624201909e-33,4.699949799877317e-33,4.724268271145129e-33,4.748681247146768e-33,4.773189021515232e-33,4.79779179960754e-33,4.822489815312188e-33,4.847283276620022e-33,4.872172479934973e-33,4.897157611564948e-33,4.9222389405421725e-33,4.9474166730705964e-33,4.972691076160627e-33,4.998062356484519e-33,5.0235307815024055e-33,5.0490965582353195e-33,5.074759953839936e-33,5.1005211775559836e-33,5.126380496824273e-33,5.152338120165421e-33,5.178394315862372e-33,5.204549293310042e-33,5.2308033139127534e-33,5.257156616786601e-33,5.2836094343715246e-33,5.310161983876164e-33,5.336814547827127e-33,5.3635673335720334e-33,5.390420609413765e-33,5.4173745864360314e-33,5.444429536744295e-33,5.4715856837650523e-33,5.4988432485142935e-33,5.5262025163514596e-33,5.553663705243778e-33,5.5812270404963814e-33,5.6088928058621894e-33,5.636661220929557e-33,5.664532508397297e-33,5.6925069546326535e-33,5.7205847659792425e-33,5.748766216758343e-33,5.777051519347685e-33,5.8054409485802476e-33,5.833934733794427e-33,5.862533097514567e-33,5.891236329068014e-33,5.920044635569014e-33,5.9489582931064944e-33,5.9779775164244614e-33,6.0071025810189915e-33,6.036333703850456e-33,6.065671160599666e-33,6.095115182537671e-33,6.124665995002016e-33,6.1543238875859065e-33,6.184089088124509e-33,6.21396181920517e-33,6.243942373004945e-33,6.274030961292221e-33,6.304227854094073e-33,6.334533300012786e-33,6.36494753926737e-33,6.395470820790354e-33,6.426103365563065e-33,6.456845480611805e-33,6.487697385225347e-33,6.518659308095055e-33,6.549731545230782e-33,6.58091432220148e-33,6.612207865905903e-33,6.643612472080175e-33,6.675128370017759e-33,6.706755804225617e-33,6.738495011288154e-33,6.770346293756722e-33,6.802309858896756e-33,6.834385982350569e-33,6.8665749140502e-33,6.898876877987174e-33,6.93129217124784e-33,6.963821009938222e-33,6.996463676681275e-33,7.02922040988063e-33,7.062091441384458e-33,7.095077067969477e-33,7.128177523585313e-33,7.161393039913423e-33,7.194723916411184e-33,7.228170368605147e-33,7.261732683722514e-33,7.295411084595589e-33,7.329205859040886e-33,7.363117244207454e-33,7.397145500154794e-33,7.43129085155173e-33,7.465553611243003e-33,7.499934012310615e-33,7.534432285237827e-33,7.569048733554404e-33,7.603783589068173e-33,7.638637089793922e-33,7.673609533594188e-33,7.708701162196679e-33,7.74391221035916e-33,7.779242971896163e-33,7.814693690992313e-33,7.850264633894483e-33,7.885956050539154e-33,7.921768181869447e-33,7.957701327240213e-33,7.993755730120508e-33,8.029931623602262e-33,8.066229313399103e-33,8.102649022996632e-33,8.139191049893488e-33,8.175855610997367e-33,8.212643003720284e-33,8.24955346070066e-33,8.286587272290174e-33,8.323744696852029e-33,8.361025953075352e-33,8.398431356780142e-33,8.435961134582854e-33,8.473615578306014e-33,8.511394921596124e-33,8.549299455670378e-33,8.587329430991152e-33,8.62548508923437e-33,8.663766737211798e-33,8.702174617129262e-33,8.740708971263736e-33,8.779370108063369e-33,8.818158269817434e-33,8.857073699982994e-33,8.896116707587335e-33,8.935287520570907e-33,8.974586434807018e-33,9.01401368584201e-33,9.053569568033825e-33,9.093254321010233e-33,9.133068238979366e-33,9.173011573394632e-33,9.213084571029421e-33,9.25328754079996e-33,9.293620729921264e-33,9.334084383414464e-33,9.374678812591696e-33,9.415404263259721e-33,9.456260982296306e-33,9.497249281917969e-33,9.538369393560373e-33,9.579621615377715e-33,9.621006203705735e-33,9.662523403431399e-33,9.704173520462812e-33,9.745956818840376e-33,9.787873539029165e-33,9.829923994860779e-33,9.872108419886828e-33,9.914427113635312e-33,9.956880332379775e-33,9.999468326937453e-33,1.0042191410597924e-32,1.0085049833201123e-32,1.0128043865625015e-32,1.0171173753668625e-32,1.0214439824669866e-32,1.0257842308600745e-32,1.0301381506830047e-32,1.0345057676604491e-32,1.038887107124759e-32,1.0432822005610943e-32,1.0476910735405444e-32,1.0521137507112404e-32,1.0565502634449839e-32,1.0610006381569851e-32,1.0654648994353535e-32,1.0699430791325917e-32,1.074435202671181e-32,1.0789412951149187e-32,1.0834613884673305e-32,1.0879955082913764e-32,1.0925436795697132e-32,1.0971059343039049e-32,1.1016822981789731e-32,1.106272796468916e-32,1.1108774608275222e-32,1.1154963178274667e-32,1.1201293938592637e-32,1.1247767145438496e-32,1.1294383129850634e-32,1.1341142128982406e-32,1.1388044446956826e-32,1.1435090348266003e-32,1.1482280111015445e-32,1.152961398724477e-32,1.15770923091896e-32,1.1624715328348722e-32,1.1672483323525771e-32,1.1720396547772824e-32,1.1768455332935681e-32,1.181665994516435e-32,1.1865010651786838e-32,1.1913507720868641e-32,1.1962151411924427e-32,1.2010942076115421e-32,1.205987995039134e-32,1.2108965319988136e-32,1.2158198443154857e-32,1.220757966007188e-32,1.2257109212843612e-32,1.2306787364957453e-32,1.2356614453957955e-32,1.240659071813257e-32,1.245671643005512e-32,1.2506991909670514e-32,1.2557417428005761e-32,1.2607993242491536e-32,1.2658719679364895e-32,1.2709596984958296e-32,1.2760625470157644e-32,1.2811805408339628e-32,1.286313706083639e-32,1.2914620744471083e-32,1.296625672723338e-32,1.3018045312342918e-32,1.306998676990547e-32,1.3122081385741318e-32,1.3174329419294167e-32,1.3226731222348262e-32,1.3279287040088876e-32,1.3331997145105473e-32,1.338486181088189e-32,1.3437881377018838e-32,1.3491056102312218e-32,1.3544386274808005e-32,1.3597872153869734e-32,1.3651514081538153e-32,1.370531230301691e-32,1.3759267133401087e-32,1.3813378833711823e-32,1.3867647727716401e-32,1.3922074068922084e-32,1.3976658141076605e-32,1.403140027408276e-32,1.4086300729408142e-32,1.41413597778686e-32,1.4196577742514375e-32,1.425195490678461e-32,1.4307491533928175e-32,1.436318794943641e-32,1.441904441808397e-32,1.4475061252970297e-32,1.453123873259444e-32,1.4587577123761133e-32,1.4644076760464517e-32,1.4700737935125128e-32,1.475756087323051e-32,1.4814545922473987e-32,1.4871693364944276e-32,1.4929003507388587e-32,1.498647658262856e-32,1.5044112966536898e-32,1.5011888706029533e-32,1.506968122149103e-32,1.5127696419429872e-32,1.5185861130084535e-32,1.5244148681753217e-32,1.5302653496669978e-32,1.5361298820507725e-32,1.5420102129475042e-32,1.5479061433057724e-32,1.5538184663019936e-32,1.5597466536180736e-32,1.5656908038778406e-32,1.5716506400499547e-32,1.577626422438855e-32,1.58361762962125e-32,1.5896255219534164e-32,1.5956480194960902e-32,1.601687706427503e-32,1.6077432717541624e-32,1.61381470689696e-32,1.619901738216947e-32,1.626004131666474e-32,1.632123103448493e-32,1.638257996252262e-32,1.6444086055539951e-32,1.650574015710967e-32,1.6567553035136168e-32,1.6629532600691457e-32,1.6691669761102327e-32,1.675395713220093e-32,1.6816402195046633e-32,1.687901567750856e-32,1.6941783831253785e-32,1.7004707322840398e-32,1.7067792194429712e-32,1.7131033898859754e-32,1.71944297845935e-32,1.7257982298238033e-32,1.7321691308748495e-32,1.7385556686409955e-32,1.7449578321725703e-32,1.7513753857281072e-32,1.757808763040664e-32,1.7642574994854959e-32,1.7707224762664248e-32,1.7772028091397514e-32,1.783698889249674e-32,1.7902099888750673e-32,1.7967364646484888e-32,1.8032791164308694e-32,1.8098363442712344e-32,1.8164090531630493e-32,1.8229976755691595e-32,1.8296022872319225e-32,1.8362223749099827e-32,1.8428579231203733e-32,1.8495089467101577e-32,1.856175451829975e-32,1.8628567114132277e-32,1.8695533583064475e-32,1.876266312863911e-32,1.8829937365608344e-32,1.8897374125744156e-32,1.8964963913399258e-32,1.903269877208972e-32,1.9100593256141078e-32,1.9168638203589623e-32,1.9236832629328206e-32,1.9305182974088683e-32,1.937368541744958e-32,1.944234029940351e-32,1.9511147539167682e-32,1.9580102319933688e-32,1.9649214424360397e-32,1.9718476474031695e-32,1.9787890659476157e-32,1.9857454239715468e-32,1.9927172432350008e-32,1.999704232832179e-32,2.0067063903791857e-32,2.0137237042027372e-32,2.0207561625760015e-32,2.0278037543877344e-32,2.034866468250099e-32,2.0419443060661786e-32,2.0490372455529285e-32,2.0561452739672895e-32,2.0632683818990238e-32,2.0704065355029722e-32,2.077559762600709e-32,2.0847280128189797e-32,2.0919112935785205e-32,2.099109594476693e-32,2.10632351387032e-32,2.1135516169761222e-32,2.1207949476283002e-32,2.1280532485553855e-32,2.1353265091794635e-32,2.1426153271339078e-32,2.1499190922626435e-32,2.1572371806168085e-32,2.1645702127686108e-32,2.1719187490705718e-32,2.1792821878522806e-32,2.1866605177318838e-32,2.194053716201354e-32,2.2014617945600746e-32,2.2088841268438843e-32,2.2163219075653383e-32,2.2237745120740945e-32,2.2312419524073792e-32,2.2387242056870027e-32,2.2462212486385286e-32,2.2537324794310287e-32,2.2612591032514983e-32,2.2688004960549964e-32,2.2763566462727216e-32,2.283927529913064e-32,2.2915131616960722e-32,2.2991135177452859e-32,2.3067285869557528e-32,2.3143583582600257e-32,2.3220028206609658e-32,2.3296619630852845e-32,2.3373351316781244e-32,2.3450235994488726e-32,2.352726698846832e-32,2.360444450039613e-32,2.3681768263028277e-32,2.375923816614913e-32,2.3836854100004544e-32,2.391461595527807e-32,2.3992523467110353e-32,2.4070576835213064e-32,2.4148775796777336e-32,2.422712024188692e-32,2.430561006033469e-32,2.438424514472365e-32,2.4463025385554894e-32,2.4541950673355764e-32,2.4621020727222874e-32,2.4700235781913533e-32,2.477959555838721e-32,2.485910114354435e-32,2.493875124965442e-32,2.501854435595875e-32,2.5098481747884903e-32,2.517841584895912e-32,2.525864138169103e-32,2.533901069432377e-32,2.5419525354794515e-32,2.550018378285733e-32,2.5580984328965785e-32,2.5661928403928257e-32,2.5743015917761275e-32,2.582424658386923e-32,2.590562220526026e-32,2.598713933104894e-32,2.6068801098392024e-32,2.615060409791308e-32,2.6232549873455156e-32,2.631464005202874e-32,2.639687088937554e-32,2.647924615280125e-32,2.65617638200823e-32,2.6644423775893677e-32,2.672722395777532e-32,2.681016371353409e-32,2.689324779966735e-32,2.6976473703614485e-32,2.705984134315144e-32,2.71433505849358e-32,2.7226991768808216e-32,2.7310785632488625e-32,2.7394718832669837e-32,2.747879336886701e-32,2.756300897236165e-32,2.7647365537509587e-32,2.7731862958719944e-32,2.7816501129876385e-32,2.7901279944788245e-32,2.798619929846579e-32,2.807125892449794e-32,2.8156459061471156e-32,2.8241799397941345e-32,2.8327102610346976e-32,2.841272278895479e-32,2.8498482874934743e-32,2.858438276278819e-32,2.8670422347545537e-32,2.8756601524203187e-32,2.884292005148217e-32,2.892937809764762e-32,2.901597542159419e-32,2.910271191878581e-32,2.9189587494307755e-32,2.927660188459557e-32,2.93637552748037e-32,2.9451047420615613e-32,2.9538485597846394e-32,2.962606233207745e-32,2.9713777535676906e-32,2.980162369125764e-32,2.9889608074524086e-32,2.9977730582253596e-32,3.006599111118657e-32,3.0154389623855394e-32,3.0242925886379213e-32,3.0331599860762393e-32,3.0420411443641245e-32,3.050936053112657e-32,3.05984471107266e-32,3.0687670900161445e-32,3.077703188694837e-32,3.0866527346276285e-32,3.0956162541947086e-32,3.1045931881297024e-32,3.1135840730510434e-32,3.122588354723493e-32,3.13160656633474e-32,3.1406384254173925e-32,3.149684125035751e-32,3.158743452451496e-32,3.167816395441933e-32,3.1769029447387584e-32,3.1860030901743253e-32,3.1951166250860946e-32,3.204243735911207e-32,3.213384413578959e-32,3.222538840944258e-32,3.231706814830831e-32,3.240888323356887e-32,3.2500647855895147e-32,3.259273307114204e-32,3.268495334178861e-32,3.277730856182548e-32,3.286979863038689e-32,3.2962423446533435e-32,3.3055182909412867e-32,3.3148075034047036e-32,3.3241101606293165e-32,3.3334264399875156e-32,3.3427561436580786e-32,3.3520990745258053e-32,3.361455596567278e-32,3.3708255128912697e-32,3.3802088132712526e-32,3.389605487796523e-32,3.399015526550864e-32,3.408438919385941e-32,3.417875656314966e-32,3.427325541343144e-32,3.436788936081076e-32,3.4462656449248514e-32,3.455755657965875e-32,3.4652589650548874e-32,3.4747755563024253e-32,3.4843054217309943e-32,3.4938483664298096e-32,3.503404565240152e-32,3.5129740081159976e-32,3.522556870125028e-32,3.53215295664869e-32,3.5417622577081923e-32,3.551384763356695e-32,3.5610204637466723e-32,3.570669349054109e-32,3.580331409233385e-32,3.590006634478101e-32,3.5996950151680954e-32,3.609396351431785e-32,3.619091939464245e-32,3.628819700563859e-32,3.63854149603526e-32,3.648295453454266e-32,3.65806250693677e-32,3.667842441447323e-32,3.6776356572711493e-32,3.6874417353942056e-32,3.697261074442803e-32,3.707093271862122e-32,3.7169386952714764e-32,3.7267971458804314e-32,3.736668614191073e-32,3.746553090407042e-32,3.7564505647718504e-32,3.7663610275254194e-32,3.7762842812054515e-32,3.7862205013115495e-32,3.7961698703285366e-32,3.806131983413673e-32,3.816107241277065e-32,3.826095240467471e-32,3.836096157513091e-32,3.8461099682492356e-32,3.856136679518833e-32,3.8661764893923225e-32,3.876228991179977e-32,3.886294362211217e-32,3.896372577284306e-32,3.906463854652654e-32,3.916567975051871e-32,3.9266849287197965e-32,3.936814706013592e-32,3.9469572973743785e-32,3.957112501527319e-32,3.967280481171497e-32,3.9774085429644436e-32,3.987549278279696e-32,3.9977554523541487e-32,4.0079215709032136e-32,4.018153182248778e-32,4.028344645985887e-32,4.038548744202446e-32,4.0487995353181276e-32,4.05902890977403e-32,4.069270864358046e-32,4.079559557021234e-32,4.0898605658673875e-32,4.100140351574661e-32,4.1104326858154416e-32,4.1207374108730296e-32,4.131054673484318e-32,4.141384467570906e-32,4.1517269614778356e-32,4.1620819569127506e-32,4.172449464302444e-32,4.18282945895553e-32,4.1932219470556486e-32,4.20362691157618e-32,4.214044343254308e-32,4.2244742327636695e-32,4.234916570824942e-32,4.245371340387322e-32,4.255838547804611e-32,4.2663524536621975e-32,4.2768445449198054e-32,4.287349027362171e-32,4.2978659026720225e-32,4.3083951617919455e-32,4.318936795521837e-32,4.329490794656745e-32,4.340057149994229e-32,4.350635852355071e-32,4.3612268844681767e-32,4.371830245239823e-32,4.3824459334384353e-32,4.393073923835763e-32,4.4037142234344495e-32,4.4143668149938257e-32,4.425031689374978e-32,4.435708837446158e-32,4.4463982500767234e-32,4.457099885941283e-32,4.467813768029367e-32,4.478539919471149e-32,4.4892782990178603e-32,4.500028724644471e-32,4.5107915291085444e-32,4.5215665383548565e-32,4.5323535658864233e-32,4.54315026932571e-32,4.553995799939912e-32,4.5648195410027474e-32,4.5756554527486476e-32,4.5865035108343235e-32,4.5973615360127937e-32,4.6082317729128134e-32,4.619116223980501e-32,4.6300127400486277e-32,4.640921381739876e-32,4.6518421239800937e-32,4.6627749412042736e-32,4.67371983258555e-32,4.684676789400055e-32,4.6956458026636714e-32,4.706626871532575e-32,4.7176199787930223e-32,4.728625115517525e-32,4.739642272808871e-32,4.750670923822947e-32,4.7617120657242105e-32,4.772763151983365e-32,4.7838283023117356e-32,4.7949054170950415e-32,4.8059944323860383e-32,4.8170954802250695e-32,4.8282084687899366e-32,4.8393333973774405e-32,4.850504727430221e-32,4.86165311380209e-32,4.872813380267055e-32,4.8839860300401776e-32,4.895170571007561e-32,4.906366505753516e-32,4.917574806930716e-32,4.928827098133926e-32,4.940058756905707e-32,4.951302179410445e-32,4.962557946890333e-32,4.973825534739446e-32,4.98510447250469e-32,4.996395705999621e-32,5.0076987169601e-32,5.019013561170199e-32,5.030339583723193e-32,5.041712766731363e-32,5.053063000046898e-32,5.064424987341953e-32,5.075798729334949e-32,5.087183613444099e-32,5.098580834751713e-32,5.10998940544317e-32,5.121447100604541e-32,5.13291654468152e-32,5.144360708855018e-32,5.155816093087236e-32,5.167283629467685e-32,5.178762838166608e-32,5.190253723246845e-32,5.201756267386852e-32,5.213270461956915e-32,5.224796298262761e-32,5.236333767650586e-32,5.247882861386635e-32,5.259443570769867e-32,5.271015887380877e-32,5.282599793433631e-32,5.294195289229125e-32,5.3058023662234e-32,5.317421024829975e-32,5.329051238291345e-32,5.340693007172253e-32,5.352346295792079e-32,5.364010619881723e-32,5.375687016759479e-32,5.387374920677572e-32,5.399074336828993e-32,5.410785185466817e-32,5.422507600674776e-32,5.434241511644192e-32,5.445986900677188e-32,5.457743750114825e-32,5.469512069914864e-32,5.481291316229084e-32,5.493082500574682e-32,5.504885142806576e-32,5.516698701377889e-32,5.528523698185435e-32,5.540360109340939e-32,5.552208421450784e-32,5.564068111904327e-32,5.57593918690576e-32,5.587821647209954e-32,5.59971547515642e-32,5.611620652947815e-32,5.623537181086514e-32,5.635465060798964e-32,5.647404274249773e-32,5.659354803565519e-32,5.67131665916079e-32,5.68328982311346e-32,5.695274287132861e-32,5.707269598465911e-32,5.719314410161295e-32,5.731332768255121e-32,5.743362373435054e-32,5.755403246034965e-32,5.767455358612266e-32,5.779518712340967e-32,5.79159329892401e-32,5.803679109934347e-32,5.815776146620088e-32,5.827884391054847e-32,5.840003749597614e-32,5.852134384368659e-32,5.864276201826429e-32,5.876429193671397e-32,5.888593351594273e-32,5.900768667254808e-32,5.91295513229383e-32,5.925152738444431e-32,5.937361467466653e-32,5.949581321027647e-32,5.961852072268876e-32,5.974133977606536e-32,5.986427028680768e-32,5.998731216972812e-32,6.011046534465814e-32,6.023372972613586e-32,6.035710523085885e-32,6.04805917755933e-32,6.060418927666204e-32,6.072789765130874e-32,6.085171681623731e-32,6.097564668805796e-32,6.109968718368504e-32,6.122383821752594e-32,6.134809657863293e-32,6.147246843237871e-32,6.159694746520445e-32,6.172153981521883e-32,6.184624230640838e-32,6.197105484281093e-32,6.209597734333456e-32,6.222100972324893e-32,6.234615190018153e-32,6.247140379180645e-32,6.259676531390092e-32,6.272223638442006e-32,6.284781692343682e-32,6.297349390474606e-32,6.309927727128736e-32,6.322516924156608e-32,6.335118405537063e-32,6.347731065226105e-32,6.360353339903677e-32,6.372987786023295e-32,6.385633113928663e-32,6.398289315303344e-32,6.410956381740058e-32,6.423634305012687e-32,6.436322782567629e-32,6.449022393365419e-32,6.461732837963742e-32,6.474454106535922e-32,6.48718619140769e-32,6.499928843124455e-32,6.512682234149899e-32,6.525446416458442e-32,6.538220378364699e-32,6.551006429080095e-32,6.563801672199567e-32,6.576607655289878e-32,6.589425655185646e-32,6.602254715500332e-32,6.615092968182278e-32,6.627941924027387e-32,6.640801718189461e-32,6.653672108019141e-32,6.666554504479298e-32,6.679444860512554e-32,6.692345824849272e-32,6.705260297127662e-32,6.718185675929904e-32,6.731121718980168e-32,6.744066768348405e-32,6.757024122144574e-32,6.769991768951366e-32,6.782967442795038e-32,6.795956693869786e-32,6.808956544586564e-32,6.821964053217935e-32,6.834985124139763e-32,6.848016770479929e-32,6.86105899963045e-32,6.874111804268196e-32,6.887175176456562e-32,6.900247741299752e-32,6.913332232694498e-32,6.926427259594536e-32,6.939532822221016e-32,6.952648912858045e-32,6.96577552363957e-32,6.978912646644361e-32,6.992060273616433e-32,7.005218397468572e-32,7.018387009670294e-32,7.031566102954912e-32,7.044755669070655e-32,7.057952849485117e-32,7.071160427566877e-32,7.084378452602151e-32,7.097609842387891e-32,7.110851648649087e-32,7.1241038807635e-32,7.13736653092415e-32,7.150639591317121e-32,7.163923054203747e-32,7.177216911556828e-32,7.190521155671642e-32,7.203835779144113e-32,7.217160773912126e-32,7.230496132209055e-32,7.243841845922184e-32,7.257195132183199e-32,7.270561548238822e-32,7.283938280786142e-32,7.297322581301308e-32,7.310719969188163e-32,7.324127651084522e-32,7.337545634201586e-32,7.35097391102602e-32,7.364412473786298e-32,7.37786131521114e-32,7.391320178144522e-32,7.404789551436179e-32,7.418269179926968e-32,7.431758810823957e-32,7.445258926755181e-32,7.45876902501169e-32,7.472289344549064e-32,7.485820133801231e-32,7.499361133842455e-32,7.512912335251974e-32,7.526473730682685e-32,7.540045311063937e-32,7.553627071770505e-32,7.567219003554783e-32,7.580821098753309e-32,7.594433349732225e-32,7.608055748905829e-32,7.621688288707366e-32,7.635330961502562e-32,7.648983759724319e-32,7.662645446316273e-32,7.67631815843693e-32,7.690001284488199e-32,7.703694507168266e-32,7.717397582626946e-32,7.731110970658949e-32,7.744834432615043e-32,7.758567726509151e-32,7.772311068839161e-32,7.786064701225109e-32,7.799828377374407e-32,7.813602088357352e-32,7.827385826496685e-32,7.841177012894292e-32,7.854980796769701e-32,7.868794341743448e-32,7.882617769886076e-32,7.896451527320069e-32,7.910294991525119e-32,7.924148470525231e-32,7.938011818095746e-32,7.951885174169372e-32,7.965768532685841e-32,7.979661837190723e-32,7.993565311483423e-32,8.007478445759731e-32,8.021401772321033e-32,8.035335015446133e-32,8.049277899065187e-32,8.063230948607718e-32,8.077193671197361e-32,8.091166313310308e-32,8.105148791357693e-32,8.119141366591627e-32,8.133143540246352e-32,8.147155650345856e-32,8.161177793119317e-32,8.175209778373086e-32,8.189251597337917e-32,8.203303242550912e-32,8.217364488295587e-32,8.231435581359408e-32,8.245516658952601e-32,8.259607534744367e-32,8.27370820032971e-32,8.28781864829091e-32,8.30193887104613e-32,8.316068861481406e-32,8.330208611898025e-32,8.34435811442955e-32,8.358517361607641e-32,8.372686348661385e-32,8.386865066627331e-32,8.40105350791007e-32,8.415251665912565e-32,8.429459532978732e-32,8.443677101714584e-32,8.45790415724162e-32,8.472141106081793e-32,8.486387483847396e-32,8.500643570467787e-32,8.514908353306788e-32,8.529183797206811e-32,8.543468815596736e-32,8.557762651269721e-32,8.572067025597221e-32,8.586381209493595e-32,8.600705016999458e-32,8.61503843895648e-32,8.629381224817962e-32,8.643733853669265e-32,8.65809607747192e-32,8.672467686387856e-32,8.686849073561723e-32,8.701239791883264e-32,8.715640315074e-32,8.73005015244652e-32,8.744469533898849e-32,8.758897560471458e-32,8.773336279752616e-32,8.787784519372902e-32,8.802242083854957e-32,8.816709357774342e-32,8.831186140190189e-32,8.845672422919389e-32,8.860168199370487e-32,8.874673461844314e-32,8.889188203256745e-32,8.903712416500951e-32,8.918246094517854e-32,8.932789230004112e-32,8.947341815712939e-32,8.961903845389238e-32,8.976475311437605e-32,8.991056206822172e-32,9.005646524473182e-32,9.020246257092923e-32,9.034855398090718e-32,9.049473940189407e-32,9.064101686606355e-32,9.078739007944335e-32,9.093385710784141e-32,9.108041786717573e-32,9.122707228036737e-32,9.137382028796166e-32,9.15206618146156e-32,9.16675967902439e-32,9.181462514427623e-32,9.196174680756467e-32,9.210896170987749e-32,9.225626978176282e-32,9.240367095188227e-32,9.255116515139909e-32,9.269875231098617e-32,9.284643236072431e-32,9.299420523073246e-32,9.314207085172628e-32,9.329002915437749e-32,9.343808006904362e-32,9.358622352579921e-32,9.373445945603222e-32,9.388278779034007e-32,9.403120845933567e-32,9.417972139361939e-32,9.432832652449878e-32,9.447702377769824e-32,9.462581128576837e-32,9.477469070708802e-32,9.492366389037546e-32,9.507272896447206e-32,9.522188581591069e-32,9.537113438690467e-32,9.552046482016303e-32,9.566989668773458e-32,9.581941025186968e-32,9.596902505544975e-32,9.611873115724039e-32,9.626852682030116e-32,9.641841543746435e-32,9.656839523652185e-32,9.671846439398591e-32,9.686862630186493e-32,9.70188791863587e-32,9.716921335438066e-32,9.731964803103732e-32,9.74701733866301e-32,9.762078942844892e-32,9.777149438360044e-32,9.792229158031003e-32,9.807317758719273e-32,9.822415568457963e-32,9.83752241470804e-32,9.852638288633438e-32,9.867763184531155e-32,9.882897095050182e-32,9.898040013432747e-32,9.913191932926984e-32,9.928352679668784e-32,9.943522579343095e-32,9.958700527210708e-32,9.973888390953893e-32,9.989085214506963e-32,1.0004290998598599e-31,1.0019505736054918e-31,1.0034729257258528e-31,1.004996097310749e-31,1.0065201590887594e-31,1.0080452084335606e-31,1.009571149099039e-31,1.0110979811267826e-31,1.0126257038682032e-31,1.0141541086361922e-31,1.0156836121485787e-31,1.0172140029457116e-31,1.0187452817591092e-31,1.0202774479539601e-31,1.021810500865508e-31,1.0233444398317824e-31,1.024879248277127e-31,1.026414957098651e-31,1.027951550224193e-31,1.029489010833059e-31,1.0310273699275667e-31,1.0325666112649935e-31,1.0341067340246962e-31,1.0356477374686205e-31,1.0371896210821115e-31,1.0387323684707685e-31,1.0402760100530202e-31,1.04182051397958e-31,1.0433658949079068e-31,1.044912168917407e-31,1.0464593192382253e-31,1.0480073450627266e-31,1.0495562457163018e-31,1.0511060204819402e-31,1.0526566688413016e-31,1.054208190070712e-31,1.0557605835146897e-31,1.0573138485174148e-31,1.0588679844296086e-31,1.0604229905990832e-31,1.0619788663749083e-31,1.063535611102527e-31,1.0650932240429785e-31,1.066651704722253e-31,1.068211052403379e-31,1.0697710705234638e-31,1.0713321515706443e-31,1.0728940962824135e-31,1.0744569053675125e-31,1.0760205782079657e-31,1.07758511415512e-31,1.0791504976974526e-31,1.0807167574633415e-31,1.0822838788461464e-31,1.0838518607659465e-31,1.0854207025686819e-31,1.0869904036091629e-31,1.0885609632393002e-31,1.0901323808197825e-31,1.0917046557073671e-31,1.0932775959977482e-31,1.0948515848731153e-31,1.0964262378216502e-31,1.098001936717874e-31,1.0995784883449054e-31,1.1011558791980724e-31,1.1027341368264172e-31,1.1043130575065988e-31,1.1058930079058197e-31,1.107473820136779e-31,1.109055482786248e-31,1.1106379950737066e-31,1.1122213563548541e-31,1.1138055518274967e-31,1.1153905940834519e-31,1.1169764836405108e-31,1.1185632225531606e-31,1.1201508190734768e-31,1.121739260876097e-31,1.1233285329917207e-31,1.1249186631494186e-31,1.1265096367549501e-31,1.128101364019386e-31,1.129694010419857e-31,1.1312875098168963e-31,1.1328818392504333e-31,1.1344770196083467e-31,1.1360730395465803e-31,1.1376698984413124e-31,1.1392675818776617e-31,1.14086611645344e-31,1.142465488184398e-31,1.1440656962876467e-31,1.145666740122407e-31,1.1472684374142792e-31,1.1488711403147825e-31,1.1504746733206178e-31,1.1520790394920976e-31,1.153684238283094e-31,1.1552902830927247e-31,1.1568971460209354e-31,1.1585048529267206e-31,1.160113390115505e-31,1.1617227568128989e-31,1.16333295237315e-31,1.1649439761846187e-31,1.1665558276288236e-31,1.1681685060850975e-31,1.1697820109303945e-31,1.1713963415507217e-31,1.1730114973218658e-31,1.1746274775499846e-31,1.1762442817741398e-31,1.1778619092325603e-31,1.1794803464401075e-31,1.1810996047759201e-31,1.1827196983153771e-31,1.1843406127511634e-31,1.1859623346104461e-31,1.1875848887964607e-31,1.1892082621387667e-31,1.1908324538150837e-31,1.1924574502716378e-31,1.1940832634054348e-31,1.1957099064133363e-31,1.1973373527481088e-31,1.1989656269826472e-31,1.2005947059172545e-31,1.202224598424915e-31,1.203855314942336e-31,1.205486761617972e-31,1.2071190926974097e-31,1.2087521641500486e-31,1.210386044390747e-31,1.2120208200341644e-31,1.2136564047359965e-31,1.215292786171545e-31,1.2169299885234256e-31,1.2185679990519842e-31,1.2202068169188495e-31,1.2218464415765954e-31,1.2234868601964708e-31,1.225128083737734e-31,1.2267701250938123e-31,1.2284129710223069e-31,1.2300564613518955e-31,1.2317007515448306e-31,1.23334594873395e-31,1.2349920057837328e-31,1.2366388644229607e-31,1.2382865117532966e-31,1.2399349711946662e-31,1.2415842303783586e-31,1.2432342885548194e-31,1.2448851451165846e-31,1.246536799461098e-31,1.2481891891340466e-31,1.2498424369986298e-31,1.2514964242032457e-31,1.2531512633414563e-31,1.2548068975039632e-31,1.2564633259687046e-31,1.2581203922214387e-31,1.2597784005060024e-31,1.2614371233042924e-31,1.2630966695557838e-31,1.2647570596732083e-31,1.2664182406463478e-31,1.2680802117667538e-31,1.269742916887864e-31,1.2714064660767848e-31,1.2730707920620465e-31,1.2747359172538585e-31,1.2764016767347554e-31,1.2780683767489515e-31,1.2797358500670725e-31,1.2814041079654852e-31,1.2830731626576942e-31,1.2847430016681557e-31,1.286413624259073e-31,1.2880850183555505e-31,1.2897571457367575e-31,1.2914301151374488e-31,1.2931038546092296e-31,1.294778385993769e-31,1.2964536975916737e-31,1.298129788565804e-31,1.2998066472080788e-31,1.3014842834717838e-31,1.3031626974789124e-31,1.3048418886349972e-31,1.3065218563487856e-31,1.3082026117332538e-31,1.3098841314076267e-31,1.3115662980506955e-31,1.313249379066774e-31,1.3149332326362545e-31,1.3166178592436657e-31,1.3183032583302297e-31,1.3199894293216466e-31,1.3216763716383114e-31,1.3233640095723045e-31,1.3250524934920806e-31,1.3267416713719289e-31,1.328431693867572e-31,1.330122484105056e-31,1.331814031261768e-31,1.3335063564574549e-31,1.3351994485321247e-31,1.33689328414314e-31,1.338587908164942e-31,1.3402831442307997e-31,1.341979140866909e-31,1.3436759880258497e-31,1.3453735131963995e-31,1.3470719572570204e-31,1.3487711621947528e-31,1.3504711286613776e-31,1.3521718561173214e-31,1.3538733439854547e-31,1.3555755917085776e-31,1.3572785986234703e-31,1.3589823537344157e-31,1.360686876713823e-31,1.3623921578296747e-31,1.3640981857499252e-31,1.3658049804137522e-31,1.3675125307970993e-31,1.369220836108861e-31,1.3709298965466566e-31,1.372639711171989e-31,1.3743502693592759e-31,1.3760615908061272e-31,1.377773664511225e-31,1.3794864801991847e-31,1.3812000487822794e-31,1.3829143766904696e-31,1.3846294547228592e-31,1.386345270146275e-31,1.3880618467789345e-31,1.389779172464074e-31,1.3914972461438398e-31,1.3932159194666593e-31,1.3949354884881947e-31,1.3966558026508913e-31,1.3983768625145182e-31,1.4000986675804752e-31,1.4018212172696233e-31,1.403544510759649e-31,1.4052685480357278e-31,1.4069933283327303e-31,1.408718851029737e-31,1.4104451152314213e-31,1.4121721109860328e-31,1.4138998467900159e-31,1.4156283333391067e-31,1.4173575596745005e-31,1.419087466133395e-31,1.4208181511846248e-31,1.422549593331963e-31,1.424281772597918e-31,1.4260146887139448e-31,1.4277483407819752e-31,1.4294827191366239e-31,1.4312178423319247e-31,1.432953700333851e-31,1.434690292445463e-31,1.436427617775939e-31,1.4381656764323961e-31,1.4399044674511203e-31,1.4416439901119058e-31,1.4433841817231175e-31,1.445125091732456e-31,1.4468667376155559e-31,1.448609183294232e-31,1.450352357433664e-31,1.452096260261593e-31,1.4538408911608077e-31,1.4555862495853388e-31,1.4573322673600068e-31,1.4590790798425256e-31,1.4608265500475206e-31,1.4625748137476577e-31,1.4643237900137938e-31,1.466073501922772e-31,1.4678239237428993e-31,1.4695750218075935e-31,1.471326903995998e-31,1.4730794459463531e-31,1.4748327229305537e-31,1.4765867688898238e-31,1.4783413986098648e-31,1.4800968673568199e-31,1.4818529331267197e-31,1.4836098505535697e-31,1.4853674934404565e-31,1.4871258542467937e-31,1.4888849322114987e-31,1.490644726966552e-31,1.4924052378905852e-31,1.49416646434949e-31,1.4959284059007101e-31,1.4976909964156774e-31,1.499454299890226e-31,1.5012183842304897e-31,1.5029831808510284e-31,1.5047486898693028e-31,1.506514845528465e-31,1.5082817702368267e-31,1.510049413123561e-31,1.5118177664440932e-31,1.5135868294716003e-31,1.5153565924238776e-31,1.5171270731545253e-31,1.5188982622825087e-31,1.520670158964563e-31,1.5224427627448063e-31,1.5242159390960222e-31,1.5259899565952143e-31,1.5277646784513666e-31,1.5295401053059525e-31,1.531316236597795e-31,1.5330930717902006e-31,1.5348706016251804e-31,1.5366488338332406e-31,1.5384277775613425e-31,1.5402074232606738e-31,1.5419877701905559e-31,1.5437688178915739e-31,1.5455505658249848e-31,1.54733301347863e-31,1.5491161603330144e-31,1.5509000058432545e-31,1.5526845406666064e-31,1.5544697817869175e-31,1.55625571984212e-31,1.558042354885831e-31,1.559829685986852e-31,1.5616177039117468e-31,1.5634064164277728e-31,1.5651958320676996e-31,1.5669859336876284e-31,1.5687767370236175e-31,1.5705682335038085e-31,1.572360422404653e-31,1.574153303205059e-31,1.5759468753801968e-31,1.5777411383621427e-31,1.5795360916445823e-31,1.5813317260644761e-31,1.5831280584043168e-31,1.5849250796898264e-31,1.586722789256881e-31,1.5885211865861912e-31,1.5903202627498674e-31,1.5921200251481298e-31,1.593920482172535e-31,1.595721625264292e-31,1.597523453564332e-31,1.599325966540299e-31,1.6011291637689599e-31,1.6029330446459382e-31,1.6047376085747398e-31,1.6065428551051354e-31,1.6083487752784042e-31,1.6101553853901572e-31,1.6119626700025194e-31,1.6137706417884679e-31,1.6155792938673908e-31,1.6173886254344047e-31,1.619198627956716e-31,1.621009316638449e-31,1.6228206757752899e-31,1.6246327204160153e-31,1.6264454419191395e-31,1.6282588321882978e-31,1.6300729063604052e-31,1.6318876561830396e-31,1.6337030809240152e-31,1.6355191802385916e-31,1.637335953536793e-31,1.6391533922743132e-31,1.640971503429986e-31,1.6427902954736785e-31,1.6446097596415516e-31,1.6464298873542917e-31,1.648250685507592e-31,1.6500721622697656e-31,1.6518943091690082e-31,1.6537171176951095e-31,1.6555405947049265e-31,1.6573647483811852e-31,1.6591895622954331e-31,1.661015050954405e-31,1.6628412067903007e-31,1.6646680293359542e-31,1.6664955179196307e-31,1.6683236718548663e-31,1.6701524907217086e-31,1.6719819740793777e-31,1.6738121211190597e-31,1.6756429318919074e-31,1.677474405588613e-31,1.6793065410935468e-31,1.6811393315654874e-31,1.6829727911134936e-31,1.6848069118202453e-31,1.6866416929842366e-31,1.6884771263487066e-31,1.6903132267346264e-31,1.6921499862599719e-31,1.6939873968195996e-31,1.6958254728149544e-31,1.697664206408245e-31,1.6995035970153619e-31,1.7013436441553024e-31,1.7031842902537874e-31,1.7050256495746334e-31,1.7068676559567802e-31,1.7087102724596841e-31,1.710553586895628e-31,1.7123975531413857e-31,1.7142421820353855e-31,1.7160874638020468e-31,1.7179333976121904e-31,1.7197799830658307e-31,1.721627219654544e-31,1.72347504582212e-31,1.7253235838315367e-31,1.7271727147070025e-31,1.7290225516303375e-31,1.7308730366161966e-31,1.7327241586325764e-31,1.7345759394510954e-31,1.7364283119061465e-31,1.7382813874108341e-31,1.7401351083522222e-31,1.7419894753472612e-31,1.7438444876724077e-31,1.7457001448058996e-31,1.7475564463781556e-31,1.749413276583882e-31,1.7512708662893873e-31,1.7531290979921376e-31,1.754987972091493e-31,1.7568474879938212e-31,1.7587076398917434e-31,1.7605684382092394e-31,1.7624298770375159e-31,1.7642919165175978e-31,1.7661546347326275e-31,1.768017992151461e-31,1.7698819882101152e-31,1.7717466223246493e-31,1.773611893745059e-31,1.7754778027551256e-31,1.7773443483095226e-31,1.779211522870668e-31,1.7810793329409747e-31,1.7829477782370858e-31,1.7848168648879614e-31,1.7866865797195928e-31,1.7885569351146733e-31,1.7904279237519361e-31,1.7922995455334622e-31,1.7941717925361069e-31,1.7960446782028468e-31,1.7979181954174065e-31,1.7997923370903068e-31,1.8016671160042807e-31,1.8035425185759412e-31,1.805418446541455e-31,1.8072951093120068e-31,1.8091724054646225e-31,1.8110503297253674e-31,1.812928874991412e-31,1.8148080469842975e-31,1.816687852746204e-31,1.818568284906366e-31,1.8204493428449746e-31,1.8223310260900228e-31,1.8242133342171154e-31,1.8260962667374453e-31,1.8279798232649863e-31,1.8298640031514269e-31,1.8317488060158688e-31,1.8336342313994908e-31,1.835520230397175e-31,1.8374068502633166e-31,1.8392940912374429e-31,1.8411820026110631e-31,1.8430704811936477e-31,1.8449596324606322e-31,1.8468494023302443e-31,1.8487397910955595e-31,1.850630791597548e-31,1.8525224164022534e-31,1.854414658755139e-31,1.856307511470249e-31,1.858200987095073e-31,1.8600950784919099e-31,1.861989678741866e-31,1.8638850020053116e-31,1.8657809389531748e-31,1.867677489862352e-31,1.8695746547945169e-31,1.8714724329844539e-31,1.8733708174844178e-31,1.8752698206469696e-31,1.8771693295630622e-31,1.8790695570069924e-31,1.8809703945309995e-31,1.8828718425018665e-31,1.884773900589376e-31,1.8866765681790225e-31,1.888579844924016e-31,1.8904837303099346e-31,1.8923882239381755e-31,1.894293325310955e-31,1.896198928900132e-31,1.898105245059898e-31,1.900012167015785e-31,1.901919694635949e-31,1.9038278280060247e-31,1.9057365661981715e-31,1.9076459091516117e-31,1.9095558562312404e-31,1.9114664070004521e-31,1.913377560978213e-31,1.915289317717771e-31,1.91720167034325e-31,1.919114631251181e-31,1.9210281937239257e-31,1.922942350968357e-31,1.924857114821254e-31,1.9267724787705109e-31,1.928688437179911e-31,1.9306049642700734e-31,1.9325221254699597e-31,1.9344398852110295e-31,1.93635824286084e-31,1.9382771978893674e-31,1.9401967497732043e-31,1.9421168982171173e-31,1.9440376426231e-31,1.9459589823718205e-31,1.9478809172497981e-31,1.9498034470484073e-31,1.9517265650378354e-31,1.9536502827743496e-31,1.9555745940303864e-31,1.9574994982922528e-31,1.9594248937031216e-31,1.9613509781974162e-31,1.96327756877402e-31,1.9652048358200904e-31,1.9671326977166528e-31,1.9690611499691735e-31,1.9709901921271685e-31,1.972919823723041e-31,1.9748500031576528e-31,1.976780812631144e-31,1.9787121649911577e-31,1.9806441499038016e-31,1.98257672169676e-31,1.9845098801802866e-31,1.9864436204470614e-31,1.9883779362849514e-31,1.990312852627273e-31,1.9922483478477063e-31,1.994184426912537e-31,1.996121096142419e-31,1.9980583435843045e-31,1.9999961797582805e-31,2.001934599114273e-31,2.003873600848704e-31,2.00581317861129e-31,2.007753343607162e-31,2.009694089716061e-31,2.011635416509996e-31,2.0135773234782963e-31,2.015519810187076e-31,2.0174628761196174e-31,2.01940647736014e-31,2.021350701109564e-31,2.0232954966797142e-31,2.0252408324839605e-31,2.0271867837435387e-31,2.0291333160084764e-31,2.0310803277537232e-31,2.0330279137494456e-31,2.034976174779611e-31,2.036925009977815e-31,2.0388744196935945e-31,2.040824403430719e-31,2.042774864030682e-31,2.0447259953647467e-31,2.0466776986272752e-31,2.0486299745292363e-31,2.0505828100039175e-31,2.05253622962934e-31,2.054490220249285e-31,2.056444780886316e-31,2.0583999123766605e-31,2.060355613699203e-31,2.0623118845101336e-31,2.0642687236776197e-31,2.0662261319857978e-31,2.0681841028956293e-31,2.0701426348099766e-31,2.072101650555384e-31,2.074061282066607e-31,2.07602147600878e-31,2.077982287202276e-31,2.0799436579899516e-31,2.081905599250164e-31,2.0838680996092234e-31,2.0858311698436985e-31,2.087794804092421e-31,2.0897590018840066e-31,2.09172376269042e-31,2.09368908607728e-31,2.095654971438938e-31,2.0976214187952977e-31,2.099588427589139e-31,2.1015559931476777e-31,2.1035241232647533e-31,2.1054928079843242e-31,2.1074620578625348e-31,2.1094318617434017e-31,2.1114022296129336e-31,2.1133731560667284e-31,2.11534463521216e-31,2.117316671565383e-31,2.1192892647569105e-31,2.121262415055969e-31,2.123236127242786e-31,2.125210395157038e-31,2.1271852188592732e-31,2.1291605976388855e-31,2.1311365270764036e-31,2.1331130092311333e-31,2.135090050600473e-31,2.137067640359679e-31,2.139045782733428e-31,2.1410244777298106e-31,2.1430037261059013e-31,2.1449835250708503e-31,2.146963880781533e-31,2.148944787596069e-31,2.15092624492638e-31,2.152908252326627e-31,2.154890781962715e-31,2.1568738881580364e-31,2.158857543436236e-31,2.160841742116647e-31,2.1628264937936234e-31,2.1648117878234864e-31,2.166797629066155e-31,2.1687840224624527e-31,2.170770957259683e-31,2.1727584428533956e-31,2.1747464741792445e-31,2.1767350212318905e-31,2.1787241426050105e-31,2.180713808568657e-31,2.18270401851458e-31,2.1846947720182467e-31,2.186686062319296e-31,2.1886778962192652e-31,2.1906702725358044e-31,2.1926631959897143e-31,2.1946566561138205e-31,2.196650662041698e-31,2.198645203943761e-31,2.200640291048398e-31,2.2026359182875275e-31,2.204631996681904e-31,2.2066286987598313e-31,2.2086259428543907e-31,2.2106237253941156e-31,2.212622045412636e-31,2.2146208157138167e-31,2.2166202075081833e-31,2.218620139290616e-31,2.2206206023598117e-31,2.2226216010078935e-31,2.2246231403278254e-31,2.226625214896444e-31,2.228627802580783e-31,2.2306309458165665e-31,2.232634623142684e-31,2.234638737434873e-31,2.236643479105529e-31,2.2386487555973208e-31,2.240654564471376e-31,2.2426609052265498e-31,2.2446677774595376e-31,2.246675180772454e-31,2.248683114766955e-31,2.2506915790448285e-31,2.2527005732088657e-31,2.2547100968621483e-31,2.25672006802187e-31,2.258730650090728e-31,2.260741759835633e-31,2.2627533974698245e-31,2.264765557801436e-31,2.266778249915195e-31,2.26879137851977e-31,2.2708051245796774e-31,2.272819395809003e-31,2.274834187853535e-31,2.276849504496464e-31,2.2788653509176786e-31,2.280881721900712e-31,2.2828986165917957e-31,2.2849160351145376e-31,2.2869339767897297e-31,2.2889524364831742e-31,2.290971418404093e-31,2.2929908868335793e-31,2.295010917778484e-31,2.2970314695118485e-31,2.299052542065798e-31,2.301074135032157e-31,2.303096243204495e-31,2.3051188706266045e-31,2.307142017306275e-31,2.30916568315394e-31,2.311189832096065e-31,2.313214539942414e-31,2.3152397275670116e-31,2.3172654703978966e-31,2.3192917298205688e-31,2.3213185010182244e-31,2.3233457530316056e-31,2.325373520072774e-31,2.327401843809207e-31,2.3294306776019907e-31,2.3314600301780994e-31,2.3334898973251723e-31,2.3355202783503123e-31,2.337551172642056e-31,2.3395825802739846e-31,2.341614500608938e-31,2.343646933263594e-31,2.345679837780829e-31,2.3477132533638014e-31,2.3497471799310183e-31,2.3517816584478428e-31,2.353816646925829e-31,2.3558521454108474e-31,2.3578881532069947e-31,2.359924666167598e-31,2.3619616876624575e-31,2.3639992182887062e-31,2.366037221815638e-31,2.368075768721003e-31,2.3701148265288044e-31,2.372154391449446e-31,2.374194458510723e-31,2.3762350360825726e-31,2.378276119549573e-31,2.3803177085490143e-31,2.3823598026221385e-31,2.3844024013934008e-31,2.38644550439361e-31,2.388489111422146e-31,2.3905332219449484e-31,2.392577835731458e-31,2.3946229523311907e-31,2.396668566991745e-31,2.398714687943194e-31,2.400761310621245e-31,2.402808429307068e-31,2.404856049576919e-31,2.4069041749984143e-31,2.408952796558632e-31,2.411001921971626e-31,2.413051546940698e-31,2.4151016709137224e-31,2.417152289360652e-31,2.4192034057420327e-31,2.4212550245687333e-31,2.4233071356604775e-31,2.425359749171961e-31,2.427412859700768e-31,2.429466466685352e-31,2.43152056424184e-31,2.4335751583948264e-31,2.43563025234866e-31,2.437685837151854e-31,2.4397419205875987e-31,2.441798498370327e-31,2.4438555643823804e-31,2.445913129378152e-31,2.447971187598312e-31,2.4500297385686973e-31,2.4520887819084725e-31,2.4541483170869364e-31,2.4562083440757947e-31,2.4582688623421287e-31,2.460329868365703e-31,2.462391367943019e-31,2.464453352704158e-31,2.466515832270124e-31,2.468578801430224e-31,2.4706422554912547e-31,2.4727062022557976e-31,2.4747706374728035e-31,2.4768355606610663e-31,2.478900971450337e-31,2.480966869475758e-31,2.483033254370884e-31,2.4851001257241074e-31,2.4871674832623075e-31,2.489235326521345e-31,2.4913036552531487e-31,2.4933724649493226e-31,2.495441763281705e-31,2.497511541948187e-31,2.4995818031131356e-31,2.5016525533132684e-31,2.5037237818569657e-31,2.5057954935732107e-31,2.5078676825284107e-31,2.5099403637904282e-31,2.512013520339807e-31,2.5140871592260707e-31,2.516161279201923e-31,2.5182358809142404e-31,2.520310962848748e-31,2.5223865193550923e-31,2.524462565534503e-31,2.526539086880376e-31,2.5286160857365095e-31,2.5306935641799907e-31,2.5327715250150457e-31,2.5348499638068013e-31,2.536928880084358e-31,2.5390082734813087e-31,2.5410881406233897e-31,2.5431684830320964e-31,2.545249301293326e-31,2.5473305994578466e-31,2.5494123679354724e-31,2.5514946122895664e-31,2.5535773312723033e-31,2.5556605286387494e-31,2.557744200042871e-31,2.5598283410963585e-31,2.5619129591373214e-31,2.563998046180703e-31,2.5660836095637354e-31,2.5681696451505605e-31,2.570256152505477e-31,2.5723431313783845e-31,2.5744305813268896e-31,2.576518498134604e-31,2.5786068887816706e-31,2.5806957457746207e-31,2.5827850723906376e-31,2.5848748723208595e-31,2.5869651375026866e-31,2.589055871002685e-31,2.591147072757961e-31,2.5932387424232703e-31,2.5953308796742264e-31,2.5974234841578015e-31,2.599516559484742e-31,2.601610101442867e-31,2.603704109573881e-31,2.6057985835199446e-31,2.6078935227112794e-31,2.609988927179621e-31,2.6120847964289945e-31,2.614181130075759e-31,2.6162779229771617e-31,2.618375184317137e-31,2.62047287975519e-31,2.6225710679600976e-31,2.6246697183651084e-31,2.626768827571475e-31,2.628868402303592e-31,2.6309684351608716e-31,2.6330689329183245e-31,2.6351698917468175e-31,2.6372713074856735e-31,2.6393731831748184e-31,2.641475522627346e-31,2.6435783217308316e-31,2.6456815801248253e-31,2.6477852973839993e-31,2.649889473187472e-31,2.651994107228586e-31,2.6540991991000558e-31,2.656204748511429e-31,2.6583107548962373e-31,2.660417218326628e-31,2.6625241382429564e-31,2.6646315143044733e-31,2.6667393461663833e-31,2.6688476334890007e-31,2.670956375933555e-31,2.67306557309564e-31,2.675175224757021e-31,2.6772853305131673e-31,2.6793958234125658e-31,2.6815068369313735e-31,2.6836183029527387e-31,2.685730221694758e-31,2.6878425928346266e-31,2.6899554160356855e-31,2.692068690902242e-31,2.6941824172098256e-31,2.696296594510792e-31,2.698411222574e-31,2.700526301007686e-31,2.702641829470514e-31,2.7047578076319225e-31,2.70687423509226e-31,2.7089911116427135e-31,2.7111084368727197e-31,2.7132262104534817e-31,2.7153444320528026e-31,2.717463101326208e-31,2.7195822179459296e-31,2.7217017781654597e-31,2.7238217883490693e-31,2.7259422449842205e-31,2.728063147560462e-31,2.7301844958761334e-31,2.7323062895303106e-31,2.7344284673742216e-31,2.7365510849265313e-31,2.738674213186257e-31,2.740797784847746e-31,2.7429218001618546e-31,2.745046258816816e-31,2.747171160478946e-31,2.749296504755913e-31,2.751422291437026e-31,2.753548520127731e-31,2.755675190505048e-31,2.75780230223598e-31,2.7599298549862383e-31,2.762057848426071e-31,2.7641862822235372e-31,2.7663151560537306e-31,2.7684444695825684e-31,2.770574222453059e-31,2.772704414351496e-31,2.77483504496619e-31,2.776966114006286e-31,2.7790976211117328e-31,2.7812295658878024e-31,2.7833619480681717e-31,2.7854947673206256e-31,2.7876280233624164e-31,2.789761715824711e-31,2.791895844376265e-31,2.7940304086370396e-31,2.7961654083947645e-31,2.798300843262957e-31,2.8004367095187635e-31,2.8025730134670597e-31,2.804709751704793e-31,2.8068469237598428e-31,2.8089845293019225e-31,2.811122564644642e-31,2.8132610360698117e-31,2.815399940112001e-31,2.817539272902114e-31,2.819679040884189e-31,2.8218192405038673e-31,2.8239598713604975e-31,2.8261009331084247e-31,2.828242425433232e-31,2.830384348006934e-31,2.832526700501701e-31,2.8346694825845904e-31,2.836812693970792e-31,2.8389563342833173e-31,2.841100403269815e-31,2.8432449005765374e-31,2.845389825878756e-31,2.847535178804345e-31,2.8496809591172575e-31,2.8518271664766235e-31,2.853973800515214e-31,2.8561207993358272e-31,2.858268223689459e-31,2.86041613657075e-31,2.862564474331266e-31,2.864713237118112e-31,2.8668624247789825e-31,2.8690120369311807e-31,2.8711620732517375e-31,2.8733125334154576e-31,2.875463417112804e-31,2.877614724021157e-31,2.8797664537738786e-31,2.881918606108321e-31,2.884071180759858e-31,2.8862241171334193e-31,2.8883775358938604e-31,2.890531375443801e-31,2.892685635979258e-31,2.8948403171921797e-31,2.896995358339997e-31,2.8991508804631046e-31,2.9013068218504334e-31,2.9034631826488024e-31,2.9056199625058236e-31,2.9077771612045737e-31,2.909934778393498e-31,2.9120928137559987e-31,2.914251207275087e-31,2.9164100785685004e-31,2.9185693665694996e-31,2.9207290672242373e-31,2.9228891885804154e-31,2.9250497262021122e-31,2.9272106799412452e-31,2.9293720493961632e-31,2.931533834212477e-31,2.933696034072537e-31,2.935858648674562e-31,2.9380216776567173e-31,2.94018512080095e-31,2.9423489777216287e-31,2.9445132481694757e-31,2.946677931806007e-31,2.9488430283191996e-31,2.9510085373986325e-31,2.9531744586896833e-31,2.9553407919775597e-31,2.9575075369141858e-31,2.9596746931353185e-31,2.961842260382195e-31,2.9640102383489935e-31,2.9661786267646715e-31,2.968347425284271e-31,2.970516633597882e-31,2.9726861932890712e-31,2.9748562207818477e-31,2.977026656643745e-31,2.9791975010539743e-31,2.981368753727494e-31,2.9835404143561733e-31,2.9857124826377885e-31,2.9878849582623506e-31,2.9900578409273733e-31,2.99223113032471e-31,2.994404826155734e-31,2.9965789281125213e-31,2.9987534358899543e-31,3.000928349188842e-31,3.0031036677012117e-31,3.0052793911236e-31,3.007455519155479e-31,3.0096320486335295e-31,3.01180895589323e-31,3.0139862780777856e-31,3.0161640213154504e-31,3.0183421677892633e-31,3.020520714147599e-31,3.0226996657861334e-31,3.024879019761587e-31,3.0270587756342794e-31,3.029238933087076e-31,3.031419491811188e-31,3.0336004515391873e-31,3.035781811958502e-31,3.0379635727610566e-31,3.0401457336256396e-31,3.042328294238848e-31,3.044511252264951e-31,3.046694611504752e-31,3.0488783668852785e-31,3.051062523591437e-31,3.053247078692668e-31,3.055432031786931e-31,3.057617382504376e-31,3.0598031060549132e-31,3.061989251622061e-31,3.064175769027007e-31,3.0663627078523853e-31,3.0685500390425267e-31,3.07073776678974e-31,3.0729258892462445e-31,3.07511441074143e-31,3.0773033273668747e-31,3.0794926386783416e-31,3.0816823444637975e-31,3.083872444346403e-31,3.0860629381032616e-31,3.0882538254053727e-31,3.0904451059567892e-31,3.0926367794547824e-31,3.09482884561079e-31,3.0970213013872426e-31,3.099214151814963e-31,3.1014073941773942e-31,3.1036010280278686e-31,3.1057950504144708e-31,3.107989466247344e-31,3.110184272778408e-31,3.112379469632708e-31,3.1145750565090386e-31,3.116771033059842e-31,3.118967399092673e-31,3.121164154250692e-31,3.123361295557142e-31,3.1255588252145495e-31,3.1277567459114963e-31,3.1299550547397486e-31,3.132153751258356e-31,3.1343528317247216e-31,3.1365523026441496e-31,3.1387521604783558e-31,3.1409524048531846e-31,3.1431530354125684e-31,3.145354051875043e-31,3.147555454086649e-31,3.149757238933561e-31,3.1519594115009694e-31,3.15416196895863e-31,3.156364910927081e-31,3.1585682344667084e-31,3.160771944422599e-31,3.1629760381375105e-31,3.165180512599095e-31,3.1673853726644587e-31,3.1695906156056565e-31,3.1717962410451697e-31,3.1740022486839056e-31,3.176208638256956e-31,3.1784154068634995e-31,3.180622559311478e-31,3.1828300929024065e-31,3.1850380072536148e-31,3.1872463021288175e-31,3.1894549772133343e-31,3.1916640287208305e-31,3.193873463262414e-31,3.196083224861837e-31,3.198293418393747e-31,3.2005039628416032e-31,3.2027149134445215e-31,3.204926242008723e-31,3.207137948493217e-31,3.2093500326271763e-31,3.2115624941487224e-31,3.2137753327243665e-31,3.215988545522764e-31,3.218202134690994e-31,3.2204161027315274e-31,3.222630446826052e-31,3.2248451665813886e-31,3.227060259226502e-31,3.229275729406216e-31,3.2314915725242974e-31,3.233707789286861e-31,3.2359243809714147e-31,3.2381413487879284e-31,3.240358690404723e-31,3.242576405451666e-31,3.2447944909254057e-31,3.2470129518299887e-31,3.24923178548682e-31,3.2514509914090185e-31,3.2536705694038984e-31,3.255890519155308e-31,3.2581108378667964e-31,3.260331527794236e-31,3.2625525910283084e-31,3.264774024601519e-31,3.2669958265737483e-31,3.2692180008987073e-31,3.2714405451236135e-31,3.27366345883418e-31,3.2758867418473498e-31,3.2781103938433453e-31,3.2803344145362856e-31,3.282558803652301e-31,3.284783557359616e-31,3.2870086823917176e-31,3.289234175119357e-31,3.291460035170298e-31,3.293686262232965e-31,3.29591285606533e-31,3.298139816426981e-31,3.3003671430105696e-31,3.302594835501701e-31,3.3048228937109043e-31,3.307051317318322e-31,3.3092801034406265e-31,3.311509256924129e-31,3.3137387750794207e-31,3.3159686575412306e-31,3.3181989040325347e-31,3.320429514288576e-31,3.322660488026845e-31,3.324891824949305e-31,3.327123522466328e-31,3.3293555822408542e-31,3.331588007068728e-31,3.3338207917564183e-31,3.3360539406083406e-31,3.338287451130517e-31,3.3405213229724707e-31,3.3427555557883475e-31,3.344990149437141e-31,3.3472251035995883e-31,3.349460417972093e-31,3.3516960923270126e-31,3.3539321263193767e-31,3.3561685197852787e-31,3.35840527240599e-31,3.3606423839102857e-31,3.3628798516277066e-31,3.3651176800004987e-31,3.367355866540299e-31,3.369594410894717e-31,3.3718333127909174e-31,3.37407257196065e-31,3.3763121857749576e-31,3.378552158595545e-31,3.380792487934451e-31,3.3830331480906915e-31,3.385274189832631e-31,3.387515583941975e-31,3.389757336428945e-31,3.391999444155015e-31,3.394241906765081e-31,3.396484723978473e-31,3.398727895527262e-31,3.400971421157951e-31,3.4032152758205132e-31,3.4054594836054767e-31,3.4077040701191673e-31,3.4099490093472693e-31,3.4121943013474148e-31,3.4144399458399833e-31,3.4166859425559395e-31,3.4189322912263656e-31,3.4211789915885474e-31,3.423426043382985e-31,3.4256734463480127e-31,3.427921200215191e-31,3.4301693047217553e-31,3.4324177596025893e-31,3.4346665646071925e-31,3.436915719457856e-31,3.439165223902748e-31,3.441415064259948e-31,3.4436652668811334e-31,3.4459158162798564e-31,3.448159460181256e-31,3.4504034505800153e-31,3.4526477835426606e-31,3.4548924624413604e-31,3.4571374851513635e-31,3.4593828513889174e-31,3.461628551305186e-31,3.4638746041463198e-31,3.466120999631521e-31,3.46836773766444e-31,3.4706148022337428e-31,3.4728622227994417e-31,3.475109985116354e-31,3.477358088990916e-31,3.4796065342046704e-31,3.4818553126302987e-31,3.4841044396942526e-31,3.486353908906941e-31,3.4886037183414986e-31,3.4908538677895847e-31,3.493104356996891e-31,3.4953551785290013e-31,3.4976063463927957e-31,3.499857851476722e-31,3.5021096899440593e-31,3.5043618739685496e-31,3.50661437354006e-31,3.5088672335746133e-31,3.511120402467862e-31,3.5133739376142885e-31,3.515627807614849e-31,3.517881988307418e-31,3.52013653425546e-31,3.5223914168059265e-31,3.524646635545435e-31,3.5269021902180893e-31,3.5291580734346813e-31,3.531421598898456e-31,3.5336781613331377e-31,3.535935030845082e-31,3.538192255341283e-31,3.540449817064244e-31,3.5427077173825318e-31,3.5449659514815886e-31,3.547224519243461e-31,3.54948341800373e-31,3.5517426524791674e-31,3.5540021886855258e-31,3.5562620342307066e-31,3.558522239114467e-31,3.5607828015958605e-31,3.5630436979701066e-31,3.5653049217702336e-31,3.567566477264128e-31,3.5698283646593883e-31,3.57209058453645e-31,3.5743531349931634e-31,3.5766160152639404e-31,3.5788792252682864e-31,3.581142761047602e-31,3.5834066285902978e-31,3.5856708283948732e-31,3.587935357775019e-31,3.590200215965957e-31,3.5924653890318205e-31,3.594730899340982e-31,3.596996744544073e-31,3.599262917781041e-31,3.6015294187295e-31,3.603796231358317e-31,3.6060633828296963e-31,3.608330863776465e-31,3.6105986161023376e-31,3.6128741122983264e-31,3.6151425174692865e-31,3.6174113062876486e-31,3.6196877880277127e-31,3.621957171596334e-31,3.6242269334611323e-31,3.626496992304388e-31,3.628767408436018e-31,3.6310381450792146e-31,3.633309180268533e-31,3.6355805620580107e-31,3.6378522749625887e-31,3.640124307325055e-31,3.6423966391557163e-31,3.6446693217837266e-31,3.646942320315662e-31,3.6492156414191675e-31,3.651489235811913e-31,3.653763181386666e-31,3.6560374206432303e-31,3.6583119817223015e-31,3.6605869171825446e-31,3.662862171634113e-31,3.6651377354637205e-31,3.6674136355632564e-31,3.6696898489552278e-31,3.6719663824621964e-31,3.674243232944096e-31,3.6765204115666134e-31,3.6787979065064885e-31,3.6810757236476013e-31,3.6833538596426663e-31,3.6856322593551225e-31,3.6879109784491087e-31,3.6901900156002495e-31,3.6924693705335593e-31,3.6947490836208463e-31,3.6970291230460535e-31,3.6993094296725295e-31,3.7015901060987227e-31,3.7038710999450245e-31,3.706152405546679e-31,3.7084340291967258e-31,3.7107159602008974e-31,3.7129982048388476e-31,3.7152807252924526e-31,3.717563609752068e-31,3.719846816721479e-31,3.7221302840847117e-31,3.7244141204230263e-31,3.72669827137487e-31,3.728982736597135e-31,3.731267515330308e-31,3.7335526083448457e-31,3.735838016530617e-31,3.738123727926897e-31,3.740409755443406e-31,3.7426960467324497e-31,3.7449827063415147e-31,3.747269678478532e-31,3.7495569580813855e-31,3.7518445523308272e-31,3.7541324581700326e-31,3.756420620745799e-31,3.758709150784982e-31,3.7609979919393365e-31,3.7632871437953963e-31,3.7655766060777213e-31,3.767866378606798e-31,3.7701564611328643e-31,3.772446844064287e-31,3.774737542230872e-31,3.777028551699549e-31,3.779319869746844e-31,3.7816114830876354e-31,3.783903418544443e-31,3.7861956628094137e-31,3.7884882129113004e-31,3.7907810713121357e-31,3.793074239416683e-31,3.7953676627488817e-31,3.797661400014668e-31,3.7999554420408892e-31,3.802249838062887e-31,3.80454454066002e-31,3.806839549679299e-31,3.8091348647202825e-31,3.81143048335606e-31,3.8137264099540805e-31,3.816022641775083e-31,3.8183191805425323e-31,3.8206160214549857e-31,3.8229131655182866e-31,3.825210613493387e-31,3.827508367134769e-31,3.829806424579149e-31,3.8321047876813782e-31,3.8344034489380195e-31,3.836702360709784e-31,3.8390016313255213e-31,3.8413012053168062e-31,3.843601085671444e-31,3.845901268299933e-31,3.84820175134927e-31,3.850502530958666e-31,3.8528036177068413e-31,3.8551050076240953e-31,3.8574066969320067e-31,3.859708689339961e-31,3.8620109824401332e-31,3.8643135761420294e-31,3.8666164426261195e-31,3.868919636648735e-31,3.8712231289501635e-31,3.873526915653855e-31,3.8758310071082914e-31,3.878135397866487e-31,3.880440079751087e-31,3.8827450701755367e-31,3.885050357270172e-31,3.887355942645701e-31,3.8896618024063354e-31,3.8919679854657977e-31,3.894274466370738e-31,3.8965812429589626e-31,3.8988883167603513e-31,3.9011956875807785e-31,3.90350335514219e-31,3.9058112671305577e-31,3.908119480424298e-31,3.910428038601277e-31,3.9127368928228667e-31,3.9150460407999075e-31,3.917355484982598e-31,3.9196652220165137e-31,3.921975255936266e-31,3.9242855863087704e-31,3.926596211224898e-31,3.928907128691363e-31,3.9312183402153446e-31,3.9335298456961265e-31,3.935841644839313e-31,3.9381537392695444e-31,3.9404661251269094e-31,3.942778805791376e-31,3.9450917792263575e-31,3.9474050435690145e-31,3.949718601942407e-31,3.9520324524577756e-31,3.954346594890242e-31,3.956661029045451e-31,3.958975727916901e-31,3.9612907446694185e-31,3.96360605001755e-31,3.965921647089277e-31,3.968237534634354e-31,3.970553712579069e-31,3.972870134914907e-31,3.975186889863168e-31,3.977503935369366e-31,3.979821267511513e-31,3.982138894101698e-31,3.984456811513515e-31,3.986775016088477e-31,3.989093456595121e-31,3.991412237624589e-31,3.993731307740661e-31,3.996050665766542e-31,3.998370312085945e-31,4.0006902436224605e-31,4.003010462514418e-31,4.005330965038761e-31,4.007651759624052e-31,4.009972840889268e-31,4.012294210529645e-31,4.0146158664293235e-31,4.016937806576775e-31,4.019260033038252e-31,4.021582544755857e-31,4.023905343564046e-31,4.026228425890408e-31,4.028551793034324e-31,4.030875443094653e-31,4.03319937978792e-31,4.035523600654046e-31,4.037848107596554e-31,4.040172896805837e-31,4.042497964362915e-31,4.044823322306616e-31,4.047148956346326e-31,4.0494748782022225e-31,4.05180108253352e-31,4.054127568938082e-31,4.056454325580028e-31,4.058781376408608e-31,4.0611087112297325e-31,4.0634363276751375e-31,4.0657642236825876e-31,4.068092401426313e-31,4.0704208081428e-31,4.072749551191614e-31,4.075078575224831e-31,4.077407872695445e-31,4.079737455877115e-31,4.082067313840153e-31,4.084397458756029e-31,4.08672788155607e-31,4.089058585646287e-31,4.091389567272003e-31,4.093720813909476e-31,4.096052350918471e-31,4.098384166890322e-31,4.100716265367416e-31,4.10304861788003e-31,4.105381248995671e-31,4.1077141812066115e-31,4.110047389363665e-31,4.112380874928e-31,4.114714617503013e-31,4.117048637391439e-31,4.119382955512058e-31,4.1217175503454564e-31,4.124052421532404e-31,4.12638756885806e-31,4.128722990187538e-31,4.131058685674249e-31,4.133394658581842e-31,4.135730892634442e-31,4.13806741584845e-31,4.140404213916525e-31,4.142741288458741e-31,4.145078635662432e-31,4.147416255291235e-31,4.1497541493561345e-31,4.152092320687905e-31,4.154430740995626e-31,4.156769454955447e-31,4.159108444876016e-31,4.161447709566566e-31,4.163787247093405e-31,4.166127050143008e-31,4.168467090536112e-31,4.170807445188434e-31,4.17314807023922e-31,4.175488967157729e-31,4.177830060963875e-31,4.180171500648401e-31,4.182513210091256e-31,4.184855168753054e-31,4.187197413685786e-31,4.189539937365657e-31,4.191882730231708e-31,4.194225789294231e-31,4.196569123511104e-31,4.198912727468152e-31,4.201256552801114e-31,4.203600649935364e-31,4.205945059748219e-31,4.208289735566498e-31,4.210634687190581e-31,4.212979904130116e-31,4.215325388902408e-31,4.217671144011621e-31,4.220017166965422e-31,4.22236345782305e-31,4.224710016238603e-31,4.227056841916517e-31,4.229403936548742e-31,4.231751298144597e-31,4.234098922980489e-31,4.236446816240858e-31,4.238794974081344e-31,4.241143401674762e-31,4.2434920778975175e-31,4.245841033424287e-31,4.248190254377487e-31,4.250539742894753e-31,4.252889498232811e-31,4.25523951854569e-31,4.2575898018489745e-31,4.25994034974582e-31,4.262291117625112e-31,4.264642193912993e-31,4.266993536172037e-31,4.269345140370298e-31,4.271696987308617e-31,4.274049118294628e-31,4.276401514416087e-31,4.2787541664935575e-31,4.281107081303069e-31,4.283460256734441e-31,4.285813680997746e-31,4.2881673682208385e-31,4.290521339159264e-31,4.292875564923472e-31,4.295230055477101e-31,4.297584809831496e-31,4.299939823671229e-31,4.302295077734991e-31,4.304650614815963e-31,4.3070064111050635e-31,4.309362468066699e-31,4.31171878678564e-31,4.31407536541848e-31,4.316432203991288e-31,4.318789302129789e-31,4.3211466597683085e-31,4.323504256524022e-31,4.325862112129638e-31,4.328220246750148e-31,4.330578638687521e-31,4.332937290792474e-31,4.335296201066018e-31,4.337655369552361e-31,4.34001479595481e-31,4.342374478240501e-31,4.344734419965717e-31,4.347094620727914e-31,4.349455078520178e-31,4.351815793201776e-31,4.35417676288533e-31,4.35653798245557e-31,4.358899459838982e-31,4.3612611543393905e-31,4.363623150692765e-31,4.365985401179767e-31,4.3683479073064944e-31,4.370710664486883e-31,4.373073680962841e-31,4.375436954641453e-31,4.377800481370265e-31,4.3801642645302284e-31,4.382528300141393e-31,4.384892584908037e-31,4.387257130730106e-31,4.389621928519049e-31,4.39198698028335e-31,4.394352285552517e-31,4.396717842010074e-31,4.399083653747422e-31,4.4014497164061945e-31,4.403816033672563e-31,4.4061826032681496e-31,4.408549427235705e-31,4.410916501495693e-31,4.413283822355003e-31,4.415651394671914e-31,4.418019224255308e-31,4.420387305151664e-31,4.422755635617274e-31,4.425124218924491e-31,4.427493053015762e-31,4.42986213774017e-31,4.432231472931331e-31,4.43460105424962e-31,4.436970891458097e-31,4.439340975470832e-31,4.441711310426858e-31,4.444081895046568e-31,4.446452729092757e-31,4.448823814170991e-31,4.451195148191346e-31,4.45356672919847e-31,4.455938558773696e-31,4.458310638623954e-31,4.460682959416221e-31,4.463055531821025e-31,4.465428348722433e-31,4.467801417109474e-31,4.470174732308344e-31,4.4725482984986045e-31,4.474922110105969e-31,4.4772961686171375e-31,4.479670463619948e-31,4.482045015682234e-31,4.484419808930475e-31,4.486794848194163e-31,4.489170135120635e-31,4.491545671714308e-31,4.493921455462943e-31,4.496297481103853e-31,4.498673753906035e-31,4.501050273427432e-31,4.503427037737007e-31,4.505804046748641e-31,4.508181300294605e-31,4.5105587891799435e-31,4.512936527864408e-31,4.51531451399045e-31,4.517692731011679e-31,4.520071200869684e-31,4.522449914334591e-31,4.524828874490569e-31,4.527208074222525e-31,4.529587520330508e-31,4.53196720572205e-31,4.534347131616484e-31,4.536727305389426e-31,4.539107709072803e-31,4.541488366963289e-31,4.543869253971746e-31,4.546250387650524e-31,4.548631766638789e-31,4.5510133870202965e-31,4.553395240015711e-31,4.55577733842471e-31,4.558159681266725e-31,4.56054226183992e-31,4.562925085505629e-31,4.565308140857047e-31,4.567691435683123e-31,4.570074979359293e-31,4.572458754082144e-31,4.574842776661409e-31,4.577227033182569e-31,4.579611525871669e-31,4.581996261963154e-31,4.584381240577884e-31,4.586766454719088e-31,4.589151910566306e-31,4.5915376044809125e-31,4.593923527896409e-31,4.596309693618406e-31,4.598696102557855e-31,4.601082740566529e-31,4.603469621261321e-31,4.605856744040988e-31,4.608244101773898e-31,4.610631696257195e-31,4.6130195272838105e-31,4.615407594772978e-31,4.617795898440883e-31,4.620184438160041e-31,4.622573213764012e-31,4.624962225050495e-31,4.627351472098005e-31,4.629740954321648e-31,4.6321306700422425e-31,4.634520624222547e-31,4.636910813122121e-31,4.639301234879585e-31,4.641691893011514e-31,4.644082785301696e-31,4.646473911691991e-31,4.64886527201103e-31,4.651256864292499e-31,4.65364869195193e-31,4.6560407530221965e-31,4.6584330473168235e-31,4.660825574658956e-31,4.66321833153625e-31,4.665611320993148e-31,4.668004544766078e-31,4.670397995579433e-31,4.67279167842633e-31,4.675185591924459e-31,4.677579738695641e-31,4.679974124188332e-31,4.6823687393664055e-31,4.684763587641478e-31,4.687158665269397e-31,4.689553975639858e-31,4.691949513266303e-31,4.694345278005049e-31,4.696741273061e-31,4.69913750557722e-31,4.701533966459338e-31,4.703930658875347e-31,4.706327579349355e-31,4.708724724018505e-31,4.71112210530087e-31,4.713519712247484e-31,4.7159175519345244e-31,4.718315618597801e-31,4.720713912236018e-31,4.723112436261266e-31,4.725511188867249e-31,4.727910171285446e-31,4.730309380149693e-31,4.732708816608912e-31,4.735108482542935e-31,4.737508376003649e-31,4.73990849681459e-31,4.742308843271628e-31,4.7447094183163535e-31,4.747110218658096e-31,4.749511243713843e-31,4.751912497280092e-31,4.754313974806125e-31,4.756715678797205e-31,4.759117603912205e-31,4.761519755924037e-31,4.763922137559583e-31,4.766324746247457e-31,4.768727580145569e-31,4.771130639178389e-31,4.773533923227189e-31,4.775937433905534e-31,4.7783411628671434e-31,4.780745114030261e-31,4.783149296335447e-31,4.785553697289239e-31,4.787958327616938e-31,4.790363183598268e-31,4.792768257082348e-31,4.795173553575813e-31,4.797579072867688e-31,4.799984818712861e-31,4.8023907913110745e-31,4.80479698655838e-31,4.807203402475967e-31,4.809610042672743e-31,4.812016903444469e-31,4.814423979428158e-31,4.81683128617418e-31,4.819238811606894e-31,4.821646561554339e-31,4.824054533071193e-31,4.826462725884952e-31,4.828871138417833e-31,4.831279771372999e-31,4.833688627016008e-31,4.836097696165149e-31,4.838506992924794e-31,4.840916501374471e-31,4.8433262368352325e-31,4.845736193988154e-31,4.848146369133594e-31,4.850556762473932e-31,4.852967378630326e-31,4.855378214004352e-31,4.857789268500038e-31,4.860200542009478e-31,4.862612024010231e-31,4.8650237329579815e-31,4.867435662359166e-31,4.869847806914146e-31,4.872260172908458e-31,4.874672756794865e-31,4.87708555862485e-31,4.879498578042242e-31,4.881911814905464e-31,4.884325267339497e-31,4.886738936921835e-31,4.889152822064231e-31,4.891566927597298e-31,4.893981249508239e-31,4.896395786211909e-31,4.898810539183283e-31,4.901225506939751e-31,4.903640694075646e-31,4.9060560971003746e-31,4.908471712699699e-31,4.910887538216585e-31,4.91330358603195e-31,4.9157198490354015e-31,4.918136327101102e-31,4.920553011304071e-31,4.922969920699702e-31,4.925387041543135e-31,4.927804378340623e-31,4.9302219280279215e-31,4.9326396929422285e-31,4.935057666544335e-31,4.937475859323862e-31,4.939894264538271e-31,4.942312884322564e-31,4.944731716180352e-31,4.947150762362326e-31,4.949570021662869e-31,4.9519894924102e-31,4.954409175527014e-31,4.9568290744353285e-31,4.959249185790615e-31,4.961669500478363e-31,4.964090036162143e-31,4.9665107836447714e-31,4.968931740973103e-31,4.971352894074992e-31,4.973774273147939e-31,4.976195863087164e-31,4.978617667554491e-31,4.981039679441408e-31,4.9834619037580905e-31,4.985884336937856e-31,4.988306984247782e-31,4.990729841530367e-31,4.9931529089867715e-31,4.995576184563364e-31,4.997999669938635e-31,5.000423358148209e-31,5.002847262763139e-31,5.0052713766406675e-31,5.007695694219456e-31,5.010120226264222e-31,5.012544967156386e-31,5.014969916703583e-31,5.0173950749258615e-31,5.0198204414431386e-31,5.022246017171869e-31,5.0246718006980035e-31,5.027097784618337e-31,5.029523974571067e-31,5.031950382417097e-31,5.034376996006527e-31,5.036803816877699e-31,5.039230846726182e-31,5.0416580660366215e-31,5.044085507988997e-31,5.046513155490863e-31,5.048941012271101e-31,5.051369072628678e-31,5.053797334672897e-31,5.056225802910533e-31,5.058654482486176e-31,5.061083369644575e-31,5.063512462306433e-31,5.065941753215399e-31,5.068371254829846e-31,5.07080096160904e-31,5.073230875195797e-31,5.075660991762952e-31,5.078091312998389e-31,5.080521838750179e-31,5.082952563544043e-31,5.085383497783465e-31,5.087814636130682e-31,5.090245980247455e-31,5.092677528112836e-31,5.095109279570578e-31,5.097541231339013e-31,5.099973387574991e-31,5.102405741595376e-31,5.10483830083665e-31,5.1072710649969195e-31,5.109704032840528e-31,5.112137203532968e-31,5.1145705750580605e-31,5.1170041502415075e-31,5.1194379259984615e-31,5.121871899700413e-31,5.124306075140911e-31,5.126740459464019e-31,5.129175045271398e-31,5.131609832377212e-31,5.1340448208914394e-31,5.13648001012213e-31,5.138915400275184e-31,5.141350991132929e-31,5.143786780712883e-31,5.146222770710908e-31,5.1486589609922265e-31,5.151095351346691e-31,5.153531936190327e-31,5.155968728151353e-31,5.158405717919941e-31,5.160842907234921e-31,5.163280295923775e-31,5.1657178840682505e-31,5.168155664271712e-31,5.170593648107072e-31,5.173031825918378e-31,5.175470209213254e-31,5.177908792702247e-31,5.180347573207072e-31,5.1827865519093615e-31,5.1852257266657485e-31,5.187665100793277e-31,5.190104665818885e-31,5.19254443457759e-31,5.194984395746815e-31,5.1974245586987105e-31,5.199864914463126e-31,5.202305473764892e-31,5.20474622953941e-31,5.2071871810432395e-31,5.209628329198833e-31,5.212069674467363e-31,5.214511209850974e-31,5.21695294885896e-31,5.219394883481086e-31,5.221837012655414e-31,5.224279337666567e-31,5.226721856403423e-31,5.22916457344562e-31,5.231607483775652e-31,5.234050590560115e-31,5.236493890801319e-31,5.2389373872262455e-31,5.241381078703841e-31,5.243824964754438e-31,5.246269045142204e-31,5.248713319241461e-31,5.251157784098881e-31,5.253602446763738e-31,5.256047303027364e-31,5.258492352893662e-31,5.260937594366973e-31,5.263383028610083e-31,5.265828650927327e-31,5.268274473759468e-31,5.270720489459352e-31,5.273166690520012e-31,5.275613089672416e-31,5.278059683157024e-31,5.280506468942329e-31,5.282953445041643e-31,5.285400613158994e-31,5.287847973033423e-31,5.290295526593008e-31,5.292743271729736e-31,5.295191205152071e-31,5.297639329854423e-31,5.300087645257509e-31,5.302536153306679e-31,5.304984851205163e-31,5.307433740713823e-31,5.309882820944855e-31,5.312332093520905e-31,5.314781556410073e-31,5.3172312020758145e-31,5.31968104320764e-31,5.322131067366623e-31,5.3245812867978905e-31,5.327031697251704e-31,5.329482297053615e-31,5.331933084677662e-31,5.334384062554494e-31,5.336835231545033e-31,5.339286580761991e-31,5.341738125447066e-31,5.344189858765149e-31,5.3466417791851265e-31,5.349093887756744e-31,5.351546184482366e-31,5.353998669614584e-31,5.3564513457078735e-31,5.358904207627398e-31,5.3613572577677e-31,5.36381049536754e-31,5.366263919709283e-31,5.368717531920917e-31,5.371171332312557e-31,5.373625319548315e-31,5.3760794938735605e-31,5.378533852534117e-31,5.380988399581148e-31,5.383443133298403e-31,5.385898052822805e-31,5.388353158754108e-31,5.390808441693228e-31,5.393263917198091e-31,5.395719578222464e-31,5.3981881581955954e-31,5.400644189854851e-31,5.403113147803526e-31,5.405569554181528e-31,5.408026145069805e-31,5.410495665306954e-31,5.412965373140528e-31,5.415435267880606e-31,5.417905350507017e-31,5.420375619448779e-31,5.422846075481349e-31,5.42531671922153e-31,5.427787549105559e-31,5.43025856622369e-31,5.432729769168843e-31,5.4352011591022815e-31,5.43767273209788e-31,5.440144494312913e-31,5.442616442415458e-31,5.445088575496778e-31,5.447560894395319e-31,5.45003339941644e-31,5.452506089038699e-31,5.454978964642598e-31,5.457452025339895e-31,5.459925270971547e-31,5.462398700566834e-31,5.464872315680886e-31,5.46734611532053e-31,5.469820096432139e-31,5.472294264067172e-31,5.474768615814009e-31,5.477243151414621e-31,5.479717871613822e-31,5.482192774784951e-31,5.48466786224339e-31,5.48714313010181e-31,5.489618584264957e-31,5.492094220923328e-31,5.494570041312287e-31,5.49704604450306e-31,5.499522230423771e-31,5.501998598934611e-31,5.504475149913093e-31,5.506951883216025e-31,5.509428798703247e-31,5.511905896242896e-31,5.514383175690909e-31,5.516860636916386e-31,5.519338274704658e-31,5.521816099073397e-31,5.524294104808867e-31,5.52677228665566e-31,5.52925065470064e-31,5.53172920371604e-31,5.534207933560383e-31,5.53668684409156e-31,5.5391659351628215e-31,5.541645206650029e-31,5.544124658417492e-31,5.5466042903318555e-31,5.54908409973652e-31,5.551564091546267e-31,5.554044260461489e-31,5.556524611599408e-31,5.559005142209538e-31,5.56148585152555e-31,5.563966740060228e-31,5.566447808273137e-31,5.568929055423398e-31,5.571410480579347e-31,5.573892084428732e-31,5.576373862550316e-31,5.578855821564983e-31,5.581337958778752e-31,5.58382027598451e-31,5.586302771347492e-31,5.588785445109253e-31,5.591268296609065e-31,5.593751325688538e-31,5.596234532235727e-31,5.598717916098657e-31,5.601201476559559e-31,5.603685214133246e-31,5.6061691291837044e-31,5.608653221029948e-31,5.611137489569173e-31,5.6136219320022095e-31,5.616106553420044e-31,5.618591351102883e-31,5.6210763249196285e-31,5.62356146982616e-31,5.6260467904886655e-31,5.6285322918966285e-31,5.631017968910621e-31,5.633503821395166e-31,5.635989844287321e-31,5.638476046719691e-31,5.640962424826881e-31,5.6434489728435554e-31,5.645935700714902e-31,5.648422603306813e-31,5.650909680407174e-31,5.6533969319214415e-31,5.655884357724336e-31,5.658371957685203e-31,5.660859731103931e-31,5.663347679033294e-31,5.665835798221974e-31,5.6683240935150514e-31,5.670812561771742e-31,5.673301201408243e-31,5.675790017002677e-31,5.678279005043482e-31,5.680768166595282e-31,5.683257500999716e-31,5.685747008096e-31,5.6882366877743815e-31,5.690726539917181e-31,5.693216564503333e-31,5.695706760551301e-31,5.698197126878217e-31,5.700687667585711e-31,5.703178380126952e-31,5.705669264340881e-31,5.708160317866945e-31,5.710651545124335e-31,5.713142943639623e-31,5.715634513342954e-31,5.7181262540768465e-31,5.720618165777509e-31,5.723110248220257e-31,5.725602501332713e-31,5.728094924969754e-31,5.730587519061492e-31,5.7330802833798235e-31,5.735573217854276e-31,5.738066322454813e-31,5.740559596836938e-31,5.7430530385789135e-31,5.745546652369682e-31,5.748040435676748e-31,5.750534388369195e-31,5.753028510315626e-31,5.755522800834822e-31,5.7580172584943525e-31,5.76051188744224e-31,5.7630066851377695e-31,5.765501651505054e-31,5.767996786332708e-31,5.770492089526802e-31,5.7729875609628845e-31,5.77548319812519e-31,5.777979005082751e-31,5.7804749805330455e-31,5.782971123680696e-31,5.78546743442572e-31,5.787963912132397e-31,5.790460557730173e-31,5.792957370558268e-31,5.795454349961093e-31,5.7979514968831765e-31,5.800448810662665e-31,5.802946291178023e-31,5.8054439383118395e-31,5.807941751928689e-31,5.810439731904109e-31,5.812937878106481e-31,5.815436189888839e-31,5.817934668177303e-31,5.820433312334124e-31,5.8229321222266985e-31,5.825431097715455e-31,5.827930238689835e-31,5.830429545041317e-31,5.832929016626989e-31,5.835428653325665e-31,5.837928454453278e-31,5.8404284210091785e-31,5.84292855183454e-31,5.845428847749773e-31,5.847929307732605e-31,5.850429932511524e-31,5.85293072152305e-31,5.855431674655808e-31,5.85793278714445e-31,5.860434065991363e-31,5.862935508424989e-31,5.86543711455877e-31,5.867938884133369e-31,5.8704408171004135e-31,5.87294291566814e-31,5.8754451750823e-31,5.8779475975088885e-31,5.880450185115938e-31,5.882952935556981e-31,5.885455844048045e-31,5.887958919737757e-31,5.890462157705091e-31,5.8929655579743435e-31,5.895469120406019e-31,5.897972844883304e-31,5.900476731068761e-31,5.902980779307295e-31,5.905484986872037e-31,5.907989358294078e-31,5.910493891139106e-31,5.9129985852950535e-31,5.915503440644287e-31,5.918008457079985e-31,5.920513634453115e-31,5.923018972653606e-31,5.925524471577736e-31,5.928030131089208e-31,5.930535951066637e-31,5.933041931385655e-31,5.935548071482532e-31,5.938054372125319e-31,5.940560832761549e-31,5.943067453312282e-31,5.945574233548627e-31,5.948081173424667e-31,5.950588270464352e-31,5.953095528718954e-31,5.955602946754623e-31,5.958110521624136e-31,5.960618257872785e-31,5.963126153113309e-31,5.965634204692522e-31,5.968142416750103e-31,5.9706507873350585e-31,5.973159316875208e-31,5.9756680042106345e-31,5.978176847934766e-31,5.980685849777336e-31,5.9831950113474745e-31,5.98570433127393e-31,5.98821380891695e-31,5.990723443475082e-31,5.993233235621712e-31,5.995743185097432e-31,5.998253292418728e-31,6.000763556885087e-31,6.003273978358353e-31,6.005784556722922e-31,6.008295291847258e-31,6.010806183627704e-31,6.013317231962064e-31,6.015828436701316e-31,6.018339797744433e-31,6.020851314974308e-31,6.023362987777744e-31,6.025874816531628e-31,6.02838680161795e-31,6.03089894243412e-31,6.033411238837213e-31,6.035923690213243e-31,6.038436296958899e-31,6.040949059467773e-31,6.043461977106562e-31,6.0459750492748155e-31,6.048488276416624e-31,6.051001656346441e-31,6.053515192827231e-31,6.056028881991011e-31,6.05854272800651e-31,6.061056728395542e-31,6.063570882463517e-31,6.066085188981386e-31,6.068599649156528e-31,6.071114265612263e-31,6.073629035814124e-31,6.076143959027652e-31,6.07865903388264e-31,6.0811742638997555e-31,6.083689645784742e-31,6.086205180928639e-31,6.088720871163259e-31,6.091236712146719e-31,6.093752705781245e-31,6.096268852283098e-31,6.098785153569257e-31,6.101301607335174e-31,6.10381821290469e-31,6.106334970920234e-31,6.108851881432322e-31,6.111368942041765e-31,6.113886155895184e-31,6.1164035215867445e-31,6.118921039493847e-31,6.121438708963824e-31,6.123956527742553e-31,6.126474497586351e-31,6.128992620508662e-31,6.131510895078214e-31,6.134029320642269e-31,6.136547897088165e-31,6.1390666239738735e-31,6.1415855001788195e-31,6.144104526086204e-31,6.14662370494095e-31,6.1491430336477726e-31,6.151662512615178e-31,6.154182142148076e-31,6.156701920974354e-31,6.15922185028587e-31,6.161741929355901e-31,6.1642621556186965e-31,6.166782533346462e-31,6.169303060572315e-31,6.1718237349966635e-31,6.174344561202822e-31,6.176865536435402e-31,6.179386658470468e-31,6.18190792938123e-31,6.184429349056187e-31,6.186950917347384e-31,6.189472636300265e-31,6.1919945031112294e-31,6.194516518834729e-31,6.197038682683388e-31,6.199560994588762e-31,6.202083452446611e-31,6.204606060168514e-31,6.207128815165114e-31,6.209651718280918e-31,6.212174766900205e-31,6.214697965002747e-31,6.2172213101026965e-31,6.21974480262073e-31,6.2222684417039125e-31,6.2247922282679545e-31,6.22731616119329e-31,6.229840241380118e-31,6.232364468205529e-31,6.234888841172911e-31,6.2374133603429845e-31,6.239938026398723e-31,6.242462838727115e-31,6.24498779708811e-31,6.247512900924936e-31,6.250038151131038e-31,6.252563546462261e-31,6.255089086165e-31,6.257614772822814e-31,6.260140604883713e-31,6.262666580392009e-31,6.265192701113231e-31,6.267718966924201e-31,6.2702453801281595e-31,6.272771937750597e-31,6.2752986406078225e-31,6.277825487595686e-31,6.280352479701686e-31,6.282879615792175e-31,6.285406896149081e-31,6.287934320747205e-31,6.29046189000524e-31,6.292989602783821e-31,6.295517459460614e-31,6.298045460424123e-31,6.300573604601645e-31,6.303101892867634e-31,6.305630324117892e-31,6.30815889697341e-31,6.310687615322823e-31,6.313216476850848e-31,6.315745481406417e-31,6.318274628901592e-31,6.320803919228847e-31,6.3233333522784585e-31,6.325862927950627e-31,6.328392646132822e-31,6.330922506152654e-31,6.333452509039792e-31,6.335982654116515e-31,6.338512941365002e-31,6.341043370523461e-31,6.343573937092694e-31,6.346104645672736e-31,6.34863549962545e-31,6.351166491354991e-31,6.353697628286142e-31,6.356228907075192e-31,6.358760327095469e-31,6.361291888242069e-31,6.363823590385774e-31,6.36635543294921e-31,6.368887416334077e-31,6.371419540930079e-31,6.373951805592229e-31,6.3764842107632625e-31,6.379016756391225e-31,6.381549442200195e-31,6.384082268729399e-31,6.38661523492e-31,6.389148340939708e-31,6.39168158677278e-31,6.394214972340734e-31,6.39674849773113e-31,6.399282160625141e-31,6.401815962998651e-31,6.404349906644494e-31,6.406883987615413e-31,6.409418207756228e-31,6.411952568853271e-31,6.414487069316588e-31,6.417021708589621e-31,6.419556486566623e-31,6.422091403154926e-31,6.4246264577532674e-31,6.427161650770425e-31,6.429696981984484e-31,6.432232452029961e-31,6.434768059588812e-31,6.4373038056323885e-31,6.439839689554199e-31,6.442375710718673e-31,6.444911870091014e-31,6.44744816702779e-31,6.449984599260722e-31,6.452521171027119e-31,6.45505787947247e-31,6.457594725732472e-31,6.460131707002385e-31,6.462668824746341e-31,6.46520608112315e-31,6.467743474693526e-31,6.470281005112574e-31,6.472818672047357e-31,6.475356475440582e-31,6.4778944151696316e-31,6.480432489164521e-31,6.482970700858231e-31,6.485509048258135e-31,6.488047531971473e-31,6.49058615142716e-31,6.493124907106303e-31,6.495663795847904e-31,6.498202819998613e-31,6.5007419815197235e-31,6.503281278987948e-31,6.50582070948833e-31,6.5083602772841715e-31,6.5108999794972e-31,6.51343981720944e-31,6.515979789700806e-31,6.518519897340514e-31,6.521060139172122e-31,6.52360051559221e-31,6.5261410257522315e-31,6.52868167087969e-31,6.531222448028772e-31,6.533763359461503e-31,6.536304404744106e-31,6.538845585388597e-31,6.541386900427206e-31,6.543928349140457e-31,6.546469931476203e-31,6.549011646807122e-31,6.5515534960176e-31,6.554095478552087e-31,6.55663759425716e-31,6.559179843058821e-31,6.561722224885117e-31,6.564264739610543e-31,6.566807387133831e-31,6.569350167358785e-31,6.571893079670826e-31,6.574436124997221e-31,6.57697930221477e-31,6.579522611774602e-31,6.582066053496981e-31,6.584609627823857e-31,6.587153334154773e-31,6.589697172385998e-31,6.592241142423482e-31,6.5947852417059715e-31,6.597329474508045e-31,6.5998738370925976e-31,6.602418332862045e-31,6.604962960444317e-31,6.607507718751421e-31,6.610052606191061e-31,6.612597626570895e-31,6.61514277841161e-31,6.617688060538876e-31,6.62023347342076e-31,6.622779017515874e-31,6.625324691542916e-31,6.6278704964687915e-31,6.630416431721996e-31,6.632962497206647e-31,6.635508692824416e-31,6.638055018507654e-31,6.640601474128443e-31,6.643148059590905e-31,6.6456947747644605e-31,6.648241619196715e-31,6.650788593075769e-31,6.653335696434717e-31,6.6558829273504335e-31,6.658430289902769e-31,6.6609777809893216e-31,6.663525401673275e-31,6.666073151325821e-31,6.668621029843104e-31,6.671169037136702e-31,6.673717173102525e-31,6.676265437746125e-31,6.678813830227045e-31,6.681362351147756e-31,6.683911000855386e-31,6.686459778721702e-31,6.68900868468393e-31,6.691557718648635e-31,6.694106880045809e-31,6.696656169726885e-31,6.69920558656771e-31,6.7017551315749805e-31,6.7043048041416e-31,6.706854604129986e-31,6.709404531448426e-31,6.711954585478093e-31,6.714504767141219e-31,6.7170550753861e-31,6.719605511042932e-31,6.722156073550917e-31,6.724706762813724e-31,6.727257578743764e-31,6.729808521275115e-31,6.7323595902447835e-31,6.734910785591222e-31,6.737462107222202e-31,6.740013555043071e-31,6.7425651289915675e-31,6.74511682890366e-31,6.74766865472031e-31,6.750220606346568e-31,6.75277268368768e-31,6.755324884843105e-31,6.757877212878159e-31,6.760429666311831e-31,6.762982245059971e-31,6.765534949566228e-31,6.768087776879634e-31,6.770640731586543e-31,6.7731938112587315e-31,6.775747015402154e-31,6.778300344720678e-31,6.780853798721243e-31,6.7834073773447e-31,6.785961080427492e-31,6.788514907909764e-31,6.791068859699536e-31,6.7936229309238154e-31,6.7961771310379095e-31,6.798731455229806e-31,6.80128590282207e-31,6.803840474757004e-31,6.806395170593393e-31,6.808949989254654e-31,6.811504932158263e-31,6.81405999794929e-31,6.8166151871074225e-31,6.819170499660643e-31,6.821725935533906e-31,6.824281494241049e-31,6.8268371759684395e-31,6.829392981264973e-31,6.831948908741683e-31,6.83450495888265e-31,6.837061131966906e-31,6.839617427706523e-31,6.842173846158408e-31,6.844730386257894e-31,6.847287048818782e-31,6.849843834124647e-31,6.8524007409949485e-31,6.854957770388433e-31,6.857514921643709e-31,6.860072194755383e-31,6.862629589546712e-31,6.865187105967199e-31,6.8677447439257675e-31,6.870302502614021e-31,6.872860383415663e-31,6.875418384934455e-31,6.877976507386519e-31,6.880534751305113e-31,6.883093116763324e-31,6.8856516029517e-31,6.888210210337803e-31,6.890768938058514e-31,6.893327784079503e-31,6.895886752972223e-31,6.8984458423582e-31,6.901005052103019e-31,6.903564382112911e-31,6.906123832306259e-31,6.908683402585492e-31,6.911243092996354e-31,6.91380290318247e-31,6.916362833189156e-31,6.918922882923092e-31,6.921483047242729e-31,6.92404333110887e-31,6.926603737270109e-31,6.929164264345436e-31,6.931724911337412e-31,6.934285675324932e-31,6.9368465607880325e-31,6.939407565124906e-31,6.941968688523296e-31,6.944529930569582e-31,6.947091291402074e-31,6.949652770849942e-31,6.952214368180531e-31,6.9547760846769456e-31,6.957337919558158e-31,6.959899872057778e-31,6.962461940871731e-31,6.965024130374459e-31,6.9675864379181335e-31,6.9701488634534595e-31,6.972711406846372e-31,6.975274068008986e-31,6.977836846849794e-31,6.9803997432831645e-31,6.982962757218412e-31,6.985525888571774e-31,6.988089137251518e-31,6.990652503319013e-31,6.9932159865368835e-31,6.995779586264432e-31,6.998343302797992e-31,7.000907136242326e-31,7.003471086991508e-31,7.00603515465139e-31,7.008599338934701e-31,7.011163639755447e-31,7.013728056826795e-31,7.0162925902983315e-31,7.018857234936639e-31,7.021422000819304e-31,7.0239868828649905e-31,7.026551880869887e-31,7.0291169948577375e-31,7.031682224634486e-31,7.0342475694978035e-31,7.036813030750093e-31,7.0393786071430865e-31,7.041944299414915e-31,7.044510107136866e-31,7.047076030173625e-31,7.049642068453614e-31,7.0522082220417335e-31,7.05477449053054e-31,7.057340873928852e-31,7.059907371694396e-31,7.062473984792716e-31,7.0650407126061285e-31,7.067607555046388e-31,7.070174512083084e-31,7.0727415835769675e-31,7.0753087694375465e-31,7.077876069521559e-31,7.08044348386905e-31,7.0830110116570745e-31,7.085578654100778e-31,7.088146410541712e-31,7.090714280359994e-31,7.093282264373902e-31,7.0958503621325e-31,7.0984185728111095e-31,7.100986897123939e-31,7.103555335371945e-31,7.10612388696652e-31,7.108692551882196e-31,7.111261329917303e-31,7.113830221100364e-31,7.116399225467985e-31,7.118968339836829e-31,7.1215375691381405e-31,7.124106911785737e-31,7.126676366673582e-31,7.129245934192172e-31,7.131815613978627e-31,7.13438540621902e-31,7.136955311364353e-31,7.139525328813742e-31,7.142095458364585e-31,7.1446656999939925e-31,7.147236053618204e-31,7.149806518475386e-31,7.152377095200629e-31,7.154947784365824e-31,7.157518584429596e-31,7.160089496155186e-31,7.1626605199876014e-31,7.1652316552240185e-31,7.167802901785146e-31,7.170374256580672e-31,7.172945724821099e-31,7.175517304917561e-31,7.178088992800898e-31,7.1806607947188515e-31,7.183232707470243e-31,7.185804730323485e-31,7.188376863853326e-31,7.19094910858177e-31,7.193521464067748e-31,7.196093929763979e-31,7.198666505786698e-31,7.201239192052565e-31,7.203811987675753e-31,7.206384894186651e-31,7.208957909984779e-31,7.211531036410153e-31,7.214104271919447e-31,7.216677618134542e-31,7.219251070664361e-31,7.2218246358393465e-31,7.2243983105247445e-31,7.226972094697485e-31,7.229545985128818e-31,7.2321199881061515e-31,7.234694099982603e-31,7.237268321608824e-31,7.239842650883544e-31,7.242417089207235e-31,7.2449916363619965e-31,7.247566292891658e-31,7.250141057389021e-31,7.252715931281968e-31,7.255290913911739e-31,7.257866004687409e-31,7.260441203364841e-31,7.26301651085571e-31,7.265591926465601e-31,7.268167449457547e-31,7.270743078052194e-31,7.273318817752911e-31,7.275894665338267e-31,7.278470617477689e-31,7.281046677423549e-31,7.283622845088817e-31,7.2861991225826165e-31,7.288775508327563e-31,7.291352001534564e-31,7.293928601227982e-31,7.296505305975756e-31,7.299082120880172e-31,7.30165903627803e-31,7.304236065203733e-31,7.306813200167368e-31,7.3093904428528e-31,7.311967792281026e-31,7.314545248629484e-31,7.31712281131108e-31,7.319700480504957e-31,7.322278255225779e-31,7.324856136269542e-31,7.327434124514975e-31,7.330012218944267e-31,7.3325904194798255e-31,7.335168726045614e-31,7.337747138476179e-31,7.340325522182182e-31,7.342904146351521e-31,7.345482875633624e-31,7.348061576408603e-31,7.350640516542556e-31,7.35321942820718e-31,7.355798445197412e-31,7.3583775674790385e-31,7.360956929011308e-31,7.363536395671875e-31,7.366115833222955e-31,7.368695510012415e-31,7.371275157348969e-31,7.373855043906964e-31,7.376435029214028e-31,7.379014990660655e-31,7.381595191328456e-31,7.38417549644402e-31,7.386755906048417e-31,7.38933628512883e-31,7.391916903358995e-31,7.394497490856893e-31,7.3970783171978555e-31,7.399659112724003e-31,7.402240012198817e-31,7.404821015506628e-31,7.407402122862368e-31,7.409983333567304e-31,7.412564647751877e-31,7.415146065613726e-31,7.417727586878199e-31,7.4203092115091545e-31,7.422890939429831e-31,7.425472770603078e-31,7.428054837786942e-31,7.430636875553584e-31,7.43321901590074e-31,7.435801259151847e-31,7.438383605227038e-31,7.440966054012894e-31,7.443548739019181e-31,7.4461313936248355e-31,7.4487141502354075e-31,7.451297142429306e-31,7.453880103827393e-31,7.456463167503035e-31,7.459046333389957e-31,7.461629734982327e-31,7.4642132390325876e-31,7.466796711145054e-31,7.469380285121235e-31,7.471963961197815e-31,7.474547739098754e-31,7.477131618331375e-31,7.479715599194877e-31,7.482299681582237e-31,7.48488386538891e-31,7.487468150596809e-31,7.490052537072555e-31,7.492637024696527e-31,7.495221747960739e-31,7.4978064378836e-31,7.500391228726955e-31,7.502976120556624e-31,7.505561113613129e-31,7.508146207072842e-31,7.510731401224859e-31,7.51331669599354e-31,7.5159020912834315e-31,7.518487587059721e-31,7.521073183570713e-31,7.523659015469979e-31,7.526244812180263e-31,7.528830709421185e-31,7.5314168414246965e-31,7.534002938754498e-31,7.536589135960156e-31,7.539175567788685e-31,7.541761964739929e-31,7.544348596477389e-31,7.546935192460822e-31,7.549521888261938e-31,7.552108683460345e-31,7.554695578165642e-31,7.557282572149033e-31,7.559869665457429e-31,7.562456857742137e-31,7.565044149329736e-31,7.567631676092932e-31,7.570219165617692e-31,7.572806753967788e-31,7.575394577061282e-31,7.57798236300226e-31,7.580570247636668e-31,7.583158230956168e-31,7.585746312790967e-31,7.588334568868892e-31,7.590922847514062e-31,7.593511300311774e-31,7.596099851337152e-31,7.598688500619782e-31,7.6012772480029185e-31,7.603866093354518e-31,7.606455036661408e-31,7.609044077850461e-31,7.611633140891894e-31,7.614222301646832e-31,7.616811560049643e-31,7.619400916025215e-31,7.621990505754058e-31,7.624580193158091e-31,7.627169975025619e-31,7.629759796615808e-31,7.632349776488841e-31,7.634939792436991e-31,7.637529966491338e-31,7.6401201765165215e-31,7.64271048349525e-31,7.645300887310937e-31,7.647891387911578e-31,7.650482045996568e-31,7.653072800817404e-31,7.655663591358999e-31,7.658254539290779e-31,7.660845583723766e-31,7.663436721012542e-31,7.666027897169588e-31,7.668619169449425e-31,7.671210537950245e-31,7.6738020024241095e-31,7.676393562908035e-31,7.678985219309595e-31,7.6815769714435435e-31,7.684168819440804e-31,7.686760763160822e-31,7.689352802508789e-31,7.6919449374136765e-31,7.694537167782662e-31,7.697129493586878e-31,7.6997219147341474e-31,7.702314431151704e-31,7.704907042768499e-31,7.707499749490235e-31,7.710092551290718e-31,7.712685448145542e-31,7.715278439915357e-31,7.717871526434304e-31,7.720464707724516e-31,7.723057983807837e-31,7.72565135442652e-31,7.728244819602672e-31,7.730838379266332e-31,7.733432033345876e-31,7.736025781793794e-31,7.738619624379894e-31,7.741213561284126e-31,7.743807515813505e-31,7.746401640910703e-31,7.748995860021304e-31,7.751590173249175e-31,7.754184580107468e-31,7.756779080823909e-31,7.759373598881216e-31,7.761968286886662e-31,7.7645630684649655e-31,7.767157943542191e-31,7.769752912022644e-31,7.772347973861934e-31,7.774943129013425e-31,7.7775383772511435e-31,7.780133718648498e-31,7.7827291532477106e-31,7.785324680705061e-31,7.787920301226529e-31,7.7905160146412805e-31,7.793111820641533e-31,7.79570771955947e-31,7.798303711028089e-31,7.800899795303391e-31,7.803495971994228e-31,7.806092241162401e-31,7.808688602687321e-31,7.811285056549045e-31,7.813881602630675e-31,7.816478300507167e-31,7.819075030889151e-31,7.821671853314235e-31,7.824268767540331e-31,7.826865773806398e-31,7.82946287192779e-31,7.832060061685362e-31,7.834657343258042e-31,7.837254716251406e-31,7.83985218100137e-31,7.842449737230846e-31,7.845047384879625e-31,7.847645123877379e-31,7.850242953962714e-31,7.852840875380354e-31,7.855438888096768e-31,7.858036991801918e-31,7.860635186598529e-31,7.8632334722186015e-31,7.8658318487359004e-31,7.868430316025552e-31,7.871028873876975e-31,7.873627522681511e-31,7.876226261806446e-31,7.878825091736875e-31,7.881424012038868e-31,7.88402302257752e-31,7.88662212356836e-31,7.88922131410753e-31,7.891820595665052e-31,7.894419967221255e-31,7.89701942886415e-31,7.899618980493167e-31,7.902218622130617e-31,7.904818352837116e-31,7.907418173805551e-31,7.91001808455285e-31,7.912618085105936e-31,7.915218174544143e-31,7.917818354188355e-31,7.920418623252834e-31,7.923018981552413e-31,7.925619429133134e-31,7.928219966139756e-31,7.930820592247384e-31,7.933421307546087e-31,7.93602211178541e-31,7.938623004922985e-31,7.941223986991618e-31,7.943825058073524e-31,7.946426217963968e-31,7.949027466667573e-31,7.951628803884599e-31,7.954230229713418e-31,7.95683174382949e-31,7.959433346618226e-31,7.962035037785948e-31,7.964636817235523e-31,7.967238684966598e-31,7.969840640844672e-31,7.97244268497477e-31,7.975044817050761e-31,7.97764703707605e-31,7.980249344801277e-31,7.982851740627388e-31,7.985454224346439e-31,7.98805679547525e-31,7.990659454570938e-31,7.9932622009854e-31,7.995865034791563e-31,7.998467956100475e-31,8.001070964852103e-31,8.003674060818938e-31,8.006277244111458e-31,8.00888051462863e-31,8.011483872273542e-31,8.01408731730338e-31,8.016690848938374e-31,8.01929446778354e-31,8.021898172632164e-31,8.024501964885993e-31,8.02710584326227e-31,8.029709809148575e-31,8.032313861326674e-31,8.034918000105601e-31,8.037522225625869e-31,8.040126537557218e-31,8.042730935588162e-31,8.045335637682841e-31,8.047940426008907e-31,8.050545300477643e-31,8.053150261187619e-31,8.055755307959764e-31,8.058360222800505e-31,8.06096544126098e-31,8.063570745523122e-31,8.066176135637556e-31,8.068781611479214e-31,8.0713871731843e-31,8.07399282028406e-31,8.07659855294158e-31,8.07920437125471e-31,8.081810274780217e-31,8.0844162636465e-31,8.087022337713682e-31,8.089628497081405e-31,8.09223474158734e-31,8.094841071104844e-31,8.09744748564966e-31,8.100053985146717e-31,8.10266035089363e-31,8.105266801343883e-31,8.107873555382584e-31,8.110480394069596e-31,8.113087317399462e-31,8.115694325369696e-31,8.11830141785368e-31,8.120908594719027e-31,8.123515855970891e-31,8.126123201546299e-31,8.128730631381073e-31,8.13133792635359e-31,8.133945524519095e-31,8.136553206754558e-31,8.139160973063216e-31,8.141768823306745e-31,8.144376757774271e-31,8.146984775471387e-31,8.149592877542442e-31,8.152201063142737e-31,8.15480933216499e-31,8.157417684971331e-31,8.160026121060602e-31,8.162634640529392e-31,8.16524324337722e-31,8.167851929439243e-31,8.170460699140325e-31,8.173069551750561e-31,8.175678268541757e-31,8.178287287619162e-31,8.180896389421748e-31,8.183505353913749e-31,8.18611462159477e-31,8.188723674406183e-31,8.1913331073755e-31,8.193942623248199e-31,8.196552002385922e-31,8.19916146404152e-31,8.20177100829302e-31,8.204380853828504e-31,8.206990562822228e-31,8.209600353932085e-31,8.212210227420171e-31,8.214820183064054e-31,8.217430220691912e-31,8.220040340353098e-31,8.222650542093419e-31,8.225260825742946e-31,8.22787119124281e-31,8.23048163852588e-31,8.233092167545143e-31,8.235702778081621e-31,8.238313469838141e-31,8.24092424365384e-31,8.243535098958004e-31,8.246146035672053e-31,8.248757053190175e-31,8.251368152565965e-31,8.253979332625746e-31,8.256590594258849e-31,8.25920193714757e-31,8.261813361097396e-31,8.264424865868988e-31,8.267036451728698e-31,8.26964811846103e-31,8.27225986600257e-31,8.274871694291593e-31,8.277483603265276e-31,8.280095592865902e-31,8.282707663032939e-31,8.285319813705457e-31,8.287932044823718e-31,8.290544356219767e-31,8.293156748059624e-31,8.29576921926139e-31,8.298381771561446e-31,8.300994403833656e-31,8.303607116215324e-31,8.306219908629563e-31,8.308832781013005e-31,8.311445733428986e-31,8.31405876569541e-31,8.316671877735368e-31,8.319285069339864e-31,8.321898340628158e-31,8.324511691670918e-31,8.327125122257319e-31,8.329738632328194e-31,8.332352220893319e-31,8.334965889754155e-31,8.337579637918644e-31,8.340193464409817e-31,8.342807370998469e-31,8.345421356246416e-31,8.348035420908774e-31,8.350649564695172e-31,8.353263787442328e-31,8.355878089069098e-31,8.35849246953545e-31,8.361106928772207e-31,8.363721466712052e-31,8.366336083303636e-31,8.36895077836601e-31,8.371565551969756e-31,8.374180403260005e-31,8.376795333869322e-31,8.379410342836787e-31,8.382025430104858e-31,8.384640595613144e-31,8.387255839301817e-31,8.389871161114218e-31,8.392486560987223e-31,8.395102038867373e-31,8.397717594695251e-31,8.400333228408254e-31,8.402948939952986e-31,8.405564729268197e-31,8.40818059584775e-31,8.410796540531097e-31,8.413412562807942e-31,8.416028662626027e-31,8.418644839923531e-31,8.421261094642152e-31,8.423877426723993e-31,8.426493836107043e-31,8.429110322741576e-31,8.431726886563903e-31,8.434343527514966e-31,8.436960245542005e-31,8.43957704058427e-31,8.442193912583768e-31,8.444810861483075e-31,8.447427887220673e-31,8.450044989745552e-31,8.452662168572736e-31,8.455279424058944e-31,8.457896756615103e-31,8.460514165563568e-31,8.46313165117046e-31,8.465749213091557e-31,8.468366851380125e-31,8.47098456599748e-31,8.473602356871043e-31,8.476220224070167e-31,8.478838167470815e-31,8.48145618691977e-31,8.48407428240417e-31,8.486692453871418e-31,8.489310701263108e-31,8.491929024521787e-31,8.494547423589873e-31,8.497165898410356e-31,8.499784448927298e-31,8.502403074989779e-31,8.5050217766322e-31,8.50764055389544e-31,8.510259406624683e-31,8.512878334769666e-31,8.515497338279469e-31,8.518116416949791e-31,8.520735570895414e-31,8.523354799989875e-31,8.525974104346064e-31,8.528593483771367e-31,8.531212938212484e-31,8.533832467487633e-31,8.536452071652204e-31,8.539071750688021e-31,8.541691504645655e-31,8.544311333339199e-31,8.546931236711043e-31,8.54955121459732e-31,8.5521712670406e-31,8.554791393966893e-31,8.557411595359412e-31,8.560031932715605e-31,8.562652282979045e-31,8.565272707528947e-31,8.567893206307398e-31,8.570513778910722e-31,8.573134425987557e-31,8.575755146723272e-31,8.578375941871101e-31,8.580996810975425e-31,8.58361775387304e-31,8.58623877063255e-31,8.588859861273172e-31,8.59148102556751e-31,8.594102263604844e-31,8.596723575144265e-31,8.599344960377717e-31,8.601966419112326e-31,8.604587951300741e-31,8.607209556889396e-31,8.609831235822459e-31,8.612452988045435e-31,8.615074813502634e-31,8.617696712148587e-31,8.620318683907674e-31,8.622940728738505e-31,8.625562846511815e-31,8.628185037317634e-31,8.63080730102804e-31,8.633429637588601e-31,8.636052046594058e-31,8.638674528575324e-31,8.641297083258234e-31,8.643919710673307e-31,8.646542410666384e-31,8.649165183061208e-31,8.65178802770859e-31,8.654410944989632e-31,8.65703393464379e-31,8.659656996647784e-31,8.66228013083078e-31,8.664903337221395e-31,8.66752661587173e-31,8.670149966517127e-31,8.672773389200891e-31,8.675396883863584e-31,8.678020450568876e-31,8.68064408912949e-31,8.683267799498317e-31,8.685891581531907e-31,8.688515435370178e-31,8.69113936086891e-31,8.693763357886778e-31,8.696387426389644e-31,8.699011566441378e-31,8.701635777913307e-31,8.704260060792158e-31,8.70688441509869e-31,8.709508840598926e-31,8.712133337408925e-31,8.714757905392772e-31,8.717382544498751e-31,8.720007254567995e-31,8.72263203565135e-31,8.725256887695013e-31,8.727881810746808e-31,8.730506804648094e-31,8.733131869352516e-31,8.73575700480052e-31,8.738382210956096e-31,8.741007487738617e-31,8.74363283510835e-31,8.746258253015709e-31,8.748883741404298e-31,8.751509300221727e-31,8.754134929313173e-31,8.756760628717155e-31,8.75938639849958e-31,8.76201223849884e-31,8.764638148663158e-31,8.767264128938758e-31,8.769890179273572e-31,8.772516299614978e-31,8.7751424899099e-31,8.777768750024743e-31,8.78039508000676e-31,8.783021479848127e-31,8.785647949437397e-31,8.788274488718454e-31,8.790901097638332e-31,8.793527776145263e-31,8.796154524187038e-31,8.798781341325943e-31,8.801408228291109e-31,8.804035184620424e-31,8.80666221027972e-31,8.809289305115426e-31,8.811916469269399e-31,8.814543702593926e-31,8.817171004947035e-31,8.819798376455438e-31,8.822425816978327e-31,8.825053326093871e-31,8.827680904396552e-31,8.830308551662357e-31,8.832936267625029e-31,8.83556405236524e-31,8.838191905791618e-31,8.840819827879402e-31,8.843447818565916e-31,8.846075877813466e-31,8.848704005540233e-31,8.851332201712931e-31,8.853960466262128e-31,8.856588799264244e-31,8.859217200562396e-31,8.861845670111993e-31,8.864474207851059e-31,8.867102813714292e-31,8.86973148766793e-31,8.872360229656982e-31,8.874989039631829e-31,8.877617916912783e-31,8.88024686263216e-31,8.882875876160948e-31,8.885504957462333e-31,8.888134106504396e-31,8.890763322645125e-31,8.893392607008086e-31,8.896021958427918e-31,8.89865137797436e-31,8.901280864321175e-31,8.903910418687338e-31,8.90654004041378e-31,8.909169729481317e-31,8.911799485816245e-31,8.914429309149953e-31,8.917059199310286e-31,8.919689156952574e-31,8.922319181630569e-31,8.924949273671848e-31,8.927579432598245e-31,8.930209658439164e-31,8.932839951232276e-31,8.935470310846361e-31,8.938100737229868e-31,8.94073123033322e-31,8.943361790106997e-31,8.945992416500526e-31,8.948623109460328e-31,8.95125386893872e-31,8.953884694887614e-31,8.956515587256588e-31,8.959146545995458e-31,8.961777571054527e-31,8.96440866238258e-31,8.967039819932371e-31,8.969671043656795e-31,8.972302333422048e-31,8.974933689335007e-31,8.977565111269787e-31,8.980196599097033e-31,8.982828152926697e-31,8.985459772632525e-31,8.988091458162835e-31,8.99072320946803e-31,8.993355026508715e-31,8.995986909212831e-31,8.998618857544545e-31,9.001250871453109e-31,9.003882950814225e-31,9.006515095647625e-31,9.00914730591709e-31,9.011779581565465e-31,9.01441192254232e-31,9.017044328797964e-31,9.019676800289065e-31,9.022309336734422e-31,9.024941938306987e-31,9.027574605182703e-31,9.030207337205288e-31,9.03284013412566e-31,9.035472995750883e-31,9.038105922501281e-31,9.040738914094232e-31,9.043371970480573e-31,9.04600509107927e-31,9.048638276996986e-31,9.051271527244451e-31,9.053904842407443e-31,9.056538221478441e-31,9.059171665057314e-31,9.061805173641939e-31,9.064438746374426e-31,9.06707238372855e-31,9.069706085384834e-31,9.07233985075085e-31,9.074973680651088e-31,9.0776075750139e-31,9.080241533492386e-31,9.082875619190654e-31,9.085509628013665e-31,9.088143841682755e-31,9.090778056143266e-31,9.093412334417188e-31,9.09604667650268e-31,9.09868108244339e-31,9.101315552115285e-31,9.103950085179254e-31,9.106584682166022e-31,9.109219342743641e-31,9.111854066862016e-31,9.114488854468595e-31,9.11712370545832e-31,9.119758619840391e-31,9.12239359767037e-31,9.125028638769106e-31,9.127663743081394e-31,9.130298910643847e-31,9.132934141377412e-31,9.135569435211321e-31,9.13820479179008e-31,9.140840211705106e-31,9.143475694522159e-31,9.146111240340186e-31,9.148746849018667e-31,9.151382520539768e-31,9.154018254841755e-31,9.156654051865645e-31,9.15928991157211e-31,9.161925833917154e-31,9.164561818858746e-31,9.167197866346007e-31,9.169833976060348e-31,9.172470148174572e-31,9.175106383016104e-31,9.177742679907525e-31,9.180379039349544e-31,9.183015461063576e-31,9.185651945064644e-31,9.188288490671647e-31,9.190925098922795e-31,9.193561768960644e-31,9.196198501051377e-31,9.198835295372304e-31,9.20147215160847e-31,9.204109069841858e-31,9.20674604988992e-31,9.209383091748296e-31,9.212020194814048e-31,9.214657359768072e-31,9.217294586739654e-31,9.219931874994481e-31,9.222569225133637e-31,9.225206636789786e-31,9.227844109923262e-31,9.230481644418105e-31,9.233119240283095e-31,9.235756897572561e-31,9.238394616056487e-31,9.241032395866298e-31,9.243670236790819e-31,9.24630813894925e-31,9.248946102120621e-31,9.25158412644378e-31,9.25422221177695e-31,9.256860357526112e-31,9.259498564670725e-31,9.262136832770021e-31,9.264775161423586e-31,9.267413550844965e-31,9.270052000783395e-31,9.272690511930637e-31,9.275329083186706e-31,9.277967715584074e-31,9.280606408540976e-31,9.28324516201057e-31,9.285883975942284e-31,9.2885228499896e-31,9.2911617847305e-31,9.293800779802825e-31,9.296439835147142e-31,9.299078950672113e-31,9.301718126445672e-31,9.304357362108316e-31,9.306996657834013e-31,9.309636013869657e-31,9.31227542970441e-31,9.31491490577524e-31,9.317554441765274e-31,9.320194037577214e-31,9.322833693293703e-31,9.32547340879977e-31,9.328113183978108e-31,9.330753018909536e-31,9.333392913494903e-31,9.336032867688687e-31,9.338672881451203e-31,9.34131295419961e-31,9.34395308695652e-31,9.346593279143031e-31,9.349233530714947e-31,9.351873841639491e-31,9.354514211791895e-31,9.357154641251299e-31,9.359795129679416e-31,9.362435677510327e-31,9.36507628445901e-31,9.367716950477202e-31,9.370357675466492e-31,9.372998459435422e-31,9.375639302424221e-31,9.378280204029213e-31,9.380921164767384e-31,9.383562184300941e-31,9.386203262599814e-31,9.388844399345207e-31,9.391485594984075e-31,9.394126849309243e-31,9.396768162160187e-31,9.399409533562184e-31,9.402050963531368e-31,9.404692451944396e-31,9.407333998768687e-31,9.409975603727566e-31,9.41261726724477e-31,9.415258989042219e-31,9.417900769076164e-31,9.420542607247411e-31,9.423184503634935e-31,9.425826458112531e-31,9.428468470686866e-31,9.431110541244565e-31,9.433752669546241e-31,9.4363948560099e-31,9.439037100360111e-31,9.441679402503594e-31,9.444321762466884e-31,9.446964179704179e-31,9.449606655186148e-31,9.452249188296057e-31,9.454891779064456e-31,9.457534427415604e-31,9.460177133319163e-31,9.462819896709606e-31,9.465462717549976e-31,9.468105595801568e-31,9.47074853142512e-31,9.473391524369756e-31,9.476034574596301e-31,9.478677682065224e-31,9.481320846729853e-31,9.483964068338362e-31,9.486607346770954e-31,9.489250682762838e-31,9.491894075777902e-31,9.494537525778856e-31,9.49718103271819e-31,9.499824596333886e-31,9.50246821702222e-31,9.505111894453962e-31,9.507755628751732e-31,9.510399419697233e-31,9.513043267370542e-31,9.515687171628253e-31,9.518331132335214e-31,9.520975149813117e-31,9.523619223791146e-31,9.526263354236092e-31,9.528907541106603e-31,9.53155178436357e-31,9.534196083966896e-31,9.5368404398711e-31,9.539484852033004e-31,9.542129320378678e-31,9.544773844930648e-31,9.547418425610075e-31,9.550063062323429e-31,9.55270775514358e-31,9.555352503968773e-31,9.557997308753185e-31,9.560642169462442e-31,9.563287086032307e-31,9.565932058453338e-31,9.56857700806867e-31,9.571222092036857e-31,9.573867231677682e-31,9.576512427031288e-31,9.579157678012838e-31,9.581802984578816e-31,9.584448346658615e-31,9.587093764267913e-31,9.589739237338155e-31,9.59238476582754e-31,9.595030349699056e-31,9.597675988906271e-31,9.600321683351214e-31,9.602967432881244e-31,9.605613237628502e-31,9.608259097760124e-31,9.610905013024037e-31,9.613550983321192e-31,9.616197008717516e-31,9.618843089060737e-31,9.621489224420226e-31,9.624135414717746e-31,9.626781659895857e-31,9.629427959896943e-31,9.632074314696211e-31,9.63472072420506e-31,9.637367188425944e-31,9.64001370737208e-31,9.642660280967691e-31,9.645306909140225e-31,9.647953591864436e-31,9.650600329103738e-31,9.653247042984792e-31,9.655893810584879e-31,9.658540711057479e-31,9.661187665691003e-31,9.66383467487878e-31,9.666481738318664e-31,9.669128855984097e-31,9.671776027833354e-31,9.674423253821787e-31,9.677070533916878e-31,9.679717868074437e-31,9.682365256284547e-31,9.685012698439117e-31,9.687660194538062e-31,9.690307744532886e-31,9.69295534839096e-31,9.69560300606336e-31,9.69825071751913e-31,9.700898482708088e-31,9.703546301594838e-31,9.706194174154702e-31,9.708842100319688e-31,9.711490080073934e-31,9.714138113348153e-31,9.71678620005506e-31,9.719434340040623e-31,9.722082533682859e-31,9.724730780705463e-31,9.727379081063372e-31,9.730027434712736e-31,9.732675841622525e-31,9.735324301747525e-31,9.737972814741749e-31,9.740621381136176e-31,9.74327000066386e-31,9.745918673207737e-31,9.74856739880758e-31,9.751216177336709e-31,9.753865008809191e-31,9.756513893234849e-31,9.759162830451268e-31,9.761811820484881e-31,9.764460862904114e-31,9.767109958453895e-31,9.769759169507198e-31,9.772408370465523e-31,9.775057623998982e-31,9.777706930118312e-31,9.780356288814879e-31,9.783005700012208e-31,9.785655163671382e-31,9.788304679694561e-31,9.790954248157685e-31,9.79360386896449e-31,9.79625354207503e-31,9.798903267044819e-31,9.801553107559032e-31,9.804202937218219e-31,9.806852819108877e-31,9.80950275315142e-31,9.812152739141211e-31,9.814802777285527e-31,9.817452867416726e-31,9.82010300940913e-31,9.82275326567563e-31,9.825403511354042e-31,9.828053808891555e-31,9.83070422057851e-31,9.833354684627883e-31,9.836005200294393e-31,9.838655704728098e-31,9.841306260830033e-31,9.843956930382888e-31,9.846607589579718e-31,9.849258300379393e-31,9.851909062603821e-31,9.854559938363285e-31,9.857210803592322e-31,9.859861781759244e-31,9.862512749493353e-31,9.865163768684825e-31,9.867814839122508e-31,9.870465960765689e-31,9.873117055228368e-31,9.875768340881695e-31,9.878419615916233e-31,9.88107100331105e-31,9.88372238023733e-31,9.886373808165157e-31,9.889025348473536e-31,9.891676878235495e-31,9.894328520175427e-31,9.896980151580964e-31,9.899631833827295e-31,9.902283566728357e-31,9.904935350570385e-31,9.907587106896799e-31,9.910238992038695e-31,9.912890927625148e-31,9.915542913916971e-31,9.918195014735408e-31,9.920847166174557e-31,9.923499303917037e-31,9.92615149206225e-31,9.928803653023722e-31,9.931455941728334e-31,9.934108280859445e-31,9.936760670244468e-31,9.939413109700958e-31,9.942065660455658e-31,9.94471820021643e-31,9.947370790103982e-31,9.950023430080777e-31,9.952676120083276e-31,9.955328860085538e-31,9.957981650147042e-31,9.960634489984393e-31,9.963287379735706e-31,9.965940319322826e-31,9.96859323087999e-31,9.971246270118155e-31,9.973899280972449e-31,9.97655234151818e-31,9.979205451732648e-31,9.981858746765085e-31,9.984512034297692e-31,9.987165371369598e-31,9.989818821490083e-31,9.992472317911493e-31,9.995125803363797e-31,9.997779401881221e-31,1.0000433049919656e-30,1.000308674720049e-30,1.0005740352256575e-30,1.0008394084331534e-30,1.0011047787805252e-30,1.0013701618258116e-30,1.00163555607922e-30,1.0019009411905997e-30,1.002166331164414e-30,1.0024317260497628e-30,1.0026971258362435e-30,1.0029625305204238e-30,1.0032279400904348e-30,1.0034933682998437e-30,1.0037587876461977e-30,1.0040242118851366e-30,1.0042896409943209e-30,1.0045550890299812e-30,1.0048205278966578e-30,1.0050859716327537e-30,1.0053514202237764e-30,1.0056168737328235e-30,1.0058823320958139e-30,1.0061477953197449e-30,1.0064132633466738e-30,1.0066787362090421e-30,1.0069442279013255e-30,1.0072097245744152e-30,1.0074752119702886e-30,1.0077407182976042e-30,1.0080062153431018e-30,1.0082717172135029e-30,1.0085372239060271e-30,1.008802735417087e-30,1.0090682658767407e-30,1.0093337870286115e-30,1.0095993269981913e-30,1.0098648577616704e-30,1.0101303933120079e-30,1.0103959336593156e-30,1.0106614928948514e-30,1.0109270569813097e-30,1.011192611698863e-30,1.0114581847667742e-30,1.0117237631079107e-30,1.0119893462804639e-30,1.0122549341160531e-30,1.0125205267139536e-30,1.0127861236233107e-30,1.0130517258504275e-30,1.0133173323003738e-30,1.0135829439978253e-30,1.0138485602940042e-30,1.0141141814898562e-30,1.0143798073475424e-30,1.0146454380086509e-30,1.0149110733976902e-30,1.0151767135110799e-30,1.0154423582794874e-30,1.0157080077791418e-30,1.015973662041234e-30,1.016239320992549e-30,1.0165049846019565e-30,1.0167706529619555e-30,1.0170363257934956e-30,1.0173020035725094e-30,1.0175676859422597e-30,1.0178333730059524e-30,1.0180990648484052e-30,1.0183647613130096e-30,1.0186304624599658e-30,1.0188961680447271e-30,1.0191618785729868e-30,1.0194275935146774e-30,1.019693313140835e-30,1.0199590376837284e-30,1.020224766861075e-30,1.0204905006932859e-30,1.0207562391756163e-30,1.0210219823047025e-30,1.021287730097655e-30,1.021553482510685e-30,1.0218192395803385e-30,1.022085001282447e-30,1.022350767595113e-30,1.0226165385039216e-30,1.022882314008719e-30,1.0231480941526387e-30,1.0234138788923474e-30,1.0236796682455351e-30,1.0239454622093453e-30,1.0242112606123385e-30,1.0244770638577435e-30,1.0247428716817514e-30,1.0250086841193436e-30,1.025274501148915e-30,1.0255403227483985e-30,1.025806148950697e-30,1.0260719797159822e-30,1.0263378150067395e-30,1.0266036549245113e-30,1.0268694992167045e-30,1.0271353482931375e-30,1.0274012019327544e-30,1.027667060133031e-30,1.0279329228323934e-30,1.0281987899319654e-30,1.0284646617960227e-30,1.028730538205928e-30,1.0289964191596847e-30,1.029262304653994e-30,1.0295281946858096e-30,1.0297940892508132e-30,1.0300599881463891e-30,1.0303258917701956e-30,1.0305917999162436e-30,1.0308577123744817e-30,1.0311236295579812e-30,1.0313895512543644e-30,1.0316554773955388e-30,1.0319214079966148e-30,1.0321873432137692e-30,1.0324532829143133e-30,1.0327192270045886e-30,1.032985175695269e-30,1.0332511288911873e-30,1.0335170865736843e-30,1.0337830485581969e-30,1.0340490151395276e-30,1.0343149861996944e-30,1.0345809617782578e-30,1.0348469417801755e-30,1.0351129263106353e-30,1.035378915242702e-30,1.035644908634204e-30,1.035910906544128e-30,1.0361769089070555e-30,1.0364429156184179e-30,1.0367089268768934e-30,1.0369749425200358e-30,1.0372409626611377e-30,1.037506987223821e-30,1.037773016235214e-30,1.0380390496762314e-30,1.0383050874435396e-30,1.0385711297180465e-30,1.0388371763692452e-30,1.0391032274806359e-30,1.0393692830209772e-30,1.0396353429714375e-30,1.0399014073136284e-30,1.040167476074218e-30,1.0404335492343817e-30,1.040699626791536e-30,1.0409657081677827e-30,1.0412317945099614e-30,1.0414978852378817e-30,1.0417639801686067e-30,1.0420300796585331e-30,1.0422961834678884e-30,1.0425622917095496e-30,1.0428284043223578e-30,1.043094521302558e-30,1.0433606426321189e-30,1.0436267683366763e-30,1.0438928983470232e-30,1.0441590326762293e-30,1.0444251714287247e-30,1.0446913144884347e-30,1.0449574619475044e-30,1.0452236137478387e-30,1.0454897698859645e-30,1.0457559303165628e-30,1.0460220951068819e-30,1.0462882642392004e-30,1.0465544376962841e-30,1.0468206154318916e-30,1.0470867975149155e-30,1.0473529838858759e-30,1.0476191745582531e-30,1.0478853695771454e-30,1.048151568902367e-30,1.0484177725297109e-30,1.0486839804299928e-30,1.0489501926264574e-30,1.0492164091171656e-30,1.0494826299342743e-30,1.0497488549918954e-30,1.0500150843264052e-30,1.0502813179448818e-30,1.0505475558874653e-30,1.0508137981040984e-30,1.05108004459101e-30,1.0513462953446049e-30,1.051612549876035e-30,1.0518788091422778e-30,1.0521450726781503e-30,1.0524113404557212e-30,1.05267761248363e-30,1.0529438887721439e-30,1.053210169292895e-30,1.0534764540676818e-30,1.053742742811323e-30,1.054009035915711e-30,1.0542753333833408e-30,1.0545416350794787e-30,1.054807941001226e-30,1.0550742511454255e-30,1.055340565509075e-30,1.0556068840885275e-30,1.0558732068573045e-30,1.0561395338587854e-30,1.0564058650804738e-30,1.0566722004930228e-30,1.0569385400833034e-30,1.0572048838711804e-30,1.0574712318759055e-30,1.0577375840256489e-30,1.0580039403697236e-30,1.058270300902029e-30,1.0585366656161545e-30,1.0588030345197532e-30,1.0590694073851434e-30,1.059335784625533e-30,1.0596021660815778e-30,1.0598685516572374e-30,1.0601349414083495e-30,1.06040133533994e-30,1.0606677331742193e-30,1.0609341354291392e-30,1.0612005417930432e-30,1.0614669523438192e-30,1.0617333670392566e-30,1.0619997858753244e-30,1.0622662088494137e-30,1.0625326359580337e-30,1.0627990671881838e-30,1.0630655024773273e-30,1.063331941831203e-30,1.063598385437139e-30,1.0638648331410907e-30,1.0641312849926478e-30,1.064397740957683e-30,1.064664201000961e-30,1.0649306651826479e-30,1.0651971334688428e-30,1.0654636058453438e-30,1.0657300823193406e-30,1.0659965628881325e-30,1.0662630475087553e-30,1.0665295362213477e-30,1.0667960290190816e-30,1.0670625259013009e-30,1.0673290268960043e-30,1.0675955319669178e-30,1.0678620411120462e-30,1.0681285543267616e-30,1.0683950716193747e-30,1.0686615928450125e-30,1.0689281182526716e-30,1.0691946477169225e-30,1.0694611812377958e-30,1.0697277187780144e-30,1.069994260397892e-30,1.0702608060745645e-30,1.0705273557938191e-30,1.0707939095181658e-30,1.0710604673033337e-30,1.0713270291037835e-30,1.0715935949637559e-30,1.0718601648517936e-30,1.0721267387535664e-30,1.0723933166874696e-30,1.0726598986298416e-30,1.0729264845687599e-30,1.0731930745205185e-30,1.0734596685101856e-30,1.0737262664960337e-30,1.073992868468487e-30,1.074259474457894e-30,1.0745260844259366e-30,1.074792698417899e-30,1.0750593163916695e-30,1.0753259383534057e-30,1.0755925643115952e-30,1.0758591942520115e-30,1.07612582816147e-30,1.0763924659850682e-30,1.076659107815629e-30,1.0769257534479123e-30,1.077192403257356e-30,1.0774590570029294e-30,1.077725714517994e-30,1.0779923761721898e-30,1.0782590415889263e-30,1.0785257109711498e-30,1.0787923843081087e-30,1.0790590617694349e-30,1.0793257431849409e-30,1.079592428558258e-30,1.0798591176584259e-30,1.080125810885213e-30,1.0803925080637741e-30,1.0806592091412692e-30,1.080925914144605e-30,1.081192623065345e-30,1.0814593359521152e-30,1.0817260527478821e-30,1.0819927733937963e-30,1.0822594980238954e-30,1.0825262265227537e-30,1.0827929589283544e-30,1.0830596952659777e-30,1.0833264355033287e-30,1.0835931796472076e-30,1.0838599276498652e-30,1.084126679541666e-30,1.0843934353190017e-30,1.0846601949811893e-30,1.0849269585555813e-30,1.0851937260094585e-30,1.0854604973091375e-30,1.0857272724851785e-30,1.0859940515595075e-30,1.0862608344719808e-30,1.0865276212793099e-30,1.0867944119174291e-30,1.0870612064448473e-30,1.0873280048293589e-30,1.087594807066515e-30,1.0878616131203786e-30,1.0881284230642275e-30,1.0883952368148646e-30,1.088662054435659e-30,1.0889288758682523e-30,1.0891957011733949e-30,1.0894625302872654e-30,1.0897293632551338e-30,1.0899962000507734e-30,1.0902630406356483e-30,1.0905298850422311e-30,1.0907967332929285e-30,1.0910635853689528e-30,1.091330441257674e-30,1.0915973009253907e-30,1.0918641644003417e-30,1.0921310317104542e-30,1.0923979028137005e-30,1.0926647777156053e-30,1.0929316564220162e-30,1.0931985389213987e-30,1.0934654251834588e-30,1.0937323152379879e-30,1.093999209076873e-30,1.0942661066970349e-30
