,0,1,2,3,4,5,6,7,8,9,10,11,12,13,14,15,16,17,18,19,20,21,22,23,24,25,26,27,28,29,30,31,32,33,34,35,36,37,38,39,40,41,42,43,44,45,46,47,48,49,50,51,52,53,54,55,56,57,58,59,60,61,62,63,64,65,66,67,68,69,70,71,72,73,74,75,76,77,78,79,80,81,82,83,84,85,86,87,88,89,90,91,92,93,94,95,96,97,98,99,100,101,102,103,104,105,106,107,108,109,110,111,112,113,114,115,116,117,118,119,120,121,122,123,124,125,126,127,128,129,130,131,132,133,134,135,136,137,138,139,140,141,142,143,144,145,146,147,148,149,150,151,152,153,154,155,156,157,158,159,160,161,162,163,164,165,166,167,168,169,170,171,172,173,174,175,176,177,178,179,180,181,182,183,184,185,186,187,188,189,190,191,192,193,194,195,196,197,198,199,200,201,202,203,204,205,206,207,208,209,210,211,212,213,214,215,216,217,218,219,220,221,222,223,224,225,226,227,228,229,230,231,232,233,234,235,236,237,238,239,240,241,242,243,244,245,246,247,248,249,250,251,252,253,254,255,256,257,258,259,260,261,262,263,264,265,266,267,268,269,270,271,272,273,274,275,276,277,278,279,280,281,282,283,284,285,286,287,288,289,290,291,292,293,294,295,296,297,298,299,300,301,302,303,304,305,306,307,308,309,310,311,312,313,314,315,316,317,318,319,320,321,322,323,324,325,326,327,328,329,330,331,332,333,334,335,336,337,338,339,340,341,342,343,344,345,346,347,348,349,350,351,352,353,354,355,356,357,358,359,360,361,362,363,364,365,366,367,368,369,370,371,372,373,374,375,376,377,378,379,380,381,382,383,384,385,386,387,388,389,390,391,392,393,394,395,396,397,398,399,400,401,402,403,404,405,406,407,408,409,410,411,412,413,414,415,416,417,418,419,420,421,422,423,424,425,426,427,428,429,430,431,432,433,434,435,436,437,438,439,440,441,442,443,444,445,446,447,448,449,450,451,452,453,454,455,456,457,458,459,460,461,462,463,464,465,466,467,468,469,470,471,472,473,474,475,476,477,478,479,480,481,482,483,484,485,486,487,488,489,490,491,492,493,494,495,496,497,498,499,500,501,502,503,504,505,506,507,508,509,510,511,512,513,514,515,516,517,518,519,520,521,522,523,524,525,526,527,528,529,530,531,532,533,534,535,536,537,538,539,540,541,542,543,544,545,546,547,548,549,550,551,552,553,554,555,556,557,558,559,560,561,562,563,564,565,566,567,568,569,570,571,572,573,574,575,576,577,578,579,580,581,582,583,584,585,586,587,588,589,590,591,592,593,594,595,596,597,598,599,600,601,602,603,604,605,606,607,608,609,610,611,612,613,614,615,616,617,618,619,620,621,622,623,624,625,626,627,628,629,630,631,632,633,634,635,636,637,638,639,640,641,642,643,644,645,646,647,648,649,650,651,652,653,654,655,656,657,658,659,660,661,662,663,664,665,666,667,668,669,670,671,672,673,674,675,676,677,678,679,680,681,682,683,684,685,686,687,688,689,690,691,692,693,694,695,696,697,698,699,700,701,702,703,704,705,706,707,708,709,710,711,712,713,714,715,716,717,718,719,720,721,722,723,724,725,726,727,728,729,730,731,732,733,734,735,736,737,738,739,740,741,742,743,744,745,746,747,748,749,750,751,752,753,754,755,756,757,758,759,760,761,762,763,764,765,766,767,768,769,770,771,772,773,774,775,776,777,778,779,780,781,782,783,784,785,786,787,788,789,790,791,792,793,794,795,796,797,798,799,800,801,802,803,804,805,806,807,808,809,810,811,812,813,814,815,816,817,818,819,820,821,822,823,824,825,826,827,828,829,830,831,832,833,834,835,836,837,838,839,840,841,842,843,844,845,846,847,848,849,850,851,852,853,854,855,856,857,858,859,860,861,862,863,864,865,866,867,868,869,870,871,872,873,874,875,876,877,878,879,880,881,882,883,884,885,886,887,888,889,890,891,892,893,894,895,896,897,898,899,900,901,902,903,904,905,906,907,908,909,910,911,912,913,914,915,916,917,918,919,920,921,922,923,924,925,926,927,928,929,930,931,932,933,934,935,936,937,938,939,940,941,942,943,944,945,946,947,948,949,950,951,952,953,954,955,956,957,958,959,960,961,962,963,964,965,966,967,968,969,970,971,972,973,974,975,976,977,978,979,980,981,982,983,984,985,986,987,988,989,990,991,992,993,994,995,996,997,998,999,1000,1001,1002,1003,1004,1005,1006,1007,1008,1009,1010,1011,1012,1013,1014,1015,1016,1017,1018,1019,1020,1021,1022,1023,1024,1025,1026,1027,1028,1029,1030,1031,1032,1033,1034,1035,1036,1037,1038,1039,1040,1041,1042,1043,1044,1045,1046,1047,1048,1049,1050,1051,1052,1053,1054,1055,1056,1057,1058,1059,1060,1061,1062,1063,1064,1065,1066,1067,1068,1069,1070,1071,1072,1073,1074,1075,1076,1077,1078,1079,1080,1081,1082,1083,1084,1085,1086,1087,1088,1089,1090,1091,1092,1093,1094,1095,1096,1097,1098,1099,1100,1101,1102,1103,1104,1105,1106,1107,1108,1109,1110,1111,1112,1113,1114,1115,1116,1117,1118,1119,1120,1121,1122,1123,1124,1125,1126,1127,1128,1129,1130,1131,1132,1133,1134,1135,1136,1137,1138,1139,1140,1141,1142,1143,1144,1145,1146,1147,1148,1149,1150,1151,1152,1153,1154,1155,1156,1157,1158,1159,1160,1161,1162,1163,1164,1165,1166,1167,1168,1169,1170,1171,1172,1173,1174,1175,1176,1177,1178,1179,1180,1181,1182,1183,1184,1185,1186,1187,1188,1189,1190,1191,1192,1193,1194,1195,1196,1197,1198,1199,1200,1201,1202,1203,1204,1205,1206,1207,1208,1209,1210,1211,1212,1213,1214,1215,1216,1217,1218,1219,1220,1221,1222,1223,1224,1225,1226,1227,1228,1229,1230,1231,1232,1233,1234,1235,1236,1237,1238,1239,1240,1241,1242,1243,1244,1245,1246,1247,1248,1249,1250,1251,1252,1253,1254,1255,1256,1257,1258,1259,1260,1261,1262,1263,1264,1265,1266,1267,1268,1269,1270,1271,1272,1273,1274,1275,1276,1277,1278,1279,1280,1281,1282,1283,1284,1285,1286,1287,1288,1289,1290,1291,1292,1293,1294,1295,1296,1297,1298,1299,1300,1301,1302,1303,1304,1305,1306,1307,1308,1309,1310,1311,1312,1313,1314,1315,1316,1317,1318,1319,1320,1321,1322,1323,1324,1325,1326,1327,1328,1329,1330,1331,1332,1333,1334,1335,1336,1337,1338,1339,1340,1341,1342,1343,1344,1345,1346,1347,1348,1349,1350,1351,1352,1353,1354,1355,1356,1357,1358,1359,1360,1361,1362,1363,1364,1365,1366,1367,1368,1369,1370,1371,1372,1373,1374,1375,1376,1377,1378,1379,1380,1381,1382,1383,1384,1385,1386,1387,1388,1389,1390,1391,1392,1393,1394,1395,1396,1397,1398,1399,1400,1401,1402,1403,1404,1405,1406,1407,1408,1409,1410,1411,1412,1413,1414,1415,1416,1417,1418,1419,1420,1421,1422,1423,1424,1425,1426,1427,1428,1429,1430,1431,1432,1433,1434,1435,1436,1437,1438,1439,1440,1441,1442,1443,1444,1445,1446,1447,1448,1449,1450,1451,1452,1453,1454,1455,1456,1457,1458,1459,1460,1461,1462,1463,1464,1465,1466,1467,1468,1469,1470,1471,1472,1473,1474,1475,1476,1477,1478,1479,1480,1481,1482,1483,1484,1485,1486,1487,1488,1489,1490,1491,1492,1493,1494,1495,1496,1497,1498,1499,1500,1501,1502,1503,1504,1505,1506,1507,1508,1509,1510,1511,1512,1513,1514,1515,1516,1517,1518,1519,1520,1521,1522,1523,1524,1525,1526,1527,1528,1529,1530,1531,1532,1533,1534,1535,1536,1537,1538,1539,1540,1541,1542,1543,1544,1545,1546,1547,1548,1549,1550,1551,1552,1553,1554,1555,1556,1557,1558,1559,1560,1561,1562,1563,1564,1565,1566,1567,1568,1569,1570,1571,1572,1573,1574,1575,1576,1577,1578,1579,1580,1581,1582,1583,1584,1585,1586,1587,1588,1589,1590,1591,1592,1593,1594,1595,1596,1597,1598,1599,1600,1601,1602,1603,1604,1605,1606,1607,1608,1609,1610,1611,1612,1613,1614,1615,1616,1617,1618,1619,1620,1621,1622,1623,1624,1625,1626,1627,1628,1629,1630,1631,1632,1633,1634,1635,1636,1637,1638,1639,1640,1641,1642,1643,1644,1645,1646,1647,1648,1649,1650,1651,1652,1653,1654,1655,1656,1657,1658,1659,1660,1661,1662,1663,1664,1665,1666,1667,1668,1669,1670,1671,1672,1673,1674,1675,1676,1677,1678,1679,1680,1681,1682,1683,1684,1685,1686,1687,1688,1689,1690,1691,1692,1693,1694,1695,1696,1697,1698,1699,1700,1701,1702,1703,1704,1705,1706,1707,1708,1709,1710,1711,1712,1713,1714,1715,1716,1717,1718,1719,1720,1721,1722,1723,1724,1725,1726,1727,1728,1729,1730,1731,1732,1733,1734,1735,1736,1737,1738,1739,1740,1741,1742,1743,1744,1745,1746,1747,1748,1749,1750,1751,1752,1753,1754,1755,1756,1757,1758,1759,1760,1761,1762,1763,1764,1765,1766,1767,1768,1769,1770,1771,1772,1773,1774,1775,1776,1777,1778,1779,1780,1781,1782,1783,1784,1785,1786,1787,1788,1789,1790,1791,1792,1793,1794,1795,1796,1797,1798,1799,1800,1801,1802,1803,1804,1805,1806,1807,1808,1809,1810,1811,1812,1813,1814,1815,1816,1817,1818,1819,1820,1821,1822,1823,1824,1825,1826,1827,1828,1829,1830,1831,1832,1833,1834,1835,1836,1837,1838,1839,1840,1841,1842,1843,1844,1845,1846,1847,1848,1849,1850,1851,1852,1853,1854,1855,1856,1857,1858,1859,1860,1861,1862,1863,1864,1865,1866,1867,1868,1869,1870,1871,1872,1873,1874,1875,1876,1877,1878,1879,1880,1881,1882,1883,1884,1885,1886,1887,1888,1889,1890,1891,1892,1893,1894,1895,1896,1897,1898,1899,1900,1901,1902,1903,1904,1905,1906,1907,1908,1909,1910,1911,1912,1913,1914,1915,1916,1917,1918,1919,1920,1921,1922,1923,1924,1925,1926,1927,1928,1929,1930,1931,1932,1933,1934,1935,1936,1937,1938,1939,1940,1941,1942,1943,1944,1945,1946,1947,1948,1949,1950,1951,1952,1953,1954,1955,1956,1957,1958,1959,1960,1961,1962,1963,1964,1965,1966,1967,1968,1969,1970,1971,1972,1973,1974,1975,1976,1977,1978,1979,1980,1981,1982,1983,1984,1985,1986,1987,1988,1989,1990,1991,1992,1993,1994,1995,1996,1997,1998,1999,2000,2001,2002,2003,2004,2005,2006,2007,2008,2009,2010,2011,2012,2013,2014,2015,2016,2017,2018,2019,2020,2021,2022,2023,2024,2025,2026,2027,2028,2029,2030,2031,2032,2033,2034,2035,2036,2037,2038,2039,2040,2041,2042,2043,2044,2045,2046,2047,2048,2049,2050,2051,2052,2053,2054,2055,2056,2057,2058,2059,2060,2061,2062,2063,2064,2065,2066,2067,2068,2069,2070,2071,2072,2073,2074,2075,2076,2077,2078,2079,2080,2081,2082,2083,2084,2085,2086,2087,2088,2089,2090,2091,2092,2093,2094,2095,2096,2097,2098,2099,2100,2101,2102,2103,2104,2105,2106,2107,2108,2109,2110,2111,2112,2113,2114,2115,2116,2117,2118,2119,2120,2121,2122,2123,2124,2125,2126,2127,2128,2129,2130,2131,2132,2133,2134,2135,2136,2137,2138,2139,2140,2141,2142,2143,2144,2145,2146,2147,2148,2149,2150,2151,2152,2153,2154,2155,2156,2157,2158,2159,2160,2161,2162,2163,2164,2165,2166,2167,2168,2169,2170,2171,2172,2173,2174,2175,2176,2177,2178,2179,2180,2181,2182,2183,2184,2185,2186,2187,2188,2189,2190,2191,2192,2193,2194,2195,2196,2197,2198,2199,2200,2201,2202,2203,2204,2205,2206,2207,2208,2209,2210,2211,2212,2213,2214,2215,2216,2217,2218,2219,2220,2221,2222,2223,2224,2225,2226,2227,2228,2229,2230,2231,2232,2233,2234,2235,2236,2237,2238,2239,2240,2241,2242,2243,2244,2245,2246,2247,2248,2249,2250,2251,2252,2253,2254,2255,2256,2257,2258,2259,2260,2261,2262,2263,2264,2265,2266,2267,2268,2269,2270,2271,2272,2273,2274,2275,2276,2277,2278,2279,2280,2281,2282,2283,2284,2285,2286,2287,2288,2289,2290,2291,2292,2293,2294,2295,2296,2297,2298,2299,2300,2301,2302,2303,2304,2305,2306,2307,2308,2309,2310,2311,2312,2313,2314,2315,2316,2317,2318,2319,2320,2321,2322,2323,2324,2325,2326,2327,2328,2329,2330,2331,2332,2333,2334,2335,2336,2337,2338,2339,2340,2341,2342,2343,2344,2345,2346,2347,2348,2349,2350,2351,2352,2353,2354,2355,2356,2357,2358,2359,2360,2361,2362,2363,2364,2365,2366,2367,2368,2369,2370,2371,2372,2373,2374,2375,2376,2377,2378,2379,2380,2381,2382,2383,2384,2385,2386,2387,2388,2389,2390,2391,2392,2393,2394,2395,2396,2397,2398,2399,2400,2401,2402,2403,2404,2405,2406,2407,2408,2409,2410,2411,2412,2413,2414,2415,2416,2417,2418,2419,2420,2421,2422,2423,2424,2425,2426,2427,2428,2429,2430,2431,2432,2433,2434,2435,2436,2437,2438,2439,2440,2441,2442,2443,2444,2445,2446,2447,2448,2449,2450,2451,2452,2453,2454,2455,2456,2457,2458,2459,2460,2461,2462,2463,2464,2465,2466,2467,2468,2469,2470,2471,2472,2473,2474,2475,2476,2477,2478,2479,2480,2481,2482,2483,2484,2485,2486,2487,2488,2489,2490,2491,2492,2493,2494,2495,2496,2497,2498,2499,2500,2501,2502,2503,2504,2505,2506,2507,2508,2509,2510,2511,2512,2513,2514,2515,2516,2517,2518,2519,2520,2521,2522,2523,2524,2525,2526,2527,2528,2529,2530,2531,2532,2533,2534,2535,2536,2537,2538,2539,2540,2541,2542,2543,2544,2545,2546,2547,2548,2549,2550,2551,2552,2553,2554,2555,2556,2557,2558,2559,2560,2561,2562,2563,2564,2565,2566,2567,2568,2569,2570,2571,2572,2573,2574,2575,2576,2577,2578,2579,2580,2581,2582,2583,2584,2585,2586,2587,2588,2589,2590,2591,2592,2593,2594,2595,2596,2597,2598,2599,2600,2601,2602,2603,2604,2605,2606,2607,2608,2609,2610,2611,2612,2613,2614,2615,2616,2617,2618,2619,2620,2621,2622,2623,2624,2625,2626,2627,2628,2629,2630,2631,2632,2633,2634,2635,2636,2637,2638,2639,2640,2641,2642,2643,2644,2645,2646,2647,2648,2649,2650,2651,2652,2653,2654,2655,2656,2657,2658,2659,2660,2661,2662,2663,2664,2665,2666,2667,2668,2669,2670,2671,2672,2673,2674,2675,2676,2677,2678,2679,2680,2681,2682,2683,2684,2685,2686,2687,2688,2689,2690,2691,2692,2693,2694,2695,2696,2697,2698,2699,2700,2701,2702,2703,2704,2705,2706,2707,2708,2709,2710,2711,2712,2713,2714,2715,2716,2717,2718,2719,2720,2721,2722,2723,2724,2725,2726,2727,2728,2729,2730,2731,2732,2733,2734,2735,2736,2737,2738,2739,2740,2741,2742,2743,2744,2745,2746,2747,2748,2749,2750,2751,2752,2753,2754,2755,2756,2757,2758,2759,2760,2761,2762,2763,2764,2765,2766,2767,2768,2769,2770,2771,2772,2773,2774,2775,2776,2777,2778,2779,2780,2781,2782,2783,2784,2785,2786,2787,2788,2789,2790,2791,2792,2793,2794,2795,2796,2797,2798,2799,2800,2801,2802,2803,2804,2805,2806,2807,2808,2809,2810,2811,2812,2813,2814,2815,2816,2817,2818,2819,2820,2821,2822,2823,2824,2825,2826,2827,2828,2829,2830,2831,2832,2833,2834,2835,2836,2837,2838,2839,2840,2841,2842,2843,2844,2845,2846,2847,2848,2849,2850,2851,2852,2853,2854,2855,2856,2857,2858,2859,2860,2861,2862,2863,2864,2865,2866,2867,2868,2869,2870,2871,2872,2873,2874,2875,2876,2877,2878,2879,2880,2881,2882,2883,2884,2885,2886,2887,2888,2889,2890,2891,2892,2893,2894,2895,2896,2897,2898,2899,2900,2901,2902,2903,2904,2905,2906,2907,2908,2909,2910,2911,2912,2913,2914,2915,2916,2917,2918,2919,2920,2921,2922,2923,2924,2925,2926,2927,2928,2929,2930,2931,2932,2933,2934,2935,2936,2937,2938,2939,2940,2941,2942,2943,2944,2945,2946,2947,2948,2949,2950,2951,2952,2953,2954,2955,2956,2957,2958,2959,2960,2961,2962,2963,2964,2965,2966,2967,2968,2969,2970,2971,2972,2973,2974,2975,2976,2977,2978,2979,2980,2981,2982,2983,2984,2985,2986,2987,2988,2989,2990,2991,2992,2993,2994,2995,2996,2997,2998,2999,3000,3001,3002,3003,3004,3005,3006,3007,3008,3009,3010,3011,3012,3013,3014,3015,3016,3017,3018,3019,3020,3021,3022,3023,3024,3025,3026,3027,3028,3029,3030,3031,3032,3033,3034,3035,3036,3037,3038,3039,3040,3041,3042,3043,3044,3045,3046,3047,3048,3049,3050,3051,3052,3053,3054,3055,3056,3057,3058,3059,3060,3061,3062,3063,3064,3065,3066,3067,3068,3069,3070,3071,3072,3073,3074,3075,3076,3077,3078,3079,3080,3081,3082,3083,3084,3085,3086,3087,3088,3089,3090,3091,3092,3093,3094,3095,3096,3097,3098,3099,3100,3101,3102,3103,3104,3105,3106,3107,3108,3109,3110,3111,3112,3113,3114,3115,3116,3117,3118,3119,3120,3121,3122,3123,3124,3125,3126,3127,3128,3129,3130,3131,3132,3133,3134,3135,3136,3137,3138,3139,3140,3141,3142,3143,3144,3145,3146,3147,3148,3149,3150,3151,3152,3153,3154,3155,3156,3157,3158,3159,3160,3161,3162,3163,3164,3165,3166,3167,3168,3169,3170,3171,3172,3173,3174,3175,3176,3177,3178,3179,3180,3181,3182,3183,3184,3185,3186,3187,3188,3189,3190,3191,3192,3193,3194,3195,3196,3197,3198,3199,3200,3201,3202,3203,3204,3205,3206,3207,3208,3209,3210,3211,3212,3213,3214,3215,3216,3217,3218,3219,3220,3221,3222,3223,3224,3225,3226,3227,3228,3229,3230,3231,3232,3233,3234,3235,3236,3237,3238,3239,3240,3241,3242,3243,3244,3245,3246,3247,3248,3249,3250,3251,3252,3253,3254,3255,3256,3257,3258,3259,3260,3261,3262,3263,3264,3265,3266,3267,3268,3269,3270,3271,3272,3273,3274,3275,3276,3277,3278,3279,3280,3281,3282,3283,3284,3285,3286,3287,3288,3289,3290,3291,3292,3293,3294,3295,3296,3297,3298,3299,3300,3301,3302,3303,3304,3305,3306,3307,3308,3309,3310,3311,3312,3313,3314,3315,3316,3317,3318,3319,3320,3321,3322,3323,3324,3325,3326,3327,3328,3329,3330,3331,3332,3333,3334,3335,3336,3337,3338,3339,3340,3341,3342,3343,3344,3345,3346,3347,3348,3349,3350,3351,3352,3353,3354,3355,3356,3357,3358,3359,3360,3361,3362,3363,3364,3365,3366,3367,3368,3369,3370,3371,3372,3373,3374,3375,3376,3377,3378,3379,3380,3381,3382,3383,3384,3385,3386,3387,3388,3389,3390,3391,3392,3393,3394,3395,3396,3397,3398,3399,3400,3401,3402,3403,3404,3405,3406,3407,3408,3409,3410,3411,3412,3413,3414,3415,3416,3417,3418,3419,3420,3421,3422,3423,3424,3425,3426,3427,3428,3429,3430,3431,3432,3433,3434,3435,3436,3437,3438,3439,3440,3441,3442,3443,3444,3445,3446,3447,3448,3449,3450,3451,3452,3453,3454,3455,3456,3457,3458,3459,3460,3461,3462,3463,3464,3465,3466,3467,3468,3469,3470,3471,3472,3473,3474,3475,3476,3477,3478,3479,3480,3481,3482,3483,3484,3485,3486,3487,3488,3489,3490,3491,3492,3493,3494,3495,3496,3497,3498,3499,3500,3501,3502,3503,3504,3505,3506,3507,3508,3509,3510,3511,3512,3513,3514,3515,3516,3517,3518,3519,3520,3521,3522,3523,3524,3525,3526,3527,3528,3529,3530,3531,3532,3533,3534,3535,3536,3537,3538,3539,3540,3541,3542,3543,3544,3545,3546,3547,3548,3549,3550,3551,3552,3553,3554,3555,3556,3557,3558,3559,3560,3561,3562,3563,3564,3565,3566,3567,3568,3569,3570,3571,3572,3573,3574,3575,3576,3577,3578,3579,3580,3581,3582,3583,3584,3585,3586,3587,3588,3589,3590,3591,3592,3593,3594,3595,3596,3597,3598,3599,3600,3601,3602,3603,3604,3605,3606,3607,3608,3609,3610,3611,3612,3613,3614,3615,3616,3617,3618,3619,3620,3621,3622,3623,3624,3625,3626,3627,3628,3629,3630,3631,3632,3633,3634,3635,3636,3637,3638,3639,3640,3641,3642,3643,3644,3645,3646,3647,3648,3649,3650,3651,3652,3653,3654,3655,3656,3657,3658,3659,3660,3661,3662,3663,3664,3665,3666,3667,3668,3669,3670,3671,3672,3673,3674,3675,3676,3677,3678,3679,3680,3681,3682,3683,3684,3685,3686,3687,3688,3689,3690,3691,3692,3693,3694,3695,3696,3697,3698,3699,3700,3701,3702,3703,3704,3705,3706,3707,3708,3709,3710,3711,3712,3713,3714,3715,3716,3717,3718,3719,3720,3721,3722,3723,3724,3725,3726,3727,3728,3729,3730,3731,3732,3733,3734,3735,3736,3737,3738,3739,3740,3741,3742,3743,3744,3745,3746,3747,3748,3749,3750,3751,3752,3753,3754,3755,3756,3757,3758,3759,3760,3761,3762,3763,3764,3765,3766,3767,3768,3769,3770,3771,3772,3773,3774,3775,3776,3777,3778,3779,3780,3781,3782,3783,3784,3785,3786,3787,3788,3789,3790,3791,3792,3793,3794,3795,3796,3797,3798,3799,3800,3801,3802,3803,3804,3805,3806,3807,3808,3809,3810,3811,3812,3813,3814,3815,3816,3817,3818,3819,3820,3821,3822,3823,3824,3825,3826,3827,3828,3829,3830,3831,3832,3833,3834,3835,3836,3837,3838,3839,3840,3841,3842,3843,3844,3845,3846,3847,3848,3849,3850,3851,3852,3853,3854,3855,3856,3857,3858,3859,3860,3861,3862,3863,3864,3865,3866,3867,3868,3869,3870,3871,3872,3873,3874,3875,3876,3877,3878,3879,3880,3881,3882,3883,3884,3885,3886,3887,3888,3889,3890,3891,3892,3893,3894,3895,3896,3897,3898,3899,3900,3901,3902,3903,3904,3905,3906,3907,3908,3909,3910,3911,3912,3913,3914,3915,3916,3917,3918,3919,3920,3921,3922,3923,3924,3925,3926,3927,3928,3929,3930,3931,3932,3933,3934,3935,3936,3937,3938,3939,3940,3941,3942,3943,3944,3945,3946,3947,3948,3949,3950,3951,3952,3953,3954,3955,3956,3957,3958,3959,3960,3961,3962,3963,3964,3965,3966,3967,3968,3969,3970,3971,3972,3973,3974,3975,3976,3977,3978,3979,3980,3981,3982,3983,3984,3985,3986,3987,3988,3989,3990,3991,3992,3993,3994,3995,3996,3997,3998,3999,4000,4001,4002,4003,4004,4005,4006,4007,4008,4009,4010,4011,4012,4013,4014,4015,4016,4017,4018,4019,4020,4021,4022,4023,4024,4025,4026,4027,4028,4029,4030,4031,4032,4033,4034,4035,4036,4037,4038,4039,4040,4041,4042,4043,4044,4045,4046,4047,4048,4049,4050,4051,4052,4053,4054,4055,4056,4057,4058,4059,4060,4061,4062,4063,4064,4065,4066,4067,4068,4069,4070,4071,4072,4073,4074,4075,4076,4077,4078,4079,4080,4081,4082,4083,4084,4085,4086,4087,4088,4089,4090,4091,4092,4093,4094,4095,4096,4097,4098,4099,4100,4101,4102,4103,4104,4105,4106,4107,4108,4109,4110,4111,4112,4113,4114,4115,4116,4117,4118,4119,4120,4121,4122,4123,4124,4125,4126,4127,4128,4129,4130,4131,4132,4133,4134,4135,4136,4137,4138,4139,4140,4141,4142,4143,4144,4145,4146,4147,4148,4149,4150,4151,4152,4153,4154,4155,4156,4157,4158,4159,4160,4161,4162,4163,4164,4165,4166,4167,4168,4169,4170,4171,4172,4173,4174,4175,4176,4177,4178,4179,4180,4181,4182,4183,4184,4185,4186,4187,4188,4189,4190,4191,4192,4193,4194,4195,4196,4197,4198,4199,4200,4201,4202,4203,4204,4205,4206,4207,4208,4209,4210,4211,4212,4213,4214,4215,4216,4217,4218,4219,4220,4221,4222,4223,4224,4225,4226,4227,4228,4229,4230,4231,4232,4233,4234,4235,4236,4237,4238,4239,4240,4241,4242,4243,4244,4245,4246,4247,4248,4249,4250,4251,4252,4253,4254,4255,4256,4257,4258,4259,4260,4261,4262,4263,4264,4265,4266,4267,4268,4269,4270,4271,4272,4273,4274,4275,4276,4277,4278,4279,4280,4281,4282,4283,4284,4285,4286,4287,4288,4289,4290,4291,4292,4293,4294,4295,4296,4297,4298,4299,4300,4301,4302,4303,4304,4305,4306,4307,4308,4309,4310,4311,4312,4313,4314,4315,4316,4317,4318,4319,4320,4321,4322,4323,4324,4325,4326,4327,4328,4329,4330,4331,4332,4333,4334,4335,4336,4337,4338,4339,4340,4341,4342,4343,4344,4345,4346,4347,4348,4349,4350,4351,4352,4353,4354,4355,4356,4357,4358,4359,4360,4361,4362,4363,4364,4365,4366,4367,4368,4369,4370,4371,4372,4373,4374,4375,4376,4377,4378,4379,4380,4381,4382,4383,4384,4385,4386,4387,4388,4389,4390,4391,4392,4393,4394,4395,4396,4397,4398,4399,4400,4401,4402,4403,4404,4405,4406,4407,4408,4409,4410,4411,4412,4413,4414,4415,4416,4417,4418,4419,4420,4421,4422,4423,4424,4425,4426,4427,4428,4429,4430,4431,4432,4433,4434,4435,4436,4437,4438,4439,4440,4441,4442,4443,4444,4445,4446,4447,4448,4449,4450,4451,4452,4453,4454,4455,4456,4457,4458,4459,4460,4461,4462,4463,4464,4465,4466,4467,4468,4469,4470,4471,4472,4473,4474,4475,4476,4477,4478,4479,4480,4481,4482,4483,4484,4485,4486,4487,4488,4489,4490,4491,4492,4493,4494,4495,4496,4497,4498,4499,4500,4501,4502,4503,4504,4505,4506,4507,4508,4509,4510,4511,4512,4513,4514,4515,4516,4517,4518,4519,4520,4521,4522,4523,4524,4525,4526,4527,4528,4529,4530,4531,4532,4533,4534,4535,4536,4537,4538,4539,4540,4541,4542,4543,4544,4545,4546,4547,4548,4549,4550,4551,4552,4553,4554,4555,4556,4557,4558,4559,4560,4561,4562,4563,4564,4565,4566,4567,4568,4569,4570,4571,4572,4573,4574,4575,4576,4577,4578,4579,4580,4581,4582,4583,4584,4585,4586,4587,4588,4589,4590,4591,4592,4593,4594,4595,4596,4597,4598,4599,4600,4601,4602,4603,4604,4605,4606,4607,4608,4609,4610,4611,4612,4613,4614,4615,4616,4617,4618,4619,4620,4621,4622,4623,4624,4625,4626,4627,4628,4629,4630,4631,4632,4633,4634,4635,4636,4637,4638,4639,4640,4641,4642,4643,4644,4645,4646,4647,4648,4649,4650,4651,4652,4653,4654,4655,4656,4657,4658,4659,4660,4661,4662,4663,4664,4665,4666,4667,4668,4669,4670,4671,4672,4673,4674,4675,4676,4677,4678,4679,4680,4681,4682,4683,4684,4685,4686,4687,4688,4689,4690,4691,4692,4693,4694,4695,4696,4697,4698,4699,4700,4701,4702,4703,4704,4705,4706,4707,4708,4709,4710,4711,4712,4713,4714,4715,4716,4717,4718,4719,4720,4721,4722,4723,4724,4725,4726,4727,4728,4729,4730,4731,4732,4733,4734,4735,4736,4737,4738,4739,4740,4741,4742,4743,4744,4745,4746,4747,4748,4749,4750,4751,4752,4753,4754,4755,4756,4757,4758,4759,4760,4761,4762,4763,4764,4765,4766,4767,4768,4769,4770,4771,4772,4773,4774,4775,4776,4777,4778,4779,4780,4781,4782,4783,4784,4785,4786,4787,4788,4789,4790,4791,4792,4793,4794,4795,4796,4797,4798,4799,4800,4801,4802,4803,4804,4805,4806,4807,4808,4809,4810,4811,4812,4813,4814,4815,4816,4817,4818,4819,4820,4821,4822,4823,4824,4825,4826,4827,4828,4829,4830,4831,4832,4833,4834,4835,4836,4837,4838,4839,4840,4841,4842,4843,4844,4845,4846,4847,4848,4849,4850,4851,4852,4853,4854,4855,4856,4857,4858,4859,4860,4861,4862,4863,4864,4865,4866,4867,4868,4869,4870,4871,4872,4873,4874,4875,4876,4877,4878,4879,4880,4881,4882,4883,4884,4885,4886,4887,4888,4889,4890,4891,4892,4893,4894,4895,4896,4897,4898,4899,4900,4901,4902,4903,4904,4905,4906,4907,4908,4909,4910,4911,4912,4913,4914,4915,4916,4917,4918,4919,4920,4921,4922,4923,4924,4925,4926,4927,4928,4929,4930,4931,4932,4933,4934,4935,4936,4937,4938,4939,4940,4941,4942,4943,4944,4945,4946,4947,4948,4949,4950,4951,4952,4953,4954,4955,4956,4957,4958,4959,4960,4961,4962,4963,4964,4965,4966,4967,4968,4969,4970,4971,4972,4973,4974,4975,4976,4977,4978,4979,4980,4981,4982,4983,4984,4985,4986,4987,4988,4989,4990,4991,4992,4993,4994,4995,4996,4997,4998,4999,5000,5001,5002,5003,5004,5005,5006,5007,5008,5009,5010,5011,5012,5013,5014,5015,5016,5017,5018,5019,5020,5021,5022,5023,5024,5025,5026,5027,5028,5029,5030,5031,5032,5033,5034,5035,5036,5037,5038,5039,5040,5041,5042,5043,5044,5045,5046,5047,5048,5049,5050,5051,5052,5053,5054,5055,5056,5057,5058,5059,5060,5061,5062,5063,5064,5065,5066,5067,5068,5069,5070,5071,5072,5073,5074,5075,5076,5077,5078,5079,5080,5081,5082,5083,5084,5085,5086,5087,5088,5089,5090,5091,5092,5093,5094,5095,5096,5097,5098,5099,5100,5101,5102,5103,5104,5105,5106,5107,5108,5109,5110,5111,5112,5113,5114,5115,5116,5117,5118,5119,5120,5121,5122,5123,5124,5125,5126,5127,5128,5129,5130,5131,5132,5133,5134,5135,5136,5137,5138,5139,5140,5141,5142,5143,5144,5145,5146,5147,5148,5149,5150,5151,5152,5153,5154,5155,5156,5157,5158,5159,5160,5161,5162,5163,5164,5165,5166,5167,5168,5169,5170,5171,5172,5173,5174,5175,5176,5177,5178,5179,5180,5181,5182,5183,5184,5185,5186,5187,5188,5189,5190,5191,5192,5193,5194,5195,5196,5197,5198,5199,5200,5201,5202,5203,5204,5205,5206,5207,5208,5209,5210,5211,5212,5213,5214,5215,5216,5217,5218,5219,5220,5221,5222,5223,5224,5225,5226,5227,5228,5229,5230,5231,5232,5233,5234,5235,5236,5237,5238,5239,5240,5241,5242,5243,5244,5245,5246,5247,5248,5249,5250,5251,5252,5253,5254,5255,5256,5257,5258,5259,5260,5261,5262,5263,5264,5265,5266,5267,5268,5269,5270,5271,5272,5273,5274,5275,5276,5277,5278,5279,5280,5281,5282,5283,5284,5285,5286,5287,5288,5289,5290,5291,5292,5293,5294,5295,5296,5297,5298,5299,5300,5301,5302,5303,5304,5305,5306,5307,5308,5309,5310,5311,5312,5313,5314,5315,5316,5317,5318,5319,5320,5321,5322,5323,5324,5325,5326,5327,5328,5329,5330,5331,5332,5333,5334,5335,5336,5337,5338,5339,5340,5341,5342,5343,5344,5345,5346,5347,5348,5349,5350,5351,5352,5353,5354,5355,5356,5357,5358,5359,5360,5361,5362,5363,5364,5365,5366,5367,5368,5369,5370,5371,5372,5373,5374,5375,5376,5377,5378,5379,5380,5381,5382,5383,5384,5385,5386,5387,5388,5389,5390,5391,5392,5393,5394,5395,5396,5397,5398,5399,5400,5401,5402,5403,5404,5405,5406,5407,5408,5409,5410,5411,5412,5413,5414,5415,5416,5417,5418,5419,5420,5421,5422,5423,5424,5425,5426,5427,5428,5429,5430,5431,5432,5433,5434,5435,5436,5437,5438,5439,5440,5441,5442,5443,5444,5445,5446,5447,5448,5449,5450,5451,5452,5453,5454,5455,5456,5457,5458,5459,5460,5461,5462,5463,5464,5465,5466,5467,5468,5469,5470,5471,5472,5473,5474,5475,5476,5477,5478,5479,5480,5481,5482,5483,5484,5485,5486,5487,5488,5489,5490,5491,5492,5493,5494,5495,5496,5497,5498,5499,5500,5501,5502,5503,5504,5505,5506,5507,5508,5509,5510,5511,5512,5513,5514,5515,5516,5517,5518,5519,5520,5521,5522,5523,5524,5525,5526,5527,5528,5529,5530,5531,5532,5533,5534,5535,5536,5537,5538,5539,5540,5541,5542,5543,5544,5545,5546,5547,5548,5549,5550,5551,5552,5553,5554,5555,5556,5557,5558,5559,5560,5561,5562,5563,5564,5565,5566,5567,5568,5569,5570,5571,5572,5573,5574,5575,5576,5577,5578,5579,5580,5581,5582,5583,5584,5585,5586,5587,5588,5589,5590,5591,5592,5593,5594,5595,5596,5597,5598,5599,5600,5601,5602,5603,5604,5605,5606,5607,5608,5609,5610,5611,5612,5613,5614,5615,5616,5617,5618,5619,5620,5621,5622,5623,5624,5625,5626,5627,5628,5629,5630,5631,5632,5633,5634,5635,5636,5637,5638,5639,5640,5641,5642,5643,5644,5645,5646,5647,5648,5649,5650,5651,5652,5653,5654,5655,5656,5657,5658,5659,5660,5661,5662,5663,5664,5665,5666,5667,5668,5669,5670,5671,5672,5673,5674,5675,5676,5677,5678,5679,5680,5681,5682,5683,5684,5685,5686,5687,5688,5689,5690,5691,5692,5693,5694,5695,5696,5697,5698,5699,5700,5701,5702,5703,5704,5705,5706,5707,5708,5709,5710,5711,5712,5713,5714,5715,5716,5717,5718,5719,5720,5721,5722,5723,5724,5725,5726,5727,5728,5729,5730,5731,5732,5733,5734,5735,5736,5737,5738,5739,5740,5741,5742,5743,5744,5745,5746,5747,5748,5749,5750,5751,5752,5753,5754,5755,5756,5757,5758,5759,5760,5761,5762,5763,5764,5765,5766,5767,5768,5769,5770,5771,5772,5773,5774,5775,5776,5777,5778,5779,5780,5781,5782,5783,5784,5785,5786,5787,5788,5789,5790,5791,5792,5793,5794,5795,5796,5797,5798,5799,5800,5801,5802,5803,5804,5805,5806,5807,5808,5809,5810,5811,5812,5813,5814,5815,5816,5817,5818,5819,5820,5821,5822,5823,5824,5825,5826,5827,5828,5829,5830,5831,5832,5833,5834,5835,5836,5837,5838,5839,5840,5841,5842,5843,5844,5845,5846,5847,5848,5849,5850,5851,5852,5853,5854,5855,5856,5857,5858,5859,5860,5861,5862,5863,5864,5865,5866,5867,5868,5869,5870,5871,5872,5873,5874,5875,5876,5877,5878,5879,5880,5881,5882,5883,5884,5885,5886,5887,5888,5889,5890,5891,5892,5893,5894,5895,5896,5897,5898,5899,5900,5901,5902,5903,5904,5905,5906,5907,5908,5909,5910,5911,5912,5913,5914,5915,5916,5917,5918,5919,5920,5921,5922,5923,5924,5925,5926,5927,5928,5929,5930,5931,5932,5933,5934,5935,5936,5937,5938,5939,5940,5941,5942,5943,5944,5945,5946,5947,5948,5949,5950,5951,5952,5953,5954,5955,5956,5957,5958,5959,5960,5961,5962,5963,5964,5965,5966,5967,5968,5969,5970,5971,5972,5973,5974,5975,5976,5977,5978,5979,5980,5981,5982,5983,5984,5985,5986,5987,5988,5989,5990,5991,5992,5993,5994,5995,5996,5997,5998,5999,6000,6001,6002,6003,6004,6005,6006,6007,6008,6009,6010,6011,6012,6013,6014,6015,6016,6017,6018,6019,6020,6021,6022,6023,6024,6025,6026,6027,6028,6029,6030,6031,6032,6033,6034,6035,6036,6037,6038,6039,6040,6041,6042,6043,6044,6045,6046,6047,6048,6049,6050,6051,6052,6053,6054,6055,6056,6057,6058,6059,6060,6061,6062,6063,6064,6065,6066,6067,6068,6069,6070,6071,6072,6073,6074,6075,6076,6077,6078,6079,6080,6081,6082,6083,6084,6085,6086,6087,6088,6089,6090,6091,6092,6093,6094,6095,6096,6097,6098,6099,6100,6101,6102,6103,6104,6105,6106,6107,6108,6109,6110,6111,6112,6113,6114,6115,6116,6117,6118,6119,6120,6121,6122,6123,6124,6125,6126,6127,6128,6129,6130,6131,6132,6133,6134,6135,6136,6137,6138,6139,6140,6141,6142,6143,6144,6145,6146,6147,6148,6149,6150,6151,6152,6153,6154,6155,6156,6157,6158,6159,6160,6161,6162,6163,6164,6165,6166,6167,6168,6169,6170,6171,6172,6173,6174,6175,6176,6177,6178,6179,6180,6181,6182,6183,6184,6185,6186,6187,6188,6189,6190,6191,6192,6193,6194,6195,6196,6197,6198,6199,6200,6201,6202,6203,6204,6205,6206,6207,6208,6209,6210,6211,6212,6213,6214,6215,6216,6217,6218,6219,6220,6221,6222,6223,6224,6225,6226,6227,6228,6229,6230,6231,6232,6233,6234,6235,6236,6237,6238,6239,6240,6241,6242,6243,6244,6245,6246,6247,6248,6249,6250,6251,6252,6253,6254,6255,6256,6257,6258,6259,6260,6261,6262,6263,6264,6265,6266,6267,6268,6269,6270,6271,6272,6273,6274,6275,6276,6277,6278,6279,6280,6281,6282,6283,6284,6285,6286,6287,6288,6289,6290,6291,6292,6293,6294,6295,6296,6297,6298,6299,6300,6301,6302,6303,6304,6305,6306,6307,6308,6309,6310,6311,6312,6313,6314,6315,6316,6317,6318,6319,6320,6321,6322,6323,6324,6325,6326,6327,6328,6329,6330,6331,6332,6333,6334,6335,6336,6337,6338,6339,6340,6341,6342,6343,6344,6345,6346,6347,6348,6349,6350,6351,6352,6353,6354,6355,6356,6357,6358,6359,6360,6361,6362,6363,6364,6365,6366,6367,6368,6369,6370,6371,6372,6373,6374,6375,6376,6377,6378,6379,6380,6381,6382,6383,6384,6385,6386,6387,6388,6389,6390,6391,6392,6393,6394,6395,6396,6397,6398,6399,6400,6401,6402,6403,6404,6405,6406,6407,6408,6409,6410,6411,6412,6413,6414,6415,6416,6417,6418,6419,6420,6421,6422,6423,6424,6425,6426,6427,6428,6429,6430,6431,6432,6433,6434,6435,6436,6437,6438,6439,6440,6441,6442,6443,6444,6445,6446,6447,6448,6449,6450,6451,6452,6453,6454,6455,6456,6457,6458,6459,6460,6461,6462,6463,6464,6465,6466,6467,6468,6469,6470,6471,6472,6473,6474,6475,6476,6477,6478,6479,6480,6481,6482,6483,6484,6485,6486,6487,6488,6489,6490,6491,6492,6493,6494,6495,6496,6497,6498,6499,6500,6501,6502,6503,6504,6505,6506,6507,6508,6509,6510,6511,6512,6513,6514,6515,6516,6517,6518,6519,6520,6521,6522,6523,6524,6525,6526,6527,6528,6529,6530,6531,6532,6533,6534,6535,6536,6537,6538,6539,6540,6541,6542,6543,6544,6545,6546,6547,6548,6549,6550,6551,6552,6553,6554,6555,6556,6557,6558,6559,6560,6561,6562,6563,6564,6565,6566,6567,6568,6569,6570,6571,6572,6573,6574,6575,6576,6577,6578,6579,6580,6581,6582,6583,6584,6585,6586,6587,6588,6589,6590,6591,6592,6593,6594,6595,6596,6597,6598,6599,6600,6601,6602,6603,6604,6605,6606,6607,6608,6609,6610,6611,6612,6613,6614,6615,6616,6617,6618,6619,6620,6621,6622,6623,6624,6625,6626,6627,6628,6629,6630,6631,6632,6633,6634,6635,6636,6637,6638,6639,6640,6641,6642,6643,6644,6645,6646,6647,6648,6649,6650,6651,6652,6653,6654,6655,6656,6657,6658,6659,6660,6661,6662,6663,6664,6665,6666,6667,6668,6669,6670,6671,6672,6673,6674,6675,6676,6677,6678,6679,6680,6681,6682,6683,6684,6685,6686,6687,6688,6689,6690,6691,6692,6693,6694,6695,6696,6697,6698,6699,6700,6701,6702,6703,6704,6705,6706,6707,6708,6709,6710,6711,6712,6713,6714,6715,6716,6717,6718,6719,6720,6721,6722,6723,6724,6725,6726,6727,6728,6729,6730,6731,6732,6733,6734,6735,6736,6737,6738,6739,6740,6741,6742,6743,6744,6745,6746,6747,6748,6749,6750,6751,6752,6753,6754,6755,6756,6757,6758,6759,6760,6761,6762,6763,6764,6765,6766,6767,6768,6769,6770,6771,6772,6773,6774,6775,6776,6777,6778,6779,6780,6781,6782,6783,6784,6785,6786,6787,6788,6789,6790,6791,6792,6793,6794,6795,6796,6797,6798,6799,6800,6801,6802,6803,6804,6805,6806,6807,6808,6809,6810,6811,6812,6813,6814,6815,6816,6817,6818,6819,6820,6821,6822,6823,6824,6825,6826,6827,6828,6829,6830,6831,6832,6833,6834,6835,6836,6837,6838,6839,6840,6841,6842,6843,6844,6845,6846,6847,6848,6849,6850,6851,6852,6853,6854,6855,6856,6857,6858,6859,6860,6861,6862,6863,6864,6865,6866,6867,6868,6869,6870,6871,6872,6873,6874,6875,6876,6877,6878,6879,6880,6881,6882,6883,6884,6885,6886,6887,6888,6889,6890,6891,6892,6893,6894,6895,6896,6897,6898,6899,6900,6901,6902,6903,6904,6905,6906,6907,6908,6909,6910,6911,6912,6913,6914,6915,6916,6917,6918,6919,6920,6921,6922,6923,6924,6925,6926,6927,6928,6929,6930,6931,6932,6933,6934,6935,6936,6937,6938,6939,6940,6941,6942,6943,6944,6945,6946,6947,6948,6949,6950,6951,6952,6953,6954,6955,6956,6957,6958,6959,6960,6961,6962,6963,6964,6965,6966,6967,6968,6969,6970,6971,6972,6973,6974,6975,6976,6977,6978,6979,6980,6981,6982,6983,6984,6985,6986,6987,6988,6989,6990,6991,6992,6993,6994,6995,6996,6997,6998,6999,7000
0,0.1280182607094969,0.1280182607094969,0.1280182607094969,0.1280182607094969,0.1280182607094969,0.1280182607094969,0.1280182607094969,0.1280182607094969,0.1280182607094969,0.1280182607094969,0.1280182607094969,0.1280182607094969,0.1280182607094969,0.1280182607094969,0.1280182607094969,0.1280182607094969,0.1280182607094969,0.1280182607094969,0.1280182607094969,0.1280182607094969,0.1280182607094969,0.1280182607094969,0.1280182607094969,0.1280182607094969,0.1280182607094969,0.1280182607094969,0.1280182607094969,0.1280182607094969,0.1280182607094969,0.1280182607094969,0.1280182607094969,0.1280182607094969,0.1280182607094969,0.1280182607094969,0.1280182607094969,0.1280182607094969,0.1280182607094969,0.1280182607094969,0.1280182607094969,0.1280182607094969,0.1280182607094969,0.1280182607094969,0.1280182607094969,0.1280182607094969,0.1280182607094969,0.1280182607094969,0.1280182607094969,0.1280182607094969,0.1280182607094969,0.1280182607094969,0.1280182607094969,0.1280182607094969,0.1280182607094969,0.1280182607094969,0.1280182607094969,0.1280182607094969,0.1280182607094969,0.1280182607094969,0.1280182607094969,0.1280182607094969,0.1280182607094969,0.1280182607094969,0.1280182607094969,0.1280182607094969,0.1280182607094969,0.1280182607094969,0.1280182607094969,0.1280182607094969,0.1280182607094969,0.1280182607094969,0.1280182607094969,0.1280182607094969,0.1280182607094969,0.1280182607094969,0.1280182607094969,0.1280182607094969,0.1280182607094969,0.1280182607094969,0.1280182607094969,0.1280182607094969,0.1280182607094969,0.1280182607094969,0.1280182607094969,0.1280182607094969,0.1280182607094969,0.1280182607094969,0.1280182607094969,0.1280182607094969,0.1280182607094969,0.1280182607094969,0.1280182607094969,0.1280182607094969,0.1280182607094969,0.1280182607094969,0.1280182607094969,0.1280182607094969,0.1280182607094969,0.1280182607094969,0.1280182607094969,0.1280182607094969,0.1280182607094969,0.1280182607094969,0.1280182607094969,0.1280182607094969,0.1280182607094969,0.1280182607094969,0.1280182607094969,0.1280182607094969,0.1280182607094969,0.1280182607094969,0.1280182607094969,0.1280182607094969,0.1280182607094969,0.1280182607094969,0.1280182607094969,0.1280182607094969,0.1280182607094969,0.1280182607094969,0.1280182607094969,0.1280182607094969,0.1280182607094969,0.1280182607094969,0.1280182607094969,0.1280182607094969,0.1280182607094969,0.1280182607094969,0.1280182607094969,0.1280182607094969,0.1280182607094969,0.1280182607094969,0.1280182607094969,0.1280182607094969,0.1280182607094969,0.1280182607094969,0.1280182607094969,0.1280182607094969,0.1280182607094969,0.1280182607094969,0.1280182607094969,0.1280182607094969,0.1280182607094969,0.1280182607094969,0.1280182607094969,0.1280182607094969,0.1280182607094969,0.1280182607094969,0.1280182607094969,0.1280182607094969,0.1280182607094969,0.1280182607094969,0.1280182607094969,0.1280182607094969,0.1280182607094969,0.1280182607094969,0.1280182607094969,0.1280182607094969,0.1280182607094969,0.1280182607094969,0.1280182607094969,0.1280182607094969,0.1280182607094969,0.1280182607094969,0.1280182607094969,0.1280182607094969,0.1280182607094969,0.1280182607094969,0.1280182607094969,0.1280182607094969,0.1280182607094969,0.1280182607094969,0.1280182607094969,0.1280182607094969,0.1280182607094969,0.1280182607094969,0.1280182607094969,0.1280182607094969,0.1280182607094969,0.1280182607094969,0.1280182607094969,0.1280182607094969,0.1280182607094969,0.1280182607094969,0.1280182607094969,0.1280182607094969,0.1280182607094969,0.1280182607094969,0.1280182607094969,0.1280182607094969,0.1280182607094969,0.1280182607094969,0.1280182607094969,0.1280182607094969,0.1280182607094969,0.1280182607094969,0.1280182607094969,0.1280182607094969,0.1280182607094969,0.1280182607094969,0.1280182607094969,0.1280182607094969,0.1280182607094969,0.1280182607094969,0.1280182607094969,0.1280182607094969,0.1280182607094969,0.1280182607094969,0.1280182607094969,0.1280182607094969,0.1280182607094969,0.1280182607094969,0.1280182607094969,0.1280182607094969,0.1280182607094969,0.1280182607094969,0.1280182607094969,0.1280182607094969,0.1280182607094969,0.1280182607094969,0.1280182607094969,0.1280182607094969,0.1280182607094969,0.1280182607094969,0.1280182607094969,0.1280182607094969,0.1280182607094969,0.1280182607094969,0.1280182607094969,0.1280182607094969,0.1280182607094969,0.1280182607094969,0.1280182607094969,0.1280182607094969,0.1280182607094969,0.1280182607094969,0.1280182607094969,0.1280182607094969,0.1280182607094969,0.1280182607094969,0.1280182607094969,0.1280182607094969,0.1280182607094969,0.1280182607094969,0.1280182607094969,0.1280182607094969,0.1280182607094969,0.1280182607094969,0.1280182607094969,0.1280182607094969,0.1280182607094969,0.1280182607094969,0.1280182607094969,0.1280182607094969,0.1280182607094969,0.1280182607094969,0.1280182607094969,0.1280182607094969,0.1280182607094969,0.1280182607094969,0.1280182607094969,0.1280182607094969,0.1280182607094969,0.1280182607094969,0.1280182607094969,0.1280182607094969,0.1280182607094969,0.1280182607094969,0.1280182607094969,0.1280182607094969,0.1280182607094969,0.1280182607094969,0.1280182607094969,0.1280182607094969,0.1280182607094969,0.1280182607094969,0.1280182607094969,0.1280182607094969,0.1280182607094969,0.1280182607094969,0.1280182607094969,0.1280182607094969,0.1280182607094969,0.1280182607094969,0.1280182607094969,0.1280182607094969,0.1280182607094969,0.1280182607094969,0.1280182607094969,0.1280182607094969,0.1280182607094969,0.1280182607094969,0.1280182607094969,0.1280182607094969,0.1280182607094969,0.1280182607094969,0.1280182607094969,0.1280182607094969,0.1280182607094969,0.1280182607094969,0.1280182607094969,0.1280182607094969,0.1280182607094969,0.1280182607094969,0.1280182607094969,0.1280182607094969,0.1280182607094969,0.1280182607094969,0.1280182607094969,0.1280182607094969,0.1280182607094969,0.1280182607094969,0.1280182607094969,0.1280182607094969,0.1280182607094969,0.1280182607094969,0.1280182607094969,0.1280182607094969,0.1280182607094969,0.1280182607094969,0.1280182607094969,0.1280182607094969,0.1280182607094969,0.1280182607094969,0.1280182607094969,0.1280182607094969,0.1280182607094969,0.1280182607094969,0.1280182607094969,0.1280182607094969,0.1280182607094969,0.1280182607094969,0.1280182607094969,0.1280182607094969,0.1280182607094969,0.1280182607094969,0.1280182607094969,0.1280182607094969,0.1280182607094969,0.1280182607094969,0.1280182607094969,0.1280182607094969,0.1280182607094969,0.1280182607094969,0.1280182607094969,0.1280182607094969,0.1280182607094969,0.1280182607094969,0.1280182607094969,0.1280182607094969,0.1280182607094969,0.1280182607094969,0.1280182607094969,0.1280182607094969,0.1280182607094969,0.1280182607094969,0.1280182607094969,0.1280182607094969,0.1280182607094969,0.1280182607094969,0.1280182607094969,0.1280182607094969,0.1280182607094969,0.1280182607094969,0.1280182607094969,0.1280182607094969,0.1280182607094969,0.1280182607094969,0.1280182607094969,0.1280182607094969,0.1280182607094969,0.1280182607094969,0.1280182607094969,0.1280182607094969,0.1280182607094969,0.1280182607094969,0.1280182607094969,0.1280182607094969,0.1280182607094969,0.1280182607094969,0.1280182607094969,0.1280182607094969,0.1280182607094969,0.1280182607094969,0.1280182607094969,0.1280182607094969,0.1280182607094969,0.1280182607094969,0.1280182607094969,0.1280182607094969,0.1280182607094969,0.1280182607094969,0.1280182607094969,0.1280182607094969,0.1280182607094969,0.1280182607094969,0.1280182607094969,0.1280182607094969,0.1280182607094969,0.1280182607094969,0.1280182607094969,0.1280182607094969,0.1280182607094969,0.1280182607094969,0.1280182607094969,0.1280182607094969,0.1280182607094969,0.1280182607094969,0.1280182607094969,0.1280182607094969,0.1280182607094969,0.1280182607094969,0.1280182607094969,0.1280182607094969,0.1280182607094969,0.1280182607094969,0.1280182607094969,0.1280182607094969,0.1280182607094969,0.1280182607094969,0.1280182607094969,0.1280182607094969,0.1280182607094969,0.1280182607094969,0.1280182607094969,0.1280182607094969,0.1280182607094969,0.1280182607094969,0.1280182607094969,0.1280182607094969,0.1280182607094969,0.1280182607094969,0.1280182607094969,0.1280182607094969,0.1280182607094969,0.1280182607094969,0.1280182607094969,0.1280182607094969,0.1280182607094969,0.1280182607094969,0.1280182607094969,0.1280182607094969,0.1280182607094969,0.1280182607094969,0.1280182607094969,0.1280182607094969,0.1280182607094969,0.1280182607094969,0.1280182607094969,0.1280182607094969,0.1280182607094969,0.1280182607094969,0.1280182607094969,0.1280182607094969,0.1280182607094969,0.1280182607094969,0.1280182607094969,0.1280182607094969,0.1280182607094969,0.1280182607094969,0.1280182607094969,0.1280182607094969,0.1280182607094969,0.1280182607094969,0.1280182607094969,0.1280182607094969,0.1280182607094969,0.1280182607094969,0.1280182607094969,0.1280182607094969,0.1280182607094969,0.1280182607094969,0.1280182607094969,0.1280182607094969,0.1280182607094969,0.1280182607094969,0.1280182607094969,0.1280182607094969,0.1280182607094969,0.1280182607094969,0.1280182607094969,0.1280182607094969,0.1280182607094969,0.1280182607094969,0.1280182607094969,0.1280182607094969,0.1280182607094969,0.1280182607094969,0.1280182607094969,0.1280182607094969,0.1280182607094969,0.1280182607094969,0.1280182607094969,0.1280182607094969,0.1280182607094969,0.1280182607094969,0.1280182607094969,0.1280182607094969,0.1280182607094969,0.1280182607094969,0.1280182607094969,0.1280182607094969,0.1280182607094969,0.1280182607094969,0.1280182607094969,0.1280182607094969,0.1280182607094969,0.1280182607094969,0.1280182607094969,0.1280182607094969,0.1280182607094969,0.1280182607094969,0.1280182607094969,0.1280182607094969,0.1280182607094969,0.1280182607094969,0.1280182607094969,0.1280182607094969,0.1280182607094969,0.1280182607094969,0.1280182607094969,0.1280182607094969,0.1280182607094969,0.1280182607094969,0.1280182607094969,0.1280182607094969,0.1280182607094969,0.1280182607094969,0.1280182607094969,0.1280182607094969,0.1280182607094969,0.1280182607094969,0.1280182607094969,0.1280182607094969,0.1280182607094969,0.1280182607094969,0.1280182607094969,0.1280182607094969,0.1280182607094969,0.1280182607094969,0.1280182607094969,0.1280182607094969,0.1280182607094969,0.1280182607094969,0.1280182607094969,0.1280182607094969,0.1280182607094969,0.1280182607094969,0.1280182607094969,0.1280182607094969,0.1280182607094969,0.1280182607094969,0.1280182607094969,0.1280182607094969,0.1280182607094969,0.1280182607094969,0.1280182607094969,0.1280182607094969,0.1280182607094969,0.1280182607094969,0.1280182607094969,0.1280182607094969,0.1280182607094969,0.1280182607094969,0.1280182607094969,0.1280182607094969,0.1280182607094969,0.1280182607094969,0.1280182607094969,0.1280182607094969,0.1280182607094969,0.1280182607094969,0.1280182607094969,0.1280182607094969,0.1280182607094969,0.1280182607094969,0.1280182607094969,0.1280182607094969,0.1280182607094969,0.1280182607094969,0.1280182607094969,0.1280182607094969,0.1280182607094969,0.1280182607094969,0.1280182607094969,0.1280182607094969,0.1280182607094969,0.1280182607094969,0.1280182607094969,0.1280182607094969,0.1280182607094969,0.1280182607094969,0.1280182607094969,0.1280182607094969,0.1280182607094969,0.1280182607094969,0.1280182607094969,0.1280182607094969,0.1280182607094969,0.1280182607094969,0.1280182607094969,0.1280182607094969,0.1280182607094969,0.1280182607094969,0.1280182607094969,0.1280182607094969,0.1280182607094969,0.1280182607094969,0.1280182607094969,0.1280182607094969,0.1280182607094969,0.1280182607094969,0.1280182607094969,0.1280182607094969,0.1280182607094969,0.1280182607094969,0.1280182607094969,0.1280182607094969,0.1280182607094969,0.1280182607094969,0.1280182607094969,0.1280182607094969,0.1280182607094969,0.1280182607094969,0.1280182607094969,0.1280182607094969,0.1280182607094969,0.1280182607094969,0.1280182607094969,0.1280182607094969,0.1280182607094969,0.1280182607094969,0.1280182607094969,0.1280182607094969,0.1280182607094969,0.1280182607094969,0.1280182607094969,0.1280182607094969,0.1280182607094969,0.1280182607094969,0.1280182607094969,0.1280182607094969,0.1280182607094969,0.1280182607094969,0.1280182607094969,0.1280182607094969,0.1280182607094969,0.1280182607094969,0.1280182607094969,0.1280182607094969,0.1280182607094969,0.1280182607094969,0.1280182607094969,0.1280182607094969,0.1280182607094969,0.1280182607094969,0.1280182607094969,0.1280182607094969,0.1280182607094969,0.1280182607094969,0.1280182607094969,0.1280182607094969,0.1280182607094969,0.1280182607094969,0.1280182607094969,0.1280182607094969,0.1280182607094969,0.1280182607094969,0.1280182607094969,0.1280182607094969,0.1280182607094969,0.1280182607094969,0.1280182607094969,0.1280182607094969,0.1280182607094969,0.1280182607094969,0.1280182607094969,0.1280182607094969,0.1280182607094969,0.1280182607094969,0.1280182607094969,0.1280182607094969,0.1280182607094969,0.1280182607094969,0.1280182607094969,0.1280182607094969,0.1280182607094969,0.1280182607094969,0.1280182607094969,0.1280182607094969,0.1280182607094969,0.1280182607094969,0.1280182607094969,0.1280182607094969,0.1280182607094969,0.1280182607094969,0.1280182607094969,0.1280182607094969,0.1280182607094969,0.1280182607094969,0.1280182607094969,0.1280182607094969,0.1280182607094969,0.1280182607094969,0.1280182607094969,0.1280182607094969,0.1280182607094969,0.1280182607094969,0.1280182607094969,0.1280182607094969,0.1280182607094969,0.1280182607094969,0.1280182607094969,0.1280182607094969,0.1280182607094969,0.1280182607094969,0.1280182607094969,0.1280182607094969,0.1280182607094969,0.1280182607094969,0.1280182607094969,0.1280182607094969,0.1280182607094969,0.1280182607094969,0.1280182607094969,0.1280182607094969,0.1280182607094969,0.1280182607094969,0.1280182607094969,0.1280182607094969,0.1280182607094969,0.1280182607094969,0.1280182607094969,0.1280182607094969,0.1280182607094969,0.1280182607094969,0.1280182607094969,0.1280182607094969,0.1280182607094969,0.1280182607094969,0.1280182607094969,0.1280182607094969,0.1280182607094969,0.1280182607094969,0.1280182607094969,0.1280182607094969,0.1280182607094969,0.1280182607094969,0.1280182607094969,0.1280182607094969,0.1280182607094969,0.1280182607094969,0.1280182607094969,0.1280182607094969,0.1280182607094969,0.1280182607094969,0.1280182607094969,0.1280182607094969,0.1280182607094969,0.1280182607094969,0.1280182607094969,0.1280182607094969,0.1280182607094969,0.1280182607094969,0.1280182607094969,0.1280182607094969,0.1280182607094969,0.1280182607094969,0.1280182607094969,0.1280182607094969,0.1280182607094969,0.1280182607094969,0.1280182607094969,0.1280182607094969,0.1280182607094969,0.1280182607094969,0.1280182607094969,0.1280182607094969,0.1280182607094969,0.1280182607094969,0.1280182607094969,0.1280182607094969,0.1280182607094969,0.1280182607094969,0.1280182607094969,0.1280182607094969,0.1280182607094969,0.1280182607094969,0.1280182607094969,0.1280182607094969,0.1280182607094969,0.1280182607094969,0.1280182607094969,0.1280182607094969,0.1280182607094969,0.1280182607094969,0.1280182607094969,0.1280182607094969,0.1280182607094969,0.1280182607094969,0.1280182607094969,0.1280182607094969,0.1280182607094969,0.1280182607094969,0.1280182607094969,0.1280182607094969,0.1280182607094969,0.1280182607094969,0.1280182607094969,0.1280182607094969,0.1280182607094969,0.1280182607094969,0.1280182607094969,0.1280182607094969,0.1280182607094969,0.1280182607094969,0.1280182607094969,0.1280182607094969,0.1280182607094969,0.1280182607094969,0.1280182607094969,0.1280182607094969,0.1280182607094969,0.1280182607094969,0.1280182607094969,0.1280182607094969,0.1280182607094969,0.1280182607094969,0.1280182607094969,0.1280182607094969,0.1280182607094969,0.1280182607094969,0.1280182607094969,0.1280182607094969,0.1280182607094969,0.1280182607094969,0.1280182607094969,0.1280182607094969,0.1280182607094969,0.1280182607094969,0.1280182607094969,0.1280182607094969,0.1280182607094969,0.1280182607094969,0.1280182607094969,0.1280182607094969,0.1280182607094969,0.1280182607094969,0.1280182607094969,0.1280182607094969,0.1280182607094969,0.1280182607094969,0.1280182607094969,0.1280182607094969,0.1280182607094969,0.1280182607094969,0.1280182607094969,0.1280182607094969,0.1280182607094969,0.1280182607094969,0.1280182607094969,0.1280182607094969,0.1280182607094969,0.1280182607094969,0.1280182607094969,0.1280182607094969,0.1280182607094969,0.1280182607094969,0.1280182607094969,0.1280182607094969,0.1280182607094969,0.1280182607094969,0.1280182607094969,0.1280182607094969,0.1280182607094969,0.1280182607094969,0.1280182607094969,0.1280182607094969,0.1280182607094969,0.1280182607094969,0.1280182607094969,0.1280182607094969,0.1280182607094969,0.1280182607094969,0.1280182607094969,0.1280182607094969,0.1280182607094969,0.1280182607094969,0.1280182607094969,0.1280182607094969,0.1280182607094969,0.1280182607094969,0.1280182607094969,0.1280182607094969,0.1280182607094969,0.1280182607094969,0.1280182607094969,0.1280182607094969,0.1280182607094969,0.1280182607094969,0.1280182607094969,0.1280182607094969,0.1280182607094969,0.1280182607094969,0.1280182607094969,0.1280182607094969,0.1280182607094969,0.1280182607094969,0.1280182607094969,0.1280182607094969,0.1280182607094969,0.1280182607094969,0.1280182607094969,0.1280182607094969,0.1280182607094969,0.1280182607094969,0.1280182607094969,0.1280182607094969,0.1280182607094969,0.1280182607094969,0.1280182607094969,0.1280182607094969,0.1280182607094969,0.1280182607094969,0.1280182607094969,0.1280182607094969,0.1280182607094969,0.1280182607094969,0.1280182607094969,0.1280182607094969,0.1280182607094969,0.1280182607094969,0.1280182607094969,0.1280182607094969,0.1280182607094969,0.1280182607094969,0.1280182607094969,0.1280182607094969,0.1280182607094969,0.1280182607094969,0.1280182607094969,0.1280182607094969,0.1280182607094969,0.1280182607094969,0.1280182607094969,0.1280182607094969,0.1280182607094969,0.1280182607094969,0.1280182607094969,0.1280182607094969,0.1280182607094969,0.1280182607094969,0.1280182607094969,0.1280182607094969,0.1280182607094969,0.1280182607094969,0.1280182607094969,0.1280182607094969,0.1280182607094969,0.1280182607094969,0.1280182607094969,0.1280182607094969,0.1280182607094969,0.1280182607094969,0.1280182607094969,0.1280182607094969,0.1280182607094969,0.1280182607094969,0.1280182607094969,0.1280182607094969,0.1280182607094969,0.1280182607094969,0.1280182607094969,0.1280182607094969,0.1280182607094969,0.1280182607094969,0.1280182607094969,0.1280182607094969,0.1280182607094969,0.1280182607094969,0.1280182607094969,0.1280182607094969,0.1280182607094969,0.1280182607094969,0.1280182607094969,0.1280182607094969,0.1280182607094969,0.1280182607094969,0.1280182607094969,0.1280182607094969,0.1280182607094969,0.1280182607094969,0.1280182607094969,0.1280182607094969,0.1280182607094969,0.1280182607094969,0.1280182607094969,0.1280182607094969,0.1280182607094969,0.1280182607094969,0.1280182607094969,0.1280182607094969,0.12801826070949693,0.1280182607094969,0.1280182607094969,0.12801826070949687,0.1280182607094969,0.12801826070949693,0.1280182607094969,0.12801826070949693,0.12801826070949693,0.12801826070949687,0.1280182607094969,0.12801826070949687,0.1280182607094969,0.12801826070949696,0.12801826070949687,0.12801826070949693,0.12801826070949693,0.1280182607094969,0.1280182607094969,0.12801826070949696,0.12801826070949687,0.12801826070949693,0.12801826070949698,0.12801826070949693,0.12801826070949696,0.1280182607094969,0.12801826070949693,0.12801826070949696,0.12801826070949696,0.12801826070949696,0.128018260709497,0.12801826070949696,0.12801826070949698,0.12801826070949696,0.12801826070949704,0.12801826070949696,0.12801826070949696,0.12801826070949696,0.12801826070949693,0.12801826070949696,0.12801826070949696,0.12801826070949687,0.12801826070949698,0.1280182607094969,0.1280182607094969,0.12801826070949696,0.12801826070949687,0.12801826070949693,0.1280182607094969,0.1280182607094969,0.1280182607094969,0.1280182607094969,0.12801826070949693,0.1280182607094969,0.12801826070949687,0.12801826070949687,0.1280182607094969,0.1280182607094969,0.12801826070949687,0.12801826070949687,0.1280182607094969,0.1280182607094969,0.12801826070949687,0.12801826070949687,0.12801826070949687,0.1280182607094969,0.1280182607094969,0.12801826070949693,0.12801826070949693,0.12801826070949696,0.12801826070949693,0.12801826070949693,0.12801826070949696,0.12801826070949698,0.12801826070949698,0.12801826070949704,0.12801826070949698,0.128018260709497,0.128018260709497,0.128018260709497,0.128018260709497,0.12801826070949704,0.12801826070949704,0.12801826070949698,0.12801826070949707,0.128018260709497,0.12801826070949704,0.12801826070949698,0.128018260709497,0.1280182607094974,0.12801826070949718,0.12801826070949715,0.12801826070949712,0.12801826070949715,0.12801826070949715,0.12801826070949712,0.12801826070949715,0.12801826070949712,0.12801826070949712,0.12801826070949715,0.12801826070949718,0.12801826070949718,0.12801826070949718,0.12801826070949718,0.1280182607094972,0.12801826070949726,0.12801826070949723,0.12801826070949723,0.12801826070949723,0.12801826070949723,0.1280182607094973,0.12801826070949726,0.1280182607094973,0.12801826070949726,0.1280182607094973,0.12801826070949732,0.12801826070949726,0.12801826070949726,0.12801826070949732,0.12801826070949734,0.12801826070949732,0.1280182607094973,0.1280182607094973,0.1280182607094973,0.12801826070949732,0.12801826070949732,0.1280182607094973,0.12801826070949732,0.12801826070949726,0.12801826070949726,0.1280182607094973,0.12801826070949726,0.12801826070949726,0.12801826070949732,0.12801826070949726,0.12801826070949737,0.12801826070949743,0.12801826070949734,0.12801826070949743,0.1280182607094974,0.1280182607094974,0.12801826070949737,0.12801826070949737,0.12801826070949723,0.1280182607094972,0.12801826070949726,0.12801826070949723,0.12801826070949723,0.12801826070949746,0.12801826070949743,0.12801826070949746,0.1280182607094975,0.12801826070949737,0.1280182607094974,0.12801826070949773,0.12801826070949782,0.12801826070949782,0.12801826070949782,0.12801826070949837,0.12801826070949837,0.12801826070949837,0.12801826070949837,0.1280182607094986,0.12801826070949857,0.12801826070949837,0.12801826070949843,0.12801811709405236,0.128018117094052,0.12801811709405198,0.12801811709405206,0.12801811709405206,0.12801811709405206,0.1280181170940519,0.1280181170940519,0.12801811709405195,0.1280181170940522,0.1280181170940512,0.12801811709405103,0.12801811709405284,0.12801811709405295,0.12801811709405314,0.12801811709405317,0.1280181170940532,0.12801811709405483,0.12801811709405495,0.1280181170940554,0.12801811709405778,0.12801811709405775,0.12801811709405808,0.12800598878590902,0.12800598878589922,0.12800598878589847,0.12800598878589844,0.12800598878589795,0.12800598878589864,0.12800598878589858,0.12800598878589858,0.12800598878589856,0.1280059887858986,0.12800598878589856,0.12800598878589797,0.12800598878589847,0.1280059887859163,0.1280059887859162,0.12800598878591346,0.12800598878591352,0.12800598878591218,0.12800598878591227,0.12800598878590874,0.1280059887859099,0.12800598878590966,0.1280059887859097,0.12800598878591657,0.1280059887859142,0.12800598878591146,0.1280059887859121,0.12800598878591196,0.12800598878591227,0.12800598878591854,0.12800598878591546,0.12800598878591546,0.12800598878591485,0.1280059887859147,0.1280059887859149,0.1280059887859149,0.128005988785916,0.12800598878591618,0.12800598878591551,0.1280059887859149,0.12800598878591396,0.12800598878591402,0.128005988785914,0.12800598878591385,0.12800598878591385,0.12800598878591474,0.12800598878591438,0.12800598878591388,0.12800598878591443,0.1280059887859143,0.1280059887859142,0.12800598878591385,0.128005988785914,0.12800598878591393,0.12800598878591304,0.12800598878591493,0.1280059887859149,0.12800598878591307,0.12800598878591435,0.1280059887859146,0.12800598878591474,0.12800598878591463,0.12800598878591402,0.12800598878591393,0.1280059887859139,0.12800598878591435,0.12800598878591432,0.12800598878591407,0.12800598878591407,0.12800598878591402,0.1280059887859139,0.12800598878591415,0.12800598878591415,0.12800598878591457,0.12800598878591457,0.1280059887859147,0.12800598878591468,0.1280059887859147,0.1280059887859147,0.12800598878591468,0.12800598878591454,0.12800598878591446,0.12800598878591432,0.12800598878591418,0.12800598878591435,0.1280059887859145,0.12800598878591432,0.12800598878591432,0.1280059887859143,0.1280059887859142,0.12800598878591424,0.12800598878591404,0.12800598878591476,0.12800598878591493,0.1280059887859134,0.12800598878591343,0.12800598878591313,0.12800598878591327,0.12800598878591327,0.12800598878591338,0.12800598878591327,0.1280059887859132,0.1280059887859132,0.12800598878591313,0.12800598878591316,0.1280059887859131,0.12800598878591296,0.12800598878591268,0.12800598878591213,0.1280059887859121,0.12800598878591207,0.1280059887859119,0.12800598878591193,0.12800598878591196,0.12800598878591202,0.1280059887859121,0.12800598878591216,0.12800598878591218,0.12800598878591132,0.12800598878591127,0.1280059887859113,0.12800598878591068,0.1280059887859107,0.1280059887859107,0.12800598878591074,0.12800598878591085,0.12800598878591088,0.128005988785911,0.12800598878591102,0.12800598878591105,0.12800598878591105,0.12800598878591096,0.12800598878591105,0.128005988785911,0.128005988785911,0.12800598878591107,0.12800598878591107,0.12800598878591102,0.128005988785911,0.12800598878591107,0.12800598878591113,0.12800598878591118,0.12800598878591102,0.1280059887859108,0.1280059887859108,0.12800598878591082,0.1280059887859107,0.1280059887859107,0.1280059887859107,0.12800598878591077,0.12800598878591118,0.12800598878591118,0.12800598878591124,0.1280059887859112,0.1280059887859111,0.1280059887859112,0.12800598878591146,0.12800598878591132,0.12800598878591132,0.1280059887859113,0.12800598878591132,0.12800598878591135,0.1280059887859109,0.12800598878591057,0.12800598878591057,0.12800598878591055,0.1280059887859105,0.12800598878591088,0.12800598878591088,0.12800598878591093,0.12800598878591096,0.128005988785911,0.12800598878591085,0.12800598878591088,0.1280059887859109,0.12800598878591088,0.12800598878591146,0.12800598878591152,0.12800598878591157,0.12800598878591152,0.12800598878591177,0.1280059887859116,0.12800598878591152,0.12800598878591177,0.12800598878591157,0.12800598878591155,0.12800598878591155,0.1280059887859116,0.12800598878591166,0.12800598878591166,0.12800598878591163,0.12800598878591163,0.12800598878591202,0.1280059887859121,0.12800598878591218,0.1280059887859122,0.12800598878591218,0.12800598878591202,0.12800598878591185,0.12800598878591188,0.1280059887859116,0.12800598878591163,0.1280059887859116,0.1280059887859116,0.1280059887859116,0.12800598878591157,0.1280059887859116,0.12800598878591157,0.12800598878591157,0.1280059887859116,0.1280059887859116,0.12800598878591163,0.12800598878591163,0.12800598878591166,0.12800598878591168,0.12800598878591168,0.12800598878591166,0.12800598878591157,0.12800598878591157,0.12800598878591166,0.12800598878591166,0.12800598878591157,0.12800598878591138,0.1280059887859114,0.12800598878591135,0.12800598878591135,0.12800598878591132,0.1280059887859118,0.12800598878591182,0.12800598878591155,0.1280059887859115,0.12800598878591157,0.12800598878591157,0.12800598878591152,0.1280059887859115,0.1280059887859116,0.12800598878591157,0.1280059887859115,0.1280059887859116,0.12800598878591155,0.12800598878591143,0.1280059887859115,0.12800598878591157,0.1280059887859116,0.12800598878591157,0.12800598878591168,0.12800598878591163,0.12800598878591166,0.128005988785912,0.12800598878591193,0.128005988785912,0.12800598878591196,0.12800598878591202,0.12800598878591196,0.12800598878591196,0.128005988785912,0.128005988785912,0.12800598878591193,0.12800598878591216,0.12800598878591218,0.12800598878591216,0.12800598878591204,0.12800598878591202,0.12800598878591196,0.12800598878591207,0.12800598878591204,0.12800598878591207,0.12800598878591207,0.12800598878591207,0.12800598878591204,0.12800598878591196,0.12800598878591207,0.12800598878591202,0.128005988785912,0.12800598878591207,0.1280059887859121,0.1280059887859121,0.12800598878591207,0.12800598878591213,0.12800598878591218,0.12800598878591207,0.12800598878591216,0.1280059887859122,0.1280059887859122,0.1280059887859123,0.1280059887859123,0.1280059887859124,0.12800598878591238,0.12800598878591238,0.12800598878591238,0.12800598878591243,0.12800598878591246,0.12800598878591246,0.12800598878591246,0.1280059887859125,0.1280059887859125,0.12800598878591246,0.12800598878591246,0.1280059887859125,0.1280059887859125,0.1280059887859125,0.12800598878591246,0.1280059887859125,0.1280059887859125,0.12800598878591246,0.12800598878591246,0.12800598878591246,0.1280059887859125,0.1280059887859125,0.12800598878591246,0.12800598878591254,0.12800598878591257,0.1280059887859126,0.1280059887859126,0.12800598878591257,0.1280059887859126,0.12800598878591254,0.12800598878591257,0.1280059887859126,0.12800598878591257,0.1280059887859126,0.12800598878591263,0.12800598878591268,0.12800598878591266,0.1280059887859127,0.12800598878591268,0.12800598878591268,0.12800598878591268,0.12800598878591268,0.12800598878591268,0.1280059887859127,0.12800598878591263,0.12800598878591266,0.12800598878591263,0.1280059887859126,0.1280059887859126,0.12800598878591266,0.12800598878591263,0.1280059887859126,0.12800598878591263,0.1280059887859126,0.12800598878591263,0.12800598878591266,0.1280059887859126,0.12800598878591266,0.12800598878591274,0.12800598878591266,0.12800598878591266,0.12800598878591266,0.12800598878591274,0.12800598878591274,0.12800598878591268,0.12800598878591266,0.12800598878591266,0.1280059887859127,0.12800598878591268,0.12800598878591266,0.12800598878591268,0.12800598878591268,0.12800598878591268,0.1280059887859127,0.12800598878591266,0.1280059887859127,0.1280059887859127,0.12800598878591268,0.1280059887859127,0.12800598878591268,0.1280059887859127,0.12800598878591266,0.1280059887859128,0.1280059887859127,0.1280059887859127,0.12800598878591268,0.12800598878591277,0.12800598878591274,0.1280059887859128,0.12800598878591277,0.1280059887859127,0.12800598878591277,0.12800598878591277,0.1280059887859127,0.12800598878591274,0.12800598878591274,0.12800598878591277,0.12800598878591277,0.12800598878591266,0.12800598878591266,0.12800598878591266,0.12800598878591268,0.12800598878591266,0.1280059887859126,0.12800598878591257,0.12800598878591266,0.1280059887859126,0.12800598878591263,0.12800598878591257,0.12800598878591246,0.1280059887859124,0.1280059887859124,0.12800598878591246,0.1280059887859125,0.12800598878591243,0.12800598878591243,0.12800598878591238,0.12800598878591235,0.12800598878591238,0.12800598878591235,0.12800598878591235,0.1280059887859123,0.1280059887859123,0.12800598878591232,0.12800598878591227,0.12800598878591227,0.1280059887859123,0.1280059887859123,0.12800598878591232,0.1280059887859124,0.12800598878591235,0.12800598878591238,0.12800598878591235,0.12800598878591238,0.1280059887859124,0.12800598878591238,0.12800598878591238,0.12800598878591235,0.1280059887859124,0.12800598878591232,0.12800598878591238,0.12800598878591232,0.12800598878591232,0.12800598878591238,0.12800598878591232,0.12800598878591238,0.1280059887859123,0.12800598878591227,0.12800598878591213,0.1280059887859122,0.12800598878591224,0.12800598878591227,0.12800598878591227,0.1280059887859122,0.1280059887859121,0.12800598878591216,0.12800598878591216,0.12800598878591213,0.12800598878591213,0.12800598878591207,0.128005988785912,0.12800598878591177,0.12800598878591182,0.12800598878591185,0.12800598878591182,0.1280059887859118,0.12800598878591185,0.12800598878591174,0.12800598878591177,0.12800598878591177,0.12800598878591185,0.12800598878591182,0.12800598878591185,0.12800598878591168,0.12800598878591168,0.12800598878591168,0.12800598878591163,0.12800598878591157,0.12800598878591155,0.12800598878591146,0.1280059887859115,0.12800598878591132,0.12800598878591135,0.12800598878591132,0.12800598878591138,0.12800598878591135,0.12800598878591138,0.12800598878591132,0.12800598878591132,0.12800598878591138,0.1280059887859114,0.12800598878591127,0.12800598878591118,0.1280059887859112,0.12800598878591124,0.12800598878591116,0.12800598878591116,0.1280059887859111,0.1280059887859111,0.12800598878591102,0.12800598878591105,0.1280059887859111,0.12800598878591113,0.1280059887859111,0.12800598878591118,0.12800598878591124,0.1280059887859114,0.12800598878591135,0.12800598878591135,0.12800598878591135,0.1280059887859114,0.128005988785911,0.12800598878591102,0.12800598878591107,0.12800598878591105,0.1280059887859109,0.1280059887859109,0.12800598878591102,0.128005988785911,0.12800598878591096,0.1280059887859109,0.12800598878591102,0.128005988785911,0.128005988785911,0.12800598878591102,0.12800598878591105,0.12800598878591096,0.128005988785911,0.12800598878591102,0.128005988785911,0.12800598878591107,0.12800598878591093,0.128005988785911,0.12800598878591085,0.12800598878591093,0.1280059887859109,0.12800598878591088,0.1280059887859109,0.12800598878591088,0.12800598878591088,0.1280059887859109,0.1280059887859109,0.12800598878591088,0.12800598878591085,0.12800598878591082,0.12800598878591082,0.12800598878591088,0.12800598878591088,0.12800598878591085,0.12800598878591088,0.12800598878591093,0.1280059887859109,0.12800598878591093,0.12800598878591113,0.12800598878591107,0.12800598878591105,0.12800598878591102,0.12800598878591107,0.1280059887859109,0.1280059887859109,0.12800598878591088,0.12800598878591085,0.12800598878591082,0.12800598878591085,0.12800598878591085,0.12800598878591082,0.1280059887859107,0.1280059887859107,0.1280059887859107,0.1280059887859107,0.12800598878591068,0.12800598878591074,0.12800598878591074,0.12800598878591074,0.12800598878591082,0.1280059887859108,0.1280059887859109,0.128005988785911,0.12800598878591093,0.12800598878591093,0.12800598878591107,0.1280059887859111,0.1280059887859111,0.12800598878591105,0.128005988785911,0.12800598878591102,0.12800598878591102,0.128005988785911,0.128005988785911,0.12800598878591093,0.1280059887859109,0.12800598878591082,0.128005988785911,0.12800598878591102,0.12800598878591096,0.12800598878591107,0.12800598878591107,0.12800598878591107,0.1280059887859109,0.12800598878591093,0.12800598878591107,0.128005988785911,0.1280059887859111,0.1280059887859111,0.12800598878591107,0.1280059887859111,0.1280059887859111,0.1280059887859111,0.12800598987707046,0.12800598987707046,0.12800598987707046,0.12800598987707046,0.12800598987707046,0.12800598987707046,0.12800598987707046,0.12800598987707046,0.12800598987707046,0.12800598987707046,0.12800598987707046,0.12800598987707046,0.12800598987707046,0.12800598987707046,0.12800598987707046,0.12800598987707046,0.12800598987707046,0.12800598987707046,0.12800598987707046,0.12800598987707046,0.12800598987707046,0.12800598987707046,0.12800598987707046,0.12800598987707046,0.12800598987707046,0.12800598987707046,0.12800598987707046,0.12800598987707046,0.12800598987707046,0.12800598987707046,0.12800598987707046,0.12800598987707046,0.12800598987707046,0.12800598987707046,0.1280059898770705,0.1280059898770705,0.1280059898770705,0.1280059898770705,0.1280059898770705,0.1280059898770705,0.1280059898770705,0.12800598987707046,0.12800598987707046,0.12800598987707046,0.12800598987707046,0.12800598987707046,0.12800598987707046,0.12800598987707046,0.12800598987707046,0.12800598987707046,0.12800598987707046,0.12800598987707046,0.12800598987707046,0.12800598987707046,0.12800598987707046,0.12800598987707046,0.12800598987707046,0.1280059898770705,0.1280059898770705,0.1280059898770705,0.1280059898770705,0.1280059898770705,0.1280059898770705,0.1280059898770705,0.12800598987707046,0.12800598987707046,0.12800598987707046,0.12800598987707046,0.12800598987707046,0.12800598987707046,0.12800598987707046,0.12800598987707046,0.12800598987707046,0.12800598987707046,0.12800598987707046,0.12800598987707046,0.12800598987707046,0.12800598987707046,0.12800598987707046,0.12800598987707046,0.12800598987707046,0.12800598987707046,0.12800598987707046,0.12800598987707046,0.12800598987707046,0.12800598987707046,0.12800598987707046,0.12800598987707046,0.12800598987707046,0.12800598987707046,0.12800598987707046,0.12800598987707046,0.12800598987707046,0.12800598987707046,0.12800598987707043,0.12800598987707043,0.12800598987707043,0.12800598987707043,0.12800598987707043,0.12800598987707043,0.12800598987707043,0.12800598987707043,0.12800598987707046,0.12800598987707046,0.12800598987707046,0.12800598987707046,0.12800598987707046,0.12800598987707046,0.12800598987707046,0.12800598987707043,0.12800598987707043,0.12800598987707043,0.12800598987707043,0.12800598987707043,0.12800598987707043,0.12800598987707043,0.12800598987707043,0.12800598987707046,0.12800598987707046,0.12800598987707046,0.12800598987707046,0.12800598987707046,0.12800598987707046,0.12800598987707046,0.12800598987707046,0.12800598987707046,0.12800598987707046,0.12800598987707046,0.12800598987707046,0.12800598987707046,0.12800598987707046,0.12800598987707046,0.12800598987707046,0.12800598987707046,0.12800598987707046,0.12800598987707046,0.12800598987707046,0.12800598987707046,0.12800598987707046,0.12800598987707046,0.12800598987707046,0.12800598987707046,0.12800598987707046,0.12800598987707046,0.12800598987707046,0.12800598987707046,0.12800598987707046,0.12800598987707046,0.12800598987707046,0.12800598987707046,0.12800598987707046,0.12800598987707046,0.12800598987707046,0.12800598987707046,0.12800598987707046,0.1280059898770705,0.1280059898770705,0.1280059898770705,0.1280059898770705,0.1280059898770705,0.1280059898770705,0.1280059898770705,0.12800598987707046,0.12800598987707046,0.12800598987707046,0.12800598987707046,0.12800598987707046,0.12800598987707046,0.12800598987707046,0.12800598987707046,0.12800598987707046,0.12800598987707046,0.12800598987707046,0.12800598987707046,0.12800598987707046,0.12800598987707046,0.12800598987707046,0.12800598987707046,0.12800598987707046,0.12800598987707046,0.12800598987707046,0.12800598987707046,0.12800598987707046,0.12800598987707046,0.12800598987707046,0.12800598987707046,0.12800598987707046,0.12800598987707046,0.12800598987707046,0.12800598987707046,0.12800598987707046,0.12800598987707046,0.12800598987707046,0.12800598987707046,0.12800598987707046,0.12800598987707046,0.12800598987707046,0.12800598987707046,0.12800598987707046,0.12800598987707046,0.12800598987707046,0.12800598987707046,0.12800598987707046,0.12800598987707046,0.12800598987707046,0.12800598987707046,0.12800598987707046,0.12800598987707046,0.12800598987707043,0.12800598987707043,0.12800598987707043,0.12800598987707043,0.12800598987707043,0.12800598987707043,0.12800598987707043,0.12800598987707046,0.12800598987707082,0.12800598987707082,0.1280059898770708,0.12800598987707076,0.1280059898770708,0.1280059898770708,0.1280059898770708,0.12800598987707082,0.1280059898770708,0.1280059898770708,0.1280059898770708,0.1280059898770708,0.12800598987707076,0.1280059898770708,0.1280059898770708,0.12800598987707082,0.1280059898770708,0.1280059898770708,0.1280059898770708,0.12800598987707076,0.1280059898770708,0.12800598987707074,0.12800598987707076,0.12800598987707076,0.1280059898770708,0.12800598987707076,0.12800598987707076,0.1280059898770708,0.1280059898770708,0.1280059898770708,0.1280059898770708,0.12800598987707076,0.12800598987707076,0.12800598987707074,0.1280059898770708,0.1280059898770708,0.12800598987707076,0.1280059898770708,0.12800598987707076,0.12800598987707076,0.1280059898770708,0.12800598987707076,0.1280059898770708,0.12800598987707082,0.1280059898770708,0.1280059898770708,0.12800598987707076,0.1280059898770708,0.1280059898770708,0.12800598987707076,0.1280059898770708,0.1280059898770708,0.1280059898770708,0.1280059898770708,0.12800598987707076,0.12800598987707082,0.1280059898770708,0.12800598987707082,0.12800598987707082,0.1280059898770708,0.1280059898770708,0.12800598987707082,0.12800598987707082,0.1280059898770708,0.1280059898770708,0.12800598987707082,0.12800598987707082,0.12800598987707076,0.1280059898770708,0.1280059898770708,0.1280059898770708,0.1280059898770708,0.12800598987707076,0.1280059898770708,0.1280059898770708,0.12800598987707082,0.12800598987707082,0.1280059898770708,0.1280059898770708,0.12800598987707076,0.12800598987707085,0.1280059898770708,0.1280059898770708,0.1280059898770708,0.12800598987707082,0.12800598987707085,0.12800598987707082,0.12800598987707082,0.1280059898770708,0.12800598987707082,0.12800598987707082,0.1280059898770708,0.12800598987707082,0.12800598987707082,0.12800598987707082,0.1280059898770708,0.12800598987707082,0.12800598987707082,0.12800598987707085,0.1280059898770708,0.1280059898770708,0.12800598987707087,0.12800598987707082,0.12800598987707082,0.12800598987707082,0.12800598987707085,0.12800598987707082,0.1280059898770708,0.12800598987707085,0.12800598987707085,0.1280059898770708,0.12800598987707082,0.12800598987707082,0.12800598987707076,0.1280059898770708,0.12800598987707087,0.12800598987707085,0.12800598987707082,0.12800598987707082,0.12800598987707082,0.12800598987707085,0.12800598987707087,0.1280059898770708,0.12800598987707087,0.12800598987707082,0.1280059898770708,0.12800598987707082,0.12800598987707076,0.1280059898770708,0.12800598987707085,0.12800598987707085,0.12800598987707076,0.12800598987707082,0.12800598987707085,0.12800598987707076,0.1280059898770708,0.12800598987707082,0.12800598987707082,0.12800598987707082,0.1280059898770708,0.12800598987707082,0.12800598987707082,0.12800598987707082,0.1280059898770708,0.1280059898770708,0.12800598987707082,0.1280059898770708,0.1280059898770708,0.12800598987707082,0.12800598987707082,0.1280059898770708,0.1280059898770708,0.12800598987707082,0.1280059898770708,0.12800598987707082,0.12800598987707082,0.12800598987707076,0.12800598987707076,0.12800598987707076,0.1280059898770708,0.1280059898770708,0.1280059898770708,0.12800598987707076,0.12800598987707076,0.12800598987707076,0.1280059898770708,0.12800598987707076,0.12800598987707076,0.1280059898770708,0.12800598987707074,0.1280059898770708,0.12800598987707076,0.1280059898770708,0.12800598987707076,0.12800598987707076,0.1280059898770708,0.1280059898770708,0.1280059898770708,0.12800598987707074,0.1280059898770708,0.12800598987707076,0.1280059898770708,0.1280059898770708,0.12800598987707074,0.12800598987707076,0.12800598987707076,0.12800598987707076,0.12800598987707074,0.12800598987707076,0.12800598987707076,0.12800598987707074,0.12800598987707076,0.1280059898770708,0.12800598987707076,0.12800598987707076,0.12800598987707074,0.12800598987707074,0.12800598987707076,0.12800598987707076,0.12800598987707076,0.1280059898770708,0.12800598987707076,0.1280059898770708,0.12800598987707076,0.12800598987707076,0.1280059898770708,0.12800598987707076,0.1280059898770708,0.12800598987707082,0.12800598987707076,0.12800598987707076,0.1280059898770708,0.12800598987707076,0.12800598987707076,0.1280059898770708,0.12800598987707076,0.1280059898770708,0.12800598987707076,0.12800598987707076,0.1280059898770708,0.1280059898770708,0.1280059898770708,0.1280059898770708,0.12800598987707076,0.12800598987707076,0.12800598987707076,0.12800598987707076,0.12800598987707076,0.12800598987707076,0.12800598987707076,0.1280059898770708,0.1280059898770708,0.12800598987707076,0.12800598987707076,0.12800598987707076,0.12800598987707076,0.1280059898770708,0.12800598987707076,0.12800598987707076,0.1280059898770708,0.1280059898770708,0.12800598987707076,0.12800598987707076,0.12800598987707076,0.12800598987707076,0.12800598987707076,0.12800598987707076,0.12800598987707076,0.12800598987707082,0.12800598987707076,0.1280059898770708,0.1280059898770708,0.12800598987707074,0.12800598987707076,0.1280059898770708,0.12800598987707074,0.1280059898770708,0.1280059898770708,0.12800598987707076,0.12800598987707076,0.12800598987707076,0.12800598987707074,0.1280059898770708,0.12800598987707076,0.12800598987707076,0.12800598987707076,0.1280059898770708,0.12800598987707076,0.1280059898770707,0.12800598987707074,0.12800598987707076,0.1280059898770707,0.12800598987707074,0.12800598987707076,0.12800598987707076,0.12800598987707074,0.12800598987707076,0.1280059898770708,0.12800598987707076,0.1280059898770708,0.1280059898770708,0.12800598987707076,0.12800598987707076,0.12800598987707076,0.12800598987707076,0.12800598987707076,0.12800598987707076,0.1280059898770708,0.12800598987707085,0.12800598987707074,0.12800598987707082,0.1280059898770708,0.1280059898770708,0.1280059898770708,0.12800598987707076,0.12800598987707076,0.1280059898770708,0.12800598987707076,0.1280059898770708,0.1280059898770708,0.12800598987707076,0.12800598987707076,0.1280059898770708,0.12800598987707074,0.1280059898770708,0.12800598987707076,0.12800598987707076,0.1280059898770708,0.12800598987707076,0.12800598987707076,0.1280059898770708,0.1280059898770708,0.1280059898770708,0.12800598987707076,0.12800598987707076,0.12800598987707076,0.1280059898770708,0.12800598987707076,0.12800598987707076,0.12800598987707076,0.12800598987707076,0.12800598987707076,0.12800598987707076,0.12800598987707076,0.12800598987707076,0.12800598987707065,0.1280059898770708,0.12800598987707076,0.12800598987707074,0.12800598987707076,0.12800598987707076,0.1280059898770708,0.12800598987707074,0.12800598987707076,0.12800598987707076,0.1280059898770708,0.12800598987707074,0.1280059898770708,0.12800598987707076,0.12800598987707074,0.12800598987707076,0.1280059898770708,0.12800598987707074,0.12800598987707074,0.12800598987707076,0.12800598987707076,0.12800598987707076,0.12800598987707076,0.1280059898770708,0.1280059898770708,0.12800598987707076,0.12800598987707076,0.12800598987707076,0.12800598987707076,0.12800598987707074,0.12800598987707076,0.12800598987707074,0.12800598987707074,0.1280059898770707,0.12800598987707074,0.12800598987707076,0.1280059898770708,0.12800598987707074,0.12800598987707074,0.12800598987707076,0.12800598987707076,0.12800598987707074,0.12800598987707076,0.1280059898770708,0.12800598987707076,0.1280059898770708,0.12800598987707076,0.12800598987707074,0.1280059898770707,0.12800598987707076,0.12800598987707074,0.12800598987707076,0.1280059898770708,0.12800598987707074,0.12800598987707074,0.12800598987707074,0.12800598987707076,0.12800598987707076,0.12800598987707074,0.1280059898770708,0.12800598987707074,0.1280059898770707,0.12800598987707076,0.12800598987707076,0.12800598987707076,0.12800598987707074,0.12800598987707076,0.12800598987707074,0.1280059898770707,0.12800598987707074,0.12800598987707074,0.12800598987707074,0.1280059898770707,0.1280059898770707,0.12800598987707074,0.1280059898770707,0.1280059898770707,0.1280059898770707,0.1280059898770708,0.1280059898770707,0.12800598987707076,0.12800598987707074,0.12800598987707076,0.12800598987707074,0.12800598987707076,0.12800598987707076,0.1280059898770708,0.12800598987707076,0.12800598987707068,0.12800598987707076,0.12800598987707074,0.1280059898770707,0.1280059898770708,0.12800598987707076,0.12800598987707076,0.12800598987707076,0.12800598987707074,0.12800598987707068,0.1280059898770708,0.12800598987707076,0.1280059898770708,0.12800598987707076,0.12800598987707076,0.12800598987707076,0.12800598987707076,0.12800598987707082,0.12800598987707076,0.12800598987707076,0.12800598987707076,0.12800598987707082,0.12800598987707076,0.1280059898770708,0.12800598987707082,0.12800598987707076,0.12800598987707074,0.12800598987707082,0.12800598987707082,0.12800598987707076,0.12800598987707076,0.12800598987707076,0.12800598987707076,0.12800598987707085,0.12800598987707076,0.1280059898770708,0.12800598987707076,0.12800598987707074,0.12800598987707082,0.1280059898770708,0.1280059898770708,0.1280059898770708,0.1280059898770708,0.12800598987707082,0.1280059898770708,0.12800598987707076,0.12800598987707082,0.12800598987707082,0.12800598987707076,0.1280059898770708,0.1280059898770708,0.1280059898770708,0.1280059898770708,0.12800598987707076,0.12800598987707076,0.1280059898770708,0.1280059898770708,0.1280059898770708,0.12800598987707076,0.1280059898770708,0.1280059898770708,0.1280059898770708,0.1280059898770708,0.12800598987707076,0.1280059898770708,0.1280059898770708,0.12800598987707076,0.12800598987707076,0.12800598987707076,0.12800598987707076,0.12800598987707076,0.12800598987707076,0.1280059898770708,0.12800598987707076,0.12800598987707076,0.1280059898770708,0.1280059898770708,0.1280059898770708,0.12800598987707076,0.12800598987707076,0.1280059898770708,0.12800598987707076,0.12800598987707076,0.1280059898770708,0.12800598987707076,0.1280059898770708,0.12800598987707076,0.12800598987707076,0.12800598987707076,0.12800598987707076,0.12800598987707076,0.1280059898770708,0.1280059898770708,0.12800598987707076,0.12800598987707076,0.12800598987707076,0.12800598987707076,0.12800598987707076,0.1280059898770707,0.12800598987707076,0.12800598987707076,0.12800598987707074,0.12800598987707076,0.1280059898770708,0.1280059898770708,0.12800598987707076,0.1280059898770708,0.12800598987707076,0.12800598987707074,0.12800598987707076,0.1280059898770708,0.12800598987707076,0.12800598987707076,0.12800598987707076,0.12800598987707076,0.12800598987707076,0.12800598987707076,0.12800598987707076,0.12800598987707074,0.1280059898770708,0.12800598987707074,0.12800598987707074,0.12800598987707076,0.12800598987707076,0.12800598987707076,0.12800598987707076,0.1280059898770708,0.12800598987707074,0.12800598987707076,0.1280059898770707,0.12800598987707074,0.12800598987707076,0.12800598987707074,0.12800598987707074,0.12800598987707074,0.12800598987707074,0.12800598987707074,0.12800598987707076,0.12800598987707076,0.12800598987707076,0.1280059898770707,0.12800598987707074,0.12800598987707074,0.12800598987707076,0.12800598987707076,0.12800598987707076,0.1280059898770708,0.12800598987707076,0.12800598987707076,0.12800598987707074,0.12800598987707074,0.1280059898770707,0.12800598987707076,0.12800598987707074,0.12800598987707074,0.12800598987707076,0.12800598987707074,0.12800598987707076,0.12800598987707076,0.12800598987707074,0.12800598987707074,0.12800598987707074,0.12800598987707076,0.12800598987707074,0.12800598987707074,0.12800598987707074,0.1280059898770708,0.12800598987707076,0.12800598987707074,0.12800598987707074,0.12800598987707076,0.12800598987707076,0.12800598987707076,0.12800598987707074,0.12800598987707076,0.12800598987707076,0.12800598987707076,0.12800598987707074,0.1280059898770708,0.1280059898770708,0.1280059898770707,0.12800598987707076,0.12800598987707076,0.1280059898770708,0.12800598987707074,0.12800598987707074,0.12800598987707076,0.1280059898770708,0.12800598987707076,0.12800598987707076,0.12800598987707076,0.12800598987707076,0.12800598987707076,0.12800598987707074,0.12800598987707074,0.12800598987707076,0.12800598987707076,0.12800598987707074,0.12800598987707076,0.12800598987707076,0.12800598987707074,0.12800598987707076,0.12800598987707074,0.12800598987707076,0.12800598987707074,0.1280059898770708,0.12800598987707076,0.12800598987707074,0.12800598987707076,0.1280059898770707,0.12800598987707076,0.12800598987707076,0.12800598987707076,0.1280059898770708,0.1280059898770708,0.12800598987707076,0.12800598987707074,0.12800598987707074,0.12800598987707074,0.12800598987707074,0.1280059898770708,0.1280059898770708,0.12800598987707068,0.12800598987707076,0.1280059898770707,0.12800598987707076,0.12800598987707068,0.1280059898770707,0.12800598987707074,0.1280059898770707,0.12800598987707087,0.12800598987707068,0.12800598987707068,0.12800598987707074,0.12800598987707074,0.12800598987707074,0.1280059898770707,0.1280059898770707,0.12800598987707076,0.12800598987707074,0.12800598987707074,0.12800598987707074,0.12800598987707074,0.1280059898770707,0.1280059898770708,0.1280059898770707,0.12800598987707074,0.1280059898770707,0.12800598987707074,0.12800598987707074,0.1280059898770707,0.12800598987707074,0.1280059898770707,0.1280059898770707,0.12800598987707068,0.1280059898770707,0.1280059898770707,0.1280059898770707,0.12800598987707074,0.12800598987707074,0.12800598987707074,0.1280059898770707,0.1280059898770707,0.12800598987707076,0.1280059898770707,0.1280059898770707,0.1280059898770707,0.1280059898770707,0.12800598987707068,0.1280059898770707,0.12800598987707074,0.12800598987707068,0.1280059898770707,0.1280059898770707,0.12800598987707068,0.12800598987707074,0.12800598987707065,0.12800598987707074,0.12800598987707068,0.12800598987707068,0.12800598987707068,0.12800598987707068,0.12800598987707068,0.1280059898770707,0.12800598987707068,0.1280059898770707,0.12800598987707068,0.12800598987707068,0.1280059898770707,0.12800598987707065,0.12800598987707074,0.12800598987707063,0.12800598987707065,0.1280059898770707,0.1280059898770707,0.12800598987707068,0.12800598987707065,0.12800598987707065,0.1280059898770707,0.12800598987707068,0.12800598987707065,0.12800598987707065,0.12800598987707068,0.1280059898770707,0.12800598987707068,0.12800598987707068,0.12800598987707074,0.12800598987707068,0.1280059898770707,0.12800598987707068,0.1280059898770707,0.1280059898770707,0.1280059898770707,0.12800598987707074,0.1280059898770707,0.12800598987707074,0.12800598987707074,0.12800598987707068,0.1280059898770707,0.12800598987707068,0.12800598987707065,0.12800598987707068,0.1280059898770707,0.1280059898770707,0.12800598987707068,0.12800598987707063,0.12800598987707068,0.12800598987707065,0.12800598987707065,0.12800598987707065,0.12800598987707065,0.12800598987707065,0.12800598987707063,0.12800598987707065,0.12800598987707065,0.12800598987707063,0.12800598987707068,0.12800598987707068,0.12800598987707068,0.12800598987707068,0.12800598987707068,0.12800598987707068,0.12800598987707065,0.12800598987707063,0.12800598987707065,0.12800598987707065,0.12800598987707065,0.12800598987707065,0.12800598987707065,0.12800598987707065,0.12800598987707068,0.12800598987707065,0.12800598987707065,0.12800598987707065,0.12800598987707065,0.12800598987707063,0.12800598987707065,0.12800598987707063,0.12800598987707068,0.12800598987707065,0.12800598987707063,0.1280059898770706,0.1280059898770706,0.12800598987707063,0.12800598987707065,0.12800598987707065,0.12800598987707065,0.12800598987707063,0.12800598987707068,0.1280059898770707,0.12800598987707068,0.12800598987707068,0.12800598987707068,0.12800598987707065,0.12800598987707068,0.12800598987707068,0.12800598987707068,0.12800598987707068,0.12800598987707068,0.12800598987707068,0.12800598987707068,0.12800598987707068,0.12800598987707065,0.1280059898770707,0.12800598987707068,0.12800598987707068,0.12800598987707063,0.12800598987707065,0.12800598987707063,0.12800598987707063,0.12800598987707065,0.12800598987707065,0.12800598987707065,0.12800598987707063,0.12800598987707065,0.1280059898770706,0.1280059898770706,0.12800598987707057,0.12800598987707065,0.12800598987707065,0.12800598987707063,0.12800598987707068,0.12800598987707068,0.12800598987707065,0.12800598987707065,0.1280059898770707,0.12800598987707068,0.12800598987707068,0.12800598987707068,0.1280059898770707,0.12800598987707068,0.12800598987707068,0.12800598987707068,0.12800598987707068,0.12800598987707065,0.12800598987707065,0.12800598987707063,0.12800598987707065,0.12800598987707063,0.12800598987707068,0.12800598987707063,0.1280059898770707,0.12800598987707057,0.12800598987707063,0.12800598987707063,0.12800598987707063,0.12800598987707065,0.12800598987707063,0.12800598987707063,0.12800598987707068,0.12800598987707068,0.12800598987707065,0.12800598987707068,0.12800598987707068,0.12800598987707068,0.12800598987707068,0.12800598987707068,0.12800598987707065,0.12800598987707065,0.12800598987707068,0.12800598987707051,0.12800598987707063,0.12800598987707068,0.12800598987707068,0.12800598987707068,0.12800598987707068,0.12800598987707068,0.12800598987707063,0.12800598987707068,0.12800598987707068,0.12800598987707068,0.12800598987707065,0.12800598987707065,0.12800598987707065,0.12800598987707068,0.12800598987707068,0.12800598987707065,0.12800598987707065,0.1280059898770707,0.12800598987707065,0.1280059898770707,0.12800598987707068,0.12800598987707068,0.12800598987707068,0.12800598987707068,0.12800598987707068,0.1280059898770706,0.12800598987707065,0.12800598987707063,0.12800598987707065,0.12800598987707065,0.12800598987707065,0.12800598987707063,0.12800598987707065,0.12800598987707063,0.12800598987707065,0.12800598987707063,0.12800598987707063,0.12800598987707065,0.12800598987707065,0.12800598987707065,0.12800598987707068,0.12800598987707065,0.12800598987707063,0.12800598987707068,0.12800598987707063,0.12800598987707068,0.12800598987707068,0.12800598987707074,0.12800598987707065,0.12800598987707065,0.12800598987707065,0.12800598987707054,0.12800598987707057,0.12800598987707057,0.12800598987707054,0.12800598987707057,0.1280059898770706,0.12800598987707057,0.1280059898770706,0.12800598987707063,0.12800598987707063,0.12800598987707063,0.1280059898770706,0.12800598987707057,0.12800598987707057,0.12800598987707057,0.1280059898770706,0.12800598987707063,0.1280059898770706,0.12800598987707063,0.1280059898770706,0.12800598987707054,0.1280059898770706,0.12800598987707063,0.12800598987707057,0.1280059898770706,0.1280059898770706,0.1280059898770706,0.12800598987707063,0.12800598987707057,0.12800598987707063,0.12800598987707057,0.12800598987707057,0.12800598987707057,0.1280059898770706,0.1280059898770706,0.12800598987707057,0.12800598987707057,0.12800598987707057,0.12800598987707057,0.12800598987707057,0.1280059898770706,0.1280059898770706,0.1280059898770706,0.12800598987707057,0.12800598987707057,0.12800598987707065,0.12800598987707063,0.12800598987707057,0.1280059898770706,0.12800598987707068,0.12800598987707065,0.12800598987707068,0.12800598987707057,0.12800598987707063,0.12800598987707065,0.1280059898770706,0.12800598987707065,0.12800598987707063,0.12800598987707065,0.12800598987707065,0.12800598987707057,0.12800598987707063,0.12800598987707057,0.12800598987707063,0.12800598987707063,0.12800598987707063,0.12800598987707063,0.12800598987707063,0.1280059898770706,0.12800598987707063,0.1280059898770706,0.12800598987707063,0.12800598987707063,0.12800598987707063,0.12800598987707063,0.1280059898770706,0.12800598987707063,0.1280059898770706,0.12800598987707063,0.1280059898770706,0.12800598987707068,0.12800598987707068,0.1280059898770706,0.12800598987707065,0.12800598987707065,0.12800598987707063,0.12800598987707065,0.12800598987707068,0.12800598987707068,0.1280059898770706,0.12800598987707063,0.1280059898770706,0.12800598987707054,0.12800598987707068,0.12800598987707065,0.12800598987707065,0.12800598987707063,0.12800598987707068,0.12800598987707068,0.12800598987707068,0.12800598987707063,0.1280059898770707,0.12800598987707063,0.12800598987707068,0.12800598987707068,0.12800598987707038,0.12800598987707065,0.12800598987707068,0.1280059898770706,0.12800598987707065,0.12800598987707065,0.12800598987707065,0.12800598987707065,0.12800598987707057,0.1280059898770707,0.12800598987707068,0.12800598987707068,0.12800598987707068,0.12800598987707068,0.12800598987707068,0.12800598987707068,0.12800598987707068,0.12800598987707068,0.12800598987707068,0.12800598987707065,0.12800598987707065,0.12800598987707065,0.12800598987707065,0.12800598987707065,0.12800598987707063,0.12800598987707063,0.12800598987707068,0.12800598987707068,0.12800598987707068,0.12800598987707068,0.12800598987707068,0.12800598987707068,0.12800598987707068,0.12800598987707068,0.12800598987707065,0.12800598987707065,0.12800598987707074,0.12800598987707065,0.12800598987707065,0.12800598987707065,0.12800598987707068,0.12800598987707068,0.12800598987707065,0.12800598987707063,0.12800598987707063,0.12800598987707065,0.12800598987707065,0.12800598987707065,0.12800598987707063,0.1280059898770706,0.12800598987707057,0.12800598987707082,0.12800598987707068,0.12800598987707065,0.12800598987707068,0.12800598987707068,0.12800598987707068,0.12800598987707068,0.12800598987707065,0.12800598987707068,0.12800598987707068,0.12800598987707068,0.12800598987707065,0.12800598987707068,0.12800598987707063,0.12800598987707065,0.12800598987707068,0.12800598987707065,0.12800598987707065,0.12800598987707065,0.12800598987707065,0.12800598987707065,0.12800598987707065,0.12800598987707065,0.12800598987707065,0.12800598987707065,0.12800598987707065,0.12800598987707063,0.12800598987707065,0.12800598987707063,0.12800598987707065,0.12800598987707063,0.12800598987707065,0.1280059898770706,0.12800598987707063,0.12800598987707065,0.1280059898770706,0.1280059898770706,0.12800598987707065,0.12800598987707068,0.12800598987707065,0.12800598987707068,0.12800598987707065,0.12800598987707068,0.12800598987707068,0.12800598987707068,0.12800598987707068,0.12800598987707065,0.12800598987707068,0.12800598987707068,0.12800598987707068,0.1280059898770707,0.12800598987707068,0.12800598987707068,0.1280059898770707,0.1280059898770707,0.12800598987707068,0.12800598987707068,0.12800598987707068,0.12800598987707068,0.12800598987707068,0.12800598987707065,0.1280059898770707,0.12800598987707065,0.12800598987707068,0.12800598987707068,0.12800598987707068,0.12800598987707063,0.12800598987707065,0.12800598987707065,0.12800598987707068,0.12800598987707068,0.1280059898770707,0.1280059898770707,0.12800598987707068,0.1280059898770707,0.12800598987707068,0.12800598987707068,0.12800598987707068,0.12800598987707068,0.12800598987707068,0.12800598987707068,0.12800598987707068,0.12800598987707068,0.12800598987707065,0.1280059898770706,0.12800598987707063,0.12800598987707065,0.12800598987707063,0.12800598987707065,0.12800598987707068,0.12800598987707063,0.12800598987707065,0.12800598987707065,0.12800598987707063,0.12800598987707063,0.12800598987707065,0.1280059898770706,0.12800598987707063,0.12800598987707068,0.12800598987707065,0.12800598987707065,0.12800598987707065,0.12800598987707068,0.12800598987707068,0.12800598987707068,0.12800598987707068,0.12800598987707068,0.12800598987707068,0.12800598987707068,0.12800598987707068,0.12800598987707068,0.12800598987707068,0.12800598987707068,0.12800598987707068,0.12800598987707068,0.12800598987707068,0.1280059898770707,0.12800598987707065,0.12800598987707068,0.12800598987707065,0.12800598987707068,0.12800598987707068,0.12800598987707068,0.12800598987707068,0.12800598987707074,0.12800598987707074,0.12800598987707068,0.12800598987707068,0.12800598987707065,0.12800598987707065,0.12800598987707065,0.12800598987707065,0.12800598987707068,0.12800598987707065,0.12800598987707068,0.12800598987707068,0.12800598987707065,0.12800598987707065,0.12800598987707065,0.12800598987707068,0.12800598987707068,0.12800598987707065,0.12800598987707065,0.12800598987707065,0.12800598987707065,0.12800598987707065,0.12800598987707068,0.12800598987707065,0.12800598987707065,0.12800598987707065,0.12800598987707065,0.12800598987707065,0.12800598987707065,0.12800598987707065,0.12800598987707065,0.12800598987707065,0.12800598987707063,0.12800598987707063,0.12800598987707065,0.12800598987707065,0.12800598987707063,0.12800598987707063,0.1280059898770706,0.12800598987707063,0.12800598987707068,0.12800598987707068,0.12800598987707068,0.12800598987707068,0.1280059898770706,0.1280059898770706,0.12800598987707063,0.1280059898770706,0.12800598987707063,0.12800598987707063,0.12800598987707063,0.1280059898770706,0.12800598987707063,0.12800598987707063,0.12800598987707065,0.1280059898770706,0.1280059898770706,0.12800598987707063,0.1280059898770706,0.12800598987707057,0.12800598987707057,0.1280059898770706,0.12800598987707057,0.12800598987707057,0.1280059898770706,0.12800598987707057,0.1280059898770706,0.12800598987707063,0.1280059898770706,0.12800598987707063,0.12800598987707063,0.12800598987707057,0.12800598987707057,0.12800598987707054,0.1280059898770706,0.12800598987707063,0.12800598987707063,0.12800598987707063,0.1280059898770706,0.1280059898770706,0.1280059898770706,0.1280059898770706,0.12800598987707057,0.12800598987707065,0.1280059898770706,0.1280059898770706,0.12800598987707057,0.12800598987707068,0.12800598987707063,0.12800598987707063,0.12800598987707065,0.12800598987707063,0.12800598987707063,0.12800598987707057,0.12800598987707065,0.12800598987707065,0.12800598987707063,0.12800598987707063,0.12800598987707065,0.12800598987707065,0.12800598987707063,0.12800598987707063,0.12800598987707065,0.12800598987707063,0.12800598987707065,0.12800598987707063,0.1280059898770706,0.1280059898770706,0.12800598987707063,0.12800598987707068,0.12800598987707065,0.12800598987707068,0.12800598987707063,0.12800598987707068,0.12800598987707063,0.12800598987707065,0.12800598987707068,0.12800598987707065,0.12800598987707065,0.12800598987707065,0.12800598987707068,0.12800598987707063,0.12800598987707063,0.12800598987707063,0.12800598987707063,0.12800598987707065,0.12800598987707065,0.12800598987707063,0.12800598987707063,0.12800598987707065,0.12800598987707063,0.12800598987707068,0.12800598987707054,0.12800598987707068,0.12800598987707065,0.12800598987707057,0.12800598987707063,0.1280059898770706,0.12800598987707063,0.1280059898770706,0.12800598987707063,0.12800598987707063,0.12800598987707074,0.1280059898770706,0.1280059898770706,0.12800598987707065,0.12800598987707065,0.12800598987707068,0.12800598987707065,0.12800598987707065,0.12800598987707063,0.1280059898770706,0.12800598987707063,0.12800598987707065,0.12800598987707065,0.12800598987707065,0.12800598987707063,0.12800598987707063,0.12800598987707068,0.12800598987707065,0.12800598987707065,0.12800598987707065,0.12800598987707065,0.12800598987707065,0.12800598987707063,0.12800598987707063,0.12800598987707063,0.12800598987707063,0.12800598987707063,0.1280059898770706,0.1280059898770706,0.12800598987707063,0.12800598987707068,0.12800598987707057,0.12800598987707065,0.12800598987707065,0.12800598987707063,0.1280059898770706,0.12800598987707065,0.12800598987707065,0.12800598987707057,0.12800598987707068,0.12800598987707068,0.12800598987707068,0.12800598987707068,0.12800598987707065,0.12800598987707068,0.12800598987707065,0.1280059898770707,0.12800598987707065,0.1280059898770707,0.12800598987707068,0.12800598987707076,0.12800598987707068,0.12800598987707068,0.12800598987707065,0.12800598987707068,0.12800598987707068,0.12800598987707065,0.1280059898770707,0.12800598987707065,0.1280059898770707,0.1280059898770707,0.1280059898770707,0.12800598987707068,0.12800598987707068,0.12800598987707065,0.12800598987707074,0.12800598987707074,0.1280059898770707,0.1280059898770707,0.1280059898770707,0.1280059898770707,0.12800598987707065,0.12800598987707068,0.12800598987707068,0.1280059898770707,0.1280059898770707,0.12800598987707068,0.12800598987707074,0.12800598987707068,0.12800598987707068,0.12800598987707065,0.12800598987707076,0.12800598987707074,0.12800598987707074,0.1280059898770707,0.1280059898770707,0.12800598987707074,0.1280059898770707,0.12800598987707068,0.1280059898770707,0.12800598987707074,0.12800598987707074,0.12800598987707074,0.1280059898770707,0.1280059898770707,0.1280059898770707,0.1280059898770707,0.12800598987707076,0.12800598987707076,0.12800598987707074,0.12800598987707074,0.12800598987707074,0.1280059898770707,0.1280059898770707,0.12800598987707076,0.12800598987707074,0.12800598987707074,0.12800598987707074,0.12800598987707074,0.1280059898770707,0.12800598987707076,0.12800598987707074,0.12800598987707074,0.12800598987707076,0.12800598987707076,0.1280059898770707,0.12800598987707074,0.1280059898770707,0.1280059898770707,0.1280059898770707,0.12800598987707074,0.12800598987707074,0.12800598987707076,0.1280059898770708,0.12800598987707076,0.12800598987707076,0.1280059898770707,0.12800598987707076,0.12800598987707076,0.12800598987707076,0.12800598987707076,0.1280059898770708,0.12800598987707076,0.1280059898770708,0.12800598987707076,0.12800598987707074,0.12800598987707076,0.12800598987707076,0.12800598987707074,0.12800598987707076,0.1280059898770708,0.12800598987707076,0.12800598987707074,0.12800598987707074,0.12800598987707076,0.12800598987707074,0.12800598987707076,0.1280059898770708,0.12800598987707076,0.12800598987707076,0.12800598987707074,0.1280059898770708,0.1280059898770707,0.1280059898770707,0.12800598987707068,0.1280059898770708,0.12800598987707074,0.12800598987707068,0.12800598987707074,0.12800598987707074,0.12800598987707068,0.12800598987707074,0.12800598987707074,0.1280059898770707,0.1280059898770707,0.12800598987707068,0.12800598987707068,0.1280059898770707,0.1280059898770707,0.12800598987707068,0.1280059898770707,0.1280059898770707,0.12800598987707074,0.1280059898770707,0.12800598987707074,0.12800598987707068,0.12800598987707068,0.1280059898770707,0.12800598987707074,0.12800598987707068,0.12800598987707068,0.1280059898770707,0.1280059898770707,0.12800598987707068,0.12800598987707065,0.12800598987707068,0.1280059898770707,0.1280059898770707,0.12800598987707068,0.12800598987707074,0.1280059898770707,0.1280059898770707,0.12800598987707063,0.12800598987707065,0.1280059898770707,0.12800598987707068,0.12800598987707068,0.12800598987707068,0.1280059898770707,0.12800598987707068,0.1280059898770707,0.1280059898770707,0.1280059898770707,0.1280059898770707,0.12800598987707068,0.1280059898770707,0.1280059898770707,0.1280059898770707,0.1280059898770707,0.1280059898770707,0.12800598987707068,0.12800598987707068,0.12800598987707068,0.12800598987707068,0.12800598987707068,0.12800598987707068,0.12800598987707068,0.12800598987707068,0.12800598987707068,0.12800598987707065,0.12800598987707065,0.12800598987707063,0.12800598987707065,0.12800598987707065,0.12800598987707068,0.1280059898770707,0.12800598987707068,0.12800598987707068,0.12800598987707068,0.12800598987707065,0.12800598987707068,0.12800598987707065,0.12800598987707068,0.12800598987707068,0.12800598987707065,0.1280059898770707,0.1280059898770707,0.12800598987707065,0.12800598987707068,0.12800598987707068,0.12800598987707068,0.12800598987707068,0.12800598987707068,0.12800598987707068,0.12800598987707068,0.12800598987707068,0.12800598987707068,0.12800598987707068,0.12800598987707068,0.12800598987707068,0.12800598987707068,0.1280059898770707,0.1280059898770706,0.12800598987707065,0.12800598987707065,0.12800598987707065,0.12800598987707065,0.12800598987707068,0.12800598987707065,0.12800598987707065,0.12800598987707065,0.12800598987707063,0.12800598987707065,0.12800598987707068,0.12800598987707068,0.12800598987707068,0.12800598987707068,0.12800598987707068,0.12800598987707065,0.12800598987707068,0.12800598987707068,0.12800598987707068,0.12800598987707068,0.12800598987707063,0.12800598987707068,0.12800598987707068,0.12800598987707068,0.12800598987707068,0.12800598987707068,0.1280059898770707,0.12800598987707068,0.12800598987707065,0.12800598987707063,0.12800598987707065,0.12800598987707065,0.12800598987707063,0.12800598987707065,0.12800598987707065,0.12800598987707068,0.12800598987707065,0.12800598987707046,0.12800598987707063,0.12800598987707068,0.1280059898770706,0.12800598987707065,0.12800598987707065,0.12800598987707057,0.12800598987707065,0.12800598987707046,0.12800598987707085,0.12800598987707082,0.12800598987707087,0.12800598987707087,0.12800598987707085,0.12800598987707087,0.12800598987707087,0.12800598987707087,0.12800598987707085,0.12800598987707087,0.1280059898770709,0.12800598987707085,0.12800598987707087,0.12800598987707087,0.12800598987707087,0.12800598987707085,0.12800598987707087,0.1280059898770709,0.12800598987707087,0.12800598987707087,0.12800598987707085,0.12800598987707087,0.1280059898770709,0.1280059898770709,0.12800598987707093,0.1280059898770709,0.1280059898770709,0.12800598987707087,0.1280059898770709,0.12800598987707085,0.12800598987707087,0.12800598987707085,0.12800598987707085,0.12800598987707087,0.1280059898770709,0.12800598987707087,0.1280059898770709,0.12800598987707087,0.12800598987707087,0.12800598987707087,0.12800598987707087,0.12800598987707087,0.12800598987707087,0.12800598987707096,0.1280059898770709,0.12800598987707093,0.12800598987707093,0.12800598987707087,0.1280059898770709,0.12800598987707093,0.1280059898770709,0.12800598987707085,0.12800598987707085,0.12800598987707093,0.12800598987707096,0.12800598987707093,0.1280059898770709,0.1280059898770709,0.12800598987707087,0.12800598987707093,0.12800598987707096,0.1280059898770709,0.1280059898770709,0.12800598987707096,0.12800598987707096,0.12800598987707093,0.12800598987707093,0.1280059898770709,0.1280059898770709,0.12800598987707093,0.1280059898770709,0.12800598987707096,0.12800598987707087,0.12800598987707093,0.12800598987707099,0.1280059898770709,0.1280059898770709,0.12800598987707093,0.12800598987707093,0.12800598987707085,0.1280059898770709,0.1280059898770709,0.12800598987707087,0.1280059898770709,0.12800598987707093,0.12800598987707087,0.12800598987707087,0.12800598987707085,0.12800598987707087,0.12800598987707087,0.12800598987707087,0.12800598987707087,0.12800598987707087,0.12800598987707087,0.12800598987707087,0.12800598987707087,0.12800598987707087,0.12800598987707087,0.12800598987707087,0.12800598987707087,0.12800598987707085,0.12800598987707087,0.12800598987707087,0.12800598987707087,0.12800598987707087,0.12800598987707087,0.12800598987707085,0.12800598987707082,0.12800598987707085,0.12800598987707087,0.12800598987707087,0.1280059898770709,0.12800598987707085,0.12800598987707087,0.12800598987707085,0.12800598987707087,0.1280059898770709,0.12800598987707082,0.12800598987707085,0.12800598987707082,0.12800598987707085,0.12800598987707087,0.12800598987707087,0.12800598987707087,0.12800598987707085,0.12800598987707085,0.12800598987707087,0.12800598987707085,0.1280059898770709,0.12800598987707085,0.12800598987707087,0.1280059898770709,0.12800598987707087,0.12800598987707087,0.12800598987707085,0.12800598987707087,0.1280059898770708,0.12800598987707082,0.12800598987707085,0.12800598987707087,0.12800598987707087,0.12800598987707085,0.12800598987707085,0.12800598987707087,0.12800598987707087,0.12800598987707085,0.12800598987707085,0.1280059898770709,0.12800598987707087,0.1280059898770708,0.12800598987707087,0.12800598987707085,0.12800598987707085,0.12800598987707087,0.12800598987707087,0.12800598987707087,0.12800598987707082,0.12800598987707087,0.12800598987707087,0.12800598987707085,0.1280059898770708,0.12800598987707082,0.1280059898770708,0.12800598987707085,0.12800598987707082,0.12800598987707082,0.12800598987707082,0.12800598987707087,0.12800598987707082,0.12800598987707087,0.12800598987707085,0.12800598987707087,0.1280059898770708,0.12800598987707087,0.1280059898770708,0.12800598987707087,0.1280059898770708,0.12800598987707085,0.12800598987707087,0.12800598987707087,0.12800598987707087,0.12800598987707082,0.1280059898770708,0.12800598987707085,0.1280059898770708,0.12800598987707082,0.12800598987707085,0.12800598987707082,0.12800598987707082,0.12800598987707082,0.12800598987707085,0.12800598987707082,0.12800598987707085,0.12800598987707085,0.12800598987707085,0.12800598987707082,0.12800598987707082,0.12800598987707085,0.1280059898770708,0.12800598987707085,0.12800598987707082,0.12800598987707085,0.12800598987707085,0.12800598987707085,0.12800598987707082,0.12800598987707082,0.12800598987707085,0.12800598987707085,0.12800598987707085,0.12800598987707082,0.12800598987707082,0.12800598987707085,0.12800598987707087,0.12800598987707085,0.12800598987707082,0.12800598987707087,0.12800598987707082,0.12800598987707087,0.12800598987707087,0.12800598987707087,0.1280059898770708,0.12800598987707085,0.12800598987707085,0.12800598987707085,0.12800598987707085,0.12800598987707087,0.12800598987707085,0.12800598987707082,0.12800598987707085,0.12800598987707087,0.12800598987707085,0.12800598987707085,0.1280059898770709,0.12800598987707085,0.12800598987707087,0.12800598987707085,0.12800598987707087,0.12800598987707085,0.12800598987707087,0.1280059898770709,0.12800598987707085,0.12800598987707085,0.12800598987707087,0.1280059898770709,0.12800598987707082,0.12800598987707085,0.12800598987707082,0.12800598987707085,0.1280059898770709,0.12800598987707087,0.12800598987707082,0.1280059898770709,0.12800598987707087,0.12800598987707087,0.12800598987707085,0.12800598987707082,0.12800598987707087,0.12800598987707082,0.12800598987707085,0.12800598987707085,0.12800598987707087,0.12800598987707085,0.12800598987707087,0.12800598987707087,0.12800598987707085,0.12800598987707087,0.12800598987707087,0.12800598987707085,0.12800598987707085,0.12800598987707087,0.12800598987707087,0.12800598987707085,0.12800598987707087,0.12800598987707087,0.12800598987707087,0.12800598987707085,0.12800598987707087,0.12800598987707085,0.1280059898770709,0.12800598987707087,0.12800598987707087,0.12800598987707087,0.12800598987707087,0.12800598987707087,0.12800598987707087,0.12800598987707093,0.12800598987707085,0.12800598987707085,0.12800598987707087,0.1280059898770709,0.1280059898770709,0.12800598987707085,0.12800598987707087,0.12800598987707082,0.12800598987707087,0.12800598987707087,0.12800598987707087,0.12800598987707085,0.12800598987707085,0.12800598987707087,0.12800598987707085,0.12800598987707087,0.12800598987707087,0.12800598987707087,0.12800598987707087,0.12800598987707087,0.12800598987707087,0.12800598987707085,0.12800598987707087,0.12800598987707087,0.12800598987707087,0.12800598987707085,0.12800598987707082,0.12800598987707087,0.12800598987707087,0.12800598987707087,0.12800598987707087,0.12800598987707085,0.12800598987707087,0.12800598987707093,0.1280059898770709,0.12800598987707085,0.1280059898770709,0.12800598987707087,0.1280059898770709,0.12800598987707087,0.12800598987707085,0.12800598987707087,0.12800598987707087,0.12800598987707087,0.12800598987707087,0.12800598987707087,0.12800598987707087,0.12800598987707087,0.12800598987707087,0.12800598987707085,0.12800598987707087,0.12800598987707087,0.12800598987707087,0.12800598987707087,0.12800598987707085,0.12800598987707087,0.12800598987707087,0.1280059898770709,0.12800598987707087,0.12800598987707087,0.12800598987707082,0.12800598987707085,0.12800598987707087,0.12800598987707087,0.12800598987707085,0.12800598987707085,0.12800598987707087,0.12800598987707087,0.12800598987707085,0.12800598987707085,0.12800598987707087,0.12800598987707085,0.1280059898770709,0.12800598987707087,0.12800598987707087,0.1280059898770709,0.12800598987707087,0.12800598987707087,0.12800598987707087,0.12800598987707087,0.12800598987707087,0.12800598987707087,0.12800598987707087,0.12800598987707087,0.1280059898770708,0.12800598987707087,0.12800598987707085,0.12800598987707085,0.12800598987707085,0.12800598987707085,0.12800598987707085,0.12800598987707085,0.12800598987707085,0.12800598987707085,0.12800598987707087,0.12800598987707087,0.12800598987707087,0.12800598987707087,0.12800598987707085,0.12800598987707087,0.12800598987707082,0.12800598987707085,0.12800598987707085,0.12800598987707087,0.12800598987707085,0.12800598987707082,0.12800598987707087,0.12800598987707087,0.12800598987707087,0.12800598987707085,0.12800598987707087,0.12800598987707087,0.12800598987707087,0.12800598987707085,0.12800598987707087,0.1280059898770708,0.12800598987707082,0.12800598987707085,0.12800598987707087,0.1280059898770708,0.12800598987707085,0.12800598987707085,0.12800598987707087,0.12800598987707087,0.12800598987707087,0.12800598987707085,0.12800598987707085,0.1280059898770709,0.12800598987707087,0.12800598987707087,0.12800598987707087,0.12800598987707087,0.12800598987707085,0.12800598987707087,0.12800598987707087,0.12800598987707085,0.12800598987707085,0.12800598987707087,0.12800598987707085,0.12800598987707085,0.12800598987707082,0.12800598987707082,0.12800598987707087,0.12800598987707085,0.12800598987707085,0.12800598987707085,0.12800598987707087,0.12800598987707087,0.12800598987707087,0.12800598987707085,0.12800598987707087,0.12800598987707085,0.12800598987707082,0.12800598987707085,0.12800598987707085,0.12800598987707085,0.12800598987707087,0.12800598987707082,0.12800598987707082,0.1280059898770708,0.12800598987707087,0.12800598987707087,0.12800598987707085,0.12800598987707085,0.12800598987707087,0.12800598987707082,0.12800598987707085,0.12800598987707087,0.12800598987707087,0.12800598987707085,0.12800598987707085,0.12800598987707085,0.12800598987707085,0.12800598987707082,0.12800598987707082,0.1280059898770708,0.12800598987707082,0.1280059898770708,0.12800598987707082,0.12800598987707082,0.12800598987707087,0.1280059898770708,0.12800598987707082,0.12800598987707082,0.12800598987707082,0.12800598987707082,0.12800598987707082,0.12800598987707082,0.12800598987707082,0.12800598987707082,0.12800598987707082,0.12800598987707085,0.12800598987707085,0.12800598987707082,0.12800598987707085,0.12800598987707082,0.12800598987707085,0.12800598987707076,0.12800598987707085,0.12800598987707085,0.12800598987707082,0.12800598987707082,0.12800598987707085,0.12800598987707085,0.12800598987707082,0.12800598987707082,0.12800598987707085,0.12800598987707082,0.12800598987707082,0.12800598987707082,0.12800598987707082,0.12800598987707085,0.12800598987707085,0.12800598987707076,0.12800598987707085,0.12800598987707085,0.12800598987707085,0.12800598987707085,0.12800598987707082,0.12800598987707087,0.12800598987707087,0.12800598987707085,0.12800598987707085,0.12800598987707087,0.12800598987707085,0.12800598987707085,0.12800598987707082,0.12800598987707085,0.12800598987707087,0.12800598987707082,0.1280059898770708,0.12800598987707082,0.12800598987707082,0.12800598987707082,0.12800598987707087,0.12800598987707087,0.12800598987707087,0.12800598987707085,0.12800598987707087,0.12800598987707087,0.12800598987707087,0.12800598987707085,0.12800598987707087,0.1280059898770709,0.12800598987707087,0.12800598987707087,0.1280059898770709,0.12800598987707087,0.12800598987707087,0.12800598987707085,0.12800598987707087,0.12800598987707085,0.12800598987707093,0.12800598987707093,0.12800598987707093,0.1280059898770709,0.12800598987707093,0.1280059898770709,0.1280059898770709,0.1280059898770709,0.1280059898770709,0.12800598987707096,0.12800598987707096,0.1280059898770709,0.1280059898770709,0.12800598987707093,0.12800598987707099,0.1280059898770709,0.1280059898770709,0.1280059898770709,0.1280059898770709,0.12800598987707093,0.12800598987707096,0.12800598987707093,0.12800598987707096,0.12800598987707096,0.12800598987707093,0.12800598987707093,0.12800598987707087,0.12800598987707087,0.1280059898770709,0.12800598987707087,0.12800598987707087,0.1280059898770709,0.12800598987707093,0.12800598987707093,0.1280059898770709,0.12800598987707093,0.12800598987707096,0.12800598987707093,0.12800598987707093,0.12800598987707093,0.1280059898770709,0.12800598987707093,0.12800598987707093,0.12800598987707093,0.12800598987707093,0.1280059898770709,0.12800598987707096,0.12800598987707099,0.12800598987707096,0.12800598987707096,0.12800598987707093,0.12800598987707096,0.12800598987707099,0.12800598987707099,0.12800598987707099,0.12800598987707093,0.128005989877071,0.12800598987707096,0.12800598987707096,0.12800598987707093,0.12800598987707099,0.128005989877071,0.12800598987707096,0.12800598987707096,0.12800598987707093,0.12800598987707096,0.12800598987707096,0.12800598987707096,0.12800598987707099,0.12800598987707099,0.12800598987707096,0.12800598987707096,0.12800598987707096,0.1280059898770709,0.12800598987707096,0.12800598987707096,0.1280059898770709,0.12800598987707093,0.12800598987707096,0.12800598987707096,0.12800598987707093,0.12800598987707099,0.12800598987707096,0.12800598987707096,0.12800598987707093,0.12800598987707096,0.12800598987707093,0.12800598987707096,0.128005989877071,0.12800598987707099,0.12800598987707096,0.12800598987707096,0.128005989877071,0.12800598987707096,0.12800598987707099,0.12800598987707096,0.128005989877071,0.12800598987707096,0.12800598987707099,0.12800598987707096,0.12800598987707099,0.12800598987707099,0.12800598987707099,0.12800598987707096,0.12800598987707099,0.12800598987707099,0.12800598987707099,0.12800598987707096,0.12800598987707099,0.12800598987707096,0.12800598987707099,0.12800598987707096,0.12800598987707093,0.12800598987707096,0.12800598987707096,0.128005989877071,0.12800598987707096,0.12800598987707096,0.12800598987707096,0.128005989877071,0.12800598987707099,0.12800598987707099,0.12800598987707099,0.12800598987707099,0.12800598987707099,0.12800598987707099,0.12800598987707093,0.12800598987707099,0.12800598987707099,0.12800598987707099,0.12800598987707096,0.12800598987707096,0.12800598987707096,0.12800598987707099,0.12800598987707099,0.12800598987707096,0.12800598987707099,0.128005989877071,0.128005989877071,0.12800598987707096,0.12800598987707096,0.12800598987707096,0.12800598987707099,0.12800598987707096,0.12800598987707096,0.12800598987707093,0.12800598987707096,0.12800598987707099,0.12800598987707096,0.12800598987707099,0.12800598987707096,0.12800598987707096,0.12800598987707096,0.12800598987707099,0.12800598987707096,0.12800598987707104,0.12800598987707096,0.12800598987707096,0.12800598987707096,0.12800598987707107,0.128005989877071,0.128005989877071,0.12800598987707099,0.128005989877071,0.12800598987707099,0.12800598987707099,0.128005989877071,0.12800598987707099,0.12800598987707099,0.12800598987707096,0.12800598987707099,0.12800598987707099,0.12800598987707096,0.12800598987707096,0.128005989877071,0.12800598987707099,0.12800598987707099,0.128005989877071,0.12800598987707104,0.12800598987707096,0.12800598987707096,0.12800598987707099,0.12800598987707096,0.12800598987707099,0.12800598987707107,0.12800598987707099,0.128005989877071,0.12800598987707104,0.128005989877071,0.128005989877071,0.12800598987707099,0.12800598987707096,0.128005989877071,0.12800598987707099,0.128005989877071,0.12800598987707096,0.12800598987707099,0.12800598987707096,0.12800598987707099,0.12800598987707099,0.12800598987707099,0.12800598987707096,0.12800598987707096,0.12800598987707096,0.12800598987707099,0.12800598987707099,0.12800598987707099,0.12800598987707099,0.12800598987707099,0.12800598987707099,0.12800598987707096,0.12800598987707099,0.12800598987707099,0.128005989877071,0.12800598987707096,0.12800598987707096,0.128005989877071,0.12800598987707099,0.12800598987707099,0.12800598987707096,0.12800598987707093,0.12800598987707096,0.12800598987707107,0.12800598987707107,0.12800598987707099,0.128005989877071,0.1280059898770711,0.12800598987707099,0.12800598987707099,0.12800598987707104,0.12800598987707104,0.128005989877071,0.12800598987707096,0.1280059898770711,0.12800598987707096,0.12800598987707096,0.12800598987707099,0.12800598987707099,0.12800598987707099,0.12800598987707099,0.128005989877071,0.128005989877071,0.12800598987707096,0.12800598987707096,0.12800598987707104,0.12800598987707099,0.128005989877071,0.12800598987707099,0.128005989877071,0.128005989877071,0.128005989877071,0.128005989877071,0.12800598987707107,0.12800598987707107,0.12800598987707107,0.12800598987707107,0.12800598987707104,0.12800598987707099,0.12800598987707104,0.12800598987707107,0.12800598987707107,0.12800598987707107,0.12800598987707104,0.12800598987707107,0.12800598987707107,0.12800598987707107,0.12800598987707107,0.12800598987707107,0.12800598987707104,0.12800598987707107,0.12800598987707107,0.12800598987707104,0.128005989877071,0.12800598987707104,0.12800598987707104,0.12800598987707107,0.128005989877071,0.128005989877071,0.12800598987707099,0.12800598987707104,0.12800598987707104,0.12800598987707104,0.12800598987707104,0.12800598987707104,0.128005989877071,0.128005989877071,0.12800598987707104,0.128005989877071,0.128005989877071,0.12800598987707107,0.12800598987707107,0.12800598987707107,0.12800598987707104,0.12800598987707104,0.12800598987707104,0.12800598987707107,0.12800598987707104,0.12800598987707107,0.12800598987707107,0.12800598987707107,0.12800598987707104,0.12800598987707104,0.12800598987707107,0.12800598987707107,0.1280059898770711,0.12800598987707107,0.12800598987707107,0.12800598987707107,0.12800598987707104,0.1280059898770711,0.12800598987707107,0.12800598987707107,0.12800598987707104,0.12800598987707104,0.12800598987707107,0.12800598987707107,0.12800598987707112,0.12800598987707104,0.1280059898770711,0.128005989877071,0.12800598987707107,0.1280059898770711,0.12800598987707107,0.1280059898770711,0.12800598987707107,0.12800598987707107,0.1280059898770711,0.12800598987707107,0.12800598987707107,0.12800598987707104,0.12800598987707107,0.1280059898770711,0.12800598987707107,0.12800598987707107,0.12800598987707107,0.1280059898770711,0.1280059898770711,0.1280059898770711,0.1280059898770711,0.12800598987707107,0.12800598987707107,0.12800598987707115,0.12800598987707104,0.12800598987707107,0.12800598987707104,0.12800598987707107,0.12800598987707104,0.12800598987707115,0.12800598987707112,0.128005989877071,0.1280059898770711,0.12800598987707104,0.12800598987707107,0.1280059898770711,0.12800598987707107,0.12800598987707112,0.12800598987707107,0.1280059898770711,0.12800598987707107,0.12800598987707107,0.1280059898770711,0.12800598987707107,0.12800598987707107,0.12800598987707115,0.12800598987707107,0.12800598987707107,0.12800598987707107,0.12800598987707107,0.12800598987707107,0.12800598987707107,0.12800598987707104,0.1280059898770711,0.12800598987707107,0.12800598987707107,0.12800598987707107,0.12800598987707107,0.12800598987707104,0.1280059898770711,0.12800598987707107,0.12800598987707112,0.12800598987707112,0.12800598987707107,0.1280059898770711,0.1280059898770711,0.1280059898770711,0.12800598987707115,0.12800598987707107,0.12800598987707107,0.1280059898770711,0.12800598987707112,0.1280059898770711,0.12800598987707115,0.12800598987707115,0.12800598987707115,0.12800598987707115,0.12800598987707112,0.12800598987707115,0.1280059898770711,0.12800598987707112,0.1280059898770711,0.12800598987707115,0.12800598987707112,0.1280059898770711,0.12800598987707112,0.12800598987707112,0.12800598987707115,0.12800598987707107,0.12800598987707112,0.1280059898770711,0.1280059898770711,0.1280059898770711,0.12800598987707112,0.12800598987707107,0.12800598987707115,0.12800598987707112,0.12800598987707107,0.1280059898770711,0.12800598987707112,0.12800598987707107,0.12800598987707112,0.1280059898770711,0.12800598987707107,0.1280059898770711,0.12800598987707112,0.1280059898770711,0.1280059898770711,0.1280059898770711,0.1280059898770711,0.12800598987707112,0.12800598987707107,0.1280059898770711,0.12800598987707112,0.12800598987707112,0.1280059898770711,0.12800598987707112,0.1280059898770711,0.12800598987707107,0.12800598987707112,0.1280059898770711,0.12800598987707115,0.1280059898770711,0.1280059898770711,0.12800598987707115,0.12800598987707112,0.1280059898770711,0.1280059898770711,0.12800598987707112,0.12800598987707112,0.1280059898770711,0.12800598987707107,0.12800598987707107,0.1280059898770711,0.1280059898770711,0.1280059898770711,0.1280059898770711,0.12800598987707107,0.1280059898770711,0.12800598987707104,0.12800598987707107,0.1280059898770711,0.1280059898770711,0.12800598987707112,0.1280059898770711,0.12800598987707112,0.12800598987707115,0.12800598987707115,0.12800598987707115,0.12800598987707112,0.12800598987707115,0.12800598987707112,0.12800598987707115,0.12800598987707115,0.12800598987707115,0.12800598987707115,0.12800598987707118,0.12800598987707115,0.12800598987707115,0.12800598987707112,0.12800598987707112,0.1280059898770711,0.12800598987707115,0.1280059898770711,0.12800598987707115,0.12800598987707112,0.1280059898770711,0.12800598987707112,0.12800598987707115,0.12800598987707112,0.12800598987707112,0.12800598987707115,0.12800598987707115,0.12800598987707115,0.12800598987707115,0.12800598987707115,0.12800598987707112,0.12800598987707118,0.12800598987707112,0.12800598987707115,0.12800598987707115,0.12800598987707115,0.12800598987707115,0.12800598987707112,0.12800598987707115,0.12800598987707115,0.12800598987707118,0.12800598987707115,0.12800598987707124,0.12800598987707118,0.12800598987707115,0.12800598987707115,0.1280059898770712,0.12800598987707118,0.12800598987707118,0.12800598987707112,0.12800598987707118,0.12800598987707115,0.12800598987707115,0.12800598987707115,0.12800598987707104,0.12800598987707107,0.1280059898770711,0.12800598987707107,0.1280059898770711,0.12800598987707107,0.12800598987707107,0.12800598987707112,0.12800598987707104,0.12800598987707112,0.1280059898770711,0.1280059898770711,0.1280059898770711,0.1280059898770711,0.1280059898770711,0.12800598987707107,0.12800598987707107,0.1280059898770711,0.12800598987707107,0.12800598987707107,0.12800598987707104,0.12800598987707107,0.12800598987707107,0.12800598987707107,0.1280059898770711,0.1280059898770711,0.1280059898770711,0.12800598987707112,0.1280059898770711,0.12800598987707104,0.12800598987707107,0.12800598987707104,0.12800598987707115,0.1280059898770711,0.12800598987707107,0.12800598987707104,0.12800598987707107,0.12800598987707107,0.12800598987707107,0.1280059898770711,0.1280059898770711,0.1280059898770711,0.12800598987707107,0.1280059898770711,0.12800598987707107,0.12800598987707107,0.12800598987707104,0.12800598987707104,0.12800598987707107,0.1280059898770711,0.12800598987707107,0.12800598987707104,0.12800598987707107,0.12800598987707104,0.12800598987707107,0.12800598987707107,0.12800598987707107,0.12800598987707107,0.12800598987707104,0.12800598987707107,0.1280059898770711,0.12800598987707104,0.128005989877071,0.12800598987707104,0.12800598987707104,0.12800598987707104,0.128005989877071,0.128005989877071,0.12800598987707107,0.128005989877071,0.12800598987707107,0.12800598987707104,0.12800598987707107,0.12800598987707104,0.12800598987707107,0.12800598987707107,0.12800598987707107,0.12800598987707104,0.12800598987707107,0.12800598987707107,0.12800598987707107,0.12800598987707107,0.12800598987707107,0.12800598987707099,0.12800598987707104,0.128005989877071,0.12800598987707104,0.12800598987707107,0.12800598987707104,0.12800598987707104,0.12800598987707104,0.12800598987707096,0.128005989877071,0.12800598987707107,0.12800598987707104,0.12800598987707107,0.12800598987707104,0.12800598987707104,0.12800598987707104,0.128005989877071,0.12800598987707093,0.12800598987707104,0.12800598987707104,0.12800598987707104,0.128005989877071,0.128005989877071,0.12800598987707099,0.128005989877071,0.1280059898770711,0.12800598987707107,0.12800598987707107,0.12800598987707107,0.1280059898770711,0.12800598987707107,0.12800598987707104,0.12800598987707107,0.12800598987707104,0.12800598987707104,0.12800598987707107,0.12800598987707104,0.12800598987707107,0.12800598987707104,0.12800598987707104,0.128005989877071,0.128005989877071,0.12800598987707104,0.12800598987707104,0.12800598987707104,0.12800598987707104,0.12800598987707104,0.128005989877071,0.12800598987707099,0.128005989877071,0.12800598987707104,0.12800598987707099,0.128005989877071,0.128005989877071,0.128005989877071,0.12800598987707104,0.12800598987707104,0.12800598987707104,0.12800598987707104,0.12800598987707104,0.128005989877071,0.12800598987707104,0.12800598987707104,0.12800598987707104,0.12800598987707104,0.128005989877071,0.128005989877071,0.12800598987707104,0.128005989877071,0.12800598987707104,0.12800598987707104,0.12800598987707096,0.128005989877071,0.128005989877071,0.128005989877071,0.128005989877071,0.12800598987707104,0.12800598987707104,0.12800598987707099,0.12800598987707104,0.12800598987707104,0.12800598987707104,0.12800598987707104,0.12800598987707104,0.128005989877071,0.128005989877071,0.12800598987707099,0.128005989877071,0.12800598987707107,0.1280059898770711,0.12800598987707107,0.12800598987707107,0.12800598987707107,0.12800598987707107,0.12800598987707107,0.12800598987707104,0.12800598987707104,0.12800598987707107,0.12800598987707107,0.12800598987707107,0.12800598987707104,0.12800598987707107,0.1280059898770711,0.12800598987707107,0.12800598987707107,0.12800598987707107,0.12800598987707107,0.12800598987707107,0.12800598987707107,0.1280059898770711,0.12800598987707112,0.12800598987707104,0.12800598987707107,0.12800598987707107,0.12800598987707107,0.1280059898770706,0.12800598987707087,0.12800598987707096,0.12800598987707096,0.12800598987707096,0.12800598987707099,0.12800598987707096,0.12800598987707096,0.12800598987707096,0.12800598987707096,0.12800598987707096,0.12800598987707096,0.12800598987707093,0.12800598987707093,0.12800598987707093,0.12800598987707093,0.12800598987707096,0.12800598987707096,0.12800598987707099,0.12800598987707099,0.1280059898770709,0.12800598987707093,0.12800598987707093,0.12800598987707096,0.12800598987707093,0.12800598987707096,0.12800598987707096,0.12800598987707087,0.12800598987707087,0.12800598987707096,0.12800598987707093,0.12800598987707093,0.12800598987707093,0.12800598987707096,0.1280059898770709,0.1280059898770709,0.12800598987707093,0.12800598987707096,0.12800598987707096,0.12800598987707093,0.12800598987707096,0.12800598987707093,0.12800598987707096,0.12800598987707093,0.12800598987707096,0.12800598987707093,0.12800598987707093,0.12800598987707093,0.1280059898770709,0.12800598987707093,0.12800598987707087,0.12800598987707093,0.12800598987707093,0.12800598987707093,0.1280059898770709,0.12800598987707087,0.1280059898770709,0.1280059898770709,0.12800598987707087,0.12800598987707087,0.1280059898770709,0.1280059898770709,0.12800598987707087,0.12800598987707087,0.12800598987707087,0.1280059898770709,0.12800598987707087,0.1280059898770709,0.12800598987707087,0.12800598987707087,0.1280059898770709,0.1280059898770709,0.12800598987707087,0.12800598987707087,0.1280059898770709,0.1280059898770709,0.12800598987707087,0.12800598987707087,0.1280059898770709,0.12800598987707093,0.1280059898770709,0.12800598987707093,0.12800598987707093,0.12800598987707093,0.1280059898770709,0.12800598987707096,0.12800598987707093,0.12800598987707087,0.1280059898770709,0.12800598987707093,0.12800598987707093,0.1280059898770709,0.12800598987707087,0.1280059898770709,0.12800598987707093,0.1280059898770709,0.12800598987707096,0.1280059898770709,0.12800598987707093,0.1280059898770709,0.12800598987707096,0.12800598987707093,0.12800598987707093,0.12800598987707093,0.12800598987707087,0.12800598987707093,0.1280059898770709,0.12800598987707093,0.1280059898770709,0.12800598987707099,0.1280059898770709,0.1280059898770709,0.12800598987707087,0.12800598987707085,0.12800598987707085,0.12800598987707087,0.12800598987707085,0.12800598987707085,0.12800598987707087,0.12800598987707085,0.12800598987707087,0.12800598987707087,0.1280059898770709,0.12800598987707085,0.1280059898770709,0.12800598987707087,0.1280059898770709,0.12800598987707087,0.12800598987707087,0.12800598987707087,0.12800598987707085,0.12800598987707087,0.12800598987707087,0.12800598987707087,0.12800598987707087,0.1280059898770709,0.12800598987707087,0.12800598987707087,0.12800598987707085,0.12800598987707087,0.12800598987707087,0.12800598987707087,0.12800598987707085,0.12800598987707087,0.12800598987707085,0.12800598987707085,0.12800598987707085,0.12800598987707087,0.12800598987707087,0.12800598987707087,0.12800598987707087,0.12800598987707087,0.12800598987707087,0.12800598987707085,0.12800598987707087,0.12800598987707087,0.1280059898770709,0.12800598987707087,0.12800598987707087,0.12800598987707087,0.12800598987707087,0.12800598987707087,0.12800598987707087,0.12800598987707087,0.12800598987707096,0.12800598987707087,0.12800598987707093,0.1280059898770709,0.12800598987707087,0.1280059898770709,0.1280059898770709,0.12800598987707085,0.12800598987707087,0.12800598987707087,0.12800598987707085,0.1280059898770709,0.12800598987707087,0.12800598987707087,0.12800598987707085,0.12800598987707085,0.12800598987707082,0.1280059898770709,0.12800598987707087,0.12800598987707087,0.12800598987707087,0.12800598987707087,0.1280059898770709,0.12800598987707087,0.12800598987707087,0.12800598987707085,0.12800598987707087,0.12800598987707085,0.12800598987707093,0.1280059898770709,0.12800598987707087,0.12800598987707087,0.12800598987707087,0.12800598987707085,0.12800598987707087,0.12800598987707087,0.12800598987707096,0.12800598987707087,0.12800598987707087,0.1280059898770709,0.1280059898770709,0.12800598987707085,0.1280059898770709,0.12800598987707087,0.1280059898770709,0.1280059898770709,0.12800598987707093,0.12800598987707087,0.1280059898770709,0.1280059898770709,0.12800598987707096,0.12800598987707096,0.1280059898770709,0.1280059898770709,0.12800598987707093,0.1280059898770709,0.1280059898770709,0.12800598987707087,0.12800598987707085,0.1280059898770709,0.12800598987707093,0.12800598987707093,0.12800598987707096,0.12800598987707093,0.12800598987707096,0.12800598987707093,0.12800598987707096,0.12800598987707087,0.1280059898770709,0.1280059898770709,0.12800598987707093,0.1280059898770709,0.1280059898770709,0.12800598987707096,0.1280059898770709,0.1280059898770709,0.12800598987707099,0.1280059898770709,0.12800598987707096,0.12800598987707087,0.1280059898770709,0.1280059898770709,0.1280059898770709,0.12800598987707087,0.12800598987707085,0.1280059898770709,0.12800598987707104,0.12800598987707087,0.12800598987707085,0.12800598987707085,0.12800598987707087,0.12800598987707087,0.12800598987707087,0.12800598987707087,0.12800598987707087,0.12800598987707087,0.12800598987707087,0.12800598987707087,0.12800598987707093,0.1280059898770709,0.12800598987707087,0.12800598987707087,0.12800598987707087,0.12800598987707087,0.12800598987707087,0.12800598987707087,0.12800598987707085,0.12800598987707087,0.12800598987707087,0.1280059898770709,0.1280059898770709,0.1280059898770709,0.12800598987707085,0.12800598987707087,0.12800598987707093,0.12800598987707096,0.12800598987707087,0.12800598987707087,0.12800598987707087,0.12800598987707087,0.1280059898770709,0.1280059898770709,0.1280059898770709,0.1280059898770709,0.12800598987707087,0.1280059898770709,0.12800598987707099,0.12800598987707087,0.12800598987707093,0.12800598987707087,0.12800598987707087,0.12800598987707087,0.12800598987707087,0.12800598987707087,0.1280059898770709,0.12800598987707087,0.12800598987707087,0.1280059898770709,0.12800598987707087,0.12800598987707093,0.12800598987707087,0.12800598987707087,0.12800598987707093,0.1280059898770709,0.12800598987707087,0.1280059898770709,0.1280059898770709,0.12800598987707085,0.12800598987707085,0.12800598987707087,0.12800598987707087,0.1280059898770709,0.12800598987707085,0.1280059898770709,0.12800598987707085,0.12800598987707087,0.12800598987707087,0.12800598987707087,0.12800598987707085,0.12800598987707087,0.12800598987707087,0.1280059898770709,0.12800598987707087,0.12800598987707096,0.12800598987707087,0.12800598987707087,0.12800598987707087,0.12800598987707087,0.12800598987707087,0.12800598987707087,0.1280059898770709,0.1280059898770709,0.12800598987707087,0.12800598987707085,0.12800598987707087,0.1280059898770709,0.12800598987707087,0.12800598987707087,0.12800598987707087,0.12800598987707085,0.12800598987707085,0.1280059898770709,0.1280059898770709,0.12800598987707087,0.12800598987707087,0.12800598987707087,0.12800598987707087,0.12800598987707085,0.12800598987707087,0.1280059898770709,0.12800598987707087,0.1280059898770709,0.1280059898770709,0.12800598987707087,0.1280059898770709,0.12800598987707085,0.12800598987707087,0.12800598987707087,0.12800598987707085,0.12800598987707087,0.12800598987707085,0.12800598987707085,0.12800598987707087,0.12800598987707085,0.12800598987707087,0.12800598987707087,0.12800598987707087,0.12800598987707087,0.12800598987707085,0.12800598987707085,0.12800598987707087,0.12800598987707087,0.1280059898770709,0.1280059898770709,0.12800598987707087,0.12800598987707087,0.12800598987707087,0.12800598987707087,0.12800598987707087,0.12800598987707087,0.12800598987707085,0.12800598987707085,0.12800598987707085,0.12800598987707087,0.1280059898770709,0.12800598987707085,0.12800598987707087,0.1280059898770709,0.12800598987707085,0.12800598987707085,0.12800598987707087,0.12800598987707087,0.12800598987707087,0.1280059898770709,0.12800598987707087,0.12800598987707087,0.12800598987707087,0.12800598987707087,0.12800598987707087,0.12800598987707087,0.12800598987707087,0.12800598987707087,0.12800598987707087,0.1280059898770709,0.12800598987707087,0.12800598987707087,0.12800598987707087,0.1280059898770709,0.12800598987707085,0.12800598987707087,0.12800598987707087,0.12800598987707087,0.12800598987707085,0.12800598987707087,0.12800598987707087,0.12800598987707087,0.12800598987707085,0.12800598987707087,0.12800598987707085,0.12800598987707087,0.12800598987707087,0.1280059898770709,0.12800598987707082,0.12800598987707085,0.1280059898770709,0.1280059898770709,0.12800598987707087,0.12800598987707087,0.12800598987707087,0.12800598987707087,0.12800598987707085,0.1280059898770709,0.12800598987707085,0.12800598987707087,0.12800598987707087,0.12800598987707087,0.12800598987707087,0.12800598987707087,0.12800598987707087,0.12800598987707087,0.12800598987707087,0.12800598987707087,0.12800598987707087,0.1280059898770709,0.12800598987707085,0.12800598987707085,0.12800598987707085,0.12800598987707085,0.12800598987707087,0.12800598987707085,0.12800598987707087,0.12800598987707087,0.12800598987707085,0.12800598987707085,0.12800598987707087,0.1280059898770709,0.1280059898770709,0.12800598987707085,0.12800598987707085,0.12800598987707087,0.12800598987707085,0.12800598987707087,0.1280059898770709,0.12800598987707087,0.12800598987707087,0.12800598987707085,0.12800598987707085,0.1280059898770709,0.12800598987707087,0.12800598987707087,0.12800598987707087,0.12800598987707085,0.1280059898770709,0.12800598987707087,0.12800598987707085,0.12800598987707087,0.12800598987707087,0.12800598987707087,0.12800598987707087,0.12800598987707093,0.12800598987707087,0.12800598987707087,0.1280059898770709,0.12800598987707087,0.12800598987707085,0.12800598987707096,0.12800598987707093,0.1280059898770709,0.12800598987707087,0.1280059898770709,0.1280059898770709,0.1280059898770709,0.1280059898770709,0.12800598987707093,0.12800598987707093,0.12800598987707093,0.12800598987707093,0.12800598987707087,0.12800598987707087,0.1280059898770709,0.12800598987707093,0.12800598987707093,0.1280059898770709,0.1280059898770709,0.12800598987707093,0.1280059898770709,0.12800598987707087,0.1280059898770709,0.1280059898770709,0.12800598987707093,0.12800598987707093,0.1280059898770709,0.1280059898770709,0.1280059898770709,0.12800598987707087,0.12800598987707085,0.12800598987707087,0.12800598987707087,0.1280059898770709,0.1280059898770709,0.12800598987707093,0.12800598987707087,0.12800598987707093,0.12800598987707093,0.1280059898770709,0.1280059898770709,0.12800598987707096,0.12800598987707096,0.12800598987707093,0.1280059898770709,0.12800598987707093,0.1280059898770709,0.12800598987707087,0.1280059898770709,0.1280059898770709,0.12800598987707093,0.12800598987707087,0.12800598987707093,0.1280059898770709,0.1280059898770709,0.1280059898770709,0.1280059898770709,0.12800598987707087,0.1280059898770709,0.12800598987707093,0.12800598987707093,0.1280059898770709,0.1280059898770709,0.12800598987707093,0.1280059898770709,0.12800598987707087,0.12800598987707087,0.12800598987707087,0.1280059898770709,0.12800598987707096,0.1280059898770709,0.1280059898770709,0.12800598987707093,0.1280059898770709,0.12800598987707093,0.12800598987707093,0.1280059898770709,0.1280059898770709,0.1280059898770709,0.12800598987707093,0.12800598987707085,0.12800598987707087,0.12800598987707087,0.12800598987707087,0.12800598987707087,0.1280059898770709,0.12800598987707087,0.12800598987707087,0.1280059898770709,0.12800598987707085,0.12800598987707085,0.12800598987707085,0.1280059898770709,0.12800598987707087,0.1280059898770709,0.12800598987707087,0.1280059898770709,0.12800598987707087,0.12800598987707093,0.12800598987707093,0.1280059898770709,0.12800598987707087,0.1280059898770709,0.12800598987707087,0.12800598987707087,0.12800598987707087,0.12800598987707087,0.12800598987707087,0.12800598987707087,0.12800598987707085,0.12800598987707087,0.12800598987707087,0.12800598987707087,0.12800598987707085,0.1280059898770709,0.12800598987707087,0.1280059898770709,0.12800598987707085,0.12800598987707087,0.1280059898770709,0.12800598987707085,0.12800598987707087,0.1280059898770709,0.12800598987707082,0.12800598987707085,0.12800598987707087,0.12800598987707085,0.12800598987707093,0.1280059898770709,0.1280059898770709,0.12800598987707087,0.12800598987707096,0.12800598987707087,0.12800598987707087,0.1280059898770709,0.12800598987707087,0.12800598987707085,0.1280059898770709,0.1280059898770709,0.12800598987707087,0.12800598987707087,0.12800598987707085,0.12800598987707087,0.1280059898770709,0.12800598987707087,0.12800598987707085,0.12800598987707085,0.12800598987707087,0.12800598987707087,0.12800598987707087,0.12800598987707093,0.12800598987707085,0.1280059898770709,0.12800598987707087,0.12800598987707087,0.12800598987707087,0.12800598987707087,0.12800598987707085,0.12800598987707087,0.12800598987707087,0.12800598987707087,0.12800598987707085,0.12800598987707087,0.12800598987707087,0.12800598987707087,0.12800598987707087,0.12800598987707085,0.12800598987707085,0.12800598987707087,0.12800598987707087,0.12800598987707087,0.12800598987707087,0.12800598987707087,0.12800598987707085,0.12800598987707085,0.12800598987707085,0.12800598987707087,0.12800598987707085,0.12800598987707087,0.12800598987707085,0.12800598987707087,0.12800598987707087,0.12800598987707087,0.1280059898770709,0.1280059898770709,0.12800598987707087,0.1280059898770709,0.12800598987707087,0.12800598987707087,0.1280059898770709,0.1280059898770709,0.12800598987707085,0.1280059898770709,0.1280059898770709,0.12800598987707087,0.12800598987707085,0.12800598987707087,0.12800598987707087,0.12800598987707087,0.1280059898770709,0.12800598987707087,0.12800598987707087,0.1280059898770709,0.12800598987707087,0.1280059898770709,0.12800598987707093,0.12800598987707093,0.12800598987707085,0.1280059898770709,0.12800598987707085,0.12800598987707085,0.12800598987707087,0.12800598987707087,0.12800598987707093,0.12800598987707087,0.12800598987707087,0.12800598987707087,0.12800598987707085,0.12800598987707087,0.12800598987707085,0.1280059898770709,0.12800598987707087,0.1280059898770709,0.12800598987707087,0.12800598987707085,0.12800598987707085,0.12800598987707087,0.12800598987707087,0.12800598987707087,0.12800598987707087,0.12800598987707087,0.1280059898770709,0.12800598987707087,0.12800598987707087,0.12800598987707085,0.1280059898770709,0.12800598987707087,0.12800598987707087,0.12800598987707087,0.12800598987707085,0.12800598987707087,0.12800598987707087,0.12800598987707087,0.12800598987707087,0.12800598987707093,0.1280059898770709,0.12800598987707096,0.1280059898770709,0.1280059898770709,0.12800598987707093,0.12800598987707093,0.1280059898770709,0.1280059898770709,0.12800598987707087,0.12800598987707087,0.1280059898770709,0.12800598987707093,0.1280059898770709,0.12800598987707093,0.12800598987707093,0.1280059898770709,0.12800598987707085,0.1280059898770709,0.12800598987707093,0.1280059898770709,0.1280059898770709,0.12800598987707087,0.12800598987707093,0.12800598987707085,0.1280059898770709,0.12800598987707087,0.1280059898770709,0.1280059898770709,0.1280059898770709,0.12800598987707087,0.1280059898770709,0.12800598987707087,0.12800598987707087,0.12800598987707087,0.1280059898770709,0.1280059898770709,0.12800598987707093,0.12800598987707087,0.1280059898770709,0.12800598987707087,0.1280059898770709,0.12800598987707087,0.12800598987707087,0.12800598987707085,0.12800598987707085,0.12800598987707087,0.12800598987707085,0.12800598987707087,0.1280059898770709,0.12800598987707085,0.1280059898770709,0.12800598987707093,0.12800598987707087,0.12800598987707087,0.12800598987707087,0.12800598987707087,0.12800598987707085,0.1280059898770709,0.12800598987707087,0.12800598987707087,0.12800598987707087,0.12800598987707087,0.1280059898770709,0.12800598987707085,0.12800598987707087,0.12800598987707085,0.12800598987707085,0.12800598987707087,0.12800598987707087,0.12800598987707087,0.12800598987707087,0.12800598987707087,0.12800598987707087,0.12800598987707087,0.12800598987707087,0.12800598987707085,0.12800598987707087,0.12800598987707087,0.1280059898770709,0.12800598987707087,0.12800598987707087,0.12800598987707087,0.12800598987707085,0.12800598987707085,0.12800598987707085,0.12800598987707087,0.12800598987707093,0.1280059898770709,0.1280059898770709,0.12800598987707087,0.12800598987707087,0.12800598987707085,0.12800598987707087,0.1280059898770709,0.1280059898770708,0.12800598987707093,0.12800598987707085,0.12800598987707085,0.12800598987707087,0.12800598987707085,0.12800598987707085,0.12800598987707087,0.1280059898770709,0.12800598987707087,0.12800598987707087,0.12800598987707085,0.12800598987707087,0.12800598987707087,0.12800598987707087,0.12800598987707087,0.12800598987707085,0.12800598987707087,0.12800598987707087,0.12800598987707085,0.12800598987707087,0.12800598987707087,0.1280059898770709,0.12800598987707087,0.12800598987707087,0.12800598987707085,0.1280059898770709,0.12800598987707085,0.12800598987707087,0.12800598987707087,0.12800598987707087,0.12800598987707087,0.12800598987707087,0.1280059898770709,0.12800598987707093,0.12800598987707087,0.1280059898770709,0.12800598987707085,0.12800598987707087,0.12800598987707087,0.12800598987707082,0.12800598987707087,0.12800598987707087,0.1280059898770709,0.12800598987707087,0.1280059898770709,0.12800598987707087,0.12800598987707087,0.12800598987707085,0.12800598987707093,0.12800598987707085,0.12800598987707087,0.12800598987707087,0.12800598987707082,0.12800598987707093,0.12800598987707085,0.12800598987707082,0.12800598987707085,0.12800598987707085,0.12800598987707087,0.12800598987707087,0.12800598987707087,0.12800598987707087,0.12800598987707085,0.12800598987707085,0.1280059898770709,0.12800598987707085,0.12800598987707087,0.12800598987707087,0.12800598987707087,0.12800598987707085,0.12800598987707085,0.12800598987707085,0.12800598987707087,0.12800598987707087,0.12800598987707085,0.12800598987707087,0.12800598987707085,0.12800598987707087,0.12800598987707085,0.12800598987707085,0.12800598987707087,0.12800598987707087,0.12800598987707087,0.12800598987707085,0.12800598987707082,0.12800598987707085,0.12800598987707087,0.12800598987707085,0.12800598987707087,0.12800598987707085,0.12800598987707087,0.12800598987707087,0.12800598987707085,0.12800598987707085,0.12800598987707085,0.12800598987707085,0.12800598987707087,0.12800598987707085,0.12800598987707085,0.12800598987707087,0.12800598987707087,0.12800598987707087,0.12800598987707087,0.1280059898770709,0.1280059898770709,0.1280059898770709,0.12800598987707085,0.12800598987707085,0.1280059898770709,0.12800598987707087,0.12800598987707085,0.1280059898770709,0.12800598987707085,0.12800598987707087,0.12800598987707085,0.12800598987707087,0.12800598987707087,0.12800598987707087,0.12800598987707087,0.12800598987707082,0.12800598987707087,0.12800598987707087,0.12800598987707087,0.12800598987707087,0.12800598987707087,0.12800598987707087,0.12800598987707087,0.12800598987707085,0.12800598987707087,0.12800598987707087,0.12800598987707087,0.12800598987707085,0.12800598987707087,0.12800598987707085,0.12800598987707087,0.12800598987707087,0.12800598987707087,0.12800598987707085,0.12800598987707087,0.1280059898770709,0.1280059898770709,0.12800598987707085,0.12800598987707087,0.12800598987707085,0.12800598987707085,0.1280059898770708,0.12800598987707085,0.12800598987707085,0.12800598987707087,0.12800598987707087,0.12800598987707082,0.12800598987707082,0.12800598987707082,0.12800598987707085,0.12800598987707087,0.12800598987707085,0.12800598987707085,0.12800598987707085,0.12800598987707085,0.12800598987707085,0.12800598987707076,0.12800598987707085,0.12800598987707076,0.12800598987707085,0.12800598987707085,0.12800598987707082,0.12800598987707082,0.12800598987707082,0.1280059898770708,0.12800598987707082,0.1280059898770708,0.12800598987707082,0.12800598987707087,0.12800598987707085,0.12800598987707082,0.12800598987707082,0.12800598987707082,0.12800598987707085,0.12800598987707085,0.12800598987707082,0.1280059898770708,0.12800598987707082,0.12800598987707082,0.1280059898770708,0.12800598987707082,0.12800598987707082,0.1280059898770708,0.12800598987707082,0.12800598987707082,0.12800598987707085,0.12800598987707085,0.12800598987707085,0.12800598987707085,0.12800598987707085,0.12800598987707085,0.12800598987707085,0.12800598987707085,0.12800598987707076,0.12800598987707082,0.12800598987707082,0.12800598987707087,0.12800598987707087,0.12800598987707085,0.12800598987707085,0.1280059898770708,0.1280059898770708,0.1280059898770708,0.12800598987707082,0.12800598987707076,0.12800598987707085,0.12800598987707082,0.12800598987707082,0.12800598987707087,0.12800598987707082,0.12800598987707082,0.12800598987707082,0.12800598987707087,0.12800598987707082,0.12800598987707085,0.12800598987707085,0.12800598987707082,0.12800598987707085,0.12800598987707085,0.12800598987707082,0.12800598987707082,0.12800598987707085,0.12800598987707076,0.1280059898770708,0.12800598987707076,0.12800598987707082,0.12800598987707085,0.12800598987707076,0.12800598987707076,0.12800598987707082,0.1280059898770708,0.1280059898770708,0.1280059898770708,0.12800598987707085,0.12800598987707082,0.12800598987707082,0.1280059898770708,0.12800598987707082,0.12800598987707082,0.1280059898770708,0.12800598987707082,0.12800598987707082,0.12800598987707082,0.1280059898770708,0.12800598987707085,0.1280059898770708,0.12800598987707082,0.12800598987707085,0.12800598987707085,0.12800598987707085,0.1280059898770708,0.12800598987707085,0.12800598987707082,0.12800598987707082,0.1280059898770708,0.1280059898770708,0.12800598987707082,0.12800598987707082,0.1280059898770708,0.1280059898770708,0.12800598987707085,0.12800598987707082,0.12800598987707082,0.1280059898770708,0.12800598987707082,0.12800598987707082,0.12800598987707082,0.12800598987707085,0.12800598987707085,0.12800598987707087,0.12800598987707085,0.12800598987707085,0.12800598987707085,0.12800598987707085,0.12800598987707085,0.12800598987707085,0.12800598987707082,0.12800598987707085,0.12800598987707082,0.12800598987707085,0.12800598987707085,0.12800598987707093,0.12800598987707085,0.12800598987707087,0.12800598987707087,0.12800598987707085,0.12800598987707087,0.12800598987707085,0.12800598987707087,0.12800598987707087,0.12800598987707085,0.12800598987707085,0.12800598987707085,0.12800598987707085,0.12800598987707085,0.12800598987707085,0.12800598987707085,0.12800598987707082,0.12800598987707087,0.12800598987707087,0.12800598987707085,0.12800598987707087,0.12800598987707085,0.12800598987707087,0.12800598987707087,0.12800598987707085,0.12800598987707087,0.12800598987707087,0.12800598987707087,0.1280059898770709,0.12800598987707082,0.12800598987707087,0.12800598987707085,0.12800598987707087,0.12800598987707085,0.12800598987707085,0.12800598987707085,0.12800598987707085,0.12800598987707085,0.12800598987707085,0.12800598987707087,0.12800598987707082,0.12800598987707085,0.12800598987707087,0.12800598987707085,0.12800598987707085,0.12800598987707082,0.12800598987707085,0.12800598987707082,0.12800598987707085,0.12800598987707082,0.12800598987707085,0.12800598987707087,0.12800598987707085,0.12800598987707085,0.12800598987707085,0.12800598987707087,0.12800598987707085,0.12800598987707082,0.12800598987707087,0.12800598987707085,0.12800598987707087,0.12800598987707085,0.12800598987707087,0.1280059898770708,0.1280059898770708,0.12800598987707085,0.1280059898770708,0.12800598987707082,0.12800598987707082,0.12800598987707085,0.12800598987707085,0.1280059898770708,0.12800598987707082,0.12800598987707082,0.1280059898770708,0.12800598987707085,0.12800598987707082,0.1280059898770708,0.1280059898770708,0.12800598987707085,0.12800598987707076,0.12800598987707085,0.12800598987707082,0.12800598987707085,0.12800598987707087,0.12800598987707082,0.12800598987707085,0.12800598987707082,0.1280059898770708,0.12800598987707082,0.12800598987707085,0.12800598987707082,0.12800598987707082,0.12800598987707082,0.12800598987707082,0.1280059898770708,0.1280059898770708,0.1280059898770708,0.12800598987707087,0.12800598987707085,0.1280059898770708,0.1280059898770708,0.12800598987707082,0.12800598987707082,0.1280059898770708,0.12800598987707082,0.12800598987707085,0.12800598987707085,0.12800598987707082,0.12800598987707082,0.1280059898770708,0.12800598987707082,0.12800598987707082,0.12800598987707085,0.12800598987707085,0.12800598987707085,0.12800598987707085,0.12800598987707085,0.12800598987707085,0.12800598987707085,0.12800598987707082,0.12800598987707082,0.12800598987707082,0.12800598987707082,0.12800598987707085,0.12800598987707085,0.12800598987707085,0.12800598987707085,0.12800598987707082,0.1280059898770708,0.12800598987707087,0.12800598987707087,0.12800598987707082,0.12800598987707085,0.12800598987707082,0.1280059898770708,0.12800598987707087,0.12800598987707085,0.12800598987707085,0.12800598987707085,0.12800598987707082,0.12800598987707085,0.12800598987707087,0.12800598987707085,0.12800598987707082,0.12800598987707085,0.12800598987707085,0.12800598987707085,0.12800598987707087,0.12800598987707076,0.1280059898770708,0.12800598987707082,0.12800598987707082,0.12800598987707082,0.12800598987707082,0.1280059898770708,0.12800598987707087,0.12800598987707085,0.12800598987707085,0.12800598987707082,0.12800598987707082,0.1280059898770708,0.12800598987707082,0.12800598987707082,0.12800598987707082,0.12800598987707082,0.12800598987707082,0.12800598987707082,0.12800598987707085,0.12800598987707085,0.12800598987707082,0.12800598987707085,0.1280059898770708,0.12800598987707085,0.12800598987707085,0.12800598987707076,0.1280059898770708,0.1280059898770708,0.12800598987707082,0.12800598987707085,0.1280059898770708,0.1280059898770708,0.12800598987707082,0.12800598987707085,0.12800598987707087,0.1280059898770708,0.12800598987707085,0.12800598987707082,0.12800598987707085,0.12800598987707082,0.12800598987707082,0.12800598987707082,0.12800598987707082,0.12800598987707082,0.12800598987707082,0.12800598987707085,0.12800598987707082,0.12800598987707085,0.12800598987707082,0.12800598987707082,0.1280059898770708,0.12800598987707082,0.12800598987707082,0.12800598987707082,0.12800598987707082,0.12800598987707082,0.1280059898770708,0.12800598987707082,0.1280059898770709,0.12800598987707085,0.12800598987707087,0.12800598987707087,0.12800598987707085,0.12800598987707082,0.12800598987707082,0.1280059898770708,0.1280059898770708,0.12800598987707085,0.1280059898770708,0.12800598987707082,0.12800598987707082,0.12800598987707082,0.12800598987707082,0.12800598987707087,0.12800598987707085,0.12800598987707085,0.12800598987707085,0.12800598987707085,0.12800598987707082,0.12800598987707082,0.12800598987707087,0.1280059898770708,0.12800598987707082,0.12800598987707085,0.12800598987707085,0.12800598987707082,0.12800598987707085,0.12800598987707082,0.1280059898770708,0.12800598987707085,0.12800598987707076,0.1280059898770708,0.1280059898770708,0.12800598987707082,0.12800598987707082,0.12800598987707082,0.1280059898770708,0.12800598987707085,0.12800598987707082,0.12800598987707085,0.12800598987707085,0.12800598987707085,0.12800598987707082,0.12800598987707082,0.12800598987707085,0.12800598987707082,0.12800598987707082,0.12800598987707082,0.12800598987707085,0.12800598987707085,0.12800598987707085,0.12800598987707082,0.1280059898770708,0.12800598987707082,0.12800598987707085,0.12800598987707085,0.12800598987707085,0.12800598987707085,0.12800598987707082,0.12800598987707082,0.12800598987707082,0.1280059898770708,0.12800598987707085,0.12800598987707082,0.12800598987707082,0.1280059898770708,0.1280059898770708,0.1280059898770708,0.12800598987707082,0.12800598987707076,0.12800598987707082,0.1280059898770708,0.12800598987707082,0.1280059898770708,0.12800598987707082,0.12800598987707082,0.1280059898770708,0.12800598987707082,0.1280059898770708,0.12800598987707085,0.12800598987707085,0.12800598987707082,0.12800598987707082,0.1280059898770708,0.12800598987707082,0.1280059898770708,0.12800598987707076,0.1280059898770708,0.1280059898770708,0.12800598987707082,0.1280059898770708,0.1280059898770708,0.12800598987707082,0.12800598987707082,0.12800598987707076,0.12800598987707082,0.1280059898770708,0.12800598987707082,0.1280059898770708,0.12800598987707082,0.1280059898770708,0.1280059898770708,0.12800598987707082,0.1280059898770708,0.1280059898770708,0.1280059898770708,0.1280059898770708,0.12800598987707082,0.1280059898770708,0.12800598987707076,0.1280059898770708,0.1280059898770708,0.1280059898770708,0.1280059898770708,0.12800598987707076,0.12800598987707082,0.12800598987707082,0.12800598987707082,0.12800598987707085,0.12800598987707082,0.1280059898770708,0.12800598987707082,0.12800598987707082,0.1280059898770708,0.12800598987707082,0.1280059898770708,0.12800598987707082,0.12800598987707082,0.1280059898770708,0.12800598987707085,0.12800598987707087,0.12800598987707082,0.1280059898770708,0.1280059898770708,0.12800598987707082,0.12800598987707087,0.1280059898770708,0.1280059898770708,0.12800598987707076,0.12800598987707082,0.12800598987707082,0.12800598987707082,0.1280059898770708,0.1280059898770708,0.1280059898770708,0.1280059898770708,0.1280059898770708,0.1280059898770708,0.12800598987707076,0.12800598987707076,0.12800598987707076,0.12800598987707082,0.1280059898770708,0.12800598987707085,0.12800598987707082,0.12800598987707085,0.1280059898770708,0.12800598987707085,0.12800598987707082,0.12800598987707082,0.12800598987707082,0.1280059898770708,0.1280059898770708,0.1280059898770709,0.12800598987707082,0.12800598987707085,0.12800598987707085,0.12800598987707085,0.1280059898770708,0.12800598987707085,0.12800598987707085,0.12800598987707082,0.12800598987707085,0.12800598987707085,0.12800598987707085,0.12800598987707082,0.12800598987707082,0.12800598987707085,0.12800598987707082,0.12800598987707085,0.12800598987707087,0.1280059898770709,0.12800598987707082,0.1280059898770708,0.12800598987707087,0.12800598987707085,0.12800598987707085,0.12800598987707087,0.12800598987707087,0.12800598987707087,0.12800598987707087,0.12800598987707087,0.12800598987707085,0.12800598987707087,0.12800598987707082,0.1280059898770709,0.12800598987707087,0.1280059898770709,0.12800598987707087,0.12800598987707087,0.12800598987707087,0.12800598987707087,0.12800598987707087,0.12800598987707087,0.12800598987707087,0.12800598987707085,0.12800598987707085,0.12800598987707085,0.12800598987707087,0.12800598987707087,0.12800598987707087,0.12800598987707085,0.12800598987707085,0.12800598987707087,0.12800598987707085,0.12800598987707087,0.12800598987707085,0.12800598987707085,0.12800598987707087,0.12800598987707087,0.12800598987707087,0.12800598987707085,0.12800598987707087,0.12800598987707085,0.12800598987707087,0.12800598987707087,0.12800598987707085,0.12800598987707087,0.12800598987707087,0.12800598987707085,0.12800598987707087,0.12800598987707085,0.12800598987707085,0.12800598987707087,0.12800598987707087,0.12800598987707087,0.1280059898770709,0.12800598987707085,0.12800598987707085,0.12800598987707087,0.12800598987707085,0.12800598987707085,0.12800598987707087,0.12800598987707087,0.1280059898770709,0.12800598987707087,0.12800598987707087,0.12800598987707082,0.12800598987707085,0.12800598987707085,0.12800598987707085,0.12800598987707087,0.12800598987707085,0.12800598987707082,0.12800598987707087,0.12800598987707085,0.12800598987707085,0.12800598987707087,0.12800598987707087,0.12800598987707087,0.12800598987707085,0.12800598987707085,0.12800598987707085,0.12800598987707087,0.12800598987707087,0.12800598987707085,0.12800598987707085,0.1280059898770709,0.12800598987707082,0.12800598987707085,0.12800598987707087,0.12800598987707087,0.12800598987707085,0.12800598987707085,0.12800598987707087,0.12800598987707085,0.12800598987707082,0.12800598987707087,0.12800598987707087,0.1280059898770709,0.12800598987707087,0.12800598987707087,0.12800598987707087,0.1280059898770709,0.12800598987707085,0.12800598987707087,0.12800598987707085,0.12800598987707085,0.12800598987707085,0.1280059898770709,0.12800598987707085,0.12800598987707087,0.12800598987707087,0.1280059898770709,0.12800598987707093,0.12800598987707087,0.12800598987707093,0.12800598987707093,0.1280059898770709,0.12800598987707087,0.12800598987707093,0.1280059898770709,0.12800598987707093,0.12800598987707087,0.12800598987707093,0.1280059898770709,0.12800598987707087,0.12800598987707093,0.1280059898770709,0.12800598987707093,0.1280059898770709,0.1280059898770709,0.12800598987707093,0.12800598987707093,0.1280059898770709,0.12800598987707087,0.12800598987707093,0.12800598987707093,0.12800598987707093,0.12800598987707096,0.12800598987707093,0.12800598987707093,0.1280059898770709,0.12800598987707093,0.12800598987707096,0.12800598987707093,0.12800598987707096,0.1280059898770709,0.12800598987707093,0.12800598987707093,0.12800598987707093,0.1280059898770709,0.12800598987707096,0.1280059898770709,0.1280059898770709,0.1280059898770709,0.1280059898770709,0.12800598987707093,0.12800598987707093,0.12800598987707096,0.12800598987707099,0.12800598987707096,0.12800598987707093,0.12800598987707093,0.12800598987707096,0.12800598987707096,0.1280059898770709,0.12800598987707093,0.12800598987707093,0.12800598987707099,0.12800598987707096,0.12800598987707099,0.12800598987707093,0.12800598987707087,0.12800598987707093,0.1280059898770709,0.12800598987707093,0.12800598987707096,0.12800598987707096,0.1280059898770709,0.12800598987707096,0.12800598987707096,0.12800598987707093,0.1280059898770709,0.1280059898770709,0.1280059898770709,0.1280059898770709,0.12800598987707093,0.12800598987707093,0.12800598987707096,0.1280059898770709,0.1280059898770709,0.1280059898770709,0.1280059898770709,0.12800598987707096,0.1280059898770709,0.1280059898770709,0.12800598987707093,0.1280059898770709,0.12800598987707093,0.1280059898770709,0.12800598987707093,0.12800598987707093,0.12800598987707087,0.12800598987707085,0.1280059898770709,0.12800598987707087,0.12800598987707093,0.12800598987707087,0.1280059898770709,0.12800598987707093,0.1280059898770709,0.1280059898770709,0.12800598987707093,0.1280059898770709,0.12800598987707087,0.12800598987707093,0.12800598987707093,0.12800598987707087,0.12800598987707085,0.12800598987707096,0.12800598987707096,0.12800598987707085,0.1280059898770709,0.12800598987707087,0.1280059898770709,0.12800598987707087,0.12800598987707093,0.1280059898770709,0.1280059898770709,0.12800598987707093,0.1280059898770709,0.1280059898770709,0.12800598987707093,0.1280059898770709,0.12800598987707087,0.1280059898770709,0.1280059898770709,0.1280059898770709,0.1280059898770709,0.1280059898770709,0.1280059898770709,0.1280059898770709,0.12800598987707087,0.12800598987707087,0.12800598987707087,0.12800598987707087,0.12800598987707087,0.12800598987707087,0.1280059898770709,0.12800598987707087,0.12800598987707093,0.12800598987707087,0.1280059898770709,0.1280059898770709,0.12800598987707085,0.1280059898770709,0.12800598987707093,0.12800598987707093,0.1280059898770709,0.12800598987707085,0.12800598987707093,0.12800598987707087,0.12800598987707093,0.1280059898770709,0.1280059898770709,0.12800598987707093,0.1280059898770709,0.1280059898770709,0.1280059898770709,0.12800598987707085,0.1280059898770709,0.12800598987707093,0.1280059898770709,0.12800598987707087,0.12800598987707093,0.12800598987707093,0.12800598987707087,0.12800598987707096,0.12800598987707093,0.12800598987707087,0.12800598987707093,0.12800598987707093,0.12800598987707093,0.1280059898770709,0.12800598987707093,0.12800598987707093,0.1280059898770709,0.12800598987707093,0.12800598987707093,0.1280059898770709,0.12800598987707093,0.12800598987707093,0.12800598987707087,0.12800598987707096,0.12800598987707096,0.12800598987707087,0.12800598987707087,0.12800598987707087,0.1280059898770709,0.12800598987707085,0.12800598987707087,0.1280059898770709,0.1280059898770709,0.12800598987707093,0.12800598987707093,0.12800598987707087,0.12800598987707087,0.1280059898770709,0.12800598987707087,0.12800598987707096,0.1280059898770709,0.12800598987707087,0.12800598987707093,0.1280059898770709,0.12800598987707093,0.1280059898770709,0.1280059898770709,0.12800598987707087,0.1280059898770709,0.1280059898770709,0.12800598987707087,0.1280059898770709,0.12800598987707087,0.1280059898770709,0.1280059898770709,0.1280059898770709,0.1280059898770709,0.12800598987707099,0.1280059898770709,0.12800598987707085,0.12800598987707096,0.12800598987707087,0.1280059898770709,0.1280059898770709,0.12800598987707087,0.1280059898770709,0.1280059898770709,0.1280059898770709,0.1280059898770709,0.12800598987707093,0.12800598987707087,0.12800598987707087,0.1280059898770709,0.1280059898770709,0.1280059898770709,0.1280059898770709,0.1280059898770709,0.12800598987707087,0.12800598987707087,0.12800598987707085,0.1280059898770709,0.1280059898770709,0.12800598987707087,0.1280059898770709,0.1280059898770709,0.1280059898770709,0.12800598987707087,0.12800598987707087,0.1280059898770709,0.12800598987707087,0.12800598987707087,0.12800598987707087,0.12800598987707087,0.12800598987707087,0.12800598987707087,0.12800598987707087,0.12800598987707085,0.12800598987707087,0.1280059898770709,0.12800598987707093,0.1280059898770709,0.12800598987707087,0.1280059898770709,0.12800598987707093,0.1280059898770709,0.1280059898770709,0.12800598987707096,0.12800598987707096,0.12800598987707093,0.12800598987707093,0.12800598987707093,0.1280059898770709,0.1280059898770709,0.12800598987707093,0.12800598987707093,0.1280059898770709,0.1280059898770709,0.12800598987707099,0.12800598987707093,0.12800598987707096,0.12800598987707099,0.12800598987707093,0.12800598987707093,0.1280059898770709,0.1280059898770709,0.12800598987707093,0.12800598987707093,0.1280059898770709,0.12800598987707093,0.12800598987707093,0.12800598987707093,0.1280059898770709,0.12800598987707099,0.12800598987707087,0.1280059898770709,0.12800598987707093,0.12800598987707093,0.12800598987707096,0.12800598987707096,0.12800598987707093,0.12800598987707096,0.12800598987707093,0.12800598987707093,0.12800598987707093,0.12800598987707096,0.12800598987707093,0.12800598987707096,0.12800598987707096,0.12800598987707096,0.12800598987707096,0.12800598987707099,0.12800598987707096,0.12800598987707096,0.12800598987707099,0.12800598987707096,0.12800598987707096,0.12800598987707107,0.12800598987707099,0.12800598987707099,0.12800598987707099,0.128005989877071,0.12800598987707096,0.12800598987707099,0.12800598987707096,0.12800598987707096,0.12800598987707096,0.12800598987707096,0.12800598987707099,0.12800598987707096,0.12800598987707096,0.12800598987707093,0.12800598987707093,0.12800598987707099,0.12800598987707096,0.12800598987707096,0.128005989877071,0.12800598987707093,0.12800598987707093,0.12800598987707099,0.12800598987707096,0.128005989877071,0.12800598987707099,0.12800598987707096,0.12800598987707096,0.12800598987707096,0.12800598987707099,0.12800598987707096,0.12800598987707096,0.12800598987707096,0.12800598987707099,0.12800598987707099,0.12800598987707093,0.12800598987707096,0.12800598987707096,0.1280059898770709,0.12800598987707096,0.12800598987707096,0.1280059898770709,0.12800598987707096,0.12800598987707099,0.12800598987707093,0.12800598987707093,0.12800598987707096,0.12800598987707099,0.12800598987707093,0.12800598987707093,0.12800598987707099,0.12800598987707096,0.12800598987707096,0.12800598987707093,0.12800598987707093,0.1280059898770709,0.1280059898770709,0.12800598987707093,0.12800598987707093,0.12800598987707093,0.12800598987707093,0.12800598987707096,0.12800598987707096,0.12800598987707096,0.12800598987707096,0.12800598987707093,0.12800598987707096,0.12800598987707099,0.12800598987707096,0.12800598987707093,0.12800598987707093,0.12800598987707093,0.12800598987707096,0.12800598987707093,0.12800598987707096,0.12800598987707096,0.12800598987707087,0.12800598987707087,0.12800598987707096,0.1280059898770709,0.12800598987707093,0.1280059898770709,0.12800598987707093,0.12800598987707093,0.1280059898770709,0.12800598987707093,0.12800598987707093,0.12800598987707093,0.12800598987707093,0.12800598987707087,0.12800598987707087,0.12800598987707093,0.1280059898770709,0.12800598987707093,0.12800598987707087,0.12800598987707093,0.1280059898770709,0.12800598987707093,0.12800598987707093,0.12800598987707093,0.12800598987707093,0.12800598987707093,0.12800598987707093,0.12800598987707096,0.12800598987707093,0.1280059898770709,0.12800598987707096,0.12800598987707096,0.12800598987707096,0.12800598987707085,0.12800598987707093,0.1280059898770709,0.12800598987707093,0.1280059898770709,0.12800598987707093,0.12800598987707096,0.12800598987707096,0.12800598987707093,0.12800598987707093,0.12800598987707093,0.12800598987707096,0.12800598987707093,0.1280059898770709,0.1280059898770709,0.12800598987707087,0.1280059898770709,0.1280059898770709,0.1280059898770709,0.1280059898770709,0.12800598987707093,0.12800598987707093,0.12800598987707085,0.1280059898770708,0.12800598987707087,0.12800598987707087,0.12800598987707087,0.12800598987707087,0.12800598987707096,0.12800598987707085,0.12800598987707087,0.12800598987707087,0.12800598987707087,0.12800598987707087,0.12800598987707085,0.12800598987707087,0.1280059898770709,0.12800598987707085,0.12800598987707093,0.12800598987707085,0.12800598987707085,0.12800598987707093,0.12800598987707087,0.12800598987707087,0.12800598987707085,0.12800598987707087,0.12800598987707085,0.12800598987707087,0.12800598987707087,0.12800598987707087,0.12800598987707087,0.12800598987707085,0.12800598987707082,0.12800598987707085,0.12800598987707085,0.12800598987707087,0.12800598987707087,0.12800598987707087,0.12800598987707087,0.12800598987707085,0.12800598987707082,0.12800598987707085,0.12800598987707085,0.12800598987707085,0.1280059898770708,0.12800598987707087,0.12800598987707087,0.12800598987707082,0.12800598987707087,0.12800598987707085,0.12800598987707087,0.12800598987707085,0.12800598987707085,0.12800598987707085,0.12800598987707085,0.12800598987707087,0.12800598987707085,0.12800598987707085,0.12800598987707085,0.12800598987707087,0.12800598987707085
1,0.0,8.189075888613652e-41,8.189075888613652e-41,1.2248475936894758e-40,1.2248475936894758e-40,1.2248475936894758e-40,1.2248475936894758e-40,1.2248475936894758e-40,1.2248475936894758e-40,1.2248475936894758e-40,1.2248475936894758e-40,1.2248475936894758e-40,1.2248475936894758e-40,1.2248475936894758e-40,1.2248475936894758e-40,1.2248475936894758e-40,1.2248475936894758e-40,1.2248475936894758e-40,1.2248475936894758e-40,1.2248475936894758e-40,1.2248475936894758e-40,1.2248475936894758e-40,1.2248475936894758e-40,1.2248475936894758e-40,1.2248475936894758e-40,1.2248475936894758e-40,1.2248475936894758e-40,1.2248475936894758e-40,1.2248475936894758e-40,1.2248475936894758e-40,1.2248475936894758e-40,1.2248475936894758e-40,1.2248475936894758e-40,1.2248475936894758e-40,1.2248475936894758e-40,1.2248475936894758e-40,1.2248475936894758e-40,1.2248475936894758e-40,1.2248475936894758e-40,1.2248475936894758e-40,1.2248475936894758e-40,1.2248475936894758e-40,1.2248475936894758e-40,1.2248475936894758e-40,1.2248475936894758e-40,1.2248475936894758e-40,1.2248475936894758e-40,1.2248475936894758e-40,1.2248475936894758e-40,1.2248475936894758e-40,1.2248475936894758e-40,1.2248475936894758e-40,1.2248475936894758e-40,1.2248475936894758e-40,1.2248475936894758e-40,1.2248475936894758e-40,1.2248475936894758e-40,1.2248475936894758e-40,1.2248475936894758e-40,1.2248475936894758e-40,1.2248475936894758e-40,1.2248475936894758e-40,1.2248475936894758e-40,1.2248475936894758e-40,1.2248475936894758e-40,1.2248475936894758e-40,1.2248475936894758e-40,1.2248475936894758e-40,1.2248475936894758e-40,1.2248475936894758e-40,1.2248475936894758e-40,1.2248475936894758e-40,1.2248475936894758e-40,1.2248475936894758e-40,1.2248475936894758e-40,1.2248475936894758e-40,1.2248475936894758e-40,1.2248475936894758e-40,1.2248475936894758e-40,1.2248475936894758e-40,1.2248475936894758e-40,1.2248475936894758e-40,1.2248475936894758e-40,1.2248475936894758e-40,1.2248475936894758e-40,1.2248475936894758e-40,1.2248475936894758e-40,1.2248475936894758e-40,1.2248475936894758e-40,1.2248475936894758e-40,1.2248475936894758e-40,1.2248475936894758e-40,1.2248475936894758e-40,1.2248475936894758e-40,1.2248475936894758e-40,1.2248475936894758e-40,1.2248475936894758e-40,1.2248475936894758e-40,1.2248475936894758e-40,1.2248475936894758e-40,1.2248475936894758e-40,1.2248475936894758e-40,1.2248475936894758e-40,1.2248475936894758e-40,1.2248475936894758e-40,1.2248475936894758e-40,1.2248475936894758e-40,1.2248475936894758e-40,1.2248475936894758e-40,1.2248475936894758e-40,1.2248475936894758e-40,1.2248475936894758e-40,1.2248475936894758e-40,1.2248475936894758e-40,1.2248475936894758e-40,1.2248475936894758e-40,1.2248475936894758e-40,1.2248475936894758e-40,1.2248475936894758e-40,1.2248475936894758e-40,1.2248475936894758e-40,1.2248475936894758e-40,1.2248475936894758e-40,1.2248475936894758e-40,1.2248475936894758e-40,1.2248475936894758e-40,1.2248475936894758e-40,1.2248475936894758e-40,1.2248475936894758e-40,1.2248475936894758e-40,1.2248475936894758e-40,1.2248475936894758e-40,1.2248475936894758e-40,1.2248475936894758e-40,1.2248475936894758e-40,1.2248475936894758e-40,1.2248475936894758e-40,1.2248475936894758e-40,1.2248475936894758e-40,1.2248475936894758e-40,1.2248475936894758e-40,1.2248475936894758e-40,1.2248475936894758e-40,1.2248475936894758e-40,1.2248475936894758e-40,1.2248475936894758e-40,1.2248475936894758e-40,1.2248475936894758e-40,1.2248475936894758e-40,1.2248475936894758e-40,1.2248475936894758e-40,1.2248475936894758e-40,1.2248475936894758e-40,1.2248475936894758e-40,1.2248475936894758e-40,1.2248475936894758e-40,1.2248475936894758e-40,1.2248475936894758e-40,1.2248475936894758e-40,1.2248475936894758e-40,1.2248475936894758e-40,1.2248475936894758e-40,1.2248475936894758e-40,1.2248475936894758e-40,1.2248475936894758e-40,1.2248475936894758e-40,1.2248475936894758e-40,1.2248475936894758e-40,1.2248475936894758e-40,1.2248475936894758e-40,1.2248475936894758e-40,1.2248475936894758e-40,1.2248475936894758e-40,1.2248475936894758e-40,1.2248475936894758e-40,1.2248475936894758e-40,1.2248475936894758e-40,1.2248475936894758e-40,1.2248475936894758e-40,1.2248475936894758e-40,1.2248475936894758e-40,1.2248475936894758e-40,1.2248475936894758e-40,1.2248475936894758e-40,1.2248475936894758e-40,1.2248475936894758e-40,1.2248475936894758e-40,1.2248475936894758e-40,1.2248475936894758e-40,1.2248475936894758e-40,1.2248475936894758e-40,1.2248475936894758e-40,1.2248475936894758e-40,1.2248475936894758e-40,1.2248475936894758e-40,1.2248475936894758e-40,1.2248475936894758e-40,1.2248475936894758e-40,1.2248475936894758e-40,1.2248475936894758e-40,1.2248475936894758e-40,1.2248475936894758e-40,1.2248475936894758e-40,1.2248475936894758e-40,1.2248475936894758e-40,1.2248475936894758e-40,1.2248475936894758e-40,1.2248475936894758e-40,1.2248475936894758e-40,1.2248475936894758e-40,1.2248475936894758e-40,1.2248475936894758e-40,1.2248475936894758e-40,1.2248475936894758e-40,1.2248475936894758e-40,1.2248475936894758e-40,1.2248475936894758e-40,1.2248475936894758e-40,1.2248475936894758e-40,1.2248475936894758e-40,1.2248475936894758e-40,1.2248475936894758e-40,1.2248475936894758e-40,1.2248475936894758e-40,1.2248475936894758e-40,1.2248475936894758e-40,1.2248475936894758e-40,1.2248475936894758e-40,1.2248475936894758e-40,1.2248475936894758e-40,1.2248475936894758e-40,1.2248475936894758e-40,1.2248475936894758e-40,1.2248475936894758e-40,1.2248475936894758e-40,1.2248475936894758e-40,1.2248475936894758e-40,1.2248475936894758e-40,1.2248475936894758e-40,1.2248475936894758e-40,1.2248475936894758e-40,1.2248475936894758e-40,1.2248475936894758e-40,1.2248475936894758e-40,1.2248475936894758e-40,1.2248475936894758e-40,1.2248475936894758e-40,1.2248475936894758e-40,1.2248475936894758e-40,1.2248475936894758e-40,1.2248475936894758e-40,1.2248475936894758e-40,1.2248475936894758e-40,1.2248475936894758e-40,1.2248475936894758e-40,1.2248475936894758e-40,1.2248475936894758e-40,1.2248475936894758e-40,1.2248475936894758e-40,1.2248475936894758e-40,1.2248475936894758e-40,1.2248475936894758e-40,1.2248475936894758e-40,1.2248475936894758e-40,1.2248475936894758e-40,1.2248475936894758e-40,1.2248475936894758e-40,1.2248475936894758e-40,1.2248475936894758e-40,1.2248475936894758e-40,1.2248475936894758e-40,1.2248475936894758e-40,1.2248475936894758e-40,1.2248475936894758e-40,1.2248475936894758e-40,1.2248475936894758e-40,1.2248475936894758e-40,1.2248475936894758e-40,1.2248475936894758e-40,1.2248475936894758e-40,1.2248475936894758e-40,1.2248475936894758e-40,1.2248475936894758e-40,1.2248475936894758e-40,1.2248475936894758e-40,1.2248475936894758e-40,1.2248475936894758e-40,1.2248475936894758e-40,1.2248475936894758e-40,1.2248475936894758e-40,1.2248475936894758e-40,1.2248475936894758e-40,1.2248475936894758e-40,1.2248475936894758e-40,1.2248475936894758e-40,1.2248475936894758e-40,1.2248475936894758e-40,1.2248475936894758e-40,1.2248475936894758e-40,1.2248475936894758e-40,1.2248475936894758e-40,1.2248475936894758e-40,1.2248475936894758e-40,1.2248475936894758e-40,1.2248475936894758e-40,1.2248475936894758e-40,1.2248475936894758e-40,1.2248475936894758e-40,1.2248475936894758e-40,1.2248475936894758e-40,1.2248475936894758e-40,1.2248475936894758e-40,1.2248475936894758e-40,1.2248475936894758e-40,1.2248475936894758e-40,1.2248475936894758e-40,1.2248475936894758e-40,1.2248475936894758e-40,1.2248475936894758e-40,1.2248475936894758e-40,1.2248475936894758e-40,1.2248475936894758e-40,1.2248475936894758e-40,1.2248475936894758e-40,1.2248475936894758e-40,1.2248475936894758e-40,1.2248475936894758e-40,1.2248475936894758e-40,1.2248475936894758e-40,1.2248475936894758e-40,1.2248475936894758e-40,1.2248475936894758e-40,1.2248475936894758e-40,1.2248475936894758e-40,1.2248475936894758e-40,1.2248475936894758e-40,1.2248475936894758e-40,1.2248475936894758e-40,1.2248475936894758e-40,1.2248475936894758e-40,1.2248475936894758e-40,1.2248475936894758e-40,1.2248475936894758e-40,1.2248475936894758e-40,1.2248475936894758e-40,1.2248475936894758e-40,1.2248475936894758e-40,1.2248475936894758e-40,1.2248475936894758e-40,1.2248475936894758e-40,1.2248475936894758e-40,1.2248475936894758e-40,1.2248475936894758e-40,1.2248475936894758e-40,1.2248475936894758e-40,1.2248475936894758e-40,1.2248475936894758e-40,1.2248475936894758e-40,1.2248475936894758e-40,1.2248475936894758e-40,1.2248475936894758e-40,1.2248475936894758e-40,1.2248475936894758e-40,1.2248475936894758e-40,1.2248475936894758e-40,1.2248475936894758e-40,1.2248475936894758e-40,1.2248475936894758e-40,1.2248475936894758e-40,1.2248475936894758e-40,1.2248475936894758e-40,1.2248475936894758e-40,1.2248475936894758e-40,1.2248475936894758e-40,1.2248475936894758e-40,1.2248475936894758e-40,1.2248475936894758e-40,1.2248475936894758e-40,1.2248475936894758e-40,1.2248475936894758e-40,1.2248475936894758e-40,1.2248475936894758e-40,1.2248475936894758e-40,1.2248475936894758e-40,1.2248475936894758e-40,1.2248475936894758e-40,1.2248475936894758e-40,1.2248475936894758e-40,1.2248475936894758e-40,1.2248475936894758e-40,1.2248475936894758e-40,1.2248475936894758e-40,1.2248475936894758e-40,1.2248475936894758e-40,1.2248475936894758e-40,1.2248475936894758e-40,1.2248475936894758e-40,1.2248475936894758e-40,1.2248475936894758e-40,1.2248475936894758e-40,1.2248475936894758e-40,1.2248475936894758e-40,1.2248475936894758e-40,1.2248475936894758e-40,1.2248475936894758e-40,1.2248475936894758e-40,1.2248475936894758e-40,1.2248475936894758e-40,1.2248475936894758e-40,1.2248475936894758e-40,1.2248475936894758e-40,1.2248475936894758e-40,1.2248475936894758e-40,1.2248475936894758e-40,1.2248475936894758e-40,1.2248475936894758e-40,1.2248475936894758e-40,1.2248475936894758e-40,1.2248475936894758e-40,1.2248475936894758e-40,1.2248475936894758e-40,1.2248475936894758e-40,1.2248475936894758e-40,1.2248475936894758e-40,1.2248475936894758e-40,1.2248475936894758e-40,1.2248475936894758e-40,1.2248475936894758e-40,1.2248475936894758e-40,1.2248475936894758e-40,1.2248475936894758e-40,1.2248475936894758e-40,1.2248475936894758e-40,1.2248475936894758e-40,1.2248475936894758e-40,1.2248475936894758e-40,1.2248475936894758e-40,1.2248475936894758e-40,1.2248475936894758e-40,1.2248475936894758e-40,1.2248475936894758e-40,1.2248475936894758e-40,1.2248475936894758e-40,1.2248475936894758e-40,1.2248475936894758e-40,1.2248475936894758e-40,1.2248475936894758e-40,1.2248475936894758e-40,1.2248475936894758e-40,1.2248475936894758e-40,1.2248475936894758e-40,1.2248475936894758e-40,1.2248475936894758e-40,1.2248475936894758e-40,1.2248475936894758e-40,1.2248475936894758e-40,1.2248475936894758e-40,1.2248475936894758e-40,1.2248475936894758e-40,1.2248475936894758e-40,1.2248475936894758e-40,1.2248475936894758e-40,1.2248475936894758e-40,1.2248475936894758e-40,1.2248475936894758e-40,1.2248475936894758e-40,1.2248475936894758e-40,1.2248475936894758e-40,1.2248475936894758e-40,1.2248475936894758e-40,1.2248475936894758e-40,1.2248475936894758e-40,1.2248475936894758e-40,1.2248475936894758e-40,1.2248475936894758e-40,1.2248475936894758e-40,1.2248475936894758e-40,1.2248475936894758e-40,1.2248475936894758e-40,1.2248475936894758e-40,1.2248475936894758e-40,1.2248475936894758e-40,1.2248475936894758e-40,1.2248475936894758e-40,1.2248475936894758e-40,1.2248475936894758e-40,1.2248475936894758e-40,1.2248475936894758e-40,1.2248475936894758e-40,1.2248475936894758e-40,1.2248475936894758e-40,1.2248475936894758e-40,1.2248475936894758e-40,1.2248475936894758e-40,1.2248475936894758e-40,1.2248475936894758e-40,1.2248475936894758e-40,1.2248475936894758e-40,1.2248475936894758e-40,1.2248475936894758e-40,1.2248475936894758e-40,1.2248475936894758e-40,1.2248475936894758e-40,1.2248475936894758e-40,1.2248475936894758e-40,1.2248475936894758e-40,1.2248475936894758e-40,1.2248475936894758e-40,1.2248475936894758e-40,1.2248475936894758e-40,1.2248475936894758e-40,1.2248475936894758e-40,1.2248475936894758e-40,1.2248475936894758e-40,1.2248475936894758e-40,1.2248475936894758e-40,1.2248475936894758e-40,1.2248475936894758e-40,1.2248475936894758e-40,1.2248475936894758e-40,1.2248475936894758e-40,1.2248475936894758e-40,1.2248475936894758e-40,1.2248475936894758e-40,1.2248475936894758e-40,1.2248475936894758e-40,1.2248475936894758e-40,1.2248475936894758e-40,1.2248475936894758e-40,1.2248475936894758e-40,1.2248475936894758e-40,1.2248475936894758e-40,1.2248475936894758e-40,1.2248475936894758e-40,1.2248475936894758e-40,1.2248475936894758e-40,1.2248475936894758e-40,1.2248475936894758e-40,1.2248475936894758e-40,1.2248475936894758e-40,1.2248475936894758e-40,1.2248475936894758e-40,1.2248475936894758e-40,1.2248475936894758e-40,1.2248475936894758e-40,1.2248475936894758e-40,1.2248475936894758e-40,1.2248475936894758e-40,1.2248475936894758e-40,1.2248475936894758e-40,1.2248475936894758e-40,1.2248475936894758e-40,1.2248475936894758e-40,1.2248475936894758e-40,1.2248475936894758e-40,1.2248475936894758e-40,1.2248475936894758e-40,1.2248475936894758e-40,1.2248475936894758e-40,1.2248475936894758e-40,1.2248475936894758e-40,1.2248475936894758e-40,1.2248475936894758e-40,1.2248475936894758e-40,1.2248475936894758e-40,1.2248475936894758e-40,1.2248475936894758e-40,1.2248475936894758e-40,1.2248475936894758e-40,1.2248475936894758e-40,1.2248475936894758e-40,1.2248475936894758e-40,1.2248475936894758e-40,1.2248475936894758e-40,1.2248475936894758e-40,1.2248475936894758e-40,1.2248475936894758e-40,1.2248475936894758e-40,1.2248475936894758e-40,1.2248475936894758e-40,1.2248475936894758e-40,1.2248475936894758e-40,1.2248475936894758e-40,1.2248475936894758e-40,1.2248475936894758e-40,1.2248475936894758e-40,1.2248475936894758e-40,1.2248475936894758e-40,1.2248475936894758e-40,1.2248475936894758e-40,1.2248475936894758e-40,1.2248475936894758e-40,1.2248475936894758e-40,1.2248475936894758e-40,1.2248475936894758e-40,1.2248475936894758e-40,1.2248475936894758e-40,1.2248475936894758e-40,1.2248475936894758e-40,1.2248475936894758e-40,1.2248475936894758e-40,1.2248475936894758e-40,1.2248475936894758e-40,1.2248475936894758e-40,1.2248475936894758e-40,1.2248475936894758e-40,1.2248475936894758e-40,1.2248475936894758e-40,1.2248475936894758e-40,1.2248475936894758e-40,1.2248475936894758e-40,1.2248475936894758e-40,1.2248475936894758e-40,1.2248475936894758e-40,1.2248475936894758e-40,1.2248475936894758e-40,1.2248475936894758e-40,1.2248475936894758e-40,1.2248475936894758e-40,1.2248475936894758e-40,1.2248475936894758e-40,1.2248475936894758e-40,1.2248475936894758e-40,1.2248475936894758e-40,1.2248475936894758e-40,1.2248475936894758e-40,1.2248475936894758e-40,1.2248475936894758e-40,1.2248475936894758e-40,1.2248475936894758e-40,1.2248475936894758e-40,1.2248475936894758e-40,1.2248475936894758e-40,1.2248475936894758e-40,1.2248475936894758e-40,1.2248475936894758e-40,1.2248475936894758e-40,1.2248475936894758e-40,1.2248475936894758e-40,1.2248475936894758e-40,1.2248475936894758e-40,1.2248475936894758e-40,1.2248475936894758e-40,1.2248475936894758e-40,1.2248475936894758e-40,1.2248475936894758e-40,1.2248475936894758e-40,1.2248475936894758e-40,1.2248475936894758e-40,1.2248475936894758e-40,1.2248475936894758e-40,1.2248475936894758e-40,1.2248475936894758e-40,1.2248475936894758e-40,1.2248475936894758e-40,1.2248475936894758e-40,1.2248475936894758e-40,1.2248475936894758e-40,1.2248475936894758e-40,1.2248475936894758e-40,1.2248475936894758e-40,1.2248475936894758e-40,1.2248475936894758e-40,1.2248475936894758e-40,1.2248475936894758e-40,1.2248475936894758e-40,1.2248475936894758e-40,1.2248475936894758e-40,1.2248475936894758e-40,1.2248475936894758e-40,1.2248475936894758e-40,1.2248475936894758e-40,1.2248475936894758e-40,1.2248475936894758e-40,1.2248475936894758e-40,1.2248475936894758e-40,1.2248475936894758e-40,1.2248475936894758e-40,1.2248475936894758e-40,1.2248475936894758e-40,1.2248475936894758e-40,1.2248475936894758e-40,1.2248475936894758e-40,1.2248475936894758e-40,1.2248475936894758e-40,1.2248475936894758e-40,1.2248475936894758e-40,1.2248475936894758e-40,1.2248475936894758e-40,1.2248475936894758e-40,1.2248475936894758e-40,1.2248475936894758e-40,1.2248475936894758e-40,1.2248475936894758e-40,1.2248475936894758e-40,1.2248475936894758e-40,1.2248475936894758e-40,1.2248475936894758e-40,1.2248475936894758e-40,1.2248475936894758e-40,1.2248475936894758e-40,1.2248475936894758e-40,1.2248475936894758e-40,1.2248475936894758e-40,1.2248475936894758e-40,1.2248475936894758e-40,1.2248475936894758e-40,1.2248475936894758e-40,1.2248475936894758e-40,1.2248475936894758e-40,1.2248475936894758e-40,1.2248475936894758e-40,1.2248475936894758e-40,1.2248475936894758e-40,1.2248475936894758e-40,1.2248475936894758e-40,1.2248475936894758e-40,1.2248475936894758e-40,1.2248475936894758e-40,1.2248475936894758e-40,1.2248475936894758e-40,1.2248475936894758e-40,1.2248475936894758e-40,1.2248475936894758e-40,1.2248475936894758e-40,1.2248475936894758e-40,1.2248475936894758e-40,1.2248475936894758e-40,1.2248475936894758e-40,1.2248475936894758e-40,1.2248475936894758e-40,1.2248475936894758e-40,1.2248475936894758e-40,1.2248475936894758e-40,1.2248475936894758e-40,1.2248475936894758e-40,1.2248475936894758e-40,1.2248475936894758e-40,1.2248475936894758e-40,1.2248475936894758e-40,1.2248475936894758e-40,1.2248475936894758e-40,1.2248475936894758e-40,1.2248475936894758e-40,1.2248475936894758e-40,1.2248475936894758e-40,1.2248475936894758e-40,1.2248475936894758e-40,1.2248475936894758e-40,1.2248475936894758e-40,1.2248475936894758e-40,1.2248475936894758e-40,1.2248475936894758e-40,1.2248475936894758e-40,1.2248475936894758e-40,1.2248475936894758e-40,1.2248475936894758e-40,1.2248475936894758e-40,1.2248475936894758e-40,1.2248475936894758e-40,1.2248475936894758e-40,1.2248475936894758e-40,1.2248475936894758e-40,1.2248475936894758e-40,1.2248475936894758e-40,1.2248475936894758e-40,1.2248475936894758e-40,1.2248475936894758e-40,1.2248475936894758e-40,1.2248475936894758e-40,1.2248475936894758e-40,1.2248475936894758e-40,1.2248475936894758e-40,1.2248475936894758e-40,1.2248475936894758e-40,1.2248475936894758e-40,1.2248475936894758e-40,1.2248475936894758e-40,1.2248475936894758e-40,1.2248475936894758e-40,1.2248475936894758e-40,1.2248475936894758e-40,1.2248475936894758e-40,1.2248475936894758e-40,1.2248475936894758e-40,1.2248475936894758e-40,1.2248475936894758e-40,1.2248475936894758e-40,1.2248475936894758e-40,1.2248475936894758e-40,1.2248475936894758e-40,1.2248475936894758e-40,1.2248475936894758e-40,1.2248475936894758e-40,1.2248475936894758e-40,1.2248475936894758e-40,1.2248475936894758e-40,1.2248475936894758e-40,1.2248475936894758e-40,1.2248475936894758e-40,1.2248475936894758e-40,1.2248475936894758e-40,1.2248475936894758e-40,1.2248475936894758e-40,1.2248475936894758e-40,1.2248475936894758e-40,1.2248475936894758e-40,1.2248475936894758e-40,1.2248475936894758e-40,1.2248475936894758e-40,1.2248475936894758e-40,1.2248475936894758e-40,1.2248475936894758e-40,1.2248475936894758e-40,1.2248475936894758e-40,1.2248475936894758e-40,1.2248475936894758e-40,1.2248475936894758e-40,1.2248475936894758e-40,1.2248475936894758e-40,1.2248475936894758e-40,1.2248475936894758e-40,1.2248475936894758e-40,1.2248475936894758e-40,1.2248475936894758e-40,1.2248475936894758e-40,1.2248475936894758e-40,1.2248475936894758e-40,1.2248475936894758e-40,1.2248475936894758e-40,1.2248475936894758e-40,1.2248475936894758e-40,1.2248475936894758e-40,1.2248475936894758e-40,1.2248475936894758e-40,1.2248475936894758e-40,1.2248475936894758e-40,1.2248475936894758e-40,1.2248475936894758e-40,1.2248475936894758e-40,1.2248475936894758e-40,1.2248475936894758e-40,1.2248475936894758e-40,1.2248475936894758e-40,1.2248475936894758e-40,1.2248475936894758e-40,1.2248475936894758e-40,1.2248475936894758e-40,1.2248475936894758e-40,1.2248475936894758e-40,1.2248475936894758e-40,1.2248475936894758e-40,1.2248475936894758e-40,1.2248475936894758e-40,1.2248475936894758e-40,1.2248475936894758e-40,1.2248475936894758e-40,1.2248475936894758e-40,1.2248475936894758e-40,1.2248475936894758e-40,1.2248475936894758e-40,1.2248475936894758e-40,1.2248475936894758e-40,1.2248475936894758e-40,1.2248475936894758e-40,1.2248475936894758e-40,1.2248475936894758e-40,1.2248475936894758e-40,1.2248475936894758e-40,1.2248475936894758e-40,1.2248475936894758e-40,1.2248475936894758e-40,1.2248475936894758e-40,1.2248475936894758e-40,1.2248475936894758e-40,1.2248475936894758e-40,1.2248475936894758e-40,1.2248475936894758e-40,1.2248475936894758e-40,1.2248475936894758e-40,1.2248475936894758e-40,1.2248475936894758e-40,1.2248475936894758e-40,1.2248475936894758e-40,1.2248475936894758e-40,1.2248475936894758e-40,1.2248475936894758e-40,1.2248475936894758e-40,1.2248475936894758e-40,1.2248475936894758e-40,1.2248475936894758e-40,1.2248475936894758e-40,1.2248475936894758e-40,1.2248475936894758e-40,1.2248475936894758e-40,1.2248475936894758e-40,1.2248475936894758e-40,1.2248475936894758e-40,1.2248475936894758e-40,1.2248475936894758e-40,1.2248475936894758e-40,1.2248475936894758e-40,1.2248475936894758e-40,1.2248475936894758e-40,1.2248475936894758e-40,1.2248475936894758e-40,1.2248475936894758e-40,1.2248475936894758e-40,1.2248475936894758e-40,1.2248475936894758e-40,1.2248475936894758e-40,1.2248475936894758e-40,1.2248475936894758e-40,1.2248475936894758e-40,1.2248475936894758e-40,1.2248475936894758e-40,1.2248475936894758e-40,1.2248475936894758e-40,1.2248475936894758e-40,1.2248475936894758e-40,1.2248475936894758e-40,1.2248475936894758e-40,1.2248475936894758e-40,1.2248475936894758e-40,1.2248475936894758e-40,1.2248475936894758e-40,1.2248475936894758e-40,1.2248475936894758e-40,1.2248475936894758e-40,1.2248475936894758e-40,1.2248475936894758e-40,1.2248475936894758e-40,1.2248475936894758e-40,1.2248475936894758e-40,1.2248475936894758e-40,1.2248475936894758e-40,1.2248475936894758e-40,1.2248475936894758e-40,1.2248475936894758e-40,1.2248475936894758e-40,1.2248475936894758e-40,1.2248475936894758e-40,1.2248475936894758e-40,1.2248475936894758e-40,1.2248475936894758e-40,1.2248475936894758e-40,1.2248475936894758e-40,1.2248475936894758e-40,1.2248475936894758e-40,1.2248475936894758e-40,1.2248475936894758e-40,1.2248475936894758e-40,1.2248475936894758e-40,1.2248475936894758e-40,1.2248475936894758e-40,1.2248475936894758e-40,1.2248475936894758e-40,1.2248475936894758e-40,1.2248475936894758e-40,1.2248475936894758e-40,1.2248475936894758e-40,1.2248475936894758e-40,1.2248475936894758e-40,1.2248475936894758e-40,1.2248475936894758e-40,1.2248475936894758e-40,1.2248475936894758e-40,1.2248475936894758e-40,1.2248475936894758e-40,1.2248475936894758e-40,1.2248475936894758e-40,1.2248475936894758e-40,1.2248475936894758e-40,1.2248475936894758e-40,1.2248475936894758e-40,1.2248475936894758e-40,1.2248475936894758e-40,1.2248475936894758e-40,1.2248475936894758e-40,1.2248475936894758e-40,1.2248475936894758e-40,1.2248475936894758e-40,1.2248475936894758e-40,1.2248475936894758e-40,1.2248475936894758e-40,1.2248475936894758e-40,1.2248475936894758e-40,1.2248475936894758e-40,1.2248475936894758e-40,1.2248475936894758e-40,1.2248475936894758e-40,1.2248475936894758e-40,1.2248475936894758e-40,1.2248475936894758e-40,1.2248475936894758e-40,1.2248475936894758e-40,1.2248475936894758e-40,1.2248475936894758e-40,1.2248475936894758e-40,1.2248475936894758e-40,1.2248475936894758e-40,1.224847593689476e-40,1.2248475936894758e-40,1.2248475936894756e-40,1.2248475936894753e-40,1.2248475936894756e-40,1.2248475936894751e-40,1.2248475936894753e-40,1.2248475936894756e-40,1.2248475936894751e-40,1.2248475936894751e-40,1.224847593689475e-40,1.2248475936894753e-40,1.2248475936894753e-40,1.2248475936894747e-40,1.2248475936894756e-40,1.2248475936894753e-40,1.2248475936894751e-40,1.2248475936894753e-40,1.2248475936894756e-40,1.224847593689475e-40,1.2248475936894751e-40,1.2248475936894756e-40,1.2248475936894751e-40,1.2248475936894747e-40,3.747930473173027e-39,3.747930473173028e-39,3.747930473173029e-39,3.747930473173028e-39,7.496313372387905e-38,7.496313372387906e-38,7.496313372387903e-38,7.496313372387905e-38,7.535452325964526e-38,7.535452325964522e-38,7.535452325964517e-38,7.535452325964514e-38,7.535452325964515e-38,7.535452325964511e-38,7.535452325964512e-38,7.535452325964512e-38,3.883172690459046e-37,3.883172690459048e-37,3.8831726904590445e-37,3.8831726904590445e-37,3.883172690459045e-37,3.883172690459044e-37,3.883172856120174e-37,3.883172856120173e-37,-6.1186769232852756e-37,4.611209010940776e-38,4.6112090109407764e-38,4.6112090109407764e-38,4.6112090109407764e-38,2.2750022328834894e-37,2.275002232883489e-37,2.27500223288349e-37,2.27500223288349e-37,2.275538886749247e-37,2.2755388867492465e-37,2.3156128929157467e-36,2.765534149746989e-31,2.765534149746988e-31,2.765534149746988e-31,2.765534261029806e-31,2.7655342610298065e-31,2.7655342610298056e-31,2.765534261029807e-31,2.7655342610298065e-31,2.765534243119844e-31,2.765534243987822e-31,2.7655344128884383e-31,2.765534412888438e-31,2.7655338495116417e-31,2.7655269668094527e-31,2.7654747015980694e-31,2.7650178298472212e-31,2.765017829847251e-31,2.7650153545397037e-31,2.765015354539704e-31,2.765014688936586e-31,2.765014688931626e-31,2.7655064265239185e-31,2.765506426504894e-31,2.765506426504895e-31,2.7666060205766764e-31,2.7666060205766777e-31,2.766606020572221e-31,2.76651390121228e-31,2.766513901212281e-31,2.7665139012122757e-31,2.7664547347913465e-31,2.766454734791346e-31,2.766454736691648e-31,2.7664535140429604e-31,2.778253097822766e-31,2.778253114002216e-31,2.7782531649302277e-31,2.7782531649302277e-31,2.7782544461154413e-31,2.778254446115348e-31,2.7782600733138844e-31,2.778266729388274e-31,2.778266729388274e-31,2.7783059697392363e-31,2.7782845745142397e-31,2.778284574514276e-31,2.7752947145386916e-31,-1.3803631164537177e-29,-7.27602021710139e-50,1.1249469578696421e-35,1.1249469560739346e-35,1.1413014197571357e-35,1.1413014197571355e-35,-2.6253287977810274e-34,-4.306935555792105e-39,-2.216961977093455e-37,1.5543867198945717e-39,-4.5127952874328e-36,-4.185434351048947e-39,-4.33890705743971e-40,1.9909508768076444e-60,-6.886959660176256e-37,9.644055065756647e-40,-1.707010593355702e-34,-6.798805347977035e-34,7.297162826264107e-36,5.2814129258907126e-36,-1.1232898850090322e-28,-2.0000971968839734e-30,-3.5382929051743135e-53,-5.817965777803408e-30,1.8310855522126552e-28,1.8310853009029826e-28,1.8310853074713297e-28,1.83108530747133e-28,1.83108530747133e-28,2.259950353523413e-28,2.259950631596149e-28,2.2555163310384567e-28,2.2555163310384567e-28,2.255516331038457e-28,2.255516329761716e-28,2.255516329761713e-28,2.2555163283392886e-28,2.2555163347160696e-28,2.255516334716069e-28,2.2555167250229815e-28,8.836407679222203e-28,8.836407697802284e-28,8.836407681590849e-28,8.83640769773462e-28,8.798396929422886e-28,8.798395717961988e-28,8.798393673541096e-28,8.802360430759138e-28,8.659869348960773e-28,8.855173518470686e-28,8.855181803012977e-28,8.855181803012974e-28,8.904698174175283e-28,8.7280527119162e-28,9.495403828396581e-28,9.456104875433405e-28,9.451629592375945e-28,9.978623145499957e-28,9.978611949630775e-28,9.978642051826242e-28,9.339136001811134e-28,9.339271247899068e-28,9.125640557606353e-28,9.123247001934838e-28,9.231422545921124e-28,9.231659099547839e-28,1.0579367113336908e-27,1.057012963107789e-27,1.0332583862256864e-27,9.37836815745805e-28,9.036143510826097e-28,1.0857441301125106e-27,1.0884904083993343e-27,1.0884413363031071e-27,1.0906469563900212e-27,1.090636744212903e-27,1.0906219231215753e-27,1.0967516568962719e-27,1.0967468516412296e-27,1.0967491738975154e-27,1.0967182470637602e-27,1.0970561119538164e-27,1.0970561119537312e-27,1.0970561037223452e-27,1.0970561034276772e-27,1.0970561026362707e-27,1.097055953325179e-27,1.0970559521783751e-27,1.097055952250264e-27,1.0970537620072743e-27,1.0970540457042929e-27,1.0970540457326213e-27,1.0970540456945223e-27,1.0970540456693498e-27,1.0970536972342675e-27,1.0970536972492416e-27,1.0970536977353699e-27,1.0970536989801522e-27,1.0970538602535591e-27,1.0970538572276298e-27,1.097053857370988e-27,1.0970524721787724e-27,1.0970524530525929e-27,1.0970524531260826e-27,1.0970524710234078e-27,1.0970524843821934e-27,1.0970524920266523e-27,1.0970523925272841e-27,1.0970524039630535e-27,1.0970525843027136e-27,1.0970524408713041e-27,1.0970533975722553e-27,1.0970534622938063e-27,1.0970534537882647e-27,1.0970534072354713e-27,1.0970534042355702e-27,1.0970535386488348e-27,1.0970535383802696e-27,1.0970536784281439e-27,1.0970536795522188e-27,1.097053667961025e-27,1.0970536706302669e-27,1.097053684873621e-27,1.0970537361060706e-27,1.0970500828522772e-27,1.0970501242538073e-27,1.0970523974013134e-27,1.0970523916668358e-27,1.0970528618885347e-27,1.0970527935934636e-27,1.0970526413426683e-27,1.0970526394399409e-27,1.0970526881490468e-27,1.0970526960669452e-27,1.0970527158051802e-27,1.0970529414350285e-27,1.0970531220983564e-27,1.0970530717755493e-27,1.0970532596272001e-27,1.0970534911903178e-27,1.0970523758870902e-27,1.0970523759051034e-27,1.0970523807528783e-27,1.0970519356360765e-27,1.0970519665559775e-27,1.097051929179188e-27,1.0970518135143933e-27,1.0970518289552458e-27,1.0970499415088986e-27,1.0970499602126856e-27,1.0970499648517354e-27,1.0970501068519023e-27,1.097050146402176e-27,1.0970504173126157e-27,1.097050544731416e-27,1.0970504541067607e-27,1.0970504541067693e-27,1.0970504208641715e-27,1.097050461170161e-27,1.0970504595238855e-27,1.0970506183666494e-27,1.0970503515882097e-27,1.0970503473619861e-27,1.0970503340815216e-27,1.0970504446959803e-27,1.0970556383315507e-27,1.0970570495850319e-27,1.0970577030146843e-27,1.0970587748460476e-27,1.097058999089246e-27,1.097059001602526e-27,1.0970595227142904e-27,1.097059574840588e-27,1.09705961836794e-27,1.0970596833348295e-27,1.097054781003482e-27,1.0970540553416478e-27,1.0970541041150683e-27,1.0970540460206611e-27,1.0970540219713868e-27,1.0970547094145135e-27,1.0970568025866925e-27,1.0970559091938377e-27,1.097055629704527e-27,1.0970538826582124e-27,1.0970534607198569e-27,1.0970518923754122e-27,1.0970507383896558e-27,1.0970509896029647e-27,1.0970459971267831e-27,1.0970462125218087e-27,1.0970462084375858e-27,1.0970458792870621e-27,1.0970455917512872e-27,1.0970450468665193e-27,1.0970450840959094e-27,1.0970455337107629e-27,1.0970453690469768e-27,1.0970453494830982e-27,1.0970453462653326e-27,1.0970453119354945e-27,1.0970453161634145e-27,1.0970450829553063e-27,1.09704512554857e-27,1.0970462023921643e-27,1.0970461282764695e-27,1.097058680690998e-27,1.0970589068514269e-27,1.0970565286266614e-27,1.0970528629183787e-27,1.0970512076663505e-27,1.097051375790689e-27,1.0970508892501806e-27,1.0970503692332174e-27,1.0970458800782287e-27,1.0970469594781934e-27,1.0970468978985287e-27,1.0970452452244967e-27,1.0970533133107563e-27,1.0970532846429548e-27,1.09705331814829e-27,1.0970511632114006e-27,1.0970515046606763e-27,1.0970515016546589e-27,1.0970495265780844e-27,1.0970495465085495e-27,1.0970495460188376e-27,1.1005920268858539e-27,1.100592133013677e-27,1.1005921237585159e-27,1.1005961584182026e-27,1.1125652579885876e-27,1.112569101562345e-27,1.1125693259953073e-27,1.1116895562567484e-27,1.1116890224248172e-27,1.1116889134911559e-27,1.11418559432209e-27,1.1141961486183177e-27,1.1141836650007306e-27,1.1141815725579813e-27,1.1141815725506488e-27,1.1141820584100955e-27,1.1141817926148531e-27,1.1141812828093922e-27,1.1141815292503078e-27,1.1141810486018223e-27,1.114181864227911e-27,1.1141879089448206e-27,1.1141886214567454e-27,1.1141886214588603e-27,1.1141885978349053e-27,1.1141885978402133e-27,1.1141863413028569e-27,1.1141979035427062e-27,1.1141990592308224e-27,1.1141976162143452e-27,1.1141981216794671e-27,1.114197926631712e-27,1.1141981616843e-27,1.1142025793330685e-27,1.1142024425929555e-27,1.114202023278732e-27,1.1142006226860322e-27,1.1142006037842499e-27,1.114145327710132e-27,1.113900271252162e-27,1.1138998933412408e-27,1.1139275698226586e-27,1.113929971311447e-27,1.1139301842361303e-27,1.1139319026532883e-27,1.1139406904308962e-27,1.1139640037268163e-27,1.1139610703580688e-27,1.1139613330946374e-27,1.1139492875536005e-27,1.1139428930775611e-27,1.113946015566412e-27,1.1139984935402485e-27,1.1139905075327181e-27,1.1139947161477001e-27,1.1140074103149048e-27,1.114007398336919e-27,1.1140103379788023e-27,1.1140186544201558e-27,1.1140204002464047e-27,1.1140205496831851e-27,1.1140861062573746e-27,1.1140823109870818e-27,1.1140822737663446e-27,1.1140859112892432e-27,1.114242502972018e-27,1.114242675919212e-27,1.114242150797986e-27,1.114242324414212e-27,1.1142563991407243e-27,1.1143960899130863e-27,1.1143931113952821e-27,1.1143932429428365e-27,1.1143914495749764e-27,1.1143884635999723e-27,1.1143991164248402e-27,1.1144547752362662e-27,1.1144544783685158e-27,1.1144544685945448e-27,1.1144541751739646e-27,1.114454188108792e-27,1.114077392378092e-27,1.1140773924120717e-27,1.1140785184786582e-27,1.1140802158073562e-27,1.114076469068156e-27,1.1140758409747736e-27,1.1140700317417359e-27,1.114069893281874e-27,1.1140680127390635e-27,1.1140658336791491e-27,1.1140658986370127e-27,1.113818542275545e-27,1.1138316212152413e-27,1.1138525837658252e-27,1.1138434543977906e-27,1.1136120670218617e-27,1.1136107705733144e-27,1.113610665635284e-27,1.113605714441956e-27,1.113610651906452e-27,1.1136106646482795e-27,1.113611513229249e-27,1.113611511061811e-27,1.113201451630341e-27,1.1132014516602253e-27,1.1132010774336949e-27,1.1132012405604584e-27,1.1131250852419061e-27,1.113127511615346e-27,1.1131729881829496e-27,1.113172153706864e-27,1.1131678350051662e-27,1.1131678368519448e-27,1.1131754519996454e-27,1.113154381178908e-27,1.1132074173937523e-27,1.1132148792728987e-27,1.1132105031445488e-27,1.1132112910740909e-27,1.1132110888806295e-27,1.1132254053569808e-27,1.1132254021766291e-27,1.1132250914260438e-27,1.1132250050373785e-27,1.113224564695814e-27,1.1131764778141129e-27,1.1131765352054286e-27,1.1131735863067015e-27,1.1131710823207827e-27,1.1131740987356518e-27,1.1131610196856656e-27,1.1131502327107818e-27,1.1131501890063929e-27,1.1131499549073769e-27,1.113149717180527e-27,1.1131497953158717e-27,1.1131499232085188e-27,1.1131439830188137e-27,1.1129044954352196e-27,1.112903448374289e-27,1.1129060423513768e-27,1.1128538055013832e-27,1.1128537702599855e-27,1.1128502647466324e-27,1.1128504177128345e-27,1.1128502386983406e-27,1.1128544265495565e-27,1.112861374639717e-27,1.112861422727223e-27,1.112865329275877e-27,1.1128831207991118e-27,1.1128835169553646e-27,1.1128858115515168e-27,1.1128817151903088e-27,1.1128816399163333e-27,1.1128774223679026e-27,1.1128773731532437e-27,1.1128713083874375e-27,1.112870314529448e-27,1.1128703300554617e-27,1.112138120735543e-27,1.1121326250530705e-27,1.1121325796994123e-27,1.1121310975545793e-27,1.1121309578843794e-27,1.1121309578548657e-27,1.1121309767129193e-27,1.1121309687748178e-27,1.1121309529946662e-27,1.112122508435047e-27,1.1121223593473744e-27,1.1121226684772168e-27,1.1121336549829861e-27,1.1293669713765984e-27,1.1293669560479583e-27,1.1293665866659577e-27,1.1293512259353804e-27,1.1293586386241083e-27,1.1293587457571072e-27,1.129365493575561e-27,1.1293728132332592e-27,1.1293726197800157e-27,1.1293682336066111e-27,1.1293674778452927e-27,1.1293668815961177e-27,1.1294206978985833e-27,1.1294138992065228e-27,1.1280205457531532e-27,1.1280198938450567e-27,1.1280199497330214e-27,1.1280193459642042e-27,1.128019398406123e-27,1.1280193834394724e-27,1.1280159861765452e-27,1.1280131553488826e-27,1.1279679306146104e-27,1.1279764102845633e-27,1.1279767772923008e-27,1.1278978981138596e-27,1.1278982933935332e-27,1.1279021358210877e-27,1.1279014510187418e-27,1.1279012900423085e-27,1.1279032012585346e-27,1.1279031457307921e-27,1.1279038883726746e-27,1.1280629937747695e-27,1.1280672770056577e-27,1.1281147959733323e-27,1.1281132478009418e-27,1.1281129771885416e-27,1.1281229199944627e-27,1.12812277107664e-27,1.1281227577411591e-27,1.1281331333081383e-27,1.1281327811134702e-27,1.1281327839609973e-27,1.1281310130021455e-27,1.1281310851407958e-27,1.1281278871226707e-27,1.128128703941618e-27,1.1283372402707854e-27,1.1299098320887036e-27,-3.54540643625705e-27,8.385269618264228e-33,9.141199291112129e-33,9.482720065377159e-33,7.994738809344694e-33,6.414793604616559e-33,-1.102324222168981e-31,-1.4073197244191019e-33,-3.6132004364828935e-33,7.669992688653464e-30,7.6884312965866e-30,7.688929360694732e-30,7.684683395855882e-30,7.684330865203106e-30,7.680633600591583e-30,7.679967105041265e-30,7.679854944504624e-30,7.678809412432185e-30,7.678861701902174e-30,7.678931505588691e-30,7.678442278495422e-30,7.683488905256663e-30,7.198320234598595e-30,7.200139033066192e-30,8.576412943305816e-30,8.575978769684168e-30,8.587202395515953e-30,8.550355349418238e-30,8.549460072505912e-30,8.549842352857762e-30,8.549881458045294e-30,8.550354176893218e-30,8.64284921322373e-30,8.207126650086389e-30,8.20741020427326e-30,8.216527629274064e-30,8.21679714219017e-30,8.221022683295353e-30,8.259108747976804e-30,2.620792382964971e-28,2.6206588199858517e-28,2.62065948622067e-28,2.6211070381967677e-28,2.621105815717848e-28,2.6211396135948996e-28,2.6175354898553303e-28,2.6174376562510087e-28,2.6174381954344594e-28,2.6175757826452237e-28,2.6175774616959727e-28,2.617572052036892e-28,2.6175727897903807e-28,2.6159369401168934e-28,2.6159369924120826e-28,2.615931093366051e-28,2.615929705738049e-28,2.6159297975631477e-28,2.615944552865024e-28,2.6159415332274607e-28,2.6150317337522495e-28,2.6150571341670943e-28,2.615058824751797e-28,2.6150583706041185e-28,2.615304311765464e-28,2.615305369114132e-28,2.615812783921332e-28,2.6158357898422183e-28,2.615827889304205e-28,2.615937806180235e-28,2.6159367134397768e-28,2.961450027696e-28,2.9645735129127894e-28,2.964582377364684e-28,2.964543359548708e-28,2.9644252145647347e-28,2.9644419233674224e-28,2.9644313165438757e-28,2.9643832391085696e-28,2.964370562013687e-28,2.964425079441781e-28,2.964424990753698e-28,2.9645671417744743e-28,2.9645987133578165e-28,2.9645451438426772e-28,2.9646119155196577e-28,2.964534094219501e-28,2.9644988253012176e-28,2.9652549971344073e-28,2.965162796566947e-28,2.9651674990957445e-28,2.965104230026423e-28,2.965091444032759e-28,2.9650647753439844e-28,2.971292341379401e-28,2.970078283560138e-28,2.9699472176881068e-28,2.969954640970596e-28,2.9697385424830227e-28,2.969382207927032e-28,2.9688979547853903e-28,2.968909374540575e-28,2.9689075676526125e-28,2.968923596254505e-28,2.9689263602933678e-28,2.9689303024242615e-28,2.968900216368072e-28,2.968879722704255e-28,2.968881047119167e-28,2.968821237923559e-28,2.9688454188614725e-28,2.969044281536147e-28,2.970393599857995e-28,2.9722556407838907e-28,2.9727042445198824e-28,2.98546693427309e-28,2.9854670139989827e-28,2.9815590204446237e-28,3.0275113090646108e-28,3.0261956113321514e-28,2.9594643262933007e-28,2.9597609103745046e-28,2.9598906371288254e-28,2.959893236985231e-28,2.9600077322821363e-28,2.9566181862556255e-28,2.95664750279028e-28,2.9566117943795478e-28,2.9650282829956375e-28,2.965062009391005e-28,2.964602758748209e-28,2.964514628370941e-28,2.9644671637378786e-28,2.964255680100033e-28,2.9641344734221563e-28,2.9639938439901786e-28,2.8924240790535866e-28,2.8924201075522797e-28,2.8929013513909254e-28,2.891851624382864e-28,2.8921864946943446e-28,2.8921857343741522e-28,2.885594805700537e-28,2.885670578318258e-28,2.8855866253263404e-28,2.8855767918950166e-28,2.885689258689808e-28,2.885605462690641e-28,2.8855691332579164e-28,2.885616667446101e-28,2.885602331546972e-28,2.88560211232618e-28,2.8855766589365426e-28,2.8855713111538036e-28,2.8856953287605e-28,2.8857071172268307e-28,2.8859290112101737e-28,2.885941050045452e-28,2.885927910864076e-28,2.8859249298872973e-28,2.885797883558078e-28,2.885614262845006e-28,2.8856258589929467e-28,2.8856887064188453e-28,2.8856222700513226e-28,2.885608893362567e-28,2.8859878438701494e-28,2.8914912650680696e-28,2.8914911971297923e-28,2.891553074161279e-28,-2.0663972929095745e-27,1.338198805310146e-32,-4.61754373292671e-32,-7.24787543787456e-33,-5.500599663066767e-35,7.405031057729511e-32,5.502038902265523e-32,5.529802658534891e-32,5.459642103431462e-32,5.904555380365843e-32,-1.2318007636746407e-31,4.852213905022055e-33,8.016604138952711e-33,5.323786276402312e-33,2.9690603246711788e-33,2.9588324742239134e-33,2.898905192687377e-33,7.031081625028169e-33,2.766902664877877e-32,2.787471930368819e-32,1.7815959401664678e-31,1.7852690927232343e-31,-7.185979604918601e-31,-1.7887140166899788e-34,4.31703391907384e-32,2.7857956830736485e-32,4.9296719343823796e-32,4.728996931864286e-32,7.633526607646476e-32,7.579357564348311e-32,1.45834115323918e-30,1.4555405144659716e-30,1.5019679226279335e-30,1.5031854956495816e-30,1.5032313215607645e-30,1.502135925958581e-30,1.5125872832486229e-30,-2.1094942414397067e-30,-7.195491601838594e-33,4.3787722641888557e-32,4.430863763704531e-32,1.383967956390483e-31,1.368987765773775e-31,1.832646764293833e-31,1.8866731179830624e-31,2.1909986690882023e-31,2.1840031667533125e-31,2.1877836783495487e-31,1.8001887954136578e-31,1.8017751474711596e-31,5.740446851973393e-31,6.336517204499021e-31,6.3391175388690486e-31,6.280911867340751e-31,6.280485713437527e-31,5.973354634412236e-31,5.9023821291166126e-31,5.9023821291166126e-31,5.9023821291166126e-31,5.9023821291166126e-31,5.9023821291166126e-31,5.9023821291166126e-31,5.9023821291166126e-31,5.9023821291166126e-31,5.9023821291166126e-31,5.9023821291166126e-31,5.9023821291166126e-31,5.902382129116613e-31,5.902382129116613e-31,5.902382129116613e-31,5.902382129116613e-31,5.902382129116613e-31,5.902382129116613e-31,5.902382129116613e-31,5.902382129116613e-31,5.9023821291166126e-31,5.9023821291166126e-31,5.9023821291166126e-31,5.9023821291166126e-31,5.9023821291166126e-31,5.9023821291166126e-31,5.9023821291166126e-31,5.9023821291166126e-31,5.9023821291166126e-31,5.9023821291166126e-31,5.9023821291166126e-31,5.9023821291166126e-31,5.9023821291166126e-31,5.9023821291166126e-31,5.9023821291166126e-31,5.902382129116613e-31,5.902382129116613e-31,5.902382129116613e-31,5.902382129116613e-31,5.902382129116613e-31,5.902382129116613e-31,5.902382129116613e-31,5.902382129116613e-31,5.902382129116613e-31,5.902382129116613e-31,5.902382129116613e-31,5.902382129116613e-31,5.902382129116613e-31,5.902382129116613e-31,5.902382129116613e-31,5.902382129116613e-31,5.902382129116613e-31,5.902382129116613e-31,5.902382129116613e-31,5.902382129116613e-31,5.902382129116613e-31,5.902382129116613e-31,5.902382129116613e-31,5.902382129116614e-31,5.902382129116614e-31,5.902382129116614e-31,5.902382129116614e-31,5.902382129116614e-31,5.902382129116614e-31,5.902382129116614e-31,5.902382129116613e-31,5.902382129116613e-31,5.902382129116613e-31,5.902382129116613e-31,5.902382129116613e-31,5.902382129116613e-31,5.902382129116613e-31,5.902382129116613e-31,5.902382129116613e-31,5.902382129116613e-31,5.902382129116613e-31,5.902382129116613e-31,5.902382129116613e-31,5.902382129116613e-31,5.902382129116613e-31,5.902382129116613e-31,5.902382129116613e-31,5.902382129116613e-31,5.902382129116613e-31,5.902382129116613e-31,5.902382129116613e-31,5.902382129116613e-31,5.902382129116613e-31,5.9023821291166126e-31,5.9023821291166126e-31,5.9023821291166126e-31,5.9023821291166126e-31,5.9023821291166126e-31,5.9023821291166126e-31,5.9023821291166126e-31,5.9023821291166126e-31,5.9023821291166126e-31,5.9023821291166126e-31,5.9023821291166126e-31,5.9023821291166126e-31,5.9023821291166126e-31,5.9023821291166126e-31,5.9023821291166126e-31,5.902382129116613e-31,5.902382129116613e-31,5.902382129116613e-31,5.902382129116613e-31,5.902382129116613e-31,5.902382129116613e-31,5.902382129116613e-31,5.9023821291166126e-31,5.9023821291166126e-31,5.9023821291166126e-31,5.9023821291166126e-31,5.9023821291166126e-31,5.9023821291166126e-31,5.9023821291166126e-31,5.9023821291166126e-31,5.9023821291166126e-31,5.9023821291166126e-31,5.9023821291166126e-31,5.9023821291166126e-31,5.9023821291166126e-31,5.9023821291166126e-31,5.9023821291166126e-31,5.9023821291166126e-31,5.9023821291166126e-31,5.9023821291166126e-31,5.9023821291166126e-31,5.9023821291166126e-31,5.9023821291166126e-31,5.9023821291166126e-31,5.9023821291166126e-31,5.9023821291166126e-31,5.9023821291166126e-31,5.9023821291166126e-31,5.9023821291166126e-31,5.9023821291166126e-31,5.9023821291166126e-31,5.9023821291166126e-31,5.9023821291166126e-31,5.902382129116614e-31,5.902382129116614e-31,5.902382129116614e-31,5.902382129116614e-31,5.902382129116614e-31,5.902382129116614e-31,5.902382129116614e-31,5.902382129116613e-31,5.902382129116613e-31,5.902382129116613e-31,5.902382129116613e-31,5.902382129116613e-31,5.902382129116613e-31,5.902382129116613e-31,5.902382129116613e-31,5.902382129116613e-31,5.902382129116613e-31,5.902382129116613e-31,5.902382129116613e-31,5.902382129116613e-31,5.902382129116613e-31,5.902382129116613e-31,5.902382129116613e-31,5.902382129116613e-31,5.902382129116613e-31,5.902382129116613e-31,5.902382129116613e-31,5.902382129116613e-31,5.902382129116613e-31,5.902382129116613e-31,5.9023821291166126e-31,5.9023821291166126e-31,5.9023821291166126e-31,5.9023821291166126e-31,5.9023821291166126e-31,5.9023821291166126e-31,5.9023821291166126e-31,5.902382129116613e-31,5.902382129116613e-31,5.902382129116613e-31,5.902382129116613e-31,5.902382129116613e-31,5.902382129116613e-31,5.902382129116613e-31,5.902382129116613e-31,5.902382129116613e-31,5.902382129116613e-31,5.902382129116613e-31,5.902382129116613e-31,5.902382129116613e-31,5.902382129116613e-31,5.902382129116613e-31,5.9023821291166126e-31,5.9023821291166126e-31,5.9023821291166126e-31,5.9023821291166126e-31,5.9023821291166126e-31,5.9023821291166126e-31,5.9023821291166126e-31,5.9023821291166126e-31,5.9023821291166126e-31,5.9023821291166126e-31,5.9023821291166126e-31,5.9023821291166126e-31,5.9023821291166126e-31,5.9023821291166126e-31,5.9023821291166126e-31,5.9023821291166126e-31,5.9023821291166126e-31,5.9023821291166126e-31,5.9023821291166126e-31,5.9023821291166126e-31,5.9023821291166126e-31,5.9023821291166126e-31,5.9023821291166126e-31,5.902382129116613e-31,5.90238212913411e-31,5.902382129147187e-31,5.902382127880441e-31,5.902382125010841e-31,5.902382125006583e-31,5.90238212500661e-31,5.902382125086393e-31,5.902382124785639e-31,5.9023821248961135e-31,5.902382125220272e-31,5.902382124490309e-31,5.902382124460621e-31,5.902382122039155e-31,5.902382121987062e-31,5.902382121987625e-31,5.90238212198273e-31,5.902382121303531e-31,5.902382121345419e-31,5.902382121343553e-31,5.902382121004615e-31,5.902382121122651e-31,5.902382121121533e-31,5.902382119038727e-31,5.902382119275783e-31,5.902382119275855e-31,5.902382119231488e-31,5.902382119230511e-31,5.902382118659714e-31,5.902382118661604e-31,5.902382118661613e-31,5.902382118666224e-31,5.902382118651998e-31,5.902382118447882e-31,5.902382118363201e-31,5.902382116624044e-31,5.902382117186965e-31,5.902382117069339e-31,5.902382128292722e-31,5.902382128293522e-31,5.90238212824135e-31,5.9023821282520315e-31,5.902382127956051e-31,5.902382128149494e-31,5.902382129115315e-31,5.902382129002077e-31,5.902382132332943e-31,5.902382131570587e-31,5.902382131570699e-31,5.9023821347932665e-31,5.902382134793528e-31,5.90238180714657e-31,5.902381807146724e-31,5.90238178534856e-31,5.902381789611909e-31,5.902381789569998e-31,5.9023817895591465e-31,5.9023817929026665e-31,5.902381795247127e-31,5.902381795124672e-31,5.902381796187113e-31,5.902381797024333e-31,5.902381796841392e-31,5.902381796841383e-31,5.902381796840385e-31,5.902381802350107e-31,5.902381792003281e-31,5.902381790549753e-31,5.902381790558215e-31,5.902381789294656e-31,5.902381789295014e-31,5.90238178934724e-31,5.90238178832495e-31,5.902381829293423e-31,5.902381829812413e-31,5.902381832359844e-31,5.902381828083859e-31,5.902381828080586e-31,5.902381828084581e-31,5.902381826831817e-31,5.902381826837221e-31,5.902381825582078e-31,5.902381825567858e-31,5.902381825567922e-31,5.902381825573529e-31,5.902381803777706e-31,5.902381802879637e-31,5.902381769610377e-31,5.902381769739636e-31,5.9023817695488435e-31,5.902381769486806e-31,5.902381877457514e-31,5.902381876513796e-31,5.9023818562147604e-31,5.902381847306771e-31,5.90238184730149e-31,5.90238184239372e-31,5.902381839341731e-31,5.902381838254037e-31,5.902381842990529e-31,5.902381847810852e-31,5.902381847404568e-31,5.902380976627729e-31,5.9023809882177275e-31,5.902380988024145e-31,5.902380987868888e-31,5.902515618878271e-31,5.902515675332033e-31,5.9025156759041755e-31,5.902515675677832e-31,5.902515675749084e-31,5.902515687478446e-31,5.902515687705984e-31,5.902515687099305e-31,5.9025156873088865e-31,5.902515682339539e-31,5.90251568859016e-31,5.902515690516738e-31,5.9025156933552205e-31,5.902515693235476e-31,5.902515210116369e-31,5.90251520663434e-31,5.902515201803759e-31,5.902515200799613e-31,5.902515202784999e-31,5.902515194585578e-31,5.902515170647785e-31,5.902514749414201e-31,5.902514752524802e-31,5.902514787108534e-31,5.90251475864452e-31,5.902514824453035e-31,5.90251481983103e-31,5.902514748035452e-31,5.902519098622721e-31,5.902519098877186e-31,5.902519100426154e-31,5.902519120083815e-31,5.902519125085852e-31,5.902519119213049e-31,5.902519108424302e-31,5.902519091194066e-31,5.90251908888276e-31,5.902519088882657e-31,5.902518960757339e-31,5.902518971274246e-31,5.902518974877986e-31,5.902518883616521e-31,5.902489398963436e-31,5.902489801871587e-31,5.902489784350679e-31,5.902489845748816e-31,5.902489845775448e-31,5.902489845775404e-31,5.902489818899832e-31,5.902489728752648e-31,5.902489728123766e-31,5.902489717673654e-31,5.90248971937421e-31,5.9024895992141525e-31,5.902489601344606e-31,5.902939996561012e-31,5.9029400068248735e-31,5.902940004657617e-31,5.902940005252295e-31,5.902939999961836e-31,5.902939994849997e-31,5.902939983355999e-31,5.902939983622738e-31,5.9029399891535855e-31,5.9029399743144505e-31,5.9029399815378936e-31,5.90294010112232e-31,5.90294010403325e-31,5.902940104033251e-31,5.902940065816354e-31,5.902955571988323e-31,5.902955572076318e-31,5.90295557208083e-31,5.90295557156388e-31,5.902955576970539e-31,5.902955549601215e-31,5.902955558537331e-31,5.9029555585365436e-31,5.9029555585239415e-31,5.902955422087617e-31,5.902955536937618e-31,5.90295551782083e-31,5.902952241187096e-31,5.902952241281172e-31,5.902952241294373e-31,5.902952782429478e-31,5.902952782742555e-31,5.902952830482726e-31,5.902952802453018e-31,5.902952761389241e-31,5.9029527613891665e-31,5.902952888408202e-31,5.902953076780657e-31,5.902953076771891e-31,5.902953092153641e-31,5.902943760521268e-31,5.902944258756451e-31,5.902947454744457e-31,5.902947398966031e-31,5.902947530169962e-31,5.902947530190875e-31,5.9029474523642335e-31,5.902947553481448e-31,5.902947556373259e-31,5.902947559848104e-31,5.90294760130191e-31,5.902947601298761e-31,5.902947580945602e-31,5.902947580944774e-31,5.9030242052130144e-31,5.903024222937079e-31,5.903024220327301e-31,5.903023550852265e-31,5.903023590172085e-31,5.90302388761255e-31,5.90302387324715e-31,5.903023873246998e-31,5.9030241856836345e-31,5.903024176751109e-31,5.90302413480563e-31,5.903023647603224e-31,5.90302282466889e-31,5.903022824389732e-31,5.903022786090443e-31,5.903022786044245e-31,5.903022843202761e-31,5.90302281816734e-31,5.903022816685033e-31,5.9030228113272035e-31,5.903022811628277e-31,5.903022785791655e-31,5.903022785833033e-31,5.903022864250677e-31,5.903022877722969e-31,5.903022816304411e-31,5.9030227502339755e-31,5.902968520352333e-31,5.9029683783621595e-31,5.902968377901563e-31,5.9029683424673125e-31,5.902968342473003e-31,5.9029683424730185e-31,5.902968330020406e-31,5.9029683300194995e-31,5.902968330017098e-31,5.902968309957005e-31,5.902968402520755e-31,5.902968983223925e-31,5.902968983489382e-31,5.902968947085284e-31,5.9029690002585905e-31,5.902969008828161e-31,5.9029688575857535e-31,5.902968857370937e-31,5.902968856364952e-31,5.902968856365167e-31,5.902968918030468e-31,5.902968918030611e-31,5.902969022572171e-31,5.902969061693296e-31,5.902965476919893e-31,5.902965476920556e-31,5.902965663857466e-31,5.9029692381038515e-31,5.90296945928508e-31,5.902966380087425e-31,5.902966305131207e-31,5.9029665616250055e-31,5.902966561698405e-31,5.902966620498628e-31,5.902966251553878e-31,5.9029662515533675e-31,5.902966251553371e-31,5.902966189804806e-31,5.902966189845793e-31,5.902966189845333e-31,5.902966061882392e-31,5.902966055886729e-31,5.902966055887184e-31,5.902966238045349e-31,5.902966238053449e-31,5.902966238053559e-31,5.902966239151923e-31,5.902966239155608e-31,5.9029662402929884e-31,5.902966240289819e-31,5.902966240297263e-31,5.90296624030329e-31,5.902966240309283e-31,5.902966703694262e-31,5.890478322400431e-31,5.3243843989043735e-31,5.324384405413438e-31,5.324384405346273e-31,5.324384407415491e-31,5.324384407406825e-31,5.324384407406996e-31,5.324384462890441e-31,5.324384476200572e-31,5.3243844789571786e-31,5.324384478957005e-31,5.324384480280562e-31,5.324384519973952e-31,5.324473572447037e-31,5.324473572402442e-31,5.3244735709300355e-31,5.324473573736868e-31,5.324473573702223e-31,5.324473773394389e-31,5.324473773394174e-31,5.324473773385328e-31,5.324473773783232e-31,5.324473759848283e-31,5.3244738596943656e-31,5.324473859694718e-31,5.324473908108522e-31,5.324473908108524e-31,5.324473987997846e-31,5.324473987998215e-31,5.3244739866986775e-31,5.324473988201547e-31,5.324473988212245e-31,5.324472880617279e-31,5.32447289298498e-31,5.324472881372672e-31,5.3244728967693775e-31,5.324473998228343e-31,5.32447401979303e-31,5.324474256106794e-31,5.324474256106703e-31,5.324474256114876e-31,5.324474282270664e-31,5.3244757354400385e-31,5.324475717611605e-31,5.324475763075296e-31,5.324475859483456e-31,5.3244758594903275e-31,5.324475859488636e-31,5.3244758684063035e-31,5.324475869900342e-31,5.324475887075506e-31,5.3244758845753435e-31,5.324476011142854e-31,5.324476011135137e-31,5.3244760107373735e-31,5.324476005962239e-31,5.3244760243740815e-31,5.324476036578173e-31,5.32447605741081e-31,5.324476057410514e-31,5.324476057440266e-31,5.3244760175099585e-31,5.324476018050478e-31,5.3244760341742156e-31,5.324476034151325e-31,5.324476034150876e-31,5.324476626732308e-31,5.324474985951075e-31,5.3244749859365155e-31,5.324475013567019e-31,5.324474969478549e-31,5.324474973352387e-31,5.324474992947798e-31,5.3244749854847045e-31,5.324475149621974e-31,5.3244751481784445e-31,5.324475156859538e-31,5.324475140985572e-31,5.3244751282326485e-31,5.32447514956936e-31,5.324475149569362e-31,5.324475149565012e-31,5.324468668162556e-31,5.324468184575434e-31,5.324468240949506e-31,5.324469841073199e-31,5.324469838401381e-31,5.324469923004026e-31,5.324469923004224e-31,5.324469934931653e-31,5.324469927020664e-31,5.324469927020674e-31,5.324469927004224e-31,5.324469694109312e-31,5.324469727949264e-31,5.324469682845736e-31,5.324469683073862e-31,5.3244724236231335e-31,5.324472347310288e-31,5.32447236401825e-31,5.324472366848041e-31,5.324472394626574e-31,5.324472394664715e-31,5.324472394664863e-31,5.324472394664869e-31,5.32447239498438e-31,5.324472395076975e-31,5.324473172215341e-31,5.32445164399186e-31,5.324451661611011e-31,5.324451661610794e-31,5.324451659525874e-31,5.324451668287039e-31,5.324451663052201e-31,5.324451663037412e-31,5.324451663023838e-31,5.3244516630238765e-31,5.324451662889759e-31,5.324451662890388e-31,5.324451599976896e-31,5.32445142817718e-31,5.324451437037249e-31,5.32445343520437e-31,5.324453510938525e-31,5.32445351093924e-31,5.324453508580762e-31,5.32445355306916e-31,5.324453443007284e-31,5.324453436181059e-31,5.3244533372475105e-31,5.324453404438712e-31,5.3244534035016595e-31,5.32445340359442e-31,5.3244534035960825e-31,5.324453403596026e-31,5.324453362139772e-31,5.324476124596566e-31,5.324476124596567e-31,5.324476154838729e-31,5.324476104020943e-31,5.324476123782767e-31,5.324476123782767e-31,5.3244761352084716e-31,5.324476135321443e-31,5.324476028060466e-31,5.324476028033375e-31,5.324475762756194e-31,5.324475578145096e-31,5.324475578145097e-31,5.324475598528185e-31,5.324475799980527e-31,5.32447579998053e-31,5.324475799980531e-31,5.324475380524637e-31,5.324475380593233e-31,5.324475380593868e-31,5.3244753105644155e-31,5.3244753105669265e-31,5.324475549076845e-31,5.324475549066715e-31,5.324475561587572e-31,5.324475613634122e-31,5.324475613634115e-31,5.3244756136462175e-31,5.324475562843382e-31,5.338342842698645e-31,5.338342836631842e-31,5.3383428379432915e-31,5.338342774058714e-31,5.338342774060237e-31,5.33834277380839e-31,5.338342975835644e-31,5.338342975835685e-31,5.3383429758356795e-31,5.33834297508057e-31,5.3383429750805705e-31,5.338342980556041e-31,5.338342980161703e-31,5.338342979130338e-31,5.338342979130311e-31,5.338342979774911e-31,5.338342234415739e-31,5.338342234433583e-31,5.338342234432649e-31,5.33834223465937e-31,5.338342234788425e-31,5.338342233133902e-31,5.338342175042732e-31,5.338342175054172e-31,5.338342028602145e-31,5.338342493453156e-31,5.338342570480778e-31,5.3383425704460225e-31,5.338340083962657e-31,5.33834027466244e-31,5.338340274666558e-31,5.3383402746562365e-31,5.338340274649058e-31,5.338339068048726e-31,5.3383389461894725e-31,5.338338946187548e-31,5.3383321237571095e-31,5.338332089415595e-31,5.338332268592148e-31,5.338332268592181e-31,5.3383322685921965e-31,5.338332268592015e-31,5.338332269700859e-31,5.3383322696680426e-31,5.338332069383552e-31,5.338332041015933e-31,5.3383320442458985e-31,5.338332044330517e-31,5.3383320443242425e-31,5.338331757051754e-31,4.758706719486873e-31,4.758706718732762e-31,4.758706718695119e-31,4.758706718693489e-31,4.758707968533101e-31,4.758702146870681e-31,4.75870214696054e-31,4.7587021301879225e-31,4.75870213007255e-31,4.758701988126268e-31,4.758701987709324e-31,4.75870198700247e-31,4.758701987100636e-31,4.758701995662435e-31,4.758701995628009e-31,4.75870197768634e-31,4.7587021002258685e-31,4.758702100211866e-31,4.758702933229742e-31,4.758702925964238e-31,4.7587029153949066e-31,4.758702908936594e-31,4.7587029068185545e-31,4.758702922585796e-31,4.758702933763913e-31,4.758702933807097e-31,4.7587021713687e-31,4.7587020763097035e-31,4.758713587342476e-31,4.7600152658475705e-31,4.760015392296509e-31,4.760015392257922e-31,4.760015386034677e-31,4.760015349491523e-31,4.76001534949363e-31,4.760015371157163e-31,4.7600152672525745e-31,4.7600152672554945e-31,4.760015309091375e-31,4.76001380341219e-31,4.7600139506489275e-31,4.760013950648749e-31,4.760013692140712e-31,4.76001369214071e-31,4.760013692433356e-31,4.7600136408488645e-31,4.760013640848834e-31,4.760013640816236e-31,4.760013973448767e-31,4.760013973435204e-31,4.7600139328164455e-31,4.760013930776902e-31,4.760013930776919e-31,4.760013930804302e-31,4.760013894444089e-31,4.760013894440972e-31,4.80670173477679e-31,4.806701734773472e-31,4.8067017347735174e-31,4.8067017751482385e-31,4.806702005835152e-31,4.806702010686629e-31,4.806702010737721e-31,4.806702206986225e-31,4.806702206966475e-31,4.806702222211287e-31,4.806702222211342e-31,4.806702229435717e-31,4.806702229348424e-31,4.806702229348228e-31,4.806702229351976e-31,4.806732130627929e-31,4.806732126181871e-31,4.806730331018571e-31,4.8067303314618374e-31,4.806730395844762e-31,4.806730394933331e-31,4.8067305741215335e-31,4.806730567465152e-31,4.806730525210591e-31,4.806730524557222e-31,4.8067305126859025e-31,4.806730521780338e-31,4.8067253568991e-31,4.806730595993411e-31,4.806730585793465e-31,4.8067305853571095e-31,4.8067306414159635e-31,4.806730641022105e-31,4.80673054472757e-31,4.806730492464385e-31,4.806730493335544e-31,4.80673051400194e-31,4.806730493747236e-31,4.8067304981487604e-31,4.806729600950401e-31,4.806729558560029e-31,4.806730944572022e-31,4.806730968520577e-31,4.806730968511691e-31,4.806731228107496e-31,4.806731221187796e-31,4.806731221364624e-31,4.806731184888902e-31,4.8067312719234095e-31,4.806731212747775e-31,4.806731212648509e-31,4.80673154872302e-31,4.806731740920818e-31,4.806731009895943e-31,4.806731011105428e-31,4.806731091674922e-31,4.806731085034196e-31,4.806735299053296e-31,4.806735310829183e-31,4.806735284227568e-31,4.8067332085099295e-31,4.806733242576535e-31,4.806733300854964e-31,4.80673327312905e-31,4.8067332733064575e-31,4.806733273066262e-31,4.806733273008321e-31,4.806723319138147e-31,4.806722697103343e-31,4.806722696890851e-31,4.806722696897724e-31,4.806722632105302e-31,4.80672264068502e-31,4.806722707735814e-31,4.8067228401962615e-31,4.806722840245333e-31,4.8067228402063105e-31,4.806723783907727e-31,4.806723784121779e-31,4.80672378412449e-31,4.8067238355438935e-31,4.806723857999941e-31,4.806726821774767e-31,4.8067268218437965e-31,4.806727030055709e-31,4.806727029836578e-31,4.806727029675245e-31,4.806727028142073e-31,4.806727028142233e-31,4.806727024608434e-31,4.806727033741056e-31,4.8067271497820986e-31,4.8067271498768465e-31,4.806727480351404e-31,4.806727480325545e-31,4.80672746469993e-31,4.806727463826115e-31,4.806727229207344e-31,4.806727229206055e-31,4.806728803065949e-31,4.806728814358498e-31,4.806728796904762e-31,4.806728757802585e-31,4.806728749644153e-31,4.806728749644102e-31,4.806728749643966e-31,4.806728738984609e-31,4.806727817416576e-31,4.806727792238498e-31,4.806728111568552e-31,4.819206654924481e-31,4.819206655128567e-31,4.819206588092124e-31,4.819206561812821e-31,4.819206561813879e-31,4.819206566271674e-31,4.819206396185328e-31,4.819206394692294e-31,4.8192064060434875e-31,4.819204137297934e-31,4.8192040128337165e-31,4.8192040080042605e-31,4.819205116933114e-31,4.819205134317743e-31,4.819205164772319e-31,4.819205158614198e-31,4.8192047918514595e-31,4.819204790398135e-31,4.819205031693588e-31,4.819205031683656e-31,4.819205031683659e-31,4.819205070570261e-31,4.819205070571659e-31,4.819314531869261e-31,4.81931453169873e-31,4.819314531721172e-31,4.819296945665814e-31,4.8192970014813525e-31,4.819297001444899e-31,4.819297001444711e-31,4.819296865339679e-31,4.819296971045154e-31,4.81929697112155e-31,4.819296970959499e-31,4.819296970748547e-31,4.819296970853985e-31,4.819296943139955e-31,4.819296943147863e-31,4.819296949613089e-31,4.819297898921126e-31,4.819297898921124e-31,4.8192978976743655e-31,4.819297541407364e-31,4.819297574430697e-31,4.819297592054237e-31,4.819297633378563e-31,4.819297633496357e-31,4.819297633440795e-31,4.819297633474407e-31,4.81929763347411e-31,4.8192976334741205e-31,4.819297570634545e-31,4.819297719991801e-31,4.819281091498125e-31,4.8192816965064545e-31,4.819281681180767e-31,4.819281681690563e-31,4.819281681543043e-31,4.819281681464109e-31,4.819281648229991e-31,4.819282193607758e-31,4.819282302888144e-31,4.819282302879851e-31,4.819282295549761e-31,4.819282295547566e-31,4.819282295547535e-31,4.819282295552379e-31,4.819283948800024e-31,4.819283949195191e-31,4.819283951258347e-31,4.819283927828719e-31,4.819283950344922e-31,4.819283880286935e-31,4.819283889259106e-31,4.819284148439077e-31,4.819284148441879e-31,4.819284148430295e-31,4.8192841483862415e-31,4.8192841479820055e-31,4.819283545778528e-31,4.81928354666097e-31,4.81928354651314e-31,4.819283519061644e-31,4.819283519220002e-31,4.819283482048003e-31,4.819282980421948e-31,4.819283199541291e-31,4.819283199595098e-31,4.819283199602976e-31,4.819283201264711e-31,4.819283201118612e-31,4.819283201025927e-31,4.819283203633245e-31,4.819283203633194e-31,4.8192832071740395e-31,4.819283162860638e-31,4.819283162863403e-31,4.81928318514907e-31,4.819283185143488e-31,4.81928318418497e-31,4.819283151844316e-31,4.819283186539136e-31,4.819283186630784e-31,4.819283186543399e-31,4.819283192133807e-31,4.819283336607208e-31,4.8192833365982975e-31,4.819283333340967e-31,4.819283211159949e-31,4.819283211223476e-31,4.819283227364206e-31,4.819283269682499e-31,4.819283196891578e-31,4.819283080008144e-31,4.819282963095448e-31,4.819282961917353e-31,4.819282961872474e-31,4.81928267335747e-31,4.819282673357435e-31,4.81928267396774e-31,4.8192826845968625e-31,4.819282654163271e-31,4.8192845118914534e-31,4.8192844980271474e-31,4.819284332048353e-31,4.819284080512108e-31,4.819283814838753e-31,4.819283810492411e-31,4.819283759754694e-31,4.819283766923734e-31,4.819283566292225e-31,4.819283564349175e-31,4.81928356472561e-31,4.8192835604163525e-31,4.819283934681477e-31,4.819283935157233e-31,4.819283963016697e-31,4.819283923147367e-31,4.819283953649e-31,4.819283953636131e-31,4.8192839536359425e-31,4.819283953378807e-31,4.819283953789679e-31,4.819283952468081e-31,4.8192839524634585e-31,4.819284118129126e-31,4.819284065120987e-31,4.819284054105177e-31,4.819286364443348e-31,4.819286346344881e-31,4.819286302688948e-31,4.819286311183457e-31,4.819286311258532e-31,4.819286311590226e-31,4.819286311632958e-31,4.8192863077913395e-31,4.8192863077895135e-31,4.819286314482042e-31,4.819285972511791e-31,4.819286367030047e-31,4.819285239871732e-31,4.8192852398682215e-31,4.81921030026197e-31,4.819210300263709e-31,4.819210300265564e-31,4.819210279612592e-31,4.819210313364726e-31,4.819210282453436e-31,4.819210283376024e-31,4.819210327743239e-31,4.819210327733206e-31,4.819210327765803e-31,4.819210316079397e-31,4.8192103160794835e-31,4.819210318273839e-31,4.819210318292245e-31,4.819210320906361e-31,4.819145451210191e-31,4.819145457299966e-31,4.8191454701768e-31,4.819145469801623e-31,4.819145474329627e-31,4.819145714527729e-31,4.819145341476127e-31,4.819145279114755e-31,4.819145279124164e-31,4.819145572565335e-31,4.819145555645271e-31,4.819145558436106e-31,4.820108867200692e-31,4.820108981741104e-31,4.8201089821928725e-31,4.820108982193385e-31,4.82010898219404e-31,4.820108934147428e-31,4.82010892913727e-31,4.820109099729046e-31,4.820109099641312e-31,4.820109091824964e-31,4.820109097454015e-31,4.820109008961979e-31,4.820109025785529e-31,4.820109025767673e-31,4.820109025767472e-31,4.820109025137689e-31,4.820109023577138e-31,4.820109023842384e-31,4.820109023842985e-31,4.820109022389175e-31,4.820108992472164e-31,4.820108992196872e-31,4.820108991737031e-31,4.82010899170813e-31,4.820108991714117e-31,4.83238337656228e-31,4.8323833812708786e-31,4.8323825037055205e-31,4.832382503624423e-31,4.832382503624441e-31,4.832382503618656e-31,4.832382538524734e-31,4.832383212590342e-31,4.832383207229392e-31,4.832383207172845e-31,4.832383207172241e-31,4.832382676375711e-31,4.832382676409144e-31,4.832382676376495e-31,4.832382735052144e-31,4.832382734235457e-31,4.832382913635421e-31,4.832382914957531e-31,4.8323829216796005e-31,4.832382949005258e-31,4.832382949004038e-31,4.832382949005333e-31,4.832382948985617e-31,4.8323829488903845e-31,4.832382948849832e-31,4.832382686604532e-31,4.832382675931968e-31,4.832382683576701e-31,4.832382379385745e-31,4.83304160547797e-31,4.833041593354968e-31,4.833041587097272e-31,4.83304158721954e-31,4.833041587218177e-31,4.833041587217718e-31,4.833041587218463e-31,4.833041661633491e-31,4.833041672277632e-31,4.8330416720056e-31,4.833041206012327e-31,4.833041206011801e-31,4.833041083734835e-31,4.833041089951557e-31,4.833042849799326e-31,4.833041853774748e-31,4.8330419204166815e-31,4.8330419204475275e-31,4.833041939165028e-31,4.833042676823254e-31,4.833042676803787e-31,4.833042677097145e-31,4.833042660960261e-31,4.833042660371749e-31,4.833042638730075e-31,4.833041584506398e-31,4.833042122637041e-31,4.8330037840336805e-31,4.833003485685729e-31,4.8330034856706005e-31,4.833003471891351e-31,4.833003443173367e-31,4.833003443174025e-31,4.833003452000151e-31,4.83300337928068e-31,4.833003379334127e-31,4.833003396115569e-31,4.833003397805747e-31,4.833003420725589e-31,4.833003099685049e-31,4.833003099685093e-31,4.833003099685319e-31,4.833007392204138e-31,4.833007408715953e-31,4.833007412150264e-31,4.833007146685718e-31,4.833007147541686e-31,4.83300714932346e-31,4.833007149324384e-31,4.83300714936118e-31,4.833007149361085e-31,4.833007145962e-31,4.8330071490272575e-31,4.833007240246674e-31,4.8330072402404975e-31,4.833007240246165e-31,4.833007240246408e-31,4.833007241336089e-31,4.833007235679991e-31,4.8330072362980835e-31,4.8330072357974285e-31,4.833007235796873e-31,4.83300723578837e-31,4.833007235792839e-31,4.833007235799088e-31,4.833007242452617e-31,4.833007265401951e-31,4.8330072654019745e-31,4.833007265402e-31,4.833007265474701e-31,4.833007265481929e-31,4.833007083957972e-31,4.833007087064355e-31,4.833007087064463e-31,4.833007076519775e-31,4.833007076519522e-31,4.833007067147016e-31,4.833007067437654e-31,4.833007067457221e-31,4.833473371647656e-31,4.833473371644804e-31,4.833473507521238e-31,4.8679187756695385e-31,4.867918752786969e-31,4.8679187527869635e-31,4.867918761164873e-31,4.867918761164774e-31,4.867918777667034e-31,4.867918777657176e-31,4.8679187776276885e-31,4.8679187776269905e-31,4.867918776359789e-31,4.867918776359813e-31,4.867917383745113e-31,4.867918708970149e-31,4.867918706142707e-31,4.8679199487825385e-31,4.8679199490371185e-31,4.867919953659725e-31,4.867919582904564e-31,4.86791973928403e-31,4.867919960127211e-31,4.867919960076259e-31,4.867919961436836e-31,4.867920042649135e-31,4.867920039956898e-31,4.867924208034478e-31,4.867924208041418e-31,4.868006916108364e-31,4.868006916285479e-31,4.868006917042292e-31,4.867909916749272e-31,4.867910126251323e-31,4.867910365075371e-31,4.867910405259028e-31,4.867910408908952e-31,4.867910399738308e-31,4.867910399730862e-31,4.867910399735535e-31,4.867910399659248e-31,4.86791039965925e-31,4.867910399659571e-31,4.867910399659575e-31,4.867910399641249e-31,4.867910399641246e-31,4.867910594674095e-31,4.867910594714166e-31,4.86791062610385e-31,4.8679104838867935e-31,4.867910483936302e-31,4.867910502989066e-31,4.8679105111049685e-31,4.8679160798823245e-31,4.867916108927348e-31,4.867916271284895e-31,4.867916271288632e-31,4.86791627128925e-31,4.867916282106238e-31,4.867915942802209e-31,4.867915960924125e-31,4.867915961010877e-31,4.867915961010873e-31,4.867916240641316e-31,4.867916240641955e-31,4.867916239872542e-31,4.867916226406146e-31,4.867916227239326e-31,4.867916191321794e-31,4.867913243289616e-31,4.867913243140055e-31,4.867913243140043e-31,4.867912891018919e-31,4.867912897178977e-31,4.867912896766713e-31,4.867912896785146e-31,4.867912896785145e-31,4.867912838231471e-31,4.867912837279118e-31,4.867912837212496e-31,4.867912837203971e-31,4.867912817988011e-31,4.86791281865343e-31,4.867912818660213e-31,4.867912818639921e-31,4.867912009224962e-31,4.867912009140753e-31,4.86791200914085e-31,4.86791226160691e-31,4.867912261699327e-31,4.867912255357853e-31,4.867912255357149e-31,4.86791239497547e-31,4.867912394977554e-31,4.867912394810758e-31,4.867912394828728e-31,4.867912470672188e-31,4.867912480897976e-31,4.867912424575216e-31,4.86791158699631e-31,4.867911541796226e-31,4.867911461978222e-31,4.867911461304396e-31,4.867911461304571e-31,4.86791146129992e-31,4.867911451939733e-31,4.867911444851696e-31,4.867911444616975e-31,4.867911444630055e-31,4.867911441814123e-31,4.8679114418157304e-31,4.867899491608139e-31,4.867899491596593e-31,4.867899481318127e-31,4.867899474078238e-31,4.8678994724399794e-31,4.867899471758759e-31,4.86789947177056e-31,4.867899471822873e-31,4.867899536055831e-31,4.867899555569372e-31,4.867899555643508e-31,4.867899712565749e-31,4.867899708079218e-31,4.867899740350429e-31,4.867901187994865e-31,4.867901566639615e-31,4.867901800400629e-31,4.867901800401136e-31,4.867901800517053e-31,4.867901800517031e-31,4.8679017719156e-31,4.867901782412259e-31,4.867901782683491e-31,4.867901782401997e-31,4.867901816119078e-31,4.8679019202199735e-31,4.867901950982508e-31,4.867901408938516e-31,4.8678992052009365e-31,4.867899205242578e-31,4.867899050382488e-31,4.867899050143004e-31,4.8678990074538836e-31,4.867899007451459e-31,4.8678990074164575e-31,4.867899011922907e-31,4.867898908418917e-31,4.867898908368584e-31,4.867898908364897e-31,4.867898908514596e-31,4.86789892307848e-31,4.867898898649102e-31,4.867898899274917e-31,4.867895875044942e-31,4.867895875044989e-31,4.867896224281074e-31,4.86789622961303e-31,4.86789622962825e-31,4.867896223215997e-31,4.8678966968589265e-31,4.867896757421144e-31,4.867896758321883e-31,4.867896757127769e-31,4.867896757293373e-31,4.86789676302703e-31,4.867896792954225e-31,4.867896789224301e-31,4.867896789232776e-31,4.867896789134222e-31,4.86789678913497e-31,4.867896742820067e-31,4.867896742820004e-31,4.867896735622215e-31,4.867896738924749e-31,4.86789674568989e-31,4.867896393857359e-31,4.867896372584905e-31,4.867896374939317e-31,4.867896389521631e-31,4.867896388362366e-31,4.867896388366267e-31,4.867896207367436e-31,4.867896219471487e-31,4.867896219555198e-31,4.867896336128022e-31,4.86789633512045e-31,4.867896335200545e-31,4.867896303724158e-31,4.8678962994309745e-31,4.867896301063948e-31,4.8678962979720625e-31,4.867896297973803e-31,4.867896297975492e-31,4.86789604333956e-31,4.867896057390883e-31,4.867896037172802e-31,4.86789542337539e-31,4.867895431335954e-31,4.867895425695911e-31,4.8678954332989104e-31,4.86789539218424e-31,4.8678953962327015e-31,4.867895405878372e-31,4.867895405868853e-31,4.867895399946949e-31,4.867895400139737e-31,4.8678953998822624e-31,4.867895399738184e-31,4.867895390186358e-31,4.867895399688712e-31,4.8678953877235145e-31,4.867895387123395e-31,4.867895410635128e-31,4.867895196122519e-31,4.867895184399007e-31,4.867895184724389e-31,4.8678952346553366e-31,4.86789523465518e-31,4.867895235439717e-31,4.867895236063936e-31,4.867895236081323e-31,4.86789523833036e-31,4.867895238331815e-31,4.867895343394911e-31,4.867895378269026e-31,4.867895402326608e-31,4.867895402339645e-31,4.867895402717042e-31,4.867895392340557e-31,4.867895316244657e-31,4.867895316062799e-31,4.867895326542107e-31,4.867895324019794e-31,4.867895324132765e-31,4.8678953241328695e-31,4.867895319990206e-31,4.8678954788554195e-31,4.867895478766296e-31,4.867895599437035e-31,4.867895599829093e-31,4.867895647479924e-31,4.86789564674928e-31,4.8678956777672545e-31,4.867895691187746e-31,4.867895692573825e-31,4.867895692575537e-31,4.867895692066326e-31,4.867893661667627e-31,4.867893705729095e-31,4.867893713255907e-31,4.867893713240922e-31,4.867893713240959e-31,4.867893654905511e-31,4.867893805430829e-31,4.867893805424231e-31,4.867893829594271e-31,4.867893829508553e-31,4.867893829508063e-31,4.867893812934722e-31,4.867893685650034e-31,4.867893670489643e-31,4.867893689134798e-31,4.86789368965531e-31,4.867893717272127e-31,4.867893717292861e-31,4.867893717292864e-31,4.867893720544003e-31,4.867893663324445e-31,4.867893657588866e-31,4.867893657588849e-31,4.867893657588764e-31,4.8678936637712005e-31,4.867893662948328e-31,4.867893235636088e-31,4.86768924580044e-31,4.867689289454086e-31,4.867646578101636e-31,4.867646578102021e-31,4.867646570978172e-31,4.86764656283484e-31,4.86764656334649e-31,4.867646556867363e-31,4.867646535043207e-31,4.867646536606254e-31,4.867646639606495e-31,4.867646529981927e-31,4.8676465420885565e-31,4.867646541567493e-31,4.867646541568068e-31,4.86764654714688e-31,4.867646547146979e-31,4.867646587043863e-31,4.867646587043235e-31,4.867646588226127e-31,4.867646581241096e-31,4.8676465812490734e-31,4.867646581249444e-31,4.867646575036565e-31,4.867646240648442e-31,4.867646242457545e-31,4.867646242462333e-31,4.8676462427061615e-31,4.86764479095387e-31,4.867644739212082e-31,4.867644740878002e-31,4.867644830380479e-31,4.86764527817482e-31,4.867645033554598e-31,4.867645033573603e-31,4.8676450336649014e-31,4.86764503365936e-31,4.867645033551847e-31,4.867645033551861e-31,4.867645040338909e-31,4.867644954246515e-31,4.867645253109745e-31,4.867645755507789e-31,4.867645755507796e-31,4.8676435155333195e-31,4.867643479826681e-31,4.867643479822599e-31,4.867643479867145e-31,4.867643493382376e-31,4.867643491503211e-31,4.8676434915403415e-31,4.867643491540354e-31,4.867643580693097e-31,4.867643580504301e-31,4.867643580330784e-31,4.867643576509607e-31,4.86776143740449e-31,4.867755997561803e-31,4.867755997560371e-31,4.867756003423403e-31,4.86775590084643e-31,4.867755885422201e-31,4.8677558855886555e-31,4.867755985637781e-31,4.867756204547438e-31,4.867769916593108e-31,4.867769916593097e-31,4.867769899807648e-31,4.867769899789863e-31,4.86776989978467e-31,4.867769901094959e-31,4.867770355289011e-31,4.86777033663205e-31,4.8677704232567945e-31,4.867770423239339e-31,4.867770423239116e-31,4.86777042332063e-31,4.867770421382235e-31,4.867770478182479e-31,4.867770614790402e-31,4.86777047683479e-31,4.741945393329981e-31,4.7419454829866125e-31,4.741945392075485e-31,4.741945392079374e-31,4.741945392079466e-31,4.741945392081002e-31,4.741945332241959e-31,4.741945337309349e-31,4.741945338772137e-31,4.741945338314096e-31,4.741945333608022e-31,4.741945333606516e-31,4.741945333723442e-31,4.7419453340374735e-31,4.741945334037467e-31,4.741945334043775e-31,4.741945334043451e-31,4.741945334043101e-31,4.7419453340430804e-31,4.741945334072991e-31,4.7419455065699025e-31,4.741945507275634e-31,4.7419455078255045e-31,4.741945593988368e-31,4.741945581217759e-31,4.741945585404668e-31,4.74194565513809e-31,4.74194565524e-31,4.4489262478247585e-31,4.448926286686187e-31,4.4489263131700025e-31,4.448926313274354e-31,4.4489263044077795e-31,4.448926304662771e-31,4.448926320991975e-31,4.448926308692957e-31,4.44892632022514e-31,4.4489262297207495e-31,4.448926229944264e-31,4.448926498572945e-31,4.448926498572971e-31,4.448926516274639e-31,4.448926516274617e-31,4.448926127572797e-31,4.4489260948135e-31,4.448926116576398e-31,4.448926106526333e-31,4.4489260785860105e-31,4.448926079709688e-31,4.448926045072292e-31,4.4489258471398315e-31,4.448925875682761e-31,4.448925867695554e-31,4.4489258919051185e-31,4.448925945746813e-31,4.448926011240077e-31,4.448917607972682e-31,4.448935058849896e-31,4.448935068328346e-31,4.448935068343088e-31,4.448935072117406e-31,4.448935071305634e-31,4.448935076735424e-31,4.448935077078957e-31,4.448935174353623e-31,4.4489351742402854e-31,4.448935190338477e-31,4.448935190334927e-31,4.448935291381805e-31,4.448934742901079e-31,4.448934261321871e-31,4.448934283325917e-31,4.448934283304301e-31,4.4489342858962534e-31,4.448934287655383e-31,4.448934276958761e-31,4.44893427920142e-31,4.448934287468401e-31,4.448934287527958e-31,4.448934304385967e-31,4.448934300761801e-31,4.448934264168066e-31,4.448934275378535e-31,4.448934259836111e-31,4.448912252733077e-31,4.448912252600745e-31,4.44891225260715e-31,4.448912252496201e-31,4.448912252534095e-31,4.448912242665847e-31,4.448912242665152e-31,4.448912145554734e-31,4.448912152077715e-31,4.448912152112162e-31,4.448912151881731e-31,4.44891219944697e-31,4.448912198850209e-31,4.4489117937226435e-31,4.448911793718884e-31,4.448911793722026e-31,4.448911793025534e-31,4.44891179634426e-31,4.448911796290511e-31,4.4489117952593205e-31,4.448911789770578e-31,4.448911789770592e-31,4.448911798561256e-31,4.448911798589776e-31,4.448911798675202e-31,4.4489117986438145e-31,4.448911881822634e-31,4.448897302145046e-31,4.448897189168362e-31,4.448897146140007e-31,4.448897145588748e-31,4.44889714764007e-31,4.448897120360635e-31,4.448897132491911e-31,4.448897150801402e-31,4.448897152907357e-31,4.448897149934866e-31,4.448897124017764e-31,4.4488975449689495e-31,4.448897539542137e-31,4.448897539356772e-31,4.448897565370738e-31,4.448897566106463e-31,4.448897560735592e-31,4.448897558862053e-31,4.448897558850857e-31,4.448897561136969e-31,4.448897561136183e-31,4.4488975613115665e-31,4.448897577308568e-31,4.448897572136139e-31,4.448897568445877e-31,4.4488975683256005e-31,4.4488975683353605e-31,4.448898468903948e-31,4.4488984554100175e-31,4.448898817277051e-31,4.448898817104328e-31,4.448898817108287e-31,4.448898840661023e-31,4.448898840661313e-31,4.4488988406601735e-31,4.448898840674352e-31,4.448899187382636e-31,4.448899217797849e-31,4.448899217797673e-31,4.448899230264568e-31,4.448901203673286e-31,4.448901204499117e-31,4.448901204452599e-31,4.448901180615533e-31,4.448901149843941e-31,4.4489010766755005e-31,4.448901080771725e-31,4.448901080477825e-31,4.448901099306779e-31,4.448901099305258e-31,4.448901105658883e-31,4.448901105214214e-31,4.448901105214538e-31,4.4489010463629685e-31,4.44890104541451e-31,4.448901030482348e-31,4.448900848049315e-31,4.448959567148852e-31,4.44895956658848e-31,4.448959566428137e-31,4.44895960739266e-31,4.448959607403038e-31,4.4489596073694145e-31,4.448959622412184e-31,4.4489592460520104e-31,4.4489593408896835e-31,4.448959382432312e-31,4.448959382580313e-31,4.4489594041124455e-31,4.448959425027246e-31,4.448959436462447e-31,4.448959436322418e-31,4.448959437912361e-31,4.448959437912274e-31,4.4489594375431205e-31,4.448959454279933e-31,4.448959454269292e-31,4.448959464127696e-31,4.448959464475342e-31,4.448959461812249e-31,4.448959461808565e-31,4.448959532737657e-31,4.448959451800648e-31,4.448959451799004e-31,4.4489594281326315e-31,4.448959414476477e-31,4.448959396388219e-31,4.448959396412194e-31,4.44895939509187e-31,4.4489593953868385e-31,4.448959394223273e-31,4.4489593655901035e-31,4.448959365590103e-31,4.4489593628754775e-31,4.44895936287728e-31,4.448959394814159e-31,4.448959075405737e-31,4.4489590068276335e-31,4.448959046023214e-31,4.44895904622661e-31,4.44895904605539e-31,4.448959046054835e-31,4.448959046054839e-31,4.448959046054835e-31,4.448959046278781e-31,4.448959046293838e-31,4.448959046338284e-31,4.432465361918418e-31,4.4324653619184175e-31,4.432469265921217e-31,4.432469266001705e-31,4.43246896929592e-31,4.432469249384676e-31,4.4324692132544115e-31,4.432469218223725e-31,4.432469227571838e-31,4.432468795713521e-31,4.432468795713527e-31,4.432468795712588e-31,4.432468762826207e-31,4.432468762794802e-31,4.432468760897483e-31,4.432468781857146e-31,4.4324687820567955e-31,4.432468800678322e-31,4.432468800678321e-31,4.432468800680985e-31,4.432468838261418e-31,4.432468938753402e-31,4.432468938768186e-31,4.432468718382963e-31,4.4324687143968175e-31,4.432468714360494e-31,4.43248668305518e-31,4.432486639749959e-31,4.432486623036523e-31,4.432486630549919e-31,4.432486630549813e-31,4.432487004503985e-31,4.432487004484606e-31,4.432486939533753e-31,4.43248693948726e-31,4.432486939318651e-31,4.432486938545039e-31,4.432486938155532e-31,4.4324869971300045e-31,4.432486998921209e-31,4.432486998907804e-31,4.432486995943042e-31,4.4324869962166775e-31,4.432487002016342e-31,4.432487005935452e-31,4.43248818574168e-31,4.432488185741376e-31,4.432488188170252e-31,4.432488193060911e-31,4.43248807416819e-31,4.432488113694567e-31,4.4324881109597504e-31,4.432488091149038e-31,4.432488090988425e-31,4.432488226254054e-31,4.432488187024301e-31,4.432488188560923e-31,4.432488188560957e-31,4.432488188560957e-31,4.432488187955286e-31,4.43248818800719e-31,4.432488188004279e-31,4.432488184793591e-31,4.432488184791464e-31,4.4324881847911835e-31,4.432488184791114e-31,4.432488219789423e-31,4.432489070913137e-31,4.432489083451124e-31,4.432489083431665e-31,4.432489082828244e-31,4.432489082816841e-31,4.432489082795227e-31,4.432503557852575e-31,4.432503685266733e-31,4.4325036852668985e-31,4.432503683658002e-31,4.432503685592076e-31,4.432503685856671e-31,4.432503686769021e-31,4.432503686728208e-31,4.432503686741287e-31,4.4325036864171455e-31,4.4325036876930935e-31,4.432503687814212e-31,4.432503687814354e-31,4.431793124666675e-31,4.431793124693463e-31,4.431793121380657e-31,4.431793121227776e-31,4.43179315871884e-31,4.431793158698797e-31,4.431793158693163e-31,4.431793158696013e-31,4.431793157330094e-31,4.431793157324926e-31,4.431793164283949e-31,4.431793164972913e-31,4.431793164657586e-31,4.431793164656589e-31,4.431793156073825e-31,4.431793014557152e-31,4.4317930067564864e-31,4.431792961301639e-31,4.431792961300695e-31,4.431792951696503e-31,4.431792951682748e-31,4.4317929995202004e-31,4.431792995495203e-31,4.431792982061602e-31,4.431792982057943e-31,4.431792981301802e-31,4.431815116886267e-31,4.431815024746644e-31,4.43181505354909e-31,4.431815023669399e-31,4.431815022857891e-31,4.431815020409023e-31,4.431815026832153e-31,4.4318150437776896e-31,4.431815036012008e-31,4.431815029011541e-31,4.431815029007262e-31,4.431815029007271e-31,4.431815026305561e-31,4.431815026305572e-31,4.431815026306946e-31,4.431815223026093e-31,4.431815223132957e-31,4.431815226535257e-31,4.431815226912481e-31,4.4318152031087205e-31,4.431815392547602e-31,4.431815392604918e-31,4.431815390270441e-31,4.431815393782188e-31,4.431815415282809e-31,4.431815415283183e-31,4.431815404949301e-31,4.431815412322331e-31,4.43181548043638e-31,4.431815481711721e-31,4.431815481711717e-31,4.431815480585338e-31,4.431815480559312e-31,4.4318155737692295e-31,4.431815578625168e-31,4.431815564941481e-31,4.431815551083491e-31,4.431815551164025e-31,4.431815555122846e-31,4.431815555134166e-31,4.431815555097925e-31,4.431813553713274e-31,4.431813214881057e-31,4.431813280256843e-31,4.43181328025684e-31,4.431813278917816e-31,4.4318132768833925e-31,4.4318132768381305e-31,4.431813402384745e-31,4.431813402392049e-31,4.43181340237897e-31,4.431813401409786e-31,4.431813353863443e-31,4.431813353837548e-31,4.431813308559155e-31,4.431809934247345e-31,4.431809936173238e-31,4.431809853102219e-31,4.431809896540603e-31,4.431809896539941e-31,4.431809954483663e-31,4.431809994560139e-31,4.431808496176809e-31,4.43180848366637e-31,4.431808467625139e-31,4.4318082357164804e-31,4.431808291886434e-31,4.431808287273995e-31,4.431808290227387e-31,4.4318082787979225e-31,4.4318082788244955e-31,4.43180829593596e-31,4.431808295111488e-31,4.431808295101289e-31,4.431808309851136e-31,4.4318083006393284e-31,4.43180830659143e-31,4.431808335436427e-31,4.4318083466900054e-31,4.431808346690022e-31,4.431808376566678e-31,4.431808365686256e-31,4.431807866724527e-31,4.431807866668976e-31,4.43180785720105e-31,4.431808041314754e-31,4.43179941674309e-31,4.431799313482199e-31,4.431799313307984e-31,4.431799313318454e-31,4.431799315750811e-31,4.431799316613243e-31,4.431799314766384e-31,4.431799314746582e-31,4.431799313558917e-31,4.431799028526148e-31,4.431799031178385e-31,4.431799031178273e-31,4.431799031178273e-31,4.431799031178245e-31,4.431799030754733e-31,4.431799030753644e-31,4.431799901520206e-31,4.431799901539863e-31,4.431799898122997e-31,4.431799897638235e-31,4.431799917942709e-31,4.431799917930197e-31,4.431799920443158e-31,4.431799917755478e-31,4.431799831013363e-31,4.431799839954022e-31,4.431799839931057e-31,4.431800643545788e-31,4.431800643964362e-31,4.431800628521075e-31,4.431800627430513e-31,4.431800620344184e-31,4.4318006203366795e-31,4.431800620336351e-31,4.431800620336337e-31,4.4318006203910245e-31,4.431800608638257e-31,4.4318006086382616e-31,4.431800505970326e-31,4.431802023472326e-31,4.431802027958135e-31,4.431802037972819e-31,4.431802041086138e-31,4.431801935325808e-31,4.43180192327875e-31,4.431801936079229e-31,4.431801910770563e-31,4.4318018876967735e-31,4.431801885062196e-31,4.4318019037742e-31,4.431801896554049e-31,4.431801895854863e-31,4.4318018920321615e-31,4.4318018920284305e-31,4.433365237248104e-31,4.433365251491585e-31,4.433365235858553e-31,4.433365235858547e-31,4.433365275358891e-31,4.433365290530128e-31,4.4333652813262875e-31,4.4333652434683264e-31,4.4333651688667975e-31,4.433365829982412e-31,4.433365829591745e-31,4.433365844242324e-31,4.43336584425284e-31,4.433365845600764e-31,4.433365738875028e-31,4.433365710420705e-31,4.43336571277216e-31,4.433365495370797e-31,4.433365500009367e-31,4.433365500271194e-31,4.43336557665377e-31,4.43336557665581e-31,4.433365551766107e-31,4.433365551764707e-31,4.433367411125342e-31,4.4333674111371145e-31,4.433416714034573e-31,4.433416715370651e-31,4.433418663352911e-31,4.433418662495645e-31,4.433418661502942e-31,4.433418661503236e-31,4.433418661501736e-31,4.433418679237436e-31,4.433418679232364e-31,4.433418685102365e-31,4.433418684874788e-31,4.43341868626665e-31,4.433418665287727e-31,4.433418411558581e-31,4.433418415006876e-31,4.433418408278518e-31,4.433418407251104e-31,4.433418407166468e-31,4.433418411411896e-31,4.4334183971429445e-31,4.433418397138839e-31,4.433418397128702e-31,4.433418397049883e-31,4.4334183977662605e-31,4.433418401895382e-31,4.433418380515194e-31,4.433418470573262e-31,4.433418469306807e-31,4.433285426896305e-31,4.43328202009283e-31,4.4332820208479225e-31,4.433281999582636e-31,4.433282003853399e-31,4.4332820038535615e-31,4.433282003854207e-31,4.43328205567137e-31,4.433282055716418e-31,4.433282055360895e-31,4.433282055349206e-31,4.433282075328969e-31,4.433282736748018e-31,4.433282770934562e-31,4.433282770911422e-31,4.433282793617324e-31,4.43328283266897e-31,4.43328283702953e-31,4.433282836736601e-31,4.433282836698607e-31,4.433282836705624e-31,4.4332828367312365e-31,4.43328264985886e-31,4.433282648324875e-31,4.433282648314721e-31,4.433282648521798e-31,4.433282820892228e-31,4.433282814476402e-31,4.433282814464278e-31,4.433282817882264e-31,4.433282814102857e-31,4.4332828321297245e-31,4.433282837688938e-31,4.433282832437715e-31,4.433282832252107e-31,4.43328278110903e-31,4.433282650047781e-31,4.43328183975752e-31,4.433281843908849e-31,4.433281843909035e-31,4.43328185235887e-31,4.433281847778747e-31,4.433281847796778e-31,4.433281847800168e-31,4.43328184780118e-31,4.433281834593974e-31,4.4332818373115415e-31,4.433281837304317e-31,4.433282153299427e-31,4.433282153297688e-31,4.433282153386368e-31,4.433282153386304e-31,4.4332823086467745e-31,4.433282361654361e-31,4.433282360591473e-31,4.4333645903709526e-31,4.433365462824585e-31,4.43336546282393e-31,4.433365471518162e-31,4.433365512511633e-31,4.433365512538321e-31,4.433365547290723e-31,4.4333655235851035e-31,4.433365410593117e-31,4.433365410812938e-31,4.433365418731676e-31,4.4333654187120745e-31,4.433365419029266e-31,4.433365255939353e-31,4.433365310836255e-31,4.4333652976543844e-31,4.433365294975863e-31,4.433365286807071e-31,4.433365317195561e-31,4.433365329712311e-31,4.4333652776665285e-31,4.4333652776667615e-31,4.433365276148214e-31,4.4333652678833125e-31,4.433365267047445e-31,4.433365267290454e-31,4.43336526729032e-31,4.433365262897514e-31,4.4333213605847745e-31,4.433321360584857e-31,4.4333213660596345e-31,4.433321360049777e-31,4.433321422988153e-31,4.433321422215826e-31,4.433321422215826e-31,4.433321421610282e-31,4.433321461103831e-31,4.433321461710015e-31,4.433318135019741e-31,4.433318133999704e-31,4.433318133908952e-31,4.433318134446791e-31,4.433318179245823e-31,4.433318179248242e-31,4.433318179283686e-31,4.4333181796320985e-31,4.433318182397544e-31,4.433318181393701e-31,4.43331818418757e-31,4.433318206658332e-31,4.433318220992426e-31,4.433318217122584e-31,4.433318229949746e-31,4.433318281381921e-31,4.433318281381908e-31,4.433316871650511e-31,4.433316868525318e-31,4.433316212983444e-31,4.433316222920879e-31,4.433316221232038e-31,4.433316221326544e-31,4.43331652193204e-31,4.433316530407638e-31,4.433316531742771e-31,4.4333165494286e-31,4.433316557688729e-31,4.433316557862772e-31,4.43331655782613e-31,4.433316586035883e-31,4.43331660418836e-31,4.433316629441347e-31,4.433316626032262e-31,4.4333166198021115e-31,4.433316619430937e-31,4.433316591043636e-31,4.433316591244077e-31,4.433316591257062e-31,4.433316594002088e-31,4.43331659745481e-31,4.43331659796395e-31,4.433316644321277e-31,4.43331664453722e-31,4.4333166445381455e-31,4.432808619063927e-31,4.432808618246834e-31,4.432808618190524e-31,4.432615855172338e-31,4.43261584033237e-31,4.432615840332836e-31,4.432615850510888e-31,4.43261585336784e-31,4.432615849511959e-31,4.43261590027639e-31,4.432615905262477e-31,4.432615905404029e-31,4.43261590549496e-31,4.4326158966997456e-31,4.4326426251985855e-31,4.432642651899183e-31,4.4326426525295405e-31,4.432642645461641e-31,4.432642645515501e-31,4.432642645672332e-31,4.432642640286037e-31,4.432642984921372e-31,4.432642986561795e-31,4.43264298656153e-31,4.432643022884455e-31,4.432642959480732e-31,4.432642951560397e-31,4.432642919932457e-31,4.4326429138321875e-31,4.432642926389512e-31,4.855107374904897e-32,4.855107374874987e-32,4.855106976398226e-32,4.8551070776381936e-32,4.855106774672591e-32,4.855106748455853e-32,4.8551068034045407e-32,4.8551068033719435e-32,4.855105720148917e-32,4.855105620488397e-32,4.8551056204885065e-32,4.8551056176133995e-32,4.855105660329188e-32,4.855105660352422e-32,4.85510566035665e-32,4.855105674661425e-32,4.855105679973849e-32,4.8551056769394725e-32,4.8551058969407505e-32,4.85510591539251e-32,4.855105758786961e-32,4.8551051101561096e-32,4.855105110539713e-32,4.8551051105419396e-32,4.8551051093678935e-32,4.862701752973411e-32,4.862702061859799e-32,4.862702063286377e-32,4.862704368619411e-32,4.8627043752944696e-32,4.862704375310146e-32,4.862704707700247e-32,4.862704706701651e-32,4.862704706309413e-32,4.8627047051893906e-32,4.8627047067075826e-32,4.8627046975178727e-32,4.862704654692348e-32,4.8627046546920147e-32,4.862704539525744e-32,4.8627045250603975e-32,4.8627045244065637e-32,4.862704525518577e-32,4.8627044034515813e-32,4.862705109087614e-32,4.8627051090876143e-32,4.8627051092131055e-32,4.862705257119792e-32,4.862705256843044e-32,4.8627051121003195e-32,4.8627051100546624e-32,4.86270511002086e-32,4.862705109828437e-32,4.862705162933933e-32,4.8627053032856906e-32,4.862705286169767e-32,4.8627050166144387e-32,4.862705873694135e-32,4.862705795128316e-32,4.86270580434095e-32,4.8627056837319085e-32,4.862705439408627e-32,4.8627054394084906e-32,4.8627054394221544e-32,4.8627054321052263e-32,4.862704239965093e-32,4.8627037934702057e-32,4.86270379347006e-32,4.8627037860951084e-32,4.8627037982665465e-32,4.8627037984798986e-32,4.8627037953971673e-32,4.8627036692111093e-32,4.8627036691637843e-32,4.862703672489746e-32,4.8627029357400843e-32,4.862703410258475e-32,4.8627034128015804e-32,4.862703401744547e-32,4.8627034012830055e-32,4.862586004726629e-32,4.862586053346736e-32,4.8625861079182094e-32,4.8625863290472015e-32,4.8625861877455745e-32,4.862585765321087e-32,4.862585787968165e-32,4.862585898195297e-32,4.862585892209596e-32,4.862585986624655e-32,4.8625849772977586e-32,4.8625841893683035e-32,4.862584182990742e-32,4.8625841826464127e-32,4.862482765253109e-32,4.862482765253017e-32,4.8624827651223224e-32,4.862482765662197e-32,4.8624827568975855e-32,4.8624827486709624e-32,4.862482514280402e-32,4.8624825309802104e-32,4.8624825309794074e-32,4.862482530856891e-32,4.862481954133952e-32,4.8624825192475943e-32,4.8624825224017163e-32,4.8624872813307487e-32,4.862487280630203e-32,4.862487280620672e-32,4.8624872812436903e-32,4.8624872757639625e-32,4.862487275758907e-32,4.862487275709673e-32,4.862487283887791e-32,4.86248675032475e-32,4.862487545510295e-32,4.862487747941099e-32,4.862487748010483e-32,4.8624872226807743e-32,4.8624871527117426e-32,4.862486311228276e-32,4.8624864226166607e-32,4.8624864145067187e-32,4.8624864145063705e-32,4.862486414504089e-32,4.8624863968284074e-32,4.862486396837493e-32,4.862486331416789e-32,4.862486319183642e-32,4.8624863189873424e-32,4.8624869196257225e-32,4.8624869253994586e-32,4.862487219954421e-32,4.8624882387547856e-32,4.862488206403997e-32,4.8624888092541183e-32,4.8625027107981053e-32,4.8625026879582907e-32,4.862502977322634e-32,4.8625029775215057e-32,4.8625029911306e-32,4.862502991028887e-32,4.862502991027261e-32,4.862502991027355e-32,4.862502991117199e-32,4.8625029918493577e-32,4.8625029918492816e-32,4.8625029899189684e-32,4.862503559388053e-32,4.862503310482842e-32,4.862503299798083e-32,4.862503299810112e-32,4.8625015879609906e-32,4.8625015879828667e-32,4.8625012422603485e-32,4.862501268311465e-32,4.862501268225707e-32,4.8625012682717394e-32,4.862501255267649e-32,4.862501255267695e-32,4.8625012553295663e-32,4.8625012601162366e-32,4.861384714543434e-32,4.861384714313773e-32,4.8613844802830923e-32,4.861384480205719e-32,4.86138607509659e-32,4.8613860751018675e-32,4.861386076410295e-32,4.8613860192029327e-32,4.8613859611674403e-32,4.8613859577878204e-32,4.86138611881987e-32,4.8613867281837934e-32,4.861386168548283e-32,4.8613875973340725e-32,4.861387600954581e-32,4.861387600581957e-32,4.8613876547038863e-32,4.861387654523778e-32,4.861387664829617e-32,4.8613876648275655e-32,4.861387678664883e-32,4.8613876780852776e-32,4.861387672941614e-32,4.8613876729415915e-32,4.861387937236646e-32,4.861387936410787e-32,4.861387936426601e-32,4.861387930812335e-32,4.8613879147874004e-32,4.861387901277347e-32,4.8613879033178617e-32,4.8613879033223984e-32,4.861388011473222e-32,4.861388756583132e-32,4.861388567437897e-32,4.8613885830239323e-32,4.861388582046136e-32,4.861388580584176e-32,4.861388552311637e-32,4.861388553883202e-32,4.861387797992066e-32,4.861387712483453e-32,4.861387712484503e-32,4.861387671608261e-32,4.8613876716061793e-32,4.8613876698707215e-32,4.8613876698694056e-32,4.8613876898749506e-32,4.8613877427098276e-32,4.861387756955799e-32,4.861387757055809e-32,4.861387754709084e-32,4.86138774276247e-32,4.861387734961732e-32,4.861387825835052e-32,4.8613878236728723e-32,4.861385224305024e-32,4.861384816709917e-32,4.861384529664742e-32,4.890090532218931e-32,4.8900903955979854e-32,4.890090369255282e-32,4.890090391897353e-32,4.890090392011325e-32,4.8900901958561146e-32,4.8900902012372485e-32,4.8900902453126903e-32,4.890090245313325e-32,4.890090245313104e-32,4.8900902496505843e-32,4.89009024968409e-32,4.890090249681273e-32,4.890090249661692e-32,4.8900902520074435e-32,4.890090250027973e-32,4.890090249987446e-32,4.8900902497049394e-32,4.890090252336141e-32,4.890090252336343e-32,4.8900902522447896e-32,4.890089985390277e-32,4.8900900912457494e-32,4.885527122334139e-32,4.81757703660784e-32,4.817914875067266e-32,4.817914874343315e-32,4.8179148743434377e-32,4.81791487420323e-32,4.8179147843735165e-32,4.817914460554661e-32,4.817914422748426e-32,4.817914423094197e-32,4.817914423178427e-32,4.8179143726382575e-32,4.817914703843514e-32,4.817908271174348e-32,4.817917463744503e-32,4.817917463744746e-32,4.8179174488364407e-32,4.8179174488420476e-32,4.817917448842013e-32,4.817925354948088e-32,4.817925395884943e-32,4.817925266317343e-32,4.8179254255579714e-32,4.817925305247074e-32,4.8179253052353085e-32,4.817925306093388e-32,4.8179253140490095e-32,4.8179253848607366e-32,4.817925383886141e-32,4.8179253840385286e-32,4.817997722393888e-32,4.8179976806486974e-32,4.8180006904958883e-32,4.818000687920152e-32,4.8180006880744544e-32,4.8180007293105957e-32,4.81800072349539e-32,4.81799973312393e-32,4.817999733124115e-32,4.818000563301341e-32,4.8180005870505205e-32,4.818001362312279e-32,4.8180013618557465e-32,4.818001361855494e-32,4.8180013678541206e-32,4.8180014310987617e-32,4.8180014305600686e-32,4.818001468144198e-32,4.818001496937907e-32,4.818001497087307e-32,4.8180013780088434e-32,4.8180013487535167e-32,4.8180013480704406e-32,4.8180012185587493e-32,4.8180011763425197e-32,4.8180058860998444e-32,4.818006185865061e-32,4.8166334872830665e-32,4.816633445713121e-32,4.8166334474895893e-32,4.8166334083199385e-32,4.816633333518978e-32,4.816633340637739e-32,4.816633340549985e-32,4.8166333374197845e-32,4.816633339097516e-32,4.8166332691062906e-32,4.8166332681602975e-32,4.816633297868382e-32,4.816633297091632e-32,4.81663329664139e-32,4.8166518075901605e-32,4.8166515690548985e-32,4.816651559307844e-32,4.816651559283282e-32,4.816651628155212e-32,4.8166516281559635e-32,4.8166515678785747e-32,4.816651435920613e-32,4.8166515191306394e-32,4.8166517056090396e-32,4.816651708447564e-32,4.8166520063304795e-32,4.816652022432325e-32,4.8166520227372564e-32,4.816728345464541e-32,4.816728565820177e-32,4.816728471587276e-32,4.8167284690001787e-32,4.816728461681768e-32,4.816728461792412e-32,4.816728478648707e-32,4.8167279533878644e-32,4.816727985767473e-32,4.8167280276738954e-32,4.816728001796265e-32,4.816727526956447e-32,4.8167275271285765e-32,4.816756061055252e-32,4.81675453967485e-32,4.816752588363736e-32,4.8167521673643106e-32,4.8167521681498166e-32,4.816752257223989e-32,4.816752257052634e-32,4.816752442092581e-32,4.8167524421044015e-32,4.816752442112285e-32,4.816752362455217e-32,4.816752362173454e-32,4.8167521606560397e-32,4.816752170689096e-32,4.816747755910775e-32,4.8167477557869295e-32,4.816748035699499e-32,4.8167480521490635e-32,4.81673580474752e-32,4.8167358206436336e-32,4.816736018705345e-32,4.8167360186487356e-32,4.8167354416024626e-32,4.81673544141445e-32,4.816735244938636e-32,4.81673499258316e-32,4.816734656973013e-32,4.8167349044115494e-32,4.816734922103235e-32,4.816736104350981e-32,4.8167361012811225e-32,4.8167369397319875e-32,4.8167367046270926e-32,4.8167367055976325e-32,4.8167363425875995e-32,4.8167361464631074e-32,4.81673613680064e-32,4.816736128413881e-32,4.8167375311167876e-32,4.8167375317077e-32,8.451398904239248e-32,8.451400010756321e-32,8.451396921192954e-32,8.451396956334135e-32,8.451396956342381e-32,8.451396822018428e-32,8.451953291333763e-32,8.451953290895358e-32,8.451952707069198e-32,8.451952715175863e-32,8.451958247776641e-32,8.451958247069714e-32,8.45195824706932e-32,8.451958247067166e-32,8.451958168680275e-32,8.451958173322837e-32,8.451958173322809e-32,8.451958173305442e-32,8.451960776270325e-32,8.451960578828361e-32,8.451960436131581e-32,8.451960206470938e-32,8.451960187507725e-32,8.451960196947235e-32,8.451960156255827e-32,8.451960156253717e-32,8.451960156242164e-32,8.451960408864822e-32,8.451960413595428e-32,8.451080529371133e-32,8.451079744481991e-32,8.450814421022468e-32,8.450814716195247e-32,8.450814842484736e-32,8.450815479345368e-32,8.45081541303809e-32,8.450815421543103e-32,8.450815129821967e-32,8.450815120452279e-32,8.45081555458533e-32,8.450814367518101e-32,8.450814367573134e-32,8.450815513297252e-32,8.450815324153422e-32,8.450815438447489e-32,8.450815438880714e-32,8.450814062322666e-32,8.450814063420655e-32,8.450814063414309e-32,8.45081409421098e-32,8.450814094210916e-32,8.450811314111756e-32,8.450811308405847e-32,8.450811078582717e-32,8.450811103475187e-32,8.45081110348291e-32,8.450811481219888e-32,8.450811396079675e-32,8.453194038479496e-32,8.453194765845877e-32,8.46661910479257e-32,8.466619104837725e-32,8.466619433883732e-32,8.466619381683411e-32,8.46661938168341e-32,8.466619424531334e-32,8.466619291968347e-32,8.466619292044824e-32,8.466619874783907e-32,8.466619873896402e-32,8.466619802803306e-32,8.466619853206483e-32,8.466624682115019e-32,8.466624720288945e-32,8.466618799666808e-32,8.466618896733706e-32,8.466619990090108e-32,8.466619718791412e-32,8.466619281013014e-32,8.466619281014641e-32,8.466619281003274e-32,8.466617026512237e-32,8.466617026639461e-32,8.466604189878521e-32,8.466601665679207e-32,8.466601666366795e-32,8.466601666395385e-32,8.466601665324538e-32,8.46660400073821e-32,8.466603872526798e-32,8.466603604124821e-32,8.466603402220508e-32,8.466603402249648e-32,8.466603389181424e-32,8.466603399489361e-32,8.466602476853432e-32,8.466602521355587e-32,8.466602521400577e-32,8.466584775892213e-32,8.466584775892265e-32,8.466583868606298e-32,8.466584041737114e-32,8.466584208496761e-32,8.466583965573573e-32,8.466584018349327e-32,8.466584021736858e-32,8.466583716185975e-32,8.466583716186356e-32,8.46658326397767e-32,8.466583264309047e-32,8.466583264170109e-32,8.466583275705421e-32,8.466584266224978e-32,8.466587626481643e-32,8.466591489131043e-32,8.466591482671571e-32,8.46659148266996e-32,8.466591483098352e-32,8.466591570190027e-32,8.466591570242077e-32,8.46659156998817e-32,8.466591569965402e-32,8.466591603962849e-32,8.466594153492749e-32,8.466594153456111e-32,8.466594153456261e-32,8.4665941534712e-32,8.46659415347122e-32,8.466594064273506e-32,8.466594055808954e-32,8.466594011047737e-32,8.466595568502644e-32,8.466595428175237e-32,8.466595301251968e-32,8.466595300361384e-32,8.466595332661383e-32,8.466595354912334e-32,8.466595554390729e-32,8.466594905156618e-32,8.466594993196705e-32,8.466594987465757e-32,8.466538810552804e-32,8.467654555501619e-32,8.46765463336112e-32,8.467654633275236e-32,8.467654618267347e-32,8.467654618226672e-32,8.467654618218753e-32,8.467654618451773e-32,8.467654643134634e-32,8.467654664028224e-32,8.467654672214312e-32,8.467654654599646e-32,8.467654654028402e-32,8.467654654027382e-32,8.467548587708716e-32,8.467560314796379e-32,8.467560469003029e-32,8.467560443238784e-32,8.467560434341558e-32,8.467556355241516e-32,8.467556365362907e-32,8.467556787355461e-32,8.467556787213601e-32,8.467556787217596e-32,8.467556368100954e-32,8.46755642006438e-32,8.341441760341179e-32,8.341908035412551e-32,8.341996426101545e-32,8.341996399255263e-32,8.341996399106256e-32,8.34199632125008e-32,8.341996597891376e-32,8.341996596596059e-32,8.341996612493874e-32,8.341996611305492e-32,8.341996292097198e-32,8.341996193711078e-32,8.341996193577799e-32,8.341996066639852e-32,8.341996066611683e-32,8.341992133046879e-32,8.341992133045103e-32,8.341992056433242e-32,8.341992056439181e-32,8.34199205679705e-32,8.341992097560219e-32,8.341992208093527e-32,8.341992208052087e-32,8.341992287801558e-32,8.341992271913694e-32,8.341992271914821e-32,8.341992271926759e-32,8.34199223190559e-32,8.341990625376194e-32,8.341990680985915e-32,8.341990680799932e-32,8.534124354215555e-32,8.534124361370461e-32,8.534124358707279e-32,8.53412433124228e-32,8.53412444169071e-32,8.534124302326784e-32,8.534124305409954e-32,8.534124303415913e-32,8.534124298430757e-32,8.534124276244631e-32,8.534124276613832e-32,8.534124096229418e-32,8.534124093141658e-32,8.534104086413887e-32,8.534104091488734e-32,8.534101921048812e-32,8.534101920363554e-32,8.534120431963813e-32,8.534120431966747e-32,8.534120203207505e-32,8.534120203206367e-32,8.534120203184794e-32,8.534120208442775e-32,8.534121284153925e-32,8.534121384450113e-32,8.53412149989917e-32,8.534121509418429e-32,8.534121625082963e-32,8.53412367871797e-32,8.534125185393894e-32,8.534125187693676e-32,8.534125331734737e-32,8.534125328215621e-32,8.534125330681493e-32,8.534125262291018e-32,8.534125252512221e-32,8.534120350067183e-32,8.534120462929097e-32,8.534120914348127e-32,8.534121732090324e-32,8.534121718439907e-32,8.534131177527744e-32,8.534131177541645e-32,8.534131159028666e-32,8.53413115411956e-32,8.534131229050704e-32,8.534131468939402e-32,8.534131497806152e-32,8.534131509254173e-32,8.534131564330839e-32,8.534182479206537e-32,8.53418248001475e-32,8.534182479914166e-32,8.534182454599755e-32,8.534182491990978e-32,8.53418247061224e-32,8.534182500218918e-32,8.534182511259555e-32,8.53417644546267e-32,8.534176034396695e-32,8.534176032821692e-32,8.53417618702335e-32,8.534176124728342e-32,8.534174697076172e-32,8.534174843722184e-32,8.534174939164072e-32,8.53417488909774e-32,8.534174889068636e-32,8.534175577252227e-32,8.534175577251641e-32,8.534175667498134e-32,8.53417566749828e-32,8.534175697074722e-32,8.534175697094925e-32,8.53417569790476e-32,8.534175695933096e-32,8.534175686332638e-32,8.534175689091495e-32,8.534175689091638e-32,8.534175874664633e-32,8.534178217002142e-32,8.534177751432449e-32,8.534179852895727e-32,8.534179845321162e-32,8.534179654038605e-32,8.534165364111997e-32,8.534165364335088e-32,8.534165384453712e-32,8.534165384681527e-32,8.534162131710915e-32,8.534162132432342e-32,8.534161216456676e-32,8.534161216453189e-32,8.534161292225894e-32,8.53416130477476e-32,8.534160614112257e-32,8.534160644588985e-32,8.534160644587544e-32,8.534160644587265e-32,8.534161076963494e-32,8.534159581379267e-32,8.534159465135374e-32,8.53415946517703e-32,8.534159364079395e-32,8.534159386495642e-32,8.534159425585646e-32,8.534159425585826e-32,8.534159425675199e-32,8.534159422849362e-32,8.53466769955005e-32,8.534667698987496e-32,8.534666792477849e-32,8.534666819432614e-32,8.534666480161784e-32,8.534665955987094e-32,8.534665955969601e-32,8.534665955766354e-32,8.534665953517847e-32,8.534665953518831e-32,8.53466602170443e-32,8.534666022144368e-32,8.534666552604113e-32,8.53466655269717e-32,8.534666546922022e-32,8.534666559698062e-32,8.534666559698004e-32,8.534666595662202e-32,8.534666598268268e-32,8.534666598781013e-32,8.534666600456178e-32,8.534666600384078e-32,8.53466659263875e-32,8.534666474646028e-32,8.534666726845449e-32,8.534666726831829e-32,8.534666727772545e-32,8.534666205602877e-32,8.534666205603049e-32,8.53465400347967e-32,8.53465385485053e-32,8.534653855079227e-32,8.534653855048145e-32,8.534653855039019e-32,8.534653855048542e-32,8.534653857470065e-32,8.534653447257485e-32,8.534653447255124e-32,8.534652599425236e-32,8.534652599454916e-32,8.5346525997519e-32,8.534652599783489e-32,8.534652536329883e-32,8.534652488418532e-32,8.534650587857889e-32,8.534649838466082e-32,8.534651971869305e-32,8.534651971855161e-32,8.534651971842301e-32,8.53465197183763e-32,8.534651971909395e-32,8.534651852082794e-32,8.534652395929457e-32,8.534652398063035e-32,8.534652389223968e-32,8.534652728606044e-32,8.534653248856606e-32,8.534652666248487e-32,8.534652456993888e-32,8.534652559201122e-32,8.534652118995408e-32,8.534652541881576e-32,8.534652842819933e-32,8.534653018505932e-32,8.534653165078416e-32,8.534652978320566e-32,8.534652976391652e-32,8.53465382127195e-32,8.534653821285578e-32,8.534653360555718e-32,8.53465318191063e-32,8.534653181910465e-32,8.53465318200461e-32,8.53466463639055e-32,8.534664636390599e-32,8.534665094243155e-32,8.534665093454378e-32,8.534665091760681e-32,8.534665091760746e-32,8.534665096980812e-32,8.534665128078001e-32,8.534664725248329e-32,8.534664725247949e-32,8.534664760898035e-32,8.53466479169139e-32,8.534664791736923e-32,8.534170110142466e-32,8.534170001141064e-32,8.534171599576461e-32,8.534169922422662e-32,8.53416994900763e-32,8.534169851653254e-32,8.53417018226452e-32,8.534170183915251e-32,8.534170277928648e-32,8.534169462265458e-32,8.534169401827456e-32,8.534169210175908e-32,8.534169210159589e-32,8.534169209822575e-32,8.534169356130193e-32,8.534168297824644e-32,8.534168182979941e-32,8.534168182979898e-32,8.534168170178746e-32,8.534168168705642e-32,8.53416816962496e-32,8.534168190999205e-32,8.534167079436745e-32,8.534167079484504e-32,8.534167079764204e-32,8.534193457998582e-32,8.534191169454548e-32,8.534189925293023e-32,8.534183688243301e-32,8.530742558363835e-32,8.53074263665122e-32,8.53074244034301e-32,8.53074209231364e-32,8.530742092318812e-32,8.530742090971642e-32,8.530742107380882e-32,8.530742107196434e-32,8.530742106162708e-32,8.530741962114941e-32,8.530742083269609e-32,8.530742066752787e-32,8.53074198166705e-32,8.530742449300623e-32,8.530745736143134e-32,8.530744829789729e-32,8.5307382300188e-32,8.530738342029156e-32,8.530738342501342e-32,8.530738128963307e-32,8.530738129164412e-32,8.530736962230968e-32,8.530736816742725e-32,8.530736816440492e-32,8.530736818084643e-32,8.530736829351545e-32,8.530736836090912e-32,8.530735766497233e-32,8.530736366626113e-32,8.5308467562421e-32,8.530846756127224e-32,8.530846756120189e-32,8.530847867766329e-32,8.530847866762199e-32,8.530847858564929e-32,8.530847858562863e-32,8.530847924638689e-32,8.530847917289449e-32,8.530847917289142e-32,8.53084791804597e-32,8.530847918291872e-32,8.53084791829095e-32,8.530847918286629e-32,8.530847982208931e-32,8.530847986539307e-32,8.530848000312818e-32,8.530847999727802e-32,8.530847999715566e-32,8.530847999025035e-32,8.53084799870956e-32,8.530847999458785e-32,8.530847998494188e-32,8.530848012214698e-32,-9.060315272171742e-32,2.5006677618681023e-36,2.61815570370609e-36,2.6055130363191972e-36,2.6056718711156378e-36,2.6054903625287074e-36,2.6056937889362246e-36,2.60568886598469e-36,2.6056871692470943e-36,2.6056871291590652e-36,2.6101124946702687e-36,2.6101115766962137e-36,2.610111570225076e-36,2.610111241991973e-36,2.6088890991279216e-36,2.6088890962862672e-36,2.6088211130933013e-36,2.6088216944451704e-36,2.608772075180568e-36,2.6066857699744294e-36,2.606693786040573e-36,2.6067002011996794e-36,2.608992185962538e-36,2.6085584557585478e-36,2.622895087010345e-36,2.622951461773297e-36,2.622948061731152e-36,2.6229519423972082e-36,2.2785683556676812e-36,2.774711254288553e-36,2.774762787354858e-36,2.7999426854685534e-36,2.814506390448093e-36,2.812241118714453e-36,2.8122313852024784e-36,2.8123469585479872e-36,2.751856333040242e-36,2.754302473047302e-36,2.7600031777523744e-36,2.7600031810820673e-36,2.7600028366839876e-36,2.760557469646809e-36,2.7605567084513874e-36,2.7548231868373633e-36,2.7384061225814703e-36,2.7374625157702065e-36,2.737462495608693e-36,2.7333321820696907e-36,2.7333348342181668e-36,2.7333349982821425e-36,2.733284849161404e-36,2.7332566180237994e-36,2.73569289079869e-36,2.735693712390321e-36,2.9525031928759953e-36,2.9525031915072234e-36,2.95250321443185e-36,2.813561400069272e-36,2.8137228466130725e-36,2.813722833883865e-36,2.8137244146856832e-36,2.81372595900118e-36,2.8137259856394905e-36,2.8136956239851042e-36,2.8136939176752218e-36,2.813686188472963e-36,2.8135440472849788e-36,2.813543882654595e-36,2.8134855028323143e-36,2.8135675011089778e-36,2.7961260105782545e-36,2.793432667845357e-36,2.7976700266303145e-36,2.797706348141105e-36,2.7817880242742337e-36,2.7817825018797652e-36,2.7804132129557367e-36,2.7844637090547444e-36,2.784462689252125e-36,2.7841280943376265e-36,2.7840926559416456e-36,2.7840926404275976e-36,2.785732105597209e-36,2.7860863348775663e-36,2.78593115129448e-36,2.8054328156330946e-36,2.805642580775533e-36,2.8056425261858354e-36,2.8282893429784403e-36,2.8282893484591498e-36,2.8283182354154704e-36,2.8282251687665555e-36,2.828224837559197e-36,2.8282275950490403e-36,2.8278716963633526e-36,2.8103225245622767e-36,2.8102874687182154e-36,2.8102322144241046e-36,2.8124793152235635e-36,2.8124809916046416e-36,2.8124844127755574e-36,2.8105032300378405e-36,2.8109126301077944e-36,2.810674995532123e-36,2.8112917488136262e-36,2.8112644149385502e-36,2.8112613454783125e-36,2.8112612890034176e-36,2.8112706756254927e-36,2.8112073055901927e-36,2.8112093491362938e-36,2.8112103946801145e-36,2.811210394502186e-36,2.8237484451650798e-36,2.8227990777671006e-36,2.845638816347628e-36,3.6819559335778405e-36,3.6879178977926105e-36,3.6879155567623054e-36,3.687782769992492e-36,3.687837755046606e-36,3.68913965180483e-36,3.6893268142593044e-36,3.689326391051997e-36,3.689292155183509e-36,3.689327522153317e-36,3.689118432128136e-36,3.689118193763604e-36,3.7029584140469376e-36,3.704733409477421e-36,3.696932757423203e-36,3.6969328053774355e-36,3.691064348940333e-36,3.691064333339673e-36,3.6887139833936175e-36,3.6869309076819266e-36,2.542688037157863e-36,2.542691825873062e-36,2.5427505478810123e-36,2.530718886235913e-36,2.5348817861740857e-36,2.531780294301193e-36,2.530800958545924e-36,2.5423571786269804e-36,2.475852573175331e-36,2.4758892818414383e-36,2.4790531433431568e-36,2.4790758000581313e-36,2.4794303230580355e-36,2.4831300971035367e-36,2.4823381469601286e-36,2.4800338346767296e-36,2.479295132741368e-36,2.4987475928343068e-36,2.4919771084019682e-36,2.4920232856459324e-36,2.4920232358793328e-36,2.5010517128084732e-36,2.5011625816638596e-36,2.5013386743965088e-36,2.499668754692348e-36,2.506532057890514e-36,2.506704946926229e-36,2.507077365841947e-36,2.514588483319041e-36,2.5138928060245146e-36,2.5212881965416025e-36,2.5125206889890605e-36,3.1387025228173725e-36,3.1371184516681433e-36,3.185636567121995e-36,3.185633399441192e-36,3.185633400308359e-36,3.185633400347596e-36,3.2029619900135505e-36,3.202962380274516e-36,3.203573069208204e-36,3.2035726929249376e-36,3.2035726855528425e-36,3.203572684793335e-36,3.201645845581016e-36,3.1940223249793914e-36,3.194000750930678e-36,2.0398361976969792e-36,2.0398361998794055e-36,2.03983620193334e-36,2.0407131741274397e-36,2.0407114241278346e-36,2.041460352555813e-36,2.0413799414989456e-36,2.0413796412707467e-36,2.0437757945516135e-36,2.0473414457821594e-36,2.0493613602020123e-36,2.049360777162936e-36,2.025597476811132e-36,1.921103065633505e-36,2.2188766181743624e-36,2.2188770364487646e-36,2.2204921647063467e-36,2.2204899517786008e-36,2.2189709414004794e-36,2.2197767323415447e-36,2.2193781139749794e-36,2.2193753414032414e-36,2.219378726858252e-36,2.21937912207161e-36,2.2208436202003872e-36,2.2208593349948622e-36,2.219337520821566e-36,2.2193472016172455e-36,2.2244934567127115e-36,2.2244934282778676e-36,2.2079836384371678e-36,2.207982331976373e-36,2.2079830247437727e-36,2.1943367396827523e-36,2.194336740623077e-36,2.194210497800892e-36,2.1942104799816836e-36,2.1941967428345374e-36,2.1941966593526036e-36,2.1934892618879063e-36,2.1907067185505384e-36,2.173649911868531e-36,2.1636545287655924e-36,2.159168225894621e-36,2.1703741102681447e-36,2.1811412929988245e-36,2.1811378547850596e-36,2.1850581464588502e-36,2.1850581517398834e-36,2.1850577617773562e-36,2.1850575886436204e-36,2.2450551613269576e-36,2.2450552273851416e-36,2.2450519860640396e-36,2.2433533982426186e-36,2.2421817693227324e-36,2.2421819338967354e-36,2.2443856937212826e-36,2.244385701456277e-36,2.244311833854025e-36,2.2517545901267037e-36,2.2521774920892668e-36,2.18980619661617e-36,2.1891018656031796e-36,2.190967862126704e-36,2.173556694696275e-36,2.1685863245241608e-36,2.1664754144544998e-36,2.16640268604754e-36,2.1676704861914865e-36,2.1705477153440106e-36,2.1705849978127878e-36,2.17058523289526e-36,2.1610317985016255e-36,2.161006710193188e-36,2.160284332931795e-36,2.1558452521413015e-36,2.159315119762563e-36,2.1593527772383405e-36,2.159290596248888e-36,2.1579219059104773e-36,2.153929100916703e-36,2.153908494695446e-36,2.2196523452489465e-36,2.2216221174842526e-36,2.2216139875677183e-36,2.221613987407656e-36,2.2216139868530184e-36,2.2215962971417986e-36,2.2215967199893192e-36,2.228616476643543e-36,2.22846776339799e-36,2.2284867604985718e-36,2.228525755379319e-36,2.2284949565076187e-36,2.2250081197907052e-36,2.2273245699107937e-36,2.2273202101775774e-36,2.228734331008391e-36,2.230021377573354e-36,2.2411928556127987e-36,2.2407646419968273e-36,2.2407650191557335e-36,2.2449857504269072e-36,2.2448005893010774e-36,2.2446346032505134e-36,2.2446351328289225e-36,2.244631283336275e-36,2.244622199448896e-36,2.2446224563831447e-36,2.243345345629567e-36,2.243349896412585e-36,2.2428286863957337e-36,2.2428179812765436e-36,2.2554077158310344e-36,2.2550143650061542e-36,2.2532560627821042e-36,2.3458546772845355e-36,2.3429979170227346e-36,2.3430136923870676e-36,2.3430136912870963e-36,2.3515834080984158e-36,2.3597955404416606e-36,2.3597955408594622e-36,2.359902494241624e-36,2.360758428644218e-36,2.3607490613764616e-36,6.3520028656282015e-34,6.352002885411597e-34,6.352416752933001e-34,6.352414833568125e-34,6.352417847287285e-34,6.352432240525667e-34,6.352432246948874e-34,6.3523353432393675e-34,6.352328362826292e-34,6.352328357333304e-34,6.352326349979399e-34,6.352345675658052e-34,6.352251109658652e-34,6.352253759032886e-34,6.352332192424809e-34,6.357981386969542e-34,6.35798315744739e-34,6.357982763163098e-34,6.357982761966452e-34,6.3579919344558725e-34,6.357990350497042e-34,6.357990358901968e-34,6.357990367562628e-34,6.357991490247079e-34,6.3579914914340245e-34,6.357991491854369e-34,6.35801059161865e-34,6.357892274743319e-34,6.366633343071633e-34,6.3664251913387825e-34,6.366431655758098e-34,6.364863659934722e-34,6.364863662954745e-34,6.36486416403663e-34,6.364866790379773e-34,6.3648692452954536e-34,6.36485264772802e-34,6.364852651537034e-34,6.364832180072705e-34,6.364832180063186e-34,6.364832180829588e-34,6.364831773228493e-34,6.3648324328430505e-34,6.3648324254017665e-34,6.364829139170041e-34,6.364829498617422e-34,6.363865921379994e-34,6.363865921429324e-34,6.363850100326548e-34,6.3638505682967485e-34,6.363850005275352e-34,6.36385000544643e-34,6.363850045579801e-34,6.3638500433782706e-34,6.363850042727721e-34,6.3638775551942655e-34,6.363877568310838e-34,6.363877556015971e-34,6.363881089006773e-34,6.363881156011524e-34,6.363814519707823e-34,6.363814518710401e-34,6.363814527184259e-34,6.363801712226428e-34,6.363801713278195e-34,6.36371639638846e-34,6.363710323795215e-34,6.363713912232371e-34,6.363706611351663e-34,6.36372330905358e-34,6.363712170013045e-34,6.363592282565646e-34,6.363581919564532e-34,6.36358025762418e-34,6.363439840864839e-34,6.363446214829741e-34,6.363446215084392e-34,6.363384485624034e-34,6.363596885942747e-34,6.363931863446547e-34,6.36395894804264e-34,6.364447016626504e-34,6.3640900694065885e-34,6.364955694175205e-34,6.36495567438208e-34,6.36475264338679e-34,6.222386329382919e-34,6.222457374295711e-34,6.222461856933206e-34,6.222461784369106e-34,6.22235993414205e-34,6.222343174807322e-34,6.222385264595539e-34,6.2223851667920905e-34,6.2223854250747126e-34,6.222385424480198e-34,6.222385424479636e-34,6.222385427709132e-34,6.222409239537138e-34,6.2223818778086815e-34,6.222381879897742e-34,6.222386923729623e-34,6.222387500953237e-34,6.222389566060585e-34,6.222389617578308e-34,6.222389842485125e-34,6.222039647228043e-34,6.222039663866181e-34,6.2220396970330285e-34,6.222013703185662e-34,6.222013691905758e-34,6.221937873215433e-34,6.221930653799277e-34,6.039263912173878e-34,6.0390458465210144e-34,6.039039989022633e-34,6.039039989024689e-34,6.039039994187601e-34,6.0390399950231815e-34,6.039081405009082e-34,6.039081404947783e-34,6.039076043498345e-34,6.039078929568374e-34,6.038996375610084e-34,6.0390176667293455e-34,6.0390318766440265e-34,6.039031828035586e-34,6.039011964198923e-34,6.03901413709902e-34,6.039006214503152e-34,6.038986427146942e-34,6.0390233553457505e-34,6.039023353280249e-34,6.039023352116787e-34,6.039023371136182e-34,6.039242542231052e-34,6.039242541872055e-34,6.039104949697127e-34,6.039104949829212e-34,6.039104871367375e-34,6.039100542736313e-34,6.03907560153541e-34,6.039219835953861e-34,5.8482569809090665e-34,5.84825965159972e-34,5.848244172493477e-34,5.848244204673036e-34,5.848244225773612e-34,5.848244225773336e-34,5.848241593952891e-34,5.848241805458069e-34,5.848596356983953e-34,5.848447377234898e-34,5.8484427381132995e-34,5.848453421392169e-34,5.848456496737674e-34,5.848497344269041e-34,5.847882909902004e-34,5.84788088940669e-34,5.8478814028201566e-34,5.847821308564058e-34,5.84782227821326e-34,5.84782233803141e-34,5.84782231892431e-34,5.847822468938714e-34,5.847822816325944e-34,5.847822705530172e-34,5.847822695184617e-34,5.847822614208332e-34,5.847684926388723e-34,5.841826698321856e-34,5.841826298023985e-34,5.841826298046142e-34,5.841826318389421e-34,5.8418263235497886e-34,5.841819557432079e-34,5.841819611324518e-34,5.841819620749742e-34,5.841818811999118e-34,5.841762815034542e-34,5.842001554466855e-34,5.842418405292624e-34,5.842863099061072e-34,5.819355489643172e-34,5.8193796907066774e-34,5.8193793423329855e-34,5.819379343931414e-34,5.8193776922933535e-34,5.81932029129377e-34,5.816117940477489e-34,5.816462297509293e-34,5.816462297506701e-34,5.8164622783800665e-34,5.8164770856744015e-34,5.816477085633472e-34,5.816477089077632e-34,5.816477055180779e-34,5.8164763126435775e-34,5.816476312643619e-34,5.816490033068181e-34,5.81648345795276e-34,5.8164834579473e-34,5.816470989615417e-34,5.816470826621874e-34,5.816455218704322e-34,5.816454199547049e-34,5.816454603911039e-34,5.81645077338208e-34,5.816689279034219e-34,5.816681576716095e-34,5.816681582615858e-34,5.8172693634835284e-34,5.817208564907907e-34,5.817186511110287e-34,5.817186912318347e-34,5.817215703464612e-34,5.816970621530572e-34,5.816943047820722e-34,5.816873593103126e-34,5.816765959192107e-34,5.8167677449958355e-34,5.816766036862893e-34,5.815705166418236e-34,5.815723294397093e-34,5.739241103907732e-34,5.739206880082174e-34,5.739253848649483e-34,5.73925356020898e-34,5.739241979430282e-34,5.739243441692874e-34,5.739236434891963e-34,5.73923023374815e-34,5.739164098034007e-34,5.739164099100923e-34,5.739164098761851e-34,5.739164098805479e-34,5.739179007488135e-34,5.739179011141845e-34,5.739178698174736e-34,5.739239230961471e-34,5.739232362658166e-34,5.739233165376341e-34,5.739217965723161e-34,5.7391843920137966e-34,5.739183963277919e-34,5.73918398137455e-34,5.73918399336724e-34,5.739184515603422e-34,5.7391844084617135e-34,5.739180369617688e-34,5.739163554925882e-34,5.739160979771493e-34,5.739160990042626e-34,5.739180816685667e-34,5.739180815955042e-34,5.739180816116685e-34,5.73921579121077e-34,5.739219516847134e-34,5.739216205337925e-34,5.739216805346824e-34,5.7392168054135415e-34,5.739216804091583e-34,5.739216804374902e-34,5.73921819736351e-34,5.739218029097997e-34,5.739110105465421e-34,5.739108527253885e-34,5.742135903989483e-34,5.742135962386025e-34,5.742141761486017e-34,5.742140709241634e-34,5.742129005115825e-34,5.742270951663414e-34,5.742270951182373e-34,5.74227095109688e-34,5.742270971951563e-34,5.742270953439884e-34,5.742266203321099e-34,5.742250104549725e-34,5.742249474187225e-34,5.742246468415809e-34,5.742341615437214e-34,5.742291209677872e-34,5.7424750801166384e-34,5.742471212561387e-34,5.742469978002949e-34,5.742452195987662e-34,5.7424199051377e-34,5.7423928512957905e-34,5.742410860192548e-34,5.742415131898103e-34,5.7425238558712145e-34,5.763690725733197e-34,5.763632496558168e-34,5.763632200007393e-34,5.763464483555543e-34,5.762704058631294e-34,5.762695508796676e-34,5.762696634120817e-34,5.762709204854001e-34,5.762709204888128e-34,5.7627073087099925e-34,5.762707301386374e-34,5.7627042742695235e-34,5.7627277555351835e-34,5.7627277372365905e-34,5.7627275294070765e-34,5.762635386484369e-34,5.762635110668383e-34,5.762635110684544e-34,5.769403601623273e-34,5.769403634596082e-34,5.769403709366055e-34,5.769403706351309e-34,5.76937444463175e-34,5.769374444632886e-34,5.769374466897553e-34,5.7693746450496925e-34,5.76937147859975e-34,5.7693652066678545e-34,5.769376618531088e-34,5.769376618533876e-34,5.769201157008432e-34,5.769180087160096e-34,5.784090441551662e-34,5.784090222757357e-34,5.784090222833332e-34,5.784090222911562e-34,5.7840901984393186e-34,5.78409072825079e-34,5.784150469929979e-34,5.784137221093486e-34,5.784137221429883e-34,5.784088957099367e-34,5.784090739237403e-34,5.784090745162621e-34,5.784090774043614e-34,5.784091852241878e-34,5.787575726938274e-34,7.043279676772795e-34,7.04173239331802e-34,7.041732389410785e-34,7.041732390412584e-34,7.04173239451885e-34,7.041730773484764e-34,7.0417226473303856e-34,7.041886015722784e-34,7.041881837164244e-34,7.0418816669756214e-34,7.041881439994459e-34,7.041881440560032e-34,7.041690445283885e-34,7.041690445492134e-34,6.987853256984041e-34,6.987853841564214e-34,6.987853841569436e-34,6.990313863617172e-34,6.990313870076106e-34,6.990427864953764e-34,6.990427862786525e-34,6.990427874186139e-34,6.990426449775628e-34,6.990635295502644e-34,6.990635296341445e-34,6.990635280762885e-34,6.9906352807606945e-34,6.9902997509947525e-34,6.9902945238428365e-34,6.990508299374076e-34,6.990648187561785e-34,6.9921939428949824e-34,6.992191248932866e-34,6.992260624330563e-34,6.992252722256132e-34,6.9929236974173655e-34,6.9929228202317275e-34,6.9923721254409746e-34,6.992372073370281e-34,6.992375281980234e-34,6.99241827250267e-34,6.992348870970114e-34,6.992348871164213e-34,6.992348871427676e-34,6.9929266219924256e-34,6.992296360449895e-34,6.9922920038435955e-34,6.992288105906607e-34,6.992300699922821e-34,6.99212101296048e-34,6.992120756824025e-34,6.9921208961329575e-34,6.992126499338847e-34,6.992126520669525e-34,6.9921265212025725e-34,6.992126523543428e-34,6.9920207876974755e-34,7.828204732376267e-34,7.828148390163899e-34,7.828177619272818e-34,7.828967009656375e-34,7.828868803441952e-34,7.828869457717817e-34,7.828869584420297e-34,7.828437087436743e-34,7.828174129802485e-34,7.828207712771666e-34,7.82824297218697e-34,7.828242972278572e-34,7.8275992718684e-34,7.827599258080682e-34,7.827327113952067e-34,7.827327113936898e-34,7.82732569848553e-34,7.825121704834756e-34,7.825121528996659e-34,7.825121454613133e-34,7.825121338894263e-34,7.825145145631884e-34,7.825151066257882e-34,7.825146604453919e-34,7.825146603696643e-34,7.825146604201257e-34,7.82077025665317e-34,7.820770260950535e-34,7.820767985022385e-34,7.820775773865408e-34,7.82077675351862e-34,7.820809294830685e-34,7.82080929883056e-34,7.820807022400836e-34,7.820807010089519e-34,7.820806838823614e-34,7.820804624554966e-34,7.821037312892393e-34,7.821037312863994e-34,7.821037312862858e-34,7.821037312778373e-34,7.82106704135621e-34,7.822973433849293e-34,7.822973433863137e-34,7.822971863857755e-34,7.822957744986065e-34,7.822957744871604e-34,7.822975186397755e-34,7.822975170190637e-34,7.822975918824287e-34,7.822954972739535e-34,7.82295863858773e-34,7.822958622968255e-34,7.822673829633266e-34,7.822710217462413e-34,-8.608329321671021e-33,5.877185880285051e-38,6.54391058663856e-38,6.635162699057913e-38,7.296612329401894e-38,7.093781172216907e-38,7.094043196696902e-38,7.094280265130988e-38,6.874286200332758e-38,6.874225492643547e-38,6.563494887096485e-38,6.376710558555138e-38,5.956464337328864e-38,9.360680163977548e-38,9.363180389507264e-38,1.0138849300524006e-37,9.206001989376187e-38,9.20604708115497e-38,9.206905349386347e-38,9.61225466736977e-38,7.618798968025343e-38,7.773261836814956e-38,7.784230426808351e-38,5.230457094166675e-38,5.135419856725283e-38,5.135419979426487e-38,5.08275748581461e-38,8.73834181504615e-38,8.781863329789955e-38,8.720038065221017e-38,8.707969491629422e-38,8.737571690783356e-38,8.737571764865577e-38,8.738298167362829e-38,8.741194545707206e-38,8.739058740726134e-38,8.749618977714715e-38,8.749458405953966e-38,8.74945615476448e-38,8.749424557709837e-38,8.749338901442748e-38,9.152008971267298e-38,8.353911324477644e-38,9.4785231051864e-38,9.478528349582315e-38,9.758954367008192e-38,9.758955236270745e-38,9.75898905595206e-38,9.779806791678176e-38,9.811214423499202e-38,9.815034315240163e-38,9.81502842292936e-38,9.625429851462366e-38,9.699515137422822e-38,9.70004222975625e-38,1.0593842518501835e-37,1.0593808711480984e-37,3.8340403653649205e-38,3.802358451165458e-38,4.3000669493540226e-38,5.49488324740442e-38,5.488525882435936e-38,5.501548936734389e-38,5.516659895754508e-38,5.422320268704805e-38,5.418814003952416e-38,5.626094887313005e-38,5.625996341271709e-38,5.625785684894213e-38,-1.7355110598150555e-37,-7.116568838109299e-42,-5.699232677835447e-39,-1.044792156202959e-39,1.1311553125630727e-40,1.1311356949703827e-40,1.1310968145879883e-40,-3.7525336548198365e-38,-1.5975180876264076e-39,-4.822560347158346e-40,-4.7177626259347195e-42,1.721058540350081e-39,1.7211000996930367e-39,-1.8382375968080668e-38,-5.699776429480236e-44,1.493585847602013e-38,5.454458185032964e-39,-4.522833009638103e-36,-2.4008853091880104e-41,-9.108874558258579e-40,2.717657116836373e-42,-1.5158425160997104e-39,-4.980767513041543e-39,6.502942864697152e-40,6.500606884391611e-40,6.5015561574856696e-40,6.50155203478716e-40,6.498848229791425e-40,6.4988904591095e-40,-1.5621907303569912e-37,2.8883839694360213e-39,-5.428004673053099e-38,-1.928971604009695e-37,1.727821983699307e-42,-1.2321845537359742e-38,6.280775553913832e-39,6.280777432761666e-39,1.0379636268486019e-38,9.495872139134804e-39,9.497369813259228e-39,9.497369357057376e-39,9.496243867576677e-39,3.1513406431055216e-38,4.885925784027691e-36,4.885926213432675e-36,4.8851398906209814e-36,4.904534343568422e-36,4.9041350014363695e-36,4.904778291583408e-36,4.897419235448178e-36,1.951005838104771e-36,1.9510058341488364e-36,2.1694460205988095e-36,2.416111512113961e-36,2.4566984457974418e-36,2.359629453126268e-36,2.3886102836252427e-36,2.1883041838409805e-36,2.1842682075432778e-36,1.878264915319807e-36,1.8856638881196436e-36,1.906876227211712e-36,1.906616800311889e-36,1.9058613102596267e-36,1.9083655470778066e-36,1.9083603554714003e-36,1.9083568792312968e-36,1.919820290678398e-36,1.9199881421399853e-36,1.919988139240215e-36,1.9199492472947837e-36,1.9090572205961365e-36,1.9091157286809272e-36,1.909174198237306e-36,1.9091625018995912e-36,1.964690106600196e-36,1.972604092124118e-36,1.9719757599511485e-36,1.971975745590743e-36,1.9718983385251012e-36,1.9718979249245703e-36,1.9828908169631952e-36,1.982886200611452e-36,1.98287166009396e-36,1.9828717066451856e-36,2.0458673554789726e-36,2.321202397929672e-36,2.32120239874122e-36,2.3242617442374716e-36,2.346372152843157e-36,2.3506256865347867e-36,2.3501731750198826e-36,2.350174799638133e-36,2.3504200290204422e-36,2.3505167768037583e-36,2.3505143127405532e-36,2.3505142093159038e-36,2.350307981218713e-36,2.353855294926006e-36,2.3549882108020034e-36,2.3571049160639712e-36,2.356924893347441e-36,2.3572680511356183e-36,2.3541897179085527e-36,2.3527532744535435e-36,2.3552997953949555e-36,2.355541271733719e-36,2.355025686376554e-36,2.3599745042827672e-36,2.359974524904019e-36,2.37126404337605e-36,2.3709883390889888e-36,2.3619731438861493e-36,2.3619637710483407e-36,2.361962322685497e-36,2.361962305700434e-36,2.361962261323631e-36,2.361943390230205e-36,2.362113325571829e-36,2.3626061867421137e-36,2.362635671730602e-36,2.594142681852932e-36,2.604328617757149e-36,2.61834865170662e-36,2.619441267838378e-36,2.618036139572012e-36,2.6211695076749137e-36,2.544244592291107e-36,2.5442445945717054e-36,-2.470402079228861e-35,2.4306446696751353e-34,2.430646018934073e-34,2.430672443009315e-34,2.4306730095705878e-34,2.430673267772117e-34,2.4306732817485518e-34,2.4306733146985623e-34,2.43067456757641e-34,2.430677474399774e-34,2.430677324570343e-34,2.4306774154322098e-34,2.430672359650446e-34,2.4306741105310307e-34,2.430674110593459e-34,2.4306743967012455e-34,2.4303548090147844e-34,2.430354434598081e-34,2.4303505885647923e-34,2.430187923496345e-34,2.4301663906812495e-34,2.4301957469186467e-34,2.430195924535151e-34,2.430228354208229e-34,2.430238969756993e-34,2.430238969667247e-34,2.430238969564748e-34,2.430222579052805e-34,2.4301813290081703e-34,2.4304300802595234e-34,2.4506756319049764e-34,2.4509560444570872e-34,2.450593336383035e-34,2.4503904706651536e-34,2.450389772375779e-34,2.4503895130980985e-34,2.450389479345212e-34,2.45039223712588e-34,2.4503922588024263e-34,2.4503859311166577e-34,2.4503858869677844e-34,2.450376057749235e-34,2.4503760577286564e-34,2.4503760576623714e-34,2.4503760572547863e-34,2.4503912208254973e-34,2.450369355663452e-34,2.4503853815127007e-34,2.4503862042171972e-34,2.4503863298489834e-34,2.450386290707507e-34,2.450386316775097e-34,2.450386318641953e-34,2.4503860236402767e-34,2.450386040319617e-34,2.450386150721451e-34,2.4503864883731404e-34,2.451005035165166e-34,2.4509758894336252e-34,2.451006298069097e-34,2.451021454713232e-34,2.4510207866033834e-34,2.451020844488386e-34,2.4510269043682894e-34,2.451027859927451e-34,2.451027859579746e-34,2.4511114733145464e-34,2.4509948242316405e-34,2.4509638177967267e-34,2.4509638691928926e-34,2.450967196598471e-34,2.451630329528639e-34,2.4516303466126794e-34,2.451613340101536e-34,2.4517911102328157e-34,2.451094174094012e-34,2.4510905949901504e-34,2.451090578729851e-34,2.4509249975281643e-34,2.450822078108271e-34,2.4507091507768318e-34,2.450650278101254e-34,2.4506502168372555e-34,2.4506430890635683e-34,2.4506430891585742e-34,2.4506412182919698e-34,2.4506554791291864e-34,2.4506557307613977e-34,2.4506677166100563e-34,2.4506677166092797e-34,2.4534188592541273e-34,2.453427149371364e-34,2.4534272596971786e-34,2.453427261694101e-34,2.4534272609940737e-34,2.453377465767988e-34,2.4533864874510968e-34,2.4533864943326273e-34,2.4535082747416943e-34,2.453508497847256e-34,2.453510711475909e-34,2.453388848015263e-34,2.4533420591674144e-34,2.4533420487453066e-34,2.4534200654189187e-34,2.4534202629717187e-34,2.4534203101873042e-34,2.4534203098548277e-34,2.453420314262501e-34,2.4534249242050936e-34,2.45341026692792e-34,2.453410260830264e-34,2.452990692916658e-34,2.452993010055094e-34,2.3452212677142566e-34,2.3467055080348348e-34,2.3465730666189165e-34,2.3464519218019043e-34,2.3464519219839747e-34,2.3464532537605006e-34,2.3462321949194663e-34,2.346236729644975e-34,2.3462068300288373e-34,2.3462068287981134e-34,2.3462099814622024e-34,2.346227822671277e-34,2.346172471026499e-34,2.3461724082307175e-34,2.346172408715364e-34,2.3461726027758173e-34,2.3461218218503265e-34,2.3461219165879017e-34,2.3461120850280133e-34,2.346385083554778e-34,2.3463850810506567e-34,2.346385403936124e-34,2.3463855103640438e-34,2.3463839841556758e-34,2.3463912978094156e-34,2.3463906368701227e-34,2.3463905770630327e-34,2.3463905767858584e-34,2.346390665984635e-34,2.346392248996049e-34,2.346762466553382e-34,2.3467606402191688e-34,2.346760561680195e-34,2.3465665395555604e-34,2.3465673464930797e-34,2.346567347298729e-34,2.3465673610034483e-34,2.3465647857196566e-34,2.3465647854404994e-34,2.3465640857445705e-34,2.346561749889599e-34,2.3465617499293205e-34,2.3465617499288933e-34,2.3465371678921623e-34,2.346537167654516e-34,2.34653968238785e-34,2.3472197404517276e-34,2.3473279960679466e-34,2.3473279934254077e-34,2.347242119056892e-34,2.3472421161595598e-34,2.34720495962548e-34,2.347221434665221e-34,2.3470719372742042e-34,2.347132799821559e-34,2.347103341435339e-34,2.3471060510551237e-34,2.3471060523593995e-34,2.348377195640826e-34,2.348162351775118e-34,2.347919192649549e-34,2.3479192346152213e-34,2.347480411849565e-34,2.347480431354926e-34,2.3474796940286614e-34,2.3474913242709723e-34,2.347490463307479e-34,2.347490395513625e-34,2.3474904516766745e-34,2.3470845278368356e-34,2.3470531963602777e-34,2.3470531959763536e-34,2.3469961994443507e-34,2.3469960515458716e-34,2.3469961044497018e-34,2.3469977635967444e-34,2.3469972717590056e-34,2.3469923681543888e-34,2.3469925299158715e-34,2.347000115060454e-34,2.347000088733758e-34,2.347002808761557e-34,2.3470028077336033e-34,2.3469445000072615e-34,2.3469436021935543e-34,2.3469435503329816e-34,2.34668282039331e-34,2.3752854707009322e-34,2.375270506820313e-34,2.375284826040745e-34,2.375485176090165e-34,2.3754851173068957e-34,2.375486043619868e-34,2.375402860959358e-34,2.3754098551070388e-34,2.3753943573608807e-34,2.375364539746298e-34,2.375383386698345e-34,2.3753833866982092e-34,2.375518136199772e-34,2.375549368348666e-34,2.375549368397355e-34,2.375549368412077e-34,2.375549368484443e-34,2.3755493502051407e-34,2.375550743334633e-34,2.3755485336139686e-34,2.3754444649192863e-34,2.3754444636414358e-34,2.375509401601977e-34,2.3755099930033434e-34,2.375510267253202e-34,2.3755101811760384e-34,2.375551096990706e-34,2.4435142871198933e-34,2.4435142805270483e-34,2.4434715825893127e-34,2.44347072328258e-34,2.4434721594575546e-34,2.443472399831954e-34,2.4434830218526365e-34,2.4434876419971654e-34,2.4434876155113984e-34,2.443487509619478e-34,2.4435193670738798e-34,2.4435212283245127e-34,2.4435207720407457e-34,2.4435368311316367e-34,2.443498001904438e-34,2.4433593384469878e-34,2.4433808889700174e-34,2.443349281096705e-34,2.4433731801484578e-34,2.4448871423565794e-34,2.444956821908084e-34,2.4449570456561626e-34,2.444957049581879e-34,2.44496399545039e-34,2.4449537679074523e-34,2.4448721534718517e-34,2.444879058564627e-34,2.444878530399319e-34,2.444883605879421e-34,2.4448836030065474e-34,2.4448836033096693e-34,2.444285690413955e-34,2.4442856934736985e-34,2.4442856943472166e-34,2.4442856917811863e-34,2.444285685476055e-34,2.4442856510806204e-34,2.444285651124031e-34,2.4442875662236694e-34,2.444287263558825e-34,2.4442825899045356e-34,2.4442825898912834e-34,2.444282589794404e-34,2.444233917919826e-34,2.4442369102185527e-34,2.4442372976952824e-34,2.4442373017095574e-34,2.4442374343697846e-34,2.444237438366655e-34,2.444237200557303e-34,2.4440531823167935e-34,2.4440542306871637e-34,2.4440542307566607e-34,2.4440240292095797e-34,2.444433751866247e-34,2.4446969877277998e-34,2.44469920459625e-34,2.4447528775766433e-34,2.4445968498465404e-34,2.4444383573034214e-34,2.4438696206422233e-34,2.44386962007647e-34,2.4438712078016323e-34,2.443871207610178e-34,2.4438712077634143e-34,2.4438712083766184e-34,2.443871247860135e-34,2.4439982228811965e-34,2.4439997266748034e-34,2.4439978857624846e-34,2.444007249028226e-34,2.4440133472513574e-34,2.4513440666430412e-34,2.45134407810127e-34,2.4513771177358534e-34,2.45136762197251e-34,2.451367577878077e-34,2.4514639666993392e-34,2.451463962935774e-34,2.451435273944955e-34,2.451430540612143e-34,2.451561128059193e-34,2.4515662050706483e-34,2.4515662050422683e-34,2.451559435525906e-34,2.4515597450218066e-34,2.4514648962318247e-34,2.451464525773536e-34,2.4514645819603896e-34,2.451464577977288e-34,2.451470453243104e-34,2.4514703891939504e-34,2.451470398811565e-34,2.451470398792129e-34,2.451465842527311e-34,2.451481235440902e-34,2.451482668463697e-34,2.4514826699428196e-34,2.4514826408519743e-34,2.45148129355525e-34,2.451481293554413e-34,2.451444022471247e-34,2.4514440227436036e-34,2.4513042523752246e-34,2.4514376778471115e-34,2.4514377583453493e-34,2.451437762875731e-34,2.4514351614921056e-34,2.449311812918036e-34,2.449311795494102e-34,2.4493117906454455e-34,2.4492802362728767e-34,2.4492792641009133e-34,2.449322011320649e-34,2.449311839937959e-34,2.4493107315269485e-34,2.449310457826997e-34,2.4493106127864166e-34,2.449300887021164e-34,2.4493008640420427e-34,2.4493017508609846e-34,2.449299338687877e-34,2.449326941449385e-34,2.4493291588307342e-34,2.449329181766941e-34,2.4493291560789977e-34,2.449372857002481e-34,2.4493728570035638e-34,2.450393458957001e-34,2.450737299091098e-34,2.450737296655759e-34,2.4508377661815963e-34,2.4508377633261676e-34,2.450858034218766e-34,2.45125022771783e-34,2.4512502187146266e-34,2.451250254543047e-34,2.451224504321997e-34,2.4512317247721044e-34,2.4878763793615016e-34,2.4878854082836362e-34,2.4880876199421648e-34,2.488067849731376e-34,8.899463862152182e-34,8.942274291244598e-34,8.942267870778031e-34,8.942267846488468e-34,8.942251123137116e-34,8.942251030637024e-34,8.942251018998433e-34,8.942251026982683e-34,8.942251063143426e-34,8.942274797666017e-34,8.942275211235468e-34,8.942275207982615e-34,8.94227511111356e-34,8.942275111113074e-34,8.942302915436304e-34,8.942316971151488e-34,8.942306860297596e-34,8.94230686107405e-34,8.941944048343686e-34,8.942212994796217e-34,8.942212994665512e-34,8.942213006601441e-34,8.942212973496165e-34,8.942212736231448e-34,8.942212731637014e-34,8.942212730969507e-34,8.94221271796171e-34,8.942745780342078e-34,8.939035895646131e-34,8.939036988686874e-34,8.939423304831903e-34,8.939636577766754e-34,8.93964622126271e-34,8.939646248282563e-34,8.939533582299142e-34,8.939533589465435e-34,8.939520239066784e-34,8.939532820843936e-34,8.939529070162247e-34,8.939520906459658e-34,8.939539490499137e-34,8.939539492369802e-34,8.939539492188193e-34,8.939539492295131e-34,8.939539530631696e-34,8.939540761212854e-34,8.93957158657877e-34,8.93954196553984e-34,8.939542021550613e-34,8.939541917552323e-34,8.939542006370891e-34,8.939412737598167e-34,8.939386430697693e-34,8.939221559733734e-34,8.939200023006066e-34,8.949630651421621e-34,8.956607123178251e-34,8.956611150988452e-34,8.956618074168573e-34,8.95661807417137e-34,8.956618059600734e-34,8.956617936832512e-34,8.956644680452178e-34,8.956644719074778e-34,8.956644725514303e-34,8.956644741176626e-34,8.956804382163851e-34,8.956804385799094e-34,8.956694600089251e-34,8.956671103294037e-34,8.956671111173062e-34,8.959107653715882e-34,8.959107653712296e-34,8.959044347717122e-34,8.959053351631464e-34,8.959053320109626e-34,8.9590521097526e-34,8.95905382074126e-34,8.959051663080252e-34,8.959413346762142e-34,8.959361686583267e-34,8.959361684121693e-34,8.959361684022271e-34,8.958433259192311e-34,8.958441880843619e-34,8.958294191485274e-34,8.95829360174388e-34,8.95829360174299e-34,8.958291816622868e-34,8.958402030921722e-34,8.958402246979665e-34,8.958404630133759e-34,8.958404604196773e-34,8.958477291871585e-34,8.95851227105448e-34,8.958556673823859e-34,8.958547782120439e-34,8.958516837612347e-34,8.958939838395122e-34,8.958939838375192e-34,8.958946120912192e-34,8.958945853273874e-34,8.958701874344488e-34,8.95868682977832e-34,8.958657971262292e-34,8.958657971153402e-34,8.958661804622484e-34,8.958663195539217e-34,8.958717352219233e-34,8.958715437925158e-34,8.958778118096281e-34,8.958687874231385e-34,8.958794523434019e-34,8.958794555723757e-34,-1.0538738569551279e-32,1.8418969188922172e-36,1.8419392490774805e-36,1.820324848637366e-36,1.821238078542236e-36,1.821465005768587e-36,1.8214636027340284e-36,1.8214850688307076e-36,1.8214858884072616e-36,2.2366115517431463e-36,2.239278897170161e-36,2.2392777710270154e-36,2.238894005546884e-36,2.2971724491369965e-36,2.297118007421553e-36,2.271147041088139e-36,2.2712285846567834e-36,2.2594399408582818e-36,2.2547103123254783e-36,2.2537308833259628e-36,2.253844716197865e-36,2.25408586860068e-36,2.2540779182291624e-36,2.344296865169992e-36,2.345355281983431e-36,2.345355166909443e-36,2.3459755181583044e-36,2.3459754945391458e-36,2.345983362245827e-36,2.3449851589345368e-36,2.343791699217675e-36,2.3303912507238036e-36,2.331954118235792e-36,2.3280353574344498e-36,2.328830090089553e-36,2.3288327077545902e-36,2.3288325078122834e-36,2.3418079353845606e-36,2.3418930025954306e-36,2.3421624560896578e-36,2.3438097661242022e-36,2.3440465755910578e-36,3.968822973432605e-36,4.008299599763558e-36,3.986004672996215e-36,4.005440563336152e-36,4.005284908509635e-36,4.005134161276684e-36,4.005251656018283e-36,4.005164727497009e-36,4.0051776104956594e-36,4.00520447696241e-36,4.005134915060638e-36,4.004735117335487e-36,4.0639524095683734e-36,4.096004152125552e-36,4.0979709937828206e-36,4.1147012151352095e-36,4.127401803948113e-36,4.128187360426936e-36,-6.3951239189981796e-34,-2.958012598386995e-39,7.749580949374116e-40,7.933411941118737e-40,7.97051917390667e-40,1.0298547276928147e-41,1.1350351148180202e-41,1.1305028747854323e-41,2.414940312004071e-40,2.637710028717958e-40,-9.92789846618909e-39,1.6039526232741384e-38,1.6039122692453814e-38,1.60391227621852e-38,1.5949599071209228e-38,1.6370175684108248e-38,1.634664302512094e-38,5.221924852909928e-38,5.138455149862983e-38,4.322340977520146e-38,4.322340997457931e-38,4.3458437382501286e-38,4.2323914243243416e-38,4.0040043854182114e-38,4.004137621675686e-38,4.004241133565472e-38,3.98659200877272e-38,3.986592077317684e-38,-3.796070714498056e-37,-2.9536593692711923e-43,6.347780736651311e-41,9.76877613531102e-41,8.9209862897373e-40,8.25531795281239e-40,-7.810235525692102e-39,8.148629093227133e-44,9.919595426111184e-41,1.7705337352815395e-40,1.765886956986911e-40,1.758482021981249e-40,-6.107291156841722e-38,-1.2232256764623177e-42,1.1422772923367693e-39,1.1453336300237938e-39,1.5000186453035645e-39,1.4968690913374604e-39,1.531364060446145e-39,1.4696290282828413e-39,1.4661722789251563e-39,-5.19502443572003e-39,4.31331416202284e-41,6.700629277479415e-40,7.611050179431048e-40,7.578799010742692e-40,7.57671118484521e-40,3.431801160964213e-41,7.342922783278566e-38,7.341562418383561e-38,7.341640025787843e-38,7.342091312482302e-38,7.108814516496246e-38,7.108822119105969e-38,7.108486548952165e-38,7.109450405725868e-38,7.046063136560592e-38,-7.960717453622593e-37,-4.343677751337423e-42,-1.8073436851445743e-38,6.893922400752754e-37,6.893921684907852e-37,6.5079631688527095e-37,6.507963185682597e-37,6.191797194111257e-37,6.199630973910249e-37,6.191596761533348e-37,6.191350874829141e-37,6.191350884772608e-37,6.19119252904561e-37,6.147899344608863e-37,6.1478958569528275e-37,6.067726333196743e-37,6.0682592446122286e-37,-4.906678700050354e-36,2.4457663698796593e-40,-3.981465074546028e-37,2.708315647938897e-43,-2.727065210459726e-40,-5.2251918196041214e-39,-4.305768318698031e-39,-1.6784307232094256e-40,2.4267448062654665e-41,3.6162677188826433e-40,1.4855501620414968e-38,1.4858070008896732e-38,1.4235649130606873e-38,6.814815529025053e-38,6.155940946795052e-38,6.155941223545236e-38,6.155931534886339e-38,6.156091849881083e-38,4.3708824028046015e-38,5.073865874968972e-38,4.6684773229612964e-38,4.6685962138807e-38,4.668600395911481e-38,4.6683067487630256e-38,4.6612781201919275e-38,4.6617074588104045e-38,4.661667730739519e-38,4.655996305823978e-38,4.656064095211186e-38,-1.1815431746259403e-33,5.219173078576188e-41,-9.727896131356773e-39,-4.920026963789181e-41,-1.2575241562660977e-38,-1.2051263604261714e-40,-4.445006852022643e-40,-1.10392143145907e-42,-3.157165393729369e-39,-2.383243216239769e-41,8.172833383544941e-45,6.046212134816176e-43,7.974757258188901e-40,7.86522777019276e-40,-7.868110712821916e-39,-3.320267564111869e-40,5.86813999565738e-46,3.055147202755095e-42,3.2051232601792215e-37,2.752210489147259e-37,2.7502173509240136e-37,2.7430289049767982e-37,2.731680285052656e-37,4.761445896886524e-37,4.73402117006552e-37,4.726855207127434e-37,4.7268552312389816e-37,4.730948453776996e-37,4.7311770045492495e-37,4.731175672152916e-37,4.7311814314363874e-37,5.0549401202956084e-33,5.054937747506558e-33,5.0549494236104886e-33,5.054949505546045e-33,5.054981095818196e-33,5.054980823635678e-33,5.054980808549337e-33,5.0549766715046125e-33,5.054976391930259e-33,5.0549763870132905e-33,5.054976316784644e-33,5.054976316781241e-33,5.054976316779457e-33,5.0556696739148785e-33,5.055669081426345e-33,5.055683273912704e-33,5.055683481240604e-33,5.055681956243301e-33,5.055681960856371e-33,5.055682032631008e-33,5.055682502028152e-33,5.055682502221631e-33,5.05568250263711e-33,5.0556871363392105e-33,5.05562977476253e-33,5.055629733755467e-33,5.055629697317522e-33,5.055629697317522e-33,5.055301851417516e-33,5.055301618503079e-33,5.04207697230778e-33,5.0420764838361746e-33,5.0420764830964566e-33,5.042068689754979e-33,5.042063079419929e-33,5.0420262838125085e-33,5.0420257941819034e-33,5.0420254998698664e-33,5.042025739399975e-33,5.042011497175092e-33,5.0420096482499837e-33,5.041783729117008e-33,5.041783729118807e-33,5.041873253262264e-33,5.0418749073563055e-33,5.04186929543938e-33,5.041869188969306e-33,5.0418691886532254e-33,5.041869189495673e-33,5.0418692510324884e-33,5.041861946866117e-33,5.041860927732007e-33,5.0418609275686624e-33,5.041860938209812e-33,5.041860947878586e-33,5.041860969088879e-33,5.042064071603592e-33,5.0420640716184434e-33,5.042055039698304e-33,5.042054040948534e-33,5.042053761941762e-33,5.0420534219347445e-33,5.042053421768488e-33,5.0420534277556774e-33,5.0420534278877724e-33,5.042032832593249e-33,5.042028179366033e-33,5.0420282404231485e-33,5.0420260534568884e-33,5.0420275952554416e-33,5.042027568258226e-33,5.042019640944715e-33,5.041995548275208e-33,5.0419952277845e-33,5.0419762912499114e-33,5.041976294844413e-33,5.041976294861868e-33,5.041976308811364e-33,5.041976299802579e-33,5.041976299809639e-33,5.0419830620949815e-33,5.0419807301474496e-33,5.0419808322797786e-33,5.0419808324001903e-33,5.0419808246705035e-33,5.041980746772157e-33,5.041992246761869e-33,5.04199227290873e-33,5.041992272913782e-33,5.0419922733526196e-33,5.041992273423457e-33,5.0419864354504886e-33,5.0419819879160946e-33,5.0419821088581575e-33,5.041981735106881e-33,5.041981735106948e-33,5.041981736794777e-33,5.041949901437726e-33,5.0419499014367906e-33,5.041949901367204e-33,5.042084949391622e-33,5.042009981085616e-33,5.0419986052517346e-33,5.041996153998601e-33,5.041996818148121e-33,5.041996871589514e-33,5.041984861299475e-33,5.0419847916218355e-33,5.041984567203053e-33,5.0419848987889916e-33,5.0419768526824504e-33,5.041973841742529e-33,5.041969432483789e-33,5.041971719226651e-33,5.0419716604940654e-33,5.041965451537633e-33,5.0419651351096434e-33,5.0419597570071506e-33,5.041959698223015e-33,5.0419644898973755e-33,5.041963459105269e-33,5.041964020723514e-33,5.0419642708362675e-33,5.041963873381971e-33,5.0419645052872166e-33,5.0419655046134176e-33,5.041965504616259e-33,5.041954588947053e-33,5.041964462472288e-33,5.0419644624872735e-33,5.04196446286622e-33,5.041961648801745e-33,5.041961724964801e-33,5.041961020104953e-33,5.041961020965384e-33,5.0419610198725747e-33,5.0419610197996654e-33,5.0419610192856194e-33,5.0419610192985206e-33,5.041961019300286e-33,5.041960871988467e-33,5.0419608720732726e-33,5.0425669026473474e-33,5.042566750420509e-33,5.0425622894765724e-33,5.042562282998015e-33,5.042561421626636e-33,5.0425616348963266e-33,5.0425632768854094e-33,5.042568757829944e-33,5.0425699745823445e-33,5.042569912100101e-33,5.042569912905156e-33,5.0425699129095754e-33,5.0425699319795014e-33,5.042569573518619e-33,5.042569574329262e-33,5.0425695768085554e-33,5.042569576700391e-33,5.042592068567821e-33,5.0425920685649274e-33,5.042592051600913e-33,5.042589935329568e-33,5.042589934614758e-33,5.042589934615484e-33,5.042602291682084e-33,5.0426027348517004e-33,5.0426022683500116e-33,5.0426022683498775e-33,5.0426022488668894e-33,5.042602146438292e-33,5.042523088216139e-33,5.0425231566387034e-33,5.0425741396516154e-33,5.0425741396541463e-33,5.042574336595152e-33,5.042583178913947e-33,5.0425834224465364e-33,5.042583430430254e-33,5.042583430711373e-33,5.042583430713834e-33,5.042582861588303e-33,5.0425825991151686e-33,5.042582598102988e-33,5.042582744411703e-33,5.0425798078435376e-33,5.042579715582727e-33,5.0425788704487013e-33,5.042587272331878e-33,5.042587797997811e-33,5.042587280872743e-33,5.0425689934680396e-33,5.0425662512380895e-33,5.042566265688489e-33,5.0425603244984994e-33,5.042560314623395e-33,5.042560315916653e-33,5.042560383607889e-33,5.042567640423007e-33,5.0425608882197344e-33,5.042565996176157e-33,5.042565991866096e-33,5.042566456054602e-33,5.0425696202277644e-33,5.042541272345116e-33,5.042541294427191e-33,5.0425412955657814e-33,5.043470745220271e-33,5.0434700868252096e-33,5.0434700804901275e-33,5.043469195955963e-33,5.043469201711762e-33,5.0434628617846696e-33,5.04345983114271e-33,5.043458840845022e-33,5.043458840855624e-33,5.0434588974599224e-33,5.043458526749801e-33,5.043420397584818e-33,5.0434205434329585e-33,5.043418716406664e-33,5.0434187152312844e-33,5.0434187151368836e-33,5.043418687907853e-33,5.043734282099014e-33,5.043734272924637e-33,5.04373086363187e-33,5.0437308657188605e-33,5.0437307749114904e-33,5.043730767524197e-33,5.0437307706916176e-33,5.043730770665147e-33,5.043734846310606e-33,5.0437596599183e-33,5.0437604549723935e-33,5.043761845148026e-33,5.04376206502948e-33,5.043762066155697e-33,5.0437620661946706e-33,5.043762066485819e-33,5.043763045947153e-33,5.04376306561178e-33,5.0437571449632725e-33,5.043756774818732e-33,5.0437512785654505e-33,5.043751542801981e-33,5.0437515695537335e-33,5.043735365417451e-33,5.0437353554536116e-33,5.0437367353668785e-33,5.043736740792592e-33,5.043675014861854e-33,5.0436749989002415e-33,5.0436749988869415e-33,5.0436749944131915e-33,5.043674986966097e-33,5.043678616748585e-33,5.043678613300364e-33,5.043639387358877e-33,5.0436386760023904e-33,5.043638675986194e-33,5.0435950317507696e-33,5.0435950313584046e-33,5.0435962932689895e-33,5.043523129098021e-33,5.043523515977736e-33,5.0435233899561724e-33,5.043524492098102e-33,5.0435233332575004e-33,5.043533666187051e-33,5.043536710561532e-33,5.043536729757721e-33,5.0435403372075565e-33,5.0435401934286146e-33,5.0435408464948415e-33,5.043540718714593e-33,5.0435407190200216e-33,5.043540706939173e-33,5.043540706901594e-33,5.0435403071559104e-33,5.0435547284115995e-33,5.0435552280047825e-33,5.043556142207813e-33,5.04355472752319e-33,5.043553571688098e-33,5.043553570885315e-33,5.04355357075264e-33,5.043553553474635e-33,5.0435532530366235e-33,5.0435532530360645e-33,5.043552180057777e-33,5.043555039297591e-33,5.043555037371723e-33,5.043555154824395e-33,5.0435552470644963e-33,5.043555219151463e-33,5.04356119892753e-33,5.043232431514031e-33,5.0432324141916104e-33,5.0432308334193095e-33,5.043230568813794e-33,5.0432303745697004e-33,5.0432429617945486e-33,5.043242960423499e-33,5.043242960420305e-33,5.0432408473534956e-33,5.0432414419712e-33,5.0432414413378565e-33,5.043241385873348e-33,5.043245197125132e-33,5.0432451971257145e-33,5.0432452064857807e-33,5.043243554918553e-33,5.043390085115457e-33,5.043390085115472e-33,5.0689674536060036e-33,5.068967106309663e-33,5.068966847041658e-33,5.0689579933735894e-33,5.068953918647385e-33,5.06895336568497e-33,5.068951231731548e-33,5.0689512293982304e-33,5.0689511608787834e-33,5.068951199957022e-33,5.0689517549335096e-33,5.0688290334308046e-33,5.068792689777486e-33,5.0687923025311916e-33,5.068792306010407e-33,5.068791945372557e-33,5.0687919453723574e-33,5.06879290945127e-33,5.068792909745989e-33,5.068789976675444e-33,5.068789976559074e-33,5.068797379183386e-33,5.068797379186625e-33,5.068797366617517e-33,5.068797365473125e-33,5.0688006914323463e-33,5.0687973833991526e-33,5.068803400390523e-33,5.068803400553842e-33,5.0688036580333e-33,5.068804131340616e-33,5.0688332929622324e-33,5.0687975459892654e-33,5.068797538266621e-33,5.0687975339885405e-33,5.0687975339788074e-33,5.068799217174574e-33,5.068798693127128e-33,5.06879869588556e-33,5.068800928739873e-33,5.0688009290559406e-33,5.068800929055956e-33,5.068808661339991e-33,5.0688086613474655e-33,5.0688826714198774e-33,5.0690245229900416e-33,5.0690245264266974e-33,5.0690245015036846e-33,5.069023633854316e-33,5.069024547403651e-33,5.069032261915794e-33,5.0690315823672654e-33,5.069032690311308e-33,5.069032717541417e-33,5.069061321511248e-33,5.0690609503931024e-33,5.0690498918904014e-33,5.0690508546777e-33,-3.4583117357287045e-32,-1.4625572050104008e-38,3.7273970988427825e-40,-2.1240029201303852e-38,-3.4891095509350257e-42,-1.4155358495971021e-40,3.7489763711376335e-40,-1.470451654025494e-39,-1.3041784531190825e-40,-3.5652543738036114e-41,4.4187080065285376e-38,4.4187067257946493e-38,4.418829320760122e-38,4.256223368386672e-38,1.5545225744011018e-38,2.674845656397523e-39,3.2941871786646374e-39,2.1638891458461856e-39,1.1100558628292519e-39,1.0707565957576939e-39,3.005711149244283e-39,3.005671131498797e-39,3.685877394098591e-39,3.6496496548388924e-39,3.450654656874804e-39,1.4808668450506412e-38,1.4952860805966974e-38,6.20692180817691e-39,7.28369103756115e-37,7.283677952473311e-37,7.393986013633363e-37,7.3939931955736074e-37,7.431260452760408e-37,7.4162537196852865e-37,7.416252172286566e-37,7.721870652789994e-37,7.866453304119878e-37,7.866215099772857e-37,7.943381265647176e-37,7.948147639516421e-37,7.955317685944685e-37,7.938212560864993e-37,7.938208616185153e-37,7.952726873820996e-37,7.943811770415047e-37,7.941334185144474e-37,7.93335358110923e-37,7.933270936060675e-37,8.076718434138191e-37,8.047024433871847e-37,7.93479594059769e-37,7.925102620870647e-37,7.918929731082787e-37,7.932985825422107e-37,7.597047715739431e-37,7.5963965261728e-37,7.624543400972364e-37,7.003852197259292e-37,9.630216810251474e-37,9.63021932206331e-37,9.627731392357966e-37,1.0123736306551831e-36,1.0152642072547682e-36,1.0165891199399453e-36,1.0165890534434984e-36,1.0165890560377882e-36,1.016592175477979e-36,1.0212116495265004e-36,1.0212520827674165e-36,1.021424686931378e-36,1.0214247035784183e-36,1.010239437357104e-36,1.0102394242703637e-36,1.0127809896457456e-36,1.012804431833378e-36,1.0128050228404903e-36,1.0354339791043962e-36,1.0358194151213241e-36
2,0.0,-1.4949548116094525e-40,4.669080002902545e-44,5.831820407840946e-42,5.831820407840946e-42,5.831820407840946e-42,5.831820407840946e-42,5.831820407840946e-42,5.831820407840946e-42,5.831820407840946e-42,5.831820407840946e-42,5.831820407840946e-42,5.831820407840946e-42,5.831820407840946e-42,5.831820407840946e-42,5.831820407840946e-42,5.831820407840946e-42,5.831820407840946e-42,5.831820407840946e-42,5.831820407840946e-42,5.831820407840946e-42,5.831820407840946e-42,5.831820407840946e-42,5.831820407840946e-42,5.831820407840946e-42,5.831820407840946e-42,5.831820407840946e-42,5.831820407840946e-42,5.831820407840946e-42,5.831820407840946e-42,5.831820407840946e-42,5.831820407840946e-42,5.831820407840946e-42,5.831820407840946e-42,5.831820407840946e-42,5.831820407840946e-42,5.831820407840946e-42,5.831820407840946e-42,5.831820407840946e-42,5.831820407840946e-42,5.831820407840946e-42,5.831820407840946e-42,5.831820407840946e-42,5.831820407840946e-42,5.831820407840946e-42,5.831820407840946e-42,5.831820407840946e-42,5.831820407840946e-42,5.831820407840946e-42,5.831820407840946e-42,5.831820407840946e-42,5.831820407840946e-42,5.831820407840946e-42,5.831820407840946e-42,5.831820407840946e-42,5.831820407840946e-42,5.831820407840946e-42,5.831820407840946e-42,5.831820407840946e-42,5.831820407840946e-42,5.831820407840946e-42,5.831820407840946e-42,5.831820407840946e-42,5.831820407840946e-42,5.831820407840946e-42,5.831820407840946e-42,5.831820407840946e-42,5.831820407840946e-42,5.831820407840946e-42,5.831820407840946e-42,5.831820407840946e-42,5.831820407840946e-42,5.831820407840946e-42,5.831820407840946e-42,5.831820407840946e-42,5.831820407840946e-42,5.831820407840946e-42,5.831820407840946e-42,5.831820407840946e-42,5.831820407840946e-42,5.831820407840946e-42,5.831820407840946e-42,5.831820407840946e-42,5.831820407840946e-42,5.831820407840946e-42,5.831820407840946e-42,5.831820407840946e-42,5.831820407840946e-42,5.831820407840946e-42,5.831820407840946e-42,5.831820407840946e-42,5.831820407840946e-42,5.831820407840946e-42,5.831820407840946e-42,5.831820407840946e-42,5.831820407840946e-42,5.831820407840946e-42,5.831820407840946e-42,5.831820407840946e-42,5.831820407840946e-42,5.831820407840946e-42,5.831820407840946e-42,5.831820407840946e-42,5.831820407840946e-42,5.831820407840946e-42,5.831820407840946e-42,5.831820407840946e-42,5.831820407840946e-42,5.831820407840946e-42,5.831820407840946e-42,5.831820407840946e-42,5.831820407840946e-42,5.831820407840946e-42,5.831820407840946e-42,5.831820407840946e-42,5.831820407840946e-42,5.831820407840946e-42,5.831820407840946e-42,5.831820407840946e-42,5.831820407840946e-42,5.831820407840946e-42,5.831820407840946e-42,5.831820407840946e-42,5.831820407840946e-42,5.831820407840946e-42,5.831820407840946e-42,5.831820407840946e-42,5.831820407840946e-42,5.831820407840946e-42,5.831820407840946e-42,5.831820407840946e-42,5.831820407840946e-42,5.831820407840946e-42,5.831820407840946e-42,5.831820407840946e-42,5.831820407840946e-42,5.831820407840946e-42,5.831820407840946e-42,5.831820407840946e-42,5.831820407840946e-42,5.831820407840946e-42,5.831820407840946e-42,5.831820407840946e-42,5.831820407840946e-42,5.831820407840946e-42,5.831820407840946e-42,5.831820407840946e-42,5.831820407840946e-42,5.831820407840946e-42,5.831820407840946e-42,5.831820407840946e-42,5.831820407840946e-42,5.831820407840946e-42,5.831820407840946e-42,5.831820407840946e-42,5.831820407840946e-42,5.831820407840946e-42,5.831820407840946e-42,5.831820407840946e-42,5.831820407840946e-42,5.831820407840946e-42,5.831820407840946e-42,5.831820407840946e-42,5.831820407840946e-42,5.831820407840946e-42,5.831820407840946e-42,5.831820407840946e-42,5.831820407840946e-42,5.831820407840946e-42,5.831820407840946e-42,5.831820407840946e-42,5.831820407840946e-42,5.831820407840946e-42,5.831820407840946e-42,5.831820407840946e-42,5.831820407840946e-42,5.831820407840946e-42,5.831820407840946e-42,5.831820407840946e-42,5.831820407840946e-42,5.831820407840946e-42,5.831820407840946e-42,5.831820407840946e-42,5.831820407840946e-42,5.831820407840946e-42,5.831820407840946e-42,5.831820407840946e-42,5.831820407840946e-42,5.831820407840946e-42,5.831820407840946e-42,5.831820407840946e-42,5.831820407840946e-42,5.831820407840946e-42,5.831820407840946e-42,5.831820407840946e-42,5.831820407840946e-42,5.831820407840946e-42,5.831820407840946e-42,5.831820407840946e-42,5.831820407840946e-42,5.831820407840946e-42,5.831820407840946e-42,5.831820407840946e-42,5.831820407840946e-42,5.831820407840946e-42,5.831820407840946e-42,5.831820407840946e-42,5.831820407840946e-42,5.831820407840946e-42,5.831820407840946e-42,5.831820407840946e-42,5.831820407840946e-42,5.831820407840946e-42,5.831820407840946e-42,5.831820407840946e-42,5.831820407840946e-42,5.831820407840946e-42,5.831820407840946e-42,5.831820407840946e-42,5.831820407840946e-42,5.831820407840946e-42,5.831820407840946e-42,5.831820407840946e-42,5.831820407840946e-42,5.831820407840946e-42,5.831820407840946e-42,5.831820407840946e-42,5.831820407840946e-42,5.831820407840946e-42,5.831820407840946e-42,5.831820407840946e-42,5.831820407840946e-42,5.831820407840946e-42,5.831820407840946e-42,5.831820407840946e-42,5.831820407840946e-42,5.831820407840946e-42,5.831820407840946e-42,5.831820407840946e-42,5.831820407840946e-42,5.831820407840946e-42,5.831820407840946e-42,5.831820407840946e-42,5.831820407840946e-42,5.831820407840946e-42,5.831820407840946e-42,5.831820407840946e-42,5.831820407840946e-42,5.831820407840946e-42,5.831820407840946e-42,5.831820407840946e-42,5.831820407840946e-42,5.831820407840946e-42,5.831820407840946e-42,5.831820407840946e-42,5.831820407840946e-42,5.831820407840946e-42,5.831820407840946e-42,5.831820407840946e-42,5.831820407840946e-42,5.831820407840946e-42,5.831820407840946e-42,5.831820407840946e-42,5.831820407840946e-42,5.831820407840946e-42,5.831820407840946e-42,5.831820407840946e-42,5.831820407840946e-42,5.831820407840946e-42,5.831820407840946e-42,5.831820407840946e-42,5.831820407840946e-42,5.831820407840946e-42,5.831820407840946e-42,5.831820407840946e-42,5.831820407840946e-42,5.831820407840946e-42,5.831820407840946e-42,5.831820407840946e-42,5.831820407840946e-42,5.831820407840946e-42,5.831820407840946e-42,5.831820407840946e-42,5.831820407840946e-42,5.831820407840946e-42,5.831820407840946e-42,5.831820407840946e-42,5.831820407840946e-42,5.831820407840946e-42,5.831820407840946e-42,5.831820407840946e-42,5.831820407840946e-42,5.831820407840946e-42,5.831820407840946e-42,5.831820407840946e-42,5.831820407840946e-42,5.831820407840946e-42,5.831820407840946e-42,5.831820407840946e-42,5.831820407840946e-42,5.831820407840946e-42,5.831820407840946e-42,5.831820407840946e-42,5.831820407840946e-42,5.831820407840946e-42,5.831820407840946e-42,5.831820407840946e-42,5.831820407840946e-42,5.831820407840946e-42,5.831820407840946e-42,5.831820407840946e-42,5.831820407840946e-42,5.831820407840946e-42,5.831820407840946e-42,5.831820407840946e-42,5.831820407840946e-42,5.831820407840946e-42,5.831820407840946e-42,5.831820407840946e-42,5.831820407840946e-42,5.831820407840946e-42,5.831820407840946e-42,5.831820407840946e-42,5.831820407840946e-42,5.831820407840946e-42,5.831820407840946e-42,5.831820407840946e-42,5.831820407840946e-42,5.831820407840946e-42,5.831820407840946e-42,5.831820407840946e-42,5.831820407840946e-42,5.831820407840946e-42,5.831820407840946e-42,5.831820407840946e-42,5.831820407840946e-42,5.831820407840946e-42,5.831820407840946e-42,5.831820407840946e-42,5.831820407840946e-42,5.831820407840946e-42,5.831820407840946e-42,5.831820407840946e-42,5.831820407840946e-42,5.831820407840946e-42,5.831820407840946e-42,5.831820407840946e-42,5.831820407840946e-42,5.831820407840946e-42,5.831820407840946e-42,5.831820407840946e-42,5.831820407840946e-42,5.831820407840946e-42,5.831820407840946e-42,5.831820407840946e-42,5.831820407840946e-42,5.831820407840946e-42,5.831820407840946e-42,5.831820407840946e-42,5.831820407840946e-42,5.831820407840946e-42,5.831820407840946e-42,5.831820407840946e-42,5.831820407840946e-42,5.831820407840946e-42,5.831820407840946e-42,5.831820407840946e-42,5.831820407840946e-42,5.831820407840946e-42,5.831820407840946e-42,5.831820407840946e-42,5.831820407840946e-42,5.831820407840946e-42,5.831820407840946e-42,5.831820407840946e-42,5.831820407840946e-42,5.831820407840946e-42,5.831820407840946e-42,5.831820407840946e-42,5.831820407840946e-42,5.831820407840946e-42,5.831820407840946e-42,5.831820407840946e-42,5.831820407840946e-42,5.831820407840946e-42,5.831820407840946e-42,5.831820407840946e-42,5.831820407840946e-42,5.831820407840946e-42,5.831820407840946e-42,5.831820407840946e-42,5.831820407840946e-42,5.831820407840946e-42,5.831820407840946e-42,5.831820407840946e-42,5.831820407840946e-42,5.831820407840946e-42,5.831820407840946e-42,5.831820407840946e-42,5.831820407840946e-42,5.831820407840946e-42,5.831820407840946e-42,5.831820407840946e-42,5.831820407840946e-42,5.831820407840946e-42,5.831820407840946e-42,5.831820407840946e-42,5.831820407840946e-42,5.831820407840946e-42,5.831820407840946e-42,5.831820407840946e-42,5.831820407840946e-42,5.831820407840946e-42,5.831820407840946e-42,5.831820407840946e-42,5.831820407840946e-42,5.831820407840946e-42,5.831820407840946e-42,5.831820407840946e-42,5.831820407840946e-42,5.831820407840946e-42,5.831820407840946e-42,5.831820407840946e-42,5.831820407840946e-42,5.831820407840946e-42,5.831820407840946e-42,5.831820407840946e-42,5.831820407840946e-42,5.831820407840946e-42,5.831820407840946e-42,5.831820407840946e-42,5.831820407840946e-42,5.831820407840946e-42,5.831820407840946e-42,5.831820407840946e-42,5.831820407840946e-42,5.831820407840946e-42,5.831820407840946e-42,5.831820407840946e-42,5.831820407840946e-42,5.831820407840946e-42,5.831820407840946e-42,5.831820407840946e-42,5.831820407840946e-42,5.831820407840946e-42,5.831820407840946e-42,5.831820407840946e-42,5.831820407840946e-42,5.831820407840946e-42,5.831820407840946e-42,5.831820407840946e-42,5.831820407840946e-42,5.831820407840946e-42,5.831820407840946e-42,5.831820407840946e-42,5.831820407840946e-42,5.831820407840946e-42,5.831820407840946e-42,5.831820407840946e-42,5.831820407840946e-42,5.831820407840946e-42,5.831820407840946e-42,5.831820407840946e-42,5.831820407840946e-42,5.831820407840946e-42,5.831820407840946e-42,5.831820407840946e-42,5.831820407840946e-42,5.831820407840946e-42,5.831820407840946e-42,5.831820407840946e-42,5.831820407840946e-42,5.831820407840946e-42,5.831820407840946e-42,5.831820407840946e-42,5.831820407840946e-42,5.831820407840946e-42,5.831820407840946e-42,5.831820407840946e-42,5.831820407840946e-42,5.831820407840946e-42,5.831820407840946e-42,5.831820407840946e-42,5.831820407840946e-42,5.831820407840946e-42,5.831820407840946e-42,5.831820407840946e-42,5.831820407840946e-42,5.831820407840946e-42,5.831820407840946e-42,5.831820407840946e-42,5.831820407840946e-42,5.831820407840946e-42,5.831820407840946e-42,5.831820407840946e-42,5.831820407840946e-42,5.831820407840946e-42,5.831820407840946e-42,5.831820407840946e-42,5.831820407840946e-42,5.831820407840946e-42,5.831820407840946e-42,5.831820407840946e-42,5.831820407840946e-42,5.831820407840946e-42,5.831820407840946e-42,5.831820407840946e-42,5.831820407840946e-42,5.831820407840946e-42,5.831820407840946e-42,5.831820407840946e-42,5.831820407840946e-42,5.831820407840946e-42,5.831820407840946e-42,5.831820407840946e-42,5.831820407840946e-42,5.831820407840946e-42,5.831820407840946e-42,5.831820407840946e-42,5.831820407840946e-42,5.831820407840946e-42,5.831820407840946e-42,5.831820407840946e-42,5.831820407840946e-42,5.831820407840946e-42,5.831820407840946e-42,5.831820407840946e-42,5.831820407840946e-42,5.831820407840946e-42,5.831820407840946e-42,5.831820407840946e-42,5.831820407840946e-42,5.831820407840946e-42,5.831820407840946e-42,5.831820407840946e-42,5.831820407840946e-42,5.831820407840946e-42,5.831820407840946e-42,5.831820407840946e-42,5.831820407840946e-42,5.831820407840946e-42,5.831820407840946e-42,5.831820407840946e-42,5.831820407840946e-42,5.831820407840946e-42,5.831820407840946e-42,5.831820407840946e-42,5.831820407840946e-42,5.831820407840946e-42,5.831820407840946e-42,5.831820407840946e-42,5.831820407840946e-42,5.831820407840946e-42,5.831820407840946e-42,5.831820407840946e-42,5.831820407840946e-42,5.831820407840946e-42,5.831820407840946e-42,5.831820407840946e-42,5.831820407840946e-42,5.831820407840946e-42,5.831820407840946e-42,5.831820407840946e-42,5.831820407840946e-42,5.831820407840946e-42,5.831820407840946e-42,5.831820407840946e-42,5.831820407840946e-42,5.831820407840946e-42,5.831820407840946e-42,5.831820407840946e-42,5.831820407840946e-42,5.831820407840946e-42,5.831820407840946e-42,5.831820407840946e-42,5.831820407840946e-42,5.831820407840946e-42,5.831820407840946e-42,5.831820407840946e-42,5.831820407840946e-42,5.831820407840946e-42,5.831820407840946e-42,5.831820407840946e-42,5.831820407840946e-42,5.831820407840946e-42,5.831820407840946e-42,5.831820407840946e-42,5.831820407840946e-42,5.831820407840946e-42,5.831820407840946e-42,5.831820407840946e-42,5.831820407840946e-42,5.831820407840946e-42,5.831820407840946e-42,5.831820407840946e-42,5.831820407840946e-42,5.831820407840946e-42,5.831820407840946e-42,5.831820407840946e-42,5.831820407840946e-42,5.831820407840946e-42,5.831820407840946e-42,5.831820407840946e-42,5.831820407840946e-42,5.831820407840946e-42,5.831820407840946e-42,5.831820407840946e-42,5.831820407840946e-42,5.831820407840946e-42,5.831820407840946e-42,5.831820407840946e-42,5.831820407840946e-42,5.831820407840946e-42,5.831820407840946e-42,5.831820407840946e-42,5.831820407840946e-42,5.831820407840946e-42,5.831820407840946e-42,5.831820407840946e-42,5.831820407840946e-42,5.831820407840946e-42,5.831820407840946e-42,5.831820407840946e-42,5.831820407840946e-42,5.831820407840946e-42,5.831820407840946e-42,5.831820407840946e-42,5.831820407840946e-42,5.831820407840946e-42,5.831820407840946e-42,5.831820407840946e-42,5.831820407840946e-42,5.831820407840946e-42,5.831820407840946e-42,5.831820407840946e-42,5.831820407840946e-42,5.831820407840946e-42,5.831820407840946e-42,5.831820407840946e-42,5.831820407840946e-42,5.831820407840946e-42,5.831820407840946e-42,5.831820407840946e-42,5.831820407840946e-42,5.831820407840946e-42,5.831820407840946e-42,5.831820407840946e-42,5.831820407840946e-42,5.831820407840946e-42,5.831820407840946e-42,5.831820407840946e-42,5.831820407840946e-42,5.831820407840946e-42,5.831820407840946e-42,5.831820407840946e-42,5.831820407840946e-42,5.831820407840946e-42,5.831820407840946e-42,5.831820407840946e-42,5.831820407840946e-42,5.831820407840946e-42,5.831820407840946e-42,5.831820407840946e-42,5.831820407840946e-42,5.831820407840946e-42,5.831820407840946e-42,5.831820407840946e-42,5.831820407840946e-42,5.831820407840946e-42,5.831820407840946e-42,5.831820407840946e-42,5.831820407840946e-42,5.831820407840946e-42,5.831820407840946e-42,5.831820407840946e-42,5.831820407840946e-42,5.831820407840946e-42,5.831820407840946e-42,5.831820407840946e-42,5.831820407840946e-42,5.831820407840946e-42,5.831820407840946e-42,5.831820407840946e-42,5.831820407840946e-42,5.831820407840946e-42,5.831820407840946e-42,5.831820407840946e-42,5.831820407840946e-42,5.831820407840946e-42,5.831820407840946e-42,5.831820407840946e-42,5.831820407840946e-42,5.831820407840946e-42,5.831820407840946e-42,5.831820407840946e-42,5.831820407840946e-42,5.831820407840946e-42,5.831820407840946e-42,5.831820407840946e-42,5.831820407840946e-42,5.831820407840946e-42,5.831820407840946e-42,5.831820407840946e-42,5.831820407840946e-42,5.831820407840946e-42,5.831820407840946e-42,5.831820407840946e-42,5.831820407840946e-42,5.831820407840946e-42,5.831820407840946e-42,5.831820407840946e-42,5.831820407840946e-42,5.831820407840946e-42,5.831820407840946e-42,5.831820407840946e-42,5.831820407840946e-42,5.831820407840946e-42,5.831820407840946e-42,5.831820407840946e-42,5.831820407840946e-42,5.831820407840946e-42,5.831820407840946e-42,5.831820407840946e-42,5.831820407840946e-42,5.831820407840946e-42,5.831820407840946e-42,5.831820407840946e-42,5.831820407840946e-42,5.831820407840946e-42,5.831820407840946e-42,5.831820407840946e-42,5.831820407840946e-42,5.831820407840946e-42,5.831820407840946e-42,5.831820407840946e-42,5.831820407840946e-42,5.831820407840946e-42,5.831820407840946e-42,5.831820407840946e-42,5.831820407840946e-42,5.831820407840946e-42,5.831820407840946e-42,5.831820407840946e-42,5.831820407840946e-42,5.831820407840946e-42,5.831820407840946e-42,5.831820407840946e-42,5.831820407840946e-42,5.831820407840946e-42,5.831820407840946e-42,5.831820407840946e-42,5.831820407840946e-42,5.831820407840946e-42,5.831820407840946e-42,5.831820407840946e-42,5.831820407840946e-42,5.831820407840946e-42,5.831820407840946e-42,5.831820407840946e-42,5.831820407840946e-42,5.831820407840946e-42,5.831820407840946e-42,5.831820407840946e-42,5.831820407840946e-42,5.831820407840946e-42,5.831820407840946e-42,5.831820407840946e-42,5.831820407840946e-42,5.831820407840946e-42,5.831820407840946e-42,5.831820407840946e-42,5.831820407840946e-42,5.831820407840946e-42,5.831820407840946e-42,5.831820407840946e-42,5.831820407840946e-42,5.831820407840946e-42,5.831820407840946e-42,5.831820407840946e-42,5.831820407840946e-42,5.831820407840946e-42,5.831820407840946e-42,5.831820407840946e-42,5.831820407840946e-42,5.831820407840946e-42,5.831820407840946e-42,5.831820407840946e-42,5.831820407840946e-42,5.831820407840946e-42,5.831820407840946e-42,5.831820407840946e-42,5.831820407840946e-42,5.831820407840946e-42,5.831820407840946e-42,5.831820407840946e-42,5.831820407840946e-42,5.831820407840946e-42,5.831820407840946e-42,5.831820407840946e-42,5.831820407840946e-42,5.831820407840946e-42,5.831820407840946e-42,5.831820407840946e-42,5.831820407840946e-42,5.831820407840946e-42,5.831820407840946e-42,5.831820407840946e-42,5.831820407840946e-42,5.831820407840946e-42,5.831820407840946e-42,5.831820407840946e-42,5.831820407840946e-42,5.831820407840946e-42,5.831820407840946e-42,5.831820407840946e-42,5.831820407840946e-42,5.831820407840946e-42,5.831820407840946e-42,5.831820407840946e-42,5.831820407840946e-42,5.831820407840946e-42,5.831820407840946e-42,5.831820407840946e-42,5.831820407840946e-42,5.831820407840946e-42,5.831820407840946e-42,5.831820407840946e-42,5.831820407840946e-42,5.831820407840946e-42,5.831820407840946e-42,5.831820407840946e-42,5.831820407840946e-42,5.831820407840946e-42,5.831820407840946e-42,5.831820407840946e-42,5.831820407840946e-42,5.831820407840946e-42,5.831820407840946e-42,5.831820407840946e-42,5.831820407840946e-42,5.831820407840946e-42,5.831820407840946e-42,5.831820407840946e-42,5.831820407840946e-42,5.831820407840946e-42,5.831820407840946e-42,5.831820407840946e-42,5.831820407840946e-42,5.831820407840946e-42,5.831820407840946e-42,5.831820407840946e-42,5.831820407840946e-42,5.831820407840946e-42,5.831820407840946e-42,5.831820407840946e-42,5.831820407840946e-42,5.831820407840946e-42,5.831820407840946e-42,5.831820407840946e-42,5.831820407840946e-42,5.831820407840946e-42,5.831820407840946e-42,5.831820407840946e-42,5.831820407840946e-42,5.831820407840946e-42,5.831820407840946e-42,5.831820407840946e-42,5.831820407840946e-42,5.831820407840946e-42,5.831820407840946e-42,5.831820407840946e-42,5.831820407840946e-42,5.831820407840946e-42,5.831820407840946e-42,5.831820407840946e-42,5.831820407840946e-42,5.831820407840946e-42,5.831820407840946e-42,5.831820407840946e-42,5.831820407840946e-42,5.831820407840946e-42,5.831820407840946e-42,5.831820407840946e-42,5.831820407840946e-42,5.831820407840946e-42,5.831820407840946e-42,5.831820407840946e-42,5.831820407840946e-42,5.831820407840946e-42,5.831820407840946e-42,5.831820407840946e-42,5.831820407840946e-42,5.831820407840946e-42,5.831820407840946e-42,5.831820407840946e-42,5.831820407840946e-42,5.831820407840946e-42,5.831820407840946e-42,5.831820407840946e-42,5.831820407840946e-42,5.831820407840946e-42,5.831820407840946e-42,5.831820407840946e-42,5.831820407840946e-42,5.831820407840946e-42,5.831820407840946e-42,5.831820407840946e-42,5.831820407840946e-42,5.831820407840946e-42,5.831820407840946e-42,5.831820407840946e-42,5.831820407840946e-42,5.831820407840946e-42,5.831820407840946e-42,5.831820407840946e-42,5.831820407840946e-42,5.831820407840946e-42,5.831820407840946e-42,5.831820407840946e-42,5.831820407840946e-42,5.831820407840946e-42,5.831820407840946e-42,5.831820407840946e-42,5.831820407840946e-42,5.831820407840946e-42,5.831820407840946e-42,5.831820407840946e-42,5.831820407840946e-42,5.831820407840946e-42,5.831820407840946e-42,5.831820407840946e-42,5.831820407840946e-42,5.831820407840946e-42,5.831820407840946e-42,5.831820407840946e-42,5.831820407840946e-42,5.831820407840946e-42,5.831820407840946e-42,5.831820407840946e-42,5.831820407840946e-42,5.831820407840946e-42,5.831820407840946e-42,5.831820407840946e-42,5.831820407840946e-42,5.831820407840946e-42,5.831820407840946e-42,5.831820407840946e-42,5.831820407840946e-42,5.831820407840946e-42,5.831820407840946e-42,5.831820407840946e-42,5.831820407840946e-42,5.831820407840946e-42,5.831820407840946e-42,5.831820407840946e-42,5.831820407840946e-42,5.831820407840946e-42,5.831820407840946e-42,5.831820407840946e-42,5.831820407840946e-42,5.831820407840946e-42,5.831820407840946e-42,5.831820407840946e-42,5.831820407840946e-42,5.831820407840946e-42,5.831820407840946e-42,5.831820407840946e-42,5.831820407840946e-42,5.831820407840946e-42,5.831820407840946e-42,5.831820407840946e-42,5.831820407840946e-42,5.831820407840946e-42,5.831820407840946e-42,5.831820407840946e-42,5.831820407840946e-42,5.831820407840946e-42,5.831820407840946e-42,5.831820407840946e-42,5.831820407840946e-42,5.831820407840946e-42,5.831820407840946e-42,5.831820407840946e-42,5.831820407840946e-42,5.831820407840946e-42,5.831820407840946e-42,5.831820407840946e-42,5.831820407840946e-42,5.831820407840946e-42,5.831820407840946e-42,5.831820407840946e-42,5.831820407840946e-42,5.831820407840946e-42,5.831820407840946e-42,5.831820407840946e-42,5.831820407840946e-42,5.831820407840946e-42,5.831820407840946e-42,5.831820407840946e-42,5.831820407840946e-42,5.831820407840946e-42,5.831820407840946e-42,5.831820407840945e-42,5.831820407840945e-42,5.831820407840945e-42,5.831820407840946e-42,5.831820407840946e-42,5.831820407840946e-42,5.831820407840946e-42,5.831820407840944e-42,5.831820407840945e-42,5.831820407840944e-42,5.831820407840946e-42,5.831820407840946e-42,5.831820407840944e-42,5.831820407840946e-42,5.831820407840946e-42,5.831820407840945e-42,5.831820407840946e-42,5.831820407840946e-42,5.831820407840944e-42,5.831820407840946e-42,5.831820407840946e-42,5.831820407840945e-42,5.831820407840942e-42,5.83182040784094e-42,5.831820407840942e-42,5.831820407840945e-42,5.831820407840944e-42,1.3704373818346136e-37,1.3704373818346136e-37,1.3704373818346132e-37,1.3704373818346136e-37,1.3563115404278367e-37,1.3563115404278373e-37,1.3563115404278363e-37,1.356311540427836e-37,1.3563115404278359e-37,1.3563115404278352e-37,1.3563115404278357e-37,1.3563115404278357e-37,1.3563115404278344e-37,1.356311540427835e-37,1.3563115404278346e-37,1.3563115404278344e-37,1.3563115404278346e-37,1.3563115404278342e-37,1.3563114556312583e-37,1.356311455631258e-37,1.356311455631258e-37,1.6209801095538186e-37,1.6209801095538188e-37,1.6209801095538186e-37,1.6209801095538186e-37,1.6154912673762117e-37,1.6154912673762117e-37,1.6154912673762121e-37,1.6154912673762121e-37,1.6154912673762115e-37,1.6154912673762113e-37,1.6154912673762121e-37,1.58752912551918e-33,1.58752912551918e-33,1.58752912551918e-33,1.5875291255191796e-33,1.58752912551918e-33,1.5875291255191796e-33,1.58752912551918e-33,1.5875291255191803e-33,1.5875291255191806e-33,1.587529125519181e-33,1.587529241511757e-33,1.587529241511757e-33,1.5875292415117575e-33,1.587529241511757e-33,1.588568005737689e-33,1.5885680060119914e-33,1.5885680060119917e-33,1.5885680058359734e-33,1.5885680058359734e-33,1.5886372938887008e-33,1.5886372938887008e-33,1.6600535104597447e-33,1.660053512221799e-33,1.6600535122217998e-33,1.659813604116076e-33,1.6598136041160772e-33,1.659813604351893e-33,1.6598136043518926e-33,1.6598136043518926e-33,1.65981360435189e-33,1.659808750168397e-33,1.6598087501683975e-33,1.6598087501683975e-33,1.6598087501683978e-33,5.820967616519871e-34,5.820967616519872e-34,5.820967616519871e-34,5.820967616519872e-34,5.820967616519874e-34,5.820967616519875e-34,5.82124098489891e-34,5.821241566472055e-34,5.821241566472056e-34,5.821241587007081e-34,5.896556397001351e-34,5.896556397001349e-34,5.89668347913528e-34,5.896683479156932e-34,5.896683479156933e-34,6.017041234509343e-34,6.017041234509368e-34,5.992356173004111e-34,5.992356173004109e-34,5.992356173004112e-34,5.992367285884659e-34,5.99747970863844e-34,5.99747970863844e-34,5.99747970863844e-34,5.99747970863844e-34,5.99747970863844e-34,5.99747970863844e-34,5.99725555504909e-34,5.99725555504909e-34,5.997255554863965e-34,6.345991198883594e-34,6.329831726067408e-34,6.394134453224068e-34,2.1800522761227831e-29,2.1800522761227837e-29,2.1800522761227834e-29,2.1800522761227826e-29,2.681151789097817e-29,2.681188496124416e-29,2.930702791910767e-29,2.930702791910767e-29,2.9307027919107887e-29,3.0188835261443036e-29,3.195057725288059e-29,3.1952704113818647e-29,3.1952704113819656e-29,3.195270411381963e-29,3.1143523178911066e-29,3.114352317891102e-29,2.865763854896331e-29,3.0542537033324575e-29,3.054253703704962e-29,3.054248464014592e-29,3.059787311984049e-29,2.473188386280256e-29,8.230064628086e-29,8.230068048865911e-29,8.582352639102173e-29,1.004953980912664e-28,1.9165763351018457e-27,1.9165763351018464e-27,1.9165763351018468e-27,1.9165763351018468e-27,1.916576335101856e-27,1.916576335101856e-27,1.916576335101856e-27,1.9165763351018565e-27,1.916576335101859e-27,1.9165763351018583e-27,1.916576335101855e-27,1.9165763351018565e-27,1.916574185018236e-27,1.916574185018231e-27,1.916574185018231e-27,1.916574185018232e-27,1.9165741850182335e-27,1.9165741850182338e-27,1.916574185018231e-27,1.9165741850182306e-27,1.9165741850182324e-27,1.9165741850182356e-27,1.9165741850182205e-27,1.916574185018219e-27,1.916574185018247e-27,1.9165741850182478e-27,1.9165741850182503e-27,1.9165741850182503e-27,1.9165741850182514e-27,1.9165741850182758e-27,1.9165741850182776e-27,1.9165741850182837e-27,1.9165741850183185e-27,1.916574185018318e-27,1.9165741850183235e-27,1.916392610700296e-27,1.9163926107001486e-27,1.916392610700138e-27,1.9163926107001378e-27,1.9163926107001306e-27,1.916392610700141e-27,1.9163926107001403e-27,1.9163926107001407e-27,1.9163926107001396e-27,1.9163926107001407e-27,1.9163926107001403e-27,1.9163926107001314e-27,1.91639261070014e-27,1.9163926107004065e-27,1.9163926107004047e-27,1.9163926107003638e-27,1.916392610700364e-27,1.9163926107003444e-27,1.9163926107003455e-27,1.916392610700293e-27,1.916392610700311e-27,1.9163926107003068e-27,1.916392610700307e-27,1.9163926107004104e-27,1.9163926107003753e-27,1.9163926107003344e-27,1.916392610700344e-27,1.9163926107003423e-27,1.916392610700347e-27,1.916392610700441e-27,1.9163926107003943e-27,1.9163926107003947e-27,1.9163926107003864e-27,1.916392610700384e-27,1.9163926107003868e-27,1.9163926107003853e-27,1.9163926107004022e-27,1.916392610700404e-27,1.9163926107003943e-27,1.916392610700385e-27,1.916392610700371e-27,1.9163926107003717e-27,1.9163926107003713e-27,1.9163926107003696e-27,1.9163926107003696e-27,1.9163926107003825e-27,1.9163926107003767e-27,1.916392610700369e-27,1.9163926107003774e-27,1.9163926107003753e-27,1.9163926107003746e-27,1.9163926107003696e-27,1.916392610700372e-27,1.9163926107003713e-27,1.916392610700358e-27,1.916392610700387e-27,1.9163926107003868e-27,1.916392610700359e-27,1.9163926107003778e-27,1.916392610700381e-27,1.9163926107003832e-27,1.9163926107003818e-27,1.9163926107003724e-27,1.9163926107003713e-27,1.9163926107003703e-27,1.9163926107003774e-27,1.9163926107003767e-27,1.9163926107003728e-27,1.9163926107003724e-27,1.916392610700372e-27,1.9163926107003713e-27,1.916392610700375e-27,1.9163926108572863e-27,1.916392610857293e-27,1.9163926108572935e-27,1.9163926108572953e-27,1.916392610857295e-27,1.916392610857295e-27,1.916392610857294e-27,1.916392610857295e-27,1.9163926108572927e-27,1.9163926047470094e-27,1.9163926047470076e-27,1.9163926047470058e-27,1.9163926047470083e-27,1.91639260474701e-27,1.916392604747008e-27,1.9163926047470083e-27,1.9163926047470076e-27,1.916392604747006e-27,1.9163926047470065e-27,1.9163926047470037e-27,1.9163926047470144e-27,1.9163926047470166e-27,1.916392604746993e-27,1.916392604746993e-27,1.9163926047469882e-27,1.9163926047469886e-27,1.916392604746989e-27,1.9163926047469904e-27,1.9163926047469886e-27,1.9163926047469875e-27,1.916392604746987e-27,1.9163926047469854e-27,1.9163926047469864e-27,1.916392604746985e-27,1.9163926047469825e-27,1.916392604746978e-27,1.91639260474697e-27,1.9163926047469685e-27,1.916392604746968e-27,1.916392604746966e-27,1.916392604746966e-27,1.916392604746966e-27,1.9163926047469674e-27,1.9163926047469685e-27,1.9163926047469692e-27,1.91639260474697e-27,1.916392613154366e-27,1.9163926131543647e-27,1.916392613154365e-27,1.9163926131543557e-27,1.916392613154356e-27,1.9163926131543557e-27,1.9163926131543564e-27,1.916392613154358e-27,1.9163926131543582e-27,1.91639261315436e-27,1.91639261315436e-27,1.9163926131543604e-27,1.91639261315436e-27,1.916392613154359e-27,1.91639261315436e-27,1.9163926131543593e-27,1.916392613154359e-27,1.9163926131543604e-27,1.9163926131543604e-27,1.9163926131543604e-27,1.9163926131543597e-27,1.9163926131543607e-27,1.9163926131543625e-27,1.9163926131543632e-27,1.916392613154361e-27,1.9163926131543568e-27,1.9163926131543575e-27,1.9163926131543575e-27,1.9163926131543554e-27,1.9163926131543557e-27,1.9163926131543564e-27,1.9163926131543564e-27,1.916392613154363e-27,1.9163926378963587e-27,1.9163926378963598e-27,1.916392637896359e-27,1.9163926378963583e-27,1.9163926378963598e-27,1.916392637896363e-27,1.9163926378963612e-27,1.9163926378963612e-27,1.9163926378963612e-27,1.9163926406730727e-27,1.9163926406730734e-27,1.916392640673066e-27,1.91639264067306e-27,1.9163926406730605e-27,1.9163926406730594e-27,1.9163926406730594e-27,1.9163926406730648e-27,1.916392640673065e-27,1.9163926406730655e-27,1.916392640673066e-27,1.9163926406730666e-27,1.9163926406730637e-27,1.9163926406730648e-27,1.9163926406730645e-27,1.9163926406730648e-27,1.916392640673073e-27,1.916392640673074e-27,1.9163926406730752e-27,1.916392640673074e-27,1.9163926406730777e-27,1.916392640673076e-27,1.9163926406730752e-27,1.9163926406730788e-27,1.9163926406730745e-27,1.916392640673075e-27,1.9163926406730745e-27,1.916392640673076e-27,1.9163926406730767e-27,1.9163926406730767e-27,1.9163926406730756e-27,1.9163926406730756e-27,1.9163926406730824e-27,1.9163926406730828e-27,1.916392640673084e-27,1.9163926406730845e-27,1.9163926415866508e-27,1.9163926415866483e-27,1.916392641586646e-27,1.916392641586646e-27,1.916392641586642e-27,1.9163926415866433e-27,1.916392641586643e-27,1.916392641586643e-27,1.9163926415866425e-27,1.916392641586642e-27,1.916392641586642e-27,1.9163926415866415e-27,1.9163926415866425e-27,1.9163926415866436e-27,1.9163926415866443e-27,1.9163926415866443e-27,1.9163926415866447e-27,1.9163926415866447e-27,1.916392641586645e-27,1.916392641586646e-27,1.9163926415866458e-27,1.9163926415866447e-27,1.916392641586645e-27,1.9163926415866447e-27,1.9163926415866454e-27,1.916392641586644e-27,1.9163926415866422e-27,1.9163926415866422e-27,1.916392641586641e-27,1.916392641586641e-27,1.9163926415866407e-27,1.9163926415561123e-27,1.9163926430124625e-27,1.9163926430124582e-27,1.9163926430124575e-27,1.9163926430124586e-27,1.9163926430124586e-27,1.9163926430124586e-27,1.9163926430124582e-27,1.9163926430124596e-27,1.916392643012459e-27,1.916392642707358e-27,1.91639264270736e-27,1.916392642707359e-27,1.9163926427073588e-27,1.9163926427073595e-27,1.916392747231239e-27,1.916392747231239e-27,1.916392747231239e-27,1.9163927472312396e-27,1.9163927472312392e-27,1.9163927472312392e-27,1.9163927472312424e-27,1.9163927472312324e-27,1.9163927472312342e-27,1.9163927472312335e-27,1.9163927472312342e-27,1.916392747231234e-27,1.9163927472312345e-27,1.9163927472312342e-27,1.9163927472312345e-27,1.916392747231235e-27,1.916392747231238e-27,1.916392747231238e-27,1.9163927472312378e-27,1.916392747231236e-27,1.916392747231236e-27,1.9163927472312353e-27,1.9163927472312363e-27,1.9163927472312356e-27,1.916392747231236e-27,1.916392747231236e-27,1.9163927472312356e-27,1.9163927472312345e-27,1.9163927472312342e-27,1.9163927472312353e-27,1.9163927472312345e-27,1.916392747231235e-27,1.9163927472312363e-27,1.9163927472312363e-27,1.916392747231236e-27,1.9163927472312367e-27,1.9163927472312378e-27,1.9163927472312374e-27,1.916392747231237e-27,1.9163927472312374e-27,1.9163927472312396e-27,1.9163927472312392e-27,1.91639274723124e-27,1.9163927472312403e-27,1.9163927472312417e-27,1.9163927472312428e-27,1.916392747231242e-27,1.916392747231242e-27,1.9163927472312442e-27,1.9163927472312446e-27,1.9163927472312442e-27,1.9163927472312442e-27,1.9163927472312442e-27,1.916392747231245e-27,1.9163927472312442e-27,1.9163927472312442e-27,1.9163927472312446e-27,1.9163927472312442e-27,1.9163927472312446e-27,1.916392747231244e-27,1.9163927473333104e-27,1.9163927473333093e-27,1.916392747333309e-27,1.9163927473333093e-27,1.9163927473333093e-27,1.9163927473333093e-27,1.916392747333309e-27,1.916392747333309e-27,1.9163927473333104e-27,1.9163927473333108e-27,1.9163927473333104e-27,1.9163927473333104e-27,1.91639274733331e-27,1.9163927473333108e-27,1.9163927473333097e-27,1.9163927473333104e-27,1.9163927473333108e-27,1.9163927473333108e-27,1.9163927473333108e-27,1.9163927660715294e-27,1.91639276607153e-27,1.9163927660715294e-27,1.9163927660715305e-27,1.91639276607153e-27,1.9163927660715298e-27,1.9163927660715294e-27,1.9163927660715298e-27,1.9163927660715305e-27,1.916392766071531e-27,1.9163927660715298e-27,1.91639276607153e-27,1.91639276607153e-27,1.9163927660715294e-27,1.9163927660715294e-27,1.9163927660715298e-27,1.9163927660715294e-27,1.9163927660715287e-27,1.916392766071529e-27,1.916392766071529e-27,1.9163927660715294e-27,1.9163927660715298e-27,1.9163927660715294e-27,1.91639276607153e-27,1.9163927660715284e-27,1.9163927660715273e-27,1.916392766071527e-27,1.9163927660715266e-27,1.916392766071528e-27,1.916392766071528e-27,1.9163927660715277e-27,1.916392766071528e-27,1.9163927660715287e-27,1.9163927660715294e-27,1.9163927660715298e-27,1.9163927660715287e-27,1.9163927660715294e-27,1.916392766071529e-27,1.9163927660715284e-27,1.916392766071529e-27,1.916392766071528e-27,1.9163927660715294e-27,1.916392766071529e-27,1.9163927660715284e-27,1.9163927869531294e-27,1.9163927869531287e-27,1.9163927869531294e-27,1.9163927869531276e-27,1.91639278695313e-27,1.9163927869531283e-27,1.916392786953842e-27,1.916392786953842e-27,1.9163927869538433e-27,1.9163927869538426e-27,1.9163927869538433e-27,1.9163927869538436e-27,1.916392786953844e-27,1.9163927869538444e-27,1.9163927869538447e-27,1.916392786953844e-27,1.9163927869538447e-27,1.9163927869538444e-27,1.9163927869538447e-27,1.9163927869538447e-27,1.9163927869538436e-27,1.9163927869538436e-27,1.9163927869538444e-27,1.9163927869538447e-27,1.916392786953772e-27,1.9163927869537726e-27,1.916392786953772e-27,1.916392786953773e-27,1.9163927869537723e-27,1.916392786953772e-27,1.916392786953772e-27,1.916392786953772e-27,1.916392786953771e-27,1.9163927869537708e-27,1.916392786953772e-27,1.9163927869537715e-27,1.9163927869537705e-27,1.9163927869537694e-27,1.9163927869537687e-27,1.9163927869537687e-27,1.9163927869537683e-27,1.916392786953768e-27,1.916392786953768e-27,1.9163927869537665e-27,1.9163927869537672e-27,1.9163927869537676e-27,1.9163927468404684e-27,1.9163927468404684e-27,1.9163927468404684e-27,1.9163927468404688e-27,1.9163927468404688e-27,1.916392746840469e-27,1.9163927468404684e-27,1.9163927468404688e-27,1.916392746840469e-27,1.9163927468404688e-27,1.9163927468404695e-27,1.9163927468404688e-27,1.9163927468404688e-27,1.9163927468404688e-27,1.916392746840469e-27,1.9163927468404684e-27,1.9163927468404684e-27,1.9163927468404673e-27,1.9163927468404673e-27,1.9163927468404684e-27,1.9163927468404677e-27,1.9163927468404688e-27,1.9163927468404688e-27,1.9163927468404688e-27,1.9163927468404663e-27,1.9163927468404677e-27,1.916392746840468e-27,1.916392746840469e-27,1.9163927468404688e-27,1.916392746840468e-27,1.916392746840466e-27,1.916392746840467e-27,1.916392746840467e-27,1.916392746840466e-27,1.9163927468404663e-27,1.9163927468404655e-27,1.9163927468404673e-27,1.9163927468404634e-27,1.9163927468404638e-27,1.916392746840464e-27,1.9163927468404638e-27,1.9163927468404634e-27,1.916392746840464e-27,1.916392746840463e-27,1.9163927470063222e-27,1.9163927470063222e-27,1.9163927470063233e-27,1.916392747365801e-27,1.916392747365801e-27,1.9163927473657972e-27,1.9163927473657976e-27,1.916392747365797e-27,1.916392747365796e-27,1.9163927473657958e-27,1.916392747365795e-27,1.916392747365794e-27,1.9163927473657947e-27,1.916392747365792e-27,1.9163927473657743e-27,1.9163927473657743e-27,1.916392747365775e-27,1.9163927473657746e-27,1.916392747365774e-27,1.916392747365773e-27,1.916392747365773e-27,1.9163927473657743e-27,1.9163927473657743e-27,1.916392747365772e-27,1.9163927473657736e-27,1.916392747365773e-27,1.9163927473657732e-27,1.9163927473657718e-27,1.9163927473657718e-27,1.9163927473657714e-27,1.916392747365771e-27,1.9163927473657703e-27,1.9163927473657707e-27,1.916392747365772e-27,1.9163927473657725e-27,1.916392747365772e-27,1.9163927473657743e-27,1.9163927473657753e-27,1.9163927473657775e-27,1.9163927473657768e-27,1.9163927473657764e-27,1.916392747365776e-27,1.916392747365777e-27,1.9163927473657746e-27,1.916392747365775e-27,1.916392747365775e-27,1.9163927473657743e-27,1.916392747365772e-27,1.9163927473657725e-27,1.9163927473657628e-27,1.9163927473657628e-27,1.916392747365762e-27,1.916392747365762e-27,1.916392747365763e-27,1.916392747365763e-27,1.9163927473657635e-27,1.9163927473657653e-27,1.9163927473657653e-27,1.9163927473657646e-27,1.916392747365765e-27,1.9163927473657657e-27,1.916392747365766e-27,1.9163927473657667e-27,1.9163927473657653e-27,1.9163927473657653e-27,1.916392747365764e-27,1.9163927473657657e-27,1.9163927473657653e-27,1.9163927473657653e-27,1.9163927473657653e-27,1.9163927473657653e-27,1.9163927473657653e-27,1.9163927473657657e-27,1.9163927473657657e-27,1.9163927473657657e-27,1.916392747365764e-27,1.9163927473657628e-27,1.9163927473657628e-27,1.9163927473657635e-27,1.916392747365763e-27,1.9163927473657624e-27,1.9163927473657628e-27,1.916392747365763e-27,1.9163927473657624e-27,1.9163927473657624e-27,1.9163927473657646e-27,1.916392747365764e-27,1.9163927473657635e-27,1.9163927473657642e-27,1.916392747365765e-27,1.9163927473421808e-27,1.9163927473421815e-27,1.9163927473421808e-27,1.91639274734218e-27,1.9163927473421804e-27,1.9163927473421808e-27,1.9163927473421804e-27,1.9163927473421808e-27,1.9163927473421786e-27,1.916392747342178e-27,1.916392747342178e-27,1.916392747342177e-27,1.916392747342177e-27,1.916392747342177e-27,1.916392747342176e-27,1.916392747342177e-27,1.9163927473421783e-27,1.9163927473421776e-27,1.9163927473421783e-27,1.9163927473421794e-27,1.916392747342178e-27,1.9163927473421786e-27,1.9163927473421804e-27,1.9163927473421808e-27,1.916392747342181e-27,1.916392747342181e-27,1.91639274734218e-27,1.9163927473421808e-27,1.9163927473421804e-27,1.9163927473421804e-27,1.9163927473421794e-27,1.916392747342179e-27,1.9163927473421786e-27,1.9163927473421776e-27,1.9163927473421804e-27,1.9163927473421804e-27,1.91639274734218e-27,1.9163927473421804e-27,1.9163927473421804e-27,1.9163927473421797e-27,1.9163927473421772e-27,1.9163927473421765e-27,1.9163927473421786e-27,1.916392747342178e-27,1.9163927473421794e-27,1.916392747342179e-27,1.916392747342179e-27,1.9163927473421794e-27,1.916392747342179e-27,1.9163927473421794e-27,1.91639235213683e-27,1.91639235213683e-27,1.91639235213683e-27,1.91639235213683e-27,1.91639235213683e-27,1.91639235213683e-27,1.91639235213683e-27,1.91639235213683e-27,1.91639235213683e-27,1.91639235213683e-27,1.91639235213683e-27,1.9163923521368302e-27,1.9163923521368302e-27,1.9163923521368302e-27,1.9163923521368302e-27,1.9163923521368302e-27,1.9163923521368302e-27,1.9163923521368302e-27,1.9163923521368302e-27,1.91639235213683e-27,1.91639235213683e-27,1.91639235213683e-27,1.91639235213683e-27,1.91639235213683e-27,1.91639235213683e-27,1.91639235213683e-27,1.91639235213683e-27,1.91639235213683e-27,1.91639235213683e-27,1.91639235213683e-27,1.91639235213683e-27,1.91639235213683e-27,1.91639235213683e-27,1.91639235213683e-27,1.9163923521368302e-27,1.9163923521368302e-27,1.9163923521368302e-27,1.9163923521368302e-27,1.9163923521368302e-27,1.9163923521368302e-27,1.9163923521368302e-27,1.9163923521368302e-27,1.9163923521368302e-27,1.9163923521368302e-27,1.9163923521368302e-27,1.9163923521368302e-27,1.9163923521368302e-27,1.9163923521368302e-27,1.9163923521368302e-27,1.9163923521368302e-27,1.9163923521368302e-27,1.9163923521368302e-27,1.9163923521368302e-27,1.9163923521368302e-27,1.9163923521368302e-27,1.9163923521368302e-27,1.9163923521368302e-27,1.9163923521368302e-27,1.9163923521368302e-27,1.9163923521368302e-27,1.9163923521368302e-27,1.9163923521368302e-27,1.9163923521368302e-27,1.9163923521368302e-27,1.9163923521368302e-27,1.9163923521368302e-27,1.9163923521368302e-27,1.9163923521368302e-27,1.9163923521368302e-27,1.9163923521368302e-27,1.9163923521368302e-27,1.9163923521368302e-27,1.91639235213683e-27,1.91639235213683e-27,1.91639235213683e-27,1.91639235213683e-27,1.91639235213683e-27,1.91639235213683e-27,1.91639235213683e-27,1.9163923521368302e-27,1.9163923521368302e-27,1.9163923521368302e-27,1.9163923521368302e-27,1.9163923521368302e-27,1.9163923521368302e-27,1.9163923521368302e-27,1.9163923521368302e-27,1.9163923521368295e-27,1.9163923521368295e-27,1.9163923521368295e-27,1.9163923521368295e-27,1.9163923521368295e-27,1.9163923521368295e-27,1.9163923521368295e-27,1.9163923521368295e-27,1.9163923521368295e-27,1.9163923521368295e-27,1.9163923521368295e-27,1.9163923521368295e-27,1.9163923521368295e-27,1.9163923521368295e-27,1.9163923521368295e-27,1.91639235213683e-27,1.91639235213683e-27,1.91639235213683e-27,1.91639235213683e-27,1.91639235213683e-27,1.91639235213683e-27,1.91639235213683e-27,1.9163923521368295e-27,1.9163923521368295e-27,1.9163923521368295e-27,1.9163923521368295e-27,1.9163923521368295e-27,1.9163923521368295e-27,1.9163923521368295e-27,1.9163923521368295e-27,1.91639235213683e-27,1.91639235213683e-27,1.91639235213683e-27,1.91639235213683e-27,1.91639235213683e-27,1.91639235213683e-27,1.91639235213683e-27,1.91639235213683e-27,1.9163923521368295e-27,1.9163923521368295e-27,1.9163923521368295e-27,1.9163923521368295e-27,1.9163923521368295e-27,1.9163923521368295e-27,1.9163923521368295e-27,1.91639235213683e-27,1.91639235213683e-27,1.91639235213683e-27,1.91639235213683e-27,1.91639235213683e-27,1.91639235213683e-27,1.91639235213683e-27,1.91639235213683e-27,1.91639235213683e-27,1.91639235213683e-27,1.91639235213683e-27,1.91639235213683e-27,1.91639235213683e-27,1.91639235213683e-27,1.91639235213683e-27,1.91639235213683e-27,1.91639235213683e-27,1.91639235213683e-27,1.91639235213683e-27,1.91639235213683e-27,1.91639235213683e-27,1.91639235213683e-27,1.91639235213683e-27,1.9163923521368302e-27,1.9163923521368302e-27,1.9163923521368302e-27,1.9163923521368302e-27,1.9163923521368302e-27,1.9163923521368302e-27,1.9163923521368302e-27,1.91639235213683e-27,1.91639235213683e-27,1.91639235213683e-27,1.91639235213683e-27,1.91639235213683e-27,1.91639235213683e-27,1.91639235213683e-27,1.91639235213683e-27,1.91639235213683e-27,1.91639235213683e-27,1.91639235213683e-27,1.91639235213683e-27,1.91639235213683e-27,1.91639235213683e-27,1.91639235213683e-27,1.91639235213683e-27,1.91639235213683e-27,1.91639235213683e-27,1.91639235213683e-27,1.91639235213683e-27,1.91639235213683e-27,1.91639235213683e-27,1.91639235213683e-27,1.91639235213683e-27,1.91639235213683e-27,1.91639235213683e-27,1.91639235213683e-27,1.91639235213683e-27,1.91639235213683e-27,1.91639235213683e-27,1.91639235213683e-27,1.91639235213683e-27,1.91639235213683e-27,1.91639235213683e-27,1.91639235213683e-27,1.91639235213683e-27,1.91639235213683e-27,1.91639235213683e-27,1.91639235213683e-27,1.91639235213683e-27,1.91639235213683e-27,1.91639235213683e-27,1.91639235213683e-27,1.91639235213683e-27,1.91639235213683e-27,1.91639235213683e-27,1.91639235213683e-27,1.91639235213683e-27,1.91639235213683e-27,1.91639235213683e-27,1.91639235213683e-27,1.91639235213683e-27,1.91639235213683e-27,1.91639235213683e-27,1.916392352136835e-27,1.9163923521367244e-27,1.9163923521367226e-27,1.916392352136722e-27,1.916392352135949e-27,1.916392352135949e-27,1.9163923521359492e-27,1.9163923521359492e-27,1.916392352135949e-27,1.9163923521359517e-27,1.9163923521359847e-27,1.9163923521359843e-27,1.9163923521359775e-27,1.9163923521359754e-27,1.916392352135922e-27,1.9163923521359244e-27,1.9163923521359237e-27,1.9163923521359237e-27,1.9163923521359237e-27,1.9163923521359284e-27,1.916392352135929e-27,1.9163923521359305e-27,1.9163923521359305e-27,1.916392352136401e-27,1.916392352136401e-27,1.916392352136631e-27,1.9163923521367908e-27,1.916392352136791e-27,1.916392352136791e-27,1.916392352136792e-27,1.916392352136792e-27,1.9163923521368754e-27,1.9163923521368747e-27,1.9163923521368744e-27,1.9163923521362157e-27,1.9163923521362157e-27,1.9163923521362157e-27,1.9163923521362157e-27,1.9163923521362082e-27,1.916392352136105e-27,1.9163923521361085e-27,1.916392352136108e-27,1.9163923521359097e-27,1.916392352135851e-27,1.91639235213585e-27,1.916392352135851e-27,1.916392352135849e-27,1.9163923521358495e-27,1.9163923521358495e-27,1.916392352135849e-27,1.9163923521358495e-27,1.9163923521359775e-27,1.916392352135952e-27,1.916392352135952e-27,1.9163923521359495e-27,1.9163923521359495e-27,1.9163923521350107e-27,1.9163923521350115e-27,1.9163923521336192e-27,1.9163923521336178e-27,1.9163923521336178e-27,1.9163923521290798e-27,1.91639235212916e-27,1.9163923521291598e-27,1.9163923521291595e-27,1.91639235212916e-27,1.91639235212916e-27,1.916392352129365e-27,1.916392352129366e-27,1.9163923521293682e-27,1.916392352129368e-27,1.916392352129368e-27,1.9163923521293686e-27,1.9163923521293686e-27,1.9163923521293686e-27,1.9163923520350862e-27,1.916392352035084e-27,1.9163923520357136e-27,1.916392352036112e-27,1.916392352035807e-27,1.9163923520358076e-27,1.9163923520357993e-27,1.9163923520358e-27,1.91639235203401e-27,1.9163923520340096e-27,1.91639235203401e-27,1.9163923520340096e-27,1.9163923520345972e-27,1.916392352034468e-27,1.9163923520341338e-27,1.9163923520341334e-27,1.916392352034133e-27,1.9163923520346848e-27,1.9163923520348964e-27,1.9163923520349025e-27,1.9163923520349014e-27,1.916392352034902e-27,1.916392352034902e-27,1.9163923520349025e-27,1.9163923520349014e-27,1.9163923520349014e-27,1.9163923520349025e-27,1.9163923520349337e-27,1.9163923520349337e-27,1.9163923520356168e-27,1.9163923520356268e-27,1.9163923520356264e-27,1.916392352035626e-27,1.9163923520356264e-27,1.9163923520356268e-27,1.9163923520356264e-27,1.9163923520356275e-27,1.9163923520356275e-27,1.9163923520356264e-27,1.916392352044698e-27,1.916392352044701e-27,1.9163923520460042e-27,1.916392352046004e-27,1.916392352046008e-27,1.916392352046008e-27,1.916392352045988e-27,1.916392352045988e-27,1.9163923520455888e-27,1.9163923520456935e-27,1.9163923520456932e-27,1.9163923520456925e-27,1.916392352045693e-27,1.91639235204569e-27,1.9163923520456903e-27,1.9163923520223594e-27,1.9163923520223594e-27,1.916392352022358e-27,1.9163923520223587e-27,1.9163923530344533e-27,1.91639235303467e-27,1.9163923530346707e-27,1.916392353034689e-27,1.916392353034676e-27,1.9163923530346765e-27,1.9163923530346757e-27,1.9163923530346686e-27,1.9163923530346682e-27,1.916392353034669e-27,1.9163923530346682e-27,1.916392353034668e-27,1.916392353034664e-27,1.916392353034664e-27,1.9163923530347048e-27,1.916392353034705e-27,1.916392353034705e-27,1.916392353034705e-27,1.9163923530340146e-27,1.9163923530340605e-27,1.916392353033996e-27,1.9163923530339967e-27,1.9163923530268263e-27,1.916392353026827e-27,1.916392353026845e-27,1.9163923530269892e-27,1.9163923530538407e-27,1.9163923530542475e-27,1.916392353053561e-27,1.9163923530534514e-27,1.916392353044088e-27,1.916392353044088e-27,1.916392353044089e-27,1.9163923530440885e-27,1.9163923530472934e-27,1.916392353047233e-27,1.9163923530472325e-27,1.9163923529946538e-27,1.916392352994653e-27,1.9163923529946538e-27,1.916392352994641e-27,1.916392352994673e-27,1.9163923529997492e-27,1.916392352971762e-27,1.916392352971723e-27,1.916392352971722e-27,1.9163923529717236e-27,1.9163923529717028e-27,1.9163923529717024e-27,1.9163923529708092e-27,1.916392352964778e-27,1.916392352964779e-27,1.9163923529647785e-27,1.916392352964779e-27,1.916392352964778e-27,1.916392352810216e-27,1.9163923528097053e-27,1.916392352809705e-27,1.9163923528098334e-27,1.916392352809834e-27,1.9163923528098334e-27,1.9163923528077144e-27,1.9163923528076753e-27,1.9163923528076745e-27,1.9163923528076742e-27,1.9163923528135926e-27,1.916392352813593e-27,1.9163923528135933e-27,1.9163923528135936e-27,1.9163923528135936e-27,1.9163923528135936e-27,1.9163923528135936e-27,1.91639235281399e-27,1.9163923528139897e-27,1.91639235281399e-27,1.9163923528126656e-27,1.916392352812665e-27,1.916392352812296e-27,1.9163923528059268e-27,1.916392352805926e-27,1.9163923527948807e-27,1.9163923527948814e-27,1.9163923527948807e-27,1.9163923527951516e-27,1.9163923527951512e-27,1.9163923527955236e-27,1.9163923527955243e-27,1.9163923527956046e-27,1.9163923527953047e-27,1.9163923527953047e-27,1.9163923527948854e-27,1.916392352794875e-27,1.91639235279472e-27,1.9163923527947196e-27,1.9163923527573684e-27,1.9163923527573684e-27,1.9163923527573684e-27,1.9163923527573925e-27,1.916392352757392e-27,1.9163923527573907e-27,1.9163923527573903e-27,1.9163923527565925e-27,1.916392352755443e-27,1.916392352755444e-27,1.9163923527554435e-27,1.916392352755443e-27,1.916392352755443e-27,1.916392352755443e-27,1.9163923527554435e-27,1.916392352755444e-27,1.9163923527551615e-27,1.9163923527551615e-27,1.9163923527522554e-27,1.9163923527517754e-27,1.9163923527517754e-27,1.916392352750659e-27,1.9163923527508033e-27,1.9163923527507534e-27,1.91639235275074e-27,1.9163923527457258e-27,1.9163923527285974e-27,1.9163923527285977e-27,1.916392352728597e-27,1.9163923527291247e-27,1.9163923527283803e-27,1.916392352735133e-27,1.916392352730994e-27,1.9163923527342897e-27,1.91639235273429e-27,1.9163923527342908e-27,1.9163923527428703e-27,1.9163923527428706e-27,1.9163923527428735e-27,1.9163923527435278e-27,1.916392352743527e-27,1.9163923527479366e-27,1.9163923527479377e-27,1.9163923527479377e-27,1.916392352747937e-27,1.9163923527479373e-27,1.9163923526930036e-27,1.916392352693004e-27,1.9163923526930032e-27,1.916392352693231e-27,1.9163923526927837e-27,1.9163923526927833e-27,1.9163923526956263e-27,1.9163923507529687e-27,1.9163923507529687e-27,1.9163923507529683e-27,1.9163923507565234e-27,1.9163923507565234e-27,1.9163923507602477e-27,1.916392350760378e-27,1.9163923506700158e-27,1.916392350657229e-27,1.9163923506572273e-27,1.916392350656332e-27,1.916392350656332e-27,1.9163923506563315e-27,1.916392350654712e-27,1.9164027183517676e-27,1.9164027183517673e-27,1.916402718351768e-27,1.9164027183517676e-27,1.91640271835164e-27,1.9164027183513522e-27,1.916402718350742e-27,1.9164027183502678e-27,1.9164027183502685e-27,1.9164027183502638e-27,1.9164027183502645e-27,1.916402718349205e-27,1.916402718349205e-27,1.916402718349205e-27,1.9164027183492052e-27,1.9164027183348283e-27,1.9164027183348283e-27,1.9164027183348283e-27,1.916402718334333e-27,1.9164027183343318e-27,1.9164027183430712e-27,1.916402718343279e-27,1.9164027183432793e-27,1.9164027183432793e-27,1.9164027183432786e-27,1.9164027182448535e-27,1.9164027182448535e-27,1.916402718244872e-27,1.916402718244871e-27,1.9164027182429383e-27,1.9164027183243946e-27,1.9164027183578994e-27,1.9164027183580666e-27,1.9164027183580662e-27,1.916402718358066e-27,1.9164027183580662e-27,1.9164027183580662e-27,1.9164027183580673e-27,1.916402718358067e-27,1.916402718358067e-27,1.9164027183575855e-27,1.916402718358022e-27,1.9164027183580214e-27,1.916402718358022e-27,1.916402718358022e-27,1.916402718358021e-27,1.9164027183580218e-27,1.9164027183579888e-27,1.9164027183409285e-27,1.916402718340929e-27,1.9164027183409292e-27,1.9164027183409285e-27,1.916402718340929e-27,1.9164027183409285e-27,1.916402718341568e-27,1.9164027172793055e-27,1.916402717279305e-27,1.916402717279902e-27,1.916402718673597e-27,1.9164027186735976e-27,1.9164027186729332e-27,1.9164027186719732e-27,1.9164027186719732e-27,1.916402718671973e-27,1.9164027186719736e-27,1.9164027186724866e-27,1.9164027186704436e-27,1.9164027186704458e-27,1.9164027186704454e-27,1.9164027186696264e-27,1.9164027186696268e-27,1.9164027186696264e-27,1.916402718669626e-27,1.9164027186696268e-27,1.916402718669627e-27,1.916402718669626e-27,1.916402718669626e-27,1.916402718669626e-27,1.9164027186696257e-27,1.9164027186696253e-27,1.916402718669626e-27,1.9164027186823743e-27,1.916402718692217e-27,1.9164027186922172e-27,1.9164027186923675e-27,1.9164027186923672e-27,1.9164027186923672e-27,1.9164027186923675e-27,1.916402718692368e-27,1.9164027186922233e-27,1.916402718692222e-27,1.9164027186922215e-27,1.9164027186922215e-27,1.9164027186919604e-27,1.9164027186919604e-27,1.916402718691959e-27,1.9164027186898787e-27,1.9164027189158015e-27,1.9164027189150905e-27,1.91640271891509e-27,1.9164027189150984e-27,1.9164027189150984e-27,1.916402718915098e-27,1.9164027189157674e-27,1.91640271891537e-27,1.9164027189157796e-27,1.9164027191734177e-27,1.9164027194707415e-27,1.9164027194707695e-27,1.9164027194707702e-27,1.916402719464934e-27,1.91640271946536e-27,1.9164027194680155e-27,1.916402719468013e-27,1.9164027194680127e-27,1.9164027194732652e-27,1.9164027194726138e-27,1.91640271947284e-27,1.916402719480038e-27,1.9164027194800374e-27,1.9164027194800377e-27,1.9164027194800377e-27,1.9164027194800377e-27,1.9164027194800384e-27,1.9164027194800384e-27,1.9164027194816083e-27,1.916402719441521e-27,1.9164027194415206e-27,1.91640271944152e-27,1.916402719441521e-27,1.9164027194415206e-27,1.916402719441521e-27,1.9164027194428164e-27,1.9164027194550004e-27,1.9164027194550004e-27,1.916402722362862e-27,1.9164027213149604e-27,1.916402721303562e-27,1.9164027213035574e-27,1.9164027212975598e-27,1.9164027212975605e-27,1.9164027212975598e-27,1.9164027212975612e-27,1.9164027212928015e-27,1.9164027212947724e-27,1.916402721294772e-27,1.9164027211918098e-27,1.916402721191802e-27,1.9164027211917904e-27,1.9164027211917907e-27,1.916402721191791e-27,1.9164027211917907e-27,1.916402721191792e-27,1.91640272119179e-27,1.91640272119179e-27,1.9164027211917897e-27,1.91640272119175e-27,1.9164027211917473e-27,1.9164027211917796e-27,1.9164027211917793e-27,1.9164027211910815e-27,1.916402721191082e-27,1.9164027211910823e-27,1.916402721191083e-27,1.9164027212298214e-27,1.916402721229822e-27,1.916402721229822e-27,1.9164027212298218e-27,1.916402721229822e-27,1.9164027212298225e-27,1.9164027212298225e-27,1.9164027212316875e-27,1.9164027212316868e-27,1.9164027212317e-27,1.9164027212315925e-27,1.9164027212813648e-27,1.9164027212813687e-27,1.916402721281368e-27,1.916402721281368e-27,1.916402721281368e-27,1.9164027212952115e-27,1.916402721295211e-27,1.9164027212952108e-27,1.9164027212932747e-27,1.916402721293182e-27,1.9164027212931818e-27,1.916402721293182e-27,1.9164027212931818e-27,1.9164027212931818e-27,1.9164027212930444e-27,1.9164027212930394e-27,1.9164027212930293e-27,1.916402721293036e-27,1.916402721292682e-27,1.916402721292682e-27,1.916402721292682e-27,1.9164027212925834e-27,1.916402721292548e-27,1.9164027212921024e-27,1.916402721292101e-27,1.916402721292115e-27,1.9164027213510977e-27,1.916402721351098e-27,1.9164027213510977e-27,1.916402721351113e-27,1.9164027213577572e-27,1.9164027213773637e-27,1.9164027213759353e-27,1.9164027214042787e-27,1.916402721390677e-27,1.9164027213906774e-27,1.916402721390677e-27,1.9164027213906767e-27,1.9164027213980863e-27,1.9164027213982743e-27,1.9164027213982692e-27,1.9164027213982692e-27,1.916402721398269e-27,1.916402721398269e-27,1.916402721398268e-27,1.916402721398268e-27,1.916402721398268e-27,1.91640272140383e-27,1.9164027214038303e-27,1.9164027213962323e-27,1.9164027213962327e-27,1.9164027213831788e-27,1.9164027213886713e-27,1.9164027213894814e-27,1.916402721389481e-27,1.916402721236745e-27,1.9164027212711854e-27,1.916402721271199e-27,1.9164027212699718e-27,1.9164027212699715e-27,1.9164027212699715e-27,1.9164027212699715e-27,1.9164027212699715e-27,1.9164027212699718e-27,1.916402721269971e-27,1.9164027212699715e-27,1.9164027212676393e-27,1.916402721267625e-27,1.916402721267667e-27,1.9164027212677914e-27,1.916402720921038e-27,1.9164027209210292e-27,1.9164027209279807e-27,1.9164027209279797e-27,1.916402720927981e-27,1.9164027209279814e-27,1.9164027209279807e-27,1.916402720927981e-27,1.9164027209312283e-27,1.9164027209312283e-27,1.9164027209312283e-27,1.916402720931228e-27,1.916402720931844e-27,1.916402720931873e-27,1.9164027209318995e-27,1.9164027209165716e-27,1.9164027209165734e-27,1.9164027209168647e-27,1.9164027209167165e-27,1.9164027209167155e-27,1.9164027209168952e-27,1.9164027209168945e-27,1.9164027209168952e-27,1.916402720921083e-27,1.9164027209410615e-27,1.9164027217796333e-27,1.916402721774638e-27,1.9164027217746272e-27,1.916398919741044e-27,1.91639891974974e-27,1.9163989197497397e-27,1.91639891974974e-27,1.91639891974974e-27,1.916398919740888e-27,1.9163989197409023e-27,1.9163989197410594e-27,1.9163989197410587e-27,1.916398919742606e-27,1.916398919742606e-27,1.9163989197407567e-27,1.916398919740683e-27,1.9163989197614257e-27,1.9163989197613407e-27,1.9163989197612808e-27,1.9163989197612815e-27,1.91639891976128e-27,1.916398919761324e-27,1.916398919777615e-27,1.916398919777615e-27,1.9163989197776146e-27,1.916398919777615e-27,1.9163989197724564e-27,1.916398919772457e-27,1.916398919738529e-27,1.9163989197385282e-27,1.9163989197386326e-27,1.91639891973863e-27,1.9163989197362477e-27,1.916398919736246e-27,1.9163989197484436e-27,1.916398919748444e-27,1.916398919748444e-27,1.9163989197484436e-27,1.9163989197484436e-27,1.9163989197484436e-27,1.9163989197484436e-27,1.9163989197484436e-27,1.9163989197484446e-27,1.9163989197484762e-27,1.9163989197484777e-27,1.9163989203615908e-27,1.9163989203615904e-27,1.9163989203615908e-27,1.9163989203594815e-27,1.916398920359481e-27,1.91639892035948e-27,1.9163989203594797e-27,1.9163989203670238e-27,1.916398920367102e-27,1.916398920367103e-27,1.916398920367102e-27,1.91639892038151e-27,1.9163989203815105e-27,1.9163989203815098e-27,1.9163989203815105e-27,1.9163989203815098e-27,1.9163989203815098e-27,1.916398920381511e-27,1.9163989203815105e-27,1.9163989203815223e-27,1.916398920381522e-27,1.916398920381522e-27,1.916398920376545e-27,1.916398920394289e-27,1.91639892039429e-27,1.916398920394258e-27,1.9163989203956123e-27,1.9163989203910212e-27,1.91639892039102e-27,1.916398920391016e-27,1.916398920391016e-27,1.9163989203910162e-27,1.9163989203957888e-27,1.9163989203958358e-27,1.9163989203958383e-27,1.9163989203996423e-27,1.916398920383489e-27,1.9163989203834896e-27,1.9163989198831444e-27,1.916398919882412e-27,1.9164032615188173e-27,1.9164032615188177e-27,1.916403261523551e-27,1.916403261517265e-27,1.9164032614973716e-27,1.916403261499336e-27,1.916403261499336e-27,1.9164032614993357e-27,1.9164032614994196e-27,1.9164032614994178e-27,1.9164032614994336e-27,1.916403261511372e-27,1.9164032615113665e-27,1.91640326154461e-27,1.916403261544609e-27,1.9164032615406688e-27,1.9164032615406688e-27,1.9164032615406688e-27,1.9164032615406685e-27,1.9164032615406688e-27,1.9164032615406688e-27,1.916403261544281e-27,1.9164032615429568e-27,1.9164032617466268e-27,1.9164032617465984e-27,1.916403261746598e-27,1.9164032617465984e-27,1.9164032617339144e-27,1.916403261733914e-27,1.916403261733914e-27,1.9164032617338997e-27,1.9164032617342067e-27,1.9164032617342067e-27,1.916403261734207e-27,1.916403261734207e-27,1.9164032617342067e-27,1.916403261734207e-27,1.916403261734207e-27,1.9164032617342067e-27,1.916403261734207e-27,1.916403261734206e-27,1.9164032617342067e-27,1.9164032617342067e-27,1.9164032617342067e-27,1.9164032617342064e-27,1.9164032617342067e-27,1.916403261734408e-27,1.9164032617343194e-27,1.916403261734319e-27,1.916403261734276e-27,1.9164032617342706e-27,1.9164032596547433e-27,1.9164032084765468e-27,1.9164032084765457e-27,1.9164032084765712e-27,1.916403208475473e-27,1.9164032084520504e-27,1.9164032084520744e-27,1.9164032084520744e-27,1.916403208452748e-27,1.9164032084537393e-27,1.916403208458939e-27,1.9164032084593793e-27,1.916403208459332e-27,1.9164032084599974e-27,1.9164032084599967e-27,1.916403208459997e-27,1.916403208459686e-27,1.9164032084596857e-27,1.916403208459686e-27,1.9164032084596867e-27,1.916403208459686e-27,1.9164032084596864e-27,1.9164032084600835e-27,1.9164032084610463e-27,1.916403208461508e-27,1.9164032084614865e-27,1.9164032084614865e-27,1.9164032084614858e-27,1.9164032084615324e-27,1.916403208461532e-27,1.9164032084615317e-27,1.9164032084615317e-27,1.9164032084593416e-27,1.916403208461518e-27,1.9164032084692875e-27,1.9164032084692882e-27,1.9164032084692886e-27,1.9164032084692886e-27,1.9164032084679207e-27,1.9164032084679218e-27,1.916403208487299e-27,1.9164032084970685e-27,1.91640320849645e-27,1.9164032084961002e-27,1.9164032084961002e-27,1.916403208496014e-27,1.916403208496018e-27,1.9164032084960184e-27,1.916403208496018e-27,1.916403208496019e-27,1.9164032084960188e-27,1.916403208495458e-27,1.916403208394707e-27,1.916403208395015e-27,1.916403208349653e-27,1.916403208349653e-27,1.916403208349653e-27,1.9164032083259983e-27,1.9164032083259987e-27,1.9164032083449376e-27,1.9164032083449358e-27,1.9164032083447126e-27,1.9164032083447794e-27,1.9164032083301183e-27,1.9164032083311935e-27,1.9164032083538327e-27,1.916403208346163e-27,1.9164032083116863e-27,1.9164032083116863e-27,1.9164032083116128e-27,1.9164032083116124e-27,1.9164032083116135e-27,1.9164032083128748e-27,1.9164032083128744e-27,1.9164032083149005e-27,1.9164032083066547e-27,1.916403208306656e-27,1.9164032083066587e-27,1.9164032083083662e-27,1.9164032083081367e-27,1.9164032083081356e-27,1.9164032083081463e-27,1.9164032083083996e-27,1.9164032719858803e-27,1.9164032719858803e-27,1.916403271990139e-27,1.9164032719901385e-27,1.9164032719901385e-27,1.9164032719901385e-27,1.9164032719901388e-27,1.9164032719901367e-27,1.9164032719901413e-27,1.9164032719944303e-27,1.9164032719944475e-27,1.916403271996204e-27,1.9164032721032543e-27,1.916403272103255e-27,1.9164032721032547e-27,1.9164032721032547e-27,1.916403272103254e-27,1.9164032721032543e-27,1.9164032721032543e-27,1.9164032721032543e-27,1.916403272103255e-27,1.916403272103255e-27,1.9164032721032554e-27,1.9164032721032554e-27,1.9164032721032554e-27,1.9164032721226553e-27,1.916403272122656e-27,1.9164032721216433e-27,1.9164032685645306e-27,1.916403268564531e-27,1.9164032685645306e-27,1.9164032685645302e-27,1.9164032685640883e-27,1.916403268569189e-27,1.916403268567271e-27,1.9164032685547573e-27,1.9164032685547573e-27,1.9164032685551354e-27,1.9164032685551372e-27,1.91640326855514e-27,1.9164032685551408e-27,1.9164032685551408e-27,1.9164032685551408e-27,1.916403268554731e-27,1.9164032685547307e-27,1.9164032685529923e-27,1.9164032685529762e-27,1.9164032685522985e-27,1.9164032685522975e-27,1.9164032685509293e-27,1.9164032685509267e-27,1.916403268550928e-27,1.9164032685507635e-27,1.9164032685507804e-27,1.9164032684796646e-27,1.9164032684796646e-27,1.9164032684835364e-27,1.916403268491746e-27,1.916403268491746e-27,1.9164032684917463e-27,1.9164032684917438e-27,1.916403268491743e-27,1.9164032684917427e-27,1.916403268469035e-27,1.9164032684704387e-27,1.9164032684704476e-27,1.9164032684692018e-27,1.9164032684692014e-27,1.9164032694515854e-27,1.916403269450514e-27,1.9164032694505143e-27,1.9164032694505157e-27,1.916403269450516e-27,1.9164032694503173e-27,1.9164032694503166e-27,1.9164032694503166e-27,1.9164032694503166e-27,1.9164032694503155e-27,1.916403269450528e-27,1.916403269451333e-27,1.916403269451311e-27,1.916403269450846e-27,1.916403269450846e-27,1.916403269450846e-27,1.9164032694425156e-27,1.9164032694377003e-27,1.916403269438052e-27,1.9164032694380523e-27,1.916403269438056e-27,1.9164032694380555e-27,1.9164032695910236e-27,1.9164032695910236e-27,1.916403269591024e-27,1.9164032695910236e-27,1.9164032695910244e-27,1.916403269591828e-27,1.9164032696331657e-27,1.9164032695821192e-27,1.9164032695821192e-27,1.9164032695723068e-27,1.916403269573481e-27,1.9164032695734813e-27,1.916403269573481e-27,1.9164032695627903e-27,1.916403269622532e-27,1.916403269620512e-27,1.916403269620769e-27,1.916403269620739e-27,1.916403269620756e-27,1.9164032696207558e-27,1.9164032696195493e-27,1.916403269622139e-27,1.9164032696222395e-27,1.9164032696222438e-27,1.9164032696222535e-27,1.916403269622252e-27,1.916403269620972e-27,1.9164032696216192e-27,1.9164032696216207e-27,1.916403269620621e-27,1.9164032696213484e-27,1.9164032696213487e-27,1.916403269612723e-27,1.916403269612723e-27,1.916403269612723e-27,1.916403269612041e-27,1.916403269612041e-27,1.9164032696112834e-27,1.9164032696148514e-27,1.9164032696148485e-27,1.9164032696126e-27,1.9164032696148984e-27,1.9164032696148984e-27,1.9164032696148984e-27,1.9164032696148984e-27,1.9164032696148984e-27,1.9164032696148984e-27,1.9164005694524197e-27,1.916400569531583e-27,1.9164005695311514e-27,1.9164005695309462e-27,1.9164005695306983e-27,1.916400569531818e-27,1.9164005695318204e-27,1.916400569531813e-27,1.916400569530874e-27,1.9164005695308748e-27,1.9164005693252996e-27,1.9164005693252996e-27,1.9164005693253e-27,1.916400569325781e-27,1.916400569325836e-27,1.9164005693258352e-27,1.9164005693257538e-27,1.916400569325754e-27,1.9164005693257538e-27,1.9164005693243113e-27,1.9164005693273476e-27,1.9164005693273462e-27,1.916400569325742e-27,1.916400569325742e-27,1.9164005693259665e-27,1.916400569325966e-27,1.9164005693259658e-27,1.916400569325966e-27,1.916400569326224e-27,1.916400569326224e-27,1.9164005693262248e-27,1.9164005693192087e-27,1.916400569319208e-27,1.916400569318895e-27,1.916400569318153e-27,1.916400569318153e-27,1.9164005693181526e-27,1.9164005693181547e-27,1.916400569318177e-27,1.916400569318271e-27,1.9164005692487264e-27,1.9164005692487214e-27,1.9164005692487214e-27,1.916400569248722e-27,1.9164005692487217e-27,1.9164005692471666e-27,1.9164005692471673e-27,1.916400569247432e-27,1.9164005692475853e-27,1.9164005692562178e-27,1.916400569256228e-27,1.9164005692659147e-27,1.916400569265916e-27,1.9164005693231347e-27,1.916400569930352e-27,1.9164005699319796e-27,1.916400569931572e-27,1.916400569931442e-27,1.9164005699310372e-27,1.9164005699398757e-27,1.916400569939139e-27,1.916400569939117e-27,1.9164005699405795e-27,1.91640056994074e-27,1.9164005699407384e-27,1.9164005699407334e-27,1.9164005699477552e-27,1.9164005699434877e-27,1.9164005699393498e-27,1.9164005699398384e-27,1.916400569939854e-27,1.9164005699398538e-27,1.91640056993974e-27,1.9164005699397627e-27,1.9164005699398176e-27,1.9164005699398226e-27,1.916400569938817e-27,1.9164005699408274e-27,1.916400569940882e-27,1.916400569940685e-27,1.916400569940685e-27,1.916400569940685e-27,1.9164005699406843e-27,1.9164005699406096e-27,1.916400569940611e-27,1.916400569940511e-27,1.916400569940512e-27,1.9164005699511754e-27,1.916400569951314e-27,1.9164005699507593e-27,1.9164005700070645e-27,1.9164005699743097e-27,1.9164005699743115e-27,1.916400569974284e-27,1.9164005712976176e-27,1.9164005712976176e-27,1.9164005712968466e-27,1.91640057129683e-27,1.9164005712967964e-27,1.9164005712967975e-27,1.9164005712967964e-27,1.916400571296955e-27,1.9164005712969557e-27,1.9164005712969873e-27,1.9164005712969873e-27,1.9164005712969873e-27,1.916400571296987e-27,1.916400571297818e-27,1.916400571327303e-27,1.9164005713265382e-27,1.9164005713265386e-27,1.916400571326539e-27,1.9164005713265174e-27,1.9164005713265174e-27,1.9164005713265167e-27,1.9164005713265167e-27,1.9164005713265174e-27,1.916400571323696e-27,1.9164005713458323e-27,1.916400571348186e-27,1.9164005713466125e-27,1.9164005713456626e-27,1.916400571301128e-27,1.9164005713204405e-27,1.9164005713204405e-27,1.916400571321051e-27,1.9164005713210636e-27,1.916400571321027e-27,1.9164005713212688e-27,1.9164005713212684e-27,1.9164005713212688e-27,1.916400571321261e-27,1.9164005713212602e-27,1.9164005713212602e-27,1.9163957750438178e-27,1.9163957751045035e-27,1.9163957750939725e-27,1.916395775093911e-27,1.916395775093904e-27,1.9163957750914015e-27,1.9163957750919457e-27,1.916395775092161e-27,1.9163957750922628e-27,1.9163957750922625e-27,1.9163957750922628e-27,1.9163957750922628e-27,1.9163957750922628e-27,1.916395775092263e-27,1.9163957750903038e-27,1.9163957750906514e-27,1.9163957750906514e-27,1.916395775090651e-27,1.9163957750906514e-27,1.9163957750900817e-27,1.9163957750950398e-27,1.9163957750950405e-27,1.916395775077193e-27,1.9163957750758368e-27,1.9163957750759376e-27,1.9163957750759376e-27,1.9163957750759373e-27,1.9163957750030314e-27,1.916395776420237e-27,1.9163957764202378e-27,1.9163957764211045e-27,1.9163957764253874e-27,1.916395776425387e-27,1.916395776425968e-27,1.9163957764259682e-27,1.9163957764259994e-27,1.9163957764260012e-27,1.916395776425879e-27,1.9163957764254703e-27,1.916395776439937e-27,1.916395776439937e-27,1.9163957764399372e-27,1.916395776439937e-27,1.9163957764399365e-27,1.916395776439937e-27,1.9163957764399372e-27,1.9163957764412255e-27,1.916395776440902e-27,1.9163957764418572e-27,1.9163957764418575e-27,1.9163957764418572e-27,1.916395776448205e-27,1.9163957764474588e-27,1.9163957764474584e-27,1.9163957764490297e-27,1.916395776449029e-27,1.9163957784813625e-27,1.916395778481363e-27,1.916395778481125e-27,1.916395778481126e-27,1.9163957784811264e-27,1.9163957784813754e-27,1.916395778483996e-27,1.9163957784839967e-27,1.9163957784839963e-27,1.9163957784872504e-27,1.9163957784872504e-27,1.9163957784872504e-27,1.916395778487251e-27,1.9163957784872507e-27,1.916395778487251e-27,1.9163957784872507e-27,1.9163957784895534e-27,1.916395778487261e-27,1.91639577848733e-27,1.916395778487329e-27,1.9163957784873304e-27,1.9163957784962915e-27,1.916395778364037e-27,1.916395778364036e-27,1.916395778364036e-27,1.916395778364036e-27,1.916395778364036e-27,1.9163957783640358e-27,1.916395778364035e-27,1.9163957783640355e-27,1.9163957783634174e-27,1.9163957783634174e-27,1.916395778363262e-27,1.9163957783636674e-27,1.9163957783636635e-27,1.9163957783635508e-27,1.9163957781711992e-27,1.91639577817151e-27,1.916395778171509e-27,1.916395778171509e-27,1.91639577817151e-27,1.9163957781715088e-27,1.9163957781714866e-27,1.91639577817097e-27,1.9163957781709696e-27,1.916395778170968e-27,1.9163957781748274e-27,1.9163957781748224e-27,1.91639577817484e-27,1.9163957781748256e-27,1.916395778175005e-27,1.9163957780867163e-27,1.9163957780867945e-27,1.916395778086795e-27,1.916395778086795e-27,1.9163957780879177e-27,1.9163957780875884e-27,1.916395778087588e-27,1.9163957780877e-27,1.9163957780876917e-27,1.9163957780879112e-27,1.9163957780878983e-27,1.916395778087908e-27,1.916395778087908e-27,1.916395778087908e-27,1.916395778087908e-27,1.9163957780879076e-27,1.9163957780879084e-27,1.9163957780879134e-27,1.9163957780858596e-27,1.9163957780858593e-27,1.91639577807843e-27,1.9163957780784364e-27,1.916395778078436e-27,1.9163957780784368e-27,1.9163957780746686e-27,1.916395778074669e-27,1.9163957780746672e-27,1.9163957780746672e-27,1.9163957780746665e-27,1.916395778069784e-27,1.916395778069768e-27,1.916395778069768e-27,1.9163957780697683e-27,1.916395778069768e-27,1.9163957780697683e-27,1.9163957780697683e-27,1.916395778069767e-27,1.916395778069767e-27,1.916395778069767e-27,1.9163957780697665e-27,1.9163957780697673e-27,1.916395778072177e-27,1.916395778072177e-27,1.9163957780539404e-27,1.9163957780539554e-27,1.9163957780539554e-27,1.9163957780539558e-27,1.916395778053955e-27,1.9163957780539558e-27,1.9163957780539554e-27,1.916395778053956e-27,1.916395778053956e-27,1.9163957780539565e-27,1.916395778053956e-27,1.916395778053957e-27,1.9163957780226987e-27,1.9163957783563912e-27,1.916395778351627e-27,1.916395778108549e-27,1.9163957781254476e-27,1.9163957781254382e-27,1.9163957781254537e-27,1.9163957781254397e-27,1.916395778125185e-27,1.9163957781251473e-27,1.9163957781248054e-27,1.916395778124805e-27,1.916395778124805e-27,1.9163957781237307e-27,1.9163957781237303e-27,1.9163957780789128e-27,1.9163957780787614e-27,1.9163957780926386e-27,1.916395778092639e-27,1.9163957780926386e-27,1.9163957780926382e-27,1.916395778092639e-27,1.9163957780926386e-27,1.916395778092639e-27,1.9163957780926433e-27,1.9163957780926253e-27,1.9163957780926257e-27,1.9163957780926253e-27,1.9163957780929044e-27,1.9163957780923333e-27,1.916395778092246e-27,1.9163957780922458e-27,1.9163957780922458e-27,1.9163957780936696e-27,1.9163957780938838e-27,1.916395778093884e-27,1.9163957780938845e-27,1.916395778093569e-27,1.9163957780935702e-27,1.916395778090997e-27,1.916395778089232e-27,1.9163957780892124e-27,1.9163957780892253e-27,1.916395778089222e-27,1.916395778089276e-27,1.9163957780891435e-27,1.916395778089073e-27,1.9163957780883797e-27,1.9163957780880662e-27,1.9163957780880666e-27,1.916395778088094e-27,1.9163957780880935e-27,1.9163957780865337e-27,1.9163957780855676e-27,1.9163957780855504e-27,1.9163957780751504e-27,1.916395778075151e-27,1.9163957780751504e-27,1.9163957780751508e-27,1.9163957780751508e-27,1.9163957780756422e-27,1.9163957780756422e-27,1.9163957780756455e-27,1.9163957780775747e-27,1.916395778077574e-27,1.9163957780775736e-27,1.9163957780775733e-27,1.916395778077574e-27,1.9163957780775744e-27,1.916395778077574e-27,1.9163957780775467e-27,1.916395778145978e-27,1.9163957781459778e-27,1.9163957781453432e-27,1.9163957781453475e-27,1.9163957781464768e-27,1.9163957781464765e-27,1.916395778146477e-27,1.916395778176179e-27,1.9163957781776614e-27,1.9163957781776618e-27,1.9163957781776607e-27,1.9163957781759757e-27,1.9163957781567563e-27,1.9163957814792286e-27,1.9163957814792282e-27,1.916395781480127e-27,1.9163957814801265e-27,1.916395781480192e-27,1.916395781480214e-27,1.916395781480211e-27,1.916395781480921e-27,1.9163957814798312e-27,1.9163957814796454e-27,1.9163957814780243e-27,1.916395781479589e-27,1.9163957814795887e-27,1.916395781469438e-27,1.91639578148747e-27,1.9163957814874694e-27,1.9163957814575654e-27,1.9163957814575633e-27,1.9163957814575654e-27,1.9163957814577158e-27,1.9163957814557237e-27,1.9163957814557266e-27,1.9163957814822617e-27,1.916395781482694e-27,1.9163957814840643e-27,1.9163957814840657e-27,1.9163957814830573e-27,1.9163989713866584e-27,1.9163989712440648e-27,1.91639897124403e-27,1.9163989712440307e-27,1.9163989712626235e-27,1.916398971262624e-27,1.9163989712626235e-27,1.916398971262622e-27,1.916398971265848e-27,1.9163989712658485e-27,1.9163989712658485e-27,1.91639897126585e-27,1.916398971266586e-27,1.916398971266584e-27,1.9163989712668307e-27,1.9163989712664626e-27,1.916398971266463e-27,1.916398971266463e-27,1.916398971266463e-27,1.9163989712664633e-27,1.9163989712681856e-27,1.9163989712682233e-27,1.91639897126716e-27,1.9163989712671604e-27,1.9163989712671604e-27,1.91639897126716e-27,1.9163989712673778e-27,1.9163989712673778e-27,1.9163989712673778e-27,1.916398971267244e-27,1.9163989712718346e-27,1.9163989712624154e-27,1.9163989712319737e-27,1.916398971231974e-27,1.9163989712319737e-27,1.9163989712319737e-27,1.9163989712319748e-27,1.9163989712319777e-27,1.916398971232077e-27,1.9163989712306762e-27,1.9163989712307203e-27,1.916398971230961e-27,1.9163989712327418e-27,1.916398971233171e-27,1.9163989712314306e-27,1.9163989712318414e-27,1.9163989712338047e-27,1.916398971233853e-27,1.9163989712338492e-27,1.916398971233849e-27,1.9163989712338704e-27,1.916398971233858e-27,1.916398971233858e-27,1.9163989712338492e-27,1.9163989712338503e-27,1.9163989712338495e-27,1.9163989712328096e-27,1.91639897123281e-27,1.9163989712328243e-27,1.9163989712328246e-27,1.916398971232825e-27,1.9163989712328243e-27,1.9163989712328243e-27,1.9163989712328246e-27,1.916398971232824e-27,1.9163989712315978e-27,1.9163989712315974e-27,1.916398971244085e-27,1.9163989712440594e-27,1.916398971203023e-27,1.916398971203023e-27,1.9163989712037343e-27,1.9163989712037347e-27,1.916398971203742e-27,1.9163989712037433e-27,1.9163989712059377e-27,1.9163989712059588e-27,1.9163989712059455e-27,1.9163989712059455e-27,1.9163989712059452e-27,1.916398971205945e-27,1.916398971205946e-27,1.9163989712059455e-27,1.9163989712059452e-27,1.916398971205945e-27,1.9163989712059452e-27,1.916398971206219e-27,1.916398971206219e-27,1.9163989712139295e-27,1.91639897121393e-27,1.9163989712139302e-27,1.9163989712139302e-27,1.9163989712139715e-27,1.9163989712139704e-27,1.916398971213971e-27,1.9163989712139585e-27,1.9163989712139582e-27,1.9163989712139585e-27,1.916398971213836e-27,1.9163989712143775e-27,1.9163989712143775e-27,1.9163989712143772e-27,1.916398971214377e-27,1.9163989712143772e-27,1.9163989712143775e-27,1.9163989712130348e-27,1.9163989712130345e-27,1.9163989712130348e-27,1.9163989712129286e-27,1.9163989712129286e-27,1.9163989712129293e-27,1.9163989712129286e-27,1.9163989707121256e-27,1.9163989706803667e-27,1.9163989706810745e-27,1.916398970683373e-27,1.916398970683373e-27,1.9163989706833808e-27,1.916398970683377e-27,1.9163989706833826e-27,1.9163989706809005e-27,1.9163989706822536e-27,1.916398970682254e-27,1.916398970680145e-27,1.9163989706801407e-27,1.9163989706834547e-27,1.9163989706811304e-27,1.9163989706811426e-27,1.9163989706811423e-27,1.9163989706811426e-27,1.916398970681143e-27,1.916398970681143e-27,1.9163989706802393e-27,1.9163989706802393e-27,1.9163989706013975e-27,1.9163989706000784e-27,1.9163989705997068e-27,1.9163989705997064e-27,1.9163989705997064e-27,1.9163989705997068e-27,1.9163989705997068e-27,1.9163989705997068e-27,1.9163989705997068e-27,1.9163989705997064e-27,1.9163989705997064e-27,1.9163989705997064e-27,1.9163989705997064e-27,1.9163989705997068e-27,1.916398970599706e-27,1.916398970599706e-27,1.9163989705997057e-27,1.91639897081465e-27,1.9163989708146596e-27,1.9163989708146596e-27,1.9163989708146585e-27,1.916398970814657e-27,1.9163989708139726e-27,1.9163989708139744e-27,1.9163989708128272e-27,1.916398970812671e-27,1.9163989708126704e-27,1.9163989708126708e-27,1.9163989708126708e-27,1.9163989708125858e-27,1.916398970812711e-27,1.9163989800943416e-27,1.916398980094342e-27,1.9163989800990988e-27,1.9163989800991142e-27,1.916398980091127e-27,1.9163989800911274e-27,1.91639898009688e-27,1.9163989800978543e-27,1.9163989800986783e-27,1.916398980098679e-27,1.9163989800986794e-27,1.9163989800982016e-27,1.916398980098202e-27,1.916398980098202e-27,1.9163989801032967e-27,1.916398980014263e-27,1.916398980014263e-27,1.916398980014263e-27,1.916398980014263e-27,1.9163989800142625e-27,1.9163989800142625e-27,1.9163989800142675e-27,1.916398980015519e-27,1.9163989800155184e-27,1.9163989800138026e-27,1.916398980014329e-27,1.916398980014329e-27,1.916398979916234e-27,1.9163989799355024e-27,1.916398979935474e-27,1.9163989799354734e-27,1.9163989799316278e-27,1.9163989799266285e-27,1.9163989799266486e-27,1.9163989799273133e-27,1.9163989799259092e-27,1.9163989799259092e-27,1.9163989799259096e-27,1.91639897992591e-27,1.9163989799259096e-27,1.91639897992591e-27,1.91639897992591e-27,1.916398979925909e-27,1.916398979925909e-27,1.916398979925909e-27,1.9163989799259092e-27,1.9163989799258296e-27,1.9163989799258296e-27,1.91639897992583e-27,1.9163989799257137e-27,1.916398979925714e-27,1.916398979925714e-27,1.9163989799257137e-27,1.9163989799214703e-27,1.9163989797275212e-27,1.9163989797224437e-27,1.9163989797383054e-27,1.916398979738306e-27,1.916398979738306e-27,1.9163989797383065e-27,1.9163989797894352e-27,1.916398979789433e-27,1.916398979789433e-27,1.916398979789433e-27,1.916398979789433e-27,1.916398979788613e-27,1.916398979788601e-27,1.9163989797899177e-27,1.916398979789918e-27,1.9163989797899177e-27,1.9163989797925974e-27,1.916398979792597e-27,1.916398979790756e-27,1.9163989797907564e-27,1.9163989797888702e-27,1.916398979788662e-27,1.916398979791633e-27,1.9163989797903442e-27,1.9163989797901814e-27,1.91639897979159e-27,1.9163989797916134e-27,1.9163989797913286e-27,1.916398979791362e-27,1.916398979795853e-27,1.9163989797961977e-27,1.916398979796198e-27,1.9163989797961984e-27,1.9163989798125813e-27,1.916398979812583e-27,1.9163989798126703e-27,1.9163989798126796e-27,1.9163989798127614e-27,1.9163989798127654e-27,1.916398979812259e-27,1.9163989798122592e-27,1.9163989798122596e-27,1.9163989799797058e-27,1.9163989799797065e-27,1.9163989799794414e-27,1.9163989799848683e-27,1.9163989799848852e-27,1.916398979984886e-27,1.916398979985082e-27,1.9163989799850864e-27,1.916398979985086e-27,1.9163989799871014e-27,1.916398979987101e-27,1.916398979987102e-27,1.9163989799871473e-27,1.9163989800031274e-27,1.916398980001818e-27,1.916398980001755e-27,1.9163989800051536e-27,1.9163989800051536e-27,1.916398980005154e-27,1.916398980005153e-27,1.9163989800050287e-27,1.9163989800050287e-27,1.9163989800050223e-27,1.916398980001133e-27,1.916398980001145e-27,1.916398980001145e-27,1.9163989800011454e-27,1.916398980001146e-27,1.9163989800011458e-27,1.9163989800011422e-27,1.9163989800030094e-27,1.91639898000301e-27,1.916398980003011e-27,1.9163989800030134e-27,1.9163989800030134e-27,1.9163989800030126e-27,1.9163989800030137e-27,1.9163989798853093e-27,1.916398979885315e-27,1.9163989798853323e-27,1.9163989798853326e-27,1.916398979714229e-27,1.916398979714229e-27,1.9163989834316597e-27,1.916398983432402e-27,1.9163989834426053e-27,1.916398983442621e-27,1.9163989834412052e-27,1.9163989834413498e-27,1.9163989834410535e-27,1.9163989834410524e-27,1.9163989834410524e-27,1.916398983441052e-27,1.9163989834244363e-27,1.9163989834179812e-27,1.916398983418209e-27,1.9163989834400852e-27,1.9163989834400856e-27,1.9163989834400605e-27,1.91639898343882e-27,1.9163989834388218e-27,1.916398983438822e-27,1.9163989834263985e-27,1.916398983426398e-27,1.9163989834276616e-27,1.9163989834150608e-27,1.9163989833672195e-27,1.9163989833295723e-27,1.9163989833295723e-27,1.9163989833303285e-27,1.9163989833303382e-27,1.916398983332134e-27,1.9163989833321344e-27,1.91639898333174e-27,1.9163989833317405e-27,1.9163989833329007e-27,1.9163989834142978e-27,1.916398983418369e-27,1.9163989834183694e-27,1.91639898341943e-27,1.9163989834194294e-27,1.9163989834293337e-27,1.9163989834245697e-27,1.9163989834245905e-27,1.916398983452608e-27,1.9163989834526075e-27,1.9163989834524005e-27,1.916398983452355e-27,1.916398983460785e-27,1.9163989834607837e-27,1.916398983461426e-27,1.9163989834614266e-27,1.9163989834614266e-27,1.916398983461426e-27,1.916398983471228e-27,1.916398983479794e-27,1.9163989834797937e-27,1.9163989834797944e-27,1.916398983479795e-27,1.916398983479794e-27,1.916398983479794e-27,1.916398983478406e-27,1.916398983478405e-27,1.916398983478405e-27,1.9163989834784047e-27,1.916398983478404e-27,1.916398983475556e-27,1.9163989834760037e-27,1.9163989834760065e-27,1.9163989834780452e-27,1.916398983474003e-27,1.9163989834741297e-27,1.9163989835142858e-27,1.9163989835142844e-27,1.9163989835142844e-27,1.9163989835142833e-27,1.9163989835142837e-27,1.916398983513932e-27,1.9163989835139325e-27,1.9163989835139325e-27,1.9163989835139303e-27,1.91639898351464e-27,1.9163989835146402e-27,1.916398944195963e-27,1.916398944196039e-27,1.916399445748746e-27,1.9163994457484128e-27,1.9163994456557888e-27,1.9163994456596613e-27,1.9163994456596617e-27,1.9163994456596613e-27,1.9163994456596617e-27,1.9163994456596617e-27,1.916399445655156e-27,1.9163994456551445e-27,1.9163994456579462e-27,1.9163994456577213e-27,1.916399445657721e-27,1.916399445657721e-27,1.9163994456575125e-27,1.916399445639871e-27,1.9163994456398708e-27,1.9163994456398708e-27,1.9163994456400297e-27,1.9163994456400322e-27,1.9163994456399938e-27,1.916399445639376e-27,1.9163994456393764e-27,1.916399445639376e-27,1.9163994456398568e-27,1.9163994456398442e-27,1.916399445639844e-27,1.916399445639844e-27,1.9163994456398446e-27,1.9163994456399483e-27,1.916399445642547e-27,1.9163994456425473e-27,1.916399445642552e-27,1.916399445642552e-27,1.9163994456425527e-27,1.9163994456425527e-27,1.9163994456425527e-27,1.916399445642552e-27,1.916399445642552e-27,1.9163994456425527e-27,1.916399445642552e-27,1.9163994455816155e-27,1.916399445585626e-27,1.916399445585626e-27,1.916399445584234e-27,1.9163994455842335e-27,1.9163994455842335e-27,1.9163994455842335e-27,1.9163994455842335e-27,1.916399445584232e-27,1.916399445583817e-27,1.9163994455838174e-27,1.916399445583818e-27,1.9163994455838174e-27,1.9163994455175584e-27,1.9163994455175588e-27,1.9163994455175577e-27,1.916399445517536e-27,1.9163994455175523e-27,1.9163994456262533e-27,1.9163994456263315e-27,1.916399445626331e-27,1.9163994456263304e-27,1.916399445626331e-27,1.9163994456272244e-27,1.9163994456272237e-27,1.9163994456272244e-27,1.9163994456272244e-27,1.9163994456283408e-27,1.9163994456281962e-27,1.916399445620709e-27,1.9163994456171408e-27,1.9163994456178328e-27,1.9163994456178166e-27,1.916399445616665e-27,1.916399445616665e-27,1.9163994456166654e-27,1.916399445616668e-27,1.916399445616829e-27,1.9163994456168326e-27,1.9163994456168333e-27,1.916399445616832e-27,1.916399445616833e-27,1.916399445618749e-27,1.916399445618801e-27,1.9163994456173732e-27,1.916399445617374e-27,1.9163994456173725e-27,1.9163994456173736e-27,1.916399445619302e-27,1.9163994456159598e-27,1.916399445615966e-27,1.9163994456157428e-27,1.9163994456157076e-27,1.916399445617122e-27,1.9163994456169783e-27,1.916399445616977e-27,1.9163994456169772e-27,1.916399445616978e-27,1.9163994456169783e-27,1.9163994456169775e-27,1.916399445616978e-27,1.9163994456169783e-27,1.9163994456169783e-27,1.9163994456169704e-27,1.9163994456169707e-27,1.9163994456169707e-27,1.9163994456169707e-27,1.9163994456169707e-27,1.9163994455972917e-27,1.9163994455981294e-27,1.916399445598128e-27,1.9163994455981287e-27,1.9163994455981283e-27,1.9163994455978793e-27,1.9163994455978797e-27,1.9163994455978797e-27,1.916399445597879e-27,1.916399445597879e-27,1.9163994455978793e-27,1.916399445597879e-27,1.916399445488696e-27,1.916399445488696e-27,1.9163994454924163e-27,1.916399445499441e-27,1.9163994454945615e-27,1.9163994454945612e-27,1.9163994454945615e-27,1.916399445494562e-27,1.916399445494561e-27,1.9163994454937476e-27,1.916399445493732e-27,1.916399445493443e-27,1.9163994454934427e-27,1.9163994454933623e-27,1.9163994454933777e-27,1.9163994454939087e-27,1.9163994454872057e-27,1.9163994454822513e-27,1.9163994454822506e-27,1.916399445483168e-27,1.9163994454862192e-27,1.9163994454860933e-27,1.9163994454887106e-27,1.916399445488701e-27,1.916399445484808e-27,1.9163994454848073e-27,1.9163994454848076e-27,1.916399445484807e-27,1.9163994454848073e-27,1.9163994454848073e-27,1.9163994454848073e-27,1.9163994454848076e-27,1.916399445477276e-27,1.916399445494605e-27,1.9163994454946053e-27,1.9163994454946057e-27,1.916399445495343e-27,1.9163994454955506e-27,1.9163994454962002e-27,1.916399445547301e-27,1.9163994455473013e-27,1.916399445547301e-27,1.9163994455473002e-27,1.916399445547301e-27,1.9163994455473006e-27,1.9163994455473006e-27,1.9163994455473002e-27,1.9163994455472995e-27,1.9163994455473268e-27,1.916399445547353e-27,1.9163994455534554e-27,1.9163994455534554e-27,1.916399445555544e-27,1.9163994455555435e-27,1.9163994455543138e-27,1.9163994455543224e-27,1.916399445554327e-27,1.916399445554327e-27,1.9163994455515254e-27,1.916399445551525e-27,1.916399445551525e-27,1.9163994455515257e-27,1.9163994455536914e-27,1.9163994455532886e-27,1.9163994455482118e-27,1.916399445549423e-27,1.9163994455494268e-27,1.9163994455494264e-27,1.916399445549906e-27,1.916399445549903e-27,1.9163994455499032e-27,1.916398358154681e-27,1.9163983581548415e-27,1.9163983581548415e-27,1.9163983581548412e-27,1.916398358154841e-27,1.9163983581548415e-27,1.916398358154853e-27,1.9163983581547587e-27,1.9163983581547587e-27,1.916398358154759e-27,1.9163983581547594e-27,1.916398358154759e-27,1.9163983581949686e-27,1.9163983581949683e-27,1.916398358194968e-27,1.9163983581966396e-27,1.916398358200002e-27,1.9163983581966227e-27,1.9163983581966224e-27,1.9163983581966224e-27,1.916398358196516e-27,1.916398358196477e-27,1.9163983581964448e-27,1.916398358181648e-27,1.9163983581814613e-27,1.916398358181462e-27,1.9163983581814616e-27,1.9163983581814613e-27,1.9163983581814602e-27,1.9163983581817077e-27,1.916398358192611e-27,1.916398358192615e-27,1.9163983581926146e-27,1.916398358192614e-27,1.916398358192615e-27,1.9163983581926146e-27,1.916398358192615e-27,1.9163983581926146e-27,1.9163983581926146e-27,1.9163983581929224e-27,1.9163983581704622e-27,1.916398358170462e-27,1.9163983581704615e-27,1.9163983581704622e-27,1.9163983581704622e-27,1.916398358170318e-27,1.916398358170317e-27,1.916398358170317e-27,1.916398358170317e-27,1.916398358170323e-27,1.91639835817032e-27,1.916398358170322e-27,1.9163983581703212e-27,1.9163983581585042e-27,1.91639835832231e-27,1.9163983583223104e-27,1.91639835832231e-27,1.91639835838847e-27,1.9163983583884703e-27,1.9163983583884703e-27,1.91639835838847e-27,1.916398358389074e-27,1.916398358389038e-27,1.916398358386051e-27,1.916398358386052e-27,1.9163983583860518e-27,1.916398358386051e-27,1.9163983583928885e-27,1.9163983583940278e-27,1.9163983583974605e-27,1.9163983583974677e-27,1.916398358394622e-27,1.916398358394699e-27,1.916398358391852e-27,1.9163983583918525e-27,1.9163983583918557e-27,1.9163983583918586e-27,1.916398358391891e-27,1.91639835839189e-27,1.9163983583918905e-27,1.91639835839189e-27,1.916398358391886e-27,1.916398358391458e-27,1.916398358391458e-27,1.916398358603099e-27,1.9163983586030996e-27,1.9163983585958894e-27,1.91639835859589e-27,1.9163983585958898e-27,1.9163983585958693e-27,1.916398358595858e-27,1.916398358637407e-27,1.9163983586335947e-27,1.916398358633599e-27,1.9163983586369707e-27,1.9163983586373287e-27,1.9163983586373287e-27,1.9163983586373287e-27,1.9163983586373287e-27,1.9163983586373284e-27,1.9163983586373287e-27,1.916398358632071e-27,1.9163983586320715e-27,1.916398358628482e-27,1.9163983586602374e-27,1.9163983586602377e-27,1.9163983586602377e-27,1.9163983586602367e-27,1.9163983586602377e-27,1.916398358643796e-27,1.916398355368114e-27,1.916398355368135e-27,1.916398355368134e-27,1.9163983553680536e-27,1.916398355368069e-27,1.9163983553680683e-27,1.9163983553681085e-27,1.9163983553681135e-27,1.916398355368114e-27,1.916398355368113e-27,1.9163983553681128e-27,1.9163983553681135e-27,1.9163983553539934e-27,1.9163983553392668e-27,1.9163983553392108e-27,1.9163983553392944e-27,1.9163983553392933e-27,1.916398355344675e-27,1.9163983553446754e-27,1.916398355344675e-27,1.9163983553446757e-27,1.9163983553446754e-27,1.9163983553446754e-27,1.9163983553446718e-27,1.916398355346114e-27,1.9163983553461135e-27,1.9163983553461128e-27,1.916398355346113e-27,1.9163983553467542e-27,1.916398355346737e-27,1.9163983553506486e-27,1.916398355344622e-27,1.9163983553455413e-27,1.916398355345541e-27,1.9163983553455417e-27,1.9163983553455403e-27,1.9163983553455213e-27,1.916398355345521e-27,1.9163983553446915e-27,1.9163983553446922e-27,1.9163983553446786e-27,1.9163983553418195e-27,1.916398355341902e-27,1.9163983553419024e-27,1.9163983553419612e-27,1.9163983553410188e-27,1.9163983553410188e-27,1.9163983553349724e-27,1.9163983553349724e-27,1.916398355334972e-27,1.916398355334972e-27,1.916398355334972e-27,1.916398355334972e-27,1.916398355334701e-27,1.916398355334038e-27,1.916398355334038e-27,1.9163983553413076e-27,1.9163983553413087e-27,1.9163983553375804e-27,1.91639835533758e-27,1.916398355334759e-27,1.9163983553345257e-27,1.9163983553345254e-27,1.916398355335842e-27,1.9163983553359546e-27,1.916398355335635e-27,1.916398355329776e-27,1.916398355329776e-27,1.9163983553297765e-27,1.9163983553420394e-27,1.9163983553420394e-27,1.916398355342039e-27,1.9163983553420247e-27,1.916398355342025e-27,1.9163983553420523e-27,1.916398355342015e-27,1.9163983553420426e-27,1.916398355340008e-27,1.9163983553400176e-27,1.916398355339871e-27,1.9163983553398705e-27,1.9163983558297745e-27,1.9163983558298846e-27,1.916398355889292e-27,1.9163983564340158e-27,1.9163983564340155e-27,1.916398356434015e-27,1.9163983564340144e-27,1.9163983564340147e-27,1.916398356434015e-27,1.916398356434014e-27,1.9163983564340147e-27,1.9163983564340144e-27,1.916398356431785e-27,1.916398356431763e-27,1.9163983564317637e-27,1.9163983564317633e-27,1.916398356431701e-27,1.9163983564335035e-27,1.916398356433504e-27,1.9163983563023004e-27,1.9163983563024554e-27,1.9163983563024557e-27,1.9163983563024557e-27,1.916398356304666e-27,1.9163983563046867e-27,1.9163983563046738e-27,1.9163983563046738e-27,1.9163983563048467e-27,1.916398356292422e-27,1.916398356292421e-27,1.9163983562924216e-27,1.9163983562924216e-27,1.916398356292422e-27,1.9163983562924216e-27,1.9163983562924216e-27,1.916398356292423e-27,1.9163983562924227e-27,1.916398356292422e-27,1.9163983562924223e-27,1.916398356292422e-27,1.916398356292422e-27,1.916398356292422e-27,1.916398356286668e-27,1.9163983562866363e-27,1.9163983562866367e-27,1.9163983562936313e-27,1.916398356289202e-27,1.9163983562607222e-27,1.9163983562607222e-27,1.9163983562607237e-27,1.916398356260724e-27,1.916398356260723e-27,1.9163983562608962e-27,1.9163983562609217e-27,1.916398356260924e-27,1.916398356260924e-27,1.916398356260924e-27,1.9163983562609235e-27,1.916398356261374e-27,1.9163983562564917e-27,1.91639835625478e-27,1.9163983562477293e-27,1.9163983562481307e-27,1.9163983562484895e-27,1.916398356248489e-27,1.916398356248489e-27,1.9163983562484873e-27,1.9163983562484873e-27,1.9163983562484877e-27,1.9163983562484877e-27,1.9163983562484877e-27,1.916398356248487e-27,1.9163983562484873e-27,1.9163983562483592e-27,1.916398356250383e-27,1.9163983562529736e-27,1.9163983562529733e-27,1.9163983562528007e-27,1.9163983562528007e-27,1.9163983562528004e-27,1.9163983562528004e-27,1.9163983562528007e-27,1.9163983562528014e-27,1.9163983562528007e-27,1.9163983562528007e-27,1.9163983562528007e-27,1.9163983562528004e-27,1.9163983562528e-27,1.9163983562528e-27,1.916398356252799e-27,1.9163983562522633e-27,1.9163983562616657e-27,1.9163983562610325e-27,1.9163983562594893e-27,1.916398356259725e-27,1.916398356259378e-27,1.9163983562585117e-27,1.916398356255892e-27,1.91639835625567e-27,1.9163983562556706e-27,1.9163983562556706e-27,1.9163983562556706e-27,1.916398356258093e-27,1.916398356258098e-27,1.916398356257978e-27,1.9163983562579776e-27,1.9163983562579776e-27,1.916398356258433e-27,1.916398356258276e-27,1.9163983562582764e-27,1.9163983562583112e-27,1.9163983557119973e-27,1.9163983556941327e-27,1.9163983556941324e-27,1.916398355665488e-27,1.9163983556654765e-27,1.9163983556713496e-27,1.9163983556715064e-27,1.916398355671157e-27,1.9163983556713235e-27,1.9163983556713263e-27,1.9163983556713224e-27,1.9163983556713227e-27,1.916398355671322e-27,1.916398355671323e-27,1.916398355671322e-27,1.916398355671318e-27,1.9163983556713174e-27,1.916398355670943e-27,1.9163983556709436e-27,1.9163983556722056e-27,1.9163983556771733e-27,1.916398355680662e-27,1.916398355680662e-27,1.91639835568051e-27,1.91639835568051e-27,1.9163983556806857e-27,1.9163983556806857e-27,1.9163983556806853e-27,1.9163983556812424e-27,1.916398355689144e-27,1.916398355689143e-27,1.916398289889033e-27,1.9163982898976832e-27,1.9163982898704522e-27,1.9163982898704525e-27,1.9163982898704525e-27,1.916398289870453e-27,1.9163982898704522e-27,1.916398289870453e-27,1.9163982898845593e-27,1.916398289884559e-27,1.916398289868922e-27,1.9163982898689222e-27,1.916398289868922e-27,1.91639828980661e-27,1.916398289806611e-27,1.9163982898084256e-27,1.916398289808961e-27,1.9163982898091014e-27,1.9163982898091032e-27,1.9163982898091025e-27,1.916398289809103e-27,1.9163982898103014e-27,1.9163982898098433e-27,1.9163982898098426e-27,1.9163982898098422e-27,1.9163982898098422e-27,1.9163982898094017e-27,1.9163982898094013e-27,1.9163982898094017e-27,1.9163982898094006e-27,1.9163982898094013e-27,1.916398289809401e-27,1.9163982898094006e-27,1.916398289809582e-27,1.9163982898133108e-27,1.9163982898133535e-27,1.916398289771072e-27,1.916398289771071e-27,1.9163982897709954e-27,1.9163982897501972e-27,1.9163982897510377e-27,1.9163982897510366e-27,1.9163982897517903e-27,1.916398289754999e-27,1.916398289755176e-27,1.9163982897551764e-27,1.9163982897557486e-27,1.9163982897530613e-27,1.916398289760786e-27,1.916398289768376e-27,1.9163982897683914e-27,1.916398289768391e-27,1.9163982915180613e-27,1.9163982915180628e-27,1.916398291518066e-27,1.916398291518066e-27,1.9163982915180908e-27,1.916398291518217e-27,1.9163982915126707e-27,1.9163982915126768e-27,1.9163982915126768e-27,1.9163982915126764e-27,1.9163982915049292e-27,1.9163982915049977e-27,1.9163982915049977e-27,1.9163982915049977e-27,1.916398291504994e-27,1.9163982915049945e-27,1.916398291510208e-27,1.916398291507084e-27,1.9163982937501328e-27,1.9163982937502745e-27,1.916398293750275e-27,1.916398293750275e-27,1.916398293750274e-27,1.9163982937502745e-27,1.9163982937502745e-27,1.9163982937514073e-27,1.9163982937506016e-27,1.9163982937506056e-27,1.9163982937506056e-27,1.9163982697524805e-27,1.9163982697656543e-27,1.916398269766986e-27,1.9163982697669862e-27,1.91639826976696e-27,1.9163982697669586e-27,1.9163982697549884e-27,1.916398269754988e-27,1.916398269754988e-27,1.916398269754988e-27,1.9163982697547563e-27,1.9163982697547326e-27,1.9163982697547323e-27,1.916398269754732e-27,1.916398269753484e-27,1.916398269745766e-27,1.916398269745694e-27,1.9163982697456933e-27,1.9163982697456937e-27,1.9163982697456944e-27,1.9163982697473083e-27,1.9163982697484258e-27,1.9163982697484347e-27,1.9163982697483712e-27,1.9163982697483838e-27,1.9163982697483824e-27,1.916398269748398e-27,1.9163982697483978e-27,1.916398269748398e-27,1.9163982697483974e-27,1.9163982697483967e-27,1.9163982697669206e-27,1.9163982697649325e-27,1.9163982697649314e-27,1.916398269764931e-27,1.9163982697648518e-27,1.916398269765754e-27,1.916398269769022e-27,1.916398269769022e-27,1.9163982697705542e-27,1.916398269770554e-27,1.9163982697698166e-27,1.9163982697637053e-27,1.9163982697636906e-27,1.9163982697636906e-27,1.9163982697637128e-27,1.9163982697155824e-27,1.9163982697155835e-27,1.9163982697167655e-27,1.9163982697167676e-27,1.916398269716772e-27,1.9163982697167716e-27,1.9163982697167802e-27,1.9163982697759596e-27,1.916398269775933e-27,1.9163982697759327e-27,1.9163982697799167e-27,1.9163982697799164e-27,1.9163982697814162e-27,1.916398269781523e-27,1.916398269783105e-27,1.9163982697831012e-27,1.916398269784495e-27,1.916398269784495e-27,1.9163982697844945e-27,1.9163982697844938e-27,1.9163982697844945e-27,1.9163982697844952e-27,1.916398269784495e-27,1.9163982697844938e-27,1.916398269784494e-27,1.9163982697844924e-27,1.91639826978449e-27,1.91639826978449e-27,1.916398269785963e-27,1.916398269785963e-27,1.9163982697859273e-27,1.9163982697858982e-27,1.916398269785246e-27,1.9163982697852855e-27,1.9163982697852855e-27,1.9163982697851245e-27,1.9163982697851245e-27,1.916398269785124e-27,1.9163982697851176e-27,1.916383922454697e-27,1.9163839224522794e-27,1.916383922452601e-27,1.9163839224526012e-27,1.916383922452602e-27,1.9163839224525998e-27,1.9163839224524545e-27,1.91638392245246e-27,1.9163839224542456e-27,1.9163839224542456e-27,1.9163839224542456e-27,1.916383922454246e-27,1.9163839224542575e-27,1.9163839224601676e-27,1.9163839224601683e-27,1.916383922460171e-27,1.9163839224601704e-27,1.91638392246017e-27,1.9163839224511042e-27,1.9163839224511046e-27,1.9163839224511046e-27,1.9163839224511042e-27,1.9163839224511035e-27,1.9163839224511035e-27,1.916383922450767e-27,1.916383922450767e-27,1.9163839224507666e-27,1.9163839224507666e-27,1.916383922450699e-27,1.916383922450454e-27,1.9163839224504513e-27,1.9163839224505015e-27,1.9163839224508847e-27,1.9163839224508843e-27,1.916383922450885e-27,1.9163839224508857e-27,1.9163839224563435e-27,1.916383922448632e-27,1.9163839224485956e-27,1.9163839224485963e-27,1.9163839224411565e-27,1.9163839224412086e-27,1.9163839224463284e-27,1.916383922446335e-27,1.9163839224463395e-27,1.916383922446351e-27,1.9163839224463514e-27,1.9163839224463506e-27,1.916383922446351e-27,1.9163839224463514e-27,1.916383922448056e-27,1.9163839224479456e-27,1.916383922447942e-27,1.9163839224479416e-27,1.9163839224479416e-27,1.9163839224479416e-27,1.9163839224479413e-27,1.916383922447942e-27,1.9163839224479416e-27,1.9163839224479413e-27,1.916383922452592e-27,1.916383922452592e-27,1.916383922452592e-27,1.9163839224525922e-27,1.9163839224525922e-27,1.9163839224525628e-27,1.9163839224525915e-27,1.9163839224525908e-27,1.9163839224525904e-27,1.916383922452591e-27,1.9163839224527303e-27,1.9163839224527432e-27,1.9163839224527436e-27,1.9163839224528236e-27,1.916383922452894e-27,1.9163839224525642e-27,1.9163839224525736e-27,1.916383922452572e-27,1.9163839224525732e-27,1.916383922452572e-27,1.9163839224529427e-27,1.9163839224529427e-27,1.9163839224529427e-27,1.916383922452943e-27,1.9163839224529423e-27,1.9163839224529427e-27,1.916383922450606e-27,1.916383922450606e-27,1.916383922450606e-27,1.9163839224505546e-27,1.9163839224505302e-27,1.91638392245053e-27,1.916383922450352e-27,1.9163839224503523e-27,1.9163839225757303e-27,1.916383922575731e-27,1.9163839225032416e-27,1.9163839225027617e-27,1.9163839225027617e-27,1.9163839225027617e-27,1.9163839225027617e-27,1.9163839225027627e-27,1.9163839225027617e-27,1.9163839225027577e-27,1.9163839225022673e-27,1.9163839225022408e-27,1.9163839225022924e-27,1.916383922502294e-27,1.9163839225023628e-27,1.9163839225023624e-27,1.916383922598457e-27,1.9163839225964152e-27,1.9163839075490877e-27,1.916383907583272e-27,1.9163839075832326e-27,1.9163839075832333e-27,1.9163839075832326e-27,1.9163839075833603e-27,1.9163839075833596e-27,1.9163839075833596e-27,1.9163839075833345e-27,1.9163839075833334e-27,1.916383907584392e-27,1.9163839075844433e-27,1.916383907584287e-27,1.9163839075842876e-27,1.916383907594722e-27,1.9163839075947217e-27,1.9163839075947217e-27,1.916383907594722e-27,1.9163839075947217e-27,1.916383907594723e-27,1.9163839075971292e-27,1.9163839075971292e-27,1.9163839076225554e-27,1.9163839076301283e-27,1.9163839076301286e-27,1.9163839076301297e-27,1.9163839076301186e-27,1.9163839076301193e-27,1.9163839083609555e-27,1.9163839083607345e-27,1.9163839083617795e-27,1.91638390836178e-27,1.9163839083546737e-27,1.9163839083626982e-27,1.9163839083616152e-27,1.9163839083616206e-27,1.91638390836172e-27,1.9163839083617304e-27,1.9163839083777176e-27,1.9163839083784272e-27,1.9163839083788006e-27,1.9163839083788003e-27,1.916383908388991e-27,1.9163839083946462e-27,1.9163839083946462e-27,1.916383908394646e-27,1.916383908394646e-27,1.916383908394646e-27,1.9163839083946466e-27,1.916383908394646e-27,1.9163839083946455e-27,1.9163839083946455e-27,1.9163839083946462e-27,1.9163839083946462e-27,1.916383908394645e-27,1.916383908394646e-27,1.9163839083946455e-27,1.9163839083959886e-27,1.9163839083959893e-27,1.916383908396061e-27,1.916383908395976e-27,1.9163839083985126e-27,1.9163839083985126e-27,1.916383908398512e-27,1.916383908398512e-27,1.916383908398513e-27,1.9163839083986464e-27,1.9163839083498922e-27,1.9163839083498922e-27,1.9163839083495977e-27,1.9163839083495977e-27,1.9163839083495984e-27,1.916383908349598e-27,1.9163839083495984e-27,1.9163839083393433e-27,1.9163839083393426e-27,1.9163839083403714e-27,1.9163839083403155e-27,1.9163839083404048e-27,1.9163839083403937e-27,1.9163839083403937e-27,1.9163839083403937e-27,1.916383908340394e-27,1.9163839083403937e-27,1.9163839083342005e-27,1.916383908334202e-27,1.9163839083342016e-27,1.9163839083373692e-27,1.916383908337369e-27,1.91638390833737e-27,1.916383908337375e-27,1.9163839083373717e-27,1.916383908338448e-27,1.9163839083384483e-27,1.9163839083385042e-27,1.916383908338469e-27,1.9163839083140132e-27,1.916383908099544e-27,1.9163839081034344e-27,1.9163839081024084e-27,1.9163839081024364e-27,1.9163839081024364e-27,1.916383908102356e-27,1.9163839081023514e-27,1.91638390809062e-27,1.916383908089721e-27,1.916383908089583e-27,1.9163839080895834e-27,1.9163839080895787e-27,1.916383908089579e-27,1.9163839079186693e-27,1.916383907920051e-27,1.9163839079063755e-27,1.91638390791428e-27,1.9163839079142802e-27,1.91638390791428e-27,1.91638390791428e-27,1.9163839079137633e-27,1.9163839079137636e-27,1.9163839079108866e-27,1.916383907910887e-27,1.9163839079057287e-27,1.9163839079057295e-27,1.9163839079057284e-27,1.916383907812151e-27,1.916383907812151e-27,1.916383907812151e-27,1.9163839078118883e-27,1.9163839078118822e-27,1.916383907812406e-27,1.916383907812406e-27,1.9163839078067215e-27,1.9163839077969026e-27,1.916383907796903e-27,1.916383907796903e-27,1.916383907796903e-27,1.916383907796903e-27,1.916383907792583e-27,1.916383907792552e-27,1.916383907792552e-27,1.916383907792552e-27,1.9163839077833917e-27,1.9163839077833917e-27,1.9163839077140103e-27,1.916383907710675e-27,1.916383907710664e-27,1.9163839077106644e-27,1.916383907710664e-27,1.916383907710664e-27,1.916383907710664e-27,1.9163839077106637e-27,1.9163839077106644e-27,1.9163839077106633e-27,1.9163839077160235e-27,1.9163839077160217e-27,1.9163839077211684e-27,1.916383907721168e-27,1.9163839077212054e-27,1.9163839077212058e-27,1.9163839076356617e-27,1.9163839076356606e-27,1.9163839076358655e-27,1.9163839076358665e-27,1.9163839076322796e-27,1.91638390763228e-27,1.9163839076322796e-27,1.916383907616226e-27,1.9163839076162267e-27,1.9163839076162328e-27,1.916383907616232e-27,1.916383907616232e-27,1.916383907616232e-27,1.916383907616232e-27,1.9163839076162324e-27,1.9163839076162313e-27,1.9163839076162335e-27,1.9163839076162328e-27,1.9163839076162328e-27,1.9163839075995617e-27,1.9163839075995664e-27,1.9163839076069143e-27,1.9163839076069154e-27,1.9163839076065685e-27,1.916383907606568e-27,1.9163839076057764e-27,1.9163839076079773e-27,1.9163839076079773e-27,1.9163839076079773e-27,1.916383907608589e-27,1.9163839076086255e-27,1.9163839076086273e-27,1.9163839076086276e-27,1.91638390760863e-27,1.91638390760863e-27,1.916383907612104e-27,1.91639256032142e-27,1.916392560321216e-27,1.916392560321718e-27,1.9163925603217194e-27,1.9163925603229036e-27,1.9163925603229025e-27,1.916392560314847e-27,1.916392560314851e-27,1.9163925603152185e-27,1.916392560315218e-27,1.916392560315219e-27,1.9163925603152145e-27,1.9163925603152145e-27,1.9163925603144856e-27,1.916392560314882e-27,1.9163925603148823e-27,1.9163925603148823e-27,1.916392560314882e-27,1.9163925603145932e-27,1.9163925603145936e-27,1.916392560314607e-27,1.9163925603146076e-27,1.9163925603146212e-27,1.9163925603136207e-27,1.9163925603129477e-27,1.916392560312948e-27,1.9163924880209954e-27,1.916392488021012e-27,1.9163924871930676e-27,1.9163924871931515e-27,1.9163924871805144e-27,1.9163924871936957e-27,1.9163924872093906e-27,1.916392487209391e-27,1.9163924872087592e-27,1.9163924872087646e-27,1.9163924871448224e-27,1.9163924871448216e-27,1.916392487144817e-27,1.91639248714558e-27,1.9163924871455793e-27,1.9163924871317846e-27,1.916392487131783e-27,1.9163924871369055e-27,1.9163924871369048e-27,1.9163924871369044e-27,1.916392487133199e-27,1.916392487133199e-27,1.9163924871331987e-27,1.9163924871331998e-27,1.916392487132971e-27,1.9163924871318635e-27,1.9163924871319126e-27,1.9163924871318793e-27,1.916392487131879e-27,1.916392626717695e-27,1.916392626717353e-27,1.916392626712131e-27,1.916392626712152e-27,1.916392626712191e-27,1.916392626712191e-27,1.9163926267121918e-27,1.9163926267123303e-27,1.916392626712331e-27,1.9163926267090486e-27,1.916392626708211e-27,1.9163926267224293e-27,1.916392626722429e-27,1.9163926267222898e-27,1.9163926267215956e-27,1.9163926267215952e-27,1.9163926267220175e-27,1.9163926267220125e-27,1.916392626722002e-27,1.9163926267215468e-27,1.9163926267216326e-27,1.9163926267216326e-27,1.9163926267216326e-27,1.9163926267095472e-27,1.916392626709548e-27,1.9163926267095476e-27,1.9163926267095476e-27,1.9163926267095476e-27,1.9163926267095487e-27,1.916392626709548e-27,1.9163926267095476e-27,1.9163926267095526e-27,1.9163926267095544e-27,1.9163926267095548e-27,1.9163926267095548e-27,1.916392626709555e-27,1.9163926267095555e-27,1.916392626709555e-27,1.9163926267095555e-27,1.9163926267095555e-27,1.916392626709555e-27,1.9163926267177234e-27,1.916392626717529e-27,1.9163926267175297e-27,1.916392626716442e-27,1.9163926267164417e-27,1.9163926267164417e-27,1.9163926267064704e-27,1.9163926267064714e-27,1.9163926267064714e-27,1.9163926267064707e-27,1.9163926267064736e-27,1.9163926267064976e-27,1.916392626706498e-27,1.9163926267064984e-27,1.9163926266971512e-27,1.916392626785122e-27,1.9163926267851225e-27,1.9163926267991693e-27,1.9163926267991697e-27,1.91639262679917e-27,1.91639262679917e-27,1.91639262679917e-27,1.9163926268037543e-27,1.916392626803754e-27,1.9163926268037468e-27,1.9163926268037468e-27,1.9163926268037468e-27,1.916392626815967e-27,1.916392626815927e-27,1.9163926268155555e-27,1.916392626815556e-27,1.916392626815553e-27,1.91639262681197e-27,1.916392626812002e-27,1.916392626813899e-27,1.916392626807272e-27,1.916392626807272e-27,1.9163926268072727e-27,1.9163926265699827e-27,1.916392626105513e-27,1.9163926261055132e-27,1.916392626105513e-27,1.916392626105513e-27,1.916392626105513e-27,1.9163926261055125e-27,1.9163926261055132e-27,1.9163926261055136e-27,1.916392626105513e-27,1.916392626103953e-27,1.9163926261039527e-27,1.9163926261039527e-27,1.9163926261040424e-27,1.916392626104042e-27,1.9163926261040417e-27,1.916392626104049e-27,1.9163926261040492e-27,1.9163926261040496e-27,1.91639262610405e-27,1.9163926261040485e-27,1.916392626104049e-27,1.916392626104049e-27,1.916392626104049e-27,1.916392626104293e-27,1.916392626104293e-27,1.916392626105256e-27,1.9163926261052227e-27,1.916392626105227e-27,1.916392626105985e-27,1.9163926261005746e-27,1.9163926261005584e-27,1.9163926238894883e-27,1.916392623889501e-27,1.9163926238895747e-27,1.9163926237966996e-27,1.916392623794176e-27,1.916392623794214e-27,1.9163926237941264e-27,1.9163926237941268e-27,1.9163926237941264e-27,1.9163926237941293e-27,1.916392623794129e-27,1.9163926237994307e-27,1.9163926241086892e-27,1.916392624109207e-27,1.9163926241082494e-27,1.9163926241082203e-27,1.9163926240991487e-27,1.9163926240991487e-27,1.9163926240987552e-27,1.9163926241491205e-27,1.916392624150049e-27,1.9163926241494276e-27,1.9163926241460763e-27,1.9163926241466155e-27,1.9163926241592027e-27,1.9163926241754177e-27,1.9163926241754177e-27,1.9163926241754174e-27,1.9163926241754177e-27,1.9163926241754174e-27,1.9163926241754167e-27,1.9163926241754088e-27,1.9163926241754095e-27,1.916392624175409e-27,1.916392624174002e-27,1.9163926241738375e-27,1.9163926241700436e-27,1.916392624170029e-27,1.91639262416965e-27,1.916392624180804e-27,1.9163926241809358e-27,1.916392624180938e-27,1.9163926241815955e-27,1.9163926241815965e-27,1.916392624224121e-27,1.916392624224121e-27,1.9163926242241207e-27,1.9163926242241673e-27,1.916392624223863e-27,1.916392624223863e-27,1.916392624223863e-27,1.916392624223863e-27,1.9163926242189528e-27,1.9163926241666675e-27,1.9163926241668505e-27,1.9163926241668505e-27,1.9163926241668505e-27,1.916392624177607e-27,1.916392624177607e-27,1.9163926241776074e-27,1.916392624211517e-27,1.9163926242116006e-27,1.9163926242111468e-27,1.9163926242111486e-27,1.916392624211149e-27,1.916392624211149e-27,1.9163926242109843e-27,1.916392624211018e-27,1.9163926242110187e-27,1.916392624212338e-27,1.916392624212339e-27,1.9163926242123855e-27,1.916392624212381e-27,1.916392624226859e-27,1.916392624226859e-27,1.9163926242296624e-27,1.9163926242297833e-27,1.9163926242297833e-27,1.9163926242297887e-27,1.9163926242297883e-27,1.9163926242329512e-27,1.916392624232979e-27,1.9163926242327816e-27,1.916392624232126e-27,1.9163926242321265e-27,1.9163926242321265e-27,1.9163926242337204e-27,1.916392624231386e-27,1.9163926242355198e-27,1.916392624236833e-27,1.9163926242316365e-27,1.9163926242310514e-27,1.9163926242311838e-27,1.9163926242311838e-27,1.9163926242334287e-27,1.916392624233109e-27,1.9163926242358444e-27,1.916392624235904e-27,1.9163926242359036e-27,1.9163926242356188e-27,1.9163926242026875e-27,1.9163926242026882e-27,1.9163926242037605e-27,1.9163926242037612e-27,1.916392624203761e-27,1.9163926242037167e-27,1.9163926242037163e-27,1.916392624198635e-27,1.916392624198832e-27,1.916392624198832e-27,1.9163926241774442e-27,1.9163926241774478e-27,1.916396270236957e-27,1.916396270238099e-27,1.916396270124262e-27,1.9163962701242617e-27,1.9163962701279792e-27,1.916396270124682e-27,1.9163962701246918e-27,1.91639627012444e-27,1.9163962701244816e-27,1.9163962701244816e-27,1.9163962701244812e-27,1.9163962701244816e-27,1.9163962701244805e-27,1.916396270124481e-27,1.9163962701234685e-27,1.916396269815295e-27,1.9163962698152944e-27,1.916396269815295e-27,1.9163962698152944e-27,1.9163962698152948e-27,1.9163962698077503e-27,1.916396269807668e-27,1.916396269807917e-27,1.9163962698068786e-27,1.9163962698068782e-27,1.9163962698042283e-27,1.9163962648394708e-27,1.916396264839574e-27,1.916396264839574e-27,1.9163962648395734e-27,1.9163962648396196e-27,1.91639626483962e-27,1.9163962648396196e-27,1.9163962648367415e-27,1.916396264836742e-27,1.916396264836742e-27,1.9163962648367494e-27,1.9163962648367494e-27,1.9163962648370052e-27,1.9163962648368556e-27,1.9163962648379583e-27,1.9163962648379576e-27,1.9163962651330584e-27,1.9163962651330588e-27,1.916396265133058e-27,1.9163962651330588e-27,1.9163962651334322e-27,1.916396265133432e-27,1.9163962651331933e-27,1.9163962651331937e-27,1.9163962651331937e-27,1.9163962651331937e-27,1.9163962651350806e-27,1.9163962651350806e-27,1.9163962651350803e-27,1.9163962651350817e-27,1.9163962651350813e-27,1.916396265135082e-27,1.9163962651350716e-27,1.916396265137132e-27,1.9163962651358085e-27,1.916396265135809e-27,1.9163962651327654e-27,1.9163962651327657e-27,1.9163962651327657e-27,1.9163962651327654e-27,1.9163962651327664e-27,1.916396265132766e-27,1.9163962651327664e-27,1.9163962651327657e-27,1.916396265132765e-27,1.9163962649798625e-27,1.9163962649798636e-27,1.9163962649798313e-27,1.916396264979831e-27,1.916396264979831e-27,1.916396264979831e-27,1.916396264979831e-27,1.916396264979831e-27,1.916396264979831e-27,1.916396264979831e-27,1.916396264979831e-27,1.9163962649798313e-27,1.9163962649796903e-27,1.9163962649796892e-27,1.9163962691743878e-27,1.9163962691545567e-27,1.9163962691551945e-27,1.9163962691493135e-27,1.9163962691493135e-27,1.9163962691515602e-27,1.916396269151562e-27,1.916396269151559e-27,1.9163962691416086e-27,1.916396269141605e-27,1.9163962691416054e-27,1.9163962691416047e-27,1.916396269141605e-27,1.9163962691416875e-27,1.9163962691418683e-27,1.9163962692166353e-27,1.916396269216636e-27,1.916396269214225e-27,1.9163962692146835e-27,1.9163962692146842e-27,1.9163962692042343e-27,1.916396269204235e-27,1.9163962692042336e-27,1.9163962692043125e-27,1.9163962692036898e-27,1.916396269203738e-27,1.916396269203738e-27,1.9163962692037375e-27,1.9163962692039244e-27,1.9163962695151854e-27,1.9163962695140346e-27,1.9163962695140765e-27,1.9163962695140765e-27,1.9163962695140765e-27,1.9163962695124382e-27,1.916396269512657e-27,1.9163962695093908e-27,1.9163962695093954e-27,1.9163962695001695e-27,1.91639626950017e-27,1.916396269491839e-27,1.9163962694918426e-27,1.9163962696355516e-27,1.916396269635639e-27,1.9163962696370077e-27,1.9163962696370468e-27,1.9163962696370034e-27,1.9163962696368032e-27,1.9163962696369065e-27,1.9163962696362357e-27,1.9163962696362357e-27,1.91639626963622e-27,1.91639626963622e-27,1.91639626963622e-27,1.91639626963622e-27,1.9163962696362206e-27,1.9163962670829714e-27,1.9163962670840885e-27,1.9163962670840885e-27,1.9163962670840885e-27,1.9163962670840885e-27,1.9163962670845208e-27,1.9163962670841204e-27,1.9163962670841e-27,1.9163962670841003e-27,1.916396267084635e-27,1.9163962670846334e-27,1.9163962670846338e-27,1.9163962670844917e-27,1.9163962670873304e-27,1.916396267087268e-27,1.9163962670476524e-27,1.9163962672390727e-27,1.9163962672390734e-27,1.9163962672390734e-27,1.916396267239073e-27,1.9163962672390652e-27,1.916396267239066e-27,1.916396267239066e-27,1.9163962672390663e-27,1.9163962672390666e-27,1.916396267239065e-27,1.9163962672390634e-27,1.9163962672386982e-27,1.9163962672380238e-27,1.9163962672317542e-27,1.916396267231753e-27,1.916396267231918e-27,1.916396267231918e-27,1.9163962672319178e-27,1.916396267231918e-27,1.916396267231918e-27,1.916396267231918e-27,1.916396267231918e-27,1.9163962672319178e-27,1.9163962672037935e-27,1.9163962672037946e-27,1.9163962672037935e-27,1.9163962672052927e-27,1.9163962672022567e-27,1.9163962672022514e-27,1.916396267201694e-27,1.9163962672012993e-27,1.9163962672012993e-27,1.9163962672012957e-27,1.9163962672044837e-27,1.916396267209882e-27,1.9163962671415205e-27,1.91639626714152e-27,1.916396267141521e-27,1.9163962671423154e-27,1.9163962671053778e-27,1.916396267105305e-27,1.9163962671053046e-27,1.9163962671053036e-27,1.916396267255846e-27,1.916396267255846e-27,1.916396267278364e-27,1.916396267278364e-27,1.9163962672738816e-27,1.916396267272046e-27,1.9163962672758945e-27,1.9163962672757732e-27,1.9163962672757832e-27,1.9163962672740463e-27,1.9163962672740463e-27,1.916396267285659e-27,1.9163962672856595e-27,1.9163962672856595e-27,1.91639626728566e-27,1.91639626728566e-27,1.91639626728566e-27,1.916396267285875e-27,1.916396267287937e-27,1.9163962672879364e-27,1.9163962672879364e-27,1.9163962672911478e-27,1.9163962672908174e-27,1.9163962672908174e-27,1.916396267290818e-27,1.9163962672908188e-27,1.9163962672597777e-27,1.9163962672597773e-27,1.9163962672597766e-27,1.9163962672597766e-27,1.9163962672597773e-27,1.9163962672600995e-27,1.9163962672601e-27,1.9163962672600995e-27,1.916396267260055e-27,1.9163962672600553e-27,1.9163962672600564e-27,1.9163962672600564e-27,1.9163962672600557e-27,1.916396267260056e-27,1.9163962672600564e-27,1.916396267260057e-27,1.9163962672600568e-27,1.9163962672600123e-27,1.9163962672600123e-27,1.916396267260012e-27,1.916396267260076e-27,1.916396267260311e-27,1.916396267260311e-27,1.9163962672609242e-27,1.916396267260952e-27,1.9163962672609242e-27,1.9163962672609945e-27,1.916396267260993e-27,1.916396267265121e-27,1.916396267265121e-27,1.9163962672651228e-27,1.916396267265103e-27,1.9163962672651027e-27,1.9163962672651027e-27,1.916396267265102e-27,1.916396267265097e-27,1.9163962672649147e-27,1.9163962672649137e-27,1.916396267251199e-27,1.916396267251361e-27,1.916396267251361e-27,1.916396267250995e-27,1.916396267251134e-27,1.9163962672511373e-27,1.9163962672470463e-27,1.9163962672464185e-27,1.91639626724499e-27,1.91639626724499e-27,1.91639626724499e-27,1.9163962672449897e-27,1.9163962672449936e-27,1.9163962672543135e-27,1.9163962672556713e-27,1.9163962672522934e-27,1.916396267252317e-27,1.9163962672334643e-27,1.9163962672283796e-27,1.9163962674201612e-27,1.9163962674195858e-27,1.9163962674195858e-27,1.916396267408773e-27,1.9163962674104647e-27,1.916396267410465e-27,1.91639626740975e-27,1.916396267409754e-27,1.9163962674097533e-27,1.916396267409754e-27,1.9163962674097537e-27,1.9163962674097537e-27,1.9163962674097537e-27,1.9163962674097537e-27,1.9163962674097537e-27,1.91639626740282e-27,1.91639626740282e-27,1.91639626740282e-27,1.9163962674010164e-27,1.9163962674010167e-27,1.916396267401016e-27,1.9163962674010164e-27,1.916396267401016e-27,1.9163962674010153e-27,1.9163962674010383e-27,1.9163962674010386e-27,1.916396267400921e-27,1.916396267400921e-27,1.9163962674009206e-27,1.9163962674009213e-27,1.916396267400921e-27,1.916396267398406e-27,1.9163962673984044e-27,1.9163962673984048e-27,1.9163962673984048e-27,1.9163962673903136e-27,1.9163962673903096e-27,1.9163962673914214e-27,1.9163962673913665e-27,1.9163962673935443e-27,1.916396267393337e-27,1.916396267393337e-27,1.916396267508752e-27,1.9163962675067703e-27,1.91639626750677e-27,1.9163962675067703e-27,1.9163962675042136e-27,1.9163962675004315e-27,1.916396267500431e-27,1.9163962674998027e-27,1.916396267499321e-27,1.9163962674993187e-27,1.9163962674977414e-27,1.9163962674977417e-27,1.9163962674977414e-27,1.9163962674977417e-27,1.916396267497741e-27,1.916396267497741e-27,1.916396267499539e-27,1.9163962674994773e-27,1.9163962674993733e-27,1.9163962674993736e-27,1.916396267499391e-27,1.9163962674993905e-27,1.916396267499391e-27,1.9163962674993905e-27,1.9163962675016527e-27,1.916396267501653e-27,1.9163962675019246e-27,1.9163962675019242e-27,1.9163962675019242e-27,1.9163962675019242e-27,1.9163962675019393e-27,1.9163962675019396e-27,1.916396267500261e-27,1.9163962675002486e-27,1.9163962675030768e-27,1.916396267503079e-27,1.9163962675122467e-27,1.9163962675122464e-27,1.9163962675122353e-27,1.9163962675122363e-27,1.9163962675122356e-27,1.9163962675122353e-27,1.916396267512236e-27,1.916396267512236e-27,1.9163962675122356e-27,1.916396267510959e-27,1.91639626751067e-27,1.916396267466291e-27,1.916396267466461e-27,1.9163962674664617e-27,1.9163962674664614e-27,1.916396267466461e-27,1.9163962674664603e-27,1.9163962674664603e-27,1.9163962674664553e-27,1.91639626746646e-27,1.9163962674664635e-27,1.9163962674664628e-27,1.9163962674664628e-27,1.9163962674664628e-27,1.916396267466463e-27,1.9163962674640478e-27,1.9163962674640478e-27,1.916396267465747e-27,1.91639626746913e-27,1.9163962674691303e-27,1.916396267403607e-27,1.916396267405094e-27,1.916396269642489e-27,1.9163962696424895e-27,1.9163962696424895e-27,1.9163962696424887e-27,1.916396269639093e-27,1.9163962696390933e-27,1.9163962696356882e-27,1.9163962696356882e-27,1.91639626963586e-27,1.9163962696905155e-27,1.91639626971238e-27,1.9163962697123802e-27,1.9163962697123802e-27,1.91639626971238e-27,1.9163962697123802e-27,1.9163962697123795e-27,1.9163962697123777e-27,1.9163962697132182e-27,1.9163962697076855e-27,1.9163962697069633e-27,1.9163962697069637e-27,1.916396269707051e-27,1.916396269707051e-27,1.9163962697070473e-27,1.916396269707917e-27,1.9163962697079172e-27,1.9163962697080546e-27,1.9163962697082598e-27,1.9163962697193432e-27,1.916396269715834e-27,1.9163962697106766e-27,1.9163962697106766e-27,1.9163962697106856e-27,1.9163962697105797e-27,1.9163962697105797e-27,1.9163962697105797e-27,1.9163962697105794e-27,1.9163962697105783e-27,1.9163962697105783e-27,1.9163962697105787e-27,1.9163962697106074e-27,1.9163962697106077e-27,1.9163962697097364e-27,1.916396269709736e-27,1.9163962697097356e-27,1.916396269709736e-27,1.9163962697089245e-27,1.9163962697089245e-27,1.9163962697089242e-27,1.9163962697089242e-27,1.916396269708925e-27,1.916396269708925e-27,1.9163962697089242e-27,1.9163962697089242e-27,1.9163962697089245e-27,1.9163962697089245e-27,1.916396269708925e-27,1.916396269841814e-27,1.91639626984112e-27,1.9163962696671035e-27,1.9163962696671186e-27,1.916396269667116e-27,1.916396269667135e-27,1.9163962696671347e-27,1.9163962696671347e-27,1.9163962696665156e-27,1.9163962696687774e-27,1.9163962696695877e-27,1.9163962696695906e-27,1.9163962696695106e-27,1.9163962696711565e-27,1.9163962696711565e-27,1.9163962696679774e-27,1.9163962696679774e-27,1.9163962696679767e-27,1.9163962696679767e-27,1.9163962696552614e-27,1.9163962696547197e-27,1.9163962696529045e-27,1.916396269650957e-27,1.9163962696509042e-27,1.9163962696509046e-27,1.916396269650904e-27,1.9163962696509067e-27,1.9163962696508052e-27,1.9163962696507776e-27,1.916396269650836e-27,1.9163962696501315e-27,1.9163962696557977e-27,1.9163962696557977e-27,1.9163962696557977e-27,1.9163962696538207e-27,1.9163962696537522e-27,1.916396269657803e-27,1.9163962696559477e-27,1.9163962696558906e-27,1.9163962696633307e-27,1.916396269663331e-27,1.9163962696625107e-27,1.9163962696624633e-27,1.9163962696623295e-27,1.9163962696623234e-27,1.9163962696620906e-27,1.9163962696545228e-27,1.916396269654518e-27,1.916396269654252e-27,1.916396269654365e-27,1.9163962696548115e-27,1.916396269655124e-27,1.916396269655124e-27,1.916396269655123e-27,1.9163962696551233e-27,1.9163962696551233e-27,1.9163962696551233e-27,1.916396269671656e-27,1.916396269671655e-27,1.916396269674378e-27,1.9163962696743775e-27,1.9163962696743783e-27,1.9163962696743775e-27,1.916396269674378e-27,1.916396269674378e-27,1.916396269674378e-27,1.9163962696743775e-27,1.916396269674378e-27,1.9163962696743783e-27,1.916396269674378e-27,1.916396269674378e-27,1.9163962696743768e-27,1.9163962696743775e-27,1.916396269675479e-27,1.9163962696754796e-27,1.9163962696757396e-27,1.916396269675738e-27,1.916396269675689e-27,1.9163962696756894e-27,1.9163962696756883e-27,1.916396269672668e-27,1.9163962696722115e-27,1.916396269672212e-27,1.916396269668458e-27,1.916396269665715e-27,1.9163962696657145e-27,1.9163962825699053e-27,1.9163962825805697e-27,1.9163962825803373e-27,1.9163962825815096e-27,1.9163962825815308e-27,1.9163962825711075e-27,1.9163962825665917e-27,1.9163962825665917e-27,1.9163962825665817e-27,1.9163962825665817e-27,1.9163962825667245e-27,1.916396282566725e-27,1.9163962825667252e-27,1.9163962825667252e-27,1.9163962825667058e-27,1.9163962825667754e-27,1.916396282570427e-27,1.9163962825701722e-27,1.9163962825668597e-27,1.9163962825668654e-27,1.9163962825668694e-27,1.9163962825645326e-27,1.9163962825645376e-27,1.916396282564537e-27,1.9163962825632577e-27,1.916396282562977e-27,1.9163962825136468e-27,1.916396282513647e-27,1.9163962825136608e-27,1.9163962825136608e-27,1.9163962825086672e-27,1.9163962825087235e-27,1.916396282508743e-27,1.916396282508743e-27,1.9163962825087433e-27,1.916396282508742e-27,1.916396282508743e-27,1.9163962825014976e-27,1.9163962823465754e-27,1.9163962823436844e-27,1.916396282343683e-27,1.916396282345116e-27,1.916396282345116e-27,1.9163962823571085e-27,1.916396282360658e-27,1.916396282360658e-27,1.9163962823657285e-27,1.9163962823657303e-27,1.916396282365625e-27,1.916396282365526e-27,1.9163962823655258e-27,1.9163962823655025e-27,1.916396282366538e-27,1.9163962823664384e-27,1.9163962823661188e-27,1.916396282366119e-27,1.9163962823661195e-27,1.91639628236612e-27,1.916396282366119e-27,1.9163962823661188e-27,1.916396282366119e-27,1.9163962823661188e-27,1.9163962823661195e-27,1.9163962823661188e-27,1.916396282366119e-27,1.9163962823661195e-27,1.916396282366119e-27,1.916396282366119e-27,1.91639628236611e-27,1.91639628236611e-27,1.9163962823664223e-27,1.916396282366296e-27,1.9163962823662956e-27,1.916396282366296e-27,1.916396282366296e-27,1.9163962823662964e-27,1.9163962823662956e-27,1.916396282366295e-27,1.9163962823650304e-27,1.916396282369113e-27,1.9163962823691124e-27,1.916396282369294e-27,1.9163962823677277e-27,1.9163962823646193e-27,1.9163962823646322e-27,1.9163962823646326e-27,1.9163962824292385e-27,1.9163964880297796e-27,1.91639648802978e-27,1.9163964880297796e-27,1.916396488029777e-27,1.9163964880300547e-27,1.9163964880300547e-27,1.916396488030056e-27,1.916396488030056e-27,1.9163964880300318e-27,1.916396488888658e-27,1.916396488888654e-27,1.9163964888888085e-27,1.916396488888809e-27,1.916396488889331e-27,1.9163964888888e-27,1.9163964888888002e-27,1.916396488889579e-27,1.9163964888870557e-27,1.916396488887055e-27,1.9163964888870553e-27,1.9163964888870553e-27,1.916396488887055e-27,1.916396488885296e-27,1.9163964888896795e-27,1.9163964888896802e-27,1.916396492486403e-27,1.9163964924864888e-27,1.916396492106304e-27,1.9163964941070215e-27,1.916396494106881e-27,1.916396494106906e-27,1.916396494106906e-27,1.91639649410879e-27,1.9163964941087894e-27,1.9163964941096403e-27,1.9163964941097192e-27,1.9163964941559336e-27,1.916396494154304e-27,1.9163964941500766e-27,1.916396494150095e-27,1.916396494150095e-27,1.9163964941499923e-27,1.916396494149993e-27,1.9163964941499934e-27,1.9163964941501236e-27,1.9163964941501462e-27,1.916396494150028e-27,1.9163964941500285e-27,1.9163964941500278e-27,1.9163964941500285e-27,1.916396494149989e-27,1.9163964941499815e-27,1.9163964941499916e-27,1.9163964941499926e-27,1.9163964941501157e-27,1.9163964941501153e-27,1.9163964941500335e-27,1.9163964941500687e-27,1.91639649415007e-27,1.9163964941494183e-27,1.9163964941494635e-27,1.9163964941494642e-27,1.9163964941565015e-27,1.9163964941565015e-27,1.9163964941564997e-27,1.9163964941564943e-27,1.9163964941564947e-27,1.916396494156494e-27,1.9163964941564947e-27,1.9163964941564947e-27,1.9163964941568132e-27,1.9163964941568243e-27,1.9163964941568243e-27,1.9163964941568247e-27,1.916396494156825e-27,1.916396494156825e-27,1.9163964941568132e-27,1.9163964941567684e-27,1.916396494156123e-27,1.916396494156123e-27,1.916396494156123e-27,1.9163964945387915e-27,1.916396494550685e-27,1.9163964945363794e-27,1.916396494536379e-27,1.9163964945593092e-27,1.9163964945595183e-27,1.916396494559519e-27,1.916396494558954e-27,1.9163964945589533e-27,1.9163964945643533e-27,1.9163964945654213e-27,1.916396494590459e-27,1.916396494705966e-27,1.9163964947059665e-27,1.9163964947059673e-27,1.916396494705966e-27,1.9163964947013952e-27,1.916396494714397e-27,1.9163964947150748e-27,1.9163964947217816e-27,1.9163964947242913e-27,1.916396494724291e-27,1.9163964947242913e-27,1.916396494724288e-27,1.9163964947242884e-27,1.9163964947243157e-27,1.9163964947237066e-27,1.9163964947237066e-27,1.9163964947034837e-27,1.9163964947034837e-27,1.916396494703484e-27,1.9163964947034837e-27,1.9163964947034866e-27,1.916396495548575e-27,1.9163964955485884e-27,1.9163964955485888e-27,1.9163964955485888e-27,1.916396495548589e-27,1.9163964955485888e-27,1.916396495548414e-27,1.916396495548414e-27,1.91639649554843e-27,1.916396495547397e-27,1.9163964955473978e-27,1.9163964955475284e-27,1.9163964955475287e-27,1.916396495548088e-27,1.9163964955490964e-27,1.9163964955491057e-27,1.9163964955491064e-27,1.9163964955491057e-27,1.916396495552745e-27,1.9163964955527443e-27,1.9163964955582448e-27,1.916396495558268e-27,1.9163964955578846e-27,1.9163964955578857e-27,1.9163964790324114e-27,1.9163964790324114e-27,1.9163964790486046e-27,1.916396479048615e-27,1.916396479048615e-27,1.9163964790486135e-27,1.9163964790486404e-27,1.9163964790486415e-27,1.9163964790485095e-27,1.9163964790495398e-27,1.916396479049223e-27,1.9163964790491394e-27,1.9163964785330343e-27,1.91639647849471e-27,1.9163964784947084e-27,1.9163964784947163e-27,1.9163964784946636e-27,1.9163964784939734e-27,1.916396478493995e-27,1.9163964784939956e-27,1.916396478492967e-27,1.916396478492958e-27,1.9163964784929582e-27,1.916396478502191e-27,1.9163964785007143e-27,1.916396478500713e-27,1.9163964785007122e-27,1.9163964785007122e-27,1.9163964784998606e-27,1.9163964784998606e-27,1.916396478499861e-27,1.916396478499861e-27,1.9163964784998606e-27,1.9163964784998606e-27,1.916396478500456e-27,1.9163964784970137e-27,1.9163964784970137e-27,1.9163964784970255e-27,1.9163964784970248e-27,1.9163964784970624e-27,1.9163964784970176e-27,1.9163964784970176e-27,1.9163964784970172e-27,1.9163964784970172e-27,1.9163964784970176e-27,1.916396478497018e-27,1.9163964784970176e-27,1.916396478497018e-27,1.9163964784970176e-27,1.916396478508331e-27,1.9163964785079532e-27,1.9163964785079625e-27,1.9163964785079625e-27,1.9163964785012915e-27,1.9163964784661394e-27,1.9163964784661336e-27,1.91639647835017e-27,1.9163964783501705e-27,1.9163964783082232e-27,1.916396478308223e-27,1.916396478308288e-27,1.916396478308289e-27,1.9163964783189597e-27,1.9163964783189604e-27,1.9163964783188026e-27,1.9163964783188026e-27,1.916396478322693e-27,1.9163964783228297e-27,1.9163964783232092e-27,1.9163964783232132e-27,1.9163964783232096e-27,1.9163964783267453e-27,1.9163964783267446e-27,1.9163964783267453e-27,1.916396478326896e-27,1.9163964783268956e-27,1.916396478325798e-27,1.916396478325798e-27,1.916396478325797e-27,1.9163964783250998e-27,1.916396478324902e-27,1.916396478324902e-27,1.9163964783249025e-27,1.9163964783249025e-27,1.916396478324902e-27,1.916396478324902e-27,1.9163964783249017e-27,1.916396478324902e-27,1.9163964783249025e-27,1.916396478324902e-27,1.916396478324902e-27,1.916396478324902e-27,1.9163964783249014e-27,1.9163964783323727e-27,1.9163964783323734e-27,1.916396478332373e-27,1.916396478332373e-27,1.916396478333308e-27,1.9163964781812108e-27,1.9163964782531495e-27,1.9163964783204438e-27,1.9163964783131468e-27,1.9163964783131353e-27,1.9163964783131357e-27,1.916396478296947e-27,1.916396478296948e-27,1.9163964782969482e-27,1.9163964782969482e-27,1.9163964782969482e-27,1.9163964782969475e-27,1.916396478296947e-27,1.9163964782969475e-27,1.9163964782972535e-27,1.916396478297255e-27,1.916396478297252e-27,1.9163964784227582e-27,1.9163964784227582e-27,1.916396478463192e-27,1.9163964784629804e-27,1.916396478462427e-27,1.9163964784604717e-27,1.9163964784604714e-27,1.9163964784604717e-27,1.9163964784459822e-27,1.9163964784461935e-27,1.916396478446204e-27,1.9163964784462046e-27,1.916396478444647e-27,1.9163964784446473e-27,1.9163964784446477e-27,1.9163964784480284e-27,1.9163964784480295e-27,1.916396478448029e-27,1.916396478448029e-27,1.916396478448029e-27,1.916396478448557e-27,1.916396478448557e-27,1.9163964784485575e-27,1.9163964784486978e-27,1.9163964784485848e-27,1.9163964784484298e-27,1.916396478448544e-27,1.9163964784485425e-27,1.916396478448543e-27,1.9163964784485435e-27,1.916396478448506e-27,1.9163964784485062e-27,1.916396478448502e-27,1.9163964784481658e-27,1.9163964784495874e-27,1.916396478449578e-27,1.9163964785265668e-27,1.9163964785265642e-27,1.9163964785271192e-27,1.916396478527121e-27,1.9163964785249467e-27,1.916396478470305e-27,1.916396478470325e-27,1.916396478470325e-27,1.9163964784703254e-27,1.916396478470325e-27,1.9163964784703254e-27,1.916396478470788e-27,1.916396478480377e-27,1.916396478482468e-27,1.916396478484368e-27,1.9163964784843676e-27,1.916396478478269e-27,1.916396478479218e-27,1.916396478487196e-27,1.9163964784872052e-27,1.9163964784872056e-27,1.916396478487205e-27,1.916396478487205e-27,1.9163964784872052e-27,1.9163964784881433e-27,1.9163964784881422e-27,1.916396478488143e-27,1.9163964784895115e-27,1.9163964784895115e-27,1.916396478489512e-27,1.9163964784895115e-27,1.91639647848951e-27,1.916396478489478e-27,1.916396478489544e-27,1.9163964784888686e-27,1.9163964784888697e-27,1.9163964784888694e-27,1.9163964784888697e-27,1.916396478527018e-27,1.9163964785188823e-27,1.9163964785188816e-27,1.9163964785188827e-27,1.9163964785188823e-27,1.916396478518884e-27,1.9163964785244897e-27,1.9163964785244703e-27,1.9163964784158745e-27,1.916396478415869e-27,1.9163964784158666e-27,1.916396478414772e-27,1.9163964784147714e-27,1.9163964784143108e-27,1.916396478413621e-27,1.9163964784136202e-27,1.9163964784136202e-27,1.916396478421537e-27,1.91639647842315e-27,1.9163964784231492e-27,1.9163964784231496e-27,1.916396478423042e-27,1.9163964784230445e-27,1.916396478423045e-27,1.9163964784230445e-27,1.9163964784230484e-27,1.9163964784230488e-27,1.9163964784249784e-27,1.9163964784249784e-27,1.916396478417617e-27,1.916396478418246e-27,1.9163964784182554e-27,1.9163964784182536e-27,1.9163964784182543e-27,1.916396478418255e-27,1.916396478418024e-27,1.916396478418024e-27,1.9163964784180237e-27,1.9163964784180237e-27,1.9163964784180233e-27,1.9163964784180233e-27,1.916396478418023e-27,1.9163964784176653e-27,1.9163964784176656e-27,1.916396478417665e-27,1.916396478417665e-27,1.916396478417665e-27,1.9163964784170016e-27,1.916396478417001e-27,1.9163964784170016e-27,1.9163964784170013e-27,1.9163964784166052e-27,1.9163964765298755e-27,1.9163964765189086e-27,1.9163964764735272e-27,1.9163964765634507e-27,1.9163964765634395e-27,1.91639647656344e-27,1.91639647656397e-27,1.9163964765639697e-27,1.9163964765615892e-27,1.9163964765615895e-27,1.9163964765615895e-27,1.916396476561589e-27,1.916396476544075e-27,1.91639647654329e-27,1.916396477381325e-27,1.9163964776532148e-27,1.9163964776532148e-27,1.9163964774401955e-27,1.916396477436274e-27,1.916396477436274e-27,1.9163964774372112e-27,1.9163964774285443e-27,1.9163964774287437e-27,1.9163964774287437e-27,1.916396477429743e-27,1.916396477429744e-27,1.9163964774295196e-27,1.9163964774316796e-27,1.916396477430801e-27,1.9163964774307906e-27,1.9163964774101183e-27,1.9163964774062128e-27,1.916396477406338e-27,1.9163964774063387e-27,1.9163964774068327e-27,1.9163964774068327e-27,1.9163964774069087e-27,1.9163964774069084e-27,1.916396477406908e-27,1.9163964774068768e-27,1.9163964774068768e-27,1.9163964774068765e-27,1.916396477406877e-27,1.9163964774094113e-27,1.9163964774094116e-27,1.916396477409412e-27,1.9163964774094116e-27,1.916396477411212e-27,1.9163964774112117e-27,1.9163964774112125e-27,1.916396477411212e-27,1.9163964774112125e-27,1.916396477411212e-27,1.916396477231707e-27,1.9163964771033024e-27,1.916396477103302e-27,1.916396477103302e-27,1.9163964770963354e-27,1.916396477096336e-27,1.9163964770963354e-27,1.9163964770934785e-27,1.916396477093479e-27,1.9163964770934785e-27,1.9163964770934792e-27,1.916396477093189e-27,1.916396477093182e-27,1.9163964770930534e-27,1.9163964770930545e-27,1.916396477098875e-27,1.9163964770988746e-27,1.916396477098875e-27,1.9163965312368082e-27,1.916396531236773e-27,1.916396531236773e-27,1.9163965312367723e-27,1.916396531236773e-27,1.916396531236773e-27,1.91639653124286e-27,1.9163965312428604e-27,1.9163965312428604e-27,1.9163965312428597e-27,1.91639653124286e-27,1.9163965312428607e-27,1.91639653124286e-27,1.9163965312377223e-27,1.9163965312377223e-27,1.9163965312377305e-27,1.916396531234109e-27,1.9163965312185068e-27,1.9163965312163106e-27,1.9163965312167235e-27,1.916396531216723e-27,1.9163965312167264e-27,1.916396531216727e-27,1.916396531216727e-27,1.9163965312167274e-27,1.916396531216727e-27,1.916396531218358e-27,1.9163965312212686e-27,1.9163965312212683e-27,1.9163965312212686e-27,1.9163965312228822e-27,1.9163965312228815e-27,1.9163965312232765e-27,1.9163965312254005e-27,1.916396531225401e-27,1.9163965312254012e-27,1.9163965312254005e-27,1.9163965312252362e-27,1.9163965312258217e-27,1.91639653122674e-27,1.9163965312267393e-27,1.916396531226739e-27,1.916396531226739e-27,1.916396531226739e-27,1.916396531226739e-27,1.9163965312267397e-27,1.9163965312267397e-27,1.91639653122674e-27,1.91639653122674e-27,1.916396531226739e-27,1.9163965312247813e-27,1.9163965312249022e-27,1.916396531224902e-27,1.9163965312249022e-27,1.916396531224902e-27,1.916396531224902e-27,1.916396531257589e-27,1.9163937077230406e-27,1.9163937076872065e-27,1.9163937076825813e-27,1.9163937076824124e-27,1.916393707679808e-27,1.91639370768167e-27,1.9163937076780118e-27,1.9163937076777463e-27,1.91639370767463e-27,1.916393707675477e-27,1.9163937076754763e-27,1.916393707669956e-27,1.916393707669954e-27,1.916393707837158e-27,1.9163937078247064e-27,1.9163937078247043e-27,1.9163937078262687e-27,1.9163937078273015e-27,1.9163937078298004e-27,1.9163937078297222e-27,1.9163937076962573e-27,1.9163937076956844e-27,1.9163937076956844e-27,1.9163937076956844e-27,1.9163937076864155e-27,1.9163937076864158e-27,1.916393707686416e-27,1.916393707686416e-27,1.9163937077058286e-27,1.9163937077058283e-27,1.9163937077001194e-27,1.9163937077001205e-27,1.91639370770012e-27,1.9163937077136917e-27,1.916393707713691e-27,1.9163937077085535e-27,1.9163937077091275e-27,1.9163937077089245e-27,1.9163937077103433e-27,1.9163937077103433e-27,1.9163937077103433e-27,1.9163937077103422e-27,1.9163937077103422e-27,1.9163937077103425e-27,1.916393707710343e-27,1.916393707682211e-27,1.916393707682212e-27,1.916393707682201e-27,1.9163937076882213e-27,1.9163937076881646e-27,1.9163937077080502e-27,1.9163937077080506e-27,1.916393707708051e-27,1.916393707708044e-27,1.9163937077080456e-27,1.916393707708097e-27,1.916393707708065e-27,1.9163937077080653e-27,1.9163937077080657e-27,1.916393707708119e-27,1.916393707707805e-27,1.9163937077637173e-27,1.9163937077637173e-27,1.9163937077721934e-27,1.916393707766326e-27,1.9163937077662883e-27,1.916393707766288e-27,1.916393707766288e-27,1.916393707766288e-27,1.9163937077660723e-27,1.9163937077666747e-27,1.9163937077666743e-27,1.9163937077649402e-27,1.91639370776494e-27,1.9163937077647414e-27,1.916393707764647e-27,1.9163937077646478e-27,1.9163937077653395e-27,1.9163937077740233e-27,1.9163937077740236e-27,1.9163937077740236e-27,1.9163937077768257e-27,1.9163937077806537e-27,1.916393707780654e-27,1.9163937077806537e-27,1.9163937077806537e-27,1.9163937077806537e-27,1.9163937077806606e-27,1.916393707791971e-27,1.9163937125354444e-27,1.9163937125353318e-27,1.9163937125353677e-27,1.916393712535368e-27,1.916393712535367e-27,1.9163937125353723e-27,1.916393712535372e-27,1.9163937125354538e-27,1.9163937125366537e-27,1.9163937125366545e-27,1.9163937125369587e-27,1.916393712536959e-27,1.916393712536874e-27,1.916393712530019e-27,1.9163937125300186e-27,1.916393712529918e-27,1.9163937125299196e-27,1.9163937125299203e-27,1.916393712483611e-27,1.9163937124826656e-27,1.9163937124826656e-27,1.9163937124826656e-27,1.9163937124826663e-27,1.916393712482667e-27,1.9163937124826864e-27,1.916393712482688e-27,1.916393712482687e-27,1.916393712482688e-27,1.916393712482688e-27,1.916393712482052e-27,1.916393712482045e-27,1.9163937124820453e-27,1.9163937125197865e-27,1.9163937125212347e-27,1.916393712521861e-27,1.916393712521862e-27,1.9163937125237935e-27,1.9163937125080793e-27,1.916393712508079e-27,1.9163937125080818e-27,1.91639371250808e-27,1.9163937125080796e-27,1.9163937125080534e-27,1.9163937125091207e-27,1.916393712509121e-27,1.916393712509121e-27,1.9163937125091408e-27,1.9163937125094313e-27,1.9163937125058996e-27,1.9163937125058996e-27,1.9163937125002245e-27,1.9163937124995e-27,1.9163937124994446e-27,1.9163937124994446e-27,1.9163937124994446e-27,1.916393712499445e-27,1.916393712499445e-27,1.9163937124994442e-27,1.916393712499445e-27,1.9163937125030362e-27,1.9163937125030366e-27,1.9163937125029354e-27,1.9163937125029325e-27,1.916393712502933e-27,1.916393712502933e-27,1.9163937125029325e-27,1.916393712502933e-27,1.916393712503947e-27,1.9163937126134565e-27,1.916393712613709e-27,1.916393712612751e-27,1.916393712612751e-27,1.9163937126127502e-27,1.9163937126129213e-27,1.916393712630179e-27,1.9163937126281502e-27,1.916393712634562e-27,1.916393712634562e-27,1.916393712634562e-27,1.9163937126345615e-27,1.916393712634562e-27,1.916393712634562e-27,1.9163937126345608e-27,1.916393712634561e-27,1.91639371263456e-27,1.9163937126342203e-27,1.91639371263422e-27,1.916393712632818e-27,1.916393712632818e-27,1.916393712636429e-27,1.91639371262662e-27,1.916393712626776e-27,1.9163937126267756e-27,1.9163937126270217e-27,1.9163937126270217e-27,1.9163937126270227e-27,1.916393712622872e-27,1.9163937126228715e-27,1.9163937126277172e-27,1.916393712627705e-27,1.9163937126277154e-27,1.916393712629392e-27,1.9163937126293918e-27,1.9163937126293925e-27,1.9163937126293918e-27,1.916393712629392e-27,1.916393712629392e-27,1.9163937126293986e-27,1.916393712629373e-27,1.916393712629372e-27,1.916393712630728e-27,1.9163937126308852e-27,1.9163937126343222e-27,1.916393712634334e-27,1.9163937126343344e-27,1.916393712634334e-27,1.9163937126339685e-27,1.9163937126339685e-27,1.916393712631306e-27,1.9163937126311905e-27,1.9163937126311847e-27,1.9163937126311844e-27,1.9163937125972178e-27,1.9163937125972174e-27,1.9163937125972393e-27,1.9163937125962693e-27,1.916393712596269e-27,1.916393712596038e-27,1.9163937125960376e-27,1.9163937125960315e-27,1.916393712596032e-27,1.9163937125981405e-27,1.9163937125981398e-27,1.916393712598139e-27,1.916393712598139e-27,1.9163937125981394e-27,1.91639371259814e-27,1.91639371259814e-27,1.916393712598139e-27,1.9163937125856817e-27,1.9163937125851264e-27,1.9163937125851264e-27,1.916393712585127e-27,1.9163937125851264e-27,1.9163937125851264e-27,1.9163937125851246e-27,1.9163937125870434e-27,1.9163937125773153e-27,1.9163937125766797e-27,1.916393712577465e-27,1.916393712577465e-27,1.9163937125774656e-27,1.9163937125774646e-27,1.9163937125774653e-27,1.9163937125773125e-27,1.9163937125773125e-27,1.9163937125773935e-27,1.9163937125773986e-27,1.916393712577399e-27,1.9163937125773996e-27,1.916393712577399e-27,1.9163937125773993e-27,1.9163937125769455e-27,1.9163937125769455e-27,1.916393712576945e-27,1.9163937125781605e-27,1.916393712578161e-27,1.9163937125780658e-27,1.916393712578066e-27,1.9163937125780658e-27,1.9163937116853204e-27,1.91639371168532e-27,1.9163937116855546e-27,1.9163937116855554e-27,1.916393711685555e-27,1.9163937116858e-27,1.9163937116858915e-27,1.916393711685872e-27,1.91639371168587e-27,1.91639371168587e-27,1.9163937116858707e-27,1.9163937116858703e-27,1.9163937116858707e-27,1.9163937116858707e-27,1.9163937116858484e-27,1.916393711685848e-27,1.9163937116858484e-27,1.9163937116858484e-27,1.916393711685848e-27,1.91639371168497e-27,1.9163937116849595e-27,1.916393711682915e-27,1.916393711635218e-27,1.916393711635217e-27,1.916393711635217e-27,1.9163937116352166e-27,1.916393711929139e-27,1.916393711929139e-27,1.9163937119291164e-27,1.916393711929116e-27,1.9163937119291164e-27,1.916393711929116e-27,1.9163937119291164e-27,1.9163937119287637e-27,1.916393711950882e-27,1.916393711950882e-27,1.916393711950594e-27,1.9163937119497377e-27,1.9163937119497377e-27,1.916393711956886e-27,1.916393711956886e-27,1.916393711956885e-27,1.9163937119649724e-27,1.9163937119519816e-27,1.9163937119531296e-27,1.9163937119530485e-27,1.9163937119295146e-27,1.9163937119295128e-27,1.916393711929513e-27,1.9163937119295128e-27,1.9163937119297664e-27,1.9163937119297657e-27,1.9163937119297657e-27,1.916393711929766e-27,1.9163937119298823e-27,1.9163937119299196e-27,1.9166793881810495e-27,1.9166793882058153e-27,1.9166793882058157e-27,1.9166793882029702e-27,1.916679375140016e-27,1.9166793751400166e-27,1.9166793751400166e-27,1.9166793751400155e-27,1.916679375140005e-27,1.916679375141547e-27,1.9166793751415466e-27,1.916679375141547e-27,1.9166793751412122e-27,1.9166793751440165e-27,1.916679375145379e-27,1.916679375144987e-27,1.916679375144987e-27,1.9166793751430647e-27,1.9166793751430655e-27,1.9166793751428025e-27,1.9166793751428025e-27,1.9166793751428025e-27,1.9166793751429725e-27,1.916679375142965e-27,1.916679375142967e-27,1.9166793751429682e-27,1.9166793751429682e-27,1.916679375144732e-27,1.9166793751418303e-27,1.9166793751418282e-27,1.916679375141827e-27,1.9166793751409608e-27,1.9166793751418716e-27,1.9166793751452727e-27,1.9166793751452727e-27,1.9166793751376357e-27,1.9166793751377896e-27,1.9166793751428237e-27,1.9166793751428262e-27,1.916679375142827e-27,1.9166793755112024e-27,1.916679375511203e-27,1.9166793755112013e-27,1.9166793755117968e-27,1.916679375511797e-27,1.9166794025719243e-27,1.9166794025794336e-27,1.9166794025794344e-27,1.9166794025794448e-27,1.9166794025791997e-27,1.9166794025791276e-27,1.9166794025726396e-27,1.916679402572639e-27,1.9166794025744354e-27,1.916679402574435e-27,1.916679402575855e-27,1.916679402575855e-27,1.916679402575855e-27,1.916679402575855e-27,1.916679402560083e-27,1.9166794025600872e-27,1.9166794025600872e-27,1.9166794025600872e-27,1.9166794025558186e-27,1.916679402555819e-27,1.9166794025558125e-27,1.9166794025558133e-27,1.9166794025576848e-27,1.9166794025576927e-27,1.916679402557692e-27,1.9166794025576927e-27,1.916679402550314e-27,1.9166794026513857e-27,1.9166794026526907e-27,1.916679402654366e-27,1.916679402654366e-27,1.9166794026543664e-27,1.916679402654131e-27,1.9166794026549056e-27,1.9166794026537626e-27,1.916679402653766e-27,1.916679402653602e-27,1.9166794026540403e-27,1.9166794026540407e-27,1.9166794026556445e-27,1.916679402655644e-27,1.9166794026552177e-27,1.9166794026947245e-27,1.9166794026947245e-27,1.916679402721096e-27,1.9166794027210953e-27,1.9166794027210953e-27,1.916679402721686e-27,1.916679402721686e-27,1.9166794027155575e-27,1.9166794027157164e-27,1.916679402714122e-27,1.9166794027140835e-27,1.916679402714084e-27,1.9166794027140842e-27,1.9166794027055977e-27,1.9166794026816892e-27,1.9166794026958176e-27,1.9166794026957164e-27,1.9166794026957164e-27,1.916679402695716e-27,1.916679402695715e-27,1.916679402695704e-27,1.916679402695704e-27,1.9166794026957042e-27,1.9166794026957046e-27,1.9166794026960274e-27,1.916679402696027e-27,1.9166794026960274e-27,1.9166794026949153e-27,1.9166794026935174e-27,1.9166794026935647e-27,1.9166794026935647e-27,1.916679402693565e-27,1.916679402693566e-27,1.9166794026935658e-27,1.9166794026935658e-27,1.9166794026935654e-27,1.9166794026935647e-27,1.916679402693565e-27,1.9166794026967714e-27,1.9166794026967732e-27,1.916679402696542e-27,1.916679402689147e-27,1.9166794026891462e-27,1.9166794026891466e-27,1.9166794026891462e-27,1.9166794026891462e-27,1.9166794026891462e-27,1.9166794026890827e-27,1.9166794026890827e-27,1.9166794026890827e-27,1.9166794026901098e-27,1.91667940269226e-27,1.9166794026922604e-27,1.9166794026922593e-27,1.916679402688842e-27,1.9166794026886296e-27,1.9166794026886286e-27,1.916679402688629e-27,1.9166794026206036e-27,1.9166794026206032e-27,1.9166794026206036e-27,1.916679402614864e-27,1.9166794026148642e-27,1.9166794026148534e-27,1.9166794026148585e-27,1.916679402614859e-27,1.9166794026147914e-27,1.9166794026147917e-27,1.916679402614738e-27,1.9166794025995987e-27,1.916679402599599e-27,1.916679402598775e-27,1.9166794025987754e-27,1.9166794025987758e-27,1.916679402598775e-27,1.916679402598462e-27,1.9166794025983385e-27,1.9166794025960996e-27,1.9166794025934773e-27,1.9166794025934784e-27,1.9166794025934787e-27,1.9166794025934235e-27,1.91667940258244e-27,1.9166794025819006e-27,1.916679402584342e-27,1.9166794011736876e-27,1.9166794011732977e-27,1.9166794011732977e-27,1.916679401173298e-27,1.9166794011732977e-27,1.9166794011732916e-27,1.9166794011752416e-27,1.9166794011755953e-27,1.9166794011756753e-27,1.9166794011756753e-27,1.9166794011756567e-27,1.916679401177193e-27,1.9166794011771928e-27,1.9166794011771924e-27,1.916679401177193e-27,1.9166794011771928e-27,1.916679401177193e-27,1.916679401169187e-27,1.9166794011691123e-27,1.9166794011602093e-27,1.9166794011612482e-27,1.916679401160828e-27,1.916679401164037e-27,1.916679401165336e-27,1.916679401165336e-27,1.9166794011653363e-27,1.916679401165336e-27,1.9166794011601092e-27,1.9166794011605767e-27,1.9166794011676853e-27,1.9166794011687805e-27,1.916679401168783e-27,1.9166794011686446e-27,1.9166794011683106e-27,1.91667940116827e-27,1.916679401168295e-27,1.9166794011682948e-27,1.9166794011682944e-27,1.9166794011683264e-27,1.9166794011684293e-27,1.9166794011690216e-27,1.9166794011690223e-27,1.916679401165984e-27,1.9166794011664247e-27,1.91667940116645e-27,1.91667940116645e-27,1.91667940116645e-27,1.9166794011664495e-27,1.9166794011664487e-27,1.916679401166449e-27,1.9166794011664376e-27,1.9166794011663688e-27,1.9166794011663684e-27,1.9166794011663688e-27,1.9166794011663666e-27,1.916679401166401e-27,1.9166794011664018e-27,1.9166794011664014e-27,1.916679401158868e-27,1.9166794011588684e-27,1.9166794011588483e-27,1.9166794011588483e-27,1.916679401161148e-27,1.9166794011611485e-27,1.9166794011611485e-27,1.916679401161148e-27,1.9166794011611496e-27,1.9166794011611496e-27,1.9166794011611492e-27,1.9166794011611377e-27,1.9166794011620105e-27,1.9166794011620105e-27,1.9166794011620112e-27,1.9166794011753048e-27,1.9166794011677266e-27,1.916679401167727e-27,1.9166794011425895e-27,1.9166794011425895e-27,1.916679401142569e-27,1.916679401142561e-27,1.9166794011425396e-27,1.9166794011351214e-27,1.9166794011113927e-27,1.9166794011113995e-27,1.916679401111402e-27,1.916679401112146e-27,1.9166794011121456e-27,1.9166816235828962e-27,1.916681623582897e-27,1.9166816236083038e-27,1.9166816236083038e-27,1.916681623608304e-27,1.916681623608304e-27,1.916681623608304e-27,1.9166816236083038e-27,1.9166816236083038e-27,1.9166816236083034e-27,1.9166816236078392e-27,1.9166816236046576e-27,1.9166816236046576e-27,1.9166816236065944e-27,1.9166816236093818e-27,1.9166816236088186e-27,1.916681623608821e-27,1.9166816236154544e-27,1.916681623615451e-27,1.9166816236154663e-27,1.9166816236152568e-27,1.9166816236152704e-27,1.9166816236152725e-27,1.9166816236152718e-27,1.916681623615272e-27,1.9166816236381356e-27,1.9166816236381356e-27,1.916681623662583e-27,1.916681623662623e-27,1.9166816233419367e-27,1.916681623341937e-27,1.916681623341893e-27,1.916681623341892e-27,1.9166816233419217e-27,1.9166816233419224e-27,1.9166816233419224e-27,1.9166816233416914e-27,1.91668162334168e-27,1.9166816233416806e-27,1.91668162334168e-27,1.9166816233427898e-27,1.916681623342793e-27,1.9166816233427937e-27,1.9166816233427937e-27,1.9166816233427937e-27,1.91668162334201e-27,1.91668162334201e-27,1.91668162334201e-27,1.9166816233420096e-27,1.9166816233420103e-27,1.91668162334201e-27,1.91668162334201e-27,1.916681623341967e-27,1.9166816233418725e-27,1.916681623342972e-27,1.9166816233429717e-27,1.9166816233429717e-27,1.916681623388094e-27,1.916681623388158e-27,1.9166816233881587e-27,1.916681623388159e-27,1.916681623388364e-27,1.9166816233927924e-27,1.9166816233929503e-27,1.916681623392715e-27,1.9166816233927045e-27,1.9166816233938424e-27,1.9166816233938424e-27,1.9166816233945642e-27,1.91668162339457e-27,1.9166816233945413e-27,1.9166816233945703e-27,1.916681623394983e-27,1.916681623394983e-27,1.9166816233949825e-27,1.916681623394983e-27,1.916681623394983e-27,1.916681623394982e-27,1.9166816233965415e-27,1.9166816233963744e-27,1.916681623396374e-27,1.9166816233963744e-27,1.9166816233963755e-27,1.9166816233963747e-27,1.9166816234621365e-27,1.9166816234621358e-27,1.9166816234620565e-27,1.9166816234627783e-27,1.916681623468537e-27,1.9166816234685366e-27,1.9166816234685366e-27,1.916681623468537e-27,1.9166816234685366e-27,1.9166816234685363e-27,1.9166816234686414e-27,1.9166816234686098e-27,1.9166816234767247e-27,1.916681623476725e-27,1.916681623481154e-27,1.916681623481154e-27,1.916681623481154e-27,1.916681623481154e-27,1.916681623481154e-27,1.916681623481154e-27,1.916681623481154e-27,1.916681623481154e-27,1.916681623481154e-27,1.9166816234784362e-27,1.9166816234785324e-27,1.9166816234837433e-27,1.916681623484775e-27,1.9166816234869156e-27,1.916681646143419e-27,1.9166816461434517e-27,1.916681647576238e-27,1.916681647576179e-27,1.9166816475763473e-27,1.916681647577637e-27,1.916681647576097e-27,1.9166816475758143e-27,1.9166816475758153e-27,1.916681647575796e-27,1.9166816475757963e-27,1.9166816475757956e-27,1.9166816475757906e-27,1.9166816475757877e-27,1.9166816475757877e-27,1.916681647575788e-27,1.9166816475757884e-27,1.9166816475757888e-27,1.916681647575788e-27,1.9166816475757884e-27,1.916681647575788e-27,1.9166816475758444e-27,1.9166816475689435e-27,1.9166816475689266e-27,1.916681647568927e-27,1.9166816475689273e-27,1.9166816475689266e-27,1.916681647568928e-27,1.916681647568929e-27,1.9166816475689223e-27,1.916681647571045e-27,1.9166816475709086e-27,1.916681651021829e-27,1.91668165102232e-27,1.9166816510205515e-27,1.916681651020551e-27,1.916681651020551e-27,1.916681651019688e-27,1.9166816510196884e-27,1.916681651019689e-27,1.916681651019681e-27,1.9166816510196823e-27,1.9166816510203105e-27,1.9166816510297986e-27,1.9166816510297982e-27,1.9166816510305473e-27,1.916681650708762e-27,1.9166816507087618e-27,1.916681650710467e-27,1.9166816507102247e-27,1.916681650710187e-27,1.916681650710187e-27,1.9166816507101877e-27,1.9166816507101877e-27,1.9166816507101867e-27,1.9166816507104403e-27,1.9166816506920294e-27,1.916681650692029e-27,1.916681650692323e-27,1.9166816506923225e-27,1.916681655452942e-27,1.916681655458292e-27,1.9166816554549242e-27,1.9166816554549242e-27,1.9166816554549242e-27,1.9166816554549246e-27,1.9166816554549242e-27,1.916681655452121e-27,1.9166816554521208e-27,1.9166816554806755e-27,1.9166816554806755e-27,1.916681655480676e-27,1.9166816554806762e-27,1.9166816554806762e-27,1.9166816553589278e-27,1.9166816553567266e-27,1.9166816553569516e-27,1.916681655356952e-27,1.9166816553563704e-27,1.91668165535637e-27,1.9166816553566438e-27,1.9166816553566434e-27,1.9166816553566126e-27,1.91668165536408e-27,1.9166816553650872e-27,1.916681655365086e-27,1.9166816553650865e-27,1.9166816553657527e-27,1.9166816553651565e-27,1.916681654837316e-27,1.9166816548389556e-27,1.916681654838956e-27,1.9166816548389556e-27,1.9166816548388372e-27,1.9166816548388372e-27,1.9166816548406108e-27,1.9166816548406104e-27,1.9166816548406115e-27,1.9166816548458425e-27,1.9166816548458415e-27,1.9166816548451523e-27,1.916681654853346e-27,1.91668165485336e-27,1.9166816548541415e-27,1.916681654847207e-27,1.9166816548472068e-27,1.9166816548472068e-27,1.9166816548472068e-27,1.9166816548472068e-27,1.9166816548472068e-27,1.9166816548472068e-27,1.916681654847206e-27,1.9166816548472068e-27,1.9166816548477926e-27,1.9166816548477922e-27,1.9166816548477922e-27,1.916681654847793e-27,1.9166816548477926e-27,1.9166816548477926e-27,1.9166816548477926e-27,1.916681654847793e-27,1.916681654847793e-27,1.916681654847602e-27,1.9166816548476018e-27,1.916681654847602e-27,1.9166816548476018e-27,1.916681654847602e-27,1.916681654847602e-27,1.91668165484763e-27,1.9166816548632486e-27,1.9166816548631643e-27,1.9166816548631654e-27,1.9166816548631654e-27,1.9166816548631654e-27,1.9166816548631657e-27,1.9166816548631654e-27,1.9166816548631657e-27,1.9166816548631654e-27,1.9166816548631632e-27,1.916681654863599e-27,1.9166816548635987e-27,1.9166816548543678e-27,1.9166816548543678e-27,1.916681654854367e-27,1.916681654854366e-27,1.9166816548543768e-27,1.9166816548543527e-27,1.916681654855168e-27,1.9166816548551685e-27,1.916681654855108e-27,1.916681654855108e-27,1.9166816548551082e-27,1.916681654855344e-27,1.916681654855345e-27,1.916681654855124e-27,1.916681654858125e-27,1.916681654858105e-27,1.916681654858104e-27,1.916681654858104e-27,1.916681654858104e-27,1.9166816548414136e-27,1.9166816548414133e-27,1.9166816548414133e-27,1.9166816548414136e-27,1.9166816548414133e-27,1.9166816548478012e-27,1.9166816548478012e-27,1.9166816548478012e-27,1.916681654847801e-27,1.9166816548477966e-27,1.916681654847798e-27,1.9166816548477983e-27,1.916681654847796e-27,1.9166816548477962e-27,1.916681654446059e-27,1.9166816544851278e-27,1.9166816544850155e-27,1.916681654653352e-27,1.916681654653351e-27,1.9166816546533424e-27,1.9166816546533396e-27,1.9166816546533284e-27,1.916681654657481e-27,1.9166816546571783e-27,1.9166816546571507e-27,1.9166816546571464e-27,1.9166816546574625e-27,1.916681654657463e-27,1.9166816546442862e-27,1.9166816546442877e-27,1.9166816544224382e-27,1.916681654422438e-27,1.916681654421591e-27,1.916681654433622e-27,1.9166816544337455e-27,1.9166816544337444e-27
3,0.04764223879568619,0.04764223879568619,0.04764223879568619,0.04764223879568619,0.04764223879568619,0.04764223879568619,0.04764223879568619,0.04764223879568619,0.04764223879568619,0.04764223879568619,0.04764223879568619,0.04764223879568619,0.04764223879568619,0.04764223879568619,0.04764223879568619,0.04764223879568619,0.04764223879568619,0.04764223879568619,0.04764223879568619,0.04764223879568619,0.04764223879568619,0.04764223879568619,0.04764223879568619,0.04764223879568619,0.04764223879568619,0.04764223879568619,0.04764223879568619,0.04764223879568619,0.04764223879568619,0.04764223879568619,0.04764223879568619,0.04764223879568619,0.04764223879568619,0.04764223879568619,0.04764223879568619,0.04764223879568619,0.04764223879568619,0.04764223879568619,0.04764223879568619,0.04764223879568619,0.04764223879568619,0.04764223879568619,0.04764223879568619,0.04764223879568619,0.04764223879568619,0.04764223879568619,0.04764223879568619,0.04764223879568619,0.04764223879568619,0.04764223879568619,0.04764223879568619,0.04764223879568619,0.04764223879568619,0.04764223879568619,0.04764223879568619,0.04764223879568619,0.04764223879568619,0.04764223879568619,0.04764223879568619,0.04764223879568619,0.04764223879568619,0.04764223879568619,0.04764223879568619,0.04764223879568619,0.04764223879568619,0.04764223879568619,0.04764223879568619,0.04764223879568619,0.04764223879568619,0.04764223879568619,0.04764223879568619,0.04764223879568619,0.04764223879568619,0.04764223879568619,0.04764223879568619,0.04764223879568619,0.04764223879568619,0.04764223879568619,0.04764223879568619,0.04764223879568619,0.04764223879568619,0.04764223879568619,0.04764223879568619,0.04764223879568619,0.04764223879568619,0.04764223879568619,0.04764223879568619,0.04764223879568619,0.04764223879568619,0.04764223879568619,0.04764223879568619,0.04764223879568619,0.04764223879568619,0.04764223879568619,0.04764223879568619,0.04764223879568619,0.04764223879568619,0.04764223879568619,0.04764223879568619,0.04764223879568619,0.04764223879568619,0.04764223879568619,0.04764223879568619,0.04764223879568619,0.04764223879568619,0.04764223879568619,0.04764223879568619,0.04764223879568619,0.04764223879568619,0.04764223879568619,0.04764223879568619,0.04764223879568619,0.04764223879568619,0.04764223879568619,0.04764223879568619,0.04764223879568619,0.04764223879568619,0.04764223879568619,0.04764223879568619,0.04764223879568619,0.04764223879568619,0.04764223879568619,0.04764223879568619,0.04764223879568619,0.04764223879568619,0.04764223879568619,0.04764223879568619,0.04764223879568619,0.04764223879568619,0.04764223879568619,0.04764223879568619,0.04764223879568619,0.04764223879568619,0.04764223879568619,0.04764223879568619,0.04764223879568619,0.04764223879568619,0.04764223879568619,0.04764223879568619,0.04764223879568619,0.04764223879568619,0.04764223879568619,0.04764223879568619,0.04764223879568619,0.04764223879568619,0.04764223879568619,0.04764223879568619,0.04764223879568619,0.04764223879568619,0.04764223879568619,0.04764223879568619,0.04764223879568619,0.04764223879568619,0.04764223879568619,0.04764223879568619,0.04764223879568619,0.04764223879568619,0.04764223879568619,0.04764223879568619,0.04764223879568619,0.04764223879568619,0.04764223879568619,0.04764223879568619,0.04764223879568619,0.04764223879568619,0.04764223879568619,0.04764223879568619,0.04764223879568619,0.04764223879568619,0.04764223879568619,0.04764223879568619,0.04764223879568619,0.04764223879568619,0.04764223879568619,0.04764223879568619,0.04764223879568619,0.04764223879568619,0.04764223879568619,0.04764223879568619,0.04764223879568619,0.04764223879568619,0.04764223879568619,0.04764223879568619,0.04764223879568619,0.04764223879568619,0.04764223879568619,0.04764223879568619,0.04764223879568619,0.04764223879568619,0.04764223879568619,0.04764223879568619,0.04764223879568619,0.04764223879568619,0.04764223879568619,0.04764223879568619,0.04764223879568619,0.04764223879568619,0.04764223879568619,0.04764223879568619,0.04764223879568619,0.04764223879568619,0.04764223879568619,0.04764223879568619,0.04764223879568619,0.04764223879568619,0.04764223879568619,0.04764223879568619,0.04764223879568619,0.04764223879568619,0.04764223879568619,0.04764223879568619,0.04764223879568619,0.04764223879568619,0.04764223879568619,0.04764223879568619,0.04764223879568619,0.04764223879568619,0.04764223879568619,0.04764223879568619,0.04764223879568619,0.04764223879568619,0.04764223879568619,0.04764223879568619,0.04764223879568619,0.04764223879568619,0.04764223879568619,0.04764223879568619,0.04764223879568619,0.04764223879568619,0.04764223879568619,0.04764223879568619,0.04764223879568619,0.04764223879568619,0.04764223879568619,0.04764223879568619,0.04764223879568619,0.04764223879568619,0.04764223879568619,0.04764223879568619,0.04764223879568619,0.04764223879568619,0.04764223879568619,0.04764223879568619,0.04764223879568619,0.04764223879568619,0.04764223879568619,0.04764223879568619,0.04764223879568619,0.04764223879568619,0.04764223879568619,0.04764223879568619,0.04764223879568619,0.04764223879568619,0.04764223879568619,0.04764223879568619,0.04764223879568619,0.04764223879568619,0.04764223879568619,0.04764223879568619,0.04764223879568619,0.04764223879568619,0.04764223879568619,0.04764223879568619,0.04764223879568619,0.04764223879568619,0.04764223879568619,0.04764223879568619,0.04764223879568619,0.04764223879568619,0.04764223879568619,0.04764223879568619,0.04764223879568619,0.04764223879568619,0.04764223879568619,0.04764223879568619,0.04764223879568619,0.04764223879568619,0.04764223879568619,0.04764223879568619,0.04764223879568619,0.04764223879568619,0.04764223879568619,0.04764223879568619,0.04764223879568619,0.04764223879568619,0.04764223879568619,0.04764223879568619,0.04764223879568619,0.04764223879568619,0.04764223879568619,0.04764223879568619,0.04764223879568619,0.04764223879568619,0.04764223879568619,0.04764223879568619,0.04764223879568619,0.04764223879568619,0.04764223879568619,0.04764223879568619,0.04764223879568619,0.04764223879568619,0.04764223879568619,0.04764223879568619,0.04764223879568619,0.04764223879568619,0.04764223879568619,0.04764223879568619,0.04764223879568619,0.04764223879568619,0.04764223879568619,0.04764223879568619,0.04764223879568619,0.04764223879568619,0.04764223879568619,0.04764223879568619,0.04764223879568619,0.04764223879568619,0.04764223879568619,0.04764223879568619,0.04764223879568619,0.04764223879568619,0.04764223879568619,0.04764223879568619,0.04764223879568619,0.04764223879568619,0.04764223879568619,0.04764223879568619,0.04764223879568619,0.04764223879568619,0.04764223879568619,0.04764223879568619,0.04764223879568619,0.04764223879568619,0.04764223879568619,0.04764223879568619,0.04764223879568619,0.04764223879568619,0.04764223879568619,0.04764223879568619,0.04764223879568619,0.04764223879568619,0.04764223879568619,0.04764223879568619,0.04764223879568619,0.04764223879568619,0.04764223879568619,0.04764223879568619,0.04764223879568619,0.04764223879568619,0.04764223879568619,0.04764223879568619,0.04764223879568619,0.04764223879568619,0.04764223879568619,0.04764223879568619,0.04764223879568619,0.04764223879568619,0.04764223879568619,0.04764223879568619,0.04764223879568619,0.04764223879568619,0.04764223879568619,0.04764223879568619,0.04764223879568619,0.04764223879568619,0.04764223879568619,0.04764223879568619,0.04764223879568619,0.04764223879568619,0.04764223879568619,0.04764223879568619,0.04764223879568619,0.04764223879568619,0.04764223879568619,0.04764223879568619,0.04764223879568619,0.04764223879568619,0.04764223879568619,0.04764223879568619,0.04764223879568619,0.04764223879568619,0.04764223879568619,0.04764223879568619,0.04764223879568619,0.04764223879568619,0.04764223879568619,0.04764223879568619,0.04764223879568619,0.04764223879568619,0.04764223879568619,0.04764223879568619,0.04764223879568619,0.04764223879568619,0.04764223879568619,0.04764223879568619,0.04764223879568619,0.04764223879568619,0.04764223879568619,0.04764223879568619,0.04764223879568619,0.04764223879568619,0.04764223879568619,0.04764223879568619,0.04764223879568619,0.04764223879568619,0.04764223879568619,0.04764223879568619,0.04764223879568619,0.04764223879568619,0.04764223879568619,0.04764223879568619,0.04764223879568619,0.04764223879568619,0.04764223879568619,0.04764223879568619,0.04764223879568619,0.04764223879568619,0.04764223879568619,0.04764223879568619,0.04764223879568619,0.04764223879568619,0.04764223879568619,0.04764223879568619,0.04764223879568619,0.04764223879568619,0.04764223879568619,0.04764223879568619,0.04764223879568619,0.04764223879568619,0.04764223879568619,0.04764223879568619,0.04764223879568619,0.04764223879568619,0.04764223879568619,0.04764223879568619,0.04764223879568619,0.04764223879568619,0.04764223879568619,0.04764223879568619,0.04764223879568619,0.04764223879568619,0.04764223879568619,0.04764223879568619,0.04764223879568619,0.04764223879568619,0.04764223879568619,0.04764223879568619,0.04764223879568619,0.04764223879568619,0.04764223879568619,0.04764223879568619,0.04764223879568619,0.04764223879568619,0.04764223879568619,0.04764223879568619,0.04764223879568619,0.04764223879568619,0.04764223879568619,0.04764223879568619,0.04764223879568619,0.04764223879568619,0.04764223879568619,0.04764223879568619,0.04764223879568619,0.04764223879568619,0.04764223879568619,0.04764223879568619,0.04764223879568619,0.04764223879568619,0.04764223879568619,0.04764223879568619,0.04764223879568619,0.04764223879568619,0.04764223879568619,0.04764223879568619,0.04764223879568619,0.04764223879568619,0.04764223879568619,0.04764223879568619,0.04764223879568619,0.04764223879568619,0.04764223879568619,0.04764223879568619,0.04764223879568619,0.04764223879568619,0.04764223879568619,0.04764223879568619,0.04764223879568619,0.04764223879568619,0.04764223879568619,0.04764223879568619,0.04764223879568619,0.04764223879568619,0.04764223879568619,0.04764223879568619,0.04764223879568619,0.04764223879568619,0.04764223879568619,0.04764223879568619,0.04764223879568619,0.04764223879568619,0.04764223879568619,0.04764223879568619,0.04764223879568619,0.04764223879568619,0.04764223879568619,0.04764223879568619,0.04764223879568619,0.04764223879568619,0.04764223879568619,0.04764223879568619,0.04764223879568619,0.04764223879568619,0.04764223879568619,0.04764223879568619,0.04764223879568619,0.04764223879568619,0.04764223879568619,0.04764223879568619,0.04764223879568619,0.04764223879568619,0.04764223879568619,0.04764223879568619,0.04764223879568619,0.04764223879568619,0.04764223879568619,0.04764223879568619,0.04764223879568619,0.04764223879568619,0.04764223879568619,0.04764223879568619,0.04764223879568619,0.04764223879568619,0.04764223879568619,0.04764223879568619,0.04764223879568619,0.04764223879568619,0.04764223879568619,0.04764223879568619,0.04764223879568619,0.04764223879568619,0.04764223879568619,0.04764223879568619,0.04764223879568619,0.04764223879568619,0.04764223879568619,0.04764223879568619,0.04764223879568619,0.04764223879568619,0.04764223879568619,0.04764223879568619,0.04764223879568619,0.04764223879568619,0.04764223879568619,0.04764223879568619,0.04764223879568619,0.04764223879568619,0.04764223879568619,0.04764223879568619,0.04764223879568619,0.04764223879568619,0.04764223879568619,0.04764223879568619,0.04764223879568619,0.04764223879568619,0.04764223879568619,0.04764223879568619,0.04764223879568619,0.04764223879568619,0.04764223879568619,0.04764223879568619,0.04764223879568619,0.04764223879568619,0.04764223879568619,0.04764223879568619,0.04764223879568619,0.04764223879568619,0.04764223879568619,0.04764223879568619,0.04764223879568619,0.04764223879568619,0.04764223879568619,0.04764223879568619,0.04764223879568619,0.04764223879568619,0.04764223879568619,0.04764223879568619,0.04764223879568619,0.04764223879568619,0.04764223879568619,0.04764223879568619,0.04764223879568619,0.04764223879568619,0.04764223879568619,0.04764223879568619,0.04764223879568619,0.04764223879568619,0.04764223879568619,0.04764223879568619,0.04764223879568619,0.04764223879568619,0.04764223879568619,0.04764223879568619,0.04764223879568619,0.04764223879568619,0.04764223879568619,0.04764223879568619,0.04764223879568619,0.04764223879568619,0.04764223879568619,0.04764223879568619,0.04764223879568619,0.04764223879568619,0.04764223879568619,0.04764223879568619,0.04764223879568619,0.04764223879568619,0.04764223879568619,0.04764223879568619,0.04764223879568619,0.04764223879568619,0.04764223879568619,0.04764223879568619,0.04764223879568619,0.04764223879568619,0.04764223879568619,0.04764223879568619,0.04764223879568619,0.04764223879568619,0.04764223879568619,0.04764223879568619,0.04764223879568619,0.04764223879568619,0.04764223879568619,0.04764223879568619,0.04764223879568619,0.04764223879568619,0.04764223879568619,0.04764223879568619,0.04764223879568619,0.04764223879568619,0.04764223879568619,0.04764223879568619,0.04764223879568619,0.04764223879568619,0.04764223879568619,0.04764223879568619,0.04764223879568619,0.04764223879568619,0.04764223879568619,0.04764223879568619,0.04764223879568619,0.04764223879568619,0.04764223879568619,0.04764223879568619,0.04764223879568619,0.04764223879568619,0.04764223879568619,0.04764223879568619,0.04764223879568619,0.04764223879568619,0.04764223879568619,0.04764223879568619,0.04764223879568619,0.04764223879568619,0.04764223879568619,0.04764223879568619,0.04764223879568619,0.04764223879568619,0.04764223879568619,0.04764223879568619,0.04764223879568619,0.04764223879568619,0.04764223879568619,0.04764223879568619,0.04764223879568619,0.04764223879568619,0.04764223879568619,0.04764223879568619,0.04764223879568619,0.04764223879568619,0.04764223879568619,0.04764223879568619,0.04764223879568619,0.04764223879568619,0.04764223879568619,0.04764223879568619,0.04764223879568619,0.04764223879568619,0.04764223879568619,0.04764223879568619,0.04764223879568619,0.04764223879568619,0.04764223879568619,0.04764223879568619,0.04764223879568619,0.04764223879568619,0.04764223879568619,0.04764223879568619,0.04764223879568619,0.04764223879568619,0.04764223879568619,0.04764223879568619,0.04764223879568619,0.04764223879568619,0.04764223879568619,0.04764223879568619,0.04764223879568619,0.04764223879568619,0.04764223879568619,0.04764223879568619,0.04764223879568619,0.04764223879568619,0.04764223879568619,0.04764223879568619,0.04764223879568619,0.04764223879568619,0.04764223879568619,0.04764223879568619,0.04764223879568619,0.04764223879568619,0.04764223879568619,0.04764223879568619,0.04764223879568619,0.04764223879568619,0.04764223879568619,0.04764223879568619,0.04764223879568619,0.04764223879568619,0.04764223879568619,0.04764223879568619,0.04764223879568619,0.04764223879568619,0.04764223879568619,0.04764223879568619,0.04764223879568619,0.04764223879568619,0.04764223879568619,0.04764223879568619,0.04764223879568619,0.04764223879568619,0.04764223879568619,0.04764223879568619,0.04764223879568619,0.04764223879568619,0.04764223879568619,0.04764223879568619,0.04764223879568619,0.04764223879568619,0.04764223879568619,0.04764223879568619,0.04764223879568619,0.04764223879568619,0.04764223879568619,0.04764223879568619,0.04764223879568619,0.04764223879568619,0.04764223879568619,0.04764223879568619,0.04764223879568619,0.04764223879568619,0.04764223879568619,0.04764223879568619,0.04764223879568619,0.04764223879568619,0.04764223879568619,0.04764223879568619,0.04764223879568619,0.04764223879568619,0.04764223879568619,0.04764223879568619,0.04764223879568619,0.04764223879568619,0.04764223879568619,0.04764223879568619,0.04764223879568619,0.04764223879568619,0.04764223879568619,0.04764223879568619,0.04764223879568619,0.04764223879568619,0.04764223879568619,0.04764223879568619,0.04764223879568619,0.04764223879568619,0.04764223879568619,0.04764223879568619,0.04764223879568619,0.04764223879568619,0.04764223879568619,0.04764223879568619,0.04764223879568619,0.04764223879568619,0.04764223879568619,0.04764223879568619,0.04764223879568619,0.04764223879568619,0.04764223879568619,0.04764223879568619,0.04764223879568619,0.04764223879568619,0.04764223879568619,0.04764223879568619,0.04764223879568619,0.04764223879568619,0.04764223879568619,0.04764223879568619,0.04764223879568619,0.04764223879568619,0.04764223879568619,0.04764223879568619,0.04764223879568619,0.04764223879568619,0.04764223879568619,0.04764223879568619,0.04764223879568619,0.04764223879568619,0.04764223879568619,0.04764223879568619,0.04764223879568619,0.04764223879568619,0.04764223879568619,0.04764223879568619,0.04764223879568619,0.04764223879568619,0.04764223879568619,0.04764223879568619,0.04764223879568619,0.04764223879568619,0.04764223879568619,0.04764223879568619,0.04764223879568619,0.04764223879568619,0.04764223879568619,0.04764223879568619,0.04764223879568619,0.04764223879568619,0.04764223879568619,0.04764223879568619,0.04764223879568619,0.04764223879568619,0.04764223879568619,0.04764223879568619,0.04764223879568619,0.04764223879568619,0.04764223879568619,0.04764223879568619,0.04764223879568619,0.04764223879568619,0.04764223879568619,0.04764223879568619,0.04764223879568619,0.04764223879568619,0.04764223879568619,0.04764223879568619,0.04764223879568619,0.04764223879568619,0.04764223879568619,0.04764223879568619,0.04764223879568619,0.04764223879568619,0.04764223879568619,0.04764223879568619,0.04764223879568619,0.04764223879568619,0.04764223879568619,0.04764223879568619,0.04764223879568619,0.04764223879568619,0.04764223879568619,0.04764223879568619,0.04764223879568619,0.04764223879568619,0.04764223879568619,0.04764223879568619,0.04764223879568619,0.04764223879568619,0.04764223879568619,0.04764223879568619,0.04764223879568619,0.04764223879568619,0.04764223879568619,0.04764223879568619,0.04764223879568619,0.04764223879568619,0.04764223879568619,0.04764223879568619,0.04764223879568619,0.04764223879568619,0.04764223879568619,0.04764223879568619,0.04764223879568619,0.04764223879568619,0.04764223879568619,0.04764223879568619,0.04764223879568619,0.04764223879568619,0.04764223879568619,0.04764223879568619,0.04764223879568619,0.04764223879568619,0.04764223879568619,0.04764223879568619,0.04764223879568619,0.04764223879568619,0.04764223879568619,0.04764223879568619,0.04764223879568619,0.04764223879568619,0.04764223879568619,0.04764223879568619,0.04764223879568619,0.04764223879568619,0.04764223879568619,0.04764223879568619,0.04764223879568619,0.04764223879568619,0.04764223879568619,0.04764223879568619,0.04764223879568619,0.04764223879568619,0.04764223879568619,0.04764223879568619,0.04764223879568619,0.04764223879568619,0.04764223879568619,0.04764223879568619,0.04764223879568619,0.04764223879568619,0.04764223879568619,0.04764223879568619,0.04764223879568619,0.04764223879568619,0.04764223879568619,0.04764223879568619,0.04764223879568619,0.04764223879568619,0.04764223879568619,0.04764223879568619,0.04764223879568619,0.04764223879568619,0.04764223879568619,0.04764223879568619,0.04764223879568619,0.04764223879568619,0.04764223879568619,0.04764223879568619,0.04764223879568619,0.04764223879568619,0.04764223879568619,0.04764223879568619,0.04764223879568619,0.04764223879568619,0.04764223879568619,0.04764223879568619,0.04764223879568619,0.04764223879568619,0.04764223879568619,0.04764223879568619,0.04764223879568619,0.04764223879568619,0.04764223879568619,0.04764223879568619,0.04764223879568619,0.04764223879568619,0.04764223879568619,0.04764223879568619,0.04764223879568619,0.04764223879568619,0.04764223879568619,0.04764223879568619,0.04764223879568619,0.04764223879568619,0.04764223879568619,0.04764223879568619,0.04764223879568619,0.04764223879568619,0.04764223879568619,0.04764223879568619,0.04764223879568619,0.04764223879568619,0.04764223879568619,0.04764223879568619,0.04764223879568619,0.04764223879568619,0.04764223879568619,0.04764223879568619,0.04764223879568619,0.04764223879568619,0.04764223879568619,0.04764223879568619,0.04764223879568619,0.04764223879568619,0.04764223879568619,0.04764223879568619,0.04764223879568619,0.04764223879568619,0.04764223879568619,0.04764223879568619,0.04764223879568619,0.047639844761282725,0.04763743365850964,0.0476350056387482,0.04763256077694688,0.047630099087177025,0.04762762053490726,0.04762512504666625,0.047622612517632654,0.0476200828175834,0.047617535795544966,0.047614971283420786,0.0476123890988118,0.047609789047202075,0.04760717092364454,0.04760453451405422,0.04760187959619274,0.047599205940410116,0.04759651331019638,0.047593801462583255,0.0475910701484277,0.04758831911260288,0.04758554809411557,0.04758275682616509,0.047579945036156444,0.04757711244567586,0.04757425877043656,0.04757138372020008,0.047568486998677204,0.04756556830341229,0.04756262732565297,0.04755966375020738,0.04755667725528999,0.047553667512357935,0.04755063418593716,0.04754757693344051,0.04754449540497669,0.04754138924315105,0.04753825808285841,0.04753510155106691,0.04753191926659411,0.04752871083987399,0.047525475872715495,0.04752221395805182,0.04751892467968025,0.04751560761199241,0.047512262319694576,0.04750888835751699,0.04750548526991275,0.04750205259074486,0.04749858984296172,0.047495096538259896,0.047491572176734165,0.047488016246513644,0.047484428223384015,0.047480807570394655,0.04747715373745031,0.047473466160886414,0.04746974426302724,0.04746598745172634,0.04746219511988798,0.04745836664496899,0.047454501388459816,0.04745059869534406,0.04744665789353507,0.04744267829328856,0.04743865918659018,0.04743459984651645,0.0474304995265681,0.0474263574599737,0.04742217285896311,0.047417944914007595,0.04741367279302644,0.04740935564055712,0.04740499257688757,0.04740058269714818,0.047396125070361506,0.047391618738447376,0.047387062715180416,0.04738245598509776,0.04737779750235404,0.04737308618952028,0.047368320936323614,0.04736350059832442,0.04735862399552684,0.04735368991091901,0.04734869708893831,0.04734364423385759,0.04733853000808674,0.04733335303038502,0.04732811187397788,0.04732280506457259,0.04731743107826605,0.047311988339337176,0.04730647521791736,0.04730089002752977,0.047295231022489274,0.04728949639515325,0.047283684273012924,0.04727779271561456,0.0472718197112978,0.047265763173738706,0.04725962093828328,0.0472533907580559,0.04724707029982665,0.0472406571396186,0.047234148758036484,0.04722754253529458,0.04722083574592112,0.047214025553113284,0.047207109002715665,0.04720008301679135,0.04719294438675298,0.04718568976601694,0.047178315662141215,0.0471708184284032,0.04716319425476894,0.04715543915820123,0.047147548972248224,0.0471395193358476,0.04713134568127584,0.04712302322116338,0.04711454693448807,0.047105911551450524,0.04709711153712347,0.047088141073754766,0.04707899404159075,0.047069663998070256,0.04706014415522229,0.047050427355079756,0.04704050604289933,0.04703037223795013,0.04702001750160536,0.04700943290243514,0.04699860897795983,0.046987535692677725,0.04697620239192771,0.04696459775108664,0.04695270971953077,0.04694052545870687,0.04692803127356423,0.04691521253648432,0.04690205360271305,0.04688853771614537,0.04687464690412674,0.046860361859717696,0.04684566180960902,0.04683052436556215,0.046814925356879915,0.0467988386409629,0.0467822358884667,0.04676508633891557,0.04674735652183089,0.04672900993744618,0.046710006689874066,0.04669030306409302,0.046669851036259015,0.04664859770451255,0.04662648462451843,0.04660344703024663,0.04657941291575404,0.04655430194761272,0.04652802416972355,0.0465004784519164,0.04647155062013767,0.046441111187944945,0.04640901258477481,0.046397221612120426,0.04636260341347056,0.046325886458631324,0.046286832327259435,0.04624516212764231,0.046200547110042164,0.04615259651349919,0.046100841615685145,0.04604471450194712,0.04598351937325753,0.04591639312516047,0.045842250197532866,0.04575970387223193,0.04566695149737271,0.04556160311495708,0.04544041907746893,0.04529889784428433,0.04513061267362272,0.04492612649163242,0.04467122677748131,0.044344247231446,0.043913039360359826,0.04333565591571729,0.043115086711731275,0.043115086711612426,0.04229439611788948,0.041297056050767396,0.040177420285621025,0.038997696440000805,0.037791630373209054,0.03653853973646851,0.03516343715238489,0.03359543383516035,0.031845399493575365,0.030004186265344953,0.028175670171113595,0.02643155014103037,0.02480753329352489,0.023315473585462387,0.02195448415868363,0.0207176298269115,0.019595435732613044,0.018577660234639658,0.01765418555771024,0.01681545431933041,0.016052664178750675,0.015357831008608323,0.014723781154794592,0.014144107117609588,0.013613106305215226,0.013125713999193888,0.012677436676629728,0.01226428890067511,0.011882735286024217,0.0115296380700036,0.011202210281684598,0.010897974214448797,0.01061472477489245,0.010350497231231003,0.010103538883794044,0.009872284204761394,0.009655333030672574,0.009451431432549407,0.009259454929661272,0.009078393752035396,0.00890733989316946,0.008745475726393597,0.00859206398760373,0.008446438952195854,0.00830799865643208,0.008176198032622147,0.0080505428448296,0.007930584326074196,0.00781591443082176,0.0077061616278547105,0.007600987167866793,0.007500081768757798,0.007403162668549202,0.007309971002275614,0.0072202694650271,0.007133840226901408,0.007050483071290944,0.0069700137307605855,0.006892262397240188,0.006817072387497136,0.006744298946023791,0.006673808170053282,0.006605476043248856,0.006539187566008988,0.0064748359719838415,0.006412322021348236,0.006351553362738539,0.0062924439565117994,0.006234913552818659,0.0061788872188249435,0.0061242949100147725,0.006071071080939018,0.006019154331577392,0.0059684870855163386,0.005919015296967182,0.005870688183608855,0.005823457982837303,0.0057772797290665786,0.00573211105010493,0.005687911980751654,0.005644644792025758,0.005602273834512337,0.005560765394568826,0.005520087562177255,0.005480210109376053,0.005441104378330934,0.005402743178206072,0.005365100690010379,0.005328152378741892,0.005291874912222652,0.00525624608594722,0.005221244753685236,0.005186850762954958,0.005153044895192583,0.0051198088105413935,0.005087124996125471,0.005054976718249718,0.005023347977772779,0.00499222346861723,0.0049615885390571655,0.004931429155643977,0.0049017318694995725,0.004872483784828078,0.004843672529501885,0.004815286227509476,0.004787313473166157,0.00475974330696295,0.004732565192865504,0.004705768997124722,0.004679344968262355,0.004653283718311514,0.004627576205177622,0.004602213716064227,0.004577187851808934,0.004552490512183362,0.0045281138819973175,0.0045040504180491854,0.004480292836625987,0.004456834102033958,0.004433667415457209,0.004410786204473043,0.004388184113310995,0.004365854993425853,0.0043437928946740145,0.004321992056929077,0.004300446902125404,0.004279152026724526,0.00425810219454921,0.004237292329990512,0.004216717511548631,0.0041963729656850106,0.004176254060999656,0.004156356302664884,0.004136675327134472,0.0041172068971190665,0.004097946896775385,0.004078891327135061,0.004060036301748699,0.00404137804251531,0.004022912875727242,0.004004637228263559,0.0039865476239634295,0.003968640680163982,0.003950913104419117,0.003933361691309966,0.003915983319412123,0.003898774948418344,0.003881733616349268,0.0038648564368801304,0.0038481405968873246,0.003831583353865015,0.003815182033681151,0.003798934028309146,0.003782836793673422,0.0037668878475859854,0.003751084767795617,0.0037354251899984602,0.0037199068060930316,0.0037045273623776687,0.0036892846578760173,0.003674176542725079,0.003659200916547709,0.0036443557270013803,0.0036296389683588936,0.0036150486800612305,0.00360058294536851,0.003586239890155766,0.0035720176815403942,0.0035579145267682485,0.003543928672029664,0.0035300584013565027,0.0035163020355081075,0.0035026579309932926,0.0034891244790185507,0.003475700104518523,0.003462383265316177,0.0034491724510793006,0.003436066182532619,0.0034230630105899257,0.003410161515610603,0.00339736030647113,0.0033846580199247953,0.0033720533198824685,0.0033595448965589056,0.0033471314659333992,0.003334811769014664,0.003322584571211962,0.0033104486617039582,0.0032984028528424366,0.0032864459795571405,0.0032745768987824564,0.003262794488991328,0.0032510976495171216,0.0032394853001531526,0.003227956380601621,0.00321650985002261,0.00320514468651172,0.0031938598866958117,0.00318265446528613,0.0031715274545917682,0.003160477904196909,0.0031495048804758828,0.003138607466239782,0.003127784760341405,0.0031170358773118943,0.0031063599470010166,0.0030957561142208644,0.003085223538414334,0.0030747613933235613,0.0030643688666684033,0.0030540451598299184,0.0030437894875523486,0.003033601077650142,0.00302347917071017,0.003013423019848448,0.0030034318903818503,0.0029935050595956297,0.002983641816497228,0.002973841461553395,0.0029641033064564267,0.002954426673855635,0.0029448108971486583,0.0029352553202772525,0.002925759297472988,0.0029163221930711978,0.002906943381235983,0.0028976222459443156,0.0028883581805671807,0.0028791505877044906,0.0028699988791602874,0.002860902475636719,0.0028518608065644393,0.0028428733099475035,0.0028339394321891384,0.002825058627940088,0.002816230359905787,0.002807454098714278,0.002798729322759741,0.0027900555180417194,0.002781432178026695,0.002772858803500422,0.0027643349024543636,0.0027558599898983563,0.0027474335877642198,0.002739055224784225,0.002730724436331614,0.0027224407643052853,0.002714203757059638,0.0027060129692007755,0.0026978679615363584,0.002689768300920193,0.002681713560184636,0.0026737033179975193,0.0026657371587734016,0.0026578146725730546,0.002649935454977119,0.0026420991070004577,0.0026343052350732655,0.0026265534508018514,0.002618843370981064,0.0026111746174393006,0.002603546817021891,0.002595959601457093,0.0025884126072864768,0.0025809054757667295,0.0025734378528107548,0.00256600938888873,0.0025586197389663038,0.0025512685624118634,0.0025439555229505874,0.0025366802885598426,0.002529442531414718,0.002522241927803948,0.0025150781581028754,0.0025079509066588744,0.0025008598617208737,0.0024938047154478785,0.0024867851637605507,0.0024798009063175283,0.002472851646463323,0.00246593709114668,0.002459056950902296,0.0024522109397315025,0.002445398775098226,0.002438620177854427,0.0024318748721951053,0.002425162585606429,0.002418483048782062,0.0024118359956084275,0.002405221163135784,0.0023986382914631217,0.002392087123745081,0.002385567406116344,0.002379078887667773,0.002372621320387093,0.0023661944591041135,0.002359798061488182,0.0023534318879633266,0.002347095701681443,0.002340789268490762,0.002334512356865161,0.0023282647379281704,0.0023220461853368513,0.0023158564752903087,0.0023096953864869194,0.002303562700081229,0.0022974581996506043,0.002291381671158708,0.00228533290290234,0.0022793116855565508,0.002273317812007641,0.0022673510774531168,0.0022614112792727057,0.0022554982170490375,0.0022496116925308936,0.002243751509553277,0.002237917474103242,0.0022321093942081344,0.0022263270799323513,0.002220570343353853,0.0022148389985323395,0.0022091328614932014,0.0022034517501723326,0.0021977954844132866,0.0021921638859440425,0.0021865567783216195,0.0021809739869333286,0.002175415338991533,0.002169880663458501,0.0021643697910759367,0.002158882554245873,0.0021534187871374874,0.002147978325579277,0.0021425610070686272,0.0021371666707288225,0.002131795157308604,0.002126446309147474,0.0021211199701526157,0.0021158159857896978,0.0021105342030638256,0.002105274470474213,0.0021000366380469443,0.0020948205572191773,0.0020896260809261783,0.0020844530635639536,0.0020793013608784317,0.002074170830091396,0.0020690613297490003,0.002063972719759635,0.0020589048614315345,0.0020538576173549476,0.0020488308514450635,0.0020438244289026734,0.0020388382162169305,0.0020338720811732976,0.00202892589276348,0.002023999521216732,0.002019092838000912,0.0020142057157681074,0.002009338028368057,0.0020044896508180188,0.0019996604592982304,0.001994850331119068,0.0019900591447629123,0.001985286779792595,0.001980533116878235,0.0019757980377835315,0.001971081425368211,0.001966383163532362,0.001961703137229543,0.001957041232461788,0.0019523973362588827,0.0019477713366627242,0.0019431631227181231,0.0019385725844793878,0.001933999612926248,0.0019294441000633307,0.001924905938828561,0.001920385023091087,0.001915881247703514,0.001911394508397014,0.00190692470182403,0.001902471725547115,0.001898035477992423,0.0018936158585470659,0.0018892127673948288,0.0018848261056023114,0.0018804557750957617,0.0018761016785982841,0.0018717637197565764,0.0018674418030014226,0.001863135833542941,0.0018588457174240139,0.0018545713614674703,0.0018503126733012294,0.0018460695613604723,0.0018418419348189157,0.0018376297035946347,0.0018334327783835111,0.001829251070607897,0.0018250844924436425,0.0018209329567939541,0.0018167963772996272,0.0018126746682805759,0.0018085677447752166,0.001804475522529181,0.0018003979179477304,0.0017963348481669036,0.001792286230968111,0.0017882519847966384,0.0017842320287849477,0.0017802262826905595,0.0017762346669374872,0.0017722571025962396,0.0017682935113292528,0.0017643438154661916,0.0017604079379485674,0.0017564858023305385,0.0017525773327664261,0.0017486824540210305,0.0017448010914490684,0.0017409331709951528,0.0017370786191859072,0.0017332373631253162,0.0017294093304862812,0.0017255944495002632,0.0017217926489807359,0.0017180038582702856,0.0017142280072676803,0.0017104650264156227,0.0017067148466868712,0.0017029773995728378,0.0016992526171433898,0.0016955404319205145,0.0016918407770025136,0.0016881535859555867,0.001684478792866856,0.0016808163323124607,0.0016771661393718345,0.0016735281496114854,0.0016699022991004864,0.001666288524369194,0.001662686762415907,0.0016590969507405634,0.0016555190272789868,0.0016519529304229693,0.0016483985990458317,0.001644855972513898,0.0016413249905576617,0.0016378055933899717,0.0016342977216639775,0.0016308013164719763,0.0016273163193179943,0.0016238426721679607,0.001620380317377036,0.0016169291977381477,0.0016134892564516013,0.0016100604371325972,0.0016066426837798998,0.0016032359408593556,0.0015998401531630948,0.0015964552659355716,0.001593081224765421,0.0015897179756660983,0.0015863654650277825,0.001583023639608609,0.0015796924465275853,0.0015763718333476806,0.001573061747939367,0.0015697621385517796,0.0015664729538052398,0.0015631941426740299,0.0015599256545041275,0.0015566674389836776,0.0015534194461534559,0.0015501816263957429,0.0015469539304326055,0.001543736309357945,0.0015405287145890908,0.001537331097857489,0.001534143411230526,0.0015309656071360329,0.0015277976382984963,0.00152463945777376,0.0015214910189253058,0.0015183522754702483,0.0015152231814125094,0.001512103691060705,0.0015089937590378915,0.0015058933402970647,0.001502802390054189,0.0014997208638779505,0.0014966487175559738,0.001493585907248122,0.0014905323893802034,0.001487488120668034,0.0014844530580747912,0.0014814271589556312,0.0014784103808513649,0.0014754026816059219,0.0014724040193410482,0.001469414352481483,0.0014664336397046105,0.0014634618399367715,0.0014604989124055116,0.0014575448165902647,0.0014545995122443836,0.0014516629593714341,0.001448735118233853,0.0014458159493567124,0.001442905413524733,0.001440003471764215,0.001437110085366208,0.001434225215852288,0.0014313488250072383,0.0014284808748501361,0.0014256213276242413,0.0014227701458671073,0.0014199272923052222,0.0014170927299453542,0.0014142664219612344,0.0014114483318076042,0.0014086384231774855,0.0014058366599620624,0.0014030430062982131,0.0014002574265431225,0.001397479885272902,0.0013947103472940498,0.0013919487776117762,0.0013891951414800234,0.0013864494043470594,0.0013837115318788265,0.001380981489955827,0.0013782592446674284,0.0013755447623118426,0.0013728380093952827,0.0013701389526363048,0.0013674475589362145,0.001364763795434902,0.001362087629420152,0.0013594190284270508,0.0013567579601682065,0.00135410439255329,0.0013514582936797566,0.0013488196318577961,0.001346188375573379,0.0013435644934955044,0.0013409479545028725,0.0013383387276443676,0.001335736782156079,0.0013331420874607843,0.0013305546131483683,0.001327974329033991,0.0013254012050688982,0.0013228352113800526,0.001320276318316882,0.001317724496364318,0.001315179716172806,0.0013126419486071293,0.001310111164670805,0.0013075873355396694,0.0013050704325913473,0.0013025604273077637,0.0013000572913924233,0.0012975609966948498,0.0012950715152497921,0.0012925888191912525,0.0012901128808825446,0.001287643672802401,0.0012851811676249509,0.0012827253381617347,0.0012802761573773162,0.0012778335983978026,0.00127539763449891,0.0012729682391071327,0.0012705453858190862,0.0012681290483585236,0.0012657192006285082,0.0012633158166252517,0.0012609188705435888,0.0012585283367100237,0.0012561441895887573,0.0012537664037975472,0.0012513949540751497,0.0012490298153492838,0.0012466709626501318,0.0012443183711405561,0.0012419720161496199,0.0012396318731267865,0.0012372979176631781,0.0012349701254889696,0.0012326484724633486,0.0012303329345828566,0.001229460135505641,0.0012294601355056344,0.001229460135505628,0.0012294601355056216,0.0012294601355056151,0.0012294601355056088,0.0012294601355056023,0.0012294601355055958,0.0012294601355055897,0.0012294601355055832,0.0012294601355055767,0.0012294601355055705,0.001229460135505564,0.0012294601355055577,0.0012294601355055512,0.0012294601355055446,0.0012294601355055386,0.001229460135505532,0.0012294601355055256,0.001229460135505519,0.0012294601355055128,0.0012294601355055063,0.0012294601355054998,0.0012294601355054935,0.001229460135505487,0.0012294601355054805,0.001229460135505474,0.0012294601355054677,0.0012294601355054616,0.001229460135505455,0.0012294601355054486,0.0012294601355054423,0.0012294601355054358,0.0012294601355054293,0.0012294601355054232,0.001229460135505417,0.0012294601355054104,0.001229460135505404,0.0012294601355053976,0.0012294601355053913,0.0012294601355053848,0.0012294601355053783,0.0012294601355053718,0.0012294601355053658,0.0012294601355053592,0.0012294601355053527,0.0012294601355053465,0.00122946013550534,0.0012294601355053334,0.0012294601355053272,0.0012294601355053209,0.0012294601355053144,0.0012294601355053079,0.0012294601355053016,0.001229460135505295,0.0012294601355052886,0.0012294601355052823,0.001229460135505276,0.0012294601355052695,0.001229460135505263,0.001229460135505257,0.0012294601355052506,0.001229460135505244,0.0012294601355052376,0.001229460135505231,0.0012294601355052246,0.0012294601355052183,0.0012294601355052118,0.0012294601355052053,0.001229460135505199,0.0012294601355051925,0.0012294601355051862,0.0012294601355051797,0.0012294601355051734,0.001229460135505167,0.0012294601355051604,0.0012294601355051541,0.0012294601355051476,0.001229460135505141,0.0012294601355051348,0.0012294601355051287,0.0012294601355051222,0.001229460135505116,0.0012294601355051094,0.0012294601355051032,0.0012294601355050967,0.0012294601355050901,0.0012294601355050836,0.0012294601355050774,0.0012294601355050709,0.0012294601355050643,0.001229460135505058,0.0012294601355050516,0.0012294601355050453,0.0012294601355050388,0.0012294601355050323,0.001229460135505026,0.0012294601355050195,0.001229460135505013,0.0012294601355050067,0.0012294601355050002,0.0012294601355049939,0.0012294601355049876,0.0012294601355049813,0.001229460135504975,0.0012294601355049685,0.0012294601355049622,0.0012294601355049557,0.0012294601355049492,0.0012294601355049427,0.0012294601355049362,0.00122946013550493,0.0012294601355049234,0.001229460135504917,0.0012294601355049106,0.0012294601355049043,0.0012294601355048978,0.0012294601355048915,0.001229460135504885,0.001229460135504879,0.0012294601355048724,0.001229460135504866,0.0012294601355048596,0.0012294601355048531,0.0012294601355048466,0.0012294601355048401,0.001229460135504834,0.0012294601355048276,0.001229460135504821,0.0012294601355048148,0.0012294601355048083,0.0012294601355048018,0.0012294601355047955,0.001229460135504789,0.0012294601355047827,0.0012294601355047762,0.0012294601355047697,0.0012294601355047636,0.0012294601355047573,0.0012294601355047508,0.0012294601355047445,0.0012294601355047382,0.0012294601355047317,0.0012294601355047252,0.001229460135504719,0.0012294601355047124,0.001229460135504706,0.0012294601355046994,0.0012294601355046931,0.0012294601355046868,0.0012294601355046803,0.0012294601355046738,0.0012294601355046675,0.0012294601355046612,0.0012294601355046547,0.0012294601355046484,0.001229460135504642,0.0012294601355046357,0.0012294601355046291,0.0012294601355046229,0.0012294601355046166,0.00122946013550461,0.0012294601355046036,0.001229460135504597,0.0012294601355045908,0.0012294601355045843,0.0012294601355045778,0.0012294601355045715,0.001229460135504565,0.0012294601355045585,0.0012294601355045522,0.0012294601355045457,0.0012294601355045394,0.001229460135504533,0.0012294601355045266,0.0012294601355045203,0.0012294601355045138,0.0012294601355045075,0.001229460135504501,0.0012294601355044947,0.0012294601355044882,0.001229460135504482,0.0012294601355044754,0.0012294601355044691,0.0012294601355044626,0.001229460135504456,0.0012294601355044496,0.0012294601355044433,0.0012294601355044368,0.0012294601355044303,0.001229460135504424,0.0012294601355044175,0.0012294601355044112,0.001229460135504405,0.0012294601355043986,0.0012294601355043921,0.0012294601355043856,0.0012294601355043793,0.0012294601355043728,0.0012294601355043663,0.00122946013550436,0.0012294601355043535,0.0012294601355043473,0.0012294601355043407,0.0012294601355043345,0.001229460135504328,0.0012294601355043217,0.0012294601355043152,0.0012294601355043087,0.0012294601355043022,0.0012294601355042959,0.0012294601355042894,0.0012294601355042829,0.0012294601355042768,0.0012294601355042703,0.0012294601355042642,0.001228601807854532,0.0012281881938473176,0.0012279755280893037,0.0012278552778639859,0.0012277787818130367,0.0012277240767875135,0.0012276811469642517,0.0012276453359191476,0.0012276143990541557,0.0012275871837272708,0.001227563037828161,0.0012275415444051108,0.001227522402213525,0.0012275053715618746,0.0012274902493820655,0.001227476857392763,0.0012274650361464455,0.0012274546417407408,0.0012274455437573382,0.00122743762378755,0.001227430774258295,0.0012274248974299875,0.0012274199045077575,0.0012274157148382695,0.001227412255177913,0.001227409459024098,0.001227407266003868,0.0012274056213152505,0.0012274044752172719,0.0012274037825648837,0.0012274035023852664,0.0012274035974921824,0.0012274040341352021,0.0012274047816809436,0.001227405812323479,0.0012274071008214127,0.0012274086242592824,0.0012274103618310605,0.0012274122946438202,0.0012274144055396403,0.0012274166789341778,0.0012274191006702965,0.0012274216578853914,0.0012274243388911144,0.0012274271330643812,0.0012274300307485455,0.0012274330231638203,0.0012274361023261523,0.0012274392609735708,0.0012274424924994748,0.0012274457908921712,0.0012274491506800908,0.0012274525668819595,0.0012274560349616978,0.0012274595507876594,0.0012274631105954328,0.0012274667109542124,0.0012274703487363166,0.001227474021089447,0.001227477725411554,0.0012274814593281151,0.0012274852206712852,0.0012274890074613406,0.0012274928178894046,0.001227496650302083,0.0012275005031873636,0.001227504375161899,0.0012275082649593546,0.0012275121714199187,0.0012275160934807259,0.0012275200301671671,0.001227523980584999,0.0012275279439132307,0.0012275319193973404,0.0012275359063437532,0.001227539904114187,0.0012275439121208222,0.0012275479298218535,0.0012275519567174543,0.0012275559923460087,0.001227560036280883,0.0012275640881274582,0.0012275681475200698,0.0012275722141197167,0.001227576287611693,0.0012275803677036312,0.0012275844541232155,0.0012275885466169467,0.0012275926449483092,0.0012275967488963825,0.001227600858254537,0.001227604972829167,0.001227609092438701,0.0012276132169127389,0.0012276173460908472,0.001227621479821946,0.0012276256179635109,0.0012276297603809607,0.0012276339069468903,0.0012276380575406362,0.0012276422120477087,0.0012276463703593057,0.0012276505323719313,0.001227654697986951,0.001227658867110263,0.001227663039651892,0.0012276672155259259,0.0012276713946498972,0.001227675576944778,0.0012276797623346765,0.0012276839507466273,0.0012276881421104035,0.0012276923363583408,0.0012276965334251306,0.0012277007332479196,0.0012277049357656252,0.00122770914091915,0.0012277133486516979,0.0012277175589077733,0.0012277217716338577,0.0012277259867778788,0.0012277302042893537,0.0012277344241190642,0.001227738646219179,0.0012277428705431222,0.0012277470970458284,0.0012277513256829262,0.001227755556411696,0.0012277597891900947,0.001227764023976979,0.001227768260732629,0.0012277724994179257,0.0012277767399946865,0.0012277809824258325,0.0012277852266748212,0.0012277894727060884,0.0012277937204848506,0.0012277979699770682,0.0012278022211494267,0.00122780647396923,0.0012278107284046035,0.0012278149844240315,0.0012278192419971504,0.0012278235010937464,0.0012278277616845996,0.0012278320237407924,0.0012278362872340577,0.0012278405521368527,0.001227844818421841,0.001227849086062698,0.0012278533550330708,0.0012278576253073796,0.0012278618968605793,0.0012278661696682176,0.0012278704437059076,0.0012278747189501246,0.0012278789953775878,0.0012278832729655255,0.0012278875516916468,0.0012278918315339845,0.0012278961124710108,0.0012279003944815755,0.0012279046775449695,0.0012279089616409038,0.0012279132467493614,0.0012279175328508082,0.0012279218199259592,0.0012279261079559433,0.001227930396922309,0.0012279346868067627,0.001227938977591619,0.0012279432692591532,0.0012279475617924128,0.0012279518551743987,0.00122795614938856,0.0012279604444188873,0.0012279647402487779,0.0012279690368630436,0.0012279733342461902,0.0012279776323830477,0.0012279819312588673,0.0012279862308591015,0.0012279905311694877,0.0012279948321758268,0.0012279991338645783,0.001228003436222102,0.0012280077392351194,0.0012280120428904528,0.0012280163471755639,0.0012280206520777774,0.001228024957584541,0.0012280292636841661,0.0012280335703648846,0.0012280378776143384,0.001228042185421085,0.0012280464937745351,0.001228050802663608,0.0012280551120772507,0.001228059422004685,0.0012280637324350952,0.001228068043358541,0.0012280723547650695,0.0012280766666445894,0.0012280809789875962,0.0012280852917844398,0.0012280896050258208,0.0012280939187026775,0.001228098232805724,0.0012281025473261785,0.0012281068622551584,0.001228111177584357,0.0012281154933052156,0.001228119809409822,0.0012281241258895845,0.0012281284427361765,0.001228132759942898,0.0012281370775017524,0.0012281413954051512,0.0012281457136453864,0.0012281500322153382,0.0012281543511084396,0.0012281586703172418,0.0012281629898347418,0.0012281673096545735,0.0012281716297699527,0.0012281759501742257,0.0012281802708609833,0.0012281845918244356,0.0012281889130581333,0.0012281932345560537,0.0012281975563122808,0.0012282018783209632,0.0012282062005763946,0.0012282105230729766,0.0012282148458052744,0.0012282191687677801,0.001228223491955131,0.001228227815361949,0.001228232138983763,0.0012282364628154183,0.0012282407868523379,0.0012282451110863144,0.0012282494355173403,0.001228253760138073,0.0012282580849448874,0.0012282624099329844,0.0012282667350978953,0.0012282710604353965,0.0012282753859415285,0.001228279711611555,0.0012282840374411058,0.0012282883634266333,0.0012282926895640445,0.0012282970158495345,0.0012283013422791987,0.0012283056688493542,0.001228309995556415,0.0012283143223965432,0.001228318649366316,0.0012283229764622394,0.0012283273036807452,0.001228331631018892,0.0012283359584729448,0.0012283402860400407,0.001228344613716534,0.0012283489414966018,0.0012283532693831898,0.001228357597370082,0.0012283619254576533,0.0012283662536345678,0.0012283705819078337,0.001228374910267801,0.0012283792387135855,0.0012283835672429353,0.001228387895853115,0.0012283922245410006,0.0012283965533058786,0.0012284008821433067,0.00122840521105182,0.0012284095400285269,0.0012284138690708464,0.001228418198176879,0.0012284225273441556,0.0012284268565705182,0.0012284311858546308,0.0012284355151924921,0.001228439844583117,0.001228444174023777,0.0012284485035107772,0.0012284528330467463,0.0012284571626268981,0.0012284614922498445,0.0012284658219134045,0.0012284701516155595,0.001228474481350201,0.0012284788111255906,0.0012284831409328774,0.0012284874707721109,0.0012284918006418594,0.001228496130538885,0.001228500460462984,0.001228504790408217,0.0012285091203805467,0.0012285134503772705,0.0012285177803916844,0.0012285221104237362,0.0012285264404741953,0.0012285307705383287,0.0012285351006195255,0.001228539430712717,0.0012285437608181846,0.0012285480909340354,0.0012285524210588282,0.0012285567511913938,0.0012285610813334196,0.0012285654114775743,0.001228569741625698,0.0012285740717760615,0.001228578401928328,0.0012285827320811275,0.0012285870622332985,0.0012285913923835107,0.0012285957225311867,0.001228600052674187,0.0012286043828168313,0.0012286087129526589,0.0012286130430824958,0.0012286173731958774,0.001228621703303628,0.0012286260334009858,0.0012286303634876056,0.0012286346935629204,0.0012286390236236604,0.0012286433536704234,0.0012286476837033487,0.001228652013719372,0.0012286563437196659,0.0012286606737041148,0.0012286650036693655,0.0012286693336169504,0.0012286736635440836,0.0012286779934511515,0.0012286823233375055,0.0012286866532010077,0.0012286909830423797,0.001228695312859691,0.001228699642654867,0.0012287039724260965,0.001228708302169465,0.001228712631887102,0.0012287169615775053,0.0012287212912399014,0.00122872562087292,0.0012287299504793396,0.0012287342800564435,0.0012287386096030235,0.0012287429391189795,0.0012287472686042058,0.0012287515980556258,0.0012287559274765257,0.0012287602568638787,0.001228764586229923,0.0012287689155504715,0.0012287732448374392,0.0012287775740906306,0.0012287819033074494,0.0012287862324893242,0.001228790561633966,0.001228794890742066,0.0012287992198124545,0.0012288035488451918,0.0012288078778418914,0.0012288122067980977,0.0012288165357156927,0.0012288208645932206,0.0012288251934305205,0.0012288295222273454,0.0012288338509840767,0.0012288381796859565,0.0012288425083594396,0.00122884683698561,0.0012288511655756818,0.0012288554941232393,0.0012288598226277423,0.001228864151088807,0.0012288684795063343,0.0012288728078798804,0.0012288771362091258,0.0012288814644909616,0.0012288857927308765,0.0012288901209248431,0.0012288944490723161,0.0012288987771638805,0.0012289031052221337,0.0012289074332314362,0.0012289117611940868,0.0012289160891108574,0.0012289204169800359,0.0012289247448006952,0.0012289290725736165,0.0012289334002970336,0.0012289377279676647,0.0012289420555910613,0.0012289463831702935,0.0012289507106998444,0.001228955038179094,0.0012289593656027754,0.0012289636929825212,0.0012289680203134503,0.0012289723475941946,0.0012289766748243911,0.0012289810020038633,0.0012289853291398004,0.0012289896562167702,0.0012289939832426748,0.0012289983102195569,0.0012290026371420773,0.0012290069640233461,0.0012290112908421348,0.0012290156176080864,0.0012290199443267655,0.0012290242709862198,0.0012290285975935416,0.0012290329241484378,0.0012290372506500175,0.0012290415770965857,0.0012290459034928023,0.0012290502298340378,0.0012290545561212105,0.0012290588823532158,0.001229063208530126,0.0012290675346378584,0.0012290718607080604,0.0012290761867262679,0.0012290805126871647,0.0012290848385928684,0.0012290891644438041,0.0012290934902487941,0.0012290978159893134,0.0012291021416744195,0.001229106467306382,0.0012291107928818772,0.0012291151183999195,0.0012291194438620973,0.0012291237692682521,0.0012291280946179989,0.0012291324199117655,0.0012291367451491692,0.0012291410703371391,0.0012291453954614948,0.0012291497205291686,0.0012291540455404704,0.001229158370494472,0.0012291626953915265,0.0012291670202314031,0.001229171345013902,0.0012291756697393825,0.0012291799944075012,0.0012291843190178654,0.0012291886435709517,0.0012291929680675981,0.0012291972925053305,0.0012292016168852001,0.00122920594120595,0.0012292102654700755,0.001229214589676578,0.0012292189138305757,0.0012292232379203373,0.0012292275619517797,0.0012292318859213564,0.001229236209836079,0.0012292405336923008,0.0012292448574899712,0.0012292491812293256,0.0012292535049085143,0.0012292578285300795,0.0012292621520971873,0.0012292664755978993,0.0012292707990427599,0.0012292751224285382,0.0012292794457553601,0.001229283769023039,0.0012292880922313743,0.001229292415380635,0.0012292967384724624,0.0012293010615029379,0.0012293053844736718,0.001229309707385382,0.0012293140302378266,0.001229318353030857,0.0012293226757638118,0.0012293269984368584,0.0012293313210499615,0.0012293356435877595,0.0012293399660794958,0.0012293442885142666,0.0012293486108862059,0.0012293529332005196,0.001229357255452675,0.0012293615776464587,0.001229365899782141,0.0012293702218559154,0.001229374543861132,0.001229378865814853,0.0012293831876979552,0.0012293875095312945,0.0012293918313042082,0.0012293961530188123,0.0012294004746712817,0.0012294047962646683,0.0012294091177950568,0.0012294134392597006,0.0012294177606706036,0.0012294220820204718,0.0012294264033024256,0.0012294307245310904,0.0012294350456983434,0.0012294393668047382,0.0012294436878519408,0.0012294480088380889,0.0012294523297700355,0.0012294566506430306,0.0012294609714470907,0.001229465292189821,0.0012294696128714868,0.0012294739334952087,0.001229478254056607,0.0012294825745555375,0.001229486894976778,0.0012294912153539414,0.0012294955356691349,0.0012294998559244945,0.0012295041761184776,0.0012295084962520345,0.0012295128163239875,0.00122951713633446,0.0012295214562821574,0.0012295257761675597,0.001229530095999029,0.0012295344157654273,0.001229538735468831,0.0012295430551126437,0.0012295473746954306,0.0012295516942158304,0.001229556013675519,0.0012295603330731016,0.001229564652418312,0.0012295689716946294,0.0012295732909093885,0.0012295776100552315,0.0012295819291459763,0.0012295862481759906,0.001229590567144178,0.001229594886051381,0.0012295992048984134,0.0012296035236837248,0.0012296078424065106,0.0012296121610680297,0.0012296164796660309,0.0012296207982045331,0.0012296251166821629,0.00122962943509755,0.001229633753451388,0.001229638071741178,0.0012296423899735957,0.001229646708140671,0.0012296510262458395,0.0012296553442918835,0.0012296596622753055,0.0012296639801984122,0.0012296682980404098,0.0012296726158394465,0.0012296769335718991,0.0012296812512484982,0.001229685568860979,0.0012296898864112267,0.0012296942039000686,0.0012296985213280766,0.0012297028386952344,0.0012297071560001928,0.0012297114732445298,0.0012297157904058483,0.0012297201075239007,0.0012297244245715456,0.0012297287415640344,0.001229733058491137,0.0012297373753534272,0.0012297416921644559,0.0012297460089139857,0.0012297503256169897,0.001229754642241552,0.0012297589588043344,0.0012297632752881578,0.0012297675917264017,0.00122977190810536,0.001229776224421464,0.0012297805406703435,0.0012297848568648463,0.0012297891729876741,0.0012297934890663634,0.0012297978050720096,0.0012298021210158598,0.0012298064368974195,0.0012298107527380945,0.0012298150684959205,0.0012298193841876726,0.001229823699822606,0.0012298280154001487,0.0012298323309103138,0.001229836646358556,0.0012298409617472405,0.0012298452770717874,0.0012298495923333188,0.0012298539075319642,0.0012298582226773964,0.0012298625377535814,0.0012298668527672462,0.001229871167713453,0.001229875482603115,0.0012298797974339172,0.0012298841121960728,0.0012298884269007855,0.0012298927415435215,0.0012298970561205893,0.001229901370637852,0.0012299056850913375,0.0012299099994901367,0.0012299143138217931,0.0012299186280898481,0.001229922942298758,0.0012299272564446494,0.001229931570529592,0.0012299358845575235,0.0012299401985145584,0.001229944512425751,0.0012299488262581594,0.0012299531400319639,0.0012299574537419573,0.0012299617673907854,0.001229966080972538,0.0012299703944936358,0.0012299747079569387,0.0012299790213650612,0.0012299833347298099,0.0012299876480075787,0.0012299919612207824,0.0012299962743740002,0.0012300005874620748,0.0012300049004993119,0.0012300092134650232,0.0012300135263618392,0.0012300178392028872,0.0012300221519805604,0.001230026464694201,0.0012300307773515044,0.0012300350899461493,0.0012300394024786993,0.0012300437149543313,0.0012300480273627562,0.0012300523397080247,0.0012300566519842819,0.001230060964206514,0.0012300652763655461,0.0012300695884671722,0.0012300739005041037,0.0012300782124787413,0.0012300825243896903,0.001230086836237535,0.0012300911480249187,0.0012300954597432758,0.0012300997714054839,0.0012301040830049387,0.001230108394541604,0.001230112706019257,0.001230117017433957,0.001230121328787488,0.0012301256400734002,0.0012301299512993786,0.001230134262476717,0.0012301385735767588,0.0012301428846187461,0.0012301471955969644,0.0012301515065311222,0.0012301558173855194,0.0012301601281764288,0.001230164438906265,0.001230168749581289,0.0012301730601875975,0.0012301773707306984,0.0012301816812148299,0.001230185991634451,0.0012301903019912056,0.0012301946122844818,0.001230198922517333,0.0012302032326875886,0.001230207542796974,0.0012302118528438597,0.0012302161628281719,0.0012302204727510865,0.001230224782605572,0.0012302290924036086,0.0012302334021354246,0.0012302377118103116,0.0012302420214207216,0.001230246330968931,0.0012302506404563544,0.0012302549498925783,0.001230259259257081,0.001230263568557199,0.0012302678777930027,0.0012302721869663338,0.0012302764960796324,0.0012302808051228885,0.0012302851141124292,0.0012302894230406289,0.0012302937319172932,0.0012302980407211785,0.0012303023494633736,0.0012303066581393113,0.0012303109667514752,0.0012303152753058298,0.001230319583799724,0.0012303238922304525,0.0012303282005983694,0.0012303325089059122,0.0012303368171511443,0.001230341125333952,0.0012303454334540338,0.0012303497415106332,0.0012303540495062556,0.0012303583574399632,0.0012303626653116313,0.00123036697312106,0.0012303712808680442,0.0012303755885521947,0.001230379896179013,0.001230384203730073,0.0012303885112294104,0.001230392818665314,0.0012303971260390143,0.0012304014333290923,0.0012304057405778716,0.0012304100477664476,0.0012304143549064159,0.0012304186619705732,0.00123042296897105,0.00123042727590944,0.0012304315828045788,0.001230435889620642,0.0012304401963724153,0.0012304445030676804,0.0012304488096970862,0.0012304531162795538,0.0012304574227845742,0.0012304617292532953,0.0012304660356335178,0.001230470341952023,0.0012304746482274692,0.0012304789544215495,0.0012304832605583703,0.001230487566623066,0.00123049187264419,0.0012304961785888134,0.001230500484472314,0.0012305047902934961,0.0012305090960670721,0.0012305134017593547,0.0012305177073926343,0.0012305220129656754,0.0012305263184729024,0.001230530623921342,0.0012305349293079977,0.0012305392346289034,0.001230543539890211,0.0012305478450957501,0.0012305521502417947,0.0012305564553175487,0.0012305607603314544,0.001230565065283596,0.0012305693701734467,0.001230573674995687,0.0012305779797593447,0.0012305822844624874,0.0012305865891027278,0.0012305908936811657,0.0012305951981983704,0.0012305995026555222,0.0012306038070462892,0.0012306081113946804,0.0012306124156631108,0.0012306167198682019,0.001230621024008952,0.001230625328087758,0.0012306296321018425,0.0012306339360598356,0.001230638239952402,0.0012306425437860547,0.001230646847556916,0.0012306511512631107,0.001230655454910627,0.001230659758495586,0.0012306640620273986,0.0012306683654886524,0.0012306726688860168,0.0012306769722384631,0.0012306812755130895,0.0012306855787227798,0.0012306898818719013,0.0012306941849568043,0.0012306984879836684,0.001230702790947377,0.0012307070938558987,0.0012307113966936007,0.0012307156994671893,0.001230720002182216,0.0012307243048335114,0.0012307286074328295,0.0012307329099676735,0.0012307372124332997,0.0012307415148370795,0.001230745817179817,0.0012307501194591995,0.001230754421676605,0.001230758723832534,0.0012307630259223428,0.0012307673279563303,0.0012307716299230023,0.0012307759318297873,0.0012307802336745924,0.001230784535461203,0.001230788837181569,0.0012307931388424295,0.0012307974404400786,0.0012308017419747058,0.001230806043448029,0.001230810344879738,0.0012308146462290154,0.0012308189475258796,0.0012308232487507184,0.001230827549913205,0.001230831851013653,0.0012308361520529136,0.0012308404530296188,0.0012308447539439802,0.0012308490547961336,0.0012308533555862534,0.0012308576563120454,0.001230861956978799,0.001230866257586568,0.0012308705581250852,0.00123087485860384,0.0012308791590202389,0.0012308834593731124,0.001230887759678538,0.0012308920599063326,0.001230896360074926,0.0012309006601752257,0.001230904960220361,0.0012309092602206175,0.0012309135601604156,0.0012309178600172473,0.0012309221598138366,0.001230926459539675,0.0012309307592113907,0.001230935058811565,0.0012309393583721155,0.00123094365787354,0.001230947957298788,0.0012309522566611593,0.0012309565559603388,0.0012309608552126784,0.0012309651543858035,0.0012309694534904441,0.0012309737525411993,0.001230978051529112,0.0012309823504561782,0.0012309866493257662,0.0012309909481281866,0.0012309952468701417,0.0012309995455775523,0.001231003844187981,0.0012310081427442375,0.0012310124412403041,0.0012310167396703037,0.0012310210380382942,0.0012310253363469494,0.001231029634606737,0.001231033932794009,0.0012310382309149125,0.0012310425289776277,0.0012310468269740112,0.0012310511249092717,0.00123105542278289,0.001231059720594213,0.0012310640183448294,0.0012310683160316224,0.0012310726136591863,0.001231076911248205,0.0012310812087478259,0.0012310855061885629,0.0012310898035609457,0.0012310941008567878,0.0012310983981079575,0.0012311026952988619,0.0012311069924441304,0.001231111289501879,0.0012311155865063503,0.0012311198834485052,0.0012311241803251692,0.0012311284771392204,0.0012311327738943833,0.0012311370705880443,0.0012311413672207027,0.0012311456637898992,0.0012311499602982079,0.0012311542567598707,0.0012311585531440481,0.0012311628494650678,0.0012311671457238733,0.0012311714419218293,0.0012311757380712661,0.00123118003412821,0.0012311843301427196,0.0012311886260928343,0.0012311929219800677,0.0012311972178064147,0.0012312015135681274,0.0012312058092692336,0.0012312101049126716,0.0012312144004927802,0.0012312186960079191,0.0012312229914607422,0.001231227286852527,0.0012312315822004963,0.001231235877482509,0.0012312401726829764,0.0012312444678265612,0.0012312487629093686,0.001231253057941822,0.0012312573529014174,0.0012312616477908281,0.0012312659426239462,0.0012312702373888105,0.0012312745320967734,0.0012312788267431795,0.0012312831213286376,0.001231287415849706,0.001231291710307403,0.001231296004704151,0.001231300299041573,0.0012313045933173465,0.001231308887531281,0.0012313131816830804,0.0012313174758060974,0.0012313217698330596,0.0012313260637966583,0.0012313303577004713,0.0012313346515422595,0.0012313389453072821,0.0012313432390226343,0.0012313475326779853,0.0012313518262700434,0.0012313561198034747,0.001231360413269744,0.0012313647066885276,0.0012313690000328122,0.0012313732933163823,0.001231377586537602,0.0012313818796949635,0.001231386172788849,0.0012313904658229698,0.001231394758798511,0.0012313990517087681,0.001231403344558556,0.0012314076373357093,0.0012314119300662735,0.0012314162227296587,0.0012314205153379947,0.0012314248078788117,0.0012314291003595785,0.0012314333927749693,0.00123143768512841,0.0012314419774218648,0.0012314462696546465,0.0012314505618218872,0.0012314548539263078,0.0012314591459692361,0.0012314634379510566,0.0012314677298685434,0.0012314720217248493,0.001231476313510978,0.0012314806052437185,0.0012314848969154051,0.0012314891885245533,0.001231493480071934,0.0012314977715564023,0.0012315020629805175,0.0012315063543400105,0.0012315106456545907,0.0012315149368951853,0.0012315192280690276,0.0012315235191815385,0.00123152781023365,0.0012315321012240994,0.0012315363921511057,0.0012315406830159905,0.0012315449738186889,0.0012315492645501237,0.0012315535552319405,0.0012315578458503636,0.0012315621364252405,0.0012315664269188147,0.0012315707173525799,0.0012315750077264635,0.0012315792980226994,0.0012315835882855339,0.0012315878784679775,0.0012315921685840323,0.0012315964586301902,0.0012316007486287462,0.0012316050385600928,0.0012316093284337735,0.0012316136182465491,0.0012316179079964555,0.0012316221976843948,0.0012316264873178874,0.0012316307768830024,0.0012316350663623232,0.0012316393558026084,0.0012316436451816643,0.0012316479344967825,0.0012316522237524612,0.0012316565129605996,0.0012316608020884693,0.0012316650911569458,0.0012316693801652204,0.0012316736691108936,0.0012316779579940056,0.0012316822468150187,0.001231686535574903,0.0012316908242714683,0.001231695112907393,0.001231699401480247,0.0012317036899898385,0.0012317079784531443,0.0012317122668399109,0.0012317165551660669,0.0012317208434175402,0.0012317251316193508,0.0012317294197590146,0.0012317337078381326,0.0012317379958553002,0.001231742283802882,0.0012317465717008346,0.0012317508595209958,0.0012317551472899697,0.00123175943501654,0.0012317637226757238,0.0012317680102649662,0.0012317722977847054,0.0012317765852436608,0.0012317808726575285,0.001231785159993595,0.0012317894472674792,0.0012317937344808725,0.0012317980216306414,0.0012318023087174927,0.001231806595744317,0.0012318108827118763,0.001231815169613717,0.0012318194564542016,0.0012318237432324835,0.00123182802994865,0.001231832316603231,0.0012318366031891916,0.001231840889717737,0.0012318451762093744,0.0012318494626163462,0.0012318537489608842,0.0012318580352396308,0.0012318623214602684,0.0012318666076194618,0.0012318708937167247,0.001231875179758973,0.0012318794657326525,0.0012318837516400798,0.001231888037498865,0.0012318923232870454,0.0012318966090129131,0.0012319008946766242,0.0012319051802785076,0.0012319094658172066,0.0012319137512958075,0.0012319180367089157,0.0012319223220630315,0.0012319266073551017,0.0012319308925786143,0.00123193517775427,0.00123193946286107,0.0012319437478878629,0.001231948032862628,0.001231952317782625,0.0012319566026421638,0.001231960887439827,0.001231965172174075,0.0012319694568439185,0.0012319737414557598,0.0012319780260053423,0.001231982310486082,0.001231986594911747,0.0012319908792749535,0.0012319951635780058,0.0012319994478184378,0.0012320037319980097,0.0012320080161146074,0.0012320123001691872,0.001232016584161429,0.0012320208680900845,0.0012320251519582824,0.0012320294357652788,0.001232033719500257,0.001232038003183635,0.0012320422868016168,0.0012320465703551352,0.0012320508538562144,0.0012320551372923987,0.0012320594206667184,0.0012320637039784131,0.001232067987228792,0.0012320722704177048,0.0012320765535452486,0.0012320808366092515,0.001232085119625721,0.0012320894025619887,0.0012320936854666865,0.0012320979682836893,0.001232102251069983,0.001232106533762247,0.0012321108163935955,0.0012321150989653919,0.0012321193814722332,0.00123212366391799,0.0012321279463036426,0.0012321322286271167,0.001232136510888258,0.0012321407931038574,0.0012321450752659753,0.0012321493573286002,0.0012321536393416982,0.0012321579212954217,0.0012321622031851468,0.0012321664850142439,0.00123217076677455,0.0012321750484783867,0.001232179330140673,0.0012321836117202313,0.0012321878932384017,0.0012321921746975442,0.0012321964561083014,0.0012322007374297895,0.001232205018704621,0.0012322092999175122,0.0012322135810625078,0.0012322178621426499,0.0012322221431652588,0.0012322264241276058,0.0012322307050279162,0.0012322349858660106,0.0012322392666425592,0.0012322435473589236,0.0012322478280115034,0.001232252108601336,0.0012322563891309268,0.0012322606695968092,0.001232264950001841,0.0012322692303454153,0.0012322735106267066,0.0012322777908472195,0.0012322820710040548,0.00123228635110086,0.0012322906311357663,0.0012322949111240788,0.0012322991910351786,0.001232303470888056,0.0012323077506750737,0.0012323120303971426,0.0012323163100596908,0.0012323205896614758,0.001232324869201589,0.0012323291486795928,0.0012323334280964669,0.0012323377074508056,0.0012323419867432816,0.0012323462659739985,0.0012323505451467135,0.0012323548242674832,0.0012323591033129159,0.0012323633822948566,0.0012323676612183419,0.0012323719400768813,0.0012323762188751618,0.0012323804976262192,0.0012323847763015666,0.0012323890549159988,0.0012323933334685505,0.0012323976119575943,0.0012324018903842472,0.001232406168762929,0.0012324104470651915,0.0012324147253053694,0.0012324190034851189,0.0012324232816049358,0.0012324275596704078,0.0012324318376650831,0.0012324361155967806,0.0012324403934650923,0.0012324446712759808,0.0012324489490136833,0.0012324532266983373,0.0012324575043220468,0.0012324617818838112,0.0012324660593839595,0.0012324703368220924,0.001232474614202182,0.0012324788915366281,0.0012324831687897213,0.00123248744597383,0.0012324917231023454,0.0012324960001717448,0.001232500277170595,0.0012325045541134647,0.0012325088309914853,0.0012325131078115878,0.0012325173845706414,0.0012325216612675079,0.0012325259379025648,0.001232530214475617,0.001232534490975117,0.00123253876742477,0.001232543043811972,0.0012325473201213592,0.0012325515963766851,0.001232555872578344,0.00123256014871905,0.001232564424797939,0.0012325687008156701,0.0012325729767880338,0.0012325772526818473,0.001232581528513346,0.0012325858042836013,0.001232590079991805,0.0012325943556304206,0.0012325986312118676,0.0012326029067349679,0.0012326071821947917,0.0012326114575961487,0.0012326157329339157,0.001232620008211229,0.001232624283420939,0.0012326285585733084,0.001232632833660318,0.0012326371086899732,0.0012326413836566718,0.0012326456585624065,0.0012326499334059408,0.0012326542081873976,0.001232658482930472,0.0012326627575877018,0.0012326670321831492,0.0012326713067175486,0.0012326755811891364,0.0012326798556032727,0.0012326841299524973,0.0012326884042468964,0.0012326926784679536,0.001232696952637789,0.0012327012267391425,0.001232705500780177,0.0012327097747592982,0.0012327140486742179,0.0012327183225296834,0.0012327225963444436,0.0012327268700765284,0.0012327311437468611,0.0012327354173572271,0.001232739690904578,0.0012327439643895091,0.0012327482378083376,0.0012327525111694377,0.0012327567844669864,0.0012327610577057915,0.0012327653308808236,0.0012327696039954143,0.0012327738770510875,0.0012327781500570095,0.00123278242298667,0.0012327866958553463,0.0012327909686611833,0.0012327952414212487,0.001232799514103702,0.0012328037867198021,0.0012328080592775728,0.0012328123317764945,0.0012328166042119817,0.0012328208765874887,0.0012328251488975376,0.001232829421148154,0.0012328336933385853,0.0012328379654651322,0.0012328422375295022,0.0012328465095297995,0.0012328507814703558,0.0012328550533498841,0.0012328593251710522,0.0012328635969306322,0.00123286786863953,0.0012328721402693884,0.0012328764118389845,0.0012328806833493513,0.0012328849547966806,0.0012328892261772848,0.001232893497500998,0.0012328977687794188,0.0012329020399823995,0.0012329063111210226,0.0012329105821981953,0.0012329148532128702,0.0012329191241652465,0.0012329233950726455,0.0012329276658935178,0.0012329319366632008,0.00123293620736264,0.0012329404780099945,0.0012329447485939476,0.0012329490191160086,0.001232953289576526,0.0012329575599731837,0.0012329618303108197,0.0012329661006030628,0.0012329703708135254,0.0012329746409654966,0.001232978911056756,0.0012329831810847338,0.0012329874510516828,0.0012329917209689895,0.00123299599081109,0.001233000260591113,0.0012330045303116318,0.0012330087999698899,0.0012330130695658533,0.00123301733910054,0.0012330216085734672,0.001233025877985612,0.001233030147325872,0.001233034416613955,0.0012330386858453886,0.001233042955009915,0.0012330472241130251,0.0012330514931588124,0.0012330557621421042,0.0012330600310759346,0.0012330642999322287,0.0012330685687267236,0.001233072837459419,0.0012330771061295647,0.001233081374739431,0.0012330856432864793,0.0012330899117682266,0.0012330941801924104,0.0012330984485553324,0.0012331027168564792,0.0012331069850954703,0.0012331112532721778,0.0012331155213884152,0.0012331197894583814,0.0012331240574498601,0.0012331283253802473,0.001233132593231954,0.0012331368610393333,0.0012331411287851632,0.0012331453964639055,0.0012331496640863855,0.0012331539316505246,0.0012331581991500788,0.0012331624665864968,0.0012331667339621295,0.0012331710012752743,0.0012331752685277562,0.0012331795357188597,0.001233183802836459,0.0012331880699026673,0.0012331923369119434,0.0012331966038592987,0.0012332008707556018,0.001233205137587671,0.001233209404347602,0.0012332136710480784,0.0012332179376827886,0.0012332222042612164,0.0012332264707821889,0.0012332307372380756,0.0012332350036213403,0.0012332392699596585,0.0012332435362307705,0.0012332478024426265,0.0012332520685874203,0.001233256334667505,0.0012332606006856814,0.0012332648666420853,0.0012332691325382358,0.0012332733983733341,0.0012332776641597514,0.0012332819298710418,0.0012332861955206302,0.0012332904611073966,0.0012332947266458245,0.0012332989921099273,0.001233303257512869,0.0012333075228581668,0.0012333117881335716,0.0012333160533523379,0.0012333203185087751,0.0012333245836042776,0.0012333288486376063,0.0012333331136083567,0.0012333373785188904,0.001233341643366062,0.0012333459081523854,0.001233350172877435,0.0012333544375404443,0.0012333587021418641,0.0012333629666820753,0.0012333672311609792,0.0012333714955779713,0.0012333757599328617,0.0012333800242299757,0.0012333842884625806,0.0012333885526363778,0.0012333928167412023,0.0012333970807886423,0.0012334013447769547,0.0012334056087009715,0.0012334098725665305,0.0012334141363653617,0.0012334184001049097,0.0012334226637818722,0.0012334269273894952,0.001233431190941653,0.0012334354544234498,0.0012334397178601275,0.0012334439812279894,0.0012334482445428953,0.001233452507788771,0.001233456770972712,0.0012334610340950904,0.001233465297157998,0.001233469560157465,0.001233473823094839,0.0012334780859707733,0.0012334823487848332,0.0012334866115380906,0.001233490874229696,0.0012334951368590797,0.001233499399427358,0.0012335036619356837,0.0012335079243806337,0.0012335121867589997,0.0012335164490764848,0.0012335207113364946,0.0012335249735351023,0.0012335292356721143,0.0012335334977472917,0.0012335377597578413,0.0012335420217106051,0.001233546283595677,0.0012335505454219083,0.0012335548071879645,0.0012335590688937175,0.0012335633305393737,0.0012335675921221379,0.0012335718536432118,0.0012335761151026428,0.0012335803764996957,0.0012335846378360884,0.0012335888991110839,0.001233593160327811,0.0012335974214810598,0.0012336016825704298,0.0012336059435987005,0.0012336102045643238,0.0012336144654690514,0.0012336187263123698,0.001233622987097397,0.001233627247820681,0.0012336315084843568,0.0012336357690816292,0.0012336400296163474,0.0012336442900917012,0.0012336485504996744,0.001233652810846214,0.0012336570711357461,0.0012336613313562736,0.0012336655915228647,0.0012336698516266051,0.0012336741116689286,0.0012336783716502962,0.001233682631565538,0.0012336868914233313,0.0012336911512198327,0.0012336954109505827,0.0012336996706232633,0.001233703930235423,0.0012337081897856852,0.0012337124492748518,0.001233716708704018,0.0012337209680693478,0.001233725227377019,0.0012337294866195882,0.0012337337458005171,0.001233738004918279,0.001233742263992587,0.001233746522988647,0.0012337507819100452,0.001233755040779077,0.001233759299579804,0.0012337635583316814,0.0012337678170197127,0.001233772075646815,0.0012337763342122165,0.0012337805926966225,0.0012337848511387822,0.0012337891095293876,0.001233793367848332,0.001233797626105451,0.0012338018843015034,0.0012338061424366927,0.001233810400509578,0.001233814658520306,0.0012338189164648248,0.001233823174352904,0.0012338274321749278,0.0012338316899397634,0.0012338359476424252,0.0012338402052832495,0.0012338444628635316,0.001233848720383108,0.0012338529778428316,0.0012338572352364916,0.001233861492571542,0.0012338657498444498,0.0012338700070559112,0.0012338742642057253,0.0012338785213073288,0.0012338827783336323,0.0012338870352991249,0.0012338912922027448,0.0012338955490453806,0.0012338998058261648,0.0012339040625443378,0.0012339083192016546,0.0012339125757977508,0.0012339168323305114,0.001233921088821981,0.0012339253452319462,0.0012339296015778968,0.0012339338578659978,0.0012339381140929846,0.0012339423702583422,0.0012339466263608372,0.0012339508824184607,0.0012339551383986414,0.0012339593943182451,0.0012339636501761638,0.0012339679059718638,0.001233972161706972,0.0012339764173800723,0.0012339806730080928,0.0012339849285613537,0.0012339891840454763,0.0012339934394573451,0.0012339976948226308,0.0012340019501158102,0.0012340062053580226,0.0012340104605386443,0.0012340147156606766,0.001234018970717181,0.001234023225713658,0.0012340274806482317,0.0012340317355197326,0.0012340359903307764,0.0012340402450808287,0.001234044499769265,0.001234048754393757,0.001234053008958538,0.0012340572634635379,0.0012340615179080427,0.0012340657722882745,0.0012340700266065712,0.0012340742808686052,0.0012340785350653818,0.0012340827891998837,0.0012340870432682705,0.0012340912972804545,0.0012340955512296578,0.0012340998051184621,0.0012341040589468456,0.0012341083127134038,0.0012341125664183453,0.0012341168200640756,0.001234121073645827,0.0012341253271609459,0.0012341295806021315,0.0012341338339994835,0.001234138087335005,0.0012341423406087273,0.001234146593820701,0.0012341508469735868,0.0012341551000758242,0.0012341593531078863,0.0012341636060748055,0.0012341678589796552,0.001234172111822744,0.0012341763646051289,0.0012341806173298661,0.0012341848699893036,0.00123418912258679,0.0012341933751195226,0.001234197627594104,0.0012342018800079186,0.0012342061323587171,0.001234210384647899,0.0012342146368794196,0.0012342188890477144,0.0012342231411430003,0.00123422739318792,0.0012342316451711868,0.001234235897092714,0.0012342401489522463,0.0012342444007511428,0.0012342486524848488,0.0012342529041629536,0.0012342571557775856,0.0012342614073165548,0.0012342656588066863,0.001234269910236292,0.0012342741616067833,0.001234278412914484,0.0012342826641581256,0.0012342869153422404,0.001234291166464824,0.0012342954175204336,0.0012342996685199257,0.0012343039194615088,0.001234308170340202,0.0012343124211572998,0.0012343166719113732,0.0012343209226035753,0.001234325173235164,0.0012343294237859865,0.0012343336742962488,0.0012343379247420523,0.001234342175129846,0.0012343464254530557,0.001234350675715639,0.0012343549259069594,0.0012343591760508475,0.0012343634261286543,0.0012343676761463927,0.0012343719261013722,0.0012343761759970415,0.0012343804258286753,0.001234384675599358,0.0012343889253084955,0.0012343931749563262,0.0012343974245315023,0.0012344016740388018,0.0012344059234989638,0.0012344101729004785,0.0012344144222410482,0.0012344186715233967,0.0012344229207647654,0.0012344271699199294,0.0012344314190105927,0.0012344356680368462,0.0012344399170075354,0.001234444165917648,0.0012344484147668437,0.0012344526635532076,0.0012344569122791393,0.00123446116096048,0.0012344654095639532,0.0012344696581075873,0.0012344739065876843,0.0012344781550066941,0.001234482403366479,0.0012344866516618123,0.001234490899895973,0.0012344951480606982,0.0012344993961670317,0.0012345036442099997,0.0012345078921950216,0.0012345121401223466,0.0012345163879884753,0.0012345206357907094,0.001234524883548958,0.0012345291312311911,0.001234533378851055,0.001234537626409588,0.0012345418739074857,0.0012345461213453652,0.001234550368720068,0.00123455461603358,0.0012345588633058025,0.0012345631104940947,0.001234567357623207,0.0012345716046945332,0.0012345758517005971,0.0012345800986455953,0.001234584345528857,0.0012345885923544962,0.0012345928391014236,0.0012345970857967515,0.0012346013324380344,0.0012346055790133257,0.0012346098255281142,0.001234614071986458,0.0012346183183930513,0.0012346225647387064,0.001234626811011739,0.0012346310572198963,0.001234635303365941,0.0012346395494503533,0.0012346437954792197,0.001234648041441741,0.001234652287342833,0.001234656533182451,0.001234660778965513,0.0012346650246824972,0.0012346692703401195,0.0012346735159379197,0.0012346777614698574,0.0012346820069408376,0.0012346862523503002,0.0012346904977007225,0.0012346947429875878,0.0012346989882153602,0.0012347032333669566,0.001234707478470709,0.0012347117235064924,0.0012347159684827733,0.0012347202134019807,0.0012347244582595273,0.0012347287030559032,0.001234732947791188,0.001234737192466369,0.001234741437103158,0.001234745681653866,0.0012347499261427307,0.0012347541705721252,0.0012347584149372498,0.0012347626592413912,0.0012347669035051633,0.0012347711476893772,0.0012347753918138327,0.0012347796358748882,0.0012347838798729362,0.0012347881238096363,0.0012347923676849428,0.0012347966114989674,0.0012348008552515962,0.0012348050989400186,0.0012348093425642026,0.001234813586118603,0.0012348178296263945,0.0012348220730718175,0.0012348263164562202,0.001234830559779835,0.0012348348030417303,0.0012348390462420392,0.0012348432893841115,0.0012348475324614713,0.00123485177547187,0.001234856018426679,0.001234860261319972,0.001234864504155663,0.0012348687469173887,0.001234872989620808,0.0012348772322685114,0.0012348814748547412,0.0012348857173794033,0.001234889959828726,0.0012348942022314194,0.0012348984445741365,0.0012349026868568053,0.0012349069290753605,0.001234911171232641,0.0012349154133276567,0.0012349196553682234,0.0012349238973411755,0.0012349281392715883,0.00123493238111303,0.0012349366229022572,0.0012349408646294931,0.0012349451062908144,0.001234949347895899,0.001234953589435331,0.001234957830913165,0.0012349620723360853,0.0012349663136978777,0.0012349705549957158,0.0012349747962330413,0.0012349790374087913,0.0012349832785230588,0.0012349875195797292,0.001234991760571226,0.0012349960015021026,0.0012350002423732315,0.0012350044831879437,0.0012350087239348185,0.0012350129646155176,0.0012350172052393062,0.0012350214458013678,0.001235025686302631,0.0012350299267425804,0.001235034167120947,0.001235038407457865,0.00123504264770284,0.0012350468878966085,0.0012350511280125821,0.0012350553680781056,0.0012350596080887202,0.0012350638480396405,0.0012350680879308492,0.0012350723277577455,0.0012350765675246476,0.0012350808072292073,0.0012350850468714138,0.0012350892864519208,0.0012350935259731295,0.00123509776543119,0.0012351020048283223,0.0012351062441629647,0.0012351104834416441,0.001235114722643908,0.0012351189617892551,0.0012351232008804803,0.0012351274399264639,0.0012351316788946174,0.001235135917796737,0.0012351401566417827,0.0012351443954307245,0.0012351486341538969,0.001235152872808185,0.0012351571114045075,0.0012351613499471926,0.0012351655884250935,0.001235169826837574,0.0012351740651951211,0.0012351783034790266,0.001235182541710556,0.001235186779882516,0.0012351910179916432,0.0012351952560403403,0.001235199494026326,0.0012352037319542034,0.0012352079698181233,0.0012352122076271423,0.001235216445369336,0.001235220683052381,0.0012352249206719582,0.0012352291582296993,0.0012352333957239448,0.001235237633163184,0.001235241870543941,0.0012352461078579085,0.0012352503451096754,0.001235254582293336,0.0012352588194223118,0.001235263056490465,0.0012352672934861492,0.00123527153043141,0.0012352757673253073,0.001235280004152962,0.0012352842409145562,0.0012352884776152065,0.0012352927142534691,0.0012352969508195998,0.0012353011873379122,0.0012353054237932955,0.0012353096601882916,0.0012353138965207895,0.0012353181327923715,0.0012353223690073775,0.001235326605155544,0.0012353308412431767,0.0012353350772698027,0.001235339313237232,0.0012353435491401262,0.0012353477849876763,0.0012353520207683884,0.001235356256487629,0.0012353604921462155,0.0012353647277464632,0.0012353689632822102,0.0012353731987795108,0.0012353774341734792,0.0012353816695258083,0.0012353859048169975,0.00123539014004731,0.001235394375215215,0.0012353986103261119,0.0012354028453715098,0.0012354070803602514,0.0012354113152830911,0.0012354155501476602,0.0012354197849523403,0.0012354240196907093,0.0012354282543706038,0.00123543248898652,0.0012354367235423967,0.0012354409580371017,0.0012354451924709528,0.0012354494268376054,0.0012354536611488209,0.0012354578954019693,0.0012354621295904672,0.0012354663637147447,0.0012354705977805367,0.0012354748317870362,0.001235479065730176,0.0012354832996053066,0.0012354875334413557,0.001235491767200693,0.0012354960008815587,0.0012355002345190158,0.0012355044680949332,0.0012355087016094482,0.001235512935088792,0.00123551716848077,0.001235521401811962,0.001235525635081708,0.0012355298683095221,0.0012355341014561516,0.0012355383345424578,0.0012355425675677305,0.001235546800533166,0.0012355510334264698,0.001235555266271486,0.0012355594990675575,0.0012355637317822846,0.0012355679644370373,0.0012355721970350511,0.0012355764295722764,0.001235580662042306,0.0012355848944543713,0.0012355891268059373,0.0012355933590969042,0.0012355975913239702,0.0012356018234956198,0.0012356060556005936,0.0012356102876450148,0.0012356145196288774,0.0012356187515517735,0.0012356229834119702,0.0012356272152118917,0.0012356314469639377,0.0012356356786363295,0.0012356399102522659,0.0012356441418094326,0.0012356483732901629,0.0012356526047230378,0.0012356568360891412,0.0012356610674014751,0.0012356652986504008,0.0012356695298346206,0.0012356737609614927,0.0012356779920228867,0.0012356822230275035,0.0012356864539676351,0.0012356906848488528,0.0012356949156686152,0.001235699146428256,0.0012357033771223185,0.0012357076077587324,0.0012357118383347061,0.0012357160688490094,0.00123572029930379,0.0012357245296966946,0.0012357287600259287,0.0012357329902943372,0.0012357372204995169,0.0012357414506467196,0.0012357456807333173,0.001235749910758475,0.0012357541407260891,0.0012357583706212123,0.0012357626004652852,0.0012357668302532205,0.0012357710599760856,0.0012357752896243112,0.0012357795192221095,0.0012357837487565683,0.0012357879782308354,0.0012357922076503811,0.0012357964370008363,0.001235800666293807,0.0012358048955252686,0.0012358091246876543,0.0012358133538303566,0.001235817582876641,0.0012358218118613006,0.0012358260407846198,0.0012358302696477376,0.0012358344984489077,0.0012358387271981903,0.0012358429558808942,0.001235847184491036,0.001235851413047383,0.0012358556415430321,0.0012358598699821004,0.001235864098357313,0.0012358683266692372,0.0012358725549192224,0.0012358767831098796,0.001235881011237702,0.0012358852393047556,0.001235889467310905,0.0012358936952575489,0.0012358979231333086,0.0012359021509558712,0.0012359063787174278,0.0012359106064181464,0.0012359148340558973,0.0012359190616336598,0.001235923289150231,0.0012359275166076884,0.0012359317440037553,0.0012359359713508622,0.0012359401986227275,0.0012359444258355343,0.0012359486529779703,0.001235952880086126,0.0012359571071125174,0.0012359613340772754,0.0012359655609849736,0.0012359697878296747,0.001235974014624133,0.001235978241346351,0.001235982468008541,0.0012359866946074982,0.0012359909211479923,0.001235995147623785,0.001235999374039724,0.0012360036003929028,0.001236007826686216,0.0012360120529194363,0.0012360162790945332,0.0012360205052044985,0.001236024731253569,0.0012360289572418159,0.001236033183168092,0.0012360374090294992,0.0012360416348217516,0.0012360458605650032,0.0012360500862447152,0.0012360543118671544,0.0012360585374253763,0.001236062762911882,0.0012360669883487684,0.0012360712137252095,0.00123607543904092,0.0012360796642944016,0.001236083889473131,0.0012360881146051034,0.001236092339675973,0.0012360965646814523,0.0012361007896299165,0.0012361050145320678,0.0012361092393588873,0.0012361134641232056,0.0012361176888252806,0.0012361219134699125,0.0012361261380518993,0.0012361303625721479,0.001236134587040915,0.001236138811438266,0.001236143035786195,0.001236147260062348,0.0012361514842773123,0.0012361557084357969,0.0012361599325143068,0.0012361641565453545,0.001236168380515841,0.001236172604431729,0.0012361768282802576,0.0012361810520666557,0.0012361852757945065,0.0012361894994590895,0.0012361937230609599,0.0012361979466098153,0.0012362021701034613,0.001236206393523881,0.0012362106168832174,0.0012362148402007686,0.0012362190634380012,0.0012362232866138187,0.0012362275097190585,0.0012362317327730017,0.0012362359557661286,0.0012362401786962442,0.0012362444015666196,0.0012362486243763914,0.001236252847127133,0.0012362570698173504,0.0012362612924432406,0.001236265514987481,0.0012362697374913862,0.0012362739599350487,0.0012362781823301065,0.001236282404650435,0.0012362866269055356,0.001236290849087467,0.0012362950712210918,0.0012362992932980954,0.0012363035153180727,0.0012363077372755703,0.0012363119591676565,0.0012363161809992645,0.0012363204027701824,0.0012363246244799164,0.0012363288461285295,0.001236333067717809,0.0012363372892442415,0.001236341510708889,0.0012363457321128684,0.0012363499534550973,0.0012363541747374585,0.0012363583959669633,0.0012363626171269838,0.001236366838226197,0.0012363710592592542,0.0012363752802384254,0.0012363795011530474,0.001236383722003004,0.0012363879427962701,0.0012363921635278562,0.0012363963842026572,0.0012364006048033358,0.0012364048253599132,0.001236409045847624,0.0012364132662746059,0.0012364174866513016,0.0012364217069556534,0.0012364259271902245,0.0012364301473727032,0.001236434367493989,0.001236438587554412,0.0012364428075542268,0.0012364470274945263,0.0012364512473716873,0.0012364554671915199,0.0012364596869463267,0.0012364639066403244,0.0012364681262731507,0.0012364723458442375,0.0012364765653549309,0.0012364807848064543,0.0012364850042004697,0.0012364892235280382,0.001236493442794319,0.001236497662000877,0.0012365018811288746,0.0012365061002122997,0.0012365103192344513,0.0012365145381934804,0.0012365187570939416,0.0012365229759320718,0.0012365271947105442,0.0012365314134274257,0.001236535632083379,0.001236539850680722,0.00123654406921441,0.0012365482876886874,0.001236552506100467,0.0012365567244510304,0.0012365609427410257,0.001236565160964046,0.0012365693791292092,0.0012365735972348561,0.0012365778152790417,0.001236582033264055,0.0012365862511877173,0.0012365904690688182,0.0012365946868709828,0.0012365989046103964,0.001236603122290881,0.001236607339909156,0.0012366115574661387,0.00123661577496255,0.0012366199923958402,0.0012366242097699128,0.0012366284270874865,0.001236632644340444,0.0012366368615315075,0.0012366410786647849,0.0012366452957336296,0.0012366495127409658,0.00123665372968736,0.0012366579465728207,0.0012366621634001184,0.0012366663801658254,0.0012366705968728194,0.00123667481351508,0.001236679030106523,0.0012366832466261385,0.0012366874630831337,0.001236691679480273,0.001236695895817118,0.0012367001120920686,0.0012367043283026868,0.001236708544456308,0.0012367127605487996,0.0012367169765799017,0.0012367211925503067,0.0012367254084597484,0.001236729624311748,0.0012367338400998563,0.001236738055820358,0.0012367422714864799,0.0012367464870904712,0.0012367507026335221,0.0012367549181160392,0.0012367591335371425,0.0012367633488995023,0.00123676756419108,0.0012367717794296738,0.0012367759945960477,0.0012367802097127253,0.0012367844247677968,0.0012367886397601034,0.0012367928546969354,0.0012367970695707643,0.0012368012843720294,0.0012368054991349331,0.0012368097138227435,0.0012368139284506458,0.0012368181430339367,0.0012368223575411424,0.0012368265719842413,0.0012368307863837205,0.0012368350007071268,0.0012368392149684126,0.0012368434291714521,0.0012368476433117239,0.0012368518573892511,0.0012368560714074318,0.0012368602853635002,0.0012368644992597894,0.001236868713095173,0.0012368729268622369,0.0012368771405743243,0.0012368813542282828,0.0012368855678203448,0.001236889781350819,0.0012368939948190572,0.001236898208246026,0.001236902421589636,0.001236906634876366,0.0012369108481033715,0.001236915061265132,0.0012369192743683307,0.0012369234874133207,0.0012369277004005033,0.0012369319133571078,0.00123693612622036,0.0012369403390188893,0.0012369445517563925,0.0012369487644313549,0.0012369529770452654,0.0012369571896001534,0.0012369614020944222,0.0012369656145271575,0.0012369698268988908,0.001236974039209424,0.0012369782514597646,0.0012369824636485945,0.0012369866757802217,0.0012369908878495453,0.0012369950998569672,0.0012369993118004424,0.0012370035236876063,0.0012370077355106058,0.0012370119472722464,0.0012370161589735815,0.0012370203706136506,0.0012370245821923924,0.0012370287937104353,0.0012370330051696024,0.001237037216568812,0.0012370414279040305,0.0012370456391811824,0.001237049850394513,0.0012370540615495287,0.001237058272628378,0.0012370624836454084,0.001237066694615457,0.001237070905517943,0.001237075116370534,0.0012370793271576338,0.0012370835378832845,0.0012370877485507988,0.0012370919591572834,0.001237096169690608,0.0012371003801723852,0.0012371045905944604,0.001237108800954557,0.0012371130112528404,0.001237117221490994,0.0012371214316682002,0.0012371256417861001,0.001237129851841381,0.001237134061838002,0.0012371382717714196,0.0012371424816457453,0.0012371466914570842,0.0012371509012292215,0.001237155110917726,0.00123715932054622,0.0012371635301139364,0.0012371677396223987,0.0012371719490657993,0.0012371761584534047,0.0012371803677761546,0.0012371845770388547,0.00123718878624471,0.0012371929953887337,0.0012371972044692035,0.001237201413488554,0.0012372056224498112,0.001237209831348235,0.0012372140401842283,0.0012372182489636487,0.0012372224576931035,0.0012372266663469385,0.0012372308749399184,0.0012372350834727165,0.0012372392919392523,0.001237243500349268,0.0012372477086981504,0.0012372519169864657,0.001237256125215875,0.0012372603333823263,0.0012372645414926657,0.001237268749537043,0.001237272957521979,0.0012372771654470566,0.0012372813733106112,0.0012372855811106523,0.0012372897888530694,0.0012372939965356238,0.0012372982041541601,0.0012373024117104732,0.0012373066192088262,0.0012373108266430252,0.0012373150340179457,0.0012373192413264057,0.0012373234485787336,0.0012373276557704918,0.0012373318629020605,0.0012373360699661842,0.001237340276976839,0.001237344483925454,0.0012373486908043062,0.0012373528976286094,0.0012373571043932993,0.0012373613110976476,0.0012373655177429664,0.0012373697243270362,0.0012373739308488734,0.0012373781373093077,0.0012373823437091748,0.0012373865500478142,0.001237390756325357,0.0012373949625445477,0.0012373991687012423,0.0012374033747983711,0.001237407580834312,0.0012374117868117502,0.0012374159927242777,0.0012374201985789605,0.001237424404358179,0.0012374286100901453,0.0012374328157595347,0.001237437021367402,0.0012374412269153556,0.0012374454324020486,0.001237449637849639,0.0012374538432131674,0.0012374580485168061,0.0012374622537629262,0.0012374664589459722,0.001237470664084552,0.001237474869144986,0.0012374790741441605,0.0012374832790817694,0.0012374874839582463,0.0012374916887759931,0.0012374958935338055,0.0012375000982289945,0.0012375043028630497,0.0012375085074363224,0.0012375127119476827,0.001237516916397671,0.001237521120788166,0.0012375253251169392,0.0012375295293881598,0.0012375337335955839,0.0012375379377431634,0.0012375421418291614,0.0012375463458541066,0.001237550549822113,0.001237554753718922,0.0012375589575496255,0.0012375631613319425,0.0012375673650534195,0.00123757156871402,0.0012375757723135459,0.0012375799758743576,0.0012375841793512558,0.0012375883827698765,0.0012375925861260718,0.0012375967894226296,0.0012376009926568596,0.001237605195830011,0.0012376093989482865,0.0012376136019999452,0.0012376178049916986,0.0012376220079376016,0.0012376262108075688,0.0012376304136106442,0.0012376346163584858,0.0012376388190555277,0.001237643021681044,0.0012376472242460205,0.0012376514267519244,0.0012376556291954328,0.0012376598315706026,0.0012376640338902297,0.0012376682361518014,0.0012376724383507537,0.0012376766404904665,0.0012376808425676072,0.0012376850445847845,0.001237689246541487,0.0012376934484374484,0.0012376976502721352,0.001237701852045643,0.0012377060537600607,0.001237710255412772,0.0012377144569968635,0.001237718658527877,0.0012377228599987121,0.0012377270614115882,0.0012377312627615314,0.0012377354640754135,0.00123773966530223,0.0012377438664680788,0.001237748067575674,0.0012377522686181526,0.0012377564695833672,0.001237760670505411,0.0012377648713626196,0.0012377690721669143,0.0012377732729064823,0.0012377774735884306,0.0012377816742049324,0.0012377858747621964,0.0012377900752588557,0.0012377942756962063,0.0012377984760709871,0.00123780267638706,0.001237806876640428,0.0012378110768268037,0.0012378152769572596,0.001237819477033262,0.0012378236770373976,0.0012378278769797414,0.001237832076868241,0.0012378362766944733,0.0012378404764633866,0.0012378446761941995,0.001237848875841259,0.001237853075425722,0.001237857274949099,0.0012378614744100714,0.0012378656738116654,0.00123786987315261,0.0012378740724542344,0.0012378782716794847,0.0012378824708381617,0.0012378866699364773,0.001237890868990767,0.0012378950679672867,0.0012378992668726798,0.0012379034657273808,0.001237907664521482,0.0012379118632559508,0.0012379160619177107,0.0012379202605307196,0.0012379244590813982,0.0012379286575748604,0.0012379328560039394,0.0012379370543758672,0.0012379412526830344,0.0012379454509323178,0.0012379496491167386,0.0012379538472401576,0.0012379580453190354,0.0012379622433263545,0.0012379664412693096,0.0012379706391517128,0.0012379748369718755,0.0012379790347368613,0.0012379832324371,0.00123798743008954,0.0012379916276677816,0.0012379958251820553,0.0012380000226425928,0.0012380042200377903,0.0012380084173726547,0.0012380126146452571,0.0012380168118624401,0.0012380210090124474,0.0012380252061058403,0.0012380294031368202,0.0012380336001061392,0.001238037797016774,0.0012380419938642661,0.0012380461906549513,0.0012380503873809054,0.0012380545840468809,0.0012380587806522308,0.001238062977194377,0.0012380671736783439,0.0012380713701007843,0.0012380755664633898,0.0012380797627651566,0.001238083959006247,0.0012380881551766279,0.0012380923512898155,0.001238096547348552,0.001238100743345942,0.0012381049392716844,0.001238109135148039,0.0012381133309560554,0.0012381175267090405,0.0012381217224029023,0.0012381259180361476,0.001238130113607761,0.0012381343091346845,0.0012381385045856638,0.0012381426999765036,0.0012381468953065208,0.0012381510905752013,0.0012381552857852723,0.0012381594809319355,0.0012381636760062922,0.0012381678710229021,0.0012381720659873008,0.0012381762608910118,0.0012381804557285926,0.0012381846505093998,0.0012381888452321437,0.0012381930398940525,0.0012381972344937414,0.0012382014290332902,0.0012382056235122018,0.001238209817929243,0.0012382140122868014,0.001238218206591965,0.0012382224008282091,0.0012382265950032765,0.0012382307891179068,0.0012382349831652803,0.001238239177160909,0.0012382433710922806,0.0012382475649638418,0.0012382517587744332,0.0012382559525237315,0.0012382601462080614,0.0012382643398289853,0.0012382685334103353,0.0012382727269184225,0.0012382769203646477,0.0012382811137356426,0.001238285307060032,0.0012382895003250703,0.0012382936935283625,0.0012382978866541058,0.0012383020797356243,0.0012383062727585096,0.0012383104657188752,0.0012383146586200826,0.001238318851456776,0.0012383230442352155,0.0012383272369527044,0.001238331429611184,0.0012383356222103819,0.0012383398147462685,0.0012383440072209326,0.0012383481996344006,0.0012383523919717253,0.0012383565842645427,0.0012383607764910372,0.0012383649686657024,0.001238369160779311,0.0012383733528290215,0.0012383775448183215,0.0012383817367465843,0.0012383859286158336,0.0012383901204535044,0.0012383943121998498,0.0012383985038851685,0.0012384026955133461,0.0012384068870777297,0.0012384110785846575,0.0012384152700287967,0.0012384194614085222,0.001238423652722555,0.0012384278439658174,0.0012384320351657716,0.0012384362263035827,0.0012384404173821917,0.0012384446084006038,0.0012384487993576609,0.0012384529902575688,0.0012384571810930157,0.0012384613718678262,0.001238465562580854,0.001238469753234168,0.001238473943823798,0.0012384781343560479,0.0012384823248291986,0.0012384865152430442,0.0012384907055823535,0.0012384948958723027,0.0012384990860966989,0.0012385032762646459,0.0012385074663721287,0.0012385116564186014,0.001238515846404357,0.0012385200363240064,0.0012385242261845173,0.0012385284159680864,0.001238532605699405,0.0012385367953818192,0.0012385409850050584,0.0012385451745569199,0.001238549364057206,0.0012385535535002577,0.0012385577428832752,0.0012385619321961061,0.0012385661214537997,0.0012385703106391915,0.0012385744997757571,0.001238578688847276,0.001238582877862505,0.0012385870668168175,0.001238591255719978,0.0012385954445532977,0.001238599633325495,0.0012386038220316739,0.0012386080106825757,0.0012386121992764728,0.001238616387807625,0.0012386205762527456,0.0012386247646642185,0.001238628953001168,0.001238633141288006,0.0012386373295048038,0.0012386415176701732,0.001238645705774113,0.0012386498938173336,0.0012386540818008621,0.0012386582697235203,0.0012386624576085918,0.001238666645408415,0.001238670833149144,0.0012386750208006586,0.001238679208415785,0.0012386833959694332,0.0012386875834674799,0.0012386917709091552,0.0012386959582778674,0.0012387001455935107,0.0012387043328497818,0.0012387085200451446,0.0012387127071798922,0.0012387168942530303,0.0012387210812658447,0.0012387252682179654,0.00123872945510799,0.001238733641939064,0.001238737828709423,0.001238742015422808,0.001238746202071872,0.0012387503886601328,0.0012387545751867404,0.0012387587616538983,0.001238762948062161,0.0012387671344042527,0.0012387713206848175,0.0012387755069227424,0.0012387796930860664,0.0012387838791894335,0.0012387880652324755,0.0012387922512207643,0.001238796437141169,0.0012388006230025183,0.00123880480880264,0.0012388089945301736,0.0012388131802081777,0.0012388173658256763,0.001238821551382887,0.0012388257368798935,0.0012388299223162395,0.0012388341076950235,0.0012388382930129894,0.0012388424782686428,0.0012388466634623892,0.0012388508485956845,0.0012388550336720915,0.0012388592186840523,0.0012388634036353972,0.0012388675885257542,0.001238871773371923,0.0012388759581229826,0.0012388801428345978,0.0012388843274827232,0.0012388885120701524,0.0012388926965995997,0.0012388968810631126,0.001238901065468626,0.00123890524981374,0.0012389094340982875,0.0012389136183225257,0.0012389178024882815,0.001238921986592328,0.0012389261706327232,0.0012389303546141825,0.0012389345385338767,0.0012389387223939983,0.001238942906194116,0.0012389470899345184,0.0012389512736114892,0.0012389554572299279,0.0012389596407870478,0.0012389638242853802,0.0012389680077199872,0.0012389721910949416,0.001238976374409478,0.0012389805576632272,0.0012389847408573848,0.0012389889239735488,0.0012389931070456417,0.0012389972900676465,0.0012390014730223843,0.0012390056559128042,0.0012390098387411595,0.001239014021510373,0.0012390182042189663,0.001239022386862561,0.0012390265694532426,0.0012390307519799862,0.0012390349344598031,0.001239039116870745,0.0012390432992159684,0.0012390474815006916,0.001239051663727837,0.0012390558458916152,0.0012390600279899538,0.0012390642100323795,0.0012390683919976308,0.0012390725739185621,0.0012390767557787948,0.0012390809375758694,0.0012390851193167657,0.0012390893009918778,0.0012390934826101484,0.0012390976641676636,0.0012391018456644008,0.0012391060271003229,0.0012391102084756988,0.001239114389790862,0.0012391185710296266,0.0012391227522258266,0.0012391269333579997,0.001239131114430768,0.001239135295443159,0.0012391394763939083,0.0012391436572866934,0.0012391478381170624,0.001239152018886852,0.001239156199596546,0.0012391603802452296,0.001239164560833877,0.001239168741362098,0.0012391729218292928,0.001239177102235989,0.0012391812825845974,0.0012391854628698183,0.0012391896430983358,0.0012391938232626666,0.0012391980033525363,0.0012392021833955297,0.0012392063633782221,0.001239210543301224,0.0012392147231619845,0.0012392189029621118,0.0012392230827024415,0.0012392272623825765,0.0012392314420058969,0.0012392356215574943,0.001239239801056113,0.0012392439804816574,0.001239248159859345,0.001239252339171259,0.0012392565184273768,0.0012392606976160546,0.0012392648767472658,0.0012392690558215454,0.0012392732348291975,0.0012392774137879518,0.0012392815926805993,0.0012392857715141617,0.001239289950285497,0.001239294128996417,0.0012392983076452311,0.001239302486237588,0.0012393066647664744,0.001239310843234916,0.0012393150216453523,0.0012393191999932425,0.0012393233782799393,0.0012393275565036586,0.0012393317346743786,0.0012393359127735668,0.0012393400908073248,0.001239344268793888,0.0012393484467164348,0.0012393526245830433,0.0012393568024054893,0.001239360980147833,0.0012393651578325655,0.0012393693354528328,0.0012393735130022973,0.0012393776905163215,0.001239381867956023,0.001239386045335204,0.0012393902226536424,0.001239394399917428,0.0012393985771143607,0.0012394027542509999,0.001239406931327173,0.0012394111083431148,0.001239415285301107,0.0012394194621938566,0.0012394236390308173,0.001239427815803786,0.0012394319925177182,0.0012394361691718536,0.0012394403457805319,0.0012394445223201911,0.0012394486987905029,0.0012394528752030926,0.001239457051543999,0.001239461227833391,0.0012394654040346908,0.0012394695802041826,0.0012394737563055577,0.0012394779323555195,0.001239482108344414,0.0012394862842703283,0.0012394904601415264,0.0012394946359471446,0.0012394988116928708,0.0012395029873776013,0.0012395071630024793,0.0012395113385685879,0.0012395155140882848,0.0012395196895304797,0.001239523864912276,0.0012395280402336907,0.0012395322154951827,0.0012395363906955964,0.0012395405658327347,0.001239544740902306,0.0012395489159213971,0.0012395530908804664,0.0012395572657787105,0.001239561440618399,0.0012395656153956804,0.0012395697901109604,0.0012395739647670697,0.0012395781393628829,0.0012395823138985082,0.0012395864883723367,0.0012395906628202577,0.0012395948371717626,0.001239599011464325,0.0012396031856970818,0.0012396073598683619,0.0012396115339796928,0.001239615708031067,0.0012396198820234284,0.001239624055949138,0.0012396282298185186,0.0012396324036278315,0.0012396365773764643,0.0012396407510713947,0.0012396449246991636,0.0012396490982742557,0.0012396532717815643,0.0012396574452362631,0.001239661618625769,0.0012396657919518576,0.0012396699652161187,0.0012396741384198763,0.0012396783115866353,0.0012396824846736814,0.001239686657696002,0.0012396908306570836,0.0012396950035533962,0.0012396991763918498,0.0012397033491738081,0.0012397075218938158,0.0012397116945524638,0.0012397158671512856,0.0012397200396895914,0.001239724212197973,0.0012397283846166355,0.001239732556973998,0.0012397367292705662,0.0012397409015072176,0.0012397450736834883,0.0012397492457992662,0.0012397534178435518,0.0012397575898387533,0.0012397617617674755,0.0012397659336420258,0.0012397701054883954,0.001239774277240942,0.0012397784489313458,0.001239782620550759,0.0012397867921224747,0.001239790963631211,0.0012397951350822066,0.0012397993064733326,0.001239803477801258,0.0012398076490733167,0.001239811820285068,0.0012398159914357252,0.00123982016252895,0.001239824333550847,0.0012398285045202558,0.0012398326754148108,0.0012398368462592322,0.001239841017039967,0.0012398451877653597,0.0012398493584288364,0.0012398535290336302,0.0012398576995795029,0.001239861870057724,0.0012398660404867833,0.00123987021086527,0.0012398743811663452,0.001239878551412419,0.0012398827215932705,0.0012398868917139292,0.0012398910617745708,0.0012398952317697121,0.001239899401730383,0.0012399035716099695,0.0012399077414242707,0.0012399119111951237,0.001239916080893269,0.001239920250531015,0.0012399244200985435,0.0012399285896148515,0.0012399327590712948,0.001239936928467541,0.001239941097803859,0.001239945267074537,0.0012399494362908521,0.0012399536054473394,0.0012399577745408313,0.0012399619435746396,0.0012399661125470434,0.0012399702814587627,0.0012399744503097418,0.0012399786191021253,0.0012399827878334974,0.001239986956507715,0.0012399911251185756,0.0012399952936671722,0.0012399994621564764,0.0012400036305848419,0.0012400077989479191,0.0012400119672562814,0.0012400161354921865,0.0012400203036782745,0.0012400244718081496,0.0012400286398748673,0.0012400328078814742,0.0012400369758282519,0.0012400411437131378,0.0012400453115382715,0.001240049479300645,0.001240053647004722,0.0012400578146486141,0.0012400619822454943,0.0012400661497662252,0.0012400703172153233,0.0012400744846172778,0.0012400786519592521,0.0012400828192426175,0.001240086986464444,0.0012400911536243086,0.0012400953207203722,0.0012400994877512393,0.0012401036547306072,0.0012401078216497437,0.0012401119885088344,0.001240116155307325,0.00124012032204404,0.0012401244887214691,0.0012401286553319578,0.0012401328218886224,0.0012401369883831132,0.0012401411548214913,0.0012401453211929253,0.0012401494875015422,0.001240153653758358,0.0012401578199411406,0.0012401619860767218,0.001240166152150417,0.001240170318163763,0.0012401744841127305,0.0012401786499871745,0.0012401828158190933,0.0012401869815849766,0.001240191147288773,0.0012401953129398244,0.0012401994785329134,0.0012402036440601328,0.0012402078095284672,0.0012402119749251226,0.0012402161402657412,0.0012402203055543487,0.001240224470783589,0.0012402286359511668,0.0012402328010587098,0.0012402369661039464,0.0012402411310907739,0.001240245296017211,0.0012402494608822524,0.0012402536256879465,0.001240257790433343,0.001240261955120301,0.001240266119742932,0.0012402702843063746,0.0012402744488243173,0.0012402786132604056,0.00124028277764334,0.0012402869419805799,0.001240291106241261,0.0012402952704425234,0.001240299434584153,0.0012403035986650887,0.001240307762681761,0.0012403119266421513,0.0012403160905426083,0.0012403202543822718,0.0012403244181616027,0.0012403285818653653,0.0012403327455244972,0.0012403369091229827,0.0012403410726575992,0.001240345236135239,0.0012403493995488688,0.0012403535629064834,0.0012403577262022874,0.0012403618894391804,0.0012403660526100957,0.0012403702157236629,0.0012403743787788278,0.0012403785417740773,0.0012403827047034507,0.0012403868675764293,0.001240391030388328,0.0012403951931392737,0.001240399355825225,0.0012404035184581657,0.0012404076810325557,0.0012404118435449592,0.0012404160059940146,0.0012404201683858234,0.0012404243307188793,0.0012404284929899648,0.0012404326552000917,0.0012404368173302386,0.0012404409794188015,0.0012404451414513731,0.0012404493034203613,0.001240453465316892,0.0012404576271615635,0.0012404617889686987,0.0012404659506938252,0.0012404701123600774,0.0012404742739684442,0.0012404784355145475,0.0012404825969976902,0.001240486758425298,0.0012404909197920421,0.001240495081097926,0.0012404992423429347,0.0012405034035271325,0.0012405075646505887,0.0012405117257203535,0.0012405158867509639,0.001240520047696747,0.001240524208582417,0.001240528369405638,0.0012405325301679145,0.0012405366908685759,0.0012405408515107086,0.001240545012092389,0.001240549172613752,0.0012405533330748285,0.0012405574934753513,0.0012405616538154899,0.00124056581409689,0.0012405699743458056,0.0012405741345013544,0.0012405782946270096,0.0012405824546686101,0.0012405866146511348,0.0012405907745717372,0.001240594934429704,0.001240599094226316,0.001240603253962745,0.0012406074136363746,0.00124061157327299,0.0012406157328283681,0.0012406198923283413,0.0012406240517642308,0.001240628211139721,0.001240632370431706,0.0012406365296846163,0.0012406406888757402,0.001240644848010087,0.001240649007085869,0.0012406531660987322,0.0012406573250547679,0.0012406614839473357,0.0012406656427800134,0.0012406698015524828,0.0012406739602658476,0.0012406781189182566,0.0012406822775130235,0.0012406864360455822,0.001240690594516355,0.0012406947529271448,0.0012406989112796554,0.0012407030695702984,0.001240707227794866,0.0012407113859644824,0.0012407155440730814,0.0012407197021211819,0.0012407238601118394,0.0012407280180314177,0.0012407321758945425,0.0012407363337030763,0.0012407404914510567,0.0012407446491383056,0.0012407488067633292,0.0012407529643302638,0.0012407571218579015,0.0012407612793105742,0.0012407654366951599,0.0012407695940243968,0.0012407737512806318,0.0012407779084858011,0.0012407820656499303,0.001240786222732223,0.001240790379756629,0.0012407945367205995,0.0012407986936225403,0.0012408028504678965,0.0012408070072512471,0.001240811163971923,0.0012408153206367016,0.001240819477239174,0.001240823633781469,0.001240827790270315,0.0012408319466863896,0.0012408361030471862,0.0012408402593519316,0.0012408444155951887,0.0012408485717691784,0.0012408527278910614,0.0012408568839587862,0.0012408610399529724,0.0012408651958924334,0.0012408693517718084,0.0012408735075765107,0.0012408776633389548,0.0012408818190374341,0.0012408859746757897,0.0012408901302457314,0.0012408942857667507,0.0012408984412152965,0.0012409025966127485,0.0012409067519500152,0.0012409109072266558,0.0012409150624443923,0.0012409192175998648,0.0012409233727008401,0.0012409275277369168,0.0012409316827125575,0.0012409358376277082,0.0012409399924808604,0.001240944147275826,0.0012409483020115214,0.001240952456687595,0.0012409566113030896,0.0012409607658567061,0.00124096492035016,0.0012409690747837805,0.0012409732291570922,0.0012409773834645389,0.0012409815377202448,0.0012409856919080153,0.0012409898460480386,0.0012409940001157649,0.0012409981541280448,0.0012410023080798216,0.0012410064619709827,0.001241010615803168,0.001241014769573811,0.0012410189232870228,0.0012410230769373295,0.0012410272305282445,0.0012410313840568639,0.001241035537526436,0.0012410396909359274,0.0012410438442851716,0.0012410479975742946,0.001241052150803182,0.0012410563039724465,0.0012410604571049544,0.0012410646101509587,0.0012410687631435088,0.001241072916071161,0.0012410770689388925,0.0012410812217462743,0.0012410853744958946,0.0012410895271785473,0.0012410936798047372,0.0012410978323712794,0.0012411019848775975,0.00124110613733054,0.0012411102897199233,0.0012411144420454666,0.001241118594311426,0.001241122746511711,0.0012411268986563958,0.0012411310507402834,0.0012411352027672168,0.0012411393547297474,0.00124114350663387,0.0012411476584770866,0.001241151810260859,0.0012411559619880392,0.0012411601136513377,0.0012411642652560293,0.0012411684168000432,0.0012411725682729747,0.001241176719695325,0.001241180871057817,0.0012411850223648941,0.0012411891736072004,0.0012411933247879067,0.0012411974759091234,0.0012412016269686868,0.0012412057779732353,0.0012412099289429582,0.0012412140798225995,0.0012412182306432396,0.0012412223814042655,0.0012412265321067972,0.0012412306827467704,0.0012412348333274512,0.0012412389838456282,0.0012412431343010464,0.0012412472847003263,0.0012412514350434681,0.0012412555853223283,0.0012412597355439304,0.0012412638856875845,0.001241268035785726,0.0012412721858244796,0.0012412763358169742,0.0012412804857348172,0.0012412846355791703,0.0012412887853780398,0.0012412929351161871,0.0012412970847932691,0.0012413012344095879,0.001241305383965149,0.0012413095334566368,0.0012413136828910332,0.0012413178322684753,0.001241321981586655,0.001241326130833337,0.0012413302800301097,0.0012413344291692064,0.0012413385782369358,0.0012413427272503481,0.001241346876205237,0.0012413510251001341,0.0012413551739348118,0.0012413593227048076,0.0012413634714187058,0.0012413676200729814,0.0012413717686666284,0.0012413759171950088,0.0012413800656727238,0.0012413842140567568,0.0012413883624075954,0.0012413925107007742,0.0012413966589350828,0.0012414008071079822,0.0012414049552214959,0.0012414091032653344,0.0012414132512572472,0.0012414173991894934,0.001241421547061232,0.0012414256948772788,0.0012414298426307246,0.0012414339903223516,0.0012414381379541796,0.001241442285525147,0.00124144643303659,0.0012414505804874678,0.0012414547278778803,0.0012414588752023225,0.001241463022475514,0.0012414671696857728,0.001241471316837988,0.001241475463928405,0.00124147961095791,0.0012414837579278856,0.0012414879048373378,0.0012414920516869627,0.0012414961984774245,0.0012415003452060558,0.001241504491875112,0.0012415086384842285,0.001241512785033273,0.0012415169315225221,0.0012415210779393728,0.001241525224307851,0.0012415293706163444,0.0012415335168673297,0.0012415376630568124,0.0012415418091845933,0.0012415459552463709,0.0012415501012463038,0.0012415542471939285,0.0012415583930820591,0.0012415625389087328,0.0012415666846751698,0.0012415708303858614,0.001241574976019528,0.0012415791216054775,0.001241583267135785,0.001241587412602847,0.001241591558009292,0.0012415957033559402,0.0012415998486424511,0.001241603993853623,0.0012416081390037768,0.001241612284108416,0.0012416164291535893,0.0012416205741291964,0.0012416247190416238,0.0012416288639362086,0.0012416330087415715,0.0012416371534866985,0.0012416412981900273,0.0012416454428160536,0.0012416495873844194,0.0012416537318915531,0.0012416578763468032,0.0012416620207246548,0.0012416661650489743,0.0012416703093142357,0.001241674453518244,0.0012416785976625733,0.0012416827417461316,0.0012416868857700453,0.0012416910297342076,0.001241695173637964,0.001241699317479876,0.001241703461259791,0.0012417076049829668,0.0012417117486460845,0.001241715892249722,0.0012417200357930584,0.0012417241792763,0.0012417283226990468,0.0012417324660642815,0.0012417366093660448,0.0012417407526085582,0.0012417448957873017,0.0012417490389095582,0.0012417531819706213,0.0012417573249740154,0.0012417614679117069,0.0012417656107945694,0.001241769753611619,0.001241773896373041,0.0012417780390746613,0.0012417821817162606,0.0012417863242978448,0.0012417904668278806,0.0012417946092859538,0.001241798751693397,0.0012418028940248326,0.0012418070363076667,0.001241811178526782,0.0012418153206897459,0.0012418194627897687,0.0012418236048256776,0.0012418277468059919,0.0012418318887296824,0.001241836030594107,0.0012418401723822059,0.0012418443141227222,0.0012418484558030544,0.001241852597423126,0.001241856738978961,0.0012418608804795155,0.0012418650219091086,0.0012418691632888259,0.0012418733046101987,0.001241877445872145,0.001241881587079094,0.0012418857282221296,0.0012418898693013125,0.001241894010319989,0.0012418981512778559,0.001241902292177808,0.0012419064330168072,0.0012419105737852022,0.0012419147145044176,0.0012419188551666838,0.0012419229957682182,0.0012419271363090522,0.0012419312767788222,0.0012419354171977503,0.0012419395575572606,0.0012419436978451017,0.001241947838083826,0.0012419519782578456,0.0012419561183755418,0.0012419602584406403,0.0012419643984330302,0.001241968538373129,0.0012419726782532167,0.0012419768180693363,0.0012419809578276396,0.00124198509752866,0.001241989237168585,0.0012419933767452357,0.0012419975162746915,0.001242001655732778,0.0012420057951238158,0.0012420099344622197,0.0012420140737398778,0.0012420182129722504,0.001242022352129652,0.0012420264912306454,0.0012420306302676249,0.0012420347692255094,0.0012420389081467264,0.0012420430470042139,0.0012420471858034885,0.0012420513245408906,0.001242055463217104,0.001242059601832213,0.0012420637403908355,0.0012420678788875325,0.0012420720173249543,0.0012420761557012066,0.0012420802940169458,0.0012420844322732218,0.0012420885704704392,0.001242092708612013,0.0012420968466971118,0.001242100984715704,0.001242105122674181,0.0012421092605710603,0.0012421133984084852,0.0012421175361851864,0.0012421216739021753,0.0012421258115589253,0.0012421299491559297,0.0012421340866892593,0.0012421382241682548,0.0012421423615858232,0.00124214649894547,0.0012421506362422351,0.0012421547734806477,0.0012421589106621756,0.001242163047778061,0.0012421671848348002,0.0012421713218302285,0.0012421754587669575,0.0012421795956444011,0.0012421837324540343,0.0012421878692103823,0.0012421920059106045,0.0012421961425453263,0.0012422002791222077,0.0012422044156392435,0.001242208552096503,0.001242212688493649,0.0012422168248304583,0.0012422209611061721,0.0012422250973186965,0.0012422292334745755,0.0012422333695748466,0.0012422375056102043,0.0012422416415861647,0.001242245777501136,0.0012422499133505108,0.001242254049147075,0.001242258184883575,0.0012422623205568387,0.0012422664561756711,0.0012422705917352448,0.0012422747272316207,0.0012422788626673836,0.0012422829980445747,0.0012422871333609552,0.0012422912686176832,0.0012422954038119323,0.0012422995389512416,0.00124230367401629,0.0012423078090353723,0.0012423119439679761,0.0012423160788791966,0.001242320213715772,0.0012423243484943355,0.001242328483214681,0.0012423326178650914,0.001242336752459378,0.001242340886996098,0.001242345021462784,0.001242349155879906,0.0012423532902298981,0.0012423574245274114,0.0012423615587644522,0.0012423656929410564,0.0012423698270543407,0.0012423739611135784,0.0012423780951101794,0.001242382229047123,0.0012423863629240327,0.0012423904967414608,0.0012423946305009615,0.001242398764191145,0.001242402897826871,0.0012424070314035398,0.0012424111649241198,0.0012424152983848149,0.0012424194317911077,0.0012424235651308454,0.0012424276984234575,0.0012424318316407593,0.001242435964797653,0.0012424400978936307,0.0012424442309234417,0.0012424483639006966,0.0012424524968171176,0.0012424566296741183,0.001242460762477794,0.001242464895214148,0.0012424690278935579,0.0012424731605102663,0.0012424772930675842,0.0012424814255549573,0.0012424855579922453,0.0012424896903726133,0.0012424938227040213,0.0012424979549622323,0.0012425020871590544,0.0012425062193015923,0.001242510351380102,0.0012425144833986069,0.001242518615351546,0.0012425227472499995,0.001242526879082716,0.0012425310108685021,0.001242535142588537,0.0012425392742624135,0.0012425434058624652,0.001242547537404401,0.00124255166888089,0.0012425558002950238,0.0012425599316756605,0.0012425640629747329,0.0012425681942151183,0.0012425723253938023,0.0012425764565132814,0.0012425805875715921,0.0012425847185699318,0.0012425888495116815,0.0012425929803884666,0.001242597111206188,0.001242601241966044,0.001242605372664241,0.0012426095033035488,0.0012426136338829525,0.0012426177644025407,0.0012426218948519004,0.0012426260252511117,0.0012426301555897004,0.0012426342858694486,0.0012426384160930757,0.0012426425462532212,0.001242646676351849,0.0012426508063882672,0.0012426549363673887,0.0012426590663021924,0.0012426631961687544,0.0012426673259486223,0.0012426714556904932,0.001242675585378894,0.0012426797149994997,0.001242683844561241,0.001242687974062542,0.0012426921035033232,0.0012426962328793898,0.00124270036220065,0.0012427044914571606,0.0012427086206602698,0.0012427127498014074,0.0012427168788833314,0.0012427210079046505,0.001242725136866042,0.0012427292657661143,0.001242733394611397,0.0012427375233957818,0.0012427416521199025,0.0012427457807845977,0.0012427499093868495,0.001242754037931453,0.00124275816641378,0.0012427622948390472,0.0012427664232013485,0.0012427705514977054,0.0012427746797419514,0.0012427788079291064,0.0012427829360466863,0.001242787064109894,0.0012427911921107802,0.001242795320053831,0.001242799447932466,0.0012428035757513708,0.0012428077035142695,0.0012428118312175125,0.0012428159588607874,0.0012428200864591128,0.0012428242139853063,0.0012428283414487856,0.001242832468856151,0.00124283659619592,0.001242840723480053,0.0012428448507042981,0.0012428489778623713,0.0012428531049679297,0.001242857232011571,0.0012428613589976416,0.0012428654859224686,0.001242869612789724,0.0012428737395956103,0.0012428778663407616,0.0012428819930291985,0.0012428861196545691,0.0012428902462212376,0.0012428943727271023,0.0012428984991659344,0.0012429026255546028,0.0012429067518807215,0.001242910878147054,0.0012429150043530394,0.0012429191304998467,0.0012429232565873247,0.0012429273826174132,0.0012429315085777633,0.0012429356345025695,0.0012429397603517037,0.001242943886138513,0.0012429480118651647,0.0012429521375339264,0.001242956263141024,0.0012429603886845745,0.0012429645141558677,0.0012429686395862738,0.0012429727649555051,0.0012429768902636339,0.0012429810155117388,0.0012429851406987789,0.0012429892658296015,0.001242993390897569,0.001242997515906738,0.0012430016408543469,0.0012430057657432673,0.0012430098905741095,0.001243014015343101,0.0012430181400526093,0.001243022264699976,0.0012430263892858325,0.0012430305138156977,0.00124303463828827,0.0012430387626984494,0.0012430428870489395,0.0012430470113393914,0.0012430511355621952,0.0012430552597340078,0.0012430593838451177,0.0012430635078980005,0.0012430676318892899,0.0012430717558195015,0.001243075879689595,0.0012430800034930033,0.0012430841272445111,0.0012430882509354862,0.001243092374566611,0.0012430964981395155,0.0012431006216468798,0.0012431047450995674,0.0012431088684920532,0.001243112991826642,0.0012431171150995915,0.0012431212383130757,0.00124312536146055,0.0012431294845534342,0.0012431336075871039,0.0012431377305633345,0.0012431418534917182,0.0012431459763458338,0.001243150099141631,0.0012431542218679583,0.001243158344542354,0.001243162467153199,0.0012431665897062202,0.0012431707122021504,0.0012431748346299642,0.00124317895699736,0.0012431830792972054,0.0012431872015530984,0.0012431913237490524,0.001243195445885641,0.0012431995679667944,0.0012432036899834643,0.0012432078119357527,0.0012432119338363335,0.0012432160556734072,0.0012432201774542208,0.0012432242991600008,0.0012432284208356056,0.0012432325424322516,0.0012432366639709362,0.0012432407854519947,0.0012432449068732609,0.0012432490282288321,0.0012432531495289141,0.0012432572707630175,0.0012432613919348648,0.0012432655130536782,0.0012432696341092184,0.0012432737551034548,0.001243277876043321,0.0012432819969234678,0.0012432861177450653,0.0012432902385002176,0.001243294359200955,0.0012432984798400036,0.0012433026004208347,0.0012433067209345753,0.0012433108413963552,0.0012433149617905007,0.0012433190821318307,0.001243323202412743,0.0012433273226356582,0.0012433314427961464,0.0012433355628999885,0.0012433396829428425,0.0012433438029521486,0.0012433479228752642,0.001243352042738751,0.0012433561625392444,0.001243360282282003,0.0012433644019684584,0.0012433685215926537,0.0012433726411486463,0.0012433767606411961,0.0012433808800861844,0.0012433849994702435,0.0012433891187955876,0.001243393238063018,0.0012433973572684436,0.0012434014764138484,0.0012434055955003781,0.001243409714526999,0.001243413833493631,0.001243417952400401,0.0012434220712469325,0.001243426190034226,0.0012434303087621307,0.001243434427429177,0.0012434385460368333,0.0012434426645846085,0.0012434467830729835,0.0012434509015014942,0.0012434550198728914,0.001243459138181753,0.0012434632564313635,0.0012434673746167949,0.0012434714927463094,0.001243475610812596,0.0012434797288215246,0.0012434838467740887,0.0012434879646590071,0.0012434920824909005,0.0012434962002503941,0.001243500317960406,0.0012435044356120897,0.001243508553203815,0.0012435126707358996,0.0012435167882094533,0.001243520905658082,0.0012435250230090572,0.001243529140296803,0.0012435332575305592,0.0012435373747039873,0.0012435414918217605,0.0012435456088599672,0.0012435497258539898,0.001243553842787,0.0012435579596615334,0.001243562076479196,0.0012435661932296935,0.0012435703099203212,0.0012435744265541485,0.0012435785431315345,0.0012435826596476189,0.0012435867761034986,0.0012435908924999255,0.001243595008835778,0.001243599125115566,0.0012436032413286325,0.0012436073574856135,0.001243611473590143,0.001243615589627935,0.0012436197056062575,0.0012436238215269447,0.0012436279373854641,0.0012436320531838702,0.0012436361689167213,0.001243640284593209,0.0012436444002164192,0.0012436485157753339,0.001243652631271261,0.0012436567467121146,0.0012436608620923178,0.0012436649774141095,0.001243669092678994,0.0012436732078805431,0.0012436773230241043,0.0012436814381061804,0.0012436855531280588,0.0012436896680904947,0.0012436937829964003,0.001243697897842875,0.0012437020126299322,0.0012437061273541936,0.0012437102420191765,0.0012437143566238244,0.0012437184711698844,0.001243722585654424,0.001243726700079513,0.0012437308144279628,0.0012437349287334842,0.0012437390429811276,0.0012437431571621811,0.0012437472712882374,0.0012437513853546815,0.001243755499360078,0.0012437596133113445,0.0012437637271975105,0.0012437678410252096,0.0012437719547935165,0.001243776068500888,0.0012437801821527418,0.001243784295737628,0.00124378840926688,0.0012437925227392953,0.001243796636149154,0.0012438007494986175,0.0012438048627914234,0.0012438089760221252,0.0012438130891923862,0.0012438172023034526,0.0012438213153547254,0.001243825428347469,0.0012438295412780594,0.001243833654151709,0.0012438377669640864,0.001243841879718582,0.0012438459924084973,0.001243850105040901,0.0012438542176128344,0.0012438583301258705,0.0012438624425785306,0.001243866554972559,0.0012438706673307594,0.0012438747796030781,0.0012438788918320075,0.0012438830039871965,0.001243887116082914,0.001243891228121501,0.0012438953400985301,0.0012438994520157075,0.0012439035638740872,0.0012439076756721248,0.0012439117874085185,0.0012439158990870396,0.001243920010705577,0.001243924122265131,0.0012439282337628791,0.0012439323452023297,0.0012439364565843085,0.0012439405679045092,0.0012439446791648948,0.0012439487903658634,0.0012439529015069455,0.001243957012588469,0.0012439611236099194,0.001243965234572089,0.0012439693454750372,0.0012439734563166477,0.0012439775670997732,0.0012439816778214803,0.0012439857884869764,0.0012439898990908751,0.0012439940096350963,0.001243998120119279,0.0012440022305437793,0.001244006340908316,0.0012440104512137784,0.0012440145614586267,0.0012440186716462143,0.0012440227817585294,0.0012440268918281344,0.0012440310018349324,0.0012440351117747142,0.0012440392216625984,0.0012440433314914478,0.0012440474412602238,0.001244051550964981,0.001244055660614398,0.001244059770204253,0.0012440638797339965,0.0012440679892044711,0.0012440720986124543,0.0012440762079570845,0.001244080317242888,0.001244084426476527,0.0012440885356618592,0.0012440926447747397,0.0012440967538266932,0.0012441008628203754,0.0012441049717562313,0.001244109080629915,0.0012441131894390767,0.0012441172981933041,0.001244121406888294,0.0012441255155231385,0.0012441296241026791,0.0012441337326185506,0.0012441378410788305,0.00124414194948287,0.0012441460578225668,0.001244150166107325,0.001244154274321329,0.0012441583824801727,0.0012441624905818558,0.001244166598606827,0.0012441707065838172,0.0012441748145023085,0.00124417892236127,0.0012441830301610822,0.001244187137896956,0.0012441912455776324,0.0012441953531986429,0.001244199460761335,0.0012442035682622267,0.001244207675703436,0.0012442117830694052,0.0012442158903888704,0.001244219997651551,0.0012442241048523566,0.0012442282119960956,0.0012442323190819233,0.001244236426106473,0.0012442405330728209,0.0012442446399748056,0.0012442487468209975,0.0012442528536068898,0.0012442569603366331,0.0012442610669858346,0.0012442651735947044,0.0012442692801443902,0.0012442733866324523,0.0012442774930653071,0.0012442815994338362,0.0012442857057429128,0.001244289811992639,0.0012442939181823323,0.001244298024307691,0.0012443021303785557,0.0012443062363874195,0.0012443103423406294,0.001244314448230103,0.0012443185540688966,0.0012443226598428134,0.0012443267655555823,0.0012443308712084997,0.0012443349768016245,0.001244339082335538,0.0012443431878107459,0.0012443472932259431,0.0012443513985813592,0.0012443555038772639,0.0012443596091123764,0.0012443637142867854,0.0012443678194032522,0.0012443719244601878,0.0012443760294592627,0.001244380134384424,0.0012443842392644941,0.0012443883440826462,0.001244392448842223,0.0012443965535408788,0.0012444006581806143,0.0012444047627512536,0.0012444088672730717,0.001244412971734107,0.0012444170761354576,0.0012444211804772487,0.0012444252847592637,0.0012444293889806244,0.0012444334931399914,0.001244437597246988,0.0012444417012907355,0.0012444458052749835,0.0012444499091995827,0.0012444540130643867,0.0012444581168695127,0.0012444622206143278,0.0012444663243000279,0.001244470427930392,0.0012444745314966062,0.0012444786349993355,0.0012444827384392111,0.0012444868418298141,0.0012444909451590782,0.001244495048428168,0.0012444991516372197,0.0012445032547867413,0.001244507357877775,0.0012445114609090262,0.0012445155638745068,0.001244519666786796,0.0012445237696391465,0.0012445278724325605,0.001244531975161212,0.001244536077834512,0.0012445401804481696,0.0012445442830012368,0.0012445483854960587,0.001244552487925778,0.0012445565903031945,0.0012445606926397422,0.0012445647948947818,0.0012445688970985547,0.0012445729992349725,0.0012445771013121247,0.0012445812033300054,0.001244585305293255,0.0012445894071935778,0.001244593509031249,0.0012445976108112417,0.0012446017125332547,0.001244605814192102,0.001244609915793529,0.0012446140173338618,0.0012446181188173848,0.001244622220239693,0.0012446263216000025,0.0012446304229032463,0.0012446345241467788,0.0012446386253297918,0.0012446427264625223,0.001244646827527857,0.001244650928535421,0.0012446550294806754,0.0012446591303710407,0.0012446632312001047,0.0012446673319673025,0.001244671432673635,0.001244675533322237,0.0012446796339108087,0.001244683734440045,0.0012446878349036197,0.0012446919353110808,0.0012446960356575685,0.0012447001359481879,0.0012447042361944795,0.001244708336366169,0.0012447124364776863,0.0012447165365319078,0.0012447206365052191,0.0012447247364382697,0.0012447288363095525,0.0012447329361246861,0.0012447370358805337,0.0012447411355799905,0.0012447452352156308,0.0012447493347888974,0.001244753434306772,0.0012447575337645041,0.0012447616331622367,0.0012447657324991138,0.001244769831777601,0.001244773930997795,0.0012447780301570186,0.0012447821292558326,0.00124478622829001,0.0012447903272706027,0.0012447944261922363,0.001244798525055014,0.0012448026238578113,0.00124480672259169,0.0012448108212712726,0.0012448149198909344,0.0012448190184555228,0.0012448231169528102,0.0012448272153959036,0.001244831313781231,0.001244835412108936,0.0012448395103763924,0.0012448436085906217,0.0012448477067380547,0.0012448518048265161,0.0012448559028544266,0.0012448600008239216,0.0012448640987335713,0.0012448681965835466,0.0012448722943738256,0.0012448763921048618,0.0012448804897783935,0.0012448845873902468,0.0012448886849425083,0.0012448927824354893,0.001244896879869887,0.0012449009772439222,0.0012449050745578177,0.001244909171812987,0.0012449132690088105,0.001244917366144264,0.001244921463220139,0.001244925560236339,0.001244929657192547,0.0012449337540966733,0.001244937850935598,0.001244941947712103,0.0012449460444250297,0.0012449501410847885,0.0012449542376848212,0.0012449583342256493,0.0012449624307072583,0.0012449665271292221,0.0012449706234969062,0.001244974719802484,0.0012449788160457003,0.0012449829122293673,0.0012449870083540192,0.0012449911044192588,0.0012449952004244423,0.0012449992963708728,0.0012450033922597145,0.001245007488074418,0.0012450115838416372,0.001245015679548735,0.0012450197752020943,0.0012450238707908037,0.0012450279663200618,0.0012450320617933312,0.001245036157203654,0.0012450402525595037,0.0012450443478524756,0.0012450484430894888,0.0012450525382647112,0.0012450566333775173,0.0012450607284359937,0.0012450648234294767,0.0012450689183606733,0.001245073013237033,0.0012450771080515335,0.0012450812028007314,0.0012450852974971339,0.0012450893921338655,0.0012450934867078978,0.0012450975812263588,0.0012451016756850365,0.0012451057700845155,0.001245109864422767,0.0012451139587053006,0.0012451180529330238,0.001245122147094079,0.0012451262411959125,0.0012451303352381037,0.0012451344292215242,0.0012451385231449033,0.0012451426170079663,0.0012451467108128248,0.0012451508045623456,0.0012451548982561483,0.0012451589918821841,0.0012451630854489464,0.0012451671789527302,0.0012451712724004646,0.0012451753657875767,0.0012451794591164624,0.0012451835523855234,0.0012451876455955588,0.0012451917387581407,0.001245195831849235,0.0012451999248784095,0.0012452040178461022,0.0012452081107593245,0.0012452122036078895,0.0012452162964001388,0.0012452203891345059,0.0012452244818098796,0.0012452285744252941,0.0012452326669814846,0.0012452367594778752,0.0012452408519143532,0.001245244944293307,0.0012452490366116422,0.001245253128870245,0.001245257221069332,0.0012452613132090471,0.0012452654052804836,0.001245269497299173,0.001245273589261902,0.0012452776811637787,0.001245281773006734,0.0012452858647923248,0.0012452899565149837,0.0012452940481821263,0.0012452981397889458,0.0012453022313493236,0.0012453063228299623,0.0012453104142562505,0.0012453145056231718,0.0012453185969309194,0.0012453226881787103,0.0012453267793654345,0.0012453308704948444,0.001245334961567135,0.0012453390525826767,0.0012453431435314305,0.0012453472344423349,0.0012453513252744658,0.0012453554160472278,0.0012453595067606852,0.0012453635974152878,0.0012453676880179387,0.0012453717785525322,0.0012453758690292435,0.0012453799594455675,0.0012453840498025221,0.0012453881400998274,0.0012453922303381818,0.0012453963205171122,0.001245400410629062,0.0012454045006866146,0.0012454085906868368,0.0012454126806276365,0.0012454167705057016,0.001245420860328421,0.001245424950091278,0.0012454290397986396,0.0012454331294427408,0.0012454372190261725,0.0012454413085499392,0.0012454453980162105,0.001245449487422479,0.0012454535767701007,0.001245457666058195,0.001245461755285601,0.0012454658444563404,0.0012454699335760855,0.0012454740226263163,0.0012454781116003572,0.0012454822005311965,0.0012454862894021852,0.0012454903782148806,0.0012454944669455345,0.0012454985556376538,0.0012455026442730274,0.001245506732850108,0.0012455108213653531,0.0012455149098208529,0.001245518998217277,0.001245523086553845,0.0012455271748318076,0.001245531263045231,0.0012455353512071052,0.0012455394393067764,0.0012455435273461823,0.0012455476153269815,0.0012455517032482497,0.001245555791110287,0.0012455598789141737,0.0012455639666571058,0.0012455680543407657,0.0012455721419537657,0.0012455762295178127,0.0012455803170383591,0.00124558440448497,0.0012455884918715888,0.0012455925791991047,0.0012455966664672738,0.0012456007536758612,0.0012456048408270417,0.0012456089279170486,0.001245613014947378,0.0012456171019196852,0.0012456211888318045,0.001245625275683951,0.00124562936248052,0.0012456334492144396,0.0012456375358865421,0.001245641622501612,0.0012456457090572394,0.0012456497955534653,0.0012456538819901931,0.0012456579683679117,0.0012456620546855402,0.0012456661409446478,0.0012456702271385204,0.0012456743132743479,0.0012456783993554756,0.0012456824853785745,0.0012456865713405543,0.001245690657242548,0.0012456947430832283,0.0012456988288669364,0.0012457029145914009,0.0012457070002564752,0.0012457110858621913,0.001245715171433181,0.0012457192569226298,0.001245723342349812,0.0012457274277177487,0.0012457315130270086,0.0012457355982763614,0.0012457396834663064,0.001245743768597014,0.0012457478536691976,0.0012457519386800365,0.0012457560236291596,0.0012457601085224318,0.0012457641933564158,0.0012457682781309648,0.0012457723628450578,0.0012457764474872526,0.001245780532081684,0.0012457846166204925,0.0012457887010986113,0.0012457927855160373,0.001245796869875155,0.0012458009541785238,0.0012458050384198816,0.0012458091226015702,0.0012458132067233979,0.0012458172907858604,0.00124582137478883,0.001245825458729123,0.0012458295426140968,0.0012458336264431756,0.0012458377102091114,0.0012458417939148175,0.0012458458775671788,0.0012458499611563466,0.0012458540446868924,0.0012458581281554252,0.0012458622115651549,0.0012458662949100395,0.0012458703782013173,0.0012458744614326403,0.0012458785446059074,0.0012458826277234021,0.0012458867107771653,0.0012458907937719936,0.0012458948767059969,0.0012458989595796725,0.0012459030423958464,0.0012459071251497986,0.0012459112078483444,0.0012459152904865638,0.001245919373068567,0.0012459234555888513,0.0012459275380571325,0.0012459316204588896,0.0012459357028010304,0.0012459397850837584,0.0012459438673070144,0.0012459479494714473,0.001245952031569654,0.0012459561136146397,0.0012459601956004336,0.0012459642775287246,0.001245968359396432,0.0012459724411999981,0.0012459765229490807,0.001245980604632644,0.0012459846862630413,0.0012459887678328428,0.0012459928493444943,0.0012459969307989287,0.0012460010121921375,0.0012460050935237743,0.0012460091747981178,0.0012460132560131718,0.001246017337168904,0.0012460214182674573,0.0012460254993036928,0.0012460295802816288,0.0012460336611980862,0.00124603774205042,0.001246041822850334,0.0012460459035864466,0.0012460499842600694,0.0012460540648887143,0.0012460581454248054,0.0012460622259196496,0.0012460663063627397,0.001246070386747678,0.0012460744670735866,0.0012460785473411185,0.0012460826275348393,0.001246086707682513,0.0012460907877725905,0.0012460948678026116,0.0012460989477728328,0.0012461030276846423,0.0012461071075358296,0.0012461111873285561,0.0012461152670598184,0.0012461193467335537,0.001246123426345672,0.0012461275058999917,0.0012461315853899975,0.0012461356648262158,0.001246139744203363,0.0012461438235196827,0.0012461479027782083,0.001246151981977523,0.001246156061117005,0.001246160140198214,0.001246164219225866,0.0012461682981872906,0.001246172377090086,0.0012461764559462349,0.0012461805347297502,0.001246184613454693,0.0012461886921219783,0.0012461927707266562,0.0012461968492688679,0.0012462009277553348,0.0012462050061839954,0.001246209084553282,0.001246213162863562,0.0012462172411145127,0.0012462213193037038,0.0012462253974361178,0.0012462294755093534,0.001246233553523385,0.0012462376314778165,0.0012462417093885775,0.0012462457872244616,0.0012462498649971918,0.0012462539427149446,0.0012462580203671365,0.0012462620979660055,0.0012462661755055198,0.0012462702529859127,0.0012462743304092708,0.0012462784077748414,0.0012462824850774286,0.0012462865623205294,0.001246290639504116,0.001246294716628766,0.0012462987936906701,0.0012463028706865545,0.0012463069476342196,0.0012463110245199977,0.0012463151013524067,0.0012463191781220174,0.0012463232548318246,0.001246327331482736,0.0012463314080770978,0.0012463354846131817,0.0012463395610865934,0.0012463436375003793,0.0012463477138547384,0.001246351790150498,0.001246355866386932,0.00124635994256416,0.001246364018681731,0.0012463680947509942,0.0012463721707500902,0.0012463762466923404,0.0012463803225735899,0.0012463843983935253,0.001246388474153964,0.0012463925498563562,0.0012463966254979122,0.0012464007010825485,0.0012464047766120225,0.001246408852078146,0.0012464129274858942,0.0012464170028336212,0.001246421078122735,0.0012464251533503801,0.0012464292285203694,0.0012464333036308775,0.001246437378679516,0.0012464414536717512,0.0012464455286043373,0.001246449603478194,0.001246453678293831,0.001246457753048605,0.0012464618277432994,0.0012464659023825775,0.0012464699769653242,0.0012464740514840633,0.0012464781259431256,0.0012464822003300077,0.001246486274670261,0.0012464903489518419,0.0012464944231692654,0.0012464984973306402,0.0012465025714344493,0.001246506645478027,0.0012465107194649027,0.0012465147933909937,0.0012465188672457577,0.0012465229410527205,0.001246527014801936,0.001246531088512973,0.0012465351621432496,0.001246539235714234,0.0012465433092247148,0.0012465473826772679,0.0012465514560708198,0.0012465555294081112,0.0012465596026831123,0.0012465636758989384,0.0012465677490560347,0.0012465718221464776,0.0012465758951845213,0.001246579968163485,0.0012465840410827642,0.0012465881139441782,0.0012465921867459496,0.0012465962594883952,0.0012466003321712318,0.0012466044047950223,0.001246608477359988,0.0012466125498674433,0.001246616622312552,0.0012466206946944336,0.001246624767020471,0.0012466288392891619,0.0012466329114996118,0.001246636983647053,0.0012466410557334289,0.0012466451277649093,0.0012466491997377642,0.0012466532716515284,0.0012466573435079332,0.0012466614152989123,0.0012466654870336269,0.0012466695587216206,0.0012466736303413343,0.0012466777018976692,0.0012466817733965123,0.0012466858448351651,0.0012466899162121975,0.0012466939875343161,0.0012466980587967206,0.0012467021300012347,0.001246706201145364,0.001246710272230856,0.0012467143432530264,0.0012467184142192207,0.001246722485126556,0.001246726555973765,0.001246730626762692,0.0012467346974927296,0.0012467387681760153,0.0012467428387921366,0.0012467469093446182,0.0012467509798374918,0.0012467550502711503,0.001246759120647109,0.0012467631909566378,0.0012467672612141423,0.0012467713314116807,0.00124677540153199,0.0012467794716104143,0.0012467835416305128,0.001246787611592726,0.0012467916814924741,0.0012467957513274562,0.0012467998211152598,0.0012468038908347748,0.0012468079605000232,0.0012468120301044423,0.0012468160996506555,0.001246820169137031,0.00124682423856548,0.00124682830793565,0.0012468323772463052,0.0012468364464955032,0.0012468405156863815,0.0012468445848190732,0.001246848653902326,0.001246852722915883,0.0012468567918710687,0.0012468608607674185,0.0012468649296046663,0.0012468689983826976,0.0012468730671013827,0.0012468771357739287,0.0012468812043726408,0.0012468852729131002,0.001246889341396148,0.001246893409818894,0.0012468974781833142,0.0012469015464863112,0.0012469056147318572,0.0012469096829179679,0.001246913751044697,0.0012469178191127674,0.0012469218871215457,0.001246925955072028,0.001246930022962665,0.0012469340907940085,0.00124693815856601,0.0012469422262791183,0.0012469462939350172,0.0012469503615252001,0.0012469544290604113,0.001246958496538653,0.0012469625639562605,0.0012469666313147715,0.0012469706986147295,0.0012469747658559619,0.001246978833036827,0.0012469829001586392,0.001246986967221519,0.001246991034225103,0.0012469951011688824,0.0012469991680542185,0.001247003234880362,0.0012470073016393095,0.001247011368347663,0.0012470154349964449,0.0012470195015910355,0.001247023568119064,0.001247027634589635,0.0012470317010024163,0.0012470357673556207,0.0012470398336519245,0.0012470438998873547,0.001247047966063669,0.0012470520321809946,0.0012470560982388243,0.0012470601642380788,0.0012470642301783321,0.0012470682960604143,0.0012470723618818599,0.0012470764276429182,0.0012470804933462191,0.0012470845589909628,0.0012470886245821513,0.0012470926901081243,0.0012470967555755466,0.0012471008209833559,0.0012471048863321634,0.001247108951621977,0.0012471130168510726,0.0012471170820224017,0.0012471211471344606,0.0012471252121873879,0.0012471292771815189,0.0012471333421167088,0.0012471374069923991,0.001247141471810684,0.0012471455365622053,0.0012471496012572145,0.001247153665896954,0.00124715773047767,0.0012471617949989758,0.0012471658594615028,0.0012471699238651678,0.001247173988208658,0.0012471780524954815,0.001247182116709076,0.0012471861808734529,0.0012471902449813067,0.0012471943090300588,0.0012471983730221621,0.0012472024369540818,0.0012472065008251184,0.001247210564650493,0.0012472146284048238,0.0012472186920990988,0.0012472227557279636,0.0012472268193040592,0.0012472308828145777,0.001247234946273245,0.001247239009667958,0.0012472430730073763,0.0012472471362877159,0.0012472511995092563,0.0012472552626703337,0.0012472593257734522,0.0012472633888179325,0.0012472674518066718,0.0012472715147325722,0.0012472755775964264,0.0012472796404050376,0.001247283703153734,0.0012472877658434869,0.0012472918284745275,0.0012472958910460076,0.0012472999535585,0.001247304016013045,0.0012473080784062502,0.0012473121407409495,0.0012473162030176238,0.0012473202652351207,0.0012473243273934539,0.001247328389492162,0.0012473324515320898,0.0012473365135133889,0.0012473405754307955,0.0012473446372952299,0.0012473486990994956,0.0012473527608412587,0.0012473568225258034,0.0012473608841512339,0.0012473649457190397,0.001247369007227956,0.0012473730686789902,0.0012473771300692453,0.0012473811913991323,0.0012473852526715993,0.0012473893138781253,0.0012473933750270696,0.001247397436121314,0.001247401497153317,0.0012474055581306821,0.0012474096190492974,0.0012474136799104384,0.0012474177407141964,0.0012474218014553934,0.0012474258621394654,0.0012474299227790394,0.0012474339833427207,0.0012474380438478984,0.0012474421042940648,0.0012474461646810532,0.0012474502250087568,0.001247454285277566,0.0012474583454887649,0.0012474624056393205,0.0012474664657273638,0.001247470525759683,0.0012474745857332093,0.0012474786456517415,0.0012474827055062457,0.001247486765302443,0.0012474908250396466,0.0012474948847159104,0.00124749894433504,0.0012475030038952802,0.0012475070633967537,0.0012475111228391952,0.0012475151822207526,0.0012475192415452672,0.0012475233008106144,0.0012475273600195877,0.0012475314191665143,0.0012475354782509119,0.001247539537279945,0.001247543596239399,0.0012475476551501317,0.0012475517140028262,0.0012475557727922794,0.0012475598315263554,0.0012475638902012477,0.0012475679488150593,0.0012475720073722712,0.001247576065854599,0.0012475801242937026,0.001247584182667586,0.0012475882409894218,0.0012475922992468862,0.001247596357451713,0.0012476004155954938,0.0012476044736814162,0.0012476085317028901,0.0012476125896673396,0.0012476166475752243,0.0012476207054243468,0.0012476247632108213,0.0012476288209415463,0.0012476328786133206,0.0012476369362254933,0.0012476409937713696,0.0012476450512659656,0.0012476491087122002,0.0012476531660877668,0.0012476572234080834,0.001247661280668966,0.001247665337858547,0.0012476693949992782,0.0012476734520813497,0.0012476775091033322,0.0012476815660673087,0.0012476856229564567,0.0012476896798021353,0.0012476937366121522,0.0012476977933404147,0.0012477018500092621,0.0012477059066198593,0.0012477099631632673,0.0012477140196554873,0.0012477180760881506,0.0012477221324618617,0.0012477261887757958,0.0012477302450316855,0.0012477343012275276,0.0012477383573655766,0.0012477424134421057,0.0012477464694635489,0.0012477505254240141,0.0012477545813260433,0.0012477586371533308,0.0012477626929379743,0.0012477667486624612,0.0012477708043286784,0.0012477748599358798,0.0012477789154807198,0.0012477829709704067,0.0012477870264004252,0.0012477910817700745,0.0012477951370835486,0.0012477991923367073,0.00124780324753051,0.0012478073026638951,0.001247811357739926,0.0012478154127576245,0.0012478194677151646,0.0012478235226145735,0.0012478275774568406,0.001247831632234808,0.0012478356869573249,0.0012478397416215035,0.00124784379622673,0.001247847850773581,0.001247851905257924,0.0012478559596877316,0.001247860014056181,0.0012478640683664468,0.001247868122617007,0.0012478721768029066,0.0012478762309360073,0.0012478802850101188,0.0012478843390297787,0.001247888392984288,0.0012478924468990562,0.0012478965007325865,0.001247900554511356,0.0012479046082318147,0.0012479086618935244,0.0012479127154961863,0.0012479167690394022,0.0012479208225246073,0.0012479248759535468,0.0012479289293130958,0.0012479329826208046,0.0012479370358697485,0.0012479410890601909,0.001247945142192724,0.001247949195264343,0.0012479532482775203,0.0012479573012315582,0.0012479613541249298,0.0012479654069668452,0.0012479694597421558,0.0012479735124601302,0.0012479775651466063,0.0012479816177470844,0.001247985670288853,0.0012479897227712373,0.0012479937751939945,0.0012479978275537326,0.0012480018798592554,0.001248005932106124,0.0012480099842938804,0.0012480140364229916,0.0012480180884929465,0.0012480221405043478,0.0012480261924557826,0.0012480302443428272,0.0012480342961822379,0.0012480383479569715,0.001248042399673421,0.001248046451333396,0.0012480505029315238,0.0012480545544706109,0.0012480586059581327,0.0012480626573799288,0.0012480667087442637,0.0012480707600488964,0.0012480748112937991,0.0012480788624678791,0.0012480829135968908,0.0012480869646669076,0.001248091015676087,0.0012480950666260628,0.0012480991175172612,0.001248103168350168,0.0012481072191235587,0.0012481112698332054,0.0012481153204931027,0.0012481193710935658,0.0012481234216308121,0.0012481274721094296,0.0012481315225279716,0.0012481355728836655,0.0012481396231850703,0.0012481436734270268,0.0012481477236114574,0.0012481517737370203,0.001248155823801269,0.001248159873814219,0.0012481639237629978,0.0012481679736529023,0.001248172023482007,0.0012481760732535236,0.0012481801229672323,0.0012481841726228275,0.0012481882222112187,0.001248192271743424,0.001248196321221479
4,0.03403017056834727,0.03403017056834727,0.03403017056834727,0.03403017056834727,0.03403017056834727,0.03403017056834727,0.03403017056834727,0.03403017056834727,0.03403017056834727,0.03403017056834727,0.03403017056834727,0.03403017056834727,0.03403017056834727,0.03403017056834727,0.03403017056834727,0.03403017056834727,0.03403017056834727,0.03403017056834727,0.03403017056834727,0.03403017056834727,0.03403017056834727,0.03403017056834727,0.03403017056834727,0.03403017056834727,0.03403017056834727,0.03403017056834727,0.03403017056834727,0.03403017056834727,0.03403017056834727,0.03403017056834727,0.03403017056834727,0.03403017056834727,0.03403017056834727,0.03403017056834727,0.03403017056834727,0.03403017056834727,0.03403017056834727,0.03403017056834727,0.03403017056834727,0.03403017056834727,0.03403017056834727,0.03403017056834727,0.03403017056834727,0.03403017056834727,0.03403017056834727,0.03403017056834727,0.03403017056834727,0.03403017056834727,0.03403017056834727,0.03403017056834727,0.03403017056834727,0.03403017056834727,0.03403017056834727,0.03403017056834727,0.03403017056834727,0.03403017056834727,0.03403017056834727,0.03403017056834727,0.03403017056834727,0.03403017056834727,0.03403017056834727,0.03403017056834727,0.03403017056834727,0.03403017056834727,0.03403017056834727,0.03403017056834727,0.03403017056834727,0.03403017056834727,0.03403017056834727,0.03403017056834727,0.03403017056834727,0.03403017056834727,0.03403017056834727,0.03403017056834727,0.03403017056834727,0.03403017056834727,0.03403017056834727,0.03403017056834727,0.03403017056834727,0.03403017056834727,0.03403017056834727,0.03403017056834727,0.03403017056834727,0.03403017056834727,0.03403017056834727,0.03403017056834727,0.03403017056834727,0.03403017056834727,0.03403017056834727,0.03403017056834727,0.03403017056834727,0.03403017056834727,0.03403017056834727,0.03403017056834727,0.03403017056834727,0.03403017056834727,0.03403017056834727,0.03403017056834727,0.03403017056834727,0.03403017056834727,0.03403017056834727,0.03403017056834727,0.03403017056834727,0.03403017056834727,0.03403017056834727,0.03403017056834727,0.03403017056834727,0.03403017056834727,0.03403017056834727,0.03403017056834727,0.03403017056834727,0.03403017056834727,0.03403017056834727,0.03403017056834727,0.03403017056834727,0.03403017056834727,0.03403017056834727,0.03403017056834727,0.03403017056834727,0.03403017056834727,0.03403017056834727,0.03403017056834727,0.03403017056834727,0.03403017056834727,0.03403017056834727,0.03403017056834727,0.03403017056834727,0.03403017056834727,0.03403017056834727,0.03403017056834727,0.03403017056834727,0.03403017056834727,0.03403017056834727,0.03403017056834727,0.03403017056834727,0.03403017056834727,0.03403017056834727,0.03403017056834727,0.03403017056834727,0.03403017056834727,0.03403017056834727,0.03403017056834727,0.03403017056834727,0.03403017056834727,0.03403017056834727,0.03403017056834727,0.03403017056834727,0.03403017056834727,0.03403017056834727,0.03403017056834727,0.03403017056834727,0.03403017056834727,0.03403017056834727,0.03403017056834727,0.03403017056834727,0.03403017056834727,0.03403017056834727,0.03403017056834727,0.03403017056834727,0.03403017056834727,0.03403017056834727,0.03403017056834727,0.03403017056834727,0.03403017056834727,0.03403017056834727,0.03403017056834727,0.03403017056834727,0.03403017056834727,0.03403017056834727,0.03403017056834727,0.03403017056834727,0.03403017056834727,0.03403017056834727,0.03403017056834727,0.03403017056834727,0.03403017056834727,0.03403017056834727,0.03403017056834727,0.03403017056834727,0.03403017056834727,0.03403017056834727,0.03403017056834727,0.03403017056834727,0.03403017056834727,0.03403017056834727,0.03403017056834727,0.03403017056834727,0.03403017056834727,0.03403017056834727,0.03403017056834727,0.03403017056834727,0.03403017056834727,0.03403017056834727,0.03403017056834727,0.03403017056834727,0.03403017056834727,0.03403017056834727,0.03403017056834727,0.03403017056834727,0.03403017056834727,0.03403017056834727,0.03403017056834727,0.03403017056834727,0.03403017056834727,0.03403017056834727,0.03403017056834727,0.03403017056834727,0.03403017056834727,0.03403017056834727,0.03403017056834727,0.03403017056834727,0.03403017056834727,0.03403017056834727,0.03403017056834727,0.03403017056834727,0.03403017056834727,0.03403017056834727,0.03403017056834727,0.03403017056834727,0.03403017056834727,0.03403017056834727,0.03403017056834727,0.03403017056834727,0.03403017056834727,0.03403017056834727,0.03403017056834727,0.03403017056834727,0.03403017056834727,0.03403017056834727,0.03403017056834727,0.03403017056834727,0.03403017056834727,0.03403017056834727,0.03403017056834727,0.03403017056834727,0.03403017056834727,0.03403017056834727,0.03403017056834727,0.03403017056834727,0.03403017056834727,0.03403017056834727,0.03403017056834727,0.03403017056834727,0.03403017056834727,0.03403017056834727,0.03403017056834727,0.03403017056834727,0.03403017056834727,0.03403017056834727,0.03403017056834727,0.03403017056834727,0.03403017056834727,0.03403017056834727,0.03403017056834727,0.03403017056834727,0.03403017056834727,0.03403017056834727,0.03403017056834727,0.03403017056834727,0.03403017056834727,0.03403017056834727,0.03403017056834727,0.03403017056834727,0.03403017056834727,0.03403017056834727,0.03403017056834727,0.03403017056834727,0.03403017056834727,0.03403017056834727,0.03403017056834727,0.03403017056834727,0.03403017056834727,0.03403017056834727,0.03403017056834727,0.03403017056834727,0.03403017056834727,0.03403017056834727,0.03403017056834727,0.03403017056834727,0.03403017056834727,0.03403017056834727,0.03403017056834727,0.03403017056834727,0.03403017056834727,0.03403017056834727,0.03403017056834727,0.03403017056834727,0.03403017056834727,0.03403017056834727,0.03403017056834727,0.03403017056834727,0.03403017056834727,0.03403017056834727,0.03403017056834727,0.03403017056834727,0.03403017056834727,0.03403017056834727,0.03403017056834727,0.03403017056834727,0.03403017056834727,0.03403017056834727,0.03403017056834727,0.03403017056834727,0.03403017056834727,0.03403017056834727,0.03403017056834727,0.03403017056834727,0.03403017056834727,0.03403017056834727,0.03403017056834727,0.03403017056834727,0.03403017056834727,0.03403017056834727,0.03403017056834727,0.03403017056834727,0.03403017056834727,0.03403017056834727,0.03403017056834727,0.03403017056834727,0.03403017056834727,0.03403017056834727,0.03403017056834727,0.03403017056834727,0.03403017056834727,0.03403017056834727,0.03403017056834727,0.03403017056834727,0.03403017056834727,0.03403017056834727,0.03403017056834727,0.03403017056834727,0.03403017056834727,0.03403017056834727,0.03403017056834727,0.03403017056834727,0.03403017056834727,0.03403017056834727,0.03403017056834727,0.03403017056834727,0.03403017056834727,0.03403017056834727,0.03403017056834727,0.03403017056834727,0.03403017056834727,0.03403017056834727,0.03403017056834727,0.03403017056834727,0.03403017056834727,0.03403017056834727,0.03403017056834727,0.03403017056834727,0.03403017056834727,0.03403017056834727,0.03403017056834727,0.03403017056834727,0.03403017056834727,0.03403017056834727,0.03403017056834727,0.03403017056834727,0.03403017056834727,0.03403017056834727,0.03403017056834727,0.03403017056834727,0.03403017056834727,0.03403017056834727,0.03403017056834727,0.03403017056834727,0.03403017056834727,0.03403017056834727,0.03403017056834727,0.03403017056834727,0.03403017056834727,0.03403017056834727,0.03403017056834727,0.03403017056834727,0.03403017056834727,0.03403017056834727,0.03403017056834727,0.03403017056834727,0.03403017056834727,0.03403017056834727,0.03403017056834727,0.03403017056834727,0.03403017056834727,0.03403017056834727,0.03403017056834727,0.03403017056834727,0.03403017056834727,0.03403017056834727,0.03403017056834727,0.03403017056834727,0.03403017056834727,0.03403017056834727,0.03403017056834727,0.03403017056834727,0.03403017056834727,0.03403017056834727,0.03403017056834727,0.03403017056834727,0.03403017056834727,0.03403017056834727,0.03403017056834727,0.03403017056834727,0.03403017056834727,0.03403017056834727,0.03403017056834727,0.03403017056834727,0.03403017056834727,0.03403017056834727,0.03403017056834727,0.03403017056834727,0.03403017056834727,0.03403017056834727,0.03403017056834727,0.03403017056834727,0.03403017056834727,0.03403017056834727,0.03403017056834727,0.03403017056834727,0.03403017056834727,0.03403017056834727,0.03403017056834727,0.03403017056834727,0.03403017056834727,0.03403017056834727,0.03403017056834727,0.03403017056834727,0.03403017056834727,0.03403017056834727,0.03403017056834727,0.03403017056834727,0.03403017056834727,0.03403017056834727,0.03403017056834727,0.03403017056834727,0.03403017056834727,0.03403017056834727,0.03403017056834727,0.03403017056834727,0.03403017056834727,0.03403017056834727,0.03403017056834727,0.03403017056834727,0.03403017056834727,0.03403017056834727,0.03403017056834727,0.03403017056834727,0.03403017056834727,0.03403017056834727,0.03403017056834727,0.03403017056834727,0.03403017056834727,0.03403017056834727,0.03403017056834727,0.03403017056834727,0.03403017056834727,0.03403017056834727,0.03403017056834727,0.03403017056834727,0.03403017056834727,0.03403017056834727,0.03403017056834727,0.03403017056834727,0.03403017056834727,0.03403017056834727,0.03403017056834727,0.03403017056834727,0.03403017056834727,0.03403017056834727,0.03403017056834727,0.03403017056834727,0.03403017056834727,0.03403017056834727,0.03403017056834727,0.03403017056834727,0.03403017056834727,0.03403017056834727,0.03403017056834727,0.03403017056834727,0.03403017056834727,0.03403017056834727,0.03403017056834727,0.03403017056834727,0.03403017056834727,0.03403017056834727,0.03403017056834727,0.03403017056834727,0.03403017056834727,0.03403017056834727,0.03403017056834727,0.03403017056834727,0.03403017056834727,0.03403017056834727,0.03403017056834727,0.03403017056834727,0.03403017056834727,0.03403017056834727,0.03403017056834727,0.03403017056834727,0.03403017056834727,0.03403017056834727,0.03403017056834727,0.03403017056834727,0.03403017056834727,0.03403017056834727,0.03403017056834727,0.03403017056834727,0.03403017056834727,0.03403017056834727,0.03403017056834727,0.03403017056834727,0.03403017056834727,0.03403017056834727,0.03403017056834727,0.03403017056834727,0.03403017056834727,0.03403017056834727,0.03403017056834727,0.03403017056834727,0.03403017056834727,0.03403017056834727,0.03403017056834727,0.03403017056834727,0.03403017056834727,0.03403017056834727,0.03403017056834727,0.03403017056834727,0.03403017056834727,0.03403017056834727,0.03403017056834727,0.03403017056834727,0.03403017056834727,0.03403017056834727,0.03403017056834727,0.03403017056834727,0.03403017056834727,0.03403017056834727,0.03403017056834727,0.03403017056834727,0.03403017056834727,0.03403017056834727,0.03403017056834727,0.03403017056834727,0.03403017056834727,0.03403017056834727,0.03403017056834727,0.03403017056834727,0.03403017056834727,0.03403017056834727,0.03403017056834727,0.03403017056834727,0.03403017056834727,0.03403017056834727,0.03403017056834727,0.03403017056834727,0.03403017056834727,0.03403017056834727,0.03403017056834727,0.03403017056834727,0.03403017056834727,0.03403017056834727,0.03403017056834727,0.03403017056834727,0.03403017056834727,0.03403017056834727,0.03403017056834727,0.03403017056834727,0.03403017056834727,0.03403017056834727,0.03403017056834727,0.03403017056834727,0.03403017056834727,0.03403017056834727,0.03403017056834727,0.03403017056834727,0.03403017056834727,0.03403017056834727,0.03403017056834727,0.03403017056834727,0.03403017056834727,0.03403017056834727,0.03403017056834727,0.03403017056834727,0.03403017056834727,0.03403017056834727,0.03403017056834727,0.03403017056834727,0.03403017056834727,0.03403017056834727,0.03403017056834727,0.03403017056834727,0.03403017056834727,0.03403017056834727,0.03403017056834727,0.03403017056834727,0.03403017056834727,0.03403017056834727,0.03403017056834727,0.03403017056834727,0.03403017056834727,0.03403017056834727,0.03403017056834727,0.03403017056834727,0.03403017056834727,0.03403017056834727,0.03403017056834727,0.03403017056834727,0.03403017056834727,0.03403017056834727,0.03403017056834727,0.03403017056834727,0.03403017056834727,0.03403017056834727,0.03403017056834727,0.03403017056834727,0.03403017056834727,0.03403017056834727,0.03403017056834727,0.03403017056834727,0.03403017056834727,0.03403017056834727,0.03403017056834727,0.03403017056834727,0.03403017056834727,0.03403017056834727,0.03403017056834727,0.03403017056834727,0.03403017056834727,0.03403017056834727,0.03403017056834727,0.03403017056834727,0.03403017056834727,0.03403017056834727,0.03403017056834727,0.03403017056834727,0.03403017056834727,0.03403017056834727,0.03403017056834727,0.03403017056834727,0.03403017056834727,0.03403017056834727,0.03403017056834727,0.03403017056834727,0.03403017056834727,0.03403017056834727,0.03403017056834727,0.03403017056834727,0.03403017056834727,0.03403017056834727,0.03403017056834727,0.03403017056834727,0.03403017056834727,0.03403017056834727,0.03403017056834727,0.03403017056834727,0.03403017056834727,0.03403017056834727,0.03403017056834727,0.03403017056834727,0.03403017056834727,0.03403017056834727,0.03403017056834727,0.03403017056834727,0.03403017056834727,0.03403017056834727,0.03403017056834727,0.03403017056834727,0.03403017056834727,0.03403017056834727,0.03403017056834727,0.03403017056834727,0.03403017056834727,0.03403017056834727,0.03403017056834727,0.03403017056834727,0.03403017056834727,0.03403017056834727,0.03403017056834727,0.03403017056834727,0.03403017056834727,0.03403017056834727,0.03403017056834727,0.03403017056834727,0.03403017056834727,0.03403017056834727,0.03403017056834727,0.03403017056834727,0.03403017056834727,0.03403017056834727,0.03403017056834727,0.03403017056834727,0.03403017056834727,0.03403017056834727,0.03403017056834727,0.03403017056834727,0.03403017056834727,0.03403017056834727,0.03403017056834727,0.03403017056834727,0.03403017056834727,0.03403017056834727,0.03403017056834727,0.03403017056834727,0.03403017056834727,0.03403017056834727,0.03403017056834727,0.03403017056834727,0.03403017056834727,0.03403017056834727,0.03403017056834727,0.03403017056834727,0.03403017056834727,0.03403017056834727,0.03403017056834727,0.03403017056834727,0.03403017056834727,0.03403017056834727,0.03403017056834727,0.03403017056834727,0.03403017056834727,0.03403017056834727,0.03403017056834727,0.03403017056834727,0.03403017056834727,0.03403017056834727,0.03403017056834727,0.03403017056834727,0.03403017056834727,0.03403017056834727,0.03403017056834727,0.03403017056834727,0.03403017056834727,0.03403017056834727,0.03403017056834727,0.03403017056834727,0.03403017056834727,0.03403017056834727,0.03403017056834727,0.03403017056834727,0.03403017056834727,0.03403017056834727,0.03403017056834727,0.03403017056834727,0.03403017056834727,0.03403017056834727,0.03403017056834727,0.03403017056834727,0.03403017056834727,0.03403017056834727,0.03403017056834727,0.03403017056834727,0.03403017056834727,0.03403017056834727,0.03403017056834727,0.03403017056834727,0.03403017056834727,0.03403017056834727,0.03403017056834727,0.03403017056834727,0.03403017056834727,0.03403017056834727,0.03403017056834727,0.03403017056834727,0.03403017056834727,0.03403017056834727,0.03403017056834727,0.03403017056834727,0.03403017056834727,0.03403017056834727,0.03403017056834727,0.03403017056834727,0.03403017056834727,0.03403017056834727,0.03403017056834727,0.03403017056834727,0.03403017056834727,0.03403017056834727,0.03403017056834727,0.03403017056834727,0.03403017056834727,0.03403017056834727,0.03403017056834727,0.03403017056834727,0.03403017056834727,0.03403017056834727,0.03403017056834727,0.03403017056834727,0.03403017056834727,0.03403017056834727,0.03403017056834727,0.03403017056834727,0.03403017056834727,0.03403017056834727,0.03403017056834727,0.03403017056834727,0.03403017056834727,0.03403017056834727,0.03403017056834727,0.03403017056834727,0.03403017056834727,0.03403017056834727,0.03403017056834727,0.03403017056834727,0.03403017056834727,0.03403017056834727,0.03403017056834727,0.03403017056834727,0.03403017056834727,0.03403017056834727,0.03403017056834727,0.03403017056834727,0.03403017056834727,0.03403017056834727,0.03403017056834727,0.03403017056834727,0.03403017056834727,0.03403017056834727,0.03403017056834727,0.03403017056834727,0.03403017056834727,0.03403017056834727,0.03403017056834727,0.03403017056834727,0.03403017056834727,0.03403017056834727,0.03403017056834727,0.03403017056834727,0.03403017056834727,0.03403017056834727,0.03403017056834727,0.03403017056834727,0.03403017056834727,0.03403017056834727,0.03403017056834727,0.03403017056834727,0.03403017056834727,0.03403017056834727,0.03403017056834727,0.03403017056834727,0.03403017056834727,0.03403017056834727,0.03403017056834727,0.03403017056834727,0.03403017056834727,0.03403017056834727,0.03403017056834727,0.03403017056834727,0.03403017056834727,0.03403017056834727,0.03403017056834727,0.03403017056834727,0.03403017056834727,0.03403017056834727,0.03403017056834727,0.03403017056834727,0.03403017056834727,0.03403017056834727,0.03403017056834727,0.03403017056834727,0.03403017056834727,0.03403017056834727,0.03403017056834727,0.03403017056834727,0.03403017056834727,0.03403017056834727,0.03403017056834727,0.03403017056834727,0.03403017056834727,0.03403017056834727,0.03403017056834727,0.03403017056834727,0.03403017056834727,0.03403017056834727,0.03403017056834727,0.03403017056834727,0.03403017056834727,0.03403017056834727,0.03403017056834727,0.03403017056834727,0.03403017056834727,0.03403017056834727,0.03403017056834727,0.03403017056834727,0.03403017056834727,0.03403017056834727,0.03403017056834727,0.03403017056834727,0.03403017056834727,0.03403017056834727,0.03403017056834727,0.03403017056834727,0.03403017056834727,0.03403017056834727,0.03403017056834727,0.03403017056834727,0.03403017056834727,0.03403017056834727,0.03403017056834727,0.03403017056834727,0.03403017056834727,0.03403017056834727,0.03403017056834727,0.03403017056834727,0.03403017056834727,0.03403017056834727,0.03403017056834727,0.03403017056834727,0.03403017056834727,0.03403017056834727,0.03403017056834727,0.03403017056834727,0.03403017056834727,0.03403017056834727,0.03403017056834727,0.03403017056834727,0.03403017056834727,0.03403017056834727,0.03403017056834727,0.03403017056834727,0.03403017056834727,0.03403017056834727,0.03403017056834727,0.03403017056834727,0.03403017056834727,0.03403017056834727,0.03403017056834727,0.03403017056834727,0.03403017056834727,0.03403017056834727,0.03403017056834727,0.03403017056834727,0.03403017056834727,0.03403017056834727,0.03403017056834727,0.03403017056834727,0.03403017056834727,0.03403017056834727,0.03403017056834727,0.03403017056834727,0.03403017056834727,0.03403017056834727,0.03403017056834727,0.03403017056834727,0.03403017056834727,0.03403017056834727,0.03403017056834727,0.03403017056834727,0.03403017056834727,0.03403017056834727,0.03403017056834727,0.03403017056834727,0.03403017056834727,0.03403017056834727,0.03403017056834727,0.03403017056834727,0.03403017056834727,0.03403017056834727,0.03403017056834727,0.03403017056834727,0.03403017056834727,0.03403017056834727,0.03403017056834727,0.03403017056834727,0.03403017056834727,0.03403017056834727,0.03403017056834727,0.03403017056834727,0.03403017056834727,0.03403017056834727,0.03403017056834727,0.03403017056834727,0.03403017056834727,0.03403017056834727,0.03403017056834727,0.03403017056834727,0.03403017056834727,0.03403017056834727,0.03403017056834727,0.03403017056834727,0.03403017056834727,0.03403017056834727,0.03403017056834727,0.03403017056834727,0.03403017056834727,0.03403017056834727,0.03403017056834727,0.03403017056834727,0.03403017056834727,0.03403017056834727,0.03403017056834727,0.03403017056834727,0.03403017056834727,0.03403017056834727,0.03403017056834727,0.03403017056834727,0.03403017056834727,0.03403017056834727,0.03403017056834727,0.03403017056834727,0.03403017056834727,0.034025398727054304,0.03402058930746892,0.03401574336445476,0.034010861638659476,0.034005944621497766,0.0340009926067016,0.033996005731086805,0.033990984006705235,0.03398592734614226,0.033980835582376856,0.03397570848433949,0.03397054576907265,0.033965347111214024,0.0339601121503714,0.03395484049684095,0.03394953173602347,0.03394418543181907,0.03393880112922025,0.033933378356276904,0.033927916625567746,0.03392241543528567,0.03391687427001947,0.03391129260129673,0.03390566988793951,0.033900005576271264,0.033894299100206485,0.033888549881246864,0.03388275732840167,0.033876920838048816,0.03387103979374435,0.03386511356599247,0.03385914151197931,0.03385312297527804,0.0338470572855268,0.033840943758084066,0.03383478169366187,0.03382857037793835,0.0338223090811535,0.03381599705768335,0.03380963354559717,0.03380321776619672,0.03379674892353611,0.03379022620392293,0.0337836487754011,0.0337770157872116,0.03377032636923621,0.0337635796314166,0.03375677466315336,0.033749910532681254,0.033742986286420966,0.03373600094830564,0.03372895351908201,0.03372184297558326,0.03371466826997443,0.033707428328967615,0.03370012205300591,0.033692748315415355,0.033685305961521965,0.033677793807733586,0.03367021064058376,0.033662555215736585,0.03365482625694987,0.03364702245499535,0.033639142466533184,0.03363118491293839,0.03362314837907743,0.033615031412031475,0.03360683251976445,0.03359855016973208,0.03359018278743054,0.033581728754878006,0.033573186409030335,0.033564554040122846,0.03355582988993713,0.03354701214998756,0.033538098959622294,0.03352908840403699,0.03351997851219135,0.03351076725462804,0.03350145254118541,0.03349203221859836,0.033482504067980735,0.03347286580218396,0.0334631150630209,0.033453249418350574,0.033443266359013145,0.03343316329560628,0.033422937555093665,0.0334125863772342,0.033402106910820996,0.03339149620971973,0.0333807512286883,0.033369868818969306,0.03335884572363837,0.03334767857268957,0.03333636387784362,0.03332489802705799,0.033313277278718814,0.033301497755493646,0.033289555437818065,0.03327744615699358,0.03326516558786704,0.033252709241060496,0.0332400724547206,0.03322725038574784,0.033214238000471186,0.03320103006472132,0.033187621133259015,0.033174005538506135,0.033160177378525155,0.03314613050418594,0.03313185850545528,0.033117354696733124,0.033102612101160826,0.03308762343381075,0.03307238108366255,0.03305687709426023,0.03304110314293381,0.033025050518457034,0.03300871009699934,0.03299207231621523,0.03297512714729554,0.032957864064789004,0.032940272013980025,0.0329223393755802,0.03290405392747102,0.032885402803197114,0.032866372446878706,0.032846948564168865,0.032827116068837696,0.032806859024510526,0.0327861605810304,0.03276500290484465,0.03274336710273636,0.032721233138131835,0.032698579739109696,0.032675384297115646,0.03265162275524722,0.03262726948480402,0.03260229714861745,0.032576676549438265,0.03255037646140442,0.03252336344230038,0.03249560162395237,0.03246705247766688,0.03243767455111549,0.03240742317243176,0.03237625011656849,0.032344103228059556,0.03231092599326805,0.03227665705387866,0.03224122965183271,0.03220457099392847,0.032166601521925804,0.03212723407103064,0.032086372895940095,0.032043912538997056,0.03199973650922393,0.03195371573359579,0.031905706732553975,0.03185554945963557,0.031803064729533405,0.031748051138436324,0.03169028135370846,0.0316294976143008,0.031565406235530835,0.03154207867259653,0.031472964419763466,0.031399668690750636,0.031321717233136835,0.0312385557037666,0.031149531054338254,0.031053867507964465,0.03095063509312025,0.03083870782736982,0.030716707296933703,0.030582925277291808,0.03043521570927552,0.030270840937958104,0.030086248190034963,0.029876737184771022,0.02963595392861482,0.02935510122079654,0.029021681359280377,0.02861747192380422,0.02811532242546766,0.02747456681698332,0.02663679019363069,0.025531041121640435,0.0251365445355687,0.025136544535365075,0.023618144368762407,0.021840167093963234,0.019934501419935847,0.018030437267737873,0.016209721031291507,0.014504894153748987,0.012919491503585715,0.011452778460252559,0.010111358288478393,0.008902527718447384,0.007826673517413747,0.0068769755476135175,0.00604238782997998,0.005310407862500641,0.004668753295002871,0.004106142268171513,0.0036125480725884697,0.003179198617084311,0.002798471710969392,0.0024637591688693263,0.002169331415761987,0.0019102145926480417,0.0016820834363823706,0.0014811696103976626,0.0013041838629949212,0.001148250075106622,0.001010849342346269,0.0008897724567172488,0.000783079401601681,0.000689064705649284,0.0006062277030653607,0.0005332469162300582,0.0004689579157851298,0.000412334126427142,0.0003624701386589604,0.0003185671613955146,0.0002799203109512374,0.00024590748134737127,0.00021597958124281791,0.00018965195590094246,0.0001664968399142019,0.00014613670897313408,0.00012823841778295865,0.00011250802692355795,9.86862346544733e-05,8.65443408036592e-05,7.588067934946402e-05,6.651746435639244e-05,5.8298000839729406e-05,5.108421808208618e-05,4.475448805721262e-05,3.9201696077724255e-05,3.43315346593081e-05,3.006099498554432e-05,2.6317033330569762e-05,2.303539238908388e-05,2.015955977833918e-05,1.7639847988288876e-05,1.543258184137751e-05,1.3499381116561884e-05,1.1806527383261377e-05,1.0324405335697847e-05,9.027010019425666e-06,7.891512318043123e-06,6.897875936358314e-06,6.028519885595458e-06,5.26802116109876e-06,4.602852909604041e-06,4.021153922419721e-06,3.512525769876639e-06,3.0678543169886825e-06,2.6791527370540895e-06,2.339423474676111e-06,2.0425369055822977e-06,1.7831247038580144e-06,1.5564861595538695e-06,1.3585058960785333e-06,1.185581619016059e-06,1.0345606896554142e-06,9.026844591984175e-07,7.875394259345693e-07,6.870143891660282e-07,5.99262872289379e-07,5.226701743769993e-07,4.5582448644376483e-07,3.974915763217113e-07,3.465926058104605e-07,3.0218469643973505e-07,2.634439065934831e-07,2.2965032364283988e-07,2.001750107057316e-07,1.7446857941249462e-07,1.5205118781409219e-07,1.3250378725507884e-07,1.1546046353750882e-07,1.0060173659458739e-07,8.764869971106481e-08,7.635789385307815e-08,6.651682559433313e-08,5.7940048396851575e-08,5.046573693492759e-08,4.395269284594288e-08,3.827772793431794e-08,3.333337755502369e-08,2.902590277569441e-08,2.5273545070347584e-08,2.200500181679601e-08,1.9158094824152955e-08,1.66786075920562e-08,1.4519270033823903e-08,1.2638872066583118e-08,1.1001489797342819e-08,9.575810078187773e-09,8.33454098703674e-09,7.253897360480872e-09,6.313151868359278e-09,5.494243321333775e-09,4.781434947349754e-09,4.161016295017834e-09,3.6210432150760742e-09,3.1511110798847615e-09,2.7421570106679815e-09,2.386287416325935e-09,2.076627619062359e-09,1.807190749303305e-09,1.5727634506198055e-09,1.3688062478714854e-09,1.1913667046077165e-09,1.0370037342877526e-09,9.027216380955696e-10,7.859126239847666e-10,6.8430672042212e-10,5.959281368617198e-10,5.190572440919514e-10,4.521974532244836e-10,3.940463642536694e-10,3.4347063566984645e-10,2.994840967554218e-10,2.612286854990788e-10,2.2795784851466558e-10,1.9902208595340856e-10,1.7385636511031867e-10,1.5196916187296784e-10,1.3293292010870358e-10,1.1637574605087877e-10,1.0197417828971886e-10,8.94468944721876e-11,7.854923368509683e-11,6.906842909736718e-11,6.081945903048322e-11,5.3641436408636067e-11,4.739446696781975e-11,4.195691548358963e-11,3.722302718082303e-11,3.310085829530236e-11,2.951047570853755e-11,2.638239074837564e-11,2.3656196787632478e-11,2.127938417250331e-11,1.9206309462662527e-11,1.7397298933638418e-11,1.5817868892585264e-11,1.4438047626095742e-11,1.3231785758328676e-11,1.2176443516836861e-11,1.1252344899410564e-11,1.0442390032081371e-11,9.731718134551688e-12,9.1074145064281e-12,8.558255791756653e-12,8.074488533576218e-12,7.64763667595436e-12,7.270334237891411e-12,6.93617987255606e-12,6.6396104558740725e-12,6.3757912195678105e-12,6.140520265502802e-12,5.930145584743059e-12,5.741492944836039e-12,5.5718032254477305e-12,5.418677964854477e-12,5.28003204564767e-12,5.154052583259028e-12,5.0391632053357854e-12,4.933993017903739e-12,4.83734964229984e-12,4.748195790770991e-12,4.665628916579834e-12,4.588863535691564e-12,4.517215869646433e-12,4.450090505244299e-12,4.386968806742294e-12,4.327398849565189e-12,4.270986677376742e-12,4.217388707467876e-12,4.166305134405058e-12,4.117474200333499e-12,4.070667218642853e-12,4.025684251530143e-12,3.9823503555355525e-12,3.940512320964143e-12,3.900035839361985e-12,3.860803043555997e-12,3.8227103707955575e-12,3.785666706695377e-12,3.749591772961143e-12,3.7144147268231465e-12,3.680072944379569e-12,3.646510963580103e-12,3.6136795658670243e-12,3.5815349782142365e-12,3.550038179746066e-12,3.5191542991440555e-12,3.4888520908620247e-12,3.4591034799328496e-12,3.4298831659821656e-12,3.401168279110914e-12,3.3729380805563233e-12,3.3451737022303892e-12,3.3178579201343606e-12,3.2909749570374783e-12,3.2645103108027288e-12,3.2384506048604924e-12,3.2127834577936157e-12,3.187497369796028e-12,3.1625816234293045e-12,3.13802619760865e-12,3.1138216915822812e-12,3.0899592590350804e-12,3.0664305508079662e-12,3.043227664129909e-12,3.020343098437017e-12,2.9977697166592223e-12,2.97550071119088e-12,2.953529574031135e-12,2.9318500704105494e-12,2.91045621567092e-12,2.8893422548080846e-12,2.8685026443684813e-12,2.8479320364572434e-12,2.8276252645236366e-12,2.8075773307861842e-12,2.787783394871454e-12,2.7682387638434536e-12,2.748938883220984e-12,2.7298793288335206e-12,2.7110557995711795e-12,2.6924641109210043e-12,2.6741001888611404e-12,2.6559600645937076e-12,2.6380398695497448e-12,2.6203358309868337e-12,2.6028442678048687e-12,2.58556158679808e-12,2.568484279172357e-12,2.55160891726601e-12,2.5349321515828578e-12,2.51845070815316e-12,2.502161385647208e-12,2.48606105314176e-12,2.4701466477059596e-12,2.4544151723832824e-12,2.4388636940661497e-12,2.4234893415988163e-12,2.4082893039241937e-12,2.39326082838978e-12,2.378401219059499e-12,2.3637078351668747e-12,2.3491780895784993e-12,2.3348094474035947e-12,2.3205994245540334e-12,2.3065455864479943e-12,2.2926455467085552e-12,2.278896966010372e-12,2.265297550810324e-12,2.251845052199474e-12,2.2385372649304904e-12,2.2253720262007926e-12,2.212347214692905e-12,2.1994607495918854e-12,2.1867105895831247e-12,2.1740947319857814e-12,2.1616112117416923e-12,2.1492581006249254e-12,2.137033506357322e-12,2.1249355717913695e-12,2.1129624741138987e-12,2.101112424010362e-12,2.0893836649649096e-12,2.0777744725567788e-12,2.0662831536364222e-12,2.0549080457162532e-12,2.043647516246067e-12,2.0324999619882713e-12,2.0214638083522284e-12,2.010537508753014e-12,1.9997195440658087e-12,1.989008421966613e-12,1.978402676377921e-12,1.967900866920422e-12,1.957501578317213e-12,1.9472034199579896e-12,1.9370050252576942e-12,1.92690505122105e-12,1.9169021779388213e-12,1.9069951080950555e-12,1.8971825665004042e-12,1.887463299630971e-12,1.8778360751534175e-12,1.868299681604249e-12,1.858852927767247e-12,1.8494946424529478e-12,1.8402236739499783e-12,1.831038889706231e-12,1.821939175933457e-12,1.8129234371594297e-12,1.8039905959957388e-12,1.7951395926615367e-12,1.7863693846685923e-12,1.7776789464852685e-12,1.7690672691957606e-12,1.760533360189256e-12,1.7520762428010176e-12,1.7436949560331111e-12,1.7353885542531968e-12,1.7271561068554119e-12,1.7189966980056505e-12,1.7109094263846891e-12,1.70289340483807e-12,1.6949477601790464e-12,1.687071632794504e-12,1.6792641765585323e-12,1.6715245584649612e-12,1.663851958421845e-12,1.6562455689806024e-12,1.6487045951271776e-12,1.6412282540319237e-12,1.6338157748199507e-12,1.6264663983640084e-12,1.6191793770685653e-12,1.6119539746253884e-12,1.6047894658713123e-12,1.5976851364636364e-12,1.590640282815158e-12,1.5836542118749734e-12,1.57672624082307e-12,1.5698556970631325e-12,1.5630419178736161e-12,1.5562842502986101e-12,1.549582051039924e-12,1.5429346861621188e-12,1.5363415309980425e-12,1.5298019699568936e-12,1.5233153963870017e-12,1.5168812124469691e-12,1.5104988288614901e-12,1.5041676648278627e-12,1.497887147886117e-12,1.4916567137290709e-12,1.4854758060930441e-12,1.4793438766009358e-12,1.4732603846372813e-12,1.4672247971933877e-12,1.4612365888016995e-12,1.4552952413169425e-12,1.449400243837828e-12,1.443551092583815e-12,1.4377472907925666e-12,1.4319883485513534e-12,1.4262737827132646e-12,1.4206031167909296e-12,1.4149758808364088e-12,1.4093916113273633e-12,1.4038498510641313e-12,1.3983501490854707e-12,1.3928920604837785e-12,1.3874751464301844e-12,1.3820989739846919e-12,1.3767631160099053e-12,1.3714671511460605e-12,1.3662106636135625e-12,1.3609932431807823e-12,1.3558144850737834e-12,1.350673989848208e-12,1.3455713634216637e-12,1.3405062168189054e-12,1.335478166195184e-12,1.3304868327397219e-12,1.3255318425388896e-12,1.320612826640946e-12,1.3157294208445348e-12,1.3108812656253354e-12,1.3060680061283971e-12,1.3012892920493823e-12,1.296544777599224e-12,1.2918341214441851e-12,1.2871569865754732e-12,1.2825130402558347e-12,1.2779019539971863e-12,1.2733234034506702e-12,1.268777068378362e-12,1.2642626325741316e-12,1.2597797838171558e-12,1.2553282137617712e-12,1.2509076179257153e-12,1.2465176956278992e-12,1.2421581498900536e-12,1.2378286874613342e-12,1.2335290186814665e-12,1.229258857454527e-12,1.2250179212254319e-12,1.220805930872066e-12,1.2166226107021312e-12,1.212467688389276e-12,1.2083408948768948e-12,1.2042419644089291e-12,1.2001706344343863e-12,1.1961266455672766e-12,1.1921097415339853e-12,1.1881196691443553e-12,1.1841561782326758e-12,1.1802190216195809e-12,1.1763079550671306e-12,1.1724227372374795e-12,1.1685631296487173e-12,1.1647288966292955e-12,1.1609198053058955e-12,1.1571356255181135e-12,1.1533761298109374e-12,1.1496410933898448e-12,1.1459302940751881e-12,1.1422435122595362e-12,1.1385805309318021e-12,1.1349411355285126e-12,1.131325114019338e-12,1.12773225677575e-12,1.124162356591281e-12,1.1206152086227262e-12,1.1170906103755055e-12,1.1135883616596737e-12,1.110108264577268e-12,1.1066501234577038e-12,1.1032137448367805e-12,1.0997989374610795e-12,1.096405512202952e-12,1.0930332820535102e-12,1.0896820621197017e-12,1.086351669610626e-12,1.0830419236985625e-12,1.0797526456002403e-12,1.0764836585161123e-12,1.0732347876062083e-12,1.0700058599436202e-12,1.06679670453615e-12,1.0636071522406719e-12,1.0604370357839488e-12,1.057286189715367e-12,1.054154450391958e-12,1.0510416559313057e-12,1.0479476462624838e-12,1.0448722629859895e-12,1.0418153494619625e-12,1.0387767506980519e-12,1.0357563133994512e-12,1.0327538859091338e-12,1.029769318182289e-12,1.026802461762268e-12,1.023853169832298e-12,1.0209212970833608e-12,1.0180066997568543e-12,1.0151092356210888e-12,1.0122287639401664e-12,1.0093651454721702e-12,1.006518242428493e-12,1.003687918466386e-12,1.0008740386642449e-12,9.980764695044579e-13,9.952950788846322e-13,9.925297360617343e-13,9.897803116314776e-13,9.870466775311838e-13,9.843287070430234e-13,9.816262747313755e-13,9.789392564547325e-13,9.762675293337273e-13,9.73610971774241e-13,9.70969463400492e-13,9.683428850561225e-13,9.657311187992752e-13,9.631340479019362e-13,9.605515567842606e-13,9.57983531073256e-13,9.554298574848769e-13,9.52890423932709e-13,9.503651194327683e-13,9.478538341103714e-13,9.453564591570569e-13,9.428728869261851e-13,9.404030107692852e-13,9.379467251111922e-13,9.355039254209132e-13,9.33074508219879e-13,9.306583710330396e-13,9.28255412375553e-13,9.258655317825224e-13,9.23488629761189e-13,9.211246077976215e-13,9.187733683292125e-13,9.164348147411614e-13,9.141088513599875e-13,9.11795383441824e-13,9.094943171494973e-13,9.07205559560743e-13,9.049290186336835e-13,9.02664603222129e-13,9.004122230454533e-13,8.98171788672266e-13,8.959432115642664e-13,8.937264039895492e-13,8.915212790807822e-13,8.893277507453206e-13,8.87145733740206e-13,8.8497514363269e-13,8.828158967629441e-13,8.806679102714112e-13,8.7853110207238e-13,8.764053908457208e-13,8.742906960373893e-13,8.721869378297227e-13,8.700940371692453e-13,8.680119157217305e-13,8.659404958811381e-13,8.638797007605769e-13,8.618294541813316e-13,8.597896806662476e-13,8.577603054323518e-13,8.5574125438735e-13,8.537324541021548e-13,8.517338318441808e-13,8.497453155066124e-13,8.477668336726857e-13,8.457983155600794e-13,8.438396910287019e-13,8.418908905686164e-13,8.399518453101911e-13,8.380224869942939e-13,8.361027479704768e-13,8.341925612102334e-13,8.322918602737067e-13,8.304005793161288e-13,8.285186530819921e-13,8.26646016886086e-13,8.247826066484892e-13,8.229283588274676e-13,8.21083210442092e-13,8.192470990986468e-13,8.174199629264563e-13,8.156017405934811e-13,8.137923713340118e-13,8.119917948932997e-13,8.10199951545108e-13,8.084167821066523e-13,8.066422278685027e-13,8.04876230668924e-13,8.031187328384071e-13,8.013696772216082e-13,7.996290071150103e-13,7.978966663501399e-13,7.961725992125439e-13,7.944567504911624e-13,7.927490654354419e-13,7.910494897616117e-13,7.89357969654108e-13,7.876744517537268e-13,7.859988831543867e-13,7.843312114115432e-13,7.826713845107196e-13,7.810193508971426e-13,7.79375059416032e-13,7.77738459377593e-13,7.761095005096022e-13,7.74488132957519e-13,7.728743072914135e-13,7.712679744811866e-13,7.696690859368287e-13,7.680775934492244e-13,7.664934492062089e-13,7.649166058105764e-13,7.633470162474324e-13,7.617846338943909e-13,7.602294125166237e-13,7.586813062572556e-13,7.571402696394022e-13,7.56557498437438e-13,7.565574984374339e-13,7.565574984374299e-13,7.565574984374259e-13,7.565574984374218e-13,7.565574984374177e-13,7.565574984374136e-13,7.565574984374096e-13,7.565574984374056e-13,7.565574984374014e-13,7.565574984373975e-13,7.565574984373935e-13,7.565574984373894e-13,7.565574984373855e-13,7.565574984373813e-13,7.565574984373773e-13,7.565574984373733e-13,7.565574984373692e-13,7.565574984373651e-13,7.56557498437361e-13,7.56557498437357e-13,7.56557498437353e-13,7.565574984373489e-13,7.565574984373449e-13,7.565574984373408e-13,7.565574984373368e-13,7.565574984373327e-13,7.565574984373286e-13,7.565574984373246e-13,7.565574984373206e-13,7.565574984373165e-13,7.565574984373125e-13,7.565574984373084e-13,7.565574984373044e-13,7.565574984373006e-13,7.565574984372965e-13,7.565574984372924e-13,7.565574984372884e-13,7.565574984372843e-13,7.565574984372803e-13,7.565574984372763e-13,7.565574984372722e-13,7.565574984372681e-13,7.56557498437264e-13,7.565574984372601e-13,7.565574984372559e-13,7.56557498437252e-13,7.565574984372478e-13,7.565574984372438e-13,7.565574984372398e-13,7.565574984372357e-13,7.565574984372317e-13,7.565574984372276e-13,7.565574984372236e-13,7.565574984372195e-13,7.565574984372155e-13,7.565574984372115e-13,7.565574984372075e-13,7.565574984372035e-13,7.565574984371994e-13,7.565574984371952e-13,7.565574984371912e-13,7.565574984371872e-13,7.565574984371832e-13,7.56557498437179e-13,7.565574984371749e-13,7.565574984371709e-13,7.565574984371669e-13,7.565574984371627e-13,7.565574984371588e-13,7.565574984371546e-13,7.565574984371507e-13,7.565574984371466e-13,7.565574984371425e-13,7.565574984371385e-13,7.565574984371345e-13,7.565574984371304e-13,7.565574984371263e-13,7.565574984371223e-13,7.565574984371183e-13,7.565574984371144e-13,7.565574984371103e-13,7.565574984371062e-13,7.565574984371022e-13,7.565574984370981e-13,7.565574984370941e-13,7.5655749843709e-13,7.565574984370859e-13,7.565574984370818e-13,7.565574984370778e-13,7.565574984370737e-13,7.565574984370697e-13,7.565574984370657e-13,7.565574984370615e-13,7.565574984370575e-13,7.565574984370535e-13,7.565574984370494e-13,7.565574984370453e-13,7.565574984370414e-13,7.565574984370373e-13,7.565574984370333e-13,7.565574984370292e-13,7.565574984370252e-13,7.565574984370213e-13,7.565574984370171e-13,7.565574984370132e-13,7.56557498437009e-13,7.56557498437005e-13,7.565574984370011e-13,7.565574984369968e-13,7.565574984369928e-13,7.565574984369887e-13,7.565574984369847e-13,7.565574984369807e-13,7.565574984369766e-13,7.565574984369725e-13,7.565574984369686e-13,7.565574984369645e-13,7.565574984369606e-13,7.565574984369565e-13,7.565574984369524e-13,7.565574984369485e-13,7.565574984369443e-13,7.565574984369403e-13,7.565574984369362e-13,7.565574984369322e-13,7.565574984369281e-13,7.56557498436924e-13,7.565574984369201e-13,7.565574984369159e-13,7.56557498436912e-13,7.565574984369079e-13,7.565574984369039e-13,7.565574984368998e-13,7.565574984368959e-13,7.565574984368917e-13,7.565574984368877e-13,7.565574984368837e-13,7.565574984368796e-13,7.565574984368757e-13,7.565574984368716e-13,7.565574984368676e-13,7.565574984368635e-13,7.565574984368595e-13,7.565574984368554e-13,7.565574984368514e-13,7.565574984368474e-13,7.565574984368432e-13,7.565574984368392e-13,7.565574984368352e-13,7.565574984368311e-13,7.565574984368271e-13,7.56557498436823e-13,7.565574984368189e-13,7.56557498436815e-13,7.565574984368109e-13,7.565574984368069e-13,7.565574984368029e-13,7.565574984367988e-13,7.565574984367948e-13,7.565574984367907e-13,7.565574984367867e-13,7.565574984367826e-13,7.565574984367785e-13,7.565574984367746e-13,7.565574984367704e-13,7.565574984367664e-13,7.565574984367624e-13,7.565574984367583e-13,7.565574984367542e-13,7.565574984367501e-13,7.565574984367461e-13,7.565574984367421e-13,7.56557498436738e-13,7.56557498436734e-13,7.5655749843673e-13,7.565574984367259e-13,7.56557498436722e-13,7.565574984367178e-13,7.565574984367138e-13,7.565574984367098e-13,7.565574984367057e-13,7.565574984367016e-13,7.565574984366976e-13,7.565574984366936e-13,7.565574984366895e-13,7.565574984366854e-13,7.565574984366814e-13,7.565574984366773e-13,7.565574984366733e-13,7.565574984366693e-13,7.565574984366652e-13,7.565574984366611e-13,7.565574984366571e-13,7.56557498436653e-13,7.56557498436649e-13,7.565574984366449e-13,7.565574984366409e-13,7.565574984366368e-13,7.565574984366328e-13,7.565574984366288e-13,7.565574984366247e-13,7.565574984366208e-13,7.565574984366167e-13,7.565574984366126e-13,7.565574984366086e-13,7.565574984366045e-13,7.565574984366004e-13,7.565574984365964e-13,7.565574984365923e-13,7.565574984365883e-13,7.565574984365842e-13,7.565574984365802e-13,7.565574984365762e-13,7.565574984365721e-13,7.565574984365682e-13,7.565573610568325e-13,7.565571973920731e-13,7.565570318148365e-13,7.565568741949379e-13,7.565567281913313e-13,7.565565947542528e-13,7.565564736612653e-13,7.565563642059994e-13,7.565562655089975e-13,7.565561766572727e-13,7.565560967656557e-13,7.565560250023068e-13,7.565559605977618e-13,7.565559028464268e-13,7.565558511046372e-13,7.565558047872075e-13,7.565557633633796e-13,7.565557263526165e-13,7.565556933204528e-13,7.565556638745156e-13,7.565556376607701e-13,7.56555614360008e-13,7.565555936846004e-13,7.565555753754951e-13,7.56555559199471e-13,7.565555449466224e-13,7.565555324280704e-13,7.565555214738801e-13,7.565555119311737e-13,7.565555036624234e-13,7.565554965439066e-13,7.565554904643139e-13,7.565554853234928e-13,7.565554810313171e-13,7.565554775066716e-13,7.565554746765325e-13,7.565554724751514e-13,7.565554708433124e-13,7.565554697276702e-13,7.565554690801553e-13,7.565554688574397e-13,7.565554690204553e-13,7.565554695339663e-13,7.565554703661805e-13,7.565554714884043e-13,7.565554728747312e-13,7.565554745017619e-13,7.56555476348354e-13,7.565554783953977e-13,7.565554806256116e-13,7.565554830233644e-13,7.565554855745083e-13,7.565554882662343e-13,7.565554910869411e-13,7.565554940261149e-13,7.565554970742249e-13,7.565555002226248e-13,7.565555034634695e-13,7.565555067896354e-13,7.565555101946516e-13,7.56555513672637e-13,7.565555172182434e-13,7.565555208266037e-13,7.565555244932868e-13,7.565555282142563e-13,7.565555319858329e-13,7.565555358046587e-13,7.565555396676696e-13,7.565555435720674e-13,7.565555475152923e-13,7.565555514950032e-13,7.565555555090567e-13,7.56555559555488e-13,7.565555636324955e-13,7.565555677384248e-13,7.565555718717559e-13,7.565555760310906e-13,7.565555802151412e-13,7.565555844227213e-13,7.565555886527356e-13,7.565555929041728e-13,7.565555971760967e-13,7.565556014676409e-13,7.565556057780018e-13,7.565556101064338e-13,7.565556144522432e-13,7.565556188147842e-13,7.565556231934553e-13,7.565556275876936e-13,7.565556319969755e-13,7.565556364208077e-13,7.565556408587295e-13,7.565556453103084e-13,7.565556497751364e-13,7.565556542528301e-13,7.565556587430274e-13,7.565556632453868e-13,7.565556677595845e-13,7.565556722853137e-13,7.565556768222832e-13,7.565556813702168e-13,7.565556859288515e-13,7.565556904979353e-13,7.565556950772292e-13,7.56555699666504e-13,7.56555704265541e-13,7.565557088741292e-13,7.565557134920674e-13,7.565557181191623e-13,7.56555722755227e-13,7.565557274000816e-13,7.565557320535542e-13,7.565557367154771e-13,7.565557413856887e-13,7.565557460640338e-13,7.565557507503616e-13,7.565557554445244e-13,7.565557601463812e-13,7.565557648557947e-13,7.565557695726306e-13,7.565557742967599e-13,7.565557790280555e-13,7.565557837663946e-13,7.565557885116585e-13,7.565557932637294e-13,7.565557980224944e-13,7.565558027878438e-13,7.565558075596681e-13,7.565558123378628e-13,7.565558171223244e-13,7.565558219129521e-13,7.565558267096478e-13,7.565558315123164e-13,7.565558363208636e-13,7.565558411351964e-13,7.565558459552267e-13,7.565558507808657e-13,7.565558556120271e-13,7.565558604486276e-13,7.565558652905839e-13,7.56555870137816e-13,7.565558749902437e-13,7.565558798477903e-13,7.565558847103792e-13,7.565558895779366e-13,7.565558944503896e-13,7.56555899327666e-13,7.565559042096962e-13,7.565559090964111e-13,7.565559139877435e-13,7.565559188836274e-13,7.565559237839978e-13,7.565559286887911e-13,7.565559335979446e-13,7.565559385113976e-13,7.565559434290895e-13,7.565559483509613e-13,7.565559532769562e-13,7.565559582070167e-13,7.565559631410873e-13,7.565559680791134e-13,7.565559730210411e-13,7.56555977966818e-13,7.565559829163928e-13,7.565559878697145e-13,7.565559928267338e-13,7.565559977874013e-13,7.565560027516694e-13,7.56556007719491e-13,7.565560126908195e-13,7.565560176656108e-13,7.565560226438189e-13,7.565560276254016e-13,7.565560326103147e-13,7.565560375985171e-13,7.565560425899677e-13,7.565560475846247e-13,7.565560525824493e-13,7.565560575834015e-13,7.565560625874444e-13,7.565560675945389e-13,7.565560726046487e-13,7.565560776177377e-13,7.565560826337692e-13,7.5655608765271e-13,7.565560926745243e-13,7.56556097699179e-13,7.565561027266401e-13,7.565561077568765e-13,7.565561127898553e-13,7.565561178255451e-13,7.56556122863916e-13,7.565561279049377e-13,7.565561329485791e-13,7.56556137994812e-13,7.565561430436079e-13,7.565561480949393e-13,7.565561531487783e-13,7.565561582050975e-13,7.5655616326387e-13,7.565561683250697e-13,7.565561733886717e-13,7.565561784546504e-13,7.565561835229809e-13,7.565561885936395e-13,7.565561936666021e-13,7.565561987418458e-13,7.565562038193471e-13,7.565562088990838e-13,7.565562139810329e-13,7.565562190651739e-13,7.565562241514846e-13,7.565562292399444e-13,7.56556234330533e-13,7.565562394232291e-13,7.56556244518014e-13,7.565562496148683e-13,7.565562547137722e-13,7.565562598147078e-13,7.565562649176557e-13,7.565562700225985e-13,7.56556275129518e-13,7.565562802383971e-13,7.565562853492185e-13,7.565562904619656e-13,7.565562955766216e-13,7.565563006931705e-13,7.565563058115962e-13,7.565563109318833e-13,7.565563160540161e-13,7.565563211779802e-13,7.5655632630376e-13,7.565563314313412e-13,7.565563365607098e-13,7.56556341691852e-13,7.565563468247534e-13,7.56556351959401e-13,7.565563570957807e-13,7.565563622338808e-13,7.565563673736883e-13,7.565563725151908e-13,7.565563776583726e-13,7.565563828032267e-13,7.56556387949738e-13,7.565563930978958e-13,7.565563982476893e-13,7.56556403399106e-13,7.565564085521358e-13,7.565564137067685e-13,7.565564188629912e-13,7.565564240207951e-13,7.565564291801693e-13,7.565564343411037e-13,7.565564395035892e-13,7.565564446676155e-13,7.565564498331722e-13,7.565564550002518e-13,7.565564601688438e-13,7.565564653389395e-13,7.565564705105303e-13,7.56556475683607e-13,7.565564808581613e-13,7.565564860341853e-13,7.565564912116698e-13,7.565564963906075e-13,7.565565015709863e-13,7.565565067528063e-13,7.56556511936055e-13,7.565565171207296e-13,7.565565223068133e-13,7.565565274943095e-13,7.565565326832029e-13,7.565565378734893e-13,7.565565430651623e-13,7.565565482582149e-13,7.565565534526396e-13,7.565565586484323e-13,7.565565638455847e-13,7.565565690440909e-13,7.565565742439454e-13,7.565565794451405e-13,7.565565846476717e-13,7.565565898515325e-13,7.565565950567179e-13,7.565566002632229e-13,7.565566054710397e-13,7.565566106801645e-13,7.565566158905913e-13,7.565566211023129e-13,7.565566263153286e-13,7.565566315296319e-13,7.56556636745217e-13,7.565566419620794e-13,7.565566471802142e-13,7.565566523996115e-13,7.565566576202786e-13,7.565566628422029e-13,7.565566680653816e-13,7.565566732898109e-13,7.565566785154849e-13,7.565566837424007e-13,7.565566889705492e-13,7.565566941999358e-13,7.565566994305545e-13,7.565567046623956e-13,7.565567098954564e-13,7.565567151297369e-13,7.565567203652291e-13,7.565567256019339e-13,7.565567308398454e-13,7.565567360789609e-13,7.565567413192765e-13,7.565567465607885e-13,7.565567518034936e-13,7.565567570473925e-13,7.565567622924753e-13,7.565567675387418e-13,7.565567727861882e-13,7.565567780348126e-13,7.56556783284612e-13,7.565567885355834e-13,7.565567937877236e-13,7.565567990410301e-13,7.565568042954994e-13,7.565568095511352e-13,7.56556814807929e-13,7.5655682006588e-13,7.565568253249725e-13,7.565568305852197e-13,7.565568358466147e-13,7.565568411091555e-13,7.565568463728402e-13,7.565568516376635e-13,7.565568569036252e-13,7.565568621707241e-13,7.565568674389554e-13,7.56556872708319e-13,7.565568779788145e-13,7.565568832504357e-13,7.565568885231838e-13,7.565568937970547e-13,7.565568990720478e-13,7.565569043481604e-13,7.565569096253899e-13,7.56556914903736e-13,7.565569201831949e-13,7.565569254637686e-13,7.56556930745454e-13,7.565569360282446e-13,7.565569413121425e-13,7.56556946597145e-13,7.565569518832507e-13,7.565569571704567e-13,7.565569624587655e-13,7.565569677481727e-13,7.565569730386767e-13,7.56556978330276e-13,7.565569836229701e-13,7.565569889167546e-13,7.565569942116324e-13,7.565569995075989e-13,7.565570048046687e-13,7.565570101028111e-13,7.565570154020406e-13,7.565570207023559e-13,7.565570260037533e-13,7.565570313062334e-13,7.565570366097936e-13,7.565570419144337e-13,7.56557047220151e-13,7.565570525269462e-13,7.565570578348196e-13,7.565570631437656e-13,7.56557068453786e-13,7.565570737648788e-13,7.565570790770422e-13,7.565570843902762e-13,7.565570897045807e-13,7.565570950199364e-13,7.565571003363758e-13,7.565571056538754e-13,7.565571109724479e-13,7.565571162920853e-13,7.565571216127858e-13,7.565571269345494e-13,7.565571322573747e-13,7.565571375812611e-13,7.565571429062081e-13,7.565571482322112e-13,7.56557153559276e-13,7.565571588873977e-13,7.565571642165752e-13,7.565571695467962e-13,7.565571748780886e-13,7.565571802104327e-13,7.565571855438308e-13,7.565571908782832e-13,7.565571962137878e-13,7.565572015503429e-13,7.565572068879493e-13,7.565572122266037e-13,7.565572175663032e-13,7.565572229070531e-13,7.565572282488574e-13,7.565572335917081e-13,7.565572389356052e-13,7.56557244280541e-13,7.565572496265304e-13,7.56557254973566e-13,7.565572603216468e-13,7.565572656707717e-13,7.565572710209403e-13,7.565572763721605e-13,7.565572817244133e-13,7.565572870777093e-13,7.565572924320492e-13,7.56557297787427e-13,7.565573031438585e-13,7.56557308501317e-13,7.56557313859814e-13,7.565573192193569e-13,7.565573245799297e-13,7.565573299415412e-13,7.56557335304192e-13,7.56557340667879e-13,7.565573460326008e-13,7.565573513983625e-13,7.565573567651587e-13,7.565573621329901e-13,7.565573675018547e-13,7.565573728717532e-13,7.565573782426667e-13,7.565573836146356e-13,7.565573889876412e-13,7.56557394361677e-13,7.565573997367443e-13,7.565574051128446e-13,7.565574104899894e-13,7.565574158681528e-13,7.56557421247348e-13,7.565574266275774e-13,7.565574320088362e-13,7.565574373911228e-13,7.565574427744399e-13,7.565574481587865e-13,7.565574535441624e-13,7.56557458930568e-13,7.565574643180015e-13,7.565574697064725e-13,7.565574750959629e-13,7.565574804864814e-13,7.565574858780286e-13,7.565574912706019e-13,7.565574966642023e-13,7.565575020588298e-13,7.565575074544836e-13,7.565575128511641e-13,7.565575182488705e-13,7.565575236476023e-13,7.565575290473605e-13,7.565575344481452e-13,7.565575398499531e-13,7.565575452527863e-13,7.565575506566428e-13,7.565575560615253e-13,7.565575614674326e-13,7.565575668743707e-13,7.565575722823252e-13,7.565575776913037e-13,7.565575831013005e-13,7.565575885123254e-13,7.565575939243728e-13,7.565575993374435e-13,7.565576047515373e-13,7.565576101666517e-13,7.565576155827896e-13,7.565576209999549e-13,7.565576264181332e-13,7.565576318373368e-13,7.565576372575619e-13,7.565576426788088e-13,7.565576481010767e-13,7.565576535243659e-13,7.565576589486762e-13,7.565576643740091e-13,7.565576698003606e-13,7.565576752277318e-13,7.565576806561238e-13,7.565576860855368e-13,7.565576915159699e-13,7.565576969474223e-13,7.565577023798938e-13,7.565577078133848e-13,7.565577132478759e-13,7.565577186834037e-13,7.565577241199544e-13,7.565577295575205e-13,7.565577349961081e-13,7.565577404357121e-13,7.565577458763365e-13,7.565577513179823e-13,7.565577567606443e-13,7.565577622043139e-13,7.565577676490131e-13,7.565577730947174e-13,7.565577785414524e-13,7.565577839892053e-13,7.565577894379784e-13,7.565577948877676e-13,7.565578003385757e-13,7.565578057903981e-13,7.565578112432312e-13,7.565578166970906e-13,7.565578221519663e-13,7.565578276078494e-13,7.565578330647595e-13,7.565578385226854e-13,7.565578439816277e-13,7.565578494415885e-13,7.56557854902566e-13,7.565578603645681e-13,7.565578658275887e-13,7.565578712916162e-13,7.565578767566586e-13,7.565578822227176e-13,7.565578876897963e-13,7.565578931578893e-13,7.565578986269965e-13,7.565579040970982e-13,7.565579095682372e-13,7.565579150403911e-13,7.565579205135617e-13,7.565579259877479e-13,7.5655793146295e-13,7.565579369391677e-13,7.565579424163998e-13,7.565579478946454e-13,7.565579533739047e-13,7.565579588541887e-13,7.565579643354831e-13,7.565579698177895e-13,7.565579753011139e-13,7.56557980785453e-13,7.56557986270806e-13,7.565579917571747e-13,7.56557997244557e-13,7.565580027329653e-13,7.565580082223786e-13,7.565580137128066e-13,7.565580192042394e-13,7.565580246966949e-13,7.565580301901658e-13,7.565580356846506e-13,7.565580411801498e-13,7.565580466766654e-13,7.565580521741949e-13,7.565580576727375e-13,7.565580631722943e-13,7.565580686728621e-13,7.565580741744473e-13,7.565580796770469e-13,7.565580851806596e-13,7.565580906852864e-13,7.565580961909237e-13,7.565581016975807e-13,7.565581072052467e-13,7.565581127139256e-13,7.565581182236214e-13,7.5655812373433e-13,7.565581292460535e-13,7.565581347587663e-13,7.56558140272516e-13,7.565581457872728e-13,7.565581513030508e-13,7.56558156819839e-13,7.5655816233764e-13,7.565581678564546e-13,7.565581733762836e-13,7.565581788971271e-13,7.565581844189833e-13,7.565581899418538e-13,7.565581954657102e-13,7.565582009906036e-13,7.565582065164993e-13,7.565582120434159e-13,7.565582175713414e-13,7.565582231002758e-13,7.565582286302367e-13,7.565582341612109e-13,7.565582396932173e-13,7.565582452262153e-13,7.565582507602267e-13,7.565582562952285e-13,7.565582618312636e-13,7.565582673683153e-13,7.565582729063783e-13,7.56558278445447e-13,7.565582839855378e-13,7.565582895266286e-13,7.565582950687549e-13,7.565583006118796e-13,7.565583061560164e-13,7.565583117011656e-13,7.565583172473542e-13,7.565583227945284e-13,7.565583283427095e-13,7.565583338919094e-13,7.565583394421274e-13,7.565583449933514e-13,7.565583505455869e-13,7.565583560988379e-13,7.565583616530985e-13,7.5655836720837e-13,7.565583727646522e-13,7.565583783219582e-13,7.565583838802665e-13,7.565583894395867e-13,7.565583949999114e-13,7.565584005612557e-13,7.565584061236155e-13,7.565584116869787e-13,7.565584172513603e-13,7.565584228167534e-13,7.56558428383154e-13,7.565584339505692e-13,7.56558439518994e-13,7.565584450884402e-13,7.565584506588912e-13,7.56558456230352e-13,7.565584618028287e-13,7.565584673763155e-13,7.565584729508157e-13,7.565584785263344e-13,7.565584841028534e-13,7.565584896804046e-13,7.565584952589453e-13,7.56558500838503e-13,7.565585064190694e-13,7.56558512000649e-13,7.565585175832333e-13,7.565585231668314e-13,7.565585287514465e-13,7.565585343370816e-13,7.56558539923752e-13,7.565585455114012e-13,7.565585511000596e-13,7.565585566897325e-13,7.565585622804126e-13,7.565585678721184e-13,7.565585734648232e-13,7.565585790585311e-13,7.565585846532583e-13,7.565585902489949e-13,7.565585958457399e-13,7.56558601443504e-13,7.565586070422787e-13,7.565586126420646e-13,7.56558618242869e-13,7.56558623844677e-13,7.565586294474954e-13,7.565586350513159e-13,7.565586406561582e-13,7.565586462620099e-13,7.565586518688788e-13,7.565586574767556e-13,7.565586630856432e-13,7.565586686955398e-13,7.56558674306446e-13,7.565586799183656e-13,7.56558685531287e-13,7.565586911452274e-13,7.565586967601779e-13,7.565587023761382e-13,7.565587079931137e-13,7.565587136110989e-13,7.565587192300964e-13,7.565587248500977e-13,7.565587304711122e-13,7.565587360931555e-13,7.565587417161899e-13,7.565587473402404e-13,7.565587529652994e-13,7.56558758591393e-13,7.565587642184743e-13,7.565587698465642e-13,7.565587754756667e-13,7.565587811057892e-13,7.565587867369137e-13,7.565587923690483e-13,7.565587980021964e-13,7.565588036363534e-13,7.565588092715191e-13,7.565588149076938e-13,7.565588205448817e-13,7.565588261830797e-13,7.565588318222897e-13,7.565588374625099e-13,7.565588431037396e-13,7.565588487459814e-13,7.565588543892249e-13,7.565588600334868e-13,7.565588656787538e-13,7.565588713250378e-13,7.565588769723299e-13,7.565588826206311e-13,7.565588882699456e-13,7.565588939202848e-13,7.565588995716215e-13,7.565589052239658e-13,7.565589108773172e-13,7.565589165316787e-13,7.565589221870538e-13,7.565589278434282e-13,7.56558933500824e-13,7.565589391592313e-13,7.565589448186631e-13,7.56558950479091e-13,7.565589561405297e-13,7.565589618029734e-13,7.565589674664253e-13,7.565589731308924e-13,7.565589787963725e-13,7.565589844628612e-13,7.565589901303594e-13,7.5655899579887e-13,7.565590014683908e-13,7.565590071389212e-13,7.565590128104604e-13,7.565590184830085e-13,7.565590241565681e-13,7.565590298311377e-13,7.565590355067178e-13,7.565590411833075e-13,7.565590468609071e-13,7.565590525395159e-13,7.565590582191412e-13,7.565590638997583e-13,7.565590695813991e-13,7.56559075264048e-13,7.565590809477075e-13,7.565590866323478e-13,7.565590923180257e-13,7.565590980047163e-13,7.565591036924334e-13,7.565591093811437e-13,7.565591150708617e-13,7.565591207615895e-13,7.565591264533519e-13,7.565591321461016e-13,7.565591378398591e-13,7.565591435346332e-13,7.565591492304123e-13,7.565591549272221e-13,7.565591606250203e-13,7.565591663238632e-13,7.565591720236802e-13,7.565591777245076e-13,7.565591834263703e-13,7.565591891292172e-13,7.5655919483308e-13,7.565592005379393e-13,7.565592062438328e-13,7.56559211950717e-13,7.565592176586123e-13,7.565592233675166e-13,7.565592290774491e-13,7.565592347883666e-13,7.56559240500298e-13,7.565592462132414e-13,7.565592519271896e-13,7.565592576421513e-13,7.565592633581235e-13,7.565592690751e-13,7.565592747930893e-13,7.565592805120965e-13,7.56559286232117e-13,7.56559291953136e-13,7.565592976751649e-13,7.565593033982038e-13,7.565593091222518e-13,7.565593148473016e-13,7.565593205733658e-13,7.565593263004415e-13,7.565593320285254e-13,7.565593377576192e-13,7.565593434877234e-13,7.565593492188396e-13,7.565593549509595e-13,7.565593606841152e-13,7.565593664182562e-13,7.565593721534049e-13,7.5655937788956e-13,7.565593836267244e-13,7.565593893648949e-13,7.565593951040824e-13,7.56559400844275e-13,7.565594065854809e-13,7.56559412327695e-13,7.565594180709149e-13,7.565594238151482e-13,7.565594295603905e-13,7.565594353066543e-13,7.565594410539155e-13,7.565594468021836e-13,7.565594525514835e-13,7.565594583017716e-13,7.565594640530647e-13,7.565594698053693e-13,7.565594755586797e-13,7.56559481313005e-13,7.565594870683376e-13,7.565594928246893e-13,7.565594985820374e-13,7.565595043403921e-13,7.565595100997606e-13,7.565595158601357e-13,7.565595216215329e-13,7.565595273839367e-13,7.565595331473399e-13,7.565595389117517e-13,7.56559544677174e-13,7.565595504436038e-13,7.565595562110424e-13,7.565595619794907e-13,7.565595677489424e-13,7.565595735194114e-13,7.565595792908827e-13,7.565595850633651e-13,7.565595908368569e-13,7.565595966113627e-13,7.565596023868717e-13,7.565596081633931e-13,7.565596139409215e-13,7.565596197194572e-13,7.565596254990033e-13,7.565596312795845e-13,7.565596370611482e-13,7.565596428437332e-13,7.565596486273134e-13,7.565596544119023e-13,7.565596601974993e-13,7.565596659841064e-13,7.565596717717218e-13,7.565596775603451e-13,7.565596833499768e-13,7.565596891406173e-13,7.56559694932263e-13,7.565597007249216e-13,7.565597065185929e-13,7.565597123132631e-13,7.565597181089447e-13,7.565597239056349e-13,7.565597297033315e-13,7.565597355020564e-13,7.565597413017695e-13,7.565597471024944e-13,7.565597529042188e-13,7.565597587069614e-13,7.565597645107362e-13,7.565597703155195e-13,7.565597761212855e-13,7.565597819280616e-13,7.565597877358339e-13,7.565597935446253e-13,7.565597993544121e-13,7.565598051652372e-13,7.565598109770759e-13,7.565598167899031e-13,7.565598226037376e-13,7.565598284185788e-13,7.565598342344488e-13,7.565598400513043e-13,7.565598458691588e-13,7.565598516880333e-13,7.565598575079144e-13,7.565598633288057e-13,7.565598691507112e-13,7.565598749736184e-13,7.565598807975356e-13,7.565598866224984e-13,7.565598924484222e-13,7.565598982753644e-13,7.565599041033172e-13,7.565599099322729e-13,7.565599157622369e-13,7.565599215932123e-13,7.565599274252143e-13,7.565599332582097e-13,7.565599390922075e-13,7.565599449272183e-13,7.565599507632314e-13,7.56559956600254e-13,7.565599624382849e-13,7.565599682773232e-13,7.565599741173718e-13,7.565599799584255e-13,7.565599858004911e-13,7.565599916435972e-13,7.565599974876732e-13,7.56560003332762e-13,7.565600091788499e-13,7.565600150259259e-13,7.565600208740332e-13,7.565600267231513e-13,7.56560032573299e-13,7.565600384244197e-13,7.565600442765609e-13,7.565600501297094e-13,7.56560055983861e-13,7.565600618390198e-13,7.565600676951907e-13,7.565600735523703e-13,7.565600794105585e-13,7.565600852697528e-13,7.565600911299561e-13,7.565600969911884e-13,7.565601028534071e-13,7.565601087166319e-13,7.565601145808642e-13,7.56560120446106e-13,7.565601263123738e-13,7.565601321796081e-13,7.565601380478761e-13,7.565601439171491e-13,7.565601497874278e-13,7.565601556587158e-13,7.56560161531008e-13,7.5656016740431e-13,7.565601732786251e-13,7.565601791539459e-13,7.565601850302704e-13,7.56560190907602e-13,7.565601967859429e-13,7.565602026653147e-13,7.565602085456898e-13,7.565602144270452e-13,7.565602203094157e-13,7.565602261927951e-13,7.565602320771981e-13,7.565602379625939e-13,7.565602438489849e-13,7.56560249736392e-13,7.565602556247975e-13,7.565602615142176e-13,7.56560267404646e-13,7.565602732960828e-13,7.565602791885237e-13,7.5656028508197e-13,7.565602909764252e-13,7.565602968718914e-13,7.565603027683658e-13,7.565603086658474e-13,7.565603145643356e-13,7.565603204638772e-13,7.565603263643794e-13,7.565603322658867e-13,7.565603381684043e-13,7.565603440719286e-13,7.565603499764404e-13,7.565603558819763e-13,7.565603617885216e-13,7.56560367696073e-13,7.565603736046356e-13,7.565603795141986e-13,7.56560385424788e-13,7.565603913363678e-13,7.565603972489569e-13,7.56560403162552e-13,7.565604090771521e-13,7.565604149927566e-13,7.565604209093716e-13,7.565604268269983e-13,7.565604327456276e-13,7.565604386652657e-13,7.565604445858965e-13,7.565604505075551e-13,7.565604564302141e-13,7.565604623538893e-13,7.565604682785639e-13,7.565604742042482e-13,7.565604801309345e-13,7.565604860586279e-13,7.565604919873308e-13,7.565604979170426e-13,7.565605038477562e-13,7.565605097794759e-13,7.565605157122026e-13,7.565605216459373e-13,7.565605275806761e-13,7.565605335164224e-13,7.565605394531643e-13,7.565605453909249e-13,7.565605513296935e-13,7.565605572694681e-13,7.565605632102491e-13,7.565605691520363e-13,7.565605750948322e-13,7.565605810386305e-13,7.565605869834593e-13,7.565605929292785e-13,7.565605988760983e-13,7.565606048239253e-13,7.565606107727614e-13,7.565606167226047e-13,7.565606226734522e-13,7.565606286253058e-13,7.565606345781665e-13,7.565606405320199e-13,7.565606464868979e-13,7.565606524427803e-13,7.565606583996951e-13,7.565606643575904e-13,7.565606703164942e-13,7.565606762764069e-13,7.565606822373048e-13,7.565606881992492e-13,7.565606941621742e-13,7.565607001260995e-13,7.565607060910194e-13,7.565607120569669e-13,7.565607180239127e-13,7.565607239918708e-13,7.565607299608371e-13,7.565607359308085e-13,7.565607419017862e-13,7.565607478737806e-13,7.565607538467722e-13,7.565607598207371e-13,7.565607657957406e-13,7.565607717717514e-13,7.565607777487656e-13,7.565607837267897e-13,7.565607897058399e-13,7.565607956858713e-13,7.565608016669122e-13,7.565608076489619e-13,7.565608136320171e-13,7.565608196160772e-13,7.565608256011433e-13,7.56560831587217e-13,7.565608375742946e-13,7.565608435623804e-13,7.565608495514706e-13,7.565608555415655e-13,7.565608615326883e-13,7.565608675247968e-13,7.565608735179135e-13,7.565608795120177e-13,7.565608855071457e-13,7.565608915032795e-13,7.565608975004214e-13,7.565609034985696e-13,7.565609094977127e-13,7.565609154978788e-13,7.56560921499029e-13,7.565609275012004e-13,7.56560933504405e-13,7.565609395086078e-13,7.565609455138054e-13,7.565609515199982e-13,7.565609575271986e-13,7.565609635354295e-13,7.565609695446422e-13,7.565609755548614e-13,7.565609815660887e-13,7.565609875783194e-13,7.565609935915548e-13,7.565609996057986e-13,7.565610056210519e-13,7.565610116373055e-13,7.56561017654566e-13,7.565610236728315e-13,7.565610296921027e-13,7.565610357123805e-13,7.565610417336544e-13,7.565610477559407e-13,7.56561053779268e-13,7.565610598035687e-13,7.565610658288745e-13,7.565610718551804e-13,7.565610778824976e-13,7.565610839108208e-13,7.565610899401501e-13,7.565610959704944e-13,7.565611020018351e-13,7.565611080341751e-13,7.565611140675392e-13,7.56561120101897e-13,7.565611261372597e-13,7.565611321736277e-13,7.565611382110014e-13,7.565611442493788e-13,7.565611502887645e-13,7.565611563291503e-13,7.565611623705462e-13,7.565611684129472e-13,7.565611744563441e-13,7.565611805007664e-13,7.565611865461846e-13,7.565611925925824e-13,7.565611986399996e-13,7.565612046884324e-13,7.565612107378724e-13,7.56561216788318e-13,7.565612228397669e-13,7.565612288922179e-13,7.565612349456793e-13,7.565612410001456e-13,7.565612470556076e-13,7.565612531120847e-13,7.56561259169566e-13,7.565612652280553e-13,7.565612712875489e-13,7.565612773480491e-13,7.565612834095531e-13,7.565612894720624e-13,7.565612955355759e-13,7.565613016000926e-13,7.565613076656164e-13,7.565613137321466e-13,7.565613197996674e-13,7.565613258682079e-13,7.56561331937749e-13,7.565613380082912e-13,7.565613440798521e-13,7.565613501524136e-13,7.565613562259806e-13,7.565613623005513e-13,7.565613683761283e-13,7.565613744527108e-13,7.565613805302993e-13,7.565613866088906e-13,7.56561392688507e-13,7.565613987691022e-13,7.565614048507465e-13,7.565614109333586e-13,7.565614170170197e-13,7.565614231016403e-13,7.565614291872668e-13,7.565614352739022e-13,7.565614413615382e-13,7.565614474501797e-13,7.565614535398288e-13,7.565614596304825e-13,7.565614657221403e-13,7.565614718148269e-13,7.565614779085301e-13,7.565614840031844e-13,7.565614900988609e-13,7.565614961955458e-13,7.56561502293233e-13,7.565615083919259e-13,7.565615144916138e-13,7.565615205923147e-13,7.565615266940494e-13,7.565615327967588e-13,7.565615389004742e-13,7.565615450051976e-13,7.56561551110946e-13,7.565615572176596e-13,7.565615633253991e-13,7.565615694341431e-13,7.565615755438837e-13,7.565615816546243e-13,7.565615877663757e-13,7.565615938791343e-13,7.565615999928971e-13,7.565616061076641e-13,7.565616122234363e-13,7.565616183402153e-13,7.565616244579961e-13,7.565616305767801e-13,7.565616366965711e-13,7.565616428173641e-13,7.565616489391628e-13,7.565616550619664e-13,7.565616611857743e-13,7.565616673105882e-13,7.565616734364038e-13,7.565616795632265e-13,7.565616856910538e-13,7.565616918199075e-13,7.565616979497434e-13,7.565617040805889e-13,7.56561710212433e-13,7.565617163452775e-13,7.565617224791293e-13,7.565617286139867e-13,7.565617347498491e-13,7.565617408867151e-13,7.565617470245871e-13,7.565617531634621e-13,7.565617593033415e-13,7.565617654442254e-13,7.565617715861186e-13,7.565617777290303e-13,7.565617838729273e-13,7.565617900178257e-13,7.565617961637333e-13,7.56561802310641e-13,7.56561808458555e-13,7.56561814607494e-13,7.565618207574173e-13,7.565618269083463e-13,7.565618330602793e-13,7.565618392132142e-13,7.565618453671527e-13,7.565618515221148e-13,7.565618576780598e-13,7.565618638350089e-13,7.56561869992964e-13,7.565618761519261e-13,7.565618823119027e-13,7.565618884728708e-13,7.565618946348411e-13,7.565619007978133e-13,7.565619069617957e-13,7.565619131267655e-13,7.565619192927521e-13,7.565619254597442e-13,7.5656193162774e-13,7.565619377967397e-13,7.565619439667434e-13,7.565619501377561e-13,7.565619563097966e-13,7.565619624828126e-13,7.565619686568219e-13,7.565619748318439e-13,7.565619810078741e-13,7.565619871848949e-13,7.565619933629281e-13,7.565619995419614e-13,7.565620057220037e-13,7.565620119030512e-13,7.565620180851018e-13,7.565620242681561e-13,7.565620304522136e-13,7.565620366372587e-13,7.565620428233243e-13,7.56562049010393e-13,7.565620551984415e-13,7.565620613875056e-13,7.565620675775852e-13,7.565620737686694e-13,7.565620799607571e-13,7.565620861538495e-13,7.565620923479696e-13,7.565620985430688e-13,7.56562104739171e-13,7.565621109362776e-13,7.565621171343875e-13,7.565621233334898e-13,7.565621295336023e-13,7.565621357347233e-13,7.565621419368458e-13,7.565621481399767e-13,7.56562154344108e-13,7.565621605492454e-13,7.565621667553773e-13,7.565621729625199e-13,7.565621791706606e-13,7.565621853798109e-13,7.565621915899627e-13,7.565621978011192e-13,7.565622040132787e-13,7.565622102264412e-13,7.565622164406413e-13,7.565622226558098e-13,7.565622288719817e-13,7.565622350891575e-13,7.565622413073356e-13,7.56562247526523e-13,7.565622537467098e-13,7.565622599679092e-13,7.565622661900958e-13,7.565622724133006e-13,7.565622786374989e-13,7.565622848627029e-13,7.565622910889096e-13,7.565622973161168e-13,7.565623035443298e-13,7.565623097735771e-13,7.56562316003797e-13,7.565623222350206e-13,7.565623284672494e-13,7.565623347004797e-13,7.565623409347122e-13,7.565623471699418e-13,7.565623534061801e-13,7.565623596434191e-13,7.565623658816654e-13,7.565623721209118e-13,7.565623783611635e-13,7.565623846024227e-13,7.565623908447025e-13,7.565623970879637e-13,7.565624033322293e-13,7.565624095774959e-13,7.565624158237897e-13,7.565624220710624e-13,7.565624283193321e-13,7.565624345686098e-13,7.565624408188942e-13,7.565624470701795e-13,7.565624533224703e-13,7.565624595757592e-13,7.565624658300533e-13,7.56562472085353e-13,7.565624783416523e-13,7.565624845989539e-13,7.565624908572553e-13,7.565624971165622e-13,7.56562503376873e-13,7.565625096381917e-13,7.565625159005135e-13,7.565625221638538e-13,7.565625284281721e-13,7.565625346934947e-13,7.565625409598251e-13,7.565625472271554e-13,7.565625534954808e-13,7.565625597648169e-13,7.565625660351792e-13,7.565625723065248e-13,7.565625785788684e-13,7.565625848522158e-13,7.565625911265642e-13,7.56562597401915e-13,7.565626036782922e-13,7.565626099556362e-13,7.565626162339988e-13,7.565626225133508e-13,7.565626287937201e-13,7.565626350750891e-13,7.565626413574606e-13,7.565626476408348e-13,7.565626539252085e-13,7.565626602105888e-13,7.565626664969952e-13,7.565626727843748e-13,7.565626790727616e-13,7.565626853621526e-13,7.565626916525438e-13,7.565626979439387e-13,7.565627042363537e-13,7.565627105297512e-13,7.56562716824151e-13,7.56562723119556e-13,7.565627294159628e-13,7.565627357133708e-13,7.565627420117821e-13,7.565627483111957e-13,7.565627546116131e-13,7.56562760913018e-13,7.565627672154388e-13,7.565627735188697e-13,7.565627798232953e-13,7.565627861287238e-13,7.565627924351604e-13,7.565627987425991e-13,7.565628050510574e-13,7.565628113604947e-13,7.565628176709342e-13,7.56562823982376e-13,7.565628302948185e-13,7.56562836608265e-13,7.565628429227126e-13,7.565628492381567e-13,7.565628555546091e-13,7.565628618720642e-13,7.565628681905213e-13,7.5656287450998e-13,7.565628808304397e-13,7.565628871519039e-13,7.565628934743912e-13,7.565628997978574e-13,7.565629061223264e-13,7.565629124477724e-13,7.565629187742456e-13,7.565629251017215e-13,7.565629314301915e-13,7.565629377596718e-13,7.565629440901587e-13,7.565629504216431e-13,7.56562956754128e-13,7.565629630876154e-13,7.565629694221042e-13,7.565629757575962e-13,7.565629820940904e-13,7.565629884315689e-13,7.56562994770065e-13,7.565630011095696e-13,7.565630074500762e-13,7.565630137915997e-13,7.565630201341213e-13,7.565630264776296e-13,7.565630328221434e-13,7.565630391676525e-13,7.565630455141712e-13,7.565630518616983e-13,7.565630582102223e-13,7.565630645597317e-13,7.565630709102676e-13,7.565630772617968e-13,7.565630836143314e-13,7.565630899678599e-13,7.565630963223858e-13,7.565631026779126e-13,7.565631090344416e-13,7.565631153919737e-13,7.565631217505084e-13,7.565631281100651e-13,7.565631344706026e-13,7.565631408321417e-13,7.565631471946802e-13,7.565631535582403e-13,7.565631599227835e-13,7.56563166288329e-13,7.565631726548817e-13,7.565631790224241e-13,7.565631853909752e-13,7.565631917605267e-13,7.56563198131081e-13,7.56563204502636e-13,7.565632108751914e-13,7.565632172487499e-13,7.565632236233074e-13,7.565632299988677e-13,7.5656323637543e-13,7.565632427529928e-13,7.565632491315575e-13,7.565632555111244e-13,7.56563261891693e-13,7.565632682732625e-13,7.565632746558326e-13,7.565632810394102e-13,7.565632874239844e-13,7.565632938095648e-13,7.56563300196135e-13,7.565633065837131e-13,7.565633129722964e-13,7.565633193618767e-13,7.56563325752463e-13,7.565633321440432e-13,7.565633385366279e-13,7.565633449302124e-13,7.56563351324787e-13,7.56563357720372e-13,7.565633641169448e-13,7.565633705145434e-13,7.565633769131328e-13,7.565633833127361e-13,7.565633897133295e-13,7.565633961149235e-13,7.56563402517519e-13,7.565634089211188e-13,7.565634153257168e-13,7.565634217313158e-13,7.565634281379155e-13,7.565634345455158e-13,7.565634409541188e-13,7.565634473637224e-13,7.565634537743261e-13,7.56563460185932e-13,7.565634665985412e-13,7.565634730121487e-13,7.565634794267499e-13,7.565634858423531e-13,7.565634922589635e-13,7.565634986765749e-13,7.565635050951875e-13,7.565635115148006e-13,7.565635179354101e-13,7.565635243570264e-13,7.565635307796345e-13,7.565635372032472e-13,7.565635436278631e-13,7.565635500534817e-13,7.565635564801039e-13,7.565635629077243e-13,7.565635693363456e-13,7.565635757659678e-13,7.565635821965903e-13,7.56563588628214e-13,7.565635950608387e-13,7.565636014944701e-13,7.565636079290988e-13,7.565636143647246e-13,7.565636208013525e-13,7.565636272389791e-13,7.565636336776072e-13,7.565636401172367e-13,7.565636465578716e-13,7.565636529995069e-13,7.565636594421459e-13,7.565636658857783e-13,7.565636723304098e-13,7.565636787760455e-13,7.565636852226731e-13,7.565636916703013e-13,7.565636981189368e-13,7.56563704568562e-13,7.565637110191991e-13,7.565637174708347e-13,7.565637239234718e-13,7.565637303771098e-13,7.565637368317412e-13,7.565637432873797e-13,7.56563749744019e-13,7.565637562016524e-13,7.565637626602915e-13,7.565637691199326e-13,7.565637755805739e-13,7.565637820422165e-13,7.565637885048617e-13,7.565637949685034e-13,7.565638014331524e-13,7.565638078987958e-13,7.565638143654395e-13,7.565638208330808e-13,7.565638273017508e-13,7.565638337713956e-13,7.565638402420201e-13,7.565638467136593e-13,7.565638531862888e-13,7.565638596599376e-13,7.565638661345829e-13,7.5656387261023e-13,7.565638790868768e-13,7.565638855644941e-13,7.565638920431412e-13,7.565638985228038e-13,7.565639050034511e-13,7.565639114850982e-13,7.565639179677462e-13,7.565639244513954e-13,7.565639309360436e-13,7.565639374216908e-13,7.565639439083312e-13,7.565639503959795e-13,7.565639568846212e-13,7.565639633742692e-13,7.565639698649168e-13,7.565639763565637e-13,7.565639828492124e-13,7.565639893428622e-13,7.565639958375144e-13,7.565640023331598e-13,7.565640088298099e-13,7.565640153274594e-13,7.565640218261088e-13,7.565640283257578e-13,7.565640348264275e-13,7.565640413280754e-13,7.565640478307248e-13,7.565640543343735e-13,7.565640608390229e-13,7.565640673446718e-13,7.565640738513187e-13,7.565640803589666e-13,7.565640868676151e-13,7.5656409337726e-13,7.565640998879367e-13,7.56564106399582e-13,7.565641129122233e-13,7.565641194258705e-13,7.565641259405176e-13,7.565641324561648e-13,7.565641389728093e-13,7.565641454904795e-13,7.565641520091248e-13,7.565641585287711e-13,7.565641650494169e-13,7.565641715710615e-13,7.56564178093707e-13,7.565641846173513e-13,7.565641911420194e-13,7.565641976676684e-13,7.565642041943052e-13,7.565642107219247e-13,7.565642172505675e-13,7.565642237801944e-13,7.565642303108361e-13,7.565642368424772e-13,7.56564243375122e-13,7.565642499087604e-13,7.565642564434005e-13,7.565642629790398e-13,7.565642695156759e-13,7.565642760533134e-13,7.56564282591951e-13,7.565642891315877e-13,7.565642956722202e-13,7.56564302213855e-13,7.56564308756492e-13,7.565643153001297e-13,7.565643218447628e-13,7.565643283903948e-13,7.565643349370341e-13,7.565643414846672e-13,7.565643480332981e-13,7.565643545829217e-13,7.565643611335523e-13,7.5656436768518e-13,7.565643742378089e-13,7.565643807914389e-13,7.565643873460674e-13,7.565643939016949e-13,7.565644004583254e-13,7.565644070159514e-13,7.565644135745689e-13,7.565644201341674e-13,7.565644266947912e-13,7.565644332564139e-13,7.565644398190353e-13,7.565644463826555e-13,7.56564452947278e-13,7.565644595129168e-13,7.565644660795423e-13,7.565644726471604e-13,7.565644792157763e-13,7.565644857853913e-13,7.565644923560064e-13,7.565644989276262e-13,7.565645055002399e-13,7.565645120738539e-13,7.565645186484619e-13,7.565645252240714e-13,7.565645318006818e-13,7.565645383782884e-13,7.565645449568937e-13,7.565645515365041e-13,7.565645581171108e-13,7.565645646986985e-13,7.565645712813025e-13,7.56564577864905e-13,7.565645844495061e-13,7.565645910351051e-13,7.565645976217045e-13,7.565646042092971e-13,7.565646107978972e-13,7.565646173874934e-13,7.565646239780666e-13,7.565646305696582e-13,7.565646371622496e-13,7.565646437558439e-13,7.565646503504348e-13,7.565646569460204e-13,7.565646635426082e-13,7.565646701401944e-13,7.565646767387707e-13,7.565646833383539e-13,7.565646899389417e-13,7.565646965405256e-13,7.565647031431087e-13,7.565647097466872e-13,7.565647163512643e-13,7.565647229568412e-13,7.565647295633869e-13,7.565647361709638e-13,7.565647427795346e-13,7.565647493891091e-13,7.565647559996779e-13,7.56564762611246e-13,7.565647692237976e-13,7.565647758373695e-13,7.565647824519331e-13,7.565647890674972e-13,7.565647956840573e-13,7.5656480230162e-13,7.565648089201767e-13,7.565648155397329e-13,7.565648221602876e-13,7.565648287818406e-13,7.56564835404375e-13,7.565648420278979e-13,7.565648486524412e-13,7.565648552779872e-13,7.565648619045325e-13,7.565648685320816e-13,7.565648751606604e-13,7.565648817901991e-13,7.565648884207315e-13,7.565648950522577e-13,7.565649016847913e-13,7.565649083183248e-13,7.565649149528577e-13,7.565649215883859e-13,7.565649282249142e-13,7.565649348624674e-13,7.565649415009927e-13,7.56564948140519e-13,7.565649547810402e-13,7.565649614225601e-13,7.565649680650818e-13,7.565649747085972e-13,7.56564981353111e-13,7.565649879986107e-13,7.565649946451128e-13,7.565650012926107e-13,7.56565007941112e-13,7.565650145906166e-13,7.565650212411201e-13,7.565650278926183e-13,7.565650345451413e-13,7.565650411986394e-13,7.565650478531346e-13,7.565650545086278e-13,7.565650611651203e-13,7.565650678226133e-13,7.565650744811013e-13,7.565650811405874e-13,7.565650878011034e-13,7.565650944625818e-13,7.565651011250619e-13,7.565651077885459e-13,7.565651144530215e-13,7.565651211184959e-13,7.565651277849673e-13,7.565651344524428e-13,7.565651411208888e-13,7.565651477903486e-13,7.565651544608174e-13,7.565651611322773e-13,7.56565167804736e-13,7.565651744782004e-13,7.565651811526781e-13,7.565651878281542e-13,7.565651945046105e-13,7.565652011820588e-13,7.565652078605041e-13,7.565652145399469e-13,7.565652212203963e-13,7.565652279018356e-13,7.565652345842733e-13,7.565652412677081e-13,7.565652479521483e-13,7.56565254637579e-13,7.565652613240101e-13,7.565652680114416e-13,7.565652746998638e-13,7.565652813892844e-13,7.565652880797026e-13,7.565652947711217e-13,7.565653014635354e-13,7.565653081569499e-13,7.565653148513392e-13,7.565653215467475e-13,7.565653282431424e-13,7.56565334940538e-13,7.565653416389379e-13,7.565653483383346e-13,7.565653550387296e-13,7.565653617401223e-13,7.56565368442515e-13,7.565653751459407e-13,7.565653818503254e-13,7.565653885557068e-13,7.565653952620882e-13,7.565654019694633e-13,7.565654086778358e-13,7.565654153872393e-13,7.565654220976109e-13,7.56565428808983e-13,7.565654355213493e-13,7.565654422347103e-13,7.565654489490684e-13,7.565654556644239e-13,7.56565462380777e-13,7.565654690981273e-13,7.565654758164706e-13,7.565654825358061e-13,7.56565489256126e-13,7.565654959774668e-13,7.565655026998028e-13,7.565655094231364e-13,7.565655161474687e-13,7.56565522872797e-13,7.565655295991225e-13,7.565655363264504e-13,7.565655430547699e-13,7.565655497840776e-13,7.565655565143914e-13,7.565655632457027e-13,7.565655699780168e-13,7.565655767113078e-13,7.565655834456006e-13,7.565655901808999e-13,7.565655969171959e-13,7.56565603654489e-13,7.565656103927565e-13,7.565656171320446e-13,7.565656238723317e-13,7.565656306136184e-13,7.565656373558969e-13,7.565656440991733e-13,7.565656508434446e-13,7.565656575887244e-13,7.565656643349905e-13,7.565656710822844e-13,7.565656778305302e-13,7.565656845797885e-13,7.565656913300418e-13,7.565656980812853e-13,7.565657048335338e-13,7.565657115867721e-13,7.565657183410068e-13,7.565657250962482e-13,7.565657318524873e-13,7.565657386097195e-13,7.56565745367949e-13,7.565657521271754e-13,7.565657588873984e-13,7.565657656486236e-13,7.565657724108397e-13,7.56565779174054e-13,7.56565785938267e-13,7.565657927034848e-13,7.565657994696894e-13,7.565658062368825e-13,7.565658130050796e-13,7.565658197742724e-13,7.565658265444629e-13,7.565658333156504e-13,7.565658400878333e-13,7.565658468610455e-13,7.565658536352048e-13,7.565658604103775e-13,7.5656586718652e-13,7.565658739636767e-13,7.565658807418398e-13,7.565658875210024e-13,7.56565894301164e-13,7.565659010823176e-13,7.565659078644696e-13,7.565659146476166e-13,7.56565921431758e-13,7.565659282168959e-13,7.565659350030335e-13,7.56565941790164e-13,7.565659485782919e-13,7.565659553674145e-13,7.565659621575417e-13,7.565659689486417e-13,7.565659757407446e-13,7.565659825338552e-13,7.565659893279881e-13,7.565659961230914e-13,7.565660029191831e-13,7.565660097162782e-13,7.565660165143782e-13,7.565660233134672e-13,7.565660301135399e-13,7.565660369146142e-13,7.565660437166973e-13,7.565660505197712e-13,7.565660573238345e-13,7.565660641289046e-13,7.56566070934951e-13,7.565660777420074e-13,7.565660845500632e-13,7.565660913591126e-13,7.565660981691599e-13,7.565661049802011e-13,7.565661117922432e-13,7.565661186052776e-13,7.565661254193178e-13,7.565661322343455e-13,7.565661390503727e-13,7.565661458673929e-13,7.565661526854077e-13,7.565661595044156e-13,7.565661663244292e-13,7.565661731454438e-13,7.565661799674455e-13,7.565661867904414e-13,7.565661936144224e-13,7.565662004394104e-13,7.565662072653948e-13,7.56566214092357e-13,7.565662209203328e-13,7.565662277493209e-13,7.565662345792969e-13,7.565662414102606e-13,7.565662482422213e-13,7.565662550751758e-13,7.565662619091086e-13,7.56566268744059e-13,7.565662755800028e-13,7.56566282416944e-13,7.565662892548789e-13,7.565662960938103e-13,7.56566302933745e-13,7.565663097746662e-13,7.56566316616585e-13,7.565663234594999e-13,7.565663303034134e-13,7.565663371483177e-13,7.565663439942274e-13,7.56566350841124e-13,7.565663576890156e-13,7.56566364537904e-13,7.565663713877929e-13,7.565663782386722e-13,7.56566385090584e-13,7.565663919434235e-13,7.565663987972906e-13,7.565664056521532e-13,7.565664125080121e-13,7.565664193648647e-13,7.565664262227201e-13,7.565664330815643e-13,7.565664399414107e-13,7.565664468022459e-13,7.565664536640815e-13,7.565664605269147e-13,7.56566467390735e-13,7.565664742555552e-13,7.565664811213668e-13,7.565664879881758e-13,7.565664948559809e-13,7.565665017247814e-13,7.56566508594568e-13,7.56566515465359e-13,7.565665223371512e-13,7.565665292099332e-13,7.565665360837055e-13,7.565665429584779e-13,7.565665498342489e-13,7.565665567110116e-13,7.565665635887589e-13,7.565665704675375e-13,7.565665773472861e-13,7.56566584228002e-13,7.565665911097425e-13,7.565665979924777e-13,7.565666048762078e-13,7.565666117609756e-13,7.565666186466958e-13,7.565666255334128e-13,7.565666324211241e-13,7.565666393098621e-13,7.56566646199563e-13,7.565666530902601e-13,7.565666599819533e-13,7.565666668746438e-13,7.565666737683114e-13,7.565666806629953e-13,7.565666875586951e-13,7.565666944553564e-13,7.565667013530155e-13,7.565667082516763e-13,7.565667151513332e-13,7.565667220519759e-13,7.565667289536188e-13,7.565667358562574e-13,7.565667427598928e-13,7.565667496645181e-13,7.565667565701482e-13,7.565667634767645e-13,7.565667703843771e-13,7.565667772929854e-13,7.56566784202589e-13,7.565667911131854e-13,7.56566798024778e-13,7.56566804937388e-13,7.565668118509621e-13,7.565668187655392e-13,7.565668256811152e-13,7.565668325976615e-13,7.565668395152238e-13,7.565668464337718e-13,7.56566853353327e-13,7.565668602738737e-13,7.565668671954093e-13,7.565668741179461e-13,7.565668810414706e-13,7.565668879659971e-13,7.565668948915134e-13,7.56566901818028e-13,7.565669087455366e-13,7.56566915674042e-13,7.565669226035354e-13,7.565669295340287e-13,7.565669364655183e-13,7.565669433980017e-13,7.565669503314825e-13,7.565669572659569e-13,7.565669642014216e-13,7.565669711378817e-13,7.565669780753334e-13,7.565669850137844e-13,7.565669919532316e-13,7.565669988936729e-13,7.565670058351145e-13,7.565670127775323e-13,7.565670197209609e-13,7.565670266653931e-13,7.565670336108128e-13,7.565670405572052e-13,7.565670475046099e-13,7.565670544530055e-13,7.565670614023971e-13,7.565670683527937e-13,7.565670753041719e-13,7.565670822565506e-13,7.565670892099233e-13,7.56567096164277e-13,7.56567103119694e-13,7.565671100760469e-13,7.565671170333936e-13,7.565671239917347e-13,7.565671309510714e-13,7.565671379114012e-13,7.565671448727408e-13,7.56567151835066e-13,7.565671587983665e-13,7.565671657626734e-13,7.565671727279757e-13,7.565671796942797e-13,7.565671866615734e-13,7.565671936298578e-13,7.565672005991354e-13,7.565672075694104e-13,7.565672145406763e-13,7.565672215129374e-13,7.565672284861934e-13,7.56567235460446e-13,7.565672424356772e-13,7.565672494119153e-13,7.565672563891481e-13,7.565672633673746e-13,7.565672703465933e-13,7.565672773268076e-13,7.565672843080161e-13,7.565672912902222e-13,7.565672982734217e-13,7.565673052576352e-13,7.565673122428196e-13,7.565673192290017e-13,7.565673262161623e-13,7.565673332043615e-13,7.565673401935211e-13,7.565673471836734e-13,7.565673541748263e-13,7.565673611669704e-13,7.565673681601267e-13,7.565673751542583e-13,7.565673821493856e-13,7.565673891455037e-13,7.565673961426199e-13,7.565674031407239e-13,7.56567410139824e-13,7.565674171399156e-13,7.565674241410032e-13,7.565674311430861e-13,7.565674381461677e-13,7.565674451502369e-13,7.565674521553003e-13,7.565674591613577e-13,7.565674661684077e-13,7.565674731764451e-13,7.565674801854632e-13,7.565674871954951e-13,7.565674942065166e-13,7.565675012185386e-13,7.565675082315488e-13,7.565675152455351e-13,7.565675222605345e-13,7.565675292765285e-13,7.565675362935168e-13,7.56567543311497e-13,7.565675503304483e-13,7.56567557350417e-13,7.565675643713793e-13,7.565675713933283e-13,7.565675784162777e-13,7.565675854402452e-13,7.565675924651827e-13,7.565675994911117e-13,7.565676065180322e-13,7.56567613545952e-13,7.565676205748631e-13,7.565676276047668e-13,7.565676346356799e-13,7.56567641667569e-13,7.565676487004712e-13,7.565676557343491e-13,7.565676627692206e-13,7.565676698050931e-13,7.565676768419281e-13,7.565676838797789e-13,7.565676909186241e-13,7.565676979584731e-13,7.565677049993056e-13,7.565677120411295e-13,7.565677190839507e-13,7.56567726127762e-13,7.56567733172564e-13,7.565677402183728e-13,7.565677472651845e-13,7.565677543129693e-13,7.565677613617474e-13,7.565677684115514e-13,7.565677754623164e-13,7.565677825140738e-13,7.56567789566809e-13,7.565677966205535e-13,7.565678036752918e-13,7.565678107310198e-13,7.565678177877439e-13,7.565678248454613e-13,7.565678319041755e-13,7.56567838963884e-13,7.565678460245804e-13,7.565678530862351e-13,7.565678601489177e-13,7.565678672125949e-13,7.565678742772862e-13,7.565678813429474e-13,7.565678884095949e-13,7.565678954772154e-13,7.565679025458504e-13,7.565679096154859e-13,7.56567916686121e-13,7.565679237577465e-13,7.565679308303582e-13,7.565679379039639e-13,7.565679449785629e-13,7.565679520541547e-13,7.565679591307394e-13,7.565679662083203e-13,7.565679732868906e-13,7.565679803664526e-13,7.565679874470085e-13,7.565679945285563e-13,7.565680016110988e-13,7.565680086946478e-13,7.565680157791755e-13,7.565680228646966e-13,7.565680299512022e-13,7.565680370387122e-13,7.565680441272093e-13,7.565680512166936e-13,7.565680583071777e-13,7.565680653986536e-13,7.565680724911297e-13,7.565680795845764e-13,7.565680866790444e-13,7.565680937744917e-13,7.565681008709324e-13,7.565681079683839e-13,7.565681150668091e-13,7.565681221662121e-13,7.565681292666233e-13,7.565681363680267e-13,7.565681434704229e-13,7.565681505738137e-13,7.565681576781988e-13,7.565681647835728e-13,7.565681718899452e-13,7.565681789973039e-13,7.565681861056555e-13,7.565681932149995e-13,7.565682003253352e-13,7.565682074366638e-13,7.565682145489883e-13,7.56568221662311e-13,7.565682287766179e-13,7.565682358919164e-13,7.565682430082097e-13,7.565682501254657e-13,7.56568257243742e-13,7.565682643630107e-13,7.565682714832679e-13,7.565682786045215e-13,7.565682857267656e-13,7.565682928500046e-13,7.565682999742351e-13,7.565683070994574e-13,7.565683142256767e-13,7.565683213528839e-13,7.565683284810858e-13,7.565683356102782e-13,7.56568342740462e-13,7.565683498716389e-13,7.565683570037984e-13,7.565683641369558e-13,7.565683712711074e-13,7.565683784062504e-13,7.565683855423888e-13,7.56568392679519e-13,7.56568399817673e-13,7.565684069567881e-13,7.565684140968931e-13,7.565684212379938e-13,7.565684283800845e-13,7.565684355231667e-13,7.565684426672418e-13,7.565684498123057e-13,7.565684569583647e-13,7.565684641054233e-13,7.565684712534678e-13,7.56568478402503e-13,7.565684855525357e-13,7.565684927035547e-13,7.56568499855565e-13,7.565685070085672e-13,7.565685141625616e-13,7.565685213175523e-13,7.565685284735351e-13,7.565685356305134e-13,7.565685427884768e-13,7.565685499474496e-13,7.565685571073963e-13,7.565685642683322e-13,7.56568571430262e-13,7.565685785931848e-13,7.565685857570978e-13,7.565685929219969e-13,7.565686000878953e-13,7.565686072547847e-13,7.565686144226655e-13,7.565686215915386e-13,7.56568628761404e-13,7.565686359322671e-13,7.565686431041166e-13,7.565686502769466e-13,7.565686574507797e-13,7.56568664625603e-13,7.565686718014179e-13,7.565686789782253e-13,7.565686861560238e-13,7.56568693334818e-13,7.565687005145869e-13,7.565687076953611e-13,7.56568714877108e-13,7.565687220598655e-13,7.565687292436143e-13,7.565687364283511e-13,7.565687436140889e-13,7.565687508008152e-13,7.565687579885134e-13,7.565687651772419e-13,7.565687723669372e-13,7.565687795576265e-13,7.565687867493352e-13,7.565687939420095e-13,7.565688011356699e-13,7.565688083303515e-13,7.565688155259985e-13,7.565688227226356e-13,7.565688299202689e-13,7.5656883711889e-13,7.565688443184998e-13,7.565688515191038e-13,7.565688587206978e-13,7.565688659232846e-13,7.565688731268631e-13,7.565688803314201e-13,7.565688875369795e-13,7.565688947435345e-13,7.565689019510793e-13,7.565689091596143e-13,7.565689163691392e-13,7.565689235796883e-13,7.565689307911908e-13,7.565689380036912e-13,7.565689452171854e-13,7.565689524316637e-13,7.565689596471371e-13,7.56568966863606e-13,7.565689740810721e-13,7.56568981299581e-13,7.565689885190262e-13,7.565689957394557e-13,7.565690029608763e-13,7.565690101832859e-13,7.565690174066862e-13,7.565690246310813e-13,7.565690318564673e-13,7.565690390828438e-13,7.565690463102115e-13,7.5656905353857e-13,7.565690607679204e-13,7.565690679982614e-13,7.565690752295996e-13,7.565690824619266e-13,7.565690896952432e-13,7.565690969295456e-13,7.565691041648464e-13,7.565691114011334e-13,7.565691186384104e-13,7.565691258766796e-13,7.565691331159389e-13,7.565691403561884e-13,7.565691475974297e-13,7.565691548396654e-13,7.565691620828938e-13,7.565691693271074e-13,7.565691765723174e-13,7.565691838185132e-13,7.565691910657043e-13,7.565691983138597e-13,7.565692055630046e-13,7.565692128131644e-13,7.565692200643038e-13,7.565692273164528e-13,7.56569234569585e-13,7.565692418237065e-13,7.565692490788243e-13,7.565692563349322e-13,7.565692635920097e-13,7.565692708500945e-13,7.56569278109172e-13,7.565692853692383e-13,7.565692926302939e-13,7.565692998923417e-13,7.5656930715538e-13,7.565693144194116e-13,7.565693216844308e-13,7.565693289504447e-13,7.565693362174451e-13,7.5656934348544e-13,7.56569350754421e-13,7.565693580244303e-13,7.565693652953909e-13,7.56569372567344e-13,7.565693798402878e-13,7.565693871142251e-13,7.565693943891458e-13,7.565694016650655e-13,7.565694089419693e-13,7.565694162198649e-13,7.565694234987581e-13,7.565694307786402e-13,7.565694380595079e-13,7.56569445341366e-13,7.565694526242198e-13,7.565694599080599e-13,7.565694671928882e-13,7.565694744787143e-13,7.565694817655498e-13,7.565694890533498e-13,7.565694963421405e-13,7.565695036319232e-13,7.565695109226864e-13,7.565695182144478e-13,7.565695255071994e-13,7.565695328009412e-13,7.565695400956775e-13,7.565695473914003e-13,7.565695546881214e-13,7.56569561985824e-13,7.56569569284519e-13,7.565695765842064e-13,7.56569583884883e-13,7.565695911865451e-13,7.565695984892031e-13,7.565696057928529e-13,7.565696130974877e-13,7.565696204031101e-13,7.565696277097282e-13,7.565696350173305e-13,7.565696423259256e-13,7.565696496355011e-13,7.565696569460752e-13,7.565696642576398e-13,7.565696715701956e-13,7.565696788837303e-13,7.565696861982676e-13,7.565696935137932e-13,7.565697008302932e-13,7.565697081477945e-13,7.565697154662874e-13,7.565697227857715e-13,7.56569730106249e-13,7.56569737427716e-13,7.5656974475017e-13,7.565697520736134e-13,7.565697593980474e-13,7.565697667234702e-13,7.565697740498827e-13,7.565697813772897e-13,7.565697887056835e-13,7.565697960350698e-13,7.565698033654457e-13,7.565698106968147e-13,7.565698180291666e-13,7.565698253625137e-13,7.565698326968257e-13,7.565698400321502e-13,7.565698473684621e-13,7.565698547057629e-13,7.565698620440547e-13,7.565698693833356e-13,7.565698767236443e-13,7.565698840649026e-13,7.565698914071513e-13,7.565698987503963e-13,7.565699060946272e-13,7.565699134398761e-13,7.565699207860845e-13,7.565699281332832e-13,7.565699354814692e-13,7.565699428306441e-13,7.565699501808122e-13,7.565699575319717e-13,7.565699648841181e-13,7.56569972237253e-13,7.565699795913777e-13,7.565699869464902e-13,7.565699943025915e-13,7.565700016596842e-13,7.565700090177652e-13,7.565700163768415e-13,7.565700237369022e-13,7.565700310979539e-13,7.565700384599938e-13,7.565700458230228e-13,7.565700531870478e-13,7.565700605520442e-13,7.565700679180212e-13,7.565700752850095e-13,7.56570082652987e-13,7.565700900219535e-13,7.565700973919092e-13,7.565701047628929e-13,7.565701121348256e-13,7.565701195077523e-13,7.565701268816652e-13,7.565701342565698e-13,7.56570141632461e-13,7.565701490093411e-13,7.565701563872211e-13,7.565701637660798e-13,7.565701711459296e-13,7.565701785267948e-13,7.565701859086229e-13,7.565701932914297e-13,7.56570200675235e-13,7.565702080600477e-13,7.565702154458303e-13,7.56570222832603e-13,7.56570230220368e-13,7.565702376091187e-13,7.565702449988457e-13,7.565702523895711e-13,7.565702597812903e-13,7.565702671739958e-13,7.565702745676928e-13,7.565702819623759e-13,7.565702893580496e-13,7.565702967547132e-13,7.565703041523654e-13,7.565703115510062e-13,7.565703189506351e-13,7.565703263512557e-13,7.565703337528643e-13,7.565703411554479e-13,7.565703485590342e-13,7.565703559636111e-13,7.565703633691812e-13,7.565703707757367e-13,7.565703781833245e-13,7.565703855918552e-13,7.565703930013745e-13,7.565704004118872e-13,7.565704078233812e-13,7.565704152358348e-13,7.565704226493085e-13,7.565704300637636e-13,7.565704374792216e-13,7.565704448956618e-13,7.565704523130962e-13,7.565704597315112e-13,7.565704671509174e-13,7.565704745713131e-13,7.565704819927001e-13,7.56570489415073e-13,7.565704968384378e-13,7.565705042627877e-13,7.565705116881161e-13,7.565705191144411e-13,7.565705265417667e-13,7.565705339700612e-13,7.565705413993422e-13,7.565705488296242e-13,7.565705562608921e-13,7.56570563693155e-13,7.565705711264468e-13,7.565705785606861e-13,7.56570585995911e-13,7.565705934321238e-13,7.565706008693226e-13,7.565706083075121e-13,7.565706157466904e-13,7.565706231868958e-13,7.565706306280616e-13,7.56570638070206e-13,7.56570645513339e-13,7.565706529574901e-13,7.565706604026e-13,7.565706678486799e-13,7.565706752957659e-13,7.565706827438413e-13,7.565706901929061e-13,7.565706976429389e-13,7.565707050939809e-13,7.565707125460089e-13,7.565707199990312e-13,7.565707274530361e-13,7.565707349080351e-13,7.565707423640151e-13,7.565707498209895e-13,7.565707572789442e-13,7.56570764737887e-13,7.56570772197847e-13,7.56570779658776e-13,7.56570787120687e-13,7.565707945835863e-13,7.565708020474715e-13,7.565708095123542e-13,7.565708169782187e-13,7.565708244450943e-13,7.565708319129338e-13,7.565708393817562e-13,7.565708468515792e-13,7.565708543223816e-13,7.565708617941737e-13,7.565708692669509e-13,7.565708767407257e-13,7.565708842154772e-13,7.565708916912243e-13,7.565708991679559e-13,7.565709066456747e-13,7.565709141243846e-13,7.565709216040788e-13,7.565709290847677e-13,7.565709365664374e-13,7.565709440490968e-13,7.565709515327446e-13,7.565709590173753e-13,7.56570966502999e-13,7.565709739896089e-13,7.565709814772082e-13,7.565709889657958e-13,7.565709964553713e-13,7.56571003945917e-13,7.565710114374565e-13,7.565710189299947e-13,7.565710264235205e-13,7.565710339180148e-13,7.565710414135169e-13,7.56571048909993e-13,7.565710564074676e-13,7.565710639059326e-13,7.565710714053855e-13,7.565710789058249e-13,7.565710864072805e-13,7.565710939096968e-13,7.565711014131015e-13,7.565711089174945e-13,7.565711164228735e-13,7.565711239292445e-13,7.565711314365979e-13,7.565711389449182e-13,7.56571146454232e-13,7.565711539645486e-13,7.565711614758528e-13,7.565711689881346e-13,7.565711765014115e-13,7.565711840156807e-13,7.565711915309373e-13,7.565711990471786e-13,7.565712065644088e-13,7.565712140826264e-13,7.565712216018299e-13,7.565712291220228e-13,7.565712366432181e-13,7.565712441653865e-13,7.565712516885417e-13,7.565712592126844e-13,7.565712667378032e-13,7.565712742639252e-13,7.565712817910284e-13,7.565712893191209e-13,7.565712968482004e-13,7.565713043782657e-13,7.565713119093114e-13,7.565713194413392e-13,7.565713269743924e-13,7.565713345084109e-13,7.56571342043414e-13,7.56571349579379e-13,7.565713571163564e-13,7.565713646543235e-13,7.565713721932759e-13,7.565713797331854e-13,7.565713872741117e-13,7.565713948160289e-13,7.565714023589306e-13,7.565714099028219e-13,7.565714174476938e-13,7.565714249935569e-13,7.56571432540407e-13,7.565714400882479e-13,7.565714476370778e-13,7.565714551868902e-13,7.565714627376889e-13,7.565714702894743e-13,7.565714778422185e-13,7.565714853959788e-13,7.565714929507162e-13,7.565715005064568e-13,7.56571508063184e-13,7.565715156208921e-13,7.565715231795881e-13,7.565715307392706e-13,7.565715382999428e-13,7.565715458616547e-13,7.565715534242981e-13,7.565715609879282e-13,7.565715685525516e-13,7.565715761181562e-13,7.56571583684754e-13,7.565715912523346e-13,7.565715988208956e-13,7.565716063904346e-13,7.565716139609413e-13,7.565716215324672e-13,7.56571629104977e-13,7.565716366784767e-13,7.565716442529639e-13,7.565716518284369e-13,7.56571659404903e-13,7.565716669823491e-13,7.565716745607822e-13,7.565716821402001e-13,7.565716897206061e-13,7.565716973019938e-13,7.565717048843739e-13,7.565717124677441e-13,7.56571720052103e-13,7.565717276374241e-13,7.565717352237519e-13,7.565717428110578e-13,7.56571750399358e-13,7.565717579886453e-13,7.565717655789187e-13,7.565717731701787e-13,7.565717807624152e-13,7.565717883556411e-13,7.565717959498236e-13,7.565718035450088e-13,7.565718111412017e-13,7.565718187383839e-13,7.565718263365333e-13,7.565718339356856e-13,7.565718415358306e-13,7.565718491369633e-13,7.565718567390653e-13,7.565718643421639e-13,7.565718719462279e-13,7.565718795512996e-13,7.565718871573501e-13,7.565718947643947e-13,7.565719023724258e-13,7.565719099814602e-13,7.565719175914641e-13,7.565719252024539e-13,7.565719328144201e-13,7.565719404273824e-13,7.565719480413377e-13,7.565719556562763e-13,7.565719632721543e-13,7.565719708890677e-13,7.565719785069425e-13,7.565719861258232e-13,7.565719937456726e-13,7.56572001366525e-13,7.565720089883623e-13,7.565720166111871e-13,7.565720242349989e-13,7.565720318597964e-13,7.565720394856221e-13,7.565720471123891e-13,7.565720547401448e-13,7.565720623688351e-13,7.565720699985556e-13,7.565720776292604e-13,7.565720852609612e-13,7.565720928936555e-13,7.565721005273136e-13,7.565721081619711e-13,7.565721157976177e-13,7.565721234342497e-13,7.565721310718675e-13,7.565721387104698e-13,7.565721463500589e-13,7.565721539906335e-13,7.565721616321917e-13,7.565721692747392e-13,7.565721769182724e-13,7.565721845627984e-13,7.565721922083031e-13,7.565721998547941e-13,7.565722075022689e-13,7.565722151507318e-13,7.565722228001839e-13,7.565722304506115e-13,7.565722381020233e-13,7.565722457544543e-13,7.565722534078451e-13,7.565722610622239e-13,7.565722687175882e-13,7.565722763739492e-13,7.565722840312828e-13,7.565722916896054e-13,7.565722993489125e-13,7.565723070091832e-13,7.565723146704607e-13,7.565723223327237e-13,7.56572329995973e-13,7.565723376602089e-13,7.565723453254305e-13,7.565723529916433e-13,7.565723606588418e-13,7.565723683270226e-13,7.565723759961867e-13,7.565723836663373e-13,7.565723913374799e-13,7.565723990096012e-13,7.565724066827079e-13,7.565724143567997e-13,7.565724220319069e-13,7.565724297079367e-13,7.565724373849908e-13,7.565724450630255e-13,7.565724527420453e-13,7.565724604220557e-13,7.565724681030418e-13,7.565724757850183e-13,7.565724834679801e-13,7.565724911519281e-13,7.565724988368621e-13,7.565725065227854e-13,7.565725142096922e-13,7.565725218975784e-13,7.565725295864534e-13,7.565725372763119e-13,7.56572544967157e-13,7.565725526589896e-13,7.565725603518083e-13,7.565725680456079e-13,7.565725757403961e-13,7.565725834361682e-13,7.565725911329296e-13,7.565725988306702e-13,7.56572606529398e-13,7.565726142291111e-13,7.565726219298094e-13,7.565726296314948e-13,7.565726373341328e-13,7.565726450377869e-13,7.565726527424456e-13,7.565726604480778e-13,7.565726681546878e-13,7.565726758622807e-13,7.565726835708614e-13,7.565726912804271e-13,7.565726989909697e-13,7.565727067025117e-13,7.565727144150322e-13,7.565727221285636e-13,7.565727298430649e-13,7.565727375585413e-13,7.565727452750031e-13,7.565727529924557e-13,7.565727607108881e-13,7.565727684302968e-13,7.565727761506986e-13,7.565727838720556e-13,7.56572791594428e-13,7.565727993177844e-13,7.565728070421211e-13,7.565728147674506e-13,7.565728224937557e-13,7.565728302210525e-13,7.565728379493342e-13,7.565728456786007e-13,7.56572853408851e-13,7.565728611400864e-13,7.565728688723076e-13,7.565728766054842e-13,7.565728843396788e-13,7.565728920748522e-13,7.565728998110128e-13,7.565729075481581e-13,7.565729152862866e-13,7.565729230254047e-13,7.565729307655037e-13,7.565729385065882e-13,7.565729462486579e-13,7.565729539917119e-13,7.565729617357512e-13,7.565729694807757e-13,7.565729772267842e-13,7.565729849737773e-13,7.565729927217599e-13,7.565730004707217e-13,7.565730082206754e-13,7.56573015971607e-13,7.565730237234972e-13,7.565730314763978e-13,7.565730392302835e-13,7.565730469851552e-13,7.565730547410087e-13,7.565730624978464e-13,7.565730702556704e-13,7.565730780144791e-13,7.565730857742795e-13,7.565730935350437e-13,7.565731012968068e-13,7.565731090595311e-13,7.565731168232634e-13,7.565731245879704e-13,7.565731323536708e-13,7.565731401203428e-13,7.565731478880052e-13,7.565731556566584e-13,7.565731634262846e-13,7.565731711969173e-13,7.56573178968524e-13,7.56573186741118e-13,7.565731945146928e-13,7.565732022892519e-13,7.565732100647932e-13,7.56573217841326e-13,7.565732256188377e-13,7.565732333973339e-13,7.565732411768193e-13,7.565732489572852e-13,7.565732567387339e-13,7.565732645211631e-13,7.565732723045901e-13,7.56573280088981e-13,7.565732878743468e-13,7.565732956607217e-13,7.565733034480743e-13,7.565733112364194e-13,7.565733190257794e-13,7.565733268160873e-13,7.565733346073849e-13,7.56573342399659e-13,7.565733501928979e-13,7.565733579871678e-13,7.565733657823961e-13,7.565733735786085e-13,7.565733813758045e-13,7.565733891739958e-13,7.565733969731593e-13,7.565734047733072e-13,7.565734125744394e-13,7.565734203765564e-13,7.565734281796617e-13,7.565734359837423e-13,7.565734437888161e-13,7.565734515948671e-13,7.56573459401905e-13,7.565734672099281e-13,7.565734750189631e-13,7.565734828289664e-13,7.565734906399371e-13,7.565734984518971e-13,7.565735062648198e-13,7.565735140787427e-13,7.565735218935988e-13,7.56573529709492e-13,7.56573537526355e-13,7.565735453442196e-13,7.565735531630686e-13,7.565735609828946e-13,7.565735688037151e-13,7.565735766255099e-13,7.565735844482894e-13,7.565735922720516e-13,7.56573600096799e-13,7.565736079225336e-13,7.565736157492781e-13,7.565736235769747e-13,7.565736314056551e-13,7.565736392353193e-13,7.56573647065968e-13,7.565736548975998e-13,7.565736627302097e-13,7.565736705637909e-13,7.565736783983737e-13,7.565736862339411e-13,7.565736940704913e-13,7.565737019080284e-13,7.56573709746546e-13,7.565737175860444e-13,7.565737254265286e-13,7.565737332679967e-13,7.565737411104492e-13,7.565737489538824e-13,7.565737567983639e-13,7.565737646437619e-13,7.565737724901463e-13,7.565737803375152e-13,7.565737881858657e-13,7.565737960352007e-13,7.565738038855203e-13,7.565738117368256e-13,7.565738195891032e-13,7.565738274423717e-13,7.565738352966247e-13,7.565738431518605e-13,7.565738510080923e-13,7.565738588652952e-13,7.565738667234958e-13,7.565738745826661e-13,7.565738824428345e-13,7.565738903039774e-13,7.56573898166098e-13,7.565739060291992e-13,7.565739138932838e-13,7.565739217583951e-13,7.565739296244545e-13,7.565739374914884e-13,7.565739453595049e-13,7.565739532284959e-13,7.56573961098475e-13,7.565739689694448e-13,7.56573976841395e-13,7.56573984714327e-13,7.565739925882429e-13,7.565740004631418e-13,7.565740083390818e-13,7.565740162159498e-13,7.565740240937991e-13,7.565740319726306e-13,7.565740398524464e-13,7.565740477332456e-13,7.56574055615028e-13,7.565740634977719e-13,7.565740713815207e-13,7.56574079266241e-13,7.565740871519565e-13,7.565740950387162e-13,7.565741029263952e-13,7.565741108150541e-13,7.565741187046759e-13,7.565741265953052e-13,7.565741344869124e-13,7.565741423795075e-13,7.565741502730866e-13,7.565741581676438e-13,7.565741660631925e-13,7.565741739597237e-13,7.565741818572371e-13,7.56574189755739e-13,7.565741976552028e-13,7.565742055556645e-13,7.565742134570821e-13,7.565742213595016e-13,7.565742292628975e-13,7.565742371672866e-13,7.565742450726555e-13,7.565742529790104e-13,7.565742608863506e-13,7.565742687946599e-13,7.565742767039736e-13,7.565742846142886e-13,7.56574292525554e-13,7.565743004378128e-13,7.565743083510445e-13,7.5657431626526e-13,7.565743241804582e-13,7.565743320966301e-13,7.565743400138334e-13,7.565743479319804e-13,7.565743558511005e-13,7.565743637712354e-13,7.565743716923302e-13,7.565743796144067e-13,7.565743875374481e-13,7.565743954614886e-13,7.565744033865159e-13,7.565744113125228e-13,7.565744192395137e-13,7.56574427167477e-13,7.56574435096434e-13,7.56574443026375e-13,7.565744509572938e-13,7.56574458889196e-13,7.56574466822079e-13,7.565744747559441e-13,7.565744826907906e-13,7.565744906266233e-13,7.565744985634368e-13,7.565745065012393e-13,7.565745144400179e-13,7.565745223797762e-13,7.565745303205183e-13,7.565745382622422e-13,7.565745462049385e-13,7.565745541486284e-13,7.565745620932775e-13,7.565745700389286e-13,7.565745779855707e-13,7.565745859331895e-13,7.565745938817909e-13,7.565746018313757e-13,7.565746097819401e-13,7.565746177334875e-13,7.565746256860129e-13,7.565746336395242e-13,7.565746415940183e-13,7.565746495495204e-13,7.56574657505974e-13,7.565746654633885e-13,7.565746734218105e-13,7.565746813812153e-13,7.565746893416057e-13,7.565746973029757e-13,7.565747052653252e-13,7.565747132286498e-13,7.565747211929477e-13,7.565747291582442e-13,7.565747371245234e-13,7.56574745091785e-13,7.565747530600282e-13,7.56574761029251e-13,7.565747689994578e-13,7.565747769706338e-13,7.565747849428041e-13,7.565747929159532e-13,7.565748008900926e-13,7.565748088652012e-13,7.565748168412869e-13,7.565748248183709e-13,7.565748327964107e-13,7.565748407754577e-13,7.565748487554832e-13,7.565748567364911e-13,7.565748647184729e-13,7.565748727014091e-13,7.56574880685362e-13,7.565748886702855e-13,7.565748966561871e-13,7.565749046430856e-13,7.565749126309703e-13,7.565749206198262e-13,7.565749286096669e-13,7.565749366004675e-13,7.565749445922582e-13,7.565749525850466e-13,7.565749605788182e-13,7.565749685735691e-13,7.565749765693029e-13,7.565749845660139e-13,7.565749925637105e-13,7.565750005623889e-13,7.565750085620469e-13,7.565750165626884e-13,7.565750245643113e-13,7.565750325669197e-13,7.56575040570502e-13,7.565750485750684e-13,7.565750565806443e-13,7.565750645871613e-13,7.565750725946728e-13,7.56575080603194e-13,7.565750886126661e-13,7.565750966231211e-13,7.565751046345589e-13,7.565751126469777e-13,7.565751206603703e-13,7.565751286747524e-13,7.565751366901161e-13,7.565751447064607e-13,7.56575152723787e-13,7.565751607420646e-13,7.56575168761354e-13,7.565751767816249e-13,7.565751848028699e-13,7.56575192825103e-13,7.565752008483101e-13,7.565752088725072e-13,7.565752168976822e-13,7.565752249238416e-13,7.565752329509714e-13,7.565752409790883e-13,7.5657524900819e-13,7.565752570382734e-13,7.565752650693277e-13,7.565752731013708e-13,7.565752811343935e-13,7.565752891683963e-13,7.565752972033714e-13,7.565753052393413e-13,7.565753132762967e-13,7.565753213142295e-13,7.565753293531378e-13,7.56575337393033e-13,7.565753454339122e-13,7.565753534757694e-13,7.565753615186065e-13,7.565753695623867e-13,7.565753776071838e-13,7.565753856529709e-13,7.565753936997327e-13,7.56575401747452e-13,7.565754097961683e-13,7.565754178459099e-13,7.565754258965909e-13,7.565754339482549e-13,7.565754420009051e-13,7.565754500545327e-13,7.565754581091353e-13,7.565754661647288e-13,7.565754742213016e-13,7.565754822788546e-13,7.565754903373873e-13,7.565754983969e-13,7.565755064573923e-13,7.565755145188785e-13,7.56575522581387e-13,7.565755306448288e-13,7.565755387092505e-13,7.5657554677465e-13,7.565755548410289e-13,7.565755629083863e-13,7.565755709767275e-13,7.565755790460491e-13,7.565755871163519e-13,7.565755951876354e-13,7.565756032598989e-13,7.56575611333143e-13,7.56575619407371e-13,7.565756274826338e-13,7.565756355588126e-13,7.565756436360313e-13,7.565756517141845e-13,7.565756597933206e-13,7.565756678734345e-13,7.565756759545242e-13,7.565756840365925e-13,7.565756921196416e-13,7.565757002036667e-13,7.565757082887175e-13,7.565757163747081e-13,7.565757244616888e-13,7.565757325496424e-13,7.56575740638576e-13,7.565757487284456e-13,7.56575756819337e-13,7.565757649112059e-13,7.565757730040612e-13,7.565757810979012e-13,7.565757891927165e-13,7.565757972885186e-13,7.56575805385295e-13,7.565758134830526e-13,7.565758215817906e-13,7.565758296815115e-13,7.565758377822113e-13,7.565758458838966e-13,7.565758539865589e-13,7.565758620901977e-13,7.565758701948182e-13,7.565758783004222e-13,7.565758864070041e-13,7.565758945145544e-13,7.565759026230955e-13,7.565759107326157e-13,7.565759188431153e-13,7.565759269546008e-13,7.565759350670454e-13,7.565759431804776e-13,7.56575951294901e-13,7.565759594103047e-13,7.565759675266869e-13,7.565759756440459e-13,7.565759837623898e-13,7.56575991881754e-13,7.565760000020697e-13,7.565760081233503e-13,7.565760162456208e-13,7.565760243688463e-13,7.5657603249307e-13,7.565760406183114e-13,7.565760487444906e-13,7.565760568716544e-13,7.565760649997978e-13,7.565760731289182e-13,7.565760812590251e-13,7.565760893901089e-13,7.565760975221679e-13,7.565761056552155e-13,7.56576113789239e-13,7.565761219242428e-13,7.565761300602396e-13,7.565761381971923e-13,7.565761463351338e-13,7.565761544740643e-13,7.565761626139714e-13,7.565761707548409e-13,7.565761788967066e-13,7.565761870395636e-13,7.565761951833747e-13,7.565762033281767e-13,7.565762114739586e-13,7.565762196206922e-13,7.565762277684407e-13,7.565762359171614e-13,7.565762440668626e-13,7.565762522175274e-13,7.565762603691938e-13,7.565762685218163e-13,7.565762766754361e-13,7.565762848300357e-13,7.565762929856145e-13,7.565763011421757e-13,7.565763092997125e-13,7.565763174582398e-13,7.565763256177379e-13,7.565763337782152e-13,7.565763419396716e-13,7.565763501021039e-13,7.565763582655202e-13,7.565763664299181e-13,7.565763745952964e-13,7.56576382761654e-13,7.565763909289876e-13,7.565763990973006e-13,7.565764072665944e-13,7.565764154368669e-13,7.565764236081082e-13,7.565764317803459e-13,7.565764399535474e-13,7.565764481277533e-13,7.565764563029147e-13,7.56576464479065e-13,7.565764726561944e-13,7.56576480834302e-13,7.565764890133917e-13,7.565764971934582e-13,7.565765053745096e-13,7.565765135565352e-13,7.565765217395412e-13,7.565765299235227e-13,7.565765381084862e-13,7.56576546294429e-13,7.565765544813512e-13,7.565765626692528e-13,7.565765708581332e-13,7.565765790479943e-13,7.565765872388813e-13,7.565765954306954e-13,7.565766036235021e-13,7.565766118172788e-13,7.565766200120349e-13,7.565766282077701e-13,7.565766364044896e-13,7.565766446021749e-13,7.565766528008468e-13,7.565766610004985e-13,7.565766692011296e-13,7.565766774027533e-13,7.565766856053491e-13,7.565766938089173e-13,7.565767020134656e-13,7.565767102189822e-13,7.565767184254872e-13,7.5657672663297e-13,7.565767348414383e-13,7.565767430508767e-13,7.565767512612978e-13,7.56576759472697e-13,7.565767676850763e-13,7.565767758984416e-13,7.565767841127787e-13,7.565767923280979e-13,7.565768005443951e-13,7.565768087616498e-13,7.565768169799021e-13,7.565768251991344e-13,7.565768334193548e-13,7.565768416405451e-13,7.56576849862711e-13,7.565768580858578e-13,7.565768663099805e-13,7.565768745350918e-13,7.56576882761232e-13,7.565768909882923e-13,7.565768992163338e-13,7.565769074453551e-13,7.565769156753582e-13,7.565769239063359e-13,7.565769321382936e-13,7.565769403712258e-13,7.565769486051309e-13,7.565769568400236e-13,7.565769650759021e-13,7.56576973312752e-13,7.565769815505864e-13,7.565769897893638e-13,7.565769980291489e-13,7.565770062699143e-13,7.56577014511686e-13,7.565770227544074e-13,7.565770309980811e-13,7.565770392427628e-13,7.565770474884214e-13,7.565770557350572e-13,7.565770639826703e-13,7.565770722312605e-13,7.565770804808216e-13,7.565770887313673e-13,7.565770969828978e-13,7.565771052354088e-13,7.565771134888758e-13,7.565771217433414e-13,7.565771299987906e-13,7.565771382551961e-13,7.565771465125911e-13,7.565771547709681e-13,7.565771630303237e-13,7.565771712906579e-13,7.565771795519616e-13,7.565771878142514e-13,7.565771960775207e-13,7.565772043417672e-13,7.565772126069822e-13,7.565772208731941e-13,7.565772291403175e-13,7.565772374084731e-13,7.56577245677612e-13,7.565772539477314e-13,7.565772622188268e-13,7.565772704909021e-13,7.565772787639361e-13,7.565772870379653e-13,7.565772953129738e-13,7.565773035889593e-13,7.565773118659325e-13,7.565773201438783e-13,7.565773284227994e-13,7.565773367026994e-13,7.565773449835756e-13,7.565773532654317e-13,7.565773615482643e-13,7.565773698320746e-13,7.565773781168519e-13,7.565773864026246e-13,7.565773946893695e-13,7.565774029770971e-13,7.565774112657994e-13,7.565774195554784e-13,7.565774278461361e-13,7.565774361377717e-13,7.565774444303852e-13,7.565774527239787e-13,7.565774610185469e-13,7.565774693140939e-13,7.565774776106197e-13,7.565774859081238e-13,7.565774942066059e-13,7.565775025060414e-13,7.565775108064784e-13,7.565775191078936e-13,7.565775274102919e-13,7.565775357136654e-13,7.565775440180136e-13,7.565775523233281e-13,7.565775606296167e-13,7.565775689368988e-13,7.565775772451599e-13,7.565775855543959e-13,7.565775938646098e-13,7.565776021758102e-13,7.565776104879545e-13,7.56577618801101e-13,7.565776271152344e-13,7.565776354303391e-13,7.565776437464208e-13,7.565776520634808e-13,7.565776603815181e-13,7.565776687005021e-13,7.565776770204628e-13,7.565776853414304e-13,7.565776936633767e-13,7.565777019862815e-13,7.565777103101581e-13,7.565777186350968e-13,7.565777269609547e-13,7.565777352877899e-13,7.565777436156399e-13,7.565777519444327e-13,7.56577760274208e-13,7.565777686049585e-13,7.565777769367031e-13,7.565777852693901e-13,7.565777936030683e-13,7.565778019377257e-13,7.565778102733581e-13,7.56577818609969e-13,7.565778269475563e-13,7.565778352861215e-13,7.565778436256647e-13,7.565778519661849e-13,7.565778603076791e-13,7.565778686501468e-13,7.565778769935985e-13,7.565778853380277e-13,7.565778936834353e-13,7.565779020298201e-13,7.565779103771819e-13,7.565779187255207e-13,7.565779270748412e-13,7.565779354251326e-13,7.565779437764029e-13,7.565779521286431e-13,7.565779604818677e-13,7.565779688360676e-13,7.565779771912497e-13,7.565779855473975e-13,7.565779939045327e-13,7.565780022626339e-13,7.565780106217212e-13,7.565780189817861e-13,7.565780273428281e-13,7.565780357048475e-13,7.565780440678614e-13,7.565780524318287e-13,7.56578060796792e-13,7.565780691626999e-13,7.565780775296081e-13,7.565780858974863e-13,7.565780942663491e-13,7.565781026361836e-13,7.565781110069864e-13,7.565781193787755e-13,7.565781277515484e-13,7.565781361253001e-13,7.56578144499996e-13,7.565781528756937e-13,7.565781612523686e-13,7.565781696300201e-13,7.5657817800864e-13,7.565781863882464e-13,7.565781947688082e-13,7.565782031503669e-13,7.565782115329059e-13,7.565782199164233e-13,7.565782283009279e-13,7.565782366864013e-13,7.565782450728442e-13,7.565782534602632e-13,7.56578261848657e-13,7.565782702380322e-13,7.565782786283819e-13,7.565782870196873e-13,7.565782954119914e-13,7.565783038052789e-13,7.565783121995415e-13,7.565783205947792e-13,7.565783289909717e-13,7.565783373881596e-13,7.565783457863252e-13,7.565783541854441e-13,7.565783625855621e-13,7.565783709866471e-13,7.565783793887161e-13,7.565783877917769e-13,7.565783961957889e-13,7.565784046007932e-13,7.565784130067738e-13,7.565784214137232e-13,7.565784298216539e-13,7.56578438230567e-13,7.56578446640454e-13,7.565784550513111e-13,7.565784634631704e-13,7.565784718759839e-13,7.565784802897593e-13,7.56578488704526e-13,7.565784971202683e-13,7.565785055370169e-13,7.565785139547109e-13,7.565785223733896e-13,7.565785307930363e-13,7.565785392136204e-13,7.565785476352293e-13,7.565785560578062e-13,7.565785644813636e-13,7.565785729058931e-13,7.565785813313973e-13,7.565785897578748e-13,7.565785981853367e-13,7.565786066137707e-13,7.565786150431824e-13,7.56578623473568e-13,7.565786319049297e-13,7.565786403372681e-13,7.565786487705846e-13,7.565786572048863e-13,7.565786656401709e-13,7.565786740764194e-13,7.565786825136439e-13,7.565786909518412e-13,7.565786993910156e-13,7.565787078311651e-13,7.565787162722914e-13,7.565787247143932e-13,7.565787331574717e-13,7.565787416015194e-13,7.565787500465538e-13,7.565787584925625e-13,7.565787669395507e-13,7.565787753875097e-13,7.565787838364476e-13,7.565787922863683e-13,7.565788007372532e-13,7.565788091891163e-13,7.565788176419525e-13,7.565788260957678e-13,7.565788345505599e-13,7.565788430063125e-13,7.565788514630546e-13,7.565788599207807e-13,7.565788683794715e-13,7.565788768391424e-13,7.5657888529979e-13,7.565788937614139e-13,7.565789022240132e-13,7.565789106875881e-13,7.565789191521362e-13,7.565789276176538e-13,7.56578936084154e-13,7.56578944551639e-13,7.565789530200899e-13,7.56578961489518e-13,7.565789699599195e-13,7.565789784312853e-13,7.565789869036416e-13,7.565789953769739e-13,7.565790038512747e-13,7.565790123265631e-13,7.565790208028289e-13,7.565790292800638e-13,7.565790377582728e-13,7.565790462374604e-13,7.565790547176218e-13,7.565790631987599e-13,7.565790716808686e-13,7.565790801639631e-13,7.565790886480035e-13,7.565790971330492e-13,7.565791056190152e-13,7.565791141060364e-13,7.565791225940029e-13,7.565791310829492e-13,7.565791395728748e-13,7.565791480637555e-13,7.565791565556197e-13,7.565791650484643e-13,7.565791735422637e-13,7.565791820370601e-13,7.565791905328172e-13,7.565791990295651e-13,7.565792075272877e-13,7.565792160259846e-13,7.565792245256496e-13,7.565792330263028e-13,7.565792415279255e-13,7.565792500305247e-13,7.565792585340991e-13,7.565792670386498e-13,7.565792755441803e-13,7.565792840506664e-13,7.565792925581393e-13,7.565793010665896e-13,7.56579309576023e-13,7.56579318086432e-13,7.565793265978273e-13,7.565793351101849e-13,7.565793436235441e-13,7.56579352137847e-13,7.565793606531239e-13,7.56579369169374e-13,7.565793776865867e-13,7.565793862047901e-13,7.565793947239668e-13,7.565794032441197e-13,7.56579411765261e-13,7.565794202873628e-13,7.565794288104458e-13,7.565794373344982e-13,7.565794458595269e-13,7.565794543855102e-13,7.565794629124892e-13,7.565794714404491e-13,7.565794799694068e-13,7.565794884993122e-13,7.565794970301903e-13,7.565795055620544e-13,7.565795140948856e-13,7.565795226286912e-13,7.565795311634605e-13,7.565795396992165e-13,7.565795482359348e-13,7.565795567736547e-13,7.56579565312338e-13,7.565795738520245e-13,7.565795823926577e-13,7.565795909342693e-13,7.565795994768442e-13,7.565796080203893e-13,7.565796165649638e-13,7.565796251104687e-13,7.565796336569514e-13,7.565796422044049e-13,7.565796507528347e-13,7.565796593022369e-13,7.565796678526136e-13,7.56579676403972e-13,7.565796849562946e-13,7.565796935095943e-13,7.56579702063873e-13,7.565797106191225e-13,7.56579719175349e-13,7.565797277325501e-13,7.565797362907266e-13,7.565797448498558e-13,7.565797534099805e-13,7.565797619710783e-13,7.56579770533153e-13,7.565797790962099e-13,7.565797876602344e-13,7.565797962252298e-13,7.565798047911955e-13,7.565798133581412e-13,7.565798219260936e-13,7.56579830495004e-13,7.56579839064833e-13,7.565798476356819e-13,7.565798562075191e-13,7.565798647803139e-13,7.565798733540858e-13,7.565798819288309e-13,7.565798905045496e-13,7.565798990812325e-13,7.565799076589006e-13,7.565799162375327e-13,7.565799248171529e-13,7.565799333977436e-13,7.565799419793098e-13,7.565799505618495e-13,7.565799591453634e-13,7.565799677298482e-13,7.565799763153187e-13,7.565799849017612e-13,7.56579993489177e-13,7.565800020775684e-13,7.565800106669289e-13,7.565800192572685e-13,7.56580027848577e-13,7.565800364408664e-13,7.565800450341229e-13,7.565800536283415e-13,7.565800622235508e-13,7.565800708197397e-13,7.565800794168833e-13,7.565800880150121e-13,7.5658009661411e-13,7.565801052141865e-13,7.565801138152279e-13,7.565801224172439e-13,7.565801310202421e-13,7.565801396242148e-13,7.565801482291617e-13,7.565801568351132e-13,7.565801654420139e-13,7.565801740498825e-13,7.565801826587332e-13,7.565801912685422e-13,7.565801998793342e-13,7.565802084910999e-13,7.565802171038266e-13,7.565802257175423e-13,7.565802343322281e-13,7.565802429478926e-13,7.565802515645282e-13,7.565802601821428e-13,7.565802688007284e-13,7.56580277420286e-13,7.565802860408243e-13,7.565802946623295e-13,7.565803032848114e-13,7.565803119082648e-13,7.565803205326775e-13,7.565803291580843e-13,7.565803377844595e-13,7.565803464118086e-13,7.565803550401301e-13,7.565803636694282e-13,7.565803722996999e-13,7.565803809309511e-13,7.56580389563156e-13,7.565803981963849e-13,7.565804068305544e-13,7.56580415465693e-13,7.565804241018046e-13,7.565804327388938e-13,7.565804413769532e-13,7.565804500159784e-13,7.565804586559513e-13,7.565804672969378e-13,7.565804759388951e-13,7.565804845818238e-13,7.565804932257254e-13,7.565805018705984e-13,7.565805105164523e-13,7.565805191632738e-13,7.565805278110712e-13,7.565805364598386e-13,7.565805451095821e-13,7.565805537603024e-13,7.565805624119924e-13,7.565805710646569e-13,7.565805797182901e-13,7.565805883728928e-13,7.565805970284777e-13,7.565806056850413e-13,7.56580614342573e-13,7.565806230010783e-13,7.565806316605569e-13,7.565806403209927e-13,7.565806489824207e-13,7.565806576448197e-13,7.565806663081958e-13,7.565806749725414e-13,7.56580683637858e-13,7.565806923041473e-13,7.565807009713955e-13,7.565807096396342e-13,7.565807183088446e-13,7.565807269790283e-13,7.565807356501886e-13,7.565807443223104e-13,7.56580752995416e-13,7.565807616694939e-13,7.565807703445493e-13,7.565807790205749e-13,7.565807876975735e-13,7.565807963755329e-13,7.565808050544766e-13,7.565808137343943e-13,7.565808224152915e-13,7.565808310971857e-13,7.565808397800232e-13,7.565808484638371e-13,7.565808571486038e-13,7.565808658343602e-13,7.565808745210816e-13,7.565808832087807e-13,7.565808918974582e-13,7.565809005870915e-13,7.565809092776973e-13,7.565809179692595e-13,7.565809266618281e-13,7.565809353553694e-13,7.565809440498846e-13,7.56580952745382e-13,7.565809614418427e-13,7.565809701392667e-13,7.565809788376809e-13,7.565809875370603e-13,7.565809962374202e-13,7.565810049387208e-13,7.565810136410573e-13,7.565810223443258e-13,7.565810310485714e-13,7.565810397537941e-13,7.565810484599898e-13,7.565810571671463e-13,7.565810658752846e-13,7.565810745843825e-13,7.56581083294448e-13,7.565810920055008e-13,7.565811007175193e-13,7.565811094305077e-13,7.565811181444798e-13,7.56581126859425e-13,7.565811355753457e-13,7.565811442922252e-13,7.565811530100888e-13,7.565811617289205e-13,7.565811704487288e-13,7.565811791694942e-13,7.565811878912489e-13,7.565811966139601e-13,7.565812053376583e-13,7.565812140623283e-13,7.565812227879744e-13,7.565812315145875e-13,7.565812402421798e-13,7.565812489707425e-13,7.565812577003335e-13,7.565812664308408e-13,7.565812751623209e-13,7.56581283894767e-13,7.565812926281897e-13,7.565813013625928e-13,7.565813100979628e-13,7.565813188342876e-13,7.565813275715773e-13,7.56581336309865e-13,7.565813450491228e-13,7.565813537893556e-13,7.56581362530565e-13,7.565813712727414e-13,7.565813800158903e-13,7.565813887600137e-13,7.565813975051085e-13,7.565814062511759e-13,7.565814149982152e-13,7.565814237462258e-13,7.565814324952102e-13,7.565814412451676e-13,7.565814499960949e-13,7.565814587479954e-13,7.565814675008679e-13,7.565814762547139e-13,7.565814850095316e-13,7.565814937653274e-13,7.565815025220895e-13,7.565815112798248e-13,7.565815200385231e-13,7.56581528798202e-13,7.565815375588457e-13,7.565815463204664e-13,7.565815550830666e-13,7.565815638466223e-13,7.565815726111646e-13,7.565815813766519e-13,7.565815901431333e-13,7.565815989105898e-13,7.565816076790179e-13,7.565816164484188e-13,7.565816252187938e-13,7.565816339902159e-13,7.565816427625291e-13,7.565816515358067e-13,7.565816603100688e-13,7.565816690853012e-13,7.565816778615148e-13,7.565816866386581e-13,7.56581695416807e-13,7.565817041959248e-13,7.565817129760169e-13,7.565817217570878e-13,7.565817305391146e-13,7.565817393221128e-13,7.565817481060894e-13,7.565817568910448e-13,7.565817656769692e-13,7.565817744638639e-13,7.56581783251732e-13,7.565817920405694e-13,7.565818008303867e-13,7.565818096211609e-13,7.565818184129149e-13,7.565818272056558e-13,7.565818359993542e-13,7.565818447940247e-13,7.565818535896714e-13,7.56581862386285e-13,7.565818711838692e-13,7.565818799824125e-13,7.565818887819351e-13,7.565818975824432e-13,7.565819063839133e-13,7.565819151863479e-13,7.565819239897642e-13,7.5658193279415e-13,7.565819415995108e-13,7.565819504058489e-13,7.56581959213151e-13,7.565819680214288e-13,7.565819768306741e-13,7.5658198564089e-13,7.565819944520783e-13,7.565820032642447e-13,7.565820120773831e-13,7.565820208914941e-13,7.5658202970657e-13,7.565820385226183e-13,7.565820473396369e-13,7.565820561576295e-13,7.565820649765895e-13,7.565820737965219e-13,7.565820826173889e-13,7.565820914392641e-13,7.565821002621144e-13,7.565821090859216e-13,7.565821179107099e-13,7.565821267364698e-13,7.565821355631982e-13,7.565821443909099e-13,7.565821532195817e-13,7.565821620492276e-13,7.565821708798453e-13,7.565821797114317e-13,7.56582188543999e-13,7.565821973775214e-13,7.56582206212024e-13,7.565822150475042e-13,7.565822238839491e-13,7.56582232721364e-13,7.565822415597569e-13,7.56582250399116e-13,7.56582259239444e-13,7.565822680807452e-13,7.56582276923017e-13,7.565822857662625e-13,7.56582294610474e-13,7.565823034556625e-13,7.565823123018187e-13,7.5658232114895e-13,7.565823299970421e-13,7.565823388461095e-13,7.56582347696147e-13,7.565823565471571e-13,7.56582365399137e-13,7.5658237425209e-13,7.565823831060651e-13,7.565823919609551e-13,7.565824008168518e-13,7.565824096736886e-13,7.565824185314971e-13,7.565824273902822e-13,7.565824362500345e-13,7.565824451107568e-13,7.565824539724521e-13,7.565824628351168e-13,7.565824716987487e-13,7.56582480563355e-13,7.565824894289319e-13,7.56582498295481e-13,7.565825071629965e-13,7.56582516031486e-13,7.565825249009508e-13,7.565825337713824e-13,7.565825426427839e-13,7.565825515151573e-13,7.565825603885013e-13,7.56582569262816e-13,7.565825781381006e-13,7.565825870143565e-13,7.565825958915847e-13,7.565826047697798e-13,7.565826136489483e-13,7.565826225290836e-13,7.56582631410197e-13,7.565826402922773e-13,7.565826491753281e-13,7.565826580593487e-13,7.565826669443401e-13,7.565826758303018e-13,7.565826847172349e-13,7.565826936051367e-13,7.565827024940142e-13,7.565827113838288e-13,7.565827202746505e-13,7.56582729166436e-13,7.565827380591763e-13,7.565827469529039e-13,7.565827558476034e-13,7.565827647432723e-13,7.565827736399024e-13,7.565827825375124e-13,7.565827914360934e-13,7.565828003356435e-13,7.565828092361652e-13,7.56582818137651e-13,7.565828270400993e-13,7.565828359435201e-13,7.565828448479273e-13,7.565828537533293e-13,7.565828626596748e-13,7.565828715669869e-13,7.565828804752731e-13,7.565828893845335e-13,7.565828982947585e-13,7.565829072059436e-13,7.565829161181088e-13,7.565829250312455e-13,7.565829339453512e-13,7.565829428604368e-13,7.565829517764837e-13,7.5658296069351e-13,7.56582969611514e-13,7.565829785304778e-13,7.565829874504223e-13,7.565829963713127e-13,7.565830052931831e-13,7.565830142160293e-13,7.565830231398086e-13,7.565830320645831e-13,7.565830409903302e-13,7.565830499170477e-13,7.565830588447367e-13,7.565830677733863e-13,7.565830767030154e-13,7.565830856336148e-13,7.565830945651873e-13,7.565831034977248e-13,7.565831124312325e-13,7.565831213656756e-13,7.565831303011184e-13,7.565831392375366e-13,7.565831481749204e-13,7.565831571132797e-13,7.565831660526129e-13,7.565831749929118e-13,7.565831839341845e-13,7.565831928764166e-13,7.565832018196271e-13,7.56583210763806e-13,7.565832197089622e-13,7.565832286550429e-13,7.565832376021355e-13,7.565832465501989e-13,7.565832554992278e-13,7.56583264449236e-13,7.565832734002043e-13,7.565832823521423e-13,7.565832913050511e-13,7.565833002589284e-13,7.565833092137657e-13,7.565833181695839e-13,7.565833271263661e-13,7.565833360841269e-13,7.565833450428486e-13,7.565833540025596e-13,7.565833629632285e-13,7.565833719248638e-13,7.565833808874687e-13,7.565833898510426e-13,7.565833988155875e-13,7.565834077811033e-13,7.565834167475883e-13,7.565834257150421e-13,7.565834346834662e-13,7.565834436528574e-13,7.565834526232154e-13,7.56583461594547e-13,7.565834705668483e-13,7.565834795401232e-13,7.565834885143359e-13,7.565834974895496e-13,7.565835064657283e-13,7.56583515442879e-13,7.565835244209957e-13,7.56583533400084e-13,7.565835423801204e-13,7.565835513611498e-13,7.565835603431465e-13,7.565835693261125e-13,7.565835783100475e-13,7.565835872949523e-13,7.565835962808236e-13,7.565836052676594e-13,7.565836142554802e-13,7.56583623244262e-13,7.565836322340138e-13,7.565836412247345e-13,7.565836502164241e-13,7.565836592090832e-13,7.565836682027101e-13,7.565836771973067e-13,7.565836861928825e-13,7.565836951894172e-13,7.565837041869128e-13,7.565837131853701e-13,7.565837221848197e-13,7.565837311852346e-13,7.565837401866178e-13,7.565837491889685e-13,7.565837581922886e-13,7.565837671965805e-13,7.565837762018414e-13,7.565837852080576e-13,7.565837942152567e-13,7.565838032234247e-13,7.565838122325628e-13,7.565838212426587e-13,7.565838302537328e-13,7.565838392657761e-13,7.565838482787859e-13,7.565838572927679e-13,7.565838663077068e-13,7.56583875323631e-13,7.565838843405652e-13,7.565838933584199e-13,7.565839023772623e-13,7.565839113970562e-13,7.565839204178198e-13,7.565839294395529e-13,7.565839384622659e-13,7.565839474859403e-13,7.565839565105768e-13,7.565839655361868e-13,7.56583974562769e-13,7.565839835903119e-13,7.565839926188288e-13,7.56584001648311e-13,7.56584010678768e-13,7.565840197101901e-13,7.565840287425763e-13,7.565840377759359e-13,7.565840468102642e-13,7.565840558455596e-13,7.565840648818437e-13,7.565840739190793e-13,7.565840829572883e-13,7.565840919964593e-13,7.565841010366096e-13,7.565841100777246e-13,7.565841191198033e-13,7.56584128162848e-13,7.565841372068652e-13,7.565841462518499e-13,7.565841552978036e-13,7.565841643447131e-13,7.565841733925985e-13,7.565841824414493e-13,7.565841914912769e-13,7.565842005421061e-13,7.565842095938715e-13,7.565842186466036e-13,7.565842277003096e-13,7.565842367549367e-13,7.565842458105749e-13,7.565842548671765e-13,7.565842639247547e-13,7.565842729833013e-13,7.565842820428236e-13,7.565842911033048e-13,7.565843001647483e-13,7.565843092271692e-13,7.565843182905577e-13,7.56584327354913e-13,7.565843364202342e-13,7.565843454865263e-13,7.565843545537895e-13,7.56584363622018e-13,7.565843726912128e-13,7.565843817613649e-13,7.565843908324981e-13,7.565843999046013e-13,7.565844089776739e-13,7.565844180517143e-13,7.565844271267021e-13,7.565844362026689e-13,7.565844452796041e-13,7.56584454357517e-13,7.565844634363811e-13,7.565844725162252e-13,7.565844815970414e-13,7.565844906788298e-13,7.565844997615852e-13,7.565845088453226e-13,7.565845179300122e-13,7.565845270156704e-13,7.565845361022954e-13,7.565845451898905e-13,7.565845542784533e-13,7.565845633679834e-13,7.565845724584816e-13,7.565845815499483e-13,7.565845906423875e-13,7.565845997357901e-13,7.565846088301605e-13,7.565846179254997e-13,7.565846270218086e-13,7.565846361190839e-13,7.565846452173255e-13,7.565846543165372e-13,7.565846634167167e-13,7.565846725178628e-13,7.565846816199765e-13,7.565846907230576e-13,7.565846998271061e-13,7.565847089321386e-13,7.565847180381262e-13,7.565847271450755e-13,7.565847362529838e-13,7.565847453618735e-13,7.56584754471731e-13,7.565847635825571e-13,7.565847726943513e-13,7.565847818071127e-13,7.56584790920854e-13,7.56584800035557e-13,7.565848091512217e-13,7.565848182678543e-13,7.565848273854551e-13,7.565848365040243e-13,7.565848456235599e-13,7.565848547440648e-13,7.56584863865542e-13,7.565848729879541e-13,7.565848821113604e-13,7.565848912357331e-13,7.565849003610859e-13,7.565849094873953e-13,7.565849186146722e-13,7.565849277429247e-13,7.565849368721374e-13,7.565849460023282e-13,7.565849551334797e-13,7.565849642656065e-13,7.565849733986953e-13,7.565849825327453e-13,7.565849916677746e-13,7.565850008037587e-13,7.565850099407043e-13,7.565850190786281e-13,7.565850282175132e-13,7.565850373573536e-13,7.565850464981763e-13,7.565850556399659e-13,7.565850647827157e-13,7.565850739264415e-13,7.565850830711342e-13,7.565850922167952e-13,7.565851013634192e-13,7.565851105110195e-13,7.565851196595973e-13,7.565851288091266e-13,7.565851379596234e-13,7.565851471110872e-13,7.565851562635204e-13,7.565851654169191e-13,7.565851745712833e-13,7.565851837266175e-13,7.565851928829286e-13,7.565852020402153e-13,7.565852111984503e-13,7.565852203576532e-13,7.565852295178153e-13,7.565852386789526e-13,7.565852478410546e-13,7.565852570041261e-13,7.565852661681642e-13,7.565852753331704e-13,7.565852844991707e-13,7.565852936661111e-13,7.56585302834013e-13,7.565853120028773e-13,7.565853211727206e-13,7.565853303435188e-13,7.565853395152912e-13,7.565853486880341e-13,7.565853578617453e-13,7.565853670364226e-13,7.565853762120676e-13,7.565853853886782e-13,7.565853945662554e-13,7.565854037448035e-13,7.565854129243162e-13,7.565854221047949e-13,7.565854312862407e-13,7.565854404686538e-13,7.565854496520133e-13,7.565854588363555e-13,7.565854680216719e-13,7.565854772079525e-13,7.565854863952011e-13,7.565854955834208e-13,7.565855047725998e-13,7.565855139627546e-13,7.565855231538744e-13,7.565855323459912e-13,7.565855415390279e-13,7.565855507330429e-13,7.56585559928025e-13,7.565855691239748e-13,7.565855783208893e-13,7.565855875187677e-13,7.565855967176173e-13,7.565856059174388e-13,7.565856151182327e-13,7.565856243199775e-13,7.565856335227372e-13,7.565856427264205e-13,7.565856519310699e-13,7.565856611366866e-13,7.565856703432711e-13,7.565856795508389e-13,7.565856887593545e-13,7.565856979688399e-13,7.565857071792897e-13,7.56585716390706e-13,7.565857256030883e-13,7.565857348164388e-13,7.565857440307553e-13,7.565857532460216e-13,7.565857624622657e-13,7.565857716794812e-13,7.565857808976631e-13,7.565857901168037e-13,7.5658579933692e-13,7.565858085580024e-13,7.565858177800597e-13,7.565858270030746e-13,7.565858362270536e-13,7.565858454519979e-13,7.56585854677913e-13,7.565858639047932e-13,7.565858731326417e-13,7.565858823614561e-13,7.565858915912345e-13,7.565859008219846e-13,7.565859100537213e-13,7.565859192864009e-13,7.565859285200083e-13,7.565859377546193e-13,7.565859469901954e-13,7.5658595622674e-13,7.565859654641998e-13,7.565859747026732e-13,7.565859839421188e-13,7.565859931825332e-13,7.565860024239079e-13,7.565860116662482e-13,7.565860209095556e-13,7.565860301538283e-13,7.565860393990689e-13,7.565860486452637e-13,7.565860578924426e-13,7.565860671405813e-13,7.565860763896844e-13,7.565860856397552e-13,7.565860948907918e-13,7.565861041427945e-13,7.565861133957665e-13,7.565861226497007e-13,7.565861319046015e-13,7.565861411604429e-13,7.565861504172736e-13,7.565861596751063e-13,7.565861689338722e-13,7.56586178193603e-13,7.565861874542998e-13,7.565861967159632e-13,7.565862059785917e-13,7.565862152421908e-13,7.56586224506752e-13,7.565862337722781e-13,7.565862430387735e-13,7.565862523062332e-13,7.565862615746566e-13,7.565862708440552e-13,7.565862801144119e-13,7.565862893857288e-13,7.565862986580168e-13,7.565863079312711e-13,7.565863172054908e-13,7.565863264806759e-13,7.565863357568278e-13,7.565863450339437e-13,7.565863543120273e-13,7.565863635910633e-13,7.565863728710681e-13,7.565863821520495e-13,7.565863914339993e-13,7.565864007169111e-13,7.565864100007872e-13,7.565864192856246e-13,7.565864285714323e-13,7.565864378582064e-13,7.565864471459465e-13,7.565864564346518e-13,7.56586465724379e-13,7.565864750150213e-13,7.565864843066226e-13,7.565864935991897e-13,7.565865028927239e-13,7.565865121872225e-13,7.565865214826864e-13,7.565865307791163e-13,7.56586540076513e-13,7.565865493748714e-13,7.565865586741898e-13,7.565865679744815e-13,7.565865772757389e-13,7.565865865779616e-13,7.56586595881147e-13,7.565866051852694e-13,7.565866144903837e-13,7.565866237964719e-13,7.565866331035224e-13,7.565866424115353e-13,7.565866517205159e-13,7.565866610304701e-13,7.565866703413835e-13,7.565866796532615e-13,7.565866889661036e-13,7.56586698279911e-13,7.565867075946833e-13,7.565867169104137e-13,7.56586726227118e-13,7.565867355447959e-13,7.565867448634301e-13,7.565867541830277e-13,7.565867635036038e-13,7.565867728251367e-13,7.565867821476365e-13,7.56586791471095e-13,7.565868007955204e-13,7.565868101208978e-13,7.565868194472542e-13,7.565868287745737e-13,7.565868381028614e-13,7.565868474321227e-13,7.565868567623387e-13,7.565868660935206e-13,7.565868754256644e-13,7.56586884758771e-13,7.56586894092847e-13,7.565869034278813e-13,7.565869127638895e-13,7.565869221008604e-13,7.565869314388037e-13,7.565869407777061e-13,7.565869501175909e-13,7.565869594584236e-13,7.565869688002206e-13,7.565869781429827e-13,7.565869874867093e-13,7.56586996831402e-13,7.565870061770437e-13,7.565870155236645e-13,7.565870248712503e-13,7.565870342198048e-13,7.565870435693216e-13,7.565870529197925e-13,7.56587062271239e-13,7.565870716236362e-13,7.565870809770123e-13,7.565870903313499e-13,7.565870996866556e-13,7.565871090429303e-13,7.565871184001657e-13,7.565871277583608e-13,7.565871371175251e-13,7.565871464776542e-13,7.565871558387476e-13,7.56587165200811e-13,7.565871745638324e-13,7.565871839278206e-13,7.565871932927685e-13,7.565872026586699e-13,7.565872120255519e-13,7.565872213933885e-13,7.565872307621815e-13,7.565872401319729e-13,7.565872495026524e-13,7.565872588743381e-13,7.565872682470049e-13,7.565872776206393e-13,7.565872869952392e-13,7.565872963708056e-13,7.565873057473028e-13,7.565873151247955e-13,7.565873245032562e-13,7.5658733388268e-13,7.565873432630667e-13,7.5658735264442e-13,7.565873620267348e-13,7.565873714100163e-13,7.565873807942564e-13,7.565873901794659e-13,7.56587399565634e-13,7.565874089527698e-13,7.565874183408583e-13,7.565874277299245e-13,7.565874371199548e-13,7.565874465109465e-13,7.565874559029058e-13,7.565874652958294e-13,7.565874746897166e-13,7.565874840845696e-13,7.565874934804008e-13,7.565875028771801e-13,7.56587512274925e-13,7.565875216736633e-13,7.565875310733355e-13,7.565875404739729e-13,7.565875498755788e-13,7.565875592781406e-13,7.565875686816598e-13,7.565875780861509e-13,7.565875874916098e-13,7.565875968980328e-13,7.5658760630542e-13,7.565876157137717e-13,7.565876251230815e-13,7.565876345333613e-13,7.565876439446056e-13,7.565876533568143e-13,7.565876627699857e-13,7.565876721841571e-13,7.56587681599257e-13,7.565876910153118e-13,7.565877004323406e-13,7.565877098503191e-13,7.56587719269275e-13,7.565877286891946e-13,7.565877381100786e-13,7.565877475319319e-13,7.565877569547525e-13,7.56587766378528e-13,7.565877758032676e-13,7.565877852289699e-13,7.565877946556373e-13,7.565878040832603e-13,7.565878135118316e-13,7.565878229413922e-13,7.565878323719109e-13,7.565878418034067e-13,7.565878512358583e-13,7.565878606692726e-13,7.565878701036513e-13,7.565878795390001e-13,7.565878889753149e-13,7.565878984125857e-13,7.565879078508194e-13,7.565879172900161e-13,7.565879267301781e-13,7.56587936171304e-13,7.565879456133935e-13,7.565879550564458e-13,7.565879645004869e-13,7.565879739454668e-13,7.565879833914158e-13,7.565879928383244e-13,7.565880022861919e-13,7.565880117350224e-13,7.565880211848188e-13,7.56588030635575e-13,7.565880400873009e-13,7.565880495399994e-13,7.565880589936523e-13,7.565880684482706e-13,7.565880779038506e-13,7.565880873603954e-13,7.56588096817899e-13,7.565881062763694e-13,7.565881157358028e-13,7.565881251961931e-13,7.565881346575539e-13,7.565881441198772e-13,7.565881535831652e-13,7.565881630474189e-13,7.565881725126322e-13,7.565881819788072e-13,7.565881914459538e-13,7.565882009140706e-13,7.565882103831395e-13,7.565882198531706e-13,7.565882293241353e-13,7.565882387960921e-13,7.565882482690139e-13,7.565882577428874e-13,7.565882672177315e-13,7.56588276693543e-13,7.56588286170315e-13,7.565882956480565e-13,7.565883051267575e-13,7.565883146063938e-13,7.565883240870195e-13,7.565883335686124e-13,7.565883430512162e-13,7.56588352534734e-13,7.565883620192146e-13,7.565883715046556e-13,7.565883809910627e-13,7.565883904784331e-13,7.565883999667737e-13,7.565884094560706e-13,7.565884189463302e-13,7.565884284375542e-13,7.565884379297241e-13,7.565884474228729e-13,7.565884569169846e-13,7.565884664120587e-13,7.565884759080993e-13,7.565884854051014e-13,7.56588494903066e-13,7.565885044019931e-13,7.565885139018833e-13,7.565885234027376e-13,7.565885329045587e-13,7.565885424073357e-13,7.565885519110658e-13,7.565885614157668e-13,7.565885709214354e-13,7.565885804280686e-13,7.56588589935656e-13,7.565885994442021e-13,7.565886089537206e-13,7.565886184642033e-13,7.565886279756496e-13,7.565886374880629e-13,7.565886470014242e-13,7.565886565157554e-13,7.565886660310783e-13,7.565886755473428e-13,7.565886850645604e-13,7.565886945827445e-13,7.565887041018892e-13,7.565887136219908e-13,7.565887231430652e-13,7.565887326651012e-13,7.565887421881029e-13,7.565887517120646e-13,7.565887612369899e-13,7.565887707628687e-13,7.56588780289717e-13,7.565887898175293e-13,7.565887993463018e-13,7.565888088760385e-13,7.565888184067392e-13,7.565888279384314e-13,7.565888374710675e-13,7.565888470046555e-13,7.565888565392048e-13,7.565888660747173e-13,7.565888756111952e-13,7.565888851486191e-13,7.565888946870219e-13,7.565889042263854e-13,7.565889137666689e-13,7.565889233079555e-13,7.565889328502066e-13,7.565889423934234e-13,7.565889519375943e-13,7.56588961482715e-13,7.565889710288261e-13,7.565889805758781e-13,7.565889901239039e-13,7.565889996728886e-13,7.565890092228379e-13,7.565890187737475e-13,7.565890283256229e-13,7.565890378784622e-13,7.565890474322627e-13,7.565890569870209e-13,7.565890665427432e-13,7.565890760994297e-13,7.565890856571013e-13,7.565890952157107e-13,7.565891047752841e-13,7.565891143358204e-13,7.565891238973191e-13,7.565891334597799e-13,7.565891430232025e-13,7.56589152587618e-13,7.565891621529608e-13,7.565891717192679e-13,7.565891812865418e-13,7.565891908547748e-13,7.565892004239711e-13,7.565892099941252e-13,7.565892195652449e-13,7.565892291373263e-13,7.565892387103688e-13,7.565892482843748e-13,7.565892578593426e-13,7.565892674352744e-13,7.565892770121665e-13,7.565892865900202e-13,7.565892961688352e-13,7.56589305748613e-13,7.565893153293574e-13,7.565893249110481e-13,7.56589334493711e-13,7.565893440773407e-13,7.565893536619285e-13,7.565893632474789e-13,7.565893728339923e-13,7.565893824214686e-13,7.565893920099036e-13,7.565894015993009e-13,7.565894111896605e-13,7.565894207809817e-13,7.565894303732629e-13,7.565894399665078e-13,7.565894495607142e-13,7.565894591558634e-13,7.565894687519944e-13,7.565894783490863e-13,7.565894879471515e-13,7.56589497546161e-13,7.565895071461365e-13,7.565895167470762e-13,7.565895263489765e-13,7.565895359518447e-13,7.565895455556694e-13,7.565895551604564e-13,7.565895647662054e-13,7.565895743729149e-13,7.565895839805875e-13,7.565895935892222e-13,7.565896031988204e-13,7.565896128093768e-13,7.565896224208918e-13,7.565896320333712e-13,7.565896416468136e-13,7.565896512612311e-13,7.565896608765955e-13,7.565896704929228e-13,7.565896801102104e-13,7.565896897284598e-13,7.565896993476707e-13,7.565897089678397e-13,7.565897185889728e-13,7.565897282110678e-13,7.565897378341238e-13,7.565897474581418e-13,7.565897570831218e-13,7.565897667090622e-13,7.565897763359683e-13,7.56589785963817e-13,7.565897955926339e-13,7.56589805222421e-13,7.565898148531695e-13,7.565898244848788e-13,7.565898341175501e-13,7.565898437511833e-13,7.565898533857753e-13,7.565898630213342e-13,7.565898726578213e-13,7.565898822952924e-13,7.565898919337314e-13,7.565899015731317e-13,7.565899112134989e-13,7.565899208548245e-13,7.56589930497107e-13,7.565899401403825e-13,7.565899497845913e-13,7.565899594297586e-13,7.565899690758721e-13,7.565899787229622e-13,7.565899883709977e-13,7.565899980200113e-13,7.565900076699748e-13,7.565900173209083e-13,7.565900269728028e-13,7.565900366256591e-13,7.565900462794732e-13,7.565900559342511e-13,7.56590065589991e-13,7.565900752466999e-13,7.565900849043612e-13,7.56590094562976e-13,7.565901042225613e-13,7.565901138831057e-13,7.565901235446106e-13,7.565901332070778e-13,7.565901428705047e-13,7.565901525348928e-13,7.565901622002448e-13,7.565901718665519e-13,7.565901815338214e-13,7.565901912020544e-13,7.565902008712479e-13,7.56590210541402e-13,7.565902202125156e-13,7.565902298845911e-13,7.565902395576278e-13,7.565902492316146e-13,7.565902589065764e-13,7.565902685824963e-13,7.565902782593686e-13,7.565902879372062e-13,7.565902976160045e-13,7.565903072957669e-13,7.565903169764904e-13,7.565903266581775e-13,7.565903363408213e-13,7.565903460244227e-13,7.565903557089885e-13,7.565903653944985e-13,7.565903750809724e-13,7.565903847684175e-13,7.565903944568161e-13,7.565904041461856e-13,7.565904138365164e-13,7.565904235278118e-13,7.56590433220072e-13,7.56590442913284e-13,7.565904526074613e-13,7.565904623026341e-13,7.565904719987264e-13,7.565904816957811e-13,7.565904913937965e-13,7.565905010927722e-13,7.565905107927071e-13,7.565905204936037e-13,7.565905301954635e-13,7.565905398982803e-13,7.565905496020494e-13,7.565905593067869e-13,7.565905690124855e-13,7.565905787191534e-13,7.565905884267704e-13,7.565905981353493e-13,7.565906078448889e-13,7.565906175553847e-13,7.565906272668446e-13,7.565906369792656e-13,7.565906466926477e-13,7.565906564069894e-13,7.565906661222875e-13,7.56590675838551e-13,7.565906855557738e-13,7.565906952739639e-13,7.565907049931062e-13,7.565907147132007e-13,7.565907244342645e-13,7.565907341562631e-13,7.565907438792467e-13,7.565907536031924e-13,7.565907633280888e-13,7.565907730539542e-13,7.565907827807789e-13,7.56590792508559e-13,7.565908022373045e-13,7.565908119669727e-13,7.565908216976391e-13,7.565908314292503e-13,7.565908411618387e-13,7.565908508953741e-13,7.565908606298845e-13,7.565908703653506e-13,7.565908801017795e-13,7.565908898391546e-13,7.565908995774953e-13,7.565909093168018e-13,7.565909190570688e-13,7.565909287982869e-13,7.565909385404729e-13,7.565909482836191e-13,7.565909580277236e-13,7.565909677727704e-13,7.565909775187959e-13,7.565909872658072e-13,7.565909970137499e-13,7.565910067626618e-13,7.565910165125325e-13,7.565910262633337e-13,7.565910360151189e-13,7.565910457678648e-13,7.565910555215679e-13,7.56591065276233e-13,7.565910750318203e-13,7.565910847884044e-13,7.565910945460046e-13,7.565911043045098e-13,7.565911140639738e-13,7.565911238243992e-13,7.565911335857646e-13,7.565911433481085e-13,7.56591153111411e-13,7.565911628756732e-13,7.56591172640893e-13,7.565911824070749e-13,7.565911921742139e-13,7.565912019423152e-13,7.565912117113704e-13,7.56591221481395e-13,7.565912312523736e-13,7.565912410243135e-13,7.565912507971746e-13,7.565912605710352e-13,7.565912703458523e-13,7.565912801216306e-13,7.565912898983687e-13,7.565912996760579e-13,7.565913094547159e-13,7.565913192343318e-13,7.565913290149034e-13,7.565913387964417e-13,7.565913485789366e-13,7.565913583623894e-13,7.565913681467986e-13,7.565913779321708e-13,7.565913877185042e-13,7.56591397505794e-13,7.565914072940453e-13,7.565914170832608e-13,7.56591426873422e-13,7.565914366645516e-13,7.565914464566417e-13,7.565914562496914e-13,7.56591466043702e-13,7.565914758386634e-13,7.565914856345944e-13,7.565914954314794e-13,7.565915052293253e-13,7.565915150281286e-13,7.565915248278773e-13,7.565915346286009e-13,7.56591544430283e-13,7.565915542329355e-13,7.565915640365321e-13,7.565915738411344e-13,7.56591583646642e-13,7.56591593453119e-13,7.565916032605567e-13,7.56591613068954e-13,7.565916228783099e-13,7.565916326886244e-13,7.565916424998998e-13,7.565916523121408e-13,7.565916621253156e-13,7.565916719394668e-13,7.565916817545777e-13,7.565916915706489e-13,7.565917013876813e-13,7.565917112056681e-13,7.565917210246152e-13,7.56591730844521e-13,7.565917406653811e-13,7.565917504872169e-13,7.565917603099955e-13,7.565917701337362e-13,7.565917799585025e-13,7.565917897841622e-13,7.565917996107816e-13,7.565918094383581e-13,7.565918192668921e-13,7.565918290963754e-13,7.565918389268286e-13,7.565918487582417e-13,7.565918585906131e-13,7.565918684239442e-13,7.565918782582339e-13,7.565918880934826e-13,7.565918979296884e-13,7.565919077668389e-13,7.565919176049762e-13,7.565919274440585e-13,7.565919372841004e-13,7.565919471251075e-13,7.56591956967066e-13,7.565919668099832e-13,7.565919766538768e-13,7.565919864987126e-13,7.56591996344511e-13,7.565920061912656e-13,7.565920160389773e-13,7.565920258876186e-13,7.56592035737252e-13,7.565920455878442e-13,7.565920554393902e-13,7.565920652918945e-13,7.565920751453575e-13,7.565920849997804e-13,7.565920948551607e-13,7.565921047114876e-13,7.565921145687951e-13,7.565921244270601e-13,7.565921342862732e-13,7.565921441464455e-13,7.565921540075737e-13,7.565921638696507e-13,7.565921737326975e-13,7.56592183596701e-13,7.565921934616668e-13,7.565922033275909e-13,7.565922131944676e-13,7.565922230623212e-13,7.565922329311205e-13,7.565922428008781e-13,7.565922526715895e-13,7.565922625432626e-13,7.565922724158965e-13,7.565922822894909e-13,7.565922921640234e-13,7.565923020395205e-13,7.565923119159875e-13
5,0.0,0.0,0.0,0.0,0.0,0.0,0.0,0.0,0.0,0.0,0.0,0.0,0.0,0.0,0.0,0.0,0.0,0.0,0.0,0.0,0.0,0.0,0.0,0.0,0.0,0.0,0.0,0.0,0.0,0.0,0.0,0.0,0.0,0.0,0.0,0.0,0.0,0.0,0.0,0.0,0.0,0.0,0.0,0.0,0.0,0.0,0.0,0.0,0.0,0.0,0.0,0.0,0.0,0.0,0.0,0.0,0.0,0.0,0.0,0.0,0.0,0.0,0.0,0.0,0.0,0.0,0.0,0.0,0.0,0.0,0.0,0.0,0.0,0.0,0.0,0.0,0.0,0.0,0.0,0.0,0.0,0.0,0.0,0.0,0.0,0.0,0.0,0.0,0.0,0.0,0.0,0.0,0.0,0.0,0.0,0.0,0.0,0.0,0.0,0.0,0.0,0.0,0.0,0.0,0.0,0.0,0.0,0.0,0.0,0.0,0.0,0.0,0.0,0.0,0.0,0.0,0.0,0.0,0.0,0.0,0.0,0.0,0.0,0.0,0.0,0.0,0.0,0.0,0.0,0.0,0.0,0.0,0.0,0.0,0.0,0.0,0.0,0.0,0.0,0.0,0.0,0.0,0.0,0.0,0.0,0.0,0.0,0.0,0.0,0.0,0.0,0.0,0.0,0.0,0.0,0.0,0.0,0.0,0.0,0.0,0.0,0.0,0.0,0.0,0.0,0.0,0.0,0.0,0.0,0.0,0.0,0.0,0.0,0.0,0.0,0.0,0.0,0.0,0.0,0.0,0.0,0.0,0.0,0.0,0.0,0.0,0.0,0.0,0.0,0.0,0.0,0.0,0.0,0.0,0.0,0.0,0.0,0.0,0.0,0.0,0.0,0.0,0.0,0.0,0.0,0.0,0.0,0.0,0.0,0.0,0.0,0.0,0.0,0.0,0.0,0.0,0.0,0.0,0.0,0.0,0.0,0.0,0.0,0.0,0.0,0.0,0.0,0.0,0.0,0.0,0.0,0.0,0.0,0.0,0.0,0.0,0.0,0.0,0.0,0.0,0.0,0.0,0.0,0.0,0.0,0.0,0.0,0.0,0.0,0.0,0.0,0.0,0.0,0.0,0.0,0.0,0.0,0.0,0.0,0.0,0.0,0.0,0.0,0.0,0.0,0.0,0.0,0.0,0.0,0.0,0.0,0.0,0.0,0.0,0.0,0.0,0.0,0.0,0.0,0.0,0.0,0.0,0.0,0.0,0.0,0.0,0.0,0.0,0.0,0.0,0.0,0.0,0.0,0.0,0.0,0.0,0.0,0.0,0.0,0.0,0.0,0.0,0.0,0.0,0.0,0.0,0.0,0.0,0.0,0.0,0.0,0.0,0.0,0.0,0.0,0.0,0.0,0.0,0.0,0.0,0.0,0.0,0.0,0.0,0.0,0.0,0.0,0.0,0.0,0.0,0.0,0.0,0.0,0.0,0.0,0.0,0.0,0.0,0.0,0.0,0.0,0.0,0.0,0.0,0.0,0.0,0.0,0.0,0.0,0.0,0.0,0.0,0.0,0.0,0.0,0.0,0.0,0.0,0.0,0.0,0.0,0.0,0.0,0.0,0.0,0.0,0.0,0.0,0.0,0.0,0.0,0.0,0.0,0.0,0.0,0.0,0.0,0.0,0.0,0.0,0.0,0.0,0.0,0.0,0.0,0.0,0.0,0.0,0.0,0.0,0.0,0.0,0.0,0.0,0.0,0.0,0.0,0.0,0.0,0.0,0.0,0.0,0.0,0.0,0.0,0.0,0.0,0.0,0.0,0.0,0.0,0.0,0.0,0.0,0.0,0.0,0.0,0.0,0.0,0.0,0.0,0.0,0.0,0.0,0.0,0.0,0.0,0.0,0.0,0.0,0.0,0.0,0.0,0.0,0.0,0.0,0.0,0.0,0.0,0.0,0.0,0.0,0.0,0.0,0.0,0.0,0.0,0.0,0.0,0.0,0.0,0.0,0.0,0.0,0.0,0.0,0.0,0.0,0.0,0.0,0.0,0.0,0.0,0.0,0.0,0.0,0.0,0.0,0.0,0.0,0.0,0.0,0.0,0.0,0.0,0.0,0.0,0.0,0.0,0.0,0.0,0.0,0.0,0.0,0.0,0.0,0.0,0.0,0.0,0.0,0.0,0.0,0.0,0.0,0.0,0.0,0.0,0.0,0.0,0.0,0.0,0.0,0.0,0.0,0.0,0.0,0.0,0.0,0.0,0.0,0.0,0.0,0.0,0.0,0.0,0.0,0.0,0.0,0.0,0.0,0.0,0.0,0.0,0.0,0.0,0.0,0.0,0.0,0.0,0.0,0.0,0.0,0.0,0.0,0.0,0.0,0.0,0.0,0.0,0.0,0.0,0.0,0.0,0.0,0.0,0.0,0.0,0.0,0.0,0.0,0.0,0.0,0.0,0.0,0.0,0.0,0.0,0.0,0.0,0.0,0.0,0.0,0.0,0.0,0.0,0.0,0.0,0.0,0.0,0.0,0.0,0.0,0.0,0.0,0.0,0.0,0.0,0.0,0.0,0.0,0.0,0.0,0.0,0.0,0.0,0.0,0.0,0.0,0.0,0.0,0.0,0.0,0.0,0.0,0.0,0.0,0.0,0.0,0.0,0.0,0.0,0.0,0.0,0.0,0.0,0.0,0.0,0.0,0.0,0.0,0.0,0.0,0.0,0.0,0.0,0.0,0.0,0.0,0.0,0.0,0.0,0.0,0.0,0.0,0.0,0.0,0.0,0.0,0.0,0.0,0.0,0.0,0.0,0.0,0.0,0.0,0.0,0.0,0.0,0.0,0.0,0.0,0.0,0.0,0.0,0.0,0.0,0.0,0.0,0.0,0.0,0.0,0.0,0.0,0.0,0.0,0.0,0.0,0.0,0.0,0.0,0.0,0.0,0.0,0.0,0.0,0.0,0.0,0.0,0.0,0.0,0.0,0.0,0.0,0.0,0.0,0.0,0.0,0.0,0.0,0.0,0.0,0.0,0.0,0.0,0.0,0.0,0.0,0.0,0.0,0.0,0.0,0.0,0.0,0.0,0.0,0.0,0.0,0.0,0.0,0.0,0.0,0.0,0.0,0.0,0.0,0.0,0.0,0.0,0.0,0.0,0.0,0.0,0.0,0.0,0.0,0.0,0.0,0.0,0.0,0.0,0.0,0.0,0.0,0.0,0.0,0.0,0.0,0.0,0.0,0.0,0.0,0.0,0.0,0.0,0.0,0.0,0.0,0.0,0.0,0.0,0.0,0.0,0.0,0.0,0.0,0.0,0.0,0.0,0.0,0.0,0.0,0.0,0.0,0.0,0.0,0.0,0.0,0.0,0.0,0.0,0.0,0.0,0.0,0.0,0.0,0.0,0.0,0.0,0.0,0.0,0.0,0.0,0.0,0.0,0.0,0.0,0.0,0.0,0.0,0.0,0.0,0.0,0.0,0.0,0.0,0.0,0.0,0.0,0.0,0.0,0.0,0.0,0.0,0.0,0.0,0.0,0.0,0.0,0.0,0.0,0.0,0.0,0.0,0.0,0.0,0.0,0.0,0.0,0.0,0.0,0.0,0.0,0.0,0.0,0.0,0.0,0.0,0.0,0.0,0.0,0.0,0.0,0.0,0.0,0.0,0.0,0.0,0.0,0.0,0.0,0.0,0.0,0.0,0.0,0.0,0.0,0.0,0.0,0.0,0.0,0.0,0.0,0.0,0.0,0.0,0.0,0.0,0.0,0.0,0.0,0.0,0.0,0.0,0.0,0.0,0.0,0.0,0.0,0.0,0.0,0.0,0.0,0.0,0.0,0.0,0.0,0.0,0.0,0.0,0.0,0.0,0.0,0.0,0.0,0.0,0.0,0.0,0.0,0.0,0.0,0.0,0.0,0.0,0.0,0.0,0.0,0.0,0.0,0.0,0.0,0.0,0.0,0.0,0.0,0.0,0.0,0.0,0.0,0.0,0.0,0.0,0.0,0.0,0.0,0.0,0.0,0.0,0.0,0.0,0.0,0.0,0.0,0.0,0.0,0.0,0.0,0.0,0.0,0.0,0.0,0.0,0.0,0.0,0.0,0.0,0.0,0.0,0.0,0.0,0.0,0.0,0.0,0.0,0.0,0.0,0.0,0.0,0.0,0.0,0.0,0.0,0.0,0.0,0.0,0.0,0.0,0.0,0.0,0.0,0.0,0.0,0.0,0.0,0.0,0.0,0.0,0.0,0.0,0.0,0.0,0.0,0.0,0.0,0.0,0.0,0.0,0.0,0.0,0.0,0.0,0.0,0.0,0.0,0.0,0.0,0.0,0.0,0.0,0.0,0.0,0.0,0.0,0.0,0.0,0.0,0.0,0.0,0.0,0.0,0.0,0.0,0.0,0.0,0.0,0.0,0.0,0.0,0.0,0.0,2.361753643649325e-06,4.747461365099673e-06,7.155467548417369e-06,9.584515727937556e-06,1.203366528596972e-05,1.4502225173157876e-05,1.698970136157745e-05,1.9495755308351493e-05,2.2020171204704177e-05,2.4562830208209406e-05,2.7123690208696025e-05,2.9702769968187913e-05,3.230013671093218e-05,3.4915896430390076e-05,3.7550186332189795e-05,4.0203168954707526e-05,4.287502760552697e-05,4.5565962829324314e-05,4.8276189683237524e-05,5.100593564457581e-05,5.3755439012821216e-05,5.652494769847936e-05,5.931471831435347e-05,6.212501550324709e-05,6.49561114510003e-05,6.780828554445472e-05,7.068182414335397e-05,7.357702044197052e-05,7.649417440100632e-05,7.943359273640423e-05,8.239558895220398e-05,8.538048341017558e-05,8.838860342841755e-05,9.142028340451964e-05,9.447586495885442e-05,9.755569709541152e-05,0.00010066013637817819,0.00010378954711985641,0.00010694430158433788,0.0001101247802000226,0.00011333137178384334,0.00011656447377640712,0.00011982449248748466,0.00012311184335140588,0.00012642695119413044,0.00012977025050933856,0.00013314218574697877,0.0001365432116123543,0.00013997379337699043,0.0001434344072016468,0.00014692554047181266,0.00015044769214613671,0.00015400137311885102,0.00015758710659607585,0.0001612054284871512,0.00016485688781159218,0.00016854204712205394,0.00017226148294465293,0.00017601578623691231,0.0001798055628645965,0.00018363143409805247,0.00018749403712924268,0.00019139402561031745,0.00019533207021491076,0.00019930885922335266,0.0002033250991328267,0.00020738151529400468,0.00021147885257528752,0.0002156178760563569,0.00021979937175198918,0.00022402414736903464,0.00022829303309654332,0.000232606882432423,0.0002369665730476746,0.00024137300769051974,0.0002458271151331015,0.0002503298511618735,0.0002548821996161259,0.0002594851734753005,0.0002641398159992516,0.00026884720192411513,0.0002736084387172083,0.00027842466789371645,0.00028329706640027233,0.0002882268480680446,0.00029321526514026466,0.0002982636098788493,0.00030337321625452217,0.0003085454617262932,0.00031378176911557544,0.00031908360858039567,0.00032445249969821675,0.00032989001366193335,0.0003353977755977012,0.0003409774670132331,0.0003466308283844061,0.00035235966189005774,0.00035816583430522606,0.0003640512800632706,0.000370018004500029,0.00037606808729152814,0.00038220368609996565,0.00038842704044327584,0.00039474047580390575,0.00040114640799609005,0.00040764734780937665,0.00041424590595097433,0.00042094479830915107,0.0004277468515632402,0.0004346550091675007,0.0004416723377390743,0.0004488020338822752,0.0004560474314865731,0.0004634120095358979,0.0004708994004739509,0.00047851339917256703,0.00048625797255575834,0.0004941372699371015,0.0005021556341342353,0.0005103176134308712,0.0005186279744642481,0.0005270917161247525,0.0005357140845631366,0.000544500589411537,0.0005534570213380389,0.0005625894710656107,0.0005719043500039601,0.0005814084126589051,0.0005911087810044677,0.0006010129710251852,0.0006111289216623903,0.0006214650264273493,0.000632030167978201,0.0006428337559970168,0.0006538857687476027,0.0006651967987468474,0.000676778103042225,0.0006886416586575565,0.0007008002238513767,0.0007132674059236661,0.0007260577364210846,0.0007391867547179296,0.0007526711011036658,0.0007665286206881875,0.0007807784796508528,0.000795441295609773,0.0008105392841977204,0.0008260964242879262,0.0008421386447547022,0.0008586940361783016,0.0008757930915499103,0.0008934689808036662,0.000911757864966601,0.0009306992568884649,0.000950336436965359,0.000970716934079202,0.0009918930842377765,0.0010139226822309156,0.0010368697452278956,0.0010608054118129504,0.0010858090058534888,0.0011119693021802686,0.001139386040990347,0.0011681717508929565,0.0011984539577919225,0.0012303778798991119,0.0012421179325349796,0.0012765352894683149,0.0013130251479533095,0.0013518218839814872,0.0013931989351056002,0.001437477967107267,0.0014850405992082802,0.0015363436837956016,0.0015919395362377442,0.00165250313405949,0.0017188692791799687,0.0017920842461195926,0.0018734789062833073,0.0019647743230028856,0.002068237449585178,0.0021869156125081317,0.0023249966565947163,0.0024883698605409686,0.002685497791872359,0.002928710734826075,0.003235797415796494,0.0036305198905819593,0.004136853704239537,0.0043239063266478795,0.004323906326746271,0.004972442276485996,0.005676656464964444,0.0063623009749746795,0.006977524353295578,0.007499942623482833,0.007922430258949377,0.008240502169813346,0.00845197748178967,0.008563788358322376,0.008592251248570118,0.008557432652614853,0.008478317565876225,0.008370315129615362,0.008244688417600754,0.008109129541340491,0.00796869548971556,0.007826653622391537,0.007685103102279374,0.007545390804817913,0.007408378598901663,0.007274612952253954,0.007144432779036354,0.007018038664025092,0.006895537857357018,0.006776973919484881,0.006662346516628286,0.006551624810148659,0.006444756624172782,0.006341674796632584,0.006242301629774897,0.006146552046127326,0.0060543358540386125,0.0059655593963585125,0.005880126768285118,0.005797940732082659,0.005718903416796542,0.005642916863923988,0.005569883461453989,0.005499706295745711,0.005432289441701672,0.005367538205593779,0.0053053593303867335,0.005245661170587483,0.005188353841471681,0.005133349346197593,0.00508056168327555,0.005029906936406296,0.004981303348137692,0.0049346713785721275,0.00488993375028825,0.004847015480429099,0.004805843900965913,0.004766348668017038,0.004728461761138452,0.004692117473613694,0.004657252394346331,0.004623805382477287,0.004591717535544228,0.004560932151758323,0.0045313946874320455,0.004503052710152998,0.0044758558484099915,0.004449755738333835,0.004424705968109932,0.004400662020641122,0.00437758121491277,0.004355422646546904,0.004334147127928976,0.0043137171282479235,0.004294096713780298,0.00427525148869569,0.00425714853658824,0.004239756362984016,0.004223044838938783,0.004206985145920101,0.004191549722046461,0.004176712209805225,0.004162447405297663,0.004148731209077032,0.0041355405786056565,0.004122853482361263,0.004110648855588391,0.004098906557705109,0.0040876073313441605,0.004076732763008584,0.0040662652453186225,0.00405618794082108,0.004046484747316353,0.00403714026466712,0.004028139763051183,0.0040194691525939266,0.004011114954383613,0.0040030642727422105,0.0039953047687574334,0.003987824635076421,0.003980612571778085,0.003973657763409797,0.003966949857062996,0.003960478941480228,0.003954235527130139,0.003948210527220279,0.003942395239594863,0.003936781329482278,0.0039313608130569005,0.003926126041769373,0.003921069687413833,0.0039161847278992145,0.003911464433680843,0.003906902354844225,0.00390249230877722,0.003898228368425903,0.0038941048510983075,0.0038901163077936134,0.003886257513018727,0.0038825234550857114,0.003878909326852965,0.003875410516901029,0.003872022601092258,0.003868741334559045,0.0038655626440212494,0.0038624826204612483,0.0038594975121525586,0.003856603717980602,0.0038537977810775225,0.0038510763827411883,0.003848436336626446,0.003845874583197828,0.003843388184428179,0.003840974318734057,0.0038386302761350393,0.003836353453626003,0.003834141350755388,0.0038319915653948974,0.0038299017896948322,0.0038278698062170964,0.003825893484233817,0.0038239707761876887,0.0038220997143052246,0.0038202784073543606,0.0038185050375433923,0.0038167778575496723,0.003815095187675877,0.0038134554131273564,0.003811856981407149,0.00381029839981663,0.003808778233063013,0.003807295100969365,0.0038058476762776157,0.0038044346825431667,0.0038030548921258946,0.0038017071242456672,0.0038003902431373937,0.003799103156272775,0.0037978448126570717,0.003796614201196171,0.003795410349132903,0.003794232320538404,0.003793079214877702,0.0037919501656240935,0.0037908443389341536,0.0037897609323762384,0.003788699173704753,0.0037876583196922568,0.0037866376550067956,0.0037856364911284836,0.0037846541653127667,0.003783690039601835,0.003782743499860469,0.003781813954865051,0.0037809008354209926,0.00378000359351791,0.003779121701514733,0.0037782546513637654,0.0037774019538578596,0.003776563137910431,0.003775737749870316,0.0037749253528476796,0.003774125526081336,0.003773337864323622,0.0037725619772555436,0.003771797488910923,0.0037710440371399702,0.003770301273087064,0.003769568860678453,0.0037688464761486645,0.0037681338075712116,0.0037674305544129253,0.0037667364271039418,0.0037660511466253354,0.003765374444111434,0.0037647060604676357,0.003764045746008769,0.0037633932600964867,0.0037627483708074466,0.0037621108546033776,0.0037614804960193616,0.0037608570873584224,0.003760240428404412,0.0037596303261423123,0.003759026594485704,0.0037584290540244093,0.0037578375317704423,0.0037572518609212974,0.003756671880628859,0.0037560974357783356,0.0037555283767751386,0.003754964559339404,0.0037544058443091757,0.003753852097450452,0.003753303189274472,0.0037527589948615093,0.003752219393692077,0.0037516842694841853,0.003751153510035953,0.003750627007076965,0.003750104656119589,0.0037495863563212243,0.003749072010350488,0.0037485615242569895,0.0037480548073472956,0.0037475517720630424,0.0037470523338668333,0.0037465564111324556,0.0037460639250356154,0.003745574799452657,0.0037450889608571444,0.003744606338236238,0.003744126862984606,0.0037436504688180545,0.0037431770916981247,0.0037427066697425996,0.003742239143146941,0.003741774454109438,0.0037413125467577603,0.0037408533670792127,0.0037403968628508663,0.0037399429835758965,0.0037394916804203166,0.003739042906151739,0.0037385966150814817,0.003738152763008,0.0037377113071645155,0.0037372722061635227,0.003736835419948892,0.003736400909748142,0.003735968638023713,0.003735538568428601,0.0037351106657668217,0.003734684895945709,0.003734261225940519,0.0037338396237529088,0.0037334200583765947,0.0037330024997592904,0.0037325869187692902,0.00373217328716243,0.0037317615775485386,0.003731351763361353,0.003730943818833872,0.0037305377189604996,0.0037301334394762155,0.0037297309568259094,0.003729330248143452,0.0037289312912240163,0.00372853406450139,0.0037281385470240794,0.0037277447184348063,0.0037273525589480343,0.0037269620493306003,0.0037265731708809534,0.003726185905412107,0.0037258002352313054,0.0037254161431235894,0.003725033612333933,0.0037246526265535753,0.0037242731699013384,0.003723895226908132,0.003723518782507038,0.0037231438220138944,0.0037227703311161035,0.0037223982958602213,0.0037220277026379176,0.003721658538176519,0.003721290789523263,0.0037209244440374835,0.003720559489378422,0.0037201959134956896,0.0037198337046188703,0.0037194728512459146,0.0037191133421363054,0.003718755166303365,0.0037183983130011935,0.003718042771720016,0.003717688532176229,0.0037173355843061473,0.0037169839182576406,0.003716633524382216,0.0037162843932308526,0.00371593651554454,0.003715589882248841,0.0037152444844483663,0.0037149003134188197,0.0037145573606053757,0.003714215617612176,0.003713875076199997,0.003713535728280787,0.0037131975659123163,0.0037128605812935724,0.003712524766760115,0.0037121901147784205,0.0037118566179469366,0.0037115242689830306,0.003711193060727889,0.003710862986136349,0.003710534038276656,0.0037102062103265753,0.0037098794955666725,0.0037095538873835373,0.0037092293792609947,0.0037089059647788486,0.003708583637610277,0.0037082623915187947,0.0037079422203562438,0.0037076231180582855,0.0037073050786434873,0.0037069880962110812,0.0037066721649365968,0.003706357279071463,0.003706043432941946,0.0037057306209439377,0.003705418837544301,0.0037051080772724596,0.003704798334727459,0.003704489604570317,0.003704181881524448,0.0037038751603725804,0.0037035694359565394,0.0037032647031748035,0.003702960956980849,0.0037026581923824656,0.0037023564044404676,0.0037020555882655384,0.0037017557390206517,0.00370145685191306,0.003701158922200432,0.0037008619451884637,0.003700565916223218,0.003700270830700144,0.0036999766840537037,0.0036996834717602217,0.003699391189340747,0.003699099832353048,0.0036988093963949385,0.0036985198771017198,0.00369823127014674,0.003697943571242153,0.003697656776133057,0.0036973708805998875,0.0036970858804590105,0.003696801771559025,0.003696518549782194,0.003696236211042652,0.0036959547512864926,0.0036956741664898205,0.003695394452662053,0.003695115605839907,0.003694837622089669,0.0036945604975066187,0.0036942842282155766,0.00369400881036756,0.0036937342401408826,0.003693460513741348,0.0036931876274011693,0.0036929155773783263,0.0036926443599563027,0.0036923739714449276,0.003692104408175085,0.0036918356665058393,0.003691567742818603,0.0036913006335173968,0.003691034335032901,0.0036907688438155397,0.0036905041563388926,0.003690240269099311,0.0036899771786131808,0.0036897148814239175,0.0036894533740911965,0.0036891926531971778,0.0036889327153453405,0.0036886735571564993,0.0036884151752783864,0.003688157566375699,0.0036879007271305433,0.0036876446542466025,0.00368738934444576,0.003687134794470216,0.003686881001083221,0.003686627961064403,0.003686375671210729,0.003686124128339203,0.0036858733292836547,0.00368562327089713,0.0036853739500500703,0.00368512536363192,0.0036848775085470686,0.0036846303817180794,0.0036843839800852545,0.0036841383006037147,0.0036838933402486,0.0036836490960096796,0.0036834055648928337,0.00368316274392206,0.003682920630135531,0.0036826792205888175,0.0036824385123538353,0.0036821985025152866,0.0036819591881764166,0.0036817205664553777,0.0036814826344856045,0.0036812453894153473,0.003681008828408621,0.003680772948644138,0.003680537747315626,0.003680303221631571,0.003680069368815224,0.003679836186104285,0.003679603670750537,0.0036793718200216984,0.003679140631198118,0.0036789101015748953,0.0036786802284613455,0.003678451009180292,0.0036782224410675524,0.003677994521476485,0.003677767247769315,0.0036775406173260783,0.003677314627537453,0.003677089275808615,0.0036768645595573438,0.003676640476215191,0.0036764170232267243,0.003676194198050821,0.003675971998157926,0.0036757504210308965,0.0036755294641675927,0.0036753091250764512,0.0036750894012781373,0.0036748702903077277,0.0036746517897156285,0.0036744338970586357,0.0036742166099086714,0.003673999925849989,0.0036737838424793306,0.003673568357404156,0.003673353468246492,0.0036731391726379185,0.0036729254682233295,0.0036727123526588616,0.0036724998236127592,0.0036722878787632577,0.003672076515804907,0.0036718657324384973,0.003671655526380383,0.003671445895354979,0.0036712368371007126,0.0036710283493667523,0.003670820429912549,0.003670613076507515,0.0036704062869373517,0.0036702000589941574,0.003669994390481897,0.003669789279216023,0.003669584723022396,0.0036693807197387593,0.003669177267212764,0.0036689743633029136,0.003668772005877904,0.0036685701928167035,0.003668368922010995,0.003668168191362008,0.0036679679987797194,0.0036677683421847,0.00366756921951033,0.00366737062869787,0.003667172567699471,0.0036669750344764645,0.0036667780270028807,0.0036665815432607427,0.003666385581241554,0.0036661901389471088,0.0036659952143907716,0.00366580080559275,0.0036656069105867745,0.003665413527410462,0.0036652206541167324,0.0036650282887660383,0.0036648364294283625,0.0036646450741799896,0.0036644542211150756,0.0036642638683293616,0.0036640740139298107,0.003663884656032618,0.003663695792765261,0.003663507422262821,0.0036633195426679158,0.003663132152134622,0.0036629452488249866,0.003662758830910769,0.0036625728965717563,0.0036623874439966103,0.0036622024713831958,0.003662017976938485,0.003661833958877344,0.003661650415424343,0.003661467344811332,0.0036612847452799943,0.003661102615079774,0.0036609209524672928,0.003660739755711515,0.0036605590230861518,0.0036603787528766214,0.003660198943371575,0.00366001959287149,0.0036598406996856273,0.003659662262129198,0.003659484278526892,0.003659306747211159,0.003659129666522147,0.003658953034808691,0.0036587768504259934,0.003658601111739576,0.0036584258171211102,0.003658250964950367,0.003658076553615058,0.0036579025815104966,0.0036577290470396727,0.003657555948613266,0.003657383284650057,0.00365721105357484,0.0036570392538225614,0.0036568678838317993,0.0036566969420521057,0.003656526426938943,0.003656356336955227,0.0036561866705706204,0.0036560174262637232,0.003655848602519049,0.0036556801978278627,0.0036555122106901356,0.0036553446396117594,0.003655177483105832,0.003655010739692685,0.0036548444078985326,0.0036546784862597805,0.003654512973316576,0.003654347867615741,0.0036541831677143408,0.003654018872173274,0.003653854979559539,0.003653691488450058,0.0036535283974259035,0.0036533657050750023,0.0036532034099943664,0.0036530415107829256,0.0036528800060502335,0.0036527188944109694,0.0036525581744878363,0.0036523978449053934,0.003652237904299554,0.003652078351309376,0.003651919184582894,0.003651760402772998,0.003651602004538578,0.0036514439885452247,0.003651286353464393,0.003651129097973537,0.003650972220757653,0.0036508157205060216,0.0036506595959162375,0.003650503845687827,0.0036503484685301035,0.003650193463157267,0.003650038828288927,0.0036498845626512693,0.0036497306649747106,0.0036495771339990326,0.0036494239684669214,0.0036492711671263093,0.003649118728732928,0.0036489666520468853,0.0036488149358343564,0.0036486635788673906,0.003648512579923216,0.003648361937784912,0.0036483057386503728,0.0036483057386503728,0.0036483057386503728,0.0036483057386503728,0.0036483057386503723,0.0036483057386503723,0.0036483057386503723,0.0036483057386503723,0.0036483057386503723,0.0036483057386503723,0.0036483057386503723,0.0036483057386503728,0.0036483057386503728,0.0036483057386503728,0.0036483057386503728,0.0036483057386503728,0.0036483057386503728,0.0036483057386503728,0.0036483057386503728,0.0036483057386503728,0.0036483057386503728,0.0036483057386503728,0.0036483057386503728,0.0036483057386503728,0.0036483057386503728,0.0036483057386503728,0.0036483057386503723,0.0036483057386503723,0.0036483057386503723,0.0036483057386503723,0.0036483057386503723,0.0036483057386503723,0.0036483057386503723,0.0036483057386503723,0.003648305738650373,0.003648305738650373,0.003648305738650373,0.003648305738650373,0.003648305738650373,0.003648305738650373,0.003648305738650373,0.003648305738650373,0.003648305738650373,0.003648305738650373,0.003648305738650373,0.003648305738650373,0.003648305738650373,0.003648305738650373,0.003648305738650373,0.0036483057386503728,0.0036483057386503728,0.0036483057386503728,0.0036483057386503728,0.0036483057386503728,0.0036483057386503728,0.0036483057386503728,0.0036483057386503728,0.003648305738650373,0.003648305738650373,0.003648305738650373,0.003648305738650373,0.003648305738650373,0.003648305738650373,0.003648305738650373,0.0036483057386503728,0.0036483057386503728,0.0036483057386503728,0.0036483057386503728,0.0036483057386503728,0.0036483057386503728,0.0036483057386503728,0.0036483057386503728,0.0036483057386503723,0.0036483057386503723,0.0036483057386503723,0.0036483057386503723,0.0036483057386503723,0.0036483057386503723,0.0036483057386503723,0.0036483057386503728,0.0036483057386503728,0.0036483057386503728,0.0036483057386503728,0.0036483057386503728,0.0036483057386503728,0.0036483057386503728,0.0036483057386503728,0.0036483057386503723,0.0036483057386503723,0.0036483057386503723,0.0036483057386503723,0.0036483057386503723,0.0036483057386503723,0.0036483057386503723,0.003648305738650372,0.003648305738650372,0.003648305738650372,0.003648305738650372,0.003648305738650372,0.003648305738650372,0.003648305738650372,0.003648305738650372,0.0036483057386503728,0.0036483057386503728,0.0036483057386503728,0.0036483057386503728,0.0036483057386503728,0.0036483057386503728,0.0036483057386503728,0.0036483057386503723,0.0036483057386503723,0.0036483057386503723,0.0036483057386503723,0.0036483057386503723,0.0036483057386503723,0.0036483057386503723,0.0036483057386503723,0.0036483057386503728,0.0036483057386503728,0.0036483057386503728,0.0036483057386503728,0.0036483057386503728,0.0036483057386503728,0.0036483057386503728,0.0036483057386503728,0.0036483057386503723,0.0036483057386503723,0.0036483057386503723,0.0036483057386503723,0.0036483057386503723,0.0036483057386503723,0.0036483057386503723,0.0036483057386503728,0.0036483057386503728,0.0036483057386503728,0.0036483057386503728,0.0036483057386503728,0.0036483057386503728,0.0036483057386503728,0.0036483057386503728,0.003648305738650373,0.003648305738650373,0.003648305738650373,0.003648305738650373,0.003648305738650373,0.003648305738650373,0.003648305738650373,0.0036483057386503728,0.0036483057386503728,0.0036483057386503728,0.0036483057386503728,0.0036483057386503728,0.0036483057386503728,0.0036483057386503728,0.0036483057386503728,0.003648305738650373,0.003648305738650373,0.003648305738650373,0.003648305738650373,0.003648305738650373,0.003648305738650373,0.003648305738650373,0.0036483057386503728,0.0036483057386503728,0.0036483057386503728,0.0036483057386503728,0.0036483057386503728,0.0036483057386503728,0.0036483057386503728,0.0036483057386503728,0.0036483057386503723,0.0036483057386503723,0.0036483057386503723,0.0036483057386503723,0.0036483057386503723,0.0036483057386503723,0.0036483057386503723,0.003648305738650373,0.003648305738650373,0.003648305738650373,0.003648305738650373,0.003648305738650373,0.003648305738650373,0.003648305738650373,0.003648305738650373,0.0036483057386503728,0.0036483057386503728,0.0036483057386503728,0.0036483057386503728,0.0036483057386503728,0.0036483057386503728,0.0036483057386503728,0.0036483057386503723,0.0036483057386503723,0.0036483057386503723,0.0036483057386503723,0.0036483057386503723,0.0036483057386503723,0.0036483057386503723,0.0036483057386503723,0.0036483057386503728,0.0036483057386503728,0.0036483057386503728,0.0036483057386503728,0.0036483057386503728,0.0036483057386503728,0.0036483057386503728,0.0036483057386503728,0.0036483057386503723,0.0036483057386503723,0.0036483057386503723,0.0036483057386503723,0.0036483057386503723,0.0036483057386503723,0.0036483057386503723,0.0036483057386503728,0.003648305738650384,0.0036483057386503827,0.003648305738650382,0.003648305738650381,0.003648305738650383,0.003648305738650383,0.0036483057386503836,0.0036483057386503836,0.0036483057386503827,0.003648305738650383,0.003648305738650383,0.0036483057386503836,0.003648305738650382,0.0036483057386503823,0.003648305738650383,0.003648305738650384,0.003648305738650383,0.003648305738650383,0.0036483057386503836,0.0036483057386503827,0.003648305738650384,0.0036483057386503827,0.0036483057386503827,0.003648305738650383,0.003648305738650383,0.003648305738650383,0.003648305738650383,0.0036483057386503845,0.0036483057386503853,0.0036483057386503853,0.0036483057386503853,0.0036483057386503858,0.0036483057386503858,0.0036483057386503853,0.0036483057386503875,0.003648305738650387,0.003648305738650387,0.0036483057386503875,0.003648305738650387,0.003648305738650386,0.003648305738650387,0.0036483057386503858,0.0036483057386503875,0.0036483057386503875,0.0036483057386503866,0.003648305738650387,0.0036483057386503866,0.0036483057386503866,0.0036483057386503866,0.0036483057386503858,0.0036483057386503866,0.003648305738650387,0.0036483057386503875,0.0036483057386503866,0.0036483057386503858,0.0036483057386503875,0.0036483057386503866,0.003648305738650388,0.003648305738650388,0.0036483057386503866,0.0036483057386503866,0.0036483057386503875,0.0036483057386503875,0.003648305738650387,0.003648305738650387,0.0036483057386503875,0.0036483057386503875,0.0036483057386503866,0.0036483057386503875,0.0036483057386503875,0.0036483057386503866,0.0036483057386503866,0.0036483057386503866,0.003648305738650387,0.0036483057386503866,0.0036483057386503866,0.0036483057386503875,0.003648305738650387,0.003648305738650387,0.0036483057386503853,0.0036483057386503875,0.0036483057386503866,0.003648305738650387,0.0036483057386503875,0.0036483057386503875,0.0036483057386503866,0.003648305738650386,0.0036483057386503875,0.003648305738650385,0.0036483057386503866,0.003648305738650386,0.0036483057386503853,0.0036483057386503858,0.0036483057386503853,0.003648305738650385,0.003648305738650384,0.0036483057386503845,0.003648305738650385,0.003648305738650385,0.003648305738650384,0.003648305738650384,0.0036483057386503858,0.0036483057386503853,0.003648305738650385,0.003648305738650385,0.0036483057386503845,0.003648305738650384,0.0036483057386503836,0.0036483057386503845,0.0036483057386503845,0.0036483057386503836,0.0036483057386503858,0.0036483057386503858,0.0036483057386503836,0.0036483057386503836,0.0036483057386503836,0.003648305738650383,0.0036483057386503823,0.0036483057386503823,0.0036483057386503827,0.003648305738650383,0.003648305738650384,0.003648305738650381,0.003648305738650384,0.0036483057386503814,0.0036483057386503806,0.0036483057386503806,0.0036483057386503797,0.00364830573865038,0.0036483057386503814,0.003648305738650381,0.0036483057386503793,0.003648305738650381,0.003648305738650381,0.0036483057386503793,0.0036483057386503806,0.003648305738650381,0.0036483057386503806,0.0036483057386503814,0.00364830573865038,0.003648305738650381,0.0036483057386503806,0.0036483057386503806,0.0036483057386503806,0.00364830573865038,0.003648305738650381,0.00364830573865038,0.0036483057386503806,0.003648305738650381,0.0036483057386503806,0.0036483057386503797,0.00364830573865038,0.003648305738650381,0.00364830573865038,0.003648305738650381,0.0036483057386503814,0.0036483057386503797,0.0036483057386503793,0.0036483057386503793,0.0036483057386503797,0.00364830573865038,0.00364830573865038,0.003648305738650379,0.0036483057386503793,0.0036483057386503797,0.0036483057386503797,0.003648305738650379,0.0036483057386503797,0.0036483057386503797,0.0036483057386503775,0.0036483057386503793,0.0036483057386503784,0.00364830573865038,0.003648305738650379,0.003648305738650379,0.003648305738650379,0.003648305738650379,0.003648305738650379,0.003648305738650378,0.00364830573865038,0.0036483057386503797,0.0036483057386503793,0.0036483057386503793,0.003648305738650377,0.0036483057386503784,0.0036483057386503784,0.003648305738650379,0.0036483057386503784,0.0036483057386503793,0.0036483057386503793,0.003648305738650379,0.0036483057386503793,0.00364830573865038,0.0036483057386503797,0.0036483057386503797,0.003648305738650379,0.0036483057386503775,0.0036483057386503797,0.003648305738650379,0.0036483057386503793,0.0036483057386503797,0.0036483057386503793,0.0036483057386503806,0.0036483057386503797,0.0036483057386503797,0.00364830573865038,0.0036483057386503793,0.0036483057386503793,0.00364830573865038,0.003648305738650379,0.0036483057386503797,0.00364830573865038,0.003648305738650379,0.0036483057386503797,0.0036483057386503806,0.0036483057386503793,0.0036483057386503797,0.0036483057386503793,0.0036483057386503793,0.00364830573865038,0.00364830573865038,0.0036483057386503797,0.00364830573865038,0.003648305738650379,0.0036483057386503793,0.003648305738650378,0.0036483057386503784,0.0036483057386503784,0.0036483057386503784,0.0036483057386503784,0.0036483057386503797,0.0036483057386503797,0.003648305738650379,0.003648305738650379,0.0036483057386503793,0.0036483057386503793,0.0036483057386503793,0.0036483057386503793,0.0036483057386503784,0.0036483057386503793,0.0036483057386503793,0.0036483057386503793,0.0036483057386503797,0.0036483057386503797,0.0036483057386503784,0.0036483057386503793,0.003648305738650379,0.003648305738650379,0.003648305738650381,0.0036483057386503784,0.0036483057386503797,0.0036483057386503797,0.003648305738650379,0.0036483057386503793,0.0036483057386503797,0.0036483057386503784,0.003648305738650379,0.0036483057386503793,0.0036483057386503784,0.003648305738650379,0.0036483057386503784,0.003648305738650378,0.0036483057386503797,0.003648305738650378,0.0036483057386503784,0.0036483057386503784,0.0036483057386503793,0.003648305738650378,0.003648305738650377,0.003648305738650379,0.0036483057386503793,0.0036483057386503767,0.0036483057386503775,0.0036483057386503784,0.0036483057386503793,0.003648305738650378,0.003648305738650379,0.0036483057386503793,0.003648305738650379,0.00364830573865038,0.003648305738650379,0.0036483057386503793,0.0036483057386503784,0.0036483057386503784,0.003648305738650379,0.0036483057386503784,0.003648305738650378,0.0036483057386503793,0.0036483057386503806,0.003648305738650378,0.0036483057386503797,0.00364830573865038,0.003648305738650379,0.0036483057386503793,0.003648305738650379,0.003648305738650379,0.0036483057386503797,0.003648305738650379,0.0036483057386503797,0.00364830573865038,0.0036483057386503797,0.0036483057386503793,0.0036483057386503797,0.003648305738650379,0.00364830573865038,0.003648305738650379,0.003648305738650379,0.0036483057386503797,0.003648305738650379,0.0036483057386503797,0.0036483057386503793,0.0036483057386503797,0.00364830573865038,0.0036483057386503784,0.0036483057386503784,0.0036483057386503793,0.00364830573865038,0.00364830573865038,0.003648305738650379,0.0036483057386503793,0.003648305738650379,0.0036483057386503797,0.0036483057386503793,0.003648305738650378,0.003648305738650379,0.003648305738650376,0.0036483057386503814,0.003648305738650381,0.00364830573865038,0.003648305738650381,0.0036483057386503806,0.0036483057386503814,0.00364830573865038,0.0036483057386503806,0.0036483057386503806,0.0036483057386503814,0.0036483057386503806,0.0036483057386503814,0.003648305738650381,0.0036483057386503806,0.0036483057386503806,0.0036483057386503814,0.0036483057386503793,0.00364830573865038,0.003648305738650381,0.0036483057386503806,0.003648305738650381,0.0036483057386503806,0.0036483057386503814,0.0036483057386503814,0.0036483057386503806,0.003648305738650381,0.0036483057386503806,0.003648305738650381,0.00364830573865038,0.0036483057386503806,0.00364830573865038,0.0036483057386503797,0.0036483057386503806,0.003648305738650381,0.0036483057386503806,0.003648305738650381,0.00364830573865038,0.00364830573865038,0.0036483057386503806,0.0036483057386503814,0.0036483057386503797,0.003648305738650381,0.0036483057386503814,0.0036483057386503806,0.003648305738650381,0.003648305738650381,0.00364830573865038,0.0036483057386503793,0.003648305738650381,0.0036483057386503797,0.00364830573865038,0.003648305738650381,0.00364830573865038,0.00364830573865038,0.00364830573865038,0.0036483057386503806,0.003648305738650381,0.00364830573865038,0.003648305738650381,0.0036483057386503806,0.0036483057386503797,0.0036483057386503814,0.0036483057386503814,0.0036483057386503806,0.0036483057386503814,0.0036483057386503814,0.0036483057386503806,0.00364830573865038,0.0036483057386503806,0.0036483057386503806,0.0036483057386503806,0.0036483057386503806,0.0036483057386503797,0.00364830573865038,0.0036483057386503793,0.0036483057386503793,0.0036483057386503806,0.0036483057386503814,0.00364830573865038,0.0036483057386503814,0.0036483057386503806,0.003648305738650381,0.003648305738650381,0.0036483057386503814,0.00364830573865038,0.003648305738650381,0.0036483057386503806,0.0036483057386503793,0.003648305738650381,0.00364830573865038,0.00364830573865038,0.003648305738650381,0.0036483057386503814,0.0036483057386503814,0.003648305738650382,0.0036483057386503806,0.0036483057386503797,0.0036483057386503823,0.003648305738650383,0.0036483057386503827,0.0036483057386503827,0.0036483057386503823,0.0036483057386503823,0.0036483057386503823,0.0036483057386503836,0.003648305738650382,0.0036483057386503827,0.0036483057386503827,0.003648305738650384,0.0036483057386503823,0.003648305738650383,0.0036483057386503845,0.003648305738650383,0.0036483057386503827,0.003648305738650384,0.0036483057386503845,0.003648305738650382,0.003648305738650383,0.0036483057386503827,0.003648305738650383,0.0036483057386503853,0.003648305738650383,0.003648305738650383,0.003648305738650382,0.003648305738650382,0.0036483057386503836,0.0036483057386503836,0.0036483057386503827,0.0036483057386503827,0.0036483057386503836,0.0036483057386503836,0.003648305738650384,0.003648305738650383,0.0036483057386503836,0.0036483057386503836,0.0036483057386503823,0.0036483057386503827,0.0036483057386503836,0.0036483057386503827,0.003648305738650383,0.0036483057386503827,0.003648305738650383,0.0036483057386503836,0.003648305738650383,0.003648305738650383,0.0036483057386503823,0.003648305738650383,0.003648305738650383,0.0036483057386503836,0.0036483057386503823,0.0036483057386503823,0.0036483057386503827,0.0036483057386503823,0.0036483057386503814,0.003648305738650382,0.0036483057386503814,0.003648305738650382,0.0036483057386503827,0.003648305738650382,0.0036483057386503827,0.0036483057386503823,0.0036483057386503823,0.003648305738650383,0.0036483057386503827,0.0036483057386503827,0.0036483057386503823,0.0036483057386503823,0.0036483057386503823,0.003648305738650382,0.0036483057386503823,0.0036483057386503827,0.003648305738650382,0.0036483057386503827,0.0036483057386503814,0.0036483057386503814,0.0036483057386503814,0.0036483057386503814,0.0036483057386503823,0.0036483057386503827,0.0036483057386503823,0.003648305738650382,0.0036483057386503814,0.0036483057386503823,0.0036483057386503823,0.0036483057386503814,0.003648305738650381,0.0036483057386503823,0.003648305738650382,0.0036483057386503806,0.003648305738650382,0.003648305738650383,0.0036483057386503827,0.003648305738650382,0.003648305738650383,0.003648305738650382,0.003648305738650381,0.003648305738650383,0.003648305738650383,0.003648305738650383,0.0036483057386503827,0.0036483057386503827,0.003648305738650383,0.0036483057386503827,0.003648305738650383,0.0036483057386503836,0.003648305738650383,0.0036483057386503836,0.0036483057386503827,0.0036483057386503836,0.003648305738650383,0.003648305738650383,0.003648305738650383,0.0036483057386503836,0.003648305738650385,0.0036483057386503827,0.0036483057386503836,0.0036483057386503823,0.0036483057386503827,0.0036483057386503836,0.003648305738650383,0.0036483057386503827,0.0036483057386503827,0.003648305738650383,0.0036483057386503827,0.003648305738650383,0.0036483057386503836,0.0036483057386503845,0.003648305738650383,0.003648305738650383,0.003648305738650383,0.0036483057386503836,0.003648305738650384,0.0036483057386503836,0.0036483057386503853,0.003648305738650385,0.003648305738650384,0.0036483057386503836,0.003648305738650383,0.003648305738650383,0.0036483057386503845,0.0036483057386503836,0.0036483057386503836,0.0036483057386503845,0.0036483057386503836,0.003648305738650385,0.0036483057386503845,0.003648305738650383,0.003648305738650384,0.0036483057386503836,0.0036483057386503845,0.003648305738650384,0.003648305738650384,0.0036483057386503836,0.0036483057386503853,0.0036483057386503845,0.003648305738650384,0.0036483057386503836,0.0036483057386503858,0.0036483057386503858,0.003648305738650386,0.0036483057386503858,0.003648305738650386,0.003648305738650386,0.0036483057386503858,0.003648305738650385,0.003648305738650386,0.0036483057386503858,0.0036483057386503836,0.0036483057386503853,0.0036483057386503858,0.003648305738650386,0.0036483057386503845,0.0036483057386503845,0.0036483057386503853,0.003648305738650386,0.003648305738650386,0.0036483057386503858,0.0036483057386503858,0.0036483057386503853,0.003648305738650385,0.0036483057386503858,0.0036483057386503858,0.0036483057386503866,0.0036483057386503866,0.003648305738650386,0.0036483057386503866,0.0036483057386503866,0.0036483057386503858,0.0036483057386503866,0.003648305738650386,0.003648305738650387,0.0036483057386503853,0.003648305738650387,0.003648305738650386,0.0036483057386503853,0.003648305738650386,0.0036483057386503845,0.003648305738650386,0.0036483057386503858,0.0036483057386503858,0.0036483057386503858,0.0036483057386503858,0.003648305738650385,0.003648305738650385,0.0036483057386503845,0.003648305738650384,0.0036483057386503836,0.0036483057386503858,0.003648305738650386,0.003648305738650384,0.0036483057386503858,0.003648305738650384,0.003648305738650385,0.0036483057386503836,0.003648305738650384,0.003648305738650385,0.0036483057386503845,0.003648305738650396,0.003648305738650392,0.0036483057386503923,0.003648305738650393,0.003648305738650393,0.0036483057386503936,0.0036483057386503923,0.0036483057386503927,0.003648305738650393,0.003648305738650393,0.0036483057386503936,0.003648305738650393,0.003648305738650393,0.0036483057386503927,0.0036483057386503957,0.003648305738650393,0.0036483057386503927,0.0036483057386503923,0.003648305738650394,0.0036483057386503936,0.0036483057386503936,0.0036483057386503944,0.003648305738650394,0.0036483057386503944,0.003648305738650393,0.0036483057386503944,0.003648305738650394,0.0036483057386503944,0.0036483057386503953,0.003648305738650394,0.0036483057386503944,0.003648305738650394,0.003648305738650394,0.0036483057386503953,0.003648305738650394,0.0036483057386503944,0.003648305738650395,0.0036483057386503944,0.003648305738650394,0.0036483057386503953,0.0036483057386503953,0.003648305738650394,0.003648305738650395,0.003648305738650395,0.0036483057386503944,0.0036483057386503957,0.0036483057386503927,0.003648305738650396,0.0036483057386503944,0.003648305738650394,0.0036483057386503944,0.0036483057386503957,0.0036483057386503953,0.003648305738650397,0.0036483057386503966,0.0036483057386503975,0.003648305738650397,0.003648305738650397,0.0036483057386503983,0.0036483057386503957,0.0036483057386503983,0.003648305738650395,0.0036483057386503953,0.003648305738650398,0.003648305738650398,0.0036483057386503966,0.0036483057386503957,0.0036483057386503957,0.0036483057386503975,0.0036483057386503975,0.0036483057386503957,0.0036483057386503957,0.0036483057386503957,0.0036483057386503966,0.003648305738650396,0.003648305738650396,0.0036483057386503966,0.0036483057386503953,0.0036483057386503957,0.0036483057386503953,0.0036483057386503953,0.0036483057386503953,0.0036483057386503957,0.003648305738650396,0.003648305738650395,0.003648305738650396,0.003648305738650396,0.003648305738650395,0.0036483057386503953,0.003648305738650394,0.0036483057386503936,0.003648305738650395,0.0036483057386503944,0.003648305738650395,0.0036483057386503957,0.0036483057386503936,0.003648305738650396,0.0036483057386503957,0.0036483057386503966,0.003648305738650396,0.003648305738650396,0.003648305738650396,0.0036483057386503957,0.003648305738650396,0.003648305738650396,0.0036483057386503944,0.003648305738650398,0.0036483057386503975,0.003648305738650397,0.0036483057386503966,0.0036483057386503966,0.0036483057386503975,0.0036483057386503957,0.0036483057386503953,0.0036483057386503957,0.003648305738650396,0.003648305738650396,0.003648305738650396,0.0036483057386503966,0.0036483057386503957,0.003648305738650397,0.003648305738650396,0.0036483057386503957,0.003648305738650396,0.003648305738650396,0.0036483057386503957,0.003648305738650396,0.0036483057386503953,0.0036483057386503966,0.0036483057386503957,0.0036483057386503953,0.003648305738650395,0.003648305738650395,0.0036483057386503953,0.003648305738650396,0.003648305738650396,0.003648305738650396,0.003648305738650395,0.0036483057386503966,0.0036483057386503975,0.003648305738650397,0.0036483057386503975,0.0036483057386503975,0.003648305738650396,0.0036483057386503966,0.003648305738650397,0.003648305738650397,0.003648305738650397,0.003648305738650397,0.0036483057386503966,0.0036483057386503966,0.0036483057386503975,0.003648305738650397,0.003648305738650398,0.0036483057386503975,0.003648305738650398,0.0036483057386503957,0.0036483057386503966,0.0036483057386503957,0.0036483057386503957,0.003648305738650396,0.0036483057386503957,0.0036483057386503957,0.0036483057386503953,0.0036483057386503953,0.003648305738650395,0.003648305738650395,0.0036483057386503944,0.003648305738650396,0.0036483057386503957,0.0036483057386503957,0.0036483057386503966,0.003648305738650397,0.0036483057386503957,0.0036483057386503966,0.0036483057386503975,0.0036483057386503975,0.003648305738650397,0.0036483057386503975,0.003648305738650398,0.003648305738650397,0.003648305738650397,0.0036483057386503975,0.003648305738650398,0.0036483057386503975,0.003648305738650396,0.003648305738650396,0.003648305738650396,0.0036483057386503957,0.0036483057386503966,0.0036483057386503953,0.0036483057386503975,0.003648305738650393,0.0036483057386503953,0.0036483057386503957,0.0036483057386503957,0.003648305738650396,0.0036483057386503957,0.003648305738650395,0.0036483057386503966,0.003648305738650397,0.0036483057386503966,0.0036483057386503975,0.0036483057386503966,0.003648305738650397,0.0036483057386503975,0.003648305738650397,0.0036483057386503966,0.003648305738650397,0.003648305738650397,0.0036483057386503927,0.0036483057386503957,0.003648305738650397,0.0036483057386503966,0.003648305738650397,0.0036483057386503966,0.003648305738650397,0.0036483057386503957,0.003648305738650397,0.0036483057386503966,0.003648305738650397,0.003648305738650396,0.0036483057386503966,0.0036483057386503966,0.0036483057386503966,0.0036483057386503975,0.0036483057386503966,0.0036483057386503966,0.0036483057386503983,0.003648305738650396,0.003648305738650398,0.003648305738650397,0.003648305738650397,0.0036483057386503966,0.003648305738650398,0.003648305738650398,0.0036483057386503957,0.003648305738650396,0.0036483057386503957,0.003648305738650396,0.003648305738650396,0.003648305738650396,0.0036483057386503957,0.0036483057386503957,0.0036483057386503957,0.0036483057386503957,0.003648305738650395,0.0036483057386503953,0.0036483057386503966,0.0036483057386503966,0.003648305738650396,0.003648305738650397,0.0036483057386503957,0.003648305738650395,0.0036483057386503983,0.0036483057386503957,0.003648305738650397,0.003648305738650397,0.0036483057386503988,0.0036483057386503957,0.0036483057386503966,0.003648305738650396,0.0036483057386503927,0.003648305738650394,0.0036483057386503944,0.003648305738650393,0.003648305738650393,0.003648305738650394,0.0036483057386503944,0.003648305738650394,0.0036483057386503953,0.0036483057386503957,0.0036483057386503953,0.0036483057386503953,0.003648305738650394,0.0036483057386503944,0.0036483057386503944,0.003648305738650395,0.0036483057386503953,0.0036483057386503957,0.0036483057386503957,0.0036483057386503953,0.003648305738650394,0.003648305738650395,0.0036483057386503957,0.0036483057386503944,0.003648305738650395,0.0036483057386503953,0.0036483057386503953,0.0036483057386503953,0.003648305738650394,0.0036483057386503953,0.0036483057386503936,0.0036483057386503944,0.003648305738650395,0.0036483057386503936,0.003648305738650395,0.003648305738650394,0.003648305738650395,0.003648305738650394,0.003648305738650394,0.003648305738650395,0.0036483057386503953,0.0036483057386503953,0.0036483057386503953,0.0036483057386503944,0.0036483057386503944,0.0036483057386503957,0.0036483057386503957,0.0036483057386503953,0.003648305738650395,0.003648305738650397,0.0036483057386503966,0.003648305738650397,0.003648305738650395,0.0036483057386503953,0.0036483057386503957,0.0036483057386503953,0.0036483057386503966,0.0036483057386503953,0.0036483057386503966,0.003648305738650396,0.003648305738650394,0.0036483057386503953,0.0036483057386503944,0.0036483057386503957,0.0036483057386503957,0.0036483057386503953,0.0036483057386503953,0.003648305738650395,0.0036483057386503953,0.0036483057386503953,0.0036483057386503953,0.0036483057386503953,0.0036483057386503944,0.003648305738650395,0.0036483057386503953,0.0036483057386503953,0.0036483057386503957,0.0036483057386503953,0.0036483057386503957,0.0036483057386503953,0.0036483057386503975,0.0036483057386503966,0.0036483057386503957,0.0036483057386503966,0.0036483057386503957,0.0036483057386503957,0.0036483057386503966,0.0036483057386503975,0.0036483057386503975,0.0036483057386503953,0.0036483057386503953,0.003648305738650395,0.0036483057386503927,0.0036483057386503975,0.003648305738650396,0.003648305738650397,0.0036483057386503953,0.0036483057386503966,0.0036483057386503975,0.0036483057386503975,0.0036483057386503953,0.0036483057386503975,0.0036483057386503953,0.0036483057386503975,0.0036483057386503975,0.0036483057386503897,0.003648305738650396,0.003648305738650398,0.003648305738650395,0.003648305738650396,0.003648305738650396,0.0036483057386503957,0.003648305738650396,0.0036483057386503944,0.0036483057386503975,0.0036483057386503966,0.003648305738650397,0.003648305738650397,0.0036483057386503966,0.0036483057386503975,0.003648305738650397,0.0036483057386503966,0.0036483057386503966,0.0036483057386503966,0.003648305738650397,0.0036483057386503966,0.0036483057386503966,0.003648305738650396,0.003648305738650396,0.0036483057386503953,0.0036483057386503957,0.003648305738650397,0.003648305738650397,0.003648305738650397,0.003648305738650397,0.003648305738650397,0.003648305738650397,0.0036483057386503966,0.0036483057386503966,0.0036483057386503975,0.0036483057386503966,0.0036483057386503988,0.003648305738650396,0.003648305738650396,0.0036483057386503957,0.0036483057386503966,0.003648305738650398,0.0036483057386503966,0.0036483057386503957,0.0036483057386503953,0.003648305738650396,0.003648305738650396,0.0036483057386503957,0.0036483057386503953,0.0036483057386503953,0.003648305738650395,0.003648305738650401,0.0036483057386503966,0.003648305738650396,0.0036483057386503966,0.0036483057386503975,0.003648305738650397,0.003648305738650398,0.0036483057386503975,0.0036483057386503975,0.003648305738650398,0.0036483057386503966,0.003648305738650396,0.0036483057386503966,0.0036483057386503957,0.003648305738650396,0.0036483057386503966,0.003648305738650396,0.003648305738650396,0.003648305738650396,0.003648305738650396,0.0036483057386503957,0.0036483057386503957,0.003648305738650396,0.003648305738650396,0.003648305738650396,0.0036483057386503957,0.0036483057386503953,0.0036483057386503957,0.0036483057386503957,0.0036483057386503957,0.0036483057386503957,0.003648305738650396,0.003648305738650395,0.003648305738650395,0.0036483057386503957,0.0036483057386503953,0.003648305738650395,0.0036483057386503966,0.003648305738650397,0.0036483057386503966,0.0036483057386503975,0.0036483057386503966,0.0036483057386503966,0.003648305738650397,0.0036483057386503975,0.003648305738650397,0.003648305738650396,0.003648305738650397,0.003648305738650397,0.0036483057386503966,0.0036483057386503975,0.003648305738650397,0.0036483057386503966,0.0036483057386503975,0.0036483057386503975,0.003648305738650397,0.003648305738650398,0.0036483057386503975,0.0036483057386503975,0.0036483057386503975,0.003648305738650397,0.0036483057386503975,0.003648305738650397,0.003648305738650398,0.003648305738650397,0.0036483057386503975,0.0036483057386503957,0.003648305738650397,0.003648305738650397,0.003648305738650398,0.003648305738650397,0.003648305738650398,0.0036483057386503983,0.003648305738650398,0.0036483057386503975,0.0036483057386503975,0.003648305738650397,0.003648305738650397,0.0036483057386503966,0.0036483057386503975,0.003648305738650397,0.003648305738650397,0.0036483057386503975,0.0036483057386503966,0.0036483057386503953,0.0036483057386503957,0.0036483057386503957,0.0036483057386503953,0.0036483057386503957,0.003648305738650398,0.003648305738650395,0.0036483057386503957,0.003648305738650397,0.0036483057386503953,0.003648305738650395,0.0036483057386503966,0.0036483057386503957,0.0036483057386503953,0.003648305738650398,0.003648305738650396,0.0036483057386503966,0.0036483057386503966,0.003648305738650397,0.003648305738650397,0.0036483057386503966,0.003648305738650397,0.003648305738650397,0.0036483057386503975,0.003648305738650397,0.0036483057386503966,0.0036483057386503966,0.003648305738650397,0.003648305738650398,0.003648305738650397,0.003648305738650397,0.0036483057386503966,0.0036483057386503975,0.003648305738650396,0.0036483057386503966,0.0036483057386503966,0.003648305738650398,0.0036483057386503975,0.0036483057386503966,0.003648305738650397,0.0036483057386503983,0.003648305738650399,0.003648305738650397,0.0036483057386503975,0.0036483057386503957,0.003648305738650396,0.003648305738650396,0.0036483057386503957,0.003648305738650397,0.0036483057386503966,0.0036483057386503966,0.0036483057386503966,0.003648305738650397,0.0036483057386503966,0.003648305738650396,0.0036483057386503966,0.003648305738650397,0.0036483057386503966,0.0036483057386503975,0.003648305738650396,0.0036483057386503966,0.0036483057386503975,0.003648305738650397,0.003648305738650396,0.0036483057386503957,0.0036483057386503957,0.003648305738650396,0.0036483057386503957,0.003648305738650396,0.0036483057386503957,0.0036483057386503957,0.003648305738650396,0.0036483057386503953,0.0036483057386503957,0.0036483057386503957,0.003648305738650396,0.0036483057386503953,0.0036483057386503953,0.0036483057386503953,0.0036483057386503953,0.0036483057386503966,0.003648305738650397,0.0036483057386503966,0.003648305738650397,0.0036483057386503953,0.0036483057386503944,0.003648305738650395,0.003648305738650395,0.0036483057386503953,0.0036483057386503953,0.003648305738650395,0.003648305738650395,0.0036483057386503953,0.003648305738650395,0.003648305738650396,0.003648305738650395,0.0036483057386503953,0.003648305738650395,0.0036483057386503957,0.0036483057386503944,0.0036483057386503944,0.0036483057386503953,0.0036483057386503944,0.0036483057386503944,0.0036483057386503944,0.0036483057386503944,0.0036483057386503953,0.003648305738650395,0.0036483057386503953,0.0036483057386503957,0.0036483057386503957,0.003648305738650394,0.003648305738650395,0.003648305738650393,0.0036483057386503953,0.0036483057386503953,0.0036483057386503957,0.0036483057386503953,0.0036483057386503953,0.003648305738650395,0.003648305738650395,0.0036483057386503944,0.003648305738650395,0.0036483057386503957,0.0036483057386503953,0.0036483057386503953,0.0036483057386503944,0.003648305738650397,0.0036483057386503957,0.003648305738650395,0.0036483057386503953,0.0036483057386503953,0.0036483057386503957,0.0036483057386503936,0.003648305738650396,0.0036483057386503953,0.003648305738650395,0.003648305738650395,0.003648305738650396,0.0036483057386503957,0.0036483057386503957,0.0036483057386503953,0.0036483057386503957,0.003648305738650395,0.0036483057386503957,0.0036483057386503953,0.003648305738650395,0.003648305738650395,0.0036483057386503957,0.0036483057386503975,0.0036483057386503966,0.003648305738650397,0.003648305738650395,0.0036483057386503975,0.0036483057386503953,0.003648305738650396,0.003648305738650397,0.003648305738650396,0.0036483057386503957,0.003648305738650396,0.003648305738650397,0.0036483057386503953,0.0036483057386503953,0.003648305738650395,0.0036483057386503953,0.003648305738650396,0.0036483057386503957,0.0036483057386503953,0.0036483057386503953,0.0036483057386503966,0.003648305738650395,0.0036483057386503966,0.0036483057386503936,0.0036483057386503966,0.003648305738650396,0.003648305738650394,0.0036483057386503957,0.0036483057386503953,0.0036483057386503953,0.0036483057386503953,0.003648305738650396,0.0036483057386503953,0.0036483057386503988,0.0036483057386503953,0.0036483057386503953,0.003648305738650396,0.003648305738650396,0.0036483057386503966,0.0036483057386503966,0.003648305738650396,0.0036483057386503957,0.0036483057386503957,0.003648305738650395,0.0036483057386503975,0.0036483057386503966,0.003648305738650396,0.0036483057386503957,0.003648305738650396,0.0036483057386503966,0.0036483057386503966,0.003648305738650396,0.003648305738650396,0.003648305738650396,0.0036483057386503957,0.0036483057386503953,0.0036483057386503953,0.0036483057386503953,0.003648305738650395,0.0036483057386503953,0.0036483057386503953,0.0036483057386503957,0.0036483057386503953,0.003648305738650397,0.0036483057386503944,0.003648305738650396,0.0036483057386503957,0.0036483057386503953,0.003648305738650395,0.003648305738650396,0.003648305738650396,0.003648305738650395,0.003648305738650397,0.003648305738650397,0.003648305738650397,0.0036483057386503966,0.003648305738650397,0.0036483057386503966,0.0036483057386503966,0.0036483057386503975,0.0036483057386503966,0.003648305738650397,0.003648305738650397,0.0036483057386503988,0.003648305738650397,0.003648305738650397,0.0036483057386503966,0.003648305738650398,0.003648305738650398,0.0036483057386503975,0.003648305738650398,0.0036483057386503975,0.0036483057386503975,0.003648305738650398,0.003648305738650398,0.0036483057386503975,0.0036483057386503983,0.003648305738650396,0.0036483057386503983,0.0036483057386503983,0.0036483057386503975,0.003648305738650398,0.0036483057386503983,0.003648305738650397,0.0036483057386503975,0.003648305738650398,0.0036483057386503975,0.003648305738650398,0.0036483057386503975,0.0036483057386503975,0.0036483057386503988,0.0036483057386503975,0.003648305738650398,0.003648305738650397,0.003648305738650399,0.003648305738650399,0.0036483057386503983,0.003648305738650398,0.003648305738650398,0.003648305738650399,0.003648305738650398,0.003648305738650397,0.003648305738650398,0.0036483057386503988,0.0036483057386503983,0.0036483057386503988,0.0036483057386503983,0.0036483057386503975,0.0036483057386503983,0.0036483057386503983,0.0036483057386503988,0.003648305738650399,0.003648305738650399,0.0036483057386503983,0.0036483057386503988,0.0036483057386503975,0.003648305738650398,0.003648305738650399,0.003648305738650399,0.0036483057386503988,0.0036483057386503983,0.0036483057386503983,0.003648305738650398,0.003648305738650399,0.0036483057386503983,0.0036483057386503988,0.003648305738650399,0.003648305738650399,0.0036483057386503983,0.0036483057386503988,0.003648305738650398,0.003648305738650398,0.0036483057386503983,0.0036483057386503988,0.0036483057386503988,0.0036483057386504,0.0036483057386503997,0.003648305738650399,0.0036483057386503983,0.0036483057386503983,0.003648305738650399,0.0036483057386503997,0.0036483057386503988,0.0036483057386503997,0.0036483057386503997,0.003648305738650399,0.0036483057386503997,0.0036483057386503997,0.0036483057386503988,0.003648305738650399,0.0036483057386503988,0.003648305738650399,0.003648305738650399,0.003648305738650399,0.0036483057386503997,0.0036483057386503988,0.0036483057386503988,0.0036483057386503997,0.003648305738650399,0.0036483057386503988,0.0036483057386503997,0.003648305738650399,0.003648305738650399,0.003648305738650398,0.0036483057386504,0.003648305738650398,0.003648305738650398,0.0036483057386503975,0.0036483057386504,0.003648305738650399,0.003648305738650397,0.0036483057386503988,0.0036483057386503988,0.0036483057386503975,0.0036483057386503988,0.0036483057386503988,0.0036483057386503975,0.0036483057386503983,0.003648305738650398,0.0036483057386503975,0.003648305738650398,0.003648305738650398,0.0036483057386503975,0.003648305738650398,0.0036483057386503983,0.0036483057386503988,0.0036483057386503975,0.0036483057386503988,0.0036483057386503975,0.003648305738650397,0.003648305738650398,0.0036483057386503988,0.003648305738650397,0.0036483057386503975,0.0036483057386503983,0.0036483057386503975,0.0036483057386503975,0.0036483057386503975,0.0036483057386503975,0.0036483057386503975,0.0036483057386503975,0.0036483057386503966,0.0036483057386503983,0.003648305738650398,0.003648305738650398,0.003648305738650396,0.003648305738650396,0.0036483057386503983,0.0036483057386503975,0.003648305738650398,0.0036483057386503983,0.0036483057386503975,0.003648305738650397,0.003648305738650398,0.003648305738650398,0.0036483057386503975,0.003648305738650398,0.0036483057386503975,0.0036483057386503975,0.0036483057386503975,0.0036483057386503975,0.003648305738650398,0.003648305738650398,0.0036483057386503975,0.003648305738650397,0.003648305738650397,0.003648305738650398,0.0036483057386503966,0.003648305738650398,0.0036483057386503975,0.003648305738650398,0.0036483057386503975,0.003648305738650396,0.003648305738650396,0.0036483057386503953,0.003648305738650396,0.003648305738650396,0.0036483057386503966,0.0036483057386503983,0.003648305738650397,0.0036483057386503975,0.003648305738650397,0.003648305738650397,0.0036483057386503966,0.0036483057386503966,0.0036483057386503966,0.0036483057386503975,0.0036483057386503966,0.0036483057386503983,0.0036483057386503975,0.003648305738650396,0.003648305738650398,0.0036483057386503966,0.0036483057386503975,0.003648305738650398,0.003648305738650398,0.0036483057386503975,0.003648305738650398,0.0036483057386503975,0.003648305738650398,0.003648305738650398,0.003648305738650397,0.003648305738650397,0.0036483057386503975,0.0036483057386503975,0.003648305738650395,0.003648305738650396,0.003648305738650396,0.003648305738650396,0.0036483057386503957,0.003648305738650396,0.003648305738650396,0.003648305738650396,0.0036483057386503953,0.0036483057386503953,0.0036483057386503975,0.003648305738650397,0.003648305738650397,0.0036483057386503966,0.003648305738650397,0.003648305738650397,0.003648305738650396,0.003648305738650397,0.003648305738650397,0.003648305738650397,0.0036483057386503975,0.0036483057386503953,0.0036483057386503975,0.0036483057386503975,0.0036483057386503966,0.003648305738650397,0.0036483057386503975,0.0036483057386503975,0.0036483057386503975,0.0036483057386503957,0.0036483057386503957,0.003648305738650396,0.0036483057386503957,0.0036483057386503953,0.0036483057386503966,0.0036483057386503966,0.0036483057386503975,0.003648305738650397,0.0036483057386503914,0.003648305738650395,0.003648305738650396,0.0036483057386503944,0.0036483057386503966,0.0036483057386503975,0.0036483057386503944,0.003648305738650396,0.003648305738650414,0.0036483057386504257,0.0036483057386504235,0.0036483057386504257,0.0036483057386504252,0.003648305738650425,0.0036483057386504252,0.0036483057386504252,0.0036483057386504257,0.0036483057386504257,0.003648305738650426,0.0036483057386504265,0.0036483057386504252,0.003648305738650426,0.0036483057386504257,0.0036483057386504252,0.003648305738650425,0.003648305738650426,0.003648305738650426,0.0036483057386504257,0.0036483057386504257,0.0036483057386504257,0.0036483057386504257,0.0036483057386504274,0.0036483057386504274,0.0036483057386504274,0.003648305738650427,0.0036483057386504274,0.003648305738650426,0.0036483057386504274,0.0036483057386504257,0.003648305738650426,0.0036483057386504257,0.0036483057386504257,0.003648305738650426,0.003648305738650427,0.0036483057386504265,0.0036483057386504274,0.0036483057386504265,0.0036483057386504265,0.003648305738650426,0.0036483057386504265,0.0036483057386504265,0.0036483057386504252,0.003648305738650428,0.003648305738650428,0.003648305738650428,0.003648305738650427,0.0036483057386504265,0.003648305738650427,0.0036483057386504283,0.0036483057386504274,0.003648305738650426,0.003648305738650426,0.0036483057386504274,0.0036483057386504287,0.0036483057386504283,0.0036483057386504283,0.003648305738650427,0.003648305738650427,0.003648305738650428,0.0036483057386504287,0.003648305738650428,0.0036483057386504274,0.0036483057386504283,0.0036483057386504283,0.003648305738650429,0.0036483057386504296,0.0036483057386504283,0.0036483057386504283,0.0036483057386504283,0.0036483057386504287,0.0036483057386504296,0.0036483057386504274,0.003648305738650429,0.0036483057386504296,0.0036483057386504283,0.003648305738650428,0.0036483057386504287,0.003648305738650429,0.0036483057386504274,0.003648305738650428,0.0036483057386504283,0.0036483057386504274,0.003648305738650429,0.0036483057386504296,0.0036483057386504283,0.003648305738650428,0.0036483057386504274,0.0036483057386504283,0.0036483057386504287,0.0036483057386504283,0.0036483057386504287,0.003648305738650428,0.0036483057386504283,0.003648305738650428,0.0036483057386504283,0.0036483057386504283,0.0036483057386504283,0.0036483057386504274,0.0036483057386504283,0.0036483057386504274,0.0036483057386504283,0.003648305738650428,0.0036483057386504283,0.003648305738650428,0.0036483057386504283,0.003648305738650428,0.003648305738650426,0.0036483057386504274,0.003648305738650428,0.003648305738650428,0.0036483057386504283,0.003648305738650427,0.0036483057386504274,0.0036483057386504274,0.003648305738650428,0.0036483057386504283,0.0036483057386504274,0.0036483057386504283,0.0036483057386504274,0.003648305738650428,0.0036483057386504283,0.0036483057386504274,0.0036483057386504283,0.003648305738650428,0.003648305738650428,0.0036483057386504283,0.0036483057386504274,0.0036483057386504287,0.0036483057386504274,0.003648305738650428,0.0036483057386504283,0.0036483057386504274,0.0036483057386504283,0.0036483057386504274,0.0036483057386504283,0.0036483057386504257,0.003648305738650426,0.0036483057386504265,0.0036483057386504283,0.0036483057386504283,0.0036483057386504274,0.0036483057386504274,0.0036483057386504274,0.003648305738650428,0.0036483057386504274,0.003648305738650427,0.0036483057386504287,0.0036483057386504283,0.003648305738650426,0.003648305738650428,0.0036483057386504274,0.003648305738650427,0.0036483057386504283,0.003648305738650428,0.0036483057386504283,0.0036483057386504265,0.003648305738650428,0.0036483057386504283,0.0036483057386504274,0.0036483057386504252,0.0036483057386504265,0.003648305738650426,0.003648305738650427,0.0036483057386504265,0.003648305738650427,0.0036483057386504257,0.003648305738650428,0.003648305738650426,0.003648305738650428,0.0036483057386504274,0.003648305738650428,0.0036483057386504257,0.0036483057386504283,0.0036483057386504252,0.0036483057386504283,0.0036483057386504257,0.003648305738650427,0.003648305738650428,0.003648305738650428,0.0036483057386504274,0.003648305738650426,0.0036483057386504274,0.0036483057386504283,0.003648305738650428,0.003648305738650428,0.0036483057386504283,0.003648305738650427,0.0036483057386504265,0.0036483057386504274,0.003648305738650428,0.003648305738650427,0.0036483057386504283,0.003648305738650428,0.003648305738650428,0.0036483057386504274,0.0036483057386504265,0.003648305738650429,0.003648305738650427,0.0036483057386504283,0.003648305738650428,0.003648305738650428,0.003648305738650428,0.003648305738650428,0.003648305738650428,0.003648305738650428,0.0036483057386504283,0.003648305738650428,0.003648305738650428,0.0036483057386504274,0.003648305738650427,0.003648305738650428,0.0036483057386504287,0.0036483057386504274,0.003648305738650428,0.0036483057386504283,0.0036483057386504283,0.0036483057386504296,0.003648305738650429,0.003648305738650429,0.003648305738650427,0.0036483057386504283,0.0036483057386504274,0.003648305738650428,0.003648305738650428,0.0036483057386504283,0.003648305738650428,0.0036483057386504274,0.0036483057386504283,0.003648305738650428,0.003648305738650428,0.0036483057386504283,0.003648305738650429,0.003648305738650428,0.003648305738650428,0.003648305738650428,0.003648305738650428,0.0036483057386504283,0.003648305738650428,0.0036483057386504296,0.0036483057386504274,0.0036483057386504274,0.003648305738650428,0.003648305738650429,0.0036483057386504265,0.003648305738650427,0.0036483057386504265,0.0036483057386504274,0.0036483057386504287,0.003648305738650428,0.003648305738650428,0.003648305738650429,0.0036483057386504287,0.003648305738650428,0.0036483057386504283,0.003648305738650427,0.0036483057386504283,0.0036483057386504274,0.0036483057386504283,0.0036483057386504287,0.0036483057386504287,0.0036483057386504283,0.0036483057386504283,0.0036483057386504296,0.003648305738650429,0.0036483057386504296,0.0036483057386504296,0.0036483057386504287,0.0036483057386504283,0.003648305738650429,0.0036483057386504283,0.003648305738650428,0.0036483057386504283,0.003648305738650429,0.0036483057386504287,0.0036483057386504283,0.0036483057386504283,0.0036483057386504287,0.003648305738650429,0.0036483057386504283,0.003648305738650429,0.0036483057386504296,0.0036483057386504287,0.0036483057386504283,0.003648305738650429,0.0036483057386504313,0.003648305738650428,0.0036483057386504283,0.0036483057386504287,0.003648305738650429,0.003648305738650429,0.0036483057386504283,0.0036483057386504283,0.0036483057386504283,0.00364830573865043,0.00364830573865043,0.0036483057386504296,0.0036483057386504283,0.0036483057386504287,0.003648305738650431,0.0036483057386504304,0.0036483057386504313,0.0036483057386504313,0.0036483057386504304,0.0036483057386504313,0.003648305738650432,0.0036483057386504317,0.00364830573865043,0.0036483057386504304,0.00364830573865043,0.0036483057386504296,0.003648305738650429,0.0036483057386504274,0.0036483057386504296,0.003648305738650429,0.00364830573865043,0.0036483057386504296,0.0036483057386504287,0.0036483057386504296,0.0036483057386504313,0.0036483057386504296,0.0036483057386504287,0.003648305738650429,0.003648305738650429,0.0036483057386504296,0.0036483057386504287,0.003648305738650429,0.0036483057386504296,0.003648305738650429,0.0036483057386504287,0.003648305738650429,0.003648305738650429,0.0036483057386504296,0.0036483057386504296,0.0036483057386504296,0.0036483057386504287,0.003648305738650429,0.0036483057386504296,0.003648305738650429,0.0036483057386504304,0.00364830573865043,0.0036483057386504304,0.00364830573865043,0.0036483057386504304,0.0036483057386504304,0.0036483057386504296,0.0036483057386504287,0.00364830573865043,0.003648305738650429,0.0036483057386504296,0.0036483057386504296,0.0036483057386504296,0.003648305738650431,0.0036483057386504304,0.003648305738650429,0.0036483057386504287,0.0036483057386504304,0.00364830573865043,0.003648305738650431,0.0036483057386504304,0.0036483057386504296,0.00364830573865043,0.003648305738650429,0.003648305738650429,0.00364830573865043,0.003648305738650429,0.0036483057386504296,0.00364830573865043,0.0036483057386504296,0.0036483057386504296,0.003648305738650428,0.0036483057386504296,0.0036483057386504283,0.0036483057386504283,0.003648305738650429,0.003648305738650429,0.0036483057386504296,0.0036483057386504296,0.0036483057386504296,0.0036483057386504313,0.0036483057386504317,0.0036483057386504317,0.0036483057386504317,0.00364830573865043,0.00364830573865043,0.0036483057386504317,0.0036483057386504296,0.0036483057386504296,0.0036483057386504296,0.00364830573865043,0.00364830573865043,0.0036483057386504287,0.003648305738650431,0.003648305738650431,0.003648305738650431,0.0036483057386504304,0.003648305738650431,0.0036483057386504313,0.003648305738650431,0.0036483057386504304,0.0036483057386504313,0.0036483057386504296,0.00364830573865043,0.00364830573865043,0.0036483057386504304,0.0036483057386504283,0.0036483057386504296,0.00364830573865043,0.0036483057386504296,0.003648305738650431,0.00364830573865043,0.0036483057386504296,0.003648305738650429,0.0036483057386504313,0.003648305738650431,0.0036483057386504304,0.003648305738650431,0.003648305738650431,0.003648305738650431,0.0036483057386504313,0.0036483057386504313,0.0036483057386504313,0.0036483057386504304,0.0036483057386504317,0.0036483057386504304,0.00364830573865043,0.003648305738650429,0.0036483057386504296,0.00364830573865043,0.003648305738650429,0.0036483057386504296,0.00364830573865043,0.003648305738650431,0.00364830573865043,0.00364830573865043,0.00364830573865043,0.00364830573865043,0.0036483057386504296,0.0036483057386504287,0.003648305738650429,0.0036483057386504296,0.003648305738650429,0.0036483057386504296,0.003648305738650429,0.003648305738650429,0.0036483057386504287,0.003648305738650431,0.0036483057386504313,0.003648305738650431,0.003648305738650431,0.0036483057386504313,0.003648305738650431,0.003648305738650431,0.0036483057386504317,0.0036483057386504317,0.003648305738650431,0.0036483057386504304,0.0036483057386504304,0.00364830573865043,0.003648305738650429,0.0036483057386504296,0.0036483057386504296,0.00364830573865043,0.00364830573865043,0.0036483057386504304,0.0036483057386504304,0.0036483057386504317,0.0036483057386504287,0.0036483057386504304,0.00364830573865043,0.0036483057386504296,0.00364830573865043,0.00364830573865043,0.0036483057386504304,0.0036483057386504304,0.00364830573865043,0.00364830573865043,0.0036483057386504304,0.0036483057386504304,0.00364830573865043,0.0036483057386504304,0.003648305738650429,0.003648305738650431,0.003648305738650429,0.0036483057386504313,0.0036483057386504313,0.003648305738650431,0.0036483057386504313,0.0036483057386504317,0.0036483057386504313,0.003648305738650431,0.003648305738650431,0.0036483057386504313,0.0036483057386504304,0.003648305738650431,0.003648305738650431,0.003648305738650431,0.0036483057386504313,0.0036483057386504317,0.0036483057386504296,0.0036483057386504304,0.003648305738650431,0.0036483057386504313,0.0036483057386504317,0.003648305738650431,0.0036483057386504317,0.003648305738650431,0.003648305738650431,0.0036483057386504313,0.003648305738650432,0.0036483057386504317,0.0036483057386504317,0.003648305738650431,0.0036483057386504313,0.0036483057386504317,0.0036483057386504304,0.003648305738650431,0.003648305738650432,0.0036483057386504317,0.0036483057386504313,0.0036483057386504326,0.003648305738650432,0.0036483057386504326,0.003648305738650432,0.003648305738650433,0.003648305738650432,0.0036483057386504326,0.003648305738650432,0.003648305738650433,0.0036483057386504335,0.003648305738650433,0.0036483057386504326,0.0036483057386504335,0.003648305738650433,0.0036483057386504326,0.0036483057386504326,0.0036483057386504326,0.0036483057386504326,0.0036483057386504335,0.003648305738650434,0.003648305738650433,0.003648305738650432,0.003648305738650433,0.003648305738650433,0.0036483057386504326,0.0036483057386504326,0.0036483057386504326,0.0036483057386504335,0.003648305738650434,0.003648305738650433,0.0036483057386504326,0.003648305738650434,0.0036483057386504343,0.0036483057386504326,0.003648305738650433,0.003648305738650433,0.003648305738650432,0.0036483057386504335,0.003648305738650433,0.003648305738650432,0.003648305738650433,0.0036483057386504335,0.003648305738650433,0.0036483057386504313,0.0036483057386504313,0.0036483057386504313,0.0036483057386504317,0.00364830573865043,0.00364830573865043,0.00364830573865043,0.00364830573865043,0.00364830573865043,0.0036483057386504296,0.00364830573865043,0.00364830573865043,0.0036483057386504296,0.0036483057386504296,0.003648305738650429,0.0036483057386504287,0.003648305738650429,0.0036483057386504296,0.0036483057386504287,0.0036483057386504296,0.003648305738650429,0.003648305738650431,0.0036483057386504313,0.003648305738650431,0.003648305738650431,0.003648305738650431,0.0036483057386504317,0.0036483057386504317,0.003648305738650432,0.003648305738650432,0.0036483057386504317,0.0036483057386504343,0.0036483057386504317,0.003648305738650432,0.0036483057386504313,0.003648305738650433,0.0036483057386504343,0.0036483057386504335,0.003648305738650432,0.0036483057386504313,0.003648305738650432,0.0036483057386504326,0.003648305738650432,0.003648305738650432,0.003648305738650433,0.0036483057386504326,0.0036483057386504326,0.0036483057386504317,0.0036483057386504296,0.0036483057386504317,0.0036483057386504317,0.0036483057386504304,0.003648305738650431,0.0036483057386504313,0.0036483057386504296,0.003648305738650429,0.00364830573865043,0.0036483057386504296,0.0036483057386504296,0.0036483057386504296,0.0036483057386504296,0.0036483057386504287,0.00364830573865043,0.0036483057386504313,0.0036483057386504304,0.00364830573865043,0.0036483057386504296,0.0036483057386504317,0.003648305738650431,0.003648305738650431,0.0036483057386504287,0.0036483057386504296,0.0036483057386504296,0.0036483057386504287,0.003648305738650428,0.00364830573865043,0.00364830573865043,0.00364830573865043,0.003648305738650429,0.0036483057386504296,0.0036483057386504296,0.0036483057386504296,0.0036483057386504283,0.00364830573865043,0.0036483057386504287,0.00364830573865043,0.0036483057386504287,0.003648305738650428,0.0036483057386504287,0.0036483057386504287,0.0036483057386504313,0.003648305738650429,0.0036483057386504296,0.0036483057386504296,0.003648305738650431,0.0036483057386504296,0.0036483057386504304,0.00364830573865043,0.0036483057386504296,0.003648305738650429,0.0036483057386504296,0.0036483057386504274,0.003648305738650429,0.00364830573865043,0.003648305738650429,0.003648305738650429,0.0036483057386504287,0.003648305738650429,0.0036483057386504296,0.0036483057386504287,0.0036483057386504283,0.003648305738650429,0.00364830573865043,0.00364830573865043,0.0036483057386504296,0.0036483057386504283,0.0036483057386504283,0.003648305738650429,0.0036483057386504283,0.003648305738650429,0.0036483057386504287,0.0036483057386504313,0.003648305738650431,0.0036483057386504313,0.0036483057386504317,0.0036483057386504317,0.0036483057386504313,0.003648305738650431,0.003648305738650432,0.0036483057386504313,0.003648305738650434,0.0036483057386504317,0.0036483057386504317,0.0036483057386504317,0.0036483057386504343,0.0036483057386504313,0.0036483057386504317,0.003648305738650431,0.0036483057386504313,0.003648305738650431,0.0036483057386504313,0.0036483057386504313,0.003648305738650431,0.0036483057386504304,0.0036483057386504304,0.003648305738650431,0.0036483057386504313,0.0036483057386504304,0.0036483057386504313,0.0036483057386504317,0.003648305738650431,0.0036483057386504313,0.0036483057386504317,0.003648305738650432,0.00364830573865043,0.0036483057386504304,0.0036483057386504304,0.0036483057386504296,0.0036483057386504304,0.0036483057386504313,0.0036483057386504304,0.003648305738650431,0.003648305738650432,0.0036483057386504304,0.0036483057386504304,0.0036483057386504287,0.0036483057386504287,0.003648305738650431,0.003648305738650431,0.0036483057386504313,0.00364830573865043,0.00364830573865043,0.00364830573865043,0.00364830573865043,0.00364830573865043,0.00364830573865043,0.0036483057386504304,0.0036483057386504296,0.0036483057386504296,0.0036483057386504296,0.00364830573865043,0.00364830573865043,0.0036483057386504296,0.00364830573865043,0.0036483057386504296,0.0036483057386504296,0.0036483057386504296,0.003648305738650431,0.0036483057386504313,0.0036483057386504304,0.00364830573865043,0.00364830573865043,0.00364830573865043,0.003648305738650429,0.0036483057386504296,0.003648305738650428,0.003648305738650429,0.0036483057386504304,0.0036483057386504296,0.003648305738650428,0.0036483057386504283,0.0036483057386504356,0.003648305738650432,0.003648305738650432,0.003648305738650432,0.0036483057386504317,0.003648305738650431,0.0036483057386504304,0.003648305738650432,0.0036483057386504296,0.0036483057386504296,0.0036483057386504296,0.00364830573865043,0.0036483057386504287,0.003648305738650429,0.00364830573865043,0.003648305738650429,0.0036483057386504287,0.003648305738650429,0.0036483057386504304,0.003648305738650429,0.003648305738650431,0.0036483057386504313,0.003648305738650432,0.003648305738650431,0.0036483057386504304,0.0036483057386504313,0.0036483057386504313,0.0036483057386504313,0.0036483057386504304,0.0036483057386504317,0.0036483057386504304,0.00364830573865043,0.003648305738650431,0.003648305738650431,0.0036483057386504304,0.0036483057386504304,0.003648305738650431,0.003648305738650431,0.0036483057386504313,0.003648305738650431,0.003648305738650431,0.0036483057386504313,0.0036483057386504304,0.003648305738650431,0.0036483057386504313,0.00364830573865043,0.0036483057386504296,0.0036483057386504296,0.00364830573865043,0.0036483057386504304,0.0036483057386504296,0.0036483057386504296,0.003648305738650429,0.0036483057386504304,0.00364830573865043,0.00364830573865043,0.0036483057386504304,0.0036483057386504304,0.0036483057386504296,0.0036483057386504296,0.00364830573865043,0.003648305738650429,0.003648305738650429,0.003648305738650431,0.003648305738650431,0.003648305738650431,0.0036483057386504304,0.00364830573865043,0.00364830573865043,0.0036483057386504313,0.0036483057386504304,0.0036483057386504313,0.0036483057386504313,0.003648305738650431,0.0036483057386504304,0.0036483057386504304,0.003648305738650431,0.0036483057386504317,0.003648305738650432,0.0036483057386504317,0.003648305738650432,0.0036483057386504313,0.003648305738650431,0.003648305738650432,0.003648305738650432,0.003648305738650432,0.0036483057386504304,0.0036483057386504304,0.0036483057386504304,0.003648305738650432,0.003648305738650433,0.00364830573865043,0.0036483057386504317,0.00364830573865043,0.0036483057386504313,0.0036483057386504317,0.0036483057386504313,0.0036483057386504317,0.0036483057386504313,0.0036483057386504317,0.0036483057386504317,0.0036483057386504313,0.0036483057386504317,0.0036483057386504313,0.0036483057386504313,0.0036483057386504317,0.0036483057386504304,0.003648305738650431,0.003648305738650431,0.003648305738650432,0.003648305738650432,0.0036483057386504317,0.0036483057386504317,0.0036483057386504317,0.003648305738650431,0.003648305738650434,0.0036483057386504304,0.0036483057386504313,0.0036483057386504317,0.0036483057386504317,0.0036483057386504313,0.0036483057386504335,0.0036483057386504326,0.0036483057386504296,0.0036483057386504317,0.0036483057386504313,0.0036483057386504313,0.0036483057386504317,0.003648305738650431,0.0036483057386504326,0.0036483057386504313,0.003648305738650432,0.0036483057386504317,0.0036483057386504317,0.003648305738650432,0.003648305738650431,0.0036483057386504313,0.0036483057386504335,0.0036483057386504304,0.0036483057386504317,0.0036483057386504317,0.0036483057386504317,0.0036483057386504317,0.003648305738650432,0.003648305738650431,0.0036483057386504317,0.0036483057386504317,0.0036483057386504313,0.0036483057386504313,0.0036483057386504313,0.0036483057386504313,0.003648305738650432,0.0036483057386504313,0.0036483057386504326,0.0036483057386504326,0.0036483057386504313,0.0036483057386504317,0.0036483057386504317,0.003648305738650432,0.003648305738650434,0.0036483057386504317,0.0036483057386504313,0.003648305738650432,0.003648305738650432,0.0036483057386504317,0.0036483057386504335,0.003648305738650434,0.003648305738650433,0.003648305738650434,0.003648305738650433,0.0036483057386504335,0.003648305738650432,0.0036483057386504326,0.003648305738650432,0.0036483057386504335,0.0036483057386504326,0.0036483057386504317,0.003648305738650432,0.0036483057386504326,0.003648305738650433,0.0036483057386504313,0.0036483057386504326,0.003648305738650432,0.0036483057386504326,0.003648305738650432,0.0036483057386504326,0.0036483057386504317,0.003648305738650433,0.003648305738650433,0.0036483057386504313,0.003648305738650432,0.0036483057386504326,0.0036483057386504317,0.003648305738650432,0.0036483057386504317,0.0036483057386504313,0.0036483057386504313,0.003648305738650433,0.003648305738650432,0.0036483057386504326,0.003648305738650432,0.0036483057386504313,0.0036483057386504326,0.003648305738650431,0.003648305738650432,0.0036483057386504326,0.003648305738650432,0.003648305738650432,0.003648305738650433,0.003648305738650432,0.0036483057386504313,0.0036483057386504326,0.003648305738650432,0.0036483057386504335,0.0036483057386504317,0.003648305738650432,0.003648305738650434,0.0036483057386504326,0.0036483057386504317,0.0036483057386504317,0.0036483057386504326,0.0036483057386504326,0.003648305738650432,0.0036483057386504313,0.0036483057386504313,0.003648305738650432,0.0036483057386504317,0.0036483057386504317,0.0036483057386504317,0.0036483057386504317,0.003648305738650432,0.0036483057386504313,0.0036483057386504313,0.003648305738650432,0.003648305738650432,0.0036483057386504326,0.003648305738650432,0.003648305738650433,0.0036483057386504335,0.0036483057386504335,0.0036483057386504335,0.0036483057386504335,0.0036483057386504335,0.003648305738650433,0.003648305738650434,0.003648305738650434,0.0036483057386504335,0.003648305738650433,0.003648305738650434,0.003648305738650433,0.003648305738650434,0.0036483057386504326,0.0036483057386504326,0.0036483057386504326,0.0036483057386504335,0.0036483057386504326,0.0036483057386504335,0.0036483057386504326,0.0036483057386504326,0.003648305738650433,0.0036483057386504335,0.003648305738650433,0.003648305738650433,0.003648305738650434,0.003648305738650434,0.003648305738650434,0.003648305738650434,0.003648305738650434,0.0036483057386504335,0.0036483057386504343,0.003648305738650433,0.003648305738650434,0.003648305738650434,0.0036483057386504335,0.003648305738650434,0.0036483057386504335,0.0036483057386504335,0.003648305738650434,0.0036483057386504343,0.003648305738650434,0.003648305738650435,0.0036483057386504343,0.003648305738650434,0.0036483057386504335,0.003648305738650435,0.0036483057386504343,0.003648305738650434,0.0036483057386504326,0.0036483057386504348,0.0036483057386504335,0.003648305738650434,0.0036483057386504343,0.003648305738650431,0.0036483057386504313,0.003648305738650432,0.0036483057386504317,0.0036483057386504317,0.0036483057386504317,0.0036483057386504317,0.0036483057386504326,0.0036483057386504313,0.0036483057386504326,0.0036483057386504317,0.003648305738650432,0.0036483057386504313,0.0036483057386504317,0.003648305738650432,0.0036483057386504313,0.0036483057386504317,0.003648305738650432,0.0036483057386504304,0.0036483057386504304,0.0036483057386504313,0.0036483057386504317,0.0036483057386504317,0.0036483057386504317,0.0036483057386504317,0.003648305738650432,0.0036483057386504326,0.0036483057386504326,0.0036483057386504317,0.0036483057386504313,0.0036483057386504317,0.003648305738650431,0.0036483057386504335,0.0036483057386504326,0.0036483057386504313,0.0036483057386504313,0.0036483057386504313,0.003648305738650432,0.0036483057386504313,0.003648305738650432,0.0036483057386504317,0.0036483057386504317,0.0036483057386504317,0.0036483057386504313,0.0036483057386504317,0.0036483057386504317,0.003648305738650431,0.0036483057386504313,0.003648305738650432,0.003648305738650432,0.0036483057386504326,0.0036483057386504326,0.003648305738650432,0.0036483057386504317,0.0036483057386504326,0.0036483057386504317,0.0036483057386504326,0.0036483057386504317,0.0036483057386504317,0.0036483057386504335,0.003648305738650434,0.0036483057386504317,0.003648305738650432,0.0036483057386504326,0.003648305738650433,0.0036483057386504335,0.0036483057386504313,0.003648305738650432,0.003648305738650434,0.0036483057386504326,0.0036483057386504348,0.003648305738650433,0.0036483057386504343,0.003648305738650434,0.003648305738650434,0.003648305738650434,0.0036483057386504335,0.003648305738650434,0.003648305738650433,0.003648305738650433,0.0036483057386504335,0.0036483057386504335,0.0036483057386504326,0.0036483057386504317,0.003648305738650434,0.0036483057386504335,0.003648305738650434,0.003648305738650435,0.0036483057386504356,0.003648305738650435,0.0036483057386504356,0.0036483057386504335,0.003648305738650435,0.0036483057386504356,0.003648305738650434,0.0036483057386504343,0.0036483057386504343,0.0036483057386504348,0.0036483057386504343,0.003648305738650434,0.003648305738650435,0.0036483057386504387,0.0036483057386504395,0.0036483057386504395,0.003648305738650438,0.0036483057386504387,0.003648305738650438,0.003648305738650438,0.0036483057386504404,0.003648305738650439,0.0036483057386504387,0.003648305738650439,0.0036483057386504382,0.0036483057386504374,0.003648305738650437,0.003648305738650438,0.0036483057386504374,0.0036483057386504374,0.003648305738650438,0.003648305738650437,0.0036483057386504382,0.003648305738650438,0.003648305738650438,0.003648305738650438,0.003648305738650438,0.0036483057386504382,0.003648305738650438,0.003648305738650438,0.0036483057386504374,0.003648305738650438,0.003648305738650438,0.003648305738650437,0.0036483057386504374,0.0036483057386504374,0.0036483057386504365,0.0036483057386504374,0.003648305738650437,0.0036483057386504374,0.003648305738650438,0.0036483057386504374,0.0036483057386504374,0.0036483057386504374,0.0036483057386504387,0.0036483057386504387,0.003648305738650439,0.0036483057386504404,0.00364830573865044,0.0036483057386504404,0.0036483057386504413,0.003648305738650441,0.0036483057386504413,0.003648305738650441,0.0036483057386504417,0.0036483057386504417,0.00364830573865044,0.003648305738650441,0.0036483057386504404,0.0036483057386504404,0.0036483057386504413,0.0036483057386504417,0.0036483057386504413,0.00364830573865044,0.0036483057386504417,0.0036483057386504417,0.0036483057386504417,0.0036483057386504417,0.003648305738650442,0.0036483057386504413,0.0036483057386504404,0.0036483057386504395,0.0036483057386504413,0.003648305738650442,0.003648305738650442,0.0036483057386504413,0.0036483057386504417,0.0036483057386504417,0.0036483057386504417,0.0036483057386504413,0.003648305738650441,0.003648305738650441,0.0036483057386504413,0.0036483057386504417,0.003648305738650443,0.003648305738650442,0.0036483057386504417,0.003648305738650443,0.003648305738650442,0.003648305738650442,0.0036483057386504426,0.003648305738650442,0.0036483057386504417,0.0036483057386504413,0.003648305738650443,0.003648305738650444,0.0036483057386504413,0.0036483057386504426,0.003648305738650442,0.003648305738650442,0.0036483057386504287,0.0036483057386504374,0.0036483057386504395,0.003648305738650439,0.0036483057386504395,0.00364830573865044,0.0036483057386504382,0.003648305738650439,0.0036483057386504387,0.0036483057386504387,0.003648305738650439,0.003648305738650439,0.0036483057386504382,0.0036483057386504382,0.0036483057386504382,0.0036483057386504382,0.003648305738650439,0.003648305738650439,0.0036483057386504404,0.003648305738650439,0.0036483057386504382,0.0036483057386504374,0.0036483057386504382,0.0036483057386504387,0.003648305738650438,0.003648305738650439,0.0036483057386504387,0.0036483057386504365,0.0036483057386504374,0.003648305738650439,0.003648305738650438,0.003648305738650438,0.003648305738650438,0.0036483057386504387,0.003648305738650437,0.0036483057386504374,0.003648305738650438,0.0036483057386504387,0.0036483057386504387,0.0036483057386504374,0.0036483057386504387,0.0036483057386504382,0.0036483057386504387,0.0036483057386504382,0.0036483057386504387,0.0036483057386504382,0.0036483057386504382,0.003648305738650438,0.0036483057386504374,0.0036483057386504382,0.003648305738650437,0.0036483057386504382,0.003648305738650438,0.0036483057386504374,0.003648305738650438,0.0036483057386504374,0.003648305738650438,0.0036483057386504374,0.0036483057386504374,0.0036483057386504374,0.0036483057386504382,0.003648305738650438,0.003648305738650437,0.003648305738650437,0.003648305738650437,0.0036483057386504374,0.003648305738650437,0.003648305738650437,0.003648305738650436,0.003648305738650437,0.0036483057386504382,0.003648305738650438,0.003648305738650437,0.0036483057386504374,0.003648305738650438,0.003648305738650438,0.0036483057386504374,0.003648305738650437,0.0036483057386504374,0.0036483057386504382,0.003648305738650438,0.0036483057386504374,0.003648305738650438,0.0036483057386504382,0.003648305738650438,0.0036483057386504387,0.0036483057386504382,0.003648305738650436,0.0036483057386504374,0.0036483057386504382,0.0036483057386504382,0.003648305738650438,0.003648305738650438,0.003648305738650438,0.003648305738650438,0.0036483057386504374,0.003648305738650439,0.003648305738650438,0.0036483057386504387,0.0036483057386504374,0.0036483057386504387,0.003648305738650438,0.0036483057386504382,0.0036483057386504374,0.0036483057386504374,0.0036483057386504382,0.003648305738650438,0.0036483057386504382,0.003648305738650438,0.00364830573865044,0.003648305738650437,0.003648305738650438,0.003648305738650437,0.0036483057386504356,0.0036483057386504356,0.003648305738650436,0.0036483057386504356,0.003648305738650436,0.003648305738650437,0.003648305738650436,0.0036483057386504365,0.003648305738650436,0.0036483057386504374,0.0036483057386504356,0.0036483057386504382,0.003648305738650437,0.003648305738650438,0.0036483057386504365,0.0036483057386504374,0.003648305738650437,0.0036483057386504356,0.003648305738650437,0.003648305738650437,0.003648305738650437,0.0036483057386504356,0.0036483057386504374,0.0036483057386504365,0.003648305738650436,0.003648305738650435,0.0036483057386504356,0.0036483057386504374,0.003648305738650436,0.0036483057386504356,0.0036483057386504365,0.0036483057386504356,0.0036483057386504365,0.0036483057386504356,0.0036483057386504365,0.0036483057386504356,0.003648305738650437,0.003648305738650436,0.003648305738650437,0.003648305738650437,0.0036483057386504365,0.0036483057386504374,0.003648305738650437,0.0036483057386504374,0.0036483057386504365,0.003648305738650437,0.003648305738650437,0.003648305738650437,0.0036483057386504374,0.0036483057386504374,0.003648305738650436,0.0036483057386504387,0.003648305738650437,0.003648305738650438,0.0036483057386504374,0.003648305738650436,0.003648305738650437,0.0036483057386504382,0.0036483057386504365,0.003648305738650437,0.0036483057386504374,0.0036483057386504365,0.003648305738650438,0.003648305738650437,0.003648305738650437,0.0036483057386504365,0.003648305738650436,0.003648305738650435,0.003648305738650438,0.003648305738650438,0.0036483057386504365,0.003648305738650437,0.0036483057386504374,0.003648305738650438,0.003648305738650437,0.003648305738650437,0.0036483057386504365,0.0036483057386504365,0.003648305738650435,0.0036483057386504382,0.003648305738650438,0.0036483057386504365,0.003648305738650437,0.003648305738650437,0.0036483057386504365,0.003648305738650437,0.0036483057386504374,0.0036483057386504387,0.003648305738650437,0.003648305738650437,0.0036483057386504382,0.0036483057386504382,0.0036483057386504365,0.0036483057386504374,0.0036483057386504374,0.003648305738650438,0.003648305738650438,0.0036483057386504382,0.0036483057386504374,0.003648305738650437,0.003648305738650438,0.0036483057386504387,0.0036483057386504387,0.003648305738650438,0.003648305738650438,0.003648305738650438,0.003648305738650438,0.0036483057386504374,0.0036483057386504374,0.0036483057386504365,0.0036483057386504387,0.0036483057386504382,0.0036483057386504382,0.0036483057386504387,0.0036483057386504382,0.0036483057386504382,0.0036483057386504382,0.0036483057386504387,0.003648305738650437,0.003648305738650438,0.0036483057386504374,0.003648305738650438,0.0036483057386504374,0.0036483057386504382,0.003648305738650439,0.0036483057386504374,0.0036483057386504382,0.0036483057386504395,0.003648305738650438,0.003648305738650439,0.003648305738650438,0.0036483057386504374,0.003648305738650438,0.003648305738650438,0.003648305738650437,0.0036483057386504356,0.0036483057386504374,0.0036483057386504413,0.003648305738650437,0.0036483057386504365,0.0036483057386504365,0.003648305738650437,0.003648305738650437,0.0036483057386504356,0.0036483057386504365,0.003648305738650437,0.003648305738650436,0.0036483057386504365,0.0036483057386504374,0.003648305738650438,0.0036483057386504374,0.0036483057386504374,0.003648305738650437,0.0036483057386504365,0.003648305738650438,0.0036483057386504374,0.003648305738650437,0.0036483057386504365,0.0036483057386504365,0.003648305738650437,0.003648305738650438,0.003648305738650438,0.0036483057386504382,0.0036483057386504365,0.003648305738650437,0.0036483057386504382,0.003648305738650439,0.0036483057386504374,0.0036483057386504365,0.0036483057386504374,0.003648305738650437,0.0036483057386504374,0.003648305738650438,0.003648305738650438,0.003648305738650438,0.003648305738650437,0.003648305738650438,0.0036483057386504395,0.0036483057386504374,0.003648305738650438,0.003648305738650436,0.0036483057386504374,0.0036483057386504374,0.0036483057386504374,0.003648305738650438,0.003648305738650438,0.0036483057386504374,0.003648305738650437,0.003648305738650438,0.003648305738650437,0.0036483057386504387,0.003648305738650437,0.0036483057386504374,0.003648305738650438,0.0036483057386504382,0.003648305738650437,0.003648305738650438,0.0036483057386504374,0.003648305738650436,0.0036483057386504365,0.003648305738650437,0.0036483057386504374,0.003648305738650438,0.0036483057386504365,0.0036483057386504382,0.0036483057386504365,0.003648305738650436,0.003648305738650436,0.003648305738650437,0.003648305738650437,0.0036483057386504374,0.0036483057386504374,0.0036483057386504374,0.0036483057386504365,0.003648305738650439,0.0036483057386504365,0.0036483057386504365,0.0036483057386504374,0.003648305738650437,0.003648305738650436,0.003648305738650437,0.0036483057386504374,0.003648305738650438,0.003648305738650437,0.0036483057386504356,0.003648305738650437,0.0036483057386504374,0.0036483057386504365,0.0036483057386504374,0.0036483057386504365,0.0036483057386504365,0.0036483057386504365,0.003648305738650438,0.003648305738650438,0.0036483057386504365,0.003648305738650437,0.0036483057386504374,0.003648305738650437,0.003648305738650436,0.003648305738650437,0.003648305738650438,0.003648305738650437,0.003648305738650438,0.003648305738650438,0.0036483057386504374,0.003648305738650438,0.0036483057386504365,0.0036483057386504365,0.003648305738650437,0.003648305738650435,0.003648305738650436,0.003648305738650436,0.0036483057386504356,0.0036483057386504374,0.0036483057386504356,0.003648305738650436,0.0036483057386504365,0.003648305738650436,0.003648305738650437,0.003648305738650436,0.0036483057386504356,0.0036483057386504374,0.003648305738650437,0.0036483057386504374,0.003648305738650438,0.0036483057386504365,0.003648305738650436,0.003648305738650436,0.003648305738650437,0.003648305738650437,0.003648305738650437,0.003648305738650436,0.003648305738650436,0.0036483057386504365,0.003648305738650437,0.003648305738650438,0.003648305738650437,0.0036483057386504365,0.0036483057386504365,0.003648305738650435,0.003648305738650436,0.0036483057386504365,0.003648305738650437,0.003648305738650437,0.003648305738650438,0.003648305738650438,0.0036483057386504374,0.003648305738650436,0.003648305738650437,0.003648305738650437,0.003648305738650436,0.003648305738650436,0.003648305738650436,0.0036483057386504365,0.003648305738650438,0.0036483057386504365,0.0036483057386504374,0.003648305738650438,0.003648305738650438,0.003648305738650435,0.0036483057386504365,0.003648305738650437,0.0036483057386504365,0.0036483057386504356,0.003648305738650436,0.003648305738650437,0.003648305738650437,0.0036483057386504356,0.0036483057386504374,0.003648305738650436,0.003648305738650437,0.003648305738650436,0.0036483057386504374,0.003648305738650435,0.003648305738650437,0.003648305738650438,0.0036483057386504365,0.0036483057386504365,0.003648305738650437,0.003648305738650436,0.003648305738650436,0.0036483057386504356,0.0036483057386504374,0.003648305738650436,0.0036483057386504365,0.0036483057386504374,0.0036483057386504365,0.003648305738650437,0.003648305738650437,0.003648305738650436,0.0036483057386504365,0.003648305738650437,0.003648305738650437,0.0036483057386504365,0.0036483057386504382,0.0036483057386504356,0.003648305738650436,0.0036483057386504356,0.003648305738650436,0.003648305738650437,0.0036483057386504365,0.003648305738650437,0.0036483057386504365,0.0036483057386504365,0.0036483057386504365,0.003648305738650437,0.0036483057386504382,0.0036483057386504382,0.0036483057386504365,0.0036483057386504365,0.0036483057386504374,0.0036483057386504356,0.003648305738650436,0.0036483057386504374,0.0036483057386504365,0.003648305738650438,0.0036483057386504348,0.003648305738650436,0.003648305738650438,0.003648305738650436,0.003648305738650437,0.003648305738650436,0.0036483057386504356,0.0036483057386504374,0.003648305738650437,0.0036483057386504365,0.0036483057386504374,0.0036483057386504374,0.003648305738650437,0.0036483057386504365,0.0036483057386504382,0.0036483057386504374,0.003648305738650437,0.003648305738650437,0.0036483057386504356,0.0036483057386504365,0.0036483057386504387,0.003648305738650438,0.003648305738650438,0.003648305738650438,0.003648305738650438,0.0036483057386504374,0.003648305738650438,0.0036483057386504374,0.0036483057386504374,0.0036483057386504382,0.003648305738650438,0.003648305738650438,0.0036483057386504374,0.003648305738650438,0.003648305738650438,0.0036483057386504387,0.003648305738650438,0.0036483057386504374,0.003648305738650438,0.003648305738650438,0.0036483057386504374,0.0036483057386504374,0.003648305738650438,0.003648305738650438,0.0036483057386504382,0.0036483057386504382,0.003648305738650438,0.003648305738650438,0.0036483057386504374,0.003648305738650437,0.0036483057386504365,0.003648305738650437,0.0036483057386504374,0.0036483057386504374,0.003648305738650438,0.0036483057386504374,0.003648305738650438,0.0036483057386504382,0.003648305738650438,0.0036483057386504374,0.0036483057386504374,0.003648305738650439,0.0036483057386504387,0.0036483057386504374,0.003648305738650438,0.0036483057386504382,0.003648305738650437,0.0036483057386504374,0.003648305738650438,0.0036483057386504374,0.003648305738650438,0.0036483057386504374,0.0036483057386504382,0.0036483057386504374,0.003648305738650438,0.0036483057386504374,0.0036483057386504374,0.003648305738650437,0.0036483057386504374,0.0036483057386504382,0.0036483057386504382,0.0036483057386504374,0.0036483057386504374,0.003648305738650438,0.003648305738650438,0.0036483057386504374,0.003648305738650437,0.0036483057386504374,0.0036483057386504374,0.0036483057386504382,0.003648305738650438,0.0036483057386504374,0.003648305738650438,0.003648305738650438,0.0036483057386504374,0.0036483057386504374,0.003648305738650438,0.003648305738650437,0.0036483057386504382,0.0036483057386504387,0.003648305738650437,0.003648305738650437,0.0036483057386504374,0.0036483057386504374,0.0036483057386504374,0.003648305738650438,0.003648305738650437,0.0036483057386504365,0.0036483057386504374,0.003648305738650436,0.003648305738650436,0.0036483057386504365,0.003648305738650438,0.0036483057386504374,0.003648305738650438,0.003648305738650437,0.0036483057386504374,0.0036483057386504365,0.0036483057386504382,0.003648305738650438,0.0036483057386504374,0.0036483057386504374,0.0036483057386504382,0.003648305738650437,0.003648305738650437,0.003648305738650438,0.0036483057386504374,0.003648305738650437,0.003648305738650436,0.0036483057386504365,0.003648305738650437,0.003648305738650437,0.003648305738650437,0.0036483057386504365,0.0036483057386504387,0.0036483057386504374,0.003648305738650438,0.0036483057386504356,0.003648305738650437,0.003648305738650438,0.0036483057386504365,0.003648305738650438,0.003648305738650438,0.0036483057386504348,0.0036483057386504356,0.003648305738650436,0.0036483057386504356,0.003648305738650438,0.003648305738650438,0.003648305738650438,0.003648305738650437,0.0036483057386504382,0.0036483057386504365,0.003648305738650437,0.003648305738650438,0.0036483057386504374,0.0036483057386504365,0.003648305738650438,0.003648305738650438,0.003648305738650437,0.0036483057386504374,0.003648305738650436,0.003648305738650436,0.0036483057386504374,0.0036483057386504365,0.0036483057386504356,0.003648305738650436,0.003648305738650437,0.0036483057386504374,0.0036483057386504365,0.003648305738650438,0.0036483057386504356,0.0036483057386504374,0.003648305738650436,0.0036483057386504374,0.003648305738650437,0.003648305738650437,0.003648305738650436,0.0036483057386504374,0.003648305738650436,0.0036483057386504374,0.003648305738650435,0.0036483057386504356,0.0036483057386504365,0.0036483057386504356,0.003648305738650436,0.003648305738650436,0.003648305738650436,0.003648305738650437,0.0036483057386504365,0.0036483057386504374,0.003648305738650437,0.003648305738650437,0.0036483057386504365,0.0036483057386504365,0.003648305738650436,0.003648305738650437,0.0036483057386504365,0.003648305738650437,0.0036483057386504356,0.0036483057386504374,0.0036483057386504356,0.0036483057386504365,0.0036483057386504374,0.0036483057386504382,0.0036483057386504374,0.003648305738650438,0.003648305738650437,0.0036483057386504374,0.003648305738650438,0.0036483057386504382,0.003648305738650435,0.003648305738650438,0.0036483057386504374,0.003648305738650437,0.0036483057386504365,0.0036483057386504365,0.0036483057386504365,0.003648305738650437,0.0036483057386504374,0.003648305738650437,0.003648305738650437,0.003648305738650438,0.0036483057386504374,0.0036483057386504374,0.003648305738650438,0.0036483057386504382,0.0036483057386504365,0.0036483057386504382,0.0036483057386504356,0.0036483057386504356,0.0036483057386504365,0.0036483057386504374,0.0036483057386504382,0.003648305738650437,0.003648305738650436,0.0036483057386504365,0.003648305738650436,0.003648305738650438,0.003648305738650436,0.003648305738650437,0.003648305738650437,0.003648305738650438,0.0036483057386504374,0.0036483057386504365,0.0036483057386504365,0.003648305738650437,0.0036483057386504374,0.003648305738650437,0.0036483057386504374,0.003648305738650438,0.003648305738650438,0.0036483057386504374,0.003648305738650436,0.0036483057386504365,0.003648305738650438,0.003648305738650437,0.003648305738650436,0.003648305738650436,0.0036483057386504365,0.003648305738650436,0.0036483057386504365,0.003648305738650436,0.0036483057386504365,0.0036483057386504382,0.0036483057386504374,0.0036483057386504387,0.0036483057386504374,0.0036483057386504374,0.003648305738650438,0.0036483057386504382,0.003648305738650438,0.0036483057386504387,0.0036483057386504365,0.0036483057386504374,0.0036483057386504374,0.0036483057386504374,0.003648305738650438,0.003648305738650438,0.003648305738650438,0.003648305738650438,0.0036483057386504365,0.003648305738650438,0.003648305738650438,0.003648305738650438,0.0036483057386504374,0.003648305738650436,0.0036483057386504374,0.0036483057386504365,0.0036483057386504374,0.003648305738650438,0.003648305738650437,0.0036483057386504374,0.0036483057386504374,0.0036483057386504374,0.003648305738650438,0.0036483057386504374,0.0036483057386504365,0.0036483057386504374,0.003648305738650438,0.0036483057386504382,0.003648305738650438,0.003648305738650438,0.0036483057386504382,0.003648305738650437,0.0036483057386504382,0.003648305738650437,0.0036483057386504374,0.0036483057386504365,0.0036483057386504365,0.003648305738650437,0.0036483057386504356,0.003648305738650437,0.0036483057386504382,0.003648305738650437,0.0036483057386504382,0.003648305738650438,0.0036483057386504374,0.003648305738650437,0.003648305738650437,0.003648305738650437,0.0036483057386504356,0.0036483057386504374,0.0036483057386504365,0.003648305738650437,0.0036483057386504374,0.0036483057386504365,0.003648305738650438,0.0036483057386504365,0.0036483057386504365,0.0036483057386504356,0.003648305738650437,0.0036483057386504365,0.003648305738650437,0.003648305738650437,0.0036483057386504374,0.003648305738650437,0.003648305738650437,0.0036483057386504365,0.0036483057386504356,0.0036483057386504365,0.003648305738650438,0.0036483057386504374,0.003648305738650438,0.003648305738650437,0.0036483057386504374,0.003648305738650437,0.0036483057386504356,0.0036483057386504365,0.0036483057386504365,0.003648305738650437,0.0036483057386504382,0.003648305738650438,0.0036483057386504382,0.003648305738650437,0.003648305738650437,0.0036483057386504365,0.0036483057386504374,0.0036483057386504365,0.0036483057386504348,0.0036483057386504382,0.003648305738650436,0.003648305738650435,0.0036483057386504374,0.0036483057386504356,0.0036483057386504356,0.003648305738650436,0.003648305738650438,0.003648305738650437,0.003648305738650437,0.0036483057386504356,0.003648305738650437,0.003648305738650437,0.003648305738650437,0.003648305738650438,0.003648305738650437,0.003648305738650437,0.0036483057386504365,0.003648305738650436,0.0036483057386504365,0.0036483057386504365,0.0036483057386504382,0.0036483057386504365,0.0036483057386504365,0.003648305738650437,0.0036483057386504374,0.0036483057386504356,0.003648305738650436,0.0036483057386504365,0.003648305738650437,0.0036483057386504365,0.0036483057386504365,0.003648305738650437,0.003648305738650438,0.0036483057386504374,0.003648305738650438,0.003648305738650436,0.0036483057386504356,0.003648305738650437,0.0036483057386504348,0.003648305738650436,0.003648305738650437,0.0036483057386504374,0.003648305738650437,0.003648305738650438,0.0036483057386504374,0.003648305738650436,0.0036483057386504356,0.0036483057386504374,0.0036483057386504356,0.003648305738650436,0.0036483057386504365,0.0036483057386504348,0.0036483057386504382,0.0036483057386504356,0.003648305738650435,0.0036483057386504356,0.0036483057386504356,0.0036483057386504356,0.0036483057386504365,0.0036483057386504365,0.003648305738650436,0.0036483057386504356,0.003648305738650436,0.0036483057386504365,0.003648305738650437,0.0036483057386504374,0.0036483057386504365,0.003648305738650436,0.0036483057386504356,0.0036483057386504356,0.003648305738650436,0.0036483057386504356,0.003648305738650436,0.0036483057386504356,0.003648305738650436,0.003648305738650435,0.003648305738650436,0.0036483057386504356,0.0036483057386504356,0.003648305738650436,0.003648305738650436,0.003648305738650436,0.003648305738650435,0.0036483057386504348,0.003648305738650435,0.0036483057386504365,0.0036483057386504356,0.003648305738650436,0.003648305738650436,0.0036483057386504365,0.0036483057386504374,0.0036483057386504356,0.003648305738650435,0.0036483057386504356,0.0036483057386504348,0.003648305738650436,0.0036483057386504356,0.0036483057386504365,0.003648305738650437,0.003648305738650436,0.0036483057386504356,0.0036483057386504365,0.003648305738650438,0.0036483057386504382,0.003648305738650438,0.003648305738650437,0.0036483057386504365,0.003648305738650438,0.003648305738650437,0.0036483057386504365,0.0036483057386504374,0.003648305738650437,0.003648305738650436,0.003648305738650436,0.0036483057386504374,0.003648305738650436,0.003648305738650437,0.0036483057386504374,0.0036483057386504356,0.003648305738650437,0.003648305738650437,0.003648305738650436,0.0036483057386504374,0.0036483057386504374,0.0036483057386504374,0.0036483057386504365,0.003648305738650436,0.003648305738650437,0.0036483057386504365,0.0036483057386504365,0.0036483057386504365,0.003648305738650436,0.0036483057386504356,0.003648305738650436,0.0036483057386504374,0.003648305738650437,0.0036483057386504365,0.0036483057386504365,0.003648305738650437,0.003648305738650438,0.0036483057386504365,0.003648305738650436,0.003648305738650435,0.003648305738650436,0.0036483057386504348,0.003648305738650436,0.0036483057386504365,0.003648305738650437,0.0036483057386504365,0.003648305738650435,0.003648305738650435,0.0036483057386504348,0.0036483057386504356,0.0036483057386504365,0.0036483057386504356,0.0036483057386504356,0.0036483057386504356,0.0036483057386504356,0.003648305738650435,0.003648305738650434,0.003648305738650435,0.0036483057386504335,0.0036483057386504356,0.0036483057386504356,0.003648305738650435,0.003648305738650435,0.0036483057386504356,0.0036483057386504348,0.003648305738650435,0.003648305738650435,0.0036483057386504348,0.003648305738650436,0.0036483057386504356,0.003648305738650435,0.003648305738650435,0.0036483057386504356,0.0036483057386504356,0.0036483057386504356,0.003648305738650436,0.0036483057386504348,0.003648305738650435,0.003648305738650435,0.0036483057386504343,0.003648305738650435,0.003648305738650435,0.0036483057386504348,0.0036483057386504356,0.0036483057386504348,0.0036483057386504356,0.003648305738650436,0.003648305738650435,0.0036483057386504356,0.0036483057386504356,0.003648305738650436,0.0036483057386504356,0.0036483057386504356,0.0036483057386504335,0.003648305738650435,0.003648305738650435,0.0036483057386504365,0.0036483057386504356,0.003648305738650435,0.0036483057386504356,0.0036483057386504348,0.0036483057386504348,0.0036483057386504348,0.0036483057386504348,0.003648305738650434,0.0036483057386504356,0.0036483057386504356,0.0036483057386504356,0.0036483057386504356,0.0036483057386504348,0.0036483057386504356,0.0036483057386504356,0.0036483057386504356,0.0036483057386504348,0.0036483057386504356,0.0036483057386504356,0.0036483057386504356,0.003648305738650436,0.003648305738650435,0.003648305738650435,0.0036483057386504356,0.0036483057386504356,0.003648305738650434,0.0036483057386504348,0.003648305738650434,0.0036483057386504348,0.003648305738650435,0.0036483057386504335,0.0036483057386504335,0.0036483057386504348,0.0036483057386504343,0.0036483057386504343,0.003648305738650435,0.003648305738650436,0.0036483057386504356,0.003648305738650435,0.0036483057386504343,0.003648305738650435,0.003648305738650435,0.0036483057386504348,0.0036483057386504356,0.0036483057386504356,0.003648305738650435,0.0036483057386504348,0.003648305738650436,0.003648305738650434,0.003648305738650435,0.0036483057386504356,0.0036483057386504356,0.003648305738650435,0.0036483057386504348,0.0036483057386504356,0.0036483057386504356,0.003648305738650435,0.0036483057386504348,0.003648305738650434,0.003648305738650435,0.0036483057386504348,0.0036483057386504348,0.003648305738650435,0.003648305738650435,0.0036483057386504348,0.003648305738650435,0.0036483057386504348,0.0036483057386504356,0.003648305738650435,0.0036483057386504356,0.0036483057386504356,0.003648305738650435,0.0036483057386504356,0.0036483057386504356,0.0036483057386504356,0.0036483057386504356,0.0036483057386504356,0.003648305738650435,0.0036483057386504356,0.0036483057386504356,0.0036483057386504356,0.003648305738650435,0.003648305738650436,0.0036483057386504356,0.0036483057386504382,0.003648305738650435,0.003648305738650436,0.003648305738650436,0.0036483057386504356,0.0036483057386504365,0.0036483057386504356,0.003648305738650437,0.003648305738650436,0.003648305738650436,0.0036483057386504356,0.003648305738650435,0.003648305738650437,0.0036483057386504365,0.003648305738650435,0.003648305738650436,0.0036483057386504348,0.003648305738650436,0.0036483057386504365,0.003648305738650437,0.003648305738650436,0.003648305738650436,0.003648305738650437,0.0036483057386504374,0.003648305738650436,0.0036483057386504365,0.0036483057386504374,0.0036483057386504365,0.0036483057386504382,0.003648305738650435,0.003648305738650437,0.003648305738650436,0.003648305738650436,0.003648305738650436,0.003648305738650437,0.0036483057386504356,0.0036483057386504356,0.0036483057386504356,0.003648305738650436,0.003648305738650436,0.003648305738650435,0.0036483057386504356,0.0036483057386504365,0.003648305738650435,0.0036483057386504356,0.0036483057386504356,0.003648305738650435,0.0036483057386504356,0.0036483057386504365,0.003648305738650435,0.003648305738650436,0.0036483057386504365,0.0036483057386504356,0.0036483057386504356,0.0036483057386504356,0.0036483057386504365,0.003648305738650436,0.0036483057386504348,0.003648305738650436,0.0036483057386504356,0.0036483057386504374,0.0036483057386504356,0.0036483057386504365,0.0036483057386504348,0.003648305738650435,0.0036483057386504356,0.0036483057386504343,0.0036483057386504348,0.0036483057386504356,0.0036483057386504356,0.003648305738650435,0.003648305738650434,0.003648305738650435,0.0036483057386504356,0.0036483057386504348,0.003648305738650435,0.0036483057386504356,0.0036483057386504343,0.0036483057386504348,0.0036483057386504356,0.003648305738650433,0.003648305738650435,0.0036483057386504356,0.003648305738650436,0.0036483057386504356,0.003648305738650435,0.003648305738650436,0.0036483057386504348,0.0036483057386504343,0.0036483057386504348,0.0036483057386504356,0.0036483057386504348,0.0036483057386504348,0.0036483057386504356,0.0036483057386504356,0.0036483057386504348,0.0036483057386504343,0.0036483057386504343,0.0036483057386504365,0.0036483057386504356,0.003648305738650434,0.0036483057386504343,0.003648305738650435,0.0036483057386504356,0.0036483057386504343,0.0036483057386504356,0.0036483057386504356,0.003648305738650435,0.003648305738650435,0.003648305738650436,0.0036483057386504348,0.003648305738650435,0.003648305738650435,0.003648305738650435,0.0036483057386504356,0.003648305738650435,0.0036483057386504356,0.0036483057386504356,0.003648305738650435,0.003648305738650435,0.0036483057386504348,0.0036483057386504356,0.0036483057386504356,0.003648305738650435,0.003648305738650435,0.0036483057386504356,0.003648305738650435,0.003648305738650436,0.003648305738650435,0.003648305738650434,0.0036483057386504365,0.0036483057386504356,0.0036483057386504356,0.0036483057386504356,0.0036483057386504356,0.0036483057386504348,0.0036483057386504365,0.003648305738650435,0.003648305738650435,0.003648305738650435,0.0036483057386504356,0.0036483057386504356,0.003648305738650436,0.003648305738650435,0.0036483057386504348,0.0036483057386504356,0.003648305738650436,0.0036483057386504356,0.003648305738650436,0.0036483057386504335,0.0036483057386504348,0.0036483057386504348,0.0036483057386504356,0.0036483057386504348,0.003648305738650435,0.0036483057386504343,0.0036483057386504365,0.0036483057386504356,0.003648305738650435,0.003648305738650435,0.003648305738650435,0.0036483057386504343,0.003648305738650435,0.003648305738650435,0.003648305738650435,0.0036483057386504356,0.003648305738650435,0.003648305738650435,0.003648305738650435,0.0036483057386504356,0.003648305738650435,0.0036483057386504356,0.003648305738650435,0.003648305738650435,0.003648305738650435,0.0036483057386504335,0.0036483057386504343,0.0036483057386504343,0.003648305738650435,0.0036483057386504356,0.003648305738650435,0.0036483057386504343,0.003648305738650435,0.003648305738650436,0.0036483057386504356,0.0036483057386504348,0.0036483057386504356,0.003648305738650435,0.003648305738650435,0.003648305738650435,0.0036483057386504356,0.003648305738650435,0.003648305738650435,0.0036483057386504356,0.0036483057386504356,0.003648305738650436,0.003648305738650435,0.0036483057386504356,0.003648305738650435,0.0036483057386504356,0.0036483057386504343,0.0036483057386504356,0.0036483057386504356,0.003648305738650435,0.0036483057386504356,0.0036483057386504356,0.0036483057386504343,0.003648305738650435,0.003648305738650438,0.0036483057386504356,0.003648305738650436,0.0036483057386504365,0.0036483057386504356,0.003648305738650435,0.0036483057386504356,0.0036483057386504348,0.003648305738650435,0.003648305738650436,0.0036483057386504348,0.003648305738650435,0.003648305738650435,0.003648305738650435,0.0036483057386504356,0.0036483057386504365,0.0036483057386504356,0.003648305738650436,0.003648305738650435,0.003648305738650435,0.003648305738650435,0.003648305738650435,0.0036483057386504374,0.003648305738650434,0.003648305738650435,0.003648305738650435,0.003648305738650435,0.0036483057386504356,0.003648305738650435,0.0036483057386504348,0.0036483057386504348,0.003648305738650436,0.003648305738650434,0.003648305738650435,0.0036483057386504348,0.003648305738650435,0.003648305738650435,0.0036483057386504356,0.0036483057386504348,0.003648305738650435,0.003648305738650435,0.003648305738650435,0.0036483057386504356,0.0036483057386504356,0.003648305738650435,0.003648305738650435,0.0036483057386504356,0.003648305738650435,0.0036483057386504356,0.003648305738650435,0.0036483057386504356,0.0036483057386504356,0.0036483057386504356,0.003648305738650435,0.0036483057386504343,0.0036483057386504348,0.0036483057386504356,0.0036483057386504356,0.003648305738650435,0.003648305738650436,0.0036483057386504348,0.0036483057386504356,0.0036483057386504356,0.0036483057386504343,0.0036483057386504356,0.0036483057386504356,0.003648305738650435,0.0036483057386504343,0.0036483057386504343,0.003648305738650434,0.0036483057386504348,0.0036483057386504343,0.0036483057386504356,0.0036483057386504348,0.003648305738650435,0.0036483057386504343,0.0036483057386504348,0.0036483057386504356,0.0036483057386504343,0.003648305738650435,0.0036483057386504348,0.003648305738650435,0.003648305738650435,0.0036483057386504356,0.0036483057386504356,0.0036483057386504343,0.003648305738650435,0.0036483057386504348,0.003648305738650434,0.003648305738650434,0.0036483057386504343,0.0036483057386504356,0.0036483057386504348,0.003648305738650435,0.003648305738650435,0.003648305738650435,0.0036483057386504343,0.003648305738650435,0.0036483057386504343,0.0036483057386504356,0.0036483057386504343,0.003648305738650435,0.0036483057386504348,0.003648305738650434,0.003648305738650435,0.0036483057386504348,0.0036483057386504348,0.0036483057386504343,0.0036483057386504335,0.0036483057386504348,0.003648305738650434,0.0036483057386504343,0.0036483057386504343,0.0036483057386504343,0.0036483057386504348,0.0036483057386504343,0.0036483057386504335,0.0036483057386504348,0.0036483057386504356,0.0036483057386504348,0.003648305738650435,0.003648305738650435,0.0036483057386504348,0.0036483057386504348,0.003648305738650435,0.0036483057386504343,0.0036483057386504356,0.0036483057386504343,0.003648305738650435,0.003648305738650435,0.003648305738650435,0.003648305738650435,0.003648305738650436,0.003648305738650435,0.0036483057386504348,0.0036483057386504348,0.0036483057386504356,0.003648305738650436,0.0036483057386504343,0.0036483057386504343,0.003648305738650434,0.003648305738650435,0.0036483057386504356,0.0036483057386504356,0.003648305738650434,0.003648305738650434,0.0036483057386504343,0.0036483057386504343,0.0036483057386504348,0.0036483057386504343,0.003648305738650434,0.0036483057386504335,0.003648305738650434,0.003648305738650435,0.0036483057386504343,0.003648305738650436,0.0036483057386504356,0.0036483057386504356,0.003648305738650435,0.003648305738650436,0.0036483057386504348,0.0036483057386504356,0.003648305738650435,0.003648305738650435,0.0036483057386504348,0.0036483057386504365,0.0036483057386504348,0.0036483057386504356,0.003648305738650435,0.003648305738650435,0.0036483057386504343,0.0036483057386504356,0.003648305738650435,0.003648305738650435,0.003648305738650435,0.003648305738650435,0.003648305738650435,0.0036483057386504356,0.003648305738650435,0.0036483057386504356,0.003648305738650435,0.0036483057386504356,0.003648305738650436,0.003648305738650438,0.003648305738650435,0.0036483057386504348,0.003648305738650436,0.003648305738650435,0.003648305738650436,0.003648305738650436,0.0036483057386504365,0.003648305738650437,0.0036483057386504365,0.0036483057386504365,0.003648305738650436,0.003648305738650437,0.0036483057386504356,0.0036483057386504365,0.003648305738650437,0.0036483057386504365,0.003648305738650436,0.003648305738650437,0.003648305738650436,0.003648305738650436,0.0036483057386504365,0.003648305738650436,0.0036483057386504365,0.003648305738650436,0.003648305738650436,0.003648305738650437,0.0036483057386504365,0.0036483057386504365,0.0036483057386504365,0.003648305738650436,0.003648305738650436,0.003648305738650436,0.0036483057386504356,0.003648305738650436,0.0036483057386504356,0.003648305738650436,0.003648305738650436,0.0036483057386504365,0.0036483057386504374,0.003648305738650436,0.003648305738650437,0.0036483057386504356,0.003648305738650437,0.003648305738650436,0.0036483057386504356,0.0036483057386504365,0.0036483057386504365,0.0036483057386504356,0.003648305738650436,0.0036483057386504356,0.003648305738650437,0.0036483057386504365,0.0036483057386504365,0.003648305738650436,0.0036483057386504365,0.0036483057386504356,0.0036483057386504365,0.0036483057386504365,0.0036483057386504356,0.0036483057386504356,0.003648305738650436,0.003648305738650436,0.003648305738650437,0.0036483057386504374,0.003648305738650437,0.0036483057386504348,0.003648305738650435,0.003648305738650435,0.003648305738650435,0.003648305738650436,0.0036483057386504356,0.0036483057386504348,0.0036483057386504365,0.003648305738650435,0.003648305738650435,0.0036483057386504365,0.0036483057386504365,0.0036483057386504374,0.0036483057386504356,0.0036483057386504356,0.003648305738650436,0.0036483057386504365,0.003648305738650436,0.0036483057386504356,0.0036483057386504356,0.0036483057386504374,0.0036483057386504356,0.0036483057386504356,0.0036483057386504365,0.0036483057386504374,0.0036483057386504356,0.003648305738650435,0.0036483057386504365,0.0036483057386504365,0.003648305738650435,0.003648305738650437,0.003648305738650436,0.0036483057386504382,0.0036483057386504374,0.003648305738650437,0.003648305738650437,0.003648305738650438,0.0036483057386504356,0.0036483057386504374,0.0036483057386504365,0.0036483057386504356,0.003648305738650436,0.003648305738650438,0.0036483057386504365,0.0036483057386504365,0.003648305738650437,0.003648305738650438,0.0036483057386504382,0.0036483057386504374,0.003648305738650438,0.0036483057386504382,0.0036483057386504387,0.0036483057386504374,0.0036483057386504382,0.0036483057386504374,0.0036483057386504382,0.0036483057386504374,0.0036483057386504374,0.003648305738650438,0.0036483057386504374,0.0036483057386504382,0.003648305738650437,0.003648305738650438,0.0036483057386504382,0.0036483057386504374,0.003648305738650438,0.0036483057386504382,0.0036483057386504374,0.0036483057386504374,0.0036483057386504382,0.0036483057386504382,0.0036483057386504382,0.003648305738650439,0.003648305738650438,0.003648305738650438,0.0036483057386504374,0.0036483057386504382,0.003648305738650439,0.003648305738650438,0.0036483057386504387,0.003648305738650438,0.0036483057386504382,0.0036483057386504382,0.0036483057386504387,0.003648305738650438,0.0036483057386504387,0.0036483057386504374,0.003648305738650438,0.003648305738650438,0.0036483057386504374,0.003648305738650438,0.003648305738650438,0.003648305738650439,0.00364830573865044,0.0036483057386504387,0.0036483057386504382,0.0036483057386504382,0.003648305738650439,0.0036483057386504382,0.0036483057386504374,0.0036483057386504382,0.0036483057386504387,0.0036483057386504395,0.0036483057386504395,0.00364830573865044,0.003648305738650438,0.003648305738650437,0.003648305738650438,0.0036483057386504374,0.0036483057386504382,0.0036483057386504387,0.0036483057386504387,0.003648305738650438,0.0036483057386504387,0.003648305738650439,0.0036483057386504387,0.003648305738650438,0.0036483057386504374,0.003648305738650438,0.0036483057386504374,0.003648305738650438,0.003648305738650438,0.0036483057386504387,0.0036483057386504374,0.0036483057386504374,0.0036483057386504374,0.003648305738650438,0.0036483057386504387,0.003648305738650438,0.003648305738650437,0.0036483057386504382,0.003648305738650438,0.0036483057386504382,0.003648305738650438,0.003648305738650438,0.003648305738650438,0.003648305738650437,0.0036483057386504365,0.003648305738650438,0.0036483057386504374,0.003648305738650438,0.0036483057386504374,0.0036483057386504374,0.003648305738650438,0.0036483057386504374,0.0036483057386504374,0.003648305738650438,0.003648305738650438,0.0036483057386504374,0.003648305738650438,0.0036483057386504382,0.0036483057386504365,0.0036483057386504365,0.0036483057386504382,0.0036483057386504382,0.003648305738650437,0.003648305738650438,0.0036483057386504374,0.003648305738650438,0.0036483057386504374,0.0036483057386504382,0.0036483057386504374,0.0036483057386504374,0.003648305738650438,0.003648305738650438,0.003648305738650438,0.003648305738650438,0.003648305738650438,0.003648305738650437,0.003648305738650438,0.003648305738650437,0.003648305738650438,0.003648305738650438,0.0036483057386504374,0.003648305738650438,0.003648305738650438,0.0036483057386504374,0.0036483057386504374,0.003648305738650437,0.003648305738650437,0.0036483057386504374,0.003648305738650437,0.003648305738650438,0.003648305738650437,0.0036483057386504382,0.003648305738650437,0.0036483057386504374,0.0036483057386504382,0.0036483057386504365,0.003648305738650438,0.0036483057386504382,0.003648305738650438,0.003648305738650438,0.003648305738650435,0.003648305738650438,0.0036483057386504365,0.003648305738650438,0.003648305738650438,0.0036483057386504374,0.003648305738650438,0.0036483057386504374,0.003648305738650438,0.0036483057386504374,0.0036483057386504365,0.0036483057386504374,0.0036483057386504374,0.0036483057386504374,0.0036483057386504374,0.003648305738650438,0.0036483057386504387,0.0036483057386504374,0.0036483057386504387,0.0036483057386504382,0.003648305738650438,0.0036483057386504382,0.0036483057386504382,0.003648305738650438,0.003648305738650438,0.003648305738650438,0.003648305738650438,0.003648305738650438,0.003648305738650438,0.0036483057386504374,0.003648305738650438,0.0036483057386504382,0.003648305738650438,0.0036483057386504374,0.0036483057386504387,0.0036483057386504387,0.003648305738650437,0.0036483057386504374,0.0036483057386504374,0.003648305738650438,0.0036483057386504365,0.0036483057386504374,0.003648305738650438,0.0036483057386504382,0.003648305738650438,0.003648305738650438,0.0036483057386504374,0.0036483057386504374,0.003648305738650438,0.003648305738650437,0.0036483057386504382,0.003648305738650438,0.0036483057386504374,0.003648305738650438,0.0036483057386504374,0.0036483057386504382,0.003648305738650438,0.003648305738650438,0.0036483057386504374,0.003648305738650438,0.003648305738650438,0.003648305738650438,0.0036483057386504374,0.003648305738650438,0.003648305738650438,0.0036483057386504374,0.003648305738650438,0.003648305738650438,0.0036483057386504395,0.0036483057386504382,0.0036483057386504365,0.0036483057386504382,0.003648305738650437,0.0036483057386504374,0.003648305738650438,0.003648305738650438,0.0036483057386504374,0.0036483057386504374,0.0036483057386504374,0.0036483057386504382,0.003648305738650438,0.0036483057386504374,0.0036483057386504365,0.003648305738650438,0.0036483057386504374,0.003648305738650438,0.003648305738650438,0.003648305738650438,0.003648305738650437,0.003648305738650438,0.0036483057386504365,0.0036483057386504382,0.003648305738650438,0.0036483057386504374,0.003648305738650438,0.003648305738650438,0.0036483057386504382,0.0036483057386504356,0.0036483057386504374,0.003648305738650438,0.003648305738650437,0.003648305738650438,0.0036483057386504374,0.0036483057386504374,0.003648305738650437,0.003648305738650437,0.003648305738650437,0.0036483057386504365,0.0036483057386504374,0.0036483057386504374,0.003648305738650438,0.0036483057386504382,0.003648305738650437,0.0036483057386504374,0.003648305738650438,0.0036483057386504374,0.0036483057386504374,0.0036483057386504387,0.0036483057386504387,0.003648305738650438,0.003648305738650438,0.0036483057386504382,0.003648305738650438,0.0036483057386504374,0.0036483057386504374,0.0036483057386504382,0.0036483057386504374,0.003648305738650438,0.00364830573865044,0.0036483057386504382,0.003648305738650439,0.0036483057386504395,0.003648305738650438,0.0036483057386504382,0.0036483057386504382,0.003648305738650437,0.0036483057386504382,0.0036483057386504382,0.003648305738650438,0.0036483057386504382,0.0036483057386504382,0.0036483057386504382,0.003648305738650438,0.0036483057386504395,0.003648305738650438,0.003648305738650437,0.003648305738650438,0.0036483057386504382,0.0036483057386504387,0.0036483057386504387,0.0036483057386504382,0.0036483057386504387,0.003648305738650438,0.0036483057386504382,0.0036483057386504382,0.0036483057386504387,0.0036483057386504387,0.003648305738650439,0.0036483057386504395,0.0036483057386504387,0.0036483057386504395,0.0036483057386504395,0.0036483057386504387,0.0036483057386504387,0.0036483057386504395,0.003648305738650439,0.003648305738650439,0.0036483057386504417,0.0036483057386504404,0.00364830573865044,0.00364830573865044,0.003648305738650441,0.003648305738650439,0.0036483057386504404,0.0036483057386504387,0.0036483057386504387,0.0036483057386504387,0.003648305738650439,0.00364830573865044,0.0036483057386504382,0.003648305738650439,0.0036483057386504382,0.0036483057386504387,0.0036483057386504404,0.0036483057386504387,0.0036483057386504395,0.00364830573865044,0.0036483057386504387,0.0036483057386504387,0.00364830573865044,0.0036483057386504387,0.0036483057386504413,0.0036483057386504395,0.003648305738650439,0.0036483057386504395,0.0036483057386504395,0.0036483057386504395,0.003648305738650439,0.003648305738650439,0.00364830573865044,0.0036483057386504404,0.00364830573865044,0.003648305738650438,0.003648305738650439,0.0036483057386504395,0.0036483057386504374,0.003648305738650439,0.00364830573865044,0.003648305738650437,0.0036483057386504387,0.0036483057386504395,0.003648305738650438,0.0036483057386504382,0.003648305738650439,0.0036483057386504404,0.0036483057386504382,0.0036483057386504382,0.003648305738650439,0.003648305738650439,0.0036483057386504387,0.003648305738650438,0.003648305738650438,0.003648305738650437,0.003648305738650438,0.0036483057386504382,0.0036483057386504387,0.0036483057386504382,0.0036483057386504387,0.0036483057386504387,0.003648305738650439,0.0036483057386504387,0.0036483057386504387,0.0036483057386504387,0.003648305738650439,0.0036483057386504395,0.0036483057386504395,0.0036483057386504382,0.003648305738650438,0.0036483057386504382,0.0036483057386504387,0.0036483057386504382,0.003648305738650439,0.0036483057386504387,0.0036483057386504374,0.0036483057386504374,0.003648305738650439,0.003648305738650438,0.003648305738650438,0.0036483057386504374,0.003648305738650438,0.003648305738650438,0.003648305738650438,0.0036483057386504382,0.003648305738650438,0.0036483057386504382,0.0036483057386504382,0.003648305738650438,0.003648305738650437,0.0036483057386504382,0.003648305738650438,0.0036483057386504382,0.0036483057386504374,0.003648305738650438,0.0036483057386504382,0.003648305738650438,0.0036483057386504387,0.003648305738650438,0.0036483057386504382,0.0036483057386504382,0.0036483057386504382,0.0036483057386504382,0.0036483057386504382,0.0036483057386504374,0.0036483057386504387,0.003648305738650439,0.0036483057386504382,0.003648305738650436,0.0036483057386504387,0.003648305738650438,0.0036483057386504382,0.003648305738650438,0.0036483057386504382,0.0036483057386504387,0.0036483057386504382,0.0036483057386504382,0.003648305738650438,0.0036483057386504382,0.0036483057386504387,0.0036483057386504382,0.003648305738650438,0.0036483057386504374,0.003648305738650437,0.0036483057386504382,0.003648305738650438,0.0036483057386504382,0.003648305738650438,0.003648305738650438,0.003648305738650438,0.003648305738650437,0.0036483057386504348,0.0036483057386504374,0.003648305738650437,0.003648305738650437,0.003648305738650437,0.0036483057386504387,0.003648305738650436,0.003648305738650436,0.003648305738650437,0.003648305738650436,0.003648305738650436,0.0036483057386504365,0.003648305738650436,0.003648305738650438,0.0036483057386504356,0.003648305738650438,0.0036483057386504356,0.0036483057386504356,0.003648305738650438,0.0036483057386504356,0.0036483057386504374,0.0036483057386504365,0.0036483057386504374,0.003648305738650437,0.003648305738650436,0.003648305738650437,0.0036483057386504365,0.003648305738650437,0.0036483057386504365,0.0036483057386504356,0.0036483057386504356,0.0036483057386504348,0.003648305738650436,0.0036483057386504365,0.003648305738650436,0.0036483057386504365,0.0036483057386504356,0.0036483057386504356,0.003648305738650435,0.0036483057386504356,0.003648305738650435,0.0036483057386504343,0.003648305738650436,0.003648305738650436,0.0036483057386504348,0.0036483057386504365,0.0036483057386504356,0.0036483057386504356,0.0036483057386504356,0.003648305738650436,0.003648305738650436,0.003648305738650435,0.003648305738650436,0.003648305738650435,0.003648305738650435,0.003648305738650435,0.0036483057386504356,0.003648305738650435
6,1.0824227184969104e-41,-1.9052425127968308e-40,5.914097614906663e-41,1.573117239956651e-40,2.974888698464547e-40,4.8338432801190136e-40,7.1852046763231266e-40,1.0056361289615101e-39,1.3472517710484377e-39,1.7445235388269978e-39,2.1991545801977404e-39,2.7122770059216466e-39,3.28480239827697e-39,3.9174637567949456e-39,4.606632823232779e-39,5.360886907999314e-39,6.176707087912805e-39,7.054404253721074e-39,7.994213445716528e-39,8.996333894217281e-39,1.0054485129290527e-38,1.1174518436497704e-38,1.2363706430802737e-38,1.361566397706841e-38,1.4930466680544685e-38,1.6308155722770882e-38,1.774878427810064e-38,1.925238035678364e-38,2.0818970891684206e-38,2.2448577491344688e-38,2.414121749252522e-38,2.58969048047187e-38,2.771565058764574e-38,2.9597463794892854e-38,3.154235161000765e-38,3.3550319796434033e-38,3.562137297825213e-38,3.7755514865405257e-38,3.9952748434418094e-38,4.2213076073403374e-38,4.4536499698370075e-38,4.69230208465402e-38,4.937264075125298e-38,5.188536040202655e-38,5.446118059276312e-38,5.710010196042783e-38,5.980212501605528e-38,6.256725016965044e-38,6.539547775017031e-38,6.828680802153882e-38,7.124124119551158e-38,7.425877744197885e-38,7.733941689723288e-38,8.048315967065379e-38,8.369000584997025e-38,8.695995550558426e-38,9.029300869395524e-38,9.368916546041264e-38,9.714842584131727e-38,1.0067078986581704e-37,1.0425625755733136e-37,1.0790482893462167e-37,1.1161650401276419e-37,1.153912828038403e-37,1.1922916531754035e-37,1.231301515616507e-37,1.270942415424043e-37,1.3112143526482921e-37,1.3521173273292173e-37,1.3936513394991893e-37,1.4358163891839555e-37,1.4786124764044373e-37,1.5220396011771505e-37,1.5660977635155246e-37,1.6107869634300542e-37,1.6561072009296216e-37,1.7020584760211024e-37,1.7486407887097316e-37,1.795854139000324e-37,1.843698526896223e-37,1.892173952400278e-37,1.9412804155149813e-37,1.9910179162421624e-37,2.0413864545830253e-37,2.092386030538957e-37,2.144016644110865e-37,2.1962782952994452e-37,2.249170984105286e-37,2.3026947105289693e-37,2.3568494745709517e-37,2.411635276231522e-37,2.467052115510837e-37,2.5230999924092707e-37,2.5797789069269296e-37,2.6370888590638413e-37,2.695029848819948e-37,2.7536018761957537e-37,2.812804941191041e-37,2.872639043806e-37,2.9331041840406908e-37,2.994200361894902e-37,3.05592757736894e-37,3.1182858304626252e-37,3.181275121176201e-37,3.244895449509455e-37,3.3091468154623643e-37,3.374029219035145e-37,3.4395426602278206e-37,3.505687139040126e-37,3.5724626554725486e-37,3.6398692095246696e-37,3.7079068011964485e-37,3.7765754304878854e-37,3.845875097399471e-37,3.915805801930704e-37,3.986367544081582e-37,4.057560323852399e-37,4.129384141243094e-37,4.201838996253535e-37,4.274924888884048e-37,4.34864181913427e-37,4.422989787004146e-37,4.4979687924941735e-37,4.5735788356036235e-37,4.649819916332974e-37,4.726692034682268e-37,4.804195190651201e-37,4.882329384240063e-37,4.96109461544878e-37,5.0404908842772075e-37,5.1205181907255016e-37,5.201176534793975e-37,5.282465916482131e-37,5.364386335789922e-37,5.446937792717889e-37,5.530120287265353e-37,5.613933819432685e-37,5.698378389220135e-37,5.783453996627025e-37,5.869160641653856e-37,5.955498324300576e-37,6.0424670445671866e-37,6.130066802453429e-37,6.21829759795943e-37,6.3071594310855394e-37,6.396652301831341e-37,6.486776210196864e-37,6.577531156182547e-37,6.668917139787685e-37,6.760934161012705e-37,6.8535822198576424e-37,6.946861316322458e-37,7.040771450406969e-37,7.1353126221115956e-37,7.230484831435897e-37,7.3262880783798545e-37,7.422722362943821e-37,7.519787685127653e-37,7.617484044931183e-37,7.71581144235457e-37,7.814769877397875e-37,7.914359350060866e-37,8.014579860343763e-37,8.115431408246352e-37,8.216913993768835e-37,8.319027616911503e-37,8.421772277673805e-37,8.525147976055788e-37,8.629154712057882e-37,8.733792485679632e-37,8.839061296921081e-37,8.94496114578246e-37,9.051492032263656e-37,9.15865395636459e-37,9.266446918085432e-37,9.37487091742617e-37,9.483925954386612e-37,9.593612028966745e-37,9.70392914116703e-37,9.814877290986778e-37,9.926456478426432e-37,1.0038666703485966e-36,1.015150796616539e-36,1.026498026646453e-36,1.0379083604383579e-36,1.049381797992253e-36,1.060918339308116e-36,1.0725179843859888e-36,1.084180733225831e-36,1.0959065858276438e-36,1.1076955421914496e-36,1.119547602317243e-36,1.1314627662050053e-36,1.1434410338547537e-36,1.1554824052664998e-36,1.167586880440213e-36,1.1797544593759199e-36,1.1919851420735941e-36,1.2042789285332563e-36,1.2166358187549152e-36,1.2290558127385581e-36,1.2415389104841674e-36,1.254085111991768e-36,1.2666944172613171e-36,1.2793668262928824e-36,1.2921023390864357e-36,1.3049009556419605e-36,1.3177626759594753e-36,1.3306875000389973e-36,1.3436754278804457e-36,1.3567264594839064e-36,1.369840594849359e-36,1.383017833976782e-36,1.3962581768662144e-36,1.4095616235176155e-36,1.4229281739309827e-36,1.4363578281063644e-36,1.4498505860437136e-36,1.463406447743028e-36,1.477025413204359e-36,1.4907074824276639e-36,1.5044526554128888e-36,1.5182609321601255e-36,1.532132312669375e-36,1.5460667969405935e-36,1.5600643849737834e-36,1.5741250767689817e-36,1.5882488723261517e-36,1.6024357716452877e-36,1.6166857747264338e-36,1.6309988815695442e-36,1.6453750921746664e-36,1.6598144065417603e-36,1.674316824670816e-36,1.6888823465618872e-36,1.703510972214926e-36,1.7182027016299333e-36,1.732957534806951e-36,1.747775471745892e-36,1.7626565124468443e-36,1.7776006569097705e-36,1.7926079051346653e-36,1.8076782571215713e-36,1.8228117128704443e-36,1.838008272381331e-36,1.8532679356541845e-36,1.8685907026890053e-36,1.8839765734858406e-36,1.899425548044601e-36,1.914937626365372e-36,1.9305128084481597e-36,1.9461510942928713e-36,1.9618524838996368e-36,1.9776169772683733e-36,1.993444574399034e-36,2.0093352752917056e-36,2.025289079946341e-36,2.041305988362948e-36,2.05738600054157e-36,2.073529116482156e-36,2.0897353361847135e-36,2.1060046596492816e-36,2.1223370868758148e-36,2.1387326178643206e-36,2.1551912526148376e-36,2.171712991127321e-36,2.188297833401818e-36,2.2049457794382777e-36,2.221656829236711e-36,2.238430982797108e-36,2.2552682401195244e-36,2.272168601203906e-36,2.289132066050258e-36,2.306158634658627e-36,2.3232483070289132e-36,2.3404010831612587e-36,2.3576169630555722e-36,2.3748959467118527e-36,2.392238034130101e-36,2.4096432253103618e-36,2.4271115202525427e-36,2.4446429189567333e-36,2.4622374214229354e-36,2.479895027651113e-36,2.4976157376413044e-36,2.515399551393464e-36,2.5332464689075866e-36,2.551156490183676e-36,2.5691296152217367e-36,2.5871658440218095e-36,2.6052651765838552e-36,2.6234276129079087e-36,2.6416531529939366e-36,2.6599417968419304e-36,2.6782935444519377e-36,2.696708395823912e-36,2.7151863509578584e-36,2.7337274098538142e-36,2.7523315725116966e-36,2.7709988389315887e-36,2.789729209113449e-36,2.8085226830573205e-36,2.827379260763165e-36,2.8462989422309777e-36,2.8652817274607534e-36,2.8843276164525435e-36,2.9034366092063036e-36,2.9226087057220754e-36,2.9418439059998103e-36,2.961142210039561e-36,2.98050361784128e-36,2.999928129404968e-36,3.019415744730669e-36,3.038966463818295e-36,3.058580286667935e-36,3.078257213279586e-36,3.097997243653208e-36,3.117800377788799e-36,3.1376666156863566e-36,3.157595957345879e-36,3.177588402767417e-36,3.197643951950913e-36,3.2177626048963755e-36,3.237944361603861e-36,3.258189222073266e-36,3.278497186304685e-36,3.2988682542980705e-36,3.31930242605343e-36,3.339799701570837e-36,3.3603600808502194e-36,3.380983563891528e-36,3.401670150694891e-36,3.4224198412602225e-36,3.443232635587522e-36,3.4641085336767935e-36,3.4850475355280275e-36,3.5060496411412766e-36,3.5271148505164974e-36,3.548243163653726e-36,3.5694345805529196e-36,3.590689101214083e-36,3.612006725637252e-36,3.633387453822392e-36,3.654831285769501e-36,3.676338221478621e-36,3.697908260949716e-36,3.719541404182818e-36,3.741237651177893e-36,3.762997001934934e-36,3.7848194564539445e-36,3.806705014734962e-36,3.828653676777952e-36,3.8506654425829095e-36,3.872740312149876e-36,3.894878285478814e-36,3.917079362569761e-36,3.9393435434226835e-36,3.9616708280375786e-36,3.984061216414441e-36,4.006514708553267e-36,4.029031304454063e-36,4.051611004116874e-36,4.0742538075416535e-36,4.096959714728403e-36,4.1197287256771645e-36,4.142560840387902e-36,4.165456058860605e-36,4.1884143810953165e-36,4.211435807092044e-36,4.234520336850698e-36,4.2576679703713614e-36,4.280878707654035e-36,4.3041525486986305e-36,4.327489493505239e-36,4.3508895420738585e-36,4.374352694404446e-36,4.3978789504970014e-36,4.42146831035156e-36,4.445120773968049e-36,4.4688363413465524e-36,4.4926150124870255e-36,4.516456787389506e-36,4.54036166605396e-36,4.564329648480381e-36,4.588360734668771e-36,4.612454924619177e-36,4.636612218331551e-36,4.6608326158058964e-36,4.6851161170422485e-36,4.7094627220405704e-36,4.73387243080086e-36,4.7583452433231645e-36,4.782881159607432e-36,4.8074801796536734e-36,4.8321423034619265e-36,4.856867531032103e-36,4.881655862364296e-36,4.9065072974585046e-36,4.9314218363146705e-36,4.956399478932812e-36,4.981440225312966e-36,5.0065440754550865e-36,5.0317110293592186e-36,5.056941087025274e-36,5.082234248453385e-36,5.10759051364342e-36,5.1330098825954214e-36,5.1584923553094347e-36,5.1840379317854156e-36,5.209646612023365e-36,5.235318396023331e-36,5.26105328378526e-36,5.286851275309155e-36,5.312712370595105e-36,5.3386365696429836e-36,5.3646238724528305e-36,5.390674279024688e-36,5.416787789358523e-36,5.442964403454279e-36,5.4692041213121316e-36,5.495506942931905e-36,5.5218728683136036e-36,5.5483018974573987e-36,5.574794030363123e-36,5.601349267030768e-36,5.627967607460516e-36,5.6546490516521896e-36,5.681393599605868e-36,5.708201251321568e-36,5.7350720067991834e-36,5.762005866038812e-36,5.789002829040454e-36,5.81606289580402e-36,5.843186066329511e-36,5.870372340617008e-36,5.89762171866652e-36,5.9249342004779604e-36,5.952309786051411e-36,5.979748475386875e-36,6.007250268484259e-36,6.034815165343752e-36,6.06244316596517e-36,6.090134270348512e-36,6.117888478493953e-36,6.145705790401314e-36,6.173586206070688e-36,6.201529725501989e-36,6.229536348695301e-36,6.257606075650536e-36,6.28573890636787e-36,6.313934840847133e-36,6.342193879088311e-36,6.370516021091508e-36,6.398901266856717e-36,6.427349616383849e-36,6.455861069673087e-36,6.484435626724244e-36,6.513073287537326e-36,6.54177405211251e-36,6.570537920449615e-36,6.599364892548739e-36,6.62825496840979e-36,6.657208148032853e-36,6.686224431417928e-36,6.715303818564926e-36,6.744446309473851e-36,6.773651904144788e-36,6.802920602577818e-36,6.83225240477277e-36,6.861647310729651e-36,6.891105320448547e-36,6.920626433929364e-36,6.950210651172195e-36,6.979857972177036e-36,7.009568396943886e-36,7.03934192547266e-36,7.069178557763362e-36,7.099078293816164e-36,7.129041133630888e-36,7.159067077207538e-36,7.189156124546201e-36,7.219308275646882e-36,7.249523530509569e-36,7.279801889134267e-36,7.310143351520887e-36,7.340547917669432e-36,7.371015587580075e-36,7.401546361252734e-36,7.432140238687318e-36,7.462797219883913e-36,7.493517304842431e-36,7.524300493562961e-36,7.555146786045501e-36,7.586056182289965e-36,7.617028682296439e-36,7.648064286064931e-36,7.679162993595348e-36,7.710324804887685e-36,7.741549719942122e-36,7.772837738758482e-36,7.804188861336772e-36,7.835603087677159e-36,7.867080417779472e-36,7.89862085164371e-36,7.930224389269962e-36,7.96189103065823e-36,7.993620775808503e-36,8.025413624720706e-36,8.057269577394915e-36,8.08918863383105e-36,8.121170794029288e-36,8.153216057989446e-36,8.18532442571153e-36,8.217495897195709e-36,8.249730472441817e-36,8.28202815144985e-36,8.314388934219893e-36,8.346812820751952e-36,8.379299811045942e-36,8.411849905102027e-36,8.444463102920037e-36,8.477139404499973e-36,8.509878809842001e-36,8.542681318945953e-36,8.575546931811921e-36,8.6084756484399e-36,8.641467468829806e-36,8.674522392981729e-36,8.707640420895572e-36,8.740821552571428e-36,8.774065788009214e-36,8.807373127209094e-36,8.840743570170905e-36,8.874177116894725e-36,8.90767376738047e-36,8.941233521628225e-36,8.974856379637903e-36,9.008542341409593e-36,9.0422914069433e-36,9.07610357623902e-36,9.109978849296666e-36,9.143917226116324e-36,9.177918706697906e-36,9.211983291041499e-36,9.246110979147103e-36,9.280301771014631e-36,9.314555666644173e-36,9.348872666035729e-36,9.383252769189206e-36,9.417695976104697e-36,9.4522022867822e-36,9.486771701221707e-36,9.521404219423147e-36,9.556099841386592e-36,9.590858567112052e-36,9.62568039659953e-36,9.660565329848929e-36,9.695513366860256e-36,9.730524507633595e-36,9.765598752168945e-36,9.800736100466218e-36,9.835936552525597e-36,9.871200108346899e-36,9.906526767930126e-36,9.941916531275447e-36,9.977369398382696e-36,1.0012885369251866e-35,1.0048464443883048e-35,1.0084106622276244e-35,1.0119811904431365e-35,1.0155580290348501e-35,1.0191411780027556e-35,1.022730637346863e-35,1.02632640706718e-35,1.0299284871636895e-35,1.0335368776363917e-35,1.037151578485295e-35,1.0407725897103992e-35,1.0443999113116959e-35,1.0480335432892029e-35,1.0516734856429021e-35,1.0553197383727931e-35,1.0589723014788951e-35,1.0626311749611893e-35,1.066296358819676e-35,1.0699678530543727e-35,1.0736456576652622e-35,1.0773297726523441e-35,1.0810201980156363e-35,1.0847169337551213e-35,1.0884199798707977e-35,1.0921293363626758e-35,1.095845003230755e-35,1.0995669804750271e-35,1.1032952680955004e-35,1.1070298660921752e-35,1.1107707744650422e-35,1.1145179932141103e-35,1.11827152233937e-35,1.1220313618408319e-35,1.1257975117184941e-35,1.1295699719723582e-35,1.1333487426024145e-35,1.1371338236086637e-35,1.1409252149911218e-35,1.1447229167497733e-35,1.1485269288846162e-35,1.1523372513956692e-35,1.156153884282915e-35,1.1599768275463536e-35,1.1638060811860019e-35,1.167641645201842e-35,1.1714835195938743e-35,1.1753317043621087e-35,1.1791861995065437e-35,1.1830470050271716e-35,1.1869141209240088e-35,1.1907875471970384e-35,1.1946672838462687e-35,1.1985533308716999e-35,1.2024456882733249e-35,1.2063443560511416e-35,1.210249334205168e-35,1.2141606227353874e-35,1.2180782216417997e-35,1.2220021309244205e-35,1.2259323505832344e-35,1.2298688806182487e-35,1.2338117210294556e-35,1.237760871816864e-35,1.241716332980465e-35,1.2456781045202758e-35,1.2496461864362793e-35,1.253620578728476e-35,1.257601281396873e-35,1.261588294441472e-35,1.2655816178622634e-35,1.269581251659265e-35,1.273587195832458e-35,1.277599450381844e-35,1.2816180153074304e-35,1.2856428906092183e-35,1.2896740762871989e-35,1.2937115723413893e-35,1.297755378771772e-35,1.3018054955783488e-35,1.3058619227611343e-35,1.3099246603201116e-35,1.3139937082552912e-35,1.3180690665666623e-35,1.3221507352542256e-35,1.3262387143179982e-35,1.3303330037579644e-35,1.334433603574131e-35,1.3385405137664993e-35,1.3426537343350683e-35,1.34677326527983e-35,1.3508991066007844e-35,1.3550312582979488e-35,1.3591697203713063e-35,1.3633144928208557e-35,1.367465575646606e-35,1.3716229688485574e-35,1.3757866724267005e-35,1.3799566863810453e-35,1.384133010711592e-35,1.3883156454183307e-35,1.392504590501271e-35,1.3966998459604115e-35,1.4009014117957452e-35,1.4051092880072893e-35,1.4093234745950256e-35,1.4135439715589632e-35,1.4177707788990938e-35,1.4220038966154258e-35,1.426243324707959e-35,1.430489063176685e-35,1.4347411120216124e-35,1.438999471242731e-35,1.4432641408400514e-35,1.4475351208135734e-35,1.4518124111632878e-35,1.4560960118892032e-35,1.46038592299132e-35,1.4646821444696295e-35,1.46898467632414e-35,1.4732935185548516e-35,1.4776086711617555e-35,1.48193013414487e-35,1.4862579075041764e-35,1.490591991239676e-35,1.4949323853513764e-35,1.4992790898392691e-35,1.5036321047033632e-35,1.5079914299436588e-35,1.512357065560155e-35,1.5167290115528527e-35,1.521107267921743e-35,1.5254918346668334e-35,1.5298827117881166e-35,1.5342798992856096e-35,1.5386833971592958e-35,1.5430932054091826e-35,1.5475093240352623e-35,1.5519317530375341e-35,1.5563604924160068e-35,1.560795542170681e-35,1.5652369023015563e-35,1.5696845728086243e-35,1.5741385536918928e-35,1.5785988449513632e-35,1.5830654465870253e-35,1.5875383585988892e-35,1.5920175809869445e-35,1.5965031137512022e-35,1.600994956891661e-35,1.6054931104083208e-35,1.609997574301173e-35,1.6145083485702256e-35,1.6190254332154714e-35,1.6235488282369183e-35,1.628078533634575e-35,1.632614549408424e-35,1.6371568755584655e-35,1.6417055120847085e-35,1.6462604589871513e-35,1.6508217162657878e-35,1.6553892839206166e-35,1.6599631619516555e-35,1.6645433503588867e-35,1.6691298491423106e-35,1.6737226583019353e-35,1.678321777837762e-35,1.6829272077497897e-35,1.6875389480380183e-35,1.692156998702439e-35,1.6967813597430524e-35,1.7014120311598767e-35,1.706049012952893e-35,1.710692305122102e-35,1.715341907667521e-35,1.719997820589132e-35,1.724660043886936e-35,1.72932857756095e-35,1.7340034216111558e-35,1.7386845760375636e-35,1.7433720408401724e-35,1.7480658160189737e-35,1.7527659015739766e-35,1.7574722975051714e-35,1.7621850038125675e-35,1.7669040204961562e-35,1.771629347555946e-35,1.7763609849919374e-35,1.7810989328041214e-35,1.7858431909925057e-35,1.790593759557091e-35,1.7953506384978693e-35,1.8001138278148578e-35,1.8048833275080384e-35,1.8096591375774122e-35,1.814441258022995e-35,1.81922968884477e-35,1.8240244300427377e-35,1.828825481616915e-35,1.8336328435672857e-35,1.8384465158938478e-35,1.8432664985966114e-35,1.8480927916755764e-35,1.852925395130733e-35,1.8577643089620913e-35,1.8626095331696508e-35,1.8674610677534108e-35,1.8723189127133642e-35,1.8771830680495186e-35,1.8820535337618735e-35,1.886930309850421e-35,1.89181339631517e-35,1.8967027931561118e-35,1.9015985003732546e-35,1.9065005179665914e-35,1.9114088459361285e-35,1.9163234842818667e-35,1.9212444330038056e-35,1.9261716921019373e-35,1.9311052615762783e-35,1.936045141426804e-35,1.940991331653531e-35,1.945943832256459e-35,1.9509026432355884e-35,1.9558677645909095e-35,1.9608391963224405e-35,1.965816938430165e-35,1.970800990914082e-35,1.9757913537741993e-35,1.980788027010518e-35,1.9857910106230285e-35,1.9908003046117403e-35,1.995815908976645e-35,2.0008378237177506e-35,2.0058660488350653e-35,2.0109005843285736e-35,2.0159414301982824e-35,2.0209885864441844e-35,2.0260420530662782e-35,2.031101830064573e-35,2.0361679174390603e-35,2.0412403151897396e-35,2.046319023316638e-35,2.0514040418197376e-35,2.0564953706990202e-35,2.061593009954505e-35,2.06669695958619e-35,2.0718072195940587e-35,2.0769237899781466e-35,2.0820466707384273e-35,2.0871758618749087e-35,2.0923113633875824e-35,2.0974531752764563e-35,2.1026012975415243e-35,2.1077557301828022e-35,2.1129164732002808e-35,2.1180835265939522e-35,2.1232568903638156e-35,2.1284365645098722e-35,2.1336225490321297e-35,2.1388148439305975e-35,2.144013449205258e-35,2.1492183648561186e-35,2.1544295908831725e-35,2.159647127286419e-35,2.1648709740658662e-35,2.1701011312215235e-35,2.1753375987533732e-35,2.180580376661424e-35,2.1858294649456678e-35,2.191084863606105e-35,2.196346572642742e-35,2.2016145920555887e-35,2.206888921844637e-35,2.2121695620098694e-35,2.2174565125513032e-35,2.222749773468928e-35,2.2280493447627538e-35,2.2333552264327993e-35,2.2386674184790284e-35,2.2439859209014584e-35,2.249310733700089e-35,2.2546418568749037e-35,2.259979290425903e-35,2.265323034353138e-35,2.2706730886565567e-35,2.2760294533361764e-35,2.2813921283919796e-35,2.286761113823984e-35,2.2921364096321896e-35,2.2975180158165968e-35,2.3029059323772045e-35,2.3083001593140133e-35,2.3137006966270057e-35,2.3191075443162e-35,2.324520702381578e-35,2.3299401708231925e-35,2.3353659496409902e-35,2.340798038834989e-35,2.3462364384051887e-35,2.3516811483515734e-35,2.357132168674159e-35,2.3625894993729448e-35,2.3680531404479322e-35,2.3735230918991032e-35,2.3789993537264753e-35,2.384481925930049e-35,2.3899708085098066e-35,2.395466001465782e-35,2.4009675047979594e-35,2.4064753185063204e-35,2.4119894425908996e-35,2.417509877051662e-35,2.4230366218886086e-35,2.428569677101774e-35,2.4341090426911406e-35,2.4396547186567086e-35,2.4452067049984783e-35,2.4507650017164313e-35,2.456329608810585e-35,2.461900526280941e-35,2.4674777541274973e-35,2.4730612923502374e-35,2.478651140949196e-35,2.4842472999243385e-35,2.4898497692756817e-35,2.4954585490032437e-35,2.501073639106989e-35,2.506695039586919e-35,2.5123227504430486e-35,2.51795677167538e-35,2.5235971032839135e-35,2.529243745268648e-35,2.534896697629584e-35,2.540555960366721e-35,2.546221533480059e-35,2.551893416969581e-35,2.557571610835304e-35,2.563256115077246e-35,2.568946929695371e-35,2.57464405468968e-35,2.5803474900602074e-35,2.5860572358069177e-35,2.59177329192983e-35,2.5974956584289434e-35,2.603224335304258e-35,2.6089593225557744e-35,2.6147006201834743e-35,2.6204482281873753e-35,2.626202146567478e-35,2.6319623753237804e-35,2.6377289144562845e-35,2.643501763964973e-35,2.649280923849879e-35,2.6550663941109684e-35,2.66085817474826e-35,2.6666562657617353e-35,2.6724606671514286e-35,2.678271378917323e-35,2.6840884010594017e-35,2.6899117335776805e-35,2.6957413764721603e-35,2.7015773297428406e-35,2.7074195933897236e-35,2.713268167412807e-35,2.7191230518120756e-35,2.724984246587544e-35,2.730851751739214e-35,2.7367255672670665e-35,2.7426056931711386e-35,2.7484921294513947e-35,2.754384876107869e-35,2.7602839331405276e-35,2.7661893005493873e-35,2.772100978334431e-35,2.7780189664956934e-35,2.7839432650331573e-35,2.7898738739468047e-35,2.7958107932366536e-35,2.801754022902703e-35,2.807703562944937e-35,2.813659413363389e-35,2.8196215741580426e-35,2.825590045328879e-35,2.831564826875917e-35,2.8375459187991574e-35,2.8435333210985805e-35,2.8495270337742217e-35,2.855527056826066e-35,2.8615333902540934e-35,2.867546034058321e-35,2.8735649882387505e-35,2.879590252795363e-35,2.885621827728195e-35,2.8916597130372106e-35,2.897703908722426e-35,2.903754414783843e-35,2.9098112312214614e-35,2.9158743580352633e-35,2.921943795225284e-35,2.928019542791505e-35,2.934101600733928e-35,2.940189969052535e-35,2.946284647747344e-35,2.952385636818336e-35,2.9584929362655466e-35,2.964606546088941e-35,2.9707264662885367e-35,2.976852696864333e-35,2.9829852378163315e-35,2.989124089144513e-35,2.9952692508489133e-35,3.0014207229294983e-35,3.007578505386284e-35,3.0137425982192704e-35,3.0199130014284403e-35,3.0260897150138113e-35,3.0322727389753844e-35,3.0384620733131757e-35,3.0446577180271675e-35,3.050859673117343e-35,3.057067938583721e-35,3.063282514426282e-35,3.069503400645061e-35,3.075730597240042e-35,3.0819641042112064e-35,3.0882039215585723e-35,3.09445004928214e-35,3.1007024873819073e-35,3.1069612358578764e-35,3.113226294710047e-35,3.1194976639384017e-35,3.125775343542956e-35,3.1320593335236953e-35,4.787894539083432e-06,9.609923215561307e-06,1.4465783299360783e-05,1.9355324909321233e-05,2.4278519905080918e-05,2.923543734068152e-05,3.4226224141090014e-05,3.925108992408732e-05,4.431029510466969e-05,4.9404141593743014e-05,5.4532965544034556e-05,5.969713170944973e-05,6.489702907448876e-05,7.013306748296876e-05,7.5405675051974e-05,8.071529620312454e-05,8.606239017871428e-05,9.144742993899671e-05,9.687090135886015e-05,0.00010233330266051195,0.00010783514403179112,0.00011337694739144353,0.00011895924627078332,0.0001245825857878914,0.00013024752269625583,0.00013595462549320476,0.00014170447457730712,0.0001474976624462859,0.00015333479392824436,0.00015921648644258218,0.00016514337028512464,0.00017111608893624248,0.00017713529938868607,0.00018320167249446585,0.00018931589332919305,0.0001954786615736436,0.00020169069191244192,0.0002079527144479814,0.00021426547513255022,0.00022062973621655792,0.00022704627671365663,0.00023351589288404356,0.0002400393987357974,0.0002466176265443861,0.0002532514273929393,0.00025994167173081336,0.0002666892499548817,0.0002734950730118775,0.0002803600730237042,0.00028728520393664006,0.00029427144219533095,0.000301319787442616,0.00030843126324694466,0.0003156069178578142,0.00032284782499113044,0.00033015508464579455,0.00033752982395259033,0.0003449731980576104,0.0003524863910412273,0.00036007061687482215,0.00036772712041676443,0.00037545717844984653,0.0003832621007620245,0.000391143231272762,0.00039910194920734246,0.00040713967032136617,0.0004152578481783158,0.0004234579754826515,0.0004317415854716548,0.00044011025336839724,0.00044856559790067005,0.00045710928288720994,0.0004657430188968215,0.0004744685649832046,0.0004832877304999629,0.0004922023770008285,0.0005012144202282929,0.0005103258321981207,0.0005195386433825984,0.0005288549449998914,0.0005382768914151607,0.0005478067026602073,0.0005574466670777149,0.000567199144099352,0.0005770665671640001,0.0005870514467855352,0.0005971563737794751,0.0006073840226577031,0.0006177371552026313,0.0006282186242316829,0.0006388313775634886,0.0006495784622015512,0.0006604630287462555,0.0006714883360518769,0.0006826577561456183,0.0006939747794250991,0.0007054430201538892,0.0007170662222757066,0.0007288482655686834,0.0007407931721653883,0.0007529051134627222,0.0007651884174508505,0.000777647576491932,0.0007902872555806655,0.0008031123011246305,0.0008161277502812712,0.0008293388408961349,0.0008427510220876984,0.0008563699655300559,0.0008702015774885466,0.0008842520116691691,0.0008985276829471627,0.000913035282049306,0.0009277817912669178,0.0009427745012889283,0.0009580210292502866,0.0009735293381018206,0.0009893077574179999,0.001005365005771336,0.0010217102148156049,0.0010383529552352795,0.001055303264736173,0.0010725716782703024,0.0010901692607097498,0.0011081076422109035,0.001126399056534251,0.0011450563826195786,0.0011640931897497,0.0011835237866772202,0.001203363275134226,0.0012236276081978186,0.0012443336540437346,0.0012654992656892996,0.0012871433574066988,0.001309285988577741,0.0013319484558671005,0.001355153394712571,0.0013789248912721515,0.001403288606134408,0.0014282719112858088,0.0014539040420597643,0.001480216266051938,0.0015072420712988622,0.0015350173763842565,0.001563580765575075,0.0015929737526015,0.0016232410773249634,0.0016544310402695746,0.0016865958808929351,0.0017197922065459227,0.0017540814803914408,0.0017895305781340158,0.001826212425384136,0.0018642067298842682,0.0019036008258039605,0.0019444906510256833,0.001986981882995416,0.002031191264543668,0.0020772481585189574,0.0021252963795155766,0.002175496363162278,0.002228027749144407,0.0022830924747169333,0.0023409185024905826,0.0024017643422184097,0.0024659245744900788,0.002489386492761685,0.0025585794428650936,0.0026319640875971354,0.0027100161354687373,0.002793291943530248,0.0028824471928718775,0.0029782610570950317,0.0030816679045441494,0.003193799470085366,0.0033160418047478977,0.0034501134512353367,0.003598174693286084,0.00376298325128541,0.003948120956778865,0.004158331460171482,0.004400035775034976,0.00468213891839314,0.005017320275886573,0.005424125051716358,0.005930311432818327,0.006577756535102679,0.007427379813261913,0.008555162331075252,0.008976256988243175,0.008976256988466687,0.01054384694118271,0.012398352643808714,0.014405092691592326,0.01642214441265036,0.018352225938329064,0.02014345368638877,0.021757331390712255,0.02313699898324045,0.024224616160452916,0.025010728651430947,0.025539174003301003,0.025874142175623126,0.02607399047104639,0.026182530959368226,0.02622990195007608,0.02623609902782895,0.026214277365985694,0.0261731508087918,0.026118577338618686,0.026054569239630263,0.025983930784853636,0.02590866255990839,0.025830220670017556,0.025749685263442058,0.02566787177459015,0.025585405505757004,0.025502772417019284,0.025420354263722314,0.025338453300641377,0.025257309944140372,0.025177115624425924,0.02509802231333964,0.025020149727311928,0.024943590884147156,0.024868416478505614,0.02479467839700444,0.024722412596088813,0.024651641499081764,0.02458237602290444,0.024514617313170537,0.024448358244521642,0.024383584727581478,0.02432027685344773,0.024258409899065463,0.024197955211677915,0.024138880986746093,0.02408115295133018,0.02402473496285101,0.023969589531810456,0.02391567827614935,0.023862962313952022,0.02381140260072966,0.023760960216829767,0.023711596610140592,0.023663273799063234,0.023615954539670955,0.023569602461511095,0.023524182175743442,0.023479659358575312,0.02343600081356752,0.023393174515368504,0.02335114963746186,0.023309896566269105,0.02326938690358722,0.023229593459283427,0.023190490235787647,0.023152052405921882,0.023114256285307683,0.023077079300435364,0.02304049995341127,0.023004497784241303,0.02296905333129779,0.022934148090722993,0.022899764475146592,0.022865885772313497,0.022832496103874885,0.022799580384737447,0.022767124283162157,0.02273511418185286,0.02270353714016803,0.022672380857606856,0.02264163363862128,0.02261128435885671,0.022581322432835553,0.022551737783099022,0.0225225208108219,0.02249366236790707,0.02246515373050198,0.022436986573925153,0.02240915294898573,0.022381645259572855,0.022354456241670147,0.02232757894342331,0.022301006706403313,0.022274733148259666,0.022248752146091833,0.02222305782108579,0.022197644523997452,0.022172506821612772,0.022147639484039774,0.02212303747284805,0.022098695929952294,0.0220746101672221,0.022050775656793566,0.022027188021993535,0.022003843028869898,0.02198073657829429,0.021957864698543397,0.02193522353846613,0.02191280936100802,0.02189061853720513,0.021868647540576863,0.021846892941910997,0.021825351404344096,0.021804019678816167,0.0217828945997933,0.021761973081321367,0.021741252113183035,0.021720728757590842,0.021700400145839113,0.0216802634752133,0.021660316006250346,0.02164055505999874,0.02162097801554131,0.02160158230765471,0.02158236542460916,0.021563324906116395,0.021544458341390342,0.021525763367335415,0.021507237666839263,0.02148887896715974,0.021470685038427195,0.021452653692211186,0.021434782780175316,0.021417070192820516,0.02139951385827744,0.02138211174117775,0.02136486184158861,0.021347762193990816,0.02133081086633238,0.021314005959103755,0.02129734560446799,0.021280827965436507,0.02126445123510968,0.021248213635908182,0.0212321134188561,0.021216148862918775,0.02120031827433959,0.02118461998600353,0.021169052356924525,0.02115361377154584,0.0211383026392777,0.021123117393949065,0.021108056493299634,0.021093118418494733,0.021078301673685816,0.0210636047854814,0.021049026302586177,0.02103456479533919,0.021020218855319742,0.021005987094963992,0.020991868147124233,0.02097786066474496,0.02096396332052813,0.02095017480653474,0.020936493833838138,0.020922919132273243,0.020909449449999055,0.020896083553263493,0.020882820226073167,0.020869658269906517,0.020856596503389148,0.02084363376206362,0.020830768898067228,0.02081800077985847,0.020805328292036414,0.02079275033495349,0.020780265824536508,0.02076787369201403,0.020755572883736494,0.02074336236080785,0.020731241098960816,0.02071920808834152,0.0207072623331552,0.020695402851580138,0.020683628675488088,0.020671938850245188,0.020660332434496963,0.020648808499969907,0.02063736613126081,0.020626004425632893,0.020614722492895924,0.020603519455083572,0.020592394446368803,0.020581346612833788,0.020570375112318216,0.020559479114193417,0.02054865779923364,0.020537910359438846,0.02052723599781402,0.02051663392828501,0.020506103375462634,0.02049564357451571,0.020485253770999228,0.02047493322070397,0.020464681189502076,0.020454496953188923,0.020444379797341036,0.020434329017167394,0.020424343917363745,0.020414423811966224,0.020404568024215253,0.020394775886419227,0.020385046739808347,0.02037537993443353,0.020365774828982306,0.02035623079067808,0.02034674719516209,0.02033732342635589,0.02032795887634665,0.020318652945236295,0.020309405041041995,0.020300214579596205,0.02029108098439845,0.020282003686525524,0.02027298212445771,0.0202640157441369,0.020255103998656997,0.020246246348178985,0.020237442259975393,0.020228691208212076,0.020219992673854104,0.020211346144581633,0.02020275111468552,0.02019420708498226,0.020185713562688935,0.020177270061350443,0.020168876100743888,0.02016053120677645,0.020152234911401834,0.02014398675252668,0.02013578627394562,0.02012763302520873,0.020119526561569616,0.020111466443908443,0.020103452238620246,0.020095483517541694,0.020087559857914626,0.020079680842233747,0.020071846058225106,0.020064055098732637,0.020056307561681214,0.020048603049970814,0.020040941171418695,0.02003332153869025,0.02002574376920445,0.020018207485077013,0.020010712313121903,0.02000325788465205,0.01999584383550839,0.019988469805935567,0.019981135440582776,0.01997384038839733,0.019966584302575408,0.01995936684048729,0.019952187663636572,0.01994504643758296,0.019937942831898016,0.01993087652009241,0.019923847179584918,0.01991685449161765,0.01990989814121648,0.01990297781712384,0.019896093211783525,0.019889244021244264,0.019882429945104065,0.019875650686526115,0.019868905952109918,0.019862195451877597,0.019855518899232694,0.019848876010892132,0.019842266506875428,0.019835690110401767,0.019829146547891502,0.01982263554890381,0.01981615684609856,0.019809710175196078,0.01980329527490407,0.019796911886907704,0.019790559755847162,0.019784238629216837,0.019777948257374514,0.01977168839347565,0.019765458793454573,0.01975925921597293,0.019753089422372697,0.019746949176675885,0.01974083824550951,0.01973475639808322,0.01972870340616237,0.01972267904400533,0.019716683088387265,0.019710715318495265,0.019704775515937804,0.01969886346470688,0.019692978951139806,0.019687121763889925,0.01968129169389408,0.019675488534325117,0.01966971208063338,0.0196639621303955,0.01965823848340605,0.01965254094155992,0.019646869308871998,0.01964122339144374,0.019635602997390787,0.019630007936902543,0.019624438022141064,0.019618893067237894,0.019613372888272588,0.01960787730324342,0.01960240613205286,0.019596959196457223,0.0195915363200635,0.01958613732830816,0.019580762048406235,0.019575410309351855,0.019570081941914085,0.01956477677856624,0.019559494653513736,0.019554235402585204,0.019548998863328237,0.019543784874911183,0.01953859327813125,0.01953342391537456,0.019528276630615318,0.019523151269383515,0.019518047678743086,0.019512965707282996,0.019507905205099006,0.019502866023752116,0.019497848016296657,0.01949285103717539,0.019487874942296975,0.01948291958900128,0.019477984835958567,0.019473070543282147,0.019468176572390496,0.019463302786040644,0.01945844904836119,0.019453615224744942,0.01944880118188658,0.01944400678774636,0.01943923191155142,0.019434476423802482,0.019429740196190856,0.019425023101626384,0.019420325014236493,0.01941564580931734,0.019410985363344218,0.01940634355394367,0.01940172025988813,0.019397115361065503,0.01939252873851616,0.01938796027434898,0.01938340985176487,0.019378877355043365,0.019374362669544242,0.019369865681655198,0.019365386278804197,0.019360924349453208,0.01935647978307887,0.019352052470157137,0.0193476423021544,0.0193432491715326,0.01933887297167139,0.01933451359695876,0.01933017094270626,0.019325844905146387,0.019321535381479453,0.01931724226977719,0.019312965469020983,0.01930870487909097,0.01930446040072243,0.019300231935594953,0.01929601938618029,0.019291822655821425,0.019287641648710344,0.019283476269830322,0.019279326425068764,0.01927519202109285,0.019271072965342275,0.019266969166077362,0.019262880532330447,0.01925880697392846,0.019254748401493337,0.019250704726379825,0.01924667586067941,0.01924266171725033,0.019238662209670132,0.01923467725225914,0.01923070676005779,0.0192267506488328,0.01922280883502485,0.01921888123578346,0.0192149677689562,0.0192110683530443,0.019207182907267983,0.019203311351486414,0.01919945360621508,0.01919560959264646,0.019191779232592267,0.01918796244852098,0.019184159163538956,0.019180369301340466,0.019176592786275197,0.019172829543297663,0.019169079497967294,0.019165342576436314,0.019161618705459002,0.019157907812372157,0.019154209825094644,0.019150524672119685,0.019146852282510143,0.019143192585890284,0.019139545512435834,0.019135910992895105,0.019132288958539922,0.01912867934119008,0.019125082073201568,0.019121497087453636,0.019117924317337744,0.01911436369681182,0.019110815160284244,0.01910727864272767,0.019103754079578303,0.01910024140678485,0.019096740560778414,0.019093251478485826,0.019089774097313435,0.019086308355161626,0.019082854190386685,0.019079411541806122,0.01907598034872928,0.01907256055089685,0.019069152088499075,0.01906575490219795,0.019062368933138195,0.019058994122829034,0.01905563041325156,0.019052277746820077,0.01904893606638061,0.019045605315185635,0.019042285436939577,0.019038976375732094,0.01903567807608181,0.019032390482908803,0.019029113541540542,0.019025847197683375,0.019022591397497943,0.019019346087471,0.01901611121452996,0.01901288672594361,0.01900967256939543,0.019006468692939607,0.019003275044992808,0.019000091574327384,0.01899691823014624,0.01899375496195911,0.018990601719646606,0.018987458453453083,0.018984325113970864,0.01898120165215591,0.018978088019300884,0.01897498416704422,0.01897189004735993,0.018968805612555522,0.01896573081530143,0.01896266560858525,0.01895960994570501,0.01895656378028811,0.018953527066311704,0.01895049975804715,0.01894748181008933,0.018944473177335632,0.018941473815027584,0.01893848367868953,0.01893550272414465,0.018932530907523823,0.01892956818527953,0.01892661451412441,0.01892366985111304,0.018920734153519768,0.018917807378977858,0.018914889485383043,0.01891198043091478,0.018909080173998616,0.01890618867343253,0.01890330588820666,0.018900431777604785,0.018897566301182528,0.018894709418789787,0.018891861090525104,0.018889021276731813,0.018886189938045583,0.018883367035349298,0.018880552529792795,0.018877746382771454,0.018874948555933493,0.01887215901118341,0.01886937771067912,0.018866604616815243,0.018863839692244106,0.018861082899844433,0.01885833420275076,0.01885559356432721,0.018852860948157753,0.01885013631811058,0.01884741963824153,0.018844710872876265,0.018842009986508517,0.01883931694390308,0.01883663171005667,0.01883395425016112,0.01883128452964691,0.018828622514159607,0.01882596816955869,0.018823321461927573,0.018820682357545075,0.01881805082292975,0.0188154268247917,0.018812810330052825,0.018810201305843932,0.018807599719499492,0.01880500553855752,0.01880241873075867,0.018799839264049992,0.018797267106557883,0.01879470222663902,0.018792144592797162,0.018789594173774068,0.018787050938485598,0.018784514856039335,0.01878198589572651,0.018779464027043176,0.01877694921965838,0.018774441443419384,0.018771940668376456,0.018769446864746162,0.018766960002927238,0.01876448005349988,0.01876200698720764,0.018759540775010835,0.018757081388004457,0.01875462879745464,0.01875218297484107,0.018749743891777613,0.018747311520039653,0.01874488583160807,0.01874246679860105,0.018740054393304,0.018737648588196393,0.018735249355862654,0.01873285666909939,0.018730470500846187,0.018728090824221506,0.018725717612443387,0.018723350838949184,0.018720990477290547,0.018718636501207087,0.018716288884572805,0.018713947601410517,0.018711612625899546,0.018709283932364682,0.01870696149527729,0.018704645289272483,0.01870233528911051,0.018700031469723735,0.018697733806137942,0.018695442273568917,0.018693156847361024,0.01869087750299239,0.018688604216089758,0.018686336962398433,0.018684075717844303,0.018681820458454845,0.018679571160386488,0.01867732779995535,0.018675090353595263,0.018672858797877053,0.01867063310950621,0.01866841326531357,0.0186661992422629,0.018665361155114305,0.018665361155114305,0.018665361155114305,0.018665361155114305,0.018665361155114305,0.018665361155114305,0.018665361155114305,0.018665361155114305,0.018665361155114305,0.018665361155114305,0.018665361155114305,0.018665361155114305,0.018665361155114305,0.018665361155114305,0.018665361155114305,0.018665361155114305,0.018665361155114305,0.018665361155114305,0.018665361155114305,0.0186653611551143,0.0186653611551143,0.0186653611551143,0.0186653611551143,0.0186653611551143,0.0186653611551143,0.0186653611551143,0.0186653611551143,0.0186653611551143,0.0186653611551143,0.0186653611551143,0.0186653611551143,0.0186653611551143,0.0186653611551143,0.0186653611551143,0.018665361155114305,0.018665361155114305,0.018665361155114305,0.018665361155114305,0.018665361155114305,0.018665361155114305,0.018665361155114305,0.018665361155114305,0.018665361155114305,0.018665361155114305,0.018665361155114305,0.018665361155114305,0.018665361155114305,0.018665361155114305,0.018665361155114305,0.0186653611551143,0.0186653611551143,0.0186653611551143,0.0186653611551143,0.0186653611551143,0.0186653611551143,0.0186653611551143,0.0186653611551143,0.018665361155114305,0.018665361155114305,0.018665361155114305,0.018665361155114305,0.018665361155114305,0.018665361155114305,0.018665361155114305,0.0186653611551143,0.0186653611551143,0.0186653611551143,0.0186653611551143,0.0186653611551143,0.0186653611551143,0.0186653611551143,0.0186653611551143,0.0186653611551143,0.0186653611551143,0.0186653611551143,0.0186653611551143,0.0186653611551143,0.0186653611551143,0.0186653611551143,0.018665361155114305,0.018665361155114305,0.018665361155114305,0.018665361155114305,0.018665361155114305,0.018665361155114305,0.018665361155114305,0.018665361155114305,0.0186653611551143,0.0186653611551143,0.0186653611551143,0.0186653611551143,0.0186653611551143,0.0186653611551143,0.0186653611551143,0.0186653611551143,0.0186653611551143,0.0186653611551143,0.0186653611551143,0.0186653611551143,0.0186653611551143,0.0186653611551143,0.0186653611551143,0.018665361155114305,0.018665361155114305,0.018665361155114305,0.018665361155114305,0.018665361155114305,0.018665361155114305,0.018665361155114305,0.0186653611551143,0.0186653611551143,0.0186653611551143,0.0186653611551143,0.0186653611551143,0.0186653611551143,0.0186653611551143,0.0186653611551143,0.018665361155114305,0.018665361155114305,0.018665361155114305,0.018665361155114305,0.018665361155114305,0.018665361155114305,0.018665361155114305,0.018665361155114305,0.0186653611551143,0.0186653611551143,0.0186653611551143,0.0186653611551143,0.0186653611551143,0.0186653611551143,0.0186653611551143,0.018665361155114305,0.018665361155114305,0.018665361155114305,0.018665361155114305,0.018665361155114305,0.018665361155114305,0.018665361155114305,0.018665361155114305,0.018665361155114305,0.018665361155114305,0.018665361155114305,0.018665361155114305,0.018665361155114305,0.018665361155114305,0.018665361155114305,0.018665361155114305,0.018665361155114305,0.018665361155114305,0.018665361155114305,0.018665361155114305,0.018665361155114305,0.018665361155114305,0.018665361155114305,0.018665361155114305,0.018665361155114305,0.018665361155114305,0.018665361155114305,0.018665361155114305,0.018665361155114305,0.018665361155114305,0.018665361155114305,0.018665361155114305,0.018665361155114305,0.018665361155114305,0.018665361155114305,0.018665361155114305,0.018665361155114305,0.018665361155114305,0.018665361155114305,0.018665361155114305,0.018665361155114305,0.018665361155114305,0.018665361155114305,0.018665361155114305,0.018665361155114305,0.018665361155114305,0.018665361155114305,0.018665361155114305,0.018665361155114305,0.018665361155114305,0.018665361155114305,0.018665361155114305,0.018665361155114305,0.018665361155114305,0.018665361155114305,0.018665361155114305,0.018665361155114305,0.018665361155114305,0.018665361155114305,0.018665361155114305,0.018665361155114305,0.018665361155114305,0.018665361155114305,0.018665361155114305,0.018665361155114305,0.018665361155114305,0.018665361155114305,0.018665361155114305,0.018665361155114305,0.018665361155114305,0.018665361155114305,0.018665361155114305,0.018665361155114305,0.018665361155114305,0.018665361155114305,0.018665361155114305,0.018665361155114305,0.018665361155114305,0.018665361155114305,0.018665361155114305,0.018665361155114305,0.018665361155114305,0.018665361155114305,0.018665361155114305,0.01866536684405629,0.018665368439239584,0.018665368110501904,0.01866536697391895,0.018665365529846975,0.018665363998215622,0.018665362473479236,0.018665360994224205,0.018665359574331228,0.018665358216905972,0.018665356920495438,0.018665355681852507,0.018665354497155975,0.018665353362539966,0.018665352274314442,0.018665351229048204,0.018665350223590785,0.018665349255067916,0.018665348320865915,0.018665347418612036,0.018665346546154003,0.01866534570153993,0.018665344882999535,0.01866534408892655,0.018665343317862678,0.018665342568482894,0.01866534183958215,0.018665341130063202,0.01866534043892575,0.0186653397652566,0.01866533910822078,0.018665338467053587,0.01866533784105346,0.018665337229575554,0.01866533663202603,0.01866533604785685,0.018665335476561285,0.018665334917669727,0.018665334370746023,0.01866533383538421,0.018665333311205578,0.018665332797856,0.018665332295003664,0.01866533180233688,0.018665331319562266,0.018665330846403077,0.01866533038259765,0.018665329927898097,0.018665329482069087,0.01866532904488677,0.01866532861613781,0.01866532819561851,0.01866532778313401,0.01866532737849768,0.018665326981530353,0.018665326592059883,0.01866532620992051,0.018665325834952524,0.018665325467001753,0.01866532510591924,0.018665324751560897,0.018665324403787178,0.018665324062462785,0.018665323727456475,0.01866532339864076,0.01866532307589177,0.018665322759088967,0.018665322448115047,0.01866532214285578,0.018665321843199786,0.018665321549038473,0.01866532126026591,0.018665320976778664,0.018665320698475756,0.018665320425258508,0.018665320157030485,0.01866531989369739,0.01866531963516702,0.01866531938134915,0.018665319132155505,0.01866531888749969,0.018665318647297056,0.018665318411464783,0.01866531817992169,0.018665317952588297,0.018665317729386684,0.018665317510240517,0.018665317295074983,0.0186653170838167,0.018665316876393792,0.018665316672735705,0.01866531647277333,0.018665316276438873,0.01866531608366579,0.018665315894388853,0.01866531570854408,0.018665315526068708,0.01866531534690113,0.018665315170980926,0.018665314998248795,0.018665314828646567,0.018665314662117165,0.018665314498604525,0.01866531433805369,0.018665314180410692,0.01866531402562259,0.018665313873637384,0.018665313724404057,0.018665313577872548,0.018665313433993698,0.018665313292719258,0.01866531315400187,0.01866531301779505,0.018665312884053143,0.01866531275273137,0.01866531262378577,0.01866531249717313,0.018665312372851094,0.018665312250778054,0.01866531213091316,0.018665312013216317,0.018665311897648137,0.018665311784169983,0.018665311672743927,0.01866531156333269,0.018665311455899704,0.01866531135040908,0.018665311246825533,0.018665311145114473,0.018665311045241908,0.01866531094717446,0.01866531085087939,0.01866531075632455,0.018665310663478353,0.018665310572309777,0.01866531048278841,0.018665310394884352,0.018665310308568252,0.01866531022381132,0.01866531014058525,0.018665310058862288,0.018665309978615156,0.01866530989981708,0.01866530982244177,0.018665309746463424,0.01866530967185671,0.018665309598596722,0.01866530952665905,0.01866530945601971,0.018665309386655136,0.01866530931854221,0.018665309251658237,0.01866530918598093,0.018665309121488376,0.01866530905815911,0.018665308995972026,0.01866530893490639,0.018665308874941892,0.018665308816058532,0.01866530875823672,0.01866530870145719,0.018665308645701036,0.018665308590949697,0.018665308537184958,0.018665308484388913,0.018665308432544006,0.01866530838163297,0.018665308331638878,0.01866530828254509,0.018665308234335275,0.01866530818699342,0.018665308140503756,0.018665308094850855,0.018665308050019508,0.018665308005994842,0.018665307962762213,0.01866530792030726,0.018665307878615874,0.018665307837674196,0.01866530779746866,0.018665307757985878,0.018665307719212758,0.018665307681136438,0.018665307643744262,0.018665307607023833,0.018665307570962963,0.018665307535549694,0.018665307500772266,0.018665307466619173,0.018665307433079065,0.01866530740014083,0.018665307367793565,0.018665307336026546,0.01866530730482923,0.018665307274191308,0.01866530724410261,0.018665307214553215,0.018665307185533307,0.018665307157033278,0.018665307129043726,0.018665307101555374,0.01866530707455914,0.0186653070480461,0.01866530702200747,0.018665306996434684,0.01866530697131925,0.018665306946652895,0.018665306922427474,0.018665306898634996,0.018665306875267573,0.01866530685231754,0.018665306829777302,0.018665306807639424,0.01866530678589663,0.01866530676454175,0.018665306743567714,0.018665306722967654,0.01866530670273476,0.018665306682862395,0.01866530666334401,0.018665306644173176,0.018665306625343592,0.01866530660684909,0.018665306588683567,0.01866530657084106,0.01866530655331573,0.01866530653610181,0.018665306519193643,0.018665306502585688,0.018665306486272508,0.018665306470248753,0.01866530645450917,0.0186653064390486,0.018665306423861994,0.01866530640894438,0.018665306394290877,0.018665306379896697,0.01866530636575713,0.01866530635186756,0.018665306338223456,0.018665306324820365,0.018665306311653924,0.01866530629871983,0.01866530628601387,0.01866530627353189,0.018665306261269866,0.018665306249223763,0.018665306237389705,0.018665306225763834,0.018665306214342352,0.01866530620312158,0.01866530619209786,0.018665306181267625,0.018665306170627373,0.01866530616017365,0.01866530614990306,0.018665306139812304,0.018665306129898102,0.01866530612015726,0.01866530611058664,0.01866530610118314,0.018665306091943733,0.01866530608286546,0.018665306073945374,0.01866530606518062,0.01866530605656838,0.01866530604810589,0.01866530603979041,0.018665306031619294,0.018665306023589942,0.01866530601569974,0.01866530600794619,0.01866530600032681,0.018665305992839172,0.01866530598548088,0.018665305978249582,0.018665305971142982,0.01866530596415882,0.018665305957294865,0.018665305950548952,0.018665305943918922,0.01866530593740269,0.018665305930998178,0.01866530592470337,0.018665305918516277,0.018665305912434933,0.018665305906457427,0.018665305900581883,0.018665305894806448,0.018665305889129284,0.018665305883548648,0.018665305878062755,0.018665305872669898,0.0186653058673684,0.018665305862156593,0.01866530585703285,0.018665305851995585,0.01866530584704321,0.018665305842174202,0.018665305837387045,0.018665305832680244,0.01866530582805236,0.018665305823501947,0.018665305819027596,0.01866530581462795,0.01866530581030162,0.018665305806047302,0.01866530580186369,0.018665305797749488,0.018665305793703454,0.018665305789724338,0.018665305785810923,0.018665305781962023,0.01866530577817646,0.018665305774453102,0.018665305770790824,0.018665305767188497,0.018665305763645043,0.01866530576015939,0.0186653057567305,0.01866530575335733,0.018665305750038892,0.018665305746774167,0.01866530574356218,0.01866530574040201,0.018665305737292675,0.01866530573423327,0.018665305731222902,0.01866530572826066,0.018665305725345697,0.01866530572247713,0.01866530571965414,0.018665305716875864,0.01866530571414153,0.018665305711450322,0.018665305708801462,0.01866530570619418,0.018665305703627733,0.01866530570110136,0.01866530569861434,0.018665305696165972,0.01866530569375555,0.018665305691382368,0.01866530568904578,0.018665305686745105,0.018665305684479692,0.018665305682248893,0.018665305680052095,0.01866530567788868,0.01866530567575804,0.018665305673659576,0.018665305671592716,0.018665305669556872,0.0186653056675515,0.01866530566557602,0.01866530566362992,0.018665305661712636,0.018665305659823665,0.018665305657962504,0.01866530565612863,0.01866530565432156,0.018665305652540785,0.018665305650785842,0.01866530564905627,0.01866530564735161,0.018665305645671402,0.018665305644015195,0.018665305642382574,0.018665305640773105,0.018665305639186343,0.018665305637621907,0.018665305636079377,0.018665305634558357,0.018665305633058463,0.01866530563157932,0.01866530563012053,0.018665305628681742,0.018665305627262582,0.01866530562586269,0.018665305624481727,0.01866530562311936,0.01866530562177523,0.01866530562044901,0.018665305619140378,0.01866530561784903,0.018665305616574625,0.018665305615316874,0.018665305614075485,0.018665305612850142,0.018665305611640554,0.018665305610446437,0.01866530560926752,0.018665305608103512,0.018665305606954154,0.018665305605819183,0.018665305604698333,0.018665305603591344,0.01866530560249798,0.01866530560141797,0.018665305600351095,0.018665305599297098,0.018665305598255768,0.01866530559722686,0.01866530559621015,0.01866530559520541,0.018665305594212436,0.018665305593231,0.018665305592260914,0.018665305591301938,0.018665305590353905,0.018665305589416602,0.018665305588489837,0.018665305587573403,0.018665305586667135,0.01866530558577086,0.01866530558488436,0.018665305584007478,0.018665305583140047,0.01866530558228188,0.018665305581432805,0.01866530558059268,0.01866530557976132,0.018665305578938574,0.01866530557812431,0.01866530557731834,0.01866530557652052,0.01866530557573071,0.018665305574948762,0.018665305574174534,0.018665305573407884,0.018665305572648696,0.018665305571896773,0.018665305571152053,0.01866530557041437,0.01866530556968362,0.018665305568959643,0.018665305568242353,0.018665305567531598,0.018665305566827266,0.018665305566129258,0.018665305565437457,0.01866530556475174,0.018665305564071984,0.018665305563398106,0.018665305562729988,0.018665305562067528,0.018665305561410626,0.018665305560759158,0.01866530556011306,0.018665305559472208,0.01866530555883653,0.018665305558205923,0.01866530555758028,0.018665305556959527,0.018665305556343572,0.01866530555573234,0.01866530555512573,0.018665305554523653,0.018665305553926034,0.018665305553332803,0.018665305552743868,0.018665305552159145,0.01866530555157858,0.018665305551002084,0.018665305550429584,0.018665305549861,0.018665305549296258,0.018665305548735314,0.01866530554817809,0.018665305547624494,0.01866530554707449,0.018665305546527997,0.018665305545984962,0.018665305545445317,0.018665305544908996,0.018665305544375937,0.018665305543846093,0.018665305543319403,0.018665305542795805,0.018665305542275242,0.018665305541757663,0.018665305541243012,0.018665305540731248,0.0186653055402223,0.018665305539716116,0.018665305539212664,0.018665305538711877,0.018665305538213713,0.018665305537718134,0.018665305537225084,0.01866530553673451,0.01866530553624638,0.018665305535760644,0.01866530553527726,0.018665305534796166,0.01866530553431736,0.01866530553384079,0.01866530553336639,0.01866530553289415,0.018665305532423997,0.01866530553195593,0.01866530553148989,0.018665305531025852,0.018665305530563774,0.01866530553010362,0.01866530552964534,0.01866530552918892,0.01866530552873432,0.018665305528281523,0.018665305527830463,0.018665305527381132,0.018665305526933497,0.01866530552648753,0.01866530552604318,0.018665305525600435,0.018665305525159274,0.018665305524719664,0.018665305524281556,0.018665305523844936,0.018665305523409795,0.018665305522976072,0.01866530552254377,0.01866530552211286,0.018665305521683294,0.018665305521255074,0.018665305520828162,0.01866530552040253,0.018665305519978175,0.018665305519555052,0.01866530551913315,0.018665305518712455,0.01866530551829292,0.01866530551787455,0.0186653055174573,0.018665305517041174,0.018665305516626138,0.018665305516212174,0.018665305515799265,0.018665305515387386,0.01866530551497653,0.018665305514566657,0.018665305514157775,0.01866530551374985,0.01866530551334287,0.018665305512936825,0.018665305512531684,0.018665305512127434,0.01866530551172406,0.018665305511321565,0.018665305510919904,0.01866530551051907,0.018665305510119065,0.01866530550971986,0.018665305509321432,0.018665305508923785,0.018665305508526898,0.018665305508130756,0.018665305507735347,0.018665305507340645,0.018665305506946662,0.018665305506553362,0.018665305506160742,0.01866530550576879,0.018665305505377497,0.018665305504986855,0.01866530550459685,0.018665305504207454,0.018665305503818667,0.018665305503430492,0.018665305503042896,0.018665305502655886,0.018665305502269434,0.018665305501883542,0.0186653055014982,0.018665305501113394,0.018665305500729115,0.018665305500345352,0.0186653054999621,0.018665305499579347,0.018665305499197093,0.018665305498815305,0.018665305498433996,0.018665305498053158,0.018665305497672778,0.018665305497292832,0.01866530549691334,0.01866530549653427,0.018665305496155634,0.018665305495777412,0.018665305495399596,0.01866530549502218,0.018665305494645176,0.01866530549426855,0.018665305493892292,0.018665305493516426,0.018665305493140917,0.018665305492765776,0.018665305492390975,0.01866530549201654,0.018665305491642442,0.01866530549126868,0.018665305490895234,0.018665305490522123,0.018665305490149327,0.018665305489776848,0.01866530548940467,0.018665305489032794,0.018665305488661212,0.01866530548828993,0.018665305487918924,0.0186653054875482,0.018665305487177757,0.01866530548680758,0.018665305486437665,0.01866530548606802,0.018665305485698624,0.018665305485329492,0.018665305484960593,0.018665305484591947,0.018665305484223533,0.018665305483855348,0.018665305483487403,0.018665305483119673,0.018665305482752182,0.018665305482384893,0.018665305482017832,0.018665305481650983,0.018665305481284325,0.01866530548091787,0.018665305480551623,0.01866530548018556,0.0186653054798197,0.018665305479454032,0.018665305479088554,0.018665305478723245,0.01866530547835811,0.01866530547799317,0.01866530547762839,0.018665305477263784,0.01866530547689934,0.01866530547653507,0.018665305476170957,0.018665305475806995,0.01866530547544318,0.01866530547507951,0.018665305474716013,0.018665305474352665,0.018665305473989462,0.018665305473626395,0.018665305473263467,0.018665305472900684,0.018665305472538033,0.018665305472175504,0.018665305471813106,0.01866530547145084,0.01866530547108871,0.018665305470726687,0.018665305470364806,0.018665305470003016,0.01866530546964136,0.018665305469279816,0.0186653054689184,0.018665305468557082,0.018665305468195868,0.01866530546783477,0.01866530546747377,0.018665305467112883,0.01866530546675209,0.0186653054663914,0.018665305466030815,0.018665305465670322,0.01866530546530993,0.018665305464949614,0.0186653054645894,0.018665305464229273,0.01866530546386924,0.0186653054635093,0.018665305463149436,0.018665305462789654,0.018665305462429966,0.018665305462070347,0.01866530546171081,0.01866530546135136,0.01866530546099198,0.018665305460632674,0.018665305460273448,0.01866530545991429,0.018665305459555203,0.0186653054591962,0.018665305458837243,0.018665305458478377,0.018665305458119567,0.01866530545776082,0.01866530545740215,0.01866530545704355,0.018665305456685,0.01866530545632652,0.01866530545596809,0.018665305455609727,0.018665305455251413,0.01866530545489317,0.018665305454534983,0.01866530545417683,0.018665305453818764,0.018665305453460717,0.018665305453102743,0.018665305452744828,0.018665305452386954,0.018665305452029133,0.01866530545167136,0.01866530545131363,0.018665305450955964,0.01866530545059833,0.018665305450240748,0.018665305449883207,0.01866530544952571,0.018665305449168265,0.018665305448810864,0.0186653054484535,0.018665305448096203,0.01866530544773892,0.018665305447381687,0.018665305447024497,0.018665305446667342,0.01866530544631023,0.018665305445953156,0.018665305445596126,0.018665305445239116,0.01866530544488216,0.01866530544452523,0.018665305444168324,0.018665305443811467,0.018665305443454638,0.01866530544309784,0.018665305442741087,0.018665305442384362,0.018665305442027685,0.018665305441671023,0.018665305441314388,0.018665305440957798,0.01866530544060123,0.01866530544024469,0.01866530543988819,0.018665305439531706,0.018665305439175255,0.01866530543881884,0.018665305438462444,0.01866530543810607,0.018665305437749722,0.01866530543739342,0.018665305437037125,0.018665305436680858,0.018665305436324612,0.01866530543596839,0.018665305435612203,0.018665305435256026,0.018665305434899887,0.018665305434543776,0.018665305434187686,0.01866530543383162,0.01866530543347558,0.01866530543311957,0.01866530543276356,0.018665305432407586,0.01866530543205162,0.01866530543169567,0.018665305431339752,0.018665305430983856,0.018665305430627985,0.01866530543027213,0.01866530542991628,0.01866530542956047,0.01866530542920466,0.01866530542884888,0.018665305428493113,0.018665305428137366,0.018665305427781637,0.018665305427425928,0.01866530542707024,0.018665305426714563,0.018665305426358893,0.018665305426003257,0.018665305425647632,0.018665305425292014,0.018665305424936423,0.01866530542458085,0.01866530542422528,0.01866530542386973,0.018665305423514203,0.018665305423158685,0.018665305422803185,0.0186653054224477,0.018665305422092222,0.018665305421736767,0.01866530542138133,0.018665305421025905,0.0186653054206705,0.018665305420315095,0.01866530541995971,0.018665305419604327,0.018665305419248972,0.018665305418893628,0.018665305418538294,0.01866530541818298,0.018665305417827686,0.018665305417472383,0.018665305417117098,0.018665305416761827,0.018665305416406562,0.018665305416051315,0.018665305415696075,0.018665305415340862,0.018665305414985647,0.018665305414630445,0.018665305414275257,0.01866530541392008,0.018665305413564866,0.01866530541320972,0.018665305412854587,0.018665305412499448,0.018665305412144322,0.018665305411789214,0.01866530541143411,0.01866530541107901,0.018665305410723927,0.018665305410368854,0.0186653054100138,0.018665305409658745,0.018665305409303702,0.01866530540894867,0.01866530540859366,0.018665305408238648,0.01866530540788365,0.01866530540752865,0.018665305407173677,0.01866530540681868,0.01866530540646373,0.018665305406108775,0.01866530540575383,0.018665305405398902,0.018665305405043967,0.018665305404689043,0.018665305404334143,0.018665305403979232,0.018665305403624335,0.018665305403269446,0.01866530540291457,0.018665305402559697,0.018665305402204835,0.01866530540184998,0.01866530540149513,0.01866530540114029,0.018665305400785467,0.01866530540043064,0.018665305400075848,0.018665305399721048,0.018665305399366245,0.01866530539901146,0.018665305398656663,0.0186653053983019,0.01866530539794713,0.01866530539759238,0.01866530539723763,0.018665305396882884,0.018665305396528147,0.018665305396173424,0.018665305395818704,0.01866530539546399,0.018665305395109286,0.01866530539475458,0.01866530539439985,0.01866530539404517,0.018665305393690493,0.018665305393335833,0.01866530539298117,0.01866530539262651,0.01866530539227186,0.018665305391917224,0.018665305391562585,0.018665305391207955,0.018665305390853336,0.018665305390498717,0.01866530539014411,0.018665305389789517,0.01866530538943492,0.018665305389080327,0.018665305388725753,0.018665305388371176,0.018665305388016612,0.01866530538766204,0.018665305387307485,0.018665305386952942,0.018665305386598396,0.018665305386243856,0.018665305385889324,0.018665305385534802,0.018665305385180273,0.018665305384825772,0.018665305384471254,0.018665305384116763,0.018665305383762265,0.018665305383407785,0.0186653053830533,0.01866530538269883,0.018665305382344375,0.018665305381989898,0.01866530538163545,0.018665305381281,0.01866530538092655,0.01866530538057212,0.018665305380217687,0.018665305379863266,0.01866530537950884,0.018665305379154434,0.01866530537880002,0.018665305378445622,0.018665305378091225,0.018665305377736825,0.018665305377382445,0.018665305377028058,0.018665305376673696,0.01866530537631933,0.018665305375964957,0.01866530537561061,0.018665305375256253,0.018665305374901898,0.018665305374547563,0.01866530537419323,0.018665305373838894,0.018665305373484573,0.018665305373130256,0.018665305372775946,0.018665305372421646,0.018665305372067315,0.018665305371713025,0.01866530537135872,0.018665305371004446,0.018665305370650167,0.018665305370295895,0.018665305369941633,0.01866530536958736,0.018665305369233113,0.018665305368878855,0.018665305368524607,0.018665305368170373,0.018665305367816132,0.0186653053674619,0.01866530536710767,0.018665305366753444,0.018665305366399234,0.018665305366045035,0.01866530536569083,0.01866530536533662,0.018665305364982426,0.018665305364628244,0.018665305364274062,0.018665305363919884,0.018665305363565705,0.018665305363211544,0.018665305362857383,0.01866530536250322,0.018665305362149078,0.018665305361794924,0.01866530536144079,0.018665305361086668,0.018665305360732524,0.018665305360378408,0.01866530536002428,0.018665305359670176,0.018665305359316063,0.018665305358961957,0.018665305358607862,0.01866530535825377,0.01866530535789967,0.018665305357545597,0.018665305357191513,0.01866530535683745,0.018665305356483378,0.01866530535612932,0.018665305355775267,0.01866530535542121,0.01866530535506716,0.01866530535471311,0.01866530535435908,0.018665305354005044,0.018665305353651025,0.018665305353296992,0.01866530535294297,0.018665305352588965,0.018665305352234957,0.01866530535188095,0.018665305351526964,0.01866530535117297,0.01866530535081899,0.018665305350465004,0.01866530535011103,0.01866530534975705,0.018665305349403104,0.018665305349049165,0.0186653053486952,0.018665305348341262,0.01866530534798731,0.018665305347633374,0.01866530534727944,0.018665305346925513,0.018665305346571577,0.018665305346217662,0.018665305345863734,0.018665305345509836,0.01866530534515593,0.018665305344802017,0.01866530534444816,0.01866530534409427,0.01866530534374037,0.018665305343386503,0.018665305343032634,0.01866530534267877,0.018665305342324915,0.018665305341971035,0.018665305341617196,0.01866530534126334,0.01866530534090949,0.01866530534055565,0.018665305340201815,0.018665305339847983,0.01866530533949415,0.018665305339140327,0.01866530533878651,0.018665305338432695,0.018665305338078888,0.018665305337725084,0.01866530533737129,0.0186653053370175,0.018665305336663714,0.018665305336309928,0.018665305335956152,0.01866530533560239,0.018665305335248624,0.018665305334894855,0.018665305334541096,0.018665305334187338,0.01866530533383359,0.018665305333479838,0.018665305333126103,0.018665305332772376,0.01866530533241864,0.018665305332064924,0.01866530533171119,0.018665305331357476,0.01866530533100377,0.01866530533065007,0.01866530533029638,0.018665305329942684,0.01866530532958899,0.01866530532923531,0.018665305328881637,0.018665305328527965,0.0186653053281743,0.01866530532782063,0.01866530532746696,0.018665305327113302,0.018665305326759647,0.018665305326405972,0.018665305326052328,0.018665305325698694,0.018665305325345067,0.01866530532499144,0.01866530532463782,0.0186653053242842,0.018665305323930594,0.01866530532357699,0.018665305323223386,0.018665305322869787,0.018665305322516205,0.01866530532216262,0.01866530532180904,0.01866530532145549,0.01866530532110192,0.01866530532074836,0.018665305320394794,0.018665305320041247,0.018665305319687693,0.018665305319334146,0.018665305318980602,0.018665305318627062,0.018665305318273533,0.018665305317919996,0.01866530531756647,0.01866530531721295,0.01866530531685944,0.01866530531650593,0.018665305316152417,0.01866530531579893,0.018665305315445427,0.01866530531509194,0.018665305314738458,0.018665305314384973,0.0186653053140315,0.018665305313678035,0.01866530531332457,0.018665305312971107,0.018665305312617647,0.018665305312264194,0.018665305311910744,0.018665305311557294,0.018665305311203865,0.018665305310850425,0.018665305310496986,0.018665305310143574,0.018665305309790155,0.018665305309436737,0.01866530530908333,0.018665305308729934,0.01866530530837653,0.018665305308023135,0.018665305307669744,0.018665305307316356,0.018665305306962983,0.018665305306609606,0.018665305306256243,0.018665305305902876,0.01866530530554951,0.018665305305196164,0.018665305304842807,0.01866530530448946,0.018665305304136126,0.01866530530378279,0.018665305303429452,0.01866530530307613,0.01866530530272281,0.018665305302369498,0.018665305302016193,0.018665305301662875,0.01866530530130957,0.01866530530095627,0.018665305300602973,0.018665305300249693,0.01866530529989641,0.01866530529954313,0.01866530529918985,0.01866530529883659,0.018665305298483325,0.01866530529813006,0.018665305297776807,0.018665305297423555,0.018665305297070337,0.01866530529671711,0.018665305296363878,0.018665305296010643,0.01866530529565742,0.018665305295304205,0.01866530529495098,0.01866530529459776,0.01866530529424456,0.01866530529389136,0.018665305293538163,0.01866530529318498,0.01866530529283179,0.018665305292478597,0.018665305292125425,0.01866530529177225,0.018665305291419073,0.018665305291065908,0.018665305290712753,0.0186653052903596,0.01866530529000646,0.018665305289653312,0.01866530528930017,0.018665305288947037,0.018665305288593902,0.01866530528824077,0.018665305287887648,0.01866530528753454,0.01866530528718144,0.01866530528682833,0.018665305286475222,0.018665305286122123,0.01866530528576904,0.018665305285415948,0.01866530528506287,0.01866530528470979,0.018665305284356726,0.018665305284003657,0.018665305283650593,0.018665305283297528,0.018665305282944487,0.018665305282591447,0.018665305282238392,0.018665305281885352,0.018665305281532315,0.018665305281179292,0.01866530528082628,0.018665305280473263,0.01866530528012025,0.018665305279767244,0.01866530527941425,0.01866530527906125,0.01866530527870825,0.01866530527835525,0.018665305278002267,0.018665305277649293,0.018665305277296308,0.018665305276943333,0.018665305276590372,0.018665305276237405,0.018665305275884458,0.018665305275531518,0.018665305275178574,0.01866530527482563,0.018665305274472698,0.018665305274119765,0.018665305273766846,0.018665305273413917,0.018665305273061004,0.01866530527270809,0.01866530527235519,0.018665305272002292,0.01866530527164938,0.01866530527129649,0.0186653052709436,0.018665305270590724,0.018665305270237843,0.018665305269884965,0.018665305269532095,0.01866530526917923,0.018665305268826374,0.01866530526847352,0.01866530526812066,0.01866530526776781,0.018665305267414962,0.018665305267062126,0.0186653052667093,0.01866530526635647,0.018665305266003657,0.01866530526565084,0.01866530526529803,0.018665305264945215,0.01866530526459242,0.018665305264239623,0.018665305263886836,0.018665305263534045,0.018665305263181265,0.018665305262828495,0.018665305262475715,0.01866530526212294,0.018665305261770175,0.01866530526141742,0.01866530526106466,0.018665305260711904,0.01866530526035916,0.018665305260006423,0.018665305259653694,0.01866530525930097,0.01866530525894824,0.018665305258595527,0.018665305258242813,0.018665305257890088,0.01866530525753739,0.018665305257184687,0.018665305256831997,0.018665305256479314,0.018665305256126623,0.01866530525577394,0.018665305255421254,0.01866530525506858,0.01866530525471591,0.018665305254363246,0.018665305254010594,0.01866530525365794,0.018665305253305283,0.018665305252952645,0.018665305252599997,0.018665305252247372,0.01866530525189473,0.018665305251542114,0.018665305251189493,0.018665305250836872,0.01866530525048426,0.018665305250131645,0.01866530524977905,0.018665305249426452,0.018665305249073862,0.018665305248721273,0.018665305248368697,0.018665305248016118,0.018665305247663546,0.018665305247310974,0.018665305246958416,0.01866530524660585,0.018665305246253303,0.018665305245900748,0.018665305245548196,0.018665305245195662,0.018665305244843132,0.018665305244490612,0.01866530524413808,0.018665305243785558,0.018665305243433034,0.018665305243080535,0.018665305242728025,0.018665305242375533,0.018665305242023048,0.01866530524167055,0.01866530524131807,0.0186653052409656,0.018665305240613123,0.018665305240260645,0.01866530523990818,0.018665305239555716,0.01866530523920326,0.01866530523885081,0.018665305238498357,0.018665305238145913,0.018665305237793476,0.018665305237441046,0.018665305237088616,0.018665305236736204,0.01866530523638377,0.018665305236031375,0.018665305235678963,0.018665305235326547,0.01866530523497416,0.018665305234621756,0.018665305234269375,0.018665305233916983,0.018665305233564605,0.018665305233212224,0.01866530523285987,0.018665305232507482,0.01866530523215512,0.01866530523180277,0.01866530523145042,0.018665305231098075,0.018665305230745735,0.018665305230393406,0.018665305230041066,0.018665305229688733,0.01866530522933641,0.01866530522898409,0.018665305228631773,0.01866530522827946,0.01866530522792715,0.01866530522757485,0.018665305227222564,0.018665305226870273,0.01866530522651799,0.018665305226165715,0.018665305225813434,0.018665305225461164,0.018665305225108893,0.01866530522475663,0.01866530522440438,0.018665305224052124,0.01866530522369988,0.01866530522334764,0.0186653052229954,0.01866530522264317,0.01866530522229095,0.01866530522193872,0.018665305221586513,0.018665305221234305,0.018665305220882097,0.01866530522052989,0.0186653052201777,0.018665305219825512,0.018665305219473315,0.018665305219121138,0.018665305218768958,0.018665305218416778,0.018665305218064605,0.018665305217712435,0.018665305217360276,0.018665305217008113,0.018665305216655964,0.018665305216303812,0.01866530521595167,0.018665305215599535,0.018665305215247407,0.018665305214895265,0.018665305214543137,0.01866530521419102,0.01866530521383892,0.018665305213486808,0.018665305213134704,0.018665305212782615,0.018665305212430514,0.01866530521207843,0.018665305211726352,0.018665305211374265,0.018665305211022193,0.018665305210670124,0.01866530521031805,0.018665305209965996,0.018665305209613934,0.018665305209261882,0.018665305208909837,0.0186653052085578,0.018665305208205755,0.01866530520785372,0.018665305207501686,0.01866530520714967,0.018665305206797662,0.018665305206445645,0.01866530520609363,0.018665305205741632,0.018665305205389632,0.018665305205037643,0.018665305204685647,0.018665305204333675,0.018665305203981696,0.018665305203629714,0.018665305203277742,0.018665305202925784,0.01866530520257383,0.018665305202221864,0.018665305201869913,0.018665305201517973,0.01866530520116604,0.018665305200814098,0.018665305200462168,0.01866530520011024,0.018665305199758314,0.0186653051994064,0.01866530519905449,0.018665305198702586,0.01866530519835068,0.018665305197998784,0.01866530519764689,0.018665305197295,0.01866530519694311,0.018665305196591236,0.01866530519623937,0.018665305195887504,0.018665305195535633,0.018665305195183775,0.018665305194831918,0.018665305194480064,0.018665305194128227,0.018665305193776387,0.018665305193424554,0.018665305193072728,0.018665305192720902,0.018665305192369072,0.018665305192017256,0.018665305191665444,0.018665305191313642,0.01866530519096185,0.018665305190610056,0.01866530519025826,0.01866530518990648,0.018665305189554702,0.01866530518920292,0.018665305188851147,0.01866530518849938,0.018665305188147623,0.018665305187795866,0.018665305187444116,0.018665305187092376,0.018665305186740627,0.01866530518638888,0.018665305186037155,0.018665305185685422,0.018665305185333686,0.018665305184981978,0.018665305184630263,0.018665305184278547,0.018665305183926846,0.01866530518357515,0.01866530518322345,0.018665305182871756,0.01866530518252007,0.018665305182168388,0.01866530518181671,0.018665305181465044,0.018665305181113378,0.01866530518076171,0.018665305180410048,0.01866530518005839,0.01866530517970675,0.018665305179355097,0.018665305179003458,0.018665305178651816,0.018665305178300205,0.018665305177948573,0.018665305177596948,0.018665305177245337,0.01866530517689373,0.018665305176542114,0.018665305176190524,0.01866530517583893,0.018665305175487333,0.018665305175135753,0.018665305174784163,0.018665305174432587,0.018665305174081014,0.018665305173729444,0.01866530517337788,0.018665305173026326,0.01866530517267478,0.018665305172323236,0.018665305171971687,0.01866530517162015,0.01866530517126861,0.01866530517091708,0.018665305170565565,0.01866530517021405,0.01866530516986253,0.01866530516951102,0.01866530516915952,0.018665305168808016,0.018665305168456513,0.018665305168105023,0.01866530516775353,0.01866530516740206,0.018665305167050585,0.018665305166699106,0.01866530516634765,0.018665305165996186,0.018665305165644727,0.018665305165293272,0.01866530516494183,0.0186653051645904,0.018665305164238956,0.01866530516388752,0.018665305163536098,0.01866530516318468,0.018665305162833254,0.018665305162481848,0.018665305162130434,0.01866530516177902,0.01866530516142762,0.018665305161076222,0.018665305160724833,0.018665305160373447,0.018665305160022065,0.018665305159670686,0.018665305159319318,0.01866530515896795,0.018665305158616582,0.01866530515826523,0.01866530515791388,0.018665305157562533,0.018665305157211192,0.018665305156859855,0.01866530515650852,0.018665305156157195,0.018665305155805872,0.01866530515545456,0.018665305155103246,0.018665305154751944,0.01866530515440065,0.01866530515404935,0.018665305153698068,0.018665305153346762,0.018665305152995484,0.018665305152644196,0.018665305152292925,0.018665305151941647,0.018665305151590376,0.01866530515123911,0.01866530515088786,0.0186653051505366,0.01866530515018535,0.0186653051498341,0.018665305149482857,0.01866530514913163,0.018665305148780398,0.01866530514842918,0.018665305148077963,0.018665305147726748,0.01866530514737554,0.018665305147024337,0.018665305146673136,0.018665305146321944,0.01866530514597075,0.018665305145619558,0.018665305145268374,0.018665305144917196,0.01866530514456603,0.01866530514421486,0.018665305143863713,0.018665305143512563,0.018665305143161413,0.018665305142810274,0.01866530514245913,0.018665305142108,0.018665305141756863,0.018665305141405738,0.01866530514105461,0.018665305140703498,0.01866530514035238,0.018665305140001268,0.01866530513965016,0.018665305139299062,0.018665305138947964,0.018665305138596867,0.018665305138245783,0.018665305137894703,0.018665305137543622,0.01866530513719256,0.018665305136841486,0.01866530513649043,0.01866530513613937,0.018665305135788315,0.018665305135437266,0.018665305135086234,0.018665305134735195,0.018665305134384157,0.018665305134033135,0.018665305133682114,0.0186653051333311,0.018665305132980103,0.01866530513262909,0.018665305132278088,0.018665305131927094,0.018665305131576108,0.01866530513122511,0.018665305130874128,0.018665305130523162,0.018665305130172193,0.018665305129821216,0.018665305129470258,0.018665305129119292,0.018665305128768326,0.018665305128417384,0.01866530512806636,0.01866530512771548,0.01866530512736454,0.018665305127013615,0.018665305126662687,0.018665305126311763,0.01866530512596084,0.01866530512560993,0.01866530512525902,0.01866530512490812,0.018665305124557222,0.01866530512420633,0.01866530512385543,0.018665305123504554,0.01866530512315367,0.01866530512280279,0.01866530512245192,0.018665305122101062,0.01866530512175021,0.018665305121399342,0.0186653051210485,0.018665305120697653,0.01866530512034681,0.018665305119995975,0.01866530511964514,0.018665305119294318,0.01866530511894349,0.018665305118592674,0.018665305118241854,0.01866530511789105,0.018665305117540238,0.018665305117189442,0.01866530511683865,0.018665305116487868,0.018665305116137083,0.018665305115786308,0.018665305115435536,0.018665305115084775,0.018665305114733997,0.01866530511438324,0.01866530511403248,0.01866530511368173,0.018665305113330984,0.018665305112980236,0.018665305112629513,0.018665305112278773,0.01866530511192805,0.01866530511157733,0.018665305111226608,0.018665305110875895,0.018665305110525193,0.018665305110174488,0.018665305109823782,0.018665305109473087,0.018665305109122402,0.018665305108771717,0.018665305108421033,0.01866530510807036,0.01866530510771968,0.01866530510736902,0.018665305107018366,0.018665305106667723,0.018665305106317063,0.018665305105966413,0.018665305105615773,0.018665305105265127,0.018665305104914497,0.018665305104563868,0.018665305104213242,0.018665305103862627,0.01866530510351202,0.018665305103161414,0.018665305102810816,0.01866530510246021,0.01866530510210963,0.018665305101759046,0.01866530510140845,0.01866530510105787,0.0186653051007073,0.018665305100356726,0.018665305100006153,0.0186653050996556,0.018665305099305043,0.01866530509895449,0.018665305098603955,0.01866530509825342,0.018665305097902873,0.01866530509755234,0.018665305097201806,0.01866530509685129,0.018665305096500776,0.01866530509615026,0.018665305095799757,0.01866530509544925,0.018665305095098755,0.01866530509474826,0.018665305094397774,0.01866530509404729,0.018665305093696818,0.01866530509334634,0.018665305092995865,0.01866530509264539,0.018665305092294932,0.018665305091944476,0.018665305091594017,0.018665305091243582,0.018665305090893137,0.018665305090542705,0.018665305090192267,0.018665305089841853,0.018665305089491428,0.01866530508914101,0.018665305088790603,0.01866530508844019,0.018665305088089786,0.018665305087739392,0.018665305087389002,0.01866530508703862,0.018665305086688233,0.01866530508633786,0.018665305085987485,0.018665305085637122,0.018665305085286767,0.018665305084936405,0.018665305084586054,0.0186653050842357,0.018665305083885343,0.01866530508353501,0.01866530508318467,0.018665305082834347,0.01866530508248401,0.018665305082133692,0.01866530508178338,0.01866530508143306,0.01866530508108276,0.018665305080732452,0.018665305080382163,0.018665305080031863,0.018665305079681574,0.01866530507933129,0.01866530507898102,0.01866530507863074,0.018665305078280466,0.018665305077930204,0.018665305077579946,0.018665305077229702,0.018665305076879444,0.018665305076529203,0.01866530507617897,0.018665305075828732,0.018665305075478495,0.01866530507512828,0.018665305074778045,0.018665305074427832,0.01866530507407763,0.018665305073727424,0.018665305073377218,0.01866530507302701,0.01866530507267683,0.018665305072326645,0.01866530507197646,0.018665305071626278,0.018665305071276103,0.018665305070925935,0.018665305070575778,0.018665305070225624,0.01866530506987547,0.018665305069525313,0.01866530506917518,0.01866530506882503,0.018665305068474903,0.018665305068124766,0.01866530506777464,0.018665305067424504,0.018665305067074398,0.018665305066724276,0.01866530506637418,0.018665305066024068,0.018665305065673973,0.01866530506532389,0.018665305064973804,0.018665305064623716,0.01866530506427363,0.018665305063923564,0.018665305063573508,0.01866530506322343,0.018665305062873377,0.018665305062523327,0.018665305062173263,0.01866530506182322,0.018665305061473184,0.01866530506112315,0.018665305060773112,0.01866530506042309,0.018665305060073068,0.018665305059723056,0.018665305059373038,0.018665305059023026,0.018665305058673035,0.018665305058323024,0.018665305057973036,0.018665305057623042,0.018665305057273065,0.01866530505692309,0.018665305056573118,0.018665305056223148,0.01866530505587318,0.018665305055523225,0.018665305055173272,0.018665305054823323,0.018665305054473377,0.01866530505412343,0.0186653050537735,0.018665305053423575,0.018665305053073643,0.01866530505272372,0.018665305052373807,0.018665305052023885,0.01866530505167399,0.018665305051324084,0.01866530505097418,0.018665305050624272,0.018665305050274396,0.01866530504992451,0.018665305049574633,0.01866530504922477,0.018665305048874904,0.01866530504852503,0.01866530504817517,0.01866530504782532,0.01866530504747547,0.018665305047125623,0.018665305046775788,0.018665305046425957,0.01866530504607612,0.018665305045726294,0.018665305045376467,0.01866530504502666,0.01866530504467685,0.018665305044327042,0.018665305043977242,0.01866530504362743,0.01866530504327763,0.018665305042927842,0.01866530504257807,0.018665305042228283,0.018665305041878508,0.018665305041528735,0.018665305041178977,0.01866530504082922,0.018665305040479464,0.01866530504012971,0.018665305039779975,0.01866530503943023,0.01866530503908049,0.018665305038730748,0.01866530503838102,0.018665305038031307,0.018665305037681584,0.01866530503733188,0.018665305036982167,0.018665305036632454,0.018665305036282758,0.018665305035933066,0.018665305035583384,0.018665305035233695,0.01866530503488402,0.018665305034534348,0.018665305034184673,0.01866530503383501,0.018665305033485357,0.018665305033135692,0.01866530503278604,0.018665305032436397,0.01866530503208676,0.018665305031737123,0.01866530503138749,0.01866530503103786,0.01866530503068824,0.018665305030338628,0.018665305029989008,0.01866530502963941,0.018665305029289807,0.018665305028940204,0.01866530502859061,0.018665305028241017,0.018665305027891443,0.018665305027541847,0.01866530502719228,0.018665305026842723,0.01866530502649316,0.018665305026143594,0.01866530502579403,0.018665305025444476,0.01866530502509493,0.018665305024745397,0.01866530502439585,0.018665305024046324,0.01866530502369679,0.018665305023347272,0.01866530502299776,0.018665305022648244,0.018665305022298743,0.018665305021949238,0.018665305021599736,0.018665305021250248,0.018665305020900757,0.018665305020551273,0.018665305020201788,0.018665305019852325,0.01866530501950286,0.01866530501915339,0.01866530501880393,0.018665305018454467,0.018665305018105028,0.018665305017755582,0.018665305017406146,0.018665305017056707,0.018665305016707268,0.018665305016357846,0.018665305016008424,0.018665305015659005,0.01866530501530959,0.018665305014960193,0.018665305014610785,0.01866530501426139,0.018665305013912004,0.018665305013562603,0.018665305013213226,0.018665305012863852,0.01866530501251447,0.018665305012165106,0.01866530501181574,0.018665305011466383,0.018665305011117028,0.018665305010767685,0.018665305010418336,0.018665305010068994,0.018665305009719663,0.018665305009370328,0.018665305009021006,0.018665305008671685,0.01866530500832237,0.018665305007973063,0.01866530500762376,0.018665305007274455,0.01866530500692515,0.018665305006575848,0.018665305006226568,0.018665305005877278,0.018665305005528,0.018665305005178722,0.018665305004829446,0.01866530500448019,0.01866530500413093,0.01866530500378167,0.018665305003432418,0.018665305003083183,0.018665305002733935,0.018665305002384704,0.01866530500203547,0.018665305001686245,0.018665305001337028,0.018665305000987804,0.01866530500063859,0.01866530500028939,0.018665304999940176,0.01866530499959098,0.018665304999241784,0.018665304998892598,0.018665304998543415,0.018665304998194233,0.01866530499784506,0.01866530499749589,0.018665304997146717,0.01866530499679756,0.018665304996448407,0.018665304996099252,0.018665304995750108,0.018665304995400967,0.01866530499505183,0.018665304994702706,0.01866530499435359,0.018665304994004463,0.018665304993655336,0.01866530499330622,0.018665304992957116,0.01866530499260801,0.01866530499225891,0.01866530499190982,0.018665304991560737,0.01866530499121166,0.018665304990862577,0.0186653049905135,0.018665304990164434,0.018665304989815362,0.018665304989466308,0.01866530498911725,0.018665304988768203,0.018665304988419153,0.01866530498807011,0.01866530498772108,0.01866530498737204,0.018665304987023016,0.018665304986674004,0.018665304986324995,0.018665304985975965,0.01866530498562697,0.018665304985277964,0.018665304984928962,0.018665304984579974,0.01866530498423098,0.018665304983881987,0.018665304983533006,0.01866530498318404,0.018665304982835064,0.018665304982486097,0.018665304982137143,0.018665304981788183,0.01866530498143923,0.01866530498109028,0.018665304980741353,0.018665304980392414,0.01866530498004348,0.018665304979694555,0.01866530497934563,0.018665304978996704,0.018665304978647792,0.018665304978298887,0.018665304977949992,0.01866530497760109,0.018665304977252196,0.01866530497690331,0.01866530497655443,0.018665304976205548,0.01866530497585667,0.0186653049755078,0.018665304975158933,0.01866530497481007,0.018665304974461214,0.01866530497411236,0.018665304973763515,0.018665304973414676,0.018665304973065844,0.018665304972717008,0.01866530497236818,0.018665304972019348,0.018665304971670533,0.018665304971321718,0.018665304970972907,0.0186653049706241,0.01866530497027531,0.018665304969926508,0.01866530496957772,0.01866530496922894,0.018665304968880164,0.01866530496853138,0.018665304968182604,0.01866530496783385,0.018665304967485086,0.018665304967136327,0.018665304966787574,0.018665304966438822,0.018665304966090087,0.01866530496574135,0.018665304965392635,0.018665304965043907,0.018665304964695192,0.018665304964346464,0.01866530496399776,0.01866530496364905,0.018665304963300336,0.018665304962951636,0.018665304962602942,0.01866530496225426,0.018665304961905573,0.018665304961556887,0.018665304961208218,0.018665304960859556,0.01866530496051089,0.01866530496016222,0.018665304959813573,0.018665304959464914,0.018665304959116273,0.01866530495876762,0.018665304958418994,0.018665304958070353,0.01866530495772172,0.0186653049573731,0.018665304957024488,0.018665304956675875,0.018665304956327258,0.018665304955978658,0.018665304955630055,0.018665304955281452,0.018665304954932866,0.018665304954584284,0.018665304954235698,0.01866530495388713,0.018665304953538558,0.018665304953189986,0.01866530495284143,0.018665304952492877,0.018665304952144326,0.018665304951795775,0.01866530495144723,0.018665304951098697,0.01866530495075016,0.018665304950401623,0.0186653049500531,0.018665304949704586,0.018665304949356074,0.018665304949007557,0.01866530494865905,0.01866530494831055,0.018665304947962064,0.018665304947613565,0.018665304947265073,0.018665304946916605,0.018665304946568127,0.01866530494621966,0.0186653049458712,0.018665304945522713,0.018665304945174262,0.018665304944825805,0.018665304944477358,0.01866530494412891,0.01866530494378047,0.018665304943432035,0.018665304943083615,0.01866530494273519,0.018665304942386773,0.018665304942038306,0.018665304941689893,0.018665304941341488,0.018665304940993083,0.018665304940644684,0.018665304940296296,0.01866530493994791,0.01866530493959953,0.01866530493925115,0.01866530493890277,0.018665304938554395,0.01866530493820604,0.01866530493785768,0.018665304937509324,0.018665304937160978,0.01866530493681263,0.0186653049364643,0.01866530493611596,0.018665304935767627,0.0186653049354193,0.018665304935070987,0.018665304934722685,0.01866530493437436,0.01866530493402606,0.01866530493367776,0.01866530493332946,0.018665304932981176,0.018665304932632885,0.01866530493228459,0.01866530493193632,0.018665304931588057,0.018665304931239784,0.01866530493089152,0.018665304930543254,0.018665304930195005,0.018665304929846763,0.01866530492949851,0.018665304929150275,0.018665304928802043,0.018665304928453818,0.018665304928105593,0.018665304927757368,0.018665304927409157,0.01866530492706095,0.01866530492671274,0.018665304926364534,0.01866530492601634,0.018665304925668143,0.01866530492531996,0.01866530492497178,0.018665304924623604,0.018665304924275428,0.018665304923927175,0.018665304923579016,0.01866530492323086,0.0186653049228827,0.01866530492253454,0.018665304922186394,0.018665304921838263,0.018665304921490128,0.018665304921142,0.018665304920793872,0.01866530492044574,0.018665304920097638,0.018665304919749517,0.018665304919401406,0.018665304919053306,0.018665304918705217,0.018665304918357124,0.01866530491800903,0.018665304917660944,0.018665304917312865,0.018665304916964796,0.01866530491661673,0.018665304916268666,0.01866530491592061,0.018665304915572563,0.01866530491522451,0.018665304914876467,0.018665304914528426,0.01866530491418038,0.018665304913832365,0.018665304913484334,0.018665304913136303,0.018665304912788287,0.018665304912440287,0.01866530491209229,0.01866530491174428,0.018665304911396292,0.0186653049110483,0.01866530491070031,0.018665304910352325,0.01866530491000435,0.018665304909656368,0.018665304909308407,0.01866530490896045,0.018665304908612484,0.018665304908264527,0.018665304907916572,0.018665304907568632,0.018665304907220688,0.01866530490687275,0.01866530490652481,0.018665304906176895,0.018665304905828968,0.01866530490548105,0.018665304905133132,0.018665304904785233,0.018665304904437317,0.018665304904089422,0.018665304903741523,0.018665304903393635,0.01866530490304576,0.018665304902697875,0.018665304902349997,0.018665304902002137,0.01866530490165427,0.018665304901306412,0.018665304900958548,0.01866530490061069,0.01866530490026285,0.018665304899915008,0.018665304899567182,0.01866530489921934,0.018665304898871513,0.01866530489852369,0.01866530489817588,0.018665304897828063,0.018665304897480257,0.018665304897132456,0.01866530489678465,0.018665304896436863,0.018665304896089075,0.018665304895741284,0.018665304895393513,0.018665304895045736,0.01866530489469797,0.018665304894350195,0.018665304894002435,0.018665304893654686,0.018665304893306936,0.01866530489295919,0.018665304892611444,0.01866530489226372,0.018665304891915993,0.018665304891568264,0.018665304891220532,0.01866530489087281,0.0186653048905251,0.018665304890177398,0.01866530488982969,0.018665304889481992,0.01866530488913429,0.018665304888786614,0.01866530488843892,0.01866530488809124,0.018665304887743574,0.018665304887395904,0.01866530488704824,0.018665304886700578,0.018665304886352926,0.018665304886005273,0.018665304885657628,0.01866530488530998,0.018665304884962337,0.0186653048846147,0.01866530488426708,0.018665304883919438,0.018665304883571834,0.018665304883224213,0.01866530488287661,0.018665304882529002,0.0186653048821814,0.018665304881833808,0.018665304881486218,0.018665304881138628,0.018665304880791045,0.018665304880443472,0.018665304880095906,0.018665304879748327,0.01866530487940077,0.018665304879053227,0.01866530487870566,0.018665304878358113,0.018665304878010575,0.01866530487766304,0.018665304877315502,0.01866530487696797,0.018665304876620454,0.018665304876272933,0.018665304875925423,0.018665304875577923,0.018665304875230403,0.018665304874882906,0.01866530487453542,0.018665304874187924,0.018665304873840438,0.018665304873492952,0.018665304873145473,0.01866530487279801,0.01866530487245054,0.018665304872103085,0.018665304871755623,0.018665304871408172,0.01866530487106072,0.01866530487071328,0.01866530487036584,0.018665304870018405,0.018665304869670975,0.018665304869323555,0.018665304868976135,0.01866530486862872,0.018665304868281312,0.01866530486793391,0.0186653048675865,0.018665304867239104,0.018665304866891715,0.01866530486654432,0.018665304866196938,0.018665304865849563,0.0186653048655022,0.018665304865154823,0.018665304864807462,0.018665304864460112,0.01866530486411276,0.01866530486376541,0.018665304863418067,0.01866530486307072,0.018665304862723393,0.01866530486237607,0.018665304862028744,0.018665304861681414,0.018665304861334102,0.018665304860986807,0.018665304860639477,0.01866530486029218,0.018665304859944883,0.018665304859597588,0.018665304859250297,0.018665304858903012,0.01866530485855574,0.01866530485820845,0.018665304857861185,0.01866530485751393,0.01866530485716667,0.01866530485681941,0.018665304856472165,0.01866530485612493,0.018665304855777685,0.018665304855430446,0.018665304855083217,0.018665304854735998,0.018665304854388776,0.018665304854041567,0.018665304853694352,0.018665304853347147,0.01866530485299994,0.01866530485265274,0.018665304852305553,0.018665304851958373,0.01866530485161119,0.018665304851264004,0.01866530485091683,0.018665304850569654,0.018665304850222487,0.018665304849875334,0.018665304849528178,0.01866530484918103,0.01866530484883388,0.018665304848486736,0.018665304848139597,0.018665304847792465,0.018665304847445337,0.018665304847098215,0.018665304846751097,0.018665304846403986,0.018665304846056878,0.01866530484570978,0.01866530484536268,0.01866530484501559,0.018665304844668502,0.01866530484432142,0.01866530484397435,0.01866530484362727,0.018665304843280196,0.01866530484293313,0.01866530484258608,0.018665304842239026,0.01866530484189197,0.018665304841544928,0.01866530484119789,0.018665304840850848,0.018665304840503823,0.0186653048401568,0.018665304839809774,0.01866530483946276,0.018665304839115757,0.018665304838768743,0.01866530483842174,0.018665304838074735,0.01866530483772773,0.018665304837380742,0.01866530483703376,0.01866530483668678,0.018665304836339807,0.018665304835992838,0.018665304835645866,0.018665304835298904,0.01866530483495195,0.018665304834604997,0.018665304834258052,0.018665304833911118,0.018665304833564177,0.01866530483321725,0.01866530483287031,0.018665304832523395,0.018665304832176478,0.018665304831829568,0.018665304831482658,0.018665304831135744,0.018665304830788845,0.01866530483044195,0.018665304830095066,0.018665304829748187,0.018665304829401295,0.018665304829054437,0.01866530482870755,0.018665304828360693,0.01866530482801383,0.01866530482766697,0.018665304827320123,0.01866530482697327,0.01866530482662643,0.0186653048262796,0.01866530482593276,0.018665304825585934,0.018665304825239103,0.018665304824892294,0.018665304824545478,0.01866530482419866,0.018665304823851855,0.018665304823505053,0.018665304823158268,0.01866530482281147,0.018665304822464677,0.018665304822117902,0.01866530482177112,0.018665304821424346,0.018665304821077595,0.018665304820730817,0.018665304820384067,0.01866530482003731,0.018665304819690566,0.018665304819343812,0.018665304818997086,0.018665304818650346,0.018665304818303606,0.018665304817956894,0.018665304817610164,0.018665304817263452,0.01866530481691675,0.01866530481657005,0.018665304816223357,0.01866530481587666,0.01866530481552997,0.018665304815183276,0.01866530481483659,0.01866530481448992,0.01866530481414324,0.018665304813796576,0.01866530481344992,0.018665304813103255,0.018665304812756606,0.01866530481240996,0.018665304812063313,0.01866530481171668,0.01866530481137005,0.01866530481102341,0.018665304810676794,0.018665304810330175,0.01866530480998356,0.018665304809636952,0.01866530480929034,0.018665304808943746,0.018665304808597162,0.01866530480825056,0.01866530480790398,0.018665304807557393,0.018665304807210813,0.018665304806864243,0.018665304806517673,0.018665304806171113,0.018665304805824554,0.018665304805477987,0.018665304805131438,0.018665304804784903,0.018665304804438364,0.01866530480409182,0.0186653048037453,0.01866530480339878,0.018665304803052254,0.018665304802705743,0.01866530480235923,0.018665304802012714,0.01866530480166621,0.018665304801319723,0.018665304800973226,0.018665304800626746,0.018665304800280256,0.018665304799933776,0.01866530479958731,0.01866530479924084,0.01866530479889438,0.018665304798547916,0.018665304798201467,0.018665304797855015,0.018665304797508574,0.018665304797162132,0.018665304796815694,0.018665304796469256,0.018665304796122835,0.018665304795776418,0.01866530479542999,0.01866530479508358,0.018665304794737176,0.01866530479439077,0.018665304794044376,0.01866530479369798,0.01866530479335159,0.018665304793005204,0.018665304792658835,0.018665304792312452,0.018665304791966087,0.01866530479161972,0.018665304791273346,0.018665304790927,0.01866530479058064,0.018665304790234302,0.01866530478988796,0.018665304789541624,0.01866530478919529,0.018665304788848973,0.01866530478850265,0.018665304788156326,0.018665304787810023,0.018665304787463706,0.01866530478711741,0.018665304786771107,0.018665304786424815,0.018665304786078536,0.01866530478573225,0.018665304785385965,0.01866530478503969,0.018665304784693425,0.018665304784347157,0.018665304784000893,0.01866530478365463,0.018665304783308384,0.018665304782962137,0.018665304782615893,0.018665304782269656,0.018665304781923433,0.0186653047815772,0.018665304781230983,0.018665304780884753,0.018665304780538544,0.01866530478019234,0.018665304779846133,0.018665304779499937,0.01866530477915374,0.018665304778807557,0.018665304778461372,0.01866530477811518,0.018665304777769006,0.018665304777422828,0.018665304777076664,0.0186653047767305,0.018665304776384353,0.0186653047760382,0.01866530477569205,0.018665304775345906,0.018665304774999773,0.018665304774653634,0.018665304774307504,0.018665304773961378,0.018665304773615256,0.018665304773269137,0.018665304772923035,0.018665304772576927,0.018665304772230835,0.01866530477188473,0.01866530477153864,0.01866530477119256,0.018665304770846478,0.0186653047705004,0.018665304770154323,0.01866530476980826,0.0186653047694622,0.01866530476911614,0.018665304768770086,0.018665304768424037,0.018665304768077998,0.018665304767731955,0.018665304767385912,0.018665304767039884,0.018665304766693865,0.018665304766347833,0.018665304766001815,0.018665304765655807,0.0186653047653098,0.018665304764963805,0.018665304764617807,0.01866530476427181,0.01866530476392583,0.01866530476357984,0.018665304763233855,0.01866530476288789,0.01866530476254193,0.018665304762195967,0.01866530476185,0.01866530476150405,0.018665304761158116,0.018665304760812164,0.018665304760466222,0.018665304760120287,0.018665304759774366,0.01866530475942844,0.01866530475908253,0.01866530475873661,0.0186653047583907,0.01866530475804479,0.018665304757698887,0.018665304757352993,0.018665304757007093,0.018665304756661217,0.018665304756315327,0.018665304755969454,0.01866530475562357,0.01866530475527771,0.018665304754931843,0.018665304754585978,0.018665304754240126,0.018665304753894284,0.018665304753548433,0.018665304753202588,0.01866530475285676,0.01866530475251093,0.01866530475216511,0.01866530475181928,0.018665304751473467,0.01866530475112766,0.018665304750781854,0.01866530475043605,0.018665304750090247,0.018665304749744448,0.01866530474939866,0.01866530474905287,0.018665304748707104,0.01866530474836132,0.01866530474801555,0.018665304747669774,0.01866530474732401,0.018665304746978258,0.018665304746632506,0.018665304746286766,0.018665304745941025,0.018665304745595288,0.01866530474524955,0.01866530474490383,0.01866530474455811,0.01866530474421239,0.01866530474386667,0.01866530474352097,0.018665304743175272,0.01866530474282957,0.01866530474248388,0.01866530474213819,0.0186653047417925,0.018665304741446814,0.018665304741101146,0.01866530474075547,0.018665304740409807,0.018665304740064143,0.01866530473971849,0.018665304739372838,0.018665304739027198,0.018665304738681544,0.01866530473833591,0.01866530473799028,0.018665304737644654,0.01866530473729903,0.018665304736953405,0.018665304736607793,0.01866530473626219,0.01866530473591658,0.018665304735570987,0.018665304735225378,0.018665304734879797,0.0186653047345342,0.01866530473418862,0.01866530473384304,0.018665304733497465,0.018665304733151897,0.01866530473280633,0.018665304732460773,0.01866530473211522,0.018665304731769684,0.01866530473142413,0.018665304731078594,0.018665304730733065,0.018665304730387543,0.01866530473004202,0.01866530472969651,0.018665304729350993,0.01866530472900549,0.01866530472865998,0.018665304728314472,0.018665304727968977,0.01866530472762349,0.018665304727277995,0.018665304726932508,0.018665304726587034,0.018665304726241557,0.018665304725896087,0.01866530472555062,0.018665304725205174,0.018665304724859735,0.01866530472451429,0.01866530472416884,0.01866530472382339,0.018665304723477962,0.018665304723132527,0.018665304722787098,0.018665304722441687,0.018665304722096262,0.018665304721750844,0.018665304721405446,0.018665304721060035,0.01866530472071463,0.018665304720369234,0.018665304720023854,0.018665304719678467,0.01866530471933309,0.018665304718987717,0.01866530471864234,0.01866530471829699,0.018665304717951626,0.018665304717606274,0.01866530471726092,0.018665304716915576,0.01866530471657024,0.018665304716224903,0.01866530471587957,0.018665304715534244,0.018665304715188923,0.0186653047148436,0.018665304714498284,0.018665304714152984,0.01866530471380768,0.018665304713462377,0.018665304713117094,0.018665304712771804,0.01866530471242652,0.01866530471208123,0.018665304711735956,0.01866530471139068,0.018665304711045414,0.018665304710700166,0.018665304710354914,0.018665304710009666,0.018665304709664425,0.01866530470931918,0.01866530470897395,0.01866530470862872,0.018665304708283485,0.018665304707938264,0.018665304707593047,0.01866530470724784,0.01866530470690263,0.018665304706557424,0.01866530470621223,0.01866530470586703,0.01866530470552184,0.018665304705176654,0.01866530470483147,0.018665304704486296,0.01866530470414112,0.01866530470379597,0.018665304703450805,0.018665304703105654,0.018665304702760496,0.01866530470241535,0.018665304702070208,0.01866530470172506,0.018665304701379917,0.01866530470103479,0.01866530470068968,0.018665304700344568,0.01866530469999944,0.018665304699654325,0.018665304699309212,0.01866530469896411,0.018665304698619007,0.018665304698273915,0.01866530469792883,0.018665304697583738,0.018665304697238667,0.0186653046968936,0.01866530469654852,0.018665304696203453,0.0186653046958584,0.018665304695513335,0.01866530469516829,0.018665304694823245,0.018665304694478208,0.01866530469413317,0.018665304693788142,0.018665304693443123,0.018665304693098097,0.01866530469275307,0.018665304692408062,0.01866530469206305,0.018665304691718045,0.01866530469137304,0.018665304691028107,0.018665304690683126,0.01866530469033814,0.01866530468999317,0.018665304689648197,0.018665304689303216,0.018665304688958256,0.0186653046886133,0.018665304688268335,0.018665304687923386,0.018665304687578446,0.0186653046872335,0.018665304686888564,0.018665304686543635,0.018665304686198706,0.018665304685853784,0.01866530468550887,0.018665304685163964,0.018665304684819046,0.018665304684474138,0.018665304684129243,0.01866530468378435,0.018665304683439462,0.018665304683094575,0.0186653046827497,0.018665304682404824,0.01866530468205995,0.01866530468171509,0.018665304681370235,0.018665304681025372,0.018665304680680523,0.01866530468033567,0.01866530467999084,0.018665304679645996,0.01866530467930116,0.01866530467895634,0.01866530467861152,0.018665304678266704,0.018665304677921876,0.018665304677577075,0.018665304677232267,0.01866530467688747,0.018665304676542673,0.018665304676197883,0.018665304675853103,0.018665304675508327,0.01866530467516354,0.018665304674818767,0.018665304674474005,0.018665304674129236,0.01866530467378448,0.018665304673439725,0.01866530467309498,0.01866530467275023,0.01866530467240549,0.01866530467206076,0.018665304671716027,0.0186653046713713,0.01866530467102658,0.01866530467068187,0.018665304670337158,0.018665304669992448,0.018665304669647744,0.01866530466930305,0.01866530466895837,0.018665304668613675,0.018665304668269007,0.018665304667924328,0.018665304667579655,0.018665304667234997,0.018665304666890335,0.018665304666545677,0.018665304666201026,0.018665304665856374,0.01866530466551173,0.01866530466516709,0.01866530466482245,0.018665304664477828,0.018665304664133204,0.018665304663788577,0.018665304663443967,0.018665304663099354,0.018665304662754744,0.01866530466241013,0.01866530466206555,0.018665304661720946,0.018665304661376354,0.01866530466103178,0.0186653046606872,0.018665304660342625,0.018665304659998053,0.01866530465965349,0.018665304659308928,0.018665304658964373,0.018665304658619822,0.018665304658275282,0.018665304657930742,0.01866530465758621,0.018665304657241668,0.018665304656897155,0.01866530465655261,0.01866530465620809,0.018665304655863576,0.018665304655519067,0.01866530465517457,0.018665304654830062,0.01866530465448558,0.01866530465414108,0.01866530465379653,0.018665304653452036,0.018665304653107565,0.01866530465276309,0.01866530465241862,0.018665304652074156,0.01866530465172971,0.018665304651385255,0.01866530465104081,0.018665304650696376,0.018665304650351933,0.018665304650007507,0.018665304649663074,0.01866530464931866,0.018665304648974233,0.018665304648629828,0.018665304648285412,0.018665304647941017,0.018665304647596612,0.018665304647252218,0.018665304646907823,0.018665304646563432,0.018665304646219055,0.018665304645874677,0.01866530464553031,0.018665304645185937,0.018665304644841584,0.01866530464449722,0.018665304644152864,0.018665304643808518,0.01866530464346417,0.018665304643119843,0.018665304642775507,0.018665304642431164,0.018665304642086846,0.01866530464174252,0.018665304641398213,0.0186653046410539,0.0186653046407096,0.018665304640365296,0.018665304640021006,0.018665304639676708,0.018665304639332428,0.018665304638988148,0.018665304638643868,0.018665304638299598,0.018665304637955335,0.018665304637611072,0.01866530463726681,0.018665304636922554,0.018665304636578308,0.018665304636234063,0.018665304635889824,0.01866530463554559,0.018665304635201347,0.01866530463485713,0.018665304634512898,0.018665304634168687,0.018665304633824476,0.018665304633480262,0.01866530463313607,0.018665304632791868,0.018665304632447668,0.01866530463210348,0.018665304631759302,0.018665304631415115,0.01866530463107095,0.018665304630726784,0.018665304630382615,0.018665304630038456,0.01866530462969429,0.01866530462935014,0.018665304629006004,0.01866530462866186,0.018665304628317718,0.018665304627973587,0.018665304627629463,0.018665304627285342,0.018665304626941222,0.018665304626597105,0.018665304626252995,0.01866530462590889,0.018665304625564788,0.018665304625220706,0.018665304624876606,0.018665304624532517,0.018665304624188445,0.018665304623844366,0.018665304623500297,0.018665304623156236,0.01866530462281217,0.018665304622468123,0.01866530462212406,0.01866530462178002,0.01866530462143598,0.01866530462109195,0.01866530462074791,0.018665304620403885,0.018665304620059858,0.018665304619715845,0.018665304619371832,0.01866530461902783,0.018665304618683817,0.01866530461833982,0.018665304617995825,0.018665304617651847,0.018665304617307858,0.01866530461696387,0.018665304616619895,0.018665304616275923,0.018665304615931952,0.01866530461558799,0.018665304615244026,0.018665304614900066,0.018665304614556132,0.018665304614212192,0.01866530461386825,0.018665304613524326,0.01866530461318039,0.018665304612836463,0.01866530461249254,0.018665304612148628,0.01866530461180471,0.018665304611460813,0.018665304611116918,0.01866530461077303,0.01866530461042913,0.018665304610085236,0.018665304609741366,0.01866530460939748,0.018665304609053603,0.018665304608709743,0.018665304608365872,0.01866530460802202,0.01866530460767816,0.01866530460733431,0.018665304606990465,0.018665304606646626,0.018665304606302783,0.018665304605958943,0.01866530460561512,0.018665304605271254,0.018665304604927414,0.0186653046045836,0.018665304604239794,0.018665304603895993,0.01866530460355219,0.018665304603208394,0.018665304602864606,0.01866530460252083,0.018665304602177038,0.018665304601833268,0.0186653046014895,0.01866530460114574,0.018665304600801975,0.018665304600458215,0.01866530460011446,0.018665304599770713,0.01866530459942698,0.01866530459908324,0.018665304598739503,0.018665304598395775,0.01866530459805206,0.01866530459770834,0.018665304597364627,0.018665304597020926,0.01866530459667722,0.018665304596333507,0.01866530459598982,0.018665304595646134,0.01866530459530245,0.018665304594958756,0.01866530459461508,0.01866530459427142,0.018665304593927744,0.018665304593584085,0.01866530459324043,0.018665304592896774,0.01866530459255313,0.01866530459220948,0.01866530459186585,0.01866530459152223,0.018665304591178586,0.018665304590834972,0.018665304590491344,0.018665304590147737,0.01866530458980413,0.01866530458946052,0.01866530458911692,0.018665304588773322,0.01866530458842973,0.018665304588086143,0.01866530458774256,0.018665304587398977,0.018665304587055412,0.018665304586711833,0.01866530458636828,0.01866530458602473,0.018665304585681164,0.01866530458533761,0.01866530458499407,0.01866530458465054,0.018665304584307,0.018665304583963472,0.018665304583619945,0.01866530458327643,0.01866530458293292,0.0186653045825894,0.018665304582245905,0.018665304581902395,0.018665304581558892,0.018665304581215406,0.018665304580871924,0.01866530458052844,0.018665304580184963,0.018665304579841488,0.018665304579498023,0.018665304579154544,0.0186653045788111,0.018665304578467632,0.018665304578124178,0.018665304577780737,0.01866530457743729,0.018665304577093846,0.018665304576750422,0.018665304576407,0.018665304576063583,0.018665304575720163,0.01866530457537675,0.018665304575033348,0.01866530457468995,0.018665304574346543,0.018665304574003155,0.018665304573659763,0.018665304573316378,0.018665304572973,0.01866530457262963,0.01866530457228626,0.018665304571942886,0.018665304571599525,0.018665304571256175,0.018665304570912825,0.018665304570569464,0.018665304570226127,0.018665304569882794,0.018665304569539454,0.01866530456919613,0.018665304568852806,0.018665304568509483,0.018665304568166174,0.018665304567822855,0.018665304567479547,0.01866530456713625,0.01866530456679295,0.018665304566449666,0.018665304566106378,0.018665304565763097,0.018665304565419826,0.01866530456507655,0.018665304564733278,0.018665304564390018,0.018665304564046758,0.01866530456370351,0.01866530456336025,0.018665304563017,0.01866530456267377,0.018665304562330527,0.018665304561987308,0.01866530456164408,0.018665304561300854,0.018665304560957635,0.018665304560614424,0.018665304560271226,0.018665304559928018,0.018665304559584824,0.018665304559241622,0.01866530455889843,0.018665304558555255,0.018665304558212074,0.01866530455786891,0.01866530455752573,0.018665304557182565,0.0186653045568394,0.01866530455649624,0.018665304556153096,0.018665304555809947,0.018665304555466812,0.018665304555123684,0.018665304554780552,0.01866530455443743,0.01866530455409431,0.018665304553751184,0.018665304553408077,0.018665304553064966,0.01866530455272186,0.018665304552378758,0.018665304552035668,0.018665304551692578,0.018665304551349498,0.018665304551006415,0.018665304550663342,0.018665304550320276,0.018665304549977207,0.018665304549634137,0.01866530454929109,0.018665304548948044,0.018665304548604992,0.018665304548261936,0.018665304547918902,0.01866530454757587,0.01866530454723284,0.018665304546889812,0.0186653045465468,0.01866530454620378,0.018665304545860774,0.01866530454551776,0.01866530454517477,0.018665304544831764,0.01866530454448878,0.0186653045441458,0.01866530454380282,0.018665304543459844,0.018665304543116875,0.018665304542773903,0.018665304542430938,0.01866530454208798,0.018665304541745028,0.018665304541402073,0.018665304541059132,0.01866530454071619,0.018665304540373257,0.01866530454003032,0.018665304539687396,0.01866530453934447,0.018665304539001552,0.018665304538658646,0.018665304538315736,0.01866530453797283,0.018665304537629945,0.018665304537287042,0.018665304536944156,0.018665304536601268,0.018665304536258392,0.018665304535915524,0.018665304535572653,0.018665304535229788,0.018665304534886924,0.01866530453454407,0.01866530453420122,0.018665304533858385,0.01866530453351555,0.01866530453317271,0.018665304532829875,0.018665304532487045,0.018665304532144225,0.018665304531801402,0.018665304531458593,0.018665304531115798,0.018665304530772985,0.018665304530430193,0.018665304530087395,0.01866530452974461,0.018665304529401835,0.018665304529059044,0.018665304528716276,0.0186653045283735,0.018665304528030727,0.018665304527687974,0.01866530452734521,0.01866530452700246,0.018665304526659713,0.01866530452631697,0.018665304525974216,0.018665304525631476,0.018665304525288758,0.018665304524946025,0.0186653045246033,0.018665304524260587,0.018665304523917875,0.01866530452357517,0.018665304523232482,0.01866530452288978,0.018665304522547086,0.0186653045222044,0.018665304521861718,0.01866530452151904,0.018665304521176367,0.018665304520833703,0.018665304520491036,0.01866530452014838,0.018665304519805727,0.018665304519463077,0.018665304519120424,0.01866530451877779,0.01866530451843516,0.018665304518092535,0.018665304517749906,0.018665304517407284,0.01866530451706467,0.018665304516722058,0.018665304516379447,0.018665304516036842,0.01866530451569424,0.018665304515351654,0.01866530451500907,0.018665304514666484,0.0186653045143239,0.018665304513981334,0.018665304513638743,0.018665304513296177,0.018665304512953614,0.01866530451261106,0.018665304512268513,0.01866530451192597,0.018665304511583426,0.01866530451124089,0.018665304510898352,0.01866530451055583,0.018665304510213313,0.01866530450987078,0.01866530450952827,0.018665304509185774,0.018665304508843263,0.018665304508500756,0.018665304508158263,0.018665304507815776,0.018665304507473293,0.018665304507130807,0.018665304506788334,0.018665304506445865,0.0186653045061034,0.018665304505760937,0.018665304505418482,0.01866530450507602,0.018665304504733575,0.01866530450439113,0.01866530450404869,0.018665304503706254,0.01866530450336383,0.018665304503021413,0.01866530450267899,0.01866530450233657,0.018665304501994166,0.01866530450165176,0.018665304501309356,0.018665304500966953,0.018665304500624563,0.018665304500282177,0.018665304499939802,0.018665304499597427,0.01866530449925505,0.018665304498912683,0.01866530449857032,0.01866530449822796,0.018665304497885612,0.018665304497543257,0.018665304497200913,0.018665304496858565,0.018665304496516228,0.018665304496173905,0.01866530449583157,0.01866530449548925,0.01866530449514694,0.01866530449480463,0.01866530449446232,0.01866530449412002,0.018665304493777717,0.01866530449343542,0.018665304493093147,0.018665304492750855,0.018665304492408573,0.01866530449206631,0.018665304491724044,0.018665304491381776,0.01866530449103952,0.018665304490697254,0.018665304490355007,0.01866530449001275,0.018665304489670517,0.01866530448932828,0.01866530448898604,0.01866530448864381,0.018665304488301587,0.018665304487959365,0.018665304487617156,0.01866530448727495,0.018665304486932734,0.018665304486590536,0.01866530448624834,0.018665304485906156,0.01866530448556397,0.018665304485221794,0.01866530448487962,0.018665304484537446,0.01866530448419529,0.01866530448385312,0.018665304483510965,0.018665304483168794,0.018665304482826654,0.018665304482484518,0.018665304482142372,0.018665304481800243,0.018665304481458117,0.01866530448111598,0.018665304480773866,0.01866530448043175,0.018665304480089635,0.018665304479747537,0.01866530447940543,0.018665304479063338,0.018665304478721237,0.01866530447837916,0.01866530447803707,0.018665304477694995,0.018665304477352925,0.01866530447701085,0.01866530447666878,0.018665304476326732,0.018665304475984676,0.018665304475642616,0.018665304475300574,0.01866530447495853,0.0186653044746165,0.01866530447427447,0.018665304473932443,0.018665304473590414,0.018665304473248403,0.018665304472906395,0.018665304472564384,0.018665304472222376,0.01866530447188039,0.01866530447153838,0.0186653044711964,0.018665304470854408,0.01866530447051243,0.01866530447017046,0.018665304469828486,0.01866530446948652,0.01866530446914456,0.018665304468802598,0.018665304468460656,0.0186653044681187,0.018665304467776762,0.018665304467434824,0.018665304467092896,0.018665304466750965,0.01866530446640904,0.01866530446606713,0.01866530446572521,0.0186653044653833,0.018665304465041402,0.018665304464699495,0.018665304464357598,0.01866530446401571,0.01866530446367382,0.018665304463331936,0.01866530446299006,0.018665304462648184,0.018665304462306312,0.018665304461964446,0.018665304461622595,0.018665304461280736,0.01866530446093889,0.01866530446059705,0.018665304460255213,0.018665304459913372,0.018665304459571545,0.018665304459229714,0.01866530445888789,0.01866530445854608,0.01866530445820427,0.018665304457862453,0.01866530445752066,0.018665304457178858,0.01866530445683706,0.018665304456495273,0.018665304456153484,0.01866530445581171,0.01866530445546994,0.018665304455128172,0.018665304454786404,0.018665304454444653,0.0186653044541029,0.018665304453761147,0.018665304453419407,0.018665304453077673,0.018665304452735943,0.018665304452394196,0.01866530445205248,0.018665304451710746,0.018665304451369033,0.01866530445102732,0.01866530445068561,0.018665304450343916,0.018665304450002213,0.01866530444966051,0.018665304449318822,0.01866530444897713,0.018665304448635463,0.018665304448293785,0.018665304447952117,0.018665304447610456,0.0186653044472688,0.01866530444692714,0.01866530444658548,0.018665304446243834,0.01866530444590219,0.018665304445560554,0.018665304445218918,0.018665304444877295,0.018665304444535673,0.018665304444194057,0.018665304443852438,0.018665304443510812,0.01866530444316921,0.01866530444282762,0.018665304442486017,0.01866530444214442,0.018665304441802828,0.018665304441461254,0.018665304441119673,0.0186653044407781,0.01866530444043653,0.018665304440094968,0.018665304439753415,0.018665304439411855,0.01866530443907029,0.018665304438728738,0.01866530443838719,0.018665304438045652,0.01866530443770413,0.018665304437362595,0.018665304437021076,0.01866530443667955,0.018665304436338043,0.018665304435996528,0.018665304435655033,0.01866530443531353,0.01866530443497204,0.018665304434630547,0.01866530443428906,0.018665304433947573,0.018665304433606106,0.018665304433264637,0.01866530443292317,0.018665304432581704,0.018665304432240244,0.0186653044318988,0.01866530443155734,0.0186653044312159,0.018665304430874465,0.018665304430533033,0.018665304430191605,0.018665304429850184,0.01866530442950876,0.018665304429167348,0.018665304428825934,0.018665304428484526,0.01866530442814312,0.018665304427801725,0.01866530442746034,0.01866530442711896,0.01866530442677757,0.018665304426436193,0.01866530442609481,0.018665304425753447,0.018665304425412088,0.01866530442507073,0.01866530442472937,0.018665304424388015,0.018665304424046677,0.018665304423705332,0.018665304423364004,0.01866530442302268,0.01866530442268135,0.018665304422340035,0.018665304421998725,0.018665304421657404,0.01866530442131609,0.018665304420974783,0.018665304420633494,0.01866530442029219,0.018665304419950915,0.018665304419609622,0.01866530441926835,0.018665304418927074,0.0186653044185858,0.018665304418244547,0.01866530441790327,0.018665304417562013,0.018665304417220762,0.018665304416879518,0.018665304416538277,0.018665304416197043,0.018665304415855812,0.018665304415514585,0.018665304415173348,0.018665304414832135,0.01866530441449092,0.018665304414149705,0.018665304413808502,0.018665304413467306,0.018665304413126114,0.018665304412784925,0.018665304412443736,0.018665304412102554,0.01866530441176138,0.0186653044114202,0.018665304411079036,0.01866530441073787,0.018665304410396714,0.01866530441005557,0.018665304409714412,0.018665304409373275,0.018665304409032125,0.018665304408691,0.01866530440834986,0.01866530440800874,0.018665304407667612,0.018665304407326486,0.018665304406985397,0.01866530440664427,0.018665304406303165,0.018665304405962077,0.01866530440562098,0.01866530440527989,0.018665304404938812,0.01866530440459774,0.018665304404256663,0.018665304403915593,0.01866530440357453,0.018665304403233475,0.018665304402892414,0.018665304402551364,0.01866530440221032,0.018665304401869278,0.018665304401528242,0.0186653044011872,0.01866530440084618,0.018665304400505154,0.01866530440016414,0.018665304399823134,0.018665304399482118,0.018665304399141113,0.018665304398800115,0.018665304398459124,0.018665304398118126,0.018665304397777145,0.018665304397436164,0.018665304397095187,0.018665304396754213,0.018665304396413247,0.018665304396072287,0.018665304395731337,0.018665304395390377,0.018665304395049428,0.01866530439470848,0.018665304394367543,0.018665304394026614,0.01866530439368567,0.018665304393344753,0.01866530439300384,0.018665304392662927,0.018665304392322012,0.018665304391981108,0.018665304391640207,0.018665304391299303,0.018665304390958405,0.01866530439061753,0.018665304390276638,0.018665304389935765,0.018665304389594888,0.018665304389254008,0.018665304388913173,0.018665304388572293,0.018665304388231437,0.018665304387890592,0.01866530438754975,0.018665304387208908,0.018665304386868073,0.018665304386527245,0.018665304386186413,0.01866530438584559,0.018665304385504775,0.01866530438516397,0.018665304384823164,0.01866530438448236,0.018665304384141556,0.01866530438380076,0.01866530438345997,0.018665304383119183,0.018665304382778407,0.01866530438243763,0.01866530438209686,0.01866530438175609,0.018665304381415334,0.018665304381074575,0.018665304380733824,0.01866530438039308,0.018665304380052327,0.018665304379711593,0.018665304379370865,0.01866530437903013,0.018665304378689396,0.018665304378348676,0.01866530437800797,0.01866530437766726,0.018665304377326553,0.018665304376985853,0.018665304376645153,0.018665304376304467,0.01866530437596378,0.018665304375623092,0.018665304375282413,0.018665304374941735,0.01866530437460107,0.018665304374260415,0.018665304373919746,0.0186653043735791,0.01866530437323845,0.0186653043728978,0.01866530437255716,0.018665304372216522,0.018665304371875902,0.018665304371535272,0.018665304371194652,0.01866530437085403,0.018665304370513412,0.01866530437017281,0.018665304369832207,0.018665304369491605,0.018665304369151023,0.018665304368810424,0.018665304368469835,0.018665304368129257,0.01866530436778869,0.018665304367448107,0.018665304367107546,0.01866530436676699,0.018665304366426428,0.018665304366085884,0.018665304365745337,0.018665304365404787,0.018665304365064257,0.018665304364723724,0.01866530436438319,0.018665304364042665,0.01866530436370214,0.018665304363361633,0.018665304363021124,0.01866530436268062,0.018665304362340113,0.018665304361999615,0.01866530436165913,0.018665304361318646,0.01866530436097817,0.01866530436063769,0.018665304360297216,0.018665304359956746,0.018665304359616285,0.018665304359275835,0.01866530435893538,0.01866530435859493,0.018665304358254475,0.018665304357914043,0.018665304357573596,0.018665304357233167,0.018665304356892745,0.01866530435655233,0.01866530435621191,0.018665304355871493,0.018665304355531084,0.018665304355190687,0.018665304354850296,0.018665304354509908,0.018665304354169514,0.018665304353829133,0.018665304353488763,0.01866530435314839,0.018665304352808016,0.01866530435246765,0.0186653043521273,0.018665304351786934,0.01866530435144659,0.018665304351106242,0.018665304350765893,0.018665304350425547,0.018665304350085222,0.018665304349744883,0.01866530434940457,0.018665304349064243,0.01866530434872393,0.018665304348383625,0.018665304348043314,0.01866530434770301,0.018665304347362712,0.018665304347022422,0.018665304346682142,0.018665304346341862,0.018665304346001586,0.018665304345661306,0.018665304345321043,0.01866530434498078,0.018665304344640518,0.01866530434430027,0.01866530434396002,0.01866530434361978,0.01866530434327954,0.018665304342939306,0.018665304342599075,0.01866530434225885,0.018665304341918626,0.018665304341578412,0.018665304341238198,0.018665304340897998,0.018665304340557794,0.018665304340217598,0.018665304339877398,0.01866530433953722,0.01866530433919704,0.018665304338856867,0.01866530433851669,0.018665304338176515,0.018665304337836346,0.01866530433749618,0.01866530433715603,0.01866530433681588,0.018665304336475733,0.01866530433613559,0.01866530433579546,0.018665304335455324,0.018665304335115193,0.01866530433477508,0.01866530433443495,0.018665304334094836,0.018665304333754726,0.01866530433341463,0.01866530433307452,0.018665304332734434,0.018665304332394342,0.018665304332054256,0.01866530433171418,0.018665304331374102,0.018665304331034027,0.018665304330693962,0.0186653043303539,0.018665304330013836,0.01866530432967379,0.01866530432933374,0.018665304328993704,0.018665304328653667,0.018665304328313623,0.018665304327973586,0.018665304327633567,0.01866530432729354,0.018665304326953527,0.018665304326613515,0.018665304326273512,0.018665304325933513,0.018665304325593515,0.018665304325253516,0.018665304324913534,0.01866530432457355,0.01866530432423357,0.0186653043238936,0.01866530432355363,0.018665304323213665,0.018665304322873704,0.01866530432253375,0.018665304322193793,0.01866530432185385,0.018665304321513913,0.018665304321173977,0.01866530432083404,0.018665304320494108,0.018665304320154192,0.018665304319814273,0.01866530431947436,0.018665304319134445,0.018665304318794537,0.018665304318454642,0.018665304318114743,0.018665304317774856,0.01866530431743497,0.018665304317095097,0.01866530431675522,0.018665304316415342,0.018665304316075472,0.018665304315735622,0.018665304315395755,0.0186653043150559,0.018665304314716052,0.01866530431437621,0.01866530431403637,0.018665304313696528,0.0186653043133567,0.018665304313016873,0.018665304312677055,0.018665304312337233,0.01866530431199743,0.018665304311657617,0.018665304311317812,0.01866530431097802,0.018665304310638224,0.018665304310298437,0.01866530430995866,0.018665304309618873,0.018665304309279106,0.018665304308939343,0.018665304308599574,0.01866530430825982,0.018665304307920058,0.018665304307580316,0.01866530430724056,0.018665304306900818,0.018665304306561076,0.018665304306221348,0.018665304305881623,0.018665304305541905,0.01866530430520217,0.018665304304862452,0.01866530430452274,0.018665304304183044,0.01866530430384334,0.018665304303503646,0.018665304303163953,0.018665304302824263,0.018665304302484597,0.01866530430214491,0.018665304301805238,0.018665304301465572,0.01866530430112591,0.01866530430078625,0.018665304300446606,0.01866530430010695,0.01866530429976732,0.01866530429942767,0.01866530429908804,0.01866530429874841,0.01866530429840879,0.01866530429806916,0.01866530429772955,0.018665304297389943,0.018665304297050336,0.018665304296710736,0.01866530429637113,0.018665304296031544,0.018665304295691958,0.018665304295352375,0.0186653042950128,0.018665304294673217,0.018665304294333655,0.018665304293994083,0.018665304293654532,0.018665304293314974,0.018665304292975422,0.018665304292635874,0.018665304292296327,0.018665304291956793,0.01866530429161726,0.018665304291277742,0.018665304290938215,0.018665304290598688,0.018665304290259182,0.01866530428991967,0.018665304289580176,0.018665304289240667,0.018665304288901174,0.01866530428856168,0.018665304288222193,0.018665304287882722,0.018665304287543257,0.01866530428720379,0.018665304286864325,0.018665304286524867,0.01866530428618541,0.01866530428584595,0.01866530428550651,0.01866530428516707,0.018665304284827627,0.018665304284488204,0.018665304284148768,0.01866530428380933,0.018665304283469922,0.018665304283130513,0.01866530428279109,0.01866530428245169,0.018665304282112286,0.018665304281772894,0.018665304281433506,0.018665304281094103,0.018665304280754726,0.01866530428041535,0.018665304280075967,0.018665304279736606,0.01866530427939724,0.018665304279057875,0.018665304278718525,0.01866530427837917,0.018665304278039824,0.018665304277700467,0.018665304277361128,0.0186653042770218,0.018665304276682476,0.018665304276343154,0.018665304276003828,0.01866530427566452,0.018665304275325218,0.01866530427498591,0.018665304274646605,0.018665304274307317,0.018665304273968033,0.018665304273628742,0.018665304273289454,0.018665304272950177,0.018665304272610903,0.018665304272271636,0.01866530427193238,0.018665304271593127,0.018665304271253878,0.018665304270914628,0.01866530427057539,0.01866530427023615,0.018665304269896918,0.018665304269557686,0.01866530426921846,0.01866530426887924,0.018665304268540017,0.018665304268200813,0.018665304267861605,0.0186653042675224,0.018665304267183207,0.018665304266844016,0.018665304266504822,0.018665304266165632,0.018665304265826466,0.01866530426548728,0.01866530426514811,0.01866530426480895,0.01866530426446978,0.018665304264130617,0.018665304263791475,0.018665304263452323,0.018665304263113185,0.018665304262774046,0.018665304262434908,0.018665304262095794,0.01866530426175667,0.018665304261417544,0.018665304261078423,0.018665304260739323,0.018665304260400223,0.018665304260061126,0.018665304259722033,0.018665304259382922,0.018665304259043846,0.018665304258704767,0.01866530425836569,0.018665304258026625,0.018665304257687552,0.018665304257348487,0.018665304257009435,0.018665304256670373,0.018665304256331325,0.018665304255992273,0.01866530425565324,0.018665304255314194,0.018665304254975174,0.01866530425463614,0.01866530425429712,0.0186653042539581,0.01866530425361909,0.01866530425328008,0.018665304252941085,0.01866530425260209,0.01866530425226309,0.018665304251924104,0.018665304251585114,0.018665304251246143,0.018665304250907167,0.018665304250568195,0.01866530425022923,0.018665304249890276,0.01866530424955132,0.01866530424921237,0.018665304248873422,0.018665304248534475,0.01866530424819554,0.01866530424785661,0.018665304247517684,0.018665304247178754,0.01866530424683984,0.01866530424650092,0.018665304246162015,0.018665304245823106,0.01866530424548421,0.01866530424514531,0.01866530424480642,0.01866530424446754,0.018665304244128655,0.01866530424378978,0.018665304243450902,0.018665304243112035,0.01866530424277317,0.018665304242434313,0.018665304242095452,0.018665304241756612,0.01866530424141777,0.018665304241078925,0.01866530424074009,0.018665304240401262,0.01866530424006243,0.01866530423972361,0.0186653042393848,0.018665304239045978,0.018665304238707176,0.018665304238368374,0.018665304238029572,0.018665304237690774,0.018665304237351986,0.018665304237013198,0.018665304236674424,0.01866530423633565,0.01866530423599687,0.01866530423565811,0.018665304235319348,0.01866530423498059,0.018665304234641845,0.018665304234303102,0.018665304233964355,0.01866530423362562,0.01866530423328688,0.018665304232948148,0.018665304232609422,0.018665304232270703,0.018665304231932002,0.01866530423159329,0.01866530423125459,0.018665304230915898,0.018665304230577197,0.018665304230238502,0.018665304229899815,0.018665304229561128,0.01866530422922245,0.018665304228883784,0.0186653042285451,0.018665304228206444,0.01866530422786778,0.018665304227529135,0.018665304227190486,0.018665304226851837,0.018665304226513194,0.018665304226174562,0.018665304225835927,0.01866530422549731,0.018665304225158684,0.01866530422482007,0.01866530422448145,0.018665304224142844,0.01866530422380425,0.018665304223465646,0.01866530422312705,0.01866530422278845,0.01866530422244988,0.018665304222111302,0.01866530422177272,0.01866530422143415,0.018665304221095576,0.01866530422075702,0.01866530422041847,0.018665304220079917,0.018665304219741368,0.01866530421940282,0.01866530421906429,0.01866530421872576,0.01866530421838723,0.018665304218048694,0.01866530421771018,0.01866530421737167,0.01866530421703316,0.018665304216694645,0.018665304216356142,0.01866530421601765,0.018665304215679163,0.01866530421534067,0.018665304215002197,0.018665304214663715,0.018665304214325246,0.018665304213986773,0.018665304213648315,0.018665304213309857,0.01866530421297139,0.01866530421263295,0.0186653042122945,0.01866530421195606,0.018665304211617627,0.01866530421127919,0.018665304210940765,0.018665304210602342,0.01866530421026393,0.018665304209925532,0.01866530420958712,0.018665304209248716,0.018665304208910324,0.018665304208571935,0.01866530420823354,0.018665304207895157,0.01866530420755678,0.018665304207218403,0.018665304206880028,0.01866530420654167,0.0186653042062033,0.01866530420586495,0.018665304205526593,0.018665304205188242,0.018665304204849895,0.01866530420451155,0.018665304204173224,0.01866530420383489,0.01866530420349657,0.018665304203158244,0.018665304202819925,0.01866530420248162,0.01866530420214331,0.018665304201805007,0.01866530420146671,0.018665304201128417,0.018665304200790135,0.018665304200451843,0.018665304200113562,0.018665304199775298,0.018665304199437027,0.01866530419909876,0.018665304198760505,0.01866530419842224,0.018665304198083987,0.018665304197745744,0.018665304197407504,0.018665304197069257,0.018665304196731035,0.018665304196392805,0.01866530419605459,0.01866530419571637,0.01866530419537815,0.018665304195039947,0.01866530419470175,0.01866530419436354,0.018665304194025345,0.018665304193687154,0.018665304193348973,0.0186653041930108,0.018665304192672618,0.018665304192334434,0.018665304191996267,0.018665304191658114,0.018665304191319957,0.0186653041909818,0.018665304190643654,0.018665304190305508,0.01866530418996738,0.01866530418962924,0.01866530418929111,0.018665304188952982,0.01866530418861486,0.01866530418827674,0.018665304187938634,0.018665304187600533,0.018665304187262425,0.01866530418692432,0.01866530418658623,0.018665304186248143,0.01866530418591005,0.018665304185571975,0.01866530418523389,0.018665304184895825,0.018665304184557766,0.0186653041842197,0.018665304183881643,0.018665304183543605,0.01866530418320554,0.018665304182867506,0.018665304182529464,0.018665304182191433,0.018665304181853398,0.01866530418151538,0.018665304181177362,0.01866530418083934,0.018665304180501337,0.01866530418016333,0.018665304179825332,0.01866530417948733,0.01866530417914934,0.018665304178811355,0.018665304178473372,0.018665304178135392,0.018665304177797423,0.018665304177459457,0.01866530417712148,0.01866530417678352,0.01866530417644557,0.018665304176107615,0.01866530417576967,0.018665304175431736,0.01866530417509379,0.018665304174755863,0.018665304174417936,0.018665304174080015,0.018665304173742098,0.018665304173404187,0.018665304173066267,0.018665304172728374,0.018665304172390478,0.018665304172052578,0.018665304171714688,0.01866530417137681,0.01866530417103892,0.018665304170701044,0.018665304170363176,0.018665304170025307,0.018665304169687445,0.018665304169349584,0.018665304169011736,0.018665304168673895,0.018665304168336047,0.01866530416799821,0.018665304167660372,0.018665304167322542,0.018665304166984715,0.0186653041666469,0.018665304166309078,0.018665304165971272,0.018665304165633466,0.018665304165295667,0.01866530416495786,0.018665304164620068,0.018665304164282286,0.0186653041639445,0.018665304163606726,0.018665304163268948,0.018665304162931187,0.01866530416259341,0.018665304162255647,0.0186653041619179,0.01866530416158015,0.018665304161242395,0.01866530416090466,0.018665304160566918,0.018665304160229195,0.018665304159891465,0.01866530415955374,0.01866530415921602,0.018665304158878307,0.01866530415854059,0.018665304158202896,0.01866530415786519,0.01866530415752749,0.0186653041571898,0.018665304156852115,0.018665304156514437,0.018665304156176767,0.018665304155839092,0.018665304155501425,0.01866530415516376,0.018665304154826097,0.018665304154488443,0.018665304154150797,0.018665304153813157,0.018665304153475518,0.018665304153137878,0.018665304152800256,0.01866530415246262,0.018665304152125,0.018665304151787392,0.018665304151449787,0.018665304151112175,0.018665304150774567,0.018665304150436966,0.018665304150099378,0.018665304149761783,0.018665304149424203,0.01866530414908662,0.018665304148749052,0.018665304148411492,0.018665304148073915,0.018665304147736365,0.01866530414739881,0.018665304147061267,0.018665304146723707,0.018665304146386164,0.018665304146048632,0.018665304145711104,0.018665304145373564,0.01866530414503605,0.018665304144698528,0.018665304144361017,0.018665304144023502,0.018665304143685998,0.01866530414334849,0.018665304143011003,0.0186653041426735,0.018665304142336022,0.01866530414199853,0.01866530414166105,0.018665304141323568,0.018665304140986105,0.01866530414064864,0.018665304140311176,0.018665304139973728,0.01866530413963628,0.018665304139298837,0.018665304138961388,0.01866530413862396,0.018665304138286532,0.0186653041379491,0.018665304137611673,0.018665304137274262,0.01866530413693685,0.018665304136599448,0.018665304136262034,0.01866530413592464,0.01866530413558724,0.018665304135249847,0.018665304134912467,0.018665304134575077,0.01866530413423771,0.018665304133900332,0.018665304133562967,0.018665304133225608,0.018665304132888253,0.018665304132550894,0.01866530413221354,0.018665304131876205,0.01866530413153886,0.018665304131201526,0.0186653041308642,0.01866530413052687,0.01866530413018955,0.018665304129852227,0.018665304129514924,0.01866530412917762,0.018665304128840314,0.01866530412850302,0.018665304128165718,0.018665304127828436,0.018665304127491157,0.01866530412715388,0.0186653041268166,0.018665304126479338,0.018665304126142063,0.018665304125804798,0.01866530412546755,0.018665304125130292,0.018665304124793048,0.018665304124455807,0.018665304124118577,0.018665304123781347,0.018665304123444117,0.018665304123106886,0.01866530412276967,0.01866530412243246,0.01866530412209525,0.018665304121758042,0.018665304121420846,0.01866530412108365,0.018665304120746462,0.01866530412040928,0.018665304120072102,0.018665304119734917,0.018665304119397735,0.018665304119060575,0.01866530411872341,0.018665304118386253,0.018665304118049106,0.01866530411771196,0.01866530411737481,0.018665304117037675,0.01866530411670054,0.018665304116363406,0.018665304116026276,0.01866530411568916,0.018665304115352045,0.018665304115014932,0.018665304114677827,0.01866530411434073,0.018665304114003634,0.018665304113666528,0.018665304113329444,0.018665304112992356,0.018665304112655275,0.018665304112318207,0.01866530411198113,0.018665304111644063,0.01866530411130701,0.018665304110969946,0.018665304110632896,0.018665304110295843,0.018665304109958814,0.018665304109621774,0.018665304109284745,0.018665304108947716,0.0186653041086107,0.018665304108273675,0.01866530410793667,0.018665304107599655,0.018665304107262658,0.018665304106925656,0.018665304106588655,0.018665304106251657,0.018665304105914673,0.01866530410557769,0.018665304105240706,0.01866530410490374,0.018665304104566773,0.018665304104229802,0.018665304103892846,0.018665304103555897,0.018665304103218948,0.018665304102881992,0.018665304102545056,0.018665304102208114,0.018665304101871182,0.018665304101534254,0.018665304101197343,0.018665304100860432,0.018665304100523517,0.018665304100186606,0.018665304099849702,0.0186653040995128,0.01866530409917591,0.018665304098839014,0.01866530409850212,0.018665304098165247,0.01866530409782837,0.018665304097491495,0.018665304097154625,0.018665304096817766,0.018665304096480904,0.01866530409614405,0.0186653040958072,0.018665304095470354,0.018665304095133513,0.018665304094796678,0.018665304094459854,0.018665304094123022,0.01866530409378621,0.018665304093449384,0.01866530409311258,0.018665304092775763,0.01866530409243897,0.018665304092102167,0.018665304091765367,0.018665304091428584,0.018665304091091805,0.01866530409075503,0.018665304090418246,0.01866530409008147,0.018665304089744716,0.018665304089407954,0.018665304089071202,0.018665304088734444,0.0186653040883977,0.01866530408806095,0.01866530408772421,0.01866530408738748,0.01866530408705075,0.01866530408671402,0.018665304086377305,0.01866530408604058,0.018665304085703875,0.01866530408536717,0.01866530408503047,0.01866530408469378,0.018665304084357084,0.018665304084020406,0.018665304083683717,0.01866530408334703,0.018665304083010363,0.0186653040826737,0.01866530408233703,0.01866530408200037,0.018665304081663715,0.01866530408132706,0.018665304080990416,0.018665304080653772,0.01866530408031714,0.018665304079980505,0.018665304079643882,0.018665304079307252,0.01866530407897063,0.018665304078634024,0.018665304078297418,0.0186653040779608,0.018665304077624206,0.018665304077287614,0.018665304076951026,0.018665304076614434,0.018665304076277856,0.01866530407594128,0.01866530407560472,0.01866530407526815,0.01866530407493159,0.018665304074595025,0.018665304074258475,0.018665304073921928,0.018665304073585378,0.018665304073248845,0.018665304072912305,0.018665304072575772,0.018665304072239257,0.018665304071902734,0.018665304071566215,0.018665304071229703,0.018665304070893195,0.01866530407055669,0.018665304070220195,0.0186653040698837,0.018665304069547216,0.01866530406921073,0.018665304068874254,0.018665304068537784,0.01866530406820131,0.018665304067864843,0.018665304067528383,0.018665304067191937,0.018665304066855473,0.018665304066519017,0.018665304066182584,0.018665304065846138,0.01866530406550971,0.01866530406517328,0.01866530406483686,0.018665304064500437,0.01866530406416403,0.018665304063827607,0.018665304063491206,0.018665304063154812,0.018665304062818404,0.01866530406248201,0.01866530406214563,0.018665304061809246,0.01866530406147287,0.018665304061136496,0.018665304060800136,0.01866530406046376,0.018665304060127404,0.01866530405979104,0.0186653040594547,0.018665304059118357,0.01866530405878201,0.01866530405844568,0.018665304058109348,0.01866530405777302,0.01866530405743669,0.01866530405710038,0.01866530405676407,0.018665304056427755,0.01866530405609146,0.018665304055755158,0.01866530405541886,0.018665304055082568,0.018665304054746285,0.01866530405441,0.018665304054073722,0.01866530405373746,0.018665304053401197,0.018665304053064935,0.018665304052728673,0.01866530405239241,0.018665304052056166,0.018665304051719928,0.018665304051383683,0.018665304051047445,0.018665304050711224,0.018665304050374993,0.01866530405003877,0.01866530404970255,0.01866530404936634,0.018665304049030128,0.018665304048693928,0.018665304048357728,0.018665304048021542,0.01866530404768535,0.018665304047349163,0.01866530404701299,0.018665304046676812,0.018665304046340644,0.018665304046004482,0.018665304045668307,0.018665304045332152,0.018665304044995994,0.01866530404465985,0.018665304044323712,0.01866530404398757,0.018665304043651437,0.018665304043315314,0.01866530404297919,0.018665304042643063,0.018665304042306943,0.01866530404197084,0.018665304041634728,0.018665304041298632,0.01866530404096254,0.01866530404062645,0.018665304040290365,0.01866530403995428,0.018665304039618205,0.01866530403928213,0.018665304038946055,0.018665304038609994,0.018665304038273933,0.018665304037937883,0.01866530403760183,0.018665304037265778,0.01866530403692973,0.01866530403659369,0.018665304036257664,0.018665304035921634,0.018665304035585605,0.01866530403524959,0.018665304034913576,0.01866530403457757,0.01866530403424156,0.018665304033905573,0.018665304033569568,0.01866530403323358,0.018665304032897595,0.01866530403256162,0.018665304032225633,0.018665304031889676,0.018665304031553694,0.01866530403121773,0.01866530403088178,0.018665304030545827,0.018665304030209887,0.018665304029873934,0.018665304029537994,0.01866530402920205,0.018665304028866125,0.01866530402853021,0.018665304028194277,0.01866530402785837,0.018665304027522464,0.01866530402718655,0.018665304026850644,0.01866530402651475,0.018665304026178848,0.018665304025842974,0.018665304025507076,0.018665304025171196,0.018665304024835322,0.01866530402449945,0.018665304024163595,0.01866530402382772,0.018665304023491876,0.01866530402315603,0.018665304022820184,0.01866530402248434,0.01866530402214849,0.018665304021812656,0.01866530402147683,0.018665304021141,0.018665304020805188,0.01866530402046938,0.01866530402013356,0.01866530401979776,0.018665304019461964,0.018665304019126163,0.018665304018790373,0.018665304018454596,0.01866530401811882,0.018665304017783036,0.018665304017447266,0.018665304017111504,0.018665304016775734,0.018665304016439975,0.018665304016104216,0.018665304015768464,0.018665304015432715,0.018665304015096973,0.018665304014761235,0.01866530401442551,0.018665304014089782,0.01866530401375406,0.018665304013418343,0.018665304013082622,0.018665304012746912,0.018665304012411205,0.018665304012075508,0.01866530401173982,0.01866530401140413,0.018665304011068442,0.018665304010732752,0.01866530401039707,0.018665304010061404,0.01866530400972574,0.01866530400939008,0.01866530400905442,0.018665304008718762,0.01866530400838311,0.01866530400804747,0.018665304007711846,0.018665304007376204,0.01866530400704058,0.018665304006704953,0.018665304006369333,0.018665304006033716,0.018665304005698102,0.018665304005362503,0.018665304005026896,0.018665304004691297,0.018665304004355704,0.018665304004020108,0.01866530400368452,0.01866530400334895,0.018665304003013368,0.018665304002677803,0.018665304002342224,0.01866530400200667,0.018665304001671112,0.018665304001335564,0.018665304001000017,0.018665304000664473,0.018665304000328932,0.01866530399999339,0.01866530399965786,0.01866530399932234,0.01866530399898681,0.01866530399865129,0.018665303998315782,0.018665303997980276,0.018665303997644773,0.018665303997309264,0.018665303996973782,0.01866530399663829,0.018665303996302805,0.018665303995967324,0.018665303995631852,0.01866530399529638,0.01866530399496092,0.018665303994625453,0.01866530399429,0.01866530399395454,0.0186653039936191,0.018665303993283654,0.01866530399294821,0.018665303992612778,0.018665303992277345,0.018665303991941926,0.018665303991606513,0.018665303991271094,0.018665303990935685,0.01866530399060028,0.018665303990264885,0.018665303989929483,0.018665303989594068,0.018665303989258697,0.018665303988923316,0.018665303988587935,0.018665303988252557,0.0186653039879172,0.018665303987581823,0.018665303987246463,0.018665303986911113,0.01866530398657576,0.01866530398624042,0.018665303985905077,0.018665303985569738,0.018665303985234413,0.018665303984899077,0.01866530398456377,0.018665303984228436,0.01866530398389312,0.018665303983557823,0.01866530398322251,0.01866530398288722,0.018665303982551916,0.018665303982216632,0.01866530398188135,0.018665303981546068,0.018665303981210794,0.01866530398087552,0.018665303980540258,0.018665303980204998,0.018665303979869735,0.01866530397953449,0.018665303979199233,0.018665303978864,0.018665303978528763,0.018665303978193524,0.018665303977858292,0.01866530397752306,0.018665303977187835,0.01866530397685262,0.01866530397651741,0.0186653039761822,0.018665303975847005,0.018665303975511815,0.01866530397517662,0.018665303974841427,0.01866530397450625,0.01866530397417107,0.018665303973835895,0.01866530397350072,0.01866530397316555,0.01866530397283039,0.01866530397249523,0.018665303972160086,0.018665303971824934,0.018665303971489796,0.018665303971154654,0.018665303970819523,0.01866530397048439
7,1.9891933454919887e-24,5.594386261565336e-24,1.0488127845447189e-23,1.641000769559429e-23,2.3162893543368628e-23,3.0575271450201373e-23,3.851993609224893e-23,4.689166506409474e-23,5.561145009710417e-23,6.460078490429351e-23,7.381067005641331e-23,8.319746463373425e-23,9.272619759259083e-23,1.0236882967285012e-22,1.120507371096418e-22,1.2185784987955055e-22,1.3172380358889535e-22,1.4163702997482768e-22,1.5158811937948612e-22,1.6156961600855482e-22,1.715202150961465e-22,1.814900565449378e-22,1.915311468868567e-22,2.0158482449954868e-22,2.1164866419518098e-22,2.217205943581492e-22,2.317990779997662e-22,2.418827918236841e-22,2.5197070189595964e-22,2.62061978678256e-22,2.721559566198429e-22,2.822521017394706e-22,2.923499856163282e-22,3.0244926452317085e-22,3.1254966268181446e-22,3.2265095883225277e-22,3.327529754540762e-22,3.4285557012018133e-22,3.529586285594571e-22,3.6306205909033476e-22,3.7316578815604344e-22,3.832697567399613e-22,3.9337391749298994e-22,4.034782324258728e-22,4.135826710598791e-22,4.2368720894034675e-22,4.337918264481671e-22,4.438965078413894e-22,4.540012404914418e-22,4.641060142651158e-22,4.742108210331682e-22,4.843156542727001e-22,4.944205087512772e-22,5.045253802700336e-22,5.146302654607343e-22,5.247351616202654e-22,5.348400665800904e-22,5.4494497860023e-22,5.550498962854753e-22,5.651548185163443e-22,5.752597443932612e-22,5.853646731960716e-22,5.9546960434621805e-22,6.055745373793497e-22,6.156794719237503e-22,6.257844076799515e-22,6.35889344409255e-22,6.459942819190338e-22,6.560992200542e-22,6.662041586919074e-22,6.763090977328571e-22,6.864140370970145e-22,6.965189767208643e-22,7.0662391655236e-22,7.1672885655111495e-22,7.268337966841666e-22,7.3693873692427345e-22,7.470436772505275e-22,7.571486176466699e-22,7.672535580978966e-22,7.773584985936006e-22,7.874634391260717e-22,7.975683796861211e-22,8.076733202694449e-22,8.177782608708536e-22,8.278832014873607e-22,8.379881421153663e-22,8.48093082753189e-22,8.58198023398941e-22,8.683029640511222e-22,8.78407904707878e-22,8.885128453688322e-22,8.986177860326184e-22,9.087227266986158e-22,9.188276673669165e-22,9.289326080364938e-22,9.390375487076835e-22,9.491424893807488e-22,9.592474300537569e-22,9.693523707277106e-22,9.794573114018678e-22,9.895622520767272e-22,9.996671927516164e-22,1.009772133427599e-21,1.0198770741029437e-21,1.0299820147786889e-21,1.0400869554548283e-21,1.0501918961307994e-21,1.0602968368070759e-21,1.0704017774831786e-21,1.0805067181600677e-21,1.0906116588361834e-21,1.100716599513048e-21,1.1108215401892015e-21,1.1209264808655802e-21,1.1310314215421766e-21,1.1411363622185272e-21,1.1512413028951184e-21,1.1613462435714295e-21,1.1714511842480004e-21,1.181556124924768e-21,1.1916610656012593e-21,1.2017660062779983e-21,1.2118709469544365e-21,1.221975887631089e-21,1.2320808283075002e-21,1.2421857689840966e-21,1.2522907096604546e-21,1.2623956503370194e-21,1.272500591013323e-21,1.2826055316898295e-21,1.2927104723665648e-21,1.3028154130430435e-21,1.3129203537196933e-21,1.3230252943961417e-21,1.3331302350727335e-21,1.3432351757491044e-21,1.353340116425695e-21,1.3634450571020146e-21,1.3735499977789283e-21,1.3836549384556235e-21,1.3937598791321035e-21,1.4038648198087419e-21,1.4139697604855393e-21,1.4240747011621497e-21,1.4341796418389165e-21,1.4442845825158365e-21,1.4543895231925725e-21,1.4644944638690557e-21,1.474599404545337e-21,1.4847043452221686e-21,1.4948092858987994e-21,1.5049142265755783e-21,1.5150191672518151e-21,1.5251241079282004e-21,1.5352290486047306e-21,1.5453339892817884e-21,1.5554389299586511e-21,1.5655438706345899e-21,1.5756488113110488e-21,1.585753751988021e-21,1.5958586926647826e-21,1.6059636333406636e-21,1.6160685740177186e-21,1.6261735146945883e-21,1.6362784553712945e-21,1.6463833960478e-21,1.6564883367241049e-21,1.6665932774002522e-21,1.6766982180768672e-21,1.6868031587539427e-21,1.6969080994301846e-21,1.707013040106253e-21,1.7171179807827786e-21,1.727222921459775e-21,1.737327862136599e-21,1.7474328028132298e-21,1.757537743489672e-21,1.7676426841665945e-21,1.7777476248433078e-21,1.7878525655198525e-21,1.7979575061962317e-21,1.808062446872448e-21,1.818167387549095e-21,1.8282723282261863e-21,1.838377268902508e-21,1.8484822095792524e-21,1.8585871502558543e-21,1.868692090932277e-21,1.8787970316091145e-21,1.888901972285794e-21,1.899006912962315e-21,1.9091118536386632e-21,1.9192167943154363e-21,1.9293217349920532e-21,1.939426675668497e-21,1.9495316163453597e-21,1.9596365570220526e-21,1.9697414976991563e-21,1.9798464383755457e-21,1.9899513790517857e-21,2.0000563197284158e-21,2.0101612604048988e-21,2.0202662010811994e-21,2.0303711417579194e-21,2.040476082434492e-21,2.0505810231114455e-21,2.0606859637882513e-21,2.0707909044649295e-21,2.0808958451414145e-21,2.091000785817774e-21,2.10110572649452e-21,2.111210667171108e-21,2.1213156078475722e-21,2.1314205485238807e-21,2.1415254892005533e-21,2.151630429877621e-21,2.161735370554017e-21,2.1718403112302604e-21,2.1819452519068947e-21,2.1920501925838836e-21,2.2021551332601823e-21,2.212260073936867e-21,2.2223650146134324e-21,2.2324699552898492e-21,2.2425748959666136e-21,2.2526798366427675e-21,2.2627847773192667e-21,2.2728897179956195e-21,2.282994658672345e-21,2.29309959934844e-21,2.3032045400249054e-21,2.313309480701227e-21,2.323414421377885e-21,2.3335193620549062e-21,2.343624302731308e-21,2.3537292434075695e-21,2.3638341840841913e-21,2.3739391247606435e-21,2.3840440654374515e-21,2.3941490061141207e-21,2.4042539467906508e-21,2.4143588874670725e-21,2.424463828143815e-21,2.4345687688199923e-21,2.4446737094964892e-21,2.4547786501733032e-21,2.46488359085001e-21,2.4749885315270017e-21,2.4850934722034407e-21,2.4951984128802194e-21,2.505303353556837e-21,2.5154082942333772e-21,2.525513234909785e-21,2.5356181755864734e-21,2.5457231162630577e-21,2.5558280569395113e-21,2.565932997616269e-21,2.5760379382924928e-21,2.5861428789690183e-21,2.5962478196454167e-21,2.6063527603221405e-21,2.6164577009983124e-21,2.626562641674781e-21,2.6366675823511506e-21,2.646772523027815e-21,2.6568774637043807e-21,2.6669824043808223e-21,2.6770873450575547e-21,2.6871922857341623e-21,2.6972972264110846e-21,2.7074021670874714e-21,2.7175071077641455e-21,2.727612048440723e-21,2.737716989117153e-21,2.747821929793918e-21,2.757926870470158e-21,2.7680318111466802e-21,2.7781367518230827e-21,2.7882416924997903e-21,2.7983466331759566e-21,2.8084515738524257e-21,2.8185565145291973e-21,2.8286614552058503e-21,2.83876639588241e-21,2.848871336558852e-21,2.858976277235178e-21,2.8690812179117756e-21,2.8791861585886453e-21,2.8892910992654218e-21,2.899396039942083e-21,2.9095009806186538e-21,2.9196059212954915e-21,2.9297108619722134e-21,2.9398158026488454e-21,2.949920743325365e-21,2.9600256840021477e-21,2.9701306246784663e-21,2.9802355653550246e-21,2.990340506031494e-21,3.000445446708224e-21,3.0105503873848656e-21,3.020655328061397e-21,3.0307602687381856e-21,3.0408652094144975e-21,3.050970150090725e-21,3.0610750907672074e-21,3.071180031443605e-21,3.081284972120255e-21,3.0913899127964612e-21,3.101494853473278e-21,3.1115997941499847e-21,3.1217047348266073e-21,3.1318096755038114e-21,3.1419146161802222e-21,3.1520195568565488e-21,3.162124497533474e-21,3.1722294382102957e-21,3.1823343788870105e-21,3.1924393195629247e-21,3.2025442602394533e-21,3.212649200915877e-21,3.222754141592199e-21,3.2328590822691273e-21,3.24296402294593e-21,3.2530689636219688e-21,3.263173904298588e-21,3.2732788449751045e-21,3.2833837856515634e-21,3.293488726328596e-21,3.303593667005505e-21,3.3136986076816836e-21,3.3238035483584325e-21,3.3339084890350803e-21,3.3440134297116296e-21,3.3541183703880776e-21,3.364223311065109e-21,3.3743282517413833e-21,3.3844331924175797e-21,3.3945381330943336e-21,3.404643073770338e-21,3.414748014446915e-21,3.4248529551233974e-21,3.434957895799782e-21,3.445062836476734e-21,3.455167777153591e-21,3.4652727178297305e-21,3.475377658506412e-21,3.485482599182999e-21,3.495587539859491e-21,3.505692480535909e-21,3.515797421212233e-21,3.525902361889092e-21,3.536007302565248e-21,3.5461122432425644e-21,3.55621718391918e-21,3.566322124595702e-21,3.5764270652727515e-21,3.586532005949089e-21,3.596636946625952e-21,3.6067418873027204e-21,3.616846827979418e-21,3.626951768656023e-21,3.637056709332535e-21,3.647161650009586e-21,3.657266590686544e-21,3.6673715313628035e-21,3.677476472039597e-21,3.687581412716319e-21,3.69768635339233e-21,3.707791294068871e-21,3.717896234745341e-21,3.728001175421703e-21,3.738106116097995e-21,3.748211056774218e-21,3.758315997450944e-21,3.768420938127582e-21,3.77852587880415e-21,3.788630819480611e-21,3.7987357601570045e-21,3.808840700833893e-21,3.8189456415101316e-21,3.829050582187443e-21,3.8391555228640884e-21,3.8492604635406474e-21,3.859365404217713e-21,3.869470344894117e-21,3.879575285570435e-21,3.889680226246688e-21,3.899785166923424e-21,3.909890107600076e-21,3.91999504827666e-21,3.930099988953159e-21,3.940204929630138e-21,3.950309870306487e-21,3.960414810983297e-21,3.970519751660038e-21,3.980624692336712e-21,3.990729633013304e-21,4.000834573689812e-21,4.010939514366808e-21,4.0210444550431684e-21,4.031149395719465e-21,4.0412543363962104e-21,4.05135927707236e-21,4.061464217748413e-21,4.07156915842493e-21,4.081674099101383e-21,4.0917790397782975e-21,4.101883980454588e-21,4.111988921130816e-21,4.1220938618075036e-21,4.132198802483573e-21,4.1423037431606675e-21,4.15240868383713e-21,4.162513624513513e-21,4.172618565190365e-21,4.182723505867137e-21,4.192828446543812e-21,4.202933387219931e-21,4.2130383278964805e-21,4.223143268572936e-21,4.2332482092493615e-21,4.2433531499262154e-21,4.253458090602975e-21,4.263563031279185e-21,4.273667971955821e-21,4.283772912632395e-21,4.293877853308908e-21,4.303982793985329e-21,4.314087734661687e-21,4.3241926753384994e-21,4.3342976160152164e-21,4.344402556691332e-21,4.354507497367897e-21,4.364612438044401e-21,4.3747173787213215e-21,4.384822319398183e-21,4.3949272600744764e-21,4.405032200751183e-21,4.415137141427863e-21,4.425242082104952e-21,4.435347022781449e-21,4.445451963457919e-21,4.455556904134298e-21,4.465661844810619e-21,4.475766785486851e-21,4.4858717261635195e-21,4.4959766668396046e-21,4.5060816075166496e-21,4.5161865481931115e-21,4.5262914888694855e-21,4.536396429546291e-21,4.546501370223039e-21,4.556606310900185e-21,4.566711251576817e-21,4.5768161922528756e-21,4.586921132929815e-21,4.597026073606243e-21,4.607131014283067e-21,4.6172359549593516e-21,4.6273408956360325e-21,4.637445836313133e-21,4.6475507769896974e-21,4.657655717666177e-21,4.66776065834257e-21,4.6778655990189065e-21,4.687970539695692e-21,4.698075480372392e-21,4.708180421048534e-21,4.7182853617250906e-21,4.728390302401562e-21,4.738495243078449e-21,4.748600183754811e-21,4.758705124431118e-21,4.768810065107806e-21,4.77891500578441e-21,4.789019946461452e-21,4.799124887137946e-21,4.8092298278143564e-21,4.819334768491173e-21,4.829439709167475e-21,4.839544649844183e-21,4.8496495905208354e-21,4.859754531196948e-21,4.869859471873435e-21,4.879964412549897e-21,4.890069353226306e-21,4.9001742939030865e-21,4.910279234579362e-21,4.920384175256007e-21,4.9304891159325965e-21,4.940594056609134e-21,4.9506989972855904e-21,4.9608039379619944e-21,4.970908878638791e-21,4.981013819315062e-21,4.9911187599916955e-21,5.0012237006683064e-21,5.011328641344837e-21,5.021433582021287e-21,5.031538522698154e-21,5.0416434633745e-21,5.051748404051207e-21,5.0618533447278606e-21,5.0719582854044625e-21,5.082063226081014e-21,5.092168166757484e-21,5.1022731074343396e-21,5.1123780481106805e-21,5.122482988787432e-21,5.132587929463673e-21,5.1426928701402664e-21,5.152797810816837e-21,5.162902751493759e-21,5.173007692170173e-21,5.183112632846966e-21,5.1932175735232804e-21,5.2033225142003705e-21,5.213427454877009e-21,5.223532395553573e-21,5.233637336230059e-21,5.24374227690652e-21,5.253847217583329e-21,5.2639521582600864e-21,5.274057098936374e-21,5.284162039613005e-21,5.294266980289587e-21,5.3043719209660915e-21,5.3144768616429665e-21,5.324581802319764e-21,5.3346867429965374e-21,5.3447916836732356e-21,5.35489662434947e-21,5.365001565026045e-21,5.3751065057025695e-21,5.385211446379433e-21,5.395316387056246e-21,5.4054213277325994e-21,5.415526268409314e-21,5.425631209085546e-21,5.435736149762547e-21,5.445841090439066e-21,5.455946031115536e-21,5.466050971792365e-21,5.476155912468714e-21,5.486260853145016e-21,5.496365793821675e-21,5.5064707344982594e-21,5.516575675174797e-21,5.526680615851287e-21,5.5367855565277296e-21,5.546890497204501e-21,5.556995437881222e-21,5.5671003785582966e-21,5.577205319234925e-21,5.5873102599110836e-21,5.5974152005879646e-21,5.607520141264402e-21,5.617625081941189e-21,5.627730022617508e-21,5.6378349632942e-21,5.6479399039708205e-21,5.65804484464737e-21,5.668149785324289e-21,5.678254726000746e-21,5.688359666677132e-21,5.6984646073538616e-21,5.708569548030545e-21,5.718674488706769e-21,5.728779429383336e-21,5.7388843700598335e-21,5.74898931073667e-21,5.759094251413486e-21,5.769199192089847e-21,5.7793041327665225e-21,5.7894090734431514e-21,5.799514014119736e-21,5.8096189547966336e-21,5.819723895472746e-21,5.8298288361491715e-21,5.8399337768255274e-21,5.850038717502622e-21,5.860143658179268e-21,5.8702485988558454e-21,5.880353539532402e-21,5.8904584802092666e-21,5.900563420886062e-21,5.910668361562837e-21,5.9207733022395425e-21,5.930878242916181e-21,5.9409831835931495e-21,5.951088124269699e-21,5.961193064946555e-21,5.971298005622991e-21,5.981402946299388e-21,5.991507886975345e-21,6.0016128276519995e-21,6.0117177683285886e-21,6.021822709005132e-21,6.031927649681631e-21,6.04203259035772e-21,6.0521375310344785e-21,6.0622424717111685e-21,6.072347412387474e-21,6.082452353063711e-21,6.092557293739884e-21,6.102662234416766e-21,6.112767175093581e-21,6.12287211577033e-21,6.132977056446695e-21,6.143081997122637e-21,6.153186937799233e-21,6.1632918784757865e-21,6.173396819152298e-21,6.1835017598287435e-21,6.193606700505171e-21,6.203711641181533e-21,6.2138165818578526e-21,6.223921522534842e-21,6.234026463211058e-21,6.2441314038872076e-21,6.254236344564048e-21,6.2643412852408244e-21,6.274446225917536e-21,6.2845511665935226e-21,6.2946561072694444e-21,6.3047610479460305e-21,6.3148659886232576e-21,6.324970929299738e-21,6.335075869976155e-21,6.345180810652554e-21,6.3552857513295876e-21,6.3653906920065574e-21,6.37549563268279e-21,6.385600573359673e-21,6.3957055140358026e-21,6.405810454712606e-21,6.415915395389347e-21,6.426020336066025e-21,6.43612527674266e-21,6.4462302174185675e-21,6.4563351580951e-21,6.466440098772298e-21,6.476545039448751e-21,6.486649980125824e-21,6.496754920802194e-21,6.506859861477822e-21,6.516964802154774e-21,6.527069742830981e-21,6.537174683507128e-21,6.547279624183258e-21,6.55738456486e-21,6.567489505536705e-21,6.57759444621337e-21,6.587699386889995e-21,6.59780432756656e-21,6.607909268242393e-21,6.618014208919545e-21,6.628119149595967e-21,6.63822409027233e-21,6.648329030948654e-21,6.658433971624939e-21,6.668538912301829e-21,6.67864385297868e-21,6.68874879365549e-21,6.6988537343315775e-21,6.708958675008287e-21,6.719063615684959e-21,6.729168556362231e-21,6.7392734970388246e-21,6.7493784377153595e-21,6.759483378391853e-21,6.769588319068944e-21,6.779693259745997e-21,6.789798200423008e-21,6.79990314109996e-21,6.810008081776224e-21,6.820113022452425e-21,6.830217963129243e-21,6.840322903806019e-21,6.850427844482734e-21,6.860532785159412e-21,6.870637725835407e-21,6.880742666512631e-21,6.890847607189175e-21,6.900952547865681e-21,6.911057488542129e-21,6.921162429218557e-21,6.931267369895569e-21,6.941372310572523e-21,6.951477251248798e-21,6.961582191925019e-21,6.971687132601201e-21,6.98179207327798e-21,6.991897013954723e-21,7.002001954631426e-21,7.012106895307439e-21,7.022211835983416e-21,7.032316776660599e-21,7.042421717337134e-21,7.05252665801361e-21,7.06263159869005e-21,7.072736539366435e-21,7.08284148004276e-21,7.092946420719676e-21,7.103051361396556e-21,7.113156302072772e-21,7.123261242748934e-21,7.13336618342568e-21,7.14347112410239e-21,7.153576064779044e-21,7.163681005455042e-21,7.173785946131602e-21,7.183890886808743e-21,7.19399582748523e-21,7.204100768161681e-21,7.214205708838077e-21,7.224310649514438e-21,7.234415590190743e-21,7.244520530867622e-21,7.254625471544486e-21,7.264730412220683e-21,7.274835352896824e-21,7.284940293573539e-21,7.295045234250218e-21,7.305150174926844e-21,7.315255115603412e-21,7.325360056279963e-21,7.335464996956462e-21,7.345569937633507e-21,7.355674878310519e-21,7.365779818987492e-21,7.37588475966383e-21,7.38598970034013e-21,7.396094641016976e-21,7.406199581693768e-21,7.416304522369947e-21,7.426409463046665e-21,7.436514403723331e-21,7.446619344399982e-21,7.456724285076577e-21,7.46682922575312e-21,7.476934166429645e-21,7.487039107106119e-21,7.497144047783147e-21,7.507248988460141e-21,7.517353929136489e-21,7.527458869813393e-21,7.537563810489654e-21,7.547668751166467e-21,7.557773691843229e-21,7.567878632519954e-21,7.57798357319606e-21,7.588088513872113e-21,7.59819345454813e-21,7.608298395225282e-21,7.618403335901796e-21,7.628508276578295e-21,7.638613217254744e-21,7.648718157931138e-21,7.658823098608099e-21,7.668928039284424e-21,7.679032979961278e-21,7.689137920637535e-21,7.699242861313742e-21,7.709347801990472e-21,7.719452742667168e-21,7.729557683343833e-21,7.739662624019868e-21,7.749767564695872e-21,7.759872505372416e-21,7.769977446049495e-21,7.780082386726524e-21,7.790187327402946e-21,7.800292268078768e-21,7.810397208755674e-21,7.820502149432546e-21,7.830607090109367e-21,7.840712030786153e-21,7.850816971462888e-21,7.860921912139592e-21,7.87102685281626e-21,7.881131793492895e-21,7.891236734169476e-21,7.901341674846044e-21,7.911446615522543e-21,7.92155155619957e-21,7.931656496876003e-21,7.941761437552404e-21,7.951866378228752e-21,7.961971318905644e-21,7.972076259582486e-21,7.982181200258718e-21,7.992286140934919e-21,8.002391081611088e-21,8.012496022287206e-21,8.022600962963847e-21,8.032705903640437e-21,8.042810844316995e-21,8.052915784993539e-21,8.06302072567003e-21,8.07312566634649e-21,8.083230607023449e-21,8.093335547699812e-21,8.10344048837614e-21,8.11354542905242e-21,8.123650369728651e-21,8.133755310405428e-21,8.143860251082176e-21,8.153965191758312e-21,8.16407013243496e-21,8.174175073111574e-21,8.184280013788123e-21,8.194384954464674e-21,8.204489895141176e-21,8.214594835817106e-21,8.224699776493528e-21,8.234804717170454e-21,8.244909657847334e-21,8.255014598524198e-21,8.265119539200491e-21,8.275224479877273e-21,8.285329420554005e-21,8.295434361230689e-21,8.30553930190734e-21,8.315644242583975e-21,8.325749183260564e-21,8.335854123937123e-21,8.345959064613631e-21,8.356064005290092e-21,8.366168945966522e-21,8.376273886643466e-21,8.386378827320362e-21,8.396483767997227e-21,8.406588708673516e-21,8.416693649350283e-21,8.426798590026494e-21,8.436903530703216e-21,8.447008471379907e-21,8.457113412056535e-21,8.467218352733134e-21,8.477323293409155e-21,8.487428234085674e-21,8.49753317476219e-21,8.507638115438649e-21,8.517743056115074e-21,8.527847996791467e-21,8.5379529374678e-21,8.548057878144585e-21,8.558162818821406e-21,8.568267759498165e-21,8.578372700174374e-21,8.588477640851037e-21,8.59858258152767e-21,8.608687522204272e-21,8.618792462880842e-21,8.628897403557383e-21,8.639002344233893e-21,8.649107284910343e-21,8.659212225587272e-21,8.669317166263628e-21,8.679422106940015e-21,8.689527047616851e-21,8.69963198829366e-21,8.709736928970438e-21,8.719841869646644e-21,8.729946810322819e-21,8.740051750999473e-21,8.750156691676098e-21,8.760261632352659e-21,8.77036657302919e-21,8.780471513705695e-21,8.790576454382137e-21,8.800681395059083e-21,8.810786335735494e-21,8.820891276411844e-21,8.830996217088199e-21,8.84110115776449e-21,8.851206098441223e-21,8.86131103911796e-21,8.871415979794663e-21,8.88152092047134e-21,8.891625861147984e-21,8.90173080182457e-21,8.911835742501622e-21,8.921940683178144e-21,8.93204562385464e-21,8.942150564531077e-21,8.952255505207516e-21,8.96236044588389e-21,8.972465386560238e-21,8.982570327236588e-21,8.992675267912878e-21,9.002780208589601e-21,9.012885149266294e-21,9.022990089942958e-21,9.033095030619595e-21,9.043199971296203e-21,9.053304911973269e-21,9.063409852649816e-21,9.073514793326334e-21,9.083619734002794e-21,9.093724674679225e-21,9.103829615356145e-21,9.11393455603252e-21,9.124039496708833e-21,9.13414443738515e-21,9.144249378061406e-21,9.15435431873812e-21,9.164459259414804e-21,9.17456420009146e-21,9.184669140768089e-21,9.194774081444654e-21,9.204879022121195e-21,9.214983962797706e-21,9.225088903474188e-21,9.23519384415064e-21,9.245298784827037e-21,9.255403725503435e-21,9.265508666179774e-21,9.275613606856565e-21,9.285718547532817e-21,9.295823488209073e-21,9.305928428885301e-21,9.316033369561946e-21,9.326138310238565e-21,9.336243250915151e-21,9.34634819159124e-21,9.356453132267771e-21,9.366558072944278e-21,9.376663013621198e-21,9.386767954297617e-21,9.396872894974006e-21,9.406977835650339e-21,9.417082776327145e-21,9.427187717003896e-21,9.437292657680647e-21,9.44739759835734e-21,9.457502539034005e-21,9.46760747971108e-21,9.47771242038769e-21,9.487817361064272e-21,9.497922301740798e-21,9.508027242417295e-21,9.518132183093764e-21,9.528237123770645e-21,9.538342064447061e-21,9.548447005123449e-21,9.558551945800242e-21,9.56865688647701e-21,9.57876182715375e-21,9.588866767830432e-21,9.598971708507116e-21,9.609076649183773e-21,9.619181589859914e-21,9.629286530536486e-21,9.639391471213035e-21,9.649496411889523e-21,9.659601352566015e-21,9.669706293242452e-21,9.679811233918862e-21,9.689916174595242e-21,9.700021115272055e-21,9.710126055948355e-21,9.720230996624657e-21,9.730335937301387e-21,9.74044087797809e-21,9.750545818654736e-21,9.760650759331358e-21,9.77075570000792e-21,9.780860640684488e-21,9.790965581361455e-21,9.801070522037938e-21,9.811175462714395e-21,9.821280403390828e-21,9.831385344067655e-21,9.841490284744483e-21,9.851595225421256e-21,9.861700166097553e-21,9.871805106773824e-21,9.881910047450487e-21,9.892014988127126e-21,9.902119928803735e-21,9.912224869479901e-21,9.922329810156487e-21,9.932434750833466e-21,9.942539691510416e-21,9.952644632186867e-21,9.96274957286332e-21,9.972854513539747e-21,9.982959454216563e-21,9.993064394892909e-21,1.0003169335569674e-20,1.0013274276245966e-20,1.0023379216922677e-20,1.0033484157598922e-20,1.0043589098275552e-20,1.0053694038952154e-20,1.0063798979628704e-20,1.7426641696139796e-10,3.511346736346441e-10,5.305722921709174e-10,7.125634790309783e-10,8.971059526949457e-10,1.0842084045456278e-09,1.2738884765380743e-09,1.466171157617253e-09,1.6610875175829456e-09,1.8586737117383456e-09,2.05897020213807e-09,2.2620211516789574e-09,2.4678739558547415e-09,2.67657888407794e-09,2.8881888080895466e-09,3.102758999658642e-09,3.320346983401573e-09,3.5410124335413503e-09,3.76481710572703e-09,3.991824796999385e-09,4.222101328366433e-09,4.455714545735809e-09,4.69273433582668e-09,4.933232654425126e-09,5.177283564997204e-09,5.4249632860491065e-09,5.676350246068575e-09,5.931525145152846e-09,6.190571022559722e-09,6.453573329878172e-09,6.7206200092421625e-09,6.991801576581405e-09,7.2672112096109794e-09,7.546944840619048e-09,7.831101253980963e-09,8.119782188519581e-09,8.413092444854658e-09,8.711139997627357e-09,9.014036113199603e-09,9.321895472695104e-09,9.63483630067796e-09,9.95298049985212e-09,1.027645379196203e-08,1.060538586512385e-08,1.0939910528211147e-08,1.1280165872147031e-08,1.162629443904399e-08,1.1978443399196795e-08,1.233676473651232e-08,1.270141544282411e-08,1.3072557721555004e-08,1.3450359201234592e-08,1.3834993159522796e-08,1.4226638758192774e-08,1.4625481289800087e-08,1.5031712436693715e-08,1.5445530543015227e-08,1.586714090056641e-08,1.629675604924829e-08,1.67345960930238e-08,1.7180889032270534e-08,1.7635871113562215e-08,1.8099787197901067e-08,1.8572891148557276e-08,1.905544623974032e-08,1.954772558735925e-08,2.0050012603320033e-08,2.0562601474798074e-08,2.1085797670147053e-08,2.1619918473019843e-08,2.2165293546856396e-08,2.2722265531291343e-08,2.329119067299212e-08,2.3872439492992612e-08,2.4466397493046056e-08,2.5073465903777122e-08,2.5694062477166682e-08,2.632862232697467e-08,2.697759881988944e-08,2.764146452135124e-08,2.8320712199837224e-08,2.90158558938622e-08,2.972743204603565e-08,3.0456000709511224e-08,3.120214683177398e-08,3.1966481621756694e-08,3.274964400661018e-08,3.355230218481236e-08,3.4375155283241175e-08,3.521893512619218e-08,3.6084408124945895e-08,3.6972377298166754e-08,3.788368443279634e-08,3.881921239725043e-08,3.977988761961744e-08,4.07666827442206e-08,4.1780619481679887e-08,4.282277166892039e-08,4.389426855692077e-08,4.49962983464701e-08,4.613011199315576e-08,4.729702730581011e-08,4.84984333648702e-08,4.973579528940508e-08,5.101065938554404e-08,5.232465871111188e-08,5.367951909640162e-08,5.5077065664299745e-08,5.651922989829846e-08,5.8008057312013924e-08,5.9545715780077317e-08,6.113450459666177e-08,6.277686433658407e-08,6.447538760100126e-08,6.623283074115456e-08,6.80521266637957e-08,6.993639883500873e-08,7.188897661339577e-08,7.391341206010658e-08,7.601349839193594e-08,7.819329026521319e-08,8.045712610308289e-08,8.280965270659393e-08,8.52558524226169e-08,8.780107318016708e-08,9.045106174846214e-08,9.321200062186032e-08,9.609054899424252e-08,9.909388835384407e-08,1.0222977330854833e-07,1.055065883446547e-07,1.0893341133047771e-07,1.1252008470400305e-07,1.16277295434792e-07,1.202166650279157e-07,1.2435085104912758e-07,1.2869366190142643e-07,1.3326018688260423e-07,1.3806694391321695e-07,1.4313204775200056e-07,1.48475402038564e-07,1.5411891912842965e-07,1.6008677244869724e-07,1.6640568703191307e-07,1.7310527502478527e-07,1.8021842436235162e-07,1.877817505333412e-07,1.9583612349709945e-07,2.0442728448954995e-07,2.1360657079837534e-07,2.234317708137771e-07,2.3396813699003044e-07,2.4528959117431424e-07,2.574801654828994e-07,2.706357331676897e-07,2.8486609855532567e-07,3.0029753430406864e-07,3.1707587946093956e-07,3.3537034540003005e-07,3.5537822170477445e-07,3.7733073496897903e-07,4.015003965766518e-07,4.2821029025471936e-07,4.578459100893827e-07,4.908703853350455e-07,5.278442505714912e-07,5.413482079782592e-07,5.847951653995343e-07,6.340598413405515e-07,6.902744046609731e-07,7.548652214240847e-07,8.29650665660458e-07,9.1697904014765e-07,1.0199266362781237e-06,1.1425878643004124e-06,1.290509707845938e-06,1.4713583109203443e-06,1.6959700874246227e-06,1.9800607862991603e-06,2.3471023757315012e-06,2.8333600086832282e-06,3.4971143305817524e-06,4.436427942196807e-06,5.825395226425027e-06,7.992951057733632e-06,1.1605926020991719e-05,1.8119723417909737e-05,3.0911547997076844e-05,5.789317769753834e-05,6.772787044450313e-05,6.772787044974346e-05,0.00014149242762886277,0.0002814964941465663,0.0005129382655276569,0.0008493048763052721,0.0013048936500200154,0.001931977672183883,0.0028596259397039962,0.004272791682625328,0.0062863106497666205,0.008837168323899402,0.011732521423089642,0.0147640904628594,0.01777366683508242,0.020663191435517085,0.023381348482890495,0.025907230826720206,0.028237838759149952,0.03037994377725358,0.032345183541765105,0.03414722945187481,0.035800203560388974,0.03731782716625863,0.03871299161897215,0.039997570038563385,0.04118236442878631,0.042277126839731546,0.04329061894199328,0.044230689389024344,0.04510435715913413,0.04591789426918923,0.04667690431929944,0.04738639514397378,0.04805084489907199,0.04867426152207473,0.049260235837167834,0.04981198874795326,0.050332413035340806,0.050824110295236924,0.051289423535911934,0.05173046592316673,0.05214914612032983,0.0525471906281002,0.05292616348554269,0.053287483653699966,0.05363244036545456,0.053962206691841694,0.05427785154344754,0.05458035029930683,0.05487059423148273,0.055149398871796,0.05541751144938371,0.05567561751081995,0.05592434682101062,0.05616427863034211,0.05639594638187918,0.05661984192588314,0.05683641929698584,0.057046098104115414,0.057249266578751797,0.05744628431799029,0.057637484757196614,0.05782317740176568,0.0580036498439104,0.058179169587792644,0.058349985702984795,0.058516330324567004,0.05867842001538094,0.058836457004636744,0.05899063031548094,0.059141116792452986,0.059288082038647764,0.05943168127167578,0.059572060105785536,0.05970935526771761,0.05984369525201709,0.05997520092186224,0.06010398606013758,0.06023015787550415,0.06035381746739976,0.060475060253736085,0.06059397636449519,0.060710651004352106,0.060825164786880506,0.060937594042875486,0.06104801110502174,0.06115648457087326,0.06126307954591047,0.06136785786845447,0.0614708783178812,0.061572196807435704,0.061671866563169274,0.061769938289444,0.06186646032314986,0.06196147877690274,0.06205503767126504,0.062147179058869934,0.062237943139142805,0.06232736836551448,0.06241549154512427,0.06250234793188537,0.06258797131320609,0.06267239409102181,0.0627556473574778,0.06283776096559178,0.06291876359541596,0.06299868281592695,0.06307754514293352,0.0631553760934776,0.06323220023652583,0.06330804124083776,0.06338292191976391,0.06345686427331759,0.06352988952764377,0.06360201817229462,0.06367326999513707,0.06374366411531707,0.06381321901414727,0.06388195256471978,0.06394988205890392,0.06401702423365203,0.0640833952956967,0.06414901094438658,0.06421388639383643,0.06427803639358436,0.06434147524819758,0.06440421683585301,0.06446627462589694,0.06452766169552784,0.06458839074558415,0.06464847411553591,0.06470792379773771,0.06476675145089898,0.06482496841295562,0.0648825857132863,0.06493961408429264,0.06499606397248639,0.06505194554900419,0.06510726871961743,0.06516204313431222,0.06521627819635502,0.06526998307102504,0.06532316669392244,0.06537583777889285,0.06542800482551964,0.065479676126427,0.06553085977421232,0.06558156366800817,0.06563179551985801,0.06568156286082735,0.06573087304655345,0.0657797332632167,0.0658281505326099,0.06587613171732651,0.06592368352567904,0.06597081251640735,0.06601752510311311,0.06606382755884807,0.06610972602005619,0.06615522649071609,0.06620033484616099,0.06624505683676002,0.06628939809167766,0.06633336412217064,0.0663769603248275,0.06642019198491701,0.06646306427949017,0.06650558228010221,0.06654775095603824,0.06658957517683331,0.06663105971501761,0.06667220924865752,0.06671302836394809,0.06675352155744928,0.06679369323854735,0.0668335477317067,0.06687308927837801,0.06691232203949389,0.06695125009726662,0.06698987745722884,0.06702820804993703,0.06706624573321686,0.0671039942936076,0.0671414574480472,0.06717863884594723,0.06721554207039865,0.06725217063994017,0.06728852801004201,0.06732461757460458,0.06736044266737404,0.0673960065633638,0.06743131248022513,0.0674663635793296,0.06750116296744979,0.06753571369767881,0.06757001877077262,0.06760408113622662,0.06763790369355727,0.06767148929326086,0.06770484073790065,0.06773796078330736,0.06777085213933773,0.06780351747108247,0.0678359593997192,0.06786818050348627,0.06790018331857332,0.0679319703400075,0.06796354402253553,0.06799490678144121,0.06802606099336843,0.06805700899712117,0.06808775309445156,0.06811829555080413,0.06814863859604751,0.06817878442522489,0.06820873519915376,0.06823849304527074,0.06826806005820868,0.06829743830041653,0.06832662980283002,0.06835563656546183,0.06838446055809483,0.06841310372080772,0.06844156796449372,0.06846985517152034,0.06849796719620088,0.06852590586551718,0.06855367297912088,0.06858127031046062,0.06860869960721128,0.06863596259129566,0.06866306095971197,0.06868999638497175,0.06871677051550164,0.06874338497610206,0.06876984136834055,0.06879614127106427,0.06882228624074604,0.0688482778118952,0.06887411749748576,0.06889980678932173,0.06892534715842913,0.06895074005535676,0.06897598691068034,0.06900108913525496,0.06902604812054108,0.06905086523903439,0.06907554184457283,0.0691000792725289,0.06912447884035401,0.06914874184771773,0.06917286957692789,0.06919686329311125,0.06922072424460486,0.0692444536631958,0.06926805276439459,0.0692915227477836,0.06931486479724766,0.0693380800810216,0.06936116975235648,0.06938413494947816,0.06940697679601776,0.06942969640105377,0.06945229485948395,0.06947477325221793,0.0694971326464485,0.06951937409581517,0.06954149864067913,0.06956350730829493,0.06958540111306881,0.06960718105668694,0.06962884812840749,0.06965040330521358,0.06967184755204837,0.0696931818218899,0.06971440705607508,0.06973552418449662,0.06975653412557822,0.06977743778669557,0.06979823606424082,0.06981892984377155,0.0698395200002406,0.06986000739804964,0.06988039289138533,0.06990067732423288,0.0699208615305856,0.06994094633457999,0.06996093255063475,0.0699808209836917,0.07000061242926187,0.0700203076735078,0.07003990749356838,0.07005941265754358,0.0700788239247091,0.07009814204558634,0.07011736776211276,0.07013650180779764,0.07015554490773307,0.07017449777883558,0.07019336112992461,0.07021213566181417,0.07023082206751553,0.07024942103217133,0.07026793323338769,0.07028635934121218,0.07030470001825775,0.07032295591982765,0.07034112769401209,0.07035921598179506,0.07037722141720676,0.07039514462720099,0.07041298623212736,0.07043074684545354,0.07044842707413308,0.07046602751854944,0.07048354877262311,0.07050099142404,0.07051835605407068,0.0705356432378868,0.07055285354457422,0.07056998753720266,0.07058704577291951,0.07060402880299747,0.07062093717299325,0.07063777142275954,0.07065453208651348,0.07067121969299607,0.07068783476547304,0.07070437782174921,0.07072084937438977,0.07073724993063532,0.07075357999274053,0.07076984005767956,0.07078603061745126,0.0708021521590558,0.07081820516461906,0.07083419011139633,0.07085010747187394,0.07086595771383715,0.07088174130039898,0.07089745869005755,0.07091311033682503,0.07092869669014205,0.07094421819520244,0.07095967529271402,0.07097506841900708,0.07099039800634613,0.07100566448258207,0.07102086827157911,0.07103600979311146,0.0710510894627622,0.07106610769225505,0.07108106488933805,0.07109596145789623,0.07111079779794759,0.07112557430562236,0.07114029137342008,0.07115494939012254,0.07116954874079753,0.07118408980694926,0.07119857296648623,0.07121299859380768,0.07122736705981954,0.07124167873202886,0.07125593397442898,0.07127013314775894,0.07128427660943089,0.07129836471357053,0.07131239781101291,0.07132637624946321,0.07134030037345876,0.07135417052438763,0.07136798704054846,0.07138175025719742,0.07139546050657587,0.07140911811789327,0.07142272341756863,0.07143627672894926,0.07144977837257228,0.0714632286661731,0.07147662792453963,0.07148997645980995,0.07150327458135404,0.07151652259580671,0.07152972080720241,0.07154286951669837,0.07155596902304581,0.0715690196223442,0.07158202160810953,0.07159497527145256,0.07160788090073042,0.07162073878192887,0.0716335491986853,0.07164631243213988,0.07165902876108486,0.0716716984618944,0.07168432180852316,0.07169689907269787,0.07170943052390513,0.07172191642929751,0.07173435705384053,0.07174675266023965,0.07175910350900869,0.07177140985845214,0.07178367196482537,0.07179589008222673,0.07180806446263026,0.07182019535602284,0.07183228301020138,0.0718443276710202,0.07185632958233691,0.07186828898594778,0.07188020612176631,0.0718920812277065,0.07190391453974085,0.07191570629205485,0.07192745671683703,0.07193916604443598,0.07195083450335885,0.07196246232030909,0.07197404972015696,0.07198559692599968,0.07199710415916263,0.07200857163922258,0.07201999958402223,0.07203138820969465,0.07204273773069471,0.07205404835973192,0.07206532030792347,0.07207655378471717,0.07208774899792757,0.0720989061537762,0.07211002545692478,0.0721211071103072,0.07213215131548845,0.07214315827231177,0.07215412817920974,0.07216506123305311,0.07217595762924311,0.07218681756167002,0.07219764122276318,0.07220842880344559,0.07221918049325131,0.07222989648030917,0.07224057695124743,0.07225122209138077,0.07226183208465374,0.07227240711357148,0.07228294735916578,0.07229345300136025,0.07230392421863818,0.07231436118816169,0.07232476408577611,0.07233513308608767,0.072345468362323,0.07235577008653461,0.07236603842946587,0.07237627356063536,0.07238647564831871,0.07239664485963623,0.07240678136031982,0.07241688531510862,0.0724269568873945,0.0724369962395297,0.07244700353259904,0.07245697892655574,0.07246692258024731,0.07247683465143558,0.07248671529656524,0.07249656467114639,0.07250638292955619,0.07251617022506039,0.07252592670986245,0.07253565253505428,0.07254534785069999,0.0725550128058071,0.07256464754835792,0.07257425222531615,0.07258382698253525,0.07259337196490039,0.07260288731634837,0.072612373179809,0.07262182969714252,0.07263125700931031,0.07264065525628473,0.07265002457711364,0.07265936510979135,0.07266867699144831,0.07267796035830162,0.07268721534562701,0.07269644208771588,0.07270564071806519,0.07271481136912411,0.07272395417267231,0.07273306925938895,0.0727421567591508,0.07275121680096669,0.07276024951309272,0.07276925502264443,0.07277823345614988,0.07278718493923848,0.07279610959670746,0.0728050075524526,0.07281387892960894,0.07282272385056271,0.07283154243680412,0.07284033480906693,0.07284910108726712,0.07285784139056868,0.07286655583736174,0.07287524454525099,0.07288390763106495,0.07289254521090711,0.07290115740009133,0.07290974431323817,0.07291830606418391,0.0729268427660617,0.07293535453133154,0.07294384147158069,0.07295230369782242,0.07296074132024263,0.07296915444851329,0.07297754319147418,0.07298590765725368,0.0729942479533832,0.07300256418666157,0.07301085646322841,0.07301912488856731,0.07302736956747494,0.0730355906041492,0.07304378810205206,0.07305196216405829,0.07306011289239295,0.07306824038863992,0.07307634475375861,0.07308442608808384,0.07309248449132856,0.07310052006257205,0.07310853290034419,0.07311652310246682,0.07312449076631175,0.07313243598851918,0.07314035886519543,0.07314825949185813,0.07315613796346093,0.07316399437432902,0.07317182881825604,0.07317964138848901,0.0731874321776507,0.07319520127785378,0.07320294878065149,0.07321067477703949,0.07321837935751223,0.07322606261189699,0.07323372462960863,0.0732413654995363,0.0732489853099118,0.07325658414855583,0.07326416210279273,0.07327171925931476,0.07327925570439282,0.07328677152378357,0.07329426680264696,0.07330174162582154,0.07330919607749228,0.07331663024140549,0.07332404420075664,0.07333143803843693,0.07333881183666131,0.07334616567729478,0.07335349964162309,0.07336081381051957,0.07336810826439974,0.07337538308319794,0.07338263834640088,0.07338987413304465,0.07339709052166146,0.07340428759039877,0.07341146541687436,0.07341862407841934,0.0734257636517793,0.07343288421330482,0.07343998583893473,0.07344706860415046,0.0734541325840691,0.07346117785325111,0.07346820448594502,0.0734752125560024,0.07348220213678326,0.07348917330128513,0.073496126122084,0.07350306067134134,0.07350997702083256,0.073516875241924,0.07351948671158902,0.07351948671158902,0.07351948671158902,0.07351948671158902,0.07351948671158902,0.07351948671158902,0.07351948671158902,0.07351948671158902,0.07351948671158902,0.07351948671158902,0.07351948671158902,0.07351948671158902,0.07351948671158902,0.07351948671158902,0.07351948671158902,0.07351948671158902,0.07351948671158902,0.07351948671158902,0.07351948671158902,0.07351948671158902,0.07351948671158902,0.07351948671158902,0.07351948671158902,0.07351948671158902,0.07351948671158902,0.07351948671158902,0.07351948671158902,0.07351948671158902,0.07351948671158902,0.07351948671158902,0.07351948671158902,0.07351948671158902,0.07351948671158902,0.07351948671158902,0.07351948671158903,0.07351948671158903,0.07351948671158903,0.07351948671158903,0.07351948671158903,0.07351948671158903,0.07351948671158903,0.07351948671158903,0.07351948671158903,0.07351948671158903,0.07351948671158903,0.07351948671158903,0.07351948671158903,0.07351948671158903,0.07351948671158903,0.07351948671158902,0.07351948671158902,0.07351948671158902,0.07351948671158902,0.07351948671158902,0.07351948671158902,0.07351948671158902,0.07351948671158902,0.07351948671158903,0.07351948671158903,0.07351948671158903,0.07351948671158903,0.07351948671158903,0.07351948671158903,0.07351948671158903,0.07351948671158902,0.07351948671158902,0.07351948671158902,0.07351948671158902,0.07351948671158902,0.07351948671158902,0.07351948671158902,0.07351948671158902,0.07351948671158902,0.07351948671158902,0.07351948671158902,0.07351948671158902,0.07351948671158902,0.07351948671158902,0.07351948671158902,0.07351948671158903,0.07351948671158903,0.07351948671158903,0.07351948671158903,0.07351948671158903,0.07351948671158903,0.07351948671158903,0.07351948671158903,0.07351948671158902,0.07351948671158902,0.07351948671158902,0.07351948671158902,0.07351948671158902,0.07351948671158902,0.07351948671158902,0.073519486711589,0.073519486711589,0.073519486711589,0.073519486711589,0.073519486711589,0.073519486711589,0.073519486711589,0.073519486711589,0.073519486711589,0.073519486711589,0.073519486711589,0.073519486711589,0.073519486711589,0.073519486711589,0.073519486711589,0.073519486711589,0.073519486711589,0.073519486711589,0.073519486711589,0.073519486711589,0.073519486711589,0.073519486711589,0.073519486711589,0.073519486711589,0.073519486711589,0.073519486711589,0.073519486711589,0.073519486711589,0.073519486711589,0.073519486711589,0.073519486711589,0.073519486711589,0.073519486711589,0.073519486711589,0.073519486711589,0.073519486711589,0.073519486711589,0.073519486711589,0.073519486711589,0.073519486711589,0.073519486711589,0.073519486711589,0.073519486711589,0.073519486711589,0.073519486711589,0.073519486711589,0.07351948671158902,0.07351948671158902,0.07351948671158902,0.07351948671158902,0.07351948671158902,0.07351948671158902,0.07351948671158902,0.07351948671158902,0.07351948671158902,0.07351948671158902,0.07351948671158902,0.07351948671158902,0.07351948671158902,0.07351948671158902,0.07351948671158902,0.07351948671158902,0.07351948671158902,0.07351948671158902,0.07351948671158902,0.07351948671158902,0.07351948671158902,0.07351948671158902,0.07351948671158902,0.07351948671158902,0.07351948671158902,0.07351948671158902,0.07351948671158902,0.07351948671158902,0.07351948671158902,0.07351948671158902,0.073519486711589,0.073519486711589,0.073519486711589,0.073519486711589,0.073519486711589,0.073519486711589,0.073519486711589,0.07351948671158902,0.07351948671158902,0.07351948671158902,0.07351948671158902,0.07351948671158902,0.07351948671158902,0.07351948671158902,0.07351948671158902,0.07351948671158902,0.07351948671158902,0.07351948671158902,0.07351948671158902,0.07351948671158902,0.07351948671158902,0.07351948671158902,0.073519486711589,0.073519486711589,0.073519486711589,0.073519486711589,0.073519486711589,0.073519486711589,0.073519486711589,0.073519486711589,0.07351948671158902,0.07351948671158902,0.07351948671158902,0.07351948671158902,0.07351948671158902,0.07351948671158902,0.07351948671158902,0.07351948671158902,0.073519486711589,0.073519486711589,0.073519486711589,0.073519486711589,0.073519486711589,0.073519486711589,0.073519486711589,0.07351948671158902,0.07352018690332872,0.07352048101352415,0.07352059535065138,0.0735206308480474,0.0735206325181328,0.07352062036351932,0.07352060320449026,0.07352058486763728,0.07352056695530486,0.07352055008443217,0.07352053444029745,0.07352052002366365,0.07352050676073603,0.07352049455174786,0.07352048329210238,0.07352047288125656,0.07352046322614493,0.07352045424218939,0.07352044585326066,0.0735204379912043,0.07352043059520634,0.07352042361112097,0.07352041699081537,0.07352041069155328,0.07352040467542727,0.07352039890884042,0.07352039336203697,0.07352038800867891,0.07352038282546575,0.07352037779179356,0.07352037288945017,0.07352036810234333,0.07352036341625816,0.07352035881864173,0.07352035429841156,0.07352034984578512,0.07352034545212967,0.07352034110982818,0.07352033681216115,0.073520332553202,0.07352032832772436,0.07352032413112015,0.07352031995932755,0.07352031580876667,0.07352031167628346,0.07352030755909972,0.07352030345476916,0.07352029936113842,0.07352029527631303,0.07352029119862692,0.07352028712661597,0.07352028305899415,0.0735202789946328,0.07352027493254264,0.07352027087185696,0.07352026681181778,0.07352026275176281,0.07352025869111475,0.07352025462937097,0.07352025056609525,0.07352024650090967,0.0735202424334882,0.07352023836355018,0.07352023429085554,0.07352023021519982,0.07352022613641007,0.07352022205434108,0.07352021796887227,0.07352021387990479,0.07352020978735878,0.07352020569117133,0.07352020159129441,0.07352019748769295,0.0735201933803437,0.07352018926923325,0.07352018515435718,0.0735201810357188,0.07352017691332832,0.0735201727872019,0.07352016865736084,0.07352016452383112,0.07352016038664226,0.07352015624582754,0.07352015210142297,0.07352014795346708,0.07352014380200037,0.07352013964706552,0.07352013548870627,0.07352013132696777,0.07352012716189614,0.07352012299353826,0.07352011882194165,0.07352011464715437,0.0735201104692245,0.0735201062882006,0.07352010210413114,0.07352009791706475,0.07352009372704968,0.07352008953413422,0.07352008533836625,0.07352008113979351,0.07352007693846328,0.07352007273442233,0.0735200685277172,0.07352006431839384,0.07352006010649778,0.07352005589207385,0.07352005167516652,0.0735200474558197,0.0735200432340766,0.07352003900997989,0.07352003478357175,0.07352003055489358,0.07352002632398631,0.0735200220908901,0.07352001785564487,0.07352001361828964,0.07352000937886273,0.07352000513740219,0.07352000089394514,0.07351999664852826,0.07351999240118745,0.07351998815195825,0.07351998390087566,0.0735199796479739,0.07351997539328647,0.07351997113684683,0.07351996687868714,0.07351996261883958,0.07351995835733581,0.07351995409420646,0.073519949829482,0.07351994556319251,0.07351994129536703,0.07351993702603447,0.07351993275522326,0.07351992848296109,0.07351992420927524,0.07351991993419256,0.07351991565773944,0.07351991137994178,0.07351990710082519,0.07351990282041442,0.07351989853873414,0.07351989425580835,0.07351988997166078,0.07351988568631469,0.07351988139979279,0.0735198771121177,0.07351987282331114,0.07351986853339497,0.07351986424239051,0.07351985995031853,0.07351985565719932,0.07351985136305329,0.07351984706790003,0.07351984277175892,0.0735198384746491,0.07351983417658911,0.07351982987759743,0.07351982557769202,0.07351982127689062,0.07351981697521062,0.07351981267266908,0.07351980836928276,0.07351980406506807,0.07351979976004125,0.07351979545421819,0.07351979114761435,0.07351978684024513,0.07351978253212549,0.07351977822327027,0.07351977391369381,0.07351976960341039,0.07351976529243401,0.07351976098077809,0.07351975666845673,0.07351975235548266,0.07351974804186896,0.07351974372762851,0.07351973941277365,0.07351973509731671,0.07351973078126973,0.07351972646464466,0.07351972214745298,0.07351971782970616,0.07351971351141545,0.07351970919259197,0.07351970487324631,0.07351970055338915,0.07351969623303115,0.07351969191218213,0.073519687590852,0.07351968326905127,0.07351967894678965,0.07351967462407596,0.07351967030091962,0.07351966597732995,0.07351966165331608,0.07351965732888727,0.07351965300405178,0.07351964867881806,0.07351964435319469,0.07351964002718957,0.07351963570081098,0.07351963137406671,0.07351962704696438,0.07351962271951196,0.07351961839171678,0.0735196140635864,0.07351960973512783,0.07351960540634832,0.07351960107725443,0.07351959674785362,0.07351959241815294,0.07351958808815788,0.07351958375787526,0.0735195794273115,0.07351957509647315,0.07351957076536626,0.07351956643399624,0.07351956210236947,0.07351955777049193,0.07351955343836888,0.07351954910600614,0.07351954477340931,0.0735195404405839,0.07351953610753463,0.07351953177426707,0.07351952744078624,0.07351952310709725,0.07351951877320492,0.07351951443911414,0.07351951010482964,0.07351950577035603,0.07351950143569791,0.07351949710085988,0.07351949276584648,0.07351948843066142,0.07351948409530905,0.07351947975979319,0.07351947542412132,0.0735194710882927,0.0735194667523139,0.07351946241618791,0.0735194580799188,0.07351945374351034,0.07351944940696613,0.07351944507028944,0.07351944073348429,0.07351943639655456,0.07351943205950306,0.07351942772233333,0.07351942338504852,0.073519419047652,0.07351941471014681,0.07351941037253601,0.0735194060348229,0.0735194016970103,0.07351939735910121,0.07351939302109861,0.07351938868300498,0.07351938434482354,0.07351938000655658,0.07351937566820735,0.07351937132978116,0.07351936699127458,0.07351936265269331,0.07351935831403661,0.07351935397531531,0.07351934963652194,0.07351934529766573,0.07351934095874721,0.07351933661976817,0.07351933228073092,0.07351932794163815,0.07351932360249024,0.07351931926329122,0.07351931492404215,0.07351931058474563,0.07351930624540376,0.07351930190601816,0.0735192975665909,0.0735192932271238,0.07351928888761791,0.07351928454807678,0.07351928020850117,0.07351927586889344,0.07351927152925702,0.07351926718958884,0.07351926284989353,0.07351925851017209,0.07351925417042642,0.07351924983065826,0.07351924549087342,0.07351924115106338,0.07351923681123673,0.07351923247139308,0.07351922813153368,0.07351922379166147,0.07351921945177638,0.07351921511188415,0.07351921077197854,0.073519206432062,0.073519202092141,0.07351919775221534,0.07351919341228405,0.07351918907235165,0.07351918473241452,0.0735191803924775,0.07351917605254013,0.07351917171260403,0.07351916737267049,0.07351916303274036,0.07351915869281192,0.07351915435289227,0.07351915001297937,0.07351914567307472,0.07351914133317848,0.07351913699329189,0.07351913265341589,0.07351912831355166,0.07351912397369956,0.0735191196338616,0.07351911529403334,0.07351911095422099,0.07351910661442364,0.07351910227465155,0.07351909793489372,0.07351909359515485,0.07351908925543503,0.07351908491573476,0.07351908057605712,0.07351907623640141,0.07351907189676735,0.07351906755715787,0.07351906321757162,0.07351905887800865,0.0735190545384721,0.07351905019896039,0.07351904585947618,0.07351904152001895,0.07351903718058914,0.0735190328411889,0.07351902850181735,0.0735190241624763,0.07351901982316374,0.07351901548388132,0.07351901114463291,0.07351900680541619,0.07351900246623264,0.07351899812708292,0.07351899378796824,0.0735189894488858,0.07351898510983815,0.07351898077082648,0.07351897643185075,0.07351897209291099,0.0735189677540102,0.07351896341514502,0.07351895907631836,0.07351895473751786,0.07351895039876767,0.0735189460600558,0.07351894172138235,0.07351893738274985,0.07351893304415676,0.07351892870560536,0.07351892436709487,0.0735189200286263,0.07351891569019961,0.07351891135181307,0.07351890701347108,0.07351890267517168,0.07351889833691631,0.07351889399870501,0.07351888966053799,0.07351888532241481,0.07351888098435018,0.07351887664631751,0.07351887230833576,0.07351886797039354,0.07351886363249731,0.07351885929464744,0.07351885495684439,0.07351885061908811,0.07351884628137902,0.07351884194371744,0.07351883760610635,0.07351883326854024,0.07351882893102307,0.07351882459355535,0.07351882025614648,0.07351881591877377,0.07351881158145283,0.07351880724418133,0.0735188029069584,0.07351879856978577,0.07351879423266429,0.07351878989559314,0.07351878555857404,0.07351878122161029,0.07351877688469623,0.07351877254782878,0.07351876821101334,0.07351876387425063,0.07351875953754579,0.0735187552008872,0.07351875086427961,0.07351874652772447,0.07351874219122202,0.07351873785477245,0.07351873351836855,0.07351872918202561,0.07351872484573589,0.07351872050949713,0.07351871617331474,0.07351871183717552,0.07351870750110073,0.07351870316508066,0.07351869882910975,0.07351869449319985,0.07351869015734389,0.07351868582154221,0.07351868148579553,0.07351867715010561,0.07351867281446772,0.07351866847888651,0.07351866414336097,0.07351865980789225,0.07351865547248027,0.07351865113713899,0.07351864680183678,0.0735186424665881,0.07351863813139826,0.07351863379626504,0.0735186294611881,0.0735186251261585,0.07351862079119476,0.07351861645628789,0.07351861212143553,0.07351860778664103,0.07351860345190525,0.0735185991172267,0.07351859478260545,0.0735185904480419,0.07351858611353564,0.07351858177908686,0.07351857744468882,0.07351857311035558,0.07351856877608022,0.07351856444186244,0.07351856010770308,0.07351855577360182,0.07351855143955885,0.0735185471055744,0.07351854277164806,0.07351853843778013,0.073518534103971,0.07351852977022025,0.07351852543652695,0.07351852110289354,0.07351851676931907,0.0735185124358047,0.07351850810234793,0.07351850376894978,0.07351849943560503,0.07351849510232547,0.0735184907691052,0.07351848643594769,0.07351848210284594,0.07351847776980355,0.07351847343682064,0.07351846910389692,0.0735184647710342,0.07351846043822995,0.073518456105481,0.07351845177279928,0.07351844744017423,0.07351844310760904,0.07351843877510363,0.07351843444265814,0.07351843011027279,0.07351842577794726,0.07351842144567991,0.07351841711347468,0.07351841278132991,0.0735184084492449,0.07351840411721991,0.07351839978525501,0.07351839545335091,0.0735183911215074,0.07351838678972453,0.0735183824580177,0.07351837812635752,0.073518373794755,0.07351836946321595,0.07351836513173517,0.07351836080031722,0.07351835646895823,0.07351835213765802,0.0735183478064203,0.07351834347525178,0.07351833914413534,0.07351833481309017,0.07351833048209527,0.07351832615116141,0.07351832182028643,0.0735183174894742,0.07351831315872158,0.0735183088280325,0.07351830449740974,0.07351830016684134,0.07351829583633443,0.07351829150589598,0.0735182871755114,0.07351828284518876,0.07351827851492744,0.07351827418472585,0.07351826985458583,0.07351826552450047,0.07351826119447456,0.07351825686451818,0.07351825253462356,0.0735182482047905,0.07351824387501585,0.07351823954530401,0.07351823521565512,0.0735182308860844,0.0735182265565582,0.07351822222709445,0.07351821789769096,0.0735182135683493,0.07351820923906849,0.07351820490984974,0.07351820058069294,0.07351819625159932,0.07351819192256842,0.07351818759359188,0.07351818326468092,0.07351817893583328,0.07351817460704567,0.07351817027831947,0.07351816594965609,0.07351816162105383,0.07351815729251406,0.07351815296402706,0.07351814863560933,0.07351814430725359,0.07351813997896714,0.0735181356507362,0.07351813132256635,0.07351812699445873,0.07351812266641239,0.07351811833842666,0.07351811401050301,0.07351810968264225,0.07351810535484311,0.0735181010271079,0.07351809669943253,0.07351809237181836,0.0735180880442668,0.07351808371677714,0.07351807938935183,0.0735180750619843,0.07351807073468244,0.07351806640744281,0.07351806208026265,0.07351805775314547,0.07351805342608891,0.07351804909911387,0.07351804477218203,0.07351804044531711,0.07351803611850839,0.07351803179176411,0.07351802746508238,0.07351802313846234,0.0735180188119035,0.07351801448540578,0.07351801015897065,0.07351800583259635,0.07351800150630547,0.07351799718005812,0.0735179928538815,0.07351798852776027,0.07351798420170483,0.07351797987571444,0.07351797554977561,0.07351797122389858,0.07351796689806833,0.07351796257231684,0.07351795824662746,0.07351795392101736,0.073517949595453,0.07351794526994833,0.07351794094450673,0.07351793661913267,0.0735179322938132,0.07351792796856575,0.07351792364336267,0.07351791931823294,0.07351791499316526,0.07351791066816017,0.07351790634319619,0.07351790201831537,0.07351789769350088,0.0735178933687435,0.07351788904404374,0.07351788471941169,0.07351788039484175,0.07351787607033164,0.07351787174588598,0.07351786742150355,0.07351786309718428,0.07351785877291848,0.07351785444872218,0.07351785012458868,0.07351784580052285,0.0735178414765139,0.073517837152564,0.07351783282868302,0.07351782850485973,0.0735178241810986,0.0735178198574035,0.07351781553376839,0.07351781121019733,0.07351780688668119,0.0735178025632324,0.07351779823984746,0.0735177939165219,0.07351778959325962,0.07351778527005852,0.07351778094691462,0.07351777662384197,0.07351777230081533,0.07351776797786766,0.0735177636549789,0.07351775933215414,0.07351775500939085,0.07351775068669479,0.07351774636405968,0.07351774204148258,0.07351773771896085,0.07351773339648278,0.07351772907409179,0.07351772475176571,0.07351772042949985,0.07351771610729933,0.07351771178514985,0.07351770746307214,0.0735177031410636,0.07351769881911101,0.07351769449722201,0.07351769017539722,0.07351768585362903,0.0735176815319237,0.07351767721028067,0.07351767288869483,0.07351766856717633,0.07351766424572127,0.07351765992433544,0.07351765560300386,0.07351765128173568,0.07351764696052507,0.07351764263937942,0.07351763831829625,0.073517633997277,0.07351762967632106,0.0735176253554258,0.07351762103459979,0.07351761671383011,0.0735176123931234,0.07351760807247966,0.07351760375189516,0.07351759943137381,0.07351759511091385,0.07351759079052177,0.07351758647018974,0.07351758214990656,0.07351757782970095,0.07351757350955353,0.0735175691894701,0.07351756486943091,0.0735175605494717,0.07351755622957616,0.07351755190974196,0.07351754758996275,0.07351754327025242,0.07351753895060557,0.07351753463101776,0.07351753031149479,0.07351752599203483,0.07351752167263853,0.07351751735330289,0.07351751303403005,0.07351750871481823,0.07351750439566913,0.0735175000765828,0.07351749575755806,0.07351749143860194,0.07351748711970245,0.07351748280086941,0.07351747848209342,0.07351747416338222,0.07351746984473326,0.07351746552614537,0.07351746120760887,0.07351745688914425,0.07351745257074423,0.07351744825240866,0.0735174439341358,0.07351743961592319,0.07351743529778076,0.07351743097969224,0.07351742666166522,0.07351742234369002,0.07351741802578775,0.07351741370794732,0.07351740939017333,0.07351740507246335,0.07351740075481132,0.07351739643721994,0.07351739211969192,0.07351738780222691,0.07351738348482242,0.07351737916748047,0.07351737485020111,0.07351737053298461,0.07351736621583185,0.07351736189874022,0.07351735758171066,0.07351735326474335,0.07351734894783843,0.07351734463099614,0.07351734031421689,0.07351733599749516,0.07351733168084941,0.0735173273642555,0.07351732304772518,0.0735173187312573,0.07351731441487325,0.0735173100985306,0.07351730578224835,0.07351730146601484,0.07351729714985736,0.07351729283376375,0.07351728851773238,0.07351728420174444,0.07351727988583573,0.07351727556999156,0.07351727125420401,0.0735172669384825,0.07351726262280815,0.07351725830721137,0.07351725399165102,0.07351724967617937,0.07351724536076963,0.07351724104540311,0.07351723673011816,0.07351723241489064,0.07351722809973543,0.07351722378462387,0.07351721946958906,0.07351721515461557,0.07351721083970453,0.07351720652484123,0.07351720221005946,0.07351719789533684,0.07351719358067466,0.07351718926607846,0.07351718495154119,0.0735171806370659,0.07351717632265649,0.07351717200830687,0.07351716769401317,0.07351716337977914,0.07351715906561558,0.07351715475151406,0.07351715043747446,0.0735171461234973,0.0735171418095879,0.07351713749573731,0.07351713318194736,0.07351712886822047,0.07351712455455556,0.07351712024095207,0.07351711592740874,0.073517111613932,0.07351710730049778,0.0735171029871437,0.07351709867385313,0.07351709436062707,0.0735170900474631,0.07351708573436404,0.07351708142132124,0.07351707710834399,0.07351707279542587,0.07351706848257065,0.07351706416978031,0.07351705985704875,0.07351705554437996,0.07351705123176447,0.0735170469192197,0.073517042606739,0.07351703829430341,0.07351703398194573,0.07351702966965316,0.07351702535742134,0.07351702104525386,0.07351701673314462,0.07351701242109863,0.07351700810910808,0.07351700379718847,0.07351699948533313,0.07351699517353652,0.07351699086180381,0.07351698655012316,0.07351698223850721,0.07351697792696067,0.07351697361547607,0.0735169693040527,0.07351696499269285,0.07351696068139513,0.07351695637015904,0.07351695205898924,0.07351694774787541,0.07351694343682907,0.07351693912584276,0.07351693481491861,0.07351693050405278,0.07351692619325337,0.07351692188251359,0.07351691757183723,0.07351691326122399,0.0735169089506723,0.07351690464016222,0.07351690032973487,0.07351689601936004,0.0735168917090574,0.07351688739881727,0.07351688308863934,0.07351687877852273,0.07351687446846884,0.07351687015847745,0.0735168658485484,0.07351686153868157,0.07351685722887924,0.07351685291913607,0.073516848609452,0.07351684429983738,0.07351683999028263,0.07351683568079045,0.07351683137136195,0.07351682706198097,0.07351682275267789,0.07351681844343412,0.07351681413425877,0.07351680982513872,0.07351680551606378,0.07351680120704933,0.07351679689811792,0.07351679258924709,0.07351678828044712,0.07351678397170144,0.07351677966302744,0.07351677535439319,0.07351677104581819,0.07351676673731956,0.07351676242888397,0.07351675812051171,0.07351675381218635,0.0735167495039405,0.07351674519576325,0.07351674088764004,0.07351673657957977,0.07351673227158055,0.07351672796363891,0.07351672365576463,0.07351671934795095,0.07351671504017185,0.07351671073249004,0.07351670642486251,0.07351670211729529,0.0735166978097943,0.07351669350235547,0.07351668919497611,0.07351668488764573,0.07351668058038806,0.07351667627319691,0.07351667196606407,0.07351666765899775,0.0735166633519927,0.07351665904504943,0.07351665473816858,0.07351665043134861,0.07351664612459259,0.07351664181789595,0.07351663751123798,0.07351663320466953,0.07351662889816016,0.07351662459171932,0.07351662028535516,0.07351661597903573,0.07351661167277682,0.07351660736656364,0.0735166030604381,0.07351659875436602,0.07351659444835641,0.07351659014241245,0.07351658583653121,0.07351658153070906,0.07351657722494853,0.07351657291924912,0.07351656861361336,0.07351656430803861,0.07351656000251068,0.07351655569706034,0.07351655139167329,0.07351654708634861,0.07351654278108495,0.07351653847586981,0.07351653417074754,0.07351652986566772,0.07351652556065247,0.07351652125570021,0.07351651695080896,0.07351651264598255,0.07351650834121687,0.07351650403650897,0.07351649973186458,0.07351649542728532,0.0735164911227685,0.07351648681831284,0.07351648251390108,0.07351647820955548,0.07351647390529155,0.0735164696010847,0.07351646529693873,0.07351646099284324,0.07351645668882079,0.07351645238486867,0.07351644808097298,0.07351644377714565,0.07351643947337538,0.07351643516966683,0.07351643086601935,0.07351642656243638,0.07351642225891696,0.0735164179554586,0.0735164136520597,0.07351640934872265,0.07351640504544754,0.07351640074223469,0.07351639643905068,0.07351639213596298,0.07351638783293876,0.07351638352997447,0.0735163792270723,0.07351637492424713,0.07351637062147176,0.07351636631875645,0.07351636201610465,0.07351635771351155,0.0735163534109858,0.07351634910850759,0.07351634480610406,0.07351634050376142,0.07351633620148124,0.07351633189926512,0.07351632759711257,0.07351632329501993,0.07351631899298597,0.07351631469101746,0.07351631038910954,0.07351630608727446,0.07351630178548603,0.07351629748376497,0.07351629318209905,0.07351628888050081,0.07351628457896273,0.07351628027749019,0.07351627597607974,0.0735162716747294,0.0735162673734399,0.07351626307221605,0.07351625877105522,0.07351625446995594,0.0735162501689179,0.07351624586794442,0.07351624156703217,0.0735162372661903,0.07351623296540193,0.07351622866467473,0.07351622436401022,0.07351622006340756,0.07351621576286803,0.07351621146238894,0.07351620716197463,0.07351620286160523,0.07351619856131007,0.07351619426108184,0.07351618996091502,0.07351618566080878,0.07351618136076433,0.07351617706078345,0.07351617276086482,0.07351616846100859,0.07351616416122365,0.07351615986148856,0.07351615556181694,0.07351615126218898,0.07351614696264264,0.07351614266315612,0.07351613836372951,0.07351613406438082,0.07351612976506555,0.07351612546583089,0.07351612116666274,0.07351611686756458,0.07351611256851424,0.07351610826953119,0.07351610397060589,0.07351609967174169,0.07351609537294045,0.07351609107420135,0.0735160867755168,0.07351608247690075,0.07351607817837075,0.07351607387987988,0.0735160695814503,0.07351606528308482,0.07351606098477892,0.07351605668652067,0.07351605238834284,0.0735160480902245,0.07351604379216652,0.0735160394941713,0.07351603519623875,0.07351603089836843,0.07351602660055938,0.07351602230281376,0.07351601800512891,0.07351601370750727,0.07351600940994903,0.0735160051124372,0.07351600081500205,0.07351599651762768,0.07351599222032805,0.07351598792307826,0.07351598362589076,0.07351597932876393,0.0735159750316992,0.07351597073470419,0.07351596643775887,0.07351596214089154,0.07351595784407552,0.07351595354730202,0.07351594925059597,0.07351594495396004,0.07351594065739377,0.0735159363608884,0.07351593206442832,0.07351592776804598,0.0735159234717261,0.07351591917546685,0.07351591487927134,0.07351591058313887,0.07351590628706657,0.07351590199105364,0.07351589769510657,0.07351589339922102,0.07351588910339775,0.07351588480763675,0.0735158805119375,0.07351587621630698,0.07351587192073405,0.07351586762519818,0.07351586332974705,0.07351585903435848,0.07351585473903582,0.07351585044377142,0.07351584614856857,0.0735158418534278,0.07351583755834218,0.07351583326332524,0.07351582896837468,0.07351582467347284,0.0735158203786418,0.07351581608387318,0.07351581178916687,0.07351580749452251,0.07351580319994146,0.07351579890542066,0.07351579461096547,0.0735157903165694,0.0735157860222355,0.07351578172797026,0.07351577743375301,0.0735157731396048,0.07351576884553672,0.0735157645515208,0.07351576025755974,0.07351575596365927,0.07351575166982079,0.07351574737604587,0.07351574308233552,0.07351573878868325,0.07351573449509335,0.07351573020157248,0.0735157259081068,0.07351572161470368,0.07351571732136089,0.0735157130280808,0.0735157087348617,0.07351570444170573,0.07351570014861188,0.0735156958555805,0.07351569156261287,0.0735156872697058,0.07351568297686009,0.0735156786840865,0.07351567439136462,0.07351567009870831,0.07351566580611656,0.07351566151357738,0.07351565722110323,0.07351565292869106,0.07351564863634162,0.07351564434405367,0.07351564005182729,0.07351563575966243,0.07351563146756124,0.07351562717550768,0.07351562288353446,0.07351561859159296,0.07351561429973925,0.07351561000791633,0.07351560571618761,0.07351560142451995,0.073515597132912,0.07351559284136913,0.07351558854988745,0.07351558425846598,0.07351557996710685,0.07351557567581013,0.0735155713845591,0.0735155670933617,0.07351556280226397,0.07351555851121583,0.0735155542202272,0.07351554992930272,0.0735155456384389,0.07351554134764406,0.07351553705690582,0.07351553276620923,0.07351552847559553,0.0735155241850434,0.07351551989455031,0.07351551560410571,0.07351551131375064,0.07351550702344226,0.07351550273319594,0.07351549844301768,0.07351549415290438,0.07351548986284875,0.07351548557285352,0.07351548128292044,0.07351547699304972,0.07351547270324066,0.0735154684134919,0.07351546412380705,0.07351545983418507,0.07351545554462348,0.07351545125512575,0.07351544696568894,0.07351544267631373,0.07351543838700092,0.07351543409774904,0.07351542980856092,0.073515425519433,0.0735154212303671,0.0735154169413479,0.07351541265240603,0.0735154083635225,0.07351540407470497,0.07351539978595258,0.07351539549725979,0.07351539120862784,0.07351538692005771,0.07351538263154983,0.07351537834310322,0.07351537405471927,0.07351536976639729,0.07351536547813722,0.07351536118993524,0.07351535690178534,0.07351535261371091,0.07351534832570007,0.07351534403774783,0.07351533974986067,0.07351533546203388,0.0735153311742545,0.0735153268865509,0.07351532259890832,0.07351531831132778,0.07351531402381088,0.0735153097363565,0.07351530544895017,0.0735153011616204,0.07351529687435283,0.07351529258714583,0.0735152882999989,0.07351528401290638,0.07351527972588483,0.07351527543892639,0.07351527115203148,0.07351526686519406,0.07351526257843,0.0735152582917191,0.07351525400506925,0.0735152497184815,0.07351524543195546,0.07351524114549163,0.07351523685908587,0.07351523257272588,0.07351522828644741,0.07351522400023804,0.07351521971408437,0.07351521542798994,0.07351521114196617,0.07351520685599852,0.07351520257009589,0.07351519828425122,0.0735151939984678,0.07351518971274668,0.07351518542708745,0.07351518114149036,0.07351517685596698,0.07351517257049353,0.0735151682850827,0.0735151639997498,0.07351515971447109,0.07351515542924615,0.07351515114408227,0.07351514685898031,0.07351514257393968,0.07351513828894449,0.07351513400402798,0.07351512971917394,0.07351512543438125,0.07351512114965075,0.07351511686498997,0.07351511258038647,0.07351510829584144,0.07351510401135981,0.07351509972693678,0.07351509544257741,0.07351509115827866,0.07351508687404763,0.07351508258987412,0.07351507830576604,0.07351507402171545,0.07351506973772792,0.07351506545380146,0.07351506116993735,0.07351505688613542,0.07351505260237197,0.07351504831869454,0.07351504403507904,0.07351503975152465,0.07351503546803323,0.07351503118459934,0.07351502690123055,0.07351502261791666,0.07351501833467626,0.0735150140514872,0.07351500976836674,0.07351500548530672,0.07351500120230868,0.07351499691937506,0.07351499263650098,0.07351498835366767,0.07351498407091721,0.07351497978822862,0.07351497550560013,0.07351497122303474,0.0735149669405319,0.07351496265809536,0.0735149583757166,0.07351495409340153,0.07351494981114534,0.07351494552895302,0.07351494124682127,0.0735149369647486,0.07351493268272574,0.07351492840077928,0.0735149241188939,0.0735149198370715,0.07351491555529502,0.07351491127359622,0.07351490699196397,0.07351490271039016,0.07351489842887529,0.073514894147424,0.0735148898660328,0.07351488558470724,0.07351488130344115,0.07351487702223539,0.07351487274109364,0.07351486846001422,0.07351486417899898,0.07351485989804357,0.07351485561714932,0.07351485133631355,0.07351484705553948,0.0735148427748162,0.07351483849417215,0.07351483421358848,0.0735148299330642,0.07351482565260299,0.0735148213722086,0.0735148170918713,0.07351481281157932,0.07351480853136297,0.07351480425121107,0.07351479997112077,0.07351479569109308,0.07351479141112785,0.07351478713120758,0.07351478285137408,0.07351477857159192,0.07351477429188008,0.07351477001222045,0.07351476573262435,0.07351476145309023,0.07351475717361777,0.07351475289420929,0.07351474861485999,0.07351474433555603,0.07351474005633414,0.07351473577717084,0.0735147314980684,0.07351472721902934,0.0735147229400515,0.07351471866112333,0.07351471438227052,0.07351471010347992,0.07351470582474892,0.07351470154608032,0.0735146972674741,0.07351469298892932,0.07351468871044639,0.07351468443202437,0.07351468015367439,0.07351467587537669,0.07351467159713573,0.07351466731896183,0.07351466304084947,0.07351465876279446,0.07351465448480221,0.07351465020685938,0.07351464592899427,0.07351464165119112,0.07351463737344992,0.07351463309577136,0.07351462881815314,0.07351462454059794,0.07351462026310814,0.073514615985676,0.07351461170830524,0.07351460743099637,0.07351460315374982,0.07351459887656564,0.07351459459944208,0.07351459032236496,0.07351458604536638,0.07351458176842901,0.07351457749157052,0.07351457321475634,0.07351456893800389,0.07351456466131864,0.0735145603846898,0.07351455610811941,0.07351455183161368,0.0735145475551713,0.07351454327878974,0.07351453900247085,0.07351453472621272,0.07351453045001606,0.07351452617389306,0.0735145218978216,0.0735145176218071,0.07351451334585472,0.0735145090699535,0.07351450479411657,0.07351450051835196,0.0735144962426469,0.07351449196700773,0.07351448769142493,0.07351448341589975,0.07351447914043975,0.07351447486505255,0.07351447058971035,0.07351446631443546,0.07351446203921999,0.07351445776407169,0.07351445348898823,0.07351444921396678,0.07351444493900729,0.07351444066410812,0.0735144363892701,0.07351443211448086,0.07351442783976693,0.07351442356511481,0.07351441929052561,0.07351441501598484,0.07351441074151858,0.0735144064671136,0.07351440219276635,0.07351439791848914,0.07351439364426868,0.07351438937011065,0.0735143850960137,0.07351438082197903,0.0735143765480071,0.07351437227409545,0.07351436800024733,0.07351436372646014,0.07351435945273434,0.07351435517907069,0.07351435090546876,0.0735143466319282,0.07351434235844902,0.07351433808503186,0.07351433381167695,0.0735143295383799,0.07351432526514748,0.07351432099197402,0.07351431671886964,0.07351431244582278,0.07351430817283516,0.07351430389991197,0.07351429962704731,0.07351429535424954,0.07351429108151114,0.07351428680883547,0.07351428253622927,0.07351427826367865,0.07351427399119853,0.07351426971876357,0.07351426544639762,0.07351426117408467,0.07351425690184092,0.07351425262965919,0.0735142483575392,0.07351424408547877,0.07351423981348189,0.07351423554154725,0.07351423126967414,0.07351422699786303,0.07351422272611285,0.07351421845442443,0.07351421418279834,0.07351420991123352,0.07351420563972873,0.07351420136828743,0.07351419709691287,0.0735141928255993,0.07351418855434332,0.07351418428314882,0.07351418001201608,0.07351417574094529,0.07351417146993924,0.07351416719899112,0.0735141629281108,0.07351415865728941,0.07351415438652834,0.07351415011582767,0.07351414584518727,0.0735141415746098,0.07351413730409416,0.0735141330336403,0.07351412876324902,0.07351412449291839,0.07351412022264929,0.07351411595243865,0.07351411168229156,0.07351410741220846,0.07351410314218661,0.07351409887222748,0.0735140946023294,0.07351409033249284,0.07351408606271467,0.07351408179299837,0.07351407752334176,0.07351407325375171,0.07351406898422434,0.07351406471475647,0.07351406044535609,0.07351405617601728,0.07351405190673556,0.07351404763752299,0.07351404336836442,0.07351403909926886,0.07351403483023486,0.0735140305612619,0.07351402629235519,0.07351402202350604,0.07351401775471834,0.07351401348599648,0.07351400921733281,0.07351400494872977,0.07351400068018875,0.07351399641170896,0.07351399214328927,0.07351398787493352,0.0735139836066356,0.07351397933840284,0.07351397507023187,0.07351397080212417,0.07351396653406002,0.07351396226607435,0.07351395799816338,0.07351395373030489,0.07351394946251485,0.07351394519477376,0.07351394092709662,0.07351393665948057,0.07351393239192631,0.0735139281244532,0.07351392385702242,0.0735139195896433,0.07351391532233596,0.07351391105509057,0.07351390678790637,0.07351390252078314,0.07351389825372234,0.07351389398672382,0.07351388971979167,0.07351388545291603,0.07351388118610658,0.0735138769193544,0.07351387265266457,0.07351386838603666,0.0735138641194694,0.07351385985296296,0.0735138555865165,0.07351385132013624,0.0735138470538147,0.07351384278755543,0.07351383852135772,0.07351383425522176,0.07351382998913407,0.07351382572312182,0.07351382145717054,0.07351381719128124,0.07351381292545305,0.07351380865968683,0.07351380439398333,0.07351380012834086,0.07351379586275968,0.07351379159724192,0.07351378733176563,0.07351378306637092,0.07351377880104036,0.0735137745357678,0.07351377027055643,0.07351376600540684,0.07351376174032023,0.07351375747527857,0.07351375321031448,0.07351374894541109,0.0735137446805695,0.07351374041579026,0.07351373615107172,0.0735137318864153,0.07351372762180396,0.07351372335726764,0.07351371909280056,0.07351371482840591,0.07351371056405795,0.07351370629978218,0.07351370203555752,0.07351369777139453,0.07351369350729027,0.07351368924325163,0.07351368497927316,0.07351368071535669,0.07351367645150339,0.07351367218771074,0.07351366792397915,0.07351366366030927,0.07351365939670348,0.07351365513315748,0.07351365086967145,0.07351364660624596,0.07351364234288486,0.07351363807958587,0.07351363381634322,0.07351362955316598,0.07351362529005108,0.07351362102700251,0.07351361676401016,0.07351361250108095,0.07351360823821225,0.07351360397540409,0.07351359971265788,0.07351359544997337,0.0735135911873482,0.07351358692478714,0.07351358266229287,0.07351357839987271,0.0735135741374964,0.07351356987518208,0.07351356561292964,0.07351356135073911,0.07351355708860773,0.07351355282652705,0.0735135485645168,0.07351354430257177,0.07351354004068889,0.07351353577886793,0.07351353151710777,0.07351352725540533,0.07351352299376838,0.07351351873219285,0.07351351447068306,0.07351351020923125,0.0735135059478404,0.07351350168651266,0.07351349742524661,0.07351349316403837,0.07351348890289348,0.07351348464182174,0.07351348038080045,0.07351347611984096,0.0735134718589433,0.07351346759810774,0.07351346333733295,0.07351345907662347,0.07351345481596966,0.07351345055537949,0.07351344629486513,0.07351344203439969,0.07351343777399487,0.0735134335136493,0.07351342925336664,0.07351342499314815,0.07351342073298935,0.07351341647289217,0.07351341221286208,0.07351340795288817,0.07351340369297234,0.0735133994331195,0.07351339517332837,0.07351339091360039,0.07351338665393442,0.07351338239432915,0.0735133781348048,0.07351337387532111,0.073513369615902,0.07351336535654102,0.07351336109724474,0.07351335683800918,0.07351335257884503,0.07351334831972842,0.07351334406067801,0.07351333980168778,0.0735133355427604,0.07351333128389248,0.07351332702508868,0.07351332276634596,0.07351331850766493,0.07351331424904528,0.07351330999049845,0.07351330573201965,0.07351330147358803,0.0735132972152152,0.07351329295690341,0.07351328869865,0.0735132844404376,0.07351328018231157,0.07351327592425017,0.07351327166625331,0.07351326740831213,0.07351326315043165,0.0735132588926122,0.07351325463485567,0.07351325037715968,0.07351324611950844,0.07351324186193513,0.0735132376044218,0.07351323334697213,0.07351322908958367,0.07351322483225456,0.07351322057499002,0.07351321631778675,0.07351321206065309,0.0735132078035779,0.07351320354656622,0.07351319928961261,0.07351319503271671,0.07351319077588218,0.0735131865191117,0.07351318226238533,0.07351317800573501,0.07351317374914722,0.07351316949262088,0.07351316523615524,0.07351316097974984,0.07351315672340769,0.0735131524671268,0.07351314821088731,0.0735131439547319,0.0735131396986358,0.07351313544259763,0.07351313118662481,0.0735131269307132,0.07351312267486337,0.07351311841907132,0.07351311416335815,0.07351310990769663,0.07351310565208928,0.07351310139654808,0.07351309714106748,0.07351309288564341,0.07351308863027117,0.07351308437496003,0.07351308011972162,0.07351307586454822,0.07351307160943706,0.07351306735438766,0.07351306309939389,0.07351305884446656,0.07351305458960085,0.07351305033479669,0.07351304608004922,0.07351304182536793,0.0735130375707461,0.07351303331618421,0.07351302906168831,0.0735130248072535,0.07351302055288034,0.07351301629856628,0.07351301204431594,0.07351300779012479,0.07351300353601004,0.07351299928194319,0.07351299502794438,0.07351299077400522,0.07351298652012321,0.07351298226630298,0.07351297801254408,0.07351297375884636,0.07351296950520891,0.07351296525160986,0.07351296099809708,0.07351295674464625,0.07351295249125497,0.07351294823792814,0.07351294398466239,0.07351293973143708,0.07351293547829144,0.07351293122520572,0.07351292697218352,0.07351292271922448,0.07351291846632686,0.07351291421349072,0.07351290996071602,0.07351290570800284,0.07351290145535397,0.07351289720276945,0.07351289295025486,0.07351288869778702,0.07351288444538161,0.0735128801930373,0.07351287594075398,0.07351287168853245,0.07351286743637261,0.07351286318427115,0.07351285893223451,0.07351285468026497,0.07351285042835108,0.07351284617649889,0.07351284192470439,0.07351283767298397,0.07351283342132198,0.07351282916971584,0.07351282491817122,0.07351282066668835,0.07351281641528093,0.07351281216392025,0.07351280791261963,0.07351280366137924,0.07351279941020299,0.07351279515908822,0.07351279090803578,0.07351278665703789,0.07351278240610772,0.07351277815522021,0.07351277390442182,0.0735127696536758,0.07351276540299181,0.07351276115237391,0.07351275690181237,0.07351275265131658,0.07351274840088251,0.0735127441505034,0.0735127399001856,0.07351273564993187,0.07351273139973875,0.07351272714960737,0.07351272289953756,0.07351271864952541,0.0735127143995786,0.07351271014969255,0.07351270589986628,0.07351270165009657,0.07351269740039486,0.07351269315075944,0.07351268890118104,0.07351268465166448,0.0735126804022088,0.07351267615281462,0.07351267190348207,0.07351266765419108,0.07351266340499221,0.07351265915584466,0.07351265490677507,0.073512650657756,0.07351264640879193,0.07351264215988768,0.07351263791104325,0.07351263366226325,0.07351262941354339,0.07351262516488595,0.07351262091629097,0.07351261666775787,0.07351261241928415,0.07351260817087367,0.07351260392252426,0.07351259967423746,0.07351259542600669,0.07351259117785253,0.07351258692975537,0.0735125826817124,0.07351257843371474,0.07351257418579515,0.0735125699379417,0.0735125656901454,0.07351256144240534,0.07351255719473118,0.073512552947126,0.0735125486995789,0.07351254445208558,0.07351254020465714,0.07351253595729425,0.07351253170998637,0.0735125274627523,0.07351252321557065,0.07351251896844874,0.07351251472138975,0.07351251047439133,0.07351250622745573,0.07351250198057836,0.07351249773376506,0.07351249348700674,0.07351248924031538,0.07351248499368332,0.07351248074711485,0.07351247650060828,0.07351247225416536,0.07351246800777754,0.07351246376144834,0.07351245951518606,0.07351245526898607,0.07351245102285431,0.07351244677677739,0.07351244253076136,0.07351243828481796,0.07351243403892505,0.07351242979308353,0.07351242554730852,0.0735124213015996,0.07351241705595182,0.07351241281036648,0.07351240856485346,0.07351240431938832,0.07351240007398625,0.07351239582864467,0.07351239158336571,0.07351238733814779,0.07351238309298654,0.07351237884789223,0.0735123746028586,0.0735123703578861,0.07351236611297289,0.07351236186812435,0.07351235762333128,0.07351235337860515,0.0735123491339406,0.07351234488933682,0.07351234064479148,0.07351233640031078,0.07351233215586861,0.07351232791152991,0.073512323667233,0.07351231942299731,0.07351231517882262,0.07351231093471045,0.07351230669065541,0.07351230244666601,0.07351229820273332,0.0735122939588667,0.07351228971505851,0.07351228547131027,0.07351228122762844,0.07351227698400521,0.0735122727404461,0.07351226849694711,0.07351226425350944,0.07351226001013271,0.07351225576682334,0.07351225152356945,0.07351224728037382,0.07351224303724294,0.07351223879417636,0.07351223455116841,0.07351223030821986,0.07351222606533477,0.07351222182251783,0.07351221757974004,0.0735122133370391,0.0735122090944168,0.07351220485183801,0.07351220060932086,0.0735121963668652,0.07351219212444478,0.07351218788211188,0.07351218363983993,0.07351217939762951,0.07351217515546113,0.07351217091337403,0.0735121666713474,0.07351216242938192,0.0735121581874764,0.07351215394564312,0.07351214970385823,0.07351214546212245,0.0735121412204681,0.0735121369788739,0.07351213273733648,0.07351212849585999,0.07351212425445083,0.07351212001309976,0.07351211577180926,0.0735121115305795,0.07351210728941374,0.07351210304830352,0.07351209880726009,0.07351209456627736,0.07351209032535524,0.07351208608449425,0.07351208184369609,0.0735120776029583,0.07351207336226849,0.07351206912165845,0.07351206488110502,0.07351206064061044,0.07351205640019245,0.0735120521598224,0.07351204791951925,0.07351204367926994,0.0735120394390842,0.07351203519896327,0.0735120309588998,0.07351202671890192,0.07351202247896094,0.07351201823908458,0.07351201399926723,0.07351200975951142,0.07351200551981588,0.07351200128018608,0.07351199704061398,0.07351199280110247,0.07351198856165274,0.07351198432226264,0.07351198008293454,0.07351197584367022,0.07351197160446683,0.07351196736532685,0.0735119631262449,0.0735119588872237,0.07351195464826403,0.07351195040936204,0.07351194617053265,0.07351194193175434,0.07351193769303241,0.07351193345437557,0.07351192921579357,0.07351192497726208,0.07351192073879405,0.07351191650038633,0.07351191226203342,0.07351190802374974,0.07351190378552365,0.0735118995473592,0.073511895309264,0.07351189107118845,0.0735118868332095,0.0735118825952923,0.0735118783574366,0.07351187411964115,0.07351186988190779,0.07351186564422642,0.07351186140661177,0.07351185716906981,0.07351185293158172,0.07351184869415449,0.07351184445678392,0.07351184021947729,0.07351183598223411,0.07351183174505298,0.07351182750793131,0.07351182327087256,0.07351181903387471,0.07351181479693791,0.0735118105600607,0.0735118063232545,0.07351180208650161,0.07351179784980987,0.07351179361317899,0.0735117893766113,0.07351178514010369,0.07351178090365737,0.07351177666727028,0.07351177243094469,0.07351176819466805,0.0735117639584669,0.07351175972232497,0.07351175548625347,0.07351175125021629,0.07351174701426112,0.07351174277836764,0.07351173854253133,0.07351173430675816,0.07351173007103536,0.0735117258353849,0.07351172159979458,0.07351171736426763,0.07351171312879921,0.07351170889339566,0.07351170465805204,0.07351170042277133,0.0735116961875506,0.07351169195239003,0.07351168771728771,0.07351168348225066,0.07351167924727463,0.07351167501235953,0.0735116707775065,0.07351166654271848,0.07351166230799974,0.07351165807333009,0.0735116538387241,0.0735116496041755,0.07351164536969124,0.0735116411352788,0.07351163690091612,0.07351163266661397,0.0735116284323727,0.07351162419819374,0.0735116199640897,0.0735116157300325,0.07351161149603651,0.07351160726210602,0.0735116030282327,0.07351159879440573,0.07351159456065426,0.07351159032696544,0.07351158609333895,0.07351158185977001,0.07351157762626387,0.07351157339281954,0.0735115691594268,0.07351156492610561,0.07351156069283393,0.07351155645963414,0.0735115522264957,0.07351154799341379,0.07351154376041208,0.07351153952745788,0.07351153529456442,0.07351153106172553,0.07351152682895423,0.07351152259624515,0.07351151836359471,0.07351151413100768,0.07351150989848347,0.07351150566601238,0.07351150143359662,0.0735114972012542,0.073511492968973,0.07351148873673365,0.07351148450457479,0.07351148027247742,0.07351147604045082,0.07351147180847557,0.07351146757656128,0.07351146334471007,0.07351145911291877,0.07351145488118817,0.07351145064951671,0.0735114464179059,0.07351144218635956,0.07351143795489498,0.07351143372347081,0.07351142949210701,0.07351142526079192,0.07351142102955167,0.0735114167983768,0.0735114125672752,0.07351140833622201,0.07351140410522558,0.07351139987428627,0.07351139564340953,0.07351139141259838,0.0735113871818478,0.07351138295115803,0.07351137872052953,0.07351137448996228,0.07351137025945453,0.0735113660290097,0.07351136179862675,0.0735113575683046,0.07351135333804434,0.07351134910784402,0.07351134487769664,0.07351134064761891,0.07351133641760212,0.07351133218765163,0.07351132795775507,0.07351132372792318,0.07351131949815615,0.07351131526844587,0.07351131103879739,0.0735113068092058,0.07351130257968845,0.0735112983502153,0.07351129412081114,0.07351128989146785,0.07351128566217492,0.07351128143295449,0.07351127720380393,0.07351127297470562,0.0735112687456686,0.07351126451669257,0.07351126028777727,0.07351125605892159,0.07351125183012916,0.07351124760139416,0.0735112433727243,0.07351123914411538,0.07351123491556774,0.07351123068708197,0.07351122645865672,0.07351122223029072,0.07351121800198233,0.07351121377374056,0.07351120954556015,0.0735112053174396,0.07351120108939777,0.07351119686140056,0.07351119263346477,0.07351118840559222,0.0735111841777783,0.07351117995002687,0.07351117572233525,0.0735111714947053,0.07351116726713636,0.07351116303962615,0.07351115881217976,0.07351115458479285,0.07351115035746858,0.07351114613020564,0.07351114190300338,0.07351113767586823,0.0735111334487911,0.07351112922177351,0.07351112499481752,0.07351112076792081,0.0735111165410856,0.07351111231429301,0.0735111080875795,0.07351110386092888,0.0735110996343373,0.07351109540780804,0.07351109118134017,0.07351108695493301,0.07351108272858908,0.07351107850230447,0.07351107427607645,0.0735110700499132,0.07351106582381195,0.07351106159776857,0.07351105737178977,0.07351105314587261,0.07351104892001649,0.07351104469422143,0.07351104046848478,0.0735110362428097,0.07351103201719347,0.07351102779164202,0.07351102356614152,0.073511019340713,0.07351101511534722,0.0735110108900414,0.073511006664796,0.07351100243961262,0.07351099821449363,0.07351099398943184,0.07351098976443121,0.07351098553949212,0.07351098131461384,0.07351097708979668,0.07351097286503706,0.07351096864034141,0.07351096441571349,0.07351096019114006,0.0735109559666289,0.07351095174217881,0.07351094751778933,0.0735109432934614,0.07351093906919233,0.07351093484499419,0.07351093062084908,0.07351092639677637,0.07351092217275343,0.07351091794879228,0.07351091372489393,0.07351090950105114,0.07351090527727154,0.07351090105356464,0.07351089682989614,0.07351089260630288,0.07351088838276967,0.07351088415928114,0.07351087993586883,0.07351087571252074,0.07351087148921638,0.07351086726598818,0.07351086304282228,0.07351085881971474,0.07351085459667002,0.07351085037368821,0.07351084615076585,0.07351084192790577,0.07351083770510553,0.07351083348236633,0.07351082925969554,0.0735108250370799,0.07351082081452245,0.07351081659202702,0.07351081236959327,0.07351080814722194,0.07351080392489194,0.0735107997026454,0.07351079548045591,0.07351079125832623,0.07351078703626192,0.07351078281425628,0.07351077859230894,0.07351077437041956,0.07351077014856078,0.07351076592679552,0.07351076170509513,0.07351075748345587,0.0735107532618793,0.07351074904036387,0.07351074481890763,0.07351074059751203,0.07351073637617812,0.07351073215490532,0.0735107279336939,0.07351072371254269,0.07351071949145317,0.07351071527042093,0.07351071104945113,0.07351070682854334,0.07351070260769962,0.07351069838691228,0.07351069416618931,0.07351068994552777,0.07351068572492665,0.07351068150438689,0.0735106772839086,0.07351067306349113,0.07351066884313265,0.07351066462283422,0.07351066040259989,0.07351065618242378,0.07351065196231162,0.07351064774225785,0.07351064352228034,0.07351063930236482,0.07351063508249638,0.07351063086269563,0.07351062664294485,0.07351062242325972,0.0735106182036361,0.07351061398407077,0.07351060976456658,0.07351060554513568,0.07351060132575644,0.07351059710643701,0.07351059288717966,0.07351058866798423,0.07351058444884907,0.07351058022977498,0.07351057601076035,0.07351057179180837,0.07351056757291517,0.07351056335408532,0.07351055913531472,0.07351055491660713,0.07351055069793888,0.0735105464793544,0.07351054226083005,0.07351053804236658,0.07351053382396251,0.07351052960562363,0.0735105253873406,0.07351052116912259,0.07351051695096472,0.07351051273286381,0.07351050851482487,0.07351050429684954,0.07351050007893552,0.07351049586107967,0.07351049164328674,0.07351048742555641,0.07351048320788274,0.07351047899025914,0.07351047477271126,0.0735104705552244,0.07351046633779786,0.07351046212043766,0.07351045790313407,0.07351045368589179,0.07351044946871013,0.07351044525158758,0.07351044103452804,0.07351043681752473,0.07351043260058751,0.0735104283837098,0.0735104241668921,0.07351041995013606,0.07351041573344362,0.07351041151680893,0.07351040730023418,0.07351040308372361,0.07351039886727538,0.07351039465088521,0.07351039043455933,0.07351038621829281,0.0735103820020929,0.07351037778594921,0.07351037356986623,0.07351036935384354,0.07351036513788842,0.07351036092198687,0.07351035670614747,0.073510352490378,0.07351034827466314,0.07351034405900801,0.07351033984341335,0.07351033562787783,0.07351033141240369,0.07351032719699184,0.07351032298164156,0.07351031876635199,0.07351031455112371,0.07351031033595665,0.07351030612084804,0.07351030190580204,0.07351029769081577,0.07351029347589083,0.07351028926102446,0.07351028504622306,0.0735102808314797,0.0735102766168119,0.0735102724021914,0.07351026818763366,0.0735102639731376,0.07351025975870153,0.07351025554432682,0.07351025132999128,0.07351024711573999,0.07351024290154863,0.07351023868741496,0.07351023447334448,0.07351023025931856,0.0735102260453709,0.07351022183148467,0.0735102176176601,0.07351021340389677,0.07351020919019229,0.07351020497654784,0.07351020076296619,0.07351019654944571,0.07351019233598617,0.07351018812258865,0.07351018390925265,0.07351017969597619,0.0735101754827616,0.07351017126960468,0.0735101670565117,0.07351016284347865,0.07351015863050729,0.07351015441759712,0.07351015020474394,0.07351014599196211,0.0735101417792466,0.0735101375665795,0.07351013335397336,0.0735101291414282,0.07351012492894424,0.07351012071649904,0.07351011650413794,0.07351011229183523,0.07351010807959504,0.07351010386741462,0.07351009965529666,0.07351009544323987,0.0735100912312381,0.07351008701930305,0.07351008280742803,0.07351007859559894,0.07351007438384592,0.07351007017215995,0.07351006596052927,0.07351006174894949,0.0735100575374414,0.07351005332599396,0.07351004911460571,0.07351004490327995,0.07351004069202267,0.07351003648082105,0.07351003226967757,0.07351002805859685,0.07351002384757546,0.07351001963661678,0.07351001542571815,0.07351001121488016,0.07351000700410298,0.0735100027933872,0.07350999858273269,0.0735099943721374,0.07350999016160394,0.07350998595113926,0.07350998174072773,0.07350997753037651,0.07350997332008334,0.0735099691098532,0.07350996489965919,0.07350996068955243,0.07350995647950676,0.07350995226951947,0.07350994805959743,0.07350994384975276,0.07350993963995137,0.07350993543021489,0.07350993122053147,0.07350992701091291,0.07350992280135206,0.07350991859185675,0.07350991438242083,0.0735099101730456,0.07350990596372982,0.07350990175447675,0.07350989754528246,0.07350989333615095,0.07350988912708666,0.07350988491807832,0.07350988070912458,0.07350987650024285,0.07350987229142303,0.07350986808265714,0.07350986387395361,0.07350985966530754,0.07350985545669962,0.07350985124817563,0.07350984703971432,0.07350984283131423,0.07350983862297669,0.07350983441469863,0.0735098302064813,0.07350982599830341,0.073509821790202,0.07350981758216735,0.07350981337419314,0.07350980916626301,0.07350980495841082,0.07350980075062989,0.07350979654289974,0.07350979233523038,0.07350978812762064,0.07350978392008381,0.07350977971259583,0.0735097755051703,0.07350977129780206,0.07350976709049842,0.07350976288325195,0.07350975867607033,0.07350975446894681,0.0735097502618882,0.07350974605489073,0.07350974184793778,0.07350973764105662,0.07350973343423997,0.07350972922748396,0.07350972502079033,0.07350972081415195,0.07350971660757846,0.07350971240105289,0.07350970819460158,0.07350970398821442,0.07350969978188107,0.07350969557561317,0.07350969136940579,0.07350968716326074,0.07350968295717121,0.07350967875114901,0.07350967454518353,0.07350967033928055,0.07350966613343941,0.073509661927657,0.07350965772193789,0.07350965351627567,0.0735096493106783,0.07350964510514105,0.07350964089966457,0.07350963669425131,0.07350963248889643,0.07350962828360312,0.07350962407836979,0.07350961987319743,0.07350961566808585,0.07350961146304506,0.07350960725806158,0.07350960305313264,0.07350959884826523,0.07350959464346962,0.0735095904387235,0.07350958623404581,0.07350958202942329,0.07350957782485998,0.07350957362035739,0.07350956941591659,0.07350956521152051,0.07350956100720055,0.07350955680294081,0.07350955259874206,0.07350954839460473,0.07350954419052615,0.07350953998651107,0.07350953578256841,0.07350953157868365,0.0735095273748512,0.07350952317107953,0.07350951896737411,0.07350951476372562,0.07350951056013526,0.07350950635660587,0.07350950215313878,0.07350949794973201,0.07350949374638593,0.07350948954310191,0.07350948533987742,0.07350948113670544,0.07350947693360253,0.07350947273056088,0.0735094685275798,0.07350946432466612,0.07350946012180426,0.07350945591900677,0.07350945171626923,0.07350944751359278,0.07350944331097771,0.07350943910842775,0.0735094349059413,0.07350943070349451,0.07350942650112113,0.07350942229880969,0.07350941809657369,0.07350941389438434,0.07350940969225446,0.07350940549018643,0.07350940128819616,0.07350939708625015,0.07350939288436284,0.07350938868253826,0.07350938448077288,0.07350938027907215,0.07350937607742976,0.07350937187584847,0.07350936767432634,0.07350936347286352,0.07350935927146415,0.07350935507012615,0.07350935086884948,0.07350934666764908,0.07350934246649325,0.07350933826540386,0.07350933406436642,0.07350932986339018,0.07350932566247792,0.07350932146162618,0.07350931726083562,0.07350931306010416,0.07350930885940439,0.07350930465879606,0.07350930045824891,0.07350929625775902,0.07350929205733302,0.07350928785696459,0.07350928365665906,0.07350927945641807,0.07350927525624291,0.07350927105613855,0.07350926685607766,0.07350926265607903,0.07350925845613972,0.07350925425626072,0.07350925005644321,0.07350924585668295,0.07350924165698725,0.07350923745735231,0.07350923325777929,0.07350922905826608,0.07350922485881668,0.07350922065942475,0.07350921646009205,0.07350921226081877,0.07350920806162022,0.07350920386247105,0.0735091996633876,0.07350919546436067,0.07350919126539433,0.07350918706648912,0.07350918286764477,0.0735091786688666,0.0735091744701477,0.07350917027150583,0.07350916607291635,0.07350916187437588,0.07350915767589469,0.07350915347748503,0.07350914927912704,0.07350914508082639,0.07350914088258585,0.07350913668441567,0.07350913248630074,0.07350912828825829,0.07350912409026471,0.0735091198923363,0.07350911569446428,0.0735091114966533,0.0735091072988936,0.07350910310120383,0.0735090989035753,0.07350909470601293,0.0735090905085059,0.07350908631105603,0.07350908211366905,0.07350907791636817,0.07350907371910102,0.07350906952190853,0.07350906532476632,0.07350906112769426,0.07350905693067371,0.0735090527337147,0.0735090485368165,0.07350904433997817,0.07350904014320082,0.07350903594646105,0.07350903174980677,0.07350902755321166,0.07350902335670598,0.07350901916023672,0.07350901496382903,0.07350901076747711,0.07350900657118163,0.07350900237495929,0.07350899817879006,0.07350899398268035,0.07350898978663165,0.07350898559064367,0.07350898139471744,0.07350897719885166,0.07350897300304664,0.07350896880730383,0.07350896461162013,0.07350896041599725,0.07350895622043145,0.07350895202493007,0.07350894782948965,0.07350894363411098,0.07350893943879186,0.07350893524353175,0.07350893104833794,0.07350892685320576,0.0735089226581163,0.07350891846310159,0.07350891426814703,0.07350891007325279,0.0735089058784134,0.07350890168364203,0.07350889748892989,0.07350889329427909,0.073508889099701,0.07350888490517257,0.07350888071070472,0.07350887651629728,0.07350887232195015,0.07350886812766382,0.07350886393343514,0.07350885973926738,0.07350885554516205,0.07350885135111877,0.07350884715713608,0.07350884296321035,0.07350883876934917,0.07350883457554876,0.07350883038180944,0.07350882618811436,0.07350882199451458,0.07350881780095433,0.07350881360745774,0.0735088094140219,0.07350880522064418,0.07350880102733254,0.07350879683407899,0.07350879264088592,0.07350878844775358,0.07350878425468164,0.07350878006166829,0.07350877586871679,0.07350877167582902,0.07350876748300034,0.07350876329023354,0.07350875909752638,0.07350875490487943,0.07350875071229218,0.07350874651976858,0.07350874232730356,0.07350873813489998,0.07350873394255535,0.07350872975027452,0.07350872555805346,0.07350872136589295,0.07350871717379333,0.07350871298175343,0.07350870878979165,0.07350870459787406,0.07350870040600663,0.07350869621420661,0.07350869202247103,0.07350868783079764,0.0735086836391835,0.0735086794476301,0.07350867525614181,0.07350867106470653,0.07350866687333525,0.07350866268201108,0.07350865849075591,0.0735086542995665,0.07350865010843774,0.07350864591736668,0.07350864172635911,0.0735086375354171,0.07350863334453107,0.07350862915372243,0.0735086249629582,0.07350862077225476,0.07350861658161459,0.07350861239103068,0.0735086082005127,0.07350860401005167,0.07350859981965151,0.07350859562931228,0.07350859143903393,0.07350858724881625,0.07350858305865891,0.07350857886857808,0.0735085746785399,0.07350857048856586,0.07350856629865139,0.07350856210879739,0.07350855791900517,0.07350855372927098,0.07350854953959937,0.07350854534998846,0.07350854116043772,0.07350853697094814,0.07350853278151868,0.07350852859214976,0.073508524402842,0.07350852021359484,0.0735085160244059,0.07350851183528045,0.07350850764621181,0.07350850345720746,0.07350849926827768,0.07350849507939493,0.0735084908905726,0.07350848670181002,0.07350848251310986,0.07350847832447042,0.0735084741358909,0.07350846994737166,0.07350846575890936,0.07350846157051891,0.07350845738218156,0.07350845319391744,0.07350844900570125,0.07350844481755098,0.07350844062945659,0.07350843644142976,0.07350843225346054,0.07350842806554832,0.07350842387770284,0.07350841968990637,0.07350841550217616,0.07350841131450514,0.07350840712689644,0.07350840293934821,0.0735083987518623,0.07350839456443292,0.07350839037706713,0.07350838618976191,0.0735083820025148,0.07350837781533034,0.0735083736282072,0.0735083694411472,0.07350836525414026,0.07350836106720501,0.07350835688033527,0.07350835269351284,0.07350834850675454,0.07350834432005227,0.07350834013339422,0.0735083359468165,0.07350833176029646,0.07350832757384101,0.07350832338745648,0.07350831920110747,0.07350831501483293,0.07350831082861901,0.07350830664246596,0.07350830245636766,0.07350829827033636,0.07350829408436546,0.07350828989845515,0.07350828571260522,0.07350828152681327,0.07350827734108673,0.07350827315541608,0.07350826896980954,0.07350826478426216,0.07350826059877467,0.07350825641333276,0.07350825222795997,0.07350824804265665,0.07350824385741123,0.07350823967223755,0.07350823548711546,0.07350823130208171,0.07350822711707979,0.07350822293214612,0.07350821874726407,0.07350821456244333,0.07350821037768548,0.07350820619298243,0.07350820200834508,0.07350819782376773,0.07350819363925147,0.07350818945479519,0.07350818527039782,0.07350818108604691,0.0735081769017737,0.073508172717561,0.07350816853340875,0.07350816434931655,0.07350816016528554,0.07350815598131794,0.07350815179741801,0.07350814761356869,0.07350814342977952,0.07350813924605125,0.07350813506238162,0.07350813087877457,0.07350812669522964,0.07350812251174398,0.07350811832831873,0.0735081141449538,0.07350810996165075,0.07350810577837365,0.07350810159519318,0.0735080974120718,0.07350809322901028,0.07350808904601036,0.07350808486307052,0.07350808068019075,0.0735080764973701,0.07350807231461622,0.07350806813191879,0.07350806394928155,0.07350805976670509,0.07350805558418243,0.07350805140172707,0.07350804721932448,0.07350804303698982,0.07350803885470784,0.07350803467249119,0.07350803049033808,0.0735080263082469,0.07350802212621635,0.07350801794422286,0.07350801376230925,0.07350800958046047,0.07350800539867307,0.07350800121695053,0.07350799703528597,0.073507992853678,0.07350798867213212,0.07350798449064773,0.07350798030922326,0.07350797612785942,0.07350797194652554,0.07350796776528157,0.07350796358409901,0.07350795940297736,0.07350795522191576,0.07350795104091463,0.07350794685997417,0.07350794267910526,0.07350793849828557,0.07350793431753244,0.07350793013683363,0.07350792595616303,0.07350792177558643,0.0735079175950721,0.07350791341462888,0.07350790923423346,0.07350790505390115,0.07350790087362666,0.07350789669341216,0.07350789251326105,0.07350788833316588,0.0735078841531311,0.07350787997315752,0.0735078757932415,0.07350787161339697,0.07350786743360499,0.07350786325388804,0.07350785907422129,0.07350785489461834,0.07350785071507088,0.07350784653558544,0.07350784235615879,0.07350783817679114,0.07350783399749129,0.07350782981824072,0.0735078256390408,0.07350782145991844,0.0735078172808512,0.07350781310184927,0.07350780892290766,0.07350780474402618,0.07350780056521038,0.07350779638642904,0.07350779220772896,0.07350778802909433,0.07350778385050319,0.07350777967198492,0.07350777549352712,0.07350777131513972,0.07350776713680361,0.07350776295852851,0.07350775878031265,0.07350775460215689,0.07350775042406686,0.07350774624603132,0.0735077420680557,0.07350773789014321,0.07350773371229052,0.07350772953449936,0.07350772535676901,0.07350772117909948,0.07350771700148868,0.07350771282393899,0.07350770864644658,0.07350770446901762,0.07350770029165112,0.07350769611434393,0.07350769193709786,0.07350768775991715,0.07350768358279129,0.073507679405738,0.07350767522873462,0.07350767105178761,0.07350766687490388,0.07350766269808033,0.07350765852131673,0.07350765434461516,0.07350765016797343,0.07350764599139459,0.07350764181487414,0.07350763763841402,0.073507633462001,0.07350762928566425,0.07350762510939929,0.07350762093318156,0.0735076167570239,0.07350761258092499,0.07350760840488772,0.07350760422891253,0.07350760005300125,0.07350759587715533,0.07350759170136097,0.073507587525627,0.07350758334995314,0.07350757917434,0.07350757499878878,0.07350757082329695,0.07350756664787217,0.07350756247250133,0.07350755829719277,0.07350755412194042,0.07350754994675518,0.07350754577163286,0.07350754159656245,0.07350753742156618,0.07350753324661724,0.07350752907173026,0.0735075248969038,0.0735075207221418,0.07350751654745441,0.07350751237280972,0.07350750819823118,0.07350750402371477,0.0735074998492513,0.07350749567484585,0.07350749150050641,0.07350748732622599,0.07350748315201733,0.07350747897786486,0.07350747480376446,0.07350747062972357,0.07350746645574445,0.07350746228182553,0.07350745810796895,0.07350745393417092,0.07350744976043343,0.07350744558675741,0.07350744141314086,0.07350743723958472,0.07350743306608713,0.07350742889265399,0.07350742471928018,0.07350742054595193,0.07350741637270573,0.07350741219951273,0.07350740802636549,0.073507403853295,0.07350739968028402,0.0735073955073328,0.0735073913344424,0.07350738716161637,0.07350738298884675,0.07350737881613713,0.07350737464348844,0.07350737047090024,0.07350736629838772,0.07350736212591989,0.07350735795351288,0.07350735378116979,0.07350734960888386,0.07350734543666201,0.07350734126449632,0.0735073370923925,0.07350733292034775,0.07350732874836909,0.07350732457644787,0.07350732040458519,0.0735073162327825,0.07350731206104585,0.0735073078893657,0.07350730371774672,0.07350729954618883,0.07350729537469601,0.07350729120325632,0.07350728703187537,0.07350728286055647,0.07350727868930103,0.07350727451810295,0.07350727034696374,0.07350726617588661,0.07350726200487054,0.07350725783393465,0.07350725366304037,0.0735072494922022,0.07350724532142777,0.0735072411507259,0.07350723698007597,0.07350723280946368,0.0735072286389336,0.0735072244684624,0.07350722029804925,0.07350721612769852,0.07350721195741076,0.07350720778717877,0.07350720361700767,0.07350719944689756,0.07350719527684846,0.07350719110686031,0.07350718693693296,0.07350718276705942,0.07350717859722515,0.07350717442747591,0.07350717025778673,0.0735071660881602,0.07350716191859476,0.07350715774909106,0.07350715357964596,0.07350714941026144,0.07350714524093738,0.0735071410716737,0.07350713690247068,0.07350713273332818,0.07350712856424452,0.0735071243951934,0.07350712022623582,0.07350711605730818,0.07350711188846477,0.07350710771968055,0.07350710355095837,0.07350709938229895,0.07350709521370097,0.07350709104516331,0.0735070868766886,0.07350708270825092,0.07350707853989465,0.07350707437159393,0.07350707020335738,0.07350706603518131,0.07350706186708895,0.07350705769903577,0.07350705353104446,0.07350704936310996,0.07350704519523425,0.07350704102742153,0.07350703685966574,0.07350703269197356,0.07350702852434136,0.0735070243567695,0.07350702018925685,0.07350701602180525,0.07350701185441144,0.07350700768707995,0.0735070035198103,0.07350699935260081,0.07350699518544968,0.07350699101836056,0.07350698685133766,0.07350698268436978,0.07350697851746303,0.07350697435061691,0.07350697018382836,0.073506966017111,0.07350696185045019,0.07350695768384408,0.07350695351729868,0.07350694935081405,0.07350694518439181,0.0735069410180278,0.07350693685170313,0.07350693268545354,0.0735069285192722,0.07350692435314632,0.07350692018709355,0.07350691602109197,0.0735069118551315,0.07350690768925303,0.07350690352343255,0.0735068993576726,0.07350689519197483,0.07350689102633372,0.07350688686075474,0.07350688269523856,0.0735068785297784,0.07350687436438064,0.0735068701990432,0.07350686603375929,0.07350686186854831,0.07350685770339262,0.07350685353829321,0.07350684937325531,0.07350684520828686,0.07350684104337062,0.07350683687850863,0.0735068327137203,0.07350682854898682,0.07350682438431357,0.07350682021971512,0.073506816055159,0.07350681189066695,0.07350680772623516,0.0735068035618719,0.07350679939755767,0.07350679523331605,0.07350679106912558,0.07350678690499544,0.07350678274092604,0.07350677857691566,0.07350677441296766,0.07350677024907425,0.07350676608524588,0.07350676192147805,0.07350675775777084,0.0735067535941257,0.0735067494305389,0.07350674526701151,0.07350674110354379,0.07350673694013679,0.07350673277679179,0.07350672861350707,0.07350672445028231,0.07350672028711794,0.07350671612401957,0.07350671196097305,0.07350670779799458,0.073506703635064,0.0735066994722058,0.07350669530940318,0.07350669114666117,0.07350668698397986,0.07350668282135767,0.07350667865879713,0.07350667449629414,0.07350667033385418,0.07350666617147368,0.07350666200915562,0.07350665784689675,0.07350665368469805,0.07350664952255972,0.07350664536048163,0.07350664119846387,0.07350663703650585,0.07350663287458464,0.07350662871275014,0.07350662455096915,0.07350662038925321,0.07350661622759727,0.07350661206600183,0.07350660790446427,0.0735066037429938,0.0735065995815799,0.07350659542022572,0.07350659125893191,0.07350658709769158,0.0735065829365149,0.07350657877540222,0.07350657461434924,0.07350657045336204,0.07350656629243058,0.07350656213156,0.07350655797074648,0.07350655380999749,0.07350654964930697,0.07350654548867755,0.07350654132810765,0.07350653716759444,0.07350653300714524,0.07350652884675478,0.07350652468642511,0.07350652052616667,0.07350651636595887,0.07350651220581106,0.07350650804571877,0.07350650388569135,0.07350649972572565,0.07350649556581958,0.07350649140597529,0.07350648724618605,0.07350648308643173,0.07350647892676768,0.07350647476716275,0.07350647060761756,0.07350646644813094,0.07350646228870704,0.0735064581293425,0.07350645397004066,0.07350644981080164,0.07350644565161887,0.07350644149249232,0.07350643733343022,0.07350643317442548,0.07350642901549882,0.07350642485661778,0.07350642069779621,0.07350641653902097,0.07350641238032056,0.07350640822169378,0.07350640406311258,0.07350639990459219,0.073506395746133,0.07350639158773467,0.07350638742939722,0.07350638327112394,0.07350637911290789,0.07350637495474886,0.07350637079664925,0.07350636663862127,0.07350636248064331,0.0735063583227231,0.07350635416487443,0.07350635000708014,0.07350634584934448,0.07350634169166897,0.07350633753405378,0.07350633337650342,0.07350632921900921,0.07350632506157476,0.07350632090420105,0.07350631674689272,0.07350631258963515,0.07350630843247148,0.07350630427534105,0.07350630011826839,0.07350629596125467,0.0735062918043025,0.07350628764740985,0.07350628349058697,0.07350627933381616,0.07350627517710513,0.07350627102045468,0.07350626686386004,0.07350626270732812,0.07350625855085816,0.0735062543944481,0.073506250238099,0.0735062460818096,0.07350624192558079,0.07350623776941262,0.07350623361331053,0.07350622945725978,0.07350622530127207,0.07350622114534257,0.07350621698947493,0.07350621283366829,0.07350620867792133,0.07350620452223505,0.07350620036660867,0.07350619621104156,0.0735061920555364,0.07350618790009092,0.07350618374470551,0.07350617958938035,0.07350617543411503,0.07350617127892227,0.07350616712377794,0.07350616296869374,0.07350615881366714,0.07350615465870215,0.073506150503799,0.07350614634896196,0.07350614219418691,0.07350613803946424,0.07350613388480119,0.07350612973019971,0.0735061255756586,0.07350612142117331,0.07350611726676524,0.07350611311240492,0.07350610895810036,0.07350610480385919,0.07350610064967876,0.07350609649555823,0.07350609234149792,0.07350608818751318,0.07350608403358953,0.07350607987971149,0.07350607572589299,0.07350607157214417,0.0735060674184587,0.07350606326479106,0.07350605911121282,0.07350605495769495,0.07350605080421894,0.07350604665082039,0.0735060424974796,0.07350603834420016,0.07350603419097271,0.0735060300378228,0.07350602588472657,0.07350602173168948,0.07350601757871374,0.0735060134257978,0.07350600927294278,0.0735060051201475,0.07350600096741206,0.07350599681473714,0.07350599266212421,0.07350598850957338,0.07350598435707938,0.07350598020464558,0.07350597605227135,0.07350597189995757,0.07350596774770397,0.073505963595511,0.07350595944337562,0.07350595529130384,0.07350595113929144,0.07350594698734292,0.073505942835451,0.07350593868362039,0.07350593453184759,0.07350593038014058,0.0735059262284885,0.0735059220769024,0.07350591792537199,0.07350591377390152,0.07350590962249115,0.07350590547114094,0.07350590131984237,0.07350589716861594,0.0735058930174402,0.0735058888663406,0.0735058847152897,0.07350588056430266,0.07350587641337185,0.07350587226250412,0.0735058681117006,0.0735058639609528,0.07350585981026173,0.07350585565963004,0.07350585150907485,0.07350584735856726,0.07350584320812002,0.07350583905773314,0.07350583490741061,0.07350583075714347,0.07350582660694745,0.07350582245680137,0.07350581830671377,0.07350581415668571,0.07350581000671273,0.07350580585680379,0.07350580170695883,0.0735057975571745,0.07350579340745109,0.0735057892577857,0.07350578510818137,0.07350578095864779,0.07350577680916345,0.07350577265973623,0.07350576851036984,0.07350576436106421,0.07350576021182981,0.07350575606264635,0.07350575191352242,0.07350574776447033,0.07350574361546743,0.07350573946652934,0.07350573531764772,0.07350573116881877,0.07350572702006268,0.07350572287135898,0.0735057187227154,0.0735057145741359,0.07350571042561434,0.07350570627715018,0.0735057021287472,0.07350569798040764,0.07350569383211532,0.07350568968389455,0.07350568553574095,0.07350568138764005,0.07350567723960005,0.07350567309160541,0.07350566894368582,0.07350566479582284,0.07350566064802395,0.07350565650030431,0.07350565235262146,0.07350564820500241,0.07350564405744171,0.07350563990994295,0.07350563576250556,0.07350563161512931,0.07350562746780971,0.07350562332055216,0.07350561917335396,0.07350561502621707,0.07350561087914084,0.07350560673212414,0.07350560258516663,0.07350559843826487,0.07350559429141958,0.07350559014464106,0.07350558599792277,0.07350558185126614,0.07350557770466909,0.0735055735581329,0.07350556941165654,0.07350556526524052,0.07350556111888434,0.07350555697259203,0.07350555282635404,0.07350554868017768,0.07350554453405932,0.07350554038800396,0.07350553624200709,0.07350553209606718,0.07350552795019304,0.07350552380437819,0.07350551965862473,0.07350551551293011,0.0735055113672949,0.07350550722172762,0.0735055030762137,0.07350549893075602,0.07350549478536397,0.07350549064002986,0.07350548649475575,0.0735054823495415,0.07350547820438746,0.0735054740592939,0.07350546991426153,0.07350546576929248,0.07350546162438018,0.0735054574795236,0.07350545333473203,0.07350544919000002,0.07350544504532906,0.07350544090072385,0.07350543675617152,0.07350543261167944,0.07350542846725065,0.07350542432287643,0.07350542017856161,0.07350541603431007,0.07350541189011928,0.07350540774598717,0.07350540360191596,0.0735053994579045,0.07350539531395567,0.0735053911700619,0.07350538702624247,0.07350538288246916,0.07350537873878246,0.07350537459511719,0.07350537045152669,0.07350536630799429,0.07350536216452028,0.07350535802111631,0.07350535387776858,0.07350534973447852,0.07350534559125863,0.0735053414480884,0.07350533730498542,0.07350533316193501,0.0735053290189452,0.07350532487601596,0.0735053207331501,0.07350531659033843,0.0735053124475895,0.07350530830490036,0.07350530416227137,0.07350530001970199,0.07350529587719065,0.07350529173474872,0.07350528759236137,0.0735052834500332,0.07350527930776121,0.07350527516554922,0.0735052710233917,0.07350526688130093,0.07350526273925734,0.07350525859728922,0.0735052544553816,0.073505250313535,0.07350524617175472,0.0735052420300271,0.07350523788836043,0.07350523374675329,0.07350522960519958,0.07350522546371331,0.0735052213222841,0.07350521718091768,0.07350521303961075,0.07350520889837395,0.07350520475718735,0.07350520061605773,0.07350519647497715,0.07350519233396993,0.07350518819302426,0.07350518405213292,0.07350517991130578,0.07350517577053872,0.07350517162983738,0.07350516748919064,0.0735051633486097,0.07350515920807578,0.07350515506760774,0.07350515092718596,0.07350514678683816,0.07350514264654859,0.07350513850632455,0.07350513436616302,0.07350513022603501,0.07350512608598876,0.07350512194600134,0.07350511780607573,0.07350511366620939,0.07350510952640438,0.07350510538665943,0.07350510124697116,0.07350509710734797,0.07350509296778403,0.07350508882827801,0.07350508468883377,0.07350508054944853,0.0735050764101233,0.07350507227085805,0.07350506813166309,0.07350506399251842,0.0735050598534345,0.07350505571440953,0.07350505157544077,0.07350504743653559,0.07350504329769206,0.07350503915891086,0.07350503502018707,0.07350503088150767,0.07350502674289663,0.0735050226043725,0.07350501846588642,0.07350501432745393,0.07350501018908931,0.07350500605078367,0.07350500191253861,0.07350499777435421,0.07350499363623461,0.07350498949816994,0.07350498536017012,0.0735049812222238,0.0735049770843396,0.0735049729465147,0.07350496880875056,0.07350496467104645,0.07350496053340375,0.07350495639581597,0.07350495225828921,0.07350494812082278,0.07350494398341592,0.07350493984607162,0.0735049357087851,0.0735049315715609,0.07350492743439396,0.07350492329729003,0.07350491916025223,0.0735049150232666,0.07350491088633818,0.07350490674947949,0.07350490261267524,0.07350489847593347,0.07350489433924962,0.07350489020263035,0.07350488606607088,0.07350488192956753,0.07350487779312397,0.07350487365674047,0.07350486952040197,0.07350486538413578,0.0735048612479324,0.07350485711178525,0.07350485297570582,0.07350484883968218,0.0735048447037185,0.07350484056782114,0.07350483643197635,0.0735048322961936,0.07350482816046855,0.07350482402480485,0.07350481988919884,0.07350481575365433,0.07350481161817066,0.07350480748274381,0.07350480334738015,0.07350479921207531,0.07350479507683136,0.07350479094165459,0.07350478680652807,0.07350478267146424,0.07350477853646029,0.07350477440151673,0.07350477026663264,0.07350476613180784,0.07350476199704056,0.07350475786234323,0.07350475372768144,0.07350474959309548,0.073504745458572,0.07350474132410878,0.07350473718970353,0.07350473305536008,0.0735047289210803,0.07350472478687292,0.07350472065270651,0.07350471651860137,0.07350471238455747,0.0735047082505737,0.07350470411665111,0.07350469998278482,0.07350469584898152,0.07350469171523714,0.07350468758155444,0.07350468344793057,0.07350467931436483,0.07350467518086108,0.07350467104741691,0.07350466691403505,0.07350466278071476,0.07350465864745061,0.07350465451424382,0.0735046503810996,0.07350464624801513,0.07350464211499085,0.07350463798203433,0.07350463384912893,0.0735046297162843,0.073504625583498,0.07350462145077341,0.07350461731811006,0.07350461318550693,0.07350460905297057,0.07350460492048624,0.07350460078806259,0.07350459665569889,0.0735045925233935,0.0735045883911538,0.07350458425896884,0.07350458012684422,0.07350457599477758,0.07350457186277277,0.07350456773082746,0.0735045635989483,0.07350455946712386,0.07350455533535871,0.07350455120365125,0.07350454707199154,0.0735045429404063,0.0735045388088795,0.07350453467742234,0.07350453054601716,0.07350452641467566,0.07350452228339208,0.0735045181521657,0.07350451402100758,0.07350450988991002,0.07350450575888014,0.07350450162789426,0.07350449749696845,0.07350449336610211,0.07350448923529128,0.07350448510454509,0.0735044809738634,0.07350447684323352,0.07350447271266727,0.0735044685821574,0.07350446445172265,0.0735044603213182,0.07350445619099281,0.07350445206072552,0.07350444793051596,0.0735044438003663,0.07350443967028249,0.07350443554025425,0.07350443141029214,0.07350442728039235,0.07350442315054571,0.0735044190207625,0.07350441489104072,0.07350441076137337,0.07350440663176588,0.07350440250221703,0.07350439837273479,0.07350439424330704,0.07350439011394105,0.07350438598463344,0.07350438185539303,0.07350437772620469,0.07350437359708416,0.07350436946801647,0.07350436533900934,0.07350436121006035,0.07350435708117385,0.07350435295234413,0.07350434882357554,0.07350434469484055,0.07350434056619189,0.07350433643760297,0.07350433230907716,0.0735043281806092,0.07350432405219769,0.07350431992384851,0.07350431579556768,0.07350431166735044,0.07350430753918083,0.07350430341107225,0.07350429928302252,0.07350429515503082,0.0735042910271012,0.07350428689923176,0.0735042827714213,0.0735042786436708,0.07350427451598049,0.07350427038835011,0.07350426626078009,0.07350426213326945,0.0735042580058183,0.07350425387842811,0.07350424975109739,0.07350424562382668,0.07350424149661552,0.07350423736946433,0.07350423324237035,0.073504229115339,0.07350422498836703,0.07350422086145941,0.07350421673460779,0.07350421260781952,0.07350420848108868,0.07350420435441432,0.07350420022780776,0.07350419610125433,0.07350419197477343,0.07350418784834208,0.07350418372196917,0.07350417959565635,0.0735041754694033,0.07350417134320883,0.07350416721703942,0.07350416309096783,0.07350415896495956,0.0735041548390054,0.07350415071311163,0.07350414658727367,0.07350414246151542,0.07350413833580148,0.07350413421014863,0.07350413008455435,0.07350412595901709,0.07350412183354708,0.07350411770813708,0.073504113582784,0.07350410945748745,0.07350410533225236,0.07350410120707752,0.07350409708196232,0.07350409295690775,0.07350408883190933,0.0735040847069778,0.07350408058210246,0.07350407645727966,0.07350407233252375,0.07350406820782741,0.07350406408318881,0.07350405995861252,0.07350405583409642,0.073504051709646,0.07350404758525206,0.07350404346091147,0.07350403933663537,0.07350403521242231,0.07350403108826446,0.07350402696416737,0.07350402284012879,0.07350401871614726,0.07350401459222913,0.07350401046836917,0.07350400634457079,0.07350400222083268,0.07350399809715417,0.07350399397353226,0.07350398984996992,0.07350398572646712,0.07350398160302721,0.0735039774796467,0.07350397335632666,0.07350396923306529,0.07350396510986558,0.07350396098672542,0.07350395686366204,0.0735039527406417,0.07350394861767934,0.0735039444947837,0.07350394037194315,0.0735039362491623,0.07350393212644261,0.07350392800377716,0.07350392388117696,0.07350391975863535,0.07350391563615323,0.07350391151373215,0.07350390739136674,0.07350390326906836,0.07350389914682576,0.07350389502464008,0.07350389090251709,0.07350388678045461,0.07350388265844891,0.07350387853650543,0.07350387441462247,0.07350387029279884,0.07350386617103513,0.07350386204933004,0.07350385792768722,0.07350385380610146,0.07350384968457709,0.07350384556311071,0.07350384144170906,0.07350383732036496,0.07350383319908155,0.07350382907785706,0.07350382495669314,0.0735038208355879,0.07350381671451854,0.07350381259353522,0.07350380847259545,0.07350380435172948,0.07350380023092315,0.07350379611017407,0.07350379198948664,0.07350378786885918,0.07350378374829061,0.07350377962778248,0.07350377550733618,0.0735037713869478,0.07350376726661954,0.0735037631463504,0.07350375902614317,0.0735037549059943,0.07350375078590306,0.07350374666587373,0.07350374254590424,0.07350373842599438,0.0735037343061445,0.07350373018635428,0.07350372606662423,0.07350372194695357,0.07350371782734229,0.07350371370779243,0.07350370958830117,0.07350370546887144,0.07350370134949805,0.07350369723018639,0.07350369311093448,0.07350368899174273,0.07350368487261077,0.07350368075353893,0.07350367663452624,0.07350367251557427,0.07350366839667967,0.07350366427786051,0.07350366015908409,0.07350365604037065,0.07350365192172435,0.07350364780313003,0.07350364368459486,0.07350363956611988,0.07350363544770906,0.07350363132935368,0.07350362721105796,0.07350362309282246,0.07350361897464637,0.07350361485653287,0.07350361073848286,0.07350360662049177,0.07350360250255293,0.07350359838466249,0.07350359426684472,0.07350359014908789,0.0735035860313895,0.073503581913749,0.07350357779617082,0.0735035736786573,0.07350356956119877,0.07350356544379963,0.07350356132646073,0.07350355720917727,0.07350355309195757,0.07350354897479357,0.07350354485768591,0.07350354074064273,0.07350353662365461,0.07350353250673734,0.07350352838987535,0.0735035242730707,0.07350352015634287,0.0735035160396631,0.07350351192304191,0.07350350780648039,0.07350350368997817,0.07350349957353992,0.07350349545715698,0.07350349134083388,0.0735034872245692,0.07350348310836641,0.07350347899222344,0.07350347487615581,0.07350347076013485,0.07350346664417073,0.07350346252826861,0.07350345841242366,0.07350345429663675,0.0735034501809112,0.07350344606524399,0.07350344194964127,0.07350343783409445,0.07350343371860805,0.07350342960317786,0.07350342548782841,0.07350342137251938,0.07350341725726961,0.07350341314208161,0.0735034090269489,0.07350340491188065,0.07350340079687195,0.07350339668192275,0.07350339256703366,0.07350338845220905,0.07350338433743904,0.0735033802227311,0.07350337610807899,0.0735033719934907,0.07350336787895323,0.0735033637644807,0.07350335965006945,0.0735033555357182,0.07350335142142683,0.07350334730719482,0.07350334319302157,0.07350333907890848,0.07350333496485524,0.07350333085086168,0.07350332673692901,0.07350332262305721,0.07350331850924341,0.07350331439548927,0.07350331028179309,0.07350330616817097,0.07350330205459396,0.07350329794107907,0.07350329382762283,0.07350328971422763,0.07350328560089148,0.07350328148762453,0.0735032773744065,0.07350327326124939,0.07350326914815207,0.07350326503511438,0.07350326092213666,0.07350325680921968,0.0735032526963648,0.07350324858356239,0.07350324447082335,0.07350324035814391,0.07350323624552423,0.07350323213296445,0.07350322802046451,0.07350322390802498,0.07350321979564464,0.07350321568331977,0.07350321157105916,0.07350320745886216,0.07350320334672814,0.07350319923464346,0.07350319512262028,0.0735031910106574,0.07350318689875465,0.0735031827869115,0.073503178675127,0.07350317456340238,0.07350317045174368,0.07350316634013823,0.07350316222859288,0.07350315811710652,0.07350315400568508,0.07350314989431908,0.07350314578301285,0.07350314167176732,0.07350313756058016,0.0735031334494582,0.07350312933838868,0.07350312522736006,0.07350312111641312,0.07350311700551757,0.07350311289468946,0.07350310878392077,0.07350310467321146,0.07350310056255688,0.07350309645196533,0.07350309234143657,0.07350308823096559,0.07350308412055272,0.07350308001020313,0.07350307589991106,0.07350307178968021,0.07350306767950625,0.07350306356939365,0.0735030594593432,0.07350305534934988,0.07350305123941638,0.07350304712954352,0.073503043019721,0.07350303890996605,0.07350303480026903,0.07350303069063435,0.0735030265810547,0.07350302247153646,0.07350301836208022,0.07350301425268496,0.07350301014334755,0.07350300603407024,0.0735030019248524,0.0735029978157004,0.07350299370660457,0.07350298959756983,0.07350298548859108,0.07350298137965668,0.07350297727079708,0.07350297316199776,0.07350296905325585,0.073502964944595,0.07350296083597448,0.07350295672741582,0.07350295261891351,0.07350294851047051,0.07350294440208406,0.0735029402937615,0.07350293618550147,0.07350293207729691,0.07350292796915264,0.07350292386106845,0.07350291975304525,0.07350291564508056,0.07350291153717425,0.07350290742932904,0.07350290332154437,0.07350289921382447,0.07350289510615818,0.07350289099855102,0.07350288689100282,0.07350288278351473,0.07350287867609566,0.07350287456873097,0.07350287046142637,0.07350286635417692,0.07350286224699494,0.07350285813986723,0.07350285403279738,0.07350284992578525,0.07350284581883351,0.07350284171193511,0.07350283760510364,0.0735028334983312,0.07350282939161948,0.07350282528496625,0.07350282117837299,0.07350281707183952,0.07350281296536584,0.07350280885895154,0.07350280475259485,0.07350280064629997,0.07350279654006477,0.07350279243388899,0.07350278832777188,0.07350278422171524,0.07350278011571887,0.07350277600978138,0.07350277190390327,0.0735027677980857,0.07350276369232783,0.07350275958662972,0.07350275548099175,0.0735027513754059,0.0735027472698854,0.07350274316442747,0.07350273905903323,0.07350273495369222,0.07350273084841108,0.07350272674318928,0.07350272263802678,0.07350271853292403,0.07350271442787568,0.0735027103228895,0.07350270621796588,0.07350270211310193,0.07350269800829705,0.07350269390355173,0.07350268979886657,0.07350268569424026,0.07350268158967166,0.07350267748517736,0.07350267338073062,0.07350266927634411,0.07350266517201146,0.07350266106774356,0.07350265696353522,0.07350265285938298,0.07350264875529387,0.07350264465125926,0.07350264054728768,0.07350263644337218,0.07350263233951855,0.07350262823572747,0.07350262413199081,0.07350262002831925,0.07350261592471014,0.07350261182115597,0.07350260771766372,0.07350260361423697,0.07350259951086309,0.073502595407549,0.07350259130429772,0.07350258720110212,0.07350258309796637,0.07350257899489,0.07350257489187494,0.07350257078891571,0.0735025666860114,0.0735025625831739,0.07350255848039569,0.07350255437767725,0.07350255027501773,0.07350254617241835,0.07350254206987938,0.07350253796739872,0.07350253386497353,0.07350252976260419,0.0735025256603027,0.0735025215580606,0.07350251745588159,0.07350251335375876,0.07350250925169668,0.07350250514969293,0.07350250104774911,0.07350249694586443,0.07350249284402742,0.0735024887422619,0.07350248464055843,0.07350248053891653,0.07350247643732925,0.07350247233580674,0.07350246823434063,0.0735024641329325,0.0735024600315835,0.07350245593029459,0.07350245182906501,0.07350244772789531,0.07350244362678568,0.07350243952573365,0.07350243542474237,0.07350243132381093,0.07350242722293913,0.0735024231221268,0.07350241902138288,0.07350241492069183,0.07350241082005682,0.0735024067194828,0.07350240261896779,0.07350239851851025,0.07350239441811578,0.07350239031777694,0.07350238621749855,0.07350238211726669,0.07350237801711469,0.07350237391701717,0.07350236981697911,0.07350236571700035,0.07350236161708165,0.07350235751722413,0.07350235341742405,0.07350234931768121,0.07350234521799516,0.0735023411183761,0.07350233701879488,0.07350233291929267,0.07350232881984987,0.07350232472046653,0.07350232062114215,0.07350231652186977,0.07350231242266565,0.07350230832351952,0.07350230422443388,0.0735023001254077,0.07350229602644127,0.07350229192753398,0.07350228782868616,0.07350228372990546,0.07350227963117925,0.07350227553251051,0.07350227143390131,0.07350226733535493,0.07350226323686401,0.0735022591384331,0.07350225504005775,0.07350225094174577,0.07350224684349463,0.07350224274530325,0.07350223864716945,0.07350223454909578,0.07350223045108088,0.07350222635312562,0.07350222225523118,0.07350221815739348,0.07350221405960682,0.07350220996188986,0.07350220586424926,0.07350220176665194,0.07350219766911459,0.07350219357163561,0.0735021894742389,0.07350218537688072,0.07350218127957943,0.07350217718233656,0.07350217308515558,0.07350216898803448,0.07350216489097258,0.07350216079397066,0.07350215669702748,0.0735021526001489,0.07350214850332201,0.07350214440655743,0.07350214030985328,0.0735021362132078,0.07350213211662197,0.07350212802009547,0.07350212392362725,0.07350211982722006,0.0735021157308723,0.07350211163459533,0.0735021075383674,0.07350210344218308,0.07350209934607281,0.07350209525002266,0.07350209115403168,0.0735020870581002,0.07350208296222839,0.07350207886641413,0.07350207477066115,0.07350207067496793,0.07350206657933286,0.07350206248375817,0.07350205838824345,0.07350205429278449,0.07350205019738826,0.07350204610205396,0.07350204200677679,0.07350203791155922,0.07350203381640118,0.0735020297213027,0.07350202562626336,0.07350202153128421,0.07350201743636373,0.07350201334150859,0.07350200924671159,0.07350200515196939,0.07350200105728535,0.07350199696266257,0.07350199286809986,0.0735019887735986,0.07350198467915436,0.07350198058476952,0.07350197649044422,0.07350197239617835,0.07350196830194726,0.07350196420779787,0.07350196011371088,0.07350195601968326,0.07350195192571443,0.0735019478318056,0.07350194373795631,0.07350193964416636,0.07350193555043501,0.07350193145676519,0.07350192736315717,0.07350192326960511,0.07350191917611244,0.07350191508267935,0.07350191098930679,0.07350190689600627,0.07350190280275366,0.07350189870955672,0.07350189461642062,0.0735018905233453,0.0735018864303284,0.07350188233736739,0.07350187824446848,0.07350187415162936,0.0735018700588502,0.07350186596613054,0.07350186187347046,0.07350185778087322,0.07350185368833136,0.07350184959584553,0.07350184550342297,0.07350184141106073,0.07350183731875193,0.07350183322650647,0.07350182913431974,0.0735018250421951,0.07350182095012944,0.07350181685812869,0.07350181276618171,0.07350180867429475,0.07350180458246598,0.07350180049069312,0.07350179639898406,0.07350179230733406,0.07350178821574502,0.0735017841242164,0.0735017800327454,0.07350177594133674,0.07350177184998358,0.07350176775869088,0.0735017636674545,0.07350175957627993,0.0735017554851575,0.0735017513941017,0.07350174730310564,0.0735017432121691,0.07350173912129215,0.07350173503047414,0.07350173093972247,0.07350172684902415,0.0735017227583851,0.07350171866780365,0.07350171457728294,0.0735017104868265,0.07350170639642463,0.07350170230608838,0.07350169821580542,0.07350169412558316,0.07350169003541919,0.0735016859453125,0.07350168185526718,0.07350167776528356,0.07350167367535733,0.07350166958549052,0.07350166549568309,0.07350166140593299,0.07350165731624532,0.07350165322661607,0.07350164913704842,0.073501645047545,0.07350164095809411,0.07350163686870717,0.07350163277938278,0.07350162869010349,0.07350162460091693,0.07350162051177173,0.07350161642267831,0.07350161233364318,0.07350160824466721,0.07350160415574972,0.07350160006690616,0.07350159597810878,0.07350159188936908,0.0735015878006896,0.07350158371206997,0.07350157962350887,0.0735015755350085,0.07350157144656672,0.07350156735818647,0.07350156326986394,0.07350155918160309,0.07350155509340014,0.07350155100526169,0.07350154691717713,0.07350154282915168,0.07350153874118721,0.07350153465328066,0.07350153056543336,0.07350152647764609,0.07350152238991715,0.07350151830224194,0.07350151421463304,0.07350151012708289,0.07350150603957945,0.07350150195214881,0.07350149786477685,0.07350149377746265,0.07350148969021114,0.07350148560302229,0.07350148151588926,0.07350147742881413,0.07350147334179856,0.07350146925484201,0.07350146516794497,0.07350146108110976,0.07350145699433146,0.07350145290761245,0.07350144882095276,0.07350144473435277,0.07350144064779653,0.07350143656131534,0.07350143247489739,0.07350142838853455,0.07350142430223738,0.07350142021599362,0.07350141612980934,0.0735014120436843,0.0735014079576164,0.0735014038716064,0.07350139978565948,0.07350139569977221,0.0735013916139445,0.07350138752817588,0.07350138344247013,0.07350137935683052,0.0735013752712392,0.07350137118570993,0.07350136710023408,0.07350136301482116,0.07350135892946817,0.07350135484417421,0.07350135075893686,0.07350134667375795,0.07350134258864183,0.07350133850358544,0.07350133441858855,0.07350133033365039,0.0735013262487717,0.07350132216395232,0.07350131807919269,0.07350131399448147,0.07350130990984056,0.07350130582525664,0.07350130174073383,0.0735012976562724,0.07350129357187059,0.07350128948752692,0.07350128540324419,0.07350128131901855,0.07350127723484816,0.07350127315074123,0.07350126906669278,0.07350126498270448,0.07350126089877487,0.07350125681490692,0.07350125273109667,0.07350124864734606,0.07350124456365738,0.07350124048002524,0.07350123639645287,0.07350123231293933,0.07350122822948413,0.07350122414608991,0.07350122006275592,0.07350121597947738,0.07350121189625551,0.07350120781309777,0.07350120372999983,0.07350119964697424,0.0735011955639953,0.07350119148107517,0.07350118739821934,0.07350118331541966,0.07350117923267764,0.07350117514999596,0.07350117106737113,0.07350116698480717,0.07350116290231469,0.0735011588198701,0.07350115473748339,0.07350115065513478,0.07350114657286722,0.07350114249065903,0.07350113840851148,0.07350113432642197,0.07350113024439156,0.07350112616241752,0.07350112208050594,0.0735011179986536,0.07350111391686008,0.07350110983513339,0.07350110575345918,0.07350110167184414,0.07350109759028892,0.0735010935087917,0.07350108942735421,0.07350108534597612,0.0735010812646578,0.07350107718339861,0.07350107310219839,0.07350106902105577,0.07350106493997563,0.07350106085895883,0.07350105677799798,0.07350105269709459,0.07350104861624954,0.07350104453546762,0.07350104045474691,0.07350103637408115,0.07350103229347416,0.07350102821292638,0.07350102413243605,0.0735010200520113,0.07350101597164291,0.07350101189132131,0.07350100781106814,0.07350100373087845,0.07350099965074637,0.07350099557067459,0.07350099149066457,0.07350098741070957,0.07350098333081438,0.07350097925097718,0.07350097517120051,0.07350097109148256,0.07350096701182808,0.07350096293222966,0.07350095885269024,0.07350095477321103,0.07350095069379019,0.07350094661442841,0.07350094253511344,0.07350093845586576,0.07350093437668186,0.07350093029755762,0.07350092621849282,0.07350092213948574,0.07350091806054529,0.07350091398165691,0.07350090990282862,0.0735009058240777,0.07350090174536875,0.07350089766671823,0.07350089358812573,0.07350088950959578,0.07350088543113074,0.07350088135271296,0.0735008772743636,0.07350087319606859,0.07350086911783456,0.07350086503965887,0.07350086096154307,0.0735008568834854,0.07350085280548603,0.0735008487275463,0.07350084464966816,0.07350084057184847,0.07350083649408704,0.07350083241637519,0.07350082833873313,0.07350082426114957,0.07350082018362494,0.07350081610615955,0.07350081202875348,0.07350080795140687,0.0735008038741065,0.07350079979688007,0.07350079571971202,0.07350079164260155,0.07350078756555144,0.0735007834885597,0.07350077941162961,0.07350077533475702,0.073500771257944,0.07350076718119046,0.07350076310449573,0.07350075902786038,0.07350075495128346,0.07350075087476649,0.07350074679830891,0.07350074272191078,0.07350073864557168,0.07350073456928989,0.0735007304930739,0.07350072641691306,0.07350072234080925,0.0735007182647662,0.0735007141887824,0.0735007101128572,0.07350070603699087,0.07350070196118501,0.07350069788543832,0.07350069380975066,0.07350068973412244,0.07350068565855411,0.07350068158304435,0.07350067750759388,0.07350067343221077,0.07350066935687834,0.07350066528160558,0.07350066120638711,0.07350065713123534,0.07350065305614119,0.07350064898110482,0.0735006449061282,0.07350064083120866,0.07350063675635,0.07350063268155062,0.07350062860681034,0.07350062453212965,0.07350062045750767,0.07350061638294482,0.07350061230844022,0.0735006082339964,0.07350060415961307,0.07350060008528757,0.07350059601102078,0.07350059193680766,0.07350058786265985,0.07350058378857073,0.07350057971454131,0.07350057564057104,0.07350057156665982,0.07350056749280946,0.07350056341901695,0.07350055934528388,0.07350055527161005,0.07350055119799506,0.0735005471244392,0.07350054305094292,0.07350053897750417,0.07350053490413226,0.07350053083081703,0.07350052675755717,0.0735005226843564,0.0735005186112152,0.07350051453813287,0.07350051046510951,0.07350050639214645,0.07350050231924014,0.07350049824640727,0.07350049417362366,0.07350049010089668,0.07350048602822894,0.07350048195561792,0.07350047788306721,0.0735004738105775,0.07350046973813354,0.0735004656657608,0.07350046159344818,0.07350045752120109,0.07350045344900692,0.0735004493768784,0.07350044530480183,0.07350044123278937,0.07350043716083232,0.07350043308893442,0.07350042901709544,0.07350042494531704,0.07350042087359673,0.07350041680193514,0.07350041273032944,0.0735004086587867,0.07350040458730604,0.07350040051588082,0.07350039644451561,0.07350039237320942,0.0735003883019621,0.07350038423077443,0.07350038015964586,0.07350037608857536,0.0735003720175663,0.0735003679466159,0.07350036387572359,0.07350035980489059,0.07350035573411684,0.07350035166340285,0.07350034759274778,0.07350034352215137,0.07350033945161905,0.07350033538113979,0.07350033131072076,0.0735003272403644,0.07350032317006537,0.07350031909982555,0.07350031502964346,0.07350031095952039,0.07350030688945529,0.07350030281945112,0.0735002987495074,0.07350029467962121,0.07350029060980108,0.07350028654003866,0.07350028247033104,0.07350027840068582,0.07350027433109531,0.07350027026156365,0.07350026619208958,0.07350026212267302,0.07350025805331914,0.07350025398402246,0.0735002499147704,0.07350024584559432,0.0735002417764769,0.07350023770741862,0.07350023363841962,0.07350022956947998,0.07350022550059941,0.07350022143177651,0.07350021736301439,0.0735002132943149,0.07350020922567126,0.07350020515708651,0.07350020108855683,0.07350019702009132,0.07350019295168424,0.07350018888333626,0.07350018481504936,0.07350018074681967,0.073500176678649,0.07350017261053722,0.07350016854248455,0.07350016447449288,0.07350016040655842,0.07350015633868318,0.07350015227086444,0.07350014820310782,0.07350014413541388,0.07350014006777546,0.0735001360002067,0.07350013193268677,0.07350012786522499,0.07350012379782657,0.07350011973048365,0.07350011566320003,0.07350011159597758,0.0735001075288118,0.07350010346172114,0.07350009939467375,0.0735000953276917,0.07350009126076182,0.07350008719389645,0.07350008312708373,0.07350007906033224,0.07350007499363871,0.07350007092700975,0.07350006686043792,0.07350006279392278,0.07350005872746651,0.07350005466107298,0.07350005059473531,0.07350004652845672,0.07350004246223785,0.07350003839608538,0.07350003432998428,0.07350003026393166,0.0735000261979498,0.07350002213202333,0.07350001806615641,0.07350001400036095,0.0735000099346144,0.07350000586892662,0.07350000180329905,0.07349999773772958,0.07349999367223503,0.0734999896067841,0.0734999855413689,0.07349998147603563,0.07349997741076188,0.07349997334554648,0.07349996928039838,0.07349996521530157,0.07349996115026447,0.07349995708528642,0.07349995302036824,0.07349994895550825,0.0734999448907084,0.07349994082596643,0.07349993676128613,0.07349993269666108,0.07349992863209702,0.07349992456759155,0.07349992050316094,0.07349991643877309,0.07349991237444549,0.07349990831017625,0.0734999042459662,0.0734999001818186,0.07349989611772625,0.07349989205369369,0.07349988798972158,0.07349988392580577,0.07349987986195043,0.07349987579815451,0.07349987173441917,0.07349986767074125,0.0734998636071218,0.07349985954356261,0.07349985548006169,0.07349985141661802,0.07349984735323875,0.07349984328991505,0.07349983922664978,0.07349983516344358,0.07349983110029588,0.07349982703721077,0.07349982297418031,0.07349981891121138,0.0734998148483007,0.07349981078544983,0.07349980672266378,0.07349980265993065,0.07349979859725658,0.07349979453463706,0.07349979047208281,0.07349978640956842,0.0734997823471354,0.07349977828475725,0.0734997742224375,0.07349977016017663,0.0734997660979749,0.07349976203583276,0.0734997579737487,0.07349975391172105,0.07349974984976289,0.07349974578785667,0.07349974172600937,0.07349973766422067,0.07349973360248997,0.07349972954082032,0.0734997254792092,0.07349972141765737,0.07349971735616624,0.07349971329472677,0.07349970923335407,0.07349970517203872,0.07349970111075493,0.07349969704955732,0.07349969298841856,0.07349968892733921,0.07349968486631965,0.0734996808053632,0.07349967674446109,0.07349967268361778,0.07349966862283368,0.07349966456210831,0.07349966050144227,0.07349965644083482,0.07349965238028755,0.0734996483198047,0.07349964425936961,0.07349964019899935,0.07349963613868742,0.0734996320784321,0.07349962801823873,0.07349962395810454,0.07349961989802202,0.07349961583800534,0.07349961177804626,0.07349960771814694,0.07349960365830749,0.07349959959853895,0.0734995955388156,0.07349959147915137,0.07349958741954808,0.07349958336000416,0.07349957930051908,0.0734995752410924,0.07349957118172534,0.07349956712242216,0.07349956306316882,0.07349955900397505,0.07349955494484461,0.07349955088577292,0.07349954682676135,0.07349954276781284,0.07349953870891872,0.07349953465008412,0.07349953059130719,0.07349952653258922,0.07349952247393267,0.07349951841532752,0.07349951435678667,0.0734995102983048,0.07349950623988384,0.07349950218152061,0.07349949812321527,0.07349949406496815,0.0734994900067884,0.0734994859486649,0.07349948189059566
8,0.0,0.0,0.0,0.0,0.0,0.0,0.0,0.0,0.0,0.0,0.0,0.0,0.0,0.0,0.0,0.0,0.0,0.0,0.0,0.0,0.0,0.0,0.0,0.0,0.0,0.0,0.0,0.0,0.0,0.0,0.0,0.0,0.0,0.0,0.0,0.0,0.0,0.0,0.0,0.0,0.0,0.0,0.0,0.0,0.0,0.0,0.0,0.0,0.0,0.0,0.0,0.0,0.0,0.0,0.0,0.0,0.0,0.0,0.0,0.0,0.0,0.0,0.0,0.0,0.0,0.0,0.0,0.0,0.0,0.0,0.0,0.0,0.0,0.0,0.0,0.0,0.0,0.0,0.0,0.0,0.0,0.0,0.0,0.0,0.0,0.0,0.0,0.0,0.0,0.0,0.0,0.0,0.0,0.0,0.0,0.0,0.0,0.0,0.0,0.0,0.0,0.0,0.0,0.0,0.0,0.0,0.0,0.0,0.0,0.0,0.0,0.0,0.0,0.0,0.0,0.0,0.0,0.0,0.0,0.0,0.0,0.0,0.0,0.0,0.0,0.0,0.0,0.0,0.0,0.0,0.0,0.0,0.0,0.0,0.0,0.0,0.0,0.0,0.0,0.0,0.0,0.0,0.0,0.0,0.0,0.0,0.0,0.0,0.0,0.0,0.0,0.0,0.0,0.0,0.0,0.0,0.0,0.0,0.0,0.0,0.0,0.0,0.0,0.0,0.0,0.0,0.0,0.0,0.0,0.0,0.0,0.0,0.0,0.0,0.0,0.0,0.0,0.0,0.0,0.0,0.0,0.0,0.0,0.0,0.0,0.0,0.0,0.0,0.0,0.0,0.0,0.0,0.0,0.0,0.0,0.0,0.0,0.0,0.0,0.0,0.0,0.0,0.0,0.0,0.0,0.0,0.0,0.0,0.0,0.0,0.0,0.0,0.0,0.0,0.0,0.0,0.0,0.0,0.0,0.0,0.0,0.0,0.0,0.0,0.0,0.0,0.0,0.0,0.0,0.0,0.0,0.0,0.0,0.0,0.0,0.0,0.0,0.0,0.0,0.0,0.0,0.0,0.0,0.0,0.0,0.0,0.0,0.0,0.0,0.0,0.0,0.0,0.0,0.0,0.0,0.0,0.0,0.0,0.0,0.0,0.0,0.0,0.0,0.0,0.0,0.0,0.0,0.0,0.0,0.0,0.0,0.0,0.0,0.0,0.0,0.0,0.0,0.0,0.0,0.0,0.0,0.0,0.0,0.0,0.0,0.0,0.0,0.0,0.0,0.0,0.0,0.0,0.0,0.0,0.0,0.0,0.0,0.0,0.0,0.0,0.0,0.0,0.0,0.0,0.0,0.0,0.0,0.0,0.0,0.0,0.0,0.0,0.0,0.0,0.0,0.0,0.0,0.0,0.0,0.0,0.0,0.0,0.0,0.0,0.0,0.0,0.0,0.0,0.0,0.0,0.0,0.0,0.0,0.0,0.0,0.0,0.0,0.0,0.0,0.0,0.0,0.0,0.0,0.0,0.0,0.0,0.0,0.0,0.0,0.0,0.0,0.0,0.0,0.0,0.0,0.0,0.0,0.0,0.0,0.0,0.0,0.0,0.0,0.0,0.0,0.0,0.0,0.0,0.0,0.0,0.0,0.0,0.0,0.0,0.0,0.0,0.0,0.0,0.0,0.0,0.0,0.0,0.0,0.0,0.0,0.0,0.0,0.0,0.0,0.0,0.0,0.0,0.0,0.0,0.0,0.0,0.0,0.0,0.0,0.0,0.0,0.0,0.0,0.0,0.0,0.0,0.0,0.0,0.0,0.0,0.0,0.0,0.0,0.0,0.0,0.0,0.0,0.0,0.0,0.0,0.0,0.0,0.0,0.0,0.0,0.0,0.0,0.0,0.0,0.0,0.0,0.0,0.0,0.0,0.0,0.0,0.0,0.0,0.0,0.0,0.0,0.0,0.0,0.0,0.0,0.0,0.0,0.0,0.0,0.0,0.0,0.0,0.0,0.0,0.0,0.0,0.0,0.0,0.0,0.0,0.0,0.0,0.0,0.0,0.0,0.0,0.0,0.0,0.0,0.0,0.0,0.0,0.0,0.0,0.0,0.0,0.0,0.0,0.0,0.0,0.0,0.0,0.0,0.0,0.0,0.0,0.0,0.0,0.0,0.0,0.0,0.0,0.0,0.0,0.0,0.0,0.0,0.0,0.0,0.0,0.0,0.0,0.0,0.0,0.0,0.0,0.0,0.0,0.0,0.0,0.0,0.0,0.0,0.0,0.0,0.0,0.0,0.0,0.0,0.0,0.0,0.0,0.0,0.0,0.0,0.0,0.0,0.0,0.0,0.0,0.0,0.0,0.0,0.0,0.0,0.0,0.0,0.0,0.0,0.0,0.0,0.0,0.0,0.0,0.0,0.0,0.0,0.0,0.0,0.0,0.0,0.0,0.0,0.0,0.0,0.0,0.0,0.0,0.0,0.0,0.0,0.0,0.0,0.0,0.0,0.0,0.0,0.0,0.0,0.0,0.0,0.0,0.0,0.0,0.0,0.0,0.0,0.0,0.0,0.0,0.0,0.0,0.0,0.0,0.0,0.0,0.0,0.0,0.0,0.0,0.0,0.0,0.0,0.0,0.0,0.0,0.0,0.0,0.0,0.0,0.0,0.0,0.0,0.0,0.0,0.0,0.0,0.0,0.0,0.0,0.0,0.0,0.0,0.0,0.0,0.0,0.0,0.0,0.0,0.0,0.0,0.0,0.0,0.0,0.0,0.0,0.0,0.0,0.0,0.0,0.0,0.0,0.0,0.0,0.0,0.0,0.0,0.0,0.0,0.0,0.0,0.0,0.0,0.0,0.0,0.0,0.0,0.0,0.0,0.0,0.0,0.0,0.0,0.0,0.0,0.0,0.0,0.0,0.0,0.0,0.0,0.0,0.0,0.0,0.0,0.0,0.0,0.0,0.0,0.0,0.0,0.0,0.0,0.0,0.0,0.0,0.0,0.0,0.0,0.0,0.0,0.0,0.0,0.0,0.0,0.0,0.0,0.0,0.0,0.0,0.0,0.0,0.0,0.0,0.0,0.0,0.0,0.0,0.0,0.0,0.0,0.0,0.0,0.0,0.0,0.0,0.0,0.0,0.0,0.0,0.0,0.0,0.0,0.0,0.0,0.0,0.0,0.0,0.0,0.0,0.0,0.0,0.0,0.0,0.0,0.0,0.0,0.0,0.0,0.0,0.0,0.0,0.0,0.0,0.0,0.0,0.0,0.0,0.0,0.0,0.0,0.0,0.0,0.0,0.0,0.0,0.0,0.0,0.0,0.0,0.0,0.0,0.0,0.0,0.0,0.0,0.0,0.0,0.0,0.0,0.0,0.0,0.0,0.0,0.0,0.0,0.0,0.0,0.0,0.0,0.0,0.0,0.0,0.0,0.0,0.0,0.0,0.0,0.0,0.0,0.0,0.0,0.0,0.0,0.0,0.0,0.0,0.0,0.0,0.0,0.0,0.0,0.0,0.0,0.0,0.0,0.0,0.0,0.0,0.0,0.0,0.0,0.0,0.0,0.0,0.0,0.0,0.0,0.0,0.0,0.0,0.0,0.0,0.0,0.0,0.0,0.0,0.0,0.0,0.0,0.0,0.0,0.0,0.0,0.0,0.0,0.0,0.0,0.0,0.0,0.0,0.0,0.0,0.0,0.0,0.0,0.0,0.0,0.0,0.0,0.0,0.0,0.0,0.0,0.0,0.0,0.0,0.0,0.0,0.0,0.0,0.0,0.0,0.0,0.0,0.0,0.0,0.0,0.0,0.0,0.0,0.0,0.0,0.0,0.0,0.0,0.0,0.0,0.0,0.0,0.0,0.0,0.0,0.0,0.0,0.0,0.0,0.0,0.0,0.0,0.0,0.0,0.0,0.0,0.0,0.0,0.0,0.0,0.0,0.0,0.0,0.0,0.0,0.0,0.0,0.0,0.0,0.0,0.0,0.0,0.0,0.0,0.0,0.0,0.0,0.0,0.0,0.0,0.0,0.0,0.0,0.0,0.0,0.0,0.0,0.0,0.0,0.0,0.0,0.0,0.0,0.0,0.0,0.0,0.0,0.0,0.0,0.0,0.0,0.0,0.0,0.0,0.0,0.0,0.0,0.0,0.0,0.0,0.0,0.0,0.0,0.0,0.0,0.0,0.0,0.0,0.0,0.0,0.0,0.0,0.0,0.0,0.0,0.0,0.0,0.0,0.0,0.0,0.0,0.0,0.0,0.0,0.0,0.0,0.0,0.0,0.0,0.0,0.0,0.0,0.0,0.0,0.0,0.0,0.0,0.0,0.0,0.0,0.0,0.0,0.0,0.0,0.0,0.0,0.0,0.0,0.0,0.0,0.0,0.0,0.0,0.0,0.0,0.0,0.0,0.0,0.0,0.0,0.0,0.0,3.228075889808208e-08,5.767580960695789e-08,7.768938679075764e-08,9.350300763392695e-08,1.0604321850700921e-07,1.160356001318048e-07,1.2404765173515575e-07,1.305227375779209e-07,1.3580688947379853e-07,1.4016992338131115e-07,1.438220460606325e-07,1.469268945277109e-07,1.4961176046836714e-07,1.5197559747880187e-07,1.5409528490890053e-07,1.5603052282807785e-07,1.57827653552183e-07,1.5952264238368326e-07,1.6114340049216209e-07,1.6271159358026086e-07,1.642440489888048e-07,1.657538495033702e-07,1.6725118293646734e-07,1.6874400149377648e-07,1.702385331176699e-07,1.7173967773465494e-07,1.7325131408739085e-07,1.747765371594454e-07,1.7631784176458364e-07,1.778772644268114e-07,1.794564929557037e-07,1.8105695104248922e-07,1.8267986354260835e-07,1.8432630685099966e-07,1.8599724777451381e-07,1.8769357354326748e-07,1.8941611500316306e-07,1.9116566455477022e-07,1.9294299007794577e-07,1.9474884576406749e-07,1.9658398058518048e-07,1.9844914496442888e-07,2.0034509607241342e-07,2.0227260207772301e-07,2.042324456197463e-07,2.0622542667648934e-07,2.0825236500507003e-07,2.103141022511572e-07,2.1241150382482423e-07,2.1454546061103913e-07,2.167168905670624e-07,2.1892674024789448e-07,2.2117598629626578e-07,2.2346563691657867e-07,2.2579673335778217e-07,2.2817035142061267e-07,2.3058760300010187e-07,2.330496376796514e-07,2.3555764438171447e-07,2.3811285308740624e-07,2.407165366303943e-07,2.433700125745272e-07,2.460746451809146e-07,2.4883184747253524e-07,2.5164308340390804e-07,2.5450987014160525e-07,2.574337804653794e-07,2.604164452958041e-07,2.6345955635904904e-07,2.6656486899286137e-07,2.6973420511394454e-07,2.729694563414629e-07,2.762725873015388e-07,2.7964563911568125e-07,2.830907330880971e-07,2.8661007460879466e-07,2.9020595727629977e-07,2.938807672722117e-07,2.97636987985879e-07,3.0147720491941794e-07,3.0540411088835466e-07,3.094205115400074e-07,3.135293312062181e-07,3.177336191268084e-07,3.220365560574967e-07,3.2644146129744113e-07,3.309518001676373e-07,3.35571191969426e-07,3.4030341846494894e-07,3.451524329155176e-07,3.5012236971628153e-07,3.552175546914272e-07,3.604425160780368e-07,3.658019962660308e-07,3.713009643584974e-07,3.769446296098821e-07,3.827384558188157e-07,3.8868817675486784e-07,3.9479981270086563e-07,4.0107968821663404e-07,4.0753445121529714e-07,4.141710934741006e-07,4.2099697270633437e-07,4.280198363254941e-07,4.352478470670217e-07,4.426896106201367e-07,4.503542054693452e-07,4.5825121514288247e-07,4.663907630997866e-07,4.747835505057365e-07,4.83440897179757e-07,4.923747860177332e-07,5.015979112512747e-07,5.111237309106863e-07,5.209665239362285e-07,5.311414524127741e-07,5.416646294684652e-07,5.525531934398095e-07,5.638253889810765e-07,5.7550065587945e-07,5.875997264339282e-07,6.001447323687945e-07,6.131593223712519e-07,6.266687914894106e-07,6.407002238057528e-07,6.552826499685738e-07,6.70447221408081e-07,6.862274033046186e-07,7.026591886810201e-07,7.197813363322392e-07,7.376356357115684e-07,7.562672023581897e-07,7.757248080033325e-07,7.960612501426459e-07,8.173337666183239e-07,8.39604501658522e-07,8.62941030885897e-07,8.874169540740168e-07,9.131125659517682e-07,9.401156171340874e-07,9.68522179465029e-07,9.984376326423796e-07,1.0299777921621564e-06,1.0632702024530787e-06,1.0984556237511683e-06,1.1356897469428113e-06,1.1751451776925073e-06,1.2170137397696668e-06,1.261509158291073e-06,1.3088701969601192e-06,1.3593643402371797e-06,1.4132921324306963e-06,1.4709923125978804e-06,1.532847918249921e-06,1.5992935746555108e-06,1.6708242431113246e-06,1.7480057751057028e-06,1.831487715469174e-06,1.9220189248245057e-06,2.0204667605921185e-06,2.12784078293877e-06,2.245322259256466e-06,2.374301161615666e-06,2.5164229328758138e-06,2.6736481100059978e-06,2.848329042870025e-06,2.9187777279119107e-06,3.1196192916576423e-06,3.346715472855894e-06,3.6041106189453812e-06,3.897258884158337e-06,4.233244217381502e-06,4.621208346742784e-06,5.0730212002413224e-06,5.604282043360629e-06,6.2358123517020405e-06,6.99591462092554e-06,7.923874393167113e-06,9.075538308907666e-06,1.0532494757231044e-05,1.2417748148056988e-05,1.4923618997328047e-05,1.8363802067628995e-05,2.3275758185283402e-05,3.063398818407347e-05,4.232071333224112e-05,6.221345617035729e-05,9.869844758754484e-05,0.0001697463456436036,0.00019860458037673822,0.00019860458039288467,0.00037074230581772013,0.0006637593202748814,0.0010970479177272194,0.0016576316880102218,0.002323998241070892,0.0030969624238177816,0.004016322013827878,0.0051441176819318314,0.006511471539833163,0.008081982878055758,0.009772037182617429,0.011493368976645985,0.013178570605821465,0.01478585242775348,0.016293891531606538,0.01769491002606836,0.018989143027471025,0.020181159124060606,0.02127762388319555,0.022286009434782802,0.023213878674309598,0.024068505954116175,0.02485669110796494,0.02558468303351562,0.02625816427152298,0.02688226850255616,0.027461614743461496,0.028000348917702138,0.028502187499213676,0.028970460293445785,0.02940815080626611,0.02981793347043564,0.030202207470877408,0.03056312718110195,0.030902629370237304,0.031222457414183016,0.03152418277530974,0.031809224020138284,0.0320788636354444,0.03233426288676753,0.03257647494266664,0.03280645646737794,0.03302507786295807,0.03323313232248849,0.03343134383730699,0.033620374284810337,0.03380082970773234,0.033973265882867566,0.03413819326514172,0.03429608138207075,0.03444736274475112,0.0345924363329686,0.034731670705185624,0.03486540677768819,0.0349939603112055,0.03511762413999088,0.03523667017219387,0.03535135118767146,0.03546190245700978,0.03556854320085629,0.035671477907730065,0.0357708975257542,0.035866980541880165,0.03595989396078335,0.03604979419389742,0.03613682786813853,0.03622113256244068,0.03630283747950758,0.03638206405935024,0.03645892654031144,0.0365335324726912,0.036605983189686185,0.036676374239497836,0.036744795782506376,0.03681133295651599,0.03687606621318549,0.03693907162811409,0.037000421187032166,0.037060183050141714,0.03711842179655163,0.03717519865047408,0.03723057169079213,0.03728459604533402,0.037337324071163004,0.03738880552203698,0.03743908770406282,0.03748821562047085,0.03753623210642405,0.03758317795462197,0.03762909203238531,0.037674011390993065,0.03771797136757338,0.03776100568056925,0.03780314651898262,0.037844424625517945,0.03788486937491933,0.037924508847036895,0.037963369895490526,0.038001478212005085,0.03803885838684678,0.038075533965548185,0.0381115275022524,0.03814686060987479,0.03818155400727174,0.03821562756367909,0.038249100340564515,0.03828199063105555,0.038314315997179875,0.03834609330487834,0.03837733875718553,0.038408067925515196,0.038438295779224495,0.038468036713537775,0.03849730457602629,0.03852611269160184,0.03855447388622211,0.03858240050928153,0.03860990445502788,0.03863699718250207,0.03866368973477977,0.03868999275717442,0.03871591651432514,0.038741470906647375,0.03876666548584925,0.038791509469703174,0.03881601175609925,0.038840180936397475,0.03886402530814939,0.038887552887196086,0.038910771419194155,0.038933688390604015,0.03895631103913599,0.038978646363736213,0.03900070113410106,0.03902248189973813,0.039043994998638254,0.03906524656553713,0.03908624253980172,0.03910698867297787,0.03912749053597553,0.03914775352596751,0.03916778287297483,0.039187583646160706,0.039207160759821516,0.039226518979173085,0.039245662925869104,0.03926459708325812,0.03928332580145343,0.03930185330219188,0.03932018368337489,0.03933832092366535,0.03935626888664812,0.03937403132494183,0.03939161188411958,0.03940901410646529,0.03942624143454572,0.03944329721476099,0.03946018470057837,0.039476907055769,0.03949346735745488,0.039509868599038295,0.03952611369309655,0.0395422054740439,0.039558146700713934,0.03957394005892665,0.03958958816391031,0.039605093562530974,0.0396204587356599,0.039635686100231805,0.039650778011341634,0.03966573676422209,0.03968056459619921,0.039695263688475264,0.039709836167957716,0.039724284108973454,0.03973860953482035,0.03975281441950372,0.039766900689180894,0.03978087022366533,0.03979472485777602,0.03980846638285883,0.03982209654798433,0.039835617061207834,0.03984902959094938,0.03986233576702689,0.039875537181875045,0.03988863539163599,0.03990163191723466,0.039914528245402606,0.039927325829684106,0.03994002609140493,0.03995263042051546,0.03996514017663933,0.03997755668982168,0.03998988126141949,0.0400021151648769,0.040014259646562335,0.04002631592647152,0.040038285198964164,0.0400501686335307,0.040061967375380314,0.04007368254618596,0.04008531524468459,0.04009686654731146,0.04010833750879291,0.04011972916272707,0.040131042522153194,0.0401422785800876,0.0401534383100523,0.040164522666586426,0.040175532585745105,0.0401864689855733,0.040197332766567735,0.04020812481213808,0.040218845989005235,0.04022949714768321,0.04024007912285546,0.04025059273376038,0.04026103878458968,0.040271418064851065,0.04028173134976331,0.040291979400583884,0.040302162964928355,0.040312282777137616,0.04032233955857014,0.04033233401798309,0.04034226685164013,0.0403521387438351,0.04036195036714953,0.04037170238255782,0.04038139543982528,0.04039103017775964,0.04040060722444475,0.040410127197491943,0.040419590704264374,0.04042899834214255,0.04043835069872402,0.040447648352045354,0.04045689187080744,0.04046608181457458,0.04047521873398119,0.04048430317090142,0.04049333565869323,0.04050231672234594,0.040511246878652284,0.04052012663641835,0.04052895649662541,0.04053773695254419,0.04054646848998504,0.040555151587388275,0.040563786716021955,0.04057237434008661,0.04058091491689802,0.04058940889701134,0.0405978567243568,0.04060625883640118,0.04061461566426522,0.04062292763277006,0.0406311951607143,0.04063941866088531,0.04064759854024575,0.040655735199973606,0.04066382903562485,0.04067188043722738,0.040679889789404546,0.04068785747145611,0.040695783857480995,0.040703669316459905,0.040711514212370035,0.040719318904249784,0.040727083746324354,0.04073480908807849,0.04074249527435923,0.04075014264541812,0.040757751537045514,0.040765322280657434,0.04077285520329872,0.04078035062781137,0.04078780887287059,0.04079523025305072,0.04080261507892138,0.04080996365707686,0.04081727629027142,0.04082455327743266,0.04083179491374876,0.04083900149072486,0.04084617329624512,0.04085331061466892,0.04086041372685406,0.04086748291019402,0.04087451843874636,0.0408815205832318,0.04088848961112038,0.04089542578666232,0.0409023293709566,0.040909200622014114,0.04091603979476544,0.040922847141155634,0.04092962291017721,0.040936367347907905,0.04094308069758997,0.04094976319960841,0.040956415091618306,0.0409630366085392,0.04096962798260393,0.04097618944340777,0.04098272121794684,0.04098922353065994,0.04099569660348779,0.04100214065582784,0.04100855590471415,0.041014942564713636,0.04102130084806552,0.04102763096466148,0.041033933122086676,0.04104020752570684,0.04104645437860014,0.04105267388167761,0.04105886623368841,0.04106503163124627,0.041071170268865,0.04107728233897671,0.04108336803199213,0.04108942753630458,0.041095461038316086,0.04110146872249735,0.041107450771387534,0.041113407365600464,0.04111933868390606,0.041125244903199305,0.04113112619862813,0.04113698274348018,0.04114281470929851,0.041148622265871945,0.04115440558128147,0.041160164821901234,0.041165900152435986,0.04117161173594622,0.04117729973385825,0.041182964305985,0.04118860561057455,0.04119422380427565,0.04119981904226141,0.04120539147813669,0.041210941263978,0.041216468550452266,0.04122197348668228,0.041227456220408666,0.04123291689794939,0.041238355664159856,0.0412437726625587,0.04124916803528187,0.041254541923124784,0.04125989446553928,0.04126522580062499,0.041270536065225835,0.0412758253948961,0.04128109392389956,0.041286341785267286,0.04129156911078317,0.04129677603101621,0.041301962675324926,0.04130712917189259,0.04131227564768211,0.041317402228533834,0.04132250903913674,0.041327596203042695,0.04133266384266382,0.04133771207933176,0.04134274103328352,0.04134775082366638,0.041352741568560045,0.04135771338499297,0.041362666388952155,0.04136760069537559,0.04137251641824242,0.04137741367046572,0.04138229256399051,0.04138715320979581,0.04139199571783811,0.04139682019716383,0.04140162675586308,0.04140641550108132,0.041411186539069104,0.04141593997507693,0.041420675913531775,0.04142539445794398,0.041430095710931834,0.04143477977428882,0.04143944674884711,0.04144409673462702,0.04144872983084188,0.041453346135840466,0.0414579457471632,0.04146252876151486,0.041467095274761896,0.04147164538200616,0.04147617917757828,0.04148069675500117,0.04148519820704522,0.041489683625698714,0.04149415310219566,0.04149860672700448,0.04150304458989067,0.04150746677987403,0.04151187338524056,0.04151626449359334,0.04152064019177557,0.0415250005659623,0.0415293457016402,0.04153367568358207,0.041537990595913565,0.04154229052206817,0.04154657554480844,0.04155084574628463,0.04155510120795306,0.041559342010635644,0.04156356823451863,0.04156777995916592,0.04157197726350751,0.041576160225861414,0.04158032892393346,0.041584483434825424,0.04158862383503991,0.04159275020048891,0.04159686260650512,0.04160096112781578,0.04160504583860011,0.04160911681245942,0.04161317412243013,0.041617217840998665,0.04162124804011331,0.04162526479111928,0.04162926816489529,0.041633258231718845,0.04163723506138307,0.04164119872313937,0.041645149285731556,0.04164908681738012,0.041653011385799674,0.0416569230581817,0.0416608219012392,0.041664707981199145,0.04166858136376572,0.041672442114191376,0.04167629029725484,0.041680125977233036,0.041683949217888525,0.04168776008260895,0.04169155863427858,0.04169534493532375,0.04169911904771387,0.04170288103299086,0.041706630952214656,0.04171036886604167,0.04171409483467198,0.041717808917882085,0.04172151117501653,0.04172520166502172,0.041728880446355025,0.04173254757713737,0.041736203115016246,0.041739847117283,0.04174347964078492,0.041747100741977274,0.04175071047693286,0.04175430890134921,0.04175789607045826,0.04176147203917445,0.0417650368620172,0.04176859059311876,0.04177213328624287,0.04177566499476517,0.04177918577170528,0.04178269566971505,0.04178619474109062,0.04178968303777407,0.04179316061131845,0.041796627512939964,0.04180008379352843,0.04180352950362299,0.04180696469338538,0.041810389412669194,0.04181380371098193,0.04181720763751067,0.041820601241071856,0.04182398457018382,0.04182735767304723,0.041830720597534295,0.041834073391171726,0.041837416101213484,0.0418407487745429,0.04184407145781832,0.04184738419730586,0.04185068703899507,0.041853980028572685,0.04185726321146886,0.04186053663269919,0.04186380033708999,0.04186705436914971,0.0418702987730965,0.04187353359283058,0.04187675887198905,0.04187997465394976,0.041883180981774217,0.04188637789826121,0.04188956544592268,0.041892743667009395,0.04189591260350154,0.041899072297104246,0.04190222278925092,0.0419053641211227,0.04190849633362325,0.04191161946741573,0.04191473356288717,0.041917838660179944,0.041920934799202544,0.0419240220195531,0.041927100360634136,0.04193016986155277,0.041933230561244435,0.04193628249834817,0.04193932571125306,0.04194236023814214,0.04194538611694023,0.04194840338534162,0.041951412080811476,0.04195441224057319,0.041957403901643,0.04196038710077491,0.04196336187452047,0.04196632825920292,0.04196928629092047,0.04197223600555256,0.04197517743875973,0.04197811062598442,0.041981035602446065,0.041983952403173624,0.041986861062944116,0.04198976161638188,0.041992654097849746,0.04199553854152526,0.04199841498137921,0.04200128345118571,0.042004143984494695,0.042006996614672505,0.042009841374893726,0.042012678298111915,0.04201550741710274,0.04201832876444536,0.042021142372522885,0.042023948273543665,0.042026746499477546,0.04202953708215354,0.04203232005321629,0.04203509544407464,0.04203786328599714,0.04204062361007889,0.04204337644718776,0.04204612182804771,0.042048859783201435,0.04205159034297816,0.042054313537600474,0.04205702939705548,0.042059737951177935,0.04206243922960683,0.04206513326187981,0.04206782007729033,0.04207049970501271,0.04207317217401406,0.042075837513118074,0.04207849575098767,0.0420811469161157,0.042083791036837834,0.042086428141331435,0.04208905825759391,0.04209168141349024,0.04209429763669539,0.04209690695478884,0.04209950939513883,0.04210210498497581,0.042104693751385563,0.042107275721292,0.04210985092149275,0.04211241937858431,0.04211498111905724,0.04211753616926277,0.04212008455537596,0.042122626303445904,0.04212516143937241,0.04212768998890872,0.04213021197767256,0.04213272743113687,0.042133674646558636,0.042133674646558636,0.042133674646558636,0.042133674646558636,0.042133674646558636,0.042133674646558636,0.042133674646558636,0.042133674646558636,0.042133674646558636,0.042133674646558636,0.042133674646558636,0.042133674646558636,0.042133674646558636,0.042133674646558636,0.042133674646558636,0.042133674646558636,0.042133674646558636,0.042133674646558636,0.042133674646558636,0.04213367464655863,0.04213367464655863,0.04213367464655863,0.04213367464655863,0.04213367464655863,0.04213367464655863,0.04213367464655863,0.04213367464655863,0.04213367464655863,0.04213367464655863,0.04213367464655863,0.04213367464655863,0.04213367464655863,0.04213367464655863,0.04213367464655863,0.04213367464655864,0.04213367464655864,0.04213367464655864,0.04213367464655864,0.04213367464655864,0.04213367464655864,0.04213367464655864,0.042133674646558636,0.042133674646558636,0.042133674646558636,0.042133674646558636,0.042133674646558636,0.042133674646558636,0.042133674646558636,0.042133674646558636,0.042133674646558636,0.042133674646558636,0.042133674646558636,0.042133674646558636,0.042133674646558636,0.042133674646558636,0.042133674646558636,0.042133674646558636,0.04213367464655864,0.04213367464655864,0.04213367464655864,0.04213367464655864,0.04213367464655864,0.04213367464655864,0.04213367464655864,0.042133674646558636,0.042133674646558636,0.042133674646558636,0.042133674646558636,0.042133674646558636,0.042133674646558636,0.042133674646558636,0.042133674646558636,0.04213367464655863,0.04213367464655863,0.04213367464655863,0.04213367464655863,0.04213367464655863,0.04213367464655863,0.04213367464655863,0.042133674646558636,0.042133674646558636,0.042133674646558636,0.042133674646558636,0.042133674646558636,0.042133674646558636,0.042133674646558636,0.042133674646558636,0.042133674646558636,0.042133674646558636,0.042133674646558636,0.042133674646558636,0.042133674646558636,0.042133674646558636,0.042133674646558636,0.04213367464655863,0.04213367464655863,0.04213367464655863,0.04213367464655863,0.04213367464655863,0.04213367464655863,0.04213367464655863,0.04213367464655863,0.042133674646558636,0.042133674646558636,0.042133674646558636,0.042133674646558636,0.042133674646558636,0.042133674646558636,0.042133674646558636,0.04213367464655863,0.04213367464655863,0.04213367464655863,0.04213367464655863,0.04213367464655863,0.04213367464655863,0.04213367464655863,0.04213367464655863,0.042133674646558636,0.042133674646558636,0.042133674646558636,0.042133674646558636,0.042133674646558636,0.042133674646558636,0.042133674646558636,0.042133674646558636,0.04213367464655863,0.04213367464655863,0.04213367464655863,0.04213367464655863,0.04213367464655863,0.04213367464655863,0.04213367464655863,0.042133674646558636,0.042133674646558636,0.042133674646558636,0.042133674646558636,0.042133674646558636,0.042133674646558636,0.042133674646558636,0.042133674646558636,0.04213367464655864,0.04213367464655864,0.04213367464655864,0.04213367464655864,0.04213367464655864,0.04213367464655864,0.04213367464655864,0.042133674646558636,0.042133674646558636,0.042133674646558636,0.042133674646558636,0.042133674646558636,0.042133674646558636,0.042133674646558636,0.042133674646558636,0.04213367464655864,0.04213367464655864,0.04213367464655864,0.04213367464655864,0.04213367464655864,0.04213367464655864,0.04213367464655864,0.042133674646558636,0.042133674646558636,0.042133674646558636,0.042133674646558636,0.042133674646558636,0.042133674646558636,0.042133674646558636,0.042133674646558636,0.042133674646558636,0.042133674646558636,0.042133674646558636,0.042133674646558636,0.042133674646558636,0.042133674646558636,0.042133674646558636,0.042133674646558636,0.042133674646558636,0.042133674646558636,0.042133674646558636,0.042133674646558636,0.042133674646558636,0.042133674646558636,0.042133674646558636,0.042133674646558636,0.042133674646558636,0.042133674646558636,0.042133674646558636,0.042133674646558636,0.042133674646558636,0.042133674646558636,0.042133674646558636,0.042133674646558636,0.042133674646558636,0.042133674646558636,0.042133674646558636,0.042133674646558636,0.042133674646558636,0.042133674646558636,0.042133674646558636,0.042133674646558636,0.042133674646558636,0.042133674646558636,0.042133674646558636,0.042133674646558636,0.042133674646558636,0.042133674646558636,0.04213367464655863,0.04213367464655863,0.04213367464655863,0.04213367464655863,0.04213367464655863,0.04213367464655863,0.04213367464655863,0.042133674646558636,0.042133674696087,0.0421336747115475,0.04213367471230303,0.04213367470703567,0.0421336746995915,0.04213367469164708,0.04213367468391002,0.042133674676657414,0.04213367466997683,0.04213367466387413,0.04213367465832132,0.042133674653277976,0.04213367464870058,0.042133674644546516,0.042133674640775706,0.04213367463735116,0.04213367463423907,0.04213367463140874,0.04213367462883235,0.04213367462648471,0.04213367462434314,0.04213367462238712,0.04213367462059821,0.04213367461895977,0.042133674617456804,0.04213367461607585,0.04213367461480479,0.042133674613632724,0.04213367461254982,0.04213367461154729,0.042133674610617185,0.042133674609752404,0.04213367460894652,0.0421336746081938,0.04213367460748908,0.04213367460682767,0.042133674606205394,0.042133674605618496,0.042133674605063606,0.04213367460453765,0.042133674604037934,0.04213367460356194,0.04213367460310749,0.04213367460267257,0.04213367460225536,0.04213367460185429,0.04213367460146787,0.0421336746010948,0.04213367460073389,0.04213367460038405,0.04213367460004434,0.04213367459971389,0.04213367459939191,0.04213367459907768,0.04213367459877057,0.04213367459847004,0.042133674598175505,0.04213367459788654,0.042133674597602665,0.04213367459732355,0.04213367459704882,0.04213367459677819,0.04213367459651133,0.042133674596248005,0.04213367459598796,0.04213367459573104,0.04213367459547698,0.04213367459522562,0.042133674594976855,0.04213367459473048,0.042133674594486394,0.042133674594244455,0.04213367459400457,0.04213367459376666,0.0421336745935306,0.04213367459329632,0.04213367459306375,0.04213367459283282,0.04213367459260347,0.04213367459237564,0.042133674592149284,0.042133674591924325,0.04213367459170076,0.04213367459147852,0.04213367459125759,0.04213367459103794,0.0421336745908195,0.04213367459060228,0.04213367459038622,0.042133674590171345,0.042133674589957586,0.04213367458974494,0.0421336745895334,0.04213367458932291,0.04213367458911348,0.04213367458890509,0.04213367458869773,0.04213367458849138,0.042133674588286034,0.042133674588081656,0.04213367458787826,0.04213367458767585,0.04213367458747438,0.04213367458727385,0.04213367458707425,0.04213367458687558,0.042133674586677834,0.042133674586480985,0.04213367458628506,0.04213367458609001,0.04213367458589585,0.042133674585702593,0.04213367458551019,0.04213367458531864,0.04213367458512796,0.04213367458493817,0.0421336745847492,0.04213367458456107,0.04213367458437379,0.042133674584187354,0.042133674584001746,0.042133674583816956,0.04213367458363295,0.04213367458344982,0.04213367458326747,0.042133674583085916,0.0421336745829052,0.042133674582725246,0.0421336745825461,0.04213367458236773,0.04213367458219014,0.04213367458201331,0.04213367458183728,0.04213367458166203,0.04213367458148751,0.042133674581313785,0.042133674581140826,0.04213367458096861,0.04213367458079715,0.04213367458062641,0.042133674580456464,0.04213367458028723,0.04213367458011873,0.04213367457995096,0.04213367457978391,0.0421336745796176,0.042133674579451996,0.042133674579287135,0.04213367457912301,0.04213367457895955,0.04213367457879681,0.04213367457863477,0.042133674578473446,0.042133674578312796,0.042133674578152855,0.04213367457799361,0.04213367457783502,0.04213367457767715,0.04213367457751995,0.04213367457736344,0.04213367457720759,0.04213367457705242,0.04213367457689792,0.04213367457674407,0.0421336745765909,0.042133674576438386,0.042133674576286514,0.042133674576135316,0.042133674575984756,0.042133674575834834,0.042133674575685585,0.04213367457553695,0.042133674575388975,0.0421336745752416,0.04213367457509488,0.04213367457494879,0.04213367457480332,0.042133674574658476,0.04213367457451424,0.042133674574370644,0.04213367457422765,0.04213367457408527,0.04213367457394351,0.04213367457380233,0.04213367457366178,0.04213367457352182,0.04213367457338247,0.04213367457324368,0.04213367457310552,0.04213367457296794,0.04213367457283093,0.04213367457269453,0.042133674572558705,0.04213367457242344,0.042133674572288775,0.04213367457215466,0.04213367457202113,0.04213367457188817,0.042133674571755764,0.042133674571623946,0.04213367457149268,0.04213367457136198,0.042133674571231836,0.04213367457110223,0.042133674570973195,0.042133674570844694,0.04213367457071674,0.04213367457058934,0.04213367457046247,0.042133674570336135,0.042133674570210354,0.042133674570085114,0.04213367456996037,0.042133674569836195,0.04213367456971255,0.042133674569589406,0.0421336745694668,0.04213367456934469,0.04213367456922313,0.042133674569102074,0.04213367456898153,0.042133674568861496,0.04213367456874198,0.04213367456862296,0.042133674568504434,0.042133674568386424,0.04213367456826893,0.04213367456815192,0.042133674568035406,0.042133674567919374,0.04213367456780386,0.04213367456768882,0.04213367456757426,0.0421336745674602,0.04213367456734661,0.042133674567233506,0.042133674567120895,0.042133674567008735,0.04213367456689706,0.042133674566785864,0.042133674566675126,0.042133674566564874,0.04213367456645508,0.04213367456634575,0.04213367456623688,0.04213367456612849,0.04213367456602053,0.04213367456591304,0.04213367456580603,0.04213367456569942,0.042133674565593304,0.042133674565487604,0.04213367456538237,0.04213367456527758,0.04213367456517323,0.04213367456506931,0.04213367456496584,0.04213367456486281,0.0421336745647602,0.04213367456465804,0.0421336745645563,0.04213367456445498,0.04213367456435412,0.04213367456425366,0.04213367456415364,0.042133674564054036,0.04213367456395487,0.04213367456385609,0.04213367456375771,0.0421336745636598,0.042133674563562276,0.04213367456346514,0.04213367456336844,0.042133674563272154,0.04213367456317628,0.04213367456308078,0.042133674562985696,0.04213367456289103,0.04213367456279674,0.04213367456270288,0.04213367456260938,0.04213367456251629,0.04213367456242358,0.042133674562331275,0.042133674562239376,0.04213367456214783,0.04213367456205669,0.04213367456196594,0.04213367456187558,0.04213367456178554,0.042133674561695936,0.04213367456160669,0.04213367456151782,0.04213367456142932,0.042133674561341206,0.042133674561253456,0.04213367456116609,0.04213367456107907,0.042133674560992436,0.042133674560906165,0.04213367456082023,0.04213367456073469,0.04213367456064951,0.04213367456056468,0.04213367456048021,0.04213367456039607,0.042133674560312306,0.042133674560228894,0.04213367456014581,0.0421336745600631,0.042133674559980745,0.04213367455989872,0.042133674559817036,0.04213367455973572,0.04213367455965474,0.0421336745595741,0.04213367455949381,0.04213367455941384,0.04213367455933419,0.04213367455925491,0.042133674559175945,0.04213367455909731,0.042133674559019015,0.04213367455894103,0.042133674558863396,0.04213367455878605,0.042133674558709124,0.042133674558632435,0.04213367455855608,0.04213367455848008,0.04213367455840437,0.04213367455832899,0.042133674558253904,0.042133674558179166,0.04213367455810472,0.042133674558030604,0.04213367455795679,0.04213367455788329,0.0421336745578101,0.0421336745577372,0.04213367455766462,0.04213367455759236,0.04213367455752036,0.042133674557448694,0.042133674557377335,0.04213367455730626,0.04213367455723549,0.042133674557165025,0.04213367455709486,0.04213367455702497,0.04213367455695539,0.042133674556886096,0.042133674556817095,0.042133674556748386,0.04213367455667995,0.042133674556611815,0.042133674556543946,0.042133674556476396,0.04213367455640913,0.042133674556342135,0.04213367455627541,0.042133674556209,0.04213367455614283,0.04213367455607695,0.042133674556011344,0.04213367455594602,0.042133674555880955,0.04213367455581619,0.04213367455575171,0.04213367455568746,0.04213367455562351,0.04213367455555981,0.04213367455549638,0.042133674555433216,0.04213367455537035,0.04213367455530769,0.04213367455524533,0.042133674555183236,0.04213367455512138,0.04213367455505979,0.04213367455499845,0.0421336745549374,0.04213367455487658,0.04213367455481602,0.04213367455475573,0.04213367455469568,0.04213367455463588,0.042133674554576346,0.04213367455451705,0.04213367455445802,0.042133674554399224,0.04213367455434067,0.042133674554282366,0.0421336745542243,0.04213367455416649,0.04213367455410892,0.042133674554051585,0.04213367455399449,0.04213367455393764,0.04213367455388103,0.04213367455382465,0.04213367455376851,0.04213367455371262,0.04213367455365697,0.042133674553601515,0.04213367455354634,0.04213367455349136,0.04213367455343664,0.04213367455338213,0.04213367455332785,0.042133674553273805,0.04213367455321999,0.042133674553166384,0.04213367455311299,0.04213367455305987,0.042133674553006935,0.04213367455295422,0.04213367455290175,0.0421336745528495,0.04213367455279746,0.04213367455274562,0.042133674552694005,0.0421336745526426,0.04213367455259147,0.0421336745525405,0.04213367455248976,0.04213367455243921,0.042133674552388894,0.04213367455233879,0.042133674552288884,0.04213367455223921,0.04213367455218971,0.04213367455214044,0.04213367455209138,0.04213367455204255,0.04213367455199388,0.04213367455194544,0.042133674551897184,0.042133674551849125,0.042133674551801295,0.04213367455175366,0.04213367455170624,0.04213367455165898,0.042133674551611947,0.0421336745515651,0.042133674551518466,0.04213367455147204,0.042133674551425755,0.0421336745513797,0.04213367455133382,0.04213367455128814,0.04213367455124269,0.042133674551197396,0.042133674551152286,0.04213367455110737,0.04213367455106266,0.04213367455101813,0.04213367455097378,0.04213367455092961,0.04213367455088565,0.04213367455084187,0.042133674550798236,0.04213367455075481,0.04213367455071157,0.04213367455066853,0.04213367455062566,0.04213367455058293,0.042133674550540415,0.04213367455049809,0.04213367455045593,0.042133674550413946,0.04213367455037212,0.0421336745503305,0.04213367455028904,0.04213367455024777,0.04213367455020665,0.0421336745501657,0.042133674550124955,0.04213367455008434,0.042133674550043916,0.04213367455000367,0.04213367454996358,0.04213367454992366,0.04213367454988391,0.04213367454984434,0.04213367454980494,0.04213367454976567,0.04213367454972659,0.042133674549687666,0.04213367454964892,0.04213367454961033,0.04213367454957189,0.04213367454953362,0.042133674549495514,0.042133674549457566,0.04213367454941979,0.042133674549382154,0.04213367454934467,0.04213367454930736,0.042133674549270195,0.04213367454923318,0.042133674549196344,0.042133674549159644,0.04213367454912311,0.04213367454908674,0.0421336745490505,0.04213367454901441,0.04213367454897848,0.04213367454894271,0.042133674548907075,0.04213367454887159,0.04213367454883626,0.0421336745488011,0.042133674548766056,0.04213367454873117,0.04213367454869644,0.042133674548661855,0.042133674548627396,0.042133674548593084,0.042133674548558944,0.042133674548524916,0.04213367454849102,0.04213367454845731,0.04213367454842372,0.042133674548390274,0.04213367454835697,0.0421336745483238,0.04213367454829078,0.042133674548257886,0.04213367454822514,0.04213367454819254,0.04213367454816006,0.04213367454812773,0.04213367454809551,0.04213367454806345,0.04213367454803152,0.04213367454799972,0.042133674547968056,0.042133674547936525,0.042133674547905134,0.042133674547873846,0.04213367454784271,0.042133674547811695,0.04213367454778083,0.04213367454775009,0.04213367454771947,0.04213367454768898,0.04213367454765862,0.04213367454762839,0.04213367454759828,0.04213367454756829,0.042133674547538455,0.04213367454750873,0.04213367454747911,0.04213367454744963,0.04213367454742028,0.04213367454739105,0.04213367454736195,0.04213367454733295,0.042133674547304094,0.04213367454727535,0.04213367454724674,0.042133674547218225,0.04213367454718985,0.04213367454716157,0.04213367454713345,0.04213367454710542,0.042133674547077504,0.042133674547049735,0.04213367454702204,0.042133674546994515,0.04213367454696706,0.04213367454693973,0.04213367454691252,0.04213367454688542,0.04213367454685845,0.04213367454683157,0.04213367454680482,0.04213367454677819,0.04213367454675167,0.04213367454672524,0.04213367454669891,0.04213367454667271,0.04213367454664663,0.04213367454662062,0.04213367454659476,0.042133674546568994,0.04213367454654335,0.0421336745465178,0.04213367454649237,0.04213367454646703,0.04213367454644182,0.042133674546416706,0.042133674546391664,0.04213367454636678,0.04213367454634197,0.04213367454631728,0.04213367454629269,0.04213367454626819,0.04213367454624382,0.04213367454621953,0.04213367454619535,0.04213367454617126,0.04213367454614728,0.042133674546123406,0.04213367454609963,0.04213367454607596,0.042133674546052366,0.04213367454602891,0.042133674546005515,0.04213367454598223,0.042133674545959045,0.04213367454593596,0.042133674545912964,0.04213367454589008,0.04213367454586728,0.042133674545844595,0.04213367454582197,0.04213367454579947,0.042133674545777045,0.042133674545754715,0.042133674545732504,0.042133674545710334,0.042133674545688324,0.04213367454566637,0.04213367454564454,0.04213367454562277,0.04213367454560109,0.04213367454557951,0.04213367454555801,0.042133674545536605,0.0421336745455153,0.04213367454549409,0.04213367454547298,0.04213367454545193,0.04213367454543094,0.0421336745454101,0.0421336745453893,0.04213367454536863,0.04213367454534801,0.0421336745453275,0.04213367454530708,0.042133674545286735,0.042133674545266536,0.04213367454524631,0.04213367454522622,0.04213367454520623,0.042133674545186316,0.04213367454516647,0.04213367454514671,0.04213367454512704,0.04213367454510746,0.04213367454508795,0.042133674545068514,0.04213367454504917,0.04213367454502991,0.04213367454501072,0.04213367454499165,0.042133674544972605,0.04213367454495367,0.042133674544934815,0.04213367454491605,0.04213367454489736,0.042133674544878735,0.042133674544860195,0.04213367454484172,0.04213367454482334,0.04213367454480502,0.0421336745447868,0.04213367454476865,0.042133674544750574,0.04213367454473258,0.042133674544714644,0.04213367454469679,0.04213367454467903,0.042133674544661326,0.042133674544643715,0.04213367454462616,0.04213367454460867,0.04213367454459126,0.042133674544573924,0.04213367454455666,0.04213367454453949,0.04213367454452238,0.04213367454450533,0.04213367454448837,0.042133674544471485,0.04213367454445464,0.0421336745444379,0.04213367454442118,0.042133674544404594,0.04213367454438803,0.04213367454437155,0.042133674544355154,0.04213367454433882,0.04213367454432255,0.04213367454430636,0.04213367454429021,0.042133674544274156,0.04213367454425815,0.04213367454424222,0.04213367454422637,0.04213367454421055,0.04213367454419486,0.042133674544179156,0.042133674544163564,0.042133674544148056,0.04213367454413259,0.042133674544117185,0.04213367454410184,0.04213367454408656,0.04213367454407139,0.04213367454405623,0.042133674544041134,0.04213367454402612,0.042133674544011165,0.04213367454399629,0.04213367454398146,0.0421336745439667,0.042133674543952004,0.04213367454393734,0.042133674543922764,0.04213367454390824,0.04213367454389379,0.04213367454387939,0.04213367454386507,0.0421336745438508,0.042133674543836555,0.04213367454382242,0.04213367454380836,0.042133674543794304,0.042133674543780336,0.04213367454376641,0.04213367454375256,0.04213367454373876,0.04213367454372502,0.04213367454371137,0.04213367454369774,0.04213367454368416,0.04213367454367069,0.04213367454365721,0.04213367454364383,0.04213367454363049,0.0421336745436172,0.042133674543603984,0.042133674543590814,0.0421336745435777,0.04213367454356462,0.042133674543551596,0.04213367454353868,0.042133674543525776,0.04213367454351292,0.04213367454350013,0.04213367454348739,0.04213367454347471,0.04213367454346208,0.0421336745434495,0.042133674543436986,0.04213367454342452,0.04213367454341212,0.042133674543399745,0.04213367454338742,0.04213367454337516,0.04213367454336296,0.0421336745433508,0.04213367454333866,0.04213367454332661,0.04213367454331461,0.04213367454330266,0.042133674543290776,0.042133674543278925,0.04213367454326713,0.042133674543255374,0.04213367454324367,0.04213367454323202,0.04213367454322041,0.04213367454320885,0.04213367454319736,0.04213367454318591,0.042133674543174494,0.04213367454316312,0.04213367454315182,0.042133674543140556,0.042133674543129336,0.04213367454311817,0.04213367454310704,0.04213367454309595,0.04213367454308491,0.04213367454307395,0.04213367454306299,0.0421336745430521,0.04213367454304126,0.04213367454303045,0.0421336745430197,0.04213367454300899,0.04213367454299833,0.04213367454298772,0.04213367454297715,0.04213367454296661,0.04213367454295612,0.0421336745429457,0.04213367454293531,0.04213367454292495,0.04213367454291465,0.04213367454290441,0.04213367454289419,0.042133674542884005,0.042133674542873874,0.042133674542863764,0.04213367454285372,0.0421336745428437,0.042133674542833746,0.04213367454282382,0.04213367454281394,0.0421336745428041,0.0421336745427943,0.042133674542784515,0.0421336745427748,0.04213367454276515,0.042133674542755496,0.04213367454274589,0.04213367454273635,0.04213367454272684,0.04213367454271735,0.042133674542707916,0.04213367454269853,0.042133674542689195,0.04213367454267986,0.0421336745426706,0.04213367454266138,0.042133674542652176,0.04213367454264303,0.04213367454263393,0.04213367454262483,0.042133674542615816,0.04213367454260679,0.04213367454259784,0.04213367454258892,0.042133674542580025,0.042133674542571185,0.042133674542562366,0.042133674542553574,0.042133674542544845,0.04213367454253614,0.04213367454252746,0.04213367454251884,0.042133674542510234,0.042133674542501665,0.04213367454249315,0.042133674542484664,0.042133674542476206,0.04213367454246779,0.04213367454245942,0.04213367454245106,0.042133674542442795,0.042133674542434524,0.042133674542426294,0.042133674542418086,0.04213367454240991,0.04213367454240175,0.042133674542393695,0.04213367454238565,0.04213367454237761,0.04213367454236962,0.042133674542361645,0.04213367454235372,0.04213367454234585,0.042133674542337976,0.04213367454233014,0.04213367454232235,0.042133674542314564,0.042133674542306855,0.04213367454229915,0.042133674542291506,0.04213367454228387,0.04213367454227628,0.042133674542268705,0.04213367454226119,0.04213367454225369,0.042133674542246216,0.042133674542238785,0.04213367454223138,0.04213367454222401,0.04213367454221668,0.04213367454220938,0.04213367454220209,0.04213367454219485,0.04213367454218762,0.042133674542180435,0.04213367454217326,0.04213367454216612,0.04213367454215903,0.04213367454215195,0.0421336745421449,0.04213367454213791,0.04213367454213092,0.04213367454212396,0.042133674542117056,0.042133674542110124,0.04213367454210327,0.04213367454209643,0.04213367454208963,0.04213367454208285,0.04213367454207612,0.04213367454206952,0.042133674542062786,0.04213367454205614,0.042133674542049505,0.04213367454204289,0.04213367454203632,0.042133674542029785,0.042133674542023256,0.04213367454201676,0.0421336745420103,0.042133674542003854,0.042133674541997415,0.042133674541991024,0.042133674541984655,0.04213367454197833,0.04213367454197202,0.042133674541965725,0.042133674541959515,0.042133674541953284,0.04213367454194709,0.042133674541940905,0.04213367454193474,0.04213367454192864,0.04213367454192256,0.042133674541916466,0.04213367454191042,0.04213367454190443,0.04213367454189842,0.04213367454189245,0.04213367454188653,0.042133674541880654,0.04213367454187475,0.04213367454186889,0.04213367454186305,0.04213367454185723,0.04213367454185145,0.042133674541845675,0.04213367454183994,0.04213367454183422,0.04213367454182852,0.04213367454182286,0.042133674541817226,0.04213367454181159,0.04213367454180599,0.04213367454180042,0.04213367454179486,0.04213367454178935,0.04213367454178385,0.042133674541778354,0.04213367454177289,0.04213367454176747,0.04213367454176206,0.04213367454175667,0.04213367454175128,0.042133674541745963,0.04213367454174065,0.04213367454173534,0.04213367454173008,0.04213367454172481,0.04213367454171959,0.042133674541714385,0.04213367454170919,0.042133674541704046,0.04213367454169889,0.04213367454169379,0.04213367454168869,0.042133674541683624,0.042133674541678566,0.04213367454167353,0.04213367454166851,0.04213367454166353,0.042133674541658554,0.04213367454165362,0.042133674541648694,0.042133674541643795,0.04213367454163891,0.042133674541634046,0.042133674541629196,0.042133674541624366,0.04213367454161958,0.042133674541614784,0.04213367454161005,0.042133674541605305,0.042133674541600566,0.04213367454159588,0.04213367454159119,0.042133674541586535,0.04213367454158189,0.04213367454157727,0.04213367454157269,0.04213367454156809,0.04213367454156353,0.04213367454155898,0.04213367454155443,0.04213367454154994,0.04213367454154544,0.04213367454154099,0.04213367454153653,0.0421336745415321,0.042133674541527694,0.0421336745415233,0.04213367454151892,0.042133674541514586,0.042133674541510235,0.04213367454150593,0.042133674541501645,0.04213367454149733,0.042133674541493145,0.04213367454148887,0.042133674541484624,0.04213367454148042,0.04213367454147618,0.042133674541472016,0.042133674541467894,0.04213367454146372,0.04213367454145962,0.042133674541455515,0.042133674541451435,0.04213367454144736,0.04213367454144331,0.04213367454143929,0.04213367454143528,0.04213367454143127,0.042133674541427274,0.04213367454142332,0.04213367454141938,0.04213367454141546,0.04213367454141155,0.04213367454140766,0.042133674541403786,0.04213367454139992,0.04213367454139608,0.042133674541392274,0.042133674541388465,0.04213367454138466,0.04213367454138089,0.042133674541377106,0.042133674541373366,0.04213367454136962,0.0421336745413659,0.042133674541362215,0.04213367454135853,0.042133674541354894,0.0421336745413512,0.04213367454134757,0.042133674541343945,0.042133674541340344,0.04213367454133676,0.04213367454133317,0.0421336745413296,0.04213367454132608,0.04213367454132255,0.04213367454131905,0.04213367454131559,0.0421336745413121,0.042133674541308626,0.04213367454130516,0.04213367454130177,0.04213367454129829,0.042133674541294866,0.04213367454129147,0.0421336745412881,0.042133674541284735,0.042133674541281384,0.042133674541278046,0.04213367454127472,0.04213367454127142,0.04213367454126811,0.042133674541264814,0.04213367454126156,0.04213367454125829,0.042133674541255065,0.042133674541251796,0.042133674541248584,0.04213367454124539,0.042133674541242214,0.04213367454123905,0.042133674541235885,0.04213367454123275,0.04213367454122963,0.042133674541226525,0.042133674541223416,0.042133674541220356,0.04213367454121726,0.0421336745412142,0.04213367454121116,0.04213367454120812,0.04213367454120509,0.0421336745412021,0.042133674541199095,0.042133674541196105,0.042133674541193135,0.04213367454119017,0.042133674541187216,0.042133674541184295,0.04213367454118136,0.04213367454117845,0.04213367454117555,0.042133674541172665,0.04213367454116979,0.042133674541166934,0.04213367454116409,0.042133674541161244,0.04213367454115842,0.042133674541155616,0.04213367454115282,0.04213367454115003,0.04213367454114727,0.0421336745411445,0.042133674541141745,0.04213367454113901,0.042133674541136285,0.042133674541133564,0.042133674541130865,0.042133674541128166,0.042133674541125495,0.0421336745411228,0.042133674541120145,0.04213367454111751,0.04213367454111486,0.04213367454111225,0.04213367454110962,0.04213367454110704,0.04213367454110442,0.04213367454110185,0.04213367454109927,0.04213367454109673,0.042133674541094186,0.04213367454109166,0.04213367454108912,0.042133674541086644,0.04213367454108413,0.04213367454108164,0.04213367454107916,0.04213367454107668,0.042133674541074216,0.04213367454107178,0.04213367454106934,0.04213367454106691,0.0421336745410645,0.04213367454106209,0.04213367454105969,0.04213367454105733,0.04213367454105496,0.0421336745410526,0.04213367454105023,0.042133674541047904,0.042133674541045545,0.04213367454104321,0.04213367454104091,0.042133674541038606,0.042133674541036316,0.04213367454103405,0.04213367454103176,0.04213367454102952,0.042133674541027295,0.042133674541025026,0.042133674541022785,0.042133674541020565,0.042133674541018344,0.04213367454101614,0.04213367454101393,0.04213367454101174,0.042133674541009566,0.0421336745410074,0.04213367454100524,0.04213367454100308,0.042133674541000934,0.042133674540998804,0.04213367454099669,0.042133674540994565,0.04213367454099245,0.042133674540990346,0.04213367454098828,0.04213367454098618,0.042133674540984115,0.04213367454098207,0.042133674540980014,0.042133674540977974,0.042133674540975934,0.04213367454097391,0.042133674540971916,0.042133674540969925,0.04213367454096791,0.04213367454096592,0.04213367454096393,0.042133674540961966,0.04213367454096,0.042133674540958045,0.04213367454095613,0.04213367454095417,0.04213367454095227,0.04213367454095035,0.04213367454094842,0.04213367454094651,0.04213367454094461,0.04213367454094273,0.04213367454094084,0.042133674540938956,0.04213367454093708,0.04213367454093524,0.042133674540933384,0.04213367454093157,0.04213367454092976,0.04213367454092793,0.04213367454092611,0.04213367454092431,0.04213367454092252,0.04213367454092074,0.04213367454091896,0.04213367454091719,0.042133674540915426,0.04213367454091367,0.042133674540911915,0.04213367454091017,0.04213367454090844,0.04213367454090672,0.04213367454090499,0.04213367454090327,0.042133674540901556,0.04213367454089987,0.042133674540898176,0.04213367454089649,0.04213367454089481,0.042133674540893166,0.04213367454089148,0.04213367454088983,0.04213367454088819,0.04213367454088655,0.042133674540884916,0.0421336745408833,0.04213367454088168,0.04213367454088005,0.04213367454087847,0.04213367454087687,0.04213367454087529,0.042133674540873696,0.042133674540872135,0.04213367454087056,0.042133674540869,0.04213367454086744,0.0421336745408659,0.04213367454086436,0.042133674540862816,0.04213367454086129,0.04213367454085977,0.04213367454085824,0.042133674540856744,0.04213367454085525,0.042133674540853754,0.04213367454085227,0.04213367454085079,0.04213367454084929,0.04213367454084783,0.04213367454084635,0.04213367454084492,0.042133674540843484,0.04213367454084203,0.04213367454084059,0.04213367454083915,0.042133674540837725,0.042133674540836295,0.042133674540834894,0.04213367454083348,0.042133674540832076,0.04213367454083067,0.04213367454082929,0.04213367454082789,0.04213367454082653,0.04213367454082514,0.042133674540823764,0.04213367454082242,0.04213367454082106,0.04213367454081972,0.04213367454081835,0.04213367454081705,0.04213367454081572,0.04213367454081439,0.042133674540813064,0.04213367454081176,0.042133674540810455,0.04213367454080915,0.04213367454080786,0.04213367454080657,0.042133674540805285,0.04213367454080401,0.04213367454080273,0.04213367454080146,0.0421336745408002,0.04213367454079895,0.04213367454079772,0.042133674540796466,0.042133674540795224,0.04213367454079396,0.042133674540792754,0.04213367454079152,0.04213367454079031,0.04213367454078911,0.0421336745407879,0.042133674540786696,0.042133674540785516,0.04213367454078436,0.04213367454078316,0.042133674540781985,0.0421336745407808,0.04213367454077963,0.04213367454077849,0.042133674540777315,0.04213367454077615,0.042133674540775004,0.04213367454077387,0.042133674540772735,0.04213367454077162,0.04213367454077046,0.042133674540769384,0.04213367454076826,0.042133674540767115,0.04213367454076604,0.042133674540764915,0.04213367454076382,0.04213367454076272,0.04213367454076163,0.04213367454076054,0.04213367454075949,0.04213367454075838,0.04213367454075731,0.04213367454075627,0.042133674540755214,0.04213367454075416,0.04213367454075311,0.04213367454075208,0.04213367454075103,0.04213367454074999,0.04213367454074896,0.042133674540747956,0.04213367454074693,0.04213367454074591,0.042133674540744896,0.042133674540743876,0.04213367454074288,0.04213367454074188,0.042133674540740886,0.04213367454073992,0.04213367454073893,0.04213367454073794,0.04213367454073695,0.04213367454073599,0.04213367454073502,0.04213367454073405,0.042133674540733114,0.04213367454073215,0.04213367454073119,0.04213367454073026,0.04213367454072932,0.042133674540728354,0.042133674540727445,0.0421336745407265,0.04213367454072556,0.04213367454072464,0.042133674540723726,0.04213367454072282,0.04213367454072188,0.042133674540721006,0.042133674540720104,0.04213367454071921,0.042133674540718306,0.04213367454071742,0.04213367454071654,0.042133674540715635,0.042133674540714774,0.04213367454071388,0.04213367454071301,0.04213367454071215,0.04213367454071131,0.042133674540710424,0.04213367454070956,0.0421336745407087,0.04213367454070786,0.042133674540707024,0.04213367454070618,0.04213367454070536,0.04213367454070451,0.042133674540703686,0.04213367454070287,0.04213367454070204,0.04213367454070123,0.04213367454070042,0.04213367454069959,0.04213367454069881,0.04213367454069802,0.04213367454069721,0.04213367454069642,0.04213367454069564,0.042133674540694846,0.042133674540694055,0.04213367454069328,0.042133674540692514,0.04213367454069175,0.04213367454069099,0.042133674540690204,0.04213367454068944,0.04213367454068866,0.042133674540687914,0.04213367454068716,0.042133674540686436,0.04213367454068569,0.04213367454068494,0.04213367454068418,0.04213367454068345,0.04213367454068273,0.042133674540682,0.04213367454068127,0.042133674540680566,0.04213367454067985,0.042133674540679136,0.04213367454067843,0.042133674540677714,0.042133674540677,0.04213367454067631,0.04213367454067561,0.04213367454067493,0.04213367454067424,0.04213367454067355,0.04213367454067285,0.04213367454067216,0.04213367454067148,0.04213367454067081,0.042133674540670144,0.04213367454066947,0.0421336745406688,0.04213367454066813,0.04213367454066748,0.04213367454066681,0.04213367454066617,0.042133674540665515,0.04213367454066487,0.042133674540664225,0.042133674540663586,0.04213367454066293,0.0421336745406623,0.04213367454066166,0.042133674540661026,0.04213367454066041,0.04213367454065978,0.04213367454065915,0.04213367454065853,0.04213367454065792,0.0421336745406573,0.04213367454065668,0.04213367454065607,0.04213367454065548,0.042133674540654864,0.042133674540654274,0.0421336745406537,0.0421336745406531,0.042133674540652505,0.04213367454065192,0.04213367454065134,0.04213367454065074,0.04213367454065017,0.042133674540649604,0.04213367454064903,0.04213367454064845,0.0421336745406479,0.04213367454064732,0.04213367454064675,0.0421336745406462,0.04213367454064564,0.04213367454064509,0.04213367454064453,0.042133674540644,0.04213367454064345,0.042133674540642915,0.04213367454064235,0.04213367454064185,0.042133674540641285,0.04213367454064075,0.042133674540640216,0.04213367454063972,0.042133674540639196,0.04213367454063865,0.042133674540638155,0.042133674540637635,0.04213367454063711,0.042133674540636615,0.04213367454063611,0.04213367454063559,0.04213367454063509,0.042133674540634575,0.04213367454063408,0.04213367454063358,0.0421336745406331,0.04213367454063259,0.042133674540632104,0.042133674540631626,0.04213367454063115,0.042133674540630654,0.04213367454063018,0.04213367454062969,0.042133674540629204,0.042133674540628746,0.04213367454062828,0.04213367454062779,0.042133674540627324,0.04213367454062687,0.0421336745406264,0.04213367454062594,0.04213367454062547,0.04213367454062501,0.04213367454062456,0.04213367454062411,0.04213367454062365,0.04213367454062323,0.04213367454062277,0.04213367454062232,0.04213367454062185,0.042133674540621426,0.04213367454062101,0.04213367454062056,0.04213367454062013,0.042133674540619705,0.042133674540619274,0.04213367454061884,0.04213367454061843,0.042133674540618005,0.042133674540617574,0.04213367454061715,0.04213367454061674,0.042133674540616325,0.04213367454061592,0.04213367454061551,0.0421336745406151,0.04213367454061468,0.04213367454061428,0.042133674540613855,0.04213367454061346,0.042133674540613064,0.042133674540612655,0.04213367454061228,0.04213367454061188,0.04213367454061148,0.042133674540611094,0.04213367454061071,0.04213367454061033,0.04213367454060994,0.042133674540609574,0.04213367454060919,0.04213367454060883,0.04213367454060849,0.04213367454060808,0.04213367454060772,0.04213367454060735,0.04213367454060698,0.04213367454060661,0.04213367454060623,0.04213367454060588,0.04213367454060552,0.042133674540605154,0.042133674540604786,0.04213367454060442,0.04213367454060406,0.04213367454060371,0.04213367454060336,0.04213367454060301,0.04213367454060266,0.042133674540602316,0.04213367454060197,0.04213367454060163,0.04213367454060129,0.04213367454060096,0.042133674540600616,0.04213367454060027,0.04213367454059996,0.042133674540599624,0.0421336745405993,0.04213367454059896,0.04213367454059866,0.04213367454059831,0.04213367454059799,0.042133674540597674,0.042133674540597355,0.04213367454059703,0.04213367454059672,0.042133674540596404,0.042133674540596085,0.042133674540595786,0.042133674540595474,0.04213367454059516,0.04213367454059484,0.04213367454059454,0.042133674540594225,0.04213367454059393,0.04213367454059363,0.04213367454059334,0.04213367454059303,0.04213367454059274,0.04213367454059242,0.04213367454059215,0.04213367454059186,0.042133674540591554,0.04213367454059126,0.042133674540590985,0.0421336745405907,0.042133674540590416,0.042133674540590124,0.04213367454058984,0.04213367454058956,0.04213367454058925,0.042133674540588965,0.0421336745405887,0.042133674540588424,0.04213367454058818,0.0421336745405879,0.04213367454058765,0.042133674540587425,0.042133674540587154,0.04213367454058688,0.042133674540586634,0.04213367454058636,0.042133674540586065,0.042133674540585836,0.04213367454058511,0.04213367454058498,0.042133674540584705,0.042133674540584476,0.04213367454058422,0.04213367454058396,0.0421336745405837,0.04213367454058345,0.042133674540583206,0.04213367454058296,0.04213367454058272,0.04213367454058248,0.04213367454058222,0.042133674540581985,0.042133674540581735,0.04213367454058149,0.042133674540581256,0.04213367454058102,0.042133674540580784,0.04213367454058054,0.042133674540580306,0.04213367454058007,0.042133674540579834,0.04213367454057962,0.0421336745405794,0.04213367454057916,0.04213367454057893,0.04213367454057872,0.042133674540578474,0.04213367454057826,0.04213367454057802,0.04213367454057781,0.04213367454057759,0.04213367454057737,0.04213367454057717,0.042133674540576954,0.04213367454057675,0.04213367454057654,0.04213367454057632,0.04213367454057612,0.042133674540575906,0.042133674540575705,0.0421336745405755,0.042133674540575275,0.04213367454057508,0.04213367454057487,0.042133674540574664,0.04213367454057447,0.04213367454057425,0.04213367454057407,0.04213367454057387,0.042133674540573665,0.04213367454057347,0.04213367454057328,0.0421336745405731,0.0421336745405729,0.042133674540572694,0.0421336745405725,0.042133674540572305,0.04213367454057211,0.042133674540571944,0.04213367454057178,0.04213367454057156,0.04213367454057138,0.04213367454057122,0.04213367454057102,0.04213367454057085,0.04213367454057066,0.04213367454057049,0.04213367454057031,0.04213367454057013,0.04213367454056997,0.0421336745405698,0.04213367454056961,0.042133674540569446,0.042133674540569294,0.0421336745405691,0.04213367454056893,0.04213367454056877,0.042133674540568634,0.04213367454056845,0.04213367454056829,0.042133674540568135,0.04213367454056797,0.04213367454056783,0.04213367454056768,0.0421336745405675,0.04213367454056735,0.042133674540567184,0.04213367454056704,0.04213367454056689,0.042133674540566726,0.04213367454056659,0.042133674540566414,0.04213367454056627,0.042133674540566116,0.042133674540565984,0.04213367454056584,0.04213367454056569,0.04213367454056555,0.042133674540565394,0.04213367454056525,0.04213367454056511,0.04213367454056497,0.042133674540564825,0.04213367454056468,0.04213367454056455,0.0421336745405644,0.04213367454056425,0.04213367454056413,0.042133674540564,0.04213367454056386,0.04213367454056373,0.042133674540563576,0.04213367454056344,0.042133674540563305,0.04213367454056319,0.04213367454056306,0.042133674540562924,0.042133674540562806,0.04213367454056268,0.042133674540562535,0.042133674540562424,0.04213367454056229,0.04213367454056217,0.042133674540562036,0.0421336745405619,0.04213367454056178,0.04213367454056165,0.04213367454056154,0.0421336745405614,0.042133674540561286,0.04213367454056117,0.042133674540561036,0.042133674540560925,0.04213367454056081,0.0421336745405607,0.04213367454056056,0.042133674540560453,0.04213367454056034,0.04213367454056025,0.042133674540560134,0.042133674540560016,0.042133674540559905,0.0421336745405598,0.0421336745405597,0.04213367454055958,0.04213367454055946,0.042133674540559364,0.04213367454055926,0.04213367454055914,0.042133674540559066,0.04213367454055894,0.042133674540558844,0.04213367454055876,0.042133674540558656,0.042133674540558545,0.042133674540558434,0.042133674540558344,0.04213367454055824,0.04213367454055815,0.042133674540558025,0.042133674540557935,0.04213367454055784,0.04213367454055775,0.04213367454055765,0.04213367454055755,0.042133674540557456,0.042133674540557386,0.04213367454055727,0.04213367454055719,0.042133674540557095,0.04213367454055701,0.0421336745405569,0.042133674540556845,0.042133674540556734,0.042133674540556665,0.04213367454055656,0.04213367454055648,0.0421336745405564,0.04213367454055631,0.04213367454055622,0.042133674540556124,0.04213367454055606,0.042133674540556006,0.04213367454055591,0.04213367454055583,0.04213367454055575,0.04213367454055566,0.042133674540555575,0.04213367454055549,0.04213367454055542,0.04213367454055534,0.04213367454055527,0.04213367454055519,0.04213367454055511,0.04213367454055504,0.04213367454055495,0.0421336745405549,0.042133674540554805,0.04213367454055474,0.04213367454055466,0.042133674540554604,0.04213367454055453,0.042133674540554465,0.04213367454055438,0.042133674540554306,0.042133674540554236,0.04213367454055417,0.0421336745405541,0.04213367454055403,0.04213367454055396,0.04213367454055391,0.04213367454055384,0.04213367454055377,0.042133674540553695,0.04213367454055365,0.04213367454055358,0.042133674540553535,0.04213367454055346,0.0421336745405534,0.042133674540553306,0.042133674540553265,0.042133674540553195,0.04213367454055314,0.04213367454055309,0.04213367454055304,0.042133674540552966,0.04213367454055291,0.042133674540552855,0.0421336745405528,0.04213367454055274,0.04213367454055268,0.04213367454055264,0.04213367454055257,0.04213367454055253,0.04213367454055246,0.04213367454055241,0.04213367454055236,0.0421336745405523,0.04213367454055227,0.04213367454055219,0.042133674540552134,0.04213367454055209,0.04213367454055206,0.042133674540551995,0.04213367454055195,0.04213367454055189,0.04213367454055185,0.042133674540551815,0.04213367454055176,0.042133674540551704,0.04213367454055169,0.04213367454055165,0.042133674540551586,0.04213367454055154,0.0421336745405515,0.04213367454055147,0.04213367454055142,0.04213367454055139,0.04213367454055134,0.042133674540551294,0.04213367454055125,0.04213367454055121,0.04213367454055118,0.04213367454055114,0.042133674540551114,0.04213367454055107,0.04213367454055102,0.04213367454055098,0.04213367454055096,0.04213367454055091,0.042133674540550864,0.042133674540550836,0.04213367454055081,0.042133674540550774,0.04213367454055073,0.04213367454055071,0.04213367454055068,0.04213367454055065,0.042133674540550586,0.042133674540550566,0.04213367454055053,0.04213367454055049,0.04213367454055045,0.04213367454055043,0.04213367454055041,0.042133674540550344,0.042133674540550316,0.0421336745405503,0.04213367454055028,0.04213367454055024,0.042133674540550205,0.042133674540550184,0.04213367454055015,0.04213367454055015,0.04213367454055011,0.042133674540550094,0.04213367454055005,0.042133674540550024,0.04213367454055002,0.042133674540550003,0.04213367454054999,0.04213367454054996,0.04213367454054993,0.042133674540549906,0.042133674540549886,0.04213367454054986,0.04213367454054982,0.042133674540549816,0.0421336745405498,0.042133674540549775,0.04213367454054977,0.042133674540549726,0.042133674540549726,0.04213367454054971,0.042133674540549705,0.04213367454054968,0.04213367454054966,0.04213367454054965,0.042133674540549615,0.0421336745405496,0.04213367454054956,0.04213367454054956,0.04213367454054953,0.04213367454054953,0.04213367454054951,0.04213367454054949,0.042133674540549476,0.04213367454054947,0.04213367454054945,0.04213367454054945,0.04213367454054942,0.042133674540549414,0.042133674540549414,0.04213367454054941,0.04213367454054938,0.04213367454054937,0.042133674540549365,0.042133674540549344,0.042133674540549344,0.04213367454054934,0.04213367454054934,0.04213367454054933,0.04213367454054934,0.042133674540549323,0.04213367454054932,0.042133674540549296,0.0421336745405493,0.04213367454054928,0.042133674540549275,0.04213367454054927,0.04213367454054926,0.04213367454054927,0.04213367454054925,0.042133674540549226,0.04213367454054922,0.042133674540549226,0.04213367454054922,0.042133674540549226,0.04213367454054922,0.04213367454054921,0.04213367454054922,0.042133674540549185,0.042133674540549185,0.04213367454054921,0.0421336745405492,0.04213367454054921,0.042133674540549206,0.042133674540549206,0.04213367454054921,0.042133674540549206,0.04213367454054922,0.04213367454054921,0.04213367454054922,0.04213367454054922,0.04213367454054922,0.042133674540549226,0.04213367454054922,0.04213367454054922,0.04213367454054922,0.04213367454054922,0.04213367454054922,0.042133674540549226,0.042133674540549206,0.04213367454054921,0.042133674540549226,0.04213367454054921,0.04213367454054922,0.042133674540549226,0.04213367454054925,0.04213367454054925,0.042133674540549226,0.042133674540549254,0.04213367454054926,0.04213367454054925,0.042133674540549254,0.04213367454054927,0.04213367454054928,0.042133674540549275,0.042133674540549275,0.0421336745405493,0.042133674540549296,0.04213367454054932,0.04213367454054933,0.04213367454054936,0.04213367454054933,0.04213367454054936,0.042133674540549365,0.04213367454054937,0.04213367454054941,0.04213367454054941,0.04213367454054942,0.04213367454054943,0.04213367454054944,0.042133674540549435,0.04213367454054944,0.042133674540549455,0.042133674540549476,0.04213367454054948,0.042133674540549504,0.04213367454054951,0.042133674540549525,0.04213367454054953,0.04213367454054955,0.042133674540549566,0.04213367454054958,0.04213367454054958,0.042133674540549594,0.04213367454054963,0.04213367454054965,0.042133674540549663,0.04213367454054968,0.042133674540549705,0.04213367454054971,0.04213367454054972,0.04213367454054975,0.04213367454054977,0.04213367454054978,0.042133674540549795,0.042133674540549816,0.04213367454054983,0.042133674540549844,0.04213367454054987,0.04213367454054988,0.0421336745405499,0.04213367454054991,0.042133674540549934,0.042133674540549955,0.04213367454054997,0.04213367454055,0.04213367454055001,0.04213367454055002,0.042133674540550045,0.04213367454055007,0.0421336745405501,0.042133674540550094,0.04213367454055012,0.04213367454055015,0.04213367454055017,0.042133674540550184,0.042133674540550205,0.04213367454055021,0.042133674540550246,0.04213367454055026,0.042133674540550295,0.042133674540550316,0.042133674540550364,0.04213367454055036,0.0421336745405504,0.042133674540550406,0.042133674540550434,0.04213367454055045,0.04213367454055049,0.04213367454055052,0.04213367454055054,0.042133674540550566,0.04213367454055058,0.0421336745405506,0.04213367454055063,0.04213367454055064,0.042133674540550684,0.04213367454055069,0.04213367454055073,0.04213367454055073,0.04213367454055078,0.042133674540550795,0.04213367454055082,0.04213367454055085,0.042133674540550885,0.042133674540550926,0.042133674540550954,0.04213367454055098,0.04213367454055101,0.04213367454055102,0.04213367454055105,0.04213367454055108,0.04213367454055111,0.04213367454055114,0.04213367454055117,0.04213367454055117,0.04213367454055122,0.042133674540551246,0.042133674540551266,0.042133674540551294,0.04213367454055132,0.04213367454055136,0.04213367454055138,0.0421336745405514,0.04213367454055142,0.04213367454055146,0.04213367454055148,0.04213367454055151,0.04213367454055154,0.042133674540551565,0.0421336745405516,0.04213367454055161,0.04213367454055164,0.04213367454055168,0.042133674540551704,0.04213367454055174,0.04213367454055178,0.04213367454055179,0.042133674540551815,0.042133674540551835,0.04213367454055186,0.042133674540551884,0.042133674540551926,0.04213367454055193,0.042133674540551974,0.042133674540552,0.04213367454055204,0.04213367454055212,0.04213367454055215,0.04213367454055218,0.0421336745405522,0.04213367454055223,0.042133674540552266,0.042133674540552286,0.04213367454055235,0.04213367454055237,0.04213367454055239,0.04213367454055242,0.04213367454055246,0.042133674540552495,0.04213367454055252,0.04213367454055256,0.042133674540552585,0.042133674540552626,0.04213367454055267,0.04213367454055269,0.04213367454055272,0.04213367454055277,0.04213367454055282,0.04213367454055283,0.04213367454055287,0.04213367454055291,0.04213367454055294,0.042133674540552994,0.04213367454055302,0.04213367454055306,0.042133674540553105,0.04213367454055316,0.04213367454055319,0.04213367454055321,0.042133674540553244,0.04213367454055328,0.042133674540553334,0.042133674540553355,0.0421336745405534,0.04213367454055344,0.04213367454055349,0.04213367454055352,0.04213367454055354,0.0421336745405536,0.04213367454055363,0.042133674540553674,0.042133674540553695,0.04213367454055374,0.042133674540553764,0.042133674540553806,0.04213367454055384,0.04213367454055388,0.04213367454055392,0.04213367454055398,0.04213367454055404,0.04213367454055409,0.04213367454055411,0.04213367454055414,0.04213367454055418,0.042133674540554236,0.04213367454055427,0.042133674540554326,0.04213367454055437,0.04213367454055439,0.04213367454055446,0.04213367454055447,0.04213367454055452,0.04213367454055455,0.04213367454055462,0.04213367454055466,0.042133674540554694,0.04213367454055471,0.04213367454055476,0.042133674540554805,0.04213367454055485,0.042133674540554895,0.04213367454055494,0.042133674540554986,0.04213367454055503,0.04213367454055506,0.0421336745405551,0.04213367454055513,0.042133674540555194,0.042133674540555235,0.04213367454055526,0.04213367454055532,0.04213367454055535,0.0421336745405554,0.04213367454055544,0.04213367454055549,0.04213367454055554,0.04213367454055558,0.04213367454055562,0.04213367454055566,0.04213367454055568,0.04213367454055575,0.042133674540555804,0.042133674540555825,0.042133674540555874,0.04213367454055591,0.04213367454055597,0.04213367454055601,0.04213367454055606,0.04213367454055608,0.04213367454055616,0.04213367454055619,0.042133674540556235,0.04213367454055627,0.042133674540556325,0.042133674540556366,0.042133674540556415,0.04213367454055645,0.042133674540556505,0.042133674540556554,0.042133674540556595,0.04213367454055662,0.042133674540556686,0.042133674540556734,0.0421336745405568,0.042133674540556824,0.042133674540556866,0.04213367454055692,0.04213367454055696,0.04213367454055704,0.04213367454055707,0.04213367454055712,0.042133674540557164,0.042133674540557234,0.042133674540557255,0.04213367454055732,0.04213367454055736,0.04213367454055741,0.042133674540557456,0.042133674540557504,0.042133674540557525,0.0421336745405576,0.04213367454055765,0.0421336745405577,0.04213367454055775,0.042133674540557796,0.042133674540557844,0.04213367454055789,0.04213367454055794,0.042133674540557976,0.04213367454055804,0.042133674540558094,0.04213367454055814,0.04213367454055819,0.04213367454055822,0.04213367454055827,0.04213367454055833,0.04213367454055837,0.042133674540558434,0.04213367454055847,0.04213367454055853,0.04213367454055858,0.04213367454055862,0.04213367454055868,0.042133674540558726,0.04213367454055877,0.04213367454055881,0.04213367454055887,0.04213367454055893,0.04213367454055899,0.04213367454055902,0.042133674540559066,0.04213367454055911,0.042133674540559184,0.04213367454055921,0.042133674540559246,0.04213367454055929,0.04213367454055934,0.0421336745405594,0.042133674540559454,0.0421336745405595,0.04213367454055955,0.0421336745405596,0.04213367454055965,0.04213367454055971,0.042133674540559767,0.042133674540559794,0.04213367454055986,0.04213367454055992,0.04213367454055996,0.042133674540560016,0.04213367454056008,0.04213367454056013,0.04213367454056016,0.04213367454056021,0.04213367454056027,0.04213367454056031,0.04213367454056036,0.04213367454056044,0.04213367454056047,0.04213367454056052,0.042133674540560585,0.042133674540560634,0.042133674540560696,0.04213367454056074,0.042133674540560793,0.04213367454056087,0.04213367454056092,0.04213367454056099,0.04213367454056102,0.04213367454056108,0.04213367454056113,0.042133674540561175,0.04213367454056123,0.042133674540561286,0.04213367454056134,0.04213367454056139,0.042133674540561446,0.0421336745405615,0.04213367454056156,0.042133674540561605,0.04213367454056165,0.042133674540561716,0.042133674540561765,0.04213367454056181,0.04213367454056186,0.04213367454056191,0.04213367454056198,0.042133674540562015,0.04213367454056207,0.04213367454056213,0.04213367454056218,0.042133674540562244,0.0421336745405623,0.042133674540562334,0.0421336745405624,0.042133674540562466,0.04213367454056252,0.04213367454056255,0.04213367454056261,0.042133674540562695,0.04213367454056272,0.04213367454056277,0.04213367454056285,0.04213367454056289,0.042133674540562945,0.04213367454056301,0.04213367454056308,0.04213367454056311,0.04213367454056317,0.042133674540563236,0.042133674540563285,0.04213367454056333,0.042133674540563375,0.04213367454056344,0.042133674540563486,0.042133674540563534,0.04213367454056359,0.04213367454056367,0.042133674540563715,0.04213367454056377,0.04213367454056382,0.04213367454056388,0.04213367454056392,0.04213367454056397,0.042133674540564034,0.0421336745405641,0.04213367454056415,0.0421336745405642,0.04213367454056426,0.0421336745405643,0.04213367454056434,0.04213367454056441,0.042133674540564464,0.042133674540564534,0.042133674540564575,0.04213367454056463,0.042133674540564686,0.04213367454056474,0.04213367454056479,0.042133674540564846,0.04213367454056491,0.042133674540564964,0.04213367454056502,0.04213367454056509,0.04213367454056513,0.04213367454056518,0.04213367454056526,0.04213367454056532,0.04213367454056539,0.04213367454056543,0.0421336745405655,0.042133674540565554,0.042133674540565616,0.04213367454056567,0.04213367454056573,0.042133674540565776,0.04213367454056584,0.04213367454056589,0.042133674540565956,0.04213367454056601,0.04213367454056607,0.04213367454056613,0.042133674540566185,0.04213367454056624,0.042133674540566296,0.042133674540566345,0.04213367454056639,0.04213367454056645,0.042133674540566525,0.04213367454056657,0.04213367454056664,0.04213367454056669,0.04213367454056674,0.0421336745405668,0.04213367454056685,0.04213367454056691,0.04213367454056697,0.04213367454056703,0.04213367454056709,0.04213367454056715,0.04213367454056717,0.04213367454056724,0.04213367454056731,0.042133674540567365,0.04213367454056741,0.04213367454056746,0.042133674540567524,0.04213367454056758,0.042133674540567656,0.0421336745405677,0.04213367454056773,0.04213367454056783,0.04213367454056785,0.042133674540567934,0.04213367454056799,0.04213367454056806,0.042133674540568114,0.04213367454056816,0.042133674540568225,0.042133674540568294,0.04213367454056834,0.042133674540568405,0.042133674540568454,0.04213367454056852,0.04213367454056858,0.04213367454056863,0.042133674540568704,0.04213367454056876,0.04213367454056884,0.0421336745405689,0.042133674540568954,0.04213367454056901,0.04213367454056906,0.04213367454056912,0.04213367454056921,0.04213367454056924,0.04213367454056931,0.042133674540569356,0.042133674540569425,0.04213367454056948,0.04213367454056956,0.04213367454056962,0.04213367454056965,0.04213367454056973,0.042133674540569786,0.042133674540569835,0.042133674540569925,0.04213367454056998,0.04213367454057006,0.042133674540570105,0.04213367454057016,0.04213367454057021,0.042133674540570265,0.04213367454057034,0.042133674540570376,0.04213367454057044,0.0421336745405705,0.04213367454057053,0.042133674540570605,0.042133674540570674,0.04213367454057072,0.04213367454057078,0.04213367454057085,0.04213367454057089,0.04213367454057098,0.042133674540571035,0.0421336745405711,0.042133674540571146,0.04213367454057121,0.042133674540571264,0.04213367454057135,0.04213367454057138,0.042133674540571465,0.042133674540571514,0.04213367454057157,0.04213367454057163,0.042133674540571694,0.04213367454057178,0.04213367454057181,0.04213367454057183,0.0421336745405719,0.042133674540571965,0.04213367454057202,0.042133674540572076,0.042133674540572166,0.04213367454057222,0.04213367454057227,0.04213367454057235,0.042133674540572395,0.04213367454057248,0.04213367454057252,0.04213367454057259,0.04213367454057265,0.04213367454057272,0.04213367454057278,0.04213367454057283,0.042133674540572895,0.042133674540572964,0.04213367454057303,0.04213367454057306,0.04213367454057313,0.0421336745405732,0.04213367454057326,0.04213367454057333,0.0421336745405734,0.04213367454057346,0.04213367454057353,0.042133674540573596,0.042133674540573644,0.04213367454057371,0.04213367454057377,0.04213367454057381,0.04213367454057389,0.04213367454057395,0.042133674540574,0.042133674540574054,0.04213367454057414,0.04213367454057419,0.04213367454057425,0.04213367454057431,0.042133674540574366,0.042133674540574435,0.04213367454057447,0.04213367454057455,0.042133674540574616,0.04213367454057468,0.04213367454057475,0.04213367454057481,0.04213367454057486,0.042133674540574914,0.042133674540575004,0.042133674540575046,0.04213367454057511,0.04213367454057516,0.04213367454057522,0.0421336745405753,0.042133674540575344,0.0421336745405754,0.04213367454057546,0.04213367454057554,0.042133674540575615,0.04213367454057566,0.04213367454057572,0.04213367454057578,0.04213367454057585,0.042133674540575906,0.04213367454057597,0.04213367454057605,0.042133674540576094,0.04213367454057617,0.042133674540576205,0.04213367454057629,0.04213367454057635,0.042133674540576406,0.04213367454057647,0.04213367454057653,0.0421336745405766,0.04213367454057667,0.04213367454057671,0.042133674540576774,0.04213367454057684,0.042133674540576906,0.04213367454057696,0.04213367454057704,0.042133674540577086,0.04213367454057715,0.042133674540577204,0.04213367454057728,0.04213367454057733,0.0421336745405774,0.04213367454057744,0.042133674540577495,0.042133674540577565,0.042133674540577634,0.04213367454057769,0.04213367454057776,0.042133674540577794,0.04213367454057786,0.04213367454057793,0.042133674540578016,0.04213367454057807,0.042133674540578134,0.04213367454057817,0.042133674540578245,0.04213367454057831,0.04213367454057836,0.04213367454057844,0.0421336745405785,0.04213367454057856,0.0421336745405786,0.04213367454057866,0.042133674540578744,0.04213367454057879,0.04213367454057886,0.04213367454057891,0.04213367454057899,0.04213367454057905,0.04213367454057912,0.04213367454057917,0.04213367454057925,0.04213367454057931,0.04213367454057937,0.042133674540579445,0.04213367454057953,0.042133674540579584,0.04213367454057963,0.04213367454057971,0.0421336745405798,0.042133674540579855,0.042133674540579924,0.04213367454057998,0.04213367454058007,0.042133674540580146,0.042133674540580215,0.042133674540580264,0.04213367454058033,0.042133674540580396,0.042133674540580444,0.042133674540580514,0.04213367454058057,0.04213367454058066,0.04213367454058072,0.04213367454058078,0.04213367454058084,0.042133674540580916,0.04213367454058098,0.042133674540581034,0.04213367454058112,0.04213367454058118,0.04213367454058123,0.0421336745405813,0.04213367454058136,0.04213367454058142,0.04213367454058149,0.042133674540581555,0.042133674540581624,0.0421336745405817,0.04213367454058176,0.04213367454058183,0.04213367454058189,0.04213367454058194,0.042133674540582006,0.042133674540582054,0.04213367454058215,0.04213367454058221,0.042133674540582255,0.04213367454058232,0.04213367454058238,0.04213367454058245,0.04213367454058252,0.04213367454058259,0.04213367454058266,0.04213367454058271,0.042133674540582776,0.04213367454058285,0.042133674540582915,0.04213367454058298,0.04213367454058303,0.042133674540583116,0.0421336745405832,0.042133674540583255,0.042133674540583324,0.04213367454058339,0.04213367454058345,0.04213367454058351,0.04213367454058358,0.042133674540583636,0.04213367454058371,0.042133674540583775,0.04213367454058383,0.0421336745405839,0.042133674540583976,0.04213367454058402,0.04213367454058409,0.04213367454058416,0.042133674540584226,0.042133674540584296,0.04213367454058435,0.042133674540584413,0.0421336745405845,0.042133674540584545,0.04213367454058463,0.04213367454058468,0.042133674540584753,0.0421336745405848,0.04213367454058486,0.04213367454058494,0.042133674540584996,0.04213367454058506,0.042133674540585114,0.04213367454058519,0.04213367454058525,0.04213367454058533,0.042133674540585385,0.04213367454058544,0.04213367454058552,0.04213367454058558,0.04213367454058566,0.04213367454058573,0.04213367454058581,0.04213367454058588,0.042133674540585954,0.042133674540585975,0.042133674540586065,0.042133674540586134,0.042133674540586176,0.042133674540586245,0.04213367454058631,0.04213367454058637,0.04213367454058643,0.04213367454058649,0.042133674540586544,0.04213367454058664,0.04213367454058671,0.04213367454058678,0.04213367454058683,0.04213367454058689,0.042133674540586946,0.04213367454058701,0.0421336745405871,0.04213367454058715,0.04213367454058721,0.04213367454058728,0.042133674540587335,0.04213367454058739,0.04213367454058744,0.042133674540587515,0.04213367454058757,0.042133674540587654,0.04213367454058771,0.04213367454058777,0.042133674540587855,0.04213367454058791,0.04213367454058799,0.04213367454058804,0.042133674540588105,0.04213367454058819,0.042133674540588244,0.04213367454058832,0.042133674540588376,0.042133674540588445,0.042133674540588514,0.04213367454058857,0.04213367454058864,0.04213367454058871,0.042133674540588764,0.04213367454058883,0.042133674540588896,0.04213367454058896,0.04213367454058903,0.04213367454058908,0.042133674540589104,0.04213367454058918,0.04213367454058926,0.04213367454058932,0.042133674540589396,0.042133674540589465,0.042133674540589534,0.042133674540589604,0.042133674540589666,0.042133674540589736,0.04213367454058979,0.04213367454058986,0.04213367454058994,0.042133674540590006,0.04213367454059004,0.042133674540590124,0.04213367454059019,0.042133674540590256,0.042133674540590325,0.04213367454059039,0.04213367454059046,0.04213367454059051,0.04213367454059059,0.04213367454059066,0.042133674540590735,0.0421336745405908,0.04213367454059087,0.04213367454059092,0.04213367454059098,0.04213367454059104,0.04213367454059111,0.042133674540591186,0.04213367454059124,0.0421336745405913,0.04213367454059136,0.042133674540591415,0.04213367454059148,0.04213367454059153,0.042133674540591595,0.04213367454059166,0.04213367454059173,0.04213367454059179,0.04213367454059187,0.04213367454059192,0.04213367454059198,0.042133674540592046,0.04213367454059211,0.04213367454059218,0.042133674540592234,0.04213367454059231,0.042133674540592365,0.04213367454059243,0.04213367454059252,0.042133674540592594,0.04213367454059262,0.04213367454059272,0.04213367454059278,0.04213367454059286,0.04213367454059289,0.04213367454059306,0.04213367454059315,0.04213367454059322,0.042133674540593295,0.04213367454059335,0.0421336745405934,0.042133674540593476,0.04213367454059353,0.04213367454059361,0.04213367454059368,0.042133674540593746,0.0421336745405938,0.04213367454059387,0.04213367454059393,0.042133674540594,0.04213367454059409,0.04213367454059416,0.04213367454059424,0.042133674540594294,0.04213367454059434,0.04213367454059441,0.04213367454059448,0.04213367454059455,0.04213367454059461,0.04213367454059469,0.04213367454059476,0.042133674540594794,0.042133674540594884,0.04213367454059497,0.04213367454059502,0.042133674540595085,0.04213367454059516,0.04213367454059523,0.04213367454059529,0.04213367454059534,0.04213367454059542,0.04213367454059548,0.04213367454059555,0.042133674540595606,0.04213367454059568,0.042133674540595745,0.042133674540595814,0.04213367454059588,0.042133674540595946,0.04213367454059601,0.042133674540596064,0.04213367454059614,0.042133674540596196,0.042133674540596286,0.042133674540596334,0.042133674540596425,0.04213367454059648,0.04213367454059655,0.0421336745405966,0.04213367454059667,0.04213367454059673,0.042133674540596806,0.04213367454059687,0.04213367454059693,0.042133674540597015,0.04213367454059707,0.04213367454059712,0.042133674540597174,0.042133674540597243,0.04213367454059732,0.04213367454059738,0.042133674540597445,0.04213367454059749,0.04213367454059757,0.04213367454059764,0.0421336745405977,0.04213367454059776,0.042133674540597826,0.04213367454059789,0.04213367454059795,0.04213367454059803,0.04213367454059808,0.04213367454059816,0.042133674540598236,0.04213367454059829,0.04213367454059836,0.04213367454059842,0.04213367454059848,0.042133674540598534,0.04213367454059862,0.04213367454059867,0.04213367454059872,0.04213367454059881,0.042133674540598874,0.04213367454059894,0.042133674540599,0.04213367454059905,0.042133674540599124,0.04213367454059919,0.04213367454059925,0.04213367454059933,0.04213367454059938,0.04213367454059945,0.042133674540599506,0.04213367454059959,0.04213367454059964,0.04213367454059972,0.04213367454059978,0.04213367454059984,0.04213367454059993,0.04213367454059998,0.04213367454060005,0.04213367454060011,0.04213367454060028,0.042133674540600324,0.042133674540600394,0.042133674540600456,0.04213367454060051,0.04213367454060056,0.042133674540600644,0.0421336745406007,0.04213367454060077,0.042133674540600845,0.04213367454060089,0.04213367454060098,0.04213367454060103,0.04213367454060111,0.04213367454060114,0.04213367454060125,0.042133674540601296,0.04213367454060137,0.04213367454060142,0.04213367454060149,0.04213367454060156,0.04213367454060161,0.042133674540601684,0.042133674540601754,0.042133674540601816,0.04213367454060187,0.04213367454060197,0.04213367454060202,0.04213367454060208,0.042133674540602135,0.04213367454060221,0.042133674540602295,0.042133674540602344,0.0421336745406024,0.04213367454060246,0.04213367454060253,0.0421336745406026,0.04213367454060267,0.04213367454060273,0.042133674540602795,0.04213367454060287,0.04213367454060293,0.042133674540602996,0.042133674540603065,0.04213367454060313,0.0421336745406032,0.042133674540603266,0.042133674540603336,0.0421336745406034,0.04213367454060346,0.04213367454060353,0.0421336745406036,0.04213367454060366,0.042133674540603724,0.04213367454060379,0.04213367454060385,0.042133674540603905,0.04213367454060396,0.04213367454060404,0.0421336745406041,0.04213367454060418,0.04213367454060425,0.042133674540604314,0.042133674540604384,0.042133674540604446,0.04213367454060451,0.042133674540604585,0.04213367454060465,0.042133674540604724,0.04213367454060478,0.04213367454060484,0.042133674540604904,0.04213367454060499,0.04213367454060505,0.04213367454060511,0.042133674540605175,0.04213367454060525,0.04213367454060532,0.042133674540605376,0.04213367454060542,0.042133674540605494,0.042133674540605556,0.042133674540605626,0.042133674540605716,0.042133674540605764,0.04213367454060583,0.0421336745406059,0.04213367454060597,0.04213367454060603,0.0421336745406061,0.04213367454060615,0.04213367454060623,0.04213367454060628,0.04213367454060635,0.042133674540606424,0.04213367454060648,0.04213367454060652,0.042133674540606604,0.04213367454060665,0.04213367454060672,0.04213367454060679,0.04213367454060687,0.04213367454060691,0.042133674540606986,0.042133674540607055,0.042133674540607104,0.04213367454060718,0.042133674540607235,0.042133674540607305,0.04213367454060738,0.04213367454060744,0.0421336745406075,0.04213367454060756,0.04213367454060762,0.0421336745406077,0.04213367454060778,0.04213367454060784,0.04213367454060792,0.04213367454060797,0.04213367454060805,0.0421336745406081,0.04213367454060817,0.04213367454060823,0.04213367454060828,0.04213367454060835,0.04213367454060844,0.042133674540608484,0.042133674540608554,0.04213367454060864,0.04213367454060867,0.04213367454060875,0.04213367454060884,0.04213367454060889,0.04213367454060898,0.04213367454060902,0.04213367454060908,0.042133674540609144,0.04213367454060922,0.042133674540609276,0.042133674540609324,0.04213367454060943,0.042133674540609636,0.04213367454060965,0.04213367454060971,0.042133674540609775,0.04213367454060986,0.042133674540609914,0.04213367454060997,0.042133674540610046,0.042133674540610115,0.04213367454061017,0.042133674540610254,0.042133674540610316,0.042133674540610365,0.042133674540610434,0.04213367454061049,0.04213367454061056,0.04213367454061061,0.04213367454061068,0.04213367454061075,0.0421336745406108,0.04213367454061087,0.04213367454061095,0.04213367454061102,0.04213367454061109,0.04213367454061116,0.04213367454061122,0.04213367454061126,0.042133674540611336,0.04213367454061142,0.04213367454061149,0.04213367454061153,0.042133674540611614,0.04213367454061169,0.042133674540611746,0.042133674540611815,0.042133674540611885,0.04213367454061195,0.042133674540612016,0.04213367454061208,0.04213367454061215,0.04213367454061223,0.04213367454061227,0.04213367454061235,0.04213367454061239,0.042133674540612474,0.04213367454061255,0.04213367454061261,0.04213367454061268,0.042133674540612745,0.0421336745406128,0.04213367454061286,0.042133674540612925,0.042133674540612995,0.04213367454061307,0.04213367454061313,0.042133674540613196,0.04213367454061328,0.04213367454061333,0.04213367454061339,0.04213367454061346,0.04213367454061353,0.04213367454061359,0.04213367454061366,0.04213367454061372,0.04213367454061379,0.04213367454061387,0.042133674540613925,0.042133674540614,0.04213367454061404,0.04213367454061412,0.04213367454061417,0.04213367454061424,0.042133674540614306,0.04213367454061437,0.04213367454061443,0.04213367454061451,0.04213367454061455,0.04213367454061466,0.042133674540614695,0.042133674540614764,0.042133674540614834,0.042133674540614896,0.04213367454061496,0.04213367454061503,0.042133674540615104,0.042133674540615174,0.04213367454061523,0.04213367454061529,0.042133674540615375,0.04213367454061544,0.04213367454061549,0.04213367454061556,0.042133674540615625,0.042133674540615694,0.04213367454061576,0.042133674540615854,0.042133674540615916,0.042133674540615965,0.042133674540616034,0.0421336745406161,0.042133674540616166,0.042133674540616214,0.04213367454061629,0.04213367454061636,0.042133674540616416,0.04213367454061649,0.04213367454061656,0.042133674540616624,0.04213367454061671,0.04213367454061675,0.042133674540616825,0.042133674540616894,0.04213367454061695,0.04213367454061702,0.04213367454061709,0.042133674540617144,0.04213367454061723,0.042133674540617276,0.042133674540617345,0.042133674540617415,0.04213367454061748,0.04213367454061756,0.0421336745406176,0.04213367454061767,0.042133674540617755,0.04213367454061781,0.04213367454061788,0.042133674540617956,0.042133674540618005,0.04213367454061807,0.04213367454061815,0.04213367454061823,0.04213367454061829,0.04213367454061836,0.04213367454061841,0.04213367454061848,0.042133674540618546,0.042133674540618615,0.04213367454061869,0.04213367454061874,0.042133674540618817,0.04213367454061887,0.04213367454061892,0.042133674540619,0.042133674540619066,0.04213367454061913,0.042133674540619205,0.04213367454061927,0.04213367454061935,0.042133674540619406,0.04213367454061946,0.04213367454061953,0.042133674540619594,0.04213367454061966,0.04213367454061972,0.04213367454061979,0.04213367454061986,0.04213367454061994,0.042133674540619996,0.042133674540620066,0.04213367454062013,0.042133674540620204,0.04213367454062024,0.04213367454062032,0.04213367454062039,0.04213367454062044,0.04213367454062051,0.04213367454062057,0.042133674540620655,0.04213367454062071,0.04213367454062077,0.04213367454062086,0.042133674540620905,0.042133674540620975,0.042133674540621044,0.04213367454062111,0.042133674540621155,0.042133674540621245,0.042133674540621315,0.0421336745406214,0.04213367454062147,0.04213367454062153,0.042133674540621585,0.042133674540621655,0.04213367454062171,0.04213367454062179,0.04213367454062184,0.042133674540621925,0.042133674540621995,0.04213367454062205,0.04213367454062211,0.04213367454062218,0.04213367454062223,0.04213367454062229,0.04213367454062237,0.04213367454062243,0.0421336745406225,0.042133674540622564,0.04213367454062261,0.042133674540622675,0.042133674540622744,0.04213367454062281,0.04213367454062289,0.04213367454062295,0.04213367454062303,0.04213367454062309,0.04213367454062313,0.042133674540623195,0.04213367454062328,0.042133674540623355,0.04213367454062342,0.04213367454062348,0.042133674540623535,0.04213367454062362,0.04213367454062367,0.04213367454062374,0.04213367454062382,0.04213367454062387,0.04213367454062394,0.042133674540623986,0.04213367454062407,0.04213367454062414,0.042133674540624194,0.04213367454062428,0.042133674540624326,0.042133674540624395,0.04213367454062447,0.042133674540624534,0.0421336745406246,0.042133674540624666,0.04213367454062474,0.0421336745406248,0.042133674540624846,0.04213367454062494,0.042133674540624985,0.04213367454062505,0.04213367454062512,0.04213367454062517,0.042133674540625235,0.04213367454062533,0.04213367454062538,0.04213367454062544,0.042133674540625506,0.042133674540625575,0.04213367454062564,0.04213367454062571,0.04213367454062577,0.04213367454062583,0.0421336745406259,0.042133674540625964,0.04213367454062602,0.04213367454062608,0.042133674540626144,0.04213367454062622,0.0421336745406263,0.04213367454062635,0.0421336745406264,0.04213367454062647,0.04213367454062654,0.0421336745406266,0.04213367454062665,0.042133674540626734,0.04213367454062681,0.042133674540626886,0.04213367454062695,0.04213367454062701,0.04213367454062708,0.042133674540627164,0.04213367454062721,0.042133674540627275,0.04213367454062735,0.04213367454062741,0.04213367454062749,0.04213367454062754,0.04213367454062762,0.04213367454062767,0.042133674540627754,0.042133674540627816,0.04213367454062788,0.042133674540627934,0.042133674540628024,0.04213367454062809,0.04213367454062814,0.042133674540628205,0.042133674540628274,0.04213367454062833,0.042133674540628385,0.04213367454062846,0.042133674540628524,0.04213367454062859,0.042133674540628656,0.04213367454062873,0.04213367454062879,0.042133674540628864,0.04213367454062893,0.042133674540629,0.04213367454062905,0.04213367454062912,0.042133674540629204,0.042133674540629266,0.04213367454062933,0.042133674540629405,0.04213367454062947,0.04213367454062954,0.04213367454062959,0.04213367454062966,0.04213367454062973,0.0421336745406298,0.042133674540629884,0.04213367454062994,0.04213367454063001,0.04213367454063008,0.04213367454063014,0.04213367454063022,0.04213367454063027,0.04213367454063034,0.04213367454063038,0.04213367454063045,0.04213367454063053,0.04213367454063057,0.04213367454063064,0.04213367454063072,0.04213367454063079,0.042133674540630855,0.04213367454063094,0.042133674540630994,0.04213367454063105,0.04213367454063113,0.042133674540631195,0.04213367454063127,0.042133674540631334,0.04213367454063142,0.04213367454063148,0.04213367454063155,0.042133674540631605,0.04213367454063168,0.04213367454063172,0.04213367454063182,0.042133674540631876,0.04213367454063193,0.042133674540632,0.04213367454063207,0.042133674540632125,0.0421336745406322,0.04213367454063227,0.042133674540632333,0.042133674540632396,0.04213367454063246,0.04213367454063253,0.0421336745406326,0.04213367454063267,0.04213367454063273,0.04213367454063279,0.042133674540632875,0.04213367454063292,0.04213367454063299,0.04213367454063305,0.04213367454063313,0.042133674540633194,0.042133674540633256,0.042133674540633326,0.04213367454063339,0.04213367454063343,0.042133674540633506,0.04213367454063357,0.042133674540633624,0.042133674540633714,0.04213367454063377,0.042133674540633846,0.04213367454063389,0.042133674540633985,0.04213367454063402,0.042133674540634096,0.04213367454063416,0.042133674540634235,0.04213367454063429,0.042133674540634374,0.04213367454063444,0.0421336745406345,0.04213367454063458,0.04213367454063463,0.0421336745406347,0.04213367454063478,0.042133674540634845,0.0421336745406349,0.04213367454063497,0.04213367454063506,0.04213367454063513,0.04213367454063518,0.04213367454063526,0.042133674540635296,0.04213367454063538,0.04213367454063544,0.04213367454063551,0.042133674540635574,0.04213367454063565,0.0421336745406357,0.04213367454063578,0.04213367454063583,0.042133674540635914,0.04213367454063596,0.04213367454063603,0.0421336745406361,0.042133674540636164,0.04213367454063623,0.042133674540636296,0.04213367454063637,0.042133674540636434,0.0421336745406365,0.04213367454063657,0.04213367454063663,0.042133674540636684,0.042133674540636754,0.042133674540636816,0.04213367454063689,0.04213367454063696,0.042133674540637,0.042133674540637094,0.04213367454063714,0.042133674540637225,0.04213367454063728,0.042133674540637336,0.04213367454063743,0.042133674540637496,0.04213367454063755,0.04213367454063763,0.04213367454063768,0.04213367454063774,0.04213367454063782,0.04213367454063789,0.042133674540637954,0.042133674540638044,0.042133674540638086,0.042133674540638155,0.04213367454063822,0.04213367454063827,0.042133674540638336,0.042133674540638405,0.042133674540638474,0.04213367454063853,0.042133674540638606,0.042133674540638676,0.04213367454063873,0.0421336745406388,0.04213367454063887,0.042133674540638946,0.042133674540638974,0.04213367454063906,0.0421336745406391,0.04213367454063917,0.042133674540639245,0.0421336745406393,0.04213367454063939,0.04213367454063947,0.04213367454063951,0.04213367454063958,0.04213367454063963,0.04213367454063971,0.04213367454063976,0.04213367454063983,0.042133674540639904,0.04213367454063997,0.042133674540640036,0.042133674540640084,0.04213367454064015,0.042133674540640216,0.042133674540640306,0.04213367454064036,0.042133674540640424,0.0421336745406405,0.04213367454064056,0.04213367454064063,0.04213367454064069,0.04213367454064077,0.04213367454064084,0.0421336745406409,0.04213367454064096,0.04213367454064102,0.04213367454064109,0.04213367454064117,0.042133674540641236,0.042133674540641285,0.04213367454064136,0.04213367454064145,0.0421336745406415,0.04213367454064156,0.04213367454064161,0.04213367454064167,0.04213367454064175,0.04213367454064181,0.042133674540641874,0.04213367454064195,0.04213367454064199,0.042133674540642055,0.042133674540642124,0.0421336745406422,0.042133674540642256,0.04213367454064233,0.042133674540642395,0.042133674540642464,0.04213367454064252,0.04213367454064259,0.042133674540642665,0.04213367454064273,0.04213367454064278,0.04213367454064283,0.042133674540642915,0.04213367454064298,0.04213367454064306,0.042133674540643117,0.042133674540643186,0.042133674540643255,0.042133674540643325,0.04213367454064337,0.042133674540643457,0.04213367454064351,0.042133674540643574,0.04213367454064365,0.042133674540643734,0.042133674540643797,0.04213367454064386,0.04213367454064392,0.042133674540644,0.04213367454064405,0.04213367454064412,0.042133674540644185,0.04213367454064427,0.04213367454064433,0.04213367454064438,0.04213367454064446,0.042133674540644504,0.04213367454064459,0.042133674540644664,0.04213367454064472,0.042133674540644796,0.042133674540644865,0.04213367454064492,0.042133674540645,0.042133674540645066,0.04213367454064514,0.042133674540645184,0.04213367454064528,0.04213367454064533,0.042133674540645406,0.042133674540645476,0.04213367454064553,0.04213367454064561,0.04213367454064566,0.04213367454064573,0.04213367454064578,0.04213367454064586,0.04213367454064592,0.04213367454064598,0.042133674540646045,0.04213367454064612,0.042133674540646184,0.04213367454064625,0.042133674540646315,0.042133674540646364,0.042133674540646454,0.04213367454064654,0.04213367454064659,0.04213367454064666,0.04213367454064672,0.04213367454064679,0.042133674540646864,0.04213367454064691,0.04213367454064698,0.042133674540647044,0.04213367454064713,0.0421336745406472,0.04213367454064726,0.04213367454064733,0.042133674540647384,0.04213367454064745,0.04213367454064754,0.04213367454064761,0.042133674540647675,0.04213367454064771,0.04213367454064782,0.042133674540647856,0.04213367454064792,0.042133674540648015,0.042133674540648064,0.04213367454064813,0.042133674540648196,0.04213367454064827,0.042133674540648335,0.0421336745406484,0.04213367454064846,0.04213367454064853,0.04213367454064859,0.04213367454064866,0.04213367454064873,0.042133674540648786,0.042133674540648855,0.04213367454064891,0.04213367454064897,0.04213367454064904,0.04213367454064912,0.04213367454064919,0.042133674540649244,0.042133674540649306,0.042133674540649375,0.04213367454064945,0.0421336745406495,0.04213367454064957,0.042133674540649625,0.04213367454064971,0.04213367454064976,0.042133674540649826,0.042133674540649896,0.04213367454064999,0.04213367454065004,0.04213367454065011,0.04213367454065015,0.04213367454065022,0.0421336745406503,0.04213367454065034,0.04213367454065042,0.04213367454065049,0.04213367454065056,0.042133674540650624,0.0421336745406507,0.04213367454065076,0.04213367454065081,0.04213367454065087,0.042133674540650964,0.042133674540651,0.042133674540651096,0.04213367454065116,0.04213367454065121,0.042133674540651346,0.04213367454065138,0.04213367454065144,0.04213367454065151,0.04213367454065158,0.042133674540651644,0.04213367454065171,0.04213367454065178,0.04213367454065184,0.0421336745406519,0.04213367454065198,0.04213367454065205,0.042133674540652116,0.04213367454065219,0.04213367454065226,0.04213367454065232,0.04213367454065238,0.042133674540652435,0.04213367454065251,0.04213367454065257,0.04213367454065265,0.0421336745406527,0.04213367454065278,0.04213367454065284,0.0421336745406529,0.04213367454065297,0.042133674540653025,0.0421336745406531,0.042133674540653164,0.04213367454065323,0.04213367454065327,0.042133674540653324,0.042133674540653386,0.04213367454065346,0.042133674540653525,0.04213367454065359,0.04213367454065366,0.04213367454065373,0.04213367454065382,0.042133674540653865,0.04213367454065394,0.042133674540654,0.042133674540654066,0.042133674540654135,0.042133674540654205,0.04213367454065427,0.04213367454065435,0.042133674540654406,0.04213367454065447,0.042133674540654545,0.04213367454065461,0.04213367454065468,0.042133674540654746,0.0421336745406548,0.04213367454065486,0.04213367454065493,0.04213367454065499,0.042133674540655044,0.04213367454065513,0.04213367454065518,0.04213367454065524,0.04213367454065531,0.04213367454065538,0.04213367454065543,0.04213367454065551,0.04213367454065558,0.04213367454065562,0.042133674540655704,0.04213367454065577,0.04213367454065582,0.04213367454065591,0.04213367454065597,0.04213367454065604,0.04213367454065609,0.04213367454065615,0.04213367454065623,0.0421336745406563,0.04213367454065636,0.042133674540656425,0.04213367454065649,0.04213367454065656,0.042133674540656633,0.042133674540656696,0.04213367454065677,0.04213367454065683,0.04213367454065688,0.04213367454065695,0.04213367454065708,0.042133674540657126,0.042133674540657196,0.04213367454065725,0.04213367454065732,0.04213367454065736,0.042133674540657425,0.042133674540657515,0.042133674540657584,0.04213367454065765,0.042133674540657695,0.04213367454065775,0.042133674540657834,0.04213367454065792,0.04213367454065799,0.042133674540658035,0.04213367454065811,0.04213367454065818,0.04213367454065824,0.04213367454065831,0.042133674540658375,0.042133674540658465,0.04213367454065851,0.0421336745406586,0.04213367454065866,0.04213367454065872,0.04213367454065878,0.04213367454065885,0.04213367454065891,0.04213367454065897,0.04213367454065904,0.042133674540659104,0.042133674540659194,0.04213367454065925,0.042133674540659305,0.04213367454065937,0.04213367454065943,0.042133674540659506,0.04213367454065956,0.04213367454065963,0.04213367454065968,0.04213367454065975,0.04213367454065982,0.042133674540659874,0.04213367454065995,0.04213367454066002,0.042133674540660075,0.04213367454066015,0.042133674540660214,0.04213367454066026,0.042133674540660325,0.04213367454066038,0.04213367454066046,0.04213367454066051,0.0421336745406606,0.042133674540660665,0.042133674540660734,0.04213367454066077,0.042133674540660845,0.04213367454066092,0.042133674540661,0.04213367454066106,0.04213367454066112,0.04213367454066119,0.042133674540661234,0.0421336745406613,0.04213367454066138,0.04213367454066144,0.04213367454066151,0.0421336745406616,0.04213367454066165,0.04213367454066171,0.04213367454066178,0.04213367454066184,0.04213367454066191,0.04213367454066197,0.04213367454066204,0.04213367454066209,0.04213367454066217,0.04213367454066224,0.04213367454066231,0.04213367454066238,0.04213367454066244,0.0421336745406625,0.042133674540662566,0.04213367454066264,0.04213367454066269,0.04213367454066277,0.04213367454066283,0.04213367454066291,0.04213367454066299,0.04213367454066305,0.04213367454066309,0.04213367454066318,0.04213367454066323,0.042133674540663295,0.042133674540663364,0.04213367454066344,0.0421336745406635,0.04213367454066356,0.04213367454066362,0.04213367454066368,0.042133674540663746,0.042133674540663815,0.042133674540663885,0.04213367454066395,0.04213367454066401,0.04213367454066407,0.042133674540664155,0.0421336745406642,0.04213367454066427,0.04213367454066435,0.04213367454066442,0.042133674540664474,0.042133674540664544,0.04213367454066461,0.04213367454066468,0.04213367454066474,0.042133674540664794,0.04213367454066486,0.04213367454066494,0.04213367454066501,0.04213367454066507,0.042133674540665134,0.04213367454066521,0.04213367454066527,0.04213367454066533,0.0421336745406654,0.04213367454066547,0.04213367454066552,0.04213367454066559,0.04213367454066564,0.04213367454066571,0.042133674540665765,0.042133674540665834,0.0421336745406659,0.04213367454066596,0.04213367454066603,0.04213367454066609,0.04213367454066616,0.04213367454066621,0.04213367454066629,0.04213367454066634,0.04213367454066641,0.04213367454066646,0.042133674540666556,0.04213367454066659,0.042133674540666674,0.04213367454066672,0.042133674540666785,0.04213367454066687,0.04213367454066692,0.04213367454066699,0.04213367454066705,0.04213367454066711,0.042133674540667174,0.042133674540667236,0.042133674540667305,0.042133674540667375,0.04213367454066744,0.0421336745406675,0.04213367454066757,0.04213367454066764,0.04213367454066771,0.04213367454066777,0.04213367454066783,0.042133674540667895,0.04213367454066798,0.04213367454066804,0.0421336745406681,0.042133674540668166,0.042133674540668235,0.0421336745406683,0.042133674540668374,0.04213367454066842,0.04213367454066853,0.042133674540668575,0.042133674540668645,0.04213367454066871,0.04213367454066878,0.042133674540668825,0.0421336745406689,0.04213367454066896,0.042133674540669026,0.0421336745406691,0.04213367454066915,0.04213367454066924,0.042133674540669304,0.042133674540669366,0.042133674540669436,0.0421336745406695,0.04213367454066957,0.04213367454066962,0.042133674540669706,0.042133674540669755,0.042133674540669824,0.042133674540669894,0.042133674540669956,0.04213367454067002,0.04213367454067009,0.04213367454067016,0.04213367454067022,0.042133674540670275,0.04213367454067036,0.04213367454067041,0.0421336745406705,0.042133674540670546,0.042133674540670615,0.04213367454067066,0.04213367454067072,0.0421336745406708,0.04213367454067087,0.04213367454067094,0.04213367454067101,0.042133674540671094,0.04213367454067115,0.04213367454067119,0.042133674540671275,0.04213367454067133,0.042133674540671386,0.04213367454067146,0.042133674540671524,0.04213367454067158,0.042133674540671656,0.042133674540671726,0.04213367454067177,0.042133674540671864,0.04213367454067192,0.04213367454067199,0.04213367454067205,0.04213367454067211,0.04213367454067217,0.04213367454067223,0.04213367454067229,0.042133674540672364,0.04213367454067244,0.04213367454067249,0.04213367454067256,0.04213367454067263,0.0421336745406727,0.042133674540672766,0.04213367454067282,0.0421336745406729,0.04213367454067298,0.042133674540673044,0.04213367454067309,0.04213367454067316,0.04213367454067323,0.0421336745406733,0.042133674540673356,0.042133674540673426,0.0421336745406735,0.04213367454067355,0.04213367454067362,0.04213367454067369,0.042133674540673745,0.04213367454067381,0.04213367454067386,0.042133674540673946,0.042133674540673995,0.04213367454067407,0.04213367454067413,0.042133674540674196,0.042133674540674265,0.042133674540674335,0.04213367454067438,0.042133674540674446,0.04213367454067451,0.04213367454067458,0.042133674540674654,0.04213367454067472,0.042133674540674786,0.042133674540674855,0.04213367454067492,0.04213367454067497,0.04213367454067507,0.042133674540675126,0.042133674540675195,0.042133674540675264,0.04213367454067532,0.04213367454067537,0.042133674540675466,0.042133674540675514,0.042133674540675584,0.042133674540675646,0.0421336745406757,0.042133674540675785,0.04213367454067585,0.04213367454067591,0.042133674540675965,0.04213367454067605,0.04213367454067612,0.04213367454067618,0.04213367454067625,0.042133674540676305,0.042133674540676375,0.042133674540676444,0.042133674540676506,0.042133674540676576,0.04213367454067664,0.042133674540676694,0.04213367454067678,0.04213367454067683,0.042133674540676895,0.04213367454067695,0.042133674540677034,0.04213367454067708,0.04213367454067716,0.04213367454067722,0.042133674540677284,0.04213367454067735,0.042133674540677415,0.04213367454067748,0.042133674540677554,0.042133674540677624,0.04213367454067768,0.042133674540677755,0.042133674540677804,0.04213367454067788,0.04213367454067795,0.042133674540678,0.04213367454067806,0.04213367454067813,0.042133674540678206,0.042133674540678276,0.04213367454067834,0.0421336745406784,0.04213367454067846,0.04213367454067853,0.04213367454067861,0.04213367454067865,0.042133674540678734,0.04213367454067879,0.04213367454067887,0.04213367454067892,0.04213367454067899,0.042133674540679046,0.04213367454067912,0.042133674540679185,0.04213367454067926,0.04213367454067933,0.042133674540679386,0.042133674540679456,0.04213367454067951,0.04213367454067959,0.042133674540679636,0.04213367454067971,0.042133674540679775,0.042133674540679844,0.042133674540679907,0.04213367454067997,0.04213367454068003,0.0421336745406801,0.04213367454068017,0.04213367454068021,0.04213367454068029,0.04213367454068035,0.04213367454068041,0.04213367454068047,0.04213367454068053,0.042133674540680593,0.04213367454068067,0.042133674540680746,0.0421336745406808,0.04213367454068087,0.042133674540680933,0.04213367454068101,0.04213367454068107,0.04213367454068114,0.0421336745406812,0.04213367454068127,0.04213367454068132,0.042133674540681385,0.04213367454068145,0.04213367454068151,0.0421336745406816,0.04213367454068165,0.04213367454068174,0.042133674540681794,0.042133674540681856,0.04213367454068191,0.04213367454068199,0.042133674540682044,0.04213367454068211,0.04213367454068218,0.042133674540682224,0.04213367454068231,0.04213367454068238,0.04213367454068244,0.042133674540682495,0.04213367454068257,0.04213367454068262,0.04213367454068271,0.04213367454068276,0.04213367454068283,0.042133674540682904,0.042133674540682974,0.04213367454068303,0.0421336745406831,0.04213367454068317,0.04213367454068324,0.04213367454068329,0.042133674540683355,0.04213367454068344,0.04213367454068351,0.04213367454068356,0.042133674540683626,0.04213367454068368,0.04213367454068374,0.04213367454068383,0.04213367454068388,0.042133674540683945,0.042133674540684014,0.04213367454068406,0.04213367454068413,0.0421336745406842,0.04213367454068425,0.04213367454068432,0.04213367454068439,0.042133674540684445,0.04213367454068451,0.04213367454068457,0.042133674540684646,0.042133674540684715,0.042133674540684764,0.042133674540684854,0.04213367454068491,0.04213367454068498,0.042133674540685034,0.042133674540685104,0.04213367454068518,0.042133674540685236,0.042133674540685305,0.042133674540685374,0.04213367454068544,0.042133674540685506,0.04213367454068557,0.04213367454068563,0.042133674540685694,0.04213367454068578,0.04213367454068581,0.04213367454068586,0.04213367454068593,0.042133674540686,0.04213367454068607,0.042133674540686124,0.0421336745406862,0.04213367454068626,0.04213367454068633,0.04213367454068639,0.04213367454068646,0.04213367454068652,0.042133674540686596,0.04213367454068665,0.042133674540686714,0.04213367454068679,0.04213367454068684,0.04213367454068692,0.04213367454068699,0.04213367454068706,0.042133674540687116,0.04213367454068717,0.042133674540687255,0.04213367454068731,0.04213367454068737,0.042133674540687435,0.04213367454068751,0.042133674540687574,0.04213367454068763,0.04213367454068769,0.042133674540687775,0.042133674540687845,0.04213367454068789,0.04213367454068797,0.042133674540688025,0.042133674540688094,0.04213367454068815,0.04213367454068823,0.04213367454068828,0.04213367454068836,0.042133674540688414,0.042133674540688476,0.04213367454068853,0.042133674540688594,0.04213367454068868,0.04213367454068875,0.04213367454068881,0.042133674540688865,0.042133674540688934,0.042133674540689,0.04213367454068909,0.04213367454068913,0.0421336745406892,0.04213367454068926,0.042133674540689336,0.0421336745406894,0.042133674540689454,0.04213367454068952,0.04213367454068957,0.04213367454068965,0.04213367454068971,0.04213367454068979,0.04213367454068984,0.042133674540689905,0.04213367454068997,0.04213367454069004,0.042133674540690114,0.04213367454069016,0.042133674540690204,0.042133674540690266,0.04213367454069034,0.04213367454069039,0.04213367454069047,0.042133674540690516,0.042133674540690585,0.04213367454069066,0.04213367454069072,0.04213367454069078,0.04213367454069088,0.04213367454069092,0.04213367454069099,0.04213367454069106,0.04213367454069113,0.04213367454069118,0.04213367454069125,0.042133674540691335,0.04213367454069138,0.04213367454069145,0.04213367454069152,0.042133674540691585,0.04213367454069165,0.042133674540691696,0.04213367454069178,0.042133674540691834,0.04213367454069191,0.04213367454069197,0.04213367454069206,0.04213367454069209,0.04213367454069214,0.04213367454069222,0.04213367454069228,0.042133674540692355,0.04213367454069241,0.04213367454069247,0.04213367454069254,0.0421336745406926,0.04213367454069266,0.04213367454069274,0.0421336745406928,0.04213367454069285,0.04213367454069292,0.042133674540692986,0.042133674540693035,0.0421336745406931,0.04213367454069318,0.042133674540693236,0.04213367454069331,0.042133674540693375,0.04213367454069344,0.04213367454069351,0.04213367454069356,0.04213367454069363,0.0421336745406937,0.042133674540693763,0.042133674540693826,0.0421336745406939,0.04213367454069396,0.04213367454069403,0.0421336745406941,0.04213367454069415,0.04213367454069421,0.04213367454069427,0.04213367454069434,0.0421336745406944,0.042133674540694464,0.04213367454069455,0.0421336745406946,0.04213367454069468,0.042133674540694735,0.042133674540694804,0.04213367454069487,0.04213367454069492,0.04213367454069499,0.04213367454069506,0.04213367454069512,0.042133674540695186,0.04213367454069525,0.042133674540695325,0.04213367454069538,0.04213367454069546,0.04213367454069551,0.04213367454069558,0.04213367454069564,0.042133674540695734,0.0421336745406958,0.04213367454069585,0.042133674540695915,0.04213367454069599,0.042133674540696046,0.04213367454069611,0.04213367454069619,0.04213367454069625,0.0421336745406963,0.042133674540696366,0.04213367454069644,0.042133674540696504,0.04213367454069658,0.042133674540696636,0.042133674540696706,0.04213367454069678,0.042133674540696824,0.042133674540696886,0.04213367454069696,0.042133674540697025,0.042133674540697094,0.04213367454069715,0.04213367454069721,0.04213367454069729,0.04213367454069735,0.04213367454069742,0.04213367454069746,0.04213367454069753,0.04213367454069761,0.04213367454069765,0.042133674540697705,0.04213367454069777,0.04213367454069785,0.04213367454069789,0.04213367454069794,0.04213367454069803,0.042133674540698086,0.04213367454069814,0.042133674540698225,0.04213367454069829,0.042133674540698364,0.04213367454069842,0.04213367454069848,0.04213367454069856,0.042133674540698614,0.04213367454069866,0.04213367454069874,0.042133674540698794,0.042133674540698864,0.04213367454069893,0.04213367454069901,0.04213367454069906,0.042133674540699134,0.042133674540699204,0.04213367454069922,0.042133674540699294,0.04213367454069933,0.042133674540699405,0.04213367454069948,0.04213367454069953,0.04213367454069957,0.042133674540699655,0.04213367454069972,0.042133674540699786,0.042133674540699835,0.04213367454069991,0.042133674540699974,0.04213367454070003,0.04213367454070012,0.04213367454070016,0.042133674540700244,0.0421336745407003,0.04213367454070036,0.04213367454070044,0.04213367454070051,0.042133674540700564,0.042133674540700605,0.04213367454070068,0.04213367454070074,0.042133674540700806,0.04213367454070087,0.04213367454070093,0.04213367454070101,0.042133674540701056,0.04213367454070113,0.04213367454070122,0.04213367454070128,0.04213367454070134,0.042133674540701396,0.042133674540701466,0.04213367454070152,0.042133674540701584,0.04213367454070164,0.04213367454070172,0.042133674540701764,0.04213367454070183,0.042133674540701896,0.042133674540701965,0.042133674540702035,0.042133674540702104,0.042133674540702166,0.04213367454070225,0.0421336745407023,0.04213367454070236,0.04213367454070243,0.0421336745407025,0.042133674540702555,0.04213367454070262,0.04213367454070269,0.04213367454070275,0.04213367454070283,0.042133674540702895,0.04213367454070297,0.04213367454070301,0.04213367454070306,0.04213367454070314,0.042133674540703187,0.04213367454070326,0.04213367454070333,0.04213367454070341,0.04213367454070346,0.04213367454070354,0.042133674540703596,0.042133674540703665,0.04213367454070372,0.04213367454070379,0.04213367454070385,0.04213367454070393,0.04213367454070399,0.042133674540704054,0.04213367454070412,0.04213367454070418,0.04213367454070425,0.04213367454070431,0.04213367454070437,0.04213367454070446,0.042133674540704505,0.04213367454070457,0.04213367454070465,0.042133674540704706,0.04213367454070478,0.04213367454070484,0.04213367454070491,0.04213367454070497,0.04213367454070505,0.04213367454070511,0.04213367454070517,0.042133674540705233,0.0421336745407053,0.042133674540705365,0.04213367454070543,0.042133674540705504,0.04213367454070555,0.0421336745407056,0.042133674540705685,0.04213367454070573,0.042133674540705796,0.04213367454070588,0.04213367454070595,0.04213367454070598,0.04213367454070606,0.04213367454070614,0.04213367454070621,0.042133674540706254,0.04213367454070633,0.042133674540706385,0.042133674540706455,0.042133674540706524,0.0421336745407066,0.042133674540706656,0.042133674540706725,0.0421336745407068,0.042133674540706864,0.04213367454070692,0.042133674540706996,0.04213367454070705,0.042133674540707114,0.04213367454070719,0.042133674540707246,0.04213367454070733,0.042133674540707385,0.04213367454070747,0.04213367454070753,0.04213367454070759,0.042133674540707655,0.042133674540707725,0.04213367454070779,0.04213367454070785,0.042133674540707926,0.04213367454070798,0.04213367454070806,0.04213367454070811,0.04213367454070819,0.04213367454070824,0.042133674540708314,0.04213367454070838,0.042133674540708425,0.04213367454070851,0.042133674540708564,0.042133674540708634,0.04213367454070869,0.042133674540708724,0.042133674540708814,0.04213367454070886,0.04213367454070894,0.042133674540708994,0.042133674540709064,0.042133674540709126,0.04213367454070919,0.042133674540709244,0.04213367454070932,0.04213367454070937,0.042133674540709445,0.0421336745407095,0.04213367454070957,0.04213367454070963,0.04213367454070971,0.042133674540709785,0.04213367454070983,0.04213367454070991,0.042133674540709966,0.042133674540710014,0.042133674540710084,0.04213367454071016,0.042133674540710216,0.04213367454071028,0.042133674540710354,0.04213367454071041,0.04213367454071048,0.04213367454071054,0.04213367454071061,0.04213367454071068,0.04213367454071074,0.042133674540710805,0.042133674540710875,0.04213367454071095,0.04213367454071102,0.04213367454071107,0.04213367454071113,0.0421336745407112,0.04213367454071127,0.042133674540711326,0.042133674540711395,0.042133674540711465,0.042133674540711534,0.0421336745407116,0.042133674540711666,0.04213367454071171,0.042133674540711784,0.042133674540711846,0.04213367454071191,0.042133674540712,0.042133674540712054,0.04213367454071212,0.04213367454071219,0.04213367454071225,0.04213367454071233,0.04213367454071238,0.04213367454071246,0.04213367454071251,0.04213367454071259,0.042133674540712644,0.04213367454071271,0.04213367454071277,0.04213367454071283,0.0421336745407129,0.04213367454071296,0.04213367454071303,0.04213367454071309,0.04213367454071318,0.04213367454071322,0.042133674540713276,0.042133674540713366,0.042133674540713414,0.042133674540713484,0.04213367454071355,0.0421336745407136,0.04213367454071367,0.04213367454071375,0.0421336745407138,0.042133674540713886,0.04213367454071395,0.04213367454071401,0.04213367454071406,0.042133674540714136,0.0421336745407142,0.04213367454071427,0.04213367454071432,0.0421336745407144,0.04213367454071446,0.042133674540714525,0.04213367454071458,0.042133674540714657,0.04213367454071472,0.04213367454071478,0.04213367454071486,0.04213367454071492,0.042133674540714997,0.04213367454071504,0.04213367454071511,0.04213367454071518,0.04213367454071523,0.0421336745407153,0.042133674540715364,0.042133674540715434,0.04213367454071549,0.04213367454071556,0.04213367454071563,0.04213367454071568,0.04213367454071576,0.04213367454071583,0.042133674540715906,0.04213367454071597,0.042133674540716023,0.042133674540716044,0.04213367454071613,0.042133674540716176,0.04213367454071623,0.042133674540716315,0.04213367454071635,0.04213367454071642,0.04213367454071649,0.04213367454071656,0.042133674540716606,0.04213367454071668,0.042133674540716745,0.042133674540716815,0.04213367454071688,0.04213367454071693,0.042133674540717016,0.04213367454071705,0.042133674540717134,0.042133674540717196,0.04213367454071725,0.04213367454071732,0.04213367454071737,0.04213367454071743,0.04213367454071751,0.04213367454071758,0.04213367454071763,0.04213367454071771,0.04213367454071777,0.04213367454071784,0.042133674540717904,0.04213367454071799,0.042133674540718015,0.04213367454071809,0.04213367454071816,0.04213367454071822,0.04213367454071829,0.04213367454071835,0.042133674540718424,0.04213367454071849,0.04213367454071854,0.04213367454071862,0.04213367454071868,0.042133674540718744,0.042133674540718806,0.04213367454071887,0.04213367454071892,0.04213367454071898,0.04213367454071905,0.04213367454071912,0.042133674540719174,0.04213367454071925,0.04213367454071932,0.04213367454071938,0.04213367454071944,0.04213367454071953,0.04213367454071957,0.04213367454071962,0.0421336745407197,0.042133674540719764,0.04213367454071981,0.04213367454071989,0.042133674540719944,0.04213367454072,0.042133674540720076,0.042133674540720145,0.04213367454072022,0.04213367454072026,0.04213367454072034,0.042133674540720395,0.042133674540720464,0.042133674540720534,0.04213367454072059,0.04213367454072066,0.04213367454072073,0.04213367454072078,0.04213367454072084,0.04213367454072092,0.04213367454072098,0.04213367454072106,0.04213367454072112,0.04213367454072117,0.04213367454072125,0.0421336745407213,0.042133674540721366,0.042133674540721415,0.04213367454072149,0.04213367454072156,0.04213367454072162,0.04213367454072169,0.04213367454072173,0.04213367454072181,0.04213367454072187,0.04213367454072193,0.042133674540722026,0.042133674540722095,0.04213367454072214,0.04213367454072222,0.04213367454072229,0.04213367454072233,0.0421336745407224,0.04213367454072247,0.042133674540722546,0.0421336745407226,0.04213367454072266,0.042133674540722726,0.042133674540722796,0.04213367454072285,0.042133674540722914,0.04213367454072299,0.04213367454072305,0.04213367454072312,0.04213367454072319,0.04213367454072327,0.04213367454072333,0.04213367454072339,0.04213367454072345,0.04213367454072351,0.04213367454072356,0.04213367454072362,0.042133674540723705,0.04213367454072378,0.04213367454072384,0.042133674540723906,0.04213367454072396,0.042133674540724024,0.04213367454072409,0.04213367454072416,0.042133674540724225,0.0421336745407243,0.04213367454072436,0.04213367454072441,0.04213367454072449,0.042133674540724565,0.042133674540724614,0.04213367454072469,0.04213367454072475,0.04213367454072483,0.042133674540724884,0.042133674540724954,0.04213367454072502,0.042133674540725086,0.04213367454072515,0.042133674540725224,0.04213367454072527,0.04213367454072533,0.04213367454072542,0.04213367454072547,0.04213367454072554,0.04213367454072559,0.04213367454072566,0.04213367454072572,0.04213367454072579,0.04213367454072586,0.042133674540725925,0.04213367454072599,0.04213367454072605,0.04213367454072611,0.04213367454072619,0.04213367454072623,0.042133674540726286,0.042133674540726355,0.042133674540726425,0.04213367454072649,0.04213367454072653,0.042133674540726626,0.04213367454072668,0.04213367454072676,0.04213367454072681,0.042133674540726876,0.042133674540726945,0.04213367454072702,0.04213367454072707,0.04213367454072713,0.0421336745407272,0.04213367454072727,0.04213367454072734,0.0421336745407274,0.042133674540727466,0.04213367454072753,0.0421336745407276,0.04213367454072767,0.042133674540727736,0.0421336745407278,0.042133674540727875,0.04213367454072794,0.04213367454072798,0.04213367454072805,0.04213367454072816,0.04213367454072822,0.04213367454072828,0.04213367454072835,0.04213367454072843,0.04213367454072847,0.04213367454072853,0.04213367454072861,0.04213367454072866,0.04213367454072873,0.0421336745407288,0.04213367454072886,0.04213367454072895,0.042133674540728985,0.04213367454072907,0.04213367454072911,0.04213367454072918,0.04213367454072927,0.04213367454072932,0.04213367454072938,0.04213367454072945,0.04213367454072952,0.0421336745407296,0.042133674540729665,0.04213367454072974,0.0421336745407298,0.042133674540729874,0.042133674540729936,0.04213367454072999,0.04213367454073006,0.04213367454073012,0.04213367454073021,0.04213367454073026,0.042133674540730325,0.04213367454073041,0.04213367454073046,0.04213367454073051,0.04213367454073058,0.042133674540730644,0.0421336745407307,0.04213367454073077,0.042133674540730845,0.04213367454073091,0.04213367454073097,0.04213367454073105,0.0421336745407311,0.04213367454073117,0.042133674540731234,0.042133674540731296,0.04213367454073136,0.04213367454073142,0.04213367454073149,0.04213367454073154,0.04213367454073161,0.042133674540731664,0.04213367454073173,0.042133674540731796
9,3.82205836115564e-45,1.0287869109711697e-44,2.0467367690896309e-44,3.47439481886272e-44,5.370984615852913e-44,7.796026967383256e-44,1.0811120981458113e-43,1.4476640700437116e-43,1.8856100256268904e-43,2.400317760851261e-43,2.9980774748075644e-43,3.6848981130931544e-43,4.466751945250765e-43,5.3496415898111e-43,6.33205354933658e-43,7.434416315198295e-43,8.655804235422481e-43,1.0002244004972917e-42,1.1479751945292478e-42,1.3094361630424407e-42,1.4839881883235474e-42,1.6732835879586067e-42,1.8793236304062852e-42,2.1014820770378356e-42,2.34036578308315e-42,2.5965773651239867e-42,2.8707244500591836e-42,3.163411120410555e-42,3.4752428184971e-42,3.806825107504605e-42,4.1587636530174985e-42,4.5316642071303515e-42,4.9261325948342373e-42,5.342774702417089e-42,5.782196467582523e-42,6.245003871094969e-42,6.731802929721458e-42,7.243199690252429e-42,7.779800224520438e-42,8.342210625185866e-42,8.931037002228903e-42,9.546885479992716e-42,1.0190362194738795e-41,1.0862073292598973e-41,1.156262492787216e-41,1.2292623261606007e-41,1.3052674460434132e-41,1.3843384695582422e-41,1.4665360142080823e-41,1.5519206978079085e-41,1.6405531384314867e-41,1.7324939543633884e-41,1.8278037640632504e-41,1.9265431861334877e-41,2.0287728392950877e-41,2.134553342364334e-41,2.2439453142375485e-41,2.3570093738770887e-41,2.473806140298065e-41,2.5943962325580874e-41,2.718840269752019e-41,2.8471988710023816e-41,2.9795326554573797e-41,3.1159022422851487e-41,3.256368250667469e-41,3.4009912998015596e-41,3.5498320088941923e-41,3.702950997161339e-41,3.8604088838249914e-41,4.022266288115314e-41,4.1885838292654975e-41,4.359422126513085e-41,4.534841799098463e-41,4.714903466265572e-41,4.899667747258412e-41,5.089195261324885e-41,5.283546627714364e-41,5.482782465674788e-41,5.686963394458288e-41,5.89615003331426e-41,6.110403001495593e-41,6.329782918255084e-41,6.55435040284597e-41,6.78416607452028e-41,7.019290552531794e-41,7.259784456133787e-41,7.505708404581101e-41,7.757123017126876e-41,8.014088913024744e-41,8.276666711530287e-41,8.544917031897661e-41,8.818900493379327e-41,9.098677715231239e-41,9.38430931670828e-41,9.675855917064475e-41,9.973378135552851e-41,1.0276936591429658e-40,1.058659190394828e-40,1.0902404692364468e-40,1.1224435575933613e-40,1.1552745173907674e-40,1.1887394105542167e-40,1.2228442990091558e-40,1.2575952446810845e-40,1.2929983094955157e-40,1.3290595553777733e-40,1.3657850442533947e-40,1.4031808380478534e-40,1.441252998686569e-40,1.4800075880951908e-40,1.5194506681989621e-40,1.5595883009231944e-40,1.6004265481935116e-40,1.6419714719355683e-40,1.6842291340745252e-40,1.7272055965358674e-40,1.7709069212451624e-40,1.8153391701279298e-40,1.8605084051094475e-40,1.90642068811548e-40,1.9530820810712252e-40,2.0004986459020518e-40,2.048676444533757e-40,2.0976215388914544e-40,2.1473399909007837e-40,2.1978378624872746e-40,2.249121215576076e-40,2.3011961120929795e-40,2.3540686139633664e-40,2.407744783112521e-40,2.462230681466102e-40,2.517532370949848e-40,2.5736559134887703e-40,2.6306073710082907e-40,2.688392805434385e-40,2.7470182786918025e-40,2.8064898527063277e-40,2.866813589403741e-40,2.9279955507090652e-40,2.990041798547967e-40,3.0529583948458586e-40,3.1167514015282218e-40,3.1814268805205388e-40,3.24699089374808e-40,3.313449503136647e-40,3.380808770611458e-40,3.449074758097815e-40,3.5182535275215738e-40,3.588351140807678e-40,3.6593736598819627e-40,3.731327146669821e-40,3.80421766309687e-40,3.878051271088225e-40,3.952834032569855e-40,4.028572009466804e-40,4.1052712637044714e-40,4.18293785720858e-40,4.261577851904519e-40,4.341197309717696e-40,4.421802292573532e-40,4.503398862397783e-40,4.585993081115486e-40,4.669591010652262e-40,4.754198712933582e-40,4.839822249884933e-40,4.926467683432003e-40,5.0141410754998705e-40,5.102848488014049e-40,5.1925959829003264e-40,5.283389622084035e-40,5.375235467490316e-40,5.4681395810449814e-40,5.56210802467347e-40,5.6571468603009855e-40,5.7532621498531356e-40,5.8504599552554175e-40,5.948746338433129e-40,6.048127361311732e-40,6.148609085817201e-40,6.250197573874168e-40,6.352898887408615e-40,6.456719088346006e-40,6.56166423861179e-40,6.6677404001311346e-40,6.77495363482969e-40,6.88331000463308e-40,6.992815571466463e-40,7.103476397255698e-40,7.21529854392592e-40,7.328288073402698e-40,7.442451047611416e-40,7.557793528477744e-40,7.67432157792669e-40,7.792041257884221e-40,7.910958630275602e-40,8.031079757026113e-40,8.152410700061474e-40,8.274957521306838e-40,8.398726282687967e-40,8.523723046130301e-40,8.649953873559382e-40,8.777424826900399e-40,8.906141968078891e-40,9.036111359020041e-40,9.167339061649958e-40,9.299831137893729e-40,9.433593649676753e-40,9.568632658924722e-40,9.704954227563438e-40,9.842564417517007e-40,9.981469290712203e-40,1.0121674909074158e-39,1.0263187334528026e-39,1.0406012628999928e-39,1.05501568544146e-39,1.069562607269769e-39,1.0842426345775022e-39,1.0990563735571777e-39,1.1140044304013273e-39,1.1290874113025442e-39,1.1443059224533244e-39,1.1596605700461527e-39,1.1751519602736898e-39,1.1907806993284744e-39,1.206547393403011e-39,1.2224526486898411e-39,1.238497071381559e-39,1.2546812676706602e-39,1.2710058437496934e-39,1.2874714058112687e-39,1.304078560047863e-39,1.3208279126520791e-39,1.3377200698164174e-39,1.3547556377334212e-39,1.371935222595694e-39,1.3892594305957363e-39,1.406728867926076e-39,1.4243441407793087e-39,1.4421058553478747e-39,1.4600146178244335e-39,1.4780710344014843e-39,1.4962757112715424e-39,1.514629254627238e-39,1.5331322706610532e-39,1.551785365565591e-39,1.5705891455333458e-39,1.5895442167568663e-39,1.6086511854287383e-39,1.6279106577414048e-39,1.6473232398875273e-39,1.66688953805966e-39,1.686610158450219e-39,1.7064857072519356e-39,1.7265167906572376e-39,1.746704014858605e-39,1.7670479860486993e-39,1.7875493104200146e-39,1.8082085941650922e-39,1.8290264434765258e-39,1.850003464546827e-39,1.8711402635685122e-39,1.8924374467342094e-39,1.9138956202364e-39,1.9355153902676195e-39,1.957297363020494e-39,1.9792421446875035e-39,2.0013503414612365e-39,2.0236225595341894e-39,2.0460594050989127e-39,2.0686614843479414e-39,2.091429403473887e-39,2.1143637686692657e-39,2.1374651861265904e-39,2.1607342620384564e-39,2.1841716025973137e-39,2.2077778139958856e-39,2.231553502426593e-39,2.2554992740819718e-39,2.2796157351545977e-39,2.3039034918370478e-39,2.32836315032176e-39,2.352995316801392e-39,2.377800597468515e-39,2.4027795985155734e-39,2.427932926135216e-39,2.4532611865199193e-39,2.4787649858622303e-39,2.5044449303546913e-39,2.530301626189804e-39,2.556335679560237e-39,2.5825476966584276e-39,2.6089382836770262e-39,2.6355080468084944e-39,2.6622575922453917e-39,2.68918752618029e-39,2.716298454805716e-39,2.7435909843141828e-39,2.7710657208983356e-39,2.7987232707505483e-39,2.826564240063532e-39,2.854589235029729e-39,2.8827988618418097e-39,2.911193726692209e-39,2.9397744357734986e-39,2.9685415952781944e-39,2.997495811398931e-39,3.026637690328163e-39,3.055967838258531e-39,3.0854868613824966e-39,3.1151953658927256e-39,3.145093957981632e-39,3.175183243841778e-39,3.205463829665797e-39,3.23593632164607e-39,3.266601325975308e-39,3.29745944884605e-39,3.328511296450763e-39,3.3597574749819914e-39,3.391198590632304e-39,3.4228352495942247e-39,3.4546680580603604e-39,3.486697622223207e-39,3.5189245482753095e-39,3.551349442409273e-39,3.5839729108175015e-39,3.616795559692681e-39,3.649817995227283e-39,3.683040823613855e-39,3.716464651045081e-39,3.750090083713389e-39,3.78391772781125e-39,3.817948189531417e-39,3.8521820750662794e-39,3.886619990608435e-39,3.921262542350377e-39,3.956110336484649e-39,3.991163979203892e-39,4.0264240767005725e-39,4.061891235167291e-39,4.0975660607965725e-39,4.1334491597809325e-39,4.169541138312974e-39,4.2058426025851845e-39,4.242354158790129e-39,4.279076413120419e-39,4.316009971768497e-39,4.3531554409270054e-39,4.3905134267884266e-39,4.4280845355452936e-39,4.4658693733901454e-39,4.5038685465156214e-39,4.542082661114159e-39,4.5805123233783443e-39,4.619158139500796e-39,4.6580207156739535e-39,4.6971006580904626e-39,4.736398572942775e-39,4.7759150664234647e-39,4.815650744725067e-39,4.855606214040124e-39,4.895782080561169e-39,4.936178950480831e-39,4.9767974299915754e-39,5.017638125285935e-39,5.058701642556558e-39,5.099988587995893e-39,5.141499567796491e-39,5.183235188150989e-39,5.225196055251945e-39,5.267382775291724e-39,5.309795954463049e-39,5.3524361989584636e-39,5.39530411497036e-39,5.4384003086914007e-39,5.4817253863141645e-39,5.525279954031125e-39,5.569064618034824e-39,5.613079984517905e-39,5.657326659672723e-39,5.701805249691952e-39,5.746516360768116e-39,5.7914605990938485e-39,5.8366385708615574e-39,5.88205088226381e-39,5.927698139493184e-39,5.97358094874228e-39,6.019699916203573e-39,6.066055648069602e-39,6.112648750532989e-39,6.15947982978621e-39,6.206549492021792e-39,6.25385834343237e-39,6.301406990210424e-39,6.349196038548497e-39,6.397226094639227e-39,6.445497764674944e-39,6.494011654848388e-39,6.542768371352121e-39,6.591768520378622e-39,6.641012708120407e-39,6.690501540770136e-39,6.74023562452022e-39,6.790215565563343e-39,6.840441970091821e-39,6.890915444298484e-39,6.941636594375661e-39,6.992606026515942e-39,7.043824346911934e-39,7.09529216175613e-39,7.147010077241094e-39,7.198978699559416e-39,7.251198634903581e-39,7.30367048946613e-39,7.356394869439804e-39,7.409372381016849e-39,7.462603630389921e-39,7.516089223751645e-39,7.569829767294505e-39,7.623825867210943e-39,7.678078129693835e-39,7.732587160935394e-39,7.787353567128158e-39,7.842377954465053e-39,7.897660929138233e-39,7.953203097340251e-39,8.00900506526405e-39,8.065067439101769e-39,8.121390825046169e-39,8.17797582928977e-39,8.234823058024965e-39,8.291933117444506e-39,8.349306613740881e-39,8.406944153106483e-39,8.464846341733808e-39,8.523013785815623e-39,8.5814470915445e-39,8.640146865112744e-39,8.699113712713106e-39,8.758348240538163e-39,8.817851054780238e-39,8.877622761632257e-39,8.937663967286424e-39,8.997975277935258e-39,9.058557299771685e-39,9.119410638987843e-39,9.180535901776547e-39,9.241933694330073e-39,9.303604622841185e-39,9.365549293502276e-39,9.427768312506219e-39,9.49026228604523e-39,9.553031820311814e-39,9.616077521498687e-39,9.679399995798437e-39,9.74299984940339e-39,9.806877688506514e-39,9.871034119299949e-39,9.935469747976246e-39,1.0000185180728347e-38,1.0065181023748414e-38,1.0130457883229163e-38,1.0196016365362954e-38,1.0261857076342526e-38,1.032798062236045e-38,1.039438760960906e-38,1.0461078644280859e-38,1.0528054332568617e-38,1.0595315280665104e-38,1.0662862094762454e-38,1.073069538105321e-38,1.0798815745730092e-38,1.086722379498545e-38,1.093592013501206e-38,1.1004905372002448e-38,1.1074180112149201e-38,1.114374496164461e-38,1.1213600526681224e-38,1.128374741345203e-38,1.1354186228149143e-38,1.1424917576965111e-38,1.1495942066092667e-38,1.1567260301724346e-38,1.163887289005278e-38,1.1710780437270425e-38,1.178298354956969e-38,1.1855482833143077e-38,1.1928278894183567e-38,1.2001372338883498e-38,1.2074763773435188e-38,1.2148453804031404e-38,1.22224430368645e-38,1.2296732078127212e-38,1.2371321534012077e-38,1.2446212010711444e-38,1.252140411441807e-38,1.2596898451324525e-38,1.267269562762311e-38,1.2748796249506375e-38,1.2825200923167274e-38,1.2901910254797954e-38,1.2978924850590932e-38,1.3056245316739228e-38,1.3133872259434939e-38,1.3211806284870603e-38,1.3290047999238948e-38,1.336859800873255e-38,1.3447456919543983e-38,1.3526625337865543e-38,1.3606103869890008e-38,1.3685893121809692e-38,1.3765993699817574e-38,1.3846406210105785e-38,1.392713125886688e-38,1.4008169452293846e-38,1.4089521396578783e-38,1.4171187697914192e-38,1.425316896249283e-38,1.4335465796507312e-38,1.441807880614994e-38,1.4501008597613653e-38,1.4584255777090624e-38,1.4667820950773396e-38,1.475170472485492e-38,1.483590770552735e-38,1.4920430498983422e-38,1.5005273711415693e-38,1.5090437949016477e-38,1.5175923817978535e-38,1.526173192449417e-38,1.5347862874756204e-38,1.543431727495694e-38,1.5521095731289332e-38,1.5608198849945496e-38,1.569562723711824e-38,1.578338149899989e-38,1.5871462241783188e-38,1.5959870071660438e-38,1.6048605594824407e-38,1.613766941746768e-38,1.622706214578279e-38,1.631678438596202e-38,1.640683674419816e-38,1.6497219826683566e-38,1.658793423961096e-38,1.6678980589172923e-38,1.677035948156178e-38,1.686207152297028e-38,1.6954117319590974e-38,1.7046497477616207e-38,1.7139212603238717e-38,1.7232263302651041e-38,1.7325650182045776e-38,1.7419373847615198e-38,1.7513434905552137e-38,1.7607833962049112e-38,1.7702571623298668e-38,1.7797648495493119e-38,1.7893065184824954e-38,1.7988822297486989e-38,1.8084920439671771e-38,1.8181360217571631e-38,1.827814223737958e-38,1.8375267105287683e-38,1.8472735427488448e-38,1.8570547810175015e-38,1.8668704859539381e-38,1.8767207181774084e-38,1.8866055383071907e-38,1.8965250069625386e-38,1.9064791847626864e-38,1.9164681323269073e-38,1.926491910274435e-38,1.9365505792245464e-38,1.946644199796522e-38,1.956772832609573e-38,1.9669365382829473e-38,1.977135377435925e-38,1.9873694106877632e-38,1.9976386986576888e-38,2.0079433019650063e-38,2.0182832812289259e-38,2.028658697068694e-38,2.0390696101036196e-38,2.0495160809529085e-38,2.0599981702358164e-38,2.0705159385716438e-38,2.081069446579598e-38,2.0916587548789356e-38,2.1022839240889566e-38,2.112945014828867e-38,2.1236420877179231e-38,2.1343752033753998e-38,2.1451444224205553e-38,2.155949805472618e-38,2.1667914131508696e-38,2.1776693060745602e-38,2.1885835448629236e-38,2.1995341901352362e-38,2.2105213025107298e-38,2.2215449426086814e-38,2.2326051710483527e-38,2.2437020484489897e-38,2.2548356354298248e-38,2.2660059926101109e-38,2.2772131806091591e-38,2.2884572600461678e-38,2.299738291540394e-38,2.3110563357111424e-38,2.3224114531776142e-38,2.3338037045590654e-38,2.3452331504748076e-38,2.356699851544041e-38,2.368203868386014e-38,2.379745261620008e-38,2.39132409186528e-38,2.4029404197410625e-38,2.4145943058666583e-38,2.426285810861273e-38,2.438014995344183e-38,2.4497819199346496e-38,2.461586645251898e-38,2.473429231915179e-38,2.485309740543801e-38,2.49722823175697e-38,2.5091847661739357e-38,2.5211794044140117e-38,2.533212207096396e-38,2.5452832348403663e-38,2.5573925482651576e-38,2.569540207990044e-38,2.5817262746342583e-38,2.593950808817108e-38,2.6062138711577925e-38,2.618515522275566e-38,2.6308558227897115e-38,2.643234833319482e-38,2.6556526144841045e-38,2.6681092269028894e-38,2.680604731195042e-38,2.693139187979808e-38,2.7057126578764746e-38,2.718325201504292e-38,2.730976879482491e-38,2.7436677524303815e-38,2.756397880967166e-38,2.769167325712091e-38,2.781976147284469e-38,2.7948244063035067e-38,2.807712163388481e-38,2.820639479158615e-38,2.8336064142331673e-38,2.846613029231448e-38,2.859659384772655e-38,2.872745541476072e-38,2.8858715599609546e-38,2.899037500846557e-38,2.912243424752104e-38,2.9254893922968494e-38,2.938775464100107e-38,2.952101700781073e-38,2.965468162959005e-38,2.978874911253183e-38,2.9923220062828556e-38,3.0058095086672604e-38,3.019337479025675e-38,3.032905977977353e-38,3.0465150661415217e-38,3.060164804137465e-38,3.073855252584436e-38,3.087586472101662e-38,3.1013585233084564e-38,3.1151714668240116e-38,3.129025363267618e-38,3.142920273258494e-38,3.1568562574159263e-38,3.1708333763591734e-38,3.184851690707458e-38,3.198911261080059e-38,3.213012148096211e-38,3.227154412375183e-38,3.2413381145362466e-38,3.2555633151986157e-38,3.2698300749815837e-38,3.2841384545043937e-38,3.298488514386278e-38,3.3128803152465205e-38,3.3273139177043744e-38,3.341789382379066e-38,3.3563067698899097e-38,3.3708661408561013e-38,3.385467555896894e-38,3.4001110756315687e-38,3.4147967606793546e-38,3.429524671659531e-38,3.444294869191355e-38,3.4591074138940853e-38,3.473962366386976e-38,3.4888597872892456e-38,3.5037997372201864e-38,3.5187822767990135e-38,3.5338074666450526e-38,3.548875367377492e-38,3.563986039615619e-38,3.5791395439786583e-38,3.5943359410858614e-38,3.6095752915565106e-38,3.624857656009863e-38,3.6401830950651774e-38,3.6555516693416753e-38,3.6709634394586436e-38,3.686418466035331e-38,3.7019168096909684e-38,3.7174585310448293e-38,3.7330436907161514e-38,3.748672349324213e-38,3.764344567488269e-38,3.780060405827579e-38,3.7958199249613635e-38,3.811623185508902e-38,3.8274702480894227e-38,3.843361173322217e-38,3.8592960218265646e-38,3.875274854221659e-38,3.891297731126758e-38,3.9073647131611403e-38,3.923475860944069e-38,3.939631235094765e-38,3.9558308962324756e-38,3.972074904976521e-38,3.988363321946102e-38,4.0046962077604615e-38,4.0210736230388906e-38,4.0374956284006427e-38,4.053962284464976e-38,4.0704736518511425e-38,4.087029791178365e-38,4.1036307630659e-38,4.12027662813306e-38,4.136967446999041e-38,4.1537032802830986e-38,4.1704841886045446e-38,4.187310232582577e-38,4.2041814728364443e-38,4.2210979699854703e-38,4.238059784648844e-38,4.2550669774458547e-38,4.2721196089957514e-38,4.289217739917759e-38,4.306361430831168e-38,4.323550742355194e-38,4.340785735109128e-38,4.3580664697121927e-38,4.375393006783674e-38,4.392765406942822e-38,4.4101837308088655e-38,4.4276480390010845e-38,4.445158392138741e-38,4.462714850841055e-38,4.4803174757273443e-38,4.4979663274168017e-38,4.515661466528679e-38,4.533402953682293e-38,4.5511908494968416e-38,4.569025214591577e-38,4.586906109585813e-38,4.604833595098745e-38,4.6228077317496266e-38,4.640828580157739e-38,4.6588962009423433e-38,4.6770106547226575e-38,4.6951720021179706e-38,4.713380303747537e-38,4.731635620230619e-38,4.749938012186422e-38,4.768287540234246e-38,4.78668426499335e-38,4.805128247082944e-38,4.823619547122317e-38,4.842158225730693e-38,4.860744343527363e-38,4.879377961131538e-38,4.898059139162513e-38,4.916787938239543e-38,4.935564418981883e-38,4.954388642008756e-38,4.973260667939482e-38,4.992180557393214e-38,5.011148370989268e-38,5.030164169346906e-38,5.049228013085379e-38,5.068339962823914e-38,5.087500079181829e-38,5.106708422778312e-38,5.125965054232617e-38,5.145270034164029e-38,5.164623423191809e-38,5.184025281935175e-38,5.203475671013408e-38,5.222974651045741e-38,5.242522282651456e-38,5.262118626449844e-38,5.281763743060086e-38,5.301457693101479e-38,5.321200537193236e-38,5.340992335954619e-38,5.360833150004912e-38,5.380723039963336e-38,5.400662066449138e-38,5.420650290081686e-38,5.440687771480163e-38,5.460774571263757e-38,5.480910750051794e-38,5.501096368463515e-38,5.521331487118116e-38,5.541616166634986e-38,5.561950467633276e-38,5.582334450732279e-38,5.602768176551219e-38,5.623251705709378e-38,5.643785098825977e-38,5.664368416520337e-38,5.685001719411689e-38,5.705685068119244e-38,5.726418523262257e-38,5.747202145459986e-38,5.768035995331716e-38,5.788920133496743e-38,5.809854620574241e-38,5.830839517183511e-38,5.851874883943764e-38,5.87296078147426e-38,5.894097270394282e-38,5.915284411323121e-38,5.936522264879972e-38,5.957810891684113e-38,5.979150352354775e-38,6.000540707511197e-38,6.021982017772681e-38,6.043474343758513e-38,6.065017746087914e-38,6.086612285380069e-38,6.1082580222543e-38,6.129955017329824e-38,6.151703331225935e-38,6.173503024561959e-38,6.195354157957006e-38,6.217256792030405e-38,6.239210987401411e-38,6.261216804689203e-38,6.283274304513038e-38,6.30538354749238e-38,6.327544594246276e-38,6.349757505394054e-38,6.372022341554891e-38,6.394339163348113e-38,6.416708031392979e-38,6.439129006308736e-38,6.461602148714647e-38,6.484127519229963e-38,6.506705178473868e-38,6.529335187065685e-38,6.552017605624595e-38,6.574752494770075e-38,6.597539915121158e-38,6.620379927297178e-38,6.643272591917388e-38,6.666217969600965e-38,6.689216120967239e-38,6.712267106635464e-38,6.735370987224894e-38,6.758527823354708e-38,6.78173767564424e-38,6.805000604712738e-38,6.828316671179386e-38,6.851685935663581e-38,6.875108458784515e-38,6.898584301161357e-38,6.922113523413521e-38,6.945696186160105e-38,6.969332350020365e-38,6.993022075613702e-38,7.0167654235593e-38,7.040562454476419e-38,7.064413228984311e-38,7.088317807702154e-38,7.112276251249282e-38,7.136288620244942e-38,7.160354975308386e-38,7.1844753770588e-38,7.208649886115589e-38,7.23287856309786e-38,7.257161468624937e-38,7.281498663316153e-38,7.305890207790614e-38,7.330336162667566e-38,7.35483658856634e-38,7.379391546106194e-38,7.40400109590638e-38,7.428665298586156e-38,7.453384214764776e-38,7.478157905061502e-38,7.502986430095585e-38,7.527869850486199e-38,7.55280822685268e-38,7.57780161981435e-38,7.602850089990321e-38,7.62795369799984e-38,7.653112504462321e-38,7.678326569996865e-38,7.703595955222792e-38,7.728920720759366e-38,7.754300927225839e-38,7.779736635241473e-38,7.805227905425432e-38,7.830774798397056e-38,7.856377374775606e-38,7.882035695180322e-38,7.90774982023047e-38,7.933519810545215e-38,7.959345726743981e-38,7.985227629445861e-38,8.011165579270187e-38,8.037159636836133e-38,8.063209862763111e-38,8.089316317670303e-38,8.115479062176876e-38,8.141698156902172e-38,8.167973662465447e-38,8.194305639485951e-38,8.220694148582931e-38,8.247139250375651e-38,8.273641005483286e-38,8.300199474525168e-38,8.326814718120555e-38,8.35348679688861e-38,8.38021577144876e-38,8.407001702420092e-38,8.433844650422029e-38,8.460744676073657e-38,8.487701839994314e-38,8.514716202803174e-38,8.54178782511965e-38,8.568916767562923e-38,8.596103090752166e-38,8.623346855306705e-38,8.650648121845808e-38,8.678006950988637e-38,8.705423403354609e-38,8.732897539562905e-38,8.7604294202327e-38,8.788019105983317e-38,8.815666657434023e-38,8.843372135203991e-38,8.871135599912628e-38,8.898957112179117e-38,8.926836732622627e-38,8.954774521862493e-38,8.982770540517973e-38,9.010824849208235e-38,9.038937508552705e-38,9.067108579170465e-38,9.095338121680852e-38,9.123626196703132e-38,9.151972864856547e-38,9.180378186760279e-38,9.208842223033732e-38,9.237365034296093e-38,9.265946681166618e-38,9.294587224264472e-38,9.323286724208995e-38,9.35204524161936e-38,9.380862837114988e-38,9.409739571314955e-38,9.438675504838611e-38,9.467670698305203e-38,9.496725212334e-38,9.525839107544157e-38,9.555012444555099e-38,9.584245283985916e-38,9.613537686455948e-38,9.642889712584454e-38,9.672301422990593e-38,9.701772878293705e-38,9.73130413911305e-38,9.760895266067964e-38,9.790546319777626e-38,9.8202573608612e-38,9.85002844993803e-38,9.87985964762728e-38,9.909751014548368e-38,9.939702611320474e-38,9.969714498562766e-38,9.99978673689458e-38,1.0029919386935176e-37,1.006011250930381e-37,1.009036616461973e-37,1.0120680413502193e-37,1.015105531657037e-37,1.0181490934443603e-37,1.021198732774105e-37,2.6179221467310433e-16,5.25347712148891e-16,7.906928841444338e-16,1.0578534870437059e-15,1.3268548655153293e-15,1.5977221318812335e-15,1.8704803101541366e-15,2.1451544519838066e-15,2.4217697303506254e-15,2.700351515691248e-15,2.9809254382001962e-15,3.2635174392900373e-15,3.5481538145813267e-15,3.834861250302276e-15,4.123666854588971e-15,4.414598184864494e-15,4.7076832722300256e-15,5.002950643605313e-15,5.300429342202491e-15,5.60014894679449e-15,5.902139590145315e-15,6.206431976892642e-15,6.513057401115387e-15,6.822047763772474e-15,7.133435590162283e-15,7.447254047525362e-15,7.763536962890067e-15,8.082318841244301e-15,8.403634884105047e-15,8.727521008543208e-15,9.054013866720405e-15,9.383150865981693e-15,9.714970189550223e-15,1.0049510817862517e-14,1.0386812550584276e-14,1.0726916029343166e-14,1.1069862761215425e-14,1.1415695143006327e-14,1.176445648635598e-14,1.2116191043713543e-14,1.2470944035217717e-14,1.282876167652202e-14,1.318969120760844e-14,1.3553780922633344e-14,1.3921080200847819e-14,1.42916395386458e-14,1.4665510582782407e-14,1.5042746164820053e-14,1.5423400336854407e-14,1.580752840857814e-14,1.619518698574266e-14,1.6586434010081554e-14,1.6981328800761088e-14,1.7379932097429816e-14,1.7782306104939824e-14,1.8188514539817892e-14,1.859862267856929e-14,1.901269740789954e-14,1.9430807276946934e-14,1.985302255162103e-14,2.0279415271149963e-14,2.071005930694343e-14,2.11450304238857e-14,2.1584406344178476e-14,2.2028266813860732e-14,2.2476693672140722e-14,2.2929770923681904e-14,2.3387584813994592e-14,2.3850223908092294e-14,2.4317779172584202e-14,2.479034406138025e-14,2.526801460520448e-14,2.575088950511504e-14,2.6239070230248888e-14,2.6732661120019258e-14,2.7231769491008252e-14,2.7736505748816516e-14,2.8246983505140732e-14,2.87633197003779e-14,2.928563473206569e-14,2.981405258949339e-14,3.034870099483921e-14,3.088971155121548e-14,3.1437219898023785e-14,3.199136587405762e-14,3.255229368881435e-14,3.312015210251243e-14,3.369509461534662e-14,3.427727966654904e-14,3.4866870843867207e-14,3.546403710411553e-14,3.606895300549799e-14,3.668179895246425e-14,3.7302761453908e-14,3.793203339557942e-14,3.856981432765606e-14,3.921631076848374e-14,3.9871736525581034e-14,4.0536313035088335e-14,4.1210269720932355e-14,4.189384437508754e-14,4.258728356042216e-14,4.3290843037742284e-14,4.4004788218784606e-14,4.472939464705096e-14,4.546494850854902e-14,4.62117471746727e-14,4.697009977965985e-14,4.774032783527614e-14,4.8522765885615956e-14,4.931776220517113e-14,5.012567954361341e-14,5.0946895921050066e-14,5.17818054778807e-14,5.263081938376564e-14,5.349436681066301e-14,5.437289597537557e-14,5.526687525759362e-14,5.617679440002407e-14,5.71031657978731e-14,5.80465258857051e-14,5.900743663054606e-14,5.998648714105343e-14,6.098429540363884e-14,6.200151015762774e-14,6.303881292290226e-14,6.409692019499378e-14,6.517658582432771e-14,6.627860359827908e-14,6.740381004692697e-14,6.855308749592537e-14,6.972736739280022e-14,7.092763393627853e-14,7.215492804203417e-14,7.341035168257153e-14,7.469507264395447e-14,7.601032974783588e-14,7.735743859389173e-14,7.873779788545488e-14,8.015289641010618e-14,8.160432075738226e-14,8.309376386794927e-14,8.462303452285428e-14,8.619406789823411e-14,8.780893733062826e-14,8.946986746144674e-14,9.117924895687324e-14,9.293965503258998e-14,9.47538600522259e-14,9.662486051591163e-14,9.855589881249209e-14,1.005504901782254e-13,1.0261245338889203e-13,1.0474594581503349e-13,1.0695550359613833e-13,1.0924608784510629e-13,1.116231379871215e-13,1.140926335775199e-13,1.1666116624461752e-13,1.1933602378389935e-13,1.221252889128904e-13,1.2503795581370597e-13,1.2808406838535761e-13,1.3127488515975105e-13,1.3462307718461623e-13,1.3814296695625518e-13,1.3943738129723665e-13,1.4321594752604522e-13,1.4720823177266102e-13,1.5143661896905198e-13,1.559270015373878e-13,1.607095218689576e-13,1.6581951672935619e-13,1.7129873052888348e-13,1.7719689115808154e-13,1.8357378109785136e-13,1.9050199403793063e-13,1.9807065322420973e-13,2.063904969462243e-13,2.1560093133757534e-13,2.2587994101989817e-13,2.3745816592826785e-13,2.506390030910212e-13,2.6582715612788233e-13,2.8356838798538816e-13,3.0460565765880245e-13,3.300092938629916e-13,3.6230060748454866e-13,4.250609018199473e-13,4.5237648499794236e-13,4.52376485014476e-13,2.147804529042124e-12,5.942007129527671e-11,2.0403867074397774e-09,5.3049202557239404e-08,7.894302135646075e-07,5.814398698329697e-06,2.212637788798748e-05,5.060126129137131e-05,8.085506195942191e-05,0.00010148365690521645,0.00010884706754804147,0.00010577631896126906,9.688231735846764e-05,8.580625941939063e-05,7.467338324828923e-05,6.44721930453206e-05,5.5537410871518415e-05,4.7885142409305485e-05,4.1399487218774414e-05,3.592415428925354e-05,3.130305642766679e-05,2.7395982910495153e-05,2.408290737172551e-05,2.1263496292227166e-05,1.8854853961486017e-05,1.6788845217771612e-05,1.5009547858680583e-05,1.3471028562404639e-05,1.2135479965548881e-05,1.0971693446993213e-05,9.953821135837617e-06,9.060377844578003e-06,8.273438059951267e-06,7.577989798208945e-06,6.961413920054442e-06,6.413063565803569e-06,5.923923477031682e-06,5.486333136744761e-06,5.093760997739564e-06,4.740619716735989e-06,4.42211440233132e-06,4.134117528867878e-06,3.873065463388328e-06,3.635872571167724e-06,3.4198596690667273e-06,3.2226942305251034e-06,3.0423402498319815e-06,2.8770160724816856e-06,2.7251588173218727e-06,2.5853942714089936e-06,2.4565113425590913e-06,2.3374403196286586e-06,2.227234323223748e-06,2.125053437536832e-06,2.0301511020163028e-06,1.941862411897243e-06,1.8595940367410839e-06,1.782815513329354e-06,1.7110517082729972e-06,1.6438762797547613e-06,1.5809059937699013e-06,1.5217957731701077e-06,1.4662343765368957e-06,1.4139406193975435e-06,1.3646600635861905e-06,1.3181621113397773e-06,1.274237450175629e-06,1.232695802254124e-06,1.1933639385322297e-06,1.1560839236734023e-06,1.1207115623872388e-06,1.0871150218266422e-06,1.055173608291872e-06,1.024776679188006e-06,9.958226739465608e-07,9.682182495588598e-07,9.418775083838598e-07,9.167213073728455e-07,8.926766393019843e-07,8.69676077742435e-07,8.476572785618882e-07,8.265625315952997e-07,8.063383569449829e-07,7.869351409980951e-07,7.683068078479519e-07,7.504105223229115e-07,7.332064212725092e-07,7.166573701198856e-07,7.007287420599912e-07,6.853882175813015e-07,6.706056021993798e-07,6.563526606614421e-07,6.426029658249107e-07,6.293317608498208e-07,6.165158335112181e-07,6.041334011852545e-07,5.921640057438775e-07,5.805884172622895e-07,5.693885457853674e-07,5.585473603641416e-07,5.480488147175774e-07,5.378777788926247e-07,5.280199763906982e-07,5.184619262781372e-07,5.091908898211314e-07,5.001948212595021e-07,4.914623223607588e-07,4.829826004085302e-07,4.7474542938020697e-07,4.6674111397829703e-07,4.5896045632344037e-07,4.513947250746876e-07,4.440356267836522e-07,4.3687527927850783e-07,4.299061869454326e-07,4.2312121773041744e-07,4.1651358175018286e-07,4.1007681132485937e-07,4.0380474245221146e-07,3.976914974526765e-07,3.917314687842459e-07,3.8591930396860575e-07,3.802498914531708e-07,3.747183474136735e-07,3.6932000339784437e-07,3.6405039475259775e-07,3.5890524978283516e-07,3.538804795827966e-07,3.4897216849823427e-07,3.4417656517121636e-07,3.394900741263428e-07,3.3490924786774247e-07,3.304307794411657e-07,3.2605149543672633e-07,3.217683494038683e-07,3.1757841564325443e-07,3.134788833584247e-07,3.0946705114116744e-07,3.0554032176537185e-07,3.016961972772844e-07,2.9793227435238763e-07,2.94246239909677e-07,2.906358669659082e-07,2.870990107193862e-07,2.8363360483433804e-07,2.8023765792647087e-07,2.7690925023855427e-07,2.7364653048378327e-07,2.704477128527757e-07,2.673110741935652e-07,2.642349512951737e-07,2.612177383493669e-07,2.582578845199329e-07,2.5535389163696264e-07,2.525043120059793e-07,2.497077463296393e-07,2.469628417116965e-07,2.442682897846306e-07,2.416228249067435e-07,2.390252224545274e-07,2.364742971953981e-07,2.3396890172478402e-07,2.315079249939248e-07,2.2909029090205813e-07,2.267149569409188e-07,2.2438091290787442e-07,2.2208717969143872e-07,2.1983280807974884e-07,2.1761687765316237e-07,2.1543849570962546e-07,2.1329679624293276e-07,2.111909389584785e-07,2.091201083453756e-07,2.0708351277331192e-07,2.0508038363452002e-07,2.031099745353488e-07,2.0117156049013846e-07,1.9926443717892203e-07,1.9738792022155184e-07,1.955413444945755e-07,1.9372406344830366e-07,1.9193544848586987e-07,1.9017488835406942e-07,1.8844178853849464e-07,1.8673557071974162e-07,1.8505567222392244e-07,1.8340154550542563e-07,1.817726576472107e-07,1.80168489882427e-07,1.7858853713242524e-07,1.7703230756300604e-07,1.7549932216840053e-07,1.7398911434391563e-07,1.7250122950545752e-07,1.7103522470404507e-07,1.6959066826448867e-07,1.681671394276479e-07,1.6676422801776652e-07,1.65381534115677e-07,1.640186677380064e-07,1.6267524854483927e-07,1.6135090553870104e-07,1.6004527678744494e-07,1.587580091512567e-07,1.5748875802160073e-07,1.5623718706861466e-07,1.5500296799662888e-07,1.5378578030981926e-07,1.525853110849368e-07,1.5140125475198438e-07,1.5023331288202355e-07,1.4908119398319725e-07,1.4794461330336534e-07,1.4682329263806795e-07,1.4571696014969883e-07,1.4462535018334376e-07,1.4354820309761425e-07,1.4248526509899896e-07,1.4143628807933253e-07,1.404010294607906e-07,1.393792520418877e-07,1.383707238536577e-07,1.3737521802029477e-07,1.3639251261894542e-07,1.3542239054987684e-07,1.3446463940187155e-07,1.3351905134558348e-07,1.3258542299241285e-07,1.3166355528051712e-07,1.307532533770697e-07,1.2985432655728522e-07,1.2896658809918712e-07,1.2808985518247092e-07,1.2722394878833602e-07,1.2636869360403527e-07,1.255239179262833e-07,1.2468945357250543e-07,1.2386513579234801e-07,1.230508031810831e-07,1.2224629759719122e-07,1.2145146408129982e-07,1.2066615078004388e-07,1.1989020886573214e-07,1.1912349246564511e-07,1.1836585859100088e-07,1.1761716706463168e-07,1.1687728045409298e-07,1.1614606401002276e-07,1.154233855954561e-07,1.1470911562898887e-07,1.140031270210904e-07,1.1330529511891279e-07,1.1261549764648467e-07,1.1193361465064033e-07,1.1125952844734866e-07,1.1059312356728167e-07,1.0993428670592712e-07,1.0928290667996458e-07,1.0863887436782758e-07,1.0800208267084556e-07,1.0737242646262859e-07,1.0674980255005055e-07,1.0613410962637748e-07,1.0552524823025448e-07,1.0492312070356869e-07,1.0432763115313888e-07,1.0373868541038452e-07,1.0315619099460922e-07,1.0258005707490129e-07,1.0201019443624219e-07,1.0144651544221467e-07,1.0088893400209705e-07,1.0033736553661945e-07,9.979172694849754e-08,9.925193658748052e-08,9.871791421926676e-08,9.818958100058159e-08,9.766685944395011e-08,9.714967339185213e-08,9.663794798946056e-08,9.613160965599537e-08,9.563058606094722e-08,9.513480609407633e-08,9.464419984370636e-08,9.41586985708472e-08,9.367823468573362e-08,9.320274172456209e-08,9.27321543245345e-08,9.226640820389912e-08,9.180544014153084e-08,9.13491879514394e-08,9.089759046553254e-08,9.045058751154467e-08,9.000811989466659e-08,8.957012937733975e-08,8.913655865976076e-08,8.870735136400173e-08,8.828245201339565e-08,8.786180601590232e-08,8.74453596475115e-08,8.703306003361678e-08,8.6624855136495e-08,8.622069373457807e-08,8.582052540963335e-08,8.542430053112756e-08,8.503197024088635e-08,8.464348643863476e-08,8.425880176763193e-08,8.38778695996287e-08,8.350064402578962e-08,8.312707983561322e-08,8.27571325115262e-08,8.239075821053326e-08,8.20279137547297e-08,8.166855661874165e-08,8.131264491499693e-08,8.096013738738516e-08,8.061099339522738e-08,8.026517290350344e-08,7.992263647216716e-08,7.958334524519866e-08,7.924726094074002e-08,7.891434583928505e-08,7.8584562774911e-08,7.825787512557435e-08,7.793424680188819e-08,7.761364223909054e-08,7.729602638886865e-08,7.698136470756613e-08,7.66696231501816e-08,7.636076815670484e-08,7.605476665036321e-08,7.575158602489334e-08,7.545119413803825e-08,7.515355930248166e-08,7.485865027911506e-08,7.456643626868523e-08,7.427688690417864e-08,7.398997224403813e-08,7.370566276500447e-08,7.342392935380218e-08,7.314474330277593e-08,7.286807629838813e-08,7.259390041974992e-08,7.232218813116535e-08,7.205291227128655e-08,7.17860460537705e-08,7.152156305472366e-08,7.125943720933755e-08,7.099964280856543e-08,7.074215448857393e-08,7.048694722785515e-08,7.023399634061038e-08,6.998327747214844e-08,6.973476659463855e-08,6.948843999840779e-08,6.924427428895926e-08,6.900224638261888e-08,6.876233349982028e-08,6.852451316148861e-08,6.828876318356731e-08,6.805506167275925e-08,6.782338702110012e-08,6.759371790391229e-08,6.736603327192638e-08,6.714031234871919e-08,6.691653462642211e-08,6.669467986221062e-08,6.64747280723045e-08,6.625665952910056e-08,6.604045475749525e-08,6.582609453064301e-08,6.561355986598116e-08,6.540283202160178e-08,6.519389249334404e-08,6.498672300811107e-08,6.478130552500689e-08,6.457762222845994e-08,6.437565552518969e-08,6.417538804344294e-08,6.397680262582076e-08,6.377988232822461e-08,6.358461041663848e-08,6.339097036251947e-08,6.319894584409005e-08,6.300852073705932e-08,6.281967911554775e-08,6.263240524862038e-08,6.244668359532073e-08,6.22624988071708e-08,6.207983572037057e-08,6.189867935320737e-08,6.171901490581958e-08,6.154082775587491e-08,6.136410345730352e-08,6.118882773814751e-08,6.101498649579009e-08,6.084256579504203e-08,6.067155186731625e-08,6.050193110663005e-08,6.033369006857369e-08,6.016681546741318e-08,6.00012941743966e-08,5.983711321374033e-08,5.967425976217135e-08,5.95127211466453e-08,5.9352484840766984e-08,5.919353846560921e-08,5.903586978478528e-08,5.887946670341683e-08,5.872431726724497e-08,5.8570409658710586e-08,5.841773219677362e-08,5.8266273334566346e-08,5.8116021655871044e-08,5.796696587617045e-08,5.781909483915567e-08,5.767239751522425e-08,5.7526862999529846e-08,5.7382480510869597e-08,5.7239239389504746e-08,5.709712909572551e-08,5.695613920816757e-08,5.6816259422260665e-08,5.667747954857336e-08,5.6539789511114686e-08,5.640317934679324e-08,5.626763920233747e-08,5.613315933391581e-08,5.599973010545879e-08,5.586734198695853e-08,5.573598555286864e-08,5.5605651482832013e-08,5.547633055639481e-08,5.534801365586068e-08,5.522069176161683e-08,5.5094355952720955e-08,5.496899740474756e-08,5.484460738915707e-08,5.472117727167286e-08,5.4598698511708374e-08,5.447716266002441e-08,5.435656135789005e-08,5.42368863371081e-08,5.4118129416974024e-08,5.4000282503911836e-08,5.388333759125963e-08,5.376728675865998e-08,5.365212216720781e-08,5.3537836062085014e-08,5.3424420770370904e-08,5.3311868700096374e-08,5.320017233853777e-08,5.3089324252819427e-08,5.297931708689894e-08,5.2870143562134255e-08,5.276179647556038e-08,5.265426869926398e-08,5.2547553178666196e-08,5.24416429341113e-08,5.233653105603209e-08,5.223221070778089e-08,5.212867512175244e-08,5.20259176009246e-08,5.1923931516739706e-08,5.182271030812467e-08,5.172224748056342e-08,5.162253660767417e-08,5.15235713267287e-08,5.142534533991539e-08,5.1327852413441083e-08,5.123108637638026e-08,5.113504112048367e-08,5.1039710598717635e-08,5.0945088824892345e-08,5.085116987272295e-08,5.075794787514625e-08,5.066541702455259e-08,5.057357157085965e-08,5.048240582069279e-08,5.039191413735328e-08,5.030209094083243e-08,5.02129307056108e-08,5.012442796095022e-08,5.003657728972835e-08,4.994937332906007e-08,4.9862810768022905e-08,4.9776884347571995e-08,4.9691588860255066e-08,4.960691915007174e-08,4.952287011025727e-08,4.9439436685023507e-08,4.9356613865703534e-08,4.927439669406526e-08,4.919278025918105e-08,4.9111759697528286e-08,4.9031330191482554e-08,4.8951486972299534e-08,4.8872225314729516e-08,4.8793540539332995e-08,4.871542801143091e-08,4.863788314124945e-08,4.856090138227518e-08,4.848447823072559e-08,4.8408609226357576e-08,4.83332899508691e-08,4.825851602799352e-08,4.818428312253162e-08,4.811058694013543e-08,4.803742322699302e-08,4.7964787769355177e-08,4.7892676392722975e-08,4.782108496198784e-08,4.775000938026493e-08,4.767944558925211e-08,4.7609389568201296e-08,4.753983733331602e-08,4.747078493896905e-08,4.740222847496877e-08,4.733416406823173e-08,4.726658787993323e-08,4.7199496107678545e-08,4.7132884984206147e-08,4.7066750776169145e-08,4.700108978484574e-08,4.6935898345249165e-08,4.687117282577356e-08,4.680690962811506e-08,4.6743105186278646e-08,4.6679755967316605e-08,4.6616858469879015e-08,4.655440922439071e-08,4.649240479268189e-08,4.643084176756946e-08,4.636971677256128e-08,4.630902646154532e-08,4.6248767518589286e-08,4.618893665704558e-08,4.612953062041925e-08,4.607054618022588e-08,4.6011980137752626e-08,4.5953829322362506e-08,4.5896090591622337e-08,4.583876083085909e-08,4.578183695337239e-08,4.5725315899470506e-08,4.5669194636338874e-08,4.561347015832523e-08,4.555813948589832e-08,4.550319966574631e-08,4.544864777052027e-08,4.539448089821032e-08,4.534069617304122e-08,4.5287290743502235e-08,4.523426178289201e-08,4.5181606489971814e-08,4.5129322087086326e-08,4.507740582052004e-08,4.502585496116243e-08,4.4974666802914135e-08,4.492383866307075e-08,4.4873367882661954e-08,4.48232518244305e-08,4.477348787479914e-08,4.472407344226477e-08,4.467500595791706e-08,4.462628287365825e-08,4.457790166438872e-08,4.4529859825726456e-08,4.448215487526976e-08,4.443478435135023e-08,4.4387745813130674e-08,4.4341036840565955e-08,4.4294655034006195e-08,4.4248598014034633e-08,4.420286342161882e-08,4.4157448917189424e-08,4.4112352181362854e-08,4.406757091327332e-08,4.402310283222773e-08,4.397894567637463e-08,4.393509720263668e-08,4.38915551868202e-08,4.3848317422893575e-08,4.38053817239683e-08,4.37627459206833e-08,4.3720407861553796e-08,4.367836541336894e-08,4.363661646027569e-08,4.3595158903973445e-08,4.355399066351928e-08,4.351310967501121e-08,4.347251389157438e-08,4.345712362305513e-08,4.345712362305502e-08,4.345712362305491e-08,4.3457123623054804e-08,4.345712362305469e-08,4.3457123623054585e-08,4.3457123623054466e-08,4.3457123623054354e-08,4.345712362305424e-08,4.3457123623054135e-08,4.345712362305402e-08,4.3457123623053924e-08,4.3457123623053805e-08,4.34571236230537e-08,4.3457123623053586e-08,4.3457123623053474e-08,4.345712362305337e-08,4.3457123623053255e-08,4.345712362305315e-08,4.345712362305303e-08,4.3457123623052924e-08,4.345712362305281e-08,4.3457123623052706e-08,4.345712362305259e-08,4.345712362305248e-08,4.345712362305237e-08,4.3457123623052256e-08,4.3457123623052144e-08,4.345712362305204e-08,4.345712362305193e-08,4.345712362305181e-08,4.34571236230517e-08,4.345712362305159e-08,4.345712362305148e-08,4.345712362305138e-08,4.345712362305128e-08,4.3457123623051164e-08,4.345712362305106e-08,4.345712362305094e-08,4.3457123623050833e-08,4.345712362305073e-08,4.345712362305061e-08,4.3457123623050496e-08,4.345712362305039e-08,4.345712362305028e-08,4.3457123623050165e-08,4.345712362305006e-08,4.3457123623049947e-08,4.345712362304984e-08,4.345712362304972e-08,4.3457123623049616e-08,4.3457123623049497e-08,4.345712362304939e-08,4.3457123623049285e-08,4.345712362304917e-08,4.3457123623049066e-08,4.3457123623048954e-08,4.345712362304885e-08,4.345712362304873e-08,4.345712362304862e-08,4.345712362304851e-08,4.3457123623048405e-08,4.345712362304829e-08,4.3457123623048186e-08,4.345712362304806e-08,4.3457123623047955e-08,4.345712362304784e-08,4.3457123623047736e-08,4.3457123623047624e-08,4.345712362304752e-08,4.3457123623047406e-08,4.345712362304729e-08,4.345712362304718e-08,4.345712362304707e-08,4.345712362304696e-08,4.345712362304685e-08,4.345712362304674e-08,4.3457123623046625e-08,4.345712362304652e-08,4.345712362304641e-08,4.345712362304631e-08,4.345712362304619e-08,4.345712362304608e-08,4.345712362304597e-08,4.345712362304586e-08,4.345712362304575e-08,4.345712362304564e-08,4.3457123623045526e-08,4.3457123623045414e-08,4.34571236230453e-08,4.345712362304519e-08,4.345712362304508e-08,4.345712362304497e-08,4.3457123623044864e-08,4.3457123623044745e-08,4.345712362304464e-08,4.345712362304453e-08,4.3457123623044414e-08,4.345712362304431e-08,4.3457123623044196e-08,4.345712362304409e-08,4.345712362304398e-08,4.345712362304387e-08,4.345712362304376e-08,4.345712362304365e-08,4.3457123623043534e-08,4.345712362304343e-08,4.345712362304332e-08,4.345712362304321e-08,4.3457123623043084e-08,4.345712362304298e-08,4.345712362304287e-08,4.345712362304276e-08,4.3457123623042654e-08,4.345712362304254e-08,4.345712362304243e-08,4.3457123623042317e-08,4.345712362304222e-08,4.3457123623042105e-08,4.3457123623042e-08,4.345712362304188e-08,4.345712362304177e-08,4.345712362304166e-08,4.345712362304155e-08,4.345712362304144e-08,4.345712362304133e-08,4.3457123623041225e-08,4.3457123623041106e-08,4.345712362304099e-08,4.345712362304088e-08,4.3457123623040775e-08,4.345712362304066e-08,4.345712362304056e-08,4.345712362304045e-08,4.345712362304034e-08,4.345712362304022e-08,4.345712362304011e-08,4.345712362304001e-08,4.3457123623039895e-08,4.345712362303979e-08,4.345712362303968e-08,4.345712362303957e-08,4.345712362303946e-08,4.345712362303935e-08,4.345712362303924e-08,4.3457123623039134e-08,4.345712362303902e-08,4.34571236230389e-08,4.3457123623038796e-08,4.3457123623038684e-08,4.345712362303858e-08,4.3457123623038465e-08,4.345712362303836e-08,4.345712362303825e-08,4.345712362303813e-08,4.345712362303802e-08,4.3457123623037916e-08,4.3457123623037804e-08,4.34571236230377e-08,4.3457123623037585e-08,4.345712362303747e-08,4.345712362303737e-08,4.345712362303725e-08,4.3457123623037135e-08,4.345712362303703e-08,4.3457123623036923e-08,4.3457123623036804e-08,4.34571236230367e-08,4.3457123623036586e-08,4.345712362303648e-08,4.345712362303636e-08,4.3457123623036255e-08,4.345712362303614e-08,4.345712362303603e-08,4.3457123623035924e-08,4.345712362303581e-08,4.3457123623035706e-08,4.3457123623035593e-08,4.345712362303548e-08,4.345712362303537e-08,4.345712362303526e-08,4.345712362303515e-08,4.3457123623035044e-08,4.345712362303493e-08,4.3457123623034826e-08,4.3457123623034707e-08,4.3457123623034594e-08,4.345712362303448e-08,4.3457123623034376e-08,4.345712362303426e-08,4.345712362303416e-08,4.345712362303405e-08,4.3457123623033926e-08,4.345712362303382e-08,4.345712362303371e-08,4.34571236230336e-08,4.345712362303349e-08,4.345712362303338e-08,4.345712362303327e-08,4.345712362303316e-08,4.3457123623033046e-08,4.345712362303294e-08,4.345712362303283e-08,4.345712362303272e-08,4.345712362303261e-08,4.3457123623032496e-08,4.345712362303239e-08,4.345712362303228e-08,4.3457123623032166e-08,4.345712362303205e-08,4.345712362303195e-08,4.345712362303183e-08,4.345712362303172e-08,4.345712362303161e-08,4.3457123623031504e-08,4.34571236230314e-08,4.672145092864252e-08,5.1838040986825535e-08,5.7727139782227965e-08,6.379480814147663e-08,6.975387500332806e-08,7.54749690257721e-08,8.090472124152647e-08,8.60255285767156e-08,9.083653263300946e-08,9.534474556536989e-08,9.956090312815748e-08,1.034974969536079e-07,1.0716780989927298e-07,1.1058541637098685e-07,1.1376390245106495e-07,1.1671669417562604e-07,1.1945694284705877e-07,1.2199744360328423e-07,1.2435057578744992e-07,1.265282592023933e-07,1.2854192284641172e-07,1.3040248388526908e-07,1.3212033518508985e-07,1.337053400370311e-07,1.3516683288871508e-07,1.3651362506242425e-07,1.3775401453754072e-07,1.3889579900237742e-07,1.399462914683644e-07,1.4091233783819055e-07,1.4180033590166732e-07,1.4261625530907879e-07,1.4336565813881262e-07,1.440537197468241e-07,1.4468524962507435e-07,1.4526471205757856e-07,1.4579624639847965e-07,1.4628368683233509e-07,1.4673058151218135e-07,1.4714021098945211e-07,1.4751560588485557e-07,1.4785956375568415e-07,1.4817466513922735e-07,1.4846328876157927e-07,1.4872762591309791e-07,1.4896969399983638e-07,1.4919134928705404e-07,1.493942988592138e-07,1.4958011181781433e-07,1.4975022975089186e-07,1.4990597650349765e-07,1.5004856728286955e-07,1.501791171280528e-07,1.502986487810625e-07,1.5040809999775385e-07,1.505083303190359e-07,1.506001273458344e-07,1.5068421254465254e-07,1.5076124661379486e-07,1.508318344405862e-07,1.5089652967643685e-07,1.5095583895537213e-07,1.5101022578409326e-07,1.5106011412196009e-07,1.5110589167843134e-07,1.5114791294560206e-07,1.5118650198683243e-07,1.5122195499913396e-07,1.5125454266705826e-07,1.5128451232406099e-07,1.5131208993578705e-07,1.5133748191971033e-07,1.5136087681394824e-07,1.5138244680623508e-07,1.5140234913681344e-07,1.5142072738193158e-07,1.514377126301663e-07,1.5145342455929104e-07,1.5146797242197654e-07,1.5148145594763308e-07,1.514939661678226e-07,1.5150558617116796e-07,1.5151639179311131e-07,1.51526452247349e-07,1.51535830702545e-07,1.5154458480969023e-07,1.5155276718335326e-07,1.5156042584239517e-07,1.5156760461165222e-07,1.515743434891653e-07,1.5158067898146823e-07,1.51586644409702e-07,1.5159227018913253e-07,1.5159758408442198e-07,1.516026114422154e-07,1.5160737540383542e-07,1.5161189709916595e-07,1.516161958236322e-07,1.5162028919953777e-07,1.5162419332342595e-07,1.516279229003777e-07,1.5163149136653506e-07,1.516349110008779e-07,1.516381930271182e-07,1.5164134770665107e-07,1.5164438442326347e-07,1.5164731176052732e-07,1.516501375720799e-07,1.5165286904598387e-07,1.5165551276324908e-07,1.5165807475122137e-07,1.5166056053224283e-07,1.516629751680225e-07,1.516653233000548e-07,1.5166760918657925e-07,1.516698367359378e-07,1.516720095373599e-07,1.5167413088904052e-07,1.5167620382320687e-07,1.5167823112962704e-07,1.5168021537655914e-07,1.5168215893010198e-07,1.5168406397165512e-07,1.5168593251399255e-07,1.5168776641582187e-07,1.5168956739518954e-07,1.5169133704131915e-07,1.516930768260183e-07,1.5169478811341497e-07,1.5169647216923263e-07,1.5169813016934728e-07,1.5169976320714477e-07,1.517013723006018e-07,1.5170295839869338e-07,1.5170452238699004e-07,1.5170606509309093e-07,1.517075872913726e-07,1.517090897073696e-07,1.517105730217744e-07,1.5171203787406503e-07,1.517134848658963e-07,1.5171491456401773e-07,1.517163275032743e-07,1.51717724188848e-07,1.5171910509882822e-07,1.51720470686117e-07,1.5172182138046737e-07,1.5172315759026531e-07,1.5172447970399545e-07,1.5172578809194483e-07,1.5172708310725248e-07,1.5172836508737348e-07,1.5172963435513597e-07,1.517308912197891e-07,1.5173213597780373e-07,1.517333689139551e-07,1.5173459030194834e-07,1.517358004052162e-07,1.5173699947757811e-07,1.5173818776381092e-07,1.5173936550023959e-07,1.5174053291523949e-07,1.51741690229725e-07,1.5174283765758005e-07,1.5174397540602358e-07,1.517451036760312e-07,1.5174622266261894e-07,1.517473325551979e-07,1.5174843353786507e-07,1.5174952578960956e-07,1.5175060948466665e-07,1.5175168479259751e-07,1.5175275187869043e-07,1.5175381090396732e-07,1.5175486202548214e-07,1.5175590539651364e-07,1.517569411664628e-07,1.5175796948146308e-07,1.517589904841225e-07,1.5176000431379812e-07,1.5176101110673768e-07,1.5176201099614388e-07,1.5176300411229936e-07,1.5176399058261652e-07,1.5176497053186555e-07,1.5176594408209154e-07,1.5176691135280297e-07,1.517678724609931e-07,1.517688275213284e-07,1.5176977664605392e-07,1.517707199451175e-07,1.517716575263879e-07,1.5177258949551728e-07,1.5177351595589156e-07,1.5177443700900686e-07,1.517753527544911e-07,1.5177626328989652e-07,1.517771687108406e-07,1.5177806911111316e-07,1.5177896458265226e-07,1.5177985521577146e-07,1.5178074109902158e-07,1.5178162231920644e-07,1.51782498961564e-07,1.5178337110965982e-07,1.517842388455189e-07,1.517851022496397e-07,1.5178596140093526e-07,1.5178681637690695e-07,1.517876672535666e-07,1.5178851410558392e-07,1.5178935700616696e-07,1.5179019602725798e-07,1.5179103123930925e-07,1.5179186271149589e-07,1.517926905119889e-07,1.5179351470743562e-07,1.5179433536330626e-07,1.517951525438199e-07,1.5179596631209538e-07,1.5179677673017274e-07,1.517975838587679e-07,1.5179838775754338e-07,1.5179918848515817e-07,1.5179998609910346e-07,1.5180078065581705e-07,1.518015722107314e-07,1.518023608183558e-07,1.5180314653206467e-07,1.5180392940431427e-07,1.5180470948660437e-07,1.518054868294873e-07,1.518062614826009e-07,1.518070334946799e-07,1.5180780291358187e-07,1.5180856978626233e-07,1.5180933415882995e-07,1.518100960765355e-07,1.5181085558394614e-07,1.518116127246853e-07,1.5181236754166652e-07,1.5181312007638548e-07,1.518138703709676e-07,1.5181461846551137e-07,1.5181536440000142e-07,1.5181610821348365e-07,1.5181684994433768e-07,1.5181758963027188e-07,1.5181832730834078e-07,1.5181906301478492e-07,1.518197967852328e-07,1.5182052865479136e-07,1.518212586578273e-07,1.5182198682811952e-07,1.5182271319880495e-07,1.5182343780244478e-07,1.5182416067101275e-07,1.5182488183585216e-07,1.5182560132779223e-07,1.5182631917708194e-07,1.5182703541339802e-07,1.5182775006597142e-07,1.518284631633634e-07,1.518291747337498e-07,1.5182988480465597e-07,1.5183059340274647e-07,1.5183130055560968e-07,1.5183200628885144e-07,1.518327106286639e-07,1.5183341359887434e-07,1.5183411522579845e-07,1.5183481553262096e-07,1.518355145434824e-07,1.5183621228186425e-07,1.5183690877073724e-07,1.5183760403258595e-07,1.5183829808986163e-07,1.5183899096401228e-07,1.51839682676558e-07,1.5184037324839772e-07,1.5184106270009343e-07,1.5184175105193309e-07,1.5184243832374152e-07,1.5184312453502594e-07,1.5184380970506267e-07,1.5184449385235635e-07,1.5184517699553733e-07,1.518458591526224e-07,1.5184654034114257e-07,1.5184722057929092e-07,1.5184789988377557e-07,1.5184857827152078e-07,1.5184925575901555e-07,1.5184993236247038e-07,1.5185060809715834e-07,1.5185128298029348e-07,1.518519570261414e-07,1.5185263025006542e-07,1.5185330266691993e-07,1.51853974291009e-07,1.5185464513683525e-07,1.5185531521775378e-07,1.5185598454869482e-07,1.518566531429967e-07,1.5185732101313876e-07,1.518579881723754e-07,1.518586546338449e-07,1.5185932040960632e-07,1.5185998551273232e-07,1.5186064995477298e-07,1.5186131374787e-07,1.5186197690361685e-07,1.5186263943345935e-07,1.5186330134867412e-07,1.5186396266075813e-07,1.5186462337964657e-07,1.518652835164572e-07,1.518659430815725e-07,1.518666020853924e-07,1.518672605379706e-07,1.518679184492071e-07,1.5186857582879248e-07,1.5186923268635296e-07,1.518698890311015e-07,1.5187054487305535e-07,1.5187120022043223e-07,1.5187185508238068e-07,1.518725094661866e-07,1.518731633821846e-07,1.5187381683820262e-07,1.5187446984257677e-07,1.51875122403459e-07,1.5187577452844636e-07,1.5187642622556917e-07,1.5187707750264446e-07,1.5187772836686765e-07,1.5187837882593052e-07,1.5187902888719512e-07,1.518796785574053e-07,1.5188032784390443e-07,1.5188097675326135e-07,1.5188162529239193e-07,1.5188227346793276e-07,1.5188292128617727e-07,1.5188356875372425e-07,1.5188421587665996e-07,1.5188486266152894e-07,1.5188550911420369e-07,1.518861552401401e-07,1.518868010455756e-07,1.518874465361036e-07,1.5188809171731962e-07,1.5188873659462596e-07,1.518893811739426e-07,1.518900254602704e-07,1.5189066945873738e-07,1.5189131317453973e-07,1.5189195661277796e-07,1.5189259977801958e-07,1.5189324267568475e-07,1.5189388531016806e-07,1.5189452768803563e-07,1.5189516981037482e-07,1.5189581168353455e-07,1.5189645331198672e-07,1.518970946997665e-07,1.5189773585142399e-07,1.5189837677088155e-07,1.51899017462424e-07,1.518996579299858e-07,1.5190029817760828e-07,1.5190093820948972e-07,1.5190157802885935e-07,1.5190221763981234e-07,1.5190285704588167e-07,1.519034962507232e-07,1.5190413525791367e-07,1.5190477407105705e-07,1.519054126914599e-07,1.5190605112644427e-07,1.519066893765788e-07,1.5190732744681306e-07,1.51907965339439e-07,1.5190860305755454e-07,1.5190924060422427e-07,1.51909877982498e-07,1.5191051519531852e-07,1.5191115224559316e-07,1.519117891357651e-07,1.5191242586948964e-07,1.5191306244897006e-07,1.5191369887687194e-07,1.5191433515450693e-07,1.519149712878424e-07,1.5191560727717896e-07,1.5191624312540564e-07,1.5191687883514103e-07,1.5191751440859335e-07,1.5191814984804196e-07,1.5191878515597255e-07,1.519194203344552e-07,1.5192005538529283e-07,1.5192069031154466e-07,1.51921325115866e-07,1.5192195979961092e-07,1.5192259436481308e-07,1.5192322881278768e-07,1.5192386314728583e-07,1.51924497369604e-07,1.5192513148151597e-07,1.519257654849075e-07,1.5192639938165637e-07,1.519270331746876e-07,1.5192766686356985e-07,1.5192830045126513e-07,1.5192893393984156e-07,1.5192956733025479e-07,1.5193020062612895e-07,1.5193083382603152e-07,1.5193146693301853e-07,1.519320999495177e-07,1.5193273287536646e-07,1.5193336571315832e-07,1.519339984643782e-07,1.519346311303963e-07,1.519352637124384e-07,1.5193589621263114e-07,1.5193652863171866e-07,1.5193716097122906e-07,1.5193779323237048e-07,1.519384254164982e-07,1.5193905752287557e-07,1.5193968955741892e-07,1.519403215192889e-07,1.5194095340895808e-07,1.5194158522796275e-07,1.519422169775692e-07,1.5194284866024832e-07,1.5194348027445566e-07,1.5194411182265407e-07,1.5194474330629473e-07,1.5194537472599057e-07,1.5194600608267788e-07,1.5194663737764759e-07,1.5194726861191695e-07,1.519478997864507e-07,1.5194853090231444e-07,1.5194916196043735e-07,1.5194979296279667e-07,1.5195042390827277e-07,1.5195105479880958e-07,1.5195168563536712e-07,1.519523164187085e-07,1.5195294714976726e-07,1.5195357782937637e-07,1.5195420845835698e-07,1.519548390375965e-07,1.5195546956786512e-07,1.5195610004991044e-07,1.5195673048459238e-07,1.519573608728088e-07,1.519579912149615e-07,1.519586215119517e-07,1.51959251764331e-07,1.5195988197318412e-07,1.5196051213907365e-07,1.5196114226344125e-07,1.5196177234525972e-07,1.519624023860618e-07,1.519630323859887e-07,1.519636623467081e-07,1.5196429226832368e-07,1.5196492215145053e-07,1.5196555199673515e-07,1.519661818045083e-07,1.5196681157573007e-07,1.5196744131144098e-07,1.5196807101047017e-07,1.519687006749116e-07,1.5196933030484335e-07,1.519699599008212e-07,1.519705894633465e-07,1.5197121899290907e-07,1.5197184849005656e-07,1.51972477955529e-07,1.5197310738924623e-07,1.519737367919251e-07,1.5197436616414317e-07,1.5197499550633032e-07,1.5197562481892122e-07,1.5197625410226743e-07,1.5197688335683318e-07,1.519775125830453e-07,1.519781417790919e-07,1.519787709496455e-07,1.5197940009352963e-07,1.5198002921029024e-07,1.5198065830107963e-07,1.5198128736562447e-07,1.5198191640485658e-07,1.5198254541918838e-07,1.519831744084319e-07,1.5198380337197928e-07,1.5198443231266585e-07,1.519850612280566e-07,1.5198569012152592e-07,1.5198631899185693e-07,1.5198694783968524e-07,1.5198757666477694e-07,1.5198820546789285e-07,1.519888342487729e-07,1.5198946300732335e-07,1.5199009174558973e-07,1.5199072046280474e-07,1.5199134915825638e-07,1.5199197783435596e-07,1.519926064902e-07,1.5199323512614196e-07,1.5199386374269258e-07,1.5199449233984425e-07,1.5199512091885315e-07,1.519957494792814e-07,1.5199637801992642e-07,1.5199700654213952e-07,1.5199763504619965e-07,1.519982635327966e-07,1.51998892001525e-07,1.5199952045259076e-07,1.5200014888400397e-07,1.520007773008727e-07,1.5200140570080991e-07,1.5200203408433772e-07,1.5200266245143924e-07,1.520032908024566e-07,1.5200391913741832e-07,1.5200454745653966e-07,1.5200517575982404e-07,1.5200580404753133e-07,1.5200643232106365e-07,1.5200706057898431e-07,1.520076888217735e-07,1.5200831705010253e-07,1.520089452639358e-07,1.52009573463245e-07,1.5201020164844076e-07,1.5201082981948287e-07,1.5201145797794868e-07,1.5201208612159234e-07,1.5201271425163564e-07,1.52013342367161e-07,1.5201397047032703e-07,1.520145985604609e-07,1.520152266375475e-07,1.520158547018503e-07,1.5201648275362645e-07,1.520171107927862e-07,1.5201773881934729e-07,1.5201836683362334e-07,1.520189948354149e-07,1.5201962282543584e-07,1.5202025080360905e-07,1.520208787698569e-07,1.5202150672440033e-07,1.5202213466699386e-07,1.5202276259872206e-07,1.5202339051854192e-07,1.5202401842706318e-07,1.5202464632479955e-07,1.5202527421134997e-07,1.5202590208715503e-07,1.5202652994929447e-07,1.520271578034172e-07,1.520277856461877e-07,1.5202841347926477e-07,1.520290413015424e-07,1.5202966911338903e-07,1.520302969150178e-07,1.5203092470660223e-07,1.5203155248823015e-07,1.5203218025979261e-07,1.5203280802160547e-07,1.52033435770496e-07,1.52034063512328e-07,1.5203469124323654e-07,1.5203531896551905e-07,1.5203594667776695e-07,1.520365743801405e-07,1.5203720207468572e-07,1.520378297599885e-07,1.5203845743829925e-07,1.5203908510504796e-07,1.5203971276272852e-07,1.52040340408912e-07,1.5204096804852005e-07,1.520415956796262e-07,1.5204222330177655e-07,1.5204285091440017e-07,1.52043478519428e-07,1.5204410611440678e-07,1.5204473370340143e-07,1.5204536128226833e-07,1.5204598885270174e-07,1.5204661641468769e-07,1.5204724397139403e-07,1.5204787151677564e-07,1.5204849905332522e-07,1.5204912658244285e-07,1.5204975410409706e-07,1.5205038161688768e-07,1.5205100912165815e-07,1.5205163661880235e-07,1.5205226410770235e-07,1.5205289158856968e-07,1.520535190614694e-07,1.5205414652785536e-07,1.5205477398544114e-07,1.5205540143524883e-07,1.5205602887660447e-07,1.520566563111378e-07,1.520572837385539e-07,1.5205791115747112e-07,1.5205853856955934e-07,1.5205916597419913e-07,1.5205979337089272e-07,1.5206042076053105e-07,1.5206104814257438e-07,1.5206167551838172e-07,1.5206230288617774e-07,1.520629302465133e-07,1.5206355760007113e-07,1.5206418494632285e-07,1.520648122856031e-07,1.5206543961851824e-07,1.520660669430803e-07,1.5206669426296472e-07,1.5206732157341235e-07,1.5206794887738958e-07,1.5206857617416888e-07,1.520692034641648e-07,1.5206983074654734e-07,1.520704580222782e-07,1.52071085291801e-07,1.5207171255552428e-07,1.5207233981519449e-07,1.5207296706449203e-07,1.5207359430670467e-07,1.5207422154252383e-07,1.5207484877122431e-07,1.5207547599491174e-07,1.5207610321060272e-07,1.520767304187018e-07,1.5207735762114222e-07,1.5207798481684103e-07,1.520786120057246e-07,1.5207923918893508e-07,1.5207986636557393e-07,1.5208049353574438e-07,1.520811207002204e-07,1.520817478575263e-07,1.5208237500827113e-07,1.5208300215162322e-07,1.5208362928978154e-07,1.5208425642143087e-07,1.5208488354743244e-07,1.520855106667443e-07,1.5208613777973422e-07,1.5208676488621724e-07,1.5208739198629532e-07,1.5208801908036995e-07,1.5208864616721213e-07,1.5208927324871115e-07,1.5208990032392283e-07,1.520905273928575e-07,1.5209115445608016e-07,1.5209178151303339e-07,1.5209240856399057e-07,1.5209303560802972e-07,1.5209366264628228e-07,1.520942896804047e-07,1.5209491670624384e-07,1.52095543726611e-07,1.5209617074068939e-07,1.5209679775135782e-07,1.520974247534374e-07,1.5209805174930775e-07,1.5209867873933233e-07,1.5209930572443516e-07,1.520999327026037e-07,1.521005596746518e-07,1.5210118664120779e-07,1.5210181360147704e-07,1.521024405557097e-07,1.5210306750382777e-07,1.5210369444628612e-07,1.521043213827795e-07,1.5210494831356934e-07,1.5210557523842886e-07,1.5210620215735653e-07,1.5210682907053425e-07,1.5210745597694851e-07,1.5210808287835144e-07,1.5210870977333029e-07,1.521093366632461e-07,1.521099635470103e-07,1.521105904249623e-07,1.5211121729731574e-07,1.5211184416547482e-07,1.521124710264625e-07,1.5211309788135378e-07,1.521137247301667e-07,1.5211435157317707e-07,1.521149784107474e-07,1.5211560524142978e-07,1.521162320676054e-07,1.5211685888817323e-07,1.5211748570456656e-07,1.5211811251370195e-07,1.5211873931719954e-07,1.5211936611440182e-07,1.5211999290567686e-07,1.5212061969189768e-07,1.5212124647268603e-07,1.5212187324765441e-07,1.521225000168607e-07,1.5212312678066455e-07,1.521237535387913e-07,1.5212438029122985e-07,1.5212500703794167e-07,1.5212563377882217e-07,1.5212626051424134e-07,1.5212688724406938e-07,1.5212751396829241e-07,1.5212814068688694e-07,1.5212876739982777e-07,1.5212939410706303e-07,1.5213002080939834e-07,1.5213064750415628e-07,1.5213127419484155e-07,1.5213190087975328e-07,1.5213252755907503e-07,1.5213315422969536e-07,1.521337808977757e-07,1.5213440756057037e-07,1.5213503421977373e-07,1.5213566087142405e-07,1.5213628751729558e-07,1.521369141576238e-07,1.5213754079515528e-07,1.5213816742467774e-07,1.521387940483475e-07,1.5213942066730012e-07,1.5214004728017907e-07,1.521406738897419e-07,1.5214130049154965e-07,1.5214192709159604e-07,1.5214255368228873e-07,1.521431802675273e-07,1.5214380685003033e-07,1.5214443342422658e-07,1.5214505999362705e-07,1.521456865560718e-07,1.5214631311571957e-07,1.5214693966777852e-07,1.5214756621449194e-07,1.521481927556881e-07,1.5214881929351073e-07,1.521494458230601e-07,1.5215007234758314e-07,1.5215069886690258e-07,1.5215132538020938e-07,1.5215195188852836e-07,1.5215257839142632e-07,1.5215320488832834e-07,1.5215383138013168e-07,1.5215445786739677e-07,1.5215508434958192e-07,1.5215571082512035e-07,1.5215633729524165e-07,1.5215696375996027e-07,1.5215759021920172e-07,1.5215821667219422e-07,1.5215884312025363e-07,1.5215946956310045e-07,1.5216009600038893e-07,1.5216072243228129e-07,1.5216134885886237e-07,1.521619752803057e-07,1.5216260169569184e-07,1.5216322810851587e-07,1.5216385451331008e-07,1.5216448091249566e-07,1.5216510730592766e-07,1.5216573369395705e-07,1.5216636007618026e-07,1.5216698645385583e-07,1.5216761282562619e-07,1.5216823919244116e-07,1.521688655537377e-07,1.5216949190924437e-07,1.5217011825983402e-07,1.521707446049435e-07,1.5217137094594433e-07,1.5217199728030272e-07,1.5217262360899078e-07,1.521732499347718e-07,1.5217387625285646e-07,1.5217450256512272e-07,1.521751288722074e-07,1.5217575517357988e-07,1.5217638147014096e-07,1.521770077611478e-07,1.5217763404776048e-07,1.5217826032770476e-07,1.521788866019581e-07,1.5217951287132933e-07,1.5218013913506671e-07,1.5218076539488014e-07,1.5218139164895773e-07,1.5218201789660535e-07,1.5218264413889788e-07,1.5218327037595262e-07,1.5218389660743425e-07,1.5218452283354466e-07,1.5218514905435688e-07,1.5218577526919587e-07,1.521864014795618e-07,1.5218702768378244e-07,1.5218765388293952e-07,1.5218828007672945e-07,1.5218890626570385e-07,1.5218953244869242e-07,1.5219015862667558e-07,1.52190784799115e-07,1.5219141096603893e-07,1.521920371276983e-07,1.5219266328695964e-07,1.521932894378827e-07,1.521939155848375e-07,1.5219454172496938e-07,1.521951678596871e-07,1.5219579398903727e-07,1.521964201131437e-07,1.5219704623180862e-07,1.5219767234506272e-07,1.5219829845292672e-07,1.5219892455542636e-07,1.5219955065222758e-07,1.5220017674410198e-07,1.5220080283105745e-07,1.5220142891159945e-07,1.5220205498710995e-07,1.5220268105721235e-07,1.5220330712173624e-07,1.5220393318302481e-07,1.5220455923668072e-07,1.5220518528538892e-07,1.5220581132782643e-07,1.5220643736590442e-07,1.5220706340112126e-07,1.5220768943120472e-07,1.5220831545288839e-07,1.5220894146947416e-07,1.5220956747943383e-07,1.522101934851879e-07,1.522108194842017e-07,1.5221144548112198e-07,1.522120714731084e-07,1.5221269745767972e-07,1.5221332343677375e-07,1.5221394941034412e-07,1.522145753807694e-07,1.522152013433407e-07,1.522158272996182e-07,1.5221645325172768e-07,1.5221707919836563e-07,1.5221770513982283e-07,1.5221833107658997e-07,1.522189570072561e-07,1.5221958293279777e-07,1.5222020885698986e-07,1.522208347707402e-07,1.5222146068028244e-07,1.522220865847396e-07,1.5222271248325912e-07,1.5222333837643066e-07,1.522239642646425e-07,1.5222459014941656e-07,1.522252160273143e-07,1.522258418992311e-07,1.522264677663571e-07,1.5222709362750662e-07,1.522277194834378e-07,1.5222834533407513e-07,1.5222897117932376e-07,1.5222959701941543e-07,1.5223022285389586e-07,1.522308486834345e-07,1.522314745110432e-07,1.5223210032931704e-07,1.522327261426997e-07,1.5223335194981207e-07,1.5223397774946077e-07,1.5223460354628916e-07,1.5223522933802504e-07,1.5223585512679585e-07,1.52236480906509e-07,1.5223710668214814e-07,1.52237732452397e-07,1.5223835821679323e-07,1.5223898397575555e-07,1.5223960972982665e-07,1.5224023547862563e-07,1.5224086122222613e-07,1.5224148696026972e-07,1.5224211269313072e-07,1.5224273842288691e-07,1.5224336414504004e-07,1.5224398986168072e-07,1.522446155729462e-07,1.522452412790353e-07,1.5224586698174355e-07,1.5224649267466826e-07,1.5224711836509587e-07,1.522477440498313e-07,1.5224836972909424e-07,1.5224899540317586e-07,1.522496210715295e-07,1.5225024673474231e-07,1.5225087239324184e-07,1.5225149804620407e-07,1.5225212369339054e-07,1.5225274933518687e-07,1.5225337497177841e-07,1.522540006056738e-07,1.5225462623364613e-07,1.5225525185343127e-07,1.5225587746861729e-07,1.52256503078637e-07,1.5225712868501108e-07,1.52257754284457e-07,1.5225837987736531e-07,1.522590054657615e-07,1.5225963104790207e-07,1.5226025662544086e-07,1.5226088219769935e-07,1.5226150776476654e-07,1.5226213332614109e-07,1.5226275888197175e-07,1.5226338443261039e-07,1.5226400997829367e-07,1.5226463551868327e-07,1.5226526105375132e-07,1.5226588658345478e-07,1.522665121126523e-07,1.5226713763154334e-07,1.5226776314489082e-07,1.5226838865321574e-07,1.522690141561915e-07,1.5226963965167056e-07,1.522702651436005e-07,1.522708906304762e-07,1.522715161118179e-07,1.5227214158830518e-07,1.5227276705869491e-07,1.5227339252585398e-07,1.5227401798584456e-07,1.5227464344067692e-07,1.5227526889011272e-07,1.5227589433393135e-07,1.5227651977218836e-07,1.5227714520542468e-07,1.5227777063381275e-07,1.5227839605637607e-07,1.5227902147381586e-07,1.5227964688435983e-07,1.5228027229180202e-07,1.522808976931427e-07,1.522815230901486e-07,1.5228214848100385e-07,1.5228277386679604e-07,1.522833992467491e-07,1.5228402462136182e-07,1.5228464999092054e-07,1.5228527535532498e-07,1.5228590071386584e-07,1.5228652606693905e-07,1.5228715141473791e-07,1.5228777675731885e-07,1.5228840209421137e-07,1.5228902742587518e-07,1.522896527509994e-07,1.5229027807203007e-07,1.522909033878493e-07,1.5229152869824238e-07,1.5229215400331987e-07,1.5229277930291546e-07,1.522934045974021e-07,1.5229402988615817e-07,1.522946551720516e-07,1.5229528045085106e-07,1.5229590572360863e-07,1.5229653099111422e-07,1.522971562535031e-07,1.5229778151059139e-07,1.5229840676211953e-07,1.5229903200828e-07,1.5229965724906176e-07,1.523002824831445e-07,1.5230090771368126e-07,1.5230153293866397e-07,1.52302158160986e-07,1.5230278337514363e-07,1.5230340858426925e-07,1.523040337883533e-07,1.52304658984806e-07,1.5230528418007604e-07,1.5230590936731282e-07,1.5230653454855753e-07,1.523071597233015e-07,1.523077848947909e-07,1.523084100601691e-07,1.523090352208265e-07,1.5230966037629135e-07,1.5231028552627718e-07,1.52310910670915e-07,1.523115358113015e-07,1.5231216094540533e-07,1.5231278607068557e-07,1.5231341119396263e-07,1.5231403631199913e-07,1.5231466142439976e-07,1.523152865318199e-07,1.523159116359939e-07,1.5231653673215136e-07,1.5231716182333498e-07,1.5231778690942663e-07,1.5231841199007676e-07,1.5231903706529042e-07,1.5231966213513574e-07,1.5232028719975296e-07,1.5232091225882325e-07,1.5232153731273716e-07,1.5232216236113987e-07,1.5232278740400362e-07,1.5232341244380248e-07,1.5232403747612668e-07,1.523246625032965e-07,1.5232528752326402e-07,1.5232591253967326e-07,1.5232653755070538e-07,1.523271625565931e-07,1.5232778755713196e-07,1.5232841255120833e-07,1.5232903754173164e-07,1.5232966252459554e-07,1.5233028750367993e-07,1.523309124802643e-07,1.523315374507069e-07,1.5233216241463266e-07,1.5233278737210797e-07,1.5233341232440293e-07,1.523340372738033e-07,1.52334662215545e-07,1.523352871519021e-07,1.52335912083121e-07,1.5233653700874512e-07,1.5233716192887713e-07,1.5233778684393817e-07,1.523384117540394e-07,1.5233903665823978e-07,1.52339661557175e-07,1.523402864507216e-07,1.5234091133889232e-07,1.5234153622176377e-07,1.523421610983105e-07,1.5234278597016575e-07,1.5234341084031866e-07,1.5234403570180822e-07,1.523446605578743e-07,1.5234528540802713e-07,1.5234591025338686e-07,1.52346535093467e-07,1.5234715992819636e-07,1.5234778475858338e-07,1.5234840958265116e-07,1.5234903440073822e-07,1.523496592154111e-07,1.523502840234681e-07,1.52350908826118e-07,1.5235153362338323e-07,1.5235215841531164e-07,1.5235278320170535e-07,1.5235340798301422e-07,1.5235403275845146e-07,1.5235465752896476e-07,1.523552822941086e-07,1.5235590705293368e-07,1.523565318084576e-07,1.5235715655761916e-07,1.5235778129879222e-07,1.5235840603605516e-07,1.5235903076900925e-07,1.5235965549682462e-07,1.5236028021929416e-07,1.523609049361931e-07,1.523615296473777e-07,1.523621543537807e-07,1.5236277905478158e-07,1.523634037494195e-07,1.5236402843970258e-07,1.523646531245539e-07,1.523652778043091e-07,1.5236590247860852e-07,1.5236652714770882e-07,1.5236715181130186e-07,1.523677764695262e-07,1.5236840112233538e-07,1.5236902576954726e-07,1.5236965041161787e-07,1.5237027504843808e-07,1.5237089967843137e-07,1.5237152430457458e-07,1.5237214892485562e-07,1.5237277353941073e-07,1.5237339814999307e-07,1.5237402275478612e-07,1.5237464735423135e-07,1.5237527194821772e-07,1.5237589653693642e-07,1.5237652112036497e-07,1.5237714569851748e-07,1.5237777027107757e-07,1.5237839484038076e-07,1.523790194016591e-07,1.5237964396200776e-07,1.5238026851323948e-07,1.5238089306366588e-07,1.5238151760405198e-07,1.5238214213922686e-07,1.5238276666938983e-07,1.523833911937524e-07,1.5238401571287796e-07,1.523846402269101e-07,1.523852647355462e-07,1.523858892387634e-07,1.523865137390088e-07,1.5238713823512748e-07,1.5238776272040815e-07,1.5238838720213703e-07,1.52389011678878e-07,1.523896361499563e-07,1.5239026061586344e-07,1.5239088507540958e-07,1.5239150953039038e-07,1.5239213398298154e-07,1.5239275842717793e-07,1.5239338286609197e-07,1.5239400730006725e-07,1.523946317306537e-07,1.5239525615189165e-07,1.523958805699948e-07,1.5239650498273418e-07,1.5239712938924134e-07,1.5239775378995898e-07,1.5239837818595537e-07,1.523990025768316e-07,1.5239962696232923e-07,1.524002513424214e-07,1.524008757172064e-07,1.5240150008688218e-07,1.524021244509228e-07,1.5240274880948033e-07,1.5240337316292016e-07,1.5240399751073597e-07,1.5240462185334466e-07,1.5240524619065794e-07,1.5240587052255482e-07,1.524064948492545e-07,1.5240711917033417e-07,1.5240774348632541e-07,1.5240836779695605e-07,1.524089921044584e-07,1.5240961640436504e-07,1.524102406994466e-07,1.5241086498858868e-07,1.5241148927192407e-07,1.5241211355024426e-07,1.5241273782336844e-07,1.5241336209116348e-07,1.5241398635356564e-07,1.5241461061071702e-07,1.52415234862413e-07,1.5241585910875143e-07,1.5241648334974727e-07,1.5241710758594862e-07,1.524177318182372e-07,1.5241835604320305e-07,1.5241898026257282e-07,1.5241960447708125e-07,1.5242022868578148e-07,1.524208528893569e-07,1.524214770897109e-07,1.5242210128268394e-07,1.524227254704358e-07,1.524233496528256e-07,1.5242397382961639e-07,1.5242459800097e-07,1.5242522216899004e-07,1.524258463295264e-07,1.5242647048467022e-07,1.5242709463466293e-07,1.5242771877957691e-07,1.5242834292022783e-07,1.524289670542144e-07,1.524295911826769e-07,1.5243021530555542e-07,1.5243083942372047e-07,1.5243146353487238e-07,1.5243208764194795e-07,1.5243271174379608e-07,1.5243333584027015e-07,1.5243395993141806e-07,1.524345840171818e-07,1.5243520809814048e-07,1.524358321761023e-07,1.5243645624585824e-07,1.524370803092124e-07,1.5243770436811823e-07,1.524383284220618e-07,1.5243895246937475e-07,1.5243957651218246e-07,1.5244020054919021e-07,1.5244082458141004e-07,1.5244144860838445e-07,1.5244207262994767e-07,1.5244269664615429e-07,1.524433206569757e-07,1.5244394466072656e-07,1.5244456866086626e-07,1.5244519265555527e-07,1.5244581664255168e-07,1.5244644062532127e-07,1.5244706460392116e-07,1.524476885772885e-07,1.524483125452967e-07,1.5244893650804194e-07,1.5244956046782825e-07,1.5245018441981306e-07,1.524508083663657e-07,1.5245143230764234e-07,1.524520562435251e-07,1.5245268017291354e-07,1.5245330409762032e-07,1.52453928017473e-07,1.5245455193175227e-07,1.5245517584115946e-07,1.5245579974494714e-07,1.52456423643573e-07,1.5245704753599336e-07,1.524576714237055e-07,1.5245829530553922e-07,1.5245891918266223e-07,1.5245954305425674e-07,1.5246016692061414e-07,1.5246079078155345e-07,1.5246141463709273e-07,1.5246203849068884e-07,1.5246266233541613e-07,1.524632861747858e-07,1.524639100089048e-07,1.5246453383751527e-07,1.524651576614001e-07,1.5246578147946947e-07,1.524664052931957e-07,1.5246702909987623e-07,1.5246765290273867e-07,1.5246827669926578e-07,1.5246890049064738e-07,1.5246952427665037e-07,1.524701480569409e-07,1.5247077183221191e-07,1.524713956051991e-07,1.5247201936977703e-07,1.5247264312899954e-07,1.5247326688312682e-07,1.5247389063171393e-07,1.5247451437484763e-07,1.5247513811199003e-07,1.5247576184436297e-07,1.5247638557111698e-07,1.5247700929295365e-07,1.5247763300913828e-07,1.5247825672015747e-07,1.5247888042623287e-07,1.5247950412870282e-07,1.524801278236974e-07,1.5248075151344675e-07,1.5248137519767963e-07,1.5248199887888707e-07,1.5248262255242113e-07,1.524832462199255e-07,1.5248386988257162e-07,1.5248449354028208e-07,1.5248511719238816e-07,1.524857408393943e-07,1.5248636448050035e-07,1.524869881165859e-07,1.5248761174754115e-07,1.524882353728256e-07,1.5248885899268802e-07,1.5248948260685174e-07,1.5249010621594922e-07,1.5249072981979227e-07,1.524913534187704e-07,1.5249197701241105e-07,1.524926006023095e-07,1.5249322418432192e-07,1.524938477611922e-07,1.5249447133306805e-07,1.5249509489939503e-07,1.5249571845963451e-07,1.5249634201522228e-07,1.524969655678514e-07,1.524975891131206e-07,1.524982126526469e-07,1.5249883618685524e-07,1.524994597155925e-07,1.5250008323888662e-07,1.5250070675926844e-07,1.525013302706701e-07,1.525019537782514e-07,1.525025772792291e-07,1.5250320077625563e-07,1.525038242676777e-07,1.5250444775371578e-07,1.5250507123442012e-07,1.5250569470945347e-07,1.5250631817952119e-07,1.525069416466095e-07,1.5250756510541242e-07,1.5250818855932749e-07,1.525088120080304e-07,1.5250943545114478e-07,1.5251005888899962e-07,1.5251068232325778e-07,1.5251130575018604e-07,1.5251192917170098e-07,1.525125525881783e-07,1.5251317599921593e-07,1.5251379940480813e-07,1.525144228051038e-07,1.5251504620003238e-07,1.52515669589736e-07,1.525162929725935e-07,1.5251691635148373e-07,1.5251753972575094e-07,1.5251816309389895e-07,1.525187864567285e-07,1.525194098148379e-07,1.5252003316747097e-07,1.5252065651652926e-07,1.5252127985791698e-07,1.5252190319392958e-07,1.525225265245675e-07,1.5252314984972062e-07,1.5252377316972038e-07,1.5252439648419588e-07,1.5252501979278442e-07,1.5252564309661583e-07,1.5252626639514932e-07,1.5252688968831053e-07,1.525275129760434e-07,1.5252813625832908e-07,1.525287595354324e-07,1.5252938280942734e-07,1.5253000607560698e-07,1.525306293365129e-07,1.5253125258957698e-07,1.525318758398149e-07,1.5253249908471173e-07,1.5253312232345864e-07,1.5253374555763658e-07,1.5253436878694167e-07,1.525349920104619e-07,1.525356152284087e-07,1.5253623844112555e-07,1.5253686164836318e-07,1.5253748485038812e-07,1.5253810804709557e-07,1.5253873123671505e-07,1.5253935442247497e-07,1.5253997760356625e-07,1.5254060077926046e-07,1.5254122395114386e-07,1.5254184711729378e-07,1.525424702765521e-07,1.5254309343077302e-07,1.5254371657903458e-07,1.525443397227206e-07,1.5254496286166096e-07,1.5254558599473995e-07,1.525462091208575e-07,1.525468322440553e-07,1.5254745536108266e-07,1.525480784731001e-07,1.5254870157896682e-07,1.5254932467902725e-07,1.5254994777368984e-07,1.5255057086297437e-07,1.5255119394710276e-07,1.5255181702595799e-07,1.5255244010134613e-07,1.5255306316940513e-07,1.5255368623209592e-07,1.5255430928925456e-07,1.52554932342996e-07,1.5255555538952486e-07,1.5255617843076347e-07,1.5255680146722578e-07,1.52557424497122e-07,1.525580475223883e-07,1.5255867054219323e-07,1.5255929355674008e-07,1.5255991656584768e-07,1.5256053956945682e-07,1.5256116256791258e-07,1.525617855607549e-07,1.5256240854835133e-07,1.5256303153063956e-07,1.5256365450750744e-07,1.5256427747902015e-07,1.5256490044523395e-07,1.5256552340613375e-07,1.5256614636163118e-07,1.5256676931169868e-07,1.5256739225696712e-07,1.525680151964535e-07,1.5256863813099032e-07,1.5256926105909242e-07,1.5256988398245257e-07,1.5257050690081626e-07,1.525711298134279e-07,1.525717527211408e-07,1.5257237562274596e-07,1.5257299851933116e-07,1.5257362141041378e-07,1.5257424429500772e-07,1.5257486717513832e-07,1.5257549004862978e-07,1.5257611291916973e-07,1.525767357832958e-07,1.5257735864332576e-07,1.5257798149690994e-07,1.5257860434508538e-07,1.525792271879061e-07,1.5257985002567756e-07,1.5258047285781986e-07,1.5258109568452924e-07,1.5258171850590164e-07,1.5258234132187284e-07,1.525829641325997e-07,1.5258358693795777e-07,1.525842097378635e-07,1.5258483253247994e-07,1.5258545532197572e-07,1.5258607810585027e-07,1.5258670088363436e-07,1.525873236561618e-07,1.5258794642392988e-07,1.5258856918636426e-07,1.5258919194343683e-07,1.525898146951123e-07,1.5259043744098265e-07,1.5259106018204742e-07,1.5259168291685896e-07,1.5259230564671012e-07,1.525929283714067e-07,1.5259355109092833e-07,1.5259417380530584e-07,1.5259479651413073e-07,1.5259541921757837e-07,1.5259604191565544e-07,1.525966646082542e-07,1.525972872956258e-07,1.5259790997766228e-07,1.5259853265482047e-07,1.5259915532633944e-07,1.525997779921602e-07,1.526004006526885e-07,1.5260102330769825e-07,1.5260164595744553e-07,1.5260226860185463e-07,1.5260289124138134e-07,1.5260351387552085e-07,1.5260413650458592e-07,1.5260475912758196e-07,1.5260538174507166e-07,1.526060043575217e-07,1.5260662696375978e-07,1.5260724956465494e-07,1.5260787216085425e-07,1.5260849475060407e-07,1.526091173361064e-07,1.5260973991605858e-07,1.5261036249066996e-07,1.5261098506000706e-07,1.5261160762331436e-07,1.5261223018185996e-07,1.5261285273508228e-07,1.5261347528232936e-07,1.5261409782472353e-07,1.5261472036190643e-07,1.5261534289367674e-07,1.526159654201517e-07,1.5261658794149092e-07,1.5261721045713385e-07,1.5261783296798321e-07,1.5261845547295086e-07,1.5261907797254268e-07,1.5261970046653518e-07,1.5262032295780924e-07,1.526209454412799e-07,1.5262156791747125e-07,1.5262219038964053e-07,1.5262281285545905e-07,1.5262343531777015e-07,1.5262405777438192e-07,1.5262468022572013e-07,1.526253026716721e-07,1.5262592510941696e-07,1.526265475446192e-07,1.52627169975917e-07,1.5262779240037248e-07,1.5262841481942285e-07,1.5262903723317868e-07,1.5262965964166962e-07,1.5263028204468472e-07,1.5263090444224536e-07,1.5263152683375927e-07,1.5263214922065393e-07,1.5263277160152405e-07,1.5263339397766542e-07,1.5263401634834941e-07,1.5263463871362468e-07,1.5263526107368065e-07,1.5263588342849302e-07,1.5263650577818653e-07,1.5263712812185276e-07,1.5263775046058162e-07,1.526383727938559e-07,1.5263899512177796e-07,1.5263961744431773e-07,1.5264023976344031e-07,1.526408620751836e-07,1.5264148438166675e-07,1.5264210668273438e-07,1.5264272897851612e-07,1.5264335126888516e-07,1.5264397355373014e-07,1.5264459583330732e-07,1.5264521810756357e-07,1.5264584037618933e-07,1.5264646264240843e-07,1.5264708490033934e-07,1.5264770715254028e-07,1.5264832939991237e-07,1.526489516419779e-07,1.526495738786617e-07,1.5265019610978294e-07,1.5265081833797216e-07,1.5265144055846686e-07,1.5265206277373283e-07,1.5265268498360807e-07,1.526533071880142e-07,1.5265392938718897e-07,1.5265455158092518e-07,1.526551737716994e-07,1.5265579595516775e-07,1.5265641813215556e-07,1.526570403022053e-07,1.5265766246907243e-07,1.526582846290247e-07,1.526589067851512e-07,1.526595289358984e-07,1.5266015108170595e-07,1.5266077322155808e-07,1.5266139535625927e-07,1.5266201748553525e-07,1.5266263960921453e-07,1.526632617276802e-07,1.5266388384085368e-07,1.5266450594864318e-07,1.5266512805070849e-07,1.5266575014766827e-07,1.5266637223951214e-07,1.526669943261356e-07,1.5266761640698619e-07,1.5266823848240537e-07,1.52668860553223e-07,1.5266948261812272e-07,1.5267010467754114e-07,1.526707267309161e-07,1.5267134877969748e-07,1.526719708228938e-07,1.5267259286088232e-07,1.526732148936595e-07,1.5267383692102019e-07,1.5267445894299466e-07,1.526750809599342e-07,1.5267570297114203e-07,1.526763249762294e-07,1.5267694697413186e-07,1.5267756896924464e-07,1.5267819095893935e-07,1.526788129432199e-07,1.5267943492209364e-07,1.5268005689594924e-07,1.5268067886601934e-07,1.5268130082945153e-07,1.5268192278698016e-07,1.5268254473905425e-07,1.5268316668571895e-07,1.52683788627128e-07,1.526844105637288e-07,1.5268503249440207e-07,1.5268565441965168e-07,1.526862763390396e-07,1.5268689825354517e-07,1.5268752016278518e-07,1.5268814206643058e-07,1.52688763964686e-07,1.5268938585812957e-07,1.5269000774594742e-07,1.5269062962670878e-07,1.52691251503725e-07,1.5269187337534515e-07,1.526924952415563e-07,1.5269311710232158e-07,1.5269373895783884e-07,1.5269436080744216e-07,1.5269498265253385e-07,1.5269560449196208e-07,1.526962263239447e-07,1.5269684815240406e-07,1.526974699756313e-07,1.5269809179383303e-07,1.5269871360647014e-07,1.5269933541335772e-07,1.5269995721515848e-07,1.5270057901157896e-07,1.5270120080182272e-07,1.5270182258747805e-07,1.5270244436828205e-07,1.527030661435064e-07,1.5270368791334048e-07,1.5270430967757487e-07,1.5270493143637836e-07,1.527055531899345e-07,1.5270617493529393e-07,1.527067966783403e-07,1.527074184155766e-07,1.5270804014794598e-07,1.5270866187448654e-07,1.527092835957769e-07,1.527099053102604e-07,1.5271052702142464e-07,1.5271114872654e-07,1.5271177042648623e-07,1.5271239212086977e-07,1.527130138101937e-07,1.5271363549376944e-07,1.5271425717204576e-07,1.5271487884493636e-07,1.5271550051247567e-07,1.52716122173003e-07,1.5271674382721854e-07,1.527173654781548e-07,1.5271798712412848e-07,1.5271860876480287e-07,1.5271923040057649e-07,1.5271985203397216e-07,1.527204736583723e-07,1.5272109527695292e-07,1.527217168897261e-07,1.5272233849798707e-07,1.527229601010018e-07,1.5272358169872034e-07,1.5272420329086262e-07,1.5272482487777914e-07,1.527254464617873e-07,1.527260680380194e-07,1.527266896091122e-07,1.5272731117452418e-07,1.5272793273461392e-07,1.5272855428965407e-07,1.527291758388796e-07,1.5272979738277003e-07,1.5273041892011596e-07,1.5273104045253355e-07,1.5273166197929376e-07,1.5273228350119132e-07,1.527329050182615e-07,1.527335265299922e-07,1.5273414803598813e-07,1.5273476953916483e-07,1.5273539103483236e-07,1.5273601252498736e-07,1.5273663400978206e-07,1.5273725548931815e-07,1.5273787696368577e-07,1.5273849843242293e-07,1.5273911989581973e-07,1.5273974135678813e-07,1.5274036280908862e-07,1.5274098425634322e-07,1.5274160569875533e-07,1.5274222713523078e-07,1.5274284856638357e-07,1.527434699921151e-07,1.5274409141302792e-07,1.527447128260353e-07,1.5274533423510406e-07,1.5274595563987723e-07,1.5274657703860547e-07,1.5274719843209246e-07,1.5274781982093133e-07,1.5274844120580997e-07,1.5274906258538248e-07,1.527496839579397e-07,1.52750305324615e-07,1.527509266858126e-07,1.5275154804160217e-07,1.5275216939287463e-07,1.5275279073804916e-07,1.5275341207784503e-07,1.527540334122556e-07,1.527546547420007e-07,1.5275527606568626e-07,1.5275589738429527e-07,1.5275651869775977e-07,1.5275714000519697e-07,1.5275776130732312e-07,1.5275838260405674e-07,1.5275900389575943e-07,1.5275962518177093e-07,1.5276024646274404e-07,1.5276086773617875e-07,1.5276148900622082e-07,1.527621102699248e-07,1.527627315285302e-07,1.5276335278239214e-07,1.5276397403083858e-07,1.5276459527394186e-07,1.527652165117133e-07,1.52765837744296e-07,1.527664589748695e-07,1.5276708019645334e-07,1.527677014125948e-07,1.527683226236405e-07,1.5276894382888795e-07,1.5276956502881838e-07,1.5277018622644946e-07,1.5277080741604302e-07,1.5277142860049813e-07,1.5277204977928138e-07,1.527726709524504e-07,1.5277329212024801e-07,1.527739132826672e-07,1.5277453443972394e-07,1.527751555914018e-07,1.527757767372889e-07,1.5277639787737994e-07,1.5277701901086416e-07,1.5277764014113328e-07,1.5277826126588008e-07,1.5277888238530186e-07,1.527795034994328e-07,1.5278012460813588e-07,1.527807457114308e-07,1.527813668098074e-07,1.5278198790231792e-07,1.527826089886327e-07,1.5278323007041624e-07,1.5278385114680083e-07,1.5278447221835958e-07,1.5278509328269695e-07,1.527857143421045e-07,1.5278633539696165e-07,1.5278695644642536e-07,1.5278757749048177e-07,1.5278819852711507e-07,1.5278881956052745e-07,1.5278944058876497e-07,1.5279006161181673e-07,1.5279068262908805e-07,1.5279130364099374e-07,1.5279192464738942e-07,1.5279254564941855e-07,1.5279316664515345e-07,1.527937876382656e-07,1.5279440862195674e-07,1.5279502960160794e-07,1.5279565057578808e-07,1.5279627154392146e-07,1.5279689250742599e-07,1.5279751346492293e-07,1.5279813441700557e-07,1.5279875536465208e-07,1.5279937630695238e-07,1.527999972434932e-07,1.5280061817477785e-07,1.5280123910065077e-07,1.528018600211256e-07,1.5280248093677033e-07,1.5280310184647583e-07,1.5280372275090886e-07,1.5280434365019776e-07,1.5280496454482821e-07,1.5280558543312887e-07,1.5280620631534328e-07,1.5280682719282706e-07,1.528074480648753e-07,1.5280806893162378e-07,1.5280868979299678e-07,1.5280931064895497e-07,1.5280993150244588e-07,1.5281055234607653e-07,1.5281117318581102e-07,1.5281179401775574e-07,1.5281241484591494e-07,1.5281303566963571e-07,1.5281365648821682e-07,1.5281427730165594e-07,1.5281489810927907e-07,1.5281551891171859e-07,1.5281613970862979e-07,1.5281676050001156e-07,1.5281738128595935e-07,1.5281800206682438e-07,1.528186228420431e-07,1.528192436119405e-07,1.528198643762872e-07,1.5282048513603913e-07,1.528211058882014e-07,1.5282172663562843e-07,1.5282234737872972e-07,1.5282296811880633e-07,1.5282358885108492e-07,1.5282420957729317e-07,1.528248302987429e-07,1.528254510155756e-07,1.5282607172637635e-07,1.5282669243068824e-07,1.528273131301106e-07,1.5282793382527714e-07,1.5282855451455528e-07,1.528291751978514e-07,1.5282979587670067e-07,1.528304165483651e-07,1.528310372159569e-07,1.52831657878423e-07,1.5283227853528547e-07,1.528328991868961e-07,1.5283351983292056e-07,1.5283414047403255e-07,1.5283476110937558e-07,1.5283538174027536e-07,1.5283600236498595e-07,1.528366229846313e-07,1.5283724359857827e-07,1.5283786420706612e-07,1.5283848480985187e-07,1.5283910540817816e-07,1.528397260015365e-07,1.528403465887093e-07,1.5284096717036892e-07,1.528415877456498e-07,1.5284220831651813e-07,1.5284282888207473e-07,1.5284344944061384e-07,1.5284406999536374e-07,1.5284469054618596e-07,1.5284531109090218e-07,1.5284593162953903e-07,1.528465521628448e-07,1.528471726906092e-07,1.5284779321140308e-07,1.5284841372878835e-07,1.5284903424055165e-07,1.5284965474706494e-07,1.5285027524801928e-07,1.5285089574364592e-07,1.5285151623458163e-07,1.5285213671932048e-07,1.5285275719878735e-07,1.5285337767291274e-07,1.5285399814196163e-07,1.528546186051517e-07,1.5285523906382949e-07,1.52855859516311e-07,1.5285647996338186e-07,1.5285710040516214e-07,1.528577208419904e-07,1.5285834127296407e-07,1.5285896170189867e-07,1.528595821192909e-07,1.5286020253417717e-07,1.528608229437008e-07,1.528614433479001e-07,1.528620637465506e-07,1.5286268414044296e-07,1.5286330452833312e-07,1.5286392491151664e-07,1.5286454528863855e-07,1.528651656608153e-07,1.5286578602781384e-07,1.5286640638868987e-07,1.5286702674459189e-07,1.5286764709471393e-07,1.5286826743963178e-07,1.5286888777918003e-07,1.5286950811340546e-07,1.5287012844137776e-07,1.528707487648204e-07,1.5287136908334765e-07,1.5287198939599487e-07,1.5287260970282483e-07,1.5287323000467796e-07,1.528738503014354e-07,1.5287447059250178e-07,1.5287509087719532e-07,1.5287571115975373e-07,1.5287633143466415e-07,1.5287695170166828e-07,1.5287757196590355e-07,1.52878192224713e-07,1.528788124781167e-07,1.528794327299573e-07,1.5288005297258788e-07,1.5288067320990253e-07,1.5288129344180437e-07,1.5288191367115178e-07,1.5288253389219484e-07,1.5288315410798898e-07,1.528837743184302e-07,1.5288439452369335e-07,1.528850147219777e-07,1.52885634916776e-07,1.5288625510799208e-07,1.5288687529087856e-07,1.5288749546856614e-07,1.5288811564152855e-07,1.528887358091732e-07,1.528893559705605e-07,1.5288997612704293e-07,1.5289059627824916e-07,1.5289121642416382e-07,1.5289183656430328e-07,1.5289245669991095e-07,1.5289307682933658e-07,1.5289369695347744e-07,1.5289431707233214e-07,1.5289493718584088e-07,1.528955572937496e-07,1.528961773964134e-07,1.52896797495649e-07,1.5289741758679965e-07,1.5289803767326485e-07,1.5289865775470543e-07,1.5289927782853165e-07,1.528998978989324e-07,1.5290051796313506e-07,1.5290113802304467e-07,1.5290175807724871e-07,1.5290237812555685e-07,1.5290299816904784e-07,1.5290361820652958e-07,1.529042382392771e-07,1.5290485826616027e-07,1.5290547828799588e-07,1.5290609830441098e-07,1.5290671831560116e-07,1.5290733832076668e-07,1.5290795832106936e-07,1.5290857831609987e-07,1.5290919830567798e-07,1.5290981829011758e-07,1.5291043826907443e-07,1.5291105824228492e-07,1.5291167821016622e-07,1.5291229817236584e-07,1.5291291812965288e-07,1.5291353808164268e-07,1.529141580282123e-07,1.5291477796993282e-07,1.5291539790461284e-07,1.5291601783539654e-07,1.5291663776153558e-07,1.5291725768172136e-07,1.5291787759455193e-07,1.529184975035753e-07,1.5291911740689906e-07,1.529197373049843e-07,1.5292035719863266e-07,1.5292097708573775e-07,1.5292159696800097e-07,1.5292221684483195e-07,1.529228367151217e-07,1.5292345658610817e-07,1.529240764465461e-07,1.5292469630153437e-07,1.5292531615111447e-07,1.5292593599545321e-07,1.5292655583429413e-07,1.5292717566911204e-07,1.5292779549775306e-07,1.529284153193408e-07,1.52929035136625e-07,1.5292965494859428e-07,1.5293027475585204e-07,1.5293089455733065e-07,1.5293151435311448e-07,1.5293213414340066e-07,1.5293275392857206e-07,1.5293337370811373e-07,1.5293399348232897e-07,1.5293461325119764e-07,1.5293523301492534e-07,1.5293585277184163e-07,1.529364725245413e-07,1.5293709227187884e-07,1.5293771201387885e-07,1.5293833175022857e-07,1.52938951481365e-07,1.5293957120711133e-07,1.5294019092777278e-07,1.5294081064301396e-07,1.529414303546579e-07,1.5294205005885208e-07,1.5294266975796615e-07,1.5294328945034567e-07,1.5294390914127907e-07,1.5294452882380575e-07,1.529451485008763e-07,1.529457681731608e-07,1.5294638783978894e-07,1.52947007502644e-07,1.5294762715847033e-07,1.5294824680907586e-07,1.5294886645399043e-07,1.5294948609391308e-07,1.529501057279286e-07,1.5295072535674784e-07,1.5295134497994447e-07,1.5295196459794277e-07,1.5295258421070933e-07,1.5295320381853188e-07,1.52953823420384e-07,1.529544430168861e-07,1.529550626080486e-07,1.5295568219370274e-07,1.5295630177342397e-07,1.529569213465828e-07,1.5295754091613526e-07,1.5295816047994913e-07,1.5295878003894248e-07,1.5295939959209745e-07,1.5296001913831426e-07,1.5296063868083277e-07,1.529612582180651e-07,1.5296187774996948e-07,1.529624972763259e-07,1.529631167952986e-07,1.529637363109918e-07,1.529643558213017e-07,1.5296497532559992e-07,1.5296559482511404e-07,1.5296621432141354e-07,1.5296683381024252e-07,1.529674532934829e-07,1.529680727711715e-07,1.5296869224401346e-07,1.5296931171124463e-07,1.529699311729981e-07,1.5297055063077777e-07,1.5297117008166015e-07,1.52971789528871e-07,1.5297240896913132e-07,1.5297302840399395e-07,1.529736478341491e-07,1.5297426725615054e-07,1.5297488667476682e-07,1.52975506088077e-07,1.5297612549695554e-07,1.5297674489952978e-07,1.5297736429656715e-07,1.529779836885931e-07,1.5297860307491474e-07,1.5297922245561354e-07,1.5297984183211176e-07,1.5298046120408689e-07,1.5298108056889735e-07,1.5298169992832294e-07,1.5298231928519335e-07,1.5298293863385882e-07,1.5298355797709078e-07,1.5298417731354544e-07,1.529847966460496e-07,1.5298541597320757e-07,1.5298603529469736e-07,1.529866546109984e-07,1.5298727392198377e-07,1.5298789322788445e-07,1.5298851252848116e-07,1.5298913182321554e-07,1.5298975110954655e-07,1.5299037039353412e-07,1.5299098967225808e-07,1.529916089474257e-07,1.529922282152042e-07,1.529928474769882e-07,1.5299346673161142e-07,1.5299408598272134e-07,1.5299470522909837e-07,1.529953244706825e-07,1.5299594370667385e-07,1.5299656293664213e-07,1.5299718216131086e-07,1.5299780138064874e-07,1.5299842059458335e-07,1.5299903980312357e-07,1.5299965900653265e-07,1.5300027820429268e-07,1.5300089739656034e-07,1.530015165834995e-07,1.5300213576495103e-07,1.530027549411911e-07,1.5300337411324859e-07,1.5300399327868378e-07,1.53004612438769e-07,1.5300523159271978e-07,1.5300585074233578e-07,1.530064698860527e-07,1.5300708902385369e-07,1.5300770815690795e-07,1.5300832728448357e-07,1.5300894640729802e-07,1.5300956552280674e-07,1.5301018463541757e-07,1.5301080374149465e-07,1.5301142284223171e-07,1.530120419391603e-07,1.530126610290456e-07,1.5301328011226305e-07,1.5301389919140636e-07,1.5301451826514103e-07,1.5301513733351524e-07,1.5301575639655813e-07,1.5301637545444308e-07,1.5301699450663508e-07,1.5301761355398461e-07,1.5301823259536267e-07,1.5301885163138798e-07,1.530194706620066e-07,1.5302008968713555e-07,1.530207087069716e-07,1.530213277216937e-07,1.530219467315456e-07,1.5302256573521638e-07,1.530231847334625e-07,1.530238037265133e-07,1.530244227116051e-07,1.5302504169372403e-07,1.5302566067041932e-07,1.5302627964142016e-07,1.530268986073945e-07,1.5302751756778988e-07,1.5302813652299838e-07,1.530287554727364e-07,1.5302937441710083e-07,1.5302999335643153e-07,1.5303061228998846e-07,1.5303123121839374e-07,1.5303185014119505e-07,1.5303246905857968e-07,1.5303308797064255e-07,1.5303370687644356e-07,1.5303432577732008e-07,1.5303494467302872e-07,1.530355635632844e-07,1.5303618244842265e-07,1.5303680132812348e-07,1.5303742020514337e-07,1.530380390741458e-07,1.5303865793750477e-07,1.5303927679578128e-07,1.5303989564849342e-07,1.5304051449577565e-07,1.5304113333773383e-07,1.5304175217399343e-07,1.5304237100512746e-07,1.5304298983153483e-07,1.5304360865202366e-07,1.5304422746699362e-07,1.5304484627704717e-07,1.530454650812088e-07,1.5304608387990785e-07,1.530467026732269e-07,1.5304732146116755e-07,1.5304794024411447e-07,1.5304855902160993e-07,1.530491777940513e-07,1.5304979656055538e-07,1.5305041532316378e-07,1.53051034078794e-07,1.5305165282879645e-07,1.5305227157357743e-07,1.530528903130718e-07,1.5305350904704499e-07,1.5305412777513864e-07,1.5305474649842939e-07,1.5305536521631058e-07,1.5305598392874392e-07,1.53056602635831e-07,1.5305722133753236e-07,1.5305784003436476e-07,1.5305845872538159e-07,1.530590774100372e-07,1.5305969609027347e-07,1.5306031476495182e-07,1.53060933434247e-07,1.53061552098219e-07,1.530621707567378e-07,1.5306278941019558e-07,1.5306340805682498e-07,1.5306402669923792e-07,1.5306464533461135e-07,1.5306526396625151e-07,1.530658825924095e-07,1.5306650121291464e-07,1.5306711982883795e-07,1.5306773843907362e-07,1.5306835704221837e-07,1.530689756432915e-07,1.530695942369023e-07,1.530702128252793e-07,1.530708314106671e-07,1.530714499884465e-07,1.5307206856037534e-07,1.5307268712946026e-07,1.5307330569093817e-07,1.5307392424685645e-07,1.5307454279778433e-07,1.5307516134305725e-07,1.5307577988267806e-07,1.5307639841714615e-07,1.53077016946055e-07,1.530776354697471e-07,1.5307825398805663e-07,1.5307887249989566e-07,1.5307949100722297e-07,1.530801095095748e-07,1.5308072800639784e-07,1.53081346497738e-07,1.5308196498349967e-07,1.5308258346675975e-07,1.5308320194134092e-07,1.530838204111301e-07,1.5308443887570832e-07,1.530850573342659e-07,1.5308567578778322e-07,1.5308629423631185e-07,1.5308691267991128e-07,1.5308753112257802e-07,1.530881495550973e-07,1.530887679816709e-07,1.5308938640284167e-07,1.5309000481838697e-07,1.530906232285257e-07,1.5309124163355558e-07,1.5309186003324186e-07,1.5309247842745025e-07,1.5309309681625824e-07,1.5309371519963694e-07,1.530943335777343e-07,1.5309495195035645e-07,1.5309557031813555e-07,1.5309618868032276e-07,1.5309680703697698e-07,1.5309742538779724e-07,1.5309804373390562e-07,1.5309866207414824e-07,1.53099280408937e-07,1.5309989873842616e-07,1.5310051706247454e-07,1.5310113538107314e-07,1.5310175369431399e-07,1.5310237200246462e-07,1.5310299030536608e-07,1.5310360860242608e-07,1.5310422689451403e-07,1.5310484518078496e-07,1.5310546346204745e-07,1.5310608173567932e-07,1.5310670000378808e-07,1.531073182685523e-07,1.531079365269493e-07,1.531085547815734e-07,1.5310917303013443e-07,1.5310979127322573e-07,1.5311040951133325e-07,1.5311102774403257e-07,1.531116459695426e-07,1.531122641910353e-07,1.531128824073136e-07,1.531135006180437e-07,1.5311411882324928e-07,1.5311473702317715e-07,1.5311535521770798e-07,1.5311597340708196e-07,1.5311659159081322e-07,1.5311720976948192e-07,1.5311782794242131e-07,1.5311844611023545e-07,1.5311906427235077e-07,1.5311968243226055e-07,1.5312030058344075e-07,1.5312091872935954e-07,1.531215368699044e-07,1.5312215500529877e-07,1.5312277313468923e-07,1.53123391259437e-07,1.531240093782112e-07,1.531246274917177e-07,1.5312524560042662e-07,1.5312586370360507e-07,1.531264818010008e-07,1.5312709989297052e-07,1.5312771797995878e-07,1.5312833606126986e-07,1.5312895413696172e-07,1.5312957220789492e-07,1.5313019027503975e-07,1.531308083346284e-07,1.531314263888293e-07,1.5313204443774075e-07,1.531326624804698e-07,1.53133280518447e-07,1.531338985509949e-07,1.5313451657819654e-07,1.531351346002956e-07,1.53135752616697e-07,1.5313637062840543e-07,1.531369886339747e-07,1.5313760663436222e-07,1.5313822462950602e-07,1.531388426191614e-07,1.5313946060303704e-07,1.5314007858199716e-07,1.5314069655571303e-07,1.5314131452357405e-07,1.5314193248584386e-07,1.5314255044314796e-07,1.5314316839457662e-07,1.5314378634084566e-07,1.5314440428090034e-07,1.5314502221625756e-07,1.531456401462652e-07,1.5314625807097868e-07,1.5314687598933304e-07,1.5314749390338007e-07,1.5314811181186098e-07,1.5314872971364136e-07,1.5314934761095608e-07,1.5314996550306067e-07,1.5315058338984756e-07,1.531512012715096e-07,1.531518191477207e-07,1.5315243701833749e-07,1.5315305488348028e-07,1.5315367274327138e-07,1.5315429059761427e-07,1.531549084465279e-07,1.5315552629041586e-07,1.5315614412866808e-07,1.5315676196171518e-07,1.5315737978931895e-07,1.5315799761187399e-07,1.5315861542843883e-07,1.5315923324005096e-07,1.5315985104412355e-07,1.5316046884479795e-07,1.5316108663982455e-07,1.5316170442935774e-07,1.5316232221363347e-07,1.5316293999245394e-07,1.5316355776907343e-07,1.5316417553688808e-07,1.5316479329944857e-07,1.5316541105710296e-07,1.5316602880903474e-07,1.531666465579772e-07,1.5316726429898348e-07,1.5316788203453158e-07,1.5316849976458043e-07,1.5316911748919121e-07,1.5316973520871657e-07,1.5317035292298064e-07,1.5317097063158605e-07,1.5317158833475272e-07,1.5317220603253215e-07,1.531728237247581e-07,1.5317344141150965e-07,1.5317405909306308e-07,1.5317467676909023e-07,1.531752944402039e-07,1.5317591210548675e-07,1.5317652976551869e-07,1.5317714742004464e-07,1.5317776506914255e-07,1.5317838271341615e-07,1.53179000350771e-07,1.531796179819539e-07,1.5318023560956885e-07,1.5318085323178614e-07,1.531814708486e-07,1.5318208845998138e-07,1.5318270606921527e-07,1.5318332366966042e-07,1.531839412650833e-07,1.5318455885487445e-07,1.5318517643944335e-07,1.5318579401839454e-07,1.5318641159191138e-07,1.5318702916090548e-07,1.531876467236511e-07,1.5318826428113427e-07,1.5318888183542095e-07,1.5318949938208854e-07,1.5319011692246677e-07,1.5319073445826822e-07,1.5319135199014442e-07,1.5319196951504998e-07,1.5319258703459918e-07,1.531932045490071e-07,1.5319382205778568e-07,1.5319443956006112e-07,1.531950570577131e-07,1.5319567455037284e-07,1.531962920373699e-07,1.531969095192001e-07,1.5319752699537382e-07,1.5319814446627413e-07,1.531987619318257e-07,1.5319937939198945e-07,1.531999968466865e-07,1.532006142959311e-07,1.5320123174003007e-07,1.532018491785983e-07,1.532024666106204e-07,1.5320308403837955e-07,1.5320370146083278e-07,1.5320431887830542e-07,1.5320493629006657e-07,1.532055537000643e-07,1.5320617110080448e-07,1.5320678849612186e-07,1.53207405886415e-07,1.5320802327067476e-07,1.5320864064711615e-07,1.532092580207495e-07,1.5320987538839058e-07,1.5321049275179187e-07,1.532111101092163e-07,1.532117274617084e-07,1.5321234480811807e-07,1.532129621493576e-07,1.5321357948522554e-07,1.5321419681591267e-07,1.5321481414093927e-07,1.5321543146087355e-07,1.5321604877512618e-07,1.5321666608306799e-07,1.5321728338632663e-07,1.5321790068511661e-07,1.532185179768787e-07,1.5321913526309328e-07,1.532197525449289e-07,1.5322036982114863e-07,1.5322098709247683e-07,1.5322160436173986e-07,1.5322222162222643e-07,1.5322283887704644e-07,1.5322345612642198e-07,1.532240733701591e-07,1.532246906087025e-07,1.5322530784186504e-07,1.5322592507278204e-07,1.5322654229600692e-07,1.5322715951297908e-07,1.5322777672461218e-07,1.5322839393330698e-07,1.5322901113410373e-07,1.5322962832797815e-07,1.532302455179347e-07,1.5323086270251616e-07,1.5323147988186505e-07,1.53232097054059e-07,1.5323271422261932e-07,1.5323333138554972e-07,1.5323394854360158e-07,1.5323456569572173e-07,1.532351828429732e-07,1.532357999842365e-07,1.532364171205228e-07,1.532370342508063e-07,1.5323765137565376e-07,1.532382684974856e-07,1.5323888561233028e-07,1.5323950272124255e-07,1.5324011982478507e-07,1.5324073692270982e-07,1.5324135401605387e-07,1.5324197110341101e-07,1.532425881872725e-07,1.532432052637569e-07,1.5324382233436812e-07,1.5324443940060995e-07,1.5324505646077696e-07,1.5324567351560465e-07,1.5324629056480952e-07,1.5324690760939693e-07,1.5324752464763884e-07,1.5324814168108723e-07,1.532487587088898e-07,1.5324937573115702e-07,1.5324999274832626e-07,1.5325060975974185e-07,1.5325122676633548e-07,1.5325184376694173e-07,1.5325246076225898e-07,1.5325307775219254e-07,1.5325369473636246e-07,1.5325431171550776e-07,1.532549286891359e-07,1.5325554565749543e-07,1.532561626204388e-07,1.532567795779896e-07,1.5325739652867137e-07,1.5325801347447247e-07,1.5325863041579772e-07,1.5325924735163104e-07,1.5325986428045821e-07,1.5326048120555198e-07,1.532610981241252e-07,1.5326171503813484e-07,1.5326233194697894e-07,1.5326294885043792e-07,1.532635657483622e-07,1.5326418264324218e-07,1.5326479953048332e-07,1.532654164124087e-07,1.5326603328891794e-07,1.5326665015993509e-07,1.53267267025861e-07,1.5326788388599016e-07,1.532685007390137e-07,1.5326911758707242e-07,1.5326973443098046e-07,1.5327035126949073e-07,1.5327096810180316e-07,1.532715849292933e-07,1.5327220175177132e-07,1.5327281856882966e-07,1.5327343538026445e-07,1.5327405218638164e-07,1.5327466898710733e-07,1.5327528578226045e-07,1.532759025721917e-07,1.5327651935794385e-07,1.532771361370862e-07,1.5327775291075754e-07,1.5327836967906602e-07,1.532789864410087e-07,1.5327960319886703e-07,1.5328021995080047e-07,1.532808366974627e-07,1.532814534386835e-07,1.5328207017441507e-07,1.532826869041163e-07,1.5328330362801736e-07,1.5328392034962266e-07,1.5328453706397775e-07,1.5328515377275884e-07,1.532857704739997e-07,1.5328638717191025e-07,1.5328700386461595e-07,1.532876205517642e-07,1.5328823723103067e-07,1.5328885390731672e-07,1.532894705785028e-07,1.5329008724401687e-07,1.5329070390435397e-07,1.532913205587253e-07,1.5329193720805186e-07,1.5329255385193683e-07,1.5329317049066552e-07,1.532937871241978e-07,1.5329440375194082e-07,1.532950203742015e-07,1.5329563699098387e-07,1.5329625360008871e-07,1.532968702061701e-07,1.5329748680601785e-07,1.532981034017647e-07,1.5329871999205273e-07,1.5329933657646395e-07,1.5329995315551122e-07,1.5330056972910211e-07,1.5330118629753413e-07,1.5330180286484552e-07,1.5330241942224218e-07,1.533030359741833e-07,1.533036525212396e-07,1.5330426906243411e-07,1.533048855986986e-07,1.5330550212924762e-07,1.5330611865384203e-07,1.5330673517229437e-07,1.5330735168385746e-07,1.533079681925691e-07,1.5330858469566e-07,1.5330920119356251e-07,1.5330981768612995e-07,1.5331043417319232e-07,1.5331105065536777e-07,1.5331166713158056e-07,1.5331228360239317e-07,1.5331290006763659e-07,1.5331351652761577e-07,1.5331413298174583e-07,1.5331474943095401e-07,1.5331536587498704e-07,1.5331598231381507e-07,1.533165987451969e-07,1.5331721517283653e-07,1.53317831594351e-07,1.5331844801107967e-07,1.5331906442243208e-07,1.533196808283272e-07,1.5332029722880837e-07,1.5332091362308212e-07,1.5332153001217402e-07,1.533221463934646e-07,1.5332276277058633e-07,1.53323379144031e-07,1.5332399551228766e-07,1.5332461187356037e-07,1.533252282307629e-07,1.5332584458306246e-07,1.5332646093004682e-07,1.533270772702225e-07,1.533276936058031e-07,1.5332830993426486e-07,1.5332892625905879e-07,1.533295425777989e-07,1.5333015889177418e-07,1.533307752003034e-07,1.5333139150482277e-07,1.5333200780258334e-07,1.5333262409486724e-07,1.5333324038095371e-07,1.5333385666242338e-07,1.5333447293902184e-07,1.5333508920990394e-07,1.5333570547164434e-07,1.5333632173194917e-07,1.5333693798480418e-07,1.533375542338017e-07,1.5333817047600883e-07,1.5333878671416406e-07,1.5333940294679566e-07,1.533400191740183e-07,1.5334063539596172e-07,1.533412516124631e-07,1.5334186782694852e-07,1.5334248403240476e-07,1.5334310023268044e-07,1.5334371642334416e-07,1.5334433261216735e-07,1.5334494879545875e-07,1.5334556497408218e-07,1.533461811479249e-07,1.5334679731454538e-07,1.5334741347687054e-07,1.533480296339729e-07,1.533486457856262e-07,1.5334926193187317e-07,1.5334987807256715e-07,1.5335049420789804e-07,1.5335111033781118e-07,1.5335172646209914e-07,1.53352342581226e-07,1.533529586949306e-07,1.533535748037643e-07,1.5335419090664484e-07,1.5335480700409048e-07,1.5335542309597551e-07,1.5335603918262438e-07,1.5335665526411833e-07,1.5335727133938624e-07,1.5335788740911215e-07,1.533585034760748e-07,1.533591195355707e-07,1.5335973558975475e-07,1.533603516385724e-07,1.5336096768284417e-07,1.533615837206368e-07,1.533621997532499e-07,1.5336281578036331e-07,1.533634318003051e-07,1.5336404781646843e-07,1.5336466382723823e-07,1.5336527983264628e-07,1.5336589583270455e-07,1.5336651182734565e-07,1.5336712781702557e-07,1.5336774380126476e-07,1.5336835977984296e-07,1.5336897575282037e-07,1.5336959172041087e-07,1.5337020768313862e-07,1.5337082363989125e-07,1.5337143959123234e-07,1.5337205553710681e-07,1.533726714799867e-07,1.5337328741237896e-07,1.5337390334247395e-07,1.533745192667333e-07,1.5337513518556858e-07,1.5337575109937905e-07,1.5337636700699294e-07,1.5337698290957974e-07,1.5337759880678542e-07,1.53378214698585e-07,1.5337883058501612e-07,1.5337944646634772e-07,1.5338006234210478e-07,1.5338067821200082e-07,1.5338129407673006e-07,1.5338190993587607e-07,1.5338252578976101e-07,1.5338314163832146e-07,1.5338375748160005e-07,1.5338437331904933e-07,1.533849891513903e-07,1.5338560497821256e-07,1.5338622079988857e-07,1.533868366156911e-07,1.5338745242622012e-07,1.5338806823136271e-07,1.5338868403106408e-07,1.5338929982550036e-07,1.5338991561196268e-07,1.533905313954438e-07,1.533911471750578e-07,1.5339176294827645e-07,1.5339237871553328e-07,1.5339299447716003e-07,1.5339361023358666e-07,1.533942259845953e-07,1.5339484172954218e-07,1.533954574702043e-07,1.5339607320496012e-07,1.5339668893631338e-07,1.5339730466103264e-07,1.533979203795828e-07,1.5339853609273178e-07,1.533991518009093e-07,1.5339976750326337e-07,1.5340038319948827e-07,1.5340099889098687e-07,1.5340161457463122e-07,1.534022302552535e-07,1.53402845930444e-07,1.5340346159984035e-07,1.5340407726447064e-07,1.5340469292291983e-07,1.5340530857650489e-07,1.534059242246491e-07,1.534065398673492e-07,1.5340715550459976e-07,1.534077711364397e-07,1.534083867629186e-07,1.5340900238165214e-07,1.534096179976231e-07,1.5341023360767054e-07,1.5341084921247541e-07,1.5341146481189377e-07,1.5341208040573963e-07,1.534126959945543e-07,1.5341331157768165e-07,1.5341392715539272e-07,1.53414542727758e-07,1.534151582946427e-07,1.5341577385619046e-07,1.5341638941234335e-07,1.534170049630128e-07,1.5341762050827687e-07,1.534182360484902e-07,1.534188515828719e-07,1.5341946711240647e-07,1.5342008263599155e-07,1.5342069815211399e-07,1.5342131366483606e-07,1.5342192917218006e-07,1.534225446742364e-07,1.5342316017062895e-07,1.5342377566159487e-07,1.5342439114725641e-07,1.5342500662755555e-07,1.5342562210298864e-07,1.5342623757136298e-07,1.5342685303543513e-07,1.5342746849224702e-07,1.5342808394551313e-07,1.534286993925939e-07,1.5342931483495817e-07,1.534299302708919e-07,1.5343054570186369e-07,1.5343116112795107e-07,1.534317765477269e-07,1.5343239196380166e-07,1.5343300737364116e-07,1.5343362277827928e-07,1.5343423817725288e-07,1.534348535708292e-07,1.5343546895875858e-07,1.5343608434187323e-07,1.5343669971913994e-07,1.534373150910037e-07,1.5343793045782423e-07,1.534385458189324e-07,1.5343916117452736e-07,1.534397765243459e-07,1.5344039186985764e-07,1.534410072083334e-07,1.5344162254067101e-07,1.534422378695564e-07,1.5344285319251198e-07,1.5344346851072655e-07,1.53444083825936e-07,1.5344469913284537e-07,1.5344531443476773e-07,1.534459297306936e-07,1.5344654501968867e-07,1.5344716030696194e-07,1.534477755867857e-07,1.5344839086119327e-07,1.5344900613015139e-07,1.5344962139455688e-07,1.5345023665261307e-07,1.5345085190528582e-07,1.534514671525489e-07,1.534520823944375e-07,1.5345269763128778e-07,1.5345331286202417e-07,1.5345392808804004e-07,1.5345454330812677e-07,1.5345515852301395e-07,1.5345577373258955e-07,1.5345638893896538e-07,1.5345700413867092e-07,1.5345761933165725e-07,1.5345823451963714e-07,1.5345884970055385e-07,1.5345946487737813e-07,1.534600800447213e-07,1.5346069521087452e-07,1.5346131037048968e-07,1.5346192552602458e-07,1.53462540676058e-07,1.5346315582031055e-07,1.5346377095999804e-07,1.5346438609352062e-07,1.5346500122171544e-07,1.5346561634441986e-07,1.534662314618022e-07,1.5346684657402163e-07,1.5346746168289843e-07,1.5346807678385304e-07,1.5346869187940406e-07,1.5346930696955418e-07,1.5346992205437048e-07,1.5347053713368287e-07,1.5347115220716738e-07,1.5347176727418773e-07,1.534723823372694e-07,1.534729973950022e-07,1.5347361244726723e-07,1.5347422749439933e-07,1.5347484253583037e-07,1.5347545757162014e-07,1.534760726021856e-07,1.5347668762736053e-07,1.5347730264716105e-07,1.5347791766135058e-07,1.5347853267521508e-07,1.5347914767836724e-07,1.5347976267632768e-07,1.5348037766896909e-07,1.5348099265604536e-07,1.534816076377812e-07,1.5348222261417553e-07,1.534828375853668e-07,1.5348345255022987e-07,1.5348406751028545e-07,1.5348468246498237e-07,1.5348529741423055e-07,1.5348591235905796e-07,1.534865272974808e-07,1.5348714223163364e-07,1.5348775715929002e-07,1.5348837208268582e-07,1.534889869999672e-07,1.5348960191139487e-07,1.5349021681720388e-07,1.5349083171758842e-07,1.5349144661601118e-07,1.5349206150617952e-07,1.5349267639030087e-07,1.5349329126888892e-07,1.53493906141424e-07,1.534945210089233e-07,1.534951358715877e-07,1.5349575072861325e-07,1.5349636558008733e-07,1.534969804262355e-07,1.5349759526695562e-07,1.5349821010675583e-07,1.5349882493682465e-07,1.534994397613497e-07,1.5350005458040537e-07,1.5350066939412073e-07,1.535012842024275e-07,1.5350189900530904e-07,1.535025138011438e-07,1.5350312859323452e-07,1.5350374337901722e-07,1.5350435816030527e-07,1.5350497294092883e-07,1.535055877112145e-07,1.5350620247583083e-07,1.5350681723347349e-07,1.5350743198757448e-07,1.5350804673588217e-07,1.5350866147916867e-07,1.5350927621711958e-07,1.5350989094924505e-07,1.535105056766234e-07,1.5351112039860178e-07,1.5351173511506386e-07,1.5351234982654912e-07,1.5351296453100952e-07,1.5351357923122108e-07,1.5351419392388776e-07,1.535148086126533e-07,1.535154232955193e-07,1.5351603797371494e-07,1.5351665264627226e-07,1.5351726731366718e-07,1.5351788197586444e-07,1.5351849663157692e-07,1.5351911128353e-07,1.535197259315159e-07,1.5352034057157776e-07,1.535209552070194e-07,1.5352156983633348e-07,1.5352218446026137e-07,1.5352279907882889e-07,1.5352341369122762e-07,1.5352402830203116e-07,1.535246429043686e-07,1.5352525750056897e-07,1.5352587209385007e-07,1.5352648667989946e-07,1.5352710126053113e-07,1.5352771583429762e-07,1.5352833040399928e-07,1.535289449683688e-07,1.5352955952733946e-07,1.535301740809632e-07,1.5353078862839643e-07,1.535314031713008e-07,1.5353201770887042e-07,1.5353263224063848e-07,1.5353324676709273e-07,1.535338612879794e-07,1.5353447580340475e-07,1.535350903133596e-07,1.5353570481816052e-07,1.5353631931745127e-07,1.5353693381180117e-07,1.5353754830029386e-07,1.5353816278309087e-07,1.5353877726063081e-07,1.5353939173267045e-07,1.5354000619856848e-07,1.5354062065988367e-07,1.5354123511400028e-07,1.5354184956425512e-07,1.5354246400970568e-07,1.53543078449328e-07,1.5354369288357113e-07,1.5354430731247666e-07,1.5354492173574004e-07,1.5354553615367637e-07,1.535461505658425e-07,1.5354676497289604e-07,1.535473793745583e-07,1.5354799377277192e-07,1.535486081632399e-07,1.53549222546629e-07,1.5354983692654913e-07,1.535504513011078e-07,1.535510656705065e-07,1.5355168003431357e-07,1.5355229439246613e-07,1.5355290874469317e-07,1.5355352309078874e-07,1.5355413743277284e-07,1.535547517693566e-07,1.5355536610056762e-07,1.5355598042632463e-07,1.5355659474645394e-07,1.5355720906132248e-07,1.5355782336980106e-07,1.5355843767382358e-07,1.5355905197215896e-07,1.5355966626570117e-07,1.5356028055285228e-07,1.5356089483422085e-07,1.5356150911143102e-07,1.5356212338120472e-07,1.535627376474977e-07,1.535633519081452e-07,1.5356396616337346e-07,1.535645804125881e-07,1.5356519465429195e-07,1.5356580889320546e-07,1.535664231258603e-07,1.5356703735283974e-07,1.535676515755194e-07,1.5356826579313092e-07,1.5356888000450791e-07,1.5356949421068008e-07,1.5357010840976057e-07,1.5357072260405566e-07,1.5357133679415932e-07,1.5357195097898668e-07,1.5357256515819865e-07,1.5357317933203573e-07,1.5357379350016225e-07,1.5357440766315302e-07,1.5357502182071563e-07,1.5357563597270182e-07,1.5357625011941344e-07,1.535768642607101e-07,1.535774783968652e-07,1.5357809252701171e-07,1.5357870665190633e-07,1.5357932077356806e-07,1.5357993488663529e-07,1.5358054899534035e-07,1.5358116310078277e-07,1.5358177719841137e-07,1.5358239129075303e-07,1.535830053777763e-07,1.5358361945932482e-07,1.5358423353487145e-07,1.5358484760559379e-07,1.5358546167095297e-07,1.5358607573082158e-07,1.5358668978526807e-07,1.5358730383204692e-07,1.5358791787571637e-07,1.5358853191391663e-07,1.5358914594617253e-07,1.535897599735e-07,1.5359037399486224e-07,1.5359098801143762e-07,1.5359160202237205e-07,1.535922160280918e-07,1.5359283002755526e-07,1.5359344402203436e-07,1.5359405801137511e-07,1.5359467199535264e-07,1.5359528597308767e-07,1.535958999459791e-07,1.535965139133357e-07,1.5359712787517583e-07,1.5359774183090357e-07,1.5359835578228582e-07,1.535989697285055e-07,1.535995836690555e-07,1.5360019760373523e-07,1.5360081153344402e-07,1.5360142545796e-07,1.5360203937680836e-07,1.536026532901379e-07,1.5360326719514225e-07,1.536038810974866e-07,1.5360449499504454e-07,1.536051088866959e-07,1.5360572277113213e-07,1.5360633665139063e-07,1.536069505295834e-07,1.536075643991524e-07,1.5360817826350863e-07,1.5360879212279804e-07,1.536094059763748e-07,1.536100198241358e-07,1.5361063366717622e-07,1.5361124750470986e-07,1.5361186133673735e-07,1.5361247516325627e-07,1.536130889842756e-07,1.5361370279980577e-07,1.5361431661088646e-07,1.5361493041966202e-07,1.5361554421939305e-07,1.536161580137256e-07,1.5361677180231727e-07,1.536173855853896e-07,1.5361799936284315e-07,1.5361861313513298e-07,1.5361922690197526e-07,1.5361984066338916e-07,1.5362045441937917e-07,1.5362106816990637e-07,1.5362168191499504e-07,1.5362229565488748e-07,1.536229093934564e-07,1.5362352312172167e-07,1.5362413684904602e-07,1.5362475056743896e-07,1.5362536428058556e-07,1.5362597798806573e-07,1.5362659168977398e-07,1.5362720538589927e-07,1.5362781907661438e-07,1.536284327615326e-07,1.536290464444583e-07,1.536296601188671e-07,1.536302737885699e-07,1.5363088745228605e-07,1.5363150111055937e-07,1.5363211475998017e-07,1.5363272840710407e-07,1.5363334204857933e-07,1.5363395568514548e-07,1.5363456931653863e-07,1.536351829421147e-07,1.5363579656277442e-07,1.5363641017753717e-07,1.5363702378693045e-07,1.5363763739090737e-07,1.5363825098963073e-07,1.5363886458282699e-07,1.5363947817098512e-07,1.536400917534317e-07,1.5364070533022763e-07,1.5364131890163924e-07,1.536419324679181e-07,1.5364254602853428e-07,1.5364315958286753e-07,1.5364377313255821e-07,1.5364438667671156e-07,1.5364500021540365e-07,1.5364561374908536e-07,1.5364622727574464e-07,1.5364684079753923e-07,1.5364745431474355e-07,1.536480678264784e-07,1.5364868133271696e-07,1.5364929483323844e-07,1.5364990832865335e-07,1.5365052182173455e-07,1.536511353072184e-07,1.5365174878611994e-07,1.536523622603181e-07,1.5365297572720804e-07,1.5365358919002697e-07,1.536542026502542e-07,1.5365481610186958e-07,1.5365542954840643e-07,1.5365604298948865e-07,1.5365665642488137e-07,1.536572698553877e-07,1.5365788328020724e-07,1.5365849669924273e-07,1.5365911011349113e-07,1.5365972352200834e-07,1.5366033692510807e-07,1.5366095032378342e-07,1.5366156371518236e-07,1.5366217710188578e-07,1.5366279048378122e-07,1.53663403860065e-07,1.5366401722958892e-07,1.5366463059488553e-07,1.5366524395565182e-07,1.5366585730902746e-07,1.5366647065778888e-07,1.536670840011449e-07,1.536676973369428e-07,1.5366831066996554e-07,1.5366892399700956e-07,1.536695373186422e-07,1.5367015063363934e-07,1.5367076394487779e-07,1.536713772488813e-07,1.5367199054880495e-07,1.536726038433074e-07,1.5367321713232295e-07,1.536738304161055e-07,1.5367444369415933e-07,1.5367505696763082e-07,1.5367567023498452e-07,1.5367628349687834e-07,1.536768967533049e-07,1.5367751000404099e-07,1.5367812324964968e-07,1.5367873648997024e-07,1.5367934972495115e-07,1.5367996295445065e-07,1.5368057617827667e-07,1.5368118939668256e-07,1.5368180260971672e-07,1.536824158173088e-07,1.536830290186381e-07,1.5368364221578968e-07,1.5368425540637302e-07,1.5368486859336719e-07,1.5368548177314959e-07,1.5368609494820665e-07,1.5368670811779197e-07,1.536873212818884e-07,1.536879344407384e-07,1.5368854759396273e-07,1.5368916074216785e-07,1.5368977388454565e-07,1.5369038702161522e-07,1.536910001529471e-07,1.5369161327902112e-07,1.536922263996838e-07,1.536928395149111e-07,1.5369345262472115e-07,1.5369406572909724e-07,1.536946788281294e-07,1.5369529192519339e-07,1.5369590501294473e-07,1.5369651809626244e-07,1.53697131173457e-07,1.5369774424526294e-07,1.5369835731161694e-07,1.5369897037290094e-07,1.5369958342775532e-07,1.5370019647773108e-07,1.5370080952235794e-07,1.5370142256155042e-07,1.5370203559631977e-07,1.5370264862516252e-07,1.5370326164803643e-07,1.5370387466557007e-07,1.5370448767686387e-07,1.537051006834053e-07,1.5370571368442677e-07,1.5370632668049577e-07,1.5370693967051197e-07,1.5370755265536078e-07,1.5370816563467316e-07,1.5370877860866473e-07,1.5370939157775615e-07,1.5371000454087144e-07,1.5371061749878933e-07,1.537112304512034e-07,1.537118433965775e-07,1.5371245633793825e-07,1.5371306927391582e-07,1.537136822051664e-07,1.537142951303084e-07,1.537149080498098e-07,1.5371552096398205e-07,1.5371613387250535e-07,1.5371674677636028e-07,1.5371735967852633e-07,1.5371797257084547e-07,1.5371858545790718e-07,1.5371919833962038e-07,1.5371981121615027e-07,1.5372042408689712e-07,1.5372103695234246e-07,1.537216498120118e-07,1.5372226266586764e-07,1.5372287551488743e-07,1.5372348835907117e-07,1.53724101197216e-07,1.5372471403035904e-07,1.5372532685544512e-07,1.5372593967726332e-07,1.5372655249376422e-07,1.5372716530688705e-07,1.5372777811243852e-07,1.5372839091059046e-07,1.537290037054781e-07,1.5372961649485123e-07,1.5373022927865872e-07,1.5373084205694547e-07,1.5373145482971167e-07,1.537320675964678e-07,1.5373268035824464e-07,1.537332931150627e-07,1.5373390586658074e-07,1.537345186109914e-07,1.5373513135148298e-07,1.5373574408690854e-07,1.5373635681524622e-07,1.5373696953901266e-07,1.537375822575873e-07,1.5373819497075308e-07,1.537388076784765e-07,1.5373942038009805e-07,1.537400330768857e-07,1.537406457683183e-07,1.5374125845424731e-07,1.5374187113398752e-07,1.537424838096952e-07,1.5374309647501688e-07,1.537437091388869e-07,1.5374432179769098e-07,1.5374493445125008e-07,1.53745547099189e-07,1.5374615974180668e-07,1.5374677237758376e-07,1.5374738500914078e-07,1.537479976353345e-07,1.5374861025604088e-07,1.5374922287197046e-07,1.5374983548210253e-07,1.5375044808655403e-07,1.5375106068562178e-07,1.537516732791488e-07,1.537522858673329e-07,1.537528984500196e-07,1.5375351102722384e-07,1.5375412359813254e-07,1.5375473616491926e-07,1.5375534872585883e-07,1.5375596128167293e-07,1.5375657383180695e-07,1.5375718637639265e-07,1.537577989156325e-07,1.5375841144937975e-07,1.5375902397773743e-07,1.537596365008035e-07,1.537602490181837e-07,1.5376086153021125e-07,1.537614740368317e-07,1.537620865380257e-07,1.53762699033834e-07,1.537633115223951e-07,1.537639240072572e-07,1.5376453648670517e-07,1.5376514896110458e-07,1.537657614298652e-07,1.5376637389295778e-07,1.53766986349747e-07,1.53767598800846e-07,1.5376821124766412e-07,1.5376882368913873e-07,1.5376943612498103e-07,1.5377004855537094e-07,1.5377066098097124e-07,1.5377127339863847e-07,1.537718858127023e-07,1.5377249822199168e-07,1.5377311062538307e-07,1.5377372302326465e-07,1.5377433541575742e-07,1.5377494780281084e-07,1.5377556018217953e-07,1.5377617255597795e-07,1.537767849264972e-07,1.5377739729167593e-07,1.5377800965002234e-07,1.5377862200247873e-07,1.5377923435574308e-07,1.537798466992702e-07,1.537804590373424e-07,1.5378107137268336e-07,1.5378168370004735e-07,1.537822960223365e-07,1.5378290833902206e-07,1.5378352065148666e-07,1.5378413295595945e-07,1.5378474525596653e-07,1.5378535755069113e-07,1.53785969839809e-07,1.5378658212355264e-07,1.5378719440176031e-07,1.5378780667459868e-07,1.5378841894205136e-07,1.5378903120402174e-07,1.5378964346029727e-07,1.53790255710855e-07,1.537908679564719e-07,1.5379148019665754e-07,1.537920924314969e-07,1.5379270466086833e-07,1.537933168848027e-07,1.5379392910324004e-07,1.537945413166216e-07,1.5379515352406596e-07,1.5379576572619753e-07,1.537963779223479e-07,1.5379699011359329e-07,1.537976022992378e-07,1.5379821447980207e-07,1.537988266540994e-07,1.5379943882373588e-07,1.5380005098708827e-07,1.5380066314566178e-07,1.5380127529883919e-07,1.538018874465881e-07,1.5380249958890905e-07,1.53803111727053e-07,1.538037238580035e-07,1.538043359849109e-07,1.5380494810402826e-07,1.5380556021940338e-07,1.5380617232880306e-07,1.5380678443334484e-07,1.5380739653202513e-07,1.538080086246707e-07,1.5380862071254042e-07,1.5380923279548341e-07,1.5380984487310564e-07,1.5381045694288723e-07,1.538110690090769e-07,1.538116810698114e-07,1.538122931250794e-07,1.5381290517429318e-07,1.5381351721877622e-07,1.5381412925621145e-07,1.538147412897141e-07,1.538153533180324e-07,1.5381596534100666e-07,1.5381657735929121e-07,1.5381718937156871e-07,1.538178013778476e-07,1.538184133786218e-07,1.5381902537384706e-07,1.5381963736395067e-07,1.5382024934848387e-07,1.5382086132601913e-07,1.5382147329972389e-07,1.5382208526844915e-07,1.538226972316355e-07,1.5382330918928806e-07,1.538239211398748e-07,1.538245330863841e-07,1.538251450275482e-07,1.538257569615563e-07,1.5382636889174184e-07,1.538269808158007e-07,1.5382759273497167e-07,1.538282046498031e-07,1.5382881655732572e-07,1.538294284605558e-07,1.538300403583516e-07,1.538306522501287e-07,1.5383126413679595e-07,1.538318760184321e-07,1.5383248789447327e-07,1.5383309976459757e-07,1.53833711631181e-07,1.5383432349065094e-07,1.5383493534364513e-07,1.5383554719229535e-07,1.538361590354017e-07,1.538367708752494e-07,1.5383738270745e-07,1.5383799453474755e-07,1.538386063560173e-07,1.5383921816902985e-07,1.5383982998005685e-07,1.5384044178509813e-07,1.5384105358496867e-07,1.5384166537912772e-07,1.538422771676757e-07,1.5384288895062508e-07,1.5384350072865834e-07,1.5384411250097117e-07,1.5384472426795542e-07,1.5384533602933107e-07,1.538459477851947e-07,1.538465595357015e-07,1.5384717128091077e-07,1.538477830213277e-07,1.5384839475682692e-07,1.5384900648592953e-07,1.538496182095783e-07,1.538502299275538e-07,1.5385084164017265e-07,1.5385145334724742e-07,1.538520650489269e-07,1.5385267674513317e-07,1.538532884359392e-07,1.5385390012076408e-07,1.5385451180098855e-07,1.5385512347556373e-07,1.53855735145008e-07,1.5385634680858743e-07,1.5385695846697245e-07,1.538575701203782e-07,1.5385818176751103e-07,1.538587934093307e-07,1.5385940504551692e-07,1.538600166764564e-07,1.5386062830206148e-07,1.538612399210717e-07,1.5386185153563533e-07,1.538624631453317e-07,1.5386307474877494e-07,1.5386368634709711e-07,1.5386429794000162e-07,1.5386490952749868e-07,1.5386552110953813e-07,1.5386613268608683e-07,1.5386674425703253e-07,1.538673558220651e-07,1.5386796738215262e-07,1.538685789374484e-07,1.5386919048657597e-07,1.538698020303504e-07,1.538704135685366e-07,1.5387102510045268e-07,1.5387163662799014e-07,1.5387224815007573e-07,1.5387285966623986e-07,1.5387347117778544e-07,1.5387408268399734e-07,1.5387469418429348e-07,1.5387530567905574e-07,1.5387591716858577e-07,1.538765286525529e-07,1.5387714013112798e-07,1.5387775160389264e-07,1.538783630719618e-07,1.5387897453247787e-07,1.5387958598962454e-07,1.538801974374124e-07,1.5388080888546529e-07,1.5388142032590814e-07,1.538820317612002e-07,1.5388264319131044e-07,1.53883254614507e-07,1.5388386603283102e-07,1.5388447744607e-07,1.5388508885237953e-07,1.5388570025478677e-07,1.538863116506937e-07,1.5388692304226707e-07,1.538875344283248e-07,1.5388814580887142e-07,1.5388875718348102e-07,1.5388936855352398e-07,1.5388997991773054e-07,1.5389059127654065e-07,1.5389120262989923e-07,1.5389181397788717e-07,1.5389242532073442e-07,1.5389303665675667e-07,1.538936479881505e-07,1.5389425931423588e-07,1.53894870635452e-07,1.5389548195123689e-07,1.538960932624033e-07,1.5389670456715026e-07,1.5389731586835255e-07,1.5389792716184205e-07,1.5389853844982247e-07,1.538991497322186e-07,1.5389976100825304e-07,1.5390037227994036e-07,1.5390098354605534e-07,1.5390159480680625e-07,1.5390220606309387e-07,1.5390281731284976e-07,1.5390342855760763e-07,1.5390403979651607e-07,1.539046510300646e-07,1.5390526225669233e-07,1.5390587347933554e-07,1.539064846969842e-07,1.5390709591081347e-07,1.5390770711724003e-07,1.5390831831801004e-07,1.5390892951417445e-07,1.5390954070429152e-07,1.5391015188895674e-07,1.539107630673465e-07,1.539113742411003e-07,1.5391198540855386e-07,1.5391259657248834e-07,1.5391320773011987e-07,1.5391381888434577e-07,1.5391443003107482e-07,1.5391504117262987e-07,1.5391565230792633e-07,1.5391626343742112e-07,1.5391687456538367e-07,1.5391748568470292e-07,1.5391809679876106e-07,1.5391870790711632e-07,1.53919319010135e-07,1.5391993010752684e-07,1.5392054119946884e-07,1.5392115228646118e-07,1.5392176336726502e-07,1.5392237444275262e-07,1.5392298551310137e-07,1.5392359657774988e-07,1.5392420763710799e-07,1.5392481869102515e-07,1.5392542973951415e-07,1.539260407810347e-07,1.5392665181855732e-07,1.5392726285053217e-07,1.5392787387722265e-07,1.5392848489903016e-07,1.5392909591486727e-07,1.5392970692502387e-07,1.53930317929397e-07,1.5393092892871359e-07,1.5393153992489253e-07,1.539321509143959e-07,1.5393276189449542e-07,1.539333728723916e-07,1.5393398384579585e-07,1.5393459481258953e-07,1.5393520577409376e-07,1.539358167300749e-07,1.5393642768052138e-07,1.5393703862481212e-07,1.5393764956441292e-07,1.5393826049785301e-07,1.5393887142681069e-07,1.5393948235001825e-07,1.539400932678833e-07,1.5394070418020022e-07,1.5394131508706873e-07,1.5394192598828271e-07,1.5394253688480847e-07,1.5394314777574218e-07,1.5394375866117689e-07,1.5394436954123646e-07,1.5394498041547503e-07,1.5394559128460124e-07,1.5394620214793037e-07,1.539468130062344e-07,1.5394742385863904e-07,1.5394803470470345e-07,1.5394864554647432e-07,1.5394925638321478e-07,1.539498672130771e-07,1.5395047803831118e-07,1.5395108885774042e-07,1.5395169967202855e-07,1.539523104802013e-07,1.539529212829523e-07,1.5395353208083257e-07,1.539541428733014e-07,1.5395475366031248e-07,1.5395536444408844e-07,1.5395597522060623e-07,1.5395658599125975e-07,1.539571967570259e-07,1.5395780751620472e-07,1.5395841827056614e-07,1.5395902901948102e-07,1.5395963976201903e-07,1.5396025050020082e-07,1.5396086123263517e-07,1.5396147195996507e-07,1.5396208268164684e-07,1.5396269339822392e-07,1.5396330410913385e-07,1.5396391481447056e-07,1.5396452551482865e-07,1.539651362092685e-07,1.5396574689843508e-07,1.5396635758201808e-07,1.5396696825909503e-07,1.5396757893216177e-07,1.5396818959938663e-07,1.5396880026117738e-07,1.539694109174507e-07,1.539700215683796e-07,1.539706322139418e-07,1.5397124285442405e-07,1.5397185348799884e-07,1.5397246411972664e-07,1.5397307474366782e-07,1.5397368536179884e-07,1.5397429597443952e-07,1.5397490658192532e-07,1.5397551718369738e-07,1.539761277794775e-07,1.5397673836797542e-07,1.5397734895383485e-07,1.5397795953405236e-07,1.5397857010863857e-07,1.53979180677753e-07,1.5397979124124172e-07,1.5398040179982206e-07,1.53981012352511e-07,1.5398162289990902e-07,1.5398223344160712e-07,1.5398284397803045e-07,1.5398345450926891e-07,1.53984065034764e-07,1.5398467555486595e-07,1.5398528606918135e-07,1.5398589657780364e-07,1.539865070815492e-07,1.5398711758022537e-07,1.5398772807307711e-07,1.5398833856050417e-07,1.539889490424552e-07,1.5398955951780371e-07,1.539901699890147e-07,1.539907804546511e-07,1.539913909150777e-07,1.539920013697982e-07,1.539926118188881e-07,1.5399322226248855e-07,1.5399383269962795e-07,1.5399444313249447e-07,1.539950535598103e-07,1.5399566398167582e-07,1.5399627439833285e-07,1.5399688480869798e-07,1.5399749521437803e-07,1.5399810561455542e-07,1.539987160095714e-07,1.539993263988715e-07,1.5399993678277765e-07,1.5400054716032057e-07,1.54001157533191e-07,1.5400176790070424e-07,1.5400237826311961e-07,1.5400298862186132e-07,1.5400359897301785e-07,1.5400420931894972e-07,1.5400481965800528e-07,1.5400542999278122e-07,1.5400604032155843e-07,1.540066506451815e-07,1.540072609637606e-07,1.5400787127566327e-07,1.5400848158202872e-07,1.5400909188180063e-07,1.5400970217847327e-07,1.540103124696792e-07,1.5401092275550338e-07,1.5401153303652736e-07,1.5401214331141095e-07,1.5401275358016992e-07,1.5401336384468027e-07,1.5401397410319506e-07,1.5401458435678697e-07,1.5401519460267663e-07,1.5401580484750564e-07,1.5401641508404948e-07,1.5401702531541798e-07,1.5401763554166068e-07,1.540182457624567e-07,1.5401885597693164e-07,1.5401946618659632e-07,1.54020076389898e-07,1.5402068658738754e-07,1.5402129678043036e-07,1.5402190696750992e-07,1.5402251714891773e-07,1.540231273256806e-07,1.5402373749700625e-07,1.5402434766306752e-07,1.540249578226957e-07,1.5402556797767142e-07,1.5402617812691837e-07,1.5402678827094864e-07,1.5402739840844945e-07,1.5402800854166067e-07,1.5402861866826172e-07,1.54029228790446e-07,1.540298389070881e-07,1.5403044901854637e-07,1.5403105912416467e-07,1.5403166922479903e-07,1.5403227931980573e-07,1.5403288941324917e-07,1.540334994973326e-07,1.5403410957598954e-07,1.540347196487217e-07,1.5403532971630762e-07,1.5403593977895903e-07,1.5403654983579403e-07,1.54037159885932e-07,1.5403776993007789e-07,1.540383799705835e-07,1.540389900054692e-07,1.540396000350627e-07,1.5404021005948232e-07,1.5404082007812172e-07,1.5404143009127515e-07,1.5404204009911173e-07,1.540426501014785e-07,1.5404326009836336e-07,1.5404387008978497e-07,1.540444800756873e-07,1.540450900562184e-07,1.5404570003135586e-07,1.5404631000088188e-07,1.5404691996501463e-07,1.540475299236796e-07,1.5404813987694878e-07,1.5404874982475325e-07,1.5404935976750022e-07,1.5404996970438643e-07,1.5405057963589822e-07,1.5405118956130542e-07,1.5405179948183154e-07,1.5405240939639438e-07,1.5405301930586203e-07,1.540536292103824e-07,1.540542391082843e-07,1.540548490017329e-07,1.5405545888785536e-07,1.540560687700527e-07,1.540566786470106e-07,1.540572885184878e-07,1.54057898384531e-07,1.5405850824530485e-07,1.540591181057862e-07,1.54059727955203e-07,1.540603377986542e-07,1.5406094763750745e-07,1.5406155747082416e-07,1.5406216729929644e-07,1.5406277711938192e-07,1.54063386936322e-07,1.5406399674762342e-07,1.5406460655366192e-07,1.5406521635467542e-07,1.5406582614913834e-07,1.5406643593813146e-07,1.5406704572210936e-07,1.5406765550112446e-07,1.5406826527445719e-07,1.5406887504227004e-07,1.5406948480467414e-07,1.5407009456150343e-07,1.540707043134259e-07,1.5407131405886144e-07,1.5407192379938678e-07,1.5407253353553984e-07,1.5407314326520387e-07,1.5407375298945583e-07,1.5407436270856744e-07,1.540749724218663e-07,1.540755821296573e-07,1.5407619183113376e-07,1.540768015276573e-07,1.5407741121968492e-07,1.5407802090558416e-07,1.5407863058554958e-07,1.5407924026075204e-07,1.5407984993036569e-07,1.540804595947224e-07,1.5408106925404458e-07,1.5408167890737985e-07,1.5408228855552013e-07,1.5408289819794738e-07,1.5408350783485235e-07,1.5408411746634642e-07,1.5408472709286134e-07,1.5408533671396748e-07,1.5408594632966523e-07,1.5408655593945467e-07,1.5408716554385692e-07,1.5408777514271534e-07,1.5408838473628915e-07,1.540889943241427e-07,1.5408960390658295e-07,1.540902134810633e-07,1.5409082305257784e-07,1.540914326189124e-07,1.5409204217877487e-07,1.5409265173388264e-07,1.5409326128355272e-07,1.5409387082757195e-07,1.540944803669649e-07,1.540950899001062e-07,1.5409569942797883e-07,1.5409630895044501e-07,1.5409691846727608e-07,1.5409752797927455e-07,1.5409813748474425e-07,1.540987469853637e-07,1.5409935648095484e-07,1.5409996597067e-07,1.5410057545482943e-07,1.5410118493398675e-07,1.541017944073344e-07,1.5410240387511912e-07,1.541030133375253e-07,1.5410362279446406e-07,1.5410423224612232e-07,1.541048416919633e-07,1.5410545113275927e-07,1.541060605678679e-07,1.541066699977916e-07,1.5410727942153786e-07,1.5410788884015378e-07,1.5410849825320104e-07,1.5410910766091224e-07,1.5410971706306782e-07,1.5411032645992652e-07,1.5411093585486808e-07,1.5411154524047444e-07,1.5411215462304157e-07,1.5411276399807254e-07,1.5411337336768157e-07,1.5411398273221502e-07,1.5411459209101713e-07,1.5411520144434024e-07,1.5411581079234056e-07,1.541164201347888e-07,1.5411702947149213e-07,1.5411763880300962e-07,1.541182481290277e-07,1.5411885744969515e-07,1.5411946676459308e-07,1.541200760742411e-07,1.5412068537876193e-07,1.5412129467751697e-07,1.5412190397079698e-07,1.5412251325866082e-07,1.5412312254103875e-07,1.5412373181797904e-07,1.5412434108940558e-07,1.5412495035543563e-07,1.541255596160778e-07,1.5412616887101813e-07,1.5412677812067962e-07,1.541273873646271e-07,1.541279966036323e-07,1.5412860583689673e-07,1.5412921506470466e-07,1.541298242870024e-07,1.541304335038433e-07,1.5413104271518458e-07,1.541316519211581e-07,1.54132261121536e-07,1.5413287031681489e-07,1.541334795043243e-07,1.541340886888915e-07,1.5413469786753732e-07,1.5413530703963706e-07,1.5413591620743232e-07,1.5413652536986477e-07,1.5413713452678025e-07,1.5413774367759337e-07,1.541383528235912e-07,1.541389619641476e-07,1.5413957109918068e-07,1.5414018022881575e-07,1.5414078935257398e-07,1.541413984703285e-07,1.541420075827495e-07,1.5414261669082452e-07,1.541432257951251e-07,1.5414383489207214e-07,1.5414444398337412e-07,1.5414505306942466e-07,1.5414566215028935e-07,1.5414627122532361e-07,1.5414688029417907e-07,1.5414748935827713e-07,1.541480984169797e-07,1.541487074701518e-07,1.541493165185108e-07,1.5414992556081727e-07,1.541505345982678e-07,1.54151143630766e-07,1.5415175265711063e-07,1.5415236167869764e-07,1.541529706931799e-07,1.541535797028691e-07,1.541541887074686e-07,1.5415479770408086e-07,1.5415540669696392e-07,1.5415601568455895e-07,1.541566246667131e-07,1.541572336434822e-07,1.5415784261415623e-07,1.5415845158003127e-07,1.5415906054044458e-07,1.5415966949559592e-07,1.5416027844496862e-07,1.5416088738887625e-07,1.5416149632501215e-07,1.5416210525763742e-07,1.5416271418522686e-07,1.5416332310702606e-07,1.5416393202374791e-07,1.5416454093526678e-07,1.5416514984108332e-07,1.5416575874165355e-07,1.5416636763606387e-07,1.5416697652558482e-07,1.5416758540954793e-07,1.5416819428856948e-07,1.541688031590307e-07,1.5416941202689393e-07,1.541700208893641e-07,1.5417062974607958e-07,1.541712385979915e-07,1.5417184744374737e-07,1.5417245628407e-07,1.541730651189741e-07,1.5417367394835897e-07,1.5417428277158537e-07,1.5417489159011353e-07,1.541755004028299e-07,1.5417610921067532e-07,1.5417671801245101e-07,1.541773268100926e-07,1.541779356014958e-07,1.5417854438721275e-07,1.5417915316743538e-07,1.5417976194217288e-07,1.5418037071151063e-07,1.5418097947552398e-07,1.5418158823401878e-07,1.5418219698702936e-07,1.541828057345954e-07,1.541834144765268e-07,1.5418402321283733e-07,1.5418463194393445e-07,1.541852406695838e-07,1.5418584939003293e-07,1.5418645810290052e-07,1.5418706681246088e-07,1.5418767551621882e-07,1.5418828421466968e-07,1.5418889290746553e-07,1.541895015949028e-07,1.5419011027547262e-07,1.5419071895218123e-07,1.5419132762325447e-07,1.5419193628885508e-07,1.5419254494900205e-07,1.5419315360366263e-07,1.5419376225270642e-07,1.541943708959346e-07,1.541949795347749e-07,1.541955881676129e-07,1.5419619679500475e-07,1.5419680541692867e-07,1.541974140333624e-07,1.5419802264432297e-07,1.541986312497164e-07,1.5419923984972067e-07,1.5419984844489545e-07,1.5420045703393329e-07,1.542010656169332e-07,1.542016741939882e-07,1.5420228276711236e-07,1.5420289133451615e-07,1.5420349989637228e-07,1.542041084527007e-07,1.5420471700357657e-07,1.5420532554915431e-07,1.5420593408924183e-07,1.542065426229495e-07,1.5420715115214527e-07,1.5420775967582713e-07,1.5420836819414356e-07,1.5420897670623034e-07,1.5420958521348288e-07,1.5421019371526531e-07,1.5421080221143634e-07,1.5421141070234371e-07,1.5421201918697069e-07,1.5421262766721508e-07,1.5421323614477237e-07,1.542138446136155e-07,1.542144530782267e-07,1.5421506153622532e-07,1.5421566998880784e-07,1.5421627843597306e-07,1.5421688687840919e-07,1.5421749531488622e-07,1.5421810374544454e-07,1.5421871217082132e-07,1.542193205909717e-07,1.5421992900512698e-07,1.5422053741413876e-07,1.542211458174623e-07,1.5422175421573233e-07,1.5422236260829595e-07,1.5422297099503611e-07,1.5422357937668492e-07,1.5422418775284975e-07,1.5422479612341026e-07,1.5422540448988585e-07,1.5422601284973618e-07,1.542266212043896e-07,1.5422722955317282e-07,1.5422783789718644e-07,1.5422844623547934e-07,1.5422905456796726e-07,1.5422966289479845e-07,1.5423027121643794e-07,1.5423087953254424e-07,1.5423148784322066e-07,1.5423209614752863e-07,1.5423270444688425e-07,1.542333127405659e-07,1.542339210293317e-07,1.5423452931489275e-07,1.5423513759275797e-07,1.5423574586506782e-07,1.5423635413224915e-07,1.542369623907982e-07,1.54237570646746e-07,1.542381788969015e-07,1.542387871420974e-07,1.542393953818689e-07,1.5424000361664504e-07,1.5424061184532414e-07,1.542412200681204e-07,1.542418282860689e-07,1.542424364984651e-07,1.5424304470533004e-07,1.5424365290653656e-07,1.5424426110244997e-07,1.542448692930847e-07,1.5424547747804353e-07,1.542460856574094e-07,1.5424669383055465e-07,1.5424730199911925e-07,1.5424791016230605e-07,1.5424851832013014e-07,1.542491264724241e-07,1.5424973461786152e-07,1.5425034275861204e-07,1.542509508938415e-07,1.5425155902426806e-07,1.5425216714807806e-07,1.5425277526721513e-07,1.5425338338114986e-07,1.5425399148990328e-07,1.5425459959308585e-07,1.5425520769173966e-07,1.5425581578385008e-07,1.5425642387057837e-07,1.542570319516902e-07,1.5425764002750241e-07,1.542582480978024e-07,1.5425885616261554e-07,1.5425946422193856e-07,1.542600722758384e-07,1.5426068032457271e-07,1.5426128836752232e-07,1.5426189640499626e-07,1.5426250443704124e-07,1.542631124637606e-07,1.5426372048488912e-07,1.5426432850046035e-07,1.542649365106839e-07,1.5426554451546794e-07,1.5426615251466006e-07,1.5426676050837776e-07,1.5426736849660634e-07,1.5426797647929903e-07,1.5426858445762907e-07,1.5426919242964952e-07,1.5426980039577295e-07,1.5427040835582813e-07,1.5427101631135854e-07,1.5427162426139167e-07,1.5427223220600417e-07,1.5427284014519388e-07,1.5427344807889774e-07,1.542740560079124e-07,1.5427466393107412e-07,1.5427527184834595e-07,1.5427587976014598e-07,1.5427648766655258e-07,1.5427709556750678e-07,1.542777034629128e-07,1.5427831135296442e-07,1.5427891923783364e-07,1.5427952711506446e-07,1.542801349886129e-07,1.542807428566028e-07,1.5428135071998134e-07,1.5428195857712893e-07,1.5428256642881715e-07,1.5428317427555943e-07,1.5428378211632352e-07,1.5428438995237117e-07,1.5428499778244557e-07,1.5428560560757793e-07,1.542862134269029e-07,1.5428682124032715e-07,1.5428742904905155e-07,1.5428803685149184e-07,1.542886446480508e-07,1.5428925243983345e-07,1.5428986022579774e-07,1.5429046800543257e-07,1.542910757805935e-07,1.5429168355026008e-07,1.5429229131398282e-07,1.5429289907281936e-07,1.542935068261447e-07,1.542941145740452e-07,1.5429472231622042e-07,1.542953300534872e-07,1.5429593778598046e-07,1.542965455119393e-07,1.5429715323246956e-07,1.5429776094750844e-07,1.542983686571851e-07,1.5429897636131073e-07,1.5429958405984468e-07,1.5430019175309975e-07,1.5430079944150138e-07,1.5430140712499387e-07,1.5430201480178775e-07,1.5430262247314377e-07,1.5430323013851171e-07,1.5430383779892052e-07,1.5430444545369073e-07,1.5430505310317797e-07,1.5430566074714486e-07,1.5430626838571016e-07,1.5430687602058992e-07,1.5430748364821958e-07,1.5430809127001705e-07,1.5430869888604667e-07,1.5430930649735033e-07,1.5430991410241493e-07,1.543105217024788e-07,1.5431112929730933e-07,1.5431173688674077e-07,1.54312344470631e-07,1.5431295204908805e-07,1.543135596220268e-07,1.5431416718942993e-07,1.5431477475165168e-07,1.543153823082335e-07,1.5431598985930625e-07,1.5431659740490172e-07,1.543172049450412e-07,1.5431781247840251e-07,1.5431842000729098e-07,1.5431902753122975e-07,1.5431963504949226e-07,1.543202425623648e-07,1.5432085007007854e-07,1.543214575718069e-07,1.5432206506865077e-07,1.5432267255989614e-07,1.54323280047605e-07,1.5432388752683142e-07,1.543244950013458e-07,1.5432510247040316e-07,1.5432570993403194e-07,1.5432631739211594e-07,1.5432692484449015e-07,1.5432753229171137e-07,1.5432813973380868e-07,1.5432874717083658e-07,1.5432935460130484e-07,1.543299620295091e-07,1.543305694493739e-07,1.543311768637799e-07,1.5433178427273687e-07,1.5433239167631105e-07,1.5433299907552742e-07,1.5433360646799432e-07,1.5433421385522224e-07,1.5433482123683928e-07,1.543354286129967e-07,1.5433603598365257e-07,1.5433664334891038e-07,1.5433725070869997e-07,1.543378580618988e-07,1.5433846541037487e-07,1.5433907275369326e-07,1.5433968009154327e-07,1.5434028742343211e-07,1.5434089475045767e-07,1.5434150207194892e-07,1.5434210938855372e-07,1.5434271669911913e-07,1.5434332400402974e-07,1.543439313034345e-07,1.5434453859765577e-07,1.5434514588632095e-07,1.543457531696312e-07,1.5434636044745562e-07,1.5434696771962112e-07,1.543475749867253e-07,1.5434818224961246e-07,1.5434878950552735e-07,1.5434939675348166e-07,1.543500039983735e-07,1.5435061123773035e-07,1.5435121847178322e-07,1.5435182569700534e-07,1.5435243291985794e-07,1.543530401376358e-07,1.5435364735010918e-07,1.543542545567526e-07,1.5435486175787564e-07,1.5435546895357782e-07,1.5435607614374254e-07,1.5435668332855632e-07,1.5435729050713663e-07,1.543578976814138e-07,1.543585048498044e-07,1.5435911201259654e-07,1.543597191700369e-07,1.543603263219872e-07,1.5436093346849219e-07,1.5436154060971185e-07,1.5436214774523004e-07,1.5436275487529605e-07,1.5436336199821907e-07,1.5436396911722228e-07,1.543645762331119e-07,1.5436518334137487e-07,1.5436579044407807e-07,1.5436639754135377e-07,1.5436700463316542e-07,1.5436761171947827e-07,1.5436821880061506e-07,1.5436882587601595e-07,1.5436943294590348e-07,1.543700400105228e-07,1.543706470695523e-07,1.543712541230237e-07,1.5437186117159021e-07,1.5437246821420053e-07,1.5437307525097862e-07,1.543736822826346e-07,1.543742893088108e-07,1.5437489632951297e-07,1.5437550334472645e-07,1.5437611035452414e-07,1.5437671735874501e-07,1.5437732435762196e-07,1.5437793135015717e-07,1.543785383374196e-07,1.543791453199052e-07,1.5437975229711945e-07,1.543803592686034e-07,1.5438096623452486e-07,1.5438157319468663e-07,1.5438218014973367e-07,1.5438278709932865e-07,1.5438339404344926e-07,1.5438400098209988e-07,1.5438460791894006e-07,1.5438521484701582e-07,1.5438582176918864e-07,1.5438642868590722e-07,1.543870355972566e-07,1.5438764250305394e-07,1.543882494033731e-07,1.5438885629823932e-07,1.5438946318775873e-07,1.543900700715114e-07,1.5439067694944287e-07,1.5439128382242359e-07,1.5439189068994314e-07,1.5439249755197956e-07,1.5439310440838093e-07,1.543937112574476e-07,1.5439431810276451e-07,1.5439492494316414e-07,1.5439553177789348e-07,1.543961386069519e-07,1.5439674543069373e-07,1.543973522494989e-07,1.543979590624367e-07,1.5439856586985518e-07,1.5439917267172534e-07,1.5439977946812107e-07,1.5440038625902313e-07,1.5440099304395853e-07,1.5440159982402013e-07,1.5440220659912217e-07,1.5440281336818775e-07,1.544034201316493e-07,1.5440402689052878e-07,1.5440463364336504e-07,1.5440524039083594e-07,1.5440584713243703e-07,1.5440645386864572e-07,1.544070605985638e-07,1.544076673238612e-07,1.544082740435946e-07,1.5440888075804576e-07,1.5440948746755428e-07,1.5441009417093666e-07,1.5441070086890592e-07,1.5441130756117568e-07,1.5441191424783072e-07,1.544125209292854e-07,1.5441312760483765e-07,1.544137342755005e-07,1.5441434094054243e-07,1.5441494760057404e-07,1.5441555425477742e-07,1.544161609045964e-07,1.544167675478731e-07,1.544173741856338e-07,1.544179808179089e-07,1.5441858744468866e-07,1.5441919406606986e-07,1.544198006809524e-07,1.5442040729126834e-07,1.544210138961306e-07,1.5442162049578954e-07,1.5442222708978778e-07,1.5442283367759656e-07,1.544234402606505e-07,1.5442404683730926e-07,1.5442465340940882e-07,1.5442525997584466e-07,1.544258665369808e-07,1.544264730929553e-07,1.544270796431724e-07,1.5442768618758038e-07,1.5442829272681466e-07,1.5442889926057898e-07,1.5442950578886835e-07,1.5443011231200093e-07,1.5443071882921264e-07,1.5443132534110065e-07,1.5443193184719235e-07,1.5443253834709418e-07,1.544331448425462e-07,1.5443375133185617e-07,1.5443435781521965e-07,1.54434964295239e-07,1.544355707648416e-07,1.5443617723165404e-07,1.5443678369411433e-07,1.544373901512717e-07,1.5443799660299514e-07,1.5443860304938193e-07,1.5443920948813713e-07,1.5443981592338822e-07,1.5444042235341809e-07,1.544410287778605e-07,1.5444163519675424e-07,1.5444224161030524e-07,1.5444284801818448e-07,1.5444345442071368e-07,1.544440608174454e-07,1.5444466720896532e-07,1.5444527359466548e-07,1.5444587997511335e-07,1.544464863493392e-07,1.5444709271890886e-07,1.544476990830363e-07,1.5444830544146047e-07,1.5444891179463176e-07,1.5444951814233532e-07,1.544501244844876e-07,1.544507308213156e-07,1.5445133715351966e-07,1.5445194347921687e-07,1.544525497995368e-07,1.544531561162617e-07,1.5445376242552481e-07,1.5445436872941848e-07,1.5445497502807846e-07,1.5445558132076882e-07,1.5445618760750972e-07,1.5445679388930114e-07,1.544574001658361e-07,1.5445800643688153e-07,1.5445861270249187e-07,1.5445921896261863e-07,1.5445982521690065e-07,1.5446043146607887e-07,1.5446103770979566e-07,1.5446164394804755e-07,1.54462250180775e-07,1.5446285641034625e-07,1.5446346263212166e-07,1.544640688478442e-07,1.5446467505872862e-07,1.5446528126320214e-07,1.544658874630839e-07,1.5446649365747684e-07,1.5446709984641553e-07,1.544677060302098e-07,1.5446831220874806e-07,1.5446891838125744e-07,1.5446952454825775e-07,1.5447013070974429e-07,1.5447073686580346e-07,1.544713430158683e-07,1.5447194915945227e-07,1.5447255529920175e-07,1.5447316143308393e-07,1.5447376756236589e-07,1.5447437368564505e-07,1.5447497980336677e-07,1.544755859156658e-07,1.544761920228911e-07,1.5447679812478407e-07,1.544774042206938e-07,1.544780103110716e-07,1.5447861639594666e-07,1.544792224754422e-07,1.5447982854945013e-07,1.544804346179881e-07,1.5448104068098882e-07,1.544816467401395e-07,1.5448225279219003e-07,1.544828588391213e-07,1.5448346488031466e-07,1.5448407091572397e-07,1.5448467694561889e-07,1.5448528297021506e-07,1.5448588898909717e-07,1.544864950028481e-07,1.544871010117287e-07,1.5448770701452126e-07,1.5448831301196553e-07,1.5448891900381662e-07,1.5448952499028392e-07,1.5449013097094248e-07,1.5449073694635878e-07,1.5449134291626153e-07,1.5449194888029561e-07,1.544925548392734e-07,1.5449316079271236e-07,1.5449376674074927e-07,1.5449437268345954e-07,1.5449497862045003e-07,1.5449558455183684e-07,1.5449619047831404e-07,1.5449679639971497e-07,1.5449740231492774e-07,1.5449800822459596e-07,1.5449861412686099e-07,1.544992200255217e-07,1.5449982591878724e-07,1.5450043180584143e-07,1.5450103768789046e-07,1.5450164356470828e-07,1.5450224943589887e-07,1.5450285530198662e-07,1.5450346116236398e-07,1.5450406701546309e-07,1.5450467286478318e-07,1.545052787088441e-07,1.5450588455055585e-07,1.5450649038358525e-07,1.5450709621112598e-07,1.5450770203299717e-07,1.5450830784958225e-07,1.5450891366072066e-07,1.5450951946682045e-07,1.5451012526698476e-07,1.5451073106167642e-07,1.5451133685096165e-07,1.5451194263366127e-07,1.5451254841189598e-07,1.5451315418467203e-07,1.545137599518988e-07,1.5451436571384716e-07,1.5451497147025247e-07,1.5451557722116142e-07,1.5451618296653188e-07,1.5451678870644753e-07,1.5451739444094135e-07,1.5451800017020868e-07,1.5451860589352963e-07,1.5451921161077304e-07,1.5451981732303767e-07,1.5452042303009903e-07,1.545210287318245e-07,1.5452163442750442e-07,1.5452224011742818e-07,1.5452284580251303e-07,1.5452345148220382e-07,1.5452405715643154e-07,1.545246628254535e-07,1.5452526848806982e-07,1.5452587414564293e-07,1.545264797995923e-07,1.5452708544671079e-07,1.5452769108772758e-07,1.5452829672351792e-07,1.5452890235368028e-07,1.5452950797800158e-07,1.5453011359748016e-07,1.5453071921140104e-07,1.5453132482003553e-07,1.5453193042301268e-07,1.5453253602059215e-07,1.5453314161207663e-07,1.5453374719855885e-07,1.5453435277961024e-07,1.545349583550418e-07,1.5453556392512775e-07,1.5453616948977772e-07,1.5453677505079686e-07,1.5453738060514832e-07,1.5453798615335683e-07,1.5453859169602196e-07,1.5453919723320173e-07,1.5453980276512132e-07,1.5454040829048207e-07,1.545410138114273e-07,1.5454161932677486e-07,1.5454222483395576e-07,1.545428303382296e-07,1.545434358371495e-07,1.5454404133078069e-07,1.5454464681844212e-07,1.545452522997908e-07,1.545458577774441e-07,1.545464632482602e-07,1.5454706871432517e-07,1.5454767417466274e-07,1.5454827962966295e-07,1.5454888507908344e-07,1.5454949052320743e-07,1.5455009596198272e-07,1.545507013952254e-07,1.5455130682264686e-07,1.5455191224471318e-07,1.5455251766144407e-07,1.5455312307414094e-07,1.5455372847978963e-07,1.5455433388007481e-07,1.545549392749277e-07,1.545555446643085e-07,1.5455615004819942e-07,1.545567554265818e-07,1.5455736080142087e-07,1.5455796616859414e-07,1.5455857153042067e-07,1.54559176887026e-07,1.5455978223797913e-07,1.5456038758357468e-07,1.54560992923351e-07,1.545615982578994e-07,1.5456220358692443e-07,1.545628089104339e-07,1.5456341422853515e-07,1.5456401954113377e-07,1.545646248483783e-07,1.545652301500374e-07,1.5456583544619315e-07,1.545664407368384e-07,1.5456704602203952e-07,1.5456765130204717e-07,1.5456825657559583e-07,1.5456886184428304e-07,1.545694671078125e-07,1.54570072365638e-07,1.5457067761798866e-07,1.5457128286494473e-07,1.5457188810648068e-07,1.545724933423519e-07,1.545730985727544e-07,1.5457370379770514e-07,1.5457430901715035e-07,1.5457491423101426e-07,1.5457551943949921e-07,1.5457612464249346e-07,1.5457672983880595e-07,1.545773350309071e-07,1.5457794021746098e-07,1.5457854539926784e-07,1.5457915057448664e-07,1.5457975574447251e-07,1.5458036090917524e-07,1.5458096606832875e-07,1.5458157122233183e-07,1.5458217637059235e-07,1.545827815133723e-07,1.5458338665069013e-07,1.5458399178247035e-07,1.5458459690884988e-07,1.5458520202976518e-07,1.545858071453396e-07,1.5458641225520578e-07,1.5458701735940115e-07,1.545876224583167e-07,1.5458822755183321e-07,1.5458883264069536e-07,1.5458943772316712e-07,1.5459004280024063e-07,1.5459064787175736e-07,1.5459125293780851e-07,1.5459185799839455e-07,1.5459246305325918e-07,1.5459306810284157e-07,1.5459367314691757e-07,1.5459427818550783e-07,1.545948832186621e-07,1.5459548824635862e-07,1.5459609326851406e-07,1.5459669828543992e-07,1.5459730329574352e-07,1.5459790830094986e-07,1.5459851330124452e-07,1.545991182960681e-07,1.5459972328536307e-07,1.5460032826922335e-07,1.5460093324763635e-07,1.5460153822040662e-07,1.546021431880561e-07,1.5460274814811878e-07,1.546033531041693e-07,1.5460395805512012e-07,1.546045630005871e-07,1.5460516794093586e-07,1.5460577287563886e-07,1.5460637780459254e-07,1.546069827300628e-07,1.546075876482695e-07,1.5460819256084988e-07,1.5460879746700736e-07,1.5460940236862192e-07,1.546100072637881e-07,1.5461061215454828e-07,1.5461121703910029e-07,1.5461182191873365e-07,1.5461242679288453e-07,1.54613031661595e-07,1.5461363652461688e-07,1.5461424138232268e-07,1.546148462346114e-07,1.5461545108191392e-07,1.546160559231735e-07,1.5461666075850808e-07,1.5461726558893004e-07,1.5461787041374422e-07,1.5461847523309448e-07,1.5461908004701588e-07,1.5461968485538126e-07,1.546202896582761e-07,1.5462089445585548e-07,1.5462149924761415e-07,1.5462210403397325e-07,1.546227088150044e-07,1.546233135905361e-07,1.546239183605702e-07,1.5462452312503785e-07,1.546251278840647e-07,1.5462573263767306e-07,1.5462633738507918e-07,1.5462694212790883e-07,1.5462754686509094e-07,1.5462815159627662e-07,1.5462875632225346e-07,1.5462936104273846e-07,1.5462996575795407e-07,1.5463057046771087e-07,1.5463117517215903e-07,1.5463177987086713e-07,1.5463238456389675e-07,1.546329892516861e-07,1.5463359393296652e-07,1.5463419860898176e-07,1.546348032801619e-07,1.5463540794538359e-07,1.5463601260577875e-07,1.5463661726073487e-07,1.5463722191044182e-07,1.5463782655491303e-07,1.5463843119337716e-07,1.5463903582664379e-07,1.5463964045659529e-07,1.546402450785524e-07,1.5464084969510641e-07,1.5464145430618078e-07,1.546420589117512e-07,1.5464266351180117e-07,1.5464326810638896e-07,1.5464387269570588e-07,1.5464447727929998e-07,1.5464508185689296e-07,1.5464568642949522e-07,1.5464629099664982e-07,1.5464689555892225e-07,1.5464750011496708e-07,1.546481046656363e-07,1.546487092108273e-07,1.546493137502499e-07,1.5464991828447124e-07,1.5465052281322933e-07,1.546511273365424e-07,1.546517318543712e-07,1.5465233636643958e-07,1.5465294087331923e-07,1.5465354537469386e-07,1.5465414987097898e-07,1.5465475436133e-07,1.5465535884567397e-07,1.5465596332507944e-07,1.5465656779742826e-07,1.546571722658272e-07,1.5465777672888822e-07,1.5465838118583616e-07,1.546589856378419e-07,1.5465959008433855e-07,1.5466019452504385e-07,1.5466079896062477e-07,1.546614033883577e-07,1.5466200781295793e-07,1.5466261223114932e-07,1.5466321664489378e-07,1.546638210523563e-07,1.5466442545528274e-07,1.546650298524221e-07,1.5466563424424784e-07,1.5466623862977808e-07,1.546668430101202e-07,1.546674473853416e-07,1.5466805175511472e-07,1.5466865611886076e-07,1.5466926047760695e-07,1.5466986483087657e-07,1.546704691785719e-07,1.5467107351969656e-07,1.5467167785648665e-07,1.5467228218937654e-07,1.5467288651504369e-07,1.546734908357843e-07,1.546740951509755e-07,1.5467469945884994e-07,1.5467530376275027e-07,1.546759080612155e-07,1.5467651235403294e-07,1.546771166415125e-07,1.5467772092114697e-07,1.5467832519761058e-07,1.546789294720618e-07,1.5467953373764005e-07,1.5468013799766952e-07,1.546807422523242e-07,1.5468134650027292e-07,1.546819507438975e-07,1.5468255498195188e-07,1.5468315921452634e-07,1.5468376344149782e-07,1.5468436766312395e-07,1.5468497187910658e-07,1.5468557608978116e-07,1.5468618029459243e-07,1.5468678449449857e-07,1.546873886886218e-07,1.5468799287734062e-07,1.5468859705822664e-07,1.5468920123606025e-07,1.546898054082327e-07,1.5469040957502496e-07,1.5469101373632602e-07,1.5469161789163694e-07,1.5469222204203155e-07,1.546928261868369e-07,1.5469343032594894e-07,1.5469403445999192e-07,1.5469463858834867e-07,1.546952427111625e-07,1.5469584682827524e-07,1.5469645094014274e-07,1.5469705504661912e-07,1.5469765914743215e-07,1.546982632428843e-07,1.5469886733312225e-07,1.546994714170803e-07,1.5470007549607505e-07,1.5470067956967715e-07,1.5470128363779466e-07,1.547018877005137e-07,1.5470249175721846e-07,1.5470309580909673e-07,1.5470369985513175e-07,1.5470430389579597e-07,1.5470490793086283e-07,1.547055119595933e-07,1.5470611598375503e-07,1.5470672000242604e-07,1.5470732401628248e-07,1.5470792802372895e-07,1.5470853202855166e-07,1.5470913602456753e-07,1.5470974001572188e-07,1.5471034400148516e-07,1.5471094798179216e-07,1.54711551956598e-07,1.5471215592584364e-07,1.5471275988974224e-07,1.5471336384855418e-07,1.547139678003232e-07,1.5471457174766444e-07,1.547151756895459e-07,1.5471577962600689e-07,1.547163835571353e-07,1.5471698748248363e-07,1.5471759140241952e-07,1.5471819531683925e-07,1.5471879922551546e-07,1.5471940312981474e-07,1.547200070274923e-07,1.54720610919921e-07,1.547212148109513e-07,1.5472181869246196e-07,1.5472242256851914e-07,1.547230264390225e-07,1.5472363030393552e-07,1.5472423416275262e-07,1.547248380167857e-07,1.5472544186537316e-07,1.5472604570844648e-07,1.547266495460752e-07,1.54727253378183e-07,1.5472785720485957e-07,1.5472846102589418e-07,1.54729064840628e-07,1.5472966865155693e-07,1.5473027245614169e-07,1.5473087625533428e-07,1.547314800494048e-07,1.5473208383755226e-07,1.54732687620195e-07,1.5473329139844836e-07,1.5473389517019778e-07,1.5473449893667748e-07,1.547351026975532e-07,1.547357064528203e-07,1.5473631020082667e-07,1.5473691394540939e-07,1.5473751768449255e-07,1.5473812141780152e-07,1.5473872514557993e-07,1.5473932886789115e-07,1.5473993258480755e-07,1.5474053629614652e-07,1.5474114000127775e-07,1.5474174370228655e-07,1.5474234739772888e-07,1.54742951087042e-07,1.5474355477090927e-07,1.5474415844911666e-07,1.5474476212124703e-07,1.547453657885777e-07,1.5474596945033951e-07,1.5474657310681865e-07,1.5474717675781516e-07,1.5474778040296428e-07,1.5474838404375922e-07,1.5474898767828054e-07,1.5474959130731753e-07,1.5475019493058292e-07,1.547507985485557e-07,1.5475140216120298e-07,1.5475200576847909e-07,1.5475260936902896e-07,1.547532129644952e-07,1.5475381655517962e-07
10,0.0,0.0,0.0,0.0,0.0,0.0,0.0,0.0,0.0,0.0,0.0,0.0,0.0,0.0,0.0,0.0,0.0,0.0,0.0,0.0,0.0,0.0,0.0,0.0,0.0,0.0,0.0,0.0,0.0,0.0,0.0,0.0,0.0,0.0,0.0,0.0,0.0,0.0,0.0,0.0,0.0,0.0,0.0,0.0,0.0,0.0,0.0,0.0,0.0,0.0,0.0,0.0,0.0,0.0,0.0,0.0,0.0,0.0,0.0,0.0,0.0,0.0,0.0,0.0,0.0,0.0,0.0,0.0,0.0,0.0,0.0,0.0,0.0,0.0,0.0,0.0,0.0,0.0,0.0,0.0,0.0,0.0,0.0,0.0,0.0,0.0,0.0,0.0,0.0,0.0,0.0,0.0,0.0,0.0,0.0,0.0,0.0,0.0,0.0,0.0,0.0,0.0,0.0,0.0,0.0,0.0,0.0,0.0,0.0,0.0,0.0,0.0,0.0,0.0,0.0,0.0,0.0,0.0,0.0,0.0,0.0,0.0,0.0,0.0,0.0,0.0,0.0,0.0,0.0,0.0,0.0,0.0,0.0,0.0,0.0,0.0,0.0,0.0,0.0,0.0,0.0,0.0,0.0,0.0,0.0,0.0,0.0,0.0,0.0,0.0,0.0,0.0,0.0,0.0,0.0,0.0,0.0,0.0,0.0,0.0,0.0,0.0,0.0,0.0,0.0,0.0,0.0,0.0,0.0,0.0,0.0,0.0,0.0,0.0,0.0,0.0,0.0,0.0,0.0,0.0,0.0,0.0,0.0,0.0,0.0,0.0,0.0,0.0,0.0,0.0,0.0,0.0,0.0,0.0,0.0,0.0,0.0,0.0,0.0,0.0,0.0,0.0,0.0,0.0,0.0,0.0,0.0,0.0,0.0,0.0,0.0,0.0,0.0,0.0,0.0,0.0,0.0,0.0,0.0,0.0,0.0,0.0,0.0,0.0,0.0,0.0,0.0,0.0,0.0,0.0,0.0,0.0,0.0,0.0,0.0,0.0,0.0,0.0,0.0,0.0,0.0,0.0,0.0,0.0,0.0,0.0,0.0,0.0,0.0,0.0,0.0,0.0,0.0,0.0,0.0,0.0,0.0,0.0,0.0,0.0,0.0,0.0,0.0,0.0,0.0,0.0,0.0,0.0,0.0,0.0,0.0,0.0,0.0,0.0,0.0,0.0,0.0,0.0,0.0,0.0,0.0,0.0,0.0,0.0,0.0,0.0,0.0,0.0,0.0,0.0,0.0,0.0,0.0,0.0,0.0,0.0,0.0,0.0,0.0,0.0,0.0,0.0,0.0,0.0,0.0,0.0,0.0,0.0,0.0,0.0,0.0,0.0,0.0,0.0,0.0,0.0,0.0,0.0,0.0,0.0,0.0,0.0,0.0,0.0,0.0,0.0,0.0,0.0,0.0,0.0,0.0,0.0,0.0,0.0,0.0,0.0,0.0,0.0,0.0,0.0,0.0,0.0,0.0,0.0,0.0,0.0,0.0,0.0,0.0,0.0,0.0,0.0,0.0,0.0,0.0,0.0,0.0,0.0,0.0,0.0,0.0,0.0,0.0,0.0,0.0,0.0,0.0,0.0,0.0,0.0,0.0,0.0,0.0,0.0,0.0,0.0,0.0,0.0,0.0,0.0,0.0,0.0,0.0,0.0,0.0,0.0,0.0,0.0,0.0,0.0,0.0,0.0,0.0,0.0,0.0,0.0,0.0,0.0,0.0,0.0,0.0,0.0,0.0,0.0,0.0,0.0,0.0,0.0,0.0,0.0,0.0,0.0,0.0,0.0,0.0,0.0,0.0,0.0,0.0,0.0,0.0,0.0,0.0,0.0,0.0,0.0,0.0,0.0,0.0,0.0,0.0,0.0,0.0,0.0,0.0,0.0,0.0,0.0,0.0,0.0,0.0,0.0,0.0,0.0,0.0,0.0,0.0,0.0,0.0,0.0,0.0,0.0,0.0,0.0,0.0,0.0,0.0,0.0,0.0,0.0,0.0,0.0,0.0,0.0,0.0,0.0,0.0,0.0,0.0,0.0,0.0,0.0,0.0,0.0,0.0,0.0,0.0,0.0,0.0,0.0,0.0,0.0,0.0,0.0,0.0,0.0,0.0,0.0,0.0,0.0,0.0,0.0,0.0,0.0,0.0,0.0,0.0,0.0,0.0,0.0,0.0,0.0,0.0,0.0,0.0,0.0,0.0,0.0,0.0,0.0,0.0,0.0,0.0,0.0,0.0,0.0,0.0,0.0,0.0,0.0,0.0,0.0,0.0,0.0,0.0,0.0,0.0,0.0,0.0,0.0,0.0,0.0,0.0,0.0,0.0,0.0,0.0,0.0,0.0,0.0,0.0,0.0,0.0,0.0,0.0,0.0,0.0,0.0,0.0,0.0,0.0,0.0,0.0,0.0,0.0,0.0,0.0,0.0,0.0,0.0,0.0,0.0,0.0,0.0,0.0,0.0,0.0,0.0,0.0,0.0,0.0,0.0,0.0,0.0,0.0,0.0,0.0,0.0,0.0,0.0,0.0,0.0,0.0,0.0,0.0,0.0,0.0,0.0,0.0,0.0,0.0,0.0,0.0,0.0,0.0,0.0,0.0,0.0,0.0,0.0,0.0,0.0,0.0,0.0,0.0,0.0,0.0,0.0,0.0,0.0,0.0,0.0,0.0,0.0,0.0,0.0,0.0,0.0,0.0,0.0,0.0,0.0,0.0,0.0,0.0,0.0,0.0,0.0,0.0,0.0,0.0,0.0,0.0,0.0,0.0,0.0,0.0,0.0,0.0,0.0,0.0,0.0,0.0,0.0,0.0,0.0,0.0,0.0,0.0,0.0,0.0,0.0,0.0,0.0,0.0,0.0,0.0,0.0,0.0,0.0,0.0,0.0,0.0,0.0,0.0,0.0,0.0,0.0,0.0,0.0,0.0,0.0,0.0,0.0,0.0,0.0,0.0,0.0,0.0,0.0,0.0,0.0,0.0,0.0,0.0,0.0,0.0,0.0,0.0,0.0,0.0,0.0,0.0,0.0,0.0,0.0,0.0,0.0,0.0,0.0,0.0,0.0,0.0,0.0,0.0,0.0,0.0,0.0,0.0,0.0,0.0,0.0,0.0,0.0,0.0,0.0,0.0,0.0,0.0,0.0,0.0,0.0,0.0,0.0,0.0,0.0,0.0,0.0,0.0,0.0,0.0,0.0,0.0,0.0,0.0,0.0,0.0,0.0,0.0,0.0,0.0,0.0,0.0,0.0,0.0,0.0,0.0,0.0,0.0,0.0,0.0,0.0,0.0,0.0,0.0,0.0,0.0,0.0,0.0,0.0,0.0,0.0,0.0,0.0,0.0,0.0,0.0,0.0,0.0,0.0,0.0,0.0,0.0,0.0,0.0,0.0,0.0,0.0,0.0,0.0,0.0,0.0,0.0,0.0,0.0,0.0,0.0,0.0,0.0,0.0,0.0,0.0,0.0,0.0,0.0,0.0,0.0,0.0,0.0,0.0,0.0,0.0,0.0,0.0,0.0,0.0,0.0,0.0,0.0,0.0,0.0,0.0,0.0,0.0,0.0,0.0,0.0,0.0,0.0,0.0,0.0,0.0,0.0,0.0,0.0,0.0,0.0,0.0,0.0,0.0,0.0,0.0,0.0,0.0,0.0,0.0,0.0,0.0,0.0,0.0,0.0,0.0,0.0,0.0,0.0,0.0,0.0,0.0,0.0,0.0,0.0,0.0,0.0,0.0,0.0,0.0,0.0,0.0,0.0,0.0,0.0,0.0,0.0,0.0,0.0,0.0,0.0,0.0,0.0,0.0,0.0,0.0,0.0,0.0,0.0,0.0,0.0,0.0,0.0,0.0,0.0,0.0,0.0,0.0,0.0,0.0,0.0,0.0,0.0,0.0,0.0,0.0,0.0,0.0,0.0,0.0,0.0,0.0,0.0,0.0,0.0,0.0,0.0,0.0,0.0,0.0,0.0,0.0,0.0,0.0,0.0,0.0,0.0,0.0,0.0,0.0,0.0,0.0,0.0,0.0,0.0,0.0,0.0,0.0,0.0,0.0,0.0,0.0,0.0,0.0,0.0,0.0,0.0,0.0,0.0,0.0,0.0,0.0,0.0,0.0,0.0,0.0,0.0,0.0,0.0,0.0,0.0,0.0,0.0,0.0,0.0,0.0,0.0,0.0,0.0,0.0,0.0,0.0,0.0,0.0,0.0,0.0,0.0,0.0,0.0,0.0,0.0,0.0,0.0,0.0,0.0,0.0,0.0,0.0,0.0,0.0,0.0,0.0,0.0,0.0,0.0,0.0,0.0,0.0,0.0,0.0,0.0,0.0,0.0,0.0,0.0,0.0,0.0,0.0,0.0,0.0,0.0,0.0,0.0,0.0,1.0040737587857064e-26,2.0372938973308215e-26,3.0994366805173893e-26,4.190492216368985e-26,5.310629450521473e-26,6.460167648102607e-26,7.639553387675493e-26,8.849342171430558e-26,1.0090183861812687e-25,1.1362811266787512e-25,1.2668031303091118e-25,1.4006718263567731e-25,1.5379808798924383e-25,1.6788298296695101e-25,1.8233238399921475e-25,1.9715735458904891e-25,2.1236949750073424e-25,2.279809533004634e-25,2.440044041990291e-25,2.604530823774332e-25,2.773407821462816e-25,2.94681875444837e-25,3.124913302979601e-25,3.3078473194448076e-25,3.4957830643414617e-25,3.6888894654489213e-25,3.887342399313304e-25,4.0913249945623804e-25,4.30102795682267e-25,4.516649915591017e-25,4.738397793245121e-25,4.966487197063594e-25,5.201142834929553e-25,5.442598955864386e-25,5.691099816504483e-25,5.946900174943353e-25,6.210265813500659e-25,6.481474091803951e-25,6.760814532487601e-25,7.048589441126646e-25,7.345114562633288e-25,7.650719776600618e-25,7.965749834002548e-25,8.29056513787713e-25,8.62554257128471e-25,8.971076375090105e-25,9.327579079662476e-25,9.695482493672938e-25,1.0075238754129387e-24,1.0467321441895761e-24,1.087222676725565e-24,1.1290474830453672e-24,1.1722610962691462e-24,1.2169207153165892e-24,1.2630863568515511e-24,1.3108210171396183e-24,1.3601908445375785e-24,1.4112653234201061e-24,1.4641174703816895e-24,1.518824043650877e-24,1.5754657667105702e-24,1.6341275672189615e-24,1.6948988324060083e-24,1.757873682230835e-24,1.823151261695443e-24,1.890836053823339e-24,1.9610382149612206e-24,2.033873934190874e-24,2.1094658188185717e-24,2.1879433080520112e-24,2.269443117247745e-24,2.3541097151990134e-24,2.4420958373105007e-24,2.5335630376618806e-24,2.628682283298852e-24,2.7276345944223863e-24,2.8306117344124296e-24,2.937816954172578e-24,3.049465795510265e-24,3.165786958915552e-24,3.287023241545833e-24,3.413432551841928e-24,3.545289007800724e-24,3.68288412678837e-24,3.826528115420372e-24,3.976551269064306e-24,4.1333054914989115e-24,4.297165946350047e-24,4.4685328532651365e-24,4.647833443134908e-24,4.835524088229775e-24,5.0320926251171376e-24,5.238060889862418e-24,5.4539874875530816e-24,5.680470820687229e-24,5.918152403696542e-24,6.167720494225947e-24,6.42991407541643e-24,6.705527227504665e-24,6.995413931946451e-24,7.300493356313428e-24,7.621755674502385e-24,7.960268483644129e-24,8.31718388683821e-24,8.693746320126865e-24,9.09130121199041e-24,9.511304575854599e-24,9.955333649315602e-24,1.0425098709515954e-23,1.0922456211917421e-23,1.1449423420448324e-23,1.2008194720722527e-23,1.2601159836044426e-23,1.3230924197367299e-23,1.3900331756241685e-23,1.4612490572816637e-23,1.5370801561753122e-23,1.6178990838057397e-23,1.7041146174264678e-23,1.7961758161890188e-23,1.894576676601017e-23,1.9998614075158564e-23,2.1126304182390747e-23,2.233547129211019e-23,2.3633457336488677e-23,2.502840060936271e-23,2.6529337195062053e-23,2.814631729122273e-23,2.98905389120311e-23,3.1774501924849174e-23,3.3812185937604035e-23,3.6019256238524495e-23,3.841330282274001e-23,4.10141185575132e-23,4.3844023783764417e-23,4.692824618434238e-23,5.029536664127853e-23,5.397784414868066e-23,5.801263576625548e-23,6.24419312409827e-23,6.731402650203696e-23,7.268436599866326e-23,7.861679115554371e-23,8.518504151705893e-23,9.247456704742547e-23,1.0058472534646285e-22,1.0963145733498025e-22,1.197505606935881e-22,1.311017140320851e-22,1.4387344913152983e-22,1.582893274474802e-22,1.7461565560266266e-22,1.931711802832556e-22,2.143393461794278e-22,2.3858389634274604e-22,2.6646886411916536e-22,2.986843810508309e-22,3.360802519641295e-22,3.797099958300546e-22,4.308891223813658e-22,4.912729683196082e-22,5.629616975115996e-22,6.4864346094974405e-22,7.517918249310408e-22,8.769413990540882e-22,1.0300777574187537e-21,1.0874285721888503e-21,1.291689646118573e-21,1.5474565291545115e-21,1.871409943561166e-21,2.2869428743074582e-21,2.8274514509106698e-21,3.541559565639635e-21,4.501626656359808e-21,5.817997300880672e-21,7.663630362164917e-21,1.0318198359845461e-20,1.4250272926576472e-20,2.0277629253541876e-20,2.9896729724964186e-20,4.600227116217488e-20,7.457399047530905e-20,1.2897570376964536e-19,2.420568391360634e-19,5.045137764776914e-19,1.2049722530698567e-18,3.4327996595531753e-18,1.2168265731112018e-17,5.455743349214607e-17,7.292270091636646e-17,7.292270092733298e-17,4.734026764805384e-16,2.5730516989648863e-15,1.1906441992248006e-14,4.96694909661524e-14,2.0311083126882982e-13,8.058456584482863e-13,2.8863034308783573e-12,8.86731943983649e-12,2.2931394297174344e-11,5.013781186747044e-11,9.453904584151098e-11,1.577697354234028e-10,2.3891600408991364e-10,3.3527524334273234e-10,4.4331035196444466e-10,5.593937644165385e-10,6.802475439503067e-10,8.031367766560792e-10,9.259065103651261e-10,1.0469363264518502e-09,1.1650607661894651e-09,1.2794827356742412e-09,1.3896931779892744e-09,1.4954022823460751e-09,1.5964832878306825e-09,1.6929279662179157e-09,1.7848121127081761e-09,1.8722692326209138e-09,1.955470750848815e-09,2.034611313599493e-09,2.109898010982783e-09,2.1815425878100634e-09,2.249755912359324e-09,2.3147441388482044e-09,2.3767061312144125e-09,2.4358318190296213e-09,2.4923012363106486e-09,2.5462840552599034e-09,2.5979394738018943e-09,2.6474163514187455e-09,2.694853514677693e-09,2.7403801743761334e-09,2.784116411498681e-09,2.8261737008522135e-09,2.8666554499041313e-09,2.90565753694282e-09,2.9432688374184182e-09,2.9795717310576173e-09,3.0146425849964895e-09,3.048552210064501e-09,3.0813662888772242e-09,3.1131457753275636e-09,3.1439472658698265e-09,3.173823343440515e-09,3.2028228950726327e-09,3.230991404824448e-09,3.258371223281947e-09,3.2850018151752643e-09,3.310919986861879e-09,3.3361600949258307e-09,3.3607542374656885e-09,3.38473242942428e-09,3.408122763231315e-09,3.4309515560100773e-09,3.4532434844370375e-09,3.4750217083477855e-09,3.496307984010864e-09,3.517122767976253e-09,3.5374853123323916e-09,3.5574137521002343e-09,3.5769251854431425e-09,3.5960357473574944e-09,3.6147606773535156e-09,3.6331143817193434e-09,3.65111049077276e-09,3.6687619115892597e-09,3.686080876559289e-09,3.7030789881617005e-09,3.719767260260662e-09,3.736156156235099e-09,3.752255624196444e-09,3.768075129558201e-09,3.783623685161853e-09,3.7989098791744725e-09,3.813941900944839e-09,3.828727564981437e-09,3.843274333198914e-09,3.85758933558897e-09,3.87167938943559e-09,3.88555101718192e-09,3.899210463091316e-09,3.912663708708398e-09,3.925916487355061e-09,3.938974297652445e-09,3.9518424160355106e-09,3.964525908602268e-09,3.977029642093404e-09,3.989358294220728e-09,4.001516363316882e-09,4.01350817739566e-09,4.025337902638323e-09,4.037009551370827e-09,4.0485269895573305e-09,4.059893943835286e-09,4.071114008143844e-09,4.0821906499612046e-09,4.093127216174621e-09,4.103926938633333e-09,4.114592939345654e-09,4.12512823542667e-09,4.135535743753751e-09,4.145818285366568e-09,4.155978589618554e-09,4.166019298127729e-09,4.175942968495096e-09,4.185752077841203e-09,4.1954490261366935e-09,4.205036139428408e-09,4.214515672776191e-09,4.223889813153158e-09,4.2331606821822125e-09,4.2423303386707055e-09,4.251400781096966e-09,4.260373949937114e-09,4.269251729888017e-09,4.2780359519869526e-09,4.286728395625886e-09,4.2953307904769866e-09,4.303844818324822e-09,4.312272114816219e-09,4.320614271133586e-09,4.328872835583971e-09,4.337049315126811e-09,4.345145176831384e-09,4.353161849264897e-09,4.36110072382936e-09,4.3689631560351105e-09,4.376750466719241e-09,4.384463943217712e-09,4.39210484047896e-09,4.39967438214258e-09,4.407173761569865e-09,4.4146041428310206e-09,4.4219666616418375e-09,4.429262426281794e-09,4.436492518468756e-09,4.4436579941895816e-09,4.450759884511103e-09,4.457799196360484e-09,4.464776913233858e-09,4.471693995967174e-09,4.47855138338802e-09,4.485349992987548e-09,4.492090721559121e-09,4.4987744458115655e-09,4.505402022947709e-09,4.511974291266949e-09,4.518492070681963e-09,4.524956163265012e-09,4.531367353752232e-09,4.537726410030964e-09,4.544034083639465e-09,4.550291110204997e-09,4.556498209875448e-09,4.56265608776723e-09,4.568765434380703e-09,4.574826925964463e-09,4.5808412249500235e-09,4.5868089802903195e-09,4.592730827830126e-09,4.598607390649257e-09,4.604439279413351e-09,4.610227092676601e-09,4.615971417215787e-09,4.621672828336126e-09,4.627331890130441e-09,4.632949155819259e-09,4.638525167995574e-09,4.64406045890332e-09,4.649555550669524e-09,4.655010955611811e-09,4.660427176435299e-09,4.665804706463198e-09,4.671144029921301e-09,4.676445622102741e-09,4.681709949610514e-09,4.686937470560982e-09,4.692128634789333e-09,4.697283884043869e-09,4.702403652181129e-09,4.707488365354038e-09,4.7125384421604295e-09,4.717554293873989e-09,4.722536324570538e-09,4.727484931312229e-09,4.732400504295477e-09,4.737283427027084e-09,4.742134076455709e-09,4.746952823121215e-09,4.751740031319365e-09,4.756496059206079e-09,4.761221258963064e-09,4.765915976914798e-09,4.7705805536621474e-09,4.7752153242043475e-09,4.779820618060443e-09,4.78439675939017e-09,4.788944067105776e-09,4.7934628549846795e-09,4.797953431778935e-09,4.802416101322886e-09,4.806851162634898e-09,4.811258910017222e-09,4.81563963315855e-09,4.819993617215362e-09,4.8243211429277535e-09,4.828622486697672e-09,4.832897920673189e-09,4.8371477128399e-09,4.841372127100973e-09,4.845571423371741e-09,4.849745857650689e-09,4.853895682089721e-09,4.858021145083924e-09,4.862122491335082e-09,4.866199961950385e-09,4.870253794440113e-09,4.87428422287276e-09,4.878291477933283e-09,4.882275786922771e-09,4.886237373872429e-09,4.890176459602206e-09,4.894093261774571e-09,4.897987994956416e-09,4.9018608706714934e-09,4.905712097469756e-09,4.909541880973531e-09,4.91335042393246e-09,4.91713792628107e-09,4.9209045851875015e-09,4.924650595105984e-09,4.928376147816626e-09,4.932081432493611e-09,4.9357666357380525e-09,4.939431941621436e-09,4.94307753174337e-09,4.946703585272183e-09,4.950310278970031e-09,4.9538977872659546e-09,4.957466282273788e-09,4.96101593384843e-09,4.9645469096088894e-09,4.9680593749909115e-09,4.971553493278299e-09,4.975029425638893e-09,4.9784873311714666e-09,4.981927366935533e-09,4.985349687955612e-09,4.9887544473130605e-09,4.992141796137632e-09,4.995511883665959e-09,4.998864857245029e-09,5.0022008623823605e-09,5.005520042770989e-09,5.00882254032532e-09,5.012108495202017e-09,5.015378045836578e-09,5.018631328965345e-09,5.021868479659758e-09,5.02508963134226e-09,5.028294915825455e-09,5.031484463331523e-09,5.0346584025233835e-09,5.0378168605129094e-09,5.0409599629049795e-09,5.044087833823168e-09,5.047200595903811e-09,5.050298370354121e-09,5.053381276958915e-09,5.056449434099766e-09,5.059502958785615e-09,5.062541966658296e-09,5.065566572038368e-09,5.068576887924982e-09,5.071573026023598e-09,5.074555096763705e-09,5.077523209316013e-09,5.080477471625135e-09,5.083417990414327e-09,5.08634487119525e-09,5.089258218312338e-09,5.092158134938798e-09,5.095044723105411e-09,5.0979180837086786e-09,5.100778316533383e-09,5.103625520272967e-09,5.106459792529409e-09,5.10928122984597e-09,5.1120899277167025e-09,5.114885980597849e-09,5.117669481935196e-09,5.120440524152768e-09,5.123199198699014e-09,5.125945596041829e-09,5.12867980568473e-09,5.131401916183173e-09,5.134112015156809e-09,5.136810189303263e-09,5.1394965244184346e-09,5.1421711053774e-09,5.144834016200689e-09,5.147485340012782e-09,5.150125159093704e-09,5.152753554869353e-09,5.155370607925537e-09,5.157976398039298e-09,5.16057100415172e-09,5.163154504411801e-09,5.165726976177108e-09,5.168288496022428e-09,5.1708391397520185e-09,5.17337898240504e-09,5.175908098277146e-09,5.178426560920938e-09,5.180934443154584e-09,5.183431817083518e-09,5.185918754099439e-09,5.188395324880852e-09,5.190861599424298e-09,5.193317647030503e-09,5.195763536352086e-09,5.198199335350133e-09,5.200625111336998e-09,5.203040930971765e-09,5.205446860277214e-09,5.207842964639163e-09,5.210229308820108e-09,5.212605956968006e-09,5.2149729726193725e-09,5.217330418706552e-09,5.219678357575263e-09,5.22201685097146e-09,5.224345960086978e-09,5.226665745524228e-09,5.228976267310923e-09,5.2312775849439395e-09,5.233569757338443e-09,5.2358528428884875e-09,5.238126899451246e-09,5.240391984331603e-09,5.242648154329057e-09,5.244895465720252e-09,5.247133974274261e-09,5.24936373525131e-09,5.251584803398858e-09,5.253797232988042e-09,5.2560010778001974e-09,5.258196391126908e-09,5.260383225790585e-09,5.2625616341393335e-09,5.264731668058593e-09,5.266893378972827e-09,5.269046817858378e-09,5.271192035226176e-09,5.273329081158554e-09,5.2754580052980625e-09,5.27757885685266e-09,5.279691684594348e-09,5.281796536882061e-09,5.283893461655134e-09,5.2859825064356144e-09,5.288063718336189e-09,5.2901371440664536e-09,5.2922028299362045e-09,5.294260821852382e-09,5.29631116535367e-09,5.298353905568771e-09,5.30038908725401e-09,5.302416754793937e-09,5.304436952179567e-09,5.306449723051095e-09,5.308455110680118e-09,5.310453157973871e-09,5.3124439074944415e-09,5.314427401417589e-09,5.316403681601283e-09,5.318372789549051e-09,5.320334766419505e-09,5.322289653051759e-09,5.32423748991473e-09,5.32617831716129e-09,5.328112174631802e-09,5.330039101831942e-09,5.331959137953912e-09,5.333872321865646e-09,5.335778692110409e-09,5.33767828693395e-09,5.33957114428248e-09,5.341457301788525e-09,5.343336796791891e-09,5.345209666328805e-09,5.347075947140846e-09,5.348935675672816e-09,5.350788888095175e-09,5.35263562028801e-09,5.3544759078454365e-09,5.356309786095284e-09,5.35813729006885e-09,5.359958454537076e-09,5.361773314001965e-09,5.363581902686801e-09,5.365384254561987e-09,5.36718040332758e-09,5.368970382421428e-09,5.370754225041313e-09,5.37253196411411e-09,5.374303632318262e-09,5.376069262083256e-09,5.377828885594907e-09,5.3795825347905764e-09,5.3813302413677745e-09,5.38307203678397e-09,5.3848079522597126e-09,5.386538018780428e-09,5.388262267099732e-09,5.3899807277437166e-09,5.391693431000821e-09,5.393400406943981e-09,5.395101685419042e-09,5.396797296049806e-09,5.3984872682435945e-09,5.40017163119591e-09,5.401850413865514e-09,5.403523645026827e-09,5.405191353217719e-09,5.406853566785238e-09,5.408510313862895e-09,5.41016162238415e-09,5.4118075200758635e-09,5.413448034465701e-09,5.4150831928749955e-09,5.416713022435741e-09,5.4183375500881065e-09,5.419956802566152e-09,5.4215708064250305e-09,5.423179588032434e-09,5.4247831735584365e-09,5.426381588970037e-09,5.427974860084575e-09,5.429563012520884e-09,5.431146071716534e-09,5.432724062928295e-09,5.4342970112432924e-09,5.435864941558219e-09,5.437427878609287e-09,5.438985846952304e-09,5.440538870974696e-09,5.44208697489284e-09,5.443630182764633e-09,5.445168518455252e-09,5.446702005694848e-09,5.448230668026392e-09,5.449754528850765e-09,5.451273611393122e-09,5.4527879387226425e-09,5.454297533756103e-09,5.455802419260689e-09,5.457302617820098e-09,5.45879815189014e-09,5.4602890437697195e-09,5.461775315603813e-09,5.463256989390508e-09,5.464734086973662e-09,5.466206630054992e-09,5.467674640189764e-09,5.469138138791195e-09,5.470597147131369e-09,5.47205168632754e-09,5.473501777363163e-09,5.474947441090184e-09,5.476388698220465e-09,5.477825569316999e-09,5.479258074817989e-09,5.480686235024124e-09,5.48211007010767e-09,5.483529600093412e-09,5.484944844886465e-09,5.4863558242648804e-09,5.487762557875391e-09,5.489165065226974e-09,5.490563365718665e-09,5.491957478602222e-09,5.493347423037536e-09,5.494733218029392e-09,5.496114882470903e-09,5.497492435133948e-09,5.49886589468557e-09,5.5002352796324445e-09,5.501600608399686e-09,5.50296189928663e-09,5.504319170476064e-09,5.505672440024076e-09,5.507021725880468e-09,5.508367045890522e-09,5.5097084177732666e-09,5.511045859141876e-09,5.512379387494623e-09,5.513709020224338e-09,5.515034774615265e-09,5.5163566678411864e-09,5.517674716966717e-09,5.518988938954761e-09,5.520299350656913e-09,5.521605968827524e-09,5.522908810110324e-09,5.524207891050182e-09,5.525503228097536e-09,5.5267948375788115e-09,5.528082735740371e-09,5.529366938711466e-09,5.530647462549739e-09,5.531924323194651e-09,5.533197536485113e-09,5.534467118176319e-09,5.5357330839196304e-09,5.53699544927336e-09,5.538254229703129e-09,5.539509440577336e-09,5.5407610971799136e-09,5.542009214690446e-09,5.543253808205491e-09,5.544494892729624e-09,5.545732483176597e-09,5.546966594371715e-09,5.5481972410517565e-09,5.549424437865311e-09,5.550648199371026e-09,5.551868540049911e-09,5.55308547428192e-09,5.554299016383961e-09,5.5555091805682975e-09,5.556715980971648e-09,5.557919431647069e-09,5.55911954656741e-09,5.560316339616209e-09,5.561509824601302e-09,5.5627000152529584e-09,5.563886925212219e-09,5.565070568047822e-09,5.566250957248753e-09,5.567428106224539e-09,5.568602028313496e-09,5.569772736758161e-09,5.570940244742921e-09,5.572104565377158e-09,5.5732657116758884e-09,5.57442369659594e-09,5.575578533023317e-09,5.57673023375344e-09,5.577878811521687e-09,5.579024278989973e-09,5.580166648734553e-09,5.5813059332865225e-09,5.582442145082768e-09,5.583575296497639e-09,5.584705399826319e-09,5.58583246732136e-09,5.586956511137463e-09,5.5880775433798734e-09,5.589195576070266e-09,5.590310621171515e-09,5.591422690580876e-09,5.592531796126494e-09,5.593637949572363e-09,5.594741162617804e-09,5.595841446889691e-09,5.5969388139597944e-09,5.598033275323524e-09,5.599124842435741e-09,5.600213526666553e-09,5.60129933932942e-09,5.602382291678755e-09,5.6034623949030114e-09,5.604539660138466e-09,5.605614098440809e-09,5.606685720821198e-09,5.607754538233734e-09,5.608820561561426e-09,5.609883801635208e-09,5.610944269225263e-09,5.6120019750419565e-09,5.613056929740049e-09,5.614109143915264e-09,5.614508511497485e-09,5.614508511497485e-09,5.614508511497485e-09,5.614508511497485e-09,5.614508511497485e-09,5.614508511497485e-09,5.614508511497485e-09,5.614508511497485e-09,5.614508511497485e-09,5.614508511497485e-09,5.614508511497485e-09,5.614508511497485e-09,5.614508511497485e-09,5.614508511497485e-09,5.614508511497485e-09,5.614508511497485e-09,5.614508511497485e-09,5.614508511497485e-09,5.614508511497485e-09,5.614508511497485e-09,5.614508511497485e-09,5.614508511497485e-09,5.614508511497485e-09,5.614508511497485e-09,5.614508511497485e-09,5.614508511497485e-09,5.614508511497485e-09,5.614508511497485e-09,5.614508511497485e-09,5.614508511497485e-09,5.614508511497485e-09,5.614508511497485e-09,5.614508511497485e-09,5.614508511497485e-09,5.614508511497486e-09,5.614508511497486e-09,5.614508511497486e-09,5.614508511497486e-09,5.614508511497486e-09,5.614508511497486e-09,5.614508511497486e-09,5.614508511497485e-09,5.614508511497485e-09,5.614508511497485e-09,5.614508511497485e-09,5.614508511497485e-09,5.614508511497485e-09,5.614508511497485e-09,5.614508511497485e-09,5.614508511497485e-09,5.614508511497485e-09,5.614508511497485e-09,5.614508511497485e-09,5.614508511497485e-09,5.614508511497485e-09,5.614508511497485e-09,5.614508511497485e-09,5.614508511497486e-09,5.614508511497486e-09,5.614508511497486e-09,5.614508511497486e-09,5.614508511497486e-09,5.614508511497486e-09,5.614508511497486e-09,5.614508511497486e-09,5.614508511497486e-09,5.614508511497486e-09,5.614508511497486e-09,5.614508511497486e-09,5.614508511497486e-09,5.614508511497486e-09,5.614508511497486e-09,5.614508511497485e-09,5.614508511497485e-09,5.614508511497485e-09,5.614508511497485e-09,5.614508511497485e-09,5.614508511497485e-09,5.614508511497485e-09,5.614508511497486e-09,5.614508511497486e-09,5.614508511497486e-09,5.614508511497486e-09,5.614508511497486e-09,5.614508511497486e-09,5.614508511497486e-09,5.614508511497486e-09,5.6145085114974844e-09,5.6145085114974844e-09,5.6145085114974844e-09,5.6145085114974844e-09,5.6145085114974844e-09,5.6145085114974844e-09,5.6145085114974844e-09,5.6145085114974844e-09,5.6145085114974844e-09,5.6145085114974844e-09,5.6145085114974844e-09,5.6145085114974844e-09,5.6145085114974844e-09,5.6145085114974844e-09,5.6145085114974844e-09,5.614508511497485e-09,5.614508511497485e-09,5.614508511497485e-09,5.614508511497485e-09,5.614508511497485e-09,5.614508511497485e-09,5.614508511497485e-09,5.614508511497485e-09,5.614508511497485e-09,5.614508511497485e-09,5.614508511497485e-09,5.614508511497485e-09,5.614508511497485e-09,5.614508511497485e-09,5.614508511497485e-09,5.614508511497486e-09,5.614508511497486e-09,5.614508511497486e-09,5.614508511497486e-09,5.614508511497486e-09,5.614508511497486e-09,5.614508511497486e-09,5.614508511497486e-09,5.6145085114974844e-09,5.6145085114974844e-09,5.6145085114974844e-09,5.6145085114974844e-09,5.6145085114974844e-09,5.6145085114974844e-09,5.6145085114974844e-09,5.614508511497485e-09,5.614508511497485e-09,5.614508511497485e-09,5.614508511497485e-09,5.614508511497485e-09,5.614508511497485e-09,5.614508511497485e-09,5.614508511497485e-09,5.614508511497486e-09,5.614508511497486e-09,5.614508511497486e-09,5.614508511497486e-09,5.614508511497486e-09,5.614508511497486e-09,5.614508511497486e-09,5.614508511497486e-09,5.614508511497486e-09,5.614508511497486e-09,5.614508511497486e-09,5.614508511497486e-09,5.614508511497486e-09,5.614508511497486e-09,5.614508511497486e-09,5.614508511497486e-09,5.614508511497486e-09,5.614508511497486e-09,5.614508511497486e-09,5.614508511497486e-09,5.614508511497486e-09,5.614508511497486e-09,5.614508511497486e-09,5.614508511497486e-09,5.614508511497486e-09,5.614508511497486e-09,5.614508511497486e-09,5.614508511497486e-09,5.614508511497486e-09,5.614508511497486e-09,5.614508511497485e-09,5.614508511497485e-09,5.614508511497485e-09,5.614508511497485e-09,5.614508511497485e-09,5.614508511497485e-09,5.614508511497485e-09,5.614508511497485e-09,5.614508511497485e-09,5.614508511497485e-09,5.614508511497485e-09,5.614508511497485e-09,5.614508511497485e-09,5.614508511497485e-09,5.614508511497485e-09,5.614508511497485e-09,5.614508511497485e-09,5.614508511497485e-09,5.614508511497485e-09,5.614508511497485e-09,5.614508511497485e-09,5.614508511497485e-09,5.614508511497485e-09,5.614508511497485e-09,5.614508511497485e-09,5.614508511497485e-09,5.614508511497485e-09,5.614508511497485e-09,5.614508511497485e-09,5.614508511497485e-09,5.614508511497485e-09,5.614508511497485e-09,5.614508511497485e-09,5.614508511497485e-09,5.614508511497485e-09,5.614508511497485e-09,5.614508511497485e-09,5.614508511497485e-09,5.6145085114974844e-09,5.6145085114974844e-09,5.6145085114974844e-09,5.6145085114974844e-09,5.6145085114974844e-09,5.6145085114974844e-09,5.6145085114974844e-09,5.614508511497485e-09,5.614793100514049e-09,5.615068841612821e-09,5.6153416517251595e-09,5.615613942009755e-09,5.615886661996056e-09,5.616160121721484e-09,5.6164343524566064e-09,5.616709268086623e-09,5.616984737617623e-09,5.617260617599564e-09,5.617536766381242e-09,5.617813050113396e-09,5.618089344999793e-09,5.618365537847966e-09,5.618641525855646e-09,5.6189172160643726e-09,5.619192524681539e-09,5.6194673763645505e-09,5.61974170351268e-09,5.620015445587831e-09,5.620288548474866e-09,5.620560963885257e-09,5.620832648805303e-09,5.621103564990224e-09,5.621373678497714e-09,5.621642959265809e-09,5.621911380726475e-09,5.6221789194563325e-09,5.6224455548592704e-09,5.622711268879949e-09,5.622976045745241e-09,5.623239871731564e-09,5.623502734952886e-09,5.623764625174292e-09,5.624025533640651e-09,5.624285452923609e-09,5.624544376785169e-09,5.624802300053665e-09,5.6250592185150795e-09,5.625315128811205e-09,5.625570028352466e-09,5.625823915237538e-09,5.6260767881817925e-09,5.6263286464528385e-09,5.6265794898137725e-09,5.6268293184705625e-09,5.627078133024723e-09,5.627325934435416e-09,5.627572723978264e-09,5.627818503212153e-09,5.628063273950312e-09,5.628307038237047e-09,5.628549798317028e-09,5.628791556611855e-09,5.629032315710553e-09,5.6292720783440064e-09,5.629510847370806e-09,5.629748625765001e-09,5.629985416600757e-09,5.6302212230405626e-09,5.630456048329243e-09,5.630689895776047e-09,5.630922768759357e-09,5.631154670706363e-09,5.63138560509301e-09,5.631615575435427e-09,5.631844585287096e-09,5.632072638230503e-09,5.63229973787479e-09,5.632525887851456e-09,5.632751091810213e-09,5.632975353416137e-09,5.633198676349975e-09,5.633421064291366e-09,5.633642520937956e-09,5.6338630499887805e-09,5.634082655146002e-09,5.634301340113201e-09,5.634519108594434e-09,5.634735964288347e-09,5.634951910892862e-09,5.635166952108187e-09,5.63538109162059e-09,5.635594333113431e-09,5.635806680262417e-09,5.636018136741185e-09,5.6362287062015196e-09,5.636438392297126e-09,5.636647198670268e-09,5.6368551289533484e-09,5.6370621867685755e-09,5.6372683757240074e-09,5.637473699417263e-09,5.637678161441392e-09,5.6378817653698654e-09,5.638084514766228e-09,5.638286413181423e-09,5.63848746415684e-09,5.6386876712172305e-09,5.638887037876852e-09,5.639085567636849e-09,5.639283263984558e-09,5.639480130395663e-09,5.639676170331706e-09,5.639871387241489e-09,5.64006578455752e-09,5.640259365706445e-09,5.640452134093826e-09,5.640644093114927e-09,5.640835246151531e-09,5.6410255965719515e-09,5.641215147731049e-09,5.6414039029705234e-09,5.641591865616961e-09,5.641779038992209e-09,5.641965426390147e-09,5.6421510310914895e-09,5.642335856381657e-09,5.642519905513121e-09,5.642703181738082e-09,5.642885688289951e-09,5.643067428392818e-09,5.643248405251244e-09,5.643428622058123e-09,5.6436080819923855e-09,5.643786788231396e-09,5.6439647439203824e-09,5.6441419522132554e-09,5.6443184162352514e-09,5.644494139094001e-09,5.644669123901868e-09,5.644843373744967e-09,5.645016891697836e-09,5.645189680831608e-09,5.645361744192754e-09,5.645533084821762e-09,5.6457037057465614e-09,5.645873609982128e-09,5.646042800530486e-09,5.646211280378105e-09,5.646379052503956e-09,5.646546119863496e-09,5.6467124854187664e-09,5.646878152101611e-09,5.647043122846088e-09,5.647207400563274e-09,5.647370988154961e-09,5.647533888516771e-09,5.647696104519855e-09,5.64785763904102e-09,5.648018494924913e-09,5.648178675014166e-09,5.648338182141017e-09,5.64849701912988e-09,5.64865518877871e-09,5.648812693888213e-09,5.64896953724006e-09,5.6491257216066865e-09,5.649281249750786e-09,5.649436124420069e-09,5.649590348351646e-09,5.649743924270431e-09,5.649896854891484e-09,5.650049142919617e-09,5.65020079104474e-09,5.650351801949287e-09,5.650502178300651e-09,5.650651922757029e-09,5.650801037967852e-09,5.6509495265653074e-09,5.651097391179594e-09,5.651244634417836e-09,5.651391258891038e-09,5.651537267187347e-09,5.651682661888618e-09,5.651827445573592e-09,5.6519716207813495e-09,5.65211519007673e-09,5.652258155994593e-09,5.652400521060577e-09,5.65254228779448e-09,5.652683458703266e-09,5.652824036283981e-09,5.652964023016983e-09,5.653103421385059e-09,5.653242233849451e-09,5.653380462864749e-09,5.653518110870984e-09,5.653655180310247e-09,5.653791673603074e-09,5.653927593156634e-09,5.65406294138759e-09,5.6541977206933225e-09,5.654331933436487e-09,5.654465581991926e-09,5.654598668742577e-09,5.654731196041653e-09,5.65486316622684e-09,5.6549945816285e-09,5.655125444560365e-09,5.655255757346946e-09,5.6553855222968665e-09,5.655514741699882e-09,5.655643417847812e-09,5.6557715530136906e-09,5.655899149466011e-09,5.656026209465853e-09,5.6561527352535065e-09,5.6562787290693955e-09,5.656404193137875e-09,5.65652912968504e-09,5.6566535409165884e-09,5.656777429042748e-09,5.656900796241095e-09,5.657023644684003e-09,5.657145976575206e-09,5.657267794069587e-09,5.657389099320618e-09,5.657509894465783e-09,5.657630181645771e-09,5.657749963003944e-09,5.657869240647189e-09,5.657988016682463e-09,5.6581062932210324e-09,5.658224072351416e-09,5.6583413561534815e-09,5.658458146701848e-09,5.658574446075927e-09,5.658690256325615e-09,5.658805579500712e-09,5.658920417642321e-09,5.6590347727819825e-09,5.659148646943673e-09,5.659262042143004e-09,5.659374960388781e-09,5.659487403676868e-09,5.659599373996079e-09,5.659710873324116e-09,5.659821903650754e-09,5.65993246693782e-09,5.6600425651511184e-09,5.6601522001558876e-09,5.660261374011163e-09,5.660370088582868e-09,5.660478345819179e-09,5.660586147629142e-09,5.66069349592008e-09,5.660800392595099e-09,5.6609068395537175e-09,5.661012838667179e-09,5.661118391805852e-09,5.6612235008499755e-09,5.661328167657552e-09,5.66143239408351e-09,5.661536181971229e-09,5.66163953315984e-09,5.6617424494813126e-09,5.661844932752912e-09,5.661946984792138e-09,5.6620486074057094e-09,5.6621498023897085e-09,5.6622505715455975e-09,5.662350916647815e-09,5.662450839481961e-09,5.6625503418065955e-09,5.662649425323285e-09,5.662748091922134e-09,5.662846343278177e-09,5.662944181205437e-09,5.663041607249654e-09,5.663138623353088e-09,5.663235231084272e-09,5.663331432194974e-09,5.663427228398862e-09,5.663522621390705e-09,5.66361761284907e-09,5.6637122044956815e-09,5.6638063979644944e-09,5.663900194945332e-09,5.6639935970894996e-09,5.664086606047364e-09,5.664179223475543e-09,5.66427145101089e-09,5.664363290289078e-09,5.664454742954842e-09,5.664545810590831e-09,5.664636494833636e-09,5.664726797276781e-09,5.66481671948667e-09,5.664906263151505e-09,5.664995429800118e-09,5.665084221023641e-09,5.665172638389678e-09,5.6652606834619854e-09,5.665348357714955e-09,5.665435662903707e-09,5.665522600434146e-09,5.66560917188185e-09,5.665695378785816e-09,5.665781222644185e-09,5.665866705005855e-09,5.6659518273024846e-09,5.666036591188195e-09,5.666120998142097e-09,5.666205049561886e-09,5.666288746965131e-09,5.666372091877583e-09,5.666455085714562e-09,5.66653773003766e-09,5.666620026243023e-09,5.666701975819651e-09,5.666783580210231e-09,5.6668648408591045e-09,5.666945759209085e-09,5.6670263367464015e-09,5.6671065747927615e-09,5.667186474824667e-09,5.667266038249132e-09,5.66734526649206e-09,5.6674241609542825e-09,5.66750272303416e-09,5.667580954120919e-09,5.667658855610814e-09,5.667736428866725e-09,5.667813675360116e-09,5.6678905963628154e-09,5.667967193271949e-09,5.668043467279443e-09,5.668119419944666e-09,5.668195052549214e-09,5.6682703664444465e-09,5.6683453629720895e-09,5.668420043422774e-09,5.668494409146321e-09,5.668568461478556e-09,5.668642201696216e-09,5.668715631141058e-09,5.668788751127131e-09,5.668861562909821e-09,5.668934067819185e-09,5.669006267108077e-09,5.669078162076574e-09,5.66914975400167e-09,5.669221044131455e-09,5.669292033753462e-09,5.66936272410803e-09,5.669433116490028e-09,5.669503212130704e-09,5.669573012225402e-09,5.6696425180544095e-09,5.6697117308388305e-09,5.6697806518043796e-09,5.669849282161894e-09,5.669917623183282e-09,5.6699856760478605e-09,5.670053441953962e-09,5.670120922111714e-09,5.670188117725837e-09,5.670255029951184e-09,5.670321660033036e-09,5.6703880091171716e-09,5.670454078571405e-09,5.670519869214325e-09,5.670585382400045e-09,5.670650619296187e-09,5.670715581029465e-09,5.670780268781166e-09,5.670844683673428e-09,5.670908826866629e-09,5.670972699489319e-09,5.671036302682913e-09,5.671099637606217e-09,5.6711627053257715e-09,5.6712255069945324e-09,5.67128804371292e-09,5.6713503165949685e-09,5.671412326748737e-09,5.671474075286334e-09,5.671535563100896e-09,5.671596791665116e-09,5.671657761804289e-09,5.671718474763061e-09,5.671778931534257e-09,5.671839133190213e-09,5.671899080799246e-09,5.671958775429271e-09,5.672018218139182e-09,5.672077409984995e-09,5.672136351980257e-09,5.672195045251018e-09,5.672253490789584e-09,5.672311689631082e-09,5.672369642688686e-09,5.672427351295246e-09,5.6724848162736024e-09,5.672542038678111e-09,5.672599019538894e-09,5.672655759849897e-09,5.672712260611054e-09,5.6727685228396276e-09,5.672824547517077e-09,5.6728803355991905e-09,5.672935888150543e-09,5.672991206202715e-09,5.673046290670765e-09,5.67310114252889e-09,5.6731557626902184e-09,5.673210152271931e-09,5.673264312182996e-09,5.673318243371899e-09,5.6733719467955784e-09,5.673425423409036e-09,5.673478674261682e-09,5.673531700097102e-09,5.6735845019654415e-09,5.673637080832386e-09,5.673689437570888e-09,5.673741573271565e-09,5.673793488608216e-09,5.673845184622659e-09,5.673896662301757e-09,5.673947922422031e-09,5.6739989659810365e-09,5.674049793884406e-09,5.674100407027928e-09,5.6741508062941944e-09,5.674200992634112e-09,5.6742509668903885e-09,5.674300729963427e-09,5.674350282727629e-09,5.6743996260675705e-09,5.674448760707879e-09,5.674497687872408e-09,5.674546408272785e-09,5.6745949227198715e-09,5.674643232101343e-09,5.67469133728251e-09,5.674739239216296e-09,5.674786938555331e-09,5.6748344362483305e-09,5.674881733166094e-09,5.674928830115819e-09,5.6749757279266565e-09,5.675022427450999e-09,5.675068929519762e-09,5.675115234957457e-09,5.675161344594414e-09,5.675207259248197e-09,5.6752529798102426e-09,5.675298506945676e-09,5.6753438415394056e-09,5.675388984402734e-09,5.675433936330679e-09,5.675478698128193e-09,5.6755232705908515e-09,5.675567654511277e-09,5.6756118506840885e-09,5.675655859893777e-09,5.675699682920942e-09,5.675743320551618e-09,5.675786773572177e-09,5.675830042732395e-09,5.675873128814287e-09,5.6759160325740304e-09,5.6759587548005046e-09,5.676001296245477e-09,5.6760436577186776e-09,5.676085839859184e-09,5.676127843477741e-09,5.676169669288711e-09,5.676211318106451e-09,5.676252790637968e-09,5.6762940876223325e-09,5.676335209798252e-09,5.676376157881462e-09,5.67641693262646e-09,5.676457534789796e-09,5.676497964985035e-09,5.676538224029818e-09,5.676578312613073e-09,5.6766182314509215e-09,5.67665798125372e-09,5.6766975627290446e-09,5.676736976584686e-09,5.6767762235386775e-09,5.67681530425616e-09,5.676854219448589e-09,5.6768929698169255e-09,5.676931556050271e-09,5.676969978835723e-09,5.677008238852782e-09,5.677046336785768e-09,5.67708427331426e-09,5.677122048983246e-09,5.677159664717632e-09,5.67719712109628e-09,5.6772344187363485e-09,5.677271558348061e-09,5.6773085405567184e-09,5.6773453660528404e-09,5.677382035496088e-09,5.677418549509152e-09,5.677454908687362e-09,5.6774911138249545e-09,5.67752716540716e-09,5.677563064251765e-09,5.677598810910446e-09,5.677634406038331e-09,5.677669850240357e-09,5.677705144173512e-09,5.677740288437507e-09,5.6777752836363764e-09,5.677810130492815e-09,5.677844829569971e-09,5.677879381432859e-09,5.677913786815113e-09,5.6779480462664074e-09,5.677982160403037e-09,5.6780161298473315e-09,5.678049955191526e-09,5.678083637093454e-09,5.678117176115125e-09,5.678150572782481e-09,5.678183827749092e-09,5.678216941611454e-09,5.6782499149853776e-09,5.678282748425643e-09,5.6783154425188785e-09,5.678347997734109e-09,5.678380414907638e-09,5.678412694483465e-09,5.678444837053806e-09,5.678476843182007e-09,5.678508713447194e-09,5.678540448410253e-09,5.678572048639393e-09,5.67860351469058e-09,5.678634847129603e-09,5.6786660465763145e-09,5.678697113509049e-09,5.678728048498662e-09,5.678758852121709e-09,5.67878952491922e-09,5.67882006743002e-09,5.678850480212361e-09,5.678880763800497e-09,5.67891091880314e-09,5.678940945645059e-09,5.678970844914607e-09,5.679000617097239e-09,5.6790302628185504e-09,5.679059782570895e-09,5.679089176875068e-09,5.679118446262738e-09,5.679147591263035e-09,5.679176612386845e-09,5.6792055101486865e-09,5.679234285073882e-09,5.679262937662064e-09,5.679291468453722e-09,5.679319877949846e-09,5.679348166650137e-09,5.6793763350654815e-09,5.67940438368425e-09,5.679432313048087e-09,5.679460123612682e-09,5.679487815894616e-09,5.679515390407359e-09,5.67954284762271e-09,5.679570188046786e-09,5.679597412037931e-09,5.67962452032558e-09,5.679651513245713e-09,5.679678391348601e-09,5.6797051550653535e-09,5.679731804886694e-09,5.6797583412945016e-09,5.679784764768386e-09,5.6798110757814946e-09,5.679837274797122e-09,5.679863362294242e-09,5.6798893386070145e-09,5.6799152044383225e-09,5.6799409600900505e-09,5.679966606114526e-09,5.679992142910935e-09,5.680017570940614e-09,5.680042890739105e-09,5.680068102699904e-09,5.680093207362258e-09,5.680118204990385e-09,5.680143096129962e-09,5.680167881128786e-09,5.680192560623507e-09,5.680217134977377e-09,5.6802416046110905e-09,5.680265969939318e-09,5.680290231470659e-09,5.680314389544279e-09,5.6803384447479075e-09,5.680362397351086e-09,5.68038624784681e-09,5.680409996660464e-09,5.680433644335078e-09,5.680457191065592e-09,5.680480637367319e-09,5.6805039837105e-09,5.680527230511791e-09,5.6805503781341864e-09,5.680573427023257e-09,5.6805963776051785e-09,5.6806192302680705e-09,5.680641985428173e-09,5.680664643495698e-09,5.680687204927033e-09,5.680709670044442e-09,5.680732039286982e-09,5.68075431303067e-09,5.680776491732453e-09,5.680798575778271e-09,5.680820565515255e-09,5.68084246139593e-09,5.680864263790703e-09,5.680885973072825e-09,5.680907589662527e-09,5.680929113927913e-09,5.6809505463011085e-09,5.680971887106753e-09,5.680993136745482e-09,5.681014295621333e-09,5.681035364096072e-09,5.681056342558501e-09,5.681077231404208e-09,5.681098030943526e-09,5.681118741669711e-09,5.681139363799306e-09,5.681159897799131e-09,5.681180344013942e-09,5.68120070282434e-09,5.6812209745694106e-09,5.681241159643193e-09,5.68126125842297e-09,5.681281271281143e-09,5.681301198636134e-09,5.681321040640983e-09,5.681340797759086e-09,5.681360470366729e-09,5.6813800587949525e-09,5.681399563459821e-09,5.681418984622182e-09,5.681438322643007e-09,5.681457577928986e-09,5.6814767507928744e-09,5.681495841577989e-09,5.68151485066218e-09,5.681533778360024e-09,5.681552625015223e-09,5.6815713909895595e-09,5.681590076577602e-09,5.681608682133484e-09,5.681627207968185e-09,5.681645654478949e-09,5.681664021959997e-09,5.6816823107667165e-09,5.681700521198328e-09,5.681718653593666e-09,5.68173670827402e-09,5.681754685567646e-09,5.6817725858097856e-09,5.681790409288685e-09,5.681808156378715e-09,5.681825827373229e-09,5.6818434225908945e-09,5.681860942364567e-09,5.6818783869949855e-09,5.681895756804184e-09,5.681913052080106e-09,5.681930273166124e-09,5.681947420417911e-09,5.681964494031625e-09,5.6819814943914565e-09,5.681998421782642e-09,5.682015276587059e-09,5.6820320589712555e-09,5.6820487693017185e-09,5.682065407889683e-09,5.6820819750602635e-09,5.682098471059206e-09,5.682114896206166e-09,5.68213125081429e-09,5.6821475351584946e-09,5.682163749539604e-09,5.682179894248725e-09,5.682195969588977e-09,5.682211975843178e-09,5.682227913307526e-09,5.6822437822644445e-09,5.682259583000924e-09,5.682275315807067e-09,5.682290980942653e-09,5.682306578734219e-09,5.6823221094289525e-09,5.6823375733416796e-09,5.6823529707254355e-09,5.6823683018671964e-09,5.682383567049626e-09,5.682398766583136e-09,5.682413900670501e-09,5.682428969612293e-09,5.682443973681619e-09,5.682458913157112e-09,5.68247378831806e-09,5.682488599400223e-09,5.682503346727182e-09,5.682518030540379e-09,5.682532651139917e-09,5.6825472087179815e-09,5.6825617035767765e-09,5.682576135963973e-09,5.68259050615059e-09,5.682604814415822e-09,5.6826190610112055e-09,5.682633246186311e-09,5.682647370199828e-09,5.682661433316068e-09,5.682675435784273e-09,5.682689377858266e-09,5.6827032597903385e-09,5.682717081830204e-09,5.682730844236805e-09,5.682744547257427e-09,5.6827581911405095e-09,5.6827717761332275e-09,5.682785302482166e-09,5.68279877043204e-09,5.682812180244444e-09,5.682825532108108e-09,5.682838826336756e-09,5.682852063137739e-09,5.682865242755407e-09,5.682878365363644e-09,5.6828914313318865e-09,5.682904440839124e-09,5.682917394157504e-09,5.6829302914398135e-09,5.68294313295805e-09,5.682955918950827e-09,5.682968649707024e-09,5.682981325351246e-09,5.68299394615917e-09,5.6830065123831e-09,5.683019024224835e-09,5.68303148196769e-09,5.68304388574922e-09,5.683056235913459e-09,5.68306853253774e-09,5.6830807759221674e-09,5.683092966342136e-09,5.683105103912678e-09,5.683117188922477e-09,5.683129221551146e-09,5.683141202097699e-09,5.683153130687983e-09,5.683165007583439e-09,5.683176832997258e-09,5.68318860718594e-09,5.683200330271677e-09,5.683212002529673e-09,5.683223624169685e-09,5.683235195389355e-09,5.683246716418307e-09,5.68325818745924e-09,5.683269608711318e-09,5.683280980399593e-09,5.683292302741416e-09,5.683303575932643e-09,5.683314800154674e-09,5.683325975633059e-09,5.683337102572385e-09,5.68334818117479e-09,5.6833592116299814e-09,5.683370194161778e-09,5.683381128966583e-09,5.683392016238567e-09,5.683402856179867e-09,5.683413648990222e-09,5.683424394870319e-09,5.6834350940011556e-09,5.683445746637814e-09,5.683456352883103e-09,5.6834669129722735e-09,5.683477427096624e-09,5.683487895454496e-09,5.683498318231277e-09,5.6835086956384755e-09,5.683519027843787e-09,5.683529315053027e-09,5.683539557445342e-09,5.683549755204155e-09,5.683559908530822e-09,5.683570017602428e-09,5.6835800826268025e-09,5.683590103747396e-09,5.68360008116448e-09,5.6836100151051935e-09,5.683619905675203e-09,5.6836297530866824e-09,5.683639557530399e-09,5.683649319178279e-09,5.683659038223788e-09,5.683668714833964e-09,5.683678349204288e-09,5.683687941477762e-09,5.683697491845333e-09,5.683707000495174e-09,5.683716467590886e-09,5.683725893332454e-09,5.683735277865558e-09,5.6837446213528696e-09,5.683753923982726e-09,5.68376318592805e-09,5.683772407354517e-09,5.683781588435026e-09,5.683790729339797e-09,5.683799830227459e-09,5.6838088912875904e-09,5.683817912662971e-09,5.6838268945357616e-09,5.683835837066909e-09,5.683844740429218e-09,5.683853604770618e-09,5.683862430268513e-09,5.683871217078178e-09,5.68387996536221e-09,5.683888675285694e-09,5.683897347049013e-09,5.683905980730112e-09,5.6839145765490515e-09,5.683923134625234e-09,5.6839316551363585e-09,5.68394013824058e-09,5.683948584096383e-09,5.6839569928573105e-09,5.683965364679316e-09,5.6839736997176184e-09,5.683981998126751e-09,5.683990260056338e-09,5.683998485668689e-09,5.684006675116514e-09,5.684014828532126e-09,5.684022946084627e-09,5.684031027919351e-09,5.684039074183985e-09,5.684047085057793e-09,5.684055060632587e-09,5.684063001090996e-09,5.684070906564033e-09,5.684078777221265e-09,5.684086613228329e-09,5.68409441470171e-09,5.684102181744996e-09,5.684109914544426e-09,5.684117613224596e-09,5.684125277958491e-09,5.68413290885753e-09,5.6841405061198874e-09,5.6841480698520384e-09,5.684155600164343e-09,5.684163097220714e-09,5.68417056116011e-09,5.684177992149862e-09,5.6841853902719624e-09,5.6841927556827945e-09,5.684200088544577e-09,5.684207388978548e-09,5.684214657124048e-09,5.684221893122092e-09,5.684229097091345e-09,5.6842362691772576e-09,5.684243409556668e-09,5.684250518258823e-09,5.684257595487548e-09,5.68426464136496e-09,5.684271656012857e-09,5.684278639568765e-09,5.684285592167545e-09,5.684292513956024e-09,5.684299405024702e-09,5.684306265512886e-09,5.684313095561684e-09,5.684319895285989e-09,5.684326664821074e-09,5.68433340429273e-09,5.684340113826069e-09,5.684346793549084e-09,5.684353443582021e-09,5.6843600640564195e-09,5.684366655127947e-09,5.684373216842062e-09,5.684379749368425e-09,5.684386252815384e-09,5.684392727292616e-09,5.684399172969087e-09,5.684405589942427e-09,5.684411978355008e-09,5.68441833826417e-09,5.6844246698399124e-09,5.684430973188001e-09,5.684437248422197e-09,5.684443495664566e-09,5.68444971503803e-09,5.684455906655483e-09,5.6844620706341294e-09,5.68446820708642e-09,5.6844743161314005e-09,5.684480397904437e-09,5.684486452475732e-09,5.684492479979993e-09,5.6844984805319965e-09,5.684504454246801e-09,5.684510401254021e-09,5.684516321605285e-09,5.68452221548022e-09,5.684528082960392e-09,5.684533924158621e-09,5.684539739187758e-09,5.684545528152553e-09,5.6845512911676824e-09,5.684557028345886e-09,5.684562739788104e-09,5.68456842559997e-09,5.684574085892577e-09,5.684579720774613e-09,5.684585330375396e-09,5.684590914771653e-09,5.6845964740487805e-09,5.6846020083443885e-09,5.684607517758117e-09,5.684613002407927e-09,5.684618462368444e-09,5.684623897747321e-09,5.684629308664632e-09,5.684634695208091e-09,5.68464005749438e-09,5.684645395619267e-09,5.6846507096848494e-09,5.684655999787884e-09,5.684661266030132e-09,5.684666508514375e-09,5.68467172734245e-09,5.68467692261071e-09,5.684682094417729e-09,5.684687242861554e-09,5.684692368079537e-09,5.684697470089694e-09,5.684702549028013e-09,5.684707604995398e-09,5.684712638085589e-09,5.68471764837771e-09,5.684722635998282e-09,5.684727601030685e-09,5.684732543565922e-09,5.684737463703556e-09,5.684742361527871e-09,5.684747237154995e-09,5.684752090647025e-09,5.6847569221126044e-09,5.684761731642275e-09,5.684766519326451e-09,5.6847712852570524e-09,5.684776029529539e-09,5.684780752235836e-09,5.684785453459394e-09,5.684790133295341e-09,5.684794791820427e-09,5.6847994291518365e-09,5.6848040453564766e-09,5.684808640535992e-09,5.6848132147651625e-09,5.684817768139826e-09,5.684822300741839e-09,5.68482681266197e-09,5.684831303988992e-09,5.684835774808515e-09,5.6848402252016675e-09,5.684844655256939e-09,5.684849065060881e-09,5.684853454698883e-09,5.6848578242523055e-09,5.684862173808525e-09,5.684866503442542e-09,5.684870813254509e-09,5.684875103319981e-09,5.684879373720307e-09,5.684883624538783e-09,5.684887855856416e-09,5.684892067757482e-09,5.6848962603192255e-09,5.684900433642255e-09,5.6849045877784845e-09,5.684908722815823e-09,5.684912838839454e-09,5.6849169359300665e-09,5.6849210141658855e-09,5.684925073624359e-09,5.684929114385391e-09,5.684933136527455e-09,5.684937140120317e-09,5.684941125261618e-09,5.684945092016128e-09,5.684949040479422e-09,5.684952970693101e-09,5.684956882753443e-09,5.68496077673692e-09,5.684964652703321e-09,5.684968510767978e-09,5.684972350963547e-09,5.684976173377905e-09,5.6849799780824314e-09,5.6849837651708505e-09,5.684987534700106e-09,5.684991286752008e-09,5.6849950213971385e-09,5.684998738706794e-09,5.685002438754538e-09,5.685006121619145e-09,5.685009787360777e-09,5.685013436036831e-09,5.6850170677580356e-09,5.685020682576946e-09,5.6850242805622635e-09,5.685027861788217e-09,5.685031426334918e-09,5.685034974245456e-09,5.6850385056068006e-09,5.685042020487667e-09,5.6850455189552504e-09,5.685049001078415e-09,5.6850524669261315e-09,5.685055916567464e-09,5.685059350068662e-09,5.685062767499502e-09,5.685066168925567e-09,5.685069554413801e-09,5.685072924044324e-09,5.6850762778600366e-09,5.6850796159397115e-09,5.6850829383384665e-09,5.685086245141459e-09,5.68508953640446e-09,5.685092812193894e-09,5.6850960725735944e-09,5.6850993176025775e-09,5.685102547360001e-09,5.685105761887423e-09,5.685108961271733e-09,5.685112145581359e-09,5.685115314861082e-09,5.685118469171785e-09,5.685121608576911e-09,5.685124733145319e-09,5.685127842950787e-09,5.685130938031203e-09,5.685134018459872e-09,5.685137084299483e-09,5.685140135608929e-09,5.68514317244976e-09,5.685146194884627e-09,5.685149202974547e-09,5.685152196775202e-09,5.685155176349581e-09,5.68515814175677e-09,5.6851610930562805e-09,5.685164030307663e-09,5.685166953565043e-09,5.685169862894856e-09,5.6851727583694215e-09,5.685175640014272e-09,5.685178507902674e-09,5.6851813620901546e-09,5.6851842026391596e-09,5.685187029604786e-09,5.685189843043692e-09,5.685192643016833e-09,5.685195429572492e-09,5.685198202768264e-09,5.685200962671415e-09,5.685203709323582e-09,5.685206442785736e-09,5.685209163113344e-09,5.6852118703617066e-09,5.685214564584842e-09,5.685217245839363e-09,5.685219914176285e-09,5.685222569653862e-09,5.685225212324179e-09,5.685227842237105e-09,5.685230459458296e-09,5.685233064028781e-09,5.6852356559949145e-09,5.685238235426115e-09,5.6852408023735385e-09,5.685243356886048e-09,5.685245899014998e-09,5.685248428811431e-09,5.685250946326507e-09,5.68525345161557e-09,5.6852559447273785e-09,5.685258425709341e-09,5.685260894620114e-09,5.685263351506179e-09,5.685265796419293e-09,5.6852682294082895e-09,5.685270650524182e-09,5.685273059815638e-09,5.685275457332792e-09,5.685277843124866e-09,5.685280217240382e-09,5.685282579730077e-09,5.685284930642284e-09,5.685287270019794e-09,5.6852895979219476e-09,5.685291914389491e-09,5.685294219470961e-09,5.685296513220507e-09,5.6852987956790296e-09,5.685301066895536e-09,5.685303326916787e-09,5.685305575790458e-09,5.685307813563243e-09,5.685310040281778e-09,5.685312255991322e-09,5.685314460746285e-09,5.685316654575854e-09,5.685318837550934e-09,5.685321009688119e-09,5.685323171061745e-09,5.685325321685425e-09,5.68532746162074e-09,5.685329590913282e-09,5.685331709604943e-09,5.685333817742177e-09,5.685335915369732e-09,5.685338002530716e-09,5.685340079268977e-09,5.685342145636429e-09,5.68534420167246e-09,5.685346247398747e-09,5.685348282882166e-09,5.685350308161027e-09,5.685352323276147e-09,5.685354328271647e-09,5.685356323186186e-09,5.685358308067897e-09,5.685360282965536e-09,5.685362247902286e-09,5.685364202929654e-09,5.685366148090289e-09,5.685368083430513e-09,5.685370008973006e-09,5.685371924777901e-09,5.685373830879342e-09,5.685375727315464e-09,5.6853776141282214e-09,5.685379491361053e-09,5.6853813590530436e-09,5.685383217243464e-09,5.685385065972102e-09,5.685386905278965e-09,5.6853887352041715e-09,5.685390555785544e-09,5.685392367062768e-09,5.685394169075919e-09,5.685395961862467e-09,5.685397745462273e-09,5.68539951991366e-09,5.6854012852546815e-09,5.685403041524192e-09,5.685404788759092e-09,5.685406526998758e-09,5.685408256280185e-09,5.685409976647118e-09,5.6854116881246955e-09,5.685413390757897e-09,5.685415084580655e-09,5.685416769630434e-09,5.6854184459461255e-09,5.685420113563914e-09,5.685421772519957e-09,5.685423422850438e-09,5.68542506459194e-09,5.6854266977799825e-09,5.685428322450707e-09,5.6854299386398975e-09,5.685431546384575e-09,5.685433145722491e-09,5.685434736680051e-09,5.685436319296938e-09,5.6854378936100255e-09,5.685439459651775e-09,5.6854410174586205e-09,5.685442567069918e-09,5.685444108509571e-09,5.685445641817352e-09,5.685447167027009e-09,5.68544868417198e-09,5.6854501932865175e-09,5.6854516944093106e-09,5.6854531875640466e-09,5.6854546727891595e-09,5.685456150118479e-09,5.685457619585315e-09,5.685459081224624e-09,5.685460535063564e-09,5.685461981137593e-09,5.685463419479161e-09,5.685464850122724e-09,5.6854662730953234e-09,5.6854676884359045e-09,5.685469096173847e-09,5.685470496340736e-09,5.685471888968445e-09,5.685473274088511e-09,5.6854746517337044e-09,5.685476021939367e-09,5.68547738472532e-09,5.685478740126741e-09,5.685480088178742e-09,5.685481428911125e-09,5.685482762351088e-09,5.685484088533683e-09,5.68548540748671e-09,5.685486719242572e-09,5.6854880238305475e-09,5.685489321280393e-09,5.685490611622182e-09,5.685491894885693e-09,5.685493171097191e-09,5.685494440293362e-09,5.685495702499917e-09,5.685496957741754e-09,5.6854982060549796e-09,5.685499447468734e-09,5.685500682009903e-09,5.685501909707097e-09,5.685503130589231e-09,5.685504344689391e-09,5.685505552026642e-09,5.685506752633987e-09,5.685507946539974e-09,5.6855091337725e-09,5.685510314357516e-09,5.6855114883263816e-09,5.685512655706493e-09,5.685513816524191e-09,5.6855149708083045e-09,5.685516118584898e-09,5.685517259882122e-09,5.685518394725322e-09,5.6855195231442524e-09,5.685520645163793e-09,5.685521760812913e-09,5.685522870116883e-09,5.6855239731028725e-09,5.6855250697970794e-09,5.685526160225958e-09,5.685527244421785e-09,5.685528322398742e-09,5.6855293941890315e-09,5.68553045981881e-09,5.685531519313512e-09,5.6855325727001905e-09,5.685533620002668e-09,5.685534661248812e-09,5.685535696459881e-09,5.685536725666333e-09,5.685537748889268e-09,5.685538766155755e-09,5.68553977749043e-09,5.685540782917672e-09,5.6855417824633855e-09,5.685542776156558e-09,5.685543764012135e-09,5.685544746059433e-09,5.685545722323233e-09,5.6855466928271396e-09,5.685547657595468e-09,5.68554861665151e-09,5.685549570021058e-09,5.685550517726749e-09,5.685551459793383e-09,5.685552396243557e-09,5.685553327101589e-09,5.685554252391275e-09,5.685555172137833e-09,5.685556086359087e-09,5.685556995081395e-09,5.685557898327477e-09,5.685558796123863e-09,5.685559688486827e-09,5.685560575441557e-09,5.685561457012371e-09,5.685562333221775e-09,5.68556320409136e-09,5.685564069644249e-09,5.685564929901649e-09,5.685565784887026e-09,5.68556663462235e-09,5.685567479128942e-09,5.685568318429114e-09,5.685569152544353e-09,5.685569981497261e-09,5.6855708053092704e-09,5.685571624002485e-09,5.685572437597714e-09,5.685573246118589e-09,5.685574049580923e-09,5.6855748480095385e-09,5.6855756414257965e-09,5.68557642985001e-09,5.685577213302512e-09,5.685577991805925e-09,5.6855787653831285e-09,5.6855795340493766e-09,5.685580297827297e-09,5.685581056737952e-09,5.6855818108015936e-09,5.685582560038666e-09,5.6855833044722975e-09,5.685584044115635e-09,5.685584778994785e-09,5.6855855091265614e-09,5.685586234533924e-09,5.685586955234843e-09,5.685587671249334e-09,5.685588382597127e-09,5.685589089297458e-09,5.685589791370616e-09,5.685590488838327e-09,5.685591181713913e-09,5.68559187002046e-09,5.685592553776806e-09,5.685593233001687e-09,5.68559390771448e-09,5.6855945779358805e-09,5.685595243680819e-09,5.685595904970107e-09,5.6855965618228735e-09,5.685597214257331e-09,5.6855978622920235e-09,5.685598505945597e-09,5.685599145236378e-09,5.6855997801828315e-09,5.685600410801616e-09,5.6856010371137195e-09,5.685601659136614e-09,5.685602276886833e-09,5.68560289038311e-09,5.685603499643904e-09,5.685604104686249e-09,5.685604705529758e-09,5.685605302188041e-09,5.685605894680926e-09,5.6856064830259146e-09,5.685607067240337e-09,5.6856076473418405e-09,5.6856082233473825e-09,5.68560879527383e-09,5.685609363139325e-09,5.685609926960445e-09,5.685610486754125e-09,5.6856110425372324e-09,5.685611594326601e-09,5.685612142139236e-09,5.685612685993685e-09,5.6856132259024036e-09,5.685613761884227e-09,5.685614293953526e-09,5.6856148221308765e-09,5.685615346430557e-09,5.6856158668682165e-09,5.6856163834613315e-09,5.685616896225816e-09,5.685617405177018e-09,5.6856179103311585e-09,5.685618411704421e-09,5.6856189093125165e-09,5.685619403171473e-09,5.685619893296956e-09,5.685620379703315e-09,5.685620862408624e-09,5.6856213414278095e-09,5.68562181677582e-09,5.6856222884693016e-09,5.685622756522098e-09,5.685623220948647e-09,5.685623681765594e-09,5.685624138987412e-09,5.6856245926302325e-09,5.68562504270896e-09,5.685625489237786e-09,5.685625932230864e-09,5.685626371705839e-09,5.685626807675242e-09,5.685627240154649e-09,5.685627669157894e-09,5.685628094699846e-09,5.6856285167953244e-09,5.685628935458839e-09,5.6856293507049305e-09,5.685629762547896e-09,5.685630171003256e-09,5.6856305760826435e-09,5.68563097780157e-09,5.685631376174057e-09,5.685631771215485e-09,5.685632162937481e-09,5.685632551355187e-09,5.6856329364827935e-09,5.685633318333082e-09,5.68563369692096e-09,5.685634072259649e-09,5.685634444362926e-09,5.685634813244285e-09,5.685635178917223e-09,5.685635541395432e-09,5.685635900692079e-09,5.685636256820736e-09,5.685636609794685e-09,5.685636959627121e-09,5.6856373063312865e-09,5.685637649920364e-09,5.685637990407431e-09,5.685638327805477e-09,5.685638662127468e-09,5.685638993386673e-09,5.68563932159544e-09,5.685639646767039e-09,5.6856399689134556e-09,5.685640288048288e-09,5.685640604184049e-09,5.6856409173329776e-09,5.685641227508041e-09,5.6856415347211505e-09,5.685641838985285e-09,5.685642140312613e-09,5.685642438715035e-09,5.685642734205799e-09,5.6856430267960915e-09,5.685643316499797e-09,5.685643603327505e-09,5.685643887292348e-09,5.685644168405278e-09,5.685644446678762e-09,5.685644722124774e-09,5.685644994755317e-09,5.685645264581983e-09,5.6856455316166495e-09,5.685645795871083e-09,5.6856460573569494e-09,5.685646316085961e-09,5.685646572069646e-09,5.685646825319516e-09,5.685647075847133e-09,5.685647323664005e-09,5.685647568781332e-09,5.685647811210294e-09,5.685648050962518e-09,5.685648288049422e-09,5.685648522482007e-09,5.685648754271426e-09,5.6856489834287775e-09,5.685649209964985e-09,5.685649433891417e-09,5.68564965521856e-09,5.685649873957768e-09,5.685650090119853e-09,5.685650303715662e-09,5.685650514755995e-09,5.685650723251445e-09,5.685650929212783e-09,5.685651132650661e-09,5.6856513335756715e-09,5.685651531998437e-09,5.685651727929455e-09,5.685651921379346e-09,5.685652112358317e-09,5.685652300876726e-09,5.685652486945055e-09,5.6856526705735375e-09,5.6856528517725056e-09,5.68565303055216e-09,5.685653206922794e-09,5.685653380894404e-09,5.685653552477151e-09,5.685653721680834e-09,5.685653888515602e-09,5.685654052991543e-09,5.685654215118269e-09,5.685654374905906e-09,5.685654532364425e-09,5.685654687503217e-09,5.685654840332542e-09,5.685654990861819e-09,5.6856551391007635e-09,5.685655285059032e-09,5.685655428746049e-09,5.68565557017164e-09,5.685655709345202e-09,5.68565584627606e-09,5.685655980973891e-09,5.68565611344801e-09,5.685656243707731e-09,5.6856563717623965e-09,5.685656497621286e-09,5.6856566212935606e-09,5.685656742788582e-09,5.685656862115296e-09,5.685656979282926e-09,5.685657094300517e-09,5.68565720717762e-09,5.685657317922336e-09,5.685657426543759e-09,5.6856575330513625e-09,5.6856576374536575e-09,5.6856577397599496e-09,5.685657839978704e-09,5.6856579381187794e-09,5.6856580341888965e-09,5.685658128197358e-09,5.685658220153667e-09,5.685658310066218e-09,5.685658397943256e-09,5.6856584837935175e-09,5.6856585676255446e-09,5.685658649447832e-09,5.685658729268812e-09,5.685658807096909e-09,5.685658882940437e-09,5.685658956807918e-09,5.685659028707513e-09,5.6856590986476285e-09,5.685659166636442e-09,5.685659232682171e-09,5.685659296793001e-09,5.6856593589770795e-09,5.685659419242525e-09,5.685659477597323e-09,5.685659534049623e-09,5.685659588607377e-09,5.6856596412785686e-09,5.685659692071135e-09,5.6856597409931565e-09,5.6856597880521465e-09,5.685659833256144e-09,5.685659876612942e-09,5.6856599181303245e-09,5.685659957816021e-09,5.685659995677735e-09,5.6856600317231635e-09,5.68566006595995e-09,5.685660098395684e-09,5.685660129038076e-09,5.6856601578944484e-09,5.685660184972425e-09,5.685660210279517e-09,5.6856602338231585e-09,5.685660255610779e-09,5.68566027564976e-09,5.6856602939475224e-09,5.685660310511287e-09,5.6856603253484086e-09,5.685660338466156e-09,5.685660349871771e-09,5.6856603595724605e-09,5.6856603675753965e-09,5.685660373887772e-09,5.685660378516628e-09,5.6856603814690835e-09,5.685660382752217e-09,5.685660382373026e-09,5.685660380338518e-09,5.68566037665568e-09,5.6856603713314375e-09,5.685660364372705e-09,5.685660355786372e-09,5.6856603455792785e-09,5.685660333758253e-09,5.685660320330103e-09,5.6856603053015855e-09,5.685660288679435e-09,5.685660270470367e-09,5.685660250681083e-09,5.68566022931821e-09,5.6856602063883726e-09,5.685660181898176e-09,5.685660155854215e-09,5.685660128263021e-09,5.685660099131067e-09,5.685660068464906e-09,5.685660036270972e-09,5.6856600025557536e-09,5.685659967325553e-09,5.685659930586815e-09,5.685659892345876e-09,5.685659852609059e-09,5.685659811382677e-09,5.6856597686730005e-09,5.685659724486255e-09,5.685659678828714e-09,5.685659631706614e-09,5.685659583126228e-09,5.685659533093292e-09,5.685659481614169e-09,5.685659428694946e-09,5.685659374341687e-09,5.685659318560395e-09,5.685659261356994e-09,5.685659202737709e-09,5.685659142708444e-09,5.685659081275102e-09,5.6856590184436015e-09,5.68565895421981e-09,5.685658888609536e-09,5.685658821618767e-09,5.6856587532533824e-09,5.685658683518987e-09,5.685658612421319e-09,5.685658539966198e-09,5.685658466159376e-09,5.685658391006526e-09,5.685658314513247e-09,5.6856582366852904e-09,5.685658157528478e-09,5.685658077047962e-09,5.685657995249544e-09,5.685657912138777e-09,5.685657827721199e-09,5.685657742002293e-09,5.685657654987633e-09,5.68565756668248e-09,5.6856574770924386e-09,5.685657386223209e-09,5.685657294079577e-09,5.685657200667168e-09,5.68565710599131e-09,5.685657010057398e-09,5.685656912870775e-09,5.6856568144366155e-09,5.685656714760222e-09,5.6856566138469705e-09,5.685656511701799e-09,5.685656408329952e-09,5.6856563037367165e-09,5.685656197927221e-09,5.685656090906618e-09,5.6856559826799935e-09,5.685655873252395e-09,5.685655762629405e-09,5.685655650815033e-09,5.685655537814921e-09,5.685655423633891e-09,5.685655308277103e-09,5.685655191749401e-09,5.685655074056037e-09,5.685654955201243e-09,5.68565483519044e-09,5.685654714028331e-09,5.685654591719858e-09,5.685654468269755e-09,5.685654343682965e-09,5.685654217964199e-09,5.685654091118246e-09,5.685653963149853e-09,5.6856538340641174e-09,5.685653703865606e-09,5.685653572558349e-09,5.685653440147387e-09,5.685653306637448e-09,5.685653172033078e-09,5.6856530363383394e-09,5.685652899559278e-09,5.68565276169978e-09,5.685652622764408e-09,5.685652482757404e-09,5.685652341683454e-09,5.685652199547072e-09,5.685652056352796e-09,5.685651912105018e-09,5.685651766807636e-09,5.685651620466209e-09,5.6856514730845365e-09,5.685651324667134e-09,5.6856511752182835e-09,5.685651024742267e-09,5.68565087324362e-09,5.685650720726534e-09,5.685650567195615e-09,5.6856504126547275e-09,5.68565025710832e-09,5.6856501005604435e-09,5.6856499430153015e-09,5.68564978447724e-09,5.685649624950554e-09,5.6856494644386745e-09,5.685649302946927e-09,5.6856491404789645e-09,5.685648977038863e-09,5.6856488126306965e-09,5.685648647258535e-09,5.685648480926565e-09,5.685648313638759e-09,5.685648145398366e-09,5.685647976211092e-09,5.685647806079962e-09,5.685647635008898e-09,5.685647463002172e-09,5.685647290063569e-09,5.685647116197043e-09,5.685646941406349e-09,5.685646765696274e-09,5.685646589069559e-09,5.685646411530171e-09,5.68564623308248e-09,5.685646053730079e-09,5.685645873476617e-09,5.685645692325686e-09,5.685645510281484e-09,5.68564532734828e-09,5.685645143529501e-09,5.6856449588287706e-09,5.685644773249793e-09,5.685644586796002e-09,5.685644399471576e-09,5.685644211279977e-09,5.685644022224865e-09,5.685643832309669e-09,5.685643641538454e-09,5.6856434499145226e-09,5.685643257441509e-09,5.685643064123272e-09,5.68564286996316e-09,5.685642674964759e-09,5.685642479131486e-09,5.68564228246709e-09,5.685642084974867e-09,5.6856418866591116e-09,5.685641687521996e-09,5.685641487567927e-09,5.685641286799953e-09,5.685641085221397e-09,5.685640882835902e-09,5.685640679646864e-09,5.685640475657664e-09,5.685640270871646e-09,5.6856400652911084e-09,5.685639858921732e-09,5.6856396517656755e-09,5.6856394438261485e-09,5.685639235106707e-09,5.685639025610476e-09,5.685638815339721e-09,5.685638604299647e-09,5.685638392492542e-09,5.6856381799218236e-09,5.685637966590705e-09,5.685637752502314e-09,5.685637537659858e-09,5.685637322066521e-09,5.685637105725483e-09,5.685636888640052e-09,5.68563667081338e-09,5.6856364522488935e-09,5.685636232948504e-09,5.685636012916141e-09,5.685635792154828e-09,5.685635570667643e-09,5.685635348457698e-09,5.685635125528047e-09,5.6856349018815595e-09,5.685634677521605e-09,5.685634452451328e-09,5.685634226673122e-09,5.685634000190305e-09,5.685633773005642e-09,5.68563354512299e-09,5.6856333165444495e-09,5.685633087272838e-09,5.685632857311387e-09,5.685632626663027e-09,5.685632395331423e-09,5.685632163317888e-09,5.685631930626036e-09,5.685631697258748e-09,5.685631463219094e-09,5.685631228509779e-09,5.685630993133682e-09,5.685630757093198e-09,5.685630520391861e-09,5.685630283031079e-09,5.685630045016233e-09,5.685629806348042e-09,5.6856295670298114e-09,5.685629327064527e-09,5.685629086454375e-09,5.685628845202623e-09,5.685628603311754e-09,5.685628360784091e-09,5.685628117622689e-09,5.685627873830394e-09,5.685627629409672e-09,5.685627384363255e-09,5.685627138693785e-09,5.685626892403669e-09,5.685626645495985e-09,5.685626397973081e-09,5.68562614983751e-09,5.6856259010916736e-09,5.685625651738825e-09,5.685625401781444e-09,5.685625151221541e-09,5.685624900061955e-09,5.685624648305171e-09,5.685624395953756e-09,5.685624143010234e-09,5.685623889475915e-09,5.685623635356328e-09,5.685623380651512e-09,5.685623125365545e-09,5.6856228694992545e-09,5.685622613055355e-09,5.685622356036586e-09,5.685622098445381e-09,5.68562184028445e-09,5.685621581555945e-09,5.6856213222624136e-09,5.685621062406253e-09,5.685620801989814e-09,5.6856205410153174e-09,5.685620279485366e-09,5.685620017402184e-09,5.685619754768214e-09,5.685619491585378e-09,5.6856192278572905e-09,5.685618963585041e-09,5.685618698770763e-09,5.685618433416193e-09,5.685618167525668e-09,5.685617901100725e-09,5.685617634143065e-09,5.685617366654883e-09,5.6856170986390505e-09,5.685616830097989e-09,5.685616561033257e-09,5.685616291446785e-09,5.685616021341498e-09,5.6856157507196376e-09,5.685615479582723e-09,5.685615207934163e-09,5.6856149357747294e-09,5.685614663107072e-09,5.685614389933553e-09,5.685614116256167e-09,5.685613842077197e-09,5.685613567398472e-09,5.685613292222501e-09,5.6856130165507925e-09,5.68561274038624e-09,5.68561246373043e-09,5.685612186585736e-09,5.685611908954119e-09,5.685611630837764e-09,5.685611352238167e-09,5.685611073157612e-09,5.685610793598683e-09,5.68561051356311e-09,5.685610233053315e-09,5.685609952070425e-09,5.685609670616847e-09,5.6856093886953676e-09,5.685609106306498e-09,5.68560882345229e-09,5.685608540135705e-09,5.685608256358699e-09,5.6856079721228904e-09,5.6856076874303225e-09,5.685607402283601e-09,5.6856071166830105e-09,5.685606830631504e-09,5.685606544130823e-09,5.685606257183017e-09,5.685605969789883e-09,5.685605681953012e-09,5.685605393674996e-09,5.685605104957283e-09,5.685604815801773e-09,5.685604526210198e-09,5.685604236184783e-09,5.685603945726743e-09,5.685603654838703e-09,5.6856033635221255e-09,5.685603071778779e-09,5.685602779610318e-09,5.685602487018975e-09,5.685602194004746e-09,5.685601900573918e-09,5.685601606724003e-09,5.685601312458128e-09,5.685601017778042e-09,5.6856007226856174e-09,5.685600427182234e-09,5.685600131270232e-09,5.685599834950725e-09,5.6855995382261065e-09,5.685599241097561e-09,5.68559894356692e-09,5.685598645636345e-09,5.68559834730699e-09,5.685598048580943e-09,5.685597749459614e-09,5.6855974499447695e-09,5.685597150038052e-09,5.685596849741595e-09,5.685596549056212e-09,5.685596247983753e-09,5.685595946526332e-09,5.6855956446855546e-09,5.685595342462654e-09,5.6855950398593095e-09,5.6855947368774325e-09,5.685594433518974e-09,5.685594129783459e-09,5.685593825675191e-09,5.685593521195896e-09,5.685593216344636e-09,5.685592911124294e-09,5.685592605536432e-09,5.685592299580715e-09,5.685591993262487e-09,5.685591686581381e-09,5.685591379538985e-09,5.6855910721354234e-09,5.685590764375083e-09,5.685590456257972e-09,5.685590147785671e-09,5.685589838959603e-09,5.685589529782177e-09,5.685589220253148e-09,5.68558891037406e-09,5.685588600148779e-09,5.685588289577224e-09,5.685587978660625e-09,5.685587667400757e-09,5.685587355799564e-09,5.685587043857811e-09,5.685586731577142e-09,5.6855864189590145e-09,5.6855861060051054e-09,5.685585792716228e-09,5.685585479094644e-09,5.685585165141321e-09,5.685584850857671e-09,5.685584536245139e-09,5.685584221305263e-09,5.68558390603925e-09,5.685583590447577e-09,5.685583274533997e-09,5.685582958298162e-09,5.685582641741618e-09,5.685582324867066e-09,5.685582007673712e-09,5.685581690164342e-09,5.685581372339331e-09,5.685581054200754e-09,5.6855807357500446e-09,5.685580416987983e-09,5.685580097916514e-09,5.6855797785363055e-09,5.685579458849259e-09,5.685579138856264e-09,5.685578818558819e-09,5.68557849795813e-09,5.685578177055911e-09,5.685577855852838e-09,5.6855775343504176e-09,5.685577212550021e-09,5.685576890452761e-09,5.685576568060087e-09,5.685576245373396e-09,5.685575922393736e-09,5.685575599122546e-09,5.68557527556066e-09,5.685574951709537e-09,5.685574627570469e-09,5.685574303144393e-09,5.685573978433686e-09,5.6855736534379224e-09,5.685573328158703e-09,5.685573002597936e-09,5.685572676757569e-09,5.685572350636934e-09,5.68557202423822e-09,5.685571697562379e-09,5.685571370610174e-09,5.685571043383899e-09,5.685570715883835e-09,5.6855703881114624e-09,5.685570060068539e-09,5.685569731752384e-09,5.68556940317012e-09,5.685569074320196e-09,5.685568745203742e-09,5.685568415821807e-09,5.6855680861756705e-09,5.685567756265676e-09,5.685567426094101e-09,5.685567095662538e-09,5.685566764970634e-09,5.685566434020051e-09,5.685566102811569e-09,5.6855657713468666e-09,5.6855654396270005e-09,5.68556510765296e-09,5.6855647754256335e-09,5.685564442946378e-09,5.685564110216115e-09,5.685563777235938e-09,5.6855634440068046e-09,5.685563110530684e-09,5.685562776807241e-09,5.685562442838155e-09,5.685562108624459e-09,5.685561774167385e-09,5.685561439467735e-09,5.6855611045266494e-09,5.685560769345005e-09,5.685560433924006e-09,5.685560098263696e-09,5.685559762367191e-09,5.685559426234228e-09,5.685559089866717e-09,5.685558753262795e-09,5.68555841642726e-09,5.685558079359504e-09,5.685557742060162e-09,5.685557404530707e-09,5.685557066771108e-09,5.6855567287841074e-09,5.685556390569713e-09,5.6855560521291624e-09,5.685555713463043e-09,5.685555374572826e-09,5.6855550354590905e-09,5.685554696123033e-09,5.685554356565378e-09,5.6855540167870926e-09,5.6855536767889725e-09,5.685553336572526e-09,5.685552996138356e-09,5.685552655487394e-09,5.6855523146206655e-09,5.685551973539335e-09,5.685551632244675e-09,5.685551290735979e-09,5.685550949015342e-09,5.685550607083172e-09,5.685550264940939e-09,5.68554992259016e-09,5.685549580029948e-09,5.685549237262076e-09,5.6855488942874664e-09,5.685548551107129e-09,5.685548207722978e-09,5.685547864133611e-09,5.6855475203410794e-09,5.68554717634661e-09,5.685546832150395e-09,5.685546487752425e-09,5.685546143155939e-09,5.685545798360753e-09,5.685545453367698e-09,5.685545108177241e-09,5.685544762790662e-09,5.685544417208731e-09,5.68554407143145e-09,5.685543725461294e-09,5.685543379297299e-09,5.685543032942131e-09,5.685542686395756e-09,5.685542339658608e-09,5.685541992733447e-09,5.685541645618415e-09,5.685541298315411e-09,5.6855409508247434e-09,5.685540603148291e-09,5.6855402552864206e-09,5.685539907239637e-09,5.685539559009132e-09,5.685539210595658e-09,5.685538861999205e-09,5.685538513220738e-09,5.685538164262537e-09,5.6855378151243816e-09,5.685537465805456e-09,5.6855371163097204e-09,5.685536766636383e-09,5.685536416786982e-09,5.685536066760674e-09,5.685535716559023e-09,5.685535366182959e-09,5.685535015632979e-09,5.6855346649098984e-09,5.685534314014344e-09,5.685533962947183e-09,5.68553361170948e-09,5.685533260303415e-09,5.685532908726286e-09,5.685532556980487e-09,5.685532205065782e-09,5.685531852985068e-09,5.685531500738292e-09,5.6855311483268335e-09,5.685530795749335e-09,5.685530443007211e-09,5.685530090101206e-09,5.685529737032483e-09,5.685529383802004e-09,5.685529030410053e-09,5.685528676857351e-09,5.685528323144638e-09,5.685527969272606e-09,5.685527615241799e-09,5.685527261053199e-09,5.6855269067074034e-09,5.685526552205006e-09,5.685526197546781e-09,5.685525842733242e-09,5.6855254877644764e-09,5.6855251326425574e-09,5.6855247773674256e-09,5.6855244219402e-09,5.685524066360504e-09,5.685523710629906e-09,5.6855233547490745e-09,5.685522998717988e-09,5.6855226425377246e-09,5.685522286208518e-09,5.685521929732479e-09,5.68552157310772e-09,5.685521216336977e-09,5.685520859420201e-09,5.685520502357142e-09,5.685520145150304e-09,5.685519787800103e-09,5.6855194303056695e-09,5.685519072668399e-09,5.685518714888887e-09,5.685518356967735e-09,5.6855179989054645e-09,5.6855176407030025e-09,5.6855172823604665e-09,5.685516923879126e-09,5.685516565259228e-09,5.68551620650141e-09,5.685515847606322e-09,5.685515488574451e-09,5.685515129406287e-09,5.685514770102284e-09,5.685514410663808e-09,5.685514051090997e-09,5.68551369138431e-09,5.685513331545942e-09,5.685512971573573e-09,5.685512611469212e-09,5.685512251233591e-09,5.685511890866898e-09,5.685511530370031e-09,5.6855111697433314e-09,5.685510808987532e-09,5.6855104481031374e-09,5.685510087090521e-09,5.685509725950672e-09,5.685509364683788e-09,5.68550900329069e-09,5.68550864177182e-09,5.685508280127674e-09,5.6855079183593604e-09,5.685507556466637e-09,5.6855071944501885e-09,5.685506832310728e-09,5.6855064700486e-09,5.6855061076645325e-09,5.685505745157446e-09,5.685505382530994e-09,5.685505019784324e-09,5.685504656917634e-09,5.685504293931736e-09,5.685503930827069e-09,5.6855035676040985e-09,5.685503204263569e-09,5.685502840805655e-09,5.685502477230641e-09,5.68550211353974e-09,5.685501749733234e-09,5.68550138581127e-09,5.6855010217749375e-09,5.685500657624486e-09,5.6855002933603684e-09,5.685499928983085e-09,5.685499564492852e-09,5.685499199890554e-09,5.685498835176389e-09,5.685498470351371e-09,5.685498105414788e-09,5.6854977403689475e-09,5.68549737521354e-09,5.6854970099488095e-09,5.685496644575275e-09,5.685496279093557e-09,5.685495913504344e-09,5.685495547807483e-09,5.685495182003795e-09,5.685494816093785e-09,5.685494450077859e-09,5.685494083956513e-09,5.6854937177299046e-09,5.6854933513990555e-09,5.685492984964754e-09,5.685492618426314e-09,5.685492251784868e-09,5.685491885040765e-09,5.685491518194429e-09,5.685491151246386e-09,5.685490784196857e-09,5.68549041704734e-09,5.685490049796728e-09,5.685489682447148e-09,5.6854893149970754e-09,5.6854889474479986e-09,5.68548857980045e-09,5.685488212054231e-09,5.685487844210443e-09,5.685487476270352e-09,5.685487108231401e-09,5.685486740097226e-09,5.68548637186694e-09,5.685486003539623e-09,5.685485635118456e-09,5.685485266602814e-09,5.685484897991328e-09,5.685484529287256e-09,5.685484160489797e-09,5.685483791599032e-09,5.685483422615762e-09,5.6854830535404036e-09,5.685482684373071e-09,5.6854823151144195e-09,5.685481945764642e-09,5.685481576324253e-09,5.6854812067943016e-09,5.685480837174027e-09,5.685480467464098e-09,5.68548009766525e-09,5.685479727777851e-09,5.685479357802359e-09,5.685478987737319e-09,5.6854786175868264e-09,5.685478247348941e-09,5.6854778770243085e-09,5.685477506613802e-09,5.685477136117214e-09,5.685476765534901e-09,5.685476394867212e-09,5.685476024112123e-09,5.685475653275551e-09,5.685475282355348e-09,5.685474911351564e-09,5.685474540264715e-09,5.685474169095037e-09,5.685473797842725e-09,5.685473426508285e-09,5.685473055092172e-09,5.685472683594703e-09,5.685472312016267e-09,5.685471940357129e-09,5.685471568617775e-09,5.6854711967981855e-09,5.685470824899167e-09,5.685470452921046e-09,5.6854700808643555e-09,5.685469708728776e-09,5.685469336515363e-09,5.68546896422421e-09,5.68546859185558e-09,5.6854682194099036e-09,5.685467846887537e-09,5.685467474288772e-09,5.68546710161379e-09,5.685466728863029e-09,5.6854663560371875e-09,5.6854659831360825e-09,5.685465610160564e-09,5.685465237110478e-09,5.6854648639877435e-09,5.685464490791424e-09,5.6854641175205415e-09,5.6854637441772506e-09,5.685463370760311e-09,5.685462997271439e-09,5.685462623710601e-09,5.685462250077832e-09,5.685461876373712e-09,5.685461502599641e-09,5.685461128754027e-09,5.6854607548379095e-09,5.685460380851813e-09,5.685460006796038e-09,5.685459632670757e-09,5.685459258476354e-09,5.685458884213002e-09,5.6854585098812985e-09,5.685458135481212e-09,5.685457761013454e-09,5.68545738647797e-09,5.685457011875407e-09,5.6854566372039635e-09,5.685456262467893e-09,5.685455887665403e-09,5.685455512796857e-09,5.685455137862426e-09,5.6854547628629235e-09,5.6854543877978256e-09,5.6854540126682364e-09,5.685453637474023e-09,5.685453262215194e-09,5.685452886892493e-09,5.685452511506356e-09,5.6854521360568686e-09,5.685451760544046e-09,5.685451384968595e-09,5.6854510093307735e-09,5.6854506336303445e-09,5.685450257867e-09,5.6854498820433155e-09,5.685449506158258e-09,5.685449130212051e-09,5.6854487542055095e-09,5.6854483781380515e-09,5.685448002010366e-09,5.685447625822672e-09,5.685447249575104e-09,5.685446873268299e-09,5.685446496901912e-09,5.685446120477102e-09,5.685445743993552e-09,5.685445367451576e-09,5.6854449908515906e-09,5.685444614194034e-09,5.6854442374786555e-09,5.6854438607059134e-09,5.685443483876452e-09,5.685443106990365e-09,5.6854427300475415e-09,5.68544235304879e-09,5.685441975993938e-09,5.685441598883886e-09,5.6854412217179696e-09,5.685440844496839e-09,5.685440467220718e-09,5.685440089890512e-09,5.68543971250522e-09,5.685439335065863e-09,5.685438957573387e-09,5.685438580026677e-09,5.685438202426433e-09,5.6854378247729764e-09,5.685437447066432e-09,5.6854370693072455e-09,5.685436691495746e-09,5.6854363136321104e-09,5.685435935716506e-09,5.685435557749229e-09,5.68543517973051e-09,5.6854348016603465e-09,5.685434423539344e-09,5.685434045367483e-09,5.685433667145145e-09,5.685433288872318e-09,5.68543291054982e-09,5.685432532177249e-09,5.685432153756428e-09,5.685431775285037e-09,5.685431396764699e-09,5.685431018195546e-09,5.6854306395776575e-09,5.685430260911386e-09,5.685429882194965e-09,5.6854295034326735e-09,5.685429124622546e-09,5.685428745764607e-09,5.685428366859578e-09,5.685427987905998e-09,5.685427608907129e-09,5.68542722986166e-09,5.68542685076986e-09,5.685426471631893e-09,5.685426092447763e-09,5.685425713217796e-09,5.685425333942453e-09,5.68542495462181e-09,5.685424575256055e-09,5.685424195845495e-09,5.685423816390305e-09,5.685423436890516e-09,5.685423057346545e-09,5.685422677758229e-09,5.6854222981263366e-09,5.685421918450718e-09,5.6854215387317376e-09,5.6854211589695565e-09,5.685420779164002e-09,5.685420399316577e-09,5.6854200194270224e-09,5.685419639493935e-09,5.685419259518644e-09,5.685418879501353e-09,5.685418499442285e-09,5.685418119339612e-09,5.6854177391976235e-09,5.685417359014197e-09,5.685416978789907e-09,5.685416598524695e-09,5.685416218219e-09,5.685415837872906e-09,5.685415457486046e-09,5.685415077059668e-09,5.685414696593365e-09,5.685414316086049e-09,5.685413935540641e-09,5.685413554956509e-09,5.68541317433278e-09,5.685412793669252e-09,5.685412412967979e-09,5.685412032228161e-09,5.685411651449846e-09,5.685411270633518e-09,5.685410889779904e-09,5.685410508888028e-09,5.685410127958297e-09,5.68540974699131e-09,5.685409365986939e-09,5.685408984945665e-09,5.685408603867437e-09,5.685408222752477e-09,5.685407841600983e-09,5.6854074604131874e-09,5.685407079189252e-09,5.685406697929166e-09,5.685406316633344e-09,5.685405935302586e-09,5.6854055539356546e-09,5.6854051725333696e-09,5.685404791095696e-09,5.685404409623262e-09,5.685404028113796e-09,5.6854036465721004e-09,5.6854032649959735e-09,5.6854028833853415e-09,5.685402501740994e-09,5.685402120064196e-09,5.685401738352021e-09,5.685401356606602e-09,5.685400974827024e-09,5.685400593014525e-09,5.685400211168616e-09,5.685399829290176e-09,5.685399447378803e-09,5.685399065434782e-09,5.6853986834581586e-09,5.685398301449389e-09,5.685397919408277e-09,5.6853975373353465e-09,5.685397155231154e-09,5.685396773094836e-09,5.685396390926431e-09,5.685396008727671e-09,5.6853956264977926e-09,5.685395244236233e-09,5.6853948619439084e-09,5.685394479620528e-09,5.685394097264491e-09,5.685393714880105e-09,5.685393332465598e-09,5.685392950020983e-09,5.6853925675465335e-09,5.6853921850421205e-09,5.685391802508007e-09,5.685391419942404e-09,5.685391037348831e-09,5.685390654726544e-09,5.68539027207512e-09,5.685389889393221e-09,5.685389506684067e-09,5.685389123947199e-09,5.685388741180894e-09,5.685388358386205e-09,5.685387975563177e-09,5.685387592713159e-09,5.685387209834093e-09,5.68538682692737e-09,5.685386443992659e-09,5.685386061030758e-09,5.685385678041139e-09,5.685385295024639e-09,5.685384911980775e-09,5.6853845289103126e-09,5.68538414581304e-09,5.685383762687598e-09,5.685383379536579e-09,5.685382996359466e-09,5.685382613156042e-09,5.685382229926601e-09,5.685381846670625e-09,5.6853814633891285e-09,5.685381080080694e-09,5.685380696747862e-09,5.6853803133898345e-09,5.685379930005807e-09,5.685379546596961e-09,5.685379163162982e-09,5.6853787797041675e-09,5.685378396220023e-09,5.6853780127117525e-09,5.685377629178516e-09,5.685377245620968e-09,5.685376862039176e-09,5.685376478432985e-09,5.685376094802931e-09,5.685375711148561e-09,5.685375327470722e-09,5.685374943769105e-09,5.685374560043896e-09,5.685374176295443e-09,5.6853737925234215e-09,5.685373408728252e-09,5.6853730249099005e-09,5.685372641068587e-09,5.685372257204409e-09,5.685371873318413e-09,5.6853714894094654e-09,5.685371105477447e-09,5.685370721523111e-09,5.6853703375475146e-09,5.685369953548734e-09,5.6853695695286205e-09,5.6853691854860776e-09,5.68536880142159e-09,5.685368417335412e-09,5.685368033227754e-09,5.685367649097174e-09,5.685367264946651e-09,5.685366880774852e-09,5.685366496581955e-09,5.685366112368114e-09,5.685365728133195e-09,5.685365343877746e-09,5.685364959602692e-09,5.685364575306819e-09,5.685364190989724e-09,5.685363806652293e-09,5.685363422295131e-09,5.685363037917498e-09,5.685362653519611e-09,5.6853622691018385e-09,5.6853618846644136e-09,5.68536150020725e-09,5.685361115730502e-09,5.685360731234391e-09,5.6853603467187995e-09,5.685359962183182e-09,5.685359577629164e-09,5.685359193056138e-09,5.685358808464135e-09,5.685358423853893e-09,5.685358039224084e-09,5.685357654575962e-09,5.6853572699092214e-09,5.6853568852240725e-09,5.685356500520641e-09,5.685356115799368e-09,5.6853557310602095e-09,5.685355346301078e-09,5.6853549615251695e-09,5.685354576731529e-09,5.6853541919214925e-09,5.685353807092524e-09,5.68535342224589e-09,5.685353037381912e-09,5.685352652502138e-09,5.6853522676035994e-09,5.685351882687721e-09,5.685351497754958e-09,5.6853511128050904e-09,5.68535072783871e-09,5.685350342855333e-09,5.685349957855304e-09,5.685349572838543e-09,5.685349187805156e-09,5.685348802755615e-09,5.685348417689822e-09,5.685348032607866e-09,5.685347647511209e-09,5.685347262397037e-09,5.685346877267447e-09,5.685346492121198e-09,5.68534610695923e-09,5.6853457217818885e-09,5.685345336588949e-09,5.685344951380555e-09,5.685344566156609e-09,5.685344180914684e-09,5.685343795660347e-09,5.685343410390914e-09,5.685343025106109e-09,5.6853426398066295e-09,5.685342254491983e-09,5.685341869162743e-09,5.6853414838191484e-09,5.6853410984614015e-09,5.685340713090047e-09,5.685340327702655e-09,5.685339942301038e-09,5.685339556885012e-09,5.685339171454749e-09,5.685338786010444e-09,5.685338400551785e-09,5.685338015079534e-09,5.68533762959342e-09,5.685337244093632e-09,5.685336858580054e-09,5.685336473053141e-09,5.68533608751239e-09,5.685335701958044e-09,5.685335316390196e-09,5.685334930810334e-09,5.685334545216216e-09,5.685334159609418e-09,5.685333773989173e-09,5.6853333883559345e-09,5.685333002709831e-09,5.68533261705091e-09,5.6853322313797485e-09,5.6853318456957814e-09,5.68533146000072e-09,5.68533107429238e-09,5.68533068857052e-09,5.6853303028361644e-09,5.685329917090513e-09,5.6853295313318175e-09,5.685329145560679e-09,5.685328759777417e-09,5.6853283739830536e-09,5.685327988176271e-09,5.685327602358725e-09,5.685327216528328e-09,5.685326830686646e-09,5.6853264448329484e-09,5.685326058967733e-09,5.685325673090168e-09,5.6853252872020506e-09,5.6853249013026534e-09,5.6853245153924905e-09,5.685324129470648e-09,5.68532374353736e-09,5.685323357593222e-09,5.6853229716404466e-09,5.6853225856742786e-09,5.685322199698557e-09,5.6853218137111044e-09,5.685321427713818e-09,5.685321041705057e-09,5.685320655685807e-09,5.685320269656078e-09,5.68531988361584e-09,5.6853194975652685e-09,5.685319111502281e-09,5.685318725431344e-09,5.685318339350107e-09,5.6853179532614165e-09,5.685317567160474e-09,5.68531718104965e-09,5.685316794928477e-09,5.685316408797084e-09,5.68531602265707e-09,5.685315636506663e-09,5.6853152503465114e-09,5.685314864176817e-09,5.68531447799762e-09,5.6853140918090766e-09,5.6853137056111326e-09,5.685313319403879e-09,5.685312933187514e-09,5.685312546961811e-09,5.685312160726991e-09,5.6853117744827745e-09,5.685311388229897e-09,5.685311001968101e-09,5.685310615697523e-09,5.6853102294180214e-09,5.685309843129605e-09,5.685309456833004e-09,5.685309070527853e-09,5.685308684212474e-09,5.685308297889866e-09,5.68530791155875e-09,5.685307525219206e-09,5.685307138870785e-09,5.685306752514757e-09,5.685306366150369e-09,5.685305979777879e-09,5.68530559339839e-09,5.685305207009835e-09,5.685304820613281e-09,5.68530443420877e-09,5.685304047796347e-09,5.685303661376116e-09,5.6853032749478426e-09,5.6853028885118864e-09,5.68530250206844e-09,5.685302115617526e-09,5.685301729159065e-09,5.6853013426927785e-09,5.685300956219424e-09,5.6853005697387e-09,5.6853001832506976e-09,5.6852997967539155e-09,5.68529941025312e-09,5.6852990237432164e-09,5.6852986372264844e-09,5.685298250702715e-09,5.685297864171713e-09,5.685297477634268e-09,5.6852970910896995e-09,5.685296704538277e-09,5.685296317980076e-09,5.685295931415121e-09,5.6852955448432965e-09,5.685295158264952e-09,5.6852947716803135e-09,5.685294385089006e-09,5.685293998491339e-09,5.685293611887155e-09,5.685293225276554e-09,5.685292838659552e-09,5.68529245203655e-09,5.685292065407136e-09,5.685291678771624e-09,5.68529129212983e-09,5.685290905482259e-09,5.685290518828584e-09,5.685290132168923e-09,5.685289745503363e-09,5.685289358831839e-09,5.685288972156104e-09,5.685288585473065e-09,5.685288198783331e-09,5.685287812088538e-09,5.685287425388457e-09,5.685287038682929e-09,5.6852866519717336e-09,5.685286265255051e-09,5.685285878533335e-09,5.685285491805514e-09,5.68528510507265e-09,5.685284718333225e-09,5.685284331589311e-09,5.6852839448406574e-09,5.685283558086833e-09,5.685283171327612e-09,5.685282784563574e-09,5.685282397794958e-09,5.685282011020923e-09,5.685281624243489e-09,5.685281237459659e-09,5.685280850670984e-09,5.6852804638777425e-09,5.685280077079327e-09,5.6852796902766804e-09,5.685279303469011e-09,5.685278916656726e-09,5.685278529839877e-09,5.6852781430184975e-09,5.685277756192615e-09,5.6852773693622434e-09,5.685276982528915e-09,5.685276595689545e-09,5.685276208846166e-09,5.685275821998389e-09,5.685275435146344e-09,5.685275048290193e-09,5.685274661429632e-09,5.685274274565119e-09,5.685273887696527e-09,5.685273500823846e-09,5.685273113947206e-09,5.685272727066555e-09,5.68527234018197e-09,5.685271953293551e-09,5.6852715664012824e-09,5.685271179504987e-09,5.68527079260519e-09,5.685270405701317e-09,5.685270018794096e-09,5.685269631884519e-09,5.685269244970074e-09,5.685268858052042e-09,5.685268471130402e-09,5.685268084205433e-09,5.685267697277022e-09,5.685267310345131e-09,5.685266923409832e-09,5.685266536470854e-09,5.685266149529616e-09,5.685265762584417e-09,5.6852653756371565e-09,5.685264988685535e-09,5.685264601731251e-09,5.685264214773418e-09,5.685263827813148e-09,5.6852634408495566e-09,5.685263053882632e-09,5.6852626669133036e-09,5.685262279939972e-09,5.685261892964263e-09,5.6852615059855665e-09,5.685261119004202e-09,5.685260732020039e-09,5.685260345033277e-09,5.685259958043419e-09,5.6852595710511594e-09,5.685259184056246e-09,5.68525879705849e-09,5.685258410058347e-09,5.6852580230557244e-09,5.685257636050827e-09,5.685257249042757e-09,5.685256862033275e-09,5.685256475021838e-09,5.6852560880068e-09,5.6852557009897495e-09,5.685255313969971e-09,5.685254926946408e-09,5.685254539922429e-09,5.6852541528959784e-09,5.685253765867722e-09,5.685253378838282e-09,5.685252991804415e-09,5.685252604769755e-09,5.685252217733057e-09,5.685251830694375e-09,5.6852514436531755e-09,5.685251056610625e-09,5.685250669566141e-09,5.685250282519778e-09,5.685249895471541e-09,5.685249508421249e-09,5.685249121369613e-09,5.685248734315795e-09,5.685248347260571e-09,5.685247960203522e-09,5.685247573144747e-09,5.685247186082949e-09,5.6852467990203404e-09,5.685246411956987e-09,5.685246024891837e-09,5.685245637826215e-09,5.685245250758281e-09,5.685244863691465e-09,5.6852444766205675e-09,5.685244089548988e-09,5.685243702475202e-09,5.685243315400163e-09,5.685242928324043e-09,5.6852425412461135e-09,5.6852421541674165e-09,5.685241767087448e-09,5.685241380006344e-09,5.685240992924028e-09,5.685240605840425e-09,5.685240218754419e-09,5.6852398316689245e-09,5.6852394445823784e-09,5.685239057494807e-09,5.685238670406201e-09,5.6852382833166935e-09,5.685237896226515e-09,5.685237509136094e-09,5.685237122043869e-09,5.6852367349507585e-09,5.6852363478568555e-09,5.685235960761981e-09,5.685235573666523e-09,5.68523518657047e-09,5.685234799473583e-09,5.685234412376003e-09,5.685234025277731e-09,5.685233638178946e-09,5.6852332510763514e-09,5.685232863976513e-09,5.685232476875981e-09,5.685232089774858e-09,5.685231702673327e-09,5.685231315571274e-09,5.685230928468726e-09,5.685230541365617e-09,5.685230154262684e-09,5.685229767158997e-09,5.6852293800549256e-09,5.6852289929505504e-09,5.685228605845249e-09,5.6852282187403005e-09,5.68522783163438e-09,5.685227444528918e-09,5.685227057422529e-09,5.685226670316406e-09,5.685226283210408e-09,5.685225896104413e-09,5.6852255089983205e-09,5.685225121889978e-09,5.685224734783371e-09,5.6852243476771284e-09,5.68522396057096e-09,5.6852235734652076e-09,5.6852231863592575e-09,5.685222799253006e-09,5.685222412146986e-09,5.685222025041165e-09,5.6852216379354215e-09,5.685221250829842e-09,5.685220863721618e-09,5.685220476616316e-09,5.68522008951132e-09,5.685219702406606e-09,5.685219315302117e-09,5.6852189281979224e-09,5.685218541094052e-09,5.685218153991545e-09,5.685217766888353e-09,5.685217379786103e-09,5.685216992683684e-09,5.685216605578703e-09,5.685216218477267e-09,5.685215831376464e-09,5.685215444277135e-09,5.685215057177144e-09,5.685214670077927e-09,5.68521428297902e-09,5.6852138958806435e-09,5.685213508783127e-09,5.685213121685811e-09,5.6852127345891265e-09,5.685212347493171e-09,5.685211960397625e-09,5.6852115733037985e-09,5.685211186209962e-09,5.685210799118216e-09,5.685210412026284e-09,5.685210024935444e-09,5.685209637844946e-09,5.68520925075542e-09,5.685208863666581e-09,5.685208476578474e-09,5.685208089491929e-09,5.685207702405252e-09,5.685207315318594e-09,5.68520692823446e-09,5.6852065411508e-09,5.685206154068571e-09,5.6852057669873354e-09,5.685205379907089e-09,5.685204992828369e-09,5.685204605748301e-09,5.685204218671245e-09,5.685203831595746e-09,5.685203444519798e-09,5.685203057446141e-09,5.6852026703736415e-09,5.6852022833032395e-09,5.68520189623318e-09,5.6852015091642875e-09,5.685201122096617e-09,5.685200735030162e-09,5.685200347965467e-09,5.685199960901507e-09,5.6851995738388035e-09,5.685199186777676e-09,5.6851987997178245e-09,5.685198412659435e-09,5.685198025602459e-09,5.685197638546911e-09,5.685197251492621e-09,5.685196864439822e-09,5.6851964773881816e-09,5.6851960903382845e-09,5.685195703290056e-09,5.685195316243229e-09,5.685194929197981e-09,5.685194542154727e-09,5.685194155112509e-09,5.6851937680729855e-09,5.6851933810340734e-09,5.68519299399639e-09,5.685192606960589e-09,5.685192219926407e-09,5.685191832893833e-09,5.685191445863082e-09,5.685191058833961e-09,5.685190671806774e-09,5.685190284781121e-09,5.685189897757198e-09,5.685189510733796e-09,5.68518912371363e-09,5.685188736696303e-09,5.685188349679559e-09,5.685187962664602e-09,5.6851875756513244e-09,5.6851871886400104e-09,5.68518680163072e-09,5.6851864146236326e-09,5.685186027618903e-09,5.685185640615267e-09,5.685185253613556e-09,5.685184866613765e-09,5.685184479615964e-09,5.685184092620277e-09,5.6851837056264874e-09,5.685183318635322e-09,5.685182931645575e-09,5.6851825446580415e-09,5.685182157672174e-09,5.68518177068899e-09,5.685181383708125e-09,5.685180996728565e-09,5.685180609752394e-09,5.685180222777138e-09,5.685179835804167e-09,5.685179448833364e-09,5.685179061865109e-09,5.685178674900359e-09,5.685178287936164e-09,5.685177900974716e-09,5.68517751401566e-09,5.6851771270581535e-09,5.685176740102686e-09,5.685176353150008e-09,5.685175966199489e-09,5.685175579252327e-09,5.685175192307085e-09,5.685174805363402e-09,5.685174418421975e-09,5.685174031483032e-09,5.6851736445464405e-09,5.685173257612415e-09,5.6851728706806144e-09,5.685172483751234e-09,5.6851720968243845e-09,5.685171709899885e-09,5.685171322977835e-09,5.685170936058084e-09,5.685170549141184e-09,5.685170162226675e-09,5.685169775313295e-09,5.685169388404441e-09,5.685169001497452e-09,5.685168614591653e-09,5.685168227689926e-09,5.685167840790687e-09,5.6851674538939715e-09,5.685167066999893e-09,5.68516668010879e-09,5.685166293219941e-09,5.685165906333687e-09,5.685165519450134e-09,5.685165132569244e-09,5.685164745692445e-09,5.685164358816875e-09,5.6851639719440415e-09,5.685163585074247e-09,5.685163198206871e-09,5.6851628113425734e-09,5.685162424480628e-09,5.6851620376215785e-09,5.685161650765177e-09,5.685161263912087e-09,5.68516087706152e-09,5.685160490213585e-09,5.685160103368432e-09,5.685159716526631e-09,5.6851593296873124e-09,5.685158942850921e-09,5.68515855601746e-09,5.685158169187315e-09,5.685157782359382e-09,5.685157395534193e-09,5.685157008712075e-09,5.685156621893165e-09,5.685156235076909e-09,5.685155848263458e-09,5.685155461453121e-09,5.685155074645817e-09,5.685154687843326e-09,5.685154301042086e-09,5.685153914243454e-09,5.6851535274481434e-09,5.685153140656993e-09,5.68515275386809e-09,5.685152367080123e-09,5.6851519802972375e-09,5.685151593517284e-09,5.685151206740192e-09,5.6851508199663775e-09,5.685150433195907e-09,5.685150046428114e-09,5.6851496596634935e-09,5.685149272902062e-09,5.685148886143831e-09,5.685148499388803e-09,5.685148112636982e-09,5.685147725887723e-09,5.6851473391396926e-09,5.685146952397135e-09,5.685146565657764e-09,5.68514617892182e-09,5.685145792189162e-09,5.685145405459867e-09,5.685145018733656e-09,5.685144632010717e-09,5.685144245291052e-09,5.6851438585746655e-09,5.685143471861587e-09,5.685143085151821e-09,5.68514269844522e-09,5.685142311739351e-09,5.685141925039881e-09,5.6851415383409246e-09,5.685141151647524e-09,5.6851407649573705e-09,5.6851403782707364e-09,5.685139991587694e-09,5.685139604908136e-09,5.685139218231963e-09,5.685138831559433e-09,5.68513844488815e-09,5.685138058222239e-09,5.685137671559307e-09,5.685137284900169e-09,5.685136898244489e-09,5.685136511594435e-09,5.685136124945878e-09,5.685135738300936e-09,5.685135351659155e-09,5.685134965020713e-09,5.685134578386023e-09,5.6851341917545246e-09,5.685133805126846e-09,5.685133418502665e-09,5.685133031882018e-09,5.685132645264812e-09,5.6851322586512265e-09,5.685131872040968e-09,5.6851314854344635e-09,5.685131098831678e-09,5.685130712232466e-09,5.685130325636664e-09,5.685129939044628e-09,5.685129552456747e-09,5.685129165871999e-09,5.685128779290957e-09,5.685128392713582e-09,5.685128006139597e-09,5.6851276195702755e-09,5.685127233004268e-09,5.6851268464414095e-09,5.685126459882268e-09,5.685126073326859e-09,5.6851256867753355e-09,5.685125300227323e-09,5.685124913681074e-09,5.685124527139918e-09,5.685124140603227e-09,5.685123754069822e-09,5.6851233675413514e-09,5.685122981015783e-09,5.685122594492194e-09,5.685122207974387e-09,5.68512182146014e-09,5.685121434949694e-09,5.685121048443218e-09,5.685120661940198e-09,5.685120275441156e-09,5.685119888946158e-09,5.685119502454585e-09,5.6851191159670384e-09,5.6851187294833275e-09,5.685118343002834e-09,5.685117956527364e-09,5.685117570055292e-09,5.6851171835867095e-09,5.685116797122115e-09,5.68511641066225e-09,5.685116024205523e-09,5.685115637752132e-09,5.685115251303884e-09,5.685114864859042e-09,5.6851144784181094e-09,5.685114091982451e-09,5.685113705549055e-09,5.68511331911995e-09,5.685112932694788e-09,5.685112546274347e-09,5.685112159856816e-09,5.685111773444397e-09,5.685111387035106e-09,5.685111000629798e-09,5.685110614228521e-09,5.685110227831125e-09,5.685109841437923e-09,5.685109455048198e-09,5.685109068662932e-09,5.685108682281712e-09,5.68510829590455e-09,5.685107909531592e-09,5.685107523162496e-09,5.685107136797364e-09,5.6851067504362354e-09,5.68510636407921e-09,5.68510597772641e-09,5.685105591377686e-09,5.685105205033015e-09,5.68510481869244e-09,5.685104432356496e-09,5.685104046023868e-09,5.685103659696069e-09,5.685103273371232e-09,5.685102887051642e-09,5.685102500735741e-09,5.685102114424006e-09,5.685101728116451e-09,5.685101341812933e-09,5.685100955513695e-09,5.68510056921836e-09,5.685100182927447e-09,5.685099796640629e-09,5.685099410358188e-09,5.685099024079828e-09,5.6850986378056465e-09,5.6850982515356716e-09,5.685097865269895e-09,5.685097479008327e-09,5.685097092750923e-09,5.685096706495565e-09,5.685096320246882e-09,5.685095934001806e-09,5.685095547761406e-09,5.685095161525225e-09,5.685094775293313e-09,5.685094389065433e-09,5.685094002842446e-09,5.685093616623383e-09,5.685093230408539e-09,5.68509284419798e-09,5.685092457991075e-09,5.685092071788773e-09,5.685091685591111e-09,5.6850912993976945e-09,5.685090913209096e-09,5.685090527024388e-09,5.685090140844056e-09,5.685089754667746e-09,5.6850893684961585e-09,5.685088982328742e-09,5.685088596165735e-09,5.685088210007005e-09,5.685087823852293e-09,5.6850874377022825e-09,5.685087051556489e-09,5.685086665415109e-09,5.68508627927912e-09,5.685085893146613e-09,5.685085507018461e-09,5.685085120894258e-09,5.685084734774875e-09,5.685084348660019e-09,5.68508396254951e-09,5.6850835764435475e-09,5.685083190341515e-09,5.685082804241547e-09,5.685082418148788e-09,5.68508203206035e-09,5.685081645976294e-09,5.685081259896521e-09,5.685080873821418e-09,5.6850804877506795e-09,5.685080101684617e-09,5.685079715623251e-09,5.6850793295659784e-09,5.685078943512798e-09,5.6850785574644765e-09,5.685078171420365e-09,5.685077785382389e-09,5.68507739934754e-09,5.685077013317114e-09,5.685076627289888e-09,5.685076241268517e-09,5.685075855252892e-09,5.685075469240417e-09,5.685075083232506e-09,5.685074697229205e-09,5.685074311230486e-09,5.685073925236353e-09,5.685073539247121e-09,5.685073153262143e-09,5.6850727672814095e-09,5.685072381305144e-09,5.6850719953344895e-09,5.685071609367438e-09,5.68507122340472e-09,5.685070837447614e-09,5.685070451494533e-09,5.685070065545878e-09,5.685069679601787e-09,5.685069293662292e-09,5.685068907727805e-09,5.685068521797533e-09,5.685068135871811e-09,5.685067749950736e-09,5.685067364034744e-09,5.68506697812248e-09,5.685066592217956e-09,5.685066206315539e-09,5.685065820417514e-09,5.685065434523995e-09,5.685065048635228e-09,5.685064662751028e-09,5.685064276872352e-09,5.685063890997559e-09,5.685063505127371e-09,5.685063119261866e-09,5.6850627334006054e-09,5.685062347544234e-09,5.685061961692684e-09,5.6850615758457735e-09,5.685061190003598e-09,5.685060804166047e-09,5.685060418333212e-09,5.685060032505091e-09,5.685059646682207e-09,5.6850592608631835e-09,5.685058875049119e-09,5.685058489239563e-09,5.685058103434861e-09,5.685057717634941e-09,5.685057331839676e-09,5.685056946049167e-09,5.685056560263346e-09,5.685056174482159e-09,5.685055788705857e-09,5.6850554029342326e-09,5.685055017167328e-09,5.6850546314051595e-09,5.685054245647696e-09,5.685053859896119e-09,5.685053474148201e-09,5.685053088405023e-09,5.685052702666358e-09,5.685052316932579e-09,5.685051931203715e-09,5.6850515454801635e-09,5.685051159761543e-09,5.685050774046971e-09,5.685050388337118e-09,5.685050002632169e-09,5.6850496169320184e-09,5.685049231236252e-09,5.68504884554685e-09,5.685048459861086e-09,5.685048074179706e-09,5.685047688503419e-09,5.685047302831987e-09,5.685046917165333e-09,5.685046531503494e-09,5.685046145847895e-09,5.685045760197194e-09,5.6850453745499584e-09,5.6850449889074885e-09,5.685044603270725e-09,5.685044217639084e-09,5.685043832008344e-09,5.685043446385152e-09,5.685043060766814e-09,5.685042675151622e-09,5.685042289542877e-09,5.685041903938758e-09,5.685041518339599e-09,5.685041132744535e-09,5.685040747155938e-09,5.6850403615716006e-09,5.685039975992032e-09,5.68503959041744e-09,5.685039204847684e-09,5.685038819282871e-09,5.685038433722895e-09,5.685038048167769e-09,5.685037662617559e-09,5.6850372770724034e-09,5.685036891532316e-09,5.685036505996812e-09,5.685036120466208e-09,5.685035734940446e-09,5.6850353494196085e-09,5.685034963903677e-09,5.6850345783926995e-09,5.685034192886392e-09,5.685033807385317e-09,5.685033421889085e-09,5.685033036398116e-09,5.68503265091174e-09,5.6850322654303955e-09,5.685031879953759e-09,5.6850314944825765e-09,5.685031109015841e-09,5.685030723554581e-09,5.685030338097849e-09,5.685029952646036e-09,5.685029567199165e-09,5.68502918175724e-09,5.685028796319475e-09,5.685028410887776e-09,5.6850280254601585e-09,5.68502764003898e-09,5.6850272546217e-09,5.685026869209729e-09,5.6850264838023605e-09,5.6850260984002345e-09,5.685025713003458e-09,5.685025327611245e-09,5.685024942223691e-09,5.685024556841046e-09,5.685024171464903e-09,5.685023786092581e-09,5.685023400725266e-09,5.685023015362965e-09,5.685022630006046e-09,5.68502224465368e-09,5.685021859307333e-09,5.68502147396504e-09,5.685021088627594e-09,5.685020703295102e-09,5.685020317967149e-09,5.685019932644568e-09,5.685019547327359e-09,5.685019162015213e-09,5.685018776708157e-09,5.685018391405926e-09,5.6850180061088025e-09,5.6850176208176925e-09,5.685017235530599e-09,5.685016850248258e-09,5.685016464971013e-09,5.6850160796988655e-09,5.685015694432787e-09,5.685015309170895e-09,5.68501492391399e-09,5.685014538663213e-09,5.685014153416473e-09,5.685013768175218e-09,5.685013382938674e-09,5.685012997706492e-09,5.685012612480553e-09,5.685012227258955e-09,5.685011842042419e-09,5.685011456831314e-09,5.68501107162507e-09,5.685010686423646e-09,5.685010301227389e-09,5.685009916036512e-09,5.685009530849518e-09,5.685009145668663e-09,5.685008760493537e-09,5.685008375322807e-09,5.685007990157236e-09,5.685007604995382e-09,5.685007219840002e-09,5.685006834689385e-09,5.685006449544234e-09,5.685006064405953e-09,5.685005679270603e-09,5.685005294140694e-09,5.6850049090157244e-09,5.6850045238960285e-09,5.685004138781557e-09,5.6850037536722895e-09,5.68500336856781e-09,5.685002983468623e-09,5.685002598374481e-09,5.6850022132855645e-09,5.685001828201817e-09,5.68500144312314e-09,5.685001058049497e-09,5.685000672980575e-09,5.685000287916457e-09,5.684999902858072e-09,5.6849995178048286e-09,5.684999132756865e-09,5.684998747713987e-09,5.6849983626763175e-09,5.684997977643759e-09,5.684997592616365e-09,5.684997207594089e-09,5.684996822577304e-09,5.684996437565136e-09,5.684996052558256e-09,5.68499566755633e-09,5.684995282559829e-09,5.684994897568329e-09,5.6849945125816975e-09,5.6849941276007505e-09,5.684993742624887e-09,5.6849933576543055e-09,5.6849929726887754e-09,5.684992587728339e-09,5.684992202773805e-09,5.684991817823814e-09,5.684991432878634e-09,5.684991047939145e-09,5.684990663004629e-09,5.6849902780752796e-09,5.68498989315109e-09,5.684989508232092e-09,5.684989123318311e-09,5.684988738409817e-09,5.684988353506809e-09,5.684987968608677e-09,5.6849875837153295e-09,5.684987198827633e-09,5.684986813945076e-09,5.684986429067806e-09,5.6849860441962574e-09,5.684985659329239e-09,5.684985274467433e-09,5.684984889611126e-09,5.6849845047595105e-09,5.6849841199130365e-09,5.684983735072068e-09,5.684983350236367e-09,5.6849829654057456e-09,5.684982580580412e-09,5.6849821957602645e-09,5.684981810945567e-09,5.684981426135616e-09,5.684981041332211e-09,5.684980656532731e-09,5.684980271740932e-09,5.68497988695077e-09,5.6849795021671985e-09,5.684979117388671e-09,5.684978732615212e-09,5.684978347847908e-09,5.684977963085481e-09,5.684977578328061e-09,5.684977193576814e-09,5.684976808829836e-09,5.68497642408876e-09,5.684976039352231e-09,5.68497565462099e-09,5.684975269895034e-09,5.68497488517463e-09,5.684974500458929e-09,5.684974115748718e-09,5.684973731043731e-09,5.684973346344001e-09,5.68497296164948e-09,5.684972576960021e-09,5.6849721922766845e-09,5.684971807598092e-09,5.684971422924677e-09,5.684971038256159e-09,5.684970653592896e-09,5.684970268934381e-09,5.6849698842817416e-09,5.684969499633172e-09,5.6849691149913005e-09,5.684968730354735e-09,5.684968345723528e-09,5.684967961098172e-09,5.684967576477401e-09,5.684967191861983e-09,5.6849668072517885e-09,5.684966422646259e-09,5.68496603804669e-09,5.68496565345212e-09,5.684965268863085e-09,5.684964884279279e-09,5.684964499701689e-09,5.684964115128469e-09,5.684963730560247e-09,5.6849633459962895e-09,5.684962961438855e-09,5.684962576886846e-09,5.6849621923396e-09,5.684961807798027e-09,5.684961423261752e-09,5.684961038731296e-09,5.684960654205632e-09,5.684960269685801e-09,5.684959885170054e-09,5.684959500660151e-09,5.684959116154268e-09,5.684958731654981e-09,5.684958347160829e-09,5.684957962672491e-09,5.68495757818969e-09,5.684957193709729e-09,5.684956809237095e-09,5.684956424769655e-09,5.684956040307691e-09,5.684955655850968e-09,5.684955271399678e-09,5.684954886953706e-09,5.684954502512737e-09,5.684954118077552e-09,5.68495373364761e-09,5.684953349222794e-09,5.684952964803458e-09,5.6849525803893475e-09,5.6849521959805555e-09,5.684951811577084e-09,5.684951427179892e-09,5.68495104278712e-09,5.68495065839974e-09,5.684950274017588e-09,5.684949889640408e-09,5.684949505268896e-09,5.684949120902862e-09,5.684948736542375e-09,5.684948352186978e-09,5.6849479678354674e-09,5.684947583490067e-09,5.684947199152497e-09,5.684946814818226e-09,5.684946430488696e-09,5.6849460461652365e-09,5.684945661847026e-09,5.684945277534202e-09,5.6849448932267845e-09,5.684944508925156e-09,5.684944124628399e-09,5.68494374033744e-09,5.684943356051222e-09,5.684942971770549e-09,5.6849425874951575e-09,5.68494220322519e-09,5.684941818960577e-09,5.684941434701442e-09,5.684941050447192e-09,5.684940666198389e-09,5.684940281954974e-09,5.684939897716873e-09,5.6849395134843665e-09,5.684939129257012e-09,5.684938745035235e-09,5.6849383608185615e-09,5.68493797660753e-09,5.68493759240243e-09,5.684937208201966e-09,5.684936824006608e-09,5.684936439817522e-09,5.684936055633284e-09,5.684935671454642e-09,5.684935287281177e-09,5.6849349031135046e-09,5.684934518951189e-09,5.684934134793883e-09,5.684933750641929e-09,5.684933366495356e-09,5.684932982352765e-09,5.684932598216694e-09,5.6849322140862605e-09,5.684931829960852e-09,5.684931445841543e-09,5.6849310617272204e-09,5.6849306776182756e-09,5.684930293515299e-09,5.684929909417016e-09,5.684929525324308e-09,5.684929141236769e-09,5.68492875715474e-09,5.6849283730778846e-09,5.684927989006553e-09,5.6849276049406904e-09,5.684927220879922e-09,5.684926836824838e-09,5.684926452775037e-09,5.6849260687307106e-09,5.684925684692444e-09,5.684925300658667e-09,5.6849249166305326e-09,5.684924532607782e-09,5.68492414859047e-09,5.6849237645785006e-09,5.684923380571866e-09,5.684922996570402e-09,5.6849226125752565e-09,5.684922228583244e-09,5.684921844598104e-09,5.684921460618595e-09,5.6849210766445155e-09,5.684920692675654e-09,5.684920308712362e-09,5.684919924754818e-09,5.684919540803834e-09,5.6849191568564885e-09,5.684918772914672e-09,5.684918388978381e-09,5.68491800504751e-09,5.6849176211221615e-09,5.684917237201882e-09,5.684916853287294e-09,5.68491646937802e-09,5.684916085474316e-09,5.684915701575918e-09,5.684915317682763e-09,5.684914933795209e-09,5.684914549913037e-09,5.6849141660364935e-09,5.6849137821655186e-09,5.684913398299606e-09,5.684913014438873e-09,5.684912630583795e-09,5.684912246734118e-09,5.684911862889883e-09,5.684911479051794e-09,5.684911095218304e-09,5.684910711390312e-09,5.684910327567596e-09,5.684909943750463e-09,5.684909559938873e-09,5.684909176132733e-09,5.684908792332651e-09,5.6849084085372615e-09,5.6849080247473635e-09,5.684907640962894e-09,5.684907257183702e-09,5.68490687341047e-09,5.6849064896421876e-09,5.684906105879367e-09,5.6849057221218e-09,5.684905338369835e-09,5.684904954623262e-09,5.684904570882699e-09,5.684904187147085e-09,5.684903803416844e-09,5.684903419691817e-09,5.6849030359711084e-09,5.684902652257183e-09,5.684902268548557e-09,5.684901884846262e-09,5.684901501148674e-09,5.68490111745687e-09,5.68490073377032e-09,5.684900350088954e-09,5.6848999664138e-09,5.684899582744145e-09,5.684899199080653e-09,5.684898815421123e-09,5.684898431767051e-09,5.6848980481183766e-09,5.6848976644747415e-09,5.684897280836985e-09,5.6848968972050985e-09,5.6848965135779044e-09,5.684896129956501e-09,5.684895746340212e-09,5.684895362730788e-09,5.684894979124057e-09,5.684894595524554e-09,5.68489421193033e-09,5.684893828341352e-09,5.684893444757824e-09,5.684893061180297e-09,5.684892677607818e-09,5.6848922940413645e-09,5.684891910480592e-09,5.684891526924645e-09,5.684891143374477e-09,5.684890759829905e-09,5.684890376290276e-09,5.6848899927560996e-09,5.6848896092272614e-09,5.6848892257045014e-09,5.684888842186696e-09,5.684888458674525e-09,5.684888075167665e-09,5.684887691666941e-09,5.684887308170949e-09,5.684886924681149e-09,5.6848865411961574e-09,5.684886157716687e-09,5.684885774242511e-09,5.684885390774039e-09,5.684885007310736e-09,5.6848846238530125e-09,5.6848842403983096e-09,5.684883856951527e-09,5.6848834735101946e-09,5.684883090074623e-09,5.684882706644329e-09,5.6848823232191805e-09,5.684881939799724e-09,5.6848815563865205e-09,5.684881172979127e-09,5.684880789576061e-09,5.68488040617857e-09,5.684880022786452e-09,5.684879639399629e-09,5.684879256018482e-09,5.6848788726428305e-09,5.684878489272567e-09,5.684878105907784e-09,5.684877722548497e-09,5.684877339194686e-09,5.6848769558463916e-09,5.6848765725035235e-09,5.684876189166092e-09,5.684875805834236e-09,5.684875422507818e-09,5.684875039186886e-09,5.684874655871397e-09,5.684874272561393e-09,5.684873889256618e-09,5.684873505957579e-09,5.684873122663968e-09,5.684872739376246e-09,5.684872356093644e-09,5.684871972816845e-09,5.684871589545298e-09,5.684871206278915e-09,5.684870823018745e-09,5.6848704397634325e-09,5.684870056514781e-09,5.684869673270647e-09,5.684869290031862e-09,5.684868906798579e-09,5.684868523570769e-09,5.684868140348325e-09,5.6848677571281265e-09,5.68486737391694e-09,5.684866990711559e-09,5.684866607511125e-09,5.6848662243162294e-09,5.684865841126437e-09,5.684865457943979e-09,5.684865074765559e-09,5.684864691592743e-09,5.684864308425293e-09,5.684863925263064e-09,5.684863542107014e-09,5.684863158956462e-09,5.684862775811127e-09,5.684862392670971e-09,5.6848620095364536e-09,5.684861626407462e-09,5.684861243283941e-09,5.684860860165984e-09,5.684860477053175e-09,5.684860093946506e-09,5.684859710844993e-09,5.68485932774829e-09,5.684858944657735e-09,5.684858561572646e-09,5.684858178492855e-09,5.684857795418786e-09,5.684857412350243e-09,5.684857029287736e-09,5.68485664623041e-09,5.684856263177978e-09,5.684855880131469e-09,5.684855497090759e-09,5.684855114055109e-09,5.684854731025039e-09,5.684854348000348e-09,5.68485396498089e-09,5.684853581967262e-09,5.684853198958976e-09,5.684852815956351e-09,5.684852432959264e-09,5.684852049967652e-09,5.684851666981243e-09,5.6848512840003035e-09,5.6848509010248385e-09,5.684850518055158e-09,5.684850135090939e-09,5.6848497521322774e-09,5.6848493691790106e-09,5.684848986231414e-09,5.684848603289295e-09,5.684848220354251e-09,5.68484783742315e-09,5.684847454497379e-09,5.684847071577754e-09,5.684846688663191e-09,5.684846305754121e-09,5.684845922850679e-09,5.68484553995222e-09,5.684845157059772e-09,5.6848447741727125e-09,5.684844391291128e-09,5.684844008415162e-09,5.684843625544315e-09,5.684843242679647e-09,5.684842859820108e-09,5.6848424769658096e-09,5.68484209411728e-09,5.6848417112743255e-09,5.684841328436594e-09,5.684840945604596e-09,5.684840562778171e-09,5.684840179957213e-09,5.6848397971417695e-09,5.684839414331726e-09,5.684839031527422e-09,5.684838648728369e-09,5.684838265934972e-09,5.684837883146917e-09,5.684837500364829e-09,5.6848371175880455e-09,5.684836734816849e-09,5.684836352051088e-09,5.6848359692909065e-09,5.684835586536136e-09,5.6848352037846504e-09,5.684834821041118e-09,5.684834438301587e-09,5.6848340555688696e-09,5.684833672841649e-09,5.684833290119704e-09,5.6848329074034474e-09,5.684832524692719e-09,5.684832141987421e-09,5.6848317592876975e-09,5.684831376593676e-09,5.6848309939049974e-09,5.684830611221864e-09,5.6848302285441804e-09,5.6848298458722096e-09,5.684829463205627e-09,5.684829080544354e-09,5.6848286978887945e-09,5.6848283152387605e-09,5.684827932594225e-09,5.684827549955226e-09,5.684827167321732e-09,5.684826784693792e-09,5.684826402071333e-09,5.684826019454354e-09,5.684825636843044e-09,5.684825254237144e-09,5.684824871636924e-09,5.684824489041902e-09,5.6848241064525815e-09,5.684823723868779e-09,5.684823341290533e-09,5.684822958717807e-09,5.684822576150632e-09,5.684822193588918e-09,5.684821811032813e-09,5.684821428482006e-09,5.684821045938174e-09,5.684820663398284e-09,5.6848202808642104e-09,5.684819898336344e-09,5.684819515813276e-09,5.684819133295672e-09,5.6848187507836265e-09,5.684818368277512e-09,5.684817985776517e-09,5.68481760328104e-09,5.684817220791126e-09,5.6848168383067e-09,5.68481645582806e-09,5.684816073355291e-09,5.684815690887969e-09,5.684815308425478e-09,5.684814925967452e-09,5.684814543516145e-09,5.684814161070475e-09,5.684813778630208e-09,5.684813396195294e-09,5.68481301376614e-09,5.6848126313429685e-09,5.684812248924881e-09,5.6848118665122825e-09,5.684811484105255e-09,5.684811101703353e-09,5.684810719307349e-09,5.684810336916497e-09,5.684809954530858e-09,5.684809572151183e-09,5.684809189776596e-09,5.684808807408572e-09,5.684808425045659e-09,5.6848080426880445e-09,5.684807660337548e-09,5.684807277991496e-09,5.684806895650862e-09,5.684806513315747e-09,5.684806130986121e-09,5.684805748662419e-09,5.6848053663438325e-09,5.684804984030784e-09,5.684804601723142e-09,5.684804219421229e-09,5.684803837124855e-09,5.684803454835461e-09,5.684803072550379e-09,5.684802690270557e-09,5.684802307996478e-09,5.684801925727692e-09,5.6848015434642794e-09,5.684801161206547e-09,5.6848007789542185e-09,5.68480039670786e-09,5.684800014466677e-09,5.684799632231089e-09,5.684799250000708e-09,5.684798867777809e-09,5.684798485558647e-09,5.684798103344973e-09,5.684797721137023e-09,5.684797338934191e-09,5.684796956737334e-09,5.684796574545992e-09,5.684796192360162e-09,5.6847958101798996e-09,5.684795428005614e-09,5.6847950458363865e-09,5.68479466367291e-09,5.684794281514603e-09,5.684793899362213e-09,5.684793517214527e-09,5.684793135072864e-09,5.684792752936876e-09,5.684792370806451e-09,5.684791988681574e-09,5.6847916065622e-09,5.684791224448271e-09,5.684790842339918e-09,5.684790460237115e-09,5.684790078139841e-09,5.684789696048216e-09,5.684789313962223e-09,5.684788931881615e-09,5.684788549806538e-09,5.684788167736835e-09,5.684787785673998e-09,5.684787403615345e-09,5.6847870215624504e-09,5.684786639514996e-09,5.6847862574732e-09,5.6847858754368805e-09,5.68478549340698e-09,5.684785111381612e-09,5.684784729361896e-09,5.684784347347727e-09,5.6847839653390875e-09,5.684783583336008e-09,5.6847832013385615e-09,5.684782819346879e-09,5.684782437360063e-09,5.684782055379123e-09,5.684781673403715e-09,5.6847812914338515e-09,5.6847809094695436e-09,5.684780527510788e-09,5.684780145557635e-09,5.684779763609976e-09,5.684779381667463e-09,5.684778999730914e-09,5.684778617800267e-09,5.684778235875465e-09,5.6847778539552415e-09,5.684777472040724e-09,5.6847770901318025e-09,5.68477670822846e-09,5.684776326330651e-09,5.6847759444382855e-09,5.6847755625514795e-09,5.684775180670788e-09,5.6847747987950405e-09,5.6847744169248715e-09,5.684774035060185e-09,5.684773653201518e-09,5.684773271347999e-09,5.6847728895000296e-09,5.6847725076576936e-09,5.684772125820779e-09,5.684771743989919e-09,5.684771362163927e-09,5.684770980341731e-09,5.684770598527121e-09,5.684770216717278e-09,5.684769834913703e-09,5.684769453115645e-09,5.6847690713231e-09,5.684768689535637e-09,5.68476830775403e-09,5.684767925978251e-09,5.684767544207842e-09,5.684767162442827e-09,5.684766780683688e-09,5.6847663989298956e-09,5.6847660171817895e-09,5.684765635438966e-09,5.6847652537018414e-09,5.684764871970489e-09,5.684764490244446e-09,5.68476410852396e-09,5.684763726809109e-09,5.684763345098937e-09,5.6847629633950376e-09,5.68476258169652e-09,5.684762200003798e-09,5.684761818316188e-09,5.684761436634285e-09,5.684761054958138e-09,5.684760673287662e-09,5.68476029162256e-09,5.6847599099630436e-09,5.684759528309052e-09,5.6847591466611775e-09,5.684758765018526e-09,5.684758383381553e-09,5.684758001749781e-09,5.684757620122136e-09,5.68475723850144e-09,5.684756856886345e-09,5.6847564752765875e-09,5.684756093674364e-09,5.684755712075887e-09,5.684755330483165e-09,5.684754948895676e-09,5.684754567313704e-09,5.684754185736985e-09,5.6847538041662095e-09,5.684753422601245e-09,5.684753041041439e-09,5.684752659487237e-09,5.684752277938621e-09,5.684751896395677e-09,5.684751514858172e-09,5.6847511333260954e-09,5.684750751799702e-09,5.684750370278936e-09,5.684749988764192e-09,5.684749607254438e-09,5.68474922575018e-09,5.684748844251402e-09,5.684748462758216e-09,5.68474808127145e-09,5.684747699789738e-09,5.6847473183136164e-09,5.684746936842624e-09,5.684746555377901e-09,5.6847461739182304e-09,5.684745792463942e-09,5.684745411015024e-09,5.684745029571722e-09,5.684744648133382e-09,5.684744266701267e-09,5.684743885274642e-09,5.684743503853664e-09,5.68474312243813e-09,5.684742741028175e-09,5.684742359623779e-09,5.684741978224949e-09,5.684741596831641e-09,5.684741215443693e-09,5.684740834061495e-09,5.684740452684854e-09,5.684740071313737e-09,5.6847396899480795e-09,5.684739308588052e-09,5.684738927233628e-09,5.684738545884682e-09,5.684738164541263e-09,5.684737783203479e-09,5.684737401871247e-09,5.684737020544577e-09,5.684736639223502e-09,5.684736257907289e-09,5.684735876597148e-09,5.684735495292829e-09,5.684735113994437e-09,5.6847347327010006e-09,5.684734351413137e-09,5.684733970130793e-09,5.684733588853969e-09,5.68473320758271e-09,5.684732826316515e-09,5.684732445056108e-09,5.684732063801518e-09,5.684731682552484e-09,5.6847313013089485e-09,5.684730920070958e-09,5.684730538838567e-09,5.6847301576116566e-09,5.684729776390117e-09,5.684729395175491e-09,5.6847290139652925e-09,5.684728632760706e-09,5.68472825156113e-09,5.684727870367585e-09,5.6847274891795835e-09,5.6847271079968074e-09,5.684726726819905e-09,5.6847263456480834e-09,5.684725964482127e-09,5.684725583321392e-09,5.684725202166418e-09,5.684724821017266e-09,5.6847244398731875e-09,5.684724058735165e-09,5.684723677602956e-09,5.684723296475868e-09,5.6847229153545446e-09,5.684722534239317e-09,5.684722153129014e-09,5.684721772024282e-09,5.684721390925397e-09,5.684721009831699e-09,5.684720628743576e-09,5.6847202476609825e-09,5.684719866584097e-09,5.684719485512414e-09,5.6847191044458475e-09,5.684718723385501e-09,5.684718342330676e-09,5.6847179612814204e-09,5.68471758023765e-09,5.684717199199482e-09,5.684716818166943e-09,5.6847164371398345e-09,5.684716056117895e-09,5.684715675101156e-09,5.684715294090735e-09,5.68471491308585e-09,5.68471453208684e-09,5.6847141510930646e-09,5.684713770104948e-09,5.684713389122264e-09,5.684713008145165e-09,5.684712627173575e-09,5.68471224620642e-09,5.684711865245934e-09,5.684711484291225e-09,5.684711103342253e-09,5.684710722398372e-09,5.6847103414605244e-09,5.684709960527933e-09,5.6847095796007444e-09,5.684709198679064e-09,5.684708817762982e-09,5.68470843685243e-09,5.6847080559474564e-09,5.684707675048081e-09,5.6847072941540725e-09,5.684706913265726e-09,5.684706532382954e-09,5.68470615150574e-09,5.684705770634071e-09,5.684705389768769e-09,5.684705008908399e-09,5.6847046280532525e-09,5.6847042472037905e-09,5.684703866359828e-09,5.684703485521221e-09,5.684703104688491e-09,5.684702723860945e-09,5.684702343039034e-09,5.6847019622214656e-09,5.684701581411332e-09,5.684701200606276e-09,5.684700819806765e-09,5.684700439012782e-09,5.684700058224393e-09,5.6846996774417105e-09,5.684699296664381e-09,5.6846989158923855e-09,5.684698535125689e-09,5.6846981543652305e-09,5.6846977736083085e-09,5.684697392858743e-09,5.684697012114719e-09,5.684696631376236e-09,5.68469625064325e-09,5.684695869915115e-09,5.684695489193339e-09,5.684695108476966e-09,5.684694727766235e-09,5.684694347061047e-09,5.684693966361431e-09,5.684693585667324e-09,5.684693204978766e-09,5.684692824296463e-09,5.684692443619241e-09,5.684692062947377e-09,5.6846916822810645e-09,5.684691301620609e-09,5.6846909209653244e-09,5.684690540315634e-09,5.684690159671127e-09,5.684689779032529e-09,5.6846893983996e-09,5.684689017772242e-09,5.684688637150256e-09,5.6846882565338765e-09,5.6846878759229775e-09,5.684687495317637e-09,5.6846871147179705e-09,5.684686734123594e-09,5.684686353533991e-09,5.684685972950876e-09,5.684685592374868e-09,5.6846852118029085e-09,5.684684831236541e-09,5.6846844506756176e-09,5.684684070122349e-09,5.684683689572694e-09,5.68468330902834e-09,5.684682928489435e-09,5.684682547956303e-09,5.684682167428755e-09,5.684681786906727e-09,5.684681406390294e-09,5.684681025879336e-09,5.684680645374406e-09,5.684680264874297e-09,5.6846798843799984e-09,5.684679503891336e-09,5.684679123408146e-09,5.68467874293052e-09,5.684678362458427e-09,5.68467798199177e-09,5.684677601530808e-09,5.684677221075387e-09,5.684676840626565e-09,5.684676460182321e-09,5.684676079742152e-09,5.684675699308884e-09,5.684675318881225e-09,5.6846749384590825e-09,5.684674558042493e-09,5.684674177631469e-09,5.684673797225814e-09,5.684673416825873e-09,5.68467303643151e-09,5.68467265604257e-09,5.68467227565926e-09,5.684671895281547e-09,5.684671514909036e-09,5.684671134542376e-09,5.684670754181495e-09,5.6846703738259425e-09,5.684669993475951e-09,5.68466961313151e-09,5.684669232792629e-09,5.6846688524592655e-09,5.684668472131518e-09,5.6846680918092396e-09,5.684667711493058e-09,5.6846673311823e-09,5.684666950876663e-09,5.684666570576447e-09,5.684666190281944e-09,5.684665809993051e-09,5.684665429709888e-09,5.684665049432046e-09,5.684664669159746e-09,5.684664288892999e-09,5.6846639086318e-09,5.684663528373859e-09,5.684663148123531e-09,5.684662767879022e-09,5.684662387640053e-09,5.6846620074065685e-09,5.684661627178686e-09,5.684661246956357e-09,5.684660866739568e-09,5.684660486528247e-09,5.684660106322664e-09,5.68465972612285e-09,5.684659345928256e-09,5.684658965739206e-09,5.684658585555715e-09,5.6846582053778746e-09,5.6846578252067495e-09,5.684657445040099e-09,5.684657064878645e-09,5.68465668472287e-09,5.684656304572766e-09,5.684655924428117e-09,5.684655544288682e-09,5.684655164155042e-09,5.684654784026981e-09,5.6846544039045174e-09,5.684654023787605e-09,5.684653643676255e-09,5.684653263570767e-09,5.6846528834704485e-09,5.684652503375363e-09,5.6846521232861765e-09,5.684651743202624e-09,5.684651363124059e-09,5.684650983051404e-09,5.684650602984234e-09,5.684650222922857e-09,5.684649842866983e-09,5.684649462817165e-09,5.68464908277237e-09,5.684648702733176e-09,5.684648322699412e-09,5.68464794267087e-09,5.684647562648283e-09,5.684647182631205e-09,5.684646802619811e-09,5.684646422614063e-09,5.684646042613697e-09,5.684645662619146e-09,5.684645282629778e-09,5.684644902646053e-09,5.684644522667587e-09,5.684644142694889e-09,5.684643762727063e-09,5.684643382765451e-09,5.6846430028094135e-09,5.6846426228589356e-09,5.6846422429140195e-09,5.684641862974606e-09,5.684641483041383e-09,5.684641103113142e-09,5.684640723190433e-09,5.684640343273103e-09,5.684639963361442e-09,5.684639583455777e-09,5.684639203555209e-09,5.684638823660769e-09,5.684638443771302e-09,5.684638063887501e-09,5.684637684009144e-09,5.684637304136134e-09,5.684636924268854e-09,5.684636544407333e-09,5.684636164551171e-09,5.684635784700554e-09,5.684635404855484e-09,5.6846350250157636e-09,5.684634645181873e-09,5.684634265353436e-09,5.684633885530749e-09,5.684633505714055e-09,5.684633125902271e-09,5.684632746096456e-09,5.684632366296477e-09,5.68463198650072e-09,5.6846316067136064e-09,5.684631226930356e-09,5.684630847151946e-09,5.6846304673789784e-09,5.684630087611536e-09,5.684629707849553e-09,5.684629328094467e-09,5.6846289483436975e-09,5.684628568598313e-09,5.684628188858552e-09,5.68462780912438e-09,5.684627429395673e-09,5.68462704967264e-09,5.684626669955076e-09,5.6846262902432575e-09,5.684625910536826e-09,5.684625530836153e-09,5.684625151140887e-09,5.684624771451637e-09,5.684624391767426e-09,5.684624012088736e-09,5.684623632415739e-09,5.68462325274815e-09,5.684622873086096e-09,5.684622493429646e-09,5.684622113778644e-09,5.6846217341326595e-09,5.684621354492867e-09,5.6846209748585576e-09,5.684620595228619e-09,5.684620215605472e-09,5.6846198359878025e-09,5.684619456375531e-09,5.684619076769112e-09,5.684618697168539e-09,5.684618317573181e-09,5.684617937983232e-09,5.684617558398842e-09,5.684617178819968e-09,5.68461679924665e-09,5.684616419679106e-09,5.684616040116876e-09,5.684615660560184e-09,5.684615281009033e-09,5.684614901463456e-09,5.684614521921972e-09,5.684614142387489e-09,5.6846137628589125e-09,5.684613383335482e-09,5.6846130038181855e-09,5.6846126243058775e-09,5.684612244799125e-09,5.684611865297903e-09,5.684611485802021e-09,5.684611106311548e-09,5.684610726826963e-09,5.684610347347948e-09,5.6846099678744986e-09,5.684609588406567e-09,5.684609208944504e-09,5.6846088294886144e-09,5.6846084500372415e-09,5.684608070591663e-09,5.6846076911510765e-09,5.684607311716368e-09,5.684606932287255e-09,5.684606552863652e-09,5.684606173445343e-09,5.684605794032488e-09,5.684605414625497e-09,5.684605035224085e-09,5.684604655828231e-09,5.684604276437862e-09,5.684603897053047e-09,5.684603517673772e-09,5.684603138300078e-09,5.6846027589309095e-09,5.684602379568305e-09,5.684602000211022e-09,5.684601620859446e-09,5.684601241513606e-09,5.6846008621733344e-09,5.684600482838492e-09,5.6846001035093436e-09,5.684599724185527e-09,5.684599344866871e-09,5.6845989655541434e-09,5.684598586246881e-09,5.684598206945232e-09,5.68459782764907e-09,5.68459744835866e-09,5.684597069073645e-09,5.6845966897941966e-09,5.684596310520537e-09,5.684595931252159e-09,5.684595551989364e-09,5.684595172732066e-09,5.684594793480215e-09,5.684594414234061e-09,5.6845940349935314e-09,5.684593655758183e-09,5.684593276528132e-09,5.684592897304068e-09,5.6845925180855895e-09,5.68459213887386e-09,5.6845917596664995e-09,5.684591380464633e-09,5.68459100126877e-09,5.684590622078151e-09,5.6845902428929214e-09,5.684589863713328e-09,5.6845894845390455e-09,5.68458910537045e-09,5.684588726208522e-09,5.684588347051075e-09,5.684587967899036e-09,5.684587588750579e-09,5.684587209609672e-09,5.684586830474312e-09,5.6845864513446175e-09,5.684586072220344e-09,5.684585693101591e-09,5.6845853139881075e-09,5.684584934880454e-09,5.6845845557783355e-09,5.684584176681716e-09,5.6845837975913326e-09,5.6845834185058556e-09,5.6845830394259074e-09,5.684582660351548e-09,5.684582281282607e-09,5.684581902219248e-09,5.684581523161437e-09,5.68458114410921e-09,5.684580765062508e-09,5.684580386021313e-09,5.684580006985501e-09,5.684579627955528e-09,5.684579248931464e-09,5.684578869912632e-09,5.684578490899169e-09,5.684578111891159e-09,5.684577732889043e-09,5.684577353892647e-09,5.684576974901385e-09,5.684576595915614e-09,5.684576216935376e-09,5.684575837960506e-09,5.684575458991759e-09,5.684575080028279e-09,5.68457470106918e-09,5.684574322116466e-09,5.684573943169684e-09,5.6845735642282814e-09,5.684573185292517e-09,5.684572806362516e-09,5.68457242743766e-09,5.684572048518394e-09,5.684571669604546e-09,5.684571290696352e-09,5.684570911793644e-09,5.684570532896867e-09,5.684570154005324e-09,5.684569775119298e-09,5.684569396238897e-09,5.6845690173639505e-09,5.684568638494521e-09,5.684568259629474e-09,5.684567880770707e-09,5.6845675019178956e-09,5.6845671230706615e-09,5.6845667442289786e-09,5.684566365392692e-09,5.684565986562625e-09,5.684565607737428e-09,5.684565228917847e-09,5.684564850105483e-09,5.684564471297051e-09,5.68456409249408e-09,5.6845637136965286e-09,5.6845633349048214e-09,5.684562956119179e-09,5.684562577337953e-09,5.684562198563118e-09,5.684561819793365e-09,5.68456144102931e-09,5.684561062270704e-09,5.684560683517696e-09,5.6845603047701154e-09,5.684559926027987e-09,5.68455954729143e-09,5.684559168560629e-09,5.684558789835287e-09,5.684558411115391e-09,5.68455803240013e-09,5.684557653691388e-09,5.684557274988111e-09,5.684556896290343e-09,5.684556517598109e-09,5.684556138911417e-09,5.6845557602302836e-09,5.684555381553474e-09,5.684555002883569e-09,5.684554624219117e-09,5.684554245560046e-09,5.684553866906617e-09,5.684553488258645e-09,5.684553109616426e-09,5.684552730979587e-09,5.684552352348314e-09,5.684551973722596e-09,5.684551595102374e-09,5.6845512164877024e-09,5.6845508378784896e-09,5.684550459274878e-09,5.684550080676818e-09,5.684549702084312e-09,5.684549323497321e-09,5.684548944915688e-09,5.684548566340203e-09,5.68454818776987e-09,5.684547809204869e-09,5.684547430645546e-09,5.684547052091757e-09,5.684546673543448e-09,5.68454629500064e-09,5.6845459164634784e-09,5.68454553793185e-09,5.684545159405737e-09,5.6845447808851785e-09,5.684544402370216e-09,5.6845440238607266e-09,5.68454364535678e-09,5.68454326685912e-09,5.684542888366203e-09,5.6845425098788616e-09,5.684542131396599e-09,5.684541752920562e-09,5.684541374449908e-09,5.684540995984663e-09,5.6845406175249935e-09,5.6845402390706586e-09,5.684539860622017e-09,5.684539482178915e-09,5.684539103741335e-09,5.684538725309324e-09,5.684538346882798e-09,5.6845379684617995e-09,5.684537590046245e-09,5.684537211636369e-09,5.684536833232146e-09,5.684536454833329e-09,5.684536076439996e-09,5.684535698051683e-09,5.684535319669472e-09,5.684534941292743e-09,5.684534562921596e-09,5.684534184555974e-09,5.6845338061958735e-09,5.6845334278414596e-09,5.684533049492452e-09,5.684532671148999e-09,5.684532292811081e-09,5.6845319144786665e-09,5.684531536151773e-09,5.684531157830449e-09,5.6845307795145035e-09,5.6845304012047995e-09,5.6845300229003935e-09,5.684529644601163e-09,5.6845292663074586e-09,5.684528888019318e-09,5.684528509736682e-09,5.684528131459558e-09,5.684527753188066e-09,5.684527374921882e-09,5.684526996662549e-09,5.6845266184078265e-09,5.684526240158403e-09,5.684525861914512e-09,5.684525483675929e-09,5.684525105442976e-09,5.684524727215722e-09,5.684524348992758e-09,5.684523970776436e-09,5.684523592565735e-09,5.684523214361155e-09,5.684522836161525e-09,5.684522457968025e-09,5.6845220797793854e-09,5.684521701596733e-09,5.684521323419262e-09,5.684520945247322e-09,5.684520567080885e-09,5.684520188920114e-09,5.684519810764769e-09,5.684519432614913e-09,5.684519054470281e-09,5.684518676331532e-09,5.684518298198586e-09,5.684517920070821e-09,5.684517541948665e-09,5.684517163832024e-09,5.684516785720885e-09,5.68451640761532e-09,5.6845160295152805e-09,5.684515651420671e-09,5.6845152733318e-09,5.684514895248408e-09,5.684514517170453e-09,5.684514139098038e-09,5.684513761031162e-09,5.6845133829698696e-09,5.684513004914084e-09,5.684512626863784e-09,5.684512248819469e-09,5.684511870780118e-09,5.684511492746397e-09,5.684511114718529e-09,5.6845107366960204e-09,5.684510358679046e-09,5.684509980667469e-09,5.684509602661406e-09,5.684509224660766e-09,5.684508846665816e-09,5.684508468676518e-09,5.6845080906925965e-09,5.684507712714847e-09,5.684507334742488e-09,5.684506956775255e-09,5.6845065788138515e-09,5.684506200857565e-09,5.684505822906779e-09,5.68450544496138e-09,5.684505067021354e-09,5.6845046890871834e-09,5.684504311158365e-09,5.684503933233729e-09,5.6845035553161805e-09,5.684503177404112e-09,5.684502799497573e-09,5.684502421596576e-09,5.684502043701125e-09,5.684501665811194e-09,5.684501287926655e-09,5.684500910047796e-09,5.68450053217479e-09,5.684500154307003e-09,5.6844997764447254e-09,5.684499398587594e-09,5.684499020736459e-09,5.684498642890783e-09,5.684498265050635e-09,5.684497887216192e-09,5.684497509387097e-09,5.684497131563521e-09,5.684496753745447e-09,5.684496375932898e-09,5.684495998126052e-09,5.684495620324552e-09,5.6844952425285884e-09,5.684494864737911e-09,5.684494486953037e-09,5.684494109174018e-09,5.684493731400186e-09,5.684493353632864e-09,5.68449297587011e-09,5.684492598112792e-09,5.684492220361397e-09,5.684491842615189e-09,5.684491464874523e-09,5.684491087139575e-09,5.684490709409925e-09,5.684490331687284e-09,5.6844899539687e-09,5.684489576256215e-09,5.684489198548616e-09,5.68448882084704e-09,5.684488443150392e-09,5.684488065459467e-09,5.684487687773959e-09,5.684487310094477e-09,5.684486932420343e-09,5.684486554751507e-09,5.684486177088176e-09,5.684485799430707e-09,5.684485421778459e-09,5.6844850441317365e-09,5.684484666490591e-09,5.684484288855651e-09,5.684483911225518e-09,5.684483533599921e-09,5.684483155980936e-09,5.684482778367125e-09,5.6844824007588825e-09,5.684482023157307e-09,5.684481645560314e-09,5.684481267968816e-09,5.684480890382942e-09,5.684480512802502e-09,5.684480135229064e-09,5.684479757659702e-09,5.684479380093696e-09,5.684479002535334e-09,5.684478624982533e-09,5.684478247435189e-09,5.68447786989413e-09,5.684477492357872e-09,5.6844771148271915e-09,5.684476737302033e-09,5.68447635978247e-09,5.684475982268345e-09,5.684475604759842e-09,5.684475227256752e-09,5.684474849759423e-09,5.6844744722672576e-09,5.684474094780797e-09,5.684473717299812e-09,5.684473339825816e-09,5.684472962355826e-09,5.684472584891467e-09,5.684472207432564e-09,5.684471829979193e-09,5.684471452531657e-09,5.684471075089289e-09,5.684470697652509e-09,5.68447032022138e-09,5.6844699427955165e-09,5.684469565375303e-09,5.684469187960642e-09,5.684468810551645e-09,5.684468433148014e-09,5.6844680557498525e-09,5.68446767835732e-09,5.684467300970236e-09,5.684466923588502e-09,5.6844665462127855e-09,5.6844661688422665e-09,5.68446579147721e-09,5.684465414117675e-09,5.68446503676361e-09,5.684464659415394e-09,5.684464282072288e-09,5.6844639047349295e-09,5.68446352740302e-09,5.684463150076702e-09,5.684462772756433e-09,5.684462395441118e-09,5.684462018131323e-09,5.684461640826633e-09,5.684461263528041e-09,5.6844608862331804e-09,5.684460508945917e-09,5.684460131663786e-09,5.684459754387114e-09,5.684459377115945e-09,5.684458999850306e-09,5.684458622590236e-09,5.6844582453355975e-09,5.684457868086228e-09,5.684457490843353e-09,5.684457113605339e-09,5.68445673637283e-09,5.684456359145801e-09,5.6844559819241924e-09,5.684455604708291e-09,5.68445522749786e-09,5.68445485029297e-09,5.6844544730937585e-09,5.684454095899368e-09,5.684453718711221e-09,5.6844533415284384e-09,5.684452964348622e-09,5.684452587176844e-09,5.684452210010566e-09,5.684451832849846e-09,5.684451455694712e-09,5.684451078545481e-09,5.684450701401326e-09,5.684450324262667e-09,5.684449947129544e-09,5.684449570001914e-09,5.684449192879826e-09,5.6844488157632176e-09,5.684448438652231e-09,5.684448061547264e-09,5.684447684446769e-09,5.684447307352331e-09,5.684446930263347e-09,5.684446553179658e-09,5.684446176101756e-09,5.6844457990293876e-09,5.684445421961849e-09,5.684445044900462e-09,5.684444667844462e-09,5.684444290794049e-09,5.684443913749235e-09,5.6844435367110405e-09,5.684443159677078e-09,5.684442782648643e-09,5.684442405625901e-09,5.684442028608708e-09,5.684441651597019e-09,5.684441274590788e-09,5.684440897590132e-09,5.684440520595442e-09,5.684440143605417e-09,5.684439766620959e-09,5.684439389642418e-09,5.684439012669369e-09,5.684438635701946e-09,5.6844382587404095e-09,5.684437881783956e-09,5.684437504833072e-09,5.684437127887579e-09,5.6844367509475975e-09,5.684436374013356e-09,5.684435997083923e-09,5.6844356201605005e-09,5.68443524324259e-09,5.684434866330372e-09,5.684434489423551e-09,5.684434112522143e-09,5.684433735626181e-09,5.684433358736505e-09,5.6844329818520955e-09,5.684432604972759e-09
11,4.607319033540001e-25,6.125870465637727e-25,7.514441842104671e-25,8.881233852643706e-25,1.0234145652784112e-24,1.1574919303538336e-24,1.2906442638732079e-24,1.4230544760487766e-24,1.5549428440804916e-24,1.686279874751602e-24,1.8172336673577022e-24,1.947879444894615e-24,2.078278118654692e-24,2.2084788011876093e-24,2.3378345036660907e-24,2.467749810452781e-24,2.597562331482663e-24,2.72729321576377e-24,2.8569577690030148e-24,2.9865694809518227e-24,3.1154254562687866e-24,3.2442452486974406e-24,3.373753922124711e-24,3.503240205792476e-24,3.6327093393160645e-24,3.7621639082753925e-24,3.8916075921455474e-24,4.021042186397116e-24,4.150469487995884e-24,4.27989093860005e-24,4.409307694887159e-24,4.538720684848291e-24,4.6681306530145664e-24,4.7975381967857616e-24,4.926943795411117e-24,5.0563478334081395e-24,5.18575061934266e-24,5.315152400658639e-24,5.444553375990321e-24,5.573953704662231e-24,5.7033535145225506e-24,5.8327529081276886e-24,5.9621519677594935e-24,6.09155075943165e-24,6.220949336152417e-24,6.350347740359483e-24,6.479746006206361e-24,6.6091441610231874e-24,6.738542226755155e-24,6.867940221023771e-24,6.997338157958233e-24,7.126736048864622e-24,7.25613390288877e-24,7.38553172725283e-24,7.514929527916859e-24,7.64432730947663e-24,7.7737250757458e-24,7.903122829765392e-24,8.03252057393665e-24,8.16191831020822e-24,8.291316040137503e-24,8.420713764978009e-24,8.550111485737756e-24,8.679509203237548e-24,8.808906918098778e-24,8.938304630866542e-24,9.067702341927137e-24,9.197100051646082e-24,9.326497760250367e-24,9.455895467991048e-24,9.585293175051091e-24,9.714690881546881e-24,9.844088587584574e-24,9.973486293253484e-24,1.0102883998644526e-23,1.0232281703780474e-23,1.0361679408755411e-23,1.0491077113576182e-23,1.0620474818272204e-23,1.0749872522863763e-23,1.0879270227376333e-23,1.1008667931836113e-23,1.1138065636259248e-23,1.1267463340621749e-23,1.1396861044955184e-23,1.1526258749252039e-23,1.165565645355892e-23,1.1785054157838915e-23,1.191445186208567e-23,1.204384956633035e-23,1.217324727057448e-23,1.2302644974800804e-23,1.2432042679029215e-23,1.2561440383253718e-23,1.2690838087493254e-23,1.2820235791703012e-23,1.294963349590675e-23,1.3079031200133993e-23,1.3208428904348005e-23,1.333782660858056e-23,1.346722431277428e-23,1.3596622016977423e-23,1.372601972118662e-23,1.3855417425398715e-23,1.3984815129624745e-23,1.411421283382968e-23,1.4243610538029676e-23,1.4373008242225522e-23,1.4502405946443797e-23,1.463180365066038e-23,1.4761201354871213e-23,1.4890599059055883e-23,1.5019996763288546e-23,1.514939446748692e-23,1.5278792171691993e-23,1.5408189875898586e-23,1.5537587580100927e-23,1.5666985284306627e-23,1.5796382988494045e-23,1.5925780692711667e-23,1.6055178396918604e-23,1.6184576101113392e-23,1.631397380532517e-23,1.6443371509536732e-23,1.6572769213738764e-23,1.6702166917936535e-23,1.6831564622123962e-23,1.6960962326338002e-23,1.7090360030537228e-23,1.7219757734737585e-23,1.734915543894614e-23,1.747855314316528e-23,1.760795084736851e-23,1.773734855156608e-23,1.7866746255785095e-23,1.7996143959975648e-23,1.8125541664174004e-23,1.8254939368393516e-23,1.8384337072613125e-23,1.8513734776818016e-23,1.864313248101431e-23,1.877253018522416e-23,1.890192788944575e-23,1.90313255936469e-23,1.9160723297851323e-23,1.9290121002062468e-23,1.9419518706258644e-23,1.9548916410463932e-23,1.9678314114663264e-23,1.9807711818865026e-23,1.9937109523063963e-23,2.006650722727055e-23,2.019590493146789e-23,2.0325302635683916e-23,2.0454700339896728e-23,2.0584098044090302e-23,2.071349574830981e-23,2.08428934525081e-23,2.0972291156721608e-23,2.110168886091248e-23,2.123108656514462e-23,2.1360484269339806e-23,2.1489881973536064e-23,2.1619279677742874e-23,2.1748677381956694e-23,2.1878075086155496e-23,2.2007472790354566e-23,2.213687049455941e-23,2.2266268198777007e-23,2.2395665903000665e-23,2.2525063607193008e-23,2.2654461311408835e-23,2.2783859015623333e-23,2.291325671982061e-23,2.3042654424028156e-23,2.3172052128238326e-23,2.330144983243579e-23,2.3430847536642493e-23,2.3560245240865822e-23,2.368964294505462e-23,2.3819040649274404e-23,2.3948438353471326e-23,2.4077836057682433e-23,2.4207233761869145e-23,2.4336631466073834e-23,2.4466029170285388e-23,2.4595426874489545e-23,2.4724824578700743e-23,2.485422228290843e-23,2.4983619987121076e-23,2.5113017691319294e-23,2.5242415395543364e-23,2.537181309973261e-23,2.5501210803954755e-23,2.563060850816337e-23,2.5760006212360765e-23,2.5889403916567475e-23,2.6018801620763228e-23,2.614819932497659e-23,2.6277597029175917e-23,2.6406994733393093e-23,2.6536392437598954e-23,2.6665790141798785e-23,2.6795187846013657e-23,2.692458555021298e-23,2.7053983254412667e-23,2.718338095862481e-23,2.731277866283117e-23,2.744217636705975e-23,2.7571574071238134e-23,2.7700971775444613e-23,2.783036947966028e-23,2.795976718386605e-23,2.8089164888077955e-23,2.821856259228689e-23,2.834796029649998e-23,2.847735800069797e-23,2.860675570492129e-23,2.873615340913489e-23,2.886555111334055e-23,2.899494881753608e-23,2.912434652175382e-23,2.925374422594407e-23,2.938314193015308e-23,2.9512539634367157e-23,2.964193733856443e-23,2.9771335042767037e-23,2.9900732746974497e-23,3.0030130451178783e-23,3.0159528155395894e-23,3.028892585961037e-23,3.041832356381708e-23,3.0547721268020596e-23,3.067711897224183e-23,3.080651667644913e-23,3.0935914380679464e-23,3.1065312084881734e-23,3.1194709789088395e-23,3.132410749327154e-23,3.145350519749208e-23,3.15829029016982e-23,3.1712300605894467e-23,3.1841698310103184e-23,3.19710960143153e-23,3.210049371852072e-23,3.2229891422735703e-23,3.235928912694222e-23,3.248868683114747e-23,3.2618084535354733e-23,3.274748223955491e-23,3.287687994377932e-23,3.300627764797493e-23,3.313567535218928e-23,3.326507305640749e-23,3.33944707606096e-23,3.3523868464804104e-23,3.365326616901447e-23,3.3782663873228957e-23,3.391206157741825e-23,3.404145928163485e-23,3.417085698583125e-23,3.4300254690044403e-23,3.4429652394249935e-23,3.45590500984522e-23,3.468844780266018e-23,3.481784550687136e-23,3.494724321107026e-23,3.50766409152665e-23,3.520603861948325e-23,3.533543632368117e-23,3.54648340278893e-23,3.559423173211229e-23,3.572362943630488e-23,3.585302714050161e-23,3.598242484471153e-23,3.611182254892274e-23,3.6241220253131813e-23,3.637061795733831e-23,3.6500015661547974e-23,3.662941336573453e-23,3.6758811069961183e-23,3.6888208774155437e-23,3.701760647837512e-23,3.7147004182560577e-23,3.7276401886776965e-23,3.740579959099735e-23,3.7535197295210505e-23,3.766459499942113e-23,3.779399270361326e-23,3.7923390407814806e-23,3.805278811201423e-23,3.8182185816234663e-23,3.831158352043223e-23,3.8440981224653163e-23,3.857037892884745e-23,3.869977663306028e-23,3.8829174337260826e-23,3.8958572041476156e-23,3.9087969745672414e-23,3.9217367449883277e-23,3.934676515408204e-23,3.947616285830068e-23,3.960556056249671e-23,3.973495826671096e-23,3.9864355970918074e-23,3.9993753675109065e-23,4.012315137931779e-23,4.025254908352679e-23,4.038194678772816e-23,4.051134449193944e-23,4.064074219614827e-23,4.077013990035519e-23,4.0899537604566217e-23,4.102893530876429e-23,4.1158333012990794e-23,4.128773071719282e-23,4.141712842140189e-23,4.1546526125599403e-23,4.167592382981428e-23,4.18053215340276e-23,4.193471923821091e-23,4.206411694243538e-23,4.2193514646634206e-23,4.2322912350841654e-23,4.2452310055046134e-23,4.258170775924507e-23,4.271110546343706e-23,4.284050316763656e-23,4.296990087184146e-23,4.3099298576054253e-23,4.32286962802737e-23,4.3358093984479353e-23,4.348749168866887e-23,4.361688939289803e-23,4.374628709710793e-23,4.387568480129666e-23,4.400508250550275e-23,4.413448020970256e-23,4.4263877913906354e-23,4.439327561812229e-23,4.452267332232757e-23,4.465207102653618e-23,4.478146873073859e-23,4.4910866434948074e-23,4.5040264139166266e-23,4.516966184336016e-23,4.529905954757068e-23,4.5428457251784526e-23,4.5557854955996553e-23,4.5687252660193264e-23,4.5816650364411186e-23,4.594604806860574e-23,4.607544577282021e-23,4.6204843477034306e-23,4.633424118122465e-23,4.646363888544015e-23,4.659303658964975e-23,4.672243429386651e-23,4.685183199807742e-23,4.698122970228181e-23,4.711062740647563e-23,4.724002511068591e-23,4.736942281488201e-23,4.749882051909312e-23,4.76282182232956e-23,4.7757615927491566e-23,4.7887013631707114e-23,4.801641133590552e-23,4.8145809040115774e-23,4.827520674432345e-23,4.840460444853469e-23,4.853400215274949e-23,4.866339985694891e-23,4.879279756116384e-23,4.8922195265366436e-23,4.9051592969583606e-23,4.9180990673783014e-23,4.931038837800174e-23,4.943978608220597e-23,4.9569183786396995e-23,4.96985814906187e-23,4.9827979194819944e-23,4.995737689901907e-23,5.008677460321665e-23,5.021617230742869e-23,5.0345570011628584e-23,5.047496771585065e-23,5.060436542004757e-23,5.073376312425534e-23,5.08631608284696e-23,5.09925585326585e-23,5.11219562368738e-23,5.1251353941072864e-23,5.138075164529325e-23,5.1510149349494085e-23,5.1639547053695503e-23,5.176894475790818e-23,5.189834246210883e-23,5.202774016632329e-23,5.215713787053669e-23,5.228653557474585e-23,5.24159332789527e-23,5.254533098315527e-23,5.267472868736661e-23,5.280412639156316e-23,5.2933524095784075e-23,5.306292179999611e-23,5.319231950418038e-23,5.332171720839309e-23,5.345111491260535e-23,5.358051261680533e-23,5.370991032101123e-23,5.383930802520803e-23,5.39687057294351e-23,5.409810343362642e-23,5.422750113783816e-23,5.43568988420385e-23,5.448629654625195e-23,5.461569425045993e-23,5.474509195465011e-23,5.48744896588707e-23,5.500388736306396e-23,5.513328506728386e-23,5.526268277148337e-23,5.539208047569075e-23,5.552147817990357e-23,5.565087588410347e-23,5.578027358831299e-23,5.590967129251138e-23,5.603906899674001e-23,5.616846670095787e-23,5.629786440515677e-23,5.642726210937071e-23,5.655665981356496e-23,5.668605751777576e-23,5.681545522199023e-23,5.694485292617777e-23,5.707425063038165e-23,5.720364833460309e-23,5.7333046038812e-23,5.746244374300424e-23,5.759184144721828e-23,5.772123915142749e-23,5.785063685563391e-23,5.798003455984142e-23,5.810943226405235e-23,5.823882996824322e-23,5.836822767246441e-23,5.849762537666663e-23,5.862702308087342e-23,5.875642078508822e-23,5.888581848929055e-23,5.901521619348875e-23,5.91446138976965e-23,5.92740116018992e-23,5.940340930611293e-23,5.953280701032127e-23,5.96622047145307e-23,5.979160241875145e-23,5.992100012296011e-23,6.005039782716484e-23,6.017979553136345e-23,6.030919323557197e-23,6.043859093979017e-23,6.05679886440032e-23,6.069738634819652e-23,6.082678405239246e-23,6.095618175661988e-23,6.108557946082279e-23,6.121497716503249e-23,6.134437486922539e-23,6.147377257342554e-23,6.160317027763522e-23,6.173256798184163e-23,6.186196568605748e-23,6.19913633902675e-23,6.212076109445255e-23,6.225015879866764e-23,6.237955650287154e-23,6.250895420707644e-23,6.263835191127738e-23,6.276774961545486e-23,6.28971473196802e-23,6.302654502387714e-23,6.31559427280937e-23,6.328534043229255e-23,6.341473813650835e-23,6.354413584070836e-23,6.367353354492101e-23,6.380293124911818e-23,6.39323289533349e-23,6.406172665753581e-23,6.41911243617392e-23,6.432052206594984e-23,6.444991977015711e-23,6.457931747436063e-23,6.470871517857124e-23,6.483811288278358e-23,6.496751058697493e-23,6.509690829118557e-23,6.522630599539147e-23,6.535570369960154e-23,6.548510140380644e-23,6.561449910800021e-23,6.574389681219592e-23,6.587329451640706e-23,6.600269222060876e-23,6.613208992481728e-23,6.626148762902856e-23,6.63908853332229e-23,6.652028303742682e-23,6.664968074163216e-23,6.67790784458445e-23,6.690847615004931e-23,6.703787385426683e-23,6.716727155846133e-23,6.729666926264574e-23,6.74260669668629e-23,6.755546467107009e-23,6.768486237526245e-23,6.781426007947994e-23,6.794365778368703e-23,6.807305548788014e-23,6.820245319210951e-23,6.833185089631261e-23,6.846124860051736e-23,6.859064630472348e-23,6.872004400893791e-23,6.884944171313578e-23,6.897883941734163e-23,6.91082371215606e-23,6.92376348257544e-23,6.936703252996052e-23,6.949643023416343e-23,6.962582793837886e-23,6.975522564258572e-23,6.988462334679288e-23,7.001402105098538e-23,7.014341875520307e-23,7.027281645940678e-23,7.040221416359925e-23,7.05316118678112e-23,7.066100957201902e-23,7.079040727622326e-23,7.091980498042427e-23,7.104920268463777e-23,7.117860038883114e-23,7.130799809304329e-23,7.143739579723973e-23,7.156679350144421e-23,7.16961912056509e-23,7.182558890986038e-23,7.195498661406512e-23,7.208438431827781e-23,7.221378202248763e-23,7.234317972669392e-23,7.247257743090694e-23,7.260197513510944e-23,7.273137283930323e-23,7.286077054350475e-23,7.299016824771854e-23,7.311956595193078e-23,7.324896365612756e-23,7.337836136033012e-23,7.350775906455881e-23,7.363715676876156e-23,7.376655447296442e-23,7.389595217716958e-23,7.402534988137743e-23,7.415474758559176e-23,7.428414528978652e-23,7.441354299399266e-23,7.454294069818519e-23,7.4672338402397e-23,7.480173610661072e-23,7.493113381081432e-23,7.50605315150256e-23,7.518992921923376e-23,7.531932692343742e-23,7.544872462763912e-23,7.557812233185241e-23,7.570752003605114e-23,7.583691774025803e-23,7.59663154444665e-23,7.609571314868644e-23,7.622511085288357e-23,7.635450855709181e-23,7.648390626131704e-23,7.661330396551456e-23,7.674270166973352e-23,7.6872099373943e-23,7.700149707814427e-23,7.713089478233683e-23,7.726029248654576e-23,7.738969019075775e-23,7.751908789496125e-23,7.7648485599176e-23,7.777788330337226e-23,7.790728100757962e-23,7.803667871177902e-23,7.816607641600608e-23,7.829547412019493e-23,7.842487182439911e-23,7.855426952860451e-23,7.868366723281869e-23,7.881306493701841e-23,7.894246264122377e-23,7.907186034542762e-23,7.920125804962736e-23,7.933065575382255e-23,7.946005345804675e-23,7.958945116224731e-23,7.971884886645289e-23,7.984824657065588e-23,7.997764427485556e-23,8.010704197905613e-23,8.023643968326016e-23,8.036583738746036e-23,8.049523509167248e-23,8.062463279589212e-23,8.075403050009292e-23,8.088342820429886e-23,8.101282590849832e-23,8.11422236127135e-23,8.127162131691494e-23,8.140101902111463e-23,8.153041672531516e-23,8.165981442953231e-23,8.178921213373137e-23,8.191860983794183e-23,8.204800754214826e-23,8.217740524635818e-23,8.230680295055928e-23,8.243620065475563e-23,8.256559835896911e-23,8.269499606318e-23,8.282439376737205e-23,8.295379147157669e-23,8.308318917579744e-23,8.321258687998999e-23,8.334198458419373e-23,8.347138228839463e-23,8.360077999260149e-23,8.373017769681648e-23,8.385957540102792e-23,8.398897310521567e-23,8.411837080942058e-23,8.424776851364142e-23,8.437716621784062e-23,8.450656392204467e-23,8.463596162624951e-23,8.476535933046764e-23,8.489475703465799e-23,8.50241547388735e-23,8.515355244307744e-23,8.528295014728805e-23,8.541234785149943e-23,8.554174555568813e-23,8.567114325990766e-23,8.580054096411005e-23,8.592993866832213e-23,8.605933637252248e-23,8.618873407671958e-23,8.631813178093625e-23,8.644752948514637e-23,8.657692718933457e-23,8.670632489355574e-23,8.683572259774705e-23,8.696512030196306e-23,8.709451800616644e-23,8.722391571037263e-23,8.735331341457984e-23,8.748271111878894e-23,8.761210882299418e-23,8.774150652719223e-23,8.787090423141954e-23,8.800030193562554e-23,8.81296996398143e-23,8.825909734402654e-23,8.838849504820918e-23,8.851789275243424e-23,8.864729045664307e-23,8.87766881608576e-23,8.890608586504244e-23,8.903548356925013e-23,8.916488127346033e-23,8.929427897766347e-23,8.942367668186713e-23,8.955307438608773e-23,8.96824720902913e-23,8.981186979450433e-23,8.994126749870573e-23,9.007066520291664e-23,9.020006290710746e-23,9.032946061131287e-23,9.045885831552518e-23,9.058825601973517e-23,9.071765372393229e-23,9.084705142814459e-23,9.097644913234893e-23,9.110584683656505e-23,9.123524454077334e-23,9.136464224498788e-23,9.14940399491856e-23,9.162343765338795e-23,9.175283535759206e-23,9.188223306180285e-23,9.201163076601118e-23,9.214102847021593e-23,9.227042617442666e-23,9.239982387863504e-23,9.252922158283532e-23,9.265861928703273e-23,9.278801699124869e-23,9.291741469544954e-23,9.304681239965165e-23,9.317621010386847e-23,9.330560780806508e-23,9.343500551226706e-23,9.356440321647435e-23,9.36938009206836e-23,9.382319862489181e-23,9.395259632910455e-23,9.408199403331852e-23,9.421139173750408e-23,9.434078944173376e-23,9.447018714592675e-23,9.459958485012786e-23,9.472898255432812e-23,9.485838025854176e-23,9.498777796274781e-23,9.511717566695149e-23,9.52465733711695e-23,9.537597107535998e-23,9.550536877957267e-23,9.563476648377845e-23,9.576416418799303e-23,9.589356189217708e-23,9.602295959639465e-23,9.615235730060968e-23,9.628175500479813e-23,9.641115270901561e-23,9.654055041320978e-23,9.666994811741872e-23,9.679934582162442e-23,9.692874352583212e-23,9.705814123004137e-23,9.718753893423894e-23,9.731693663846308e-23,9.744633434265922e-23,9.75757320468648e-23,9.770512975106716e-23,9.783452745527145e-23,9.796392515947735e-23,9.809332286367158e-23,9.822272056788369e-23,9.835211827209839e-23,9.848151597630136e-23,9.861091368050262e-23,9.874031138470864e-23,9.886970908890321e-23,9.899910679310431e-23,9.912850449733511e-23,9.925790220153061e-23,9.938729990574828e-23,9.951669760995491e-23,9.96460953141579e-23,9.977549301835436e-23,9.990489072256856e-23,1.0003428842676387e-22,1.0016368613096041e-22,1.0029308383517477e-22,1.0042248153939945e-22,1.0055187924359676e-22,1.0068127694780322e-22,1.0081067465201952e-22,1.0094007235621683e-22,1.0106947006042331e-22,1.0119886776462659e-22,1.0132826546883174e-22,1.0145766317301735e-22,1.015870608772202e-22,1.0171645858144122e-22,1.0184585628564866e-22,1.0197525398986024e-22,1.0210465169407061e-22,1.0223404939826496e-22,1.0236344710246812e-22,1.0249284480666564e-22,1.0262224251087234e-22,1.0275164021509198e-22,1.02881037919295e-22,1.0301043562350206e-22,1.0313983332770587e-22,1.0326923103191122e-22,1.033986287361265e-22,1.035280264403307e-22,1.0365742414452845e-22,1.0378682184873092e-22,1.0391621955294264e-22,1.0404561725715276e-22,1.0417501496134484e-22,1.0430441266555346e-22,1.0443381036975153e-22,1.0456320807395373e-22,1.0469260577817331e-22,1.0482200348236728e-22,1.0495140118656437e-22,1.0508079889076579e-22,1.0521019659497646e-22,1.0533959429919476e-22,1.0546899200339945e-22,1.055983897075977e-22,1.0572778741181078e-22,1.058571851159976e-22,1.0598658282019544e-22,1.0611598052441055e-22,1.062453782286306e-22,1.0637477593282962e-22,1.065041736370476e-22,1.0663357134123487e-22,1.0676296904546052e-22,1.0689236674966144e-22,1.0702176445386605e-22,1.0715116215806034e-22,1.0728055986227802e-22,1.0740995756649582e-22,1.0753935527068002e-22,1.0766875297490243e-22,1.077981506791003e-22,1.0792754838330946e-22,1.0805694608751287e-22,1.0818634379170786e-22,1.0831574149592136e-22,1.0844513920013718e-22,1.085745369043355e-22,1.0870393460853688e-22,1.0883333231276293e-22,1.0896273001695847e-22,1.090921277211699e-22,1.0922152542535854e-22,1.09350923129571e-22,1.094803208337879e-22,1.0960971853798495e-22,1.097391162421993e-22,1.0986851394639908e-22,1.0999791165061464e-22,1.1012730935482497e-22,1.102567070590201e-22,1.1038610476323684e-22,1.1051550246742248e-22,1.1064490017163626e-22,1.1077429787584547e-22,1.109036955800537e-22,1.1103309328426353e-22,1.1116249098847538e-22,1.1129188869265933e-22,1.1142128639687315e-22,1.1155068410108942e-22,1.1168008180528364e-22,1.1180947950949352e-22,1.1193887721369613e-22,1.120682749178893e-22,1.121976726221107e-22,1.1232707032632014e-22,1.1245646803051621e-22,1.1258586573472602e-22,1.1271526343892313e-22,1.1284466114312193e-22,1.1297405884733606e-22,1.1310345655151502e-22,1.1323285425573757e-22,1.1336225195994124e-22,1.1349164966413654e-22,1.1362104736834968e-22,1.137504450725647e-22,1.1387984277674385e-22,1.140092404809679e-22,1.1413863818517167e-22,1.142680358893749e-22,1.1439743359356692e-22,1.1452683129777426e-22,1.1465622900197657e-22,1.1478562670620852e-22,1.1491502441039862e-22,1.1504442211463123e-22,1.1517381981881734e-22,1.153032175230249e-22,1.154326152272256e-22,1.1556201293142933e-22,1.156914106356469e-22,1.1582080833985938e-22,1.159502060440539e-22,1.1607960374826195e-22,1.162090014524628e-22,1.1633839915667192e-22,1.1646779686086858e-22,1.1659719456506656e-22,1.167265922692733e-22,1.1685598997348852e-22,1.1698538767770573e-22,1.1711478538191032e-22,1.1724418308611425e-22,1.1737358079031942e-22,1.1750297849452822e-22,1.176323761987436e-22,1.1776177390295878e-22,1.1789117160715662e-22,1.1802056931138107e-22,1.1814996701556e-22,1.182793647197799e-22,1.1840876242397515e-22,1.1853816012819848e-22,1.1866755783240182e-22,1.187969555365995e-22,1.189263532408184e-22,1.190557509450191e-22,1.191851486492278e-22,1.1931454635341584e-22,1.194439440576404e-22,1.1957334176183862e-22,1.1970273946605811e-22,1.1983213717025066e-22,1.1996153487445217e-22,1.2009093257866233e-22,1.202203302828656e-22,1.2034972798707695e-22,1.2047912569129012e-22,1.206085233955043e-22,1.207379210996935e-22,1.208673188039033e-22,1.2099671650812012e-22,1.2112611421231187e-22,1.2125551191653766e-22,1.213849096207238e-22,1.215143073249191e-22,1.216437050291275e-22,1.2177310273334606e-22,1.2190250043754468e-22,1.2203189814175077e-22,1.2216129584595014e-22,1.2229069355015905e-22,1.2242009125436326e-22,1.2254948895857342e-22,1.2267888666277203e-22,1.2280828436699145e-22,1.2293768207118482e-22,1.2306707977538706e-22,1.2319647747960417e-22,1.233258751838149e-22,1.2345527288801393e-22,1.2358467059222691e-22,1.2371406829643373e-22,1.2384346600062974e-22,1.239728637048402e-22,1.2410226140904446e-22,1.2423165911324951e-22,1.2436105681745652e-22,1.2449045452166301e-22,1.2461985222587254e-22,1.2474924993006913e-22,1.2487864763427943e-22,1.250080453384981e-22,1.2513744304269238e-22,1.2526684074689866e-22,1.2539623845108895e-22,1.2552563615531235e-22,1.2565503385952523e-22,1.2578443156373135e-22,1.2591382926793843e-22,1.2604322697213876e-22,1.2617262467634189e-22,1.263020223805384e-22,1.2643142008475534e-22,1.265608177889551e-22,1.2669021549316232e-22,1.2681961319737532e-22,1.2694901090157262e-22,1.2707840860576943e-22,1.272078063099801e-22,1.2733720401419256e-22,1.2746660171838596e-22,1.2759599942259233e-22,1.2772539712678194e-22,1.2785479483100543e-22,1.2798419253521862e-22,1.2811359023942495e-22,1.282429879436324e-22,1.2837238564783983e-22,1.2850178335203106e-22,1.2863118105624834e-22,1.287605787604536e-22,1.2888997646465352e-22,1.2901937416887372e-22,1.2914877187309532e-22,1.2927816957729998e-22,1.29407567281499e-22,1.2953696498571005e-22,1.2966636268992284e-22,1.2979576039411663e-22,1.1090356551034413e-17,1.348446448384921e-17,1.566590961311641e-17,1.791298709517575e-17,2.023784032354075e-17,2.264373568940506e-17,2.5133690217778605e-17,2.7710800840399504e-17,3.037827056538634e-17,3.3139419780876566e-17,3.599769564711711e-17,3.8956680714456403e-17,4.2020101132853573e-17,4.519183468639678e-17,4.8475918822689036e-17,5.187655880451372e-17,5.5398136081593013e-17,5.90452169595557e-17,6.282256162903577e-17,6.673513360825792e-17,7.078810964623954e-17,7.498689012994773e-17,7.933711003675461e-17,8.384465047282891e-17,8.851565083841979e-17,9.335652166201913e-17,9.8373958147078e-17,1.0357495447712945e-16,1.0896681892753218e-16,1.1455718983545776e-16,1.203540524824315e-16,1.2636575694795272e-16,1.3260103699625693e-16,1.3906903006289417e-16,1.4577929841230014e-16,1.5274185154271505e-16,1.5996716992055284e-16,1.6746623013103993e-16,1.75250531540488e-16,1.8333212457046334e-16,1.9172364069237099e-16,2.0043832425939339e-16,2.0949006630095336e-16,2.188934404141799e-16,2.2866374089817407e-16,2.3881702328590006e-16,2.4937014744307503e-16,2.6034082341444555e-16,2.7174766021281215e-16,2.836102177614618e-16,2.9594906221710105e-16,3.0878582491860257e-16,3.221432652267213e-16,3.360453375409917e-16,3.5051726280339465e-16,3.6558560482421043e-16,3.8127835179221724e-16,3.9762500336261366e-16,4.146566637480938e-16,4.324061412749378e-16,4.509080549050259e-16,4.701989482676069e-16,4.903174117916609e-16,5.113042135810097e-16,5.332024397308899e-16,5.560576448459132e-16,5.79918013587652e-16,6.048345341537047e-16,6.308611846726714e-16,6.580551335874874e-16,6.86476955201444e-16,7.161908616654912e-16,7.472649528093149e-16,7.797714853480763e-16,8.137871631431695e-16,8.493934503571662e-16,8.866769095178368e-16,9.257295667082205e-16,9.666493063107535e-16,1.0095402979798215e-15,1.0545134587825096e-15,1.1016869537445769e-15,1.1511867383665592e-15,1.2031471470462332e-15,1.257711531746004e-15,1.3150329557017754e-15,1.3752749474765813e-15,1.4386123212251437e-15,1.5052320696712231e-15,1.575334337003147e-15,1.6491334796811223e-15,1.7268592240479683e-15,1.8087579306125562e-15,1.8950939759999134e-15,1.9861512648213505e-15,2.082234885120009e-15,2.183672922644235e-15,2.29081845099541e-15,2.4040517167179728e-15,2.523782540701877e-15,2.6504529598472767e-15,2.784540135889911e-15,2.9265595616215604e-15,3.077068598522865e-15,3.2366703841525466e-15,3.406018152533245e-15,3.585820016397541e-15,3.77684426655027e-15,3.979925250939365e-15,4.1959699044181475e-15,4.425965009820953e-15,4.6709852820403736e-15,4.932202379552258e-15,5.210894962505142e-15,5.508459933473445e-15,5.8264250165888025e-15,6.1664628534950655e-15,6.53040682095755e-15,6.920268805627021e-15,7.338259207185568e-15,7.786809482787327e-15,8.268597594450268e-15,8.786576778131861e-15,9.344008120222432e-15,9.944497506022959e-15,1.0592037597604063e-14,1.1291055608177101e-14,1.2046467769923706e-14,1.2863741546289659e-14,1.374896682291738e-14,1.4708937529747175e-14,1.5751245407707924e-14,1.6884387945963128e-14,1.8117892891081716e-14,1.946246218154723e-14,2.093013870698151e-14,2.253449995263794e-14,2.4290883392825435e-14,2.6216649475580673e-14,2.8331489236786033e-14,3.0657785048964174e-14,3.322103481476371e-14,3.605035214427767e-14,3.9179057818356367e-14,4.264538127857352e-14,4.649329518051089e-14,5.07735114388837e-14,5.55446739889406e-14,6.087479209725406e-14,6.684296901382352e-14,7.354149478494062e-14,8.107839010241152e-14,8.958051145353625e-14,9.919735832929718e-14,1.1010576328733787e-13,1.2251569864356547e-13,1.366775042430262e-13,1.528909358928775e-13,1.7151656334142983e-13,1.9299022427235308e-13,2.178414874764097e-13,2.4671742527334276e-13,2.8041348961520024e-13,3.1991400085997434e-13,3.6644580693977414e-13,4.215502351357477e-13,4.431043260482335e-13,5.130477387160693e-13,5.970364218239394e-13,6.986558795451077e-13,8.225873073753686e-13,9.750850673756124e-13,1.164647806898236e-12,1.4030466869934238e-12,1.7069451259110624e-12,2.1005269564967557e-12,2.619903534134013e-12,3.3207823376474567e-12,4.2923836022513005e-12,5.68394760890356e-12,7.758152105654415e-12,1.1006153252418881e-11,1.641572188600607e-11,2.6158421013840534e-11,4.5564666496230445e-11,8.964530533554792e-11,2.0850926333948726e-10,6.070413635155654e-10,2.326604343224659e-09,3.232210605086938e-09,3.232210605690267e-09,2.0104059792062873e-08,1.2874460328620454e-07,8.270278947740196e-07,4.638507878876075e-06,2.040916185879677e-05,6.756558811528616e-05,0.00016941563390628338,0.000328090209451593,0.0005065038520652292,0.000654639562915163,0.0007460718996655786,0.000782234200682067,0.0007776410042510936,0.0007477928931619741,0.0007044749854277595,0.000655368063832819,0.0006050532013549972,0.0005560891230354626,0.0005098045078749376,0.00046680706613034324,0.0004272919997036501,0.000391224333021457,0.00035844571636698433,0.0003287367722213342,0.00030185332558856884,0.00027754722144458387,0.00025557798870955547,0.0002357190422477714,0.00021776062326648514,0.00020151080349876355,0.00018679535881782847,0.00017345700485967935,0.00016135429669997462,0.0001503603771591576,0.00014036168537903665,0.00013125669171078805,0.00012295469634307033,0.0001153747111871382,0.00010844443337319442,0.00010209931185635599,9.628170454889703e-05,9.094012104407867e-05,8.602854480555945e-05,8.150582818627545e-05,7.733515358975984e-05,7.348355428885908e-05,6.992148879425455e-05,6.662246309485542e-05,6.356269557128687e-05,6.072081986887191e-05,5.8077621470299376e-05,5.561580415388785e-05,5.331978292202524e-05,5.1175500360917186e-05,4.917026373874063e-05,4.729260042817383e-05,4.55321295484225e-05,4.38794479478222e-05,4.232602885372841e-05,4.0864131741078415e-05,3.948672211752445e-05,3.8187400085268055e-05,3.69603366739676e-05,3.580021705419531e-05,3.4702189849971045e-05,3.36618218564213e-05,3.267505755469772e-05,3.173818288452381e-05,3.084779279795661e-05,3.0000762175167547e-05,2.9194219731100643e-05,2.8425524582965462e-05,2.7692245190722823e-05,2.6992140410359224e-05,2.632314243509458e-05,2.5683341420338607e-05,2.5070971614965742e-05,2.448439883888295e-05,2.3922109166459908e-05,2.3382698689927523e-05,2.286486425166386e-05,2.23673950454353e-05,2.1889164998764943e-05,2.142912585715859e-05,2.0986300899778017e-05,2.0559779223913324e-05,2.014871054232169e-05,1.9752300442731064e-05,1.9369806064824792e-05,1.9000532154712814e-05,1.86438274597955e-05,1.8299081434153466e-05,1.79657212214027e-05,1.764320889142337e-05,1.7331038910194596e-05,1.7028735814439805e-05,1.673585207900032e-05,1.6451966155591043e-05,1.6176680669487593e-05,1.5909620759130388e-05,1.565043254670433e-05,1.5398781727684135e-05,1.515435226930158e-05,1.491684520875888e-05,1.4685977542236434e-05,1.4461481197322464e-05,1.4243102081919436e-05,1.4030599202742784e-05,1.3823743848931953e-05,1.362231883373225e-05,1.3426117790773652e-05,1.3234944520203433e-05,1.3048612380868377e-05,1.2866943724317377e-05,1.2689769368187685e-05,1.2516928105241005e-05,1.2348266245965686e-05,1.2183637190562265e-05,1.2022901031559305e-05,1.1865924180500471e-05,1.1712579019273834e-05,1.1562743575071352e-05,1.1416301214775416e-05,1.1273140359361499e-05,1.1133154216062558e-05,1.0996240527131384e-05,1.086230133415756e-05,1.0731242756668853e-05,1.0602974784188265e-05,1.047741108071792e-05,1.0354468800785646e-05,1.0234068416456652e-05,1.0116133554284312e-05,1.0000590841731746e-05,9.887369762476585e-06,9.776402519801952e-06,9.667623907765237e-06,9.560971189574938e-06,9.456383982620842e-06,9.353804149951936e-06,9.253175697495775e-06,9.154444676880253e-06,9.057559093472348e-06,8.962468819445493e-06,8.869125511154842e-06,8.777482530923986e-06,8.687494873009926e-06,8.599119093195663e-06,8.512313241961996e-06,8.427036801573708e-06,8.343250625168672e-06,8.260916880031414e-06,8.179998993094285e-06,8.100461599212999e-06,8.022270491977621e-06,7.94539257703895e-06,7.869795827120333e-06,7.79544923994859e-06,7.72232279757875e-06,7.650387427893852e-06,7.579614967880831e-06,7.509978128251927e-06,7.441450460204609e-06,7.3740063235844496e-06,7.307620856124201e-06,7.242269944260745e-06,7.17793019566399e-06,7.114578912051115e-06,7.052194064102938e-06,6.990754266992472e-06,6.9302387571368365e-06,6.870627369736806e-06,6.8119005176775925e-06,6.754039170872022e-06,6.697024836664033e-06,6.640839541442243e-06,6.585465812065978e-06,6.530886658956212e-06,6.477085559442618e-06,6.424046442171496e-06,6.3717536713031005e-06,6.320192032371974e-06,6.269346718306493e-06,6.219203315388772e-06,6.169747790884297e-06,6.12096648032624e-06,6.072846075612547e-06,6.025373613479389e-06,5.9785364644714515e-06,5.932322322266749e-06,5.886719193419289e-06,5.8417153878168e-06,5.797299508661065e-06,5.753460443765333e-06,5.7101873565786805e-06,5.667469677841066e-06,5.625297097237484e-06,5.5836595557249276e-06,5.542547237937017e-06,5.501950564678776e-06,5.461860186210537e-06,5.422266975172608e-06,5.3831620201673486e-06,5.344536619386226e-06,5.306382274529987e-06,5.268690684915414e-06,5.231453741762697e-06,5.194663522728227e-06,5.158312286592213e-06,5.1223924681280075e-06,5.086896673133262e-06,5.051817673658103e-06,5.017148403382915e-06,4.982881953106731e-06,4.949011566537169e-06,4.915530635917516e-06,4.882432698082326e-06,4.849711430574291e-06,4.8173606478113685e-06,4.785374297448625e-06,4.753746456725848e-06,4.7224713290999115e-06,4.691543240977721e-06,4.660956638379895e-06,4.630706083900869e-06,4.600786253473795e-06,4.57119193401168e-06,4.541918019881492e-06,4.51295951023191e-06,4.484311506821947e-06,4.455969211049987e-06,4.427927921468715e-06,4.400183031404455e-06,4.372730026577615e-06,4.34556448284996e-06,4.318682063904444e-06,4.29207851915888e-06,4.265749681660582e-06,4.239691466017792e-06,4.21389986644572e-06,4.188370954832708e-06,4.163100878948971e-06,4.138085860488216e-06,4.113322193413531e-06,4.088806242269435e-06,4.064534440428094e-06,4.040503288499011e-06,4.016709352899257e-06,3.993149264090942e-06,3.969819715277028e-06,3.946717460841811e-06,3.923839315064728e-06,3.901182150658227e-06,3.878742897485482e-06,3.8565185412755064e-06,3.8345061222953615e-06,3.812702734163569e-06,3.791105522867025e-06,3.769711685210775e-06,3.748518467971519e-06,3.727523166625826e-06,3.706723124470631e-06,3.68611573145483e-06,3.6656984232030425e-06,3.6454686799871433e-06,3.6254240258202606e-06,3.605562027467288e-06,3.5858802935712786e-06,3.5663764737191623e-06,3.5470482576460656e-06,3.5278933743070114e-06,3.508909591094772e-06,3.4900947129990514e-06,3.4714465819273094e-06,3.4529630758176623e-06,3.4346421078821044e-06,3.4164816260612027e-06,3.3984796120994737e-06,3.380634080948688e-06,3.362943080112567e-06,3.345404688932062e-06,3.328017018039936e-06,3.3107782085794115e-06,3.293686431718398e-06,3.276739888003179e-06,3.2599368067929908e-06,3.243275445694378e-06,3.226754089925789e-06,3.210371051859847e-06,3.1941246705415115e-06,3.1780133110113367e-06,3.1620353639285578e-06,3.1461892450079366e-06,3.130473394588473e-06,3.114886277126934e-06,3.0994263807120124e-06,3.084092216708411e-06,3.0688823192171092e-06,3.053795244679399e-06,3.038829571477538e-06,3.0239838994526513e-06,3.0092568496487423e-06,2.994647063740536e-06,2.980153203756077e-06,2.9657739516878053e-06,2.951508009109686e-06,2.9373540968234193e-06,2.92331095450361e-06,2.9093773403121647e-06,2.8955520307384778e-06,2.8818338199713427e-06,2.868221519873159e-06,2.8547139594484094e-06,2.841309984651813e-06,2.828008458073283e-06,2.8148082585341676e-06,2.8017082810073265e-06,2.7887074361544374e-06,2.7758046501045818e-06,2.7629988641936755e-06,2.7502890346900544e-06,2.7376741325590157e-06,2.7251531431474364e-06,2.712725065984781e-06,2.700388914545063e-06,2.6881437159439238e-06,2.675988510759939e-06,2.663922352847739e-06,2.6519443090032053e-06,2.640053458857238e-06,2.6282488944594427e-06,2.6165297203380175e-06,2.6048950531148217e-06,2.5933440213685205e-06,2.5818757653918326e-06,2.5704894370404716e-06,2.5591841995138673e-06,2.547959227163243e-06,2.536813705331288e-06,2.525746830174085e-06,2.5147578084329997e-06,2.503845857366976e-06,2.4930102043881137e-06,2.4822500871090888e-06,2.47156475314117e-06,2.460953459749513e-06,2.4504154739836462e-06,2.4399500722559637e-06,2.4295565403017833e-06,2.419234173139245e-06,2.4089822747240467e-06,2.3988001579246206e-06,2.388687144336989e-06,2.378642564184475e-06,2.368665756229594e-06,2.3587560674957813e-06,2.34891285322951e-06,2.339135476803217e-06,2.3294233095151085e-06,2.3197757305199385e-06,2.3101921266786385e-06,2.3006718924584404e-06,2.2912144297810642e-06,2.281819148014828e-06,2.2724854637140947e-06,2.263212800586125e-06,2.2540005893822705e-06,2.2448482678212513e-06,2.2357552804034264e-06,2.2267210783582613e-06,2.217745119557276e-06,2.2088268683997788e-06,2.199965795709037e-06,2.1911613786424293e-06,2.1824131006320413e-06,2.1737204511576826e-06,2.1650829258631474e-06,2.156500026318255e-06,2.1479712599484605e-06,2.139496140065495e-06,2.131074185610156e-06,2.12270492116766e-06,2.11438787688518e-06,2.106122588325716e-06,2.0979085965856683e-06,2.089745447936652e-06,2.081632693924542e-06,2.0735698912705225e-06,2.0655566017025022e-06,2.0575923921254082e-06,2.049676834320318e-06,2.0418095048809027e-06,2.033989985256744e-06,2.0262178616082396e-06,2.018492724800976e-06,2.0108141703587615e-06,2.003181798294271e-06,1.9955952130710304e-06,1.988054023615191e-06,1.980557843178987e-06,1.9731062893419146e-06,1.965698983921873e-06,1.9583355529460246e-06,1.951015626507555e-06,1.9437388387909155e-06,1.9365048280102806e-06,1.9293132362858068e-06,1.9221637097263184e-06,1.91505589824109e-06,1.9079894555332235e-06,1.9009640391006857e-06,1.8939793100918236e-06,1.8870349333386119e-06,1.8801305772856833e-06,1.873265913861841e-06,1.8664406185714266e-06,1.8596543703656728e-06,1.8529068516095489e-06,1.8461977480264957e-06,1.8395267486825669e-06,1.8328935459187506e-06,1.8262978353185234e-06,1.8197393156627964e-06,1.8132176888907065e-06,1.8067326600546197e-06,1.800283937272452e-06,1.7938712317365869e-06,1.7874942575967636e-06,1.7811527319757692e-06,1.7748463749206156e-06,1.7685749093516227e-06,1.7623380610160375e-06,1.7561355585582307e-06,1.7499671332866758e-06,1.7438325193502537e-06,1.7377314535348706e-06,1.7316636753246435e-06,1.7256289268246035e-06,1.7196269527591892e-06,1.7136575004208805e-06,1.7077203196712966e-06,1.7018151628512735e-06,1.6959417847677611e-06,1.6900999427245949e-06,1.6842893963949249e-06,1.6785099078309778e-06,1.6727612414818895e-06,1.6670431641903905e-06,1.6613554449677572e-06,1.6556978551590262e-06,1.6500701683560605e-06,1.6444721603748791e-06,1.638903609192854e-06,1.633364295006855e-06,1.6278540001004095e-06,1.6223725088996239e-06,1.6169196079072977e-06,1.6114950856953044e-06,1.606098732838014e-06,1.600730342022124e-06,1.5953897078126661e-06,1.5900766268285138e-06,1.5847908975588638e-06,1.5795323204695659e-06,1.5743006979125653e-06,1.5690958340957728e-06,1.5639175350559704e-06,1.5587656087680136e-06,1.5536398649225265e-06,1.548540115017375e-06,1.5434661723308985e-06,1.5384178518803997e-06,1.5333949704336804e-06,1.5283973464496216e-06,1.5234248000790947e-06,1.5184771531338807e-06,1.5135542290695324e-06,1.5086558530192765e-06,1.503781851706935e-06,1.4989320534206576e-06,1.4941062880314264e-06,1.4893043870145734e-06,1.4845261833441933e-06,1.4797715115298954e-06,1.4750402075696022e-06,1.4703321090044205e-06,1.4656470548076832e-06,1.4609848853990387e-06,1.456345442646569e-06,1.451728569877298e-06,1.4471341117676988e-06,1.4425619144625127e-06,1.4380118253691652e-06,1.4334836933681906e-06,1.42897736864855e-06,1.4244927027309717e-06,1.4200295483966744e-06,1.415587759880848e-06,1.4111671925709173e-06,1.4067677031611087e-06,1.402389149606762e-06,1.398031391149776e-06,1.3936942882368322e-06,1.3893777025042072e-06,1.3850814968421238e-06,1.3808055353150398e-06,1.3765496831831349e-06,1.3723138068596216e-06,1.368097773913189e-06,1.3639014530644068e-06,1.3597247141722117e-06,1.355567428199625e-06,1.351429467237244e-06,1.3473107044467344e-06,1.3432110140976308e-06,1.3391302715186135e-06,1.335068353074934e-06,1.3310251362577123e-06,1.327000499529333e-06,1.3229943224411602e-06,1.3190064854700301e-06,1.3150368701673068e-06,1.311085359092052e-06,1.3071518357479731e-06,1.3032361846414062e-06,1.2993382912387291e-06,1.295458041957216e-06,1.2915953241731344e-06,1.2877500261716277e-06,1.2839220372069502e-06,1.2801112474222977e-06,1.2763175478740277e-06,1.2725408305205818e-06,1.268780988207957e-06,1.265037914663e-06,1.261311504485606e-06,1.2576016531479383e-06,1.2539082569481315e-06,1.2502312130789752e-06,1.2465704194998278e-06,1.2429257750635686e-06,1.2392971794170754e-06,1.2356845330211703e-06,1.2320877371325119e-06,1.2285066938299398e-06,1.2249413059606687e-06,1.2213914771433444e-06,1.2178571117979169e-06,1.2143381150874418e-06,1.2108343929351633e-06,1.207345852018218e-06,1.2038723997363545e-06,1.2004139442831734e-06,1.1969703945232899e-06,1.1935416600393555e-06,1.1901276511878572e-06,1.1867282789803264e-06,1.1833434551175097e-06,1.1799730920476275e-06,1.176617102863525e-06,1.1732754013410782e-06,1.1699479019724277e-06,1.1666345198350103e-06,1.1633351707386945e-06,1.1600497711232373e-06,1.1567782381043175e-06,1.153520489358023e-06,1.1502764432839752e-06,1.1470460188542048e-06,1.1438291357115647e-06,1.1406257140907998e-06,1.1374356748343352e-06,1.1342589393988817e-06,1.131095429835953e-06,1.1279450687892692e-06,1.1248077795148941e-06,1.1216834858230222e-06,1.1185721121396565e-06,1.1154735833937817e-06,1.112387825146776e-06,1.109314763503881e-06,1.1062543251178379e-06,1.103206437205218e-06,1.1001710275016833e-06,1.097148024343395e-06,1.0941373565550724e-06,1.091138953484055e-06,1.088152745038628e-06,1.085178661627359e-06,1.0822166341819221e-06,1.0792665941504548e-06,1.076328473481589e-06,1.0734022046313878e-06,1.0722946990748193e-06,1.072294699074811e-06,1.072294699074803e-06,1.0722946990747947e-06,1.0722946990747863e-06,1.0722946990747782e-06,1.07229469907477e-06,1.0722946990747615e-06,1.0722946990747532e-06,1.0722946990747452e-06,1.072294699074737e-06,1.0722946990747287e-06,1.0722946990747206e-06,1.0722946990747121e-06,1.072294699074704e-06,1.0722946990746958e-06,1.0722946990746874e-06,1.0722946990746791e-06,1.072294699074671e-06,1.0722946990746628e-06,1.0722946990746543e-06,1.072294699074646e-06,1.072294699074638e-06,1.0722946990746298e-06,1.0722946990746213e-06,1.0722946990746135e-06,1.072294699074605e-06,1.0722946990745965e-06,1.0722946990745885e-06,1.0722946990745802e-06,1.072294699074572e-06,1.0722946990745635e-06,1.0722946990745554e-06,1.0722946990745472e-06,1.0722946990745394e-06,1.072294699074531e-06,1.0722946990745228e-06,1.0722946990745144e-06,1.0722946990745065e-06,1.072294699074498e-06,1.0722946990744896e-06,1.0722946990744813e-06,1.0722946990744733e-06,1.072294699074465e-06,1.0722946990744566e-06,1.0722946990744487e-06,1.0722946990744402e-06,1.0722946990744318e-06,1.072294699074424e-06,1.0722946990744155e-06,1.0722946990744072e-06,1.072294699074399e-06,1.0722946990743907e-06,1.0722946990743824e-06,1.0722946990743742e-06,1.072294699074366e-06,1.0722946990743579e-06,1.0722946990743496e-06,1.0722946990743416e-06,1.072294699074333e-06,1.0722946990743248e-06,1.0722946990743168e-06,1.0722946990743083e-06,1.0722946990743003e-06,1.0722946990742916e-06,1.0722946990742838e-06,1.0722946990742753e-06,1.072294699074267e-06,1.0722946990742588e-06,1.0722946990742505e-06,1.0722946990742423e-06,1.072294699074234e-06,1.0722946990742257e-06,1.0722946990742175e-06,1.0722946990742094e-06,1.072294699074201e-06,1.072294699074193e-06,1.0722946990741844e-06,1.0722946990741762e-06,1.0722946990741681e-06,1.0722946990741599e-06,1.0722946990741518e-06,1.0722946990741434e-06,1.0722946990741353e-06,1.072294699074127e-06,1.0722946990741188e-06,1.0722946990741105e-06,1.072294699074102e-06,1.0722946990740938e-06,1.0722946990740856e-06,1.0722946990740773e-06,1.072294699074069e-06,1.072294699074061e-06,1.0722946990740525e-06,1.0722946990740445e-06,1.072294699074036e-06,1.072294699074028e-06,1.0722946990740195e-06,1.0722946990740114e-06,1.0722946990740032e-06,1.0722946990739947e-06,1.0722946990739867e-06,1.0722946990739784e-06,1.0722946990739704e-06,1.072294699073962e-06,1.0722946990739538e-06,1.0722946990739456e-06,1.0722946990739375e-06,1.072294699073929e-06,1.0722946990739208e-06,1.0722946990739123e-06,1.072294699073904e-06,1.072294699073896e-06,1.0722946990738876e-06,1.0722946990738795e-06,1.0722946990738713e-06,1.072294699073863e-06,1.072294699073855e-06,1.0722946990738467e-06,1.0722946990738384e-06,1.07229469907383e-06,1.072294699073822e-06,1.0722946990738137e-06,1.0722946990738054e-06,1.0722946990737971e-06,1.0722946990737889e-06,1.0722946990737806e-06,1.0722946990737726e-06,1.072294699073764e-06,1.072294699073756e-06,1.0722946990737478e-06,1.0722946990737393e-06,1.0722946990737313e-06,1.0722946990737228e-06,1.0722946990737148e-06,1.0722946990737065e-06,1.0722946990736982e-06,1.07229469907369e-06,1.072294699073682e-06,1.0722946990736735e-06,1.0722946990736656e-06,1.0722946990736572e-06,1.0722946990736491e-06,1.0722946990736406e-06,1.0722946990736324e-06,1.0722946990736243e-06,1.0722946990736159e-06,1.0722946990736078e-06,1.0722946990735994e-06,1.0722946990735913e-06,1.072294699073583e-06,1.0722946990735748e-06,1.0722946990735663e-06,1.0722946990735585e-06,1.07229469907355e-06,1.0722946990735418e-06,1.0722946990735335e-06,1.0722946990735252e-06,1.0722946990735172e-06,1.0722946990735087e-06,1.0722946990735007e-06,1.0722946990734924e-06,1.0722946990734842e-06,1.072294699073476e-06,1.0722946990734674e-06,1.0722946990734594e-06,1.072294699073451e-06,1.0722946990734429e-06,1.0722946990734344e-06,1.0722946990734263e-06,1.072294699073418e-06,1.0722946990734098e-06,1.0722946990734014e-06,1.0722946990733935e-06,1.072294699073385e-06,1.0722946990733766e-06,1.0722946990733685e-06,1.0722946990733603e-06,1.0722946990733522e-06,1.0722946990733438e-06,1.0722946990733357e-06,1.0722946990733275e-06,1.0722946990733192e-06,1.072294699073311e-06,1.0722946990733029e-06,1.0722946990732944e-06,1.0722946990732862e-06,1.072294699073278e-06,1.0722946990732694e-06,1.0722946990732614e-06,1.0722946990732531e-06,1.0722946990732449e-06,1.0722946990732364e-06,1.0722946990732286e-06,1.07229469907322e-06,1.0722946990732116e-06,1.0722946990732038e-06,1.0722946990731953e-06,1.072294699073187e-06,1.0722946990731788e-06,1.0722946990731708e-06,1.0722946990731625e-06,1.0722946990731542e-06,1.072294699073146e-06,1.0722946990731375e-06,1.0722946990731295e-06,1.0722946990731212e-06,1.072294699073113e-06,1.0722946990731045e-06,1.0722946990730966e-06,1.0722946990730882e-06,1.07229469907308e-06,1.0722946990730717e-06,1.0722946990730636e-06,1.0722946990730551e-06,1.0722946990730469e-06,1.929340941409845e-06,2.3375749455354997e-06,2.543128938020249e-06,2.6558097761636713e-06,2.724889471081409e-06,2.7726051928329588e-06,2.8090859953808815e-06,2.8390264735129852e-06,2.8646746238168737e-06,2.8871703973713966e-06,2.9071457821440464e-06,2.9249942305536817e-06,2.9409920572017677e-06,2.955353569697551e-06,2.968256522965148e-06,2.979854263191497e-06,2.9902818773369745e-06,2.9996596166549643e-06,3.0080950540132837e-06,3.0156846274175813e-06,3.0225148622531805e-06,3.028663404663585e-06,3.0341999274682525e-06,3.0391869386086706e-06,3.0436805082311305e-06,3.0477309244344203e-06,3.0513832848982586e-06,3.054678030344686e-06,3.0576514250566693e-06,3.060335989239205e-06,3.062760887644293e-06,3.064952278555848e-06,3.0669336269170767e-06,3.0687259851053362e-06,3.0703482445343234e-06,3.071817361019821e-06,3.0731485565671205e-06,3.074355499992141e-06,3.075450468567817e-06,3.0764444926565174e-06,3.0773474851228074e-06,3.0781683571133727e-06,3.0789151216468456e-06,3.0795949863009897e-06,3.080214436153146e-06,3.080779308008424e-06,3.0812948568394935e-06,3.0817658152725816e-06,3.0821964468476487e-06,3.082590593725117e-06,3.082951719425131e-06,3.0832829471284897e-06,3.08358709400176e-06,3.0838667019745373e-06,3.0841240653545953e-06,3.0843612555873363e-06,3.084580143483861e-06,3.0847824191745383e-06,3.0849696100255065e-06,3.0851430967343004e-06,3.0853041277937632e-06,3.085453832489699e-06,3.0855932325950074e-06,3.085723252879267e-06,3.085844730571427e-06,3.085958423873723e-06,3.0860650196282217e-06,3.086165140220272e-06,3.086259349798435e-06,3.086348159880529e-06,3.086432034405774e-06,3.0865113942914014e-06,3.0865866215432063e-06,3.086658062960481e-06,3.0867260334875614e-06,3.086790819231612e-06,3.086852680192031e-06,3.0869118527246323e-06,3.0869685517684336e-06,3.0870229728570073e-06,3.0870752939387426e-06,3.0871256770222964e-06,3.0871742696614705e-06,3.0872212063030492e-06,3.087266609503822e-06,3.087310591033832e-06,3.0873532528705014e-06,3.087394688106536e-06,3.0874349817655526e-06,3.087474211543658e-06,3.0875124484807856e-06,3.0875497575687865e-06,3.0875861983035093e-06,3.087621825185581e-06,3.0876566881717212e-06,3.0876908330873174e-06,3.0877243019989225e-06,3.087757133553164e-06,3.0877893632826993e-06,3.0878210238858178e-06,3.0878521454788447e-06,3.0878827558258892e-06,3.08791288054743e-06,3.0879425433095604e-06,3.087971765996006e-06,3.0880005688639366e-06,3.0880289706874784e-06,3.0880569888845798e-06,3.0880846396357626e-06,3.088111937990416e-06,3.0881388979636534e-06,3.088165532624489e-06,3.0881918541762136e-06,3.088217874028983e-06,3.0882436028675035e-06,3.0882690507088784e-06,3.0882942269587762e-06,3.0883191404645486e-06,3.0883437995556607e-06,3.0883682120894948e-06,3.088392385486834e-06,3.0884163267675957e-06,3.088440042581037e-06,3.0884635392353614e-06,3.088486822723682e-06,3.088509898749331e-06,3.088532772743906e-06,3.0885554498923247e-06,3.0885779351461522e-06,3.0886002332417524e-06,3.08862234871819e-06,3.088644285927214e-06,3.088666049047855e-06,3.0886876420989674e-06,3.0887090689472586e-06,3.088730333319421e-06,3.0887514388101788e-06,3.0887723888903847e-06,3.0887931869147118e-06,3.0888138361280614e-06,3.088834339673008e-06,3.0888547005936466e-06,3.0888749218446237e-06,3.0888950062915874e-06,3.0889149567197656e-06,3.0889347758350727e-06,3.0889544662696057e-06,3.088974030585677e-06,3.0889934712769274e-06,3.0890127907749695e-06,3.089031991447819e-06,3.0890510756060333e-06,3.089070045504254e-06,3.0890889033437263e-06,3.0891076512722822e-06,3.089126291389801e-06,3.089144825747432e-06,3.0891632563505316e-06,3.089181585160239e-06,3.08919981409436e-06,3.0892179450292876e-06,3.089235979801301e-06,3.0892539202078953e-06,3.0892717680091207e-06,3.0892895249280647e-06,3.0893071926528532e-06,3.0893247728366097e-06,3.0893422670994615e-06,3.0893596770290975e-06,3.0893770041808915e-06,3.0893942500804183e-06,3.089411416221785e-06,3.089428504071625e-06,3.0894455150665624e-06,3.0894624506158435e-06,3.0894793121025043e-06,3.0894961008796307e-06,3.0895128182786183e-06,3.08952946560324e-06,3.089546044132684e-06,3.0895625551224414e-06,3.0895789998040704e-06,3.089595379385952e-06,3.0896116950531253e-06,3.089627947969874e-06,3.0896441392774365e-06,3.089660270096176e-06,3.089676341525168e-06,3.089692354644428e-06,3.0897083105126715e-06,3.0897242101685826e-06,3.0897400546339615e-06,3.0897558449107196e-06,3.089771581979314e-06,3.089787266804763e-06,3.0898029003364177e-06,3.0898184835040183e-06,3.0898340172191872e-06,3.089849502377685e-06,3.0898649398575677e-06,3.089880330523382e-06,3.0898956752231033e-06,3.0899109747881197e-06,3.089926230035991e-06,3.089941441768284e-06,3.089956610772504e-06,3.0899717378220234e-06,3.0899868236747323e-06,3.0900018690759123e-06,3.0900168747563387e-06,3.0900318414348877e-06,3.090046769815963e-06,3.090061660592701e-06,3.0900765144432333e-06,3.0900913320332166e-06,3.0901061140214513e-06,3.090120861049856e-06,3.0901355737496183e-06,3.0901502527395924e-06,3.0901648986288635e-06,3.0901795120168546e-06,3.090194093488781e-06,3.09020864362022e-06,3.090223162977998e-06,3.090237652116888e-06,3.0902521115816003e-06,3.090266541907344e-06,3.0902809436213066e-06,3.0902953172385115e-06,3.09030966326574e-06,3.0903239822004993e-06,3.0903382745311612e-06,3.090352540737309e-06,3.0903667812898765e-06,3.090380996651447e-06,3.0903951872756034e-06,3.090409353607911e-06,3.090423496085444e-06,3.0904376151399797e-06,3.0904517111929433e-06,3.0904657846597415e-06,3.090479835936219e-06,3.0904938654369906e-06,3.0905078735455633e-06,3.0905218606499606e-06,3.090535827127227e-06,3.090549773348284e-06,3.0905636996779303e-06,3.0905776064749064e-06,3.090591494088714e-06,3.0906053628634636e-06,3.0906192131392834e-06,3.0906330452483484e-06,3.0906468595173533e-06,3.090660656266582e-06,3.0906744358110095e-06,3.090688198459925e-06,3.090701944516063e-06,3.0907156742777173e-06,3.0907293880374064e-06,3.0907430860818493e-06,3.0907567686943434e-06,3.090770436150431e-06,3.090784088723146e-06,3.0907977266778954e-06,3.090811350268356e-06,3.0908249597706667e-06,3.0908385554274517e-06,3.0908521374971586e-06,3.0908657061971137e-06,3.0908792617971672e-06,3.0908928045107732e-06,3.090906334574334e-06,3.0909198522155486e-06,3.090933357656482e-06,3.0909468511137224e-06,3.0909603328072815e-06,3.0909738029414803e-06,3.090987261726053e-06,3.0910007093623404e-06,3.0910141460488403e-06,3.0910275719824243e-06,3.091040987354523e-06,3.0910543923539192e-06,3.0910677871684127e-06,3.0910811719740264e-06,3.0910945469527086e-06,3.091107912277707e-06,3.0911212681159825e-06,3.091134614650709e-06,3.091147952039086e-06,3.091161280445627e-06,3.091174600029375e-06,3.0911879109468292e-06,3.0912012133390302e-06,3.0912145073881663e-06,3.09122779322112e-06,3.091241070989251e-06,3.091254340836666e-06,3.091267602899205e-06,3.091280857319396e-06,3.0912941042195943e-06,3.091307343755957e-06,3.091320576055815e-06,3.0913338012316475e-06,3.091347019413895e-06,3.0913602307331143e-06,3.091373435300808e-06,3.091386633251094e-06,3.0913998246894526e-06,3.0914130097362222e-06,3.0914261885026064e-06,3.0914393610990822e-06,3.0914525276348286e-06,3.091465688225849e-06,3.0914788429585348e-06,3.09149199194525e-06,3.0915051352855594e-06,3.091518273081371e-06,3.091531405429557e-06,3.0915445324258277e-06,3.0915576541635812e-06,3.091570770736699e-06,3.0915838822326265e-06,3.091596988756756e-06,3.0916100903797127e-06,3.0916231871934506e-06,3.0916362792529886e-06,3.0916493666770714e-06,3.0916624495354252e-06,3.0916755279096277e-06,3.0916886018790487e-06,3.091701671513464e-06,3.091714736892852e-06,3.0917277980944393e-06,3.09174085518433e-06,3.0917539082400863e-06,3.091766957334036e-06,3.09178000252743e-06,3.0917930438949268e-06,3.091806081496902e-06,3.0918191154020554e-06,3.091832145674777e-06,3.0918451723737424e-06,3.091858195565009e-06,3.09187121530558e-06,3.0918842316628173e-06,3.091897244691853e-06,3.0919102544402315e-06,3.0919232609727446e-06,3.0919362643421846e-06,3.091949264602418e-06,3.0919622618045725e-06,3.09197525601116e-06,3.09198824726728e-06,3.092001235621556e-06,3.092014221125013e-06,3.0920272038277e-06,3.0920401837699063e-06,3.092053161009981e-06,3.0920661355865768e-06,3.09207910758317e-06,3.0920920769732795e-06,3.092105043837738e-06,3.0921180082203087e-06,3.0921309701566743e-06,3.0921439296938725e-06,3.092156886866997e-06,3.09216984171929e-06,3.092182794287721e-06,3.092195744612172e-06,3.092208692736457e-06,3.0922216386855073e-06,3.092234582502564e-06,3.0922475242201437e-06,3.0922604638740426e-06,3.0922734014990934e-06,3.092286337131327e-06,3.0922992707609694e-06,3.092312202500756e-06,3.092325132327271e-06,3.0923380603063557e-06,3.092350986450792e-06,3.0923639107902605e-06,3.0923768333543566e-06,3.0923897541729545e-06,3.0924026732743155e-06,3.092415590686613e-06,3.0924285064291807e-06,3.092441420546261e-06,3.092454333053514e-06,3.0924672439762964e-06,3.092480153313071e-06,3.0924930611573162e-06,3.0925059674879572e-06,3.0925188723369894e-06,3.092531775731384e-06,3.092544677690227e-06,3.0925575782345404e-06,3.092570477390018e-06,3.0925833751743314e-06,3.092596271600152e-06,3.092609166706195e-06,3.092622060523277e-06,3.0926349530562547e-06,3.0926478443242245e-06,3.092660734332033e-06,3.0926736231344387e-06,3.092686510736746e-06,3.0926993971543246e-06,3.0927122824052247e-06,3.0927251665076036e-06,3.092738049501313e-06,3.0927509313584057e-06,3.0927638121202015e-06,3.092776691810187e-06,3.0927895704295807e-06,3.0928024480341975e-06,3.092815324577321e-06,3.092828200103876e-06,3.092841074646304e-06,3.0928539481846124e-06,3.0928668207552527e-06,3.09287969237241e-06,3.092892563048195e-06,3.0929054327920684e-06,3.0929183016321503e-06,3.0929311695686238e-06,3.0929440366179763e-06,3.0929569027903893e-06,3.0929697680993213e-06,3.0929826325159112e-06,3.092995496146943e-06,3.0930083589620053e-06,3.0930212209575747e-06,3.093034082152026e-06,3.0930469425585137e-06,3.0930598022148357e-06,3.0930726610774454e-06,3.093085519184412e-06,3.093098376553551e-06,3.093111233185793e-06,3.093124089088799e-06,3.0931369442777796e-06,3.0931497987624725e-06,3.093162652551805e-06,3.0931755056569036e-06,3.0931883580863345e-06,3.0932012098702047e-06,3.093214060975741e-06,3.093226911432709e-06,3.093239761251031e-06,3.093252610436797e-06,3.093265458999767e-06,3.0932783069477544e-06,3.0932911542885727e-06,3.0933040010314792e-06,3.093316847183537e-06,3.093329692751507e-06,3.0933425377445955e-06,3.0933553821729277e-06,3.093368226036651e-06,3.093381069346263e-06,3.093393912105254e-06,3.0934067543281287e-06,3.093419596018949e-06,3.093432437199702e-06,3.0934452778423032e-06,3.0934581179709087e-06,3.0934709575814522e-06,3.093483796701138e-06,3.0934966353253973e-06,3.0935094734602045e-06,3.093522311112278e-06,3.0935351482820528e-06,3.0935479849828383e-06,3.0935608212297598e-06,3.0935736569929874e-06,3.093586492309353e-06,3.0935993271746037e-06,3.093612161594413e-06,3.093624995573437e-06,3.0936378291161784e-06,3.0936506622285e-06,3.093663494920201e-06,3.09367632718439e-06,3.093689159030655e-06,3.093701990465813e-06,3.0937148214936847e-06,3.093727652118327e-06,3.0937404823421753e-06,3.093753312170123e-06,3.09376614160624e-06,3.0937789706091464e-06,3.0937917992698146e-06,3.093804627559713e-06,3.093817455465497e-06,3.093830283006534e-06,3.093843110173158e-06,3.0938559369803263e-06,3.0938687634325166e-06,3.093881589522037e-06,3.0938944152327108e-06,3.0939072406186734e-06,3.093920065626548e-06,3.093932890321579e-06,3.0939457146754187e-06,3.0939585386975813e-06,3.093971362379916e-06,3.0939841857345695e-06,3.0939970087529633e-06,3.094009831430013e-06,3.0940226538042225e-06,3.094035475856843e-06,3.0940482975703536e-06,3.094061118990908e-06,3.094073940097138e-06,3.0940867608934076e-06,3.0940995813872946e-06,3.0941124015758627e-06,3.094125221481995e-06,3.0941380410940194e-06,3.0941508603849193e-06,3.0941636793795695e-06,3.094176498081147e-06,3.0941893165012463e-06,3.094202134629134e-06,3.094214952466654e-06,3.0942277699708092e-06,3.094240587243494e-06,3.0942534042337503e-06,3.0942662209499983e-06,3.094279037389705e-06,3.094291853557685e-06,3.0943046694524334e-06,3.094317485076251e-06,3.094330300427188e-06,3.094343115508529e-06,3.0943559303469358e-06,3.0943687449111627e-06,3.094381559209069e-06,3.0943943732525515e-06,3.0944071870390528e-06,3.0944200005661933e-06,3.094432813840578e-06,3.094445626859722e-06,3.0944584396539995e-06,3.094471252176027e-06,3.094484064449093e-06,3.0944968764528203e-06,3.094509688229713e-06,3.0945224997644965e-06,3.0945353110552973e-06,3.094548122106046e-06,3.094560932920484e-06,3.094573743495412e-06,3.094586553829706e-06,3.094599363928451e-06,3.0946121737862575e-06,3.0946249834161203e-06,3.0946377928153165e-06,3.094650601981004e-06,3.094663410916407e-06,3.094676219615234e-06,3.0946890280984466e-06,3.0947018363435478e-06,3.0947146443617927e-06,3.094727452162519e-06,3.0947402597363933e-06,3.0947530670913467e-06,3.094765874166689e-06,3.094778681076544e-06,3.0947914877518537e-06,3.094804294225416e-06,3.094817100473646e-06,3.0948299065030747e-06,3.0948427123170795e-06,3.0948555179182296e-06,3.0948683233073914e-06,3.0948811284813857e-06,3.0948939334457796e-06,3.094906738134929e-06,3.094919542667637e-06,3.094932346964125e-06,3.0949451510704738e-06,3.0949579549570762e-06,3.0949707586263923e-06,3.0949835621193833e-06,3.094996365406419e-06,3.095009168532575e-06,3.095021971404014e-06,3.0950347740707647e-06,3.0950475764825316e-06,3.0950603787390416e-06,3.0950731808002775e-06,3.0950859826562947e-06,3.095098784294797e-06,3.095111585754453e-06,3.0951243869846457e-06,3.0951371880675704e-06,3.095149988918109e-06,3.0951627895701985e-06,3.0951755900229468e-06,3.095188390340402e-06,3.095201190398632e-06,3.0952139902479276e-06,3.0952267899162903e-06,3.0952395894025456e-06,3.0952523886775445e-06,3.0952651877579732e-06,3.0952779866513592e-06,3.0952907853445533e-06,3.095303583841405e-06,3.0953163821427307e-06,3.095329180277698e-06,3.095341978199202e-06,3.095354775927603e-06,3.095367573448699e-06,3.095380370795281e-06,3.0953931679609126e-06,3.095405964916951e-06,3.095418761697031e-06,3.095431558288139e-06,3.0954443546796383e-06,3.0954571508893618e-06,3.0954699469058715e-06,3.0954827427565225e-06,3.095495538404658e-06,3.095508333861185e-06,3.0955211291396725e-06,3.0955339242289734e-06,3.0955467191355642e-06,3.095559513871471e-06,3.0955723083956728e-06,3.0955851027829494e-06,3.0955978969358796e-06,3.095610690914629e-06,3.0956234847040526e-06,3.095636278312249e-06,3.095649071722003e-06,3.0956618649526453e-06,3.0956746580129368e-06,3.095687450910902e-06,3.095700243682116e-06,3.0957130361967367e-06,3.095725828522103e-06,3.0957386206719273e-06,3.095751412631177e-06,3.0957642044425402e-06,3.095776996044853e-06,3.0957897874461784e-06,3.0958025786856786e-06,3.095815369741044e-06,3.095828160610481e-06,3.095840951317005e-06,3.0958537418421694e-06,3.095866532187826e-06,3.0958793223695495e-06,3.095892112356994e-06,3.0959049021623826e-06,3.0959176917685805e-06,3.095930481220164e-06,3.0959432704901914e-06,3.0959560595959534e-06,3.0959688485160427e-06,3.0959816372577605e-06,3.0959944258171904e-06,3.0960072141961913e-06,3.0960200024027633e-06,3.0960327904116455e-06,3.0960455782612724e-06,3.0960583659321635e-06,3.0960711534243726e-06,3.0960839407492736e-06,3.096096727895304e-06,3.096109514867924e-06,3.096122301648138e-06,3.0961350882588906e-06,3.096147874733802e-06,3.0961606609880755e-06,3.096173447078818e-06,3.0961862329893003e-06,3.0961990187780295e-06,3.0962118043393453e-06,3.096224589721564e-06,3.0962373749320098e-06,3.09625015998939e-06,3.096262944852503e-06,3.0962757295378518e-06,3.096288514058141e-06,3.0963012983970185e-06,3.096314082559479e-06,3.096326866543834e-06,3.09633965035923e-06,3.09635243399934e-06,3.096365217469391e-06,3.096378000764625e-06,3.0963907838849354e-06,3.0964035668339003e-06,3.0964163495907975e-06,3.0964291321912002e-06,3.096441914606249e-06,3.096454696863614e-06,3.096467478940928e-06,3.0964802608450906e-06,3.096493042580359e-06,3.0965058241752463e-06,3.0965186055689838e-06,3.096531386783404e-06,3.0965441678188125e-06,3.0965569486807077e-06,3.096569729376436e-06,3.096582509876376e-06,3.096595290229025e-06,3.0966080704118397e-06,3.096620850453923e-06,3.096633630292499e-06,3.0966464099603696e-06,3.0966591894441007e-06,3.096671968751113e-06,3.096684747899188e-06,3.0966975268804976e-06,3.096710305687118e-06,3.0967230843201037e-06,3.096735862786802e-06,3.096748641081479e-06,3.0967614192039004e-06,3.0967741971532037e-06,3.096786974927205e-06,3.0967997525334276e-06,3.0968125299690495e-06,3.0968253072338384e-06,3.096838084327222e-06,3.0968508612486777e-06,3.096863637997023e-06,3.0968764145886804e-06,3.09688919096904e-06,3.0969019672094564e-06,3.0969147432752126e-06,3.0969275191700016e-06,3.0969402948303483e-06,3.096953070381849e-06,3.096965845768451e-06,3.0969786210244865e-06,3.0969913960696137e-06,3.097004170939607e-06,3.097016945639258e-06,3.097029720224641e-06,3.097042494589157e-06,3.0970552687769883e-06,3.09706804281122e-06,3.0970808166641664e-06,3.097093590391725e-06,3.097106363904017e-06,3.0971191373227016e-06,3.09713191049304e-06,3.09714468349452e-06,3.097157456382507e-06,3.0971702290434097e-06,3.097183001548786e-06,3.0971957738545288e-06,3.0972085460452655e-06,3.097221318023733e-06,3.0972340898352584e-06,3.097246861476376e-06,3.097259632990641e-06,3.0972724042784378e-06,3.0972851754057327e-06,3.097297946368884e-06,3.0973107171513764e-06,3.0973234877741353e-06,3.09733625822825e-06,3.0973490285020046e-06,3.097361798613673e-06,3.097374568574602e-06,3.0973873383738357e-06,3.0974001079793122e-06,3.097412877416103e-06,3.097425646684495e-06,3.0974384157829476e-06,3.097451184695676e-06,3.097463953449511e-06,3.0974767220387217e-06,3.097489490456248e-06,3.097502258705407e-06,3.0975150267878902e-06,3.0975277947071927e-06,3.097540562444558e-06,3.097553330071213e-06,3.0975660974757203e-06,3.0975788647073777e-06,3.0975916317632483e-06,3.0976043986504403e-06,3.097617165360732e-06,3.097629931919771e-06,3.0976426982998436e-06,3.097655464520298e-06,3.0976682305696633e-06,3.097680996442368e-06,3.097693762156204e-06,3.0977065276996654e-06,3.0977192931006995e-06,3.0977320583076488e-06,3.0977448233403112e-06,3.0977575882548473e-06,3.097770352954057e-06,3.0977831174758774e-06,3.0977958818333174e-06,3.0978086460155444e-06,3.0978214100409195e-06,3.097834173894304e-06,3.097846937599323e-06,3.0978597011096216e-06,3.0978724644450846e-06,3.0978852276222235e-06,3.097897990625687e-06,3.097910753490533e-06,3.097923516179304e-06,3.097936278678213e-06,3.0979490410090822e-06,3.0979618031743434e-06,3.097974565167147e-06,3.0979873269915446e-06,3.0980000886490565e-06,3.0980128501259136e-06,3.098025611452661e-06,3.0980383725952216e-06,3.098051133575649e-06,3.0980638943877515e-06,3.0980766550427237e-06,3.098089415516698e-06,3.0981021758297187e-06,3.0981149359707723e-06,3.0981276959404084e-06,3.0981404557437914e-06,3.098153215439239e-06,3.0981659749058076e-06,3.098178734232471e-06,3.0981914933610616e-06,3.09820425232028e-06,3.0982170111110636e-06,3.098229769735939e-06,3.0982425281908966e-06,3.098255286476539e-06,3.0982680445932582e-06,3.098280802541598e-06,3.0982935603147706e-06,3.098306317928429e-06,3.098319075382764e-06,3.0983318326473457e-06,3.098344589750316e-06,3.0983573466839727e-06,3.0983701034448485e-06,3.098382860080862e-06,3.0983956165019852e-06,3.098408372763234e-06,3.0984211288376028e-06,3.0984338847640423e-06,3.0984466405730297e-06,3.0984593962184817e-06,3.0984721516334853e-06,3.0984849068854626e-06,3.098497661943278e-06,3.0985104168562916e-06,3.0985231715728064e-06,3.0985359261872868e-06,3.0985486806423056e-06,3.0985614348872614e-06,3.098574188961347e-06,3.098586942863713e-06,3.0985996966430704e-06,3.0986124502028956e-06,3.098625203575372e-06,3.0986379568038045e-06,3.098650709861572e-06,3.0986634627546355e-06,3.0986762154929464e-06,3.098688968047792e-06,3.0987017204390354e-06,3.098714472743625e-06,3.09872722477626e-06,3.098739976664014e-06,3.0987527283890494e-06,3.0987654799337845e-06,3.0987782313104064e-06,3.0987909825267973e-06,3.098803733613852e-06,3.098816484501935e-06,3.09882923520886e-06,3.0988419857589407e-06,3.098854736128025e-06,3.098867486331614e-06,3.098880236368162e-06,3.0988929862357257e-06,3.09890573593902e-06,3.098918485468808e-06,3.098931234838716e-06,3.0989439841100257e-06,3.0989567331320808e-06,3.0989694819952587e-06,3.0989822306714998e-06,3.0989949791364833e-06,3.099007727484779e-06,3.099020475670166e-06,3.0990332237358626e-06,3.0990459715580036e-06,3.099058719237905e-06,3.0990714667487565e-06,3.099084214081139e-06,3.0990969612436367e-06,3.099109708247286e-06,3.099122455084324e-06,3.0991352017562613e-06,3.0991479482557984e-06,3.0991606945905436e-06,3.099173440802683e-06,3.0991861868009556e-06,3.0991989326276856e-06,3.099211678285707e-06,3.099224423779167e-06,3.099237169144407e-06,3.0992499142510973e-06,3.099262659247893e-06,3.099275404069492e-06,3.0992881487204133e-06,3.0993008932065666e-06,3.0993136375168527e-06,3.0993263816632056e-06,3.0993391256543555e-06,3.0993518694735547e-06,3.0993646131158057e-06,3.099377356589062e-06,3.0993900998971473e-06,3.0994028430911646e-06,3.099415586105224e-06,3.099428328893394e-06,3.0994410715286836e-06,3.099453813999541e-06,3.0994665563370145e-06,3.0994792984740147e-06,3.0994920404187787e-06,3.0995047822123875e-06,3.0995175238193878e-06,3.099530265273491e-06,3.0995430065608723e-06,3.0995557476833307e-06,3.0995684886306376e-06,3.0995812294058397e-06,3.09959397001608e-06,3.099606710466239e-06,3.099619450749379e-06,3.0996321908649647e-06,3.099644930812104e-06,3.0996576706897213e-06,3.0996704102982807e-06,3.099683149734749e-06,3.099695889009759e-06,3.099708628116646e-06,3.099721367011651e-06,3.0997341057752114e-06,3.0997468443766512e-06,3.0997595828062484e-06,3.099772321077762e-06,3.0997850591659516e-06,3.099797797129022e-06,3.0998105348871546e-06,3.0998232724810174e-06,3.099836009905763e-06,3.0998487471569678e-06,3.099861484235734e-06,3.09987422115309e-06,3.0998869579125672e-06,3.099899694494253e-06,3.099912430912428e-06,3.099925167131011e-06,3.0999379032272675e-06,3.0999506391401e-06,3.099963374905557e-06,3.099976110486544e-06,3.099988845905286e-06,3.100001581145976e-06,3.1000143162187643e-06,3.100027051129484e-06,3.100039785876104e-06,3.100052520444151e-06,3.100065254841741e-06,3.1000779890727913e-06,3.100090723138442e-06,3.100103457029132e-06,3.1001161907541933e-06,3.1001289242869693e-06,3.10014165767723e-06,3.100154390902265e-06,3.1001671239576527e-06,3.1001798568456694e-06,3.100192589562958e-06,3.1002053221170638e-06,3.1002180544952572e-06,3.1002307867562565e-06,3.1002435188136222e-06,3.1002562506888175e-06,3.1002689823979413e-06,3.100281713943768e-06,3.1002944453225496e-06,3.1003071765289903e-06,3.100319907567044e-06,3.1003326384364683e-06,3.100345369110361e-06,3.1003580996529427e-06,3.1003708300233475e-06,3.100383560280515e-06,3.100396290312251e-06,3.10040902018246e-06,3.1004217498908737e-06,3.1004344793848264e-06,3.100447208795561e-06,3.1004599379837395e-06,3.100472666990887e-06,3.100485395806436e-06,3.1004981244966876e-06,3.100510853003458e-06,3.100523581355001e-06,3.100536309541734e-06,3.100549037557834e-06,3.100561765405974e-06,3.1005744931084995e-06,3.100587220624007e-06,3.1005999479008622e-06,3.1006126750778393e-06,3.100625402089011e-06,3.1006381289263714e-06,3.1006508556032627e-06,3.100663582155003e-06,3.1006763084844836e-06,3.1006890346536393e-06,3.1007017606600634e-06,3.100714486496647e-06,3.100727212163485e-06,3.10073993766199e-06,3.1007526629950067e-06,3.1007653881560563e-06,3.100778113153068e-06,3.100790837978833e-06,3.100803562632791e-06,3.1008162871652815e-06,3.100829011486603e-06,3.100841735643962e-06,3.100854459595603e-06,3.1008671834158312e-06,3.1008799070675008e-06,3.100892630555471e-06,3.1009053538755065e-06,3.100918077004972e-06,3.100930800003068e-06,3.10094352278628e-06,3.1009562454334327e-06,3.100968967970701e-06,3.100981690323741e-06,3.100994412485349e-06,3.1010071344566027e-06,3.1010198562633583e-06,3.101032577952366e-06,3.101045299426216e-06,3.1010580207314757e-06,3.1010707418731884e-06,3.101083462841966e-06,3.1010961836399542e-06,3.1011089042757104e-06,3.101121624751518e-06,3.1011343450481884e-06,3.1011470651787043e-06,3.1011597851405488e-06,3.1011725049339536e-06,3.101185224560513e-06,3.1011979439993417e-06,3.1012106632837144e-06,3.101223382474573e-06,3.1012361014298803e-06,3.101248820215868e-06,3.1012615388225388e-06,3.1012742572727014e-06,3.101286975556394e-06,3.1012996936722146e-06,3.1013124116407005e-06,3.101325129421592e-06,3.101337847021773e-06,3.1013505644935605e-06,3.1013632817716446e-06,3.1013759988807347e-06,3.1013887158212784e-06,3.101401432594232e-06,3.101414149195588e-06,3.1014268656344815e-06,3.1014395818949318e-06,3.1014522979962064e-06,3.1014650139292476e-06,3.10147772967464e-06,3.1014904452940588e-06,3.1015031607250114e-06,3.101515875934395e-06,3.1015285910052867e-06,3.101541305929539e-06,3.101554020690269e-06,3.1015667352832696e-06,3.101579449703961e-06,3.101592163949424e-06,3.1016048780386406e-06,3.1016175919589616e-06,3.1016303056909106e-06,3.1016430192753085e-06,3.1016557326902283e-06,3.1016684459425407e-06,3.101681159024884e-06,3.1016938719425395e-06,3.101706584689176e-06,3.10171929726764e-06,3.1017320096770087e-06,3.1017447219135587e-06,3.1017574339865776e-06,3.101770145893861e-06,3.101782857603305e-06,3.101795569175513e-06,3.101808280569521e-06,3.1018209917881105e-06,3.101833702866937e-06,3.101846413769086e-06,3.1018591245035012e-06,3.10187183506797e-06,3.1018845454663468e-06,3.1018972556981942e-06,3.1019099657637983e-06,3.101922675656708e-06,3.1019353854243976e-06,3.1019480949700074e-06,3.101960804437798e-06,3.1019735136611868e-06,3.1019862228093276e-06,3.1019989316942716e-06,3.1020116404143465e-06,3.1020243489736287e-06,3.102037057355883e-06,3.102049765572777e-06,3.1020624736272034e-06,3.1020751815129475e-06,3.1020878892295895e-06,3.102100596827131e-06,3.1021133042815274e-06,3.1021260114566362e-06,3.1021387185006286e-06,3.102151425384321e-06,3.102164132093946e-06,3.102176838639506e-06,3.102189544996787e-06,3.1022022512023506e-06,3.102214957300466e-06,3.1022276631689384e-06,3.102240368871104e-06,3.102253074413947e-06,3.102265779829008e-06,3.1022784849951284e-06,3.1022911900386047e-06,3.1023038949141276e-06,3.102316599603979e-06,3.1023293041173004e-06,3.1023420084756664e-06,3.1023547126710684e-06,3.1023674166982187e-06,3.102380120556587e-06,3.1023928242481577e-06,3.102405527776833e-06,3.1024182311323014e-06,3.1024309343173823e-06,3.1024436373395018e-06,3.102456340188395e-06,3.1024690428725533e-06,3.102481745390184e-06,3.102494447738822e-06,3.1025071499229406e-06,3.1025198519339212e-06,3.102532553782597e-06,3.1025452554634294e-06,3.1025579570218446e-06,3.102570658366963e-06,3.1025833595551467e-06,3.1025960605637066e-06,3.102608761395371e-06,3.1026214620662383e-06,3.1026341625726394e-06,3.1026468629118523e-06,3.1026595630825687e-06,3.102672263087738e-06,3.1026849629231497e-06,3.1026976625908306e-06,3.1027103620910514e-06,3.1027230614349816e-06,3.102735760640499e-06,3.1027484596384177e-06,3.102761158463738e-06,3.102773857131398e-06,3.1027865556221434e-06,3.1027992539498944e-06,3.1028119521533052e-06,3.1028246501479233e-06,3.1028373479775758e-06,3.1028500456394022e-06,3.102862743128581e-06,3.102875440448455e-06,3.1028881376417846e-06,3.1029008346241797e-06,3.1029135314381435e-06,3.1029262280885935e-06,3.1029389245770418e-06,3.102951620920201e-06,3.1029643170688018e-06,3.1029770130463777e-06,3.1029897088516706e-06,3.1030024045024193e-06,3.1030150999517965e-06,3.103027795259585e-06,3.1030404904023202e-06,3.103053185377039e-06,3.1030658801847268e-06,3.103078574824187e-06,3.1030912693072154e-06,3.103103963670586e-06,3.1031166578083745e-06,3.1031293517572325e-06,3.103142045556939e-06,3.103154739197044e-06,3.1031674326435814e-06,3.1031801259398055e-06,3.103192819059394e-06,3.1032055120229113e-06,3.1032182048210673e-06,3.103230897450466e-06,3.1032435899122696e-06,3.1032562822058523e-06,3.10326897429696e-06,3.103281666255981e-06,3.103294358045477e-06,3.103307049619886e-06,3.1033197410495835e-06,3.103332432335848e-06,3.103345123457052e-06,3.1033578144106e-06,3.1033705051984516e-06,3.1033831958674743e-06,3.103395886319204e-06,3.1034085766017817e-06,3.103421266718427e-06,3.10343395666673e-06,3.1034466464242977e-06,3.1034593360280066e-06,3.1034720254743677e-06,3.10348471474877e-06,3.1034974038654356e-06,3.103510092809178e-06,3.1035227815893193e-06,3.1035354701846288e-06,3.103548158625563e-06,3.103560846888335e-06,3.1035735349966915e-06,3.103586222933993e-06,3.1035989107062047e-06,3.1036115983095767e-06,3.103624285744509e-06,3.103636973081356e-06,3.1036496601792347e-06,3.103662347109545e-06,3.1036750338744633e-06,3.1036877204687814e-06,3.103700406908409e-06,3.103713093171151e-06,3.1037257792869926e-06,3.103738465200959e-06,3.10375115097873e-06,3.1037638365690362e-06,3.1037765219961015e-06,3.1037892072552235e-06,3.1038018923395814e-06,3.103814577263294e-06,3.1038272620819393e-06,3.1038399466710776e-06,3.1038526310927254e-06,3.103865315352193e-06,3.103877999440413e-06,3.103890683359164e-06,3.1039033670975245e-06,3.1039160506803534e-06,3.1039287340903444e-06,3.1039414173418026e-06,3.1039541004197618e-06,3.103966783334123e-06,3.1039794660894074e-06,3.1039921487128356e-06,3.1040048311256816e-06,3.1040175133733376e-06,3.1040301954502736e-06,3.104042877407149e-06,3.104055559149457e-06,3.104068240710623e-06,3.104080922114424e-06,3.1040936033593925e-06,3.1041062844318652e-06,3.1041189653421138e-06,3.104131646073841e-06,3.1041443266449594e-06,3.1041570070532333e-06,3.1041696872876872e-06,3.1041823673533884e-06,3.104195047244689e-06,3.1042077269744565e-06,3.104220406538872e-06,3.1042330859458723e-06,3.1042457651858337e-06,3.1042584442912193e-06,3.1042711231777054e-06,3.1042838019011034e-06,3.1042964804645302e-06,3.104309158856649e-06,3.104321837066458e-06,3.10433451512323e-06,3.1043471930613625e-06,3.1043598707913323e-06,3.104372548346035e-06,3.1043852257341543e-06,3.104397902952548e-06,3.1044105800018086e-06,3.104423256933359e-06,3.104435933623849e-06,3.104448610178187e-06,3.1044612865398095e-06,3.1044739627626e-06,3.104486638812985e-06,3.1044993146954407e-06,3.1045119904110013e-06,3.1045246659528067e-06,3.104537341335178e-06,3.1045500165984544e-06,3.1045626916349695e-06,3.1045753665136278e-06,3.1045880412278015e-06,3.1046007157699407e-06,3.104613390146697e-06,3.104626064391841e-06,3.104638738429562e-06,3.104651412298781e-06,3.104664086007175e-06,3.104676759546521e-06,3.104689432916743e-06,3.1047021061208364e-06,3.10471477915738e-06,3.1047274520292584e-06,3.104740124703572e-06,3.1047527972388087e-06,3.1047654696216086e-06,3.104778141821581e-06,3.1047908138550217e-06,3.1048034857340804e-06,3.104816157443396e-06,3.1048288290216893e-06,3.1048415003855487e-06,3.1048541715817515e-06,3.1048668426102994e-06,3.1048795134689414e-06,3.104892184164417e-06,3.1049048546891745e-06,3.1049175250358664e-06,3.104930195227459e-06,3.104942865252969e-06,3.1049555351108754e-06,3.1049682048000647e-06,3.1049808743201016e-06,3.104993543676414e-06,3.105006212911108e-06,3.1050188819286523e-06,3.105031550780578e-06,3.10504421941477e-06,3.105056887933079e-06,3.1050695562844513e-06,3.105082224452404e-06,3.105094892469174e-06,3.105107560328494e-06,3.105120228011869e-06,3.105132895523552e-06,3.1051455628706106e-06,3.105158230047903e-06,3.1051708970608874e-06,3.105183563907418e-06,3.1051962305515324e-06,3.105208897058824e-06,3.1052215634128908e-06,3.105234229598901e-06,3.1052468956490965e-06,3.10525956152442e-06,3.1052722272013134e-06,3.1052848927174818e-06,3.105297558054171e-06,3.105310223239565e-06,3.105322888270134e-06,3.1053355531232787e-06,3.105348217776589e-06,3.1053608823122063e-06,3.1053735466640653e-06,3.1053862108558524e-06,3.105398874864262e-06,3.1054115386962667e-06,3.1054242023602845e-06,3.105436865856684e-06,3.1054495291899738e-06,3.1054621923577658e-06,3.105474855396694e-06,3.105487518228514e-06,3.1055001808928837e-06,3.1055128433864828e-06,3.105525505752355e-06,3.1055381679133173e-06,3.105550829908447e-06,3.10556349174823e-06,3.1055761533962443e-06,3.105588814891884e-06,3.1056014762182353e-06,3.1056141373794203e-06,3.1056267983718047e-06,3.105639459194184e-06,3.1056521198535062e-06,3.1056647803404623e-06,3.105677440662558e-06,3.105690100818503e-06,3.1057027608059913e-06,3.1057154206264014e-06,3.105728080280837e-06,3.105740739769003e-06,3.1057533990891265e-06,3.105766058240607e-06,3.105778717236335e-06,3.1057913760562913e-06,3.105804034717404e-06,3.1058166931895197e-06,3.105829351506987e-06,3.1058420096646577e-06,3.1058546676472214e-06,3.105867325471925e-06,3.1058799831143144e-06,3.1058926405964346e-06,3.1059052979084787e-06,3.105917955030422e-06,3.1059306120033973e-06,3.10594326878328e-06,3.105955925444934e-06,3.1059685819180434e-06,3.105981238249671e-06,3.1059938943920755e-06,3.1060065503663395e-06,3.1060192061735825e-06,3.106031861819999e-06,3.1060445172937985e-06,3.1060571725990004e-06,3.1060698277375392e-06,3.106082482708126e-06,3.106095137513926e-06,3.1061077921524156e-06,3.106120446621905e-06,3.1061331009257397e-06,3.106145755067303e-06,3.106158409036429e-06,3.1061710628236466e-06,3.1061837164458034e-06,3.1061963699130705e-06,3.1062090232137545e-06,3.106221676347322e-06,3.1062343293130256e-06,3.1062469821025973e-06,3.106259634736342e-06,3.10627228718482e-06,3.1062849394743235e-06,3.1062975916009204e-06,3.1063102435642046e-06,3.106322895364799e-06,3.106335546994368e-06,3.1063481984565427e-06,3.1063608497514027e-06,3.1063735008768375e-06,3.106386151837847e-06,3.106398802632318e-06,3.106411453269515e-06,3.10642410373398e-06,3.106436754024502e-06,3.106449404149356e-06,3.106462054103918e-06,3.1064747038934157e-06,3.1064873535163195e-06,3.106500002981871e-06,3.1065126522798283e-06,3.10652530141655e-06,3.106537950371811e-06,3.106550599157087e-06,3.10656324778182e-06,3.106575896222211e-06,3.1065885444959488e-06,3.106601192616124e-06,3.1066138405471535e-06,3.1066264883337564e-06,3.1066391359494594e-06,3.106651783398528e-06,3.1066644306823407e-06,3.1066770777855485e-06,3.1066897247339018e-06,3.106702371515993e-06,3.1067150181185388e-06,3.10672766456442e-06,3.106740310846332e-06,3.106752956960177e-06,3.1067656029083276e-06,3.1067782486940308e-06,3.1067908943059265e-06,3.1068035397623486e-06,3.1068161850411813e-06,3.106828830152693e-06,3.1068414750923717e-06,3.106854119918727e-06,3.106866764528501e-06,3.1068794089322696e-06,3.1068920531963115e-06,3.106904697273217e-06,3.1069173412208566e-06,3.1069299849945583e-06,3.106942628603068e-06,3.1069552720440923e-06,3.106967915260351e-06,3.1069805583668665e-06,3.1069932013359933e-06,3.107005844108083e-06,3.1070184867123107e-06,3.107031129150916e-06,3.1070437714245208e-06,3.107056413528831e-06,3.1070690554642807e-06,3.1070816972188202e-06,3.1070943388215486e-06,3.1071069802438233e-06,3.1071196215119965e-06,3.1071322626112565e-06,3.107144903542589e-06,3.1071575443098826e-06,3.107170184912626e-06,3.10718282535335e-06,3.107195465613602e-06,3.1072081057155422e-06,3.1072207456486767e-06,3.1072333854150457e-06,3.107246025014071e-06,3.1072586644855844e-06,3.1072713037493015e-06,3.1072839428481547e-06,3.107296581778946e-06,3.107309220544376e-06,3.1073218591418463e-06,3.1073344975690896e-06,3.1073471358313115e-06,3.1073597739274733e-06,3.107372411851263e-06,3.1073850496681086e-06,3.10739768725866e-06,3.1074103246748285e-06,3.1074229619349218e-06,3.107435599029241e-06,3.1074482359562335e-06,3.1074608727122804e-06,3.1074735093507646e-06,3.107486145774991e-06,3.1074987820350387e-06,3.1075114181276026e-06,3.107524054051118e-06,3.107536689810397e-06,3.107549325401236e-06,3.107561960873668e-06,3.1075745961401673e-06,3.107587231216976e-06,3.1075998660949154e-06,3.1076125008501997e-06,3.107625135407141e-06,3.1076377698282447e-06,3.1076504040822037e-06,3.1076630381778476e-06,3.107675672094655e-06,3.107688305848893e-06,3.107700939434991e-06,3.1077135728494788e-06,3.1077262061001408e-06,3.1077388391853756e-06,3.107751472103327e-06,3.1077641048470824e-06,3.10777673742921e-06,3.1077893698495067e-06,3.1078020021058253e-06,3.107814634186991e-06,3.1078272660999322e-06,3.1078398978614676e-06,3.107852529444922e-06,3.1078651608591046e-06,3.1078777920926546e-06,3.1078904231750017e-06,3.10790305408601e-06,3.1079156848333373e-06,3.1079283154169094e-06,3.107940945832562e-06,3.1079535760809356e-06,3.1079662061691404e-06,3.1079788360830457e-06,3.107991465814772e-06,3.1080040953424608e-06,3.10801672475588e-06,3.1080293540013033e-06,3.1080419830788855e-06,3.108054611988772e-06,3.1080672407388746e-06,3.1080798693542187e-06,3.1080924977768848e-06,3.108105126021763e-06,3.108117754097987e-06,3.108130382006469e-06,3.1081430097503585e-06,3.1081556373387412e-06,3.1081682647488777e-06,3.1081808919902446e-06,3.108193519055592e-06,3.108206145963835e-06,3.108218772707244e-06,3.10823139927919e-06,3.1082440256838047e-06,3.1082566519328763e-06,3.108269278009831e-06,3.1082819038856386e-06,3.108294529627566e-06,3.1083071552020616e-06,3.1083197806088915e-06,3.1083324058472948e-06,3.108345030921297e-06,3.1083576558173643e-06,3.1083702805638973e-06,3.1083829051377346e-06,3.108395529502506e-06,3.108408153737905e-06,3.1084207778092117e-06,3.1084334017205795e-06,3.1084460254612308e-06,3.108458649027287e-06,3.108471272432234e-06,3.1084838956700883e-06,3.108496518724737e-06,3.1085091416283506e-06,3.108521764375654e-06,3.1085343869518787e-06,3.1085470093607925e-06,3.108559631598267e-06,3.108572253667631e-06,3.108584875572635e-06,3.108597497253492e-06,3.1086101188294967e-06,3.108622740229749e-06,3.108635361473379e-06,3.1086479825408627e-06,3.10866060344397e-06,3.108673224151086e-06,3.1086858447329794e-06,3.1086984651343147e-06,3.108711085372895e-06,3.108723705440765e-06,3.1087363253482258e-06,3.108748945081005e-06,3.108761564648462e-06,3.108774184048823e-06,3.1087868032827657e-06,3.1087994223165942e-06,3.108812041164446e-06,3.1088246598880204e-06,3.1088372784530518e-06,3.1088498968527423e-06,3.1088625150951795e-06,3.1088751332315016e-06,3.108887751127507e-06,3.10890036884762e-06,3.108912986392093e-06,3.1089256037871823e-06,3.10893822101801e-06,3.108950838083553e-06,3.108963454978142e-06,3.1089760717089216e-06,3.1089886883229024e-06,3.1090013047212815e-06,3.1090139209575025e-06,3.109026537020789e-06,3.109039152918279e-06,3.109051768655501e-06,3.1090643842169294e-06,3.109076999612323e-06,3.109089614817181e-06,3.1091022298642395e-06,3.1091148447387725e-06,3.1091274594568216e-06,3.10914007401914e-06,3.1091526884153576e-06,3.1091653026374642e-06,3.109177916744906e-06,3.109190530641705e-06,3.109203144369002e-06,3.1092157579298394e-06,3.1092283713262503e-06,3.109240984560058e-06,3.1092535976218587e-06,3.1092662105175897e-06,3.109278823306332e-06,3.1092914358614024e-06,3.109304048256375e-06,3.10931666049536e-06,3.109329272556135e-06,3.1093418844511775e-06,3.109354496178497e-06,3.1093671077503154e-06,3.1093797191039712e-06,3.1093923303200503e-06,3.1094049413911914e-06,3.1094175522820132e-06,3.109430163008766e-06,3.109442773583505e-06,3.1094553840201517e-06,3.1094679942914973e-06,3.10948060436273e-06,3.1094932142569163e-06,3.1095058239822686e-06,3.1095184335401744e-06,3.109531042948734e-06,3.109543652175872e-06,3.1095562612362048e-06,3.1095688701295967e-06,3.109581478870603e-06,3.1095940874309882e-06,3.109606695830696e-06,3.1096193040683623e-06,3.109631912125987e-06,3.109644520018229e-06,3.1096571277433765e-06,3.1096697353086957e-06,3.1096823427009996e-06,3.1096949499333984e-06,3.109707556955148e-06,3.109720163850414e-06,3.109732770559434e-06,3.109745377107342e-06,3.109757983501341e-06,3.109770589727826e-06,3.109783195788246e-06,3.109795801682834e-06,3.109808407414622e-06,3.1098210130478164e-06,3.1098336184410416e-06,3.1098462236661867e-06,3.1098588287303044e-06,3.1098714336191642e-06,3.1098840383424952e-06,3.109896642961577e-06,3.1099092473599253e-06,3.109921851596406e-06,3.1099344556601807e-06,3.10994705955244e-06,3.109959663278097e-06,3.1099722668370056e-06,3.109984870229534e-06,3.109997473455301e-06,3.1100100765059713e-06,3.110022679381452e-06,3.1100352820652844e-06,3.1100478846262732e-06,3.1100604870176145e-06,3.110073089243332e-06,3.110085691304122e-06,3.110098293197173e-06,3.110110894922909e-06,3.110123496491271e-06,3.110136097883044e-06,3.1101486990915315e-06,3.1101613001505e-06,3.1101739010423567e-06,3.1101865017787413e-06,3.1101991023110375e-06,3.1102117026857026e-06,3.1102243029105314e-06,3.110236902968362e-06,3.110249502858923e-06,3.1102621025413176e-06,3.110274702100796e-06,3.1102873014977217e-06,3.110299900731879e-06,3.110312499791219e-06,3.1103250986841518e-06,3.1103376974077265e-06,3.1103502959851613e-06,3.1103628943774114e-06,3.1103754926588484e-06,3.110388090691637e-06,3.1104006885849413e-06,3.110413286309696e-06,3.1104258838542423e-06,3.110438481247379e-06,3.1104510784610937e-06,3.110463675507445e-06,3.110476272406272e-06,3.1104888691391437e-06,3.110501465697599e-06,3.1105140620919176e-06,3.11052665831893e-06,3.110539254378915e-06,3.110551850283403e-06,3.1105644460098932e-06,3.110577041571914e-06,3.110589636972044e-06,3.1106022322202175e-06,3.110614827282461e-06,3.110627422163725e-06,3.1106400168915405e-06,3.1106526114515743e-06,3.1106652058466e-06,3.1106778000750917e-06,3.1106903941362616e-06,3.110702988089898e-06,3.1107155817860125e-06,3.1107281753456034e-06,3.1107407686896684e-06,3.1107533618995054e-06,3.110765954961811e-06,3.11077854786239e-06,3.1107911406011765e-06,3.11080373316452e-06,3.1108163255651533e-06,3.1108289177962916e-06,3.1108415098577734e-06,3.110854101751564e-06,3.1108666934847836e-06,3.1108792850459993e-06,3.1108918764418216e-06,3.1109044676675966e-06,3.1109170587427157e-06,3.1109296496064028e-06,3.1109422403166316e-06,3.110954830881661e-06,3.11096742132785e-06,3.1109800115584564e-06,3.1109926016084946e-06,3.111005191504549e-06,3.1110177812495503e-06,3.1110303708147332e-06,3.111042960190884e-06,3.1110555494103936e-06,3.111068138486161e-06,3.11108072738507e-06,3.1110933161052308e-06,3.1111059046777767e-06,3.1111184930471613e-06,3.111131081276486e-06,3.111143669344465e-06,3.11115625724136e-06,3.111168844974311e-06,3.111181432536535e-06,3.1111940199417198e-06,3.111206607172483e-06,3.111219194255748e-06,3.1112317811560624e-06,3.111244367896239e-06,3.111256954463461e-06,3.111269540862555e-06,3.111282127088599e-06,3.1112947131668002e-06,3.1113072990868743e-06,3.111319884824081e-06,3.1113324703920835e-06,3.1113450557733604e-06,3.11135764100771e-06,3.111370226076976e-06,3.111382810946516e-06,3.1113953956818424e-06,3.1114079802801482e-06,3.1114205646972437e-06,3.1114331489336234e-06,3.1114457330045322e-06,3.111458316905712e-06,3.1114709006081664e-06,3.1114834841840992e-06,3.1114960675886557e-06,3.111508650829367e-06,3.1115212338999992e-06,3.111533816805236e-06,3.1115463995579733e-06,3.1115589821276975e-06,3.1115715645331536e-06,3.111584146772941e-06,3.1115967288524218e-06,3.1116093107557792e-06,3.1116218925102486e-06,3.1116344740817187e-06,3.1116470554861246e-06,3.1116596367259334e-06,3.1116722178079586e-06,3.111684798713938e-06,3.1116973795212375e-06,3.1117099600370614e-06,3.1117225404448806e-06,3.111735120686575e-06,3.1117477007629823e-06,3.1117602806695134e-06,3.1117728604222576e-06,3.1117854399959585e-06,3.1117980194168975e-06,3.111810598657626e-06,3.111823177740786e-06,3.111835756661561e-06,3.1118483354009216e-06,3.1118609139820887e-06,3.111873492388763e-06,3.111886070632608e-06,3.111898648710283e-06,3.1119112266227205e-06,3.111923804351107e-06,3.1119363819302945e-06,3.1119489593525458e-06,3.1119615365982478e-06,3.1119741136687465e-06,3.111986690581017e-06,3.1119992673327057e-06,3.112011843911681e-06,3.112024420304205e-06,3.1120369965961227e-06,3.1120495726756823e-06,3.112062148537668e-06,3.1120747242862463e-06,3.112087299867532e-06,3.1120998752819352e-06,3.11211245060738e-06,3.112125025688857e-06,3.1121376006052684e-06,3.112150175354678e-06,3.1121627499950303e-06,3.1121753244097487e-06,3.1121878986607996e-06,3.112200472746052e-06,3.112213046669051e-06,3.112225620393311e-06,3.11223819398975e-06,3.112250767456155e-06,3.112263340696474e-06,3.112275913774183e-06,3.112288486698923e-06,3.112301059458495e-06,3.112313632033977e-06,3.1123262044528014e-06,3.1123387767074172e-06,3.1123513487975393e-06,3.1123639207133496e-06,3.1123764924800567e-06,3.1123890640642053e-06,3.1124016354839833e-06,3.1124142067393722e-06,3.112426777829157e-06,3.1124393487482186e-06,3.112451919503716e-06,3.1124644901324683e-06,3.11247706054015e-06,3.112489630795634e-06,3.112502200892014e-06,3.112514770776887e-06,3.112527340535054e-06,3.1125399101103925e-06,3.1125524795415032e-06,3.112565048799746e-06,3.1125776178812845e-06,3.1125901868079507e-06,3.112602755555618e-06,3.1126153241501156e-06,3.1126278925685654e-06,3.1126404608275142e-06,3.112653028919395e-06,3.112665596848164e-06,3.1126781645976176e-06,3.112690732191319e-06,3.1127032996209743e-06,3.1127158668829014e-06,3.1127284339835374e-06,3.1127410009158463e-06,3.1127535676744986e-06,3.112766134267944e-06,3.1127787006890582e-06,3.112791266953438e-06,3.112803833053283e-06,3.1128163989861052e-06,3.1128289647634826e-06,3.1128415303409754e-06,3.1128540957823365e-06,3.112866661072368e-06,3.112879226184644e-06,3.112891791090667e-06,3.11290435586236e-06,3.112916920461385e-06,3.112929484897104e-06,3.1129420491857398e-06,3.1129546132845998e-06,3.112967177228209e-06,3.1129797410045644e-06,3.112992304591164e-06,3.11300486813477e-06,3.113017431407479e-06,3.1130299945126034e-06,3.113042557450994e-06,3.113055120226021e-06,3.113067682832486e-06,3.1130802453002843e-06,3.113092807585798e-06,3.1131053696712e-06,3.1131179316123093e-06,3.11313049338856e-06,3.113143055012202e-06,3.11315561646159e-06,3.113168177738491e-06,3.1131807388468457e-06,3.113193299794446e-06,3.1132058605708373e-06,3.1132184211821925e-06,3.113230981628096e-06,3.1132435419125823e-06,3.1132561020021287e-06,3.113268661949078e-06,3.113281221730266e-06,3.1132937813461643e-06,3.1133063407904787e-06,3.1133189000720582e-06,3.113331459187322e-06,3.1133440181424444e-06,3.1133565769306433e-06,3.113369135589025e-06,3.1133816940391312e-06,3.113394252329343e-06,3.1134068104259268e-06,3.1134193684361712e-06,3.113431926218965e-06,3.113444483834133e-06,3.1134570412952353e-06,3.1134695985846937e-06,3.113482155740012e-06,3.113494712696592e-06,3.113507269490271e-06,3.1135198261115268e-06,3.1135323825745694e-06,3.1135449388608308e-06,3.1135574949847926e-06,3.113570050937745e-06,3.1135826067283238e-06,3.1135951623558163e-06,3.1136077178260867e-06,3.113620273118341e-06,3.1136328282451358e-06,3.113645383206685e-06,3.1136579379995985e-06,3.1136704926152365e-06,3.113683047040891e-06,3.1136956013364457e-06,3.113708155458703e-06,3.1137207094262223e-06,3.1137332632184464e-06,3.1137458168130687e-06,3.1137583702757157e-06,3.1137709235742352e-06,3.1137834767078035e-06,3.1137960296719487e-06,3.1138085824295094e-06,3.1138211350635587e-06,3.1138336875315183e-06,3.113846239820682e-06,3.113858791955919e-06,3.1138713439690233e-06,3.1138838957737583e-06,3.1138964474082596e-06,3.113908998873324e-06,3.113921550183137e-06,3.1139341013222968e-06,3.113946652293511e-06,3.113959203127205e-06,3.1139717537641593e-06,3.1139843042697486e-06,3.1139968545775528e-06,3.1140094047190094e-06,3.1140219547081182e-06,3.1140345044749784e-06,3.1140470541164234e-06,3.1140596035933394e-06,3.1140721529234914e-06,3.1140847020689694e-06,3.114097251045296e-06,3.114109799863122e-06,3.11412234850841e-06,3.114134896982836e-06,3.1141474453151962e-06,3.1141599934989886e-06,3.114172541480645e-06,3.1141850892962762e-06,3.1141976370032314e-06,3.1142101844869612e-06,3.1142227318036722e-06,3.1142352789261014e-06,3.1142478259116043e-06,3.1142603727318566e-06,3.114272919380314e-06,3.114285465866742e-06,3.114298012188536e-06,3.1143105583504196e-06,3.114323104347885e-06,3.114335650169695e-06,3.1143481957643295e-06,3.114360741254582e-06,3.114373286581269e-06,3.114385831778969e-06,3.1143983767700946e-06,3.114410921582872e-06,3.1144234661936686e-06,3.1144360106764076e-06,3.114448555006336e-06,3.114461099182266e-06,3.1144736431879886e-06,3.114486187014807e-06,3.1144987306773467e-06,3.114511274175016e-06,3.114523817506333e-06,3.1145363606714788e-06,3.114548903675855e-06,3.1145614465088e-06,3.1145739891736377e-06,3.114586531673673e-06,3.1145990740056315e-06,3.114611616175176e-06,3.1146241582031142e-06,3.114636700039994e-06,3.114649241711658e-06,3.114661783202171e-06,3.11467432454803e-06,3.1146868657175048e-06,3.1146994067102903e-06,3.114711947550052e-06,3.114724488221984e-06,3.1147370287406012e-06,3.114749569054397e-06,3.1147621092526194e-06,3.1147746492616443e-06,3.11478718910568e-06,3.114799728815712e-06,3.114812268326189e-06,3.1148248076448234e-06,3.1148373468240224e-06,3.114849885836822e-06,3.114862424684219e-06,3.1148749633668165e-06,3.1148875018884447e-06,3.1149000402376103e-06,3.1149125784318434e-06,3.114925116448329e-06,3.1149376542995507e-06,3.114950191984421e-06,3.1149627295012432e-06,3.114975266854032e-06,3.1149878040464365e-06,3.115000341083379e-06,3.115012877938305e-06,3.1150254146265146e-06,3.1150379511527268e-06,3.1150504874608877e-06,3.115063023652042e-06,3.1150755596765714e-06,3.1150880955289117e-06,3.115100631222661e-06,3.115113166746621e-06,3.115125702108742e-06,3.1151382373032443e-06,3.1151507723321174e-06,3.1151633072022675e-06,3.1151758418986636e-06,3.1151883764339545e-06,3.1152009107989426e-06,3.115213444997454e-06,3.1152259790313844e-06,3.1152385128817196e-06,3.115251046575435e-06,3.115263580107905e-06,3.115276113473113e-06,3.1152886466779056e-06,3.1153011797157735e-06,3.1153137126426327e-06,3.1153262453502844e-06,3.1153387778868846e-06,3.1153513102637818e-06,3.1153638424712504e-06,3.1153763745120216e-06,3.1153889063881813e-06,3.1154014380922014e-06,3.115413969635674e-06,3.115426501026637e-06,3.1154390322410135e-06,3.1154515632868907e-06,3.1154640941764493e-06,3.115476624889958e-06,3.1154891554360807e-06,3.1155016858165242e-06,3.1155142160313122e-06,3.1155267460891154e-06,3.115539275978764e-06,3.115551805709391e-06,3.1155643352630823e-06,3.115576864681176e-06,3.1155893939012475e-06,3.115601922950652e-06,3.115614451837572e-06,3.115626980560741e-06,3.115639509115387e-06,3.1156520374942764e-06,3.1156645657191676e-06,3.115677093777808e-06,3.115689621669429e-06,3.1157021493960948e-06,3.115714676956988e-06,3.1157272043625814e-06,3.1157397315937293e-06,3.115752258639367e-06,3.1157647855387853e-06,3.115777312268985e-06,3.1157898388334885e-06,3.1158023652334858e-06,3.115814891466391e-06,3.115827417540059e-06,3.1158399434188824e-06,3.1158524691556287e-06,3.115864994693153e-06,3.1158775200983743e-06,3.115890045335913e-06,3.115902570402342e-06,3.115915095319291e-06,3.1159276200644142e-06,3.115940144609297e-06,3.1159526690555836e-06,3.1159651932940887e-06,3.1159777173699656e-06,3.1159902413286335e-06,3.116002765076624e-06,3.1160152886494844e-06,3.116027812108119e-06,3.116040335356053e-06,3.116052858434766e-06,3.1160653813559196e-06,3.1160779041057076e-06,3.116090426684493e-06,3.1161029491023196e-06,3.1161154713509474e-06,3.1161279934373e-06,3.1161405153580563e-06,3.1161530370911646e-06,3.116165558676299e-06,3.116178080104052e-06,3.11619060136324e-06,3.1162031224547974e-06,3.1162156433767645e-06,3.1162281641915053e-06,3.1162406847738896e-06,3.11625320520261e-06,3.116265725469301e-06,3.1162782455573603e-06,3.1162907654867835e-06,3.1163032852586352e-06,3.116315804874054e-06,3.116328324413993e-06,3.1163408436918745e-06,3.1163533627928046e-06,3.1163658817277463e-06,3.1163784004922125e-06,3.1163909190906343e-06,3.1164034375290017e-06,3.116415955802611e-06,3.11642847390872e-06,3.116440991848916e-06,3.1164535096225925e-06,3.116466027232784e-06,3.1164785446755387e-06,3.116491061963664e-06,3.116503579082006e-06,3.1165160960317486e-06,3.116528612806837e-06,3.1165411294299155e-06,3.1165536458777373e-06,3.116566162158548e-06,3.1165786782755016e-06,3.116591194225748e-06,3.1166037100091163e-06,3.1166162256274564e-06,3.1166287410861804e-06,3.116641256382102e-06,3.116653771503199e-06,3.116666286467101e-06,3.1166788012567063e-06,3.116691315888361e-06,3.116703830309009e-06,3.1167163445613048e-06,3.1167288586893726e-06,3.1167413726320025e-06,3.116753886441698e-06,3.1167664000721368e-06,3.1167789135353032e-06,3.116791426841077e-06,3.116803939980812e-06,3.1168164529184822e-06,3.1168289657183105e-06,3.1168414783560675e-06,3.11685399082501e-06,3.116866503125591e-06,3.1168790152628495e-06,3.1168915272343148e-06,3.116904039044896e-06,3.116916550684719e-06,3.116929062165542e-06,3.116941573473886e-06,3.1169540846219406e-06,3.1169665955982103e-06,3.1169791064732773e-06,3.116991617115216e-06,3.1170041275941303e-06,3.1170166379077543e-06,3.1170291480606296e-06,3.1170416580355137e-06,3.1170541678599096e-06,3.1170666775068966e-06,3.117079186990762e-06,3.1170916963210443e-06,3.1171042054829186e-06,3.117116714471273e-06,3.1171292232933135e-06,3.117141731958049e-06,3.1171542404513995e-06,3.1171667487745363e-06,3.117179256944887e-06,3.1171917649820603e-06,3.1172042728098874e-06,3.1172167804721695e-06,3.1172292879709492e-06,3.1172417952881416e-06,3.1172543024526906e-06,3.1172668094508904e-06,3.117279316284419e-06,3.1172918229582814e-06,3.1173043294602774e-06,3.1173168358108727e-06,3.1173293419807877e-06,3.1173418479893617e-06,3.117354353835395e-06,3.11736685951388e-06,3.1173793650189545e-06,3.1173918703680997e-06,3.1174043755546942e-06,3.1174168805663604e-06,3.1174293854084403e-06,3.117441890093568e-06,3.1174543946033693e-06,3.117466898952322e-06,3.1174794031190964e-06,3.1174919071343566e-06,3.117504410984951e-06,3.1175169146719927e-06,3.117529418173932e-06,3.1175419215322363e-06,3.117554424721502e-06,3.1175669277187316e-06,3.117579430569214e-06,3.1175919332578274e-06,3.1176044357824455e-06,3.117616938147067e-06,3.117629440344829e-06,3.117641942372935e-06,3.1176544442338926e-06,3.1176669459301803e-06,3.1176794474598194e-06,3.1176919488232227e-06,3.1177044500285277e-06,3.1177169510633847e-06,3.1177294519365334e-06,3.117741952643164e-06,3.117754453191227e-06,3.117766953561717e-06,3.117779453775638e-06,3.1177919537805357e-06,3.11780445366023e-06,3.117816953369321e-06,3.1178294529109e-06,3.117841952289738e-06,3.1178544515017936e-06,3.1178669506129575e-06,3.1178794494896347e-06,3.1178919482035906e-06,3.117904446761905e-06,3.117916945148085e-06,3.117929443417399e-06,3.117941941469788e-06,3.1179544393553587e-06,3.117966937073328e-06,3.1179794346249153e-06,3.117991932017243e-06,3.1180044292467194e-06,3.1180169263054446e-06,3.118029423197768e-06,3.118041919924739e-06,3.118054416482989e-06,3.118066912874176e-06,3.118079409103806e-06,3.1180919051653087e-06,3.1181044010710487e-06,3.1181168968025075e-06,3.118129392371415e-06,3.118141887772579e-06,3.1181543830075804e-06,3.118166878088682e-06,3.1181793729734655e-06,3.1181918676770494e-06,3.118204362252168e-06,3.118216856661745e-06,3.118229350905675e-06,3.1182418449834127e-06,3.1182543389613557e-06,3.1182668327051924e-06,3.1182793262911172e-06,3.118291819706819e-06,3.1183043129605598e-06,3.1183168060443422e-06,3.1183292989618987e-06,3.1183417917316086e-06,3.1183542843186625e-06,3.118366776742942e-06,3.11837926904627e-06,3.1183917611391537e-06,3.1184042530485343e-06,3.1184167448090294e-06,3.1184292364338535e-06,3.118441727861362e-06,3.1184542191242398e-06,3.118466710226822e-06,3.1184792011592533e-06,3.1184916919038484e-06,3.1185041824986623e-06,3.1185166729361952e-06,3.118529163202898e-06,3.1185416533088135e-06,3.11855414324406e-06,3.1185666330163592e-06,3.1185791226241963e-06,3.1185916120667802e-06,3.118604101342518e-06,3.1186165904517167e-06,3.1186290794005473e-06,3.1186415681812923e-06,3.1186540567733416e-06,3.118666545222923e-06,3.1186790335089317e-06,3.1186915216379348e-06,3.1187040095951765e-06,3.1187164974605398e-06,3.1187289850823836e-06,3.1187414725382953e-06,3.118753959836334e-06,3.1187664469561127e-06,3.1187789338615606e-06,3.1187914206539174e-06,3.118803907268867e-06,3.118816393741803e-06,3.1188288800376373e-06,3.118841366177501e-06,3.1188538521381013e-06,3.118866337937913e-06,3.118878823572866e-06,3.1188913090467914e-06,3.118903794350031e-06,3.1189162794939847e-06,3.118928764466915e-06,3.1189412492559733e-06,3.1189537338941097e-06,3.1189662183856623e-06,3.1189787026788547e-06,3.1189911868036464e-06,3.1190036707836873e-06,3.119016154593886e-06,3.1190286382489993e-06,3.1190411218060964e-06,3.119053605129565e-06,3.1190660882822633e-06,3.119078571268664e-06,3.1190910540848205e-06,3.119103536739734e-06,3.119116019229664e-06,3.1191285016179417e-06,3.1191409837944496e-06,3.119153465788447e-06,3.1191659476182696e-06,3.1191784293325173e-06,3.1191909108308173e-06,3.119203392132953e-06,3.1192158732996913e-06,3.1192283543015864e-06,3.1192408351414703e-06,3.119253315780516e-06,3.1192657962898957e-06,3.1192782766292594e-06,3.1192907568138156e-06,3.119303236822285e-06,3.119315716676117e-06,3.1193281963527017e-06,3.1193406758725072e-06,3.11935315521477e-06,3.119365634390958e-06,3.1193781134500484e-06,3.1193905923116017e-06,3.1194030709971954e-06,3.1194155495180353e-06,3.119428027869126e-06,3.119440506071459e-06,3.11945298409659e-06,3.119465461994879e-06,3.1194779396878704e-06,3.119490417205972e-06,3.1195028945795942e-06,3.119515371774248e-06,3.119527848804818e-06,3.119540325665557e-06,3.1195528023768355e-06,3.119565278903666e-06,3.1195777552774847e-06,3.119590231481009e-06,3.1196027075165007e-06,3.119615183392814e-06,3.11962765909667e-06,3.119640134646927e-06,3.119652610020009e-06,3.119665085230061e-06,3.119677560275144e-06,3.119690035147595e-06,3.1197025098623596e-06,3.119714984409446e-06,3.119727458793953e-06,3.1197399330128566e-06,3.1197524070666484e-06,3.119764880925547e-06,3.119777354629584e-06,3.1197898281870394e-06,3.119802301577385e-06,3.1198147747700044e-06,3.1198272478310317e-06,3.1198397207041815e-06,3.1198521934289715e-06,3.1198646659932685e-06,3.119877138392617e-06,3.1198896106239852e-06,3.119902082737757e-06,3.1199145546410227e-06,3.119927026380754e-06,3.1199394979549297e-06,3.11995196936201e-06,3.119964440610099e-06,3.1199769116849447e-06,3.1199893825600976e-06,3.1200018532788293e-06,3.1200143238575613e-06,3.120026794271123e-06,3.120039264503366e-06,3.1200517345820705e-06,3.1200642045034075e-06,3.1200766742591216e-06,3.1200891438451336e-06,3.1201016132676063e-06,3.120114082525042e-06,3.120126551613818e-06,3.1201390205409712e-06,3.120151489327639e-06,3.1201639579246472e-06,3.1201764263550165e-06,3.1201888946209657e-06,3.120201362702211e-06,3.120213830644861e-06,3.120226298411717e-06,3.1202387660160144e-06,3.1202512334543053e-06,3.1202637007255935e-06,3.12027616781899e-06,3.120288634739138e-06,3.1203011015568476e-06,3.1203135681719897e-06,3.12032603461848e-06,3.1203385008565294e-06,3.1203509669712885e-06,3.12036343292484e-06,3.1203758987100307e-06,3.120388364279933e-06,3.1204008297335874e-06,3.120413295028139e-06,3.1204257601520836e-06,3.1204382251153835e-06,3.1204506899021157e-06,3.120463154530898e-06,3.1204756189936983e-06,3.1204880832962846e-06,3.120500547437894e-06,3.1205130114064995e-06,3.1205254752083263e-06,3.120537938843449e-06,3.1205504022674224e-06,3.1205628655743016e-06,3.1205753286992555e-06,3.120587791685332e-06,3.1206002545051265e-06,3.120612717150172e-06,3.1206251796308284e-06,3.120637641945279e-06,3.1206501040994975e-06,3.12066256617504e-06,3.1206750279943195e-06,3.1206874896473965e-06,3.1206999511458116e-06,3.1207124124697723e-06,3.1207248736381173e-06,3.1207373346350614e-06,3.120749795455725e-06,3.1207622560963014e-06,3.1207747165416268e-06,3.1207871768734895e-06,3.1207996370358317e-06,3.1208120970373736e-06,3.120824556875138e-06,3.120837016545729e-06,3.1208494760616006e-06,3.12086193540107e-06,3.120874394575475e-06,3.1208868535814167e-06,3.120899312425035e-06,3.120911771094525e-06,3.1209242296086327e-06,3.120936687962228e-06,3.120949146154781e-06,3.1209616041409263e-06,3.120974061995514e-06,3.1209865196704293e-06,3.1209989771927418e-06,3.121011434550494e-06,3.12102389174206e-06,3.1210363487683364e-06,3.1210488056132707e-06,3.121061262297594e-06,3.121073718768355e-06,3.1210861750990038e-06,3.121098631299481e-06,3.121111087339215e-06,3.1211235431818957e-06,3.1211359988864975e-06,3.121148454436136e-06,3.1211609098225074e-06,3.12117336501537e-06,3.1211858200595507e-06,3.1211982749040245e-06,3.1212107296184214e-06,3.1212231841546666e-06,3.121235638538762e-06,3.121248092756929e-06,3.1212605468382656e-06,3.1212730007270973e-06,3.1212854544494336e-06,3.121297907990677e-06,3.1213103613827855e-06,3.121322814620627e-06,3.121335267687091e-06,3.121347720512992e-06,3.1213601732540215e-06,3.121372625788718e-06,3.1213850781895933e-06,3.121397530397406e-06,3.1214099824675235e-06,3.121422434370203e-06,3.121434886108017e-06,3.1214473376828966e-06,3.121459789092079e-06,3.1214722404046892e-06,3.1214846914791997e-06,3.121497142393179e-06,3.1215095930571163e-06,3.121522043628017e-06,3.1215344940313314e-06,3.1215469442845198e-06,3.121559394385295e-06,3.1215718442843225e-06,3.1215842940407417e-06,3.1215967436358545e-06,3.12160919306505e-06,3.1216216423292246e-06,3.121634091425396e-06,3.121646540357405e-06,3.1216589891241465e-06,3.121671437721414e-06,3.121683886158639e-06,3.121696334430507e-06,3.1217087825481637e-06,3.1217212304897564e-06,3.121733678265751e-06,3.121746125873628e-06,3.1217585733199352e-06,3.12177102060631e-06,3.1217834677111402e-06,3.1217959146482065e-06,3.12180836147368e-06,3.1218208080925087e-06,3.1218332545482366e-06,3.1218457008398002e-06,3.1218581469837556e-06,3.121870592941054e-06,3.1218830387379273e-06,3.121895484367927e-06,3.1219079297972825e-06,3.121920375094576e-06,3.121932820227147e-06,3.121945265195625e-06,3.121957710000253e-06,3.121970154639715e-06,3.1219825991231938e-06,3.1219950434410266e-06,3.1220074875887392e-06,3.122019931567594e-06,3.122032375381869e-06,3.122044819042169e-06,3.1220572625260302e-06,3.122069705844816e-06,3.122082148997435e-06,3.1220945920338034e-06,3.122107034802597e-06,3.122119477469274e-06,3.1221319199623594e-06,3.1221443622901498e-06,3.1221568044606787e-06,3.122169246450309e-06,3.1221816882826875e-06,3.12219412995065e-06,3.122206571453681e-06,3.1222190127925593e-06,3.1222314539727127e-06,3.1222438949845523e-06,3.122256335822279e-06,3.122268776499939e-06,3.1222812170091095e-06,3.1222936573563077e-06,3.1223060975403013e-06,3.1223185375618433e-06,3.122330977409948e-06,3.1223434170991994e-06,3.122355856621271e-06,3.1223682959835906e-06,3.122380735171785e-06,3.122393174197719e-06,3.1224056130591567e-06,3.122418051754972e-06,3.1224304902887847e-06,3.1224429286058312e-06,3.1224553668069944e-06,3.122467804874397e-06,3.122480242756937e-06,3.1224926804633913e-06,3.1225051180004298e-06,3.122517555376803e-06,3.1225299925880612e-06,3.1225424296212163e-06,3.1225548665121825e-06,3.122567303228182e-06,3.1225797398198134e-06,3.1225921762217964e-06,3.122604612443522e-06,3.1226170485004957e-06,3.122629484401393e-06,3.122641920129053e-06,3.122654355677246e-06,3.1226667910743776e-06,3.1226792262571473e-06,3.1226916613232954e-06,3.1227040962241006e-06,3.1227165309522537e-06,3.122728965528503e-06,3.1227413999243032e-06,3.1227538341662374e-06,3.122766268242648e-06,3.1227787021534722e-06,3.1227911358986356e-06,3.122803569478909e-06,3.12281600289527e-06,3.122828436099561e-06,3.1228408691924877e-06,3.1228533021101723e-06,3.122865734866349e-06,3.1228781674581304e-06,3.122890599881755e-06,3.1229030321481674e-06,3.1229154642441305e-06,3.1229278961750785e-06,3.122940327942465e-06,3.122952759543596e-06,3.1229651909813297e-06,3.1229776222545244e-06,3.122990053361401e-06,3.123002484303516e-06,3.1230149150880372e-06,3.1230273456992024e-06,3.123039776156893e-06,3.1230522064388514e-06,3.123064636514532e-06,3.123077066465967e-06,3.1230894962532296e-06,3.1231019258781245e-06,3.1231143553330676e-06,3.123126784622853e-06,3.123139213749958e-06,3.1231516427131913e-06,3.1231640715225493e-06,3.123176500133921e-06,3.123188928602781e-06,3.123201356869492e-06,3.1232137850090492e-06,3.1232262129681216e-06,3.123238640776422e-06,3.123251068399289e-06,3.123263495866402e-06,3.123275923179365e-06,3.123288350309312e-06,3.1233007773089993e-06,3.1233132041272348e-06,3.1233256307848953e-06,3.123338057272635e-06,3.1233504835958615e-06,3.1233629097495154e-06,3.1233753357504174e-06,3.123387761577689e-06,3.1234001872403587e-06,3.123412612745649e-06,3.123425038080079e-06,3.1234374632476607e-06,3.123449888243095e-06,3.123462313096043e-06,3.123474737751386e-06,3.1234871622272984e-06,3.123499586577988e-06,3.123512010753414e-06,3.1235244347776526e-06,3.1235368586856367e-06,3.1235492823705393e-06,3.12356170589926e-06,3.1235741292513796e-06,3.123586552408098e-06,3.1235989754745267e-06,3.1236113983350702e-06,3.123623821030732e-06,3.123636243560884e-06,3.123648665943636e-06,3.123661088142691e-06,3.123673510177571e-06,3.123685932047743e-06,3.12369835375391e-06,3.123710775302887e-06,3.123723196672945e-06,3.1237356178921656e-06,3.1237480389362643e-06,3.1237604598199057e-06,3.1237728805408474e-06,3.1237853011416747e-06,3.123797721552371e-06,3.1238101417720014e-06,3.123822561835044e-06,3.1238349817000585e-06,3.123847401426966e-06,3.123859820906987e-06,3.123872240307558e-06,3.1238846595206824e-06,3.123897078596167e-06,3.1239094975049823e-06,3.123921916241578e-06,3.123934334830615e-06,3.123946753239758e-06,3.1239591714858766e-06,3.123971589565701e-06,3.123984007482665e-06,3.1239964252399235e-06,3.1240088428742767e-06,3.124021260293227e-06,3.124033677547691e-06,3.1240460946376775e-06,3.1240585115645723e-06,3.1240709283249242e-06,3.1240833449122054e-06,3.124095761313684e-06,3.1241081775801034e-06,3.124120593683109e-06,3.124133009620337e-06,3.124145425398516e-06,3.1241578410062074e-06,3.1241702564446146e-06,3.1241826717221413e-06,3.124195086835473e-06,3.1242075017848955e-06,3.124219916565622e-06,3.124232331284427e-06,3.1242447457315536e-06,3.124257160018494e-06,3.1242695741426855e-06,3.124281988099125e-06,3.1242944018923918e-06,3.1243068155224424e-06,3.124319228992065e-06,3.1243316422785757e-06,3.124344055412664e-06,3.1243564683832106e-06,3.1243688811883778e-06,3.124381293848904e-06,3.124393706324815e-06,3.1244061186591374e-06,3.1244185308069774e-06,3.1244309428134573e-06,3.12444335464111e-06,3.1244557662952805e-06,3.1244681777807005e-06,3.124480589101175e-06,3.124493000326767e-06,3.1245054113303434e-06,3.1245178221565257e-06,3.124530232815652e-06,3.1245426432972706e-06,3.1245550536218798e-06,3.1245674637935694e-06,3.1245798737960723e-06,3.124592283631212e-06,3.1246046933034873e-06,3.124617102810892e-06,3.124629512244375e-06,3.1246419214260987e-06,3.1246543304405842e-06,3.1246667392893736e-06,3.1246791479750236e-06,3.1246915564961802e-06,3.1247039648525072e-06,3.124716373011314e-06,3.124728781039211e-06,3.1247411888844665e-06,3.1247535965836772e-06,3.1247660042141893e-06,3.1247784115807104e-06,3.124790818777485e-06,3.1248032257781796e-06,3.1248156326521375e-06,3.1248280393538746e-06,3.1248404458989304e-06,3.1248528522810087e-06,3.124865258490175e-06,3.124877664548295e-06,3.124890070442126e-06,3.124902476169335e-06,3.124914881740791e-06,3.124927287115191e-06,3.124939692348557e-06,3.124952097374377e-06,3.1249645022661284e-06,3.1249769069835243e-06,3.1249893115514346e-06,3.1250017159502703e-06,3.1250141201896186e-06,3.125026524268818e-06,3.1250389281618675e-06,3.125051331923774e-06,3.1250637355503514e-06,3.125076138961751e-06,3.1250885422246146e-06,3.1251009453085697e-06,3.1251133482285834e-06,3.1251257509851624e-06,3.125138153561989e-06,3.1251505560513323e-06,3.125162958314622e-06,3.125175360398784e-06,3.125187762368775e-06,3.1252001641375987e-06,3.1252125657418466e-06,3.1252249671523243e-06,3.1252373684254877e-06,3.125249769534699e-06,3.125262170481406e-06,3.1252745712646594e-06,3.125286971867598e-06,3.1252993723238684e-06,3.125311772617221e-06,3.1253241727382756e-06,3.1253365726968536e-06,3.1253489724878712e-06,3.1253613721134417e-06,3.125373771573407e-06,3.125386170874159e-06,3.1253985700085206e-06,3.125410968987922e-06,3.1254233677939468e-06,3.125435766429844e-06,3.1254481649044465e-06,3.12546056321285e-06,3.1254729613421243e-06,3.125485359323701e-06,3.1254977571048125e-06,3.125510154752822e-06,3.1255225522486813e-06,3.125534949571749e-06,3.1255473467310936e-06,3.125559743727525e-06,3.1255721405549094e-06,3.1255845372196326e-06,3.1255969337127418e-06,3.1256093300474973e-06,3.1256217262182995e-06,3.1256341222643036e-06,3.125646518098873e-06,3.125658913735437e-06,3.1256713092468157e-06,3.125683704594845e-06,3.125696099783575e-06,3.1257084948043324e-06,3.1257208896558435e-06,3.125733284332626e-06,3.125745678830521e-06,3.125758073190286e-06,3.12577046738596e-06,3.1257828614180796e-06,3.1257952552849775e-06,3.1258076489831854e-06,3.125820042520081e-06,3.1258324358729257e-06,3.1258448290807113e-06,3.1258572221186194e-06,3.1258696150046583e-06,3.1258820077066276e-06,3.125894400236773e-06,3.1259067926278844e-06,3.125919184813811e-06,3.12593157687435e-06,3.125943968765945e-06,3.1259563604930336e-06,3.125968752043677e-06,3.125981143387663e-06,3.1259935346202156e-06,3.1260059256713808e-06,3.126018316552891e-06,3.1260307072925736e-06,3.126043097874879e-06,3.126055488276293e-06,3.1260678785175674e-06,3.1260802685606774e-06,3.126092658452152e-06,3.126105048203954e-06,3.1261174377941807e-06,3.126129827216055e-06,3.12614221647437e-06,3.1261546055623966e-06,3.126166994491691e-06,3.1261793832563987e-06,3.1261917718535137e-06,3.1262041602891305e-06,3.126216548560433e-06,3.1262289366729556e-06,3.1262413246091105e-06,3.126253712384273e-06,3.1262661000391074e-06,3.1262784874654684e-06,3.126290874748759e-06,3.1263032619111706e-06,3.1263156488608816e-06,3.1263280356488617e-06,3.1263404222744907e-06,3.1263528087346047e-06,3.126365195018608e-06,3.1263775811502075e-06,3.1263899671185486e-06,3.126402352921091e-06,3.1264147385591804e-06,3.1264271239875473e-06,3.1264395092981504e-06,3.1264518944433686e-06,3.1264642794136186e-06,3.1264766642294126e-06,3.126489048869831e-06,3.1265014333586406e-06,3.126513817678581e-06,3.1265262018383336e-06,3.1265385858168415e-06,3.1265509696398163e-06,3.12656335330403e-06,3.1265757368050357e-06,3.1265881201251237e-06,3.1266005032924746e-06,3.1266128862931253e-06,3.126625269127484e-06,3.1266376517835425e-06,3.1266500342968976e-06,3.1266624166511194e-06,3.1266747988359664e-06,3.1266871808473897e-06,3.1266995627035265e-06,3.12671194439992e-06,3.1267243259269714e-06,3.1267367072877065e-06,3.126749088425509e-06,3.1267614694546692e-06,3.1267738503322534e-06,3.126786231035701e-06,3.1267986115386664e-06,3.126810991902331e-06,3.1268233721693544e-06,3.126835752207429e-06,3.1268481320853762e-06,3.1268605118061506e-06,3.126872891356724e-06,3.1268852707350046e-06,3.126897649963095e-06,3.126910029025146e-06,3.1269224079211286e-06,3.126934786651055e-06,3.1269471652150726e-06,3.126959543613422e-06,3.1269719218670483e-06,3.12698430001918e-06,3.1269966779338233e-06,3.1270090556850157e-06,3.1270214332653606e-06,3.1270338106793542e-06,3.127046187925048e-06,3.1270585650116217e-06,3.127070941933334e-06,3.127083318690618e-06,3.127095695283573e-06,3.1271080717113885e-06,3.1271204479745345e-06,3.1271328240779848e-06,3.127145200099811e-06,3.12715757585885e-06,3.1271699515439902e-06,3.12718232699406e-06,3.1271947022833714e-06,3.1272070774034846e-06,3.12721945235227e-06,3.127231827133546e-06,3.1272442017507516e-06,3.127256576196161e-06,3.127268950546451e-06,3.127281324670047e-06,3.127293698643842e-06,3.1273060724419506e-06,3.127318446075393e-06,3.1273308194754106e-06,3.127343192774167e-06,3.127355565904141e-06,3.127367938880169e-06,3.127380311696933e-06,3.127392684341576e-06,3.127405056832148e-06,3.1274174291488808e-06,3.1274298013024406e-06,3.1274421732918743e-06,3.1274545451204844e-06,3.127466916782708e-06,3.1274792882884604e-06,3.1274916596241456e-06,3.1275040307909853e-06,3.1275164017943676e-06,3.127528772639383e-06,3.1275411433153177e-06,3.127553513809667e-06,3.127565884155513e-06,3.127578254334843e-06,3.1275906243491794e-06,3.1276029942075523e-06,3.127615363869496e-06,3.1276277333784654e-06,3.1276401027400454e-06,3.127652471936435e-06,3.12766484096713e-06,3.127677209827699e-06,3.12768957853041e-06,3.1277019471312064e-06,3.1277143155239658e-06,3.127726683729136e-06,3.1277390517846384e-06,3.127751419637932e-06,3.1277637873543155e-06,3.1277761549635542e-06,3.1277885223443024e-06,3.127800889567831e-06,3.127813256626524e-06,3.127825623515652e-06,3.127837990251424e-06,3.1278503568177058e-06,3.127862723212514e-06,3.127875089455988e-06,3.1278874555290492e-06,3.1278998214380637e-06,3.127912187203053e-06,3.1279245527664812e-06,3.1279369181805023e-06,3.1279492834426767e-06,3.127961648536926e-06,3.1279740134400544e-06,3.12798637820314e-06,3.1279987428200154e-06,3.1280111072331337e-06,3.1280234714984235e-06,3.1280358355999124e-06,3.1280481994941992e-06,3.128060563277722e-06,3.128072926885947e-06,3.1280852903302467e-06,3.1280976535859588e-06,3.128110016711113e-06,3.128122379635617e-06,3.1281347424230546e-06,3.128147105046395e-06,3.1281594675043607e-06,3.128171829802026e-06,3.128184191929435e-06,3.1281965539096897e-06,3.1282089157117806e-06,3.128221277349039e-06,3.1282336388212855e-06,3.128246000124069e-06,3.128258361268668e-06,3.1282707222519106e-06,3.1282830830727177e-06,3.128295443728249e-06,3.128307804214659e-06,3.128320164537026e-06,3.1283325246963212e-06,3.1283448846911687e-06,3.1283572445049908e-06,3.128369604179859e-06,3.1283819636675453e-06,3.1283943230281306e-06,3.1284066821885956e-06,3.12841904119904e-06,3.128431400044423e-06,3.1284437587244416e-06,3.128456117243935e-06,3.1284684755952917e-06,3.128480833790712e-06,3.1284931918139645e-06,3.1285055496754227e-06,3.1285179073665065e-06,3.1285302648968765e-06,3.128542622263444e-06,3.1285549794656825e-06,3.1285673365040224e-06,3.128579693378097e-06,3.1285920500897344e-06,3.128604406706945e-06,3.1286167630817433e-06,3.12862911931244e-06,3.12864147536503e-06,3.1286538312542697e-06,3.128666186978906e-06,3.128678542546616e-06,3.128690897930031e-06,3.1287032531604145e-06,3.1287156082282805e-06,3.128727963131906e-06,3.128740317891646e-06,3.1287526724772445e-06,3.1287650268878375e-06,3.1287773811360856e-06,3.1287897352038674e-06,3.128802089121181e-06,3.1288144428725474e-06,3.128826796469433e-06,3.128839149889596e-06,3.128851503150923e-06,3.1288638562459915e-06,3.1288762091791235e-06,3.1288885619588194e-06,3.1289009145633836e-06,3.128913267008518e-06,3.1289256192880315e-06,3.128937971370999e-06,3.1289503233184326e-06,3.12896267510268e-06,3.128975026736983e-06,3.1289873781935244e-06,3.128999729481709e-06,3.1290120806078294e-06,3.1290244315654375e-06,3.1290367823743054e-06,3.129049133094471e-06,3.1290614835615544e-06,3.1290738338680513e-06,3.1290861840120678e-06,3.1290985339969805e-06,3.129110883810697e-06,3.129123233462925e-06,3.129135582944098e-06,3.129147932253488e-06,3.1291602814107604e-06,3.129172630415935e-06,3.1291849792447657e-06,3.129197327918169e-06,3.1292096763745965e-06,3.1292220247104865e-06,3.129234372884611e-06,3.1292467209360448e-06,3.1292590687802753e-06,3.129271416420757e-06,3.1292837639408667e-06,3.1292961112952094e-06,3.1293084584827726e-06,3.129320805504452e-06,3.1293331523602967e-06,3.12934549904041e-06,3.1293578455655867e-06,3.1293701919361883e-06,3.1293825381453903e-06,3.12939488415679e-06,3.129407230034605e-06,3.1294195757557304e-06,3.129431921279419e-06,3.1294442666564055e-06,3.1294566118741834e-06,3.1294689569283755e-06,3.129481301818307e-06,3.1294936465307016e-06,3.129505991091098e-06,3.1295183354889925e-06,3.1295306797214085e-06,3.1295430237745186e-06,3.1295553676918057e-06,3.1295677113452874e-06,3.1295800549148688e-06,3.1295923983278096e-06,3.1296047415804833e-06,3.1296170846653556e-06,3.129629427588443e-06,3.129641770319114e-06,3.1296541129101922e-06,3.129666455338652e-06,3.1296787976019765e-06,3.129691139714513e-06,3.1297034816556714e-06,3.1297158234277955e-06,3.1297281650369e-06,3.129740506479813e-06,3.129752847760541e-06,3.1297651888759337e-06,3.1297775298263465e-06,3.1297898705953396e-06,3.1298022112267572e-06,3.129814551685818e-06,3.1298268919870724e-06,3.129839232119342e-06,3.129851572085272e-06,3.129863911888952e-06,3.1298762515274824e-06,3.129888591002863e-06,3.129900930317107e-06,3.129913269462273e-06,3.1299256084450663e-06,3.129937947264422e-06,3.1299502859199384e-06,3.1299626244124276e-06,3.129974962704397e-06,3.1299873008672963e-06,3.129999638866616e-06,3.1300119767097144e-06,3.130024314384712e-06,3.130036651891009e-06,3.1300489892157908e-06,3.130061326371438e-06,3.130073663386332e-06,3.130086000239086e-06,3.130098336923881e-06,3.1301106734443268e-06,3.1301230098137787e-06,3.130135345968972e-06,3.130147681997017e-06,3.1301600178744178e-06,3.1301723535785215e-06,3.1301846891171188e-06,3.130197024492669e-06,3.130209359704174e-06,3.1302216947063173e-06,3.1302340295418912e-06,3.130246364256859e-06,3.1302586988098006e-06,3.1302710331706252e-06,3.1302833673583015e-06,3.130295701507794e-06,3.1303080354066787e-06,3.130320369141209e-06,3.1303327027662478e-06,3.1303450361761505e-06,3.1303573694293275e-06,3.130369702515217e-06,3.130382035461609e-06,3.1303943681925653e-06,3.1304067007790876e-06,3.1304190332047584e-06,3.1304313654630444e-06,3.1304436975586273e-06,3.1304560294882476e-06,3.1304683612552655e-06,3.130480692859369e-06,3.1304930242986118e-06,3.130505355568677e-06,3.130517686669188e-06,3.1305300176156984e-06,3.1305423483983827e-06,3.130554679018933e-06,3.1305670094749227e-06,3.130579339766967e-06,3.130591669893884e-06,3.130603999864521e-06,3.1306163296611698e-06,3.1306286592963815e-06,3.1306409887567165e-06,3.1306533180638297e-06,3.1306656472037016e-06,3.1306779761868437e-06,3.130690304989347e-06,3.130702633643577e-06,3.130714962116816e-06,3.130727290439399e-06,3.1307396185988924e-06,3.1307519465946494e-06,3.1307642744266784e-06,3.1307766021202026e-06,3.130788929614432e-06,3.130801256972777e-06,3.1308135841199766e-06,3.1308259111373814e-06,3.1308382379800144e-06,3.1308505646704115e-06,3.1308628911883853e-06,3.1308752175304346e-06,3.1308875437218955e-06,3.130899869759739e-06,3.130912195636062e-06,3.130924521300166e-06,3.1309368468374623e-06,3.1309491722105614e-06,3.130961497419178e-06,3.1309738224515235e-06,3.1309861473342168e-06,3.130998472020615e-06,3.1310107965734175e-06,3.1310231209674884e-06,3.131035445199555e-06,3.131047769282946e-06,3.1310600931908424e-06,3.131072416923597e-06,3.131084740491169e-06,3.131097063892645e-06,3.1311093871366394e-06,3.1311217102140924e-06,3.131134033096316e-06,3.131146355847022e-06,3.131158678443114e-06,3.1311710008733626e-06,3.1311833231377804e-06,3.1311956452056024e-06,3.1312079671369597e-06,3.131220288906357e-06,3.1312326104773337e-06,3.1312449319170002e-06,3.1312572531789787e-06,3.1312695742881678e-06,3.1312818952557147e-06,3.1312942160217312e-06,3.1313065366469434e-06,3.13131885710844e-06,3.1313311773944047e-06,3.131343497523185e-06,3.131355817496354e-06,3.131368137302542e-06,3.1313804569352824e-06,3.131392776442435e-06,3.1314050957520604e-06,3.1314174148769693e-06,3.1314297338601047e-06,3.1314420526773022e-06,3.1314543713745607e-06,3.1314666898635715e-06,3.131479008199541e-06,3.1314913263598637e-06,3.1315036442996405e-06,3.131515962145136e-06,3.1315282798158153e-06,3.131540597328114e-06,3.1315529146710977e-06,3.1315652318468538e-06,3.1315775488555906e-06,3.13158986571107e-06,3.131602182397086e-06,3.1316144989215385e-06,3.131626815278805e-06,3.1316391314708406e-06,3.131651447500718e-06,3.1316637633696773e-06,3.1316760790878858e-06,3.131688394652857e-06,3.1317007100347523e-06,3.131713025252578e-06,3.1317253403019067e-06,3.1317376551891652e-06,3.1317499699105133e-06,3.131762284469002e-06,3.131774598863056e-06,3.1317869130941376e-06,3.131799227150539e-06,3.1318115410600793e-06,3.1318238548016504e-06,3.1318361683856623e-06,3.131848481797364e-06,3.131860795050243e-06,3.1318731081486914e-06,3.1318854210665755e-06,3.1318977338232675e-06,3.1319100464123406e-06,3.1319223588415484e-06,3.1319346711091547e-06,3.131946983189724e-06,3.1319592951265917e-06,3.131971606911242e-06,3.1319839185157954e-06,3.131996229963019e-06,3.1320085412469586e-06,3.132020852367828e-06,3.1320331633246207e-06,3.1320454741166604e-06,3.1320577847417063e-06,3.1320700951935382e-06,3.1320824054915866e-06,3.1320947156389475e-06,3.1321070256079393e-06,3.132119335415001e-06,3.1321316450553663e-06,3.1321439545153285e-06,3.1321562638329427e-06,3.1321685729866157e-06,3.1321808819669138e-06,3.132193190800008e-06,3.1322054994715873e-06,3.132217807969881e-06,3.1322301163026057e-06,3.1322424244758402e-06,3.132254732482905e-06,3.132267040327232e-06,3.1322793480004363e-06,3.1322916555249563e-06,3.1323039628432283e-06,3.1323162700395763e-06,3.132328576993339e-06,3.1323408838982838e-06,3.1323531905958713e-06,3.132365497135595e-06,3.132377803516898e-06,3.132390109704865e-06,3.132402415740614e-06,3.132414721619844e-06,3.1324270273054115e-06,3.132439332858335e-06,3.132451638226236e-06,3.1324639434527703e-06,3.132476248514108e-06,3.13248855341042e-06,3.132500858133064e-06,3.1325131627096804e-06,3.1325254671146754e-06,3.1325377713569274e-06,3.132550075435303e-06,3.132562379351443e-06,3.1325746831100004e-06,3.132586986677033e-06,3.1325992900968125e-06,3.1326115933556296e-06,3.1326238964623247e-06,3.1326361994055763e-06,3.1326485022018647e-06,3.132660804814634e-06,3.132673107301998e-06,3.1326854095800532e-06,3.132697711693125e-06,3.1327100136396927e-06,3.13272231540413e-06,3.1327346170269333e-06,3.132746918483522e-06,3.1327592197779865e-06,3.132771520928573e-06,3.132783821893584e-06,3.1327961227039e-06,3.132808423342403e-06,3.1328207238189866e-06,3.132833024102118e-06,3.1328453242509568e-06,3.1328576242451586e-06,3.132869924108512e-06,3.1328822237687947e-06,3.132894523261196e-06,3.132906822606772e-06,3.132919121776566e-06,3.132931420782576e-06,3.1329437196082425e-06,3.1329560182865345e-06,3.1329683167839253e-06,3.1329806151565003e-06,3.1329929133480843e-06,3.133005211417061e-06,3.133017509281155e-06,3.1330298069870363e-06,3.1330421045129095e-06,3.1330544018680027e-06,3.1330666991381753e-06,3.133078996180374e-06,3.133091293062726e-06,3.1331035897761442e-06,3.1331158863281596e-06,3.1331281827129037e-06,3.1331404789339307e-06,3.1331527750013237e-06,3.13316507089013e-06,3.1331773666179095e-06,3.1331896621882496e-06,3.1332019575898624e-06,3.1332142528309537e-06,3.133226547908533e-06,3.1332388428228764e-06,3.133251137542975e-06,3.133263432128575e-06,3.1332757265485144e-06,3.133288020808095e-06,3.13330031491541e-06,3.1333126088485717e-06,3.1333249026134133e-06,3.133337196207878e-06,3.1333494896465457e-06,3.133361782968107e-06,3.1333740761014414e-06,3.1333863689913454e-06,3.133398661782912e-06,3.1334109544301306e-06,3.1334232468903623e-06,3.1334355391901744e-06,3.1334478313248506e-06,3.1334601232941597e-06,3.1334724150856237e-06,3.133484706728738e-06,3.133496998193888e-06,3.1335092895148405e-06,3.133521580666147e-06,3.133533871655972e-06,3.133546162480183e-06,3.1335584531407632e-06,3.133570743633626e-06,3.1335830339781483e-06,3.1335953241562064e-06,3.1336076141696423e-06,3.133619904020967e-06,3.1336321937011787e-06,3.1336444832245684e-06,3.1336567725773763e-06,3.133669061775089e-06,3.1336813508001807e-06,3.1336936396437633e-06,3.133705928347002e-06,3.1337182168949955e-06,3.133730505250678e-06,3.1337427934592937e-06,3.1337550814971948e-06,3.1337673693777103e-06,3.1337796570811997e-06,3.133791944621706e-06,3.1338042320102657e-06,3.133816519236001e-06,3.133828806298014e-06,3.133841093241031e-06,3.1338533799840276e-06,3.1338656665551203e-06,3.1338779529739878e-06,3.133890239206355e-06,3.133902525287917e-06,3.1339148112059372e-06,3.133927096941768e-06,3.133939382536049e-06,3.133951667960775e-06,3.1339639532289098e-06,3.133976238329476e-06,3.133988523273428e-06,3.1340008080494743e-06,3.1340130926594876e-06,3.134025377115427e-06,3.134037661398416e-06,3.134049945521425e-06,3.13406222947817e-06,3.1340745132501597e-06,3.1340867968876585e-06,3.134099080353616e-06,3.1341113636563565e-06,3.1341236467942397e-06,3.134135929770707e-06,3.1341482125853427e-06,3.134160495243883e-06,3.134172777709588e-06,3.1341850600842717e-06,3.1341973422483885e-06,3.1342096242417853e-06,3.1342219060708548e-06,3.134234187742319e-06,3.134246469244993e-06,3.1342587505732222e-06,3.1342710317011636e-06,3.1342833127220954e-06,3.134295593575691e-06,3.1343078742621277e-06,3.1343201547846514e-06,3.1343324351401545e-06,3.1343447153430398e-06,3.1343569953735826e-06,3.134369275243828e-06,3.134381554945555e-06,3.1343938344873504e-06,3.13440611387099e-06,3.1344183930852595e-06,3.1344306721372154e-06,3.1344429510188974e-06,3.1344552297322396e-06,3.1344675082936516e-06,3.1344797866992714e-06,3.1344920649338833e-06,3.1345043430055345e-06,3.1345166209132044e-06,3.1345288986342598e-06,3.1345411762182762e-06,3.134553453636305e-06,3.1345657308956903e-06,3.1345780079865325e-06,3.134590284910295e-06,3.1346025616698136e-06,3.1346148382455666e-06,3.134627114681554e-06,3.1346393909520544e-06,3.134651667059167e-06,3.1346639430076724e-06,3.134676218775816e-06,3.1346884943959322e-06,3.134700769851557e-06,3.134713045149561e-06,3.1347253202788057e-06,3.134737595245771e-06,3.1347498700309846e-06,3.1347621446683924e-06,3.1347744191442587e-06,3.1347866934635442e-06,3.1347989676556533e-06,3.134811241641304e-06,3.134823515468015e-06,3.134835789102644e-06,3.134848062597384e-06,3.134860335917623e-06,3.1348726090805248e-06,3.1348848820881683e-06,3.1348971549077634e-06,3.13490942756225e-06,3.134921700030337e-06,3.1349339723822993e-06,3.134946244570573e-06,3.134958516596821e-06,3.1349707884727955e-06,3.134983060171519e-06,3.1349953316932966e-06,3.1350076030758766e-06,3.135019874284116e-06,3.1350321453396052e-06,3.1350444161864152e-06,3.135056686958087e-06,3.1350689575095e-06,3.135081227903068e-06,3.135093498139795e-06,3.1351057682132296e-06,3.1351180381058146e-06,3.1351303078479035e-06,3.13514257740834e-06,3.1351548467981295e-06,3.135167116044786e-06,3.1351793851177407e-06,3.1351916540229424e-06,3.1352039227810043e-06,3.1352161913759798e-06,3.135228459811381e-06,3.1352407280636655e-06,3.1352529961686888e-06,3.1352652641047963e-06,3.1352775318822744e-06,3.135289799474734e-06,3.1353020669272266e-06,3.1353143341930833e-06,3.1353266013164262e-06,3.1353388682745956e-06,3.135351135074842e-06,3.1353634017039405e-06,3.1353756681790847e-06,3.1353879344873943e-06,3.1354002007105365e-06,3.1354124666917936e-06,3.1354247325102336e-06,3.1354369981558585e-06,3.1354492636443004e-06,3.1354615289798287e-06,3.135473794144721e-06,3.135486059121255e-06,3.1354983239236406e-06,3.1355105885991434e-06,3.1355228531079477e-06,3.135535117456647e-06,3.135547381647651e-06,3.135559645668753e-06,3.1355719095258742e-06,3.135584173222413e-06,3.135596436755308e-06,3.135608700124319e-06,3.1356209633298067e-06,3.135633226370649e-06,3.135645489249841e-06,3.135657751966941e-06,3.1356700145175547e-06,3.1356822769060305e-06,3.135694539130941e-06,3.1357068011937206e-06,3.13571906309297e-06,3.135731324836868e-06,3.135743586409293e-06,3.1357558478200216e-06,3.13576810905437e-06,3.1357803701369447e-06,3.135792631045968e-06,3.1358048917989284e-06,3.135817152398796e-06,3.1358294128119396e-06,3.1358416730819165e-06,3.135853933151075e-06,3.135866193087528e-06,3.135878452865054e-06,3.1358907124787736e-06,3.1359029719296167e-06,3.135915231220913e-06,3.1359274904526268e-06,3.1359397494083775e-06,3.135952008190547e-06,3.135964266826686e-06,3.1359765252979053e-06,3.1359887836181017e-06,3.1360010417160427e-06,3.1360132996972045e-06,3.136025557511396e-06,3.1360378151661703e-06,3.1360500726662783e-06,3.136062329981138e-06,3.1360745871324228e-06,3.1360868441292857e-06,3.1360991009727848e-06,3.1361113576484714e-06,3.1361236141596075e-06,3.1361358705084106e-06,3.136148126691561e-06,3.1361603827224647e-06,3.136172638569404e-06,3.1361848942640496e-06,3.1361971498172045e-06,3.1362094051863547e-06,3.136221660393119e-06,3.1362339154429686e-06,3.1362461703224067e-06,3.13625842503757e-06,3.1362706795722178e-06,3.1362829339537224e-06,3.136295188191265e-06,3.1363074422521025e-06,3.136319696140071e-06,3.136331949878732e-06,3.1363442034515112e-06,3.136356456865051e-06,3.1363687101238404e-06,3.136380963208721e-06,3.1363932161356258e-06,3.13640546889415e-06,3.136417721488113e-06,3.1364299739197693e-06,3.1364422261978023e-06,3.1364544783135633e-06,3.136466730267057e-06,3.136478982048287e-06,3.136491233667695e-06,3.1365034851221364e-06,3.1365157364167617e-06,3.13652798754296e-06,3.136540238506799e-06,3.1365524892571085e-06,3.1365647398942807e-06,3.1365769903738286e-06,3.1365892406697037e-06,3.1366014908165748e-06,3.1366137408005876e-06,3.1366259906175215e-06,3.136638240287951e-06,3.1366504897792045e-06,3.1366627391110537e-06,3.136674988280712e-06,3.1366872372836257e-06,3.136699486135888e-06,3.1367117348034162e-06,3.136723983319987e-06,3.136736231681984e-06,3.1367484798723755e-06,3.136760727897617e-06,3.136772975768823e-06,3.1367852234697857e-06,3.1367974710054494e-06,3.136809718379523e-06,3.1368219655902203e-06,3.1368342126413032e-06,3.1368464595220013e-06,3.136858706247808e-06,3.136870952805841e-06,3.1368831992061887e-06,3.1368954454289153e-06,3.1369076914950527e-06,3.1369199373958073e-06,3.1369321831358335e-06,3.1369444287107566e-06,3.1369566741257695e-06,3.1369689194487435e-06,3.136981164530686e-06,3.1369934094980447e-06,3.137005654260539e-06,3.137017898860591e-06,3.1370301433051825e-06,3.1370423875811424e-06,3.137054631693554e-06,3.1370668756455456e-06,3.1370791194325236e-06,3.1370913630505955e-06,3.1371036065109952e-06,3.137115849807461e-06,3.137128092942942e-06,3.137140335909018e-06,3.137152578716174e-06,3.137164821366861e-06,3.1371770638482566e-06,3.13718930616618e-06,3.1372015483218284e-06,3.1372137903138313e-06,3.137226032143132e-06,3.1372382738082063e-06,3.137250515311403e-06,3.137262756652919e-06,3.1372749978264385e-06,3.1372872388404596e-06,3.1372994796862546e-06,3.137311720379295e-06,3.1373239609035827e-06,3.1373362012648134e-06,3.137348441461912e-06,3.1373606814959533e-06,3.1373729213660916e-06,3.13738516107497e-06,3.1373974006179865e-06,3.1374096400051517e-06,3.1374218791828275e-06,3.1374341182479555e-06,3.137446357140723e-06,3.1374585958485587e-06,3.1374708344165144e-06,3.137483072823333e-06,3.1374953110658954e-06,3.1375075491324414e-06,3.137519787048885e-06,3.137532024802607e-06,3.1375442623919656e-06,3.1375564998194617e-06,3.1375687370755314e-06,3.1375809741575825e-06,3.1375932110790873e-06,3.1376054478598983e-06,3.137617684511519e-06,3.1376299209620494e-06,3.1376421572458007e-06,3.1376543933706397e-06,3.1376666293379103e-06,3.137678865134699e-06,3.137691100753995e-06,3.137703336224329e-06,3.1377155715329026e-06,3.1377278066770223e-06,3.1377400416710758e-06,3.137752276490166e-06,3.1377645111583507e-06,3.1377767456736767e-06,3.1377889800120805e-06,3.1378012142015356e-06,3.1378134481948505e-06,3.1378256820385646e-06,3.1378379157266868e-06,3.1378501492010098e-06,3.1378623825470797e-06,3.137874615733588e-06,3.137886848757463e-06,3.137899081619815e-06,3.137911314306421e-06,3.137923546843255e-06,3.137935779217049e-06,3.1379480114318105e-06,3.13796024347715e-06,3.1379724753594376e-06,3.137984707032261e-06,3.1379969385812213e-06,3.1380091699757248e-06,3.138021401200602e-06,3.138033632270139e-06,3.1380458631818583e-06,3.1380580939257185e-06,3.138070324510888e-06,3.1380825549190203e-06,3.138094785175619e-06,3.1381070152672713e-06,3.1381192452063397e-06,3.1381314749201854e-06,3.1381437045285365e-06,3.1381559339752534e-06,3.1381681632531164e-06,3.138180392381152e-06,3.1381926213322835e-06,3.1382048501209833e-06,3.138217078747571e-06,3.138229307209975e-06,3.1382415354954028e-06,3.1382537636331963e-06,3.1382659916009687e-06,3.138278219417607e-06,3.1382904470590618e-06,3.1383026745641738e-06,3.138314901890746e-06,3.1383271290498357e-06,3.138339356045323e-06,3.1383515828773286e-06,3.138363809547635e-06,3.138376036057715e-06,3.1383882624036966e-06,3.1384004885862704e-06,3.1384127146062126e-06,3.1384249404597336e-06,3.138437166147038e-06,3.1384493916764765e-06,3.13846161704323e-06,3.1384738422522675e-06,3.1384860672558193e-06,3.138498292139687e-06,3.1385105168537547e-06,3.138522741407987e-06,3.1385349657954052e-06,3.138547190021981e-06,3.138559414057383e-06,3.1385716379619925e-06,3.138583861700197e-06,3.1385960852752772e-06,3.138608308687584e-06,3.1386205319364618e-06,3.1386327550193245e-06,3.1386449779321618e-06,3.1386572007036047e-06,3.1386694233013348e-06,3.138681645736484e-06,3.138693868008575e-06,3.1387060901171946e-06,3.1387183120626936e-06,3.1387305338431893e-06,3.1387427554622186e-06,3.1387549769310523e-06,3.1387671982234453e-06,3.1387794193413817e-06,3.1387916402867165e-06,3.1388038610999273e-06,3.138816081745047e-06,3.138828302225578e-06,3.1388405225418853e-06,3.1388527426955127e-06,3.138864962689537e-06,3.1388771825201292e-06,3.138889402169462e-06,3.1389016216749493e-06,3.138913841016518e-06,3.1389260601971264e-06,3.138938279199524e-06,3.138950498051661e-06,3.1389627167407517e-06,3.1389749352640055e-06,3.1389871536283704e-06,3.1389993718134446e-06,3.139011589857329e-06,3.1390238077941794e-06,3.1390360255027476e-06,3.1390482430733477e-06,3.1390604604578136e-06,3.139072677680387e-06,3.139084894741028e-06,3.1390971116535875e-06,3.1391093283933266e-06,3.1391215449610473e-06,3.1391337613715935e-06,3.1391459776240384e-06,3.1391581937029423e-06,3.139170409625427e-06,3.1391826253805646e-06,3.139194840981143e-06,3.1392070564139e-06,3.1392192716766066e-06,3.13923148678397e-06,3.13924370172808e-06,3.139255916506522e-06,3.1392681311498396e-06,3.1392803456069566e-06,3.1392925599066204e-06,3.1393047740352996e-06,3.1393169880151047e-06,3.139329201826877e-06,3.139341415468989e-06,3.1393536289444154e-06,3.139365842262476e-06,3.1393780554163252e-06,3.139390268408047e-06,3.1394024812187983e-06,3.139414693876984e-06,3.1394269063681497e-06,3.139439118707491e-06,3.139451330929412e-06,3.1394635429437136e-06,3.1394757547933778e-06,3.139487966486973e-06,3.1395001779541643e-06,3.1395123893160273e-06,3.139524600508482e-06,3.1395368115483073e-06,3.139549022426099e-06,3.1395612331505566e-06,3.139573443699494e-06,3.1395856540772064e-06,3.1395978643045624e-06,3.1396100743673517e-06,3.139622284265995e-06,3.1396344939979696e-06,3.139646703570601e-06,3.1396589129842017e-06,3.139671122230768e-06,3.1396833313119766e-06,3.1396955402151333e-06,3.1397077489734305e-06,3.139719957570656e-06,3.1397321660071453e-06,3.139744374279547e-06,3.139756582361249e-06,3.1397687902958035e-06,3.1397809980664467e-06,3.139793205687634e-06,3.1398054131228554e-06,3.1398176204113293e-06,3.1398298275422945e-06,3.1398420345162228e-06,3.1398542413252637e-06,3.139866447990321e-06,3.13987865447099e-06,3.139890860790576e-06,3.1399030669443665e-06,3.139915272938727e-06,3.1399274787694123e-06,3.1399396844369413e-06,3.139951889941196e-06,3.1399640952835666e-06,3.1399763004692364e-06,3.139988505485733e-06,3.140000710339311e-06,3.1400129150309e-06,3.1400251195625148e-06,3.140037323928927e-06,3.1400495281307684e-06,3.140061732172248e-06,3.140073936051536e-06,3.1400861397655493e-06,3.1400983433166673e-06,3.1401105467046087e-06,3.140122749928401e-06,3.1401349530116017e-06,3.1401471559151893e-06,3.1401593586474053e-06,3.1401715612047673e-06,3.1401837636183735e-06,3.1401959658686138e-06,3.1402081679570648e-06,3.14022036988369e-06,3.140232571647215e-06,3.1402447732635773e-06,3.140256974709532e-06,3.140269175984299e-06,3.140281377096239e-06,3.1402935780469375e-06,3.1403057788352145e-06,3.140317979459177e-06,3.140330179922688e-06,3.1403423802291968e-06,3.1403545803294437e-06,3.140366780302794e-06,3.140378980111597e-06,3.1403911797748856e-06,3.1404033792601646e-06,3.140415578582916e-06,3.1404277777534272e-06,3.140439976750995e-06,3.140452175600881e-06,3.1404643742779657e-06,3.1404765728029283e-06,3.1404887711583967e-06,3.1405009693424913e-06,3.140513167379309e-06,3.140525365237071e-06,3.140537562923853e-06,3.1405497604618226e-06,3.1405619578300745e-06,3.1405741550183565e-06,3.140586352063923e-06,3.1405985489462847e-06,3.1406107456564352e-06,3.1406229422156047e-06,3.1406351386112163e-06,3.140647334845049e-06,3.1406595309110223e-06,3.1406717268255767e-06,3.1406839225914117e-06,3.140696118173207e-06,3.140708313593119e-06,3.1407205088498855e-06,3.140732703946159e-06,3.140744898878105e-06,3.1407570936449395e-06,3.14076928825293e-06,3.1407814827106e-06,3.14079367701687e-06,3.1408058711357843e-06,3.1408180650926746e-06,3.1408302588765172e-06,3.1408424525079105e-06,3.140854645973271e-06,3.140866839279721e-06,3.140879032422502e-06,3.1408912254039836e-06,3.1409034182587705e-06,3.140915610914918e-06,3.140927803401221e-06,3.1409399957189414e-06,3.1409521878889225e-06,3.140964379880834e-06,3.1409765717195065e-06,3.1409887634003083e-06,3.1410009549198832e-06,3.1410131462754205e-06,3.1410253374690457e-06,3.1410375284990653e-06,3.141049719365148e-06,3.1410619100743987e-06,3.1410741006176225e-06,3.1410862909974214e-06,3.1410984812144545e-06,3.1411106712691385e-06,3.1411228611349617e-06,3.141135050858196e-06,3.1411472404292464e-06,3.1411594298335586e-06,3.1411716190768523e-06,3.1411838081638215e-06,3.1411959970778168e-06,3.1412081858409932e-06,3.141220374438963e-06,3.1412325629130836e-06,3.1412447511642315e-06,3.14125693926799e-06,3.1412691272094177e-06,3.141281314989098e-06,3.1412935026046767e-06,3.141305690052856e-06,3.141317877344846e-06,3.141330064481167e-06,3.1413422514629716e-06,3.1413544382603222e-06,3.1413666249594424e-06,3.1413788114384683e-06,3.1413909977551264e-06,3.1414031839096277e-06,3.141415369903299e-06,3.1414275557567166e-06,3.141439741421937e-06,3.141451926929179e-06,3.14146411227114e-06,3.141476297450746e-06,3.141488482467147e-06,3.1415006673224306e-06,3.141512852015224e-06,3.141525036522993e-06,3.14153722088322e-06,3.141549405087182e-06,3.1415615891286245e-06,3.141573772997678e-06,3.14158595671638e-06,3.141598140271257e-06,3.141610323675318e-06,3.1416225069054255e-06,3.141634689969312e-06,3.141646872869954e-06,3.141659055613852e-06,3.1416712381934996e-06,3.141683420612928e-06,3.141695602869519e-06,3.14170778495984e-06,3.1417199668958404e-06,3.1417321486944413e-06,3.141744330300452e-06,3.141756511694008e-06,3.1417686929733608e-06,3.141780874088915e-06,3.1417930550453036e-06,3.141805235771838e-06,3.1418174163980057e-06,3.1418295968696474e-06,3.141841777182148e-06,3.1418539573249325e-06,3.141866137304225e-06,3.141878317122013e-06,3.141890496776006e-06,3.1419026762699095e-06,3.141914855586045e-06,3.141927034763065e-06,3.1419392137693064e-06,3.141951392610531e-06,3.141963571291606e-06,3.141975749809847e-06,3.1419879281661387e-06,3.142000106363681e-06,3.142012284394131e-06,3.1420244622624897e-06,3.1420366399348243e-06,3.14204881747584e-06,3.142060994901763e-06,3.1420731721218885e-06,3.1420853491777952e-06,3.142097526072114e-06,3.142109702804126e-06,3.1421218793731208e-06,3.1421340557856043e-06,3.1421462320302865e-06,3.142158408111696e-06,3.1421705840347213e-06,3.142182759792962e-06,3.14219493538701e-06,3.1422071108299554e-06,3.142219286100734e-06,3.142231461201854e-06,3.142243636147539e-06,3.14225581093063e-06,3.1422679855512314e-06,3.1422801600090544e-06,3.1422923343055937e-06,3.1423045084375673e-06,3.14231668240969e-06,3.1423288562019534e-06,3.1423410298357526e-06,3.1423532033210894e-06,3.1423653766480306e-06,3.1423775498073875e-06,3.142389722802485e-06,3.142401895629404e-06,3.142414068301071e-06,3.1424262408107076e-06,3.1424384131578947e-06,3.1424505853427233e-06,3.142462757438598e-06,3.1424749293059928e-06,3.142487101002339e-06,3.1424992725366656e-06,3.142511443910679e-06,3.1425236151206647e-06,3.1425357861681555e-06,3.1425479570536347e-06,3.1425601277792437e-06,3.1425722983365625e-06,3.142584468724464e-06,3.1425966389604524e-06,3.142608809034286e-06,3.1426209789454995e-06,3.1426331486910884e-06,3.1426453182369054e-06,3.1426574876549407e-06,3.1426696569217337e-06,3.1426818260221583e-06,3.1426939949562604e-06,3.142706163731103e-06,3.142718332354314e-06,3.1427305008072526e-06,3.1427426690968617e-06,3.14275483722261e-06,3.1427670051859647e-06,3.142779172986527e-06,3.1427913406148495e-06,3.142803508092817e-06,3.1428156754187223e-06,3.142827842570944e-06,3.1428400095582163e-06,3.1428521764010296e-06,3.1428643430700043e-06,3.1428765095787893e-06,3.1428886759172665e-06,3.1429008420950366e-06,3.142913008094071e-06,3.1429251739478487e-06,3.142937339637473e-06,3.142949505168581e-06,3.142961670547955e-06,3.142973835751956e-06,3.142986000794805e-06,3.1429981656709088e-06,3.1430103303817304e-06,3.143022494935682e-06,3.1430346593186985e-06,3.143046823551112e-06,3.1430589876182367e-06,3.143071151532328e-06,3.1430833152769905e-06,3.1430954788812085e-06,3.1431076423016598e-06,3.143119805558944e-06,3.1431319686536443e-06,3.143144131585622e-06,3.143156294356806e-06,3.14316845694512e-06,3.143180619389301e-06,3.143192781671603e-06,3.14320494379703e-06,3.143217105756407e-06,3.143229267539125e-06,3.1432414291739413e-06,3.143253590628002e-06,3.143265751938132e-06,3.1432779130821756e-06,3.143290074067408e-06,3.143302234896604e-06,3.143314395557842e-06,3.1433265560500595e-06,3.143338716386015e-06,3.1433508765597896e-06,3.1433630365712496e-06,3.1433751964268047e-06,3.1433873561111283e-06,3.143399515636182e-06,3.1434116749925223e-06,3.1434238341722235e-06,3.143435993210231e-06,3.1434481520725463e-06,3.143460310763106e-06,3.1434724693341867e-06,3.1434846276438855e-06,3.1434967858451213e-06,3.1435089439066154e-06,3.143521101809281e-06,3.143533259550491e-06,3.143545417132217e-06,3.143557574508452e-06,3.1435697317619466e-06,3.143581888858283e-06,3.143594045790089e-06,3.1436062025581648e-06,3.143618359166637e-06,3.1436305156089427e-06,3.1436426718914867e-06,3.1436548280053178e-06,3.143666983962192e-06,3.143679139749907e-06,3.143691295379882e-06,3.143703450832659e-06,3.1437156061395594e-06,3.143727761284889e-06,3.1437399162634192e-06,3.1437520710841965e-06,3.1437642257429974e-06,3.143776380237908e-06,3.143788534573643e-06,3.1438006887642188e-06,3.143812842771928e-06,3.143824996619364e-06,3.1438371503422226e-06,3.1438493038631305e-06,3.14386145722395e-06,3.1438736104273805e-06,3.1438857634586783e-06,3.143897916318319e-06,3.1439100690262615e-06,3.1439222215763976e-06,3.1439343739640266e-06,3.143946526190288e-06,3.1439586782541824e-06,3.1439708301484757e-06,3.14398298188804e-06,3.1439951334657e-06,3.144007284881363e-06,3.1440194361338482e-06,3.144031587270642e-06,3.1440437381987647e-06,3.1440558889531198e-06,3.1440680395581014e-06,3.14408018998215e-06,3.1440923402617326e-06,3.144104490378881e-06,3.144116640334294e-06,3.1441287901341752e-06,3.1441409397762863e-06,3.1441530892451503e-06,3.1441652385511764e-06,3.144177387694298e-06,3.144189536676205e-06,3.1442016854855883e-06,3.144213834112644e-06,3.1442259826104638e-06,3.1442381309382956e-06,3.144250279121422e-06,3.1442624271319507e-06,3.144274574978708e-06,3.1442867226643568e-06,3.1442988701959226e-06,3.14431101756833e-06,3.1443231647682706e-06,3.144335311804964e-06,3.144347458679037e-06,3.1443596053929024e-06,3.1443717519443994e-06,3.1443838983339073e-06,3.144396044560031e-06,3.144408190656636e-06,3.144420336558577e-06,3.1444324823055428e-06,3.1444446278851525e-06,3.144456773296444e-06,3.1444689185448855e-06,3.1444810636347705e-06,3.1444932085577797e-06,3.144505353325588e-06,3.1445174979434316e-06,3.144529642386923e-06,3.1445417866708678e-06,3.144553930790355e-06,3.144566074749603e-06,3.144578218540078e-06,3.1445903621731525e-06,3.144602505643389e-06,3.1446146489436893e-06,3.14462679209031e-06,3.1446389350735994e-06,3.144651077896281e-06,3.144663220559881e-06,3.144675363056518e-06,3.144687505388529e-06,3.1446996475697925e-06,3.144711789597043e-06,3.1447239314479413e-06,3.1447360731353915e-06,3.1447482146221744e-06,3.1447603559844033e-06,3.144772497186208e-06,3.1447846382112194e-06,3.144796779083642e-06,3.1448089197988895e-06,3.1448210603490433e-06,3.144833200744651e-06,3.144845340973517e-06,3.1448574810042483e-06,3.1448696209069055e-06,3.14488176065185e-06,3.144893900297383e-06,3.1449060397167624e-06,3.144918178973836e-06,3.1449303180650058e-06,3.1449424569979285e-06,3.1449545957694444e-06,3.144966734387674e-06,3.1449788728346963e-06,3.144991011119735e-06,3.1450031492441647e-06,3.1450152871843394e-06,3.1450274249828177e-06,3.1450395626196166e-06,3.1450517000929393e-06,3.1450638374082167e-06,3.145075974560151e-06,3.1450881115496756e-06,3.1451002483759567e-06,3.145112385040688e-06,3.1451245215445156e-06,3.145136657891338e-06,3.1451487940667466e-06,3.1451609300681276e-06,3.1451730659174625e-06,3.145185201610307e-06,3.1451973371439845e-06,3.145209472504259e-06,3.145221607696952e-06,3.1452337427404527e-06,3.1452458776236367e-06,3.145258012345101e-06,3.1452701469100197e-06,3.145282281294376e-06,3.1452944155254043e-06,3.145306549631597e-06,3.1453186835486807e-06,3.145330817291289e-06,3.145342950876954e-06,3.145355084297631e-06,3.1453672175490675e-06,3.145379350651204e-06,3.1453914835897705e-06,3.1454036163702173e-06,3.1454157489850713e-06,3.145427881439567e-06,3.145440013719714e-06,3.145452145847461e-06,3.145464277814195e-06,3.145476409616095e-06,3.1454885412587004e-06,3.145500672740171e-06,3.1455128040966842e-06,3.1455249352674482e-06,3.1455370662629116e-06,3.1455491970951212e-06,3.145561327765233e-06,3.145573458277763e-06,3.1455855886067155e-06,3.145597718794973e-06,3.145609848818909e-06,3.145621978627051e-06,3.145634108324742e-06,3.1456462378630134e-06,3.1456583672431214e-06,3.145670496451456e-06,3.1456826254811543e-06,3.1456947543845615e-06,3.1457068830989177e-06,3.14571901166587e-06,3.145731140065918e-06,3.145743268306875e-06,3.1457553963838495e-06,3.1457675243025737e-06,3.145779652061994e-06,3.145791779658418e-06,3.14580390708605e-06,3.1458160343542346e-06,3.1458281614633685e-06,3.1458402884395475e-06,3.1458524152223683e-06,3.1458645418456026e-06,3.1458766683078604e-06,3.14588879460833e-06,3.1459009207466957e-06,3.1459130467225567e-06,3.1459251725752866e-06,3.1459372982223146e-06,3.145949423710098e-06,3.1459615490411326e-06,3.145973674206838e-06,3.1459857992130807e-06,3.1459979240506247e-06,3.1460100487313177e-06,3.1460221732492067e-06,3.1460342976044925e-06,3.146046421799314e-06,3.1460585458317907e-06,3.1460706697048966e-06,3.146082793413995e-06,3.1460949169607272e-06,3.1461070403449757e-06,3.1461191635680436e-06,3.146131286634978e-06,3.1461434095204027e-06,3.1461555322563733e-06,3.1461676548369086e-06,3.1461797772510833e-06,3.1461918995034806e-06,3.146204021595734e-06,3.1462161435273088e-06,3.146228265293325e-06,3.1462403868976785e-06,3.1462525083407507e-06,3.1462646296214615e-06,3.146276750738294e-06,3.1462888716953e-06,3.1463009924902458e-06,3.1463131130992844e-06,3.1463252335718385e-06,3.1463373538812337e-06,3.146349474043455e-06,3.146361594021647e-06,3.146373713842914e-06,3.1463858335063027e-06,3.146397953006512e-06,3.14641007235147e-06,3.1464221915293335e-06,3.1464343105453395e-06,3.1464464293998964e-06,3.1464585480914726e-06,3.1464706666228313e-06,3.1464827849926765e-06,3.1464949032034896e-06,3.1465070212479306e-06,3.1465191391267483e-06,3.146531256847734e-06,3.1465433744085615e-06,3.146555491824104e-06,3.146567609059618e-06,3.1465797261349565e-06,3.1465918430469974e-06,3.1466039597974956e-06,3.146616076386508e-06,3.1466281928089036e-06,3.14664030907348e-06,3.1466524251757013e-06,3.146664541116053e-06,3.1466766568955043e-06,3.1466887725136173e-06,3.146700887968722e-06,3.1467130032670726e-06,3.1467251183807694e-06,3.146737233340386e-06,3.1467493481495858e-06,3.1467614627972023e-06,3.14677357728208e-06,3.1467856916061126e-06,3.1467978057690298e-06,3.146809919766941e-06,3.146822033610288e-06,3.1468341472496888e-06,3.1468462607567576e-06,3.1468583741096987e-06,3.1468704873007887e-06,3.146882600337354e-06,3.1468947132088945e-06,3.1469068259133014e-06,3.14691893849575e-06,3.1469310508810727e-06,3.1469431631016887e-06,3.1469552751416436e-06,3.1469673870386163e-06,3.1469794987544633e-06,3.1469916103300802e-06,3.14700372172942e-06,3.147015832978266e-06,3.147027944065344e-06,3.147040054991497e-06,3.1470521657517366e-06,3.1470642763535637e-06,3.14707638679495e-06,3.1470884970845225e-06,3.1471006072011315e-06,3.1471127171471417e-06,3.147124826942782e-06,3.1471369365741575e-06,3.1471490460441822e-06,3.147161155353534e-06,3.1471732644996822e-06,3.1471853734843295e-06,3.1471974823105715e-06,3.1472095909683115e-06,3.1472216994659746e-06,3.147233807805008e-06,3.1472459159819826e-06,3.1472580239969334e-06,3.147270131848489e-06,3.1472822395391275e-06,3.1472943470693456e-06,3.1473064544234265e-06,3.1473185616339434e-06,3.147330668679452e-06,3.1473427755529594e-06,3.147354882270245e-06,3.1473669888256405e-06,3.1473790952235813e-06,3.1473912014603136e-06,3.147403307538814e-06,3.147415413450499e-06,3.1474275191965588e-06,3.1474396247857665e-06,3.1474517301927406e-06,3.1474638354423576e-06,3.147475940543272e-06,3.1474880454729727e-06,3.1475001502541034e-06,3.1475122548744536e-06,3.1475243593377954e-06,3.147536463644405e-06,3.1475485677788443e-06,3.1475606717573185e-06,3.147572775617529e-06,3.147584879265709e-06,3.1475969827538454e-06,3.147609086080414e-06,3.1476211892448796e-06,3.1476332922469395e-06,3.147645395087758e-06,3.147657497771161e-06,3.147669600288116e-06,3.1476817026330473e-06,3.1476938048261704e-06,3.1477059068583514e-06,3.1477180087409197e-06,3.1477301104469277e-06,3.1477422119934408e-06,3.147754313378408e-06,3.147766414596041e-06,3.147778515657661e-06,3.147790616558053e-06,3.147802717297575e-06,3.1478148178754336e-06,3.147826918286087e-06,3.147839018541025e-06,3.147851118633881e-06,3.147863218573013e-06,3.147875318341483e-06,3.147887417937877e-06,3.147899517383536e-06,3.147911616636098e-06,3.147923715757701e-06,3.147935814720597e-06,3.147947913509294e-06,3.147960012147201e-06,3.147972110622995e-06,3.147984208930997e-06,3.147996307084579e-06,3.1480084050292308e-06,3.148020502859345e-06,3.148032600509359e-06,3.1480446980184754e-06,3.148056795350022e-06,3.1480688925389567e-06,3.1480809895601945e-06,3.148093086423278e-06,3.1481051831085717e-06,3.1481172796380975e-06,3.1481293760133224e-06,3.148141472227675e-06,3.148153568269578e-06,3.1481656641595795e-06,3.1481777598881446e-06,3.1481898554533425e-06,3.148201950835182e-06,3.1482140460784663e-06,3.1482261411918683e-06,3.1482382361088784e-06,3.148250330875515e-06,3.1482624254792385e-06,3.1482745198847204e-06,3.1482866141588444e-06,3.1482987082724066e-06,3.1483108022211383e-06,3.148322896011219e-06,3.148334989592525e-06,3.1483470830585205e-06,3.1483591764326186e-06,3.14837126957713e-06,3.1483833625588315e-06,3.1483954553811974e-06,3.1484075480175654e-06,3.1484196405156117e-06,3.1484317328503966e-06,3.1484438250237553e-06,3.1484559170331724e-06,3.148468008883836e-06,3.148480100569789e-06,3.1484921920977367e-06,3.1485042834565893e-06,3.1485163746654853e-06,3.1485284657068683e-06,3.1485405565883395e-06,3.1485526472612932e-06,3.1485647378213946e-06,3.148576828216421e-06,3.1485889184520433e-06,3.1486010085260003e-06,3.1486130984283353e-06,3.148625188180514e-06,3.148637277769106e-06,3.148649367192012e-06,3.148661456461702e-06,3.1486735455658804e-06,3.148685634507413e-06,3.1486977232830677e-06,3.1487098119020424e-06,3.148721900361378e-06,3.1487339886556574e-06,3.148746076790911e-06,3.14875816477009e-06,3.1487702525718047e-06,3.1487823402225407e-06,3.1487944277136333e-06,3.1488065150432667e-06,3.1488186022131196e-06,3.148830689210921e-06,3.148842776060358e-06,3.1488548627411703e-06,3.148866949262802e-06,3.1488790356207264e-06,3.1488911218001077e-06,3.1489032078364128e-06,3.148915293711088e-06,3.1489273794377207e-06,3.148939464984373e-06,3.1489515504268284e-06,3.148963635641348e-06,3.1489757207068713e-06,3.148987805612849e-06,3.1489998903579456e-06,3.1490119749412546e-06,3.1490240593616127e-06,3.1490361436233135e-06,3.14904822773153e-06,3.149060311647135e-06,3.149072395422444e-06,3.1490844790368304e-06,3.149096562491059e-06,3.1491086457869347e-06,3.149120728915451e-06,3.1491328118840057e-06,3.1491448946905094e-06,3.1491569773304e-06,3.149169059831218e-06,3.149181142147591e-06,3.149193224307321e-06,3.1492053063874196e-06,3.1492173882254016e-06,3.149229469902613e-06,3.1492415514170277e-06,3.149253632767934e-06,3.14926571394522e-06,3.1492777949751583e-06,3.149289875844472e-06,3.149301956551805e-06,3.149314037098568e-06,3.1493261174832105e-06,3.149338197707527e-06,3.1493502777673172e-06,3.1493623576494e-06,3.149374437403736e-06,3.149386516979496e-06,3.149398596395738e-06,3.1494106756578593e-06,3.1494227547498647e-06,3.149434833680083e-06,3.1494469124708108e-06,3.1494589910798503e-06,3.149471069531848e-06,3.1494831478200783e-06,3.1494952259445e-06,3.1495073038720035e-06,3.1495193816793907e-06,3.1495314593251297e-06,3.1495435368037572e-06,3.1495556141201127e-06,3.149567691275463e-06,3.149579768271278e-06,3.149591845103896e-06,3.1496039217607195e-06,3.1496159982834165e-06,3.1496280746432168e-06,3.1496401508288e-06,3.1496522268538103e-06,3.1496643027140094e-06,3.1496763784009627e-06,3.1496884539403586e-06,3.1497005293167024e-06,3.149712604535797e-06,3.149724679593646e-06,3.1497367544829335e-06,3.1497488292335173e-06,3.1497609038069963e-06,3.149772978219191e-06,3.14978505246435e-06,3.149797126552081e-06,3.149809200481669e-06,3.149821274252254e-06,3.149833347836723e-06,3.149845421267895e-06,3.149857494551846e-06
12,-1.1497405526939674e-84,1.1623595502955792e-84,5.407251344480196e-84,1.6276590404112556e-83,3.941042143224421e-83,8.346243002516386e-83,1.6085935998322468e-82,2.88669744513622e-82,4.898216244984594e-82,7.932800282029176e-82,1.2363633686907255e-81,1.8653211274632603e-81,2.7365292627876717e-81,3.918125137392468e-81,5.471865974703318e-81,7.529099202865899e-81,1.0185259838340097e-80,1.3570376734636702e-80,1.7834270741667205e-80,2.314836951603563e-80,2.96432340609914e-80,3.758184690801768e-80,4.729850515084047e-80,5.900419888646309e-80,7.300939612935931e-80,8.965883818120706e-80,1.0933482842654505e-79,1.3245897078639495e-79,1.5949529122128003e-79,1.909528456689287e-79,2.273885301786875e-79,2.6940997580604068e-79,3.1767852814573754e-79,3.72912311388262e-79,4.358893767821326e-79,5.0745093539638115e-79,5.885046750751941e-79,6.800281614855153e-79,7.830723231635112e-79,8.987650204665731e-79,1.0283146983459228e-78,1.1730141228508196e-78,1.3342442012904255e-78,1.513477885974292e-78,1.712284161450468e-78,1.932332115174938e-78,2.175395091539855e-78,2.4433549291837326e-78,2.73820628152576e-78,3.0620610204479286e-78,3.417152723062878e-78,3.805841241495651e-78,4.230617355624552e-78,4.694107508698144e-78,5.199078625784884e-78,5.748443014964851e-78,6.345263351228668e-78,6.992757742997943e-78,7.694304881200251e-78,8.453449270840891e-78,9.273906545030477e-78,1.015956886134303e-77,1.111451038052779e-77,1.2142992827404568e-77,1.3249471133966239e-77,1.4438599164598892e-77,1.5715235523311455e-77,1.7084449442990408e-77,1.8551526756519514e-77,2.0121975949809645e-77,2.1801534296549652e-77,2.3596174074731616e-77,2.5512108864800823e-77,2.7555799929417647e-77,2.973396267471137e-77,3.2053573193064124e-77,3.4521874887214087e-77,3.714638517571481e-77,3.993490227972322e-77,4.289551209087692e-77,4.6036595120427284e-77,4.936683352936835e-77,5.2895218239593155e-77,5.6631056125983084e-77,6.0583977289452576e-77,6.476394241068458e-77,6.918125018474118e-77,7.384654483623744e-77,7.87708237152608e-77,8.39654449737823e-77,8.944213532253235e-77,9.521299786835026e-77,1.012905200319596e-76,1.0768758154589595e-76,1.1441746253278511e-76,1.2149385166372255e-76,1.2893085439693491e-76,1.367430012961592e-76,1.449452564293611e-76,1.535530258471356e-76,1.6258216614097932e-76,1.7204899308152137e-76,1.8197029033630877e-76,1.9236331826731583e-76,2.0324582280803066e-76,2.146360444200737e-76,2.2655272712942378e-76,2.3901512764179334e-76,2.5204302453755994e-76,2.6565672754601243e-76,2.7987708689841746e-76,2.9472550276080055e-76,3.102239347455476e-76,3.26394911502043e-76,3.4326154038602485e-76,3.6084751720840215e-76,3.791771360625291e-76,3.982752992302429e-76,4.181675271666748e-76,4.388799685640012e-76,4.604394104931101e-76,4.828732886244886e-76,5.062096975274257e-76,5.304774010469071e-76,5.55705842760124e-76,5.819251565101047e-76,6.091661770179665e-76,6.374604505737595e-76,6.668402458046211e-76,6.973385645212943e-76,7.289891526430739e-76,7.618265111998982e-76,7.958859074123744e-76,8.312033858502273e-76,8.678157796681321e-76,9.057607219183113e-76,9.450766569426353e-76,9.858028518405029e-76,1.0279794080144522e-75,1.071647272794461e-75,1.116848251138015e-75,1.1636250174083328e-75,1.212021127229398e-75,1.262081029418637e-75,1.3138500779964273e-75,1.3673745442720317e-75,1.4227016290076092e-75,1.4798794746588807e-75,1.5389571776911729e-75,1.5999848009750253e-75,1.6630133862558627e-75,1.7280949667016457e-75,1.7952825795268429e-75,1.8646302786937044e-75,1.9361931476880386e-75,2.0100273123735112e-75,2.0861899539217662e-75,2.164739321817723e-75,2.2457347469424315e-75,2.329236654731548e-75,2.415306578410098e-75,2.5040071723026135e-75,2.5954022252208275e-75,2.689556673925316e-75,2.7865366166649716e-75,2.8864093267907077e-75,2.98924326644483e-75,3.095108100328351e-75,3.2040747095420246e-75,3.316215205502045e-75,3.431602943933551e-75,3.550312538939065e-75,3.6724198771406685e-75,3.7980021318989793e-75,3.927137777607539e-75,4.0599066040615366e-75,4.196389730901827e-75,4.336669622134852e-75,4.480830100727324e-75,4.628956363273357e-75,4.781134994742269e-75,4.937453983294883e-75,5.098002735178326e-75,5.262872089694612e-75,5.432154334244341e-75,5.605943219444121e-75,5.78433397431866e-75,5.967423321569368e-75,6.155309492912959e-75,6.348092244499685e-75,6.545872872402537e-75,6.748754228181475e-75,6.95684073452117e-75,7.170238400945724e-75,7.389054839603039e-75,7.613399281126575e-75,7.843382590570631e-75,8.079117283417354e-75,8.320717541661295e-75,8.568299229963407e-75,8.821979911882579e-75,9.08187886617745e-75,9.34811710318587e-75,9.620817381272924e-75,9.900104223359162e-75,1.0186103933513165e-74,1.0478944613625759e-74,1.0778756180154103e-74,1.108567038093918e-74,1.139982081209243e-74,1.1721342934968588e-74,1.2050374093193964e-74,1.238705352977963e-74,1.2731522404306418e-74,1.3083923810175891e-74,1.344440279194351e-74,1.38131063627192e-74,1.4190183521638309e-74,1.4575785271411881e-74,1.497006463594621e-74,1.5373176678030907e-74,1.5785278517106005e-74,1.6206529347102854e-74,1.6637090454347069e-74,1.7077125235540549e-74,1.7526799215818373e-74,1.7986280066875767e-74,1.8455737625161187e-74,1.8935343910150527e-74,1.942527314269095e-74,1.9925701763408782e-74,2.0436808451203257e-74,2.0958774141796953e-74,2.149178204637229e-74,2.2036017670271792e-74,2.25916688317664e-74,2.315892568090556e-74,2.3737980718434027e-74,2.4329028814772508e-74,2.493226722908967e-74,2.554789562842034e-74,2.617611610687437e-74,2.681713320491194e-74,2.7471153928680565e-74,2.813838776943922e-74,2.8819046723037597e-74,2.9513345309480164e-74,3.0221500592554794e-74,3.0943732199525352e-74,3.1680262340915397e-74,3.2431315830339664e-74,3.3197120104414255e-74,3.3977905242756388e-74,3.477390398801441e-74,3.5585351766007484e-74,3.64124867059248e-74,3.7255549660576336e-74,3.811478422673861e-74,3.899043676556031e-74,3.988275642303336e-74,4.079199515054432e-74,4.171840772549391e-74,4.266225177197509e-74,4.362378778153884e-74,4.4603279134021786e-74,4.560099211843379e-74,4.661719595393786e-74,4.765216281087426e-74,4.8706167831879125e-74,4.977948915305412e-74,5.0872407925219096e-74,5.1985208335217176e-74,5.3118177627310125e-74,5.4271606124633545e-74,5.5445787250709165e-74,5.664101755106291e-74,5.785759671485891e-74,5.9095827596651744e-74,6.0356016238184326e-74,6.163847189026016e-74,6.2943507034673725e-74,6.427143740623836e-74,6.5622582014849945e-74,6.699726316763316e-74,6.839580649117158e-74,6.981854095377716e-74,7.126579888785433e-74,7.27379160123199e-74,7.423523145509493e-74,7.575808777566893e-74,7.730683098771573e-74,7.88818105818088e-74,8.04833795481682e-74,8.211189439950857e-74,8.376771519394011e-74,8.545120555793e-74,8.716273270935097e-74,8.890266748059097e-74,9.067138434171044e-74,9.246926142371649e-74,9.429668054184257e-74,9.615402721895411e-74,9.804169070897302e-74,9.99600640204107e-74,1.0190954393994533e-73,1.0389053105607757e-73,1.0590342978283545e-73,1.0794864838357946e-73,1.1002659899483878e-73,1.121376976502518e-73,1.1428236430453199e-73,1.1646102285754528e-73,1.1867410117843102e-73,1.2092203112977114e-73,1.2320524859188972e-73,1.2552419348714333e-73,1.2787930980432111e-73,1.3027104562311473e-73,1.3269985313864182e-73,1.3516618868603773e-73,1.3767051276512358e-73,1.4021329006511963e-73,1.4279498948945322e-73,1.454160841806245e-73,1.4807705154510793e-73,1.507783732783901e-73,1.5352053538999418e-73,1.5630402822862456e-73,1.5912934650737537e-73,1.6199698932895134e-73,1.6490746021102517e-73,1.678612671116541e-73,1.708589224546812e-73,1.7390094315531064e-73,1.7698785064568036e-73,1.8012017090052956e-73,1.8329843446292707e-73,1.8652317647004168e-73,1.8979493667902814e-73,1.9311425949292642e-73,1.964816939866623e-73,1.9989779393311178e-73,2.0336311782919743e-73,2.068782289220961e-73,2.104436952354931e-73,2.1406008959587202e-73,2.177279896589382e-73,2.2144797793603105e-73,2.25220641820661e-73,2.2904657361508556e-73,2.3292637055696027e-73,2.368606348460243e-73,2.4084997367090556e-73,2.4489499923595414e-73,2.489963287881309e-73,2.5315458464400972e-73,2.5737039421677876e-73,2.6164439004337246e-73,2.6597720981162088e-73,2.703694963874903e-73,2.7482189784237102e-73,2.7933506748045545e-73,2.8390966386613297e-73,2.885463508515079e-73,2.932457976039545e-73,2.9800867863370534e-73,3.0283567382156974e-73,3.077274684466812e-73,3.1268475321429255e-73,3.177082242836347e-73,3.227985832959292e-73,3.279565374023274e-73,3.331827992919852e-73,3.3847808722025335e-73,3.4384312503682123e-73,3.492786422139858e-73,3.5478537387500073e-73,3.603640608224658e-73,3.660154495667373e-73,3.717402923545263e-73,3.775393471974055e-73,3.8341337790050595e-73,3.8936315409118106e-73,3.953894512478246e-73,4.014930507286842e-73,4.076747398007761e-73,4.1393531166882056e-73,4.202755655043024e-73,4.2669630647455666e-73,4.3319834577189485e-73,4.3978250064285084e-73,4.464495944174717e-73,4.532004565386156e-73,4.6003592259140445e-73,4.669568343326884e-73,4.7396403972052593e-73,4.8105839294388033e-73,4.8824075445219814e-73,4.955119909851415e-73,5.028729756023967e-73,5.1032458771352774e-73,5.178677131078467e-73,5.255032439844408e-73,5.3323207898214033e-73,5.410551232097232e-73,5.4897328827593294e-73,5.5698749231983037e-73,5.650986600410339e-73,5.73307722730033e-73,5.816156182986545e-73,5.900232913105094e-73,5.985316930115172e-73,6.071417813605249e-73,6.158545210599947e-73,6.246708835866068e-73,6.335918472221937e-73,6.426183970845188e-73,6.517515251581555e-73,6.609922303254895e-73,6.703415183978196e-73,6.798004021462599e-73,6.893699013330791e-73,6.990510427429153e-73,7.088448602138575e-73,7.187523946689999e-73,7.28774694147823e-73,7.38912813837468e-73,7.491678161044916e-73,7.595407705263214e-73,7.700327539229049e-73,7.806448503885112e-73,7.913781513234047e-73,8.022337554656777e-73,8.132127689232062e-73,8.243163052056152e-73,8.355454852562191e-73,8.469014374840765e-73,8.583852977962675e-73,8.69998209629968e-73,8.817413239846979e-73,8.936157994548003e-73,9.056228022615647e-73,9.177635062858744e-73,9.30039093100729e-73,9.42450752003559e-73,9.549996800491393e-73,9.676870820820506e-73,9.805141707696103e-73,9.934821666344896e-73,1.0065922980877975e-72,1.0198458014617227e-72,1.033243921042735e-72,1.0467879091046323e-72,1.0604790259415367e-72,1.0743185399010654e-72,1.0883077274177226e-72,1.102447873045896e-72,1.1167402694934372e-72,1.1311862176551075e-72,1.145787026645743e-72,1.160544013834104e-72,1.1754585048762387e-72,1.1905318337493054e-72,1.20576534278515e-72,1.221160382704055e-72,1.2367183126486493e-72,1.2524405002178266e-72,1.268328321500615e-72,1.2843831611100417e-72,1.300606412217426e-72,1.3169994765864692e-72,1.3335637646072765e-72,1.3503006953307983e-72,1.3672116965029785e-72,1.3842982045991733e-72,1.4015616648585076e-72,1.4190035313184232e-72,1.4366252668493485e-72,1.4544283431888892e-72,1.4724142409768494e-72,1.4905844497898793e-72,1.508940468176139e-72,1.527483803690193e-72,1.5462159729278635e-72,1.5651385015611648e-72,1.5842529243733972e-72,1.603560785294276e-72,1.6230636374347653e-72,1.6427630431224332e-72,1.662660573936811e-72,1.6827578107444568e-72,1.7030563437345496e-72,1.7235577724541199e-72,1.744263705843531e-72,1.765175762272192e-72,1.7862955695739525e-72,1.8076247650827665e-72,1.8291649956685236e-72,1.8509179177728513e-72,1.872885197444589e-72,1.8950685103760326e-72,1.917469541938886e-72,1.9400899872198452e-72,1.9629315510570772e-72,1.9859959480762221e-72,2.0092849027264682e-72,2.0328001493168465e-72,2.0565434320524164e-72,2.080516505070832e-72,2.1047211324784617e-72,2.1291590883872052e-72,2.1538321569505024e-72,2.1787421324003383e-72,2.2038908190838619e-72,2.2292800314996617e-72,2.2549115943349228e-72,2.2807873425021515e-72,2.3069091211759176e-72,2.333278785829749e-72,2.359898202273394e-72,2.386769246689359e-72,2.413893805670404e-72,2.44127377625671e-72,2.468911065972638e-72,2.496807592864474e-72,2.524965285537491e-72,2.5533860831932795e-72,2.582071935667434e-72,2.611024803466694e-72,2.640246657806836e-72,2.6697394806499277e-72,2.699505264742398e-72,2.729546013652165e-72,2.7598637418070015e-72,2.790460474531919e-72,2.8213382480873753e-72,2.852499109706902e-72,2.883945117635417e-72,2.915678341167027e-72,2.9477008606832053e-72,2.980014767690885e-72,3.0126221648609104e-72,3.045525166065986e-72,3.0787258964193265e-72,3.1122264923128173e-72,3.146029101455419e-72,3.180135882911951e-72,3.2145490071413635e-72,3.249270656035372e-72,3.2843030229573347e-72,3.3196483127807585e-72,3.3553087419281407e-72,3.391286538409702e-72,3.427583941862574e-72,3.464203203589416e-72,3.5011465865975567e-72,3.53841636563793e-72,3.5760148272443476e-72,3.613944269772711e-72,3.6522070034400124e-72,3.6908053503635964e-72,3.729741644600906e-72,3.769018232188152e-72,3.808637471180362e-72,3.848601731690892e-72,3.8889133959303115e-72,3.9295748582466816e-72,3.9705885251650646e-72,4.011956815427079e-72,4.0536821600306243e-72,4.0957670022700214e-72,4.138213797775517e-72,4.181025014553574e-72,4.224203133026704e-72,4.2677506460731463e-72,4.3116700590675185e-72,4.355963889920865e-72,4.4006346691206344e-72,4.44568493977095e-72,4.491117257633351e-72,4.536934191166403e-72,4.583138321566763e-72,4.6297322428097e-72,4.676718561688908e-72,4.724099897857785e-72,4.771878883870074e-72,4.820058165219891e-72,4.868640400383125e-72,4.917628260858242e-72,4.967024431206504e-72,5.016831609093502e-72,5.067052505330046e-72,5.117689843912936e-72,5.168746362066022e-72,5.220224810281721e-72,5.272127952361792e-72,5.324458565458601e-72,5.377219440116762e-72,5.43041338031396e-72,5.484043203502881e-72,5.53811174065228e-72,5.592621836288549e-72,5.647576348537227e-72,5.702978149164793e-72,5.758830123620521e-72,5.815135171077335e-72,5.871896204474418e-72,5.929116150559019e-72,5.986797949927519e-72,6.04494455706816e-72,6.103558940403052e-72,6.162644082329341e-72,6.222202979262131e-72,6.282238641676521e-72,6.342754094149496e-72,6.403752375402136e-72,6.465236538342533e-72,6.527209650107096e-72,6.589674792103975e-72,6.652635060054967e-72,6.716093564037947e-72,6.780053428529795e-72,6.844517792449124e-72,6.909489809198072e-72,6.974972646705878e-72,7.040969487471702e-72,7.107483528606472e-72,7.1745179818769e-72,7.242076073747597e-72,7.310161045424635e-72,7.378776152898069e-72,7.447924666985679e-72,7.51760987337508e-72,7.587835072667813e-72,7.658603580422464e-72,7.729918727197608e-72,7.801783858595164e-72,7.874202335304443e-72,7.947177533144438e-72,8.020712843108305e-72,8.094811671406753e-72,8.169477439511317e-72,8.244713584198057e-72,8.32052355759186e-72,8.39691082720904e-72,8.473878876002159e-72,8.551431202403939e-72,8.629571320370074e-72,8.708302759424442e-72,8.787629064702247e-72,8.867553796994578e-72,8.948080532792743e-72,9.029212864331375e-72,9.110954399633862e-72,9.19330876255593e-72,9.276279592830134e-72,9.359870546110048e-72,9.444085294015066e-72,9.528927524175057e-72,9.614400940273768e-72,9.700509262094536e-72,9.787256225564713e-72,9.874645582799966e-72,9.962681102149069e-72,1.0051366568239149e-71,1.0140705782020006e-71,1.023070256080901e-71,1.0321360738336562e-71,1.0412684164790541e-71,1.0504676706861315e-71,1.059734224778762e-71,1.0690684687400277e-71,1.0784707942168853e-71,1.0879415945245781e-71,1.0974812646512542e-71,1.107090201262437e-71,1.1167688027055624e-71,1.1265174690145835e-71,1.1363366019144397e-71,1.146226604825692e-71,1.1561878828690205e-71,1.1662208428697827e-71,1.1763258933626553e-71,1.1865034445961317e-71,1.1967539085371137e-71,1.207077698875553e-71,1.2174752310289723e-71,1.2279469221470654e-71,1.2384931911163796e-71,1.249114458564768e-71,1.259811146866125e-71,1.2705836801449832e-71,1.2814324842810678e-71,1.292357986914e-71,1.3033606174478675e-71,1.3144408070558787e-71,1.3255989886849949e-71,1.3368355970605579e-71,1.3481510686910032e-71,1.359545841872419e-71,1.3710203566933315e-71,1.3825750550391897e-71,1.394210380597209e-71,1.4059267788609183e-71,1.4177246971349132e-71,1.429604584539539e-71,1.4415668920155302e-71,1.4536120723287285e-71,1.4657405800747504e-71,1.4779528716837708e-71,1.4902494054251475e-71,1.5026306414121393e-71,1.5150970416066962e-71,1.5276490698240897e-71,1.5402871917377226e-71,1.5530118748837973e-71,1.5658235886660765e-71,1.5787228043605941e-71,1.5917099951204854e-71,1.6047856359806323e-71,1.6179502038625183e-71,1.6312041775789467e-71,1.644548037838716e-71,1.6579822672515366e-71,1.6715073503327607e-71,1.6851237735081272e-71,1.698832025118541e-71,1.7126325954249102e-71,1.726525976612975e-71,1.7405126627979437e-71,1.7545931500294546e-71,1.7687679362963683e-71,1.7830375215315167e-71,1.797402407616555e-71,1.8118630983867826e-71,1.8264200996359487e-71,1.841073919121129e-71,1.855825066567608e-71,1.870674053673541e-71,1.885621394114974e-71,1.9006676035506976e-71,1.9158131996269323e-71,1.9310587019823645e-71,1.946404632253008e-71,1.961851514076905e-71,1.9773998730992045e-71,1.9930502369769283e-71,2.0088031353838535e-71,2.0246591000154956e-71,2.04061866459388e-71,2.0566823648725624e-71,2.072850738641419e-71,2.0891243257316663e-71,2.1055036680206945e-71,2.1219893094369786e-71,2.1385817959650965e-71,2.155281675650571e-71,2.172089498604789e-71,2.1890058170100764e-71,2.206031185124411e-71,2.2231661592865675e-71,2.240411297921062e-71,2.257767161542925e-71,2.2752343127628466e-71,2.2928133162921483e-71,2.3105047389475517e-71,2.32830914965636e-71,2.3462271194613924e-71,2.3642592215259135e-71,2.382406031138615e-71,2.400668125718719e-71,2.4190460848208625e-71,2.4375404901401483e-71,2.4561519255171e-71,2.4748809769427995e-71,2.4937282325637885e-71,2.5126942826870853e-71,2.5317797197853223e-71,2.550985138501641e-71,2.570311135654864e-71,2.589758310244392e-71,2.60932726345539e-71,2.6290185986637353e-71,2.6488329214411004e-71,2.6687708395599854e-71,2.6888329629989116e-71,2.709019903947211e-71,2.72933227681046e-71,2.7497706982152973e-71,2.7703357870145806e-71,2.7910281642924437e-71,2.8118484533695206e-71,2.8327972798077923e-71,2.8538752714159043e-71,2.8750830582542376e-71,2.8964212726399425e-71,2.9178905491520485e-71,2.939491524636695e-71,2.9612248382121165e-71,2.983091131273903e-71,3.005091047500062e-71,3.0272252328560553e-71,3.0494943356001467e-71,3.071899006288366e-71,3.0944398977797717e-71,3.1171176652416165e-71,3.1399329661543785e-71,3.162886460317041e-71,3.1859788098523517e-71,3.2092106792116645e-71,3.2325827351803252e-71,3.2560956468830085e-71,3.2797500857886596e-71,3.3035467257156967e-71,3.3274862428375243e-71,3.351569315687197e-71,3.3757966251630874e-71,3.400168854533835e-71,3.4246866894437286e-71,3.449350817917759e-71,3.474161930367059e-71,3.4991207195938596e-71,3.524227880796866e-71,3.5494841115765165e-71,3.5748901119401937e-71,3.6004465843075084e-71,3.626154233515515e-71,3.652013766823813e-71,3.678025893920086e-71,3.704191326925135e-71,3.730510780398275e-71,3.756984971342615e-71,3.78361461921029e-71,3.8104004459076004e-71,3.837343175800566e-71,3.8644435357199845e-71,3.891702254966868e-71,3.919120065317753e-71,3.9466977010299306e-71,3.974435898846681e-71,4.0023353980026166e-71,4.030396940229243e-71,4.058621269759937e-71,4.0870091333355256e-71,4.115561280209551e-71,4.144278462153272e-71,4.173161433461586e-71,4.202210950957971e-71,4.2314277739998374e-71,4.2608126644840835e-71,4.29036638685262e-71,4.320089708096891e-71,4.349983397764169e-71,4.3800482279623724e-71,4.4102849733657965e-71,4.440694411220233e-71,4.4712773213484115e-71,4.502034486155422e-71,4.532966690634078e-71,4.564074722370217e-71,4.595359371548394e-71,4.626821430956899e-71,4.6584616959937585e-71,4.690280964671136e-71,4.722280037621753e-71,4.754459718103822e-71,4.786820812006442e-71,4.819364127855361e-71,4.85209047681808e-71,4.885000672709414e-71,4.918095531996812e-71,4.9513758738061246e-71,4.984842519926731e-71,5.018496294817003e-71,5.052338025610192e-71,5.086368542119235e-71,5.1205886768425515e-71,5.154999264969851e-71,5.189601144386821e-71,5.224395155681289e-71,5.2593821421486975e-71,5.2945629497970355e-71,5.329938427352781e-71,5.365509426266294e-71,5.401276800717175e-71,5.437241407620148e-71,5.473404106630204e-71,5.509765760148239e-71,5.546327233326459e-71,5.583089394074358e-71,5.620053113063441e-71,5.6572192637335584e-71,5.694588722298097e-71,5.7321623677491756e-71,5.769941081863762e-71,5.80792574920911e-71,5.8461172571480735e-71,5.884516495844789e-71,5.923124358270229e-71,5.961941740207762e-71,6.000969540258737e-71,6.040208659848029e-71,6.0796600032295224e-71,6.1193244774920466e-71,6.1592029925647264e-71,6.199296461222181e-71,6.239605799090752e-71,6.2801319246540924e-71,6.320875759258047e-71,6.361838227117094e-71,6.403020255319487e-71,6.4444227738329725e-71,6.4860467155104386e-71,6.527893016095368e-71,6.569962614227886e-71,6.612256451449997e-71,6.654775472211324e-71,6.697520623874794e-71,6.740492856722108e-71,6.7836931239599534e-71,6.827122381724697e-71,6.870781589088982e-71,6.914671708066721e-71,6.9587937036194426e-71,7.003148543661151e-71,7.047737199064376e-71,7.092560643666157e-71,7.137619854273287e-71,7.1829158106681664e-71,7.228449495614449e-71,7.274221894862782e-71,7.320233997156326e-71,7.366486794236886e-71,7.412981280850221e-71,7.459718454751698e-71,7.506699316712641e-71,7.553924870525007e-71,7.601396123008273e-71,7.649114084013984e-71,7.697079766432525e-71,7.745294186198097e-71,7.793758362295238e-71,7.84247331676363e-71,7.891440074704307e-71,7.940659664285708e-71,7.990133116748975e-71,8.03986146641373e-71,8.089845750684408e-71,8.140087010055141e-71,8.190586288115986e-71,8.241344631558969e-71,8.292363090183456e-71,8.343642716901894e-71,8.395184567746221e-71,8.446989701872773e-71,8.499059181568473e-71,8.551394072256977e-71,8.603995442504035e-71,8.656864364023242e-71,8.710001911682505e-71,8.763409163508776e-71,8.817087200694929e-71,8.871037107604993e-71,8.925259971780114e-71,8.979756883944221e-71,9.034528938010516e-71,9.089577231086351e-71,9.144902863479697e-71,9.20050693870468e-71,9.25639056348792e-71,9.312554847773725e-71,9.369000904730762e-71,9.425729850756789e-71,9.48274280548567e-71,9.540040891792568e-71,9.597625235800006e-71,9.655496966883547e-71,9.713657217678391e-71,9.77210712408405e-71,9.830847825271428e-71,9.889880463688037e-71,9.949206185063904e-71,1.0008826138417955e-70,1.0068741476063448e-70,1.0128953353614214e-70,1.0189462929990041e-70,1.0250271367422922e-70,1.0311379831463366e-70,1.0372789490985588e-70,1.043450151819432e-70,1.0496517088629737e-70,1.0558837381173849e-70,1.0621463578056848e-70,1.0684396864862504e-70,1.074763843053428e-70,1.0811189467381303e-70,1.0875051171084306e-70,1.0939224740701423e-70,1.100371137867468e-70,1.1068512290835234e-70,2.49193567072997e-44,1.2930910340805157e-43,3.923010468500298e-43,9.236627500820004e-43,1.8667886007320614e-42,3.402123628996228e-42,5.750996234215058e-42,9.179912317538372e-42,1.4005356897938672e-41,2.059913908711163e-41,2.9394314581277933e-41,4.089172287381431e-41,5.566718186001659e-41,7.437938919953758e-41,9.777858712986947e-41,1.2671605512777046e-40,1.621545028255269e-40,2.05179443940355e-40,2.5701164075688532e-40,3.1902071803094225e-40,3.92740055184356e-40,4.798830764696303e-40,5.8236107053513165e-40,7.023026836561256e-40,8.420752449598182e-40,1.004308097415137e-39,1.1919181253436778e-39,1.4081376879162645e-39,1.6565451887065864e-39,1.9410985341236506e-39,2.266171758624152e-39,2.63659512231697e-39,3.057699017171058e-39,3.5353620518603443e-39,4.076063722672708e-39,4.686942119273423e-39,5.375857159912856e-39,6.151459901326373e-39,7.023268524754232e-39,8.00175166176394e-39,9.098419792574659e-39,1.0325925526158389e-38,1.1698173656471307e-38,1.3230441983569137e-38,1.493951399337897e-38,1.6843824606600544e-38,1.8963620337141562e-38,2.1321135345090778e-38,2.3940785030355216e-38,2.6849378992693837e-38,3.007635538417342e-38,3.3654038903754914e-38,3.761792493325718e-38,4.2006992593359663e-38,4.6864049809985466e-38,5.22361138310712e-38,5.817483102467082e-38,6.473694022777172e-38,7.198478440676933e-38,7.99868759422651e-38,8.881852147046757e-38,9.856251290991097e-38,1.0930989208554908e-37,1.211607972440962e-37,1.3422540074792009e-37,1.4862494835485353e-37,1.644929117552215e-37,1.8197626746474965e-37,2.012369167854558e-37,2.2245326337176083e-37,2.4582196700586723e-37,2.715598945283585e-37,2.999062915268784e-37,3.3112520140198717e-37,3.655081618572373e-37,4.033772127599777e-37,4.450882537591183e-37,4.910347951071199e-37,5.4165215090679874e-37,5.974221305981289e-37,6.588782920394278e-37,7.26611828166374e-37,8.012781690988899e-37,8.836043929072186e-37,9.743975512714064e-37,1.0745540312405202e-36,1.1850700915325931e-36,1.3070537316754012e-36,1.4417380752038872e-36,1.5904964746023566e-36,1.7548595763012365e-36,1.9365346195039887e-36,2.1374272837532135e-36,2.3596664479096926e-36,2.605632278769787e-36,2.8779881322346393e-36,3.179716825386662e-36,3.514161925939376e-36,3.885074808584624e-36,4.2966683484926984e-36,4.753678263867015e-36,5.261433285912755e-36,5.825935530511549e-36,6.453952676893001e-36,7.153123831419628e-36,7.932081277359544e-36,8.800590694056722e-36,9.769712883092783e-36,1.0851990579306277e-35,1.2061664568423133e-35,1.3414924101934715e-35,1.4930197519805815e-35,1.6628490094578843e-35,1.853377743557487e-35,2.0673464387389765e-35,2.3078921282099717e-35,2.578611173286493e-35,2.8836328978860465e-35,3.2277061220534594e-35,3.6163010560688965e-35,4.055729526635896e-35,4.5532871308843967e-35,5.117421680063445e-35,5.757933237633863e-35,6.486212219969927e-35,7.315523467752583e-35,8.261345983266161e-35,9.341780253593867e-35,1.0578037857904818e-34,1.19950315373374e-34,1.3622088280148997e-34,1.5493813490955575e-34,1.7651141293373688e-34,2.0142614880642522e-34,2.3025952129379403e-34,2.636996615155203e-34,3.02569290352041e-34,3.4785490984030004e-34,4.007429810025609e-34,4.626649242836754e-34,5.35353306360462e-34,6.209122697432496e-34,7.219061753564073e-34,8.414716397856141e-34,9.834597634806312e-34,1.1526175096432025e-33,1.3548201086586228e-33,1.5973703138486153e-33,1.8893857216518467e-33,2.2423027618767634e-33,2.670536174944982e-33,3.19234699536065e-33,3.830991956942047e-33,4.6162553199165644e-33,5.586504078410544e-33,6.791464835477392e-33,8.296003608285458e-33,1.018531104049534e-32,1.257207431980039e-32,1.5606483660195745e-32,1.9490322978010398e-32,2.449700712348623e-32,3.100037433937194e-32,3.951652396450646e-32,5.076534219397713e-32,6.576215458276922e-32,7.153862625147385e-32,9.39480779086377e-32,1.2459420638982729e-31,1.6700781133063292e-31,2.264764220327098e-31,3.110588765287539e-31,4.332787537977155e-31,6.1302428539392145e-31,8.82658585594155e-31,1.2963203057605497e-30,1.9474824070083997e-30,3.0035187169982152e-30,4.777115053218494e-30,7.882309950838674e-30,1.3598709320074002e-29,2.4791071717732724e-29,4.846215773287904e-29,1.0371316458117405e-28,2.504213644602424e-28,7.130678047321439e-28,2.5522037005255446e-27,1.2504666528472545e-26,9.493056781803745e-26,1.3467682835441388e-25,1.3467682838046973e-25,9.316331280573129e-24,3.688304063636845e-21,1.9043958339908216e-18,6.007624792162677e-16,6.771666340168291e-14,2.1168537573859e-12,2.1085477215543e-11,9.06075476918156e-11,2.185331926397366e-10,3.6058788497450405e-10,4.695263469617907e-10,5.318250041475994e-10,5.576355326852516e-10,5.616291521063008e-10,5.545519524071007e-10,5.425617191569684e-10,5.287746727404107e-10,5.14659016153592e-10,5.008707505938437e-10,4.876833209524645e-10,4.75193491045444e-10,4.6341714822644614e-10,4.523336421697977e-10,4.419065029065989e-10,4.320933031567817e-10,4.228504502056184e-10,4.1413554082325555e-10,4.059084988922692e-10,3.9813207783678493e-10,3.907720179267616e-10,3.8379701125186416e-10,3.7717855975324166e-10,3.708907768782947e-10,3.6491016399947376e-10,3.592153811621779e-10,3.5378702435231283e-10,3.486074165545449e-10,3.436604165374469e-10,3.3893124701784253e-10,3.344063423325079e-10,3.300732147756443e-10,3.259203381693257e-10,3.219370469456952e-10,3.1811344891065635e-10,3.144403498909498e-10,3.1090918857067727e-10,3.0751197999117945e-10,3.042412663558035e-10,3.010900739642213e-10,2.980518752813252e-10,2.951205552968119e-10,2.9229038148164123e-10,2.8955597676350067e-10,2.869122950531924e-10,2.843545989508165e-10,2.818784393034907e-10,2.7947963638499733e-10,2.7715426249669715e-10,2.748986258084478e-10,2.7270925532866545e-10,2.705828868839886e-10,2.6851645002094176e-10,2.6650705575617306e-10,2.6455198510768034e-10,2.6264867835520536e-10,2.6079472497675746e-10,2.589878542216297e-10,2.572259262788242e-10,2.5550692400330276e-10,2.538289451682149e-10,2.521901952121743e-10,2.505889804489337e-10,2.4902370171682693e-10,2.4749284843555984e-10,2.459949930513644e-10,2.4452878584209943e-10,2.430929500632525e-10,2.4168627741119263e-10,2.403076237850372e-10,2.389559053270216e-10,2.3763009472453577e-10,2.363292177552932e-10,2.350523500611834e-10,2.33798614134714e-10,2.3256717650375075e-10,2.3135724510157366e-10,2.3016806681048467e-10,2.2899892516584116e-10,2.2784913821023457e-10,2.2671805648840379e-10,2.2560506117018463e-10,2.245095623003174e-10,2.234309971545777e-10,2.2236882870172717e-10,2.2132254417354147e-10,2.202916537128022e-10,2.1927568911562667e-10,2.1827420264847785e-10,2.172867659414163e-10,2.1631296894891604e-10,2.1535241897603667e-10,2.1440473976349311e-10,2.1346957062864637e-10,2.125465656593552e-10,2.1163539295547558e-10,2.1073573391597284e-10,2.098472825688113e-10,2.0896974493867544e-10,2.0810283845518385e-10,2.0724629139186238e-10,2.0639984233891914e-10,2.055632397062113e-10,2.047362412551521e-10,2.039186136551645e-10,2.0311013206675992e-10,2.0231057974651973e-10,2.0151974767573326e-10,2.0073743420352952e-10,1.9996344471996885e-10,1.9919759133718328e-10,1.98439692589093e-10,1.976895731526588e-10,1.9694706357729004e-10,1.9621200003164615e-10,1.9548422406282588e-10,1.9476358236770217e-10,1.9404992657633301e-10,1.9334311304582354e-10,1.9264300266489712e-10,1.91949460668017e-10,1.9126235645839903e-10,1.9058156344047115e-10,1.899069588596126e-10,1.8923842364986528e-10,1.8857584228938433e-10,1.8791910266197162e-10,1.8726809592559785e-10,1.8662271638716841e-10,1.8598286138259717e-10,1.853484311632441e-10,1.8471932878652953e-10,1.8409546001180568e-10,1.834767332010215e-10,1.8286305922477697e-10,1.8225435137081915e-10,1.816505252571749e-10,1.8105149874990453e-10,1.8045719188327972e-10,1.7986752678331673e-10,1.7928242759821664e-10,1.7870182042393325e-10,1.7812563324069967e-10,1.7755379584831427e-10,1.7698623980483658e-10,1.764228983679534e-10,1.7586370643976515e-10,1.753086005098763e-10,1.7475751860640864e-10,1.7421040024472814e-10,1.7366718638016797e-10,1.7312781936258065e-10,1.725922428899863e-10,1.7206040196798895e-10,1.7153224286998094e-10,1.7100771309611265e-10,1.7048676133529803e-10,1.699693374320166e-10,1.6945539234698224e-10,1.6894487812650546e-10,1.6843774786919326e-10,1.679339556952227e-10,1.6743345671495928e-10,1.669362070021309e-10,1.6644216356417586e-10,1.6595128431523447e-10,1.6546352805353891e-10,1.6497885443138423e-10,1.644972239338957e-10,1.6401859785480152e-10,1.635429382764291e-10,1.6307020804292116e-10,1.626003707435087e-10,1.621333906928451e-10,1.6166923290632463e-10,1.6120786308646311e-10,1.6074924760214274e-10,1.602933534714907e-10,1.59840148344511e-10,1.5938960048683183e-10,1.5894167876334245e-10,1.5849635262246554e-10,1.5805359208420362e-10,1.5761336772033752e-10,1.5717565064455868e-10,1.5674041249702806e-10,1.5630762543243898e-10,1.5587726210535235e-10,1.5544929565972535e-10,1.5502369971678092e-10,1.5460044836129477e-10,1.5417951613378712e-10,1.537608780166573e-10,1.5334450942503267e-10,1.5293038619600263e-10,1.5251848457890808e-10,1.5210878122567492e-10,1.5170125318117949e-10,1.5129587787444336e-10,1.5089263310972473e-10,1.5049149705791535e-10,1.5009244824802058e-10,1.4969546555925386e-10,1.4930052821323988e-10,1.4890761576595082e-10,1.4851670810161855e-10,1.4812778542337926e-10,1.4774082824742863e-10,1.4735581739660506e-10,1.4697273399327288e-10,1.465915594532373e-10,1.4621227547827537e-10,1.458348640508454e-10,1.45459307428937e-10,1.4508558813894447e-10,1.4471368897106524e-10,1.4434359297125327e-10,1.439752834430145e-10,1.4360874393376406e-10,1.4324395823076068e-10,1.428809103624159e-10,1.4251958458879177e-10,1.4215996539723672e-10,1.4180203749854757e-10,1.4144578582233724e-10,1.4109119551323732e-10,1.407382519254637e-10,1.4038694061965776e-10,1.4003724735877233e-10,1.3968915810373298e-10,1.3934265900991851e-10,1.3899773642324707e-10,1.3865437687754048e-10,1.3831256708900034e-10,1.379722939541456e-10,1.3763354454676824e-10,1.3729630611335823e-10,1.3696056607021343e-10,1.3662631200227285e-10,1.3629353165672762e-10,1.359622129425534e-10,1.3563234392591774e-10,1.3530391282900105e-10,1.349769080258146e-10,1.3465131804012583e-10,1.3432713154288884e-10,1.3400433734862348e-10,1.3368292441337723e-10,1.3336288183529305e-10,1.3304419884645195e-10,1.3272686481461327e-10,1.3241086923832267e-10,1.320962017474672e-10,1.3178285209916285e-10,1.3147081017616812e-10,1.311600659841272e-10,1.3085060965036285e-10,1.3054243142104404e-10,1.3023552165981724e-10,1.2992987084517686e-10,1.296254695696876e-10,1.2932230853683821e-10,1.29020378559873e-10,1.2871967055942563e-10,1.2842017556341728e-10,1.2812188470343227e-10,1.278247892128106e-10,1.2752888042795057e-10,1.2723414978322963e-10,1.2694058881095702e-10,1.2664818914015557e-10,1.263569424941316e-10,1.2606684069060102e-10,1.2577787563769672e-10,1.2549003933462398e-10,1.252033238694595e-10,1.2491772141812265e-10,1.2463322424305721e-10,1.2434982469059147e-10,1.2406751519109913e-10,1.2378628825858066e-10,1.2350613648669584e-10,1.2322705254976634e-10,1.2294902920040069e-10,1.2267205926921643e-10,1.2239613566310048e-10,1.221212513636356e-10,1.2184739942767086e-10,1.2157457298448602e-10,1.213027652353376e-10,1.210319694527923e-10,1.2076217897843553e-10,1.204933872244894e-10,1.202255876696123e-10,1.1995877385984815e-10,1.196929394074463e-10,1.1942807798965175e-10,1.1916418334789159e-10,1.1890124928681998e-10,1.1863926967265066e-10,1.1837823843559795e-10,1.1811814956343667e-10,1.1785899710620945e-10,1.1760077517135057e-10,1.1734347792506523e-10,1.1708709959129943e-10,1.1683163444888013e-10,1.1657707683476187e-10,1.1632342113983518e-10,1.1607066180924992e-10,1.1581879334189449e-10,1.1556781028951847e-10,1.1531770725651301e-10,1.1506847889802518e-10,1.1482011992027632e-10,1.1457262508001652e-10,1.1432598918260526e-10,1.1408020708248152e-10,1.1383527368336527e-10,1.1359118393547507e-10,1.133479328371844e-10,1.1310551543035231e-10,1.1286392680524442e-10,1.126231620963472e-10,1.1238321648314726e-10,1.1214408518867156e-10,1.1190576347983454e-10,1.1166824666632421e-10,1.1143153009996551e-10,1.1119560917468088e-10,1.1096047932602174e-10,1.1072613602957099e-10,1.1049257480268045e-10,1.1025979119983394e-10,1.1002778081670121e-10,1.0979653928887325e-10,1.0956606228740702e-10,1.0933634552454879e-10,1.0910738474753913e-10,1.0887917574052304e-10,1.0865171432648348e-10,1.0842499636246022e-10,1.0819901774167555e-10,1.0797377439213385e-10,1.0774926227701188e-10,1.0752547739529649e-10,1.073024157781551e-10,1.070800734905561e-10,1.0685844663157893e-10,1.0663753133233197e-10,1.064173237567819e-10,1.0619782010070544e-10,1.0597901659174281e-10,1.057609094882136e-10,1.0554349508119311e-10,1.0532676969076479e-10,1.0511072966742382e-10,1.0489537139170908e-10,1.0468069127455387e-10,1.0446668575506983e-10,1.0425335130136639e-10,1.0404068441052597e-10,1.0382868160793511e-10,1.03617339446814e-10,1.0340665450802423e-10,1.031966234005767e-10,1.0298724275813119e-10,1.0277850924357971e-10,1.0257041954523046e-10,1.0236297037690289e-10,1.0215615848043546e-10,1.01949980621259e-10,1.017444335904627e-10,1.0153951420449364e-10,1.0133521930328463e-10,1.0113154575475744e-10,1.0092849044773605e-10,1.0072605029592676e-10,1.0052422223707793e-10,1.0032300323035831e-10,1.001223902621697e-10,9.992238034012742e-11,9.972297049301314e-11,9.952415777330229e-11,9.932593925498753e-11,9.91283120348587e-11,9.89312732327713e-11,9.873481998873856e-11,9.853894946334023e-11,9.834365883936573e-11,9.814894531967811e-11,9.79548061285603e-11,9.77612385107408e-11,9.75682397319324e-11,9.737580707640941e-11,9.71839378488894e-11,9.699262937417618e-11,9.680187899515742e-11,9.661168407614865e-11,9.642204199918356e-11,9.623295016498239e-11,9.604440599413127e-11,9.58564069244214e-11,9.566895041283924e-11,9.54820339347981e-11,9.529565498179853e-11,9.510981106494647e-11,9.492449971258557e-11,9.473971847045448e-11,9.455546490123331e-11,9.437173658513973e-11,9.418853111910925e-11,9.400584611691117e-11,9.382367920890522e-11,9.364202804194547e-11,9.346089027910611e-11,9.328026359932216e-11,9.310014569856532e-11,9.292053428754872e-11,9.274142709306128e-11,9.25628218575148e-11,9.2384716338419e-11,9.220710830795836e-11,9.2029995555824e-11,9.185337588355722e-11,9.167724711031236e-11,9.150160706800177e-11,9.132645360381588e-11,9.11517845788556e-11,9.097759786888681e-11,9.080389136368694e-11,9.06306629678488e-11,9.045791059898805e-11,9.028563218812414e-11,9.011382568132227e-11,8.99424890367669e-11,8.977162022576157e-11,8.960121723398704e-11,8.943127806213471e-11,8.926180072006127e-11,8.909278323228736e-11,8.892422363615893e-11,8.87561199818726e-11,8.858847033129573e-11,8.842127276035265e-11,8.825452535576177e-11,8.808822621734045e-11,8.792237345668741e-11,8.775696519760034e-11,8.759199957470378e-11,8.742747473738193e-11,8.726338884335291e-11,8.709974006456122e-11,8.693652658224413e-11,8.677374659073572e-11,8.661139829531377e-11,8.644947991186235e-11,8.628798966660251e-11,8.61269258000178e-11,8.596628656060416e-11,8.580607020822016e-11,8.564627501380818e-11,8.548689925866327e-11,8.532794123531793e-11,8.516939924623794e-11,8.501127160436702e-11,8.48535566326696e-11,8.469625266410849e-11,8.453935804321222e-11,8.438287112386423e-11,8.422679026893923e-11,8.407111385137076e-11,8.391584025534711e-11,8.37609678734115e-11,8.360649510811851e-11,8.345242037098822e-11,8.329874208471996e-11,8.314545868011567e-11,8.299256859696588e-11,8.284007028455986e-11,8.268796220247317e-11,8.25362428174765e-11,8.238491060779714e-11,8.223396405688995e-11,8.20834016606797e-11,8.193322192263684e-11,8.178342335494818e-11,8.163400447655998e-11,8.148496382000785e-11,8.133629992181836e-11,8.118801132802488e-11,8.104009659304317e-11,8.089255428090387e-11,8.074538296293706e-11,8.059858121762605e-11,8.045214763312356e-11,8.030608080497363e-11,8.016037933719268e-11,8.001504184119746e-11,7.987006693625031e-11,7.972545324968343e-11,7.958119941680266e-11,7.943730408007237e-11,7.92937658902551e-11,7.915058350483116e-11,7.900775558958667e-11,7.886528081728549e-11,7.872315786722198e-11,7.858138542860112e-11,7.843996219557288e-11,7.829888687159917e-11,7.815815816411628e-11,7.801777478998806e-11,7.78777354735198e-11,7.773803894458055e-11,7.759868394090543e-11,7.745966920692235e-11,7.732099349372195e-11,7.718265555964104e-11,7.704465416878588e-11,7.690698809344583e-11,7.676965611155223e-11,7.663265700781138e-11,7.649598957359257e-11,7.63596526066904e-11,7.622364491135793e-11,7.608796529829817e-11,7.595261258490783e-11,7.581758559388711e-11,7.568288315595499e-11,7.554850410552461e-11,7.541444728550341e-11,7.528071154398446e-11,7.5147295735209e-11,7.501419871915728e-11,7.488141936275952e-11,7.47489565381783e-11,7.461680912316552e-11,7.448497600238665e-11,7.43534560655374e-11,7.422224820819942e-11,7.409135133184185e-11,7.396076434290139e-11,7.383048615562867e-11,7.370051568780295e-11,7.357085186267119e-11,7.34414936112356e-11,7.331243986808637e-11,7.318368957287638e-11,7.305524167267852e-11,7.292709511840993e-11,7.279924886644336e-11,7.267170188007203e-11,7.2544453124811e-11,7.241750157410232e-11,7.229084620568587e-11,7.216448600352829e-11,7.203841995365795e-11,7.19126470505177e-11,7.17871662914508e-11,7.16619766806188e-11,7.153707722620255e-11,7.141246694118534e-11,7.128814484378758e-11,7.11641099569128e-11,7.104036130822437e-11,7.09168979311092e-11,7.079371886261717e-11,7.067082314601473e-11,7.054820982660776e-11,7.042587795690581e-11,7.030382659338529e-11,7.018205479679607e-11,7.006056163296506e-11,6.993934617122125e-11,6.98184074877369e-11,6.969774466133233e-11,6.957735677495997e-11,6.945724291736392e-11,6.933740218086876e-11,6.921783366243139e-11,6.909853646353896e-11,6.897950968973505e-11,6.886075245104678e-11,6.881568085434803e-11,6.881568085434768e-11,6.881568085434735e-11,6.8815680854347e-11,6.881568085434666e-11,6.881568085434631e-11,6.881568085434596e-11,6.881568085434563e-11,6.881568085434528e-11,6.881568085434494e-11,6.881568085434459e-11,6.881568085434426e-11,6.881568085434392e-11,6.881568085434357e-11,6.881568085434322e-11,6.881568085434287e-11,6.881568085434254e-11,6.88156808543422e-11,6.881568085434185e-11,6.88156808543415e-11,6.881568085434117e-11,6.881568085434082e-11,6.881568085434047e-11,6.881568085434013e-11,6.881568085433978e-11,6.881568085433945e-11,6.881568085433909e-11,6.881568085433875e-11,6.881568085433843e-11,6.881568085433807e-11,6.881568085433773e-11,6.881568085433738e-11,6.881568085433704e-11,6.88156808543367e-11,6.881568085433637e-11,6.881568085433604e-11,6.881568085433569e-11,6.881568085433534e-11,6.8815680854335e-11,6.881568085433465e-11,6.881568085433432e-11,6.881568085433396e-11,6.881568085433362e-11,6.881568085433328e-11,6.881568085433293e-11,6.881568085433259e-11,6.881568085433225e-11,6.881568085433191e-11,6.881568085433156e-11,6.881568085433122e-11,6.881568085433087e-11,6.881568085433054e-11,6.88156808543302e-11,6.881568085432985e-11,6.88156808543295e-11,6.881568085432916e-11,6.881568085432881e-11,6.881568085432848e-11,6.881568085432814e-11,6.88156808543278e-11,6.881568085432745e-11,6.88156808543271e-11,6.881568085432677e-11,6.881568085432643e-11,6.881568085432607e-11,6.881568085432572e-11,6.881568085432537e-11,6.881568085432505e-11,6.881568085432469e-11,6.881568085432435e-11,6.881568085432402e-11,6.881568085432367e-11,6.881568085432332e-11,6.881568085432297e-11,6.881568085432265e-11,6.88156808543223e-11,6.881568085432195e-11,6.88156808543216e-11,6.881568085432128e-11,6.881568085432093e-11,6.881568085432059e-11,6.881568085432023e-11,6.88156808543199e-11,6.881568085431956e-11,6.881568085431921e-11,6.881568085431886e-11,6.881568085431854e-11,6.881568085431817e-11,6.881568085431783e-11,6.881568085431748e-11,6.881568085431715e-11,6.88156808543168e-11,6.881568085431646e-11,6.88156808543161e-11,6.881568085431577e-11,6.881568085431542e-11,6.881568085431509e-11,6.881568085431472e-11,6.88156808543144e-11,6.881568085431405e-11,6.88156808543137e-11,6.881568085431338e-11,6.881568085431303e-11,6.88156808543127e-11,6.881568085431235e-11,6.881568085431201e-11,6.881568085431166e-11,6.881568085431132e-11,6.881568085431096e-11,6.881568085431063e-11,6.881568085431028e-11,6.881568085430994e-11,6.881568085430958e-11,6.881568085430926e-11,6.881568085430891e-11,6.881568085430856e-11,6.881568085430821e-11,6.881568085430789e-11,6.881568085430754e-11,6.88156808543072e-11,6.881568085430685e-11,6.881568085430652e-11,6.881568085430618e-11,6.881568085430582e-11,6.881568085430548e-11,6.881568085430513e-11,6.88156808543048e-11,6.881568085430445e-11,6.88156808543041e-11,6.881568085430376e-11,6.881568085430343e-11,6.881568085430308e-11,6.881568085430273e-11,6.881568085430239e-11,6.881568085430206e-11,6.881568085430171e-11,6.881568085430137e-11,6.881568085430102e-11,6.881568085430069e-11,6.881568085430033e-11,6.881568085430002e-11,6.881568085429965e-11,6.881568085429932e-11,6.881568085429897e-11,6.881568085429863e-11,6.88156808542983e-11,6.881568085429795e-11,6.88156808542976e-11,6.881568085429726e-11,6.881568085429691e-11,6.881568085429656e-11,6.881568085429624e-11,6.881568085429588e-11,6.881568085429554e-11,6.88156808542952e-11,6.881568085429487e-11,6.881568085429451e-11,6.881568085429417e-11,6.881568085429382e-11,6.881568085429349e-11,6.881568085429314e-11,6.88156808542928e-11,6.881568085429244e-11,6.881568085429212e-11,6.881568085429177e-11,6.881568085429142e-11,6.881568085429107e-11,6.881568085429074e-11,6.88156808542904e-11,6.881568085429005e-11,6.88156808542897e-11,6.881568085428937e-11,6.881568085428902e-11,6.881568085428867e-11,6.881568085428833e-11,6.8815680854288e-11,6.881568085428765e-11,6.88156808542873e-11,6.881568085428696e-11,6.881568085428663e-11,6.881568085428628e-11,6.881568085428593e-11,6.881568085428559e-11,6.881568085428524e-11,6.88156808542849e-11,6.881568085428454e-11,6.881568085428421e-11,6.881568085428387e-11,6.881568085428352e-11,6.881568085428317e-11,6.881568085428284e-11,6.88156808542825e-11,6.881568085428215e-11,6.88156808542818e-11,6.881568085428146e-11,6.881568085428113e-11,6.881568085428077e-11,6.881568085428043e-11,6.881568085428009e-11,6.881568085427975e-11,6.88156808542794e-11,6.881568085427906e-11,6.881568085427873e-11,6.881568085427838e-11,6.881568085427803e-11,6.88156808542777e-11,6.881568085427736e-11,6.881568085427701e-11,6.881568085427666e-11,6.881568085427631e-11,6.881568085427598e-11,6.881568085427564e-11,6.881568085427528e-11,6.881568085427494e-11,6.88156808542746e-11,6.881568085427427e-11,7.555264897833357e-11,8.433522913909584e-11,9.349631692735841e-11,1.024033804547429e-10,1.108155236595791e-10,1.1865317466171307e-10,1.2590551907955157e-10,1.3259086503783719e-10,1.3873920583059144e-10,1.443845018424687e-10,1.4956128969035774e-10,1.5430322317394262e-10,1.5864247243946404e-10,1.6260950082857404e-10,1.6623300595556874e-10,1.6953993143441552e-10,1.7255550899480128e-10,1.7530331407002016e-10,1.7780532792446502e-10,1.800820034821465e-10,1.8215233359083167e-10,1.8403392098771556e-10,1.8574304937580386e-10,1.872947550349693e-10,1.8870289838189485e-10,1.8998023492118702e-10,1.9113848504691786e-10,1.9218840222196353e-10,1.9313983911864234e-10,1.9400181138057442e-10,1.9478255873605172e-10,1.9548960326151938e-10,1.961298046563008e-10,1.9670941245312722e-10,1.9723411512818829e-10,1.9770908612634066e-10,1.9813902684791596e-10,1.985282066718371e-10,1.9888050011491466e-10,1.9919942123858054e-10,1.9948815543522336e-10,1.99749588725613e-10,1.9998633470954676e-10,2.0020075931128174e-10,2.0039500346180456e-10,2.0057100385738563e-10,2.0073051192999346e-10,2.008751111623711e-10,2.0100623287022464e-10,2.0112517057404556e-10,2.012330930721852e-10,2.0133105632214537e-10,2.014200142272726e-10,2.0150082842388306e-10,2.0157427715831018e-10,2.0164106332575752e-10,2.017018217522745e-10,2.017571257851425e-10,2.0180749325434345e-10,2.0185339186359272e-10,2.0189524406316756e-10,2.0193343145236726e-10,2.0196829875762164e-10,2.0200015742317628e-10,2.0202928885428208e-10,2.020559473441306e-10,2.020803627156513e-10,2.021027427052089e-10,2.02123275113456e-10,2.0214212974590399e-10,2.0215946016335685e-10,2.0217540526105706e-10,2.021900906932318e-10,2.022036301575512e-10,2.022161265548582e-10,2.0222767303424564e-10,2.0223835393634358e-10,2.0224824564422e-10,2.0225741735106852e-10,2.0226593175276724e-10,2.0227384567303044e-10,2.022812106275331e-10,2.0228807333267956e-10,2.0229447616536168e-10,2.0230045757769595e-10,2.0230605247167288e-10,2.0231129253705194e-10,2.023162065571918e-10,2.023208206847239e-10,2.0232515869082761e-10,2.0232924219041915e-10,2.0233309084563843e-10,2.0233672254978785e-10,2.02340153593698e-10,2.0234339881588172e-10,2.0234647173858646e-10,2.0234938469071792e-10,2.0235214891908258e-10,2.0235477468895036e-10,2.0235727137517322e-10,2.0235964754457079e-10,2.0236191103053223e-10,2.0236406900057192e-10,2.0236612801748418e-10,2.0236809409474857e-10,2.0236997274669535e-10,2.023717690340346e-10,2.0237348760497e-10,2.0237513273261472e-10,2.0237670834882523e-10,2.023782180748952e-10,2.0237966524940985e-10,2.0238105295347578e-10,2.023823840336326e-10,2.0238366112269018e-10,2.0238488665846675e-10,2.0238606290100245e-10,2.0238719194817558e-10,2.023882757496524e-10,2.0238931611985243e-10,2.0239031474951518e-10,2.023912732163205e-10,2.0239219299447627e-10,2.0239307546348505e-10,2.0239392191609167e-10,2.0239473356554077e-10,2.0239551155207204e-10,2.0239625694901582e-10,2.0239697076813772e-10,2.0239765396463236e-10,2.0239830744168242e-10,2.0239893205450536e-10,2.0239952861413048e-10,2.024000978908357e-10,2.024006406172065e-10,2.0240115749102678e-10,2.0240164917784332e-10,2.0240211631333927e-10,2.0240255950548555e-10,2.0240297933651547e-10,2.024033763647285e-10,2.0240375112614532e-10,2.0240410413601334e-10,2.024044358901614e-10,2.0240474686630678e-10,2.0240503752516841e-10,2.0240530831155474e-10,2.0240555965533338e-10,2.0240579197231168e-10,2.0240600566508127e-10,2.0240620112373893e-10,2.0240637872661245e-10,2.0240653884088385e-10,2.0240668182318377e-10,2.0240680802012576e-10,2.024069177688196e-10,2.0240701139732612e-10,2.0240708922509016e-10,2.0240715156333377e-10,2.024071987154283e-10,2.0240723097723293e-10,2.0240724863741348e-10,2.0240725197773743e-10,2.0240724127334636e-10,2.0240721679301715e-10,2.024071787993963e-10,2.0240712754922945e-10,2.0240706329356683e-10,2.0240698627795746e-10,2.0240689674264593e-10,2.0240679492272406e-10,2.0240668104832634e-10,2.024065553447413e-10,2.024064180326032e-10,2.0240626932799853e-10,2.0240610944259296e-10,2.0240593858381658e-10,2.0240575695487394e-10,2.02405564754946e-10,2.024053621792646e-10,2.024051494192062e-10,2.0240492666240154e-10,2.0240469409282481e-10,2.0240445189089377e-10,2.02404200233521e-10,2.0240393929424027e-10,2.0240366924325633e-10,2.0240339024754142e-10,2.024031024708618e-10,2.0240280607391027e-10,2.0240250121435606e-10,2.0240218804684718e-10,2.024018667231512e-10,2.024015373922581e-10,2.0240120020032543e-10,2.0240085529070596e-10,2.0240050280416776e-10,2.0240014287885548e-10,2.0239977565037187e-10,2.0239940125181126e-10,2.0239901981375126e-10,2.0239863146437106e-10,2.023982363295216e-10,2.0239783453269077e-10,2.023974261951289e-10,2.023970114358384e-10,2.023965903716291e-10,2.0239616311720628e-10,2.0239572978513784e-10,2.0239529048596166e-10,2.023948453281404e-10,2.0239439441820137e-10,2.02393937860663e-10,2.0239347575823393e-10,2.023930082117311e-10,2.0239253531996076e-10,2.0239205718008953e-10,2.0239157388748017e-10,2.0239108553579167e-10,2.0239059221691728e-10,2.0239009402102848e-10,2.0238959103677184e-10,2.0238908335114668e-10,2.0238857104949915e-10,2.0238805421569291e-10,2.023875329320623e-10,2.0238700727943003e-10,2.0238647733708596e-10,2.0238594318297065e-10,2.0238540489357025e-10,2.0238486254398021e-10,2.023843162079375e-10,2.0238376595783219e-10,2.023832118647395e-10,2.0238265399843564e-10,2.0238209242744852e-10,2.0238152721905773e-10,2.0238095843933568e-10,2.023803861530442e-10,2.0237981042387196e-10,2.023792313142824e-10,2.0237864888612312e-10,2.0237806319900368e-10,2.0237747431246435e-10,2.0237688228446777e-10,2.0237628717209587e-10,2.0237568903136378e-10,2.023750879172426e-10,2.0237448388367997e-10,2.023738769837661e-10,2.0237326726958713e-10,2.023726547921754e-10,2.0237203960172798e-10,2.0237142174749772e-10,2.0237080127786655e-10,2.0237017824031862e-10,2.0236955268147e-10,2.0236892464713963e-10,2.0236829418226328e-10,2.0236766133097953e-10,2.0236702613664594e-10,2.0236638864175074e-10,2.0236574888813705e-10,2.0236510691676815e-10,2.0236446276798957e-10,2.0236381648175257e-10,2.0236316809597914e-10,2.0236251764927313e-10,2.023618651785587e-10,2.0236121072187362e-10,2.023605543137878e-10,2.0235989599078754e-10,2.023592357873711e-10,2.023585737376286e-10,2.0235790987510651e-10,2.0235724423281378e-10,2.0235657684279078e-10,2.0235590773708424e-10,2.0235523694670322e-10,2.0235456450232321e-10,2.0235389043402328e-10,2.0235321477123654e-10,2.023525375429561e-10,2.0235185877760758e-10,2.023511785029767e-10,2.02350496746771e-10,2.0234981353572905e-10,2.0234912889638316e-10,2.0234844285494787e-10,2.0234775543616278e-10,2.0234706666549364e-10,2.0234637656741693e-10,2.023456851660929e-10,2.023449924852275e-10,2.0234429854876062e-10,2.0234360337789544e-10,2.0234290699619132e-10,2.0234220942536656e-10,2.023415106869833e-10,2.0234081080251454e-10,2.02340109792555e-10,2.023394076782645e-10,2.023387044784885e-10,2.023380002131359e-10,2.0233729490241558e-10,2.0233658856509745e-10,2.0233588121947693e-10,2.0233517288441606e-10,2.0233446357713414e-10,2.0233375331586983e-10,2.0233304211771013e-10,2.0233232999978033e-10,2.0233161697881992e-10,2.0233090307122803e-10,2.0233018829262617e-10,2.0232947265986073e-10,2.0232875618795996e-10,2.0232803889226862e-10,2.0232732078762855e-10,2.0232660188878402e-10,2.0232588221018093e-10,2.023251617660347e-10,2.0232444057018333e-10,2.02323718636473e-10,2.02322995977434e-10,2.0232227260714002e-10,2.023215485382276e-10,2.0232082378498344e-10,2.0232009835790298e-10,2.023193722698753e-10,2.023186455328234e-10,2.0231791815849272e-10,2.023171901588762e-10,2.0231646154510465e-10,2.0231573232817985e-10,2.0231500251944877e-10,2.0231427212934358e-10,2.0231354116831923e-10,2.0231280964719315e-10,2.0231207757576894e-10,2.0231134496439685e-10,2.0231061182271225e-10,2.023098781603491e-10,2.0230914398702145e-10,2.0230840931178867e-10,2.0230767414399336e-10,2.0230693849215615e-10,2.0230620236528222e-10,2.0230546577256566e-10,2.0230472872202295e-10,2.0230399122213594e-10,2.023032532811138e-10,2.0230251490711987e-10,2.023017761074642e-10,2.0230103689025587e-10,2.0230029726320755e-10,2.022995572337069e-10,2.0229881680900596e-10,2.0229807599673648e-10,2.0229733480331099e-10,2.0229659323609806e-10,2.0229585129971683e-10,2.0229510900492584e-10,2.0229436635616082e-10,2.0229362335981998e-10,2.0229288002259942e-10,2.022921363503886e-10,2.022913923496068e-10,2.0229064802604882e-10,2.0228990338572327e-10,2.022891584343231e-10,2.022884131771686e-10,2.022876676205256e-10,2.0228692176946619e-10,2.0228617562954152e-10,2.0228542920598183e-10,2.0228468250393913e-10,2.0228393552836366e-10,2.0228318828673032e-10,2.0228244077930375e-10,2.0228169301410086e-10,2.0228094499384487e-10,2.0228019672422086e-10,2.0227944820981678e-10,2.022786994551115e-10,2.0227795046445345e-10,2.0227720124217434e-10,2.0227645179250574e-10,2.0227570212008826e-10,2.0227495222799518e-10,2.0227420212087833e-10,2.0227345180271398e-10,2.0227270127894595e-10,2.0227195054939666e-10,2.022711996204519e-10,2.0227044849532057e-10,2.0226969717741028e-10,2.0226894567049613e-10,2.0226819397815382e-10,2.0226744210359943e-10,2.022666900504318e-10,2.0226593782245603e-10,2.0226518542187297e-10,2.022644328512713e-10,2.0226368011466645e-10,2.0226292721517095e-10,2.0226217415665186e-10,2.0226142093997633e-10,2.0226066756883837e-10,2.0225991404626741e-10,2.0225916037506782e-10,2.0225840655796101e-10,2.0225765259634363e-10,2.0225689849548448e-10,2.0225614425656028e-10,2.0225538988171575e-10,2.0225463537433856e-10,2.0225388073455103e-10,2.0225312596842466e-10,2.0225237107660117e-10,2.022516160603904e-10,2.022508609241224e-10,2.0225010566875697e-10,2.0224935029650586e-10,2.0224859480964573e-10,2.0224783921055412e-10,2.0224708350046082e-10,2.0224632768218392e-10,2.022455717575323e-10,2.0224481572863643e-10,2.0224405959738404e-10,2.022433033681042e-10,2.022425470370895e-10,2.0224179060866933e-10,2.0224103408554061e-10,2.0224027746906656e-10,2.0223952076087598e-10,2.0223876396109803e-10,2.0223800707460932e-10,2.0223725010144062e-10,2.0223649304277788e-10,2.0223573590075478e-10,2.0223497867707005e-10,2.0223422137294276e-10,2.022334639898705e-10,2.0223270652936502e-10,2.0223194899276973e-10,2.0223119138154177e-10,2.022304336958342e-10,2.02229675939475e-10,2.022289181125658e-10,2.022281602163448e-10,2.0222740225224554e-10,2.0222664422145402e-10,2.0222588612523395e-10,2.0222512796482237e-10,2.0222436974133675e-10,2.0222361145599686e-10,2.022228531100099e-10,2.0222209470440908e-10,2.0222133624014433e-10,2.0222057771872603e-10,2.0221981914102794e-10,2.0221906050830877e-10,2.0221830182114943e-10,2.0221754308072788e-10,2.0221678428712763e-10,2.0221602544337243e-10,2.0221526654937246e-10,2.022145076066787e-10,2.0221374861497566e-10,2.022129895757992e-10,2.0221223049003942e-10,2.0221147135851967e-10,2.0221071218241268e-10,2.022099529621065e-10,2.022091936978627e-10,2.0220843439258372e-10,2.022076750452041e-10,2.0220691565706782e-10,2.022061562289128e-10,2.0220539676151772e-10,2.022046372556526e-10,2.0220387771198852e-10,2.022031181309468e-10,2.0220235851390636e-10,2.0220159886126675e-10,2.0220083917357293e-10,2.0220007945152296e-10,2.021993196957888e-10,2.0219855990711967e-10,2.0219780008610703e-10,2.021970402333694e-10,2.0219628035220775e-10,2.0219552043806163e-10,2.0219476049343912e-10,2.0219400051993142e-10,2.021932405171808e-10,2.0219248048653092e-10,2.021917204278536e-10,2.0219096034163165e-10,2.021902002290495e-10,2.0218944009178659e-10,2.0218867992733944e-10,2.021879197395641e-10,2.0218715952527054e-10,2.0218639928680792e-10,2.0218563902426834e-10,2.0218487873878158e-10,2.0218411843025738e-10,2.0218335809982274e-10,2.0218259774839384e-10,2.0218183737428135e-10,2.0218107697918368e-10,2.0218031656472098e-10,2.0217955612871974e-10,2.0217879567300208e-10,2.021780351978575e-10,2.021772747033726e-10,2.0217651419024674e-10,2.0217575365764125e-10,2.0217499310674654e-10,2.0217423253968068e-10,2.0217347195544702e-10,2.0217271135433895e-10,2.0217195073614043e-10,2.021711901019503e-10,2.0217042945211588e-10,2.0216966878963344e-10,2.0216890810889515e-10,2.0216814741335627e-10,2.0216738670293937e-10,2.0216662597820926e-10,2.021658652392876e-10,2.0216510448666525e-10,2.0216434372059995e-10,2.0216358294158865e-10,2.0216282214981755e-10,2.0216206134407606e-10,2.0216130052658566e-10,2.021605396972321e-10,2.0215977885566705e-10,2.0215901800238654e-10,2.0215825713787172e-10,2.021574962620629e-10,2.0215673537543527e-10,2.0215597447650607e-10,2.0215521356840432e-10,2.0215445265005876e-10,2.0215369172298027e-10,2.0215293078494655e-10,2.021521698371568e-10,2.0215140888000926e-10,2.0215064791355312e-10,2.021498869378441e-10,2.0214912595334587e-10,2.0214836496039123e-10,2.0214760395894378e-10,2.0214684294958488e-10,2.021460819317815e-10,2.0214532090595375e-10,2.0214455987251563e-10,2.0214379883151472e-10,2.0214303778355865e-10,2.0214227672763212e-10,2.021415156653042e-10,2.0214075459612422e-10,2.021399935197578e-10,2.021392324369735e-10,2.0213847134751255e-10,2.021377102551872e-10,2.021369491534196e-10,2.0213618804651372e-10,2.021354269327164e-10,2.0213466581362204e-10,2.021339046890305e-10,2.0213314355892833e-10,2.0213238242334258e-10,2.0213162128240404e-10,2.021308601364748e-10,2.0213009898539896e-10,2.0212933783324416e-10,2.0212857667312027e-10,2.021278155099271e-10,2.0212705434109232e-10,2.0212629316852771e-10,2.0212553199224372e-10,2.02124770809958e-10,2.0212400962358076e-10,2.0212324843057425e-10,2.0212248723667115e-10,2.0212172603903072e-10,2.0212096484078167e-10,2.0212020363613316e-10,2.0211944242759786e-10,2.0211868121589766e-10,2.0211792000189614e-10,2.0211715878341216e-10,2.0211639756358938e-10,2.0211563633765382e-10,2.021148751107907e-10,2.0211411388109845e-10,2.0211335264874735e-10,2.021125914100424e-10,2.0211183017246186e-10,2.0211106893312666e-10,2.021103076904788e-10,2.0210954644469392e-10,2.0210878519760787e-10,2.0210802394832986e-10,2.0210726269651414e-10,2.0210650144303667e-10,2.0210574018776828e-10,2.02104978930753e-10,2.0210421767034955e-10,2.021034564094522e-10,2.0210269514693705e-10,2.0210193388373718e-10,2.0210117261798957e-10,2.0210041135016087e-10,2.0209965008203688e-10,2.0209888881170066e-10,2.0209812754000684e-10,2.0209736626766295e-10,2.0209660499368975e-10,2.0209584371884197e-10,2.0209508244156736e-10,2.0209432116411804e-10,2.0209355988591862e-10,2.0209279860623263e-10,2.02092037325793e-10,2.0209127604428165e-10,2.0209051476105375e-10,2.0208975347860327e-10,2.0208899219255473e-10,2.0208823090876817e-10,2.0208746962372551e-10,2.0208670833838892e-10,2.0208594705233496e-10,2.0208518576664772e-10,2.0208442448023383e-10,2.0208366319262856e-10,2.020829019034104e-10,2.020821406105368e-10,2.020813793217388e-10,2.0208061803309991e-10,2.0207985674384763e-10,2.0207909545492854e-10,2.020783341638525e-10,2.0207757287430668e-10,2.0207681158586123e-10,2.020760502962316e-10,2.02075289006795e-10,2.0207452771769847e-10,2.0207376642761686e-10,2.0207300513769595e-10,2.0207224384786754e-10,2.020714825572477e-10,2.0207072126768193e-10,2.0206995997848473e-10,2.0206919869071587e-10,2.0206843740176147e-10,2.0206767611326748e-10,2.0206691482423747e-10,2.0206615353598696e-10,2.0206539224811374e-10,2.0206463096089257e-10,2.020638696742449e-10,2.0206310838772864e-10,2.020623471028807e-10,2.020615858174512e-10,2.0206082453262962e-10,2.020600632484441e-10,2.020593019642515e-10,2.0205854068077017e-10,2.0205777939770595e-10,2.0205701811621936e-10,2.0205625683497437e-10,2.020554955519982e-10,2.0205473427237105e-10,2.0205397299271306e-10,2.0205321171405458e-10,2.0205245043293405e-10,2.0205168915567534e-10,2.0205092787942256e-10,2.0205016660376804e-10,2.0204940532762412e-10,2.0204864405346307e-10,2.0204788278032946e-10,2.0204712150749152e-10,2.02046360235945e-10,2.020455989654158e-10,2.0204483769602805e-10,2.0204407642725922e-10,2.0204331515950652e-10,2.020425538924809e-10,2.0204179262648546e-10,2.0204103136154618e-10,2.020402700974733e-10,2.0203950883552067e-10,2.0203874757358698e-10,2.0203798631341118e-10,2.020372250533661e-10,2.020364637947978e-10,2.0203570253731623e-10,2.0203494128068423e-10,2.0203418002322282e-10,2.0203341876856848e-10,2.0203265751543762e-10,2.0203189626382828e-10,2.0203113501342836e-10,2.0203037376381757e-10,2.0202961251677608e-10,2.0202885126942957e-10,2.0202809002313588e-10,2.020273287761693e-10,2.0202656753230371e-10,2.0202580628958484e-10,2.020250450488299e-10,2.0202428380960707e-10,2.0202352257087763e-10,2.020227613331169e-10,2.0202200009681193e-10,2.0202123886191022e-10,2.0202047762798922e-10,2.0201971639540123e-10,2.0201895516417463e-10,2.0201819393437123e-10,2.020174327061339e-10,2.020166714790252e-10,2.0201591025322438e-10,2.0201514902875898e-10,2.0201438780567062e-10,2.0201362658400453e-10,2.020128653638367e-10,2.0201210414420398e-10,2.020113429283681e-10,2.0201058171209035e-10,2.020098204974473e-10,2.0200905928422796e-10,2.0200829807622645e-10,2.020075368659658e-10,2.0200677565679667e-10,2.020060144466734e-10,2.020052532404113e-10,2.020044920358756e-10,2.0200373083278869e-10,2.020029696278381e-10,2.020022084273439e-10,2.0200144722870566e-10,2.020006860305532e-10,2.0199992483454672e-10,2.0199916363734508e-10,2.0199840244434705e-10,2.0199764124828927e-10,2.0199688005839878e-10,2.019961188699491e-10,2.0199535767964615e-10,2.0199459649426803e-10,2.019938353095584e-10,2.0199307412814878e-10,2.0199231294500702e-10,2.01991551765934e-10,2.0199079058823362e-10,2.019900294121197e-10,2.0198926823500127e-10,2.0198850706282475e-10,2.0198774589166226e-10,2.0198698472173624e-10,2.0198622355403678e-10,2.0198546238732463e-10,2.0198470122213416e-10,2.0198394005917075e-10,2.0198317889734998e-10,2.0198241773600088e-10,2.019816565757818e-10,2.0198089541860815e-10,2.0198013426298974e-10,2.0197937310891588e-10,2.0197861195648333e-10,2.0197785080663662e-10,2.01977089657783e-10,2.0197632851026708e-10,2.0197556736451284e-10,2.019748062203324e-10,2.0197404507762682e-10,2.0197328393619013e-10,2.019725227971456e-10,2.0197176165625013e-10,2.0197100052015362e-10,2.0197023938591896e-10,2.019694782537285e-10,2.0196871712315924e-10,2.0196795599470406e-10,2.019671948668426e-10,2.0196643374122624e-10,2.0196567261670708e-10,2.019649114939736e-10,2.019641503733604e-10,2.0196338925380957e-10,2.0196262813601161e-10,2.019618670183038e-10,2.0196110590376793e-10,2.0196034479122673e-10,2.0195958367733198e-10,2.0195882256789537e-10,2.019580614606449e-10,2.0195730035481306e-10,2.0195653925104504e-10,2.019557781482518e-10,2.0195501704734072e-10,2.0195425594690362e-10,2.0195349484970748e-10,2.0195273375456835e-10,2.0195197266050642e-10,2.0195121156843885e-10,2.0195045047628457e-10,2.019496893862637e-10,2.019489282992137e-10,2.019481672138309e-10,2.0194740612997587e-10,2.0194664504805972e-10,2.0194588396784083e-10,2.019451228892318e-10,2.019443618130562e-10,2.0194360073749385e-10,2.019428396645805e-10,2.0194207859300227e-10,2.019413175231327e-10,2.0194055645430343e-10,2.0193979538793894e-10,2.0193903432285e-10,2.0193827325969365e-10,2.01937512198438e-10,2.0193675113878071e-10,2.0193599007723732e-10,2.0193522902103547e-10,2.0193446796486345e-10,2.0193370691219208e-10,2.0193294586131206e-10,2.0193218481216937e-10,2.0193142376461414e-10,2.0193066271889101e-10,2.019299016749632e-10,2.0192914063280727e-10,2.0192837959239555e-10,2.019276185541345e-10,2.0192685751708834e-10,2.0192609648125075e-10,2.0192533544843836e-10,2.0192457441697381e-10,2.0192381338731715e-10,2.0192305235967614e-10,2.0192229133120746e-10,2.0192153030725404e-10,2.0192076928455464e-10,2.019200082647211e-10,2.0191924724542888e-10,2.0191848622486417e-10,2.019177252057739e-10,2.0191696419215485e-10,2.019162031799788e-10,2.019154421711095e-10,2.0191468116260575e-10,2.0191392015755182e-10,2.019131591502856e-10,2.019123981442926e-10,2.0191163714256384e-10,2.01910876142756e-10,2.0191011514492414e-10,2.0190935414616778e-10,2.0190859315223172e-10,2.0190783216121183e-10,2.0190707117052396e-10,2.0190631018175565e-10,2.01905549194555e-10,2.019047882083258e-10,2.0190402722478468e-10,2.0190326624274417e-10,2.0190250525761787e-10,2.0190174428046168e-10,2.0190098330369574e-10,2.0190022232838714e-10,2.018994613555768e-10,2.018987003845506e-10,2.0189793941482937e-10,2.0189717844455618e-10,2.018964174779307e-10,2.0189565651386442e-10,2.0189489555090687e-10,2.0189413459050106e-10,2.0189337363172504e-10,2.0189261267467156e-10,2.0189185171945655e-10,2.0189109076580061e-10,2.0189032981425485e-10,2.0188956886400803e-10,2.0188880791139598e-10,2.0188804696542768e-10,2.0188728602069884e-10,2.0188652507888756e-10,2.0188576414144532e-10,2.0188500320272662e-10,2.0188424226549358e-10,2.0188348132714788e-10,2.01882720395128e-10,2.0188195946336017e-10,2.0188119853344496e-10,2.0188043760594595e-10,2.0187967668035383e-10,2.0187891575600977e-10,2.018781548333773e-10,2.0187739391236935e-10,2.0187663299342153e-10,2.01875872076078e-10,2.0187511115782162e-10,2.0187435024410662e-10,2.0187358933240095e-10,2.0187282842253774e-10,2.0187206751427947e-10,2.018713066054363e-10,2.0187054570379605e-10,2.0186978480049874e-10,2.018690238994356e-10,2.0186826300033657e-10,2.0186750210285005e-10,2.018667412076394e-10,2.0186598031399208e-10,2.0186521942138856e-10,2.018644585308291e-10,2.0186369764261322e-10,2.0186293675626482e-10,2.018621758715598e-10,2.0186141498544528e-10,2.018606541018488e-10,2.0185989322352966e-10,2.0185913234611845e-10,2.0185837147030704e-10,2.0185761059425554e-10,2.018568497219368e-10,2.018560888528843e-10,2.0185532798464156e-10,2.0185456711932518e-10,2.0185380625492486e-10,2.018530453922672e-10,2.0185228453124367e-10,2.0185152367246453e-10,2.0185076281575261e-10,2.0185000196067482e-10,2.0184924110694605e-10,2.018484802549786e-10,2.018477194048067e-10,2.0184695855648314e-10,2.0184619770409976e-10,2.0184543685957345e-10,2.0184467601711722e-10,2.0184391517609514e-10,2.0184315433690376e-10,2.018423935021566e-10,2.0184163266705272e-10,2.01840871833423e-10,2.018401110018519e-10,2.0183935017151282e-10,2.018385893439181e-10,2.01837828515587e-10,2.0183706769129804e-10,2.0183630686861215e-10,2.0183554604782125e-10,2.0183478522919327e-10,2.0183402441265772e-10,2.018332635975608e-10,2.0183250278369275e-10,2.0183174197224142e-10,2.0183098116235364e-10,2.0183022035618895e-10,2.0182945954912738e-10,2.018286987448211e-10,2.0182793794111653e-10,2.0182717714023155e-10,2.018264163408394e-10,2.0182565554388438e-10,2.018248947487594e-10,2.0182413395511703e-10,2.0182337316307968e-10,2.0182261237351e-10,2.018218515859282e-10,2.018210908000954e-10,2.01820330015947e-10,2.0181956923405444e-10,2.0181880845385988e-10,2.0181804767695727e-10,2.0181728690037437e-10,2.0181652612546668e-10,2.018157653524982e-10,2.0181500458133534e-10,2.0181424381218093e-10,2.0181348304458025e-10,2.0181272227929857e-10,2.0181196151282433e-10,2.0181120075032333e-10,2.0181043999051404e-10,2.0180967923243395e-10,2.0180891847591943e-10,2.0180815772119467e-10,2.018073969685763e-10,2.018066362178296e-10,2.0180587546896617e-10,2.0180511472359869e-10,2.0180435397788637e-10,2.0180359323427253e-10,2.0180283248924285e-10,2.0180207174948737e-10,2.0180131101119742e-10,2.0180055027438502e-10,2.0179978954220223e-10,2.0179902880680258e-10,2.0179826807651907e-10,2.0179750734886857e-10,2.0179674662447753e-10,2.0179598589938724e-10,2.0179522517707698e-10,2.017944644558559e-10,2.0179370373629883e-10,2.0179294301875367e-10,2.017921823030618e-10,2.0179142158788964e-10,2.0179066087570887e-10,2.017899001696034e-10,2.0178913946128976e-10,2.01788378754702e-10,2.0178761805031876e-10,2.017868573473433e-10,2.0178609664366582e-10,2.0178533594509075e-10,2.017845752479159e-10,2.0178381455228582e-10,2.0178305385862767e-10,2.017822931669323e-10,2.0178153247711887e-10,2.0178077178901653e-10,2.017800111030141e-10,2.0177925041863708e-10,2.0177848973631663e-10,2.0177772905608693e-10,2.0177696837493645e-10,2.0177620769823346e-10,2.0177544702315202e-10,2.0177468635219065e-10,2.0177392568090864e-10,2.0177316501152253e-10,2.0177240434374766e-10,2.0177164367783477e-10,2.0177088301513706e-10,2.0177012235211667e-10,2.0176936169376491e-10,2.0176860103537182e-10,2.01767840375377e-10,2.017670797182069e-10,2.017663190643204e-10,2.0176555841363885e-10,2.0176479776461573e-10,2.0176403711445673e-10,2.017632764689858e-10,2.017625158254235e-10,2.0176175518346912e-10,2.0176099454367953e-10,2.0176023390592997e-10,2.0175947326970768e-10,2.0175871263487724e-10,2.017579520025851e-10,2.0175719137205653e-10,2.0175643074344362e-10,2.0175567011672964e-10,2.0175490949182232e-10,2.0175414886996872e-10,2.0175338824918172e-10,2.0175262762582265e-10,2.0175186700836797e-10,2.0175110639287228e-10,2.0175034577993041e-10,2.0174958516818103e-10,2.017488245582162e-10,2.0174806395012186e-10,2.0174730334267076e-10,2.0174654273827034e-10,2.017457821365103e-10,2.0174502153426176e-10,2.0174426093542725e-10,2.0174350033853426e-10,2.0174273974355597e-10,2.0174197915043257e-10,2.0174121855940706e-10,2.0174045796993184e-10,2.017396973829647e-10,2.0173893679735217e-10,2.0173817621363707e-10,2.0173741563297839e-10,2.0173665505169448e-10,2.0173589447351813e-10,2.017351339004302e-10,2.0173437332745934e-10,2.017336127550976e-10,2.0173285218435325e-10,2.0173209161547938e-10,2.0173133104874832e-10,2.0173057048433712e-10,2.0172980992111028e-10,2.0172904935982318e-10,2.0172828880164413e-10,2.0172752824413016e-10,2.017267676885927e-10,2.0172600713462218e-10,2.0172524658265798e-10,2.0172448603238807e-10,2.0172372548418743e-10,2.0172296493788683e-10,2.0172220439354245e-10,2.0172144385137755e-10,2.0172068331083678e-10,2.017199227720538e-10,2.017191622369481e-10,2.0171840170189442e-10,2.0171764116934308e-10,2.017168806391309e-10,2.0171612010912176e-10,2.017153595815277e-10,2.0171459905581077e-10,2.0171383853210631e-10,2.0171307801018303e-10,2.01712317490067e-10,2.0171155697174228e-10,2.0171079645559502e-10,2.017100359387892e-10,2.0170927542711225e-10,2.0170851491193406e-10,2.017077544032276e-10,2.017069938908714e-10,2.017062333861074e-10,2.0170547288305652e-10,2.0170471238148085e-10,2.0170395188233427e-10,2.0170319138493124e-10,2.0170243088909912e-10,2.0170167039520765e-10,2.0170090990328318e-10,2.0170014941035659e-10,2.0169938891781383e-10,2.0169862843383787e-10,2.0169786794955785e-10,2.0169710746672232e-10,2.016963469861538e-10,2.0169558650725262e-10,2.0169482603147297e-10,2.016940655566214e-10,2.0169330508004983e-10,2.0169254460907325e-10,2.0169178413990147e-10,2.016910236721166e-10,2.0169026320383096e-10,2.0168950274229693e-10,2.016887422799524e-10,2.01687981819514e-10,2.016872213620395e-10,2.0168646090698974e-10,2.0168570045306422e-10,2.0168494000074553e-10,2.016841795503508e-10,2.016834191019134e-10,2.0168265865531357e-10,2.0168189821031002e-10,2.016811377675418e-10,2.0168037732682669e-10,2.016796168877194e-10,2.0167885645083616e-10,2.0167809601566903e-10,2.016773355823274e-10,2.016765751509581e-10,2.0167581472129363e-10,2.0167505429384983e-10,2.0167429386797864e-10,2.0167353344401324e-10,2.0167277301923384e-10,2.0167201259908063e-10,2.0167125218018076e-10,2.0167049176389172e-10,2.0166973135005182e-10,2.0166897093769688e-10,2.0166821052704792e-10,2.0166745011826752e-10,2.0166668971143316e-10,2.016659293063713e-10,2.0166516890333263e-10,2.0166440850219657e-10,2.0166364810294678e-10,2.01662887704915e-10,2.016621273070173e-10,2.016613669134288e-10,2.0166060652203506e-10,2.016598461319419e-10,2.0165908574430315e-10,2.016583253582855e-10,2.016575649715692e-10,2.016568045892276e-10,2.01656044208626e-10,2.0165528382993502e-10,2.0165452345344617e-10,2.0165376307896029e-10,2.0165300270391394e-10,2.0165224233336442e-10,2.0165148196476494e-10,2.016507215978215e-10,2.0164996123244612e-10,2.0164920086764293e-10,2.01648440506344e-10,2.016476801471549e-10,2.0164691979015012e-10,2.0164615943426846e-10,2.01645399082313e-10,2.0164463873070397e-10,2.016438783808474e-10,2.0164311803291945e-10,2.0164235768686304e-10,2.016415973427496e-10,2.0164083699987455e-10,2.0164007665603212e-10,2.0163931631757108e-10,2.016385559822945e-10,2.01637795647819e-10,2.0163703531477259e-10,2.01636274985191e-10,2.0163551465648305e-10,2.0163475433022407e-10,2.0163399400518321e-10,2.016332336819179e-10,2.0163247336063038e-10,2.016317130412542e-10,2.0163095272382477e-10,2.016301924103933e-10,2.016294320967498e-10,2.0162867178513398e-10,2.0162791147827673e-10,2.0162715117195487e-10,2.0162639086609923e-10,2.016256305620069e-10,2.0162487025983088e-10,2.0162410995945425e-10,2.0162334965806993e-10,2.0162258936157782e-10,2.016218290670925e-10,2.016210687744233e-10,2.016203084837156e-10,2.0161954819630895e-10,2.0161878790999484e-10,2.0161802762498402e-10,2.0161726734215277e-10,2.0161650706064635e-10,2.016157467813761e-10,2.0161498650378526e-10,2.0161422622914543e-10,2.0161346595563224e-10,2.0161270568467197e-10,2.0161194541484076e-10,2.016111851471355e-10,2.0161042488120153e-10,2.0160966461726102e-10,2.0160890435529186e-10,2.0160814409108045e-10,2.016073838330673e-10,2.0160662357697413e-10,2.0160586332266893e-10,2.0160510307046655e-10,2.0160434281941584e-10,2.016035825708424e-10,2.0160282232295279e-10,2.016020620790428e-10,2.016013018351754e-10,2.016005415944242e-10,2.0159978135533712e-10,2.0159902111819605e-10,2.0159826088340983e-10,2.0159750065013443e-10,2.0159674041503421e-10,2.015959801855762e-10,2.0159521995803929e-10,2.015944597321048e-10,2.0159369950831652e-10,2.0159293928656873e-10,2.015921790675172e-10,2.0159141884967168e-10,2.0159065863406837e-10,2.0158989841985406e-10,2.0158913820792237e-10,2.0158837799768194e-10,2.015876177888613e-10,2.0158685757982984e-10,2.015860973753047e-10,2.0158533717257041e-10,2.0158457697195404e-10,2.0158381677042113e-10,2.0158305657363652e-10,2.0158229637959794e-10,2.0158153618687892e-10,2.0158077599556967e-10,2.0158001580648838e-10,2.0157925561901894e-10,2.015784954341397e-10,2.015777352507776e-10,2.015769750690669e-10,2.0157621488966583e-10,2.0157545471227105e-10,2.0157469453721988e-10,2.0157393436374287e-10,2.0157317419206931e-10,2.015724140217242e-10,2.0157165385328222e-10,2.0157089368480238e-10,2.0157013352133353e-10,2.0156937335953248e-10,2.0156861319921872e-10,2.01567853041068e-10,2.0156709288573738e-10,2.0156633273147758e-10,2.0156557257622473e-10,2.0156481242534342e-10,2.0156405227686173e-10,2.015632921302643e-10,2.0156253198573621e-10,2.0156177184324464e-10,2.0156101169970548e-10,2.0156025156251347e-10,2.0155949142538158e-10,2.0155873129169924e-10,2.0155797115823807e-10,2.0155721102700998e-10,2.0155645089774636e-10,2.0155569077038733e-10,2.0155493064534538e-10,2.0155417052175827e-10,2.0155341039719379e-10,2.015526502781465e-10,2.0155189016046186e-10,2.0155113004453645e-10,2.0155036993082626e-10,2.0154960981893144e-10,2.0154884970682487e-10,2.0154808959905895e-10,2.0154732949329561e-10,2.0154656938907804e-10,2.0154580928689754e-10,2.0154504918675962e-10,2.0154428908848503e-10,2.0154352899215884e-10,2.01542768897607e-10,2.015420088068079e-10,2.0154124871625216e-10,2.0154048862673963e-10,2.015397285400939e-10,2.015389684553377e-10,2.0153820837174325e-10,2.0153744829023217e-10,2.015366882084816e-10,2.0153592813149453e-10,2.0153516805646773e-10,2.0153440798340183e-10,2.0153364791242966e-10,2.0153288784314876e-10,2.0153212777601124e-10,2.0153136771145954e-10,2.0153060764811594e-10,2.015298475866388e-10,2.0152908752712177e-10,2.0152832746963236e-10,2.0152756741419373e-10,2.0152680736048262e-10,2.0152604730597636e-10,2.015252872563987e-10,2.0152452720866202e-10,2.0152376716590004e-10,2.01523007121991e-10,2.0152224708000468e-10,2.0152148704092776e-10,2.015207270028331e-10,2.015199669660908e-10,2.015192069318137e-10,2.0151844689974344e-10,2.0151768686946207e-10,2.0151692684127333e-10,2.015161668148538e-10,2.0151540679032924e-10,2.015146467698616e-10,2.0151388674951096e-10,2.015131267302644e-10,2.0151236671301223e-10,2.015116066958172e-10,2.0151084668103204e-10,2.0151008667005856e-10,2.0150932666064204e-10,2.0150856665390517e-10,2.015078066481593e-10,2.0150704664361584e-10,2.015062866416327e-10,2.0150552664355215e-10,2.015047666444466e-10,2.0150400664828223e-10,2.0150324665364102e-10,2.0150248666191463e-10,2.015017266726841e-10,2.015009666854521e-10,2.0150020670019438e-10,2.0149944671663925e-10,2.0149868673493026e-10,2.0149792675286938e-10,2.0149716677515647e-10,2.0149640679940767e-10,2.0149564682582195e-10,2.0149488685181884e-10,2.0149412688202996e-10,2.0149336691410965e-10,2.0149260694743183e-10,2.0149184698417842e-10,2.014910870219897e-10,2.014903270618789e-10,2.0148956710359838e-10,2.0148880714736867e-10,2.0148804719326174e-10,2.0148728724085818e-10,2.0148652729071915e-10,2.0148576734239708e-10,2.0148500739596713e-10,2.014842474515672e-10,2.0148348750911725e-10,2.0148272756855015e-10,2.0148196762988324e-10,2.0148120769322506e-10,2.0148044775861028e-10,2.0147968782526666e-10,2.0147892789439508e-10,2.0147816796498122e-10,2.0147740803883723e-10,2.0147664811389635e-10,2.014758881904707e-10,2.0147512826948135e-10,2.0147436834988894e-10,2.014736084331675e-10,2.0147284851798975e-10,2.0147208860494535e-10,2.0147132869524018e-10,2.0147056878640032e-10,2.0146980888107882e-10,2.0146904897478223e-10,2.0146828907172914e-10,2.014675291690954e-10,2.014667692697472e-10,2.0146600937241943e-10,2.0146524947704643e-10,2.0146448958325476e-10,2.0146372969175362e-10,2.014629698023023e-10,2.0146220991478534e-10,2.014614500292805e-10,2.014606901455975e-10,2.0145993026388744e-10,2.014591703842522e-10,2.014584105064946e-10,2.014576506304079e-10,2.0145689075660372e-10,2.0145613088565597e-10,2.014553710165451e-10,2.014546111486656e-10,2.0145385128271794e-10,2.014530914187377e-10,2.0145233155676754e-10,2.014515716973043e-10,2.0145081183913086e-10,2.0145005198401382e-10,2.0144929213037338e-10,2.014485322784509e-10,2.0144777242826547e-10,2.0144701257978298e-10,2.0144625273350183e-10,2.0144549288920884e-10,2.0144473304689578e-10,2.014439732066933e-10,2.0144321336829593e-10,2.0144245353183564e-10,2.0144169369675467e-10,2.0144093386398324e-10,2.0144017403359177e-10,2.0143941420508585e-10,2.0143865437874172e-10,2.0143789455424778e-10,2.014371347316961e-10,2.0143637491053048e-10,2.0143561509136583e-10,2.0143485527382153e-10,2.0143409545911454e-10,2.0143333564655545e-10,2.0143257583557612e-10,2.0143181602760626e-10,2.0143105622158632e-10,2.01430296416726e-10,2.014295366151673e-10,2.0142877681422189e-10,2.0142801701548062e-10,2.0142725721868656e-10,2.0142649742375936e-10,2.0142573763162158e-10,2.0142497784072558e-10,2.0142421805175737e-10,2.0142345826551415e-10,2.0142269848062348e-10,2.0142193869752407e-10,2.014211789164622e-10,2.0142041913729573e-10,2.0141965935982817e-10,2.0141889958474507e-10,2.0141813981094557e-10,2.0141738003975632e-10,2.0141662027056093e-10,2.0141586050363228e-10,2.01415100735454e-10,2.0141434097223307e-10,2.0141358121333332e-10,2.0141282145477167e-10,2.0141206169939607e-10,2.014113019437323e-10,2.0141054219046226e-10,2.0140978243906188e-10,2.0140902268967075e-10,2.0140826294573151e-10,2.0140750320033055e-10,2.014067434551308e-10,2.014059837137154e-10,2.0140522397433276e-10,2.0140446423684785e-10,2.0140370450122465e-10,2.0140294476772175e-10,2.014021850363125e-10,2.0140142530772126e-10,2.014006655802028e-10,2.013999058554756e-10,2.0139914613195672e-10,2.0139838641053626e-10,2.0139762669115447e-10,2.013968669735815e-10,2.013961072578454e-10,2.01395347543796e-10,2.0139458783254168e-10,2.0139382812275218e-10,2.0139306841505755e-10,2.0139230870933574e-10,2.0139154900562097e-10,2.0139078930151403e-10,2.0139002960185511e-10,2.0138926990405697e-10,2.0138851020830842e-10,2.0138775051445172e-10,2.0138699082264166e-10,2.0138623113301562e-10,2.0138547144525992e-10,2.013847117594392e-10,2.0138395207593222e-10,2.0138319239080713e-10,2.0138243271123622e-10,2.0138167303410193e-10,2.0138091335830299e-10,2.0138015368442248e-10,2.013793940125531e-10,2.0137863434291517e-10,2.0137787467230012e-10,2.0137711500651904e-10,2.013763553425629e-10,2.0137559568063035e-10,2.013748360208166e-10,2.0137407636283122e-10,2.0137331670692807e-10,2.0137255705008123e-10,2.0137179739759705e-10,2.0137103774847132e-10,2.0137027810325596e-10,2.0136951845737325e-10,2.0136875881537444e-10,2.0136799917349463e-10,2.013672395336248e-10,2.0136647989523102e-10,2.0136572025955023e-10,2.0136496062560077e-10,2.0136420099371886e-10,2.0136344136411398e-10,2.0136268173632116e-10,2.013619221104336e-10,2.01361162486565e-10,2.0136040286512996e-10,2.0135964324537395e-10,2.0135888362730976e-10,2.0135812401106604e-10,2.0135736439731637e-10,2.0135660478564456e-10,2.0135584517503802e-10,2.0135508556710333e-10,2.0135432596130835e-10,2.013535663583396e-10,2.0135280675642623e-10,2.0135204715678007e-10,2.013512875589405e-10,2.013505279629109e-10,2.0134976836894254e-10,2.0134900877699963e-10,2.0134824918665248e-10,2.013474895987528e-10,2.013467300137754e-10,2.0134597043302667e-10,2.0134521085112653e-10,2.013444512712924e-10,2.013436916935178e-10,2.0134293211779472e-10,2.0134217254364816e-10,2.013414129695715e-10,2.0134065339905176e-10,2.013398938311918e-10,2.0133913426544224e-10,2.0133837470174953e-10,2.013376151399235e-10,2.0133685557942e-10,2.013360960216064e-10,2.013353364658958e-10,2.0133457691277442e-10,2.0133381736106505e-10,2.013330578112346e-10,2.013322982636859e-10,2.013315387181703e-10,2.0133077917398222e-10,2.0133001963211587e-10,2.0132926009431935e-10,2.0132850055654832e-10,2.0132774102081843e-10,2.0132698148714714e-10,2.013262219555807e-10,2.0132546242587494e-10,2.0132470289884524e-10,2.0132394337277752e-10,2.0132318384908003e-10,2.0132242432993315e-10,2.0132166481053995e-10,2.0132090529299172e-10,2.0132014577703383e-10,2.0131938626332918e-10,2.013186267521026e-10,2.0131786724254355e-10,2.0131710773501062e-10,2.0131634823047624e-10,2.0131558872700206e-10,2.0131482922490743e-10,2.0131406972508377e-10,2.0131331022729952e-10,2.0131255073180996e-10,2.013117912384106e-10,2.0131103174687728e-10,2.0131027226080927e-10,2.0130951277302363e-10,2.0130875328779208e-10,2.0130799380396354e-10,2.013072343227117e-10,2.0130647484332896e-10,2.0130571536771605e-10,2.0130495589161937e-10,2.0130419641836814e-10,2.0130343694688842e-10,2.0130267747766137e-10,2.0130191801006862e-10,2.0130115854496194e-10,2.0130039908178585e-10,2.0129963962064708e-10,2.0129888016150378e-10,2.0129812070638396e-10,2.012973612544354e-10,2.0129660180195074e-10,2.012958423509889e-10,2.012950829019588e-10,2.0129432345437652e-10,2.0129356400516057e-10,2.012928045623911e-10,2.0129204512219057e-10,2.012912856845443e-10,2.012905262478718e-10,2.0128976681307001e-10,2.0128900738019854e-10,2.012882479496004e-10,2.0128748852084757e-10,2.0128672909110785e-10,2.012859696663319e-10,2.0128521024329734e-10,2.0128445082266325e-10,2.0128369140399307e-10,2.012829319869542e-10,2.0128217257248251e-10,2.0128141315999124e-10,2.0128065375095784e-10,2.0127989434340859e-10,2.0127913493823143e-10,2.0127837553446153e-10,2.0127761613205243e-10,2.0127685673163065e-10,2.0127609733367917e-10,2.012753379346368e-10,2.0127457854023658e-10,2.0127381914803465e-10,2.012730597578442e-10,2.0127230036954173e-10,2.0127154098301982e-10,2.0127078159884125e-10,2.0127002221665124e-10,2.0126926283289428e-10,2.0126850345519184e-10,2.0126774407912185e-10,2.0126698470443467e-10,2.01266225332466e-10,2.0126546596246846e-10,2.0126470659456142e-10,2.0126394722800905e-10,2.0126318786658163e-10,2.0126242850543325e-10,2.012616691450025e-10,2.0126090978742356e-10,2.0126015043171684e-10,2.012593910771551e-10,2.0125863172290232e-10,2.012578723706005e-10,2.0125711302233888e-10,2.0125635367673387e-10,2.0125559433329106e-10,2.0125483499192474e-10,2.0125407565154634e-10,2.0125331631408718e-10,2.0125255697867022e-10,2.0125179764530288e-10,2.0125103831310647e-10,2.0125027898378355e-10,2.0124951965613382e-10,2.012487603302396e-10,2.0124800100718283e-10,2.0124724168608612e-10,2.0124648236705044e-10,2.0124572304963143e-10,2.01244963734639e-10,2.0124420442127431e-10,2.0124344511259904e-10,2.0124268580353267e-10,2.0124192649768235e-10,2.0124116719353667e-10,2.0124040789065967e-10,2.012396485898719e-10,2.0123888929108669e-10,2.0123812999429012e-10,2.0123737069930466e-10,2.0123661140224876e-10,2.0123585211165308e-10,2.012350928231822e-10,2.0123433353641122e-10,2.012335742521998e-10,2.0123281496996033e-10,2.0123205568600714e-10,2.0123129640734735e-10,2.0123053713044192e-10,2.012297778559419e-10,2.0122901858377858e-10,2.0122825931365474e-10,2.0122750004557888e-10,2.012267407795315e-10,2.0122598151553358e-10,2.0122522225408805e-10,2.0122446299520029e-10,2.012237037398629e-10,2.0122294448393155e-10,2.012221852302251e-10,2.0122142597850322e-10,2.0122066672872569e-10,2.012199074810576e-10,2.012191482354769e-10,2.0121838899138445e-10,2.012176297499378e-10,2.0121687051154162e-10,2.0121611127416047e-10,2.0121535203885503e-10,2.01214592804926e-10,2.012138335753019e-10,2.0121307434718055e-10,2.0121231512009943e-10,2.0121155589508883e-10,2.012107966721666e-10,2.0121003745379595e-10,2.0120927823484154e-10,2.012085190176912e-10,2.0120775980235842e-10,2.0120700058957068e-10,2.01206241378821e-10,2.0120548217028571e-10,2.0120472296256892e-10,2.0120396375802527e-10,2.0120320455216842e-10,2.0120244535330727e-10,2.0120168615486537e-10,2.0120092695859262e-10,2.0120016776519104e-10,2.0119940857292818e-10,2.011986493834913e-10,2.011978901961538e-10,2.011971310097196e-10,2.0119637182530086e-10,2.0119561264340588e-10,2.0119485346341807e-10,2.0119409428552897e-10,2.0119333510972103e-10,2.0119257593529963e-10,2.011918167636213e-10,2.0119105759387144e-10,2.0119029842589822e-10,2.0118953925909774e-10,2.0118878009551853e-10,2.0118802093486379e-10,2.011872617754755e-10,2.0118650261821568e-10,2.0118574346291913e-10,2.0118498430967887e-10,2.011842251585432e-10,2.0118346600590656e-10,2.0118270686081095e-10,2.0118194771596263e-10,2.01181188576122e-10,2.0118042943639547e-10,2.0117967029758117e-10,2.0117891116053549e-10,2.0117815202526276e-10,2.0117739289258544e-10,2.0117663376173402e-10,2.011758746331257e-10,2.0117511550676445e-10,2.0117435638253406e-10,2.0117359726000423e-10,2.0117283813986478e-10,2.0117207902171895e-10,2.0117131990584557e-10,2.0117056079107767e-10,2.0116980168107758e-10,2.011690425723544e-10,2.0116828346440663e-10,2.011675243556465e-10,2.0116676525190943e-10,2.0116600615108286e-10,2.011652470515626e-10,2.0116448795317645e-10,2.0116372885765517e-10,2.0116296976555618e-10,2.011622106749246e-10,2.0116145158498668e-10,2.0116069249773832e-10,2.011599334132945e-10,2.011591743297785e-10,2.0115841525053936e-10,2.011576561717669e-10,2.0115689709475294e-10,2.0115613802008205e-10,2.0115537894732437e-10,2.0115461987688903e-10,2.0115386080795104e-10,2.011531017415574e-10,2.011523426760884e-10,2.0115158361367934e-10,2.0115082455295606e-10,2.0115006549469237e-10,2.0114930643859548e-10,2.0114854738496484e-10,2.011477883322788e-10,2.0114702928116095e-10,2.0114627023309953e-10,2.0114551118727335e-10,2.0114475214474143e-10,2.0114399310309862e-10,2.0114323406344505e-10,2.0114247502786785e-10,2.0114171599241767e-10,2.0114095695726252e-10,2.0114019792507001e-10,2.011394388958076e-10,2.0113867986855798e-10,2.01137920843582e-10,2.0113716182262285e-10,2.011364028013272e-10,2.0113564378240226e-10,2.0113488476539367e-10,2.0113412575067833e-10,2.0113336673797458e-10,2.0113260772650445e-10,2.011318487181085e-10,2.0113108971165583e-10,2.0113033070723196e-10,2.011295717045125e-10,2.011288127044564e-10,2.0112805370541406e-10,2.0112729470944842e-10,2.011265357155956e-10,2.0112577672371166e-10,2.0112501773338132e-10,2.0112425874570848e-10,2.0112349975602393e-10,2.0112274077596237e-10,2.0112198179445988e-10,2.011212228150146e-10,2.0112046383758048e-10,2.0111970486243154e-10,2.0111894588860123e-10,2.0111818691761058e-10,2.0111742794787528e-10,2.011166689810543e-10,2.0111591001577853e-10,2.0111515105234101e-10,2.0111439209189084e-10,2.0111363313302415e-10,2.0111287417672764e-10,2.0111211522229562e-10,2.0111135626993199e-10,2.011105973195807e-10,2.0110983837237783e-10,2.0110907942621718e-10,2.0110832048156985e-10,2.0110756153961667e-10,2.0110680260027985e-10,2.011060436625327e-10,2.0110528472651972e-10,2.0110452579297111e-10,2.0110376686272e-10,2.0110300793058185e-10,2.0110224900330255e-10,2.0110149008119768e-10,2.0110073115798348e-10,2.01099972236909e-10,2.0109921331795004e-10,2.010984543964035e-10,2.0109769548162853e-10,2.0109693656886107e-10,2.0109617765821863e-10,2.010954187462011e-10,2.0109465983985093e-10,2.0109390093542555e-10,2.010931420330537e-10,2.0109238313252138e-10,2.010916242360319e-10,2.010908653393185e-10,2.0109010644248473e-10,2.010893475513463e-10,2.010885886620738e-10,2.010878297740889e-10,2.0108707088811332e-10,2.0108631200530013e-10,2.010855531239921e-10,2.0108479424464614e-10,2.0108403536728027e-10,2.0108327649248656e-10,2.0108251761874365e-10,2.0108175874807197e-10,2.010809998793734e-10,2.010802410126485e-10,2.0107948214797144e-10,2.0107872328565427e-10,2.0107796442526077e-10,2.010772055645683e-10,2.0107644670927982e-10,2.0107568785522893e-10,2.0107492900283837e-10,2.0107417015527015e-10,2.0107341130740174e-10,2.0107265246262492e-10,2.0107189361860936e-10,2.0107113477708343e-10,2.0107037593828077e-10,2.0106961710088294e-10,2.0106885826634736e-10,2.0106809943311454e-10,2.0106734060256628e-10,2.0106658177370524e-10,2.0106582294698497e-10,2.0106506412217044e-10,2.0106430530023916e-10,2.0106354647976788e-10,2.0106278766126037e-10,2.010620288449352e-10,2.0106127003040783e-10,2.0106051121810126e-10,2.0105975240833793e-10,2.010589936006085e-10,2.0105823479534344e-10,2.0105747599160106e-10,2.0105671718985378e-10,2.0105595839025108e-10,2.0105519959209446e-10,2.0105444079806682e-10,2.0105368200432353e-10,2.0105292321177267e-10,2.0105216442201886e-10,2.0105140563678242e-10,2.0105064685171682e-10,2.010498880691408e-10,2.0104912928848875e-10,2.0104837050877915e-10,2.0104761173259242e-10,2.0104685295784528e-10,2.0104609418526227e-10,2.0104533541619915e-10,2.0104457664179203e-10,2.010438178758137e-10,2.0104305911202047e-10,2.010423003503617e-10,2.0104154159063267e-10,2.0104078283314674e-10,2.0104002407610067e-10,2.010392653221297e-10,2.010385065723091e-10,2.0103774782327044e-10,2.0103698907625457e-10,2.010362303305215e-10,2.0103547158737564e-10,2.010347128467188e-10,2.0103395410830963e-10,2.0103319537167646e-10,2.0103243663744998e-10,2.0103167790526184e-10,2.0103091917513473e-10,2.0103016044682192e-10,2.010294017223583e-10,2.0102864299857464e-10,2.0102788427687358e-10,2.010271255572233e-10,2.0102636684000771e-10,2.0102560812469228e-10,2.0102484941149247e-10,2.010240907000382e-10,2.0102333199073525e-10,2.0102257328135442e-10,2.010218145766138e-10,2.0102105587360829e-10,2.0102029717436903e-10,2.0101953847241877e-10,2.0101877977628142e-10,2.0101802108234318e-10,2.0101726238978338e-10,2.0101650369966782e-10,2.0101574500973244e-10,2.0101498632386965e-10,2.01014227639922e-10,2.0101346895846495e-10,2.0101271027864074e-10,2.01011951601571e-10,2.010111929263839e-10,2.010104342536032e-10,2.0100967558270923e-10,2.0100891691374303e-10,2.010081582463504e-10,2.0100739958179218e-10,2.0100664091930652e-10,2.010058822588812e-10,2.010051236007221e-10,2.0100436494535036e-10,2.010036062935349e-10,2.0100284764165938e-10,2.0100208899233308e-10,2.010013303444318e-10,2.010005716992024e-10,2.009998130579924e-10,2.0099905441683416e-10,2.009982957776719e-10,2.0099753714055703e-10,2.0099677850575843e-10,2.0099601987552633e-10,2.0099526124483492e-10,2.0099450261626018e-10,2.0099374399057124e-10,2.00992985366265e-10,2.0099222674142029e-10,2.0099146812124745e-10,2.0099070950344447e-10,2.0098995088796407e-10,2.0098919227394495e-10,2.009884336623226e-10,2.0098767505293403e-10,2.009869164439382e-10,2.0098615783891365e-10,2.00985399233914e-10,2.0098464063295018e-10,2.0098388203412336e-10,2.0098312343658703e-10,2.0098236484456333e-10,2.0098160625221225e-10,2.009808476618868e-10,2.0098008907251616e-10,2.0097933048639401e-10,2.009785719025809e-10,2.0097781332043207e-10,2.0097705474079908e-10,2.009762961635808e-10,2.00975537587034e-10,2.0097477901155613e-10,2.0097402044038232e-10,2.0097326187133145e-10,2.009725033009382e-10,2.0097174473612362e-10,2.0097098617349347e-10,2.0097022761469403e-10,2.0096946905626188e-10,2.009687104999078e-10,2.009679519460261e-10,2.009671933940301e-10,2.009664348440751e-10,2.009656762958787e-10,2.0096491774971004e-10,2.0096415920625154e-10,2.009634006686153e-10,2.0096264212938124e-10,2.0096188359212502e-10,2.0096112505475775e-10,2.0096036652197153e-10,2.009596079920602e-10,2.0095884946645056e-10,2.0095809094067687e-10,2.00957332416234e-10,2.0095657389319438e-10,2.0095581537253792e-10,2.0095505685479173e-10,2.0095429833906968e-10,2.0095353982541111e-10,2.009527813139044e-10,2.0095202280453888e-10,2.0095126429699607e-10,2.0095050579190187e-10,2.0094974728906951e-10,2.0094898878829788e-10,2.0094823028978304e-10,2.0094747179318613e-10,2.0094671329724924e-10,2.0094595480495884e-10,2.0094519631475632e-10,2.009444378276031e-10,2.0094367934129544e-10,2.009429208577495e-10,2.0094216237698824e-10,2.0094140389757688e-10,2.0094064542041187e-10,2.0093988694461597e-10,2.0093912847329922e-10,2.0093837000107806e-10,2.009376115323962e-10,2.0093685306579293e-10,2.0093609459939212e-10,2.009353361371569e-10,2.0093457767862717e-10,2.0093381922062648e-10,2.0093306076478928e-10,2.0093230231105798e-10,2.0093154385938218e-10,2.0093078540956326e-10,2.0093002696226295e-10,2.0092926851643488e-10,2.0092851007346346e-10,2.0092775163259139e-10,2.0092699319388272e-10,2.0092623475744045e-10,2.0092547632302336e-10,2.0092471789040918e-10,2.0092395945930174e-10,2.009232010313083e-10,2.0092244260550088e-10,2.0092168418159908e-10,2.009209257629885e-10,2.0092016734356131e-10,2.0091940892631884e-10,2.0091865051159482e-10,2.0091789209857091e-10,2.0091713368792386e-10,2.0091637527917258e-10,2.009156168726665e-10,2.0091485846828476e-10,2.0091410006561294e-10,2.0091334166555734e-10,2.0091258326735548e-10,2.0091182487156366e-10,2.009110664779497e-10,2.0091030808639936e-10,2.0090954969806434e-10,2.0090879131130362e-10,2.0090803292642087e-10,2.0090727454376294e-10,2.0090651616291908e-10,2.00905757784282e-10,2.0090499940447203e-10,2.0090424103003127e-10,2.0090348265804907e-10,2.009027242878401e-10,2.0090196591999298e-10,2.0090120755434344e-10,2.00900449190763e-10,2.0089969082970955e-10,2.0089893247048198e-10,2.008981741125916e-10,2.0089741575749942e-10,2.0089665740471616e-10,2.0089589905350237e-10,2.0089514070505508e-10,2.0089438235884798e-10,2.008936240147802e-10,2.0089286567284974e-10,2.0089210733254473e-10,2.0089134899451263e-10,2.008905906582189e-10,2.0088983232474744e-10,2.0088907399159624e-10,2.00888315662544e-10,2.0088755733593477e-10,2.008867990112734e-10,2.0088604068863792e-10,2.0088528236831752e-10,2.0088452405074974e-10,2.0088376573461717e-10,2.0088300742066212e-10,2.0088224910893194e-10,2.0088149079930378e-10,2.008807324918252e-10,2.0087997418586162e-10,2.0087921588257465e-10,2.008784575826332e-10,2.0087769928366006e-10,2.0087694098704753e-10,2.008761826925827e-10,2.0087542440019208e-10,2.0087466611003536e-10,2.0087390782163125e-10,2.0087314953714703e-10,2.008723912533811e-10,2.0087163297379311e-10,2.0087087469433466e-10,2.0087011641714627e-10,2.008693581424369e-10,2.0086859986889546e-10,2.0086784159787665e-10,2.008670833311013e-10,2.0086632506241625e-10,2.0086556679842935e-10,2.0086480853641068e-10,2.0086405027360722e-10,2.0086329201568301e-10,2.0086253376048217e-10,2.0086177550432206e-10,2.0086101725303812e-10,2.008602590041218e-10,2.0085950075688005e-10,2.0085874251212068e-10,2.0085798426984251e-10,2.0085722602943525e-10,2.008564677913963e-10,2.008557095553059e-10,2.0085495132136818e-10,2.0085419309091764e-10,2.008534348615511e-10,2.0085267663384e-10,2.008519184084602e-10,2.008511601853577e-10,2.008504019646494e-10,2.0084964374255992e-10,2.0084888552666828e-10,2.0084812731220748e-10,2.0084736909969027e-10,2.0084661089011045e-10,2.0084585268226552e-10,2.0084509447609182e-10,2.0084433627151836e-10,2.0084357806364135e-10,2.0084281986376648e-10,2.008420616667371e-10,2.0084130347188721e-10,2.0084054527949107e-10,2.008397870892805e-10,2.008390289008931e-10,2.0083827071461366e-10,2.0083751253060908e-10,2.0083675434878223e-10,2.0083599616917047e-10,2.0083523799159262e-10,2.008344798162858e-10,2.0083372164247482e-10,2.0083296347107985e-10,2.0083220530202788e-10,2.0083144713568482e-10,2.0083068897068275e-10,2.0082993080843119e-10,2.0082917264842738e-10,2.0082841449048085e-10,2.0082765633476507e-10,2.0082689818129188e-10,2.0082614002994736e-10,2.0082538188040535e-10,2.008246237328604e-10,2.0082386558803793e-10,2.0082310744487265e-10,2.0082234930440083e-10,2.008215911656322e-10,2.0082083303177996e-10,2.0082007490026116e-10,2.0081931676840778e-10,2.0081855863992403e-10,2.008178005116278e-10,2.0081704238632925e-10,2.0081628426330054e-10,2.008155261419465e-10,2.0081476802278607e-10,2.0081400990800452e-10,2.0081325179371244e-10,2.0081249368137696e-10,2.008117355714084e-10,2.00810977463778e-10,2.0081021935818214e-10,2.0080946125477036e-10,2.0080870315324365e-10,2.0080794505420473e-10,2.0080718695693738e-10,2.008064288622615e-10,2.0080567076943707e-10,2.0080491267916402e-10,2.0080415458715899e-10,2.0080339650142708e-10,2.0080263841771264e-10,2.0080188033615374e-10,2.0080112225647808e-10,2.0080036417972965e-10,2.007996061042418e-10,2.0079884803164612e-10,2.0079808996107763e-10,2.007973318919606e-10,2.0079657382519023e-10,2.007958157610792e-10,2.0079505769918897e-10,2.0079429963897546e-10,2.0079354158129278e-10,2.00792783526068e-10,2.0079202547224717e-10,2.0079126741864053e-10,2.007905093698695e-10,2.0078975132327434e-10,2.0078899327873437e-10,2.0078823523734542e-10,2.0078747719735358e-10,2.0078671915958988e-10,2.0078596112395245e-10,2.007852030901439e-10,2.007844450588917e-10,2.0078368702896452e-10,2.0078292900213646e-10,2.0078217097723415e-10,2.007814129543329e-10,2.0078065493373407e-10,2.0077989691579293e-10,2.0077913889945287e-10,2.0077838088511645e-10,2.007776228735319e-10,2.0077686486437712e-10,2.007761068568835e-10,2.007753488521678e-10,2.0077459084935187e-10,2.00773832849731e-10,2.0077307485144285e-10,2.0077231685528923e-10,2.0077155886120093e-10,2.0077080087048635e-10,2.0077004288062696e-10,2.0076928489316804e-10,2.0076852690950117e-10,2.0076776892688612e-10,2.0076701094623492e-10,2.0076625296768e-10,2.0076549499098548e-10,2.0076473701655015e-10,2.0076397904455266e-10,2.0076322107484388e-10,2.0076246310727307e-10,2.0076170514195963e-10,2.0076094717888054e-10,2.007601892175456e-10,2.0075943125869322e-10,2.007586733018005e-10,2.0075791534716034e-10,2.0075715739428951e-10,2.0075639944434267e-10,2.0075564149604643e-10,2.007548835525819e-10,2.007541256088585e-10,2.0075336766763956e-10,2.0075260972873547e-10,2.0075185179185816e-10,2.00751093857249e-10,2.0075033592091287e-10,2.0074957799095934e-10,2.007488200630278e-10,2.0074806213669249e-10,2.007473042129555e-10,2.0074654628846074e-10,2.0074578836928378e-10,2.0074503045237946e-10,2.0074427253780355e-10,2.0074351462547629e-10,2.0074275671496615e-10,2.0074199880649275e-10,2.0074124090053655e-10,2.0074048299683171e-10,2.0073972509531518e-10,2.007389671961917e-10,2.0073820929936368e-10,2.0073745140449344e-10,2.0073669351198297e-10,2.007359356210805e-10,2.007351777329132e-10,2.007344198467672e-10,2.007336619629575e-10,2.0073290408138866e-10,2.0073214620131888e-10,2.0073138832532004e-10,2.0073063045247336e-10,2.0072987257958691e-10,2.0072911470890408e-10,2.0072835684043274e-10,2.0072759897420957e-10,2.0072684110620182e-10,2.0072608324456128e-10,2.0072532538466406e-10,2.0072456752726034e-10,2.007238096718472e-10,2.0072305181890965e-10,2.0072229396822316e-10,2.0072153611867055e-10,2.007207782723673e-10,2.0072002042810494e-10,2.0071926258334902e-10,2.007185047435249e-10,2.0071774690700244e-10,2.007169890716794e-10,2.0071623123675562e-10,2.0071547340597086e-10,2.007147155773444e-10,2.0071395775061132e-10,2.0071319992637124e-10,2.0071244210569703e-10,2.007116842862802e-10,2.007109264685752e-10,2.0071016865340604e-10,2.0070941084016216e-10,2.007086530294453e-10,2.0070789522078557e-10,2.0070713741427608e-10,2.0070637960996465e-10,2.0070562180794757e-10,2.007048640082084e-10,2.0070410621037108e-10,2.0070334841490708e-10,2.0070259062306464e-10,2.0070183283204075e-10,2.0070107504311722e-10,2.0070031725589133e-10,2.0069955947126242e-10,2.0069880168438475e-10,2.0069804390445598e-10,2.0069728612677053e-10,2.0069652835084054e-10,2.006957705779034e-10,2.006950128101495e-10,2.0069425504143202e-10,2.00693497275658e-10,2.0069273951067778e-10,2.0069198174862173e-10,2.0069122398820874e-10,2.0069046623085063e-10,2.0068970847542823e-10,2.0068895072218847e-10,2.006881929708974e-10,2.0068743522214458e-10,2.0068667747523852e-10,2.0068591973088811e-10,2.006851619898754e-10,2.0068440425020234e-10,2.006836465116026e-10,2.0068288877722277e-10,2.006821310452425e-10,2.0068137331422982e-10,2.0068061558570454e-10,2.0067985785877267e-10,2.0067910012996517e-10,2.0067834240752527e-10,2.0067758468763312e-10,2.0067682697001616e-10,2.0067606925491258e-10,2.0067531154177757e-10,2.0067455383084035e-10,2.006737961182522e-10,2.0067303841070184e-10,2.0067228070641766e-10,2.006715230042809e-10,2.0067076530134144e-10,2.0067000760369417e-10,2.0066924991013656e-10,2.006684922169845e-10,2.006677345260248e-10,2.0066697683708295e-10,2.0066621915251963e-10,2.0066546146801233e-10,2.006647037860119e-10,2.0066394610559413e-10,2.0066318842805435e-10,2.006624307520866e-10,2.0066167307906493e-10,2.006609154077489e-10,2.0066015773939877e-10,2.0065940007331694e-10,2.006586424065429e-10,2.0065788474393383e-10,2.0065712708420025e-10,2.0065636942665586e-10,2.0065561177160735e-10,2.0065485411777837e-10,2.0065409646689826e-10,2.006533388159082e-10,2.0065258116957227e-10,2.0065182352604595e-10,2.0065106588348037e-10,2.006503082439728e-10,2.006495506066187e-10,2.0064879297176656e-10,2.0064803533818089e-10,2.0064727770798657e-10,2.0064652007927428e-10,2.0064576245309322e-10,2.00645004829308e-10,2.006442472073805e-10,2.0064348958811715e-10,2.006427319703743e-10,2.0064197435558264e-10,2.0064121674288392e-10,2.006404591323981e-10,2.0063970152458762e-10,2.0063894391854737e-10,2.0063818631488227e-10,2.006374287132856e-10,2.0063667111394037e-10,2.0063591351681767e-10,2.0063515592372755e-10,2.006343983322333e-10,2.0063364074183873e-10,2.0063288315378862e-10,2.0063212556994542e-10,2.0063136798628772e-10,2.0063061040623777e-10,2.0062985282739436e-10,2.0062909525049638e-10,2.006283376758133e-10,2.0062758010352962e-10,2.0062682253058717e-10,2.0062606496262687e-10,2.0062530739679766e-10,2.0062454983322276e-10,2.006237922719962e-10,2.0062303471262484e-10,2.006222771559756e-10,2.0062151960365677e-10,2.0062076205303865e-10,2.0062000450312227e-10,2.006192469554388e-10,2.0061848941097138e-10,2.0061773186803053e-10,2.0061697432684997e-10,2.0061621678793047e-10,2.006154592515228e-10,2.0061470171725098e-10,2.0061394418520467e-10,2.0061318665560876e-10,2.0061242912803078e-10,2.0061167160119048e-10,2.0061091407807578e-10,2.006101565572867e-10,2.006093990386903e-10,2.0060864152351892e-10,2.006078840089697e-10,2.0060712649730422e-10,2.0060636898772038e-10,2.0060561148042764e-10,2.0060485397548431e-10,2.006040964735541e-10,2.0060333897435477e-10,2.0060258147358434e-10,2.006018239773282e-10,2.0060106648352428e-10,2.0060030899458977e-10,2.005995515053549e-10,2.0059879401812164e-10,2.0059803653332342e-10,2.0059727905381588e-10,2.005965215735773e-10,2.0059576409521267e-10,2.0059500661942454e-10,2.005942491456062e-10,2.005934916747237e-10,2.0059273420564826e-10,2.0059197673886658e-10,2.0059121927402923e-10,2.0059046181118455e-10,2.0058970435106224e-10,2.0058894689328442e-10,2.0058818943784697e-10,2.0058743198744916e-10,2.0058667453637995e-10,2.0058591708857775e-10,2.0058515964142506e-10,2.0058440219658864e-10,2.0058364475458422e-10,2.0058288731478042e-10,2.0058212987729134e-10,2.005813724417515e-10,2.0058061500320656e-10,2.0057985757244795e-10,2.0057910014400415e-10,2.0057834271717216e-10,2.0057758529315652e-10,2.0057682787081067e-10,2.0057607045109983e-10,2.0057531303431675e-10,2.0057455562069414e-10,2.0057379821114798e-10,2.0057304080071795e-10,2.0057228339280767e-10,2.0057152598688616e-10,2.0057076858313293e-10,2.005700111817593e-10,2.0056925378200452e-10,2.005684963851896e-10,2.0056773899062443e-10,2.0056698159851749e-10,2.005662242084932e-10,2.005654668212719e-10,2.0056470943571214e-10,2.0056395205212464e-10,2.0056319467054897e-10,2.0056243729373937e-10,2.0056167991714384e-10,2.0056092254369047e-10,2.0056016517173336e-10,2.005594078019993e-10,2.0055865043458651e-10,2.0055789306944326e-10,2.0055713570754283e-10,2.0055637834762704e-10,2.0055562099291745e-10,2.0055486363894669e-10,2.0055410628511086e-10,2.0055334893326794e-10,2.0055259158562397e-10,2.0055183423859904e-10,2.0055107689321725e-10,2.0055031954998482e-10,2.0054956221073924e-10,2.0054880487275716e-10,2.0054804753914178e-10,2.0054729020565444e-10,2.005465328752243e-10,2.005457755462696e-10,2.005450182196266e-10,2.0054426089352972e-10,2.0054350357135958e-10,2.005427462515396e-10,2.0054198893495578e-10,2.0054123161966548e-10,2.005404743059816e-10,2.0053971699494365e-10,2.0053895969076174e-10,2.0053820238396416e-10,2.0053744508194235e-10,2.0053668778028327e-10,2.0053593048258948e-10,2.0053517318549707e-10,2.005344158908144e-10,2.0053365859844117e-10,2.00532901308131e-10,2.0053214402013166e-10,2.005313867302403e-10,2.0053062944706103e-10,2.0052987216587224e-10,2.005291148921225e-10,2.0052835761625665e-10,2.0052760034281328e-10,2.0052684307073056e-10,2.0052608580014704e-10,2.005253285340646e-10,2.0052457126888667e-10,2.005238140057501e-10,2.0052305674493524e-10,2.0052229948638942e-10,2.0052154223029103e-10,2.0052078497641122e-10,2.0052002772481662e-10,2.0051927047576144e-10,2.0051851322867497e-10,2.005177559838767e-10,2.0051699874069284e-10,2.005162415004503e-10,2.0051548426251363e-10,2.005147270270369e-10,2.0051396979362236e-10,2.0051321256217038e-10,2.0051245533399665e-10,2.0051169810826264e-10,2.0051094088155082e-10,2.0051018365964376e-10,2.0050942643989367e-10,2.0050866922236622e-10,2.0050791200605511e-10,2.0050715479333568e-10,2.0050639758261024e-10,2.0050564037427333e-10,2.005048831703802e-10,2.005041259667595e-10,2.0050336876539558e-10,2.0050261156625235e-10,2.0050185436931412e-10,2.0050109717466357e-10,2.005003399817407e-10,2.0049958279113403e-10,2.0049882560311545e-10,2.0049806841761144e-10,2.00497311234359e-10,2.00496554052714e-10,2.004957968740444e-10,2.004950396976581e-10,2.00494282523622e-10,2.0049352534889779e-10,2.004927681826971e-10,2.004920110149506e-10,2.0049125385000794e-10,2.0049049668736532e-10,2.004897395265325e-10,2.0048898236894684e-10,2.0048822521317447e-10,2.0048746805964927e-10,2.0048671090840274e-10,2.0048595375938756e-10,2.0048519661227435e-10,2.0048443946764635e-10,2.0048368232585638e-10,2.004829251860513e-10,2.0048216804874356e-10,2.0048141091353547e-10,2.0048065378050705e-10,2.0047989664960627e-10,2.0047913952150635e-10,2.0047838239532006e-10,2.004776252715527e-10,2.0047686814974664e-10,2.0047611103079443e-10,2.0047535391396064e-10,2.004745967993841e-10,2.0047383968713168e-10,2.0047308257698726e-10,2.0047232547228689e-10,2.0047156836688255e-10,2.0047081126186544e-10,2.0047005416034953e-10,2.0046929706179994e-10,2.0046853996580825e-10,2.0046778287184633e-10,2.0046702578018242e-10,2.0046626869160992e-10,2.0046551160393887e-10,2.0046475451916718e-10,2.0046399743421657e-10,2.004632403530599e-10,2.0046248327512634e-10,2.0046172619947163e-10,2.0046096912556675e-10,2.004602120544599e-10,2.0045945498652693e-10,2.0045869792004328e-10,2.0045794085886178e-10,2.004571837970309e-10,2.0045642673751694e-10,2.0045566968076484e-10,2.004549126255129e-10,2.0045415557349897e-10,2.0045339852310556e-10,2.004526414750411e-10,2.004518844293105e-10,2.0045112738592034e-10,2.0045037034482317e-10,2.0044961330595875e-10,2.004488562722586e-10,2.0044809923759498e-10,2.0044734220585668e-10,2.0044658517620659e-10,2.0044582814882063e-10,2.004450711239289e-10,2.0044431410086535e-10,2.0044355708043622e-10,2.0044280006231014e-10,2.0044204304639905e-10,2.0044128603286884e-10,2.0044052902154436e-10,2.004397720124959e-10,2.0043901500583293e-10,2.0043825800146013e-10,2.0043750099894114e-10,2.004367439992362e-10,2.004359870011352e-10,2.0043523000599316e-10,2.0043447301567305e-10,2.0043371602517702e-10,2.0043295903693778e-10,2.0043220205084596e-10,2.0043144506736417e-10,2.0043068808620016e-10,2.00429931107203e-10,2.0042917413044636e-10,2.0042841715531263e-10,2.0042766018451085e-10,2.004269032146437e-10,2.0042614624935027e-10,2.0042538928406496e-10,2.0042463232203188e-10,2.0042387536144346e-10,2.0042311840441064e-10,2.0042236144912684e-10,2.004216044954955e-10,2.0042084754527316e-10,2.0042009059524838e-10,2.0041933364853952e-10,2.0041857670387476e-10,2.0041781976182304e-10,2.0041706282205655e-10,2.0041630588488287e-10,2.0041554894927938e-10,2.0041479201651558e-10,2.0041403508604379e-10,2.0041327815742354e-10,2.0041252123147756e-10,2.0041176430796055e-10,2.00411007387197e-10,2.0041025046737887e-10,2.004094935518644e-10,2.0040873663954718e-10,2.0040797972712623e-10,2.004072228176485e-10,2.0040646590964967e-10,2.0040570900099885e-10,2.0040495209820714e-10,2.0040419519719978e-10,2.0040343829921843e-10,2.004026814054115e-10,2.0040192450937348e-10,2.0040116761814727e-10,2.0040041072923567e-10,2.0039965384267807e-10,2.0039889695737063e-10,2.003981400755246e-10,2.0039738319595285e-10,2.0039662631868535e-10,2.0039586944368163e-10,2.003951125705281e-10,2.0039435570054498e-10,2.0039359883202361e-10,2.003928419664476e-10,2.0039208510291944e-10,2.003913282415781e-10,2.0039057137982432e-10,2.0038981452192987e-10,2.003890576679529e-10,2.0038830081578966e-10,2.003875439679677e-10,2.003867871208335e-10,2.0038603028101537e-10,2.0038527343831559e-10,2.003845165993134e-10,2.0038375976097146e-10,2.003830029250602e-10,2.0038224609191512e-10,2.0038148926004096e-10,2.0038073243140855e-10,2.0037997560498638e-10,2.0037921878097506e-10,2.0037846195916725e-10,2.0037770513936654e-10,2.0037694831933355e-10,2.0037619150470553e-10,2.003754346923812e-10,2.0037467788235734e-10,2.003739210745516e-10,2.0037316426917353e-10,2.0037240746662194e-10,2.0037165066767557e-10,2.0037089386923685e-10,2.0037013707303694e-10,2.0036938027922118e-10,2.0036862348737786e-10,2.0036786669820632e-10,2.0036710991163307e-10,2.0036635312714488e-10,2.0036559634494625e-10,2.0036483956501916e-10,2.003640827876554e-10,2.0036332600634725e-10,2.0036256923388056e-10,2.003618124634594e-10,2.0036105569524072e-10,2.0036029892952888e-10,2.0035954216604733e-10,2.0035878540479775e-10,2.003580286456092e-10,2.003572718898665e-10,2.0035651513570007e-10,2.0035575838378682e-10,2.0035500163423895e-10,2.0035424488579208e-10,2.0035348814088533e-10,2.0035273139689353e-10,2.0035197465655597e-10,2.0035121791712188e-10,2.0035046118087344e-10,2.0034970444748858e-10,2.0034894771668004e-10,2.003481909882078e-10,2.0034743425781034e-10,2.0034667753323324e-10,2.0034592081175722e-10,2.00345164092754e-10,2.0034440737686144e-10,2.0034365066283012e-10,2.0034289395040944e-10,2.0034213724059098e-10,2.003413805332669e-10,2.0034062382816142e-10,2.0033986712539832e-10,2.0033911041942968e-10,2.003383537211014e-10,2.0033759702525946e-10,2.003368403318115e-10,2.003360836406005e-10,2.0033532695171e-10,2.0033457026516113e-10,2.0033381358294883e-10,2.003330569010096e-10,2.0033230022249773e-10,2.0033154354518294e-10,2.0033078686435292e-10,2.0033003019190893e-10,2.003292735221089e-10,2.0032851685655733e-10,2.0032776019102862e-10,2.0032700352829596e-10,2.0032624686741014e-10,2.0032549020875618e-10,2.0032473355293917e-10,2.0032397689862948e-10,2.0032322024663407e-10,2.0032246359709561e-10,2.0032170694934873e-10,2.0032095030591655e-10,2.003201936633805e-10,2.0031943702579944e-10,2.003186803886881e-10,2.0031792375450417e-10,2.0031716712173735e-10,2.0031641049157898e-10,2.003156538634424e-10,2.0031489723737192e-10,2.003141406149516e-10,2.0031338399282767e-10,2.0031262737125665e-10,2.0031187075510708e-10,2.0031111414031466e-10,2.0031035752873387e-10,2.0030960091945163e-10,2.0030884431243768e-10,2.0030808770868626e-10,2.0030733110256703e-10,2.0030657450254151e-10,2.0030581790574146e-10,2.0030506130820358e-10,2.003043047152403e-10,2.0030354812461603e-10,2.0030279153811316e-10,2.003020349522866e-10,2.0030127836867688e-10,2.0030052178740378e-10,2.0029976520838705e-10,2.0029900863266342e-10,2.0029825205818517e-10,2.0029749548594618e-10,2.0029673891652076e-10,2.002959823493084e-10,2.002952257846226e-10,2.0029446922233343e-10,2.0029371266244962e-10,2.00292956104584e-10,2.0029219954917345e-10,2.0029144299552002e-10,2.002906864447497e-10,2.0028992989666458e-10,2.002891733507263e-10,2.0028841680723272e-10,2.0028766026697407e-10,2.0028690372803305e-10,2.0028614719362834e-10,2.002853906596522e-10,2.0028463412726585e-10,2.0028387759772993e-10,2.002831210704915e-10,2.0028236454550044e-10,2.0028160802313084e-10,2.0028085150299575e-10,2.0028009498564031e-10,2.00279338470256e-10,2.0027858195718405e-10,2.002778254440352e-10,2.0027706893609822e-10,2.002763124325543e-10,2.0027555592895876e-10,2.002747994276408e-10,2.0027404292835252e-10,2.0027328643162597e-10,2.002725299375386e-10,2.0027177344642434e-10,2.0027101695853683e-10,2.0027026047139146e-10,2.0026950398657175e-10,2.002687475040453e-10,2.002679910239131e-10,2.0026723454638934e-10,2.002664780710223e-10,2.002657215992014e-10,2.0026496512854524e-10,2.002642086605718e-10,2.002634521941795e-10,2.0026269573133638e-10,2.002619392712922e-10,2.0026118281204842e-10,2.0026042635764132e-10,2.0025966990320308e-10,2.0025891345139378e-10,2.0025815700193842e-10,2.00257400555569e-10,2.0025664411412824e-10,2.00255887671804e-10,2.0025513123286753e-10,2.002543747966029e-10,2.0025361836131364e-10,2.0025286192794723e-10,2.002521054979397e-10,2.0025134907002415e-10,2.0025059264652076e-10,2.002498362245939e-10,2.0024907980351079e-10,2.0024832338460753e-10,2.0024756696830175e-10,2.0024681055429858e-10,2.0024605414300933e-10,2.0024529773372776e-10,2.0024454132681438e-10,2.002437849224523e-10,2.0024302852026966e-10,2.0024227212043842e-10,2.0024151572262304e-10,2.0024075932789135e-10,2.0024000293531104e-10,2.0023924654239723e-10,2.0023849015575355e-10,2.0023773377016722e-10,2.0023697738428258e-10,2.002362210037078e-10,2.0023546462532729e-10,2.002347082491823e-10,2.0023395187546586e-10,2.0023319550482616e-10,2.0023243913581435e-10,2.0023168276909334e-10,2.002309264048207e-10,2.0023017004291258e-10,2.0022941368614108e-10,2.002286573288759e-10,2.0022790097403448e-10,2.0022714462220148e-10,2.0022638827212526e-10,2.002256319250855e-10,2.0022487557962863e-10,2.002241192368083e-10,2.002233628960976e-10,2.002226065587802e-10,2.002218502232863e-10,2.0022109388981557e-10,2.0022033755863874e-10,2.0021958123083643e-10,2.0021882490469095e-10,2.002180685810523e-10,2.0021731225989661e-10,2.0021655594196078e-10,2.0021579962506486e-10,2.0021504331021733e-10,2.0021428699804284e-10,2.0021353068878904e-10,2.0021277438134808e-10,2.002120180759938e-10,2.0021126177331184e-10,2.002105054731172e-10,2.0020974917886858e-10,2.0020899288358762e-10,2.0020823658989438e-10,2.0020748029916617e-10,2.0020672401301798e-10,2.0020596772770667e-10,2.0020521144062787e-10,2.0020445515986768e-10,2.0020369888121962e-10,2.002029426045053e-10,2.0020218633052155e-10,2.0020143005939248e-10,2.002006737897721e-10,2.0019991752262684e-10,2.0019916125795802e-10,2.0019840499576897e-10,2.0019764873604868e-10,2.0019689247878238e-10,2.0019613622269065e-10,2.0019537996513114e-10,2.0019462371439797e-10,2.001938674660095e-10,2.00193111220391e-10,2.0019235497726862e-10,2.001915987367643e-10,2.0019084249831753e-10,2.001900862622772e-10,2.001893300286199e-10,2.0018857379733948e-10,2.0018781756848562e-10,2.0018706134202782e-10,2.0018630511766638e-10,2.0018554889062697e-10,2.001847926719837e-10,2.0018403645019522e-10,2.0018328023510627e-10,2.0018252402217763e-10,2.0018176781192597e-10,2.0018101160448216e-10,2.0018025539961312e-10,2.001794991971067e-10,2.0017874299743867e-10,2.0017798679592064e-10,2.0017723060059621e-10,2.0017647440676622e-10,2.0017571821601118e-10,2.0017496202766053e-10,2.0017420584591551e-10,2.0017344966269842e-10,2.0017269348213932e-10,2.0017193730332676e-10,2.0017118112658825e-10,2.0017042495271316e-10,2.001696687805947e-10,2.0016891261144264e-10,2.0016815644460507e-10,2.0016740028014096e-10,2.0016664411785074e-10,2.0016588795806951e-10,2.00165131800197e-10,2.0016437564506205e-10,2.001636194925903e-10,2.0016286334245318e-10,2.0016210719434075e-10,2.0016135104890666e-10,2.0016059490691597e-10,2.001598387663468e-10,2.0015908262830229e-10,2.0015832649268843e-10,2.001575703589508e-10,2.001568142295676e-10,2.0015605810188127e-10,2.00155301975552e-10,2.0015454585166617e-10,2.001537897302556e-10,2.001530336115917e-10,2.0015227749492418e-10,2.0015152137683538e-10,2.001507652638106e-10,2.001500091546012e-10,2.0014925304689016e-10,2.0014849694388844e-10,2.001477408416071e-10,2.0014698473822198e-10,2.0014622864115637e-10,2.0014547254605307e-10,2.0014471645337524e-10,2.001439603634153e-10,2.0014320427518103e-10,2.001424481896586e-10,2.0014169210697062e-10,2.0014093602588519e-10,2.001401799475689e-10,2.0013942387163405e-10,2.001386677968572e-10,2.0013791172675443e-10,2.0013715565814236e-10,2.0013639959116472e-10,2.001356435268083e-10,2.001348874664895e-10,2.0013413140708745e-10,2.001333753489757e-10,2.0013261929567789e-10,2.001318632437745e-10,2.0013110719424037e-10,2.001303511497275e-10,2.00129595104343e-10,2.0012883906203453e-10,2.0012808302210387e-10,2.0012732698605921e-10,2.0012657095035466e-10,2.0012581491927612e-10,2.0012505888893333e-10,2.0012430286098207e-10,2.0012354683550132e-10,2.0012279081217943e-10,2.0012203479162725e-10,2.0012127877243175e-10,2.0012052275648726e-10,2.001197667429808e-10,2.0011901073192344e-10,2.0011825472358993e-10,2.0011749871728757e-10,2.0011674271321285e-10,2.001159867114307e-10,2.0011523071211578e-10,2.0011447471550369e-10,2.001137187212841e-10,2.0011296272939692e-10,2.001122067399287e-10,2.001114507538922e-10,2.0011069476871486e-10,2.001099387873459e-10,2.0010918280611025e-10,2.0010842682947956e-10,2.0010767085438553e-10,2.0010691488174854e-10,2.0010615891158895e-10,2.0010540294361002e-10,2.0010464697827926e-10,2.001038910148466e-10,2.0010313505431066e-10,2.0010237909603261e-10,2.0010162314054057e-10,2.0010086718724394e-10,2.0010011123633034e-10,2.0009935528783206e-10,2.0009859934172549e-10,2.0009784339803082e-10,2.000970874566385e-10,2.0009633151338584e-10,2.0009557557732978e-10,2.0009481964245407e-10,2.000940637108413e-10,2.000933077815867e-10,2.0009255185476826e-10,2.000917959299156e-10,2.000910400087044e-10,2.0009028408922354e-10,2.0008952817205268e-10,2.000887722572971e-10,2.000880163437117e-10,2.0008726043315057e-10,2.000865045256636e-10,2.0008574862047653e-10,2.000849927186976e-10,2.0008423681849616e-10,2.0008348092081664e-10,2.0008272502496145e-10,2.000819691322848e-10,2.0008121324169772e-10,2.000804573536546e-10,2.0007970146788858e-10,2.0007894558388288e-10,2.000781897029635e-10,2.0007743382417066e-10,2.0007667794788183e-10,2.000759220759919e-10,2.0007516620476808e-10,2.0007441033590113e-10,2.0007365446858119e-10,2.000728986045119e-10,2.0007214274311709e-10,2.0007138688401324e-10,2.000706310275944e-10,2.0006987517265288e-10,2.0006911931550956e-10,2.000683634662282e-10,2.0006760761915077e-10,2.00066851774389e-10,2.00066095931739e-10,2.0006534009194217e-10,2.0006458425440213e-10,2.0006382841970583e-10,2.0006307258789858e-10,2.0006231675777726e-10,2.0006156092933982e-10,2.0006080510407126e-10,2.0006004928069312e-10,2.0005929346297509e-10,2.0005853764500536e-10,2.0005778182931408e-10,2.0005702601351205e-10,2.000562702027672e-10,2.0005551439687217e-10,2.0005475859072366e-10,2.0005400278709864e-10,2.0005324698606076e-10,2.000524911875545e-10,2.0005173539157856e-10,2.0005097959873912e-10,2.0005022380776343e-10,2.0004946801862762e-10,2.0004871223175303e-10,2.0004795644936748e-10,2.000472006675385e-10,2.0004644488768385e-10,2.00045689112293e-10,2.0004493333826397e-10,2.0004417756636363e-10,2.0004342179685888e-10,2.0004266602979232e-10,2.000419102659764e-10,2.0004115450384744e-10,2.0004039874404883e-10,2.0003964298676474e-10,2.000388872328396e-10,2.000381314796129e-10,2.0003737573492253e-10,2.000366199877516e-10,2.0003586424255464e-10,2.0003510849955258e-10,2.000343527592093e-10,2.0003359702115637e-10,2.0003284128727027e-10,2.0003208555431437e-10,2.0003132982370032e-10,2.000305740955832e-10,2.000298183690831e-10,2.000290626454627e-10,2.000283069245789e-10,2.0002755120606384e-10,2.0002679549011043e-10,2.0002603977647703e-10,2.0002528406535135e-10,2.0002452835671769e-10,2.0002377265157896e-10,2.0002301694725297e-10,2.0002226124586923e-10,2.0002150554653744e-10,2.0002074984994182e-10,2.0001999415592764e-10,2.0001923846423132e-10,2.0001848277504116e-10,2.0001772708822787e-10,2.0001697140367227e-10,2.0001621572186177e-10,2.0001546004238493e-10,2.0001470436530784e-10,2.0001394869065657e-10,2.0001319301837958e-10,2.000124373507753e-10,2.0001168168346452e-10,2.0001092601856443e-10,2.000101703556239e-10,2.0000941469537158e-10,2.0000865903784392e-10,2.0000790338382775e-10,2.000071477325604e-10,2.000063920823077e-10,2.0000563643437632e-10,2.000048807891282e-10,2.0000412514634113e-10,2.0000336950519514e-10,2.000026138695704e-10,2.0000185823412446e-10,2.0000110260030245e-10,2.000003469694908e-10,1.9999959134121168e-10,1.999988357153143e-10,1.9999808009186193e-10,1.999973244736148e-10,1.9999656885798675e-10,1.9999581324213922e-10,1.9999505762861517e-10,1.999943020192572e-10,1.9999354641290066e-10,1.9999279080127817e-10,1.9999203519740757e-10,1.9999127959600337e-10,1.9999052399370383e-10,1.9998976839698325e-10,1.9998901280225993e-10,1.9998825721018568e-10,1.9998750161905788e-10,1.9998674603352738e-10,1.999859904492428e-10,1.9998523486721204e-10,1.999844792878366e-10,1.9998372371082954e-10,1.999829681363901e-10,1.9998221256431396e-10,1.9998145699462058e-10,1.9998070142742886e-10,1.9997994586300204e-10,1.9997919030136984e-10,1.9997843474157272e-10,1.9997767918421638e-10,1.9997692362919507e-10,1.9997616807665873e-10,1.9997541252657093e-10,1.999746569790053e-10,1.9997390143341907e-10,1.9997314589089653e-10,1.9997239035066958e-10,1.9997163481356236e-10,1.9997087927824904e-10,1.9997012374558608e-10,1.9996936821493286e-10,1.9996861268775377e-10,1.9996785716206715e-10,1.999671016398754e-10,1.9996634611932192e-10,1.999655906011675e-10,1.9996483508545298e-10,1.9996407957217898e-10,1.999633240598001e-10,1.9996256855204083e-10,1.999618130450061e-10,1.9996105754333341e-10,1.9996030204201939e-10,1.9995954654382378e-10,1.9995879104736501e-10,1.999580355538823e-10,1.999572800635909e-10,1.9995652457493642e-10,1.9995576908810725e-10,1.9995501360358313e-10,1.9995425812448e-10,1.999535026455533e-10,1.9995274716910196e-10,1.9995199169514202e-10,1.9995123622439687e-10,1.9995048075523483e-10,1.9994972529051662e-10,1.9994896982639576e-10,1.9994821436441696e-10,1.9994745890478066e-10,1.9994670344667397e-10,1.9994594799172745e-10,1.9994519253993044e-10,1.99944437090673e-10,1.9994368164400905e-10,1.9994292619941226e-10,1.9994217075743634e-10,1.9994141531984234e-10,1.9994065988272316e-10,1.9993990444749657e-10,1.999391490148518e-10,1.9993839358478428e-10,1.9993763815918595e-10,1.999368827343668e-10,1.999361273118913e-10,1.999353718939954e-10,1.9993461647656613e-10,1.999338610624469e-10,1.9993310565011012e-10,1.9993235023887363e-10,1.9993159483240977e-10,1.9993083942699242e-10,1.999300840240299e-10,1.999293286242456e-10,1.999285732265165e-10,1.9992781783074703e-10,1.999270624376313e-10,1.9992630704756903e-10,1.9992555165762368e-10,1.9992479627221063e-10,1.9992404089054112e-10,1.999232855099843e-10,1.999225301320216e-10,1.9992177475383169e-10,1.9992101938083048e-10,1.9992026400963357e-10,1.9991950864162727e-10,1.9991875327956543e-10,1.9991799791570566e-10,1.999172425549861e-10,1.9991648719640066e-10,1.9991573184061756e-10,1.9991497648751245e-10,1.9991422113706965e-10,1.99913465788448e-10,1.9991271044263922e-10,1.9991195509916146e-10,1.9991119975836044e-10,1.9991044442011762e-10,1.9990968908423811e-10,1.9990893375065044e-10,1.9990817841873189e-10,1.999074230886332e-10,1.9990666776218914e-10,1.999059124382318e-10,1.999051571170321e-10,1.9990440179819859e-10,1.9990364648196475e-10,1.9990289116814493e-10,1.9990213585683643e-10,1.9990138054794938e-10,1.9990062524220163e-10,1.9989986993788747e-10,1.9989911463630302e-10,1.998983593368083e-10,1.9989760404030946e-10,1.9989684874598089e-10,1.9989609345355266e-10,1.9989533816462493e-10,1.9989458287801227e-10,1.9989382759411e-10,1.9989307231244365e-10,1.9989231703311758e-10,1.998915617576911e-10,1.9989080648351031e-10,1.9989005121109572e-10,1.9988929594216048e-10,1.998885406753056e-10,1.998877854108965e-10,1.9988703014892218e-10,1.9988627488944304e-10,1.99885519632501e-10,1.9988476437823503e-10,1.998840091270282e-10,1.9988325387768492e-10,1.9988249863001787e-10,1.9988174338572514e-10,1.9988098814379975e-10,1.998802329045323e-10,1.9987947766876507e-10,1.998787224341655e-10,1.9987796720205712e-10,1.9987721197301903e-10,1.9987645674544556e-10,1.998757015202167e-10,1.9987494629805215e-10,1.9987419107848085e-10,1.998734358611299e-10,1.9987268064640885e-10,1.998719254341078e-10,1.9987117022474205e-10,1.9987041501693533e-10,1.998696598142166e-10,1.9986890461141778e-10,1.9986814941593951e-10,1.9986739421589234e-10,1.9986663902100538e-10,1.998658838282389e-10,1.9986512863763417e-10,1.9986437345133082e-10,1.9986361826680558e-10,1.998628630843231e-10,1.99862107906162e-10,1.9986135272858045e-10,1.998605975547911e-10,1.9985984238211473e-10,1.9985908721201476e-10,1.9985833204448222e-10,1.9985757688004528e-10,1.9985682171701038e-10,1.9985606655694834e-10,1.998553113993136e-10,1.998545562441766e-10,1.998538010914353e-10,1.9985304594080765e-10,1.9985229079437425e-10,1.9985153564942038e-10,1.9985078050678693e-10,1.9985002536593198e-10,1.9984927022755058e-10,1.9984851509064097e-10,1.9984775995742143e-10,1.9984700482434306e-10,1.9984624969655813e-10,1.9984549457134382e-10,1.998447394487921e-10,1.9984398432986376e-10,1.9984322921207306e-10,1.998424740969312e-10,1.9984171898418136e-10,1.9984096387270773e-10,1.9984020876507198e-10,1.9983945365937595e-10,1.9983869855667204e-10,1.9983794345635445e-10,1.9983718836035744e-10,1.9983643326504773e-10,1.9983567817167633e-10,1.9983492307878534e-10,1.9983416799080754e-10,1.998334129055841e-10,1.998326578218178e-10,1.998319027412906e-10,1.9983114766326647e-10,1.9983039258876102e-10,1.998296375157527e-10,1.9982888244629683e-10,1.9982812737695335e-10,1.9982737231116842e-10,1.9982661724535736e-10,1.998258621845797e-10,1.9982510712596197e-10,1.9982435207084625e-10,1.9982359701866822e-10,1.9982284196415225e-10,1.9982208691608512e-10,1.9982133187028235e-10,1.9982057682730152e-10,1.998198217866827e-10,1.998190667487867e-10,1.9981831171339334e-10,1.99817556679886e-10,1.998168016497957e-10,1.9981604662204493e-10,1.9981529159641378e-10,1.9981453657359642e-10,1.9981378155308717e-10,1.998130265350722e-10,1.9981227151953524e-10,1.9981151650837916e-10,1.9981076149793641e-10,1.9981000649012012e-10,1.9980925148460554e-10,1.9980849648089548e-10,1.9980774148033558e-10,1.998069864825678e-10,1.9980623148771924e-10,1.9980547649489139e-10,1.9980472150170996e-10,1.9980396651255593e-10,1.998032115307987e-10,1.9980245654753281e-10,1.9980170156559052e-10,1.9980094658758998e-10,1.9980019161190043e-10,1.9979943663880874e-10,1.9979868166833058e-10,1.9979792670123208e-10,1.9979717173570457e-10,1.997964167735653e-10,1.997956618127386e-10,1.9979490685479399e-10,1.9979415189922708e-10,1.997933969462919e-10,1.9979264199586531e-10,1.9979188704820108e-10,1.997911321021063e-10,1.9979037715869938e-10,1.9978962221786287e-10,1.9978886727944264e-10,1.9978811234399462e-10,1.9978735741064154e-10,1.9978660248022868e-10,1.9978584755180423e-10,1.9978509262644696e-10,1.997843377047017e-10,1.9978358278404159e-10,1.9978282786537448e-10,1.9978207295098788e-10,1.997813180380965e-10,1.997805631281573e-10,1.9977980822035045e-10,1.9977905331588047e-10,1.9977829841388855e-10,1.9977754351369528e-10,1.997767886159689e-10,1.9977603372076637e-10,1.997752788253416e-10,1.9977452393466558e-10,1.997737690470158e-10,1.9977301416118805e-10,1.9977225927928054e-10,1.9977150439910776e-10,1.9977074952144684e-10,1.9976999464744743e-10,1.9976923977461114e-10,1.9976848490465895e-10,1.997677300367954e-10,1.9976697517169433e-10,1.9976622030868397e-10,1.997654654484595e-10,1.9976471059090475e-10,1.9976395573528488e-10,1.9976320088276141e-10,1.9976244603253614e-10,1.9976169118499508e-10,1.9976093634127824e-10,1.9976018149829824e-10,1.9975942665832395e-10,1.997586718208496e-10,1.997579169859764e-10,1.9975716215349328e-10,1.9975640732342645e-10,1.9975565249542198e-10,1.9975489767173922e-10,1.9975414284612267e-10,1.9975338802591438e-10,1.9975263320867357e-10,1.9975187839400365e-10,1.9975112358148863e-10,1.997503687718203e-10,1.9974961396534496e-10,1.9974885916365593e-10,1.9974810436101256e-10,1.9974734956112802e-10,1.9974659476398951e-10,1.9974583996940004e-10,1.9974508517755004e-10,1.9974433038755377e-10,1.9974357560062556e-10,1.9974282081602383e-10,1.9974206603425375e-10,1.9974131125479103e-10,1.9974055647752293e-10,1.9973980170314124e-10,1.9973904693121287e-10,1.9973829216222518e-10,1.997375373960621e-10,1.9973678263171472e-10,1.9973602786942148e-10,1.9973527311011612e-10,1.997345183533035e-10,1.9973376359904852e-10,1.997330088487446e-10,1.9973225409934358e-10,1.997314993526233e-10,1.9973074460813104e-10,1.997299898664819e-10,1.9972923512758348e-10,1.9972848039125965e-10,1.9972772565871245e-10,1.9972697092723763e-10,1.9972621619841453e-10,1.9972546147211801e-10,1.997247067480521e-10,1.9972395202755635e-10,1.997231973086413e-10,1.9972244259231918e-10,1.997216878781689e-10,1.9972093316687622e-10,1.997201784580418e-10,1.9971942375286587e-10,1.9971866904925725e-10,1.9971791434806306e-10,1.9971715964899428e-10,1.9971640495021507e-10,1.9971565025660982e-10,1.997148955652582e-10,1.9971414087820087e-10,1.997133861922293e-10,1.997126315094707e-10,1.9971187682887413e-10,1.9971112215030731e-10,1.997103674757894e-10,1.9970961280391035e-10,1.9970885813597642e-10,1.9970810346766806e-10,1.997073488019125e-10,1.9970659413860555e-10,1.9970583947702623e-10,1.9970508481883147e-10,1.9970433016400636e-10,1.9970357551022702e-10,1.9970282085965675e-10,1.9970206621096785e-10,1.9970131156759937e-10,1.9970055692133678e-10,1.9969980228111234e-10,1.996990476430819e-10,1.9969829300718495e-10,1.9969753837381924e-10,1.9969678374406393e-10,1.9969602911605113e-10,1.996952744917039e-10,1.9969451987034038e-10,1.9969376525027374e-10,1.9969301063337476e-10,1.9969225601928615e-10,1.9969150140673747e-10,1.9969074679670983e-10,1.9968999218898883e-10,1.9968923758502179e-10,1.9968848298260387e-10,1.9968772838306837e-10,1.996869737857801e-10,1.9968621919236473e-10,1.99685464600051e-10,1.9968471001170985e-10,1.9968395542462863e-10,1.9968320084019861e-10,1.9968244625797874e-10,1.9968169167877942e-10,1.996809371015423e-10,1.9968018252706317e-10,1.9967942795031858e-10,1.9967867338094682e-10,1.9967791881408529e-10,1.9967716425035008e-10,1.9967640968877935e-10,1.9967565512911078e-10,1.996749005724358e-10,1.9967414601984313e-10,1.9967339147046212e-10,1.9967263692138257e-10,1.996718823750555e-10,1.996711278310741e-10,1.9967037328929274e-10,1.9966961875045973e-10,1.996688642142133e-10,1.996681096803447e-10,1.9966735514904184e-10,1.9966660062032075e-10,1.9966584609415827e-10,1.9966509157062477e-10,1.9966433704953582e-10,1.9966358253092037e-10,1.9966282801504723e-10,1.9966207350164837e-10,1.9966131899081458e-10,1.9966056448245707e-10,1.9965980997666223e-10,1.996590554729263e-10,1.9965830097224244e-10,1.996575464740097e-10,1.9965679197913098e-10,1.9965603748609214e-10,1.9965528299623373e-10,1.9965452850848085e-10,1.996537740226534e-10,1.9965301954081624e-10,1.9965226506029233e-10,1.9965151058463237e-10,1.9965075610963625e-10,1.9965000163692558e-10,1.9964924716679902e-10,1.996484926992e-10,1.99647738233925e-10,1.9964698376481812e-10,1.9964622930520206e-10,1.9964547484877193e-10,1.9964472039383465e-10,1.9964396594155214e-10,1.9964321149106903e-10,1.9964245704676557e-10,1.9964170260216208e-10,1.9964094816033932e-10,1.9964019372083517e-10,1.9963943928335518e-10,1.9963868484978507e-10,1.9963793041878942e-10,1.99637175989806e-10,1.9963642156276979e-10,1.9963566713856817e-10,1.9963491271700308e-10,1.9963415829793794e-10,1.996334038815778e-10,1.9963264946709675e-10,1.99631895056449e-10,1.9963114064768513e-10,1.996303862401388e-10,1.9962963183642902e-10,1.9962887743522532e-10,1.9962812303619127e-10,1.9962736864015732e-10,1.9962661424674734e-10,1.9962585985695959e-10,1.9962510546910886e-10,1.9962435108262985e-10,1.9962359669954423e-10,1.9962284231961176e-10,1.996220879413812e-10,1.9962133356587567e-10,1.9962057919268543e-10,1.9961982482153483e-10,1.996190704536028e-10,1.996183160879094e-10,1.9961756172509643e-10,1.9961680736492707e-10,1.99616053007265e-10,1.996152986515762e-10,1.9961454429839133e-10,1.9961378994771027e-10,1.996130356001509e-10,1.996122812550701e-10,1.9961152691266136e-10,1.99610772572605e-10,1.9961001823543902e-10,1.996092639007836e-10,1.9960850957179088e-10,1.996077552422818e-10,1.996070009149954e-10,1.996062465915325e-10,1.9960549226976625e-10,1.9960473795054253e-10,1.9960398363412609e-10,1.9960322931924807e-10,1.996024750079201e-10,1.9960172069892672e-10,1.9960096639243805e-10,1.9960021208873632e-10,1.9959945778683044e-10,1.9959870348882e-10,1.9959794919262564e-10,1.995971948984686e-10,1.9959644060739844e-10,1.9959568631902e-10,1.9959493203264756e-10,1.9959417774928003e-10,1.9959342346861286e-10,1.9959266919041847e-10,1.995919149148057e-10,1.9959116064154435e-10,1.9959040637129992e-10,1.9958965210311588e-10,1.9958889783778658e-10,1.995881435746915e-10,1.9958738931505902e-10,1.9958663505759248e-10,1.9958588080283656e-10,1.9958512655050208e-10,1.9958437230086047e-10,1.995836180535916e-10,1.9958286380451605e-10,1.9958210956281423e-10,1.99581355320691e-10,1.9958060108371127e-10,1.9957984684926186e-10,1.9957909261691253e-10,1.9957833838747622e-10,1.995775841606403e-10,1.995768299362109e-10,1.9957607571447228e-10,1.9957532149566477e-10,1.995745672790952e-10,1.9957381306515238e-10,1.9957305885365242e-10,1.9957230464511457e-10,1.9957155043889505e-10,1.9957079623484269e-10,1.9957004203374796e-10,1.9956928783524989e-10,1.9956853363927644e-10,1.995677794459153e-10,1.9956702525510495e-10,1.99566271066942e-10,1.9956551688127966e-10,1.9956476269810896e-10,1.9956400851781682e-10,1.9956325433988235e-10,1.995625001648429e-10,1.9956174599174323e-10,1.9956099182157307e-10,1.9956023765397931e-10,1.9955948348902884e-10,1.995587293266566e-10,1.995579751669148e-10,1.995572210096405e-10,1.9955646685511763e-10,1.9955571270272957e-10,1.995549585557822e-10,1.995542044083018e-10,1.9955345026397604e-10,1.9955269612357696e-10,1.9955194198433172e-10,1.995511878475492e-10,1.9955043371342106e-10,1.9954967958267197e-10,1.9954892545370874e-10,1.9954817132730754e-10,1.9954741720356835e-10,1.9954666308233913e-10,1.9954590896420938e-10,1.9954515484933833e-10,1.9954440073689586e-10,1.995436466256613e-10,1.995428925149225e-10,1.9954213840911487e-10,1.99541384306122e-10,1.995406302054579e-10,1.995398761070402e-10,1.995391220116678e-10,1.9953836791977235e-10,1.9953761382959407e-10,1.9953685974192375e-10,1.995361056569291e-10,1.9953535157372004e-10,1.995345974938331e-10,1.9953384341578671e-10,1.9953308933969844e-10,1.995323352670568e-10,1.9953158119614102e-10,1.9953082712984595e-10,1.9953007306531342e-10,1.9952931900290988e-10,1.9952856494622597e-10,1.9952781088998748e-10,1.9952705683612555e-10,1.9952630278482988e-10,1.995255487360317e-10,1.9952479469060802e-10,1.995240406469577e-10,1.9952328660590098e-10,1.995225325671897e-10,1.9952177853146357e-10,1.995210244983333e-10,1.995202704706558e-10,1.9951951644315837e-10,1.9951876241772533e-10,1.9951800839529502e-10,1.995172543749838e-10,1.995165003569459e-10,1.9951574634180058e-10,1.9951499232898266e-10,1.9951423831962478e-10,1.9951348431215365e-10,1.9951273030739697e-10,1.995119763045937e-10,1.995112223082201e-10,1.9951046831089638e-10,1.9950971431608292e-10,1.9950896032422876e-10,1.995082063341565e-10,1.995074523475404e-10,1.9950669836348569e-10,1.995059443819745e-10,1.9950519040313238e-10,1.9950443642774994e-10,1.9950368245402e-10,1.9950292848332098e-10,1.995021745144891e-10,1.9950142054900807e-10,1.9950066658448157e-10,1.9949991262351568e-10,1.9949915866542627e-10,1.994984047099758e-10,1.994976507571542e-10,1.9949689680685505e-10,1.994961428589854e-10,1.9949538891378586e-10,1.9949463497121364e-10,1.9949388103122068e-10,1.9949312709404168e-10,1.9949237315966017e-10,1.994916192275721e-10,1.9949086529806851e-10,1.9949011137084274e-10,1.9948935744884245e-10,1.9948860352677503e-10,1.9948784960773166e-10,1.994870956910987e-10,1.9948634177730677e-10,1.994855878659886e-10,1.994848339590147e-10,1.994840800526605e-10,1.9948332614912395e-10,1.9948257224820343e-10,1.9948181834987648e-10,1.9948106445418392e-10,1.9948031056128592e-10,1.994795566714295e-10,1.9947880278284788e-10,1.9947804889753987e-10,1.9947729501481653e-10,1.9947654113470526e-10,1.9947578725723355e-10,1.9947503338238085e-10,1.9947427951026283e-10,1.9947352564066107e-10,1.994727717728815e-10,1.9947201790854283e-10,1.9947126404752519e-10,1.9947051018970949e-10,1.994697563326054e-10,1.994690024784284e-10,1.994682486269643e-10,1.994674947781881e-10,1.9946674093200827e-10,1.9946598708823275e-10,1.9946523324709957e-10,1.994644794097076e-10,1.9946372557374971e-10,1.9946297174046424e-10,1.9946221790966493e-10,1.9946146408242766e-10,1.9946071025702072e-10,1.9945995643423423e-10,1.9945920261424134e-10,1.9945844879661172e-10,1.994576949826068e-10,1.994569411698734e-10,1.9945618735630733e-10,1.994554335493854e-10,1.9945467974354207e-10,1.9945392594174337e-10,1.9945317214249816e-10,1.994524183458072e-10,1.9945166455081887e-10,1.9945091075905783e-10,1.9945015697047397e-10,1.9944940318415402e-10,1.9944864940015339e-10,1.9944789561942518e-10,1.9944714184091472e-10,1.994463880652969e-10,1.9944563429178604e-10,1.9944488052119005e-10,1.994441267536547e-10,1.994433729882724e-10,1.9944261922553113e-10,1.994418654655792e-10,1.9944111170653607e-10,1.9944035795154577e-10,1.9943960419884072e-10,1.9943885044925547e-10,1.9943809670142538e-10,1.9943734295653317e-10,1.9943658921468033e-10,1.994358354756837e-10,1.9943508173896677e-10,1.994343280049527e-10,1.9943357427351485e-10,1.994328205458171e-10,1.9943206682010433e-10,1.9943131309726892e-10,1.9943055937637359e-10,1.9942980565529617e-10,1.9942905193960382e-10,1.9942829822664365e-10,1.9942754451588738e-10,1.9942679081167656e-10,1.9942603710653932e-10,1.9942528340442882e-10,1.9942452970431373e-10,1.99423776006769e-10,1.9942302231126397e-10,1.9942226861916463e-10,1.9942151493020506e-10,1.9942076124310325e-10,1.9942000755873267e-10,1.9941925387706748e-10,1.9941850019826476e-10,1.9941774652187135e-10,1.994169928478698e-10,1.9941623917675374e-10,1.9941548550842033e-10,1.9941473184364542e-10,1.9941397818039925e-10,1.9941322451967026e-10,1.994124708614391e-10,1.9941171720591386e-10,1.994109635547351e-10,1.9941020990521923e-10,1.994094562583983e-10,1.994087026133814e-10,1.994079489724168e-10,1.9940719533309623e-10,1.9940644169607625e-10,1.9940568806133054e-10,1.9940493442934303e-10,1.9940418079882358e-10,1.994034271722657e-10,1.9940267354823141e-10,1.9940191992701201e-10,1.994011663082156e-10,1.9940041269210472e-10,1.9939965907864866e-10,1.993989054678517e-10,1.993981518596314e-10,1.9939739825366777e-10,1.993966446507289e-10,1.9939589105043133e-10,1.993951374527186e-10,1.9939438385746269e-10,1.9939363026499045e-10,1.9939287667526197e-10,1.9939212308801756e-10,1.9939136950337167e-10,1.9939061592151337e-10,1.9938986234229626e-10,1.9938910876573885e-10,1.9938835519190118e-10,1.9938760161932582e-10,1.9938684805042993e-10,1.9938609448470086e-10,1.9938534092235322e-10,1.9938458736146827e-10,1.9938383380325625e-10,1.9938308024762082e-10,1.993823266945636e-10,1.9938157314416542e-10,1.9938081959543818e-10,1.993800660498212e-10,1.9937931250736364e-10,1.9937855896754876e-10,1.993778054302775e-10,1.9937705189562394e-10,1.9937629836370724e-10,1.993755448342876e-10,1.9937479130715073e-10,1.9937403778534241e-10,1.9937328426395984e-10,1.993725307453274e-10,1.9937177722827144e-10,1.9937102371479909e-10,1.993702702039541e-10,1.9936951669510126e-10,1.99368763189521e-10,1.9936800968565636e-10,1.993672561850488e-10,1.9936650268642822e-10,1.993657491908681e-10,1.9936499569848366e-10,1.993642422077912e-10,1.993634887207458e-10,1.9936273523685397e-10,1.99361981754746e-10,1.9936122827571308e-10,1.9936047480039097e-10,1.9935972132647618e-10,1.9935896785523569e-10,1.9935821438722619e-10,1.993574609211373e-10,1.993567074577442e-10,1.9935595399693972e-10,1.99355200539098e-10,1.9935444708320507e-10,1.9935369362909443e-10,1.9935294017894758e-10,1.9935218673139521e-10,1.9935143328651666e-10,1.9935067984414927e-10,1.9934992640452863e-10,1.993491729677061e-10,1.99348419533293e-10,1.9934766610076285e-10,1.9934691267018301e-10,1.99346159243773e-10,1.993454058199707e-10,1.9934465239945855e-10,1.9934389898096039e-10,1.9934314556532013e-10,1.993423921520952e-10,1.9934163874158139e-10,1.9934088533363282e-10,1.9934013192611192e-10,1.9933937852345728e-10,1.9933862512389988e-10,1.993378717273591e-10,1.9933711833254606e-10,1.9933636494133436e-10,1.993356115521912e-10,1.9933485816540484e-10,1.993341047811772e-10,1.9933335139969158e-10,1.9933259802081069e-10,1.993318446446398e-10,1.9933109127120105e-10,1.993303379000548e-10,1.9932958453177148e-10,1.9932883116618806e-10,1.9932807780326578e-10,1.9932732444297745e-10,1.9932657108696418e-10,1.9932581773236548e-10,1.9932506437977391e-10,1.993243110300918e-10,1.9932355768296237e-10,1.9932280433809884e-10,1.9932205099652883e-10,1.9932129765688613e-10,1.9932054432005595e-10,1.9931979098348263e-10,1.993190376532978e-10,1.9931828432482784e-10,1.9931753099899655e-10,1.9931677767576754e-10,1.9931602435528599e-10,1.9931527103775685e-10,1.9931451772248886e-10,1.9931376440944805e-10,1.9931301109856423e-10,1.9931225779168907e-10,1.9931150448348937e-10,1.993107511815072e-10,1.993099978821663e-10,1.9930924458545715e-10,1.9930849129129594e-10,1.9930773799841128e-10,1.993069847097716e-10,1.9930623142349922e-10,1.9930547814006153e-10,1.9930472485926882e-10,1.9930397158117288e-10,1.9930321830564524e-10,1.993024650327738e-10,1.9930171176394962e-10,1.9930095849685658e-10,1.9930020523203562e-10,1.9929945196987227e-10,1.9929869871097643e-10,1.9929794545398644e-10,1.9929719219973685e-10,1.9929643894742155e-10,1.9929568569847295e-10,1.9929493245241376e-10,1.992941792090585e-10,1.9929342596800888e-10,1.9929267272972672e-10,1.9929191949396274e-10,1.9929116626087933e-10,1.9929041303069048e-10,1.9928965980265487e-10,1.9928890657573688e-10,1.9928815335333119e-10,1.992874001366771e-10,1.992866469196996e-10,1.9928589370546522e-10,1.9928514049368636e-10,1.9928438728873904e-10,1.9928363408260913e-10,1.9928288087865194e-10,1.992821276771519e-10,1.992813744787627e-10,1.9928062128309915e-10,1.9927986809003828e-10,1.9927911489972482e-10,1.992783617119282e-10,1.9927760852774123e-10,1.9927685534477282e-10,1.9927610216498437e-10,1.9927534898802127e-10,1.9927459581357724e-10,1.99273842641823e-10,1.9927308947270308e-10,1.9927233630601847e-10,1.9927158314228697e-10,1.9927082998119927e-10,1.9927007682485382e-10,1.9926932366925103e-10,1.9926857051338108e-10,1.9926781736286227e-10,1.9926706421512195e-10,1.992663110699958e-10,1.992655579275297e-10,1.9926480478776708e-10,1.9926405165030744e-10,1.9926329851584575e-10,1.9926254538410637e-10,1.992617922547845e-10,1.9926103912827959e-10,1.9926028600455212e-10,1.9925953288279355e-10,1.9925877976430555e-10,1.992580266489367e-10,1.992572735358041e-10,1.992565204253534e-10,1.992557673175774e-10,1.9925501421249375e-10,1.9925426111001306e-10,1.9925350801033486e-10,1.9925275491317078e-10,1.9925200181975702e-10,1.9925124872877017e-10,1.9925049563959507e-10,1.9924974255284368e-10,1.9924898946908646e-10,1.992482363881155e-10,1.9924748331017485e-10,1.9924673023446504e-10,1.9924597716140652e-10,1.9924522409102605e-10,1.9924447102331688e-10,1.992437179537403e-10,1.9924296489092504e-10,1.9924221183132057e-10,1.992414587743662e-10,1.9924070571996075e-10,1.9923995266833125e-10,1.9923919961938507e-10,1.992384465730918e-10,1.9923769352931947e-10,1.9923694048858893e-10,1.9923618745096957e-10,1.9923543441538008e-10,1.9923468138245476e-10,1.992339283522197e-10,1.9923317532486546e-10,1.9923242230250185e-10,1.9923166928067933e-10,1.9923091626084593e-10,1.99230163243937e-10,1.992294102299526e-10,1.9922865721845562e-10,1.9922790420897307e-10,1.9922715120265923e-10,1.9922639819908425e-10,1.9922564519828262e-10,1.9922489220016359e-10,1.9922413920475181e-10,1.9922338621263452e-10,1.992226332224547e-10,1.992218802343187e-10,1.9922112724956424e-10,1.992203742676543e-10,1.9921962128731645e-10,1.9921886831037334e-10,1.9921811533597889e-10,1.9921736236475917e-10,1.9921660939612306e-10,1.9921585643118394e-10,1.9921510346787153e-10,1.9921435050735616e-10,1.9921359754928764e-10,1.9921284459324633e-10,1.9921209164069748e-10,1.9921133869075884e-10,1.9921058574376898e-10,1.992098327996575e-10,1.992090798578937e-10,1.9920832691934681e-10,1.9920757398276133e-10,1.9920682104904403e-10,1.9920606811743934e-10,1.9920531518895937e-10,1.9920456226181464e-10,1.992038093386829e-10,1.992030564182907e-10,1.992023035006012e-10,1.9920155058562477e-10,1.9920079767324306e-10,1.9920004476482179e-10,1.9919929185796327e-10,1.9919853895376842e-10,1.9919778605192525e-10,1.9919703315300273e-10,1.9919628025765972e-10,1.9919552736411186e-10,1.9919477447439647e-10,1.9919402158623495e-10,1.9919326870099854e-10,1.99192515818237e-10,1.9919176293777826e-10,1.9919101006036192e-10,1.9919025718605225e-10,1.9918950431405986e-10,1.9918875144475376e-10,1.9918799857814047e-10,1.9918724571382496e-10,1.9918649285275577e-10,1.9918573999419199e-10,1.991849871387193e-10,1.9918423428682716e-10,1.9918348143635653e-10,1.9918272858940685e-10,1.9918197574574087e-10,1.9918122290212276e-10,1.9918047006733357e-10,1.9917971723190364e-10,1.9917896439777467e-10,1.991782115661281e-10,1.9917745873712546e-10,1.991767059106466e-10,1.9917595308953976e-10,1.9917520026868188e-10,1.9917444745020547e-10,1.991736946345621e-10,1.991729418217089e-10,1.991721890113881e-10,1.9917143620400784e-10,1.9917068339917033e-10,1.991699305974291e-10,1.991691777980587e-10,1.9916842500181402e-10,1.9916767220799112e-10,1.9916691941779063e-10,1.991661666292744e-10,1.9916541384341538e-10,1.9916466106053805e-10,1.9916390828008257e-10,1.9916315550230952e-10,1.9916240272733745e-10,1.9916164995487716e-10,1.9916089718405827e-10,1.9916014441722033e-10,1.9915939165296113e-10,1.9915863888907163e-10,1.9915788613034357e-10,1.9915713337418516e-10,1.991563806204273e-10,1.9915562786998375e-10,1.991548751228296e-10,1.9915412237772489e-10,1.991533696350499e-10,1.991526168950948e-10,1.9915186415779214e-10,1.9915111142320034e-10,1.9915035869176894e-10,1.991496059625805e-10,1.9914885323607733e-10,1.9914810051226416e-10,1.991473477912144e-10,1.99146595069989e-10,1.9914584235434812e-10,1.9914508964212742e-10,1.9914433693181805e-10,1.9914358422537508e-10,1.9914283152053944e-10,1.991420788184246e-10,1.9914132611898794e-10,1.9914057342184473e-10,1.991398207271349e-10,1.9913906803581638e-10,1.991383153472455e-10,1.991375626614258e-10,1.9913680997825355e-10,1.9913605729843207e-10,1.9913530462256286e-10,1.9913455194736405e-10,1.9913379927535828e-10,1.991330466049687e-10,1.9913229393794512e-10,1.9913154127373032e-10,1.991307886121574e-10,1.9913003595279395e-10,1.9912928329595578e-10,1.9912853064246067e-10,1.9912777799174286e-10,1.99127025343767e-10,1.9912627269837966e-10,1.991255200557157e-10,1.9912476741575374e-10,1.991240147785769e-10,1.991232621420904e-10,1.9912250951033066e-10,1.9912175688083849e-10,1.99121004254382e-10,1.9912025163101846e-10,1.9911949901041282e-10,1.991187463922982e-10,1.9911799377718856e-10,1.9911724116436377e-10,1.9911648855349723e-10,1.9911573594610275e-10,1.9911498334126167e-10,1.9911423073927804e-10,1.9911347813989162e-10,1.9911272554363115e-10,1.9911197294979155e-10,1.9911122035871256e-10,1.9911046777083412e-10,1.9910971518514636e-10,1.9910896260225e-10,1.9910821002197562e-10,1.991074574442304e-10,1.9910670486950125e-10,1.9910595229764524e-10,1.9910519972780086e-10,1.9910444716017265e-10,1.991036945961442e-10,1.9910294203491451e-10,1.9910218947879406e-10,1.991014369230639e-10,1.991006843699482e-10,1.9909993182046185e-10,1.9909917927310543e-10,1.9909842672816112e-10,1.9909767418612177e-10,1.9909692164633553e-10,1.9909616910955627e-10,1.9909541657773415e-10,1.9909466404652e-10,1.9909391151775356e-10,1.9909315898781747e-10,1.990924064645818e-10,1.9909165394407974e-10,1.9909090142653564e-10,1.9909014891147462e-10,1.990893963990935e-10,1.9908864388888868e-10,1.990878913819737e-10,1.990871388777735e-10,1.9908638637620516e-10,1.9908563387873342e-10,1.9908488138272442e-10,1.9908412888941433e-10,1.990833763989149e-10,1.9908262391088994e-10,1.9908187142566825e-10,1.9908111894319152e-10,1.9908036646351217e-10,1.9907961398652703e-10,1.990788615121958e-10,1.9907810904027526e-10,1.990773565716604e-10,1.9907660410651318e-10,1.990758516434701e-10,1.9907509918280926e-10,1.9907434672469684e-10,1.99073594270014e-10,1.9907284181840171e-10,1.9907208936871997e-10,1.9907133692165827e-10,1.990705844773035e-10,1.9906983203533589e-10,1.9906907959724623e-10,1.9906832716134177e-10,1.9906757472585975e-10,1.990668222947849e-10,1.9906606986721234e-10,1.9906531744205312e-10,1.9906456501980674e-10,1.9906381260073722e-10,1.990630601836069e-10,1.9906230776930178e-10,1.9906155535748596e-10,1.9906080294862134e-10,1.9906005054238416e-10,1.9905929813964102e-10,1.9905854573903456e-10,1.9905779334109803e-10,1.9905704094606638e-10,1.9905628855359888e-10,1.990555361638085e-10,1.99054783774451e-10,1.9905403138929915e-10,1.9905327900770543e-10,1.9905252662892217e-10,1.9905177425287783e-10,1.9905102187929233e-10,1.9905026950978156e-10,1.9904951714168011e-10,1.9904876477645685e-10,1.9904801241730506e-10,1.9904726005769096e-10,1.990465077006535e-10,1.9904575534611164e-10,1.990450029949134e-10,1.9904425064748413e-10,1.9904349830057268e-10,1.9904274595808116e-10,1.990419936174186e-10,1.9904124127979824e-10,1.9904048894473584e-10,1.9903973661253233e-10,1.9903898428283554e-10,1.9903823195571082e-10,1.9903747963138706e-10,1.9903672731022512e-10,1.990359749916429e-10,1.990352226756174e-10,1.9903447036053281e-10,1.9903371805013195e-10,1.9903296574232316e-10,1.9903221343719268e-10,1.9903146113478985e-10,1.9903070883513587e-10,1.9902995653825574e-10,1.9902920424170754e-10,1.9902845195061173e-10,1.9902769966208897e-10,1.9902694737598322e-10,1.9902619509282953e-10,1.9902544281226324e-10,1.9902469053485778e-10,1.9902393825987723e-10,1.9902318598769005e-10,1.990224337182866e-10,1.9902168145153358e-10,1.9902092918754903e-10,1.9902017692614882e-10,1.9901942466761908e-10,1.9901867241185874e-10,1.9901792015887706e-10,1.9901716790859098e-10,1.990164156606903e-10,1.990156634167482e-10,1.9901491117477684e-10,1.9901415893514852e-10,1.990134066985386e-10,1.9901265446466464e-10,1.990119022334254e-10,1.990111500048547e-10,1.9901039777925582e-10,1.9900964555638635e-10,1.990088933362235e-10,1.9900814111883602e-10,1.9900738890431697e-10,1.9900663669241538e-10,1.990058844832708e-10,1.9900513227836416e-10,1.990043800746241e-10,1.990036278737122e-10,1.9900287567463356e-10,1.9900212347967754e-10,1.990013712871587e-10,1.9900061909713984e-10,1.9899986690995086e-10,1.9899911472509888e-10,1.9899836254331798e-10,1.9899761036428413e-10,1.989968581879737e-10,1.989961060144805e-10,1.9899535384363472e-10,1.9899460167551618e-10,1.9899384950997034e-10,1.989930973474547e-10,1.9899234518792296e-10,1.989915930308893e-10,1.9899084087650192e-10,1.9899008872383665e-10,1.989893365750502e-10,1.9898858442891007e-10,1.9898783228561339e-10,1.989870801450475e-10,1.9898632800721023e-10,1.9898557587242177e-10,1.9898482374013642e-10,1.9898407161063282e-10,1.9898331948388564e-10,1.989825673598329e-10,1.9898181523850196e-10,1.9898106311999697e-10,1.9898031100392942e-10,1.9897955889203184e-10,1.9897880678240956e-10,1.9897805467483095e-10,1.9897730256999134e-10,1.9897655046796268e-10,1.9897579836862858e-10,1.9897504627200554e-10,1.989742941783355e-10,1.9897354208697047e-10,1.9897279000097587e-10,1.9897203791590974e-10,1.9897128583312085e-10,1.989705337530887e-10,1.9896978167535974e-10,1.9896902960058897e-10,1.989682775289064e-10,1.9896752545750137e-10,1.9896677339105595e-10,1.989660213275471e-10,1.9896526926796634e-10,1.989645172099732e-10,1.989637651559397e-10,1.9896301310332435e-10,1.9896226105436816e-10,1.9896150900746904e-10,1.989607569633267e-10,1.9896000492189117e-10,1.9895925288347094e-10,1.9895850084760072e-10,1.9895774881440832e-10,1.9895699678335633e-10,1.9895624475576084e-10,1.9895549273147327e-10,1.9895474070923623e-10,1.9895398868991536e-10,1.989532366733295e-10,1.9895248465943796e-10,1.9895173264839722e-10,1.989509806401023e-10,1.9895022863436018e-10,1.9894947663179934e-10,1.989487246318953e-10,1.9894797263456012e-10,1.9894722064000695e-10,1.9894646864823322e-10,1.989457166593248e-10,1.989449646731263e-10,1.989442126896106e-10,1.9894346070975198e-10,1.9894270873152863e-10,1.9894195675627488e-10,1.9894120478442022e-10,1.9894045281498822e-10,1.9893970084833056e-10,1.989389488841719e-10,1.9893819692274598e-10,1.989374449638657e-10,1.9893669300807068e-10,1.9893594105528414e-10,1.9893518910495942e-10,1.989344371586755e-10,1.9893368521488183e-10,1.989329332730508e-10,1.9893218133457697e-10,1.98931429398052e-10,1.9893067746423744e-10,1.989299255328992e-10,1.9892917360402084e-10,1.9892842167855744e-10,1.9892766975550572e-10,1.9892691783254168e-10,1.989261659154511e-10,1.9892541400102845e-10,1.9892466208936845e-10,1.9892391018050124e-10,1.989231582744468e-10,1.9892240637113444e-10,1.9892165447032627e-10,1.9892090257258467e-10,1.9892015067825573e-10,1.989193987860825e-10,1.9891864689663548e-10,1.9891789500920862e-10,1.9891714312547604e-10,1.9891639124437918e-10,1.9891563936604693e-10,1.9891488749083832e-10,1.989141356180491e-10,1.9891338374800483e-10,1.9891263188068316e-10,1.9891188001613412e-10,1.9891112815470035e-10,1.9891037629567116e-10,1.9890962443944035e-10,1.9890887258549096e-10,1.989081207348742e-10,1.9890736888767925e-10,1.9890661704257955e-10,1.9890586520220885e-10,1.9890511336270381e-10,1.9890436152579075e-10,1.9890360969243373e-10,1.98902857861176e-10,1.989021060327237e-10,1.9890135420742828e-10,1.989006023844596e-10,1.9889985056720727e-10,1.9889909874980287e-10,1.9889834693632293e-10,1.9889759512432914e-10,1.9889684331610474e-10,1.9889609150947357e-10,1.9889533970599672e-10,1.9889458790508178e-10,1.988938361079497e-10,1.9889308431322925e-10,1.988923325208338e-10,1.9889158073116987e-10,1.9889082894495866e-10,1.9889007716092094e-10,1.9888932537965188e-10,1.9888857360127107e-10,1.988878218270191e-10,1.988870700541165e-10,1.9888631828202103e-10,1.9888556651486607e-10,1.9888481474979636e-10,1.9888406298758672e-10,1.9888331123043848e-10,1.9888255947418788e-10,1.9888180772065395e-10,1.9888105597010353e-10,1.9888030422215043e-10,1.988795524799087e-10,1.9887880073757554e-10,1.9887804899369913e-10,1.988772972568219e-10,1.9887654552280496e-10,1.9887579379143267e-10,1.9887504206436293e-10,1.9887429033862793e-10,1.9887353861578064e-10,1.988727868957099e-10,1.9887203517856761e-10,1.9887128346403486e-10,1.988705317524823e-10,1.9886978004349324e-10,1.988690283377574e-10,1.9886827663408387e-10,1.988675249335636e-10,1.9886677323572626e-10,1.9886602154359764e-10,1.9886526985122366e-10,1.988645181618535e-10,1.9886376647513713e-10,1.988630147912136e-10,1.9886226311070338e-10,1.9886151143227014e-10,1.9886075975675074e-10,1.9886000808427663e-10,1.9885925641407073e-10,1.988585047468998e-10,1.9885775308258691e-10,1.9885700142132992e-10,1.9885624976256103e-10,1.988554981064616e-10,1.9885474645337015e-10,1.9885399480291153e-10,1.988532431549038e-10,1.9885249151067578e-10,1.988517398685813e-10,1.988509882291594e-10,1.9885023659252503e-10,1.9884948495857079e-10,1.9884873332806265e-10,1.9884798169952507e-10,1.9884723007422238e-10,1.9884647845156533e-10,1.9884572683183735e-10,1.9884497521595594e-10,1.9884422360172462e-10,1.9884347199029016e-10,1.9884272038081294e-10,1.988419687752745e-10,1.988412171689668e-10,1.9884046556958133e-10,1.9883971397221124e-10,1.988389623775136e-10,1.9883821078557203e-10,1.9883745919644058e-10,1.9883670761019465e-10,1.9883595602656682e-10,1.988352044452341e-10,1.9883445286863201e-10,1.988337012935074e-10,1.9883294972114375e-10,1.988321981514913e-10,1.9883144658444107e-10,1.9883069502055168e-10,1.988299434593639e-10,1.9882919190100827e-10,1.9882844034576732e-10,1.9882768879193102e-10,1.9882693724232045e-10,1.9882618569520686e-10,1.9882543414579964e-10,1.9882468260420632e-10,1.9882393106536745e-10,1.9882317952940753e-10,1.9882242799637392e-10,1.9882167646689385e-10,1.9882092493933698e-10,1.9882017341452578e-10,1.9881942189254625e-10,1.9881867037331122e-10,1.9881791885691664e-10,1.9881716734325086e-10,1.9881641583257654e-10,1.9881566432571477e-10,1.988149128195569e-10,1.9881416131726502e-10,1.988134098176527e-10,1.988126583203856e-10,1.988119068264613e-10,1.9881115533535925e-10,1.9881040384569495e-10,1.9880965236008993e-10,1.988089008770152e-10,1.9880814939688727e-10,1.9880739791971105e-10,1.9880664644755013e-10,1.9880589497561614e-10,1.9880514350649916e-10,1.9880439204054062e-10,1.9880364057743872e-10,1.9880288911711296e-10,1.988021376594756e-10,1.9880138620475296e-10,1.988006347537303e-10,1.9879988330381133e-10,1.9879913185679277e-10,1.987983804133778e-10,1.9879762897271475e-10,1.9879687753507605e-10,1.9879612610097084e-10,1.9879537466881356e-10,1.9879462323956097e-10,1.9879387181285822e-10,1.9879312038895295e-10,1.9879236896830141e-10,1.9879161754904492e-10,1.9879086613357187e-10,1.9879011472089958e-10,1.9878936331138686e-10,1.987886119044368e-10,1.987878605000906e-10,1.9878710909840642e-10,1.9878635770107148e-10,1.98785606306041e-10,1.987848549129368e-10
13,8.139318818150307e-24,1.463681496683778e-23,1.9851128276874998e-23,2.403415142277893e-23,2.7390802005495257e-23,3.0083340787644154e-23,3.224360370084248e-23,3.3976813853177926e-23,3.5367683147609325e-23,3.648330752957808e-23,3.737838878199866e-23,3.8096524496277945e-23,3.8672694486807777e-23,3.913496391308715e-23,3.950455220118282e-23,3.9802375609424866e-23,4.004132328752871e-23,4.0233034652122517e-23,4.0386847220352855e-23,4.051025325314094e-23,4.0608900662775083e-23,4.0688117215977386e-23,4.0751966564539323e-23,4.0803193743192644e-23,4.084429408745668e-23,4.087726943866126e-23,4.0903726063765965e-23,4.092495258756216e-23,4.094198292722754e-23,4.0955646609120785e-23,4.096660917395538e-23,4.097540459444457e-23,4.0982461284435377e-23,4.0988122966405855e-23,4.099266541375269e-23,4.0996309883364474e-23,4.0999233892766105e-23,4.100157986677333e-23,4.1003462074826066e-23,4.1004972196908564e-23,4.100618378916618e-23,4.100715586673237e-23,4.1007935778281554e-23,4.100856151232346e-23,4.100906354757552e-23,4.100946633754287e-23,4.100978950161777e-23,4.101004878071547e-23,4.101025680399444e-23,4.1010423704006735e-23,4.101055761024185e-23,4.101066504510392e-23,4.1010751241609857e-23,4.1010820398282954e-23,4.101087588365769e-23,4.101092040035685e-23,4.1010956116732776e-23,4.101098477248521e-23,4.101100776339977e-23,4.101102620933496e-23,4.101104100876907e-23,4.1011052882563894e-23,4.1011062409077046e-23,4.1011070052332974e-23,4.101107618462508e-23,4.1011081104649566e-23,4.1011085052054635e-23,4.1011088219113433e-23,4.10110907600894e-23,4.1011092798750274e-23,4.101109443439666e-23,4.101109574669885e-23,4.10110967995774e-23,4.101109764431673e-23,4.101109832206301e-23,4.1011098865828415e-23,4.101109930209907e-23,4.101109965212518e-23,4.1011099932956063e-23,4.101110015827064e-23,4.101110033904372e-23,4.1011100484080495e-23,4.1011100600445555e-23,4.101110069380689e-23,4.1011100768712e-23,4.101110082880943e-23,4.101110087702644e-23,4.1011100915711623e-23,4.10111009467493e-23,4.101110097165126e-23,4.1011100991630456e-23,4.101110100766005e-23,4.1011101020520815e-23,4.1011101030839193e-23,4.101110103911777e-23,4.1011101045759796e-23,4.101110105108879e-23,4.101110105536431e-23,4.101110105879461e-23,4.1011101061546797e-23,4.101110106375491e-23,4.101110106552652e-23,4.101110106694791e-23,4.1011101068088305e-23,4.101110106900325e-23,4.1011101069737336e-23,4.10111010703263e-23,4.1011101070798837e-23,4.101110107117796e-23,4.101110107148213e-23,4.101110107172618e-23,4.1011101071921974e-23,4.101110107207906e-23,4.1011101072205104e-23,4.101110107230623e-23,4.101110107238736e-23,4.101110107245246e-23,4.101110107250468e-23,4.101110107254658e-23,4.10111010725802e-23,4.101110107260717e-23,4.1011101072628805e-23,4.1011101072646167e-23,4.1011101072660097e-23,4.101110107267127e-23,4.101110107268024e-23,4.101110107268744e-23,4.1011101072693204e-23,4.1011101072697836e-23,4.101110107270155e-23,4.101110107270453e-23,4.101110107270692e-23,4.101110107270884e-23,4.101110107271038e-23,4.101110107271162e-23,4.1011101072712606e-23,4.10111010727134e-23,4.101110107271404e-23,4.101110107271456e-23,4.101110107271496e-23,4.10111010727153e-23,4.101110107271557e-23,4.101110107271578e-23,4.1011101072715944e-23,4.1011101072716085e-23,4.1011101072716185e-23,4.101110107271628e-23,4.101110107271635e-23,4.101110107271641e-23,4.1011101072716456e-23,4.1011101072716497e-23,4.101110107271652e-23,4.1011101072716544e-23,4.1011101072716556e-23,4.1011101072716573e-23,4.101110107271658e-23,4.1011101072716597e-23,4.10111010727166e-23,4.101110107271661e-23,4.101110107271661e-23,4.1011101072716614e-23,4.1011101072716614e-23,4.101110107271662e-23,4.1011101072716626e-23,4.1011101072716626e-23,4.1011101072716626e-23,4.1011101072716626e-23,4.1011101072716626e-23,4.1011101072716626e-23,4.1011101072716626e-23,4.1011101072716626e-23,4.1011101072716626e-23,4.1011101072716626e-23,4.1011101072716626e-23,4.1011101072716626e-23,4.1011101072716626e-23,4.1011101072716626e-23,4.1011101072716626e-23,4.1011101072716626e-23,4.1011101072716626e-23,4.1011101072716626e-23,4.1011101072716626e-23,4.1011101072716626e-23,4.1011101072716626e-23,4.1011101072716626e-23,4.1011101072716626e-23,4.1011101072716626e-23,4.1011101072716626e-23,4.1011101072716626e-23,4.1011101072716626e-23,4.1011101072716626e-23,4.1011101072716626e-23,4.1011101072716626e-23,4.1011101072716626e-23,4.1011101072716626e-23,4.1011101072716626e-23,4.1011101072716626e-23,4.1011101072716626e-23,4.1011101072716626e-23,4.1011101072716626e-23,4.1011101072716626e-23,4.1011101072716626e-23,4.1011101072716626e-23,4.1011101072716626e-23,4.1011101072716626e-23,4.1011101072716626e-23,4.1011101072716626e-23,4.1011101072716626e-23,4.1011101072716626e-23,4.1011101072716626e-23,4.1011101072716626e-23,4.1011101072716626e-23,4.1011101072716626e-23,4.1011101072716626e-23,4.1011101072716626e-23,4.1011101072716626e-23,4.1011101072716626e-23,4.1011101072716626e-23,4.1011101072716626e-23,4.1011101072716626e-23,4.1011101072716626e-23,4.1011101072716626e-23,4.1011101072716626e-23,4.1011101072716626e-23,4.1011101072716626e-23,4.1011101072716626e-23,4.1011101072716626e-23,4.1011101072716626e-23,4.1011101072716626e-23,4.1011101072716626e-23,4.1011101072716626e-23,4.1011101072716626e-23,4.1011101072716626e-23,4.1011101072716626e-23,4.1011101072716626e-23,4.1011101072716626e-23,4.1011101072716626e-23,4.1011101072716626e-23,4.1011101072716626e-23,4.1011101072716626e-23,4.1011101072716626e-23,4.1011101072716626e-23,4.1011101072716626e-23,4.1011101072716626e-23,4.1011101072716626e-23,4.1011101072716626e-23,4.1011101072716626e-23,4.1011101072716626e-23,4.1011101072716626e-23,4.1011101072716626e-23,4.1011101072716626e-23,4.1011101072716626e-23,4.1011101072716626e-23,4.1011101072716626e-23,4.1011101072716626e-23,4.1011101072716626e-23,4.1011101072716626e-23,4.1011101072716626e-23,4.1011101072716626e-23,4.1011101072716626e-23,4.1011101072716626e-23,4.1011101072716626e-23,4.1011101072716626e-23,4.1011101072716626e-23,4.1011101072716626e-23,4.1011101072716626e-23,4.1011101072716626e-23,4.1011101072716626e-23,4.1011101072716626e-23,4.1011101072716626e-23,4.1011101072716626e-23,4.1011101072716626e-23,4.1011101072716626e-23,4.1011101072716626e-23,4.1011101072716626e-23,4.1011101072716626e-23,4.1011101072716626e-23,4.1011101072716626e-23,4.1011101072716626e-23,4.1011101072716626e-23,4.1011101072716626e-23,4.1011101072716626e-23,4.1011101072716626e-23,4.1011101072716626e-23,4.1011101072716626e-23,4.1011101072716626e-23,4.1011101072716626e-23,4.1011101072716626e-23,4.1011101072716626e-23,4.1011101072716626e-23,4.1011101072716626e-23,4.1011101072716626e-23,4.1011101072716626e-23,4.1011101072716626e-23,4.1011101072716626e-23,4.1011101072716626e-23,4.1011101072716626e-23,4.1011101072716626e-23,4.1011101072716626e-23,4.1011101072716626e-23,4.1011101072716626e-23,4.1011101072716626e-23,4.1011101072716626e-23,4.1011101072716626e-23,4.1011101072716626e-23,4.1011101072716626e-23,4.1011101072716626e-23,4.1011101072716626e-23,4.1011101072716626e-23,4.1011101072716626e-23,4.1011101072716626e-23,4.1011101072716626e-23,4.1011101072716626e-23,4.1011101072716626e-23,4.1011101072716626e-23,4.1011101072716626e-23,4.1011101072716626e-23,4.1011101072716626e-23,4.1011101072716626e-23,4.1011101072716626e-23,4.1011101072716626e-23,4.1011101072716626e-23,4.1011101072716626e-23,4.1011101072716626e-23,4.1011101072716626e-23,4.1011101072716626e-23,4.1011101072716626e-23,4.1011101072716626e-23,4.1011101072716626e-23,4.1011101072716626e-23,4.1011101072716626e-23,4.1011101072716626e-23,4.1011101072716626e-23,4.1011101072716626e-23,4.1011101072716626e-23,4.1011101072716626e-23,4.1011101072716626e-23,4.1011101072716626e-23,4.1011101072716626e-23,4.1011101072716626e-23,4.1011101072716626e-23,4.1011101072716626e-23,4.1011101072716626e-23,4.1011101072716626e-23,4.1011101072716626e-23,4.1011101072716626e-23,4.1011101072716626e-23,4.1011101072716626e-23,4.1011101072716626e-23,4.1011101072716626e-23,4.1011101072716626e-23,4.1011101072716626e-23,4.1011101072716626e-23,4.1011101072716626e-23,4.1011101072716626e-23,4.1011101072716626e-23,4.1011101072716626e-23,4.1011101072716626e-23,4.1011101072716626e-23,4.1011101072716626e-23,4.1011101072716626e-23,4.1011101072716626e-23,4.1011101072716626e-23,4.1011101072716626e-23,4.1011101072716626e-23,4.1011101072716626e-23,4.1011101072716626e-23,4.1011101072716626e-23,4.1011101072716626e-23,4.1011101072716626e-23,4.1011101072716626e-23,4.1011101072716626e-23,4.1011101072716626e-23,4.1011101072716626e-23,4.1011101072716626e-23,4.1011101072716626e-23,4.1011101072716626e-23,4.1011101072716626e-23,4.1011101072716626e-23,4.1011101072716626e-23,4.1011101072716626e-23,4.1011101072716626e-23,4.1011101072716626e-23,4.1011101072716626e-23,4.1011101072716626e-23,4.1011101072716626e-23,4.1011101072716626e-23,4.1011101072716626e-23,4.1011101072716626e-23,4.1011101072716626e-23,4.1011101072716626e-23,4.1011101072716626e-23,4.1011101072716626e-23,4.1011101072716626e-23,4.1011101072716626e-23,4.1011101072716626e-23,4.1011101072716626e-23,4.1011101072716626e-23,4.1011101072716626e-23,4.1011101072716626e-23,4.1011101072716626e-23,4.1011101072716626e-23,4.1011101072716626e-23,4.1011101072716626e-23,4.1011101072716626e-23,4.1011101072716626e-23,4.1011101072716626e-23,4.1011101072716626e-23,4.1011101072716626e-23,4.1011101072716626e-23,4.1011101072716626e-23,4.1011101072716626e-23,4.1011101072716626e-23,4.1011101072716626e-23,4.1011101072716626e-23,4.1011101072716626e-23,4.1011101072716626e-23,4.1011101072716626e-23,4.1011101072716626e-23,4.1011101072716626e-23,4.1011101072716626e-23,4.1011101072716626e-23,4.1011101072716626e-23,4.1011101072716626e-23,4.1011101072716626e-23,4.1011101072716626e-23,4.1011101072716626e-23,4.1011101072716626e-23,4.1011101072716626e-23,4.1011101072716626e-23,4.1011101072716626e-23,4.1011101072716626e-23,4.1011101072716626e-23,4.1011101072716626e-23,4.1011101072716626e-23,4.1011101072716626e-23,4.1011101072716626e-23,4.1011101072716626e-23,4.1011101072716626e-23,4.1011101072716626e-23,4.1011101072716626e-23,4.1011101072716626e-23,4.1011101072716626e-23,4.1011101072716626e-23,4.1011101072716626e-23,4.1011101072716626e-23,4.1011101072716626e-23,4.1011101072716626e-23,4.1011101072716626e-23,4.1011101072716626e-23,4.1011101072716626e-23,4.1011101072716626e-23,4.1011101072716626e-23,4.1011101072716626e-23,4.1011101072716626e-23,4.1011101072716626e-23,4.1011101072716626e-23,4.1011101072716626e-23,4.1011101072716626e-23,4.1011101072716626e-23,4.1011101072716626e-23,4.1011101072716626e-23,4.1011101072716626e-23,4.1011101072716626e-23,4.1011101072716626e-23,4.1011101072716626e-23,4.1011101072716626e-23,4.1011101072716626e-23,4.1011101072716626e-23,4.1011101072716626e-23,4.1011101072716626e-23,4.1011101072716626e-23,4.1011101072716626e-23,4.1011101072716626e-23,4.1011101072716626e-23,4.1011101072716626e-23,4.1011101072716626e-23,4.1011101072716626e-23,4.1011101072716626e-23,4.1011101072716626e-23,4.1011101072716626e-23,4.1011101072716626e-23,4.1011101072716626e-23,4.1011101072716626e-23,4.1011101072716626e-23,4.1011101072716626e-23,4.1011101072716626e-23,4.1011101072716626e-23,4.1011101072716626e-23,4.1011101072716626e-23,4.1011101072716626e-23,4.1011101072716626e-23,4.1011101072716626e-23,4.1011101072716626e-23,4.1011101072716626e-23,4.1011101072716626e-23,4.1011101072716626e-23,4.1011101072716626e-23,4.1011101072716626e-23,4.1011101072716626e-23,4.1011101072716626e-23,4.1011101072716626e-23,4.1011101072716626e-23,4.1011101072716626e-23,4.1011101072716626e-23,4.1011101072716626e-23,4.1011101072716626e-23,4.1011101072716626e-23,4.1011101072716626e-23,4.1011101072716626e-23,4.1011101072716626e-23,4.1011101072716626e-23,4.1011101072716626e-23,4.1011101072716626e-23,4.1011101072716626e-23,4.1011101072716626e-23,4.1011101072716626e-23,4.1011101072716626e-23,4.1011101072716626e-23,4.1011101072716626e-23,4.1011101072716626e-23,4.1011101072716626e-23,4.1011101072716626e-23,4.1011101072716626e-23,4.1011101072716626e-23,4.1011101072716626e-23,4.1011101072716626e-23,4.1011101072716626e-23,4.1011101072716626e-23,4.1011101072716626e-23,4.1011101072716626e-23,4.1011101072716626e-23,4.1011101072716626e-23,4.1011101072716626e-23,4.1011101072716626e-23,4.1011101072716626e-23,4.1011101072716626e-23,4.1011101072716626e-23,4.1011101072716626e-23,4.1011101072716626e-23,4.1011101072716626e-23,4.1011101072716626e-23,4.1011101072716626e-23,4.1011101072716626e-23,4.1011101072716626e-23,4.1011101072716626e-23,4.1011101072716626e-23,4.1011101072716626e-23,4.1011101072716626e-23,4.1011101072716626e-23,4.1011101072716626e-23,4.1011101072716626e-23,4.1011101072716626e-23,4.1011101072716626e-23,4.1011101072716626e-23,4.1011101072716626e-23,4.1011101072716626e-23,4.1011101072716626e-23,4.1011101072716626e-23,4.1011101072716626e-23,4.1011101072716626e-23,4.1011101072716626e-23,4.1011101072716626e-23,4.1011101072716626e-23,4.1011101072716626e-23,4.1011101072716626e-23,4.1011101072716626e-23,4.1011101072716626e-23,4.1011101072716626e-23,4.1011101072716626e-23,4.1011101072716626e-23,4.1011101072716626e-23,4.1011101072716626e-23,4.1011101072716626e-23,4.1011101072716626e-23,4.1011101072716626e-23,4.1011101072716626e-23,4.1011101072716626e-23,4.1011101072716626e-23,4.1011101072716626e-23,4.1011101072716626e-23,4.1011101072716626e-23,4.1011101072716626e-23,4.1011101072716626e-23,4.1011101072716626e-23,4.1011101072716626e-23,4.1011101072716626e-23,4.1011101072716626e-23,4.1011101072716626e-23,4.1011101072716626e-23,4.1011101072716626e-23,4.1011101072716626e-23,4.1011101072716626e-23,4.1011101072716626e-23,4.1011101072716626e-23,4.1011101072716626e-23,4.1011101072716626e-23,4.1011101072716626e-23,4.1011101072716626e-23,4.1011101072716626e-23,4.1011101072716626e-23,4.1011101072716626e-23,4.1011101072716626e-23,4.1011101072716626e-23,4.1011101072716626e-23,4.1011101072716626e-23,4.1011101072716626e-23,4.1011101072716626e-23,4.1011101072716626e-23,4.1011101072716626e-23,4.1011101072716626e-23,4.1011101072716626e-23,4.1011101072716626e-23,4.1011101072716626e-23,4.1011101072716626e-23,4.1011101072716626e-23,4.1011101072716626e-23,4.1011101072716626e-23,4.1011101072716626e-23,4.1011101072716626e-23,4.1011101072716626e-23,4.1011101072716626e-23,4.1011101072716626e-23,4.1011101072716626e-23,4.1011101072716626e-23,4.1011101072716626e-23,4.1011101072716626e-23,4.1011101072716626e-23,4.1011101072716626e-23,4.1011101072716626e-23,4.1011101072716626e-23,4.1011101072716626e-23,4.1011101072716626e-23,4.1011101072716626e-23,4.1011101072716626e-23,4.1011101072716626e-23,4.1011101072716626e-23,4.1011101072716626e-23,4.1011101072716626e-23,4.1011101072716626e-23,4.1011101072716626e-23,4.1011101072716626e-23,4.1011101072716626e-23,4.1011101072716626e-23,4.1011101072716626e-23,4.1011101072716626e-23,4.1011101072716626e-23,4.1011101072716626e-23,4.1011101072716626e-23,4.1011101072716626e-23,4.1011101072716626e-23,4.1011101072716626e-23,4.1011101072716626e-23,4.1011101072716626e-23,4.1011101072716626e-23,4.1011101072716626e-23,4.1011101072716626e-23,4.1011101072716626e-23,4.1011101072716626e-23,4.1011101072716626e-23,4.1011101072716626e-23,4.1011101072716626e-23,4.1011101072716626e-23,4.1011101072716626e-23,4.1011101072716626e-23,4.1011101072716626e-23,4.1011101072716626e-23,4.1011101072716626e-23,4.1011101072716626e-23,4.1011101072716626e-23,4.1011101072716626e-23,4.1011101072716626e-23,4.1011101072716626e-23,4.1011101072716626e-23,4.1011101072716626e-23,4.1011101072716626e-23,4.1011101072716626e-23,4.1011101072716626e-23,4.1011101072716626e-23,4.1011101072716626e-23,4.1011101072716626e-23,4.1011101072716626e-23,4.1011101072716626e-23,4.1011101072716626e-23,4.1011101072716626e-23,4.1011101072716626e-23,4.1011101072716626e-23,4.1011101072716626e-23,4.1011101072716626e-23,4.1011101072716626e-23,4.1011101072716626e-23,4.1011101072716626e-23,4.1011101072716626e-23,4.1011101072716626e-23,4.1011101072716626e-23,4.1011101072716626e-23,4.1011101072716626e-23,4.1011101072716626e-23,4.1011101072716626e-23,4.1011101072716626e-23,4.1011101072716626e-23,4.1011101072716626e-23,4.1011101072716626e-23,4.1011101072716626e-23,4.1011101072716626e-23,4.1011101072716626e-23,4.1011101072716626e-23,4.1011101072716626e-23,4.1011101072716626e-23,4.1011101072716626e-23,4.1011101072716626e-23,4.1011101072716626e-23,4.1011101072716626e-23,4.1011101072716626e-23,4.1011101072716626e-23,4.1011101072716626e-23,4.1011101072716626e-23,4.1011101072716626e-23,4.1011101072716626e-23,4.1011101072716626e-23,4.1011101072716626e-23,4.1011101072716626e-23,4.1011101072716626e-23,4.1011101072716626e-23,4.1011101072716626e-23,4.1011101072716626e-23,4.1011101072716626e-23,4.1011101072716626e-23,4.1011101072716626e-23,4.1011101072716626e-23,4.1011101072716626e-23,4.1011101072716626e-23,4.1011101072716626e-23,4.1011101072716626e-23,4.1011101072716626e-23,4.1011101072716626e-23,4.1011101072716626e-23,4.1011101072716626e-23,4.1011101072716626e-23,4.1011101072716626e-23,4.1011101072716626e-23,4.1011101072716626e-23,4.1011101072716626e-23,4.1011101072716626e-23,4.1011101072716626e-23,4.1011101072716626e-23,4.1011101072716626e-23,4.1011101072716626e-23,4.1011101072716626e-23,4.1011101072716626e-23,4.1011101072716626e-23,4.1011101072716626e-23,4.1011101072716626e-23,4.1011101072716626e-23,4.1011101072716626e-23,4.1011101072716626e-23,4.1011101072716626e-23,4.1011101072716626e-23,4.1011101072716626e-23,4.1011101072716626e-23,4.1011101072716626e-23,4.1011101072716626e-23,4.1011101072716626e-23,4.1011101072716626e-23,4.1011101072716626e-23,4.1011101072716626e-23,4.1011101072716626e-23,4.1011101072716626e-23,4.1011101072716626e-23,4.1011101072716626e-23,4.1011101072716626e-23,4.1011101072716626e-23,4.1011101072716626e-23,4.1011101072716626e-23,4.1011101072716626e-23,4.1011101072716626e-23,4.1011101072716626e-23,4.1011101072716626e-23,4.1011101072716626e-23,4.1011101072716626e-23,4.1011101072716626e-23,4.1011101072716626e-23,4.1011101072716626e-23,4.1011101072716626e-23,4.1011101072716626e-23,4.1011101072716626e-23,4.1011101072716626e-23,4.1011101072716626e-23,4.1011101072716626e-23,4.1011101072716626e-23,4.1011101072716626e-23,4.1011101072716626e-23,4.1011101072716626e-23,4.1011101072716626e-23,4.1011101072716626e-23,4.1011101072716626e-23,4.1011101072716626e-23,4.1011101072716626e-23,4.1011101072716626e-23,4.1011101072716626e-23,4.1011101072716626e-23,4.1011101072716626e-23,4.1011101072716626e-23,4.1011101072716626e-23,4.1011101072716626e-23,4.1011101072716626e-23,4.1011101072716626e-23,4.1011101072716626e-23,4.1011101072716626e-23,4.1011101072716626e-23,4.1011101072716626e-23,4.1011101072716626e-23,4.1011101072716626e-23,4.1011101072716626e-23,4.1011101072716626e-23,4.1011101072716626e-23,4.1011101072716626e-23,4.1011101072716626e-23,4.1011101072716626e-23,4.1011101072716626e-23,4.1011101072716626e-23,4.1011101072716626e-23,4.1011101072716626e-23,4.1011101072716626e-23,4.1011101072716626e-23,4.1011101072716626e-23,4.1011101072716626e-23,4.1011101072716626e-23,4.1011101072716626e-23,4.1011101072716626e-23,4.1011101072716626e-23,4.1011101072716626e-23,4.1011101072716626e-23,4.1011101072716626e-23,4.1011101072716626e-23,4.1011101072716626e-23,4.1011101072716626e-23,4.1011101072716626e-23,4.1011101072716626e-23,4.1011101072716626e-23,4.1011101072716626e-23,4.1011101072716626e-23,4.1011101072716626e-23,4.1011101072716626e-23,4.1011101072716626e-23,4.1011101072716626e-23,4.1011101072716626e-23,4.1011101072716626e-23,4.1011101072716626e-23,4.1011101072716626e-23,4.1011101072716626e-23,4.1011101072716626e-23,4.1011101072716626e-23,4.1011101072716626e-23,4.1011101072716626e-23,4.1011101072716626e-23,4.1011101072716626e-23,4.1011101072716626e-23,4.1011101072716626e-23,4.1011101072716626e-23,4.1011101072716626e-23,4.1011101072716626e-23,4.1011101072716626e-23,4.1011101072716626e-23,4.1011101072716626e-23,4.1011101072716626e-23,4.1011101072716626e-23,4.1011101072716626e-23,4.1011101072716626e-23,4.1011101072716626e-23,4.1011101072716626e-23,4.1011101072716626e-23,4.1011101072716626e-23,4.1011101072716626e-23,4.1011101072716626e-23,4.1011101072716626e-23,4.1011101072716626e-23,4.1011101072716626e-23,4.1011101072716626e-23,4.1011101072716626e-23,4.1011101072716626e-23,4.1011101072716626e-23,4.1011101072716626e-23,4.1011101072716626e-23,4.1011101072716626e-23,4.1011101072716626e-23,4.1011101072716626e-23,4.1011101072716626e-23,4.1011101072716626e-23,4.1011101072716626e-23,4.1011101072716626e-23,4.1011101072716626e-23,4.1011101072716626e-23,4.1011101072716626e-23,4.1011101072716626e-23,4.1011101072716626e-23,4.1011101072716626e-23,4.1011101072716626e-23,4.1011101072716626e-23,4.1011101072716626e-23,4.1011101072716626e-23,4.1011101072716626e-23,4.1011101072716626e-23,4.1011101072716626e-23,4.1011101072716626e-23,4.1011101072716626e-23,4.1011101072716626e-23,4.1011101072716626e-23,4.1011101072716626e-23,4.1011101072716626e-23,4.1011101072716626e-23,4.1011101072716626e-23,4.1011101072716626e-23,4.1011101072716626e-23,4.1011101072716626e-23,4.1011101072716626e-23,4.1011101072716626e-23,4.1011101072716626e-23,4.1011101072716626e-23,4.1011101072716626e-23,4.1011101072716626e-23,4.1011101072716626e-23,4.1011101072716626e-23,4.1011101072716626e-23,4.1011101072716626e-23,4.1011101072716626e-23,4.1011101072716626e-23,4.1011101072716626e-23,4.1011101072716626e-23,4.1011101072716626e-23,4.1011101072716626e-23,4.1011101072716626e-23,4.1011101072716626e-23,4.1011101072716626e-23,4.1011101072716626e-23,4.1011101072716626e-23,4.1011101072716626e-23,4.1011101072716626e-23,4.1011101072716626e-23,4.1011101072716626e-23,4.1011101072716626e-23,4.1011101072716626e-23,4.1011101072716626e-23,4.1011101072716626e-23,4.1011101072716626e-23,4.1011101072716626e-23,4.1011101072716626e-23,4.1011101072716626e-23,4.1011101072716626e-23,4.1011101072716626e-23,4.1011101072716626e-23,4.1011101072716626e-23,4.1011101072716626e-23,4.1011101072716626e-23,4.1011101072716626e-23,4.1011101072716626e-23,4.1011101072716626e-23,4.1011101072716626e-23,4.1011101072716626e-23,4.1011101072716626e-23,4.1011101072716626e-23,4.1011101072716626e-23,4.1011101072716626e-23,4.1011101072716626e-23,4.1011101072716626e-23,4.1011101072716626e-23,4.1011101072716626e-23,4.1011101072716626e-23,4.1011101072716626e-23,4.1011101072716626e-23,4.1011101072716626e-23,4.1011101072716626e-23,4.1011101072716626e-23,4.1011101072716626e-23,4.1011101072716626e-23,4.1011101072716626e-23,4.1011101072716626e-23,4.1011101072716626e-23,4.1011101072716626e-23,4.1011101072716626e-23,4.1011101072716626e-23,4.1011101072716626e-23,4.1011101072716626e-23,4.1011101072716626e-23,4.1011101072716626e-23,4.1011101072716626e-23,4.1011101072716626e-23,4.1011101072716626e-23,4.1011101072716626e-23,4.1011101072716626e-23,4.1011101072716626e-23,4.1011101072716626e-23,4.1011101072716626e-23,4.1011101072716626e-23,4.1011101072716626e-23,4.1011101072716626e-23,4.1011101072716626e-23,4.1011101072716626e-23,4.1011101072716626e-23,4.1011101072716626e-23,6.938315890221728e-19,1.1941404682162267e-18,1.558784326058229e-18,1.828520319753885e-18,2.0320491745346976e-18,2.1895627855948797e-18,2.315255654964438e-18,2.4191001940832206e-18,2.5080999835316228e-18,2.5871734065446722e-18,2.659775950109721e-18,2.72833798380175e-18,2.7945724112623885e-18,2.859690661147015e-18,2.9245541848482785e-18,2.9897806249168924e-18,3.0558181567623185e-18,3.1229975070316634e-18,3.191568330126633e-18,3.261724635837954e-18,3.3336225606257035e-18,3.4073927908285124e-18,3.483149254147685e-18,3.560995210332099e-18,3.641027531757864e-18,3.723339726034026e-18,3.808024086042941e-18,3.8951732366388004e-18,3.984881264175365e-18,4.0772445612796095e-18,4.172362476224451e-18,4.270337831255771e-18,4.3712773537194564e-18,4.4752920511840824e-18,4.582497552106702e-18,4.6930144263369285e-18,4.806968503975185e-18,4.924491180030439e-18,5.0457197399176066e-18,5.170797686660013e-18,5.299875083630917e-18,5.433108913145513e-18,5.570663454577681e-18,5.712710682863449e-18,5.85943069069944e-18,6.01101213514185e-18,6.167652712131412e-18,6.329559659972057e-18,6.496950294441263e-18,6.670052578022948e-18,6.8491057245095644e-18,7.034360845164653e-18,7.226081632705934e-18,7.424545095756123e-18,7.630042336857251e-18,7.842879385121424e-18,8.063378084120423e-18,8.291877040164867e-18,8.528732635228951e-18,8.77432010976251e-18,9.029034720604508e-18,9.293292980022045e-18,9.567533982130578e-18,9.852220823731827e-18,1.0147842127119073e-17,1.0454913673002617e-17,1.077398015260246e-17,1.1105617048639988e-17,1.1450432655994761e-17,1.1809070253274826e-17,1.2182210439057864e-17,1.2570573645240585e-17,1.2974922844145424e-17,1.3396066465216802e-17,1.3834861539880413e-17,1.4292217095062772e-17,1.4769097816273192e-17,1.526652800629545e-17,1.578559586437564e-17,1.632745811621939e-17,1.6893345027076455e-17,1.748456583357522e-17,1.8102514632917208e-17,1.87486767742498e-17,1.9424635800699163e-17,2.0132080989429584e-17,2.0872815563158814e-17,2.164876561589663e-17,2.246198985079087e-17,2.3314690189679142e-17,2.420922336092719e-17,2.514811354731577e-17,2.613406622921844e-17,2.7169983320960472e-17,2.825897976035044e-17,2.940440169689518e-17,3.060984645507491e-17,3.1879184468551605e-17,3.3216583403207347e-17,3.46265347186127e-17,3.6113882940156473e-17,3.768385796279766e-17,3.934211073073732e-17,4.1094752697700345e-17,4.2948399519737276e-17,4.491021948891237e-17,4.698798729304061e-17,4.919014375991491e-17,5.152586233974922e-17,5.400512318358505e-17,5.66387957981016e-17,5.943873139760456e-17,6.241786624245159e-17,6.559033743571673e-17,6.897161287716561e-17,7.257863733522768e-17,7.642999689232984e-17,8.054610437928627e-17,8.494940882840173e-17,8.966463246459461e-17,9.471903933121746e-17,1.0014274033122873e-16,1.0596904026894618e-16,1.1223483343868385e-16,1.1898105545799006e-16,1.262532003936223e-16,1.341019138776736e-16,1.4258367486337119e-16,1.5176158103830983e-16,1.6170625576303077e-16,1.7249689786158688e-16,1.8422249978719719e-16,1.9698326480661817e-16,2.108922601117943e-16,2.2607735045493776e-16,2.4268346636777383e-16,2.608752727480159e-16,2.808403181267406e-16,3.027927630742035e-16,3.2697780884222316e-16,3.5367697592021287e-16,3.8321441814662017e-16,4.1596450372967035e-16,4.52360952782731e-16,4.929078956504083e-16,5.38193312405312e-16,5.889054386056843e-16,6.458528845856095e-16,7.09989428427849e-16,7.824447233535062e-16,8.645625331108502e-16,9.579486070199314e-16,1.0645309777731567e-15,1.1866363758892044e-15,1.3270877009797972e-15,1.4893292096955851e-15,1.6775884744945953e-15,1.897087531523283e-15,2.1543204128181797e-15,2.4574211094549624e-15,2.8166559546691804e-15,3.245089011457224e-15,3.759490758117756e-15,4.381593087264494e-15,5.139843687103464e-15,6.071890635672914e-15,6.411487388246154e-15,7.687538914789996e-15,9.270152935635135e-15,1.1274834320986213e-14,1.3853818669697695e-14,1.7220752994143586e-14,2.1685419399009514e-14,2.7708365300242026e-14,3.599142150445625e-14,4.76332765169001e-14,6.440654568703783e-14,8.927077989738357e-14,1.2736491447832195e-13,1.880259744060842e-13,2.891399142212822e-13,4.6717234103891e-13,8.021981690874108e-13,1.4864921001558356e-12,3.034671549412272e-12,7.018804261316293e-12,1.9069715753582165e-11,6.338540891291893e-11,2.6459795932242545e-10,3.93222325038295e-10,3.9322232512242343e-10,2.3021819435672767e-09,1.3154719547177433e-08,7.141332844037319e-08,3.3541626825151694e-07,1.279568953985254e-06,3.8553633107967485e-06,9.138664579092766e-06,1.72957990564199e-05,2.7107626683848654e-05,3.694721939720306e-05,4.576397354886099e-05,5.315259728196865e-05,5.906772280338747e-05,6.361737406385153e-05,6.696491103752127e-05,6.928537502478767e-05,7.074553670980698e-05,7.14954011395499e-05,7.166569220745654e-05,7.136831057324771e-05,7.069805717583204e-05,6.973472962209483e-05,6.854518073638353e-05,6.718518215780887e-05,6.570105435325639e-05,6.41310727519196e-05,6.250667542757967e-05,6.0853499884450275e-05,5.919227382660348e-05,5.7539580991207786e-05,5.590851959426613e-05,5.4309267992444125e-05,5.2749569873384314e-05,5.1235149479662006e-05,4.977006595093061e-05,4.835701471781681e-05,4.699758292041552e-05,4.569246500459047e-05,4.44416439298295e-05,4.3244542781727816e-05,4.210015101081124e-05,4.1007128998122374e-05,3.996389418496863e-05,3.896869158214852e-05,3.801965109926959e-05,3.711483379775917e-05,3.625226887754324e-05,3.54299829425326e-05,3.464602286148674e-05,3.3898473342724134e-05,3.318547016554385e-05,3.25052098639749e-05,3.18559565282411e-05,3.123604628081659e-05,3.0643889893000825e-05,3.0077973921059593e-05,2.9536860684438928e-05,2.901918734694851e-05,2.8523664310516404e-05,2.8049073101178318e-05,2.7594263886272155e-05,2.7158152737528212e-05,2.6739718732057877e-05,2.6338000963348793e-05,2.595209552037755e-05,2.5581152478694423e-05,2.522437293863159e-05,2.4881006136196553e-05,2.4550346645420593e-05,2.4231731686039667e-05,2.39245385456718e-05,2.362818212143235e-05,2.334211258472679e-05,2.3065813168657627e-05,2.279879807803334e-05,2.2540610518693114e-05,2.2290820843414783e-05,2.2049024809904272e-05,2.181484194660492e-05,2.1587914021292005e-05,2.1367903607612062e-05,2.115449274421006e-05,2.09473816816127e-05,2.0746287711671003e-05,2.0550944074643935e-05,2.0361098939244784e-05,2.0176514451177572e-05,1.99969658455796e-05,1.9822240619314645e-05,1.9652137759285727e-05,1.9486467022575007e-05,1.932504826603101e-05,1.916771082016754e-05,1.901429290540361e-05,1.8864641089019383e-05,1.871860977676269e-05,1.857606073980482e-05,1.8436862672711594e-05,1.8300890781171215e-05,1.8168026396925583e-05,1.803815661831509e-05,1.791117397436689e-05,1.7786976110907294e-05,1.7665465497248726e-05,1.754654915179074e-05,1.7430138385357106e-05,1.7316148561067563e-05,1.720449886931254e-05,1.7095112117439734e-05,1.6987914532238176e-05,1.688283557498055e-05,1.6779807767971377e-05,1.667876653190864e-05,1.6579650033000027e-05,1.648239903962474e-05,1.6386956787531245e-05,1.6293268853354864e-05,1.620128303501318e-05,1.6110949240426432e-05,1.6022219381668478e-05,1.5935047275486706e-05,1.584938855023276e-05,1.5765200557399636e-05,1.5682442288587607e-05,1.5601074297092023e-05,1.552105862387326e-05,1.5442358727705603e-05,1.536493941913963e-05,1.5288766798129543e-05,1.5213808195041193e-05,1.5140032114821642e-05,1.5067408184244492e-05,1.4995907101873351e-05,1.49255005906925e-05,1.4856161353267054e-05,1.4787863029153609e-05,1.4720580154555948e-05,1.4654288124053866e-05,1.4588963154226344e-05,1.4524582249190163e-05,1.4461123167758762e-05,1.4398564392264618e-05,1.433688509892271e-05,1.4276065129735908e-05,1.421608496559163e-05,1.4156925700713945e-05,1.4098569018414596e-05,1.4040997167881685e-05,1.398419294205131e-05,1.3928139656860018e-05,1.3872821130709677e-05,1.3818221665624816e-05,1.3764326028897213e-05,1.371111943562879e-05,1.3658587532072526e-05,1.3606716379813341e-05,1.3555492440283292e-05,1.3504902560477385e-05,1.3454933958900413e-05,1.340557421230445e-05,1.3356811242989115e-05,1.3308633306407418e-05,1.326102897965083e-05,1.3213987150346546e-05,1.316749700577387e-05,1.3121548022566951e-05,1.307612995713261e-05,1.303123283581432e-05,1.2986846946090869e-05,1.2942962827796277e-05,1.2899571264806968e-05,1.2856663276913997e-05,1.2814230112299644e-05,1.2772263239993465e-05,1.2730754342756579e-05,1.2689695310523274e-05,1.2649078233415613e-05,1.2608895395670001e-05,1.2569139269480272e-05,1.2529802509353939e-05,1.2490877946068263e-05,1.2452358581599818e-05,1.2414237583950613e-05,1.2376508281711858e-05,1.2339164159648579e-05,1.2302198853834766e-05,1.2265606147198547e-05,1.222937996516736e-05,1.2193514371507891e-05,1.2158003564264221e-05,1.2122841871850071e-05,1.2088023749524752e-05,1.2053543775363499e-05,1.2019396647078865e-05,1.1985577178503855e-05,1.1952080296421752e-05,1.1918901037270649e-05,1.1886034544243777e-05,1.1853476064332844e-05,1.1821220945331154e-05,1.178926463333634e-05,1.175760266987648e-05,1.1726230689444404e-05,1.1695144416973438e-05,1.1664339665450657e-05,1.1633812333587489e-05,1.1603558403548473e-05,1.1573573938791195e-05,1.1543855081948811e-05,1.1514398052782547e-05,1.1485199146188458e-05,1.1456254730291072e-05,1.1427561244588531e-05,1.1399115198120591e-05,1.1370913167817246e-05,1.1342951796652475e-05,1.1315227792087169e-05,1.1287737924504578e-05,1.1260479025631555e-05,1.1233447987066653e-05,1.120664175874249e-05,1.1180057347574983e-05,1.1153691816145696e-05,1.1127542281281627e-05,1.110160591283568e-05,1.107587993225938e-05,1.1050361611868856e-05,1.1025048273090674e-05,1.0999937285380464e-05,1.0975026065534202e-05,1.0950312076280367e-05,1.0925792825250908e-05,1.090146586400555e-05,1.087732878702195e-05,1.0853379230764753e-05,1.0829614872663331e-05,1.0806033430258866e-05,1.0782632660308315e-05,1.0759410357889057e-05,1.0736364355576158e-05,1.0713492522609941e-05,1.0690792764161349e-05,1.066826302042617e-05,1.0645901265961588e-05,1.062370550896783e-05,1.0601673790490418e-05,1.0579804183743453e-05,1.055809479355024e-05,1.0536543755475549e-05,1.051514923533586e-05,1.0493909428467441e-05,1.0472822559217148e-05,1.0451886880258549e-05,1.0431100672048957e-05,1.0410462242269708e-05,1.0389969925206101e-05,1.0369622081242123e-05,1.0349417096523004e-05,1.0329353382084416e-05,1.0309429373609097e-05,1.0289643530779207e-05,1.0269994336974037e-05,1.0250480298688583e-05,1.0231099945114545e-05,1.0211851827660596e-05,1.0192734519572044e-05,1.0173746615461122e-05,1.0154886730932138e-05,1.0136153502138673e-05,1.0117545585458374e-05,1.0099061657031722e-05,1.0080700412428072e-05,1.0062460566244267e-05,1.004434085184686e-05,1.0026340020906117e-05,1.0008456843044397e-05,9.990690105676097e-06,9.97303861347506e-06,9.955501188148634e-06,9.938076668144286e-06,9.920763908292032e-06,9.90356177959984e-06,9.886469168815392e-06,9.869484978262558e-06,9.852608125517584e-06,9.835837543151388e-06,9.819172178471362e-06,9.802610993182023e-06,9.786152963212798e-06,9.769797078516755e-06,9.75354234267263e-06,9.737387772771311e-06,9.721332399115415e-06,9.705375265041544e-06,9.689515426661699e-06,9.673751952620872e-06,9.65808392397537e-06,9.642510433884745e-06,9.627030587440466e-06,9.611643501485413e-06,9.596348304346054e-06,9.581144135786396e-06,9.566030146637776e-06,9.551005498722343e-06,9.536069364657804e-06,9.521220927664008e-06,9.506459381395e-06,9.491783929764813e-06,9.477193786737627e-06,9.46268817634386e-06,9.44826633221486e-06,9.43392749772864e-06,9.419670925632541e-06,9.40549587801262e-06,9.391401626131378e-06,9.37738745017096e-06,9.36345263930524e-06,9.349596491375903e-06,9.335818312812138e-06,9.322117418507234e-06,9.30849313167731e-06,9.29494478375765e-06,9.28147171421285e-06,9.268073270464549e-06,9.25474880777552e-06,9.241497689063533e-06,9.228319284841057e-06,9.21521297314723e-06,9.202178139315313e-06,9.189214175984414e-06,9.17632048277841e-06,9.163496466484877e-06,9.15074154076222e-06,9.138055126106968e-06,9.1254366497057e-06,9.112885545382993e-06,9.100401253473543e-06,9.087983220721457e-06,9.075630900211357e-06,9.063343751277908e-06,9.051121239360416e-06,9.038962836025899e-06,9.02686801867279e-06,9.014836270675235e-06,9.002867081256995e-06,8.99095994520887e-06,8.979114363119123e-06,8.967329841001821e-06,8.955605890340024e-06,8.943942028125969e-06,8.932337776567106e-06,8.920792663139757e-06,8.909306220467022e-06,8.897877986286235e-06,8.886507503430647e-06,8.87519431959822e-06,8.863937987384763e-06,8.852738064249151e-06,8.841594112365265e-06,8.830505698615963e-06,8.819472394495374e-06,8.808493776066544e-06,8.797569423859797e-06,8.786698922930592e-06,8.775881862633048e-06,8.765117836647707e-06,8.754406442921758e-06,8.743747283645976e-06,8.733139965105335e-06,8.722584097681369e-06,8.712079295812406e-06,8.701625177922655e-06,8.691221366361418e-06,8.68086748735808e-06,8.6705631710101e-06,8.66030805107782e-06,8.650101765172207e-06,8.639943954535844e-06,8.629834264013185e-06,8.619772342138353e-06,8.609757840888925e-06,8.59979041575426e-06,8.589869725688826e-06,8.579995432990892e-06,8.570167203488562e-06,8.560384706168105e-06,8.550647613337034e-06,8.540955600554217e-06,8.531308346477835e-06,8.521705533104885e-06,8.512146845469074e-06,8.502631971605727e-06,8.493160602643782e-06,8.483732432677402e-06,8.474347158800607e-06,8.465004481091057e-06,8.45570410245116e-06,8.44644572860112e-06,8.437229068131333e-06,8.428053832378277e-06,8.418919735462074e-06,8.409826494220917e-06,8.40077382820805e-06,8.39176145955928e-06,8.382789113057083e-06,8.373856516092371e-06,8.364963398548923e-06,8.356109492938285e-06,8.347294534203787e-06,8.338518259747362e-06,8.32978040946218e-06,8.321080725589603e-06,8.312418952790697e-06,8.303794838091093e-06,8.295208130755934e-06,8.286658582429627e-06,8.278145947009245e-06,8.2696699806336e-06,8.261230441643762e-06,8.252827090592373e-06,8.244459690188314e-06,8.236128005284434e-06,8.227831802849467e-06,8.21957085194629e-06,8.211344923702603e-06,8.203153791278279e-06,8.194997229902349e-06,8.186875016752524e-06,8.178786931000132e-06,8.170732753773799e-06,8.162712268120507e-06,8.15472525897154e-06,8.146771513253523e-06,8.138850819620953e-06,8.13096296870012e-06,8.123107752855656e-06,8.115284966290807e-06,8.10749440497149e-06,8.09973586664695e-06,8.092009150805288e-06,8.08431405869687e-06,8.076650393242024e-06,8.069017959034196e-06,8.061416562399132e-06,8.05384601125392e-06,8.046306115138773e-06,8.03879668525829e-06,8.031317534496542e-06,8.023868477152049e-06,8.016449329163968e-06,8.009059908020831e-06,8.001700032749167e-06,7.994369523851998e-06,7.987068203399735e-06,7.97979589487903e-06,7.972552423279773e-06,7.965337615029052e-06,7.958151297997269e-06,7.950993301429046e-06,7.943863456100624e-06,7.936761594034978e-06,7.929687548744214e-06,7.92264115500753e-06,7.915622249023895e-06,7.90863066831071e-06,7.901666251679877e-06,7.89472883921715e-06,7.887818272437567e-06,7.88093439401283e-06,7.874077047903483e-06,7.86724607933812e-06,7.860441334773198e-06,7.853662661921515e-06,7.846909909688827e-06,7.840182928187637e-06,7.83348156871015e-06,7.82680568371846e-06,7.820155126902546e-06,7.813529753076122e-06,7.806929418158439e-06,7.800353979209371e-06,7.793803294467004e-06,7.787277223225428e-06,7.780775625891627e-06,7.774298363936114e-06,7.767845299977172e-06,7.761416297644913e-06,7.755011221611196e-06,7.74862993760388e-06,7.742272312431676e-06,7.735938213849397e-06,7.729627510727005e-06,7.723340072786194e-06,7.717075770891017e-06,7.710834476839341e-06,7.704616063403478e-06,7.698420404248116e-06,7.692247374187646e-06,7.686096848809677e-06,7.679968704679166e-06,7.673862819290684e-06,7.667779071111276e-06,7.661717339480735e-06,7.655677504599577e-06,7.64965944762548e-06,7.643663050574155e-06,7.637688196357843e-06,7.631734768736501e-06,7.625802652328954e-06,7.619891732617659e-06,7.61400189593796e-06,7.608133029440781e-06,7.602285021132182e-06,7.596457759805288e-06,7.590651135097754e-06,7.584865037434136e-06,7.579099358002158e-06,7.573353988883916e-06,7.567628822850996e-06,7.5619237535329545e-06,7.556238675201162e-06,7.550573482982158e-06,7.544928072771623e-06,7.539302341155105e-06,7.533696185495767e-06,7.528109503882277e-06,7.522542195123732e-06,7.516994158767332e-06,7.511465295036495e-06,7.505955504919593e-06,7.500464690067877e-06,7.4949927528345055e-06,7.4895395962656855e-06,7.484105124087051e-06,7.478689240701111e-06,7.473291851182511e-06,7.467912861283367e-06,7.462552177374318e-06,7.457209706548098e-06,7.45188535644434e-06,7.446579035435442e-06,7.44129065249175e-06,7.43602011721579e-06,7.430767339823462e-06,7.425532231184258e-06,7.420314702754724e-06,7.415114666586166e-06,7.4099320353732885e-06,7.4047667223767315e-06,7.3996186414533655e-06,7.394487707052578e-06,7.389373834177003e-06,7.384276938489754e-06,7.379196936144072e-06,7.374133743856096e-06,7.369087278989177e-06,7.364057459389724e-06,7.35904420344109e-06,7.35404743015108e-06,7.349067059011072e-06,7.3441030100550786e-06,7.339155203911901e-06,7.334223561622159e-06,7.329308004854759e-06,7.324408455763838e-06,7.319524837059943e-06,7.314657071847153e-06,7.309805083864429e-06,7.304968797270381e-06,7.300148136791237e-06,7.295343027610007e-06,7.290553395394232e-06,7.28577916630973e-06,7.2810202669965655e-06,7.2762766245696805e-06,7.271548166651375e-06,7.2668348212922505e-06,7.262136517064045e-06,7.25745318289926e-06,7.25278474828459e-06,7.2481311431348766e-06,7.2434922978025464e-06,7.238868143105516e-06,7.234258610265568e-06,7.22966363103101e-06,7.225083137516783e-06,7.22051706225787e-06,7.215965338269112e-06,7.211427898960026e-06,7.206904678171626e-06,7.202395610170449e-06,7.1979006296284245e-06,7.193419671636575e-06,7.191720676205047e-06,7.191720676205033e-06,7.191720676205018e-06,7.191720676205003e-06,7.191720676204988e-06,7.191720676204974e-06,7.191720676204958e-06,7.191720676204944e-06,7.191720676204929e-06,7.191720676204914e-06,7.191720676204899e-06,7.191720676204885e-06,7.191720676204872e-06,7.191720676204857e-06,7.191720676204842e-06,7.191720676204828e-06,7.191720676204813e-06,7.191720676204798e-06,7.191720676204784e-06,7.191720676204769e-06,7.191720676204753e-06,7.191720676204738e-06,7.191720676204724e-06,7.191720676204709e-06,7.191720676204694e-06,7.1917206762046814e-06,7.191720676204666e-06,7.191720676204651e-06,7.1917206762046365e-06,7.191720676204622e-06,7.191720676204607e-06,7.191720676204592e-06,7.191720676204577e-06,7.191720676204563e-06,7.191720676204549e-06,7.191720676204535e-06,7.1917206762045205e-06,7.191720676204507e-06,7.1917206762044925e-06,7.191720676204478e-06,7.191720676204462e-06,7.191720676204448e-06,7.191720676204432e-06,7.191720676204418e-06,7.191720676204403e-06,7.191720676204388e-06,7.191720676204374e-06,7.1917206762043596e-06,7.191720676204344e-06,7.191720676204329e-06,7.1917206762043155e-06,7.191720676204301e-06,7.191720676204287e-06,7.1917206762042715e-06,7.191720676204256e-06,7.191720676204242e-06,7.191720676204227e-06,7.191720676204214e-06,7.191720676204199e-06,7.191720676204184e-06,7.191720676204169e-06,7.191720676204154e-06,7.191720676204139e-06,7.191720676204127e-06,7.1917206762041105e-06,7.191720676204095e-06,7.191720676204081e-06,7.1917206762040665e-06,7.191720676204051e-06,7.191720676204037e-06,7.1917206762040224e-06,7.191720676204007e-06,7.191720676203992e-06,7.1917206762039775e-06,7.191720676203963e-06,7.191720676203947e-06,7.191720676203934e-06,7.19172067620392e-06,7.191720676203905e-06,7.191720676203891e-06,7.191720676203877e-06,7.191720676203862e-06,7.191720676203847e-06,7.191720676203832e-06,7.1917206762038175e-06,7.191720676203802e-06,7.191720676203788e-06,7.1917206762037726e-06,7.191720676203758e-06,7.191720676203744e-06,7.191720676203729e-06,7.191720676203715e-06,7.1917206762037e-06,7.191720676203685e-06,7.19172067620367e-06,7.191720676203655e-06,7.19172067620364e-06,7.191720676203626e-06,7.191720676203611e-06,7.1917206762035955e-06,7.191720676203581e-06,7.191720676203568e-06,7.191720676203554e-06,7.19172067620354e-06,7.191720676203525e-06,7.19172067620351e-06,7.191720676203495e-06,7.19172067620348e-06,7.191720676203466e-06,7.19172067620345e-06,7.1917206762034354e-06,7.19172067620342e-06,7.191720676203406e-06,7.1917206762033905e-06,7.191720676203378e-06,7.191720676203363e-06,7.191720676203348e-06,7.191720676203335e-06,7.19172067620332e-06,7.191720676203304e-06,7.19172067620329e-06,7.191720676203275e-06,7.191720676203261e-06,7.191720676203246e-06,7.191720676203231e-06,7.191720676203216e-06,7.1917206762032025e-06,7.191720676203188e-06,7.191720676203174e-06,7.191720676203158e-06,7.191720676203143e-06,7.191720676203129e-06,7.191720676203114e-06,7.191720676203099e-06,7.191720676203085e-06,7.19172067620307e-06,7.191720676203056e-06,7.191720676203041e-06,7.191720676203026e-06,7.191720676203013e-06,7.191720676202998e-06,7.191720676202984e-06,7.1917206762029696e-06,7.191720676202954e-06,7.19172067620294e-06,7.1917206762029255e-06,7.191720676202911e-06,7.191720676202895e-06,7.191720676202881e-06,7.191720676202866e-06,7.19172067620285e-06,7.191720676202836e-06,7.191720676202823e-06,7.191720676202808e-06,7.191720676202793e-06,7.191720676202779e-06,7.191720676202765e-06,7.191720676202749e-06,7.191720676202735e-06,7.1917206762027205e-06,7.191720676202706e-06,7.19172067620269e-06,7.191720676202676e-06,7.19172067620266e-06,7.191720676202647e-06,7.1917206762026325e-06,7.191720676202618e-06,7.191720676202603e-06,7.191720676202588e-06,7.191720676202574e-06,7.191720676202559e-06,7.1917206762025435e-06,7.191720676202529e-06,7.191720676202514e-06,7.191720676202499e-06,7.191720676202484e-06,7.19172067620247e-06,7.191720676202456e-06,7.191720676202442e-06,7.1917206762024275e-06,7.191720676202413e-06,7.191720676202398e-06,7.1917206762023834e-06,7.191720676202369e-06,7.191720676202353e-06,7.1917206762023385e-06,7.191720676202323e-06,7.191720676202309e-06,7.191720676202294e-06,7.191720676202279e-06,7.191720676202266e-06,7.191720676202251e-06,7.191720676202236e-06,7.191720676202222e-06,7.191720676202206e-06,7.191720676202192e-06,7.191720676202177e-06,7.191720676202162e-06,7.191720676202147e-06,7.191720676202133e-06,7.191720676202118e-06,7.191720676202104e-06,7.19172067620209e-06,7.191720676202076e-06,7.191720676202061e-06,7.191720676202046e-06,7.191720676202032e-06,7.191720676202017e-06,7.191720676202001e-06,7.191720676201986e-06,7.191720676201972e-06,7.191720676201957e-06,7.191720676201942e-06,7.191720676201928e-06,7.191720676201913e-06,7.191720676201901e-06,6.638943807370719e-06,6.457578380771319e-06,6.436684000950121e-06,6.481852336142883e-06,6.551241158895506e-06,6.626600022732467e-06,6.700216122545739e-06,6.769057710146706e-06,6.8321527843249754e-06,6.889417945556409e-06,6.941136442322133e-06,6.98772668421133e-06,7.0296406868781334e-06,7.0673206180229666e-06,7.101181293207992e-06,7.131604218946834e-06,7.158936722137096e-06,7.1834932614955405e-06,7.205557612313613e-06,7.225385333820927e-06,7.2432062531653765e-06,7.25922684801339e-06,7.273632478064289e-06,7.286589447746881e-06,7.2982468975812205e-06,7.308738529210653e-06,7.318184172555943e-06,7.326691205322466e-06,7.334355835659367e-06,7.341264258883445e-06,7.347493698910123e-06,7.353113344574614e-06,7.358185190449384e-06,7.36276479118617e-06,7.3669019376723335e-06,7.37064126271034e-06,7.374022783254135e-06,7.377082385616069e-06,7.379852259497889e-06,7.3823612861058565e-06,7.384635385171437e-06,7.386697825157368e-06,7.388569500545683e-06,7.390269179689598e-06,7.391813726361035e-06,7.393218297795582e-06,7.39449652174432e-06,7.395660654791521e-06,7.396721723919321e-06,7.397689653139334e-06,7.3985733767814884e-06,7.39938094087571e-06,7.400119593879936e-06,7.400795867913355e-06,7.401415651534254e-06,7.401984254898571e-06,7.402506468168893e-06,7.402986613869062e-06,7.403428593824914e-06,7.403835931272012e-06,7.404211808637281e-06,7.404559101443717e-06,7.404880408766845e-06,7.405178080570699e-06,7.405454242282468e-06,7.405710816873404e-06,7.4059495447138445e-06,7.4061720014275804e-06,7.406379613957329e-06,7.406573675022961e-06,7.406755356137022e-06,7.406925719326738e-06,7.407085727695081e-06,7.40723625493042e-06,7.4073780938935194e-06,7.4075119643459134e-06,7.4076385199276185e-06,7.407758354451697e-06,7.4078720075851215e-06,7.407979969975642e-06,7.40808268788482e-06,7.408180567372528e-06,7.408273978071249e-06,7.408363256605945e-06,7.4084487096805584e-06,7.408530616871818e-06,7.408609233149165e-06,7.408684791166291e-06,7.408757503324646e-06,7.408827563645132e-06,7.4088951494620095e-06,7.408960422956117e-06,7.4090235325447065e-06,7.409084614141868e-06,7.409143792294976e-06,7.4092011812207555e-06,7.4092568857415694e-06,7.409311002135377e-06,7.409363618904575e-06,7.409414817475962e-06,7.409464672834127e-06,7.409513254096282e-06,7.4095606250347275e-06,7.409606844550114e-06,7.409651967101894e-06,7.4096960430982e-06,7.409739119252591e-06,7.409781238903398e-06,7.4098224423086195e-06,7.409862766911305e-06,7.409902247581493e-06,7.409940916836007e-06,7.4099788050384285e-06,7.410015940580669e-06,7.4100523500500755e-06,7.410088058375728e-06,7.410123088968492e-06,7.4101574638481495e-06,7.410191203750798e-06,7.410224328237649e-06,7.410256855786111e-06,7.410288803877147e-06,7.410320189071807e-06,7.410351027083851e-06,7.410381332844307e-06,7.410411120562742e-06,7.410440403776792e-06,7.410469195407435e-06,7.410497507798945e-06,7.410525352761569e-06,7.410552741612327e-06,7.41057968520525e-06,7.410606193964794e-06,7.4106322779158365e-06,7.410657946707225e-06,7.410683209638446e-06,7.410708075680933e-06,7.4107325534984025e-06,7.410756651465322e-06,7.410780377684001e-06,7.410803740001124e-06,7.410826746020471e-06,7.410849403119773e-06,7.4108717184585385e-06,7.4108936989933726e-06,7.4109153514853015e-06,7.410936682511152e-06,7.410957698472787e-06,7.41097840560321e-06,7.410998809977785e-06,7.411018917516795e-06,7.411038733995715e-06,7.4110582650502415e-06,7.411077516182277e-06,7.411096492763194e-06,7.411115200041983e-06,7.411133643147535e-06,7.4111518270940056e-06,7.4111697567847915e-06,7.4111874370158365e-06,7.411204872479619e-06,7.41122206776832e-06,7.411239027377324e-06,7.411255755708088e-06,7.411272257070489e-06,7.411288535686271e-06,7.411304595690858e-06,7.411320441136187e-06,7.411336075993198e-06,7.411351504153086e-06,7.411366729430866e-06,7.411381755565342e-06,7.411396586223469e-06,7.411411224999741e-06,7.411425675419475e-06,7.411439940940617e-06,7.411454024952101e-06,7.4114679307813706e-06,7.4114816616907015e-06,7.4114952208805425e-06,7.411508611491167e-06,7.411521836603379e-06,7.4115348992400895e-06,7.4115478023668445e-06,7.411560548894849e-06,7.4115731416799085e-06,7.41158558352492e-06,7.411597877180212e-06,7.411610025346124e-06,7.411622030671909e-06,7.4116338957575635e-06,7.411645623156601e-06,7.411657215374604e-06,7.411668674868972e-06,7.411680004053662e-06,7.411691205299643e-06,7.4117022809326344e-06,7.4117132332355604e-06,7.411724064449009e-06,7.411734776772539e-06,7.411745372366773e-06,7.411755853352343e-06,7.4117662218103675e-06,7.4117764797848165e-06,7.4117866292816186e-06,7.4117966722703845e-06,7.411806610685009e-06,7.411816446423235e-06,7.411826181348823e-06,7.411835817291184e-06,7.411845356047115e-06,7.411854799379882e-06,7.411864149021764e-06,7.4118734066713986e-06,7.411882573997298e-06,7.411891652640194e-06,7.4119006442082536e-06,7.411909550280892e-06,7.411918372408308e-06,7.411927112113348e-06,7.411935770892023e-06,7.411944350211191e-06,7.411952851511735e-06,7.411961276209138e-06,7.411969625692304e-06,7.411977901324871e-06,7.411986104445939e-06,7.411994236371258e-06,7.412002298391213e-06,7.412010291773298e-06,7.412018217762025e-06,7.412026077579196e-06,7.412033872424571e-06,7.412041603476054e-06,7.412049271890292e-06,7.41205687880267e-06,7.4120644253279895e-06,7.412071912560665e-06,7.412079341576564e-06,7.412086713430776e-06,7.412094029159969e-06,7.412101289776053e-06,7.412108496285653e-06,7.412115649665101e-06,7.412122750878919e-06,7.41212980087209e-06,7.412136800572881e-06,7.412143750892905e-06,7.412150652727519e-06,7.41215750695456e-06,7.4121643144363675e-06,7.412171076020786e-06,7.412177792539289e-06,7.412184464808634e-06,7.412191093630514e-06,7.412197679792224e-06,7.412204224066915e-06,7.412210727213185e-06,7.412217189976383e-06,7.4122236130881185e-06,7.412229997266567e-06,7.4122363432176775e-06,7.412242651633334e-06,7.41224892319407e-06,7.412255158566859e-06,7.412261358403431e-06,7.412267523355865e-06,7.412273654051596e-06,7.412279751115704e-06,7.412285815145804e-06,7.412291846753503e-06,7.412297846516889e-06,7.4123038150151154e-06,7.41230975281504e-06,7.41231566047241e-06,7.412321538532428e-06,7.412327387533402e-06,7.41233320799905e-06,7.412339000447316e-06,7.412344765384872e-06,7.412350503309558e-06,7.4123562147109945e-06,7.412361900069108e-06,7.412367559855497e-06,7.4123731945341325e-06,7.4123788045572724e-06,7.412384390372612e-06,7.412389952417507e-06,7.412395491120115e-06,7.412401006908702e-06,7.412406500194481e-06,7.412411971385369e-06,7.412417420880859e-06,7.412422849073377e-06,7.412428256343087e-06,7.412433643080907e-06,7.412439009649739e-06,7.412444356416594e-06,7.4124496837400005e-06,7.4124549919699125e-06,7.412460281453391e-06,7.4124655525243695e-06,7.412470805524868e-06,7.412476040780258e-06,7.412481258605458e-06,7.412486459317343e-06,7.412491643228007e-06,7.412496810637399e-06,7.412501961849376e-06,7.412507097152801e-06,7.4125122168369355e-06,7.4125173211835506e-06,7.412522410469761e-06,7.412527484968004e-06,7.412532544948649e-06,7.412537590667473e-06,7.4125426223855495e-06,7.412547640355275e-06,7.41255264482599e-06,7.412557636041382e-06,7.412562614240878e-06,7.412567579659352e-06,7.41257253252826e-06,7.412577473073072e-06,7.412582401522441e-06,7.412587318088902e-06,7.412592222988621e-06,7.412597116422121e-06,7.412601998609254e-06,7.4126068697489036e-06,7.41261173004112e-06,7.412616579682118e-06,7.41262141886153e-06,7.412626247769774e-06,7.412631066593248e-06,7.412635875511541e-06,7.412640674705496e-06,7.412645464351339e-06,7.412650244618515e-06,7.412655015678696e-06,7.412659777695737e-06,7.412664530833964e-06,7.4126692752535125e-06,7.412674011110083e-06,7.412678738559551e-06,7.4126834577521075e-06,7.412688168839369e-06,7.412692871966144e-06,7.412697567272526e-06,7.412702254902223e-06,7.412706934992607e-06,7.412711607679317e-06,7.412716273094806e-06,7.412720931373648e-06,7.412725582642039e-06,7.4127302270255176e-06,7.412734864648477e-06,7.412739495633046e-06,7.412744120096e-06,7.4127487381586465e-06,7.412753349933491e-06,7.412757955547078e-06,7.41276255508539e-06,7.412767148670535e-06,7.412771736409835e-06,7.412776318406163e-06,7.412780894764645e-06,7.412785465584695e-06,7.41279003096698e-06,7.412794591008371e-06,7.412799145805303e-06,7.412803695454024e-06,7.412808240042781e-06,7.412812779664712e-06,7.41281731440787e-06,7.412821844359953e-06,7.412826369607039e-06,7.412830890234299e-06,7.412835406309545e-06,7.412839917942059e-06,7.412844425192323e-06,7.412848928150851e-06,7.412853426888217e-06,7.412857921479856e-06,7.4128624119998935e-06,7.41286689852141e-06,7.4128713811158615e-06,7.4128758598534505e-06,7.4128803348002e-06,7.4128848060299485e-06,7.412889273605225e-06,7.412893737591101e-06,7.4128981980422765e-06,7.412902655045182e-06,7.412907108645879e-06,7.412911558907639e-06,7.412916005891085e-06,7.412920449653244e-06,7.412924890250867e-06,7.412929327741362e-06,7.41293376217858e-06,7.412938193613772e-06,7.4129426221061786e-06,7.412947047711631e-06,7.412951470476163e-06,7.412955890449891e-06,7.412960307677296e-06,7.412964722219171e-06,7.412969134118545e-06,7.4129735434212e-06,7.412977950173037e-06,7.4129823544194e-06,7.412986756212323e-06,7.412991155579754e-06,7.412995552572867e-06,7.412999947235988e-06,7.41300433960519e-06,7.413008729734524e-06,7.413013117642449e-06,7.413017503378002e-06,7.413021886985402e-06,7.413026268490412e-06,7.413030647937379e-06,7.413035025362499e-06,7.413039400800698e-06,7.41304377428546e-06,7.413048145856026e-06,7.413052515541679e-06,7.41305688337663e-06,7.4130612493924665e-06,7.4130656136213706e-06,7.413069976080724e-06,7.413074336833283e-06,7.413078695894883e-06,7.413083053290042e-06,7.4130874090501805e-06,7.413091763204464e-06,7.413096115790019e-06,7.4131004668160044e-06,7.413104816318744e-06,7.413109164327215e-06,7.413113510864328e-06,7.413117855954909e-06,7.413122199625815e-06,7.413126541901754e-06,7.413130882806728e-06,7.413135222365129e-06,7.413139560600084e-06,7.413143897541647e-06,7.413148233198247e-06,7.413152567599098e-06,7.413156900766391e-06,7.413161232720652e-06,7.4131655634832816e-06,7.41316989307476e-06,7.413174221515188e-06,7.413178548824889e-06,7.413182875023087e-06,7.413187200128615e-06,7.4131915241608335e-06,7.413195847139111e-06,7.4132001690791846e-06,7.413204489999971e-06,7.413208809917766e-06,7.413213128852288e-06,7.4132174468194175e-06,7.413221763840923e-06,7.4132260799213566e-06,7.4132303950826686e-06,7.413234709337032e-06,7.413239022706884e-06,7.413243335203713e-06,7.413247646842363e-06,7.413251957637681e-06,7.413256267602152e-06,7.413260576752431e-06,7.413264885105476e-06,7.413269192662985e-06,7.4132734994487305e-06,7.413277805472645e-06,7.41328211074769e-06,7.41328641528631e-06,7.413290719100705e-06,7.413295022203272e-06,7.413299324607561e-06,7.413303626321503e-06,7.4133079273581445e-06,7.4133122277294845e-06,7.41331652744643e-06,7.413320826519719e-06,7.4133251249594045e-06,7.4133294227761135e-06,7.413333719980177e-06,7.413338016566449e-06,7.41334231257387e-06,7.413346608001491e-06,7.413350902853005e-06,7.413355197142978e-06,7.413359490876191e-06,7.4133637840654595e-06,7.4133680767199465e-06,7.413372368844646e-06,7.4133766604415274e-06,7.413380951535966e-06,7.413385242117264e-06,7.413389532214276e-06,7.41339382182439e-06,7.413398110957528e-06,7.413402399617588e-06,7.413406687815161e-06,7.413410975553803e-06,7.413415262838022e-06,7.41341954968694e-06,7.413423836100335e-06,7.413428122078221e-06,7.413432407641941e-06,7.413436692790075e-06,7.413440977529667e-06,7.413445261868781e-06,7.41344954581189e-06,7.4134538293719325e-06,7.413458112550353e-06,7.413462395343061e-06,7.413466677763549e-06,7.413470959817785e-06,7.413475241514509e-06,7.413479522854916e-06,7.413483803844292e-06,7.4134880844728864e-06,7.413492364779273e-06,7.4134966447508485e-06,7.413500924394767e-06,7.413505203714481e-06,7.413509482715784e-06,7.413513761402294e-06,7.413518039778827e-06,7.413522317848706e-06,7.4135265956169435e-06,7.413530873096244e-06,7.413535150279919e-06,7.413539427174398e-06,7.413543703787183e-06,7.413547980120994e-06,7.413552256178549e-06,7.413556531965495e-06,7.413560807484311e-06,7.4135650827485465e-06,7.413569357745547e-06,7.413573632486289e-06,7.413577906967151e-06,7.413582181205335e-06,7.413586455198783e-06,7.413590728949873e-06,7.413595002462791e-06,7.4135992757416795e-06,7.413603548788214e-06,7.4136078216048475e-06,7.413612094195905e-06,7.413616366562222e-06,7.413620638710945e-06,7.413624910643566e-06,7.413629182361649e-06,7.413633453868749e-06,7.413637725165229e-06,7.413641996260451e-06,7.4136462671492e-06,7.413650537837558e-06,7.413654808330894e-06,7.413659078628334e-06,7.413663348734622e-06,7.4136676186317145e-06,7.413671888359784e-06,7.4136761578978215e-06,7.4136804272587695e-06,7.413684696436764e-06,7.41368896543593e-06,7.413693234259285e-06,7.4136975029095926e-06,7.413701771388928e-06,7.413706039698123e-06,7.413710307840731e-06,7.413714575796695e-06,7.413718843607219e-06,7.413723111247484e-06,7.4137273787344376e-06,7.413731646059877e-06,7.41373591322622e-06,7.413740180248652e-06,7.413744447118826e-06,7.413748713853352e-06,7.413752980422273e-06,7.413757246843832e-06,7.4137615131027134e-06,7.413765779233467e-06,7.413770045224182e-06,7.41377431107289e-06,7.41377857677678e-06,7.413782842350114e-06,7.413787107777213e-06,7.41379137308681e-06,7.413795638251728e-06,7.413799903284496e-06,7.413804168185984e-06,7.413808432978699e-06,7.413812697622511e-06,7.413816962135297e-06,7.41382122652747e-06,7.413825490799711e-06,7.413829754943414e-06,7.413834018965171e-06,7.4138382828684745e-06,7.413842546650034e-06,7.413846810312057e-06,7.413851073855812e-06,7.413855337291939e-06,7.413859600605667e-06,7.413863863804763e-06,7.413868126885352e-06,7.413872389859263e-06,7.413876652725202e-06,7.41388091547451e-06,7.413885178119227e-06,7.413889440655792e-06,7.413893703081552e-06,7.413897965403163e-06,7.413902227617632e-06,7.4139064897348125e-06,7.4139107517432985e-06,7.41391501364742e-06,7.413919275452405e-06,7.413923537155252e-06,7.413927798758799e-06,7.4139320602677235e-06,7.413936321669247e-06,7.413940582988734e-06,7.413944844194416e-06,7.413949105306963e-06,7.413953366321944e-06,7.413957627242729e-06,7.4139618880641326e-06,7.4139661487932185e-06,7.413970409433473e-06,7.413974669988133e-06,7.413978930469227e-06,7.4139831908350626e-06,7.413987451107851e-06,7.413991711292842e-06,7.413995971385526e-06,7.414000231400584e-06,7.414004491318197e-06,7.4140087511415805e-06,7.414013010884228e-06,7.4140172705391465e-06,7.414021530106278e-06,7.4140257895937785e-06,7.414030048995856e-06,7.414034308313604e-06,7.414038567552641e-06,7.414042826703298e-06,7.414047085770069e-06,7.4140513447476256e-06,7.414055603651276e-06,7.414059862472347e-06,7.414064121217069e-06,7.41406837987869e-06,7.414072638459982e-06,7.414076896959983e-06,7.4140811553797116e-06,7.414085413722209e-06,7.414089671979428e-06,7.414093930164412e-06,7.41409818827108e-06,7.414102446299774e-06,7.414106704254581e-06,7.414110962131995e-06,7.414115219934127e-06,7.414119477654979e-06,7.414123735302465e-06,7.4141279928881155e-06,7.414132250383901e-06,7.414136507809251e-06,7.414140765158762e-06,7.4141450224522825e-06,7.414149279654792e-06,7.414153536782719e-06,7.4141577938387276e-06,7.414162050829274e-06,7.4141663077409945e-06,7.414170564579571e-06,7.41417482134944e-06,7.414179078045447e-06,7.414183334669467e-06,7.41418759122114e-06,7.414191847703758e-06,7.414196104115436e-06,7.414200360458127e-06,7.4142046167304735e-06,7.414208872932632e-06,7.414213129066015e-06,7.41421738512387e-06,7.414221641118317e-06,7.414225897039909e-06,7.414230152898006e-06,7.414234408685423e-06,7.414238664404576e-06,7.4142429200570984e-06,7.414247175652672e-06,7.414251431171203e-06,7.414255686620142e-06,7.414259941999752e-06,7.414264197312058e-06,7.414268452559656e-06,7.41427270773281e-06,7.414276962847862e-06,7.414281217897443e-06,7.414285472891485e-06,7.414289727808977e-06,7.414293982661202e-06,7.414298237443777e-06,7.41430249215932e-06,7.4143067468138725e-06,7.414311001404988e-06,7.414315255930111e-06,7.414319510389793e-06,7.41432376478654e-06,7.414328019118619e-06,7.414332273386036e-06,7.414336527588633e-06,7.414340781725823e-06,7.414345035800155e-06,7.414349289810919e-06,7.4143535437580626e-06,7.414357797641534e-06,7.414362051461247e-06,7.414366305216996e-06,7.414370558914263e-06,7.414374812534988e-06,7.41437906610302e-06,7.4143833196069184e-06,7.414387573048013e-06,7.414391826405243e-06,7.4143960797205264e-06,7.414400332975297e-06,7.414404586181204e-06,7.414408839311257e-06,7.414413092377718e-06,7.414417345382227e-06,7.414421598343292e-06,7.4144258512260125e-06,7.414430104044833e-06,7.414434356807562e-06,7.4144386095050335e-06,7.414442862156212e-06,7.4144471147306745e-06,7.414451367269407e-06,7.414455619720915e-06,7.4144598721117194e-06,7.414464124460328e-06,7.414468376728982e-06,7.414472628941556e-06,7.4144768810834745e-06,7.414481133183112e-06,7.414485385207709e-06,7.414489637172755e-06,7.414493889077092e-06,7.414498140935371e-06,7.414502392714272e-06,7.414506644435966e-06,7.414510896099291e-06,7.414515147698826e-06,7.414519399241504e-06,7.414523650724474e-06,7.414527902143861e-06,7.4145321535058125e-06,7.414536404814187e-06,7.414540656065312e-06,7.4145449072486205e-06,7.414549158372511e-06,7.414553409437105e-06,7.4145576604419296e-06,7.414561911381802e-06,7.41456616226567e-06,7.4145704130916924e-06,7.414574663857562e-06,7.414578914564384e-06,7.4145831652127805e-06,7.414587415803991e-06,7.4145916663318e-06,7.414595916819961e-06,7.4146001672313785e-06,7.414604417582547e-06,7.414608667872488e-06,7.414612918103626e-06,7.414617168273277e-06,7.414621418389973e-06,7.414625668444561e-06,7.4146299184435e-06,7.414634168382991e-06,7.414638418261232e-06,7.414642668084159e-06,7.414646917848002e-06,7.414651167562025e-06,7.414655417209163e-06,7.4146596667960165e-06,7.414663916341444e-06,7.414668165812664e-06,7.414672415222693e-06,7.41467666457584e-06,7.414680913868532e-06,7.414685163106907e-06,7.414689412285896e-06,7.41469366141344e-06,7.414697910474116e-06,7.414702159474592e-06,7.414706408420351e-06,7.414710657306323e-06,7.414714906144037e-06,7.414719154921454e-06,7.414723403633709e-06,7.414727652288154e-06,7.414731900885586e-06,7.41473614942374e-06,7.4147403979040334e-06,7.414744646326968e-06,7.414748894687983e-06,7.4147531429972875e-06,7.4147573912435455e-06,7.414761639434105e-06,7.414765887566906e-06,7.414770135645762e-06,7.414774383662726e-06,7.414778631624427e-06,7.41478287952727e-06,7.414787127371469e-06,7.41479137515869e-06,7.414795622908473e-06,7.414799870580422e-06,7.4148041182042565e-06,7.414808365760653e-06,7.414812613259163e-06,7.4148168607001095e-06,7.414821108084367e-06,7.414825355410554e-06,7.4148296026789225e-06,7.4148338498896396e-06,7.414838097042878e-06,7.4148423441363655e-06,7.41484659117541e-06,7.41485083816003e-06,7.414855085080087e-06,7.414859331944981e-06,7.414863578752181e-06,7.414867825500549e-06,7.414872072205808e-06,7.414876318838559e-06,7.414880565416729e-06,7.414884811931368e-06,7.414889058395478e-06,7.414893304819218e-06,7.414897551187197e-06,7.41490179747731e-06,7.414906043711916e-06,7.41491028988067e-06,7.414914535999972e-06,7.414918782052664e-06,7.4149230280704545e-06,7.4149272740337166e-06,7.4149315199257024e-06,7.414935765759753e-06,7.4149400115355005e-06,7.414944257268953e-06,7.41494850292858e-06,7.414952748524632e-06,7.414956994071571e-06,7.414961239560591e-06,7.414965484993643e-06,7.414969730374107e-06,7.414973975692393e-06,7.414978220955141e-06,7.414982466187951e-06,7.414986711329177e-06,7.414990956421079e-06,7.4149952014577154e-06,7.414999446433404e-06,7.415003691352051e-06,7.415007936216325e-06,7.415012181036769e-06,7.415016425789564e-06,7.415020670481121e-06,7.4150249151194935e-06,7.415029159696649e-06,7.415033404217701e-06,7.415037648682151e-06,7.41504189308936e-06,7.415046137440911e-06,7.4150503817337235e-06,7.415054625972347e-06,7.415058870177286e-06,7.415063114298148e-06,7.415067358365204e-06,7.415071602369065e-06,7.415075846301723e-06,7.415080090194589e-06,7.415084334032266e-06,7.415088577829397e-06,7.415092821544225e-06,7.415097065210827e-06,7.4151013088202706e-06,7.415105552369434e-06,7.415109795861119e-06,7.415114039299039e-06,7.4151182826806236e-06,7.4151225260063215e-06,7.415126769273734e-06,7.415131012485419e-06,7.415135255655483e-06,7.415139498753335e-06,7.415143741793247e-06,7.415147984776145e-06,7.415152227703268e-06,7.415156470587037e-06,7.415160713383929e-06,7.415164956143266e-06,7.415169198843449e-06,7.4151734414859685e-06,7.415177684072799e-06,7.415181926600244e-06,7.415186169072281e-06,7.415190411491812e-06,7.415194653853236e-06,7.4151988961549824e-06,7.415203138399611e-06,7.415207380588421e-06,7.415211622738407e-06,7.415215864827775e-06,7.4152201068410085e-06,7.415224348802556e-06,7.415228590708562e-06,7.4152328325691785e-06,7.415237074362569e-06,7.415241316091045e-06,7.415245557768436e-06,7.415249799382916e-06,7.415254040945672e-06,7.415258282452118e-06,7.415262523902871e-06,7.415266765294542e-06,7.4152710066281165e-06,7.415275247906012e-06,7.415279489129813e-06,7.415283730297253e-06,7.415287971408116e-06,7.415292212462124e-06,7.415296453492263e-06,7.415300694432019e-06,7.4153049353137255e-06,7.415309176140885e-06,7.415313416911319e-06,7.415317657610499e-06,7.415321898265138e-06,7.415326138865045e-06,7.415330379406956e-06,7.4153346198955335e-06,7.4153388603222985e-06,7.415343100706808e-06,7.415347341022145e-06,7.4153515812820634e-06,7.415355821484975e-06,7.415360061629337e-06,7.415364301715587e-06,7.41536854174736e-06,7.415372781725809e-06,7.41537702164433e-06,7.415381261507684e-06,7.415385501303839e-06,7.415389741058545e-06,7.415393980751469e-06,7.415398220394567e-06,7.415402459975543e-06,7.415406699501766e-06,7.415410938967964e-06,7.415415178377547e-06,7.415419417732444e-06,7.415423657031979e-06,7.415427896271359e-06,7.415432135453253e-06,7.415436374578986e-06,7.41544061364893e-06,7.415444852659914e-06,7.415449091615055e-06,7.415453330505423e-06,7.4154575693476555e-06,7.415461808134157e-06,7.415466046863459e-06,7.415470285536336e-06,7.415474524151639e-06,7.415478762711929e-06,7.415483001213024e-06,7.415487239674291e-06,7.41549147806705e-06,7.415495716398473e-06,7.41549995467391e-06,7.415504192894271e-06,7.415508431058313e-06,7.415512669164285e-06,7.415516907213448e-06,7.415521145205819e-06,7.415525383132388e-06,7.415529621014529e-06,7.415533858838639e-06,7.415538096624227e-06,7.415542334334249e-06,7.415546571989762e-06,7.4155508095907025e-06,7.4155550471195365e-06,7.415559284620012e-06,7.41556352204558e-06,7.415567759410158e-06,7.415571996710369e-06,7.41557623396813e-06,7.415580471164081e-06,7.415584708307699e-06,7.415588945395752e-06,7.41559318242631e-06,7.415597419400254e-06,7.415601656324985e-06,7.415605893186807e-06,7.415610129968489e-06,7.4156143667161736e-06,7.415618603408e-06,7.41562284004128e-06,7.415627076620454e-06,7.415631313157261e-06,7.415635549619395e-06,7.4156397860274505e-06,7.415644022380658e-06,7.4156482586766295e-06,7.415652494915424e-06,7.415656731097452e-06,7.415660967223718e-06,7.415665203292026e-06,7.415669439305047e-06,7.415673675260379e-06,7.415677911157823e-06,7.415682147014178e-06,7.4156863827995e-06,7.415690618529586e-06,7.415694854190502e-06,7.415699089806932e-06,7.415703325366638e-06,7.415707560871102e-06,7.41571179631899e-06,7.415716031702755e-06,7.4157202670421085e-06,7.415724502309216e-06,7.41572873753041e-06,7.415732972714296e-06,7.415737207836359e-06,7.415741442893777e-06,7.415745677887163e-06,7.415749912825146e-06,7.415754147723124e-06,7.4157583825490055e-06,7.415762617318059e-06,7.415766852031913e-06,7.415771086687563e-06,7.415775321285658e-06,7.415779555829068e-06,7.41578379031853e-06,7.4157880247477064e-06,7.4157922591208676e-06,7.415796493437178e-06,7.415800727696761e-06,7.415804961900116e-06,7.415809196040297e-06,7.415813430128372e-06,7.415817664184411e-06,7.4158218981616925e-06,7.415826132081879e-06,7.415830365941668e-06,7.415834599748649e-06,7.415838833499557e-06,7.415843067193909e-06,7.4158473008385095e-06,7.415851534420005e-06,7.415855767940656e-06,7.415860001417825e-06,7.4158642348299424e-06,7.415868468185092e-06,7.415872701483443e-06,7.415876934725331e-06,7.4158811679094106e-06,7.415885401038751e-06,7.415889634107993e-06,7.415893867123577e-06,7.4158981000824814e-06,7.415902332978331e-06,7.415906565831399e-06,7.415910798621078e-06,7.415915031336374e-06,7.415919264004866e-06,7.4159234966238755e-06,7.415927729187766e-06,7.415931961695149e-06,7.415936194144501e-06,7.415940426534845e-06,7.415944658872506e-06,7.415948891153304e-06,7.415953123370682e-06,7.415957355538264e-06,7.415961587648769e-06,7.415965819704456e-06,7.415970051702913e-06,7.415974283645828e-06,7.415978515531162e-06,7.415982747359861e-06,7.415986979131574e-06,7.41599121084509e-06,7.415995442503493e-06,7.415999674106062e-06,7.4160039056420864e-06,7.416008137131744e-06,7.416012368561431e-06,7.416016599932033e-06,7.416020831255458e-06,7.416025062519365e-06,7.416029293726793e-06,7.4160335248769475e-06,7.416037755971152e-06,7.416041987009246e-06,7.416046217991332e-06,7.4160504489152494e-06,7.416054679796809e-06,7.416058910603753e-06,7.416063141384179e-06,7.4160673720825246e-06,7.416071602755131e-06,7.416075833339478e-06,7.4160800638682336e-06,7.416084294342719e-06,7.416088524757757e-06,7.416092755117024e-06,7.416096985421506e-06,7.416101215669207e-06,7.416105445859936e-06,7.41610967601014e-06,7.416113906112383e-06,7.4161181361208595e-06,7.4161223660850295e-06,7.416126595995112e-06,7.416130825846596e-06,7.416135055642803e-06,7.416139285375661e-06,7.416143515057323e-06,7.41614774470255e-06,7.416151974270659e-06,7.416156203782734e-06,7.4161604332410946e-06,7.4161646626563e-06,7.4161688919879065e-06,7.416173121278058e-06,7.41617735051161e-06,7.416181579682723e-06,7.416185808794315e-06,7.416190037853726e-06,7.416194266858212e-06,7.416198495806025e-06,7.416202724696971e-06,7.416206953531729e-06,7.4162111823117415e-06,7.416215411033172e-06,7.416219639697239e-06,7.4162238683064345e-06,7.416228096857304e-06,7.416232325352667e-06,7.4162365537919125e-06,7.416240782174239e-06,7.416245010501128e-06,7.416249238769725e-06,7.416253466983626e-06,7.41625769514097e-06,7.416261923256886e-06,7.4162661513011306e-06,7.416270379292457e-06,7.416274607223339e-06,7.41627883509466e-06,7.4162830629117854e-06,7.416287290673474e-06,7.416291518378846e-06,7.4162957460274685e-06,7.416299973620303e-06,7.416304201155964e-06,7.4163084286351054e-06,7.416312656057849e-06,7.4163168834278905e-06,7.416321110751309e-06,7.416325338004779e-06,7.416329565200141e-06,7.416333792342373e-06,7.4163380194250526e-06,7.416342246452813e-06,7.41634647343852e-06,7.416350700354003e-06,7.41635492721393e-06,7.41635915401733e-06,7.416363380762602e-06,7.4163676074508136e-06,7.416371834096249e-06,7.416376060670772e-06,7.4163802871885775e-06,7.416384513651294e-06,7.416388740059387e-06,7.41639296641827e-06,7.416397192712014e-06,7.416401418948108e-06,7.4164056451261764e-06,7.416409871252084e-06,7.41641409731029e-06,7.416418323320678e-06,7.416422549275462e-06,7.416426775173655e-06,7.416431001015578e-06,7.4164352268008175e-06,7.416439452533313e-06,7.416443678225332e-06,7.4164479038415625e-06,7.416452129394254e-06,7.416456354896611e-06,7.41646058034518e-06,7.416464805728613e-06,7.41646903106135e-06,7.4164732563346174e-06,7.4164774815552725e-06,7.416481706720214e-06,7.416485931828331e-06,7.41649015687996e-06,7.41649438187495e-06,7.4164986068018805e-06,7.416502831684137e-06,7.4165070565092915e-06,7.416511281262145e-06,7.4165155059662485e-06,7.416519730621912e-06,7.4165239552219224e-06,7.416528179765471e-06,7.416532404253202e-06,7.416536628700721e-06,7.4165408530752164e-06,7.416545077392763e-06,7.4165493016543855e-06,7.416553525859281e-06,7.416557750000052e-06,7.416561974088935e-06,7.416566198124758e-06,7.416570422102646e-06,7.416574646027381e-06,7.416578869893884e-06,7.416583093705257e-06,7.416587317454425e-06,7.416591541151552e-06,7.416595764788694e-06,7.4165999883737616e-06,7.416604211901242e-06,7.416608435373048e-06,7.416612658788033e-06,7.4166168821462854e-06,7.416621105471205e-06,7.4166253287158824e-06,7.416629551904143e-06,7.4166337750366855e-06,7.416637998111762e-06,7.416642221134648e-06,7.416646444098024e-06,7.416650667011815e-06,7.416654889857748e-06,7.416659112657647e-06,7.416663335394491e-06,7.41666755807635e-06,7.416671780701614e-06,7.416676003268056e-06,7.416680225780332e-06,7.416684448257022e-06,7.416688670656565e-06,7.416692892999705e-06,7.416697115288182e-06,7.416701337519e-06,7.416705559692742e-06,7.416709781805758e-06,7.416714003866316e-06,7.4167182258686975e-06,7.41672244781761e-06,7.416726669708108e-06,7.416730891543486e-06,7.4167351133252465e-06,7.41673933506242e-06,7.416743556728866e-06,7.416747778339634e-06,7.4167519998929e-06,7.41675622140553e-06,7.41676044284608e-06,7.416764664225654e-06,7.416768885552228e-06,7.416773106825188e-06,7.416777328040072e-06,7.416781549200298e-06,7.416785770300405e-06,7.416789991346403e-06,7.416794212337526e-06,7.416798433270111e-06,7.416802654145848e-06,7.41680687496288e-06,7.416811095725471e-06,7.41681531643235e-06,7.4168195370861415e-06,7.4168237576836695e-06,7.416827978235666e-06,7.4168321987142326e-06,7.416836419137855e-06,7.416840639507504e-06,7.41684485981944e-06,7.4168490800700674e-06,7.4168533002690385e-06,7.41685752042783e-06,7.416861740516699e-06,7.41686596054657e-06,7.416870180520302e-06,7.4168744004368754e-06,7.416878620296482e-06,7.416882840116228e-06,7.416887059855061e-06,7.416891279547909e-06,7.416895499175931e-06,7.416899718757087e-06,7.416903938280176e-06,7.4169081577467035e-06,7.416912377156998e-06,7.4169165965087675e-06,7.4169208158068276e-06,7.416925035064723e-06,7.4169292542462135e-06,7.4169334733745265e-06,7.416937692447463e-06,7.416941911462446e-06,7.416946130421727e-06,7.416950349336567e-06,7.416954568181655e-06,7.416958786970009e-06,7.416963005704134e-06,7.416967224381333e-06,7.416971443001557e-06,7.416975661565828e-06,7.416979880073655e-06,7.416984098526032e-06,7.416988316911932e-06,7.416992535250912e-06,7.416996753538433e-06,7.417000971764428e-06,7.417005189934312e-06,7.417009408052139e-06,7.4170136261128e-06,7.417017844129133e-06,7.417022062073497e-06,7.41702627996136e-06,7.4170304977927325e-06,7.41703471556688e-06,7.417038933286042e-06,7.4170431509477345e-06,7.417047368549476e-06,7.417051586098912e-06,7.4170558035923975e-06,7.417060021029416e-06,7.417064238409586e-06,7.417068455732814e-06,7.4170726730008665e-06,7.417076890227771e-06,7.417081107381715e-06,7.4170853244798935e-06,7.41708954150486e-06,7.417093758490651e-06,7.4170979754202025e-06,7.417102192288087e-06,7.41710640910488e-06,7.417110625868618e-06,7.417114842573105e-06,7.417119059219801e-06,7.417123275810973e-06,7.417127492345003e-06,7.417131708823652e-06,7.417135925246238e-06,7.417140141600747e-06,7.417144357909075e-06,7.417148574165708e-06,7.4171527903657395e-06,7.4171570065199325e-06,7.417161222615134e-06,7.417165438643717e-06,7.417169654618115e-06,7.4171738705321054e-06,7.417178086395047e-06,7.417182302205811e-06,7.4171865179568135e-06,7.4171907336406416e-06,7.417194949284643e-06,7.4171991648668025e-06,7.41720338039493e-06,7.417207595861407e-06,7.4172118112685786e-06,7.417216026619103e-06,7.417220241913148e-06,7.417224457152223e-06,7.4172286723355484e-06,7.417232887475437e-06,7.417237102545522e-06,7.417241317559233e-06,7.417245532515452e-06,7.417249747428463e-06,7.417253962272617e-06,7.4172581770609266e-06,7.417262391796816e-06,7.417266606468229e-06,7.417270821088236e-06,7.417275035651224e-06,7.4172792501585875e-06,7.417283464609066e-06,7.417287679002271e-06,7.417291893340574e-06,7.4172961076208435e-06,7.417300321845525e-06,7.417304536014233e-06,7.417308750126218e-06,7.417312964181901e-06,7.417317178181678e-06,7.417321392125449e-06,7.4173256060126005e-06,7.41732981984297e-06,7.417334033620798e-06,7.417338247339456e-06,7.417342461004587e-06,7.417346674606093e-06,7.417350888155493e-06,7.4173551016510295e-06,7.417359315087581e-06,7.4173635284709725e-06,7.417367741792956e-06,7.4173719550609325e-06,7.417376168271644e-06,7.417380381418385e-06,7.417384594514911e-06,7.417388807546424e-06,7.4173930205379625e-06,7.417397233466024e-06,7.4174014463463245e-06,7.417405659163008e-06,7.417409871923052e-06,7.41741408462682e-06,7.417418297276384e-06,7.417422509867839e-06,7.4174267224024945e-06,7.417430934880992e-06,7.417435147302905e-06,7.417439359669313e-06,7.417443571979367e-06,7.417447784232513e-06,7.4174519964298155e-06,7.417456208572452e-06,7.417460420657028e-06,7.417464632680352e-06,7.417468844648098e-06,7.417473056563594e-06,7.41747726842299e-06,7.417481480226065e-06,7.417485691972607e-06,7.417489903659844e-06,7.417494115294525e-06,7.417498326866895e-06,7.417502538385693e-06,7.4175067498495626e-06,7.4175109612584e-06,7.4175151726124185e-06,7.417519383908866e-06,7.417523595148889e-06,7.4175278063325705e-06,7.417532017459145e-06,7.417536228530369e-06,7.4175404395454684e-06,7.417544650507555e-06,7.417548861411462e-06,7.417553072256818e-06,7.417557283046354e-06,7.417561493778552e-06,7.41756570445512e-06,7.41756991507556e-06,7.417574125642951e-06,7.417578336153903e-06,7.417582546610506e-06,7.417586757006064e-06,7.417590967344346e-06,7.4175951776285295e-06,7.417599387850694e-06,7.41760359801668e-06,7.4176078081309135e-06,7.4176120181814956e-06,7.4176162281833385e-06,7.417620438127634e-06,7.4176246480158145e-06,7.417628857848296e-06,7.417633067619971e-06,7.417637277339442e-06,7.417641487002896e-06,7.417645696605959e-06,7.417649906156171e-06,7.41765411565112e-06,7.4176583250894565e-06,7.4176625344719845e-06,7.417666743799783e-06,7.417670953069042e-06,7.417675162285868e-06,7.417679371442914e-06,7.417683580543618e-06,7.4176877895864354e-06,7.4176919985908785e-06,7.417696207522528e-06,7.417700416384981e-06,7.417704625200204e-06,7.417708833952507e-06,7.417713042661031e-06,7.417717251311081e-06,7.417721459905473e-06,7.417725668443431e-06,7.417729876905862e-06,7.417734085331129e-06,7.417738293709989e-06,7.417742502022601e-06,7.417746710278667e-06,7.41775091847894e-06,7.417755126623614e-06,7.417759334711273e-06,7.417763542742053e-06,7.417767750711959e-06,7.4177719586306055e-06,7.417776166488544e-06,7.417780374294517e-06,7.4177845820436075e-06,7.417788789736155e-06,7.417792997373393e-06,7.417797204955202e-06,7.417801412482393e-06,7.417805619948886e-06,7.417809827361979e-06,7.417814034718212e-06,7.417818242018279e-06,7.417822449261972e-06,7.417826656462607e-06,7.417830863593325e-06,7.417835070668488e-06,7.417839277687089e-06,7.417843484649957e-06,7.417847691556251e-06,7.417851898405222e-06,7.417856105198616e-06,7.417860311936029e-06,7.417864518615392e-06,7.417868725258508e-06,7.417872931825625e-06,7.417877138334025e-06,7.417881344789789e-06,7.4178855511897036e-06,7.417889757533278e-06,7.417893963819254e-06,7.417898170065443e-06,7.41790237623964e-06,7.4179065823585195e-06,7.417910788420982e-06,7.417914994426491e-06,7.4179192003766696e-06,7.417923406270123e-06,7.417927612123834e-06,7.417931817907791e-06,7.4179360236280475e-06,7.4179402292814545e-06,7.417944434893397e-06,7.4179486404385335e-06,7.417952845937991e-06,7.4179570513810786e-06,7.417961256770835e-06,7.417965462100318e-06,7.417969667375036e-06,7.417973872593134e-06,7.417978077753448e-06,7.417982282858551e-06,7.417986487907921e-06,7.4179906929009395e-06,7.4179948978353155e-06,7.4179991027152205e-06,7.418003307540586e-06,7.418007512310736e-06,7.418011717021877e-06,7.418015921676342e-06,7.418020126279759e-06,7.418024330823218e-06,7.418028535309689e-06,7.418032739735354e-06,7.418036944110009e-06,7.418041148426957e-06,7.41804535268876e-06,7.4180495568954025e-06,7.418053761045492e-06,7.418057965139205e-06,7.418062169178957e-06,7.4180663731600105e-06,7.418070577079742e-06,7.418074780930991e-06,7.418078984743333e-06,7.418083188499158e-06,7.4180873921984575e-06,7.418091595841278e-06,7.418095799430228e-06,7.418100002973767e-06,7.418104206452395e-06,7.418108409871185e-06,7.418112613233174e-06,7.418116816538674e-06,7.418121019788711e-06,7.418125222986307e-06,7.418129426123916e-06,7.418133629204924e-06,7.418137832226095e-06,7.418142035194408e-06,7.418146238107278e-06,7.418150440962414e-06,7.418154643761225e-06,7.4181588465075815e-06,7.418163049196018e-06,7.418167251816833e-06,7.418171454392411e-06,7.418175656911609e-06,7.418179859374325e-06,7.418184061780299e-06,7.418188264130898e-06,7.41819246642161e-06,7.4181966686619535e-06,7.418200870844021e-06,7.418205072955888e-06,7.418209275024016e-06,7.418213477036867e-06,7.418217678995899e-06,7.418221880897298e-06,7.41822608273993e-06,7.4182302845282704e-06,7.418234486260346e-06,7.4182386879307586e-06,7.418242889550255e-06,7.418247091117056e-06,7.418251292626207e-06,7.418255494079075e-06,7.4182596954741155e-06,7.418263896812571e-06,7.418268098095654e-06,7.4182722993034345e-06,7.418276500475677e-06,7.418280701588744e-06,7.418284902649e-06,7.41828910364996e-06,7.418293304595529e-06,7.4182975054752206e-06,7.418301706312542e-06,7.418305907089058e-06,7.418310107810762e-06,7.41831430847496e-06,7.4183185090850005e-06,7.4183227096364105e-06,7.418326910132073e-06,7.4183311105714205e-06,7.418335310954704e-06,7.418339511270707e-06,7.418343711524181e-06,7.418347911735558e-06,7.418352111893507e-06,7.418356311995739e-06,7.418360512044954e-06,7.418364712058206e-06,7.418368911990775e-06,7.418373111864111e-06,7.418377311678326e-06,7.4183815114421575e-06,7.418385711150645e-06,7.418389910803473e-06,7.418394110398712e-06,7.418398309938738e-06,7.418402509439223e-06,7.418406708867261e-06,7.41841090824076e-06,7.418415107555885e-06,7.418419306815172e-06,7.418423506020462e-06,7.418427705166603e-06,7.418431904256797e-06,7.418436103282855e-06,7.418440302255748e-06,7.418444501170529e-06,7.418448700032577e-06,7.41845289884213e-06,7.4184570975957165e-06,7.418461296290671e-06,7.41846549494642e-06,7.418469693531942e-06,7.418473892060268e-06,7.41847809053246e-06,7.4184822889492354e-06,7.418486487311206e-06,7.418490685615265e-06,7.418494883863351e-06,7.418499082075147e-06,7.418503280208549e-06,7.41850747828796e-06,7.418511676314777e-06,7.418515874281622e-06,7.418520072192636e-06,7.4185242700471505e-06,7.418528467849226e-06,7.418532665578037e-06,7.418536863260343e-06,7.418541060893798e-06,7.418545258466514e-06,7.418549455983953e-06,7.418553653450123e-06,7.418557850869678e-06,7.418562048233479e-06,7.418566245530072e-06,7.41857044276705e-06,7.418574639947136e-06,7.4185788370708465e-06,7.418583034144173e-06,7.418587231156447e-06,7.418591428112514e-06,7.418595625012322e-06,7.4185998218607715e-06,7.418604018648434e-06,7.418608215381925e-06,7.418612412060807e-06,7.418616608679143e-06,7.41862080524171e-06,7.4186250017479885e-06,7.418629198200507e-06,7.418633394594616e-06,7.418637590934848e-06,7.418641787204274e-06,7.4186459834310034e-06,7.41865017959507e-06,7.418654375704825e-06,7.418658571762697e-06,7.418662767764129e-06,7.418666963709617e-06,7.4186711595992384e-06,7.418675355433898e-06,7.418679551235265e-06,7.418683746955985e-06,7.418687942620105e-06,7.418692138229953e-06,7.418696333780792e-06,7.418700529275877e-06,7.41870472473553e-06,7.418708920121102e-06,7.418713115452121e-06,7.4187173107249926e-06,7.418721505940085e-06,7.418725701099049e-06,7.41872989620185e-06,7.418734091248566e-06,7.418738286239127e-06,7.41874248117074e-06,7.41874667604338e-06,7.418750870851542e-06,7.418755065618164e-06,7.418759260327655e-06,7.418763454981334e-06,7.418767649579415e-06,7.418771844121031e-06,7.418776038606272e-06,7.418780233038473e-06,7.418784427411208e-06,7.418788621722264e-06,7.4187928159828885e-06,7.418797010187219e-06,7.418801204339117e-06,7.418805398422425e-06,7.418809592452652e-06,7.418813786432272e-06,7.418817980355647e-06,7.4188221742226775e-06,7.418826368019731e-06,7.418830561775228e-06,7.418834755475948e-06,7.4188389491218395e-06,7.418843142708843e-06,7.418847336239792e-06,7.418851529713711e-06,7.418855723138307e-06,7.418859916500548e-06,7.418864109825301e-06,7.418868303066596e-06,7.418872496260778e-06,7.418876689398189e-06,7.418880882474975e-06,7.418885075500658e-06,7.418889268465952e-06,7.418893461374874e-06,7.41889765423402e-06,7.418901847037234e-06,7.418906039781799e-06,7.418910232471039e-06,7.418914425103912e-06,7.418918617680514e-06,7.418922810204694e-06,7.41892700266896e-06,7.418931195077814e-06,7.418935387432132e-06,7.418939579735148e-06,7.418943771975635e-06,7.4189479641552105e-06,7.418952156283029e-06,7.418956348354357e-06,7.418960540370095e-06,7.418964732329726e-06,7.418968924232974e-06,7.418973116099757e-06,7.418977307880159e-06,7.418981499614471e-06,7.418985691276416e-06,7.418989882892952e-06,7.418994074459712e-06,7.418998265971975e-06,7.419002457429719e-06,7.419006648828393e-06,7.419010840172328e-06,7.419015031459054e-06,7.41901922268866e-06,7.419023413861784e-06,7.419027604980808e-06,7.419031796041909e-06,7.419035987047277e-06,7.419040177995382e-06,7.4190443688926665e-06,7.41904855971892e-06,7.419052750493409e-06,7.419056941218903e-06,7.4190611319041945e-06,7.4190653225170315e-06,7.419069513069096e-06,7.419073703569253e-06,7.419077894018437e-06,7.419082084407126e-06,7.419086274732224e-06,7.419090465004536e-06,7.419094655228313e-06,7.41909884539254e-06,7.41910303549659e-06,7.419107225550842e-06,7.419111415536794e-06,7.419115605475497e-06,7.419119795359787e-06,7.4191239851864674e-06,7.4191281749579195e-06,7.419132364671874e-06,7.419136554332884e-06,7.419140743935168e-06,7.419144933487665e-06,7.419149122978623e-06,7.419153312415615e-06,7.419157501794356e-06,7.419161691116478e-06,7.419165880380332e-06,7.4191700695943145e-06,7.419174258754964e-06,7.419178447854109e-06,7.419182636896261e-06,7.4191868258755695e-06,7.41919101480535e-06,7.41919520367947e-06,7.4191993924864455e-06,7.4192035812480725e-06,7.419207769963408e-06,7.4192119586177695e-06,7.4192161472113486e-06,7.4192203357491666e-06,7.419224524229774e-06,7.419228712643585e-06,7.419232901014634e-06,7.419237089327976e-06,7.419241277586123e-06,7.419245465786968e-06,7.419249653932087e-06,7.419253842025747e-06,7.4192580300578395e-06,7.419262218034595e-06,7.419266405955526e-06,7.419270593822446e-06,7.419274781630032e-06,7.419278969387434e-06,7.419283157083266e-06,7.419287344722824e-06,7.419291532306887e-06,7.419295719837794e-06,7.419299907309423e-06,7.419304094747549e-06,7.4193082820880826e-06,7.419312469391814e-06,7.4193166566396426e-06,7.419320843831764e-06,7.419325030966711e-06,7.419329218049779e-06,7.419333405072604e-06,7.4193375920439104e-06,7.419341778954553e-06,7.419345965812106e-06,7.4193501526149324e-06,7.419354339356668e-06,7.419358526045113e-06,7.419362712674775e-06,7.419366899249592e-06,7.419371085768429e-06,7.419375272231594e-06,7.419379458632796e-06,7.41938364498372e-06,7.4193878312817054e-06,7.419392017520305e-06,7.419396203699874e-06,7.419400389826134e-06,7.419404575898253e-06,7.419408761912244e-06,7.4194129478634435e-06,7.419417133780523e-06,7.4194213196262805e-06,7.4194255053989594e-06,7.419429691133178e-06,7.419433876811054e-06,7.4194380624327185e-06,7.419442248024134e-06,7.4194464335336145e-06,7.419450618987511e-06,7.419454804385136e-06,7.4194589897458126e-06,7.4194631750307064e-06,7.419467360260452e-06,7.41947154543435e-06,7.419475730553621e-06,7.419479915606011e-06,7.419484100615051e-06,7.419488285580347e-06,7.4194924704696745e-06,7.4194966553041815e-06,7.419500840087023e-06,7.41950502481435e-06,7.419509209479716e-06,7.41951339409226e-06,7.419517578649475e-06,7.419521763151251e-06,7.419525947594347e-06,7.419530131987136e-06,7.419534316318487e-06,7.4195385005944665e-06,7.419542684815062e-06,7.41954686897987e-06,7.419551053087156e-06,7.4195552371393575e-06,7.419559421148724e-06,7.419563605083787e-06,7.4195677889675205e-06,7.41957197279765e-06,7.41957615655667e-06,7.41958034027289e-06,7.419584523927577e-06,7.419588707533582e-06,7.419592891081397e-06,7.419597074569709e-06,7.419601258005823e-06,7.419605441381681e-06,7.419609624705887e-06,7.419613807970817e-06,7.419617991181967e-06,7.419622174336867e-06,7.419626357436802e-06,7.419630540476389e-06,7.419634723463458e-06,7.419638906395248e-06,7.419643089270564e-06,7.419647272091493e-06,7.419651454855732e-06,7.419655637561501e-06,7.419659820211623e-06,7.419664002803709e-06,7.4196681853429505e-06,7.419672367826747e-06,7.419676550254277e-06,7.419680732629393e-06,7.4196849149373415e-06,7.419689097199262e-06,7.4196932794102114e-06,7.41969746156127e-06,7.419701643643016e-06,7.4197058256794065e-06,7.4197100076576456e-06,7.4197141895808384e-06,7.419718371454417e-06,7.419722553264176e-06,7.419726735021556e-06,7.41973091672261e-06,7.419735098359883e-06,7.419739279982192e-06,7.4197434615135996e-06,7.419747642988556e-06,7.419751824407333e-06,7.419756005771079e-06,7.419760187078071e-06,7.419764368338243e-06,7.419768549537055e-06,7.419772730668602e-06,7.419776911751418e-06,7.419781092778716e-06,7.419785273754552e-06,7.41978945467175e-06,7.419793635530806e-06,7.419797816333116e-06,7.419801997081232e-06,7.419806177771714e-06,7.419810358406569e-06,7.419814538985683e-06,7.4198187195105384e-06,7.419822899969643e-06,7.419827080380669e-06,7.419831260735854e-06,7.4198354410353744e-06,7.419839621277117e-06,7.419843801464013e-06,7.419847981594889e-06,7.419852161671785e-06,7.419856341692478e-06,7.419860521669082e-06,7.419864701575983e-06,7.419868881428904e-06,7.419873061216732e-06,7.419877240975132e-06,7.419881420657159e-06,7.419885600282721e-06,7.419889779856354e-06,7.41989395937214e-06,7.419898138842274e-06,7.419902318245915e-06,7.4199064975947095e-06,7.419910676885466e-06,7.419914856122894e-06,7.419919035300821e-06,7.419923214424009e-06,7.419927393489638e-06,7.419931572500524e-06,7.419935751456474e-06,7.419939930359446e-06,7.419944109202461e-06,7.41994828798974e-06,7.419952466721355e-06,7.419956645396153e-06,7.419960824011295e-06,7.419965002562518e-06,7.419969181069751e-06,7.419973359518614e-06,7.419977537915363e-06,7.419981716253067e-06,7.419985894524327e-06,7.4199900727510096e-06,7.4199942509223945e-06,7.4199984290381955e-06,7.420002607096933e-06,7.420006785086195e-06,7.420010963033736e-06,7.420015140925326e-06,7.4200193187567165e-06,7.420023496536201e-06,7.420027674274355e-06,7.420031851942508e-06,7.420036029553329e-06,7.420040207107052e-06,7.420044384608489e-06,7.420048562052414e-06,7.420052739439744e-06,7.420056916780653e-06,7.420061094055434e-06,7.420065271285799e-06,7.420069448449647e-06,7.420073625557472e-06,7.420077802613929e-06,7.420081979595828e-06,7.420086156535164e-06,7.420090333419129e-06,7.420094510253587e-06,7.42009868702589e-06,7.420102863741232e-06,7.420107040403143e-06,7.420111217006962e-06,7.420115393553223e-06,7.4201195700515445e-06,7.420123746499721e-06,7.42012792287997e-06,7.420132099204286e-06,7.420136275491733e-06,7.420140451704254e-06,7.4201446278605e-06,7.420148803951453e-06,7.42015297999611e-06,7.4201571559851055e-06,7.42016133191626e-06,7.4201655077928e-06,7.420169683613885e-06,7.420173859381033e-06,7.420178035092819e-06,7.420182210745447e-06,7.420186386321818e-06,7.420190561862768e-06,7.420194737348619e-06,7.4201989127908865e-06,7.4202030881636915e-06,7.4202072634764555e-06,7.420211438721342e-06,7.420215613922913e-06,7.420219789072961e-06,7.420223964171081e-06,7.420228139211885e-06,7.420232314192463e-06,7.420236489117717e-06,7.4202406639874044e-06,7.420244838801049e-06,7.42024901355872e-06,7.420253188262094e-06,7.420257362907924e-06,7.420261537497087e-06,7.420265712030702e-06,7.420269886507747e-06,7.420274060930026e-06,7.4202782353044735e-06,7.420282409614711e-06,7.420286583869262e-06,7.42029075806286e-06,7.420294932207617e-06,7.420299106293036e-06,7.420303280318953e-06,7.420307454293275e-06,7.420311628211058e-06,7.420315802077172e-06,7.420319975874429e-06,7.420324149632513e-06,7.4203283233269635e-06,7.420332496965804e-06,7.420336670559391e-06,7.420340844085927e-06,7.420345017547871e-06,7.420349190962813e-06,7.420353364321702e-06,7.420357537624854e-06,7.4203617108727806e-06,7.420365884065953e-06,7.420370057201372e-06,7.420374230284553e-06,7.420378403307838e-06,7.420382576275438e-06,7.420386749186994e-06,7.42039092204196e-06,7.420395094841681e-06,7.420399267587311e-06,7.420403440280522e-06,7.420407612912479e-06,7.420411785488288e-06,7.420415958009466e-06,7.420420130457412e-06,7.420424302865743e-06,7.420428475217924e-06,7.420432647512167e-06,7.420436819752926e-06,7.4204409919364935e-06,7.4204451640655104e-06,7.420449336138097e-06,7.420453508154874e-06,7.420457680118134e-06,7.420461852022922e-06,7.420466023873398e-06,7.420470195666525e-06,7.420474367403561e-06,7.420478539085159e-06,7.420482710704984e-06,7.420486882272114e-06,7.420491053784695e-06,7.4204952252409905e-06,7.4204993966432185e-06,7.420503567989261e-06,7.42050773929762e-06,7.420511910532418e-06,7.420516081709612e-06,7.420520252832982e-06,7.4205244238992785e-06,7.4205285949094e-06,7.420532765864101e-06,7.420536936760818e-06,7.420541107603423e-06,7.420545278394626e-06,7.420549449126369e-06,7.420553619801333e-06,7.420557790423615e-06,7.420561960986621e-06,7.420566131493277e-06,7.420570301944099e-06,7.42057447233911e-06,7.420578642681387e-06,7.4205828129669665e-06,7.420586983198884e-06,7.420591153371224e-06,7.420595323497753e-06,7.4205994935576834e-06,7.420603663560127e-06,7.420607833507842e-06,7.420612003400366e-06,7.4206161732361255e-06,7.420620343012705e-06,7.420624512737386e-06,7.420628682406059e-06,7.420632852018467e-06,7.4206370215752735e-06,7.420641191076251e-06,7.420645360524874e-06,7.420649529914747e-06,7.420653699242201e-06,7.420657868520343e-06,7.420662037741475e-06,7.4206662069067805e-06,7.420670376016685e-06,7.42067454507029e-06,7.420678714070335e-06,7.420682883004697e-06,7.420687051891123e-06,7.420691220710581e-06,7.420695389485343e-06,7.420699558203632e-06,7.4207037268642795e-06,7.420707895474525e-06,7.420712064026906e-06,7.420716232511971e-06,7.42072040096354e-06,7.420724569345293e-06,7.420728737672245e-06,7.42073290595954e-06,7.420737074176002e-06,7.420741242333519e-06,7.420745410452333e-06,7.420749578500368e-06,7.420753746491421e-06,7.420757914429167e-06,7.420762082309491e-06,7.420766250132147e-06,7.42077041790054e-06,7.4207745856119565e-06,7.420778753268696e-06,7.420782920869634e-06,7.420787088407449e-06,7.420791255895307e-06,7.420795423330136e-06,7.420799590708209e-06,7.4208037580298e-06,7.420807925294304e-06,7.420812092522418e-06,7.420816259672518e-06,7.420820426770826e-06,7.420824593814444e-06,7.420828760798078e-06,7.4208329277282136e-06,7.4208370946051985e-06,7.420841261429471e-06,7.420845428227925e-06,7.420849594938493e-06,7.420853761589475e-06,7.420857928184558e-06,7.420862094722226e-06,7.420866261203957e-06,7.420870427631767e-06,7.4208745940040475e-06,7.420878760319918e-06,7.420882926579899e-06,7.420887092783804e-06,7.420891258932591e-06,7.420895425024998e-06,7.420899591065267e-06,7.4209037570483575e-06,7.420907922974669e-06,7.420912088842167e-06,7.420916254658429e-06,7.420920420415627e-06,7.420924586116589e-06,7.420928751762358e-06,7.4209329173519645e-06,7.420937082885344e-06,7.420941248363146e-06,7.4209454137871586e-06,7.420949579156303e-06,7.4209537444666005e-06,7.420957909723902e-06,7.42096207492252e-06,7.420966240067908e-06,7.420970405142404e-06,7.420974570160203e-06,7.420978735135936e-06,7.4209829000493015e-06,7.420987064917754e-06,7.420991229725861e-06,7.420995394477636e-06,7.420999559176342e-06,7.421003723819127e-06,7.421007888393984e-06,7.421012052922316e-06,7.421016217396029e-06,7.421020381812863e-06,7.421024546173008e-06,7.421028710478108e-06,7.421032874727366e-06,7.421037038922389e-06,7.421041203059914e-06,7.421045367143869e-06,7.421049531169744e-06,7.421053695141627e-06,7.421057859055591e-06,7.42106202293527e-06,7.4210661867365925e-06,7.4210703504830165e-06,7.421074514173773e-06,7.421078677810352e-06,7.421082841387001e-06,7.421087004912916e-06,7.4210911683791134e-06,7.421095331790351e-06,7.421099495149792e-06,7.421103658452506e-06,7.421107821696782e-06,7.421111984885055e-06,7.421116148020301e-06,7.421120311097826e-06,7.4211244741180455e-06,7.421128637086741e-06,7.421132800010459e-06,7.421136962863774e-06,7.421141125661352e-06,7.421145288403832e-06,7.421149451085203e-06,7.4211536137151e-06,7.4211577762889716e-06,7.421161938807356e-06,7.4211661012718586e-06,7.421170263678608e-06,7.421174426034259e-06,7.421178588329081e-06,7.421182750569552e-06,7.421186912755235e-06,7.421191074884522e-06,7.4211952369554145e-06,7.421199398973745e-06,7.421203560937258e-06,7.421207722841883e-06,7.421211884689387e-06,7.421216046484011e-06,7.421220208219596e-06,7.421224369900984e-06,7.4212285315210596e-06,7.4212326930900516e-06,7.421236854603548e-06,7.42124101606194e-06,7.4212451774580255e-06,7.421249338805703e-06,7.42125350009642e-06,7.421257661322585e-06,7.42126182249917e-06,7.421265983621233e-06,7.421270144688031e-06,7.421274305700778e-06,7.421278466657513e-06,7.4212826275571005e-06,7.421286788400365e-06,7.421290949188133e-06,7.421295109919765e-06,7.421299270595366e-06,7.4213034312176865e-06,7.421307591782633e-06,7.4213117522930885e-06,7.4213159127474334e-06,7.421320073148345e-06,7.421324233489446e-06,7.421328393777763e-06,7.421332553995864e-06,7.421336714171713e-06,7.421340874290032e-06,7.421345034351908e-06,7.421349194358927e-06,7.421353354309807e-06,7.421357514226452e-06,7.4213616740643486e-06,7.42136583384743e-06,7.42136999357805e-06,7.421374153250688e-06,7.421378312883786e-06,7.421382472443979e-06,7.421386631948006e-06,7.421390791395525e-06,7.421394950787011e-06,7.421399110124842e-06,7.421403269407823e-06,7.421407428633244e-06,7.421411587802627e-06,7.421415746916314e-06,7.421419905973199e-06,7.421424064973769e-06,7.421428223919942e-06,7.421432382809481e-06,7.42143654164652e-06,7.4214407004248595e-06,7.421444859148414e-06,7.421449017815493e-06,7.4214531764266086e-06,7.421457334985792e-06,7.421461493478976e-06,7.421465651911232e-06,7.421469810299985e-06,7.421473968633002e-06,7.4214781269102306e-06,7.42148228513144e-06,7.4214864433188106e-06,7.421490601427581e-06,7.421494759483121e-06,7.421498917481319e-06,7.421503075424943e-06,7.421507233311345e-06,7.421511391141732e-06,7.4215155489222885e-06,7.4215197066413176e-06,7.4215238643055275e-06,7.421528021928774e-06,7.421532179481366e-06,7.421536336972182e-06,7.421540494412798e-06,7.421544651807575e-06,7.4215488091360135e-06,7.421552966408972e-06,7.421557123627926e-06,7.4215612807895604e-06,7.421565437888025e-06,7.421569594935943e-06,7.42157375193086e-06,7.421577908868245e-06,7.421582065751449e-06,7.421586222577158e-06,7.421590379347974e-06,7.421594536063391e-06,7.421598692723135e-06,7.4216028493266835e-06,7.421607005874118e-06,7.421611162367537e-06,7.421615318804298e-06,7.421619475177608e-06,7.421623631502828e-06,7.421627787772916e-06,7.4216319439901135e-06,7.4216361001494635e-06,7.421640256277553e-06,7.421644412323943e-06,7.421648568314437e-06,7.421652724251725e-06,7.421656880129006e-06,7.421661035934238e-06,7.421665191701225e-06,7.421669347408459e-06,7.4216735030677785e-06,7.421677658667478e-06,7.4216818142145805e-06,7.4216859697013575e-06,7.421690125133933e-06,7.421694280510972e-06,7.421698435833764e-06,7.421702591099061e-06,7.421706746310722e-06,7.421710901464718e-06,7.421715056556866e-06,7.421719211598088e-06,7.4217233665898524e-06,7.42172752151496e-06,7.42173167638336e-06,7.4217358312028895e-06,7.421739985965243e-06,7.421744140675294e-06,7.421748295352094e-06,7.4217524499504205e-06,7.42175660449121e-06,7.421760758975972e-06,7.4217649134034315e-06,7.4217690677765695e-06,7.421773222094103e-06,7.4217773763771905e-06,7.4217815305891524e-06,7.4217856847395716e-06,7.421789838834695e-06,7.421793992890691e-06,7.421798146874182e-06,7.421802300791746e-06,7.42180645466355e-06,7.421810608479796e-06,7.421814762241465e-06,7.421818915935589e-06,7.421823069585908e-06,7.421827223178977e-06,7.421831376719852e-06,7.421835530201422e-06,7.421839683630871e-06,7.421843837000664e-06,7.421847990317607e-06,7.421852143574782e-06,7.421856296776038e-06,7.4218604499375994e-06,7.421864603032861e-06,7.421868756068799e-06,7.421872909049253e-06,7.421877061972536e-06,7.421881214845639e-06,7.421885367659084e-06,7.4218895204296584e-06,7.42189367313123e-06,7.421897825773921e-06,7.4219019783678565e-06,7.421906130901549e-06,7.421910283379956e-06,7.421914435801183e-06,7.421918588171974e-06,7.4219227404807166e-06,7.421926892737843e-06,7.421931044937644e-06,7.421935197080849e-06,7.421939349170386e-06,7.42194350120188e-06,7.4219476531815615e-06,7.4219518051016124e-06,7.421955956966724e-06,7.421960108776257e-06,7.421964260527662e-06,7.421968412225915e-06,7.4219725638677284e-06,7.421976715454713e-06,7.421980866985923e-06,7.4219850184615e-06,7.4219891698714955e-06,7.4219933212294156e-06,7.421997472537784e-06,7.422001623789871e-06,7.422005774975466e-06,7.422009926116614e-06,7.422014077194543e-06,7.422018228222444e-06,7.422022379196237e-06,7.422026530114469e-06,7.422030680976135e-06,7.422034831797987e-06,7.422038982549095e-06,7.422043133245109e-06,7.422047283885351e-06,7.422051434469311e-06,7.422055584999696e-06,7.4220597354717345e-06,7.4220638858766366e-06,7.422068036228806e-06,7.42207218653374e-06,7.422076336783039e-06,7.42208048697128e-06,7.422084637107767e-06,7.4220887871912e-06,7.422092937218859e-06,7.422097087189342e-06,7.4221012371047185e-06,7.422105386964514e-06,7.42210953676748e-06,7.422113686516023e-06,7.422117836217102e-06,7.422121985854408e-06,7.422126135435593e-06,7.422130284961376e-06,7.422134434425017e-06,7.422138583841862e-06,7.422142733199536e-06,7.422146882502423e-06,7.422151031749372e-06,7.4221551809401e-06,7.4221593300709275e-06,7.4221634791434146e-06,7.42216762818116e-06,7.422171777150821e-06,7.4221759260636604e-06,7.422180074906495e-06,7.422184223707582e-06,7.42218837245434e-06,7.422192521144426e-06,7.42219666976215e-06,7.4222008183405226e-06,7.422204966865295e-06,7.422209115332596e-06,7.422213263745747e-06,7.422217412099472e-06,7.422221560399948e-06,7.422225708644526e-06,7.4222298568351336e-06,7.422234004971447e-06,7.422238153049534e-06,7.422242301071435e-06,7.4222464490371865e-06,7.42225059693199e-06,7.422254744787154e-06,7.422258892581081e-06,7.422263040328138e-06,7.4222671880191676e-06,7.422271335651382e-06,7.422275483228232e-06,7.422279630749066e-06,7.4222837782159175e-06,7.422287925655941e-06,7.422292073009958e-06,7.422296220307987e-06,7.422300367553893e-06,7.4223045147410625e-06,7.422308661875802e-06,7.422312808952759e-06,7.422316955970421e-06,7.42232110292744e-06,7.4223252498188976e-06,7.422329396671838e-06,7.422333543467677e-06,7.422337690209337e-06,7.422341836895853e-06,7.422345983526031e-06,7.422350130104078e-06,7.422354276622707e-06,7.422358423085734e-06,7.422362569492022e-06,7.422366715843621e-06,7.4223708621365975e-06,7.422375008377198e-06,7.422379154563711e-06,7.422383300695896e-06,7.422387446758723e-06,7.422391592777134e-06,7.422395738735058e-06,7.422399884641509e-06,7.422404030492528e-06,7.422408176287583e-06,7.422412322026937e-06,7.4224164677052904e-06,7.422420613329518e-06,7.422424758881995e-06,7.422428904387145e-06,7.422433049848278e-06,7.422437195255266e-06,7.422441340596058e-06,7.422445485890174e-06,7.422449631132058e-06,7.4224537763189084e-06,7.422457921440732e-06,7.422462066512353e-06,7.422466211516772e-06,7.422470356477362e-06,7.422474501377943e-06,7.422478646227204e-06,7.422482791020592e-06,7.4224869357677085e-06,7.4224910804501585e-06,7.4224952250764934e-06,7.422499369641889e-06,7.422503514156975e-06,7.422507658620013e-06,7.422511803025397e-06,7.422515947350023e-06,7.422520091645741e-06,7.4225242358720615e-06,7.422528380053229e-06,7.422532524169473e-06,7.422536668239219e-06,7.42254081225256e-06,7.422544956209856e-06,7.4225491001130555e-06,7.422553243960312e-06,7.422557387774775e-06,7.422561531509106e-06,7.4225656751893694e-06,7.422569818785712e-06,7.422573962350461e-06,7.422578105858753e-06,7.422582249316417e-06,7.4225863927226755e-06,7.4225905360611205e-06,7.422594679351449e-06,7.4225988225873895e-06,7.4226029657674546e-06,7.4226071088919094e-06,7.422611251959803e-06,7.422615394972378e-06,7.42261953792927e-06,7.4226236808291066e-06,7.422627823674961e-06,7.422631966465136e-06,7.422636109203318e-06,7.422640251882235e-06,7.422644394505364e-06,7.422648537071863e-06,7.422652679583926e-06,7.4226568220420895e-06,7.422660964439142e-06,7.422665106779707e-06,7.422669249082456e-06,7.422673391315778e-06,7.422677533494165e-06,7.422681675617219e-06,7.422685817690453e-06,7.422689959700905e-06,7.422694101657305e-06,7.4226982435575024e-06,7.422702385390237e-06,7.422706527178336e-06,7.422710668910938e-06,7.422714810588269e-06,7.422718952210421e-06,7.4227230937769095e-06,7.422727235290826e-06,7.422731376748943e-06,7.422735518149774e-06,7.422739659493712e-06,7.42274380078222e-06,7.4227479420188166e-06,7.422752083196007e-06,7.422756224317595e-06,7.422760365383211e-06,7.422764506409508e-06,7.422768647346033e-06,7.422772788247906e-06,7.422776929091321e-06,7.422781069879035e-06,7.422785210613777e-06,7.422789351287651e-06,7.4227934919084866e-06,7.422797632473926e-06,7.422801772983815e-06,7.422805913438397e-06,7.422810053839487e-06,7.422814194183889e-06,7.422818334469683e-06,7.422822474701533e-06,7.422826614876636e-06,7.422830754997162e-06,7.422834895062654e-06,7.422839035073464e-06,7.422843175025872e-06,7.422847314924712e-06,7.4228514547672585e-06,7.422855594556103e-06,7.422859734286094e-06,7.422863873961484e-06,7.42286801358146e-06,7.422872153145689e-06,7.422876292655287e-06,7.422880432092075e-06,7.422884571489636e-06,7.422888710842007e-06,7.422892850132189e-06,7.42289698936309e-06,7.422901128536964e-06,7.422905267656654e-06,7.42290940672075e-06,7.422913545724869e-06,7.42291768468103e-06,7.4229218235782785e-06,7.422925962433449e-06,7.422930101224827e-06,7.422934239955539e-06,7.422938378630758e-06,7.422942517253384e-06,7.422946655817646e-06,7.422950794321548e-06,7.422954932774457e-06,7.4229590711554096e-06,7.422963209496818e-06,7.422967347782525e-06,7.422971486010113e-06,7.42297562418648e-06,7.422979762302119e-06,7.422983900365869e-06,7.422988038373883e-06,7.422992176326132e-06,7.422996314222537e-06,7.423000452063399e-06,7.423004589849054e-06,7.423008727563495e-06,7.423012865240136e-06,7.423017002857789e-06,7.4230211404210295e-06,7.4230252779288945e-06,7.423029415380124e-06,7.423033552778349e-06,7.423037690119168e-06,7.423041827404421e-06,7.423045964634567e-06,7.423050101808687e-06,7.423054238927771e-06,7.423058375991421e-06,7.42306251299904e-06,7.4230666499511525e-06,7.423070786850152e-06,7.423074923690788e-06,7.423079060479669e-06,7.4230831972093985e-06,7.423087333869789e-06,7.423091470488168e-06,7.423095607051235e-06,7.4230997435596e-06,7.423103880010739e-06,7.423108016406225e-06,7.423112152746896e-06,7.423116289032367e-06,7.4231204252660454e-06,7.423124561432937e-06,7.423128697551889e-06,7.423132833602873e-06,7.423136969610846e-06,7.4231411055581e-06,7.423145241454499e-06,7.423149377288526e-06,7.423153513070042e-06,7.423157648799568e-06,7.423161784467524e-06,7.423165920091453e-06,7.423170055654312e-06,7.4231741911630695e-06,7.4231783266146095e-06,7.423182462010709e-06,7.42318659734972e-06,7.423190732637215e-06,7.423194867866268e-06,7.423199003039846e-06,7.423203138160394e-06,7.423207273223393e-06,7.423211408230188e-06,7.423215543179029e-06,7.4232196780797735e-06,7.423223812914099e-06,7.423227947688012e-06,7.423232082419591e-06,7.4232362170921766e-06,7.423240351713736e-06,7.4232444862959806e-06,7.423248620803311e-06,7.423252755257979e-06,7.423256889653192e-06,7.423261023982671e-06,7.423265158281449e-06,7.423269292511032e-06,7.423273426685093e-06,7.423277560803388e-06,7.423281694871946e-06,7.423285828878705e-06,7.4232899628301486e-06,7.423294096726123e-06,7.423298230566847e-06,7.4233023643545505e-06,7.423306498082058e-06,7.423310631758705e-06,7.423314765376357e-06,7.423318898939943e-06,7.423323032448701e-06,7.423327165916866e-06,7.423331299321083e-06,7.42333543266098e-06,7.423339565948153e-06,7.423343699168682e-06,7.42334783234261e-06,7.423351965433737e-06,7.423356098497716e-06,7.42336023149863e-06,7.423364364452866e-06,7.42336849735133e-06,7.423372630191823e-06,7.423376762982468e-06,7.423380895712524e-06,7.423385028387664e-06,7.4233891610067855e-06,7.423393293570989e-06,7.423397426081408e-06,7.423401558550218e-06,7.4234056909467e-06,7.42340982328773e-06,7.423413955573356e-06,7.423418087804025e-06,7.423422219978599e-06,7.423426352094896e-06,7.423430484148703e-06,7.423434616156868e-06,7.423438748109997e-06,7.423442880007261e-06,7.423447011850927e-06,7.423451143637168e-06,7.423455275366404e-06,7.423459407041429e-06,7.4234635386611175e-06,7.423467670225598e-06,7.423471801733272e-06,7.423475933219634e-06,7.423480064614934e-06,7.423484195956258e-06,7.42348832724273e-06,7.423492458472715e-06,7.4234965896477e-06,7.423500720767712e-06,7.423504851833676e-06,7.423508982838022e-06,7.423513113790956e-06,7.423517244688782e-06,7.4235213755309e-06,7.42352550632423e-06,7.4235296370554154e-06,7.423533767738839e-06,7.423537898359502e-06,7.423542028932449e-06,7.423546159445238e-06,7.423550289899584e-06,7.423554420297058e-06,7.423558550639072e-06,7.4235626809487545e-06,7.423566811183932e-06,7.423570941359382e-06,7.4235750714785874e-06,7.423579201537997e-06,7.423583331544515e-06,7.423587461499453e-06,7.423591591397446e-06,7.423595721239021e-06,7.423599851025742e-06,7.423603980756906e-06,7.423608110462816e-06,7.423612240084278e-06,7.42361636964942e-06,7.423620499158711e-06,7.4236246286130625e-06,7.42362875801199e-06,7.423632887355389e-06,7.423637016632348e-06,7.423641145865087e-06,7.423645275036374e-06,7.423649404158398e-06,7.423653533256866e-06,7.423657662266815e-06,7.423661791219603e-06,7.423665920106469e-06,7.423670048950469e-06,7.423674177736469e-06,7.423678306469691e-06,7.4236824351479916e-06,7.4236865637680855e-06,7.42369069233721e-06,7.423694820850994e-06,7.4236989493086445e-06,7.423703077713799e-06,7.423707206052695e-06,7.423711334343978e-06,7.423715462565507e-06,7.423719590741791e-06,7.423723718859387e-06,7.423727846926526e-06,7.423731974936726e-06,7.423736102893205e-06,7.423740230795689e-06,7.423744358635559e-06,7.4237484864311166e-06,7.423752614180956e-06,7.423756741858509e-06,7.423760869485984e-06,7.4237649970532275e-06,7.423769124565232e-06,7.423773252022171e-06,7.423777379418637e-06,7.423781506785337e-06,7.4237856340760764e-06,7.423789761306557e-06,7.423793888498367e-06,7.423798015622562e-06,7.423802142691302e-06,7.423806269694881e-06,7.42381039665212e-06,7.423814523555251e-06,7.423818650401829e-06,7.423822777193668e-06,7.423826903925005e-06,7.423831030606919e-06,7.423835157233986e-06,7.42383928380304e-06,7.423843410317369e-06,7.4238475367752524e-06,7.423851663177424e-06,7.423855789523812e-06,7.423859915816541e-06,7.4238640420532e-06,7.423868168237646e-06,7.423872294363715e-06,7.4238764204324906e-06,7.423880546446907e-06,7.4238846724053574e-06,7.423888798303503e-06,7.423892924151845e-06,7.423897049932801e-06,7.4239011756687765e-06,7.423905301353457e-06,7.423909426979959e-06,7.423913552551273e-06,7.423917678067708e-06,7.423921803527224e-06,7.42392592893193e-06,7.423930054278842e-06,7.423934179572399e-06,7.423938304810715e-06,7.423942430006843e-06,7.423946555131918e-06,7.423950680190407e-06,7.423954805206577e-06,7.423958930167704e-06,7.423963055075177e-06,7.423967179926051e-06,7.423971304719926e-06,7.423975429454989e-06,7.423979554129869e-06,7.4239836787580766e-06,7.423987803331007e-06,7.423991927848826e-06,7.423996052311006e-06,7.424000176716356e-06,7.424004301067365e-06,7.424008425356443e-06,7.4240125495965756e-06,7.4240166737794814e-06,7.424020797911202e-06,7.424024921980969e-06,7.424029045992909e-06,7.424033169957886e-06,7.424037293853934e-06,7.424041417707639e-06,7.424045541504303e-06,7.424049665245599e-06,7.424053788927493e-06,7.424057912539991e-06,7.424062036114689e-06,7.424066159628362e-06,7.424070283084906e-06,7.42407440649356e-06,7.4240785298491625e-06,7.424082653143894e-06,7.424086776384683e-06,7.424090899558838e-06,7.4240950226818545e-06,7.424099145757713e-06,7.4241032687791545e-06,7.424107391743863e-06,7.4241115146534925e-06,7.424115637505774e-06,7.424119760304572e-06,7.424123883047918e-06,7.424128005734813e-06,7.424132128367293e-06,7.424136250944396e-06,7.424140373467979e-06,7.42414449593225e-06,7.424148618342227e-06,7.424152740711501e-06,7.424156863004087e-06,7.424160985248373e-06,7.424165107451743e-06,7.424169229583655e-06,7.4241733516610935e-06,7.424177473683825e-06,7.424181595650804e-06,7.424185717558476e-06,7.424189839414774e-06,7.424193961216082e-06,7.424198082961526e-06,7.424202204651579e-06,7.4242063262711576e-06,7.424210447850896e-06,7.424214569374935e-06,7.424218690840076e-06,7.42422281225313e-06,7.42422693360714e-06,7.424231054910021e-06,7.424235176156044e-06,7.424239297348048e-06,7.424243418479079e-06,7.4242475395576405e-06,7.424251660582741e-06,7.424255781552845e-06,7.424259902462061e-06,7.42426402331977e-06,7.424268144121349e-06,7.424272264866909e-06,7.424276385552434e-06,7.424280506189825e-06,7.42428462677357e-06,7.424288747300274e-06,7.424292867768587e-06,7.42429698818456e-06,7.424301108546685e-06,7.424305228851788e-06,7.424309349100875e-06,7.424313469275149e-06,7.42431758941251e-06,7.424321709498792e-06,7.4243258295264545e-06,7.424329949486676e-06,7.4243340693999105e-06,7.424338189280309e-06,7.4243423090838515e-06,7.424346428833428e-06,7.424350548530017e-06,7.424354668169288e-06,7.424358787750552e-06,7.424362907281161e-06,7.424367026755829e-06,7.424371146174598e-06,7.424375265537399e-06,7.42437938484433e-06,7.4243835040954326e-06,7.424387623297714e-06,7.424391742465578e-06,7.424395861554131e-06,7.424399980587068e-06,7.424404099562559e-06,7.424408218482072e-06,7.424412337344915e-06,7.424416456154133e-06,7.424420574907833e-06,7.424424693606138e-06,7.424428812249074e-06,7.424432930836365e-06,7.424437049368234e-06,7.424441167846223e-06,7.4244452862963605e-06,7.424449404658407e-06,7.4244535229951405e-06,7.424457641253004e-06,7.424461759456703e-06,7.424465877603411e-06,7.424469995692431e-06,7.424474113725006e-06,7.424478231702347e-06,7.42448234962182e-06,7.424486467508969e-06,7.424490585320032e-06,7.424494703080537e-06,7.424498820781943e-06,7.424502938427842e-06,7.4245070559953955e-06,7.424511173528583e-06,7.4245152910048775e-06,7.424519408429319e-06,7.42452352580012e-06,7.4245276431129165e-06,7.424531760373765e-06,7.424535877576105e-06,7.424539994723462e-06,7.424544111815528e-06,7.424548228853371e-06,7.424552345835221e-06,7.424556462764294e-06,7.4245605796360975e-06,7.424564696451044e-06,7.424568813210932e-06,7.424572929917413e-06,7.424577046566978e-06,7.424581163155433e-06,7.424585279693809e-06,7.424589396176076e-06,7.424593512602768e-06,7.4245976289769436e-06,7.424601745285018e-06,7.424605861541529e-06,7.424609977748275e-06,7.424614093899403e-06,7.424618209994721e-06,7.4246223260327335e-06,7.424626442017574e-06,7.4246305579678e-06,7.424634673848119e-06,7.424638789665359e-06,7.4246429054321e-06,7.424647021130889e-06,7.42465113678341e-06,7.424655252399654e-06,7.4246593679391655e-06,7.424663483425657e-06,7.424667598856645e-06,7.424671714230529e-06,7.424675829552689e-06,7.424679944817782e-06,7.424684060025112e-06,7.424688175181445e-06,7.424692290280413e-06,7.424696405324105e-06,7.42470052031917e-06,7.42470463524653e-06,7.424708750123422e-06,7.424712864949175e-06,7.424716979718325e-06,7.424721094423218e-06,7.424725209080831e-06,7.424729323689179e-06,7.424733438228971e-06,7.4247375527188795e-06,7.424741667153617e-06,7.4247457815187376e-06,7.424749895846344e-06,7.424754010114902e-06,7.4247581243282555e-06,7.424762238478203e-06,7.424766352583997e-06,7.424770466622356e-06,7.424774580614451e-06,7.424778694551262e-06,7.424782808432338e-06,7.424786922259432e-06,7.424791036029164e-06,7.4247951497492275e-06,7.42479926340938e-06,7.424803377013997e-06,7.424807490563035e-06,7.4248116040549595e-06,7.424815717493616e-06,7.424819830877876e-06,7.424823944207419e-06,7.42482805748129e-06,7.424832170698191e-06,7.4248362838598325e-06,7.424840396966546e-06,7.424844510017829e-06,7.424848623008233e-06,7.42485273595169e-06,7.4248568488322006e-06,7.42486096166974e-06,7.424865074439999e-06,7.424869187159676e-06,7.424873299823755e-06,7.424877412432104e-06,7.424881524986371e-06,7.424885637483999e-06,7.4248897499290925e-06,7.4248938623161845e-06,7.424897974648798e-06,7.4249020869240215e-06,7.4249061991450705e-06,7.42491031131094e-06,7.424914423421487e-06,7.424918535476785e-06,7.42492264747675e-06,7.4249267594219774e-06,7.424930871335136e-06,7.424934983166936e-06,7.424939094950121e-06,7.424943206673321e-06,7.424947318341508e-06,7.424951429954247e-06,7.4249555415141046e-06,7.4249596530119585e-06,7.424963764458197e-06,7.424967875849668e-06,7.4249719871858155e-06,7.424976098473439e-06,7.4249802097024e-06,7.424984320872463e-06,7.424988431987838e-06,7.4249925430424954e-06,7.4249966540463894e-06,7.42500076499438e-06,7.425004875890251e-06,7.425008986726703e-06,7.4250130975096144e-06,7.425017208236508e-06,7.425021318908853e-06,7.425025429529453e-06,7.425029540091093e-06,7.425033650599009e-06,7.42503776105116e-06,7.425041871437216e-06,7.4250459817774686e-06,7.4250500920627695e-06,7.4250542022975e-06,7.425058312472391e-06,7.42506242259059e-06,7.42506653265418e-06,7.425070642661025e-06,7.425074752617681e-06,7.425078862544167e-06,7.425082972385769e-06,7.425087082173218e-06,7.425091191905961e-06,7.4250953015850855e-06,7.425099411206543e-06,7.4251035207736015e-06,7.425107630283071e-06,7.425111739734687e-06,7.425115849135017e-06,7.425119958484044e-06,7.425124067773732e-06,7.425128177011013e-06,7.42513228617538e-06,7.425136395299023e-06,7.4251405043681415e-06,7.4251446133957315e-06,7.425148722353712e-06,7.425152831243219e-06,7.425156940091975e-06,7.4251610488849095e-06,7.425165157621679e-06,7.425169266302589e-06,7.425173374927606e-06,7.425177483493489e-06,7.425181592007124e-06,7.425185700468672e-06,7.425189808875824e-06,7.425193917216466e-06,7.4251980255119895e-06,7.425202133754691e-06,7.425206241931024e-06,7.425210350057872e-06,7.425214458131059e-06,7.425218566149131e-06,7.425222674111862e-06,7.425226782014835e-06,7.425230889866553e-06,7.425234997663537e-06,7.42523910540477e-06,7.425243213085691e-06,7.42524732072071e-06,7.42525142826725e-06,7.425255535785202e-06,7.425259643250344e-06,7.4252637506614996e-06,7.4252678580161325e-06,7.425271965316247e-06,7.425276072551646e-06,7.4252801797399325e-06,7.42528428687342e-06,7.425288393951279e-06,7.425292500978287e-06,7.425296607947622e-06,7.42530071486001e-06,7.425304821717471e-06,7.425308928518971e-06,7.42531303526579e-06,7.425317141956957e-06,7.425321248592523e-06,7.425325355167076e-06,7.425329461695152e-06,7.425333568165198e-06,7.425337674582063e-06,7.425341780942024e-06,7.425345887245906e-06,7.42534999349517e-06,7.4253540996887705e-06,7.42535820582744e-06,7.425362311911811e-06,7.425366417939245e-06,7.425370523911972e-06,7.425374629829626e-06,7.425378735692081e-06,7.425382841499603e-06,7.425386947239728e-06,7.425391052936265e-06,7.425395158577672e-06,7.425399264166425e-06,7.425403369698549e-06,7.4254074751738605e-06,7.42541158058808e-06,7.425415685945382e-06,7.425419791255167e-06,7.425423896510342e-06,7.4254280017089246e-06,7.425432106852143e-06,7.425436211944456e-06,7.425440316964736e-06,7.425444421942103e-06,7.4254485268686214e-06,7.425452631736795e-06,7.42545673654924e-06,7.42546084130676e-06,7.425464946009002e-06,7.425469050641013e-06,7.425473155216752e-06,7.425477259751747e-06,7.425481364232119e-06,7.425485468647877e-06,7.425489573005378e-06,7.42549367734951e-06,7.425497781609552e-06,7.425501885814219e-06,7.425505989981799e-06,7.425510094077092e-06,7.4255141981195955e-06,7.425518302105736e-06,7.425522406044756e-06,7.4255265099114166e-06,7.425530613729369e-06,7.425534717493117e-06,7.425538821200477e-06,7.42554292485302e-06,7.42554702844968e-06,7.4255511319915465e-06,7.425555235478519e-06,7.425559338909948e-06,7.425563442284434e-06,7.425567545601768e-06,7.425571648867226e-06,7.425575752077474e-06,7.4255798552331145e-06,7.425583958333319e-06,7.4255880613782895e-06,7.425592164367626e-06,7.4255962673042955e-06,7.425600370182387e-06,7.425604473006079e-06,7.425608575770897e-06,7.425612678484053e-06,7.42561678114091e-06,7.425620883744926e-06,7.425624986288146e-06,7.425629088781337e-06,7.425633191213648e-06,7.4256372935951425e-06,7.425641395921702e-06,7.425645498193092e-06,7.425649600409331e-06,7.425653702578788e-06,7.425657804681274e-06,7.425661906738031e-06,7.425666008723592e-06,7.425670110665342e-06,7.425674212548292e-06,7.425678314379911e-06,7.425682416153473e-06,7.425686517867809e-06,7.425690619531375e-06,7.425694721143118e-06,7.425698822700483e-06,7.425702924186484e-06,7.425707025629709e-06,7.425711127017581e-06,7.425715228350066e-06,7.425719329623182e-06,7.425723430845836e-06,7.425727532002475e-06,7.425731633114027e-06,7.425735734172048e-06,7.4257398351755074e-06,7.425743936128686e-06,7.425748037022964e-06,7.425752137858263e-06,7.425756238637893e-06,7.4257603393615725e-06,7.425764440032175e-06,7.425768540646683e-06,7.425772641195533e-06,7.425776741699969e-06,7.4257808421522845e-06,7.425784942548696e-06,7.42578904288931e-06,7.425793143163784e-06,7.425797243392204e-06,7.425801343566046e-06,7.425805443673166e-06,7.425809543735929e-06,7.425813643738857e-06,7.425817743690306e-06,7.425821843593939e-06,7.425825943429817e-06,7.4258300432182075e-06,7.4258341429514176e-06,7.425838242625559e-06,7.425842342246696e-06,7.425846441815377e-06,7.425850541327839e-06,7.4258546407819056e-06,7.425858740193514e-06,7.425862839538695e-06,7.425866938821767e-06,7.4258710380569635e-06,7.425875137236279e-06,7.425879236375023e-06,7.42588333544376e-06,7.425887434460916e-06,7.4258915334189315e-06,7.425895632302894e-06,7.425899731154811e-06,7.425903829947875e-06,7.425907928687546e-06,7.425912027370214e-06,7.425916125996538e-06,7.425920224566621e-06,7.42592432308503e-06,7.425928421546381e-06,7.425932519953301e-06,7.425936618303886e-06,7.425940716598783e-06,7.425944814839103e-06,7.425948913025199e-06,7.425953011160452e-06,7.425957109244038e-06,7.425961207266021e-06,7.425965305232737e-06,7.425969403142726e-06,7.425973500998065e-06,7.425977598797565e-06,7.425981696542186e-06,7.4259857942314006e-06,7.425989891865701e-06,7.425993989441225e-06,7.4259980869671945e-06,7.426002184436583e-06,7.426006281852881e-06,7.426010379211172e-06,7.426014476515908e-06,7.426018573768577e-06,7.426022670960518e-06,7.4260267680981595e-06,7.426030865179326e-06,7.426034962206623e-06,7.426039059179469e-06,7.426043156089449e-06,7.42604725295089e-06,7.426051349761021e-06,7.426055446510522e-06,7.4260595432070126e-06,7.426063639848496e-06,7.426067736435033e-06,7.4260718329662954e-06,7.426075929442067e-06,7.4260800258615975e-06,7.426084122222772e-06,7.426088218532133e-06,7.4260923147907e-06,7.426096410989226e-06,7.426100507133177e-06,7.4261046032209975e-06,7.426108699248106e-06,7.426112795227165e-06,7.4261168911509975e-06,7.426120987016442e-06,7.426125082832259e-06,7.426129178593637e-06,7.426133274296691e-06,7.426137369943978e-06,7.426141465537506e-06,7.4261455610750585e-06,7.426149656557798e-06,7.426153751982907e-06,7.426157847357864e-06,7.426161942663553e-06,7.426166037927953e-06,7.426170133110955e-06,7.426174228277031e-06,7.4261783233734555e-06,7.426182418416699e-06,7.426186513406523e-06,7.426190608331337e-06,7.42619470320482e-06,7.426198798025536e-06,7.426202892781173e-06,7.4262069874919264e-06,7.426211082140453e-06,7.426215176741289e-06,7.426219271286512e-06,7.426223365776098e-06,7.426227460207239e-06,7.426231554589097e-06,7.42623564891317e-06,7.42623974318243e-06,7.4262438373964815e-06,7.426247931555884e-06,7.426252025662159e-06,7.4262561197040505e-06,7.426260213696244e-06,7.426264307634203e-06,7.426268401520851e-06,7.426272495352464e-06,7.426276589134329e-06,7.426280682854746e-06,7.426284776532709e-06,7.426288870140295e-06,7.426292963692292e-06,7.426297057188209e-06,7.426301150622847e-06,7.426305244009679e-06,7.426309337340471e-06,7.4263134306167215e-06,7.4263175238444e-06,7.426321617009636e-06,7.426325710122728e-06,7.426329803177968e-06,7.426333896178552e-06,7.426337989114169e-06,7.4263420820044735e-06,7.426346174842647e-06,7.426350267636544e-06,7.4263543603622084e-06,7.426358453031305e-06,7.426362545650925e-06,7.426366638211379e-06,7.426370730716642e-06,7.426374823161215e-06,7.426378915556077e-06,7.4263830078900915e-06,7.426387100181848e-06,7.426391192412762e-06,7.42639528460222e-06,7.426399376722759e-06,7.426403468790009e-06,7.4264075607966845e-06,7.426411652745829e-06,7.426415744666052e-06,7.4264198365097285e-06,7.426423928299519e-06,7.42642802003248e-06,7.426432111711031e-06,7.426436203333243e-06,7.426440294900312e-06,7.426444386415573e-06,7.426448477870732e-06,7.426452569271655e-06,7.4264566606195e-06,7.426460751910518e-06,7.4264648431474706e-06,7.426468934329332e-06,7.426473025456189e-06,7.426477116517725e-06,7.4264812075338545e-06,7.426485298494177e-06,7.426489389400468e-06,7.426493480255421e-06,7.426497571051733e-06,7.4265016617913515e-06,7.4265057524735825e-06,7.426509843103343e-06,7.42651393369344e-06,7.426518024220073e-06,7.426522114665213e-06,7.426526205076991e-06,7.426530295440021e-06,7.426534385740128e-06,7.4265384759861715e-06,7.4265425661766e-06,7.426546656311341e-06,7.42655074638623e-06,7.426554836411074e-06,7.426558926376029e-06,7.426563016292347e-06,7.42656710615149e-06,7.4265711959562265e-06,7.426575285705182e-06,7.426579375399039e-06,7.426583465036377e-06,7.426587554623722e-06,7.426591644154956e-06,7.426595733630756e-06,7.426599823051954e-06,7.426603912415545e-06,7.426608001726275e-06,7.42661209097955e-06,7.426616180180563e-06,7.426620269323419e-06,7.426624358405198e-06,7.4266284474396005e-06,7.426632536421751e-06,7.426636625339208e-06,7.426640714207044e-06,7.426644803017364e-06,7.4266488917746326e-06,7.426652980472373e-06,7.426657069115156e-06,7.426661157706718e-06,7.4266652462434295e-06,7.426669334724976e-06,7.426673423166207e-06,7.4266775115402976e-06,7.426681599856496e-06,7.426685688121315e-06,7.4266897763234494e-06,7.426693864474681e-06,7.426697952570858e-06,7.426702040605713e-06,7.426706128592788e-06,7.426710216522786e-06,7.4267143043999924e-06,7.426718392220787e-06,7.426722479988801e-06,7.426726567700247e-06,7.426730655355777e-06,7.426734742959375e-06,7.426738830504736e-06,7.4267429179961795e-06,7.42674700543166e-06,7.4267510928049615e-06,7.426755180132747e-06,7.426759267402903e-06,7.426763354618071e-06,7.426767441777674e-06,7.426771528882922e-06,7.426775615933603e-06,7.426779702931695e-06,7.4267837898649385e-06,7.42678787676719e-06,7.426791963598757e-06,7.42679605037278e-06,7.4268001370914564e-06,7.426804223757036e-06,7.4268083103657535e-06,7.426812396915789e-06,7.426816483398437e-06,7.426820569844836e-06,7.426824656234865e-06,7.426828742568623e-06,7.426832828847136e-06,7.426836915069394e-06,7.4268410012402005e-06,7.426845087352982e-06,7.426849173411755e-06,7.4268532594137925e-06,7.426857345361913e-06,7.426861431256738e-06,7.42686551709453e-06,7.426869602877628e-06,7.426873688603433e-06,7.4268777742725244e-06,7.42688185989039e-06,7.426885945455718e-06,7.426890030963492e-06,7.426894116416384e-06,7.426898201814039e-06,7.426902287148903e-06,7.426906372437473e-06,7.426910457670157e-06,7.4269145428494356e-06,7.42691862797187e-06,7.426922713038029e-06,7.426926798048886e-06,7.426930882997914e-06,7.426934967899762e-06,7.426939052745898e-06,7.426943137536947e-06,7.426947222274565e-06,7.426951306951472e-06,7.426955391578453e-06,7.426959476150042e-06,7.426963560668507e-06,7.426967645130148e-06,7.426971729537099e-06,7.426975813882885e-06,7.426979898178847e-06,7.426983982420375e-06,7.426988066609464e-06,7.426992150755039e-06,7.426996234831354e-06,7.427000318854179e-06,7.427004402812415e-06,7.4270084867234405e-06,7.427012570575771e-06,7.42701665437499e-06,7.427020738121906e-06,7.427024821805564e-06,7.42702890543358e-06,7.427032988998935e-06,7.427037072524989e-06,7.4270411559958716e-06,7.427045239412189e-06,7.427049322777819e-06,7.427053406083801e-06,7.427057489330229e-06,7.427061572529649e-06,7.4270656556703885e-06,7.427069738759613e-06,7.427073821778746e-06,7.427077904772252e-06,7.42708198769168e-06,7.427086070557935e-06,7.427090153371332e-06,7.427094236129741e-06,7.427098318827292e-06,7.42710240147412e-06,7.427106484059776e-06,7.427110566588001e-06,7.427114649067875e-06,7.427118731489354e-06,7.427122813854299e-06,7.427126896169607e-06,7.427130978429986e-06,7.4271350606365784e-06,7.4271391427815864e-06,7.427143224876889e-06,7.427147306915274e-06,7.42715138890025e-06,7.427155470822978e-06,7.427159552698457e-06,7.427163634511154e-06,7.427167716275744e-06,7.42717179798473e-06,7.427175879640457e-06,7.427179961238569e-06,7.4271840427848134e-06,7.427188124274841e-06,7.427192205735865e-06,7.4271962871157144e-06,7.427200368440722e-06,7.427204449707533e-06,7.427208530921378e-06,7.42721261208367e-06,7.4272166931884954e-06,7.427220774229985e-06,7.427224855212837e-06,7.427228936152788e-06,7.4272330170366e-06,7.427237097866474e-06,7.427241178643185e-06,7.427245259362694e-06,7.427249340026967e-06,7.42725342063714e-06,7.427257501192174e-06,7.427261581691996e-06,7.427265662136746e-06,7.427269742526046e-06,7.4272738228608685e-06,7.427277903141069e-06,7.427281983365191e-06,7.427286063534718e-06,7.427290143649136e-06,7.427294223708914e-06,7.427298303713609e-06,7.427302383665943e-06,7.427306463560533e-06,7.427310543400643e-06,7.427314623181401e-06,7.427318702910992e-06,7.4273227825821554e-06,7.427326862200715e-06,7.427330941767636e-06,7.427335021271772e-06,7.427339100727598e-06,7.427343180115794e-06,7.427347259459354e-06,7.427351338749303e-06,7.427355417984065e-06,7.42735949716396e-06,7.427363576290057e-06,7.427367655395753e-06,7.4273717344088285e-06,7.427375813363493e-06,7.427379892268888e-06,7.427383971118728e-06,7.427388049917672e-06,7.427392128642029e-06,7.4273962073267715e-06,7.427400285955291e-06,7.4274043645300965e-06,7.4274084430528104e-06,7.42741252151316e-06,7.427416599918426e-06,7.427420678271627e-06,7.427424756573105e-06,7.427428834818097e-06,7.427432913007639e-06,7.427436991142516e-06,7.427441069221586e-06,7.427445147249332e-06,7.427449225215193e-06,7.427453303129689e-06,7.427457380996441e-06,7.427461458801289e-06,7.4274655365514286e-06,7.427469614248678e-06,7.427473691888551e-06,7.427477769473067e-06,7.427481846996856e-06,7.427485924469028e-06,7.4274900018926364e-06,7.427494079256728e-06,7.427498156562633e-06,7.4275022338181995e-06,7.427506311017867e-06,7.4275103881638895e-06,7.427514465257735e-06,7.4275185422930515e-06,7.427522619275133e-06,7.427526696200511e-06,7.4275307730704665e-06,7.427534849885733e-06,7.4275389266491885e-06,7.427543003357973e-06,7.427547080012132e-06,7.427551156608259e-06,7.427555233149868e-06,7.427559309635912e-06,7.427563386068173e-06,7.427567462443611e-06,7.427571538764386e-06,7.4275756150134475e-06,7.427579691224187e-06,7.427583767381756e-06,7.427587843477642e-06,7.427591919523169e-06,7.4275959955138735e-06,7.427600071448281e-06,7.427604147333282e-06,7.427608223157992e-06,7.427612298928974e-06,7.427616374645329e-06,7.427620450305505e-06,7.427624525914906e-06,7.427628601462157e-06,7.427632676958479e-06,7.427636752402708e-06,7.427640827789165e-06,7.42764490311999e-06,7.427648978398883e-06,7.427653053620451e-06,7.427657128786338e-06,7.427661203897797e-06,7.427665278954216e-06,7.427669353956855e-06,7.4276734289021034e-06,7.427677503795154e-06,7.427681578631704e-06,7.427685653415112e-06,7.427689728138739e-06,7.4276938028095875e-06,7.427697877424722e-06,7.42770195198572e-06,7.427706026491103e-06,7.42771010094259e-06,7.427714175362807e-06,7.4277182497020815e-06,7.427722324002632e-06,7.427726398234277e-06,7.42773047241121e-06,7.427734546535758e-06,7.42773862060351e-06,7.427742694616162e-06,7.427746768574755e-06,7.427750842477771e-06,7.427754916323929e-06,7.427758990116949e-06,7.427763063854723e-06,7.4277671375382665e-06,7.427771211164791e-06,7.4277752847377445e-06,7.427779358257947e-06,7.42778343172113e-06,7.427787505129269e-06,7.427791578482753e-06,7.427795651781082e-06,7.427799725024607e-06,7.427803798212816e-06,7.427807871346499e-06,7.427811944425698e-06,7.427816017448325e-06,7.427820090417196e-06,7.427824163329408e-06,7.427828236190143e-06,7.427832308994035e-06,7.427836381742996e-06,7.4278404544366775e-06,7.427844527075403e-06,7.427848599658934e-06,7.427852672188129e-06,7.4278567446614805e-06,7.427860817082282e-06,7.427864889432712e-06,7.4278689617450265e-06,7.427873033999284e-06,7.427877106191371e-06,7.427881178336213e-06,7.427885250426751e-06,7.427889322461979e-06,7.4278933944379965e-06,7.427897466363343e-06,7.427901538233875e-06,7.427905610049051e-06,7.427909681809704e-06,7.427913753512619e-06,7.427917825156976e-06,7.427921896747256e-06,7.427925968290064e-06,7.42793003978917e-06,7.4279341112206845e-06,7.427938182596008e-06,7.427942253917814e-06,7.427946325186526e-06,7.427950396397822e-06,7.427954467549384e-06,7.4279585386507144e-06,7.427962609697538e-06,7.427966680688946e-06,7.4279707516297615e-06,7.427974822511678e-06,7.427978893342713e-06,7.42798296412224e-06,7.427987034842162e-06,7.427991105511843e-06,7.427995176115622e-06,7.427999246668928e-06,7.428003317169802e-06,7.428007387598856e-06,7.4280114579845735e-06,7.428015528316507e-06,7.428019598593637e-06,7.428023668816364e-06,7.4280277389799116e-06,7.428031809092984e-06,7.428035879151124e-06,7.428039949155672e-06,7.428044019103187e-06,7.428048088995714e-06,7.428052158817917e-06,7.428056228598238e-06,7.4280602983264735e-06,7.428064367997593e-06,7.42806843761638e-06,7.428072507181973e-06,7.428076576691023e-06,7.428080646146602e-06,7.428084715542584e-06,7.428088784887475e-06,7.428092854176814e-06,7.428096923414696e-06,7.428100992576969e-06,7.428105061703479e-06,7.428109130775546e-06,7.428113199790714e-06,7.428117268755397e-06,7.428121337660516e-06,7.428125406510916e-06,7.42812947530669e-06,7.428133544047189e-06,7.428137612728129e-06,7.42814168135925e-06,7.428145749933114e-06,7.4281498184560385e-06,7.428153886919992e-06,7.428157955337944e-06,7.42816202369576e-06,7.428166091997166e-06,7.4281701602434505e-06,7.4281742284346986e-06,7.4281782965714545e-06,7.428182364654229e-06,7.428186432681733e-06,7.428190500654181e-06,7.428194568571865e-06,7.428198636433485e-06,7.428202704239153e-06,7.428206771991565e-06,7.428210839689172e-06,7.428214907333646e-06,7.428218974909057e-06,7.428223042443974e-06,7.428227109921719e-06,7.4282311773456185e-06,7.4282352447133345e-06,7.428239312026835e-06,7.428243379276059e-06,7.428247446481095e-06,7.4282515136300945e-06,7.4282555807241224e-06,7.428259647763315e-06,7.428263714747472e-06,7.428267781675705e-06,7.428271848546704e-06,7.428275915370006e-06,7.428279982134778e-06,7.428284048844773e-06,7.428288115499864e-06,7.42829218209988e-06,7.428296248644948e-06,7.428300315134434e-06,7.428304381569528e-06,7.428308447953981e-06,7.428312514279044e-06,7.428316580545367e-06,7.428320646753627e-06,7.428324712917212e-06,7.428328779024198e-06,7.428332845075731e-06,7.428336911071959e-06,7.428340977013369e-06,7.428345042901022e-06,7.4283491087335995e-06,7.428353174505181e-06,7.428357240228252e-06,7.428361305896124e-06,7.4283653715098035e-06,7.4283694370634215e-06,7.428373502566382e-06,7.428377568014437e-06,7.428381633406609e-06,7.4283856987452606e-06,7.4283897640235725e-06,7.428393829254254e-06,7.428397894448571e-06,7.428401959566372e-06,7.428406024637464e-06,7.428410089646076e-06,7.4284141546001146e-06,7.428418219499601e-06,7.4284222843491045e-06,7.428426349140428e-06,7.428430413873858e-06,7.42843447855429e-06,7.428438543181463e-06,7.428442607750218e-06,7.428446672266253e-06,7.428450736725909e-06,7.428454801133389e-06,7.428458865484484e-06,7.428462929778312e-06,7.428466994019738e-06,7.428471058206174e-06,7.428475122336835e-06,7.4284791864217875e-06,7.428483250444197e-06,7.428487314413525e-06,7.428491378325273e-06,7.428495442186803e-06,7.428499505991781e-06,7.428503569739616e-06,7.428507633431307e-06,7.428511697069975e-06,7.428515760653329e-06,7.428519824182049e-06,7.428523887649861e-06,7.428527951066256e-06,7.428532014426407e-06,7.428536077735376e-06,7.428540141004567e-06,7.428544204204023e-06,7.428548267348024e-06,7.428552330439423e-06,7.428556393454818e-06,7.428560456434472e-06,7.4285645193571015e-06,7.4285685822282534e-06,7.428572645044847e-06,7.428576707809706e-06,7.428580770515509e-06,7.428584833163698e-06,7.428588895761123e-06,7.428592958303139e-06,7.428597020789867e-06,7.428601083220463e-06,7.42860514559737e-06,7.4286092079206795e-06,7.428613270187742e-06,7.4286173323991085e-06,7.428621394550666e-06,7.4286254566531746e-06,7.428629518701459e-06,7.428633580695584e-06,7.428637642634452e-06,7.428641704509196e-06,7.428645766334302e-06,7.428649828104206e-06,7.428653889823703e-06,7.428657951480701e-06,7.42866201308812e-06,7.428666074642487e-06,7.428670136143898e-06,7.428674197589783e-06,7.428678258987099e-06,7.428682320322391e-06,7.428686381603414e-06,7.428690442828603e-06,7.4286945040000645e-06,7.428698565116386e-06,7.428702626177725e-06,7.428706687184103e-06,7.428710748135918e-06,7.428714809034908e-06,7.428718869876965e-06,7.4287229306641125e-06,7.4287269913966705e-06,7.4287310520753776e-06,7.428735112698408e-06,7.428739173266015e-06,7.428743233779589e-06,7.4287472942385e-06,7.428751354641772e-06,7.4287554149901665e-06,7.428759475283581e-06,7.428763535521714e-06,7.428767595712432e-06,7.428771655842639e-06,7.428775715915159e-06,7.428779775928857e-06,7.428783835893985e-06,7.428787895804112e-06,7.4287919556597324e-06,7.428796015460828e-06,7.42880007520698e-06,7.428804134903537e-06,7.428808194542706e-06,7.428812254124222e-06,7.428816313650897e-06,7.428820373123254e-06,7.4288244325409055e-06,7.4288284919031845e-06,7.428832551211402e-06,7.428836610466721e-06,7.428840669652709e-06,7.428844728795809e-06,7.428848787883503e-06,7.428852846922097e-06,7.428856905900779e-06,7.428860964824705e-06,7.428865023697316e-06,7.428869082511707e-06,7.428873141276233e-06,7.428877199982653e-06,7.428881258637772e-06,7.4288853172358065e-06,7.428889375776149e-06,7.428893434266802e-06,7.428897492697216e-06,7.4289015510700585e-06,7.428905609392729e-06,7.428909667658249e-06,7.42891372586321e-06,7.428917784020009e-06,7.428921842121835e-06,7.428925900165679e-06,7.428929958158608e-06,7.4289340160964625e-06,7.428938073979803e-06,7.428942131806618e-06,7.428946189582374e-06,7.428950247307968e-06,7.428954304971643e-06,7.4289583625808044e-06,7.428962420135026e-06,7.428966477635133e-06,7.428970535079909e-06,7.428974592469044e-06,7.428978649804659e-06,7.428982707089626e-06,7.428986764323487e-06,7.42899082149437e-06,7.428994878610669e-06,7.4289989356686965e-06,7.429002992675355e-06,7.429007049626069e-06,7.42901110652324e-06,7.429015163365273e-06,7.429019220152962e-06,7.4290232768976835e-06,7.429027333575876e-06,7.4290313901968e-06,7.429035446760918e-06,7.429039503275222e-06,7.429043559729619e-06,7.429047616132352e-06,7.429051672481871e-06,7.429055728777103e-06,7.429059785017024e-06,7.429063841202429e-06,7.429067897332722e-06,7.429071953407792e-06,7.429076009430012e-06,7.4290800653962875e-06,7.4290841213075204e-06,7.429088177163938e-06,7.429092232965676e-06,7.429096288703884e-06,7.429100344393978e-06,7.429104400032762e-06,7.429108455615379e-06,7.429112511143777e-06,7.429116566619449e-06,7.429120622036929e-06,7.4291246774035115e-06,7.42912873271449e-06,7.429132787983619e-06,7.429136843177818e-06,7.4291408983223075e-06,7.429144953412113e-06,7.429149008447431e-06,7.429153063427478e-06,7.429157118351164e-06,7.429161173222175e-06,7.42916522804075e-06,7.429169282807228e-06,7.429173337511665e-06,7.429177392182744e-06,7.429181446779867e-06,7.429185501322321e-06,7.429189555810155e-06,7.429193610243823e-06,7.429197664630156e-06,7.429201718953166e-06,7.429205773223033e-06,7.4292098274371005e-06,7.429213881596478e-06,7.429217935700915e-06,7.429221989751086e-06,7.429226043746498e-06,7.429230097679682e-06,7.4292341515631014e-06,7.429238205393837e-06,7.4292422591698395e-06,7.429246312887818e-06,7.429250366555086e-06,7.429254420167172e-06,7.429258473728411e-06,7.4292625272311005e-06,7.4292665806778005e-06,7.4292706340695195e-06,7.429274687408369e-06,7.429278740691904e-06,7.429282793921469e-06,7.4292868470961895e-06,7.429290900214894e-06,7.4292949532815935e-06,7.429299006301813e-06,7.4293030592573925e-06,7.429307112141562e-06,7.429311164987088e-06,7.429315217777437e-06,7.429319270514157e-06,7.4293233231736775e-06,7.429327375799205e-06,7.429331428372607e-06,7.42933548089238e-06,7.429339533354995e-06,7.4293435857625535e-06,7.429347638115709e-06,7.429351690413678e-06,7.429355742657697e-06,7.429359794841884e-06,7.429363846979175e-06,7.429367899058923e-06,7.429371951083061e-06,7.429376003053289e-06,7.429380054968644e-06,7.4293841068294216e-06,7.429388158636716e-06,7.429392210387736e-06,7.4293962620841635e-06,7.429400313714697e-06,7.429404365300839e-06,7.429408416847944e-06,7.429412468326022e-06,7.429416519748773e-06,7.429420571117081e-06,7.4294246224307045e-06,7.429428673689412e-06,7.429432724895344e-06,7.429436776044821e-06,7.429440827139264e-06,7.429444878180344e-06,7.429448929165879e-06,7.429452980096119e-06,7.429457030975426e-06,7.42946108179679e-06,7.429465132561008e-06,7.429469183272845e-06,7.429473233929906e-06,7.429477284532229e-06,7.429481335079727e-06,7.4294853855728564e-06,7.429489436010585e-06,7.429493486394431e-06,7.429497536717775e-06,7.429501586987737e-06,7.42950563720761e-06,7.429509687374104e-06,7.429513737484142e-06,7.429517787538891e-06,7.4295218375369995e-06,7.429525887482762e-06,7.429529937373956e-06,7.4295339872104076e-06,7.429538036992171e-06,7.429542086743641e-06,7.429546136418436e-06,7.429550186035684e-06,7.429554235598342e-06,7.429558285106945e-06,7.42956233456033e-06,7.429566383958948e-06,7.429570433302991e-06,7.429574482593145e-06,7.429578531826669e-06,7.429582581003151e-06,7.4295866301284085e-06,7.429590679199034e-06,7.429594728214907e-06,7.429598777174967e-06,7.42960282606791e-06,7.4296068749176096e-06,7.429610923716309e-06,7.429614972459015e-06,7.429619021145677e-06,7.429623069778687e-06,7.4296271183605805e-06,7.4296311668851416e-06,7.429635215354706e-06,7.429639263769062e-06,7.429643312128704e-06,7.429647360433516e-06,7.429651408680324e-06,7.429655456876434e-06,7.429659505021283e-06,7.429663553107695e-06,7.429667601138517e-06,7.429671649120615e-06,7.429675697044211e-06,7.429679744913837e-06,7.429683792726129e-06,7.429687840484254e-06,7.429691888182238e-06,7.429695935831218e-06,7.429699983424884e-06,7.429704030965147e-06,7.429708078454303e-06,7.429712125884356e-06,7.429716173260151e-06,7.429720220579784e-06,7.429724267843737e-06,7.429728315054834e-06,7.429732362208392e-06,7.429736409311143e-06,7.4297404563582445e-06,7.429744503353759e-06,7.429748550292222e-06,7.429752597183242e-06,7.4297566440124745e-06,7.429760690786737e-06,7.429764737506265e-06,7.4297687841709565e-06,7.429772830781467e-06,7.429776877330461e-06,7.429780923830851e-06,7.429784970276667e-06,7.429789016669621e-06,7.4297930630066496e-06,7.429797109284231e-06,7.429801155511957e-06,7.429805201678865e-06,7.4298092477971755e-06,7.429813293859553e-06,7.429817339868418e-06,7.429821385824702e-06,7.4298254317244165e-06,7.4298294775672415e-06,7.42983352335741e-06,7.429837569092921e-06,7.429841614773762e-06,7.4298456604020455e-06,7.429849705972689e-06,7.429853751489674e-06,7.429857796949839e-06,7.42986184235059e-06,7.429865887703478e-06,7.429869932997278e-06,7.429873978233234e-06,7.429878023428671e-06,7.4298820685365585e-06,7.429886113607697e-06,7.429890158631644e-06,7.429894203602074e-06,7.429898248518124e-06,7.42990229338043e-06,7.429906338173702e-06,7.429910382925444e-06,7.4299144276241995e-06,7.429918472267583e-06,7.429922516855801e-06,7.4299265613902415e-06,7.429930605868696e-06,7.42993465029333e-06,7.429938694661171e-06,7.42994273897611e-06,7.429946783234087e-06,7.4299508274388686e-06,7.429954871584016e-06,7.429958915680017e-06,7.4299629597215755e-06,7.429967003706962e-06,7.429971047639169e-06,7.429975091516761e-06,7.429979135339237e-06,7.429983179108055e-06,7.429987222827928e-06,7.429991266486241e-06,7.429995310090561e-06,7.429999353652797e-06,7.4300033971471215e-06,7.430007440587497e-06,7.430011483974855e-06,7.43001552730428e-06,7.430019570575886e-06,7.430023613796366e-06,7.4300276569636545e-06,7.430031700076226e-06,7.430035743134399e-06,7.430039786137897e-06,7.430043829084291e-06,7.430047871978507e-06,7.430051914818178e-06,7.430055957603288e-06,7.430060000333441e-06,7.4300640430244135e-06,7.430068085645274e-06,7.430072128207663e-06,7.4300761707196536e-06,7.4300802131707774e-06,7.430084255573156e-06,7.430088297920833e-06,7.430092340214005e-06,7.4300963824547695e-06,7.430100424642363e-06,7.430104466771639e-06,7.430108508846067e-06,7.430112550865595e-06,7.430116592830844e-06,7.4301206347379905e-06,7.430124676583835e-06,7.43012871838597e-06,7.4301327601308755e-06,7.430136801827067e-06,7.430140843465035e-06,7.430144885047828e-06,7.430148926576366e-06,7.430152968052955e-06,7.4301570094758545e-06,7.430161050840824e-06,7.4301650921508e-06,7.430169133405938e-06,7.430173174607109e-06,7.4301772157535905e-06,7.430181256845482e-06,7.4301852978823745e-06,7.430189338875487e-06,7.430193379803145e-06,7.430197420678564e-06,7.430201461497631e-06,7.430205502260046e-06,7.430209542967571e-06,7.4302135836216666e-06,7.4302176242195814e-06,7.430221664765177e-06,7.430225705260203e-06,7.430229745696539e-06,7.430233786079123e-06,7.4302378264063296e-06,7.4302418666795284e-06,7.430245906895917e-06,7.430249947059268e-06,7.43025398716777e-06,7.430258027219024e-06,7.430262067218494e-06,7.430266107162942e-06,7.4302701470532835e-06,7.4302741868900165e-06,7.430278226670537e-06,7.4302822663956e-06,7.430286306069843e-06,7.430290345692126e-06,7.430294385255086e-06,7.430298424763014e-06,7.430302464203484e-06,7.430306503601839e-06,7.430310542946134e-06,7.430314582230957e-06,7.430318621464291e-06,7.4303226606447025e-06,7.430326699769506e-06,7.430330738842199e-06,7.430334777858738e-06,7.43033881680863e-06,7.4303428557152846e-06,7.4303468945688266e-06,7.43035093338871e-06,7.430354972132524e-06,7.430359010821667e-06,7.430363049454945e-06,7.4303670880349165e-06,7.430371126560495e-06,7.430375165034418e-06,7.430379203450684e-06,7.430383241812417e-06,7.430387280120028e-06,7.430391318365694e-06,7.430395356563476e-06,7.4303993947067975e-06,7.43040343279506e-06,7.43040747083007e-06,7.430411508810053e-06,7.430415546735336e-06,7.430419584605636e-06,7.430423622421495e-06,7.430427660183135e-06,7.430431697891881e-06,7.4304357355429275e-06,7.430439773135392e-06,7.430443810676614e-06,7.43044784816508e-06,7.430451885599907e-06,7.430455922976389e-06,7.430459960296424e-06,7.430463997566136e-06,7.430468034781828e-06,7.430472071943055e-06,7.430476109051522e-06,7.4304801460992e-06,7.430484183095243e-06,7.4304882200490655e-06,7.430492256939297e-06,7.430496293770787e-06,7.430500330549381e-06,7.430504367272418e-06,7.430508403938453e-06,7.4305124405541794e-06,7.430516477114808e-06,7.430520513622139e-06,7.430524550073715e-06,7.430528586471247e-06,7.430532622810131e-06,7.43053665909759e-06,7.43054069533079e-06,7.430544731508502e-06,7.430548767632525e-06,7.430552803702284e-06,7.4305568397298064e-06,7.430560875694823e-06,7.430564911600867e-06,7.430568947451898e-06,7.430572983248342e-06,7.430577018991674e-06,7.4305810546732435e-06,7.430585090307355e-06,7.43058912588611e-06,7.430593161392407e-06,7.430597196861283e-06,7.430601232276409e-06,7.430605267638269e-06,7.430609302942279e-06,7.430613338186177e-06,7.430617373387442e-06,7.430621408525038e-06,7.430625443612969e-06,7.430629478644687e-06,7.430633513622797e-06,7.430637548545691e-06,7.430641583415254e-06,7.43064561823112e-06,7.430649652992081e-06,7.430653687696212e-06,7.43065772234664e-06,7.430661756943472e-06,7.430665791495383e-06,7.430669825982301e-06,7.430673860415445e-06,7.430677894794348e-06,7.430681929118767e-06,7.430685963388562e-06,7.430689997603615e-06,7.430694031777006e-06,7.430698065881319e-06,7.430702099931975e-06,7.430706133929811e-06,7.4307101678719425e-06,7.430714201760334e-06,7.430718235591931e-06,7.430722269370654e-06,7.430726303094581e-06,7.430730336763714e-06,7.430734370378799e-06,7.4307384039391846e-06,7.430742437445857e-06,7.430746470897305e-06,7.430750504294062e-06,7.430754537636057e-06,7.430758570923783e-06,7.430762604158872e-06,7.430766637332907e-06,7.430770670456527e-06,7.430774703527748e-06,7.430778736542951e-06,7.430782769503669e-06,7.430786802410423e-06,7.430790835263055e-06,7.430794868059921e-06,7.430798900802354e-06,7.43080293349044e-06,7.430806966123822e-06,7.430810998702003e-06,7.430815031226333e-06,7.4308190636960666e-06,7.430823096103273e-06,7.430827128464439e-06,7.430831160770598e-06,7.430835193027134e-06,7.430839225221756e-06,7.430843257363527e-06,7.430847289452075e-06,7.43085132148563e-06,7.4308553534668714e-06,7.430859385391852e-06,7.43086341726233e-06,7.4308674490784e-06,7.430871480839575e-06,7.430875512546753e-06,7.430879544199533e-06,7.430883575798719e-06,7.43088760734188e-06,7.430891638829253e-06,7.430895670263465e-06,7.430899701643698e-06,7.430903732974934e-06,7.4309077642455905e-06,7.430911795462297e-06,7.43091582662395e-06,7.430919857731228e-06,7.4309238887841e-06,7.430927919780851e-06,7.430931950724403e-06,7.430935981613322e-06,7.430940012447667e-06,7.430944043227808e-06,7.430948073953595e-06,7.4309521046244865e-06,7.430956135242545e-06,7.430960165798486e-06,7.430964196302469e-06,7.430968226755768e-06,7.430972257154636e-06,7.430976287498694e-06,7.430980317788541e-06,7.430984348024117e-06,7.430988378204106e-06,7.430992408332001e-06,7.430996438391407e-06,7.431000468406055e-06,7.431004498368757e-06,7.431008528276965e-06,7.431012558133092e-06,7.431016587933626e-06,7.431020617677875e-06,7.431024647381117e-06,7.43102867701776e-06,7.431032706598973e-06,7.431036736119432e-06,7.431040765591676e-06,7.431044795002962e-06,7.431048824366953e-06,7.431052853671607e-06,7.4310568829255215e-06,7.431060912124946e-06,7.431064941270149e-06,7.4310689703594975e-06,7.431072999395452e-06,7.43107702837734e-06,7.43108105730804e-06,7.431085086180512e-06,7.431089114995541e-06,7.431093143759916e-06,7.431097172468961e-06,7.431101201123637e-06,7.431105229724176e-06,7.431109258269746e-06,7.43111328676091e-06,7.431117315198695e-06,7.43112134357973e-06,7.431125371906848e-06,7.431129400180516e-06,7.43113342839958e-06,7.431137456564064e-06,7.431141484673503e-06,7.431145512728766e-06,7.431149540729962e-06,7.431153568671901e-06,7.431157596565387e-06,7.4311616244032815e-06,7.431165652183283e-06,7.431169679910631e-06,7.431173707583441e-06,7.4311777352032e-06,7.431181762768643e-06,7.431185790280794e-06,7.43118981773674e-06,7.431193845136895e-06,7.431197872484208e-06,7.431201899770213e-06,7.4312059270032426e-06,7.431209954186076e-06,7.4312139813112786e-06,7.43121800838639e-06,7.431222035407313e-06,7.43122606237533e-06,7.431230089290521e-06,7.431234116147771e-06,7.431238142952446e-06,7.431242169717008e-06,7.431246196410482e-06,7.431250223049995e-06,7.43125424963506e-06,7.43125827616554e-06,7.431262302641303e-06,7.43126632906276e-06,7.4312703554311665e-06,7.431274381743516e-06,7.431278407997953e-06,7.431282434201229e-06,7.43128646035027e-06,7.43129048644885e-06,7.431294512488043e-06,7.431298538473485e-06,7.4313025644045166e-06,7.431306590279195e-06,7.431310616101302e-06,7.431314641869086e-06,7.431318667582673e-06,7.431322693241794e-06,7.431326718844636e-06,7.431330744394986e-06,7.431334769890742e-06,7.431338795334666e-06,7.431342820721141e-06,7.431346846049682e-06,7.431350871327404e-06,7.431354896540182e-06,7.431358921708755e-06,7.431362946823853e-06,7.431366971880297e-06,7.431370996885923e-06,7.43137502183693e-06,7.431379046731439e-06,7.431383071573897e-06,7.431387096346187e-06,7.431391121079673e-06,7.431395145752529e-06,7.431399170377894e-06,7.4314031949434686e-06,7.4314072194609415e-06,7.43141124392195e-06,7.431415268329657e-06,7.431419292677503e-06,7.431423316972937e-06,7.4314273412163285e-06,7.431431365405527e-06,7.431435389536652e-06,7.4314394136165835e-06,7.431443437642127e-06,7.431447461612628e-06,7.431451485521476e-06,7.431455509383519e-06,7.431459533201688e-06,7.431463556953869e-06,7.431467580655297e-06,7.431471604301884e-06,7.4314756278818084e-06,7.43147965141739e-06,7.431483674898865e-06,7.431487698324811e-06,7.431491721697325e-06,7.431495744999657e-06,7.431499768263e-06,7.4315037914949635e-06,7.4315078146500526e-06,7.431511837750272e-06,7.431515860796775e-06,7.431519883780716e-06,7.431523906717979e-06,7.431527929600255e-06,7.431531952428113e-06,7.4315359752007736e-06,7.431539997919966e-06,7.431544020583661e-06,7.431548043194108e-06,7.4315520657476084e-06,7.431556088250575e-06,7.431560110697144e-06,7.431564133089831e-06,7.431568155412428e-06,7.431572177696825e-06,7.431576199925649e-06,7.4315802221007425e-06,7.431584244221386e-06,7.431588266284246e-06,7.431592288296499e-06,7.43159631025364e-06,7.4316003321549775e-06,7.431604354004698e-06,7.431608375798667e-06,7.4316123975378135e-06,7.431616419221142e-06,7.431620440851638e-06,7.431624462428372e-06,7.431628483949506e-06,7.431632505417054e-06,7.431636526831999e-06,7.431640548187265e-06,7.43164456949158e-06,7.431648590742118e-06,7.431652611938252e-06,7.431656633080581e-06,7.431660654164966e-06,7.431664675199372e-06,7.431668696176972e-06,7.431672717100931e-06,7.431676737969731e-06,7.43168075877852e-06,7.431684779538973e-06,7.431688800245016e-06,7.431692820901096e-06,7.431696841496652e-06,7.431700862056837e-06,7.4317048825405485e-06,7.431708902974025e-06,7.4317129233537175e-06,7.431716943679213e-06,7.431720963950226e-06,7.431724984166344e-06,7.431729004328991e-06,7.431733024439897e-06,7.431737044486064e-06,7.431741064484887e-06,7.431745084429492e-06,7.431749104320155e-06,7.4317531241574265e-06,7.431757143938358e-06,7.431761163665391e-06,7.4317651833378435e-06,7.431769202954195e-06,7.431773222523477e-06,7.431777242030864e-06,7.4317812614854204e-06,7.4317852809128005e-06,7.431789300258954e-06,7.431793319550956e-06,7.43179733878813e-06,7.431801357970227e-06,7.431805377093882e-06,7.431809396167812e-06,7.431813415187659e-06,7.431817434152939e-06,7.431821453064119e-06,7.431825471920701e-06,7.431829490723278e-06,7.431833509470449e-06,7.431837528157803e-06,7.431841546801975e-06,7.431845565386078e-06,7.431849583916445e-06,7.431853602394862e-06,7.431857620815986e-06,7.431861639182636e-06,7.431865657502229e-06,7.43186967576068e-06,7.431873693966192e-06,7.431877712116562e-06,7.431881730211748e-06,7.4318857482407525e-06,7.431889766229129e-06,7.43189378416306e-06,7.4318978020406985e-06,7.431901819863687e-06,7.43190583763245e-06,7.431909855347442e-06,7.431913873007465e-06,7.43191789060832e-06,7.431921908163938e-06,7.431925925664621e-06,7.431929943106655e-06,7.431933960494609e-06,7.431937977826975e-06,7.431941995101174e-06,7.431946012325534e-06,7.431950029495028e-06,7.4319540466115075e-06,7.4319580636736455e-06,7.431962080679029e-06,7.431966097637584e-06,7.4319701145365725e-06,7.431974131381225e-06,7.431978148169638e-06,7.431982164904972e-06,7.4319861815870556e-06,7.43199019821554e-06,7.431994214781421e-06,7.431998231295639e-06,7.432002247760215e-06
14,2.285193168971659e-65,9.873591228009314e-65,2.646479759160375e-64,5.605061465759694e-64,1.0349443580639511e-63,1.7425947860152408e-63,2.7455520245961366e-63,4.1117410774698196e-63,5.917042722961303e-63,8.237595923292692e-63,1.1160562109785619e-62,1.4777182699677037e-62,1.9184350769386423e-62,2.4484743896422244e-62,3.074063702314349e-62,3.8150290251921384e-62,4.679496189141638e-62,5.680050920643318e-62,6.82984218875291e-62,8.142626039879076e-62,9.622606632217697e-62,1.1292327850668635e-61,1.3179719200819864e-61,1.5290850064305169e-61,1.764246464503542e-61,2.0251858698469768e-61,2.3136980489317465e-61,2.6316338881192526e-61,2.980905660821921e-61,3.363485739624929e-61,3.7814065897783564e-61,4.236760751415244e-61,4.731700812713611e-61,5.268439375969956e-61,5.849249018198692e-61,6.476462247651711e-61,7.152471457376389e-61,7.879728876729607e-61,8.66074652161537e-61,9.49809614398053e-61,1.0394409181065329e-60,1.1352376704699647e-60,1.2374749370960924e-60,1.3464337370301276e-60,1.4624010378303863e-60,1.5856697507150057e-60,1.716538725778828e-60,1.8553127472861987e-60,2.0023025290368763e-60,2.1578247098018402e-60,2.322201848828184e-60,2.4957624214043156e-60,2.6788408144848606e-60,2.8717773223741614e-60,3.074918142450222e-60,3.2886153709422973e-60,3.513226998744195e-60,3.749116907269007e-60,3.996654864330725e-60,4.256216520056921e-60,4.5281834028344555e-60,4.812942915267587e-60,5.110888330169282e-60,5.422418786558785e-60,5.747939285682711e-60,6.087860687054615e-60,6.442599704495609e-60,6.812578902199713e-60,7.198226690799457e-60,7.59997732344865e-60,8.018270891905791e-60,8.453553322634138e-60,8.906276372898704e-60,9.376897626880319e-60,9.865880491780429e-60,1.0373694193954139e-59,1.090081377502216e-59,1.1447720088000405e-59,1.2014899793442679e-59,1.260284535556629e-59,1.3212055038397376e-59,1.3843032901917292e-59,1.4496288798206654e-59,1.5172338367590989e-59,1.5871703034810928e-59,1.6594910005161584e-59,1.7342492260662068e-59,1.811498855621851e-59,1.8912943415785102e-59,1.9736907128539078e-59,2.058743574504723e-59,2.1465091073436423e-59,2.2370440675584134e-59,2.330405786328533e-59,2.4266521694437085e-59,2.5258416969224603e-59,2.628033422631902e-59,2.7332869739045577e-59,2.841662551159544e-59,2.9532209275214404e-59,3.0680234484395563e-59,3.1861320313091466e-59,3.307609165090567e-59,3.4325179099306997e-59,3.560921896782843e-59,3.692885327028389e-59,3.828472972098964e-59,3.9677501730964164e-59,4.110782840414819e-59,4.257637453364748e-59,4.408381059791968e-59,4.5630812757026775e-59,4.721806284885985e-59,4.88462483853802e-59,5.051606254881266e-59,5.222820418792312e-59,5.3983377814246856e-59,5.5782293598321565e-59,5.7625667365927455e-59,5.95142205943577e-59,6.1448680408628e-59,6.3429779577759776e-59,6.545825651103615e-59,6.7534855254215235e-59,6.966032548584924e-59,7.183542251350326e-59,7.406090727002415e-59,7.63375463098293e-59,7.866611180514798e-59,8.104738154230071e-59,8.348213891798677e-59,8.597117293555487e-59,8.85152782012498e-59,9.111525492053533e-59,9.377190889438048e-59,9.648605151548456e-59,9.925849976465285e-59,1.0209007620703101e-58,1.0498160898838194e-58,1.0793393183144881e-58,1.1094788403220397e-58,1.1402431045615828e-58,1.1716406153465915e-58,1.2036799326121597e-58,1.2363696718780623e-58,1.2697185042115136e-58,1.303735156190749e-58,1.338428409868101e-58,1.3738071027326621e-58,1.4098801276743364e-58,1.4466564329465126e-58,1.48414502212938e-58,1.5223549540932053e-58,1.5612953429619853e-58,1.600975358076158e-58,1.641404223956418e-58,1.682591220267118e-58,1.7245456817793983e-58,1.7672769983346833e-58,1.810794614808359e-58,1.8551080310729814e-58,1.9002268019617968e-58,1.9461605372325803e-58,1.992918901530692e-58,2.0405116143531256e-58,2.0889484500119355e-58,2.1382392375974434e-58,2.1883938609425354e-58,2.2394222585862612e-58,2.2913344237368095e-58,2.344140404236096e-58,2.397850302523157e-58,2.4524742755978684e-58,2.508022534984622e-58,2.564505346696641e-58,2.621933031199223e-58,2.6803159633738044e-58,2.739664572482059e-58,2.7999893421299538e-58,2.8613008102307183e-58,2.923609568970075e-58,2.9869262647694693e-58,3.051261598250186e-58,3.1166263241973497e-58,3.1830312515243164e-58,3.250487243236439e-58,3.319005216395056e-58,3.388596142082213e-58,3.459271045363943e-58,3.5310410052551154e-58,3.603917154683664e-58,3.6779106804543565e-58,3.753032823213208e-58,3.829294877412161e-58,3.9067081912727505e-58,3.98528416675072e-58,4.065034259500619e-58,4.145969978839639e-58,4.228102887712556e-58,4.3114446026557164e-58,4.396006793761702e-58,4.4818011846435524e-58,4.568839552399749e-58,4.657133727577975e-58,4.746695594140859e-58,4.837537089429098e-58,4.929670204126724e-58,5.02310698222608e-58,5.11785952099201e-58,5.213939970925752e-58,5.311360535731716e-58,5.410133472280158e-58,5.510271090572586e-58,5.611785753707124e-58,5.714689877841976e-58,5.818995932161382e-58,5.924716438840328e-58,6.031863973008431e-58,6.140451162715842e-58,6.2504906888980954e-58,6.361995285339907e-58,6.47497773864093e-58,6.589450888181833e-58,6.705427626087294e-58,6.822920897191592e-58,6.941943699004099e-58,7.062509081674634e-58,7.184630147957181e-58,7.308320053176213e-58,7.43359200519187e-58,7.560459264363858e-58,7.688935143518253e-58,7.819033007911068e-58,7.950766275194672e-58,8.08414841538313e-58,8.21919295081595e-58,8.355913456124907e-58,8.494323558199364e-58,8.634436936149613e-58,8.776267321275521e-58,8.919828497028808e-58,9.065134298980122e-58,9.212198614784513e-58,9.361035384145534e-58,9.511658598782532e-58,9.66408230239431e-58,9.818320590626012e-58,9.974387611034714e-58,1.0132297563053091e-57,1.0292064697958233e-57,1.0453703318834458e-57,1.06172277805391e-57,1.0782652489671197e-57,1.0949991904532661e-57,1.1119260535096744e-57,1.1290472942974649e-57,1.1463643741378494e-57,1.1638787595089054e-57,1.1815919220421492e-57,1.1995053385189618e-57,1.2176204908673403e-57,1.2359388661584654e-57,1.2544619566031486e-57,1.2731912595485737e-57,1.2921282774748993e-57,1.311274517991678e-57,1.3306314938346805e-57,1.3502007228622844e-57,1.3699837280522162e-57,1.3899820374981248e-57,1.4101971844062297e-57,1.4306307070917695e-57,1.4512841489757891e-57,1.472159058581744e-57,1.4932569895318855e-57,1.5145795005443227e-57,1.536128155429101e-57,1.5579045230852196e-57,1.5799101774971188e-57,1.6021466977314026e-57,1.6246156679331764e-57,1.6473186773231582e-57,1.6702573201939024e-57,1.6934331959065347e-57,1.716847908887539e-57,1.740503068625182e-57,1.7644002896663245e-57,1.7885411916130074e-57,1.8129273991190848e-57,1.8375605418869746e-57,1.8624422546640925e-57,1.887574177239743e-57,1.9129579544415818e-57,1.938595236132387e-57,1.964487677206796e-57,1.990636937587714e-57,2.017044682223195e-57,2.043712581083138e-57,2.0706423091556593e-57,2.097835546444213e-57,2.1252939779638502e-57,2.1530192937382038e-57,2.1810131887958776e-57,2.2092773631673636e-57,2.2378135218816435e-57,2.266623374962939e-57,2.2957086374271896e-57,2.3250710292790314e-57,2.3547122755082046e-57,2.384634106086534e-57,2.414838255964331e-57,2.4453264650673015e-57,2.476100478293262e-57,2.5071620455085615e-57,2.5385129215452605e-57,2.570154866197424e-57,2.6020896442179187e-57,2.6343190253152377e-57,2.6668447841501735e-57,2.6996687003325027e-57,2.7327925584178117e-57,2.7662181479039496e-57,2.79994726322803e-57,2.8339817037631097e-57,2.8683232738146453e-57,2.9029737826177194e-57,2.9379350443332867e-57,2.973208878045158e-57,3.0087971077568734e-57,3.0447015623879227e-57,3.0809240757709004e-57,3.117466486648476e-57,3.1543306386694363e-57,3.1915183803859937e-57,3.229031565250344e-57,3.266872051611454e-57,3.305041702711869e-57,3.3435423866842467e-57,3.382375976548432e-57,3.4215443502078766e-57,3.461049390446658e-57,3.500892984926247e-57,3.5410770261820364e-57,3.5816034116203224e-57,3.622474043515112e-57,3.663690829004626e-57,3.705255680088406e-57,3.7471705136237786e-57,3.7894372513228686e-57,3.832057819749285e-57,3.875034150314997e-57,3.918368179276918e-57,3.962061847733867e-57,4.0061171016233815e-57,4.05053589171829e-57,4.095320173623823e-57,4.140471907774043e-57,4.1859930594289414e-57,4.2318855986711596e-57,4.2781515004027286e-57,4.3247927443419365e-57,4.371811315020203e-57,4.419209201778623e-57,4.466988398765014e-57,4.515150904930804e-57,4.5636987240275016e-57,4.612633864603825e-57,4.661958340002528e-57,4.7116741683570065e-57,4.7617833725880507e-57,4.812287980401222e-57,4.863190024283141e-57,4.91449154149827e-57,4.966194574086372e-57,5.01830116885874e-57,5.0708133773951294e-57,5.12373325604081e-57,5.17706286590338e-57,5.230804272849248e-57,5.284959547501138e-57,5.339530765234253e-57,5.394520006173621e-57,5.449929355190594e-57,5.505760901899925e-57,5.562016740656556e-57,5.618698970552581e-57,5.675809695413826e-57,5.733351023796956e-57,5.791325068986413e-57,5.849733948990911e-57,5.908579786540651e-57,5.967864709084169e-57,6.027590848784911e-57,6.087760342518401e-57,6.148375331869174e-57,6.209437963127152e-57,6.270950387285331e-57,6.332914760035994e-57,6.395333241767704e-57,6.458207997562432e-57,6.521541197192414e-57,6.585335015116753e-57,6.649591630478674e-57,6.714313227101974e-57,6.779501993488736e-57,6.845160122815017e-57,6.911289812928867e-57,6.977893266346812e-57,7.044972690250496e-57,7.112530296483938e-57,7.180568301550477e-57,7.249088926609285e-57,7.318094397472658e-57,7.387586944603046e-57,7.45756880310918e-57,7.528042212743976e-57,7.599009417901061e-57,7.670472667611431e-57,7.742434215540579e-57,7.814896319986125e-57,7.88786124387305e-57,7.961331254752173e-57,8.03530862479708e-57,8.10979563079953e-57,8.184794554167939e-57,8.260307680924307e-57,8.33633730169962e-57,8.41288571173261e-57,8.48995521086565e-57,8.567548103541711e-57,8.645666698802104e-57,8.724313310282657e-57,8.80349025621062e-57,8.883199859402248e-57,8.963444447259597e-57,9.044226351767158e-57,9.125547909488644e-57,9.207411461564855e-57,9.289819353709797e-57,9.372773936207703e-57,9.45627756391105e-57,9.540332596235612e-57,9.624941397159105e-57,9.710106335218124e-57,9.795829783503574e-57,9.88211411965944e-57,9.968961725878512e-57,1.0056374988900381e-56,1.0144356300007368e-56,1.0232908055022918e-56,1.0322032654306614e-56,1.0411732502752855e-56,1.0502010009787548e-56,1.059286758936459e-56,1.0684307659962817e-56,1.077633264458422e-56,1.0868944970748818e-56,1.0962147070493538e-56,1.1055941380369096e-56,1.1150330341435357e-56,1.1245316399260314e-56,1.134090200391572e-56,1.14370896099752e-56,1.1533881676510394e-56,1.1631280667088058e-56,1.1729289049767581e-56,1.1827909297098063e-56,1.1927143886115018e-56,1.2026995298336517e-56,1.2127466019761728e-56,1.2228558540867613e-56,1.2330275356605087e-56,1.2432618966397268e-56,1.2535591874135542e-56,1.2639196588176987e-56,1.274343562134109e-56,1.284831149090738e-56,1.295382671861279e-56,1.305998383064685e-56,1.3166785357650573e-56,1.3274233834713235e-56,1.3382331801368852e-56,1.3491081801593416e-56,1.3600486383802064e-56,1.3710548100845731e-56,1.3821269510008946e-56,1.393265317300714e-56,1.4044701655982141e-56,1.4157417529500197e-56,1.4270803368549713e-56,1.4384861752536968e-56,1.4499595265284538e-56,1.4615006495027373e-56,1.4731098034409921e-56,1.4847872480484097e-56,1.4965332434705468e-56,1.5083480502930295e-56,1.5202319295413266e-56,1.5321851426804951e-56,1.5442079516146875e-56,1.5563006186870578e-56,1.568463406679479e-56,1.5806965788120438e-56,1.593000398742978e-56,1.605375130568317e-56,1.6178210388215508e-56,1.6303383884733635e-56,1.6429274449313133e-56,1.6555884740396423e-56,1.6683217420788556e-56,1.6811275157655974e-56,1.694006062252123e-56,1.7069576491262203e-56,1.7199825444109228e-56,1.7330810165640053e-56,1.7462533344779103e-56,1.7594997674794299e-56,1.7728205853293368e-56,1.7862160582221017e-56,1.799686456785755e-56,1.813232052081337e-56,1.8268531156028353e-56,1.8405499192768974e-56,1.8543227354623222e-56,1.8681718369500347e-56,1.8820974969626505e-56,1.8960999891541872e-56,1.9101795876098896e-56,1.9243365668458058e-56,1.9385712018086352e-56,1.952883767875308e-56,1.9672745408528802e-56,1.981743796977985e-56,1.9962918129168133e-56,2.0109188657646436e-56,2.0256252330457038e-56,2.0404111927127424e-56,2.055277023146891e-56,2.0702230031572637e-56,2.0852494119807283e-56,2.100356529281561e-56,2.115544635151294e-56,2.130814010108271e-56,2.146164935097529e-56,2.1615976914903928e-56,2.1771125610841904e-56,2.1927098261020913e-56,2.2083897691927056e-56,2.224152673429806e-56,2.2399988223121578e-56,2.2559284997631296e-56,2.271941990130437e-56,2.2880395781858355e-56,2.3042215491249498e-56,2.3204881885668794e-56,2.336839782553957e-56,2.3532766175514238e-56,2.369798980447232e-56,2.38640715855177e-56,2.403101439597499e-56,2.419882111738671e-56,2.436749463551207e-56,2.4537037840321515e-56,2.4707453625996153e-56,2.487874489092513e-56,2.505091453770031e-56,2.522396547311601e-56,2.539790060816572e-56,2.557272285803862e-56,2.574843514211666e-56,2.5925040383973165e-56,2.610254151136826e-56,2.6280941456247927e-56,2.6460243154740316e-56,2.664044954715162e-56,2.6821563577965503e-56,2.700358819583997e-56,2.7186526353603686e-56,2.737038100825325e-56,2.755515512095213e-56,2.7740851657024828e-56,2.7927473585956755e-56,2.8115023881391605e-56,2.8303505521125844e-56,2.8492921487108557e-56,2.8683274765438866e-56,2.887456834636037e-56,2.906680522426111e-56,2.92599883976709e-56,2.945412086925579e-56,2.9649205645818135e-56,2.9845245738293284e-56,3.0042244161746013e-56,3.024020393536782e-56,3.043912808247547e-56,3.0639019630506974e-56,3.0839881611018806e-56,3.10417170596846e-56,3.1244529016290526e-56,3.144832052473446e-56,3.1653094633021915e-56,3.1858854393263674e-56,3.206560286167269e-56,3.2273343098562264e-56,3.248207816834381e-56,3.2691811139521354e-56,3.2902545084691635e-56,3.31142830805414e-56,3.3327028207841765e-56,3.3540783551448505e-56,3.375555220029928e-56,3.397133724740801e-56,3.4188141789865184e-56,3.4405968928834577e-56,3.462482176954967e-56,3.4844703421310827e-56,3.5065616997484722e-56,3.52875656154981e-56,3.5510552396838516e-56,3.5734580467049734e-56,3.5959652955729072e-56,3.6185772996525613e-56,3.6412943727138135e-56,3.664116828930937e-56,3.687044982882629e-56,3.710079149551753e-56,3.733219644324763e-56,3.756466782991784e-56,3.7798208817461042e-56,3.803282257184113e-56,3.8268512263048083e-56,3.8505281065098124e-56,3.8743132156027286e-56,3.898206871789193e-56,3.9222093936765448e-56,3.946321100273482e-56,3.9705423109897657e-56,3.9948733456361864e-56,4.019314524423913e-56,4.0438661679645606e-56,4.0685285972698637e-56,4.093302133751304e-56,4.118187099219852e-56,4.143183815885912e-56,4.168292606358683e-56,4.193513793646218e-56,4.218847701155166e-56,4.244294652690165e-56,4.269854972453978e-56,4.295528985046958e-56,4.321317015466932e-56,4.347219389108999e-56,4.373236431764947e-56,4.399368469623375e-56,4.425615829269193e-56,4.451978837683435e-56,4.478457822242922e-56,4.505053110720137e-56,4.5317650312829925e-56,4.5585939124942465e-56,4.585540083311574e-56,4.612603873087261e-56,4.639785611567811e-56,4.667085628893702e-56,4.694504255599282e-56,4.722041822612347e-56,4.749698661253877e-56,4.77747510323795e-56,4.8053714806713035e-56,4.833388126053081e-56,4.861525372274808e-56,4.889783552619709e-56,4.918163000762877e-56,4.9466640507706995e-56,4.9752870371008615e-56,5.00403229460188e-56,5.0329001585128745e-56,5.061890964463462e-56,5.091005048473273e-56,5.12024274695194e-56,5.149604396698634e-56,5.17909033490184e-56,5.2087008991392455e-56,5.238436427377329e-56,5.2682972579711e-56,5.298283729663997e-56,5.328396181587495e-56,5.358634953260805e-56,5.389000384590879e-56,5.4194928158717265e-56,5.450112587784531e-56,5.4808600413973145e-56,5.511735518164524e-56,5.542739359926999e-56,5.573871908911528e-56,5.605133507730687e-56,5.636524499382549e-56,5.668045227250381e-56,5.699696035102583e-56,5.731477267092177e-56,5.763389267756863e-56,5.795432382018314e-56,5.827606955182397e-56,5.8599133329385775e-56,5.892351861359846e-56,5.924922886902482e-56,5.957626756405686e-56,5.99046381709136e-56,6.023434416563808e-56,6.056538902809667e-56,6.089777624197479e-56,6.123150929477406e-56,6.15665916778121e-56,6.190302688621707e-56,6.224081841892798e-56,6.257996977869004e-56,6.292048447205309e-56,6.326236600936798e-56,6.360561790478641e-56,6.39502436762557e-56,6.429624684551872e-56,6.464363093811036e-56,6.499239948335276e-56,6.534255601435624e-56,6.569410406801624e-56,6.6047047185009265e-56,6.6401388909790585e-56,6.675713279059283e-56,6.711428237942451e-56,6.747284123206319e-56,6.783281290805707e-56,6.819420097072205e-56,6.855700898713757e-56,6.892124052814508e-56,6.928689916834538e-56,6.965398848609547e-56,7.002251206350733e-56,7.039247348644654e-56,7.0763876344525165e-56,7.113672423110368e-56,7.151102074328853e-56,7.188676948192522e-56,7.226397405160037e-56,7.264263806063896e-56,7.302276512109788e-56,7.340435884876821e-56,7.378742286316993e-56,7.417196078754954e-56,7.455797624887986e-56,7.494547287785438e-56,7.533445430888784e-56,7.5724924180110915e-56,7.6116886133370665e-56,7.651034381422581e-56,7.69053008719445e-56,7.730176095950351e-56,7.769972773358429e-56,7.809920485457004e-56,7.850019598654641e-56,7.890270479729382e-56,7.930673495828928e-56,7.971229014470445e-56,8.01193740353982e-56,8.052799031291886e-56,8.093814266350186e-56,8.134983477706268e-56,8.1763070347199e-56,8.217785307118742e-56,8.259418664997956e-56,8.30120747881997e-56,8.343152119414455e-56,8.385252957977845e-56,8.427510366073198e-56,8.46992471562985e-56,8.512496378943418e-56,8.555225728675323e-56,8.598113137852543e-56,8.641158979867615e-56,8.68436362847807e-56,8.727727457806519e-56,8.771250842340076e-56,8.814934156930455e-56,8.858777776793466e-56,8.902782077508895e-56,8.946947435020145e-56,8.991274225634317e-56,9.035762826021356e-56,9.08041361321459e-56,9.125226964609938e-56,9.17020325796583e-56,9.215342871402878e-56,9.26064618340397e-56,9.306113572813461e-56,9.351745418837418e-56,9.397542101043309e-56,9.44350399935958e-56,9.489631494075437e-56,9.535924965840855e-56,9.582384795665995e-56,9.629011364921294e-56,9.675805055337082e-56,9.722766249003089e-56,9.769895328368693e-56,9.817192676242277e-56,9.864658675791228e-56,9.912293710541717e-56,9.960098164378223e-56,1.0008072421543488e-55,1.0056216866638521e-55,1.0104531884621655e-55,1.0153017860808721e-55,1.020167518087317e-55,1.0250504230845317e-55,1.029950539711211e-55,1.0348679066417583e-55,1.0398025625861484e-55,1.0447545462900016e-55,1.0497238965345049e-55,1.054710652136427e-55,1.0597148519480578e-55,1.0647365348572279e-55,1.069775739787234e-55,1.074832505696842e-55,1.079906871580271e-55,1.0849988764671614e-55,1.0901085594225592e-55,1.0952359595468888e-55,1.1003811159758978e-55,1.1055440678806878e-55,1.1107248544676482e-55,1.1159235149784585e-55,1.1211400886900647e-55,1.126374614914648e-55,1.1316271329995743e-55,1.1368976823274245e-55,1.1421863023159275e-55,1.1474930324179616e-55,1.1528179121215318e-55,1.1581609809497402e-55,1.1635222784607432e-55,1.1689018442477366e-55,1.1742997179389775e-55,1.1797159391976984e-55,1.18515054772213e-55,1.1906035832454695e-55,1.1960750855357899e-55,1.2015650943961318e-55,1.2070736496644043e-55,1.2126007912133615e-55,1.2181465589506176e-55,1.2237109928186578e-55,1.2292941327946553e-55,1.2348960188906265e-55,1.240516691153301e-55,1.2461561896641717e-55,1.251814554539415e-55,1.2574918259298896e-55,1.2631880440211093e-55,1.2689032490332232e-55,1.2746374812209739e-55,1.2803907808737292e-55,1.2861631883153854e-55,1.2919547439044573e-55,1.297765488033866e-55,1.3035954611311065e-55,1.3094447036581295e-55,1.3153132561113169e-55,1.32120115902152e-55,1.3271084529539754e-55,1.3330351785083034e-55,1.3389813763184676e-55,1.3449470870528058e-55,1.3509323514139526e-55,1.3569372101388183e-55,1.3629617039986394e-55,1.369005873798841e-55,1.3750697603790755e-55,1.3811534046132525e-55,1.387256847409387e-55,1.3933801297096882e-55,1.3995232924905391e-55,1.4056863767623762e-55,1.4118694235697442e-55,1.4180724739912552e-55,1.4242955691395468e-55,1.4305387501613163e-55,1.4368020582372418e-55,1.4430855345819784e-55,1.449389220444116e-55,1.4557131571062358e-55,1.4620573858847482e-55,1.4684219481300128e-55,1.4748068852262536e-55,1.481212238591476e-55,1.4876380496775457e-55,1.4940843599701461e-55,1.5005512109887177e-55,1.5070386442864545e-55,1.5135467014502788e-55,1.5200754241008234e-55,1.5266248538924054e-55,1.5331950325130096e-55,1.5397860016842402e-55,1.5463978031613617e-55,1.5530304787332372e-55,1.559684070222241e-55,1.5663586194843448e-55,1.5730541684090894e-55,1.5797707589194454e-55,1.5865084329719304e-55,1.5932672325565037e-55,1.6000471996965704e-55,1.606848376448954e-55,1.6136708049038576e-55,1.6205145271848994e-55,1.627379585449032e-55,1.6342660218865407e-55,1.641173878721022e-55,1.648103198209337e-55,1.655054022641677e-55,1.662026394341393e-55,1.6690203556651233e-55,1.6760359490026634e-55,1.683073216777049e-55,1.6901322014444107e-55,1.6972129454940124e-55,1.7043154914482755e-55,1.7114398818626868e-55,1.7185861593258064e-55,1.7257543664592402e-55,1.7329445459176173e-55,1.7401567403885517e-55,1.747390992592681e-55,1.7546473452835794e-55,1.7619258412477425e-55,1.7692265233046423e-55,1.7765494343065614e-55,1.7838946171387418e-55,1.7912621147191886e-55,1.7986519699988027e-55,1.8060642259612508e-55,1.8134989256230503e-55,1.8209561120334153e-55,1.828435828274306e-55,1.8359381174604455e-55,1.8434630227392375e-55,1.8510105872907402e-55,1.858580854327733e-55,1.8661738670955665e-55,1.8737896688722038e-55,1.881428302968245e-55,1.889089812726837e-55,1.8967742415236538e-55,1.9044816327669648e-55,1.9122120298974777e-55,1.9199654763883853e-55,1.9277420157453863e-55,1.9355416915066007e-55,1.943364547242545e-55,1.951210626556202e-55,1.9590799730828437e-55,1.966972630490164e-55,1.974888642478167e-55,1.982828052779176e-55,1.9907909051577778e-55,1.9987772434109007e-55,2.0067871113676537e-55,2.0148205528893974e-55,2.022877611869676e-55,2.030958332234264e-55,2.039062757941054e-55,2.047190932980153e-55,2.0553429013736964e-55,2.0635187071759902e-55,2.071718394473395e-55,2.0799420073843305e-55,2.0881895900592328e-55,2.0964611866806194e-55,2.1047568414629125e-55,2.1130765986525783e-55,2.1214205025280086e-55,2.1297885973995094e-55,2.138180927609337e-55,2.1465975375316206e-55,2.155038471572377e-55,2.163503774169423e-55,2.1719934897924037e-55,2.1805076629428163e-55,2.189046338153894e-55,2.1976095599907066e-55,2.206197373049992e-55,2.214809821960212e-55,2.2234469513815755e-55,2.2321088060059478e-55,2.2407954305568503e-55,2.2495068697894456e-55,2.2582431684905133e-55,2.2670043714784007e-55,2.2757905236030823e-55,2.2846016697460366e-55,1.0293094668343759e-31,3.5501381959774746e-31,7.706865875280089e-31,1.3632840351949183e-30,2.1441045016399804e-30,3.1230221671916154e-30,4.309291266124487e-30,5.712105319754612e-30,7.340939006685233e-30,9.205747413352298e-30,1.1317078641683555e-29,1.36861362056319e-29,1.632481401948773e-29,1.9245717910299698e-29,2.2462181944338567e-29,2.598828433016602e-29,2.983886549886641e-29,3.4029549671222673e-29,3.8576770478626694e-29,4.349780080079827e-29,4.881078678410363e-29,5.453478592598152e-29,6.068980910006876e-29,6.72968664215562e-29,7.437801689429197e-29,8.195642182864948e-29,9.005640206724135e-29,9.87034991020089e-29,1.0792454020485588e-28,1.1774770773805257e-28,1.2820261283994924e-28,1.393203737185673e-28,1.5113369881451887e-28,1.6367697512608656e-28,1.7698636201828736e-28,1.9109989086684607e-28,2.060575709294557e-28,2.2190150183823803e-28,2.3867599318731232e-28,2.5642769168486123e-28,2.75205716398327e-28,2.9506180265337066e-28,3.1605045519966926e-28,3.3822911129479288e-28,3.6165831441760647e-28,3.8640189936991657e-28,4.125271895945629e-28,4.4010520759632375e-28,4.692108994271015e-28,4.999233742746556e-28,5.3232616027001025e-28,5.665074777454444e-28,6.0256053122778e-28,6.4058382162486225e-28,6.8068148011519075e-28,7.2296362543097995e-28,7.675467463395079e-28,8.145541112921543e-28,8.641162073756884e-28,9.163712108875455e-28,9.714654920573159e-28,1.0295541566597171e-27,1.0908016275059098e-27,1.1553822690676731e-27,1.2234810587807214e-27,1.295294308894356e-27,1.3710304430888403e-27,1.4509108324687748e-27,1.5351706959701106e-27,1.6240600706851172e-27,1.7178448581388034e-27,1.8168079531073733e-27,1.9212504622180102e-27,2.0314930202567482e-27,2.1478772128885667e-27,2.270767115352806e-27,2.4005509576317503e-27,2.5376429276634706e-27,2.682485125309535e-27,2.8355496811031034e-27,2.9973410552342776e-27,3.1683985338341388e-27,3.349298941393338e-27,3.540659590159386e-27,3.743141489560297e-27,3.957452841165565e-27,4.184352847527291e-27,4.424655866247917e-27,4.6792359441992434e-27,4.9490317706307225e-27,5.235052092338773e-27,5.538381638935652e-27,5.8601876118564694e-27,6.201726796875233e-27,6.56435336703973e-27,6.949527450801861e-27,7.358824549111241e-27,7.793945895415573e-27,8.256729863986026e-27,8.74916454510813e-27,9.273401620448597e-27,9.83177168888125e-27,1.0426801212242287e-26,1.1061231272461504e-26,1.173803835665605e-26,1.2460457415403313e-26,1.323200747240919e-26,1.4056520101501365e-26,1.4938171130338582e-26,1.5881515980212527e-26,1.6891529109009673e-26,1.7973648090984704e-26,1.9133822944205168e-26,2.037857140579929e-26,2.1715040958997282e-26,2.315107853685804e-26,2.4695308968273514e-26,2.6357223396425895e-26,2.8147279092382616e-26,3.007701231231751e-26,3.2159166112225e-26,3.4407835346603385e-26,3.683863144648224e-26,3.946887000867352e-26,4.2317784745985723e-26,4.5406771963276654e-26,4.875967045782206e-26,5.240308261854462e-26,5.636674354832909e-26,6.068394629433835e-26,6.53920327898585e-26,7.053296194549353e-26,7.615396854993707e-26,8.230832934144327e-26,8.905625590359252e-26,9.646593806600364e-26,1.0461476643267217e-25,1.1359076874652303e-25,1.2349430232114667e-25,1.3444005410079412e-25,1.4655941153137843e-25,1.6000328195394083e-25,1.7494545647419992e-25,1.9158663726379841e-25,2.10159276383559e-25,2.30933411288777e-25,2.5422372958171674e-25,2.803981564864707e-25,3.0988833721172203e-25,3.432024885682832e-25,3.8094122771879424e-25,4.238171613572077e-25,4.726792505755368e-25,5.2854327535650775e-25,5.926301362242091e-25,6.664142887105594e-25,7.5168536511359805e-25,8.506270777752053e-25,9.659189347225338e-25,1.1008683006713298e-24,1.259583152598481e-24,1.4471998786494832e-24,1.67018620814913e-24,1.936747684970158e-24,2.2573783115412032e-24,2.645614135435198e-24,2.7920980156496298e-24,3.3009439508810952e-24,3.928526357625685e-24,4.708658335085999e-24,5.687299466463326e-24,6.927359485062926e-24,8.516058235923398e-24,1.0576125762499581e-23,1.3283125878258062e-23,1.6892809042377078e-23,2.1785323964824308e-23,2.853858530267353e-23,3.805371360934619e-23,5.1776969823277816e-23,7.210832213036124e-23,1.031894566982646e-22,1.5250941177061392e-22,2.343940147445688e-22,3.781770691280435e-22,6.490251785255437e-22,1.2063015053496549e-21,2.4892825347494206e-21,6.125138379837726e-21,7.900572343303201e-21,7.900572344471232e-21,9.721076348121224e-20,7.250525788872082e-18,7.026234425953126e-16,4.9718694072923523e-14,1.8115203120312553e-12,2.8544945404797112e-11,2.0250408351791958e-10,7.57245337849499e-10,1.7665753058177483e-09,2.9835836057206815e-09,4.104404717989805e-09,4.997215481585781e-09,5.676292715846643e-09,6.202694166663737e-09,6.6299479163269674e-09,6.992300422229868e-09,7.308975608660456e-09,7.590339105522067e-09,7.842160667425727e-09,8.067977163335035e-09,8.27026886481535e-09,8.451009200952098e-09,8.611910998939253e-09,8.754533367171268e-09,8.880327173253053e-09,8.99065449083817e-09,9.086797449615943e-09,9.169962940545044e-09,9.241285736550954e-09,9.301830985064364e-09,9.352596415938817e-09,9.39451439878899e-09,9.428453925974559e-09,9.455222584046456e-09,9.475568570270397e-09,9.490182800449253e-09,9.499701139229535e-09,9.504706767249649e-09,9.505732683249072e-09,9.50326432571159e-09,9.497742288653726e-09,9.489565099840223e-09,9.479092026914013e-09,9.466645876859142e-09,9.452515756340312e-09,9.436959763969914e-09,9.420207590053917e-09,9.402463004076694e-09,9.383906214973172e-09,9.364696093805129e-09,9.344972252473413e-09,9.32485697570637e-09,9.304457006500975e-09,9.283865187648912e-09,9.263161963977163e-09,9.24241675109211e-09,9.221689177786232e-09,9.201030209766833e-09,9.180483162557665e-09,9.160084611929977e-09,9.139865209869644e-09,9.11985041400902e-09,9.100061138153995e-09,9.080514331103418e-09,9.061223490607196e-09,9.04219911877303e-09,9.02344912485367e-09,9.004979180819991e-09,8.986793034680497e-09,8.968892786093229e-09,8.951279128393545e-09,8.933951560730292e-09,8.916908573720732e-09,8.900147811587142e-09,8.883666213542e-09,8.86746013680332e-09,8.851525463436506e-09,8.835857692931038e-09,8.82045202224328e-09,8.805303414821795e-09,8.7904066599753e-09,8.77575642377101e-09,8.761347292533202e-09,8.747173809869446e-09,8.733230508048779e-09,8.71951193445986e-09,8.706012673800764e-09,8.692727366540881e-09,8.679650724165119e-09,8.666777541634652e-09,8.654102707414394e-09,8.641621211483296e-09,8.629328151484429e-09,8.617218737351106e-09,8.605288294727578e-09,8.593532267133271e-09,8.581946217273093e-09,8.570525827502206e-09,8.559266899637706e-09,8.548165354195742e-09,8.537217229171233e-09,8.526418678423742e-09,8.51576596974957e-09,8.50525548271094e-09,8.494883706255033e-09,8.484647236182031e-09,8.474542772503512e-09,8.464567116698337e-09,8.454717168954498e-09,8.444989925338702e-09,8.435382474973168e-09,8.425891997217612e-09,8.416515758880425e-09,8.407251111439808e-09,8.398095488328372e-09,8.389046402251607e-09,8.380101442582406e-09,8.371258272752656e-09,8.362514627825467e-09,8.353868312026314e-09,8.345317196362314e-09,8.336859216371255e-09,8.328492369870505e-09,8.32021471481011e-09,8.312024367190501e-09,8.30391949904516e-09,8.295898336496973e-09,8.28795915787681e-09,8.280100291910548e-09,8.272320115970359e-09,8.264617054384032e-09,8.25698957681531e-09,8.249436196692674e-09,8.241955469699604e-09,8.234545992324404e-09,8.227206400456325e-09,8.219935368038928e-09,8.212731605773902e-09,8.205593859869118e-09,8.198520910842256e-09,8.191511572357655e-09,8.184564690111081e-09,8.177679140758186e-09,8.170853830890945e-09,8.164087696036224e-09,8.157379699698278e-09,8.15072883244396e-09,8.14413411101277e-09,8.137594577457123e-09,8.131109298354199e-09,8.12467736396347e-09,8.118297887498956e-09,8.111970004387631e-09,8.105692871561125e-09,8.099465666776329e-09,8.093287587971319e-09,8.087157852603359e-09,8.081075697069859e-09,8.075040376105784e-09,8.069051162224138e-09,8.063107345174655e-09,8.057208231395196e-09,8.051353143523463e-09,8.045541419918065e-09,8.039772414168414e-09,8.034045494635182e-09,8.028360044044618e-09,8.022715459018308e-09,8.017111149694411e-09,8.01154653932503e-09,8.006021063897458e-09,8.00053417175379e-09,7.995085323256628e-09,7.98967399042773e-09,7.984299656614983e-09,7.97896181620686e-09,7.97365997427025e-09,7.968393646281938e-09,7.963162357828869e-09,7.95796564435491e-09,7.952803050837732e-09,7.947674131570542e-09,7.942578449915918e-09,7.93751557800793e-09,7.932485096570394e-09,7.927486594661328e-09,7.922519669457749e-09,7.91758392603794e-09,7.912678977176553e-09,7.90780444313905e-09,7.902959951485602e-09,7.898145136911412e-09,7.89335964101171e-09,7.888603112145622e-09,7.88387520524675e-09,7.879175581668876e-09,7.874503909005588e-09,7.869859860953113e-09,7.865243117157495e-09,7.860653363046411e-09,7.856090289721409e-09,7.85155359378978e-09,7.847042977245517e-09,7.842558147334455e-09,7.838098816429736e-09,7.833664701909899e-09,7.829255526037974e-09,7.824871015848578e-09,7.820510903035588e-09,7.816174923842743e-09,7.81186281895672e-09,7.807574333406804e-09,7.803309216465083e-09,7.799067221545948e-09,7.794848106126117e-09,7.7906516316307e-09,7.786477563356864e-09,7.782325670391849e-09,7.778195725523475e-09,7.774087505163172e-09,7.770000789253622e-09,7.765935361200732e-09,7.761891007806527e-09,7.75786751918154e-09,7.753864688685947e-09,7.749882312832596e-09,7.74592019129371e-09,7.741978126748224e-09,7.738055924828925e-09,7.734153394123994e-09,7.73027034606853e-09,7.726406594888416e-09,7.722561957551521e-09,7.718736253708779e-09,7.714929305645814e-09,7.71114093821755e-09,7.707370978806048e-09,7.703619257269937e-09,7.699885605889881e-09,7.69616985932511e-09,7.69247185456369e-09,7.688791430888026e-09,7.685128429809942e-09,7.68148269504235e-09,7.677854072459411e-09,7.67424241004372e-09,7.670647557848277e-09,7.667069367977728e-09,7.663507694517316e-09,7.659962393520016e-09,7.656433322954047e-09,7.652920342683916e-09,7.649423314422138e-09,7.64594210170113e-09,7.642476569842346e-09,7.63902658591231e-09,7.635592018697326e-09,7.63217273870267e-09,7.628768618065711e-09,7.625379530566665e-09,7.62200535157525e-09,7.618645958050306e-09,7.615301228493769e-09,7.611971042929118e-09,7.608655282869807e-09,7.605353831301154e-09,7.602066572648389e-09,7.598793392758045e-09,7.59553417886604e-09,7.592288819587624e-09,7.589057204879743e-09,7.58583922602614e-09,7.582634775609117e-09,7.579443747505307e-09,7.576266036844663e-09,7.57310153998752e-09,7.569950154535328e-09,7.566811779274312e-09,7.563686314172564e-09,7.56057366036454e-09,7.557473720122728e-09,7.554386396855906e-09,7.551311595066477e-09,7.548249220352429e-09,7.545199179384234e-09,7.54216137988958e-09,7.539135730638668e-09,7.536122141414466e-09,7.53312052301115e-09,7.530130787227824e-09,7.527152846825236e-09,7.524186615534152e-09,7.521232008028447e-09,7.51828893991985e-09,7.515357327738084e-09,7.512437088912617e-09,7.509528141776572e-09,7.506630405535098e-09,7.503743800259637e-09,7.500868246877622e-09,7.498003667148818e-09,7.49514998367873e-09,7.492307119874128e-09,7.489474999951164e-09,7.486653548921099e-09,7.483842692576754e-09,7.48104235748142e-09,7.478252470958771e-09,7.475472961072873e-09,7.472703756652422e-09,7.469944787223021e-09,7.467195983053264e-09,7.46445727510424e-09,7.46172859504134e-09,7.459009875222818e-09,7.456301048668813e-09,7.453602049093054e-09,7.450912810858334e-09,7.448233268979858e-09,7.445563359116489e-09,7.4429030175621046e-09,7.4402521812413165e-09,7.437610787689098e-09,7.434978775052565e-09,7.432356082084837e-09,7.42974264812322e-09,7.427138413093575e-09,7.424543317511164e-09,7.421957302450577e-09,7.4193803095617295e-09,7.416812281021813e-09,7.414253159583275e-09,7.411702888530975e-09,7.409161411688371e-09,7.4066286734018615e-09,7.404104618543247e-09,7.4015891924980166e-09,7.399082341156499e-09,7.39658401091391e-09,7.394094148663653e-09,7.391612701780506e-09,7.3891396181368645e-09,7.386674846055931e-09,7.384218334350611e-09,7.381770032309891e-09,7.379329889654037e-09,7.376897856590325e-09,7.374473883750036e-09,7.372057922206752e-09,7.369649923495057e-09,7.367249839561614e-09,7.36485762278545e-09,7.362473225963459e-09,7.360096602313008e-09,7.357727705477906e-09,7.355366489490792e-09,7.3530129087891345e-09,7.350666918216823e-09,7.348328473002963e-09,7.345997528769707e-09,7.3436740415205846e-09,7.341357967640016e-09,7.339049263881508e-09,7.336747887387201e-09,7.33445379564919e-09,7.332166946524108e-09,7.329887298227692e-09,7.32761480933796e-09,7.3253494387724145e-09,7.323091145795411e-09,7.320839890017205e-09,7.3185956313872395e-09,7.316358330188043e-09,7.314127947032557e-09,7.311904442870097e-09,7.309687778947882e-09,7.307477916859422e-09,7.305274818503846e-09,7.30307844608665e-09,7.300888762144847e-09,7.2987057295006564e-09,7.296529311283123e-09,7.2943594709238176e-09,7.2921961721374225e-09,7.290039378967345e-09,7.2878890557123206e-09,7.285745166967673e-09,7.283607677615202e-09,7.281476552796732e-09,7.279351757971699e-09,7.277233258856442e-09,7.275121021424088e-09,7.273015011928068e-09,7.2709151968799166e-09,7.268821543062889e-09,7.266734017533202e-09,7.2646525875904314e-09,7.262577220781159e-09,7.260507884915602e-09,7.25844454804468e-09,7.256387178474169e-09,7.2543357447545825e-09,7.252290215684885e-09,7.250250560288829e-09,7.248216747832734e-09,7.246188747822408e-09,7.244166529981415e-09,7.242150064286126e-09,7.24013932092575e-09,7.238134270313369e-09,7.236134883096857e-09,7.234141130131619e-09,7.232152982500593e-09,7.230170411505827e-09,7.228193388644512e-09,7.2262218856446635e-09,7.224255874440269e-09,7.222295327172779e-09,7.220340216186166e-09,7.2183905140329786e-09,7.216446193464642e-09,7.214507227433704e-09,7.212573589090333e-09,7.210645251780652e-09,7.208722189044604e-09,7.2068043746113555e-09,7.204891782411074e-09,7.20298438655131e-09,7.201082161330507e-09,7.199185081232421e-09,7.197293120921492e-09,7.195406255237398e-09,7.193524459224721e-09,7.191647708072799e-09,7.189775977177816e-09,7.187909242088991e-09,7.1860474785370645e-09,7.184190662418401e-09,7.182338769804059e-09,7.180491776930498e-09,7.1786496602096125e-09,7.1768123962096435e-09,7.174979961658359e-09,7.17315233345981e-09,7.171329488664772e-09,7.169511404479704e-09,7.167698058280252e-09,7.165889427616883e-09,7.164085490155553e-09,7.162286223732959e-09,7.160491606338329e-09,7.158701616112678e-09,7.156916231337219e-09,7.1551354304569196e-09,7.153359192047595e-09,7.151587494838851e-09,7.149820317700214e-09,7.148057639646033e-09,7.146299439820044e-09,7.144545697536669e-09,7.142796392213879e-09,7.141051503434672e-09,7.1393110108945784e-09,7.137574894442608e-09,7.13584313405673e-09,7.134115709842334e-09,7.132392602027865e-09,7.130673791005398e-09,7.128959257266185e-09,7.127248981435279e-09,7.125542944268259e-09,7.123841126643248e-09,7.122143509570253e-09,7.120450074177367e-09,7.118760801716354e-09,7.11707567355789e-09,7.115394671190776e-09,7.113717776238674e-09,7.112044970435679e-09,7.110376235624083e-09,7.1087115537648894e-09,7.107050906948764e-09,7.10539427736773e-09,7.103741647330809e-09,7.102092999253642e-09,7.100448315681402e-09,7.09880757925612e-09,7.097170772726696e-09,7.095537878953216e-09,7.0939088809151454e-09,7.092283761679706e-09,7.090662504445143e-09,7.089045092476948e-09,7.087431509181691e-09,7.085821738056766e-09,7.084215762701992e-09,7.082613566800808e-09,7.081015134185028e-09,7.0794204487440835e-09,7.077829494475987e-09,7.076242255477518e-09,7.074658715956171e-09,7.073078860206812e-09,7.071502672609224e-09,7.069930137655259e-09,7.06836123992402e-09,7.066795964092834e-09,7.065234294927429e-09,7.063676217285227e-09,7.06212171611736e-09,7.060570776468982e-09,7.059023383469156e-09,7.057479522343285e-09,7.055939178396999e-09,7.054402337031882e-09,7.052868983731564e-09,7.051339104057392e-09,7.049812683683689e-09,7.048289708345393e-09,7.046770163883329e-09,7.0452540361888345e-09,7.043741311261204e-09,7.0422319751855046e-09,7.040726014113866e-09,7.039223414289228e-09,7.037724162032916e-09,7.03622824374396e-09,7.034735645905926e-09,7.033246355070507e-09,7.031760357883175e-09,7.030277641056123e-09,7.028798191380777e-09,7.027321995725767e-09,7.025849041034902e-09,7.024379314327003e-09,7.0229128026958864e-09,7.021449493313482e-09,7.01998937341383e-09,7.018532430322914e-09,7.017078651411992e-09,7.0156280241490535e-09,7.014180536063216e-09,7.012736174754808e-09,7.011294927891769e-09,7.009856783220748e-09,7.008421728550722e-09,7.0069897517559096e-09,7.005560840789208e-09,7.004134983663087e-09,7.0027121684583194e-09,7.00129238332352e-09,6.999875616465779e-09,6.998461856180252e-09,6.997051090806128e-09,6.9956433087447846e-09,6.994238498485994e-09,6.992836648562975e-09,6.9914377475673455e-09,6.990041784175155e-09,6.988648747108474e-09,6.987258625152534e-09,6.985871407170318e-09,6.9844870820542195e-09,6.9831056387852335e-09,6.981727066394873e-09,6.980351353986026e-09,6.978978490687499e-09,6.977608465722753e-09,6.976241268350751e-09,6.974876887907075e-09,6.973515313774869e-09,6.972156535392657e-09,6.970800542259029e-09,6.969447323926933e-09,6.968096870004093e-09,6.966749170163421e-09,6.965404214120967e-09,6.964061991662988e-09,6.962722492601433e-09,6.961385706829492e-09,6.960051624286134e-09,6.958720234959982e-09,6.9573915288974875e-09,6.95606549618618e-09,6.954742126990453e-09,6.953421411506747e-09,6.952103339978868e-09,6.950787902716274e-09,6.949475090070245e-09,6.948164892444788e-09,6.946857300295897e-09,6.945552304126325e-09,6.944249894489916e-09,6.943754153868362e-09,6.943754153868358e-09,6.943754153868356e-09,6.943754153868353e-09,6.94375415386835e-09,6.943754153868345e-09,6.943754153868343e-09,6.943754153868339e-09,6.943754153868337e-09,6.943754153868334e-09,6.943754153868329e-09,6.943754153868327e-09,6.9437541538683244e-09,6.943754153868321e-09,6.943754153868319e-09,6.943754153868314e-09,6.943754153868311e-09,6.943754153868309e-09,6.943754153868305e-09,6.943754153868302e-09,6.943754153868297e-09,6.943754153868295e-09,6.943754153868292e-09,6.94375415386829e-09,6.9437541538682855e-09,6.943754153868281e-09,6.943754153868278e-09,6.943754153868276e-09,6.943754153868273e-09,6.94375415386827e-09,6.943754153868266e-09,6.943754153868262e-09,6.94375415386826e-09,6.9437541538682574e-09,6.943754153868257e-09,6.943754153868252e-09,6.943754153868249e-09,6.943754153868246e-09,6.9437541538682425e-09,6.94375415386824e-09,6.943754153868236e-09,6.943754153868233e-09,6.943754153868229e-09,6.943754153868227e-09,6.9437541538682235e-09,6.943754153868219e-09,6.943754153868217e-09,6.943754153868214e-09,6.94375415386821e-09,6.943754153868207e-09,6.943754153868203e-09,6.9437541538682e-09,6.943754153868198e-09,6.943754153868194e-09,6.943754153868191e-09,6.943754153868187e-09,6.943754153868185e-09,6.943754153868182e-09,6.94375415386818e-09,6.943754153868176e-09,6.943754153868172e-09,6.943754153868169e-09,6.9437541538681664e-09,6.943754153868164e-09,6.943754153868158e-09,6.943754153868156e-09,6.943754153868152e-09,6.94375415386815e-09,6.9437541538681466e-09,6.9437541538681424e-09,6.94375415386814e-09,6.9437541538681375e-09,6.943754153868133e-09,6.94375415386813e-09,6.943754153868126e-09,6.943754153868123e-09,6.943754153868121e-09,6.943754153868117e-09,6.943754153868114e-09,6.943754153868111e-09,6.9437541538681085e-09,6.943754153868105e-09,6.943754153868103e-09,6.9437541538680994e-09,6.943754153868095e-09,6.943754153868092e-09,6.9437541538680895e-09,6.943754153868086e-09,6.943754153868083e-09,6.943754153868079e-09,6.9437541538680754e-09,6.943754153868073e-09,6.94375415386807e-09,6.943754153868067e-09,6.943754153868062e-09,6.94375415386806e-09,6.943754153868056e-09,6.943754153868053e-09,6.943754153868051e-09,6.9437541538680465e-09,6.943754153868044e-09,6.94375415386804e-09,6.943754153868038e-09,6.943754153868036e-09,6.943754153868032e-09,6.943754153868028e-09,6.943754153868026e-09,6.9437541538680225e-09,6.94375415386802e-09,6.943754153868014e-09,6.943754153868012e-09,6.943754153868009e-09,6.943754153868006e-09,6.943754153868003e-09,6.9437541538679985e-09,6.943754153867996e-09,6.943754153867993e-09,6.943754153867991e-09,6.9437541538679886e-09,6.9437541538679844e-09,6.94375415386798e-09,6.943754153867978e-09,6.943754153867975e-09,6.943754153867973e-09,6.943754153867968e-09,6.9437541538679654e-09,6.943754153867961e-09,6.943754153867959e-09,6.943754153867956e-09,6.943754153867951e-09,6.943754153867949e-09,6.9437541538679456e-09,6.943754153867943e-09,6.943754153867941e-09,6.9437541538679365e-09,6.943754153867933e-09,6.943754153867931e-09,6.943754153867927e-09,6.943754153867925e-09,6.94375415386792e-09,6.943754153867918e-09,6.943754153867916e-09,6.943754153867913e-09,6.94375415386791e-09,6.943754153867905e-09,6.9437541538679026e-09,6.9437541538679e-09,6.943754153867897e-09,6.9437541538678935e-09,6.943754153867889e-09,6.943754153867886e-09,6.9437541538678835e-09,6.943754153867881e-09,6.943754153867878e-09,6.943754153867874e-09,6.943754153867871e-09,6.943754153867868e-09,6.943754153867865e-09,6.94375415386786e-09,6.943754153867858e-09,6.943754153867855e-09,6.943754153867852e-09,6.943754153867849e-09,6.943754153867844e-09,6.943754153867841e-09,6.943754153867839e-09,6.943754153867836e-09,6.943754153867833e-09,6.943754153867828e-09,6.943754153867826e-09,6.943754153867822e-09,6.94375415386782e-09,6.9437541538678165e-09,6.943754153867812e-09,6.943754153867809e-09,6.943754153867807e-09,6.943754153867804e-09,6.943754153867802e-09,6.943754153867797e-09,6.943754153867794e-09,6.943754153867791e-09,6.943754153867788e-09,6.943754153867786e-09,6.943754153867781e-09,6.9437541538677785e-09,6.943754153867774e-09,6.943754153867772e-09,6.943754153867769e-09,6.9437541538677644e-09,6.943754153867762e-09,6.9437541538677595e-09,6.943754153867756e-09,6.943754153867753e-09,6.943754153867748e-09,6.943754153867745e-09,6.943754153867743e-09,6.94375415386774e-09,6.943754153867736e-09,6.943754153867732e-09,6.94375415386773e-09,6.943754153867727e-09,6.943754153867725e-09,6.943754153867721e-09,6.943754153867717e-09,6.943754153867714e-09,6.9437541538677115e-09,6.943754153867709e-09,6.943754153867706e-09,6.943754153867701e-09,6.9437541538676974e-09,6.943754153867695e-09,6.9437541538676925e-09,6.943754153867689e-09,6.943754153867685e-09,6.9437541538676825e-09,6.94375415386768e-09,6.410785785418295e-09,6.235738804663747e-09,6.215701118410412e-09,6.259475390596693e-09,6.3266386749734355e-09,6.399558610596231e-09,6.470783429107364e-09,6.537384106807591e-09,6.598421836472195e-09,6.653816481139259e-09,6.7038422368595934e-09,6.7489039405380586e-09,6.789438922865224e-09,6.825875004436023e-09,6.858613569703243e-09,6.888023801898122e-09,6.9144418354204265e-09,6.938172018780536e-09,6.959489023079499e-09,6.978640224845376e-09,6.995848105887639e-09,7.011312555898021e-09,7.025213029570277e-09,7.0377105409454794e-09,7.0489494924319165e-09,7.05905934324069e-09,7.068156125335155e-09,7.076343816725624e-09,7.083715582508249e-09,7.090354894164387e-09,7.0963365373849986e-09,7.1017275182499515e-09,7.106587877035336e-09,7.110971418370717e-09,7.114926365756379e-09,7.118495947891072e-09,7.121718923609015e-09,7.124630051629034e-09,7.127260510774615e-09,7.129638275756834e-09,7.131788453176659e-09,7.133733581895236e-09,7.1354939015364526e-09,7.137087592494016e-09,7.138530990472045e-09,7.139838778272669e-09,7.141024157257084e-09,7.142099000667269e-09,7.143073990727942e-09,7.1439587412882655e-09,7.1447619075426496e-09,7.1454912842209755e-09,7.146153893465209e-09,7.1467560635079415e-09,7.147303499162796e-09,7.147801344938408e-09,7.148254241613146e-09,7.148666376947241e-09,7.149041531151842e-09,7.149383117677859e-09,7.1496942198115246e-09,7.149977623520056e-09,7.150235846951696e-09,7.150471166918886e-09,7.1506856427025784e-09,7.150881137443377e-09,7.151059337374996e-09,7.1512217691219774e-09,7.151369815261955e-09,7.151504728332867e-09,7.1516276434424245e-09,7.151739589623264e-09,7.1518415000646384e-09,7.151934221328147e-09,7.152018521661951e-09,7.152095098491331e-09,7.152164585178517e-09,7.152227557120304e-09,7.152284537252261e-09,7.152336001016962e-09,7.1523823808508875e-09,7.152424070237073e-09,7.15246142736728e-09,7.152494778450495e-09,7.152524420705372e-09,7.1525506250656855e-09,7.1525736386253205e-09,7.152593686853724e-09,7.1526109755979615e-09,7.152625692895434e-09,7.152638010615058e-09,7.15264808594391e-09,7.152656062732847e-09,7.152662072715895e-09,7.15266623661482e-09,7.152668665141546e-09,7.152669459904874e-09,7.1526687142333165e-09,7.152666513922408e-09,7.1526629379106095e-09,7.1526580588939996e-09,7.1526519438833405e-09,7.152644654709964e-09,7.152636248484022e-09,7.152626778012153e-09,7.152616292176401e-09,7.152604836275308e-09,7.152592452339802e-09,7.152579179413814e-09,7.152565053814052e-09,7.152550109363209e-09,7.1525343776033165e-09,7.152517887989688e-09,7.1525006680670896e-09,7.152482743628718e-09,7.152464138864491e-09,7.152444876493018e-09,7.152424977879194e-09,7.1524044631488605e-09,7.1523833512860226e-09,7.152361660224726e-09,7.15233940693227e-09,7.15231660748596e-09,7.1522932771414165e-09,7.152269430394941e-09,7.152245081040066e-09,7.152220242225265e-09,7.152194926493236e-09,7.152169145832784e-09,7.152142911716281e-09,7.152116235132218e-09,7.15208912662396e-09,7.152061596318061e-09,7.1520336539503856e-09,7.152005308895647e-09,7.15197657018786e-09,7.151947446542231e-09,7.151917946375783e-09,7.151888077824933e-09,7.151857848762647e-09,7.151827266812623e-09,7.1517963393666236e-09,7.1517650735898755e-09,7.151733476442606e-09,7.15170155468265e-09,7.15166931488154e-09,7.151636763431552e-09,7.1516039065526084e-09,7.151570750304679e-09,7.151537300589229e-09,7.151503563163284e-09,7.15146954364047e-09,7.151435247497669e-09,7.151400680080829e-09,7.15136584661368e-09,7.151330752196356e-09,7.151295401814802e-09,7.151259800342779e-09,7.151223952545412e-09,7.15118786308482e-09,7.151151536522504e-09,7.151114977322192e-09,7.151078189853655e-09,7.151041178394461e-09,7.151003947134767e-09,7.15096650017743e-09,7.1509288415431985e-09,7.1508909751705955e-09,7.1508529049185616e-09,7.150814634571219e-09,7.1507761678345695e-09,7.15073750834556e-09,7.1506986596656945e-09,7.150659625290435e-09,7.150620408646252e-09,7.15058101309133e-09,7.150541441927281e-09,7.150501698382913e-09,7.150461785630377e-09,7.15042170678122e-09,7.1503814648869725e-09,7.150341062942123e-09,7.150300503884263e-09,7.1502597905983566e-09,7.1502189259106955e-09,7.1501779125990385e-09,7.150136753387321e-09,7.150095450950794e-09,7.150054007910882e-09,7.150012426843765e-09,7.1499707102790576e-09,7.149928860693902e-09,7.1498868805218295e-09,7.149844772159462e-09,7.149802537953037e-09,7.149760180198594e-09,7.149717701157166e-09,7.149675103049692e-09,7.149632388055707e-09,7.149589558317162e-09,7.149546615930007e-09,7.149503562953674e-09,7.14946040141323e-09,7.149417133292261e-09,7.14937376054168e-09,7.149330285074873e-09,7.149286708769753e-09,7.1492430334734125e-09,7.149199260996416e-09,7.1491553931185736e-09,7.1491114315832166e-09,7.149067378105795e-09,7.149023234365775e-09,7.148979002020161e-09,7.1489346826949886e-09,7.148890277971227e-09,7.148845789415761e-09,7.148801218564263e-09,7.148756566927249e-09,7.148711835982828e-09,7.148667027178083e-09,7.148622141944045e-09,7.148577181682707e-09,7.148532147764891e-09,7.148487041542226e-09,7.14844186434177e-09,7.148396617465268e-09,7.1483513021853186e-09,7.148305919759478e-09,7.148260471419172e-09,7.1482149583737185e-09,7.148169381810421e-09,7.148123742895084e-09,7.1480780427721436e-09,7.148032282564552e-09,7.1479864633766375e-09,7.1479405862923415e-09,7.147894652376872e-09,7.147848662667876e-09,7.1478026181916435e-09,7.1477565199513175e-09,7.147710368971345e-09,7.147664166171358e-09,7.147617912532866e-09,7.14757160898095e-09,7.147525256437483e-09,7.147478855804935e-09,7.147432407967393e-09,7.147385913791183e-09,7.147339374135861e-09,7.147292789842343e-09,7.147246161728556e-09,7.14719949060374e-09,7.147152777260404e-09,7.147106022478332e-09,7.147059227021649e-09,7.147012391640239e-09,7.1469655170738e-09,7.146918604044967e-09,7.146871653264613e-09,7.146824665431978e-09,7.146777641227756e-09,7.146730581329588e-09,7.146683486393849e-09,7.14663635707432e-09,7.146589194037151e-09,7.146541997841825e-09,7.1464947691372425e-09,7.146447508489845e-09,7.146400216583728e-09,7.146352893891883e-09,7.1463055410599524e-09,7.1462581586275495e-09,7.146210747140241e-09,7.146163307138481e-09,7.14611583915832e-09,7.146068343700421e-09,7.146020821296812e-09,7.1459732724386345e-09,7.1459256976236385e-09,7.145878097338206e-09,7.145830472052354e-09,7.14578282223479e-09,7.145735148342118e-09,7.145687450814584e-09,7.145639730113776e-09,7.145591986660776e-09,7.145544220888133e-09,7.14549643323187e-09,7.1454486240509235e-09,7.145400793779246e-09,7.145352942806152e-09,7.145305071523164e-09,7.1452571803131566e-09,7.145209269597834e-09,7.145161339633183e-09,7.145113390858856e-09,7.145065423608984e-09,7.145017438228696e-09,7.144969435076849e-09,7.144921414472771e-09,7.144873376794038e-09,7.144825322279777e-09,7.144777251260633e-09,7.144729164105314e-09,7.144681061104089e-09,7.144632942532543e-09,7.144584808722081e-09,7.1445366599087874e-09,7.144488496418503e-09,7.144440318511617e-09,7.144392126468638e-09,7.144343920559886e-09,7.144295701048705e-09,7.1442474681609626e-09,7.144199222219883e-09,7.144150963441235e-09,7.144102692076536e-09,7.14405440835755e-09,7.144006112523607e-09,7.1439578048070715e-09,7.143909485438932e-09,7.1438611546374315e-09,7.143812812634363e-09,7.143764459585601e-09,7.143716095764727e-09,7.143667721358105e-09,7.143619336677026e-09,7.143570941790008e-09,7.143522536936542e-09,7.143474122303721e-09,7.143425698077265e-09,7.143377264470215e-09,7.143328821649163e-09,7.143280369782722e-09,7.143231909071971e-09,7.14318343966765e-09,7.1431349617321754e-09,7.143086475461008e-09,7.143037980992273e-09,7.1429894785092924e-09,7.142940968157574e-09,7.142892450091146e-09,7.14284392447808e-09,7.142795391451907e-09,7.142746851173308e-09,7.142698303757254e-09,7.14264974935762e-09,7.142601188150501e-09,7.142552620240822e-09,7.142504045772325e-09,7.142455464878264e-09,7.142406877696244e-09,7.142358284315243e-09,7.142309684883413e-09,7.142261079530172e-09,7.142212468370198e-09,7.142163851516327e-09,7.142115229112639e-09,7.14206660122977e-09,7.14201796800728e-09,7.141969329411291e-09,7.141920685815487e-09,7.141872037185792e-09,7.141823383622675e-09,7.14177472525158e-09,7.141726062151106e-09,7.141677394439928e-09,7.14162872220132e-09,7.1415800455379335e-09,7.1415313645372136e-09,7.141482679267272e-09,7.141433989862759e-09,7.141385296386028e-09,7.141336598935011e-09,7.141287897591624e-09,7.141239192437763e-09,7.141190483546101e-09,7.141141771158814e-09,7.1410930550525804e-09,7.141044335513741e-09,7.140995612487827e-09,7.1409468861175226e-09,7.140898156478278e-09,7.1408494236424895e-09,7.140800687677837e-09,7.140751948655234e-09,7.140703206642276e-09,7.140654461737587e-09,7.140605713941092e-09,7.1405569633593675e-09,7.140508210058175e-09,7.140459454202296e-09,7.140410695595109e-09,7.140361934469109e-09,7.140313170854298e-09,7.140264404796472e-09,7.140215636368445e-09,7.140166865633314e-09,7.140118092634094e-09,7.140069317441256e-09,7.140020540141834e-09,7.139971760721865e-09,7.139922979194998e-09,7.13987419567052e-09,7.139825410201685e-09,7.139776622893298e-09,7.139727833658907e-09,7.139679042597488e-09,7.139630249767207e-09,7.13958145521473e-09,7.139532658983006e-09,7.1394838610324336e-09,7.139435061576277e-09,7.1393862605651744e-09,7.1393374580144614e-09,7.139288654022254e-09,7.139239848477656e-09,7.1391910416567775e-09,7.139142233486767e-09,7.139093423939856e-09,7.139044613185432e-09,7.138995801177521e-09,7.138946987952544e-09,7.138898173553444e-09,7.138849358031216e-09,7.138800541364785e-09,7.138751723637668e-09,7.13870290486932e-09,7.138654085102674e-09,7.138605264365759e-09,7.13855644284662e-09,7.1385076202158935e-09,7.138458796664669e-09,7.138409972280287e-09,7.13836114706551e-09,7.138312321041721e-09,7.13826349413521e-09,7.138214666580253e-09,7.13816583829943e-09,7.138117009291796e-09,7.1380681796185685e-09,7.138019349314384e-09,7.1379705183843105e-09,7.137921686852918e-09,7.137872854746847e-09,7.1378240220830134e-09,7.137775188887219e-09,7.137726355102309e-09,7.137677520908974e-09,7.1376286862494325e-09,7.137579851139957e-09,7.13753101561048e-09,7.137482179676715e-09,7.137433343359525e-09,7.137384506680116e-09,7.137335669652378e-09,7.137286832298222e-09,7.137237994639503e-09,7.137189156688162e-09,7.13714031845149e-09,7.1370914799740515e-09,7.137042641260294e-09,7.136993802340683e-09,7.1369449632023314e-09,7.136896123871968e-09,7.136847284307234e-09,7.136798444655407e-09,7.136749604864034e-09,7.136700764987574e-09,7.1366519249611274e-09,7.136603084839457e-09,7.136554244636863e-09,7.136505404363966e-09,7.13645656405458e-09,7.136407723693189e-09,7.1363588832562005e-09,7.136310042891051e-09,7.1362612024908475e-09,7.136212362103997e-09,7.13616352174094e-09,7.136114681414903e-09,7.136065841139565e-09,7.136017000923182e-09,7.135968160758014e-09,7.135919320698961e-09,7.135870480738416e-09,7.135821640878492e-09,7.1357728011319765e-09,7.135723961510762e-09,7.135675122031827e-09,7.1356262827027776e-09,7.135577443533801e-09,7.1355286047073935e-09,7.135479765902233e-09,7.135430927250497e-09,7.135382088827234e-09,7.135333250581951e-09,7.135284412574639e-09,7.135235574770621e-09,7.135186737174923e-09,7.135137899838607e-09,7.13508906284465e-09,7.135040226007928e-09,7.134991389551997e-09,7.134942553248591e-09,7.1348937172257235e-09,7.134844881466349e-09,7.134796046020769e-09,7.134747210861585e-09,7.134698376039508e-09,7.1346495415923566e-09,7.134600707391107e-09,7.134551873524497e-09,7.134503040076408e-09,7.134454206887811e-09,7.134405374056786e-09,7.1343565415828275e-09,7.134307709452867e-09,7.134258877693788e-09,7.134210046233946e-09,7.134161215132187e-09,7.134112384507153e-09,7.1340635542778985e-09,7.13401472444673e-09,7.133965894983654e-09,7.133917065943163e-09,7.13386823733189e-09,7.133819409326407e-09,7.1337705815520815e-09,7.133721754215589e-09,7.133672927297267e-09,7.133624100819218e-09,7.1335752747751965e-09,7.133526449182811e-09,7.133477624044974e-09,7.133428799380409e-09,7.133379975187829e-09,7.133331151376923e-09,7.1332823280772925e-09,7.1332335052697634e-09,7.133184682919466e-09,7.133135861046234e-09,7.133087039669281e-09,7.133038218773272e-09,7.132989398377664e-09,7.132940578375972e-09,7.13289175895805e-09,7.132842940044678e-09,7.132794121722149e-09,7.1327453038374695e-09,7.132696486457689e-09,7.1326476695982946e-09,7.132598853252694e-09,7.132550037414836e-09,7.132501222105317e-09,7.132452407335846e-09,7.1324035930953566e-09,7.132354779411855e-09,7.1323059662427994e-09,7.1322571536064205e-09,7.132208341520891e-09,7.1321595299808595e-09,7.132110719017222e-09,7.132061908556989e-09,7.132013098692766e-09,7.1319642893882546e-09,7.131915480614023e-09,7.131866672412283e-09,7.1318178647591235e-09,7.131769057891786e-09,7.131720251381589e-09,7.131671445497253e-09,7.1316226401199184e-09,7.131573835345094e-09,7.13152503115362e-09,7.131476227537782e-09,7.13142742449339e-09,7.131378622022486e-09,7.131329820142414e-09,7.13128101883688e-09,7.131232218361184e-09,7.131183418267633e-09,7.131134618864804e-09,7.131085819982229e-09,7.131037021736875e-09,7.1309882241243345e-09,7.1309394269928746e-09,7.130890630459876e-09,7.130841834357804e-09,7.130793039048689e-09,7.130744244346027e-09,7.130695450445268e-09,7.130646656970908e-09,7.130597864078971e-09,7.130549071811404e-09,7.130500280218934e-09,7.130451489157704e-09,7.130402698824746e-09,7.130353908909888e-09,7.13030511974131e-09,7.130256331193198e-09,7.130207543272453e-09,7.130158755738128e-09,7.130109969065793e-09,7.130061183067237e-09,7.1300123976386945e-09,7.1299636127879285e-09,7.129914828629117e-09,7.129866045101445e-09,7.129817262179378e-09,7.1297684799157386e-09,7.129719698299053e-09,7.1296709173284165e-09,7.129622136896014e-09,7.129573357183805e-09,7.129524578116828e-09,7.129475799751637e-09,7.129427021966193e-09,7.129378244787128e-09,7.129329468326318e-09,7.129280692457938e-09,7.129231917233923e-09,7.129183142697083e-09,7.129134368781928e-09,7.1290855955340755e-09,7.129036822851573e-09,7.128988050876216e-09,7.128939279568594e-09,7.1288905088790364e-09,7.1288417388522016e-09,7.128792969465305e-09,7.128744200674716e-09,7.128695432638076e-09,7.128646665072858e-09,7.128597898351969e-09,7.128549132248275e-09,7.128500366820985e-09,7.128451602041083e-09,7.128402837975641e-09,7.12835407455322e-09,7.128305311741643e-09,7.128256549512308e-09,7.128207787731612e-09,7.1281590268944355e-09,7.128110266746941e-09,7.128061507238177e-09,7.128012748427066e-09,7.127963990152202e-09,7.127915232648148e-09,7.127866475885758e-09,7.127817719716939e-09,7.127768964228394e-09,7.127720209427802e-09,7.127671455229075e-09,7.127622701703846e-09,7.127573948846111e-09,7.127525196598007e-09,7.127476445076145e-09,7.127427694235386e-09,7.12737894414201e-09,7.127330194627608e-09,7.127281445795655e-09,7.12723269758148e-09,7.127183950067746e-09,7.127135203227746e-09,7.127086457077658e-09,7.127037711610973e-09,7.126988966798707e-09,7.1269402227376936e-09,7.126891479282773e-09,7.1268427365090765e-09,7.1267939944172286e-09,7.1267452529646366e-09,7.126696512196794e-09,7.126647772093455e-09,7.1265990327279554e-09,7.126550294013747e-09,7.126501555823265e-09,7.126452818481069e-09,7.12640408176981e-09,7.126355345754398e-09,7.126306610212224e-09,7.126257875547285e-09,7.126209141575771e-09,7.126160408270819e-09,7.126111675561752e-09,7.126062943606224e-09,7.126014212342056e-09,7.125965481721512e-09,7.125916751807791e-09,7.125868022582331e-09,7.125819294052243e-09,7.125770566183364e-09,7.125721839000372e-09,7.125673112484162e-09,7.125624386653221e-09,7.125575661508669e-09,7.125526937037305e-09,7.125478213319063e-09,7.125429490218603e-09,7.1253807678463835e-09,7.125332046097961e-09,7.125283325058613e-09,7.125234604702786e-09,7.12518588501475e-09,7.1251371658864685e-09,7.125088447549773e-09,7.125039729922122e-09,7.124991013002936e-09,7.124942296771557e-09,7.124893581200433e-09,7.124844866402949e-09,7.1247961521948316e-09,7.124747438662233e-09,7.124698725694586e-09,7.124650013532145e-09,7.1246013020498234e-09,7.124552591299232e-09,7.1245038812527025e-09,7.124455171842553e-09,7.124406463099205e-09,7.1243577550533155e-09,7.124309047700983e-09,7.124260341014831e-09,7.124211635016929e-09,7.1241629297084684e-09,7.124114225093248e-09,7.124065521179849e-09,7.124016817940118e-09,7.1239681153845084e-09,7.1239194135148745e-09,7.1238707123334804e-09,7.1238220118425986e-09,7.1237733120470215e-09,7.123724612884597e-09,7.123675914563661e-09,7.123627216812433e-09,7.123578519763872e-09,7.123529823403811e-09,7.123481127974359e-09,7.123432432997565e-09,7.12338373868707e-09,7.12333504491162e-09,7.123286351979267e-09,7.123237659752686e-09,7.123188968214038e-09,7.123140277150554e-09,7.123091586967168e-09,7.123042897497077e-09,7.12299420865202e-09,7.122945520537887e-09,7.122896832941065e-09,7.122848146206161e-09,7.122799459868498e-09,7.1227507745181e-09,7.122702089852223e-09,7.122653405660024e-09,7.122604722374905e-09,7.122556039723899e-09,7.122507357875482e-09,7.1224586765068445e-09,7.122409995990317e-09,7.122361316152229e-09,7.122312637006017e-09,7.122263958385398e-09,7.122215280671454e-09,7.122166603612037e-09,7.122117927221187e-09,7.122069251562278e-09,7.1220205765555085e-09,7.121971902235249e-09,7.121923228646059e-09,7.121874555718553e-09,7.121825883409583e-09,7.121777211761154e-09,7.121728540895562e-09,7.121679870717226e-09,7.121631201225347e-09,7.121582532425854e-09,7.121533864379227e-09,7.1214851969829056e-09,7.121436530259332e-09,7.121387864235087e-09,7.121339198898246e-09,7.12129053424195e-09,7.12124187025316e-09,7.1211932070035795e-09,7.121144544221634e-09,7.121095882332288e-09,7.1210472211478954e-09,7.120998560679534e-09,7.1209499009001655e-09,7.120901241841384e-09,7.120852583405617e-09,7.120803925698347e-09,7.120755268646186e-09,7.120706612293042e-09,7.120657956659816e-09,7.1206093016788525e-09,7.120560647394423e-09,7.120511993699782e-09,7.120463340792008e-09,7.120414688595849e-09,7.120366036896831e-09,7.120317386066557e-09,7.120268735959622e-09,7.1202200865266895e-09,7.120171437809219e-09,7.12012278973745e-09,7.120074142368929e-09,7.120025495613717e-09,7.1199768496484345e-09,7.119928204397554e-09,7.119879559798326e-09,7.119830915908978e-09,7.119782272596774e-09,7.1197336300031954e-09,7.119684988181721e-09,7.11963634704895e-09,7.119587706595987e-09,7.119539066848822e-09,7.11949042779225e-09,7.11944178942025e-09,7.119393151785457e-09,7.119344514771534e-09,7.119295878508379e-09,7.119247242912047e-09,7.119198608006176e-09,7.119149973748245e-09,7.1191013402288454e-09,7.119052707372178e-09,7.119004075220144e-09,7.118955443770329e-09,7.118906813003519e-09,7.118858182697093e-09,7.118809553312571e-09,7.118760924510571e-09,7.1187122965128464e-09,7.118663669210021e-09,7.118615042598654e-09,7.118566416669116e-09,7.118517791436803e-09,7.118469166899305e-09,7.1184205430552245e-09,7.118371919902541e-09,7.118323297467344e-09,7.1182746756897254e-09,7.1182260545688714e-09,7.1181774342212435e-09,7.118128814539392e-09,7.118080195552814e-09,7.118031577274542e-09,7.1179829595226736e-09,7.117934342638987e-09,7.1178857264147295e-09,7.117837110952825e-09,7.11778849610489e-09,7.117739881754555e-09,7.117691268077679e-09,7.1176426553295585e-09,7.117594043252721e-09,7.117545431966012e-09,7.117496821281539e-09,7.117448211396075e-09,7.117399601949268e-09,7.1173509931610795e-09,7.117302385224187e-09,7.117253777988706e-09,7.117205171458082e-09,7.117156565446959e-09,7.117107960322219e-09,7.117059355962204e-09,7.1170107522018235e-09,7.116962149142218e-09,7.1169135467610964e-09,7.116864945020115e-09,7.116816344028959e-09,7.116767743711979e-09,7.11671914377583e-09,7.116670544926758e-09,7.116621946680449e-09,7.116573349105318e-09,7.1165247522674915e-09,7.116476156121231e-09,7.116427560636266e-09,7.116378965694325e-09,7.116330371562744e-09,7.1162817781720175e-09,7.116233185429593e-09,7.11618459342795e-09,7.116136002107644e-09,7.116087411474934e-09,7.116038821536876e-09,7.1159902322760325e-09,7.115941643727073e-09,7.1158930558384886e-09,7.1158444683760595e-09,7.115795881915131e-09,7.115747296110445e-09,7.1156987110691595e-09,7.115650126883723e-09,7.115601543193995e-09,7.115552960176306e-09,7.115504377665281e-09,7.115455796134114e-09,7.11540721519601e-09,7.11535863495321e-09,7.1153100554412966e-09,7.115261476628044e-09,7.115212898471147e-09,7.115164321000467e-09,7.115115744209828e-09,7.115067168127356e-09,7.115018592724051e-09,7.114970017838875e-09,7.114921443820269e-09,7.114872870506241e-09,7.1148242978865425e-09,7.11477572594527e-09,7.114727154543296e-09,7.114678584177825e-09,7.1146300142827645e-09,7.114581445106501e-09,7.114532876631837e-09,7.114484308836175e-09,7.11443574176212e-09,7.114387175363889e-09,7.114338609608461e-09,7.114290044559644e-09,7.114241480236174e-09,7.114192916607959e-09,7.114144353660524e-09,7.114095791199051e-09,7.114047229474351e-09,7.113998668662092e-09,7.113950108483636e-09,7.113901548983191e-09,7.113852990042576e-09,7.113804431916643e-09,7.1137558745749735e-09,7.113707317860509e-09,7.1136587619084515e-09,7.113610206590493e-09,7.11356165195936e-09,7.113513098007771e-09,7.113464544775152e-09,7.113415992249715e-09,7.113367440404185e-09,7.113318889220087e-09,7.113270338723774e-09,7.113221788917471e-09,7.113173239804277e-09,7.1131246910074745e-09,7.113076143287364e-09,7.113027596274543e-09,7.112979049928289e-09,7.112930504274132e-09,7.112881959478648e-09,7.1128334152355225e-09,7.112784871661637e-09,7.112736328794082e-09,7.112687786580211e-09,7.112639245116423e-09,7.112590704180474e-09,7.112542164077504e-09,7.112493624651668e-09,7.112445085921685e-09,7.112396547904541e-09,7.1123480105957845e-09,7.112299473953589e-09,7.112250937964619e-09,7.112202402704354e-09,7.112153868118805e-09,7.112105334345176e-09,7.112056801089039e-09,7.1120082685834235e-09,7.111959736690746e-09,7.111911205552586e-09,7.111862675084123e-09,7.111814145345593e-09,7.111765616298296e-09,7.1117170879198976e-09,7.111668560218459e-09,7.111620033248806e-09,7.111571506980244e-09,7.111522981397745e-09,7.1114744564970444e-09,7.111425932314332e-09,7.1113774088144295e-09,7.1113288860987415e-09,7.111280363977403e-09,7.1112318425373215e-09,7.111183321795186e-09,7.11113480174221e-09,7.1110862823913226e-09,7.111037763713548e-09,7.110989245757443e-09,7.1109407282997456e-09,7.11089221166962e-09,7.1108436957850265e-09,7.110795180584558e-09,7.110746666058047e-09,7.110698152219384e-09,7.110649639088983e-09,7.110601126651743e-09,7.1105526149083585e-09,7.110504103961633e-09,7.1104555935669e-09,7.1104070838795125e-09,7.110358574675497e-09,7.110310066381601e-09,7.110261558754702e-09,7.110213051795703e-09,7.1101645457055496e-09,7.1101160399839275e-09,7.110067535161933e-09,7.110019031081287e-09,7.109970527782111e-09,7.109922025011842e-09,7.1098735229922005e-09,7.109825021615471e-09,7.109776520918404e-09,7.109728020922758e-09,7.1096795216187574e-09,7.109631022921149e-09,7.109582524987716e-09,7.1095340280149604e-09,7.1094855314743855e-09,7.1094370356171015e-09,7.109388540473518e-09,7.109340045992858e-09,7.109291552040499e-09,7.109243058986587e-09,7.109194566595151e-09,7.1091460748752496e-09,7.109097583853994e-09,7.109049093530908e-09,7.109000603900853e-09,7.108952114952775e-09,7.108903626711506e-09,7.1088551391468e-09,7.1088066522860465e-09,7.1087581661312735e-09,7.108709680490949e-09,7.108661195706738e-09,7.108612711598775e-09,7.108564228325996e-09,7.108515745605597e-09,7.108467263578809e-09,7.108418782227416e-09,7.108370301567363e-09,7.1083218216849565e-09,7.108273342354503e-09,7.108224863894427e-09,7.108176386004021e-09,7.108127908584057e-09,7.108079431916933e-09,7.1080309560311705e-09,7.107982480922372e-09,7.107934006491532e-09,7.107885532561419e-09,7.107837059501947e-09,7.107788587136358e-09,7.107740115445625e-09,7.10769164446514e-09,7.1076431741869855e-09,7.10759470457839e-09,7.107546235630619e-09,7.107497767417e-09,7.107449299887784e-09,7.107400833052912e-09,7.107352366911161e-09,7.107303901456474e-09,7.107255436768693e-09,7.10720697272083e-09,7.1071585090810746e-09,7.107110046389924e-09,7.1070615843952635e-09,7.107013123135456e-09,7.106964662523561e-09,7.106916202597235e-09,7.106867743362056e-09,7.1068192847396425e-09,7.10677082688357e-09,7.106722369767388e-09,7.106673913192044e-09,7.106625457405935e-09,7.106577002315266e-09,7.106528547918327e-09,7.106480094211276e-09,7.1064316412096355e-09,7.106383188878116e-09,7.106334737278261e-09,7.106286286336168e-09,7.1062378360866275e-09,7.10618938660309e-09,7.10614093765149e-09,7.1060924894692536e-09,7.106044042182544e-09,7.105995595474989e-09,7.105947149377509e-09,7.105898703954666e-09,7.105850259222316e-09,7.105801815197738e-09,7.105753371892327e-09,7.105704929233601e-09,7.105656487269635e-09,7.105608046075144e-09,7.105559605494068e-09,7.105511165610176e-09,7.105462726397351e-09,7.10541428788338e-09,7.105365850048522e-09,7.105317412916565e-09,7.105268976476639e-09,7.105220540732474e-09,7.105172105698153e-09,7.10512367133842e-09,7.105075237661423e-09,7.1050268047897406e-09,7.10497837249231e-09,7.104929940925206e-09,7.104881510077819e-09,7.104833079814389e-09,7.104784650275546e-09,7.104736221427066e-09,7.104687793277586e-09,7.104639365812195e-09,7.104590939032751e-09,7.104542512938203e-09,7.1044940875529276e-09,7.1044456626959395e-09,7.10439723873668e-09,7.104348815125507e-09,7.1043003924965165e-09,7.104251970205736e-09,7.104203548969026e-09,7.1041551284119245e-09,7.104106708519038e-09,7.104058289351472e-09,7.104009870865682e-09,7.1039614530501354e-09,7.103913035928672e-09,7.103864619502768e-09,7.103816203582706e-09,7.1037677882583655e-09,7.103719374049837e-09,7.103670960392386e-09,7.103622547396928e-09,7.103574135116173e-09,7.103525723511612e-09,7.10347731267603e-09,7.10342890246968e-09,7.103380492723941e-09,7.103332083904599e-09,7.103283675770263e-09,7.103235268294217e-09,7.103186861356163e-09,7.1031384554183335e-09,7.103090049999064e-09,7.103041645270877e-09,7.102993241301601e-09,7.102944838056286e-09,7.102896435452585e-09,7.102848033521002e-09,7.102799632281707e-09,7.1027512317369225e-09,7.102702831878921e-09,7.102654432692451e-09,7.102606034217827e-09,7.102557636443619e-09,7.1025092393414915e-09,7.102460842950652e-09,7.102412447238703e-09,7.1023640522126626e-09,7.102315657881773e-09,7.102267264228827e-09,7.102218871286954e-09,7.102170479014652e-09,7.102122087433346e-09,7.102073696369481e-09,7.1020253061696816e-09,7.101976916619217e-09,7.101928527804257e-09,7.10188013971454e-09,7.10183175228877e-09,7.101783365540889e-09,7.101734979481286e-09,7.101686594114851e-09,7.101638209430512e-09,7.101589825444293e-09,7.1015414421481914e-09,7.101493059541439e-09,7.101444677581571e-09,7.101396296199772e-09,7.101347915660822e-09,7.101299535830636e-09,7.101251156652293e-09,7.1012027781992905e-09,7.101154400418448e-09,7.101106023162619e-09,7.101057646753565e-09,7.10100927102429e-09,7.1009608959856e-09,7.100912521655847e-09,7.100864148022603e-09,7.100815774922645e-09,7.1007674026775204e-09,7.100719031125334e-09,7.100670660247371e-09,7.10062229003803e-09,7.1005739204339395e-09,7.100525551621578e-09,7.100477183511946e-09,7.1004288161100986e-09,7.100380449348298e-09,7.100332083404913e-09,7.1002837180522716e-09,7.100235353379829e-09,7.100186989398483e-09,7.100138626104793e-09,7.100090263503457e-09,7.100041901549148e-09,7.099993540101928e-09,7.099945179565396e-09,7.0998968197999345e-09,7.099848460653734e-09,7.099800102167109e-09,7.099751744469075e-09,7.099703387394762e-09,7.09965503104475e-09,7.099606675340508e-09,7.099558320317536e-09,7.099509965988476e-09,7.0994616123493966e-09,7.099413259402226e-09,7.09936490727762e-09,7.099316555707676e-09,7.099268204834569e-09,7.099219854832431e-09,7.099171505432423e-09,7.099123156630285e-09,7.0990748085080955e-09,7.099026461075833e-09,7.098978114326102e-09,7.0989297680802015e-09,7.098881422713279e-09,7.098833078042102e-09,7.098784734054149e-09,7.098736390758722e-09,7.09868804824123e-09,7.098639706361056e-09,7.098591365131483e-09,7.09854302460827e-09,7.098494684737018e-09,7.0984463455757146e-09,7.0983980070889995e-09,7.0983496693576475e-09,7.098301332265447e-09,7.098252995903255e-09,7.0982046601805345e-09,7.098156325160524e-09,7.098107990820676e-09,7.098059657175284e-09,7.098011324222606e-09,7.097962991694822e-09,7.097914660128828e-09,7.097866329252025e-09,7.097817999056555e-09,7.097769669562201e-09,7.0977213407085835e-09,7.097673012579609e-09,7.097624685061647e-09,7.0975763583638174e-09,7.0975280322361295e-09,7.097479706873753e-09,7.097431382184229e-09,7.097383058185601e-09,7.097334734904066e-09,7.097286412285565e-09,7.097238090118456e-09,7.097189768876923e-09,7.097141448324601e-09,7.097093128441302e-09,7.097044809261342e-09,7.096996490778253e-09,7.096948173033304e-09,7.096899855932251e-09,7.096851539540596e-09,7.096803223804174e-09,7.096754908779751e-09,7.0967065944296844e-09,7.096658280736671e-09,7.096609967597244e-09,7.096561655310924e-09,7.096513343705239e-09,7.096465032800908e-09,7.096416722404955e-09,7.096368412877776e-09,7.096320104091631e-09,7.09627179595609e-09,7.096223488476738e-09,7.096175181705679e-09,7.096126875603747e-09,7.096078570232803e-09,7.0960302655248906e-09,7.095981961488454e-09,7.095933658165285e-09,7.095885355536114e-09,7.095837053622278e-09,7.095788752374953e-09,7.095740451808712e-09,7.09569215189303e-09,7.095643852664968e-09,7.0955955540006545e-09,7.095547256221193e-09,7.095498959114196e-09,7.0954506626675e-09,7.095402366924743e-09,7.095354071927341e-09,7.095305777564094e-09,7.095257483703984e-09,7.0952091906878386e-09,7.095160898390278e-09,7.095112606778534e-09,7.095064315864292e-09,7.095016025645655e-09,7.094967735926379e-09,7.094919447176294e-09,7.094871158996157e-09,7.094822871601164e-09,7.094774584786072e-09,7.09472629867889e-09,7.094678013262233e-09,7.094629728532574e-09,7.094581444515951e-09,7.094533161157582e-09,7.094484878303586e-09,7.094436596365018e-09,7.094388315078733e-09,7.094340034470031e-09,7.09429175456772e-09,7.094243475346394e-09,7.094195196677478e-09,7.094146918849831e-09,7.094098641714913e-09,7.094050365244e-09,7.094002089467909e-09,7.093953814387118e-09,7.093905539990143e-09,7.0938572662824834e-09,7.0938089932529814e-09,7.093760721027425e-09,7.093712449382591e-09,7.09366417836941e-09,7.093615908103566e-09,7.0935676385231966e-09,7.093519369581987e-09,7.093471101338349e-09,7.093422833644888e-09,7.0933745668191086e-09,7.093326300683138e-09,7.09327803523677e-09,7.093229770488592e-09,7.093181506413044e-09,7.093133243038703e-09,7.093084980393799e-09,7.0930367183906225e-09,7.092988457071121e-09,7.092940196441155e-09,7.09289193650488e-09,7.092843677263762e-09,7.092795418697449e-09,7.092747160645138e-09,7.092698903471235e-09,7.0926506469793065e-09,7.092602391367863e-09,7.0925541362485354e-09,7.092505881816183e-09,7.09245762813353e-09,7.092409375077843e-09,7.092361122672826e-09,7.092312870988904e-09,7.09226462000993e-09,7.092216369709359e-09,7.092168120106179e-09,7.092119871179889e-09,7.09207162293854e-09,7.092023375519365e-09,7.091975128672237e-09,7.091926882459752e-09,7.0918786369383194e-09,7.091830391985252e-09,7.09178214774931e-09,7.0917339043200544e-09,7.091685661554081e-09,7.0916374195226835e-09,7.091589178118562e-09,7.09154093735518e-09,7.091492697318618e-09,7.0914444580943335e-09,7.0913962193691224e-09,7.091347981394671e-09,7.091299744081302e-09,7.091251507517256e-09,7.091203271675892e-09,7.091155036525385e-09,7.091106802064356e-09,7.091058568275623e-09,7.0910103351680805e-09,7.090962102602124e-09,7.090913870876541e-09,7.0908656398394814e-09,7.0908174095038355e-09,7.090769179705748e-09,7.090720950738976e-09,7.090672722454873e-09,7.090624494813387e-09,7.0905762679531315e-09,7.090528041724401e-09,7.090479816191401e-09,7.090431591338267e-09,7.090383367179216e-09,7.0903351437185065e-09,7.09028692092988e-09,7.090238698848653e-09,7.090190477446396e-09,7.090142256727832e-09,7.090094036701952e-09,7.09004581736344e-09,7.0899975987077886e-09,7.089949380736531e-09,7.089901163456076e-09,7.089852946869058e-09,7.0898047309261e-09,7.0897565157036015e-09,7.089708301137027e-09,7.089660087341353e-09,7.089611874185521e-09,7.089563661689147e-09,7.089515449910807e-09,7.089467238784459e-09,7.089419028403562e-09,7.08937081868392e-09,7.089322609663007e-09,7.089274401417186e-09,7.089226193789488e-09,7.0891779869482665e-09,7.089129780608143e-09,7.089081575037116e-09,7.0890333700559705e-09,7.088985165846282e-09,7.088936962327914e-09,7.0888887594965876e-09,7.088840557328634e-09,7.088792355869219e-09,7.08874415510251e-09,7.088695955021841e-09,7.08864775563169e-09,7.088599556919959e-09,7.088551358896316e-09,7.088503161567171e-09,7.088454964920064e-09,7.088406768941805e-09,7.08835857367123e-09,7.088310379144435e-09,7.088262185296906e-09,7.088213992090367e-09,7.08816579956917e-09,7.088117607735276e-09,7.088069416591627e-09,7.088021226169667e-09,7.087973036392041e-09,7.08792484737109e-09,7.087876659006317e-09,7.087828471312787e-09,7.087780284292206e-09,7.087732097942145e-09,7.087683912294198e-09,7.087635727334809e-09,7.0875875430634275e-09,7.087539359488282e-09,7.087491176590159e-09,7.087442994377051e-09,7.0873948128140254e-09,7.087346631959538e-09,7.087298451818479e-09,7.087250272359228e-09,7.087202093599342e-09,7.087153915518913e-09,7.087105738123954e-09,7.087057561379184e-09,7.0870093853234714e-09,7.086961209932669e-09,7.0869130352837096e-09,7.0868648613331056e-09,7.086816688044809e-09,7.086768515509208e-09,7.0867203436593845e-09,7.086672172445152e-09,7.08662400200221e-09,7.086575832160116e-09,7.086527663019621e-09,7.086479494564572e-09,7.086431326789823e-09,7.086383159753655e-09,7.086334993358184e-09,7.086286827646764e-09,7.086238662669852e-09,7.086190498340378e-09,7.086142334686362e-09,7.0860941717231145e-09,7.086046009441771e-09,7.085997847829924e-09,7.085949686930641e-09,7.0859015266745694e-09,7.085853367145538e-09,7.085805208304499e-09,7.085757050168714e-09,7.085708892515247e-09,7.085660735737502e-09,7.085612579795044e-09,7.085564424435698e-09,7.085516269839646e-09,7.085468115787056e-09,7.085419962447267e-09,7.085371809787477e-09,7.085323657816407e-09,7.0852755067521384e-09,7.085227356156518e-09,7.085179206134845e-09,7.085131056914481e-09,7.085082908384188e-09,7.0850347605354055e-09,7.084986613365812e-09,7.084938466891752e-09,7.084890321111521e-09,7.084842176070939e-09,7.084794031659461e-09,7.084745887986066e-09,7.084697744950095e-09,7.08464960260829e-09,7.084601460956756e-09,7.084553319980716e-09,7.084505179682035e-09,7.084457040051202e-09,7.0844089011583444e-09,7.084360762919249e-09,7.084312625373823e-09,7.084264488514164e-09,7.084216352342596e-09,7.084168216707188e-09,7.084120081914091e-09,7.084071947799834e-09,7.084023814376079e-09,7.083975681632818e-09,7.0839275495799875e-09,7.083879418226256e-09,7.0838312875514785e-09,7.08378315756014e-09,7.083735028275826e-09,7.0836868994495454e-09,7.083638771535746e-09,7.083590644336725e-09,7.083542517783026e-09,7.083494391911147e-09,7.083446266727392e-09,7.083398142245405e-09,7.0833500182617015e-09,7.08330189514463e-09,7.083253772703521e-09,7.083205650951195e-09,7.083157529893167e-09,7.083109409511287e-09,7.083061289821639e-09,7.083013170633054e-09,7.0829650522803674e-09,7.082916934700528e-09,7.082868817928665e-09,7.082820701674718e-09,7.082772586227067e-09,7.082724471346684e-09,7.082676357153673e-09,7.08262824361425e-09,7.082580130806732e-09,7.082532018669095e-09,7.082483907222143e-09,7.082435796479718e-09,7.0823876864118185e-09,7.082339577024561e-09,7.0822914683249924e-09,7.082243360339578e-09,7.0821952530203585e-09,7.082147146368073e-09,7.08209904039086e-09,7.082050935131441e-09,7.082002830563356e-09,7.081954726622366e-09,7.08190662341051e-09,7.081858520893515e-09,7.081810419115264e-09,7.0817623179636395e-09,7.0817142175151136e-09,7.081666117740567e-09,7.0816180186403124e-09,7.081569920229998e-09,7.081521822507532e-09,7.0814737254456865e-09,7.081425629098199e-09,7.081377533495231e-09,7.081329438719361e-09,7.081281344429844e-09,7.081233250830807e-09,7.081185157921458e-09,7.081137065701204e-09,7.0810889741402075e-09,7.0810408831430224e-09,7.080992792930292e-09,7.080944703445136e-09,7.080896614652952e-09,7.080848526550024e-09,7.080800439124487e-09,7.080752352341967e-09,7.0807042662888694e-09,7.080656180928076e-09,7.080608096289397e-09,7.080560012299291e-09,7.080511928987452e-09,7.080463846379219e-09,7.0804157644588314e-09,7.080367683181272e-09,7.08031960260978e-09,7.080271522854837e-09,7.080223443660562e-09,7.080175365154295e-09,7.080127287337237e-09,7.080079210212099e-09,7.08003113376382e-09,7.0799830580436366e-09,7.079934982943302e-09,7.0798869085514625e-09,7.079838835006371e-09,7.0797907620044634e-09,7.079742689678017e-09,7.079694618011078e-09,7.079646547045193e-09,7.079598476794579e-09,7.079550407208139e-09,7.07950233830845e-09,7.0794542701570284e-09,7.079406202631381e-09,7.079358135751514e-09,7.0793100695737895e-09,7.07926200408354e-09,7.079213939296927e-09,7.0791658752009805e-09,7.079117811781604e-09,7.079069749266187e-09,7.079021687200677e-09,7.078973625854982e-09,7.078925565156482e-09,7.078877505179041e-09,7.078829445878242e-09,7.0787813873742574e-09,7.078733329397697e-09,7.078685272159375e-09,7.0786372155912124e-09,7.078589159723781e-09,7.078541104518041e-09,7.07849305002746e-09,7.078444996217035e-09,7.078396943093579e-09,7.078348890654556e-09,7.078300839027865e-09,7.07825278815988e-09,7.078204737815862e-09,7.078156688126071e-09,7.078108639116504e-09,7.078060590756168e-09,7.078012542850356e-09,7.077964495910344e-09,7.0779164496905745e-09,7.077868404190205e-09,7.077820359309203e-09,7.077772315104308e-09,7.077724271579141e-09,7.07767622875559e-09,7.07762818660628e-09,7.07758014495231e-09,7.077532104169862e-09,7.077484064055091e-09,7.077436024649722e-09,7.0773879859261066e-09,7.077339947863262e-09,7.07729191052033e-09,7.077243873860279e-09,7.077195837976025e-09,7.077147802743461e-09,7.077099768218124e-09,7.077051734339235e-09,7.077003701103799e-09,7.076955668551261e-09,7.076907636712464e-09,7.0768596053617436e-09,7.076811574861938e-09,7.076763545058301e-09,7.0767155159392035e-09,7.076667487496845e-09,7.0766194597239975e-09,7.076571432656799e-09,7.076523406272283e-09,7.076475380345909e-09,7.0764273553595e-09,7.076379331033442e-09,7.076331307351818e-09,7.076283284399167e-09,7.076235262128046e-09,7.076187240546157e-09,7.076139219606842e-09,7.076091199548512e-09,7.076043180064677e-09,7.075995161183223e-09,7.075947143038893e-09,7.075899125569606e-09,7.075851108729811e-09,7.0758030924661706e-09,7.075755076882662e-09,7.075707062111327e-09,7.075659048064691e-09,7.075611034711357e-09,7.075563022046046e-09,7.075515009999885e-09,7.075466998694868e-09,7.075418988075721e-09,7.075370978142554e-09,7.0753229688401585e-09,7.07527496027575e-09,7.075226952373775e-09,7.075178945139133e-09,7.075130938640464e-09,7.075082932822225e-09,7.0750349276903764e-09,7.074986923217343e-09,7.074938919454e-09,7.074890916349731e-09,7.0748429140980834e-09,7.074794912378359e-09,7.0747469114184285e-09,7.074698911122229e-09,7.074650911462614e-09,7.074602912491208e-09,7.074554914202477e-09,7.074506916595629e-09,7.074458919659394e-09,7.074410923148511e-09,7.074362927602068e-09,7.074314932745681e-09,7.0742669385531216e-09,7.074218945078182e-09,7.074170952283926e-09,7.0741229599372405e-09,7.074074968481092e-09,7.074026977691781e-09,7.073978987610603e-09,7.0739309982328425e-09,7.073883009539873e-09,7.073835021532122e-09,7.073787034208347e-09,7.073739047569829e-09,7.073691061648389e-09,7.0736430764446305e-09,7.073595092020628e-09,7.073547108114902e-09,7.073499124905595e-09,7.073451142377207e-09,7.073403160527292e-09,7.073355179366319e-09,7.073307198892835e-09,7.073259219068905e-09,7.07321123996778e-09,7.073163261614846e-09,7.073115283881607e-09,7.073067306834995e-09,7.073019330430788e-09,7.072971354853922e-09,7.072923379927626e-09,7.072875405622315e-09,7.0728274320032484e-09,7.072779459071364e-09,7.072731486982286e-09,7.072683515411859e-09,7.0726355445105634e-09,7.072587574279303e-09,7.072539604764041e-09,7.072491635932824e-09,7.072443667796676e-09,7.072395700267215e-09,7.072347733493457e-09,7.0722997671918075e-09,7.072251801887239e-09,7.072203837164179e-09,7.072155873133105e-09,7.0721079098384375e-09,7.072059947170771e-09,7.072011985236558e-09,7.071964023989962e-09,7.07191606335532e-09,7.0718681034029165e-09,7.071820144164759e-09,7.071772185602032e-09,7.071724227726655e-09,7.0716762705375535e-09,7.071628313990708e-09,7.07158035817194e-09,7.0715324030298205e-09,7.071484448554218e-09,7.07143649470769e-09,7.071388541619228e-09,7.071340589270222e-09,7.071292637555923e-09,7.071244686530443e-09,7.0711967361837205e-09,7.071148786521323e-09,7.071100837546392e-09,7.071052889031199e-09,7.0710049415466095e-09,7.070956994632296e-09,7.070909048588704e-09,7.0708611031065716e-09,7.070813158236398e-09,7.070765214032334e-09,7.070717270494654e-09,7.070669327675164e-09,7.070621385525224e-09,7.070573444071217e-09,7.070525503313403e-09,7.070477563244261e-09,7.070429623836796e-09,7.070381685134447e-09,7.070333747112192e-09,7.070285809787486e-09,7.070237873086834e-09,7.070189937241198e-09,7.070142002030178e-09,7.070094067422477e-09,7.070046133317191e-09,7.069998200083182e-09,7.06995026758692e-09,7.069902335727233e-09,7.069854404492792e-09,7.0698064739933805e-09,7.0697585442637495e-09,7.069710615180805e-09,7.0696626866954126e-09,7.069614758933694e-09,7.0695668319026405e-09,7.069518905484105e-09,7.0694709798891224e-09,7.06942305487752e-09,7.069375130530708e-09,7.0693272068853434e-09,7.069279283914497e-09,7.069231361643906e-09,7.069183440021209e-09,7.069135519112981e-09,7.069087598816488e-09,7.069039679266949e-09,7.0689917603772e-09,7.068943842196293e-09,7.068895924705575e-09,7.068848007923965e-09,7.068800091755384e-09,7.068752176239389e-09,7.068704261469589e-09,7.068656347394233e-09,7.068608434080084e-09,7.06856052137535e-09,7.068512609349558e-09,7.068464698134227e-09,7.06841678748026e-09,7.068368877397997e-09,7.0683209680559504e-09,7.0682730594520375e-09,7.068225151528363e-09,7.068177244301243e-09,7.068129337880776e-09,7.068081431992122e-09,7.0680335268062336e-09,7.067985622294171e-09,7.067937718479933e-09,7.067889815345663e-09,7.067841912842256e-09,7.067794011085651e-09,7.067746110004671e-09,7.067698209604502e-09,7.067650309865009e-09,7.0676024108461574e-09,7.067554512444372e-09,7.067506614789382e-09,7.067458717820626e-09,7.067410821528736e-09,7.0673629258877286e-09,7.067315030967156e-09,7.067267136472389e-09,7.067219243137258e-09,7.0671713502640465e-09,7.0671234580731986e-09,7.067075566561738e-09,7.0670276757472665e-09,7.066979785568281e-09,7.066931896121189e-09,7.06688400730589e-09,7.066836119226747e-09,7.0667882317977384e-09,7.066740345036918e-09,7.066692459017115e-09,7.066644573649756e-09,7.066596688996665e-09,7.066548805013627e-09,7.066500921713474e-09,7.066453039092575e-09,7.06640515722249e-09,7.0663572759706596e-09,7.066309395366197e-09,7.0662615154841726e-09,7.066213636319229e-09,7.066165757806829e-09,7.066117879955908e-09,7.066070002812786e-09,7.0660221264294775e-09,7.065974250479339e-09,7.065926375387615e-09,7.065878501174612e-09,7.065830627443455e-09,7.065782754399155e-09,7.0657348820403415e-09,7.065687010070355e-09,7.065639139079251e-09,7.065591268766727e-09,7.065543399140101e-09,7.065495529978741e-09,7.0654476617265015e-09,7.065399794147488e-09,7.065351927249831e-09,7.06530406101983e-09,7.0652561955965814e-09,7.065208330710319e-09,7.06516046636879e-09,7.0651126029380846e-09,7.065064740176823e-09,7.065016878047953e-09,7.06496901659781e-09,7.064921155898651e-09,7.064873295845855e-09,7.064825436468403e-09,7.0647775777672936e-09,7.064729719779816e-09,7.0646818624100925e-09,7.06463400578545e-09,7.06458614983678e-09,7.064538294563771e-09,7.064490439971336e-09,7.0644425860790955e-09,7.064394732859324e-09,7.064346880172222e-09,7.0642990283769915e-09,7.064251177210992e-09,7.064203326700939e-09,7.0641554770461156e-09,7.064107627923733e-09,7.064059779547327e-09,7.064011931770015e-09,7.063964084700985e-09,7.0639162383547414e-09,7.063868392647961e-09,7.063820547672704e-09,7.063772703330621e-09,7.063724859708951e-09,7.0636770167444244e-09,7.06362917446601e-09,7.063581332858578e-09,7.063533491983741e-09,7.0634856517518406e-09,7.063437812194712e-09,7.0633899733258865e-09,7.0633421351213145e-09,7.0632942976076006e-09,7.063246460804777e-09,7.063198624681049e-09,7.0631507892634035e-09,7.063102954492312e-09,7.063055120397828e-09,7.0630072869891e-09,7.062959454222156e-09,7.062911622266085e-09,7.062863790878433e-09,7.06281596011662e-09,7.062768130081811e-09,7.062720300881989e-09,7.0626724722436724e-09,7.062624644312727e-09,7.06257681705337e-09,7.062528990404019e-09,7.062481164526981e-09,7.062433339291216e-09,7.0623855147419106e-09,7.062337690965033e-09,7.0622898674017935e-09,7.062242044919967e-09,7.062194223125936e-09,7.062146402016746e-09,7.06209858157939e-09,7.062050761833741e-09,7.062002942665911e-09,7.061955124242041e-09,7.0619073066298386e-09,7.061859489617025e-09,7.061811673281824e-09,7.061763857577479e-09,7.06171604258643e-09,7.061668228301857e-09,7.061620414709011e-09,7.061572601778165e-09,7.06152478954891e-09,7.0614769779981084e-09,7.061429167126946e-09,7.0613813569199385e-09,7.061333547505352e-09,7.061285738683414e-09,7.061237930542693e-09,7.061190123080941e-09,7.061142316322416e-09,7.061094510233327e-09,7.061046704827262e-09,7.060998900080863e-09,7.060951096019713e-09,7.060903292503164e-09,7.060855489828825e-09,7.0608076878132715e-09,7.0607598865848e-09,7.060712085734899e-09,7.060664285800782e-09,7.060616486554794e-09,7.06056868794499e-09,7.060520890038772e-09,7.06047309267784e-09,7.060425296152609e-09,7.0603775002835554e-09,7.060329705120752e-09,7.0602819106101495e-09,7.0602341168222515e-09,7.0601863237023475e-09,7.060138531283342e-09,7.0600907395323784e-09,7.06004294845197e-09,7.0599951580200555e-09,7.0599473683156744e-09,7.059899579291145e-09,7.059851790945415e-09,7.0598040032916465e-09,7.059756216362572e-09,7.0597084302065355e-09,7.059660644595707e-09,7.059612859694544e-09,7.059565075432176e-09,7.059517291887111e-09,7.059469509144152e-09,7.059421726953235e-09,7.059373945437244e-09,7.0593261645991185e-09,7.059278384455507e-09,7.059230605148682e-09,7.059182826361421e-09,7.059135048256454e-09,7.059087270881907e-09,7.05903949414313e-09,7.05899171791946e-09,7.058943942538525e-09,7.058896167855629e-09,7.0588483938676694e-09,7.058800620520503e-09,7.0587528478727565e-09,7.058705075914226e-09,7.058657304529145e-09,7.058609533942597e-09,7.058561763906053e-09,7.058513994672398e-09,7.058466226121721e-09,7.058418458200934e-09,7.058370691175685e-09,7.058322924678044e-09,7.058275158856542e-09,7.058227393643536e-09,7.058179629183306e-09,7.058131865416941e-09,7.058084102303807e-09,7.058036339896987e-09,7.057988578190709e-09,7.0579408170748e-09,7.057893056574463e-09,7.057845296893372e-09,7.057797537893993e-09,7.057749779358475e-09,7.057702021722221e-09,7.057654264771519e-09,7.05760650861023e-09,7.057558753020037e-09,7.057510998108655e-09,7.057463243901052e-09,7.057415490360079e-09,7.0573677374955815e-09,7.0573199852896725e-09,7.057272233759364e-09,7.057224482947595e-09,7.057176733050219e-09,7.05712898360024e-09,7.0570812348224585e-09,7.057033486585606e-09,7.056985739184917e-09,7.056937992512798e-09,7.056890246659375e-09,7.0568425013431694e-09,7.056794756658666e-09,7.0567470126099345e-09,7.0566992692589526e-09,7.056651526638884e-09,7.0566037846937004e-09,7.056556043426004e-09,7.056508302841278e-09,7.056460562938981e-09,7.056412823698506e-09,7.056365085159966e-09,7.056317347311231e-09,7.05626961013994e-09,7.056221873657952e-09,7.056174137843927e-09,7.05612640261891e-09,7.056078668170741e-09,7.05603093440116e-09,7.055983201371129e-09,7.055935468941311e-09,7.055887737232817e-09,7.0558400062465296e-09,7.05579227589257e-09,7.055744546227186e-09,7.0556968171951516e-09,7.055649088992376e-09,7.0556013612794885e-09,7.055553634336368e-09,7.055505908071203e-09,7.055458182365836e-09,7.055410457469767e-09,7.055362733353661e-09,7.055315009818068e-09,7.0552672869654915e-09,7.055219564792451e-09,7.05517184329518e-09,7.055124122462651e-09,7.055076402335299e-09,7.0550286828474705e-09,7.054980964086132e-09,7.0549332460035864e-09,7.054885528603792e-09,7.05483781189331e-09,7.054790095856968e-09,7.054742380480875e-09,7.05469466574626e-09,7.054646951754256e-09,7.054599238446265e-09,7.054551525804826e-09,7.0545038140428285e-09,7.054456102776214e-09,7.054408392193573e-09,7.054360682315766e-09,7.054312973091649e-09,7.054265264563276e-09,7.0542175567007715e-09,7.054169849525927e-09,7.054122143031184e-09,7.054074437190411e-09,7.054026732060591e-09,7.053979027593767e-09,7.053931323824839e-09,7.053883620739135e-09,7.0538359183297165e-09,7.05378821666881e-09,7.053740515653274e-09,7.05369281530188e-09,7.053645115636614e-09,7.053597416631669e-09,7.0535497183117474e-09,7.053502020464033e-09,7.053454323500376e-09,7.053406627237374e-09,7.053358931631917e-09,7.053311236721051e-09,7.053263542494481e-09,7.0532158489438844e-09,7.053168156098339e-09,7.053120463913655e-09,7.05307277235909e-09,7.053025081526288e-09,7.052977391384462e-09,7.052929701887412e-09,7.05288201311009e-09,7.0528343250192775e-09,7.052786637609044e-09,7.052738950878933e-09,7.0526912647975816e-09,7.052643579404071e-09,7.052595894665644e-09,7.052548210650319e-09,7.052500527200777e-09,7.052452844554595e-09,7.052405162607923e-09,7.05235748132914e-09,7.052309800723311e-09,7.052262120808519e-09,7.05221444161246e-09,7.052166763052061e-09,7.052119085174131e-09,7.05207140798149e-09,7.05202373146655e-09,7.05197605563208e-09,7.05192838043831e-09,7.0518807059581415e-09,7.051833032233774e-09,7.051785359115438e-09,7.0517376866909055e-09,7.051690014946713e-09,7.051642343878066e-09,7.0515946734951205e-09,7.051547003767774e-09,7.051499334831817e-09,7.0514516664861974e-09,7.051403998948552e-09,7.051356331963981e-09,7.051308665667244e-09,7.051261000071295e-09,7.051213335094059e-09,7.05116567082027e-09,7.0511180073583565e-09,7.051070344321226e-09,7.051022682124612e-09,7.0509750205966244e-09,7.05092735956434e-09,7.050879699383411e-09,7.050832039918678e-09,7.050784380938384e-09,7.050736722809576e-09,7.050689065374178e-09,7.050641408588786e-09,7.0505937525043945e-09,7.0505460971207876e-09,7.050498442399269e-09,7.050450788371379e-09,7.050403135010753e-09,7.050355482330023e-09,7.0503078304128064e-09,7.050260179108564e-09,7.050212528452961e-09,7.050164878488335e-09,7.0501172292114825e-09,7.050069580629452e-09,7.05002193250526e-09,7.049974285314975e-09,7.049926638759048e-09,7.04987899286968e-09,7.049831347709317e-09,7.049783703202398e-09,7.049736059344727e-09,7.049688416132119e-09,7.049640773256489e-09,7.0495931314275565e-09,7.04954549032163e-09,7.04949784989713e-09,7.049450210170938e-09,7.04940257112643e-09,7.0493549327404975e-09,7.049307295031294e-09,7.049259658009033e-09,7.049212021667805e-09,7.04916438600992e-09,7.049116751023677e-09,7.049069116724306e-09,7.049021483062952e-09,7.048973850097414e-09,7.048926217822956e-09,7.048878586262913e-09,7.0488309553308455e-09,7.048783325115409e-09,7.048735695585167e-09,7.048688066727881e-09,7.048640438554713e-09,7.048592811066161e-09,7.0485451842552214e-09,7.0484975581013385e-09,7.048449932616623e-09,7.048402307846518e-09,7.048354683724529e-09,7.048307060315225e-09,7.0482594375566456e-09,7.0482118156505626e-09,7.04816419443479e-09,7.048116573741316e-09,7.048068953803187e-09,7.048021334420515e-09,7.047973715769449e-09,7.0479260978045056e-09,7.047878480488271e-09,7.04783086385328e-09,7.047783248036886e-09,7.047735632794379e-09,7.047688018218433e-09,7.047640404334353e-09,7.047592791140621e-09,7.047545178617783e-09,7.047497566775756e-09,7.047449955595428e-09,7.047402345114244e-09,7.047354735287632e-09,7.047307126167081e-09,7.0472595177058574e-09,7.047211909948128e-09,7.047164302624856e-09,7.0471166962385196e-09,7.0470690905220205e-09,7.0470214854838765e-09,7.046973881107085e-09,7.046926277457209e-09,7.046878674429642e-09,7.0468310721265736e-09,7.046783470493677e-09,7.046735869494854e-09,7.046688269186333e-09,7.046640669587682e-09,7.0465930706714845e-09,7.046545472403411e-09,7.046497874837154e-09,7.0464502779679454e-09,7.04640268172976e-09,7.046355086047804e-09,7.046307491212108e-09,7.04625989705567e-09,7.046212303571169e-09,7.046164710826996e-09,7.046117118713578e-09,7.046069527282246e-09,7.04602193652715e-09,7.04597434642945e-09,7.045926757034904e-09,7.045879168266042e-09,7.04583158023429e-09,7.0457839928658274e-09,7.045736406165535e-09,7.045688820152273e-09,7.045641234848369e-09,7.045593650187224e-09,7.0455460661943095e-09,7.045498482916465e-09,7.045450900333505e-09,7.045403318397267e-09,7.045355737177665e-09,7.045308156619586e-09,7.0452605768041904e-09,7.0452129976147515e-09,7.0451654191015196e-09,7.045117841260037e-09,7.045070264172518e-09,7.045022687680906e-09,7.044975111882165e-09,7.044927536863324e-09,7.044879962452659e-09,7.044832388707235e-09,7.0447848156355495e-09,7.044737243222245e-09,7.044689671493145e-09,7.044642100458794e-09,7.044594530110217e-09,7.0445469604375816e-09,7.0444993914485535e-09,7.044451823141495e-09,7.044404255485653e-09,7.044356688527876e-09,7.044309122234652e-09,7.044261556624603e-09,7.044213991667488e-09,7.04416642743552e-09,7.044118863848991e-09,7.044071301107037e-09,7.044023738890643e-09,7.043976177372923e-09,7.043928616542217e-09,7.043881056380325e-09,7.043833496902318e-09,7.043785937857823e-09,7.043738379754922e-09,7.043690822320594e-09,7.043643265527866e-09,7.043595709439684e-09,7.0435481538455924e-09,7.0435005991264225e-09,7.043453045091359e-09,7.043405491743475e-09,7.0433579390779855e-09,7.043310387067969e-09,7.043262835727011e-09,7.043215285085431e-09,7.0431677351262465e-09,7.0431201858456535e-09,7.0430726372565405e-09,7.043025089352583e-09,7.0429775421127345e-09,7.042929995561853e-09,7.042882449653176e-09,7.042834904457122e-09,7.042787359929021e-09,7.042739816088417e-09,7.042692272929513e-09,7.042644730405796e-09,7.042597188678272e-09,7.042549647689645e-09,7.042502107239285e-09,7.042454567468228e-09,7.042407028376909e-09,7.04235948996731e-09,7.042311951986689e-09,7.042264414946305e-09,7.0422168785561474e-09,7.042169342863075e-09,7.0421218078358135e-09,7.042074273504453e-09,7.0420267398550985e-09,7.041979206817451e-09,7.041931674524304e-09,7.041884142899833e-09,7.041836611785074e-09,7.041789081520299e-09,7.041741552003224e-09,7.041694023101761e-09,7.041646494766193e-09,7.041598967230692e-09,7.041551440370983e-09,7.041503914170508e-09,7.04145638866684e-09,7.041408863927233e-09,7.041361339807007e-09,7.041313816334302e-09,7.041266293561104e-09,7.041218771449055e-09,7.041171250035767e-09,7.041123729291741e-09,7.041076209222924e-09,7.041028689832134e-09,7.040981171125471e-09,7.040933653101935e-09,7.040886135737811e-09,7.040838619062653e-09,7.0407911031548854e-09,7.0407435878384806e-09,7.040696073193716e-09,7.040648559195709e-09,7.040601045900709e-09,7.040553533004301e-09,7.0405060210841395e-09,7.040458509844528e-09,7.040410999254944e-09,7.040363489393014e-09,7.040315980395797e-09,7.040268471878178e-09,7.040220964084903e-09,7.040173456881317e-09,7.0401259504009155e-09,7.040078444563223e-09,7.040030939456886e-09,7.039983435011701e-09,7.039935931243176e-09,7.039888428136589e-09,7.03984092572868e-09,7.039793423975867e-09,7.039745922923401e-09,7.039698422619814e-09,7.0396509229398575e-09,7.039603423866767e-09,7.039555925597799e-09,7.03950842801852e-09,7.0394609310397456e-09,7.039413434756194e-09,7.039365939112118e-09,7.039318443890059e-09,7.039270949606379e-09,7.039223456021795e-09,7.0391759631192475e-09,7.039128470913594e-09,7.039080979370674e-09,7.039033488504842e-09,7.038985998075015e-09,7.038938508499818e-09,7.03889101966896e-09,7.038843531511772e-09,7.03879604384366e-09,7.038748557046349e-09,7.038701071044675e-09,7.038653585607337e-09,7.038606100846708e-09,7.038558616751552e-09,7.038511133469912e-09,7.0384636507307186e-09,7.0384161686878276e-09,7.038368687282966e-09,7.038321206597493e-09,7.0382737265495e-09,7.0382262472252285e-09,7.0381787685465745e-09,7.038131290592842e-09,7.038083813320083e-09,7.038036336542198e-09,7.0379888605649316e-09,7.0379413853067505e-09,7.037893910724544e-09,7.037846436837293e-09,7.037798963565532e-09,7.037751491017015e-09,7.03770401900021e-09,7.037656547813858e-09,7.037609077342209e-09,7.0375616074693896e-09,7.037514138326623e-09,7.037466669857477e-09,7.037419202083627e-09,7.037371734927672e-09,7.037324268522618e-09,7.037276802749107e-09,7.037229337672775e-09,7.0371818732847865e-09,7.0371344095515946e-09,7.0370869465237975e-09,7.037039484129762e-09,7.036992022458859e-09,7.036944561457406e-09,7.036897101133025e-09,7.0368496415144434e-09,7.036802182545196e-09,7.036754724262746e-09,7.036707266648182e-09,7.036659809713069e-09,7.036612353455216e-09,7.036564897988177e-09,7.036517443159374e-09,7.036469988937489e-09,7.036422535400555e-09,7.0363750826651164e-09,7.0363276304794635e-09,7.03628017905767e-09,7.036232728249807e-09,7.0361852781015005e-09,7.036137828629949e-09,7.036090379846667e-09,7.036042931560003e-09,7.035995484123498e-09,7.03594803735825e-09,7.035900591272015e-09,7.0358531458708e-09,7.035805701123581e-09,7.035758257084648e-09,7.035710813854621e-09,7.035663371268914e-09,7.0356159292648536e-09,7.035568487938394e-09,7.035521047350867e-09,7.035473607396903e-09,7.035426168090645e-09,7.035378729463591e-09,7.0353312915314055e-09,7.035283854270667e-09,7.0352364176866624e-09,7.035188981793794e-09,7.035141546564807e-09,7.035094111919434e-09,7.035046678044908e-09,7.034999244853321e-09,7.034951812336645e-09,7.03490438057152e-09,7.034856949383074e-09,7.034809518912307e-09,7.034762089109329e-09,7.034714659987116e-09,7.0346672315491595e-09,7.034619803837315e-09,7.03457237683364e-09,7.0345249502687755e-09,7.034477524523633e-09,7.03443009946933e-09,7.034382675257116e-09,7.034335251563171e-09,7.034287828531713e-09,7.034240406189651e-09,7.034192984715974e-09,7.034145563733646e-09,7.034098143405478e-09,7.0340507237756415e-09,7.034003304806291e-09,7.03395588655741e-09,7.033908468958649e-09,7.033861052040467e-09,7.033813635780979e-09,7.033766220183081e-09,7.033718805292431e-09,7.033671391085127e-09,7.033623977561429e-09,7.033576564889978e-09,7.033529152713119e-09,7.033481741277434e-09,7.033434330419187e-09,7.033386920242668e-09,7.033339510780148e-09,7.033292101991801e-09,7.0332446938851205e-09,7.033197286437107e-09,7.033149879337284e-09,7.033102473261638e-09,7.033055067867452e-09,7.03300766311051e-09,7.032960259066427e-09,7.032912855663338e-09,7.032865452961563e-09,7.03281805097925e-09,7.0327706497315796e-09,7.032723249275061e-09,7.032675849299777e-09,7.0326284500185246e-09,7.032581051397942e-09,7.032533653449366e-09,7.0324862561859925e-09,7.032438859560102e-09,7.03239146365443e-09,7.0323440684258355e-09,7.0322966738870305e-09,7.032249280015022e-09,7.032201886854293e-09,7.032154494333702e-09,7.032107102472824e-09,7.032059711273776e-09,7.0320123209089755e-09,7.031964931093672e-09,7.031917542010716e-09,7.0318701535576125e-09,7.031822765779599e-09,7.031775378682609e-09,7.031727992263591e-09,7.031680606583445e-09,7.0316332215632985e-09,7.0315858374046946e-09,7.031538453828165e-09,7.031491070795858e-09,7.0314436884241005e-09,7.031396306850828e-09,7.031348925851865e-09,7.031301545491642e-09,7.031254165801561e-09,7.031206786896475e-09,7.031159408606112e-09,7.031112031124808e-09,7.031064654186758e-09,7.0310172779757594e-09,7.0309699023925675e-09,7.030922527489513e-09,7.030875153155948e-09,7.03082777960387e-09,7.030780406734036e-09,7.030733034602097e-09,7.030685663086635e-09,7.030638292206962e-09,7.030590922028261e-09,7.030543552813704e-09,7.030496183970831e-09,7.030448815962201e-09,7.030401448511546e-09,7.030354081844001e-09,7.0303067157494e-09,7.030259350340944e-09,7.030211985609614e-09,7.030164621545477e-09,7.030117258160942e-09,7.030069895192829e-09,7.0300225331798676e-09,7.029975171826299e-09,7.029927811473046e-09,7.029880451522514e-09,7.02983309225863e-09,7.029785733614715e-09,7.029738375599506e-09,7.029691018400808e-09,7.029643661793446e-09,7.02959630584888e-09,7.0295489505843e-09,7.029501595996589e-09,7.029454242096735e-09,7.029406888870463e-09,7.0293595363218655e-09,7.029312184466885e-09,7.0292648332696936e-09,7.029217482750323e-09,7.029170132866471e-09,7.029122783701636e-09,7.02907543521534e-09,7.029028087417714e-09,7.028980740283692e-09,7.028933393807008e-09,7.028886048069737e-09,7.02883870301959e-09,7.028791358443205e-09,7.028744014701489e-09,7.028696671629181e-09,7.028649329230364e-09,7.028601987441967e-09,7.028554646412575e-09,7.028507306042316e-09,7.028459966355784e-09,7.0284126274814555e-09,7.0283652891583935e-09,7.028317951511011e-09,7.028270614536707e-09,7.0282232782342826e-09,7.0281759426093356e-09,7.028128607626654e-09,7.028081273322948e-09,7.028033939715263e-09,7.02798660679897e-09,7.027939274557567e-09,7.027891942950756e-09,7.027844612064079e-09,7.027797281854151e-09,7.027749952325362e-09,7.027702623287367e-09,7.027655295316401e-09,7.02760796778272e-09,7.02756064095842e-09,7.027513314811691e-09,7.0274659893119425e-09,7.0274186645492104e-09,7.027371340433731e-09,7.027324016992383e-09,7.027276694227476e-09,7.027229372135715e-09,7.0271820506967234e-09,7.0271347299468976e-09,7.027087409908134e-09,7.027040090527093e-09,7.026992771835952e-09,7.026945453809732e-09,7.0268981364533835e-09,7.026850819763785e-09,7.0268035037826465e-09,7.026756188454775e-09,7.026708873811673e-09,7.026661559824653e-09,7.0266142465496106e-09,7.02656693394031e-09,7.026519622005717e-09,7.0264723107498626e-09,7.026425000159242e-09,7.026377690441915e-09,7.026330381214186e-09,7.02628307254424e-09,7.026235764626293e-09,7.026188457427172e-09,7.026141150921031e-09,7.026093845075058e-09,7.026046539905887e-09,7.02599923546315e-09,7.025951931610042e-09,7.025904628471328e-09,7.025857325854662e-09,7.025810024008097e-09,7.025762722895967e-09,7.025715422459601e-09,7.0256681226654515e-09,7.025620823579209e-09,7.0255735252244195e-09,7.025526227493229e-09,7.025478930626122e-09,7.025431634251596e-09,7.025384338554635e-09,7.025337043563184e-09,7.025289749198344e-09,7.025242455568771e-09,7.02519516257344e-09,7.025147870256333e-09,7.025100578617964e-09,7.0250532876586775e-09,7.025005997375239e-09,7.024958707764159e-09,7.024911419008432e-09,7.024864130725228e-09,7.0248168431575615e-09,7.02476955625283e-09,7.024722270022277e-09,7.0246749844802014e-09,7.024627699584843e-09,7.024580415386759e-09,7.024533131864962e-09,7.024485849014004e-09,7.0244385668444435e-09,7.024391285345063e-09,7.024344004520493e-09,7.024296724377209e-09,7.02424944490952e-09,7.024202166089904e-09,7.024154887978606e-09,7.024107610499756e-09,7.024060333738126e-09,7.02401305780977e-09,7.02396578240302e-09,7.0239185076694576e-09,7.023871233602256e-09,7.023823960230224e-09,7.02377668753516e-09,7.023729415507702e-09,7.023682144152221e-09,7.023634873430776e-09,7.023587603511333e-09,7.023540334182598e-09,7.023493065671485e-09,7.023445797693048e-09,7.023398530449694e-09,7.023351263828511e-09,7.023303997961516e-09,7.023256732735724e-09,7.0232094681448304e-09,7.023162204298933e-09,7.023114940997276e-09,7.0230676784344886e-09,7.023020416531278e-09,7.022973155323093e-09,7.022925894789356e-09,7.022878634949483e-09,7.0228313757392255e-09,7.0227841172379825e-09,7.022736859411861e-09,7.022689602232926e-09,7.022642345752624e-09,7.0225950899556825e-09,7.022547834862276e-09,7.022500580359566e-09,7.022453326657062e-09,7.022406073685832e-09,7.022358821239683e-09,7.0223115695088116e-09,7.022264318401697e-09,7.022217067785635e-09,7.022169818066596e-09,7.0221225689904515e-09,7.022075320634612e-09,7.022028073070748e-09,7.021980825898916e-09,7.021933579559126e-09,7.0218863338950186e-09,7.021839088909139e-09,7.0217918445326e-09,7.021744600903523e-09,7.021697357947588e-09,7.021650115666705e-09,7.021602874058494e-09,7.021555633096773e-09,7.021508392864066e-09,7.021461153253945e-09,7.021413914358664e-09,7.021366676122257e-09,7.021319438553473e-09,7.021272201490069e-09,7.021224965198551e-09,7.0211777296825524e-09,7.02113049481077e-09,7.0210832607408705e-09,7.0210360272448705e-09,7.020988794736528e-09,7.0209415625791565e-09,7.020894331183449e-09,7.0208471003598936e-09,7.020799870219002e-09,7.020752640781692e-09,7.020705411954407e-09,7.020658183860109e-09,7.0206109564344756e-09,7.020563729689978e-09,7.020516503613614e-09,7.020469278193219e-09,7.0204220532889775e-09,7.020374829252505e-09,7.020327605890539e-09,7.020280383202627e-09,7.0202331611836374e-09,7.020185939846866e-09,7.02013871921703e-09,7.02009149934242e-09,7.020044280030228e-09,7.019997061388107e-09,7.01994984342523e-09,7.0199026261157774e-09,7.019855409503404e-09,7.019808193583508e-09,7.019760978324219e-09,7.019713763738166e-09,7.019666549823917e-09,7.019619336600072e-09,7.019572123660499e-09,7.019524911802587e-09,7.019477700602546e-09,7.019430490070225e-09,7.0193832802244835e-09,7.019336071048053e-09,7.019288862540944e-09,7.019241654692541e-09,7.019194447589227e-09,7.0191472411144114e-09,7.01910003531018e-09,7.019052830183487e-09,7.019005625655452e-09,7.018958421878224e-09,7.018911218688096e-09,7.01886401625594e-09,7.018816814409979e-09,7.0187696132927015e-09,7.018722412883944e-09,7.0186752131656735e-09,7.0186280141229745e-09,7.018580815489971e-09,7.0185336177499965e-09,7.0184864207331165e-09,7.018439224400322e-09,7.018392028791216e-09,7.018344833827803e-09,7.018297639494726e-09,7.018250445853388e-09,7.018203252897481e-09,7.018156060609531e-09,7.018108868997109e-09,7.018061677714357e-09,7.018014487437815e-09,7.017967297845841e-09,7.017920108932708e-09,7.017872920688567e-09,7.017825733118489e-09,7.017778546224046e-09,7.017731360129302e-09,7.017684174580869e-09,7.0176369897758785e-09,7.0175898055746575e-09,7.017542621683696e-09,7.017495438844907e-09,7.017448256700329e-09,7.017401075349845e-09,7.017353894530251e-09,7.017306714414084e-09,7.01725953494244e-09,7.017212356139139e-09,7.0171651780419015e-09,7.017118000567739e-09,7.017070823766966e-09,7.017023647648528e-09,7.016976472171007e-09,7.016929297491312e-09,7.016882123396605e-09,7.016834950139865e-09,7.016787777441329e-09,7.0167406054543695e-09,7.016693434084695e-09,7.016646263406583e-09,7.0165990933834034e-09,7.016551924017941e-09,7.0165047554088176e-09,7.016457587347193e-09,7.016410419848756e-09,7.016363253217231e-09,7.016316087198904e-09,7.016268921909621e-09,7.016221757292284e-09,7.016174593345196e-09,7.016127430130155e-09,7.016080267296251e-09,7.0160331053707294e-09,7.015985944174838e-09,7.0159387834617166e-09,7.0158916235621495e-09,7.015844464337044e-09,7.015797305897355e-09,7.015750148028248e-09,7.015702990828669e-09,7.015655834299557e-09,7.015608678439896e-09,7.015561523313969e-09,7.015514368794269e-09,7.015467214942471e-09,7.015420061794437e-09,7.01537290931294e-09,7.0153257575170525e-09,7.01527860639884e-09,7.015231455958838e-09,7.015184306172975e-09,7.015137157068393e-09,7.015090008601527e-09,7.0150428608424914e-09,7.014995713779108e-09,7.014948567377502e-09,7.014901421656544e-09,7.014854276665098e-09,7.014807132283909e-09,7.014759988713582e-09,7.014712845697937e-09,7.014665703309204e-09,7.014618561626343e-09,7.014571420614459e-09,7.01452428027068e-09,7.0144771406181215e-09,7.014430001632668e-09,7.014382863348175e-09,7.014335725714501e-09,7.0142885887528866e-09,7.014241452314195e-09,7.014194316728077e-09,7.014147181943414e-09,7.014100047683281e-09,7.014052914092874e-09,7.0140057811565255e-09,7.013958648907608e-09,7.013911517350724e-09,7.013864386506555e-09,7.013817256391365e-09,7.0137701268499166e-09,7.0137229979809474e-09,7.013675869782323e-09,7.013628742260372e-09,7.013581615428587e-09,7.013534489258529e-09,7.01348736383698e-09,7.013440239015368e-09,7.013393114888296e-09,7.013345991387078e-09,7.0132988686343566e-09,7.013251746583484e-09,7.013204625109846e-09,7.013157504464746e-09,7.013110384344809e-09,7.013063264916227e-09,7.0130161461613135e-09,7.012969028125938e-09,7.012921910924845e-09,7.012874794195922e-09,7.012827678205062e-09,7.0127805629077945e-09,7.012733448198418e-09,7.012686334136001e-09,7.012639220809839e-09,7.0125921081410085e-09,7.012544996273952e-09,7.012497885032239e-09,7.012450774370037e-09,7.0124036643706566e-09,7.0123565550598304e-09,7.012309446419414e-09,7.012262338475073e-09,7.012215231182433e-09,7.012168124564321e-09,7.0121210186318685e-09,7.012073913361887e-09,7.012026808765276e-09,7.011979704820949e-09,7.011932601595561e-09,7.011885499030765e-09,7.01183839697196e-09,7.011791295830168e-09,7.0117441952809434e-09,7.011697095239842e-09,7.011649996056012e-09,7.011602897535325e-09,7.011555799680597e-09,7.011508702503629e-09,7.011461606044707e-09,7.01141451021372e-09,7.0113674150520455e-09,7.011320320569011e-09,7.01127322675983e-09,7.011226133796508e-09,7.011179041329343e-09,7.0111319495394215e-09,7.011084858463302e-09,7.0110377680228555e-09,7.010990678297751e-09,7.01094358919741e-09,7.010896500787495e-09,7.01084941303532e-09,7.010802326020568e-09,7.0107552396456885e-09,7.010708153922723e-09,7.010661068868692e-09,7.010613984551038e-09,7.010566900862617e-09,7.01051981785642e-09,7.010472735530797e-09,7.01042565393174e-09,7.0103785729233125e-09,7.0103314925685905e-09,7.0102844129063015e-09,7.010237333951777e-09,7.010190255635965e-09,7.010143177976086e-09,7.010096101008418e-09,7.01004902472154e-09,7.010001949330503e-09,7.009954874401117e-09,7.009907800096327e-09,7.00986072650202e-09,7.009813653718606e-09,7.009766581512963e-09,7.009719509723192e-09,7.009672438852349e-09,7.009625368638678e-09,7.0095782990709024e-09,7.009531230198864e-09,7.009484162030164e-09,7.0094370944809315e-09,7.009390027611336e-09,7.009342961421495e-09,7.009295895911467e-09,7.009248831080605e-09,7.009201766927872e-09,7.009154703373912e-09,7.0091076402540245e-09,7.0090605780845805e-09,7.009013516586675e-09,7.008966455786378e-09,7.0089193956668616e-09,7.008872336235511e-09,7.008825277457505e-09,7.0087782193543965e-09,7.008731161924971e-09,7.008684105168783e-09,7.0086370490886225e-09,7.008589993682871e-09,7.0085429389326625e-09,7.008495884541299e-09,7.008448831197329e-09,7.008401778182607e-09,7.00835472611004e-09,7.008307674696964e-09,7.008260623975443e-09,7.008213573953784e-09,7.008166524617325e-09,7.0081194759528776e-09,7.008072427990149e-09,7.0080253804372096e-09,7.007978333794605e-09,7.007931287769854e-09,7.0078842424613945e-09,7.007837197827303e-09,7.007790154129001e-09,7.00774311086406e-09,7.0076960682891425e-09,7.007649026347775e-09,7.007601985060053e-09,7.0075549444754685e-09,7.007507904524743e-09,7.0074608652835126e-09,7.0074138267107306e-09,7.007366788810318e-09,7.007319751569734e-09,7.007272715009867e-09,7.007225679093346e-09,7.007178643871793e-09,7.007131609340328e-09,7.0070845754785856e-09,7.007037542267424e-09,7.006990509747272e-09,7.006943477965802e-09,7.006896446797197e-09,7.006849416310041e-09,7.0068023864984365e-09,7.006755357327976e-09,7.006708328952782e-09,7.006661301207338e-09,7.006614274070734e-09,7.006567247610275e-09,7.006520221828105e-09,7.006473196741101e-09,7.0064261723023975e-09,7.006379148299449e-09,7.006332125135771e-09,7.006285102733523e-09,7.006238080948739e-09,7.006191059980725e-09,7.0061440395816614e-09,7.0060970196383814e-09,7.006050000611798e-09,7.006002982231358e-09,7.005955964525737e-09,7.005908947513133e-09,7.005861931131859e-09,7.005814915443147e-09,7.0057679004545734e-09,7.00572088608961e-09,7.005673872420914e-09,7.005626859424029e-09,7.005579847022883e-09,7.0055328354364646e-09,7.0054858244664365e-09,7.005438814121689e-09,7.005391804463693e-09,7.005344795580589e-09,7.005297787278106e-09,7.005250779579575e-09,7.005203772704076e-09,7.0051567664388854e-09,7.00510976084481e-09,7.00506275608634e-09,7.005015751797416e-09,7.004968748223134e-09,7.004921745320358e-09,7.004874743182625e-09,7.004827741589579e-09,7.0047807408076305e-09,7.00473374059485e-09,7.004686741054215e-09,7.004639742190662e-09,7.004592743984618e-09,7.004545746474105e-09,7.004498749571406e-09,7.004451753394086e-09,7.004404757891648e-09,7.004357763064646e-09,7.004310768930403e-09,7.004263775445445e-09,7.004216782622321e-09,7.004169790464866e-09,7.0041227989840175e-09,7.004075808194146e-09,7.004028818076276e-09,7.003981828626527e-09,7.0039348398502144e-09,7.003887851810072e-09,7.003840864346502e-09,7.003793877642765e-09,7.00374689147049e-09,7.0036999061071494e-09,7.003652921362353e-09,7.003605937293204e-09,7.003558953900935e-09,7.0035119711671856e-09,7.003464989120741e-09,7.003418007715174e-09,7.00337102701256e-09,7.003324046973018e-09,7.003277067629354e-09,7.003230088945076e-09,7.0031831109314445e-09,7.003136133590826e-09,7.003089156921414e-09,7.0030421809247685e-09,7.002995205593757e-09,7.002948230669771e-09,7.002901256715573e-09,7.00285428335734e-09,7.0028073107244625e-09,7.00276033876073e-09,7.002713367471004e-09,7.002666396825755e-09,7.002619426929433e-09,7.002572457662957e-09,7.002525489062653e-09,7.00247852113474e-09,7.002431553801933e-09,7.002384587179411e-09,7.002337621270182e-09,7.0022906560264306e-09,7.002243691516598e-09,7.002196727627178e-09,7.002149764416809e-09,7.002102801841757e-09,7.0020558399866594e-09,7.002008878783463e-09,7.001961918260589e-09,7.001914958401288e-09,7.001867999173543e-09,7.001821040659678e-09,7.0017740827998665e-09,7.0017271256179146e-09,7.001680169231291e-09,7.001633213408113e-09,7.001586258253117e-09,7.001539303716532e-09,7.0014923499037525e-09,7.001445396779123e-09,7.001398444318733e-09,7.0013514925469584e-09,7.001304541388959e-09,7.001257590615871e-09,7.0012106408532554e-09,7.001163691749356e-09,7.001116743311092e-09,7.001069795525655e-09,7.001022848439314e-09,7.0009759020148175e-09,7.0009289562887264e-09,7.000882011263796e-09,7.000835066865326e-09,7.000788123092986e-09,7.000741180039111e-09,7.000694237624344e-09,7.000647296082404e-09,7.0006003550466265e-09,7.00055341467392e-09,7.000506474815999e-09,7.000459535793442e-09,7.000412597593773e-09,7.000365659899777e-09,7.000318722883875e-09,7.000271786550363e-09,7.000224850895178e-09,7.000177915918517e-09,7.0001309816581395e-09,7.000084048034717e-09,7.0000371150469e-09,6.999990182720765e-09,6.9999432511945836e-09,6.9998963202243284e-09,6.999849389897805e-09,6.99980246036988e-09,6.999755531447638e-09,6.999708603178706e-09,6.999661675579643e-09,6.999614748653176e-09,6.999567822449575e-09,6.9995208968718495e-09,6.999473971959918e-09,6.999427047725013e-09,6.999380124219765e-09,6.999333201278909e-09,6.99928627938917e-09,6.99923935786611e-09,6.999192436986466e-09,6.9991455167640836e-09,6.9990985972278245e-09,6.999051678354538e-09,6.999004760260666e-09,6.9989578427455625e-09,6.99891092589661e-09,6.998864009723442e-09,6.998817094171426e-09,6.998770179318973e-09,6.998723265157042e-09,6.998676351662846e-09,6.998629438848389e-09,6.998582526698678e-09,6.998535615225311e-09,6.9984887044272546e-09,6.99844179436664e-09,6.998394884877111e-09,6.998347976090793e-09,6.998301067952117e-09,6.998254160504207e-09,6.998207253736528e-09,6.99816034763351e-09,6.998113442206314e-09,6.9980665374472874e-09,6.998019633348628e-09,6.9979727299407465e-09,6.997925827198244e-09,6.997878925124983e-09,6.997832023722557e-09,6.997785122987779e-09,6.99773822306322e-09,6.997691323677262e-09,6.99764442496112e-09,6.997597526886896e-09,6.99755062949962e-09,6.997503732801556e-09,6.99745683684134e-09,6.997409941572136e-09,6.9973630468860625e-09,6.997316152863982e-09,6.997269259528598e-09,6.997222366865962e-09,6.997175474825178e-09,6.9971285836468885e-09,6.997081692999791e-09,6.997034802973412e-09,6.9969879136536376e-09,6.9969410250110614e-09,6.9968941370360465e-09,6.9968472497327e-09,6.996800363272928e-09,6.99675347749464e-09,6.996706592222492e-09,6.996659707614273e-09,6.996612823784385e-09,6.996565940660399e-09,6.996519057729628e-09,6.996472175799505e-09,6.9964252945419515e-09,6.996378413748595e-09,6.996331533821001e-09,6.996284654536934e-09,6.9962377759367245e-09,6.996190897914918e-09,6.996144020759857e-09,6.9960971442016415e-09,6.996050268302799e-09,6.99600339308821e-09,6.995956518540014e-09,6.9959096446706155e-09,6.995862771467096e-09,6.995815898930974e-09,6.9957690270692194e-09,6.995722155898527e-09,6.995675285420433e-09,6.9956284155754925e-09,6.9955815464012515e-09,6.995534677890988e-09,6.995487810054434e-09,6.995440942888831e-09,6.995394076398879e-09,6.9953472105508e-09,6.995300345412058e-09,6.995253480934776e-09,6.995206617170294e-09,6.995159754036078e-09,6.995112891585307e-09,6.995066029778265e-09,6.995019168705925e-09,6.994972308244833e-09,6.994925448519716e-09,6.994878589415115e-09,6.9948317309782995e-09,6.9947848732117724e-09,6.994738016115407e-09,6.9946911595934496e-09,6.9946443038768995e-09,6.994597448724664e-09,6.99455059442321e-09,6.994503740662845e-09,6.994456887614672e-09,6.994410035192996e-09,6.994363183474733e-09,6.994316332472872e-09,6.994269482091435e-09,6.994222632341606e-09,6.994175783253563e-09,6.994128935020263e-09,6.994082087316659e-09,6.9940352402850194e-09,6.993988393926488e-09,6.9939415482859875e-09,6.993894703261877e-09,6.993847859032091e-09,6.993801015357546e-09,6.993754172334474e-09,6.993707329974985e-09,6.993660488228806e-09,6.993613647197178e-09,6.993566806878917e-09,6.993519967236686e-09,6.9934731282733315e-09,6.993426289956702e-09,6.993379452320881e-09,6.993332615474824e-09,6.993285779176675e-09,6.9932389435139505e-09,6.99319210852944e-09,6.993145274223199e-09,6.9930984407118736e-09,6.99305160776715e-09,6.993004775485823e-09,6.992957944006613e-09,6.992911113074343e-09,6.992864282865306e-09,6.99281745328469e-09,6.992770624290459e-09,6.992723796110055e-09,6.992676968512431e-09,6.9926301415849805e-09,6.9925833153724904e-09,6.9925364898052765e-09,6.992489664877393e-09,6.992442840631924e-09,6.9923960170937224e-09,6.992349194080564e-09,6.9923023718662145e-09,6.992255550401536e-09,6.9922087295236065e-09,6.992161909324169e-09,6.992115089628413e-09,6.99206827077195e-09,6.992021452545006e-09,6.991974635033535e-09,6.991927818407913e-09,6.991881002188684e-09,6.991834186681519e-09,6.991787371824264e-09,6.991740557658299e-09,6.991693744175779e-09,6.991646931375656e-09,6.991600119205985e-09,6.991553307728165e-09,6.991506496912276e-09,6.991459686779588e-09,6.991412877322821e-09,6.991366068529844e-09,6.9913192603964505e-09,6.991272452883826e-09,6.991225646001369e-09,6.99117883986252e-09,6.991132034395098e-09,6.991085229615815e-09,6.991038425500316e-09,6.990991622063228e-09,6.990944819292818e-09,6.990898017195368e-09,6.990851215764861e-09,6.990804415046131e-09,6.990757614933292e-09,6.990710815506642e-09,6.990664016726681e-09,6.990617218649296e-09,6.990570421223228e-09,6.990523624432101e-09,6.9904768283748e-09,6.9904300329778595e-09,6.99038323826608e-09,6.990336444209466e-09,6.990289650814922e-09,6.99024285817863e-09,6.990196066136556e-09,6.9901492747207315e-09,6.990102484037212e-09,6.990055693999274e-09,6.9900089046296914e-09,6.989962115927615e-09,6.989915327896872e-09,6.989868540540125e-09,6.989821753865782e-09,6.989774967897496e-09,6.989728182561416e-09,6.989681397845684e-09,6.9896346138556e-09,6.989587830528919e-09,6.9895410478833575e-09,6.989494265971079e-09,6.989447484647742e-09,6.989400703995106e-09,6.989353924049147e-09,6.98930714471041e-09,6.989260366033175e-09,6.98921358806223e-09,6.989166810768212e-09,6.989120034128253e-09,6.98907325816752e-09,6.989026482872935e-09,6.988979708276378e-09,6.988932934292857e-09,6.988886161140439e-09,6.988839388499598e-09,6.988792616828248e-09,6.988745845389992e-09,6.988699074787727e-09,6.988652304832958e-09,6.988605535528116e-09,6.988558767005832e-09,6.988511999109676e-09,6.9884652318559195e-09,6.988418465385985e-09,6.988371699467967e-09,6.988324934300707e-09,6.988278169718466e-09,6.988231405811581e-09,6.988184642579741e-09,6.988137880055586e-09,6.988091118134085e-09,6.988044356912633e-09,6.987997596357199e-09,6.987950836472312e-09,6.987904077251693e-09,6.987857318677654e-09,6.987810560879072e-09,6.98776380368801e-09,6.9877170471561e-09,6.987670291250262e-09,6.987623536013184e-09,6.987576781382642e-09,6.987530027496623e-09,6.987483274135062e-09,6.987436521616566e-09,6.987389769772966e-09,6.987343018609696e-09,6.987296268186263e-09,6.9872495183489224e-09,6.987202769190851e-09,6.9871560206963824e-09,6.987109272796553e-09,6.987062525649627e-09,6.987015779138191e-09,6.986969033327336e-09,6.9869222881797735e-09,6.986875543814611e-09,6.986828800007601e-09,6.98678205683577e-09,6.986735314209011e-09,6.986688572401769e-09,6.986641831280221e-09,6.9865950907642265e-09,6.986548350963914e-09,6.986501611833591e-09,6.986454873436387e-09,6.9864081356469844e-09,6.986361398592462e-09,6.986314662060352e-09,6.986267926263152e-09,6.986221190979615e-09,6.986174456522615e-09,6.9861277227142355e-09,6.986080989637708e-09,6.986034257257909e-09,6.985987525248224e-09,6.9859407941527486e-09,6.985894063712409e-09,6.985847333961479e-09,6.985800604871596e-09,6.985753876465149e-09,6.985707148728277e-09,6.985660421623061e-09,6.98561369524401e-09,6.985566969524523e-09,6.985520244451125e-09,6.985473520066332e-09,6.9854267963393376e-09,6.985380073281172e-09,6.98533335089106e-09,6.985286629286708e-09,6.9852399082411174e-09,6.985193187872639e-09,6.9851464681610685e-09,6.985099749075751e-09,6.985053030699955e-09,6.98500631301149e-09,6.984959596018039e-09,6.98491287966412e-09,6.984866163802864e-09,6.9848194487050096e-09,6.98477273457915e-09,6.9847260208745195e-09,6.98467930776623e-09,6.984632595415945e-09,6.9845858837232665e-09,6.984539172705483e-09,6.984492462363607e-09,6.98444575274529e-09,6.984399043738369e-09,6.984352335455118e-09,6.984305627767679e-09,6.984258920772275e-09,6.984212214438229e-09,6.984165508781205e-09,6.9841188037933185e-09,6.984072099490539e-09,6.984025395798876e-09,6.98397869278754e-09,6.98393199044925e-09,6.9838852887746244e-09,6.983838587797681e-09,6.9837918874643745e-09,6.9837451878268335e-09,6.9836984888261164e-09,6.983651790529111e-09,6.98360509296925e-09,6.9835583959905345e-09,6.983511699648942e-09,6.983465004085922e-09,6.9834183091291074e-09,6.983371614868745e-09,6.98332492125406e-09,6.983278228359425e-09,6.983231536131798e-09,6.983184844529093e-09,6.983138153592711e-09,6.983091463325993e-09,6.983044773559182e-09,6.98299808459962e-09,6.9829513963410135e-09,6.982904708708514e-09,6.982858021832047e-09,6.982811335576357e-09,6.9827646499894045e-09,6.9827179651426485e-09,6.982671280881097e-09,6.982624597311385e-09,6.982577914384241e-09,6.982531232141396e-09,6.982484550541179e-09,6.982437869626594e-09,6.982391189390453e-09,6.982344509787189e-09,6.98229783088888e-09,6.982251152645801e-09,6.982204475082104e-09,6.9821577982679516e-09,6.982111122012609e-09,6.982064446456421e-09,6.9820177715678535e-09,6.981971097353382e-09,6.9819244237997704e-09,6.981877750908556e-09,6.9818310786578915e-09,6.981784407187747e-09,6.981737736110897e-09,6.981691065881534e-09,6.981644396348441e-09,6.98159772748759e-09,6.9815510592726865e-09,6.981504391746735e-09,6.9814577249312014e-09,6.981411058924421e-09,6.981364393371535e-09,6.981317728501922e-09,6.981271064315135e-09,6.9812244007986e-09,6.981177737964143e-09,6.981131075757165e-09,6.981084414252682e-09,6.981037753404569e-09,6.980991093244277e-09,6.980944433739308e-09,6.980897774882717e-09,6.980851116717094e-09,6.980804459215875e-09,6.980757802409058e-09,6.980711146289277e-09,6.980664490794442e-09,6.98061783593907e-09,6.9805711817807725e-09,6.980524528289287e-09,6.980477875468283e-09,6.9804312234039095e-09,6.980384571907792e-09,6.980337921089854e-09,6.980291270921941e-09,6.980244621442092e-09,6.98019797264456e-09,6.98015132451852e-09,6.9801046771382124e-09,6.980058030336457e-09,6.980011384210972e-09,6.979964738753761e-09,6.979918093946702e-09,6.979871449872217e-09,6.979824806408001e-09,6.9797781636158916e-09,6.9797315214701965e-09,6.979684880013337e-09,6.979638239220355e-09,6.979591599165641e-09,6.979544959719844e-09,6.979498320935208e-09,6.979451682791944e-09,6.979405045181034e-09,6.9793584084018655e-09,6.979311772273842e-09,6.979265136922969e-09,6.979218502150966e-09,6.979171868089403e-09,6.979125234673337e-09,6.979078601894412e-09,6.979031969877462e-09,6.9789853385354805e-09,6.97893870794905e-09,6.978892077851034e-09,6.9788454484226935e-09,6.978798819657219e-09,6.9787521915100676e-09,6.97870556408411e-09,6.978658937377671e-09,6.978612311247633e-09,6.978565685827357e-09,6.978519061034953e-09,6.9784724370828424e-09,6.978425813463405e-09,6.978379190728586e-09,6.9783325686407614e-09,6.978285947196271e-09,6.978239326419608e-09,6.978192706377569e-09,6.97814608695469e-09,6.978099468269398e-09,6.978052850279896e-09,6.978006232881772e-09,6.977959616190713e-09,6.9779130001846665e-09,6.977866384785036e-09,6.977819770052423e-09,6.977773155973499e-09,6.9777265426377586e-09,6.977679929908818e-09,6.97763331786913e-09,6.97758670647943e-09,6.977540095840152e-09,6.977493485780073e-09,6.977446876476583e-09,6.97740026776174e-09,6.977353659722027e-09,6.977307052329732e-09,6.977260445634973e-09,6.977213839572435e-09,6.9771672341912994e-09,6.977120629181141e-09,6.977074025137254e-09,6.977027421759468e-09,6.976980819085523e-09,6.976934217056227e-09,6.976887615655261e-09,6.9768410149500455e-09,6.97679441500765e-09,6.976747815774582e-09,6.9767012170707365e-09,6.976654619047635e-09,6.97660802168012e-09,6.976561424959286e-09,6.9765148289312534e-09,6.976468233573563e-09,6.9764216388733e-09,6.976375044842157e-09,6.976328451481008e-09,6.97628185878863e-09,6.976235266768947e-09,6.976188675410802e-09,6.976142084715948e-09,6.976095494701049e-09,6.976048905349335e-09,6.976002316666381e-09,6.975955728646921e-09,6.975909141296e-09,6.975862554582596e-09,6.97581596856808e-09,6.975769383215289e-09,6.975722798579794e-09,6.975676214568191e-09,6.975629631263491e-09,6.975583048599009e-09,6.975536466563659e-09,6.975489885284791e-09,6.975443304597439e-09,6.975396724720237e-09,6.975350145394286e-09,6.975303566719654e-09,6.975256988714748e-09,6.9752104113759375e-09,6.97516383469054e-09,6.975117258278711e-09,6.9750706829628635e-09,6.975024108353825e-09,6.974977534346746e-09,6.974930961013761e-09,6.974884388301801e-09,6.974837816481232e-09,6.974791245152041e-09,6.974744674504282e-09,6.974698104509606e-09,6.97465153514966e-09,6.9746049665410945e-09,6.974558398601009e-09,6.974511831294934e-09,6.974465264618691e-09,6.97441869862754e-09,6.9743721333088366e-09,6.974325568654038e-09,6.974279004675911e-09,6.974232441323501e-09,6.974185878717302e-09,6.974139316737023e-09,6.974092755341439e-09,6.974046194692261e-09,6.973999634707326e-09,6.973953075365777e-09,6.973906516718948e-09,6.973859958743465e-09,6.973813401501183e-09,6.973766844887877e-09,6.973720288868609e-09,6.973673733568053e-09,6.973627178971671e-09,6.973580624989573e-09,6.973534071685069e-09,6.973487519032856e-09,6.9734409670158e-09,6.9733944157065375e-09,6.97334786504481e-09,6.973301315069924e-09,6.973254765767511e-09,6.973208217129106e-09,6.973161669121558e-09,6.97311512177776e-09,6.9730685750974755e-09,6.973022029119109e-09,6.9729754838026764e-09,6.97292893916026e-09,6.9728823951721045e-09,6.97283585187124e-09,6.972789309234181e-09,6.972742767455831e-09,6.972696226154454e-09,6.972649685499206e-09,6.9726031455887085e-09,6.972556606291834e-09,6.972510067660751e-09,6.972463529711727e-09,6.972416992366314e-09,6.972370455749047e-09,6.972323919784335e-09,6.9722773844832095e-09,6.972230849862725e-09,6.9721843158617205e-09,6.97213778260978e-09,6.972091249978568e-09,6.972044717981761e-09,6.9719981866840545e-09,6.971951656061035e-09,6.971905126070385e-09,6.971858596773772e-09,6.971812068152211e-09,6.971765540191867e-09,6.9717190128993035e-09,6.971672486260382e-09,6.9716259603159375e-09,6.971579435007027e-09,6.971532910382738e-09,6.971486386404613e-09,6.97143986314868e-09,6.971393340534592e-09,6.971346818596098e-09,6.971300297315391e-09,6.971253776709002e-09,6.971207256757464e-09,6.9711607372026465e-09,6.971114218610715e-09,6.971067700501235e-09,6.971021183217208e-09,6.970974666597453e-09,6.97092815061554e-09,6.970881635321393e-09,6.970835120695674e-09,6.970788606726524e-09,6.97074209343146e-09,6.970695580825413e-09,6.970649068865144e-09,6.970602557575119e-09,6.970556046943712e-09,6.9705095370030884e-09,6.970463027713311e-09,6.970416519065095e-09,6.970370011107115e-09,6.970323503817326e-09,6.97027699719116e-09,6.970230491233837e-09,6.970183985941769e-09,6.970137481320809e-09,6.970090977361789e-09,6.970044474064198e-09,6.969997971451932e-09,6.969951469492776e-09,6.969904968219835e-09,6.9698584675743505e-09,6.969811967616966e-09,6.969765468326335e-09,6.969718969706013e-09,6.969672471752563e-09,6.969625974468795e-09,6.969579477844868e-09,6.969532981898147e-09,6.969486486590311e-09,6.969439992125682e-09,6.969393498135641e-09,6.9693470048476366e-09,6.969300512309024e-09,6.969254020349157e-09,6.969207529048451e-09,6.969161038418872e-09,6.969114548504843e-09,6.9690680592084546e-09,6.969021570577189e-09,6.9689750826174e-09,6.968928595319747e-09,6.968882108720294e-09,6.96883562282895e-09,6.968789137594702e-09,6.9687426529419134e-09,6.9686961688270064e-09,6.968649685523362e-09,6.9686032029002676e-09,6.9685567209277865e-09,6.968510239601089e-09,6.968463758969052e-09,6.9684172790584196e-09,6.968370799760753e-09,6.968324321124622e-09,6.968277843160317e-09,6.9682313658130985e-09,6.968184889177707e-09,6.968138413162527e-09,6.968091937775072e-09,6.9680454631069195e-09,6.9679989890519615e-09,6.967952515788797e-09,6.967906043140827e-09,6.967859571131063e-09,6.9678130999806985e-09,6.967766629364481e-09,6.967720159401494e-09,6.967673690103405e-09,6.967627221465986e-09,6.967580753543235e-09,6.967534286236426e-09,6.9674878195959695e-09,6.967441353606876e-09,6.967394888308277e-09,6.967348423676282e-09,6.967301959886883e-09,6.967255496615138e-09,6.967209033977108e-09,6.967162572030632e-09,6.9671161107211105e-09,6.967069650058298e-09,6.9670231900801e-09,6.9669767307517425e-09,6.966930272142879e-09,6.96688381415693e-09,6.966837356844263e-09,6.966790900158428e-09,6.966744444375185e-09,6.966697989039619e-09,6.9666515343651526e-09,6.966605080379163e-09,6.966558627009159e-09,6.966512174358439e-09,6.9664657223716635e-09,6.966419271047679e-09,6.96637282039448e-09,6.9663263704605754e-09,6.966279921134421e-09,6.9662334725013096e-09,6.966187024489053e-09,6.9661405771894775e-09,6.966094130454645e-09,6.966047684445198e-09,6.966001239118894e-09,6.965954794461175e-09,6.965908350471358e-09,6.965861907142827e-09,6.965815464469922e-09,6.965769022467354e-09,6.965722581132534e-09,6.965676140462405e-09,6.965629700471501e-09,6.965583261158755e-09,6.965536822493023e-09,6.965490384492172e-09,6.965443947137323e-09,6.965397510610167e-09,6.9653510745844895e-09,6.96530463925074e-09,6.9652582045712625e-09,6.965211770572477e-09,6.965165337231455e-09,6.965118904663678e-09,6.9650724726397015e-09,6.965026041294921e-09,6.964979610616538e-09,6.964933180603601e-09,6.964886751258383e-09,6.964840322590681e-09,6.964793894615826e-09,6.9647474672249315e-09,6.964701040541016e-09,6.964654614521673e-09,6.964608189168596e-09,6.964561764483414e-09,6.964515340464749e-09,6.964468917119892e-09,6.964422494435366e-09,6.964376072368205e-09,6.964329651018342e-09,6.964283230378021e-09,6.964236810440315e-09,6.9641903910514136e-09,6.964143972347934e-09,6.964097554316667e-09,6.964051136956111e-09,6.964004720260394e-09,6.963958304217929e-09,6.963911888843151e-09,6.963865474203835e-09,6.9638190601578984e-09,6.9637726467814235e-09,6.9637262340631975e-09,6.963679822069111e-09,6.963633410692588e-09,6.963586999982414e-09,6.963540589949009e-09,6.9634941805660255e-09,6.963447771911055e-09,6.963401363839331e-09,6.963354956221229e-09,6.963308549516842e-09,6.963262143383717e-09,6.963215738004229e-09,6.963169333286677e-09,6.963122929231074e-09,6.963076525785096e-09,6.9630301230422985e-09,6.962983720999901e-09,6.962937319601431e-09,6.962890918850371e-09,6.962844518805292e-09,6.962798119401291e-09,6.962751720679944e-09,6.962705322592764e-09,6.9626589251896205e-09,6.962612528479341e-09,6.962566132406019e-09,6.9625197369997664e-09,6.962473342269511e-09,6.962426948099702e-09,6.9623805546838054e-09,6.9623341619128976e-09,6.962287769838496e-09,6.962241378376327e-09,6.96219498759915e-09,6.962148597513551e-09,6.962102208107885e-09,6.962055819346874e-09,6.962009431256318e-09,6.961963043828562e-09,6.961916657135142e-09,6.9618702710679525e-09,6.961823885682042e-09,6.961777500919639e-09,6.961731116650154e-09,6.961684733216253e-09,6.961638350454446e-09,6.961591968332329e-09,6.961545587117103e-09,6.961499206348799e-09,6.961452826270673e-09,6.9614064468193135e-09,6.961360068030003e-09,6.961313689870227e-09,6.961267312423897e-09,6.961220935674619e-09,6.9611745595435794e-09,6.961128184084363e-09,6.961081809295358e-09,6.961035435186318e-09,6.960989061729363e-09,6.960942688923299e-09,6.960896316798465e-09,6.9608499453486455e-09,6.960803574621603e-09,6.96075720449195e-09,6.9607108350209535e-09,6.960664466207271e-09,6.960618098063667e-09,6.960571730691181e-09,6.960525363924371e-09,6.9604789978269176e-09,6.960432632344094e-09,6.96038626761419e-09,6.9603399034887285e-09,6.960293540008238e-09,6.960247177171186e-09,6.960200815007236e-09,6.960154453436912e-09,6.96010809261371e-09,6.960061732449264e-09,6.960015372961247e-09,6.959969014125629e-09,6.959922655958446e-09,6.9598762984578295e-09,6.959829941624013e-09,6.9597835854520996e-09,6.959737229922089e-09,6.959690875081353e-09,6.959644520906125e-09,6.959598167393197e-09,6.9595518145345355e-09,6.9595054623501005e-09,6.959459110837621e-09,6.95941275998098e-09,6.959366409787236e-09,6.959320060267928e-09,6.9592737114140825e-09,6.959227363226951e-09,6.959181015709959e-09,6.95913466877372e-09,6.9590883225665e-09,6.959041977056988e-09,6.9589956322582215e-09,6.958949288052329e-09,6.9589029445136635e-09,6.95885660163632e-09,6.958810259420351e-09,6.958763917870696e-09,6.958717576926467e-09,6.958671236676504e-09,6.95862489712352e-09,6.958578558235756e-09,6.958532220007014e-09,6.958485882442025e-09,6.958439545547896e-09,6.958393209309936e-09,6.958346873714979e-09,6.9583005389502195e-09,6.958254204714254e-09,6.958207871149659e-09,6.958161538184815e-09,6.9581152059427704e-09,6.958068874364702e-09,6.9580225434116924e-09,6.9579762131621285e-09,6.9579298835205465e-09,6.9578835545816106e-09,6.957837226267305e-09,6.95779089864356e-09,6.957744571717311e-09,6.957698245397239e-09,6.957651919804034e-09,6.957605594906982e-09,6.957559270621836e-09,6.957512947027881e-09,6.957466624164225e-09,6.95742030188943e-09,6.957373980281017e-09,6.957327659373541e-09,6.9572813390863645e-09,6.9572350194668945e-09,6.957188700508625e-09,6.9571423822345756e-09,6.957096064582438e-09,6.9570497475418095e-09,6.95700343124679e-09,6.956957115613446e-09,6.956910800646377e-09,6.956864486335524e-09,6.956818172695501e-09,6.9567718597293885e-09,6.956725547413101e-09,6.9566792357143735e-09,6.956632924637603e-09,6.956586614319013e-09,6.956540304662408e-09,6.956493995709835e-09,6.956447687382897e-09,6.956401379733243e-09,6.956355072733803e-09,6.9563087664026825e-09,6.956262460730891e-09,6.956216155587407e-09,6.956169851244232e-09,6.956123547592904e-09,6.956077244628805e-09,6.956030942272374e-09,6.955984640638739e-09,6.9559383396340536e-09,6.955892039275597e-09,6.955845739575995e-09,6.955799440546183e-09,6.955753142177911e-09,6.955706844477717e-09,6.955660547446934e-09,6.955614251058236e-09,6.955567955347044e-09,6.95552166030294e-09,6.955475365923715e-09,6.955429072207629e-09,6.955382779255605e-09,6.95533648689172e-09,6.9552901951525826e-09,6.955243904093382e-09,6.955197613692124e-09,6.955151323931471e-09,6.955105034874231e-09,6.9550587464365115e-09,6.9550124586728215e-09,6.954966171426066e-09,6.954919885072969e-09,6.9548735993261575e-09,6.95482731424251e-09,6.954781029819854e-09,6.954734746067088e-09,6.954688462996601e-09,6.9546421805659285e-09,6.954595898773192e-09,6.954549617613725e-09,6.954503337201558e-09,6.95445705720901e-09,6.954410778099233e-09,6.954364499652392e-09,6.954318221868185e-09,6.954271944741374e-09,6.95422566819382e-09,6.954179392407723e-09,6.954133117267935e-09,6.954086842802693e-09,6.954040569000783e-09,6.9539942958651686e-09,6.953948023388016e-09,6.9539017515746325e-09,6.953855480510531e-09,6.953809210053346e-09,6.9537629402363475e-09,6.953716671083037e-09,6.953670402630941e-09,6.953624134796573e-09,6.953577867631004e-09,6.953531601084744e-09,6.953485335245724e-09,6.953439070084579e-09,6.953392805589869e-09,6.953346541737284e-09,6.953300278554857e-09,6.953254016027476e-09,6.953207754165204e-09,6.953161492980915e-09,6.9531152324290995e-09,6.953068972445806e-09,6.9530227132405875e-09,6.952976454888902e-09,6.952930197017225e-09,6.9528839398144e-09,6.952837683262513e-09,6.952791427630272e-09,6.9527451724255175e-09,6.9526989178542885e-09,6.952652663934073e-09,6.952606410704804e-09,6.95256015814308e-09,6.952513906241185e-09,6.952467655008126e-09,6.952421404429539e-09,6.9523751545725374e-09,6.952328905290243e-09,6.952282656703289e-09,6.952236408789551e-09,6.952190161530557e-09,6.952143914936439e-09,6.952097669003924e-09,6.952051423720781e-09,6.952005179118842e-09,6.951958935179021e-09,6.951912692029933e-09,6.951866449426399e-09,6.951820207306192e-09,6.9517739660143696e-09,6.951727725392548e-09,6.951681485430959e-09,6.951635246132431e-09,6.951589007499433e-09,6.951542769507301e-09,6.951496532198901e-09,6.9514502955571154e-09,6.95140405956343e-09,6.951357824242056e-09,6.951311589590724e-09,6.951265355559681e-09,6.951219122228798e-09,6.95117288958901e-09,6.951126657585934e-09,6.951080426246803e-09,6.951034195571282e-09,6.950987965560384e-09,6.950941736208608e-09,6.950895507528198e-09,6.950849279501384e-09,6.950803052203946e-09,6.950756825555075e-09,6.950710599516322e-09,6.950664374125655e-09,6.950618149417915e-09,6.950571925380417e-09,6.950525702028149e-09,6.950479479311908e-09,6.950433257257481e-09,6.9503870358665235e-09,6.950340815138525e-09,6.9502945947950005e-09,6.9502483753654455e-09,6.950202156631904e-09,6.9501559385602645e-09,6.950109721143815e-09,6.950063504396759e-09,6.95001728831335e-09,6.949971072891664e-09,6.9499248581233704e-09,6.949878644040917e-09,6.949832430648089e-09,6.949786217878715e-09,6.949740005771524e-09,6.949693794328398e-09,6.949647583560697e-09,6.949601373598127e-09,6.949555164167279e-09,6.949508955357143e-09,6.949462747225312e-09,6.949416539771583e-09,6.949370332969107e-09,6.949324126788949e-09,6.949277921301709e-09,6.949231716481096e-09,6.949185512329411e-09,6.949139308840659e-09,6.949093106016637e-09,6.9490469038931354e-09,6.9490007023872045e-09,6.948954501505051e-09,6.948908301328846e-09,6.948862101825556e-09,6.94881590291737e-09,6.948769704715585e-09,6.948723507168499e-09,6.9486773103145985e-09,6.948631114117546e-09,6.948584918645674e-09,6.948538723771828e-09,6.948492529567651e-09,6.94844633601196e-09,6.948400143078791e-09,6.948353950858141e-09,6.94830775929571e-09,6.94826156841305e-09,6.948215378204538e-09,6.948169188637879e-09,6.9481229997669716e-09,6.948076811514222e-09,6.948030623935586e-09,6.9479844369845145e-09,6.947938250723208e-09,6.947892065041851e-09,6.947845880104476e-09,6.94779969583328e-09,6.9477535122257894e-09,6.947707329282544e-09,6.947661146996481e-09,6.947614965451204e-09,6.947568784499503e-09,6.9475226042091e-09,6.94747642456062e-09,6.94743024558917e-09,6.94738406733503e-09,6.947337889688725e-09,6.947291712775302e-09,6.947245536454789e-09,6.947199360811413e-09,6.947153185817548e-09,6.947107011462531e-09,6.947060837791762e-09,6.947014664809e-09,6.94696849246609e-09,6.946922320785474e-09,6.946876149767517e-09,6.946829979387935e-09,6.946783809705029e-09,6.946737640673207e-09,6.946691472328484e-09,6.946645304700747e-09,6.946599137657697e-09,6.9465529713279545e-09,6.946506805696704e-09,6.946460640565841e-09,6.946414476473823e-09,6.9463683128396775e-09,6.946322149782808e-09,6.946275987375385e-09,6.9462298256273584e-09,6.946183664531261e-09,6.9461375042618e-09,6.946091344504975e-09,6.946045185391142e-09,6.9459990269483345e-09,6.945952869173566e-09,6.9459067120513315e-09,6.945860555606415e-09,6.945814399814481e-09,6.945768244709505e-09,6.9457220902468934e-09,6.945675936472879e-09,6.945629783344375e-09,6.9455836309350646e-09,6.9455374791257966e-09,6.9454913279763904e-09,6.945445177506748e-09,6.945399027682519e-09,6.945352878519553e-09,6.945306730025185e-09,6.9452605821816e-09,6.9452144349358044e-09,6.945168288430493e-09,6.945122142580135e-09,6.945075997248957e-09,6.945029852731219e-09,6.9449837088676864e-09,6.944937565647949e-09,6.944891423128122e-09,6.9448452813066295e-09,6.944799140107345e-09,6.944752999553509e-09,6.944706859663082e-09,6.944660720431745e-09,6.944614581863106e-09,6.944568443984798e-09,6.944522306740485e-09,6.944476170157166e-09,6.944430034235331e-09,6.9443838989792425e-09,6.944337764208807e-09,6.944291630277004e-09,6.9442454970512456e-09,6.944199364438999e-09,6.944153232560312e-09,6.944107101276079e-09,6.9440609706551205e-09,6.944014840694556e-09,6.943968711370938e-09,6.9439225826925735e-09,6.943876454718273e-09,6.9438303274086665e-09,6.943784200763754e-09,6.943738074777456e-09,6.943691949492384e-09,6.943645824945785e-09,6.943599700936338e-09,6.9435535776187814e-09,6.94350745489641e-09,6.943461332876145e-09,6.943415211523955e-09,6.943369090829686e-09,6.94332297076685e-09,6.943276851354721e-09,6.943230732643433e-09,6.943184614598132e-09,6.943138497216872e-09,6.943092380489994e-09,6.943046264425928e-09,6.943000149023254e-09,6.9429540342869945e-09,6.942907920088962e-09,6.942861806676192e-09,6.942815693898285e-09,6.9427695818021265e-09,6.942723470391095e-09,6.942677359644761e-09,6.942631249546691e-09,6.9425851401284975e-09,6.942539031345897e-09,6.942492923178827e-09,6.942446815720234e-09,6.942400708913434e-09,6.942354602777341e-09,6.942308497295901e-09,6.942262392501668e-09,6.942216288351022e-09,6.942170184865078e-09,6.942124082070542e-09,6.942077979905865e-09,6.942031878407512e-09,6.941985777565308e-09,6.9419396773731154e-09,6.941893577861217e-09,6.9418474790206925e-09,6.941801380798551e-09,6.9417552832076355e-09,6.941709186332432e-09,6.94166309012396e-09,6.9416169947235685e-09,6.941570899842496e-09,6.941524805616616e-09,6.94147871210827e-09,6.941432619225579e-09,6.941386526985677e-09,6.941340435418915e-09,6.941294344485138e-09,6.941248254230679e-09,6.9412021647747e-09,6.941156075851227e-09,6.941109987572662e-09,6.941063899717475e-09,6.941017812767461e-09,6.940971726480089e-09,6.940925640868717e-09,6.940879555904341e-09,6.940833471598972e-09,6.94078738792171e-09,6.940741304940948e-09,6.940695222621001e-09,6.9406491409572505e-09,6.940603060038963e-09,6.940556979705226e-09,6.940510900031493e-09,6.940464821024578e-09,6.940418742663827e-09,6.9403726649695265e-09,6.940326587937911e-09,6.940280511572364e-09,6.940234435866358e-09,6.940188360817456e-09,6.940142286410835e-09,6.940096212701175e-09,6.940050139698315e-09,6.9400040673188865e-09,6.939957995579952e-09,6.93991192449146e-09,6.93986585410744e-09,6.939819784405884e-09,6.9397737153167994e-09,6.93972764688267e-09,6.93968157910867e-09,6.93963551197518e-09,6.939589445573645e-09,6.939543379800101e-09,6.939497314546743e-09,6.9394512500575e-09,6.939405186276838e-09,6.9393591231382274e-09,6.939313060672176e-09,6.9392669988947734e-09,6.939220937730411e-09,6.9391748772330395e-09,6.939128817382229e-09,6.939082758206396e-09,6.939036699685366e-09,6.938990641872531e-09,6.9389445846843744e-09,6.938898528153622e-09,6.938852472294945e-09,6.93880641708702e-09,6.938760362537173e-09,6.938714308507704e-09,6.938668255229754e-09,6.938622202663443e-09,6.938576150762963e-09,6.938530099524075e-09,6.93848404892967e-09,6.9384379990783046e-09,6.938391949807173e-09,6.938345901206004e-09,6.938299853470257e-09,6.938253806200028e-09,6.938207759581235e-09,6.938161713608869e-09,6.938115668334829e-09,6.938069623785078e-09,6.938023579760764e-09,6.937977536500611e-09,6.937931493846023e-09,6.937885451871149e-09,6.937839410546485e-09,6.937793369890466e-09,6.937747329881288e-09,6.937701290523128e-09,6.937655251829824e-09,6.937609213823433e-09,6.937563176468515e-09,6.937517139763378e-09,6.937471103609232e-09,6.9374250682351984e-09,6.937379033513227e-09,6.937332999448621e-09,6.937286966043904e-09,6.937240933301035e-09,6.937194901221134e-09,6.937148869654715e-09,6.9371028389153605e-09,6.937056808826707e-09,6.937010779379046e-09,6.936964750605274e-09,6.936918722483067e-09,6.936872695047274e-09,6.936826668252998e-09,6.936780642122901e-09,6.9367346166561925e-09,6.936688591844788e-09,6.936642567695722e-09,6.936596544197863e-09,6.936550521368648e-09,6.936504499201711e-09,6.936458477698121e-09,6.936412456852179e-09,6.936366436645147e-09,6.93632041717313e-09,6.9362743983147765e-09,6.936228380092476e-09,6.936182362547741e-09,6.93613634566337e-09,6.93609032943285e-09,6.936044313858483e-09,6.935998298958672e-09,6.9359522847186105e-09,6.935906271136862e-09,6.9358602582175805e-09,6.935814245966405e-09,6.935768234368312e-09,6.935722223431213e-09,6.935676213246172e-09,6.935630203624923e-09,6.935584194669557e-09,6.935538186318836e-09,6.935492178712702e-09,6.935446171748198e-09,6.93540016542921e-09,6.9353541597757645e-09,6.935308154757776e-09,6.935262150420143e-09,6.935216146742902e-09,6.9351701437246474e-09,6.935124141371037e-09,6.935078139671801e-09,6.935032138631758e-09,6.934986138241468e-09,6.9349401385286374e-09,6.934894139490729e-09,6.934848141097972e-09,6.934802143359178e-09,6.934756146217984e-09,6.934710149806303e-09,6.9346641540485365e-09,6.934618158957024e-09,6.934572164524477e-09,6.934526170751015e-09,6.934480177656097e-09,6.9344341852064055e-09,6.934388193418919e-09,6.934342202292062e-09,6.934296211821937e-09,6.93425022201026e-09,6.934204232863381e-09,6.934158244357663e-09,6.93411225659882e-09,6.934066269471016e-09,6.9340202829601035e-09,6.933974297108619e-09,6.933928311920812e-09,6.933882327389745e-09,6.933836343516256e-09,6.933790360315079e-09,6.933744377746612e-09,6.93369839599844e-09,6.9336524147985005e-09,6.93360643422993e-09,6.933560454321452e-09,6.9335144750456345e-09,6.933468496442072e-09,6.933422518519304e-09,6.933376541104701e-09,6.933330564485328e-09,6.9332845885369754e-09,6.933238613320445e-09,6.9331926386925065e-09,6.933146664798104e-09,6.933100691481942e-09,6.933054718881025e-09,6.9330087468973426e-09,6.932962775573568e-09,6.932916804906807e-09,6.9328708349157065e-09,6.932824865571799e-09,6.932778896883159e-09,6.932732928816556e-09,6.932686961452664e-09,6.932640994782294e-09,6.932595028728641e-09,6.932549063344418e-09,6.932503098618722e-09,6.932457134548943e-09,6.932411171144558e-09,6.932365208399306e-09,6.93231924630116e-09,6.932273284888747e-09,6.932227324129757e-09,6.932181364018863e-09,6.932135404569218e-09,6.932089445780555e-09,6.9320434876580064e-09,6.931997530192174e-09,6.9319515733814105e-09,6.931905617284949e-09,6.931859661779557e-09,6.931813706946417e-09,6.931767752812221e-09,6.931721799316844e-09,6.931675846482019e-09,6.9316298942906745e-09,6.9315839427572274e-09,6.931537991870395e-09,6.931492041662667e-09,6.931446092129708e-09,6.931400143238029e-09,6.931354195083858e-09,6.931308247572933e-09,6.9312623006723616e-09,6.931216354467811e-09,6.9311704088729066e-09,6.931124463934402e-09,6.931078519637774e-09,6.931032575981976e-09,6.9309866330256384e-09,6.930940690707215e-09,6.9308947488839e-09,6.93084880791082e-09,6.930802867591236e-09,6.930756927931006e-09,6.930710988931926e-09,6.930665050595086e-09,6.930619112916373e-09,6.930573175881071e-09,6.9305272395234416e-09,6.930481303864641e-09,6.930435368828027e-09,6.930389434448277e-09,6.930343500682214e-09,6.930297567632258e-09,6.930251635233544e-09,6.9302057034941094e-09,6.930159772435651e-09,6.930113842015199e-09,6.930067912252671e-09,6.930021983146712e-09,6.929976054700248e-09,6.929930126934096e-09,6.929884199805275e-09,6.929838273337369e-09,6.929792347498724e-09,6.929746422354014e-09,6.9297004979082045e-09,6.9296545740804094e-09,6.929608651031455e-09,6.9295627285253915e-09,6.929516806667718e-09,6.929470885517077e-09,6.9294249649846756e-09,6.929379045113538e-09,6.929333125925062e-09,6.929287207368477e-09,6.9292412896508435e-09,6.929195372413925e-09,6.929149455906438e-09,6.92910353997956e-09,6.929057624772616e-09,6.929011710152759e-09,6.928965796215209e-09,6.928919882923956e-09,6.928873970353533e-09,6.928828058419792e-09,6.9287821471179195e-09,6.928736236472321e-09,6.928690326527252e-09,6.928644417204443e-09,6.9285985085404394e-09,6.928552600542275e-09,6.928506693285801e-09,6.928460786601196e-09,6.928414880455445e-09,6.928368975100832e-09,6.9283230703629455e-09,6.928277166289088e-09,6.928231263013744e-09,6.928185360282533e-09,6.928139458206679e-09,6.928093556802329e-09,6.928047656046008e-09,6.928001756127886e-09,6.92795585669311e-09,6.927909957653427e-09,6.927864059530549e-09,6.927818162071484e-09,6.92777226526305e-09,6.927726369206434e-09,6.927680473720553e-09,6.927634578900239e-09,6.9275886847385546e-09,6.927542791244768e-09,6.92749689839942e-09,6.927451006225004e-09,6.92740511469628e-09,6.927359223855008e-09,6.9273133336287726e-09,6.927267444083996e-09,6.927221555192057e-09,6.927175667137496e-09,6.9271297795569605e-09,6.927083892648598e-09,6.927038006391325e-09,6.926992120793294e-09,6.9269462358924835e-09,6.9269003516072924e-09,6.926854467988908e-09,6.926808585045094e-09,6.926762702728668e-09,6.9267168210862355e-09,6.92667094010687e-09,6.926625059802846e-09,6.926579180139404e-09,6.926533301127489e-09,6.926487422787984e-09,6.926441545097764e-09,6.926395668045704e-09,6.926349791712784e-09,6.92630391599889e-09,6.9262580409365785e-09,6.926212166532998e-09,6.926166292781473e-09,6.926120419728898e-09,6.926074547284921e-09,6.926028675527042e-09,6.9259828044188565e-09,6.925936933977845e-09,6.9258910642601135e-09,6.925845195131482e-09,6.925799326661765e-09,6.925753458799893e-09,6.925707591666759e-09,6.925661724974937e-09,6.925615859193922e-09,6.925569994024018e-09,6.925524129505481e-09,6.92547826564346e-09,6.925432402441067e-09,6.925386539902873e-09,6.925340678012704e-09,6.925294816750825e-09,6.925248956265617e-09,6.925203096358651e-09,6.925157237108155e-09,6.92511137851132e-09,6.925065520561224e-09,6.925019663292023e-09,6.924973806675618e-09,6.92492795071998e-09,6.9248820954424354e-09,6.9248362407390016e-09,6.924790386780574e-09,6.924744533462406e-09,6.924698680492269e-09,6.924652828486884e-09,6.924606977137336e-09,6.924561126451366e-09,6.924515276431601e-09,6.9244694271166e-09,6.924423578406585e-09,6.924377730351958e-09,6.924331882957637e-09,6.924286036218603e-09,6.924240190140495e-09,6.924194344716623e-09,6.92414849996277e-09,6.924102655929089e-09,6.924056812425982e-09,6.924010969646434e-09,6.9239651275178655e-09,6.923919286019951e-09,6.923873445213487e-09,6.923827605066699e-09,6.923781765494794e-09,6.923735926658401e-09,6.923690088463625e-09,6.923644250936154e-09,6.923598414076101e-09,6.923552578008953e-09,6.923506742443386e-09,6.923460907537033e-09,6.923415073310697e-09,6.923369239745812e-09,6.923323406837557e-09,6.923277574580474e-09,6.923231742988556e-09,6.9231859121094335e-09,6.923140081784832e-09,6.9230942521244004e-09,6.923048423170865e-09,6.923002594872237e-09,6.922956767245017e-09,6.922910940320665e-09,6.922865114002123e-09,6.922819288347918e-09,6.9227734633361896e-09,6.922727638982123e-09,6.922681815313426e-09,6.922635992216785e-09,6.92259016983795e-09,6.922544348116888e-09,6.922498527075351e-09,6.922452706677067e-09,6.9224068869244175e-09,6.92236106782113e-09,6.9223152494696774e-09,6.9222694317457135e-09,6.922223614626028e-09
15,1.8828663722089997e-62,-5.983456488525402e-61,1.9376734347210638e-61,6.077838342539981e-61,1.2886005257807877e-60,2.3104737701444547e-60,3.7517647365641706e-60,5.69228325077672e-60,8.214774010977818e-60,1.1396613755845777e-59,1.5320703829583449e-59,2.0068395168057113e-59,2.572036155533422e-59,3.2357318688593355e-59,3.999318043980119e-59,4.883464821066083e-59,5.890090916498534e-59,7.027152238949345e-59,8.302569317829334e-59,9.724248119353872e-59,1.1288421061604965e-58,1.3012701490682024e-58,1.4918486662450434e-58,1.7001871694611738e-58,1.927070148658971e-58,2.1732766014278634e-58,2.4395895293007523e-58,2.7267874008347735e-58,3.0356492868340277e-58,3.366953718461653e-58,3.7214787710820535e-58,4.100002136064297e-58,4.5033011819905375e-58,4.93215300670567e-58,5.387334481370491e-58,5.869622287702721e-58,6.379792949350319e-58,6.918622858247668e-58,7.486888296748199e-58,8.085365456153001e-58,8.714830452185576e-58,9.376059337909126e-58,1.006982811449589e-57,1.0796912740184598e-57,1.1558089137723573e-57,1.2354133200550102e-57,1.3185820797911742e-57,1.4053927779108497e-57,1.4959229977006519e-57,1.590250321093964e-57,1.6884523289108786e-57,1.790606601054739e-57,1.896790716676833e-57,2.007082254310346e-57,2.121558791981129e-57,2.2402979072977488e-57,2.363377177526931e-57,2.490874179657232e-57,2.62286649044667e-57,2.7594316864643445e-57,2.9006473441272264e-57,3.046591039724714e-57,3.197340349444998e-57,3.352972849391282e-57,3.51356611559724e-57,3.6791977240412966e-57,3.849945250654952e-57,4.02588627133397e-57,4.2070983619402746e-57,4.393659098314509e-57,4.585646056274325e-57,4.783136811622366e-57,4.9862089401464524e-57,5.194940017624166e-57,5.409407619822512e-57,5.629689322503518e-57,5.855862701422465e-57,6.088005332327488e-57,6.326194790966977e-57,6.570508653081905e-57,6.821024494412508e-57,7.077819890698348e-57,7.340972417675833e-57,7.610559651077818e-57,7.886659166639374e-57,8.169348540092757e-57,8.458705347170242e-57,8.754807163602696e-57,9.057731565121016e-57,9.367556127456911e-57,9.684358426340392e-57,1.000821603749978e-56,1.0339206536667076e-56,1.067740749957076e-56,1.1022896501940117e-56,1.1375751119502607e-56,1.1736048927990084e-56,1.2103867503130165e-56,1.2479284420652395e-56,1.2862377256286895e-56,1.3253223585760244e-56,1.3651900984802376e-56,1.4058487029141892e-56,1.4473059294508373e-56,1.4895695356630256e-56,1.5326472791235003e-56,1.576546917405287e-56,1.621276208081281e-56,1.666842908724209e-56,1.713254776907321e-56,1.7605195702031349e-56,1.808645046184445e-56,1.8576389624241772e-56,1.9075090764955786e-56,1.958263145971082e-56,2.0099089284236615e-56,2.0624541814263166e-56,2.115906662551909e-56,2.1702741293732025e-56,2.2255643394633547e-56,2.2817850503949247e-56,2.338944019740712e-56,2.3970490050740126e-56,2.4561077639671773e-56,2.5161280539933544e-56,2.5771176327255734e-56,2.6390842577363505e-56,2.7020356865988864e-56,2.765979676885829e-56,2.8309239861701137e-56,2.896876372024671e-56,2.9638445920226505e-56,3.031836403736508e-56,3.1008595647390857e-56,3.170921832603748e-56,3.242030964902724e-56,3.314194719209149e-56,3.3874208530963035e-56,3.461717124136367e-56,3.5370912899026282e-56,3.613551107967969e-56,3.691104335905174e-56,3.7697587312870817e-56,3.849522051686474e-56,3.93040205467662e-56,4.0124064978300094e-56,4.095543138719445e-56,4.1798197349183455e-56,4.265244043998803e-56,4.351823823534136e-56,4.4395668310972665e-56,4.52848082426107e-56,4.618573560598111e-56,4.709852797681824e-56,4.8023262930846875e-56,4.896001804379437e-56,4.99088708913931e-56,5.086989904937022e-56,5.184318009345406e-56,5.282879159937246e-56,5.3826811142857665e-56,5.483731629963477e-56,5.586038464543428e-56,5.689609375598344e-56,5.794452120701218e-56,5.900574457425315e-56,6.00798414334287e-56,6.116688936026867e-56,6.226696593050576e-56,6.338014871986621e-56,6.4506515304076e-56,6.564614325886765e-56,6.679911015996938e-56,6.796549358310758e-56,6.914537110401347e-56,7.03388202984158e-56,7.154591874204138e-56,7.276674401061843e-56,7.400137367988079e-56,7.524988532554892e-56,7.651235652335765e-56,7.778886484903556e-56,7.907948787831039e-56,8.038430318690888e-56,8.170338835056164e-56,8.303682094499867e-56,8.438467854594562e-56,8.574703872913667e-56,8.712397907029505e-56,8.851557714515039e-56,8.992191052943283e-56,9.134305679887292e-56,9.27790935291932e-56,9.423009829612785e-56,9.569614867540533e-56,9.71773222427517e-56,9.867369657389735e-56,1.001853492445697e-55,1.0171235783049854e-55,1.0325479990741415e-55,1.048127530510448e-55,1.0638629483711532e-55,1.0797550284135777e-55,1.0958045463949638e-55,1.1120122780726877e-55,1.1283789992039807e-55,1.144905485546129e-55,1.1615925128564317e-55,1.1784408568922267e-55,1.1954512934106514e-55,1.2126245981691362e-55,1.229961546924934e-55,1.2474629154352962e-55,1.2651294794575769e-55,1.2829620147489962e-55,1.3009612970668429e-55,1.3191281021684707e-55,1.3374632058111168e-55,1.3559673837520454e-55,1.3746414117486238e-55,1.3934860655580663e-55,1.4125021209375987e-55,1.4316903536446285e-55,1.4510515394364428e-55,1.4705864540702776e-55,1.4902958733034233e-55,1.51018057289321e-55,1.5302413285968827e-55,1.550478916171714e-55,1.570894111375069e-55,1.5914876899641499e-55,1.6122604276963295e-55,1.6332131003288165e-55,1.6543464836189042e-55,1.6756613533239545e-55,1.697158485201189e-55,1.7188386550078783e-55,1.740702638501382e-55,1.7627512114388437e-55,1.7849851495777056e-55,1.8074052286751888e-55,1.830012224488569e-55,1.852806912775195e-55,1.8757900692922924e-55,1.8989624697972204e-55,1.922324890047189e-55,1.9458781057995023e-55,1.9696228928115087e-55,1.9935600268403476e-55,2.017690283643452e-55,2.0420144389781204e-55,2.066533268601482e-55,2.091247548271056e-55,2.1161580537439784e-55,2.141265560777464e-55,2.1665708451289297e-55,2.192074682555595e-55,2.2177778488147556e-55,2.243681119663771e-55,2.269785270859864e-55,2.2960910781603e-55,2.3225993173224566e-55,2.349310764103522e-55,2.376226194260824e-55,2.4033463835516948e-55,2.43067210773336e-55,2.4582041425631727e-55,2.485943263798342e-55,2.5138902471961753e-55,2.5420458685139355e-55,2.570410903509018e-55,2.59898612793862e-55,2.6277723175600343e-55,2.6567702481306028e-55,2.685980695407456e-55,2.7154044351481314e-55,2.7450422431097584e-55,2.774894895049626e-55,2.8049631667250254e-55,2.835247833893301e-55,2.8657496723116025e-55,2.8964694577373648e-55,2.9274079659278755e-55,2.958565972640358e-55,2.989944253632179e-55,3.0215435846605452e-55,3.0533647414827324e-55,3.0854084998560334e-55,3.11767563553772e-55,3.15016692428517e-55,3.182883141855594e-55,3.215825064006372e-55,3.248993466494701e-55,3.282389125077865e-55,3.316012815513225e-55,3.349865313558002e-55,3.383947394969472e-55,3.418259835505008e-55,3.4528034109217354e-55,3.4875788969770915e-55,3.52258706942829e-55,3.557828704032722e-55,3.59330457654757e-55,3.6290154627301304e-55,3.6649621383376705e-55,3.7011453791275725e-55,3.737565960857039e-55,3.774224659283452e-55,3.8111222501639855e-55,3.848259509256063e-55,3.885637212316857e-55,3.9232561351036554e-55,3.9611170533738374e-55,3.9992207428845105e-55,4.037567979393153e-55,4.0761595386570406e-55,4.114996196433363e-55,4.1540787284794124e-55,4.19340791055249e-55,4.2329845184098694e-55,4.272809327808908e-55,4.312883114506813e-55,4.3532066542608776e-55,4.3937807228285054e-55,4.43460609596676e-55,4.4756835494331425e-55,4.517013858984822e-55,4.5585978003791075e-55,4.6004361493734345e-55,4.642529681724973e-55,4.684879173190886e-55,4.727485399528726e-55,4.770349136495598e-55,4.813471159848816e-55,4.856852245345649e-55,4.900493168743359e-55,4.944394705799347e-55,4.9885576322708256e-55,5.032982723915115e-55,5.077670756489475e-55,5.1226225057511626e-55,5.167838747457549e-55,5.213320257365856e-55,5.259067811233357e-55,5.305082184817463e-55,5.351364153875336e-55,5.397914494164363e-55,5.4447339814417436e-55,5.491823391464749e-55,5.539183499990665e-55,5.586815082776906e-55,5.6347189155806256e-55,5.682895774159137e-55,5.7313464342698244e-55,5.7800716716698595e-55,5.829072262116635e-55,5.8783489813673435e-55,5.927902605179299e-55,5.977733909309767e-55,6.027843669516025e-55,6.07823266155536e-55,6.1289016611851476e-55,6.1798514441626e-55,6.2310827862449824e-55,6.282596463189697e-55,6.334393250753935e-55,6.3864739246949666e-55,6.43883926077019e-55,6.491490034736898e-55,6.544427022352176e-55,6.597650999373503e-55,6.651162741558176e-55,6.704963024663288e-55,6.759052624446294e-55,6.813432316664513e-55,6.868102877075108e-55,6.923065081435391e-55,6.978319705502727e-55,7.033867525034236e-55,7.089709315787362e-55,7.145845853519342e-55,7.202277913987527e-55,7.259006272949119e-55,7.316031706161377e-55,7.373354989381631e-55,7.43097689836725e-55,7.488898208875425e-55,7.547119696663445e-55,7.605642137488683e-55,7.664466307108313e-55,7.72359298127964e-55,7.783022935760074e-55,7.842756946306776e-55,7.902795788677028e-55,7.963140238628238e-55,8.023791071917477e-55,8.08474906430226e-55,8.146014991539855e-55,8.20758962938743e-55,8.2694737536023e-55,8.331668139941864e-55,8.394173564163278e-55,8.456990802023963e-55,8.520120629280971e-55,8.5835638216919e-55,8.647321155013734e-55,8.711393405003864e-55,8.775781347419654e-55,8.840485758018325e-55,8.90550741255716e-55,8.97084708679355e-55,9.036505556484661e-55,9.102483597387767e-55,9.168781985260418e-55,9.235401495859542e-55,9.302342904942558e-55,9.369606988266846e-55,9.437194521589612e-55,9.505106280668e-55,9.573343041259736e-55,9.641905579121663e-55,9.710794670011092e-55,9.780011089685748e-55,9.849555613902467e-55,9.919429018418526e-55,9.989632078991704e-55,1.0060165571378799e-54,1.0131030271337328e-54,1.0202226954624598e-54,1.027375639699765e-54,1.0345619374214024e-54,1.0417816662030984e-54,1.0490349036205603e-54,1.0563217272495129e-54,1.0636422146657095e-54,1.070996443444882e-54,1.0783844911627335e-54,1.0858064353950163e-54,1.0932623537174609e-54,1.1007523237057692e-54,1.1082764229357202e-54,1.115834728982996e-54,1.1234273194233227e-54,1.1310542718324774e-54,1.1387156637861399e-54,1.146411572860066e-54,1.1541420766299568e-54,1.1619072526715681e-54,1.1697071785606038e-54,1.1775419318728402e-54,1.1854115901839589e-54,1.193316231069686e-54,1.2012559321057732e-54,1.2092307708679537e-54,1.2172408249319288e-54,1.2252861718734801e-54,1.2333668892682836e-54,1.2414830546920709e-54,1.2496347457206188e-54,1.2578220399296083e-54,1.2660450148947912e-54,1.2743037481918707e-54,1.2825983173966011e-54,1.2909288000847142e-54,1.2992952738319097e-54,1.3076978162139153e-54,1.3161365048064837e-54,1.3246114171853728e-54,1.3331226309262585e-54,1.3416702236048714e-54,1.350254272796965e-54,1.3588748560782403e-54,1.367532051024453e-54,1.376225935211333e-54,1.3849565862146078e-54,1.393724081609981e-54,1.4025284989731814e-54,1.4113699158799905e-54,1.4202484099060837e-54,1.4291640586271877e-54,1.438116939619059e-54,1.4471071304574255e-54,1.4561347087180194e-54,1.4651997519765668e-54,1.4743023378087703e-54,1.4834425437903588e-54,1.492620447497116e-54,1.501836126504741e-54,1.5110896583889386e-54,1.5203811207254614e-54,1.529710591090014e-54,1.53907814705835e-54,1.5484838662061999e-54,1.5579278261092644e-54,1.5674101043432987e-54,1.5769307784840347e-54,1.5864899261071714e-54,1.5960876247884345e-54,1.6057239521036125e-54,1.6153989856283753e-54,1.6251128029384566e-54,1.6348654816096362e-54,1.6446570992175883e-54,1.654487733338044e-54,1.664357461546753e-54,1.6742663614194522e-54,1.6842145105318658e-54,1.694201986459694e-54,1.7042288667786955e-54,1.7142952290645705e-54,1.7244011508931066e-54,1.734546709839972e-54,1.744731983480895e-54,1.7549570493916643e-54,1.7652219851479548e-54,1.775526868325487e-54,1.7858717765000195e-54,1.7962567872472867e-54,1.8066819781429873e-54,1.8171474267629022e-54,1.8276532106827102e-54,1.838199407478139e-54,1.8487860947249667e-54,1.8594133499988745e-54,1.8700812508756133e-54,1.8807898749309153e-54,1.8915392997404778e-54,1.9023296028800664e-54,1.9131608619253673e-54,1.924033154452148e-54,1.9349465580361063e-54,1.9459011502530257e-54,1.956897008678579e-54,1.9679342108885238e-54,1.9790128344585627e-54,1.9901329569644472e-54,2.0012946559818828e-54,2.0124980090866237e-54,2.0237430938544031e-54,2.035029987860947e-54,2.046358768681953e-54,2.0577295138931826e-54,2.0691423010703322e-54,2.0805972077891588e-54,2.0920943116253925e-54,2.1036336901547357e-54,2.115215420952943e-54,2.1268395815957418e-54,2.1385062496588362e-54,2.150215502717985e-54,2.1619674183489111e-54,2.1737620741273467e-54,2.185599547628992e-54,2.197479916429602e-54,2.2094032581049103e-54,2.221369650230647e-54,2.2333791703825062e-54,2.2454318961362132e-54,2.2575279050675291e-54,2.269667274752188e-54,2.2818500827658826e-54,2.2940764066844056e-54,2.3063463240834206e-54,2.3186599125386605e-54,2.3310172496259175e-54,2.3434184129208562e-54,2.3558634799992025e-54,2.3683525284367187e-54,2.380885635809132e-54,2.3934628796921423e-54,2.406084337661506e-54,2.4187500872929232e-54,2.4314602061621552e-54,2.4442147718449594e-54,2.457013861917004e-54,2.469857553954015e-54,2.4827459255317563e-54,2.495679054225953e-54,2.5086570176123057e-54,2.5216798932666036e-54,2.5347477587645132e-54,2.547860691681759e-54,2.5610187695941402e-54,2.5742220700773203e-54,2.5874706707070308e-54,2.600764649059058e-54,2.614104082709071e-54,2.627489049232797e-54,2.64091962620603e-54,2.6543958912044344e-54,2.6679179218037366e-54,2.681485795579696e-54,2.695099590108045e-54,2.708759382964479e-54,2.7224652517247596e-54,2.736217273964613e-54,2.750015527259738e-54,2.763860089185894e-54,2.7777510373187764e-54,2.7916884492341487e-54,2.8056724025077425e-54,2.81970297471528e-54,2.833780243432459e-54,2.8479042862350117e-54,2.86207518069873e-54,2.876293004399276e-54,2.8905578349123794e-54,2.9048697498138317e-54,2.919228826679302e-54,2.933635143084512e-54,2.948088776605264e-54,2.962589804817216e-54,2.9771383052960965e-54,2.9917343556176695e-54,3.006378033357662e-54,3.021069416091768e-54,3.0358085813957846e-54,3.050595606845373e-54,3.065430570016298e-54,3.080313548484287e-54,3.0952446198250387e-54,3.110223861614277e-54,3.125251351427798e-54,3.140327166841266e-54,3.155451385430411e-54,3.17062408477102e-54,3.1858453424387646e-54,3.201115236009401e-54,3.2164338430586264e-54,3.2318012411622024e-54,3.247217507895825e-54,3.26268272083529e-54,3.2781969575562626e-54,3.293760295634465e-54,3.3093728126456657e-54,3.3250345861655925e-54,3.340745693769936e-54,3.3565062130344956e-54,3.3723162215349305e-54,3.3881757968469696e-54,3.4040850165463745e-54,3.420043958208873e-54,3.436052699410165e-54,3.452111317726049e-54,3.468219890732179e-54,3.4843784960042883e-54,3.500587211118171e-54,3.516846113649485e-54,3.533155281174002e-54,3.549514791267409e-54,3.565924721505436e-54,3.5823851494638803e-54,3.5988961527184035e-54,3.6154578088447665e-54,3.6320701954187026e-54,3.648733390015938e-54,3.665447470212168e-54,3.682212513583114e-54,3.699028597704586e-54,3.715895800152238e-54,3.7328141985017964e-54,3.749783870329025e-54,3.7668048932096515e-54,3.78387734471937e-54,3.801001302433948e-54,3.818176843929114e-54,3.83540404678056e-54,3.852682988564049e-54,3.870013746855307e-54,3.887396399230034e-54,3.904831023264032e-54,3.9223176965329525e-54,3.939856496612562e-54,3.957447501078553e-54,3.9750907875066913e-54,3.992786433472707e-54,4.010534516552291e-54,4.028335114321205e-54,4.0461883043551375e-54,4.0640941642298574e-54,4.082052771521103e-54,4.1000642038045554e-54,4.118128538655988e-54,4.136245853651118e-54,4.1544162263656464e-54,4.172639734375339e-54,4.19091645525592e-54,4.209246466583083e-54,4.227629845932635e-54,4.246066670880224e-54,4.2645570190015824e-54,4.2831009678724764e-54,4.301698595068593e-54,4.320349978165704e-54,4.339055194739531e-54,4.357814322365809e-54,4.3766274386202713e-54,4.3954946210785975e-54,4.414415947316562e-54,4.433391494909849e-54,4.452421341434269e-54,4.4715055644654736e-54,4.490644241579233e-54,4.509837450351233e-54,4.5290852683572015e-54,4.5483877731729043e-54,4.5677450423740766e-54,4.5871571535364374e-54,4.606624184235688e-54,4.6261462120475866e-54,4.6457233145478725e-54,4.6653555693122297e-54,4.6850430539164174e-54,4.7047858459361327e-54,4.72458402294715e-54,4.744437662525191e-54,4.7643468422459836e-54,4.784311639685216e-54,4.804332132418658e-54,4.8244083980219996e-54,4.8445405140710104e-54,4.864728558141458e-54,4.884972607808994e-54,4.905272740649343e-54,4.9256290342382786e-54,4.946041566151523e-54,4.966510413964772e-54,4.987035655253749e-54,5.007617367594263e-54,5.028255628561968e-54,5.048950515732589e-54,5.069702106681889e-54,5.0905104789856047e-54,5.1113757102194656e-54,5.1322978779591943e-54,5.153277059780482e-54,5.174313333259062e-54,5.195406775970736e-54,5.216557465491158e-54,5.237765479396055e-54,5.259030895261233e-54,5.280353790662344e-54,5.301734243175112e-54,5.323172330375353e-54,5.344668129838708e-54,5.366221719140957e-54,5.387833175857817e-54,5.409502577564987e-54,5.431230001838229e-54,5.453015526253233e-54,5.474859228385765e-54,5.496761185811516e-54,5.51872147610626e-54,5.540740176845717e-54,5.562817365605577e-54,5.58495311996161e-54,5.607147517489544e-54,5.629400635765073e-54,5.651712552364001e-54,5.674083344861979e-54,5.696513090834733e-54,5.719001867858074e-54,5.741549753507653e-54,5.764156825359195e-54,5.786823160988509e-54,5.809548837971242e-54,5.832333933883127e-54,5.855178526299928e-54,5.878082692797379e-54,5.901046510951164e-54,5.924070058337053e-54,5.947153412530779e-54,5.970296651108064e-54,5.993499851644601e-54,6.016763091716163e-54,6.040086448898473e-54,6.06347000076722e-54,6.086913824898171e-54,6.11041799886702e-54,6.133982600249532e-54,6.157607706621396e-54,6.18129339555838e-54,6.205039744636215e-54,6.228846831430624e-54,6.252714733517307e-54,6.276643528472063e-54,6.300633293870502e-54,6.324684107288438e-54,6.348796046301594e-54,6.372969188485702e-54,6.397203611416446e-54,6.421499392669646e-54,6.445856609820943e-54,6.470275340446062e-54,6.494755662120776e-54,6.519297652420812e-54,6.543901388921861e-54,6.568566949199688e-54,6.593294410829983e-54,6.618083851388516e-54,6.642935348451063e-54,6.667848979593257e-54,6.692824822390881e-54,6.717862954419616e-54,6.742963453255192e-54,6.768126396473376e-54,6.793351861649856e-54,6.81863992636036e-54,6.843990668180751e-54,6.869404164686669e-54,6.894880493453759e-54,6.920419732057828e-54,6.946021958074609e-54,6.971687249079742e-54,6.997415682649136e-54,7.023207336358384e-54,7.049062287783258e-54,7.074980614499445e-54,7.10096239408272e-54,7.127007704108768e-54,7.153116622153404e-54,7.179289225792311e-54,7.205525592601175e-54,7.231825800155723e-54,7.258189926031689e-54,7.284618047804839e-54,7.311110243050956e-54,7.337666589345666e-54,7.364287164264752e-54,7.3909720453839e-54,7.417721310278832e-54,7.444535036525318e-54,7.471413301699134e-54,7.498356183375928e-54,7.525363759131467e-54,7.552436106541437e-54,7.579573303181563e-54,7.606775426627622e-54,7.634042554455383e-54,7.661374764240535e-54,7.688772133558715e-54,7.716234739985745e-54,7.743762661097301e-54,7.771355974469161e-54,7.799014757677148e-54,7.826739088296804e-54,7.854529043903954e-54,7.882384702074322e-54,7.910306140383547e-54,7.93829343640736e-54,7.966346667721757e-54,7.994465911902197e-54,8.022651246524504e-54,8.050902749164311e-54,8.079220497397437e-54,8.107604568799615e-54,8.136055040946565e-54,8.16457199141402e-54,8.19315549777771e-54,8.221805637613277e-54,8.250522488496534e-54,8.279306128003123e-54,8.30815663370905e-54,8.337074083189754e-54,8.366058554021074e-54,8.39511012377873e-54,8.424228870038359e-54,8.453414870375784e-54,8.482668202366731e-54,8.511988943586927e-54,8.541377171612009e-54,8.5708329640178e-54,8.60035639838003e-54,8.629947552274327e-54,8.659606503276615e-54,8.689333328962534e-54,8.719128106907707e-54,8.748990914688057e-54,8.778921829879121e-54,8.808920930056625e-54,8.838988292796491e-54,8.869123995674356e-54,8.899328116265949e-54,8.929600732146998e-54,8.959941920893137e-54,8.990351760080188e-54,9.020830327283879e-54,9.051377700079937e-54,9.081993956044003e-54,9.112679172751985e-54,9.14343342777943e-54,9.174256798702162e-54,9.205149363095997e-54,9.236111198536483e-54,9.267142382599336e-54,9.298242992860388e-54,9.329413106895375e-54,9.360652802280015e-54,9.391962156590038e-54,9.423341247401178e-54,9.454790152289166e-54,9.486308948829723e-54,9.517897714598485e-54,9.549556527171282e-54,9.581285464123932e-54,9.613084603031974e-54,9.644954021471131e-54,9.676893797017329e-54,9.708904007246108e-54,9.74098472973328e-54,9.773136042054592e-54,9.805358021785758e-54,9.837650746502514e-54,9.870014293780496e-54,9.902448741195515e-54,9.934954166323316e-54,9.967530646739613e-54,1.0000178260020143e-53,1.003289708374053e-53,1.0065687195476706e-53,1.0098548672804201e-53,1.0131481593298852e-53,1.0164486034536273e-53,1.0197562074092394e-53,1.0230709789542851e-53,1.0263929258463267e-53,1.0297220558429475e-53,1.03305837670172e-53,1.0364018961802177e-53,1.0397526220360129e-53,1.0431105620266788e-53,1.046475723909778e-53,1.0498481154428943e-53,1.0532277443835992e-53,1.0566146184894554e-53,1.060008745518057e-53,1.0634101332269566e-53,1.0668187893737466e-53,1.0702347217159808e-53,1.0736579380112413e-53,1.0770884460170904e-53,1.080526253491122e-53,1.0839713681908996e-53,1.0874237978739845e-53,1.09088355029796e-53,1.0943506332203992e-53,1.0978250543988648e-53,1.10130682159095e-53,1.1047959425542175e-53,1.1082924250462306e-53,1.111796276824571e-53,1.1153075056468127e-53,1.1188261192705183e-53,1.122352125453281e-53,1.125885531952663e-53,1.1294263465262272e-53,1.1329745769315563e-53,1.1365302309262245e-53,1.1400933162677928e-53,1.1436638407138554e-53,1.1472418120219646e-53,1.1508272379497034e-53,1.1544201262546443e-53,1.1580204846943605e-53,1.1616283210264154e-53,1.1652436430084008e-53,1.168866458397881e-53,1.172496774952428e-53,1.1761346004296046e-53,1.1797799425869946e-53,1.1834328091821595e-53,1.187093207972693e-53,1.1907611467161475e-53,1.194436633170106e-53,1.198119675092142e-53,1.2018102802398277e-53,1.2055084563707256e-53,1.20921421124243e-53,1.212927552612492e-53,1.2166484882384954e-53,1.2203770258780134e-53,1.2241131732886077e-53,1.2278569382278622e-53,1.2316083284533486e-53,1.2353673517226523e-53,1.239134015793335e-53,1.2429083284229583e-53,1.2466902973691067e-53,1.2504799303893416e-53,1.2542772352412567e-53,1.2580822196824153e-53,1.2618948914703792e-53,1.2657152583627319e-53,1.269543328117047e-53,1.273379108490896e-53,1.277222607241853e-53,1.2810738321274899e-53,1.2849327909053695e-53,1.2887994913330755e-53,1.2926739411681693e-53,1.0282364261207682e-16,2.069787051158474e-16,3.124836257566734e-16,4.1935854435453605e-16,5.276250792368285e-16,6.373061546397563e-16,7.484258683769673e-16,8.610093916258057e-16,9.750828943364648e-16,1.0906734910986361e-15,1.2078092033662108e-15,1.3265189347923441e-15,1.446832457104464e-15,1.5687804044953855e-15,1.6923942749301423e-15,1.8177064371188867e-15,1.9447501421728604e-15,2.073559539180471e-15,2.204169694107148e-15,2.3366166115675498e-15,2.470937259116783e-15,2.6071695938027732e-15,2.7453525907849634e-15,2.8855262738791636e-15,3.0277317479380482e-15,3.1720112330037924e-15,3.3184081002049415e-15,3.46696690939093e-15,3.617733448507721e-15,3.770754774759291e-15,3.926079257574858e-15,4.08375662345481e-15,4.243838002743368e-15,4.406375978410799e-15,4.571424636918973e-15,4.7390396212646575e-15,4.9092781863010986e-15,5.0821992564187645e-15,5.257863485735903e-15,5.436333320888218e-15,5.6176730665506945e-15,5.801948953838885e-15,5.98922921172467e-15,6.179584141612506e-15,6.373086195265441e-15,6.569810056207485e-15,6.769832724836057e-15,6.9732336074024326e-15,7.180094609079374e-15,7.390500231333316e-15,7.604537673830217e-15,7.822296941119808e-15,8.043870954368057e-15,8.269355668403222e-15,8.498850194379183e-15,8.732456928368627e-15,8.970281686213745e-15,9.21243384500054e-15,9.459026491525288e-15,9.710176578164042e-15,9.96600508656961e-15,1.0226637199658791e-14,1.0492202482375911e-14,1.0762835071756844e-14,1.1038673876852723e-14,1.1319862789105773e-14,1.1606550903819948e-14,1.1898892753403675e-14,1.2197048553120225e-14,1.2501184460115273e-14,1.2811472846586988e-14,1.3128092587959716e-14,1.3451229367058276e-14,1.3781075995298355e-14,1.4117832752009186e-14,1.4461707743094462e-14,1.4812917280287026e-14,1.5171686282425794e-14,1.5538248700196208e-14,1.5912847965969106e-14,1.6295737470459218e-14,1.6687181068074505e-14,1.7087453612953295e-14,1.7496841527902814e-14,1.7915643408559753e-14,1.8344170665338074e-14,1.8782748205927053e-14,1.9231715161317203e-14,1.9691425658615083e-14,2.0162249644158772e-14,2.0644573760741382e-14,2.1138802283160445e-14,2.1645358116548785e-14,2.2164683862446598e-14,2.269724295800377e-14,2.324352089414682e-14,2.3804026519123924e-14,2.4379293434426133e-14,2.4969881490719568e-14,2.5576378392211316e-14,2.6199401418592112e-14,2.6839599274662118e-14,2.7497654078720713e-14,2.8174283501869834e-14,2.887024307168718e-14,2.9586328654983165e-14,3.0323379135991953e-14,3.108227930797149e-14,3.1863962998137767e-14,3.2669416447971596e-14,3.349968197334666e-14,3.43558619315833e-14,3.523912302563891e-14,3.615070097892034e-14,3.709190561817701e-14,3.8064126406196514e-14,3.9068838470970716e-14,4.010760918355691e-14,4.118210534318723e-14,4.229410103537059e-14,4.344548623692736e-14,4.4638276251273296e-14,4.5874622067929865e-14,4.715682175250194e-14,4.8487332987520224e-14,4.986878690061102e-14,5.13040033352488e-14,5.279600774084816e-14,5.434804988397709e-14,5.596362461145635e-14,5.764649492987961e-14,5.940071770542339e-14,6.123067233384907e-14,6.314109278458951e-14,6.51371034862181e-14,6.722425959541308e-14,6.940859227995221e-14,7.169665975114159e-14,7.4095604905949e-14,7.661322058779354e-14,7.925802365355868e-14,8.203933924850438e-14,8.496739694928915e-14,8.805344074822387e-14,9.13098552323158e-14,9.475031077446779e-14,9.838993112366145e-14,1.0224548748069699e-13,1.0633562401264324e-13,1.1068112083531802e-13,1.1530520183849895e-13,1.202338964163349e-13,1.2549646629896976e-13,1.311259113899993e-13,1.3715957197655237e-13,1.4363984913285259e-13,1.506150709073295e-13,1.5814053940724878e-13,1.6627980378835438e-13,1.7510621726272728e-13,1.8470485375703305e-13,1.9517488347151542e-13,2.0663253875436003e-13,2.1921484594163995e-13,2.330843603310394e-13,2.4843522800438877e-13,2.541241901287682e-13,2.7186075924797507e-13,2.917098226319967e-13,3.140441629942735e-13,3.3932561772970116e-13,3.681324472072526e-13,4.0119716795882904e-13,4.3945972281447075e-13,4.841435759731285e-13,5.368668243295395e-13,5.998081099806465e-13,6.759606036016969e-13,7.695318304415804e-13,8.865931850905327e-13,1.036173198496443e-12,1.2321730685361913e-12,1.4968782222614723e-12,1.8677286234259163e-12,2.4111032797859127e-12,3.2519527864554636e-12,4.6402087318686975e-12,7.0989611697975054e-12,1.1714129247931867e-11,1.3607325648098759e-11,1.3607325649169859e-11,2.4369022121933744e-11,4.826292153105328e-11,2.142799788761109e-10,2.62871452622098e-09,2.9772234980591612e-08,2.2469128506527166e-07,1.0620972995183094e-06,3.1523082165628767e-06,6.297903953216953e-06,9.387342203355328e-06,1.147033326759181e-05,1.2331835987716546e-05,1.2248500358155776e-05,1.1606007034352552e-05,1.0707376249391917e-05,9.739386460896868e-06,8.800030589685679e-06,7.933004413987324e-06,7.152741445987786e-06,6.459362912644839e-06,5.846729436789007e-06,5.306490891933837e-06,4.830002324171355e-06,4.409158293992142e-06,4.036699600330905e-06,3.70627310726443e-06,3.412383448044139e-06,3.1503036892015014e-06,2.915976393709419e-06,2.7059190032628663e-06,2.517138973533601e-06,2.347060085347007e-06,2.1934595570966685e-06,2.0544148633429175e-06,1.9282589602429778e-06,1.8135426484373913e-06,1.709002929746427e-06,1.613536368965712e-06,1.5261766249638352e-06,1.4460754534346643e-06,1.3724866031870897e-06,1.3047521281991425e-06,1.2422907213375582e-06,1.184587744251791e-06,1.1311866843695836e-06,1.0816818159480884e-06,1.035711880033713e-06,9.929546289527484e-07,9.531221063707306e-07,9.159565549161002e-07,8.812268604851025e-07,8.487254566978673e-07,8.182656247286642e-07,7.896791336389098e-07,7.628141746671862e-07,7.375335495256627e-07,7.13713078956759e-07,6.912402024769366e-07,6.700127442157121e-07,6.499378236174824e-07,6.309308924520957e-07,6.129148822282144e-07,5.958194482611363e-07,5.795802984501701e-07,5.641385964543935e-07,5.494404302561409e-07,5.354363383261349e-07,5.22080886569596e-07,5.093322901015886e-07,4.971520746704456e-07,4.855047731870653e-07,4.743576533565336e-07,4.636804729495108e-07,4.5344525960461517e-07,4.436261124955902e-07,4.3419902345413726e-07,4.2514171546862964e-07,4.1643349668998214e-07,4.0805512831349137e-07,3.999887048787934e-07,3.9221754570696333e-07,3.8472609632441886e-07,3.774998388668883e-07,3.7052521055508733e-07,3.637895294375342e-07,3.572809266856246e-07,3.5098828480373915e-07,3.449011811761378e-07,3.390098364421702e-07,3.3330506724516983e-07,3.277782429307298e-07,3.224212458595376e-07,3.1722643494972137e-07,3.121866121851732e-07,3.0729499185828583e-07,3.02545172209434e-07,2.979311093389923e-07,2.9344709313898155e-07,2.8908772509410765e-07,2.8484789777746275e-07,2.807227759048986e-07,2.7670777880820695e-07,2.7279856421147214e-07,2.6899101320480245e-07,2.652812163104762e-07,2.616654605560473e-07,2.581402174737167e-07,2.547021319440096e-07,2.51348011834224e-07,2.480748183446165e-07,2.448796570243448e-07,2.4175976940000726e-07,2.3871252517243346e-07,2.3573541492930328e-07,2.3282604334726616e-07,2.299821228367158e-07,2.2720146760605535e-07,2.2448198809086813e-07,2.2182168577204637e-07,2.1921864829241075e-07,2.1667104488490574e-07,2.141771221019827e-07,2.1173519978863224e-07,2.0934366731125463e-07,2.0700098001271285e-07,2.0470565587937772e-07,2.0245627240764432e-07,2.0025146365379458e-07,1.9808991745718994e-07,1.9597037282383669e-07,1.9389161745944098e-07,1.9185248544491954e-07,1.898518550408156e-07,1.8788864661515192e-07,1.859618206874455e-07,1.8407037607820747e-07,1.8221334816064966e-07,1.8038980720705832e-07,1.7859885682266103e-07,1.768396324648054e-07,1.7511130003771895e-07,1.7341305456157192e-07,1.7174411891081676e-07,1.701037426196235e-07,1.6849120074424617e-07,1.6690579278441134e-07,1.6534684166081043e-07,1.6381369274083787e-07,1.6230571291230074e-07,1.608222897109495e-07,1.593628304723649e-07,1.5792676154289014e-07,1.5651352751934695e-07,1.551225905264958e-07,1.5375342952889662e-07,1.5240553967731123e-07,1.510784316767134e-07,1.497716311957568e-07,1.484846782939842e-07,1.472171268793458e-07,1.459685441899399e-07,1.4473851029343983e-07,1.4352661761697949e-07,1.42332470496066e-07,1.4115568473751915e-07,1.3999588720456954e-07,1.388527154265204e-07,1.3772581721020893e-07,1.3661485028267239e-07,1.3551948194114427e-07,1.3443938872038284e-07,1.3337425607056525e-07,1.3232377805485537e-07,1.3128765705225828e-07,1.3026560347563346e-07,1.2925733550737697e-07,1.2826257883059354e-07,1.2728106638536374e-07,1.2631253812768537e-07,1.2535674080420475e-07,1.2441342772201078e-07,1.234823585442543e-07,1.225632990869526e-07,1.2165602111372668e-07,1.2076030215649176e-07,1.1987592532947128e-07,1.1900267915537877e-07,1.1814035739682602e-07,1.1728875889481056e-07,1.1644768741214176e-07,1.1561695148283308e-07,1.1479636427230114e-07,1.1398574342916098e-07,1.1318491095757796e-07,1.12393693084693e-07,1.1161192013751943e-07,1.108394264192782e-07,1.1007605009613061e-07,1.0932163308457895e-07,1.085760209398965e-07,1.0783906275675286e-07,1.0711061106369443e-07,1.0639052172778601e-07,1.0567865385955724e-07,1.0497486972235381e-07,1.0427903464432198e-07,1.0359101693294562e-07,1.0291068779328204e-07,1.022379212483309e-07,1.0157259406206126e-07,1.009145856648173e-07,1.0026377808157027e-07,9.962005586238971e-08,9.89833060144049e-08,9.8353417938553e-08,9.773028336320536e-08,9.711379628476025e-08,9.650385290895605e-08,9.590035159274682e-08,9.530319278924367e-08,9.471227899209045e-08,9.41275146844689e-08,9.354880628949176e-08,9.297606211926021e-08,9.240919232870115e-08,9.18481088658917e-08,9.129272543696691e-08,9.074295745122591e-08,9.019872198019946e-08,8.965993772547741e-08,8.912652497237823e-08,8.859840555196084e-08,8.807550280455956e-08,8.755774154315093e-08,8.704504801882249e-08,8.653734988490327e-08,8.603457616486742e-08,8.553665721991075e-08,8.504352471694181e-08,8.455511159843063e-08,8.40713520524902e-08,8.359218148521292e-08,8.311753649014688e-08,8.2647354822818e-08,8.218157537451525e-08,8.172013814494574e-08,8.126298421758033e-08,8.081005573739979e-08,8.036129588343182e-08,7.991664884842795e-08,7.947605981446054e-08,7.903947493299552e-08,7.860684130188818e-08,7.817810694540185e-08,7.775322079411893e-08,7.733213266396987e-08,7.691479323776277e-08,7.650115405005828e-08,7.609116746216926e-08,7.568478664933903e-08,7.528196558043865e-08,7.488265900443529e-08,7.448682243177953e-08,7.409441211905173e-08,7.370538505270249e-08,7.331969893481317e-08,7.293731216737745e-08,7.255818383854716e-08,7.218227370777917e-08,7.180954219334015e-08,7.14399503574578e-08,7.107345989397894e-08,7.071003311495761e-08,7.034963294006356e-08,6.999222288222723e-08,6.963776703559777e-08,6.92862300672144e-08,6.893757720180751e-08,6.859177421252685e-08,6.824878741048406e-08,6.790858363325394e-08,6.757113023631066e-08,6.723639508028553e-08,6.690434652339684e-08,6.657495341105338e-08,6.624818506669051e-08,6.592401128288648e-08,6.560240231095852e-08,6.528332885371268e-08,6.496676205780617e-08,6.465267350262564e-08,6.434103519441443e-08,6.403181955709434e-08,6.372499942540089e-08,6.342054803664814e-08,6.31184390228718e-08,6.281864640522085e-08,6.252114458507544e-08,6.222590833770627e-08,6.193291280584649e-08,6.164213349175959e-08,6.135354625337404e-08,6.106712729465497e-08,6.078285316132013e-08,6.05007007344961e-08,6.022064722447152e-08,5.994267016496683e-08,5.966674740734705e-08,5.939285711428827e-08,5.912097775745739e-08,5.8851088106793726e-08,5.858316723059773e-08,5.831719448645811e-08,5.8053149518348736e-08,5.7791012251451466e-08,5.7530762885381296e-08,5.7272381893209316e-08,5.701585001362187e-08,5.676114824738013e-08,5.650825785306674e-08,5.6257160342558795e-08,5.600783747722875e-08,5.5760271262664865e-08,5.5514443945486454e-08,5.527033800943844e-08,5.502793617030787e-08,5.4787221373066715e-08,5.454817678892814e-08,5.4310785809534246e-08,5.407503204549776e-08,5.3840899319191836e-08,5.360837166615047e-08,5.337743332843769e-08,5.3148068752505826e-08,5.2920262585096615e-08,5.269399967083831e-08,5.24692650485591e-08,5.2246043948104234e-08,5.2024321787724464e-08,5.1804084171121995e-08,5.158531688360844e-08,5.1368005891102634e-08,5.1152137333826975e-08,5.093769752740486e-08,5.072467295944079e-08,5.051305028352894e-08,5.030281632184348e-08,5.0093958057725625e-08,4.988646263518882e-08,4.968031735840381e-08,4.947550968566103e-08,4.927202722911299e-08,4.906985775163988e-08,4.886898916520984e-08,4.866940952950658e-08,4.847110704702469e-08,4.8274070062613895e-08,4.8078287061839564e-08,4.788374666759377e-08,4.7690437638974156e-08,4.7498348868735405e-08,4.7307469381627024e-08,4.711778833180353e-08,4.692929500285855e-08,4.674197880321407e-08,4.655582926568867e-08,4.6370836045668065e-08,4.618698891986881e-08,4.60042777830372e-08,4.5822692647221786e-08,4.5642223640277195e-08,4.546286100393167e-08,4.528459509201362e-08,4.5107416368958825e-08,4.493131540886703e-08,4.4756282891411456e-08,4.458230960420259e-08,4.4409386438481165e-08,4.423750438796281e-08,4.406665454954996e-08,4.3896828118695545e-08,4.372801638982721e-08,4.356021075495038e-08,4.339340270103448e-08,4.3227583812407416e-08,4.306274576410385e-08,4.2898880323924405e-08,4.2735979350689014e-08,4.2574034791223474e-08,4.241303868355281e-08,4.2252983151596616e-08,4.209386040397974e-08,4.193566273495642e-08,4.177838252182503e-08,4.1622012224949866e-08,4.146654438694458e-08,4.1311971629670615e-08,4.115828665359295e-08,4.100548223811437e-08,4.085355123911598e-08,4.0702486589046106e-08,4.0552281295465485e-08,4.04029284404405e-08,4.025442117805165e-08,4.010675273493483e-08,3.995991640922097e-08,3.9813905568283405e-08,3.966871365043291e-08,3.9524334161385595e-08,3.9380760674281805e-08,3.923798682978822e-08,3.9096006333434854e-08,3.8954812956337924e-08,3.881440053394005e-08,3.8674762963684244e-08,3.8535894206785e-08,3.839778828589684e-08,3.8260439284565335e-08,3.812384134624151e-08,3.798798867407991e-08,3.7852875529715894e-08,3.771849623272716e-08,3.758484515985113e-08,3.745191674431196e-08,3.731970547503895e-08,3.718820589582386e-08,3.7057412605572366e-08,3.692732025612561e-08,3.6797923552639375e-08,3.666921725271185e-08,3.654119616548666e-08,3.6413855150829385e-08,3.6287189120715685e-08,3.6161193034865114e-08,3.603586190417739e-08,3.59111907868765e-08,3.578717478976462e-08,3.566380906678436e-08,3.5541088819079135e-08,3.5419009294019755e-08,3.52975657853141e-08,3.5176753631351395e-08,3.505656821498108e-08,3.4937004964158465e-08,3.4818059349565875e-08,3.469972688485614e-08,3.45820031270025e-08,3.446488367631589e-08,3.43483641722114e-08,3.423244029637793e-08,3.411710777117126e-08,3.400236235922409e-08,3.3888199862297314e-08,3.377461612242706e-08,3.366160701943705e-08,3.354916847203055e-08,3.343729643660271e-08,3.332598690710343e-08,3.32152359138266e-08,3.310503952551561e-08,3.299539384497047e-08,3.2886295012427885e-08,3.277773920207281e-08,3.2669722624110285e-08,3.256224152307956e-08,3.245529217731604e-08,3.2348870898467957e-08,3.224297403357732e-08,3.2137597960921537e-08,3.203273909176432e-08,3.19283938698742e-08,3.182455877076887e-08,3.1721230301957244e-08,3.1618405001844393e-08,3.151607943977054e-08,3.1414250215455714e-08,3.13129139586873e-08,3.121206733001205e-08,3.111170701904246e-08,3.1011829744073547e-08,3.091243225242892e-08,3.0813511320815244e-08,3.071506375346387e-08,3.0617086382760256e-08,3.051957606840778e-08,3.042252969849272e-08,3.032594418738336e-08,3.0229816476016324e-08,3.013414353197105e-08,3.003892234969008e-08,2.994414994840274e-08,2.9849823374424316e-08,2.9755939697246158e-08,2.9662496013562285e-08,2.9569489444170994e-08,2.947691713441843e-08,2.938477625292279e-08,2.9293063995052477e-08,2.9201777577536426e-08,2.9110914241196537e-08,2.9020471250157383e-08,2.8930445892333207e-08,2.8840835477905138e-08,2.8751637339033422e-08,2.866284883111004e-08,2.8574467331249064e-08,2.848649023870959e-08,2.8398914974111448e-08,2.8311738979476784e-08,2.8224959718188463e-08,2.8138574674744687e-08,2.805258135411729e-08,2.796697728221715e-08,2.788176000482902e-08,2.779692708832308e-08,2.7712476118746174e-08,2.762840470138818e-08,2.7544710462536393e-08,2.7461391046505748e-08,2.7378444117870072e-08,2.7295867358413183e-08,2.721365846996587e-08,2.7131815173135303e-08,2.70503352061001e-08,2.696921632575551e-08,2.6888456306893883e-08,2.6808052942050858e-08,2.6728004041661693e-08,2.6648307433128263e-08,2.6568960961942984e-08,2.6489962490223202e-08,2.6411309897150328e-08,2.6333001078772504e-08,2.625503394773674e-08,2.617740643317412e-08,2.6100116480558994e-08,2.6023162051702153e-08,2.594654112387034e-08,2.587025169112799e-08,2.5794291761862014e-08,2.5718659361255202e-08,2.564335252936936e-08,2.5568369321539986e-08,2.5493707808057357e-08,2.5419366074616825e-08,2.534534222138104e-08,2.5271634362989278e-08,2.519824062917143e-08,2.5125159163605627e-08,2.5052388124278566e-08,2.4979925683366996e-08,2.4907770026636506e-08,2.483591935484272e-08,2.4764371881341846e-08,2.4693125833027352e-08,2.462217945140476e-08,2.4551530990310055e-08,2.4481178716586194e-08,2.441112091118006e-08,2.434135586721618e-08,2.427188189071485e-08,2.420269730123837e-08,2.413380042937196e-08,2.4065189619582957e-08,2.3996863228237735e-08,2.392881962451056e-08,2.3861057188121987e-08,2.379357431255343e-08,2.3726369402079852e-08,2.36594408737208e-08,2.3592787155688672e-08,2.352640668771735e-08,2.3460297921191934e-08,2.339445931877822e-08,2.332888935438048e-08,2.32635865135213e-08,2.3198549292250567e-08,2.313377619831976e-08,2.3069265749008284e-08,2.300501647364697e-08,2.294102691189841e-08,2.2877295613826564e-08,2.2813821140234822e-08,2.2750602061793666e-08,2.268763696062477e-08,2.262492442813831e-08,2.2562463065696778e-08,2.2500251485363216e-08,2.243828830873303e-08,2.23765721673739e-08,2.2315101702708106e-08,2.2253875565706335e-08,2.2192892417024596e-08,2.2169756135372982e-08,2.2169756135372817e-08,2.2169756135372644e-08,2.2169756135372482e-08,2.2169756135372314e-08,2.2169756135372145e-08,2.216975613537198e-08,2.216975613537181e-08,2.2169756135371645e-08,2.216975613537148e-08,2.2169756135371308e-08,2.2169756135371146e-08,2.216975613537098e-08,2.216975613537081e-08,2.2169756135370643e-08,2.2169756135370477e-08,2.216975613537031e-08,2.2169756135370146e-08,2.2169756135369978e-08,2.216975613536981e-08,2.2169756135369643e-08,2.2169756135369478e-08,2.2169756135369306e-08,2.216975613536914e-08,2.2169756135368975e-08,2.2169756135368806e-08,2.2169756135368638e-08,2.216975613536847e-08,2.2169756135368303e-08,2.2169756135368138e-08,2.216975613536797e-08,2.2169756135367804e-08,2.216975613536764e-08,2.2169756135367473e-08,2.2169756135367307e-08,2.2169756135367142e-08,2.2169756135366977e-08,2.2169756135366808e-08,2.216975613536664e-08,2.2169756135366474e-08,2.2169756135366308e-08,2.216975613536614e-08,2.216975613536597e-08,2.2169756135365805e-08,2.216975613536564e-08,2.2169756135365474e-08,2.2169756135365302e-08,2.2169756135365137e-08,2.216975613536497e-08,2.2169756135364803e-08,2.2169756135364637e-08,2.216975613536447e-08,2.21697561353643e-08,2.2169756135364134e-08,2.216975613536397e-08,2.21697561353638e-08,2.2169756135363635e-08,2.2169756135363473e-08,2.2169756135363307e-08,2.2169756135363135e-08,2.216975613536297e-08,2.2169756135362804e-08,2.2169756135362636e-08,2.216975613536247e-08,2.2169756135362298e-08,2.2169756135362133e-08,2.2169756135361964e-08,2.2169756135361795e-08,2.216975613536163e-08,2.2169756135361468e-08,2.21697561353613e-08,2.216975613536113e-08,2.216975613536096e-08,2.2169756135360796e-08,2.216975613536063e-08,2.216975613536046e-08,2.2169756135360293e-08,2.2169756135360128e-08,2.216975613535996e-08,2.2169756135359793e-08,2.2169756135359628e-08,2.2169756135359463e-08,2.2169756135359297e-08,2.2169756135359128e-08,2.2169756135358963e-08,2.2169756135358794e-08,2.216975613535863e-08,2.2169756135358457e-08,2.216975613535829e-08,2.2169756135358122e-08,2.2169756135357957e-08,2.216975613535779e-08,2.2169756135357623e-08,2.2169756135357454e-08,2.216975613535729e-08,2.216975613535712e-08,2.2169756135356955e-08,2.216975613535679e-08,2.216975613535662e-08,2.2169756135356455e-08,2.2169756135356286e-08,2.2169756135356117e-08,2.2169756135355955e-08,2.216975613535579e-08,2.216975613535562e-08,2.2169756135355452e-08,2.2169756135355287e-08,2.216975613535512e-08,2.2169756135354953e-08,2.2169756135354784e-08,2.216975613535462e-08,2.2169756135354453e-08,2.2169756135354284e-08,2.2169756135354116e-08,2.216975613535395e-08,2.2169756135353785e-08,2.2169756135353616e-08,2.216975613535345e-08,2.2169756135353285e-08,2.2169756135353116e-08,2.216975613535295e-08,2.2169756135352786e-08,2.216975613535262e-08,2.216975613535245e-08,2.2169756135352286e-08,2.2169756135352114e-08,2.216975613535195e-08,2.2169756135351783e-08,2.2169756135351614e-08,2.2169756135351445e-08,2.216975613535128e-08,2.216975613535111e-08,2.2169756135350946e-08,2.216975613535078e-08,2.2169756135350615e-08,2.216975613535045e-08,2.216975613535028e-08,2.2169756135350112e-08,2.2169756135349947e-08,2.216975613534978e-08,2.216975613534962e-08,2.2169756135349447e-08,2.216975613534928e-08,2.2169756135349116e-08,2.2169756135348947e-08,2.216975613534878e-08,2.2169756135348613e-08,2.2169756135348444e-08,2.2169756135348282e-08,2.216975613534811e-08,2.2169756135347945e-08,2.216975613534778e-08,2.2169756135347614e-08,2.2169756135347445e-08,2.2169756135347276e-08,2.216975613534711e-08,2.2169756135346946e-08,2.2169756135346777e-08,2.2169756135346608e-08,2.2169756135346443e-08,2.2169756135346277e-08,2.2169756135346112e-08,2.2169756135345943e-08,2.2169756135345778e-08,2.216975613534561e-08,2.216975613534544e-08,2.2169756135345275e-08,2.2169756135345106e-08,2.216975613534494e-08,2.2169756135344775e-08,2.2169756135344603e-08,2.2169756135344438e-08,2.2169756135344272e-08,2.2169756135344103e-08,2.2169756135343938e-08,2.2169756135343773e-08,2.2169756135343604e-08,2.216975613534344e-08,2.216975613534327e-08,2.2169756135343104e-08,2.216975613534294e-08,2.2169756135342773e-08,2.21697561353426e-08,2.2169756135342436e-08,2.216975613534227e-08,2.21697561353421e-08,2.2169756135341933e-08,2.2169756135341767e-08,2.2169756135341602e-08,2.2169756135341437e-08,2.2169756135341265e-08,2.21697561353411e-08,2.2169756135340934e-08,2.2169756135340765e-08,2.2169756135340596e-08,2.216975613534043e-08,2.2169756135340262e-08,2.2169756135340097e-08,2.216975613533993e-08,2.216975613533976e-08,2.21697561353396e-08,2.2169756135339435e-08,2.2169756135339263e-08,2.2169756135339097e-08,2.2169756135338932e-08,2.2169756135338763e-08,2.2169756135338594e-08,2.216975613533843e-08,2.216975613533826e-08,2.2169756135338095e-08,2.2169756135337926e-08,2.2169756135337757e-08,2.2169756135337592e-08,2.216975613533743e-08,2.216975613533726e-08,2.2169756135337096e-08,2.2522705666179006e-08,2.300522293487792e-08,2.3554733653686046e-08,2.4144473829557248e-08,2.4761294589264854e-08,2.5397836556664538e-08,2.6049398016028638e-08,2.6712586537987113e-08,2.7384715094552076e-08,2.8063524180993216e-08,2.874704964353477e-08,2.9433556109159493e-08,3.012150003974194e-08,3.080950625832378e-08,3.149635073463971e-08,3.218094645049859e-08,3.2862330969275504e-08,3.3539655124416554e-08,3.421217258687603e-08,3.487923020981881e-08,3.5540259104213527e-08,3.619476641325011e-08,3.6842327756937184e-08,3.748258031956037e-08,3.811521653542288e-08,3.8739978350393967e-08,3.935665200808295e-08,3.996506333021331e-08,4.05650734474608e-08,4.115657494686691e-08,4.173948839949485e-08,4.231375923524689e-08,4.287935492796139e-08,4.3436262474476103e-08,4.3984486124762264e-08,4.4524045347764894e-08,4.505497300956963e-08,4.557731373871453e-08,4.609112246712239e-08,4.65964631167146e-08,4.709340743208989e-08,4.758203393299076e-08,4.806242697917533e-08,4.853467593476721e-08,4.899887442369422e-08,4.9455119662954705e-08,4.9903511867550985e-08,5.034415372734377e-08,5.0777149929778454e-08,5.120260674120376e-08,5.162063163555883e-08,5.203133296864257e-08,5.243481967425341e-08,5.283120100027253e-08,5.322058629389379e-08,5.3603084784591406e-08,5.3978805406655016e-08,5.434785664293391e-08,5.471034638167639e-08,5.50663817942563e-08,5.541606923310603e-08,5.575951412777226e-08,5.6096820920909286e-08,5.642809298181865e-08,5.6753432555207125e-08,5.707294070706488e-08,5.738671728455129e-08,5.7694860875950344e-08,5.799746878295314e-08,5.829463699672937e-08,5.8586460177776175e-08,5.8873031641789936e-08,5.9154443352583665e-08,5.943078589940369e-08,5.970214851670734e-08,5.996861906702805e-08,6.023028404637757e-08,6.048722858787154e-08,6.07395364678783e-08,6.098729010873956e-08,6.123057059353818e-08,6.14694576802066e-08,6.170402979771266e-08,6.193436407023158e-08,6.216053632635811e-08,6.238262111893568e-08,6.260069172173335e-08,6.281482016743992e-08,6.302507725098487e-08,6.323153254745557e-08,6.343425442830977e-08,6.36333100753666e-08,6.38287655002137e-08,6.402068556673172e-08,6.420913399541514e-08,6.439417338880195e-08,6.457586524649701e-08,6.475426998455512e-08,6.492944694716427e-08,6.510145442848792e-08,6.527034968753185e-08,6.543618896452477e-08,6.559902749900353e-08,6.575891954483603e-08,6.591591838743459e-08,6.607007635759028e-08,6.622144485466752e-08,6.637007435203503e-08,6.651601442017684e-08,6.665931373998156e-08,6.680002011803242e-08,6.693818050164604e-08,6.707384099400888e-08,6.72070468677309e-08,6.733784258541607e-08,6.746627179975102e-08,6.759237737698654e-08,6.771620142103281e-08,6.783778526472251e-08,6.795716950256333e-08,6.807439399298003e-08,6.818949787678958e-08,6.830251958422292e-08,6.841349685194659e-08,6.85224667341443e-08,6.862946562112937e-08,6.873452923523007e-08,6.883769266370282e-08,6.89389903511254e-08,6.90384561166064e-08,6.913612317579242e-08,6.923202413675179e-08,6.932619101779853e-08,6.941865526202586e-08,6.950944773752158e-08,6.959859875656492e-08,6.968613808244862e-08,6.977209493924937e-08,6.985649802121096e-08,6.993937550169102e-08,7.00207550454526e-08,7.010066381177524e-08,7.017912847544642e-08,7.025617522039563e-08,7.033182976207536e-08,7.040611734544016e-08,7.047906275914227e-08,7.055069034480943e-08,7.062102399804263e-08,7.069008718814167e-08,7.075790295116125e-08,7.082449390941838e-08,7.088988227568983e-08,7.095408986147307e-08,7.101713807747755e-08,7.107904795149725e-08,7.113984012743562e-08,7.119953487575306e-08,7.125815210000766e-08,7.13157113417156e-08,7.137223178830882e-08,7.142773227917588e-08,7.148223131251948e-08,7.153574705148612e-08,7.158829732873977e-08,7.163989965471887e-08,7.169057122123637e-08,7.174032890896034e-08,7.178918929305113e-08,7.183716864636721e-08,7.188428294921536e-08,7.193054788875468e-08,7.197597887175165e-08,7.202059102229403e-08,7.20643991914277e-08,7.21074179629016e-08,7.214966164841219e-08,7.219114430967848e-08,7.223187974833314e-08,7.227188151610732e-08,7.231116292016712e-08,7.234973702576151e-08,7.238761666132817e-08,7.242481442110107e-08,7.24613426741195e-08,7.249721356232947e-08,7.253243900836688e-08,7.256703071771621e-08,7.26010001862726e-08,7.263435869893013e-08,7.266711733521507e-08,7.269928697802579e-08,7.273087831085148e-08,7.276190181806036e-08,7.279236779904659e-08,7.2822286369227e-08,7.285166745728227e-08,7.288052081035348e-08,7.290885599936148e-08,7.293668242031471e-08,7.296400930290744e-08,7.299084570809844e-08,7.301720053088381e-08,7.304308250697327e-08,7.306850021206955e-08,7.309346206714058e-08,7.3117976340887e-08,7.314205114997493e-08,7.31656944654244e-08,7.318891411293553e-08,7.321171777774949e-08,7.32341130040768e-08,7.325610720149729e-08,7.327770764132591e-08,7.32989214639059e-08,7.33197556861759e-08,7.334021719168524e-08,7.336031274037412e-08,7.338004896856678e-08,7.339943239393569e-08,7.341846941774383e-08,7.34371663210783e-08,7.345552927252797e-08,7.347356433038359e-08,7.349127744135769e-08,7.350867444421484e-08,7.352576107236748e-08,7.354254295713716e-08,7.355902562471249e-08,7.357521450227392e-08,7.359111491856053e-08,7.36067321055535e-08,7.362207120043467e-08,7.363713724723095e-08,7.365193519870642e-08,7.366646991719332e-08,7.368074617704513e-08,7.369476866570316e-08,7.370854198793201e-08,7.372207066266124e-08,7.373535912826139e-08,7.374841173235782e-08,7.376123276619242e-08,7.37738264225959e-08,7.378619682832213e-08,7.379834803191209e-08,7.381028400919926e-08,7.382200866423129e-08,7.383352583066007e-08,7.384483927062762e-08,7.38559526787571e-08,7.386686968432719e-08,7.387759384950798e-08,7.388812867219406e-08,7.389847758654714e-08,7.390864396472776e-08,7.391863111776204e-08,7.392844229608001e-08,7.393808069179205e-08,7.394754943882378e-08,7.395685161400724e-08,7.396599023947845e-08,7.397496828090731e-08,7.398378865176715e-08,7.399245421093432e-08,7.400096776157046e-08,7.400933207179994e-08,7.401754984277013e-08,7.402562373822935e-08,7.403355635345257e-08,7.404135026724013e-08,7.404900798446987e-08,7.405653197848126e-08,7.406392467551923e-08,7.407118845693969e-08,7.407832566032802e-08,7.408533858426465e-08,7.409222948010579e-08,7.409900056271008e-08,7.410565400460277e-08,7.411219193936037e-08,7.41186164626819e-08,7.412492963141386e-08,7.413113346547446e-08,7.413722994908704e-08,7.41432210271909e-08,7.414910861303002e-08,7.415489458301432e-08,7.416058077830204e-08,7.416616901434324e-08,7.417166106451813e-08,7.417705867415953e-08,7.418236355594064e-08,7.418757739165255e-08,7.419270182786685e-08,7.419773849744903e-08,7.420268898460761e-08,7.42075548543781e-08,7.42123376417787e-08,7.421703885241911e-08,7.422165996731845e-08,7.42262024351409e-08,7.423066768966932e-08,7.423505713018342e-08,7.423937212717528e-08,7.42436140322781e-08,7.4247784173242e-08,7.425188384887609e-08,7.425591434153743e-08,7.42598769029471e-08,7.42637727665777e-08,7.42676031418259e-08,7.427136921645835e-08,7.427507215688828e-08,7.427871311021119e-08,7.428229319679132e-08,7.428581352268462e-08,7.428927517146558e-08,7.429267920808063e-08,7.429602667736973e-08,7.429931860535625e-08,7.430255599933997e-08,7.430573984883167e-08,7.430887112437701e-08,7.431195078340819e-08,7.431497975819355e-08,7.431795896939495e-08,7.432088931330899e-08,7.432377168402379e-08,7.432660694939451e-08,7.432939596416626e-08,7.433213956745417e-08,7.433483858164824e-08,7.433749381638e-08,7.434010606626801e-08,7.434267610979667e-08,7.434520471362736e-08,7.434769262976307e-08,7.435014059491836e-08,7.435254933494994e-08,7.435491956025755e-08,7.435725197005493e-08,7.435954725028268e-08,7.436180607379884e-08,7.436402910248458e-08,7.436621698506387e-08,7.436837036009856e-08,7.437048985302328e-08,7.43725760772441e-08,7.437462963718202e-08,7.437665112504719e-08,7.437864112247494e-08,7.438060020026567e-08,7.438252892077869e-08,7.438442783370363e-08,7.438629747945139e-08,7.438813838906653e-08,7.438995108394717e-08,7.439173607492392e-08,7.439349386590296e-08,7.439522494936665e-08,7.439692981432991e-08,7.439860892774192e-08,7.440026276118807e-08,7.440189177331874e-08,7.440349641358429e-08,7.440507712468534e-08,7.440663434005891e-08,7.440816848623993e-08,7.440967998142452e-08,7.441116923661489e-08,7.441263665584689e-08,7.441408263389082e-08,7.441550756035902e-08,7.441691181676322e-08,7.441829577808183e-08,7.441965981246457e-08,7.442100428156469e-08,7.442232953590596e-08,7.442363593208542e-08,7.442492380663458e-08,7.442619349880511e-08,7.442744533659649e-08,7.442867964386023e-08,7.44298967385077e-08,7.443109693277565e-08,7.4432280533161e-08,7.443344784062753e-08,7.44345991499379e-08,7.443573475277399e-08,7.443685493304064e-08,7.443795997039095e-08,7.443905013724188e-08,7.444012570881776e-08,7.444118694619657e-08,7.444223410991802e-08,7.444326745545351e-08,7.444428723309764e-08,7.444529368878224e-08,7.444628706433472e-08,7.444726759669623e-08,7.444823551806983e-08,7.444919105835828e-08,7.445013444293123e-08,7.445106589107617e-08,7.445198561918596e-08,7.445289383883579e-08,7.445379076103914e-08,7.445467658977324e-08,7.445555152599735e-08,7.445641576722307e-08,7.445726950740793e-08,7.445811293878618e-08,7.445894624463968e-08,7.445976961050118e-08,7.446058321703788e-08,7.446138724029958e-08,7.44621818564833e-08,7.446296723236666e-08,7.446374353729602e-08,7.446451093675189e-08,7.446526959020342e-08,7.446601965749677e-08,7.446676129428766e-08,7.446749465334125e-08,7.446821988451397e-08,7.446893713593525e-08,7.446964655163983e-08,7.447034827385383e-08,7.447104244193395e-08,7.447172919290961e-08,7.447240865925277e-08,7.447308097762135e-08,7.447374627555504e-08,7.447440467963641e-08,7.447505631517571e-08,7.447570130496808e-08,7.44763397707644e-08,7.447697182829075e-08,7.447759759501193e-08,7.447821718531133e-08,7.447883071073724e-08,7.447943828113644e-08,7.44800400046913e-08,7.44806359874074e-08,7.448122633332257e-08,7.448181114471502e-08,7.448239052187994e-08,7.448296456426416e-08,7.448353336673323e-08,7.448409702520044e-08,7.448465563297193e-08,7.448520928150268e-08,7.448575806075101e-08,7.448630205897072e-08,7.448684136281966e-08,7.448737605744416e-08,7.448790622636803e-08,7.448843195159166e-08,7.448895331373101e-08,7.44894703919834e-08,7.448998326371441e-08,7.449049200530391e-08,7.449099669148525e-08,7.449149739604368e-08,7.449199419104035e-08,7.449248714794837e-08,7.449297633498697e-08,7.449346182116395e-08,7.449394367315876e-08,7.449442195763072e-08,7.449489673883418e-08,7.449536808025905e-08,7.449583604427476e-08,7.449630069189345e-08,7.449676208349301e-08,7.449722027841351e-08,7.449767533335795e-08,7.449812730629058e-08,7.449857625274764e-08,7.449902222758503e-08,7.449946528463363e-08,7.449990547675143e-08,7.45003428558667e-08,7.450077747311663e-08,7.450120937816312e-08,7.450163862030081e-08,7.450206524785184e-08,7.450248930816272e-08,7.45029108477309e-08,7.450332991215778e-08,7.450374654630206e-08,7.450416079418807e-08,7.450457269761233e-08,7.4504982301737e-08,7.450538964723705e-08,7.450579477447063e-08,7.450619772409614e-08,7.450659853515498e-08,7.450699724670405e-08,7.45073938967967e-08,7.450778852242756e-08,7.450818115964652e-08,7.450857184602006e-08,7.450896061515046e-08,7.450934750361711e-08,7.450973254452904e-08,7.451011577152138e-08,7.451049721711201e-08,7.451087691381068e-08,7.451125489295495e-08,7.451163118538302e-08,7.451200582267252e-08,7.451237883416069e-08,7.451275024868928e-08,7.451312009640574e-08,7.451348840498463e-08,7.45138552023294e-08,7.451422051593062e-08,7.451458437248629e-08,7.451494679894047e-08,7.451530782075827e-08,7.451566746256563e-08,7.451602574993599e-08,7.451638270739945e-08,7.451673835927654e-08,7.451709272882239e-08,7.451744583922966e-08,7.451779771202888e-08,7.451814837233009e-08,7.451849784062683e-08,7.451884613864408e-08,7.451919328742637e-08,7.451953930783233e-08,7.451988422017222e-08,7.452022804449098e-08,7.452057080036106e-08,7.452091250713347e-08,7.452125318442617e-08,7.452159284998828e-08,7.452193152226856e-08,7.45222692194773e-08,7.452260595913021e-08,7.45229417584262e-08,7.452327663448785e-08,7.452361060389079e-08,7.452394368375981e-08,7.45242758889092e-08,7.452460723569582e-08,7.452493773906965e-08,7.452526741529691e-08,7.452559627889889e-08,7.4525924344469e-08,7.452625162648088e-08,7.452657813914372e-08,7.45269038962309e-08,7.452722891132456e-08,7.452755319790992e-08,7.452787676896503e-08,7.452819963770707e-08,7.452852181670595e-08,7.452884331830677e-08,7.452916415478113e-08,7.452948433794423e-08,7.452980388005207e-08,7.453012279211882e-08,7.453044108573767e-08,7.453075877226367e-08,7.453107586239023e-08,7.453139236703567e-08,7.453170829523275e-08,7.453202366014286e-08,7.453233847021016e-08,7.453265273620649e-08,7.453296646734481e-08,7.45332796733919e-08,7.453359236386195e-08,7.453390454808445e-08,7.453421623517437e-08,7.453452743398595e-08,7.453483815342167e-08,7.453514840050782e-08,7.453545818656571e-08,7.453576751797106e-08,7.453607640398357e-08,7.453638485189252e-08,7.453669286961397e-08,7.453700046584594e-08,7.453730764744883e-08,7.453761442294065e-08,7.453792079737088e-08,7.453822677911093e-08,7.453853237400001e-08,7.453883759133029e-08,7.453914243693055e-08,7.453944691722757e-08,7.45397510384718e-08,7.454005480800314e-08,7.454035823092891e-08,7.454066131539201e-08,7.454096406545346e-08,7.454126648788788e-08,7.454156858853574e-08,7.454187037466049e-08,7.45421718489927e-08,7.454247301826829e-08,7.45427738885903e-08,7.454307446528144e-08,7.454337475290808e-08,7.454367475701974e-08,7.454397448285424e-08,7.454427393507659e-08,7.454457311865612e-08,7.454487203840705e-08,7.45451706997117e-08,7.45454691060929e-08,7.454576726256319e-08,7.454606517324465e-08,7.454636284327448e-08,7.454666027679468e-08,7.454695747735674e-08,7.454725444988139e-08,7.454755119812973e-08,7.454784772584728e-08,7.454814403736485e-08,7.454844013626388e-08,7.454873602695355e-08,7.45490317122989e-08,7.454932719619085e-08,7.454962248251769e-08,7.454991757453311e-08,7.455021247583261e-08,7.455050719007539e-08,7.455080171964641e-08,7.455109606952271e-08,7.455139024067109e-08,7.455168423761837e-08,7.455197806310479e-08,7.455227172034961e-08,7.455256521193512e-08,7.455285854122599e-08,7.455315171129397e-08,7.455344472513829e-08,7.455373758633977e-08,7.455403029465268e-08,7.455432285427664e-08,7.455461526814617e-08,7.455490753848915e-08,7.455519966880275e-08,7.455549166017487e-08,7.45557835152217e-08,7.455607523722577e-08,7.455636682802395e-08,7.455665828988183e-08,7.455694962558623e-08,7.455724083693575e-08,7.455753192615409e-08,7.455782289573577e-08,7.455811374709492e-08,7.455840448257302e-08,7.455869510380762e-08,7.455898561380135e-08,7.455927601389532e-08,7.455956630640154e-08,7.455985649271735e-08,7.456014657485815e-08,7.456043655454988e-08,7.456072643361876e-08,7.45610162139966e-08,7.456130589683125e-08,7.456159548467857e-08,7.456188497875581e-08,7.456217438069079e-08,7.456246369233779e-08,7.45627529150047e-08,7.456304205035424e-08,7.456333109946947e-08,7.456362006435366e-08,7.456390894722404e-08,7.456419774759519e-08,7.456448646816392e-08,7.456477510993087e-08,7.456506367557185e-08,7.456535216403183e-08,7.456564057770836e-08,7.456592891804795e-08,7.456621718673129e-08,7.456650538406716e-08,7.456679351164046e-08,7.45670815709288e-08,7.456736956273469e-08,7.456765748831935e-08,7.456794534877252e-08,7.456823314540777e-08,7.456852087916999e-08,7.456880855124457e-08,7.456909616257336e-08,7.456938371418305e-08,7.456967120716485e-08,7.45699586420446e-08,7.457024602059725e-08,7.457053334313003e-08,7.457082061120376e-08,7.457110782523963e-08,7.457139498629676e-08,7.457168209536023e-08,7.457196915394361e-08,7.457225616153857e-08,7.457254311947758e-08,7.457283002859317e-08,7.457311688982119e-08,7.457340370412228e-08,7.457369047161446e-08,7.457397719415316e-08,7.457426387198669e-08,7.457455050650929e-08,7.457483709703605e-08,7.457512364501997e-08,7.457541015085962e-08,7.457569661541011e-08,7.457598303974405e-08,7.457626942435035e-08,7.457655576970173e-08,7.457684207646258e-08,7.457712834542401e-08,7.457741457707516e-08,7.457770077201492e-08,7.457798693081888e-08,7.457827305402145e-08,7.457855914236309e-08,7.457884519634531e-08,7.457913121651325e-08,7.457941720339696e-08,7.457970315751657e-08,7.457998907937004e-08,7.458027496983675e-08,7.458056082819981e-08,7.458084665654864e-08,7.458113245459366e-08,7.458141822289456e-08,7.458170396049942e-08,7.458198967067763e-08,7.458227535262705e-08,7.458256100756084e-08,7.458284663411115e-08,7.458313223351083e-08,7.458341780628611e-08,7.458370335409909e-08,7.458398887497904e-08,7.458427437030491e-08,7.458455984098318e-08,7.458484528677781e-08,7.458513070931985e-08,7.45854161069566e-08,7.458570148277815e-08,7.458598683368265e-08,7.458627216179471e-08,7.458655746869397e-08,7.458684275218057e-08,7.458712801418271e-08,7.458741325404128e-08,7.458769847396705e-08,7.458798367209229e-08,7.458826884974397e-08,7.458855400714519e-08,7.458883914556729e-08,7.458912426307081e-08,7.458940936141818e-08,7.458969444080866e-08,7.458997950114909e-08,7.459026454317557e-08,7.459054956695575e-08,7.459083457248836e-08,7.459111956043704e-08,7.459140453130698e-08,7.459168948509842e-08,7.459197442134055e-08,7.459225934082997e-08,7.459254424380626e-08,7.459282913046436e-08,7.4593114000678e-08,7.459339885526586e-08,7.459368369431762e-08,7.459396851788888e-08,7.459425332626207e-08,7.459453811968074e-08,7.45948228984251e-08,7.459510766227474e-08,7.459539241301266e-08,7.459567714834398e-08,7.459596186955614e-08,7.459624657676728e-08,7.459653127031701e-08,7.459681595019942e-08,7.459710061715995e-08,7.459738527075244e-08,7.459766991157611e-08,7.459795453953972e-08,7.459823915468145e-08,7.459852375755666e-08,7.459880834806522e-08,7.459909292698314e-08,7.459937749330952e-08,7.459966204763361e-08,7.459994659135511e-08,7.460023112244127e-08,7.460051564188418e-08,7.460080015011016e-08,7.460108464701297e-08,7.46013691331338e-08,7.460165360826465e-08,7.460193807306012e-08,7.460222252661243e-08,7.460250696948807e-08,7.460279140217513e-08,7.460307582445079e-08,7.460336023720849e-08,7.460364463973691e-08,7.460392903183489e-08,7.460421341410021e-08,7.460449778669433e-08,7.460478214957095e-08,7.460506650292565e-08,7.46053508468942e-08,7.460563518127042e-08,7.460591950683393e-08,7.460620382292219e-08,7.460648813012162e-08,7.460677242838753e-08,7.460705671806192e-08,7.460734099870319e-08,7.460762527084541e-08,7.46079095343306e-08,7.460819378925678e-08,7.46084780358214e-08,7.460876227540795e-08,7.460904650540009e-08,7.460933072786087e-08,7.460961494157225e-08,7.460989914725e-08,7.46101833449901e-08,7.461046753492255e-08,7.461075171702946e-08,7.461103589139595e-08,7.461132005810089e-08,7.461160421722435e-08,7.461188836868215e-08,7.461217251288984e-08,7.461245664991589e-08,7.46127407791458e-08,7.461302490126902e-08,7.461330901617571e-08,7.46135931238489e-08,7.461387722541034e-08,7.461416131892353e-08,7.461444540566349e-08,7.461472948508568e-08,7.461501355811232e-08,7.461529762547727e-08,7.4615581686204e-08,7.46158657388578e-08,7.461614978499113e-08,7.461643382396003e-08,7.461671785691228e-08,7.461700188274571e-08,7.461728590361593e-08,7.461756991828205e-08,7.461785392566303e-08,7.46181379266826e-08,7.461842192136418e-08,7.461870591083133e-08,7.461898989298795e-08,7.461927386858471e-08,7.461955783862708e-08,7.461984180256374e-08,7.46201257605661e-08,7.462040971289554e-08,7.462069365895025e-08,7.462097759921032e-08,7.462126153542472e-08,7.462154546350553e-08,7.462182938631579e-08,7.462211330349284e-08,7.462239721468274e-08,7.46226811201871e-08,7.462296502021542e-08,7.46232489154915e-08,7.462353280448507e-08,7.462381668763347e-08,7.462410056550766e-08,7.46243844375998e-08,7.462466830428347e-08,7.46249521655534e-08,7.462523602139489e-08,7.462551987194081e-08,7.462580371701279e-08,7.462608755694116e-08,7.462637139311853e-08,7.462665522221221e-08,7.462693904626307e-08,7.462722286467067e-08,7.46275066769188e-08,7.462779048513664e-08,7.462807428831778e-08,7.46283580874516e-08,7.462864187979509e-08,7.462892566763208e-08,7.462920945038763e-08,7.462949322787371e-08,7.462977700030156e-08,7.463006076793809e-08,7.463034453063102e-08,7.463062828843365e-08,7.463091204120319e-08,7.463119578912898e-08,7.46314795331712e-08,7.463176327131072e-08,7.463204700451266e-08,7.463233073285734e-08,7.463261445645258e-08,7.463289817613009e-08,7.46331818890026e-08,7.463346559839295e-08,7.463374930286732e-08,7.463403300254173e-08,7.463431669756379e-08,7.463460038770156e-08,7.463488407323624e-08,7.463516775437694e-08,7.463545143076454e-08,7.463573510230514e-08,7.463601876918811e-08,7.46363024315118e-08,7.463658609042728e-08,7.463686974448571e-08,7.463715339267096e-08,7.463743703662456e-08,7.463772067610206e-08,7.463800431180439e-08,7.463828794225742e-08,7.463857156764988e-08,7.4638855188911e-08,7.463913880526248e-08,7.463942241746536e-08,7.463970602522337e-08,7.463998962858775e-08,7.4640273227342e-08,7.464055682156391e-08,7.46408404114239e-08,7.464112399703932e-08,7.464140757826678e-08,7.464169115510354e-08,7.464197472753973e-08,7.464225829778728e-08,7.464254186141308e-08,7.464282542058512e-08,7.46431089755487e-08,7.464339252616463e-08,7.464367607146828e-08,7.464395961325725e-08,7.464424315085776e-08,7.46445266840606e-08,7.464481021318193e-08,7.464509373766606e-08,7.464537725882028e-08,7.464566077486785e-08,7.464594428672681e-08,7.464622779429643e-08,7.464651129748434e-08,7.464679479632286e-08,7.464707829106393e-08,7.46473617817928e-08,7.464764526807327e-08,7.464792875022992e-08,7.464821222746594e-08,7.464849570150745e-08,7.464877917100106e-08,7.464906263675385e-08,7.464934609794837e-08,7.464962955508373e-08,7.4649913007814e-08,7.46501964563711e-08,7.465047990089025e-08,7.465076334133162e-08,7.465104677737912e-08,7.46513302092176e-08,7.465161363693999e-08,7.465189706057675e-08,7.465218047991985e-08,7.465246389518237e-08,7.46527473057751e-08,7.465303071281136e-08,7.465331411578956e-08,7.465359751461638e-08,7.465388090934702e-08,7.465416429991035e-08,7.465444768647962e-08,7.465473106877698e-08,7.465501444810842e-08,7.465529782255812e-08,7.465558119260769e-08,7.465586455861905e-08,7.465614792065759e-08,7.46564312786437e-08,7.465671463246346e-08,7.465699798220787e-08,7.465728132787624e-08,7.465756466887255e-08,7.465784800662968e-08,7.465813134024135e-08,7.465841467102167e-08,7.465869799648038e-08,7.465898131804034e-08,7.465926463569963e-08,7.465954794828828e-08,7.465983125873114e-08,7.466011456392816e-08,7.466039786480699e-08,7.466068116113881e-08,7.466096445439866e-08,7.466124774329455e-08,7.466153102845945e-08,7.466181430968213e-08,7.466209758683546e-08,7.466238085998158e-08,7.466266412961974e-08,7.46629473948324e-08,7.466323065447177e-08,7.466351391162807e-08,7.466379716483823e-08,7.466408041392558e-08,7.466436365918942e-08,7.466464690141774e-08,7.466493013845153e-08,7.466521337167139e-08,7.466549660102603e-08,7.466577982635909e-08,7.466606304767523e-08,7.466634626500703e-08,7.46666294784205e-08,7.466691268777285e-08,7.466719589324289e-08,7.466747909467193e-08,7.466776229204919e-08,7.466804548649744e-08,7.466832867602074e-08,7.466861186167256e-08,7.46688950425254e-08,7.466917822023316e-08,7.466946139397298e-08,7.466974456385218e-08,7.467002772977962e-08,7.467031089125256e-08,7.467059404959043e-08,7.467087720293481e-08,7.467116035304434e-08,7.467144350050032e-08,7.467172664365414e-08,7.467200978233886e-08,7.467229291658458e-08,7.467257604696843e-08,7.467285917452818e-08,7.467314229710489e-08,7.467342541573124e-08,7.467370853052013e-08,7.467399164126587e-08,7.46742747480163e-08,7.46745578509635e-08,7.467484095015892e-08,7.467512404517749e-08,7.46754071363084e-08,7.467569022349684e-08,7.467597330674963e-08,7.46762563861028e-08,7.467653946109284e-08,7.467682253246066e-08,7.467710560156159e-08,7.467738866524269e-08,7.467767172497312e-08,7.467795478053201e-08,7.467823783242764e-08,7.467852088044072e-08,7.467880392453999e-08,7.467908696518307e-08,7.467937000147558e-08,7.467965303357145e-08,7.467993606263432e-08,7.468021908721482e-08,7.468050210786121e-08,7.46807851245846e-08,7.46810681374075e-08,7.468135114624099e-08,7.468163415128967e-08,7.468191715219803e-08,7.468220014939602e-08,7.468248314268265e-08,7.468276613162866e-08,7.468304911760175e-08,7.468333209921577e-08,7.4683615075735e-08,7.468389804900779e-08,7.46841810188537e-08,7.468446398489773e-08,7.468474694704673e-08,7.468502990519971e-08,7.468531285929193e-08,7.468559580974665e-08,7.468587875628336e-08,7.468616169846783e-08,7.46864446372098e-08,7.468672757202222e-08,7.468701050305777e-08,7.468729343015404e-08,7.468757635342784e-08,7.468785927274003e-08,7.468814218815423e-08,7.468842509964975e-08,7.468870800714464e-08,7.468899091084597e-08,7.468927381070497e-08,7.468955670600784e-08,7.468983959810344e-08,7.469012248608104e-08,7.469040537000264e-08,7.469068825066277e-08,7.469097112723926e-08,7.469125399993257e-08,7.469153686869289e-08,7.46918197336071e-08,7.46921025946656e-08,7.469238545187512e-08,7.469266830509264e-08,7.469295115537571e-08,7.469323400056708e-08,7.469351684387865e-08,7.469379968160461e-08,7.469408251750845e-08,7.469436534740881e-08,7.469464817349284e-08,7.4694930995851e-08,7.46952138141265e-08,7.46954966285754e-08,7.469577943926273e-08,7.469606224605182e-08,7.469634504893266e-08,7.469662784901424e-08,7.469691064577292e-08,7.469719343617018e-08,7.469747622350597e-08,7.469775900713028e-08,7.469804178673794e-08,7.46983245625518e-08,7.469860733403302e-08,7.469889010199558e-08,7.469917286742496e-08,7.469945562760195e-08,7.469973838393604e-08,7.470002113658345e-08,7.470030388624699e-08,7.470058663022709e-08,7.470086937133804e-08,7.470115210857077e-08,7.470143484153212e-08,7.47017175704232e-08,7.47020002957277e-08,7.470228301726547e-08,7.470256573491959e-08,7.47028484486783e-08,7.470313115858614e-08,7.470341386473312e-08,7.470369656688168e-08,7.470397926510048e-08,7.470426195955515e-08,7.470454465001692e-08,7.470482733667465e-08,7.470511001948846e-08,7.470539269840396e-08,7.47056753735206e-08,7.470595804464713e-08,7.470624071202457e-08,7.470652337552965e-08,7.470680603617317e-08,7.470708869193328e-08,7.470737134406423e-08,7.470765399206174e-08,7.470793663598606e-08,7.470821927619585e-08,7.47085019126092e-08,7.470878454516619e-08,7.470906717383802e-08,7.470934979868947e-08,7.47096324196279e-08,7.470991503669778e-08,7.471019764990612e-08,7.471048025950112e-08,7.471076286588283e-08,7.471104546750659e-08,7.471132806515473e-08,7.471161065915997e-08,7.47118932490938e-08,7.471217583526586e-08,7.47124584185369e-08,7.471274099702612e-08,7.471302357171043e-08,7.47133061425262e-08,7.471358870936602e-08,7.471387127230379e-08,7.471415383229186e-08,7.471443638745154e-08,7.471471893872956e-08,7.471500148623543e-08,7.471528403000198e-08,7.471556657039823e-08,7.471584910633787e-08,7.471613163833724e-08,7.47164141663695e-08,7.471669669082844e-08,7.471697921067317e-08,7.47172617272337e-08,7.471754423998864e-08,7.47178267488719e-08,7.47181092539053e-08,7.471839175506256e-08,7.4718674252606e-08,7.471895674735467e-08,7.47192392369502e-08,7.471952172220947e-08,7.471980420401702e-08,7.472008668214017e-08,7.472036915582399e-08,7.472065162603067e-08,7.472093409217444e-08,7.472121655471313e-08,7.47214990134401e-08,7.472178146828019e-08,7.472206391925831e-08,7.472234636636168e-08,7.472262880882765e-08,7.472291124822191e-08,7.472319368371206e-08,7.47234761142834e-08,7.472375854150488e-08,7.472404096540245e-08,7.472432338549508e-08,7.472460580172562e-08,7.472488821413768e-08,7.472517062377426e-08,7.472545302844366e-08,7.472573542921827e-08,7.472601782616887e-08,7.472630021924218e-08,7.472658260794039e-08,7.472686499308387e-08,7.472714737459476e-08,7.472742975214755e-08,7.472771212605988e-08,7.472799449599345e-08,7.472827686215541e-08,7.47285592240736e-08,7.472884158242588e-08,7.472912393668256e-08,7.472940628737244e-08,7.472968863412549e-08,7.472997097707342e-08,7.473025331613456e-08,7.473053565131705e-08,7.473081798418588e-08,7.473110031160642e-08,7.473138263516769e-08,7.473166495491846e-08,7.473194727074216e-08,7.473222958299283e-08,7.473251189117781e-08,7.473279419596335e-08,7.473307649612634e-08,7.473335879312777e-08,7.473364108582784e-08,7.473392337476564e-08,7.473420565983581e-08,7.473448794088731e-08,7.473477021823364e-08,7.473505249311323e-08,7.473533476275396e-08,7.473561702853784e-08,7.473589929058282e-08,7.473618154868752e-08,7.473646380289132e-08,7.473674605295094e-08,7.473702829941954e-08,7.47373105419125e-08,7.473759278074738e-08,7.473787501559204e-08,7.473815724666645e-08,7.473843947407135e-08,7.473872169841221e-08,7.473900391793795e-08,7.473928613365765e-08,7.473956834544886e-08,7.473985055443885e-08,7.474013275852456e-08,7.474041495844973e-08,7.474069715474419e-08,7.47409793473738e-08,7.474126153603556e-08,7.474154372095771e-08,7.47418259017787e-08,7.474210807889591e-08,7.474239025225996e-08,7.474267242162654e-08,7.474295458710841e-08,7.474323674858035e-08,7.474351890632844e-08,7.474380106026777e-08,7.474408321057449e-08,7.474436535703541e-08,7.474464750037082e-08,7.474492963870787e-08,7.474521177328675e-08,7.474549390417554e-08,7.47457760311228e-08,7.474605815388499e-08,7.474634027311159e-08,7.47466223895688e-08,7.474690450126528e-08,7.474718660893307e-08,7.474746871276416e-08,7.474775081268937e-08,7.474803290872179e-08,7.474831500200571e-08,7.474859708979661e-08,7.474887917442858e-08,7.4749161254643e-08,7.474944333163943e-08,7.474972540467025e-08,7.475000747383525e-08,7.475028953915736e-08,7.475057160048366e-08,7.475085365813372e-08,7.475113571300835e-08,7.475141776270277e-08,7.475169980875598e-08,7.47519818510213e-08,7.475226388932892e-08,7.475254592382773e-08,7.475282795526972e-08,7.475310998196647e-08,7.4753392004785e-08,7.47536740238954e-08,7.475395603911558e-08,7.475423805044327e-08,7.475452005794576e-08,7.47548020615911e-08,7.475508406144386e-08,7.475536605677064e-08,7.47556480488734e-08,7.475593003745644e-08,7.475621202184229e-08,7.475649400239367e-08,7.475677597938092e-08,7.475705795246242e-08,7.475733992249945e-08,7.47576218876368e-08,7.475790384891433e-08,7.475818580633204e-08,7.47584677598404e-08,7.475874970958934e-08,7.475903165541115e-08,7.475931359714182e-08,7.475959553529249e-08,7.47598774696188e-08,7.476015940008686e-08,7.476044132667157e-08,7.476072324936441e-08,7.476100516828519e-08,7.476128708437185e-08,7.476156899549622e-08,7.476185090280746e-08,7.476213280514379e-08,7.476241470477425e-08,7.476269660056137e-08,7.476297849213921e-08,7.476326038022299e-08,7.476354226467527e-08,7.476382414508366e-08,7.476410602154384e-08,7.476438789421108e-08,7.476466976297288e-08,7.476495162794981e-08,7.476523348909462e-08,7.476551534560635e-08,7.476579719894561e-08,7.47660790487464e-08,7.476636089467924e-08,7.476664273746177e-08,7.476692457622358e-08,7.476720641044258e-08,7.476748824095644e-08,7.47677700673483e-08,7.476805189024454e-08,7.476833370956771e-08,7.476861552481373e-08,7.476889733548487e-08,7.476917914340914e-08,7.476946094711624e-08,7.476974274713141e-08,7.477002454293862e-08,7.477030633469374e-08,7.477058812258153e-08,7.477086990661102e-08,7.477115168688256e-08,7.477143346334339e-08,7.477171523681053e-08,7.477199700553727e-08,7.477227877041037e-08,7.477256053135578e-08,7.477284228933016e-08,7.477312404261701e-08,7.477340579208591e-08,7.477368753796916e-08,7.477396927945758e-08,7.477425101742677e-08,7.47745327515008e-08,7.477481448177173e-08,7.477509620815774e-08,7.477537793063205e-08,7.477565964935069e-08,7.477594136410587e-08,7.477622307506366e-08,7.477650478219593e-08,7.477678648545205e-08,7.477706818486177e-08,7.477734988045028e-08,7.477763157221097e-08,7.477791326010403e-08,7.477819494411682e-08,7.477847662453505e-08,7.477875830091398e-08,7.477903997363014e-08,7.477932164201219e-08,7.477960330682552e-08,7.477988496795505e-08,7.478016662505934e-08,7.478044827852407e-08,7.478072992780282e-08,7.478101157338744e-08,7.47812932150597e-08,7.478157485237356e-08,7.478185648624543e-08,7.478213811569132e-08,7.47824197423787e-08,7.478270136474217e-08,7.478298298382938e-08,7.478326459857842e-08,7.478354620945814e-08,7.478382781649303e-08,7.478410941982128e-08,7.478439101918063e-08,7.478467261466009e-08,7.478495420630286e-08,7.478523579408016e-08,7.478551737806285e-08,7.478579895819472e-08,7.478608053443816e-08,7.478636210686691e-08,7.478664367555713e-08,7.478692524028268e-08,7.478720680083161e-08,7.478748835758063e-08,7.478776991075475e-08,7.478805146009451e-08,7.478833300558712e-08,7.478861454721682e-08,7.478889608479904e-08,7.478917761878583e-08,7.478945914852267e-08,7.47897406745944e-08,7.479002219691295e-08,7.47903037154695e-08,7.479058523027785e-08,7.479086674115333e-08,7.479114824817535e-08,7.479142975134699e-08,7.479171125061967e-08,7.479199274610696e-08,7.479227423776007e-08,7.479255572578573e-08,7.479283720983972e-08,7.479311868989561e-08,7.479340016613698e-08,7.479368163846159e-08,7.479396310698512e-08,7.479424457167365e-08,7.479452603273317e-08,7.479480748993556e-08,7.479508894342197e-08,7.479537039274336e-08,7.479565183815406e-08,7.47959332798648e-08,7.479621471734602e-08,7.47964961509905e-08,7.479677758109069e-08,7.479705900685405e-08,7.479734042927595e-08,7.479762184776756e-08,7.479790326242346e-08,7.47981846732742e-08,7.479846607997819e-08,7.47987474831087e-08,7.479902888241182e-08,7.479931027759291e-08,7.479959166915948e-08,7.47998730569495e-08,7.480015444087211e-08,7.48004358209802e-08,7.48007171973461e-08,7.480099856971655e-08,7.480127993849948e-08,7.480156130320323e-08,7.480184266405649e-08,7.480212402095834e-08,7.48024053752111e-08,7.480268672451615e-08,7.48029680691105e-08,7.480324941046683e-08,7.480353074753235e-08,7.480381208159232e-08,7.480409341165593e-08,7.480437473791595e-08,7.480465606032133e-08,7.48049373775974e-08,7.480521869230411e-08,7.48055000038265e-08,7.48057813108362e-08,7.480606261398306e-08,7.480634391331718e-08,7.480662520885197e-08,7.48069065004922e-08,7.480718778824758e-08,7.480746907185049e-08,7.480775035194622e-08,7.480803162789957e-08,7.480831290029627e-08,7.480859416880701e-08,7.480887543345398e-08,7.480915669432274e-08,7.480943795140246e-08,7.480971920474964e-08,7.481000045395372e-08,7.481028169950717e-08,7.481056294117664e-08,7.481084417900809e-08,7.481112541298826e-08,7.48114066440045e-08,7.481168787026777e-08,7.481196909273505e-08,7.481225031133605e-08,7.48125315261296e-08,7.48128127370583e-08,7.481309394407193e-08,7.48133751472865e-08,7.48136563466779e-08,7.481393754210636e-08,7.481421873502837e-08,7.481449992278703e-08,7.481478110653791e-08,7.481506228668825e-08,7.481534346302242e-08,7.481562463550631e-08,7.48159058040585e-08,7.481618696986756e-08,7.481646813078157e-08,7.481674928791487e-08,7.481703044119415e-08,7.481731159058424e-08,7.481759273619252e-08,7.48178738779255e-08,7.481815501690152e-08,7.481843615115976e-08,7.481871728107155e-08,7.481899840643105e-08,7.481927952893417e-08,7.481956064689491e-08,7.481984176170961e-08,7.482012287267643e-08,7.482040397999366e-08,7.482068508320299e-08,7.482096618266763e-08,7.482124727826376e-08,7.482152836991406e-08,7.482180945779137e-08,7.482209054186029e-08,7.482237162207962e-08,7.482265269829558e-08,7.482293377078776e-08,7.482321483955148e-08,7.482349590453966e-08,7.482377696550263e-08,7.482405802259493e-08,7.482433907619123e-08,7.482462012569729e-08,7.482490117131012e-08,7.482518221277605e-08,7.482546325074992e-08,7.482574428478393e-08,7.482602531504862e-08,7.482630634154254e-08,7.48265873641729e-08,7.48268683829535e-08,7.482714939804312e-08,7.482743040912696e-08,7.482771141602959e-08,7.482799241826881e-08,7.482827341783295e-08,7.482855441353317e-08,7.482883540537146e-08,7.482911639335114e-08,7.482939737764804e-08,7.482967835881932e-08,7.482995933557559e-08,7.483024030824903e-08,7.483052127704264e-08,7.483080224197681e-08,7.483108320312136e-08,7.483136416067814e-08,7.483164511414169e-08,7.483192606373368e-08,7.483220700926816e-08,7.483248795118151e-08,7.483276888930105e-08,7.483304982347811e-08,7.483333075380516e-08,7.483361168054347e-08,7.483389260332545e-08,7.483417352150472e-08,7.483445443657724e-08,7.483473534779729e-08,7.483501625515912e-08,7.483529715864595e-08,7.483557805834741e-08,7.483585895396271e-08,7.483613984612538e-08,7.483642073431521e-08,7.483670161772696e-08,7.483698249813281e-08,7.483726337476063e-08,7.483754424770365e-08,7.483782511671892e-08,7.48381059817227e-08,7.483838684301437e-08,7.483866770046149e-08,7.48389485537045e-08,7.48392294034606e-08,7.483951024961143e-08,7.483979109182791e-08,7.484007193019558e-08,7.484035276462e-08,7.48406335951774e-08,7.48409144219508e-08,7.484119524360881e-08,7.484147606280765e-08,7.484175687796846e-08,7.484203768951725e-08,7.484231849701968e-08,7.484259930073727e-08,7.484288009996718e-08,7.48431608962839e-08,7.484344168845532e-08,7.484372247687868e-08,7.484400326137625e-08,7.484428404217585e-08,7.484456481896525e-08,7.484484559194822e-08,7.484512636108553e-08,7.484540712639291e-08,7.484568788712054e-08,7.48459686435841e-08,7.484624939715399e-08,7.484653014706961e-08,7.484681089317915e-08,7.484709163566255e-08,7.484737237565893e-08,7.484765311018041e-08,7.484793384066082e-08,7.484821456710609e-08,7.48484952901008e-08,7.484877600931365e-08,7.484905672472219e-08,7.484933743619997e-08,7.484961814390541e-08,7.484989884888514e-08,7.485017954894072e-08,7.48504602452631e-08,7.485074093760804e-08,7.485102162613734e-08,7.485130231097406e-08,7.485158299177289e-08,7.485186366875047e-08,7.485214434136078e-08,7.485242501033353e-08,7.485270567534005e-08,7.485298633673844e-08,7.485326699454514e-08,7.485354764852894e-08,7.485382829851154e-08,7.485410894580832e-08,7.48543895883031e-08,7.485467022689747e-08,7.485495086165996e-08,7.485523149263654e-08,7.485551211986797e-08,7.48557927431456e-08,7.485607336260054e-08,7.485635397954777e-08,7.485663459116992e-08,7.485691519910226e-08,7.485719580343685e-08,7.48574764036798e-08,7.485775700010831e-08,7.485803759267808e-08,7.485831818166089e-08,7.485859876566334e-08,7.485887934647689e-08,7.485915992393974e-08,7.485944049726265e-08,7.485972106680828e-08,7.486000163284473e-08,7.486028219568198e-08,7.486056275471331e-08,7.486084330916653e-08,7.486112385955353e-08,7.486140440605684e-08,7.486168494870813e-08,7.486196548790956e-08,7.486224602294758e-08,7.486252655414702e-08,7.486280708150489e-08,7.486308760534612e-08,7.486336812504156e-08,7.486364864103498e-08,7.48639291532959e-08,7.486420966142532e-08,7.486449016574725e-08,7.486477066622465e-08,7.48650511630212e-08,7.486533165583843e-08,7.486561214497133e-08,7.48658926292911e-08,7.48661731106698e-08,7.48664535877777e-08,7.486673406117411e-08,7.48670145310196e-08,7.486729499701098e-08,7.486757545918074e-08,7.486785591753405e-08,7.486813637213615e-08,7.486841682442155e-08,7.486869727123938e-08,7.486897771419107e-08,7.486925815343334e-08,7.486953858864908e-08,7.486981902005542e-08,7.487009944901458e-08,7.487037987293689e-08,7.487066029313075e-08,7.487094070935545e-08,7.487122112163702e-08,7.487150153008506e-08,7.487178193469657e-08,7.487206233547887e-08,7.487234273242449e-08,7.487262312534762e-08,7.487290351424616e-08,7.487318389875377e-08,7.487346428040167e-08,7.487374465814853e-08,7.48740250320834e-08,7.487430540222165e-08,7.487458576850173e-08,7.48748661309324e-08,7.487514648973502e-08,7.48754268444817e-08,7.487570719502377e-08,7.487598754211265e-08,7.487626788535677e-08,7.487654822501466e-08,7.487682856000519e-08,7.487710889136289e-08,7.487738921925899e-08,7.487766954331308e-08,7.487794986351886e-08,7.487823017896651e-08,7.487851049155287e-08,7.48787908003961e-08,7.487907110549139e-08,7.487935140657021e-08,7.487963170382e-08,7.487991199717539e-08,7.488019228715292e-08,7.488047257288246e-08,7.488075285602087e-08,7.488103313350024e-08,7.488131340774932e-08,7.488159367812199e-08,7.488187394435906e-08,7.488215420709994e-08,7.488243446572253e-08,7.488271472049463e-08,7.4882994971858e-08,7.488327521940189e-08,7.488355546293967e-08,7.488383570269873e-08,7.488411593860875e-08,7.488439617067598e-08,7.488467639915702e-08,7.488495662355131e-08,7.488523684415971e-08,7.488551706103977e-08,7.488579727441176e-08,7.488607748352088e-08,7.488635768847702e-08,7.488663788989228e-08,7.488691808744848e-08,7.488719828120692e-08,7.488747847113352e-08,7.488775865721056e-08,7.488803884076835e-08,7.488831901847042e-08,7.48885991930085e-08,7.488887936262567e-08,7.488915952912887e-08,7.488943969222336e-08,7.488971985159302e-08,7.489000000723666e-08,7.489028015885023e-08,7.489056030671895e-08,7.489084045068795e-08,7.489112059075632e-08,7.489140072696728e-08,7.489168085947943e-08,7.489196098803844e-08,7.489224111279093e-08,7.489252123363371e-08,7.48928013509981e-08,7.489308146353265e-08,7.489336157252567e-08,7.489364167816188e-08,7.489392178102808e-08,7.48942018789709e-08,7.489448197276983e-08,7.489476206301682e-08,7.489504214977602e-08,7.489532223240871e-08,7.489560231070907e-08,7.489588238539857e-08,7.489616245676323e-08,7.489644252406648e-08,7.489672258726623e-08,7.489700264705553e-08,7.489728270219795e-08,7.48975627540989e-08,7.489784280228292e-08,7.48981228465344e-08,7.489840288701212e-08,7.489868292356531e-08,7.48989629564981e-08,7.489924298542398e-08,7.489952301094141e-08,7.489980303226239e-08,7.490008304989421e-08,7.490036306355145e-08,7.49006430733419e-08,7.490092307915596e-08,7.490120308155447e-08,7.490148308030782e-08,7.490176307486706e-08,7.490204306553543e-08,7.490232305192259e-08,7.49026030349155e-08,7.490288301410856e-08,7.490316298873219e-08,7.490344296024308e-08,7.490372292857916e-08,7.490400289275716e-08,7.490428285278913e-08,7.490456280901313e-08,7.490484276133378e-08,7.490512270910718e-08,7.490540265393994e-08,7.490568259483353e-08,7.490596253195589e-08,7.490624246516755e-08,7.490652239457305e-08,7.490680232045921e-08,7.490708224214772e-08,7.49073621600553e-08,7.49076420741507e-08,7.490792198455349e-08,7.490820189091091e-08,7.490848179383029e-08,7.490876169255206e-08,7.49090415874309e-08,7.490932147852083e-08,7.490960136597476e-08,7.490988124938552e-08,7.491016113047476e-08,7.491044100495497e-08,7.49107208769026e-08,7.491100074502911e-08,7.491128060935189e-08,7.491156046976979e-08,7.491184032663956e-08,7.491212017940016e-08,7.491240002863588e-08,7.491267987373573e-08,7.491295971520389e-08,7.491323955293373e-08,7.491351938650064e-08,7.491379921642243e-08,7.49140790423355e-08,7.491435886450002e-08,7.491463868284116e-08,7.491491849737998e-08,7.491519830769716e-08,7.491547811456996e-08,7.49157579178245e-08,7.491603771702581e-08,7.491631751220228e-08,7.491659730373284e-08,7.491687709156415e-08,7.491715687542752e-08,7.491743665501564e-08,7.491771643224e-08,7.491799620461404e-08,7.491827597202132e-08,7.491855573677902e-08,7.491883549768896e-08,7.491911525476016e-08,7.491939500972584e-08,7.491967475913725e-08,7.49199545047506e-08,7.492023424652236e-08,7.492051398574197e-08,7.492079371981558e-08,7.492107345012165e-08,7.492135317661329e-08,7.492163289936973e-08,7.49219126175782e-08,7.492219233281454e-08,7.492247204503521e-08,7.492275175209927e-08,7.492303145541876e-08,7.492331115520762e-08,7.492359085119811e-08,7.492387054296688e-08,7.492415023112396e-08,7.49244299155018e-08,7.492470959609382e-08,7.49249892726818e-08,7.492526894582641e-08,7.492554861478359e-08,7.492582827995796e-08,7.492610794134911e-08,7.492638759893013e-08,7.492666725258646e-08,7.492694690247828e-08,7.492722654942499e-08,7.492750619132664e-08,7.492778582971611e-08,7.492806546444053e-08,7.492834509433243e-08,7.492862472128051e-08,7.492890434403473e-08,7.492918396345425e-08,7.492946357890205e-08,7.49297431902926e-08,7.493002279811195e-08,7.493030240182287e-08,7.493058200200036e-08,7.493086159813495e-08,7.49311411905949e-08,7.493142077921217e-08,7.493170036407495e-08,7.493197994482259e-08,7.493225952197917e-08,7.493253909536013e-08,7.493281866488419e-08,7.493309823069329e-08,7.493337779263192e-08,7.493365735058137e-08,7.493393690472976e-08,7.493421645491816e-08,7.493449600149372e-08,7.493477554428269e-08,7.493505508322998e-08,7.493533461859299e-08,7.493561414938386e-08,7.493589367701964e-08,7.493617320116403e-08,7.49364527212267e-08,7.493673223657527e-08,7.493701174880982e-08,7.493729125707698e-08,7.493757076158477e-08,7.493785026269479e-08,7.493812975945731e-08,7.493840925263944e-08,7.493868874197511e-08,7.493896822696422e-08,7.493924771087097e-08,7.493952718862428e-08,7.493980666252347e-08,7.494008613258738e-08,7.494036559889119e-08,7.49406450613195e-08,7.49409245205371e-08,7.494120397557318e-08,7.49414834260323e-08,7.494176287315466e-08,7.494204231648412e-08,7.494232175629266e-08,7.494260119209957e-08,7.494288062394239e-08,7.494316005191012e-08,7.494343947617544e-08,7.494371889650654e-08,7.494399831303994e-08,7.494427772576668e-08,7.494455713477918e-08,7.494483653932549e-08,7.494511594057444e-08,7.494539533801e-08,7.494567473164321e-08,7.494595412133336e-08,7.494623350727732e-08,7.494651288939559e-08,7.494679226782553e-08,7.494707164241646e-08,7.494735101399022e-08,7.49476303808095e-08,7.49479097439439e-08,7.494818910264601e-08,7.494846845930072e-08,7.494874781077012e-08,7.494902715838452e-08,7.494930650244614e-08,7.494958584256263e-08,7.494986517957605e-08,7.495014451203412e-08,7.495042384074327e-08,7.495070316549164e-08,7.495098248659452e-08,7.495126180363957e-08,7.495154111694718e-08,7.495182042632521e-08,7.495209973196503e-08,7.49523790338515e-08,7.495265833211495e-08,7.4952937626292e-08,7.49532169166627e-08,7.495349620323177e-08,7.49537754859234e-08,7.495405476454608e-08,7.495433403881641e-08,7.495461331006648e-08,7.495489257733542e-08,7.495517184103729e-08,7.49554511007132e-08,7.495573035586749e-08,7.495600960796062e-08,7.495628885627699e-08,7.495656810079776e-08,7.49568473414239e-08,7.495712657732774e-08,7.495740581035949e-08,7.495768503957106e-08,7.495796426467903e-08,7.495824348623688e-08,7.495852270495197e-08,7.495880191890639e-08,7.495908112894813e-08,7.495936033509419e-08,7.495963953766184e-08,7.49599187363073e-08,7.496019793109044e-08,7.496047712268914e-08,7.496075630978591e-08,7.496103549383429e-08,7.496131467335693e-08,7.49615938490536e-08,7.496187302123536e-08,7.496215218834946e-08,7.496243135254477e-08,7.496271051295548e-08,7.496298966997566e-08,7.496326882276191e-08,7.496354797165982e-08,7.496382711690613e-08,7.496410625818902e-08,7.496438539554508e-08,7.49646645296152e-08,7.496494366025434e-08,7.496522278627176e-08,7.496550190847003e-08,7.496578102812444e-08,7.496606014268841e-08,7.496633925341121e-08,7.49666183596873e-08,7.496689746279098e-08,7.496717656209297e-08,7.496745565744836e-08,7.496773474907322e-08,7.496801383691045e-08,7.49682929210641e-08,7.496857200143545e-08,7.49688510777731e-08,7.496913014893209e-08,7.496940921764307e-08,7.496968828259025e-08,7.496996734454276e-08,7.497024640177407e-08,7.497052545491215e-08,7.497080450343201e-08,7.497108354897702e-08,7.497136259099749e-08,7.497164162946668e-08,7.497192066402419e-08,7.49721996944762e-08,7.497247872114878e-08,7.497275774402792e-08,7.497303676308095e-08,7.497331577831204e-08,7.497359478983938e-08,7.497387379743059e-08,7.497415280115594e-08,7.497443180108921e-08,7.49747107971589e-08,7.49749897894894e-08,7.497526877854415e-08,7.497554776322411e-08,7.497582674410277e-08,7.497610572082658e-08,7.497638469420654e-08,7.497666366353782e-08,7.49769426288128e-08,7.497722159055855e-08,7.49775005484452e-08,7.497777950279637e-08,7.497805845246575e-08,7.497833739943825e-08,7.497861634207678e-08,7.497889528091902e-08,7.497917421665522e-08,7.497945314782753e-08,7.497973207460536e-08,7.498001099815766e-08,7.498028991788311e-08,7.498056883380339e-08,7.498084774593521e-08,7.498112665435092e-08,7.498140555881105e-08,7.498168445969969e-08,7.498196335650803e-08,7.498224224951476e-08,7.498252113869594e-08,7.498280002401399e-08,7.498307890555776e-08,7.49833577834083e-08,7.498363665767533e-08,7.498391552776806e-08,7.49841943940275e-08,7.498447325655703e-08,7.498475211411166e-08,7.498503096893765e-08,7.498530981993118e-08,7.49855886669701e-08,7.498586751035538e-08,7.498614634983834e-08,7.498642518559557e-08,7.498670401749942e-08,7.498698284559358e-08,7.49872616700313e-08,7.498754049047907e-08,7.498781930721746e-08,7.498809812004242e-08,7.498837692903865e-08,7.498865573424895e-08,7.498893453524986e-08,7.498921333264407e-08,7.498949212632178e-08,7.498977091615451e-08,7.499004970229351e-08,7.499032848459479e-08,7.499060726430029e-08,7.499088603900572e-08,7.499116480978081e-08,7.499144357687825e-08,7.49917223400812e-08,7.499200109945022e-08,7.499227985503297e-08,7.499255860666092e-08,7.499283735459209e-08,7.499311609900616e-08,7.499339483936655e-08,7.499367357585327e-08,7.499395230873771e-08,7.499423103758064e-08,7.499450976257528e-08,7.49947884837591e-08,7.499506720113264e-08,7.499534591487678e-08,7.499562462476931e-08,7.499590333099845e-08,7.499618203316611e-08,7.499646073219199e-08,7.49967394266875e-08,7.49970181172612e-08,7.499729680409577e-08,7.499757548716217e-08,7.499785416635471e-08,7.499813284151227e-08,7.499841151311953e-08,7.499869018090347e-08,7.499896884484682e-08,7.49992475049954e-08,7.499952616133157e-08,7.499980481408802e-08,7.500008346283857e-08,7.500036210733754e-08,7.500064074845927e-08,7.500091938569133e-08,7.50011980191125e-08,7.500147664874959e-08,7.500175527454442e-08,7.500203389667335e-08,7.500231251434095e-08,7.500259112872341e-08,7.50028697385493e-08,7.500314834530743e-08,7.500342694821051e-08,7.500370554718199e-08,7.500398414270366e-08,7.500426273427798e-08,7.500454132127298e-08,7.500481990594931e-08,7.500509848587908e-08,7.500537706206598e-08,7.500565563552102e-08,7.500593420416397e-08,7.500621276878658e-08,7.500649133074292e-08,7.500676988788786e-08,7.500704844114366e-08,7.500732699076635e-08,7.500760553645714e-08,7.500788407821748e-08,7.500816261627201e-08,7.500844115043789e-08,7.500871968086934e-08,7.500899820749182e-08,7.500927672981538e-08,7.5009555248722e-08,7.500983376400312e-08,7.501011227540978e-08,7.501039078296242e-08,7.501066928661815e-08,7.501094778776268e-08,7.501122628361433e-08,7.5011504775923e-08,7.501178326450072e-08,7.501206174898259e-08,7.501234022981041e-08,7.501261870700743e-08,7.501289718060022e-08,7.501317565238853e-08,7.50134541182232e-08,7.501373257999642e-08,7.501401103795258e-08,7.501428949199155e-08,7.501456794221175e-08,7.501484638874734e-08,7.501512483149278e-08,7.501540327038757e-08,7.501568170546686e-08,7.501596013671751e-08,7.501623856420623e-08,7.501651698784574e-08,7.501679540792078e-08,7.501707382409432e-08,7.501735223639277e-08,7.5017630644681e-08,7.501790904946376e-08,7.501818745022192e-08,7.501846584714089e-08,7.501874424029027e-08,7.501902262960656e-08,7.501930101508575e-08,7.501957939676932e-08,7.501985777477782e-08,7.502013614903969e-08,7.502041451928833e-08,7.502069288591531e-08,7.502097124854028e-08,7.502124960752719e-08,7.502152796169602e-08,7.50218063119951e-08,7.502208465940522e-08,7.502236300256598e-08,7.502264134264515e-08,7.502291967861187e-08,7.502319801073326e-08,7.502347633922831e-08,7.502375466390579e-08,7.502403298396386e-08,7.502431130083106e-08,7.502458961396835e-08,7.502486792322535e-08,7.502514622861285e-08,7.502542453024218e-08,7.502570282805928e-08,7.50259811221727e-08,7.502625941236334e-08,7.502653769889291e-08,7.50268159814611e-08,7.502709426033974e-08,7.502737253527121e-08,7.502765080782775e-08,7.502792907507255e-08,7.502820733856693e-08,7.502848559826027e-08,7.502876385425318e-08,7.50290421061618e-08,7.502932035459863e-08,7.502959859896479e-08,7.502987683957791e-08,7.503015507664984e-08,7.50304333098509e-08,7.503071153906728e-08,7.503098976445988e-08,7.503126798622871e-08,7.503154620406051e-08,7.503182441798183e-08,7.503210262837987e-08,7.503238083569136e-08,7.503265903822051e-08,7.503293723694335e-08,7.503321543190425e-08,7.503349362270135e-08,7.503377180997856e-08,7.503404999343101e-08,7.503432817309609e-08,7.503460634908349e-08,7.503488452112556e-08,7.503516268967469e-08,7.503544085407984e-08,7.503571901477197e-08,7.503599717172346e-08,7.503627532482434e-08,7.503655347394302e-08,7.503683161946877e-08,7.50371097612536e-08,7.503738789902286e-08,7.503766603289511e-08,7.503794416315223e-08,7.503822228938475e-08,7.503850041191492e-08,7.5038778530268e-08,7.503905664512672e-08,7.50393347561977e-08,7.503961286350611e-08,7.50398909665723e-08,7.50401690663201e-08,7.504044716218298e-08,7.504072525365043e-08,7.50410033417281e-08,7.504128142608119e-08,7.504155950666156e-08,7.504183758355599e-08,7.504211565661765e-08,7.504239372578164e-08,7.504267179110269e-08,7.504294985263606e-08,7.50432279103381e-08,7.504350596421745e-08,7.504378401445553e-08,7.504406206077838e-08,7.504434010337972e-08,7.504461814215226e-08,7.504489617727355e-08,7.504517420832004e-08,7.50454522357587e-08,7.504573025842463e-08,7.504600827818323e-08,7.504628629402114e-08,7.504656430600815e-08,7.504684231425055e-08,7.50471203186593e-08,7.504739832069913e-08,7.504767631739807e-08,7.504795431035392e-08,7.504823229972343e-08,7.504851028513932e-08,7.504878826783172e-08,7.504906624557425e-08,7.504934421948293e-08,7.504962218953792e-08,7.504990015576771e-08,7.505017811833099e-08,7.505045607714816e-08,7.50507340320415e-08,7.505101198310943e-08,7.505128993037514e-08,7.505156787376399e-08,7.505184581331165e-08,7.505212374914234e-08,7.50524016811087e-08,7.505267960948639e-08,7.505295753386255e-08,7.505323545449847e-08,7.505351337127932e-08,7.505379128424004e-08,7.505406919365254e-08,7.505434709857434e-08,7.505462499934184e-08,7.50549028971266e-08,7.505518079110524e-08,7.505545868127531e-08,7.505573656762377e-08,7.505601445162868e-08,7.505629233030217e-08,7.505657020533894e-08,7.505684807646468e-08,7.50571259438638e-08,7.505740380735838e-08,7.505768166703096e-08,7.505795952329156e-08,7.505823737536417e-08,7.50585152236923e-08,7.505879306920512e-08,7.505907090991373e-08,7.505934874641604e-08,7.505962657948267e-08,7.505990440940679e-08,7.506018223481823e-08,7.506046005644323e-08,7.506073787437877e-08,7.506101568840517e-08,7.50612934981296e-08,7.506157130439779e-08,7.50618491070438e-08,7.506212690576585e-08,7.50624047007873e-08,7.506268249188793e-08,7.50629602792401e-08,7.506323806281005e-08,7.506351584258013e-08,7.506379361851508e-08,7.50640713906212e-08,7.506434915903661e-08,7.506462692358831e-08,7.50649046838193e-08,7.506518244075692e-08,7.506546019393186e-08,7.506573794349077e-08,7.506601568910484e-08,7.506629343255053e-08,7.506657117045596e-08,7.506684890454646e-08,7.506712663500141e-08,7.506740436136715e-08,7.506768208284067e-08,7.506795980167563e-08,7.506823751643994e-08,7.506851522792173e-08,7.506879293533995e-08,7.506907063916448e-08,7.506934833887791e-08,7.506962603489072e-08,7.506990372711247e-08,7.507018141562883e-08,7.507045910022417e-08,7.50707367811539e-08,7.507101445815364e-08,7.507129213094007e-08,7.507156980024508e-08,7.507184746616568e-08,7.507212512755063e-08,7.50724027850659e-08,7.507268043923699e-08,7.507295808950702e-08,7.507323573620311e-08,7.507351338059572e-08,7.507379101966686e-08,7.507406865481512e-08,7.507434628614037e-08,7.507462391355547e-08,7.507490153726044e-08,7.507517915717116e-08,7.507545677469774e-08,7.507573438739058e-08,7.507601199589763e-08,7.507628960062952e-08,7.507656720266609e-08,7.507684479977666e-08,7.507712239240025e-08,7.507739998188793e-08,7.507767756758461e-08,7.50779551495543e-08,7.507823272693241e-08,7.507851030130287e-08,7.507878787176791e-08,7.50790654386656e-08,7.507934300152209e-08,7.507962056081558e-08,7.50798981160429e-08,7.50801756676587e-08,7.508045321520161e-08,7.508073075892684e-08,7.508100829992276e-08,7.508128583640299e-08,7.508156336884313e-08,7.508184089749537e-08,7.5082118422248e-08,7.508239594356805e-08,7.50826734608227e-08,7.508295097513257e-08,7.508322848475229e-08,7.50835059903581e-08,7.508378349262651e-08,7.508406099079038e-08,7.50843384851806e-08,7.508461597566978e-08,7.50848934627102e-08,7.508517094552464e-08,7.508544842481132e-08,7.508572590018688e-08,7.508600337170105e-08,7.508628083955056e-08,7.50865583034407e-08,7.508683576379033e-08,7.508711322007555e-08,7.50873906726105e-08,7.508766812135244e-08,7.508794556613094e-08,7.508822300727808e-08,7.508850044457264e-08,7.508877787812643e-08,7.508905530787304e-08,7.50893327338232e-08,7.508961015531354e-08,7.508988757323781e-08,7.50901649877772e-08,7.509044239847579e-08,7.509071980465257e-08,7.509099720777919e-08,7.509127460660276e-08,7.509155200200302e-08,7.509182939370945e-08,7.509210678162333e-08,7.509238416567746e-08,7.509266154699198e-08,7.509293892350055e-08,7.509321629624804e-08,7.509349366518929e-08,7.509377103029031e-08,7.509404839173138e-08,7.509432574919524e-08,7.509460310209365e-08,7.509488045138906e-08,7.509515779744752e-08,7.50954351397086e-08,7.509571247781245e-08,7.509598981237768e-08,7.509626714331901e-08,7.509654447045316e-08,7.509682179368859e-08,7.509709911316278e-08,7.509737642884287e-08,7.509765374064728e-08,7.509793104873388e-08,7.50982083535713e-08,7.509848565406701e-08,7.509876295073286e-08,7.509904024361777e-08,7.509931753227091e-08,7.509959481771773e-08,7.509987209913105e-08,7.510014937680483e-08,7.510042665066238e-08,7.510070392068236e-08,7.510098118662177e-08,7.510125844858389e-08,7.510153570814431e-08,7.510181296307577e-08,7.510209021413197e-08,7.510236746042905e-08,7.510264470385959e-08,7.510292194358085e-08,7.510319917943447e-08,7.510347641037571e-08,7.510375363860773e-08,7.510403086317788e-08,7.510430808382922e-08,7.510458530078402e-08,7.51048625136881e-08,7.51051397229554e-08,7.510541692840765e-08,7.510569413017311e-08,7.51059713282338e-08,7.510624852232325e-08,7.510652571257965e-08,7.510680289900467e-08,7.510708008060998e-08,7.510735725948732e-08,7.510763443419423e-08,7.510791160568909e-08,7.51081887733618e-08,7.510846593702438e-08,7.510874309690745e-08,7.510902025296959e-08,7.510929740534453e-08,7.510957455584637e-08,7.510985170052461e-08,7.511012884138253e-08,7.511040597867702e-08,7.511068311196826e-08,7.51109602416753e-08,7.511123736744553e-08,7.511151448917145e-08,7.511179160676858e-08,7.511206871990111e-08,7.511234583038471e-08,7.511262293697417e-08,7.511290003986391e-08,7.511317713898807e-08,7.511345423427017e-08,7.511373132598822e-08,7.511400841365879e-08,7.511428549753479e-08,7.511456257754038e-08,7.51148396538123e-08,7.51151167260881e-08,7.51153937947845e-08,7.511567085978792e-08,7.51159479210846e-08,7.511622497766768e-08,7.511650203120157e-08,7.511677908061569e-08,7.511705612651197e-08,7.511733316862491e-08,7.511761020691837e-08,7.511788724141179e-08,7.511816427174876e-08,7.511844129839002e-08,7.511871832015852e-08,7.511899533868662e-08,7.511927235419563e-08,7.511954936600649e-08,7.511982637331235e-08,7.512010337742248e-08,7.512038037796274e-08,7.512065737474797e-08,7.512093436710691e-08,7.512121135603458e-08,7.512148834039622e-08,7.512176532174377e-08,7.512204229900482e-08,7.512231927275837e-08,7.512259624269849e-08,7.51228732094709e-08,7.512315017183972e-08,7.512342713038154e-08,7.512370408477252e-08,7.51239810357229e-08,7.51242579831184e-08,7.512453492657961e-08,7.512481186456672e-08,7.512508880054333e-08,7.512536573180675e-08,7.512564265997106e-08,7.512591958371856e-08,7.512619650427989e-08,7.512647342099377e-08,7.5126750333908e-08,7.512702724308868e-08,7.512730414845887e-08,7.512758105155794e-08,7.512785794923472e-08,7.512813484321837e-08,7.512841173151742e-08,7.512868861762465e-08,7.51289654998811e-08,7.512924237867533e-08,7.512951925395645e-08,7.512979612462741e-08,7.513007299200356e-08,7.513034985566815e-08,7.513062671551961e-08,7.513090357157731e-08,7.513118042377544e-08,7.513145727219911e-08,7.51317341168238e-08,7.51320109575567e-08,7.513228779460595e-08,7.513256462785471e-08,7.513284145755045e-08,7.51331182832073e-08,7.513339510505787e-08,7.513367192304595e-08,7.513394873731717e-08,7.513422554790826e-08,7.513450235433811e-08,7.513477915691375e-08,7.513505595688407e-08,7.513533275213568e-08,7.513560954363688e-08,7.513588633136335e-08,7.513616311568349e-08,7.513643989572909e-08,7.513671667208382e-08,7.513699344460404e-08,7.513727021253868e-08,7.513754697741235e-08,7.513782373849922e-08,7.513810049581374e-08,7.513837724936139e-08,7.513865399911202e-08,7.51389307452705e-08,7.513920748762151e-08,7.513948422606616e-08,7.51397609606314e-08,7.514003769141338e-08,7.514031441864773e-08,7.51405911418347e-08,7.51408678612275e-08,7.514114457680156e-08,7.51414212896676e-08,7.514169799645887e-08,7.514197470085576e-08,7.514225140126843e-08,7.514252809788159e-08,7.51428047908747e-08,7.514308147972192e-08,7.514335816494788e-08,7.514363484639396e-08,7.514391152404909e-08,7.514418819793018e-08,7.51444648681581e-08,7.514474153451942e-08,7.514501819688574e-08,7.514529485556889e-08,7.514557151038171e-08,7.514584816146922e-08,7.514612480880286e-08,7.514640145240176e-08,7.51466780920201e-08,7.514695472798191e-08,7.51472313601029e-08,7.514750798855032e-08,7.514778461299783e-08,7.514806123371463e-08,7.514833785065012e-08,7.514861446377984e-08,7.514889107318291e-08,7.514916767764244e-08,7.514944427940162e-08,7.514972087806242e-08,7.514999747248902e-08,7.515027406287634e-08,7.515055064937345e-08,7.515082723217353e-08,7.515110381117882e-08,7.515138038609986e-08,7.51516569577357e-08,7.515193352535737e-08,7.515221009008973e-08,7.515248665048135e-08,7.515276320674107e-08,7.515303975921392e-08,7.515331630809306e-08,7.51535928529957e-08,7.515386939378481e-08,7.51541459310903e-08,7.515442246350636e-08,7.515469899320533e-08,7.515497551910425e-08,7.515525204104038e-08,7.515552855947534e-08,7.515580507377381e-08,7.515608158452729e-08,7.515635809147682e-08,7.515663459462097e-08,7.515691109395729e-08,7.515718758950352e-08,7.515746408128172e-08,7.515774056822148e-08,7.515801705256027e-08,7.515829353287877e-08,7.515857000948263e-08,7.515884648230752e-08,7.515912295126983e-08,7.51593994166127e-08,7.515967587804176e-08,7.515995233567845e-08,7.516022878955477e-08,7.516050523961016e-08,7.516078168590912e-08,7.516105812842578e-08,7.516133456712047e-08,7.516161100202805e-08,7.5161887433308e-08,7.516216386060983e-08,7.516244028437551e-08,7.516271670411019e-08,7.516299311913445e-08,7.516326953127236e-08,7.516354593963618e-08,7.516382234426627e-08,7.516409874499394e-08,7.516437514192555e-08,7.516465153511638e-08,7.516492792454014e-08,7.516520431042017e-08,7.516548069177106e-08,7.516575706983176e-08,7.516603344327362e-08,7.51663098137642e-08,7.516658618011876e-08,7.5166862542997e-08,7.516713890162898e-08,7.516741525667422e-08,7.516769160816801e-08,7.516796795546925e-08,7.516824429975032e-08,7.516852063987321e-08,7.516879697630222e-08,7.51690733088296e-08,7.516934963757518e-08,7.51696259624271e-08,7.516990228375897e-08,7.51701786011069e-08,7.5170454914671e-08,7.517073122461265e-08,7.517100753063147e-08,7.517128383281695e-08,7.517156013105112e-08,7.517183642599376e-08,7.517211271641941e-08,7.517238900273143e-08,7.51726652861358e-08,7.517294156552006e-08,7.517321784141847e-08,7.517349411460971e-08,7.517377038271706e-08,7.517404664722786e-08,7.517432290768895e-08,7.517459916368103e-08,7.517487541754273e-08,7.517515166670267e-08,7.51754279120736e-08,7.517570415364088e-08,7.517598039180715e-08,7.517625662576565e-08,7.517653285595015e-08,7.517680908234917e-08,7.517708530497832e-08,7.517736152398846e-08,7.517763773889722e-08,7.517791395032987e-08,7.517819015774385e-08,7.517846636146685e-08,7.517874256144865e-08,7.517901875863742e-08,7.517929495147507e-08,7.517957113993987e-08,7.517984732480062e-08,7.518012350513407e-08,7.518039968227392e-08,7.518067585380129e-08,7.518095202343821e-08,7.51812281887836e-08,7.51815043509416e-08,7.518178050927454e-08,7.518205666365563e-08,7.518233281463141e-08,7.518260896148342e-08,7.518288510458775e-08,7.518316124387145e-08,7.51834373794101e-08,7.518371351127528e-08,7.518398964028423e-08,7.518426576438094e-08,7.518454188469644e-08,7.518481800123182e-08,7.518509411401744e-08,7.518537022297688e-08,7.518564632796477e-08,7.518592242869728e-08,7.518619852630449e-08,7.518647462015531e-08,7.518675071019664e-08,7.518702679657858e-08,7.518730287904637e-08,7.518757895762683e-08,7.518785503250713e-08,7.518813110361285e-08,7.51884071709512e-08,7.518868323441575e-08,7.518895929637984e-08,7.518923535218065e-08,7.518951140429638e-08,7.518978745266987e-08,7.51900634971907e-08,7.51903395379598e-08,7.51906155749767e-08,7.519089160830377e-08,7.519116763743586e-08,7.519144366305558e-08,7.519171968491579e-08,7.519199570297591e-08,7.51922717176974e-08,7.519254772819011e-08,7.519282373541197e-08,7.519309973836397e-08,7.51933757380495e-08,7.519365173363646e-08,7.519392772524221e-08,7.519420371297201e-08,7.519447969691324e-08,7.51947556786204e-08,7.51950316552687e-08,7.519530762784931e-08,7.519558359659268e-08,7.519585956126546e-08,7.519613552232452e-08,7.519641147986013e-08,7.519668743351142e-08,7.519696338331759e-08,7.519723932937993e-08,7.519751527165283e-08,7.519779121215946e-08,7.519806714694533e-08,7.519834307788989e-08,7.519861900502664e-08,7.519889492841347e-08,7.519917084801983e-08,7.519944676383825e-08,7.519972267514123e-08,7.519999858341078e-08,7.520027448749642e-08,7.520055038821211e-08,7.520082628727667e-08,7.520110218034905e-08,7.520137806952429e-08,7.520165395421724e-08,7.520192983596828e-08,7.520220571376685e-08,7.520248158795941e-08,7.520275745840508e-08,7.520303332488366e-08,7.520330918787999e-08,7.520358504710058e-08,7.52038609024933e-08,7.520413675430032e-08,7.520441260160265e-08,7.520468844564623e-08,7.520496428495197e-08,7.52052401211546e-08,7.520551595335788e-08,7.52057917821136e-08,7.520606760698701e-08,7.520634342819194e-08,7.520661924571263e-08,7.520689505897167e-08,7.520717086919187e-08,7.520744667628002e-08,7.520772247846092e-08,7.520799827721682e-08,7.520827407187171e-08,7.520854986275813e-08,7.520882564988776e-08,7.520910143289792e-08,7.520937721384077e-08,7.520965298963353e-08,7.520992876132106e-08,7.521020453034756e-08,7.521048029477789e-08,7.521075605542604e-08,7.52110318116427e-08,7.521130756468425e-08,7.521158331397682e-08,7.521185905950278e-08,7.521213480127774e-08,7.521241053892394e-08,7.521268627318713e-08,7.52129620037059e-08,7.521323773027075e-08,7.521351345310067e-08,7.52137891720819e-08,7.521406488726202e-08,7.521434059863731e-08,7.521461630634955e-08,7.52148920102391e-08,7.521516771056093e-08,7.521544340690483e-08,7.521571909934308e-08,7.521599478807226e-08,7.521627047298341e-08,7.521654615378895e-08,7.521682183118805e-08,7.52170975040073e-08,7.521737317374408e-08,7.521764883997536e-08,7.521792450224187e-08,7.521820016074503e-08,7.521847581550354e-08,7.521875146638099e-08,7.521902711351872e-08,7.521930275671792e-08,7.521957839627376e-08,7.521985403206133e-08,7.522012966495191e-08,7.522040529301828e-08,7.52206809165592e-08,7.52209565371944e-08,7.522123215407482e-08,7.522150776729114e-08,7.522178337664959e-08,7.522205898212216e-08,7.522233458358724e-08,7.522261018095253e-08,7.522288577512392e-08,7.522316136552383e-08,7.522343695216451e-08,7.522371253500938e-08,7.522398811398067e-08,7.522426368924298e-08,7.522453926029002e-08,7.52248148279894e-08,7.522509039178879e-08,7.522536595208905e-08,7.522564150817383e-08,7.522591706031606e-08,7.522619260924425e-08,7.522646815348808e-08,7.522674369482213e-08,7.522701923227519e-08,7.522729476594889e-08,7.522757029557668e-08,7.52278458204876e-08,7.522812134279797e-08,7.522839686095282e-08,7.52286723752134e-08,7.522894788619743e-08,7.522922339355993e-08,7.522949889677784e-08,7.522977439631314e-08,7.523004989131961e-08,7.523032538283181e-08,7.523060087111597e-08,7.523087635568562e-08,7.523115183638892e-08,7.523142731333344e-08,7.523170278636903e-08,7.523197825575337e-08,7.523225372135547e-08,7.52325291831088e-08,7.523280464114883e-08,7.523308009541275e-08,7.523335554602339e-08,7.523363099259138e-08,7.523390643545661e-08,7.523418187552435e-08,7.52344573103901e-08,7.523473274195212e-08,7.523500817070378e-08,7.52352835946037e-08,7.52355590147855e-08,7.523583443123501e-08,7.523610984388209e-08,7.523638525249054e-08,7.523666065758835e-08,7.523693605893395e-08,7.523721145647047e-08,7.523748685022838e-08,7.523776223920014e-08,7.523803762543161e-08,7.523831300786365e-08,7.523858838628316e-08,7.523886376114596e-08,7.523913913198686e-08,7.523941449933468e-08,7.523968986280606e-08,7.523996522259276e-08,7.524024057822744e-08,7.524051593028067e-08,7.5240791278683e-08,7.524106662333413e-08,7.524134196383989e-08,7.524161730082729e-08,7.524189263398656e-08,7.524216796332602e-08,7.524244328857833e-08,7.524271861053616e-08,7.524299392883307e-08,7.524326924324177e-08,7.52435445536722e-08,7.52438198605279e-08,7.524409516370931e-08,7.524437046300351e-08,7.52446457584774e-08,7.524492104887296e-08,7.524519633672976e-08,7.524547162109481e-08,7.524574690146596e-08,7.524602217725628e-08,7.524629744982807e-08,7.524657272012869e-08,7.524684798521676e-08,7.524712324662233e-08,7.524739850441081e-08,7.524767375829263e-08,7.524794900822167e-08,7.524822425468905e-08,7.524849949734234e-08,7.524877473618177e-08,7.52490499712063e-08,7.524932520242019e-08,7.5249600429828e-08,7.524987565389605e-08,7.525015087558588e-08,7.525042609187666e-08,7.525070130440252e-08,7.525097651300943e-08,7.525125171779682e-08,7.52515269187203e-08,7.525180211598409e-08,7.525207730946082e-08,7.525235249915952e-08,7.525262768508212e-08,7.5252902867211e-08,7.525317804555733e-08,7.525345322022992e-08,7.525372839296541e-08,7.525400355973667e-08,7.525427872474224e-08,7.525455388439948e-08,7.525482904036065e-08,7.525510419243751e-08,7.52553793405828e-08,7.52556544848813e-08,7.525592962541039e-08,7.525620476199715e-08,7.5256479896347e-08,7.52567550255349e-08,7.52570301512695e-08,7.525730527297667e-08,7.525758039090017e-08,7.525785550351166e-08,7.525813061374997e-08,7.525840572011277e-08,7.525868082293147e-08,7.525895592208771e-08,7.525923101729356e-08,7.525950610895187e-08,7.525978119662353e-08,7.526005628054507e-08,7.526033136069546e-08,7.526060643714775e-08,7.526088150977937e-08,7.526115657880963e-08,7.526143164393647e-08,7.526170670518767e-08,7.526198176268255e-08,7.526225681653382e-08,7.52625318665041e-08,7.52628069123151e-08,7.526308195470255e-08,7.526335699326527e-08,7.526363202803763e-08,7.526390705922155e-08,7.526418208591514e-08,7.526445710908574e-08,7.526473212885665e-08,7.52650071448334e-08,7.526528215700426e-08,7.52655571652704e-08,7.526583216990535e-08,7.526610717215211e-08,7.526638216965154e-08,7.526665716285844e-08,7.526693215261538e-08,7.526720713775471e-08,7.526748211972735e-08,7.526775709919652e-08,7.526803207346373e-08,7.526830704411302e-08,7.526858201097591e-08,7.526885697394686e-08,7.526913193338605e-08,7.526940688893494e-08,7.526968184054929e-08,7.526995678867725e-08,7.527023173289496e-08,7.527050667334324e-08,7.527078161046713e-08,7.527105654298849e-08,7.52713314720645e-08,7.527160639764395e-08,7.527188131936717e-08,7.527215623671965e-08,7.527243115083645e-08,7.527270606158192e-08,7.527298096767405e-08,7.52732558703573e-08,7.527353076927709e-08,7.527380566346852e-08,7.527408055507562e-08,7.527435544266265e-08,7.527463032648366e-08,7.527490520599024e-08,7.52751800824717e-08,7.527545495437023e-08,7.527572982309993e-08,7.527600468805956e-08,7.527627954921987e-08,7.527655440669475e-08,7.527682926026193e-08,7.527710411043522e-08,7.527737895652654e-08,7.527765379883106e-08,7.527792863734519e-08,7.52782034719692e-08,7.52784783029552e-08,7.527875313023149e-08,7.527902795377482e-08,7.527930277352185e-08,7.527957758938667e-08,7.527985240148271e-08,7.528012720983173e-08,7.528040201440233e-08,7.528067681482686e-08,7.528095161203974e-08,7.52812264049696e-08,7.528150119495194e-08,7.528177598036278e-08,7.528205076231672e-08,7.528232554047922e-08,7.52826003148429e-08,7.528287508551628e-08,7.52831498523295e-08,7.528342461555449e-08,7.528369937482919e-08,7.528397413038594e-08,7.52842488820327e-08,7.528452362998428e-08,7.528479837417235e-08,7.52850731145859e-08,7.528534785123325e-08,7.528562258410681e-08,7.528589731324705e-08,7.52861720401666e-08,7.528644676157475e-08,7.52867214796577e-08,7.528699619365835e-08,7.5287270903906e-08,7.528754561037226e-08,7.528782031322834e-08,7.528809501186519e-08,7.528836970697774e-08,7.528864439835527e-08,7.528891908595965e-08,7.528919377024392e-08,7.528946845053444e-08,7.528974312681261e-08,7.529001779935998e-08,7.52902924677736e-08,7.529056713271989e-08,7.529084179385507e-08,7.529111645143335e-08,7.529139110496194e-08,7.529166575483746e-08,7.529194040089466e-08,7.529221504323019e-08,7.529248968203274e-08,7.529276431682009e-08,7.529303894794112e-08,7.529331357525886e-08,7.529358819808503e-08,7.52938628177758e-08,7.529413743371744e-08,7.529441204620383e-08,7.529468665461615e-08,7.529496125916416e-08,7.529523585998741e-08,7.52955104569427e-08,7.529578505046924e-08,7.529605964190263e-08,7.529633422758741e-08,7.529660880957971e-08,7.529688338783896e-08,7.529715796243924e-08,7.52974325331117e-08,7.529770710007239e-08,7.529798166310878e-08,7.529825622220406e-08,7.529853077779616e-08,7.529880532988516e-08,7.529907987793222e-08,7.529935442240202e-08,7.529962896192584e-08,7.529990349864938e-08,7.530017803165475e-08,7.530045256181038e-08,7.53007270872381e-08,7.530100160801467e-08,7.530127612599287e-08,7.530155064016458e-08,7.530182515050704e-08,7.530209965704025e-08,7.530237415976462e-08,7.530264865846073e-08,7.530292315359048e-08,7.530319764516294e-08,7.530347213302541e-08,7.530374661636845e-08,7.53040210966202e-08,7.530429557326692e-08,7.530457004540278e-08,7.530484451415576e-08,7.530511897924758e-08,7.530539344058107e-08,7.530566789814122e-08,7.530594235163275e-08,7.530621680162351e-08,7.530649124788036e-08,7.530676569033677e-08,7.530704012868582e-08,7.53073145638935e-08,7.530758899311417e-08,7.53078634203491e-08,7.530813784397995e-08,7.530841226392653e-08,7.530868668002092e-08,7.530896109239701e-08,7.530923550037403e-08,7.530950990512622e-08,7.530978430614147e-08,7.531005870336408e-08,7.53103330971127e-08,7.531060748693021e-08,7.531088187286842e-08,7.531115625506083e-08,7.531143063343725e-08,7.531170500808609e-08,7.53119793789384e-08,7.531225374600087e-08,7.53125281089093e-08,7.531280246863743e-08,7.531307682441245e-08,7.531335117655774e-08,7.531362552482493e-08,7.531389986927274e-08,7.531417420999248e-08,7.531444854691843e-08,7.531472288009667e-08,7.531499720957108e-08,7.53152715351652e-08,7.531554585702823e-08,7.531582017513606e-08,7.531609448947986e-08,7.531636880007806e-08,7.531664310609679e-08,7.531691740912549e-08,7.531719170839598e-08,7.5317466004072e-08,7.53177402958894e-08,7.531801458383494e-08,7.531828886762415e-08,7.531856314753195e-08,7.531883742418926e-08,7.531911169712072e-08,7.531938596619648e-08,7.531966023149727e-08,7.531993449332016e-08,7.532020875025745e-08,7.53204830042479e-08,7.532075725476742e-08,7.53210315013128e-08,7.532130574405801e-08,7.532157998305725e-08,7.5321854218288e-08,7.532212844874456e-08,7.532240267537438e-08,7.532267689920308e-08,7.532295111930766e-08,7.532322533502002e-08,7.53234995467625e-08,7.532377375753446e-08,7.532404796261376e-08,7.532432216391796e-08,7.53245963626668e-08,7.532487055651152e-08,7.532514474675154e-08,7.53254189331505e-08,7.53256931163269e-08,7.532596729459273e-08,7.532624146952694e-08,7.532651564076392e-08,7.532678980815841e-08,7.53270639718146e-08,7.532733813166013e-08,7.532761228776963e-08,7.532788644013597e-08,7.532816058871585e-08,7.532843473341404e-08,7.532870887422055e-08,7.532898301148319e-08,7.53292571449823e-08,7.532953127475616e-08,7.532980540075042e-08,7.533007952297877e-08,7.533035364141473e-08,7.533062775625558e-08,7.533090186710705e-08,7.533117597424842e-08,7.533145007738071e-08,7.533172417698568e-08,7.533199827275195e-08,7.53322723649127e-08,7.53325464529364e-08,7.533282053754251e-08,7.533309461800428e-08,7.533336869499552e-08,7.533364276824007e-08,7.533391683772348e-08,7.533419090344604e-08,7.533446496596795e-08,7.533473902393854e-08,7.533501307876918e-08,7.533528712878101e-08,7.533556117578707e-08,7.533583521878729e-08,7.533610925828227e-08,7.533638329382275e-08,7.533665732533123e-08,7.533693135337126e-08,7.533720537787483e-08,7.533747939866695e-08,7.533775341461907e-08,7.533802742763278e-08,7.533830143687434e-08,7.533857544233873e-08,7.533884944376292e-08,7.533912344173934e-08,7.53393974352306e-08,7.53396714256317e-08,7.533994541238228e-08,7.534021939541083e-08,7.534049337501039e-08,7.534076735059097e-08,7.534104132215665e-08,7.534131528992875e-08,7.534158925388728e-08,7.53418632142237e-08,7.534213717073702e-08,7.534241112278871e-08,7.534268507179615e-08,7.534295901724535e-08,7.534323295888597e-08,7.534350689672019e-08,7.534378083006236e-08,7.534405476025024e-08,7.53443286867165e-08,7.534460260865059e-08,7.534487652754451e-08,7.534515044236708e-08,7.53454243536727e-08,7.534569826170787e-08,7.534597216514204e-08,7.534624606532602e-08,7.534651996174905e-08,7.534679385414932e-08,7.534706774293385e-08,7.534734162813786e-08,7.534761550950916e-08,7.534788938690357e-08,7.534816326138491e-08,7.534843713135376e-08,7.534871099709603e-08,7.534898485956533e-08,7.534925871822501e-08,7.534953257409792e-08,7.534980642521998e-08,7.535008027281938e-08,7.535035411639282e-08,7.535062795494256e-08,7.535090179127572e-08,7.535117562360175e-08,7.535144945228565e-08,7.535172327708532e-08,7.53519970980459e-08,7.535227091517303e-08,7.535254472877223e-08,7.535281853848362e-08,7.535309234448252e-08,7.53533661466436e-08,7.535363994501035e-08,7.535391373965214e-08,7.535418753059567e-08,7.535446131806698e-08,7.535473510201096e-08,7.535500888176404e-08,7.535528265774902e-08,7.535555642986775e-08,7.535583019826207e-08,7.535610396284801e-08,7.535637772369244e-08,7.535665148076049e-08,7.535692523408482e-08,7.535719898340543e-08,7.535747272934036e-08,7.535774647142029e-08,7.535802020987719e-08,7.535829394438284e-08,7.535856767523685e-08,7.535884140253634e-08,7.53591151257019e-08,7.535938884516332e-08,7.535966256077734e-08,7.535993627271678e-08,7.536020998094279e-08,7.536048368489143e-08,7.536075738552362e-08,7.536103108265147e-08,7.53613047756547e-08,7.536157846504011e-08,7.536185215067504e-08,7.536212583256405e-08,7.536239951068483e-08,7.536267318502256e-08,7.536294685552703e-08,7.536322052205976e-08,7.53634941850537e-08,7.536376784457739e-08,7.536404150001526e-08,7.536431515173218e-08,7.536458879962286e-08,7.536486244338242e-08,7.536513608385687e-08,7.536540972056624e-08,7.536568335330065e-08,7.53659569826427e-08,7.536623060827286e-08,7.53665042299306e-08,7.536677784778697e-08,7.536705146197683e-08,7.536732507235221e-08,7.53675986789897e-08,7.536787228170221e-08,7.536814588098865e-08,7.536841947557045e-08,7.536869306731997e-08,7.53689666535566e-08,7.536924023858737e-08,7.536951381888816e-08,7.536978739555957e-08,7.537006096858786e-08,7.53703345371978e-08,7.537060810230316e-08,7.537088166380856e-08,7.537115522088908e-08,7.537142877489905e-08,7.537170232467626e-08,7.537197587119002e-08,7.537224941391142e-08,7.537252295284286e-08,7.537279648779362e-08,7.537307001937719e-08,7.537334354702516e-08,7.537361707093473e-08,7.537389059108093e-08,7.537416410750034e-08,7.537443762029572e-08,7.537471112871353e-08,7.537498463373688e-08,7.537525813506144e-08,7.537553163288366e-08,7.537580512695226e-08,7.537607861763021e-08,7.53763521041131e-08,7.537662558768667e-08,7.537689906648598e-08,7.537717254149705e-08,7.537744601268631e-08,7.537771947970626e-08,7.537799294345756e-08,7.537826640339249e-08,7.537853985960449e-08,7.537881331249666e-08,7.53790867611433e-08,7.537936020623084e-08,7.537963364737838e-08,7.537990708480492e-08,7.538018051781213e-08,7.538045394771404e-08,7.538072737405847e-08,7.538100079737194e-08,7.538127421605083e-08,7.538154763087655e-08,7.538182104231899e-08,7.538209444973355e-08,7.538236785338645e-08,7.538264125290959e-08,7.538291464903626e-08,7.538318804102191e-08,7.53834614301109e-08,7.538373481505793e-08,7.538400819715934e-08,7.53842815745846e-08,7.538455494837303e-08,7.538482831803962e-08,7.538510168378887e-08,7.538537504753025e-08,7.538564840608334e-08,7.53859217609617e-08,7.538619511196607e-08,7.538646845926148e-08,7.538674180271805e-08,7.5387015142415e-08,7.538728847857604e-08,7.538756181064704e-08,7.538783513901838e-08,7.538810846376942e-08,7.538838178464904e-08,7.538865510184063e-08,7.538892841527693e-08,7.538920172496379e-08,7.538947503021233e-08,7.538974833235103e-08,7.539002163068691e-08,7.539029492533787e-08,7.539056821648382e-08,7.539084150363775e-08,7.539111478692955e-08,7.539138806631342e-08,7.539166134211452e-08,7.539193461519148e-08,7.539220788396145e-08,7.539248114720354e-08,7.539275440813968e-08,7.539302766574614e-08,7.539330091907509e-08,7.539357416871745e-08,7.539384741456885e-08,7.539412065662408e-08,7.539439389460552e-08,7.539466712916885e-08,7.539494035965619e-08,7.539521358681832e-08,7.539548681008813e-08,7.539576002964814e-08,7.539603324540633e-08,7.539630645740741e-08,7.539657966555937e-08,7.539685287029421e-08,7.539712607120787e-08,7.539739926834205e-08,7.539767246175239e-08,7.539794565123916e-08,7.539821883711961e-08,7.539849201908751e-08,7.539876519748805e-08,7.53990383719304e-08,7.53993115422174e-08,7.539958470926452e-08,7.539985787274221e-08,7.540013103182424e-08,7.540040418751672e-08,7.540067733929361e-08,7.540095048745177e-08,7.54012236315557e-08,7.540149677191547e-08,7.54017699087775e-08,7.540204304190026e-08,7.54023161712631e-08,7.54025892978598e-08,7.540286241989159e-08,7.540313553798177e-08,7.5403408652567e-08,7.540368176288744e-08,7.540395486973459e-08,7.540422797282708e-08,7.540450107174903e-08,7.540477416740416e-08,7.540504725917028e-08,7.540532034733501e-08,7.540559343165527e-08,7.540586651237408e-08,7.540613958924012e-08,7.540641266229535e-08,7.540668573180574e-08,7.540695879735113e-08,7.540723185922012e-08,7.540750491727373e-08,7.540777797109978e-08,7.540805102181435e-08,7.540832406859808e-08,7.540859711163373e-08,7.540887015088411e-08,7.540914318642663e-08,7.540941621825126e-08,7.540968924648632e-08,7.540996227031468e-08,7.541023529199911e-08,7.541050830888413e-08,7.541078132185297e-08,7.541105433104906e-08,7.541132733662246e-08,7.541160033832343e-08,7.541187333602728e-08,7.541214632915769e-08,7.541241931979052e-08,7.541269230658319e-08,7.54129652895405e-08,7.541323826873383e-08,7.541351124409426e-08,7.541378421594259e-08,7.541405718383958e-08,7.541433014805364e-08,7.541460310840197e-08,7.541487606507469e-08,7.541514901811208e-08,7.541542196726453e-08,7.541569491268866e-08,7.54159678542086e-08,7.541624079186612e-08,7.541651372602636e-08,7.54167866566032e-08,7.541705958325919e-08,7.54173325061732e-08,7.541760542532214e-08,7.54178783402024e-08,7.541815125191623e-08,7.541842415982099e-08,7.541869706408049e-08,7.541896996447199e-08,7.541924286102956e-08,7.541951575381669e-08,7.541978864239885e-08,7.542006152775435e-08,7.542033440931195e-08,7.54206072871168e-08,7.542088016127677e-08,7.54211530313075e-08,7.542142589792779e-08,7.542169876077207e-08,7.542197161999282e-08,7.542224447534239e-08,7.542251732696464e-08,7.542279017442642e-08,7.542306301848348e-08,7.542333585882982e-08,7.542360869558185e-08,7.542388152937628e-08,7.542415435846376e-08,7.54244271838998e-08,7.542470000494638e-08,7.542497282276412e-08,7.542524563658416e-08,7.542551844678537e-08,7.542579125341627e-08,7.542606405574726e-08,7.542633685428779e-08,7.542660964856581e-08,7.54268824401429e-08,7.542715522796117e-08,7.54274280120586e-08,7.542770079269516e-08,7.542797356927217e-08,7.542824634179637e-08,7.542851911110642e-08,7.542879187642147e-08,7.542906463822109e-08,7.542933739526293e-08,7.542961015051553e-08,7.542988290075055e-08,7.543015564735749e-08,7.54304283903586e-08,7.543070112961046e-08,7.543097386472252e-08,7.543124659637003e-08,7.543151932385889e-08,7.543179204743548e-08,7.543206476771005e-08,7.543233748400492e-08,7.543261019645047e-08,7.543288290550556e-08,7.54331556108162e-08,7.543342831245974e-08,7.543370100991373e-08,7.543397370397422e-08,7.543424639415984e-08,7.543451908070034e-08,7.543479176300848e-08,7.543506444208552e-08,7.543533711689419e-08,7.543560978841521e-08,7.54358824561454e-08,7.543615512024498e-08,7.543642778042078e-08,7.54367004370554e-08,7.543697308986143e-08,7.54372457406548e-08,7.54375183859517e-08,7.543779102751003e-08,7.543806366510706e-08,7.543833629909077e-08,7.543860892955582e-08,7.543888155610812e-08,7.543915417835432e-08,7.543942679660934e-08,7.543969941192432e-08,7.543997202341454e-08,7.54402446312265e-08,7.544051723541322e-08,7.544078983570393e-08,7.544106243222997e-08,7.544133502506716e-08,7.544160761414698e-08,7.544188019946424e-08,7.544215278102726e-08,7.544242535881116e-08,7.544269793288209e-08,7.544297050323008e-08,7.544324306975785e-08,7.544351563256264e-08,7.544378819161188e-08,7.544406074693737e-08,7.544433329850848e-08,7.544460584650712e-08,7.544487839057457e-08,7.54451509309281e-08,7.544542346724162e-08,7.544569600006186e-08,7.544596852890496e-08,7.544624105415945e-08,7.54465135758911e-08,7.544678609335324e-08,7.544705860751343e-08,7.544733111708927e-08,7.544760362359788e-08,7.54478761264536e-08,7.544814862554856e-08,7.54484211209037e-08,7.544869361259255e-08,7.544896610283896e-08,7.544923858682998e-08,7.544951106684366e-08,7.54497835434915e-08,7.545005601635403e-08,7.545032848574043e-08,7.545060095006835e-08,7.545087341167933e-08,7.545114586945968e-08,7.545141832357715e-08,7.545169077413808e-08,7.545196322046113e-08,7.545223566302909e-08,7.545250810204514e-08,7.545278053753299e-08,7.545305296917097e-08,7.545332539703171e-08,7.54535978211649e-08,7.545387024149639e-08,7.545414265832459e-08,7.545441507094415e-08,7.545468748005906e-08,7.545495988590971e-08,7.545523228755074e-08,7.545550468546307e-08,7.545577707976813e-08,7.545604947016589e-08,7.545632185679235e-08,7.545659423928732e-08,7.545686661825917e-08,7.545713899391204e-08,7.54574113655168e-08,7.545768373316004e-08,7.545795609736538e-08,7.545822845776382e-08,7.545850081450348e-08,7.545877316768393e-08,7.545904551687977e-08,7.545931786244482e-08,7.545959020414768e-08,7.545986254207351e-08,7.546013487627228e-08,7.546040720693676e-08,7.546067953387492e-08,7.546095185708766e-08,7.546122417635142e-08,7.54614964918989e-08,7.546176880366025e-08,7.5462041111751e-08,7.546231341597718e-08,7.546258571647569e-08,7.546285801210894e-08,7.546313030510799e-08,7.546340259448342e-08,7.546367487965867e-08,7.546394716140095e-08,7.546421943940482e-08,7.546449171357528e-08,7.546476398437012e-08,7.546503625106332e-08,7.546530851409389e-08,7.546558077340053e-08,7.546585302888116e-08,7.546612528089431e-08,7.546639752868224e-08,7.54666697729949e-08,7.546694201375273e-08,7.54672142505772e-08,7.54674864836113e-08,7.546775871310245e-08,7.546803093869012e-08,7.546830316048443e-08,7.546857537856782e-08,7.546884759290064e-08,7.546911980356652e-08,7.546939201032568e-08,7.546966421352308e-08,7.546993641287202e-08,7.547020860859681e-08,7.547048080025421e-08,7.547075298831198e-08,7.54710251725744e-08,7.547129735314546e-08,7.547156952992732e-08,7.547184170303542e-08,7.547211387397891e-08,7.54723860394452e-08,7.547265820224646e-08,7.547293036037403e-08,7.547320251477215e-08,7.54734746655958e-08,7.547374681255198e-08,7.547401895575359e-08,7.547429109527039e-08,7.547456323100007e-08,7.547483536285657e-08,7.54751074910894e-08,7.547537961555886e-08,7.547565173633118e-08,7.547592385321948e-08,7.547619596645602e-08,7.547646807609541e-08,7.547674018185263e-08,7.547701228385761e-08,7.547728438213666e-08,7.547755647665871e-08,7.547782856744546e-08,7.547810065446283e-08,7.547837273776328e-08,7.547864481735067e-08,7.5478916893085e-08,7.547918896515506e-08,7.547946103336663e-08,7.547973309806438e-08,7.548000515889186e-08,7.548027721597605e-08,7.548054926929306e-08,7.548082131886654e-08,7.548109336467777e-08,7.54813654067856e-08,7.548163744508817e-08,7.548190947980739e-08,7.548218150975101e-08,7.548245353707441e-08,7.548272556044734e-08,7.54829975795912e-08,7.54832695955066e-08,7.548354160772124e-08,7.548381361616623e-08,7.548408562058056e-08,7.548435762153852e-08,7.548462961876077e-08,7.548490161221087e-08,7.548517360194464e-08,7.54854455877487e-08,7.548571756956606e-08,7.548598954769626e-08,7.548626152258023e-08,7.54865334944733e-08,7.548680546177751e-08,7.54870774252555e-08,7.548734938508314e-08,7.548762134128979e-08,7.548789329358779e-08,7.548816524182162e-08,7.548843718662591e-08,7.548870912771576e-08,7.548898106503113e-08,7.54892529988924e-08,7.548952492874597e-08,7.54897968551264e-08,7.549006877799073e-08,7.549034069680267e-08,7.549061261218457e-08,7.549088452308992e-08,7.549115643055061e-08,7.549142833443426e-08,7.549170023344682e-08,7.549197212948986e-08,7.549224402186728e-08,7.549251591051085e-08,7.549278779544567e-08,7.549305967635488e-08,7.549333155381685e-08,7.549360342753585e-08,7.549387529760116e-08,7.549414716378226e-08,7.549441902621927e-08,7.549469088388246e-08,7.549496273867391e-08,7.549523458991306e-08,7.549550643726294e-08,7.549577828104192e-08,7.549605012119403e-08,7.549632195749642e-08,7.549659379015272e-08,7.54968656187551e-08,7.549713744387074e-08,7.549740926520139e-08,7.549768108302187e-08,7.549795289571748e-08,7.549822470594964e-08,7.549849651247066e-08,7.549876831511895e-08,7.549904011431927e-08,7.5499311909468e-08,7.549958370088777e-08,7.549985548858528e-08,7.550012727251541e-08,7.550039905239334e-08,7.550067082887046e-08,7.550094260144984e-08,7.550121437055163e-08,7.55014861356408e-08,7.550175789758149e-08,7.550202965543413e-08,7.550230140944546e-08,7.550257315970127e-08,7.550284490620549e-08,7.550311664899656e-08,7.550338838810794e-08,7.550366012345324e-08,7.550393185504767e-08,7.550420358290908e-08,7.550447530695262e-08,7.550474702718443e-08,7.550501874378679e-08,7.550529045665479e-08,7.550556216589899e-08,7.550583387045676e-08,7.550610557223592e-08,7.550637727012265e-08,7.550664896433827e-08,7.550692065472738e-08,7.550719234142253e-08,7.550746402375011e-08,7.55077357030521e-08,7.550800737853676e-08,7.550827905027678e-08,7.550855071828043e-08,7.550882238253337e-08,7.550909404297745e-08,7.550936569952398e-08,7.550963735280997e-08,7.550990900211533e-08,7.55101806476882e-08,7.55104522895188e-08,7.551072392759736e-08,7.551099556193159e-08,7.551126719247962e-08,7.551153881932061e-08,7.551181044270469e-08,7.551208206204845e-08,7.551235367739585e-08,7.551262528878872e-08,7.551289689712598e-08,7.551316850160892e-08,7.551344010231464e-08,7.551371169925218e-08,7.551398329245507e-08,7.55142548819924e-08,7.551452646777838e-08,7.551479804941654e-08,7.551506962773971e-08,7.551534120230122e-08,7.551561277316738e-08,7.551588433995257e-08,7.55161559032796e-08,7.551642746286454e-08,7.551669901864458e-08,7.551697057077498e-08,7.551724211880178e-08,7.551751366357234e-08,7.55177852058434e-08,7.55180567429249e-08,7.551832827681852e-08,7.551859980645956e-08,7.551887133238334e-08,7.551914285458948e-08,7.551941437338512e-08,7.551968588822117e-08,7.551995739911575e-08,7.55202289063981e-08,7.552050041004824e-08,7.552077190972298e-08,7.552104340580246e-08,7.552131489804358e-08,7.552158638672997e-08,7.552185787156991e-08,7.552212935251159e-08,7.552240082988154e-08,7.552267230350458e-08,7.552294377332726e-08,7.552321524002716e-08,7.552348670247147e-08,7.552375816129731e-08,7.552402961620426e-08,7.552430106768345e-08,7.552457251531049e-08,7.552484395904794e-08,7.552511539896201e-08,7.552538683526022e-08,7.55256582677903e-08,7.552592969659833e-08,7.552620112126551e-08,7.552647254242385e-08,7.552674395975164e-08,7.552701537358675e-08,7.55272867846932e-08,7.552755819106687e-08,7.552782959366295e-08,7.552810099267189e-08,7.552837238653051e-08,7.552864377792961e-08,7.552891516544549e-08,7.552918654945006e-08,7.552945792973569e-08,7.552972930649401e-08,7.553000067923345e-08,7.553027204804954e-08,7.55305434134044e-08,7.553081477498357e-08,7.553108613279651e-08,7.553135748678657e-08,7.55316288371169e-08,7.553190018379392e-08,7.553217152664041e-08,7.553244286569347e-08,7.553271420067328e-08,7.553298553231144e-08,7.553325686025212e-08,7.553352818450227e-08,7.553379950498732e-08,7.553407082111565e-08,7.553434213385518e-08,7.553461344283361e-08,7.553488474837171e-08,7.553515604966012e-08,7.553542734756644e-08,7.553569864185425e-08,7.553596993253298e-08,7.553624121942884e-08,7.553651250300664e-08,7.553678378236807e-08,7.553705505803114e-08,7.553732632989121e-08,7.553759759808972e-08,7.553786886253204e-08,7.553814012322936e-08,7.553841138018029e-08,7.553868263341486e-08,7.553895388304809e-08,7.55392251288037e-08,7.553949637081976e-08,7.553976760911693e-08,7.554003884374129e-08,7.554031007457512e-08,7.554058130163307e-08,7.55408525250088e-08,7.554112374466128e-08,7.554139496052264e-08,7.554166617264528e-08,7.554193738102281e-08,7.554220858563427e-08,7.554247978700315e-08,7.554275098426114e-08,7.554302217759232e-08,7.554329336691998e-08,7.554356455293323e-08,7.55438357351979e-08,7.554410691374859e-08,7.55443780885842e-08,7.554464925967667e-08,7.554492042738115e-08,7.55451915911793e-08,7.554546275105437e-08,7.55457339071926e-08,7.554600505962927e-08,7.554627620833803e-08,7.554654735327634e-08,7.554681849453042e-08,7.554708963217731e-08,7.554736076512154e-08,7.554763189512746e-08,7.554790302135855e-08,7.554817414423728e-08,7.554844526304134e-08,7.55487163781149e-08,7.554898748968714e-08,7.554925859729747e-08,7.554952970150644e-08,7.55498008017584e-08,7.555007189851103e-08,7.555034299137822e-08,7.555061408031852e-08,7.555088516586724e-08,7.55511562473185e-08,7.555142732485148e-08,7.555169839895934e-08,7.555196946917713e-08,7.555224053527699e-08,7.555251159808679e-08,7.555278265715138e-08,7.555305371227032e-08,7.555332476391542e-08,7.555359581180784e-08,7.555386685598632e-08,7.555413789631652e-08,7.555440893316323e-08,7.555467996658637e-08,7.55549509958011e-08,7.555522202130029e-08,7.555549304305607e-08,7.555576406112618e-08,7.555603507542644e-08,7.555630608593875e-08,7.555657709280278e-08,7.555684809620836e-08,7.55571190961303e-08,7.555739009177096e-08,7.555766108369249e-08,7.555793207164976e-08,7.555820305610143e-08,7.555847403674468e-08,7.55587450137382e-08,7.555901598697615e-08,7.555928695651148e-08,7.555955792311033e-08,7.555982888518139e-08,7.556009984335807e-08,7.556037079766943e-08,7.556064174857963e-08,7.556091269541426e-08,7.556118363872556e-08,7.556145457840979e-08,7.556172551439339e-08,7.55619964466124e-08,7.556226737511552e-08,7.556253829986454e-08,7.55628092208521e-08,7.556308013823616e-08,7.556335105181204e-08,7.55636219616383e-08,7.556389286772924e-08,7.556416377009441e-08,7.55644346681442e-08,7.556470556290677e-08,7.556497645416941e-08,7.556524734160824e-08,7.556551822535104e-08,7.556578910550094e-08,7.556605998168933e-08,7.556633085440712e-08,7.556660172333609e-08,7.556687258939562e-08,7.556714345038057e-08,7.556741430797207e-08,7.556768516183802e-08,7.556795601199121e-08,7.556822685837975e-08,7.556849770093021e-08,7.556876853989095e-08,7.556903937527493e-08,7.556931020710659e-08,7.55695810347214e-08,7.556985186003508e-08,7.557012268033836e-08,7.557039349691587e-08,7.557066430977183e-08,7.557093511893606e-08,7.55712059248655e-08,7.557147672649399e-08,7.557174752449504e-08,7.557201831870288e-08,7.557228910918484e-08,7.557255989592244e-08,7.55728306789618e-08,7.557310145827168e-08,7.557337223335182e-08,7.557364300503519e-08,7.557391377312763e-08,7.557418453749064e-08,7.557445529790486e-08,7.557472605485958e-08,7.557499680805573e-08,7.557526755778236e-08,7.557553830352542e-08,7.557580904545643e-08,7.557607978364187e-08,7.557635051822541e-08,7.557662124904104e-08,7.557689197617849e-08,7.557716269957946e-08,7.557743341916706e-08,7.557770413520757e-08,7.557797484807678e-08,7.557824555654797e-08,7.557851626017957e-08,7.557878696115543e-08,7.557905765837334e-08,7.55793283519364e-08,7.557959904027236e-08,7.55798697262616e-08,7.558014040869837e-08,7.558041108748029e-08,7.558068176237283e-08,7.558095243351437e-08,7.558122310094914e-08,7.558149376462554e-08,7.558176442462638e-08,7.558203508055879e-08,7.558230573328275e-08,7.558257638209288e-08,7.558284702711744e-08,7.558311766846636e-08,7.558338830607831e-08,7.558365893997321e-08,7.558392957022256e-08,7.558420019664073e-08,7.558447081933904e-08,7.558474143756365e-08,7.558501205275156e-08,7.55852826652639e-08,7.558555327308545e-08,7.55858238771394e-08,7.558609447748475e-08,7.558636507410524e-08,7.558663566698537e-08,7.558690625626912e-08,7.558717684170706e-08,7.55874474233982e-08,7.558771800145222e-08,7.558798857572567e-08,7.558825914623279e-08,7.558852971326458e-08,7.55888002763528e-08,7.558907083555259e-08,7.558934139118064e-08,7.558961194307744e-08,7.558988249124566e-08,7.559015303567891e-08,7.559042357640956e-08,7.559069411336601e-08,7.559096464665217e-08,7.559123517582352e-08,7.559150570135604e-08,7.559177622347126e-08,7.559204674194868e-08,7.559231725658373e-08,7.559258776745145e-08,7.559285827446394e-08,7.559312877790861e-08,7.559339927763506e-08,7.559366977363357e-08,7.559394026590624e-08,7.559421075608387e-08,7.559448124106703e-08,7.559475172213175e-08,7.559502219947807e-08,7.559529267314366e-08,7.559556314304699e-08,7.55958336092212e-08,7.559610407167747e-08,7.559637453046307e-08,7.559664498539123e-08,7.559691543643743e-08,7.559718588398982e-08,7.559745632782095e-08,7.559772676792102e-08,7.559799720422241e-08,7.559826763596763e-08,7.559853806475455e-08,7.559880849006282e-08,7.559907891155688e-08,7.559934932923663e-08,7.559961974325988e-08,7.559989015379608e-08,7.560016056043055e-08,7.560043096331843e-08,7.560070136244695e-08,7.560097175784898e-08,7.560124214951603e-08,7.560151253723725e-08,7.56017829214999e-08,7.560205330226568e-08,7.560232367905481e-08,7.560259405206013e-08,7.560286442173745e-08,7.56031347874347e-08,7.560340514945458e-08,7.560367550757253e-08,7.560394586200107e-08,7.560421621234021e-08,7.560448655933394e-08,7.560475690256203e-08,7.560502724215014e-08,7.56052975782495e-08,7.560556791033304e-08,7.56058382387184e-08,7.560610856328038e-08,7.560637888405198e-08,7.560664920122031e-08,7.560691951447273e-08,7.560718982426055e-08,7.560746013025801e-08,7.560773043273723e-08,7.560800073133386e-08,7.56082710266912e-08,7.560854131784774e-08,7.56088116052609e-08,7.560908188894413e-08,7.560935216889345e-08,7.560962244515191e-08,7.56098927172293e-08,7.561016298598666e-08,7.561043325102869e-08,7.561070351246717e-08,7.561097377009814e-08,7.561124402368602e-08,7.561151427387026e-08,7.561178451992015e-08,7.56120547626536e-08,7.561232500157867e-08,7.561259523685735e-08,7.561286546855134e-08,7.561313569639522e-08,7.561340592036605e-08,7.561367614074712e-08,7.561394635740629e-08,7.561421657034138e-08,7.56144867796943e-08,7.561475698512471e-08,7.561502718689872e-08,7.561529738480582e-08,7.56155675786708e-08,7.561583776926869e-08,7.561610795584587e-08,7.561637813848916e-08,7.561664831835796e-08,7.561691849230237e-08,7.561718866371928e-08,7.561745883191309e-08,7.561772899646016e-08,7.561799915730238e-08,7.561826931448297e-08,7.561853946697999e-08,7.561880961663169e-08,7.561907976267342e-08,7.56193499049423e-08,7.561962004345525e-08,7.561989017830419e-08,7.562016030934281e-08,7.562043043671417e-08,7.562070056021934e-08,7.562097068011908e-08,7.562124079614252e-08,7.56215109085425e-08,7.562178101688764e-08,7.562205112187487e-08,7.562232122315442e-08,7.56225913206099e-08,7.562286141444214e-08,7.56231315045572e-08,7.562340159091419e-08,7.562367167361629e-08,7.562394175297564e-08,7.562421182815335e-08,7.562448189965257e-08,7.562475196826675e-08,7.562502203227492e-08,7.562529209260833e-08,7.562556214932744e-08,7.562583220210458e-08,7.562610225094903e-08,7.562637229630588e-08,7.562664233803857e-08,7.562691237604334e-08,7.56271824103445e-08,7.562745244092064e-08,7.562772246761084e-08,7.562799249074503e-08,7.562826251016414e-08,7.562853252586657e-08,7.5628802537826e-08,7.562907254709726e-08,7.562934255161392e-08,7.56296125521523e-08,7.56298825492537e-08,7.56301525422174e-08,7.563042253185374e-08,7.563069251776325e-08,7.563096249996143e-08,7.563123247858642e-08,7.563150245358835e-08,7.563177242462321e-08,7.56320423919225e-08,7.563231235548441e-08,7.563258231534714e-08,7.563285227125844e-08,7.563312222300159e-08,7.563339217175517e-08,7.563366211661415e-08,7.563393205814257e-08,7.563420199571607e-08,7.563447192953293e-08,7.563474185965328e-08,7.56350117862324e-08,7.563528170915589e-08,7.563555162813278e-08,7.563582154336478e-08,7.563609145486503e-08,7.563636136268833e-08,7.563663126678656e-08,7.56369011671677e-08,7.563717106380177e-08,7.563744095744021e-08,7.563771084663575e-08,7.563798073227042e-08,7.563825061406907e-08,7.56385204920109e-08,7.563879036621628e-08,7.563906023678124e-08,7.5639330103521e-08,7.563959996669492e-08,7.563986982641931e-08,7.564013968215209e-08,7.564040953422258e-08,7.564067938252182e-08,7.564094922714302e-08,7.564121906789715e-08,7.564148890503662e-08,7.564175873844051e-08,7.564202856795071e-08,7.564229839392921e-08,7.564256821616101e-08,7.564283803470714e-08,7.564310784960114e-08,7.564337766066807e-08,7.564364746795978e-08,7.56439172717851e-08,7.564418707207013e-08,7.56444568683198e-08,7.564472666082088e-08,7.564499644874548e-08,7.564526623378545e-08,7.564553601514339e-08,7.56458057924559e-08,7.564607556626014e-08,7.564634533645548e-08,7.564661510286553e-08,7.564688486572393e-08,7.564715462476034e-08,7.564742437927649e-08,7.564769413083046e-08,7.56479638787635e-08,7.564823362437149e-08,7.564850336483455e-08,7.564877310157445e-08,7.564904283451083e-08,7.564931256381431e-08,7.56495822894138e-08,7.564985201149075e-08,7.565012172964595e-08,7.565039144408556e-08,7.565066115483915e-08,7.565093086138197e-08,7.565120056465792e-08,7.565147026422461e-08,7.565173996004198e-08,7.565200965223048e-08,7.565227934067247e-08,7.565254902538883e-08,7.565281870636084e-08,7.565308838362577e-08,7.565335805719829e-08,7.565362772716535e-08,7.565389739320677e-08,7.565416705526425e-08,7.565443671382659e-08,7.565470636879435e-08,7.565497602010826e-08,7.565524566745262e-08,7.56555153109561e-08,7.565578495102728e-08,7.565605458741917e-08,7.565632422010085e-08,7.565659384918708e-08,7.565686347414367e-08,7.565713309557719e-08,7.565740271411965e-08,7.56576723283434e-08,7.565794193857305e-08,7.565821154519835e-08,7.56584811480406e-08,7.565875074700521e-08,7.565902034253611e-08,7.565928993431549e-08,7.56595595224641e-08,7.565982910681678e-08,7.566009868748921e-08,7.566036826417117e-08,7.566063783734911e-08,7.566090740683211e-08,7.566117697253624e-08,7.566144653458364e-08,7.566171609293403e-08,7.56619856483911e-08,7.566225519960324e-08,7.566252474680379e-08,7.566279429025978e-08,7.566306382999715e-08,7.566333336611622e-08,7.566360289803896e-08,7.566387242671923e-08,7.566414195163113e-08,7.566441147163156e-08,7.566468098906085e-08,7.56649505028304e-08,7.566522001296936e-08,7.566548951917443e-08,7.566575902129324e-08,7.566602852049052e-08,7.566629801536819e-08,7.566656750685476e-08,7.566683699451576e-08,7.566710647852486e-08,7.566737595877399e-08,7.566764543538971e-08,7.566791490834864e-08,7.566818437756895e-08,7.566845384292209e-08,7.56687233046157e-08,7.56689927626586e-08,7.566926221763012e-08,7.566953166818876e-08,7.566980111508442e-08,7.567007055828645e-08,7.567033999777713e-08,7.567060943354887e-08,7.567087886559309e-08,7.567114829478439e-08,7.567141771928867e-08,7.56716871401378e-08,7.567195655738752e-08,7.567222597084633e-08,7.567249538064514e-08,7.567276478657881e-08,7.567303418891031e-08,7.56733035875084e-08,7.567357298237656e-08,7.567384237356256e-08,7.567411176102455e-08,7.567438114482845e-08,7.567465052487162e-08,7.567491990119066e-08,7.567518927378226e-08,7.567545864267613e-08,7.567572800798384e-08,7.567599736914205e-08,7.567626672686221e-08,7.56765360810121e-08,7.567680543134896e-08,7.567707477797463e-08,7.567734412092506e-08,7.567761346018883e-08,7.567788279565722e-08,7.567815212741727e-08,7.567842145547698e-08,7.567869077981213e-08,7.567896010038923e-08,7.567922941729828e-08,7.56794987304897e-08,7.567976803943353e-08,7.568003734522907e-08,7.568030664728185e-08,7.568057594594817e-08,7.568084524040875e-08,7.568111453126656e-08,7.568138381849954e-08,7.568165310198941e-08,7.568192238191334e-08,7.568219165800821e-08,7.568246093039042e-08,7.568273019906839e-08,7.568299946400847e-08,7.568326872527176e-08,7.568353798282991e-08,7.568380723673792e-08,7.568407648683255e-08,7.568434573313026e-08,7.568461497580519e-08,7.568488421480436e-08,7.568515345045907e-08,7.568542268199706e-08,7.568569190985973e-08,7.568596113397675e-08,7.56862303543885e-08,7.568649957109557e-08,7.568676878398373e-08,7.568703799324846e-08,7.568730719879015e-08,7.568757640061798e-08,7.568784559875411e-08,7.568811479318903e-08,7.568838398388563e-08,7.568865317098269e-08,7.568892235386047e-08,7.568919153319774e-08,7.568946070907691e-08,7.568972988124923e-08,7.568999904968921e-08,7.569026821443857e-08,7.569053737549186e-08,7.569080653276207e-08,7.569107568648155e-08,7.569134483555338e-08,7.569161398156783e-08,7.569188312404103e-08,7.569215226280219e-08,7.569242139801371e-08,7.569269052944157e-08,7.56929596570394e-08,7.569322878181503e-08,7.569349790208787e-08,7.569376701858548e-08,7.56940361309532e-08,7.569430524002824e-08,7.569457434496235e-08,7.569484344666452e-08,7.569511254433315e-08,7.569538163854179e-08,7.56956507290398e-08,7.569591981584571e-08,7.569618889884931e-08,7.569645797821643e-08,7.569672705390207e-08,7.56969961260981e-08,7.56972651943344e-08,7.569753425866349e-08,7.569780331953591e-08,7.569807237664227e-08,7.569834143004686e-08,7.569861047976503e-08,7.56988795257405e-08,7.569914856801131e-08,7.56994176066463e-08,7.569968664142084e-08,7.569995567252253e-08,7.57002246999832e-08,7.570049372372657e-08,7.570076274375354e-08,7.570103176003358e-08,7.57013007726225e-08,7.570156978153044e-08,7.570183878640875e-08,7.570210778798066e-08,7.570237678576958e-08,7.570264577962083e-08,7.570291476988446e-08,7.570318375643487e-08,7.57034527393707e-08,7.570372171860815e-08,7.5703990694214e-08,7.570425966599632e-08,7.570452863398233e-08,7.570479759836724e-08,7.570506655858684e-08,7.570533551519453e-08,7.570560446838136e-08,7.570587341764777e-08,7.570614236349734e-08,7.570641130565766e-08,7.570668024421333e-08,7.570694917917024e-08,7.57072181101856e-08,7.570748703761935e-08,7.570775596230748e-08,7.57080248821713e-08,7.57082937983622e-08,7.570856271084649e-08,7.570883161961319e-08,7.570910052465517e-08,7.570936942599825e-08,7.570963832372751e-08,7.570990721764205e-08,7.571017610761817e-08,7.57104449941053e-08,7.571071387690027e-08,7.571098275625464e-08,7.571125163157009e-08,7.571152050322549e-08,7.571178937117541e-08,7.571205823529089e-08,7.5712327095824e-08,7.571259595265847e-08,7.571286480580241e-08,7.571313365523825e-08,7.571340250084334e-08,7.571367134287205e-08,7.57139401811837e-08,7.571420901596321e-08,7.571447784683499e-08,7.571474667376702e-08,7.571501549723374e-08,7.571528431629381e-08,7.571555313232862e-08,7.571582194472103e-08,7.571609075312642e-08,7.571635955806572e-08,7.571662835928672e-08,7.57168971566639e-08,7.571716595049391e-08,7.571743473956572e-08,7.57177035259763e-08,7.571797230826882e-08,7.57182410873156e-08,7.571850986230055e-08,7.571877863400073e-08,7.571904740185918e-08,7.57193161660871e-08,7.571958492624786e-08,7.571985368283339e-08,7.572012243587401e-08,7.572039118522416e-08,7.572065993062647e-08,7.572092867253787e-08,7.57211974107463e-08,7.572146614520863e-08,7.572173487548147e-08,7.572200360255935e-08,7.572227232663553e-08,7.57225410462327e-08,7.57228097623719e-08,7.572307847477609e-08,7.572334718265938e-08,7.572361588750847e-08,7.572388458867378e-08,7.57241532860606e-08,7.572442197980694e-08,7.572469066879875e-08,7.572495935511266e-08,7.572522803926582e-08,7.572549671820568e-08,7.572576539341162e-08,7.572603406496081e-08,7.572630273226133e-08,7.572657139637278e-08,7.572684005674089e-08,7.572710871340579e-08,7.572737736631278e-08,7.572764601557662e-08,7.572791466106465e-08,7.572818330292609e-08,7.572845194091418e-08,7.572872057545503e-08,7.57289892061584e-08,7.572925783319258e-08,7.572952645547778e-08,7.572979507513967e-08,7.573006369101847e-08,7.57303323032391e-08,7.573060091175211e-08,7.573086951633603e-08,7.57311381174681e-08,7.57314067148493e-08,7.573167530843325e-08,7.573194389849775e-08,7.57322124847685e-08,7.57324810673091e-08,7.573274964604915e-08,7.573301822119164e-08,7.573328679267168e-08,7.57335553603684e-08,7.573382392441603e-08,7.573409248488009e-08,7.573436104128635e-08,7.573462959422117e-08,7.57348981434931e-08,7.57351666890615e-08,7.573543523096459e-08,7.573570376892867e-08,7.573597230348166e-08,7.573624083417178e-08,7.573650936120924e-08,7.573677788449328e-08,7.573704640369564e-08,7.573731491960186e-08,7.573758343180212e-08,7.573785194059684e-08,7.573812044527741e-08,7.573838894752679e-08,7.573865744459644e-08,7.573892593824006e-08,7.573919442822253e-08,7.573946291451477e-08,7.573973139709702e-08,7.573999987594291e-08,7.574026835114747e-08,7.57405368228263e-08,7.574080529011004e-08,7.574107375416111e-08,7.574134221452085e-08,7.574161067120669e-08,7.574187912425792e-08,7.574214757347546e-08,7.574241601902304e-08,7.574268446085446e-08,7.574295289886853e-08,7.57432213336755e-08,7.574348976427175e-08,7.574375819127125e-08,7.574402661638535e-08,7.574429503600419e-08,7.574456345193526e-08,7.574483186413392e-08,7.574510027258402e-08,7.574536867706093e-08,7.574563707814771e-08,7.574590547555035e-08,7.574617386923849e-08,7.574644225924311e-08,7.574671064553031e-08,7.574697902814e-08,7.57472474069786e-08,7.57475157817531e-08,7.574778415357329e-08,7.574805252131036e-08,7.574832088538777e-08,7.574858924592529e-08,7.574885760256711e-08,7.574912595549912e-08,7.574939430521636e-08,7.574966265078092e-08,7.574993099274033e-08,7.575019933094602e-08,7.575046766539618e-08,7.575073599535615e-08,7.575100432253166e-08,7.57512726460003e-08,7.575154096564003e-08,7.575180928155904e-08,7.575207759378558e-08,7.575234590235178e-08,7.575261420717658e-08,7.57528825079799e-08,7.575315080568863e-08,7.57534190996613e-08,7.575368738964746e-08,7.575395567595086e-08,7.575422395847591e-08,7.575449223703865e-08,7.57547605122061e-08,7.575502878363652e-08,7.575529705145724e-08,7.575556531557939e-08,7.57558335758409e-08,7.575610183290518e-08,7.575637008591955e-08,7.575663833523487e-08,7.575690658072356e-08,7.575717482259834e-08,7.575744306084469e-08,7.575771129544236e-08,7.57579795257892e-08,7.575824775261502e-08,7.575851597605459e-08
16,0.0,0.0,0.0,0.0,0.0,0.0,0.0,0.0,0.0,0.0,0.0,0.0,0.0,0.0,0.0,0.0,0.0,0.0,0.0,0.0,0.0,0.0,0.0,0.0,0.0,0.0,0.0,0.0,0.0,0.0,0.0,0.0,0.0,0.0,0.0,0.0,0.0,0.0,0.0,0.0,0.0,0.0,0.0,0.0,0.0,0.0,0.0,0.0,0.0,0.0,0.0,0.0,0.0,0.0,0.0,0.0,0.0,0.0,0.0,0.0,0.0,0.0,0.0,0.0,0.0,0.0,0.0,0.0,0.0,0.0,0.0,0.0,0.0,0.0,0.0,0.0,0.0,0.0,0.0,0.0,0.0,0.0,0.0,0.0,0.0,0.0,0.0,0.0,0.0,0.0,0.0,0.0,0.0,0.0,0.0,0.0,0.0,0.0,0.0,0.0,0.0,0.0,0.0,0.0,0.0,0.0,0.0,0.0,0.0,0.0,0.0,0.0,0.0,0.0,0.0,0.0,0.0,0.0,0.0,0.0,0.0,0.0,0.0,0.0,0.0,0.0,0.0,0.0,0.0,0.0,0.0,0.0,0.0,0.0,0.0,0.0,0.0,0.0,0.0,0.0,0.0,0.0,0.0,0.0,0.0,0.0,0.0,0.0,0.0,0.0,0.0,0.0,0.0,0.0,0.0,0.0,0.0,0.0,0.0,0.0,0.0,0.0,0.0,0.0,0.0,0.0,0.0,0.0,0.0,0.0,0.0,0.0,0.0,0.0,0.0,0.0,0.0,0.0,0.0,0.0,0.0,0.0,0.0,0.0,0.0,0.0,0.0,0.0,0.0,0.0,0.0,0.0,0.0,0.0,0.0,0.0,0.0,0.0,0.0,0.0,0.0,0.0,0.0,0.0,0.0,0.0,0.0,0.0,0.0,0.0,0.0,0.0,0.0,0.0,0.0,0.0,0.0,0.0,0.0,0.0,0.0,0.0,0.0,0.0,0.0,0.0,0.0,0.0,0.0,0.0,0.0,0.0,0.0,0.0,0.0,0.0,0.0,0.0,0.0,0.0,0.0,0.0,0.0,0.0,0.0,0.0,0.0,0.0,0.0,0.0,0.0,0.0,0.0,0.0,0.0,0.0,0.0,0.0,0.0,0.0,0.0,0.0,0.0,0.0,0.0,0.0,0.0,0.0,0.0,0.0,0.0,0.0,0.0,0.0,0.0,0.0,0.0,0.0,0.0,0.0,0.0,0.0,0.0,0.0,0.0,0.0,0.0,0.0,0.0,0.0,0.0,0.0,0.0,0.0,0.0,0.0,0.0,0.0,0.0,0.0,0.0,0.0,0.0,0.0,0.0,0.0,0.0,0.0,0.0,0.0,0.0,0.0,0.0,0.0,0.0,0.0,0.0,0.0,0.0,0.0,0.0,0.0,0.0,0.0,0.0,0.0,0.0,0.0,0.0,0.0,0.0,0.0,0.0,0.0,0.0,0.0,0.0,0.0,0.0,0.0,0.0,0.0,0.0,0.0,0.0,0.0,0.0,0.0,0.0,0.0,0.0,0.0,0.0,0.0,0.0,0.0,0.0,0.0,0.0,0.0,0.0,0.0,0.0,0.0,0.0,0.0,0.0,0.0,0.0,0.0,0.0,0.0,0.0,0.0,0.0,0.0,0.0,0.0,0.0,0.0,0.0,0.0,0.0,0.0,0.0,0.0,0.0,0.0,0.0,0.0,0.0,0.0,0.0,0.0,0.0,0.0,0.0,0.0,0.0,0.0,0.0,0.0,0.0,0.0,0.0,0.0,0.0,0.0,0.0,0.0,0.0,0.0,0.0,0.0,0.0,0.0,0.0,0.0,0.0,0.0,0.0,0.0,0.0,0.0,0.0,0.0,0.0,0.0,0.0,0.0,0.0,0.0,0.0,0.0,0.0,0.0,0.0,0.0,0.0,0.0,0.0,0.0,0.0,0.0,0.0,0.0,0.0,0.0,0.0,0.0,0.0,0.0,0.0,0.0,0.0,0.0,0.0,0.0,0.0,0.0,0.0,0.0,0.0,0.0,0.0,0.0,0.0,0.0,0.0,0.0,0.0,0.0,0.0,0.0,0.0,0.0,0.0,0.0,0.0,0.0,0.0,0.0,0.0,0.0,0.0,0.0,0.0,0.0,0.0,0.0,0.0,0.0,0.0,0.0,0.0,0.0,0.0,0.0,0.0,0.0,0.0,0.0,0.0,0.0,0.0,0.0,0.0,0.0,0.0,0.0,0.0,0.0,0.0,0.0,0.0,0.0,0.0,0.0,0.0,0.0,0.0,0.0,0.0,0.0,0.0,0.0,0.0,0.0,0.0,0.0,0.0,0.0,0.0,0.0,0.0,0.0,0.0,0.0,0.0,0.0,0.0,0.0,0.0,0.0,0.0,0.0,0.0,0.0,0.0,0.0,0.0,0.0,0.0,0.0,0.0,0.0,0.0,0.0,0.0,0.0,0.0,0.0,0.0,0.0,0.0,0.0,0.0,0.0,0.0,0.0,0.0,0.0,0.0,0.0,0.0,0.0,0.0,0.0,0.0,0.0,0.0,0.0,0.0,0.0,0.0,0.0,0.0,0.0,0.0,0.0,0.0,0.0,0.0,0.0,0.0,0.0,0.0,0.0,0.0,0.0,0.0,0.0,0.0,0.0,0.0,0.0,0.0,0.0,0.0,0.0,0.0,0.0,0.0,0.0,0.0,0.0,0.0,0.0,0.0,0.0,0.0,0.0,0.0,0.0,0.0,0.0,0.0,0.0,0.0,0.0,0.0,0.0,0.0,0.0,0.0,0.0,0.0,0.0,0.0,0.0,0.0,0.0,0.0,0.0,0.0,0.0,0.0,0.0,0.0,0.0,0.0,0.0,0.0,0.0,0.0,0.0,0.0,0.0,0.0,0.0,0.0,0.0,0.0,0.0,0.0,0.0,0.0,0.0,0.0,0.0,0.0,0.0,0.0,0.0,0.0,0.0,0.0,0.0,0.0,0.0,0.0,0.0,0.0,0.0,0.0,0.0,0.0,0.0,0.0,0.0,0.0,0.0,0.0,0.0,0.0,0.0,0.0,0.0,0.0,0.0,0.0,0.0,0.0,0.0,0.0,0.0,0.0,0.0,0.0,0.0,0.0,0.0,0.0,0.0,0.0,0.0,0.0,0.0,0.0,0.0,0.0,0.0,0.0,0.0,0.0,0.0,0.0,0.0,0.0,0.0,0.0,0.0,0.0,0.0,0.0,0.0,0.0,0.0,0.0,0.0,0.0,0.0,0.0,0.0,0.0,0.0,0.0,0.0,0.0,0.0,0.0,0.0,0.0,0.0,0.0,0.0,0.0,0.0,0.0,0.0,0.0,0.0,0.0,0.0,0.0,0.0,0.0,0.0,0.0,0.0,0.0,0.0,0.0,0.0,0.0,0.0,0.0,0.0,0.0,0.0,0.0,0.0,0.0,0.0,0.0,0.0,0.0,0.0,0.0,0.0,0.0,0.0,0.0,0.0,0.0,0.0,0.0,0.0,0.0,0.0,0.0,0.0,0.0,0.0,0.0,0.0,0.0,0.0,0.0,0.0,0.0,0.0,0.0,0.0,0.0,0.0,0.0,0.0,0.0,0.0,0.0,0.0,0.0,0.0,0.0,0.0,0.0,0.0,0.0,0.0,0.0,0.0,0.0,0.0,0.0,0.0,0.0,0.0,0.0,0.0,0.0,0.0,0.0,0.0,0.0,0.0,0.0,0.0,0.0,0.0,0.0,0.0,0.0,0.0,0.0,0.0,0.0,0.0,0.0,0.0,0.0,0.0,0.0,0.0,0.0,0.0,0.0,0.0,0.0,0.0,0.0,0.0,0.0,0.0,0.0,0.0,0.0,0.0,0.0,0.0,0.0,0.0,0.0,0.0,0.0,0.0,0.0,0.0,0.0,0.0,0.0,0.0,0.0,0.0,0.0,0.0,0.0,0.0,0.0,0.0,0.0,0.0,0.0,0.0,0.0,0.0,0.0,0.0,0.0,0.0,0.0,0.0,0.0,0.0,0.0,0.0,0.0,0.0,0.0,0.0,0.0,0.0,0.0,0.0,0.0,0.0,0.0,0.0,0.0,0.0,0.0,0.0,0.0,0.0,0.0,0.0,0.0,0.0,0.0,0.0,0.0,0.0,0.0,0.0,0.0,0.0,0.0,0.0,0.0,0.0,0.0,0.0,0.0,0.0,0.0,0.0,0.0,0.0,0.0,0.0,0.0,0.0,0.0,0.0,0.0,0.0,0.0,0.0,0.0,0.0,0.0,0.0,0.0,0.0,0.0,0.0,0.0,0.0,0.0,0.0,0.0,0.0,0.0,0.0,0.0,0.0,0.0,0.0,0.0,0.0,0.0,0.0,0.0,0.0,0.0,0.0,0.0,0.0,0.0,0.0,7.378723811443196e-26,2.0535559084916351e-25,3.621460245382738e-25,5.170288275202007e-25,6.570217745569704e-25,7.782228213108866e-25,8.812342644408863e-25,9.684817020901917e-25,1.0428573131908218e-24,1.1071076310965538e-24,1.1636033812599869e-24,1.214291789900778e-24,1.2607278516334422e-24,1.3041333512276803e-24,1.3454598704292131e-24,1.3854458290227777e-24,1.4246643479661175e-24,1.4635617762979332e-24,1.502487950888357e-24,1.5417196110318893e-24,1.581478354259891e-24,1.6219443362263313e-24,1.6632669516353515e-24,1.7055715491762037e-24,1.748967775317687e-24,1.7935520894477556e-24,1.839412164606444e-24,1.8866295165551377e-24,1.935281588461897e-24,1.985443386674666e-24,2.037188768132819e-24,2.090591464718854e-24,2.1457259089815522e-24,2.2026679109042706e-24,2.261495222650546e-24,2.3222880249330504e-24,2.385129345789517e-24,2.4501054432639044e-24,2.5173061565399405e-24,2.586825237423996e-24,2.6587606716972847e-24,2.733214996178771e-24,2.810295617595155e-24,2.8901151370011495e-24,2.9727916843054117e-24,3.0584492654033733e-24,3.1472181257777332e-24,3.2392351326830102e-24,3.334644178739742e-24,3.433596609561337e-24,3.536251677211106e-24,3.642777023987373e-24,3.7533491955819314e-24,3.868154191382238e-24,3.9873880495811976e-24,4.1112574738972776e-24,4.239980503600137e-24,4.373787231155703e-24,4.5129205691707115e-24,4.657637076671898e-24,4.8082078399760604e-24,4.9649194217548346e-24,5.128074878883855e-24,5.297994856223465e-24,5.475018762563907e-24,5.6595060358246744e-24,5.8518375044649625e-24,6.0524168544288496e-24,6.261672209743008e-24,6.4800578369751285e-24,6.70805598497882e-24,6.94617887090955e-24,7.194970826518604e-24,7.455010618627931e-24,7.726913959786379e-24,8.011336226876663e-24,8.308975406125944e-24,8.620575286758156e-24,8.946928927035286e-24,9.288882414749092e-24,9.647338957958937e-24,1.0023263330824589e-23,1.0417686712858004e-23,1.0831711960427286e-23,1.1266519353759707e-23,1.1723372864555584e-23,1.220362700486353e-23,1.2708734305539009e-23,1.3240253502565438e-23,1.379985849549319e-23,1.4389348168200446e-23,1.5010657154439726e-23,1.5665867666876038e-23,1.635722249088956e-23,1.7087139270967268e-23,1.7858226260001844e-23,1.867329966559699e-23,1.9535402796615062e-23,2.0447827212334992e-23,2.1414136112247002e-23,2.2438190229386243e-23,2.3524176533264195e-23,2.4676640079733685e-23,2.5900519398072234e-23,2.7201185857877753e-23,2.858448751519395e-23,3.005679801400724e-23,3.162507119627981e-23,3.329690217065959e-23,3.5080595698290226e-23,3.6985242881897304e-23,3.9020807290935345e-23,4.1198221832091496e-23,4.352949786930317e-23,4.602784833740296e-23,4.87078268721076e-23,5.1585485298105804e-23,5.467855220406445e-23,5.800663578358905e-23,6.159145465579633e-23,6.54571010131536e-23,6.963034119929823e-23,7.414095971467086e-23,7.902215372147277e-23,8.431098641191467e-23,9.004890913655686e-23,9.628236406179253e-23,1.0306348136628533e-22,1.1045088771374677e-22,1.1851064605221873e-22,1.2731735082451346e-22,1.3695540761604476e-22,1.475205323402464e-22,1.5912151250815675e-22,1.7188228240017187e-22,1.8594437538868125e-22,2.0146983095992324e-22,2.1864465183744393e-22,2.376829290635887e-22,2.5883178116725576e-22,2.8237728946243075e-22,3.086516571679376e-22,3.380418784757323e-22,3.710002788443943e-22,4.080573849455871e-22,4.498377088929984e-22,4.970791965680369e-22,5.506573068264996e-22,6.11614975779796e-22,6.812001030141738e-22,7.609127101558183e-22,8.525646155552564e-22,9.583554133031308e-22,1.0809698402233927e-21,1.2237034070234388e-21,1.3906256720569008e-21,1.5867940617598704e-21,1.8185361572658896e-21,2.093825578740213e-21,2.4227870805873916e-21,2.818381887989607e-21,3.2973472600031722e-21,3.881498906522298e-21,4.5995579017723e-21,5.489746117978658e-21,6.603524307072416e-21,7.028937994575958e-21,8.583844220843294e-21,1.0558623640252248e-20,1.3115209963489806e-20,1.6478191594239074e-20,2.0971796406324662e-20,2.7078203500279517e-20,3.5532800898105596e-20,4.748668650655974e-20,6.479402275416668e-20,9.053929833646854e-20,1.3004537472339864e-19,1.928924213492807e-19,2.971829275438373e-19,4.791243293927584e-19,8.161643589154672e-19,1.4877820458195802e-18,2.9521254583235125e-18,6.5248399337112076e-18,1.6568943586587885e-17,5.0300989373229796e-17,1.9065157036163027e-16,9.240192796471462e-16,1.4019837987020977e-15,1.4019837990178527e-15,9.735728877747031e-15,6.305702436454151e-14,3.721320757926038e-13,1.8422216867135984e-12,7.306462621717698e-12,2.300501497309381e-11,5.831909320968076e-11,1.2206896609646072e-10,2.1767957482727464e-10,3.4165324675971626e-10,4.8567570896609e-10,6.397803120512162e-10,7.948201353745148e-10,9.437444284295126e-10,1.0818571906516028e-09,1.2064944168476067e-09,1.3165090619554527e-09,1.411784431483848e-09,1.4928545827059566e-09,1.5606351648692562e-09,1.6162421558976828e-09,1.6608734522227622e-09,1.6957333119219506e-09,1.7219854593086145e-09,1.7407252450813675e-09,1.7529644562613495e-09,1.7596245011635734e-09,1.761535095430954e-09,1.7594364991038222e-09,1.7539839709387061e-09,1.7457535233839414e-09,1.73524834788241e-09,1.722905479665832e-09,1.7091024114662852e-09,1.694163465136749e-09,1.678365801097331e-09,1.6619449960180494e-09,1.6451001549546103e-09,1.6279985492101777e-09,1.6107797883750434e-09,1.5935595464656517e-09,1.576432869211969e-09,1.5594770937015492e-09,1.542754413420586e-09,1.526314122044862e-09,1.5101945684940656e-09,1.4944248542963883e-09,1.4790263022702519e-09,1.4640137233063135e-09,1.4493965057290654e-09,1.4351795493264575e-09,1.4213640639089214e-09,1.407948250063411e-09,1.3949278777807866e-09,1.3822967768404532e-09,1.3700472509849012e-09,1.3581704266233705e-09,1.346656545334075e-09,1.3354952081311074e-09,1.324675578609044e-09,1.3141865509629868e-09,1.3040168881248721e-09,1.294155334535981e-09,1.2845907074179386e-09,1.2753119698921054e-09,1.2663082887838218e-09,1.2575690795769175e-09,1.2490840406011095e-09,1.240843178229038e-09,1.232836824611363e-09,1.2250556492444904e-09,1.217490665452617e-09,1.2101332327388725e-09,1.2029750557626923e-09,1.1960081806350417e-09,1.1892249890677166e-09,1.1826181908612034e-09,1.1761808151120945e-09,1.1699062004745636e-09,1.1637879847425588e-09,1.1578200939827717e-09,1.1519967313960396e-09,1.1463123660652757e-09,1.1407617217076814e-09,1.1353397655287961e-09,1.1300416972581375e-09,1.124862938430506e-09,1.1197991219528903e-09,1.1148460819956181e-09,1.109999844235441e-09,1.1052566164547558e-09,1.1006127795395348e-09,1.096064878828805e-09,1.0916096158478487e-09,1.0872438404601835e-09,1.0829645433349595e-09,1.0787688488158037e-09,1.0746540081242198e-09,1.0706173929142023e-09,1.0666564891519312e-09,1.0627688913170097e-09,1.058952296904317e-09,1.0552045012170817e-09,1.0515233924407437e-09,1.0479069469776982e-09,1.044353225034561e-09,1.0408603664502343e-09,1.03742658674379e-09,1.0340501733910082e-09,1.0307294822895373e-09,1.0274629344223217e-09,1.0242490127027814e-09,1.0210862589943931e-09,1.017973271285002e-09,1.0149087010213693e-09,1.0118912505833698e-09,1.0089196709010466e-09,1.0059927591786717e-09,1.0031093567797266e-09,1.0002683471894301e-09,9.974686540912929e-10,9.947092395660456e-10,9.919891023613965e-10,9.893072762644824e-10,9.866628285564439e-10,9.840548585461263e-10,9.814824961808893e-10,9.789449007267982e-10,9.76441259517141e-10,9.739707867635596e-10,9.71532722426146e-10,9.691263311423194e-10,9.667509012060846e-10,9.644057435981067e-10,9.620901910650715e-10,9.59803597240821e-10,9.575453358116582e-10,9.553147997218992e-10,9.531114004153864e-10,9.509345671158597e-10,9.487837461374386e-10,9.466584002283908e-10,9.445580079454442e-10,9.424820630600748e-10,9.404300739858994e-10,9.384015632342823e-10,9.363960668968039e-10,9.344131341472613e-10,9.324523267652156e-10,9.30513218692598e-10,9.285953955837804e-10,9.266984544009076e-10,9.248220030139262e-10,9.229656598198007e-10,9.211290533783966e-10,9.193118220670705e-10,9.175136137369252e-10,9.157340854013207e-10,9.139729029236201e-10,9.122297407239304e-10,9.105042814976423e-10,9.087962159367122e-10,9.071052424747596e-10,9.05431067039609e-10,9.037734028069524e-10,9.021319699683665e-10,9.005064955187957e-10,8.988967130290041e-10,8.973023624496307e-10,8.95723189910573e-10,8.941589475321557e-10,8.926093932381383e-10,8.910742905858827e-10,8.895534085912627e-10,8.880465215651505e-10,8.865534089656309e-10,8.850738552314215e-10,8.836076496442814e-10,8.821545861851555e-10,8.807144634054978e-10,8.792870842810771e-10,8.778722560978935e-10,8.764697903316499e-10,8.750795025148353e-10,8.737012121383052e-10,8.723347425341022e-10,8.709799207706885e-10,8.696365775496086e-10,8.683045471069822e-10,8.669836671165536e-10,8.656737785963611e-10,8.64374725827453e-10,8.630863562522974e-10,8.618085204025419e-10,8.605410718127942e-10,8.592838669453175e-10,8.580367651087548e-10,8.567996283897583e-10,8.555723215811912e-10,8.543547121073823e-10,8.531466699665653e-10,8.519480676580617e-10,8.507587801233547e-10,8.495786846838614e-10,8.484076609826334e-10,8.472455909270463e-10,8.460923586326944e-10,8.449478503703533e-10,8.438119545136133e-10,8.426845614880674e-10,8.415655637217988e-10,8.404548555980643e-10,8.393523334092228e-10,8.38257895310625e-10,8.371714412805488e-10,8.3609287307202e-10,8.35022094174808e-10,8.339590097764735e-10,8.329035267221951e-10,8.318555534779451e-10,8.30815000090569e-10,8.297817781543643e-10,8.287558007783218e-10,8.277369825488522e-10,8.267252394997426e-10,8.25720489073392e-10,8.247226501084176e-10,8.237316427874211e-10,8.22747388609937e-10,8.217698103804994e-10,8.207988321681505e-10,8.198343792802961e-10,8.188763782381348e-10,8.179247567504459e-10,8.16979443689869e-10,8.160403690655213e-10,8.15107464001487e-10,8.141806607136126e-10,8.132598924856939e-10,8.123450936483366e-10,8.114361995570595e-10,8.105331465738561e-10,8.096358720418438e-10,8.087443142690224e-10,8.078584125096184e-10,8.069781069421221e-10,8.061033386516274e-10,8.052340496166824e-10,8.043701826836923e-10,8.035116815559516e-10,8.026584907729271e-10,8.018105556980875e-10,8.009678224995229e-10,8.001302381361021e-10,7.992977503425787e-10,7.984703076121827e-10,7.976478591835523e-10,7.968303550341746e-10,7.96017745852371e-10,7.952099830341068e-10,7.944070186634905e-10,7.936088055069077e-10,7.928152969958388e-10,7.920264472160202e-10,7.912422108939089e-10,7.904625433871797e-10,7.896874006712584e-10,7.889167393297687e-10,7.881505165417622e-10,7.873886900739742e-10,7.866312182671039e-10,7.8587806002727e-10,7.851291748145611e-10,7.84384522637379e-10,7.836440640380214e-10,7.829077600829749e-10,7.821755723608089e-10,7.814474629648154e-10,7.807233944879406e-10,7.800033300150524e-10,7.792872331122583e-10,7.785750678225746e-10,7.778667986518346e-10,7.771623905657167e-10,7.764618089802448e-10,7.757650197547515e-10,7.75071989184857e-10,7.743826839920152e-10,7.736970713197049e-10,7.730151187285602e-10,7.723367941831686e-10,7.716620660505823e-10,7.70990903091014e-10,7.703232744535358e-10,7.696591496683602e-10,7.689984986397603e-10,7.683412916438396e-10,7.676874993185953e-10,7.670370926595374e-10,7.663900430148726e-10,7.65746322077008e-10,7.651059018832394e-10,7.644687548028102e-10,7.63834853536264e-10,7.632041711096737e-10,7.625766808689598e-10,7.619523564752204e-10,7.613311718997343e-10,7.60713101417422e-10,7.600981196096391e-10,7.594862013470041e-10,7.588773217974127e-10,7.582714564124336e-10,7.576685809279678e-10,7.570686713594257e-10,7.564717039929077e-10,7.558776553901111e-10,7.552865023765984e-10,7.546982220402379e-10,7.54112791727814e-10,7.535301890407896e-10,7.529503918327235e-10,7.52373378202941e-10,7.517991264951027e-10,7.512276152939933e-10,7.50658823419222e-10,7.500927299242454e-10,7.495293140950261e-10,7.489685554417415e-10,7.484104337006527e-10,7.478549288221259e-10,7.47302020979438e-10,7.467516905579242e-10,7.46203918154837e-10,7.456586845745206e-10,7.451159708274601e-10,7.445757581260942e-10,7.440380278819244e-10,7.435027617037519e-10,7.429699413950678e-10,7.424395489490784e-10,7.419115665508668e-10,7.413859765659212e-10,7.408627615474243e-10,7.403419042320181e-10,7.39823387528831e-10,7.393071945303701e-10,7.387933084977457e-10,7.382817128635356e-10,7.377723912345156e-10,7.372653273801389e-10,7.367605052357718e-10,7.362579088984132e-10,7.357575226263356e-10,7.352593308391703e-10,7.347633181089726e-10,7.342694691624491e-10,7.337777688804688e-10,7.33288202292494e-10,7.328007545772196e-10,7.323154110592286e-10,7.318321572079432e-10,7.313509786341475e-10,7.308718610932193e-10,7.303947904762028e-10,7.299197528117244e-10,7.294467342642619e-10,7.289757211338486e-10,7.285066998503544e-10,7.280396569743202e-10,7.275745791959787e-10,7.271114533329166e-10,7.266502663280528e-10,7.261910052484078e-10,7.257336572853392e-10,7.252782097461158e-10,7.24824650062907e-10,7.24372965783824e-10,7.239231445722361e-10,7.23475174211289e-10,7.230290425937377e-10,7.225847377255296e-10,7.221422477243797e-10,7.217015608150443e-10,7.212626653381016e-10,7.208255497341592e-10,7.203902025516317e-10,7.199566124441871e-10,7.195247681646271e-10,7.190946585759792e-10,7.186662726387153e-10,7.18239599409791e-10,7.178146280471106e-10,7.173913478044701e-10,7.169697480335255e-10,7.165498181836352e-10,7.161315477952644e-10,7.157149265002099e-10,7.152999440243588e-10,7.148865901826778e-10,7.144748548813351e-10,7.140647281152503e-10,7.136561999684013e-10,7.132492606084321e-10,7.12843900289805e-10,7.124401093527118e-10,7.120378782181776e-10,7.116371973946761e-10,7.112380574696046e-10,7.108404491110202e-10,7.104443630694917e-10,7.100497901720514e-10,7.096567213258038e-10,7.092651475158619e-10,7.088750598001137e-10,7.084864493158492e-10,7.080993072744829e-10,7.077136249613942e-10,7.073293937345473e-10,7.069466050252152e-10,7.065652503359245e-10,7.061853212401707e-10,7.058068093815343e-10,7.054297064730259e-10,7.050540042961002e-10,7.046796946995021e-10,7.043067696012945e-10,7.039352209836618e-10,7.035650408953558e-10,7.03196221450268e-10,7.02828754826046e-10,7.02462633262788e-10,7.020978490684511e-10,7.01734394606935e-10,7.013722623095264e-10,7.010114446645158e-10,7.006519342220634e-10,7.002937235910116e-10,6.999368054401749e-10,6.995811724964359e-10,6.992268175462419e-10,6.988737334315635e-10,6.985219130503632e-10,6.981713493594799e-10,6.978220353685451e-10,6.974739641415943e-10,6.971271287992522e-10,6.967815225196343e-10,6.96437138526547e-10,6.960939700999878e-10,6.957520105722501e-10,6.954112533275665e-10,6.950716917996787e-10,6.947333194760215e-10,6.943961298911892e-10,6.940601166310649e-10,6.937252733300232e-10,6.933915936714198e-10,6.93059071384634e-10,6.927277002525215e-10,6.923974740985401e-10,6.920683867980333e-10,6.917404322683118e-10,6.914136044758075e-10,6.910878974316188e-10,6.907633051906336e-10,6.904398218507744e-10,6.901174415602496e-10,6.897961585052989e-10,6.89475966916441e-10,6.891568610676315e-10,6.888388352746704e-10,6.885218838966403e-10,6.882060013331597e-10,6.878911820252442e-10,6.875774204541594e-10,6.872647111411714e-10,6.869530486504005e-10,6.86642427584135e-10,6.86332842582188e-10,6.860242883236959e-10,6.857167595289266e-10,6.854102509538832e-10,6.851047573930249e-10,6.84800273677179e-10,6.844967946775754e-10,6.841943152996527e-10,6.838928304846681e-10,6.835923352104572e-10,6.832928244927109e-10,6.829942933789253e-10,6.826967369563344e-10,6.824001503398684e-10,6.821045286856889e-10,6.818098671817535e-10,6.8151616104979e-10,6.812234055416386e-10,6.809315959511262e-10,6.806407275971226e-10,6.803507958327815e-10,6.800617960436192e-10,6.797737236495598e-10,6.794865741004638e-10,6.792003428756803e-10,6.789150254886184e-10,6.786306174823129e-10,6.783471144312683e-10,6.780645119393258e-10,6.777828056403421e-10,6.775019911984157e-10,6.772220643076044e-10,6.769430206902384e-10,6.766648560988814e-10,6.763875663132739e-10,6.761111471430916e-10,6.758355944254182e-10,6.755609040236344e-10,6.752870718337916e-10,6.750140937750158e-10,6.747419657975639e-10,6.744706838727119e-10,6.742002440029458e-10,6.739306422180148e-10,6.736618745712321e-10,6.733939371437425e-10,6.731268260422042e-10,6.728605373985372e-10,6.725950673709707e-10,6.72330412141135e-10,6.720665679183338e-10,6.718035309348713e-10,6.715412974479629e-10,6.712798637393877e-10,6.710192261149297e-10,6.70759380904368e-10,6.705003244613158e-10,6.70242053163561e-10,6.69984563410374e-10,6.697278516274716e-10,6.69471914258809e-10,6.692167477754849e-10,6.689623486693934e-10,6.687087134549482e-10,6.684558386682821e-10,6.682037208691889e-10,6.67952356638102e-10,6.677017425764662e-10,6.674518753091983e-10,6.672027514810092e-10,6.669543677579598e-10,6.667067208273455e-10,6.664598073958855e-10,6.662136241949098e-10,6.659681679723622e-10,6.657234354962164e-10,6.654794235586892e-10,6.652361289684269e-10,6.649935485531249e-10,6.64751679163793e-10,6.645105176681132e-10,6.642700609532986e-10,6.64030305928649e-10,6.63791249516878e-10,6.635528886645311e-10,6.63315220335175e-10,6.630782415129489e-10,6.628419491946979e-10,6.626063404017041e-10,6.623714121693921e-10,6.621371615544701e-10,6.619035856296989e-10,6.616706814852519e-10,6.614384462294621e-10,6.612068769877226e-10,6.60975970902541e-10,6.607457251351835e-10,6.605161368619457e-10,6.602872032785932e-10,6.600589215928435e-10,6.59831289033565e-10,6.596043028448829e-10,6.593779602866358e-10,6.591522586357717e-10,6.58927195183442e-10,6.587027672409584e-10,6.584789721321292e-10,6.582558071959281e-10,6.580332697893473e-10,6.578113572834185e-10,6.575900670649775e-10,6.573693965364598e-10,6.571493431149657e-10,6.569299042329664e-10,6.568465070828972e-10,6.568465070828964e-10,6.568465070828956e-10,6.568465070828949e-10,6.568465070828939e-10,6.568465070828932e-10,6.568465070828924e-10,6.568465070828916e-10,6.568465070828907e-10,6.568465070828901e-10,6.568465070828892e-10,6.568465070828886e-10,6.568465070828876e-10,6.568465070828869e-10,6.568465070828861e-10,6.568465070828854e-10,6.568465070828845e-10,6.568465070828837e-10,6.568465070828829e-10,6.56846507082882e-10,6.568465070828813e-10,6.568465070828805e-10,6.568465070828797e-10,6.568465070828788e-10,6.568465070828781e-10,6.568465070828772e-10,6.568465070828766e-10,6.568465070828756e-10,6.568465070828748e-10,6.568465070828741e-10,6.568465070828731e-10,6.568465070828725e-10,6.568465070828718e-10,6.568465070828709e-10,6.568465070828704e-10,6.568465070828694e-10,6.568465070828687e-10,6.568465070828679e-10,6.568465070828672e-10,6.568465070828663e-10,6.568465070828655e-10,6.568465070828647e-10,6.568465070828638e-10,6.568465070828631e-10,6.568465070828623e-10,6.568465070828615e-10,6.568465070828606e-10,6.568465070828599e-10,6.568465070828591e-10,6.568465070828584e-10,6.568465070828574e-10,6.568465070828566e-10,6.568465070828559e-10,6.568465070828551e-10,6.568465070828543e-10,6.568465070828536e-10,6.568465070828527e-10,6.568465070828521e-10,6.568465070828512e-10,6.568465070828505e-10,6.568465070828497e-10,6.568465070828489e-10,6.56846507082848e-10,6.568465070828473e-10,6.568465070828463e-10,6.568465070828455e-10,6.568465070828447e-10,6.56846507082844e-10,6.568465070828433e-10,6.568465070828423e-10,6.568465070828415e-10,6.568465070828408e-10,6.5684650708284e-10,6.568465070828392e-10,6.568465070828383e-10,6.568465070828376e-10,6.568465070828368e-10,6.56846507082836e-10,6.568465070828352e-10,6.568465070828345e-10,6.568465070828337e-10,6.568465070828329e-10,6.568465070828321e-10,6.568465070828314e-10,6.568465070828304e-10,6.568465070828297e-10,6.568465070828289e-10,6.568465070828281e-10,6.568465070828273e-10,6.568465070828264e-10,6.568465070828257e-10,6.568465070828249e-10,6.56846507082824e-10,6.568465070828233e-10,6.568465070828224e-10,6.568465070828217e-10,6.568465070828208e-10,6.5684650708282e-10,6.568465070828192e-10,6.568465070828185e-10,6.568465070828176e-10,6.568465070828169e-10,6.568465070828161e-10,6.568465070828154e-10,6.568465070828145e-10,6.568465070828138e-10,6.56846507082813e-10,6.568465070828121e-10,6.568465070828113e-10,6.568465070828104e-10,6.568465070828098e-10,6.568465070828089e-10,6.568465070828081e-10,6.568465070828073e-10,6.568465070828066e-10,6.568465070828056e-10,6.56846507082805e-10,6.568465070828042e-10,6.568465070828035e-10,6.568465070828026e-10,6.568465070828018e-10,6.568465070828011e-10,6.568465070828003e-10,6.568465070827994e-10,6.568465070827987e-10,6.568465070827978e-10,6.56846507082797e-10,6.568465070827962e-10,6.568465070827955e-10,6.568465070827947e-10,6.568465070827938e-10,6.56846507082793e-10,6.568465070827923e-10,6.568465070827916e-10,6.568465070827907e-10,6.568465070827899e-10,6.568465070827891e-10,6.568465070827884e-10,6.568465070827875e-10,6.568465070827868e-10,6.56846507082786e-10,6.568465070827853e-10,6.568465070827844e-10,6.568465070827836e-10,6.568465070827829e-10,6.568465070827821e-10,6.568465070827812e-10,6.568465070827805e-10,6.568465070827796e-10,6.56846507082779e-10,6.56846507082778e-10,6.568465070827773e-10,6.568465070827765e-10,6.568465070827756e-10,6.568465070827748e-10,6.568465070827741e-10,6.568465070827734e-10,6.568465070827725e-10,6.568465070827717e-10,6.568465070827709e-10,6.568465070827702e-10,6.568465070827693e-10,6.568465070827686e-10,6.568465070827677e-10,6.56846507082767e-10,6.568465070827661e-10,6.568465070827654e-10,6.568465070827646e-10,6.568465070827638e-10,6.568465070827629e-10,6.568465070827621e-10,6.568465070827613e-10,6.568465070827605e-10,6.568465070827597e-10,6.568465070827589e-10,6.568465070827582e-10,6.568465070827572e-10,6.568465070827567e-10,6.568465070827558e-10,6.568465070827551e-10,6.568465070827542e-10,6.568465070827534e-10,6.568465070827526e-10,6.568465070827519e-10,6.56846507082751e-10,6.568465070827502e-10,6.568465070827494e-10,6.568465070827486e-10,6.568465070827478e-10,6.56846507082747e-10,6.568465070827463e-10,6.568465070827454e-10,6.568465070827446e-10,6.568465070827438e-10,6.568465070827431e-10,6.568465070827422e-10,6.568465070827414e-10,6.568465070827406e-10,6.568465070827399e-10,6.56846507082739e-10,6.568465070827383e-10,6.568465070827375e-10,6.568465070827367e-10,6.568465070827359e-10,6.56846507082735e-10,6.568465070827344e-10,6.568465070827335e-10,6.568465070827327e-10,6.568465070827319e-10,6.56846507082731e-10,6.568465070827303e-10,6.568465070827295e-10,6.568465070827287e-10,6.56846507082728e-10,6.56846507082727e-10,6.568465070827264e-10,6.063946617620628e-10,5.898265463651684e-10,5.879216501066114e-10,5.920534284842385e-10,5.983983630253162e-10,6.052886783316331e-10,6.120195341405177e-10,6.183138621732596e-10,6.24082828191648e-10,6.293188084700284e-10,6.340476902643569e-10,6.383077161634061e-10,6.421402023761209e-10,6.455855668021741e-10,6.486817287360525e-10,6.51463563988621e-10,6.539628249571268e-10,6.562082602004228e-10,6.582258139017987e-10,6.600388512190405e-10,6.616683851995672e-10,6.631332944663739e-10,6.644505271236204e-10,6.656352892543955e-10,6.66701217775166e-10,6.676605381002454e-10,6.685242073851953e-10,6.693020442817167e-10,6.700028461890081e-10,6.706344949973925e-10,6.712040522958136e-10,6.717178449728756e-10,6.721815420891102e-10,6.72600223844739e-10,6.729784434007169e-10,6.733202822570789e-10,6.736293998316244e-10,6.739090778248186e-10,6.741622599061667e-10,6.743915872025069e-10,6.745994300292689e-10,6.747879162557226e-10,6.749589566603827e-10,6.751142675951075e-10,6.752553912439098e-10,6.753837137328639e-10,6.755004813204103e-10,6.756068148746751e-10,6.757037228188131e-10,6.75792112710937e-10,6.758728016039619e-10,6.759465253165733e-10,6.760139467300301e-10,6.760756632167297e-10,6.76132213295572e-10,6.761840825905558e-10,6.762317091722227e-10,6.762754883453528e-10,6.763157769416827e-10,6.763528971706142e-10,6.76387140074273e-10,6.764187686281338e-10,6.764480205262004e-10,6.764751106809579e-10,6.765002334706279e-10,6.76523564758521e-10,6.765452637088042e-10,6.765654744192677e-10,6.765843273905184e-10,6.766019408482054e-10,6.766184219333099e-10,6.76633867774103e-10,6.766483664520468e-10,6.766619978713369e-10,6.766748345443322e-10,6.766869422982233e-10,6.76698380913206e-10,6.767092046981109e-10,6.767194630099629e-10,6.767292007227879e-10,6.76738458651343e-10,6.767472739338104e-10,6.767556803769294e-10,6.767637087688115e-10,6.767713871611165e-10,6.767787411246474e-10,6.767857939797426e-10,6.767925670058558e-10,6.767990796302945e-10,6.768053495993531e-10,6.768113931332617e-10,6.768172250663602e-10,6.768228589742664e-10,6.768283072890524e-10,6.768335814033008e-10,6.768386917647291e-10,6.768436479618956e-10,6.768484588019296e-10,6.768531323807748e-10,6.76857676147304e-10,6.768620969611682e-10,6.768664011453966e-10,6.768705945341756e-10,6.76874682516123e-10,6.768786700736737e-10,6.768825618187194e-10,6.768863620252216e-10,6.768900746584637e-10,6.768937034019606e-10,6.768972516817869e-10,6.769007226886469e-10,6.769041193980257e-10,6.769074445884604e-10,6.76910700858116e-10,6.769138906401274e-10,6.769170162159305e-10,6.769200797280847e-10,6.76923083191911e-10,6.769260285053014e-10,6.769289174586789e-10,6.769317517433157e-10,6.769345329593209e-10,6.769372626226783e-10,6.769399421718214e-10,6.769425729736251e-10,6.769451563288948e-10,6.769476934770289e-10,6.769501856009463e-10,6.769526338308455e-10,6.769550392480456e-10,6.769574028887411e-10,6.769597257467661e-10,6.76962008776626e-10,6.769642528962863e-10,6.769664589892962e-10,6.769686279072371e-10,6.769707604716599e-10,6.769728574759487e-10,6.769749196870354e-10,6.769769478469207e-10,6.769789426742274e-10,6.769809048653472e-10,6.769828350959779e-10,6.769847340218186e-10,6.76986602280022e-10,6.769884404898199e-10,6.76990249253615e-10,6.769920291577342e-10,6.769937807731069e-10,6.769955046561981e-10,6.769972013492644e-10,6.769988713813292e-10,6.770005152686127e-10,6.770021335150697e-10,6.77003726612721e-10,6.770052950423617e-10,6.770068392738126e-10,6.770083597663656e-10,6.770098569691803e-10,6.770113313215706e-10,6.770127832533902e-10,6.770142131852843e-10,6.770156215290673e-10,6.770170086879119e-10,6.7701837505662e-10,6.770197210219318e-10,6.770210469626784e-10,6.770223532500335e-10,6.770236402477454e-10,6.770249083122932e-10,6.770261577931361e-10,6.770273890327777e-10,6.770286023671477e-10,6.770297981255077e-10,6.770309766308065e-10,6.770321381998151e-10,6.770332831430093e-10,6.770344117651734e-10,6.77035524365167e-10,6.770366212361885e-10,6.770377026659001e-10,6.770387689365354e-10,6.77039820325007e-10,6.770408571029891e-10,6.770418795371697e-10,6.770428878891621e-10,6.770438824157352e-10,6.770448633688543e-10,6.77045830995875e-10,6.770467855394974e-10,6.770477272379147e-10,6.770486563250429e-10,6.770495730303855e-10,6.770504775791124e-10,6.770513701923433e-10,6.770522510872687e-10,6.770531204769438e-10,6.770539785705087e-10,6.770548255732202e-10,6.770556616865979e-10,6.770564871085594e-10,6.770573020333633e-10,6.770581066516759e-10,6.770589011507272e-10,6.770596857142856e-10,6.770604605227788e-10,6.770612257533623e-10,6.77061981579906e-10,6.770627281731294e-10,6.770634657006411e-10,6.770641943270253e-10,6.770649142138305e-10,6.770656255197157e-10,6.77066328400338e-10,6.770670230085266e-10,6.77067709494584e-10,6.77068388005813e-10,6.770690586869241e-10,6.770697216799334e-10,6.770703771243456e-10,6.770710251571859e-10,6.770716659128558e-10,6.770722995233406e-10,6.770729261183197e-10,6.770735458250032e-10,6.770741587683484e-10,6.770747650710269e-10,6.770753648535433e-10,6.770759582341161e-10,6.770765453288668e-10,6.770771262517987e-10,6.770777011148398e-10,6.77078270027912e-10,6.770788330989084e-10,6.770793904337894e-10,6.770799421365623e-10,6.770804883093569e-10,6.770810290524419e-10,6.770815644643563e-10,6.770820946417468e-10,6.770826196795756e-10,6.770831396706562e-10,6.770836547070424e-10,6.770841648782769e-10,6.770846702726662e-10,6.770851709767949e-10,6.770856670757035e-10,6.770861586528987e-10,6.770866457904071e-10,6.770871285686361e-10,6.770876070666119e-10,6.770880813619832e-10,6.770885515309136e-10,6.770890176482426e-10,6.770894797874022e-10,6.770899380205134e-10,6.770903924184021e-10,6.770908430505596e-10,6.770912899852818e-10,6.770917332895783e-10,6.770921730292405e-10,6.770926092689364e-10,6.770930420720498e-10,6.770934715009215e-10,6.770938976166623e-10,6.770943204790663e-10,6.770947401476774e-10,6.77095156680064e-10,6.770955701333877e-10,6.770959805626814e-10,6.770963880236248e-10,6.770967925694189e-10,6.770971942530573e-10,6.770975931264611e-10,6.770979892405209e-10,6.770983826452128e-10,6.77098773389792e-10,6.770991615222935e-10,6.770995470901245e-10,6.770999301397387e-10,6.771003107167298e-10,6.771006888659449e-10,6.771010646313543e-10,6.771014380561589e-10,6.771018091828201e-10,6.771021780528457e-10,6.771025447072037e-10,6.771029091859788e-10,6.771032715284477e-10,6.771036317736955e-10,6.771039899594774e-10,6.771043461231509e-10,6.771047003013224e-10,6.771050525299301e-10,6.77105402843958e-10,6.771057512788784e-10,6.771060978681731e-10,6.771064426453998e-10,6.771067856433951e-10,6.771071268942755e-10,6.771074664297777e-10,6.771078042806413e-10,6.77108140477935e-10,6.771084750515159e-10,6.771088080304133e-10,6.771091394435896e-10,6.771094693195583e-10,6.771097976859301e-10,6.771101245703518e-10,6.771104499994235e-10,6.771107739995919e-10,6.771110965966831e-10,6.771114178160864e-10,6.771117376827514e-10,6.771120562213474e-10,6.771123734555147e-10,6.771126894090663e-10,6.771130041051264e-10,6.771133175665293e-10,6.771136298156011e-10,6.771139408742523e-10,6.771142507640458e-10,6.771145595061327e-10,6.771148671212275e-10,6.77115173630057e-10,6.771154790523248e-10,6.77115783407749e-10,6.771160867150051e-10,6.771163889938608e-10,6.771166902626364e-10,6.771169905396506e-10,6.771172898428739e-10,6.771175881897367e-10,6.771178855976544e-10,6.771181820836524e-10,6.771184776642628e-10,6.771187723559776e-10,6.771190661749221e-10,6.77119359136705e-10,6.771196512569634e-10,6.771199425507969e-10,6.771202330332048e-10,6.771205227188513e-10,6.771208116220441e-10,6.771210997570289e-10,6.771213871375808e-10,6.77121673777522e-10,6.771219596901385e-10,6.771222448883938e-10,6.771225293853478e-10,6.771228131935992e-10,6.771230963256036e-10,6.771233787934941e-10,6.771236606094941e-10,6.771239417852458e-10,6.771242223322559e-10,6.77124502261911e-10,6.771247815853859e-10,6.771250603134387e-10,6.771253384570885e-10,6.771256160266994e-10,6.771258930334446e-10,6.771261694859947e-10,6.771264453951115e-10,6.771267207706177e-10,6.771269956220103e-10,6.771272699588617e-10,6.771275437903347e-10,6.771278171256111e-10,6.77128089973577e-10,6.771283623430612e-10,6.771286342428219e-10,6.771289056810607e-10,6.771291766662464e-10,6.77129447206454e-10,6.771297173097312e-10,6.771299869839556e-10,6.771302562369026e-10,6.771305250752568e-10,6.771307935081422e-10,6.771310615417142e-10,6.771313291838735e-10,6.771315964412874e-10,6.771318633208779e-10,6.771321298294425e-10,6.771323959736503e-10,6.771326617600593e-10,6.771329271950972e-10,6.771331922849247e-10,6.771334570360701e-10,6.771337214544372e-10,6.771339855459556e-10,6.771342493159447e-10,6.77134512771577e-10,6.771347759175678e-10,6.771350387596311e-10,6.771353013032896e-10,6.77135563553819e-10,6.771358255164209e-10,6.77136087196338e-10,6.771363485985408e-10,6.771366097278411e-10,6.771368705894533e-10,6.771371311883942e-10,6.771373915290445e-10,6.771376516160194e-10,6.771379114535612e-10,6.771381710468426e-10,6.771384303999495e-10,6.771386895171255e-10,6.771389484025806e-10,6.771392070604583e-10,6.771394654952899e-10,6.771397237101303e-10,6.771399817094009e-10,6.771402394971036e-10,6.771404970766973e-10,6.771407544526881e-10,6.771410116274784e-10,6.771412686052304e-10,6.771415253897917e-10,6.771417819839417e-10,6.771420383914633e-10,6.771422946157197e-10,6.771425506598965e-10,6.771428065271372e-10,6.771430622208556e-10,6.771433177438957e-10,6.77143573099348e-10,6.771438282901425e-10,6.771440833192306e-10,6.771443381886583e-10,6.771445929031066e-10,6.771448474645227e-10,6.77145101875297e-10,6.771453561382627e-10,6.771456102560588e-10,6.771458642317865e-10,6.771461180668937e-10,6.771463717644093e-10,6.771466253269235e-10,6.771468787566197e-10,6.77147132055799e-10,6.771473852268644e-10,6.771476382721001e-10,6.771478911937041e-10,6.771481439938802e-10,6.771483966747847e-10,6.771486492389029e-10,6.771489016874925e-10,6.771491540230083e-10,6.771494062474471e-10,6.77149658362722e-10,6.771499103707751e-10,6.77150162273502e-10,6.771504140727402e-10,6.771506657703263e-10,6.771509173680498e-10,6.77151168867622e-10,6.771514202708267e-10,6.771516715793807e-10,6.771519227948221e-10,6.771521739188218e-10,6.771524249529503e-10,6.771526758988943e-10,6.771529267581482e-10,6.771531775325445e-10,6.771534282228739e-10,6.77153678830968e-10,6.771539293580291e-10,6.771541798058945e-10,6.771544301757365e-10,6.771546804689086e-10,6.771549306867684e-10,6.771551808305062e-10,6.771554309015728e-10,6.77155680901405e-10,6.771559308305512e-10,6.771561806908571e-10,6.771564304833168e-10,6.771566802091126e-10,6.77156929869407e-10,6.771571794652981e-10,6.771574289979199e-10,6.771576784684785e-10,6.771579278777853e-10,6.771581772270243e-10,6.771584265172431e-10,6.771586757494515e-10,6.771589249246395e-10,6.77159174043755e-10,6.771594231077394e-10,6.771596721175794e-10,6.771599210732788e-10,6.771601699774393e-10,6.771604188303407e-10,6.771606676325098e-10,6.771609163851058e-10,6.771611650887222e-10,6.771614137444011e-10,6.771616623529736e-10,6.771619109150122e-10,6.771621594309315e-10,6.771624079024915e-10,6.771626563293329e-10,6.771629047134035e-10,6.771631530548142e-10,6.771634013544243e-10,6.771636496126938e-10,6.771638978305072e-10,6.771641460083118e-10,6.771643941466035e-10,6.7716464224675e-10,6.771648903089473e-10,6.771651383334635e-10,6.771653863217288e-10,6.771656342739044e-10,6.771658821905994e-10,6.771661300725095e-10,6.771663779200965e-10,6.771666257343276e-10,6.771668735154796e-10,6.771671212635187e-10,6.771673689794244e-10,6.771676166637322e-10,6.771678643171387e-10,6.771681119398974e-10,6.771683595325055e-10,6.771686070945543e-10,6.771688546284887e-10,6.771691021337217e-10,6.771693496108497e-10,6.771695970602313e-10,6.771698444823701e-10,6.771700918776349e-10,6.771703392464668e-10,6.771705865892097e-10,6.771708339063012e-10,6.771710811986432e-10,6.771713284659628e-10,6.771715757088086e-10,6.771718229277391e-10,6.77172070123048e-10,6.771723172950367e-10,6.771725644441636e-10,6.771728115707093e-10,6.771730586755699e-10,6.771733057581558e-10,6.771735528192157e-10,6.771737998586772e-10,6.771740468776406e-10,6.771742938761071e-10,6.771745408543344e-10,6.771747878126646e-10,6.771750347514853e-10,6.771752816709586e-10,6.771755285713632e-10,6.771757754530374e-10,6.771760223161354e-10,6.771762691611924e-10,6.771765159883642e-10,6.771767627978614e-10,6.771770095899709e-10,6.77177256364826e-10,6.77177503123044e-10,6.771777498644262e-10,6.771779965894095e-10,6.771782432983828e-10,6.771784899913954e-10,6.771787366687984e-10,6.771789833296431e-10,6.771792299763142e-10,6.771794766076963e-10,6.771797232246082e-10,6.771799698267846e-10,6.771802164145517e-10,6.771804629881453e-10,6.771807095478078e-10,6.771809560937253e-10,6.771812026260171e-10,6.771814491449599e-10,6.771816956494657e-10,6.771819421419698e-10,6.771821886211116e-10,6.771824350879435e-10,6.771826815420455e-10,6.771829279836199e-10,6.771831744136105e-10,6.771834208315782e-10,6.771836672385673e-10,6.771839136328873e-10,6.771841600156528e-10,6.771844063860263e-10,6.771846527460785e-10,6.771848990951552e-10,6.771851454332127e-10,6.771853917601215e-10,6.771856380767734e-10,6.771858843823022e-10,6.771861306784138e-10,6.771863769635949e-10,6.771866232386231e-10,6.771868695035834e-10,6.771871157598247e-10,6.771873620050675e-10,6.771876082403997e-10,6.771878544664525e-10,6.771881006833156e-10,6.771883468905364e-10,6.77188593088532e-10,6.771888392775529e-10,6.771890854574282e-10,6.771893316283399e-10,6.771895777903993e-10,6.771898239442551e-10,6.771900700890881e-10,6.771903162253867e-10,6.771905623529543e-10,6.771908084725261e-10,6.771910545840418e-10,6.771913006870436e-10,6.771915467822619e-10,6.771917928695176e-10,6.771920389487005e-10,6.771922850202114e-10,6.771925310839091e-10,6.771927771404029e-10,6.771930231890572e-10,6.771932692301481e-10,6.771935152640149e-10,6.771937612905117e-10,6.771940073098127e-10,6.771942533222296e-10,6.771944993270533e-10,6.771947453257628e-10,6.771949913165646e-10,6.771952373006572e-10,6.771954832778247e-10,6.771957292482817e-10,6.77195975211748e-10,6.771962211686642e-10,6.771964671192392e-10,6.771967130636989e-10,6.771969590027344e-10,6.771972049339919e-10,6.771974508587694e-10,6.77197696777378e-10,6.771979426895793e-10,6.771981885962483e-10,6.771984344962323e-10,6.771986803897833e-10,6.771989262776672e-10,6.771991721595122e-10,6.771994180353255e-10,6.771996639055933e-10,6.771999097700116e-10,6.772001556286536e-10,6.772004014818578e-10,6.772006473290773e-10,6.772008931706014e-10,6.772011390061294e-10,6.772013848365629e-10,6.772016306614242e-10,6.772018764810865e-10,6.772021222951613e-10,6.772023681038423e-10,6.772026139070661e-10,6.772028597049157e-10,6.772031054975983e-10,6.772033512846405e-10,6.772035970668148e-10,6.772038428437779e-10,6.772040886155749e-10,6.772043343824504e-10,6.772045801442112e-10,6.772048259009929e-10,6.772050716524573e-10,6.772053173990782e-10,6.772055631415351e-10,6.772058088782068e-10,6.772060546102462e-10,6.772063003373484e-10,6.772065460606451e-10,6.772067917781633e-10,6.772070374908314e-10,6.772072831988232e-10,6.772075289025294e-10,6.772077746011815e-10,6.772080202951181e-10,6.772082659846013e-10,6.77208511669346e-10,6.772087573494692e-10,6.772090030249627e-10,6.772092486960146e-10,6.772094943625321e-10,6.772097400246466e-10,6.77209985682272e-10,6.772102313354274e-10,6.772104769842121e-10,6.772107226282314e-10,6.772109682682029e-10,6.772112139035911e-10,6.772114595349253e-10,6.772117051618257e-10,6.772119507844156e-10,6.772121964028046e-10,6.772124420175504e-10,6.772126876275247e-10,6.772129332331398e-10,6.772131788344247e-10,6.772134244315029e-10,6.772136700245385e-10,6.772139156129582e-10,6.772141611977323e-10,6.772144067784171e-10,6.772146523556158e-10,6.772148979281139e-10,6.772151434965505e-10,6.772153890607044e-10,6.772156346207271e-10,6.77215880176951e-10,6.772161257292596e-10,6.772163712775074e-10,6.772166168217316e-10,6.772168623620786e-10,6.772171078984693e-10,6.772173534308734e-10,6.77217598959326e-10,6.772178444837688e-10,6.77218090004365e-10,6.772183355210849e-10,6.772185810339269e-10,6.772188265428748e-10,6.772190720479379e-10,6.772193175491207e-10,6.772195630467362e-10,6.772198085397377e-10,6.772200540295225e-10,6.772202995154144e-10,6.77220544997518e-10,6.772207904745915e-10,6.772210359490803e-10,6.772212814199029e-10,6.772215268877507e-10,6.772217723510559e-10,6.772220178105282e-10,6.772222632662814e-10,6.772225087193785e-10,6.772227541678018e-10,6.772229996123996e-10,6.772232450536115e-10,6.772234904909286e-10,6.772237359254275e-10,6.772239813553779e-10,6.77224226783135e-10,6.772244722057258e-10,6.77224717624701e-10,6.772249630411055e-10,6.772252084527895e-10,6.772254538611222e-10,6.772256992652602e-10,6.772259446668434e-10,6.772261900639943e-10,6.772264354576033e-10,6.772266808476162e-10,6.772269262348552e-10,6.772271716174255e-10,6.772274169965967e-10,6.772276623723056e-10,6.772279077442412e-10,6.772281531127999e-10,6.772283984778319e-10,6.772286438391111e-10,6.772288891969895e-10,6.772291345516946e-10,6.772293799030231e-10,6.772296252503585e-10,6.77229870594184e-10,6.772301159345183e-10,6.772303612713291e-10,6.772306066043352e-10,6.772308519340189e-10,6.772310972603089e-10,6.772313425830724e-10,6.772315879023539e-10,6.772318332181997e-10,6.772320785306948e-10,6.772323238394732e-10,6.772325691458997e-10,6.772328144478455e-10,6.77233059746267e-10,6.772333050410889e-10,6.772335503324848e-10,6.772337956202669e-10,6.772340409049493e-10,6.772342861860121e-10,6.772345314638079e-10,6.77234776738137e-10,6.772350220088766e-10,6.77235267276391e-10,6.772355125404575e-10,6.772357578016084e-10,6.772360030588633e-10,6.772362483125962e-10,6.772364935639144e-10,6.772367388109169e-10,6.772369840543474e-10,6.772372292944573e-10,6.772374745310597e-10,6.772377197644927e-10,6.772379649944726e-10,6.772382102214612e-10,6.77238455444552e-10,6.772387006641491e-10,6.772389458805587e-10,6.772391910935115e-10,6.772394363036441e-10,6.772396815102764e-10,6.772399267131307e-10,6.772401719126288e-10,6.772404171088112e-10,6.772406623015592e-10,6.772409074909471e-10,6.772411526770167e-10,6.772413978594884e-10,6.772416430389635e-10,6.772418882147835e-10,6.772421333873794e-10,6.772423785566313e-10,6.772426237227592e-10,6.772428688853044e-10,6.772431140446439e-10,6.772433592005732e-10,6.772436043531228e-10,6.772438495023691e-10,6.772440946494496e-10,6.772443397920268e-10,6.772445849318231e-10,6.772448300677199e-10,6.772450752002685e-10,6.772453203294984e-10,6.772455654554553e-10,6.772458105780495e-10,6.772460556973023e-10,6.772463008132336e-10,6.772465459258428e-10,6.772467910350015e-10,6.772470361410127e-10,6.772472812438872e-10,6.772475263430372e-10,6.772477714390116e-10,6.772480165316495e-10,6.772482616208901e-10,6.772485067076452e-10,6.77248751790231e-10,6.772489968696679e-10,6.772492419454392e-10,6.772494870183024e-10,6.77249732088837e-10,6.772499771561528e-10,6.77250222218988e-10,6.772504672786261e-10,6.772507123344635e-10,6.772509573874654e-10,6.772512024366244e-10,6.772514474837969e-10,6.772516925277944e-10,6.772519375677035e-10,6.77252182604265e-10,6.772524276374888e-10,6.772526726682617e-10,6.772529176947945e-10,6.772531627176791e-10,6.772534077377236e-10,6.772536527544465e-10,6.772538977679524e-10,6.772541427784338e-10,6.77254387785332e-10,6.772546327890357e-10,6.772548777910356e-10,6.772551227877611e-10,6.772553677816393e-10,6.772556127723527e-10,6.772558577595555e-10,6.772561027434901e-10,6.772563477242935e-10,6.772565927025813e-10,6.772568376769789e-10,6.772570826478631e-10,6.772573276156923e-10,6.772575725800007e-10,6.772578175410828e-10,6.772580624989175e-10,6.772583074534781e-10,6.772585524048292e-10,6.772587973528056e-10,6.772590422976709e-10,6.772592872406142e-10,6.772595321787297e-10,6.77259777113748e-10,6.772600220451346e-10,6.772602669724277e-10,6.772605118974446e-10,6.772607568193009e-10,6.772610017388363e-10,6.772612466536349e-10,6.772614915656681e-10,6.772617364744303e-10,6.772619813797231e-10,6.772622262817184e-10,6.772624711806362e-10,6.77262716076324e-10,6.772629609687995e-10,6.772632058579281e-10,6.772634507438705e-10,6.77263695627431e-10,6.772639405068377e-10,6.772641853829171e-10,6.772644302557451e-10,6.772646751253525e-10,6.772649199924887e-10,6.772651648546443e-10,6.772654097146285e-10,6.772656545712444e-10,6.772658994245539e-10,6.772661442746601e-10,6.772663891213675e-10,6.772666339648863e-10,6.772668788054107e-10,6.772671236426038e-10,6.772673684763711e-10,6.772676133068644e-10,6.772678581341648e-10,6.77268102959237e-10,6.772683477808424e-10,6.772685925980663e-10,6.772688374123437e-10,6.772690822234224e-10,6.77269327031912e-10,6.772695718365524e-10,6.772698166374605e-10,6.772700614354553e-10,6.772703062298394e-10,6.772705510212563e-10,6.772707958094489e-10,6.772710405944483e-10,6.772712853760779e-10,6.772715301543614e-10,6.772717749294669e-10,6.772720197014749e-10,6.772722644702466e-10,6.772725092357758e-10,6.772727539980494e-10,6.772729987589753e-10,6.772732435147151e-10,6.772734882671198e-10,6.772737330164113e-10,6.772739777624446e-10,6.772742225043907e-10,6.772744672437987e-10,6.772747119800635e-10,6.772749567130116e-10,6.772752014429165e-10,6.772754461692635e-10,6.772756908932105e-10,6.772759356131813e-10,6.772761803299805e-10,6.772764250435237e-10,6.772766697537064e-10,6.772769144605549e-10,6.772771591643029e-10,6.772774038649923e-10,6.772776485622427e-10,6.772778932563399e-10,6.77278137946589e-10,6.7727838263447e-10,6.772786273188067e-10,6.772788720002944e-10,6.772791166782242e-10,6.77279361353029e-10,6.772796060243912e-10,6.772798506925105e-10,6.772800953574921e-10,6.772803400193226e-10,6.772805846776918e-10,6.77280829332779e-10,6.772810739846495e-10,6.772813186333348e-10,6.772815632786242e-10,6.772818079207363e-10,6.772820525591316e-10,6.772822971947724e-10,6.772825418272283e-10,6.772827864564109e-10,6.77283031082367e-10,6.772832757050228e-10,6.772835203245277e-10,6.77283764940643e-10,6.772840095544871e-10,6.772842541644104e-10,6.772844987708167e-10,6.772847433740266e-10,6.772849879740802e-10,6.772852325709164e-10,6.772854771644152e-10,6.772857217546794e-10,6.772859663416764e-10,6.772862109249141e-10,6.772864555056261e-10,6.772867000829888e-10,6.772869446581772e-10,6.772871892290308e-10,6.772874337967697e-10,6.772876783613755e-10,6.772879229218591e-10,6.772881674807214e-10,6.772884120353e-10,6.772886565863694e-10,6.772889011337659e-10,6.772891456787431e-10,6.772893902201686e-10,6.772896347586021e-10,6.772898792938735e-10,6.77290123825843e-10,6.772903683545731e-10,6.772906128804912e-10,6.772908574028062e-10,6.772911019205304e-10,6.772913464363173e-10,6.772915909489138e-10,6.77291835458146e-10,6.772920799643019e-10,6.772923244680295e-10,6.772925689674747e-10,6.772928134638303e-10,6.7729305795705e-10,6.77293302446991e-10,6.77293546933668e-10,6.772937914170928e-10,6.772940358973196e-10,6.772942803742445e-10,6.772945248479963e-10,6.772947693184563e-10,6.772950137855985e-10,6.772952582503967e-10,6.772955027111265e-10,6.772957471687026e-10,6.772959916223061e-10,6.772962360733648e-10,6.772964805211918e-10,6.772967249658559e-10,6.772969694072803e-10,6.772972138450311e-10,6.772974582802487e-10,6.772977027113206e-10,6.77297947139785e-10,6.772981915661237e-10,6.772984359889195e-10,6.772986804080096e-10,6.772989248234359e-10,6.772991692356879e-10,6.772994136456596e-10,6.772996580515034e-10,6.772999024540934e-10,6.773001468535347e-10,6.773003912496471e-10,6.77300635642459e-10,6.773008800321526e-10,6.773011244187529e-10,6.773013688019052e-10,6.773016131818601e-10,6.773018575585569e-10,6.773021019320081e-10,6.773023463022391e-10,6.773025906688578e-10,6.773028350324888e-10,6.773030793943057e-10,6.773033237516159e-10,6.773035681056465e-10,6.773038124562293e-10,6.773040568037931e-10,6.773043011481523e-10,6.773045454892691e-10,6.773047898275439e-10,6.773050341622165e-10,6.77305278493391e-10,6.773055228220893e-10,6.773057671470648e-10,6.773060114687853e-10,6.773062557872584e-10,6.773065001025013e-10,6.773067444144345e-10,6.773069887232392e-10,6.773072330286018e-10,6.773074773308911e-10,6.773077216299432e-10,6.773079659254019e-10,6.773082102184018e-10,6.773084545077735e-10,6.773086987928851e-10,6.773089430753264e-10,6.773091873549358e-10,6.773094316313946e-10,6.773096759046282e-10,6.773099201745441e-10,6.773101644410678e-10,6.773104087045936e-10,6.773106529648552e-10,6.773108972214935e-10,6.77311141475289e-10,6.77311385725819e-10,6.773116299732163e-10,6.773118742173378e-10,6.773121184582839e-10,6.773123626959314e-10,6.773126069303439e-10,6.77312851161486e-10,6.773130953893147e-10,6.773133396139916e-10,6.773135838354666e-10,6.773138280531287e-10,6.773140722681498e-10,6.773143164797404e-10,6.773145606879392e-10,6.77314804893457e-10,6.773150490955671e-10,6.773152932944523e-10,6.773155374900577e-10,6.773157816824562e-10,6.773160258716515e-10,6.773162700576354e-10,6.77316514240305e-10,6.773167584205564e-10,6.773170025965322e-10,6.773172467710056e-10,6.773174909407673e-10,6.773177351090702e-10,6.773179792723168e-10,6.773182234323825e-10,6.773184675893394e-10,6.773187117429061e-10,6.773189558932714e-10,6.773192000405127e-10,6.773194441844959e-10,6.773196883252228e-10,6.773199324636429e-10,6.773201765993322e-10,6.773204207296308e-10,6.773206648574094e-10,6.773209089820902e-10,6.773211531034201e-10,6.773213972215885e-10,6.773216413361407e-10,6.773218854477582e-10,6.773221295572965e-10,6.77322373662419e-10,6.773226177643457e-10,6.773228618631848e-10,6.773231059595708e-10,6.773233500511572e-10,6.773235941403889e-10,6.773238382263805e-10,6.773240823088056e-10,6.773243263878151e-10,6.773245704638482e-10,6.773248145367419e-10,6.773250586063819e-10,6.773253026727867e-10,6.773255467359613e-10,6.773257907960193e-10,6.773260348527211e-10,6.773262789061449e-10,6.773265229564185e-10,6.773267670033734e-10,6.773270110471505e-10,6.773272550877106e-10,6.773274991250247e-10,6.773277431591609e-10,6.773279871899706e-10,6.773282312176418e-10,6.773284752420933e-10,6.773287192641653e-10,6.773289632821327e-10,6.77329207297093e-10,6.773294513085821e-10,6.773296953166687e-10,6.773299393216585e-10,6.773301833234658e-10,6.773304273220673e-10,6.773306713174127e-10,6.773309153095709e-10,6.773311592984689e-10,6.773314032841181e-10,6.773316472665487e-10,6.773318912459644e-10,6.773321352227345e-10,6.773323791954798e-10,6.773326231649143e-10,6.773328671312984e-10,6.773331110942841e-10,6.773333550541311e-10,6.773335990115701e-10,6.773338429649924e-10,6.773340869152437e-10,6.773343308622588e-10,6.773345748059415e-10,6.773348187463707e-10,6.773350626843611e-10,6.773353066182768e-10,6.773355505489542e-10,6.773357944764867e-10,6.773360384008883e-10,6.773362823224812e-10,6.773365262403581e-10,6.773367701549229e-10,6.773370140661765e-10,6.77337257974441e-10,6.773375018788364e-10,6.773377457804909e-10,6.773379896789769e-10,6.773382335742224e-10,6.773384774662485e-10,6.773387213550402e-10,6.773389652408088e-10,6.773392091242755e-10,6.773394530033919e-10,6.773396968788801e-10,6.77339940751486e-10,6.773401846210317e-10,6.773404284868225e-10,6.773406723497348e-10,6.773409162092423e-10,6.773411600657336e-10,6.773414039190561e-10,6.7734164776911e-10,6.773418916159501e-10,6.773421354595487e-10,6.773423792992352e-10,6.773426231363898e-10,6.773428669702623e-10,6.773431107999993e-10,6.773433546269498e-10,6.773435984511379e-10,6.773438422721595e-10,6.773440860899318e-10,6.773443299045207e-10,6.773445737168124e-10,6.773448175249201e-10,6.773450613297684e-10,6.773453051314338e-10,6.773455489298358e-10,6.773457927245728e-10,6.773460365163521e-10,6.773462803050977e-10,6.773465240905243e-10,6.773467678729175e-10,6.773470116519759e-10,6.773472554278803e-10,6.773474992002284e-10,6.773477429695944e-10,6.773479867355414e-10,6.77348230498506e-10,6.773484742581835e-10,6.773487180146615e-10,6.773489617679086e-10,6.773492055178933e-10,6.77349449266001e-10,6.773496930094986e-10,6.773499367497654e-10,6.773501804868522e-10,6.773504242206553e-10,6.773506679514703e-10,6.773509116788787e-10,6.773511554034568e-10,6.773513991241535e-10,6.773516428422205e-10,6.77351886556677e-10,6.773521302679912e-10,6.773523739760706e-10,6.773526176807853e-10,6.773528613824019e-10,6.773531050819947e-10,6.773533487771537e-10,6.773535924691016e-10,6.77353836157919e-10,6.773540798434481e-10,6.773543235257038e-10,6.773545672044763e-10,6.773548108802621e-10,6.773550545527196e-10,6.773552982221268e-10,6.773555418881774e-10,6.773557855510873e-10,6.773560292109309e-10,6.773562728682216e-10,6.773565165214703e-10,6.7735676017153e-10,6.773570038183069e-10,6.773572474627649e-10,6.773574911030936e-10,6.773577347399313e-10,6.773579783737426e-10,6.773582220044812e-10,6.773584656319138e-10,6.773587092562085e-10,6.773589528770618e-10,6.773591964948338e-10,6.773594401094621e-10,6.773596837207374e-10,6.773599273287687e-10,6.77360170933442e-10,6.773604145349877e-10,6.77360658133367e-10,6.773609017287006e-10,6.773611453208296e-10,6.77361388910345e-10,6.773616324956625e-10,6.773618760778434e-10,6.773621196569175e-10,6.773623632327028e-10,6.773626068049852e-10,6.773628503743161e-10,6.773630939413428e-10,6.773633375043811e-10,6.773635810640365e-10,6.773638246204788e-10,6.773640681736566e-10,6.773643117235769e-10,6.773645552712272e-10,6.773647988142328e-10,6.773650423546132e-10,6.773652858912857e-10,6.773655294252832e-10,6.773657729559634e-10,6.773660164833974e-10,6.773662600076222e-10,6.773665035285047e-10,6.773667470463063e-10,6.77366990561838e-10,6.773672340729699e-10,6.773674775810663e-10,6.773677210860104e-10,6.773679645876261e-10,6.773682080860585e-10,6.773684515819533e-10,6.773686950738505e-10,6.77368938562505e-10,6.773691820480704e-10,6.773694255303774e-10,6.773696690094127e-10,6.773699124852571e-10,6.773701559578803e-10,6.773703994273268e-10,6.773706428929604e-10,6.773708863559145e-10,6.773711298159503e-10,6.773713732724461e-10,6.773716167257398e-10,6.773718601760497e-10,6.773721036231016e-10,6.773723470676074e-10,6.773725905080153e-10,6.773728339451773e-10,6.773730773791103e-10,6.773733208097668e-10,6.77373564237284e-10,6.773738076615134e-10,6.773740510823116e-10,6.77374294500117e-10,6.773745379147321e-10,6.773747813261201e-10,6.773750247342455e-10,6.773752681391117e-10,6.773755115408318e-10,6.773757549402016e-10,6.773759983353912e-10,6.773762417274047e-10,6.773764851152052e-10,6.773767285007879e-10,6.773769718831419e-10,6.773772152619812e-10,6.773774586378918e-10,6.77377702010776e-10,6.773779453802627e-10,6.773781887464495e-10,6.773784321094634e-10,6.773786754692022e-10,6.773789188257741e-10,6.773791621791474e-10,6.77379405528616e-10,6.773796488754509e-10,6.773798922193289e-10,6.773801355599775e-10,6.773803788980031e-10,6.773806222326619e-10,6.773808655634951e-10,6.773811088912348e-10,6.773813522155201e-10,6.773815955368876e-10,6.773818388552715e-10,6.773820821702365e-10,6.773823254813598e-10,6.773825687902118e-10,6.773828120955223e-10,6.77383055397738e-10,6.773832986964318e-10,6.773835419917362e-10,6.773837852837976e-10,6.773840285726285e-10,6.77384271858318e-10,6.773845151408133e-10,6.773847584208428e-10,6.773850016968693e-10,6.773852449696697e-10,6.773854882391886e-10,6.773857315062347e-10,6.773859747693365e-10,6.773862180292421e-10,6.773864612861634e-10,6.773867045393841e-10,6.773869477896751e-10,6.773871910367018e-10,6.773874342805509e-10,6.773876775211393e-10,6.773879207584517e-10,6.773881639926252e-10,6.77388407223484e-10,6.773886504511656e-10,6.773888936756424e-10,6.77389136896872e-10,6.773893801148964e-10,6.773896233297025e-10,6.773898665413236e-10,6.773901097497055e-10,6.773903529548308e-10,6.773905961569552e-10,6.773908393557027e-10,6.773910825513778e-10,6.773913257434214e-10,6.773915689324889e-10,6.773918121184618e-10,6.773920553010771e-10,6.773922984806457e-10,6.773925416566943e-10,6.773927848296679e-10,6.773930279993681e-10,6.773932711653979e-10,6.773935143285553e-10,6.773937574879993e-10,6.773940006451597e-10,6.773942437986903e-10,6.77394486949493e-10,6.773947300966485e-10,6.773949732405697e-10,6.77395216381273e-10,6.773954595188806e-10,6.773957026531573e-10,6.773959457841946e-10,6.773961889120047e-10,6.773964320365859e-10,6.773966751580019e-10,6.773969182761901e-10,6.773971613911154e-10,6.77397404502853e-10,6.773976476114733e-10,6.773978907167693e-10,6.773981338185542e-10,6.773983769171533e-10,6.773986200127858e-10,6.773988631052085e-10,6.77399106194393e-10,6.773993492803543e-10,6.773995923629325e-10,6.773998354424935e-10,6.774000785184919e-10,6.774003215914283e-10,6.774005646612257e-10,6.774008077278753e-10,6.774010507913884e-10,6.774012938516163e-10,6.77401536908605e-10,6.774017799623766e-10,6.774020230128845e-10,6.774022660602361e-10,6.774025091043568e-10,6.774027521454589e-10,6.774029951832336e-10,6.774032382176632e-10,6.774034812488947e-10,6.774037242768439e-10,6.774039673016159e-10,6.774042103231889e-10,6.774044533417117e-10,6.774046963570194e-10,6.774049393692089e-10,6.774051823779148e-10,6.774054253833402e-10,6.774056683856799e-10,6.774059113844542e-10,6.774061543800335e-10,6.774063973726402e-10,6.774066403616139e-10,6.774068833477991e-10,6.774071263306947e-10,6.774073693103827e-10,6.774076122868834e-10,6.774078552599102e-10,6.774080982299395e-10,6.774083411967785e-10,6.774085841601584e-10,6.774088271205151e-10,6.774090700777152e-10,6.774093130316665e-10,6.774095559824436e-10,6.774097989300897e-10,6.774100418743735e-10,6.774102848156655e-10,6.774105277535482e-10,6.774107706881928e-10,6.774110136195392e-10,6.774112565486947e-10,6.774114994736779e-10,6.774117423947055e-10,6.774119853130231e-10,6.774122282277499e-10,6.774124711399734e-10,6.774127140488487e-10,6.774129569545479e-10,6.774131998570199e-10,6.774134427551555e-10,6.774136856511831e-10,6.774139285445596e-10,6.774141714341437e-10,6.774144143204891e-10,6.774146572036472e-10,6.774149000836292e-10,6.774151429603424e-10,6.774153858338142e-10,6.774156287037953e-10,6.774158715708442e-10,6.774161144344243e-10,6.774163572950276e-10,6.774166001523839e-10,6.774168430065025e-10,6.774170858574728e-10,6.774173287052586e-10,6.774175715499193e-10,6.774178143911212e-10,6.774180572292527e-10,6.77418300064147e-10,6.774185428958238e-10,6.774187857242744e-10,6.77419028550275e-10,6.774192713722605e-10,6.77419514191085e-10,6.774197570066606e-10,6.774199998190518e-10,6.774202426282087e-10,6.77420485434089e-10,6.774207282367893e-10,6.774209710362886e-10,6.774212138324751e-10,6.774214566265853e-10,6.774216994163462e-10,6.774219422027381e-10,6.774221849861355e-10,6.774224277663421e-10,6.774226705433119e-10,6.774229133169829e-10,6.774231560884054e-10,6.774233988556936e-10,6.774236416198174e-10,6.774238843807212e-10,6.774241271383684e-10,6.774243698928386e-10,6.774246126440756e-10,6.774248553930612e-10,6.774250981380237e-10,6.774253408793533e-10,6.774255836168561e-10,6.774258263519871e-10,6.774260690832866e-10,6.774263118119993e-10,6.774265545374745e-10,6.774267972598989e-10,6.774270399788819e-10,6.774272826947317e-10,6.774275254073433e-10,6.774277681166483e-10,6.774280108227915e-10,6.774282535257502e-10,6.774284962254836e-10,6.774287389218653e-10,6.774289816151408e-10,6.774292243052888e-10,6.77429466992291e-10,6.774297096759039e-10,6.774299523562755e-10,6.774301950337345e-10,6.774304377077635e-10,6.774306803785312e-10,6.774309230458199e-10,6.774311657101966e-10,6.774314083712709e-10,6.774316510291868e-10,6.774318936839553e-10,6.774321363354817e-10,6.774323789837938e-10,6.774326216290235e-10,6.774328642708906e-10,6.774331069092324e-10,6.774333495436794e-10,6.7743359217589e-10,6.774338348048733e-10,6.77434077430627e-10,6.774343200531401e-10,6.77434562672578e-10,6.774348052894275e-10,6.774350479025642e-10,6.774352905122629e-10,6.774355331187331e-10,6.774357757219612e-10,6.774360183220186e-10,6.774362609190748e-10,6.774365035126993e-10,6.774367461031424e-10,6.774369886900994e-10,6.774372312740318e-10,6.774374738547948e-10,6.77437716432275e-10,6.774379590065211e-10,6.7743820157777e-10,6.774384441457014e-10,6.774386867097721e-10,6.774389292712499e-10,6.774391718295115e-10,6.774394143845483e-10,6.774396569363236e-10,6.774398994849356e-10,6.774401420301306e-10,6.774403845724457e-10,6.774406271114199e-10,6.774408696463773e-10,6.77441112178841e-10,6.774413547081419e-10,6.774415972343643e-10,6.774418397572935e-10,6.774420822768637e-10,6.774423247933242e-10,6.774425673065634e-10,6.774428098162772e-10,6.774430523230869e-10,6.774432948268763e-10,6.774435373273758e-10,6.774437798246486e-10,6.774440223186188e-10,6.774442648093566e-10,6.774445072969188e-10,6.774447497801641e-10,6.774449922613938e-10,6.774452347392409e-10,6.774454772140565e-10,6.774457196854879e-10,6.774459621537532e-10,6.774462046182408e-10,6.774464470803217e-10,6.774466895389125e-10,6.774469319943763e-10,6.774471744465464e-10,6.77447416895619e-10,6.774476593413395e-10,6.774479017838721e-10,6.774481442231862e-10,6.774483866592913e-10,6.774486290915401e-10,6.774488715202132e-10,6.774491139464858e-10,6.774493563696982e-10,6.774495987897341e-10,6.774498412067359e-10,6.774500836216949e-10,6.774503260320147e-10,6.774505684389548e-10,6.77450810842508e-10,6.774510532431863e-10,6.774512956407013e-10,6.774515380350258e-10,6.774517804260653e-10,6.774520228139378e-10,6.774522651995631e-10,6.7745250758104e-10,6.774527499593883e-10,6.774529923344105e-10,6.774532347062337e-10,6.774534770749695e-10,6.774537194403145e-10,6.774539618024683e-10,6.774542041609442e-10,6.774544465163811e-10,6.774546888685005e-10,6.774549312176022e-10,6.774551735636943e-10,6.774554159066005e-10,6.774556582461463e-10,6.774559005834565e-10,6.774561429167435e-10,6.77456385246769e-10,6.774566275735706e-10,6.774568698972054e-10,6.774571122177123e-10,6.774573545349046e-10,6.774575968488888e-10,6.774578391608088e-10,6.77458081468244e-10,6.774583237725801e-10,6.774585660739139e-10,6.774588083718203e-10,6.774590506665296e-10,6.774592929580085e-10,6.774595352464873e-10,6.774597775307705e-10,6.774600198123969e-10,6.774602620912331e-10,6.77460504366596e-10,6.774607466387992e-10,6.77460988908071e-10,6.77461231174681e-10,6.774614734380975e-10,6.774617156976715e-10,6.774619579538329e-10,6.774622002067408e-10,6.774624424564218e-10,6.774626847032279e-10,6.774629269465309e-10,6.774631691866361e-10,6.774634114235041e-10,6.774636536574414e-10,6.774638958879072e-10,6.774641381152812e-10,6.774643803395219e-10,6.77464622560297e-10,6.774648647778879e-10,6.774651069922592e-10,6.774653492035562e-10,6.774655914115063e-10,6.774658336163775e-10,6.774660758171961e-10,6.774663180155667e-10,6.774665602103738e-10,6.774668024020593e-10,6.774670445907846e-10,6.774672867762736e-10,6.774675289585639e-10,6.774677711376673e-10,6.774680133136329e-10,6.774682554876998e-10,6.774684976571396e-10,6.774687398233454e-10,6.774689819864392e-10,6.774692241461651e-10,6.774694663026979e-10,6.774697084572266e-10,6.774699506074928e-10,6.774701927546471e-10,6.774704348984748e-10,6.77470677038993e-10,6.77470919176313e-10,6.774711613104085e-10,6.774714034412988e-10,6.774716455689801e-10,6.774718876932925e-10,6.774721298142166e-10,6.774723719314609e-10,6.774726140463285e-10,6.774728561579334e-10,6.774730982663474e-10,6.774733403715877e-10,6.774735824735834e-10,6.774738245723693e-10,6.774740666681086e-10,6.774743087604534e-10,6.774745508492712e-10,6.774747929351993e-10,6.774750350179067e-10,6.774752770976247e-10,6.774755191734058e-10,6.774757612461502e-10,6.774760033160212e-10,6.774762453826604e-10,6.774764874460844e-10,6.774767295054891e-10,6.774769715625329e-10,6.774772136164377e-10,6.774774556672155e-10,6.774776977146194e-10,6.7747793975881e-10,6.774781817997498e-10,6.774784238378716e-10,6.774786658724216e-10,6.774789079048314e-10,6.774791499324549e-10,6.774793919574001e-10,6.774796339790893e-10,6.774798759973057e-10,6.774801180126015e-10,6.774803600244455e-10,6.774806020330618e-10,6.774808440388472e-10,6.774810860414115e-10,6.774813280406414e-10,6.774815700366939e-10,6.774818120295281e-10,6.774820540191377e-10,6.774822960057583e-10,6.774825379889476e-10,6.774827799689625e-10,6.774830219458754e-10,6.774832639198341e-10,6.77483505890223e-10,6.77483747857127e-10,6.774839898210689e-10,6.774842317817876e-10,6.774844737393237e-10,6.774847156936445e-10,6.774849576447465e-10,6.774851995937741e-10,6.774854415378372e-10,6.77485683479283e-10,6.774859254165741e-10,6.774861673512699e-10,6.774864092831257e-10,6.774866512118648e-10,6.774868931374929e-10,6.774871350597357e-10,6.774873769788423e-10,6.774876188946818e-10,6.774878608072552e-10,6.774881027165923e-10,6.77488344622841e-10,6.774885865257699e-10,6.774888284255203e-10,6.774890703219879e-10,6.774893122155626e-10,6.774895541050465e-10,6.774897959915863e-10,6.774900378753273e-10,6.774902797567688e-10,6.77490521634059e-10,6.774907635078794e-10,6.774910053787292e-10,6.774912472466666e-10,6.77491489111141e-10,6.774917309719775e-10,6.774919728297886e-10,6.774922146848417e-10,6.774924565364682e-10,6.774926983846604e-10,6.774929402300114e-10,6.774931820714428e-10,6.774934239101752e-10,6.774936657457985e-10,6.774939075781385e-10,6.774941494073013e-10,6.774943912331836e-10,6.774946330560338e-10,6.774948748755277e-10,6.774951166921844e-10,6.774953585053097e-10,6.774956003153479e-10,6.774958421220553e-10,6.774960839255234e-10,6.774963257256599e-10,6.774965675229461e-10,6.774968093171804e-10,6.77497051107902e-10,6.774972928953545e-10,6.774975346792185e-10,6.774977764602439e-10,6.774980182380838e-10,6.77498260012089e-10,6.774985017835007e-10,6.774987435522619e-10,6.774989853175445e-10,6.774992270793479e-10,6.774994688379538e-10,6.774997105932926e-10,6.774999523448063e-10,6.775001940938746e-10,6.775004358396468e-10,6.775006775822701e-10,6.775009193216045e-10,6.775011610577461e-10,6.775014027909622e-10,6.775016445206391e-10,6.775018862471653e-10,6.775021279704772e-10,6.775023696907127e-10,6.775026114075563e-10,6.775028531215322e-10,6.775030948319869e-10,6.775033365392146e-10,6.775035782432694e-10,6.775038199442912e-10,6.77504061641921e-10,6.775043033376353e-10,6.775045450277537e-10,6.77504786715781e-10,6.775050284006016e-10,6.775052700822456e-10,6.77505511760615e-10,6.775057534360163e-10,6.775059951079752e-10,6.775062367769772e-10,6.775064784425189e-10,6.775067201050212e-10,6.775069617643929e-10,6.775072034202706e-10,6.775074450731068e-10,6.775076867225689e-10,6.775079283688997e-10,6.775081700120257e-10,6.775084116519711e-10,6.775086532883583e-10,6.775088949218847e-10,6.775091365523852e-10,6.77509378179482e-10,6.775096198032063e-10,6.775098614238774e-10,6.775101030414558e-10,6.775103446557077e-10,6.775105862663574e-10,6.775108278750775e-10,6.77511069479706e-10,6.775113110801478e-10,6.775115526783948e-10,6.775117942734171e-10,6.775120358652324e-10,6.775122774553306e-10,6.775125190407199e-10,6.775127606229373e-10,6.77513002201937e-10,6.775132437788193e-10,6.775134853513703e-10,6.775137269207647e-10,6.775139684869581e-10,6.775142100500396e-10,6.77514451609285e-10,6.775146931660429e-10,6.775149347203201e-10,6.77515176270243e-10,6.775154178170353e-10,6.775156593608616e-10,6.775159009015196e-10,6.7751614243863e-10,6.775163839727146e-10,6.775166255036481e-10,6.775168670314035e-10,6.775171085557975e-10,6.775173500773135e-10,6.775175915953182e-10,6.775178331101525e-10,6.775180746218258e-10,6.77518316130308e-10,6.775185576354909e-10,6.775187991375312e-10,6.775190406371279e-10,6.775192821324672e-10,6.775195236248737e-10,6.775197651141997e-10,6.775200065994636e-10,6.775202480822876e-10,6.775204895615804e-10,6.775207310380988e-10,6.775209725112839e-10,6.775212139810668e-10,6.775214554478655e-10,6.775216969112155e-10,6.775219383716074e-10,6.775221798286079e-10,6.775224212825403e-10,6.775226627332517e-10,6.775229041808219e-10,6.775231456249312e-10,6.775233870660487e-10,6.775236285039995e-10,6.775238699387141e-10,6.775241113703338e-10,6.775243527986987e-10,6.7752459422372e-10,6.775248356455525e-10,6.7752507706407e-10,6.775253184795695e-10,6.775255598918908e-10,6.775258013009943e-10,6.775260427071057e-10,6.775262841093776e-10,6.775265255090005e-10,6.775267669057249e-10,6.77527008299022e-10,6.77527249688346e-10,6.775274910750751e-10,6.775277324584838e-10,6.77527973838737e-10,6.775282152161617e-10,6.775284565899263e-10,6.775286979607003e-10,6.775289393282555e-10,6.7752918069216e-10,6.775294220552231e-10,6.775296634130632e-10,6.775299047676848e-10,6.775301461190937e-10,6.775303874673437e-10,6.775306288123585e-10,6.775308701546975e-10,6.775311114935116e-10,6.775313528284835e-10,6.775315941606781e-10,6.77531835489688e-10,6.775320768157562e-10,6.7753231813848e-10,6.775325594578573e-10,6.77532800773991e-10,6.775330420870425e-10,6.775332833967881e-10,6.775335247033458e-10,6.775337660067246e-10,6.775340073070025e-10,6.775342486035022e-10,6.775344898972574e-10,6.77534731187832e-10,6.77534972475208e-10,6.775352137592808e-10,6.775354550402169e-10,6.775356963179539e-10,6.775359375926051e-10,6.775361788640358e-10,6.775364201329388e-10,6.775366613978612e-10,6.775369026597004e-10,6.775371439178138e-10,6.775373851742471e-10,6.775376264263103e-10,6.775378676751434e-10,6.775381089209992e-10,6.775383501635445e-10,6.775385914023956e-10,6.775388326396071e-10,6.775390738726124e-10,6.7753931510229e-10,6.775395563289157e-10,6.775397975521422e-10,6.775400387722346e-10,6.775402799890335e-10,6.775405212027002e-10,6.7754076241323e-10,6.775410036207289e-10,6.775412448247923e-10,6.775414860256709e-10,6.775417272233616e-10,6.77541968417808e-10,6.775422096088385e-10,6.775424507962023e-10,6.775426919810653e-10,6.775429331625766e-10,6.775431743411162e-10,6.775434155162751e-10,6.775436566876334e-10,6.775438978564356e-10,6.775441390220814e-10,6.775443801845569e-10,6.775446213437497e-10,6.775448624989793e-10,6.77545103651825e-10,6.775453448014612e-10,6.775455859476607e-10,6.775458270908773e-10,6.775460682317466e-10,6.775463093686137e-10,6.775465505021903e-10,6.775467916325111e-10,6.775470327598247e-10,6.77547273883862e-10,6.775475150046604e-10,6.775477561227983e-10,6.775479972371611e-10,6.77548238348973e-10,6.775484794569908e-10,6.775487205618e-10,6.775489616636674e-10,6.775492027612705e-10,6.775494438564326e-10,6.775496849484316e-10,6.775499260376056e-10,6.775501671232088e-10,6.775504082055697e-10,6.775506492848741e-10,6.775508903608514e-10,6.775511314335344e-10,6.775513725034768e-10,6.775516135705589e-10,6.775518546337462e-10,6.77552095693724e-10,6.775523367516098e-10,6.775525778052025e-10,6.775528188555806e-10,6.775530599022095e-10,6.775533009461964e-10,6.775535419870033e-10,6.775537830245007e-10,6.775540240588698e-10,6.775542650900723e-10,6.775545061181929e-10,6.77554747143134e-10,6.775549881646967e-10,6.775552291818882e-10,6.775554701970707e-10,6.775557112090912e-10,6.775559522186276e-10,6.77556193224178e-10,6.775564342263072e-10,6.77556675224534e-10,6.775569162202932e-10,6.775571572131039e-10,6.775573982029531e-10,6.775576391895158e-10,6.775578801726379e-10,6.775581211525885e-10,6.775583621293605e-10,6.775586031029335e-10,6.775588440733013e-10,6.775590850405544e-10,6.775593260045276e-10,6.77559566965257e-10,6.775598079228083e-10,6.775600488771217e-10,6.775602898283017e-10,6.775605307767454e-10,6.775607717215213e-10,6.775610126631054e-10,6.775612536012024e-10,6.775614945365144e-10,6.775617354684227e-10,6.775619763969307e-10,6.775622173224841e-10,6.775624582448102e-10,6.77562699164172e-10,6.775629400795958e-10,6.775631809927792e-10,6.775634219023287e-10,6.775636628086969e-10,6.775639037124663e-10,6.77564144612413e-10,6.775643855086486e-10,6.775646264022059e-10,6.775648672925498e-10,6.775651081797134e-10,6.775653490636871e-10,6.775655899445618e-10,6.775658308221242e-10,6.775660716967088e-10,6.775663125678658e-10,6.775665534358243e-10,6.775667943005903e-10,6.77567035162115e-10,6.775672760204785e-10,6.775675168757489e-10,6.77567757728018e-10,6.775679985767881e-10,6.775682394223394e-10,6.775684802647667e-10,6.775687211029993e-10,6.775689619389661e-10,6.775692027717286e-10,6.775694436011796e-10,6.775696844275607e-10,6.775699252506726e-10,6.775701660706597e-10,6.775704068874343e-10,6.775706477010134e-10,6.775708885115132e-10,6.775711293186794e-10,6.775713701227437e-10,6.775716109235213e-10,6.775718517210941e-10,6.775720925154898e-10,6.775723333063494e-10,6.775725740942044e-10,6.775728148789328e-10,6.775730556604326e-10,6.775732964388527e-10,6.775735372140521e-10,6.775737779871088e-10,6.775740187559415e-10,6.77574259521488e-10,6.775745002839575e-10,6.775747410431472e-10,6.775749817991301e-10,6.775752225519511e-10,6.775754633014303e-10,6.775757040478414e-10,6.775759447913045e-10,6.775761855313707e-10,6.775764262681735e-10,6.775766670019719e-10,6.775769077323771e-10,6.775771484595554e-10,6.775773891835512e-10,6.775776299043402e-10,6.775778706221164e-10,6.775781113366641e-10,6.775783520481262e-10,6.775785927561843e-10,6.775788334616212e-10,6.775790741632495e-10,6.77579314861594e-10,6.77579555556798e-10,6.775797962488432e-10,6.775800369376467e-10,6.775802776230599e-10,6.775805183055001e-10,6.775807589847547e-10,6.775809996607683e-10,6.775812403336164e-10,6.775814810032682e-10,6.775817216699168e-10,6.775819623332192e-10,6.775822029929316e-10,6.775824436498388e-10,6.775826843034801e-10,6.775829249539307e-10,6.775831656012039e-10,6.775834062452525e-10,6.775836468862554e-10,6.775838875234862e-10,6.775841281579675e-10,6.775843687886328e-10,6.77584609416737e-10,6.775848500416073e-10,6.775850906631837e-10,6.775853312818779e-10,6.775855718972605e-10,6.775858125087932e-10,6.77586053118412e-10,6.775862937240216e-10,6.775865343265161e-10,6.7758677492674e-10,6.775870155229054e-10,6.775872561156945e-10,6.775874967062807e-10,6.775877372928104e-10,6.775879778760675e-10,6.775882184562929e-10,6.775884590332224e-10,6.775886996068532e-10,6.775889401773962e-10,6.77589180744667e-10,6.775894213088041e-10,6.775896618697574e-10,6.775899024270955e-10,6.775901429815819e-10,6.775903835330313e-10,6.775906240812278e-10,6.775908646261957e-10,6.775911051678995e-10,6.775913457075381e-10,6.775915862426883e-10,6.775918267748811e-10,6.775920673039529e-10,6.775923078295889e-10,6.775925483521571e-10,6.775927888716942e-10,6.775930293882196e-10,6.775932699032724e-10,6.775935104132908e-10,6.775937509198985e-10,6.77593991423304e-10,6.77594231923415e-10,6.775944724203403e-10,6.775947129141839e-10,6.775949534048378e-10,6.775951938922709e-10,6.77595434376505e-10,6.775956748575346e-10,6.775959153354072e-10,6.775961558100524e-10,6.775963962817197e-10,6.775966367501178e-10,6.775968772152681e-10,6.775971176770439e-10,6.775973581358958e-10,6.775975985913678e-10,6.775978390436228e-10,6.775980794927183e-10,6.775983199385983e-10,6.775985603812646e-10,6.775988008207524e-10,6.775990412571686e-10,6.775992816904281e-10,6.775995221203372e-10,6.775997625472119e-10,6.776000029707245e-10,6.776002433911937e-10,6.776004838076081e-10,6.776007242207647e-10,6.776009646315315e-10,6.776012050387244e-10,6.776014454433437e-10,6.776016858445148e-10,6.776019262424666e-10,6.77602166637377e-10,6.776024070291007e-10,6.776026474169254e-10,6.77602887802096e-10,6.77603128184135e-10,6.776033685629204e-10,6.776036089384619e-10,6.776038493108586e-10,6.776040896800563e-10,6.776043300461562e-10,6.776045704089726e-10,6.776048107687117e-10,6.776050511251375e-10,6.776052914784658e-10,6.77605531828488e-10,6.776057721765619e-10,6.776060125201227e-10,6.776062528605616e-10,6.776064931978112e-10,6.776067335319542e-10,6.776069738626821e-10,6.776072141904948e-10,6.776074545148982e-10,6.776076948361578e-10,6.776079351544432e-10,6.776081754694993e-10,6.776084157811981e-10,6.776086560897011e-10,6.776088963951635e-10,6.776091366973341e-10,6.776093769962182e-10,6.776096172921559e-10,6.77609857585531e-10,6.776100978748658e-10,6.776103381610083e-10,6.776105784440052e-10,6.776108187235041e-10,6.776110590000508e-10,6.776112992734068e-10,6.776115395435827e-10,6.776117798106785e-10,6.776120200744638e-10,6.776122603353366e-10,6.776125005927184e-10,6.776127408469846e-10,6.776129810981281e-10,6.776132213460408e-10,6.776134615906109e-10,6.776137018321806e-10,6.776139420706147e-10,6.776141823056735e-10,6.77614422537464e-10,6.776146627662361e-10,6.776149029916196e-10,6.776151432139074e-10,6.776153834326884e-10,6.776156236485442e-10,6.77615863861223e-10,6.776161040707503e-10,6.776163442767157e-10,6.77616584479912e-10,6.77616824679851e-10,6.77617064876094e-10,6.776173050694984e-10,6.776175452597857e-10,6.776177854469096e-10,6.776180256309397e-10,6.776182658117724e-10,6.776185059893351e-10,6.776187461636722e-10,6.776189863348303e-10,6.776192265027792e-10,6.776194666675174e-10,6.776197068292124e-10,6.776199469876332e-10,6.776201871429334e-10,6.776204272950093e-10,6.776206674440374e-10,6.776209075896442e-10,6.776211477322405e-10,6.776213878707949e-10,6.776216280069585e-10,6.776218681398199e-10,6.776221082694545e-10,6.776223483959368e-10,6.776225885192161e-10,6.776228286405478e-10,6.776230687573624e-10,6.776233088710485e-10,6.776235489817153e-10,6.776237890890818e-10,6.776240291941914e-10,6.776242692951211e-10,6.776245093928333e-10,6.776247494873193e-10,6.776249895785946e-10,6.776252296667894e-10,6.776254697518655e-10,6.776257098336386e-10,6.776259499122021e-10,6.776261899875854e-10,6.776264300597128e-10,6.776266701286237e-10,6.776269101944153e-10,6.776271502569838e-10,6.776273903165283e-10,6.776276303727238e-10,6.776278704257831e-10,6.776281104756133e-10,6.776283505222325e-10,6.776285905658894e-10,6.776288306057689e-10,6.776290706421538e-10,6.776293106760596e-10,6.776295507067796e-10,6.776297907343057e-10,6.77630030758619e-10,6.77630270781011e-10,6.776305107988941e-10,6.776307508137408e-10,6.776309908252997e-10,6.776312308337362e-10,6.776314708388947e-10,6.776317108408544e-10,6.776319508399674e-10,6.776321908355539e-10,6.776324308280035e-10,6.776326708181172e-10,6.776329108041828e-10,6.776331507867122e-10,6.77633390766361e-10,6.776336307434015e-10,6.776338707166407e-10,6.776341106867084e-10,6.776343506536809e-10,6.776345906173832e-10,6.776348305774515e-10,6.776350705346443e-10,6.776353104887993e-10,6.776355504396695e-10,6.77635790387434e-10,6.776360303319021e-10,6.77636270273236e-10,6.776365102113919e-10,6.776367501463835e-10,6.776369900781504e-10,6.776372300067022e-10,6.776374699321621e-10,6.776377098543824e-10,6.776379497729721e-10,6.776381896888214e-10,6.776384296014941e-10,6.776386695111611e-10,6.77638909417503e-10,6.776391493220764e-10,6.776393892219614e-10,6.776396291186442e-10,6.776398690122928e-10,6.776401089025072e-10,6.776403487885799e-10,6.776405886724783e-10,6.776408285529591e-10,6.776410684307003e-10,6.776413083050327e-10,6.776415481763541e-10,6.776417880442189e-10,6.776420279089923e-10,6.776422677705693e-10,6.77642507629054e-10,6.776427474842569e-10,6.776429873363732e-10,6.776432271852071e-10,6.776434670304902e-10,6.776437068728635e-10,6.77643946712413e-10,6.776441865481396e-10,6.776444263806217e-10,6.776446662103063e-10,6.776449060367305e-10,6.776451458601577e-10,6.7764538568169e-10,6.776456254987188e-10,6.776458653124664e-10,6.776461051230014e-10,6.776463449302578e-10,6.776465847344055e-10,6.77646824535375e-10,6.776470643343863e-10,6.77647304129314e-10,6.776475439207188e-10,6.776477837089529e-10,6.776480234949636e-10,6.776482632768254e-10,6.77648503054894e-10,6.776487428303605e-10,6.776489826026454e-10,6.77649222371811e-10,6.776494621371025e-10,6.776497018998931e-10,6.776499416594096e-10,6.77650181415941e-10,6.776504211690776e-10,6.776506609192319e-10,6.776509006659706e-10,6.776511404096883e-10,6.776513801499816e-10,6.776516198870776e-10,6.776518596219075e-10,6.776520993529434e-10,6.77652339080577e-10,6.776525788050356e-10,6.776528185262338e-10,6.776530582445495e-10,6.776532979594664e-10,6.776535376719283e-10,6.776537773804347e-10,6.776540170855686e-10,6.77654256787919e-10,6.776544964868145e-10,6.77654736182551e-10,6.776549758750143e-10,6.776552155645965e-10,6.776554552506356e-10,6.776556949337049e-10,6.776559346135011e-10,6.776561742900633e-10,6.776564139635521e-10,6.776566536337146e-10,6.776568933009119e-10,6.776571329647042e-10,6.776573726253464e-10,6.77657612282815e-10,6.776578519369511e-10,6.776580915880518e-10,6.77658331235916e-10,6.776585708806557e-10,6.776588105221906e-10,6.776590501605428e-10,6.776592897951417e-10,6.776595294267723e-10,6.776597690555657e-10,6.776600086811342e-10,6.776602483028875e-10,6.77660487922113e-10,6.776607275377129e-10,6.776609671504548e-10,6.776612067600951e-10,6.776614463665587e-10,6.776616859697945e-10,6.776619255707505e-10,6.776621651676548e-10,6.776624047614025e-10,6.776626443519661e-10,6.776628839393037e-10,6.776631235235746e-10,6.776633631045139e-10,6.776636026816018e-10,6.776638422556731e-10,6.776640818270493e-10,6.776643213952465e-10,6.776645609599375e-10,6.776648005216738e-10,6.776650400803692e-10,6.776652796358808e-10,6.776655191881144e-10,6.776657587372076e-10,6.776659982831061e-10,6.776662378257508e-10,6.776664773652971e-10,6.776667169021187e-10,6.776669564352937e-10,6.776671959652564e-10,6.776674354920474e-10,6.776676750152737e-10,6.776679145358417e-10,6.776681540530073e-10,6.77668393567043e-10,6.776686330778909e-10,6.776688725854973e-10,6.776691120896931e-10,6.776693515905383e-10,6.776695910894187e-10,6.776698305843883e-10,6.776700700761031e-10,6.776703095638137e-10,6.776705490491344e-10,6.776707885313583e-10,6.776710280103319e-10,6.77671267485153e-10,6.776715069577314e-10,6.776717464272493e-10,6.776719858934738e-10,6.776722253566074e-10,6.776724648163259e-10,6.776727042730135e-10,6.776729437264848e-10,6.776731831768783e-10,6.776734226241592e-10,6.776736620681222e-10,6.776739015088621e-10,6.776741409463902e-10,6.776743803798502e-10,6.776746198110492e-10,6.776748592387442e-10,6.776750986637551e-10,6.776753380855629e-10,6.77675577503999e-10,6.776758169192736e-10,6.776760563313486e-10,6.776762957403214e-10,6.776765351477898e-10,6.776767745503025e-10,6.776770139496273e-10,6.776772533459647e-10,6.776774927389417e-10,6.776777321289184e-10,6.776779715155915e-10,6.776782108988599e-10,6.776784502786622e-10,6.776786896547054e-10,6.77678929028556e-10,6.776791683991442e-10,6.776794077666189e-10,6.77679647130951e-10,6.776798864920625e-10,6.776801258501791e-10,6.776803652048993e-10,6.776806045564457e-10,6.776808439047312e-10,6.776810832498926e-10,6.776813225917027e-10,6.776815619305173e-10,6.776818012662421e-10,6.776820405988462e-10,6.77682279927481e-10,6.776825192535691e-10,6.77682758576211e-10,6.77682997895907e-10,6.776832372124176e-10,6.776834765257384e-10,6.776837158358658e-10,6.776839551424939e-10,6.776841944460409e-10,6.776844337454705e-10,6.776846730421988e-10,6.776849123363957e-10,6.776851516275128e-10,6.776853909148275e-10,6.776856301994821e-10,6.776858694811442e-10,6.77686108759664e-10,6.776863480344599e-10,6.776865873063734e-10,6.776868265744465e-10,6.776870658400146e-10,6.776873051021462e-10,6.7768754436135e-10,6.776877836173377e-10,6.776880228706941e-10,6.776882621203455e-10,6.776885013667901e-10,6.77688740609739e-10,6.77688979849814e-10,6.776892190869115e-10,6.776894583207113e-10,6.77689697549878e-10,6.776899367773981e-10,6.776901760009468e-10,6.776904152219157e-10,6.776906544391609e-10,6.77690893653752e-10,6.776911328651169e-10,6.776913720732479e-10,6.776916112783098e-10,6.77691850480175e-10,6.776920896801812e-10,6.776923288755711e-10,6.776925680678768e-10,6.776928072553675e-10,6.776930464410565e-10,6.776932856235243e-10,6.776935248030855e-10,6.776937639797093e-10,6.776940031524548e-10,6.776942423224474e-10,6.776944814893243e-10,6.77694720653e-10,6.77694959813506e-10,6.776951989707677e-10,6.776954381248656e-10,6.776956772757731e-10,6.776959164234227e-10,6.776961555679785e-10,6.776963947093465e-10,6.776966338477316e-10,6.776968729827439e-10,6.776971121145528e-10,6.776973512431217e-10,6.776975903685813e-10,6.776978294909473e-10,6.776980686098181e-10,6.776983077254594e-10,6.776985468389418e-10,6.776987859484514e-10,6.776990250548168e-10,6.776992641580154e-10,6.77699503258352e-10,6.776997423551107e-10,6.776999814487658e-10,6.777002205392061e-10,6.777004596257838e-10,6.77700698709814e-10,6.777009377906582e-10,6.777011768683506e-10,6.77701415942883e-10,6.777016550142306e-10,6.777018940825657e-10,6.777021331477096e-10,6.777023722095787e-10,6.777026112681897e-10,6.777028503236356e-10,6.777030893761013e-10,6.777033284251741e-10,6.777035674710513e-10,6.777038065137411e-10,6.777040455541744e-10,6.777042845894662e-10,6.777045236227836e-10,6.777047626527502e-10,6.77705001679533e-10,6.777052407032841e-10,6.777054797235529e-10,6.777057187407804e-10,6.777059577548412e-10,6.777061967657258e-10,6.777064357734517e-10,6.777066747781024e-10,6.777069137795169e-10,6.777071527775672e-10,6.777073917725452e-10,6.777076307642695e-10,6.777078697528776e-10,6.777081087383275e-10,6.77708347720645e-10,6.777085866996251e-10,6.777088256755463e-10,6.777090646482386e-10,6.777093036178676e-10,6.777095425841182e-10,6.777097815472399e-10,6.777100205072018e-10,6.777102594639655e-10,6.777104984176074e-10,6.77710737367075e-10,6.777109763142993e-10,6.777112152589504e-10,6.777114542000366e-10,6.777116931377325e-10,6.777119320721583e-10,6.777121710034862e-10,6.777124099316399e-10,6.777126488563424e-10,6.77712887778315e-10,6.777131266969144e-10,6.777133656131091e-10,6.7771360452566e-10,6.777138434347273e-10,6.777140823406229e-10,6.777143212435105e-10,6.777145601430553e-10,6.777147990391376e-10,6.777150379323111e-10,6.777152768213613e-10,6.777155157081502e-10,6.777157545917596e-10,6.777159934720302e-10,6.777162323493705e-10,6.777164712232496e-10,6.777167100941344e-10,6.777169489618483e-10,6.777171878263749e-10,6.777174266876992e-10,6.777176655458441e-10,6.777179044008338e-10,6.777181432517374e-10,6.777183821004827e-10,6.77718620945862e-10,6.777188597881155e-10,6.777190986272094e-10,6.777193374630567e-10,6.777195762958705e-10,6.77719815125405e-10,6.777200539517492e-10,6.777202927749536e-10,6.777205315949478e-10,6.777207704117833e-10,6.777210092254609e-10,6.777212480359139e-10,6.777214868432031e-10,6.777217256474531e-10,6.777219644483548e-10,6.777222032463117e-10,6.777224420408703e-10,6.77722680831448e-10,6.777229196196422e-10,6.77723158404665e-10,6.777233971865486e-10,6.777236359651755e-10,6.777238747406053e-10,6.777241135128925e-10,6.777243522820363e-10,6.777245910482124e-10,6.777248298105488e-10,6.777250685701624e-10,6.777253073258715e-10,6.77725546079126e-10,6.77725784828913e-10,6.777260235757788e-10,6.777262623190823e-10,6.777265010593786e-10,6.777267397966908e-10,6.777269785304902e-10,6.777272172617735e-10,6.777274559895524e-10,6.77727694714243e-10,6.777279334356476e-10,6.777281721538926e-10,6.777284108688615e-10,6.777286495808938e-10,6.777288882895738e-10,6.777291269950816e-10,6.777293656975504e-10,6.77729604396727e-10,6.777298430926834e-10,6.777300817853296e-10,6.777303204752242e-10,6.777305591613155e-10,6.777307978439357e-10,6.777310365241591e-10,6.777312752009878e-10,6.777315138749036e-10,6.777317525465784e-10,6.777319912139581e-10,6.777322298783216e-10,6.777324685392778e-10,6.777327071964664e-10,6.777329458519276e-10,6.777331845034031e-10,6.777334231517096e-10,6.777336617968302e-10,6.777339004390966e-10,6.777341390778302e-10,6.777343777133903e-10,6.77734616345782e-10,6.777348549750157e-10,6.777350936012089e-10,6.777353322239584e-10,6.777355708438037e-10,6.777358094602565e-10,6.777360480736312e-10,6.777362866838531e-10,6.777365252917723e-10,6.777367638960249e-10,6.777370024965876e-10,6.777372410941457e-10,6.777374796878807e-10,6.777377182789473e-10,6.77737956865266e-10,6.777381954500361e-10,6.777384340311968e-10,6.777386726096782e-10,6.777389111849804e-10,6.777391497569719e-10,6.777393883261101e-10,6.77739626891775e-10,6.777398654543057e-10,6.777401040136265e-10,6.777403425698057e-10,6.777405811229025e-10,6.777408196736337e-10,6.777410582202012e-10,6.777412967636068e-10,6.777415353038396e-10,6.777417738409336e-10,6.777420123748085e-10,6.777422509053495e-10,6.777424894323117e-10,6.777427279566628e-10,6.777429664778735e-10,6.777432049958758e-10,6.777434435108205e-10,6.777436820224725e-10,6.777439205308661e-10,6.777441590361453e-10,6.777443975382597e-10,6.77744636037229e-10,6.777448745329349e-10,6.777451130274448e-10,6.777453515167293e-10,6.77745590002915e-10,6.777458284859663e-10,6.777460669657837e-10,6.77746305442461e-10,6.777465439159796e-10,6.777467823864075e-10,6.777470208533152e-10,6.777472593172783e-10,6.777474977780864e-10,6.777477362357054e-10,6.777479746905428e-10,6.777482131418107e-10,6.777484515903481e-10,6.777486900352942e-10,6.777489284775154e-10,6.777491669162854e-10,6.777494053517241e-10,6.777496437838923e-10,6.777498822128896e-10,6.777501206400455e-10,6.777503590629361e-10,6.777505974823998e-10,6.777508358986503e-10,6.777510743114726e-10,6.777513127212688e-10,6.777515511281233e-10,6.777517895317036e-10,6.777520279320702e-10,6.777522663292884e-10,6.777525047233262e-10,6.777527431159311e-10,6.777529815036898e-10,6.77753219888235e-10,6.777534582695644e-10,6.777536966477709e-10,6.777539350227971e-10,6.77754173394649e-10,6.777544117626815e-10,6.777546501281978e-10,6.777548884901976e-10,6.777551268493699e-10,6.777553652072223e-10,6.77755603559988e-10,6.777558419094842e-10,6.777560802551894e-10,6.777563185984528e-10,6.777565569383977e-10,6.777567952753221e-10,6.777570336091081e-10,6.77757271939558e-10,6.777575102670972e-10,6.777577485914663e-10,6.777579869126205e-10,6.777582252307795e-10,6.777584635451285e-10,6.77758701856758e-10,6.777589401644014e-10,6.777591784694496e-10,6.777594167711342e-10,6.777596550699436e-10,6.777598933654966e-10,6.777601316579562e-10,6.777603699473421e-10,6.777606082331306e-10,6.777608465164028e-10,6.777610847970569e-10,6.777613230735695e-10,6.77761561347211e-10,6.777617996174089e-10,6.777620378844441e-10,6.77762276148321e-10,6.777625144087428e-10,6.777627526674709e-10,6.777629909218379e-10,6.777632291727615e-10,6.777634674214766e-10,6.777637056663083e-10,6.777639439079815e-10,6.777641821459145e-10,6.777644203811907e-10,6.777646586134131e-10,6.777648968423553e-10,6.777651350681607e-10,6.777653732905096e-10,6.777656115100402e-10,6.777658497264195e-10,6.777660879394856e-10,6.77766326149421e-10,6.777665643561324e-10,6.777668025596479e-10,6.77767040759969e-10,6.777672789572214e-10,6.777675171512594e-10,6.77767755342323e-10,6.777679935300217e-10,6.777682317144567e-10,6.777684698957799e-10,6.77768708073904e-10,6.777689462485622e-10,6.777691844203866e-10,6.777694225883488e-10,6.777696607537353e-10,6.777698989161863e-10,6.77770137075306e-10,6.777703752312673e-10,6.777706133840939e-10,6.777708515336575e-10,6.777710896800838e-10,6.777713278231984e-10,6.777715659632697e-10,6.777718041001697e-10,6.777720422346668e-10,6.777722803650923e-10,6.777725184916971e-10,6.777727566158956e-10,6.777729947369289e-10,6.777732328548889e-10,6.777734709696299e-10,6.777737090810952e-10,6.777739471891905e-10,6.777741852938474e-10,6.777744233958358e-10,6.77774661494657e-10,6.777748995903282e-10,6.777751376828007e-10,6.777753757720366e-10,6.777756138581549e-10,6.777758519407299e-10,6.777760900205069e-10,6.777763280970048e-10,6.777765661705801e-10,6.777768042405933e-10,6.777770423073101e-10,6.777772803713387e-10,6.777775184314169e-10,6.777777564890773e-10,6.777779945434577e-10,6.77778232594688e-10,6.7777847064251e-10,6.777787086863544e-10,6.777789467280436e-10,6.777791847662363e-10,6.777794228011584e-10,6.77779660833347e-10,6.777798988624972e-10,6.777801368881632e-10,6.777803749107424e-10,6.777806129295034e-10,6.777808509453339e-10,6.777810889584797e-10,6.777813269684938e-10,6.777815649752755e-10,6.777818029788975e-10,6.777820409792356e-10,6.777822789765114e-10,6.777825169706208e-10,6.777827549615054e-10,6.777829929492654e-10,6.77783230933852e-10,6.777834689153756e-10,6.777837068935157e-10,6.777839448685466e-10,6.777841828412509e-10,6.777844208095522e-10,6.777846587750934e-10,6.777848967383008e-10,6.777851346974152e-10,6.777853726534062e-10,6.77785610606275e-10,6.777858485559442e-10,6.777860865022176e-10,6.777863244455513e-10,6.777865623857418e-10,6.777868003227287e-10,6.777870382565507e-10,6.777872761863396e-10,6.777875141138361e-10,6.777877520381602e-10,6.77787989959108e-10,6.777882278770778e-10,6.777884657916641e-10,6.777887037033231e-10,6.777889416117361e-10,6.777891795170544e-10,6.777894174188713e-10,6.777896553176984e-10,6.777898932134649e-10,6.777901311060743e-10,6.777903689951931e-10,6.777906068813834e-10,6.777908447643522e-10,6.77791082644116e-10,6.777913205204428e-10,6.777915583940148e-10,6.777917962645142e-10,6.777920341317526e-10,6.777922719956472e-10,6.777925098565363e-10,6.777927477143604e-10,6.777929855689067e-10,6.777932234202602e-10,6.777934612673219e-10,6.777936991122748e-10,6.777939369542988e-10,6.77794174792969e-10,6.777944126277754e-10,6.777946504599029e-10,6.777948882901515e-10,6.777951261159942e-10,6.777953639387578e-10,6.777956017584793e-10,6.777958395749174e-10,6.77796077388045e-10,6.777963151982696e-10,6.777965530052873e-10,6.777967908091084e-10,6.777970286097377e-10,6.777972664071575e-10,6.777975042013804e-10,6.777977419928126e-10,6.777979797822843e-10,6.777982175672008e-10,6.777984553489356e-10,6.777986931273876e-10,6.777989309026331e-10,6.777991686746336e-10,6.777994064435752e-10,6.777996442093377e-10,6.777998819719157e-10,6.778001197313315e-10,6.778003574875705e-10,6.778005952406303e-10,6.778008329906056e-10,6.778010707389954e-10,6.778013084823353e-10,6.778015462242413e-10,6.778017839616132e-10,6.77802021695896e-10,6.778022594269083e-10,6.778024971546206e-10,6.778027348791024e-10,6.778029726004222e-10,6.778032103184248e-10,6.778034480345933e-10,6.778036857463914e-10,6.778039234552993e-10,6.778041611608305e-10,6.778043988631808e-10,6.778046365610317e-10,6.778048742569327e-10,6.778051119495673e-10,6.778053496392451e-10,6.77805587325836e-10,6.778058250091162e-10,6.778060626894305e-10,6.778063003664041e-10,6.778065380402074e-10,6.778067757108611e-10,6.778070133784026e-10,6.778072510427357e-10,6.778074887040607e-10,6.778077263621026e-10,6.77807964016891e-10,6.778082016685249e-10,6.778084393171058e-10,6.778086769624269e-10,6.778089146042473e-10,6.778091522431986e-10,6.778093898789554e-10,6.778096275114994e-10,6.77809865141071e-10,6.7781010276683e-10,6.778103403896645e-10,6.778105780096266e-10,6.778108156264232e-10,6.778110532400154e-10,6.77811290850335e-10,6.778115284576084e-10,6.778117660629029e-10,6.778120036641978e-10,6.778122412618746e-10,6.778124788566742e-10,6.77812716447559e-10,6.778129540358114e-10,6.778131916219988e-10,6.778134292037775e-10,6.778136667825299e-10,6.778139043580964e-10,6.778141419303985e-10,6.778143794997377e-10,6.778146170658124e-10,6.77814854628576e-10,6.77815092188432e-10,6.778153297449937e-10,6.778155672984011e-10,6.778158048490224e-10,6.778160423957596e-10,6.778162799396214e-10,6.778165174805426e-10,6.778167550182365e-10,6.778169925522404e-10,6.778172300835419e-10,6.778174676120309e-10,6.77817705136594e-10,6.778179426582946e-10,6.778181801768372e-10,6.778184176913925e-10,6.778186552038063e-10,6.778188927128377e-10,6.778191302187226e-10,6.778193677209562e-10,6.778196052206686e-10,6.778198427165286e-10,6.778200802097387e-10,6.778203176997789e-10,6.77820555186632e-10,6.778207926704011e-10,6.778210301508801e-10,6.778212676285213e-10,6.778215051027254e-10,6.778217425737534e-10,6.778219800416102e-10,6.778222175061883e-10,6.778224549677168e-10,6.778226924261306e-10,6.77822929881417e-10,6.778231673335229e-10,6.778234047823551e-10,6.778236422280313e-10,6.778238796705639e-10,6.778241171099211e-10,6.778243545457883e-10,6.778245919789699e-10,6.778248294085566e-10,6.778250668356822e-10,6.778253042589435e-10,6.778255416793279e-10,6.778257790965202e-10,6.778260165105258e-10,6.778262539214308e-10,6.778264913290931e-10,6.778267287337606e-10,6.778269661351004e-10,6.778272035333214e-10,6.778274409282505e-10,6.778276783200908e-10,6.778279157087616e-10,6.778281530942719e-10,6.778283904766198e-10,6.778286278557943e-10,6.778288652318407e-10,6.77829102606064e-10,6.778293399756162e-10,6.778295773423891e-10,6.778298147057251e-10,6.778300520659112e-10,6.778302894229271e-10,6.778305267769162e-10,6.778307641273535e-10,6.778310014748319e-10,6.778312388191846e-10,6.778314761603628e-10,6.778317134987762e-10,6.778319508338125e-10,6.77832188165486e-10,6.778324254940387e-10,6.778326628191071e-10,6.778329001412713e-10,6.778331374602336e-10,6.7783337477621e-10,6.778336120887911e-10,6.778338493982944e-10,6.778340867046092e-10,6.778343240077905e-10,6.778345613080198e-10,6.778347986048696e-10,6.778350358986376e-10,6.778352731892134e-10,6.778355104760085e-10,6.778357477601813e-10,6.778359850412144e-10,6.778362223193509e-10,6.778364595940596e-10,6.778366968655307e-10,6.778369341338648e-10,6.778371713989527e-10,6.778374086611678e-10,6.778376459216719e-10,6.778378831773059e-10,6.778381204298323e-10,6.778383576792349e-10,6.778385949255625e-10,6.77838832168595e-10,6.778390694085068e-10,6.77839306645136e-10,6.778395438784303e-10,6.778397811088113e-10,6.778400183362439e-10,6.778402555602843e-10,6.778404927813262e-10,6.778407299981795e-10,6.778409672127194e-10,6.77841204424126e-10,6.778414416331724e-10,6.778416788382229e-10,6.778419160393407e-10,6.778421532381395e-10,6.778423904337496e-10,6.778426276261339e-10,6.77842864815319e-10,6.778431020013161e-10,6.778433391839161e-10,6.778435763635393e-10,6.778438135401707e-10,6.778440507136964e-10,6.778442878833972e-10,6.778445250505264e-10,6.778447622146304e-10,6.778449993749344e-10,6.778452365324122e-10,6.778454736868155e-10,6.778457108380575e-10,6.77845947986141e-10,6.778461851307943e-10,6.778464222725265e-10,6.778466594111202e-10,6.778468965465098e-10,6.778471336784615e-10,6.77847370807784e-10,6.77847607932037e-10,6.778478450546457e-10,6.778480821742417e-10,6.778483192907483e-10,6.77848556404021e-10,6.778487935141772e-10,6.77849030620614e-10,6.77849267724362e-10,6.778495048249761e-10,6.778497419223942e-10,6.778499790169111e-10,6.778502161081344e-10,6.778504531960819e-10,6.778506902808917e-10,6.778509273624986e-10,6.778511644409771e-10,6.778514015162645e-10,6.778516385883721e-10,6.778518756569862e-10,6.778521127229454e-10,6.778523497855713e-10,6.778525868451644e-10,6.778528239014961e-10,6.778530609546202e-10,6.778532980046229e-10,6.778535350514307e-10,6.778537720950831e-10,6.77854009135639e-10,6.778542461729356e-10,6.778544832071003e-10,6.778547202381173e-10,6.778549572659701e-10,6.778551942906744e-10,6.778554313115185e-10,6.778556683298684e-10,6.778559053450617e-10,6.778561423572501e-10,6.778563793662026e-10,6.778566163718856e-10,6.778568533740713e-10,6.77857090373001e-10,6.778573273692268e-10,6.778575643623064e-10,6.778578013521561e-10,6.778580383388427e-10,6.77858275322601e-10,6.778585123022413e-10,6.778587492794287e-10,6.778589862537047e-10,6.778592232246328e-10,6.778594601923775e-10,6.778596971569812e-10,6.778599341184192e-10,6.778601710758301e-10,6.778604080300185e-10,6.778606449818792e-10,6.778608819306215e-10,6.778611188756545e-10,6.778613558173408e-10,6.778615927582881e-10,6.778618296944126e-10,6.778620666273652e-10,6.778623035582042e-10,6.778625404849009e-10,6.778627774085708e-10,6.778630143290116e-10,6.778632512467577e-10,6.778634881603609e-10,6.778637250711757e-10,6.778639619788869e-10,6.778641988833699e-10,6.778644357847177e-10,6.77864672682868e-10,6.778649095778799e-10,6.77865146469742e-10,6.778653833584284e-10,6.778656202438568e-10,6.778658571260151e-10,6.778660940052002e-10,6.778663308812306e-10,6.778665677541329e-10,6.778668046238509e-10,6.778670414904156e-10,6.778672783537948e-10,6.778675152141702e-10,6.778677520711796e-10,6.778679889250729e-10,6.778682257756021e-10,6.778684626231695e-10,6.778686994675157e-10,6.778689363088388e-10,6.778691731466819e-10,6.778694099816621e-10,6.778696468131482e-10,6.778698836417307e-10,6.778701204671735e-10,6.778703572894545e-10,6.778705941085795e-10,6.778708309250237e-10,6.778710677376331e-10,6.778713045476286e-10,6.778715413535471e-10,6.778717781569554e-10,6.778720149569937e-10,6.778722517540978e-10,6.778724885478818e-10,6.778727253382699e-10,6.778729621257594e-10,6.778731989102758e-10,6.778734356916867e-10,6.778736724690006e-10,6.778739092438685e-10,6.778741460155675e-10,6.778743827841012e-10,6.778746195492398e-10,6.778748563114764e-10,6.778750930699404e-10,6.778753298258232e-10,6.778755665786372e-10,6.778758033283407e-10,6.778760400751598e-10,6.778762768186014e-10,6.778765135586806e-10,6.778767502955582e-10,6.778769870292323e-10,6.778772237598729e-10,6.778774604873058e-10,6.778776972109679e-10,6.778779339320992e-10,6.778781706502403e-10,6.778784073651819e-10,6.778786440769382e-10,6.778788807848952e-10,6.77879117490227e-10,6.778793541924308e-10,6.778795908908021e-10,6.778798275866474e-10,6.778800642790704e-10,6.778803009685362e-10,6.778805376552707e-10,6.778807743381273e-10,6.778810110182607e-10,6.778812476952433e-10,6.778814843688335e-10,6.778817210393991e-10,6.778819577069551e-10,6.778821943712937e-10,6.778824310322928e-10,6.778826676908555e-10,6.778829043456216e-10,6.778831409968256e-10,6.778833776452944e-10,6.778836142905616e-10,6.778838509335119e-10,6.778840875724554e-10,6.778843242084451e-10,6.778845608410393e-10,6.778847974693843e-10,6.778850340959176e-10,6.778852707190779e-10,6.77885507339172e-10,6.778857439560152e-10,6.778859805696249e-10,6.778862171800149e-10,6.77886453787442e-10,6.778866903916068e-10,6.778869269926585e-10,6.778871635904859e-10,6.778874001851235e-10,6.778876367766254e-10,6.778878733650344e-10,6.778881099505389e-10,6.778883465330811e-10,6.778885831120921e-10,6.778888196879432e-10,6.778890562605426e-10,6.778892928300167e-10,6.778895293962854e-10,6.778897659594271e-10,6.778900025193862e-10,6.778902390762129e-10,6.77890475629662e-10,6.778907121802767e-10,6.778909487276554e-10,6.778911852719911e-10,6.778914218130041e-10,6.778916583509586e-10,6.778918948859376e-10,6.778921314174316e-10,6.778923679458076e-10,6.778926044709665e-10,6.778928409930274e-10,6.778930775119832e-10,6.778933140273295e-10,6.778935505398936e-10,6.778937870495369e-10,6.778940235557025e-10,6.778942600588333e-10,6.778944965588132e-10,6.778947330556476e-10,6.778949695493141e-10,6.778952060398104e-10,6.778954425270857e-10,6.778956790110115e-10,6.778959154919769e-10,6.778961519700405e-10,6.778963884446551e-10,6.778966249161584e-10,6.778968613844393e-10,6.778970978492441e-10,6.778973343112989e-10,6.778975707701935e-10,6.778978072257467e-10,6.778980436784616e-10,6.778982801280618e-10,6.778985165743094e-10,6.778987530173718e-10,6.778989894573518e-10,6.778992258941441e-10,6.778994623277834e-10,6.778996987581298e-10,6.778999351855977e-10,6.779001716091101e-10,6.779004080302361e-10,6.779006444467153e-10,6.779008808622287e-10,6.779011172737638e-10,6.779013536822413e-10,6.779015900876631e-10,6.779018264893581e-10,6.779020628881236e-10,6.779022992838693e-10,6.779025356758778e-10,6.779027720653242e-10,6.779030084512111e-10,6.779032448343568e-10,6.779034812143281e-10,6.779037175911094e-10,6.779039539645519e-10,6.779041903351584e-10,6.779044267024726e-10,6.779046630666419e-10,6.779048994276483e-10,6.779051357855414e-10,6.779053721403737e-10,6.779056084915259e-10,6.779058448398301e-10,6.77906081185032e-10,6.779063175272997e-10,6.779065538664155e-10,6.779067902026817e-10,6.779070265354297e-10,6.779072628657603e-10,6.779074991920504e-10,6.779077355151525e-10,6.779079718350511e-10,6.779082081514356e-10,6.779084444650889e-10,6.779086807755259e-10,6.779089170828462e-10,6.779091533873914e-10,6.779093896883533e-10,6.779096259863335e-10,6.779098622809979e-10,6.779100985725384e-10,6.779103348603509e-10,6.779105711455705e-10,6.779108074278195e-10,6.77911043707521e-10,6.779112799833145e-10,6.779115162558802e-10,6.779117525256078e-10,6.779119887919417e-10,6.779122250551156e-10,6.779124613148184e-10,6.779126975716863e-10,6.779129338250567e-10,6.77913170076019e-10,6.779134063234959e-10,6.77913642568596e-10,6.779138788097541e-10,6.77914115047859e-10,6.779143512824904e-10,6.77914587513829e-10,6.779148237435233e-10,6.779150599688237e-10,6.779152961910421e-10,6.779155324100039e-10,6.779157686258532e-10,6.77916004838476e-10,6.779162410479434e-10,6.779164772544423e-10,6.779167134575057e-10,6.779169496574488e-10,6.779171858543622e-10,6.779174220480255e-10,6.779176582386034e-10,6.779178944260025e-10,6.779181306102675e-10,6.77918366790785e-10,6.779186029687079e-10,6.779188391434375e-10,6.779190753150692e-10,6.779193114837754e-10,6.779195476491089e-10,6.779197838112017e-10,6.779200199700046e-10,6.779202561258045e-10,6.779204922793456e-10,6.779207284292446e-10,6.779209645744678e-10,6.779212007177933e-10,6.779214368583342e-10,6.779216729952526e-10,6.77921909129094e-10,6.779221452597338e-10,6.779223813872015e-10,6.779226175112406e-10,6.779228536323968e-10,6.779230897501398e-10,6.779233258651029e-10,6.779235619767772e-10,6.779237980853466e-10,6.779240341907241e-10,6.779242702929396e-10,6.779245063919236e-10,6.77924742488042e-10,6.779249785809577e-10,6.779252146706841e-10,6.779254507573021e-10,6.779256868406099e-10,6.779259229208936e-10,6.7792615899789e-10,6.779263950718884e-10,6.779266311425677e-10,6.779268672097349e-10,6.779271032741988e-10,6.779273393356813e-10,6.779275753934414e-10,6.779278114483689e-10,6.779280474999985e-10,6.77928283548601e-10,6.77928519593782e-10,6.779287556358242e-10,6.779289916749252e-10,6.779292277109085e-10,6.779294637437091e-10,6.779296997742193e-10,6.779299358008737e-10,6.779301718242225e-10,6.779304078446222e-10,6.779306438614382e-10,6.779308798753375e-10,6.779311158860766e-10,6.779313518933118e-10,6.779315878978129e-10,6.779318238990442e-10,6.779320598972471e-10,6.779322958922258e-10,6.779325318841753e-10,6.77932767872905e-10,6.779330038584189e-10,6.779332398409584e-10,6.779334758201735e-10,6.779337117963012e-10,6.779339477692093e-10,6.779341837385713e-10,6.77934419705316e-10,6.779346556687747e-10,6.77934891629089e-10,6.779351275862113e-10,6.779353635402118e-10,6.779355994911062e-10,6.779358354389753e-10,6.779360713831414e-10,6.779363073255356e-10,6.779365432638903e-10,6.779367791989361e-10,6.779370151308067e-10,6.779372510596477e-10,6.7793748698523e-10,6.779377229074473e-10,6.77937958825806e-10,6.779381947420978e-10,6.779384306551577e-10,6.779386665650005e-10,6.779389024716692e-10,6.77939138375125e-10,6.779393742756436e-10,6.779396101728221e-10,6.779398460669209e-10,6.779400819577643e-10,6.779403178455235e-10,6.779405537302329e-10,6.779407896116772e-10,6.779410254899918e-10,6.779412613650123e-10,6.779414972367938e-10,6.779417331056483e-10,6.779419689714937e-10,6.779422048340463e-10,6.779424406934452e-10,6.779426765496854e-10,6.779429124023294e-10,6.779431482523269e-10,6.77943384099126e-10,6.779436199428727e-10,6.779438557833498e-10,6.779440916206135e-10,6.779443274547009e-10,6.779445632852541e-10,6.779447991131136e-10,6.779450349377752e-10,6.779452707592897e-10,6.779455065777377e-10,6.779457423927071e-10,6.779459782048359e-10,6.779462140137746e-10,6.779464498196746e-10,6.779466856223268e-10,6.779469214218461e-10,6.779471572178616e-10,6.779473930110191e-10,6.779476288010687e-10,6.779478645881115e-10,6.779481003726679e-10,6.779483361532566e-10,6.779485719307805e-10,6.779488077046053e-10,6.779490434757251e-10,6.779492792434958e-10,6.779495150082162e-10,6.779497507699382e-10,6.779499865280405e-10,6.779502222829656e-10,6.779504580342855e-10,6.779506937833687e-10,6.779509295292878e-10,6.779511652720943e-10,6.779514010119849e-10,6.779516367484623e-10,6.779518724815373e-10,6.77952108211918e-10,6.779523439389363e-10,6.779525796630147e-10,6.779528153830645e-10,6.779530511016645e-10,6.779532868160103e-10,6.779535225273155e-10,6.779537582355874e-10,6.779539939407215e-10,6.779542296423693e-10,6.779544653411038e-10,6.779547010363434e-10,6.779549367282833e-10,6.779551724174698e-10,6.779554081033015e-10,6.779556437859037e-10,6.779558794656576e-10,6.779561151422675e-10,6.779563508158102e-10,6.779565864858117e-10,6.779568221529698e-10,6.779570578168722e-10,6.779572934777137e-10,6.77957529135e-10,6.779577647895593e-10,6.779580004405444e-10,6.779582360887704e-10,6.779584717338112e-10,6.779587073757993e-10,6.779589430144898e-10,6.779591786502168e-10,6.779594142827246e-10,6.779596499135735e-10,6.779598855397761e-10,6.77960121162832e-10,6.77960356782553e-10,6.779605923992441e-10,6.779608280129819e-10,6.77961063623434e-10,6.779612992302512e-10,6.779615348337132e-10,6.779617704347198e-10,6.779620060325135e-10,6.779622416272175e-10,6.779624772188835e-10,6.779627128072673e-10,6.779629483924917e-10,6.779631839746158e-10,6.779634195535795e-10,6.779636551293904e-10,6.779638907020484e-10,6.779641262715257e-10,6.779643618378798e-10,6.779645974011053e-10,6.779648329611299e-10,6.779650685180323e-10,6.779653040717703e-10,6.779655396223706e-10,6.779657751698327e-10,6.779660107142917e-10,6.779662462554526e-10,6.779664817934885e-10,6.779667173281104e-10,6.779669528598105e-10,6.77967188388176e-10,6.779674239135226e-10,6.779676594359072e-10,6.77967894954704e-10,6.779681304707355e-10,6.779683659828898e-10,6.779686014924879e-10,6.779688369990163e-10,6.779690725023915e-10,6.779693080026225e-10,6.779695434997797e-10,6.779697789957774e-10,6.77970014486454e-10,6.779702499737824e-10,6.779704854582898e-10,6.779707209396278e-10,6.779709564180445e-10,6.779711918921822e-10,6.779714273640609e-10,6.779716628327167e-10,6.779718982983004e-10,6.779721337609055e-10,6.779723692199289e-10,6.779726046758049e-10,6.779728401286929e-10,6.779730755786236e-10,6.779733110253257e-10,6.779735464688548e-10,6.77973781909241e-10,6.779740173464377e-10,6.779742527806981e-10,6.779744882114122e-10,6.779747236391876e-10,6.779749590642205e-10,6.77975194485722e-10,6.779754299040946e-10,6.7797566531942e-10,6.779759007314713e-10,6.77976136140353e-10,6.779763715457491e-10,6.779766069481914e-10,6.779768423478619e-10,6.779770777441182e-10,6.779773131370421e-10,6.779775485270834e-10,6.779777839139287e-10,6.779780192977019e-10,6.779782546784865e-10,6.779784900559118e-10,6.779787254302973e-10,6.779789608014307e-10,6.779791961694006e-10,6.779794315342343e-10,6.779796668960986e-10,6.779799022548313e-10,6.779801376104468e-10,6.77980372962729e-10,6.779806083118877e-10,6.779808436578726e-10,6.779810790007744e-10,6.779813143404215e-10,6.779815496769337e-10,6.77981785009344e-10,6.779820203395596e-10,6.779822556667222e-10,6.779824909903679e-10,6.77982726311122e-10,6.779829616287437e-10,6.779831969431325e-10,6.779834322546976e-10,6.779836675628083e-10,6.779839028678508e-10,6.779841381697489e-10,6.779843734684417e-10,6.779846087642246e-10,6.779848440564544e-10,6.779850793457606e-10,6.779853146320818e-10,6.779855499151037e-10,6.779857851949401e-10,6.779860204717964e-10,6.779862557453654e-10,6.779864910157539e-10,6.77986726283027e-10,6.779869615471446e-10,6.77987196808187e-10,6.779874320659443e-10,6.779876673207004e-10,6.779879025722242e-10,6.779881378207161e-10,6.779883730657798e-10,6.779886083078162e-10,6.779888435466715e-10,6.779890787824245e-10,6.779893140149796e-10,6.779895492444642e-10,6.77989784472159e-10,6.779900196952187e-10,6.77990254916063e-10,6.779904901329529e-10,6.779907253467054e-10,6.779909605574642e-10,6.779911957649742e-10,6.779914309693239e-10,6.77991666170583e-10,6.77991901368655e-10,6.779921365634653e-10,6.779923717552462e-10,6.779926069438498e-10,6.779928421293542e-10,6.779930773116012e-10,6.779933124907673e-10,6.779935476669208e-10,6.779937828398096e-10,6.779940180095486e-10,6.779942531761444e-10,6.779944883395968e-10,6.779947234999064e-10,6.779949586570519e-10,6.779951938110685e-10,6.779954289619724e-10,6.779956641096271e-10,6.779958992542091e-10,6.779961343955465e-10,6.779963695339405e-10,6.779966046690748e-10,6.779968398010631e-10,6.779970749298891e-10,6.779973100555677e-10,6.779975451780854e-10,6.77997780297486e-10,6.77998015413696e-10,6.779982505268855e-10,6.779984856360466e-10,6.77998720743033e-10,6.779989558466999e-10,6.779991909467991e-10,6.779994260441873e-10,6.779996611384789e-10,6.77999896229594e-10,6.780001313173278e-10,6.780003664021588e-10,6.78000601483838e-10,6.780008365623545e-10,6.780010716377491e-10,6.780013067098421e-10,6.780015417785779e-10,6.780017768442124e-10,6.780020119071316e-10,6.780022469675523e-10,6.780024820241107e-10,6.780027170774393e-10,6.780029521277049e-10,6.780031871749258e-10,6.780034222188708e-10,6.78003657259381e-10,6.780038922970264e-10,6.780041273315442e-10,6.780043623629003e-10,6.780045973913413e-10,6.780048324164244e-10,6.780050674385897e-10,6.780053024577996e-10,6.780055374736022e-10,6.780057724865313e-10,6.780060074956971e-10,6.780062425019371e-10,6.780064775051978e-10,6.780067125043406e-10,6.780069475009938e-10,6.780071824945787e-10,6.780074174850307e-10,6.7800765247235e-10,6.78007887456292e-10,6.780081224373456e-10,6.78008357415243e-10,6.780085923900769e-10,6.78008827361653e-10,6.780090623300702e-10,6.780092972944428e-10,6.780095322564544e-10,6.780097672154587e-10,6.780100021711976e-10,6.780102371239443e-10,6.780104720736416e-10,6.780107070201033e-10,6.780109419635123e-10,6.780111769034894e-10,6.780114118405505e-10,6.780116467744328e-10,6.780118817053612e-10,6.780121166319525e-10,6.780123515565083e-10,6.780125864779462e-10,6.780128213961283e-10,6.780130563114168e-10,6.780132912232925e-10,6.780135261320341e-10,6.780137610376539e-10,6.780139959401e-10,6.78014230839144e-10,6.780144657353183e-10,6.780147006282315e-10,6.780149355182213e-10,6.780151704048368e-10,6.780154052888155e-10,6.78015640169354e-10,6.780158750466607e-10,6.780161099208061e-10,6.780163447917998e-10,6.78016579659675e-10,6.780168145244675e-10,6.780170493860796e-10,6.780172842445616e-10,6.780175190998846e-10,6.780177539520154e-10,6.780179888009172e-10,6.780182236467822e-10,6.780184584895215e-10,6.780186933292093e-10,6.78018928164929e-10,6.780191629983357e-10,6.780193978284884e-10,6.780196326555364e-10,6.78019867479372e-10,6.780201023001076e-10,6.780203371171632e-10,6.780205719316749e-10,6.780208067429895e-10,6.780210415511527e-10,6.780212763561775e-10,6.780215111580476e-10,6.780217459567188e-10,6.780219807521121e-10,6.780222155447722e-10,6.780224503340848e-10,6.780226851202565e-10,6.780229199032822e-10,6.780231546831632e-10,6.780233894598847e-10,6.780236242334288e-10,6.780238590038621e-10,6.780240937713882e-10,6.780243285355154e-10,6.780245632962815e-10,6.780247980537199e-10,6.780250328086006e-10,6.780252675602408e-10,6.780255023087081e-10,6.780257370540031e-10,6.780259717961646e-10,6.780262065352497e-10,6.780264412711708e-10,6.780266760035994e-10,6.780269107332555e-10,6.780271454597468e-10,6.780273801831378e-10,6.780276149030898e-10,6.780278496201423e-10,6.780280843340463e-10,6.780283190447511e-10,6.780285537523867e-10,6.780287884565771e-10,6.780290231580325e-10,6.780292578574147e-10,6.78029492552409e-10,6.780297272447312e-10,6.780299619334663e-10,6.780301966190894e-10,6.780304313015767e-10,6.780306659812108e-10,6.780309006575032e-10,6.780311353304981e-10,6.780313700004403e-10,6.780316046673318e-10,6.78031839330893e-10,6.780320739914146e-10,6.780323086487129e-10,6.780325433030334e-10,6.780327779541268e-10,6.780330126019227e-10,6.780332472467264e-10,6.780334818883927e-10,6.780337165268509e-10,6.780339511626964e-10,6.780341857949606e-10,6.780344204241885e-10,6.780346550501136e-10,6.780348896731565e-10,6.780351242929788e-10,6.780353589095177e-10,6.780355935228385e-10,6.7803582813313e-10,6.780360627402502e-10,6.780362973442352e-10,6.780365319447408e-10,6.780367665422949e-10,6.780370011366373e-10,6.780372357280374e-10,6.780374703171816e-10,6.78037704902309e-10,6.780379394842622e-10,6.780381740632164e-10,6.780384086378093e-10,6.780386432103508e-10,6.780388777796282e-10,6.780391123459667e-10,6.780393469091747e-10,6.780395814694179e-10,6.780398160262891e-10,6.780400505798494e-10,6.780402851305111e-10,6.780405196779913e-10,6.780407542223206e-10,6.780409887634203e-10,6.780412233014478e-10,6.78041457836411e-10,6.780416923681496e-10,6.780419268966988e-10,6.780421614218228e-10,6.780423959441358e-10,6.78042630463339e-10,6.780428649794485e-10,6.780430994923969e-10,6.780433340016605e-10,6.780435685080878e-10,6.780438030113512e-10,6.780440375117325e-10,6.78044272008534e-10,6.780445065024885e-10,6.780447409934126e-10,6.780449754813081e-10,6.780452099660154e-10,6.780454444479485e-10,6.780456789263247e-10,6.780459134015966e-10,6.780461478736697e-10,6.780463823426672e-10,6.780466168085074e-10,6.780468512711872e-10,6.780470857307329e-10,6.780473201871463e-10,6.780475546405371e-10,6.780477890906661e-10,6.78048023537661e-10,6.780482579815201e-10,6.780484924222897e-10,6.780487268598758e-10,6.780489612942938e-10,6.780491957256065e-10,6.780494301538032e-10,6.780496645788002e-10,6.780498990006594e-10,6.780501334193672e-10,6.78050367834917e-10,6.780506022477513e-10,6.780508366571111e-10,6.780510710631628e-10,6.780513054658578e-10,6.780515398657649e-10,6.780517742625251e-10,6.780520086561575e-10,6.780522430466732e-10,6.780524774340402e-10,6.780527118185748e-10,6.780529461998164e-10,6.780531805777576e-10,6.780534149525609e-10,6.780536493242471e-10,6.780538836928055e-10,6.780541180581816e-10,6.780543524204807e-10,6.780545867797373e-10,6.780548211350266e-10,6.780550554878551e-10,6.780552898375058e-10,6.78055524184359e-10,6.780557585277775e-10,6.78055992868054e-10,6.78056227205389e-10,6.780564615393971e-10,6.780566958705558e-10,6.780569301983847e-10,6.780571645232655e-10,6.780573988448911e-10,6.780576331631992e-10,6.780578674786576e-10,6.780581017906817e-10,6.78058336099406e-10,6.780585704052487e-10,6.780588047078217e-10,6.780590390069229e-10,6.780592733032709e-10,6.780595075964626e-10,6.780597418863387e-10,6.780599761732932e-10,6.780602104571117e-10,6.78060444737788e-10,6.780606790152407e-10,6.78060913289766e-10,6.780611475614207e-10,6.780613818295338e-10,6.780616160945031e-10,6.780618503563397e-10,6.780620846150861e-10,6.780623188706529e-10,6.780625531230342e-10,6.780627873723509e-10,6.780630216187619e-10,6.780632558622576e-10,6.780634901021399e-10,6.780637243388921e-10,6.780639585723085e-10,6.780641928027857e-10,6.780644270300642e-10,6.780646612542743e-10,6.78064895475313e-10,6.780651296932539e-10,6.780653639087354e-10,6.780655981204026e-10,6.780658323287856e-10,6.780660665339183e-10,6.780663007361989e-10,6.780665349350402e-10,6.780667691309273e-10,6.780670033237691e-10,6.780672375135003e-10,6.780674717000678e-10,6.780677058835055e-10,6.780679400637938e-10,6.780681742409246e-10,6.780684084150192e-10,6.780686425859122e-10,6.780688767536513e-10,6.780691109182507e-10,6.78069345079719e-10,6.780695792375469e-10,6.780698133926129e-10,6.780700475447579e-10,6.780702816936761e-10,6.780705158394916e-10,6.780707499822889e-10,6.78070984121756e-10,6.780712182583014e-10,6.780714523916513e-10,6.780716865226308e-10,6.780719206493097e-10,6.780721547731359e-10,6.780723888938163e-10,6.780726230114019e-10,6.780728571258106e-10,6.780730912369956e-10,6.780733253451561e-10,6.780735594503195e-10,6.780737935525002e-10,6.780740276511258e-10,6.780742617478372e-10,6.780744958403253e-10,6.780747299296713e-10,6.780749640158878e-10,6.780751980990034e-10,6.780754321794167e-10,6.780756662561952e-10,6.780759003299416e-10,6.780761344004739e-10,6.780763684678769e-10,6.780766025321403e-10,6.780768365932899e-10,6.780770706513115e-10,6.780773047057603e-10,6.780775387573627e-10,6.780777728059476e-10,6.780780068513982e-10,6.78078240893523e-10,6.78078474932743e-10,6.780787089688054e-10,6.78078943001959e-10,6.78079177031758e-10,6.780794110583451e-10,6.780796450817924e-10,6.78079879102204e-10,6.780801131194512e-10,6.780803471336075e-10,6.780805811446261e-10,6.78080815152429e-10,6.780810491572535e-10,6.780812831594141e-10,6.780815171578782e-10,6.780817511522482e-10,6.780819851444055e-10,6.780822191333989e-10,6.780824531193401e-10,6.780826871008299e-10,6.780829210803856e-10,6.780831550569691e-10,6.780833890304656e-10,6.780836230006994e-10,6.780838569677732e-10,6.780840909317401e-10,6.780843248925344e-10,6.780845588502386e-10,6.780847928045179e-10,6.780850267561145e-10,6.780852607044218e-10,6.780854946495402e-10,6.780857285915702e-10,6.7808596253045e-10,6.780861964662035e-10,6.780864303989079e-10,6.780866643283842e-10,6.780868982547235e-10,6.780871321772902e-10,6.780873660973191e-10,6.780876000151145e-10,6.780878339289572e-10,6.780880678396273e-10,6.780883017471805e-10,6.780885356516068e-10,6.780887695528809e-10,6.780890034511346e-10,6.780892373461562e-10,6.780894712380278e-10,6.78089705126846e-10,6.780899390124667e-10,6.780901728949329e-10,6.780904067744866e-10,6.780906406507126e-10,6.780908745236651e-10,6.780911083936117e-10,6.780913422604327e-10,6.780915761241206e-10,6.780918099846639e-10,6.780920438420972e-10,6.780922776963464e-10,6.780925115475186e-10,6.780927453952143e-10,6.780929792398586e-10,6.780932130816381e-10,6.780934469203581e-10,6.780936807558449e-10,6.780939145881668e-10,6.78094148417239e-10,6.780943822433221e-10,6.780946160662687e-10,6.780948498860903e-10,6.780950837027719e-10,6.780953175177282e-10,6.780955513282923e-10,6.780957851355526e-10,6.78096018939687e-10,6.780962527407296e-10,6.780964865386075e-10,6.780967203333545e-10,6.78096954124971e-10,6.780971879134885e-10,6.780974216987717e-10,6.78097655480783e-10,6.780978892598784e-10,6.780981230358257e-10,6.780983568086492e-10,6.780985905782717e-10,6.780988243440436e-10,6.780990581073456e-10,6.780992918677225e-10,6.780995256248908e-10,6.780997593788552e-10,6.78099993129746e-10,6.781002268777122e-10,6.781004606223907e-10,6.781006943639222e-10,6.781009281022786e-10,6.781011618375126e-10,6.781013955696075e-10,6.78101629298375e-10,6.781018630242372e-10,6.781020967471693e-10,6.781023304667549e-10,6.781025641831606e-10,6.781027978967601e-10,6.781030316070238e-10,6.781032653141851e-10,6.781034990180713e-10,6.781037327188513e-10,6.781039664161776e-10,6.781042001107158e-10,6.781044338020676e-10,6.781046674903764e-10,6.781049011757534e-10,6.781051348577476e-10,6.781053685366216e-10,6.781056022122824e-10,6.781058358847546e-10,6.781060695542086e-10,6.781063032203564e-10,6.781065368836026e-10,6.781067705436579e-10,6.781070042007573e-10,6.78107237854599e-10,6.781074715057126e-10,6.781077051532851e-10,6.781079387977183e-10,6.781081724390086e-10,6.781084060771632e-10,6.781086397122037e-10,6.781088733437331e-10,6.781091069724719e-10,6.781093405980894e-10,6.781095742206827e-10,6.781098078400635e-10,6.781100414560337e-10,6.781102750691605e-10,6.781105086788014e-10,6.781107422856532e-10,6.781109758893068e-10,6.781112094898966e-10,6.781114430874698e-10,6.781116766818133e-10,6.781119102728887e-10,6.781121438609493e-10,6.781123774458807e-10,6.781126110276735e-10,6.781128446064721e-10,6.781130781819532e-10,6.781133117543684e-10,6.781135453235354e-10,6.781137788892861e-10,6.78114012452304e-10,6.781142460119369e-10,6.781144795682517e-10,6.781147131222487e-10,6.781149466712133e-10,6.781151802180857e-10,6.781154137622707e-10,6.781156473033749e-10,6.781158808413685e-10,6.781161143762882e-10,6.781163479072455e-10,6.78116581435824e-10,6.78116814961377e-10,6.781170484837553e-10,6.781172820029669e-10,6.781175155191048e-10,6.781177490320358e-10,6.781179825418892e-10,6.78118216048481e-10,6.781184495520453e-10,6.781186830523478e-10,6.78118916549594e-10,6.78119150043438e-10,6.781193835344655e-10,6.78119617022368e-10,6.781198505070557e-10,6.781200839886958e-10,6.781203174672023e-10,6.781205509425652e-10,6.781207844148516e-10,6.781210178843356e-10,6.781212513502852e-10,6.781214848131479e-10,6.781217182736065e-10,6.781219517301657e-10,6.781221851836392e-10,6.78122418634072e-10,6.781226520811933e-10,6.781228855249909e-10,6.781231189658616e-10,6.78123352403692e-10,6.78123585838393e-10,6.781238192699747e-10,6.781240526984136e-10,6.78124286123591e-10,6.781245195457786e-10,6.78124752964837e-10,6.781249863807846e-10,6.781252197935814e-10,6.781254532041264e-10,6.781256866106593e-10,6.781259200138378e-10,6.78126153414131e-10,6.781263868109368e-10,6.781266202049483e-10,6.781268535958269e-10,6.781270869835892e-10,6.781273203683511e-10,6.78127553750067e-10,6.781277871284389e-10,6.781280205036797e-10,6.781282538757633e-10,6.781284872447365e-10,6.781287206103879e-10,6.781289539725215e-10,6.781291873321531e-10,6.781294206885078e-10,6.781296540420733e-10,6.781298873923166e-10,6.7813012073938e-10,6.781303540833411e-10,6.781305874243358e-10,6.781308207622426e-10,6.78131054096835e-10,6.781312874282842e-10,6.781315207565849e-10,6.781317540818001e-10,6.781319874038694e-10,6.781322207228257e-10,6.781324540386328e-10,6.781326873519338e-10,6.781329206614722e-10,6.781331539680249e-10,6.781333872713563e-10,6.781336205714299e-10,6.781338538683707e-10,6.781340871622398e-10,6.781343204528954e-10,6.781345537405555e-10,6.781347870253248e-10,6.781350203067203e-10,6.781352535850472e-10,6.78135486860197e-10,6.781357201322581e-10,6.78135953401058e-10,6.781361866668195e-10,6.781364199294433e-10,6.781366531887871e-10,6.781368864451778e-10,6.781371196983968e-10,6.781373529485197e-10,6.781375861955847e-10,6.781378194394163e-10,6.781380526800779e-10,6.781382859178321e-10,6.781385191526007e-10,6.781387523839749e-10,6.781389856122021e-10,6.78139218836547e-10,6.781394520584931e-10,6.781396852773468e-10,6.781399184927886e-10,6.781401517052754e-10,6.781403849147418e-10,6.7814061812102e-10,6.781408513243127e-10,6.781410845243865e-10,6.781413177206429e-10,6.781415509144191e-10,6.781417841051557e-10,6.781420172939774e-10,6.781422504784369e-10,6.781424836597602e-10,6.781427168378782e-10,6.781429500129408e-10,6.781431831848986e-10,6.781434163538958e-10,6.781436495195893e-10,6.781438826821508e-10,6.781441158416185e-10,6.781443489975408e-10,6.781445821507138e-10,6.781448153007703e-10,6.781450484476709e-10,6.781452815915161e-10,6.781455147322283e-10,6.781457478697958e-10,6.781459810042091e-10,6.781462141355008e-10,6.781464472636992e-10,6.781466803888686e-10,6.781469135107278e-10,6.781471466292285e-10,6.781473797447882e-10,6.781476128573292e-10,6.781478459668029e-10,6.781480790729363e-10,6.781483121758345e-10,6.781485452758478e-10,6.781487783727673e-10,6.781490114665725e-10,6.78149244557348e-10,6.781494776446503e-10,6.7814971072898e-10,6.781499438109119e-10,6.781501768891943e-10,6.781504099641053e-10,6.781506430359792e-10,6.781508761046811e-10,6.781511091701173e-10,6.781513422326658e-10,6.781515752920628e-10,6.781518083484043e-10,6.781520414015608e-10,6.781522744516224e-10,6.781525074983156e-10,6.781527405420624e-10,6.781529735827032e-10,6.781532066201632e-10,6.781534396545571e-10,6.781536726858305e-10,6.781539057146966e-10,6.781541387399808e-10,6.781543717618769e-10,6.781546047806258e-10,6.781548377962545e-10,6.781550708088361e-10,6.781553038178691e-10,6.781555368241951e-10,6.781557698273391e-10,6.781560028263464e-10,6.781562358232034e-10,6.781564688169825e-10,6.781567018077093e-10,6.781569347951283e-10,6.781571677790972e-10,6.781574007606275e-10,6.781576337385056e-10,6.781578667135489e-10,6.781580996853596e-10,6.781583326541147e-10,6.781585656196841e-10,6.781587985822228e-10,6.781590315416743e-10,6.781592644979824e-10,6.781594974510341e-10,6.781597304010102e-10,6.781599633479264e-10,6.781601962922512e-10,6.781604292328595e-10,6.781606621703915e-10,6.781608951048112e-10,6.781611280361053e-10,6.78161360964282e-10,6.781615938893282e-10,6.781618268119784e-10,6.781620597306735e-10,6.781622926462903e-10,6.781625255588805e-10,6.78162758468288e-10,6.781629913746203e-10,6.781632242776814e-10,6.781634571777262e-10,6.781636900746237e-10,6.781639229683827e-10,6.781641558590618e-10,6.781643887465859e-10,6.78164621631051e-10,6.781648545123447e-10,6.781650873905087e-10,6.781653202655307e-10,6.781655531374449e-10,6.781657860063533e-10,6.781660188717462e-10,6.781662517342631e-10,6.781664845937752e-10,6.781667174500831e-10,6.781669503032725e-10,6.781671831533557e-10,6.781674160003512e-10,6.781676488441429e-10,6.781678816848274e-10,6.781681145223965e-10,6.78168347356828e-10,6.781685801880945e-10,6.781688130162805e-10,6.781690458413387e-10,6.781692786628072e-10,6.781695114816479e-10,6.781697442973345e-10,6.781699771101852e-10,6.781702099194818e-10,6.781704427257526e-10,6.781706755289739e-10,6.781709083290509e-10,6.78171141126119e-10,6.781713739199755e-10,6.781716067106974e-10,6.781718394983151e-10,6.781720722827889e-10,6.781723050641592e-10,6.781725378424242e-10,6.781727706176161e-10,6.781730033895864e-10,6.78173236158372e-10,6.781734689241111e-10,6.781737016867533e-10,6.781739344465936e-10,6.781741672029724e-10,6.781743999562463e-10,6.781746327063714e-10,6.781748654533831e-10,6.781750981972758e-10,6.781753309379583e-10,6.78175563675585e-10,6.781757964100887e-10,6.78176029141465e-10,6.781762618697324e-10,6.781764945948919e-10,6.78176727316899e-10,6.781769600358909e-10,6.781771927513101e-10,6.781774254637613e-10,6.781776581733078e-10,6.781778908797383e-10,6.78178123583023e-10,6.781783562832138e-10,6.781785889802811e-10,6.781788216741671e-10,6.781790543650731e-10,6.781792870520603e-10,6.781795197364651e-10,6.781797524179146e-10,6.781799850962338e-10,6.781802177715774e-10,6.781804504437287e-10,6.781806831126607e-10,6.781809157792491e-10,6.781811484420058e-10,6.781813811015926e-10,6.781816137577075e-10,6.781818464110443e-10,6.781820790609042e-10,6.781823117080463e-10,6.781825443517915e-10,6.781827769926335e-10,6.781830096303505e-10,6.781832422649609e-10,6.781834748963747e-10,6.78183707524728e-10,6.781839401499848e-10,6.781841727723058e-10,6.781844053912896e-10,6.781846380069854e-10,6.781848706197919e-10,6.781851032294163e-10,6.781853358359215e-10,6.781855684393454e-10,6.781858010395919e-10,6.781860336367321e-10,6.78186266230829e-10,6.781864988216617e-10,6.781867314094031e-10,6.78186963994089e-10,6.781871965756477e-10,6.781874291540787e-10,6.781876617293547e-10,6.781878943015291e-10,6.781881268706047e-10,6.781883594362855e-10,6.781885919991907e-10,6.781888245589125e-10,6.781890571153179e-10,6.781892896687003e-10,6.781895222189673e-10,6.781897547661897e-10,6.781899873102911e-10,6.781902198513585e-10,6.781904523892009e-10,6.781906849238467e-10,6.781909174554633e-10,6.781911499835661e-10,6.781913825086291e-10,6.781916150308253e-10,6.781918475497117e-10,6.781920800657389e-10,6.781923125786651e-10,6.781925450885522e-10,6.781927775954072e-10,6.781930100989578e-10,6.781932425994907e-10,6.781934750977274e-10,6.781937075918944e-10,6.781939400829649e-10,6.781941725709153e-10,6.78194405055734e-10,6.781946375374194e-10,6.781948700160003e-10,6.781951024915389e-10,6.781953349638588e-10,6.781955674328669e-10,6.781957998989428e-10,6.781960323619141e-10,6.781962648220026e-10,6.781964972786733e-10,6.781967297322778e-10,6.781969621827533e-10,6.781971946300044e-10,6.781974270742525e-10,6.78197659515377e-10,6.781978919534079e-10,6.781981243883056e-10,6.781983568199921e-10,6.781985892486638e-10,6.78198821674212e-10,6.781990540967855e-10,6.781992865160781e-10,6.781995189320361e-10,6.781997513450924e-10,6.781999837544163e-10,6.782002161612155e-10,6.78200448564963e-10,6.782006809653276e-10,6.782009133628075e-10,6.782011457571433e-10,6.782013781482503e-10,6.782016105363662e-10,6.782018429204571e-10,6.782020753023356e-10,6.782023076807375e-10,6.782025400564197e-10,6.782027724286812e-10,6.782030047981812e-10,6.782032371644498e-10,6.782034695276585e-10,6.782037018874394e-10,6.782039342442238e-10,6.78204166598022e-10,6.782043989487164e-10,6.782046312960788e-10,6.782048636405166e-10,6.782050959818407e-10,6.782053283200049e-10,6.782055606546341e-10,6.782057929866007e-10,6.782060253160342e-10,6.782062576416877e-10,6.782064899644465e-10,6.782067222840621e-10,6.782069545998497e-10,6.782071869130925e-10,6.782074192232492e-10,6.782076515302178e-10,6.782078838341336e-10,6.78208116134014e-10,6.782083484316604e-10,6.782085807275282e-10,6.782088130189801e-10,6.782090453072876e-10,6.782092775925259e-10,6.782095098741639e-10,6.782097421531351e-10,6.782099744289629e-10,6.782102067016656e-10,6.782104389712148e-10,6.782106712376938e-10,6.782109035009962e-10,6.78211135761241e-10,6.78211368018229e-10,6.78211600272324e-10,6.782118325231778e-10,6.782120647709573e-10,6.782122970147109e-10,6.782125292562811e-10,6.782127614946665e-10,6.782129937299808e-10,6.782132259621706e-10,6.782134581910424e-10,6.782136904170278e-10,6.78213922639844e-10,6.782141548594707e-10,6.782143870761451e-10,6.782146192896217e-10,6.782148514999435e-10,6.782150837070777e-10,6.782153159111937e-10,6.782155481122173e-10,6.782157803100656e-10,6.782160125048443e-10,6.782162446966018e-10,6.782164768849381e-10,6.782167090703633e-10,6.782169412527035e-10,6.78217173431932e-10,6.782174056080668e-10,6.78217637780894e-10,6.782178699508513e-10,6.782181021175493e-10,6.782183342811803e-10,6.782185664416607e-10,6.782187985986958e-10,6.782190307529564e-10,6.782192629040982e-10,6.782194950523915e-10,6.782197271972067e-10,6.782199593400013e-10,6.782201914784101e-10,6.78220423613946e-10,6.782206557463875e-10,6.782208878757418e-10,6.782211200019658e-10,6.782213521250368e-10,6.782215842450501e-10,6.782218163621119e-10,6.782220484754441e-10,6.782222805860822e-10,6.782225126936019e-10,6.782227447980355e-10,6.782229768994149e-10,6.782232089975593e-10,6.782234410926187e-10,6.782236731845418e-10,6.782239052732648e-10,6.782241373593058e-10,6.782243694417725e-10,6.78224601521225e-10,6.782248335991202e-10,6.782250656723615e-10,6.782252977424939e-10,6.782255298094873e-10,6.782257618733291e-10,6.782259939338213e-10,6.78226225991458e-10,6.782264580459939e-10,6.782266900974178e-10,6.782269221457325e-10,6.782271541909235e-10,6.782273862330141e-10,6.782276182719413e-10,6.782278503074281e-10,6.782280823404565e-10,6.782283143700393e-10,6.78228546396528e-10,6.782287784200571e-10,6.782290104403017e-10,6.782292424574105e-10,6.782294744718374e-10,6.782297064827715e-10,6.782299384906598e-10,6.782301704953893e-10,6.782304024969493e-10,6.782306344947252e-10,6.78230866490176e-10,6.782310984825069e-10,6.782313304716056e-10,6.782315624575827e-10,6.782317944404547e-10,6.782320264202362e-10,6.782322583968745e-10,6.782324903701176e-10,6.782327223407712e-10,6.782329543082868e-10,6.782331862724288e-10,6.78233418233478e-10,6.782336501913409e-10,6.782338821458767e-10,6.782341140975532e-10,6.782343460460857e-10,6.782345779915823e-10,6.782348099339687e-10,6.782350418730929e-10,6.782352738095411e-10,6.782355057425797e-10,6.782357376724948e-10,6.782359695992004e-10,6.782362015228578e-10,6.782364334434601e-10,6.782366653610035e-10,6.782368972749501e-10,6.78237129185939e-10,6.782373610940831e-10
17,0.0,0.0,0.0,0.0,0.0,0.0,0.0,0.0,0.0,0.0,0.0,0.0,0.0,0.0,0.0,0.0,0.0,0.0,0.0,0.0,0.0,0.0,0.0,0.0,0.0,0.0,0.0,0.0,0.0,0.0,0.0,0.0,0.0,0.0,0.0,0.0,0.0,0.0,0.0,0.0,0.0,0.0,0.0,0.0,0.0,0.0,0.0,0.0,0.0,0.0,0.0,0.0,0.0,0.0,0.0,0.0,0.0,0.0,0.0,0.0,0.0,0.0,0.0,0.0,0.0,0.0,0.0,0.0,0.0,0.0,0.0,0.0,0.0,0.0,0.0,0.0,0.0,0.0,0.0,0.0,0.0,0.0,0.0,0.0,0.0,0.0,0.0,0.0,0.0,0.0,0.0,0.0,0.0,0.0,0.0,0.0,0.0,0.0,0.0,0.0,0.0,0.0,0.0,0.0,0.0,0.0,0.0,0.0,0.0,0.0,0.0,0.0,0.0,0.0,0.0,0.0,0.0,0.0,0.0,0.0,0.0,0.0,0.0,0.0,0.0,0.0,0.0,0.0,0.0,0.0,0.0,0.0,0.0,0.0,0.0,0.0,0.0,0.0,0.0,0.0,0.0,0.0,0.0,0.0,0.0,0.0,0.0,0.0,0.0,0.0,0.0,0.0,0.0,0.0,0.0,0.0,0.0,0.0,0.0,0.0,0.0,0.0,0.0,0.0,0.0,0.0,0.0,0.0,0.0,0.0,0.0,0.0,0.0,0.0,0.0,0.0,0.0,0.0,0.0,0.0,0.0,0.0,0.0,0.0,0.0,0.0,0.0,0.0,0.0,0.0,0.0,0.0,0.0,0.0,0.0,0.0,0.0,0.0,0.0,0.0,0.0,0.0,0.0,0.0,0.0,0.0,0.0,0.0,0.0,0.0,0.0,0.0,0.0,0.0,0.0,0.0,0.0,0.0,0.0,0.0,0.0,0.0,0.0,0.0,0.0,0.0,0.0,0.0,0.0,0.0,0.0,0.0,0.0,0.0,0.0,0.0,0.0,0.0,0.0,0.0,0.0,0.0,0.0,0.0,0.0,0.0,0.0,0.0,0.0,0.0,0.0,0.0,0.0,0.0,0.0,0.0,0.0,0.0,0.0,0.0,0.0,0.0,0.0,0.0,0.0,0.0,0.0,0.0,0.0,0.0,0.0,0.0,0.0,0.0,0.0,0.0,0.0,0.0,0.0,0.0,0.0,0.0,0.0,0.0,0.0,0.0,0.0,0.0,0.0,0.0,0.0,0.0,0.0,0.0,0.0,0.0,0.0,0.0,0.0,0.0,0.0,0.0,0.0,0.0,0.0,0.0,0.0,0.0,0.0,0.0,0.0,0.0,0.0,0.0,0.0,0.0,0.0,0.0,0.0,0.0,0.0,0.0,0.0,0.0,0.0,0.0,0.0,0.0,0.0,0.0,0.0,0.0,0.0,0.0,0.0,0.0,0.0,0.0,0.0,0.0,0.0,0.0,0.0,0.0,0.0,0.0,0.0,0.0,0.0,0.0,0.0,0.0,0.0,0.0,0.0,0.0,0.0,0.0,0.0,0.0,0.0,0.0,0.0,0.0,0.0,0.0,0.0,0.0,0.0,0.0,0.0,0.0,0.0,0.0,0.0,0.0,0.0,0.0,0.0,0.0,0.0,0.0,0.0,0.0,0.0,0.0,0.0,0.0,0.0,0.0,0.0,0.0,0.0,0.0,0.0,0.0,0.0,0.0,0.0,0.0,0.0,0.0,0.0,0.0,0.0,0.0,0.0,0.0,0.0,0.0,0.0,0.0,0.0,0.0,0.0,0.0,0.0,0.0,0.0,0.0,0.0,0.0,0.0,0.0,0.0,0.0,0.0,0.0,0.0,0.0,0.0,0.0,0.0,0.0,0.0,0.0,0.0,0.0,0.0,0.0,0.0,0.0,0.0,0.0,0.0,0.0,0.0,0.0,0.0,0.0,0.0,0.0,0.0,0.0,0.0,0.0,0.0,0.0,0.0,0.0,0.0,0.0,0.0,0.0,0.0,0.0,0.0,0.0,0.0,0.0,0.0,0.0,0.0,0.0,0.0,0.0,0.0,0.0,0.0,0.0,0.0,0.0,0.0,0.0,0.0,0.0,0.0,0.0,0.0,0.0,0.0,0.0,0.0,0.0,0.0,0.0,0.0,0.0,0.0,0.0,0.0,0.0,0.0,0.0,0.0,0.0,0.0,0.0,0.0,0.0,0.0,0.0,0.0,0.0,0.0,0.0,0.0,0.0,0.0,0.0,0.0,0.0,0.0,0.0,0.0,0.0,0.0,0.0,0.0,0.0,0.0,0.0,0.0,0.0,0.0,0.0,0.0,0.0,0.0,0.0,0.0,0.0,0.0,0.0,0.0,0.0,0.0,0.0,0.0,0.0,0.0,0.0,0.0,0.0,0.0,0.0,0.0,0.0,0.0,0.0,0.0,0.0,0.0,0.0,0.0,0.0,0.0,0.0,0.0,0.0,0.0,0.0,0.0,0.0,0.0,0.0,0.0,0.0,0.0,0.0,0.0,0.0,0.0,0.0,0.0,0.0,0.0,0.0,0.0,0.0,0.0,0.0,0.0,0.0,0.0,0.0,0.0,0.0,0.0,0.0,0.0,0.0,0.0,0.0,0.0,0.0,0.0,0.0,0.0,0.0,0.0,0.0,0.0,0.0,0.0,0.0,0.0,0.0,0.0,0.0,0.0,0.0,0.0,0.0,0.0,0.0,0.0,0.0,0.0,0.0,0.0,0.0,0.0,0.0,0.0,0.0,0.0,0.0,0.0,0.0,0.0,0.0,0.0,0.0,0.0,0.0,0.0,0.0,0.0,0.0,0.0,0.0,0.0,0.0,0.0,0.0,0.0,0.0,0.0,0.0,0.0,0.0,0.0,0.0,0.0,0.0,0.0,0.0,0.0,0.0,0.0,0.0,0.0,0.0,0.0,0.0,0.0,0.0,0.0,0.0,0.0,0.0,0.0,0.0,0.0,0.0,0.0,0.0,0.0,0.0,0.0,0.0,0.0,0.0,0.0,0.0,0.0,0.0,0.0,0.0,0.0,0.0,0.0,0.0,0.0,0.0,0.0,0.0,0.0,0.0,0.0,0.0,0.0,0.0,0.0,0.0,0.0,0.0,0.0,0.0,0.0,0.0,0.0,0.0,0.0,0.0,0.0,0.0,0.0,0.0,0.0,0.0,0.0,0.0,0.0,0.0,0.0,0.0,0.0,0.0,0.0,0.0,0.0,0.0,0.0,0.0,0.0,0.0,0.0,0.0,0.0,0.0,0.0,0.0,0.0,0.0,0.0,0.0,0.0,0.0,0.0,0.0,0.0,0.0,0.0,0.0,0.0,0.0,0.0,0.0,0.0,0.0,0.0,0.0,0.0,0.0,0.0,0.0,0.0,0.0,0.0,0.0,0.0,0.0,0.0,0.0,0.0,0.0,0.0,0.0,0.0,0.0,0.0,0.0,0.0,0.0,0.0,0.0,0.0,0.0,0.0,0.0,0.0,0.0,0.0,0.0,0.0,0.0,0.0,0.0,0.0,0.0,0.0,0.0,0.0,0.0,0.0,0.0,0.0,0.0,0.0,0.0,0.0,0.0,0.0,0.0,0.0,0.0,0.0,0.0,0.0,0.0,0.0,0.0,0.0,0.0,0.0,0.0,0.0,0.0,0.0,0.0,0.0,0.0,0.0,0.0,0.0,0.0,0.0,0.0,0.0,0.0,0.0,0.0,0.0,0.0,0.0,0.0,0.0,0.0,0.0,0.0,0.0,0.0,0.0,0.0,0.0,0.0,0.0,0.0,0.0,0.0,0.0,0.0,0.0,0.0,0.0,0.0,0.0,0.0,0.0,0.0,0.0,0.0,0.0,0.0,0.0,0.0,0.0,0.0,0.0,0.0,0.0,0.0,0.0,0.0,0.0,0.0,0.0,0.0,0.0,0.0,0.0,0.0,0.0,0.0,0.0,0.0,0.0,0.0,0.0,0.0,0.0,0.0,0.0,0.0,0.0,0.0,0.0,0.0,0.0,0.0,0.0,0.0,0.0,0.0,0.0,0.0,0.0,0.0,0.0,0.0,0.0,0.0,0.0,0.0,0.0,0.0,0.0,0.0,0.0,0.0,0.0,0.0,0.0,0.0,0.0,0.0,0.0,0.0,0.0,0.0,0.0,0.0,0.0,0.0,0.0,0.0,0.0,0.0,0.0,0.0,0.0,0.0,0.0,0.0,0.0,0.0,0.0,0.0,0.0,0.0,0.0,0.0,0.0,0.0,0.0,0.0,0.0,0.0,0.0,0.0,0.0,0.0,0.0,0.0,0.0,0.0,0.0,0.0,0.0,0.0,0.0,0.0,0.0,0.0,0.0,0.0,0.0,0.0,5.9055383743763356e-27,1.1941687779945382e-26,1.8106423207463203e-26,2.4398738845716107e-26,3.0818461822065096e-26,3.7366102300987453e-26,4.4042733535769464e-26,5.0849896394989713e-26,5.778952376488965e-26,6.486388101869478e-26,7.20755194300819e-26,7.942723998991277e-26,8.692206557041946e-26,9.456321978338717e-26,1.0235411120437354e-25,1.1029832190389533e-25,1.1839959944015763e-25,1.266618516425719e-25,1.350891436530183e-25,1.4368569680616544e-25,1.5245588901616762e-25,1.6140425641137769e-25,1.705354960138624e-25,1.7985446930589945e-25,1.89366206563778e-25,1.9907591186549538e-25,2.0898896870438574e-25,2.1911094615867017e-25,2.294476055787865e-25,2.400049077747963e-25,2.5078902068320766e-25,2.6180632751435685e-25,2.730634353763581e-25,2.8456718438578602e-25,2.9632465727406255e-25,3.0834318950695877e-25,3.206303799376793e-25,3.3319410200805805e-25,3.4604251553687024e-25,3.5918407911331755e-25,3.7262756312913915e-25,3.863820634877264e-25,4.004570160242667e-25,4.148622116745943e-25,4.296078124454785e-25,4.447043682164968e-25,4.601628344414686e-25,4.75994590789824e-25,4.922114607898988e-25,5.088257325348887e-25,5.258501805159887e-25,5.432980886522358e-25,5.611832745952678e-25,5.7952011538470775e-25,5.9832357454349745e-25,6.17609230704966e-25,6.373933078682493e-25,6.5769270739227535e-25,6.785250418385645e-25,6.999086707881937e-25,7.218627387624633e-25,7.444072153904599e-25,7.675629379745423e-25,7.913516566185032e-25,8.157960820954775e-25,8.409199366444989e-25,8.667480079030458e-25,8.933062061952437e-25,9.206216254172e-25,9.487226077728492e-25,9.776388126511609e-25,1.0074012899315427e-24,1.0380425580586816e-24,1.0695966872332993e-24,1.1020993881053686e-24,1.1355881063916042e-24,1.1701021238576943e-24,1.2056826661767547e-24,1.2423730181784118e-24,1.280218647083621e-24,1.3192673343550999e-24,1.3595693168558173e-24,1.4011774380603719e-24,1.4441473101570049e-24,1.4885374879226988e-24,1.5344096553604906e-24,1.5818288261744869e-24,1.6308635592528921e-24,1.6815861904561217e-24,1.7340730821204427e-24,1.7884048918221163e-24,1.8446668621375427e-24,1.902949133244892e-24,1.963347080451148e-24,2.0259616789338147e-24,2.090899898201321e-24,2.1582751290592977e-24,2.228207646159166e-24,2.3008251095238907e-24,2.3762631088448667e-24,2.4546657547137893e-24,2.5361863214524437e-24,2.6209879467163485e-24,2.7092443936168727e-24,2.8011408818103305e-24,2.896874994690967e-24,2.9966576707283854e-24,3.1007142879026214e-24,3.2092858512979974e-24,3.322630295134514e-24,3.441023911924123e-24,3.564762923013206e-24,3.694165206637583e-24,3.829572201617379e-24,3.9713510072727045e-24,4.119896702821958e-24,4.275634912676647e-24,4.439024647644606e-24,4.610561456215108e-24,4.790780924902806e-24,4.980262572191581e-24,5.179634187087257e-24,5.38957667076984e-24,5.61082944858341e-24,5.8441965298714704e-24,6.090553305038096e-24,6.350854183332161e-24,6.626141191313787e-24,6.917553671466382e-24,7.22633924343832e-24,7.553866217732191e-24,7.901637684126335e-24,8.271307535864552e-24,8.664698737023629e-24,9.08382419606788e-24,9.530910675590338e-24,1.0008426249134831e-23,1.0519111914057919e-23,1.1066018088785558e-23,1.1652546868328569e-23,1.2282501090777498e-23,1.2960141487194322e-23,1.3690253459134048e-23,1.4478225365421502e-23,1.5330140620709552e-23,1.6252886435349885e-23,1.7254282690792118e-23,1.8343235284932685e-23,1.9529919352441696e-23,2.0825999134794144e-23,2.224489303984123e-23,2.3802094716356617e-23,2.5515563953033977e-23,2.740620512972238e-23,2.9498456134229104e-23,3.1821017573956415e-23,3.4407761411204873e-23,3.7298870761242324e-23,4.054227985872003e-23,4.4195507061490126e-23,4.8328007102471015e-23,5.30242158904752e-23,5.838752849652366e-23,6.454554847136555e-23,7.165708984516705e-23,7.992162665704963e-23,8.301256657353715e-23,9.32539685784975e-23,1.0536174163917753e-22,1.1979930150747728e-22,1.3717898455055446e-22,1.5832239793900986e-22,1.8435094401630243e-22,2.168250195863005e-22,2.579641917603516e-22,3.110070079976995e-22,3.8082187845788463e-22,4.749925677351578e-22,6.058561420651517e-22,7.9459710967014785e-22,1.0801969271685113e-21,1.5411915886047102e-21,2.356165693969814e-21,4.002779808802138e-21,8.064021932128203e-21,2.1432644731010846e-20,8.591362799413843e-20,5.718697533378843e-19,6.300687149430684e-18,9.684336652975958e-18,9.68433665539517e-18,2.402583081705836e-16,4.1467301019426175e-15,5.3666318295329316e-14,4.625537762113626e-13,2.518962102970902e-12,8.667180978060245e-12,2.0565784089355005e-11,3.8170158769211016e-11,6.026064932956982e-11,8.438961358811262e-11,1.0765145133268536e-10,1.2783252392548876e-10,1.438801437081143e-10,1.5570188512666977e-10,1.637452874421952e-10,1.686561321043827e-10,1.7108494779300511e-10,1.7160462540230742e-10,1.7068844164322547e-10,1.6871454519877177e-10,1.6597946679516556e-10,1.6271305166530965e-10,1.5909198356876355e-10,1.5525111959622017e-10,1.5129265127206393e-10,1.4729337265534542e-10,1.43310389827582e-10,1.393855822200271e-10,1.355490790048732e-10,1.3182196442516358e-10,1.2821838204078273e-10,1.2474717127746203e-10,1.2141314028445824e-10,1.1821805588162885e-10,1.1516141325237017e-10,1.1224103396963143e-10,1.0945353005376757e-10,1.067946633540335e-10,1.0425962304747692e-10,1.018432390246918e-10,9.954014504844931e-11,9.734490254920294e-11,9.525209358423267e-11,9.325638965717942e-11,9.13526016709997e-11,8.953571516720348e-11,8.780091413393009e-11,8.614359596993023e-11,8.45593796485821e-11,8.304410869951308e-11,8.159385028011106e-11,8.020489134326371e-11,7.887373268930641e-11,7.759708152164588e-11,7.637184299480255e-11,7.519511112002814e-11,7.406415932842319e-11,7.297643091297824e-11,7.192952950807497e-11,7.092120974192457e-11,6.994936814760363e-11,6.901203439812653e-11,6.810736291018083e-11,6.723362484234558e-11,6.638920050426184e-11,6.557257218008756e-11,6.478231736588555e-11,6.401710241270024e-11,6.327567656315552e-11,6.255686636802028e-11,6.18595704666988e-11,6.118275471278495e-11,6.052544762888664e-11,5.988673616977858e-11,5.926576177827001e-11,5.866171671389824e-11,5.8073840638586515e-11,5.750141744156695e-11,5.6943772288254425e-11,5.6400268877464295e-11,5.5870306893079474e-11,5.5353319635980345e-11,5.484877182413107e-11,5.435615754845359e-11,5.387499837323294e-11,5.340484157077639e-11,5.2945258480831765e-11,5.249584298513452e-11,5.2056210088919856e-11,5.162599460186569e-11,5.120484991000546e-11,5.079244683480898e-11,5.038847256851486e-11,4.9992629682744524e-11,4.960463520856077e-11,4.9224219774189863e-11,4.8851126804351754e-11,4.8485111771803624e-11,4.812594149969716e-11,4.7773393509833973e-11,4.7427255414344136e-11,4.7087324346924824e-11,4.675340643115765e-11,4.642531628350644e-11,4.6102876547917776e-11,4.578591746020025e-11,4.547427644014789e-11,4.516779770870739e-11,4.48663319302422e-11,4.456973587567994e-11,4.427787210685772e-11,4.3990608680107735e-11,4.3707818868007944e-11,4.342938089719207e-11,4.315517770236976e-11,4.288509669446083e-11,4.261902954292251e-11,4.2356871968770236e-11,4.20985235530738e-11,4.1843887553184915e-11,4.1592870729896454e-11,4.134538318617398e-11,4.110133821270529e-11,4.086065214306952e-11,4.062324421659137e-11,4.038903644856872e-11,4.0157953507621446e-11,3.99299225994244e-11,3.9704873356709856e-11,3.948273773497787e-11,3.926344991354384e-11,3.9046946201932596e-11,3.8833164950783026e-11,3.862204646734301e-11,3.841353293535459e-11,3.8207568338683785e-11,3.800409838886806e-11,3.780307045624438e-11,3.7604433504263756e-11,3.7408138027229036e-11,3.7214135990692004e-11,3.7022380774769695e-11,3.683282712015198e-11,3.664543107691265e-11,3.646014995516039e-11,3.627694227813593e-11,3.60957677376924e-11,3.591658715143382e-11,3.5739362421748114e-11,3.556405649774103e-11,3.5390633336511107e-11,3.521905786844966e-11,3.504929596287965e-11,3.488131439538538e-11,3.471508081657597e-11,3.455056372247209e-11,3.438773242497517e-11,3.4226557025217904e-11,3.4067008386767834e-11,3.390905811050509e-11,3.375267851050356e-11,3.359784259011832e-11,3.344452402016756e-11,3.329269711775774e-11,3.314233682514533e-11,3.299341868986276e-11,3.2845918846557775e-11,3.269981399744153e-11,3.255508139553852e-11,3.2411698827493066e-11,3.2269644597403335e-11,3.212889751076963e-11,3.198943685998678e-11,3.18512424093165e-11,3.171429438085688e-11,3.157857344196373e-11,3.1444060690860764e-11,3.1310737644907033e-11,3.117858622824778e-11,3.1047588760831863e-11,3.09177279457719e-11,3.0788986859648034e-11,3.066134894217769e-11,3.053479798471553e-11,3.0409318121912104e-11,3.028489382160382e-11,3.01615098758396e-11,3.00391513919941e-11,2.991780378432193e-11,2.9797452765620835e-11,2.9678084339201644e-11,2.9559684791981717e-11,2.944224068562719e-11,2.932573885044473e-11,2.921016637791317e-11,2.9095510614248052e-11,2.8981759153359357e-11,2.8868899831010992e-11,2.8756920718641257e-11,2.8645810116873425e-11,2.853555655064607e-11,2.842614876286776e-11,2.8317575709376136e-11,2.820982655356123e-11,2.8102890661343372e-11,2.7996757596238693e-11,2.7891417114507385e-11,2.7786859160586952e-11,2.7683073862569136e-11,2.758005152782073e-11,2.747778263869339e-11,2.737625784844998e-11,2.7275467977280314e-11,2.717540400830956e-11,2.7076057084160774e-11,2.697741850274821e-11,2.6879479714011272e-11,2.6782232316553134e-11,2.668566805415401e-11,2.658977881259086e-11,2.6494556616159426e-11,2.6399993624787563e-11,2.6306082131220253e-11,2.6212814557761497e-11,2.6120183453682657e-11,2.6028181491822027e-11,2.5936801467637232e-11,2.5846036294512008e-11,2.5755879001447695e-11,2.5666322732106185e-11,2.5577360741235253e-11,2.5488986392392718e-11,2.540119315582512e-11,2.5313974606186172e-11,2.522732442048808e-11,2.514123637568508e-11,2.5055704346838608e-11,2.4970722305077453e-11,2.4886284315530146e-11,2.480238453548347e-11,2.4719017212470637e-11,2.463617668268848e-11,2.455385736874985e-11,2.4472053778288955e-11,2.4390760502348497e-11,2.4309972213431078e-11,2.422968366397157e-11,2.414988968522834e-11,2.4070585184979572e-11,2.399176514661897e-11,2.3913424627309866e-11,2.383555875695453e-11,2.3758162736480468e-11,2.3681231836636268e-11,2.3604761396690786e-11,2.3528746822900814e-11,2.34531835873688e-11,2.337806722751877e-11,2.330339334355902e-11,2.3229157598262383e-11,2.3155355715219844e-11,2.308198347837201e-11,2.3009036730473133e-11,2.293651137215048e-11,2.2864403360712564e-11,2.2792708709321724e-11,2.2721423485809126e-11,2.2650543811835964e-11,2.2580065861778808e-11,2.2509985862048983e-11,2.2440300089882755e-11,2.2371004872595162e-11,2.2302096586569894e-11,2.2233571656775898e-11,2.2165426555491104e-11,2.209765780143262e-11,2.2030261959614942e-11,2.1963235639780458e-11,2.1896575495973828e-11,2.1830278225860897e-11,2.1764340569784778e-11,2.1698759310402098e-11,2.163353127140706e-11,2.1568653317304497e-11,2.1504122352550796e-11,2.1439935320960017e-11,2.137608920506463e-11,2.1312581025180744e-11,2.1249407839104015e-11,2.1186566741683653e-11,2.112405486362086e-11,2.10618693713711e-11,2.1000007466306274e-11,2.093846638434715e-11,2.0877243395279104e-11,2.0816335802112833e-11,2.075574094091873e-11,2.0695456179922386e-11,2.0635478919126458e-11,2.057580658989286e-11,2.0516436654174694e-11,2.045736660460643e-11,2.0398593963331078e-11,2.0340116281954768e-11,2.0281931141041988e-11,2.0224036149610292e-11,2.016642894471517e-11,2.010910719100887e-11,2.0052068580151992e-11,1.999531083110988e-11,1.9938831688549192e-11,1.988262892362936e-11,1.9826700332743117e-11,1.9771043737602517e-11,1.9715656984811766e-11,1.9660537945054816e-11,1.960568451358929e-11,1.9551094609156842e-11,1.9496766173861708e-11,1.9442697172871887e-11,1.9388885594047072e-11,1.933532944771092e-11,1.9282026766074128e-11,1.9228975603125968e-11,1.917617403434705e-11,1.9123620156136057e-11,1.9071312085741645e-11,1.901924796114394e-11,1.896742594030431e-11,1.8915844201359994e-11,1.8864500941490327e-11,1.8813394377794196e-11,1.8762522746264086e-11,1.8711884301802916e-11,1.866147731777425e-11,1.861130008593374e-11,1.856135091605632e-11,1.8511628135667665e-11,1.84621300899008e-11,1.841285514126608e-11,1.8363801669190442e-11,1.8314968070246618e-11,1.826635275707206e-11,1.821795415908013e-11,1.8169770722076107e-11,1.812180090722222e-11,1.8074043192095236e-11,1.8026496069297148e-11,1.7979158046735363e-11,1.7932027647904696e-11,1.7885103410798688e-11,1.7838383888235816e-11,1.779186764746675e-11,1.774555327014889e-11,1.7699439352372883e-11,1.7653524503820418e-11,1.7607807347995658e-11,1.756228652218813e-11,1.7516960676954113e-11,1.747182847618927e-11,1.7426888596822627e-11,1.7382139728733792e-11,1.7337580574424374e-11,1.729320984934604e-11,1.7249026281057004e-11,1.72050286094181e-11,1.7161215586434357e-11,1.7117585976240527e-11,1.7074138554572023e-11,1.7030872108848992e-11,1.6987785438092503e-11,1.6944877352710213e-11,1.690214667432371e-11,1.6859592235654697e-11,1.6817212880550402e-11,1.6775007463209507e-11,1.6732974849027578e-11,1.6691113913759564e-11,1.6649423543470447e-11,1.660790263496352e-11,1.6566550094831465e-11,1.652536483979978e-11,1.648434579660068e-11,1.644349190153499e-11,1.640280210130181e-11,1.6362275351527404e-11,1.632191061749424e-11,1.6281706873911367e-11,1.624166310433857e-11,1.6201778302262467e-11,1.6162051469865733e-11,1.6122481617950342e-11,1.608306776637938e-11,1.6043808943593037e-11,1.600470418680467e-11,1.5965752541994946e-11,1.5926953063291762e-11,1.5888304812995104e-11,1.5849806861846372e-11,1.581145828855904e-11,1.5773258180029654e-11,1.573520563109803e-11,1.5697299744601937e-11,1.565953963085586e-11,1.562192440796986e-11,1.558445320173226e-11,1.5547125145173434e-11,1.550993937916929e-11,1.5472895051674037e-11,1.5435991317864817e-11,1.539922734032569e-11,1.536260228848766e-11,1.532611533897068e-11,1.5289765675392844e-11,1.5253552487878458e-11,1.5217474973692483e-11,1.5181532336744635e-11,1.5145723787579283e-11,1.511004854324849e-11,1.5074505827387358e-11,1.503909487001792e-11,1.5003814907533278e-11,1.496866518261343e-11,1.4933644944169255e-11,1.4898753447254104e-11,1.4863989952958543e-11,1.4829353728599586e-11,1.4794844047246808e-11,1.476046018794262e-11,1.472620143558171e-11,1.4692067080777183e-11,1.465805641974729e-11,1.4624168754819617e-11,1.4590403393324667e-11,1.4556759648658702e-11,1.4523236839329197e-11,1.4489834289402966e-11,1.4456551328215597e-11,1.4423387290485168e-11,1.4390341516155997e-11,1.4357413350522913e-11,1.4324602143863458e-11,1.4291907251480578e-11,1.4259328033983182e-11,1.4226863856707378e-11,1.4194514089877957e-11,1.4162278108815197e-11,1.413015529402662e-11,1.4098145030085745e-11,1.4066246706635545e-11,1.4034459718017766e-11,1.4002783463251833e-11,1.3971217345788991e-11,1.3939760773933453e-11,1.3908413160207596e-11,1.3877173921757623e-11,1.3846042480085038e-11,1.3815018261098861e-11,1.3784100694838098e-11,1.3753289216177892e-11,1.3722583263614356e-11,1.3691982280336017e-11,1.3661485713284384e-11,1.3631093013837969e-11,1.36008036373917e-11,1.3570617043272775e-11,1.3540532694670113e-11,1.3510550059336764e-11,1.3480668608416535e-11,1.3450887817041258e-11,1.3421207164259231e-11,1.3391626132879901e-11,1.3362144209617359e-11,1.3332760884830317e-11,1.3303475652603097e-11,1.327428801064295e-11,1.3245197460256794e-11,1.3216203506619632e-11,1.3187305658348978e-11,1.315850342742422e-11,1.3129796329362911e-11,1.310118388341666e-11,1.3072665612030845e-11,1.3044241041124774e-11,1.3015909699885676e-11,1.2987671121154805e-11,1.295952484084964e-11,1.2931470398108727e-11,1.2903507335368867e-11,1.2875635198491642e-11,1.2847853536184959e-11,1.2820161900762309e-11,1.2792559846995836e-11,1.2765046933414428e-11,1.2737622721396462e-11,1.2710286775365674e-11,1.2683038662426285e-11,1.265587795357025e-11,1.2628804221945897e-11,1.260181704382878e-11,1.257491599840701e-11,1.2548100667989017e-11,1.2521370637572085e-11,1.2494725494802976e-11,1.2468164830417062e-11,1.2441688237814473e-11,1.2415295313241301e-11,1.2388985655584231e-11,1.2362758866436602e-11,1.233661455012661e-11,1.231055231368664e-11,1.2284571766694824e-11,1.2258672521466593e-11,1.2232854192759684e-11,1.2207116398045414e-11,1.2181458757260074e-11,1.2155880892712161e-11,1.2130382429675741e-11,1.2104962995490684e-11,1.2079622220329072e-11,1.2054359736235672e-11,1.2029175178086703e-11,1.2004068183224477e-11,1.1979038391112023e-11,1.1954085443732605e-11,1.1929208985369689e-11,1.1904408662591299e-11,1.1879684124342381e-11,1.1855035021673672e-11,1.1830461008156924e-11,1.180596173942679e-11,1.1781536873370284e-11,1.1757186070096929e-11,1.1732908991886841e-11,1.1708705303186881e-11,1.168457467059951e-11,1.1660516762915785e-11,1.1636531250860987e-11,1.1612617807564053e-11,1.1588776107785618e-11,1.1565005828755098e-11,1.1541306649578436e-11,1.1517678251398522e-11,1.1494120317315512e-11,1.147063253258723e-11,1.1447214584323521e-11,1.1423866161537147e-11,1.1400586955368953e-11,1.137737665874801e-11,1.1354234966534076e-11,1.1331161575509423e-11,1.130815618420946e-11,1.1285218493412858e-11,1.1262348205383439e-11,1.123954502420227e-11,1.1216808656157884e-11,1.1194138809012128e-11,1.1171535192250005e-11,1.11489975174814e-11,1.1126525497812515e-11,1.1104118848118063e-11,1.1081777285288233e-11,1.1059500527404424e-11,1.1037288294724585e-11,1.1015140309044526e-11,1.0993056294026243e-11,1.0971035974466896e-11,1.0949079077396345e-11,1.0927185331111554e-11,1.0905354465850664e-11,1.0883586213299712e-11,1.086188030672263e-11,1.0840236481029673e-11,1.081865447267485e-11,1.0797134019663165e-11,1.0775674861709347e-11,1.07542767398775e-11,1.073293939701393e-11,1.0711662577021303e-11,1.0690446025742938e-11,1.066928949039839e-11,1.0648192719629838e-11,1.0627155463635409e-11,1.060617747389191e-11,1.058525850372285e-11,1.0564398307572072e-11,1.0543596641253035e-11,1.0522853262227982e-11,1.0502167929222855e-11,1.0481540402401809e-11,1.0460970443344293e-11,1.0440457814958567e-11,1.0420002281549094e-11,1.0412240276890358e-11,1.0412240276890298e-11,1.0412240276890241e-11,1.0412240276890185e-11,1.0412240276890127e-11,1.0412240276890068e-11,1.0412240276890012e-11,1.0412240276889954e-11,1.0412240276889897e-11,1.041224027688984e-11,1.0412240276889782e-11,1.0412240276889724e-11,1.041224027688967e-11,1.0412240276889613e-11,1.0412240276889555e-11,1.0412240276889498e-11,1.041224027688944e-11,1.0412240276889383e-11,1.0412240276889325e-11,1.0412240276889269e-11,1.0412240276889209e-11,1.0412240276889152e-11,1.0412240276889096e-11,1.0412240276889038e-11,1.0412240276888981e-11,1.0412240276888925e-11,1.0412240276888866e-11,1.0412240276888808e-11,1.0412240276888753e-11,1.0412240276888693e-11,1.0412240276888637e-11,1.041224027688858e-11,1.0412240276888522e-11,1.0412240276888466e-11,1.0412240276888412e-11,1.0412240276888353e-11,1.0412240276888296e-11,1.041224027688824e-11,1.0412240276888181e-11,1.0412240276888125e-11,1.0412240276888068e-11,1.041224027688801e-11,1.0412240276887952e-11,1.0412240276887897e-11,1.0412240276887837e-11,1.041224027688778e-11,1.0412240276887724e-11,1.0412240276887666e-11,1.041224027688761e-11,1.041224027688755e-11,1.0412240276887495e-11,1.0412240276887437e-11,1.0412240276887378e-11,1.0412240276887322e-11,1.0412240276887265e-11,1.0412240276887207e-11,1.041224027688715e-11,1.0412240276887094e-11,1.0412240276887036e-11,1.0412240276886981e-11,1.0412240276886923e-11,1.0412240276886866e-11,1.0412240276886808e-11,1.0412240276886752e-11,1.0412240276886692e-11,1.0412240276886637e-11,1.0412240276886577e-11,1.041224027688652e-11,1.0412240276886464e-11,1.0412240276886406e-11,1.041224027688635e-11,1.0412240276886293e-11,1.0412240276886233e-11,1.0412240276886176e-11,1.0412240276886121e-11,1.0412240276886062e-11,1.0412240276886005e-11,1.0412240276885949e-11,1.041224027688589e-11,1.0412240276885834e-11,1.0412240276885777e-11,1.0412240276885719e-11,1.0412240276885663e-11,1.0412240276885606e-11,1.0412240276885548e-11,1.0412240276885491e-11,1.0412240276885433e-11,1.0412240276885375e-11,1.0412240276885319e-11,1.041224027688526e-11,1.0412240276885204e-11,1.0412240276885147e-11,1.0412240276885087e-11,1.0412240276885033e-11,1.0412240276884973e-11,1.0412240276884916e-11,1.041224027688486e-11,1.0412240276884802e-11,1.0412240276884745e-11,1.0412240276884688e-11,1.041224027688463e-11,1.0412240276884572e-11,1.0412240276884519e-11,1.041224027688446e-11,1.0412240276884402e-11,1.0412240276884346e-11,1.041224027688429e-11,1.0412240276884231e-11,1.0412240276884173e-11,1.0412240276884115e-11,1.0412240276884058e-11,1.0412240276884e-11,1.0412240276883944e-11,1.0412240276883887e-11,1.0412240276883827e-11,1.0412240276883772e-11,1.0412240276883714e-11,1.041224027688366e-11,1.0412240276883601e-11,1.0412240276883545e-11,1.0412240276883488e-11,1.041224027688343e-11,1.0412240276883373e-11,1.0412240276883315e-11,1.0412240276883259e-11,1.04122402768832e-11,1.0412240276883142e-11,1.0412240276883086e-11,1.041224027688303e-11,1.0412240276882971e-11,1.0412240276882915e-11,1.0412240276882858e-11,1.04122402768828e-11,1.0412240276882743e-11,1.0412240276882687e-11,1.0412240276882629e-11,1.041224027688257e-11,1.0412240276882515e-11,1.0412240276882456e-11,1.0412240276882399e-11,1.0412240276882344e-11,1.0412240276882286e-11,1.0412240276882228e-11,1.0412240276882173e-11,1.0412240276882115e-11,1.0412240276882057e-11,1.0412240276882002e-11,1.0412240276881942e-11,1.0412240276881885e-11,1.0412240276881829e-11,1.041224027688177e-11,1.0412240276881713e-11,1.0412240276881658e-11,1.0412240276881598e-11,1.0412240276881541e-11,1.0412240276881485e-11,1.0412240276881428e-11,1.041224027688137e-11,1.0412240276881313e-11,1.0412240276881257e-11,1.0412240276881199e-11,1.0412240276881144e-11,1.0412240276881084e-11,1.0412240276881028e-11,1.041224027688097e-11,1.0412240276880913e-11,1.0412240276880855e-11,1.0412240276880796e-11,1.041224027688074e-11,1.0412240276880683e-11,1.0412240276880625e-11,1.0412240276880569e-11,1.041224027688051e-11,1.0412240276880452e-11,1.0412240276880397e-11,1.0412240276880338e-11,1.0412240276880281e-11,1.0412240276880226e-11,1.0412240276880168e-11,1.041224027688011e-11,1.0412240276880055e-11,1.0412240276879995e-11,1.0412240276879939e-11,1.0412240276879882e-11,1.0412240276879824e-11,1.0412240276879767e-11,1.041224027687971e-11,1.0412240276879653e-11,1.0412240276879594e-11,1.041224027687954e-11,1.041224027687948e-11,1.0412240276879423e-11,1.0412240276879365e-11,1.0412240276879309e-11,1.0412240276879252e-11,1.0412240276879192e-11,1.0412240276879137e-11,1.0412240276879079e-11,1.0412240276879021e-11,1.0412240276878964e-11,1.0412240276878908e-11,1.041224027687885e-11,1.0412240276878795e-11,1.0412240276878735e-11,1.0412240276878678e-11,1.0412240276878622e-11,1.0412240276878565e-11,1.0412240276878507e-11,1.041224027687845e-11,1.0412240276878392e-11,1.0412240276878334e-11,1.041224027687828e-11,1.041224027687822e-11,1.0412240276878163e-11,1.0412240276878107e-11,1.041224027687805e-11,1.1051265720864063e-11,1.1883145142738566e-11,1.2759681865978677e-11,1.362296871063246e-11,1.4449493984891473e-11,1.523013831488165e-11,1.5962114022493837e-11,1.664548705567688e-11,1.7281622339876025e-11,1.787247435657071e-11,1.842025694627948e-11,1.8927284951797755e-11,1.93958944004482e-11,1.9828399160550543e-11,2.022706512638647e-11,2.0594093403042375e-11,2.0931608628096023e-11,2.124165063653842e-11,2.1526168583764432e-11,2.1787017033746416e-11,2.2025953688251913e-11,2.2244638506612276e-11,2.2444634001789613e-11,2.262740652016538e-11,2.279432832895195e-11,2.294668035356327e-11,2.3085655421389954e-11,2.3212361886702115e-11,2.3327827526259244e-11,2.343300361120019e-11,2.3528769074930145e-11,2.3615934709802883e-11,2.3695247337121565e-11,2.376739390640629e-11,2.3833005487789664e-11,2.3892661130747046e-11,2.3946891568744584e-11,2.3996182755261744e-11,2.4040979221982407e-11,2.408168725333298e-11,2.4118677876075713e-11,2.4152289664234002e-11,2.418283136258216e-11,2.4210584333302615e-11,2.423580483182091e-11,2.4258726118729043e-11,2.427956041534738e-11,2.429850071116718e-11,2.4315722431008044e-11,2.433138497063207e-11,2.4345633108915118e-11,2.4358598304794464e-11,2.4370399886573114e-11,2.4381146141492123e-11,2.4390935313278404e-11,2.439985651352004e-11,2.4407990554422345e-11,2.441541070874979e-11,2.4422183402762174e-11,2.44283688477048e-11,2.4434021614862078e-11,2.4439191158829644e-11,2.4443922293657497e-11,2.4448255625464973e-11,2.445222794573252e-11,2.4455872588435932e-11,2.4459219754322913e-11,2.4462296805186083e-11,2.4465128530866273e-11,2.4467737391432047e-11,2.447014373674668e-11,2.447236600552261e-11,2.4474420905735635e-11,2.4476323578018964e-11,2.4478087743851103e-11,2.4479725839622316e-11,2.448124913813221e-11,2.448266785859719e-11,2.4483991266257254e-11,2.4485227762538275e-11,2.448638496670919e-11,2.4487469789794233e-11,2.4488488501415833e-11,2.448944679038061e-11,2.4490349819467604e-11,2.4491202275046627e-11,2.449200841191971e-11,2.449277209401932e-11,2.4493496831148413e-11,2.4494185812273234e-11,2.4494841935651747e-11,2.449546783610073e-11,2.4496065909687196e-11,2.449663833609234e-11,2.44971870988105e-11,2.449771400348722e-11,2.4498220694498945e-11,2.449870866997468e-11,2.4499179295382297e-11,2.449963381585531e-11,2.4500073367341736e-11,2.4500498986706173e-11,2.450091162088495e-11,2.4501312135174044e-11,2.450170132074317e-11,2.4502079901437544e-11,2.4502448539962786e-11,2.4502807843452516e-11,2.4503158368553275e-11,2.4503500626013732e-11,2.450383508485041e-11,2.4504162176124735e-11,2.4504482296369047e-11,2.4504795810690468e-11,2.4505103055604843e-11,2.4505404341559177e-11,2.4505699955274296e-11,2.450599016187502e-11,2.450627520674825e-11,2.450655531732356e-11,2.450683070462244e-11,2.4507101564701665e-11,2.4507368079938806e-11,2.4507630420222938e-11,2.450788874402321e-11,2.450814319938007e-11,2.4508393924750286e-11,2.4508641049865173e-11,2.4508884696414292e-11,2.4509124978725832e-11,2.4509362004400017e-11,2.4509595874821346e-11,2.4509826685678484e-11,2.4510054527430902e-11,2.4510279485697996e-11,2.4510501641661362e-11,2.451072107240125e-11,2.451093785121083e-11,2.451115204788259e-11,2.451136372896704e-11,2.4511572958020727e-11,2.4511779795805307e-11,2.451198430052181e-11,2.4512186527948507e-11,2.451238653164565e-11,2.4512584363077246e-11,2.4512780071766365e-11,2.4512973705425512e-11,2.451316531005217e-11,2.45133549300699e-11,2.4513542608383273e-11,2.45137283865016e-11,2.451391230461194e-11,2.4514094401657847e-11,2.4514274715388012e-11,2.4514453282453105e-11,2.4514630138440636e-11,2.4514805317940038e-11,2.451497885459257e-11,2.4515150781131783e-11,2.4515321129431393e-11,2.451548993054337e-11,2.451565721473701e-11,2.451582301153279e-11,2.4515987349729116e-11,2.451615025743991e-11,2.4516311762113567e-11,2.4516471890565312e-11,2.451663066900124e-11,2.45167881230318e-11,2.4516944277708565e-11,2.4517099157522174e-11,2.4517252786448494e-11,2.4517405187938286e-11,2.4517556384950578e-11,2.4517706399971188e-11,2.4517855254990284e-11,2.451800297158219e-11,2.4518149570862092e-11,2.451829507351932e-11,2.451843949983222e-11,2.4518582869672624e-11,2.4518725202519144e-11,2.451886651746047e-11,2.4519006833224192e-11,2.4519146168162123e-11,2.4519284540273825e-11,2.4519421967207535e-11,2.45195584662844e-11,2.4519694054483056e-11,2.4519828748455433e-11,2.4519962564556145e-11,2.452009551882146e-11,2.4520227626960778e-11,2.4520358904409387e-11,2.4520489366329782e-11,2.4520619027582184e-11,2.4520747902743198e-11,2.452087600612084e-11,2.4521003351748982e-11,2.452112995342132e-11,2.452125582466973e-11,2.452138097876675e-11,2.452150542875083e-11,2.452162918741071e-11,2.4521752267304487e-11,2.452187468076071e-11,2.452199643987049e-11,2.452211755651172e-11,2.4522238042337778e-11,2.4522357908799024e-11,2.4522477167125317e-11,2.4522595828353585e-11,2.452271390329756e-11,2.4522831402575843e-11,2.4522948336651645e-11,2.452306471575967e-11,2.4523180549954872e-11,2.4523295849102122e-11,2.4523410622897717e-11,2.4523524880872268e-11,2.452363863235675e-11,2.452375188652026e-11,2.452386465237775e-11,2.4523976938766454e-11,2.4524088754362948e-11,2.4524200107689175e-11,2.4524311007124604e-11,2.452442146087697e-11,2.4524531477012468e-11,2.452464106345073e-11,2.4524750227966213e-11,2.452485897819309e-11,2.4524967321626942e-11,2.452507526562859e-11,2.4525182817420934e-11,2.452528998409672e-11,2.452539677261719e-11,2.4525503189836762e-11,2.452560924246674e-11,2.4525714937108004e-11,2.4525820280153196e-11,2.4525925278071586e-11,2.452602993703895e-11,2.452613426320492e-11,2.452623826257791e-11,2.452634194106315e-11,2.4526445304462434e-11,2.4526548358476538e-11,2.4526651108683203e-11,2.4526753560565164e-11,2.4526855719523268e-11,2.4526957590846164e-11,2.4527059179731413e-11,2.4527160491278244e-11,2.4527261530497003e-11,2.4527362302307634e-11,2.4527462811533774e-11,2.4527563062919313e-11,2.4527663061119038e-11,2.4527762810700088e-11,2.4527862316159683e-11,2.4527961581894013e-11,2.452806061223807e-11,2.452815941142881e-11,2.4528257983576184e-11,2.4528356332910954e-11,2.4528454463381433e-11,2.452855237901009e-11,2.4528650083484364e-11,2.4528747580829823e-11,2.452884487463126e-11,2.4528941968598978e-11,2.4529038866345503e-11,2.452913557140588e-11,2.4529232087241735e-11,2.4529328417303357e-11,2.4529424564896202e-11,2.452952053332954e-11,2.4529616325820808e-11,2.4529711945534726e-11,2.452980739559232e-11,2.452990267904494e-11,2.452999779889438e-11,2.4530092758104882e-11,2.453018755952857e-11,2.453028220602981e-11,2.4530376700382616e-11,2.453047104528899e-11,2.453056524353726e-11,2.4530659297705515e-11,2.4530753210396895e-11,2.4530846984149555e-11,2.4530940621458385e-11,2.4531034124684094e-11,2.4531127496451437e-11,2.4531220738972904e-11,2.453131385460832e-11,2.4531406845642992e-11,2.4531499714281937e-11,2.453159246275346e-11,2.4531685093123126e-11,2.4531777607670307e-11,2.4531870008450356e-11,2.4531962297396326e-11,2.4532054476544252e-11,2.4532146547910475e-11,2.453223851335871e-11,2.4532330374889394e-11,2.4532422134288123e-11,2.453251379341986e-11,2.4532605354069853e-11,2.453269681799979e-11,2.4532788186944542e-11,2.4532879462666414e-11,2.453297064670878e-11,2.45330617407751e-11,2.453315274646435e-11,2.4533243665374937e-11,2.453333449905446e-11,2.453342524902636e-11,2.453351591678241e-11,2.4533606503802665e-11,2.453369701150748e-11,2.4533787441425118e-11,2.4533877794833715e-11,2.4533968073136322e-11,2.4534058277476665e-11,2.4534148409416813e-11,2.4534238470170583e-11,2.4534328461019242e-11,2.4534418383216295e-11,2.4534508237936532e-11,2.4534598026412145e-11,2.4534687749843354e-11,2.453477740934284e-11,2.45348670060893e-11,2.4534956541213828e-11,2.453504601576045e-11,2.453513543085341e-11,2.453522478750831e-11,2.4535314086786623e-11,2.4535403329709193e-11,2.4535492517247875e-11,2.4535581650414625e-11,2.453567073014884e-11,2.4535759757451043e-11,2.4535848733227875e-11,2.453593765832676e-11,2.4536026533700605e-11,2.4536115360212125e-11,2.4536204138722657e-11,2.4536292870065296e-11,2.4536381555142715e-11,2.453647019472958e-11,2.4536558789616403e-11,2.4536647340601598e-11,2.4536735848468874e-11,2.453682431392716e-11,2.453691273780113e-11,2.4537001120772988e-11,2.4537089463822167e-11,2.4537177767173424e-11,2.4537266031773496e-11,2.4537354258309723e-11,2.4537442447408115e-11,2.453753059976416e-11,2.4537618715985817e-11,2.453770679672955e-11,2.4537794842602487e-11,2.4537882854225272e-11,2.4537970832238842e-11,2.4538058777149928e-11,2.453814668958302e-11,2.4538234570084233e-11,2.4538322419215487e-11,2.4538410237526758e-11,2.4538498025570724e-11,2.453858578358336e-11,2.4538673512626033e-11,2.4538761212831454e-11,2.4538848884932835e-11,2.4538936529297484e-11,2.4539024146402838e-11,2.4539111736720384e-11,2.4539199300718797e-11,2.4539286838851166e-11,2.45393743515648e-11,2.4539461839242482e-11,2.4539549302432307e-11,2.4539636741482497e-11,2.4539724156803694e-11,2.453981154861987e-11,2.4539898917793728e-11,2.453998626440866e-11,2.454007358890302e-11,2.4540160891677124e-11,2.4540248173074225e-11,2.4540335433446637e-11,2.4540422673174363e-11,2.4540509892579324e-11,2.4540597091946714e-11,2.4540684271732848e-11,2.4540771432338273e-11,2.4540858573984205e-11,2.454094569698442e-11,2.4541032801553563e-11,2.4541119888240003e-11,2.4541206957254562e-11,2.4541294008872815e-11,2.4541381043385477e-11,2.4541468061081205e-11,2.4541555062392065e-11,2.4541642047288954e-11,2.454172901620775e-11,2.4541815969461217e-11,2.4541902907208963e-11,2.45419898299762e-11,2.454207673759372e-11,2.4542163630507867e-11,2.4542250509078117e-11,2.45423373733083e-11,2.4542424223579637e-11,2.4542511060120972e-11,2.4542597883144893e-11,2.4542684692843685e-11,2.454277148953291e-11,2.4542858273337835e-11,2.4542945044491044e-11,2.454303180318075e-11,2.454311854961514e-11,2.4543205283714108e-11,2.4543292006311334e-11,2.45433787173122e-11,2.4543465416802123e-11,2.4543552105011928e-11,2.454363878213518e-11,2.4543725448529797e-11,2.454381210400378e-11,2.4543898748913275e-11,2.4543985383475733e-11,2.4544072007793426e-11,2.4544158622012245e-11,2.454424522632681e-11,2.454433182089365e-11,2.454441840586206e-11,2.4544504981394594e-11,2.4544591547634854e-11,2.4544678104869964e-11,2.454476465296193e-11,2.454485119219272e-11,2.4544937722709052e-11,2.4545024244630357e-11,2.4545110758099225e-11,2.454519726324403e-11,2.4545283760191523e-11,2.45453702490771e-11,2.454545673001986e-11,2.4545543203135546e-11,2.454562966855519e-11,2.4545716126414673e-11,2.4545802576781647e-11,2.4545889019791935e-11,2.4545975455533354e-11,2.4546061884166522e-11,2.4546148305780256e-11,2.4546234720583665e-11,2.4546321128447182e-11,2.4546407529592043e-11,2.4546493924048477e-11,2.4546580312055675e-11,2.4546666693638425e-11,2.454675306889135e-11,2.4546839437913164e-11,2.4546925800759117e-11,2.4547012157570536e-11,2.4547098508499682e-11,2.454718485339534e-11,2.454727119255394e-11,2.454735752599514e-11,2.454744385380407e-11,2.4547530176058153e-11,2.4547616492833067e-11,2.4547702804212356e-11,2.4547789110305716e-11,2.4547875411110276e-11,2.454796170673224e-11,2.454804799725874e-11,2.4548134282756287e-11,2.4548220563291937e-11,2.454830683892142e-11,2.454839310971562e-11,2.4548479375740156e-11,2.4548565636753613e-11,2.4548651893403463e-11,2.4548738145535275e-11,2.454882439309336e-11,2.4548910636242204e-11,2.4548996874950678e-11,2.4549083109352908e-11,2.454916933951157e-11,2.4549255565406872e-11,2.4549341786961527e-11,2.454942800457007e-11,2.4549514217904492e-11,2.4549600427432728e-11,2.4549686632993664e-11,2.4549772834679893e-11,2.4549859032464653e-11,2.454994522645746e-11,2.4550031416627814e-11,2.4550117602967913e-11,2.455020378576317e-11,2.4550289964913216e-11,2.4550376140325377e-11,2.4550462312334595e-11,2.4550548480821803e-11,2.4550634645840004e-11,2.4550720807463587e-11,2.4550806965695927e-11,2.4550893120713534e-11,2.4550979272460377e-11,2.455106542077605e-11,2.455115156584967e-11,2.4551237707723478e-11,2.455132384649594e-11,2.4551409982115313e-11,2.455149611461366e-11,2.455158224372191e-11,2.4551668370143832e-11,2.4551754493555875e-11,2.455184061403302e-11,2.4551926731576437e-11,2.4552012846236427e-11,2.4552098958020214e-11,2.4552185066960606e-11,2.455227117306116e-11,2.4552357276360725e-11,2.455244337705467e-11,2.4552529474948934e-11,2.4552615570112345e-11,2.455270166263988e-11,2.4552787752529493e-11,2.4552873839780185e-11,2.455295992445094e-11,2.4553046006539182e-11,2.4553132086263413e-11,2.455321816331875e-11,2.455330423787515e-11,2.455339030980938e-11,2.4553476379419693e-11,2.4553562446616397e-11,2.455364851139978e-11,2.455373457380825e-11,2.4553820633879486e-11,2.4553906691603463e-11,2.4553992746984692e-11,2.455407880006845e-11,2.455416485082989e-11,2.4554250899368263e-11,2.4554336945675373e-11,2.455442298974268e-11,2.4554509031602436e-11,2.4554595071223002e-11,2.4554681108754837e-11,2.455476714405707e-11,2.4554853177215057e-11,2.4554939208300964e-11,2.4555025237261677e-11,2.455511126415929e-11,2.4555197288595445e-11,2.4555283311345814e-11,2.4555369331955176e-11,2.4555455350652263e-11,2.455554136728723e-11,2.455562738191217e-11,2.4555713394557783e-11,2.4555799405249426e-11,2.4555885414000646e-11,2.4555971420797952e-11,2.4556057425686103e-11,2.4556143428231788e-11,2.455622942923981e-11,2.4556315428181985e-11,2.455640142537445e-11,2.4556487420625485e-11,2.455657341395851e-11,2.4556659405655002e-11,2.4556745395522477e-11,2.455683138387031e-11,2.4556917370073993e-11,2.4557003354476147e-11,2.45570893367452e-11,2.4557175317556568e-11,2.4557261296647446e-11,2.4557347273956742e-11,2.4557433249407467e-11,2.4557519223264913e-11,2.4557605195194237e-11,2.4557691165753368e-11,2.4557777134375626e-11,2.4557863101294135e-11,2.4557949066507895e-11,2.4558035030451927e-11,2.4558120992298947e-11,2.4558206952391487e-11,2.455829291092202e-11,2.45583788678873e-11,2.4558464823096378e-11,2.4558550776665633e-11,2.4558636728649935e-11,2.4558722678965404e-11,2.4558808627641786e-11,2.45588945746889e-11,2.4558980520306654e-11,2.4559066464182577e-11,2.455915240645749e-11,2.4559238347039778e-11,2.4559324286153447e-11,2.4559410223758827e-11,2.4559496159667304e-11,2.4559582094108395e-11,2.455966802699785e-11,2.455975395826821e-11,2.4559839888042156e-11,2.4559925816246476e-11,2.456001174306779e-11,2.456009766826375e-11,2.456018359191037e-11,2.4560269514101734e-11,2.456035543476607e-11,2.4560441353949844e-11,2.456052727173664e-11,2.4560613187854606e-11,2.4560699102807726e-11,2.4560785015944864e-11,2.45608709276728e-11,2.4560956837892417e-11,2.4561042746661037e-11,2.456112865386545e-11,2.4561214559637813e-11,2.4561300464039413e-11,2.456138636712667e-11,2.456147226914018e-11,2.456155816921281e-11,2.456164406779657e-11,2.4561729964986528e-11,2.45618158606838e-11,2.456190175517723e-11,2.4561987648058458e-11,2.4562073539383615e-11,2.4562159429417738e-11,2.456224531801293e-11,2.4562331205159596e-11,2.4562417091014166e-11,2.4562502975454243e-11,2.4562588858494383e-11,2.4562674740240847e-11,2.456276062049189e-11,2.4562846499331372e-11,2.4562932376645706e-11,2.4563018252736413e-11,2.4563104127423696e-11,2.4563190000825827e-11,2.4563275872800477e-11,2.4563361743398227e-11,2.4563447612594142e-11,2.45635334804025e-11,2.4563619346878606e-11,2.4563705211854435e-11,2.4563791075589003e-11,2.456387693795329e-11,2.4563962798949032e-11,2.4564048658653824e-11,2.456413451699173e-11,2.4564220374000318e-11,2.4564306229553675e-11,2.4564392083807008e-11,2.4564477936987407e-11,2.456456378852645e-11,2.4564649638809252e-11,2.4564735487724246e-11,2.4564821335665832e-11,2.456490718192525e-11,2.456499302682842e-11,2.4565078870425467e-11,2.4565164712843006e-11,2.456525055380581e-11,2.456533639342555e-11,2.4565422231788382e-11,2.456550806878573e-11,2.45655939044521e-11,2.4565679738776995e-11,2.456576557182294e-11,2.4565851403548283e-11,2.456593723398902e-11,2.4566023063114224e-11,2.4566108890924008e-11,2.4566194717443442e-11,2.4566280542533964e-11,2.456636636643554e-11,2.4566452188955015e-11,2.4566538010278838e-11,2.4566623830258194e-11,2.456670964893971e-11,2.45667954663528e-11,2.4566881282689932e-11,2.4566967097543538e-11,2.456705291106103e-11,2.4567138723245092e-11,2.456722453413352e-11,2.4567310343776198e-11,2.4567396151975075e-11,2.4567481959056217e-11,2.4567567764869045e-11,2.4567653569609573e-11,2.4567739372856597e-11,2.45678251748316e-11,2.4567910975444744e-11,2.4567996774746472e-11,2.4568082572856566e-11,2.4568168369723298e-11,2.4568254165293814e-11,2.456833995957607e-11,2.4568425752619464e-11,2.4568511544386475e-11,2.4568597334875735e-11,2.4568683124082156e-11,2.4568768911991556e-11,2.456885469865467e-11,2.4568940484053717e-11,2.4569026268187008e-11,2.4569112051051423e-11,2.4569197832643518e-11,2.4569283612956442e-11,2.456936939210055e-11,2.4569455169709687e-11,2.4569540946263138e-11,2.456962672152857e-11,2.4569712495531122e-11,2.4569798267845026e-11,2.456988403931373e-11,2.4569969809561472e-11,2.4570055578820178e-11,2.4570141346547902e-11,2.45702271129875e-11,2.4570312878171255e-11,2.4570398642475175e-11,2.4570484405186064e-11,2.457057016659904e-11,2.457065592686961e-11,2.4570741685812163e-11,2.4570827443803842e-11,2.4570913200238056e-11,2.4570998955934842e-11,2.4571084709854837e-11,2.457117046253207e-11,2.4571256214338675e-11,2.4571341964512218e-11,2.4571427713533336e-11,2.4571513461106517e-11,2.457159920780038e-11,2.4571684952960306e-11,2.4571770696892845e-11,2.457185643957457e-11,2.4571942181298266e-11,2.4572027921394816e-11,2.4572113660307933e-11,2.4572199398013386e-11,2.4572285134400483e-11,2.4572370869609728e-11,2.457245660358178e-11,2.4572542336238033e-11,2.457262806770129e-11,2.4572713798048434e-11,2.4572799527205246e-11,2.4572885254957476e-11,2.4572970981473382e-11,2.4573056706755092e-11,2.4573142430792422e-11,2.4573228153479874e-11,2.4573313874997467e-11,2.4573399595307036e-11,2.457348531436138e-11,2.457357103218272e-11,2.4573656748782702e-11,2.457374246418517e-11,2.457382817826429e-11,2.4573913891498528e-11,2.45739996031396e-11,2.457408531351888e-11,2.4574171022616652e-11,2.4574256730480915e-11,2.4574342437056588e-11,2.457442814251587e-11,2.457451384667316e-11,2.4574599549658303e-11,2.4574685251394398e-11,2.4574770951844324e-11,2.4574856651127602e-11,2.4574942349167175e-11,2.457502804615063e-11,2.4575113741731638e-11,2.4575199436043105e-11,2.4575285129462725e-11,2.457537082133616e-11,2.4575456511919855e-11,2.457554220130102e-11,2.457562788940713e-11,2.45757135763614e-11,2.4575799262062375e-11,2.4575884946668687e-11,2.4575970629869283e-11,2.4576056311797885e-11,2.4576141992565288e-11,2.4576227672068716e-11,2.4576313350542253e-11,2.4576399027737556e-11,2.4576484703560057e-11,2.4576570378156798e-11,2.4576656051543833e-11,2.4576741723675425e-11,2.4576827394579047e-11,2.4576913064265002e-11,2.4576998732640828e-11,2.4577084399911784e-11,2.457717006584915e-11,2.4577255730600946e-11,2.4577341394125742e-11,2.4577427056498922e-11,2.457751271756038e-11,2.4577598377444456e-11,2.4577684036077458e-11,2.457776969346331e-11,2.457785534963635e-11,2.4577941004988734e-11,2.4578026658707902e-11,2.4578112311391718e-11,2.457819796264969e-11,2.4578283612674532e-11,2.457836926147271e-11,2.4578454909061118e-11,2.4578540555412805e-11,2.4578626200531983e-11,2.4578711844421528e-11,2.4578797487084994e-11,2.4578883128476635e-11,2.457896876870209e-11,2.4579054407762513e-11,2.4579140045453476e-11,2.4579225681964086e-11,2.4579311317242732e-11,2.4579396951266242e-11,2.457948258435538e-11,2.4579568215908047e-11,2.4579653846291988e-11,2.4579739475326122e-11,2.4579825103272197e-11,2.4579910730335935e-11,2.4579996356205257e-11,2.4580081980432868e-11,2.4580167603471448e-11,2.4580253225111825e-11,2.4580338845685285e-11,2.4580424464845054e-11,2.4580510083226588e-11,2.4580595700442062e-11,2.4580681316151318e-11,2.458076693061968e-11,2.4580852543840923e-11,2.458093815614044e-11,2.458102376687391e-11,2.4581109376255065e-11,2.4581194984574645e-11,2.4581280591654345e-11,2.4581366197533966e-11,2.4581451802280675e-11,2.458153740570146e-11,2.4581623007929945e-11,2.4581708609482367e-11,2.4581794209115478e-11,2.4581879807681697e-11,2.45819654050614e-11,2.458205100113737e-11,2.4582136595990675e-11,2.458222218967439e-11,2.4582307782396997e-11,2.458239337368764e-11,2.4582478963669103e-11,2.4582564552504105e-11,2.4582650140030697e-11,2.458273572635247e-11,2.4582821311459196e-11,2.4582906895337928e-11,2.45829924780203e-11,2.4583078059444256e-11,2.4583163639701317e-11,2.4583249219203307e-11,2.4583334796937932e-11,2.4583420373512737e-11,2.4583505948739135e-11,2.4583591522454034e-11,2.4583677095292286e-11,2.4583762666943208e-11,2.4583848237697967e-11,2.458393380672323e-11,2.4584019374700398e-11,2.4584104941449667e-11,2.4584190506907872e-11,2.45842760711322e-11,2.4584361634196976e-11,2.4584447196050163e-11,2.458453275670177e-11,2.458461831610281e-11,2.4584703874304518e-11,2.4584789431591203e-11,2.4584874987347527e-11,2.458496054185947e-11,2.4585046095145848e-11,2.4585131647234213e-11,2.45852171983688e-11,2.458530274767622e-11,2.4585388296151112e-11,2.458547384335731e-11,2.4585559389324744e-11,2.4585644934093327e-11,2.4585730477588297e-11,2.4585816019889917e-11,2.4585901561056788e-11,2.458598710097602e-11,2.4586072639615363e-11,2.4586158177027364e-11,2.4586243713237535e-11,2.4586329248588518e-11,2.4586414782640246e-11,2.4586500315081747e-11,2.4586585846404218e-11,2.458667137653016e-11,2.4586756905667213e-11,2.4586842433367066e-11,2.4586927959683113e-11,2.4587013484891993e-11,2.4587099008755456e-11,2.4587184531499767e-11,2.4587270053032113e-11,2.4587355573364666e-11,2.4587441092428905e-11,2.4587526610245203e-11,2.458761212686167e-11,2.4587697642310726e-11,2.458778315654607e-11,2.4587868669564e-11,2.45879541813586e-11,2.4588039692594005e-11,2.45881252019307e-11,2.4588210710019594e-11,2.4588296216932056e-11,2.4588381722623392e-11,2.458846722680014e-11,2.458855273000189e-11,2.4588638232022906e-11,2.458872373279766e-11,2.4588809232419056e-11,2.458889473071712e-11,2.4588980228083827e-11,2.4589065723980848e-11,2.4589151218683283e-11,2.4589236712158348e-11,2.4589322204375965e-11,2.4589407695343613e-11,2.4589493185135374e-11,2.4589578673775013e-11,2.4589664161128676e-11,2.4589749647292455e-11,2.458983513202429e-11,2.4589920615842446e-11,2.459000609833709e-11,2.4590091579749714e-11,2.459017705983222e-11,2.459026253873328e-11,2.4590348016346737e-11,2.459043349274083e-11,2.4590518967954708e-11,2.4590604441974656e-11,2.4590689914703882e-11,2.459077538619646e-11,2.4590860856478773e-11,2.4590946325558617e-11,2.4591031793371653e-11,2.4591117259980722e-11,2.459120272520674e-11,2.4591288189384125e-11,2.4591373652359955e-11,2.4591459114104888e-11,2.459154457463425e-11,2.4591630033925246e-11,2.4591715492028794e-11,2.4591800948859945e-11,2.459188640481025e-11,2.4591971859302556e-11,2.4592057312480008e-11,2.459214276445071e-11,2.4592228215233018e-11,2.4592313664801905e-11,2.4592399113121855e-11,2.4592484560219235e-11,2.4592570006092272e-11,2.4592655450561196e-11,2.4592740894056554e-11,2.459282633630397e-11,2.459291177769958e-11,2.4592997217489765e-11,2.4593082656103795e-11,2.4593168093539615e-11,2.4593253529443733e-11,2.459333896469752e-11,2.4593424398364562e-11,2.459350983072402e-11,2.4593595261706307e-11,2.4593680691755078e-11,2.4593766120480037e-11,2.4593851548071132e-11,2.4593936974464008e-11,2.459402239961948e-11,2.4594107823555505e-11,2.4594193246421912e-11,2.459427866794121e-11,2.4594364087766423e-11,2.4594449506828966e-11,2.4594534924687005e-11,2.4594620341286343e-11,2.4594705756716613e-11,2.4594791171214728e-11,2.4594876584128966e-11,2.4594961995875093e-11,2.4595047406436976e-11,2.4595132815766834e-11,2.4595218223865502e-11,2.4595303630742104e-11,2.459538903641599e-11,2.4595474440843616e-11,2.4595559844078384e-11,2.459564524607172e-11,2.4595730646819904e-11,2.4595816046660964e-11,2.4595901444992473e-11,2.4595986842131635e-11,2.4596072237798233e-11,2.45961576324906e-11,2.4596243025959956e-11,2.4596328418238148e-11,2.4596413809297363e-11,2.4596499198985375e-11,2.4596584587699876e-11,2.4596669974879495e-11,2.4596755361054872e-11,2.4596840746400648e-11,2.4596926130419083e-11,2.459701151305912e-11,2.4597096894329837e-11,2.4597182274404754e-11,2.4597267653595853e-11,2.4597353031252956e-11,2.4597438407686426e-11,2.459752378292999e-11,2.4597609156921216e-11,2.4597694529674185e-11,2.459777990124649e-11,2.4597865271653257e-11,2.4597950640766014e-11,2.4598036008671633e-11,2.459812137535326e-11,2.4598206740812613e-11,2.4598292105060165e-11,2.459837746795602e-11,2.4598462829723038e-11,2.459854819077069e-11,2.4598633550145977e-11,2.4598718908292678e-11,2.4598804265143897e-11,2.459888962085255e-11,2.459897497535249e-11,2.4599060328633776e-11,2.4599145680834198e-11,2.4599231031683802e-11,2.4599316381228817e-11,2.459940172981985e-11,2.4599487077019594e-11,2.4599572422993168e-11,2.4599657767743682e-11,2.459974311127765e-11,2.459982845356808e-11,2.459991379467645e-11,2.4599999134495248e-11,2.4600084473154084e-11,2.4600169810592027e-11,2.460025514667943e-11,2.4600340481828578e-11,2.460042581562121e-11,2.4600511147835266e-11,2.460059647902797e-11,2.4600681809144718e-11,2.4600767138072217e-11,2.4600852465782235e-11,2.460093779224412e-11,2.460102311743823e-11,2.4601108441491936e-11,2.460119376432053e-11,2.4601279085792885e-11,2.4601364406183204e-11,2.460144972534445e-11,2.460153504332245e-11,2.4601620360068182e-11,2.4601705675616696e-11,2.4601790989925862e-11,2.4601876303014687e-11,2.4601961614876784e-11,2.4602046925487357e-11,2.4602132234908706e-11,2.4602217543125955e-11,2.460230284992377e-11,2.460238815570873e-11,2.460247346020614e-11,2.4602558763434537e-11,2.4602644065633443e-11,2.4602729366554697e-11,2.4602814666258725e-11,2.4602899964730348e-11,2.4602985261995654e-11,2.460307055805158e-11,2.4603155852900184e-11,2.4603241146498195e-11,2.460332643916446e-11,2.460341173024813e-11,2.4603497020717805e-11,2.4603582309456e-11,2.4603667597597423e-11,2.4603752883880957e-11,2.460383816896617e-11,2.4603923452880442e-11,2.46040087355158e-11,2.4604094016949208e-11,2.4604179297200407e-11,2.4604264576228103e-11,2.460434985402921e-11,2.460443513093813e-11,2.46045204067967e-11,2.4604605680688664e-11,2.4604690953609095e-11,2.4604776225361857e-11,2.460486149585486e-11,2.4604946765155253e-11,2.4605032033100363e-11,2.4605117299935908e-11,2.4605202565958935e-11,2.4605287830348946e-11,2.4605373093531238e-11,2.4605458355552753e-11,2.46055436166251e-11,2.460562887593468e-11,2.4605714134329825e-11,2.4605799391506243e-11,2.4605884647345374e-11,2.4605969901907798e-11,2.460605515533923e-11,2.4606140407585257e-11,2.4606225658610637e-11,2.460631090841177e-11,2.4606396157002034e-11,2.4606481404408428e-11,2.4606566650559394e-11,2.4606651895475602e-11,2.4606737139206807e-11,2.460682238168405e-11,2.460690762296425e-11,2.460699286303532e-11,2.460707810188078e-11,2.4607163339530622e-11,2.4607248575927106e-11,2.4607333811142884e-11,2.4607419045140702e-11,2.46075042782254e-11,2.4607589509787156e-11,2.4607674740204188e-11,2.4607759969324378e-11,2.460784519716588e-11,2.4607930423836838e-11,2.4608015649312457e-11,2.4608100873574654e-11,2.4608186096614753e-11,2.4608271318452176e-11,2.460835653905898e-11,2.4608441758448577e-11,2.460852697662301e-11,2.4608612193657082e-11,2.46086974096711e-11,2.4608782624199907e-11,2.4608867837479055e-11,2.460895304960883e-11,2.460903826046001e-11,2.4609123470125863e-11,2.4609208678865912e-11,2.4609293886113136e-11,2.460937909216202e-11,2.460946429699331e-11,2.4609549500574617e-11,2.4609634702928234e-11,2.4609719904341247e-11,2.4609805104247065e-11,2.4609890302931235e-11,2.460997550042674e-11,2.4610060696743425e-11,2.4610145891992526e-11,2.4610231085846666e-11,2.461031627846132e-11,2.461040146982839e-11,2.461048666006659e-11,2.4610571848862053e-11,2.4610657036615803e-11,2.4610742223170646e-11,2.4610827408506595e-11,2.461091259263017e-11,2.4610997775533575e-11,2.4611082957295794e-11,2.4611168138163773e-11,2.461125331742635e-11,2.4611338495329903e-11,2.4611423672141033e-11,2.461150884778946e-11,2.461159402204798e-11,2.4611679195206297e-11,2.4611764367087828e-11,2.4611849537830693e-11,2.4611934707372523e-11,2.461201987569064e-11,2.461210504279258e-11,2.4612190208674466e-11,2.4612275373106256e-11,2.461236053656015e-11,2.4612445698785075e-11,2.4612530859475058e-11,2.461261601910321e-11,2.4612701177677282e-11,2.4612786335052304e-11,2.4612871491210944e-11,2.461295664616638e-11,2.461304180023305e-11,2.4613126952750133e-11,2.4613212104040986e-11,2.4613297254126928e-11,2.4613382402991903e-11,2.4613467550485794e-11,2.46135526968559e-11,2.4613637842078813e-11,2.4613722986056307e-11,2.4613808128884165e-11,2.4613893270460357e-11,2.4613978410847367e-11,2.4614063549902833e-11,2.461414868783109e-11,2.4614233824472414e-11,2.4614318959986296e-11,2.4614404094261007e-11,2.461448922733648e-11,2.4614574359187998e-11,2.4614659489817963e-11,2.461474461969838e-11,2.4614829747883898e-11,2.4614914874853648e-11,2.4615000000622344e-11,2.4615085125154922e-11,2.4615170248558056e-11,2.4615255370683216e-11,2.461534049173129e-11,2.4615425611333448e-11,2.4615510729930417e-11,2.4615595847178222e-11,2.461568096323952e-11,2.461576607808253e-11,2.4615851191661726e-11,2.4615936304071665e-11,2.461602141568564e-11,2.4616106525667892e-11,2.4616191634435093e-11,2.46162767420228e-11,2.4616361848370325e-11,2.4616446953489517e-11,2.4616532057306972e-11,2.461661715998946e-11,2.4616702261421066e-11,2.4616787361697552e-11,2.4616872460718726e-11,2.461695755855091e-11,2.4617042655224478e-11,2.461712775092205e-11,2.4617212845115508e-11,2.461729793810924e-11,2.4617383029866273e-11,2.4617468120726477e-11,2.461755321005573e-11,2.4617638298078338e-11,2.4617723384953946e-11,2.4617808470672347e-11,2.4617893555142206e-11,2.4617978638432247e-11,2.4618063720433654e-11,2.4618148801265954e-11,2.4618233880914406e-11,2.461831895930535e-11,2.461840403647271e-11,2.461848911237874e-11,2.4618574187109762e-11,2.4618659260640142e-11,2.4618744333023e-11,2.4618829404193962e-11,2.461891447436973e-11,2.461899954298691e-11,2.4619084610418772e-11,2.461916967668565e-11,2.4619254741711827e-11,2.461933980542391e-11,2.4619424868017723e-11,2.4619509929724228e-11,2.461959498994307e-11,2.4619680048894747e-11,2.4619765106637518e-11,2.4619850163150363e-11,2.461993521843719e-11,2.462002027284312e-11,2.4620105325540624e-11,2.4620190377233306e-11,2.4620275427541662e-11,2.4620360476827578e-11,2.4620445524865544e-11,2.46205305716856e-11,2.462061561729466e-11,2.462070066164673e-11,2.4620785704838088e-11,2.4620870747140096e-11,2.46209557878282e-11,2.4621040827366115e-11,2.46211258657098e-11,2.4621210902807857e-11,2.4621295938705206e-11,2.462138097362862e-11,2.4621466007068954e-11,2.4621551039287727e-11,2.4621636070336123e-11,2.4621721100159345e-11,2.4621806128756663e-11,2.462189115614835e-11,2.462197618232476e-11,2.4622061207305393e-11,2.4622146230869168e-11,2.4622231253408635e-11,2.462231627483458e-11,2.4622401294942816e-11,2.462248631384259e-11,2.462257133161552e-11,2.4622656348158452e-11,2.4622741363731313e-11,2.4622826377774404e-11,2.462291139060148e-11,2.4622996402212584e-11,2.462308141259268e-11,2.4623166421786988e-11,2.4623251429744915e-11,2.4623336436417145e-11,2.4623421441957666e-11,2.462350644629281e-11,2.4623591449412387e-11,2.462367645130883e-11,2.462376145197958e-11,2.4623846451460785e-11,2.4623931450035534e-11,2.4624016447061294e-11,2.4624101442885163e-11,2.462418643715685e-11,2.4624271430560454e-11,2.4624356422752904e-11,2.462444141362401e-11,2.4624526403389402e-11,2.4624611392007782e-11,2.4624696379354455e-11,2.46247813654585e-11,2.4624866350366723e-11,2.462495133404513e-11,2.4625036316530152e-11,2.4625121297807507e-11,2.4625206277635736e-11,2.4625291256455153e-11,2.462537623415545e-11,2.4625461210637213e-11,2.4625546186116937e-11,2.462563116033208e-11,2.4625716133125345e-11,2.4625801104749247e-11,2.4625886075078037e-11,2.462597104430063e-11,2.4626056012393735e-11,2.462614097920525e-11,2.462622594458511e-11,2.4626310909084517e-11,2.4626395872260285e-11,2.4626480834270565e-11,2.4626565794959996e-11,2.4626650754375414e-11,2.4626735712572647e-11,2.462682066955434e-11,2.462690562535073e-11,2.462699057994598e-11,2.462707553358641e-11,2.4627160485745254e-11,2.4627245436690064e-11,2.4627330386398424e-11,2.4627415335158737e-11,2.462750028245356e-11,2.462758522854499e-11,2.4627670173503152e-11,2.4627755117084052e-11,2.4627840059551634e-11,2.462792500079263e-11,2.462800994083472e-11,2.4628094879653252e-11,2.462817981724011e-11,2.4628264753642472e-11,2.4628349688797577e-11,2.4628434622755588e-11,2.4628519555508002e-11,2.462860448703951e-11,2.462868941735915e-11,2.4628774346474454e-11,2.4628859274383467e-11,2.4628944201074195e-11,2.4629029126542838e-11,2.462911405087547e-11,2.4629198973937997e-11,2.4629283895844064e-11,2.4629368816391192e-11,2.462945373581013e-11,2.4629538654066194e-11,2.4629623571056416e-11,2.46297084868972e-11,2.4629793401423656e-11,2.4629878314784184e-11,2.462996322691293e-11,2.46300481376755e-11,2.4630133047348034e-11,2.4630217955633987e-11,2.4630302863035984e-11,2.463038776908228e-11,2.4630472674088546e-11,2.46305575777347e-11,2.463064248016208e-11,2.4630727381378096e-11,2.463081228142436e-11,2.4630897180221818e-11,2.4630982077797298e-11,2.4631066974163875e-11,2.463115186931286e-11,2.4631236763265587e-11,2.4631321656005088e-11,2.4631406547520066e-11,2.4631491437832803e-11,2.4631576326966203e-11,2.4631661214852156e-11,2.4631746101426676e-11,2.4631830986803403e-11,2.4631915871050182e-11,2.4632000754088718e-11,2.4632085635915244e-11,2.463217051652493e-11,2.4632255395862187e-11,2.463234027406332e-11,2.4632425150931014e-11,2.4632510026641443e-11,2.46325949011681e-11,2.4632679774508512e-11,2.463276464666666e-11,2.463284951758696e-11,2.463293438729335e-11,2.463301925578668e-11,2.4633104123052433e-11,2.4633188989124726e-11,2.4633273853988857e-11,2.463335871770727e-11,2.4633443580176068e-11,2.4633528441387366e-11,2.4633613301396457e-11,2.463369816017249e-11,2.4633783017750462e-11,2.4633867874120084e-11,2.4633952729343438e-11,2.463403758335185e-11,2.4634122436187673e-11,2.4634207287715724e-11,2.4634292138012613e-11,2.4634376987141936e-11,2.4634461834943987e-11,2.463454668153716e-11,2.46346315270096e-11,2.4634716371122497e-11,2.463480121417583e-11,2.4634886055992133e-11,2.4634970896599842e-11,2.4635055736008236e-11,2.4635140574114366e-11,2.4635225411091033e-11,2.4635310246861687e-11,2.4635395081337506e-11,2.4635479914671463e-11,2.4635564746814736e-11,2.463564957773993e-11,2.463573440746299e-11,2.463581923600575e-11,2.4635904063291798e-11,2.4635988889444212e-11,2.4636073714314716e-11,2.4636158537972276e-11,2.4636243360386415e-11,2.463632818194987e-11,2.4636413001969516e-11,2.4636497820516932e-11,2.4636582638036007e-11,2.463666745420938e-11,2.4636752269424468e-11,2.463683708338271e-11,2.4636921896142135e-11,2.463700670768738e-11,2.4637091517634182e-11,2.463717632675426e-11,2.4637261134862154e-11,2.4637345941557578e-11,2.463743074703631e-11,2.4637515551313505e-11,2.4637600354393173e-11,2.46376851562467e-11,2.4637769956876933e-11,2.463785475620312e-11,2.463793955442e-11,2.4638024351335978e-11,2.4638109147127548e-11,2.4638193941695596e-11,2.4638278735046722e-11,2.4638363527206772e-11,2.4638448318172432e-11,2.4638533107960655e-11,2.4638617896447907e-11,2.4638702683782454e-11,2.4638787469893973e-11,2.4638872254796415e-11,2.4638957038485706e-11,2.463904182122913e-11,2.4639126602487796e-11,2.463921138255007e-11,2.4639296161394718e-11,2.4639380939039416e-11,2.4639465715466956e-11,2.4639550490662175e-11,2.463963526466e-11,2.4639720037453244e-11,2.463980480899969e-11,2.463988957973835e-11,2.4639974348868506e-11,2.46400591167384e-11,2.4640143883470764e-11,2.4640228649000562e-11,2.4640313413317616e-11,2.464039817639736e-11,2.464048293859816e-11,2.464056769927111e-11,2.464065245875216e-11,2.4640737217019507e-11,2.464082197406221e-11,2.4640906729912798e-11,2.4640991484543043e-11,2.464107623829009e-11,2.4641160990562984e-11,2.4641245741473582e-11,2.4641330490959573e-11,2.4641415239532572e-11,2.4641499986684765e-11,2.4641584732835903e-11,2.4641669477774984e-11,2.4641754221561942e-11,2.464183896405833e-11,2.4641923705373747e-11,2.4642008445470888e-11,2.4642093184326493e-11,2.4642177921992615e-11,2.4642262658458682e-11,2.4642347393712248e-11,2.4642432127706864e-11,2.464251686052689e-11,2.4642601592170937e-11,2.464268632262489e-11,2.4642771051813332e-11,2.4642855779782865e-11,2.4642940506646476e-11,2.4643025232225037e-11,2.4643109956577888e-11,2.464319467962865e-11,2.464327940157471e-11,2.464336412228113e-11,2.4643448841799206e-11,2.4643533560128517e-11,2.4643618277241114e-11,2.4643702993141167e-11,2.4643787707876434e-11,2.4643872421352318e-11,2.464395713351577e-11,2.46440418442216e-11,2.4644126554068828e-11,2.4644211262699246e-11,2.4644295970113412e-11,2.4644380676312427e-11,2.4644465381349194e-11,2.4644550085391937e-11,2.4644634788051543e-11,2.464471948942838e-11,2.464480418958365e-11,2.4644888888523502e-11,2.4644973586268935e-11,2.4645058282880868e-11,2.4645142978206878e-11,2.4645227672322402e-11,2.4645312365153578e-11,2.4645397056841318e-11,2.4645481747333345e-11,2.4645566436584974e-11,2.4645651124624046e-11,2.4645735811529364e-11,2.464582049719005e-11,2.464590518141144e-11,2.464598986464423e-11,2.464607454666376e-11,2.4646159227468322e-11,2.464624390705282e-11,2.464632858544425e-11,2.4646413262551987e-11,2.4646497938567123e-11,2.4646582613332515e-11,2.4646667286605638e-11,2.464675195892067e-11,2.4646836630044935e-11,2.4646921300006498e-11,2.464700596873212e-11,2.4647090636196552e-11,2.4647175302490093e-11,2.464725996757274e-11,2.4647344631336082e-11,2.464742929399649e-11,2.4647513955518052e-11,2.464759861580168e-11,2.4647683274873168e-11,2.46477679327041e-11,2.4647852589317377e-11,2.4647937244738068e-11,2.4648021898564534e-11,2.4648106551597956e-11,2.464819120336228e-11,2.4648275853985878e-11,2.464836050333776e-11,2.4648445151496815e-11,2.464852979825114e-11,2.4648614444075487e-11,2.4648699088598277e-11,2.464878373193925e-11,2.464886837404493e-11,2.4648953014984063e-11,2.4649037654662354e-11,2.464912229314126e-11,2.4649206930409044e-11,2.4649291566470374e-11,2.4649376201099312e-11,2.464946083439089e-11,2.4649545466758254e-11,2.464963009797223e-11,2.4649714727986987e-11,2.4649799356856725e-11,2.4649883984925232e-11,2.4649968611291117e-11,2.4650053236387002e-11,2.4650137860214502e-11,2.4650222482950065e-11,2.4650307104493762e-11,2.4650391724838796e-11,2.465047634394699e-11,2.4650560961866183e-11,2.465064557891189e-11,2.465073019442139e-11,2.465081480875365e-11,2.465089942183506e-11,2.465098403371441e-11,2.465106864442888e-11,2.465115325387413e-11,2.4651237862115697e-11,2.4651322468988906e-11,2.465140707471371e-11,2.465149167919111e-11,2.4651576282528978e-11,2.4651660884732316e-11,2.4651745485731438e-11,2.465183008547259e-11,2.4651914684352202e-11,2.4651999281732635e-11,2.4652083877885434e-11,2.465216847283125e-11,2.465225306658393e-11,2.4652337659155862e-11,2.4652422250484083e-11,2.465250684060813e-11,2.4652591429924503e-11,2.465267601758367e-11,2.465276060407883e-11,2.4652845189437658e-11,2.465292977351125e-11,2.465301435638324e-11,2.4653098938040223e-11,2.4653183518564123e-11,2.465326809753503e-11,2.465335267549257e-11,2.4653437252388486e-11,2.4653521827984584e-11,2.4653606402390285e-11,2.4653690975686317e-11,2.465377554796626e-11,2.4653860119047122e-11,2.4653944688696117e-11,2.465402925706761e-11,2.4654113824216595e-11,2.465419839015267e-11,2.4654282954997007e-11,2.4654367518534543e-11,2.46544520808632e-11,2.4654536641982022e-11,2.4654621201989048e-11,2.465470576069455e-11,2.465479031823232e-11,2.4654874874593186e-11,2.4654959429656907e-11,2.465504398352114e-11,2.4655128536174735e-11,2.465521308766686e-11,2.4655297637907796e-11,2.465538218698634e-11,2.4655466734562287e-11,2.4655551281199816e-11,2.465563582649822e-11,2.4655720370626148e-11,2.4655804913631892e-11,2.465588945542412e-11,2.4655973996012596e-11,2.4656058535398918e-11,2.4656143073602714e-11,2.4656227611056547e-11,2.4656312146810405e-11,2.4656396681347064e-11,2.465648121471387e-11,2.465656574681517e-11,2.4656650277716433e-11,2.465673480782835e-11,2.465681933637016e-11,2.4656903863736326e-11,2.4656988389854312e-11,2.4657072914731998e-11,2.4657157438402447e-11,2.4657241960864644e-11,2.4657326482120824e-11,2.4657411002168784e-11,2.4657495520952473e-11,2.465758003847128e-11,2.4657664554614704e-11,2.465774906984448e-11,2.4657833583846615e-11,2.465791809664803e-11,2.465800260825329e-11,2.4658087118643794e-11,2.4658171627822307e-11,2.4658256135855452e-11,2.4658340642614245e-11,2.4658425148053992e-11,2.4658509652401104e-11,2.4658594155537554e-11,2.4658678657541283e-11,2.4658763158086395e-11,2.4658847657484774e-11,2.4658932155788016e-11,2.4659016652881414e-11,2.465910114876315e-11,2.4659185643158915e-11,2.4659270136640548e-11,2.4659354628942156e-11,2.4659439120062298e-11,2.4659523609920136e-11,2.4659608098572062e-11,2.4659692585998465e-11,2.4659777072355006e-11,2.465986155737931e-11,2.4659946041570892e-11,2.4660030524005e-11,2.466011500541373e-11,2.466019948560232e-11,2.466028396449255e-11,2.466036844227733e-11,2.4660452918769056e-11,2.4660537394048476e-11,2.4660621868248678e-11,2.4660706341245797e-11,2.466079081298386e-11,2.4660875283531186e-11,2.466095975286674e-11,2.466104422099224e-11,2.466112868798508e-11,2.4661213153694408e-11,2.4661297618210954e-11,2.4661382081552207e-11,2.4661466543784132e-11,2.4661551004679495e-11,2.466163546427141e-11,2.4661719922744293e-11,2.4661804380002343e-11,2.4661888836063947e-11,2.4661973290918934e-11,2.4662057744561926e-11,2.4662142197393878e-11,2.4662226648409215e-11,2.4662311098419124e-11,2.4662395546894066e-11,2.466247999437886e-11,2.4662564440784524e-11,2.4662648886015768e-11,2.4662733330072258e-11,2.4662817772862398e-11,2.466290221447221e-11,2.4662986654854838e-11,2.4663071094010118e-11,2.4663155531951032e-11,2.4663239968725417e-11,2.4663324404256615e-11,2.4663408838588847e-11,2.4663493271690954e-11,2.4663577703692992e-11,2.4663662134187662e-11,2.466374656356311e-11,2.4663830991875148e-11,2.4663915419300673e-11,2.466399984519056e-11,2.4664084269779875e-11,2.4664168693246857e-11,2.4664253115610916e-11,2.466433753667957e-11,2.466442195639078e-11,2.4664506374961995e-11,2.4664590792479467e-11,2.466467520872113e-11,2.4664759623674326e-11,2.4664844037547925e-11,2.466492844996933e-11,2.4665012861361948e-11,2.4665097271582776e-11,2.466518168056669e-11,2.4665266088361522e-11,2.466535049492187e-11,2.466543490033933e-11,2.46655193044975e-11,2.4665603707576667e-11,2.4665688109339337e-11,2.466577250993851e-11,2.4665856909288023e-11,2.466594130742042e-11,2.466602570430276e-11,2.466611010010397e-11,2.4666194494754968e-11,2.4666278888090155e-11,2.4666363280201033e-11,2.466644767096989e-11,2.4666532060664136e-11,2.4666616449161488e-11,2.4666700836229993e-11,2.466678522230876e-11,2.466686960737874e-11,2.466695399114415e-11,2.4667038373608315e-11,2.4667122754873156e-11,2.4667207134909943e-11,2.4667291513524575e-11,2.4667375891201287e-11,2.4667460267639096e-11,2.4667544642888686e-11,2.4667629016907977e-11,2.4667713389728497e-11,2.4667797761436823e-11,2.466788213182823e-11,2.4667966501028482e-11,2.4668050869028177e-11,2.466813523586329e-11,2.4668219601427604e-11,2.4668303965904068e-11,2.4668388329063783e-11,2.466847269101365e-11,2.4668557051769972e-11,2.4668641411378876e-11,2.466872576971754e-11,2.466881012730495e-11,2.4668894482848906e-11,2.466897883757797e-11,2.4669063191103782e-11,2.4669147543431602e-11,2.4669231894530917e-11,2.4669316244509267e-11,2.466940059319751e-11,2.4669484940771894e-11,2.4669569287048142e-11,2.4669653632178186e-11,2.4669737976130073e-11,2.46698223187757e-11,2.466990666027114e-11,2.4669991000506818e-11,2.4670075339561107e-11,2.4670159677411558e-11,2.4670244014064445e-11,2.4670328349393364e-11,2.4670412683632635e-11,2.4670497016729834e-11,2.467058134855387e-11,2.4670665679113273e-11,2.4670750008522313e-11,2.4670834336764896e-11,2.4670918663759974e-11,2.4671002989415152e-11,2.4671087314306277e-11,2.467117163768398e-11,2.4671255959513214e-11,2.4671340280492463e-11,2.4671424600260422e-11,2.4671508918819893e-11,2.4671593236693146e-11,2.467167755284098e-11,2.4671761867792592e-11,2.4671846181534857e-11,2.467193049445633e-11,2.4672014805775375e-11,2.467209911590736e-11,2.4672183424838306e-11,2.4672267732591815e-11,2.467235203892332e-11,2.4672436344307908e-11,2.467252064873164e-11,2.4672604951549713e-11,2.4672689253187677e-11,2.467277355370991e-11,2.4672857853036025e-11,2.4672942151038287e-11,2.4673026447900504e-11,2.4673110743572207e-11,2.467319503805141e-11,2.467327933127236e-11,2.4673363623404013e-11,2.467344791422213e-11,2.4673532203848685e-11,2.467361649228352e-11,2.4673700779518534e-11,2.4673785065519265e-11,2.467386935033388e-11,2.46739536342094e-11,2.467403791651295e-11,2.4674122197706498e-11,2.467420647774405e-11,2.4674290756273565e-11,2.4674375033864486e-11,2.467445931013993e-11,2.4674543585358812e-11,2.467462785932927e-11,2.4674712132025422e-11,2.4674796403593806e-11,2.4674880673872476e-11,2.4674964943034767e-11,2.4675049210927053e-11,2.4675133477660418e-11,2.467521774318421e-11,2.4675302007525047e-11,2.4675386270574218e-11,2.4675470532489637e-11,2.4675554793215693e-11,2.4675639052727926e-11,2.467572331106907e-11,2.4675807568192307e-11,2.4675891824061814e-11,2.467597607873435e-11,2.467606033216194e-11,2.4676144584449227e-11,2.4676228835543886e-11,2.4676313085429217e-11,2.4676397334182913e-11,2.4676481581507195e-11,2.4676565827829432e-11,2.467665007304766e-11,2.46767343169843e-11,2.4676818559448825e-11,2.4676902800923422e-11,2.46769870411509e-11,2.4677071280194008e-11,2.4677155518161553e-11,2.4677239754767465e-11,2.4677323990242848e-11,2.467740822450773e-11,2.4677492457411106e-11,2.4677576689936824e-11,2.4677660920556685e-11,2.4677745149963586e-11,2.4677829378163188e-11,2.467791360517818e-11,2.467799783097374e-11,2.4678082055750293e-11,2.467816627921519e-11,2.4678250501249353e-11,2.467833472222645e-11,2.4678418942009108e-11,2.4678503160679198e-11,2.4678587378091887e-11,2.4678671594258518e-11,2.467875580920591e-11,2.4678840022986116e-11,2.467892423552921e-11,2.4679008446876385e-11,2.467909265702494e-11,2.467917686600288e-11,2.4679261073583188e-11,2.4679345280118367e-11,2.4679429485452994e-11,2.4679513689590222e-11,2.467959789248773e-11,2.467968209420488e-11,2.4679766294717657e-11,2.467985049406753e-11,2.4679934692209012e-11,2.468001888939003e-11,2.468010308508659e-11,2.4680187279621127e-11,2.4680271472768643e-11,2.4680355665247852e-11,2.468043985611295e-11,2.4680524045764886e-11,2.468060823429472e-11,2.4680692421584226e-11,2.4680776607889078e-11,2.468086079276732e-11,2.4680944976464523e-11,2.4681029158916736e-11,2.468111334021909e-11,2.468119752024715e-11,2.4681281699097648e-11,2.4681365876712555e-11,2.4681450053149546e-11,2.468153422840413e-11,2.4681618402515362e-11,2.4681702575343878e-11,2.4681786746973923e-11,2.4681870917407024e-11,2.4681955086620237e-11,2.4682039254555867e-11,2.4682123421128303e-11,2.4682207586739403e-11,2.4682291751099322e-11,2.46823759143329e-11,2.4682460076301845e-11,2.468254423685686e-11,2.468262839643794e-11,2.468271255482947e-11,2.4682796712025824e-11,2.4682880867997046e-11,2.4682965022494018e-11,2.468304917607408e-11,2.4683133328451473e-11,2.4683217479540875e-11,2.468330162950906e-11,2.4683385778569248e-11,2.4683469926143346e-11,2.4683554072487002e-11,2.4683638217605365e-11,2.4683722361593877e-11,2.468380650434924e-11,2.4683890645889337e-11,2.468397478641846e-11,2.4684058925539485e-11,2.4684143063690574e-11,2.4684227200426392e-11,2.4684311335957935e-11,2.4684395470378992e-11,2.46844796032215e-11,2.4684563735132975e-11,2.4684647865852592e-11,2.4684731995499107e-11,2.4684816123818456e-11,2.4684900250914757e-11,2.4684984376859232e-11,2.468506850155811e-11,2.4685152625022347e-11,2.468523674744504e-11,2.4685320868782434e-11,2.468540498867576e-11,2.4685489107366784e-11,2.4685573225239964e-11,2.4685657341527786e-11,2.4685741456606785e-11,2.4685825570294446e-11,2.4685909682974747e-11,2.4685993794458147e-11,2.4686077904700973e-11,2.4686162013768255e-11,2.4686246121642808e-11,2.46863302283561e-11,2.4686414333878296e-11,2.4686498438133597e-11,2.4686582540776966e-11,2.4686666642631385e-11,2.4686750743300264e-11,2.468683484301549e-11,2.468691894125665e-11,2.4687003038213042e-11,2.468708713372646e-11,2.4687171228291974e-11,2.4687255321744248e-11,2.4687339414075108e-11,2.468742350517591e-11,2.4687507594988193e-11,2.4687591683610347e-11,2.4687675771038013e-11,2.468775985726145e-11,2.46878439422819e-11,2.4687928026134833e-11,2.4688012108750466e-11,2.468809619014982e-11,2.468818027035518e-11,2.4688264349345024e-11,2.4688348427156828e-11,2.468843250393028e-11,2.468851657933412e-11,2.4688600653541143e-11,2.4688684726444833e-11,2.4688768798289702e-11,2.4688852868863194e-11,2.46889369381631e-11,2.4689021006348315e-11,2.4689105073319355e-11,2.468918913917372e-11,2.468927320356622e-11,2.468935726709457e-11,2.4689441329265677e-11,2.4689525390241542e-11,2.4689609450230182e-11,2.4689693508792298e-11,2.4689777565979052e-11,2.4689861622142444e-11,2.4689945677101387e-11,2.4690029730862472e-11,2.4690113783427587e-11,2.4690197834824923e-11,2.469028188497882e-11,2.4690365934005316e-11,2.4690449981751028e-11,2.4690534028300077e-11,2.469061807364511e-11,2.469070211777483e-11,2.4690786160716093e-11,2.4690870202493128e-11,2.4690954243139016e-11,2.4691038282475932e-11,2.4691122320606493e-11,2.4691206357561824e-11,2.4691290392966812e-11,2.4691374427498362e-11,2.4691458460823756e-11,2.46915424929063e-11,2.4691626523836656e-11,2.469171055353987e-11,2.469179458206916e-11,2.469187860938612e-11,2.4691962635503842e-11,2.4692046660468557e-11,2.4692130684179747e-11,2.469221470672192e-11,2.4692298728033668e-11,2.469238274814049e-11,2.4692466767055228e-11,2.469255078465037e-11,2.4692634801106865e-11,2.4692718816392955e-11,2.4692802830469172e-11,2.4692886843381196e-11,2.4692970855085592e-11,2.4693054865956645e-11,2.4693138875269717e-11,2.46932228833473e-11,2.4693306890265513e-11,2.4693390895958955e-11,2.4693474900445867e-11,2.4693558903740682e-11,2.4693642905792607e-11,2.469372690667941e-11,2.4693810906455218e-11,2.4693894904958405e-11,2.4693978902243153e-11,2.4694062898391186e-11,2.4694146893270217e-11,2.469423088693849e-11,2.469431487940726e-11,2.4694398870676777e-11,2.4694482860798732e-11,2.469456684971203e-11,2.4694650837470332e-11,2.4694734823953516e-11,2.469481880943872e-11,2.4694902793507625e-11,2.4694986776343595e-11,2.469507075800169e-11,2.4695154738473172e-11,2.4695238717726194e-11,2.469532269571219e-11,2.4695406672577167e-11,2.4695490648238935e-11,2.4695574622692295e-11,2.469565859595105e-11,2.4695742568009854e-11,2.4695826538938785e-11,2.469591050860953e-11,2.4695994476948012e-11,2.4696078444217774e-11,2.4696162410264323e-11,2.46962463751114e-11,2.4696330338767106e-11,2.46964143012139e-11,2.4696498262504744e-11,2.469658222240038e-11,2.4696666181254947e-11,2.469675013868539e-11,2.4696834095140327e-11,2.4696918050382538e-11,2.4697002004388905e-11,2.4697085957304647e-11,2.4697169908979886e-11,2.469725385922408e-11,2.4697337808718533e-11,2.4697421756731543e-11,2.469750570356569e-11,2.469758964952551e-11,2.4697673593984242e-11,2.4697757537180454e-11,2.4697841479522266e-11,2.4697925420363087e-11,2.4698009359980906e-11,2.4698093298453047e-11,2.469817723568916e-11,2.4698261171689812e-11,2.469834510652278e-11,2.4698429040132884e-11,2.4698512972566604e-11,2.4698596903801538e-11,2.4698680833690036e-11,2.469876476249791e-11,2.4698848690162264e-11,2.469893261660802e-11,2.4699016541841442e-11,2.469910046584956e-11,2.4699184389049877e-11,2.4699268310604323e-11,2.4699352231040147e-11,2.4699436150300776e-11,2.4699520068276073e-11,2.4699603985099236e-11,2.4699687900777275e-11,2.4699771815318173e-11,2.46998557292643e-11,2.469993964136553e-11,2.470002355219185e-11,2.4700107461816955e-11,2.470019137021059e-11,2.4700275277402534e-11,2.4700359183433294e-11,2.4700443088270876e-11,2.4700526991897152e-11,2.470061089432275e-11,2.47006947955436e-11,2.470077869557991e-11,2.4700862594405325e-11,2.470094649210568e-11,2.4701030388579388e-11,2.4701114283834438e-11,2.470119817782988e-11,2.4701282070718268e-11,2.470136596234291e-11,2.4701449852759718e-11,2.4701533741989687e-11,2.470161763001364e-11,2.47017015168304e-11,2.4701785402452415e-11,2.470186928691607e-11,2.4701953170199758e-11,2.4702037052223155e-11,2.470212093310428e-11,2.47022048127285e-11,2.4702288691205512e-11,2.4702372568179605e-11,2.4702456443936747e-11,2.4702540318772498e-11,2.4702624192276785e-11,2.4702708064801564e-11,2.4702791936036222e-11,2.4702875806061226e-11,2.470295967494247e-11,2.4703043542622528e-11,2.4703127408859697e-11,2.470321127408436e-11,2.4703295138134133e-11,2.4703379000963774e-11,2.4703462862576454e-11,2.4703546723005707e-11,2.470363058223537e-11,2.4703714440298237e-11,2.4703798297128e-11,2.4703882152803625e-11,2.4703966007234707e-11,2.4704049860503158e-11,2.4704133712531186e-11,2.470421756379269e-11,2.470430141340268e-11,2.4704385261831697e-11,2.4704469109064398e-11,2.4704552955131204e-11,2.4704636799916274e-11,2.4704720643604355e-11,2.4704804486014932e-11,2.4704888327243746e-11,2.4704972167354578e-11,2.4705056006248093e-11,2.4705139843890035e-11,2.4705223680328844e-11,2.4705307515624828e-11,2.4705391349683592e-11,2.4705475182513098e-11,2.470555901423005e-11,2.47056428449661e-11,2.4705726674210237e-11,2.4705810502256484e-11,2.4705894329118334e-11,2.4705978154674605e-11,2.4706061979119376e-11,2.4706145802360786e-11,2.4706229624410112e-11,2.470631344530045e-11,2.4706397264951016e-11,2.4706481083498208e-11,2.4706564900745812e-11,2.4706648716823725e-11,2.4706732531723584e-11,2.470681634541222e-11,2.4706900157850128e-11,2.4706983969154517e-11,2.4707067779280946e-11,2.4707151588146484e-11,2.4707235395786912e-11,2.4707319202287165e-11,2.4707403007523904e-11,2.470748681159415e-11,2.4707570614354887e-11,2.470765441601183e-11,2.4707738216476628e-11,2.4707822015756745e-11,2.470790581370781e-11,2.4707989610608123e-11,2.4708073406286984e-11,2.4708157200590572e-11,2.470824099382195e-11,2.4708324785880185e-11,2.4708408576750774e-11,2.4708492366459923e-11,2.4708576154963046e-11,2.4708659942241225e-11,2.4708743728310625e-11,2.4708827513187782e-11,2.4708911296859683e-11,2.4708995079328885e-11,2.470907886065011e-11,2.470916264074076e-11,2.4709246419659142e-11,2.470933019737304e-11,2.4709413973935968e-11,2.4709497749220234e-11,2.4709581523366743e-11,2.4709665296025014e-11,2.470974906775552e-11,2.4709832838253912e-11,2.4709916607541207e-11,2.4710000375649284e-11,2.4710084142551448e-11,2.471016790868895e-11,2.4710251673166343e-11,2.4710335436465085e-11,2.471041919863242e-11,2.4710502959557712e-11,2.4710586719611555e-11,2.4710670478123148e-11,2.4710754235429005e-11,2.4710837991522646e-11,2.47109217464129e-11,2.4711005500147574e-11,2.4711089252702856e-11,2.4711173004024863e-11,2.471125675414344e-11,2.4711340503065573e-11,2.471142425076877e-11,2.4711507997263754e-11,2.4711591742588026e-11,2.4711675486697138e-11,2.471175922967416e-11,2.4711842971394665e-11,2.4711926711937423e-11,2.4712010451267813e-11,2.4712094189396412e-11,2.471217792640511e-11,2.4712261662009984e-11,2.4712345396312278e-11,2.4712429129665086e-11,2.47125128618203e-11,2.4712596592777247e-11,2.471268032253189e-11,2.471276405152963e-11,2.4712847778870214e-11,2.471293150506435e-11,2.4713015230029206e-11,2.4713098953820406e-11,2.4713182676384404e-11,2.471326639774601e-11,2.4713350118028847e-11,2.4713433836999064e-11,2.4713517554790275e-11,2.4713601271682482e-11,2.4713684987076365e-11,2.4713768701152116e-11,2.4713852414141908e-11,2.471393612613403e-11,2.4714019836715744e-11,2.4714103546105928e-11,2.4714187254333677e-11,2.471427096133286e-11,2.4714354666985045e-11,2.471443837154511e-11,2.471452207496311e-11,2.4714605777148086e-11,2.4714689478167308e-11,2.47147731779544e-11,2.4714856876561327e-11,2.4714940573977883e-11,2.4715024270198857e-11,2.4715107965213565e-11,2.471519165902388e-11,2.4715275351671484e-11,2.4715359043104135e-11,2.4715442733184275e-11,2.471552642222139e-11,2.4715610110074286e-11,2.4715693796786686e-11,2.4715777482259766e-11,2.4715861167028792e-11,2.4715944850077755e-11,2.4716028531926575e-11,2.471611221262931e-11,2.4716195892049247e-11,2.4716279569944393e-11,2.4716363246993963e-11,2.47164469227663e-11,2.4716530597498936e-11,2.4716614270956535e-11,2.4716697943280652e-11,2.4716781614315394e-11,2.4716865284184458e-11,2.471694895286053e-11,2.4717032620369525e-11,2.4717116286646448e-11,2.4717199951768416e-11,2.4717283615655316e-11,2.4717367278222107e-11,2.4717450939689316e-11,2.4717534600085886e-11,2.471761825906541e-11,2.4717701916828315e-11,2.4717785573532923e-11,2.4717869229011496e-11,2.4717952883362597e-11,2.4718036536968915e-11,2.4718120188921286e-11,2.4718203839641028e-11,2.4718287489158234e-11,2.4718371137446644e-11,2.4718454784566525e-11,2.4718538430492617e-11,2.4718622075649686e-11,2.4718705719299803e-11,2.4718789361637944e-11,2.4718873002788e-11,2.471895664307519e-11,2.4719040281827603e-11,2.4719123919177382e-11,2.4719207555531776e-11,2.4719291190693334e-11,2.471937482468131e-11,2.471945845723524e-11,2.471954208883233e-11,2.471962571920206e-11,2.4719709348446337e-11,2.471979297642241e-11,2.471987660327434e-11,2.471996022885043e-11,2.47200438532878e-11,2.472012747644742e-11,2.4720211098406096e-11,2.4720294719491466e-11,2.4720378339166037e-11,2.4720461957572606e-11,2.4720545574787307e-11,2.4720629190776498e-11,2.4720712805680867e-11,2.4720796419309782e-11,2.47208800320009e-11,2.4720963643228262e-11,2.472104725319568e-11,2.4721130862107056e-11,2.4721214469731018e-11,2.4721298076167394e-11,2.472138168137782e-11,2.4721465285498524e-11,2.472154888829542e-11,2.4721632489978767e-11,2.472171609043313e-11,2.47217996896735e-11,2.4721883287759143e-11,2.4721966884601184e-11,2.4722050480325936e-11,2.472213407477558e-11,2.4722217668044663e-11,2.4722301260120392e-11,2.47223848509514e-11,2.4722468440637722e-11,2.4722552029112686e-11,2.4722635616409996e-11,2.472271920250964e-11,2.472280278741491e-11,2.472288637092575e-11,2.4722969953311462e-11,2.4723053534627136e-11,2.472313711473496e-11,2.472322069342992e-11,2.472330427115532e-11,2.4723387847533634e-11,2.472347142282997e-11,2.4723554996962864e-11,2.4723638569902484e-11,2.472372214162863e-11,2.4723805712478584e-11,2.472388928183026e-11,2.4723972849998214e-11,2.4724056416968817e-11,2.4724139982731854e-11,2.472422354734163e-11,2.4724307110702584e-11,2.4724390672637503e-11,2.4724474233436334e-11,2.4724557793209326e-11,2.472464135178765e-11,2.4724724909062975e-11,2.472480846522155e-11,2.4724892020237762e-11,2.4724975574056384e-11,2.4725059126649817e-11,2.4725142678059566e-11,2.4725226228275617e-11,2.472530977727347e-11,2.472539332510064e-11,2.4725476871898362e-11,2.4725560417337493e-11,2.472564396157218e-11,2.4725727504617216e-11,2.472581104633673e-11,2.4725894587039754e-11,2.4725978126477024e-11,2.472606166473711e-11,2.4726145201796955e-11,2.4726228737650026e-11,2.4726312272223174e-11,2.472639580554761e-11,2.4726479338097885e-11,2.472656286920307e-11,2.4726646399090138e-11,2.4726729927492757e-11,2.4726813454981316e-11,2.472689698130186e-11,2.472698050640665e-11,2.4727064029981022e-11,2.4727147552688548e-11,2.4727231074242383e-11,2.472731459456498e-11,2.4727398113723394e-11,2.4727481631610883e-11,2.4727565148352285e-11,2.472764866389378e-11,2.4727732178273992e-11,2.4727815691487514e-11,2.4727899203454113e-11,2.472798271421542e-11,2.4728066223771888e-11,2.4728149731825764e-11,2.4728233239007375e-11,2.4728316744882034e-11,2.4728400249738456e-11,2.4728483753392833e-11,2.4728567255788526e-11,2.472865075699514e-11,2.4728734257000116e-11,2.472881775584373e-11,2.4728901254072774e-11,2.4728984750496582e-11,2.4729068245718967e-11,2.4729151739817363e-11,2.4729235232659158e-11,2.4729318724370608e-11,2.4729402214845568e-11,2.4729485704051497e-11,2.472956919196324e-11,2.4729652678479272e-11,2.4729736164146862e-11,2.4729819648590794e-11,2.472990313186968e-11,2.4729986613963565e-11,2.473007009484962e-11,2.473015357461142e-11,2.473023705310339e-11,2.473032053040176e-11,2.473040400648357e-11,2.4730487481390105e-11,2.4730570955042335e-11,2.473065442756569e-11,2.4730737898926088e-11,2.4730821369119183e-11,2.473090483784179e-11,2.473098830559533e-11,2.473107177205727e-11,2.473115523740896e-11,2.4731238701570373e-11,2.4731322164530614e-11,2.4731405626295608e-11,2.473148908675791e-11,2.4731572546056387e-11,2.47316560038366e-11,2.4731739460589956e-11,2.4731822916383398e-11,2.473190637101227e-11,2.4731989824233377e-11,2.4732073276441382e-11,2.4732156727523423e-11,2.4732240177423833e-11,2.4732323625940324e-11,2.4732407073372696e-11,2.473249051937913e-11,2.4732573964427076e-11,2.473265740819341e-11,2.4732740850852654e-11,2.473282429231262e-11,2.4732907732767913e-11,2.473299117184609e-11,2.4733074609720887e-11,2.4733158046294794e-11,2.4733241481781756e-11,2.473332491614739e-11,2.4733408349277328e-11,2.473349178070759e-11,2.47335752114819e-11,2.47336586407859e-11,2.4733742069105874e-11,2.4733825496044842e-11,2.4733908921973535e-11,2.473399234669272e-11,2.4734075770216382e-11,2.4734159192565247e-11,2.473424261371571e-11,2.4734326034131564e-11,2.4734409452863576e-11,2.4734492870432617e-11,2.4734576286238762e-11,2.4734659701334197e-11,2.473474311521925e-11,2.473482652801083e-11,2.473490993969365e-11,2.4734993349937244e-11,2.4735076759137974e-11,2.473516016717008e-11,2.473524357400306e-11,2.4735326979642762e-11,2.4735410384069348e-11,2.4735493787308532e-11,2.473557718935289e-11,2.473566059017435e-11,2.4735743989835778e-11,2.4735827388301942e-11,2.4735910785647332e-11,2.473599418172557e-11,2.4736077576606813e-11,2.4736160970274047e-11,2.473624436277123e-11,2.4736327754109373e-11,2.47364111441435e-11,2.4736494532966258e-11,2.4736577920953734e-11,2.4736661307469317e-11,2.473674469280474e-11,2.4736828076952668e-11,2.4736911460024052e-11,2.4736994841757302e-11,2.4737078222328354e-11,2.473716160169398e-11,2.4737244979627788e-11,2.4737328356589128e-11,2.4737411732359317e-11,2.473749510694278e-11,2.473757848034111e-11,2.4737661852545257e-11,2.4737745223616867e-11,2.4737828593491087e-11,2.4737911962138244e-11,2.473799532956637e-11,2.473807869580446e-11,2.4738162060923476e-11,2.4738245424772862e-11,2.4738328787428966e-11,2.4738412148884327e-11,2.47384955094735e-11,2.4738578868182427e-11,2.4738662226119698e-11,2.473874558280635e-11,2.4738828938298148e-11,2.4738912292649097e-11,2.4738995645700748e-11,2.4739078997611243e-11,2.4739162348332727e-11,2.4739245697861852e-11,2.4739329046203783e-11,2.4739412393394895e-11,2.4739495739370847e-11,2.4739579084092983e-11,2.4739662427655293e-11,2.4739745770001383e-11,2.473982911117496e-11,2.4739912451167358e-11,2.4739995789984375e-11,2.474007912755197e-11,2.474016246396776e-11,2.4740245799176192e-11,2.474032913322757e-11,2.4740412466023788e-11,2.4740495797645856e-11,2.474057912807856e-11,2.4740662457314528e-11,2.4740745785377603e-11,2.4740829111901313e-11,2.4740912437561053e-11,2.474099576223706e-11,2.4741079085587356e-11,2.4741162407670558e-11,2.474124572853157e-11,2.4741329048228593e-11,2.474141236673222e-11,2.474149568395515e-11,2.474157900013822e-11,2.474166231506177e-11,2.474174562906461e-11,2.4741828941709696e-11,2.474191225305975e-11,2.47419955632188e-11,2.474207887224495e-11,2.474216218002302e-11,2.4742245486511664e-11,2.4742328791900577e-11,2.4742412095766977e-11,2.474249539876403e-11,2.4742578700566075e-11,2.4742662001124066e-11,2.4742745300577118e-11,2.474282859873383e-11,2.4742911895772352e-11,2.474299519161475e-11,2.4743078486260543e-11,2.4743161779709033e-11,2.474324507196555e-11,2.4743328363036768e-11,2.474341165260034e-11,2.474349494133002e-11,2.474357822879839e-11,2.474366151509755e-11,2.4743744800208114e-11,2.4743828084104933e-11,2.474391136686117e-11,2.4743994648388213e-11,2.474407792872262e-11,2.4744161207874047e-11,2.4744244485824216e-11,2.4744327762592638e-11,2.4744411038171455e-11,2.4744494312548653e-11,2.4744577585734853e-11,2.474466085777807e-11,2.4744744128572678e-11,2.474482739825195e-11,2.4744910666666655e-11,2.4744993933612213e-11,2.4745077199638054e-11,2.474516046447677e-11,2.4745243728140584e-11,2.4745326990578703e-11,2.4745410251823113e-11,2.4745493511890374e-11,2.4745576770772734e-11,2.4745660028537283e-11,2.4745743284887682e-11,2.4745826540196405e-11,2.4745909794063615e-11,2.4745993046991567e-11,2.4746076298623434e-11,2.4746159549157933e-11,2.4746242798363156e-11,2.474632604643774e-11,2.4746409293392317e-11,2.474649253903376e-11,2.4746575783715204e-11,2.4746659027093954e-11,2.4746742269309782e-11,2.474682551030013e-11,2.4746908750101122e-11,2.4746991988679013e-11,2.4747075226146362e-11,2.4747158462363524e-11,2.4747241697390687e-11,2.4747324931276476e-11,2.4747408163930478e-11,2.47474913953795e-11,2.4747574625588164e-11,2.4747657854755156e-11,2.474774108251132e-11,2.4747824308978053e-11,2.4747907534518883e-11,2.474799075879862e-11,2.4748073981978198e-11,2.4748157204292093e-11,2.4748240425024353e-11,2.4748323644623056e-11,2.474840686295171e-11,2.4748490079884208e-11,2.47485732961247e-11,2.4748656510898694e-11,2.474873972448127e-11,2.474882293686789e-11,2.47489061481799e-11,2.4748989358174304e-11,2.4749072566981696e-11,2.474915577459865e-11,2.4749238981029862e-11,2.4749322186320903e-11,2.4749405390326247e-11,2.4749488593234555e-11,2.474957179488204e-11,2.474965499536758e-11,2.4749738194676016e-11,2.4749821393093005e-11,2.4749904590149247e-11,2.4749987785838062e-11,2.4750070980391167e-11,2.4750154173530418e-11,2.4750237365657526e-11,2.4750320556043958e-11,2.4750403745810725e-11,2.4750486934234703e-11,2.475057012164708e-11,2.4750653307858223e-11,2.475073649282897e-11,2.475081967672392e-11,2.475090285932674e-11,2.4750986040750583e-11,2.475106922097348e-11,2.475115240001823e-11,2.4751235577906333e-11,2.4751318754884012e-11,2.4751401930331944e-11,2.4751485104590752e-11,2.4751568277660856e-11,2.4751651449551345e-11,2.4751734620239192e-11,2.475181778968059e-11,2.4751900957789423e-11,2.4751984124907536e-11,2.4752067290844067e-11,2.4752150455582995e-11,2.4752233619169528e-11,2.4752316781526952e-11,2.4752399942663382e-11,2.4752483102635114e-11,2.4752566261419896e-11,2.475264941901962e-11,2.475273257540249e-11,2.4752815731283288e-11,2.4752898885257514e-11,2.4752982038071544e-11,2.4753065189708235e-11,2.475314834013445e-11,2.475323148938049e-11,2.475331463744623e-11,2.4753397784350426e-11,2.4753480929940957e-11,2.4753564074423476e-11,2.4753647217723473e-11,2.4753730359828775e-11,2.4753813500878388e-11,2.4753896640604124e-11,2.4753979779294572e-11,2.4754062916648817e-11,2.4754146052969096e-11,2.4754229188004783e-11,2.475431232179118e-11,2.475439545436007e-11,2.4754478585737744e-11,2.4754561716392534e-11,2.475464484547336e-11,2.4754727973278887e-11,2.4754811099878524e-11,2.475489422520203e-11,2.4754977349387025e-11,2.4755060472460623e-11,2.475514359431418e-11,2.475522671495951e-11,2.4755309834427122e-11,2.4755392952703283e-11,2.4755476070397535e-11,2.475555918631837e-11,2.4755642301032162e-11,2.4755725414548945e-11,2.4755808526886205e-11,2.475589163803476e-11,2.4755974747992266e-11,2.4756057856539717e-11,2.4756140964123447e-11,2.475622407039695e-11,2.4756307175605324e-11,2.4756390280266554e-11,2.4756473383072663e-11,2.4756556484654946e-11,2.4756639584836945e-11,2.475672268408288e-11,2.475680578208828e-11,2.475688887895754e-11,2.4756971974648227e-11,2.475705506909401e-11,2.475713816244074e-11,2.4757221254600288e-11,2.4757304345556864e-11,2.4757387435383288e-11,2.4757470523803024e-11,2.475755361119118e-11,2.4757636697102292e-11,2.4757719782028676e-11,2.4757802865700363e-11,2.4757885948283723e-11,2.4757969029647763e-11,2.475805210985675e-11,2.4758135188906073e-11,2.4758218266621785e-11,2.4758301343372174e-11,2.4758384419129248e-11,2.4758467493358232e-11,2.4758550566505564e-11,2.475863363836762e-11,2.475871670904469e-11,2.475879977854016e-11,2.475888284674495e-11,2.4758965914277235e-11,2.4759048980208124e-11,2.475913204485259e-11,2.475921510864547e-11,2.4759298171003987e-11,2.4759381232173424e-11,2.4759464291958045e-11,2.4759547350736406e-11,2.4759630408335767e-11,2.4759713464750616e-11,2.4759796519985726e-11,2.4759879573927295e-11,2.4759962626799936e-11,2.4760045678494714e-11,2.4760128728948624e-11,2.4760211778227556e-11,2.4760294826297347e-11,2.4760377873172328e-11,2.4760460918851247e-11,2.4760543963376915e-11,2.4760627006701213e-11,2.4760710048901034e-11,2.476079308985269e-11,2.476087612957799e-11,2.4760959168136226e-11,2.4761042205494548e-11,2.476112524156629e-11,2.4761208276562135e-11,2.476129131012864e-11,2.4761374342716714e-11,2.4761457374198997e-11,2.4761540404437163e-11,2.476162343349191e-11,2.476170646136891e-11,2.476178948802702e-11,2.4761872513508744e-11,2.4761955537754315e-11,2.4762038560852612e-11,2.476212158276593e-11,2.476220460375679e-11,2.4762287623244653e-11,2.47623706413197e-11,2.476245365846961e-11,2.4762536674438637e-11,2.4762619689254104e-11,2.4762702702857712e-11,2.4762785715240967e-11,2.4762868726367276e-11,2.476295173620881e-11,2.4763034745038625e-11,2.476311775268245e-11,2.4763200759144137e-11,2.476328376441264e-11,2.4763366768464565e-11,2.4763449771349512e-11,2.4763532772914867e-11,2.4763615773422093e-11,2.4763698772704768e-11,2.4763781770883655e-11,2.4763864767742976e-11,2.4763947763364938e-11,2.4764030757968976e-11,2.4764113751112243e-11,2.4764196743329368e-11,2.476427973432749e-11,2.4764362724137423e-11,2.4764445712678916e-11,2.476452869974975e-11,2.4764611685987522e-11,2.4764694670923732e-11,2.4764777654637227e-11,2.4764860637314045e-11,2.476494361885023e-11,2.4765026599088176e-11,2.476510957816715e-11,2.476519255583219e-11,2.4765275532394812e-11,2.4765358507935478e-11,2.4765441482307457e-11,2.4765524455465055e-11,2.4765607427440702e-11,2.4765690398189117e-11,2.4765773367788002e-11,2.4765856336197864e-11,2.4765939303398637e-11,2.476602226943123e-11,2.4766105234276593e-11,2.476618819797174e-11,2.4766271160399486e-11,2.4766354121662204e-11,2.4766437082032594e-11,2.4766520040786253e-11,2.4766602998495054e-11,2.4766685955307572e-11,2.476676891060893e-11,2.476685186474055e-11,2.4766934817698266e-11,2.4767017769460934e-11,2.4767100719957295e-11,2.476718366934655e-11,2.4767266617555843e-11,2.4767349564568087e-11,2.4767432510392474e-11,2.476751545472559e-11,2.4767598398183345e-11,2.476768134044697e-11,2.4767764281452217e-11,2.4767847221336475e-11,2.4767930159959673e-11,2.4768013097481008e-11,2.4768096033785098e-11,2.4768178968929514e-11,2.4768261902773556e-11,2.4768344835489357e-11,2.476842776705557e-11,2.476851069744217e-11,2.4768593626530365e-11,2.4768676554509158e-11,2.476875948128517e-11,2.4768842406860936e-11,2.4768925331155973e-11,2.4769008254408927e-11,2.4769091176509616e-11,2.476917409738934e-11,2.4769257017021063e-11,2.4769339935526327e-11,2.476942285287521e-11,2.4769505769003586e-11,2.4769588683931445e-11,2.4769671597280098e-11,2.476975450981441e-11,2.476983742124729e-11,2.476992033142745e-11,2.4770003240178244e-11,2.477008614790983e-11,2.4770169054907434e-11,2.477025196028556e-11,2.4770334864504767e-11,2.47704177675848e-11,2.4770500669438436e-11,2.4770583570051926e-11,2.4770666469572978e-11,2.4770749367895503e-11,2.4770832265019645e-11,2.477091516094509e-11,2.4770998055673107e-11,2.4771080949205048e-11,2.4771163841681316e-11,2.4771246733391576e-11,2.4771329623424663e-11,2.477141251227518e-11,2.4771495399895765e-11,2.477157828631632e-11,2.4771661171523495e-11,2.477174405557873e-11,2.4771826938443678e-11,2.4771909820121026e-11,2.477199270061137e-11,2.47720755799094e-11,2.4772158458018485e-11,2.4772241334971368e-11,2.4772324211291054e-11,2.4772407085764883e-11,2.477248995965713e-11,2.477257283188879e-11,2.4772655702957675e-11,2.4772738572806864e-11,2.4772821441422206e-11,2.4772904308829253e-11,2.4772987175051316e-11,2.477307004003633e-11,2.477315290429789e-11,2.477323576695512e-11,2.477331862852259e-11,2.4773401488827392e-11,2.4773484347942962e-11,2.477356720540894e-11,2.4773650062110503e-11,2.4773732917595132e-11,2.477381577196269e-11,2.4773898625177398e-11,2.4773981477152615e-11,2.477406432800979e-11,2.4774147177616688e-11,2.4774230026044397e-11,2.4774312873286668e-11,2.4774395719365455e-11,2.4774478564243854e-11,2.477456140798797e-11,2.4774644250506654e-11,2.4774727091808528e-11,2.477480993192944e-11,2.47748927709033e-11,2.477497560865861e-11,2.4775058445111588e-11,2.4775141280483818e-11,2.4775224114654454e-11,2.4775306947633783e-11,2.4775389779482714e-11,2.4775472609929632e-11,2.477555543926595e-11,2.4775638267528618e-11,2.4775721094599004e-11,2.47758039204735e-11,2.4775886745122293e-11,2.4775969568627864e-11,2.477605239136446e-11,2.4776135212621648e-11,2.4776218032536405e-11,2.4776300851362443e-11,2.4776383668748244e-11,2.477646648513059e-11,2.4776549300709355e-11,2.477663211467184e-11,2.4776714927494997e-11,2.4776797739128186e-11,2.477688054953959e-11,2.4776963358837695e-11,2.4777046166914525e-11,2.4777128973756827e-11,2.4777211779499408e-11,2.4777294584014708e-11,2.4777377387345137e-11,2.477746018962467e-11,2.4777542990468538e-11,2.477762579022506e-11,2.4777708588878966e-11,2.4777791386321876e-11,2.4777874182398855e-11,2.477795697745172e-11,2.4778039771439654e-11,2.477812256397653e-11,2.4778205355437133e-11,2.4778288145714655e-11,2.4778370934518538e-11,2.4778453722494585e-11,2.4778536509210187e-11,2.4778619294742025e-11,2.4778702078924874e-11,2.477878486214705e-11,2.4778867643939378e-11,2.477895042472778e-11,2.4779033204331158e-11,2.4779115982740693e-11,2.4779198759990554e-11,2.4779281536014135e-11,2.4779364310966023e-11,2.4779447084638947e-11,2.4779529857121785e-11,2.477961262841354e-11,2.4779695398484142e-11,2.4779778167409525e-11,2.4779860935168086e-11,2.4779943701752887e-11,2.478002646714478e-11,2.4780109231317878e-11,2.4780191994306395e-11,2.4780274756116906e-11,2.4780357516739926e-11,2.4780440276064737e-11,2.4780523034372546e-11,2.4780605791341088e-11,2.478068854737231e-11,2.4780771301977188e-11,2.478085405549141e-11,2.478093680781419e-11,2.478101955894332e-11,2.4781102308911556e-11,2.478118505766773e-11,2.4781267805293674e-11,2.4781350551680353e-11,2.4781433296897854e-11,2.478151604088827e-11,2.4781598783716316e-11,2.4781681525361327e-11,2.478176426582005e-11,2.4781847005094952e-11,2.4781929743183804e-11,2.4782012480098777e-11,2.478209521629556e-11,2.4782177950782816e-11,2.4782260684219107e-11,2.4782343416376466e-11,2.4782426147354034e-11,2.4782508877143272e-11,2.478259160579573e-11,2.4782674333127963e-11,2.4782757059349326e-11,2.478283978439632e-11,2.4782922508257474e-11,2.4783005231069247e-11,2.4783087952628817e-11,2.47831706729304e-11,2.4783253392058906e-11,2.4783336109892945e-11,2.478341882663328e-11,2.4783501542176275e-11,2.4783584256598672e-11,2.478366696975187e-11,2.4783749681755466e-11,2.4783832392559684e-11,2.478391510219351e-11,2.4783997810713932e-11,2.4784080517975653e-11,2.4784163224083725e-11,2.4784245928996874e-11,2.4784328632507906e-11,2.4784411335025116e-11,2.4784494036363755e-11,2.4784576736612296e-11,2.4784659435584407e-11,2.4784742133343322e-11,2.4784824829931017e-11,2.4784907525304372e-11,2.4784990219595662e-11,2.4785072913206997e-11,2.4785155605037634e-11,2.478523829570682e-11,2.4785320985202307e-11,2.478540367354636e-11,2.4785486360658102e-11,2.4785569046602542e-11,2.4785651731315704e-11,2.4785734414792473e-11,2.4785817097164795e-11,2.47858997784327e-11,2.4785982458433854e-11,2.478606513730827e-11,2.4786147814643748e-11,2.4786230491086396e-11,2.478631316635985e-11,2.47863958407256e-11,2.478647851361804e-11,2.4786561185060347e-11,2.4786643855610503e-11,2.4786726524964837e-11,2.478680919311653e-11,2.4786891860071657e-11,2.4786974525830234e-11,2.4787057190326268e-11,2.4787139853698836e-11,2.478722251595072e-11,2.4787305177035887e-11,2.4787387836710483e-11,2.478747049540473e-11,2.4787553152963927e-11,2.4787635809115263e-11,2.478771846419829e-11,2.478780111812935e-11,2.478788377087917e-11,2.478796642244323e-11,2.478804907273258e-11,2.478813172191826e-11,2.4788214369930065e-11,2.4788297016747927e-11,2.478837966227946e-11,2.4788462306815542e-11,2.4788544949499353e-11,2.4788627591535676e-11,2.4788710232437207e-11,2.478879287217978e-11,2.4788875510712858e-11,2.4788958148076754e-11,2.4789040784066467e-11,2.4789123419035598e-11,2.478920605282995e-11,2.4789288685432783e-11,2.4789371316939888e-11,2.4789453947213715e-11,2.4789536576270052e-11,2.478961920414895e-11,2.478970183082923e-11,2.4789784456337586e-11,2.4789867080653192e-11,2.478994970377814e-11,2.479003232560272e-11,2.4790114946420123e-11,2.4790197565997684e-11,2.4790280184432816e-11,2.479036280165067e-11,2.479044541766933e-11,2.4790528032515572e-11,2.4790610646169906e-11,2.4790693258646238e-11,2.4790775869957806e-11,2.479085848005144e-11,2.4790941088972134e-11,2.4791023696712554e-11,2.4791106303270118e-11,2.4791188908650335e-11,2.4791271512602167e-11,2.4791354115604102e-11,2.4791436717424868e-11,2.4791519318113857e-11,2.4791601917591498e-11,2.4791684515853823e-11,2.4791767112815226e-11,2.4791849708558228e-11,2.479193230327309e-11,2.4792014896816514e-11,2.4792097489149544e-11,2.479218008029644e-11,2.479226267034662e-11,2.47923452588762e-11,2.479242784646904e-11,2.4792510432967278e-11,2.479259301821935e-11,2.479267560227776e-11,2.479275818515869e-11,2.4792840766855423e-11,2.4792923347065155e-11,2.4793005926073165e-11,2.479308850418836e-11,2.479317108113272e-11,2.4793253656705076e-11,2.4793336231032604e-11,2.4793418805018458e-11,2.479350137724073e-11,2.4793583948276865e-11,2.4793666518494133e-11,2.4793749087185274e-11,2.4793831654741586e-11,2.4793914221091875e-11,2.4793996786422347e-11,2.4794079350224812e-11,2.4794161912974665e-11,2.4794244474561776e-11,2.479432703494248e-11,2.4794409594148145e-11,2.4794492152156954e-11,2.47945747089914e-11,2.4794657264649328e-11,2.4794739819117677e-11,2.479482237236781e-11,2.4794904924396665e-11,2.4794987475309075e-11,2.47950700250389e-11,2.4795152573597653e-11,2.479523512096884e-11,2.47953176671567e-11,2.47954002121532e-11,2.479548275601797e-11,2.4795565298631914e-11,2.4795647840079385e-11,2.479573038027021e-11,2.479581291934962e-11,2.479589545722368e-11,2.4795977993962796e-11,2.4796060529406805e-11,2.4796143063772443e-11,2.479622559684073e-11,2.4796308128814658e-11,2.479639065961105e-11,2.4796473189225582e-11,2.4796555717658332e-11,2.4796638245077998e-11,2.4796720771077793e-11,2.4796803296082182e-11,2.4796885819586858e-11,2.479696834213705e-11,2.4797050863431717e-11,2.4797133383621582e-11,2.4797215902571378e-11,2.479729842025771e-11,2.4797380936850355e-11,2.4797463452328923e-11,2.479754596664041e-11,2.479762847944518e-11,2.4797710991315887e-11,2.4797793502001393e-11,2.4797876011500288e-11,2.4797958519733287e-11,2.47980410268788e-11,2.4798123532624563e-11,2.4798206037390463e-11,2.479828854100775e-11,2.479837104345489e-11,2.4798453544820268e-11,2.4798536044926288e-11,2.4798618543774064e-11,2.4798701041430243e-11,2.4798783537888817e-11,2.4798866033207384e-11,2.4798948527325496e-11,2.4799031020050794e-11,2.4799113511810203e-11,2.4799196002448935e-11,2.4799278491891534e-11,2.479936098013869e-11,2.4799443466984045e-11,2.4799525952830225e-11,2.479960843750647e-11,2.47996909207688e-11,2.4799773403066426e-11,2.479985588408886e-11,2.479993836400302e-11,2.480002084288319e-11,2.4800103320328596e-11,2.480018579674608e-11,2.4800268271981797e-11,2.480035074595697e-11,2.4800433218794144e-11,2.480051569050397e-11,2.4800598161010406e-11,2.4800680630270115e-11,2.4800763098603317e-11,2.4800845565528603e-11,2.480092803113187e-11,2.4801010495700476e-11,2.4801092959072743e-11,2.4801175421556612e-11,2.4801257882560768e-11,2.4801340342455028e-11,2.4801422801087663e-11,2.4801505258158433e-11,2.480158771451257e-11,2.48016701696109e-11,2.4801752623563307e-11,2.4801835076296907e-11,2.480191752782531e-11,2.4801999978150155e-11,2.4802082427363478e-11,2.4802164875356936e-11,2.480224732218331e-11,2.4802329767804895e-11,2.4802412212234784e-11,2.4802494655493738e-11,2.480257709758992e-11,2.4802659538591337e-11,2.480274197848152e-11,2.480282441706046e-11,2.4802906854455622e-11,2.4802989290637412e-11,2.4803071725648558e-11,2.480315415946376e-11,2.4803236592103186e-11,2.4803319023556315e-11,2.4803401453832992e-11,2.4803483882854933e-11,2.4803566310808247e-11,2.4803648737551596e-11,2.4803731163154806e-11,2.4803813587519036e-11,2.480389601073477e-11,2.480397843283081e-11,2.4804060853632933e-11,2.480414327327049e-11,2.4804225691700358e-11,2.4804308108974722e-11,2.4804390525081744e-11,2.4804472939851628e-11,2.4804555353573665e-11,2.4804637766191367e-11,2.4804720177518024e-11,2.4804802587706223e-11,2.4804884996715896e-11,2.480496740454851e-11,2.4805049811197306e-11,2.4805132216657796e-11,2.480521462091499e-11,2.4805297023927054e-11,2.480537942582449e-11,2.4805461826627907e-11,2.4805544226151812e-11,2.480562662450616e-11,2.480570902165929e-11,2.480579141751932e-11,2.480587381234109e-11,2.4805956205980055e-11,2.480603859837306e-11,2.4806120989695433e-11,2.4806203379850984e-11,2.4806285768761267e-11,2.48063681564778e-11,2.4806450543041202e-11,2.4806532928406944e-11,2.4806615312598074e-11,2.480669769555825e-11,2.4806780077437707e-11,2.480686245785142e-11,2.4806944837363157e-11,2.480702721516588e-11,2.4807109592556352e-11,2.4807191968473537e-11,2.48072743432487e-11,2.4807356716877795e-11,2.4807439089127455e-11,2.4807521460272797e-11,2.4807603830285088e-11,2.480768619891602e-11,2.4807768566573176e-11,2.4807850932906776e-11,2.480793329820857e-11,2.4808015662319407e-11,2.480809802523999e-11,2.4808180386912897e-11,2.4808262747522846e-11,2.4808345106898687e-11,2.4808427465099754e-11,2.48085098221186e-11,2.480859217796621e-11,2.4808674532673596e-11,2.480875688601376e-11,2.4808839238282793e-11,2.4808921589388944e-11,2.4809003939391487e-11,2.4809086288214762e-11,2.4809168635967937e-11,2.4809250982408932e-11,2.4809333327924812e-11,2.480941567195417e-11,2.4809498014793803e-11,2.4809580356433612e-11,2.4809662696768928e-11,2.4809745036071163e-11,2.4809827374175156e-11,2.4809909711109145e-11,2.4809992046994378e-11,2.481007438155235e-11,2.4810156714989614e-11,2.4810239047191457e-11,2.4810321378224504e-11,2.481040370787725e-11,2.48104860365459e-11,2.481056836409441e-11,2.4810650690681097e-11,2.481073301582329e-11,2.4810815339756253e-11,2.4810897662621473e-11,2.481097998422487e-11,2.48110623046466e-11,2.4811144623775767e-11,2.48112269418333e-11,2.4811309258594995e-11,2.481139157443562e-11,2.4811473888979974e-11,2.4811556202618456e-11,2.4811638514799946e-11,2.4811720825837385e-11,2.4811803135584754e-11,2.4811885444103592e-11,2.4811967751968835e-11,2.481205005822289e-11,2.4812132363321254e-11,2.4812214667204433e-11,2.4812296969921827e-11,2.4812379271434335e-11,2.4812461571765794e-11,2.481254387098365e-11,2.4812626168920954e-11,2.4812708465695333e-11,2.481279076133062e-11,2.4812873055751327e-11,2.4812955349012522e-11,2.4813037641094044e-11,2.481311993199756e-11,2.481320222151579e-11,2.4813284510048624e-11,2.4813366797387503e-11,2.4813449083567828e-11,2.4813531368643534e-11,2.4813613652468636e-11,2.4813695935081913e-11,2.4813778216469466e-11,2.4813860496729388e-11,2.4813942776120046e-11,2.4814025054164833e-11,2.4814107330496393e-11,2.481418960608468e-11,2.4814271880621297e-11,2.48143541538211e-11,2.48144364258619e-11,2.481451869671232e-11,2.4814600966370768e-11,2.481468323475359e-11,2.481476550205831e-11,2.4814847768086874e-11,2.4814930033065245e-11,2.4815012296822723e-11,2.4815094559414296e-11,2.481517682081215e-11,2.481525908102987e-11,2.4815341340039662e-11,2.4815423597971588e-11,2.4815505854704063e-11,2.481558811024962e-11,2.4815670364624858e-11,2.481575261776999e-11,2.481583486978036e-11,2.4815917120563733e-11,2.481599937022404e-11,2.4816081618643696e-11,2.4816163865763185e-11,2.4816246111858254e-11,2.4816328356829778e-11,2.4816410600428842e-11,2.4816492842958458e-11,2.4816575084260154e-11,2.481665732442344e-11,2.4816739563317118e-11,2.4816821801034508e-11,2.4816904037649863e-11,2.481698627309046e-11,2.4817068507350003e-11,2.4817150740727673e-11,2.4817232972682086e-11,2.4817315203400817e-11,2.4817397433015342e-11,2.4817479661296856e-11,2.4817561888483742e-11,2.4817644114491233e-11,2.4817726339194122e-11,2.481780856286446e-11,2.4817890785314932e-11,2.4817973006632135e-11,2.4818055226742956e-11,2.481813744572052e-11,2.4818219663489196e-11,2.481830188006156e-11,2.481838409551765e-11,2.481846630973112e-11,2.4818548522788752e-11,2.4818630734648795e-11,2.4818712945187056e-11,2.4818795154739388e-11,2.481887736305959e-11,2.4818959570202445e-11,2.4819041776156697e-11,2.481912398094569e-11,2.4819206184566424e-11,2.4819288387057503e-11,2.4819370588172936e-11,2.481945278859394e-11,2.4819534987521015e-11,2.481961718522027e-11,2.4819699381734646e-11,2.4819781577109442e-11,2.4819863771269455e-11,2.481994596417719e-11,2.482002815565909e-11,2.482011034634007e-11,2.4820192535816005e-11,2.4820274724088354e-11,2.482035691117848e-11,2.4820439097065735e-11,2.48205212818467e-11,2.4820603465389122e-11,2.4820685647773868e-11,2.4820767828945824e-11,2.4820850008962325e-11,2.4820932187835378e-11,2.4821014365489914e-11,2.4821096541973116e-11,2.482117871723194e-11,2.4821260891279105e-11,2.4821343064224423e-11,2.4821425236041994e-11,2.4821507406630204e-11,2.482158957604293e-11,2.4821671744273224e-11,2.4821753911169474e-11,2.4821836077063608e-11,2.4821918241762068e-11,2.482200040531425e-11,2.482208256765294e-11,2.4822164728788545e-11,2.4822246888740055e-11,2.482232904737677e-11,2.482241120499319e-11,2.4822493361417284e-11,2.4822575516662712e-11,2.4822657670761948e-11,2.4822739823569203e-11,2.4822821975300825e-11,2.48229041258467e-11,2.4822986275252824e-11,2.4823068423444604e-11,2.4823150570465333e-11,2.482323271618466e-11,2.482331486083015e-11,2.4823397004309573e-11,2.482347914665645e-11,2.4823561288065492e-11,2.4823643428008757e-11,2.482372556680389e-11,2.482380770422879e-11,2.4823889840632657e-11,2.4823971975784452e-11,2.4824054109797604e-11,2.4824136242687015e-11,2.4824218374233117e-11,2.4824300504589194e-11,2.4824382633613083e-11,2.4824464761775024e-11,2.4824546888756482e-11,2.4824629014568914e-11,2.482471113929053e-11,2.4824793262741096e-11,2.4824875384922673e-11,2.4824957506087846e-11,2.482503962600154e-11,2.4825121744808088e-11,2.4825203862133452e-11,2.482528597887124e-11,2.4825368094049603e-11,2.482545020808692e-11,2.4825532320989733e-11,2.4825614432715117e-11,2.4825696543145337e-11,2.4825778652483695e-11,2.4825860760521275e-11,2.482594286733221e-11,2.4826024973100225e-11,2.4826107077621325e-11,2.4826189180934696e-11,2.4826271283178632e-11,2.4826353384246437e-11,2.4826435484161472e-11,2.482651758276628e-11,2.482659968030081e-11,2.482668177662022e-11,2.4826763871793153e-11,2.4826845965643155e-11,2.4826928058471598e-11,2.4827010149966277e-11,2.482709224042233e-11,2.482717432968834e-11,2.4827256417812568e-11,2.482733850470674e-11,2.4827420590486034e-11,2.4827502675063922e-11,2.482758475898722e-11,2.4827666841206917e-11,2.4827748922252327e-11,2.482783100205641e-11,2.4827913080723865e-11,2.4827995158283287e-11,2.4828077234615972e-11,2.4828159309603512e-11,2.482824138334072e-11,2.4828323456144058e-11,2.4828405527747205e-11,2.4828487598194245e-11,2.4828569667501148e-11,2.4828651735586357e-11,2.4828733802489474e-11,2.4828815868233283e-11,2.482889793279713e-11,2.4828979996179475e-11,2.482906205838286e-11,2.482914411939978e-11,2.482922617925018e-11,2.482930823793102e-11,2.4829390295413025e-11,2.4829472351725625e-11,2.4829554406858773e-11,2.482963646082208e-11,2.482971851360637e-11,2.482980056526654e-11,2.482988261569445e-11,2.4829964664955552e-11,2.4830046712951575e-11,2.4830128759847283e-11,2.483021080549695e-11,2.48302928500175e-11,2.4830374893428803e-11,2.483045693550609e-11,2.4830538976540558e-11,2.48306210161464e-11,2.483070305477991e-11,2.483078509226503e-11,2.483086712856925e-11,2.4830949163698906e-11,2.4831031197676172e-11,2.483111323117049e-11,2.4831195262732872e-11,2.4831277293049134e-11,2.483135932230343e-11,2.483144135036946e-11,2.483152337734036e-11,2.483160540273959e-11,2.483168742727225e-11,2.4831769450603016e-11,2.4831851472782422e-11,2.4831933493842462e-11,2.4832015513577918e-11,2.4832097532134318e-11,2.4832179549572703e-11,2.483226156590013e-11,2.4832343581019878e-11,2.483242559495391e-11,2.4832507607717084e-11,2.4832589619287075e-11,2.4832671629753665e-11,2.4832753638904666e-11,2.4832835646951946e-11,2.483291765396785e-11,2.4832999659667752e-11,2.4833081664196507e-11,2.4833163667590644e-11,2.483324566975979e-11,2.4833327670744985e-11,2.4833409670437796e-11,2.4833491669021197e-11,2.483357366655686e-11,2.4833655662825143e-11,2.483373765785224e-11,2.483381965179567e-11,2.4833901644544442e-11,2.483398363614312e-11,2.4834065626621633e-11,2.4834147615851944e-11,2.483422960394058e-11,2.4834311590817837e-11,2.4834393576509395e-11,2.4834475561030334e-11,2.4834557544438744e-11,2.4834639526676707e-11,2.483472150774443e-11,2.483480348757469e-11,2.4834885466237576e-11,2.483496744371203e-11,2.483504942003295e-11,2.483513139514172e-11,2.4835213369079647e-11,2.483529534150434e-11,2.483537731308739e-11,2.4835459283530854e-11,2.4835541252661423e-11,2.4835623220709868e-11,2.4835705187584278e-11,2.4835787153256065e-11,2.4835869117863006e-11,2.483595108118661e-11,2.4836033043359014e-11,2.4836115004361702e-11,2.4836196964164048e-11,2.483627892287385e-11,2.483636088026317e-11,2.48364428365576e-11,2.4836524791733272e-11,2.4836606745676216e-11,2.483668869842955e-11,2.48367706500677e-11,2.483685260048216e-11,2.483693454970606e-11,2.483701649776421e-11,2.483709844464471e-11,2.48371803903727e-11,2.4837262334876043e-11,2.4837344278258592e-11,2.4837426220434003e-11,2.483750816146981e-11,2.4837590101232635e-11,2.483767203986321e-11,2.4837753977302714e-11,2.4837835913582402e-11,2.4837917848672718e-11,2.4837999782608528e-11,2.4838081715844182e-11,2.4838163647382564e-11,2.4838245578069972e-11,2.4838327507301845e-11,2.4838409435362457e-11,2.483849136229842e-11,2.483857328802154e-11,2.4838655212565847e-11,2.4838737135952374e-11,2.4838819058150224e-11,2.4838900979133517e-11,2.483898289897745e-11,2.4839064817639873e-11,2.483914673514075e-11,2.4839228651423924e-11,2.483931056655921e-11,2.48393924805631e-11,2.4839474393349786e-11,2.483955630495834e-11,2.4839638215396658e-11,2.483972012465549e-11,2.483980203274131e-11,2.4839883939643884e-11,2.483996584537899e-11,2.484004774994783e-11,2.484012965330819e-11,2.484021155551697e-11,2.4840293456515703e-11,2.4840375356408133e-11,2.4840457255086927e-11,2.484053915259031e-11,2.484062104891113e-11,2.4840702944056564e-11,2.484078483802089e-11,2.484086673082183e-11,2.4840948622428692e-11,2.4841030512908352e-11,2.4841112401901844e-11,2.4841194290058093e-11,2.4841276176976657e-11,2.484135806257357e-11,2.4841439947150128e-11,2.4841521830564095e-11,2.4841603712794775e-11,2.484168559376363e-11,2.4841767473643487e-11,2.484184935235027e-11,2.484193122987299e-11,2.48420131062285e-11,2.48420949813525e-11,2.4842176855227914e-11,2.4842258727944843e-11,2.4842340599635936e-11,2.4842422470378275e-11,2.4842504339690846e-11,2.4842586207803152e-11,2.4842668074768087e-11,2.4842749940594453e-11,2.4842831805195717e-11,2.4842913668525115e-11,2.4842995530773615e-11,2.484307739185551e-11,2.4843159251752758e-11,2.4843241110561744e-11,2.484332296811576e-11,2.484340482457584e-11,2.4843486679928848e-11,2.4843568534013567e-11,2.484365038701774e-11,2.4843732238625558e-11,2.4843814089147904e-11,2.484389593854493e-11,2.484397778642726e-11,2.484405963336714e-11,2.48441414791551e-11,2.4844223323770615e-11,2.4844305167221235e-11,2.4844387009411316e-11,2.4844468850515467e-11,2.484455069044448e-11,2.4844632529225157e-11,2.4844714366788116e-11,2.4844796203175528e-11,2.4844878038077447e-11,2.4844959872066468e-11,2.4845041704937678e-11,2.4845123536589726e-11,2.484520536711843e-11,2.484528719650692e-11,2.4845369024688106e-11,2.4845450851723272e-11,2.484553267748963e-11,2.4845614502158032e-11,2.484569632563865e-11,2.4845778148014163e-11,2.4845859968798493e-11,2.484594178879286e-11,2.4846023607621615e-11,2.4846105425236212e-11,2.484618724176446e-11,2.4846269057024625e-11,2.4846350871113887e-11,2.484643268403425e-11,2.4846514495772107e-11,2.484659630624173e-11,2.484667811563922e-11,2.4846759923815057e-11,2.484684173089567e-11,2.4846923536719916e-11,2.4847005341547987e-11,2.484708714509708e-11,2.4847168947441478e-11,2.4847250748606968e-11,2.484733254859475e-11,2.484741434741637e-11,2.4847496145081995e-11,2.484757794156551e-11,2.4847659736871537e-11,2.4847741531005455e-11,2.4847823323941748e-11,2.4847905115682248e-11,2.4847986906281795e-11,2.484806869570885e-11,2.4848150483996762e-11,2.4848232270825454e-11,2.4848314056769457e-11,2.4848395841493384e-11,2.48484776250638e-11,2.4848559407434e-11,2.484864118864383e-11,2.484872296849068e-11,2.4848804747378316e-11,2.4848886525068494e-11,2.4848968301583058e-11,2.4849050076924528e-11,2.484913185108861e-11,2.484921362405781e-11,2.484929539580537e-11,2.484937716652315e-11,2.4849458935994323e-11,2.48495407042936e-11,2.4849622471418033e-11,2.4849704237364654e-11,2.484978600213574e-11,2.4849867765718797e-11,2.484994952813768e-11,2.4850031289467595e-11,2.4850113049532952e-11,2.4850194808346972e-11,2.4850276565922248e-11,2.4850358322529486e-11,2.485044007792811e-11,2.4850521832141428e-11,2.485060358517211e-11,2.4850685337030286e-11,2.4850767087736702e-11,2.4850848837265542e-11,2.4850930585497515e-11,2.485101233268333e-11,2.485109407868845e-11,2.485117582353291e-11,2.4851257567100545e-11,2.485133930957895e-11,2.4851421050882616e-11,2.4851502790992683e-11,2.4851584529955787e-11,2.485166626763552e-11,2.4851748004286548e-11,2.485182974013681e-11,2.4851911474376745e-11,2.4851993207608362e-11,2.4852074939512058e-11,2.4852156670248476e-11,2.4852238399817526e-11,2.48523201283116e-11,2.4852401855565457e-11,2.485248358158462e-11,2.4852565306468163e-11,2.4852647030210054e-11,2.4852728752707017e-11,2.4852810474073456e-11,2.4852892194236208e-11,2.4852973913280654e-11,2.4853055631118974e-11,2.485313734773551e-11,2.485321906322866e-11,2.4853300777545684e-11,2.4853382490670473e-11,2.4853464202806973e-11,2.4853545913614212e-11,2.4853627623283904e-11,2.485370933172569e-11,2.4853791039087435e-11,2.4853872745241464e-11,2.485395445017633e-11,2.485403615391205e-11,2.485411785651114e-11,2.4854199557927705e-11,2.485428125817557e-11,2.485436295712876e-11,2.4854444654977548e-11,2.485452635162502e-11,2.4854608047172883e-11,2.4854689741851235e-11,2.4854771435056552e-11,2.4854853127076514e-11,2.4854934817968478e-11,2.4855016507261858e-11,2.4855098195766722e-11,2.4855179883054525e-11,2.4855261569237085e-11,2.4855343254251932e-11,2.4855424938156763e-11,2.4855506620803702e-11,2.4855588302221418e-11,2.485566998254907e-11,2.4855751661692e-11,2.4855833339653e-11,2.485591501641508e-11,2.485599669202726e-11,2.4856078366491498e-11,2.4856160039754535e-11,2.4856241711827533e-11,2.485632338262619e-11,2.485640505237072e-11,2.485648672095407e-11,2.4856568388378376e-11,2.485665005462113e-11,2.4856731719504275e-11,2.4856813383319125e-11,2.4856895045953657e-11,2.4856976707504384e-11,2.485705836772811e-11,2.4857140026885094e-11,2.4857221684904733e-11,2.485730334178981e-11,2.4857384997488064e-11,2.48574666521394e-11,2.485754830547332e-11,2.485762995764579e-11,2.4857711608625393e-11,2.485779325845463e-11,2.485787490710509e-11,2.485795655458009e-11,2.4858038200879255e-11,2.4858119846011543e-11,2.485820149001162e-11,2.4858283132796325e-11,2.4858364774407224e-11,2.485844641485053e-11,2.4858528054140127e-11,2.4858609692240584e-11,2.4858691329156277e-11,2.4858772964915426e-11,2.4858854599505708e-11,2.4858936232906704e-11,2.485901786513416e-11,2.4859099496186108e-11,2.485918112605632e-11,2.4859262754902746e-11,2.48593443824632e-11,2.485942600879352e-11,2.4859507633870735e-11,2.485958925790201e-11,2.4859670880756796e-11,2.4859752502445464e-11,2.485983412296778e-11,2.4859915742315263e-11,2.4859997360595055e-11,2.4860078977650493e-11,2.4860160593476942e-11,2.486024220813047e-11,2.4860323821621685e-11,2.4860405433942655e-11,2.486048704508055e-11,2.4860568655061375e-11,2.4860650263908284e-11,2.486073187129165e-11,2.4860813477742434e-11,2.486089508300881e-11,2.4860976687217998e-11,2.4861058290152562e-11,2.4861139891916078e-11,2.486122149257759e-11,2.4861303091998483e-11,2.486138469034805e-11,2.486146628745783e-11,2.4861547883466175e-11,2.4861629478256875e-11,2.4861711071817447e-11,2.4861792664308966e-11,2.4861874255519078e-11,2.486195584550168e-11,2.4862037434405235e-11,2.4862119022089742e-11,2.4862200608486795e-11,2.486228219384534e-11,2.4862363778028444e-11,2.486244536097582e-11,2.4862526942829422e-11,2.486260852350548e-11,2.4862690103015465e-11,2.4862771681319114e-11,2.4862853258526154e-11,2.4862934834654625e-11,2.4863016409468253e-11,2.486309798311537e-11,2.48631795555877e-11,2.4863261126902557e-11,2.4863342697034592e-11,2.486342426597843e-11,2.4863505833776033e-11,2.486358740048456e-11,2.4863668966096413e-11,2.486375053037158e-11,2.4863832093479236e-11,2.4863913655345675e-11,2.4863995216108717e-11,2.4864076775677458e-11,2.486415833409952e-11,2.4864239891343112e-11,2.486432144742423e-11,2.4864403002573586e-11,2.486448455631182e-11,2.4864566108829805e-11,2.486464766013628e-11,2.4864729210370992e-11,2.486481075933084e-11,2.4864892307182146e-11,2.4864973853893654e-11,2.4865055399443232e-11,2.4865136943811674e-11,2.4865218487013568e-11,2.4865300029037527e-11,2.486538156988122e-11,2.4865463109592227e-11,2.4865544648108948e-11,2.4865626185449017e-11,2.4865707721616754e-11,2.4865789256615026e-11,2.4865870790266347e-11,2.486595232288021e-11,2.4866033854392604e-11,2.4866115384705977e-11,2.4866196913858864e-11,2.4866278441882285e-11,2.486635996866533e-11,2.486644149435573e-11,2.4866523018857682e-11,2.4866604542448413e-11,2.4866686064463242e-11,2.486676758540859e-11,2.4866849105184536e-11,2.486693062379501e-11,2.4867012141224324e-11,2.486709365745043e-11,2.486717517254803e-11,2.4867256686521082e-11,2.4867338199376883e-11,2.4867419710915473e-11,2.48675012217133e-11,2.486758273095513e-11,2.4867664239027534e-11,2.4867745745931838e-11,2.4867827251676932e-11,2.4867908756400265e-11,2.486799025978123e-11,2.486807176202232e-11,2.4868153263073728e-11,2.486823476295574e-11,2.4868316261662726e-11,2.4868397759208557e-11,2.4868479255583925e-11,2.4868560750638123e-11,2.486864224462189e-11,2.486872373747694e-11,2.486880522916155e-11,2.4868886719609645e-11,2.486896820896842e-11,2.4869049697147983e-11,2.4869131184235236e-11,2.486921267007558e-11,2.4869294154720563e-11,2.48693756381902e-11,2.4869457120527786e-11,2.486953860168327e-11,2.4869620081683734e-11,2.486970156051165e-11,2.4869783038143736e-11,2.4869864514660183e-11,2.4869945990174114e-11,2.4870027464316404e-11,2.487010893695414e-11,2.4870190408744482e-11,2.4870271879355868e-11,2.487035334881924e-11,2.487043481666137e-11,2.4870516283749243e-11,2.4870597749719933e-11,2.4870679214542528e-11,2.487076067814668e-11,2.4870842140573857e-11,2.4870923601837382e-11,2.487100506192175e-11,2.4871086520851938e-11,2.4871167978509647e-11,2.4871249435153665e-11,2.48713308905718e-11,2.48714123448026e-11,2.4871493797879238e-11,2.487157524978319e-11,2.4871656700520375e-11,2.4871738150112365e-11,2.4871819598503334e-11,2.487190104572672e-11,2.487198249155575e-11,2.4872063936422833e-11,2.4872145380436598e-11,2.487222682299056e-11,2.4872308264362686e-11,2.4872389704570664e-11,2.487247114360966e-11,2.4872552581474984e-11,2.487263401820992e-11,2.4872715453739524e-11,2.487279688809351e-11,2.4872878321304878e-11,2.48729597533305e-11,2.487304118417455e-11,2.4873122613924765e-11,2.487320404244009e-11,2.4873285469737178e-11,2.4873366895911307e-11,2.4873448320914506e-11,2.487352974474761e-11,2.4873611167408655e-11,2.4873692588907443e-11,2.4873774009222387e-11,2.487385542838478e-11,2.487393684626075e-11,2.4874018262993626e-11,2.487409967865004e-11,2.4874181093163692e-11,2.4874262506473046e-11,2.487434391860057e-11,2.487442532951992e-11,2.4874506739317534e-11,2.4874588147948238e-11,2.4874669555409066e-11,2.487475096170058e-11,2.4874832367313727e-11,2.4874913771315483e-11,2.4874995174090097e-11,2.4875076575697595e-11,2.487515797614938e-11,2.487523937542107e-11,2.487532077352251e-11,2.4875402170457064e-11,2.487548356623904e-11,2.4875564960811997e-11,2.487564635416879e-11,2.48757277464262e-11,2.487580913751575e-11,2.4875890527434487e-11,2.487597191616208e-11,2.487605330347063e-11,2.4876134689840962e-11,2.4876216075116403e-11,2.487629745919601e-11,2.487637884207977e-11,2.487646022381515e-11,2.4876541604453194e-11,2.4876622983869087e-11,2.4876704362109515e-11,2.4876785739170593e-11,2.4876867115062306e-11,2.4876948489782033e-11,2.4877029863266476e-11,2.4877111235662007e-11,2.4877192606957345e-11,2.48772739770079e-11,2.4877355345871844e-11,2.487743671368629e-11,2.487751808025506e-11,2.487759944566915e-11,2.4877680809861112e-11,2.487776217289485e-11,2.4877843534650032e-11,2.4877924895350482e-11,2.4878006254869806e-11,2.487808761324575e-11,2.4878168970523676e-11,2.48782503265454e-11,2.4878331681406255e-11,2.4878413035069344e-11,2.487849438754295e-11,2.487857573888433e-11,2.487865708899936e-11,2.487873843802388e-11,2.4878819785859757e-11,2.487890113258894e-11,2.487898247810182e-11,2.4879063822591994e-11,2.4879145165770064e-11,2.4879226507773706e-11,2.487930784860697e-11,2.487938918826869e-11,2.487947052677178e-11,2.487955186396876e-11,2.4879633200118678e-11,2.4879714535102662e-11,2.4879795868954232e-11,2.487987720161212e-11,2.4879958533005438e-11,2.4880039863326572e-11,2.4880121192355605e-11,2.4880202520338736e-11,2.488028384712788e-11,2.4880365172771844e-11,2.488044649728915e-11,2.4880527820599993e-11,2.4880609142697326e-11,2.4880690463666557e-11,2.4880771783467825e-11,2.488085310210053e-11,2.488093441960735e-11,2.488101573588584e-11,2.4881097051016156e-11,2.488117836493495e-11,2.4881259677589486e-11,2.4881340989212942e-11,2.488142229957842e-11,2.488150360871262e-11,2.48815849169641e-11,2.4881666223384452e-11,2.4881747528996412e-11,2.4881828833590552e-11,2.4881910137039448e-11,2.4881991439325535e-11,2.48820727404619e-11,2.4882154040140925e-11,2.4882235338915908e-11,2.4882316636556645e-11,2.4882397933014187e-11,2.4882479228293602e-11,2.4882560522422534e-11,2.488264181535704e-11,2.4882723107140098e-11,2.488280439771184e-11,2.4882885687150723e-11,2.488296697537534e-11,2.488304826246171e-11,2.488312954827989e-11,2.488321083303987e-11,2.4883292116636256e-11,2.488337339903406e-11,2.4883454680293675e-11,2.4883535960386545e-11,2.4883617239300986e-11,2.4883698517067742e-11,2.4883779793780765e-11,2.488386106918754e-11,2.488394234343955e-11,2.4884023616775725e-11,2.488410488867775e-11,2.4884186159426127e-11,2.488426742903908e-11,2.4884348697417925e-11,2.4884429964565564e-11,2.488451123061586e-11,2.4884592495527787e-11,2.488467375927005e-11,2.488475502185001e-11,2.488483628326119e-11,2.488491754345518e-11,2.4884998802531275e-11,2.4885080060441616e-11,2.4885161317185727e-11,2.4885242572755712e-11,2.4885323827469113e-11,2.48854050807037e-11,2.48854863326933e-11,2.488556758360084e-11,2.4885648833215492e-11,2.4885730081781045e-11,2.4885811329177277e-11,2.4885892575408956e-11,2.4885973820517588e-11,2.4886055064488152e-11,2.4886136307217154e-11,2.48862175487743e-11,2.4886298789158942e-11,2.4886380028382604e-11,2.4886461266369576e-11,2.488654250305423e-11,2.4886623738791585e-11,2.4886704973309233e-11,2.4886786206776907e-11,2.488686743900669e-11,2.4886948670058217e-11,2.4887029899949605e-11,2.4887111128727602e-11,2.4887192356357743e-11,2.4887273582752548e-11,2.4887354807972673e-11,2.488743603202208e-11,2.4887517254917244e-11,2.4887598476643667e-11,2.4887679697203796e-11,2.4887760916588594e-11,2.4887842135024148e-11,2.4887923352074982e-11,2.4888004568006624e-11,2.488808578273616e-11,2.4888166996257395e-11,2.4888248208606476e-11,2.4888329419812322e-11,2.488841062981928e-11,2.4888491838705506e-11,2.4888573046505992e-11,2.4888654253057545e-11,2.488873545845938e-11,2.4888816662678593e-11,2.4888897865743327e-11,2.4888979067596585e-11,2.488906026831442e-11,2.4889141467860443e-11,2.4889222666187016e-11,2.4889303863403167e-11,2.4889385059444127e-11,2.488946625432825e-11,2.4889547448065722e-11,2.4889628640603834e-11,2.4889709831958173e-11,2.4889791022221835e-11,2.488987221137229e-11,2.4889953399260798e-11,2.4890034585973513e-11,2.4890115771261387e-11,2.489019695563358e-11,2.4890278138850085e-11,2.4890359320801523e-11,2.4890440501649614e-11,2.4890521681363945e-11,2.4890602859891592e-11,2.489068403730276e-11,2.4890765213516154e-11,2.4890846388321675e-11,2.4890927562188175e-11,2.4891008734917282e-11,2.4891089906899197e-11,2.4891171077285024e-11,2.4891252246502814e-11,2.4891333414528437e-11,2.489141458141315e-11,2.489149574713563e-11,2.4891576911750533e-11,2.489165807513757e-11,2.4891739237358895e-11,2.489182039842336e-11,2.4891901558173066e-11,2.489198271689203e-11,2.4892063874447192e-11,2.489214503082644e-11,2.4892226186066e-11,2.489230734013061e-11,2.4892388493026396e-11,2.4892469644747787e-11,2.4892550795305973e-11,2.48926319447055e-11,2.4892713092972435e-11,2.4892794240010363e-11,2.489287538580192e-11,2.489295653049403e-11,2.4893037674056808e-11,2.489311881647247e-11,2.4893199957645965e-11,2.489328109761609e-11,2.4893362236505713e-11,2.4893443374240547e-11,2.4893524510811338e-11,2.4893605646252565e-11,2.4893686780403658e-11,2.4893767913446814e-11,2.4893849045572446e-11,2.4893930176350817e-11,2.4894011305879735e-11,2.489409243427639e-11,2.489417356148709e-11,2.489425468748327e-11,2.4894335812398603e-11,2.4894416936137506e-11,2.4894498058736198e-11,2.4894579180145094e-11,2.4894660300398962e-11,2.4894741419404395e-11,2.489482253730783e-11,2.48949036540518e-11,2.4894984769611e-11,2.4895065884022306e-11,2.489514699727353e-11,2.48952281096064e-11,2.4895309220614403e-11,2.4895390330367717e-11,2.48954714389466e-11,2.489555254635897e-11,2.4895633652634936e-11,2.489571475760067e-11,2.4895795861543054e-11,2.4895876964303852e-11,2.4895958065539206e-11,2.48960391659533e-11,2.4896120265218576e-11,2.4896201363343753e-11,2.4896282460237698e-11,2.489636355585438e-11,2.4896444650544473e-11,2.4896525743887014e-11,2.4896606836161718e-11,2.4896687927237678e-11,2.4896769017167192e-11,2.4896850105917715e-11,2.489693119352731e-11,2.4897012279988934e-11,2.4897093365278058e-11,2.489717444935595e-11,2.489725553228511e-11,2.489733661406819e-11,2.489741769487952e-11,2.4897498774315373e-11,2.4897579852601467e-11,2.4897660929728557e-11,2.4897742005691337e-11,2.4897823080487455e-11,2.4897904154114448e-11,2.4897985226835338e-11,2.4898066298098442e-11,2.489814736821415e-11,2.4898228437199237e-11,2.4898309504996025e-11,2.489839057164398e-11,2.4898471637081346e-11,2.4898552701387305e-11,2.4898633764522265e-11,2.489871482648734e-11,2.4898795887296896e-11,2.4898876946938368e-11,2.4898958005431596e-11,2.489903906274567e-11,2.4899120118891624e-11,2.4899201173868454e-11,2.489928222768506e-11,2.4899363280375053e-11,2.489944433176899e-11,2.4899525382080796e-11,2.4899606431270867e-11,2.4899687479265952e-11,2.489976852609683e-11,2.489984957177428e-11,2.489993061629495e-11,2.4900011659626012e-11,2.4900092701793765e-11,2.490017374280054e-11,2.4900254782639054e-11,2.4900335821299254e-11,2.4900416858808258e-11,2.490049789515112e-11,2.4900578930168415e-11,2.4900659964190798e-11,2.4900740997039515e-11,2.4900822028821686e-11,2.4900903059290927e-11,2.4900984088628647e-11,2.490106511682814e-11,2.4901146143853757e-11,2.490122716975893e-11,2.490130819446447e-11,2.490138921800536e-11,2.4901470240384187e-11,2.490155126159078e-11,2.4901632281643552e-11,2.4901713300534016e-11,2.4901794318278644e-11,2.490187533482831e-11,2.4901956350187986e-11,2.490203736441017e-11,2.49021183774788e-11,2.490219938949358e-11,2.4902280400222257e-11,2.490236140979756e-11,2.4902442418198297e-11,2.490252342543669e-11,2.4902604431512845e-11,2.490268543639246e-11,2.490276644013434e-11,2.4902847442708493e-11,2.4902928444117723e-11,2.490300944436866e-11,2.490309044345854e-11,2.490317144137604e-11,2.4903252438163e-11,2.4903333433633032e-11,2.4903414427990234e-11,2.490349542125942e-11,2.4903576413365823e-11,2.4903657404301637e-11,2.490373839407959e-11,2.490381938269793e-11,2.4903900370130546e-11,2.4903981356447313e-11,2.4904062341318197e-11,2.4904143325221716e-11,2.4904224308012186e-11,2.4904305289638273e-11,2.490438627014899e-11,2.490446724947368e-11,2.490454822759848e-11,2.4904629204826702e-11,2.490471018065258e-11,2.4904791155295084e-11,2.4904872128647653e-11,2.4904953100961984e-11,2.4905034071983054e-11,2.4905115041984136e-11,2.490519601072415e-11,2.4905276978375636e-11,2.4905357944863213e-11,2.4905438910192392e-11,2.490551987433018e-11,2.490560083732637e-11,2.4905681799167355e-11,2.4905762759910945e-11,2.4905843719415715e-11,2.4905924677697386e-11,2.490600563489156e-11,2.4906086590905208e-11,2.4906167545757572e-11,2.4906248499453347e-11,2.4906329451975573e-11,2.490641040333568e-11,2.490649135355448e-11,2.4906572302564337e-11,2.4906653250421636e-11,2.4906734197135987e-11,2.4906815142684472e-11,2.4906896087067337e-11,2.4906977030275425e-11,2.4907057972325505e-11,2.4907138913220618e-11,2.490721985285592e-11,2.490730079144889e-11,2.4907381728856343e-11,2.4907462665031502e-11,2.490754360007989e-11,2.4907624533963574e-11,2.490770546671238e-11,2.490778639830097e-11,2.4907867328749377e-11,2.4907948258000043e-11,2.4908029186061167e-11,2.4908110112991323e-11,2.490819103862087e-11,2.4908271963116332e-11,2.490835288653507e-11,2.490843380872685e-11,2.4908514729843184e-11,2.4908595649802113e-11,2.4908676568629123e-11,2.4908757486325924e-11,2.4908838402789395e-11,2.4908919318127913e-11,2.4909000232593743e-11,2.490908114555991e-11,2.4909162057373582e-11,2.4909242968024626e-11,2.4909323877509746e-11,2.4909404785826768e-11,2.4909485692983516e-11,2.490956659900557e-11,2.4909647503832497e-11,2.4909728407427018e-11,2.4909809309924478e-11,2.4909890211263714e-11,2.4909971111520397e-11,2.4910052010514466e-11,2.4910132908359998e-11,2.4910213805043244e-11,2.4910294700525473e-11,2.4910375594882516e-11,2.491045648807937e-11,2.491053738011846e-11,2.491061827099455e-11,2.4910699160670726e-11,2.4910780049223514e-11,2.4910860936610633e-11,2.491094182288765e-11,2.4911022707941616e-11,2.491110359176276e-11,2.491118447449404e-11,2.491126535585209e-11,2.491134623625265e-11,2.491142711551e-11,2.4911507993520357e-11,2.491158887044059e-11,2.4911669746194805e-11,2.4911750620745154e-11,2.491183149418094e-11,2.491191236613779e-11,2.4911993237246603e-11,2.4912074107069166e-11,2.4912154975867798e-11,2.491223584339721e-11,2.4912316709890758e-11,2.4912397575181204e-11,2.491247843933195e-11,2.491255930221131e-11,2.4912640163968116e-11,2.4912721024611035e-11,2.4912801884096318e-11,2.4912882742346488e-11,2.4912963599499e-11,2.491304445549011e-11,2.4913125310306834e-11,2.4913206163815783e-11,2.4913287016316207e-11,2.491336786786618e-11,2.491344871802121e-11,2.4913529567088613e-11,2.491361041498495e-11,2.491369126147391e-11,2.4913772107002582e-11,2.4913852951375602e-11,2.4913933794564467e-11,2.491401463661081e-11,2.4914095477179076e-11,2.491417631689469e-11,2.4914257155912695e-11,2.4914337993315138e-11,2.4914418829546833e-11,2.4914499664631095e-11,2.4914580498389714e-11,2.4914661331141583e-11,2.4914742162719947e-11,2.491482299313688e-11,2.49149038223759e-11,2.4914984650471552e-11,2.491506547738393e-11,2.4915146303157903e-11,2.4915227127719304e-11,2.4915307951196275e-11,2.4915388773471313e-11,2.4915469594595155e-11,2.491555041424323e-11,2.491563123305452e-11,2.491571205068036e-11,2.4915792867158307e-11,2.4915873682473564e-11,2.4915954496559394e-11,2.4916035309559457e-11,2.4916116121383724e-11,2.4916196932018373e-11,2.4916277741546845e-11,2.491635854988667e-11,2.4916439357056918e-11,2.4916520163036566e-11,2.4916600967886563e-11,2.4916681771587458e-11,2.4916762574102828e-11,2.4916843375473125e-11,2.4916924175718014e-11,2.4917004974695052e-11,2.4917085772580182e-11,2.4917166569316035e-11,2.491724736489043e-11,2.4917328159314836e-11,2.4917408952506934e-11,2.491748974462556e-11,2.491757053553479e-11,2.491765132529783e-11,2.4917732113884387e-11,2.4917812901195664e-11,2.4917893687468064e-11,2.4917974472578268e-11,2.4918055256616727e-11,2.4918136039370188e-11,2.4918216821344902e-11,2.491829760171405e-11,2.491837838100537e-11,2.4918459159147914e-11,2.4918539936133007e-11,2.4918620711954736e-11,2.491870148660506e-11,2.491878226011266e-11,2.4918863032512333e-11,2.4918943803542518e-11,2.4919024573552928e-11,2.4919105342405556e-11,2.491918611010568e-11,2.49192668766651e-11,2.491934764202395e-11,2.4919428406231497e-11,2.4919509169273792e-11,2.491958993112041e-11,2.491967069195523e-11,2.4919751451476075e-11,2.4919832209867524e-11,2.491991296764448e-11,2.4919993723720932e-11,2.4920074478640637e-11,2.4920155232390265e-11,2.492023598496501e-11,2.492031673629716e-11,2.4920397486562173e-11,2.4920478235671596e-11,2.4920558983616333e-11,2.492063973040568e-11,2.4920720476029452e-11,2.492080122049962e-11,2.492088196378811e-11,2.4920962705806798e-11,2.492104344688945e-11,2.492112418669656e-11,2.4921204925355416e-11,2.4921285662902202e-11,2.4921366399229733e-11,2.492144713439402e-11,2.4921527868544104e-11,2.4921608601397493e-11,2.4921689333119112e-11,2.4921770063664295e-11,2.4921850793032414e-11,2.492193152100245e-11,2.492201224808782e-11,2.4922092974010783e-11,2.4922173698734628e-11,2.492225442229203e-11,2.4922335144691405e-11,2.4922415865942384e-11,2.492249658602069e-11,2.492257730484199e-11,2.492265802268509e-11,2.4922738739357067e-11,2.492281945478259e-11,2.492290016905301e-11,2.4922980882139566e-11,2.4923061593987004e-11,2.492314230476587e-11,2.4923223014373303e-11,2.4923303722847614e-11,2.4923384430162102e-11,2.492346513626796e-11,2.4923545841364903e-11,2.4923626545196227e-11,2.4923707247867524e-11,2.4923787949340566e-11,2.49238686496792e-11,2.4923949348879067e-11,2.492403004693413e-11,2.4924110743663334e-11,2.4924191439286105e-11,2.4924272133842993e-11
18,1.2295839803383975e-42,-2.845975419227333e-41,6.489452625998564e-42,1.079627254808243e-41,1.5401442527907506e-41,2.044368418886622e-41,2.585883725095044e-41,3.1575173893092666e-41,3.7537065702052026e-41,4.368933847936941e-41,4.999729700641164e-41,5.64301362965804e-41,6.296317019918843e-41,6.957660534960075e-41,7.621878645138953e-41,8.294832761187101e-41,8.971940516915533e-41,9.652385174415706e-41,1.0335502645128402e-40,1.1020766555981264e-40,1.1703955871548868e-40,1.2388503863476593e-40,1.3077974415232023e-40,1.376833356693791e-40,1.4459409991130652e-40,1.515105758619642e-40,1.5843167723896618e-40,1.6535647059236237e-40,1.722842260700753e-40,1.7921435810235847e-40,1.861463968778824e-40,1.9307996546112976e-40,2.0001476142923563e-40,2.0695054214701158e-40,2.1388711294292456e-40,2.2082431762872067e-40,2.2776203089489233e-40,2.3470015220139063e-40,2.4163860088356763e-40,2.485773122257569e-40,2.555162343021613e-40,2.6245532545494246e-40,2.693945522590064e-40,2.7633388789807632e-40,2.8327331085782604e-40,2.9021280387595873e-40,2.9715235310237907e-40,3.0409194742531117e-40,3.110315779303615e-40,3.1797123746496246e-40,3.249109202901256e-40,3.318506218010935e-40,3.3879033830490913e-40,3.4573006683730916e-40,3.5266980502046324e-40,3.59609550947463e-40,3.6654930308578572e-40,3.734890602081329e-40,3.804288213294124e-40,3.873685856588249e-40,3.943083525627066e-40,4.012481215324052e-40,4.081878921578397e-40,4.151276641131463e-40,4.220674371354724e-40,4.290072110129434e-40,4.359469855771796e-40,4.42886760693124e-40,4.498265362498332e-40,4.5676631216139356e-40,4.637060883573327e-40,4.706458647821688e-40,4.775856413898419e-40,4.845254181440965e-40,4.914651950161164e-40,4.984049719833746e-40,5.053447490262939e-40,5.122845261293109e-40,5.19224303282676e-40,5.261640804741924e-40,5.331038576970144e-40,5.400436349459156e-40,5.4698341221510335e-40,5.539231894998384e-40,5.608629667975198e-40,5.678027441062425e-40,5.747425214227529e-40,5.816822987457077e-40,5.886220760750176e-40,5.955618534081381e-40,6.025016307444744e-40,6.0944140808489594e-40,6.163811854270768e-40,6.233209627704155e-40,6.302607401152958e-40,6.3720051746074775e-40,6.4414029480799914e-40,6.510800721565809e-40,6.580198495048919e-40,6.6495962685376665e-40,6.718994042028199e-40,6.788391815526779e-40,6.8577895890193864e-40,6.927187362525084e-40,6.996585136021293e-40,7.065982909525793e-40,7.135380683030226e-40,7.204778456536877e-40,7.274176230039105e-40,7.3435740035463365e-40,7.412971777055683e-40,7.482369550560423e-40,7.551767324066282e-40,7.621165097577172e-40,7.690562871080667e-40,7.75996064458484e-40,7.829358418096635e-40,7.898756191601665e-40,7.968153965116121e-40,8.037551738618395e-40,8.106949512129455e-40,8.176347285633873e-40,8.245745059144976e-40,8.315142832649109e-40,8.384540606156797e-40,8.453938379668897e-40,8.523336153171456e-40,8.592733926682636e-40,8.662131700185034e-40,8.731529473695777e-40,8.800927247200537e-40,8.870325020714141e-40,8.939722794221656e-40,9.009120567724416e-40,9.078518341238521e-40,9.147916114749343e-40,9.217313888253365e-40,9.286711661760683e-40,9.356109435266589e-40,9.425507208778587e-40,9.494904982284836e-40,9.564302755791689e-40,9.633700529294696e-40,9.703098302810495e-40,9.77249607631671e-40,9.841893849825348e-40,9.911291623337547e-40,9.980689396848956e-40,1.0050087170356308e-39,1.0119484943862054e-39,1.0188882717371068e-39,1.0258280490876855e-39,1.0327678264385548e-39,1.0397076037893445e-39,1.0466473811399909e-39,1.0535871584904897e-39,1.0605269358424148e-39,1.0674667131928062e-39,1.0744064905437902e-39,1.0813462678940681e-39,1.0882860452450305e-39,1.0952258225959274e-39,1.1021655999466992e-39,1.1091053772975496e-39,1.1160451546482933e-39,1.1229849319997664e-39,1.1299247093499305e-39,1.1368644867006746e-39,1.14380426405138e-39,1.1507440414019598e-39,1.1576838187528151e-39,1.1646235961039884e-39,1.1715633734538784e-39,1.1785031508051284e-39,1.1854429281560062e-39,1.192382705506741e-39,1.1993224828577356e-39,1.206262260208637e-39,1.213202037559829e-39,1.2201418149105286e-39,1.227081592261462e-39,1.2340213696119342e-39,1.2409611469626408e-39,1.2479009243136363e-39,1.2548407016645594e-39,1.2617804790153716e-39,1.268720256366064e-39,1.2756600337166597e-39,1.2825998110675015e-39,1.2895395884186233e-39,1.2964793657696731e-39,1.3034191431202562e-39,1.3103589204710456e-39,1.3172986978214064e-39,1.3242384751730515e-39,1.3311782525236485e-39,1.3381180298747556e-39,1.3450578072254552e-39,1.3519975845760266e-39,1.3589373619275272e-39,1.3658771392776453e-39,1.3728169166282167e-39,1.3797566939790837e-39,1.3866964713302009e-39,1.3936362486812667e-39,1.4005760260318973e-39,1.4075158033830558e-39,1.4144555807338418e-39,1.421395358084184e-39,1.428335135435021e-39,1.4352749127858326e-39,1.4422146901368805e-39,1.449154467487849e-39,1.4560942448384125e-39,1.4630340221891594e-39,1.4699737995398307e-39,1.4769135768907435e-39,1.483853354241577e-39,1.4907931315919943e-39,1.4977329089432435e-39,1.5046726862944764e-39,1.5116124636449644e-39,1.518552240995626e-39,1.525492018346539e-39,1.5324317956973812e-39,1.539371573048432e-39,1.5463113503988206e-39,1.553251127749964e-39,1.5601909051004844e-39,1.5671306824511783e-39,1.5740704598014967e-39,1.5810102371523106e-39,1.587950014503375e-39,1.5948897918534932e-39,1.60182956920463e-39,1.6087693465554784e-39,1.6157091239062118e-39,1.6226489012568705e-39,1.6295886786074123e-39,1.63652845595817e-39,1.643468233309432e-39,1.65040801066037e-39,1.6573477880109266e-39,1.6642875653616453e-39,1.6712273427125927e-39,1.678167120063197e-39,1.6851068974139665e-39,1.692046674764965e-39,1.6989864521158832e-39,1.7059262294664528e-39,1.7128660068177503e-39,1.7198057841684667e-39,1.7267455615190846e-39,1.733685338870149e-39,1.7406251162208884e-39,1.7475648935715356e-39,1.7545046709218246e-39,1.7614444482730703e-39,1.7683842256240767e-39,1.7753240029744502e-39,1.7822637803254747e-39,1.7892035576762413e-39,1.7961433350266367e-39,1.8030831123779632e-39,1.81002288972854e-39,1.8169626670792248e-39,1.8239024444301174e-39,1.8308422217801832e-39,1.8377819991316298e-39,1.844721776481858e-39,1.8516615538334356e-39,1.8586013311840492e-39,1.865541108535e-39,1.8724808858861753e-39,1.8794206632362768e-39,1.886360440587484e-39,1.893300217938221e-39,1.9002399952888407e-39,1.9071797726396194e-39,1.9141195499903613e-39,1.921059327340759e-39,1.927999104691317e-39,1.934938882042079e-39,1.94187865939351e-39,1.9488184367444664e-39,1.9557582140953006e-39,1.9626979914455726e-39,1.9696377687961983e-39,1.9765775461472655e-39,1.9835173234980827e-39,1.9904571008492735e-39,1.997396878199741e-39,2.0043366555510065e-39,2.0112764329018084e-39,2.0182162102527447e-39,2.025155987603159e-39,2.0320957649543802e-39,2.0390355423049315e-39,2.0459753196560228e-39,2.052915097006428e-39,2.0598548743571555e-39,2.066794651708088e-39,2.073734429059198e-39,2.080674206410032e-39,2.0876139837603174e-39,2.0945537611111738e-39,2.1014935384622416e-39,2.1084333158130526e-39,2.115373093163108e-39,2.1223128705143657e-39,2.129252647865234e-39,2.1361924252159962e-39,2.143132202566916e-39,2.1500719799177743e-39,2.1570117572687882e-39,2.1639515346195497e-39,2.1708913119706557e-39,2.177831089321299e-39,2.1847708666720467e-39,2.1917106440225227e-39,2.19865042137357e-39,2.205590198723327e-39,2.2125299760739603e-39,2.2194697534259032e-39,2.226409530776202e-39,2.233349308127132e-39,2.2402890854776443e-39,2.247228862828888e-39,2.2541686401789182e-39,2.261108417530432e-39,2.2680481948815964e-39,2.274987972232276e-39,2.28192774958285e-39,2.288867526933761e-39,2.295807304285052e-39,2.3027470816350937e-39,2.3096868589861918e-39,2.3166266363373245e-39,2.3235664136876074e-39,2.330506191038152e-39,2.33744596838906e-39,2.3443857457391615e-39,2.351325523090321e-39,2.358265300441124e-39,2.36520507779185e-39,2.3721448551432976e-39,2.3790846324935808e-39,2.3860244098448766e-39,2.392964187195424e-39,2.3999039645462315e-39,2.40684374189663e-39,2.413783519247708e-39,2.4207232965984085e-39,2.4276630739490208e-39,2.4346028512999624e-39,2.4415426286505e-39,2.4484824060020908e-39,2.455422183353347e-39,2.462361960704124e-39,2.469301738054422e-39,2.4762415154053744e-39,2.483181292756348e-39,2.4901210701072647e-39,2.497060847458119e-39,2.5040006248089262e-39,2.5109404021604195e-39,2.5178801795111705e-39,2.52481995686144e-39,2.5317597342127305e-39,2.538699511563676e-39,2.5456392889141823e-39,2.5525790662649672e-39,2.5595188436153446e-39,2.5664586209663736e-39,2.5733983983170558e-39,2.580338175667653e-39,2.5872779530185493e-39,2.5942177303683473e-39,2.601157507719779e-39,2.6080972850706065e-39,2.6150370624216815e-39,2.6219768397720188e-39,2.6289166171233098e-39,2.6358563944739205e-39,2.642796171824769e-39,2.6497359491759563e-39,2.6566757265267634e-39,2.663615503877834e-39,2.670555281228186e-39,2.677495058579118e-39,2.684434835929704e-39,2.6913746132809148e-39,2.698314390631087e-39,2.7052541679824987e-39,2.7121939453332928e-39,2.7191337226839668e-39,2.7260735000352773e-39,2.7330132773862636e-39,2.7399530547361376e-39,2.7468928320875623e-39,2.7538326094384206e-39,2.7607723867891658e-39,2.7677121641398613e-39,2.7746519414904916e-39,2.7815917188414237e-39,2.7885314961919844e-39,2.795471273542799e-39,2.802411050893262e-39,2.809350828243978e-39,2.8162906055949976e-39,2.8232303829460102e-39,2.830170160296309e-39,2.8371099376468157e-39,2.8440497149976557e-39,2.8509894923487872e-39,2.857929269699571e-39,2.864869047050288e-39,2.871808824401924e-39,2.8787486017526114e-39,2.8856883791028645e-39,2.8926281564533398e-39,2.8995679338041023e-39,2.906507711154878e-39,2.9134474885059197e-39,2.9203872658562838e-39,2.9273270432075265e-39,2.9342668205581574e-39,2.941206597908373e-39,2.9481463752601015e-39,2.955086152610012e-39,2.962025929960977e-39,2.968965707312011e-39,2.975905484662675e-39,2.982845262013242e-39,2.989785039363457e-39,2.996724816714851e-39,3.0036645940656795e-39,3.010604371416417e-39,3.017544148767416e-39,3.024483926118075e-39,3.031423703469616e-39,3.038363480820256e-39,3.0453032581713646e-39,3.0522430355218925e-39,3.0591828128723035e-39,3.0661225902232816e-39,3.073062367573951e-39,3.080002144924866e-39,3.0869419222754373e-39,3.093881699626273e-39,3.100821476977372e-39,3.107761254327538e-39,3.1147010316784864e-39,3.121640809029474e-39,3.1285805863801124e-39,3.135520363731598e-39,3.14246014108191e-39,3.149399918432655e-39,3.156339695783724e-39,3.163279473134769e-39,3.1702192504857746e-39,3.177159027836428e-39,3.184098805187604e-39,3.191038582538501e-39,3.197978359889018e-39,3.204918137240033e-39,3.211857914590479e-39,3.2187976919411504e-39,3.225737469291495e-39,3.232677246642914e-39,3.23961702399354e-39,3.24655680134432e-39,3.253496578695087e-39,3.260436356045815e-39,3.267376133396505e-39,3.274315910747141e-39,3.2812556880980034e-39,3.288195465449166e-39,3.2951352427997266e-39,3.302075020150462e-39,3.3090147975017545e-39,3.3159545748527776e-39,3.322894352202898e-39,3.3298341295537406e-39,3.3367739069043194e-39,3.343713684255105e-39,3.350653461605898e-39,3.357593238956936e-39,3.3645330163079465e-39,3.371472793658364e-39,3.37841257100923e-39,3.38535234835983e-39,3.3922921257103724e-39,3.399231903061132e-39,3.4061716804118855e-39,3.413111457763154e-39,3.42005123511387e-39,3.426991012464484e-39,3.4339307898150774e-39,3.4408705671658885e-39,3.4478103445172143e-39,3.4547501218677676e-39,3.461689899218729e-39,3.468629676569415e-39,3.475569453920313e-39,3.4825092312714685e-39,3.4894490086218084e-39,3.4963887859730926e-39,3.503328563323372e-39,3.5102683406740314e-39,3.5172081180252555e-39,3.524147895375681e-39,3.5310876727265135e-39,3.53802745007711e-39,3.544967227428428e-39,3.551907004779234e-39,3.558846782129439e-39,3.5657865594808655e-39,3.572726336832105e-39,3.579666114182786e-39,3.5866058915336203e-39,3.593545668884425e-39,3.600485446234433e-39,3.6074252235853585e-39,3.6143650009366015e-39,3.6213047782873244e-39,3.6282445556382086e-39,3.635184332989594e-39,3.642124110339949e-39,3.649063887690691e-39,3.6560036650421914e-39,3.662943442392474e-39,3.669883219743865e-39,3.676822997094314e-39,3.6837627744451334e-39,3.6907025517957075e-39,3.697642329146465e-39,3.704582106497212e-39,3.7115218838486835e-39,3.718461661199441e-39,3.72540143855033e-39,3.732341215901208e-39,3.739280993251783e-39,3.7462207706025514e-39,3.7531605479533116e-39,3.760100325304271e-39,3.767040102654973e-39,3.77397988000587e-39,3.7809196573564904e-39,3.7878594347073054e-39,3.794799212058109e-39,3.801738989408388e-39,3.808678766759806e-39,3.815618544110074e-39,3.822558321461187e-39,3.8294980988125944e-39,3.836437876163005e-39,3.84337765351401e-39,3.8503174308647985e-39,3.85725720821554e-39,3.864196985566229e-39,3.87113676291763e-39,3.878076540267844e-39,3.8850163176191055e-39,3.891956094969497e-39,3.898895872320476e-39,3.905835649670988e-39,3.9127754270219105e-39,3.919715204372842e-39,3.92665498172349e-39,3.9335947590745635e-39,3.940534536424917e-39,3.947474313776128e-39,3.954414091126698e-39,3.961353868477629e-39,3.9682936458287936e-39,3.975233423179243e-39,3.982173200529832e-39,3.989112977881098e-39,3.996052755231946e-39,4.002992532582475e-39,4.009932309932696e-39,4.016872087284283e-39,4.0238118646350215e-39,4.030751641986099e-39,4.037691419336737e-39,4.044631196687519e-39,4.051570974038737e-39,4.0585107513899856e-39,4.06545052874073e-39,4.0723903060909225e-39,4.079330083441958e-39,4.0862698607928174e-39,4.093209638143848e-39,4.100149415494864e-39,4.1070891928456276e-39,4.114028970196545e-39,4.1209687475470024e-39,4.127908524896918e-39,4.134848302248343e-39,4.1417880795992103e-39,4.148727856950218e-39,4.155667634300523e-39,4.162607411651845e-39,4.1695471890021315e-39,4.176486966352945e-39,4.1834267437033216e-39,4.190366521053876e-39,4.197306298405072e-39,4.204246075756068e-39,4.21118585310703e-39,4.218125630457277e-39,4.225065407807422e-39,4.232005185159081e-39,4.238944962509974e-39,4.2458847398603096e-39,4.252824517210802e-39,4.2597642945612694e-39,4.266704071911928e-39,4.273643849262802e-39,4.28058362661431e-39,4.2875234039645265e-39,4.294463181315267e-39,4.301402958666451e-39,4.308342736017421e-39,4.315282513367269e-39,4.322222290718053e-39,4.3291620680686926e-39,4.3361018454192805e-39,4.343041622770696e-39,4.349981400121506e-39,4.356921177472033e-39,4.363860954823138e-39,4.37080073217426e-39,4.3777405095249245e-39,4.384680286876169e-39,4.391620064226992e-39,4.398559841577774e-39,4.405499618928082e-39,4.412439396278943e-39,4.419379173629411e-39,4.426318950979811e-39,4.433258728331016e-39,4.4401985056822936e-39,4.447138283032687e-39,4.4540780603842256e-39,4.461017837734599e-39,4.467957615084815e-39,4.4748973924362607e-39,4.4818371697861046e-39,4.488776947137008e-39,4.4957167244871714e-39,4.5026565018388953e-39,4.509596279189499e-39,4.516536056540381e-39,4.5234758338908514e-39,4.5304156112416586e-39,4.5373553885924565e-39,4.5442951659436656e-39,4.5512349432948675e-39,4.558174720645208e-39,4.565114497995853e-39,4.572054275346094e-39,4.5789940526966715e-39,4.585933830047665e-39,4.592873607399086e-39,4.599813384749688e-39,4.606753162100599e-39,4.613692939450703e-39,4.6206327168023175e-39,4.627572494153257e-39,4.634512271504089e-39,4.641452048855291e-39,4.648391826206093e-39,4.655331603556831e-39,4.6622713809083426e-39,4.669211158259491e-39,4.676150935610174e-39,4.683090712959977e-39,4.690030490310875e-39,4.6969702676622535e-39,4.7039100450128434e-39,4.7108498223641294e-39,4.717789599714661e-39,4.7247293770654885e-39,4.731669154416313e-39,4.738608931767118e-39,4.7455487091178844e-39,4.75248848646903e-39,4.759428263819393e-39,4.7663680411708206e-39,4.773307818521541e-39,4.7802475958721556e-39,4.787187373223132e-39,4.794127150573729e-39,4.801066927924267e-39,4.8080067052755524e-39,4.814946482626094e-39,4.821886259976153e-39,4.828826037327303e-39,4.835765814678155e-39,4.8427055920293296e-39,4.849645369380128e-39,4.85658514673085e-39,4.863524924081145e-39,4.8704647014317685e-39,4.8774044787827805e-39,4.884344256133422e-39,4.8912840334847595e-39,4.898223810834615e-39,4.905163588186213e-39,4.912103365536419e-39,4.919043142887609e-39,4.925982920237717e-39,4.932922697589228e-39,4.939862474940084e-39,4.9468022522908556e-39,4.953742029641204e-39,4.960681806991868e-39,4.9676215843425305e-39,4.97456136169355e-39,4.981501139044594e-39,4.9884409163948474e-39,4.995380693745743e-39,5.0023204710966835e-39,5.0092602484468564e-39,5.0162000257984146e-39,5.023139803148953e-39,5.0300795804997554e-39,5.0370193578505495e-39,5.043959135201312e-39,5.0508989125524195e-39,5.057838689903912e-39,5.0647784672543026e-39,5.071718244604933e-39,5.078658021955558e-39,5.0855977993065184e-39,5.092537576657496e-39,5.099477354008447e-39,5.106417131359726e-39,5.1133569087102956e-39,5.120296686061126e-39,5.127236463411583e-39,5.134176240762728e-39,5.141116018113174e-39,5.148055795464629e-39,5.1549955728154294e-39,5.161935350166127e-39,5.168875127517164e-39,5.17581490486783e-39,5.1827546822184464e-39,5.1896944595690226e-39,5.1966342369206584e-39,5.2035740142712874e-39,5.210513791621789e-39,5.217453568972257e-39,5.2243933463227045e-39,5.231333123674188e-39,5.2382729010250495e-39,5.245212678375817e-39,5.2521524557268974e-39,5.259092233076937e-39,5.266032010427544e-39,5.2729717877788946e-39,5.2799115651292384e-39,5.286851342480513e-39,5.29379111983079e-39,5.3007308971816526e-39,5.307670674532554e-39,5.314610451882716e-39,5.321550229233492e-39,5.3284900065843134e-39,5.335429783934767e-39,5.342369561286552e-39,5.349309338637395e-39,5.3562491159874205e-39,5.3631888933383894e-39,5.3701286706894295e-39,5.3770684480404454e-39,5.384008225391437e-39,5.3909480027430907e-39,5.397887780093399e-39,5.4048275574442475e-39,5.411767334794781e-39,5.4187071121455974e-39,5.425646889496091e-39,5.432586666847196e-39,5.439526444198346e-39,5.446466221549132e-39,5.453405998899861e-39,5.460345776250209e-39,5.4672855536012035e-39,5.4742253309525686e-39,5.4811651083032484e-39,5.4881048856538454e-39,5.49504466300441e-39,5.501984440354942e-39,5.508924217705115e-39,5.515863995056581e-39,5.522803772407476e-39,5.529743549757964e-39,5.536683327108722e-39,5.543623104459147e-39,5.550562881810184e-39,5.557502659160915e-39,5.5644424365115936e-39,5.571382213862235e-39,5.578321991212844e-39,5.585261768563793e-39,5.592201545914752e-39,5.5991413232653316e-39,5.606081100616193e-39,5.613020877966396e-39,5.6199606553174893e-39,5.626900432668678e-39,5.6338402100191767e-39,5.640779987369583e-39,5.647719764720288e-39,5.654659542071003e-39,5.661599319422681e-39,5.668539096773456e-39,5.675478874123787e-39,5.682418651474706e-39,5.689358428825321e-39,5.696298206176538e-39,5.703237983527463e-39,5.710177760879009e-39,5.7171175382292745e-39,5.72405731557972e-39,5.730997092930807e-39,5.737936870281928e-39,5.744876647632379e-39,5.751816424983086e-39,5.7587562023341126e-39,5.7656959796851533e-39,5.772635757035833e-39,5.7795755343871036e-39,5.786515311737761e-39,5.793455089088352e-39,5.8003948664389175e-39,5.807334643790087e-39,5.8142744211412945e-39,5.821214198491185e-39,5.828153975841574e-39,5.835093753192982e-39,5.842033530543482e-39,5.848973307894519e-39,5.855913085244625e-39,5.862852862595559e-39,5.8697926399468595e-39,5.876732417297583e-39,5.883672194648206e-39,5.890611971998798e-39,5.897551749349666e-39,5.904491526700547e-39,5.911431304051406e-39,5.918371081402247e-39,5.925310858752433e-39,5.93225063610317e-39,5.939190413454236e-39,5.94613019080532e-39,5.953069968156358e-39,5.960009745507108e-39,5.966949522857473e-39,5.973889300208409e-39,5.980829077559384e-39,5.987768854910005e-39,5.994708632261204e-39,6.001648409611504e-39,6.008588186962632e-39,6.01552796431287e-39,6.022467741663934e-39,6.029407519015064e-39,6.036347296365537e-39,6.043287073716573e-39,6.05022685106764e-39,6.05716662841805e-39,6.064106405768712e-39,6.071046183119667e-39,6.077985960469688e-39,6.084925737820858e-39,6.091865515172117e-39,6.098805292523061e-39,6.105745069873954e-39,6.112684847224802e-39,6.119624624575634e-39,6.126564401926742e-39,6.133504179276948e-39,6.140443956628248e-39,6.14738373397844e-39,6.154323511329698e-39,6.161263288680133e-39,6.168203066030491e-39,6.175142843381408e-39,6.182082620731739e-39,6.1890223980823e-39,6.195962175433771e-39,6.202901952784407e-39,6.209841730135546e-39,6.21678150748642e-39,6.223721284837546e-39,6.230661062187776e-39,6.23760083953878e-39,6.244540616889845e-39,6.251480394240626e-39,6.25842017159133e-39,6.265359948941692e-39,6.272299726292623e-39,6.279239503642973e-39,6.286179280993852e-39,6.293119058345059e-39,6.300058835695687e-39,6.306998613046834e-39,6.313938390397695e-39,6.320878167748514e-39,6.327817945099311e-39,6.334757722449789e-39,6.341697499800223e-39,6.348637277151202e-39,6.355577054501652e-39,6.362516831852009e-39,6.369456609203818e-39,6.376396386554255e-39,6.383336163904562e-39,6.390275941255427e-39,6.397215718606603e-39,6.40415549595633e-39,6.411095273307359e-39,6.418035050657911e-39,6.424974828008988e-39,6.431914605359806e-39,6.438854382710853e-39,6.445794160061325e-39,6.452733937412302e-39,6.459673714762421e-39,6.466613492113331e-39,6.473553269464283e-39,6.480493046815243e-39,6.487432824166452e-39,6.494372601517382e-39,6.501312378867962e-39,6.508252156219086e-39,6.515191933569953e-39,6.522131710920475e-39,6.529071488271806e-39,6.536011265622054e-39,6.542951042973306e-39,6.549890820324084e-39,6.556830597674801e-39,6.563770375025764e-39,6.570710152376157e-39,6.57764992972734e-39,6.58458970707856e-39,6.591529484429219e-39,6.598469261780372e-39,6.605409039130686e-39,6.61234881648147e-39,6.619288593832285e-39,6.626228371183063e-39,6.633168148533844e-39,6.640107925884869e-39,6.647047703234774e-39,6.653987480585683e-39,6.660927257936675e-39,6.667867035287351e-39,6.674806812638006e-39,6.681746589988642e-39,6.688686367339536e-39,6.6956261446907e-39,6.702565922041877e-39,6.709505699392461e-39,6.716445476742988e-39,6.723385254094034e-39,6.730325031444836e-39,6.737264808795593e-39,6.744204586146334e-39,6.751144363497035e-39,6.758084140848298e-39,6.765023918199018e-39,6.771963695549393e-39,6.778903472900547e-39,6.785843250251195e-39,6.792783027602049e-39,6.79972280495291e-39,6.806662582303769e-39,6.813602359654338e-39,6.820542137005126e-39,6.82748191435646e-39,6.834421691706992e-39,6.841361469057451e-39,6.848301246408431e-39,6.855241023759154e-39,6.862180801110111e-39,6.869120578461075e-39,6.876060355811747e-39,6.883000133162652e-39,6.889939910513289e-39,6.896879687863865e-39,6.903819465214693e-39,6.910759242565237e-39,2.274895943680358e-19,2.5487210588461097e-19,2.6265035419353065e-19,2.6862764653507226e-19,2.745642271644248e-19,2.8063942080073343e-19,2.8687681749546905e-19,2.93284671079175e-19,2.998697652349428e-19,3.0663882001511384e-19,3.1359866680341373e-19,3.2075629728747506e-19,3.2811889620407316e-19,3.3569386955942623e-19,3.434888701949227e-19,3.515118215025947e-19,3.5977093984685386e-19,3.682747561585656e-19,3.770321370667087e-19,3.8605230590143394e-19,3.9534486380790873e-19,4.0491981121682603e-19,4.147875698535077e-19,4.2495900545497647e-19,4.354454513638571e-19,4.462587331202559e-19,4.574111942006278e-19,4.689157230279234e-19,4.807857813513184e-19,4.930354341872739e-19,5.056793813473783e-19,5.187329907868888e-19,5.322123338187966e-19,5.461342223959676e-19,5.605162485636121e-19,5.753768262691075e-19,5.907352356929931e-19,6.06611670192904e-19,6.230272862278781e-19,6.400042562732898e-19,6.575658250292717e-19,6.757363691828726e-19,6.945414609116043e-19,7.14007935392923e-19,7.341639627191309e-19,7.550391243017097e-19,7.766644943934565e-19,7.990727268347976e-19,8.222981475509829e-19,8.463768531880919e-19,8.71346816335653e-19,8.972479978315548e-19,9.241224667206941e-19,9.52014528375008e-19,9.809708614705642e-19,1.0110406644750691e-18,1.0422758123630766e-18,1.0747310244230533e-18,1.1084640439591377e-18,1.1435358308955405e-18,1.180010768273577e-18,1.2179568837998253e-18,1.257446087645559e-18,1.298554427852977e-18,1.3413623648063039e-18,1.3859550663408384e-18,1.4324227252653282e-18,1.480860901164474e-18,1.5313708886043731e-18,1.5840601139470235e-18,1.6390425634464927e-18,1.6964392450944615e-18,1.7563786875154125e-18,1.818997479010514e-18,1.8844408504729363e-18,1.9528633062178027e-18,2.0244293069393043e-18,2.0993140099952276e-18,2.177704071953859e-18,2.2597985196535528e-18,2.3458096961537757e-18,2.4359642888538934e-18,2.5305044476621634e-18,2.629689002358976e-18,2.7337947886444737e-18,2.843118094025845e-18,2.95797623563536e-18,3.0787092833827783e-18,3.2056819436396005e-18,3.3392856200904463e-18,3.479940670383476e-18,3.6280988799577485e-18,3.784246175692639e-18,3.948905606096339e-18,4.122640617381267e-18,4.306058658099467e-18,4.499815149603672e-18,4.7046178639749454e-18,4.921231756224025e-18,5.15048430415503e-18,5.393271415190096e-18,5.650563968279372e-18,5.923415067531243e-18,6.212968094289172e-18,6.520465657083088e-18,6.847259551123792e-18,7.194821856260822e-18,7.56475731910013e-18,7.958817186751827e-18,8.378914683439996e-18,8.82714234961041e-18,9.305791495403214e-18,9.817374059411183e-18,1.0364647206173948e-17,1.0950641049915449e-17,1.1578689951132928e-17,1.2252467904817028e-17,1.2976028622640732e-17,1.3753851010523535e-17,1.459089085980017e-17,1.5492639708689293e-17,1.6465191995359543e-17,1.7515321818878962e-17,1.865057085807561e-17,1.9879349278598648e-17,2.1211051790983157e-17,2.26561914281529e-17,2.4226554094715048e-17,2.593537752958556e-17,2.779755903634991e-17,2.982989720493199e-17,3.20513739082576e-17,3.448348415783235e-17,3.715062300084831e-17,4.0080540612813434e-17,4.330487918339306e-17,4.6859808229983165e-17,5.0786778764902534e-17,5.513342149641041e-17,5.995462021993844e-17,6.53137991283397e-17,7.128447236978225e-17,7.795211644774671e-17,8.54164417852424e-17,9.379416005769287e-17,1.0322237017816843e-16,1.1386272011228074e-16,1.2590654662037433e-16,1.395812543486056e-16,1.5515827442853292e-16,1.7296304806293873e-16,1.9338762230271203e-16,2.1690663757314168e-16,2.4409774937156725e-16,2.756678889052526e-16,3.1248727119781263e-16,3.5563376595007704e-16,4.0645124745199964e-16,4.666269724705535e-16,5.382951069903937e-16,6.241765544502347e-16,7.277697275547501e-16,8.536136416279956e-16,1.0076549528250269e-15,1.1977663811468351e-15,1.4344887642456448e-15,1.5248966658972597e-15,1.854810249315589e-15,2.267906995498982e-15,2.800566361054838e-15,3.4971180791633916e-15,4.4212690284741146e-15,5.6671635453009454e-15,7.377057695804557e-15,9.771209563245701e-15,1.3200083316896764e-14,1.8238747725382304e-14,2.5864368388989956e-14,3.780506609132726e-14,5.726122514602319e-14,9.048653712005927e-14,1.5049661557001117e-13,2.6648711640145563e-13,5.100996463417546e-13,1.077265336987398e-12,2.57882335299145e-12,7.239192824809436e-12,2.4682350450565252e-11,1.0361215573287766e-10,1.6423726502961385e-10,1.642372650680257e-10,8.439594997383629e-10,4.105290083686459e-09,1.7131532444987883e-08,5.9485018142817364e-08,1.7744069801136088e-07,4.645461415631648e-07,1.0456815405939731e-06,1.9625677346506294e-06,3.061601286014602e-06,4.0833566376931075e-06,4.8478509701395694e-06,5.314953029387306e-06,5.53131697009874e-06,5.567302685300803e-06,5.48481766982597e-06,5.329108631312835e-06,5.130626557828002e-06,4.909152012649719e-06,4.6773853037758585e-06,4.443471178458834e-06,4.212634412036103e-06,3.988208674918815e-06,3.772282036058103e-06,3.566106865284574e-06,3.3703653887977227e-06,3.1853458674645555e-06,3.0110624051522298e-06,2.8473383756974577e-06,2.6938657589767732e-06,2.5502480910888197e-06,2.4160319702426626e-06,2.2907303656155387e-06,2.1738399223693504e-06,2.064853784513476e-06,1.9632710211107975e-06,1.868603450403337e-06,1.7803804569907801e-06,1.6981522567382815e-06,1.6214919620952208e-06,1.549996724445996e-06,1.483288172274149e-06,1.4210123185519701e-06,1.3628390752794733e-06,1.3084614844261767e-06,1.257594751629259e-06,1.209975150333717e-06,1.1653588492140046e-06,1.1235207034089424e-06,1.0842530403574628e-06,1.04736446325583e-06,1.0126786887670822e-06,9.80033430755923e-07,9.492793378208037e-07,9.202789894123661e-07,8.929059530993813e-07,8.670439034096549e-07,8.42585801838706e-07,8.194331364036506e-07,7.974952182689449e-07,7.76688532952051e-07,7.56936142984444e-07,7.381671388987319e-07,7.203161353640491e-07,7.033228092682521e-07,6.871314766879172e-07,6.716907057366245e-07,6.569529624943213e-07,6.428742873300653e-07,6.294139990981247e-07,6.165344248825267e-07,6.042006531201806e-07,5.923803080666742e-07,5.810433437912754e-07,5.701618559490736e-07,5.597099098102699e-07,5.496633830776055e-07,5.399998222056884e-07,5.306983110079466e-07,5.217393504690859e-07,5.131047487604351e-07,5.047775205587656e-07,4.967417948326676e-07,4.889827303557672e-07,4.814864382562793e-07,4.7423991098111374e-07,4.672309571119315e-07,4.6044814152303983e-07,4.538807304058996e-07,4.475186407397783e-07,4.4135239382674017e-07,4.3537307252314437e-07,4.29572281890136e-07,4.2394211290591874e-07,4.184751090179621e-07,4.1316423534019367e-07,4.08002850156033e-07,4.029846786450397e-07,3.981037885811561e-07,3.9335456787115937e-07,3.887317037650305e-07,3.842301636125376e-07,3.7984517703016875e-07,3.7557221936908854e-07,3.714069963824957e-07,3.673454299888979e-07,3.6338364504940256e-07,3.5951795707987625e-07,3.5574486081549636e-07,3.520610195834108e-07,3.484632553906891e-07,3.449485396945192e-07,3.4151398479615617e-07,3.3815683581463787e-07,3.348744631858569e-07,3.3166435566313634e-07,3.2852411376971474e-07,3.2545144368215056e-07,3.224441514836543e-07,3.1950013782359644e-07,3.166173928766139e-07,3.137939916229621e-07,3.110280894419572e-07,3.083179179514303e-07,3.056617811125675e-07,3.0305805156685185e-07,3.0050516719104534e-07,2.980016278577613e-07,2.955459923845328e-07,2.931368756615352e-07,2.9077294594449255e-07,2.8845292230141263e-07,2.8617557220658616e-07,2.8393970926692575e-07,2.817441910757291e-07,2.795879171864791e-07,2.7746982719492353e-07,2.7538889892690763e-07,2.7334414672387763e-07,2.7133461981837476e-07,2.6935940079800903e-07,2.674176041468857e-07,2.6550837486391625e-07,2.63630887152683e-07,2.6178434318109806e-07,2.599679718989038e-07,2.5818102791649136e-07,2.564227904421006e-07,2.5469256226827316e-07,2.529896688078734e-07,2.5131345718746463e-07,2.496632953620815e-07,2.4803857129491204e-07,2.46438692164803e-07,2.448630836131593e-07,2.4331118902657296e-07,2.4178246885557167e-07,2.402763999539521e-07,2.38792474963755e-07,2.3733020171650015e-07,2.358891026667833e-07,2.3446871435096593e-07,2.3306858686298365e-07,2.3168828336355805e-07,2.303273796087079e-07,2.28985463491614e-07,2.2766213460818702e-07,2.2635700384952622e-07,2.2506969299307957e-07,2.2379983432935877e-07,2.2254707029460066e-07,2.2131105312206448e-07,2.2009144450346998e-07,2.1888791527246554e-07,2.1770014509190087e-07,2.165278221575911e-07,2.1537064292187776e-07,2.1422831180907075e-07,2.1310054096027863e-07,2.1198704997951086e-07,2.108875656974893e-07,2.098018219274631e-07,2.0872955925151072e-07,2.0767052480671434e-07,2.066244720669193e-07,2.0559116065568829e-07,2.045703561492029e-07,2.035618298931142e-07,2.0256535882450067e-07,2.0158072530143456e-07,2.006077169375104e-07,1.9964612644263143e-07,1.986957514763416e-07,1.9775639448921257e-07,1.9682786258939223e-07,1.959099674016234e-07,1.9500252493744226e-07,1.9410535546358017e-07,1.9321828338266886e-07,1.9234113711391323e-07,1.9147374897407132e-07,1.9061595507342125e-07,1.8976759520273532e-07,1.8892851273267271e-07,1.8809855451276645e-07,1.8727757077525907e-07,1.864654150416681e-07,1.8566194403193073e-07,1.8486701757765799e-07,1.8408049853743576e-07,1.8330225271505613e-07,1.8253214878008663e-07,1.8177005819163656e-07,1.8101585512440695e-07,1.8026941639613498e-07,1.7953062140065712e-07,1.7879935203658194e-07,1.7807549264437698e-07,1.7735892994394328e-07,1.7664955297252977e-07,1.7594725302610984e-07,1.7525192359975404e-07,1.7456346033342451e-07,1.738817609593225e-07,1.7320672524710315e-07,1.7253825495487094e-07,1.718762537754063e-07,1.7122062730076466e-07,1.7057128296106885e-07,1.69928129981246e-07,1.6929107934825648e-07,1.686600437602729e-07,1.680349375861111e-07,1.6741567682644654e-07,1.6680217907455362e-07,1.661943634794617e-07,1.6559215070722884e-07,1.64995462906855e-07,1.6440422367547975e-07,1.6381835802398932e-07,1.632377923447888e-07,1.626624543796306e-07,1.620922731902995e-07,1.6152717912526712e-07,1.6096710379275128e-07,1.604119800326995e-07,1.5986174188706573e-07,1.5931632457340436e-07,1.5877566446164743e-07,1.5823969904349171e-07,1.5770836691139615e-07,1.5718160773185647e-07,1.5665936222445684e-07,1.561415721367532e-07,1.5562818022295558e-07,1.5511913022234977e-07,1.5461436683649023e-07,1.5411383570942216e-07,1.5361748341219617e-07,1.5312525741449607e-07,1.5263710607187912e-07,1.5215297860325366e-07,1.516728250770256e-07,1.5119659639056193e-07,1.507242442537784e-07,1.502557211714772e-07,1.4979098042818466e-07,1.4932997607102085e-07,1.4887266289502017e-07,1.484189964269165e-07,1.479689329119572e-07,1.4752242929755432e-07,1.4707944322012555e-07,1.4663993299046338e-07,1.462038575827134e-07,1.4577117661836522e-07,1.4534185035325077e-07,1.4491583966917395e-07,1.444931060567224e-07,1.440736116055744e-07,1.4365731899326743e-07,1.4324419147254884e-07,1.4283419286250284e-07,1.4242728753413733e-07,1.4202344040271825e-07,1.4162261691627432e-07,1.4122478304585162e-07,1.40829905275787e-07,1.4043795059217506e-07,1.4004888647538276e-07,1.39662680891941e-07,1.3927930228185217e-07,1.3889871955276551e-07,1.3852090206972483e-07,1.3814581964794654e-07,1.3777344254376904e-07,1.3740374144598131e-07,1.3703668747016225e-07,1.366722521486336e-07,1.3631040742370264e-07,1.3595112564078318e-07,1.3559437953950227e-07,1.3524014225006668e-07,1.3488838728211333e-07,1.3453908852047418e-07,1.3419222021822702e-07,1.338477569898618e-07,1.3350567380504408e-07,1.3316594598233918e-07,1.328285491821543e-07,1.3249345940491724e-07,1.3216065297821879e-07,1.3183010655810302e-07,1.3150179711832435e-07,1.3117570194765473e-07,1.3085179864420474e-07,1.3053006510759673e-07,1.3021047953876874e-07,1.2989302043067925e-07,1.2957766656470575e-07,1.2926439700602574e-07,1.2895319109867778e-07,1.2864402846150534e-07,1.2833688898215777e-07,1.2803175281381802e-07,1.2772860037098288e-07,1.2742741232365082e-07,1.2712816959443978e-07,1.2683085335553377e-07,1.2653544502193e-07,1.2624192625027028e-07,1.259502789301595e-07,1.2566048518683608e-07,1.253725273731819e-07,1.2508638806765558e-07,1.2480205006964522e-07,1.2451949639701914e-07,1.2423871028198252e-07,1.2395967516758213e-07,1.236823747049575e-07,1.2340679275010874e-07,1.2313291335948756e-07,1.228607207893527e-07,1.2259019948803703e-07,1.2232133409807254e-07,1.2205410945228639e-07,1.2178851056642975e-07,1.215245226432837e-07,1.212621310633767e-07,1.2100132138490494e-07,1.2074207934369509e-07,1.2048439084565508e-07,1.202282419670601e-07,1.1997361895089182e-07,1.197205082052228e-07,1.1946889630190696e-07,1.1921876997057346e-07,1.1897011609851218e-07,1.1872292172905967e-07,1.1847717405748746e-07,1.182328604300608e-07,1.1798996834107648e-07,1.1774848543115625e-07,1.1750839948422343e-07,1.172696984280202e-07,1.1703237032838671e-07,1.1679640338913292e-07,1.1656178595002338e-07,1.1632850648554666e-07,1.1609655360095278e-07,1.1586591603163581e-07,1.1563658264158129e-07,1.1540854242116137e-07,1.1518178448516653e-07,1.1495629807117706e-07,1.1473207253868296e-07,1.145090973639945e-07,1.142873621437501e-07,1.140668565895222e-07,1.1384757052661631e-07,1.1362949389539111e-07,1.1341261674535721e-07,1.1319692923610809e-07,1.1298242163575617e-07,1.1276908431779152e-07,1.1255690776455514e-07,1.123458825586996e-07,1.1213599938620727e-07,1.1192724903437453e-07,1.117196223880414e-07,1.1151311043430261e-07,1.1130770425545592e-07,1.1110339502784475e-07,1.1090017402334418e-07,1.106980326061622e-07,1.1049696223314694e-07,1.1029695445297812e-07,1.1009800090234195e-07,1.0990009330535896e-07,1.097032234743004e-07,1.0950738330650242e-07,1.0931256478478921e-07,1.0911875997565414e-07,1.089259610288236e-07,1.0873416017403078e-07,1.085433497220189e-07,1.083535220633457e-07,1.0816466966556334e-07,1.0797678507573446e-07,1.0778986091589377e-07,1.0760388988327705e-07,1.074188647506918e-07,1.0723477836310689e-07,1.070516236388714e-07,1.0686939356819956e-07,1.0668808121020529e-07,1.065076796955458e-07,1.0632818222344537e-07,1.0614958206112186e-07,1.0597187254268679e-07,1.0579504706902682e-07,1.0561909910634502e-07,1.054440221856264e-07,1.0526980990173965e-07,1.0509645591272399e-07,1.049239539388827e-07,1.0475229776183213e-07,1.0458148122500374e-07,1.0441149823086107e-07,1.0424234274158305e-07,1.0407400877803863e-07,1.0390649041873096e-07,1.0373978179883245e-07,1.0357387711226544e-07,1.0340877060586015e-07,1.0324445658422562e-07,1.0308092940464674e-07,1.0291818347892816e-07,1.0275621327161008e-07,1.0259501330014985e-07,1.0243457813379634e-07,1.0227490239385518e-07,1.0211598075154285e-07,1.0195780792786384e-07,1.018003786946149e-07,1.0164368787126951e-07,1.0148773032542686e-07,1.0133250097347216e-07,1.011779947806994e-07,1.0102420675560942e-07,1.0087113195442971e-07,1.0071876547902508e-07,1.0056710247648571e-07,1.0041613813766042e-07,1.0026586769888053e-07,1.0011628643862706e-07,9.996738967919e-08,9.981917278511573e-08,9.96716311631574e-08,9.952476026071022e-08,9.937855556885787e-08,9.923301261637332e-08,9.908812697453268e-08,9.894389425239228e-08,9.880031009978054e-08,9.865737020505864e-08,9.851507029447108e-08,9.837340613158656e-08,9.823237352034457e-08,9.809196829928828e-08,9.79521863441755e-08,9.781302356737947e-08,9.76744759169471e-08,9.753653937703865e-08,9.73992099664954e-08,9.726248373898236e-08,9.712635678233092e-08,9.699082521817675e-08,9.685588520303534e-08,9.672153292604727e-08,9.658776460848632e-08,9.645457650434855e-08,9.632196490099871e-08,9.618992611656281e-08,9.605845650097339e-08,9.592755243484377e-08,9.579721033106812e-08,9.566742663194333e-08,9.553819780967566e-08,9.540952036655535e-08,9.528139083535084e-08,9.515380577646593e-08,9.502676178127032e-08,9.490025546665742e-08,9.477428348082191e-08,9.464884249893451e-08,9.452392922387773e-08,9.43995403844714e-08,9.427567274060899e-08,9.415232307548853e-08,9.40294881997193e-08,9.39071649502196e-08,9.378535019099684e-08,9.3664040811039e-08,9.354323372400912e-08,9.342292587006868e-08,9.330311421381419e-08,9.31837957449489e-08,9.306496747723449e-08,9.294662644861775e-08,9.282876972124274e-08,9.271139438116838e-08,9.259449753751645e-08,9.247807632320208e-08,9.236212789347886e-08,9.224664942702243e-08,9.21316381246922e-08,9.201709120898808e-08,9.190300592658413e-08,9.178937954417331e-08,9.16762093517503e-08,9.156349265823761e-08,9.145122679566033e-08,9.133940911735202e-08,9.122803699632579e-08,9.111710782693153e-08,9.100661902377135e-08,9.089656802151262e-08,9.078695227518236e-08,9.067776925886859e-08,9.056901646742719e-08,9.046069141437438e-08,9.035279163261382e-08,9.024531467418404e-08,9.013825810994378e-08,9.00316195294425e-08,8.99253965407831e-08,8.981958677064675e-08,8.971418786309315e-08,8.960919748152937e-08,8.950461330520227e-08,8.940043303280923e-08,8.929665437977586e-08,8.919327507888311e-08,8.909029287984115e-08,8.898770555001865e-08,8.888551087309246e-08,8.878370664913278e-08,8.868229069551775e-08,8.858126084535444e-08,8.848061494802467e-08,8.838035086905672e-08,8.828046648931327e-08,8.818095970703841e-08,8.80818284344698e-08,8.79830705992196e-08,8.788468414587502e-08,8.778666703274046e-08,8.768901723284142e-08,8.759173273559159e-08,8.749481154399691e-08,8.739825167576038e-08,8.730205116425607e-08,8.720620805491798e-08,8.711072040941461e-08,8.701558630281653e-08,8.692080382494457e-08,8.682637107715238e-08,8.673228617699022e-08,8.663854725396103e-08,8.654515245237479e-08,8.645209992914129e-08,8.635938785427642e-08,8.626701441112475e-08,8.617497779585785e-08,8.608327621744817e-08,8.599190789825786e-08,8.590087107247585e-08,8.581016398786726e-08,8.571978490263787e-08,8.562973208915141e-08,8.554000383143544e-08,8.545059842534422e-08,8.53615141790539e-08,8.527274941184163e-08,8.518430245642362e-08,8.509617165581863e-08,8.500835536435974e-08,8.492085194882172e-08,8.48336597867188e-08,8.474677726701222e-08,8.466020278993918e-08,8.457393476660799e-08,8.448797161922366e-08,8.445548554135751e-08,8.445548554135728e-08,8.445548554135707e-08,8.445548554135686e-08,8.445548554135662e-08,8.445548554135641e-08,8.445548554135618e-08,8.445548554135597e-08,8.445548554135576e-08,8.445548554135555e-08,8.445548554135532e-08,8.445548554135512e-08,8.445548554135489e-08,8.445548554135467e-08,8.445548554135446e-08,8.445548554135425e-08,8.445548554135403e-08,8.445548554135381e-08,8.445548554135359e-08,8.445548554135338e-08,8.445548554135317e-08,8.445548554135294e-08,8.445548554135273e-08,8.445548554135249e-08,8.445548554135228e-08,8.445548554135207e-08,8.445548554135186e-08,8.445548554135163e-08,8.445548554135142e-08,8.44554855413512e-08,8.4455485541351e-08,8.445548554135077e-08,8.445548554135056e-08,8.445548554135032e-08,8.445548554135012e-08,8.445548554134991e-08,8.44554855413497e-08,8.445548554134949e-08,8.445548554134926e-08,8.445548554134905e-08,8.445548554134882e-08,8.445548554134863e-08,8.44554855413484e-08,8.445548554134819e-08,8.445548554134795e-08,8.445548554134774e-08,8.445548554134751e-08,8.445548554134732e-08,8.445548554134709e-08,8.445548554134688e-08,8.445548554134665e-08,8.445548554134644e-08,8.445548554134623e-08,8.445548554134602e-08,8.445548554134578e-08,8.445548554134557e-08,8.445548554134534e-08,8.445548554134515e-08,8.445548554134493e-08,8.445548554134471e-08,8.44554855413445e-08,8.445548554134427e-08,8.445548554134406e-08,8.445548554134385e-08,8.445548554134361e-08,8.44554855413434e-08,8.445548554134319e-08,8.445548554134296e-08,8.445548554134275e-08,8.445548554134254e-08,8.445548554134233e-08,8.44554855413421e-08,8.445548554134186e-08,8.445548554134165e-08,8.445548554134144e-08,8.445548554134123e-08,8.4455485541341e-08,8.445548554134079e-08,8.445548554134057e-08,8.445548554134038e-08,8.445548554134016e-08,8.445548554133994e-08,8.445548554133972e-08,8.445548554133951e-08,8.44554855413393e-08,8.445548554133908e-08,8.445548554133885e-08,8.445548554133862e-08,8.445548554133841e-08,8.445548554133818e-08,8.445548554133799e-08,8.445548554133776e-08,8.445548554133754e-08,8.445548554133731e-08,8.44554855413371e-08,8.445548554133689e-08,8.445548554133668e-08,8.445548554133645e-08,8.445548554133624e-08,8.445548554133601e-08,8.44554855413358e-08,8.445548554133559e-08,8.445548554133537e-08,8.445548554133515e-08,8.445548554133494e-08,8.445548554133472e-08,8.44554855413345e-08,8.445548554133429e-08,8.445548554133407e-08,8.445548554133384e-08,8.445548554133362e-08,8.44554855413334e-08,8.44554855413332e-08,8.445548554133298e-08,8.445548554133276e-08,8.445548554133255e-08,8.445548554133232e-08,8.445548554133212e-08,8.445548554133191e-08,8.445548554133169e-08,8.445548554133147e-08,8.445548554133126e-08,8.445548554133105e-08,8.445548554133081e-08,8.44554855413306e-08,8.445548554133038e-08,8.445548554133016e-08,8.445548554132994e-08,8.445548554132974e-08,8.445548554132952e-08,8.44554855413293e-08,8.445548554132908e-08,8.445548554132887e-08,8.445548554132866e-08,8.445548554132843e-08,8.445548554132822e-08,8.445548554132799e-08,8.445548554132778e-08,8.445548554132757e-08,8.445548554132736e-08,8.445548554132715e-08,8.445548554132693e-08,8.445548554132671e-08,8.44554855413265e-08,8.445548554132629e-08,8.445548554132606e-08,8.445548554132584e-08,8.445548554132562e-08,8.44554855413254e-08,8.445548554132519e-08,8.445548554132498e-08,8.445548554132476e-08,8.445548554132454e-08,8.445548554132433e-08,8.44554855413241e-08,8.445548554132389e-08,8.445548554132368e-08,8.445548554132345e-08,8.445548554132324e-08,8.445548554132302e-08,8.445548554132282e-08,8.44554855413226e-08,8.445548554132238e-08,8.445548554132214e-08,8.445548554132193e-08,8.445548554132171e-08,8.445548554132151e-08,8.445548554132128e-08,8.445548554132107e-08,8.445548554132085e-08,8.445548554132062e-08,8.445548554132042e-08,8.445548554132018e-08,8.445548554131997e-08,8.445548554131975e-08,8.445548554131954e-08,8.445548554131932e-08,8.445548554131911e-08,8.44554855413189e-08,8.445548554131869e-08,8.445548554131846e-08,8.445548554131825e-08,8.445548554131804e-08,8.445548554131783e-08,8.445548554131759e-08,8.445548554131737e-08,8.445548554131715e-08,8.445548554131694e-08,8.445548554131673e-08,8.44554855413165e-08,8.44554855413163e-08,8.445548554131607e-08,8.445548554131584e-08,8.445548554131563e-08,8.445548554131542e-08,8.44554855413152e-08,8.445548554131498e-08,8.445548554131476e-08,8.445548554131456e-08,8.445548554131433e-08,8.445548554131411e-08,8.44554855413139e-08,8.445548554131367e-08,8.445548554131346e-08,8.445548554131325e-08,8.445548554131304e-08,8.445548554131281e-08,8.44554855413126e-08,8.445548554131238e-08,8.445548554131218e-08,8.445548554131194e-08,8.445548554131173e-08,8.44554855413115e-08,8.445548554131129e-08,8.445548554131107e-08,8.445548554131087e-08,7.841359408428687e-08,7.633589351914374e-08,7.611512047640406e-08,7.666196324909514e-08,7.748921447791514e-08,7.838430386056762e-08,7.925747878868876e-08,8.00735452964105e-08,8.082130971185991e-08,8.149992588578776e-08,8.211281095068362e-08,8.266494741979531e-08,8.316170001743233e-08,8.360830981587052e-08,8.400969086105404e-08,8.437036138469201e-08,8.469443428167484e-08,8.49856329925884e-08,8.52473175329876e-08,8.548251378136553e-08,8.569394292415318e-08,8.58840496821179e-08,8.605502873934263e-08,8.620884916932559e-08,8.634727683041541e-08,8.647189479086498e-08,8.658412188401879e-08,8.668522951506125e-08,8.677635684728817e-08,8.685852449721427e-08,8.693264686457381e-08,8.699954321778756e-08,8.705994764869202e-08,8.711451800341486e-08,8.716384388755701e-08,8.720845383698987e-08,8.724882173747396e-08,8.728537256915433e-08,8.731848754511829e-08,8.734850870637522e-08,8.737574303030407e-08,8.740046610325284e-08,8.74229254034164e-08,8.744334323521959e-08,8.746191935228163e-08,8.74788333021344e-08,8.749424652240164e-08,8.75083042151848e-08,8.7521137023099e-08,8.753286252853965e-08,8.754358659496374e-08,8.755340456719804e-08,8.75624023456439e-08,8.757065734802078e-08,8.757823937108398e-08,8.75852113620517e-08,8.75916301101778e-08,8.75975468666319e-08,8.76030079002687e-08,8.760805499619489e-08,8.761272590311251e-08,8.761705473476164e-08,8.762107233053523e-08,8.762480657914885e-08,8.762828270962598e-08,8.76315235527443e-08,8.763454977614579e-08,8.763738009573356e-08,8.764003146592899e-08,8.764251925085167e-08,8.764485737845771e-08,8.764705847933993e-08,8.764913401179375e-08,8.765109437441817e-08,8.765294900782412e-08,8.765470648614006e-08,8.765637459965521e-08,8.765796042936107e-08,8.765947041423372e-08,8.766091041194439e-08,8.766228575374968e-08,8.76636012940367e-08,8.766486145503214e-08,8.766607026731051e-08,8.766723140635502e-08,8.766834822565697e-08,8.766942378654724e-08,8.767046088537244e-08,8.767146207791749e-08,8.76724297015959e-08,8.767336589550795e-08,8.767427261861944e-08,8.767515166622267e-08,8.767600468487774e-08,8.76768331858812e-08,8.767763855753938e-08,8.767842207627439e-08,8.767918491669889e-08,8.767992816072673e-08,8.768065280587471e-08,8.768135977277821e-08,8.768204991199877e-08,8.768272401022965e-08,8.768338279590969e-08,8.768402694432072e-08,8.768465708222801e-08,8.768527379210747e-08,8.768587761593233e-08,8.768646905868631e-08,8.768704859150463e-08,8.768761665455058e-08,8.768817365963398e-08,8.768871999257518e-08,8.768925601538146e-08,8.768978206821646e-08,8.769029847115025e-08,8.769080552582068e-08,8.769130351696319e-08,8.76917927136616e-08,8.769227337067502e-08,8.769274572950394e-08,8.769321001943735e-08,8.769366645846787e-08,8.76941152541599e-08,8.769455660441268e-08,8.769499069821442e-08,8.769541771620509e-08,8.769583783136753e-08,8.769625120948614e-08,8.76966580096607e-08,8.769705838481458e-08,8.769745248203672e-08,8.769784044299121e-08,8.769822240429174e-08,8.769859849776269e-08,8.769896885077661e-08,8.769933358651052e-08,8.769969282419209e-08,8.770004667931598e-08,8.770039526386212e-08,8.770073868649404e-08,8.770107705270665e-08,8.770141046504787e-08,8.770173902319843e-08,8.770206282416876e-08,8.770238196238825e-08,8.770269652984618e-08,8.77030066162014e-08,8.770331230886042e-08,8.770361369312217e-08,8.770391085220187e-08,8.770420386736244e-08,8.770449281798504e-08,8.770477778162855e-08,8.770505883408307e-08,8.770533604947484e-08,8.770560950028365e-08,8.770587925742012e-08,8.770614539027324e-08,8.770640796675704e-08,8.770666705335737e-08,8.770692271517277e-08,8.770717501596377e-08,8.770742401818348e-08,8.770766978301978e-08,8.770791237042554e-08,8.770815183915489e-08,8.770838824679716e-08,8.77086216498067e-08,8.770885210351963e-08,8.77090796622053e-08,8.770930437906545e-08,8.770952630629358e-08,8.770974549505343e-08,8.770996199554889e-08,8.771017585702178e-08,8.771038712774706e-08,8.771059585513225e-08,8.771080208565807e-08,8.771100586493544e-08,8.771120723772628e-08,8.77114062479441e-08,8.771160293868491e-08,8.771179735223292e-08,8.771198953010362e-08,8.771217951301806e-08,8.771236734095745e-08,8.771255305314621e-08,8.771273668810637e-08,8.771291828363038e-08,8.771309787680979e-08,8.771327550407732e-08,8.771345120118482e-08,8.771362500319337e-08,8.771379694454827e-08,8.771396705909084e-08,8.771413538000298e-08,8.771430193987152e-08,8.771446677067306e-08,8.771462990379401e-08,8.771479137007752e-08,8.771495119979368e-08,8.771510942264533e-08,8.771526606780803e-08,8.77154211639183e-08,8.771557473908979e-08,8.771572682092723e-08,8.7715877436525e-08,8.77160266124871e-08,8.771617437492946e-08,8.771632074950447e-08,8.771646576138488e-08,8.771660943529983e-08,8.771675179550359e-08,8.771689286581178e-08,8.771703266965389e-08,8.771717122998746e-08,8.771730856936547e-08,8.771744470991532e-08,8.771757967338317e-08,8.77177134811294e-08,8.771784615409527e-08,8.771797771285266e-08,8.771810817761329e-08,8.771823756820915e-08,8.771836590410823e-08,8.771849320443155e-08,8.771861948796475e-08,8.771874477313257e-08,8.771886907803464e-08,8.771899242043713e-08,8.771911481778998e-08,8.771923628722158e-08,8.771935684555206e-08,8.771947650929444e-08,8.771959529466338e-08,8.771971321757494e-08,8.77198302936557e-08,8.771994653826879e-08,8.772006196648264e-08,8.77201765930976e-08,8.772029043255563e-08,8.772040349924199e-08,8.772051580709173e-08,8.772062736987943e-08,8.772073820109675e-08,8.772084831399918e-08,8.772095772160399e-08,8.772106643669911e-08,8.772117447181567e-08,8.772128183926638e-08,8.772138855116055e-08,8.772149461936952e-08,8.77216000555573e-08,8.772170487116957e-08,8.772180907745415e-08,8.772191268544474e-08,8.772201570597571e-08,8.772211814968868e-08,8.772222002703467e-08,8.772232134826752e-08,8.772242212346485e-08,8.772252236251228e-08,8.772262207512247e-08,8.772272127082182e-08,8.772281995890792e-08,8.772291814870658e-08,8.772301584917439e-08,8.772311306924015e-08,8.772320981741767e-08,8.772330610246872e-08,8.772340193262549e-08,8.77234973161692e-08,8.772359226118965e-08,8.772368677562599e-08,8.772378086726176e-08,8.772387454378978e-08,8.772396781267917e-08,8.772406068133477e-08,8.772415315698423e-08,8.772424524674373e-08,8.772433695759953e-08,8.772442829640883e-08,8.772451926990197e-08,8.772460988470987e-08,8.772470014728657e-08,8.772479006402535e-08,8.772487964117079e-08,8.772496888483508e-08,8.772505780114423e-08,8.772514639596264e-08,8.772523467511818e-08,8.772532264431299e-08,8.772541030915125e-08,8.772549767505434e-08,8.77255847476249e-08,8.772567153202687e-08,8.772575803351324e-08,8.772584425719855e-08,8.77259302080786e-08,8.772601589110886e-08,8.772610131105282e-08,8.772618647281034e-08,8.772627138102567e-08,8.772635604018344e-08,8.772644045481156e-08,8.772652462937515e-08,8.77266085681443e-08,8.77266922754742e-08,8.772677575547939e-08,8.77268590122966e-08,8.772694204994517e-08,8.772702487238293e-08,8.772710748350253e-08,8.772718988716935e-08,8.772727208702342e-08,8.772735408680251e-08,8.772743589010418e-08,8.77275175004953e-08,8.772759892145475e-08,8.772768015640071e-08,8.772776120868663e-08,8.772784208162039e-08,8.7727922778418e-08,8.77280033023533e-08,8.772808365645726e-08,8.772816384382833e-08,8.772824386728332e-08,8.77283237300073e-08,8.772840343482535e-08,8.77284829846003e-08,8.772856238213258e-08,8.772864163012405e-08,8.772872073129763e-08,8.77287996883194e-08,8.772887850374492e-08,8.772895718017019e-08,8.772903572010388e-08,8.772911412596237e-08,8.772919240020688e-08,8.772927054517082e-08,8.772934856319882e-08,8.772942645658528e-08,8.772950422754629e-08,8.772958187831097e-08,8.7729659411024e-08,8.772973682785479e-08,8.772981413086919e-08,8.772989132206222e-08,8.77299684034883e-08,8.773004537711087e-08,8.77301222448658e-08,8.773019900864303e-08,8.77302756703723e-08,8.773035223184983e-08,8.773042869486915e-08,8.77305050612051e-08,8.77305813326064e-08,8.773065751073189e-08,8.773073359732543e-08,8.773080959398446e-08,8.773088550255033e-08,8.773096132419332e-08,8.77310370606846e-08,8.773111271356049e-08,8.773118828428435e-08,8.773126377436207e-08,8.773133918520839e-08,8.773141451826456e-08,8.773148977491294e-08,8.773156495653058e-08,8.773164006449588e-08,8.773171510006362e-08,8.773179006456506e-08,8.773186495925973e-08,8.773193978539719e-08,8.773201454420813e-08,8.773208923691088e-08,8.773216386443825e-08,8.77322384284159e-08,8.773231292966436e-08,8.773238736950337e-08,8.773246174892784e-08,8.773253606901084e-08,8.773261033081335e-08,8.773268453538037e-08,8.773275868373069e-08,8.773283277686888e-08,8.773290681572923e-08,8.773298080137967e-08,8.773305473470663e-08,8.773312861663745e-08,8.773320244793155e-08,8.773327622987904e-08,8.773334996309916e-08,8.773342364850369e-08,8.773349728695889e-08,8.77335708792793e-08,8.773364442626823e-08,8.773371792875434e-08,8.773379138749992e-08,8.773386480322988e-08,8.773393817680437e-08,8.773401150902724e-08,8.773408480054546e-08,8.773415805207233e-08,8.773423126423282e-08,8.773430443792136e-08,8.773437757374286e-08,8.773445067234876e-08,8.773452373439371e-08,8.773459676052412e-08,8.77346697515018e-08,8.77347427076904e-08,8.773481562984102e-08,8.773488851858784e-08,8.773496137443671e-08,8.773503419819037e-08,8.773510699006689e-08,8.773517975078413e-08,8.773525248098803e-08,8.773532518102038e-08,8.773539785153222e-08,8.773547049303778e-08,8.773554310603424e-08,8.773561569100025e-08,8.773568824850462e-08,8.773576077895424e-08,8.77358332828424e-08,8.773590576061507e-08,8.773597821273703e-08,8.773605063942015e-08,8.773612304163503e-08,8.773619541957641e-08,8.773626777358132e-08,8.773634010410386e-08,8.773641241156312e-08,8.773648469650891e-08,8.7736556959027e-08,8.773662919966246e-08,8.773670141882881e-08,8.773677361685055e-08,8.773684579407991e-08,8.773691795090271e-08,8.773699008767314e-08,8.773706220473034e-08,8.77371343024289e-08,8.773720638109434e-08,8.773727844117402e-08,8.773735048275326e-08,8.773742250627042e-08,8.773749451204116e-08,8.773756650035355e-08,8.773763847151756e-08,8.773771042582864e-08,8.77377823635656e-08,8.773785428502563e-08,8.773792619047882e-08,8.773799808019815e-08,8.773806995445783e-08,8.773814181354012e-08,8.773821365765894e-08,8.773828548708998e-08,8.773835730206516e-08,8.773842910286979e-08,8.773850088972872e-08,8.77385726629638e-08,8.773864442261868e-08,8.773871616901197e-08,8.773878790231725e-08,8.773885962286571e-08,8.773893133081599e-08,8.773900302638202e-08,8.773907470977161e-08,8.773914638116413e-08,8.773921804079929e-08,8.773928968892961e-08,8.773936132555014e-08,8.773943295102576e-08,8.773950456548934e-08,8.773957616912911e-08,8.773964776212151e-08,8.773971934464073e-08,8.773979091686394e-08,8.773986247898892e-08,8.773993403111896e-08,8.774000557344473e-08,8.774007710614128e-08,8.774014862936193e-08,8.774022014326026e-08,8.774029164797834e-08,8.7740363143669e-08,8.7740434630479e-08,8.774050610830023e-08,8.774057757775852e-08,8.774064903881009e-08,8.774072049149694e-08,8.77407919360421e-08,8.774086337249684e-08,8.774093480106099e-08,8.77410062218602e-08,8.774107763496067e-08,8.774114904037149e-08,8.774122043849721e-08,8.7741291829143e-08,8.77413632127638e-08,8.774143458930287e-08,8.77415059589027e-08,8.774157732161367e-08,8.774164867759258e-08,8.774172002688097e-08,8.774179136953888e-08,8.774186270586455e-08,8.774193403583908e-08,8.774200535944745e-08,8.774207667702908e-08,8.774214798854249e-08,8.774221929409047e-08,8.774229059379561e-08,8.774236188771335e-08,8.77424331760448e-08,8.774250445880025e-08,8.774257573589962e-08,8.774264700755123e-08,8.774271827384426e-08,8.77427895349054e-08,8.774286079074712e-08,8.774293204144201e-08,8.774300328681375e-08,8.774307452749632e-08,8.774314576326465e-08,8.774321699422703e-08,8.774328822042753e-08,8.774335944195285e-08,8.774343065885173e-08,8.774350187119239e-08,8.774357307902252e-08,8.774364428240922e-08,8.774371548155941e-08,8.774378667634697e-08,8.774385786687299e-08,8.774392905325005e-08,8.774400023551368e-08,8.774407141369809e-08,8.774414258788884e-08,8.77442137581224e-08,8.774428492460945e-08,8.774435608713492e-08,8.774442724586773e-08,8.774449840074214e-08,8.77445695520372e-08,8.774464069971011e-08,8.774471184378904e-08,8.774478298433877e-08,8.774485412141981e-08,8.774492525505502e-08,8.774499638527161e-08,8.774506751213896e-08,8.774513863566368e-08,8.774520975595418e-08,8.774528087303067e-08,8.774535198691349e-08,8.774542309765086e-08,8.77454942052487e-08,8.774556530985028e-08,8.774563641136651e-08,8.774570750989028e-08,8.77457786055051e-08,8.774584969818962e-08,8.774592078801892e-08,8.77459918746867e-08,8.774606295885424e-08,8.774613404016589e-08,8.774620511883372e-08,8.774627619475415e-08,8.774634726798948e-08,8.774641833858581e-08,8.774648940658162e-08,8.774656047201177e-08,8.77466315348772e-08,8.774670259524068e-08,8.774677365275874e-08,8.77468447081123e-08,8.774691576088497e-08,8.774698681135626e-08,8.774705785938231e-08,8.774712890499889e-08,8.774719994845467e-08,8.774727098961004e-08,8.774734202873317e-08,8.774741306532427e-08,8.7747484099682e-08,8.774755513154424e-08,8.774762616148764e-08,8.774769718930693e-08,8.77477682149671e-08,8.774783923841799e-08,8.774791025989094e-08,8.774798127912507e-08,8.774805229659243e-08,8.774812331183966e-08,8.774819432506738e-08,8.774826533629447e-08,8.774833634588271e-08,8.774840735317256e-08,8.7748478358447e-08,8.774854936188354e-08,8.774862036348842e-08,8.774869136311649e-08,8.774876236087341e-08,8.77488333568128e-08,8.77489043508832e-08,8.774897534311138e-08,8.774904633352271e-08,8.774911732228496e-08,8.774918830915555e-08,8.774925929425473e-08,8.77493302775228e-08,8.774940125915044e-08,8.774947223911383e-08,8.774954321726697e-08,8.774961419380705e-08,8.774968516867363e-08,8.774975614182073e-08,8.774982711335613e-08,8.774989808322803e-08,8.7749969051599e-08,8.77500400182761e-08,8.775011098332975e-08,8.775018194684503e-08,8.775025290876926e-08,8.775032386915126e-08,8.77503948280633e-08,8.775046578529034e-08,8.775053674125431e-08,8.775060769542778e-08,8.775067864814827e-08,8.775074959934094e-08,8.775082054906176e-08,8.775089149722453e-08,8.775096244394063e-08,8.775103338927023e-08,8.775110433326402e-08,8.775117527612141e-08,8.775124621714706e-08,8.77513171567071e-08,8.775138809488846e-08,8.775145903161565e-08,8.775152996713281e-08,8.775160090110501e-08,8.77516718335869e-08,8.775174276480326e-08,8.77518136946335e-08,8.77518846230764e-08,8.77519555502656e-08,8.77520264761061e-08,8.775209740061183e-08,8.775216832387778e-08,8.775223924573734e-08,8.775231016626984e-08,8.77523810853816e-08,8.775245200332778e-08,8.775252291996398e-08,8.775259383539293e-08,8.775266474949568e-08,8.775273566232604e-08,8.775280657386009e-08,8.775287748411655e-08,8.775294839314565e-08,8.775301930081197e-08,8.775309020733003e-08,8.775316111259931e-08,8.775323201662433e-08,8.77533029194723e-08,8.775337382108586e-08,8.77534447214958e-08,8.775351562060282e-08,8.775358651853925e-08,8.775365741549316e-08,8.775372831100052e-08,8.775379920538167e-08,8.77538700985468e-08,8.775394099082576e-08,8.775401188163404e-08,8.775408277124552e-08,8.775415365970337e-08,8.775422454711499e-08,8.775429543325397e-08,8.775436631821807e-08,8.775443720208102e-08,8.775450808475395e-08,8.77545789662645e-08,8.775464984661235e-08,8.775472072584963e-08,8.775479160394357e-08,8.775486248092372e-08,8.77549333567713e-08,8.775500423148624e-08,8.77550751050904e-08,8.7755145977473e-08,8.775521684883408e-08,8.775528771901549e-08,8.775535858817388e-08,8.775542945618815e-08,8.775550032309821e-08,8.775557118893247e-08,8.775564205384727e-08,8.775571291751184e-08,8.775578378004776e-08,8.775585464145875e-08,8.775592550178047e-08,8.77559963610521e-08,8.775606721911469e-08,8.775613807623652e-08,8.775620893229746e-08,8.775627978745885e-08,8.775635064137621e-08,8.77564214942307e-08,8.77564923459525e-08,8.775656319658645e-08,8.77566340462273e-08,8.775670489483705e-08,8.775677574237467e-08,8.775684658884711e-08,8.775691743429457e-08,8.77569882786898e-08,8.775705912203094e-08,8.775712996431763e-08,8.775720080553621e-08,8.77572716457327e-08,8.775734248489058e-08,8.775741332301232e-08,8.775748416009524e-08,8.775755499613913e-08,8.77576258311349e-08,8.77576966651814e-08,8.775776749797235e-08,8.775783832990621e-08,8.775790916079147e-08,8.775797999065249e-08,8.775805081913657e-08,8.775812164693748e-08,8.775819247375324e-08,8.77582632997744e-08,8.77583341245495e-08,8.775840494828273e-08,8.775847577100188e-08,8.775854659301917e-08,8.775861741374596e-08,8.775868823342724e-08,8.775875905219152e-08,8.775882986988551e-08,8.775890068683258e-08,8.775897150250462e-08,8.775904231760323e-08,8.77591131312691e-08,8.77591839439387e-08,8.775925475592012e-08,8.775932556658698e-08,8.775939637633358e-08,8.775946718491911e-08,8.775953799281893e-08,8.775960879948001e-08,8.77596796051638e-08,8.775975040985286e-08,8.775982121378491e-08,8.77598920164174e-08,8.775996281810632e-08,8.77600336188376e-08,8.776010441851862e-08,8.77601752172681e-08,8.776024601503557e-08,8.776031681175962e-08,8.776038760753831e-08,8.776045840243903e-08,8.7760529196397e-08,8.776059998924224e-08,8.776067078110699e-08,8.776074157199817e-08,8.776081236190533e-08,8.776088315074473e-08,8.776095393866102e-08,8.776102472562854e-08,8.77610955116041e-08,8.776116629660945e-08,8.776123708065432e-08,8.776130786375597e-08,8.776137864581443e-08,8.77614494272246e-08,8.776152020736528e-08,8.776159098651563e-08,8.776166176465683e-08,8.776173254182864e-08,8.776180331798959e-08,8.776187409327799e-08,8.776194486754256e-08,8.776201564089193e-08,8.776208641326024e-08,8.776215718461904e-08,8.776222795506769e-08,8.776229872454153e-08,8.776236949319538e-08,8.776244026074767e-08,8.776251102730296e-08,8.776258179317526e-08,8.776265255783091e-08,8.776272332147169e-08,8.776279408417437e-08,8.776286484588163e-08,8.776293560669005e-08,8.776300636652174e-08,8.776307712550562e-08,8.77631478833852e-08,8.776321864027087e-08,8.77632893962532e-08,8.776336015125004e-08,8.776343090544941e-08,8.776350165865862e-08,8.776357241078962e-08,8.776364316196642e-08,8.776371391220126e-08,8.77637846614588e-08,8.776385540975936e-08,8.776392615711561e-08,8.776399690344836e-08,8.776406764892549e-08,8.776413839336536e-08,8.776420913688368e-08,8.776427987944883e-08,8.776435062112397e-08,8.776442136177597e-08,8.776449210151599e-08,8.776456284028383e-08,8.776463357808355e-08,8.776470431494079e-08,8.776477505118359e-08,8.776484578613694e-08,8.776491652029885e-08,8.776498725334345e-08,8.776505798543265e-08,8.776512871657016e-08,8.776519944677253e-08,8.77652701760129e-08,8.77653409043012e-08,8.776541163163483e-08,8.776548235801869e-08,8.776555308341606e-08,8.776562380791259e-08,8.776569453151133e-08,8.776576525404223e-08,8.776583597566159e-08,8.776590669632757e-08,8.776597741601895e-08,8.776604813500394e-08,8.776611885278561e-08,8.776618956966406e-08,8.776626028549424e-08,8.776633100048807e-08,8.776640171481328e-08,8.776647242822502e-08,8.776654314034238e-08,8.776661385154261e-08,8.7766684561652e-08,8.776675527094648e-08,8.776682597913702e-08,8.776689668675311e-08,8.776696739346813e-08,8.776703809900596e-08,8.776710880358328e-08,8.776717950719585e-08,8.776725021012198e-08,8.77673209118052e-08,8.776739161244488e-08,8.77674623122744e-08,8.776753301114498e-08,8.776760370909057e-08,8.77676744061672e-08,8.776774510221504e-08,8.77678157973446e-08,8.776788649198218e-08,8.77679571850995e-08,8.776802787740243e-08,8.776809856879146e-08,8.776816925917279e-08,8.776823994860888e-08,8.776831063714707e-08,8.7768381324963e-08,8.776845201165554e-08,8.776852269733737e-08,8.776859338213837e-08,8.776866406592571e-08,8.77687347487869e-08,8.776880543070814e-08,8.776887611168523e-08,8.776894679174099e-08,8.776901747082532e-08,8.776908814901215e-08,8.776915882664494e-08,8.776922950288352e-08,8.776930017823291e-08,8.776937085253566e-08,8.776944152565795e-08,8.776951219812323e-08,8.776958286967728e-08,8.77696535405585e-08,8.776972421007905e-08,8.776979487880295e-08,8.776986554657798e-08,8.776993621335629e-08,8.777000687918384e-08,8.77700775441221e-08,8.777014820812634e-08,8.777021887120664e-08,8.777028953332274e-08,8.777036019451668e-08,8.777043085502512e-08,8.777050151433381e-08,8.77705721726856e-08,8.777064283009276e-08,8.77707134865779e-08,8.777078414234988e-08,8.77708547966729e-08,8.777092545038202e-08,8.777099610311093e-08,8.777106675488437e-08,8.777113740573624e-08,8.777120805560565e-08,8.777127870455817e-08,8.777134935264256e-08,8.77714199997627e-08,8.777149064589689e-08,8.777156129108489e-08,8.777163193535008e-08,8.77717025789708e-08,8.777177322159509e-08,8.777184386295173e-08,8.777191450345377e-08,8.777198514303705e-08,8.777205578187543e-08,8.777212641959124e-08,8.777219705623428e-08,8.777226769203434e-08,8.777233832679016e-08,8.777240896069194e-08,8.777247959366132e-08,8.777255022570787e-08,8.777262085677615e-08,8.777269148688395e-08,8.777276211607059e-08,8.777283274436033e-08,8.777290337171729e-08,8.777297399813753e-08,8.77730446236186e-08,8.777311524870618e-08,8.777318587229396e-08,8.77732564949197e-08,8.777332711664625e-08,8.777339773743052e-08,8.777346835703464e-08,8.777353897590281e-08,8.777360959386613e-08,8.777368021086677e-08,8.777375082698457e-08,8.777382144207937e-08,8.77738920564771e-08,8.77739626697277e-08,8.777403328206196e-08,8.77741038934494e-08,8.77741745038718e-08,8.777424511332908e-08,8.777431572188472e-08,8.777438632955839e-08,8.777445693623952e-08,8.77745275420064e-08,8.77745981466612e-08,8.77746687506303e-08,8.777473935357624e-08,8.777480995569821e-08,8.777488055679194e-08,8.777495115697592e-08,8.777502175616954e-08,8.777509235442383e-08,8.777516295177385e-08,8.777523354820654e-08,8.777530414364394e-08,8.777537473812857e-08,8.77754453316837e-08,8.777551592431559e-08,8.777558651597063e-08,8.777565710670019e-08,8.777572769635833e-08,8.777579828521884e-08,8.777586887315754e-08,8.777593946014964e-08,8.77760100462063e-08,8.77760806313107e-08,8.777615121550334e-08,8.777622179871422e-08,8.777629238127172e-08,8.77763629626898e-08,8.777643354309295e-08,8.777650412256878e-08,8.777657470113424e-08,8.777664527876528e-08,8.777671585543457e-08,8.777678643116671e-08,8.777685700595572e-08,8.777692757965465e-08,8.777699815261842e-08,8.777706872462172e-08,8.777713929598568e-08,8.777720986610198e-08,8.777728043531378e-08,8.777735100362199e-08,8.777742157073281e-08,8.777749213737541e-08,8.777756270278457e-08,8.777763326717948e-08,8.777770383050476e-08,8.777777439313044e-08,8.777784495473108e-08,8.777791551546861e-08,8.77779860752845e-08,8.777805663414617e-08,8.777812719207208e-08,8.777819774918377e-08,8.777826830525373e-08,8.777833885999359e-08,8.777840941417332e-08,8.777847996742589e-08,8.777855051971053e-08,8.777862107109935e-08,8.77786916217892e-08,8.777876217123931e-08,8.77788327197959e-08,8.777890326744054e-08,8.777897381414021e-08,8.777904435989228e-08,8.777911490470644e-08,8.777918544859554e-08,8.77792559915253e-08,8.777932653353892e-08,8.777939707459817e-08,8.777946761469895e-08,8.777953815411746e-08,8.77796086923619e-08,8.777967922968993e-08,8.777974976587235e-08,8.777982030131856e-08,8.777989083582573e-08,8.777996136941926e-08,8.778003190207527e-08,8.778010243366833e-08,8.778017296452829e-08,8.778024349418894e-08,8.778031402309014e-08,8.77803845513779e-08,8.778045507863361e-08,8.77805256048284e-08,8.778059612995831e-08,8.778066665417014e-08,8.77807371777204e-08,8.778080770007683e-08,8.778087822149072e-08,8.778094874199281e-08,8.778101926152977e-08,8.778108978011166e-08,8.778116029779084e-08,8.778123081457585e-08,8.778130133036191e-08,8.778137184522112e-08,8.778144235913761e-08,8.778151287211389e-08,8.77815833841616e-08,8.778165389516275e-08,8.778172440529968e-08,8.778179491490554e-08,8.778186542321318e-08,8.77819359305703e-08,8.778200643692815e-08,8.778207694240914e-08,8.778214744696454e-08,8.77822179505808e-08,8.77822884533775e-08,8.77823589551265e-08,8.778242945586663e-08,8.778249995588832e-08,8.77825704548319e-08,8.778264095283357e-08,8.778271144989241e-08,8.778278194601908e-08,8.778285244118578e-08,8.778292293544718e-08,8.7782993428712e-08,8.778306392109017e-08,8.778313441252754e-08,8.77832049029208e-08,8.778327539260834e-08,8.778334588124513e-08,8.778341636864789e-08,8.778348685527643e-08,8.778355734108779e-08,8.778362782598455e-08,8.778369830994475e-08,8.778376879294688e-08,8.778383927496859e-08,8.778390975612006e-08,8.778398023632851e-08,8.778405071548756e-08,8.778412119382168e-08,8.778419167121143e-08,8.778426214769192e-08,8.778433262322617e-08,8.778440309783922e-08,8.778447357149991e-08,8.778454404422231e-08,8.778461451600121e-08,8.778468498681524e-08,8.77847554567181e-08,8.778482592569417e-08,8.778489639356992e-08,8.778496686067869e-08,8.778503732679208e-08,8.778510779192749e-08,8.778517825628175e-08,8.778524871965163e-08,8.778531918208529e-08,8.778538964357069e-08,8.778546010412923e-08,8.778553056375954e-08,8.778560102246184e-08,8.778567148020026e-08,8.778574193723901e-08,8.778581239303924e-08,8.778588284840618e-08,8.778595330240702e-08,8.778602375598688e-08,8.778609420810288e-08,8.778616465929691e-08,8.778623510959399e-08,8.778630555890557e-08,8.778637600729308e-08,8.77864464547754e-08,8.778651690131449e-08,8.778658734691109e-08,8.778665779183522e-08,8.778672823597207e-08,8.778679867855113e-08,8.778686912039368e-08,8.77869395613442e-08,8.778701000132177e-08,8.778708044038609e-08,8.778715087840004e-08,8.778722131556595e-08,8.778729175213115e-08,8.778736218741776e-08,8.778743262177382e-08,8.778750305524335e-08,8.778757348800246e-08,8.778764391936765e-08,8.778771435005096e-08,8.778778477979698e-08,8.778785520850868e-08,8.77879256362319e-08,8.77879960630946e-08,8.77880664890458e-08,8.778813691405805e-08,8.778820733812993e-08,8.778827776127162e-08,8.778834818350847e-08,8.778841860476949e-08,8.778848902508485e-08,8.778855944449168e-08,8.778862986293046e-08,8.77887002804508e-08,8.778877069704245e-08,8.778884111269094e-08,8.778891152742206e-08,8.77889819411858e-08,8.7789052354045e-08,8.778912276596688e-08,8.778919317720585e-08,8.778926358725522e-08,8.778933399642896e-08,8.77894044046012e-08,8.778947481178706e-08,8.778954521807564e-08,8.77896156234459e-08,8.778968602788318e-08,8.7789756431381e-08,8.778982683395337e-08,8.778989723558125e-08,8.778996763627244e-08,8.779003803602959e-08,8.779010843491501e-08,8.779017883302566e-08,8.77902492299815e-08,8.779031962597296e-08,8.779039002108492e-08,8.779046041520971e-08,8.779053080842659e-08,8.779060120094631e-08,8.779067159230451e-08,8.779074198273851e-08,8.779081237224003e-08,8.779088276077662e-08,8.77909531483707e-08,8.77910235352552e-08,8.779109392096544e-08,8.779116430573541e-08,8.779123468959465e-08,8.779130507254673e-08,8.779137545468685e-08,8.779144583574574e-08,8.779151621585125e-08,8.779158659499528e-08,8.779165697327674e-08,8.779172735043472e-08,8.779179772680139e-08,8.779186810224868e-08,8.779193847675712e-08,8.779200885033428e-08,8.779207922297208e-08,8.779214959473858e-08,8.779221996583593e-08,8.779229033567434e-08,8.779236070446031e-08,8.7792431072414e-08,8.779250143947746e-08,8.779257180546056e-08,8.779264217060527e-08,8.779271253476553e-08,8.77927828980525e-08,8.779285326042002e-08,8.779292362184512e-08,8.779299398233446e-08,8.779306434188527e-08,8.779313470030833e-08,8.779320505799198e-08,8.779327541473072e-08,8.779334577026973e-08,8.77934161250048e-08,8.779348647893515e-08,8.779355683194651e-08,8.779362718402142e-08,8.779369753517061e-08,8.77937678856566e-08,8.779383823493292e-08,8.779390858326457e-08,8.779397893067024e-08,8.779404927713767e-08,8.779411962254069e-08,8.779418996708513e-08,8.779426031075091e-08,8.77943306534593e-08,8.779440099528549e-08,8.779447133614758e-08,8.779454167609711e-08,8.779461201501592e-08,8.779468235307263e-08,8.779475269013666e-08,8.779482302633797e-08,8.779489336158507e-08,8.779496369591299e-08,8.779503402929595e-08,8.779510436174062e-08,8.779517469363596e-08,8.779524502420102e-08,8.779531535383022e-08,8.779538568253688e-08,8.77954560102919e-08,8.779552633718333e-08,8.77955966630893e-08,8.779566698817469e-08,8.779573731213373e-08,8.779580763533355e-08,8.77958779574867e-08,8.779594827872958e-08,8.779601859903626e-08,8.779608891836705e-08,8.779615923680077e-08,8.779622955464869e-08,8.779629987121625e-08,8.779637018685e-08,8.77964405015781e-08,8.779651081535236e-08,8.779658112817942e-08,8.779665144000141e-08,8.779672175095787e-08,8.779679206094666e-08,8.779686237005186e-08,8.779693267818951e-08,8.779700298541171e-08,8.779707329174895e-08,8.77971435973495e-08,8.779721390177693e-08,8.779728420528063e-08,8.779735450783269e-08,8.779742480971403e-08,8.779749511039808e-08,8.77975654100742e-08,8.779763570887223e-08,8.779770600678355e-08,8.77977763037323e-08,8.779784659977482e-08,8.779791689482124e-08,8.779798718897351e-08,8.779805748221571e-08,8.779812777448959e-08,8.779819806582127e-08,8.779826835617916e-08,8.779833864563732e-08,8.779840893417214e-08,8.77984792218301e-08,8.779854950855376e-08,8.779861979452535e-08,8.779869007927932e-08,8.779876036312271e-08,8.779883064607327e-08,8.779890092806684e-08,8.779897120904543e-08,8.779904148916916e-08,8.779911176862889e-08,8.7799182046928e-08,8.779925232425308e-08,8.779932260064575e-08,8.779939287609237e-08,8.779946315059574e-08,8.77995334244403e-08,8.779960369694213e-08,8.779967396868277e-08,8.779974423935122e-08,8.779981450924172e-08,8.779988477817264e-08,8.779995504616642e-08,8.780002531322884e-08,8.78000955793218e-08,8.78001658445245e-08,8.780023610905878e-08,8.780030637233662e-08,8.7800376634728e-08,8.78004468962033e-08,8.7800517156719e-08,8.780058741631252e-08,8.780065767516949e-08,8.780072793287006e-08,8.780079818963215e-08,8.780086844549537e-08,8.780093870041763e-08,8.78010089543942e-08,8.780107920744528e-08,8.780114945956152e-08,8.780121971075863e-08,8.780128996085342e-08,8.78013602101733e-08,8.780143045864234e-08,8.780150070608998e-08,8.78015709526104e-08,8.780164119826614e-08,8.780171144297785e-08,8.780178168695846e-08,8.780185192974017e-08,8.780192217158851e-08,8.780199241249947e-08,8.780206265246704e-08,8.780213289152144e-08,8.780220312962401e-08,8.780227336673254e-08,8.780234360297648e-08,8.780241383829528e-08,8.780248407267519e-08,8.780255430611661e-08,8.780262453861403e-08,8.780269477019681e-08,8.78027650011056e-08,8.780283523079553e-08,8.780290545956525e-08,8.780297568712128e-08,8.780304591403026e-08,8.780311614000828e-08,8.780318636496312e-08,8.780325658907377e-08,8.780332681230403e-08,8.780339703455526e-08,8.780346725584811e-08,8.780353747622127e-08,8.7803607695649e-08,8.780367791415739e-08,8.780374813173974e-08,8.780381834819356e-08,8.780388856388218e-08,8.780395877871614e-08,8.780402899261149e-08,8.780409920574631e-08,8.780416941790953e-08,8.780423962896624e-08,8.780430983912475e-08,8.780438004828317e-08,8.780445025659656e-08,8.78045204640464e-08,8.780459067050541e-08,8.780466087585176e-08,8.780473108053926e-08,8.780480128420278e-08,8.780487148697227e-08,8.780494168871877e-08,8.780501188948325e-08,8.780508208930796e-08,8.780515228819957e-08,8.780522248618136e-08,8.780529268323807e-08,8.780536287957538e-08,8.780543307475964e-08,8.780550326900795e-08,8.78055734623039e-08,8.780564365488581e-08,8.780571384632662e-08,8.780578403684179e-08,8.780585422648912e-08,8.780592441506815e-08,8.780599460279595e-08,8.78060647895807e-08,8.780613497544294e-08,8.780620516036381e-08,8.780627534433679e-08,8.780634552739825e-08,8.780641570949852e-08,8.78064858906803e-08,8.780655607093348e-08,8.78066262502482e-08,8.780669642863128e-08,8.780676660608737e-08,8.780683678261572e-08,8.780690695820726e-08,8.780697713285715e-08,8.780704730663818e-08,8.780711747943885e-08,8.78071876513527e-08,8.780725782221245e-08,8.780732799220945e-08,8.780739816131597e-08,8.780746832944415e-08,8.780753849669172e-08,8.780760866292318e-08,8.780767882825957e-08,8.780774899264723e-08,8.7807819155975e-08,8.780788931847112e-08,8.780795947988993e-08,8.780802964064775e-08,8.780809980035704e-08,8.780816995927183e-08,8.780824011713449e-08,8.78083102740592e-08,8.780838043005116e-08,8.780845058514823e-08,8.780852073927819e-08,8.78085908924699e-08,8.78086610447305e-08,8.780873119605665e-08,8.780880134646073e-08,8.78088714959332e-08,8.780894164446101e-08,8.780901179206615e-08,8.7809081938767e-08,8.780915208450403e-08,8.780922222922623e-08,8.780929237302822e-08,8.780936251596445e-08,8.780943265797275e-08,8.780950279904783e-08,8.780957293918782e-08,8.780964307834435e-08,8.78097132166317e-08,8.780978335388562e-08,8.78098534902523e-08,8.780992362570943e-08,8.780999376025689e-08,8.78100638938944e-08,8.781013402657842e-08,8.781020415832776e-08,8.781027428914555e-08,8.781034441901682e-08,8.781041454797217e-08,8.781048467599782e-08,8.781055480314517e-08,8.781062492933079e-08,8.781069505454373e-08,8.781076517883367e-08,8.78108353021731e-08,8.781090542459067e-08,8.781097554608059e-08,8.78110456666919e-08,8.781111578636696e-08,8.781118590514449e-08,8.781125602290924e-08,8.781132613972357e-08,8.781139625564493e-08,8.781146637053696e-08,8.781153648450014e-08,8.781160659760593e-08,8.78116767096554e-08,8.781174682089977e-08,8.781181693119053e-08,8.781188704055142e-08,8.781195714899105e-08,8.78120272564227e-08,8.781209736299054e-08,8.781216746863134e-08,8.781223757326948e-08,8.781230767703351e-08,8.781237777988344e-08,8.781244788179535e-08,8.781251798278204e-08,8.781258808286265e-08,8.781265818197403e-08,8.781272828021655e-08,8.781279837746954e-08,8.781286847378992e-08,8.781293856915036e-08,8.781300866387786e-08,8.781307875739804e-08,8.781314884976992e-08,8.781321894136173e-08,8.78132890319099e-08,8.781335912173475e-08,8.781342921059104e-08,8.781349929852528e-08,8.781356938552703e-08,8.781363947127224e-08,8.781370955640556e-08,8.781377964077189e-08,8.781384972403948e-08,8.781391980637026e-08,8.781398988777725e-08,8.781405996826363e-08,8.781413004780607e-08,8.781420012640681e-08,8.781427020399712e-08,8.781434028073935e-08,8.781441035647667e-08,8.78144804313539e-08,8.781455050528895e-08,8.781462057828662e-08,8.781469065036985e-08,8.781476072153294e-08,8.781483079179319e-08,8.781490086104689e-08,8.781497092941747e-08,8.781504099684632e-08,8.781511106334524e-08,8.781518112890929e-08,8.781525119376143e-08,8.781532125745563e-08,8.781539132022918e-08,8.781546138206542e-08,8.781553144297945e-08,8.781560150295675e-08,8.781567156198304e-08,8.781574162008889e-08,8.781581167726898e-08,8.781588173348817e-08,8.781595178910735e-08,8.781602184346624e-08,8.781609189685198e-08,8.781616194936674e-08,8.781623200095804e-08,8.781630205161363e-08,8.78163721013178e-08,8.781644215036298e-08,8.781651219821568e-08,8.78165822451498e-08,8.781665229115141e-08,8.78167223362106e-08,8.781679238035267e-08,8.781686242355487e-08,8.781693246609534e-08,8.781700250748766e-08,8.781707254782158e-08,8.78171425870479e-08,8.781721262558709e-08,8.781728266301948e-08,8.781735269969567e-08,8.781742273544e-08,8.781749277030114e-08,8.781756280416269e-08,8.781763283711848e-08,8.78177028691349e-08,8.781777290019475e-08,8.781784293034078e-08,8.781791295956242e-08,8.781798298785259e-08,8.781805301517051e-08,8.781812304158688e-08,8.781819306709946e-08,8.781826309169722e-08,8.78183331153184e-08,8.781840313800213e-08,8.78184731598386e-08,8.781854318068271e-08,8.781861320058344e-08,8.781868321947429e-08,8.781875323752441e-08,8.781882325461724e-08,8.781889327079534e-08,8.781896328606227e-08,8.781903330039018e-08,8.781910331378634e-08,8.781917332628861e-08,8.781924333781706e-08,8.78193133483318e-08,8.78193833577089e-08,8.781945336644349e-08,8.781952337424366e-08,8.78195933811064e-08,8.781966338703488e-08,8.781973339207157e-08,8.781980339634866e-08,8.781987339956391e-08,8.781994340178203e-08,8.782001340305778e-08,8.78200834033992e-08,8.782015340282226e-08,8.782022340137636e-08,8.782029339893689e-08,8.782036339554666e-08,8.782043339118983e-08,8.782050338594655e-08,8.782057337978673e-08,8.782064337267022e-08,8.78207133646189e-08,8.78207833557007e-08,8.78208533458231e-08,8.782092333482338e-08,8.782099332307671e-08,8.782106331039573e-08,8.782113329677785e-08,8.782120328222121e-08,8.782127326674787e-08,8.782134325028277e-08,8.782141323298221e-08,8.782148321471845e-08,8.782155319529018e-08,8.782162317513843e-08,8.782169315407011e-08,8.782176313211021e-08,8.78218331091991e-08,8.782190308531171e-08,8.782197306052647e-08,8.782204303481013e-08,8.782211300807019e-08,8.782218298048805e-08,8.782225295203358e-08,8.782232292262374e-08,8.78223928922809e-08,8.782246286098383e-08,8.782253282874634e-08,8.782260279559284e-08,8.782267276118925e-08,8.782274272620114e-08,8.78228126902321e-08,8.782288265338782e-08,8.78229526155617e-08,8.782302257681642e-08,8.782309253698233e-08,8.782316249644548e-08,8.782323245490344e-08,8.782330241245282e-08,8.782337236904845e-08,8.782344232474826e-08,8.782351227947681e-08,8.782358223328325e-08,8.782365218615549e-08,8.782372213809864e-08,8.782379208892728e-08,8.782386203872129e-08,8.782393198781748e-08,8.782400193602871e-08,8.78240718833181e-08,8.782414182972943e-08,8.782421177554729e-08,8.782428172002653e-08,8.78243516635253e-08,8.782442160604225e-08,8.782449154772709e-08,8.782456148849638e-08,8.782463142834142e-08,8.782470136723411e-08,8.78247713052129e-08,8.78248412425361e-08,8.78249111786616e-08,8.782498111388073e-08,8.782505104813415e-08,8.782512098146179e-08,8.782519091389746e-08,8.782526084535067e-08,8.782533077587904e-08,8.782540070534434e-08,8.782547063392942e-08,8.782554056155163e-08,8.782561048830159e-08,8.782568041418115e-08,8.782575033913427e-08,8.782582026311616e-08,8.78258901864519e-08,8.782596010861977e-08,8.78260300298433e-08,8.782609995013524e-08,8.782616986951032e-08,8.782623978797879e-08,8.78263097054874e-08,8.782637962206875e-08,8.782644953804934e-08,8.782651945273045e-08,8.782658936651893e-08,8.782665927943617e-08,8.78267291913592e-08,8.782679910235759e-08,8.782686901242002e-08,8.782693892161439e-08,8.78270088295947e-08,8.782707873680598e-08,8.78271486432067e-08,8.782721854860195e-08,8.782728845308346e-08,8.782735835671528e-08,8.782742825957599e-08,8.782749816151304e-08,8.782756806233618e-08,8.782763796217087e-08,8.782770786106457e-08,8.782777775902425e-08,8.782784765614837e-08,8.782791755226249e-08,8.782798744744461e-08,8.782805734169728e-08,8.782812723509857e-08,8.782819712749108e-08,8.782826701898845e-08,8.782833690958225e-08,8.782840679917095e-08,8.782847668783557e-08,8.782854657556951e-08,8.782861646241205e-08,8.782868634828749e-08,8.782875623327097e-08,8.782882611708369e-08,8.782889600018676e-08,8.782896588225087e-08,8.782903576341693e-08,8.782910564372448e-08,8.782917552309676e-08,8.782924540154338e-08,8.78293152790624e-08,8.782938515567611e-08,8.78294550317353e-08,8.782952490645775e-08,8.782959478024442e-08,8.782966465313142e-08,8.78297345250402e-08,8.78298043960264e-08,8.782987426642718e-08,8.782994413560082e-08,8.783001400386918e-08,8.783008387117652e-08,8.783015373752519e-08,8.783022360294493e-08,8.783029346743414e-08,8.783036333099441e-08,8.783043319362573e-08,8.78305030552783e-08,8.783057291595554e-08,8.783064277556457e-08,8.783071263448597e-08,8.783078249245967e-08,8.783085234951103e-08,8.783092220564121e-08,8.783099206083535e-08,8.783106191509718e-08,8.783113176848106e-08,8.783120162087922e-08,8.783127147225498e-08,8.783134132279574e-08,8.78314111724052e-08,8.783148102114696e-08,8.783155086874947e-08,8.783162071547344e-08,8.783169056136144e-08,8.783176040631815e-08,8.783183025033944e-08,8.783190009320302e-08,8.78319699353779e-08,8.783203977664614e-08,8.783210961700609e-08,8.78321794563905e-08,8.783224929484812e-08,8.783231913235788e-08,8.783238896905435e-08,8.783245880471594e-08,8.783252863975997e-08,8.783259847341771e-08,8.783266830629797e-08,8.783273813823601e-08,8.783280796917018e-08,8.783287779925729e-08,8.783294762834586e-08,8.783301745649913e-08,8.783308728383074e-08,8.783315711023451e-08,8.783322693566576e-08,8.783329676018265e-08,8.78333665837638e-08,8.783343640641616e-08,8.783350622819744e-08,8.783357604898778e-08,8.783364586886104e-08,8.783371568782976e-08,8.783378550594905e-08,8.783385532303462e-08,8.783392513910844e-08,8.783399495432624e-08,8.783406476860843e-08,8.783413458196959e-08,8.783420439440274e-08,8.783427420590113e-08,8.78343440167972e-08,8.783441382625929e-08,8.783448363496066e-08,8.783455344245921e-08,8.783462324920906e-08,8.783469305513564e-08,8.783476286015877e-08,8.783483266428022e-08,8.783490246742095e-08,8.783497226965571e-08,8.783504207094356e-08,8.783511187128609e-08,8.783518167069191e-08,8.783525146920149e-08,8.783532126675243e-08,8.783539106337986e-08,8.78354608590602e-08,8.783553065389839e-08,8.783560044755888e-08,8.783567024036254e-08,8.783574003235506e-08,8.783580982368291e-08,8.783587961380964e-08,8.783594940292969e-08,8.783601919119075e-08,8.78360889786064e-08,8.78361587650213e-08,8.783622855038075e-08,8.783629833486699e-08,8.783636811855133e-08,8.783643790124839e-08,8.783650768294766e-08,8.783657746382526e-08,8.783664724356664e-08,8.7836717022529e-08,8.783678680058979e-08,8.78368565776953e-08,8.783692635388658e-08,8.783699612912573e-08,8.78370659034885e-08,8.783713567687842e-08,8.783720544944664e-08,8.783727522099157e-08,8.78373449916418e-08,8.783741476133207e-08,8.783748453008176e-08,8.78375542978658e-08,8.783762406482488e-08,8.783769383090174e-08,8.78377635959579e-08,8.783783336007208e-08,8.783790312314242e-08,8.783797288539335e-08,8.783804264672525e-08,8.783811240694272e-08,8.783818216640848e-08,8.783825192511011e-08,8.783832168280105e-08,8.783839143948361e-08,8.783846119524573e-08,8.783853095005783e-08,8.783860070376246e-08,8.783867045676227e-08,8.783874020880284e-08,8.783880995993202e-08,8.783887971011106e-08,8.783894945936797e-08,8.783901920777236e-08,8.783908895515724e-08,8.783915870162398e-08,8.78392284471679e-08,8.783929819181772e-08,8.78393679354847e-08,8.783943767831974e-08,8.78395074201337e-08,8.783957716101679e-08,8.783964690098132e-08,8.783971664006544e-08,8.783978637816775e-08,8.783985611571705e-08,8.783992585164512e-08,8.783999558696677e-08,8.7840065321361e-08,8.784013505483445e-08,8.784020478736057e-08,8.78402745190279e-08,8.784034424969759e-08,8.784041397951217e-08,8.784048370832354e-08,8.784055343625752e-08,8.784062316328108e-08,8.784069288929423e-08,8.784076261442445e-08,8.784083233858322e-08,8.784090206183223e-08,8.78409717841535e-08,8.784104150555311e-08,8.784111122592602e-08,8.784118094546803e-08,8.784125066413321e-08,8.784132038181194e-08,8.784139009851416e-08,8.784145981433455e-08,8.784152952925951e-08,8.78415992432187e-08,8.78416689561394e-08,8.784173866849594e-08,8.784180837966926e-08,8.784187808963153e-08,8.784194779895781e-08,8.784201750735129e-08,8.784208721481535e-08,8.784215692178066e-08,8.784222662738468e-08,8.784229633206794e-08,8.784236603582272e-08,8.784243573896257e-08,8.784250544084954e-08,8.784257514182014e-08,8.784264484186801e-08,8.78427145410078e-08,8.784278423904282e-08,8.784285393636058e-08,8.784292363295307e-08,8.784299332828831e-08,8.784306302271204e-08,8.78431327162837e-08,8.784320240893396e-08,8.784327210055911e-08,8.784334179130795e-08,8.784341148114084e-08,8.784348117005761e-08,8.784355085799908e-08,8.784362054510914e-08,8.784369023120148e-08,8.784375991637812e-08,8.784382960063553e-08,8.78438992839697e-08,8.784396896635069e-08,8.784403864782131e-08,8.78441083285822e-08,8.784417800811009e-08,8.784424768678945e-08,8.784431736458005e-08,8.784438704119308e-08,8.784445671709839e-08,8.784452639198189e-08,8.784459606606282e-08,8.784466573917841e-08,8.784473541130756e-08,8.784480508257343e-08,8.78448747528406e-08,8.784494442225278e-08,8.784501409068143e-08,8.784508375822374e-08,8.784515342483081e-08,8.784522309052914e-08,8.784529275522613e-08,8.784536241905438e-08,8.784543208196728e-08,8.784550174394489e-08,8.784557140502192e-08,8.784564106515987e-08,8.78457107243296e-08,8.784578038257679e-08,8.784585003986345e-08,8.784591969627394e-08,8.784598935176853e-08,8.784605900633048e-08,8.784612866002314e-08,8.784619831260343e-08,8.784626796442251e-08,8.784633761539539e-08,8.784640726538028e-08,8.784647691421294e-08,8.784654656229632e-08,8.784661620941639e-08,8.784668585562426e-08,8.784675550101355e-08,8.784682514534121e-08,8.784689478880384e-08,8.784696443133425e-08,8.784703407280744e-08,8.784710371403587e-08,8.784717335375396e-08,8.784724299253886e-08,8.78473126303938e-08,8.784738226733509e-08,8.784745190333699e-08,8.7847521538566e-08,8.78475911727786e-08,8.784766080587574e-08,8.784773043816609e-08,8.78478000695358e-08,8.78478697000533e-08,8.78479393296019e-08,8.784800895818517e-08,8.784807858582891e-08,8.78481482125759e-08,8.784821783836887e-08,8.784828746323913e-08,8.784835708718703e-08,8.784842671023619e-08,8.784849633219534e-08,8.784856595335884e-08,8.78486355735982e-08,8.784870519291475e-08,8.784877481127588e-08,8.784884442872767e-08,8.784891404525172e-08,8.784898366088075e-08,8.784905327558114e-08,8.784912288955069e-08,8.784919250236488e-08,8.784926211428603e-08,8.784933172512756e-08,8.784940133548415e-08,8.784947094457492e-08,8.784954055272948e-08,8.784961016002232e-08,8.78496797663596e-08,8.784974937194229e-08,8.784981897642242e-08,8.784988857999398e-08,8.784995818260407e-08,8.785002778433053e-08,8.785009738507156e-08,8.785016698490469e-08,8.785023658378536e-08,8.785030618176052e-08,8.785037577882379e-08,8.78504453750125e-08,8.785051497020625e-08,8.785058456447795e-08,8.785065415782525e-08,8.785072375023411e-08,8.785079334165393e-08,8.785086293201461e-08,8.785093252164596e-08,8.785100211031212e-08,8.785107169811552e-08,8.785114128494054e-08,8.785121087066394e-08,8.785128045565054e-08,8.785135003972141e-08,8.785141962287216e-08,8.785148920507608e-08,8.785155878612848e-08,8.785162836649126e-08,8.785169794592834e-08,8.785176752436747e-08,8.785183710194722e-08,8.785190667884302e-08,8.785197625458036e-08,8.785204582936628e-08,8.785211540320757e-08,8.785218497618182e-08,8.785225454820365e-08,8.7852324119289e-08,8.785239368960668e-08,8.785246325882596e-08,8.785253282731231e-08,8.785260239469602e-08,8.785267196115156e-08,8.785274152675775e-08,8.785281109112602e-08,8.785288065479155e-08,8.785295021753962e-08,8.785301977946791e-08,8.785308934036599e-08,8.785315890032122e-08,8.785322845939204e-08,8.785329801749915e-08,8.785336757465592e-08,8.78534371310166e-08,8.785350668654921e-08,8.785357624095451e-08,8.785364579443228e-08,8.785371534730499e-08,8.785378489893149e-08,8.785385444962656e-08,8.785392399923868e-08,8.785399354808725e-08,8.785406309601165e-08,8.785413264297951e-08,8.785420218904245e-08,8.785427173418713e-08,8.785434127843782e-08,8.785441082177222e-08,8.78544803641266e-08,8.785454990521738e-08,8.785461944572185e-08,8.785468898531561e-08,8.785475852418468e-08,8.785482806190433e-08,8.785489759862993e-08,8.785496713423028e-08,8.785503666911415e-08,8.785510620314403e-08,8.78551757363156e-08,8.785524526853635e-08,8.785531479976007e-08,8.785538433006894e-08,8.785545385945517e-08,8.785552338791485e-08,8.785559291544685e-08,8.785566244207773e-08,8.785573196775859e-08,8.785580149250065e-08,8.785587101632238e-08,8.785594053920553e-08,8.785601006118271e-08,8.785607958236911e-08,8.785614910248972e-08,8.785621862168986e-08,8.785628813987853e-08,8.785635765726055e-08,8.785642717365751e-08,8.785649668907005e-08,8.785656620362804e-08,8.785663571724919e-08,8.785670523001595e-08,8.785677474164104e-08,8.78568442526172e-08,8.785691376254044e-08,8.785698327154314e-08,8.785705277979581e-08,8.785712228693737e-08,8.785719179300714e-08,8.785726129830256e-08,8.785733080266845e-08,8.785740030610916e-08,8.785746980863575e-08,8.785753931025916e-08,8.785760881092368e-08,8.78576783107212e-08,8.785774780952829e-08,8.785781730741151e-08,8.785788680436815e-08,8.785795630038731e-08,8.785802579548965e-08,8.785809528969712e-08,8.785816478303899e-08,8.785823427536277e-08,8.785830376675894e-08,8.78583732572488e-08,8.785844274652556e-08,8.785851223514731e-08,8.785858172283977e-08,8.785865120957104e-08,8.785872069541757e-08,8.78587901803172e-08,8.785885966431212e-08,8.785892914737309e-08,8.785899862951064e-08,8.78590681107615e-08,8.785913759104253e-08,8.785920707042526e-08,8.785927654885708e-08,8.785934602636106e-08,8.785941550294638e-08,8.785948497850729e-08,8.78595544531976e-08,8.785962392698297e-08,8.7859693399837e-08,8.785976287179539e-08,8.785983234282354e-08,8.785990181322873e-08,8.785997128241491e-08,8.786004075064659e-08,8.786011021798554e-08,8.786017968438108e-08,8.786024914984418e-08,8.786031861439095e-08,8.786038807797661e-08,8.78604575406665e-08,8.786052700250536e-08,8.78605964633578e-08,8.78606659232731e-08,8.786073538231426e-08,8.786080484037438e-08,8.786087429749853e-08,8.786094375370098e-08,8.786101320897586e-08,8.786108266337949e-08,8.786115211684294e-08,8.786122156942035e-08,8.786129102100702e-08,8.786136047183808e-08,8.78614299215655e-08,8.78614993703405e-08,8.786156881820899e-08,8.78616382651626e-08,8.786170771117783e-08,8.786177715621169e-08,8.786184660038663e-08,8.78619160436331e-08,8.786198548594612e-08,8.786205492734118e-08,8.786212436781063e-08,8.786219380741458e-08,8.786226324604429e-08,8.786233268363906e-08,8.786240212041512e-08,8.786247155625076e-08,8.786254099116203e-08,8.786261042515236e-08,8.786267985821398e-08,8.786274929038584e-08,8.786281872147108e-08,8.78628881517628e-08,8.78629575809423e-08,8.786302700938417e-08,8.786309643689131e-08,8.786316586344197e-08,8.78632352891587e-08,8.78633047139198e-08,8.786337413756199e-08,8.786344356065097e-08,8.78635129825836e-08,8.78635824036084e-08,8.78636518239794e-08,8.786372124317349e-08,8.786379066139419e-08,8.786386007897226e-08,8.78639294953766e-08,8.786399891083776e-08,8.786406832541892e-08,8.786413773904552e-08,8.786420715171741e-08,8.786427656349194e-08,8.786434597432168e-08,8.786441538424765e-08,8.786448479324795e-08,8.786455420120104e-08,8.786462360832982e-08,8.786469301457953e-08,8.78647624198879e-08,8.786483182426145e-08,8.78649012276892e-08,8.786497063051662e-08,8.786504003205305e-08,8.78651094327268e-08,8.786517883249574e-08,8.78652482312736e-08,8.786531762916387e-08,8.786538702617468e-08,8.786545642231236e-08,8.786552581802494e-08,8.786559521227746e-08,8.786566460554593e-08,8.786573399788716e-08,8.78658033892778e-08,8.786587277974037e-08,8.786594216931213e-08,8.786601155796342e-08,8.786608094567983e-08,8.786615033247191e-08,8.786621971833468e-08,8.786628910328499e-08,8.786635848729962e-08,8.786642787045242e-08,8.786649725265696e-08,8.78665666339223e-08,8.78666360142121e-08,8.78667053936547e-08,8.786677477212007e-08,8.786684414965278e-08,8.786691352627143e-08,8.786698290195916e-08,8.786705227671679e-08,8.786712165055193e-08,8.786719102349865e-08,8.786726039553477e-08,8.786732976659901e-08,8.786739913678292e-08,8.786746850599664e-08,8.786753787432705e-08,8.786760724148276e-08,8.786767660769779e-08,8.786774597322055e-08,8.786781533770704e-08,8.786788470145111e-08,8.786795406419743e-08,8.786802342600984e-08,8.786809278694208e-08,8.786816214694831e-08,8.78682315058319e-08,8.786830086394082e-08,8.786837022114731e-08,8.786843957741247e-08,8.786850893273686e-08,8.786857828715061e-08,8.786864764063985e-08,8.78687169932344e-08,8.786878634487006e-08,8.78688556956205e-08,8.786892504540951e-08,8.786899439430561e-08,8.786906374224098e-08,8.786913308961702e-08,8.786920243568091e-08,8.786927178084239e-08,8.786934112508052e-08,8.786941046842249e-08,8.786947981077301e-08,8.786954915228007e-08,8.786961849280032e-08,8.786968783240977e-08,8.78697571711598e-08,8.786982650897298e-08,8.786989584581777e-08,8.786996518173538e-08,8.787003451677443e-08,8.787010385085621e-08,8.787017318398962e-08,8.787024251626921e-08,8.787031184780491e-08,8.787038117817272e-08,8.78704505076213e-08,8.787051983615382e-08,8.787058916367425e-08,8.787065849034343e-08,8.78707278160833e-08,8.787079714090512e-08,8.78708664648345e-08,8.787093578780754e-08,8.787100510993418e-08,8.787107443105379e-08,8.787114375127394e-08,8.787121307058377e-08,8.787128238896195e-08,8.787135170637161e-08,8.787142102291216e-08,8.787149033854326e-08,8.78715596532005e-08,8.787162896690917e-08,8.787169827974434e-08,8.787176759160157e-08,8.787183690256073e-08,8.787190621250446e-08,8.787197552160116e-08,8.787204482978013e-08,8.787211413704723e-08,8.787218344328075e-08,8.787225274871068e-08,8.787232205320006e-08,8.787239135661948e-08,8.787246065921654e-08,8.78725299609124e-08,8.787259926169089e-08,8.787266856157842e-08,8.787273786053559e-08,8.787280715854536e-08,8.787287645562211e-08,8.7872945751781e-08,8.787301504700997e-08,8.787308434131004e-08,8.787315363473098e-08,8.787322292719804e-08,8.787329221876323e-08,8.787336150940131e-08,8.787343079915158e-08,8.787350008791304e-08,8.787356937580007e-08,8.787363866252129e-08,8.787370794854405e-08,8.787377723361511e-08,8.787384651775313e-08,8.787391580098136e-08,8.787398508327768e-08,8.78740543650101e-08,8.787412364543877e-08,8.787419292495626e-08,8.787426220360678e-08,8.787433148129588e-08,8.787440075833223e-08,8.787447003416026e-08,8.787453930905575e-08,8.787460858301779e-08,8.787467785605034e-08,8.787474712819335e-08,8.787481639942885e-08,8.78748856697133e-08,8.787495493906757e-08,8.787502420749845e-08,8.787509347498927e-08,8.787516274154868e-08,8.787523200720532e-08,8.787530127192576e-08,8.787537053577608e-08,8.787543979865206e-08,8.787550906062406e-08,8.787557832165841e-08,8.787564758176698e-08,8.787571684101502e-08,8.78757860991697e-08,8.78758553563123e-08,8.787592461273927e-08,8.787599386824257e-08,8.787606312281838e-08,8.787613237647095e-08,8.787620162956194e-08,8.787627088134936e-08,8.78763401322574e-08,8.787640938221308e-08,8.787647863126668e-08,8.787654787937168e-08,8.787661712654813e-08,8.787668637290101e-08,8.787675561823409e-08,8.787682486265895e-08,8.787689410640779e-08,8.787696334898403e-08,8.787703259053678e-08,8.787710183125895e-08,8.787717107122205e-08,8.787724031008613e-08,8.78773095480313e-08,8.787737878508012e-08,8.787744802118204e-08,8.787751725623716e-08,8.787758649045613e-08,8.787765572379572e-08,8.787772495618213e-08,8.787779418767167e-08,8.787786341820912e-08,8.787793264783808e-08,8.787800187654915e-08,8.787807110433802e-08,8.78781403311963e-08,8.787820955712415e-08,8.787827878215753e-08,8.787834800625407e-08,8.787841722929832e-08,8.787848645154549e-08,8.787855567288091e-08,8.787862489334068e-08,8.787869411284241e-08,8.787876333182769e-08,8.787883254945822e-08,8.787890176616246e-08,8.787897098198482e-08,8.78790401968146e-08,8.787910941044942e-08,8.787917862345172e-08,8.787924783546401e-08,8.787931704668397e-08,8.787938625691621e-08,8.78794554662758e-08,8.787952467463663e-08,8.787959388210338e-08,8.787966308864574e-08,8.787973229429228e-08,8.787980149898415e-08,8.78798707027909e-08,8.787993990564021e-08,8.78800091074642e-08,8.788007830844613e-08,8.788014750861081e-08,8.788021670766982e-08,8.788028590578738e-08,8.788035510309874e-08,8.78804242994617e-08,8.788049349495782e-08,8.788056268990793e-08,8.788063188355375e-08,8.788070107624701e-08,8.788077026801364e-08,8.788083945883063e-08,8.788090864874749e-08,8.788097783774256e-08,8.788104702617111e-08,8.788111621341748e-08,8.788118539964738e-08,8.788125458496034e-08,8.788132376962568e-08,8.788139295308987e-08,8.788146213546016e-08,8.788153131707192e-08,8.788160049776645e-08,8.788166967755679e-08,8.78817388562272e-08,8.788180803417134e-08,8.788187721116956e-08,8.788194638730258e-08,8.788201556245246e-08,8.788208473673979e-08,8.788215391003972e-08,8.788222308246414e-08,8.788229225389791e-08,8.788236142440478e-08,8.788243059425816e-08,8.788249976300927e-08,8.788256893077939e-08,8.788263809762993e-08,8.788270726353465e-08,8.788277642860724e-08,8.788284559269246e-08,8.788291475606779e-08,8.788298391829842e-08,8.788305307955655e-08,8.788312224000481e-08,8.78831913994558e-08,8.788326055799165e-08,8.788332971558068e-08,8.788339887233261e-08,8.788346802805841e-08,8.788353718293108e-08,8.788360633685131e-08,8.788367548983355e-08,8.788374464193003e-08,8.788381379306183e-08,8.788388294334089e-08,8.788395209262706e-08,8.78840212410052e-08,8.788409038846231e-08,8.78841595349581e-08,8.788422868057067e-08,8.78842978252502e-08,8.78843669690219e-08,8.788443611186916e-08,8.788450525379586e-08,8.788457439463665e-08,8.788464353461289e-08,8.788471267376906e-08,8.788478181199382e-08,8.788485094911592e-08,8.788492008550428e-08,8.78849892208436e-08,8.788505835535479e-08,8.788512748897177e-08,8.788519662166614e-08,8.788526575342444e-08,8.788533488452502e-08,8.788540401445175e-08,8.788547314346625e-08,8.788554227155732e-08,8.788561139871703e-08,8.788568052498799e-08,8.788574965029288e-08,8.788581877448522e-08,8.7885887897805e-08,8.788595702034233e-08,8.7886026141959e-08,8.788609526256375e-08,8.788616438231114e-08,8.788623350118079e-08,8.788630261912455e-08,8.788637173612268e-08,8.788644085220789e-08,8.78865099673737e-08,8.788657908159691e-08,8.788664819491886e-08,8.788671730745637e-08,8.788678641893649e-08,8.788685552948722e-08,8.788692463911869e-08,8.788699374772262e-08,8.78870628555516e-08,8.788713196240012e-08,8.788720106834039e-08,8.788727017335612e-08,8.788733927743794e-08,8.788740838053069e-08,8.788747748265513e-08,8.788754658420606e-08,8.788761568462812e-08,8.788768478410826e-08,8.788775388243013e-08,8.788782298005865e-08,8.788789207678837e-08,8.788796117257943e-08,8.788803026717215e-08,8.788809936111389e-08,8.788816845416762e-08,8.788823754626847e-08,8.788830663747314e-08,8.788837572769556e-08,8.788844481703303e-08,8.78885139054469e-08,8.788858299296527e-08,8.788865207958565e-08,8.788872116523939e-08,8.78887902499654e-08,8.788885933376168e-08,8.788892841637955e-08,8.788899749834289e-08,8.788906657929125e-08,8.788913565946425e-08,8.788920473870925e-08,8.788927381698048e-08,8.788934289433277e-08,8.788941197076042e-08,8.788948104629094e-08,8.788955012138104e-08,8.788961919504392e-08,8.788968826777997e-08,8.78897573396525e-08,8.788982641055322e-08,8.78898954805837e-08,8.788996454965915e-08,8.789003361774985e-08,8.789010268483776e-08,8.789017175083871e-08,8.789024081620177e-08,8.789030988062021e-08,8.789037894414064e-08,8.789044800674838e-08,8.789051706842215e-08,8.789058612923214e-08,8.789065518906025e-08,8.789072424796643e-08,8.789079330593366e-08,8.789086236299292e-08,8.789093141908197e-08,8.789100047430386e-08,8.789106952862948e-08,8.789113858205642e-08,8.789120763433471e-08,8.789127668587532e-08,8.78913457364152e-08,8.789141478610382e-08,8.789148383487272e-08,8.78915528827148e-08,8.789162192963522e-08,8.789169097554482e-08,8.789176002055717e-08,8.789182906438084e-08,8.789189810742029e-08,8.789196714973321e-08,8.789203619114782e-08,8.7892105231467e-08,8.789217427101104e-08,8.789224330969263e-08,8.789231234746226e-08,8.7892381384155e-08,8.789245042001506e-08,8.789251945476444e-08,8.789258848878316e-08,8.789265752181092e-08,8.789272655398942e-08,8.789279558524287e-08,8.789286461572838e-08,8.789293364514354e-08,8.789300267363002e-08,8.789307170110558e-08,8.789314072774766e-08,8.789320975352871e-08,8.789327877835695e-08,8.789334780184138e-08,8.78934168248532e-08,8.789348584671231e-08,8.789355486782389e-08,8.789362388786033e-08,8.789369290712663e-08,8.789376192545999e-08,8.78938309428707e-08,8.789389995937639e-08,8.789396897495752e-08,8.78940379899973e-08,8.789410700371007e-08,8.789417601652459e-08,8.789424502794871e-08,8.789431403885231e-08,8.789438304881983e-08,8.789445205794894e-08,8.789452106622776e-08,8.789459007338066e-08,8.789465907973872e-08,8.789472808519656e-08,8.789479708972816e-08,8.789486609333833e-08,8.78949350960131e-08,8.789500409776986e-08,8.789507309860485e-08,8.789514209849568e-08,8.789521109749201e-08,8.789528009556642e-08,8.789534909277943e-08,8.789541808901083e-08,8.789548708431842e-08,8.78955560786883e-08,8.789562507215418e-08,8.78956940647313e-08,8.78957630562937e-08,8.789583204692087e-08,8.789590103692246e-08,8.789597002577539e-08,8.789603901371482e-08,8.78961080007407e-08,8.789617698694143e-08,8.789624597210146e-08,8.789631495636489e-08,8.789638393969982e-08,8.789645292191461e-08,8.789652190339156e-08,8.78965908839502e-08,8.789665986359153e-08,8.789672884232073e-08,8.789679782012726e-08,8.78968667970633e-08,8.789693577307473e-08,8.78970047481386e-08,8.78970737222598e-08,8.789714269546234e-08,8.7897211667805e-08,8.789728063916416e-08,8.789734960960152e-08,8.78974185791135e-08,8.789748754797463e-08,8.789755651534553e-08,8.789762548214592e-08,8.789769444797594e-08,8.789776341288531e-08,8.789783237691442e-08,8.789790133993772e-08,8.789797030208155e-08,8.789803926330824e-08,8.789810822361582e-08,8.789817718300592e-08,8.789824614151026e-08,8.789831509907625e-08,8.789838405567238e-08,8.789845301137225e-08,8.789852196613361e-08,8.789859091999263e-08,8.78986598729405e-08,8.789872882497936e-08,8.789879777605286e-08,8.789886672623982e-08,8.789893567549405e-08,8.789900462385913e-08,8.789907357124889e-08,8.789914251773353e-08,8.789921146330076e-08,8.789928040794184e-08,8.789934935168323e-08,8.789941829421648e-08,8.789948723609861e-08,8.78995561772353e-08,8.789962511734003e-08,8.78996940564639e-08,8.789976299464174e-08,8.789983193192489e-08,8.789990086828455e-08,8.789996980365204e-08,8.790003873822474e-08,8.790010767182171e-08,8.79001766047228e-08,8.790024553656718e-08,8.790031446740514e-08,8.790038339732591e-08,8.790045232637505e-08,8.790052125445809e-08,8.790059018153819e-08,8.790065910777562e-08,8.790072803281872e-08,8.790079695721178e-08,8.790086588068104e-08,8.790093480318524e-08,8.7901003724843e-08,8.79010726454944e-08,8.790114156528758e-08,8.790121048415605e-08,8.790127940210154e-08,8.790134831912251e-08,8.790141723522305e-08,8.790148615040995e-08,8.790155506441295e-08,8.790162397779565e-08,8.790169289019942e-08,8.790176180170158e-08,8.790183071228706e-08,8.790189962193223e-08,8.790196853070347e-08,8.790203743852184e-08,8.790210634541873e-08,8.79021752514056e-08,8.790224415646398e-08,8.79023130606099e-08,8.79023819638375e-08,8.79024508661378e-08,8.79025197675174e-08,8.790258866801717e-08,8.79026575675521e-08,8.790272646623006e-08,8.790279536392719e-08,8.790286426047514e-08,8.790293315632889e-08,8.790300205126659e-08,8.790307094529723e-08,8.790313983838034e-08,8.790320873054148e-08,8.790327762179516e-08,8.790334651213384e-08,8.790341540161464e-08,8.790348428998951e-08,8.790355317757202e-08,8.790362206402584e-08,8.790369094976865e-08,8.79037598345059e-08,8.790382871840155e-08,8.79038976012633e-08,8.790396648325464e-08,8.790403536438656e-08,8.790410424449713e-08,8.790417312387903e-08,8.790424200225204e-08,8.790431087972482e-08,8.790437975625284e-08,8.790444863186182e-08,8.790451750652672e-08,8.790458638033509e-08,8.79046552531778e-08,8.790472412510098e-08,8.79047929961469e-08,8.790486186623668e-08,8.790493073539987e-08,8.790499960359956e-08,8.790506847100543e-08,8.790513733730772e-08,8.790520620261175e-08,8.790527506721394e-08,8.790534393084052e-08,8.790541279362109e-08,8.790548165575033e-08,8.790555051663973e-08,8.79056193766557e-08,8.790568823568782e-08,8.790575709362926e-08,8.790582595106436e-08,8.790589480735446e-08,8.79059636627223e-08,8.790603251716743e-08,8.790610137078828e-08,8.790617022338624e-08,8.790623907506749e-08,8.790630792582956e-08,8.790637677567776e-08,8.790644562464873e-08,8.790651447261964e-08,8.79065833197514e-08,8.79066521659028e-08,8.790672101116142e-08,8.79067898555103e-08,8.790685869918909e-08,8.790692754180819e-08,8.790699638335934e-08,8.790706522403981e-08,8.79071340636143e-08,8.79072029024189e-08,8.790727173984867e-08,8.790734057683281e-08,8.790740941276926e-08,8.790747824792803e-08,8.79075470821789e-08,8.790761591545877e-08,8.790768474791478e-08,8.790775357936622e-08,8.790782240990643e-08,8.790789123952227e-08,8.790796006822777e-08,8.790802889604095e-08,8.790809772316793e-08,8.790816654909497e-08,8.790823537410302e-08,8.790830419819386e-08,8.790837302137526e-08,8.790844184362643e-08,8.790851066491257e-08,8.79085794851646e-08,8.790864830466055e-08,8.790871712324221e-08,8.790878594090194e-08,8.7908854757672e-08,8.7908923573493e-08,8.790899238836636e-08,8.790906120234678e-08,8.790913001540775e-08,8.790919882755587e-08,8.790926763876148e-08,8.79093364496165e-08,8.790940525896165e-08,8.790947406741208e-08,8.790954287495482e-08,8.790961168156202e-08,8.790968048725793e-08,8.79097492920429e-08,8.79098180959336e-08,8.790988689880075e-08,8.790995570081925e-08,8.791002450192564e-08,8.79100933021079e-08,8.791016210148298e-08,8.79102308998301e-08,8.791029969738323e-08,8.791036849389899e-08,8.79104372896243e-08,8.791050608435129e-08,8.791057487811263e-08,8.791064367093148e-08,8.791071246283005e-08,8.791078125419317e-08,8.791085004432714e-08,8.791091883346757e-08,8.791098762167682e-08,8.79110564088948e-08,8.791112519523681e-08,8.791119398072488e-08,8.791126276527038e-08,8.791133154888252e-08,8.791140033158526e-08,8.791146911336736e-08,8.791153789473283e-08,8.791160667469787e-08,8.791167545373092e-08,8.791174423183887e-08,8.791181300903487e-08,8.791188178531527e-08,8.791195056067609e-08,8.79120193349335e-08,8.791208810846056e-08,8.791215688096878e-08,8.791222565266255e-08,8.791229442396901e-08,8.791236319380521e-08,8.791243196269441e-08,8.791250073049268e-08,8.791256949758064e-08,8.791263826370868e-08,8.791270702896146e-08,8.791277579330552e-08,8.79128445566855e-08,8.791291331922296e-08,8.791298208084092e-08,8.79130508415316e-08,8.791311960135236e-08,8.791318836007308e-08,8.791325711800743e-08,8.791332587478561e-08,8.791339463081335e-08,8.791346338586971e-08,8.791353214009127e-08,8.791360089336919e-08,8.791366964575707e-08,8.791373839725111e-08,8.791380714770953e-08,8.79138758974318e-08,8.79139446463998e-08,8.791401339417018e-08,8.791408214110805e-08,8.79141508870513e-08,8.791421963207904e-08,8.791428837619286e-08,8.791435711930442e-08,8.791442586192549e-08,8.79144946032897e-08,8.791456334365202e-08,8.791463208337691e-08,8.791470082198061e-08,8.791476955966592e-08,8.791483829627064e-08,8.791490703211034e-08,8.791497576704955e-08,8.791504450105227e-08,8.791511323415341e-08,8.791518196625003e-08,8.79152506975277e-08,8.791531942789867e-08,8.791538815730819e-08,8.791545688581082e-08,8.791552561337883e-08,8.791559434002302e-08,8.79156630657444e-08,8.791573179057677e-08,8.79158005144808e-08,8.791586923751891e-08,8.79159379595916e-08,8.791600668071486e-08,8.791607540093843e-08,8.791614412023226e-08,8.791621283852943e-08,8.791628155600129e-08,8.791635027235535e-08,8.791641898796636e-08,8.791648770272838e-08,8.79165564165259e-08,8.791662512940987e-08,8.791669384138394e-08,8.791676255241595e-08,8.791683126254023e-08,8.791689997170743e-08,8.79169686799897e-08,8.79170373873583e-08,8.791710609402962e-08,8.791717479952175e-08,8.79172435039091e-08,8.791731220759834e-08,8.791738091037546e-08,8.791744961226433e-08,8.791751831321615e-08,8.79175870132227e-08,8.791765571225558e-08,8.791772441029029e-08,8.791779310755407e-08,8.7917861803902e-08,8.791793049933683e-08,8.791799919384982e-08,8.791806788742183e-08,8.791813658009391e-08,8.791820527173852e-08,8.791827396257484e-08,8.791834265246272e-08,8.79184113415027e-08,8.791848002951553e-08,8.791854871657014e-08,8.791861740284971e-08,8.791868608798479e-08,8.791875477241787e-08,8.791882345591084e-08,8.791889213848482e-08,8.791896082007325e-08,8.791902950051201e-08,8.791909818032508e-08,8.791916685912849e-08,8.791923553698527e-08,8.791930421404837e-08,8.791937289023496e-08,8.791944156541164e-08,8.791951023969478e-08,8.79195789128741e-08,8.791964758520609e-08,8.791971625675747e-08,8.791978492740734e-08,8.791985359711945e-08,8.791992226591785e-08,8.791999093376653e-08,8.79200596007298e-08,8.792012826677431e-08,8.792019693188384e-08,8.792026559609085e-08,8.792033425938314e-08,8.792040292178793e-08,8.792047158320918e-08,8.792054024373346e-08,8.792060890358215e-08,8.79206775621614e-08,8.792074621993927e-08,8.792081487704078e-08,8.792088353295972e-08,8.792095218797492e-08,8.79210208420836e-08,8.792108949526972e-08,8.79211581474722e-08,8.792122679882547e-08,8.792129544926623e-08,8.792136409878323e-08,8.792143274738221e-08,8.792150139481198e-08,8.792157004158397e-08,8.792163868743351e-08,8.792170733230584e-08,8.792177597631696e-08,8.79218446193515e-08,8.792191326153639e-08,8.792198190278077e-08,8.792205054313068e-08,8.792211918247076e-08,8.792218782094162e-08,8.792225645852836e-08,8.792232509520165e-08,8.792239373086845e-08,8.79224623656799e-08,8.792253099956234e-08,8.792259963251753e-08,8.792266826447876e-08,8.792273689564308e-08,8.79228055259174e-08,8.792287415524811e-08,8.792294278361245e-08,8.792301141110981e-08,8.792308003771451e-08,8.792314866337518e-08,8.792321728810683e-08,8.792328591159659e-08,8.792335453448081e-08,8.79234231565166e-08,8.792349177758264e-08,8.792356039752905e-08,8.792362901669731e-08,8.792369763532422e-08,8.792376625267877e-08,8.792383486913824e-08,8.792390348471959e-08,8.792397209935175e-08,8.792404071302253e-08,8.792410932585484e-08,8.79241779377617e-08,8.792424654874157e-08,8.792431515879387e-08,8.792438376792256e-08,8.79244523761247e-08,8.792452098351982e-08,8.792458959034673e-08,8.792465819585803e-08,8.792472680044821e-08,8.792479540408723e-08,8.792486400679753e-08,8.792493260856957e-08,8.792500120945319e-08,8.792506980941833e-08,8.792513840846429e-08,8.792520700659373e-08,8.792527560380233e-08,8.792534420009187e-08,8.792541279548972e-08,8.792548139042967e-08,8.792554998390575e-08,8.79256185769679e-08,8.792568716871985e-08,8.792575575957486e-08,8.792582434948652e-08,8.792589293844108e-08,8.792596152646264e-08,8.792603011356617e-08,8.792609869971429e-08,8.792616728532918e-08,8.792623586968146e-08,8.792630445319632e-08,8.792637303573093e-08,8.792644161734846e-08,8.792651019766348e-08,8.792657877741252e-08,8.79266473562206e-08,8.792671593416879e-08,8.792678451122766e-08,8.792685308732785e-08,8.792692166256639e-08,8.792699023683573e-08,8.792705881019373e-08,8.79271273826369e-08,8.792719595418187e-08,8.792726452479965e-08,8.792733309454365e-08,8.792740166333803e-08,8.79274702311918e-08,8.792753879813216e-08,8.792760736419127e-08,8.792767592930518e-08,8.79277444934068e-08,8.792781305667832e-08,8.792788161902111e-08,8.792795018044454e-08,8.792801874099625e-08,8.792808730045289e-08,8.792815585905666e-08,8.792822441683739e-08,8.792829297369491e-08,8.792836152962804e-08,8.79284300846153e-08,8.792849863871833e-08,8.792856719225125e-08,8.792863574462496e-08,8.792870429595242e-08,8.792877284644561e-08,8.792884139581145e-08,8.7928909944411e-08,8.79289784924127e-08,8.79290470391396e-08,8.792911558499027e-08,8.792918412992069e-08,8.792925267390633e-08,8.792932121703532e-08,8.792938975921736e-08,8.79294583004426e-08,8.79295268408266e-08,8.792959538025721e-08,8.792966391877288e-08,8.79297324564856e-08,8.792980099307486e-08,8.792986952882736e-08,8.792993806373406e-08,8.793000659770336e-08,8.793007513060679e-08,8.793014366272768e-08,8.793021219403374e-08,8.793028072420362e-08,8.793034925354763e-08,8.793041778197764e-08,8.793048630925166e-08,8.793055483590868e-08,8.793062336158704e-08,8.793069188635143e-08,8.793076041006297e-08,8.79308289330434e-08,8.793089745490764e-08,8.793096597600671e-08,8.793103449618958e-08,8.79311030154506e-08,8.793117153381403e-08,8.793124005122999e-08,8.793130856782474e-08,8.793137708342662e-08,8.793144559810685e-08,8.793151411186605e-08,8.793158262467979e-08,8.793165113661219e-08,8.793171964764451e-08,8.79317881577683e-08,8.793185666697049e-08,8.793192517522956e-08,8.79319936825721e-08,8.793206218900791e-08,8.793213069452329e-08,8.793219919903123e-08,8.793226770276113e-08,8.793233620544682e-08,8.793240470742422e-08,8.793247320828463e-08,8.793254170830744e-08,8.79326102074115e-08,8.793267870559052e-08,8.793274720287565e-08,8.793281569922174e-08,8.793288419469576e-08,8.793295268921182e-08,8.793302118282235e-08,8.793308967548392e-08,8.793315816724994e-08,8.7933226658101e-08,8.793329514803596e-08,8.793336363705494e-08,8.793343212515817e-08,8.793350061235521e-08,8.793356909902265e-08,8.793363758433983e-08,8.793370606885232e-08,8.79337745523716e-08,8.793384303497873e-08,8.79339115166687e-08,8.793397999748216e-08,8.793404847726826e-08,8.79341169561995e-08,8.793418543422465e-08,8.793425391133322e-08,8.79343223876389e-08,8.79343908629721e-08,8.793445933732863e-08,8.793452781078026e-08,8.793459628322531e-08,8.79346647548311e-08,8.793473322550923e-08,8.793480169532636e-08,8.793487016415712e-08,8.793493863210245e-08,8.793500709911969e-08,8.793507556523274e-08,8.793514403049049e-08,8.793521249477043e-08,8.793528095815996e-08,8.793534942062643e-08,8.793541788199768e-08,8.793548634261062e-08,8.79355548023158e-08,8.793562326118128e-08,8.793569171905465e-08,8.793576017598903e-08,8.793582863202082e-08,8.793589708711169e-08,8.793596554137067e-08,8.793603399513458e-08,8.79361024474886e-08,8.793617089894586e-08,8.793623934949608e-08,8.793630779915947e-08,8.793637624786819e-08,8.793644469567422e-08,8.793651314252594e-08,8.793658158842044e-08,8.793665003346744e-08,8.793671847766326e-08,8.793678692087592e-08,8.793685536322027e-08,8.793692380435706e-08,8.793699224481645e-08,8.793706068437609e-08,8.793712912325103e-08,8.793719756096977e-08,8.793726599755184e-08,8.793733443346218e-08,8.793740286844626e-08,8.793747130250155e-08,8.79375397356301e-08,8.793760816783625e-08,8.793767659905876e-08,8.793774502941649e-08,8.793781345891376e-08,8.793788188750895e-08,8.79379503150006e-08,8.793801874174708e-08,8.793808716761935e-08,8.793815559239092e-08,8.793822401634354e-08,8.79382924394073e-08,8.793836086155805e-08,8.793842928279219e-08,8.793849770303735e-08,8.793856612243205e-08,8.793863454092027e-08,8.793870295848738e-08,8.793877137505203e-08,8.793883979085835e-08,8.793890820519686e-08,8.793897661906275e-08,8.793904503205804e-08,8.793911344415569e-08,8.793918185531903e-08,8.793925026557844e-08,8.793931867476346e-08,8.79393870831704e-08,8.793945549067107e-08,8.79395238972493e-08,8.793959230298475e-08,8.7939660707766e-08,8.793972911160228e-08,8.793979751453204e-08,8.793986591653171e-08,8.79399343176281e-08,8.794000271779998e-08,8.794007111705304e-08,8.794013951529413e-08,8.794020791276621e-08,8.79402763092777e-08,8.794034470490723e-08,8.79404130995945e-08,8.794048149335356e-08,8.79405498862074e-08,8.794061827813911e-08,8.794068666916221e-08,8.794075505928564e-08,8.794082344846406e-08,8.794089183673802e-08,8.794096022409947e-08,8.794102861054658e-08,8.794109699608541e-08,8.794116538050461e-08,8.794123376420472e-08,8.794130214699106e-08,8.794137052890529e-08,8.794143890988109e-08,8.794150728991706e-08,8.79415756689398e-08,8.794164404701844e-08,8.794171242431193e-08,8.794178080070058e-08,8.794184917615222e-08,8.794191755068742e-08,8.794198592437803e-08,8.794205429687536e-08,8.794212266866221e-08,8.794219103960963e-08,8.794225940958902e-08,8.794232777864412e-08,8.794239614679011e-08,8.794246451402138e-08,8.794253288008628e-08,8.794260124522038e-08,8.794266960968153e-08,8.794273797323676e-08,8.794280633572134e-08,8.794287469724248e-08,8.79429430585421e-08,8.794301141844874e-08,8.794307977743937e-08,8.79431481358151e-08,8.794321649299404e-08,8.794328484929661e-08,8.794335320466541e-08,8.794342155925685e-08,8.794348991264781e-08,8.794355826523117e-08,8.794362661691723e-08,8.794369496767091e-08,8.794376331751584e-08,8.794383166643315e-08,8.79439000144443e-08,8.794396836154573e-08,8.79440367077279e-08,8.794410505296719e-08,8.794417339725904e-08,8.79442417406925e-08,8.794431008321095e-08,8.794437842482439e-08,8.79444467655207e-08,8.794451510530247e-08,8.794458344416207e-08,8.79446517821495e-08,8.794472011916711e-08,8.794478845528224e-08,8.794485679042263e-08,8.79449251247084e-08,8.794499345806087e-08,8.794506179053975e-08,8.794513012200846e-08,8.794519845264925e-08,8.794526678228389e-08,8.794533511107692e-08,8.794540343895609e-08,8.794547176592684e-08,8.794554009198079e-08,8.794560841726102e-08,8.794567674143076e-08,8.794574506484655e-08,8.794581338707784e-08,8.794588170858827e-08,8.79459500291212e-08,8.794601834880521e-08,8.794608666752784e-08,8.794615498526907e-08,8.794622330217145e-08,8.794629161821282e-08,8.794635993335456e-08,8.794642824731359e-08,8.794649656056477e-08,8.794656487289845e-08,8.79466331843155e-08,8.794670149474913e-08,8.794676980434743e-08,8.794683811285047e-08,8.79469064206072e-08,8.794697472747873e-08,8.794704303344659e-08,8.794711133858304e-08,8.794717964274263e-08,8.794724794592343e-08,8.794731624818442e-08,8.79473845495177e-08,8.79474528499715e-08,8.794752114949681e-08,8.794758944793279e-08,8.794765774563527e-08,8.794772604247422e-08,8.794779433838664e-08,8.794786263337475e-08,8.79479309272681e-08,8.794799922039869e-08,8.794806751262394e-08,8.79481358037442e-08,8.794820409413026e-08,8.794827238352553e-08,8.794834067206842e-08,8.794840895982007e-08,8.794847724644786e-08,8.794854553229021e-08,8.79486138172178e-08,8.794868210116729e-08,8.794875038424098e-08,8.794881866644295e-08,8.794888694771517e-08,8.794895522801863e-08,8.794902350762004e-08,8.794909178612276e-08,8.794916006359455e-08,8.794922834027261e-08,8.794929661602764e-08,8.794936489110987e-08,8.794943316503304e-08,8.794950143810067e-08,8.79495697101884e-08,8.794963798104898e-08,8.794970625138157e-08,8.794977452073543e-08,8.794984278920762e-08,8.794991105673583e-08,8.794997932333042e-08,8.795004758899396e-08,8.795011585380086e-08,8.795018411766214e-08,8.79502523806231e-08,8.795032064265108e-08,8.795038890375617e-08,8.795045716395624e-08,8.795052542325882e-08,8.795059368172085e-08,8.795066193932718e-08,8.795073019591202e-08,8.795079845158058e-08,8.79508667063098e-08,8.79509349601354e-08,8.79510032130362e-08,8.795107146502573e-08,8.795113971609831e-08,8.795120796626377e-08,8.79512762154525e-08,8.79513444638203e-08,8.79514127112527e-08,8.795148095780643e-08,8.79515492033972e-08,8.795161744810211e-08,8.79516856919452e-08,8.795175393478361e-08,8.795182217672013e-08,8.795189041772073e-08,8.795195865783084e-08,8.795202689703823e-08,8.795209513520342e-08,8.795216337256649e-08,8.795223160907994e-08,8.795229984458811e-08,8.795236807921848e-08,8.795243631293889e-08,8.795250454574664e-08,8.795257277764177e-08,8.795264100861584e-08,8.795270923865718e-08,8.795277746773501e-08,8.795284569595333e-08,8.79529139233302e-08,8.795298214971136e-08,8.795305037518999e-08,8.79531185997382e-08,8.795318682328282e-08,8.795325504602964e-08,8.795332326786177e-08,8.795339148872705e-08,8.795345970877188e-08,8.795352792791279e-08,8.79535961460893e-08,8.795366436333983e-08,8.795373257970203e-08,8.795380079513836e-08,8.79538690096644e-08,8.795393722323642e-08,8.795400543597837e-08,8.795407364757227e-08,8.795414185848187e-08,8.795421006804078e-08,8.795427827732414e-08,8.795434648545189e-08,8.795441469270107e-08,8.79544828990635e-08,8.79545511043483e-08,8.795461930878331e-08,8.795468751234561e-08,8.795475571482727e-08,8.795482391656857e-08,8.79548921172786e-08,8.795496031719831e-08,8.79550285161956e-08,8.795509671427263e-08,8.795516491138319e-08,8.795523310767424e-08,8.795530130301044e-08,8.795536949743729e-08,8.795543769095025e-08,8.79555058835591e-08,8.795557407528687e-08,8.7955642265948e-08,8.795571045578608e-08,8.795577864472601e-08,8.795584683281833e-08,8.795591501999754e-08,8.795598320635682e-08,8.79560513916905e-08,8.795611957632497e-08,8.795618775979338e-08,8.79562559423408e-08,8.79563241239596e-08,8.795639230456241e-08,8.795646048437345e-08,8.795652866325816e-08,8.795659684123763e-08,8.79566650184131e-08,8.79567331945546e-08,8.795680136983408e-08,8.795686954415222e-08,8.795693771756799e-08,8.795700588990469e-08,8.795707406149087e-08,8.795714223221722e-08,8.795721040220815e-08,8.795727857106942e-08,8.795734673899393e-08,8.795741490609811e-08,8.795748307222281e-08,8.79575512374332e-08,8.79576194016372e-08,8.795768756501723e-08,8.795775572739212e-08,8.795782388906645e-08,8.795789204973263e-08,8.795796020971375e-08,8.79580283685511e-08,8.795809652650649e-08,8.795816468345782e-08,8.795823283945725e-08,8.795830099497738e-08,8.795836914923139e-08,8.795843730259023e-08,8.795850545500916e-08,8.795857360652695e-08,8.79586417571112e-08,8.795870990678189e-08,8.795877805559374e-08,8.795884620341058e-08,8.795891435032828e-08,8.795898249636775e-08,8.795905064146706e-08,8.795911878566898e-08,8.795918692896098e-08,8.795925507133944e-08,8.795932321263639e-08,8.795939135318136e-08,8.795945949280174e-08,8.795952763152768e-08,8.795959576940485e-08,8.795966390630826e-08,8.795973204227345e-08,8.795980017728782e-08,8.795986831143346e-08,8.795993644492316e-08,8.796000457736337e-08,8.796007270844961e-08,8.796014083898183e-08,8.796020896871155e-08,8.796027709739804e-08,8.796034522518695e-08,8.796041335205591e-08,8.79604814780019e-08,8.796054960295864e-08,8.796061772708473e-08,8.796068585021944e-08,8.796075397254774e-08,8.796082209392857e-08,8.796089021440999e-08,8.796095833396621e-08,8.796102645261001e-08,8.796109457031836e-08,8.796116268719899e-08,8.796123080315069e-08,8.796129891818306e-08,8.796136703231002e-08,8.796143514548457e-08,8.796150325778238e-08,8.796157136912905e-08,8.79616394796102e-08,8.796170758912871e-08,8.796177569763429e-08,8.796184380535596e-08,8.796191191221201e-08,8.796198001799523e-08,8.796204812295786e-08,8.796211622696842e-08,8.796218433009971e-08,8.796225243224387e-08,8.796232053347863e-08,8.796238863386405e-08,8.796245673334257e-08,8.796252483190655e-08,8.7962592929805e-08,8.796266102659006e-08,8.79627291224163e-08,8.796279721739058e-08,8.79628653113264e-08,8.796293340441972e-08,8.796300149660006e-08,8.796306958776583e-08,8.796313767814023e-08,8.796320576756925e-08,8.796327385612251e-08,8.796334194374281e-08,8.796341003048952e-08,8.796347811629748e-08,8.796354620118188e-08,8.796361428520451e-08,8.796368236826006e-08,8.79637504504268e-08,8.796381853166356e-08,8.796388661187192e-08,8.796395469132997e-08,8.796402276982647e-08,8.796409084741402e-08,8.796415892408377e-08,8.796422699985108e-08,8.796429507471661e-08,8.796436314870885e-08,8.796443122162778e-08,8.796449929403586e-08,8.796456736527012e-08,8.796463543555205e-08,8.796470350491632e-08,8.79647715734039e-08,8.79648396409499e-08,8.796490770752014e-08,8.796497577297233e-08,8.796504383783079e-08,8.796511190175194e-08,8.796517996474109e-08,8.796524802681498e-08,8.796531608795893e-08,8.79653841482495e-08,8.796545220757881e-08,8.796552026601381e-08,8.796558832350949e-08,8.796565638011071e-08,8.796572443583133e-08,8.796579249060607e-08,8.796586054447596e-08,8.7965928597395e-08,8.796599664937504e-08,8.796606470050689e-08,8.796613275077059e-08,8.796620080007977e-08,8.79662688484795e-08,8.796633689596422e-08,8.79664049424073e-08,8.796647298808519e-08,8.796654103283761e-08,8.796660907670498e-08,8.796667711963173e-08,8.796674516162625e-08,8.796681320270235e-08,8.796688124275717e-08,8.796694928203007e-08,8.796701732037927e-08,8.796708535781657e-08,8.796715339436931e-08,8.796722142991516e-08,8.796728946463514e-08,8.796735749843739e-08,8.796742553136034e-08,8.7967493563341e-08,8.796756159441635e-08,8.796762962447811e-08,8.796769765371562e-08,8.796776568205027e-08,8.796783370951012e-08,8.796790173626425e-08,8.796796976186487e-08,8.796803778657764e-08,8.796810581021883e-08,8.79681738330818e-08,8.796824185496769e-08,8.796830987597938e-08,8.796837789612211e-08,8.796844591521616e-08,8.796851393338866e-08,8.796858195052359e-08,8.796864996700657e-08,8.796871798257952e-08,8.796878599724633e-08,8.79688540110748e-08,8.79689220239147e-08,8.796899003576668e-08,8.79690580468417e-08,8.796912605694455e-08,8.796919406619409e-08,8.796926207427969e-08,8.79693300819456e-08,8.796939808838286e-08,8.796946609393894e-08,8.796953409862068e-08,8.796960210239047e-08,8.796967010515179e-08,8.796973810707313e-08,8.796980610798177e-08,8.796987410793752e-08,8.796994210709644e-08,8.797001010528414e-08,8.797007810253635e-08,8.797014609896705e-08,8.797021409448909e-08,8.797028208911711e-08,8.797035008272803e-08,8.797041807551424e-08,8.797048606735888e-08,8.797055405831824e-08,8.79706220482443e-08,8.79706900373905e-08,8.797075802549569e-08,8.797082601280443e-08,8.797089399919169e-08,8.797096198469832e-08,8.797102996924937e-08,8.797109795294164e-08,8.797116593570403e-08,8.797123391798649e-08,8.797130189892263e-08,8.797136987895047e-08,8.79714378580146e-08,8.797150583620161e-08,8.797157381353436e-08,8.797164178991525e-08,8.797170976524655e-08,8.797177773960694e-08,8.79718457132569e-08,8.79719136859765e-08,8.797198165780334e-08,8.797204962875053e-08,8.797211759874937e-08,8.797218556783252e-08,8.79722535360216e-08,8.797232150329572e-08,8.797238946965621e-08,8.797245743510335e-08,8.797252539963274e-08,8.797259336326139e-08,8.797266132598095e-08,8.797272928777662e-08,8.797279724866458e-08,8.797286520864129e-08,8.797293316771212e-08,8.797300112587253e-08,8.797306908316425e-08,8.797313703950118e-08,8.797320499493231e-08,8.797327294938336e-08,8.79733409029837e-08,8.797340885561878e-08,8.79734768073827e-08,8.797354475829106e-08,8.797361270815718e-08,8.797368065722784e-08,8.797374860517527e-08,8.797381655238021e-08,8.79738844987023e-08,8.79739524441085e-08,8.797402038860544e-08,8.79740883322125e-08,8.797415627548226e-08,8.797422421721817e-08,8.797429215798528e-08,8.797436009793636e-08,8.797442803696652e-08,8.797449597515547e-08,8.797456391210641e-08,8.797463184840279e-08,8.797469978376729e-08,8.797476771824116e-08,8.797483565185354e-08,8.797490358443452e-08,8.797497151609915e-08,8.797503944690415e-08,8.797510737685256e-08,8.797517530586461e-08,8.797524323395988e-08,8.797531116114755e-08,8.797537908741097e-08,8.797544701282413e-08,8.797551493721415e-08,8.797558286075315e-08,8.79756507834999e-08,8.79757187052225e-08,8.797578662603856e-08,8.797585454597819e-08,8.797592246496853e-08,8.797599038304013e-08,8.797605830010707e-08,8.797612621631842e-08,8.797619413172593e-08,8.797626204614736e-08,8.79763299596042e-08,8.797639787222787e-08,8.797646578392764e-08,8.797653369473648e-08,8.797660160468311e-08,8.797666951365833e-08,8.79767374217544e-08,8.797680532890734e-08,8.797687323514362e-08,8.797694114047559e-08,8.797700904494828e-08,8.79770769485162e-08,8.797714485117858e-08,8.79772127528823e-08,8.79772806536793e-08,8.797734855355832e-08,8.797741645254364e-08,8.797748435059132e-08,8.797755224773192e-08,8.79776201436829e-08,8.797768803900142e-08,8.79777559334394e-08,8.797782382685367e-08,8.797789171943564e-08,8.797795961110815e-08,8.797802750185137e-08,8.797809539177264e-08,8.797816328069692e-08,8.797823116872998e-08,8.797829905586089e-08,8.797836694205996e-08,8.797843482741717e-08,8.79785027117448e-08,8.797857059522982e-08,8.797863847785186e-08,8.797870635951784e-08,8.797877424026071e-08,8.797884212014514e-08,8.797890999907908e-08,8.79789778770904e-08,8.797904575420031e-08,8.797911363039904e-08,8.79791815057068e-08,8.797924938006473e-08,8.79793172535569e-08,8.79793851261123e-08,8.797945299778938e-08,8.797952086847654e-08,8.797958873828689e-08,8.797965660717646e-08,8.797972447516911e-08,8.79797923422405e-08,8.797986020841837e-08,8.797992807408182e-08,8.797999593840238e-08,8.798006380208165e-08,8.798013166461942e-08,8.798019952625031e-08,8.798026738701323e-08,8.798033524683628e-08,8.798040310574581e-08,8.798047096376249e-08,8.798053882085505e-08,8.798060667700624e-08,8.798067453228009e-08,8.798074238663787e-08,8.798081024009686e-08,8.798087809260976e-08,8.798094594423593e-08,8.798101379498998e-08,8.798108164479921e-08,8.798114949369695e-08,8.798121734168882e-08,8.798128518876688e-08,8.798135303493911e-08,8.79814208801929e-08,8.7981488724544e-08,8.798155656799297e-08,8.798162441050421e-08,8.798169225212553e-08,8.798176009280762e-08,8.798182793263849e-08,8.798189577152792e-08,8.798196360950618e-08,8.798203144657022e-08,8.7982099282724e-08,8.798216711796197e-08,8.798223495230107e-08,8.798230278571316e-08,8.798237061825767e-08,8.798243844963488e-08,8.798250628038061e-08,8.798257411016552e-08,8.798264193891969e-08,8.79827097668915e-08,8.798277759396662e-08,8.798284542012302e-08,8.798291324529748e-08,8.7982981069636e-08,8.798304889306433e-08,8.798311671557752e-08,8.798318453718538e-08,8.798325235783881e-08,8.798332017752201e-08,8.798338799630584e-08,8.798345581430771e-08,8.798352363158499e-08,8.798359144774346e-08,8.798365926297008e-08,8.798372707730983e-08,8.798379489077072e-08,8.798386270328085e-08,8.798393051479996e-08,8.798399832548859e-08,8.798406613527389e-08,8.798413394414163e-08,8.79842017521714e-08,8.79842695592255e-08,8.79843373654369e-08,8.798440517079586e-08,8.798447297516687e-08,8.79845407787067e-08,8.798460858115239e-08,8.798467638276328e-08,8.79847441835067e-08,8.798481198305817e-08,8.798487978189193e-08,8.798494757983749e-08,8.79850153768742e-08,8.798508317301008e-08,8.798515096816462e-08,8.798521876248356e-08,8.798528655589304e-08,8.798535434841568e-08,8.798542213999194e-08,8.798548993065938e-08,8.7985557720158e-08,8.798562550896567e-08,8.798569329691144e-08,8.798576108391011e-08,8.79858288700428e-08,8.798589665529157e-08,8.798596443960828e-08,8.798603222303657e-08,8.798610000547584e-08,8.798616778707228e-08,8.798623556774835e-08,8.798630334757234e-08,8.798637112613754e-08,8.798643890411866e-08,8.798650668119554e-08,8.798657445732906e-08,8.798664223262852e-08,8.79867100069382e-08,8.798677778034331e-08,8.798684555284444e-08,8.798691332442768e-08,8.79869810950254e-08,8.79870488647987e-08,8.79871166336235e-08,8.798718440160439e-08,8.798725216860758e-08,8.798731993485014e-08,8.79873877000955e-08,8.798745546440775e-08,8.798752322780635e-08,8.798759099029337e-08,8.798765875187775e-08,8.798772651256815e-08,8.798779427234297e-08,8.798786203120534e-08,8.798792978916012e-08,8.798799754618865e-08,8.798806530228984e-08,8.798813305750568e-08,8.798820081181711e-08,8.798826856524635e-08,8.798833631753179e-08,8.798840406914628e-08,8.798847181981691e-08,8.798853956959436e-08,8.798860731843894e-08,8.798867506638845e-08,8.798874281326954e-08,8.798881055942219e-08,8.798887830464465e-08,8.798894604895845e-08,8.798901379236344e-08,8.79890815348575e-08,8.79891492764235e-08,8.798921701704203e-08,8.798928475687046e-08,8.798935249572824e-08,8.798942023368135e-08,8.798948797072438e-08,8.798955570685597e-08,8.79896234420762e-08,8.798969117637486e-08,8.798975890977405e-08,8.79898266423332e-08,8.798989437390957e-08,8.798996210451234e-08,8.799002983415406e-08,8.799009756305466e-08,8.799016529101875e-08,8.799023301806423e-08,8.799030074419477e-08,8.799036846941443e-08,8.799043619374585e-08,8.799050391716483e-08,8.799057163957273e-08,8.799063936117894e-08,8.799070708186991e-08,8.799077480166119e-08,8.799084252045918e-08,8.799091023842117e-08,8.799097795546893e-08,8.799104567159162e-08,8.799111338683027e-08,8.799118110106828e-08,8.799124881451825e-08,8.799131652736715e-08,8.799138423894467e-08,8.799145194975208e-08,8.799151965952189e-08,8.799158736838865e-08,8.799165507635179e-08,8.799172278348951e-08,8.799179048966103e-08,8.799185819487308e-08,8.799192589920952e-08,8.799199360266204e-08,8.799206130514772e-08,8.799212900675698e-08,8.799219670743647e-08,8.799226440725208e-08,8.79923321061318e-08,8.799239980406258e-08,8.799246750112614e-08,8.799253519727893e-08,8.79926028925067e-08,8.799267058698011e-08,8.799273828041575e-08,8.799280597297178e-08,8.799287366457588e-08,8.79929413553479e-08,8.799300904518172e-08,8.799307673406976e-08,8.799314442202794e-08,8.799321210910579e-08,8.799327979526983e-08,8.799334748052816e-08,8.799341516477838e-08,8.799348284817545e-08,8.799355053064249e-08,8.799361821225931e-08,8.799368589322177e-08,8.799375357302592e-08,8.799382125191332e-08,8.799388892992688e-08,8.799395660668093e-08,8.79940242828448e-08,8.799409195806401e-08,8.799415963243118e-08,8.799422730589399e-08,8.799429497850054e-08,8.799436265012811e-08,8.799443032080219e-08,8.799449799063513e-08,8.799456565954895e-08,8.79946333275493e-08,8.799470099461856e-08,8.799476866079853e-08,8.799483632609014e-08,8.799490399045204e-08,8.799497165389018e-08,8.799503931633647e-08,8.799510697797261e-08,8.799517463870817e-08,8.799524229854931e-08,8.799530995747353e-08,8.799537761533608e-08,8.799544527237597e-08,8.799551292850067e-08,8.799558058379223e-08,8.79956482380475e-08,8.79957158914821e-08,8.799578354403827e-08,8.799585119571767e-08,8.799591884647697e-08,8.799598649643062e-08,8.799605414535829e-08,8.799612179338594e-08,8.79961894404903e-08,8.79962570867043e-08,8.799632473200435e-08,8.799639237639318e-08,8.799646001987154e-08,8.799652766244906e-08,8.799659530414966e-08,8.799666294490565e-08,8.799673058475418e-08,8.799679822369775e-08,8.799686586174856e-08,8.799693349887975e-08,8.799700113508967e-08,8.799706877040718e-08,8.799713640481937e-08,8.799720403830791e-08,8.799727167088721e-08,8.79973393025578e-08,8.799740693331141e-08,8.799747456328096e-08,8.799754219224654e-08,8.799760982025852e-08,8.799767744729389e-08,8.799774507352748e-08,8.799781269884768e-08,8.799788032326574e-08,8.799794794678246e-08,8.799801556938777e-08,8.799808319117498e-08,8.799815081200457e-08,8.799821843188331e-08,8.799828605085203e-08,8.79983536689228e-08,8.799842128608657e-08,8.799848890233343e-08,8.799855651768438e-08,8.799862413216123e-08,8.799869174548689e-08,8.799875935810268e-08,8.799882696980097e-08,8.799889458068666e-08,8.799896219057907e-08,8.799902979956507e-08,8.79990974077022e-08,8.799916501487272e-08,8.799923262121803e-08,8.799930022660312e-08,8.799936783113697e-08,8.799943543472508e-08,8.799950303735822e-08,8.799957063916726e-08,8.799963823997988e-08,8.799970583983752e-08,8.799977343886497e-08,8.79998410369436e-08,8.799990863402022e-08,8.799997623029964e-08,8.800004382566856e-08,8.800011142007797e-08,8.800017901364334e-08,8.800024660629607e-08,8.800031419804581e-08,8.800038178885887e-08,8.800044937882792e-08,8.800051696796412e-08,8.80005845560769e-08,8.80006521432853e-08,8.800071972958375e-08,8.800078731498715e-08,8.80008548994709e-08,8.800092248303687e-08,8.800099006571473e-08,8.800105764755209e-08,8.800112522854611e-08,8.800119280849479e-08,8.800126038753863e-08,8.800132796561853e-08,8.80013955428475e-08,8.800146311914993e-08,8.800153069456536e-08,8.800159826906726e-08,8.800166584266932e-08,8.800173341556488e-08,8.800180098734857e-08,8.800186855818649e-08,8.8001936128086e-08,8.800200369715982e-08,8.800207126524028e-08,8.800213883246698e-08,8.80022063988095e-08,8.800227396425388e-08,8.800234152878356e-08,8.800240909240966e-08,8.800247665512204e-08,8.80025442169195e-08,8.8002611777843e-08,8.800267933784007e-08,8.800274689692605e-08,8.800281445510032e-08,8.80028820123727e-08,8.800294956859085e-08,8.800301712401083e-08,8.800308467858206e-08,8.800315223222401e-08,8.800321978496659e-08,8.800328733683737e-08,8.800335488774175e-08,8.800342243780665e-08,8.800348998694828e-08,8.800355753539853e-08,8.800362508260549e-08,8.800369262899086e-08,8.800376017447015e-08,8.800382771904444e-08,8.800389526270502e-08,8.800396280543045e-08,8.800403034728563e-08,8.800409788827245e-08,8.800416542839549e-08,8.800423296748942e-08,8.800430050603485e-08,8.800436804335388e-08,8.800443557976569e-08,8.800450311527305e-08,8.800457064988305e-08,8.800463818371055e-08,8.800470571648786e-08,8.800477324838378e-08,8.800484077935797e-08,8.800490830942533e-08,8.800497583858287e-08,8.800504336684085e-08,8.800511089419135e-08,8.800517842051215e-08,8.800524594600756e-08,8.800531347063206e-08,8.800538099434729e-08,8.800544851710346e-08,8.800551603901801e-08,8.800558356002114e-08,8.800565108018135e-08,8.800571859936917e-08,8.800578611763295e-08,8.80058536349851e-08,8.800592115146128e-08,8.800598866702017e-08,8.800605618168578e-08,8.800612369544351e-08,8.800619120827204e-08,8.800625872024095e-08,8.800632623144222e-08,8.80063937415694e-08,8.800646125051307e-08,8.800652875881595e-08,8.800659626620794e-08,8.800666377270932e-08,8.800673127793073e-08,8.800679878259066e-08,8.80068662863881e-08,8.800693378929676e-08,8.800700129126038e-08,8.80070687923101e-08,8.800713629246014e-08,8.800720379169477e-08,8.800727129003526e-08,8.800733878738508e-08,8.800740628395826e-08,8.800747377957977e-08,8.800754127427928e-08,8.800760876808517e-08,8.800767626098122e-08,8.800774375297641e-08,8.800781124408364e-08,8.800787873425943e-08,8.800794622352955e-08,8.80080137117086e-08,8.800808119915274e-08,8.800814868595569e-08,8.800821617160875e-08,8.800828365634382e-08,8.800835114018085e-08,8.800841862311245e-08,8.800848610513205e-08,8.800855358628031e-08,8.800862106649021e-08,8.800868854578782e-08,8.80087560242054e-08,8.800882350170344e-08,8.800889097828288e-08,8.800895845401993e-08,8.80090259287967e-08,8.800909340262507e-08,8.800916087558983e-08,8.800922834764484e-08,8.800929581879257e-08,8.800936328903318e-08,8.800943075837245e-08,8.800949822679365e-08,8.800956569432493e-08,8.800963316085113e-08,8.800970062649395e-08,8.800976809130868e-08,8.800983555523868e-08,8.800990301823323e-08,8.800997048031115e-08,8.80100379414504e-08,8.801010540172555e-08,8.801017286109412e-08,8.801024031955675e-08,8.801030777711405e-08,8.80103752341707e-08,8.801044268995572e-08,8.80105101447884e-08,8.801057759871642e-08,8.801064505174939e-08,8.801071250386515e-08,8.801077995507694e-08,8.801084740538333e-08,8.801091485479819e-08,8.801098230327319e-08,8.801104975080325e-08,8.801111719748543e-08,8.801118464326514e-08,8.801125208813404e-08,8.801131953208046e-08,8.801138697491244e-08,8.801145441703041e-08,8.801152185830587e-08,8.801158929865098e-08,8.801165673807034e-08,8.801172417659826e-08,8.801179161428106e-08,8.801185905101236e-08,8.801192648683538e-08,8.801199392174306e-08,8.80120613557433e-08,8.801212878883754e-08,8.801219622096855e-08,8.801226365226099e-08,8.801233108270479e-08,8.801239851217992e-08,8.801246594073451e-08,8.801253336848241e-08,8.801260079526064e-08,8.801266822114518e-08,8.801273564608015e-08,8.80128030701171e-08,8.801287049315733e-08,8.801293791538739e-08,8.80130053367011e-08,8.801307275712902e-08,8.801314017671086e-08,8.801320759531513e-08,8.80132750130204e-08,8.801334242979358e-08,8.801340984564688e-08,8.801347726062406e-08,8.801354467464682e-08,8.801361208782886e-08,8.801367950008907e-08,8.801374691149505e-08,8.801381432195558e-08,8.801388173163109e-08,8.801394914028255e-08,8.801401654802352e-08,8.801408395485625e-08,8.801415136078438e-08,8.801421876581208e-08,8.801428616982045e-08,8.801435357302413e-08,8.801442097532475e-08,8.80144883767512e-08,8.801455577725168e-08,8.801462317676354e-08,8.801469057545085e-08,8.801475797313023e-08,8.801482537000642e-08,8.801489276595623e-08,8.801496016101931e-08,8.801502755521099e-08,8.801509494846714e-08,8.80151623407789e-08,8.80152297322196e-08,8.801529712275551e-08,8.801536451238474e-08,8.801543190114293e-08,8.801549928894734e-08,8.801556667586332e-08,8.801563406183754e-08,8.801570144682595e-08,8.801576883102226e-08,8.801583621424295e-08,8.801590359650103e-08,8.801597097809284e-08,8.801603835822724e-08,8.801610573775694e-08,8.801617311650531e-08,8.801624049436801e-08,8.801630787133088e-08,8.801637524740123e-08,8.801644262232904e-08,8.801650999656702e-08,8.801657736993109e-08,8.801664474237628e-08,8.801671211390812e-08,8.801677948454834e-08,8.80168468542613e-08,8.801691422308371e-08,8.801698159096398e-08,8.801704895796967e-08,8.801711632402933e-08,8.801718368921006e-08,8.801725105340331e-08,8.80173184167804e-08,8.801738577925719e-08,8.801745314080278e-08,8.801752050146715e-08,8.801758786122871e-08,8.801765522007596e-08,8.801772257803553e-08,8.801778993518295e-08,8.80178572913116e-08,8.801792464654597e-08,8.801799200108226e-08,8.801805935449553e-08,8.80181267070143e-08,8.801819405865575e-08,8.801826140933567e-08,8.80183287590574e-08,8.80183961079339e-08,8.801846345592979e-08,8.801853080301846e-08,8.801859814920522e-08,8.801866549448693e-08,8.801873283882376e-08,8.801880018229507e-08,8.801886752486395e-08,8.801893486652989e-08,8.801900220728346e-08,8.801906954738955e-08,8.801913688633335e-08,8.801920422430825e-08,8.801927156144993e-08,8.801933889758173e-08,8.801940623290708e-08,8.801947356732521e-08,8.801954090084164e-08,8.801960823349102e-08,8.80196755652591e-08,8.80197428960601e-08,8.801981022595143e-08,8.801987755493626e-08,8.801994488302123e-08,8.802001221014267e-08,8.802007953624825e-08,8.802014686163164e-08,8.802021418606644e-08,8.802028150969291e-08,8.802034883235553e-08,8.802041615410566e-08,8.802048347495862e-08,8.80205507949484e-08,8.802061811404877e-08,8.802068543219164e-08,8.802075274942118e-08,8.802082006574421e-08,8.802088738117248e-08,8.802095469569611e-08,8.802102200931288e-08,8.80210893220205e-08,8.80211566340031e-08,8.802122394490065e-08,8.80212912549332e-08,8.802135856403214e-08,8.802142587219247e-08,8.802149317944502e-08,8.802156048581212e-08,8.802162779124696e-08,8.802169509581733e-08,8.802176239954887e-08,8.802182970230815e-08,8.80218970041773e-08,8.802196430512916e-08,8.802203160518683e-08,8.80220989043035e-08,8.802216620254172e-08,8.802223349986988e-08,8.802230079625104e-08,8.802236809177516e-08,8.802243538638712e-08,8.80225026801028e-08,8.802256997293064e-08,8.802263726482582e-08,8.80227045558048e-08,8.802277184594038e-08,8.802283913521651e-08,8.802290642351014e-08,8.802297371088994e-08,8.802304099715356e-08,8.802310828271954e-08,8.802317556739041e-08,8.802324285107577e-08,8.802331013391057e-08,8.80233774158649e-08,8.802344469690061e-08,8.802351197707256e-08,8.802357925631514e-08,8.802364653445223e-08,8.802371381187402e-08,8.802378108841582e-08,8.80238483644034e-08,8.802391563912624e-08,8.802398291294621e-08,8.80240501858405e-08,8.802411745784996e-08,8.802418472896029e-08,8.802425199921334e-08,8.802431926851245e-08,8.802438653690953e-08,8.802445380440853e-08,8.802452107088005e-08,8.802458833656073e-08,8.802465560133787e-08,8.802472286520348e-08,8.802479012818794e-08,8.802485739026042e-08,8.802492465142567e-08,8.802499191168118e-08,8.802505917103525e-08,8.802512642949102e-08,8.802519368707081e-08,8.802526094369521e-08,8.802532819934895e-08,8.802539545415429e-08,8.802546270808352e-08,8.802552996112586e-08,8.80255972132006e-08,8.802566446434201e-08,8.802573171464926e-08,8.802579896406208e-08,8.802586621257273e-08,8.802593346020906e-08,8.80260007068389e-08,8.802606795261235e-08,8.802613519768886e-08,8.802620244170901e-08,8.802626968475886e-08,8.802633692693204e-08,8.802640416818398e-08,8.802647140849167e-08,8.802653864796615e-08,8.802660588652862e-08,8.802667312420817e-08,8.802674036096316e-08,8.802680759682389e-08,8.802687483171223e-08,8.802694206574913e-08,8.802700929888863e-08,8.802707653110706e-08,8.802714376243829e-08,8.802721099286924e-08,8.802727822260223e-08,8.802734545129862e-08,8.802741267901657e-08,8.802747990582592e-08,8.802754713172985e-08,8.802761435675416e-08,8.802768158075539e-08,8.802774880396916e-08,8.802781602626785e-08,8.802788324736555e-08,8.802795046784188e-08,8.802801768743089e-08,8.802808490613536e-08,8.802815212388239e-08,8.802821934063352e-08,8.802828655668022e-08,8.802835377167033e-08,8.802842098583696e-08,8.802848819907544e-08,8.802855541142425e-08,8.802862262285854e-08,8.802868983340843e-08,8.802875704307101e-08,8.802882425182424e-08,8.802889145963473e-08,8.802895866655506e-08,8.802902587258949e-08,8.802909307787889e-08,8.802916028209197e-08,8.802922748541314e-08,8.80292946878386e-08,8.802936188935842e-08,8.80294290899771e-08,8.80294962896874e-08,8.80295634887069e-08,8.802963068658093e-08,8.802969788356566e-08,8.80297650796797e-08,8.802983227486794e-08,8.802989946916621e-08,8.802996666252442e-08,8.803003385500636e-08,8.803010104658248e-08,8.803016823725106e-08,8.803023542702003e-08,8.80303026158869e-08,8.803036980386189e-08,8.803043699092265e-08,8.803050417707763e-08,8.803057136232694e-08,8.803063854667416e-08,8.80307057301524e-08,8.803077291261956e-08,8.803084009424919e-08,8.803090727501152e-08,8.803097445484783e-08,8.803104163378103e-08,8.803110881182063e-08,8.803117598896114e-08,8.803124316518124e-08,8.803131034049584e-08,8.80313775149136e-08,8.80314446884245e-08,8.803151186102096e-08,8.803157903272483e-08,8.803164620352554e-08,8.803171337328863e-08,8.803178054228926e-08,8.803184771037971e-08,8.803191487764843e-08,8.80319820438925e-08,8.803204920925921e-08,8.803211637374528e-08,8.803218353731999e-08,8.803225070002887e-08,8.80323178618058e-08,8.803238502267753e-08,8.803245218265059e-08,8.80325193417138e-08,8.803258649988351e-08,8.803265365715069e-08,8.803272081353223e-08,8.803278796898322e-08,8.80328551235112e-08,8.803292227715856e-08,8.803298942991221e-08,8.803305658185446e-08,8.803312373279223e-08,8.80331908828355e-08,8.803325803196972e-08,8.803332518020057e-08,8.803339232753237e-08,8.803345947393313e-08,8.803352661945388e-08,8.8033593764067e-08,8.803366090777763e-08,8.80337280505912e-08,8.803379519250549e-08,8.803386233350846e-08,8.803392947363643e-08,8.803399661273498e-08,8.803406375097463e-08,8.803413088837357e-08,8.803419802487051e-08,8.803426516046102e-08,8.803433229515306e-08,8.803439942894651e-08,8.80344665618185e-08,8.803453369382776e-08,8.803460082470074e-08,8.80346679548345e-08,8.803473508410894e-08,8.803480221247855e-08,8.803486933998584e-08,8.803493646657244e-08,8.803500359222763e-08,8.80350707171974e-08,8.803513784107522e-08,8.803520496402938e-08,8.803527208597502e-08,8.803533920712477e-08,8.803540632726294e-08,8.80354734466189e-08,8.80355405649912e-08,8.803560768252467e-08,8.803567479915412e-08,8.803574191488655e-08,8.80358090296928e-08,8.80358761436142e-08,8.803594325664002e-08,8.803601036881927e-08,8.80360774800341e-08,8.803614459029667e-08,8.803621169971964e-08,8.803627880822703e-08,8.803634591583235e-08,8.803641302254242e-08,8.803648012834204e-08,8.803654723323983e-08,8.803661433725354e-08,8.803668144032706e-08,8.80367485425082e-08,8.803681564380306e-08,8.803688274419464e-08,8.803694984368166e-08,8.803701694225754e-08,8.803708403993322e-08,8.80371511367164e-08,8.803721823251607e-08,8.80372853275154e-08,8.803735242159235e-08,8.803741951471054e-08,8.803748660695558e-08,8.803755369829804e-08,8.803762078876138e-08,8.803768787832601e-08,8.803775496700773e-08,8.803782205475772e-08,8.803788914158543e-08,8.803795622753627e-08,8.80380233124705e-08,8.803809039652628e-08,8.803815747975327e-08,8.803822456202483e-08,8.803829164346846e-08,8.803835872401277e-08,8.803842580368068e-08,8.803849288247481e-08,8.803855996030801e-08,8.803862703727094e-08,8.803869411357095e-08,8.803876118869037e-08,8.803882826291814e-08,8.803889533624287e-08,8.80389624086635e-08,8.803902948017886e-08,8.803909655079341e-08,8.803916362052824e-08,8.803923068933704e-08,8.803929775718543e-08,8.803936482418518e-08,8.803943189028792e-08,8.803949895555589e-08,8.803956601983853e-08,8.803963308323154e-08,8.803970014572221e-08,8.80397672072795e-08,8.803983426796724e-08,8.803990132775598e-08,8.803996838664466e-08,8.804003544463231e-08,8.804010250168577e-08,8.804016955787156e-08,8.804023661315288e-08,8.804030366757592e-08,8.804037072104801e-08,8.804043777355963e-08,8.804050482523037e-08,8.8040571875823e-08,8.804063892568424e-08,8.804070597465947e-08,8.804077302266348e-08,8.804084006982677e-08,8.804090711608366e-08,8.804097416140615e-08,8.804104120586735e-08,8.804110824916216e-08,8.804117529181704e-08,8.80412423334676e-08,8.804130937433092e-08,8.80413764142042e-08,8.804144345328041e-08,8.804151049142218e-08,8.804157752868131e-08,8.804164456494682e-08,8.804171160034543e-08,8.804177863488335e-08,8.804184566852236e-08,8.804191270119783e-08,8.80419797330271e-08,8.804204676395608e-08,8.804211379397258e-08,8.804218082296644e-08,8.804224785118842e-08,8.804231487868133e-08,8.804238190508082e-08,8.804244893064112e-08,8.804251595529312e-08,8.804258297883933e-08,8.804265000165144e-08,8.804271702356615e-08,8.80427840445633e-08,8.804285106467466e-08,8.804291808362224e-08,8.804298510192471e-08,8.804305211971103e-08,8.804311913622105e-08,8.804318615182127e-08,8.804325316653141e-08,8.804332018020586e-08,8.804338719310841e-08,8.80434542050976e-08,8.804352121618937e-08,8.804358822636405e-08,8.804365523565241e-08,8.804372224402359e-08,8.804378925151037e-08,8.804385625805692e-08,8.80439232637634e-08,8.804399026853812e-08,8.804405727241862e-08,8.804412427513556e-08,8.804419127722456e-08,8.804425827839128e-08,8.80443252786671e-08,8.804439227804241e-08,8.804445927646039e-08,8.804452627403973e-08,8.804459327070642e-08,8.804466026644851e-08,8.8044727261335e-08,8.804479425529859e-08,8.804486124835564e-08,8.804492824048681e-08,8.804499523174223e-08,8.80450622221072e-08,8.8045129211552e-08,8.804519620010776e-08,8.80452631877946e-08,8.804533017449003e-08,8.804539716034464e-08,8.804546414530598e-08,8.80455311293672e-08,8.804559811253554e-08,8.804566509474717e-08,8.804573207612809e-08,8.804579905656843e-08,8.804586603612119e-08,8.804593301476089e-08,8.804599999240608e-08,8.804606696924931e-08,8.804613394519247e-08,8.804620092030863e-08,8.804626789441954e-08,8.804633486794963e-08,8.804640184020895e-08,8.80464688116359e-08,8.804653578217323e-08,8.804660275181253e-08,8.804666972054983e-08,8.804673668837909e-08,8.804680365532048e-08,8.804687062140575e-08,8.804693758641635e-08,8.804700455064456e-08,8.804707151397524e-08,8.804713847641222e-08,8.804720543796405e-08,8.804727239858384e-08,8.804733935831092e-08,8.804740631713156e-08,8.804747327502374e-08,8.804754023214187e-08,8.804760718822585e-08,8.804767414343835e-08,8.804774109820284e-08,8.804780805162057e-08,8.804787500414115e-08,8.80479419557531e-08,8.804800890645358e-08,8.804807585618378e-08,8.804814280509303e-08,8.804820975310403e-08,8.804827670021355e-08,8.804834364642529e-08,8.804841059173347e-08,8.804847753614817e-08,8.804854447964184e-08,8.804861142214467e-08,8.804867836393609e-08,8.804874530472971e-08,8.804881224463435e-08,8.804887918367623e-08,8.80489461217731e-08,8.804901305896405e-08,8.804907999537322e-08,8.804914693077791e-08,8.804921386530161e-08,8.804928079891144e-08,8.80493477316084e-08,8.804941466320674e-08,8.804948159413177e-08,8.804954852415693e-08,8.804961545324943e-08,8.804968238143504e-08,8.8049749308725e-08,8.804981623512345e-08,8.804988316061035e-08,8.804995008511637e-08,8.805001700887298e-08,8.805008393172384e-08,8.805015085359932e-08,8.805021777457935e-08,8.80502846946417e-08,8.805035161373674e-08,8.805041853200565e-08,8.805048544936784e-08,8.805055236585307e-08,8.80506192814361e-08,8.805068619608037e-08,8.805075310995033e-08,8.805082002283009e-08,8.80508869348116e-08,8.805095384586065e-08,8.805102075603066e-08,8.805108766531866e-08,8.805115457372002e-08,8.805122148108255e-08,8.805128838759095e-08,8.805135529327713e-08
19,1.4315480805165592e-68,7.199192137516986e-68,2.2571614558661263e-67,5.508548544949989e-67,1.1519667795081659e-66,2.1628188287340576e-66,3.7554767262566e-66,6.140650574998429e-66,9.577197247617365e-66,1.4355754091317478e-65,2.0829905683819754e-65,2.940193385722942e-65,4.053042260648479e-65,5.473356747481208e-65,7.245953600267946e-65,9.458996378000998e-65,1.2173485071492861e-64,1.546839941511608e-64,1.9430264208520072e-64,2.4153651115286007e-64,2.9701993495108956e-64,3.621308489535804e-64,4.3858443518133506e-64,5.272838588581419e-64,6.29625148292946e-64,7.471024857465516e-64,8.813166153251272e-64,1.033973711300529e-63,1.2068915214167867e-63,1.4020022075602914e-63,1.6213558316349434e-63,1.8671238404121602e-63,2.141602548816472e-63,2.447216621248218e-63,2.786522550615271e-63,3.1622121348508546e-63,3.5771159507263506e-63,4.0342068248598163e-63,4.536603301835905e-63,5.087573109392765e-63,5.690536620673581e-63,6.349070313516821e-63,7.06691022685624e-63,7.847955414202835e-63,8.696271394277925e-63,9.616093598839859e-63,1.0611830817721269e-62,1.1688068641144308e-62,1.2849572899347087e-62,1.4101293099560308e-62,1.544836586038419e-62,1.6896118343582213e-62,1.8450071683327036e-62,2.011594441299303e-62,2.1899655889389024e-62,2.3807329714610586e-62,2.5845297155425427e-62,2.8020100560292783e-62,3.033849677393937e-62,3.2807460549582353e-62,3.5434187958855145e-62,3.822609979928915e-62,4.119084499959296e-62,4.43363040224738e-62,4.767059226524568e-62,5.1202063458139175e-62,5.493931306024176e-62,5.889118165325155e-62,6.306675833285044e-62,6.747538409790337e-62,7.21266552372871e-62,7.7030426714558584e-62,8.219681555025237e-62,8.763620420203476e-62,9.335924394246843e-62,9.937685823471555e-62,1.0570024610578356e-61,1.1234088551761427e-61,1.193105367360506e-61,1.266212456973173e-61,1.3428534737246984e-61,1.423154691295339e-61,1.5072453409336497e-61,1.5952576450329477e-61,1.687326850686976e-61,1.7835912632205085e-61,1.8841922796999783e-61,1.9892744224208727e-61,2.0989853723730157e-61,2.2134760026839455e-61,2.332900412039262e-61,2.457415958080987e-61,2.5871832907857668e-61,2.722366385817582e-61,2.8631325778601423e-61,3.009652593927283e-61,3.16210058665221e-61,3.320654167550118e-61,3.485494440265567e-61,3.6568060337919084e-61,3.8347771356708e-61,4.019599525172019e-61,4.2114686064464495e-61,4.4105834416615926e-61,4.617146784111505e-61,4.8313651113072045e-61,5.0534486580455415e-61,5.28361144945284e-61,5.522071334008509e-61,5.7690500165504505e-61,6.024773091248711e-61,6.289470074568813e-61,6.563374438206064e-61,6.846723642002034e-61,7.139759166830889e-61,7.442726547475795e-61,7.755875405476948e-61,8.079459481956457e-61,8.413736670423308e-61,8.758969049561305e-61,9.11542291598279e-61,9.483368816975317e-61,9.863081583220007e-61,1.0254840361479425e-60,1.0658928647284617e-60,1.1075634317579526e-60,1.1505249663353498e-60,1.194807142225486e-60,1.2404400811175254e-60,1.2874543558815748e-60,1.3358809938235947e-60,1.385751479937468e-60,1.4370977601546849e-60,1.489952244593086e-60,1.5443478108027476e-60,1.6003178070085753e-60,1.6578960553534192e-60,1.7171168551365287e-60,1.7780149860502547e-60,1.8406257114166808e-60,1.9049847814193834e-60,1.9711284363345545e-60,2.0390934097594766e-60,2.1089169318394116e-60,2.180636732492163e-60,2.2542910446291635e-60,2.3299186073767034e-60,2.4075586692939326e-60,2.4872509915872263e-60,2.5690358513259306e-60,2.6529540446524865e-60,2.739046889992242e-60,2.827356231260537e-60,2.917924441068735e-60,3.0107944239257135e-60,3.1060096194400966e-60,3.2036140055188375e-60,3.3036521015634333e-60,3.406168971664406e-60,3.5112102277945045e-60,3.618822032998238e-60,3.729051104580058e-60,3.8419447172912166e-60,3.9575507065126397e-60,4.0759174714378616e-60,4.197093978252231e-60,4.3211297633096733e-60,4.4480749363095593e-60,4.5779801834701814e-60,4.710896770698279e-60,4.8468765467600117e-60,4.985971946447702e-60,5.128235993744301e-60,5.273722304986213e-60,5.42248509202502e-60,5.574579165385254e-60,5.730059937420948e-60,5.888983425470815e-60,6.051406255011009e-60,6.217385662803059e-60,6.386979500045461e-60,6.560246235517507e-60,6.737244958723921e-60,6.918035383036524e-60,7.102677848835144e-60,7.291233326644368e-60,7.483763420269217e-60,7.680330369930295e-60,7.880997055392663e-60,8.085826999097559e-60,8.29488436928957e-60,8.508233983141001e-60,8.725941309875201e-60,8.94807247388892e-60,9.174694257870212e-60,9.405874105915441e-60,9.641680126645523e-60,9.882181096317077e-60,1.0127446461935067e-59,1.0377546344360205e-59,1.0632551541416113e-59,1.0892533530993465e-59,1.1157564474154034e-59,1.1427717218228755e-59,1.1703065299920228e-59,1.1983682948394565e-59,1.226964508837775e-59,1.2561027343249018e-59,1.285790603813008e-59,1.3160358202970638e-59,1.3468461575641473e-59,1.3782294605011587e-59,1.410193645403297e-59,1.44274670028223e-59,1.4758966851734932e-59,1.509651732444423e-59,1.5440200471015586e-59,1.5790099070974572e-59,1.6146296636380441e-59,1.6508877414893918e-59,1.68779263928392e-59,1.7253529298270036e-59,1.7635772604035406e-59,1.802474353083273e-59,1.8420530050266713e-59,1.8823220887907504e-59,1.9232905526344334e-59,1.9649674208233018e-59,2.007361793934941e-59,2.050482849163705e-59,2.0943398406248424e-59,2.1389420996593954e-59,2.1842990351377805e-59,2.2304201337641457e-59,2.277314960380133e-59,2.32499315826795e-59,2.3734644494541733e-59,2.422738635012868e-59,2.4728255953679183e-59,2.52373529059683e-59,2.575477760732189e-59,2.628063126064609e-59,2.6815015874448697e-59,2.735803426585353e-59,2.7909790063624404e-59,2.8470387711173665e-59,2.903993246958052e-59,2.961853042060249e-59,3.0206288469677627e-59,3.0803314348944136e-59,3.1409716620235108e-59,3.2025604678081838e-59,3.265108875272761e-59,3.3286279913109105e-59,3.3931290069864465e-59,3.458623197833251e-59,3.5251219241534874e-59,3.5926366313174942e-59,3.6611788500627283e-59,3.7307601967919204e-59,3.801392373872201e-59,3.8730871699334533e-59,3.9458564601658694e-59,4.019712206618476e-59,4.094666458496925e-59,4.170731352460391e-59,4.247919112919805e-59,4.326242052334131e-59,4.405712571507973e-59,4.486343159888148e-59,4.568146395860463e-59,4.651134947045413e-59,4.7353215705950535e-59,4.820719113488957e-59,4.907340512829075e-59,4.995198796137195e-59,5.084307081648004e-59,5.174678578605897e-59,5.266326587559511e-59,5.359264500656807e-59,5.453505801938644e-59,5.549064067634961e-59,5.645952966457485e-59,5.744186259894024e-59,5.843777802503003e-59,5.944741542206126e-59,6.047091520582555e-59,6.150841873161906e-59,6.2560068297172976e-59,6.362600714558468e-59,6.47063794682364e-59,6.580133040773041e-59,6.69110060608013e-59,6.803555348124433e-59,6.917512068283501e-59,7.032985664223721e-59,7.149991130192644e-59,7.268543557310323e-59,7.388658133859266e-59,7.510350145577361e-59,7.633634975946592e-59,7.758528106485012e-59,7.885045117035918e-59,8.013201686058856e-59,8.143013590919314e-59,8.274496708178789e-59,8.407667013883407e-59,8.542540583854557e-59,8.679133593976831e-59,8.817462320488264e-59,8.957543140267868e-59,9.099392531125209e-59,9.243027072088834e-59,9.38846344369317e-59,9.535718428268889e-59,9.68480891022877e-59,9.835751876355669e-59,9.98856441609065e-59,1.014326372181992e-58,1.0299867089161939e-58,1.0458391917254676e-58,1.061885570904117e-58,1.0781276071557202e-58,1.0945670716217576e-58,1.111205745910079e-58,1.1280454221237582e-58,1.1450879028894063e-58,1.1623350013858775e-58,1.1797885413728463e-58,1.1974503572190972e-58,1.215322293931212e-58,1.2334062071821737e-58,1.251703963339476e-58,1.2702174394938314e-58,1.2889485234875293e-58,1.3078991139428356e-58,1.3270711202904192e-58,1.3464664627975982e-58,1.3660870725968532e-58,1.3859348917139895e-58,1.4060118730965779e-58,1.4263199806422436e-58,1.446861189226813e-58,1.4676374847326983e-58,1.488650864077133e-58,1.5099033352402595e-58,1.531396917293503e-58,1.5531336404275734e-58,1.5751155459807611e-58,1.5973446864670364e-58,1.619823125604217e-58,1.6425529383419395e-58,1.6655362108898777e-58,1.6887750407458177e-58,1.712271536723568e-58,1.73602781898117e-58,1.7600460190487285e-58,1.784328279856544e-58,1.8088767557630454e-58,1.8336936125827426e-58,1.8587810276141642e-58,1.8841411896678308e-58,1.9097762990940048e-58,1.9356885678107185e-58,1.9618802193316472e-58,1.9883534887937954e-58,2.0151106229854776e-58,2.0421538803741357e-58,2.0694855311340174e-58,2.097107857173894e-58,2.1250231521651357e-58,2.1532337215691287e-58,2.1817418826649843e-58,2.2105499645775712e-58,2.2396603083048646e-58,2.2690752667456596e-58,2.2987972047273264e-58,2.3288284990334403e-58,2.3591715384311563e-58,2.3898287236992013e-58,2.4208024676550353e-58,2.452095195182703e-58,2.4837093432601276e-58,2.515647360986801e-58,2.547911709611221e-58,2.5805048625584384e-58,2.6134293054573257e-58,2.6466875361682135e-58,2.680282064810303e-58,2.714215413788895e-58,2.7484901178229635e-58,2.783108723972518e-58,2.8180737916657783e-58,2.853387892726685e-58,2.8890536114022266e-58,2.9250735443894724e-58,2.9614503008633047e-58,2.9981865025032975e-58,3.0352847835210124e-58,3.0727477906873654e-58,3.11057818335983e-58,3.1487786335094224e-58,3.1873518257481525e-58,3.226300457355817e-58,3.26562723830771e-58,3.305334891300952e-58,3.345426151782305e-58,3.385903767974966e-58,3.426770500905485e-58,3.468029124431029e-58,3.509682425266409e-58,3.551733203010869e-58,3.594184270175299e-58,3.6370384522092754e-58,3.680298587527514e-58,3.723967527537454e-58,3.768048136665904e-58,3.812543292385775e-58,3.8574558852431175e-58,3.902788818884388e-58,3.948545010082272e-58,3.994727388763462e-58,4.041338898035462e-58,4.0883824942124474e-58,4.13586114684298e-58,4.183777838736779e-58,4.2321355659905036e-58,4.2809373380155884e-58,4.330186177564321e-58,4.379885120756514e-58,4.430037217106678e-58,4.480645529550187e-58,4.531713134469896e-58,4.583243121723102e-58,4.6352385946681506e-58,4.6877026701906736e-58,4.7406384787301616e-58,4.794049164307012e-58,4.847937884548548e-58,4.9023078107155426e-58,4.9571621277294074e-58,5.012504034197417e-58,5.0683367424402556e-58,5.124663478518458e-58,5.181487482257747e-58,5.238812007276709e-58,5.296640321012278e-58,5.35497570474683e-58,5.413821453633812e-58,5.473180876725014e-58,5.533057296995559e-58,5.5934540513713496e-58,5.6543744907551544e-58,5.7158219800525085e-58,5.7777998981979496e-58,5.8403116381820274e-58,5.9033606070761646e-58,5.966950226060017e-58,6.031083930447663e-58,6.09576516971258e-58,6.160997407515184e-58,6.226784121727947e-58,6.29312880446232e-58,6.3600349620942226e-58,6.427506115290119e-58,6.495545799033485e-58,6.564157562650848e-58,6.63334496983762e-58,6.703111598683464e-58,6.773461041699324e-58,6.844396905843215e-58,6.915922812545517e-58,6.988042397735781e-58,7.060759311868018e-58,7.134077219946792e-58,7.207999801552902e-58,7.282530750869706e-58,7.357673776709162e-58,7.433432602536366e-58,7.509810966496684e-58,7.58681262144135e-58,7.664441334952795e-58,7.742700889370615e-58,7.821595081817375e-58,7.901127724224044e-58,7.981302643356229e-58,8.062123680840092e-58,8.143594693186861e-58,8.225719551819186e-58,8.308502143097287e-58,8.391946368343602e-58,8.476056143869393e-58,8.560835400999604e-58,8.646288086098434e-58,8.732418160595643e-58,8.819229601011371e-58,8.906726398981636e-58,8.994912561284372e-58,9.083792109865183e-58,9.173369081861277e-58,9.263647529628471e-58,9.354631520766636e-58,9.44632513814358e-58,9.538732479922016e-58,9.631857659584678e-58,9.725704805959202e-58,9.820278063243732e-58,9.915581591032009e-58,1.0011619564339487e-57,1.0108396173627589e-57,1.0205915624830326e-57,1.03041821393777e-57,1.0403199954222573e-57,1.050297332186594e-57,1.0603506510380489e-57,1.0704803803437462e-57,1.0806869500331594e-57,1.0909707916005707e-57,1.1013323381075888e-57,1.1117720241857756e-57,1.1222902860389595e-57,1.1328875614459183e-57,1.1435642897628897e-57,1.1543209119259027e-57,1.1651578704534898e-57,1.1760756094490745e-57,1.1870745746034719e-57,1.1981552131974795e-57,1.209317974104258e-57,1.2205633077919486e-57,1.2318916663260473e-57,1.2433035033720549e-57,1.254799274197753e-57,1.2663794356759074e-57,1.2780444462866095e-57,1.289794766119884e-57,1.30163085687805e-57,1.3135531818783353e-57,1.3255622060552597e-57,1.337658395963152e-57,1.3498422197785942e-57,1.362114147302997e-57,1.3744746499649482e-57,1.3869242008228152e-57,1.3994632745671245e-57,1.4120923475230264e-57,1.4248118976528697e-57,1.4376224045585664e-57,1.450524349484061e-57,1.4635182153178937e-57,1.4766044865955635e-57,1.489783649502025e-57,1.5030561918741124e-57,1.5164226032031007e-57,1.5298833746370604e-57,1.5434389989833468e-57,1.5570899707110174e-57,1.5708367859533547e-57,1.5846799425103165e-57,1.598619939850915e-57,1.6126572791156603e-57,1.6267924631191519e-57,1.6410259963522726e-57,1.6553583849848398e-57,1.669790136868053e-57,1.684321761536714e-57,1.698953770211879e-57,1.7136866758032602e-57,1.728520992911587e-57,1.7434572378310374e-57,1.7584959285517803e-57,1.773637584762255e-57,1.7888827278517504e-57,1.8042318809127535e-57,1.8196855687432632e-57,1.8352443178493988e-57,1.8509086564477868e-57,1.8666791144679027e-57,1.882556223554488e-57,1.8985405170701236e-57,1.9146325300973704e-57,1.9308327994414167e-57,1.9471418636324905e-57,1.9635602629280343e-57,1.980088539315347e-57,1.9967272365139976e-57,2.0134768999779842e-57,2.0303380768983793e-57,2.047311316205736e-57,2.064397168572242e-57,2.081596186414362e-57,2.098908923895196e-57,2.1163359369267952e-57,2.1338777831725485e-57,2.1515350220497057e-57,2.169308214731643e-57,2.187197924150248e-57,2.205204714998441e-57,2.2233291537323843e-57,2.2415718085740414e-57,2.2599332495134298e-57,2.2784140483110496e-57,2.2970147785002136e-57,2.3157360153895156e-57,2.334578336065251e-57,2.3535423193935307e-57,2.3726285460229135e-57,2.3918375983867858e-57,2.4111700607054573e-57,2.430626518988804e-57,2.4502075610386287e-57,2.4699137764507675e-57,2.4897457566177122e-57,2.5097040947309366e-57,2.5297893857831648e-57,2.550002226570727e-57,2.5703432156961063e-57,2.590812953569967e-57,2.6114120424138355e-57,2.6321410862622706e-57,2.6530006909652124e-57,2.673991464190423e-57,2.6951140154258894e-57,2.716368955981881e-57,2.7377568989935803e-57,2.7592784594234337e-57,2.780934254063197e-57,2.802724901536615e-57,2.8246510223015255e-57,2.8467132386523846e-57,2.8689121747224103e-57,2.8912484564861617e-57,2.9137227117615313e-57,2.9363355702123624e-57,2.9590876633507407e-57,2.981979624539218e-57,3.005012088993141e-57,3.028185693783176e-57,3.0515010778372776e-57,3.074958881943321e-57,3.098559748751366e-57,3.1223043227758774e-57,3.146193250398039e-57,3.170227179868282e-57,3.1944067613082305e-57,3.218732646713333e-57,3.243205489955168e-57,3.2678259467834396e-57,3.292594674828664e-57,3.317512333604196e-57,3.342579584508707e-57,3.36779709082854e-57,3.3931655177396877e-57,3.4186855323104676e-57,3.444357803503611e-57,3.4701830021786135e-57,3.496161801093972e-57,3.522294874909594e-57,3.548582900189145e-57,3.575026555402008e-57,3.601626520925905e-57,3.628383479049135e-57,3.655298113972746e-57,3.682371111812814e-57,3.709603160602913e-57,3.736994950296213e-57,3.7645471727677634e-57,3.7922605218169516e-57,3.820135693169601e-57,3.848173384480251e-57,3.8763742953346646e-57,3.904739127251692e-57,3.933268583685952e-57,3.961963370029812e-57,3.990824193615893e-57,4.0198517637191514e-57,4.0490467915591575e-57,4.078409990302533e-57,4.107942075064969e-57,4.1376437629137413e-57,4.1675157728697746e-57,4.19755882590991e-57,4.227773644969345e-57,4.258160954943706e-57,4.288721482691295e-57,4.3194559570355316e-57,4.3503651087670257e-57,4.381449670645813e-57,4.412710377403866e-57,4.4441479657468927e-57,4.4757631743569635e-57,4.507556743894692e-57,4.539529417001284e-57,4.5716819383010416e-57,4.604015054403395e-57,4.636529513905221e-57,4.669226067393067e-57,4.702105467445328e-57,4.7351684686346736e-57,4.7684158275300136e-57,4.801848302699065e-57,4.835466654710115e-57,4.869271646134711e-57,4.903264041549554e-57,4.9374446075389253e-57,4.971814112696909e-57,5.00637332762948e-57,5.041123024956789e-57,5.076063979315314e-57,5.111196967360284e-57,5.146522767767687e-57,5.182042161236486e-57,5.217755930491036e-57,5.25366486028302e-57,5.289769737393937e-57,5.326071350637104e-57,5.362570490859927e-57,5.399267950946038e-57,5.436164525817713e-57,5.473261012437789e-57,5.510558209812149e-57,5.548056918991787e-57,5.585757943074776e-57,5.623662087208835e-57,5.661770158593455e-57,5.70008296648193e-57,5.738601322183577e-57,5.777326039066046e-57,5.8162579325576e-57,5.855397820148853e-57,5.894746521395399e-57,5.934304857919942e-57,5.974073653414298e-57,6.014053733641684e-57,6.054245926438874e-57,6.094651061718312e-57,6.135269971470448e-57,6.176103489765987e-57,6.217152452757596e-57,6.258417698682545e-57,6.299900067864893e-57,6.341600402717162e-57,6.383519547743005e-57,6.425658349539357e-57,6.46801765679813e-57,6.51059832030894e-57,6.553401192960943e-57,6.596427129745003e-57,6.639676987756089e-57,6.683151626195117e-57,6.726851906371428e-57,6.770778691704622e-57,6.814932847727035e-57,6.859315242085653e-57,6.903926744544254e-57,6.948768226985822e-57,6.993840563414427e-57,7.039144629957397e-57,7.084681304867781e-57,7.130451468525905e-57,7.17645600344204e-57,7.222695794258524e-57,7.269171727751393e-57,7.315884692833056e-57,7.362835580554405e-57,7.41002528410646e-57,7.457454698822995e-57,7.505124722182609e-57,7.553036253810669e-57,7.601190195481454e-57,7.649587451120537e-57,7.698228926806646e-57,7.74711553077389e-57,7.796248173413795e-57,7.845627767277685e-57,7.895255227078541e-57,7.945131469693128e-57,7.995257414164377e-57,8.045633981703142e-57,8.096262095690684e-57,8.147142681680423e-57,8.198276667400408e-57,8.249664982755164e-57,8.301308559827895e-57,8.353208332882498e-57,8.405365238366043e-57,8.457780214910139e-57,8.510454203333961e-57,8.563388146645715e-57,8.61658299004492e-57,8.670039680924416e-57,8.723759168872845e-57,8.77774240567608e-57,8.831990345319901e-57,8.886503943991985e-57,8.941284160083826e-57,8.996331954192806e-57,9.051648289124592e-57,9.107234129894843e-57,9.163090443731663e-57,9.219218200077517e-57,9.275618370591032e-57,9.332291929149635e-57,9.389239851851175e-57,9.446463117016279e-57,9.503962705190456e-57,9.561739599145869e-57,9.619794783883701e-57,9.678129246636449e-57,9.736743976869186e-57,9.795639966282135e-57,9.854818208813156e-57,9.914279700639205e-57,9.974025440178389e-57,1.0034056428092898e-56,1.0094373667289672e-56,1.0154978162923651e-56,1.0215870922399186e-56,1.027705295537255e-56,1.0338525273753553e-56,1.0400288891708147e-56,1.0462344825659841e-56,1.0524694094292075e-56,1.0587337718550387e-56,1.0650276721644363e-56,1.0713512129049787e-56,1.0777044968510604e-56,1.0840876270040638e-56,1.0905007065926273e-56,1.096943839072799e-56,1.1034171281282712e-56,1.109920677670587e-56,1.1164545918393335e-56,1.1230189750023114e-56,1.1296139317558058e-56,1.1362395669247376e-56,1.1428959855628958e-56,1.1495832929531463e-56,1.1563015946076205e-56,1.1630509962678991e-56,1.1698316039052244e-56,1.17664352372076e-56,1.1834868621457158e-56,1.1903617258416088e-56,1.1972682217004514e-56,1.204206456844877e-56,1.2111765386284763e-56,1.2181785746359125e-56,1.2252126726831203e-56,1.2322789408175542e-56,1.2393774873184397e-56,1.2465084206967621e-56,1.253671849695704e-56,1.2608678832907053e-56,1.2680966306897595e-56,1.275358201333543e-56,1.2826527048956428e-56,1.2899802512827528e-56,1.2973409506348786e-56,1.304734913325513e-56,1.312162249961909e-56,1.3196230713851832e-56,1.3271174886706623e-56,1.3346456131278407e-56,1.3422075563008224e-56,1.3498034299684006e-56,1.3574333461442564e-56,1.3650974170772336e-56,1.3727957552514633e-56,1.380528473386588e-56,1.3882956844379368e-56,1.3960975015967983e-56,1.4039340382905456e-56,1.4118054081828348e-56,1.4197117251739055e-56,1.4276531034006262e-56,1.4356296572367708e-56,1.44364150129329e-56,1.4516887504183356e-56,1.4597715196976077e-56,1.4678899244545563e-56,1.4760440802504484e-56,1.4842341028846695e-56,1.4924601083948946e-56,1.5007222130572622e-56,1.5090205333866452e-56,1.5173551861367766e-56,1.5257262883004661e-56,1.5341339571097745e-56,1.5425783100363145e-56,1.5510594647912619e-56,1.5595775393257408e-56,1.5681326518309375e-56,1.576724920738217e-56,1.5853544647194531e-56,1.5940214026871987e-56,1.6027258537948256e-56,1.6114679374367518e-56,1.6202477732486318e-56,1.6290654811075552e-56,1.6379211811322415e-56,1.6468149936832354e-56,1.6557470393630744e-56,1.6647174390165656e-56,1.6737263137309284e-56,1.6827737848359016e-56,1.6918599739040797e-56,1.7009850027511085e-56,1.7101489934357085e-56,1.7193520682600697e-56,1.728594349769928e-56,1.7378759607547915e-56,1.7471970242481331e-56,1.7565576635275556e-56,1.7659580021150704e-56,1.7753981637772053e-56,1.7848782725252297e-56,1.7943984526153421e-56,1.8039588285488403e-56,1.8135595250724232e-56,1.8232006671781888e-56,1.8328823801040223e-56,1.8426047893336505e-56,1.8523680205969746e-56,1.8621721998700892e-56,1.8720174533755633e-56,1.8819039075826877e-56,1.8918316892075844e-56,1.901800925213422e-56,1.9118117428106127e-56,1.9218642694569993e-56,1.9319586328580172e-56,1.9420949609669805e-56,1.9522733819851766e-56,1.9624940243620625e-56,1.9727570167955737e-56,1.9830624882321025e-56,1.993410567866935e-56,2.0038013851441938e-56,2.0142350697572456e-56,2.0247117516487356e-56,2.0352315610109345e-56,2.0457946282857414e-56,2.0564010841649665e-56,2.0670510595905837e-56,2.077744685754825e-56,2.0884820941003753e-56,2.099263416320681e-56,2.1100887843599534e-56,2.120958330413453e-56,2.131872186927741e-56,2.142830486600773e-56,2.1538333623820885e-56,2.1648809474731263e-56,2.175973375327224e-56,2.1871107796498955e-56,2.1982932943990913e-56,2.209521053785288e-56,2.2207941922716724e-56,2.232112844574465e-56,2.243477145662876e-56,2.2548872307595224e-56,2.266343235340485e-56,2.2778452951355297e-56,2.28939354612826e-56,2.300988124556437e-56,2.312629166911968e-56,2.324316809941226e-56,2.3360511906451697e-56,2.347832446279631e-56,2.359660714355367e-56,2.3715361326384173e-56,2.3834588391500485e-56,2.395428972167181e-56,2.407446670222441e-56,2.419512072104377e-56,2.4316253168576117e-56,2.4437865437831695e-56,2.4559958924384147e-56,2.4682535026374827e-56,2.4805595144513253e-56,2.4929140682078976e-56,2.5053173044924447e-56,2.5177693641475866e-56,2.530270388273567e-56,2.5428205182283383e-56,2.555419895627813e-56,2.5680686623461207e-56,2.5807669605156483e-56,2.5935149325274065e-56,2.606312721030997e-56,2.619160468934901e-56,2.632058319406741e-56,2.6450064158733515e-56,2.658004902021003e-56,2.6710539217955824e-56,2.684153619402778e-56,2.697304139308224e-56,2.7105056262377942e-56,2.723758225177642e-56,6.037738971629056e-35,2.7097234494010506e-34,7.333409886185534e-34,1.56059171011685e-33,2.8766300642186747e-33,4.8157312098883106e-33,7.522584336437738e-33,1.1152687255959181e-32,1.587297632619398e-32,2.18626153967299e-32,2.931389755157703e-32,3.843323352994929e-32,4.944221367270688e-32,6.257873847623359e-32,7.809821801124753e-32,9.627484369749832e-32,1.174029379509138e-31,1.4179838851655319e-31,1.698001751773994e-31,2.017719971831696e-31,2.3810401029835664e-31,2.792146829027172e-31,3.255527811371354e-31,3.7759949370240383e-31,4.358707076060146e-31,5.009194469233183e-31,5.733384875027554e-31,6.537631615079566e-31,7.428743667524844e-31,8.414017969656884e-31,9.501274104190329e-31,1.0698891557680115e-30,1.201584975522374e-30,1.346177109264933e-30,1.5046967206058542e-30,1.6782488739005602e-30,1.868017888997053e-30,2.075273104709877e-30,2.3013750843950246e-30,2.54778229992337e-30,2.8160583335441108e-30,3.107879640627396e-30,3.425043920122307e-30,3.7694791437577886e-30,4.143253299636046e-30,4.5485849109161786e-30,4.987854395850781e-30,5.4636163415322574e-30,5.9786127704151385e-30,6.535787486057689e-30,7.138301592636394e-30,7.789550291742572e-30,8.493181069785917e-30,9.25311340024849e-30,1.0073560096936653e-29,1.09590504676748e-29,1.1914455432460138e-29,1.294501478626924e-29,1.405636680457577e-29,1.525458040942996e-29,1.6546190135870867e-29,1.793823416274981e-29,1.9438295699008925e-29,2.1054548046402472e-29,2.2795803692921285e-29,2.467156782817868e-29,2.6692096713198316e-29,2.8868461382907174e-29,3.1212617210769333e-29,3.373747992202679e-29,3.64570087057328e-29,3.938629714690665e-29,4.254167277979168e-29,4.594080615231169e-29,4.9602830391705414e-29,5.35484723733556e-29,5.780019672054872e-29,6.238236400427647e-29,6.732140467107275e-29,7.264601040588016e-29,7.838734483861529e-29,8.45792757306552e-29,9.12586310344082e-29,9.84654815097233e-29,1.0624345290965834e-28,1.1464007112066602e-28,1.237071440649365e-28,1.3350118465242955e-28,1.440838796158176e-28,1.5552260968259466e-28,1.6789102724642723e-28,1.812696985075317e-28,1.957468179746628e-28,2.114190042768914e-28,2.283921874428316e-28,2.4678259919201286e-28,2.6671787937646627e-28,2.8833831354335615e-28,3.117982187005015e-28,3.3726749680218713e-28,3.6493337828603896e-28,3.9500238124734627e-28,4.277025156102021e-28,4.632857660337355e-28,5.020308923837185e-28,5.4424659252886e-28,5.902750791388123e-28,6.40496130244423e-28,6.953316827848128e-28,7.552510494657887e-28,8.207768522978769e-28,8.924917815387562e-28,9.710463068822382e-28,1.0571674891502744e-27,1.1516690661121007e-27,1.2554630161677055e-27,1.369572839456952e-27,1.4951488386712421e-27,1.6334857328938327e-27,1.7860429989490892e-27,1.954468408178517e-27,2.1406253149717555e-27,2.346624360088634e-27,2.5748603809443695e-27,2.8280554777366607e-27,3.1093093749842255e-27,3.42215845077317e-27,3.770645090875304e-27,4.1593993746714924e-27,4.593735530628252e-27,5.079766131456883e-27,5.624537659195572e-27,6.2361918918000945e-27,6.92415858847855e-27,7.699386236551188e-27,8.574619240134681e-27,9.564731974295795e-27,1.0687132720272355e-26,1.1962253799317471e-26,1.3414148447836608e-26,1.5071220407862068e-26,1.6967119222298354e-26,1.914184333089047e-26,2.1643104945003907e-26,2.4528026266591887e-26,2.7865257179109434e-26,3.173763182246089e-26,3.624551788821421e-26,4.151106140714098e-26,4.7683595983744484e-26,5.494657556422706e-26,6.352651346607642e-26,7.370458130618256e-26,8.583175960502584e-26,1.0034876646376442e-25,1.1781246506850328e-25,1.3893112951480337e-25,1.646119292010739e-25,1.9602542397441367e-25,2.3469397593107956e-25,2.826141403714013e-25,3.4242787091258904e-25,4.176646846531255e-25,5.130882902236278e-25,6.351990888963509e-25,7.929726489931566e-25,8.533877444936624e-25,1.079649488702896e-24,1.3798746216204198e-24,1.7833157389242257e-24,2.3330183344902294e-24,3.0935080238580082e-24,4.163485331784428e-24,5.697328981661302e-24,7.942547803381803e-24,1.130705566977426e-23,1.64842596469221e-23,2.4694851894892993e-23,3.81752375020672e-23,6.121523387521931e-23,1.02495332840318e-22,1.8072377870663222e-22,3.3938146813886797e-22,6.89236819545948e-22,1.5463013539254297e-21,3.948716851207307e-21,1.1961380830736584e-20,4.5330294201508614e-20,2.3416963449601447e-19,3.2647093468510383e-19,3.264709347450586e-19,1.0722640689777913e-17,2.0311953231823895e-15,4.697840233256311e-13,6.971201224991346e-11,4.628756598464965e-09,1.1610755721455892e-07,1.1631239257878092e-06,5.611442850740928e-06,1.6042125130907975e-05,3.2388250475446125e-05,5.230364624540931e-05,7.31901161598176e-05,9.328458435013012e-05,0.00011172325356431316,0.0001282448315809856,0.00014290459379408529,0.0001558911850435279,0.00016742963506934466,0.0001777366645546877,0.0001870033673136381,0.0001953909594293341,0.00020303223042414782,0.00021003513011993603,0.00021648684609772438,0.00022245766180651453,0.00022800432931940862,0.00023317289539099572,0.00023800100872221086,0.00024251977054086556,0.00024675519914090687,0.0002507293761321807,0.00025446133474336854,0.00025796774182209204,0.0002612634166853309,0.0002643617222877577,0.00026727485749433163,0.0002700140735724155,0.0002725898332790978,0.000275011927005473,0.00027728955724478754,0.00027943140005918805,0.0002814456501510217,0.0002833400544929553,0.00028512193818173954,0.0002867982251745828,0.00028837545579987414,0.00028985980234642726,0.0002912570836057231,0.00029257277892239485,0.0002938120420778587,0.0002949797151757661,0.0002960803425872038,0.00029711818494685825,0.00029809723314796577,0.000299021222258401,0.00029989364528322645,0.0003007177666845143,0.0003014966355836291,0.0003022330985863812,0.00030292981216901895,0.000303589254585681,0.00030421373726472394,0.0003048054156717141,0.0003053662996276637,0.0003058982630772286,0.0003064030533104879,0.00030688229964533304,0.00030733752158357676,0.00030777013645732294,0.0003081814665840137,0.0003085727459508353,0.00030894512645136064,0.00030929968369601275,0.00030963742242091994,0.00030995928151690685,0.00031026613870247064,0.00031055881486223596,0.0003108380780729269,0.0003111046473372292,0.00031135919604553195,0.00031160235518413836,0.0003118347163080377,0.00031205683429475314,0.00031226922989525464,0.00031247239209676684,0.00031266678031126245,0.0003128528264024754,0.00031303093656372295,0.00031320149305762846,0.000313364855828052,0.0003135213639943333,0.00031367133723570525,0.00031381507707592735,0.00031395286807466526,0.0003140849789315732,0.00031421166351270474,0.0003143331618022915,0.00031444970078727143,0.0003145614952788511,0.0003146687486762835,0.0003147716536769571,0.00031487039293707386,0.00031496513968651794,0.0003150560583012734,0.0003151433048367419,0.0003152270275247439,0.0003153073672368787,0.00031538445791692686,0.0003154584269840906,0.00031552939570986076,0.000315597479569954,0.0003156627885732645,0.00031572542756942815,0.0003157854965367403,0.00031584309085152477,0.0003158983015405081,0.0003159512155171771,0.00031600191580376523,0.0003160504817387315,0.00031609698917214467,0.00031614151064900413,0.00031618411558108795,0.00031622487040889154,0.0003162638387536833,0.00031630108156060593,0.0003163366572333775,0.00031637062176111797,0.0003164030288378627,0.0003164339299751953,0.0003164633746084789,0.00031649141019708953,0.00031651808231899646,0.00031654343476012164,0.00031656750959874717,0.00031659034728528517,0.00031661198671773975,0.0003166324653130798,0.00031665181907478644,0.00031667008265683105,0.00031668728942425064,0.0003167034715105884,0.0003167186598723384,0.00031673288434058103,0.0003167461736699517,0.0003167585555851711,0.0003167700568252134,0.00031678070318524133,0.0003167905195564896,0.0003167995299641791,0.0003168077576035083,0.00031681522487404416,0.00031682195341230284,0.00031682796412284714,0.00031683327720788954,0.0003168379121954924,0.00031684188796644267,0.000316845222779913,0.00031684793429787337,0.00031685003960843196,0.00031685155524808784,0.00031685249722298073,0.00031685288102919974,0.00031685272167215737,0.0003168520336851138,0.0003168508311468983,0.0003168491276988408,0.0003168469365609666,0.0003168442705474985,0.0003168411420816865,0.00031683756321000597,0.00031683354561575693,0.0003168291006320836,0.000316824239254459,0.00031681897215264014,0.0003168133096821298,0.0003168072618951906,0.0003168008385513626,0.00031679404912759356,0.00031678690282794413,0.00031677940859293227,0.00031677157510842733,0.0003167634108142898,0.0003167549239126367,0.00031674612237570963,0.00031673701395356426,0.0003167276061813692,0.00031671790638645726,0.0003167079216951008,0.0003166976590390343,0.000316687125161721,0.0003166763266243844,0.00031666526981187574,0.00031665396093817264,0.00031664240605184195,0.0003166306110411983,0.0003166185816393281,0.00031660632342886625,0.0003165938418466833,0.00031658114218835795,0.0003165682296124502,0.00031655510914473816,0.0003165417856821704,0.0003165282639967733,0.0003165145487393758,0.0003165006444432274,0.000316486555527481,0.00031647228630054776,0.00031645784096335665,0.0003164432236124869,0.00031642843824320003,0.0003164134887523629,0.00031639837894128207,0.0003163831125184426,0.00031636769310213755,0.00031635212422307133,0.00031633640932675924,0.0003163205517759576,0.0003163045548529923,0.0003162884217619805,0.00031627215563101115,0.00031625575951419556,0.00031623923639372914,0.0003162225891818826,0.00031620582072285563,0.00031618893379465907,0.0003161719311107966,0.00031615481532227825,0.00031613758901896254,0.0003161202547312026,0.00031610281493169246,0.00031608527203678765,0.00031606762840800034,0.00031604988635346127,0.00031603204812930084,0.0003160141159410218,0.00031599609194475474,0.0003159779782485647,0.00031595977691367986,0.00031594148995566716,0.000315923119345604,0.00031590466701119464,0.0003158861348379083,0.00031586752466994676,0.00031584883831134165,0.0003158300775269682,0.00031581124404345617,0.00031579233955015114,0.0003157733657001151,0.00031575432411087465,0.00031573521636539466,0.0003157160440128431,0.0003156968085694912,0.00031567751151943845,0.00031565815431541626,0.0003156387383795488,0.0003156192651040226,0.00031559973585182876,0.0003155801519576218,0.00031556051472807445,0.0003155408254427608,0.0003155210853546472,0.0003155012956908721,0.00031548145765324337,0.00031546157241885316,0.0003154416411406182,0.00031542166494788324,0.00031540164494691584,0.0003153815822214696,0.0003153614778332579,0.0003153413328225205,0.0003153211482084327,0.00031530092498962,0.00031528066414458295,0.000315260366632253,0.00031524003339230763,0.00031521966534558493,0.0003151992633946885,0.0003151788284241681,0.0003151583613010166,0.0003151378628750759,0.00031511733397935303,0.0003150967754304918,0.0003150761880289644,0.0003150555725595571,0.0003150349297916594,0.0003150142604796057,0.00031499356536301856,0.00031497284516702773,0.00031495210060267123,0.00031493133236725634,0.000314910541144469,0.00031488972760481033,0.00031486889240579325,0.0003148480361922784,0.0003148271595966969,0.000314806263239281,0.00031478534772843333,0.00031476441366085235,0.0003147434616218151,0.00031472249218544217,0.00031470150591483517,0.0003146805033624939,0.0003146594850703002,0.00031463845156987357,0.000314617403382764,0.00031459634102063664,0.00031457526498548043,0.0003145541757697979,0.0003145330738567393,0.0003145119597205358,0.00031449083382626347,0.0003144696966304416,0.0003144485485808956,0.00031442739011709736,0.00031440622167031214,0.00031438504366360353,0.00031436385651229865,0.00031434266062388227,0.0003143214563982295,0.0003143002442277715,0.0003142790244976265,0.00031425779758578173,0.00031423656386314044,0.00031421532369373334,0.00031419407743486517,0.0003141728254371414,0.0003141515680446854,0.0003141303055953371,0.00031410903842058797,0.0003140877668458963,0.0003140664911904707,0.0003140452117678309,0.00031402392888562746,0.00031400264284586353,0.0003139813539449254,0.0003139600624737662,0.00031393876871795885,0.00031391747295779,0.0003138961754683988,0.00031387487651987823,0.0003138535763772805,0.00031383227530089303,0.00031381097354598485,0.00031378967136327663,0.00031376836899896373,0.0003137470666944609,0.00031372576468701715,0.00031370446320930066,0.00031368316248968456,0.0003136618627525324,0.0003136405642178976,0.00031361926710181913,0.00031359797161631224,0.0003135766779695098,0.00031355538636583015,0.00031353409700575594,0.00031351281008608535,0.00031349152580005573,0.0003134702443372656,0.0003134489658838414,0.0003134276906224443,0.00031340641873236444,0.00031338515038951086,0.00031336388576669295,0.0003133426250333658,0.0003133213683558495,0.00031330011589738205,0.000313278867818241,0.0003132576242756137,0.0003132363854237664,0.0003132151514141199,0.0003131939223952684,0.00031317269851301155,0.0003131514799104187,0.00031313026672795207,0.00031310905910320405,0.00031308785717141954,0.000313066661065196,0.00031304547091456556,0.0003130242868473106,0.00031300310898860206,0.0003129819374612705,0.00031296077238584456,0.00031293961388043025,0.0003129184620612307,0.0003128973170418956,0.00031287617893399074,0.00031285504784697374,0.0003128339238879963,0.0003128128071625285,0.0003127916977738485,0.000312770595823074,0.00031274950140947803,0.0003127284146303267,0.0003127073355810682,0.0003126862643554105,0.00031266520104508623,0.00031264414573994333,0.00031262309852816744,0.00031260205949611543,0.0003125810287285009,0.0003125600063083563,0.00031253899231712475,0.0003125179868344639,0.00031249698993849007,0.0003124760017057895,0.00031245502221125194,0.00031243405152847625,0.00031241308972941465,0.0003123921368845266,0.00031237119306295005,0.00031235025833225677,0.0003123293327587104,0.000312308416407227,0.00031228750934116854,0.00031226661162275657,0.0003122457233128627,0.0003122248444710646,0.00031220397515563484,0.0003121831154236474,0.00031216226533092585,0.00031214142493209346,0.00031212059428058436,0.00031209977342867097,0.00031207896242746853,0.00031205816132693243,0.0003120373701760254,0.00031201658902249514,0.0003119958179130583,0.00031197505689338446,0.00031195430600807096,0.0003119335653006281,0.0003119128348138309,0.00031189211458911226,0.00031187140466725193,0.00031185070508784886,0.00031183001588964526,0.00031180933711039724,0.0003117886687869967,0.0003117680109554183,0.0003117473636508474,0.0003117267269075036,0.00031170610075870935,0.0003116854852371095,0.0003116648803743615,0.00031164428620127923,0.00031162370274800087,0.000311603130044096,0.00031158256811791027,0.00031156201699723075,0.00031154147670909806,0.00031152094727983376,0.00031150042873492764,0.0003114799210993457,0.0003114594243971661,0.0003114389386518763,0.0003114184638862451,0.0003113980001223906,0.0003113775473816432,0.00031135710568503435,0.0003113366750525562,0.00031131625550388873,0.0003112958470578273,0.00031127544973276136,0.0003112550635464403,0.00031123468851595304,0.0003112143246577164,0.0003111939719879673,0.00031117363052203273,0.00031115330027475205,0.00031113298126046393,0.0003111126734929381,0.00031109237698550136,0.00031107209175089954,0.00031105181780138137,0.0003110315551486636,0.00031101130380394395,0.0003109910637781185,0.00031097083508151234,0.000310950617723872,0.0003109304117145091,0.0003109102170624515,0.00031089003377612445,0.00031086986186355597,0.00031084970133227083,0.0003108295521895851,0.0003108094144422336,0.00031078928809649654,0.0003107691731582839,0.00031074906963325064,0.00031072897752641764,0.00031070889684273314,0.00031068882758629105,0.0003106687697612713,0.000310648723371329,0.0003106286884197555,0.00031060866490925616,0.000310588652842791,0.00031056865222243226,0.0003105486630500368,0.0003105286853271291,0.0003105087190550738,0.00031048876423479094,0.00031046882086674767,0.00031044888895130304,0.00031042896848842207,0.00031040905947783,0.0003103891619188879,0.00031036927581065986,0.0003103494011519584,0.00031032953794134357,0.0003103096861770272,0.00031028984585703784,0.0003102700169790224,0.0003102501995404685,0.00031023039353854224,0.00031021059897003514,0.0003101908158318389,0.000310171044120282,0.000310151283831723,0.00031013153496185677,0.0003101117975064558,0.0003100920714611127,0.0003100723568209936,0.00031005265358116765,0.0003100329617364544,0.00031001328128143276,0.00030999361221052864,0.0003099739545178282,0.00030995430819740773,0.00030993467324301086,0.00030991504964820527,0.000309895437406378,0.00030987583651071403,0.00030985624695421094,0.0003098366687296867,0.0003098171018298233,0.00030979754624698336,0.0003097780019735998,0.0003097584690015759,0.00030973894732297294,0.000309719436929552,0.0003096999378129183,0.0003096804499644775,0.00030966097337560057,0.00030964150803741095,0.00030962205394082914,0.0003096026110767776,0.0003095831794359136,0.0003095637590087659,0.0003095443497857413,0.000309524951757,0.00030950556491287783,0.00030948618924327056,0.00030946682473792676,0.0003094474713867841,0.0003094281291793758,0.0003094087981050516,0.00030938947815332604,0.0003093701693133712,0.0003093508715742557,0.0003093315849251657,0.0003093123093547239,0.00030929304485183707,0.00030927379140516925,0.00030925454900343453,0.0003092353176347823,0.000309216097287755,0.00030919688795046866,0.0003091776896112094,0.0003091585022580181,0.00030913932587881704,0.0003091201604614815,0.000309101005993763,0.00030908186246330976,0.0003090627298578115,0.00030904360816470696,0.00030902449737156643,0.0003090053974654701,0.0003089863084337981,0.0003089672302637445,0.00030894816294236834,0.0003089291064567259,0.00030891006079363545,0.0003088910259401925,0.00030887200188313635,0.00030885298860908097,0.0003088339861047785,0.0003088149943567842,0.0003087960133516233,0.00030877704307578273,0.00030875808351564325,0.0003087391346575509,0.00030873193939927513,0.00030873193939927513,0.00030873193939927513,0.00030873193939927513,0.0003087319393992751,0.0003087319393992751,0.0003087319393992751,0.0003087319393992751,0.0003087319393992751,0.0003087319393992751,0.0003087319393992751,0.00030873193939927513,0.00030873193939927513,0.00030873193939927513,0.00030873193939927513,0.00030873193939927513,0.00030873193939927513,0.00030873193939927513,0.00030873193939927513,0.00030873193939927513,0.00030873193939927513,0.00030873193939927513,0.00030873193939927513,0.00030873193939927513,0.00030873193939927513,0.00030873193939927513,0.0003087319393992751,0.0003087319393992751,0.0003087319393992751,0.0003087319393992751,0.0003087319393992751,0.0003087319393992751,0.0003087319393992751,0.0003087319393992751,0.0003087319393992752,0.0003087319393992752,0.0003087319393992752,0.0003087319393992752,0.0003087319393992752,0.0003087319393992752,0.0003087319393992752,0.00030873193939927513,0.00030873193939927513,0.00030873193939927513,0.00030873193939927513,0.00030873193939927513,0.00030873193939927513,0.00030873193939927513,0.00030873193939927513,0.00030873193939927513,0.00030873193939927513,0.00030873193939927513,0.00030873193939927513,0.00030873193939927513,0.00030873193939927513,0.00030873193939927513,0.00030873193939927513,0.0003087319393992752,0.0003087319393992752,0.0003087319393992752,0.0003087319393992752,0.0003087319393992752,0.0003087319393992752,0.0003087319393992752,0.00030873193939927513,0.00030873193939927513,0.00030873193939927513,0.00030873193939927513,0.00030873193939927513,0.00030873193939927513,0.00030873193939927513,0.00030873193939927513,0.0003087319393992751,0.0003087319393992751,0.0003087319393992751,0.0003087319393992751,0.0003087319393992751,0.0003087319393992751,0.0003087319393992751,0.00030873193939927513,0.00030873193939927513,0.00030873193939927513,0.00030873193939927513,0.00030873193939927513,0.00030873193939927513,0.00030873193939927513,0.00030873193939927513,0.0003087319393992751,0.0003087319393992751,0.0003087319393992751,0.0003087319393992751,0.0003087319393992751,0.0003087319393992751,0.0003087319393992751,0.0003087319393992751,0.0003087319393992751,0.0003087319393992751,0.0003087319393992751,0.0003087319393992751,0.0003087319393992751,0.0003087319393992751,0.0003087319393992751,0.00030873193939927513,0.00030873193939927513,0.00030873193939927513,0.00030873193939927513,0.00030873193939927513,0.00030873193939927513,0.00030873193939927513,0.0003087319393992751,0.0003087319393992751,0.0003087319393992751,0.0003087319393992751,0.0003087319393992751,0.0003087319393992751,0.0003087319393992751,0.0003087319393992751,0.00030873193939927513,0.00030873193939927513,0.00030873193939927513,0.00030873193939927513,0.00030873193939927513,0.00030873193939927513,0.00030873193939927513,0.00030873193939927513,0.00030873193939927513,0.00030873193939927513,0.00030873193939927513,0.00030873193939927513,0.00030873193939927513,0.00030873193939927513,0.00030873193939927513,0.00030873193939927513,0.00030873193939927513,0.00030873193939927513,0.00030873193939927513,0.00030873193939927513,0.00030873193939927513,0.00030873193939927513,0.00030873193939927513,0.0003087319393992752,0.0003087319393992752,0.0003087319393992752,0.0003087319393992752,0.0003087319393992752,0.0003087319393992752,0.0003087319393992752,0.0003087319393992752,0.0003087319393992752,0.0003087319393992752,0.0003087319393992752,0.0003087319393992752,0.0003087319393992752,0.0003087319393992752,0.0003087319393992752,0.0003087319393992752,0.0003087319393992752,0.0003087319393992752,0.0003087319393992752,0.0003087319393992752,0.0003087319393992752,0.0003087319393992752,0.00030873193939927513,0.00030873193939927513,0.00030873193939927513,0.00030873193939927513,0.00030873193939927513,0.00030873193939927513,0.00030873193939927513,0.00030873193939927513,0.0003087319393992751,0.0003087319393992751,0.0003087319393992751,0.0003087319393992751,0.0003087319393992751,0.0003087319393992751,0.0003087319393992751,0.00030873193939927513,0.00030873193939927513,0.00030873193939927513,0.00030873193939927513,0.00030873193939927513,0.00030873193939927513,0.00030873193939927513,0.00030873193939927513,0.00030873193939927513,0.00030873193939927513,0.00030873193939927513,0.00030873193939927513,0.00030873193939927513,0.00030873193939927513,0.00030873193939927513,0.0003087319393992751,0.0003087319393992751,0.0003087319393992751,0.0003087319393992751,0.0003087319393992751,0.0003087319393992751,0.0003087319393992751,0.0003087319393992751,0.00030873193939927513,0.00030873193939927513,0.00030873193939927513,0.00030873193939927513,0.00030873193939927513,0.00030873193939927513,0.00030873193939927513,0.00030873193939927513,0.00030873193939927513,0.00030873193939927513,0.00030873193939927513,0.00030873193939927513,0.00030873193939927513,0.00030873193939927513,0.00030873193939927513,0.00030873193939927513,0.0003087301873465763,0.0003087280830887081,0.0003087258155026216,0.0003087234711386706,0.0003087210908608778,0.0003087186947607368,0.00030871629326851364,0.0003087138921848762,0.00030871149498688577,0.00030870910390208,0.0003087067204228546,0.00030870434556484305,0.00030870198000674924,0.0003086996241739055,0.00030869727829389257,0.000308694942437217,0.0003086926165491113,0.00030869030047541953,0.00030868799398410003,0.00030868569678324027,0.0003086834085361666,0.00030868112887408105,0.0003086788574065817,0.0003086765937303384,0.00030867433743622734,0.0003086720881150868,0.00030866984536234764,0.0003086676087816697,0.0003086653779877689,0.00030866315260854124,0.00030866093228661064,0.000308658716680389,0.0003086565054647628,0.00030865429833141583,0.00030865209498892425,0.0003086498951626293,0.00030864769859433966,0.00030864550504191527,0.0003086433142787311,0.000308641126093109,0.00030863894028765993,0.00030863675667861456,0.00030863457509513125,0.0003086323953785983,0.00030863021738193234,0.0003086280409689007,0.0003086258660134613,0.0003086236923990815,0.0003086215200181479,0.00030861934877136595,0.00030861717856717875,0.0003086150093211906,0.0003086128409557128,0.000308610673399294,0.00030860850658617403,0.00030860634045592783,0.000308604174953049,0.0003086020100265576,0.0003085998456296736,0.0003085976817194953,0.00030859551825665357,0.000308593355205113,0.0003085911925317847,0.0003085890302064079,0.0003085868682012599,0.0003085847064909741,0.0003085825450523202,0.00030858038386406264,0.00030857822290677566,0.00030857606216269515,0.0003085739016155867,0.00030857174125061254,0.00030856958105418233,0.00030856742101398685,0.00030856526111868295,0.0003085631013579481,0.00030856094172235877,0.00030855878220331444,0.0003085566227929604,0.0003085544634841686,0.0003085523042704182,0.00030855014514569624,0.0003085479861046076,0.00030854582714220425,0.00030854366825398355,0.00030854150943578513,0.0003085393506839563,0.00030853719199506444,0.0003085350333660006,0.00030853287479393334,0.00030853071627628053,0.0003085285578107299,0.0003085263993951708,0.0003085242410276095,0.00030852208270631357,0.0003085199244296873,0.00030851776619628596,0.00030851560800476506,0.00030851344985394647,0.0003085112917427375,0.00030850913367014944,0.00030850697563529413,0.00030850481763734983,0.0003085026596755836,0.0003085005017493252,0.00030849834385800277,0.00030849618600101484,0.0003084940281779014,0.00030849187038821494,0.000308489712631551,0.0003084875549075456,0.00030848539721587,0.00030848323955622443,0.00030848108192836,0.00030847892433194963,0.0003084767667668654,0.00030847460923299824,0.00030847245173004254,0.0003084702942579477,0.0003084681368165209,0.0003084659794056511,0.00030846382202519214,0.00030846166467508765,0.000308459507355275,0.00030845735006571046,0.00030845519280621567,0.00030845303557685926,0.0003084508783774426,0.00030844872120797264,0.00030844656406852185,0.000308444406958942,0.0003084422498792625,0.0003084400928295015,0.00030843793580955913,0.000308435778819493,0.0003084336218592787,0.0003084314649288922,0.00030842930802831746,0.000308427151157544,0.0003084249943166058,0.0003084228375054707,0.0003084206807242605,0.00030841852397284257,0.0003084163672513248,0.00030841421055962217,0.00030841205389779566,0.0003084098972658686,0.0003084077406637834,0.0003084055840916533,0.000308403427549349,0.0003084012710370193,0.00030839911455467754,0.0003083969581023175,0.000308394801679876,0.0003083926452874957,0.0003083904889251168,0.0003083883325927822,0.0003083861762905022,0.00030838402001825965,0.00030838186377608705,0.0003083797075640031,0.00030837755138203896,0.00030837539523020246,0.0003083732391084853,0.00030837108301693165,0.00030836892695552915,0.0003083667709243235,0.0003083646149233307,0.00030836245895253034,0.0003083603030119948,0.00030835814710166126,0.00030835599122164763,0.00030835383537184866,0.00030835167955233926,0.00030834952376312594,0.0003083473680040954,0.00030834521227558054,0.0003083430565773521,0.00030834090090947755,0.0003083387452720038,0.00030833658966490245,0.00030833443408818186,0.0003083322785418404,0.0003083301230259737,0.0003083279675404776,0.00030832581208542183,0.0003083236566608188,0.0003083215012667505,0.0003083193459030997,0.0003083171905699321,0.00030831503526736664,0.00030831287999520327,0.00030831072475339045,0.00030830856954228,0.0003083064143618723,0.0003083042592118451,0.00030830210409222376,0.00030829994900312066,0.0003082977939446077,0.0003082956389168736,0.0003082934839197629,0.0003082913289532215,0.000308289174017354,0.00030828701911206206,0.0003082848642374084,0.00030828270939336686,0.00030828055457987727,0.0003082783997970745,0.00030827624504492377,0.0003082740903235201,0.0003082719356327512,0.00030826978097270676,0.0003082676263432295,0.00030826547174457695,0.0003082633171769461,0.0003082611626397947,0.00030825900813329885,0.00030825685365749856,0.00030825469921256306,0.00030825254479843387,0.0003082503904148421,0.0003082482360620234,0.00030824608174005475,0.00030824392744875645,0.000308241773188219,0.00030823961895852677,0.0003082374647597016,0.0003082353105915134,0.00030823315645411804,0.0003082310023475135,0.0003082288482717002,0.00030822669422669863,0.00030822454021251,0.0003082223862291336,0.00030822023227653796,0.00030821807835477647,0.00030821592446388037,0.00030821377060393553,0.00030821161677462396,0.0003082094629760136,0.00030820730920793005,0.0003082051554720517,0.0003082030017660171,0.0003082008480911599,0.0003081986944470057,0.0003081965408337055,0.0003081943872512859,0.0003081922336996921,0.00030819008017877704,0.00030818792668881696,0.000308185773229947,0.00030818361980192686,0.000308181466404825,0.0003081793130386027,0.0003081771597033055,0.00030817500639890224,0.0003081728531253495,0.0003081706998827601,0.0003081685466710743,0.00030816639349029933,0.0003081642403405105,0.0003081620872215022,0.0003081599341334943,0.0003081577810763019,0.00030815562805015947,0.00030815347505641226,0.00030815132209207295,0.0003081491691587375,0.0003081470162547524,0.00030814486338431537,0.00030814271054252506,0.00030814055773279055,0.00030813840495418917,0.00030813625220650083,0.00030813409948977113,0.0003081319468042622,0.00030812979414906197,0.0003081276415251345,0.00030812548893198596,0.0003081233363698553,0.0003081211838388465,0.0003081190313387487,0.00030811687886965326,0.0003081147264315185,0.00030811257402391416,0.0003081104216477541,0.00030810826930247336,0.00030810611698839233,0.0003081039647063304,0.00030810181245398063,0.0003080996602327437,0.00030809750804234546,0.000308095355882925,0.0003080932037545577,0.00030809105165936784,0.00030808889959235507,0.00030808674755703966,0.00030808459555253386,0.0003080824435787034,0.00030808029163632513,0.0003080781397246839,0.00030807598784592994,0.00030807383599631304,0.0003080716841764034,0.00030806953238877435,0.0003080673806327055,0.0003080652289070842,0.00030806307721354374,0.0003080609255496953,0.00030805877391736514,0.0003080566223157333,0.0003080544707450732,0.0003080523192054456,0.00030805016769678694,0.00030804801621762956,0.0003080458647709945,0.00030804371335535827,0.0003080415619709819,0.000308039410617446,0.00030803725929485506,0.0003080351080032195,0.00030803295674264536,0.00030803080551287314,0.00030802865431443034,0.00030802650314464523,0.0003080243520062109,0.00030802220089821053,0.00030802004982534307,0.00030801789878174364,0.00030801574776929817,0.0003080135967877061,0.00030801144583678694,0.0003080092949177097,0.00030800714402973313,0.0003080049931723486,0.00030800284234664896,0.0003080006915516293,0.0003079985407869328,0.00030799639005381737,0.00030799423935112265,0.0003079920886798405,0.00030798993803939333,0.0003079877874297244,0.0003079856368515254,0.00030798348630407287,0.000307981335787967,0.00030797918530190067,0.0003079770348464283,0.0003079748844231548,0.00030797273403069007,0.00030797058366945285,0.00030796843333950744,0.00030796628304121884,0.0003079641327728986,0.0003079619825355912,0.0003079598323295996,0.00030795768215468016,0.00030795553201059823,0.00030795338189859985,0.0003079512318167756,0.0003079490817663564,0.0003079469317409984,0.00030794478175244977,0.0003079426317945366,0.00030794048186710306,0.00030793833197119034,0.000307936182105845,0.0003079340322719649,0.0003079318824689718,0.0003079297326972148,0.00030792758295643876,0.00030792543324561946,0.0003079232835667511,0.0003079211339186848,0.00030791898430193354,0.0003079168347163694,0.00030791468516191284,0.00030791253563817523,0.0003079103861522887,0.00030790823669092507,0.0003079060872632885,0.0003079039378636256,0.0003079017884949403,0.00030789963915732173,0.0003078974898507861,0.0003078953405752094,0.0003078931913306437,0.0003078910421170823,0.0003078888929359048,0.0003078867437842266,0.00030788459466389004,0.00030788244557501215,0.00030788029652211623,0.0003078781474938328,0.000307875998497782,0.00030787384953267886,0.00030787170059799925,0.0003078695516944553,0.0003078674028223719,0.00030786525398122786,0.00030786310517176877,0.00030786095639549673,0.00030785880764952847,0.0003078566589322165,0.00030785451024617716,0.0003078523615916007,0.0003078502129709836,0.0003078480643784364,0.0003078459158162683,0.0003078437672850489,0.0003078416187848485,0.0003078394703156491,0.0003078373218737745,0.0003078351734667849,0.0003078330250906564,0.00030783087674427395,0.0003078287284301915,0.00030782658014180447,0.0003078244318895581,0.00030782228366857243,0.00030782013547599456,0.0003078179873176688,0.00030781583918998694,0.00030781369109300947,0.0003078115430270933,0.0003078093949929974,0.00030780724698832704,0.00030780509901530114,0.00030780295107338534,0.000307800803163051,0.0003077986552841872,0.0003077965074437107,0.0003077943596258372,0.0003077922118376765,0.00030779006408179776,0.0003077879163570795,0.0003077857686632446,0.0003077836209958455,0.00030778147336401435,0.0003077793257631912,0.0003077771781921859,0.0003077750306525865,0.0003077728831448212,0.0003077707356680433,0.00030776858822227236,0.00030776644080764224,0.00030776429342388456,0.0003077621460711327,0.0003077599987458937,0.00030775785145515343,0.0003077557041954183,0.0003077535569664839,0.00030775140976875873,0.00030774926260201897,0.00030774711546633065,0.000307744968361745,0.000307742821288037,0.00030774067424533034,0.0003077385272337754,0.0003077363802530912,0.00030773423330281787,0.0003077320863841405,0.0003077299394964963,0.00030772779264046714,0.00030772564581477385,0.00030772349901987255,0.0003077213522531827,0.00030771920552049073,0.00030771705881882155,0.00030771491214989793,0.00030771276551020365,0.00030771061890151266,0.00030770847232381603,0.0003077063257769619,0.0003077041792618349,0.00030770203277713965,0.000307699886321272,0.0003076977399001273,0.00030769559350843866,0.00030769344714777936,0.0003076913008180574,0.0003076891545193349,0.0003076870082516831,0.00030768486201493926,0.00030768271580826047,0.00030768056963356494,0.00030767842349002536,0.0003076762773772595,0.0003076741312953613,0.0003076719852443785,0.00030766983922461455,0.0003076676932359614,0.0003076655472784124,0.0003076634013595702,0.0003076612554648931,0.000307659109599772,0.0003076569637670961,0.0003076548179642583,0.00030765267219348826,0.00030765052645288354,0.00030764838074229,0.00030764623506357626,0.0003076440894200238,0.0003076419438031423,0.00030763979822240523,0.00030763765266744004,0.0003076355071435214,0.00030763336164958064,0.0003076312161874987,0.0003076290707557424,0.00030762692535623735,0.0003076247799903311,0.0003076226346520477,0.0003076204893449903,0.00030761834407255886,0.0003076161988274771,0.0003076140536137615,0.0003076119084311217,0.00030760976327871543,0.00030760761815745323,0.0003076054730639174,0.00030760332800045215,0.0003076011829720009,0.00030759903797477267,0.00030759689300862304,0.0003075947480719892,0.00030759260316703263,0.00030759045829381213,0.0003075883134598722,0.00030758616864851333,0.00030758402386860665,0.00030758187911907915,0.0003075797344006856,0.0003075775897129422,0.0003075754450564232,0.00030757330043105563,0.0003075711558374715,0.000307569011275422,0.00030756686674074526,0.00030756472223896083,0.0003075625777690263,0.0003075604333292439,0.0003075582889203151,0.00030755614454290706,0.000307554000196178,0.00030755185588081043,0.00030754971159196434,0.0003075475673378317,0.00030754542311476257,0.00030754327892640104,0.00030754113476587954,0.0003075389906359856,0.0003075368465372555,0.0003075347024692624,0.0003075325584315954,0.00030753041442501625,0.00030752827044991675,0.00030752612650566453,0.00030752398259337003,0.00030752183871103107,0.0003075196948593219,0.00030751755103891626,0.0003075154072494634,0.00030751326349219674,0.0003075111197637966,0.00030750897606821243,0.00030750683240373246,0.0003075046887689696,0.00030750254516565424,0.00030750040159263474,0.0003074982580602287,0.0003074961145494916,0.0003074939710721457,0.00030749182762285866,0.0003074896842057276,0.0003074875408198114,0.0003074853974646941,0.0003074832541400869,0.0003074811108459926,0.00030747896758307657,0.00030747682435054984,0.0003074746811595265,0.0003074725379902677,0.0003074703948562431,0.00030746825174987597,0.00030746610867624124,0.00030746396563504947,0.0003074618226195694,0.0003074596796348787,0.0003074575366735401,0.00030745539375139395,0.00030745325086016517,0.00030745110800837756,0.00030744896517945615,0.00030744682238020263,0.00030744467961238414,0.00030744253687816687,0.00030744039417116866,0.00030743825149997383,0.0003074361088509093,0.00030743396623832066,0.0003074318236566207,0.0003074296811060522,0.0003074275385759856,0.0003074253960872495,0.0003074232536315136,0.0003074211112041803,0.00030741896880553043,0.0003074168264405196,0.00030741468410643583,0.0003074125418021032,0.00030741039952979216,0.00030740825728894287,0.00030740611507948845,0.0003074039728966247,0.00030740183074830853,0.00030739968863119837,0.0003073975465477425,0.00030739540449252137,0.0003073932624666811,0.0003073911204750784,0.0003073889785121494,0.00030738683658014125,0.00030738469468088607,0.0003073825528114698,0.0003073804109738629,0.00030737826916355003,0.00030737612738671244,0.0003073739856415905,0.0003073718439259705,0.0003073697022417726,0.000307367560587968,0.0003073654189625995,0.0003073632773725595,0.00030736113580540693,0.0003073589942774934,0.000307356852778801,0.00030735471131191125,0.00030735256987550984,0.0003073504284725286,0.00030734828709977883,0.00030734614575583937,0.0003073440044394103,0.0003073418631446297,0.00030733972189314146,0.0003073375806738193,0.00030733543948438714,0.0003073332983274044,0.00030733115719576746,0.0003073290160997449,0.00030732687503803033,0.00030732473400410537,0.00030732259300174434,0.00030732045203127296,0.00030731831108887016,0.0003073161701776722,0.0003073140292973987,0.0003073118884454786,0.00030730974762701696,0.00030730760684000364,0.00030730546608734305,0.0003073033253615952,0.00030730118466731275,0.0003072990440016192,0.00030729690336813153,0.0003072947627656563,0.0003072926221948857,0.0003072904816555283,0.0003072883411462712,0.00030728620067136547,0.0003072840602244173,0.0003072819198087043,0.00030727977942424366,0.0003072776390691595,0.0003072754987454066,0.00030727335845209965,0.00030727121819243923,0.0003072690779626083,0.00030726693775700074,0.0003072647975898418,0.0003072626574515776,0.0003072605173450444,0.00030725837726045853,0.0003072562372155406,0.00030725409720221185,0.00030725195721927355,0.00030724981726361605,0.00030724767734214095,0.00030724553745211405,0.00030724339759142903,0.0003072412577628382,0.0003072391179655225,0.00030723697819978665,0.0003072348384641139,0.0003072326987595812,0.0003072305590853311,0.0003072284194421722,0.0003072262798301405,0.00030722414024865176,0.0003072220007011959,0.0003072198611818254,0.00030721772169539044,0.00030721558223727744,0.0003072134428112345,0.0003072113034161282,0.00030720916405125887,0.0003072070247118657,0.0003072048854081353,0.0003072027461364258,0.0003072006068967013,0.00030719846768804753,0.0003071963285092532,0.0003071941893652857,0.00030719205024804023,0.00030718991116130193,0.0003071877721002019,0.00030718563307528715,0.0003071834940810517,0.00030718135511976233,0.0003071792161901861,0.00030717707728936106,0.0003071749384186035,0.0003071727995792557,0.00030717066077114174,0.00030716852199305097,0.00030716638324594463,0.000307164244529879,0.00030716210584500245,0.0003071599671916918,0.0003071578285687017,0.0003071556899764976,0.0003071535514151415,0.00030715141288473224,0.00030714927438537103,0.0003071471359172511,0.00030714499747764147,0.0003071428590756884,0.0003071407206994596,0.00030713858235476856,0.00030713644404100536,0.0003071343057688009,0.0003071321675171455,0.00030713002929542315,0.00030712789109787727,0.00030712575293801245,0.0003071236148098066,0.0003071214767124679,0.00030711933863664586,0.00030711720060012417,0.00030711506259556323,0.000307112924619099,0.00030711078667537364,0.0003071086487549948,0.0003071065108731062,0.0003071043730092823,0.00030710223518943484,0.00030710009740026915,0.000307097959632523,0.00030709582190521203,0.0003070936842063693,0.0003070915465433743,0.000307089408902052,0.0003070872712987494,0.00030708513372583224,0.00030708299618389376,0.0003070808586656304,0.00030707872118776523,0.00030707658373923245,0.0003070744463206452,0.00030707230893477146,0.00030707017157812215,0.00030706803425218585,0.00030706589695892985,0.0003070637596953009,0.00030706162245939796,0.00030705948525307,0.00030705734808167667,0.00030705521094102694,0.0003070530738310788,0.0003070509367520933,0.00030704879970671115,0.00030704666269045096,0.00030704452570427164,0.00030704238874935805,0.0003070402518251647,0.0003070381149314083,0.0003070359780675026,0.0003070338412365913,0.0003070317044267558,0.00030702956765665357,0.00030702743091803343,0.00030702529421139277,0.000307023157535541,0.0003070210208918577,0.0003070188842760576,0.00030701674769277555,0.00030701461113877824,0.00030701247461598985,0.0003070103381253422,0.0003070082016638615,0.0003070060652334743,0.0003070039288295081,0.0003070017924606067,0.0003069996561234592,0.00030699751980864783,0.00030699538353250535,0.0003069932472886362,0.00030699111107487266,0.00030698897489302564,0.00030698683874002815,0.0003069847026184192,0.0003069825665242444,0.0003069804304652626,0.0003069782944381455,0.0003069761584401367,0.00030697402247380234,0.0003069718865333074,0.00030696975062485604,0.00030696761475080316,0.00030696547890748813,0.0003069633430945126,0.00030696120731302505,0.00030695907156234024,0.00030695693584221003,0.0003069548001549402,0.0003069526644954175,0.0003069505288693482,0.00030694839327304393,0.0003069462577075441,0.00030694412217096976,0.00030694198666731683,0.00030693985119323937,0.00030693771575057797,0.00030693558033923754,0.0003069334449583665,0.0003069313095981874,0.00030692917427896686,0.0003069270389858006,0.000306924903728425,0.00030692276850203875,0.00030692063330648486,0.0003069184981413415,0.0003069163630072876,0.0003069142279042178,0.0003069120928320649,0.0003069099577907425,0.0003069078227813884,0.00030690568780137836,0.0003069035528506848,0.0003069014179344045,0.0003068992830478269,0.0003068971481922396,0.00030689501336822293,0.000306892878567795,0.00030689074380594125,0.00030688860907351044,0.0003068864743750171,0.0003068843397039435,0.00030688220505518385,0.0003068800704364695,0.0003068779358589797,0.0003068758013114301,0.00030687366679903703,0.000306871532313547,0.0003068693978636059,0.0003068672634333706,0.00030686512903252,0.0003068629946695205,0.0003068608603377692,0.0003068587260374223,0.0003068565917603621,0.0003068544575226611,0.00030685232331899146,0.0003068501891421069,0.0003068480549964527,0.00030684592088103905,0.0003068437867941929,0.000306841652740725,0.0003068395187173078,0.00030683738471107324,0.00030683525075301773,0.0003068331168218882,0.00030683098292067315,0.00030682884905228923,0.00030682671521472296,0.00030682458140664557,0.0003068224476228616,0.0003068203138751104,0.0003068181801603403,0.00030681604647449,0.00030681391282160256,0.00030681177919909255,0.0003068096456072169,0.00030680751204630003,0.0003068053785155538,0.00030680324501652467,0.0003068011115469323,0.0003067989780965091,0.00030679684469049807,0.0003067947113137532,0.0003067925779709748,0.00030679044466622765,0.0003067883113836897,0.00030678617813110375,0.0003067840449012065,0.00030678191171478885,0.0003067797785548542,0.0003067776454258883,0.00030677551232946755,0.00030677337926416314,0.0003067712462281262,0.00030676911322265405,0.0003067669802474988,0.00030676484730388125,0.00030676271439052355,0.00030676058150035535,0.00030675844864868674,0.00030675631582840487,0.00030675418303904145,0.0003067520502799188,0.00030674991754491563,0.000306747784855862,0.0003067456521879072,0.0003067435195519539,0.00030674138694724955,0.0003067392543728043,0.00030673712183047893,0.00030673498931827365,0.0003067328568347295,0.0003067307243826578,0.0003067285919628716,0.00030672645957405454,0.0003067243272155717,0.0003067221948788729,0.0003067200625749513,0.000306717930311543,0.00030671579807640693,0.00030671366587147543,0.0003067115336915742,0.00030670940154787536,0.00030670726943905123,0.00030670513735820575,0.0003067030053112759,0.0003067008732926271,0.00030669874130457024,0.00030669660934680285,0.0003066944774210333,0.0003066923455267565,0.0003066902136627694,0.00030668808182826666,0.0003066859500244014,0.0003066838182512677,0.00030668168650901256,0.00030667955478107906,0.0003066774231008635,0.00030667529145213604,0.000306673159833121,0.00030667102824492957,0.00030666889669488047,0.00030666676516952207,0.0003066646336739826,0.00030666250220989723,0.0003066603707749485,0.0003066582393733743,0.0003066561079954051,0.0003066539766544532,0.00030665184534367545,0.00030664971406388255,0.00030664758281582436,0.0003066454515993099,0.00030664332041249775,0.000306641189254799,0.000306639058129542,0.0003066369270343366,0.0003066347959752226,0.00030663266493926916,0.0003066305339366987,0.00030662840296148946,0.00030662627201983103,0.0003066241411080164,0.0003066220102286891,0.00030661987938014845,0.00030661774856141974,0.00030661561777284405,0.00030661348701683703,0.00030661135629204956,0.00030660922559782065,0.00030660709493396057,0.0003066049643020709,0.0003066028337005855,0.0003066007031339711,0.00030659857259389357,0.0003065964420841576,0.0003065943116055,0.0003065921811575383,0.00030659005074084157,0.00030658792035413853,0.0003065857899995488,0.0003065836596672883,0.00030658152937178875,0.00030657939910946024,0.00030657726887761065,0.00030657513867577845,0.00030657300850459,0.00030657087836492906,0.0003065687482561397,0.0003065666181782551,0.0003065644881357794,0.0003065623581179696,0.0003065602281316627,0.0003065580981670063,0.00030655596824274544,0.0003065538383482066,0.00030655170848342683,0.00030654957865722704,0.0003065474488476418,0.0003065453190779975,0.00030654318934134344,0.00030654105963942005,0.0003065389299611619,0.0003065368003163003,0.00030653467070009856,0.0003065325411141648,0.00030653041155947385,0.00030652828203557814,0.0003065261525387439,0.00030652402307588703,0.0003065218936556535,0.000306519764254832,0.0003065176348844386,0.0003065155055458186,0.00030651337623673904,0.0003065112469512923,0.0003065091177057263,0.00030650698848967733,0.00030650485930354713,0.0003065027301485273,0.0003065006010245973,0.00030649847193152716,0.0003064963428688359,0.0003064942138376109,0.00030649208483652236,0.0003064899558667766,0.0003064878269284691,0.000306485698013172,0.0003064835691359038,0.0003064814402887573,0.0003064793114787176,0.0003064771826933649,0.0003064750539388963,0.00030647292521451743,0.0003064707965209255,0.0003064686678619104,0.0003064665392275651,0.00030646441063187074,0.0003064622820616201,0.0003064601535124524,0.0003064580249967694,0.0003064558965158404,0.0003064537680694475,0.0003064516396532623,0.00030644951125949295,0.0003064473829043774,0.00030644525458016497,0.00030644312628601484,0.0003064409980234822,0.0003064388697922164,0.0003064367415907825,0.000306434613418802,0.0003064324852794789,0.0003064303571706475,0.0003064282290927275,0.0003064261010456762,0.000306423973029231,0.0003064218450468831,0.0003064197170930708,0.00030641758915761393,0.0003064154612642195,0.0003064133334018518,0.00030641120557217715,0.0003064090777713825,0.00030640695000112313,0.0003064048222616403,0.000306402694549501,0.00030640056687143404,0.0003063984392262891,0.0003063963116053243,0.000306394184019442,0.00030639205646452647,0.0003063899289404998,0.0003063878014471989,0.000306385673985297,0.00030638354655326263,0.00030638141915377277,0.0003063792917836012,0.0003063771644442639,0.00030637503713899273,0.00030637290985751194,0.000306370782610246,0.0003063686554027303,0.0003063665282210752,0.0003063644010666415,0.000306362273942253,0.00030636014684861453,0.0003063580197864897,0.00030635589275636955,0.0003063537657550761,0.00030635163878472185,0.0003063495118485764,0.000306347384939804,0.0003063452580620705,0.0003063431312142319,0.0003063410043975126,0.0003063388776110382,0.0003063367508558587,0.0003063346241314996,0.00030633249743811916,0.00030633037077633753,0.0003063282441446012,0.0003063261175432801,0.0003063239909777434,0.00030632186443785476,0.00030631973793046385,0.00030631761145510667,0.00030631548500581463,0.0003063133585887706,0.00030631123220247077,0.000306309105847292,0.0003063069795225851,0.00030630485322842414,0.00030630272696476117,0.0003063006007326744,0.0003062984745242171,0.0003062963483556067,0.0003062942222027018,0.00030629209609336336,0.00030628996999930224,0.0003062878439519526,0.00030628571793487545,0.0003062835919473943,0.00030628146599219187,0.0003062793400673459,0.0003062772141723698,0.0003062750883082935,0.0003062729624751934,0.00030627083666473574,0.0003062687108808595,0.00030626658514640694,0.00030626445943657304,0.000306262333756247,0.00030626020810772467,0.00030625808248933145,0.0003062559569051203,0.0003062538313489757,0.0003062517058134901,0.0003062495803191056,0.00030624745485522895,0.0003062453294206871,0.0003062432040101983,0.00030624107864405775,0.0003062389533011108,0.00030623682798894557,0.0003062347027105185,0.0003062325774643192,0.0003062304522467131,0.00030622832705905575,0.00030622620190222724,0.0003062240767763173,0.00030622195168099293,0.00030621982661557817,0.0003062177015818603,0.0003062155765793247,0.00030621345160672744,0.00030621132666578933,0.0003062092017550917,0.00030620707687493547,0.0003062049520257314,0.00030620282720673203,0.00030620070241937604,0.0003061985776618537,0.00030619645293509195,0.00030619432823149366,0.0003061922035662581,0.00030619007892995835,0.0003061879543263856,0.0003061858297550885,0.0003061837052133714,0.00030618158070185074,0.0003061794562209786,0.0003061773317709718,0.00030617520735134443,0.00030617308296279383,0.000306170958604986,0.00030616883427786993,0.00030616670997957954,0.00030616458570710987,0.0003061624614720713,0.0003061603372685842,0.0003061582130941489,0.00030615608895198697,0.0003061539648397718,0.00030615184075103254,0.0003061497166999095,0.0003061475926790596,0.00030614546868896136,0.0003061433447304229,0.00030614122080288954,0.00030613909689920283,0.0003061369730334847,0.00030613484919862007,0.00030613272539378625,0.00030613060161873736,0.0003061284778706982,0.0003061263541578382,0.0003061242304762744,0.0003061221068262096,0.0003061199832046838,0.00030611785961952206,0.0003061157360607275,0.00030611361253222004,0.0003061114890344964,0.00030610936556739303,0.00030610724213110853,0.0003061051187236705,0.00030610299533892423,0.0003061008719945962,0.00030609874868454625,0.00030609662540212674,0.00030609450214908693,0.00030609237893110134,0.0003060902557409392,0.0003060881325830027,0.00030608600945385047,0.00030608388635503756,0.0003060817632871282,0.0003060796402499353,0.00030607751724355574,0.000306075394273722,0.00030607327132866626,0.00030607114841464585,0.0003060690255392867,0.00030606690269079784,0.00030606477986898345,0.00030606265707745995,0.00030606053431665644,0.0003060584115862463,0.00030605628887839004,0.0003060541662095604,0.0003060520435716985,0.00030604992096427215,0.0003060477983876822,0.0003060456758456706,0.00030604355333207117,0.00030604143084746914,0.0003060393083943118,0.0003060371859702116,0.00030603506357771093,0.00030603294121525436,0.0003060308188863901,0.00030602869658602434,0.0003060265743181371,0.0003060244520787544,0.00030602232987065773,0.00030602020769285743,0.0003060180855459678,0.00030601596342992756,0.00030601384133297367,0.00030601171927866795,0.00030600959725506576,0.0003060074752618012,0.0003060053532997508,0.00030600323136625336,0.0003060011094650128,0.00030599898759102055,0.00030599686575347016,0.00030599474394138053,0.00030599262216331907,0.00030599050041523444,0.0003059883786979173,0.0003059862570125049,0.0003059841353566391,0.0003059820137210126,0.00030597989212646136,0.00030597777056259824,0.00030597564902853615,0.00030597352752578913,0.0003059714060540614,0.0003059692846151815,0.00030596716320499155,0.0003059650418263829,0.00030596292047696836,0.0003059607991592452,0.00030595867787155934,0.0003059565566131543,0.00030595443537947953,0.0003059523141836953,0.0003059501930182178,0.00030594807188396737,0.00030594595077247265,0.00030594382969953817,0.0003059417086595762,0.0003059395876486029,0.00030593746666687576,0.00030593534571667227,0.00030593322479627674,0.00030593110390840923,0.00030592898305007745,0.0003059268622216558,0.00030592474142498066,0.0003059226206592043,0.0003059204999252678,0.00030591837922102087,0.0003059162585471018,0.00030591413790218746,0.0003059120172878793,0.00030590989669876286,0.000305907776148917,0.0003059056556290185,0.00030590353513855706,0.0003059014146794205,0.0003058992942534401,0.00030589717385573543,0.00030589505348054653,0.000305892933142841,0.0003058908128371167,0.0003058886925619306,0.00030588657231780226,0.000305884452104634,0.0003058823319138243,0.00030588021176600216,0.00030587809164362475,0.0003058759715561502,0.0003058738514945643,0.000305871731464485,0.0003058696114651629,0.0003058674914964251,0.00030586537155942114,0.00030586325165174986,0.00030586113176664435,0.0003058590119221698,0.0003058568921067645,0.0003058547723215305,0.0003058526525677439,0.00030585053284428625,0.0003058484131455046,0.0003058462934840893,0.00030584417385352397,0.00030584205425253017,0.0003058399346824767,0.00030583781514338014,0.00030583569563473565,0.0003058335761567826,0.0003058314567090358,0.0003058293372970073,0.00030582721791091246,0.000305825098552973,0.0003058229792282803,0.0003058208599341087,0.00030581874066842554,0.00030581662143380013,0.00030581450222376107,0.0003058123830522451,0.00030581026391144023,0.000305808144801347,0.0003058060257223372,0.0003058039066732835,0.0003058017876554476,0.00030579966867006094,0.0003057975497132823,0.0003057954307869481,0.00030579331189131324,0.00030579119302656633,0.0003057890741927713,0.0003057869553890277,0.0003057848366082864,0.00030578271786654105,0.00030578059915515563,0.0003057784804828618,0.00030577636183260474,0.0003057742432129356,0.00030577212462660266,0.0003057700060682324,0.00030576788753885624,0.000305765769041574,0.00030576365057566736,0.0003057615321399676,0.0003057594137353214,0.0003057572953608223,0.00030575517701682525,0.00030575305870934953,0.00030575094042741864,0.00030574882217378224,0.000305746703950918,0.00030574458575342953,0.00030574246758786064,0.0003057403494581353,0.0003057382313579575,0.00030573611329045956,0.000305733995250934,0.00030573187723996356,0.00030572975926133563,0.0003057276413187918,0.0003057255233985929,0.00030572340551178896,0.00030572128765443365,0.0003057191698304021,0.0003057170520385266,0.0003057149342774159,0.00030571281654700387,0.000305710698846535,0.00030570858117640623,0.0003057064635304769,0.00030570434592187444,0.0003057022283439349,0.0003057001107972139,0.0003056979932745216,0.00030569587578875947,0.00030569375833339115,0.000305691640906671,0.00030568952351467995,0.0003056874061508379,0.0003056852888179702,0.00030568317151538464,0.00030568105424369545,0.0003056789370031048,0.0003056768197924392,0.0003056747026132605,0.00030567258546432085,0.00030567046834583154,0.00030566835125817266,0.00030566623420112086,0.0003056641171744871,0.00030566200017832025,0.00030565988321292045,0.0003056577662783815,0.0003056556493725567,0.00030565353249878814,0.0003056514156542461,0.00030564929884397573,0.0003056471820622252,0.0003056450653098594,0.0003056429485894439,0.0003056408318980801,0.00030563871523987476,0.0003056365986111309,0.0003056344820134889,0.00030563236545030106,0.0003056302489146799,0.00030562813241402013,0.00030562601593579086,0.0003056238994917559,0.00030562178307404154,0.0003056196666906284,0.00030561755033799317,0.0003056154340159521,0.00030561331772346574,0.00030561120146250533,0.0003056090852324022,0.0003056069690328312,0.0003056048528640084,0.0003056027367254019,0.00030560062061743326,0.00030559850454038535,0.0003055963884937045,0.0003055942724768178,0.00030559215649142446,0.0003055900405391178,0.00030558792461706646,0.00030558580872357897,0.0003055836928606057,0.0003055815770282423,0.00030557946122660785,0.00030557734545708814,0.00030557522971628727,0.00030557311400912306,0.00030557099833120044,0.0003055688826831829,0.00030556676706513353,0.0003055646514769507,0.00030556253592002033,0.0003055604203937475,0.0003055583048981079,0.0003055561894334677,0.0003055540739989719,0.0003055519585949874,0.0003055498432199618,0.00030554772787648053,0.00030554561256474226,0.0003055434972833682,0.0003055413820331257,0.0003055392668131456,0.0003055371516236831,0.0003055350364631897,0.00030553292133337983,0.00030553080623319304,0.000305528691166003,0.00030552657612989875,0.0003055244611232968,0.0003055223461501766,0.00030552023120758605,0.0003055181162933273,0.0003055160014133568,0.0003055138865601935,0.00030551177173826336,0.0003055096569468548,0.00030550754218573836,0.0003055054274574806,0.0003055033127577742,0.00030550119808852693,0.00030549908345195247,0.0003054969688442372,0.00030549485426659834,0.00030549273971971943,0.0003054906252032024,0.00030548851071650313,0.0003054863962615258,0.0003054842818352049,0.0003054821674412337,0.0003054800530778947,0.00030547793874594536,0.00030547582443560056,0.00030547371016413237,0.00030547159592975945,0.0003054694817214156,0.00030546736754701227,0.00030546525339689086,0.00030546313927849657,0.00030546102519038166,0.0003054589111329286,0.0003054567971157161,0.00030545468311950804,0.0003054525691489247,0.0003054504552139482,0.0003054483413096958,0.00030544622743579016,0.00030544411359213097,0.0003054419997794334,0.00030543988599762446,0.0003054377722487156,0.00030543565852785687,0.0003054335448398224,0.0003054314311802095,0.00030542931755149364,0.0003054272039535075,0.00030542509038560835,0.0003054229768478772,0.0003054208633398909,0.0003054187498647323,0.00030541663641870103,0.00030541452300355155,0.00030541240961893786,0.0003054102962649597,0.00030540818293494656,0.00030540606964234564,0.00030540395637996577,0.0003054018431483331,0.00030539972994700663,0.0003053976167764174,0.00030539550363694186,0.00030539339052770934,0.0003053912774489004,0.0003053891644015648,0.00030538705137475916,0.0003053849383884468,0.00030538282543394487,0.0003053807125081938,0.00030537859961281304,0.00030537648674805934,0.00030537437391454404,0.00030537226110333637,0.0003053701483306053,0.00030536803558797824,0.0003053659228760056,0.00030536381019495194,0.0003053616975440099,0.00030535958492388206,0.000305357472326165,0.00030535535976559345,0.0003053532472393756,0.0003053511347490581,0.00030534902228189904,0.00030534690985056713,0.0003053447974445684,0.00030534268506917706,0.0003053405727229034,0.00030533846040919124,0.00030533634812531044,0.0003053342358721921,0.00030533212365041674,0.0003053300114586864,0.0003053278992972657,0.0003053257871664648,0.00030532367506743964,0.00030532156299808847,0.0003053194509584468,0.00030531733894886804,0.00030531522697122855,0.00030531311502436724,0.0003053110031054683,0.00030530889121899716,0.00030530677936347234,0.0003053046675408019,0.0003053025557460634,0.0003053004439826222,0.0003052983322491968,0.00030529622054579814,0.0003052941088731231,0.0003052919972310681,0.0003052898856184394,0.00030528777403760366,0.00030528566248987825,0.0003052835509788873,0.0003052814394896884,0.0003052793280312162,0.0003052772166034545,0.0003052751052063789,0.0003052729938386676,0.00030527088249613136,0.00030526877118846506,0.0003052666599131691,0.00030526454866871747,0.0003052624374549584,0.000305260326271366,0.000305258215116423,0.00030525610399392947,0.0003052539929022141,0.0003052518818426865,0.0003052497708120558,0.00030524765981162415,0.00030524554884250687,0.0003052434379040097,0.00030524132699416936,0.000305239216115748,0.00030523710527360193,0.00030523499445649115,0.0003052328836700188,0.00030523077291422755,0.00030522866218924376,0.00030522655149439363,0.0003052244408319376,0.0003052223301971154,0.00030522021959383496,0.00030521810902814795,0.00030521599848673715,0.0003052138879754045,0.0003052117774934496,0.0003052096670426982,0.0003052075566237794,0.00030520544623444356,0.0003052033358756854,0.0003052012255502064,0.0003051991152526179,0.0003051970049838092,0.0003051948947462524,0.00030519278453930535,0.00030519067436367704,0.00030518856421879535,0.0003051864541040357,0.0003051843440294026,0.0003051822339749369,0.0003051801239525022,0.00030517801395889683,0.000305175903997385,0.0003051737940660012,0.0003051716841700262,0.0003051695742976302,0.00030516746445807076,0.0003051653546483627,0.0003051632448698413,0.00030516113512079566,0.00030515902540357047,0.00030515691571663555,0.0003051548060602849,0.00030515269643440027,0.0003051505868446157,0.0003051484772885591,0.0003051463677559341,0.00030514425825245564,0.00030514214877926376,0.00030514003933500685,0.00030513792991112497,0.000305135820530069,0.0003051337111810648,0.0003051316018640675,0.0003051294925746858,0.0003051273833154083,0.0003051252740864036,0.0003051231648886213,0.0003051210557208717,0.0003051189465752904,0.0003051168374683959,0.00030511472839123973,0.00030511261934565664,0.0003051105103304308,0.00030510840134463765,0.0003051062923908723,0.0003051041834675064,0.0003051020745786421,0.0003050999657187965,0.0003050978568904398,0.0003050957480908808,0.0003050936393199956,0.00030509153057952195,0.0003050894218707997,0.0003050873131839448,0.0003050852045348574,0.0003050830959167646,0.0003050809873291493,0.00030507887877166684,0.0003050767702440119,0.00030507466174775063,0.0003050725532818977,0.0003050704448365743,0.00030506833643294804,0.0003050662280587321,0.0003050641197132351,0.0003050620114001673,0.0003050599031174465,0.0003050577948654048,0.00030505568664200073,0.00030505357845770324,0.000305051470299053,0.0003050493621672639,0.0003050472540682669,0.00030504514599933663,0.0003050430379584588,0.00030504092994330386,0.00030503882195843186,0.00030503671400964325,0.00030503460609309263,0.000305032498207408,0.00030503039035235143,0.00030502828252490093,0.00030502617473041776,0.00030502406696646215,0.0003050219592330554,0.0003050198515277563,0.0003050177438552924,0.0003050156362123285,0.00030501352859909416,0.00030501142101858756,0.0003050093134683738,0.00030500720594873093,0.0003050050984584284,0.00030500299099970983,0.0003050008835703582,0.0003049987761788538,0.0003049966688111331,0.00030499456147718533,0.00030499245417280865,0.000304990346896796,0.0003049882396514256,0.00030498613243645393,0.00030498402525184104,0.0003049819180970978,0.0003049798109614446,0.00030497770386855654,0.0003049755968064008,0.00030497348977379926,0.0003049713827731354,0.0003049692758027769,0.0003049671688524906,0.0003049650619417305,0.0003049629550606684,0.0003049608482111116,0.00030495874139286564,0.0003049566346051055,0.0003049545278478547,0.0003049524211210579,0.0003049503144247716,0.0003049482077603908,0.00030494610112793134,0.00030494399453014613,0.000304941887955531,0.0003049397814119086,0.00030493767489860995,0.00030493556841552075,0.00030493346196310207,0.00030493135554128834,0.0003049292491484168,0.0003049271427877019,0.0003049250364602602,0.0003049229301604461,0.0003049208238912027,0.00030491871765058604,0.00030491661144671923,0.000304914505271829,0.00030491239912463,0.00030491029300797946,0.0003049081869219251,0.00030490608087330276,0.0003049039748478601,0.0003049018688522229,0.00030489976288642793,0.00030489765695249137,0.00030489555104900624,0.0003048934451764617,0.00030489133933097923,0.0003048892335190939,0.000304887127728359,0.0003048850219818227,0.00030488291626123954,0.00030488081057146156,0.00030487870491443755,0.000304876599285363,0.00030487449368891154,0.0003048723881230709,0.00030487028258452224,0.0003048681770763514,0.0003048660715999613,0.000304863966153642,0.00030486186073792307,0.0003048597553527571,0.00030485764999621545,0.0003048555446720598,0.0003048534393780291,0.0003048513341136913,0.00030484922887739126,0.00030484712367479975,0.00030484501850509105,0.00030484291336366616,0.0003048408082529158,0.00030483870317237903,0.0003048365981223126,0.0003048344931028483,0.0003048323881039928,0.0003048302831508116,0.00030482817822308266,0.0003048260733340046,0.000304823968470003,0.0003048218636332917,0.00030481975882624577,0.00030481765404887434,0.00030481554930346074,0.0003048134445878622,0.0003048113399032433,0.00030480923524960996,0.0003048071306266378,0.00030480502603313475,0.0003048029214710111,0.0003048008169391663,0.00030479871243837496,0.00030479660796539626,0.00030479450353038465,0.0003047923991236593,0.00030479029474383344,0.0003047881903864982,0.0003047860860678324,0.00030478398178197867,0.0003047818775244899,0.0003047797732948844,0.0003047776690979605,0.0003047755649352637,0.00030477346080137437,0.0003047713566941443,0.0003047692526191063,0.0003047671485765762,0.00030476504456134835,0.00030476294058271006,0.00030476083663010385,0.0003047587327071017,0.00030475662881532294,0.00030475452495357504,0.00030475242112299074,0.00030475031732128433,0.0003047482135513601,0.00030474610980872114,0.00030474400609928814,0.00030474190241925003,0.0003047397987707509,0.00030473769515297996,0.000304735591566762,0.00030473348800788227,0.0003047313844780668,0.00030472928098143913,0.0003047271775157205,0.0003047250740838434,0.0003047229706791458,0.0003047208673046732,0.0003047187639662076,0.00030471666065280537,0.00030471455736493365,0.0003047124541099779,0.0003047103508878477,0.00030470824769600395,0.0003047061445351621,0.0003047040414101605,0.0003047019383089285,0.0003046998352389681,0.00030469773219901777,0.00030469562919012416,0.00030469352621150295,0.00030469142326099884,0.0003046893203437075,0.0003046872174564982,0.00030468511459960624,0.0003046830117721325,0.0003046809089767275,0.0003046788062088286,0.0003046767034741416,0.000304674600770002,0.00030467249809600436,0.00030467039545099963,0.00030466829283804626,0.0003046661902442103,0.00030466408770170273,0.0003046619851798978,0.00030465988268847595,0.00030465778022730665,0.0003046556777971495,0.00030465357539532486,0.0003046514730260474,0.0003046493706849262,0.0003046472683765528,0.00030464516609713836,0.00030464306384748595,0.0003046409616307834,0.0003046388594431408,0.00030463675728729077,0.00030463465516127725,0.0003046325530656634,0.0003046304510002899,0.0003046283489683074,0.0003046262469638765,0.000304624144988304,0.0003046220430448574,0.0003046199411333226,0.0003046178392508534,0.0003046157373978504,0.000304613635576332,0.0003046115337886069,0.000304609432020315,0.00030460733029013593,0.000304605228598944,0.0003046031269293332,0.0003046010252903038,0.0003045989236817878,0.00030459682209076316,0.00030459472054314044,0.0003045926190257263,0.00030459051753884645,0.00030458841607281466,0.00030458631464711617,0.0003045842132513955,0.0003045821118860056,0.0003045800105503518,0.0003045779092505374,0.0003045758079747258,0.0003045737067232443,0.00030457160551217486,0.0003045695043309106,0.0003045674031778441,0.0003045653020549864,0.0003045632009655184,0.00030456109990485664,0.0003045589988742596,0.00030455689787377776,0.00030455479690504896,0.00030455269596386226,0.0003045505950558069,0.00030454849417784315,0.0003045463933299738,0.00030454429251240125,0.000304542191725986,0.0003045400909695243,0.00030453799023686133,0.00030453588954377174,0.0003045337888787404,0.00030453168824291516,0.0003045295876450671,0.0003045274870710064,0.0003045253865301244,0.00030452328601596673,0.00030452118553331883,0.00030451908508282355,0.0003045169846608291,0.0003045148842713709,0.00030451278391013,0.0003045106835809334,0.0003045085832810143,0.0003045064830116347,0.00030450438277213293,0.0003045022825652177,0.0003045001823869518,0.00030449808223872223,0.0003044959821211386,0.00030449388203313514,0.0003044917819758802,0.00030448968195026456,0.0003044875819548758,0.00030448548199090754,0.00030448338205575143,0.0003044812821507136,0.0003044791822762073,0.00030447708243029836,0.0003044749826204079,0.0003044728828358912,0.000304470783079275,0.0003044686833549924,0.00030446658366779425,0.0003044644840056612,0.0003044623843750032,0.00030446028477425756,0.00030445818520070825,0.00030445608566148934,0.0003044539861508383,0.000304451886670754,0.00030444978722499183,0.00030444768778903304,0.0003044455884009696,0.00030444348904353017,0.00030444138971657376,0.0003044392904195335,0.0003044371911532777,0.00030443509191281187,0.0003044329927054292,0.00030443089353409964,0.00030442879438950625,0.0003044266952750771,0.00030442459618876727,0.0003044224971341887,0.0003044203981110594,0.0003044182991187102,0.00030441620015584443,0.0003044141012242028,0.00030441200232276,0.0003044099034515835,0.00030440780460997823,0.0003044057058035933,0.00030440360702364854,0.0003044015082740203,0.00030439940955462417,0.0003043973108665197,0.0003043952122082261,0.00030439311358034074,0.00030439101498183293,0.00030438891641383224,0.00030438681787016826,0.0003043847193638874,0.0003043826208869567,0.00030438052244499073,0.00030437842402007427,0.00030437632563577944,0.0003043742272821122,0.00030437212895680234,0.0003043700306627975,0.00030436793239376636,0.0003043658341606283,0.00030436373595732117,0.0003043616377854362,0.00030435953964260494,0.000304357441531925,0.00030435534345098897,0.00030435324540124077,0.00030435114738124286,0.00030434904939110794,0.0003043469514298583,0.00030434485350097347,0.00030434275560234993,0.0003043406577339522,0.00030433855989634985,0.0003043364620909816,0.0003043343643199751,0.00030433226657332525,0.0003043301688582495,0.00030432807117163746,0.0003043259735169357,0.00030432387589786705,0.0003043217783034623,0.00030431968073909557,0.00030431758320490876,0.0003043154857016453,0.00030431338823552236,0.00030431129079264233,0.00030430919338012675,0.00030430709600010394,0.0003043049986484166,0.00030430290131975137,0.00030430080402851464,0.00030429870676833656,0.0003042966095390889,0.00030429451233838877,0.00030429241516881914,0.00030429031802992957,0.00030428822091662776,0.0003042861238388103,0.00030428402678555895,0.00030428192976797013,0.0003042798327807888,0.0003042777358216766,0.00030427563890229794,0.00030427354200651175,0.00030427144514082167,0.0003042693483022659,0.0003042672514971815,0.0003042651547229714,0.00030426305797785704,0.000304260961264182,0.00030425886458167086,0.0003042567679255089,0.0003042546712967858,0.00030425257470444574,0.00030425047814246,0.0003042483816012498,0.0003042462850999427,0.00030424418862915506,0.00030424209219343564,0.0003042399957832122,0.0003042378994032116,0.00030423580305452184,0.0003042337067355214,0.00030423161044663695,0.000304229514187088,0.0003042274179576164,0.00030422532176011,0.00030422322560316755,0.00030422112946628017,0.00030421903335933043,0.00030421693727654116,0.00030421484123088007,0.0003042127452176313,0.0003042106492407371,0.00030420855328785486,0.0003042064573631126,0.0003042043614667111,0.000304202265601357,0.000304200169768507,0.0003041980739657112,0.0003041959781930749,0.00030419388245084305,0.0003041917867389845,0.000304189691056612,0.0003041875954054701,0.00030418549978503096,0.00030418340419474085,0.00030418130863513676,0.0003041792131052837,0.000304177117601701,0.00030417502213264354,0.0003041729266938042,0.0003041708312878379,0.0003041687359086528,0.0003041666405615434,0.0003041645452465672,0.0003041624499597646,0.0003041603547036132,0.0003041582594756827,0.000304156164284581,0.00030415406911540253,0.0003041519739804422,0.00030414987887566114,0.0003041477837958747,0.00030414568875203286,0.00030414359374286286,0.0003041414987595851,0.0003041394038067161,0.00030413730888409225,0.0003041352139915856,0.00030413311912865697,0.0003041310242971033,0.00030412892949404036,0.00030412683472328934,0.0003041247399827569,0.00030412264527262254,0.0003041205505931692,0.0003041184559437278,0.0003041163613236911,0.00030411426673223414,0.00030411217217379496,0.0003041100776458115,0.0003041079831475074,0.00030410588868823427,0.00030410379425111915,0.0003041016998444537,0.00030409960546915474,0.00030409751112296147,0.00030409541680774245,0.000304093322522171,0.00030409122826720585,0.000304089134042518,0.00030408703984695747,0.00030408494568302824,0.0003040828515486232,0.0003040807574452755,0.00030407866337234794,0.0003040765693295193,0.00030407447531997044,0.0003040723813391748,0.00030407028738795554,0.0003040681934672783,0.0003040660995760072,0.0003040640057152239,0.00030406191187560075,0.00030405981807519436,0.00030405772430597104,0.0003040556305660329,0.0003040535368570081,0.00030405144317844187,0.0003040493495299761,0.00030404725591287693,0.0003040451623252061,0.0003040430687656138,0.00030404097523812994,0.0003040388817414034,0.00030403678827339457,0.0003040346948374032,0.00030403260143197755,0.0003040305080568363,0.0003040284147119751,0.00030402632139601743,0.0003040242281106682,0.0003040221348544969,0.00030402004163049165,0.00030401794843174505,0.0003040158552686868,0.0003040137621367464,0.00030401166903455115,0.0003040095759623189,0.000304007482920844,0.00030400538991133595,0.0003040032969301552,0.0003040012039793509,0.0003039991110590538,0.00030399701816891925,0.0003039949253090803,0.0003039928324777883,0.00030399073967824457,0.0003039886469122936,0.0003039865541733696,0.0003039844614653203,0.00030398236878755454,0.0003039802761398706,0.00030397818352270533,0.00030397609093473345,0.0003039739983819303,0.0003039719058554615,0.0003039698133648756,0.00030396772089899115,0.0003039656284637218,0.00030396353605964093,0.0003039614436831302,0.00030395935133792763,0.00030395725902877867,0.00030395516673870483,0.00030395307448593997,0.0003039509822629468,0.00030394889006213105,0.00030394679789911715,0.0003039447057679583,0.0003039426136584851,0.0003039405215868075,0.0003039384295459996,0.000303936337534138,0.00030393424555346657,0.0003039321536039747,0.00030393006168397525,0.0003039279697948417,0.00030392587793541455,0.00030392378610625414,0.0003039216943110401,0.00030391960254314986,0.00030391751080414704,0.00030391541909590244,0.00030391332741826275,0.0003039112357715503,0.00030390914414535634,0.00030390705256057456,0.0003039049610040608,0.0003039028694772274,0.0003039007779828146,0.00030389868651750407,0.000303896595081121,0.00030389450367346684,0.0003038924122810235,0.0003038903209349539,0.00030388822962104526,0.00030388613833746275,0.00030388404708495874,0.0003038819558627934,0.0003038798646699602,0.00030387777350725014,0.0003038756823751185,0.00030387359127330107,0.00030387150020189677,0.00030386940916040365,0.0003038673181494779,0.0003038652271669803,0.0003038631362154425,0.000303861045294666,0.00030385895440566534,0.0003038568635446499,0.0003038547727155192,0.0003038526819168795,0.0003038505911482082,0.00030384850040998196,0.0003038464097022314,0.00030384431902464465,0.00030384222837631663,0.0003038401377577842,0.00030383804717104963,0.0003038359566131724,0.0003038338660870087,0.0003038317755898249,0.00030382968513048303,0.00030382759470186084,0.0003038255042965934,0.00030382341392489685,0.0003038213235780005,0.0003038192332636471,0.0003038171429798295,0.0003038150527249039,0.00030381296250030573,0.00030381087231205696,0.0003038087821494294,0.00030380669201647044,0.0003038046019143102,0.00030380251184286664,0.000303800421801305,0.00030379833179002984,0.00030379624180822725,0.00030379415185754105,0.0003037920619360066,0.000303789972045879,0.00030378788218511795,0.0003037857923556551,0.00030378370254568516,0.0003037816127772633,0.00030377952303866355,0.0003037774333302665,0.00030377534365131584,0.00030377325400469463,0.0003037711643858026,0.0003037690747991377,0.0003037669852423142,0.00030376489571374134,0.0003037628062158944,0.0003037607167496277,0.000303758627313734,0.00030375653790671073,0.00030375444853090983,0.0003037523591861328,0.00030375026986947094,0.0003037481805776447,0.00030374609132338844,0.00030374400209937373,0.0003037419129052662,0.0003037398237440837,0.00030373773461099074,0.00030373564550827733,0.00030373355643566137,0.0003037314673923195,0.00030372937838026286,0.0003037272893960923,0.0003037252004446982,0.00030372311152284314,0.0003037210226307349,0.00030371893376919935,0.0003037168449392245,0.00030371475613788707,0.0003037126673662974,0.0003037105786265196,0.0003037084899176621,0.0003037064012376087,0.0003037043125894338,0.00030370222397071766,0.000303700135385025,0.000303698046827229,0.0003036959582995326,0.00030369386980174664,0.00030369178133747354,0.0003036896928997747,0.00030368760449290513,0.00030368551612069885,0.00030368342777560304,0.00030368133946013164,0.0003036792511746468,0.0003036771629184964,0.00030367507469278326,0.0003036729864979942,0.00030367089833371885,0.0003036688101995419,0.00030366672209579073,0.0003036646340224004,0.0003036625459780086,0.00030366045796467245,0.0003036583699809379,0.0003036562820276101,0.0003036541941033548,0.0003036521062113537,0.00030365001834809993,0.0003036479305223394,0.00030364584272006675,0.00030364375494889044,0.0003036416672082864,0.000303639579497456,0.00030363749181706786,0.0003036354041561222,0.00030363331653693873,0.0003036312289475159,0.0003036291413866786,0.00030362705385718455,0.0003036249663497954,0.0003036228788812304,0.0003036207914431086,0.0003036187040355796,0.0003036166166584288,0.0003036145293104642,0.000303612441992284,0.0003036103547052228,0.0003036082674485407,0.00030360618022206383,0.0003036040930263525,0.0003036020058611394,0.00030359991872549097,0.0003035978316205141,0.0003035957445441388,0.00030359365749946466,0.00030359157048453,0.0003035894835001967,0.000303587396546203,0.0003035853096205058,0.00030358322273018386,0.0003035811358727099,0.0003035790490392872,0.0003035769622360979,0.0003035748754631603,0.0003035727887205727,0.0003035707019972348,0.0003035686153155848,0.00030356652866289624,0.0003035644420412283,0.0003035623554491969,0.0003035602688881375,0.0003035581823574306,0.0003035560958539963,0.00030355400938366316,0.0003035519229430997,0.0003035498365253287,0.0003035477501452853,0.00030354566379847946,0.00030354357747912396,0.0003035414911850179,0.0003035394049264499,0.0003035373186979669,0.00030353523249883975,0.00030353314633071787,0.0003035310601965522,0.00030352897408999075,0.00030352688801227985,0.00030352480196568646,0.00030352271594853193,0.0003035206299624704,0.00030351854400620756,0.00030351645807999704,0.0003035143721839708,0.00030351228631839394,0.0003035102004832187,0.000303508114677408,0.0003035060289022612,0.00030350394316121015,0.0003035018574465393,0.0003034997717617735,0.0003034976861058108,0.00030349560048112086,0.00030349351487436336,0.00030349142931085864,0.00030348934377765065,0.0003034872582733927,0.0003034851728014909,0.0003034830873679754,0.00030348100195592243,0.000303478916576086,0.0003034768312225486,0.0003034747459011744,0.0003034726606084351,0.00030347057534821587,0.0003034684901174343,0.00030346640491676983,0.00030346431974557884,0.00030346223460548034,0.00030346014949455646,0.0003034580644147911,0.00030345597936831485,0.0003034538943496283,0.00030345180935800595,0.00030344972440209074,0.0003034476394768812,0.0003034455545784324,0.0003034434697109254,0.0003034413848719042,0.0003034393000518285,0.0003034372152733603,0.0003034351305259977,0.0003034330458089906,0.0003034309611229939,0.00030342887646650496,0.0003034267918401547,0.0003034247072333556,0.00030342262266450136,0.0003034205381287267,0.0003034184536229476,0.00030341636913905524,0.00030341428469380066,0.000303412200283886,0.00030341011589916716,0.00030340803154456337,0.00030340594721959185,0.00030340386293074725,0.00030340177866613425,0.00030339969443249446,0.0003033976102272893,0.0003033955260540771,0.00030339344190926634,0.000303391357796635,0.0003033892737127706,0.00030338718966113604,0.0003033851056398152,0.00030338302164063775,0.00030338093767701325,0.00030337885374537266,0.00030337676984382167,0.0003033746859731999,0.00030337260212999956,0.0003033705183189728,0.0003033684345317056,0.0003033663507813025,0.0003033642670626861,0.0003033621833707773,0.0003033600997113345,0.00030335801608187454,0.0003033559324833536,0.000303353848912375,0.00030335176537477527,0.0003033496818653113,0.00030334759838686126,0.0003033455149390527,0.000303343431520407,0.000303341348133138,0.00030333926477410007,0.00030333718144722724,0.00030333509815016037,0.0003033330148832207,0.00030333093164768677,0.0003033288484410666,0.00030332676526502006,0.0003033246821187078,0.00030332259900262855,0.0003033205159167015,0.00030331843286590725,0.0003033163498435355,0.00030331426684822543,0.0003033121838834011,0.00030331010095417535,0.0003033080180494978,0.00030330593517877553,0.00030330385233540375,0.00030330176952141286,0.00030329968673754415,0.00030329760398430225,0.0003032955212532763,0.0003032934385599818,0.0003032913558965727,0.00030328927326338874,0.00030328719066068436,0.0003032851080871066,0.0003032830255450363,0.0003032809430388917,0.00030327886056144516,0.00030327677810994855,0.0003032746956886096,0.00030327261330013013,0.00030327053093986555,0.00030326844860845587,0.00030326636630727716,0.0003032642840370168,0.0003032622017966423,0.0003032601195864003,0.0003032580374069039,0.0003032559552569665,0.0003032538731330701,0.0003032517910434179,0.00030324970898416636,0.00030324762695494795,0.00030324554495914855,0.0003032434629890673,0.00030324138105091575,0.00030323929914248646,0.00030323721726435536,0.0003032351354166817,0.0003032330536012913,0.0003032309718174079,0.0003032288900532013,0.00030322680832539476,0.0003032247266283285,0.00030322264496864,0.00030322056333211824,0.00030321848172509033,0.000303216400148746,0.00030321431861092985,0.00030321223709509835,0.0003032101556084047,0.0003032080741527786,0.0003032059927265506,0.0003032039113323802,0.00030320182996715887,0.00030319974863222596,0.00030319766732661796,0.00030319558605046903,0.0003031935048057804,0.00030319142359151507,0.00030318934240765983,0.0003031872612616346,0.000303185180137735,0.0003031830990467905,0.0003031810179816065,0.000303178936946763,0.000303176855943671,0.00030317477497059905,0.00030317269402785866,0.0003031706131144445,0.00030316853221673746,0.00030316645136439714,0.00030316437054238326,0.0003031622897487666,0.0003031602089868496,0.0003031581282534859,0.0003031560475513226,0.00030315396688116705,0.0003031518862436535,0.0003031498056413019,0.00030314772506048163,0.00030314564451054107,0.00030314356399002094,0.0003031414834994148,0.00030313940303929786,0.0003031373226075819,0.00030313524220789686,0.0003031331618383438,0.00030313108149949215,0.00030312900119031447,0.00030312692091278204,0.00030312484066376516,0.0003031227604441176,0.0003031206802539415,0.00030311860010079795,0.00030311651997218833,0.000303114439876152,0.00030311235980816863,0.0003031102797702324,0.0003031081997626141,0.0003031061197851679,0.00030310403984056894,0.00030310195992535883,0.00030309988004837486,0.0003030978001973607,0.00030309572037065454,0.00030309364057335493,0.00030309156081151996,0.00030308948107531905,0.0003030874013675617,0.0003030853216896372,0.0003030832420465859,0.00030308116243093716,0.0003030790828512109,0.0003030770032957542,0.00030307492377261913,0.00030307284427745875,0.00030307076481256984,0.00030306868537310466,0.0003030666059683405,0.0003030645265939502,0.0003030624472523636,0.0003030603679382485,0.000303058288652463,0.0003030562093978567,0.0003030541301859884,0.0003030520509908548,0.00030304997183274796,0.0003030478926995484,0.00030304581360114874,0.0003030437345283104,0.00030304165548599766,0.00030303957647385873,0.0003030374974913832,0.00030303541853915586,0.0003030333396056182,0.0003030312607144303,0.0003030291818526089,0.0003030271030351062,0.0003030250242356986,0.00030302294546684063,0.00030302086672561606,0.000303018788012406,0.00030301670933544756,0.00030301463068486425,0.0003030125520637856,0.0003030104734729741,0.0003030083949122842,0.00030300631638220974,0.000303004237882112,0.0003030021594121746,0.000303000080973094,0.00030299800256330885,0.000302995924183695,0.00030299384583239505,0.00030299176751305616,0.00030298968922393263,0.00030298761096544567,0.00030298553273650186,0.00030298345453682565,0.000302981376370029,0.00030297929823380634,0.00030297722011878204,0.0003029751420408222,0.000302973063992658,0.00030297098597447037,0.0003029689079834943,0.000302966830026248,0.0003029647520983497,0.00030296267420087687,0.00030296059633946876,0.0003029585185026797,0.00030295644069595727,0.00030295436291919396,0.0003029522851723484,0.00030295020745564686,0.0003029481297675513,0.00030294605210967786,0.00030294397448276864,0.00030294189688662225,0.00030293981932051633,0.00030293774178268153,0.00030293566427687016,0.0003029335868011806,0.0003029315093557976,0.0003029294319323815,0.0003029273545562107,0.0003029252771996514,0.00030292319987464106,0.00030292112257979223,0.0003029190453137579,0.0003029169680804853,0.0003029148908760364,0.00030291281370160107,0.0003029107365572637,0.000302908659442896,0.0003029065823575911,0.00030290450530295096,0.0003029024282799391,0.00030290035128621555,0.00030289827432318457,0.0003028961973897571,0.0003028941204861483,0.0003028920436122135,0.000302889966769799,0.00030288788995647137,0.00030288581317361473,0.0003028837364199725,0.00030288165969799563,0.0003028795830056624,0.0003028775063433529,0.00030287542971125034,0.00030287335310876114,0.00030287127654502025,0.0003028692000031881,0.00030286712348625194,0.0003028650470027393,0.00030286297055118644,0.00030286089413047453,0.0003028588177391527,0.00030285674137795474,0.0003028546650490544,0.00030285258874645214,0.0003028505124756201,0.00030284843622811525,0.00030284636001483213,0.0003028442838342034,0.0003028422076836392,0.0003028401315616891,0.00030283805547122645,0.00030283597941328,0.00030283390338312093,0.0003028318273913033,0.00030282975142151904,0.000302827675481897,0.0003028255995736587,0.0003028235236933389,0.0003028214478457073,0.0003028193720263234,0.0003028172962371309,0.0003028152204781409,0.000302813144749371,0.00030281106905068856,0.000302808993381928,0.000302806917751124,0.0003028048421414804,0.0003028027665636522,0.00030280069101534487,0.00030279861549704055,0.00030279654000936766,0.0003027944645505002,0.0003027923891226478,0.0003027903137248998,0.0003027882383570148,0.0003027861630194478,0.00030278408771171447,0.00030278201243400904,0.0003027799371866293,0.0003027778619693131,0.0003027757867808636,0.0003027737116239116,0.0003027716364951394,0.00030276956139826147,0.0003027674863383781,0.0003027654113017964,0.0003027633362951802,0.00030276126131822614,0.00030275918637220125,0.0003027571114563064,0.0003027550365701272,0.00030275296171386034,0.0003027508868858288,0.0003027488120934323,0.00030274673732736676,0.0003027446625976075,0.00030274258789163625,0.0003027405132183472,0.0003027384385727875,0.00030273636396073683,0.00030273428937724475,0.00030273221482204546,0.0003027301402999521,0.00030272806580216346,0.0003027259913372225,0.0003027239169016437,0.00030272184249698623,0.00030271976812235035,0.0003027176937785769,0.0003027156194628599,0.0003027135451786824,0.00030271147092454133,0.00030270939669922595,0.00030270732250499096,0.000302705248341164,0.0003027031742086318,0.0003027011001024401,0.0003026990260317889,0.00030269695199364947,0.000302694877978969,0.0003026928039960984,0.0003026907300410277,0.0003026886561079106,0.00030268658221458924,0.0003026845083498981,0.0003026824345172391,0.0003026803607197584,0.00030267828693990247,0.0003026762131969723,0.0003026741394841166,0.0003026720658014455,0.00030266999214593625,0.00030266791852364485,0.000302665844931315,0.00030266377136903283,0.00030266169783668164,0.0003026596243331279,0.0003026575508619929,0.0003026554774185843,0.00030265340400697236,0.0003026513306246985,0.0003026492572721394,0.0003026471839421771,0.00030264511064650816,0.0003026430373852953,0.00030264096415276806,0.00030263889095585584,0.0003026368177845471,0.0003026347446570005,0.0003026326715452745,0.00030263059846739383,0.0003026285254150673,0.00030262645239308834,0.0003026243794024028,0.0003026223064389097,0.0003026202335080027,0.00030261816060685805,0.0003026160877360233,0.0003026140148949316,0.0003026119420830448,0.0003026098692942288,0.00030260779654391713,0.0003026057238236189,0.00030260365113332605,0.00030260157847281115,0.00030259950584264714,0.0003025974332439252,0.00030259536067877587,0.0003025932881387164,0.0003025912156284842,0.0003025891431484769,0.0003025870706975683,0.00030258499827767114,0.0003025829258885834,0.0003025808535288999,0.0003025787811991792,0.00030257670889936807,0.0003025746366302642,0.0003025725643740523,0.0003025704921657343,0.0003025684199867074,0.00030256634783739955,0.0003025642757186408,0.0003025622036296728,0.00030256013157049924,0.0003025580595406512,0.00030255598754392156,0.00030255391557518555,0.00030255184363629924,0.000302549771727566,0.00030254769984552253,0.00030254562799685036,0.00030254355617435864,0.0003025414843855466,0.00030253941262288177,0.0003025373408926107,0.00030253526919385226,0.00030253319752581657,0.00030253112588784706,0.00030252905426827494,0.0003025269826883048,0.0003025249111404958,0.00030252283962311865,0.00030252076813792406,0.0003025186966814829,0.0003025166252531174,0.0003025145538555367,0.00030251248248844645,0.0003025104111510861,0.0003025083398437977,0.00030250626855139533,0.00030250419730356193,0.00030250212608618957,0.000302500054899027,0.00030249798374163957,0.0003024959126142568,0.0003024938415169348,0.0003024917704551334,0.00030248969941772916,0.0003024876284133568,0.00030248555743590783,0.0003024834864724793,0.00030248141555565635,0.00030247934466971294,0.00030247727381904155,0.00030247520299207895,0.00030247313219641125,0.0003024710614294378,0.00030246899069221546,0.00030246691998639803,0.0003024648493083449,0.00030246277866025946,0.0003024607080425334,0.0003024586374533487,0.00030245656689960283,0.0003024544963719438,0.00030245242588147433,0.0003024503554159229,0.0003024482849820175,0.00030244621457561617,0.00030244414419998173,0.00030244207385350896,0.00030244000353631627,0.0003024379332527382,0.00030243586299359584,0.00030243379275958916,0.0003024317225640416,0.000302429652395829,0.00030242758226002396,0.00030242551215413084,0.00030242344207806194,0.00030242137203453955,0.0003024193020081592,0.00030241723202206186,0.00030241516206840367,0.00030241309213634485,0.0003024110222404105,0.0003024089523744898,0.00030240688254345744,0.0003024048127378824,0.0003024027429620566,0.00030240067321614313,0.00030239860350001076,0.00030239653381649374,0.0003023944641599943,0.00030239239453322517,0.000302390324937759,0.00030238825537195184,0.0003023861858366574,0.0003023841163315189,0.0003023820468565632,0.0003023799774107265,0.00030237790799520734,0.0003023758386080918,0.000302373769252458,0.00030237169992776484,0.00030236963063253543,0.0003023675613675883,0.00030236549213508146,0.00030236342292976753,0.0003023613537604531,0.00030235928461589914,0.00030235721549928184,0.00030235514641404726,0.0003023530773586834,0.00030235100833305063,0.00030234893933817297,0.000302346870372988,0.0003023448014389888,0.00030234273253395975,0.0003023406636588384,0.00030233859480708567,0.0003023365259931652,0.00030233445721483524,0.00030233238845993907,0.00030233031973484864,0.00030232825103888357,0.0003023261823734982,0.00030232411373890276,0.0003023220451360096,0.00030231997656551195,0.00030231790802060995,0.0003023158395056389,0.0003023137710205066,0.00030231170256548744,0.00030230963414116586,0.0003023075657463056,0.0003023054973847061,0.00030230342904985665,0.0003023013607459023,0.00030229929246983396,0.0003022972242270285,0.000302295156015437,0.00030229308782959166,0.00030229101968052793,0.0003022889515549269,0.00030228688346007747,0.00030228481539521754,0.0003022827473623467,0.0003022806793665013,0.0003022786113917972,0.000302276543449905,0.00030227447553886377,0.00030227240765403745,0.0003022703397980152,0.00030226827197472227,0.00030226620418069214,0.00030226413642227474,0.00030226206869170605,0.0003022600009869872,0.00030225793331176983,0.00030225586566719334,0.00030225379805245083,0.000302251730468668,0.0003022496629139116,0.0003022475953891646,0.00030224552789492626,0.0003022434604301798,0.00030224139299539645,0.0003022393255896541,0.00030223725821587513,0.00030223519087150906,0.0003022331235497607,0.0003022310562686774,0.00030222898901401075,0.00030222692178205813,0.0003022248545881417,0.0003022227874237523,0.0003022207202889962,0.00030221865318440054,0.00030221658611173706,0.0003022145190670437,0.0003022124520521321,0.00030221038506743087,0.00030220831811271064,0.00030220625119553346,0.00030220418430054275,0.00030220211743568905,0.0003022000506025716,0.0003021979837977692,0.00030219591702477307,0.0003021938502796146,0.0003021917835651701,0.0003021897168800014,0.00030218765022761555,0.000302185583603729,0.0003021835170088648,0.0003021814504437744,0.00030217938391141657,0.00030217731740708487,0.0003021752509331049,0.00030217318448941396,0.00030217111807801764,0.00030216905169296737,0.00030216698533701384,0.0003021649190118616,0.0003021628527181873,0.000302160786452962,0.0003021587202169327,0.0003021566540116977,0.0003021545878367542,0.0003021525217015448,0.00030215045558700855,0.00030214838950029857,0.0003021463234451831,0.00030214425742606724,0.00030214219143272577,0.00030214012545804874,0.00030213805952411304,0.00030213599361943367,0.00030213392774352074,0.00030213186189854724,0.00030212979608485835,0.00030212773029876945,0.0003021256645429242,0.000302123598817322,0.0003021215331219697,0.00030211946745683604,0.0003021174018218857,0.00030211533621361916,0.00030211327062482085,0.0003021112050781575,0.00030210913956137006,0.00030210707407561465,0.00030210500862014404,0.0003021029431952907,0.0003021008777995227,0.000302098812433795,0.00030209674709804046,0.00030209468179224385,0.00030209261651653743,0.00030209055127083766,0.0003020884860543275,0.00030208642085397365,0.00030208435569999923,0.0003020822905608951,0.00030208022546354777,0.0003020781603955574,0.00030207609535833714,0.00030207403035224036,0.00030207196537663177,0.00030206990043092966,0.00030206783551643327,0.0003020657706203418,0.0003020637057646084,0.00030206164093640953,0.0003020595761400535,0.00030205751137371095,0.00030205544664885253,0.00030205338194342235,0.0003020513172686949,0.00030204925262218205,0.0003020471880047733,0.0003020451234186289,0.00030204305886072515,0.00030204099433435867,0.0003020389298377531,0.0003020368653710666,0.000302034800933751,0.00030203273652672544,0.00030203067214834524,0.0003020286078008768,0.00030202654348411004,0.00030202447919715116,0.0003020224149391528,0.00030202035071189796,0.0003020182865174743,0.0003020162223503602,0.0003020141582135664,0.00030201209410683587,0.0003020100300286515,0.0003020079659857824,0.00030200590197096845,0.00030200383798328483,0.00030200177402569205,0.00030199971009827744,0.00030199764620178314,0.00030199558233415637,0.0003019935184860676,0.00030199145467522265,0.00030198939089820835,0.00030198732714870063,0.0003019852634354624,0.00030198319974760515,0.0003019811360801514,0.00030197907245335296,0.00030197700885532125,0.0003019749452873209,0.00030197288175014443,0.00030197081824108734,0.0003019687547628417,0.00030196669131573906,0.0003019646278964157,0.0003019625645080526,0.0003019605011495932,0.00030195843781769736,0.0003019563745219575,0.000301954311253688,0.0003019522480132751,0.00030195018480341524,0.0003019481216279721,0.00030194605847842613,0.00030194399535579555,0.0003019419322697014,0.0003019398692108044,0.00030193780618176556,0.0003019357431898264,0.00030193368021889493,0.0003019316172797472,0.00030192955437047665,0.0003019274914951984,0.00030192542864423646,0.00030192336582928196,0.0003019213030397221,0.00030191924028006965,0.00030191717755054346,0.0003019151148502891,0.000301913052180974,0.0003019109895387423,0.00030190892692875807,0.00030190686434880624,0.00030190480179891305,0.0003019027392798269,0.0003019006767896567,0.00030189861432893954,0.0003018965518978499,0.00030189448949686376,0.00030189242712662503,0.0003018903647862825,0.00030188830247567314,0.0003018862401950318,0.00030188417794711796,0.0003018821157249198,0.00030188005353647617,0.0003018779913717658,0.00030187592924297495,0.0003018738671417392,0.00030187180507056907,0.0003018697430295197,0.0003018676810177774,0.00030186561903661647,0.0003018635570839958,0.0003018614951626327,0.0003018594332707829,0.00030185737140988835,0.00030185530957833656,0.0003018532477766403,0.00030185118600488224,0.0003018491242629997,0.0003018470625510493,0.00030184500086872753,0.00030184293920468335,0.00030184087758361103,0.0003018388159891044,0.000301836754426845,0.00030183469289436136,0.000301832631391867,0.00030183056991807687,0.0003018285084775612,0.000301826447065105,0.0003018243856822891,0.0003018223243294001,0.0003018202630030383,0.0003018182017082586,0.000301816140445201,0.0003018140792117518,0.00030181201801093534,0.0003018099568377502,0.00030180789569477623,0.0003018058345801057,0.00030180377349743614,0.0003018017124437917,0.00030179965142041246,0.0003017975904265726,0.0003017955294608567,0.0003017934685268831,0.00030179140762203333,0.0003017893467473358,0.000301787285907955,0.00030178522509371374,0.000301783164309218,0.0003017811035522615,0.00030177904282748875,0.0003017769821333249,0.00030177492146872407,0.00030177286083475944,0.00030177080022813477,0.00030176873963882886,0.0003017666790942717,0.00030176461857903423,0.0003017625580934202,0.00030176049763687435,0.0003017584372114143,0.00030175637681541777,0.00030175431645048035,0.00030175225611672735,0.00030175019581087326,0.00030174813553291644,0.0003017460752869016,0.0003017440150693407,0.0003017419548905047,0.0003017398947342922,0.0003017378346075917,0.0003017357745038851,0.0003017337144372672,0.00030173165440716145,0.00030172959439966516,0.00030172753442234216,0.0003017254744753639,0.0003017234145585799,0.00030172135467198717,0.000301719294817232,0.0003017172349908482,0.00030171517519276793,0.0003017131154241373,0.00030171105569102945,0.0003017089959827279,0.0003017069363030877,0.00030170487665890624,0.0003017028170417187,0.00030170075745361374,0.0003016986978953201,0.0003016966383669508,0.00030169457887072124,0.00030169251940236964,0.0003016904599636463,0.00030168840055505,0.0003016863411788838,0.0003016842818278992,0.0003016822225234496,0.00030168016323550955,0.00030167810397622265,0.00030167604474619017,0.00030167398554667294,0.00030167192637666607,0.00030166986724127734,0.000301667808131696,0.0003016657490517648,0.0003016636900019005,0.00030166163097971314,0.000301659571988632,0.00030165751302826927,0.00030165545409762247,0.00030165339519721765,0.0003016513363263927,0.00030164927748566327,0.0003016472186749801,0.00030164515989707634,0.00030164310114464435,0.00030164104242348357,0.00030163898373116734,0.0003016369250695589,0.00030163486643821914,0.0003016328078364604,0.0003016307492647775,0.0003016286907228233,0.00030162663221026926,0.0003016245737284394,0.00030162251527621366,0.00030162045685377356,0.00030161839846118535,0.0003016163400983099,0.00030161428177140424,0.0003016122234685423,0.0003016101651954884,0.00030160810695101264,0.00030160604873709807,0.00030160399055384387,0.00030160193240338494,0.00030159987428365713,0.0003015978161899262,0.0003015957581257594,0.0003015937000921311,0.00030159164208843595,0.0003015895841124441,0.0003015875261747189,0.0003015854682607116,0.0003015834103743562,0.0003015813525194272,0.0003015792946946202,0.0003015772368995271,0.0003015751791343176,0.00030157312140653784,0.0003015710637090789,0.0003015690060342448,0.0003015669483889607,0.00030156489077824017,0.00030156283319891406,0.00030156077562847565,0.0003015587181023584,0.00030155666060617395,0.00030155460313076885,0.0003015525456937685,0.00030155048828542206,0.0003015484309075024,0.0003015463735553691,0.00030154431624168773,0.0003015422589546114,0.0003015402016968823,0.0003015381444695905,0.0003015360872719547,0.0003015340301045176,0.00030153197296671876,0.0003015299158586116,0.0003015278587805216,0.00030152580173316203,0.00030152374471660944,0.00030152168772825316,0.00030151963076974144,0.0003015175738407867,0.00030151551694179685,0.00030151346007266903,0.00030151140323360245,0.0003015093464231157,0.0003015072896441679,0.000301505232894663,0.0003015031761768444,0.00030150111948709716,0.00030149906282775813,0.0003014970061970774,0.0003014949495990422,0.0003014928930282551,0.00030149083649016925,0.0003014887799797279,0.0003014867234990036,0.0003014846670481047,0.00030148261062702903,0.0003014805542315728,0.00030147849787187056,0.00030147644153733204,0.00030147438524055515,0.0003014723289679349,0.0003014702727269763,0.0003014682165139221,0.0003014661603321434,0.00030146410418222197,0.000301462048059929,0.0003014599919657751,0.0003014579359010723,0.00030145587987428905,0.0003014538238711562,0.0003014517678979307,0.0003014497119546496,0.0003014476560432869,0.00030144560015939653,0.0003014435443107631,0.0003014414884869187,0.0003014394326920678,0.0003014373769267477,0.00030143532118875904,0.00030143326548252836,0.00030143120980802556,0.0003014291541635897,0.0003014270985493706,0.0003014250429639315,0.0003014229874087804,0.00030142093188870915,0.000301418876393081,0.00030141682092575445,0.0003014147654886063,0.0003014127100816206,0.00030141065470994235,0.00030140859936353355,0.0003014065440466505,0.00030140448876537574,0.0003014024335085137,0.00030140037828380213,0.0003013983230870807,0.0003013962679165001,0.00030139421278204325,0.00030139215767357487,0.000301390102594927,0.00030138804754806426,0.0003013859925299327,0.000301383937540268,0.0003013818825809615,0.0003013798276530961,0.000301377772748689,0.0003013757178797413,0.00030137366304410775,0.00030137160823463224,0.0003013695534553426,0.00030136749869856365,0.00030136544397903095,0.00030136338928753143,0.00030136133462783926,0.0003013592800074413,0.0003013572254052764,0.0003013551708347775,0.00030135311629320686,0.0003013510617823803,0.00030134900730196016,0.0003013469528519022,0.00030134489842991596,0.0003013428440387007,0.00030134078967694074,0.00030133873534557627,0.000301336681044282,0.00030133462677253627,0.00030133257253013823,0.0003013305183153932,0.0003013284641287135,0.0003013264099750788,0.00030132435585131646,0.000301322301758162,0.000301320247694552,0.00030131819366111646,0.0003013161396573535,0.000301314085683524,0.0003013120317393834,0.0003013099778268827,0.0003013079239413836,0.0003013058700864089,0.0003013038162602169,0.000301301762465271,0.00030129970869932214,0.00030129765496164195,0.0003012956012565779,0.0003012935475809053,0.00030129149393569836,0.00030128944031966137,0.00030128738673308405,0.0003012853331801999,0.0003012832796537972,0.0003012812261552861,0.00030127917268932096,0.00030127711925209883,0.0003012750658446153,0.00030127301246683595,0.00030127095911892753,0.0003012689058010021,0.00030126685251343486,0.00030126479925726647,0.00030126274602924766,0.00030126069282886386,0.00030125863966073404,0.0003012565865221205,0.00030125453341381245,0.0003012524803380984,0.0003012504272886299,0.00030124837426900934,0.00030124632128080965,0.00030124426831966086,0.00030124221538795954,0.00030124016248766057,0.0003012381096174805,0.00030123605677640717,0.00030123400396555087,0.0003012319511843373,0.0003012298984341697,0.000301227845711305,0.00030122579302533476,0.00030122374036221325,0.0003012216877420507,0.00030121963513253346,0.00030121758256010123,0.00030121553001649724,0.000301213477501824,0.0003012114250218974,0.0003012093725698622,0.0003012073201464338,0.00030120526775780147,0.00030120321539380386,0.00030120116306316016,0.00030119911075859814,0.0003011970584840861,0.0003011950062396057,0.00030119295402658775,0.0003011909018404302,0.0003011888496853963,0.0003011867975600078,0.00030118474546445126,0.0003011826933984523,0.00030118064136123974,0.000301178589358467,0.00030117653738275776,0.000301174485436396,0.0003011724335179076,0.00030117038162917744,0.0003011683297674834,0.0003011662779388587,0.00030116422613365773,0.0003011621743658723,0.00030116012262810415,0.00030115807092060553,0.00030115601924598373,0.00030115396759748176,0.00030115191597920854,0.0003011498643904626,0.00030114781282821856,0.00030114576129942384,0.0003011437097989271,0.0003011416583295863,0.0003011396068897585,0.0003011375554846824,0.00030113550410449947,0.0003011334527526021,0.0003011314014250396,0.00030112935013384317,0.0003011272988731515,0.0003011252476394373,0.00030112319643753804,0.0003011211452654558,0.0003011190941259518,0.00030111704301352557,0.00030111499193376175,0.00030111294087732497,0.00030111088985355824,0.0003011088388527357,0.00030110678788859094,0.0003011047369533261,0.0003011026860505795,0.0003011006351788177,0.0003010985843237143,0.00030109653350913085,0.0003010944827237106,0.0003010924319689499,0.00030109038124360933,0.00030108833054866437,0.0003010862798835197,0.00030108422924649697,0.0003010821786417538,0.00030108012806636145,0.0003010780775197241,0.0003010760270037253,0.0003010739765169898,0.00030107192606002167,0.0003010698756327777,0.0003010678252404252,0.0003010657748729981,0.00030106372453569475,0.0003010616742276307,0.0003010596239474559,0.00030105757369882464,0.0003010555234807618,0.00030105347329361103,0.0003010514231349331,0.0003010493729982856,0.0003010473228955443,0.00030104527283586935,0.00030104322279508677,0.00030104117278087776,0.0003010391228003527,0.00030103707284907935,0.0003010350229278393,0.0003010329730366725,0.0003010309231776607,0.0003010288733458863,0.0003010268235462839,0.0003010247737732212,0.00030102272403095245,0.0003010206743181078,0.00030101862463537886,0.00030101657498242905,0.0003010145253599484,0.0003010124757646971,0.0003010104261997058,0.0003010083766646605,0.00030100632715914514,0.0003010042776846576,0.00030100222823881823,0.0003010001788239229,0.0003009981294373838,0.00030099608008213135,0.0003009940307596452,0.00030099198146305765,0.0003009899321948408,0.00030098788296119256,0.00030098583375456493,0.0003009837845789051,0.0003009817354319852,0.0003009796863170731,0.0003009776372318415,0.0003009755881744424,0.0003009735391466871,0.00030097149014873126,0.00030096944117311854,0.00030096739223334375,0.0003009653433247308,0.00030096329444400364,0.00030096124559686287,0.00030095919677737066,0.0003009571479876374,0.0003009550992307829,0.0003009530505000275,0.00030095100180003873,0.00030094895312865905,0.00030094690448771125,0.00030094485587537327,0.00030094280729352983,0.0003009407587418663,0.000300938710218387,0.00030093666172624375,0.0003009346132632718,0.00030093256483051316,0.00030093051643106076,0.00030092846805654096,0.0003009264197131015,0.0003009243713993706,0.0003009223231156266,0.000300920274861291,0.00030091822663643575,0.00030091617844010013,0.00030091413027841403,0.00030091208213440173,0.0003009100340279848,0.00030090798595253673,0.0003009059379069819,0.00030090388989019445,0.00030090184190404774,0.0003008997939494769,0.00030089774603080555,0.00030089569813246115,0.000300893650264515,0.00030089160242693106,0.00030088955461917354,0.0003008875068417597,0.0003008854590922829,0.0003008834113740384,0.00030088136368501236,0.0003008793160265759,0.00030087726839730304,0.0003008752207968909,0.0003008731732272124,0.0003008711256870925,0.0003008690781778504,0.00030086703069917255,0.00030086498324831987,0.0003008629358259385,0.00030086088843455966,0.0003008588410728413,0.0003008567937409569,0.0003008547464426841,0.00030085269916975416,0.0003008506519269876,0.00030084860471315617,0.00030084655752993,0.00030084451037705397,0.0003008424632540518,0.0003008404161641823,0.00030083836910010773,0.0003008363220661124,0.00030083427506185745,0.0003008322280865339,0.0003008301811437756,0.0003008281342281893,0.0003008260873425178,0.00030082404048561735,0.000300821993659346,0.0003008199468626232,0.0003008179000986993,0.00030081585336190454,0.00030081380665453417,0.00030081175997571,0.0003008097133206649,0.0003008076667025181,0.0003008056201133515,0.00030080357355870074,0.00030080152702985954,0.0003007994805325957,0.00030079743406406627,0.0003007953876239077,0.0003007933412175928,0.0003007912948413006,0.0003007892484985713,0.0003007872021776905,0.0003007851558865945,0.00030078310962499793,0.0003007810633909502,0.000300779017188943,0.0003007769710189257,0.00030077492487460704,0.00030077287876184377,0.00030077083267703904,0.0003007687866295116,0.0003007667405969939,0.0003007646946037023,0.00030076264863921373,0.0003007606027033609,0.0003007585567972202,0.00030075651092372136,0.000300754465077798,0.0003007524192646573,0.0003007503734824508,0.0003007483277266019,0.00030074628200219277,0.0003007442363082458,0.0003007421906413183,0.0003007401450040665,0.0003007380993959093,0.0003007360538207666,0.000300734008272666,0.0003007319627552183,0.0003007299172667006,0.00030072787181151755,0.0003007258263821585,0.0003007237809864044,0.0003007217356168982,0.0003007196902774144,0.00030071764496675106,0.00030071559968710706,0.00030071355443561307,0.0003007115092144245,0.0003007094640099198,0.00030070741884823094,0.0003007053737161723,0.00030070332861541427,0.0003007012835433466,0.0003006992384992591,0.00030069719348610767,0.00030069514850684313,0.00030069310355910285,0.00030069105863500203,0.00030068901374117734,0.00030068696887652983,0.0003006849240406615,0.0003006828792356028,0.0003006808344603695,0.00030067878971439227,0.00030067674499818434,0.0003006747003117864,0.00030067265565513396,0.0003006706110284147,0.00030066856643113255,0.0003006665218633613,0.0003006644773258309,0.00030066243281781223,0.0003006603883395494,0.00030065834389080394,0.0003006562994718056,0.00030065425508118943,0.000300652210721646,0.0003006501663915461,0.0003006481220933353,0.0003006460778229123,0.00030064403358390647,0.0003006419893734038,0.000300639945190911,0.00030063790104202845,0.00030063585691949825,0.00030063381283293927,0.0003006317687709724,0.0003006297247379903,0.0003006276807348021,0.00030062563676125093,0.00030062359281678435,0.0003006215488847217,0.0003006195050011655,0.0003006174611490269,0.00030061541732371905,0.0003006133735283885,0.00030061132976071624,0.00030060928603257184,0.0003006072423263911,0.00030060519865052725,0.0003006031550037218,0.00030060111138517805,0.00030059906780000555,0.0003005970242445834,0.0003005949807173876,0.0003005929372182401,0.0003005908937495538,0.0003005888503107826,0.0003005868069015556,0.00030058476352242785,0.0003005827201711607,0.0003005806768530453,0.0003005786335628014,0.00030057659029862524,0.0003005745470676082,0.00030057250386614237,0.00030057046069331743,0.0003005684175513837,0.0003005663744393203,0.0003005643313598292,0.00030056228830834767,0.0003005602452833438,0.0003005582022902871,0.0003005561593285278,0.0003005541163941376,0.00030055207348988463,0.00030055003061465845,0.00030054798776771134,0.0003005459449522346,0.00030054390216557403,0.0003005418594094652,0.000300539816683269,0.000300537773986611,0.00030053573131804523,0.00030053368867901146,0.0003005316460695033,0.00030052960349119745,0.00030052756094234843,0.0003005255184234801,0.0003005234759337258,0.0003005214334745403,0.00030051939104489716,0.00030051734865332803,0.0003005153062830997,0.00030051326394163236,0.0003005112216332512,0.00030050917935220113,0.0003005071371007729,0.00030050509487967943,0.0003005030526854867,0.00030050101052364066,0.00030049896839084826,0.0003004969262875688,0.000300494884214568,0.0003004928421691575,0.0003004908001570199,0.00030048875817252987,0.0003004867162162844,0.00030048467429112186,0.0003004826323959709,0.00030048059052897505,0.00030047854869283874,0.00030047650688673516,0.000300474465110047,0.00030047242336307076,0.00030047038164517917,0.00030046833995817123,0.00030046629829945897,0.0003004642566711928,0.00030046221507169,0.0003004601735042756,0.0003004581319654401,0.00030045609045665345,0.0003004540489771333,0.00030045200752761497,0.000300449966107232,0.0003004479247046635,0.00030044588334475817,0.00030044384200642233,0.00030044180070472093,0.00030043975943257244,0.00030043771818881394,0.00030043567697564356,0.00030043363579221376,0.00030043159463800164,0.00030042955351377405,0.00030042751242017723,0.0003004254713553389,0.00030042343032030724,0.0003004213893145856,0.0003004193483395747,0.0003004173073935334,0.00030041526647605157,0.00030041322558926756,0.0003004111847322054,0.00030040914390466907,0.0003004071031068911,0.00030040506233870853,0.0003004030216003765,0.0003004009808915019,0.000300398940212056,0.0003003968995630883,0.00030039485894318296,0.00030039281835379637,0.0003003907777923435,0.00030038873726149844,0.00030038669676030763,0.0003003846562889507,0.0003003826158472501,0.00030038057543534666,0.00030037853505279793,0.00030037649470036865,0.00030037445437639405,0.0003003724140898158,0.0003003703738244687,0.0003003683335903301,0.000300366293389489,0.0003003642532144402,0.0003003622130687268,0.000300360172952864,0.00030035813286881087,0.0003003560928122593,0.000300354052785305,0.0003003520127882204,0.00030034997282058753,0.0003003479328840057,0.00030034589297890315,0.00030034385310303283,0.0003003418132530873,0.0003003397734271519,0.0003003377336372124,0.0003003356938775469,0.0003003336541468382,0.0003003316144448646,0.00030032957477378396,0.00030032753513476297,0.0003003254955230414,0.00030032345594075625,0.0003003214163883575,0.00030031937686344253,0.0003003173373701631,0.0003003152979045099,0.0003003132584668051,0.0003003112190610706,0.0003003091796826379,0.00030030714033935844,0.00030030510102349085,0.0003003030617360287,0.00030030102248667647,0.0003002989832611724,0.0003002969440647379,0.00030029490489788427,0.0003002928657604233,0.00030029082665473185,0.00030028878757647047,0.0003002867485278582,0.0003002847095082253,0.0003002826705193004,0.0003002806315600328,0.0003002785926381444,0.00030027655373937167,0.000300274514868817,0.00030027247602900764,0.00030027043721755675,0.00030026839843488374,0.0003002663596826591,0.00030026432095935643,0.0003002622822680343,0.0003002602436044381,0.0003002582049708054,0.00030025616636507476,0.00030025412779935635,0.000300252089253689,0.00030025005073743065,0.00030024801225179314,0.00030024597379359067,0.00030024393536735053,0.0003002418969706526,0.0003002398586034473,0.0003002378202660719,0.0003002357819606632,0.000300233743682336,0.0003002317054348161,0.0003002296672149533,0.0003002276290267598,0.00030022559086375467,0.00030022355273298434,0.0003002215146325983,0.00030021947656195337,0.00030021743852101966,0.0003002154005095094,0.0003002133625271704,0.00030021132457465165,0.00030020928665183813,0.0003002072487585967,0.0003002052108955635,0.0003002031730626932,0.00030020113525861637,0.00030019909748412127,0.00030019705973837894,0.00030019502202935757,0.0003001929843427493,0.0003001909466869084,0.00030018890906017426,0.0003001868714637117,0.00030018483389652805,0.0003001827963636738,0.0003001807588550849,0.00030017872137669895,0.00030017668392797137,0.00030017464650883865,0.0003001726091194103,0.0003001705717601206,0.0003001685344316356,0.0003001664971291771,0.00030016445985814577,0.0003001624226166808,0.00030016038540485576,0.00030015834822274314,0.00030015631107028573,0.000300154273947797,0.0003001522368546828,0.00030015019978906827,0.0003001481627553279,0.00030014612575313224,0.00030014408878216675,0.00030014205183569116,0.00030014001491969483,0.0003001379780335997,0.00030013594117733717,0.0003001339043506559,0.00030013186755303855,0.00030012983078512787,0.00030012779404989606,0.0003001257573410986,0.0003001237206620857,0.0003001216840123587,0.0003001196473948101,0.00030011761080476877,0.00030011557424436424,0.00030011353771406703,0.0003001115012127135,0.00030010946474370734,0.00030010742830069453,0.00030010539187799896,0.00030010335549579477,0.0003001013191390692,0.00030009928281580963,0.00030009724652200006,0.00030009521025764306,0.00030009317402043546,0.0003000911378144948,0.00030008910163968486,0.0003000870654935373,0.00030008502937620114,0.0003000829932902504,0.0003000809572328339,0.0003000789212057747,0.0003000768852069463,0.0003000748492385354,0.00030007281330093134,0.0003000707773916846,0.0003000687415121089,0.0003000667056626056,0.0003000646698380928,0.0003000626340470657,0.0003000605982847469,0.00030005856255338806,0.0003000565268493068,0.00030005449117568596,0.00030005245553280574,0.00030005041992016976,0.00030004838433622146,0.0003000463487821024,0.0003000443132574675,0.0003000422777654582,0.00030004024230133346,0.00030003820686750634,0.00030003617146144275,0.00030003413607741314,0.00030003210073044703,0.0003000300654133807,0.0003000280301247864,0.0003000259948763864,0.00030002395964800165,0.0003000219244503089,0.00030001988928051956,0.00030001785414018943,0.00030001581902788197,0.0003000137839472836,0.0003000117488976782,0.0003000097138755991,0.00030000767888340547,0.0003000056439210259,0.0003000036089888852,0.0003000015740857598,0.00029999953921160116,0.0002999975043677389,0.00029999546955389425,0.00029999343477216583,0.00029999140001706645,0.00029998936529126524,0.0002999873305947099,0.0002999852959279595,0.0002999832612954505,0.00029998122668992405,0.000299979192114173,0.00029997715756579076,0.00029997512305084703,0.0002999730885628357,0.00029997105410352906,0.00029996901967285696,0.00029996698527212255,0.0002999649508978404,0.00029996291655674643,0.00029996088224495563,0.00029995884796325323,0.00029995681371057845,0.0002999547794876409,0.00029995274529435605,0.0002999507111307348,0.000299948676996552,0.00029994664289094484,0.000299944608815985,0.00029994257477063694,0.000299940540754746,0.00029993850676796605,0.0002999364728111803,0.0002999344388842783,0.0002999324049865584,0.0002999303711183274,0.0002999283372800951,0.00029992630347146747,0.00029992426969249275,0.0002999222359433286,0.0002999202022200481,0.0002999181685291638,0.000299916134869295,0.00029991410124101717,0.0002999120676391614,0.00029991003406698417,0.0002999080005242263,0.0002999059670108951,0.0002999039335272017,0.0002999019000704833,0.0002998998666446246,0.0002998978332497529,0.0002998957998844716,0.00029989376654851517,0.00029989173324208174,0.00029988969996549037,0.000299887666718094,0.0002998856334993154,0.00029988360031736925,0.00029988156715902417,0.0002998795340305538,0.0002998775009287892,0.0002998754678591475,0.00029987343481904707,0.00029987140180677026,0.00029986936882577073,0.0002998673358718412,0.000299865302949155,0.0002998632700542768,0.0002998612371901013,0.00029985920435693955,0.00029985717155077803,0.00029985513877690866,0.0002998531060339887,0.0002998510733183205,0.0002998490406333886,0.0002998470079809037,0.00029984497535465654,0.00029984294275806045,0.00029984091019261806,0.0002998388776547918,0.00029983684514667204,0.00029983481266796923,0.0002998327802196895,0.0002998307477990984,0.0002998287154057456,0.00029982668304551696,0.0002998246507147157,0.0002998226184135516,0.0002998205861415916,0.00029981855389946615,0.00029981652168731173,0.0002998144895040804,0.00029981245734834913,0.0002998104252203061,0.00029980839312593267,0.00029980636106101313,0.0002998043290273861,0.00029980229702161233,0.00029980026504596225,0.00029979823309924536,0.0002997962011822557,0.00029979416929459655,0.00029979213743052275,0.0002997901056019663,0.0002997880738041772,0.0002997860420369376,0.00029978401029676777,0.00029978197858872345,0.00029977994690866483,0.00029977791525736863,0.00029977588363538747,0.00029977385204320024,0.00029977182048044205,0.0002997697889473983,0.0002997677574441257,0.00029976572596943806,0.00029976369452487173,0.0002997616631099865,0.00029975963172467553,0.000299757600368867,0.0002997555690469818,0.00029975353775131054,0.0002997515064834481,0.0002997494752458232,0.0002997474440374769,0.0002997454128576363,0.00029974338170906555,0.00029974135058808343,0.0002997393194970759,0.00029973728842915123,0.0002997352574008396,0.0002997332263995381,0.00029973119542773646,0.0002997291644853388,0.0002997271335727337,0.00029972510269047237,0.0002997230718366919,0.0002997210410112956,0.00029971901021409936,0.0002997169794500872,0.0002997149487048933,0.0002997129179988332,0.00029971088732227356,0.00029970885667518314,0.000299706826057338,0.000299704795465312,0.00029970276490710006,0.000299700734377651,0.00029969870387820826,0.0002996966734082664,0.0002996946429679646,0.0002996926125569566,0.00029969058217547626,0.0002996885518272754,0.0002996865215061077,0.0002996844912134287,0.0002996824609502771,0.0002996804307182975,0.00029967840051382106,0.000299676370339091,0.0002996743401919388,0.0002996723100762189,0.000299670279990646,0.00029966824993472044,0.0002996662199073659,0.0002996641899098266,0.0002996621599414301,0.00029966013000261256,0.00029965810009395153,0.00029965607021344945,0.000299654040358291,0.0002996520105376697,0.0002996499807548989,0.0002996479509936039,0.0002996459212620488,0.0002996438915594605,0.00029964186189762734,0.0002996398322549531,0.00029963780264047796,0.00029963577305496946,0.0002996337435001856,0.0002996317139750896,0.0002996296844793491,0.0002996276550133514,0.0002996256255764754,0.00029962359617166694,0.00029962156679247723,0.00029961953744419526,0.0002996175081258597,0.00029961547883664583,0.0002996134495770137,0.00029961142034681354,0.0002996093911455095,0.00029960736197449315,0.0002996053328329301,0.00029960330372647297,0.0002996012746443454,0.0002995992455838414,0.00029959721656006954,0.0002995951875661082,0.00029959315860151486,0.0002995911296664121,0.00029958910076091524,0.0002995870718839455,0.0002995850430373726,0.0002995830142204533,0.00029958098543236627,0.00029957895667418735,0.00029957692794580816,0.000299574899245048,0.00029957287057541694,0.0002995708419365018,0.00029956881332592755,0.0002995667847448913,0.0002995647561933718,0.00029956272767141706,0.0002995606991787846,0.0002995586707160109,0.00029955664228231715,0.00029955461388103574,0.00029955258550859817,0.0002995505571633436,0.00029954852884692465,0.0002995465005608753,0.00029954447230463307,0.0002995424440788569,0.0002995404158813912,0.0002995383877133644,0.0002995363595748494,0.00029953433146582935,0.0002995323033740778,0.00029953027532283284,0.0002995282473025272,0.00029952621931166116,0.00029952419134995223,0.0002995221634180113,0.00029952013551559035,0.00029951810764260504,0.0002995160797987009,0.0002995140519852784,0.00029951202420252176,0.00029950999644751944,0.00029950796872197765,0.0002995059410259696,0.00029950391336000184,0.00029950188572975444,0.000299499858123247,0.00029949783054438015,0.00029949580299567033,0.00029949377547711786,0.00029949174798753994,0.00029948972052566594,0.00029948769309460404,0.000299485665693192,0.0002994836383215248,0.0002994816109793565,0.0002994795836667507,0.00029947755638528754,0.0002994755291313144,0.00029947350190511786,0.00029947147471029537,0.0002994694475454009,0.0002994674204070168,0.00029946539330003214,0.00029946336622217734,0.00029946133917513573,0.00029945931215731423,0.0002994572851717111,0.0002994552582127494,0.00029945323128357864,0.00029945120438325696,0.00029944917751065036,0.00029944715066971053,0.00029944512385805545,0.0002994430970766245,0.0002994410703251699,0.0002994390436022894,0.00029943701691032557,0.0002994349902458953,0.00029943296361144105,0.0002994309370049228,0.0002994289104290714,0.0002994268838790647,0.00029942485736211025,0.00029942283087477906,0.00029942080441697065,0.00029941877798871417,0.0002994167515896874,0.0002994147252235653,0.0002994126988838921,0.00029941067257363145,0.000299408646291945,0.0002994066200403626,0.00029940459382065,0.0002994025676280127,0.0002994005414679294,0.0002993985153342675,0.00029939648923071524,0.00029939446315605883,0.00029939243710983443,0.00029939041109403275,0.00029938838510882573,0.0002993863591520886,0.00029938433322481285,0.00029938230732701394,0.0002993802814576289,0.0002993782556192084,0.0002993762298097578,0.000299374204030855,0.0002993721782838131,0.0002993701525628223,0.0002993681268735326,0.0002993661012152922,0.0002993640755794097,0.0002993620499895,0.0002993600244200959,0.0002993579988764116,0.0002993559733616242,0.0002993539478761694,0.0002993519224197225,0.0002993498969999451,0.000299347871603056,0.00029934584623478723,0.0002993438208963606,0.0002993417955876481,0.00029933977030796143,0.0002993377450583973,0.0002993357198378832,0.00029933369464790944,0.0002993316694865227,0.00029932964435575206,0.00029932761925370236,0.00029932559418360816,0.00029932356914024426,0.0002993215441262328,0.0002993195191424461,0.0002993174941873784,0.00029931546926173345,0.00029931344436581937,0.00029931141949886085,0.0002993093946585186,0.0002993073698510815,0.0002993053450727776,0.0002993033203176585,0.00029930129559862546,0.00029929927090869705,0.0002992972462474201,0.000299295221617251,0.0002992931970181205,0.0002992911724466914,0.0002992891479039873,0.00029928712339078654,0.000299285098906906,0.0002992830744525068,0.00029928105002879473,0.00029927902563329676,0.0002992770012672051,0.000299274976930532,0.00029927295262347414,0.0002992709283381238,0.00029926890408997297,0.000299266879873201,0.00029926485568375024,0.0002992628315268737,0.0002992608073964962,0.0002992587832956123,0.00029925675922410613,0.00029925473518094205,0.00029925271116649376,0.00029925068718333973,0.0002992486632297451,0.00029924663930572286,0.0002992446154109867,0.0002992425915474277,0.00029924056771667065,0.0002992385439098791,0.0002992365201338387,0.0002992344963843201,0.00029923247266600456,0.0002992304489774053,0.00029922842531807196,0.00029922640168683986,0.0002992243780845664,0.00029922235451343367,0.0002992203309719289,0.00029921830745995313,0.000299216283977096,0.00029921426052371817,0.00029921223709975984,0.00029921021370544505,0.00029920819033514,0.0002992061669996962,0.00029920414369250024,0.00029920212041561513,0.00029920009716919577,0.00029919807395234054,0.0002991960507643288,0.00029919402760654625,0.0002991920044770491,0.0002991899813749641,0.000299187958304356,0.0002991859352627554,0.00029918391225097903,0.00029918188926832806,0.0002991798663162202,0.00029917784339276223,0.0002991758204988607,0.00029917379763570056,0.0002991717748005693,0.00029916975199507776,0.00029916772921876884,0.00029916570647139056,0.00029916368375425403,0.00029916166106697134,0.00029915963840722656,0.000299157615775574,0.00029915559317572447,0.0002991535706055285,0.0002991515480711929,0.000299149525560033,0.000299147503078028,0.000299145480627901,0.00029914345820562566,0.0002991414358119563,0.00029913941344821525,0.00029913739111265116,0.00029913536880729006,0.00029913334653736606,0.0002991313242911999,0.00029912930207372956,0.0002991272798752401,0.00029912525771687065,0.0002991232355879629,0.0002991212134891195,0.0002991191914190612,0.00029911716937832045,0.00029911514736553766,0.0002991131253837053,0.00029911110343127734,0.0002991090815080323,0.00029910705961790437,0.0002991050377538169,0.00029910301591908604,0.00029910099411401274,0.00029909897233769384,0.000299096950591011,0.0002990949288738069,0.00029909290718622305,0.00029909088552797897,0.0002990888638989654,0.0002990868422985299,0.00029908482072907327,0.0002990827991910318,0.0002990807776807415,0.00029907875619894774,0.00029907673474609416,0.0002990747133245483,0.000299072691933345,0.00029907067056942114,0.00029906864923462894,0.0002990666279291994,0.00029906460665227234,0.0002990625854078526,0.0002990605641913923,0.0002990585429981541,0.00029905652183883974,0.00029905450071101636,0.00029905247961176145,0.0002990504585424148,0.00029904843750368633,0.0002990464164922468,0.00029904439551047923,0.00029904237455747804,0.00029904035363448176,0.0002990383327406225,0.0002990363118782262,0.00029903429104364545,0.00029903227023831287,0.0002990302494628564,0.00029902822871636026,0.00029902620799912723,0.0002990241873051317,0.0002990221666445059,0.0002990201460155006,0.00029901812541611387,0.00029901610484615247,0.00029901408430486214,0.0002990120637965777,0.0002990100433141475,0.00029900802286151435,0.0002990060024472473,0.0002990039820538018,0.0002990019616893391,0.0002989999413536403,0.00029899792104897836,0.0002989959007764966,0.0002989938805274638,0.00029899186031235903,0.00029898984012422176,0.0002989878199663102,0.0002989857998373219,0.000298983779738066,0.00029898175966759524,0.0002989797396260837,0.0002989777196141445,0.000298975699632743,0.00029897367968032093,0.00029897165975681237,0.00029896963985787486,0.00029896761999356416,0.00029896560015825875,0.0002989635803521887,0.00029896156057548695,0.00029895954082820986,0.00029895752111042193,0.00029895550141556716,0.0002989534817573932,0.0002989514621281655,0.0002989494425274669,0.0002989474229567314,0.00029894540341497813,0.0002989433839037457,0.00029894136442106125,0.0002989393449679105,0.00029893732554426596,0.00029893530614976977,0.00029893328678473553,0.0002989312674486693,0.0002989292481423398,0.0002989272288654732,0.00029892520961809335,0.00029892319039997827,0.0002989211712102914,0.0002989191520532556,0.0002989171329235379,0.0002989151138221288,0.0002989130947508485,0.00029891107570893333,0.0002989090566961134,0.00029890703771247464,0.00029890501875883175,0.0002989029998345323,0.0002989009809395164,0.00029889896207396533,0.0002988969432381303,0.0002988949244313361,0.0002988929056539549,0.00029889088690995954,0.00029888886819110855,0.00029888684950185867,0.0002988848308395389,0.0002988828122102901,0.0002988807936095932,0.0002988787750376123,0.00029887675649523473,0.00029887473798113315,0.00029887271949727816,0.0002988707010427982,0.00029886868261762983,0.000298866664222025,0.00029886464585552615,0.00029886262751834555,0.00029886060921007043,0.00029885859093192524,0.0002988565726837856,0.0002988545544643462,0.00029885253627400427,0.0002988505181102771,0.00029884849997895233,0.00029884648187672187,0.0002988444638041127,0.00029884244576082176,0.0002988404277468447,0.0002988384097630379,0.00029883639180793573,0.00029883437388228553,0.0002988323559860173,0.00029883033811896537,0.0002988283202812013,0.0002988263024730027,0.00029882428469332967,0.0002988222669468272,0.0002988202492284076,0.0002988182315374531,0.00029881621387582746,0.00029881419624372277,0.0002988121786408253,0.00029881016106717684,0.00029880814352342835,0.00029880612600783913,0.00029880410852863037,0.0002988020910738826,0.0002988000736472227,0.00029879805624993046,0.0002987960388807882,0.00029879402154155046,0.0002987920042325645,0.0002987899869462759,0.00029878796969528225,0.0002987859524741297,0.0002987839352854763,0.00029878191812304745,0.0002987799009932,0.0002987778838891213,0.0002987758668168191,0.0002987738497719949,0.00029877183275652685,0.00029876981577027636,0.0002987677988140692,0.0002987657818866626,0.0002987637649883934,0.0002987617481178234,0.00029875973127847685,0.00029875771446995886,0.0002987556976888935,0.00029875368093759935,0.0002987516642155939,0.00029874964752276307,0.0002987476308595276,0.00029874561422560316,0.00029874359762047375,0.00029874158104582256,0.0002987395645002431,0.00029873754798349727,0.0002987355314961565,0.0002987335150382136,0.0002987314986098985,0.0002987294822107921,0.00029872746584081735,0.00029872544950258913,0.0002987234331906858,0.0002987214169086796,0.0002987194006577293,0.0002987173844352118,0.00029871536824206793,0.00029871335207755866,0.0002987113359423117,0.00029870931983582685,0.00029870730375954215,0.00029870528771325396,0.00029870327169549834,0.00029870125571050546,0.00029869923975412566,0.0002986972238249282,0.0002986952079266571,0.00029869319205553786,0.0002986911762136114,0.0002986891604002446,0.00029868714461539286,0.00029868512886162523,0.0002986831131362441,0.0002986810974329827,0.00029867908176742214,0.00029867706613093245,0.0002986750505237659,0.00029867303494600486,0.0002986710193977016,0.00029866900387866393,0.00029866698838825265,0.00029866497292797476,0.00029866295749875747,0.000298660942097231,0.00029865892672491885,0.0002986569113799349,0.0002986548960667643,0.00029865288078256656,0.0002986508655276831,0.0002986488503030795,0.00029864683510686643,0.00029864481993991613,0.00029864280480216713,0.0002986407896937504,0.00029863877461558657,0.0002986367595657686,0.0002986347445453499,0.00029863272955294584,0.00029863071459137005,0.0002986286996608638,0.00029862668475787,0.00029862466988944447,0.00029862265504523373,0.0002986206402298624,0.0002986186254459139,0.0002986166106894842,0.00029861459596246265,0.00029861258126579095,0.0002986105665972443,0.0002986085519659005,0.00029860653735604235,0.00029860452277858865,0.0002986025082270018,0.00029860049370739766,0.0002985984792139517,0.00029859646475083947,0.0002985944503164771,0.0002985924359141362,0.000298590421540132,0.00029858840719423614,0.00029858639287753936,0.00029858437859197,0.00029858236433410426,0.0002985803501055314,0.0002985783359065739,0.00029857632174055536,0.00029857430760002186,0.0002985722934835243,0.00029857027940213593,0.00029856826534820324,0.00029856625132380313,0.0002985642373348265,0.0002985622233701281,0.0002985602094345777,0.00029855819552888506,0.000298556181652016,0.0002985541678123209,0.000298552153994234,0.0002985501401938792,0.00029854812643413637,0.00029854611270391685,0.00029854409900264206,0.0002985420853347492,0.00029854007169229525,0.00029853805807943513,0.00029853604449586816,0.0002985340309420039,0.00029853201741698214,0.00029853000392179743,0.0002985279904553306,0.000298525977019432,0.00029852396361090784,0.0002985219502326817,0.00029851993688349284,0.00029851792357143525,0.0002985159102805757,0.00029851389701960706,0.00029851188378759286,0.00029850987058490394,0.0002985078574132002,0.00029850584426890394,0.0002985038311542566,0.00029850181806960566,0.00029849980501286944,0.00029849779198610387,0.00029849577898883114,0.00029849376602158003,0.00029849175308282804,0.00029848974017306225,0.00029848772729318824,0.00029848571444220014,0.0002984837016196066,0.00029848168882896074,0.0002984796760658698,0.00029847766333176734,0.0002984756506269581,0.0002984736379511559,0.0002984716253064117,0.00029846961268876863,0.0002984676001016132,0.0002984655875433695,0.00029846357501479257,0.0002984615625183423,0.0002984595500481321,0.00029845753760723257,0.0002984555251933926,0.00029845351281192266,0.00029845150045020946,0.00029844948812885223,0.0002984474758347076,0.00029844546356953773,0.00029844345133356017,0.00029844143912692345,0.0002984394269498252,0.00029843741480155257,0.0002984354026812395,0.00029843339059540115,0.00029843137853532585,0.00029842936650445104,0.00029842735450264564,0.00029842534252961535,0.0002984233305868527,0.0002984213186731295,0.0002984193067887926,0.00029841729493459973,0.00029841528310597953,0.000298413271310452,0.0002984112595434142,0.0002984092477920416,0.0002984072360833879,0.0002984052244039076,0.00029840321275393365,0.00029840120113358863,0.0002983991895445556,0.00029839717798246405,0.00029839516644951803,0.0002983931549459447,0.0002983911434715119,0.00029838913202647426,0.00029838712061053117,0.0002983851092243856,0.0002983830978702316,0.0002983810865397531,0.0002983790752414101,0.00029837706397202733,0.0002983750527307089,0.00029837304152012013,0.0002983710303388689,0.0002983690191832435,0.0002983670080602741,0.00029836499696585765,0.0002983629859011066,0.0002983609748660352,0.0002983589638661491,0.00029835695288866413,0.0002983549419404939,0.00029835293102255207,0.00029835092013402904,0.0002983489092747119,0.0002983468984443601,0.0002983448876435816,0.0002983428768744748,0.0002983408661300926,0.00029833885541524313,0.0002983368447318038,0.00029833483407749715,0.0002983328234530416,0.00029833081285981296,0.00029832880229356247,0.0002983267917568512,0.00029832478124872553,0.0002983227707698508,0.0002983207603214416,0.0002983187498985264,0.00029831673950749525,0.0002983147291457184,0.00029831271881415177,0.00029831070851120157,0.00029830869823697605,0.00029830668799162745,0.00029830467777966827,0.0002983026675956293,0.0002983006574384996
20,1.1658364788632332e-23,2.5214391686589886e-23,4.007733103337432e-23,5.596743467819966e-23,7.269456578104687e-23,9.007778301228745e-23,1.0799422287773619e-22,1.263384807612399e-22,1.4503703175279853e-22,1.639999887228305e-22,1.8318388648787844e-22,2.0254496558041908e-22,2.2204820281511193e-22,2.4166553571963637e-22,2.612695832019121e-22,2.8105171684324746e-22,3.0089275941876613e-22,3.2078119267170927e-22,3.4070751949625157e-22,3.6066430707552017e-22,3.8053529661948447e-22,4.0042537626261815e-22,4.204418976206423e-22,4.404709937410066e-22,4.605103043431365e-22,4.8055768545135095e-22,5.006116656747556e-22,5.206708852508066e-22,5.40734308433715e-22,5.6080110423086085e-22,5.808706059222258e-22,6.009422785918064e-22,6.2101569306757e-22,6.41090505019754e-22,6.6116643818563315e-22,6.812432709184454e-22,7.013208253857982e-22,7.213989589105303e-22,7.414775570214406e-22,7.615565278759299e-22,7.816357977901004e-22,8.017153076416383e-22,8.21795009999311e-22,8.418748668075849e-22,8.619548475327951e-22,8.820349276792017e-22,9.021150875926835e-22,9.22195311504246e-22,9.422755867621583e-22,9.623559032153655e-22,9.824362527208415e-22,1.0025166287454971e-21,1.022597026044652e-21,1.0426774404153564e-21,1.0627578684814953e-21,1.0828383075355308e-21,1.1029187554039477e-21,1.1229992103462556e-21,1.1430796709647773e-21,1.1631601361353877e-21,1.1832406049597499e-21,1.2033210767133369e-21,1.22340155081962e-21,1.2434820268126874e-21,1.2635625043184155e-21,1.2836429830389946e-21,1.3037234627331662e-21,1.3238039432096448e-21,1.3438844243128069e-21,1.3639649059197759e-21,1.3840453879300045e-21,1.4041258702648313e-21,1.424206352859147e-21,1.4442868356626328e-21,1.4643673186319741e-21,1.4844478017362844e-21,1.5045282849489958e-21,1.5246087682467069e-21,1.5446892516144902e-21,1.5647697350375568e-21,1.584850218504939e-21,1.6049307020088357e-21,1.6250111855420993e-21,1.6450916690972083e-21,1.6651721526714382e-21,1.685252636260251e-21,1.7053331198606774e-21,1.7254136034704057e-21,1.7454940870875432e-21,1.765574570711484e-21,1.7856550543409966e-21,1.8057355379733324e-21,1.8258160216094467e-21,1.84589650524872e-21,1.865976988889759e-21,1.8860574725313862e-21,1.9061379561757782e-21,1.9262184398201097e-21,1.9462989234658694e-21,1.966379407112898e-21,1.9864598907594386e-21,2.0065403744070013e-21,2.0266208580546527e-21,2.0467013417031513e-21,2.0667818253516333e-21,2.0868623089993407e-21,2.1069427926477347e-21,2.1270232762967697e-21,2.1471037599449376e-21,2.167184243595172e-21,2.187264727244522e-21,2.20734521089303e-21,2.2274256945406177e-21,2.2475061781901744e-21,2.2675866618388753e-21,2.287667145486699e-21,2.3077476291350185e-21,2.327828112783857e-21,2.3479085964318475e-21,2.367989080081655e-21,2.388069563730605e-21,2.408150047378732e-21,2.428230531028615e-21,2.448311014676357e-21,2.4683914983245856e-21,2.4884719819732663e-21,2.508552465621169e-21,2.5286329492694922e-21,2.5487134329182902e-21,2.568793916566304e-21,2.5888744002147208e-21,2.6089548838648026e-21,2.629035367514129e-21,2.6491158511626837e-21,2.669196334812813e-21,2.6892768184610263e-21,2.7093573021096678e-21,2.729437785759883e-21,2.7495182694081808e-21,2.7695987530569046e-21,2.789679236706047e-21,2.809759720355574e-21,2.8298402040043503e-21,2.84992068765244e-21,2.870001171302036e-21,2.8900816549509308e-21,2.910162138599118e-21,2.930242622248794e-21,2.950323105896695e-21,2.97040358954498e-21,2.990484073193649e-21,3.010564556842676e-21,3.03064504049105e-21,3.0507255241408127e-21,3.0708060077899248e-21,3.090886491438391e-21,3.1109669750871972e-21,3.1310474587363977e-21,3.1511279423849275e-21,3.1712084260338285e-21,3.1912889096830624e-21,3.211369393331671e-21,3.2314498769806456e-21,3.251530360628971e-21,3.2716108442776465e-21,3.29169132792763e-21,3.3117718115770167e-21,3.3318522952257876e-21,3.3519327788758318e-21,3.372013262525238e-21,3.392093746174093e-21,3.412174229823239e-21,3.432254713472719e-21,3.45233519712164e-21,3.472415680770873e-21,3.492496164420437e-21,3.5125766480694e-21,3.5326571317177805e-21,3.5527376153673485e-21,3.572818099015506e-21,3.592898582663936e-21,3.612979066312728e-21,3.633059549961802e-21,3.653140033610359e-21,3.6732205172591884e-21,3.693301000908315e-21,3.713381484556915e-21,3.733461968206652e-21,3.7535424518558646e-21,3.7736229355045e-21,3.793703419153462e-21,3.8137839028026915e-21,3.8338643864514274e-21,3.8539448701004326e-21,3.8740253537497275e-21,3.8941058373985176e-21,3.914186321047602e-21,3.934266804696164e-21,3.9543472883450006e-21,3.97442777199413e-21,3.994508255643541e-21,4.0145887392924444e-21,4.034669222941631e-21,4.054749706589515e-21,4.074830190238495e-21,4.094910673887734e-21,4.1149911575364625e-21,4.1350716411854684e-21,4.155152124835501e-21,4.175232608483556e-21,4.19531309213263e-21,4.215393575781942e-21,4.235474059430777e-21,4.255554543080629e-21,4.275635026730006e-21,4.2957155103788946e-21,4.3157959940288086e-21,4.335876477678213e-21,4.3559569613271606e-21,4.376037444977113e-21,4.396117928626604e-21,4.4161984122741605e-21,4.4362788959227264e-21,4.456359379572234e-21,4.476439863221287e-21,4.496520346869903e-21,4.51660083051947e-21,4.536681314168587e-21,4.5567617978172475e-21,4.576842281466828e-21,4.596922765115974e-21,4.617003248766053e-21,4.637083732415693e-21,4.6571642160648715e-21,4.6772446997149984e-21,4.6973251833646446e-21,4.717405667013896e-21,4.737486150664043e-21,4.757566634312439e-21,4.7776471179617045e-21,4.7977276016105585e-21,4.8178080852589965e-21,4.837888568908338e-21,4.857969052557247e-21,4.8780495362070474e-21,4.898130019856418e-21,4.9182105035053625e-21,4.938290987155186e-21,4.9583714708033015e-21,4.978451954452301e-21,4.998532438102141e-21,5.018612921750343e-21,5.038693405400638e-21,5.058773889050514e-21,5.0788543726987586e-21,5.098934856347853e-21,5.119015339996525e-21,5.139095823644818e-21,5.159176307293958e-21,5.179256790942687e-21,5.199337274591038e-21,5.219417758240188e-21,5.2394982418889715e-21,5.259578725537355e-21,5.279659209186569e-21,5.2997396928353786e-21,5.319820176485018e-21,5.339900660134281e-21,5.3599811437831346e-21,5.380061627431631e-21,5.400142111080921e-21,5.420222594729801e-21,5.440303078378345e-21,5.460383562027674e-21,5.480464045675457e-21,5.500544529325176e-21,5.520625012974533e-21,5.540705496623527e-21,5.5607859802721405e-21,5.58086646392155e-21,5.600946947569418e-21,5.6210274312181e-21,5.641107914867511e-21,5.6611883985165994e-21,5.68126888216641e-21,5.701349365815856e-21,5.721429849464955e-21,5.741510333113712e-21,5.7615908167621266e-21,5.781671300411274e-21,5.801751784060071e-21,5.821832267709583e-21,5.841912751358779e-21,5.861993235007589e-21,5.8820737186571495e-21,5.9021542023063684e-21,5.922234685955243e-21,5.9423151696048175e-21,5.962395653253004e-21,5.982476136901903e-21,6.002556620550475e-21,6.022637104199746e-21,6.042717587848706e-21,6.062798071497314e-21,6.08287855514559e-21,6.1029590387945866e-21,6.123039522443226e-21,6.1431200060925685e-21,6.1632004897415895e-21,6.183280973391296e-21,6.2033614570406735e-21,6.223441940689729e-21,6.243522424339464e-21,6.2636029079878796e-21,6.283683391636948e-21,6.303763875286717e-21,6.323844358936157e-21,6.3439248425852915e-21,6.364005326234073e-21,6.384085809882549e-21,6.404166293531735e-21,6.424246777180562e-21,6.444327260829083e-21,6.464407744478262e-21,6.484488228126146e-21,6.5045687117747146e-21,6.524649195422973e-21,6.5447296790709225e-21,6.5648101627204814e-21,6.584890646369726e-21,6.604971130017693e-21,6.625051613667274e-21,6.645132097316576e-21,6.665212580965529e-21,6.685293064614192e-21,6.705373548262579e-21,6.725454031911591e-21,6.745534515560305e-21,6.765614999209651e-21,6.785695482858674e-21,6.805775966507417e-21,6.825856450156785e-21,6.845936933805854e-21,6.866017417454618e-21,6.886097901104012e-21,6.906178384753119e-21,6.926258868402838e-21,6.946339352052253e-21,6.966419835701383e-21,6.986500319350237e-21,7.006580802999685e-21,7.026661286648866e-21,7.046741770297742e-21,7.066822253947213e-21,7.086902737596428e-21,7.106983221246221e-21,7.127063704895722e-21,7.14714418854493e-21,7.167224672193865e-21,7.187305155842522e-21,7.207385639490902e-21,7.227466123139867e-21,7.247546606788565e-21,7.26762709043698e-21,7.287707574085987e-21,7.307788057734721e-21,7.327868541383154e-21,7.347949025032184e-21,7.3680295086818e-21,7.388109992330284e-21,7.408190475979346e-21,7.428270959628975e-21,7.448351443277487e-21,7.46843192692656e-21,7.488512410576226e-21,7.508592894225607e-21,7.528673377874729e-21,7.5487538615244e-21,7.568834345172983e-21,7.58891482882215e-21,7.608995312471017e-21,7.629075796120458e-21,7.649156279769631e-21,7.669236763418545e-21,7.689317247067175e-21,7.709397730716381e-21,7.729478214365297e-21,7.749558698013976e-21,7.7696391816632e-21,7.78971966531216e-21,7.809800148960882e-21,7.829880632610116e-21,7.849961116259113e-21,7.870041599907833e-21,7.890122083557119e-21,7.910202567205337e-21,7.930283050854088e-21,7.950363534503398e-21,7.970444018152431e-21,7.990524501801222e-21,8.010604985450559e-21,8.030685469099642e-21,8.05076595274926e-21,8.070846436397825e-21,8.090926920047716e-21,8.111007403696549e-21,8.131087887345146e-21,8.151168370994293e-21,8.171248854643165e-21,8.191329338291797e-21,8.211409821940962e-21,8.231490305589873e-21,8.251570789238544e-21,8.271651272888472e-21,8.291731756537413e-21,8.311812240186088e-21,8.331892723835293e-21,8.351973207484242e-21,8.372053691132199e-21,8.392134174782203e-21,8.412214658431166e-21,8.432295142079163e-21,8.452375625729151e-21,8.472456109378163e-21,8.492536593026184e-21,8.512617076676193e-21,8.532697560325241e-21,8.552778043974776e-21,8.572858527624812e-21,8.59293901127386e-21,8.613019494923408e-21,8.633099978573472e-21,8.653180462222551e-21,8.673260945870685e-21,8.693341429519297e-21,8.713421913168396e-21,8.733502396816577e-21,8.753582880465245e-21,8.77366336411437e-21,8.79374384776255e-21,8.813824331412682e-21,8.833904815061833e-21,8.853985298710049e-21,8.874065782360182e-21,8.894146266009365e-21,8.914226749659035e-21,8.934307233307784e-21,8.954387716956978e-21,8.974468200605254e-21,8.994548684255406e-21,9.014629167904629e-21,9.034709651552928e-21,9.054790135201713e-21,9.07487061885096e-21,9.094951102499303e-21,9.115031586149495e-21,9.13511206979877e-21,9.155192553447134e-21,9.175273037097321e-21,9.195353520746605e-21,9.215434004396377e-21,9.235514488045239e-21,9.255594971694565e-21,9.275675455344337e-21,9.295755938993214e-21,9.315836422641205e-21,9.335916906289659e-21,9.355997389939895e-21,9.376077873589266e-21,9.396158357237741e-21,9.416238840886691e-21,9.436319324534743e-21,9.45639980818323e-21,9.476480291832185e-21,9.496560775481582e-21,9.516641259130095e-21,9.536721742777765e-21,9.556802226427177e-21,9.576882710075724e-21,9.59696319372341e-21,9.617043677371547e-21,9.637124161020145e-21,9.657204644669143e-21,9.677285128318617e-21,9.697365611967206e-21,9.717446095614949e-21,9.737526579264422e-21,9.757607062914354e-21,9.777687546563403e-21,9.797768030212915e-21,9.817848513861554e-21,9.83792899751064e-21,9.858009481160166e-21,9.878089964808835e-21,9.89817044845794e-21,9.918250932107483e-21,9.938331415756167e-21,9.958411899404022e-21,9.9784923830536e-21,9.998572866702317e-21,1.0018653350350208e-20,1.0038733833999786e-20,1.005881431764853e-20,1.0078894801296463e-20,1.0098975284944818e-20,1.0119055768593592e-20,1.0139136252242792e-20,1.0159216735891159e-20,1.0179297219539944e-20,1.0199377703187938e-20,1.0219458186837578e-20,1.02395386704864e-20,1.0259619154134394e-20,1.0279699637784047e-20,1.0299780121432881e-20,1.0319860605080915e-20,1.0339941088729376e-20,1.0360021572378224e-20,1.038010205602628e-20,1.0400182539675979e-20,1.0420263023324845e-20,1.044034350697292e-20,1.0460423990622637e-20,1.0480504474271525e-20,1.0500584957920836e-20,1.052066544157055e-20,1.0540745925219477e-20,1.0560826408868797e-20,1.058090689251734e-20,1.0600987376166284e-20,1.0621067859814425e-20,1.0641148343464182e-20,1.0661228827113159e-20,1.0681309310762531e-20,1.0701389794411106e-20,1.07214702780601e-20,1.0741550761708304e-20,1.0761631245356925e-20,1.078171172900592e-20,1.0801792212655331e-20,1.0821872696303978e-20,1.0841953179953e-20,1.0862033663601257e-20,1.0882114147249912e-20,1.0902194630898964e-20,1.0922275114547238e-20,1.0942355598195931e-20,1.0962436081844996e-20,1.098251656549331e-20,1.1002597049142009e-20,1.1022677532791084e-20,1.1042758016440549e-20,1.1062838500089262e-20,1.1082918983738352e-20,1.1102999467387832e-20,1.1123079951037701e-20,1.114316043468682e-20,1.1163240918335191e-20,1.1183321401983955e-20,1.1203401885633105e-20,1.1223482369281498e-20,1.1243562852931397e-20,1.1263643336580576e-20,1.1283723820229e-20,1.13038043038789e-20,1.1323884787528083e-20,1.1343965271176533e-20,1.1364045754825347e-20,1.1384126238474543e-20,1.1404206722123007e-20,1.1424287205771864e-20,1.1444367689419981e-20,1.146444817306849e-20,1.1484528656718446e-20,1.1504609140367678e-20,1.1524689624016195e-20,1.1544770107665076e-20,1.156485059131433e-20,1.1584931074962859e-20,1.1605011558612861e-20,1.1625092042262117e-20,1.1645172525910685e-20,1.1665253009560687e-20,1.1685333493209971e-20,1.1705413976858529e-20,1.1725494460508552e-20,1.1745574944157854e-20,1.176565542780643e-20,1.1785735911456467e-20,1.1805816395105777e-20,1.1825896878754384e-20,1.1845977362403361e-20,1.186605784605271e-20,1.1886138329701339e-20,1.1906218813350324e-20,1.1926299296999683e-20,1.194637978064833e-20,1.1966460264297349e-20,1.1986540747945661e-20,1.2006621231594347e-20,1.2026701715243354e-20,1.204678219889276e-20,1.2066862682541457e-20,1.2086943166189467e-20,1.2107023649838862e-20,1.2127104133487585e-20,1.214718461713561e-20,1.2167265100785035e-20,1.2187345584433779e-20,1.2207426068081838e-20,1.2227506551731252e-20,1.2247587035380011e-20,1.2267667519028087e-20,1.2287748002676511e-20,1.2307828486325281e-20,1.2327908969973374e-20,1.2347989453622834e-20,1.236806993727163e-20,1.2388150420920754e-20,1.2408230904570213e-20,1.2428311388219031e-20,1.2448391871867167e-20,1.2468472355516671e-20,1.2488552839165489e-20,1.2508633322813642e-20,1.2528713806463164e-20,1.254879429011202e-20,1.2568874773761185e-20,1.2588955257409717e-20,1.260903574105858e-20,1.2629116224706775e-20,1.2649196708356317e-20,1.2669277192005207e-20,1.268935767565344e-20,1.2709438159301999e-20,1.272951864295089e-20,1.2749599126599145e-20,1.2769679610248711e-20,1.2789760093897613e-20,1.2809840577545896e-20,1.2829921061194498e-20,1.2850001544843434e-20,1.2870082028491719e-20,1.2890162512141307e-20,1.2910242995790253e-20,1.293032347943858e-20,1.2950403963088193e-20,1.2970484446737152e-20,1.2990564930386459e-20,1.3010645414035117e-20,1.3030725897683127e-20,1.3050806381332427e-20,1.3070886864981117e-20,1.3090967348630097e-20,1.3111047832279422e-20,1.3131128315929074e-20,1.3151208799578078e-20,1.3171289283226479e-20,1.3191369766876134e-20,1.3211450250525174e-20,1.323153073417357e-20,1.3251611217822304e-20,1.3271691701471359e-20,1.3291772185119764e-20,1.3311852668768508e-20,1.3331933152417594e-20,1.3352013636066022e-20,1.3372094119714795e-20,1.3392174603363867e-20,1.3412255087012329e-20,1.3432335570662051e-20,1.345241605431115e-20,1.3472496537960564e-20,1.3492577021609364e-20,1.3512657505258484e-20,1.3532737988907895e-20,1.3552818472556707e-20,1.357289895620585e-20,1.359297943985436e-20,1.361305992350322e-20,1.3633140407152345e-20,1.365322089080088e-20,1.3673301374449713e-20,1.369338185809889e-20,1.371346234174744e-20,1.3733542825396298e-20,1.375362330904547e-20,1.377370379269404e-20,1.3793784276343825e-20,1.3813864759993017e-20,1.3833945243641602e-20,1.38540257272905e-20,1.3874106210938783e-20,1.3894186694587404e-20,1.391426717823632e-20,1.393434766188554e-20,1.3954428145535066e-20,1.3974508629184003e-20,1.3994589112833228e-20,1.401466959648187e-20,1.4034750080131704e-20,1.405483056378095e-20,1.4074911047430498e-20,1.4094991531079465e-20,1.4115072014727842e-20,1.413515249837652e-20,1.415523298202549e-20,1.4175313465674764e-20,1.4195393949323454e-20,1.4215474432972442e-20,1.4235554916621727e-20,1.4255635400270436e-20,1.4275715883919448e-20,1.429579636756786e-20,1.4315876851216593e-20,1.4335957334865623e-20,1.4356037818514924e-20,1.4376118302163674e-20,1.4396198785812716e-20,1.4416279269461168e-20,1.4436359753109913e-20,1.4456440236759842e-20,1.447652072040918e-20,1.4496601204057936e-20,1.4516681687707023e-20,1.4536762171356357e-20,1.4556842655005155e-20,1.457692313865337e-20,1.4597003622302752e-20,1.4617084105951547e-20,1.4637164589599774e-20,1.46572450732483e-20,1.4677325556897103e-20,1.4697406040546232e-20,1.471748652419563e-20,1.473756700784446e-20,1.4757647491492717e-20,1.477772797514216e-20,1.4797808458791e-20,1.4817888942439278e-20,1.483796942608873e-20,1.4858049909737573e-20,1.4878130393385887e-20,1.4898210877035323e-20,1.4918291360684206e-20,1.4938371844333374e-20,1.4958452327982825e-20,1.497853281163173e-20,1.499861329528089e-20,1.5018693778929524e-20,1.5038774262578425e-20,1.505885474622678e-20,1.5078935229875423e-20,1.5099015713524342e-20,1.511909619717272e-20,1.5139176680821363e-20,1.515925716447029e-20,1.5179337648118677e-20,1.5199418131768186e-20,1.5219498615417135e-20,1.5239579099065554e-20,1.5259659582715074e-20,1.527974006636402e-20,1.5299820550012445e-20,1.5319901033661966e-20,1.5339981517310942e-20,1.5360062000959382e-20,1.5380142484608102e-20,1.540022296825709e-20,1.5420303451905554e-20,1.5440383935554302e-20,1.5460464419203308e-20,1.5480544902852575e-20,1.5500625386501332e-20,1.5520705870150356e-20,1.5540786353799648e-20,1.5560866837448416e-20,1.5580947321097455e-20,1.5601027804745955e-20,1.562110828839473e-20,1.5641188772042995e-20,1.5661269255691517e-20,1.5681349739340288e-20,1.570143022298935e-20,1.5721510706637876e-20,1.5741591190287484e-20,1.5761671673935773e-20,1.5781752157584325e-20,1.5801832641233153e-20,1.5821913124882247e-20,1.58419936085308e-20,1.586207409218044e-20,1.5882154575829553e-20,1.5902235059478135e-20,1.592231554312698e-20,1.5942396026776093e-20,1.5962476510424693e-20,1.5982556994073566e-20,1.6002637477721922e-20,1.6022717961370537e-20,1.6042798445020184e-20,1.606287892866934e-20,1.6082959412318747e-20,1.6103039895967644e-20,1.612312037961601e-20,1.614320086326463e-20,1.6163281346912763e-20,1.618336183056037e-20,1.6203442314209806e-20,1.6223522797859498e-20,1.6243603281507894e-20,1.6263683765156553e-20,1.6283764248805484e-20,1.6303844732453115e-20,1.6323925216102593e-20,1.6344005699751545e-20,1.636408618340074e-20,1.638416666704942e-20,1.640424715069838e-20,1.6424327634346805e-20,1.644440811799631e-20,1.6464488601646033e-20,1.648456908529527e-20,1.6504649568943993e-20,1.6524730052592235e-20,1.65448105362407e-20,1.6564891019890193e-20,1.6584971503539223e-20,1.660505198718846e-20,1.662513247083723e-20,1.6645212954485476e-20,1.666529343813399e-20,1.6685373921783534e-20,1.6705454405432552e-20,1.6725534889081816e-20,1.674561537273061e-20,1.6765695856378883e-20,1.6785776340027402e-20,1.680585682367696e-20,1.6825937307326762e-20,1.6846017790975332e-20,1.6866098274624142e-20,1.6886178758272438e-20,1.690625924192102e-20,1.6926339725571332e-20,1.6946420209220407e-20,1.696650069286972e-20,1.698658117651929e-20,1.7006661660167644e-20,1.7026742143814746e-20,1.7046822627465103e-20,1.7066903111114196e-20,1.7086983594763554e-20,1.7107064078411678e-20,1.7127144562060043e-20,1.7147225045708667e-20,1.7167305529357565e-20,1.718738601300668e-20,1.720746649665604e-20,1.7227546980304204e-20,1.7247627463952608e-20,1.7267707947599805e-20,1.7287788431250186e-20,1.7307868914899328e-20,1.7327949398548725e-20,1.7348029882198378e-20,1.736811036584681e-20,1.738819084949549e-20,1.740827133314442e-20,1.7428351816793574e-20,1.744843230044156e-20,1.7468512784089763e-20,1.7488593267738227e-20,1.7508673751385494e-20,1.7528754235034436e-20,1.754883471868362e-20,1.7568915202331645e-20,1.7588995685981307e-20,1.760907616962979e-20,1.7629156653277098e-20,1.7649237136926086e-20,1.766931762057531e-20,1.7689398104224772e-20,1.7709478587874443e-20,1.772955907152298e-20,1.7749639555171706e-20,1.7769720038820724e-20,1.778980052246996e-20,1.780988100611803e-20,1.7829961489767757e-20,1.7850041973416287e-20,1.787012245706506e-20,1.7890202940715515e-20,1.7910283424364774e-20,1.793036390801288e-20,1.7950444391661212e-20,1.7970524875309787e-20,1.79906053589586e-20,1.8010685842607643e-20,1.803076632625693e-20,1.8050846809906443e-20,1.8070927293556208e-20,1.8091007777204813e-20,1.8111088260853642e-20,1.8131168744504107e-20,1.8151249228153405e-20,1.8171329711801545e-20,1.8191410195451333e-20,1.821149067909993e-20,1.823157116274882e-20,1.8251651646397903e-20,1.827173213004725e-20,1.8291812613696796e-20,1.8311893097345218e-20,1.8331973580993884e-20,1.8352054064642755e-20,1.8372134548291866e-20,1.8392215031941218e-20,1.841229551558945e-20,1.843237599923925e-20,1.8452456482887935e-20,1.8472536966536836e-20,1.849261745018463e-20,1.8512697933834014e-20,1.8532778417483616e-20,1.855285890113209e-20,1.8572939384780792e-20,1.8593019868429725e-20,1.8613100352078876e-20,1.8633180835728288e-20,1.8653261319377908e-20,1.8673341803026396e-20,1.8693422286675134e-20,1.8713502770324074e-20,1.873358325397192e-20,1.8753663737621343e-20,1.8773744221269633e-20,1.8793824704919493e-20,1.8813905188568243e-20,1.883398567221722e-20,1.885406615586508e-20,1.8874146639514506e-20,1.8894227123164168e-20,1.8914307606812714e-20,1.8934388090461497e-20,1.895446857411048e-20,1.897454905775838e-20,1.8994629541407835e-20,1.9014710025057497e-20,1.9034790508706063e-20,1.9054870992354874e-20,1.9074951476003895e-20,1.9095031959651818e-20,1.9115112443301296e-20,1.9135192926950982e-20,1.9155273410599585e-20,1.9175353894248404e-20,1.9195434377897452e-20,1.9215514861545405e-20,1.923559534519489e-20,1.9255675828843312e-20,1.9275756312491933e-20,1.929583679614077e-20,1.9315917279789854e-20,1.933599776343784e-20,1.935607824708737e-20,1.9376158730737083e-20,1.9396239214387028e-20,1.9416319698035907e-20,1.9436400181684998e-20,1.945648066533301e-20,1.9476561148982546e-20,1.949664163263101e-20,1.9516722116279676e-20,1.9536802599928574e-20,1.9556883083577688e-20,1.9576963567225716e-20,1.959704405087527e-20,1.9617124534523755e-20,1.963720501817245e-20,1.965728550182136e-20,1.967736598546923e-20,1.9697446469117288e-20,1.9717526952765598e-20,1.9737607436415366e-20,1.975768792006536e-20,1.97777684037143e-20,1.9797848887363455e-20,1.9817929371011555e-20,1.9838009854661163e-20,1.985809033831096e-20,1.9878170821959705e-20,1.9898251305608678e-20,1.9918331789257843e-20,1.9938412272907213e-20,1.9958492756556824e-20,1.9978573240206654e-20,1.999865372385543e-20,2.0018734207504408e-20,2.0038814691152354e-20,2.7928439526823196e-16,5.720548958125826e-16,8.697511580855103e-16,1.1721578439542794e-15,1.4793498106015024e-15,1.79141912596682e-15,2.108463853542895e-15,2.4305867925202683e-15,2.757894922752406e-15,3.090499071022129e-15,3.4285137166860532e-15,3.772056893994095e-15,4.1212501623878745e-15,4.476218624929281e-15,4.837090981135579e-15,5.203999604780414e-15,5.5770806402146406e-15,5.9564741128493715e-15,6.342324050897767e-15,6.734778616481788e-15,7.133990244911238e-15,7.540115791427158e-15,7.953316685038277e-15,8.37375908931257e-15,8.801614070148605e-15,9.237057770666687e-15,9.680271593441524e-15,1.0131442390359423e-14,1.0590762660429002e-14,1.1058430755911025e-14,1.153465109716714e-14,1.2019634396651868e-14,1.251359789250355e-14,1.3016765592212961e-14,1.3529368526878028e-14,1.4051645016578888e-14,1.4583840947440576e-14,1.5126210060976703e-14,1.5679014256343822e-14,1.624252390617264e-14,1.6817018186677428e-14,1.7402785422783272e-14,1.800012344905876e-14,1.860933998728365e-14,1.923075304152757e-14,1.9864691311676525e-14,2.051149462638471e-14,2.1171514396503697e-14,2.1845114090093455e-14,2.2532669730191394e-14,2.323457041658529e-14,2.3951218872917165e-14,2.4683032020517024e-14,2.5430441580468556e-14,2.6193894705486252e-14,2.6973854643295007e-14,2.7770801433306685e-14,2.85852326385007e-14,2.941766411454344e-14,3.0268630818308654e-14,3.113868765810519e-14,3.202841038806809e-14,3.293839654933277e-14,3.386926646078498e-14,3.4821664262367306e-14,3.5796259014124694e-14,3.679374585438538e-14,3.7814847220708915e-14,3.886031413747924e-14,3.993092757429553e-14,4.1027499879590757e-14,4.2150876294240475e-14,4.3301936550236257e-14,4.448159655987955e-14,4.5690810201332675e-14,4.6930571206785e-14,4.820191515995943e-14,4.9505921610151375e-14,5.084371631055742e-14,5.2216473589195365e-14,5.362541886135443e-14,5.5071831293183504e-14,5.655704662676044e-14,5.808246017775374e-14,5.9649530017675e-14,6.125978035362033e-14,6.291480511941984e-14,6.461627179320492e-14,6.636592545758464e-14,6.816559311991808e-14,7.001718831158098e-14,7.192271598660152e-14,7.388427774178425e-14,7.590407738217283e-14,7.798442685769047e-14,8.012775259896646e-14,8.233660228266648e-14,8.461365205920644e-14,8.696171427852355e-14,8.938374575257893e-14,9.188285659664504e-14,9.446231969500827e-14,9.712558084069391e-14,9.98762696031827e-14,1.0271821098277252e-13,1.0565543791551073e-13,1.0869220469821633e-13,1.1183300140939686e-13,1.1508256940863375e-13,1.1844591800449677e-13,1.219283423891962e-13,1.2553544294716968e-13,1.2927314605453103e-13,1.3314772649718085e-13,1.371658316470116e-13,1.4133450754861572e-13,1.456612270829735e-13,1.5015392039005148e-13,1.5482100774911533e-13,1.5967143513401072e-13,1.6471471268079844e-13,1.6996095632706473e-13,1.7542093290618233e-13,1.8110610900577606e-13,1.8702870392771837e-13,1.9320174711766517e-13,1.996391404648436e-13,2.0635572590826435e-13,2.1336735882327224e-13,2.2069098770260478e-13,2.283447406885871e-13,2.3634801955768423e-13,2.4472160180478345e-13,2.5348775152174275e-13,2.6267033981224943e-13,2.722949755314026e-13,2.8238914718235266e-13,2.9298237684160983e-13,3.0410638701618773e-13,3.1579528135727183e-13,3.280857401597092e-13,3.4101723156144856e-13,3.54632239312799e-13,3.689765079043626e-13,3.8409930571352834e-13,4.000537066417143e-13,4.168968904491163e-13,4.3469046164117337e-13,4.535007862965038e-13,4.73399345638721e-13,4.944631044236883e-13,5.167748913429248e-13,5.404237876270391e-13,5.655055189191008e-13,5.921228443521431e-13,6.203859357650295e-13,6.50412739406312e-13,6.823293127916786e-13,7.162701313382776e-13,7.523783642564194e-13,7.908061287976491e-13,8.317147493196596e-13,8.752750770855334e-13,9.21667974977184e-13,9.71085148136408e-13,1.0237306214142073e-12,1.0425211958806268e-12,1.0998948091141725e-12,1.161090718431726e-12,1.2263444696576629e-12,1.2959755203013842e-12,1.3703746595052477e-12,1.4500393236378833e-12,1.535630951641056e-12,1.6280636922708932e-12,1.7286406065646624e-12,1.839263131804505e-12,1.9627564449680333e-12,2.1033849899410087e-12,2.267695088564575e-12,2.4659520579523096e-12,2.714724676245219e-12,3.0418282186274235e-12,3.4964506741176553e-12,4.171525307640104e-12,5.257404953857035e-12,7.182271548318879e-12,1.1010192492661816e-11,1.9634796067645887e-11,2.0948528581406628e-11,2.0948528582611936e-11,5.3495618517153106e-11,1.3863285836740597e-10,3.8371911592803573e-10,1.0270062438729553e-09,2.4004584416947817e-09,4.65365953584095e-09,7.450438798194835e-09,9.95925629575219e-09,1.1356414346193622e-08,1.1437142730889822e-08,1.0557373891206843e-08,9.209566890917281e-09,7.760889550279917e-09,6.410511148150659e-09,5.237793290632015e-09,4.256741076287162e-09,3.452192120559115e-09,2.7991312733158367e-09,2.2716026353881935e-09,1.8462307365420545e-09,1.5032336758497545e-09,1.2263789762760877e-09,1.0025566311487646e-09,8.212631488550755e-10,6.741140357921e-10,5.54423865767208e-10,4.5686006640469665e-10,3.7716387851623876e-10,3.1192813743399673e-10,2.5842138414625235e-10,2.1444902096089609e-10,1.7824377787341884e-10,1.4837924659156258e-10,1.2370152710844592e-10,1.0327509022273774e-10,8.633980620371449e-11,7.22767572459861e-11,6.058097318325497e-11,5.0839636178804226e-11,4.2714615861947197e-11,3.592844179016118e-11,3.025301101006392e-11,2.550047726003695e-11,2.15158845039737e-11,1.817119839842369e-11,1.5360460620096935e-11,1.2995847093044013e-11,1.1004455397197999e-11,9.325681626279205e-12,7.909074693022527e-12,6.7125781092268e-12,5.70108681639874e-12,4.845260647542751e-12,4.120547206516969e-12,3.5063759352500876e-12,2.9854923519456465e-12,2.543407257411295e-12,2.1679403882376767e-12,1.848841780527986e-12,1.5774771748729056e-12,1.3465662756890686e-12,1.1499646974322611e-12,9.824820725499254e-13,8.397301344479587e-13,7.179956817282217e-13,6.141342232747336e-13,5.254808356949547e-13,4.497753646433618e-13,3.8509959457564324e-13,3.298244170996845e-13,2.8256536217518527e-13,2.4214513205744935e-13,2.0756200571284633e-13,1.7796316977606057e-13,1.5262218832277618e-13,1.3091995316887464e-13,1.123285640387751e-13,9.639767738751241e-14,8.274293720108455e-14,7.103616321461378e-14,6.099702386329684e-14,5.238596462076073e-14,4.4998198658891736e-14,3.8658597136458456e-14,3.32173419052749e-14,2.8546224807349975e-14,2.4535495705960408e-14,2.1091176507329087e-14,1.813277115566206e-14,1.5591312308168967e-14,1.340769443808074e-14,1.1531250755636304e-14,9.918537774844863e-15,8.532296822739735e-15,7.34056639710901e-15,6.315923179245663e-15,5.4348328358483926e-15,4.677094540874225e-15,4.025365538001568e-15,3.464754085848307e-15,2.982470849173077e-15,2.567530260581082e-15,2.210494621529348e-15,1.903254769972473e-15,1.638842043187852e-15,1.4112670325686608e-15,1.215381281938334e-15,1.0467586389773441e-15,9.015934461706604e-16,7.766131635953617e-16,6.690033637411087e-16,5.763433347076658e-16,4.965507817534222e-16,4.2783433359929537e-16,3.6865274552243535e-16,3.17679849408956e-16,2.7377443679809203e-16,2.3595437682757257e-16,2.0337437075738722e-16,1.753068293168175e-16,1.5112543257089723e-16,1.3029099428922147e-16,1.1233930626168445e-16,9.687068413463134e-17,8.354097558879981e-17,7.205382550064428e-17,6.215402170749774e-17,5.362176985359225e-17,4.626776714027651e-17,3.992896311909225e-17,3.44649113942604e-17,2.9754629608062035e-17,2.5693896676251967e-17,2.2192926208514772e-17,1.917436360639641e-17,1.6571561683023913e-17,1.43270959733116e-17,1.239148633134343e-17,1.0722096082464003e-17,9.282184011822826e-18,8.040087920649101e-18,6.968521451375875e-18,6.043968433443727e-18,5.2461611972532854e-18,4.55763119108348e-18,3.963321861411093e-18,3.450255153813296e-18,3.0072441935786936e-18,2.624645740637795e-18,2.2941469041129764e-18,2.0085813653970074e-18,1.761771023354383e-18,1.5483895377140418e-18,1.3638447386858924e-18,1.204177290600416e-18,1.0659733598063358e-18,9.462893485167608e-19,8.425870260417402e-19,7.52677618662508e-19,6.746736197744534e-19,6.069472528434569e-19,5.480946676099014e-19,4.9690507751110105e-19,4.52334155469248e-19,4.134810998250116e-19,3.795688636866657e-19,3.499271109173688e-19,3.2397752213444483e-19,3.0122112666181877e-19,2.812273806242043e-19,2.636247503551826e-19,2.480925934137841e-19,2.3435415827553377e-19,2.22170548349216e-19,2.113355174023182e-19,2.016709817763604e-19,1.9302315049117633e-19,1.8525918820052163e-19,1.782643374736825e-19,1.7193943716571596e-19,1.6619878222746674e-19,1.6096827803704853e-19,1.561838485929894e-19,1.5179006360538405e-19,1.4773895442931828e-19,1.4398899274009276e-19,1.405042096039922e-19,1.3725343559998935e-19,1.3420964533762441e-19,1.3134939200017658e-19,1.286523195294667e-19,1.2610074178415055e-19,1.2367927941074373e-19,1.2137454656264632e-19,1.191748805510825e-19,1.1707010855997374e-19,1.1505134630671684e-19,1.1311082428420529e-19,1.112417377722661e-19,1.0943811735372746e-19,1.0769471714484539e-19,1.0600691826661261e-19,1.043706455008677e-19,1.027822953006788e-19,1.0123867360607026e-19,9.973694211678698e-20,9.827457186255806e-20,9.68493030732966e-20,9.545911048325762e-20,9.410217332623539e-20,9.277684937931237e-20,9.148165250274538e-20,9.021523319677778e-20,8.8976361762081e-20,8.776391371497481e-20,8.657685713484993e-20,8.541424169961496e-20,8.427518916818228e-20,8.315888511281895e-20,8.206457173634031e-20,8.099154162052831e-20,7.993913228909568e-20,7.890672146983608e-20,7.789372295630502e-20,7.68995829994939e-20,7.59237771435283e-20,7.496580747849303e-20,7.402520019394116e-20,7.310150345138182e-20,7.219428552523288e-20,7.130313313819193e-20,7.042765000209546e-20,6.956745552692547e-20,6.872218367321215e-20,6.789148193279782e-20,6.707501041597478e-20,6.627244103981884e-20,6.54834567981165e-20,6.470775110402018e-20,6.394502719859571e-20,6.319499761461524e-20,6.245738369225056e-20,6.173191513204414e-20,6.1018329593315e-20,6.031637232390993e-20,5.962579581673406e-20,5.894635949602592e-20,5.827782943013984e-20,5.761997805525649e-20,5.697258392887724e-20,5.633543149214671e-20,5.570831085344239e-20,5.509101757972553e-20,5.44833525039302e-20,5.3885121542336304e-20,5.329613551994566e-20,5.271621000784809e-20,5.214516517324379e-20,5.158282562170713e-20,5.102902026385e-20,5.048358217677469e-20,4.9946348480760944e-20,4.941716021347549e-20,4.88958622135315e-20,4.838230300692798e-20,4.7876334700383015e-20,4.737781287622902e-20,4.6886596493535216e-20,4.640254779092841e-20,4.592553219573665e-20,4.545541823275652e-20,4.499207743918811e-20,4.4535384280670933e-20,4.408521607352717e-20,4.364145290432469e-20,4.32039775547149e-20,4.277267543322032e-20,4.234743450008222e-20,4.192814520168463e-20,4.151470040531498e-20,4.110699533428867e-20,4.0704927508550146e-20,4.030839668150044e-20,3.991730478500566e-20,3.9531555872226123e-20,3.915105606358924e-20,3.8775713494188884e-20,3.840543826085479e-20,3.8040142374390103e-20,3.7679739712427076e-20,3.732414596924012e-20,3.697327861313805e-20,3.66270568409114e-20,3.6285401536128475e-20,3.5948235226825703e-20,3.561548204460748e-20,3.528706768741717e-20,3.496291937928978e-20,3.464296583407177e-20,3.4327137219835697e-20,3.401536512242565e-20,3.370758251443853e-20,3.3403723718457157e-20,3.3103724377087626e-20,3.2807521421396653e-20,3.251505304019322e-20,3.2226258650474296e-20,3.194107886870461e-20,3.165945548184746e-20,3.138133142364922e-20,3.1106650742216485e-20,3.0835358580020203e-20,3.056740114452296e-20,3.0302725685999255e-20,3.004128047344708e-20,2.978301476933122e-20,2.9527878811002745e-20,2.927582378527318e-20,2.9026801808066526e-20,2.8780765903759714e-20,2.853766998469096e-20,2.8297468831826115e-20,2.8060118074333684e-20,2.7825574171737676e-20,2.759379439570808e-20,2.736473681103388e-20,2.7138360259267575e-20,2.691462434253188e-20,2.6693489404969564e-20,2.647491651871577e-20,2.6258867464573186e-20,2.6045304721567375e-20,2.583419144880748e-20,2.562549147210613e-20,2.5419169268984277e-20,2.5215189955589388e-20,2.5013519272678213e-20,2.4814123572341644e-20,2.461696980554547e-20,2.442202550959824e-20,2.4229258795010972e-20,2.4038638335338226e-20,2.3850133352186224e-20,2.366371360747015e-20,2.3479349391613093e-20,2.3297011509577348e-20,2.3116671275103924e-20,2.2938300495872538e-20,2.276187146526754e-20,2.2587356954295307e-20,2.241473019863058e-20,2.2243964891156996e-20,2.2075035172030555e-20,2.1907915620315328e-20,2.1742581245951025e-20,2.157900747881015e-20,2.141717016182991e-20,2.125704554330218e-20,2.1098610267680143e-20,2.0941841368618127e-20,2.0786716260858548e-20,2.06332127330591e-20,2.0481308939936336e-20,2.033098339680285e-20,2.0182214970255557e-20,2.0034982872573092e-20,1.988926665503436e-20,1.974504620185855e-20,1.960230172255081e-20,1.9461013746476588e-20,1.9321163116935256e-20,1.9182730984987052e-20,1.9045698803495592e-20,1.891004832151986e-20,1.8775761579243015e-20,1.8642820900479664e-20,1.8511208890454175e-20,1.8380908428316243e-20,1.8251902662295676e-20,1.8124175006420634e-20,1.799770913305227e-20,1.787248896955288e-20,1.7748498693576153e-20,1.762572272750134e-20,1.7504145736816293e-20,1.738375262159433e-20,1.726452851476125e-20,1.7146458777516413e-20,1.7029528993834907e-20,1.691372496989161e-20,1.679903272682142e-20,1.6685438496930013e-20,1.657292872149061e-20,1.6461490045925413e-20,1.635110931702105e-20,1.6241773579603814e-20,1.6133470071578797e-20,1.6026186220854258e-20,1.5919909643025075e-20,1.5814628137032882e-20,1.5710329682790093e-20,1.5607002437623102e-20,1.5504634733561384e-20,1.540321507313806e-20,1.530273212753957e-20,1.5203174733605498e-20,1.5104531890035982e-20,1.500679275644924e-20,1.4909946648790495e-20,1.4813983037275445e-20,1.471889154444821e-20,1.4624661941338067e-20,1.4531284146032302e-20,1.4438748220898725e-20,1.4347044369069435e-20,1.4256162933928932e-20,1.4166094395636586e-20,1.4076829369025157e-20,1.398835860120856e-20,1.390067296974763e-20,1.3813763480170218e-20,1.3727621263982058e-20,1.364223757654867e-20,1.355760379508151e-20,1.3473711416581528e-20,1.3390552055778769e-20,1.3308117443823448e-20,1.3226399425395612e-20,1.3145389957539869e-20,1.3065081107701944e-20,1.2985465051770068e-20,1.2906534072202858e-20,1.2828280557627716e-20,1.2750696998694852e-20,1.267377598904621e-20,1.2597510221592452e-20,1.2521892488094359e-20,1.2446915677052336e-20,1.2372572772559548e-20,1.2298856852550556e-20,1.222576108772451e-20,1.2153278739380083e-20,1.2081403158200925e-20,1.2010127783594496e-20,1.193944614113741e-20,1.1869351841701507e-20,1.1799838580683165e-20,1.1730900136996564e-20,1.1662530369454874e-20,1.15947232178123e-20,1.1527472700812819e-20,1.1460772915040163e-20,1.1394618033290183e-20,1.1329002304397382e-20,1.1263920050828259e-20,1.1199365668506088e-20,1.1135333625226903e-20,1.1071818459765505e-20,1.1008814780321697e-20,1.0946317265006091e-20,1.0884320658387627e-20,1.0822819772766558e-20,1.0761809485331972e-20,1.0701284738657774e-20,1.0641240538960594e-20,1.0581671955061041e-20,1.0522574117398587e-20,1.0463942218582796e-20,1.0405771510227758e-20,1.0348057303338412e-20,1.029079496736683e-20,1.0233979929122294e-20,1.0177607672280575e-20,1.0121673736118222e-20,1.0066173714926886e-20,1.0011103257084848e-20,9.956458064292534e-21,9.902233891375828e-21,9.848426544769542e-21,9.795031881694588e-21,9.742045809820767e-21,9.68946428695649e-21,9.637283319400283e-21,9.585498961817446e-21,9.534107316232582e-21,9.483104532119054e-21,9.432486804725047e-21,9.382250374745563e-21,9.332391527876373e-21,9.282906594459249e-21,9.233791947866396e-21,9.185044005308743e-21,9.136659225226769e-21,9.088634109073058e-21,9.040965199153073e-21,8.99364907845037e-21,8.946682369482741e-21,8.900061735875935e-21,8.85378387886874e-21,8.807845538502978e-21,8.76224349276907e-21,8.716974557482689e-21,8.672035585071536e-21,8.627423464053962e-21,8.583135119332828e-21,8.539167511024208e-21,8.495517634324748e-21,8.452182518733716e-21,8.40915922773691e-21,8.366444858436242e-21,8.324036541082714e-21,8.28193143840721e-21,8.240126745537533e-21,8.198619689119283e-21,8.157407527371972e-21,8.116487549301038e-21,8.075857074174666e-21,8.035513452111195e-21,7.995454062260927e-21,7.955676313674756e-21,7.916177643425977e-21,7.876955517791071e-21,7.838007431318963e-21,7.799330905946883e-21,7.76092349130368e-21,7.722782764032353e-21,7.68490632744682e-21,7.647291811354523e-21,7.609936871327742e-21,7.57283918903189e-21,7.535996471220466e-21,7.499406449726123e-21,7.463066881120347e-21,7.426975546344939e-21,7.391130250420281e-21,7.355528822148093e-21,7.320169113881327e-21,7.285049000871672e-21,7.25016638170232e-21,7.215519176872036e-21,7.181105329779996e-21,7.14692280558679e-21,7.112969591200505e-21,7.079243694911699e-21,7.045743146434676e-21,7.01246599622444e-21,6.979410315310755e-21,6.946574195386644e-21,6.91395574808838e-21,6.881553104969552e-21,6.849364417265955e-21,6.817387855431761e-21,6.785621609615637e-21,6.754063888367816e-21,6.7227129189041914e-21,6.691566947440263e-21,6.66062423795238e-21,6.62988307233e-21,6.599341750733655e-21,6.5689985905176724e-21,6.538851926419297e-21,6.508900110699322e-21,6.479141511827251e-21,6.4495745156413664e-21,6.420197524289504e-21,6.391008956493261e-21,6.362007246384702e-21,6.3331908448081986e-21,6.304558217845768e-21,6.2761078475492945e-21,6.2478382311114555e-21,6.219747880872842e-21,6.191835324248081e-21,6.16409910342848e-21,6.136537775230621e-21,6.109149911144996e-21,6.081934096710786e-21,6.054888931923356e-21,6.028013030145134e-21,6.001305019099191e-21,5.9747635399903726e-21,5.948387247421945e-21,5.92217480942209e-21,5.896124906950091e-21,5.870236234477053e-21,5.844507498924971e-21,5.818937419852062e-21,5.7935247296671204e-21,5.768268173013539e-21,5.74316650685845e-21,5.718218500334067e-21,5.693422934503749e-21,5.66877860232051e-21,5.659466639486552e-21,5.659466639486485e-21,5.659466639486416e-21,5.6594666394863485e-21,5.659466639486281e-21,5.659466639486213e-21,5.659466639486145e-21,5.659466639486077e-21,5.659466639486009e-21,5.659466639485942e-21,5.6594666394858745e-21,5.659466639485807e-21,5.659466639485738e-21,5.6594666394856714e-21,5.659466639485603e-21,5.659466639485536e-21,5.659466639485468e-21,5.6594666394854005e-21,5.659466639485333e-21,5.659466639485264e-21,5.659466639485197e-21,5.659466639485129e-21,5.659466639485061e-21,5.6594666394849935e-21,5.659466639484925e-21,5.659466639484858e-21,5.65946663948479e-21,5.659466639484722e-21,5.659466639484654e-21,5.6594666394845865e-21,5.659466639484519e-21,5.65946663948445e-21,5.659466639484383e-21,5.659466639484315e-21,5.6594666394842495e-21,5.659466639484182e-21,5.659466639484113e-21,5.659466639484046e-21,5.659466639483978e-21,5.65946663948391e-21,5.6594666394838425e-21,5.659466639483774e-21,5.659466639483707e-21,5.6594666394836386e-21,5.659466639483571e-21,5.659466639483503e-21,5.6594666394834355e-21,5.6594666394833685e-21,5.6594666394833e-21,5.6594666394832316e-21,5.659466639483164e-21,5.659466639483096e-21,5.659466639483029e-21,5.659466639482961e-21,5.659466639482894e-21,5.659466639482825e-21,5.659466639482758e-21,5.659466639482691e-21,5.659466639482623e-21,5.659466639482555e-21,5.659466639482487e-21,5.659466639482419e-21,5.659466639482352e-21,5.6594666394822845e-21,5.659466639482216e-21,5.6594666394821475e-21,5.65946663948208e-21,5.659466639482012e-21,5.6594666394819444e-21,5.659466639481877e-21,5.659466639481808e-21,5.659466639481742e-21,5.659466639481673e-21,5.659466639481605e-21,5.6594666394815374e-21,5.65946663948147e-21,5.659466639481403e-21,5.659466639481334e-21,5.6594666394812666e-21,5.6594666394811996e-21,5.659466639481132e-21,5.659466639481064e-21,5.659466639480996e-21,5.659466639480929e-21,5.65946663948086e-21,5.6594666394807926e-21,5.659466639480726e-21,5.659466639480657e-21,5.6594666394805895e-21,5.659466639480521e-21,5.659466639480453e-21,5.6594666394803856e-21,5.659466639480318e-21,5.65946663948025e-21,5.659466639480182e-21,5.659466639480114e-21,5.659466639480046e-21,5.6594666394799786e-21,5.659466639479911e-21,5.6594666394798424e-21,5.659466639479776e-21,5.659466639479708e-21,5.659466639479641e-21,5.659466639479572e-21,5.6594666394795054e-21,5.659466639479438e-21,5.659466639479369e-21,5.6594666394793015e-21,5.659466639479234e-21,5.659466639479165e-21,5.6594666394790984e-21,5.65946663947903e-21,5.659466639478963e-21,5.6594666394788945e-21,5.659466639478827e-21,5.659466639478759e-21,5.6594666394786914e-21,5.6594666394786244e-21,5.659466639478556e-21,5.659466639478489e-21,5.659466639478421e-21,5.6594666394783536e-21,5.659466639478286e-21,5.6594666394782174e-21,5.65946663947815e-21,5.659466639478082e-21,5.659466639478014e-21,5.6594666394779466e-21,5.659466639477878e-21,5.659466639477811e-21,5.659466639477743e-21,5.659466639477675e-21,5.659466639477607e-21,5.65946663947754e-21,5.659466639477473e-21,5.659466639477404e-21,5.6594666394773365e-21,5.659466639477269e-21,5.659466639477202e-21,5.659466639477134e-21,5.6594666394770664e-21,5.6594666394769994e-21,5.659466639476931e-21,5.659466639476863e-21,5.659466639476795e-21,5.659466639476728e-21,5.65946663947666e-21,5.659466639476592e-21,5.659466639476524e-21,5.659466639476456e-21,5.6594666394763886e-21,5.659466639476321e-21,5.6594666394762524e-21,5.6594666394761854e-21,5.659466639476118e-21,5.65946663947605e-21,5.6594666394759815e-21,5.6594666394759146e-21,5.659466639475848e-21,5.659466639475779e-21,5.6594666394757115e-21,5.659466639475644e-21,5.659466639475576e-21,5.659466639475508e-21,5.65946663947544e-21,5.659466639475372e-21,5.6594666394753045e-21,5.659466639475237e-21,5.659466639475168e-21,5.6594666394751006e-21,5.659466639475034e-21,5.659466639474965e-21,5.6594666394748975e-21,5.659466639474829e-21,5.659466639474762e-21,5.659466639474694e-21,5.659466639474627e-21,5.659466639474559e-21,5.659466639474491e-21,5.6594666394744235e-21,5.6594666394743565e-21,5.659466639474288e-21,5.65946663947422e-21,5.659466639474153e-21,5.659466639474085e-21,5.659466639474016e-21,5.659466639473949e-21,5.659466639473882e-21,5.659466639473813e-21,5.659466639473746e-21,5.659466639473678e-21,5.65946663947361e-21,5.6594666394735425e-21,5.659466639473474e-21,5.659466639473406e-21,5.659466639473339e-21,5.659466639473271e-21,5.6594666394732025e-21,5.659466639473135e-21,5.659466639473068e-21,5.659466639473e-21,5.6594666394729324e-21,5.659466639472864e-21,5.659466639472797e-21,5.65946663947273e-21,5.6594666394726616e-21,5.659466639472594e-21,5.659466639472526e-21,5.659466639472458e-21,5.659466639472389e-21,5.659466639472322e-21,5.6594666394722546e-21,5.659466639472187e-21,5.659466639472119e-21,5.659466639472051e-21,5.659466639471984e-21,1.0183355661162487e-20,1.2338644359739948e-20,1.3424112396852268e-20,1.4019319084151797e-20,1.438433879009202e-20,1.463655307263006e-20,1.4829432090303286e-20,1.4987759602300646e-20,1.512340430115607e-20,1.5242385586733645e-20,1.5348041291487505e-20,1.544244996614248e-20,1.5527071732828332e-20,1.5603039316021985e-20,1.567129241036633e-20,1.573264178349953e-20,1.5787801735625654e-20,1.5837408170347555e-20,1.5882029982965776e-20,1.5922177210019058e-20,1.5958307483938852e-20,1.59908314915403e-20,1.6020117760217362e-20,1.6046496929926913e-20,1.607026559581792e-20,1.609168977431281e-20,1.6111008030628234e-20,1.6128434299088707e-20,1.61441604237609e-20,1.615835844464267e-20,1.6171182652728428e-20,1.6182771435563174e-20,1.6193248933262714e-20,1.620272652349735e-20,1.6211304152245017e-20,1.62190715258181e-20,1.6226109178217353e-20,1.6232489426547323e-20,1.623827722609501e-20,1.624353093541833e-20,1.6248303000944268e-20,1.6252640569454588e-20,1.62565860360993e-20,1.6260177534738354e-20,1.626344937672504e-20,1.6266432443603822e-20,1.6269154538609553e-20,1.6271640701378456e-20,1.6273913489724558e-20,1.627599323203797e-20,1.6277898253402548e-20,1.627964507823333e-20,1.6281248611882064e-20,1.6282722303468886e-20,1.6284078291988327e-20,1.6285327537306447e-20,1.6286479937762725e-20,1.6287544435742162e-20,1.6288529112467706e-20,1.6289441273157873e-20,1.6290287523554822e-20,1.6291073838692016e-20,1.629180562476441e-20,1.6292487774735867e-20,1.629312471840398e-20,1.62937204674441e-20,1.6294278655974445e-20,1.6294802577079604e-20,1.6295295215720776e-20,1.6295759278394572e-20,1.629619721986592e-20,1.6296611267273373e-20,1.6297003441880836e-20,1.6297375578676424e-20,1.6297729344108553e-20,1.629806625204917e-20,1.6298387678237683e-20,1.6298694873316047e-20,1.6298988974612555e-20,1.6299271016782e-20,1.6299541941437752e-20,1.6299802605856172e-20,1.630005379083426e-20,1.6300296207820007e-20,1.630053050535159e-20,1.6300757274894907e-20,1.630097705610304e-20,1.6301190341620033e-20,1.630139758139559e-20,1.6301599186610156e-20,1.6301795533224858e-20,1.6301986965200816e-20,1.6302173797418082e-20,1.63023563183276e-20,1.6302534792336502e-20,1.630270946199333e-20,1.630288054995686e-20,1.630304826079113e-20,1.6303212782582044e-20,1.6303374288419078e-20,1.6303532937728852e-20,1.630368887749147e-20,1.6303842243344394e-20,1.630399316058265e-20,1.63041417450706e-20,1.6304288104065026e-20,1.6304432336974357e-20,1.6304574536031415e-20,1.6304714786920165e-20,1.630485316933816e-20,1.6304989757510338e-20,1.630512462065425e-20,1.6305257823406195e-20,1.630538942620461e-20,1.6305519485648265e-20,1.6305648054803033e-20,1.6305775183499124e-20,1.6305900918610315e-20,1.6306025304270584e-20,1.6306148382113283e-20,1.6306270191463105e-20,1.6306390769520227e-20,1.6306510151525123e-20,1.6306628370910645e-20,1.6306745459442804e-20,1.6306861447353123e-20,1.630697636343422e-20,1.630709023517216e-20,1.6307203088818677e-20,1.6307314949485016e-20,1.630742584123794e-20,1.6307535787152003e-20,1.6307644809387424e-20,1.6307752929255314e-20,1.630786016726241e-20,1.6307966543171922e-20,1.6308072076049346e-20,1.630817678430338e-20,1.6308280685727248e-20,1.630838379753297e-20,1.630848613638967e-20,1.6308587718445872e-20,1.6308688559374863e-20,1.6308788674379056e-20,1.6308888078234283e-20,1.6308986785295455e-20,1.6309084809527913e-20,1.630918216452551e-20,1.6309278863518405e-20,1.630937491940827e-20,1.6309470344760118e-20,1.630956515183291e-20,1.6309659352590326e-20,1.6309752958712616e-20,1.63098459815961e-20,1.630993843238395e-20,1.6310030321960243e-20,1.6310121660966286e-20,1.6310212459809084e-20,1.6310302728664923e-20,1.6310392477492268e-20,1.63104817160345e-20,1.6310570453831625e-20,1.6310658700222874e-20,1.6310746464352737e-20,1.6310833755179735e-20,1.6310920581476958e-20,1.6311006951842506e-20,1.6311092874702e-20,1.6311178358309964e-20,1.6311263410761798e-20,1.6311348039988186e-20,1.6311432253771572e-20,1.6311516059736283e-20,1.6311599465361644e-20,1.6311682477987823e-20,1.6311765104795778e-20,1.631184735285078e-20,1.6311929229072934e-20,1.6312010740250914e-20,1.6312091893047895e-20,1.631217269399965e-20,1.6312253149519658e-20,1.6312333265896903e-20,1.6312413049311012e-20,1.6312492505818385e-20,1.6312571641364724e-20,1.6312650461784177e-20,1.6312728972807612e-20,1.63128071800544e-20,1.6312885089037495e-20,1.631296270517904e-20,1.6313040033796402e-20,1.631311708009412e-20,1.631319384919343e-20,1.631327034613263e-20,1.631334657584535e-20,1.6313422543170893e-20,1.631349825286285e-20,1.6313573709581936e-20,1.6313648917916465e-20,1.6313723882366895e-20,1.631379860734493e-20,1.6313873097190167e-20,1.6313947356156934e-20,1.6314021388424105e-20,1.6314095198096293e-20,1.6314168789196224e-20,1.631424216567912e-20,1.631431533142357e-20,1.631438829024513e-20,1.6314461045881596e-20,1.6314533602011947e-20,1.6314605962235885e-20,1.6314678130086285e-20,1.6314750109058362e-20,1.6314821902559388e-20,1.6314893513939346e-20,1.6314964946482952e-20,1.631503620342344e-20,1.6315107287940442e-20,1.6315178203140617e-20,1.6315248952079338e-20,1.6315319537764146e-20,1.6315389963139616e-20,1.631546023109707e-20,1.63155303444771e-20,1.6315600306076562e-20,1.631567011862947e-20,1.6315739784825333e-20,1.6315809307304785e-20,1.6315878688659933e-20,1.6315947931435336e-20,1.6316017038131042e-20,1.6316086011201993e-20,1.6316154853055302e-20,1.6316223566055845e-20,1.631629215252363e-20,1.6316360614749154e-20,1.6316428954969065e-20,1.6316497175387967e-20,1.631656527811137e-20,1.631663326533295e-20,1.6316701139091623e-20,1.6316768901445866e-20,1.631683655439626e-20,1.6316904099912713e-20,1.6316971539929986e-20,1.6317038876352493e-20,1.631710611103512e-20,1.6317173245805272e-20,1.6317240282466888e-20,1.6317307222783163e-20,1.631737406848809e-20,1.6317440821281016e-20,1.6317507482834047e-20,1.6317574054788343e-20,1.6317640538750854e-20,1.631770693630471e-20,1.6317773249002012e-20,1.6317839478365263e-20,1.6317905625896915e-20,1.6317971693059836e-20,1.631803768130291e-20,1.6318103592035554e-20,1.6318169426607442e-20,1.631823518647577e-20,1.6318300872932384e-20,1.631836648734433e-20,1.6318432030877754e-20,1.631849750494965e-20,1.631856291070336e-20,1.6318628249390554e-20,1.6318693522219654e-20,1.6318758730368512e-20,1.631882387498797e-20,1.6318888957242446e-20,1.6318953978219424e-20,1.631901893903068e-20,1.6319083840745503e-20,1.631914868441673e-20,1.6319213471090237e-20,1.631927820178081e-20,1.6319342877491048e-20,1.6319407499215884e-20,1.6319472067892262e-20,1.631953658448465e-20,1.631960104991295e-20,1.6319665465065622e-20,1.6319729830908448e-20,1.631979414827957e-20,1.631985841805103e-20,1.6319922641067533e-20,1.6319986818159552e-20,1.6320050950082466e-20,1.6320115037788224e-20,1.6320179081960506e-20,1.63202430833998e-20,1.632030704287101e-20,1.6320370961096745e-20,1.6320434838831564e-20,1.6320498676731516e-20,1.632056247561387e-20,1.6320626236155802e-20,1.6320689958962725e-20,1.632075364472375e-20,1.6320817294129713e-20,1.6320880907775938e-20,1.6320944486367448e-20,1.632100803046995e-20,1.6321071540719453e-20,1.6321135017707118e-20,1.632119846201881e-20,1.6321261874234467e-20,1.6321325254964692e-20,1.6321388604677592e-20,1.6321451923964425e-20,1.6321515213355006e-20,1.6321578473388363e-20,1.6321641704579263e-20,1.632170490743512e-20,1.632176808245241e-20,1.6321831230128974e-20,1.6321894350929813e-20,1.6321957445405878e-20,1.6322020513940947e-20,1.6322083557020023e-20,1.6322146574949234e-20,1.6322209568341253e-20,1.6322272537571487e-20,1.632233548307187e-20,1.6322398405263397e-20,1.6322461304519817e-20,1.6322524181263377e-20,1.632258703590224e-20,1.6322649868790743e-20,1.6322712680337404e-20,1.6322775470924837e-20,1.6322838240881923e-20,1.6322900990601794e-20,1.6322963720407194e-20,1.6323026430661832e-20,1.6323089121706144e-20,1.6323151793854365e-20,1.632321444745509e-20,1.6323277082812118e-20,1.6323339700279358e-20,1.6323402300150552e-20,1.632346488268339e-20,1.632352744821714e-20,1.6323589997033693e-20,1.6323652529419e-20,1.6323715045644898e-20,1.6323777546038822e-20,1.6323840030842937e-20,1.6323902500316462e-20,1.6323964954728457e-20,1.632402739434547e-20,1.63240898193837e-20,1.632415223014779e-20,1.6324214626845978e-20,1.6324277009903096e-20,1.6324339379213143e-20,1.632440173518673e-20,1.6324464078055666e-20,1.632452640801272e-20,1.6324588725304516e-20,1.632465103011962e-20,1.6324713322686125e-20,1.6324775603201192e-20,1.632483787187611e-20,1.6324900128939637e-20,1.6324962374530526e-20,1.632502460887458e-20,1.6325086832145987e-20,1.6325149044534386e-20,1.63252112462241e-20,1.6325273437406155e-20,1.6325335618049008e-20,1.6325397788711144e-20,1.6325459949296334e-20,1.6325522100136474e-20,1.63255842413086e-20,1.632564637296972e-20,1.6325708495277905e-20,1.6325770608391067e-20,1.632583271245942e-20,1.6325894807631747e-20,1.6325956894015896e-20,1.6326018971837228e-20,1.6326081041184415e-20,1.6326143102192824e-20,1.6326205154867466e-20,1.632626719967062e-20,1.632632923651289e-20,1.632639126556083e-20,1.6326453286955245e-20,1.632651530080016e-20,1.6326577307207998e-20,1.6326639306313384e-20,1.632670129821218e-20,1.6326763282976838e-20,1.63268252608034e-20,1.6326887231851125e-20,1.6326949196152928e-20,1.632701115381156e-20,1.632707310485914e-20,1.632713504956987e-20,1.6327196987977792e-20,1.632725892016654e-20,1.6327320846232435e-20,1.632738276627125e-20,1.6327444680484143e-20,1.6327506588744975e-20,1.6327568491260457e-20,1.6327630388152988e-20,1.6327692279436124e-20,1.6327754165386147e-20,1.6327816045786154e-20,1.6327877920861338e-20,1.6327939790773775e-20,1.6328001655435727e-20,1.632806351502946e-20,1.632812536963081e-20,1.6328187219304513e-20,1.632824906410365e-20,1.6328310904169855e-20,1.6328372739510926e-20,1.6328434570212943e-20,1.6328496396331243e-20,1.632855821793696e-20,1.6328620034897435e-20,1.632868184773173e-20,1.6328743656300716e-20,1.6328805460592432e-20,1.6328867260701906e-20,1.6328929056697615e-20,1.632899084876658e-20,1.6329052636705618e-20,1.632911442070301e-20,1.632917620084936e-20,1.6329237977154908e-20,1.6329299749660904e-20,1.6329361518446226e-20,1.632942328356199e-20,1.6329485045056494e-20,1.6329546802988093e-20,1.632960855740175e-20,1.63296703084477e-20,1.6329732055972566e-20,1.6329793800123887e-20,1.6329855540953756e-20,1.6329917278495707e-20,1.6329979012800864e-20,1.633004074391073e-20,1.6330102471866987e-20,1.6330164196718035e-20,1.6330225918502274e-20,1.633028763725567e-20,1.6330349353025702e-20,1.6330411065865537e-20,1.6330472775778994e-20,1.6330534482820417e-20,1.6330596187009907e-20,1.6330657888420702e-20,1.6330719587075362e-20,1.6330781283083547e-20,1.6330842976313202e-20,1.6330904666883163e-20,1.6330966354777953e-20,1.6331028040130296e-20,1.6331089722922073e-20,1.6331151403184685e-20,1.6331213080953583e-20,1.6331274756233237e-20,1.6331336429090706e-20,1.633139809960142e-20,1.6331459767624914e-20,1.6331521433340574e-20,1.633158309673082e-20,1.633164475782514e-20,1.63317064166487e-20,1.6331768073225656e-20,1.633182972758641e-20,1.6331891379780486e-20,1.633195302977714e-20,1.63320146776252e-20,1.6332076323358656e-20,1.6332137966998967e-20,1.6332199608567366e-20,1.6332261248077735e-20,1.6332322885556322e-20,1.6332384521023718e-20,1.6332446154284134e-20,1.633250778577568e-20,1.6332569415363816e-20,1.633263104298629e-20,1.6332692668737918e-20,1.6332754292574343e-20,1.6332815914568915e-20,1.6332877534745194e-20,1.633293915306764e-20,1.6333000769460866e-20,1.6333062384186087e-20,1.6333123996988592e-20,1.633318560818382e-20,1.63332472176366e-20,1.633330882539482e-20,1.633337043142048e-20,1.6333432035773323e-20,1.6333493638414413e-20,1.6333555239319892e-20,1.6333616838676508e-20,1.6333678436395668e-20,1.6333740032394566e-20,1.6333801626895897e-20,1.6333863219798827e-20,1.6333924811125606e-20,1.6333986400914003e-20,1.6334047989150634e-20,1.633410957594709e-20,1.633417116124855e-20,1.6334232744926003e-20,1.6334294327100576e-20,1.63343559077887e-20,1.6334417487046565e-20,1.6334479064824764e-20,1.6334540641132058e-20,1.6334602215763934e-20,1.633466378921036e-20,1.6334725361227875e-20,1.6334786931857903e-20,1.6334848501089027e-20,1.6334910068945596e-20,1.6334971635421345e-20,1.6335033200528074e-20,1.6335094764257658e-20,1.6335156326626498e-20,1.633521788776377e-20,1.633527944751998e-20,1.6335341005933875e-20,1.6335402563063724e-20,1.6335464118897402e-20,1.6335525673424968e-20,1.6335587226678838e-20,1.6335648778647454e-20,1.6335710329477722e-20,1.633577187894311e-20,1.6335833427155805e-20,1.6335894974018687e-20,1.633595651973661e-20,1.63360180642374e-20,1.633607960751232e-20,1.633614114958067e-20,1.6336202690461896e-20,1.633626423014046e-20,1.633632576861208e-20,1.6336387305901434e-20,1.6336448841983968e-20,1.633651037692179e-20,1.633657191070321e-20,1.6336633443314748e-20,1.6336694974772337e-20,1.633675650504695e-20,1.6336818034238874e-20,1.6336879562241356e-20,1.6336941089108677e-20,1.633700261488664e-20,1.6337064139530425e-20,1.6337125663078457e-20,1.6337187185240132e-20,1.63372487065644e-20,1.633731022671939e-20,1.633737174586341e-20,1.6337433263883974e-20,1.6337494780811905e-20,1.6337556296664724e-20,1.633761781145513e-20,1.6337679325187685e-20,1.6337740837847313e-20,1.6337802349461362e-20,1.6337863859714844e-20,1.6337925369178716e-20,1.6337986877470698e-20,1.6338048384811563e-20,1.633810989106027e-20,1.633817139622878e-20,1.6338232900514396e-20,1.6338294403774327e-20,1.6338355906226258e-20,1.6338417407419844e-20,1.633847890759516e-20,1.6338540406511872e-20,1.6338601904648173e-20,1.6338663401812608e-20,1.6338724897958252e-20,1.6338786393025984e-20,1.6338847887201316e-20,1.6338909380242112e-20,1.6338970872543528e-20,1.6339032363696446e-20,1.6339093853864414e-20,1.6339155343043657e-20,1.633921683154182e-20,1.6339278318763972e-20,1.6339339804951942e-20,1.63394012902404e-20,1.633946277462391e-20,1.6339524257963174e-20,1.633958574033823e-20,1.633964722178539e-20,1.6339708702241523e-20,1.63397701817258e-20,1.6339831660242508e-20,1.633989313793148e-20,1.633995461456688e-20,1.6340016090246608e-20,1.63400775649032e-20,1.634013903869339e-20,1.6340200511587342e-20,1.6340261983447242e-20,1.6340323454435012e-20,1.6340384924488233e-20,1.6340446393556055e-20,1.6340507861724357e-20,1.6340569328938246e-20,1.6340630795329507e-20,1.6340692260722152e-20,1.6340753725168356e-20,1.6340815188734302e-20,1.634087665136585e-20,1.6340938113094877e-20,1.6340999573978688e-20,1.634106103382094e-20,1.634112249298044e-20,1.6341183950989947e-20,1.6341245408138246e-20,1.6341306864352848e-20,1.6341368319672955e-20,1.634142977401589e-20,1.634149122747441e-20,1.6341552680090903e-20,1.6341614131904322e-20,1.6341675583085187e-20,1.6341737033010476e-20,1.6341798482003295e-20,1.6341859930130113e-20,1.6341921377318252e-20,1.6341982823773192e-20,1.63420442692041e-20,1.6342105713641764e-20,1.6342167157282484e-20,1.6342228600015754e-20,1.6342290041833972e-20,1.6342351482847534e-20,1.6342412922968064e-20,1.6342474362204028e-20,1.634253580063115e-20,1.6342597238103147e-20,1.6342658674678675e-20,1.6342720110276193e-20,1.6342781545109612e-20,1.6342842979049426e-20,1.6342904412179395e-20,1.634296584439595e-20,1.6343027275734308e-20,1.6343088706176564e-20,1.6343150135731294e-20,1.6343211564436707e-20,1.6343272992171846e-20,1.6343334419121326e-20,1.634339584519155e-20,1.6343457270383317e-20,1.634351869475084e-20,1.6343580118239162e-20,1.6343641540873716e-20,1.6343702962564155e-20,1.63437643834203e-20,1.634382580360384e-20,1.6343887222707547e-20,1.6343948641006183e-20,1.6344010058418593e-20,1.6344071475226673e-20,1.6344132890922848e-20,1.6344194305738857e-20,1.6344255719709986e-20,1.6344317132926745e-20,1.634437854519063e-20,1.6344439956581343e-20,1.6344501367159464e-20,1.6344562776847306e-20,1.6344624185668432e-20,1.6344685593614854e-20,1.6344747000730574e-20,1.6344808406984962e-20,1.634486981240363e-20,1.6344931216963705e-20,1.6344992620664367e-20,1.6345054023523367e-20,1.6345115425440545e-20,1.634517682658773e-20,1.634523822682546e-20,1.6345299626287193e-20,1.6345361024865296e-20,1.6345422422593258e-20,1.6345483819491002e-20,1.6345545215696642e-20,1.6345606610916907e-20,1.63456680052579e-20,1.634572939872011e-20,1.6345790791331067e-20,1.6345852183124973e-20,1.6345913573960293e-20,1.634597496406997e-20,1.6346036353345793e-20,1.6346097741927144e-20,1.634615912951286e-20,1.6346220516260625e-20,1.6346281902105846e-20,1.6346343287084073e-20,1.6346404671281025e-20,1.6346466054658693e-20,1.6346527437179732e-20,1.6346588818848663e-20,1.6346650199700537e-20,1.6346711579708737e-20,1.634677295887183e-20,1.6346834337185098e-20,1.6346895714638853e-20,1.6346957091269193e-20,1.6347018467062104e-20,1.6347079842016765e-20,1.634714121613035e-20,1.6347202589400712e-20,1.6347263961821717e-20,1.634732533347293e-20,1.634738670409078e-20,1.6347448074019865e-20,1.634750944309223e-20,1.634757081132574e-20,1.6347632178415842e-20,1.6347693544965438e-20,1.6347754910705686e-20,1.634781627580139e-20,1.634787763986652e-20,1.6347939003073497e-20,1.6348000365444758e-20,1.6348061727249973e-20,1.6348123087976833e-20,1.634818444783819e-20,1.6348245806943756e-20,1.634830716516165e-20,1.6348368522759858e-20,1.6348429879307185e-20,1.634849123538789e-20,1.6348552590258547e-20,1.634861394430052e-20,1.6348675297780502e-20,1.6348736650152696e-20,1.6348798001760754e-20,1.6348859352392668e-20,1.6348920702454935e-20,1.63489820514809e-20,1.634904339968801e-20,1.6349104747059993e-20,1.634916609380485e-20,1.634922743944569e-20,1.6349288784298227e-20,1.6349350128345574e-20,1.634941147150839e-20,1.6349472813886355e-20,1.634953415543818e-20,1.6349595496106483e-20,1.6349656835979277e-20,1.6349718175111558e-20,1.6349779513449825e-20,1.6349840850840628e-20,1.63499021874046e-20,1.6349963523142982e-20,1.6350024858048156e-20,1.6350086192044878e-20,1.6350147525261002e-20,1.6350208857669993e-20,1.6350270189237504e-20,1.6350331519979464e-20,1.6350392849904192e-20,1.63504541790284e-20,1.6350515507262124e-20,1.6350576834947504e-20,1.6350638161548856e-20,1.63506994873035e-20,1.635076081219715e-20,1.6350822136263767e-20,1.6350883459463894e-20,1.6350944781921265e-20,1.6351006103502155e-20,1.635106742429996e-20,1.635112874425916e-20,1.6351190063353283e-20,1.6351251381667723e-20,1.6351312699147284e-20,1.6351374015926208e-20,1.6351435331756514e-20,1.6351496646732782e-20,1.6351557961125114e-20,1.6351619274466613e-20,1.6351680586939966e-20,1.6351741898606803e-20,1.6351803209415572e-20,1.6351864519454812e-20,1.635192582865126e-20,1.6351987137118533e-20,1.6352048444633887e-20,1.6352109751293372e-20,1.6352171057175657e-20,1.6352232362207458e-20,1.6352293666556778e-20,1.6352354970043923e-20,1.6352416272602902e-20,1.6352477574338248e-20,1.635253887526161e-20,1.635260017534051e-20,1.6352661474593755e-20,1.6352722773028836e-20,1.6352784070580136e-20,1.635284536739398e-20,1.635290666330691e-20,1.6352967958424396e-20,1.6353029252717272e-20,1.6353090546238638e-20,1.635315183887449e-20,1.6353213130721123e-20,1.6353274421725205e-20,1.6353335711889637e-20,1.635339700123895e-20,1.6353458290053826e-20,1.6353519577753018e-20,1.6353580864763694e-20,1.6353642150806758e-20,1.635370343602009e-20,1.6353764720407712e-20,1.6353826003982213e-20,1.6353887286724603e-20,1.6353948568637183e-20,1.6354009849722437e-20,1.6354071129982385e-20,1.635413240938469e-20,1.6354193688004142e-20,1.635425496584279e-20,1.6354316242752968e-20,1.6354377518871355e-20,1.6354438794159918e-20,1.635450006860227e-20,1.6354561342428796e-20,1.6354622615206663e-20,1.6354683887200592e-20,1.6354745158280466e-20,1.635480642863402e-20,1.6354867698407117e-20,1.6354928967378037e-20,1.6354990235226167e-20,1.6355051502274925e-20,1.635511276837482e-20,1.6355174033763028e-20,1.635523529819165e-20,1.635529656211339e-20,1.6355357825253273e-20,1.6355419087368012e-20,1.6355480348646106e-20,1.6355541609082652e-20,1.6355602868912366e-20,1.6355664127671196e-20,1.6355725385514484e-20,1.6355786642649454e-20,1.635584789894854e-20,1.6355909154440503e-20,1.6355970409172903e-20,1.6356031663007858e-20,1.6356092916040715e-20,1.635615416864166e-20,1.635621541991971e-20,1.635627667048616e-20,1.6356337920254753e-20,1.635639916914118e-20,1.6356460417204113e-20,1.6356521664481172e-20,1.635658291112044e-20,1.6356644156787834e-20,1.6356705401569805e-20,1.6356766645581694e-20,1.6356827888708494e-20,1.6356889131024197e-20,1.6356950372521456e-20,1.6357011613190736e-20,1.6357072853055405e-20,1.635713409206994e-20,1.635719533030071e-20,1.635725656804177e-20,1.6357317804569656e-20,1.635737904031831e-20,1.6357440275152918e-20,1.635750150895668e-20,1.6357562742183974e-20,1.6357623974612368e-20,1.635768520645005e-20,1.635774643710179e-20,1.6357807667054546e-20,1.635786889617874e-20,1.635793012442979e-20,1.6357991351849234e-20,1.635805257848912e-20,1.6358113804313395e-20,1.635817502932786e-20,1.6358236253498498e-20,1.635829747686159e-20,1.6358358699619483e-20,1.635841992133437e-20,1.6358481142209085e-20,1.635854236225737e-20,1.6358603581499645e-20,1.6358664800109435e-20,1.6358726017461223e-20,1.6358787234269814e-20,1.6358848450220692e-20,1.6358909665335723e-20,1.635897087964298e-20,1.635903209308975e-20,1.635909330573318e-20,1.6359154517615082e-20,1.6359215728655182e-20,1.635927693882909e-20,1.63593381481752e-20,1.635939935671224e-20,1.6359460564685314e-20,1.635952177177817e-20,1.6359582977770016e-20,1.6359644183011418e-20,1.635970538744685e-20,1.635976659122574e-20,1.6359827794025863e-20,1.635988899588646e-20,1.6359950197005202e-20,1.6360011397211485e-20,1.636007259666736e-20,1.6360133795306873e-20,1.6360194993137814e-20,1.636025619011183e-20,1.6360317386242913e-20,1.6360378581565787e-20,1.636043977610389e-20,1.6360500969823816e-20,1.6360562162722797e-20,1.6360623354796865e-20,1.6360684546521134e-20,1.636074573693692e-20,1.636080692651027e-20,1.6360868115292076e-20,1.636092930325054e-20,1.6360990490175187e-20,1.6361051676452354e-20,1.6361112861935457e-20,1.6361174046576426e-20,1.6361235230443002e-20,1.636129641341261e-20,1.636135759576523e-20,1.6361418777117964e-20,1.6361479957665272e-20,1.6361541137384617e-20,1.636160231625439e-20,1.6361663494280226e-20,1.6361724671514544e-20,1.6361785847974812e-20,1.6361847023564843e-20,1.636190819835398e-20,1.6361969372168625e-20,1.6362030545379462e-20,1.6362091717693802e-20,1.6362152889283984e-20,1.6362214059971945e-20,1.6362275229865247e-20,1.63623363988872e-20,1.636239756708671e-20,1.6362458734491892e-20,1.6362519901093093e-20,1.636258106682089e-20,1.6362642231713396e-20,1.6362703395790506e-20,1.6362764559056984e-20,1.6362825721467522e-20,1.6362886883066605e-20,1.6362948043726267e-20,1.6363009203685306e-20,1.636307036283457e-20,1.6363131521153846e-20,1.6363192678653012e-20,1.6363253835316177e-20,1.6363314991179525e-20,1.6363376146182162e-20,1.636343730060605e-20,1.636349845403614e-20,1.636355960657497e-20,1.6363620758300462e-20,1.6363681909225924e-20,1.6363743059333208e-20,1.636380420859651e-20,1.636386535703532e-20,1.6363926504648032e-20,1.6363987651306226e-20,1.6364048797317558e-20,1.636410994248604e-20,1.6364171087094944e-20,1.6364232230605256e-20,1.636429337332357e-20,1.6364354515249193e-20,1.6364415656128972e-20,1.6364476796592884e-20,1.6364537935972152e-20,1.6364599074465673e-20,1.6364660212023562e-20,1.6364721348963577e-20,1.6364782485006084e-20,1.6364843620287647e-20,1.6364904754761863e-20,1.6364965888400464e-20,1.636502702121639e-20,1.6365088153317083e-20,1.6365149284504044e-20,1.6365210414528504e-20,1.6365271544057682e-20,1.6365332672774358e-20,1.6365393800640624e-20,1.6365454927720166e-20,1.6365516054182674e-20,1.6365577179561948e-20,1.6365638304155403e-20,1.6365699427951313e-20,1.6365760550915507e-20,1.6365821673048978e-20,1.6365882794358082e-20,1.636594391485626e-20,1.6366005034512598e-20,1.6366066153365278e-20,1.6366127271379675e-20,1.6366188388553302e-20,1.6366249505127396e-20,1.6366310620671587e-20,1.6366371735412385e-20,1.6366432849149124e-20,1.6366493962239177e-20,1.636655507450355e-20,1.6366616185966007e-20,1.6366677296606194e-20,1.6366738406315154e-20,1.6366799515377378e-20,1.6366860623391116e-20,1.6366921730736247e-20,1.6366982837537748e-20,1.6367043943438136e-20,1.6367105048403766e-20,1.636716615243907e-20,1.6367227255668833e-20,1.6367288358316534e-20,1.6367349459915574e-20,1.6367410560688993e-20,1.6367471660660957e-20,1.6367532759786748e-20,1.6367593858076544e-20,1.636765495557129e-20,1.6367716052282104e-20,1.6367777148116418e-20,1.6367838243137056e-20,1.6367899337332037e-20,1.6367960430702012e-20,1.6368021523254848e-20,1.6368082614890042e-20,1.6368143705767885e-20,1.636820479618064e-20,1.6368265885446456e-20,1.6368326973883273e-20,1.6368388061442895e-20,1.6368449148235043e-20,1.6368510234211927e-20,1.636857131936688e-20,1.6368632403798234e-20,1.6368693487312952e-20,1.6368754569943743e-20,1.636881565194244e-20,1.6368876732994773e-20,1.636893781321986e-20,1.636899889261944e-20,1.636905997119858e-20,1.6369121048937743e-20,1.636918212588089e-20,1.636924320195091e-20,1.636930427724134e-20,1.6369365351707265e-20,1.6369426425256472e-20,1.6369487498184958e-20,1.6369548570192867e-20,1.636960964112034e-20,1.6369670711367015e-20,1.6369731780893647e-20,1.6369792849619152e-20,1.6369853917523305e-20,1.6369914984584213e-20,1.6369976050787818e-20,1.637003711622523e-20,1.637009818083537e-20,1.6370159244525398e-20,1.6370220307491187e-20,1.6370281369626957e-20,1.637034243096599e-20,1.637040349147311e-20,1.6370464551173175e-20,1.6370525610036598e-20,1.637058666807652e-20,1.637064772528863e-20,1.6370708781654704e-20,1.6370769837219815e-20,1.6370830891973183e-20,1.6370891945760606e-20,1.6370952998872946e-20,1.6371014051114028e-20,1.6371075102496772e-20,1.6371136153192566e-20,1.6371197203023865e-20,1.637125825203415e-20,1.6371319300212487e-20,1.6371380347577202e-20,1.637144139412667e-20,1.6371502439862022e-20,1.6371563484751827e-20,1.6371624529024916e-20,1.6371685572215725e-20,1.6371746615016892e-20,1.6371807656628493e-20,1.6371868697863202e-20,1.6371929737818094e-20,1.6371990776965094e-20,1.637205181532457e-20,1.6372112852817853e-20,1.6372173889501147e-20,1.637223492538822e-20,1.6372295960450527e-20,1.637235699468394e-20,1.6372418028329683e-20,1.6372479061272875e-20,1.6372540092858614e-20,1.637260112379893e-20,1.637266215395385e-20,1.637272318325693e-20,1.637278421175652e-20,1.6372845239336048e-20,1.6372906266171282e-20,1.6372967292474945e-20,1.637302831765955e-20,1.6373089342030244e-20,1.6373150365619922e-20,1.6373211388579653e-20,1.6373272410328543e-20,1.6373333431472847e-20,1.637339445179461e-20,1.6373455471209246e-20,1.637351648976028e-20,1.6373577507551534e-20,1.6373638524544367e-20,1.637369954071335e-20,1.6373760556056103e-20,1.637382157058236e-20,1.637388258431032e-20,1.6373943597191042e-20,1.6374004609237493e-20,1.6374065620485536e-20,1.6374126630886332e-20,1.6374187640479823e-20,1.637424864925837e-20,1.637430965720948e-20,1.637437066435457e-20,1.6374431670653097e-20,1.637449267615583e-20,1.6374553680837173e-20,1.6374614684914542e-20,1.6374675687952252e-20,1.637473669022057e-20,1.637479769161029e-20,1.637485869213531e-20,1.6374919691871983e-20,1.637498069080307e-20,1.6375041688915914e-20,1.6375102686203615e-20,1.63751636826807e-20,1.6375224678327214e-20,1.637528567315202e-20,1.6375346667156876e-20,1.6375407660395704e-20,1.6375468652954273e-20,1.6375529644500184e-20,1.637559063520109e-20,1.637565162513011e-20,1.6375712614193073e-20,1.6375773602457655e-20,1.637583459010957e-20,1.6375895576743287e-20,1.637595656256907e-20,1.6376017547573184e-20,1.637607853173244e-20,1.637613951506297e-20,1.6376200497770302e-20,1.6376261479448615e-20,1.6376322460302474e-20,1.637638344035557e-20,1.637644441961511e-20,1.6376505398161525e-20,1.6376566375757264e-20,1.6376627352516397e-20,1.6376688328432638e-20,1.637674930359095e-20,1.637681027776642e-20,1.6376871251246238e-20,1.6376932223918e-20,1.6376993195767294e-20,1.6377054166798594e-20,1.6377115137006276e-20,1.637717610644732e-20,1.6377237075298206e-20,1.637729804304987e-20,1.6377359009878948e-20,1.6377419975975435e-20,1.6377480941290195e-20,1.637754190565985e-20,1.6377602869292072e-20,1.63776638320604e-20,1.6377724794063387e-20,1.6377785755256706e-20,1.6377846715624093e-20,1.6377907675170618e-20,1.6377968633894293e-20,1.6378029591629433e-20,1.637809054871518e-20,1.637815150497049e-20,1.6378212460177967e-20,1.6378273414674328e-20,1.6378334368466512e-20,1.6378395321450594e-20,1.6378456273613676e-20,1.6378517224965393e-20,1.6378578175730915e-20,1.6378639125437248e-20,1.6378700074316017e-20,1.637876102238186e-20,1.6378821969624026e-20,1.6378882915934438e-20,1.637894386149043e-20,1.6379004806275278e-20,1.637906575021859e-20,1.637912669338892e-20,1.6379187635713254e-20,1.6379248577236338e-20,1.6379309517855922e-20,1.637937045771899e-20,1.6379431396710567e-20,1.637949233494504e-20,1.6379553272342613e-20,1.6379614208931515e-20,1.637967514469436e-20,1.6379736079632883e-20,1.6379797014084174e-20,1.6379857947372763e-20,1.6379918879840816e-20,1.6379979811499102e-20,1.6380040742322555e-20,1.6380101672387427e-20,1.6380162601587613e-20,1.638022353006655e-20,1.638028445756047e-20,1.6380345384384965e-20,1.638040631029347e-20,1.63804672354023e-20,1.6380528159689456e-20,1.6380589083121632e-20,1.6380650005766696e-20,1.6380710927891695e-20,1.6380771848898963e-20,1.638083276908632e-20,1.6380893688479617e-20,1.6380954607034548e-20,1.6381015524760172e-20,1.638107644160413e-20,1.6381137357685532e-20,1.638119827292144e-20,1.6381259187380433e-20,1.638132010099076e-20,1.638138101379978e-20,1.6381441925829697e-20,1.6381502837210493e-20,1.6381563747564548e-20,1.6381624657109876e-20,1.6381685565819895e-20,1.6381746473937714e-20,1.638180738100947e-20,1.6381868287195943e-20,1.638192919261109e-20,1.6381990097248176e-20,1.6382051001041e-20,1.6382111904039608e-20,1.6382172806165417e-20,1.6382233707504236e-20,1.6382294608045938e-20,1.6382355507736667e-20,1.6382416406601774e-20,1.6382477304613996e-20,1.638253820183484e-20,1.638259909824618e-20,1.6382659993886005e-20,1.6382720888708522e-20,1.6382781782868904e-20,1.638284267596242e-20,1.6382903568257618e-20,1.638296445976904e-20,1.6383025350442006e-20,1.638308624022421e-20,1.638314712925618e-20,1.638320801770275e-20,1.638326890513393e-20,1.6383329791708193e-20,1.6383390677467055e-20,1.6383451562395043e-20,1.6383512446495568e-20,1.638357333001535e-20,1.6383634212361865e-20,1.638369509403914e-20,1.638375597477535e-20,1.6383816854829557e-20,1.638387773404037e-20,1.638393861242938e-20,1.6383999490001044e-20,1.6384060366723046e-20,1.638412124266415e-20,1.638418211801773e-20,1.6384242992267017e-20,1.6384303865742298e-20,1.638436473841265e-20,1.6384425610240904e-20,1.638448648126012e-20,1.638454735163144e-20,1.63846082209912e-20,1.6384669089526037e-20,1.6384729957273578e-20,1.638479082419385e-20,1.6384851690286458e-20,1.6384912555565682e-20,1.6384973420025204e-20,1.6385034283677953e-20,1.638509514636664e-20,1.6385156008372068e-20,1.638521686963068e-20,1.6385277729995107e-20,1.6385338589544587e-20,1.6385399448337168e-20,1.6385460306299414e-20,1.63855211636168e-20,1.638558201988887e-20,1.638564287534065e-20,1.6385703729971785e-20,1.6385764583771504e-20,1.6385825436772323e-20,1.638588628893765e-20,1.6385947140232777e-20,1.6386007990767358e-20,1.6386068840489002e-20,1.63861296893906e-20,1.6386190537466442e-20,1.638625138471456e-20,1.638631223116133e-20,1.6386373077007717e-20,1.638643392179651e-20,1.6386494765774647e-20,1.6386555608691447e-20,1.6386616451036574e-20,1.63866772925644e-20,1.6386738133196397e-20,1.6386798973086616e-20,1.6386859812205085e-20,1.6386920650464213e-20,1.6386981487882775e-20,1.6387042324495567e-20,1.6387103160277432e-20,1.6387163995255362e-20,1.6387224829418095e-20,1.638728566259351e-20,1.6387346495096218e-20,1.6387407326848126e-20,1.638746815777763e-20,1.6387528988039133e-20,1.6387589817445993e-20,1.6387650645884392e-20,1.6387711473535016e-20,1.638777230030907e-20,1.6387833126340982e-20,1.6387893951613673e-20,1.6387954776019314e-20,1.6388015599449916e-20,1.6388076422300208e-20,1.6388137244252207e-20,1.6388198065420438e-20,1.6388258885692596e-20,1.6388319705101986e-20,1.6388380523689726e-20,1.6388441341457022e-20,1.638850215842568e-20,1.638856297458407e-20,1.638862379010852e-20,1.63886846046227e-20,1.6388745418317953e-20,1.6388806231177313e-20,1.638886704340793e-20,1.6388927854639756e-20,1.638898866505927e-20,1.6389049474717612e-20,1.638911028343991e-20,1.6389171091415007e-20,1.6389231898561546e-20,1.6389292704899586e-20,1.638935351041195e-20,1.6389414315092436e-20,1.6389475118974304e-20,1.638953592201356e-20,1.6389596724245668e-20,1.638965752566448e-20,1.6389718326258753e-20,1.6389779126035857e-20,1.6389839925000387e-20,1.6389900723151263e-20,1.638996152047956e-20,1.6390022316982693e-20,1.639008311272289e-20,1.6390143907603086e-20,1.6390204701705874e-20,1.6390265494885136e-20,1.6390326287306698e-20,1.6390387078945794e-20,1.6390447869728216e-20,1.639050865973778e-20,1.639056944885607e-20,1.6390630237189552e-20,1.6390691024690944e-20,1.6390751811264516e-20,1.6390812597106966e-20,1.6390873382007013e-20,1.6390934166323946e-20,1.6390994949720294e-20,1.6391055732421916e-20,1.6391116514199502e-20,1.6391177295154254e-20,1.6391238075291552e-20,1.6391298854641334e-20,1.6391359633147333e-20,1.6391420410827783e-20,1.639148118769268e-20,1.6391541963736244e-20,1.6391602738972673e-20,1.6391663513390573e-20,1.6391724286981548e-20,1.6391785059761688e-20,1.639184583174751e-20,1.6391906602889955e-20,1.6391967373143504e-20,1.6392028142589182e-20,1.6392088911275804e-20,1.6392149679146875e-20,1.6392210446200488e-20,1.639227121243275e-20,1.6392331977803563e-20,1.639239274241097e-20,1.6392453506113508e-20,1.639251426903763e-20,1.6392575031164028e-20,1.6392635792490904e-20,1.639269655302089e-20,1.6392757312714688e-20,1.6392818071589274e-20,1.6392878829645355e-20,1.6392939586872395e-20,1.639300034329458e-20,1.639306109890177e-20,1.6393121853738543e-20,1.6393182607730412e-20,1.6393243360871796e-20,1.6393304113202397e-20,1.6393364864699904e-20,1.6393425615389664e-20,1.6393486365264123e-20,1.6393547114367744e-20,1.639360786265136e-20,1.639366861014507e-20,1.6393729356752663e-20,1.6393790102528346e-20,1.63938508475181e-20,1.639391159160741e-20,1.6393972334881156e-20,1.6394033077402195e-20,1.6394093818999727e-20,1.6394154559888372e-20,1.639421529994139e-20,1.6394276039178664e-20,1.6394336777607204e-20,1.6394397515153157e-20,1.639445825194062e-20,1.6394518987913984e-20,1.639457972301061e-20,1.6394640457339073e-20,1.63947011908652e-20,1.6394761923568965e-20,1.6394822655461995e-20,1.639488338655954e-20,1.6394944116807173e-20,1.6395004846293443e-20,1.6395065574911062e-20,1.639512630271052e-20,1.6395187029669267e-20,1.639524775606903e-20,1.6395308481413245e-20,1.639536920575294e-20,1.6395429929406396e-20,1.6395490652146308e-20,1.639555137425043e-20,1.639561209550369e-20,1.639567281594846e-20,1.6395733535574123e-20,1.6395794254104704e-20,1.6395854972093775e-20,1.6395915689407145e-20,1.6395976405759563e-20,1.639603712129108e-20,1.639609783601172e-20,1.6396158549924994e-20,1.6396219263009702e-20,1.63962799752686e-20,1.639634068664395e-20,1.639640139727452e-20,1.6396462107023496e-20,1.639652281601751e-20,1.639658352418519e-20,1.6396644231531134e-20,1.639670493807451e-20,1.639676564381219e-20,1.6396826348756898e-20,1.6396887052819873e-20,1.6396947756107065e-20,1.639700845856873e-20,1.6397069160214183e-20,1.6397129861041406e-20,1.6397190561240673e-20,1.6397251260427227e-20,1.639731195880682e-20,1.6397372656364336e-20,1.639743335311248e-20,1.6397494049038754e-20,1.6397554744132616e-20,1.639761543841916e-20,1.6397676131892888e-20,1.6397736824523688e-20,1.639779751662607e-20,1.6397858207626463e-20,1.639791889777427e-20,1.639797958715744e-20,1.6398040275729527e-20,1.6398100963483014e-20,1.6398161650400265e-20,1.639822233673813e-20,1.639828302203177e-20,1.6398343706521736e-20,1.639840439019233e-20,1.639846507303648e-20,1.639852575507681e-20,1.6398586436292553e-20,1.6398647116925112e-20,1.6398707796553627e-20,1.6398768475256128e-20,1.6398829152987966e-20,1.639888983011658e-20,1.639895050627743e-20,1.639901118177054e-20,1.639907185644597e-20,1.639913253034601e-20,1.639919320337246e-20,1.6399253875602737e-20,1.6399314547010537e-20,1.6399375217579072e-20,1.6399435887346157e-20,1.6399496556303543e-20,1.6399557224442676e-20,1.6399617891730006e-20,1.639967855822663e-20,1.639973922393035e-20,1.6399799888831975e-20,1.6399860552877243e-20,1.6399921216099558e-20,1.6399981878579677e-20,1.640004254019002e-20,1.6400103200971703e-20,1.640016386087165e-20,1.6400224520030224e-20,1.6400285178350794e-20,1.640034583587037e-20,1.640040649258826e-20,1.6400467148485103e-20,1.6400527803563458e-20,1.6400588457857307e-20,1.6400649111299467e-20,1.6400709763851646e-20,1.6400770415409238e-20,1.640083106640275e-20,1.640089171657455e-20,1.640095236592517e-20,1.6401013014455393e-20,1.6401073662203524e-20,1.6401134309289044e-20,1.640119495543493e-20,1.640125560071153e-20,1.6401316245163204e-20,1.6401376888794683e-20,1.640143753162042e-20,1.6401498173684417e-20,1.640155881487741e-20,1.6401619455246677e-20,1.6401680094753897e-20,1.6401740733491793e-20,1.640180137142288e-20,1.6401862008515842e-20,1.6401922644789983e-20,1.6401983280302316e-20,1.6402043914973027e-20,1.6402104548662675e-20,1.6402165181694636e-20,1.640222581390745e-20,1.6402286445300175e-20,1.640234707586937e-20,1.6402407705633463e-20,1.640246833452816e-20,1.6402528962690096e-20,1.6402589590007498e-20,1.6402650216306086e-20,1.6402710841968242e-20,1.640277146682756e-20,1.6402832090904165e-20,1.6402892714145577e-20,1.6402953336533582e-20,1.6403013958132913e-20,1.6403074578914985e-20,1.6403135198802007e-20,1.6403195817949106e-20,1.6403256436330377e-20,1.6403317053875255e-20,1.6403377670601667e-20,1.6403438286489806e-20,1.6403498901555856e-20,1.6403559515817105e-20,1.640362012898761e-20,1.6403680741639224e-20,1.640374135343193e-20,1.6403801964457758e-20,1.640386257462266e-20,1.6403923183983064e-20,1.6403983792387656e-20,1.6404044400175728e-20,1.6404105007081788e-20,1.640416561319148e-20,1.6404226218466365e-20,1.64042868229558e-20,1.640434742659152e-20,1.640440802941854e-20,1.6404468631428155e-20,1.6404529232623624e-20,1.6404589832843017e-20,1.6404650432154822e-20,1.6404711030854605e-20,1.640477162877801e-20,1.6404832225892413e-20,1.6404892822237003e-20,1.6404953418056808e-20,1.6405014012707793e-20,1.6405074606499097e-20,1.6405135199432023e-20,1.6405195791632915e-20,1.640525638302983e-20,1.6405316973618033e-20,1.6405377563370352e-20,1.6405438152321427e-20,1.6405498740696354e-20,1.6405559328021174e-20,1.6405619914552345e-20,1.640568050023819e-20,1.6405741085112684e-20,1.6405801669202977e-20,1.640586225243421e-20,1.6405922834853203e-20,1.6405983416341853e-20,1.640604399705822e-20,1.640610457693116e-20,1.6406165156037675e-20,1.640622573438126e-20,1.6406286311912735e-20,1.6406346888592687e-20,1.6406407464707875e-20,1.6406468039795857e-20,1.640652861405505e-20,1.6406589187500277e-20,1.6406649760141024e-20,1.6406710331985944e-20,1.640677090298993e-20,1.640683147318153e-20,1.6406892042844194e-20,1.6406952611369948e-20,1.640701317911249e-20,1.6407073746090976e-20,1.6407134312198247e-20,1.6407194877495297e-20,1.6407255441971796e-20,1.6407316005686836e-20,1.6407376568339024e-20,1.6407437130316135e-20,1.6407497691582193e-20,1.6407558251967345e-20,1.6407618811549896e-20,1.640767937038744e-20,1.6407739928547193e-20,1.640780048589778e-20,1.6407861042272957e-20,1.640792159778348e-20,1.6407982152467728e-20,1.64080427063331e-20,1.6408103259466493e-20,1.6408163811713842e-20,1.640822436314535e-20,1.640828491376023e-20,1.6408345463628537e-20,1.640840601261495e-20,1.6408466560814625e-20,1.6408527108221128e-20,1.6408587654748697e-20,1.6408648200466963e-20,1.640870874536808e-20,1.640876928948672e-20,1.6408829832759697e-20,1.6408890375249647e-20,1.6408950916713582e-20,1.6409011457555257e-20,1.6409071997487557e-20,1.640913253663123e-20,1.6409193075021472e-20,1.6409253612592272e-20,1.6409314149350522e-20,1.6409374685297868e-20,1.6409435220448695e-20,1.640949575511105e-20,1.6409556288606138e-20,1.64096168212794e-20,1.6409677353164515e-20,1.640973788419334e-20,1.6409798414412586e-20,1.6409858944115842e-20,1.6409919472744988e-20,1.6409980000581548e-20,1.6410040527574058e-20,1.6410101053728107e-20,1.641016157906753e-20,1.6410222103591088e-20,1.6410282627301066e-20,1.6410343150195546e-20,1.6410403672234115e-20,1.641046419341666e-20,1.6410524713664174e-20,1.6410585233306844e-20,1.641064575212051e-20,1.641070627012329e-20,1.64107667873199e-20,1.641082730369607e-20,1.6410887819254058e-20,1.6410948334041242e-20,1.641100884796582e-20,1.641106936099545e-20,1.641112987329236e-20,1.6411190384772214e-20,1.6411250895490076e-20,1.641131140521336e-20,1.641137191416534e-20,1.6411432422382616e-20,1.6411492929783013e-20,1.6411553436365754e-20,1.6411613941933894e-20,1.641167444689703e-20,1.641173495106494e-20,1.6411795454436294e-20,1.64118559569536e-20,1.6411916458656926e-20,1.6411976959532068e-20,1.641203745969095e-20,1.6412097958945693e-20,1.641215845765333e-20,1.641221895515231e-20,1.6412279451967234e-20,1.6412339947957486e-20,1.641240044306775e-20,1.641246093743591e-20,1.6412521430928132e-20,1.641258192360139e-20,1.6412642415551996e-20,1.6412702906690424e-20,1.6412763396976924e-20,1.641282388646029e-20,1.6412884375125992e-20,1.6412944862974258e-20,1.6413005350061418e-20,1.6413065836278936e-20,1.6413126321691984e-20,1.641318680631297e-20,1.641324729018939e-20,1.6413307773158162e-20,1.64133682552433e-20,1.6413428736576818e-20,1.6413489217090048e-20,1.6413549696795996e-20,1.6413610175687563e-20,1.64136706537608e-20,1.6413731131302824e-20,1.6413791607593548e-20,1.6413852083214377e-20,1.6413912557785146e-20,1.6413973031696592e-20,1.641403350488521e-20,1.641409397728219e-20,1.641415444888785e-20,1.6414214919635768e-20,1.6414275389588248e-20,1.6414335858711862e-20,1.6414396327005677e-20,1.6414456794480177e-20,1.6414517261168344e-20,1.6414577727016134e-20,1.6414638192055112e-20,1.641469865626266e-20,1.641475911973209e-20,1.6414819582171388e-20,1.6414880043859203e-20,1.6414940504834944e-20,1.6415000965225672e-20,1.6415061424566254e-20,1.6415121883024998e-20,1.641518234072947e-20,1.6415242797694103e-20,1.6415303253780327e-20,1.641536370894465e-20,1.6415424163341923e-20,1.641548461703399e-20,1.6415545069862386e-20,1.6415605521817243e-20,1.6415665973049022e-20,1.6415726423290475e-20,1.64157868728446e-20,1.641584732160936e-20,1.641590776953772e-20,1.6415968216664578e-20,1.641602866295658e-20,1.6416089108480165e-20,1.641614955315101e-20,1.6416209997099353e-20,1.6416270440154078e-20,1.641633088242535e-20,1.641639132385124e-20,1.6416451764455544e-20,1.641651220421399e-20,1.6416572643247692e-20,1.6416633081507664e-20,1.6416693518874637e-20,1.6416753955414592e-20,1.6416814391043142e-20,1.641687482595165e-20,1.6416935260052355e-20,1.6416995693179838e-20,1.641705612564804e-20,1.6417116557443788e-20,1.6417176988354334e-20,1.6417237418382842e-20,1.641729784760189e-20,1.641735827599138e-20,1.6417418703411792e-20,1.6417479130210173e-20,1.6417539556170922e-20,1.641759998133027e-20,1.6417660405658054e-20,1.6417720829177157e-20,1.641778125194955e-20,1.641784167382836e-20,1.641790209490355e-20,1.6417962515168718e-20,1.6418022934649384e-20,1.6418083353269774e-20,1.6418143771160675e-20,1.6418204188157824e-20,1.6418264604338695e-20,1.6418325019713805e-20,1.6418385434317562e-20,1.6418445848060798e-20,1.6418506261315306e-20,1.6418566673155705e-20,1.6418627084463504e-20,1.6418687494958425e-20,1.6418747904645204e-20,1.6418808313501403e-20,1.641886872160478e-20,1.6418929128833705e-20,1.6418989535314437e-20,1.6419049940915136e-20,1.6419110345744883e-20,1.641917074978e-20,1.6419231152929563e-20,1.6419291555304775e-20,1.6419351956827393e-20,1.6419412357553615e-20,1.6419472757467305e-20,1.6419533156572977e-20,1.6419593554780357e-20,1.6419653952256512e-20,1.6419714348964633e-20,1.6419774744810136e-20,1.641983513979999e-20,1.6419895534015468e-20,1.641995592744501e-20,1.642001632003093e-20,1.6420076711706922e-20,1.642013710288524e-20,1.6420197493029125e-20,1.6420257882113386e-20,1.6420318270639215e-20,1.6420378658346744e-20,1.642043904523849e-20,1.6420499431688173e-20,1.6420559816951654e-20,1.6420620201408646e-20,1.642068058504858e-20,1.6420740968150413e-20,1.6420801350154176e-20,1.6420861731357755e-20,1.642092211175047e-20,1.6420982491349426e-20,1.6421042869979574e-20,1.6421103247981415e-20,1.6421163625343885e-20,1.6421224001606843e-20,1.642128437707382e-20,1.6421344751792085e-20,1.642140512570244e-20,1.6421465498714474e-20,1.6421525870959445e-20,1.6421586242401577e-20,1.642164661303928e-20,1.6421706982825273e-20,1.6421767351880932e-20,1.6421827720045146e-20,1.642188808740586e-20,1.6421948453962666e-20,1.6422008819709624e-20,1.642206918462191e-20,1.6422129548734813e-20,1.6422189912224566e-20,1.6422250274638213e-20,1.6422310636306224e-20,1.6422370997195496e-20,1.64224313570553e-20,1.6422491716291544e-20,1.6422552074635484e-20,1.6422612432272348e-20,1.6422672789064894e-20,1.6422733144994215e-20,1.6422793500165362e-20,1.6422853854462186e-20,1.6422914208009272e-20,1.6422974560696587e-20,1.6423034912603236e-20,1.642309526369337e-20,1.6423155613985588e-20,1.6423215963402285e-20,1.6423276312056736e-20,1.6423336659908998e-20,1.6423397006940976e-20,1.6423457353184298e-20,1.6423517698604725e-20,1.6423578043176758e-20,1.642363838694131e-20,1.6423698729863482e-20,1.6423759072018566e-20,1.642381941336947e-20,1.6423879753903125e-20,1.6423940093676493e-20,1.642400043247525e-20,1.6424060770605944e-20,1.6424121107995637e-20,1.6424181444517277e-20,1.6424241780033737e-20,1.6424302114891166e-20,1.642436244890464e-20,1.642442278211939e-20,1.6424483114613425e-20,1.6424543446182055e-20,1.6424603776990466e-20,1.6424664106981476e-20,1.6424724436046595e-20,1.6424784764890635e-20,1.6424845092419955e-20,1.6424905419129608e-20,1.642496574502414e-20,1.6425026070120015e-20,1.6425086394392054e-20,1.642514671798361e-20,1.6425207040685467e-20,1.6425267362412053e-20,1.6425327683431244e-20,1.642538800364449e-20,1.6425448323110282e-20,1.6425508641725312e-20,1.6425568959497076e-20,1.642562927644526e-20,1.642568959260707e-20,1.6425749907932446e-20,1.6425810222450947e-20,1.6425870536160654e-20,1.642593084908003e-20,1.642599116104965e-20,1.642605147232013e-20,1.6426111782779923e-20,1.6426172092431466e-20,1.6426232401244933e-20,1.6426292709262563e-20,1.6426353016467122e-20,1.6426413322888313e-20,1.6426473628493354e-20,1.6426533933460654e-20,1.642659423741363e-20,1.6426654540584073e-20,1.6426714842810273e-20,1.642677514460776e-20,1.6426835445298595e-20,1.6426895745170303e-20,1.6426956044287567e-20,1.6427016342566347e-20,1.6427076640194087e-20,1.6427136936837894e-20,1.6427197232692855e-20,1.6427257527705098e-20,1.6427317821943223e-20,1.6427378115318366e-20,1.6427438407899797e-20,1.642749869964565e-20,1.6427558990597182e-20,1.6427619280751297e-20,1.6427679570136184e-20,1.6427739858651742e-20,1.6427800146358533e-20,1.6427860433257474e-20,1.6427920719332214e-20,1.642798100454123e-20,1.642804128882349e-20,1.6428101572466856e-20,1.6428161855263735e-20,1.64282221373031e-20,1.642828241848656e-20,1.6428342698706313e-20,1.6428402978278592e-20,1.6428463257047952e-20,1.6428523535011027e-20,1.6428583812146078e-20,1.6428644088274972e-20,1.6428704363796227e-20,1.6428764638505654e-20,1.6428824912342054e-20,1.6428885185425222e-20,1.64289454579073e-20,1.6429005729374796e-20,1.6429066000010225e-20,1.642912626981753e-20,1.6429186538865585e-20,1.6429246807079392e-20,1.642930707447236e-20,1.642936734119061e-20,1.6429427606950145e-20,1.642948787206438e-20,1.6429548136214542e-20,1.6429608399551566e-20,1.6429668662142497e-20,1.6429728923651962e-20,1.6429789184545062e-20,1.642984944463379e-20,1.6429909704003177e-20,1.6429969962471833e-20,1.6430030220113768e-20,1.6430090476980203e-20,1.6430150733003954e-20,1.6430210988192663e-20,1.643027124268481e-20,1.643033149644965e-20,1.6430391749229345e-20,1.6430452001197385e-20,1.6430512252629496e-20,1.64305725029751e-20,1.6430632752504554e-20,1.6430693001086806e-20,1.6430753248997384e-20,1.6430813496100026e-20,1.643087374236356e-20,1.6430933987834374e-20,1.643099423250072e-20,1.643105447638449e-20,1.643111471946468e-20,1.643117496168717e-20,1.6431235202804616e-20,1.643129544340623e-20,1.643135568320833e-20,1.6431415922376703e-20,1.6431476160538937e-20,1.6431536397830172e-20,1.6431596634137576e-20,1.6431656869815577e-20,1.6431717104745418e-20,1.643177733892176e-20,1.6431837572266538e-20,1.6431897804737706e-20,1.6431958036406273e-20,1.6432018267268393e-20,1.643207849731719e-20,1.6432138726554745e-20,1.6432198955005144e-20,1.6432259182618442e-20,1.6432319409409905e-20,1.6432379635396015e-20,1.6432439860560903e-20,1.64325000849315e-20,1.6432560308607842e-20,1.6432620531352757e-20,1.6432680753289846e-20,1.643274097434272e-20,1.6432801194686518e-20,1.6432861414169474e-20,1.6432921632789784e-20,1.6432981850660832e-20,1.6433042067712033e-20,1.6433102284012408e-20,1.6433162499315415e-20,1.6433222714049036e-20,1.6433282927859758e-20,1.64333431408639e-20,1.6433403353210493e-20,1.6433463564584646e-20,1.6433523775023428e-20,1.643358398477844e-20,1.6433644193719988e-20,1.6433704401853038e-20,1.6433764609179307e-20,1.6433824815719827e-20,1.6433885021418092e-20,1.6433945226357713e-20,1.6434005430429807e-20,1.643406563369442e-20,1.6434125836145545e-20,1.6434186037775888e-20,1.6434246238604163e-20,1.6434306438647895e-20,1.643436663793137e-20,1.6434426836326063e-20,1.6434487033906747e-20,1.643454723069458e-20,1.6434607426421448e-20,1.643466762157245e-20,1.643472781590861e-20,1.643478800940434e-20,1.6434848202123735e-20,1.6434908394014063e-20,1.643496858511293e-20,1.6435028775392695e-20,1.6435088964862882e-20,1.6435149153557066e-20,1.643520934140223e-20,1.6435269528459942e-20,1.6435329714685774e-20,1.6435389900097785e-20,1.6435450084705433e-20,1.6435510268417167e-20,1.6435570451362752e-20,1.6435630633519647e-20,1.643569081485966e-20,1.6435750995414873e-20,1.6435811175154218e-20,1.64358713543468e-20,1.6435931532472402e-20,1.6435991709762187e-20,1.6436051886271295e-20,1.643611206195262e-20,1.6436172236819114e-20,1.6436232410880868e-20,1.6436292584102426e-20,1.6436352756538226e-20,1.6436412928228156e-20,1.6436473099055546e-20,1.6436533269060055e-20,1.6436593438299368e-20,1.643665360667928e-20,1.6436713774241478e-20,1.6436773940993952e-20,1.6436834106936533e-20,1.6436894272110955e-20,1.6436954436463768e-20,1.6437014600039334e-20,1.6437074762750837e-20,1.643713492479728e-20,1.6437195085878775e-20,1.6437255246126186e-20,1.643731540557967e-20,1.6437375564232602e-20,1.6437435722062242e-20,1.6437495879033535e-20,1.643755603525142e-20,1.6437616190656844e-20,1.643767634524628e-20,1.6437736499029285e-20,1.643779665200208e-20,1.6437856804215085e-20,1.6437916955576448e-20,1.643797710603297e-20,1.643803725577318e-20,1.6438097404686548e-20,1.6438157552790216e-20,1.643821770008972e-20,1.6438277846573118e-20,1.6438337992277588e-20,1.643839813703232e-20,1.6438458281090393e-20,1.643851842417818e-20,1.6438578566616655e-20,1.6438638708235545e-20,1.6438698849018512e-20,1.643875898906992e-20,1.6438819128282126e-20,1.6438879266518354e-20,1.64389394042672e-20,1.643899954100442e-20,1.6439059676946724e-20,1.643911981231164e-20,1.643917994665135e-20,1.6439240080135628e-20,1.643930021305743e-20,1.643936034495359e-20,1.6439420476022985e-20,1.643948060632169e-20,1.6439540735783468e-20,1.6439600864409637e-20,1.6439660992249587e-20,1.6439721119262516e-20,1.6439781245482073e-20,1.643984137089249e-20,1.6439901495387855e-20,1.6439961619158538e-20,1.644002174215948e-20,1.6440081864337002e-20,1.6440141985695545e-20,1.6440202106225712e-20,1.6440262226226535e-20,1.644032234509769e-20,1.644038246321712e-20,1.6440442580544473e-20,1.64405026969997e-20,1.6440562812679657e-20,1.6440622927588363e-20,1.6440683041732225e-20,1.6440743155499273e-20,1.644080326799403e-20,1.6440863379625137e-20,1.644092349044524e-20,1.644098360043218e-20,1.6441043709608367e-20,1.6441103818001875e-20,1.6441163925590046e-20,1.6441224032359702e-20,1.644128413831876e-20,1.644134424346426e-20,1.6441404347810912e-20,1.6441464451339006e-20,1.644152455411109e-20,1.6441584656053407e-20,1.644164475717226e-20,1.6441704857438562e-20,1.6441764956960936e-20,1.6441825055627453e-20,1.644188515347855e-20,1.6441945250528176e-20,1.644200534676365e-20,1.644206544218388e-20,1.6442125536796912e-20,1.6442185630630317e-20,1.644224572366724e-20,1.644230581585131e-20,1.64423659072663e-20,1.6442425997830426e-20,1.6442486087622158e-20,1.644254617638637e-20,1.6442606264328498e-20,1.6442666351659666e-20,1.6442726438086618e-20,1.6442786523861306e-20,1.6442846608761207e-20,1.6442906692843857e-20,1.6442966776157054e-20,1.6443026858658486e-20,1.644308694017569e-20,1.6443147021017354e-20,1.6443207101066623e-20,1.6443267180290965e-20,1.644332725869349e-20,1.644338733629732e-20,1.6443447413091354e-20,1.644350748909886e-20,1.6443567564272098e-20,1.6443627638668188e-20,1.6443687712222113e-20,1.6443747784992002e-20,1.644380785692351e-20,1.6443867928354852e-20,1.6443927998652758e-20,1.644398806815364e-20,1.6444048136847242e-20,1.644410820475468e-20,1.6444168271794043e-20,1.6444228338096262e-20,1.6444288403532793e-20,1.6444348468172272e-20,1.6444408532060045e-20,1.6444468595125368e-20,1.6444528657343315e-20,1.6444588718748865e-20,1.6444648779385097e-20,1.6444708839184347e-20,1.644476889815245e-20,1.644482895637287e-20,1.6444889013939642e-20,1.6444949070487666e-20,1.6445009126226475e-20,1.644506918116629e-20,1.644512923522022e-20,1.644518928852745e-20,1.6445249341021894e-20,1.6445309392711672e-20,1.6445369443620745e-20,1.6445429493690753e-20,1.6445489543019583e-20,1.644554959146663e-20,1.6445609639125375e-20,1.6445669685989884e-20,1.6445729732035628e-20,1.6445789777234927e-20,1.644584982167157e-20,1.644590986531373e-20,1.6445969908101974e-20,1.6446029950062114e-20,1.6446089991254642e-20,1.644615003159112e-20,1.6446210071141236e-20,1.6446270109802926e-20,1.6446330147723362e-20,1.6446390184839078e-20,1.6446450221154992e-20,1.644651025656884e-20,1.6446570291278716e-20,1.6446630325163248e-20,1.6446690358111403e-20,1.644675039034159e-20,1.644681042177996e-20,1.6446870452417228e-20,1.6446930482272513e-20,1.6446990511312675e-20,1.6447050539523954e-20,1.644711056691897e-20,1.6447170593508996e-20,1.6447230619285595e-20,1.644729064424951e-20,1.6447350668440492e-20,1.6447410691799095e-20,1.64474707143676e-20,1.6447530736122367e-20,1.6447590757102194e-20,1.6447650777214946e-20,1.6447710796562595e-20,1.6447770814892453e-20,1.6447830832607166e-20,1.644789084948869e-20,1.6447950865552035e-20,1.6448010880820164e-20,1.644807089527364e-20,1.6448130909228677e-20,1.6448190922043596e-20,1.6448250934063686e-20,1.6448310945322442e-20,1.6448370955740616e-20,1.64484309655842e-20,1.6448490974372136e-20,1.644855098234544e-20,1.644861098949945e-20,1.644867099584098e-20,1.6448731001403844e-20,1.6448791006170985e-20,1.644885101010465e-20,1.644891101322479e-20,1.644897101553746e-20,1.6449031017026085e-20,1.6449091017698868e-20,1.644915101758202e-20,1.644921101664336e-20,1.644927101494381e-20,1.6449331012392858e-20,1.6449391009048075e-20,1.6449451004883544e-20,1.64495109999078e-20,1.644957099417886e-20,1.6449630987493536e-20,1.6449690979924007e-20,1.6449750971724342e-20,1.644981096271559e-20,1.6449870952897726e-20,1.6449930942268016e-20,1.644999093114494e-20,1.6450050918884246e-20,1.6450110905851334e-20,1.6450170891987573e-20,1.6450230877331882e-20,1.6450290861846512e-20,1.6450350845549288e-20,1.645041082852809e-20,1.6450470810616098e-20,1.645053079190851e-20,1.645059077260634e-20,1.645065075228005e-20,1.6450710731058832e-20,1.6450770709108904e-20,1.645083068649355e-20,1.645089066291715e-20,1.6450950638536288e-20,1.6451010613371754e-20,1.645107058737658e-20,1.6451130560465527e-20,1.6451190532821843e-20,1.6451250504408677e-20,1.6451310475161915e-20,1.6451370445129063e-20,1.6451430414263045e-20,1.6451490382600484e-20,1.6451550350134554e-20,1.6451610316861397e-20,1.6451670282773242e-20,1.6451730247871783e-20,1.6451790212186258e-20,1.6451850175680007e-20,1.645191013825385e-20,1.6451970100129887e-20,1.6452030061206733e-20,1.6452090021515845e-20,1.645214998098651e-20,1.6452209940001755e-20,1.6452269897834224e-20,1.6452329854856466e-20,1.645238981110662e-20,1.645244976648698e-20,1.6452509720824654e-20,1.6452569674605345e-20,1.645262962752026e-20,1.6452689579739815e-20,1.6452749531095168e-20,1.6452809481687494e-20,1.6452869431405662e-20,1.6452929380338146e-20,1.6452989328465044e-20,1.6453049275805044e-20,1.645310922231143e-20,1.6453169168039728e-20,1.6453229112932376e-20,1.6453289056928922e-20,1.6453349000186985e-20,1.6453408942727284e-20,1.6453468884301796e-20,1.6453528825053276e-20,1.6453588765096348e-20,1.6453648704310148e-20,1.645370864276545e-20,1.6453768580736493e-20,1.6453828517572007e-20,1.6453888453573575e-20,1.6453948388762967e-20,1.6454008323121307e-20,1.6454068256691588e-20,1.6454128189455677e-20,1.6454188121718413e-20,1.6454248052950386e-20,1.6454307983292164e-20,1.6454367912831662e-20,1.6454427841803096e-20,1.6454487769723658e-20,1.645454769668841e-20,1.645460762298947e-20,1.645466754848521e-20,1.6454727473189337e-20,1.6454787396915425e-20,1.6454847320005057e-20,1.6454907242264916e-20,1.6454967163767416e-20,1.645502708441079e-20,1.645508700429807e-20,1.6455146923320256e-20,1.645520684157617e-20,1.6455266758965497e-20,1.645532667554424e-20,1.6455386591546394e-20,1.645544650658666e-20,1.6455506420768335e-20,1.64555663341455e-20,1.6455626246693236e-20,1.6455686158513815e-20,1.6455746069469534e-20,1.6455805979802305e-20,1.645586588913561e-20,1.6455925797615605e-20,1.6455985705388397e-20,1.6456045612288074e-20,1.645610551838572e-20,1.6456165423654324e-20,1.645622532819203e-20,1.6456285231830523e-20,1.6456345134720068e-20,1.6456405036778476e-20,1.6456464938016398e-20,1.6456524838476114e-20,1.645658473809423e-20,1.6456644636961404e-20,1.6456704534963797e-20,1.64567644321697e-20,1.645682432857016e-20,1.6456884224127647e-20,1.6456944118914594e-20,1.6457004012882398e-20,1.6457063906056388e-20,1.645712379842115e-20,1.645718368997973e-20,1.6457243580588527e-20,1.645730347044032e-20,1.645736335957479e-20,1.645742324789275e-20,1.6457483135248147e-20,1.64575430219581e-20,1.645760290775146e-20,1.6457662792819463e-20,1.6457722677103285e-20,1.6457782560581193e-20,1.645784244323882e-20,1.6457902325317937e-20,1.6457962206373136e-20,1.6458022086629213e-20,1.6458081966076613e-20,1.6458141844708132e-20,1.645820172256245e-20,1.6458261599571542e-20,1.6458321475608237e-20,1.6458381350879992e-20,1.6458441225465984e-20,1.645850109924535e-20,1.6458560972140276e-20,1.6458620844284583e-20,1.6458680715659447e-20,1.6458740586225292e-20,1.645880045596307e-20,1.645886032490163e-20,1.6458920193034304e-20,1.6458980060343476e-20,1.6459039926862782e-20,1.6459099792694248e-20,1.6459159657601443e-20,1.6459219521694688e-20,1.6459279384984767e-20,1.645933924737476e-20,1.6459399109085036e-20,1.6459458969938018e-20,1.645951882999671e-20,1.6459578689244946e-20,1.6459638547677525e-20,1.6459698405242397e-20,1.6459758261961883e-20,1.645981811817558e-20,1.64598779734034e-20,1.6459937827807695e-20,1.6459997681197585e-20,1.6460057533981682e-20,1.6460117385978483e-20,1.6460177237153033e-20,1.646023708728017e-20,1.646029693683575e-20,1.6460356785613864e-20,1.6460416633559095e-20,1.6460476480719266e-20,1.6460536327018433e-20,1.6460596172544994e-20,1.6460656017261425e-20,1.6460715861195195e-20,1.6460775704342107e-20,1.6460835546644933e-20,1.646089538813305e-20,1.6460955228807518e-20,1.6461015068454218e-20,1.6461074907525715e-20,1.6461134745709503e-20,1.646119458321343e-20,1.646125441990455e-20,1.6461314255743755e-20,1.6461374090780107e-20,1.6461433925004205e-20,1.6461493758445845e-20,1.6461553591495817e-20,1.6461613423302267e-20,1.6461673254296754e-20,1.646173308453513e-20,1.6461792913922555e-20,1.6461852742549063e-20,1.6461912570338908e-20,1.646197239726885e-20,1.6462032223320718e-20,1.6462092048421194e-20,1.646215187296371e-20,1.6462211696678532e-20,1.6462271519607778e-20,1.6462331341736767e-20,1.646239116305011e-20,1.646245098360659e-20,1.6462510803302672e-20,1.6462570622192674e-20,1.646263044025999e-20,1.646269025753474e-20,1.646275007395988e-20,1.6462809889625293e-20,1.6462869704506613e-20,1.6462929518600873e-20,1.6462989331690943e-20,1.6463049144135054e-20,1.646310895570356e-20,1.6463168766525765e-20,1.6463228576544242e-20,1.6463288385751228e-20,1.6463348194150886e-20,1.6463408001666183e-20,1.6463467808397483e-20,1.6463527614089425e-20,1.6463587419095157e-20,1.6463647223462264e-20,1.6463707027044087e-20,1.6463766829666027e-20,1.6463826631611656e-20,1.6463886432799488e-20,1.6463946233190323e-20,1.6464006032638267e-20,1.646406583135901e-20,1.646412562910734e-20,1.6464185426217467e-20,1.6464245222458707e-20,1.6464305017955964e-20,1.6464364812642865e-20,1.6464424606659474e-20,1.646448439973802e-20,1.6464544192004023e-20,1.6464603983386612e-20,1.6464663774039827e-20,1.6464723563938935e-20,1.6464783353001525e-20,1.6464843140895427e-20,1.6464902928368866e-20,1.646496271483767e-20,1.6465022500650675e-20,1.6465082285523268e-20,1.6465142069721426e-20,1.6465201853101568e-20,1.6465261635676314e-20,1.6465321417455617e-20,1.646538119842634e-20,1.6465440978919685e-20,1.646550075825612e-20,1.646556053680849e-20,1.6465620314146568e-20,1.6465680091024813e-20,1.646573986708474e-20,1.6465799642410502e-20,1.646585941699094e-20,1.6465919190589334e-20,1.6465978963489302e-20,1.64660387356015e-20,1.6466098506903422e-20,1.64661582773997e-20,1.6466218047075543e-20,1.646627781595024e-20,1.6466337584017576e-20,1.646639735125798e-20,1.6466457117716306e-20,1.6466516883367252e-20,1.646657664826436e-20,1.6466636412302622e-20,1.6466696175532437e-20,1.6466755937941414e-20,1.646681569956133e-20,1.64668754603998e-20,1.6466935220353045e-20,1.6466994979487664e-20,1.6467054738072542e-20,1.6467114495652446e-20,1.646717425243544e-20,1.6467234008416775e-20,1.646729376367616e-20,1.646735351802532e-20,1.646741327159108e-20,1.6467473024342446e-20,1.646753277611653e-20,1.6467592527243744e-20,1.646765227756633e-20,1.6467712027087464e-20,1.6467771775808478e-20,1.6467831523722948e-20,1.6467891270875488e-20,1.6467951017219023e-20,1.646801076273194e-20,1.646807050742113e-20,1.6468130251306628e-20,1.6468189994439345e-20,1.64682497367116e-20,1.646830947817792e-20,1.646836921883293e-20,1.6468428958916073e-20,1.646848869770115e-20,1.6468548435982758e-20,1.646860817341733e-20,1.6468667910045064e-20,1.646872764590429e-20,1.6468787380881164e-20,1.6468847115090194e-20,1.646890684849597e-20,1.6468966581096486e-20,1.6469026312895593e-20,1.646908604391919e-20,1.6469145774120993e-20,1.6469205503473666e-20,1.646926523204449e-20,1.646932495979302e-20,1.646938468674993e-20,1.6469444412910403e-20,1.646950413827726e-20,1.6469563862797983e-20,1.646962358654248e-20,1.6469683309471194e-20,1.6469743031619154e-20,1.646980275291817e-20,1.6469862473424454e-20,1.6469922193127364e-20,1.6469981912022015e-20,1.6470041630125543e-20,1.6470101347174684e-20,1.6470161063653894e-20,1.6470220779477822e-20,1.6470280494400754e-20,1.647034020846478e-20,1.64703999217017e-20,1.6470459634154283e-20,1.647051934580059e-20,1.6470579056578438e-20,1.647063876666036e-20,1.6470698475888853e-20,1.6470758184506357e-20,1.647081789220031e-20,1.6470877599015527e-20,1.6470937305026206e-20,1.6470997010274052e-20,1.6471056714676936e-20,1.647111641820483e-20,1.6471176120993967e-20,1.647123582274093e-20,1.6471295523914236e-20,1.647135522428037e-20,1.6471414923804075e-20,1.647147462258522e-20,1.6471534320486486e-20,1.6471594017635577e-20,1.647165371397685e-20,1.6471713409509762e-20,1.6471773104234008e-20,1.6471832798152754e-20,1.6471892491271517e-20,1.647195218335872e-20,1.647201187489806e-20,1.647207156558266e-20,1.6472131255478286e-20,1.6472190944571416e-20,1.647225063284359e-20,1.6472310320347806e-20,1.6472370007020166e-20,1.6472429692887508e-20,1.647248937795541e-20,1.6472549062212084e-20,1.6472608745671027e-20,1.647266842832676e-20,1.6472728110170212e-20,1.6472787791209474e-20,1.6472847471478673e-20,1.6472907150902772e-20,1.6472966829576275e-20,1.6473026507392514e-20,1.6473086184205196e-20,1.6473145860408035e-20,1.64732055358094e-20,1.6473265210417796e-20,1.6473324884197334e-20,1.6473384557169962e-20,1.6473444229348585e-20,1.647350390072705e-20,1.6473563571353318e-20,1.6473623241015765e-20,1.6473682909980704e-20,1.6473742577961652e-20,1.6473802245318972e-20,1.6473861911796175e-20,1.6473921577536604e-20,1.6473981242373318e-20,1.6474040906448676e-20,1.6474100569770775e-20,1.6474160232200922e-20,1.6474219893992497e-20,1.6474279554899357e-20,1.647433921502201e-20,1.6474398874315847e-20,1.6474458532806098e-20,1.6474518190468765e-20,1.647457784738538e-20,1.6474637503454793e-20,1.6474697158720676e-20,1.6474756813217722e-20,1.6474816466880792e-20,1.647487611972993e-20,1.6474935771739196e-20,1.647499542305115e-20,1.647505507340106e-20,1.6475114722875825e-20,1.6475174371736537e-20,1.6475234019742194e-20,1.647529366700884e-20,1.6475353313704283e-20,1.6475412959315235e-20,1.6475472604163032e-20,1.6475532248149824e-20,1.6475591891184752e-20,1.6475651533773343e-20,1.6475711175359972e-20,1.6475770816141926e-20,1.647583045611596e-20,1.6475890095369164e-20,1.6475949733726808e-20,1.6476009371282872e-20,1.64760690080351e-20,1.6476128643987127e-20,1.647618827917048e-20,1.6476247913481984e-20,1.6476307547055995e-20,1.6476367179776052e-20,1.6476426811712135e-20,1.6476486442854177e-20,1.647654607340594e-20,1.647660570303165e-20,1.6476665331726842e-20,1.6476724959657285e-20,1.647678458662363e-20,1.647684421291364e-20,1.6476903838005095e-20,1.647696346270164e-20,1.647702308648536e-20,1.6477082709593627e-20,1.6477142331889922e-20,1.647720195334553e-20,1.647726157407977e-20,1.6477321193937124e-20,1.647738081299876e-20,1.6477440431248548e-20,1.6477500048702986e-20,1.6477559665377967e-20,1.6477619281448973e-20,1.647767889647316e-20,1.6477738510694233e-20,1.647779812411249e-20,1.6477857736734153e-20,1.6477917348543503e-20,1.6477976959508343e-20,1.6478036569568076e-20,1.6478096178966075e-20,1.647815578756645e-20,1.647821539535768e-20,1.6478275002372044e-20,1.64783346085546e-20,1.6478394213911595e-20,1.64784538184824e-20,1.647851342225206e-20,1.64785730252212e-20,1.6478632627367725e-20,1.6478692229203443e-20,1.6478751829721716e-20,1.6478811429457662e-20,1.6478871028399052e-20,1.6478930626521752e-20,1.6478990223848025e-20,1.6479049820377477e-20,1.6479109416123365e-20,1.647916901097725e-20,1.647922860508601e-20,1.6479288198396247e-20,1.6479347790899326e-20,1.647940738269509e-20,1.6479466973590953e-20,1.6479526563793774e-20,1.6479586153088642e-20,1.6479645741691365e-20,1.647970532942243e-20,1.647976491630728e-20,1.6479824502368857e-20,1.647988408762538e-20,1.6479943672412923e-20,1.6480003256121626e-20,1.648006283896542e-20,1.6480122420994173e-20,1.6480182002157557e-20,1.6480241582553952e-20,1.64803011622026e-20,1.648036074102626e-20,1.6480420319032944e-20,1.648047989624471e-20,1.648053947265158e-20,1.6480599048690674e-20,1.64806586235076e-20,1.648071819750874e-20,1.6480777770701304e-20,1.6480837343096916e-20,1.6480896914690117e-20,1.648095648547874e-20,1.6481016055306e-20,1.6481075624491398e-20,1.6481135192787136e-20,1.6481194760368176e-20,1.648125432760659e-20,1.6481313893564126e-20,1.6481373458693867e-20,1.6481433022868615e-20,1.6481492586422048e-20,1.648155214913557e-20,1.6481611711083682e-20,1.6481671272236124e-20,1.6481730832545323e-20,1.6481790392116107e-20,1.6481849950885215e-20,1.6481909508841134e-20,1.6481969066036206e-20,1.6482028622272105e-20,1.6482088177817548e-20,1.648214773235388e-20,1.6482207286233232e-20,1.64822668392623e-20,1.6482326391560407e-20,1.6482385943033742e-20,1.648244549372845e-20,1.6482505043640827e-20,1.648256459264696e-20,1.6482624141009482e-20,1.6482683688709984e-20,1.648274323536417e-20,1.6482802781292254e-20,1.648286232634804e-20,1.6482921870603522e-20,1.6482981414061297e-20,1.6483040956642864e-20,1.6483100498791815e-20,1.648316003984206e-20,1.648321958001926e-20,1.648327911963497e-20,1.6483338658272094e-20,1.6483398196106045e-20,1.6483457732996366e-20,1.6483517269214675e-20,1.6483576804632694e-20,1.648363633925759e-20,1.6483695873084585e-20,1.6483755406032584e-20,1.648381493826361e-20,1.6483874469698708e-20,1.6483934000294144e-20,1.6483993530096266e-20,1.6484053059080903e-20,1.6484112587258205e-20,1.648417211462739e-20,1.6484231641218896e-20,1.6484291166998708e-20,1.648435069202134e-20,1.648441021619865e-20,1.6484469739545814e-20,1.648452926210617e-20,1.6484588783854815e-20,1.6484648304730863e-20,1.6484707824884614e-20,1.6484767344063033e-20,1.648482686258905e-20,1.648488638037179e-20,1.648494589731174e-20,1.6485005413452874e-20,1.648506492879854e-20,1.6485124443319802e-20,1.6485183957046888e-20,1.648524346993691e-20,1.648530298205425e-20,1.6485362493370797e-20,1.648542200407527e-20,1.648548151375147e-20,1.6485541022464476e-20,1.6485600530563113e-20,1.648566003786435e-20,1.6485719544387942e-20,1.6485779050091967e-20,1.6485838554970555e-20,1.6485898058996813e-20,1.648595756215173e-20,1.648601706463031e-20,1.6486076566308437e-20,1.648613606718747e-20,1.648619556726105e-20,1.6486255066511503e-20,1.648631456497418e-20,1.648637406254052e-20,1.6486433559397232e-20,1.6486493055425618e-20,1.648655255071139e-20,1.6486612045100594e-20,1.6486671538652023e-20,1.6486731031522955e-20,1.648679052339567e-20,1.6486850014653426e-20,1.648690950508746e-20,1.6486968994718072e-20,1.648702848348899e-20,1.6487087971254667e-20,1.6487147458472296e-20,1.6487206944805797e-20,1.6487266430312226e-20,1.6487325915125066e-20,1.6487385399168673e-20,1.648744488233105e-20,1.6487504364711627e-20,1.6487563846127765e-20,1.6487623326802784e-20,1.64876828067945e-20,1.6487742285997683e-20,1.648780176437929e-20,1.6487861241962946e-20,1.648792071871577e-20,1.6487980194693512e-20,1.648803966986832e-20,1.6488099144225587e-20,1.6488158617794596e-20,1.648821809056125e-20,1.6488277562552983e-20,1.6488337033684972e-20,1.6488396504031253e-20,1.648845597378702e-20,1.648851544243258e-20,1.6488574910378348e-20,1.6488634377730593e-20,1.648869384404907e-20,1.6488753309578046e-20,1.6488812774314258e-20,1.6488872238243323e-20,1.6488931701313742e-20,1.648899116363975e-20,1.648905062516888e-20,1.6489110085888746e-20,1.6489169545806375e-20,1.648922900470401e-20,1.6489288463023663e-20,1.6489347920536137e-20,1.6489407377195674e-20,1.6489466833100664e-20,1.648952628815111e-20,1.6489585742460495e-20,1.6489645195946367e-20,1.6489704648650023e-20,1.6489764100470387e-20,1.6489823551531844e-20,1.64898830018176e-20,1.6489942451306724e-20,1.649000189991451e-20,1.649006134777611e-20,1.649012079482486e-20,1.6490180241061615e-20,1.649023968642994e-20,1.649029913110042e-20,1.6490358574993546e-20,1.6490418018060702e-20,1.649047746028224e-20,1.6490536901745254e-20,1.649059634242874e-20,1.649065578228637e-20,1.6490715221332093e-20,1.6490774659295096e-20,1.6490834096723696e-20,1.6490893533411342e-20,1.6490952969250096e-20,1.6491012404113477e-20,1.6491071838294925e-20,1.6491131272000386e-20,1.6491190704593063e-20,1.6491250136403848e-20,1.6491309567447503e-20,1.6491368997661388e-20,1.6491428427034867e-20,1.649148785567447e-20,1.649154728350401e-20,1.6491606710523294e-20,1.6491666136732684e-20,1.6491725562132395e-20,1.649178498672418e-20,1.6491844410608175e-20,1.649190383399179e-20,1.6491963256221284e-20,1.6492022677654788e-20,1.6492082098254338e-20,1.649214151804298e-20,1.6492200937010414e-20,1.6492260355201507e-20,1.6492319772588103e-20,1.6492379189172237e-20,1.6492438604954407e-20,1.6492498019931225e-20,1.6492557434104392e-20,1.6492616847498036e-20,1.6492676260486967e-20,1.6492735672201516e-20,1.649279508354817e-20,1.6492854493753572e-20,1.6492913903174338e-20,1.6492973311770268e-20,1.6493032719530113e-20,1.649309212647342e-20,1.6493151532615772e-20,1.6493210937920706e-20,1.649327034275605e-20,1.649332974649044e-20,1.649338914949239e-20,1.6493448551638296e-20,1.6493507952980677e-20,1.649356735319021e-20,1.6493626752899984e-20,1.649368615178694e-20,1.649374554992175e-20,1.649380494727905e-20,1.6493864343797294e-20,1.6493923739563145e-20,1.6493983134481704e-20,1.6494042528603822e-20,1.6494101921925177e-20,1.6494161314461616e-20,1.6494220706186358e-20,1.6494280097146965e-20,1.6494339487278577e-20,1.6494398876586637e-20,1.6494458265097155e-20,1.649451765283449e-20,1.6494577039747142e-20,1.6494636425775196e-20,1.6494695811077716e-20,1.64947551955676e-20,1.649481457925311e-20,1.6494873962176597e-20,1.6494933344144366e-20,1.6494992725364917e-20,1.6495052105865284e-20,1.6495111485559527e-20,1.6495170864445387e-20,1.6495230242502032e-20,1.6495289619787706e-20,1.6495348996571483e-20,1.6495408372343512e-20,1.6495467747202057e-20,1.649552712132925e-20,1.6495586494473018e-20,1.649564586694675e-20,1.6495705238893407e-20,1.6495764609730306e-20,1.6495823979799392e-20,1.649588334906444e-20,1.6495942717502697e-20,1.6496002085191694e-20,1.6496061452054253e-20,1.649612081808078e-20,1.6496180183368003e-20,1.6496239547824603e-20,1.649629891148044e-20,1.6496358274432544e-20,1.6496417636403955e-20,1.6496476997644686e-20,1.6496536358144677e-20,1.6496595717825104e-20,1.6496655076575252e-20,1.649671443464037e-20,1.6496773791990982e-20,1.6496833148350444e-20,1.6496892503987552e-20,1.649695185882515e-20,1.6497011212655465e-20,1.64970705659414e-20,1.649712991837257e-20,1.6497189270004466e-20,1.64972486207181e-20,1.6497307970791928e-20,1.6497367319889902e-20,1.6497426668316982e-20,1.6497486015943582e-20,1.6497545362763593e-20,1.6497604708800865e-20,1.649766405400806e-20,1.6497723398496622e-20,1.6497782742116635e-20,1.649784208493261e-20,1.649790142694371e-20,1.6497960768128436e-20,1.6498020108541038e-20,1.6498079448166223e-20,1.6498138786999154e-20,1.6498198125025637e-20,1.649825746222729e-20,1.649831679862883e-20,1.64983761342348e-20,1.649843546903865e-20,1.6498494802960292e-20,1.6498554136202492e-20,1.6498613468532917e-20,1.6498672800240728e-20,1.649873213097503e-20,1.6498791460976352e-20,1.6498850790172705e-20,1.6498910118562205e-20,1.6498969446168354e-20,1.649902877295454e-20,1.6499088098979582e-20,1.649914742416518e-20,1.649920674856142e-20,1.649926607212656e-20,1.6499325394908365e-20,1.649938471689035e-20,1.649944403807083e-20,1.6499503358452018e-20,1.649956267803155e-20,1.6499621996818453e-20,1.6499681315139913e-20,1.6499740632284302e-20,1.6499799948724463e-20,1.6499859264296932e-20,1.6499918579072172e-20,1.649997789304467e-20,1.6500037206251145e-20,1.650009651856016e-20,1.6500155830121795e-20,1.6500215140890296e-20,1.6500274450857798e-20,1.6500333760122013e-20,1.6500393068537257e-20,1.6500452376099765e-20,1.6500511682870292e-20,1.6500570988761455e-20,1.6500630293917824e-20,1.650068959826481e-20,1.650074890185727e-20,1.6500808204588918e-20,1.6500867506545153e-20,1.650092680769062e-20,1.6500986108045982e-20,1.6501045407651713e-20,1.650110470640444e-20,1.6501164004379043e-20,1.6501223301545755e-20,1.6501282597756083e-20,1.6501341893303316e-20,1.650140118805459e-20,1.6501460482073017e-20,1.650151977522539e-20,1.650157906755727e-20,1.6501638359097956e-20,1.6501697649817392e-20,1.650175693980962e-20,1.6501816229363892e-20,1.6501875517690128e-20,1.6501934805232568e-20,1.6501994091982743e-20,1.6502053377956537e-20,1.6502112663095626e-20,1.650217194744696e-20,1.6502231230964052e-20,1.6502290513644108e-20,1.650234979558074e-20,1.650240907677536e-20,1.6502468357110332e-20,1.650252763668652e-20,1.6502586915208398e-20,1.6502646193139276e-20,1.6502705470280132e-20,1.6502764746819882e-20,1.6502824022352228e-20,1.6502883296893256e-20,1.650294257084473e-20,1.650300184398726e-20,1.6503061116316426e-20,1.650312038783675e-20,1.650317965854818e-20,1.6503238928403666e-20,1.6503298197502215e-20,1.650335746584661e-20,1.650341673340305e-20,1.650347599999752e-20,1.650353526593801e-20,1.6503594531113795e-20,1.6503653795329088e-20,1.650371305882752e-20,1.6503772321548427e-20,1.6503831583471945e-20,1.6503890844594243e-20,1.6503950104851558e-20,1.6504009364366468e-20,1.6504068623088603e-20,1.6504127881003848e-20,1.6504187138045642e-20,1.6504246394423093e-20,1.6504305649521383e-20,1.6504364904203943e-20,1.6504424158122267e-20,1.6504483411258034e-20,1.6504542663576106e-20,1.6504601915104748e-20,1.6504661165697246e-20,1.6504720415606774e-20,1.6504779664723276e-20,1.650483891303426e-20,1.6504898160609014e-20,1.6504957407347967e-20,1.6505016653262966e-20,1.6505075898383196e-20,1.650513514269258e-20,1.650519438621086e-20,1.650525362892284e-20,1.650531287083008e-20,1.6505372111854e-20,1.650543135220485e-20,1.6505490591715395e-20,1.6505549830456383e-20,1.6505609068373016e-20,1.650566830547899e-20,1.6505727541793127e-20,1.6505786777301974e-20,1.650584601201505e-20,1.6505905245941857e-20,1.6505964479044366e-20,1.6506023711355053e-20,1.650608294286834e-20,1.6506142173582565e-20,1.6506201403501617e-20,1.6506260632445396e-20,1.6506319860757133e-20,1.6506379088270988e-20,1.6506438315022228e-20,1.650649754095395e-20,1.650655676606319e-20,1.6506615990288534e-20,1.6506675213689556e-20,1.6506734436402205e-20,1.6506793658323743e-20,1.650685287942645e-20,1.6506912099727658e-20,1.6506971319291463e-20,1.6507030537814116e-20,1.6507089755713825e-20,1.6507148972878153e-20,1.650720818919737e-20,1.6507267404709992e-20,1.6507326619426785e-20,1.6507385833344296e-20,1.6507445046243953e-20,1.6507504258330925e-20,1.6507563469827127e-20,1.650762268053243e-20,1.6507681890303256e-20,1.650774109922989e-20,1.6507800307961053e-20,1.6507859515476448e-20,1.6507918722190416e-20,1.6507977928366264e-20,1.650803713349646e-20,1.6508096337862136e-20,1.6508155541412035e-20,1.6508214744279634e-20,1.6508273946100966e-20,1.6508333147215675e-20,1.6508392347546084e-20,1.6508451547060595e-20,1.6508510745780978e-20,1.6508569943692714e-20,1.6508629140811043e-20,1.6508688337134754e-20,1.6508747532654563e-20,1.6508806727349933e-20,1.650886592121867e-20,1.6508925114335413e-20,1.6508984306653593e-20,1.6509043498180558e-20,1.6509102688905287e-20,1.6509161878830273e-20,1.650922106794986e-20,1.65092802563074e-20,1.6509339443816638e-20,1.650939863053812e-20,1.6509457816408452e-20,1.6509517001530027e-20,1.650957618583631e-20,1.6509635369378074e-20,1.6509694552039878e-20,1.650975373397752e-20,1.650981291503391e-20,1.6509872095354506e-20,1.650993127487948e-20,1.650999045360648e-20,1.6510049631534506e-20,1.6510108808785055e-20,1.6510167985066787e-20,1.6510227160683058e-20,1.651028633527405e-20,1.651034550922914e-20,1.6510404682332615e-20,1.651046385469293e-20,1.6510523026213134e-20,1.6510582196876404e-20,1.65106413668038e-20,1.6510700535981544e-20,1.6510759704371763e-20,1.6510818871730224e-20,1.651087803846789e-20,1.651093720440473e-20,1.6510996369539377e-20,1.6511055533815752e-20,1.6511114697360788e-20,1.651117385995126e-20,1.651123302188791e-20,1.6511292183049985e-20,1.6511351343422013e-20,1.6511410503067787e-20,1.651146966185862e-20,1.651152881979641e-20,1.6511587976928482e-20,1.6511647133251013e-20,1.6511706288805176e-20,1.651176544354717e-20,1.6511824597339453e-20,1.6511883750488162e-20,1.6511942902882154e-20,1.6512002054467587e-20,1.6512061205244544e-20,1.651212035506514e-20,1.6512179504218414e-20,1.6512238652581323e-20,1.6512297799979706e-20,1.6512356946735144e-20,1.651241609262516e-20,1.6512475237768985e-20,1.6512534382221056e-20,1.6512593525693006e-20,1.6512652668476445e-20,1.6512711810461463e-20,1.6512770951591422e-20,1.6512830091954563e-20,1.6512889231558163e-20,1.6512948370347804e-20,1.65130075082928e-20,1.6513066645621267e-20,1.6513125781990333e-20,1.6513184917459563e-20,1.6513244052236078e-20,1.6513303186203416e-20,1.6513362319582945e-20,1.6513421451950125e-20,1.6513480583570086e-20,1.6513539714334774e-20,1.6513598844028194e-20,1.6513657973256794e-20,1.6513717101633546e-20,1.6513776229237524e-20,1.6513835356016657e-20,1.6513894481980084e-20,1.6513953607129576e-20,1.651401273153121e-20,1.651407185510656e-20,1.651413097789432e-20,1.6514190099866834e-20,1.651424922103381e-20,1.6514308341409867e-20,1.651436746100114e-20,1.65144265798563e-20,1.651448569796347e-20,1.6514544815179364e-20,1.6514603931595417e-20,1.651466304719015e-20,1.651472216199431e-20,1.651478127599007e-20,1.651484038919123e-20,1.6514899501590742e-20,1.6514958613195695e-20,1.6515017723949788e-20,1.6515076833986328e-20,1.6515135943204277e-20,1.6515195051653586e-20,1.651525415926292e-20,1.651531326609763e-20,1.651537237217888e-20,1.651543147738064e-20,1.6515490581796265e-20,1.651554968539494e-20,1.651560878821408e-20,1.6515667890244958e-20,1.651572699136553e-20,1.65157860917838e-20,1.651584519145916e-20,1.6515904290257832e-20,1.6515963388288862e-20,1.6516022485523233e-20,1.6516081581962915e-20,1.6516140677602622e-20,1.651619977243869e-20,1.6516258866460848e-20,1.6516317959639362e-20,1.651637705206717e-20,1.651643614375943e-20,1.6516495234583067e-20,1.6516554324616642e-20,1.6516613413838224e-20,1.6516672502181028e-20,1.6516731589828617e-20,1.6516790676676536e-20,1.651684976267962e-20,1.6516908847964175e-20,1.651696793246094e-20,1.6517027016113547e-20,1.6517086098958842e-20,1.6517145181026413e-20,1.651720426228373e-20,1.6517263342747795e-20,1.651732242237763e-20,1.6517381501281914e-20,1.651744057918333e-20,1.6517499656487347e-20,1.651755873261468e-20,1.6517617808495338e-20,1.6517676883367962e-20,1.6517735957470723e-20,1.6517795030800828e-20,1.6517854103190297e-20,1.651791317483661e-20,1.6517972245719596e-20,1.6518031315660585e-20,1.6518090384952093e-20,1.6518149453343614e-20,1.6518208521043823e-20,1.651826758793894e-20,1.651832665402963e-20,1.6518385719274103e-20,1.651844478380546e-20,1.6518503847500654e-20,1.6518562910402327e-20,1.6518621972504992e-20,1.6518681033816515e-20,1.6518740094359264e-20,1.6518799153970266e-20,1.651885821286242e-20,1.6518917270969256e-20,1.6518976328333784e-20,1.6519035384901443e-20,1.6519094440750987e-20,1.6519153495707684e-20,1.6519212550049685e-20,1.6519271603375147e-20,1.651933065589594e-20,1.6519389707605417e-20,1.6519448758428232e-20,1.65195078085592e-20,1.651956685787945e-20,1.6519625906409634e-20,1.6519684954236584e-20,1.651974400116039e-20,1.6519803047329385e-20,1.6519862092661575e-20,1.6519921137204448e-20,1.6519980180805835e-20,1.6520039223750552e-20,1.652009826594045e-20,1.6520157307489873e-20,1.6520216348052733e-20,1.6520275387796922e-20,1.652033442682443e-20,1.652039346499601e-20,1.6520452502368753e-20,1.652051153886349e-20,1.6520570574638454e-20,1.652062960953315e-20,1.6520688643816228e-20,1.6520747677218588e-20,1.6520806710019568e-20,1.6520865741825034e-20,1.652092477285899e-20,1.6520983803016115e-20,1.6521042832341342e-20,1.6521101861247174e-20,1.6521160889045737e-20,1.6521219916065093e-20,1.6521278942261467e-20,1.6521337967670766e-20,1.6521396992264486e-20,1.6521456016060148e-20,1.652151503910645e-20,1.652157406128293e-20,1.6521633082673986e-20,1.6521692103297585e-20,1.6521751123098574e-20,1.652181014211716e-20,1.652186916033862e-20,1.6521928177763728e-20,1.6521987194244622e-20,1.65220462100675e-20,1.6522105225082992e-20,1.652216423931668e-20,1.652222325280694e-20,1.6522282265449264e-20,1.6522341277271116e-20,1.652240028826271e-20,1.6522459298494648e-20,1.652251830815208e-20,1.652257731689367e-20,1.652263632445457e-20,1.652269533153144e-20,1.652275433790292e-20,1.6522813343364552e-20,1.6522872348043903e-20,1.6522931351918613e-20,1.6522990354987104e-20,1.6523049357189643e-20,1.6523108358667927e-20,1.6523167359279958e-20,1.652322635918733e-20,1.6523285358268004e-20,1.6523344356561826e-20,1.6523403354048048e-20,1.6523462350736972e-20,1.65235213466082e-20,1.652358034175523e-20,1.652363933609122e-20,1.6523698329624437e-20,1.6523757322367593e-20,1.6523816314277156e-20,1.652387530542185e-20,1.652393429573524e-20,1.6523993285292138e-20,1.6524052274008283e-20,1.6524111261840617e-20,1.6524170248987436e-20,1.6524229235376477e-20,1.6524288220830426e-20,1.6524347205566477e-20,1.6524406189470597e-20,1.652446517260709e-20,1.652452415488177e-20,1.652458313636189e-20,1.652464211710019e-20,1.6524701097044824e-20,1.6524760076191517e-20,1.652481905475496e-20,1.6524878032346125e-20,1.6524937009099516e-20,1.6524995985110458e-20,1.6525054960213776e-20,1.652511393458112e-20,1.652517290815133e-20,1.6525231880834676e-20,1.6525290852826464e-20,1.6525349823992203e-20,1.6525408794393913e-20,1.6525467763979083e-20,1.6525526732800652e-20,1.6525585700804107e-20,1.6525644667998172e-20,1.6525703634440496e-20,1.6525762600040598e-20,1.6525821564860563e-20,1.652588052887028e-20,1.6525939491980693e-20,1.6525998454433808e-20,1.6526057416051192e-20,1.652611637687301e-20,1.6526175336891314e-20,1.6526234296122745e-20,1.6526293254565e-20,1.6526352212245945e-20,1.6526411168989405e-20,1.652647012528341e-20,1.652652908055506e-20,1.652658803499449e-20,1.6526646988633068e-20,1.6526705941503035e-20,1.6526764893550925e-20,1.6526823844749224e-20,1.6526882794973772e-20,1.6526941744672768e-20,1.652700069355624e-20,1.652705964162527e-20,1.6527118588895343e-20,1.6527177535351395e-20,1.6527236481063423e-20,1.652729542593523e-20,1.6527354370026e-20,1.6527413313295312e-20,1.6527472255785065e-20,1.6527531197503584e-20,1.6527590138397e-20,1.652764907849888e-20,1.652770801777166e-20,1.6527766956224278e-20,1.6527825893935133e-20,1.6527884830886473e-20,1.6527943767004428e-20,1.6528002702328433e-20,1.6528061636853023e-20,1.6528120570469682e-20,1.65281795034163e-20,1.6528238435554604e-20,1.6528297366918584e-20,1.652835629746211e-20,1.6528415227191336e-20,1.6528474156119776e-20,1.652853308415438e-20,1.652859201150575e-20,1.6528650938050855e-20,1.6528709863799612e-20,1.6528768788775123e-20,1.6528827712872377e-20,1.6528886636247024e-20,1.652894555882025e-20,1.652900448062464e-20,1.652906340160699e-20,1.652912232179863e-20,1.652918124110519e-20,1.6529240159690345e-20,1.6529299077487924e-20,1.6529357994521345e-20,1.652941691093277e-20,1.6529475826341428e-20,1.652953474097475e-20,1.652959365467451e-20,1.6529652567689974e-20,1.6529711479855908e-20,1.652977039125457e-20,1.6529829301896193e-20,1.6529888211623127e-20,1.6529947120545148e-20,1.6530006028560733e-20,1.653006493600656e-20,1.653012384265464e-20,1.6530182748512802e-20,1.653024165363782e-20,1.6530300557899677e-20,1.65303594613003e-20,1.6530418364020948e-20,1.6530477265892497e-20,1.6530536167018592e-20,1.6530595067131445e-20,1.653065396687145e-20,1.6530712865541955e-20,1.6530771763442306e-20,1.6530830660578406e-20,1.6530889556918535e-20,1.653094845237849e-20,1.653100734710405e-20,1.653106624094565e-20,1.6531125133956025e-20,1.6531184026267352e-20,1.6531242917732954e-20,1.6531301808381156e-20,1.6531360698311065e-20,1.65314195874464e-20,1.653147847580307e-20,1.6531537363269396e-20,1.6531596250016558e-20,1.6531655135941134e-20,1.653171402109194e-20,1.653177290534273e-20,1.6531831788909606e-20,1.6531890671568647e-20,1.6531949553531612e-20,1.6532008434689903e-20,1.6532067315077743e-20,1.653212619463243e-20,1.6532185073436024e-20,1.653224395142642e-20,1.6532302828996334e-20,1.653236170539316e-20,1.653242058099656e-20,1.6532479455758308e-20,1.653253832975367e-20,1.6532597203002886e-20,1.6532656075421078e-20,1.6532714946923092e-20,1.6532773817577144e-20,1.6532832687610252e-20,1.6532891556831656e-20,1.653295042527191e-20,1.653300929294334e-20,1.6533068159787544e-20,1.6533127025832427e-20,1.6533185891094414e-20,1.6533244755559234e-20,1.6533303619225218e-20,1.6533362482094158e-20,1.6533421344160865e-20,1.6533480205439872e-20,1.653353906592867e-20,1.6533597925606257e-20,1.653365678449385e-20,1.6533715642584266e-20,1.653377449988488e-20,1.6533833356387622e-20,1.6533892212133355e-20,1.6533951067043967e-20,1.653400992116664e-20,1.653406877443045e-20,1.653412762695328e-20,1.653418647863192e-20,1.6534245329549247e-20,1.653430417972005e-20,1.653436302898205e-20,1.653442187754489e-20,1.6534480725132227e-20,1.6534539572070428e-20,1.6534598418233687e-20,1.6534657263598723e-20,1.6534716108170312e-20,1.653477495196423e-20,1.653483379545986e-20,1.6534892637618672e-20,1.6534951478932547e-20,1.65350103195338e-20,1.6535069159331395e-20,1.6535127998391972e-20,1.6535186836373678e-20,1.6535245673783272e-20,1.6535304510379047e-20,1.6535363346198118e-20,1.6535422181262922e-20,1.653548101542585e-20,1.6535539848792387e-20,1.6535598681405522e-20,1.6535657513270217e-20,1.6535716344318184e-20,1.653577517456392e-20,1.6535834004018723e-20,1.653589283266619e-20,1.6535951660571333e-20,1.6536010487581308e-20,1.6536069313848525e-20,1.6536128139424333e-20,1.6536186964105396e-20,1.6536245787994676e-20,1.6536304611119413e-20,1.6536363433413626e-20,1.6536422254907603e-20,1.6536481075523283e-20,1.6536539895391965e-20,1.6536598714557815e-20,1.653665753286325e-20,1.653671635032717e-20,1.653677516706261e-20,1.6536833982990002e-20,1.65368927981409e-20,1.6536951612537357e-20,1.6537010426087075e-20,1.6537069238866228e-20,1.6537128050825732e-20,1.65371868619833e-20,1.653724567234976e-20,1.6537304481967038e-20,1.6537363290793746e-20,1.6537422098829364e-20,1.6537480906026335e-20,1.6537539712434653e-20,1.6537598518039263e-20,1.6537657322864836e-20,1.6537716126869943e-20,1.6537774930084112e-20,1.6537833732261403e-20,1.653789253388391e-20,1.65379513347377e-20,1.6538010134698195e-20,1.6538068933931277e-20,1.6538127732370982e-20,1.653818652999689e-20,1.6538245326907537e-20,1.6538304122946398e-20,1.6538362918208087e-20,1.6538421712679642e-20,1.6538480506338707e-20,1.6538539299263132e-20,1.6538598091288503e-20,1.6538656882577823e-20,1.6538715673113168e-20,1.6538774462812945e-20,1.653883325170836e-20,1.6538892039852204e-20,1.6538950827167193e-20,1.653900961367722e-20,1.6539068399399032e-20,1.653912718432557e-20,1.6539185968473938e-20,1.6539244751791994e-20,1.653930353435553e-20,1.653936231610112e-20,1.653942109707861e-20,1.6539479877191238e-20,1.6539538656541035e-20,1.6539597435084604e-20,1.6539656212844995e-20,1.653971498980108e-20,1.6539773765978082e-20,1.653983254170091e-20,1.6539891316255105e-20,1.6539950090247576e-20,1.654000886324503e-20,1.6540067635450614e-20,1.6540126406898347e-20,1.6540185177524735e-20,1.6540243947354518e-20,1.654030271640221e-20,1.6540361484645953e-20,1.654042025206735e-20,1.6540479018720384e-20,1.654053778457424e-20,1.654059654964369e-20,1.654065531388815e-20,1.6540714077358055e-20,1.654077284006526e-20,1.654083160194766e-20,1.6540890363034035e-20,1.6540949123329436e-20,1.654100788282748e-20,1.6541066641533088e-20,1.6541125399437896e-20,1.6541184156554745e-20,1.6541242912883486e-20,1.6541301668393743e-20,1.6541360423126896e-20,1.6541419177040737e-20,1.6541477930209608e-20,1.6541536682556465e-20,1.6541595434109134e-20,1.6541654184862067e-20,1.6541712934820554e-20,1.654177168398047e-20,1.6541830432354406e-20,1.6541889179920645e-20,1.654194792672683e-20,1.654200667251614e-20,1.6542065417753016e-20,1.6542124162150885e-20,1.6542182905649397e-20,1.6542241648464586e-20,1.654230039049457e-20,1.6542359131724432e-20,1.6542417872097858e-20,1.6542476611738542e-20,1.65425353505868e-20,1.6542594088634297e-20,1.6542652825893124e-20,1.6542711562317237e-20,1.6542770297894396e-20,1.6542829032689047e-20,1.6542887766796628e-20,1.6542946500272362e-20,1.6543005232771274e-20,1.6543063964457515e-20,1.654312269536965e-20,1.6543181425513707e-20,1.6543240154827507e-20,1.654329888327754e-20,1.654335761100105e-20,1.6543416337936276e-20,1.6543475064070284e-20,1.6543533789472288e-20,1.6543592514022695e-20,1.654365123783726e-20,1.6543709960906214e-20,1.6543768683114404e-20,1.6543827404595627e-20,1.6543886125123852e-20,1.6543944844922053e-20,1.6544003563961827e-20,1.654406228196365e-20,1.6544120999338104e-20,1.6544179715934953e-20,1.6544238431739534e-20,1.6544297146756885e-20,1.6544355860919e-20,1.654441457435065e-20,1.6544473286987763e-20,1.654453199885018e-20,1.654459070988712e-20,1.6544649420129667e-20,1.6544708129355548e-20,1.654476683797518e-20,1.654482554584145e-20,1.654488425288201e-20,1.6544942959165403e-20,1.6545001664678952e-20,1.6545060369375452e-20,1.6545119073298667e-20,1.6545177776360113e-20,1.6545236478682817e-20,1.6545295180202035e-20,1.654535388097712e-20,1.6545412580659383e-20,1.6545471279823595e-20,1.6545529978200336e-20,1.654558867575467e-20,1.6545647372578462e-20,1.6545706068541306e-20,1.6545764763712695e-20,1.654582345809418e-20,1.6545882151676132e-20,1.654594084439684e-20,1.6545999536397307e-20,1.6546058227569822e-20,1.654611691800542e-20,1.654617560758826e-20,1.6546234296505025e-20,1.6546292984553408e-20,1.6546351671785912e-20,1.654641035822178e-20,1.654646904386122e-20,1.6546527728712208e-20,1.654658641278311e-20,1.6546645096054282e-20,1.65467037785298e-20,1.654676246021288e-20,1.6546821141085544e-20,1.6546879821148572e-20,1.6546938500442357e-20,1.6546997178943388e-20,1.6547055856675902e-20,1.6547114533410602e-20,1.654717320955892e-20,1.6547231884880687e-20,1.6547290559423694e-20,1.6547349233154175e-20,1.6547407906100784e-20,1.6547466578118595e-20,1.6547525249496796e-20,1.6547583920064084e-20,1.6547642589837483e-20,1.654770125881756e-20,1.6547759927001718e-20,1.6547818594377298e-20,1.654787726092503e-20,1.6547935926782663e-20,1.6547994591794775e-20,1.6548053256014692e-20,1.6548111919440442e-20,1.654817058206992e-20,1.654822924390495e-20,1.6548287904935838e-20,1.654834656518057e-20,1.6548405224692784e-20,1.654846388334605e-20,1.654852254115071e-20,1.6548581198115055e-20,1.654863985443359e-20,1.654869850993372e-20,1.6548757164632093e-20,1.6548815818530695e-20,1.6548874471637033e-20,1.654893312396565e-20,1.6548991775497736e-20,1.6549050426148727e-20,1.654910907609736e-20,1.6549167725247736e-20,1.6549226373613647e-20,1.654928502111297e-20,1.6549343667879253e-20,1.6549402313851305e-20,1.6549460959015505e-20,1.654951960340577e-20,1.6549578246923842e-20,1.6549636889752716e-20,1.6549695532055707e-20,1.6549754173252034e-20,1.6549812813773963e-20,1.6549871453391434e-20,1.6549930092219812e-20,1.654998873025948e-20,1.6550047367576938e-20,1.655010600405288e-20,1.6550164639691872e-20,1.6550223274564694e-20,1.6550281908667412e-20,1.6550340541925332e-20,1.6550399174420744e-20,1.6550457806101337e-20,1.6550516437028942e-20,1.655057506713889e-20,1.6550633696421385e-20,1.655069232494649e-20,1.6550750952676275e-20,1.655080957959937e-20,1.6550868205862553e-20,1.655092683122028e-20,1.6550985455810675e-20,1.6551044079568946e-20,1.6551102702600768e-20,1.6551161324814826e-20,1.655121994620284e-20,1.6551278566779062e-20,1.6551337186588602e-20,1.6551395805598204e-20,1.6551454423818223e-20,1.655151304115819e-20,1.6551571657754088e-20,1.6551630273536737e-20,1.655168888857917e-20,1.6551747503046292e-20,1.655180611650559e-20,1.655186472916266e-20,1.6551923341059422e-20,1.655198195185787e-20,1.6552040562138946e-20,1.6552099171596035e-20,1.6552157780308625e-20,1.655221638823155e-20,1.6552274995406864e-20,1.6552333601729138e-20,1.655239220721759e-20,1.655245081197241e-20,1.6552509415926125e-20,1.6552568019080058e-20,1.6552626621423327e-20,1.6552685222989318e-20,1.6552743823780895e-20,1.6552802423759038e-20,1.6552861022932103e-20,1.6552919621239237e-20,1.6552978218838977e-20,1.6553036815654385e-20,1.655309541168674e-20,1.6553154006920005e-20,1.655321260122647e-20,1.655327119481506e-20,1.655332978760543e-20,1.6553388379666715e-20,1.6553446970824117e-20,1.6553505561265576e-20,1.655356415093949e-20,1.6553622739848228e-20,1.6553681327953846e-20,1.655373991535694e-20,1.655379850186331e-20,1.6553857087585353e-20,1.6553915672499902e-20,1.655397425663788e-20,1.655403283997855e-20,1.6554091422524723e-20,1.6554150004275663e-20,1.6554208585238218e-20,1.6554267165436964e-20,1.6554325744812195e-20,1.655438432339376e-20,1.6554442901186675e-20,1.6554501478200246e-20,1.655456005440926e-20,1.655461862981686e-20,1.6554677204443365e-20,1.655473577827987e-20,1.6554794351311612e-20,1.6554852923549924e-20,1.655491149499319e-20,1.655497006563775e-20,1.655502863559582e-20,1.6555087204680155e-20,1.6555145772930655e-20,1.6555204340330474e-20,1.6555262907028635e-20,1.6555321472931103e-20,1.655538003804577e-20,1.6555438602371935e-20,1.6555497165903816e-20,1.6555555728717818e-20,1.655561429070274e-20,1.6555672851854338e-20,1.6555731412213123e-20,1.6555789971786215e-20,1.6555848530568302e-20,1.6555907088550543e-20,1.655596564575108e-20,1.6556024202186426e-20,1.6556082757620373e-20,1.6556141312434216e-20,1.6556199866446264e-20,1.6556258419748605e-20,1.655631697218491e-20,1.6556375523829757e-20,1.655643407473267e-20,1.655649262479368e-20,1.6556551174134914e-20,1.655660972263455e-20,1.6556668270393418e-20,1.6556726817326572e-20,1.6556785363426096e-20,1.6556843908807252e-20,1.655690245331765e-20,1.6556960996995615e-20,1.6557019539948492e-20,1.6557078082074688e-20,1.6557136623325867e-20,1.6557195163880453e-20,1.6557253703640427e-20,1.6557312242562417e-20,1.6557370780748268e-20,1.6557429318137696e-20,1.6557487854739142e-20,1.6557546390523578e-20,1.655760492556971e-20,1.655766345989045e-20,1.655772199331679e-20,1.655778052595428e-20,1.6557839057797844e-20,1.6557897588858976e-20,1.6557956119120375e-20,1.6558014648578198e-20,1.655807317726146e-20,1.6558131705212128e-20,1.6558190232425026e-20,1.6558248758726704e-20,1.6558307284239572e-20,1.6558365808910322e-20,1.6558424332838125e-20,1.6558482855957658e-20,1.655854137830275e-20,1.655859989985156e-20,1.6558658420613892e-20,1.655871694075743e-20,1.6558775459935803e-20,1.655883397828763e-20,1.6558892495818852e-20,1.6558951012629538e-20,1.655900952857428e-20,1.655906804377211e-20,1.655912655820049e-20,1.655918507184411e-20,1.6559243584688876e-20,1.655930209674477e-20,1.6559360608004218e-20,1.6559419118465245e-20,1.65594776281627e-20,1.6559536137051568e-20,1.6559594645144662e-20,1.6559653152445112e-20,1.6559711658954944e-20,1.6559770164547097e-20,1.6559828669443074e-20,1.6559887173597608e-20,1.655994567694048e-20,1.6560004179499068e-20,1.6560062681295923e-20,1.656012118225142e-20,1.6560179682471175e-20,1.6560238181886846e-20,1.65602966806967e-20,1.656035517842515e-20,1.656041367543496e-20,1.6560472171653853e-20,1.6560530667085055e-20,1.6560589161717292e-20,1.6560647655535113e-20,1.6560706148591298e-20,1.656076464088934e-20,1.6560823132434435e-20,1.656088162308286e-20,1.6560940113248213e-20,1.656099860234612e-20,1.6561057090652777e-20,1.6561115578170372e-20,1.6561174064904578e-20,1.6561232550954235e-20,1.6561291036089374e-20,1.6561349520454484e-20,1.6561408004015456e-20,1.6561466486785664e-20,1.6561524968761152e-20,1.656158344995193e-20,1.6561641930351505e-20,1.65617004098518e-20,1.6561758888632538e-20,1.656181736665189e-20,1.6561875843879852e-20,1.656193432026934e-20,1.6561992795925434e-20,1.656205127078421e-20,1.6562109744907448e-20,1.6562168218184528e-20,1.6562226690652838e-20,1.6562285162326323e-20,1.6562343633235695e-20,1.6562402103345718e-20,1.6562460572675415e-20,1.6562519041212192e-20,1.6562577508939575e-20,1.6562635975914868e-20,1.656269444221935e-20,1.6562752907588285e-20,1.6562811371926432e-20,1.656286983570489e-20,1.656292829868573e-20,1.6562986760891364e-20,1.65630452219826e-20,1.6563103682580995e-20,1.6563162142426002e-20,1.656322060149595e-20,1.6563279059740338e-20,1.65633375171884e-20,1.6563395973850394e-20,1.6563454429714278e-20,1.6563512884798834e-20,1.6563571339018834e-20,1.656362979255984e-20,1.656368824527011e-20,1.656374669717708e-20,1.656380514830395e-20,1.6563863598638135e-20,1.6563922048183608e-20,1.656398049695544e-20,1.6564038944914544e-20,1.6564097392084085e-20,1.656415583830175e-20,1.6564214283877824e-20,1.6564272728889863e-20,1.6564331172902898e-20,1.6564389616116762e-20,1.6564448058543845e-20,1.656450650018059e-20,1.656456494102344e-20,1.6564623381103977e-20,1.6564681820367897e-20,1.6564740258836746e-20,1.6564798696534485e-20,1.6564857133429475e-20,1.6564915569525605e-20,1.656497400488534e-20,1.6565032439407278e-20,1.656509087310321e-20,1.6565149306042555e-20,1.6565207738189906e-20,1.656526616954627e-20,1.6565324600109634e-20,1.65653830298883e-20,1.6565441458865487e-20,1.6565499887064272e-20,1.6565558314388284e-20,1.656561674094117e-20,1.6565675166769865e-20,1.65657335918269e-20,1.6565792016068162e-20,1.6565850439510282e-20,1.656590886213384e-20,1.6565967284001012e-20,1.6566025705079255e-20,1.6566084125366614e-20,1.656614254486315e-20,1.6566200963922005e-20,1.6566259381872652e-20,1.6566317798990803e-20,1.6566376215320774e-20,1.6566434630869762e-20,1.6566493045620383e-20,1.656655145957996e-20,1.6566609872750567e-20,1.656666828514238e-20,1.65667266967153e-20,1.6566785107464415e-20,1.6566843517472472e-20,1.65669019266914e-20,1.6566960335118538e-20,1.65670187427395e-20,1.656707714939068e-20,1.656713555541722e-20,1.6567193960706305e-20,1.656725236518633e-20,1.6567310768856263e-20,1.6567369171750832e-20,1.6567427573906557e-20,1.656748597523346e-20,1.6567544375765528e-20,1.6567602775499754e-20,1.6567661174443504e-20,1.6567719572594796e-20,1.6567777969907996e-20,1.656783636648844e-20,1.6567894762328102e-20,1.656795315732281e-20,1.6568011551514318e-20,1.656806994500151e-20,1.6568128337643058e-20,1.6568186729504537e-20,1.6568245120537535e-20,1.656830351078812e-20,1.6568361900169716e-20,1.656842028884282e-20,1.6568478676716716e-20,1.656853706381881e-20,1.6568595450181576e-20,1.6568653835691245e-20,1.6568712220416338e-20,1.6568770604329967e-20,1.656882898743898e-20,1.6568887369783933e-20,1.656894575129757e-20,1.6569004132077144e-20,1.6569062512052043e-20,1.6569120891281335e-20,1.6569179269686345e-20,1.6569237647405856e-20,1.6569296024232505e-20,1.6569354400264703e-20,1.656941277550565e-20,1.656947114995391e-20,1.656952952362007e-20,1.656958789639663e-20,1.6569646268470662e-20,1.656970463975654e-20,1.65697630102782e-20,1.656982137999161e-20,1.6569879748846543e-20,1.6569938116980054e-20,1.6569996484234883e-20,1.65700548507877e-20,1.6570113216532183e-20,1.65701715815035e-20,1.6570229945714708e-20,1.6570288309108514e-20,1.657034667167998e-20,1.657040503349073e-20,1.6570463394511663e-20,1.6570521754742238e-20,1.6570580114213605e-20,1.6570638472851745e-20,1.6570696830714662e-20,1.6570755187756748e-20,1.6570813543939515e-20,1.6570871899431227e-20,1.657093025406862e-20,1.6570988607870646e-20,1.6571046961088428e-20,1.6571105313039836e-20,1.6571163664460247e-20,1.6571222015198102e-20,1.657128036516294e-20,1.657133871434176e-20,1.6571397062743713e-20,1.6571455410148732e-20,1.657151375695307e-20,1.657157210299242e-20,1.657163044823073e-20,1.657168879267234e-20,1.657174713633666e-20,1.6571805479192393e-20,1.6571863821270046e-20,1.6571922162527285e-20,1.657198050301984e-20,1.657203884268922e-20,1.657209718159063e-20,1.65721555196305e-20,1.6572213856959032e-20,1.6572272193501092e-20,1.6572330529231517e-20,1.6572388864193563e-20,1.6572447198367232e-20,1.657250553174317e-20,1.657256386434383e-20,1.6572622196237128e-20,1.6572680527241213e-20,1.6572738857465185e-20,1.6572797187080033e-20,1.657285551571494e-20,1.657291384356999e-20,1.6572972170658394e-20,1.657303049691028e-20,1.6573088822326797e-20,1.6573147147004015e-20,1.657320547091304e-20,1.6573263794030846e-20,1.6573322116363582e-20,1.657338043790528e-20,1.6573438758622086e-20,1.6573497078585474e-20,1.6573555397760612e-20,1.6573613716147012e-20,1.65736720337394e-20,1.6573730350765145e-20,1.6573788666778543e-20,1.6573846981946913e-20,1.657390529638712e-20,1.6573963609947984e-20,1.6574021922804657e-20,1.6574080234870203e-20,1.6574138546148902e-20,1.6574196856669882e-20,1.6574255166422447e-20,1.6574313475332387e-20,1.6574371783450026e-20,1.6574430090774983e-20,1.6574488397314585e-20,1.6574546703015285e-20,1.657460500782994e-20,1.6574663312013045e-20,1.6574721615369277e-20,1.6574779918020535e-20,1.6574838219831928e-20,1.657489652084601e-20,1.6574954821076204e-20,1.6575013120555952e-20,1.6575071419260693e-20,1.6575129717126337e-20,1.6575188014197748e-20,1.6575246310477367e-20,1.657530460597711e-20,1.6575362900686818e-20,1.6575421194607642e-20,1.657547948773375e-20,1.657553778022692e-20,1.6575596071774603e-20,1.6575654362567868e-20,1.6575712652546587e-20,1.6575770941706685e-20,1.657582923007404e-20,1.657588751766921e-20,1.6575945804452676e-20,1.6576004090480158e-20,1.657606237577714e-20,1.657612066022563e-20,1.6576178943897902e-20,1.6576237226769673e-20,1.6576295508861803e-20,1.6576353790132144e-20,1.657641207063664e-20,1.657647035034835e-20,1.6576528629233705e-20,1.6576586907370047e-20,1.657664518471181e-20,1.657670346127166e-20,1.6576761737057216e-20,1.657682001203004e-20,1.6576878286201766e-20,1.6576936559639245e-20,1.6576994832326285e-20,1.6577053104156326e-20,1.6577111375190612e-20,1.657716964525099e-20,1.6577227914702572e-20,1.6577286183373134e-20,1.6577344451184316e-20,1.6577402718251842e-20,1.6577460984554295e-20,1.657751925005364e-20,1.6577577514799977e-20,1.657763577873492e-20,1.6577694041708287e-20,1.6577752304055898e-20,1.6577810565635462e-20,1.6577868826726774e-20,1.6577927086721945e-20,1.6577985345927208e-20,1.6578043604325115e-20,1.6578101861952798e-20,1.6578160118794542e-20,1.657821837489001e-20,1.657827663015235e-20,1.6578334884626773e-20,1.6578393138319212e-20,1.6578451391116407e-20,1.6578509643222412e-20,1.6578567894541576e-20,1.6578626145065154e-20,1.6578684394819265e-20,1.6578742643778586e-20,1.6578800891947212e-20,1.657885913932163e-20,1.657891738590961e-20,1.6578975631714686e-20,1.6579033876754994e-20,1.6579092120961418e-20,1.657915036432239e-20,1.6579208606942116e-20,1.6579266848800185e-20,1.6579325089883266e-20,1.6579383330123118e-20,1.6579441569547943e-20,1.657949980824555e-20,1.6579558046162696e-20,1.6579616283292998e-20,1.6579674519660704e-20,1.6579732755151168e-20,1.6579790989894752e-20,1.6579849224028362e-20,1.6579907457243447e-20,1.6579965689610094e-20,1.6580023921212716e-20,1.6580082152012143e-20,1.6580140381989048e-20,1.6580198611238033e-20,1.658025683969109e-20,1.6580315067374274e-20,1.6580373294252327e-20,1.6580431520349416e-20,1.6580489745598726e-20,1.6580547970105884e-20,1.658060619382941e-20,1.658066441675066e-20,1.65807226388967e-20,1.658078086025844e-20,1.6580839081009097e-20,1.6580897300858144e-20,1.6580955519854657e-20,1.658101373805669e-20,1.6581071955469756e-20,1.6581130172115814e-20,1.658118838786986e-20,1.6581246602937378e-20,1.6581304817205667e-20,1.6581363030427445e-20,1.6581421243108205e-20,1.658147945501266e-20,1.6581537666147448e-20,1.6581595876447136e-20,1.658165408587848e-20,1.658171229469272e-20,1.6581770502588475e-20,1.6581828709766014e-20,1.658188691613198e-20,1.6581945121723317e-20,1.6582003326516747e-20,1.6582061530539486e-20,1.658211973378711e-20,1.658217793624167e-20,1.6582236137875218e-20,1.6582294338732258e-20,1.6582352538815727e-20,1.6582410738249625e-20,1.6582468936744912e-20,1.6582527134463107e-20,1.6582585331398216e-20,1.6582643527545978e-20,1.6582701722904798e-20,1.6582759917472888e-20,1.658281811143879e-20,1.658287630440713e-20,1.6582934496600002e-20,1.6582992688029832e-20,1.6583050878655303e-20,1.658310906850453e-20,1.6583167257533544e-20,1.6583225445798754e-20,1.6583283633271866e-20,1.658334181995307e-20,1.6583400005853914e-20,1.6583458190964686e-20,1.6583516375299796e-20,1.658357455883666e-20,1.6583632741583737e-20,1.6583690923540034e-20,1.6583749104711693e-20,1.658380728512334e-20,1.658386546465318e-20,1.658392364345462e-20,1.6583981821499432e-20,1.6584039998734884e-20,1.658409817518312e-20,1.6584156350851865e-20,1.658421452573855e-20,1.6584272699820212e-20,1.658433087311479e-20,1.6584389045624816e-20,1.6584447217344365e-20,1.6584505388267034e-20,1.658456355841157e-20,1.6584621727767348e-20,1.6584679896220035e-20,1.6584738064007438e-20,1.6584796231000385e-20,1.658485439727647e-20,1.6584912562658365e-20,1.658497072727638e-20,1.658502889112584e-20,1.658508705418128e-20,1.658514521648097e-20,1.6585203377967686e-20,1.6585261538667173e-20,1.658531969858048e-20,1.658537785770123e-20,1.658543601604184e-20,1.6585494173596877e-20,1.658555233037776e-20,1.6585610486349252e-20,1.6585668641514913e-20,1.6585726795912865e-20,1.658578494953076e-20,1.658584310244086e-20,1.6585901254476e-20,1.6585959405731888e-20,1.6586017556193056e-20,1.6586075705867924e-20,1.6586133854757156e-20,1.6586192002836054e-20,1.6586250150146837e-20,1.658630829666752e-20,1.6586366442400456e-20,1.6586424587350302e-20,1.658648273151529e-20,1.6586540874887334e-20,1.6586599017495914e-20,1.658665715920787e-20,1.6586715300169338e-20,1.6586773440397916e-20,1.6586831579840454e-20,1.658688971849138e-20,1.65869478563594e-20,1.6587005993443492e-20,1.6587064129724696e-20,1.6587122265253257e-20,1.658718039979258e-20,1.6587238533686093e-20,1.658729666682854e-20,1.6587354799183878e-20,1.6587412930786996e-20,1.658747106158708e-20,1.6587529191574245e-20,1.658758732096527e-20,1.6587645449399755e-20,1.6587703577032754e-20,1.6587761703788337e-20,1.6587819829846455e-20,1.6587877955025312e-20,1.6587936079519642e-20,1.6587994203157438e-20,1.658805232606228e-20,1.658811044817976e-20,1.658816856951448e-20,1.658822669004235e-20,1.658828480979895e-20,1.6588342928774923e-20,1.658840104701121e-20,1.6588459164407273e-20,1.6588517280973248e-20,1.6588575396806995e-20,1.6588633511841858e-20,1.6588691626091363e-20,1.6588749739559025e-20,1.6588807852232788e-20,1.6588865964120787e-20,1.6588924075238008e-20,1.6588982185535526e-20,1.6589040295054167e-20,1.6589098403800607e-20,1.6589156511758656e-20,1.658921461892861e-20,1.658927272530347e-20,1.6589330830895534e-20,1.6589388935706484e-20,1.6589447039661692e-20,1.658950514291724e-20,1.658956324536992e-20,1.658962134698697e-20,1.658967944784308e-20,1.6589737547911476e-20,1.6589795647213703e-20,1.6589853745731292e-20,1.6589911843478833e-20,1.6589969940415218e-20,1.6590028036546124e-20,1.659008613191337e-20,1.6590144226395368e-20,1.659020232011129e-20,1.6590260413103082e-20,1.659031850526273e-20,1.65903765966982e-20,1.659043468735152e-20,1.659049277724053e-20,1.659055086636673e-20,1.6590608954655828e-20,1.6590667042186034e-20,1.6590725129137955e-20,1.6590783215061596e-20,1.659084130020625e-20,1.659089938456482e-20,1.6590957468134976e-20,1.659101555091483e-20,1.6591073632909902e-20,1.6591131714139305e-20,1.65911897945588e-20,1.6591247874142117e-20,1.6591305952986307e-20,1.6591364031047594e-20,1.6591422108379694e-20,1.6591480184854093e-20,1.6591538260552584e-20,1.6591596335464503e-20,1.6591654409562943e-20,1.6591712482902262e-20,1.659177055545675e-20,1.659182862722868e-20,1.6591886698214237e-20,1.6591944768386476e-20,1.6592002837800844e-20,1.6592060906426582e-20,1.6592118974303988e-20,1.6592177041351905e-20,1.6592235107562654e-20,1.6592293173039737e-20,1.65923512375799e-20,1.659240930148035e-20,1.6592467364608613e-20,1.6592525426889977e-20,1.6592583488437622e-20,1.6592641549196204e-20,1.659269960913885e-20,1.6592757668329922e-20,1.6592815726507382e-20,1.659287378412484e-20,1.6592931840867138e-20,1.6592989896922617e-20,1.6593047952115253e-20,1.6593106006612805e-20,1.6593164060295145e-20,1.6593222113207434e-20,1.6593280165256134e-20,1.6593338216546122e-20,1.659339626708569e-20,1.6593454316841988e-20,1.6593512365760675e-20,1.6593570413939357e-20,1.6593628461332536e-20,1.659368650793097e-20,1.6593744553639328e-20,1.6593802598671835e-20,1.6593860643070037e-20,1.6593918686515457e-20,1.659397672922857e-20,1.659403477114929e-20,1.6594092812107883e-20,1.6594150852425545e-20,1.6594208891961757e-20,1.659426693069638e-20,1.6594324968659234e-20,1.6594383005609705e-20,1.6594441041995866e-20,1.6594499077930183e-20,1.6594557112752288e-20,1.659461514678228e-20,1.6594673180037212e-20,1.659473121238888e-20,1.6594789244065943e-20,1.659484727494891e-20,1.6594905305046615e-20,1.6594963334347187e-20,1.6595021362875025e-20,1.6595079390601778e-20,1.659513741755977e-20,1.6595195443695496e-20,1.6595253469100863e-20,1.659531149369211e-20,1.659536951750494e-20,1.6595427540306686e-20,1.6595485562556482e-20,1.6595543584003124e-20,1.6595601604673983e-20,1.659565962455881e-20,1.6595717643609558e-20,1.659577566192866e-20,1.659583367945186e-20,1.6595891696169996e-20,1.6595949712142314e-20,1.6596007727309106e-20,1.6596065741685027e-20,1.6596123755254363e-20,1.65961817680611e-20,1.6596239780091093e-20,1.659629779131854e-20,1.659635580177218e-20,1.6596413811466205e-20,1.659647182029803e-20,1.6596529828395057e-20,1.659658783571508e-20,1.6596645842249286e-20,1.6596703848006412e-20,1.6596761852927214e-20,1.659681985712552e-20,1.6596877860504284e-20,1.6596935863108226e-20,1.6596993864916142e-20,1.6597051865856336e-20,1.6597109866099392e-20,1.6597167865556367e-20,1.6597225864292768e-20,1.6597283862154077e-20,1.659734185950549e-20,1.6597399855751823e-20,1.659745785127311e-20,1.6597515846017717e-20,1.6597573839979824e-20,1.659763183315507e-20,1.6597689825537887e-20,1.6597747817148098e-20,1.6597805808011986e-20,1.659786379794043e-20,1.6597921787185287e-20,1.659797977564753e-20,1.659803776333034e-20,1.6598095750242374e-20,1.6598153736341192e-20,1.6598211721661616e-20,1.6598269706193844e-20,1.659832768991596e-20,1.6598385672961066e-20,1.659844365510935e-20,1.659850163649544e-20,1.6598559617489025e-20,1.65986175973099e-20,1.659867557634908e-20,1.6598733554596065e-20,1.65987915320481e-20,1.6598849508656416e-20,1.659890748454707e-20,1.6598965459656372e-20,1.659902343397759e-20,1.6599081407517537e-20,1.659913938026944e-20,1.6599197352241176e-20,1.6599255323412942e-20,1.659931329372143e-20,1.6599371263406105e-20,1.6599429232223425e-20,1.6599487200264616e-20,1.6599545167556052e-20,1.6599603134019933e-20,1.659966109969736e-20,1.659971906469437e-20,1.659977702880943e-20,1.659983499216023e-20,1.659989295471465e-20,1.6599950916472167e-20,1.660000887727412e-20,1.660006683748968e-20,1.660012479691851e-20,1.6600182755535233e-20,1.6600240713362495e-20,1.6600298670406654e-20,1.6600356626674912e-20,1.6600414582149037e-20,1.6600472536769397e-20,1.660053049073562e-20,1.6600588443909455e-20,1.6600646396236466e-20,1.6600704347782976e-20,1.6600762298527787e-20,1.6600820248431043e-20,1.660087819761544e-20,1.6600936146006454e-20,1.6600994093632823e-20,1.660105204047482e-20,1.660110998649717e-20,1.6601167931843557e-20,1.6601225876330014e-20,1.66012838200313e-20,1.660134176292076e-20,1.6601399705044507e-20,1.6601457646398638e-20,1.660151558697885e-20,1.6601573526655876e-20,1.6601631465586585e-20,1.660168940380079e-20
21,5.544428489172821e-84,2.788501328994268e-83,8.743429168244396e-83,2.133935721835609e-82,4.462757727738331e-82,8.379120684221378e-82,1.4549745995491175e-81,2.379110623770901e-81,3.710624696264675e-81,5.562137304625473e-81,8.070661453684362e-81,1.1392081334296349e-80,1.5704099247074151e-80,2.1207518078015596e-80,2.8076008393431048e-80,3.665120418861425e-80,4.716948861481455e-80,5.9936915772054934e-80,7.528877853678666e-80,9.35915531321905e-80,1.1509105845055215e-79,1.403212569558904e-79,1.699467973904211e-79,2.0431767697947424e-79,2.439748780959183e-79,2.894974201742948e-79,3.4150561789828936e-79,4.006606427702257e-79,4.6766690376589535e-79,5.43273148205376e-79,6.282738126433568e-79,7.23510373362351e-79,8.298726962597803e-79,9.483003859744705e-79,1.0797841341254059e-78,1.2253670665763122e-78,1.3861460896520102e-78,1.5632732352680432e-78,1.7579570049408972e-78,1.9714637126615855e-78,2.2051188266316997e-78,2.460308309851855e-78,2.7384799595900667e-78,3.041144745719284e-78,3.3698781479508836e-78,3.7263214919805882e-78,4.1121832845533726e-78,4.52924054747349e-78,4.97934015057249e-78,5.464400143650332e-78,5.986411087409044e-78,6.547437383385268e-78,7.149618602895456e-78,7.795170815030291e-78,8.486387913657092e-78,9.225642943499706e-78,1.0015389425262392e-77,1.0858162679836817e-77,1.1756581151562113e-77,1.2713347730573057e-77,1.3731251074258076e-77,1.4813166927770032e-77,1.5962059443683483e-77,1.7180982500699482e-77,1.8473081021492653e-77,1.9841592289667512e-77,2.128984726579666e-77,2.2821271902611496e-77,2.443938845927041e-77,2.6147816814784542e-77,2.795027578052486e-77,2.9850584411892047e-77,3.1852663319067534e-77,3.396053597693399e-77,3.617833003406968e-77,3.851027862094413e-77,4.096072165716126e-77,4.3534107157866865e-77,4.6234992539333635e-77,4.906804592358265e-77,5.203804744221757e-77,5.514989053936379e-77,5.8408583273724145e-77,6.181924961977686e-77,6.538713076816743e-77,6.911758642512938e-77,7.301609611113094e-77,7.708826045862123e-77,8.13398025089196e-77,8.577656900825616e-77,9.040453170291956e-77,9.522978863355292e-77,1.0025856542866859e-76,1.0549721659717482e-76,1.1095222682011522e-76,1.1663021224155586e-76,1.2253792175865242e-76,1.2868223831068584e-76,1.350701801675066e-76,1.417089022168969e-76,1.4860569725116024e-76,1.557679972529478e-76,1.6320337468004566e-76,1.7091954374948398e-76,1.789243617206558e-76,1.8722583017767874e-76,1.9583209631092167e-76,2.0475145419755463e-76,2.139923460813214e-76,2.2356336365160754e-76,2.3347324932127706e-76,2.4373089750411005e-76,2.5434535589111462e-76,2.6532582672614806e-76,2.7668166808037045e-76,2.884223951263127e-76,3.005576814108455e-76,3.1309736012725085e-76,3.2605142538652203e-76,3.394300334880037e-76,3.5324350418870577e-76,3.6750232197234465e-76,3.822171373172858e-76,3.9739876796330714e-76,4.1305820017832795e-76,4.292065900234871e-76,4.458552646177606e-76,4.630157234018426e-76,4.8069963940089664e-76,4.9891886048659884e-76,5.176854106385216e-76,5.3701149120441884e-76,5.56909482159583e-76,5.773919433658408e-76,5.984716158294389e-76,6.201614229576577e-76,6.424744718156215e-76,6.654240543813088e-76,6.890236487998774e-76,7.132869206379674e-76,7.38227724136113e-76,7.638601034609095e-76,7.901982939561513e-76,8.172567233933582e-76,8.450500132213993e-76,8.73592979814769e-76,9.029006357219184e-76,9.329881909123382e-76,9.638710540222283e-76,9.955648336007068e-76,1.0280853393538361e-75,1.0614485833885321e-75,1.0956707814554127e-75,1.1307683541912432e-75,1.1667579283596151e-75,1.2036563380919183e-75,1.2414806261268964e-75,1.280248045049284e-75,1.3199760585277728e-75,1.3606823425524826e-75,1.4023847866710088e-75,1.4451014952239492e-75,1.4888507885799152e-75,1.5336512043689974e-75,1.5795214987162598e-75,1.6264806474737864e-75,1.674547847451778e-75,1.7237425176496932e-75,1.77408430048608e-75,1.8255930630268606e-75,1.8782888982141965e-75,1.9321921260937031e-75,1.987323295040778e-75,2.0437031829863069e-75,2.1013527986419285e-75,2.160293382723783e-75,2.220546409175771e-75,2.2821335863922916e-75,2.3450768584400413e-75,2.409398406277944e-75,2.475120648978487e-75,2.542266244946072e-75,2.6108580931356493e-75,2.680919334270228e-75,2.7524733520580723e-75,2.825543774408305e-75,2.900154474646075e-75,2.9763295727275374e-75,3.054093436452388e-75,3.133470682677518e-75,3.2144861785288823e-75,3.297165042612301e-75,3.381532646223858e-75,3.467614614559901e-75,3.555436827925346e-75,3.645025422941605e-75,3.736406793754249e-75,3.8296075932386673e-75,3.9246547342063185e-75,4.021575390608961e-75,4.1203969987427706e-75,4.221147258451301e-75,4.323854134328404e-75,4.428545856918829e-75,4.535250923920545e-75,4.643998101382932e-75,4.754816424906726e-75,4.867735200842799e-75,4.982784007489335e-75,5.099992696287575e-75,5.219391393020482e-75,5.341010499005237e-75,5.464880692288694e-75,5.591032928841626e-75,5.719498443750008e-75,5.850308752408355e-75,5.983495651711002e-75,6.119091221241122e-75,6.257127824461803e-75,6.397638109904904e-75,6.540655012357711e-75,6.686211754051116e-75,6.834341845847684e-75,6.985079088424861e-75,7.138457573460379e-75,7.294511684817404e-75,7.453276099727908e-75,7.61478578997367e-75,7.77907602306962e-75,7.946182363444857e-75,8.116140673621277e-75,8.288987115395142e-75,8.464758151013545e-75,8.643490544353907e-75,8.825221362101155e-75,9.00998797492221e-75,9.197828058643346e-75,9.38877959542486e-75,9.582880874932714e-75,9.780170495515854e-75,9.980687365374477e-75,1.0184470703734051e-74,1.0391560042016179e-74,1.0601995225006793e-74,1.0815816412028022e-74,1.1033064078104096e-74,1.1253779015131079e-74,1.1478002333043858e-74,1.170577546097964e-74,1.1937140148448122e-74,1.2172138466492088e-74,1.2410812808851262e-74,1.2653205893130254e-74,1.2899360761953946e-74,1.314932078413325e-74,1.3403129655827357e-74,1.3660831401699442e-74,1.3922470376078852e-74,1.4188091264119583e-74,1.445773908295575e-74,1.4731459182860804e-74,1.5009297248403728e-74,1.5291299299602173e-74,1.557751169307935e-74,1.5867981123218062e-74,1.6162754623311279e-74,1.646187956671787e-74,1.6765403668010826e-74,1.707337498413052e-74,1.7385841915534064e-74,1.7702853207345413e-74,1.8024457950501287e-74,1.8350705582901643e-74,1.8681645890556592e-74,1.9017329008729158e-74,1.9357805423087905e-74,1.9703125970842735e-74,2.005334184189512e-74,2.0408504579979475e-74,2.076866608380672e-74,2.113387860820198e-74,2.1504194765252375e-74,2.1879667525441373e-74,2.2260350218789247e-74,2.2646296535994556e-74,2.3037560529568214e-74,2.343419661497362e-74,2.383625957176207e-74,2.4243804544708393e-74,2.4656887044946932e-74,2.507556295110259e-74,2.5499888510428296e-74,2.5929920339933658e-74,2.6365715427519717e-74,2.680733113311045e-74,2.725482518977973e-74,2.7708255704884206e-74,2.8167681161192294e-74,2.863316041800789e-74,2.910475271230554e-74,2.9582517659849265e-74,3.0066515256324114e-74,3.0556805878456755e-74,3.1053450285143283e-74,3.1556509618571773e-74,3.206604540534654e-74,3.2582119557606426e-74,3.310479437415132e-74,3.3634132541557863e-74,3.4170197135304285e-74,3.4713051620884704e-74,3.5262759854931313e-74,3.5819386086332104e-74,3.6382994957342736e-74,3.6953651504711796e-74,3.753142116078859e-74,3.811636975463909e-74,3.870856351316261e-74,3.93080690622037e-74,3.9914953427664885e-74,4.052928403661974e-74,4.1151128718419626e-74,4.178055570580852e-74,4.24176336360324e-74,4.306243155194252e-74,4.371501890311344e-74,4.4375465546940495e-74,4.5043841749752075e-74,4.572021818791713e-74,4.640466594894151e-74,4.7097256532579656e-74,4.779806185194314e-74,4.850715423458996e-74,4.922460642363708e-74,4.995049157885937e-74,5.068488327779033e-74,5.142785551682347e-74,5.217948271230716e-74,5.29398397016495e-74,5.370900174440969e-74,5.448704452340029e-74,5.527404414578345e-74,5.607007714416163e-74,5.687522047767772e-74,5.7689551533109206e-74,5.851314812595667e-74,5.934608850154322e-74,6.018845133609998e-74,6.1040315737862255e-74,6.19017612481589e-74,6.277286784250345e-74,6.365371593167845e-74,6.454438636282888e-74,6.544496042055018e-74,6.635551982796976e-74,6.7276146747840424e-74,6.820692378361879e-74,6.914793398055545e-74,7.0099260826777656e-74,7.106098825437227e-74,7.203320064046872e-74,7.301598280832302e-74,7.400942002839295e-74,7.501359801942447e-74,7.602860294953172e-74,7.705452143727023e-74,7.809144055272087e-74,7.91394478185682e-74,8.019863121117286e-74,8.126907916164598e-74,8.235088055693689e-74,8.344412474089593e-74,8.454890151534806e-74,8.56653011411791e-74,8.679341433939607e-74,8.793333229220057e-74,8.90851466440649e-74,9.024894950280243e-74,9.142483344062866e-74,9.261289149524602e-74,9.38132171708964e-74,9.502590443944043e-74,9.625104774141522e-74,9.74887419871076e-74,9.873908255761729e-74,1.0000216530592442e-73,1.0127808655794623e-73,1.0256694311360819e-73,1.0386883224790644e-73,1.0518385171196257e-73,1.0651209973409265e-73,1.0785367502086734e-73,1.092086767581651e-73,1.1057720461223827e-73,1.1195935873077227e-73,1.1335523974393273e-73,1.1476494876544083e-73,1.1618858739361447e-73,1.1762625771242632e-73,1.1907806229256418e-73,1.205441041924854e-73,1.2202448695946267e-73,1.2351931463064732e-73,1.2502869173410845e-73,1.2655272328990606e-73,1.2809151481111209e-73,1.296451723048875e-73,1.3121380227352147e-73,1.3279751171547404e-73,1.3439640812643267e-73,1.3601059950035995e-73,1.3764019433053156e-73,1.3928530161059068e-73,1.4094603083559625e-73,1.4262249200304804e-73,1.4431479561395532e-73,1.4602305267386976e-73,1.477473746939214e-73,1.4948787369186638e-73,1.512446621931435e-73,1.530178532318752e-73,1.5480756035194374e-73,1.5661389760803022e-73,1.5843697956661672e-73,1.6027692130706002e-73,1.6213383842262962e-73,1.6400784702150615e-73,1.65899063727861e-73,1.678076056828661e-73,1.697335905457281e-73,1.7167713649474095e-73,1.7363836222830033e-73,1.7561738696593496e-73,1.7761433044935146e-73,1.7962931294346512e-73,1.816624552374175e-73,1.837138786456053e-73,1.8578370500872927e-73,1.87872056694802e-73,1.89979056600176e-73,1.9210482815059758e-73,1.9424949530218426e-73,1.9641318254249188e-73,1.9859601489153976e-73,2.007981179027927e-73,2.0301961766423297e-73,2.052606407993483e-73,2.075213144681818e-73,2.0980176636832508e-73,2.121021247359752e-73,2.144225183469031e-73,2.167630765175173e-73,2.1912392910587476e-73,2.2150520651268438e-73,2.239070396823244e-73,2.263295601038886e-73,2.2877289981214954e-73,2.312371913886193e-73,2.3372256796256434e-73,2.3622916321197338e-73,2.387571113646244e-73,2.4130654719905824e-73,2.4387760604562217e-73,2.464704237874571e-73,2.4908513686150893e-73,2.517218822595532e-73,2.543807975292056e-73,2.5706202077492136e-73,2.5976569065897973e-73,2.62491946402531e-73,2.6524092778659583e-73,2.680127751530454e-73,2.708076294056405e-73,2.7362563201101145e-73,2.764669249996691e-73,2.7933165096700065e-73,2.822199530742889e-73,2.851319750497225e-73,2.88067861189346e-73,2.910277563581117e-73,2.940118059908712e-73,2.97020156093358e-73,3.0005295324319286e-73,3.031103445908839e-73,3.061924778608131e-73,3.0929950135225196e-73,3.124315639403663e-73,3.155888150771663e-73,3.1877140479252754e-73,3.219794836952044e-73,3.252132029737859e-73,3.284727143977254e-73,3.317581703183053e-73,3.350697236696274e-73,3.3840752796963244e-73,3.4177173732106146e-73,3.4516250641244536e-73,3.485799905191124e-73,3.5202434550418665e-73,3.554957278195163e-73,3.589942945067194e-73,3.625202031981695e-73,3.6607361211792316e-73,3.6965468008276226e-73,3.732635665031699e-73,3.7690043138429305e-73,3.805654353269356e-73,3.842587395285299e-73,3.879805057841495e-73,3.9173089648744923e-73,3.955100746316963e-73,3.9931820381067764e-73,4.0315544821974043e-73,4.070219726567728e-73,4.1091794252311546e-73,4.148435238246039e-73,4.187988831725337e-73,4.2278418778461444e-73,4.2679960548594516e-73,4.3084530471003245e-73,4.3492145449968654e-73,4.3902822450806126e-73,4.431657849996273e-73,4.47334306851075e-73,4.5153396155236597e-73,4.5576492120765774e-73,4.6002735853627385e-73,4.643214468737064e-73,4.6864736017254024e-73,4.7300527300346615e-73,4.7739536055620174e-73,4.818177986405172e-73,4.862727636871187e-73,4.9076043274869593e-73,4.952809835008282e-73,4.998345942429957e-73,5.044214438994958e-73,5.0904171202045345e-73,5.1369557878274785e-73,5.183832249909854e-73,5.231048320784481e-73,5.2786058210809166e-73,5.3265065777345524e-73,5.3747524239966957e-73,5.423345199443803e-73,5.472286749987025e-73,5.5215789278821736e-73,5.571223591738908e-73,5.6212226065302915e-73,5.671577843602718e-73,5.722291180685085e-73,5.773364501898457e-73,5.824799697765467e-73,5.876598665220237e-73,5.928763307617507e-73,5.981295534742279e-73,6.034197262819192e-73,6.087470414522284e-73,6.141116918984502e-73,6.195138711806921e-73,6.249537735068199e-73,6.304315937334638e-73,6.359475273668677e-73,6.415017705639163e-73,6.470945201330847e-73,6.527259735352976e-73,6.583963288849577e-73,6.641057849508768e-73,6.698545411571904e-73,6.75642797584299e-73,6.814707549698553e-73,6.873386147096457e-73,6.932465788585913e-73,6.991948501316571e-73,7.051836319047486e-73,7.11213128215724e-73,7.172835437653172e-73,7.233950839180463e-73,7.295479547031515e-73,7.357423628155899e-73,7.419785156168668e-73,7.482566211360607e-73,7.545768880707595e-73,7.609395257879018e-73,7.673447443248015e-73,7.737927543900827e-73,7.80283767364517e-73,7.868179953020486e-73,7.933956509307261e-73,8.00016947653538e-73,8.066820995494361e-73,8.133913213742497e-73,8.201448285615837e-73,8.26942837223742e-73,8.337855641527068e-73,8.406732268210152e-73,8.476060433826854e-73,8.545842326741914e-73,8.616080142153207e-73,8.686776082101662e-73,8.757932355479978e-73,8.829551178042057e-73,8.901634772412014e-73,8.974185368093751e-73,9.047205201480344e-73,9.120696515862213e-73,9.194661561437363e-73,9.269102595320555e-73,9.344021881551473e-73,9.419421691104941e-73,9.495304301900075e-73,9.571671998808458e-73,9.648527073664284e-73,9.725871825273386e-73,9.803708559422023e-73,9.882039588886015e-73,9.960867233440594e-73,1.0040193819868297e-72,1.0120021681969317e-72,1.0200353160569941e-72,1.0281190603531648e-72,1.0362536365760553e-72,1.0444392809216746e-72,1.0526762302922233e-72,1.0609647222971161e-72,1.0693049952538901e-72,1.077697288189e-72,1.0861418408388549e-72,1.0946388936506334e-72,1.1031886877832646e-72,1.1117914651082561e-72,1.1204474682106948e-72,1.1291569403900176e-72,1.1379201256610297e-72,1.1467372687547878e-72,1.1556086151194638e-72,1.164534410921249e-72,1.1735149030453295e-72,1.1825503390966515e-72,1.1916409674009387e-72,1.2007870370055752e-72,1.2099887976804574e-72,1.2192464999188992e-72,1.228560394938607e-72,1.2379307346824348e-72,1.2473577718194047e-72,1.256841759745598e-72,1.2663829525849325e-72,1.275981605190199e-72,1.285637973143853e-72,1.2953523127589662e-72,1.3051248810801478e-72,1.3149559358843043e-72,1.3248457356816818e-72,1.334794539716672e-72,1.344802607968723e-72,1.354870201153208e-72,1.3649975807223596e-72,1.375185008866175e-72,1.385432748513181e-72,1.3957410633314463e-72,1.406110217729451e-72,1.4165404768569254e-72,1.4270321066057372e-72,1.4375853736108438e-72,1.4482005452511106e-72,1.4588778896501926e-72,1.4696176756774865e-72,1.4804201729489472e-72,1.4912856518279681e-72,1.5022143834263542e-72,1.5132066396050448e-72,1.524262692975152e-72,1.535382816898728e-72,1.5465672854897343e-72,1.557816373614854e-72,1.5691303568943667e-72,1.5805095117030995e-72,1.591954115171207e-72,1.6034644451851438e-72,1.6150407803884702e-72,1.6266834001827244e-72,1.6383925847283712e-72,1.6501686149456067e-72,1.6620117725152247e-72,1.6739223398795683e-72,1.6859006002433279e-72,1.6979468375744114e-72,1.7100613366049163e-72,1.7222443828318252e-72,1.7344962625180263e-72,1.746817262693155e-72,1.7592076711543922e-72,1.771667776467432e-72,1.7841978679672712e-72,1.7967982357591036e-72,1.8094691707191869e-72,1.8222109644956817e-72,1.8350239095095978e-72,1.847908298955551e-72,1.8608644268027585e-72,1.8738925877957246e-72,1.8869930774552801e-72,1.9001661920793198e-72,1.9134122287437385e-72,1.9267314853032954e-72,1.9401242603924229e-72,1.9535908534261115e-72,1.9671315646007434e-72,1.9807466948950314e-72,1.9944365460707994e-72,2.0082014206738374e-72,2.022041622034844e-72,2.0359574542701657e-72,2.0499492222827785e-72,2.0640172317630428e-72,2.0781617891896033e-72,2.0923832018302013e-72,2.1066817777426238e-72,2.121057825775437e-72,2.1355116555689565e-72,2.150043577556042e-72,2.164653902962865e-72,2.1793429438098987e-72,2.1941110129127475e-72,2.2089584238829276e-72,2.2238854911287295e-72,2.2388925298561198e-72,2.2539798560696152e-72,2.26914778657296e-72,2.284396638970147e-72,2.299726731666239e-72,2.3151383838681483e-72,2.33063191558552e-72,2.346207647631571e-72,2.361865901623909e-72,2.377606999985432e-72,2.3934312659452073e-72,2.4093390235391305e-72,2.425330597610945e-72,2.441406313813094e-72,2.457566498607369e-72,2.4738114792659413e-72,2.490141583872195e-72,2.5065571413213897e-72,2.5230584813217084e-72,2.5396459343949757e-72,2.556319831877497e-72,2.5730805059209846e-72,2.589928289493277e-72,2.606863516379291e-72,2.6238865211817377e-72,2.640997639322085e-72,2.658197207041294e-72,2.675485561400651e-72,2.6928630402827015e-72,2.7103299823919865e-72,2.7278867272558686e-72,2.745533615225504e-72,2.7632709874764367e-72,2.781099186009628e-72,2.799018553652289e-72,2.8170294340585073e-72,2.8351321717102837e-72,2.853327111918348e-72,2.8716146008228e-72,2.8899949853941284e-72,2.9084686134340095e-72,2.9270358335760604e-72,2.945696995286673e-72,2.964452448865932e-72,2.983302545448344e-72,3.002247637003692e-72,3.021288076337829e-72,3.0404242170935997e-72,3.0596564137515614e-72,3.078985021630807e-72,3.098410396889885e-72,3.117932896527493e-72,3.137552878383423e-72,3.1572707011392544e-72,3.1770867243193023e-72,3.197001308291338e-72,3.2170148142674437e-72,3.237127604304785e-72,3.257340041306582e-72,3.277652489022634e-72,3.2980653120504923e-72,3.318578875836029e-72,3.3391935466743195e-72,3.3599096917104224e-72,3.380727678940343e-72,3.4016478772115825e-72,3.4226706562241756e-72,3.443796386531468e-72,3.4650254395408485e-72,3.48635818751457e-72,3.5077950035706575e-72,3.5293362616835817e-72,3.55098233668521e-72,3.572733604265546e-72,3.5945904409734233e-72,3.6165532242175365e-72,3.6386223322670654e-72,3.6607981442525874e-72,3.6830810401668923e-72,3.705471400865673e-72,3.7279696080684376e-72,3.7505760443594034e-72,3.7732910931879784e-72,3.796115138869769e-72,3.8190485665875335e-72,3.8420917623917553e-72,3.865245113201437e-72,3.8885090068052334e-72,3.9118838318617145e-72,3.935369977900621e-72,3.958967835323415e-72,3.9826777954042506e-72,4.006500250290604e-72,4.0304355930042716e-72,4.0544842174419315e-72,4.078646518376059e-72,4.1029228914557664e-72,4.127313733207549e-72,4.151819441036139e-72,4.176440413225245e-72,4.2011770489382327e-72,4.226029748219157e-72,4.2509989119933624e-72,4.2760849420683785e-72,4.301288241134742e-72,4.3266092127667253e-72,4.352048261423009e-72,4.377605792447718e-72,4.40328221207102e-72,4.429077927410021e-72,4.4549933464695705e-72,4.481028878142999e-72,4.507184932212824e-72,4.533461919351579e-72,4.559860251122816e-72,4.586380339981595e-72,4.613022599275481e-72,4.639787443245291e-72,4.666675287025571e-72,4.693686546645904e-72,4.720821639031345e-72,4.74808098200321e-72,4.775464994280029e-72,4.802974095478514e-72,4.830608706113523e-72,4.858369247599757e-72,4.886256142251986e-72,4.914269813286202e-72,4.942410684820119e-72,4.97067918187405e-72,4.99907573037168e-72,5.027600757140849e-72,5.056254689914238e-72,5.085037957330417e-72,5.113950988934261e-72,5.142994215178282e-72,5.172168067422467e-72,5.201472977935994e-72,5.230909379897536e-72,5.260477707396031e-72,5.290178395431751e-72,5.32001187991678e-72,5.349978597675887e-72,5.380078986447203e-72,5.410313484883278e-72,5.440682532551563e-72,5.471186569935189e-72,5.501826038434118e-72,5.532601380365329e-72,5.563513038963886e-72,5.594561458383986e-72,5.625747083699063e-72,5.657070360903126e-72,5.688531736911537e-72,5.720131659561283e-72,5.751870577612132e-72,5.783748940747305e-72,5.81576719957414e-72,5.847925805625159e-72,5.88022521135853e-72,5.912665870158935e-72,5.945248236338218e-72,5.977972765136576e-72,6.010839912722589e-72,6.043850136194702e-72,6.077003893581692e-72,6.110301643843099e-72,6.143743846870522e-72,6.177330963488259e-72,6.21106345545386e-72,6.244941785459015e-72,6.278966417130278e-72,6.313137815029843e-72,6.347456444656299e-72,6.381922772445381e-72,6.41653726577063e-72,6.451300392944465e-72,6.486212623218716e-72,6.52127442678507e-72,6.556486274776347e-72,6.591848639267278e-72,6.627361993274582e-72,6.663026810758506e-72,6.698843566623104e-72,6.734812736717145e-72,6.770934797834826e-72,6.807210227716427e-72,6.843639505049404e-72,6.880223109468782e-72,6.916961521558033e-72,6.953855222849828e-72,6.990904695826656e-72,7.028110423922029e-72,7.065472891520457e-72,7.102992583958952e-72,7.140669987527241e-72,7.178505589469062e-72,7.216499877982231e-72,7.254653342219725e-72,7.29296647229066e-72,7.33143975926069e-72,7.370073695152865e-72,7.408868772948377e-72,7.447825486587293e-72,7.486944330969189e-72,7.526225801954243e-72,7.565670396363608e-72,7.605278611980184e-72,7.6450509475498e-72,7.684987902781133e-72,7.725089978347414e-72,7.765357675886179e-72,7.805791498000882e-72,7.846391948261012e-72,7.88715953120342e-72,7.928094752332368e-72,7.969198118120592e-72,8.010470136010298e-72,8.051911314413527e-72,8.093522162712896e-72,8.135303191262811e-72,8.177254911389477e-72,8.219377835391986e-72,8.261672476543308e-72,8.304139349090651e-72,8.34677896825618e-72,8.389591850238265e-72,8.432578512211459e-72,8.475739472327579e-72,8.519075249716721e-72,8.562586364487589e-72,8.606273337728238e-72,8.6501366915073e-72,8.694176948873823e-72,8.738394633858902e-72,8.782790271475861e-72,8.827364387721162e-72,8.872117509574953e-72,8.917050165002338e-72,8.962162882953306e-72,9.007456193363991e-72,9.052930627157135e-72,9.098586716243185e-72,9.144424993520507e-72,9.190445992876772e-72,9.236650249188745e-72,9.283038298323927e-72,9.329610677140756e-72,9.376367923489458e-72,9.423310576212633e-72,9.470439175146509e-72,9.517754261120726e-72,9.565256375959992e-72,9.612946062484257e-72,9.660823864509446e-72,9.70889032684857e-72,9.75714599531204e-72,9.805591416708653e-72,9.854227138845914e-72,9.903053710530985e-72,9.952071681571727e-72,1.0001281602776827e-71,1.005068402595721e-71,1.0100279503925934e-71,1.0150068590499306e-71,1.0200051840497879e-71,1.025022980974674e-71,1.0300603055076368e-71,1.0351172134323352e-71,1.0401937606331094e-71,1.0452900030950354e-71,1.050405996904043e-71,1.0555417982469268e-71,1.2316205688030072e-44,1.281284998405312e-44,1.3323031973865345e-44,1.385563119582895e-44,1.4412028690100005e-44,1.499365326392431e-44,1.5601996228915543e-44,1.6238621068726467e-44,1.6905172958792552e-44,1.760338827449114e-44,1.8335104217030168e-44,1.9102268681234873e-44,1.990695048389818e-44,2.075135006969915e-44,2.1637810805617186e-44,2.256883097853665e-44,2.3547076607666913e-44,2.457539518883615e-44,2.5656830489317326e-44,2.67946385225254e-44,2.7992304833446734e-44,2.9253563242099295e-44,3.058241619871419e-44,3.1983156919487677e-44,3.3460393489842193e-44,3.501907513416758e-44,3.6664520877199433e-44,3.840245084145967e-44,4.0239020446938494e-44,4.2180857824023986e-44,4.423510475327082e-44,4.640946151910394e-44,4.871223606867154e-44,5.115239794197814e-44,5.373963746885372e-44,5.648443080120999e-44,5.939811140623287e-44,6.249294870161261e-44,6.578223464983529e-44,6.928037914044742e-44,7.300301515401276e-44,7.696711480163244e-44,8.119111744545597e-44,8.569507126607514e-44,9.050078983509038e-44,9.563202535680357e-44,1.0111466058541523e-43,1.0697692152241226e-43,1.1324961337636962e-43,1.1996638252666727e-43,1.2716400759226045e-43,1.3488272310619358e-43,1.4316657975915711e-43,1.5206384565820703e-43,1.616274536749195e-43,1.7191550059598581e-43,1.8299180455441604e-43,1.94926528118014e-43,2.0779687536473785e-43,2.2168787246044943e-43,2.36693242525443e-43,2.529163871047894e-43,2.704714882574082e-43,2.894847472764697e-43,3.1009577832478187e-43,3.3245917788685146e-43,3.567462939900305e-43,3.831472226132573e-43,4.118730627784598e-43,4.43158466445065e-43,4.772645248657181e-43,5.144820391381052e-43,5.55135230270073e-43,5.995859523207125e-43,6.482384822329562e-43,7.0154497148466195e-43,7.600116580310341e-43,8.242059530660783e-43,8.94764535127021e-43,9.724026061389312e-43,1.0579244890704e-42,1.1522357768511492e-42,1.2563572772156035e-42,1.3714410398403935e-42,1.4987888006329726e-42,1.639873236310974e-42,1.796362490749578e-42,1.970148515868476e-42,2.1633798666914365e-42,2.3784997050368128e-42,2.618289903529731e-42,2.88592230601345e-42,3.185018395424022e-42,3.519718856439413e-42,3.894764801989953e-42,4.3155927721012403e-42,4.788446023477677e-42,5.3205051224559946e-42,5.92004145226048e-42,6.596597971886966e-42,7.36120244460764e-42,8.226619429191967e-42,9.207648636877692e-42,1.0321478859715636e-41,1.1588108642139798e-41,1.303084727986187e-41,1.4676912706169135e-41,1.6558146494709944e-41,1.8711870752954186e-41,2.118191731757938e-41,2.4019866677457985e-41,2.7286542797997293e-41,3.1053820965967597e-41,3.540681949611656e-41,4.0446563412133297e-41,4.629322999489263e-41,5.309011366001534e-41,6.100848261982251e-41,7.025354434889898e-41,8.107179380941202e-41,9.376009138429923e-41,1.0867691136598624e-40,1.2625632307161675e-40,1.4702542373673116e-40,1.7162614665508547e-40,2.0084263480101427e-40,2.3563571992852086e-40,2.771865075475658e-40,3.2695167687633817e-40,3.86733913135752e-40,4.587719677266891e-40,5.458562867854873e-40,6.514780945478305e-40,7.80022451720178e-40,9.370193923014609e-40,1.1294721435720404e-39,1.3662881754078448e-39,1.6588481511653077e-39,2.0217608313947418e-39,2.4738701565223586e-39,3.039606350265528e-39,3.750809229822198e-39,4.6492038359742184e-39,5.789783226163622e-39,7.245461634323101e-39,9.11351956748699e-39,1.1524595765431276e-38,1.4655327761543418e-38,1.874626285273688e-38,2.412744850876218e-38,3.125531461998493e-38,4.076631851120353e-38,5.355572523200804e-38,7.08944774012861e-38,9.460443077353902e-38,1.2732408076903437e-37,1.7291633728054135e-37,2.3710222383374695e-37,3.2845893398196183e-37,4.60014237672735e-37,6.518323860797374e-37,9.352762993370513e-37,1.3601548469457596e-36,2.006931563533618e-36,3.007996792476627e-36,4.585531201647107e-36,5.3070965698412644e-36,8.306511630643344e-36,1.3270940204935917e-35,2.1689402743541717e-35,3.6344853009869123e-35,6.260790591629762e-35,1.1120811062456287e-34,2.0442101154373595e-34,3.905188994203493e-34,7.792694157818548e-34,1.6342340568986148e-33,3.628707914571037e-33,8.609634437965775e-33,2.2079858099219598e-32,6.210455600459473e-32,1.9524098128440134e-31,7.033565215783952e-31,3.002902937446094e-30,1.5910283772201792e-29,1.11455356698857e-28,1.1233177050472703e-27,1.8018004557937938e-26,5.14729489514353e-25,1.2927842576830118e-24,1.2927842582530702e-24,3.0245537180535315e-22,4.0840588791934746e-19,5.644823479846322e-16,3.8521029691238373e-13,8.989751221651438e-11,6.208515858527823e-09,1.3739726208822822e-07,1.1960043717746001e-06,5.164729098596841e-06,1.3695363964591433e-05,2.629812463894484e-05,4.092172163590591e-05,5.5468220779068535e-05,6.855321911738655e-05,7.95274247280134e-05,8.824127376558793e-05,9.481804239116806e-05,9.950233056381105e-05,0.00010257443458177657,0.00010430733546517852,0.00010494786882361479,0.00010471055482154619,0.00010377758948643068,0.00010230153935521836,0.00010040898131788168,9.82042398291569e-05,9.577284680479716e-05,9.318458798296567e-05,9.049611448728389e-05,8.775314943929393e-05,8.499233844693457e-05,8.224279614169763e-05,7.95273974118697e-05,7.686385582650271e-05,7.426562514914004e-05,7.174265372552634e-05,6.930201624321089e-05,6.694844297078719e-05,6.468476300517348e-05,6.251227516986708e-05,6.043105789556035e-05,5.844022754253524e-05,5.653815312010048e-05,5.472263411972618e-05,5.29910471624592e-05,5.134046630887325e-05,4.976776117186799e-05,4.826967636116848e-05,4.684289527275844e-05,4.548409079628951e-05,4.4189965127725094e-05,4.2957280549965e-05,4.178288275750826e-05,4.066371805961451e-05,3.95968455912246e-05,3.8579445467068104e-05,3.760882367944305e-05,3.6682414399125494e-05,3.579778021995935e-05,3.495261081033964e-05,3.414472034066049e-05,3.337204399404516e-05,3.26326338110193e-05,3.192465406932743e-05,3.1246376363144926e-05,3.059617451024979e-05,2.9972519391450913e-05,2.9373973802078733e-05,2.8799187377011564e-05,2.82468916367174e-05,2.7715895189059583e-05,2.7205079110409106e-05,2.6713392524465846e-05,2.6239848387055544e-05,2.5783519484054003e-05,2.5343534642171675e-05,2.4919075151869167e-05,2.450937139752659e-05,2.4113699689459476e-05,2.373137929034431e-05,2.3361769628382406e-05,2.3004267688210118e-05,2.265830557111825e-05,2.2323348215280584e-05,2.19988912669856e-05,2.168445909413223e-05,2.1379602933532877e-05,2.108389916331679e-05,2.079694769261005e-05,2.0518370461034085e-05,2.02478100399949e-05,1.9984928330757034e-05,1.9729405349791815e-05,1.948093809718566e-05,1.923923950443794e-05,1.9004037450818054e-05,1.8775073848559763e-05,1.8552103788991342e-05,1.833489474678047e-05,1.8123225837416865e-05,1.791688712466929e-05,1.771567897402714e-05,1.7519411449075578e-05,1.7327903747906168e-05,1.7140983676367593e-05,1.6958487155788012e-05,1.6780257762775105e-05,1.6606146298401836e-05,1.643601038573814e-05,1.6269714092333286e-05,1.6107127576919616e-05,1.5948126758352543e-05,1.579259300539639e-05,1.5640412845409063e-05,1.549147769134375e-05,1.5345683585240408e-05,1.5202930957638516e-05,1.5063124400477756e-05,1.4926172455500347e-05,1.4791987413515984e-05,1.4660485125809589e-05,1.4531584827573994e-05,1.4405208970463636e-05,1.4281283065384208e-05,1.415973553415252e-05,1.4040497569543814e-05,1.3923503003296e-05,1.3808688181414433e-05,1.3695991846453766e-05,1.3585355026245769e-05,1.3476720928668072e-05,1.3370034842230337e-05,1.3265244041871063e-05,1.316229769981903e-05,1.3061146801238916e-05,1.2961744064188437e-05,1.2864043863817898e-05,1.2768002160498967e-05,1.2673576431567921e-05,1.2580725606665893e-05,1.2489410006192888e-05,1.2399591282896618e-05,1.2311232366379879e-05,1.2224297410475027e-05,1.2138751742957835e-05,1.2054561817789577e-05,1.1971695169778968e-05,1.1890120371254127e-05,1.1809806990786244e-05,1.1730725554347964e-05,1.1652847507234825e-05,1.1576145178815007e-05,1.1500591748377617e-05,1.1426161212639909e-05,1.1352828354752588e-05,1.1280568714834434e-05,1.120935856132022e-05,1.1139174864306159e-05,1.1069995269525491e-05,1.1001798073719125e-05,1.0934562201065892e-05,1.0868267180307094e-05,1.0802893123338758e-05,1.073842070461851e-05,1.0674831141103788e-05,1.0612106173222301e-05,1.055022804703162e-05,1.0489179496237244e-05,1.0428943725817393e-05,1.0369504395862636e-05,1.0310845606227287e-05,1.0252951881604273e-05,1.019580815758118e-05,1.0139399766822475e-05,1.0083712425981266e-05,1.0028732223503335e-05,9.974445606993133e-06,9.92083937193859e-06,9.867900650446278e-06,9.815616900784674e-06,9.763975896506908e-06,9.712965716987814e-06,9.662574737920521e-06,9.6127916215732e-06,9.56360530849677e-06,9.515005008727512e-06,9.466980193626488e-06,9.419520587934037e-06,9.372616162165796e-06,9.326257125217666e-06,9.280433917250036e-06,9.235137203146572e-06,9.190357865384692e-06,9.146086998086771e-06,9.102315900693264e-06,9.059036072152166e-06,9.016239205006297e-06,8.973917180051844e-06,8.932062060980619e-06,8.890666089023393e-06,8.849721678292514e-06,8.809221410685764e-06,8.769158031368206e-06,8.729524444223831e-06,8.690313707528055e-06,8.651519029737726e-06,8.61313376539789e-06,8.575151411230101e-06,8.537565602315476e-06,8.50037010840142e-06,8.463558830318046e-06,8.427125796535588e-06,8.391065159824112e-06,8.355371193972185e-06,8.320038290768353e-06,8.285060956763145e-06,8.250433810429157e-06,8.216151579337736e-06,8.182209097344906e-06,8.14860130193831e-06,8.115323231529239e-06,8.082370023000043e-06,8.049736909320371e-06,8.017419217055482e-06,7.985412364148176e-06,7.95371185746589e-06,7.922313291225405e-06,7.891212344175678e-06,7.860404777636774e-06,7.829886434036446e-06,7.799653234581032e-06,7.769701177410774e-06,7.740026335839297e-06,7.710624856565562e-06,7.681492957999795e-06,7.652626928494167e-06,7.624023124795098e-06,7.595677970457173e-06,7.567587954273583e-06,7.539749628808314e-06,7.512159608929115e-06,7.484814570473321e-06,7.457711248719213e-06,7.4308464371620305e-06,7.404216986235956e-06,7.37781980195232e-06,7.351651844694453e-06,7.325710128164405e-06,7.299991717970811e-06,7.274493730678815e-06,7.2492133325821815e-06,7.224147738750199e-06,7.199294211874244e-06,7.1746500612952944e-06,7.1502126420146855e-06,7.125979353648024e-06,7.101947639520527e-06,7.0781149859678085e-06,7.054478921016787e-06,7.031037013814258e-06,7.0077868735864096e-06,6.984726149012805e-06,6.961852527276872e-06,6.9391637333173214e-06,6.916657529013094e-06,6.894331712491488e-06,6.872184117338749e-06,6.850212611927941e-06,6.828415098671578e-06,6.806789513419934e-06,6.785333824704674e-06,6.764046033136838e-06,6.742924170732581e-06,6.7219663004089055e-06,6.7011705152449105e-06,6.680534937879956e-06,6.660057720138533e-06,6.63973704222817e-06,6.6195711122974106e-06,6.599558165920136e-06,6.5796964655094065e-06,6.55998429991308e-06,6.540419983743689e-06,6.5210018570281115e-06,6.501728284677954e-06,6.4825976560392095e-06,6.463608384444205e-06,6.444758906675461e-06,6.426047682624501e-06,6.407473194919056e-06,6.38903394833065e-06,6.370728469509657e-06,6.3525553065106315e-06,6.334513028459226e-06,6.316600225132269e-06,6.2988155065573425e-06,6.281157502753465e-06,6.263624863262057e-06,6.246216256837218e-06,6.2289303711264535e-06,6.211765912257192e-06,6.194721604674175e-06,6.17779619061576e-06,6.160988429922005e-06,6.144297099712463e-06,6.127720994067901e-06,6.11125892374305e-06,6.094909715874148e-06,6.078672213649724e-06,6.0625452762351985e-06,6.046527778161438e-06,6.030618609398747e-06,6.014816674848502e-06,5.999120894223174e-06,5.983530201781871e-06,5.968043545962055e-06,5.952659889379788e-06,5.937378208389628e-06,5.922197492919646e-06,5.907116746257375e-06,5.892134984819708e-06,5.8772512379653775e-06,5.862464547712249e-06,5.847773968588909e-06,5.8331785674371785e-06,5.818677423139251e-06,5.804269626486031e-06,5.7899542800360665e-06,5.775730497797042e-06,5.761597405176159e-06,5.74755413856623e-06,5.733599845482348e-06,5.719733684181664e-06,5.705954823569516e-06,5.692262442981155e-06,5.678655732069104e-06,5.665133890608916e-06,5.651696128335518e-06,5.638341664815563e-06,5.625069729297856e-06,5.61187956050323e-06,5.598770406600849e-06,5.585741524837712e-06,5.572792181647062e-06,5.559921652463674e-06,5.547129221373185e-06,5.534414181313975e-06,5.5217758336332055e-06,5.5092134880882764e-06,5.496726462847012e-06,5.484314084128764e-06,5.471975686221577e-06,5.45971061130888e-06,5.4475182093953935e-06,5.435397838247243e-06,5.423348863105566e-06,5.411370656684455e-06,5.399462599095947e-06,5.387624077655287e-06,5.375854486838118e-06,5.364153228140815e-06,5.352519710000478e-06,5.340953347652928e-06,5.329453563159626e-06,5.318019785134733e-06,5.306651448741169e-06,5.295347995596257e-06,5.284108873714865e-06,5.272933537320662e-06,5.261821446818683e-06,5.250772068722567e-06,5.239784875550546e-06,5.228859345733136e-06,5.217994963535775e-06,5.2071912190196684e-06,5.196447607797356e-06,5.1857636312042835e-06,5.175138796040479e-06,5.16457261451464e-06,5.154064604309739e-06,5.143614288300018e-06,5.133221194597238e-06,5.122884856478169e-06,5.112604812233034e-06,5.102380605336434e-06,5.092211784035815e-06,5.0820979014992615e-06,5.072038515719462e-06,5.062033189333354e-06,5.0520814898504824e-06,5.042182989316231e-06,5.032337264253966e-06,5.022543895741094e-06,5.012802469254527e-06,5.003112574687165e-06,4.993473806310275e-06,4.983885762590312e-06,4.974348046162094e-06,4.964860263864692e-06,4.955422026593913e-06,4.946032949323404e-06,4.936692651019381e-06,4.927400754617977e-06,4.918156886873314e-06,4.908960678405797e-06,4.899811763645174e-06,4.890709780695874e-06,4.881654371459256e-06,4.872645181415648e-06,4.86368185963653e-06,4.854764058802182e-06,4.8458914350397004e-06,4.8370636479815e-06,4.828280360693168e-06,4.819541239531536e-06,4.810845954273e-06,4.802194177969951e-06,4.793585586925288e-06,4.785019860638664e-06,4.776496681802424e-06,4.768015736231508e-06,4.7595767128380565e-06,4.751179303589829e-06,4.74282320347493e-06,4.734508110460085e-06,4.726233725444677e-06,4.717999752285779e-06,4.709805897664237e-06,4.701651871118543e-06,4.693537384995653e-06,4.6854621544010074e-06,4.67742589715192e-06,4.669428333879003e-06,4.661469187744671e-06,4.65354818467865e-06,4.645665053132071e-06,4.637819524167328e-06,4.630011331371796e-06,4.6222402108683455e-06,4.614505901259664e-06,4.606808143642876e-06,4.599146681506318e-06,4.591521260723098e-06,4.583931629601324e-06,4.576377538732616e-06,4.568858741015803e-06,4.561374991687518e-06,4.553926048330454e-06,4.546511670596565e-06,4.539131620426801e-06,4.531785661950261e-06,4.524473561464584e-06,4.5171950873658575e-06,4.5099500102314566e-06,4.502738102660521e-06,4.495559139353289e-06,4.488412897037257e-06,4.4812991544647855e-06,4.4742176923375525e-06,4.467168293454955e-06,4.460150742423445e-06,4.45316482589009e-06,4.446210332314507e-06,4.439287052113981e-06,4.432394777554627e-06,4.425533302721654e-06,4.4187024234917625e-06,4.411901937680175e-06,4.405131644763815e-06,4.398391346005791e-06,4.3916808444283405e-06,4.3849999447663464e-06,4.378348453489726e-06,4.371726178733534e-06,4.365132930306491e-06,4.358568519657568e-06,4.352032759860379e-06,4.3455254656644115e-06,4.339046453386602e-06,4.3325955408877525e-06,4.326172547601114e-06,4.319777294563845e-06,4.3134096042914934e-06,4.30706930082822e-06,4.300756209692765e-06,4.294470157955882e-06,4.2882109741018854e-06,4.281978488052792e-06,4.275772531176865e-06,4.269592936308323e-06,4.263439537609736e-06,4.2573121707332135e-06,4.251210672557788e-06,4.245134881468177e-06,4.239084637146838e-06,4.2330597806086935e-06,4.227060154116179e-06,4.221085601427116e-06,4.215135967420311e-06,4.209211098292828e-06,4.203310841507781e-06,4.197435045831896e-06,4.191583561233917e-06,4.185756238869541e-06,4.179952931170013e-06,4.1741734917424424e-06,4.168417775402428e-06,4.162685638122979e-06,4.156976937042105e-06,4.151291530461755e-06,4.145629277835411e-06,4.139990039726925e-06,4.134373677845396e-06,4.128780054975667e-06,4.123209035030177e-06,4.1176604829894336e-06,4.11213426487591e-06,4.10663024787642e-06,4.101148300142053e-06,4.095688290945163e-06,4.090250090470802e-06,4.0848335700157885e-06,4.079438601904102e-06,4.074065059406959e-06,4.0687128168237976e-06,4.063381749429314e-06,4.058071733465121e-06,4.052782646153561e-06,4.047514365635393e-06,4.042266771051822e-06,4.037039742443361e-06,4.031833160784289e-06,4.026646907971652e-06,4.021480866808616e-06,4.016334920999527e-06,4.011208955142579e-06,4.006102854731834e-06,4.001016506098406e-06,3.995949796506028e-06,3.990902613981992e-06,3.985874847491243e-06,3.980866386804796e-06,3.975877122530599e-06,3.970906946092378e-06,3.9659557497655764e-06,3.961023426611353e-06,3.9561098704816675e-06,3.951214976062707e-06,3.946338638799195e-06,3.941480754920312e-06,3.9366412214342815e-06,3.931819936088224e-06,3.9270167974676965e-06,3.922231704833144e-06,3.91746455818628e-06,3.9127152583476654e-06,3.907983706799292e-06,3.9032698057330494e-06,3.898573458131584e-06,3.893894567632795e-06,3.8892330385837325e-06,3.884588776087056e-06,3.879961685827483e-06,3.875351674272675e-06,3.870758648537024e-06,3.866182516446363e-06,3.861623186382787e-06,3.857080567509833e-06,3.852554569568065e-06,3.848045103011968e-06,3.843552078904145e-06,3.83907540893962e-06,3.834615005456454e-06,3.830170781411786e-06,3.82574265038014e-06,3.821330526582751e-06,3.816934324810768e-06,3.812553960511168e-06,3.8081893496345806e-06,3.8038404088143937e-06,3.799507055247983e-06,3.795189206702494e-06,3.790886781540369e-06,3.7865996986593773e-06,3.7823278776063523e-06,3.778071238425391e-06,3.773829701706504e-06,3.7696031886401053e-06,3.765391620935491e-06,3.7611949208539836e-06,3.757013011201677e-06,3.7528458153091176e-06,3.748693257042926e-06,3.7471210248372575e-06,3.7471210248372464e-06,3.7471210248372354e-06,3.7471210248372253e-06,3.7471210248372134e-06,3.7471210248372024e-06,3.747121024837192e-06,3.7471210248371804e-06,3.7471210248371694e-06,3.747121024837159e-06,3.747121024837148e-06,3.7471210248371368e-06,3.747121024837126e-06,3.747121024837115e-06,3.747121024837105e-06,3.7471210248370936e-06,3.7471210248370825e-06,3.7471210248370715e-06,3.7471210248370605e-06,3.747121024837049e-06,3.747121024837039e-06,3.747121024837028e-06,3.7471210248370165e-06,3.7471210248370055e-06,3.7471210248369945e-06,3.7471210248369834e-06,3.747121024836973e-06,3.747121024836962e-06,3.747121024836951e-06,3.74712102483694e-06,3.747121024836929e-06,3.7471210248369174e-06,3.747121024836907e-06,3.747121024836896e-06,3.747121024836886e-06,3.7471210248368754e-06,3.747121024836864e-06,3.747121024836853e-06,3.747121024836843e-06,3.7471210248368314e-06,3.7471210248368204e-06,3.7471210248368094e-06,3.747121024836798e-06,3.747121024836787e-06,3.7471210248367768e-06,3.7471210248367658e-06,3.7471210248367543e-06,3.7471210248367433e-06,3.7471210248367323e-06,3.7471210248367217e-06,3.7471210248367107e-06,3.7471210248366997e-06,3.7471210248366887e-06,3.7471210248366777e-06,3.7471210248366667e-06,3.747121024836656e-06,3.7471210248366455e-06,3.7471210248366345e-06,3.7471210248366235e-06,3.747121024836612e-06,3.7471210248366014e-06,3.747121024836591e-06,3.74712102483658e-06,3.747121024836569e-06,3.7471210248365574e-06,3.7471210248365464e-06,3.747121024836535e-06,3.747121024836525e-06,3.7471210248365138e-06,3.7471210248365028e-06,3.7471210248364913e-06,3.7471210248364807e-06,3.7471210248364693e-06,3.747121024836459e-06,3.7471210248364477e-06,3.7471210248364367e-06,3.7471210248364257e-06,3.7471210248364147e-06,3.7471210248364037e-06,3.747121024836394e-06,3.747121024836383e-06,3.7471210248363715e-06,3.7471210248363605e-06,3.7471210248363494e-06,3.7471210248363393e-06,3.747121024836328e-06,3.7471210248363173e-06,3.7471210248363054e-06,3.7471210248362944e-06,3.7471210248362834e-06,3.7471210248362728e-06,3.747121024836262e-06,3.7471210248362508e-06,3.7471210248362398e-06,3.7471210248362287e-06,3.7471210248362173e-06,3.7471210248362067e-06,3.747121024836196e-06,3.7471210248361847e-06,3.7471210248361737e-06,3.747121024836163e-06,3.7471210248361517e-06,3.747121024836142e-06,3.747121024836131e-06,3.74712102483612e-06,3.7471210248361085e-06,3.747121024836098e-06,3.7471210248360864e-06,3.7471210248360763e-06,3.747121024836065e-06,3.7471210248360534e-06,3.747121024836043e-06,3.7471210248360314e-06,3.7471210248360204e-06,3.74712102483601e-06,3.747121024835999e-06,3.7471210248359878e-06,3.7471210248359776e-06,3.7471210248359666e-06,3.747121024835956e-06,3.747121024835945e-06,3.747121024835934e-06,3.747121024835923e-06,3.7471210248359115e-06,3.747121024835901e-06,3.74712102483589e-06,3.7471210248358793e-06,3.747121024835868e-06,3.747121024835857e-06,3.7471210248358455e-06,3.747121024835835e-06,3.7471210248358243e-06,3.7471210248358137e-06,3.7471210248358027e-06,3.7471210248357912e-06,3.7471210248357807e-06,3.7471210248357692e-06,3.747121024835759e-06,3.747121024835748e-06,3.747121024835737e-06,3.747121024835726e-06,3.7471210248357154e-06,3.7471210248357044e-06,3.747121024835694e-06,3.747121024835683e-06,3.747121024835672e-06,3.747121024835661e-06,3.7471210248356494e-06,3.7471210248356384e-06,3.7471210248356278e-06,3.747121024835617e-06,3.7471210248356057e-06,3.7471210248355947e-06,3.7471210248355833e-06,3.7471210248355727e-06,3.747121024835562e-06,3.7471210248355515e-06,3.7471210248355405e-06,3.747121024835529e-06,3.7471210248355185e-06,3.747121024835508e-06,3.747121024835497e-06,3.7471210248354855e-06,3.7471210248354745e-06,3.747121024835463e-06,3.7471210248354524e-06,3.747121024835442e-06,3.747121024835431e-06,3.74712102483542e-06,3.747121024835409e-06,3.747121024835398e-06,3.7471210248353864e-06,3.747121024835376e-06,3.747121024835365e-06,3.747121024835354e-06,3.7471210248353427e-06,3.7471210248353317e-06,3.747121024835321e-06,3.7471210248353106e-06,3.7471210248352995e-06,3.7471210248352885e-06,3.7471210248352775e-06,3.7471210248352665e-06,3.7471210248352555e-06,3.747121024835245e-06,3.747121024835234e-06,3.7471210248352225e-06,3.7471210248352115e-06,3.7471210248352004e-06,3.7471210248351894e-06,3.747121024835179e-06,3.7471210248351683e-06,3.747121024835157e-06,3.7471210248351454e-06,3.747121024835135e-06,3.747121024835124e-06,3.747121024835113e-06,3.747121024835102e-06,3.747121024835091e-06,3.7471210248350797e-06,3.747121024835069e-06,3.7471210248350586e-06,3.747121024835048e-06,3.747121024835037e-06,3.7471210248350255e-06,3.747121024835015e-06,3.7471210248350035e-06,3.747121024834993e-06,3.747121024834982e-06,3.747121024834971e-06,3.7471210248349595e-06,3.747121024834949e-06,3.747121024834938e-06,3.7471210248349273e-06,3.7471210248349163e-06,3.7471210248349057e-06,3.746595522566857e-06,3.7461933904571722e-06,3.7458588629392613e-06,3.745567815518645e-06,3.7453085993241793e-06,3.7450749196103145e-06,3.744862919922147e-06,3.7446699150663842e-06,3.744493823757661e-06,3.744332909738376e-06,3.7441856610094042e-06,3.7440507311651955e-06,3.743926908655756e-06,3.7438130986195215e-06,3.7437083104292235e-06,3.7436116479260434e-06,3.7435223010293257e-06,3.743439538168481e-06,3.743362699310829e-06,3.743291189496514e-06,3.7432244728444417e-06,3.7431620670112725e-06,3.743103538087774e-06,3.743048495915712e-06,3.7429965898067415e-06,3.7429475046398285e-06,3.7429009573136895e-06,3.7428566935309072e-06,3.7428144848865246e-06,3.742774126239241e-06,3.7427354333390748e-06,3.7426982406912476e-06,3.7426623996335195e-06,3.7426277766077753e-06,3.742594251607016e-06,3.742561716781846e-06,3.742530075189122e-06,3.7424992396702246e-06,3.7424691318449515e-06,3.7424396812098624e-06,3.742410824330128e-06,3.742382504114727e-06,3.742354669168076e-06,3.742327273207833e-06,3.742300274543481e-06,3.7422736356100377e-06,3.7422473225487307e-06,3.742221304831543e-06,3.7421955549250113e-06,3.742170047988702e-06,3.7421447616040876e-06,3.742119675531264e-06,3.74209477149226e-06,3.7420700329749864e-06,3.7420454450569273e-06,3.742020994248316e-06,3.7419966683497544e-06,3.7419724563253927e-06,3.7419483481884197e-06,3.7419243348982836e-06,3.7419004082674755e-06,3.741876560879343e-06,3.741852786012036e-06,3.741829077571823e-06,3.7418054300322177e-06,3.7417818383789997e-06,3.741758298061168e-06,3.741734804946263e-06,3.741711355280628e-06,3.741687945652978e-06,3.7416645729619193e-06,3.741641234386501e-06,3.7416179273593705e-06,3.7415946495441025e-06,3.7415713988116754e-06,3.7415481732218077e-06,3.7415249710056558e-06,3.741501790549208e-06,3.7414786303787913e-06,3.741455489149213e-06,3.7414323656304477e-06,3.7414092586966873e-06,3.741386167318793e-06,3.7413630905535386e-06,3.741340027536738e-06,3.741316977475125e-06,3.7412939396415536e-06,3.7412709133670735e-06,3.7412478980365094e-06,3.7412248930837744e-06,3.7412018979868983e-06,3.741178912265389e-06,3.7411559354752225e-06,3.7411329672051534e-06,3.7411100070755507e-06,3.7410870547346993e-06,3.7410641098563276e-06,3.7410411721370306e-06,3.7410182412952527e-06,3.74099531706859e-06,3.740972399212415e-06,3.7409494874984875e-06,3.740926581713216e-06,3.7409036816567933e-06,3.7408807871418025e-06,3.740857897992664e-06,3.7408350140433228e-06,3.740812135138529e-06,3.740789261131194e-06,3.7407663918826426e-06,3.740743527261527e-06,3.7407206671435002e-06,3.7406978114107845e-06,3.7406749599511332e-06,3.7406521126571527e-06,3.7406292694280913e-06,3.740606430167991e-06,3.740583594782751e-06,3.7405607631847327e-06,3.7405379352885266e-06,3.7405151110127507e-06,3.7404922902787935e-06,3.740469473011915e-06,3.7404466591399237e-06,3.7404238485933266e-06,3.7404010413036165e-06,3.7403782372073036e-06,3.7403554362397873e-06,3.7403326383407796e-06,3.7403098434527067e-06,3.740287051517096e-06,3.7402642624794937e-06,3.740241476286279e-06,3.7402186928844373e-06,3.740195912224105e-06,3.74017313425569e-06,3.7401503589311026e-06,3.740127586203345e-06,3.7401048160268163e-06,3.740082048357317e-06,3.7400592831512583e-06,3.7400365203676357e-06,3.7400137599635925e-06,3.7399910018999336e-06,3.7399682461363253e-06,3.7399454926348226e-06,3.7399227413579356e-06,3.739899992268204e-06,3.739877245330576e-06,3.7398545005084333e-06,3.739831757768754e-06,3.7398090170778916e-06,3.7397862784024467e-06,3.7397635417094396e-06,3.7397408069683848e-06,3.7397180741474893e-06,3.739695343216665e-06,3.739672614146218e-06,3.7396498869063673e-06,3.7396271614688627e-06,3.739604437805561e-06,3.7395817158892567e-06,3.739558995692771e-06,3.7395362771894086e-06,3.739513560353611e-06,3.739490845159691e-06,3.7394681315828557e-06,3.739445419598745e-06,3.7394227091829395e-06,3.739400000312597e-06,3.739377292963631e-06,3.7393545871145297e-06,3.7393318827417596e-06,3.7393091798241875e-06,3.739286478340239e-06,3.7392637782676015e-06,3.739241079588875e-06,3.7392183822814323e-06,3.7391956863258747e-06,3.739172991703068e-06,3.7391502983934053e-06,3.73912760637803e-06,3.7391049156384105e-06,3.7390822261572555e-06,3.7390595379156117e-06,3.739036850896571e-06,3.739014165083105e-06,3.7389914804591106e-06,3.7389687970067092e-06,3.738946114710305e-06,3.738923433555008e-06,3.7389007535231097e-06,3.738878074598723e-06,3.7388553967700867e-06,3.7388327200226545e-06,3.738810044338168e-06,3.738787369702672e-06,3.738764696103303e-06,3.738742023526853e-06,3.7387193519617876e-06,3.738696681393276e-06,3.738674011807462e-06,3.7386513431927446e-06,3.738628675535407e-06,3.738606008823817e-06,3.738583343045379e-06,3.73856067818765e-06,3.738538014240332e-06,3.7385153511915203e-06,3.738492689030886e-06,3.738470027746204e-06,3.7384473673274672e-06,3.738424707762338e-06,3.738402049043152e-06,3.738379391161573e-06,3.738356734101787e-06,3.738334077855738e-06,3.73831142241409e-06,3.7382887677689923e-06,3.7382661139104372e-06,3.738243460826381e-06,3.7382208085102486e-06,3.738198156954028e-06,3.7381755061469195e-06,3.738152856081308e-06,3.7381302067498155e-06,3.7381075581442844e-06,3.7380849102542737e-06,3.738062263073298e-06,3.73803961659358e-06,3.7380169708075176e-06,3.7379943257076483e-06,3.737971681286704e-06,3.7379490375372727e-06,3.737926394451844e-06,3.7379037520242195e-06,3.7378811102476433e-06,3.7378584691161907e-06,3.737835828620086e-06,3.737813188753382e-06,3.737790549507827e-06,3.7377679108948944e-06,3.737745272883518e-06,3.737722635481718e-06,3.737699998678519e-06,3.7376773624696557e-06,3.737654726849689e-06,3.737632091812391e-06,3.7376094573506707e-06,3.7375868234621024e-06,3.7375641901426746e-06,3.737541557384633e-06,3.7375189251836598e-06,3.7374962935342794e-06,3.7374736624319764e-06,3.7374510318715386e-06,3.7374284018477533e-06,3.737405772357114e-06,3.737383143394385e-06,3.7373605149552733e-06,3.7373378870358597e-06,3.7373152596298026e-06,3.737292632735166e-06,3.73727000634569e-06,3.7372473804598325e-06,3.7372247550875757e-06,3.737202130193613e-06,3.7371795057908167e-06,3.737156881857857e-06,3.7371342584352802e-06,3.7371116354678563e-06,3.7370890129876465e-06,3.7370663909814584e-06,3.7370437694435393e-06,3.737021148370806e-06,3.736998527762819e-06,3.7369759076065572e-06,3.736953287908946e-06,3.7369306686616285e-06,3.736908049863921e-06,3.736885431513884e-06,3.7368628136062213e-06,3.73684019613901e-06,3.7368175791088402e-06,3.7367949625084494e-06,3.736772346344474e-06,3.7367497306082687e-06,3.736727115300545e-06,3.7367045004272447e-06,3.7366818859615327e-06,3.73665927191548e-06,3.736636658283777e-06,3.7366140450653884e-06,3.7365914322586053e-06,3.736568819883606e-06,3.7365462078852487e-06,3.7365235962984078e-06,3.7365009851114e-06,3.7364783743206132e-06,3.7364557639320868e-06,3.7364331539361313e-06,3.736410544353323e-06,3.7363879351420604e-06,3.7363653263064113e-06,3.736342717871471e-06,3.7363201098275746e-06,3.7362975021613604e-06,3.736274894887944e-06,3.7362522879804893e-06,3.7362296814561953e-06,3.7362070753047737e-06,3.7361844695274464e-06,3.736161864122926e-06,3.7361392590890794e-06,3.7361166544087863e-06,3.736094050112079e-06,3.736071446181485e-06,3.736048842618102e-06,3.7360262394159155e-06,3.736003636574754e-06,3.7359810340930376e-06,3.7359584319704956e-06,3.7359358302030366e-06,3.735913228794746e-06,3.7358906277162643e-06,3.735868026994435e-06,3.7358454266183456e-06,3.73582282663592e-06,3.7358002269844527e-06,3.735777627682441e-06,3.7357550287254873e-06,3.735732430110505e-06,3.7357098318485727e-06,3.735687233930684e-06,3.7356646363505223e-06,3.7356420391182886e-06,3.7356194422223833e-06,3.7355968456580435e-06,3.735574249437276e-06,3.7355516535468772e-06,3.735529057996366e-06,3.7355064627785817e-06,3.7354838678919376e-06,3.7354612733428617e-06,3.7354386791225187e-06,3.7354160852365637e-06,3.73539349167016e-06,3.7353708984283958e-06,3.735348305527054e-06,3.735325712950805e-06,3.7353031207031605e-06,3.7352805287839694e-06,3.7352579371962667e-06,3.7352353459214097e-06,3.7352127549696453e-06,3.7351901643434e-06,3.735167574039298e-06,3.735144984054173e-06,3.7351223944003965e-06,3.735099805057144e-06,3.735077216036621e-06,3.735054627271498e-06,3.7350320388845584e-06,3.735009450810185e-06,3.734986863046216e-06,3.734964275602733e-06,3.7349416884692906e-06,3.7349191016545982e-06,3.7348965151519757e-06,3.7348739289645637e-06,3.734851343089013e-06,3.734828757513981e-06,3.7348061722598085e-06,3.734783587314042e-06,3.734761002681348e-06,3.734738418359863e-06,3.7347158343483974e-06,3.734693250642128e-06,3.734670667315509e-06,3.7346480842281358e-06,3.7346255014761103e-06,3.734602918998531e-06,3.73458033682659e-06,3.7345577549606265e-06,3.7345351734004175e-06,3.7345125921440967e-06,3.7344900111920235e-06,3.7344674305433714e-06,3.7344448502123732e-06,3.734422270168382e-06,3.7343996904302946e-06,3.734377110998925e-06,3.734354531921297e-06,3.7343319530777684e-06,3.734309374547835e-06,3.7342867963178164e-06,3.7342642183817217e-06,3.734241640746628e-06,3.7342190634156717e-06,3.734196486382986e-06,3.7341739096561713e-06,3.734151333250509e-06,3.73412875713557e-06,3.734106181293611e-06,3.7340836057518083e-06,3.7340610305118153e-06,3.7340384555995854e-06,3.7340158809529004e-06,3.7339933065958862e-06,3.733970732534097e-06,3.733948158768014e-06,3.7339255852971856e-06,3.7339030120826885e-06,3.733880439203773e-06,3.73385786661781e-06,3.7338352943128453e-06,3.7338127223155565e-06,3.7337901505561074e-06,3.7337675791442183e-06,3.7337450080281576e-06,3.7337224371778984e-06,3.7336998666544656e-06,3.733677296419823e-06,3.7336547264744187e-06,3.7336321568215892e-06,3.733609587469293e-06,3.7335870183921392e-06,3.7335644496131864e-06,3.7335418811265083e-06,3.7335193129370896e-06,3.7334967450434425e-06,3.7334741775179345e-06,3.7334516101947277e-06,3.7334290431483202e-06,3.7334064764054237e-06,3.7333839099541264e-06,3.733361343791351e-06,3.7333387778702906e-06,3.7333162122865642e-06,3.7332936469920987e-06,3.733271081974232e-06,3.733248517249604e-06,3.7332259528225658e-06,3.733203388683952e-06,3.7331808248338006e-06,3.733158261273405e-06,3.733135697999905e-06,3.7331131350144857e-06,3.7330905722802637e-06,3.7330680098705442e-06,3.7330454477485047e-06,3.7330228859118144e-06,3.7330003243646676e-06,3.732977763104642e-06,3.7329552021321164e-06,3.7329326414477124e-06,3.7329100810488424e-06,3.7328875209367146e-06,3.73286496111277e-06,3.732842401574008e-06,3.732819842315409e-06,3.732797283349365e-06,3.7327747246697353e-06,3.7327521662827633e-06,3.7327296081746926e-06,3.732707050350257e-06,3.7326844927823814e-06,3.7326619355315567e-06,3.7326393785665464e-06,3.7326168219053977e-06,3.7325942655110128e-06,3.732571709401909e-06,3.7325491535779146e-06,3.732526598037432e-06,3.7325040427895223e-06,3.732481487820627e-06,3.732458933113733e-06,3.7324363787307075e-06,3.7324138246161557e-06,3.7323912707864908e-06,3.7323687172407123e-06,3.7323461639794506e-06,3.7323236110032874e-06,3.732301058310462e-06,3.7322785058920185e-06,3.732255953768069e-06,3.7322334019298935e-06,3.73221085037333e-06,3.732188299099349e-06,3.7321657481084133e-06,3.7321431974036147e-06,3.732120646983678e-06,3.7320980968485865e-06,3.7320755470780746e-06,3.7320529975194246e-06,3.7320304482290317e-06,3.7320078992374513e-06,3.7319853505170255e-06,3.73196280209118e-06,3.731940253939842e-06,3.731917706061315e-06,3.7318951584753335e-06,3.7318726112162777e-06,3.7318500641947243e-06,3.7318275175103693e-06,3.7318049710540567e-06,3.7317824248812008e-06,3.7317598789805198e-06,3.731737333371688e-06,3.7317147880386044e-06,3.7316922430015028e-06,3.7316696982743804e-06,3.7316471537946006e-06,3.731624609599719e-06,3.7316020657255855e-06,3.731579522095689e-06,3.731556978752204e-06,3.7315344356920325e-06,3.731511892906204e-06,3.731489350404328e-06,3.731466808150439e-06,3.7314442661691447e-06,3.731421724512418e-06,3.7313991831402022e-06,3.731376642051067e-06,3.731354101228605e-06,3.7313315606954834e-06,3.7313090204522634e-06,3.731286480578078e-06,3.7312639408975926e-06,3.731241401503895e-06,3.731218862385725e-06,3.7311963235509596e-06,3.731173784994513e-06,3.7311512467224347e-06,3.7311287087337958e-06,3.731106171035295e-06,3.7310836336242395e-06,3.731061096457027e-06,3.7310385595914015e-06,3.7310160230165965e-06,3.730993486714622e-06,3.730970950692866e-06,3.7309484149583295e-06,3.73092587950209e-06,3.7309033443313207e-06,3.7308808093951903e-06,3.7308582747796724e-06,3.730835740446511e-06,3.7308132064338115e-06,3.7307906726695774e-06,3.730768139182926e-06,3.7307456059796214e-06,3.7307230730549897e-06,3.7307005404048123e-06,3.7306780080370738e-06,3.730655475955787e-06,3.730632944154366e-06,3.730610412644477e-06,3.7305878814049295e-06,3.730565350442934e-06,3.730542819765546e-06,3.7305202893690623e-06,3.7304977592663535e-06,3.7304752294224407e-06,3.7304526998790467e-06,3.7304301706180756e-06,3.730407641624877e-06,3.7303851129176934e-06,3.730362584484383e-06,3.730340056433395e-06,3.730317528565582e-06,3.7302950010041052e-06,3.7302724736928434e-06,3.730249946674991e-06,3.730227419940696e-06,3.730204893485276e-06,3.730182367306046e-06,3.7301598414027695e-06,3.730137315782556e-06,3.7301147904369646e-06,3.7300922654829675e-06,3.7300697407129853e-06,3.7300472162686463e-06,3.7300246920702958e-06,3.7300021681711118e-06,3.7299796445682042e-06,3.7299571211908565e-06,3.729934598092304e-06,3.7299120751945215e-06,3.7298895526637785e-06,3.729867030413302e-06,3.7298445085323906e-06,3.729821986847128e-06,3.729799465428865e-06,3.7297769442961664e-06,3.7297544234717616e-06,3.729731902888625e-06,3.7297093826370886e-06,3.729686862573104e-06,3.729664342847757e-06,3.7296418234021857e-06,3.7296193042389175e-06,3.729596785246231e-06,3.729574266643092e-06,3.729551748341902e-06,3.7295292302943067e-06,3.729506712503294e-06,3.729484195020932e-06,3.7294616778187503e-06,3.7294391608843e-06,3.729416644241516e-06,3.7293941278844686e-06,3.729371611812458e-06,3.7293490959750547e-06,3.7293265804556625e-06,3.729304065219441e-06,3.7292815502919424e-06,3.729259035616256e-06,3.7292365212043963e-06,3.7292140071074494e-06,3.729191493266968e-06,3.729168979706456e-06,3.729146466445199e-06,3.729123953452598e-06,3.7291014407493478e-06,3.7290789282879143e-06,3.729056416133377e-06,3.7290339042672117e-06,3.729011392666029e-06,3.728988881350159e-06,3.7289663703087456e-06,3.7289438595211374e-06,3.728921349059894e-06,3.728898838794212e-06,3.728876328895893e-06,3.728853819259765e-06,3.7288313099127718e-06,3.7288088008412447e-06,3.7287862920759264e-06,3.7287637835833565e-06,3.7287412753485904e-06,3.7287187673578464e-06,3.728696259549693e-06,3.728673752151519e-06,3.7286512450463433e-06,3.7286287382103645e-06,3.728606231670289e-06,3.72858372535149e-06,3.728561219362176e-06,3.728538713688377e-06,3.7285162082615556e-06,3.7284937031214333e-06,3.728471198271298e-06,3.7284486936712745e-06,3.728426189354237e-06,3.7284036853170142e-06,3.7283811815328155e-06,3.728358678055155e-06,3.728336174863126e-06,3.728313671986975e-06,3.7282911693486705e-06,3.728268666996001e-06,3.7282461648986853e-06,3.7282236630948437e-06,3.7282011615719717e-06,3.728178660337211e-06,3.7281561593875e-06,3.728133658709254e-06,3.728111158346799e-06,3.728088658233197e-06,3.7280661584028897e-06,3.728043658855941e-06,3.728021159572543e-06,3.7279986605735594e-06,3.7279761618494978e-06,3.7279536634339188e-06,3.7279311652868407e-06,3.7279086673492864e-06,3.7278861697708e-06,3.7278636724508954e-06,3.7278411754194995e-06,3.7278186785736055e-06,3.7277961820996344e-06,3.7277736859125927e-06,3.7277511899999173e-06,3.727728694328805e-06,3.7277061989720293e-06,3.727683703900665e-06,3.727661209092626e-06,3.7276387145768516e-06,3.7276162203446963e-06,3.7275937263993803e-06,3.727571232725034e-06,3.727548739332866e-06,3.727526246213913e-06,3.727503753376687e-06,3.727481260821522e-06,3.727458768542324e-06,3.7274362765757986e-06,3.7274137848593023e-06,3.727391293444015e-06,3.727368802281299e-06,3.727346311410575e-06,3.727323820819988e-06,3.7273013305020723e-06,3.727278840406918e-06,3.727256350641506e-06,3.727233861167567e-06,3.727211371984798e-06,3.7271888830835497e-06,3.7271663944510268e-06,3.727143906139516e-06,3.7271214180638488e-06,3.727098930263662e-06,3.7270764426879442e-06,3.72705395544747e-06,3.7270314684844345e-06,3.727008981822604e-06,3.726986495449097e-06,3.7269640093326725e-06,3.7269415234871856e-06,3.7269190379268605e-06,3.7268965526496747e-06,3.726874067643147e-06,3.726851582917076e-06,3.7268290984723135e-06,3.7268066143102996e-06,3.726784130435008e-06,3.7267616468332526e-06,3.7267391635101376e-06,3.7267166804662347e-06,3.726694197702482e-06,3.7266717152201394e-06,3.7266492330210664e-06,3.726626751076494e-06,3.7266042694828776e-06,3.7265817881144414e-06,3.7265593070325505e-06,3.7265368262306113e-06,3.726514345820483e-06,3.726491865581352e-06,3.726469385611741e-06,3.726446905851324e-06,3.726424426441901e-06,3.7264019473200992e-06,3.726379468477705e-06,3.726356989816315e-06,3.7263345115230443e-06,3.7263120335208267e-06,3.7262895557688265e-06,3.726267078315874e-06,3.726244601063466e-06,3.7262221241704465e-06,3.7261996474222676e-06,3.7261771710913426e-06,3.7261546950378667e-06,3.726132219164489e-06,3.726109743671162e-06,3.7260872684320086e-06,3.7260647935246284e-06,3.7260423188002873e-06,3.7260198444302427e-06,3.725997370334615e-06,3.7259748965196102e-06,3.7259524229084873e-06,3.7259299496769063e-06,3.725907476708624e-06,3.725885004010093e-06,3.7258625316104608e-06,3.7258400594729562e-06,3.7258175876132636e-06,3.725795116052134e-06,3.7257726447574476e-06,3.7257501737090284e-06,3.7257277029265766e-06,3.7257052324663273e-06,3.725682762284213e-06,3.7256602923798296e-06,3.72563782275583e-06,3.7256153534400934e-06,3.7255928843854724e-06,3.725570415602138e-06,3.7255479471022506e-06,3.7255254788804146e-06,3.7255030109335026e-06,3.725480543255373e-06,3.725458075879036e-06,3.725435608679169e-06,3.725413141852092e-06,3.725390675310983e-06,3.725368209061008e-06,3.725345743089597e-06,3.7253232774114613e-06,3.72530081198141e-06,3.7252783468481173e-06,3.7252558819777683e-06,3.7252334173905317e-06,3.7252109530960486e-06,3.7251884890631798e-06,3.7251660253122276e-06,3.7251435617939287e-06,3.7251210985993086e-06,3.7250986356935844e-06,3.7250761729776417e-06,3.7250537106232135e-06,3.725031248563007e-06,3.725008786774342e-06,3.7249863252761647e-06,3.7249638640363747e-06,3.7249414030815274e-06,3.7249189423700793e-06,3.7248964819836076e-06,3.7248740218870982e-06,3.724851562051665e-06,3.724829102504228e-06,3.724806643183391e-06,3.7247841841545222e-06,3.72476172544224e-06,3.7247392670081463e-06,3.7247168088480766e-06,3.724694350973917e-06,3.7246718933787102e-06,3.7246494360597307e-06,3.7246269790412683e-06,3.7246045222695182e-06,3.72458206580445e-06,3.724559609607375e-06,3.7245371536891537e-06,3.7245146980300987e-06,3.7244922426720983e-06,3.724469787580153e-06,3.724447332773492e-06,3.724424878251059e-06,3.7244024240040884e-06,3.724379969929652e-06,3.7243575162408813e-06,3.7243350627810186e-06,3.7243126096525973e-06,3.724290156804906e-06,3.7242677042364224e-06,3.7242452519426835e-06,3.724222799930873e-06,3.724200348199836e-06,3.7241778967488416e-06,3.7241554455771046e-06,3.7241329946965864e-06,3.72411054407952e-06,3.724088093725661e-06,3.724065643688781e-06,3.7240431939192033e-06,3.724020744430453e-06,3.7239982952286757e-06,3.7239758462301538e-06,3.723953397592038e-06,3.7239309492183977e-06,3.7239085011565557e-06,3.7238860533381683e-06,3.723863605709184e-06,3.7238411583514706e-06,3.7238187113821406e-06,3.7237962646826622e-06,3.72377381830787e-06,3.7237513721709334e-06,3.723728926362853e-06,3.7237064807169154e-06,3.723684035335153e-06,3.7236615903063932e-06,3.7236391455612455e-06,3.7236167011013286e-06,3.723594256841518e-06,3.723571812950466e-06,3.7235493693723246e-06,3.7235269260308067e-06,3.7235044829728e-06,3.723482040187793e-06,3.723459597658184e-06,3.723437155434702e-06,3.723414713482113e-06,3.72339227166539e-06,3.723369830310263e-06,3.7233473891933427e-06,3.7233249483460564e-06,3.7233025077990785e-06,3.7232800675311263e-06,3.723257627528439e-06,3.72323518773643e-06,3.7232127482781058e-06,3.7231903091217293e-06,3.7231678702244674e-06,3.723145431629002e-06,3.7231229933078993e-06,3.7231005552640714e-06,3.7230781175008477e-06,3.7230556800100248e-06,3.7230332428076974e-06,3.7230108058700798e-06,3.7229883690890183e-06,3.722965932730135e-06,3.7229434966340044e-06,3.722921060850185e-06,3.7228986254214e-06,3.7228761901812225e-06,3.7228537552110917e-06,3.7228313204347336e-06,3.722808886070613e-06,3.72278645194001e-06,3.7227640180901792e-06,3.7227415845376555e-06,3.7227191512674567e-06,3.722696718260107e-06,3.722674285529353e-06,3.722651853072376e-06,3.722629420902175e-06,3.7226069890053414e-06,3.7225845573073763e-06,3.722562125969414e-06,3.722539694916548e-06,3.7225172641440323e-06,3.722494833644662e-06,3.722472403354034e-06,3.7224499735017324e-06,3.722427543826362e-06,3.722405114442584e-06,3.722382685342534e-06,3.722360256515805e-06,3.722337827982009e-06,3.7223153997201033e-06,3.7222929717145955e-06,3.7222705439951836e-06,3.7222481165705556e-06,3.722225689426608e-06,3.7222032625568343e-06,3.7221808358711032e-06,3.72215840948533e-06,3.722135983480739e-06,3.722113557728592e-06,3.722091132249194e-06,3.722068706988252e-06,3.722046282063055e-06,3.7220238574598022e-06,3.7220014331058475e-06,3.7219790090637685e-06,3.7219565852741486e-06,3.7219341617614822e-06,3.721911738522461e-06,3.721889315575045e-06,3.7218668929139723e-06,3.721844470526615e-06,3.721822048404412e-06,3.7217996265595997e-06,3.7217772049931885e-06,3.7217547837065077e-06,3.721732362525687e-06,3.721709941801861e-06,3.7216875213643477e-06,3.7216651011943845e-06,3.7216426813037983e-06,3.7216202617695055e-06,3.721597842450013e-06,3.721575423399326e-06,3.7215530046345343e-06,3.721530586131339e-06,3.721508167934313e-06,3.7214857499407175e-06,3.7214633322915414e-06,3.721440914914906e-06,3.7214184978192945e-06,3.7213960810126387e-06,3.721373664492869e-06,3.7213512482406194e-06,3.7213288322497886e-06,3.7213064165551914e-06,3.7212840011319323e-06,3.7212615860433508e-06,3.721239171153577e-06,3.7212167565700445e-06,3.7211943422293673e-06,3.7211719281968817e-06,3.7211495144333985e-06,3.7211271009667537e-06,3.7211046877791526e-06,3.7210822748601265e-06,3.7210598622135007e-06,3.7210374498646244e-06,3.7210150377992423e-06,3.7209926260105203e-06,3.720970214496278e-06,3.7209478032735303e-06,3.720925392325793e-06,3.7209029817000066e-06,3.720880571308378e-06,3.7208581611911503e-06,3.720835751356024e-06,3.72081334179887e-06,3.7207909325257683e-06,3.7207685235233472e-06,3.720746114813983e-06,3.7207237062945528e-06,3.7207012981170274e-06,3.720678890243515e-06,3.720656482645797e-06,3.7206340753190227e-06,3.7206116682696593e-06,3.720589261507219e-06,3.720566855024704e-06,3.720544448822378e-06,3.7205220429477184e-06,3.7204996372877507e-06,3.720477231914291e-06,3.7204548267236783e-06,3.720432421913265e-06,3.7204100173705848e-06,3.7203876130961737e-06,3.720365209182799e-06,3.7203428053993853e-06,3.7203204019913775e-06,3.72029799888551e-06,3.7202755961002046e-06,3.7202531935190187e-06,3.7202307912443474e-06,3.720208389226259e-06,3.7201859874818864e-06,3.720163586021306e-06,3.720141184839934e-06,3.720118783898329e-06,3.7200963832694165e-06,3.720073983044106e-06,3.720051582978081e-06,3.720029183187368e-06,3.7200067836862467e-06,3.7199843844508867e-06,3.7199619854195397e-06,3.719939586762772e-06,3.7199171883717567e-06,3.719894790250765e-06,3.719872392412223e-06,3.7198499948558495e-06,3.719827597579435e-06,3.7198052005777995e-06,3.7197828038623565e-06,3.719760407419134e-06,3.719738011260994e-06,3.7197156153886566e-06,3.7196932197135954e-06,3.719670824393882e-06,3.719648429346301e-06,3.7196260346441894e-06,3.7196036401570937e-06,3.7195812459501596e-06,3.719558852014918e-06,3.7195364583588443e-06,3.7195140650217033e-06,3.7194916718993793e-06,3.7194692791389365e-06,3.71944688660126e-06,3.7194244942406485e-06,3.7194021021876086e-06,3.7193797104553126e-06,3.719357319041701e-06,3.7193349279010333e-06,3.7193125369517112e-06,3.7192901463639274e-06,3.7192677560566344e-06,3.7192453660207895e-06,3.719222976272839e-06,3.7192005868090746e-06,3.71917819761434e-06,3.719155808684797e-06,3.7191334200540676e-06,3.719111031699307e-06,3.719088643625047e-06,3.7190662558308027e-06,3.7190438683137683e-06,3.7190214811107523e-06,3.718999094163163e-06,3.718976707363978e-06,3.7189543209625426e-06,3.718931934842806e-06,3.7189095490223412e-06,3.7188871634609577e-06,3.7188647781760024e-06,3.7188423931701963e-06,3.718820008407321e-06,3.7187976239581826e-06,3.718775239810593e-06,3.718752855872772e-06,3.7187304722592913e-06,3.7187080889268956e-06,3.7186857058747057e-06,3.7186633231010312e-06,3.7186409406130178e-06,3.718618558394529e-06,3.718596176473711e-06,3.718573794816575e-06,3.718551413439122e-06,3.718529032375387e-06,3.7185066515172425e-06,3.718484270974353e-06,3.7184618908049444e-06,3.7184395108629443e-06,3.7184171311626573e-06,3.7183947517337554e-06,3.718372372583645e-06,3.718349993720364e-06,3.7183276151491667e-06,3.7183052368364505e-06,3.718282858804673e-06,3.7182604810880437e-06,3.7182381036147325e-06,3.718215726423318e-06,3.718193349501768e-06,3.7181709728628174e-06,3.7181485964974893e-06,3.7181262204167104e-06,3.7181038446154677e-06,3.718081469095433e-06,3.7180590938632957e-06,3.71803671890252e-06,3.718014344217142e-06,3.7179919698635677e-06,3.7179695957350693e-06,3.717947221903833e-06,3.7179248483650135e-06,3.7179024750557163e-06,3.7178801020410197e-06,3.7178577293052257e-06,3.717835356852079e-06,3.7178129846749026e-06,3.717790612774414e-06,3.7177682411502523e-06,3.717745869813565e-06,3.7177234986807963e-06,3.7177011279227043e-06,3.7176787572850697e-06,3.717656387061268e-06,3.7176340169534626e-06,3.7176116472925654e-06,3.717589277905498e-06,3.717566908785224e-06,3.7175445399597843e-06,3.7175221714092444e-06,3.717499803128228e-06,3.717477435127768e-06,3.717455067408559e-06,3.717432699883067e-06,3.717410332592456e-06,3.717387965777213e-06,3.7173655991764137e-06,3.7173432328413143e-06,3.717320866796355e-06,3.7172985010237008e-06,3.7172761355660873e-06,3.7172537703591528e-06,3.7172314053248906e-06,3.7172090406785614e-06,3.7171866763085683e-06,3.7171643122025407e-06,3.7171419483052945e-06,3.717119584829805e-06,3.717097221553709e-06,3.7170748585568018e-06,3.7170524958703773e-06,3.717030133478392e-06,3.717007771342667e-06,3.7169854094773866e-06,3.716963047891906e-06,3.7169406865871475e-06,3.7169183255595286e-06,3.7168959648020997e-06,3.716873604333559e-06,3.716851244148477e-06,3.7168288842337492e-06,3.716806524607692e-06,3.716784165255087e-06,3.7167618061793057e-06,3.716739447384539e-06,3.7167170888630246e-06,3.7166947306299177e-06,3.716672372666056e-06,3.7166500149812674e-06,3.716627657495649e-06,3.7166053003691068e-06,3.716582943502406e-06,3.7165605869355764e-06,3.716538230663605e-06,3.71651587465841e-06,3.7164935189263363e-06,3.716471163472162e-06,3.716448808298196e-06,3.7164264533993183e-06,3.7164040987827914e-06,3.716381744445254e-06,3.716359390385992e-06,3.7163370365855653e-06,3.716314683012285e-06,3.716292329788297e-06,3.7162699768516546e-06,3.71624762417619e-06,3.7162252717957116e-06,3.716202919685829e-06,3.7161805677783102e-06,3.7161582162221252e-06,3.7161358649398372e-06,3.716113513936661e-06,3.7160911632209957e-06,3.716068812786996e-06,3.716046462559364e-06,3.7160241126867594e-06,3.716001763094257e-06,3.715979413773211e-06,3.7159570647209616e-06,3.715934715908442e-06,3.7159123674214696e-06,3.7158900192193436e-06,3.7158676713040984e-06,3.7158453236447024e-06,3.715822976323277e-06,3.7158006292348523e-06,3.715778282420544e-06,3.7157559358856703e-06,3.7157335896284523e-06,3.715711243650909e-06,3.7156888979325152e-06,3.7156665524082983e-06,3.7156442072648282e-06,3.7156218624376686e-06,3.715599517856604e-06,3.7155771735401264e-06,3.7155548295481116e-06,3.7155324858043343e-06,3.715510142355136e-06,3.7154877991643313e-06,3.715465456248247e-06,3.715443113612807e-06,3.7154207712561776e-06,3.7153984291791514e-06,3.715376087442278e-06,3.715353745921661e-06,3.715331404682983e-06,3.7153090638067665e-06,3.7152867231687553e-06,3.7152643827669545e-06,3.71524204263929e-06,3.71521970279053e-06,3.715197363217071e-06,3.715175023836473e-06,3.7151526848219823e-06,3.7151303460888834e-06,3.71510800763156e-06,3.715085669454241e-06,3.71506333159631e-06,3.7150409939928547e-06,3.715018656650053e-06,3.714996319593721e-06,3.7149739827985613e-06,3.7149516462915967e-06,3.7149293100562e-06,3.7149069741298534e-06,3.714884638458927e-06,3.714862303085356e-06,3.7148399679672344e-06,3.714817633133806e-06,3.714795298574747e-06,3.7147729642965557e-06,3.714750630298489e-06,3.7147282964568294e-06,3.7147059630195024e-06,3.714683629860845e-06,3.714661296976928e-06,3.7146389643770752e-06,3.7146166320331852e-06,3.7145942999842795e-06,3.7145719681777036e-06,3.71454963671011e-06,3.7145273054660333e-06,3.714504974535663e-06,3.7144826438762022e-06,3.7144603134960107e-06,3.7144379834071977e-06,3.7144156535848427e-06,3.714393323931108e-06,3.714370994665075e-06,3.714348665677614e-06,3.714326336959324e-06,3.7143040085260688e-06,3.7142816803748584e-06,3.71425935252489e-06,3.7142370249324266e-06,3.714214697627835e-06,3.714192370586086e-06,3.7141700438333104e-06,3.714147717352342e-06,3.7141253911349684e-06,3.7141030651335036e-06,3.7140807394862776e-06,3.7140584141136327e-06,3.7140360890250996e-06,3.71401376413172e-06,3.713991439599687e-06,3.713969115370191e-06,3.713946791401477e-06,3.7139244676959736e-06,3.713902144277879e-06,3.713879821129054e-06,3.713857498278117e-06,3.713835175693569e-06,3.7138128533794228e-06,3.7137905313549864e-06,3.7137682096112767e-06,3.713745888158265e-06,3.7137235669733055e-06,3.713701246063129e-06,3.713678925413652e-06,3.7136566050420367e-06,3.713634284891082e-06,3.713611965109056e-06,3.713589645597815e-06,3.713567326351875e-06,3.713545007391257e-06,3.7135226887351922e-06,3.713500370332266e-06,3.7134780521219983e-06,3.713455734261758e-06,3.7134334166937356e-06,3.713411099402733e-06,3.7133887823941376e-06,3.713366465667131e-06,3.7133441491309323e-06,3.7133218330027545e-06,3.713299517098017e-06,3.7132772015162093e-06,3.7132548861625424e-06,3.713232571096036e-06,3.7132102563088822e-06,3.7131879417992095e-06,3.7131656275791857e-06,3.713143313623469e-06,3.713120999860809e-06,3.7130986864815088e-06,3.7130763733637043e-06,3.7130540605190807e-06,3.713031747961104e-06,3.7130094356779125e-06,3.7129871236100893e-06,3.712964811891265e-06,3.712942500452698e-06,3.712920189281066e-06,3.712897878390589e-06,3.712875567781636e-06,3.7128532574487943e-06,3.7128309473946983e-06,3.7128086376140567e-06,3.712786328165001e-06,3.712764018944608e-06,3.7127417099760814e-06,3.7127194013131947e-06,3.7126970929271628e-06,3.712674784796657e-06,3.712652476948722e-06,3.7126301693151563e-06,3.7126078620427076e-06,3.7125855550491788e-06,3.712563248334559e-06,3.7125409419026777e-06,3.7125186357418446e-06,3.7124963298651854e-06,3.7124740242857417e-06,3.712451718963046e-06,3.7124294139165126e-06,3.7124071091486916e-06,3.712384804661688e-06,3.712362500456057e-06,3.7123401965224738e-06,3.7123178927868603e-06,3.7122955894170778e-06,3.712273286322562e-06,3.712250983595309e-06,3.712228681055573e-06,3.7122063787934745e-06,3.7121840768379117e-06,3.7121617751324e-06,3.712139473687674e-06,3.7121171725364785e-06,3.7120948716711183e-06,3.7120725710795323e-06,3.7120502707703932e-06,3.7120279707342855e-06,3.712005670974902e-06,3.711983371555623e-06,3.7119610723609216e-06,3.7119387734197475e-06,3.71191647475818e-06,3.7118941763192904e-06,3.711871878172218e-06,3.7118495803580523e-06,3.7118272828106582e-06,3.711804985562879e-06,3.711782688565251e-06,3.711760391823884e-06,3.7117380953787116e-06,3.71171579926903e-06,3.711693503350211e-06,3.7116712077385973e-06,3.711648912392767e-06,3.711626617353373e-06,3.7116043226081086e-06,3.71158202814236e-06,3.711559733955533e-06,3.7115374400395863e-06,3.711515146398666e-06,3.7114928529682716e-06,3.711470559886469e-06,3.7114482670830537e-06,3.7114259745640623e-06,3.711403682253791e-06,3.711381390287864e-06,3.711359098597641e-06,3.711336807164626e-06,3.7113145160529155e-06,3.7112922251933594e-06,3.7112699346154973e-06,3.7112476443120704e-06,3.711225354289761e-06,3.711203064550427e-06,3.711180775081834e-06,3.711158485900405e-06,3.711136196993085e-06,3.7111139083619566e-06,3.711091620011163e-06,3.7110693319382895e-06,3.7110470441413534e-06,3.7110247566209062e-06,3.711002469379854e-06,3.7109801824196545e-06,3.710957895717349e-06,3.7109356093082736e-06,3.710913323162637e-06,3.7108910373334895e-06,3.7108687517602347e-06,3.7108464664521465e-06,3.7108241814360768e-06,3.7108018966816673e-06,3.710779612232007e-06,3.710757328048209e-06,3.710735044147585e-06,3.7107127605654318e-06,3.7106904772291978e-06,3.7106681942167976e-06,3.710645911396254e-06,3.7106236288914758e-06,3.710601346619559e-06,3.710579064664442e-06,3.7105567829891386e-06,3.7105345015916055e-06,3.7105122204610105e-06,3.710489939618046e-06,3.710467659055644e-06,3.7104453787705346e-06,3.710423098764802e-06,3.7104008190330247e-06,3.7103785395794792e-06,3.7103562604072854e-06,3.710333981510494e-06,3.710311702883103e-06,3.710289424543144e-06,3.7102671465071384e-06,3.710244868745475e-06,3.7102225912403604e-06,3.7102003140121818e-06,3.7101780370620663e-06,3.7101557603912264e-06,3.710133484014275e-06,3.7101112078954514e-06,3.7100889320865574e-06,3.710066656541298e-06,3.7100443812665083e-06,3.710022106263118e-06,3.709999831530014e-06,3.709977557081575e-06,3.709955282911737e-06,3.7099330090202653e-06,3.7099107354108765e-06,3.709888462074663e-06,3.70986618901543e-06,3.709843916216958e-06,3.7098216437063635e-06,3.7097993714856794e-06,3.7097770995405604e-06,3.709754827878961e-06,3.709732556491717e-06,3.7097102853816355e-06,3.7096880145323523e-06,3.7096657439618908e-06,3.7096434736591395e-06,3.709621203659569e-06,3.709598933943124e-06,3.709576664493075e-06,3.709554395351307e-06,3.7095321264868183e-06,3.709509857876406e-06,3.70948758958283e-06,3.7094653215272133e-06,3.7094430537563257e-06,3.709420786262614e-06,3.709398519043688e-06,3.709376252126508e-06,3.7093539854656884e-06,3.7093317190814314e-06,3.709309452997068e-06,3.7092871871721993e-06,3.709264921619917e-06,3.7092426563473006e-06,3.709220391350241e-06,3.7091981266229844e-06,3.709175862185369e-06,3.7091535980054117e-06,3.7091313341218797e-06,3.7091090705167065e-06,3.7090868071978363e-06,3.709064544062252e-06,3.709042281291871e-06,3.7090200188679517e-06,3.7089977566738506e-06,3.7089754947929645e-06,3.7089532331235826e-06,3.70893097174409e-06,3.7089087106392975e-06,3.708886449813178e-06,3.70886418936656e-06,3.7088419290968924e-06,3.7088196690529794e-06,3.7087974093398485e-06,3.708775149905969e-06,3.7087528907475603e-06,3.7087306318633786e-06,3.7087083732611093e-06,3.7086861149399253e-06,3.708663856920934e-06,3.708641599153219e-06,3.7086193416870192e-06,3.7085970844758715e-06,3.7085748275459464e-06,3.708552570895445e-06,3.7085303145175704e-06,3.7085080584132144e-06,3.7084858025779307e-06,3.7084635470441636e-06,3.708441291773007e-06,3.708419036782848e-06,3.7083967820701236e-06,3.7083745276357774e-06,3.7083522734097678e-06,3.708330019533502e-06,3.7083077659312905e-06,3.7082855126087923e-06,3.708263259561226e-06,3.708241006793109e-06,3.70821875430866e-06,3.7081965020984262e-06,3.708174250164455e-06,3.708151998517708e-06,3.7081297470431497e-06,3.70810749595074e-06,3.708085245149235e-06,3.708062994606361e-06,3.7080407443391536e-06,3.708018494350356e-06,3.7079962446464118e-06,3.7079739951331723e-06,3.7079517459810176e-06,3.7079294971018086e-06,3.7079072485012548e-06,3.7078850001821967e-06,3.7078627521360145e-06,3.707840504370316e-06,3.707818256796376e-06,3.707796009569573e-06,3.7077737626604636e-06,3.7077515160852397e-06,3.707729269709835e-06,3.7077070236673983e-06,3.7076847778478667e-06,3.7076625323064384e-06,3.707640287027587e-06,3.70761804204749e-06,3.7075957973375335e-06,3.7075735529073583e-06,3.7075513087631973e-06,3.70752906489133e-06,3.707506821294523e-06,3.707484577976061e-06,3.7074623349481247e-06,3.707440092188658e-06,3.707417849697949e-06,3.707395607479739e-06,3.7073733655537623e-06,3.7073511239078674e-06,3.707328882512233e-06,3.7073066414141715e-06,3.707284400597856e-06,3.707262160083418e-06,3.7072399198191367e-06,3.7072176798402763e-06,3.7071954401335278e-06,3.707173200698866e-06,3.7071509615437123e-06,3.707128722666926e-06,3.7071064840559434e-06,3.7070842457357573e-06,3.707062007720174e-06,3.7070397700471534e-06,3.707017532559767e-06,3.706995295351866e-06,3.7069730584234412e-06,3.706950821774074e-06,3.706928585389811e-06,3.706906349226679e-06,3.7068841133867814e-06,3.706861877843629e-06,3.7068396425812643e-06,3.706817407598087e-06,3.7067951728884733e-06,3.7067729384366808e-06,3.706750704282531e-06,3.7067284704074057e-06,3.7067062368282756e-06,3.7066840035093977e-06,3.706661770464545e-06,3.706639537705435e-06,3.7066173052247786e-06,3.7065950730018046e-06,3.706572841065668e-06,3.7065506094675585e-06,3.706528378089185e-06,3.70650614698928e-06,3.70648391616856e-06,3.706461685628247e-06,3.7064394553612594e-06,3.706417225391425e-06,3.7063949956686367e-06,3.7063727662338627e-06,3.7063505371510745e-06,3.7063283082798874e-06,3.70630607968149e-06,3.7062838513484824e-06,3.7062616233001006e-06,3.7062393955427885e-06,3.7062171680531896e-06,3.7061949408415667e-06,3.7061727139363845e-06,3.7061504872809717e-06,3.706128260884616e-06,3.706106034773484e-06,3.706083808940694e-06,3.706061583393666e-06,3.7060393581264582e-06,3.7060171331325886e-06,3.7059949085172715e-06,3.705972684070383e-06,3.7059504599167778e-06,3.705928236022807e-06,3.7059060124229165e-06,3.7058837890962737e-06,3.7058615660985875e-06,3.7058393433052167e-06,3.7058171208137225e-06,3.7057948985925983e-06,3.705772676655969e-06,3.70575045498577e-06,3.70572823360679e-06,3.705706012502732e-06,3.705683791676852e-06,3.7056615711279223e-06,3.7056393509151665e-06,3.705617131013722e-06,3.7055949113150857e-06,3.7055726918793166e-06,3.7055504727186605e-06,3.705528253818707e-06,3.705506035089472e-06,3.70548381676727e-06,3.7054615987386764e-06,3.7054393810032434e-06,3.705417163514719e-06,3.7053949462993205e-06,3.7053727293586564e-06,3.7053505127029854e-06,3.705328296319661e-06,3.705306080125854e-06,3.705283864295533e-06,3.7052616487344416e-06,3.7052394334619844e-06,3.705217218465265e-06,3.7051950037346815e-06,3.70517278929737e-06,3.70515057513641e-06,3.7051283612947757e-06,3.7051061477149414e-06,3.7050839344227625e-06,3.705061721389942e-06,3.7050395086151393e-06,3.705017296116801e-06,3.704995083908927e-06,3.7049728718872103e-06,3.704950660219674e-06,3.704928448834464e-06,3.704906237726475e-06,3.704884026891851e-06,3.7048618163274632e-06,3.7048396060498076e-06,3.7048173960485313e-06,3.7047951862195736e-06,3.7047729767857987e-06,3.704750767617923e-06,3.7047285587085866e-06,3.7047063500969216e-06,3.7046841417609675e-06,3.704661933704216e-06,3.7046397259052517e-06,3.7046175184742053e-06,3.7045953112693964e-06,3.7045731043036617e-06,3.7045508976392847e-06,3.7045286912477616e-06,3.704506485107771e-06,3.70448427919485e-06,3.704462073556976e-06,3.7044398682552697e-06,3.704417663249177e-06,3.70439545852433e-06,3.7043732540781594e-06,3.7043510498789435e-06,3.7043288459829332e-06,3.7043066423647404e-06,3.704284439024331e-06,3.7042622359361295e-06,3.7042400331498197e-06,3.704217830630429e-06,3.70419562838022e-06,3.7041734264308454e-06,3.7041512247567046e-06,3.7041290233607045e-06,3.704106822229862e-06,3.7040846213878003e-06,3.704062420811167e-06,3.704040220589385e-06,3.7040180205742144e-06,3.7039958208709867e-06,3.703973621435143e-06,3.703951422254373e-06,3.7039292233523746e-06,3.7039070247267283e-06,3.70388482637709e-06,3.7038626282980618e-06,3.7038404303763384e-06,3.703818232861224e-06,3.7037960356258694e-06,3.703773838658053e-06,3.703751641982748e-06,3.7037294455828063e-06,3.703707249350405e-06,3.7036850534905656e-06,3.7036628578996566e-06,3.7036406625967532e-06,3.7036184675797718e-06,3.703596272840105e-06,3.7035740783779404e-06,3.7035518841927046e-06,3.703529690284975e-06,3.7035074966695544e-06,3.7034853033465423e-06,3.7034631103449165e-06,3.703440917543478e-06,3.7034187250247224e-06,3.703396532781467e-06,3.7033743408126494e-06,3.7033521491230154e-06,3.703329957711949e-06,3.7033077665619765e-06,3.703285575706818e-06,3.7032633851582827e-06,3.7032411948570645e-06,3.7032190048339512e-06,3.7031968150686863e-06,3.703174625646558e-06,3.70315243648597e-06,3.70313024757316e-06,3.70310805893839e-06,3.7030858705820463e-06,3.7030636825761725e-06,3.7030414947707033e-06,3.703019307235384e-06,3.7029971199705945e-06,3.70297493299756e-06,3.702952746301468e-06,3.7029305598874904e-06,3.7029083737147666e-06,3.7028861878522165e-06,3.7028640021686165e-06,3.7028418169067695e-06,3.7028196318746357e-06,3.7027974471230397e-06,3.7027752626728146e-06,3.7027530784731846e-06,3.7027308945733627e-06,3.702708710952271e-06,3.7026865275748055e-06,3.7026643444736625e-06,3.702642161663371e-06,3.7026199791261377e-06,3.702597796867464e-06,3.7025756148868416e-06,3.7025534331639672e-06,3.7025312517384028e-06,3.702509070586541e-06,3.7024868897036005e-06,3.7024647090722e-06,3.7024425287521797e-06,3.702420348734759e-06,3.7023981689715722e-06,3.702375989487698e-06,3.70235381027831e-06,3.702331631346155e-06,3.7023094526926054e-06,3.7022872742123544e-06,3.7022650961695062e-06,3.7022429183511036e-06,3.702220740895991e-06,3.7021985636613187e-06,3.7021763866703597e-06,3.702154209948191e-06,3.7021320334948423e-06,3.702109857334408e-06,3.702087681444193e-06,3.7020655058367015e-06,3.702043330511814e-06,3.7020211554661663e-06,3.70199898068733e-06,3.7019768061952074e-06,3.7019546319783067e-06,3.701932458044875e-06,3.701910284360638e-06,3.701888111032648e-06,3.7018659379588884e-06,3.7018437651247626e-06,3.7018215924837742e-06,3.701799420206438e-06,3.701777248231117e-06,3.7017550765108286e-06,3.701732905040551e-06,3.7017107338708273e-06,3.7016885630179306e-06,3.701666392424819e-06,3.7016442220688e-06,3.7016220520081898e-06,3.7015998822463304e-06,3.701577712728356e-06,3.7015555435521465e-06,3.701533374606482e-06,3.7015112059289545e-06,3.701489037536507e-06,3.7014668694169274e-06,3.7014447015818613e-06,3.7014225340071986e-06,3.701400366723805e-06,3.7013781996840626e-06,3.7013560329504497e-06,3.7013338664828874e-06,3.701311700303888e-06,3.7012895344047305e-06,3.7012673687944147e-06,3.7012452034283166e-06,3.7012230383247835e-06,3.7012008735271682e-06,3.701178709011484e-06,3.701156544808655e-06,3.7011343808484392e-06,3.7011122171629537e-06,3.7010900538131565e-06,3.701067890683635e-06,3.701045727779376e-06,3.701023565178262e-06,3.7010014028792566e-06,3.7009792408556302e-06,3.7009570791149962e-06,3.7009349177082165e-06,3.700912756508157e-06,3.7008905955939487e-06,3.700868434952093e-06,3.7008462745938897e-06,3.7008241145108877e-06,3.700801954680365e-06,3.700779795156109e-06,3.7007576359051758e-06,3.700735476929908e-06,3.7007133182209844e-06,3.7006911598061376e-06,3.700669001637495e-06,3.700646843775095e-06,3.700624686190829e-06,3.7006025288804345e-06,3.7005803718319217e-06,3.7005582150773688e-06,3.7005360584805287e-06,3.70051390238082e-06,3.7004917464556325e-06,3.700469590806855e-06,3.700447435433144e-06,3.7004252803425393e-06,3.7004031255067336e-06,3.7003809709702152e-06,3.700358816686676e-06,3.7003366627045194e-06,3.7003145089838543e-06,3.700292355533006e-06,3.700270202385736e-06,3.700248049501078e-06,3.7002258969076217e-06,3.700203744584891e-06,3.700181592538855e-06,3.700159440767806e-06,3.7001372893048946e-06,3.700115138088611e-06,3.700092987132775e-06,3.7000708364717284e-06,3.7000486861032973e-06,3.7000265359975447e-06,3.700004386158515e-06,3.699982236607638e-06,3.6999600873691644e-06,3.699937938291807e-06,3.6999157895724087e-06,3.699893641220169e-06,3.6998714930516336e-06,3.699849345161698e-06,3.69982719754962e-06,3.69980505007831e-06,3.699782903020579e-06,3.699760756237578e-06,3.6997386097326747e-06,3.6997164634037726e-06,3.699694317456274e-06,3.6996721717810176e-06,3.6996500263816774e-06,3.699627881252018e-06,3.699605736456406e-06,3.6995835918701595e-06,3.6995614474965914e-06,3.699539303505213e-06,3.6995171597843334e-06,3.6994950163169322e-06,3.6994728731241963e-06,3.699450730239682e-06,3.6994285876150854e-06,3.699406445263674e-06,3.6993843031859775e-06,3.699362161399243e-06,3.6993400198591535e-06,3.6993178786245764e-06,3.6992957376634275e-06,3.6992735969757517e-06,3.6992514565637533e-06,3.6992293164365414e-06,3.6992071765813097e-06,3.699185036933132e-06,3.699162897658446e-06,3.6991407586357818e-06,3.699118619877366e-06,3.6990964814754478e-06,3.6990743432807305e-06,3.699052205391894e-06,3.6990300677411292e-06,3.6990079303788412e-06,3.6989857933116904e-06,3.6989636565012783e-06,3.6989415199902194e-06,3.6989193837328656e-06,3.69889724776958e-06,3.6988751120713437e-06,3.6988529766512196e-06,3.6988308415023435e-06,3.6988087066533086e-06,3.6987865720625513e-06,3.698764437744774e-06,3.6987423037063273e-06,3.6987201699360384e-06,3.698698036446191e-06,3.698675903246141e-06,3.698653770321084e-06,3.6986316376835386e-06,3.6986095053060628e-06,3.6985873732024026e-06,3.6985652413768806e-06,3.698543109809231e-06,3.6985209785774384e-06,3.6984988475696157e-06,3.6984767168121785e-06,3.6984545863519e-06,3.698432456238824e-06,3.698410326346388e-06,3.6983881967421084e-06,3.6983660674094243e-06,3.698343938319899e-06,3.698321809548388e-06,3.6982996810345486e-06,3.6982775527992583e-06,3.698255424882095e-06,3.6982332970245987e-06,3.698211169628352e-06,3.698189042511322e-06,3.6981669156719334e-06,3.6981447891042494e-06,3.698122662817502e-06,3.6981005367589983e-06,3.6980784110055785e-06,3.6980562855885057e-06,3.698034160409694e-06,3.6980120355052168e-06,3.6979899108535454e-06,3.6979677864926914e-06,3.6979456624197434e-06,3.697923538627678e-06,3.6979014151028043e-06,3.697879291863429e-06,3.6978571688987984e-06,3.697835046209594e-06,3.6978129237884458e-06,3.6977908016951226e-06,3.6977686798367597e-06,3.6977465582543897e-06,3.6977244369471615e-06,3.6977023159261448e-06,3.6976801951757746e-06,3.6976580747023342e-06,3.6976359544950596e-06,3.6976138345657193e-06,3.6975917148494273e-06,3.6975695954835215e-06,3.697547476383428e-06,3.6975253576082973e-06,3.6975032389693003e-06,3.6974811207149423e-06,3.6974590027398866e-06,3.697436885020148e-06,3.6974147675868675e-06,3.6973926503732194e-06,3.6973705334944645e-06,3.697348416886448e-06,3.697326300566182e-06,3.6973041845085722e-06,3.6972820687463507e-06,3.6972599532541794e-06,3.6972378380470995e-06,3.697215723110086e-06,3.697193608444283e-06,3.697171494039479e-06,3.697149379932233e-06,3.697127266100492e-06,3.697105152543759e-06,3.6970830392681504e-06,3.6970609262886947e-06,3.6970388136280207e-06,3.697016701180495e-06,3.6969945890222987e-06,3.69697247712058e-06,3.696950365511725e-06,3.6969282542349614e-06,3.6969061431745782e-06,3.696884032387403e-06,3.6968619218748274e-06,3.696839811644629e-06,3.696817701762455e-06,3.6967955920817027e-06,3.6967734826775853e-06,3.696751373572434e-06,3.6967292647224606e-06,3.6967071560717003e-06,3.6966850477719356e-06,3.6966629397560036e-06,3.6966408320226765e-06,3.696618724546717e-06,3.696596617355379e-06,3.6965745104440113e-06,3.696552403758886e-06,3.696530297404245e-06,3.696508191265025e-06,3.696486085458346e-06,3.6964639799286712e-06,3.6964418746514716e-06,3.6964197697495533e-06,3.6963976650528623e-06,3.696375560629838e-06,3.696353456449392e-06,3.6963313525783497e-06,3.696309248989222e-06,3.696287145663298e-06,3.6962650426253455e-06,3.6962429398724286e-06,3.696220837353813e-06,3.6961987350809683e-06,3.69617663314811e-06,3.6961545314918112e-06,3.6961324300110713e-06,3.696110328907443e-06,3.6960882280820306e-06,3.696066127582922e-06,3.6960440273089858e-06,3.6960219273102524e-06,3.6959998275980533e-06,3.6959777281554267e-06,3.6959556289867682e-06,3.695933530083916e-06,3.6959114314546366e-06,3.6958893331189037e-06,3.6958672351674143e-06,3.695845137383749e-06,3.695823039872304e-06,3.6958009425719675e-06,3.6957788456196386e-06,3.695756748965518e-06,3.695734652651252e-06,3.6957125565466537e-06,3.6956904606952575e-06,3.695668365099155e-06,3.6956462697868862e-06,3.6956241747739e-06,3.6956020800341733e-06,3.695579985569035e-06,3.6955578913809735e-06,3.695535797469678e-06,3.695513703825811e-06,3.695491610467646e-06,3.695469517389766e-06,3.695447424586319e-06,3.6954253320628937e-06,3.6954032398096803e-06,3.6953811477899253e-06,3.695359056090772e-06,3.695336964666758e-06,3.6953148735458633e-06,3.6952927826638327e-06,3.695270692076632e-06,3.6952486017846555e-06,3.6952265117462326e-06,3.6952044219876735e-06,3.69518233248313e-06,3.6951602433234303e-06,3.695138154351415e-06,3.6951160656967097e-06,3.6950939773168476e-06,3.6950718891569895e-06,3.6950498013326937e-06,3.695027713830475e-06,3.6950056265578856e-06,3.6949835395624276e-06,3.6949614528424477e-06,3.6949393663973777e-06,3.6949172802198664e-06,3.694895194329723e-06,3.694873108696537e-06,3.69485102336061e-06,3.694828938299907e-06,3.6948068535162606e-06,3.694784769012599e-06,3.6947626847821192e-06,3.6947406008181134e-06,3.694718517112037e-06,3.6946964337107196e-06,3.69467435058699e-06,3.6946522677328903e-06,3.6946301852467863e-06,3.6946081029510292e-06,3.6945860209328423e-06,3.6945639392019563e-06,3.69454185773461e-06,3.694519776550372e-06,3.6944976956352766e-06,3.6944756149995813e-06,3.694453534639628e-06,3.6944314545433993e-06,3.694409374737322e-06,3.694387295199117e-06,3.6943652159450087e-06,3.6943431369681507e-06,3.694321058265305e-06,3.694298979870005e-06,3.6942769017344516e-06,3.694254823867363e-06,3.6942327462789124e-06,3.6942106689571306e-06,3.6941885919134297e-06,3.694166515049426e-06,3.69414443855555e-06,3.6941223623470996e-06,3.6941002864040397e-06,3.6940782107435843e-06,3.694056135360877e-06,3.6940340602521833e-06,3.694011985430832e-06,3.693989910876367e-06,3.6939678365746372e-06,3.6939457625680894e-06,3.6939236888424707e-06,3.6939016153762384e-06,3.6938795422042997e-06,3.693857469311241e-06,3.6938353966941738e-06,3.6938133243529795e-06,3.6937912522736214e-06,3.693769180473302e-06,3.6937471089371883e-06,3.693725037696948e-06,3.693702966679668e-06,3.69368089599528e-06,3.693658825595708e-06,3.6936367554663858e-06,3.693614685609699e-06,3.6935926160338927e-06,3.693570546751921e-06,3.6935484777252384e-06,3.6935264089755574e-06,3.6935043405040773e-06,3.6934822723074416e-06,3.6934602043868335e-06,3.693438136723937e-06,3.6934160693524053e-06,3.6933940022918695e-06,3.693371935472812e-06,3.6933498689360946e-06,3.693327802675377e-06,3.6933057366884353e-06,3.6932836709800422e-06,3.693261605536151e-06,3.6932395404196963e-06,3.693217475537652e-06,3.693195410990675e-06,3.693173346660855e-06,3.6931512826104716e-06,3.693129218845647e-06,3.6931071553282834e-06,3.693085092097645e-06,3.693063029203948e-06,3.693040966468058e-06,3.6930189040822126e-06,3.692996841967053e-06,3.69297478004241e-06,3.6929527184730724e-06,3.692930657196332e-06,3.6929085961049716e-06,3.6928865353688238e-06,3.6928644749148476e-06,3.6928424147228164e-06,3.6928203548164525e-06,3.6927982951955933e-06,3.69277623584227e-06,3.6927541767712487e-06,3.692732117970124e-06,3.6927100594449375e-06,3.692688001234335e-06,3.6926659432685493e-06,3.692643885564124e-06,3.6926218281408527e-06,3.6925997709969127e-06,3.6925777141358093e-06,3.692555657447795e-06,3.6925336011533443e-06,3.6925115451134805e-06,3.692489489343419e-06,3.692467433871913e-06,3.692445378664115e-06,3.692423323717991e-06,3.692401269031567e-06,3.6923792144622083e-06,3.69235716033868e-06,3.6923351065109378e-06,3.692313052959767e-06,3.692290999693137e-06,3.6922689467030996e-06,3.6922468939791364e-06,3.6922248415294885e-06,3.6922027893591117e-06,3.692180737465127e-06,3.692158685848591e-06,3.692136634504173e-06,3.6921145834388328e-06,3.692092532630051e-06,3.6920704821045663e-06,3.6920484318601416e-06,3.6920263819075215e-06,3.692004332206874e-06,3.691982282799129e-06,3.6919602336697058e-06,3.6919381848130273e-06,3.6919161362341994e-06,3.6918940879334557e-06,3.6918720399076234e-06,3.6918499921471106e-06,3.6918279446575264e-06,3.6918058974599995e-06,3.6917838505236112e-06,3.6917618038784003e-06,3.6917397574955967e-06,3.6917177114686474e-06,3.6916956657223035e-06,3.6916736201790642e-06,3.691651574946722e-06,3.6916295299325983e-06,3.6916074852184476e-06,3.691585440783031e-06,3.691563396609144e-06,3.6915413527118463e-06,3.6915193091547468e-06,3.691497265824489e-06,3.6914752227639503e-06,3.691453179984972e-06,3.6914311374867925e-06,3.6914090952603445e-06,3.6913870533102583e-06,3.691365011627688e-06,3.69134297023e-06,3.6913209290965975e-06,3.6912988882512697e-06,3.691276847672256e-06,3.691254807380263e-06,3.691232767250561e-06,3.6912107275158096e-06,3.691188688052383e-06,3.6911666488642566e-06,3.691144609943493e-06,3.691122571320466e-06,3.691100532946715e-06,3.6910784948696464e-06,3.6910564570640544e-06,3.691034419513174e-06,3.691012382243191e-06,3.6909903452630697e-06,3.6909683085600668e-06,3.690946272118357e-06,3.6909242359627406e-06,3.6909022000910133e-06,3.690880164472739e-06,3.690858129073171e-06,3.690836094026703e-06,3.6908140592559007e-06,3.690792024757413e-06,3.6907699905629174e-06,3.6907479566215057e-06,3.6907259229572886e-06,3.690703889567364e-06,3.690681856442979e-06,3.690659823605338e-06,3.6906377910187116e-06,3.6906157587345077e-06,3.690593726718657e-06,3.6905716949734563e-06,3.6905496635075437e-06,3.6905276323312716e-06,3.6905056014137827e-06,3.6904835707669447e-06,3.69046154041242e-06,3.690439510340869e-06,3.6904174805299035e-06,3.69039545101212e-06,3.6903734217617786e-06,3.6903513928166e-06,3.6903293641224016e-06,3.690307335702601e-06,3.6902853075550774e-06,3.6902632797178197e-06,3.690241252117744e-06,3.6902192247996915e-06,3.690197197803947e-06,3.690175171051109e-06,3.6901531445675283e-06,3.690131118357081e-06,3.6901090924128875e-06,3.690087066746556e-06,3.69006504136324e-06,3.6900430162586635e-06,3.6900209914283986e-06,3.6899989668758288e-06,3.6899769426003353e-06,3.6899549185876786e-06,3.689932894859336e-06,3.689910871400073e-06,3.6898888482184657e-06,3.689866825300304e-06,3.6898448026791365e-06,3.689822780318142e-06,3.689800758309415e-06,3.6897787365053193e-06,3.689756714986079e-06,3.689734693746152e-06,3.6897126727771674e-06,3.6896906520861674e-06,3.6896686315571493e-06,3.689646611425483e-06,3.6896245915645624e-06,3.6896025719620553e-06,3.6895805526469485e-06,3.6895585335219273e-06,3.689536514763288e-06,3.6895144962825825e-06,3.6894924780815405e-06,3.6894704601577218e-06,3.6894484424987114e-06,3.68942642511073e-06,3.689404408007875e-06,3.6893823911823204e-06,3.6893603746322976e-06,3.68933835836369e-06,3.6893163423736544e-06,3.6892943266523784e-06,3.689272311211411e-06,3.689250296029182e-06,3.6892282811381894e-06,3.6892062665177737e-06,3.689184252177126e-06,3.6891622381132625e-06,3.6891402243048363e-06,3.6891182108264307e-06,3.689096197651488e-06,3.6890741846870783e-06,3.6890521719985203e-06,3.689030159586034e-06,3.6890081474505374e-06,3.688986135474938e-06,3.6889641238960738e-06,3.688942112579522e-06,3.6889201015472078e-06,3.6888980907844127e-06,3.68887608030521e-06,3.6888540701030504e-06,3.688832060145573e-06,3.688810050494099e-06,3.6887880411135857e-06,3.688766031930473e-06,3.6887440231022293e-06,3.6887220145815266e-06,3.6887000063072953e-06,3.6886779982563587e-06,3.6886559905371863e-06,3.6886339830923176e-06,3.6886119759140287e-06,3.68858996901976e-06,3.6885679624406157e-06,3.6885459561095965e-06,3.688523950039835e-06,3.688501944255241e-06,3.6884799387381746e-06,3.6884579335060227e-06,3.6884359285451813e-06,3.6884139238582704e-06,3.6883919194467363e-06,3.68836991531326e-06,3.688347911457491e-06,3.688325907868478e-06,3.688303904559802e-06,3.688281901567774e-06,3.6882598988109895e-06,3.6882378963266904e-06,3.688215894103148e-06,3.688193892166436e-06,3.6881718903759433e-06,3.688149888998576e-06,3.6881278878978447e-06,3.6881058870593382e-06,3.688083886519273e-06,3.6880618863410137e-06,3.6880398863461452e-06,3.6880178866481017e-06,3.687995887184473e-06,3.687973888017092e-06,3.6879518891087226e-06,3.6879298905003717e-06,3.687907892159608e-06,3.6878858940934957e-06,3.6878638962952636e-06,3.6878418987820298e-06,3.68781990153354e-06,3.6877979045707402e-06,3.687775907916024e-06,3.687753911511511e-06,3.6877319153495613e-06,3.6877099195211243e-06,3.6876879239736802e-06,3.6876659286656056e-06,3.687643933640792e-06,3.6876219388735415e-06,3.6875999442632005e-06,3.687577950048675e-06,3.6875559561193562e-06,3.6875339624672835e-06,3.6875119690993146e-06,3.6874899759996403e-06,3.687467983174869e-06,3.6874459905134517e-06,3.6874239982092104e-06,3.687402006211068e-06,3.6873800144863356e-06,3.687358022949525e-06,3.6873360317773236e-06,3.6873140409349824e-06,3.6872920503154164e-06,3.6872700599704577e-06,3.687248069895263e-06,3.687226080158112e-06,3.6872040906336965e-06,3.6871821013930125e-06,3.687160112409275e-06,3.687138123720197e-06,3.6871161352876964e-06,3.687094147151747e-06,3.6870721592762722e-06,3.687050171697809e-06,3.687028184396192e-06,3.6870061972854373e-06,3.686984210506644e-06,3.686962224022205e-06,3.6869402378122864e-06,3.6869182518856408e-06,3.6868962662054555e-06,3.6868742808215793e-06,3.6868522956454663e-06,3.6868303108153396e-06,3.6868083262775616e-06,3.6867863419785614e-06,3.686764357979139e-06,3.6867423742530926e-06,3.6867203908105032e-06,3.6866984076155317e-06,3.6866764247296903e-06,3.686654442097895e-06,3.6866324597502617e-06,3.6866104776829557e-06,3.6865884958803267e-06,3.686566514365859e-06,3.6865445331062106e-06,3.686522552142959e-06,3.6865005714512236e-06,3.686478591034439e-06,3.6864566109060607e-06,3.686434631039829e-06,3.6864126514531167e-06,3.686390672137202e-06,3.6863686930974005e-06,3.6863467143327095e-06,3.686324735895852e-06,3.6863027577157017e-06,3.686280779778336e-06,3.6862588021195587e-06,3.686236824793511e-06,3.686214847683471e-06,3.6861928708887812e-06,3.6861708943397975e-06,3.6861489180577363e-06,3.6861269420506736e-06,3.6861049663237387e-06,3.6860829907883383e-06,3.6860610156080505e-06,3.686039040700213e-06,3.686017066068285e-06,3.6859950917151775e-06,3.685973117626308e-06,3.6859511438269873e-06,3.685929170363814e-06,3.6859071971605635e-06,3.6858852241881484e-06,3.6858632514909944e-06,3.6858412790975742e-06,3.685819306959074e-06,3.685797335082026e-06,3.6857753634811046e-06,3.6857533921634073e-06,3.68573142111817e-06,3.685709450347905e-06,3.68568747985931e-06,3.6856655096395754e-06,3.685643539651653e-06,3.6856215699822555e-06,3.6855996005906786e-06,3.6855776314731617e-06,3.6855556626651883e-06,3.685533694085782e-06,3.6855117258003815e-06,3.685489757785725e-06,3.6854677900478196e-06,3.6854458225883558e-06,3.685423855426715e-06,3.6854018885546155e-06,3.685379921847167e-06,3.685357955480998e-06,3.68533598939622e-06,3.685314023663063e-06,3.6852920581313302e-06,3.685270092868073e-06,3.685248127885601e-06,3.685226163266737e-06,3.6852041988370363e-06,3.6851822346718784e-06,3.685160270791751e-06,3.6851383071788136e-06,3.6851163438613065e-06,3.6850943808063686e-06,3.6850724180281496e-06,3.685050455516596e-06,3.685028493272971e-06,3.6850065313184064e-06,3.684984569641979e-06,3.684962608243645e-06,3.6849406472016195e-06,3.6849186863501603e-06,3.684896725803542e-06,3.6848747654859554e-06,3.684852805445662e-06,3.6848308456975374e-06,3.684808886223296e-06,3.68478692702629e-06,3.6847649680959026e-06,3.6847430092883416e-06,3.684721050916642e-06,3.6846990928221816e-06,3.6846771349843606e-06,3.68465517743835e-06,3.684633220150767e-06,3.6846112631495023e-06,3.684589306443118e-06,3.684567350038505e-06,3.684545393962051e-06,3.6845234380698884e-06,3.6845014824607255e-06,3.6844795271192025e-06,3.6844575720504915e-06,3.6844356172606907e-06,3.684413662727675e-06,3.684391708489841e-06,3.6843697545271438e-06,3.6843478008456656e-06,3.6843258474344786e-06,3.68430389431435e-06,3.6842819414523034e-06,3.684259988857381e-06,3.684238036530578e-06,3.684216084551771e-06,3.6841941327890715e-06,3.6841721813271665e-06,3.6841502301185803e-06,3.6841282791842256e-06,3.684106328526961e-06,3.684084378145355e-06,3.6840624280675044e-06,3.684040478256948e-06,3.6840185288069802e-06,3.6839965795882133e-06,3.6839746305832015e-06,3.683952681845762e-06,3.683930733439755e-06,3.6839087852613008e-06,3.6838868373404217e-06,3.68386488969138e-06,3.6838429423676016e-06,3.683820995290171e-06,3.68379904854904e-06,3.683777102021221e-06,3.6837551557917626e-06,3.6837332098146196e-06,3.6837112641141963e-06,3.6836893186391977e-06,3.683667373487726e-06,3.6836454286138954e-06,3.68362348404347e-06,3.683601539720159e-06,3.6835795956530607e-06,3.6835576518721754e-06,3.6835357084996583e-06,3.6835137652607394e-06,3.6834918223698855e-06,3.6834698796991224e-06,3.6834479373528264e-06,3.683425995233433e-06,3.683404053393438e-06,3.6833821118294695e-06,3.6833601705354403e-06,3.683338229517832e-06,3.6833162886545855e-06,3.6832943481956805e-06,3.6832724080037814e-06,3.6832504682368557e-06,3.6832285286181908e-06,3.6832065892790904e-06,3.6831846501889148e-06,3.683162711351575e-06,3.683140772853993e-06,3.683118834592103e-06,3.6830968965988736e-06,3.683074958882193e-06,3.68305302144068e-06,3.6830310842794817e-06,3.683009147391938e-06,3.682987210779897e-06,3.6829652744507903e-06,3.6829433383880485e-06,3.6829214026010388e-06,3.6828994670699905e-06,3.6828775318336475e-06,3.6828555968732908e-06,3.682833662193558e-06,3.682811727783017e-06,3.6827897936384984e-06,3.6827678597982317e-06,3.6827459262379306e-06,3.682723992858616e-06,3.682702059827663e-06,3.6826801270684868e-06,3.682658194582939e-06,3.6826362623418178e-06,3.6826143304139664e-06,3.6825923987530503e-06,3.68257046737063e-06,3.682548536326033e-06,3.682526605498545e-06,3.6825046749456895e-06,3.6824827446662617e-06,3.6824608146597995e-06,3.6824388849288624e-06,3.6824169554571287e-06,3.682395026261578e-06,3.6823730973501327e-06,3.6823511687206196e-06,3.682329240365433e-06,3.6823073122659325e-06,3.682285384461641e-06,3.682263456932598e-06,3.682241529680696e-06,3.6822196026179773e-06,3.682197676011118e-06,3.682175749568545e-06,3.6821538234162464e-06,3.6821318975395454e-06,3.682109971924283e-06,3.682088046612026e-06,3.6820661215614093e-06,3.682044196784748e-06,3.6820222722831898e-06,3.682000348055093e-06,3.681978424091134e-06,3.681956500408144e-06,3.681934577016252e-06,3.6819126538907613e-06,3.6818907310464955e-06,3.6818688084720195e-06,3.6818468861695824e-06,3.681824964137695e-06,3.6818030423957777e-06,3.681781120918112e-06,3.6817591997193855e-06,3.6817372787864004e-06,3.681715358144941e-06,3.6816934377736753e-06,3.6816715176765555e-06,3.6816495978555938e-06,3.6816276783045294e-06,3.6816057591198106e-06,3.6815838401235223e-06,3.681561921347476e-06,3.6815400028815617e-06,3.681518084710244e-06,3.6814961668217055e-06,3.68147424920081e-06,3.6814523318551545e-06,3.6814304148077217e-06,3.681408497995229e-06,3.6813865814753608e-06,3.6813646651590745e-06,3.681342749161315e-06,3.681320833465547e-06,3.6812989180444814e-06,3.6812770028827943e-06,3.68125508801077e-06,3.6812331734393327e-06,3.6812112591185053e-06,3.681189345159575e-06,3.6811674313907347e-06,3.6811455178976004e-06,3.6811236046931036e-06,3.6811016917406275e-06,3.6810797790905637e-06,3.681057866695951e-06,3.6810359545773772e-06,3.6810140427349776e-06,3.6809921311689063e-06,3.6809702198777744e-06,3.6809483088598313e-06,3.680926398199909e-06,3.680904487720706e-06,3.6808825775347065e-06,3.680860667617629e-06,3.6808387579746167e-06,3.6808168486122978e-06,3.6807949395114143e-06,3.680773030695341e-06,3.680751122154313e-06,3.680729213885851e-06,3.6807073058948678e-06,3.6806853981761222e-06,3.680663490731796e-06,3.6806415835648614e-06,3.680619676672693e-06,3.680597770042552e-06,3.6805758637023095e-06,3.680553957616942e-06,3.6805320518255675e-06,3.680510146382143e-06,3.6804882411420103e-06,3.6804663361755705e-06,3.680444431479663e-06,3.6804225270676225e-06,3.680400622930985e-06,3.6803787190654324e-06,3.6803568154730083e-06,3.6803349121360506e-06,3.6803130091326917e-06,3.6802911063646408e-06,3.6802692039371906e-06,3.6802473017183147e-06,3.6802253998017593e-06,3.6802034981352704e-06,3.680181596780055e-06,3.6801596956835822e-06,3.6801377948432224e-06,3.6801158943097337e-06,3.6800939939901936e-06,3.68007209397486e-06,3.6800501942268605e-06,3.6800282947627213e-06,3.680006395572857e-06,3.679984496666211e-06,3.6799625980131883e-06,3.6799406996504096e-06,3.6799188015622253e-06,3.6798969037357227e-06,3.679875006194619e-06,3.6798531089320813e-06,3.6798312119572465e-06,3.6798093152179762e-06,3.679787418811214e-06,3.67976552270513e-06,3.6797436268041343e-06,3.6797217311963556e-06,3.6796998358393894e-06,3.679677940671703e-06,3.6796560458815608e-06,3.6796341513509653e-06,3.6796122571159916e-06,3.6795903632099157e-06,3.679568469447175e-06,3.6795465760317896e-06,3.6795246828913557e-06,3.679502790026964e-06,3.6794808974066365e-06,3.6794590050945635e-06,3.6794371130562126e-06,3.679415221292512e-06,3.6793933298022416e-06,3.6793714385733335e-06,3.6793495476441426e-06,3.6793276569650687e-06,3.679305766579239e-06,3.679283876460489e-06,3.679261986612946e-06,3.6792400969613676e-06,3.6792182076292717e-06,3.6791963186183576e-06,3.679174429867758e-06,3.6791525414506194e-06,3.679130653261209e-06,3.679108765491272e-06,3.6790868778458744e-06,3.6790649905152225e-06,3.679043103412298e-06,3.679021216586733e-06,3.678999330048958e-06,3.67897744375577e-06,3.678955557763981e-06,3.6789336720439074e-06,3.678911786601343e-06,3.678889901430162e-06,3.678868016524815e-06,3.6788461318205085e-06,3.6788242474801828e-06,3.6788023634142834e-06,3.6787804796225297e-06,3.678758596102581e-06,3.6787367128606547e-06,3.6787148299081154e-06,3.6786929472675023e-06,3.678671064849265e-06,3.6786491827034195e-06,3.678627300834104e-06,3.6786054192295147e-06,3.678583537909794e-06,3.6785616568728353e-06,3.6785397761038508e-06,3.6785178956086163e-06,3.6784960153867235e-06,3.678474135446544e-06,3.6784522555998545e-06,3.6784303762164223e-06,3.6784084970996102e-06,3.678386618254172e-06,3.678364739688687e-06,3.6783428613952806e-06,3.678320983373998e-06,3.6782991056197465e-06,3.678277228172604e-06,3.6782553509786234e-06,3.6782334740572017e-06,3.6782115974117332e-06,3.678189721005464e-06,3.6781678449091285e-06,3.6781459690466166e-06,3.6781240934973426e-06,3.6781022181815473e-06,3.6780803431653107e-06,3.6780584684392904e-06,3.6780365939951822e-06,3.678014719825982e-06,3.677992845808575e-06,3.677970972166814e-06,3.6779490988221255e-06,3.6779272257562886e-06,3.677905352987724e-06,3.677883480480282e-06,3.677861608226802e-06,3.677839736255872e-06,3.677817864564434e-06,3.6777959931443907e-06,3.6777741219993932e-06,3.6777522509691014e-06,3.677730380366907e-06,3.677708510043878e-06,3.677686639997398e-06,3.6776647702227445e-06,3.6776429007224403e-06,3.6776210314970676e-06,3.6775991626043007e-06,3.6775772939266285e-06,3.6775554255553543e-06,3.6775335574258454e-06,3.6775116894019373e-06,3.6774898218275933e-06,3.677467954536929e-06,3.677446087576167e-06,3.6774242208233947e-06,3.677402354358502e-06,3.6773804881541978e-06,3.67735862222153e-06,3.677336756578048e-06,3.677314891185233e-06,3.6772930260664263e-06,3.6772711612257553e-06,3.677249296643935e-06,3.677227432393922e-06,3.6772055683769187e-06,3.6771837047101333e-06,3.677161841264085e-06,3.6771399781096585e-06,3.6771181152032414e-06,3.677096252579309e-06,3.677074390220794e-06,3.677052528129059e-06,3.6770306663497896e-06,3.6770088047861972e-06,3.6769869434455206e-06,3.676965082468499e-06,3.6769432217377037e-06,3.676921361306671e-06,3.6768995011491258e-06,3.6768776412640384e-06,3.676855781680158e-06,3.6768339222348726e-06,3.676812063172546e-06,3.6767902044102872e-06,3.6767683458337527e-06,3.676746487596287e-06,3.6767246296332314e-06,3.676702771996231e-06,3.676680914585545e-06,3.6766590574464032e-06,3.67663720058087e-06,3.6766153439874794e-06,3.6765934876960488e-06,3.6765716316475785e-06,3.676549775870589e-06,3.6765279203817424e-06,3.6765060651636063e-06,3.67648421022539e-06,3.6764623555631196e-06,3.6764405011772187e-06,3.676418647056386e-06,3.676396793213343e-06,3.6763749396277843e-06,3.676353086332273e-06,3.6763312333211237e-06,3.6763093805786925e-06,3.676287528113676e-06,3.676265675948797e-06,3.6762438240286473e-06,3.676221972446316e-06,3.6762001210830736e-06,3.6761782699723785e-06,3.676156419150784e-06,3.676134568602197e-06,3.6761127183251078e-06,3.676090868330495e-06,3.6760690186070815e-06,3.6760471691705335e-06,3.676025319997543e-06,3.6760034710980987e-06,3.675981622402963e-06,3.6759597740650246e-06,3.675937926060467e-06,3.675916078261068e-06,3.6758942307339996e-06,3.6758723834721697e-06,3.675850536490918e-06,3.6758286897924495e-06,3.6758068433863783e-06,3.675784997280093e-06,3.675763151401677e-06,3.6757413057970314e-06,3.675719460464999e-06,3.675697615408696e-06,3.6756757706342504e-06,3.6756539261284887e-06,3.675632081931764e-06,3.675610237974996e-06,3.6755883943022405e-06,3.67556655088161e-06,3.6755447077698863e-06,3.675522864945497e-06,3.675501022350575e-06,3.6754791801018084e-06,3.675457338058362e-06,3.6754354962974377e-06,3.6754136548108165e-06,3.675391813619722e-06,3.6753699727772615e-06,3.6753481321157414e-06,3.6753262917583956e-06,3.6753044516844644e-06,3.675282611845058e-06,3.6752607722675428e-06,3.6752389329934e-06,3.6752170939858532e-06,3.6751952553120645e-06,3.6751734168901568e-06,3.6751515786988063e-06,3.6751297407768042e-06,3.675107903136005e-06,3.675086065767956e-06,3.6750642286845784e-06,3.6750423918653497e-06,3.6750205553207634e-06,3.674998719056071e-06,3.6749768830604795e-06,3.6749550473390335e-06,3.6749332118819727e-06,3.6749113767202083e-06,3.674889541826681e-06,3.6748677071297557e-06,3.6748458728198816e-06,3.6748240387468113e-06,3.6748022048712944e-06,3.674780371355132e-06,3.6747585381085664e-06,3.67473670513264e-06,3.6747148724328786e-06,3.6746930400281002e-06,3.674671207876409e-06,3.674649375996984e-06,3.674627544394316e-06,3.674605713065923e-06,3.6745838820919273e-06,3.6745620513097845e-06,3.67454022080365e-06,3.6745183905904126e-06,3.6744965606339008e-06,3.6744747309710133e-06,3.6744529015598548e-06,3.6744310724307493e-06,3.674409243568604e-06,3.67438741501036e-06,3.674365586710864e-06,3.6743437586756064e-06,3.6743219309124627e-06,3.6743001034528596e-06,3.674278276246846e-06,3.6742564493191565e-06,3.6742346226691013e-06,3.6742127963178632e-06,3.6741909702026407e-06,3.6741691443523524e-06,3.6741473187852347e-06,3.674125493508205e-06,3.6741036684894083e-06,3.6740818437366607e-06,3.6740600192670064e-06,3.6740381950748634e-06,3.6740163712602213e-06,3.67399454762158e-06,3.673972724234654e-06,3.673950901139084e-06,3.6739290783815493e-06,3.6739072558538717e-06,3.673885433481136e-06,3.673863611496472e-06,3.673841789778567e-06,3.6738199683221363e-06,3.67379814715032e-06,3.6737763262666847e-06,3.673754505632314e-06,3.6737326852751137e-06,3.6737108651950895e-06,3.673689045392319e-06,3.6736672258664276e-06,3.6736454066171105e-06,3.6736235876074357e-06,3.673601768761067e-06,3.6735799503181864e-06,3.673558132147894e-06,3.6735363142631938e-06,3.6735144966561457e-06,3.6734926793303097e-06,3.6734708622693756e-06,3.6734490454834332e-06,3.6734272289718885e-06,3.6734054127346795e-06,3.673383596772812e-06,3.6733617810858942e-06,3.6733399656649425e-06,3.6733181503724624e-06,3.6732963355275114e-06,3.673274520797502e-06,3.673252706466262e-06,3.6732308924029536e-06,3.673209078622403e-06,3.673187265128384e-06,3.6731654519141616e-06,3.6731436389736463e-06,3.6731218263204662e-06,3.6731000138195615e-06,3.6730782017027032e-06,3.673056389834422e-06,3.673034578260288e-06,3.6730127669610505e-06,3.67299095605759e-06,3.672969145317307e-06,3.672947334859067e-06,3.6729255246566338e-06,3.6729037147194856e-06,3.672881905070383e-06,3.672860095677258e-06,3.6728382865751222e-06,3.6728164777451368e-06,3.672794669188952e-06,3.672772860900875e-06,3.6727510528905295e-06,3.6727292451405584e-06,3.672707437674872e-06,3.672685630491337e-06,3.672663823580425e-06,3.672642016933285e-06,3.672620210568716e-06,3.672598404508734e-06,3.6725765986950403e-06,3.672554793159386e-06,3.6725329878991537e-06,3.6725111828983264e-06,3.6724893782283345e-06,3.6724675738124753e-06,3.672445769641001e-06,3.672423965745217e-06,3.672402162126053e-06,3.6723803587913446e-06,3.672358555719351e-06,3.6723367528115765e-06,3.672314950255041e-06,3.6722931480137555e-06,3.672271346020842e-06,3.672249544368943e-06,3.67222774294286e-06,3.672205941690221e-06,3.6721841408247956e-06,3.6721623402211768e-06,3.672140539892532e-06,3.672118739847458e-06,3.672096940057211e-06,3.6720751405502614e-06,3.6720533413301184e-06,3.6720315423613138e-06,3.672009743677413e-06,3.67198794526723e-06,3.6719661470954715e-06,3.6719443492635456e-06,3.6719225516795895e-06,3.671900754347819e-06,3.671878957296608e-06,3.6718571605668183e-06,3.6718353640684793e-06,3.6718135678122147e-06,3.6717917718999137e-06,3.6717699762326707e-06,3.671748180838823e-06,3.6717263857946823e-06,3.67170459093032e-06,3.6716827963595517e-06,3.6716610020623477e-06,3.671639208082046e-06,3.6716174143164917e-06,3.6715956208892494e-06,3.6715738276880548e-06,3.6715520347606584e-06,3.6715302421094664e-06,3.6715084497253698e-06,3.6714866576259642e-06,3.671464865770561e-06,3.67144307421373e-06,3.671421282931969e-06,3.6713994919256076e-06,3.6713777012025497e-06,3.671355910742928e-06,3.671334120552271e-06,3.671312330632595e-06,3.671290540988756e-06,3.6712687516275474e-06,3.6712469625401254e-06,3.671225173724724e-06,3.6712033851837896e-06,3.6711815969464736e-06,3.6711598089386883e-06,3.671138021245383e-06,3.6711162337608493e-06,3.671094446613596e-06,3.6710726597153015e-06,3.6710508730925696e-06,3.671029086745895e-06,3.6710073006667567e-06,3.6709855148685923e-06,3.670963729329811e-06,3.6709419440792475e-06,3.67092015909834e-06,3.6708983744022484e-06,3.670876589974233e-06,3.6708548058194084e-06,3.670833021938826e-06,3.670811238331836e-06,3.6707894549989667e-06,3.6707676719369576e-06,3.670745889025981e-06,3.670724106526923e-06,3.6707023242664556e-06,3.6706805423045492e-06,3.670658760615121e-06,3.6706369792005626e-06,3.6706151980470988e-06,3.6705934172030522e-06,3.6705716366134294e-06,3.6705498562948812e-06,3.6705280762503936e-06,3.6705062964441216e-06,3.6704845169294463e-06,3.670462737707726e-06,3.670440958756931e-06,3.67041918010872e-06,3.6703974017104525e-06,3.670375623589246e-06,3.6703538457249897e-06,3.6703320681568244e-06,3.670310290853149e-06,3.670288513827249e-06,3.67026673707141e-06,3.670244960570519e-06,3.6702231843630026e-06,3.670201408421141e-06,3.6701796327557417e-06,3.6701578574214615e-06,3.670136082310757e-06,3.6701143074721664e-06,3.670092532882585e-06,3.6700707585909485e-06,3.6700489845806816e-06,3.6700272108406656e-06,3.6700054373823453e-06,3.6699836641709012e-06,3.669961891100218e-06,3.6699401184604347e-06,3.669918346088272e-06,3.6698965739871343e-06,3.669874802151031e-06,3.6698530306013446e-06,3.669831259320932e-06,3.6698094883265656e-06,3.669787717619717e-06,3.6697659471656367e-06,3.6697441769642e-06,3.6697224070582274e-06,3.6697006374109125e-06,3.6696788681306732e-06,3.669657099047503e-06,3.669635330234023e-06,3.669613561621562e-06,3.6695917933588906e-06,3.669570025439982e-06,3.669548257717935e-06,3.6695264902726836e-06,3.66950472310613e-06,3.669482956216513e-06,3.669461189603845e-06,3.6694394232855877e-06,3.6694176572250625e-06,3.669395891421565e-06,3.669374125887202e-06,3.6693523606862512e-06,3.6693305957053e-06,3.669308830985261e-06,3.669287066597836e-06,3.66926530245362e-06,3.669243538574706e-06,3.66922177496872e-06,3.669200011636973e-06,3.6691782486027823e-06,3.6691564858211586e-06,3.6691347233106244e-06,3.669112961076441e-06,3.6690911991428814e-06,3.669069437433375e-06,3.669047676173442e-06,3.669025915046124e-06,3.669004154179592e-06,3.6689823935801273e-06,3.6689606332611697e-06,3.6689388732120056e-06,3.668917113486575e-06,3.6688953539919528e-06,3.668873594768594e-06,3.6688518358209723e-06,3.668830077123822e-06,3.6688083187132985e-06,3.668786560585443e-06,3.6687648027296028e-06,3.6687430451513566e-06,3.668721287843653e-06,3.6686995308120055e-06,3.668677774055945e-06,3.6686560176041527e-06,3.668634261379603e-06,3.668612505443504e-06,3.6685907497701775e-06,3.6685689943794215e-06,3.6685472392664017e-06,3.6685254844241333e-06,3.6685037298576856e-06,3.668481975563439e-06,3.6684602215378512e-06,3.668438467794934e-06,3.668416714322929e-06,3.6683949611237174e-06,3.6683732081979322e-06,3.668351455544208e-06,3.6683297032286506e-06,3.6683079511252167e-06,3.668286199294698e-06,3.6682644477243428e-06,3.6682426964348872e-06,3.668220945427505e-06,3.668199194724662e-06,3.668177444304654e-06,3.668155694117449e-06,3.66813394420071e-06,3.668112194564675e-06,3.6680904452030576e-06,3.668068696092162e-06,3.6680469473438005e-06,3.6680251988040244e-06,3.668003450514578e-06,3.6679817025152944e-06,3.6679599547923494e-06,3.6679382073414816e-06,3.667916460164443e-06,3.667894713341105e-06,3.6678729667961543e-06,3.667851220448357e-06,3.667829474370917e-06,3.6678077286167424e-06,3.6677859831524485e-06,3.66776423774014e-06,3.6677424927543464e-06,3.6677207480428035e-06,3.6676990035090015e-06,3.6676772593391383e-06,3.66765551543015e-06,3.6676337718007617e-06,3.667612028402012e-06,3.6675902853675658e-06,3.6675685425724764e-06,3.667546800045578e-06,3.6675250577984206e-06,3.667503315822727e-06,3.667481574124222e-06,3.6674598326970476e-06,3.6674380915418e-06,3.6674163506617835e-06,3.6673946100647383e-06,3.6673728697511865e-06,3.667351129693791e-06,3.667329389909834e-06,3.667307650396338e-06,3.667285911157698e-06,3.6672641721926272e-06,3.66724243350344e-06,3.667220695074277e-06,3.6671989569366306e-06,3.6671772190681373e-06,3.667155481492741e-06,3.667133744172033e-06,3.6671120071308294e-06,3.667090270350481e-06,3.6670685338733872e-06,3.667046797642297e-06,3.6670250617149136e-06,3.6670033260378753e-06,3.666981590632966e-06,3.666959855501354e-06,3.6669381206429766e-06,3.666916386013602e-06,3.666894651720132e-06,3.6668729176508316e-06,3.666851183938541e-06,3.66682945043984e-06,3.6668077172337833e-06,3.666785984280793e-06,3.6667642516164403e-06,3.6667425192468993e-06,3.6667207871274485e-06,3.6666990552635882e-06,3.6666773236690976e-06,3.666655592433461e-06,3.6666338614058957e-06,3.6666121306525494e-06,3.6665904001738472e-06,3.6665686699906206e-06,3.6665469400557966e-06,3.6665252104518334e-06,3.6665034810678933e-06,3.6664817519485633e-06,3.6664600230994937e-06,3.666438294497439e-06,3.66641656618922e-06,3.6663948381743934e-06,3.666373110435491e-06,3.6663513829740466e-06,3.666329655775036e-06,3.666307928854181e-06,3.6662862022623016e-06,3.666264475886933e-06,3.6662427497688396e-06,3.6662210239277254e-06,3.666199298363681e-06,3.6661775731309246e-06,3.6661558481233675e-06,3.666134123386111e-06,3.6661123989832848e-06,3.6660906747966707e-06,3.66606895090795e-06,3.666047227273394e-06,3.6660255038731538e-06,3.666003780812944e-06,3.665982057985482e-06,3.665960335431482e-06,3.6659386131715645e-06,3.665916891173457e-06,3.665895169434412e-06,3.6658734479743914e-06,3.6658517268048388e-06,3.665830005841565e-06,3.665808285211142e-06,3.665786564890985e-06,3.665764844805457e-06,3.665743124997221e-06,3.665721405384979e-06,3.6656996861246975e-06,3.665677967118828e-06,3.6656562484074356e-06,3.6656345300693498e-06,3.6656128118823306e-06,3.665591093988164e-06,3.6655693763579197e-06,3.6655476590108603e-06,3.6655259419433197e-06,3.6655042251549315e-06,3.665482508621462e-06,3.665460792371388e-06,3.6654390763908692e-06,3.6654173606897944e-06,3.6653956452647985e-06,3.66537393011032e-06,3.6653522152242864e-06,3.665330500588659e-06,3.66530878620787e-06,3.6652870721346e-06,3.665265358335304e-06,3.665243644817751e-06,3.665221931570636e-06,3.665200218600734e-06,3.6651785059025864e-06,3.6651567934791373e-06,3.6651350813276158e-06,3.665113369468761e-06,3.6650916578535928e-06,3.665069946519235e-06,3.6650482354473713e-06,3.6650265246639783e-06,3.6650048141453275e-06,3.6649831038837034e-06,3.664961393925031e-06,3.6649396842352666e-06,3.664917974825783e-06,3.6648962656827964e-06,3.664874556809548e-06,3.6648528482505328e-06,3.6648311399297695e-06,3.6648094318620424e-06,3.664787724096514e-06,3.664766016593041e-06,3.6647443093622387e-06,3.6647226024035323e-06,3.664700895718855e-06,3.664679189309356e-06,3.6646574831790715e-06,3.6646357773388116e-06,3.6646140717543916e-06,3.6645923664203415e-06,3.664570661385499e-06,3.6645489566208696e-06,3.6645272521348413e-06,3.6645055479515633e-06,3.6644838440040404e-06,3.664462140330193e-06,3.6644404369466764e-06,3.6644187338074817e-06,3.664397030937824e-06,3.6643753283582885e-06,3.6643536260554194e-06,3.664331924018512e-06,3.6643102222592275e-06,3.664288520771528e-06,3.664266819570346e-06,3.6642451186160394e-06,3.66422341800994e-06,3.6642017176037166e-06,3.664180017609802e-06,3.6641583176866467e-06,3.664136618113886e-06,3.6641149188041095e-06,3.6640932197584035e-06,3.664071521038279e-06,3.6640498225712467e-06,3.6640281243648204e-06,3.664006426484584e-06,3.663984728822997e-06,3.6639630314723024e-06,3.663941334355691e-06,3.6639196375149085e-06,3.663897940949931e-06,3.663876244675786e-06,3.66385454864388e-06,3.663832852899266e-06,3.6638111574263037e-06,3.663789462226998e-06,3.6637677672985004e-06,3.663746072632579e-06,3.6637243782889343e-06,3.6637026841897677e-06,3.6636809903590836e-06,3.663659296781428e-06,3.6636376034765734e-06,3.6636159104159417e-06,3.6635942176631595e-06,3.66357252511621e-06,3.6635508329230663e-06,3.663529141005678e-06,3.6635074493664967e-06,3.663485758033117e-06,3.6634640669342706e-06,3.6634423761132592e-06,3.663420685562615e-06,3.663398995250591e-06,3.663377305250436e-06,3.6633556155077916e-06,3.663333926052722e-06,3.6633122368678895e-06,3.663290548008864e-06,3.663268859371368e-06,3.663247170991188e-06,3.663225482826574e-06,3.6632037950048186e-06,3.663182107463755e-06,3.6631604201662987e-06,3.663138733163423e-06,3.663117046434125e-06,3.663095360007623e-06,3.6630736738256227e-06,3.6630519879472993e-06,3.6630303022738474e-06,3.6630086169041563e-06,3.6629869317352645e-06,3.662965246912646e-06,3.662943562353541e-06,3.6629218780965614e-06,3.6629001941255415e-06,3.6628785102888762e-06,3.6628568268390336e-06,3.662835143655787e-06,3.662813460754993e-06,3.6627917781236244e-06,3.662770095771983e-06,3.662748413693704e-06,3.6627267318710457e-06,3.6627050503480352e-06,3.662683369093631e-06,3.6626616881016e-06,3.662640007391815e-06,3.662618326949802e-06,3.6625966467808257e-06,3.662574966884447e-06,3.66255328731537e-06,3.6625316079680673e-06,3.662509928897625e-06,3.6624882500946966e-06,3.662466571544922e-06,3.6624448932870548e-06,3.662423215310827e-06,3.662401537619685e-06,3.6623798601879076e-06,3.662358182947332e-06,3.6623365060236527e-06,3.662314829513721e-06,3.662293153161866e-06,3.6622714770493213e-06,3.6622498012512854e-06,3.662228125720916e-06,3.6622064504664375e-06,3.6621847754882656e-06,3.662163100808497e-06,3.662141426375051e-06,3.662119752240091e-06,3.662098078344076e-06,3.662076404732036e-06,3.6620547313895495e-06,3.6620330583238305e-06,3.6620113855312565e-06,3.6619897130192904e-06,3.6619680407535327e-06,3.6619463687662024e-06,3.6619246970537618e-06,3.661903025612042e-06,3.6618813544566735e-06,3.66185968356263e-06,3.661838012954158e-06,3.6618163426039083e-06,3.6617946725427524e-06,3.661773002786459e-06,3.6617513332624796e-06,3.6617296639967754e-06,3.661707995055057e-06,3.661686326357303e-06,3.6616646579454387e-06,3.661642989795912e-06,3.661621321943109e-06,3.661599654362563e-06,3.6615779870347365e-06,3.6615563199787392e-06,3.661534653196185e-06,3.661512986608325e-06,3.6614913203577696e-06,3.6614696543951975e-06,3.6614479886857954e-06,3.6614263232898327e-06,3.6614046581448057e-06,3.6613829932727296e-06,3.6613613287068186e-06,3.6613396643752393e-06,3.661318000327371e-06,3.6612963365404378e-06,3.6612746730337495e-06,3.6612530097879703e-06,3.661231346822997e-06,3.6612096841355737e-06,3.6611880217045813e-06,3.6611663595634156e-06,3.6611446976890408e-06,3.661123036092673e-06,3.661101374806854e-06,3.6610797137430224e-06,3.6610580529663344e-06,3.6610363924621476e-06,3.66101473223359e-06,3.6609930722742807e-06,3.6609714125852145e-06,3.660949753156085e-06,3.660928094051791e-06,3.6609064350928997e-06,3.660884776489903e-06,3.660863118172824e-06,3.66084146013032e-06,3.6608198023503894e-06,3.660798144852863e-06,3.6607764876477e-06,3.6607548307806277e-06,3.660733174086925e-06,3.660711517673078e-06,3.6606898615387844e-06,3.6606682056782643e-06,3.660646550097093e-06,3.6606248947698204e-06,3.660603239731262e-06,3.6605815849600918e-06,3.660559930470851e-06,3.6605382762484495e-06,3.6605166222896983e-06,3.6604949686143503e-06,3.6604733152100907e-06,3.6604516620907678e-06,3.6604300092531528e-06,3.6604083566682645e-06,3.6603867043428465e-06,3.660365052303715e-06,3.660343400536774e-06,3.660321749043716e-06,3.6603000978645887e-06,3.660278446911897e-06,3.660256796236672e-06,3.6602351458258487e-06,3.6602134956971298e-06,3.6601918458479093e-06,3.6601701962730483e-06,3.660148547007034e-06,3.6601268979722367e-06,3.660105249214002e-06,3.6600836007288343e-06,3.660061952507939e-06,3.6600403045899773e-06,3.6600186569178483e-06,3.6599970095205244e-06,3.6599753623859263e-06,3.6599537155338353e-06,3.659932068952571e-06,3.659910422676764e-06,3.659888776646276e-06,3.6598671308853966e-06,3.659845485385209e-06,3.659823840094721e-06,3.659802195152844e-06,3.659780550476059e-06,3.6597589061226274e-06,3.6597372620007117e-06,3.659715618171214e-06,3.659693974604186e-06,3.6596723312955793e-06,3.659650688303466e-06,3.659629045587279e-06,3.6596074031846336e-06,3.6595857609714575e-06,3.659564119031775e-06,3.659542477362619e-06,3.659520835943325e-06,3.659499194821361e-06,3.659477553996223e-06,3.659455913401288e-06,3.6594342730986507e-06,3.65941263305015e-06,3.659390993354416e-06,3.6593693537759743e-06,3.659347714570793e-06,3.6593260756288158e-06,3.6593044369481846e-06,3.6592827985402396e-06,3.659261160436121e-06,3.6592395225821624e-06,3.6592178850333642e-06,3.6591962477702605e-06,3.659174610744479e-06,3.6591529740096214e-06,3.6591313375555027e-06,3.6591097013457065e-06,3.65908806540821e-06,3.6590664297369707e-06,3.659044794373436e-06,3.6590231592544422e-06,3.6590015244181243e-06,3.6589798898462895e-06,3.658958255585618e-06,3.6589366215565244e-06,3.6589149878414354e-06,3.6588933543624624e-06,3.658871721159559e-06,3.6588500882199995e-06,3.658828455567015e-06,3.6588068231703526e-06,3.6587851910526983e-06,3.6587635590701035e-06,3.658741927498825e-06,3.65872029619948e-06,3.6586986651896726e-06,3.6586770344419248e-06,3.658655403948637e-06,3.6586337737411034e-06,3.65861214385049e-06,3.6585905142519204e-06,3.6585688848618816e-06,3.6585472557506167e-06,3.6585256269064076e-06,3.6585039983252464e-06,3.6584823700285103e-06,3.658460742005705e-06,3.658439114250965e-06,3.6584174867695935e-06,3.6583958595621392e-06,3.6583742326278904e-06,3.658352605968686e-06,3.6583309795793998e-06,3.6583093534608877e-06,3.6582877276207598e-06,3.658266102051318e-06,3.6582444767551675e-06,3.658222851729797e-06,3.6582012269775933e-06,3.658179602484156e-06,3.658157978278064e-06,3.6581363543418715e-06,3.6581147307016123e-06,3.658093107313761e-06,3.658071484216891e-06,3.6580498613800005e-06,3.658028238797973e-06,3.6580066165299934e-06,3.6579849944994267e-06,3.65796337280776e-06,3.657941751334842e-06,3.657920130127069e-06,3.6578985091930872e-06,3.6578768885311216e-06,3.6578552681353932e-06,3.6578336478294775e-06,3.657812027995165e-06,3.6577904084517785e-06,3.6577687891508126e-06,3.657747170125516e-06,3.6577255513514333e-06,3.6577039329539505e-06,3.657682314747432e-06,3.657660696820131e-06,3.6576390791588076e-06,3.657617461755041e-06,3.6575958446628703e-06,3.657574227843995e-06,3.6575526112822154e-06,3.657530994975828e-06,3.6575093789501834e-06,3.6574877631996265e-06,3.6574661477202108e-06,3.65744453251765e-06,3.657422917568544e-06,3.657401302928608e-06,3.6573796885421844e-06,3.657358074390042e-06,3.6573364605472873e-06,3.657314846975814e-06,3.6572932336658158e-06,3.657271620641209e-06,3.6572500078912546e-06,3.65722839544444e-06,3.6572067832524595e-06,3.6571851712992517e-06,3.657163559642578e-06,3.6571419482755972e-06,3.6571203371566825e-06,3.657098726315272e-06,3.6570771157395608e-06,3.657055505421576e-06,3.657033895395049e-06,3.657012285632084e-06,3.656990676150896e-06,3.656969066944707e-06,3.65694745800971e-06,3.656925849330453e-06,3.656904240922176e-06,3.6568826327849914e-06,3.65686102493647e-06,3.656839417358115e-06,3.656817810055635e-06,3.656796203019736e-06,3.656774596265863e-06,3.6567529897830615e-06,3.6567313836618467e-06,3.6567097777248593e-06,3.6566881720509058e-06,3.656666566685483e-06,3.656644961567832e-06,3.656623356722236e-06,3.656601752156173e-06,3.6565801478333618e-06,3.6565585438113368e-06,3.6565369400552577e-06,3.656515336570201e-06,3.656493733363987e-06,3.656472130408319e-06,3.656450527763304e-06,3.6564289253694928e-06,3.65640732323303e-06,3.656385721384123e-06,3.6563641198113028e-06,3.6563425184950343e-06,3.6563209174638776e-06,3.6562993167090946e-06,3.656277716224221e-06,3.6562561160122795e-06,3.6562345160666917e-06,3.6562129164065183e-06,3.656191317004292e-06,3.656169717882892e-06,3.656148119024443e-06,3.6561265204641127e-06,3.6561049221647868e-06,3.6560833241420145e-06,3.656061726387606e-06,3.6560401289092167e-06,3.6560185316977394e-06,3.6559969346334696e-06,3.655975337979058e-06,3.655953741511729e-06,3.655932145390529e-06,3.6559105495406294e-06,3.6558889539498374e-06,3.6558673586412996e-06,3.6558457636061523e-06,3.655824168838721e-06,3.6558025743472556e-06,3.655780980138543e-06,3.6557593861927136e-06,3.6557377925209573e-06,3.655716199117908e-06,3.6556946059985716e-06,3.655673013144323e-06,3.6556514205509818e-06,3.6556298282410516e-06,3.6556082362042963e-06,3.6555866444386716e-06,3.6555650529465158e-06,3.6555434617262096e-06,3.6555218707803997e-06,3.655500280104915e-06,3.6554786896995625e-06,3.6554570995752725e-06,3.6554355097172477e-06,3.6554139201407564e-06,3.6553923308184952e-06,3.6553707417788348e-06,3.6553491530116305e-06,3.6553275645186654e-06,3.6553059762983555e-06,3.655284388351951e-06,3.6552628006748245e-06,3.6552412132750626e-06,3.6552196261350234e-06,3.655198039349398e-06,3.6551764527471706e-06,3.6551548664337865e-06,3.6551332804313803e-06,3.655111694660756e-06,3.655090109159062e-06,3.6550685239320007e-06,3.6550469390002404e-06,3.6550253543181655e-06,3.6550037699078463e-06,3.654982185772428e-06,3.654960601907307e-06,3.654939018329416e-06,3.654917435043394e-06,3.6548958520253904e-06,3.6548742692403753e-06,3.654852686668205e-06,3.6548311044355565e-06,3.6548095224819623e-06,3.6547879407934463e-06,3.6547663593678365e-06,3.654744778227738e-06,3.654723197385575e-06,3.6547016167910257e-06,3.654680036466684e-06,3.654658456417226e-06,3.654636876617381e-06,3.6546152971109893e-06,3.6545937178556376e-06,3.654572138854798e-06,3.654550560150939e-06,3.6545289816946957e-06,3.654507403569121e-06,3.6544858256923982e-06,3.6544642480749855e-06,3.654442670819585e-06,3.654421093775327e-06,3.6543995169973026e-06,3.654377940491102e-06,3.6543563642546027e-06,3.6543347883130527e-06,3.654313212620484e-06,3.6542916372004494e-06,3.6542700620457897e-06,3.6542484871748076e-06,3.654226912576398e-06,3.6542053383323526e-06,3.6541837642915924e-06,3.6541621905081553e-06,3.654140617008919e-06,3.654119043768453e-06,3.6540974707912167e-06,3.654075898094968e-06,3.6540543256636034e-06,3.6540327535292683e-06,3.654011181647158e-06,3.653989610040863e-06,3.6539680386886755e-06,3.653946467718596e-06,3.6539248969195554e-06,3.6539033263903876e-06,3.653881756144044e-06,3.6538601861467506e-06,3.6538386164465168e-06,3.6538170470176528e-06,3.6537954778596267e-06,3.653773908976091e-06,3.653752340389632e-06,3.653730772048463e-06,3.6537092039920754e-06,3.6536876361871777e-06,3.6536660686761182e-06,3.6536445013905305e-06,3.653622934404724e-06,3.6536013676992173e-06,3.6535798012672727e-06,3.6535582351085463e-06,3.6535366692199467e-06,3.653515103598878e-06,3.6534935382521358e-06,3.6534719731785216e-06,3.653450408376695e-06,3.65342884385327e-06,3.653407279607822e-06,3.6533857156259442e-06,3.6533641519158833e-06,3.653342588468863e-06,3.6533210253692426e-06,3.6532994624656904e-06,3.6532778998464377e-06,3.6532563374941333e-06,3.653234775420912e-06,3.6532132136163096e-06,3.653191652133794e-06,3.6531700908669426e-06,3.6531485298785544e-06,3.6531269691627397e-06,3.653105408719022e-06,3.653083848548432e-06,3.653062288655565e-06,3.653040729047581e-06,3.653019169673773e-06,3.6529976105914116e-06,3.6529760517807946e-06,3.6529544932426055e-06,3.6529329349777513e-06,3.652911376985457e-06,3.6528898192692093e-06,3.65286826182271e-06,3.6528467046259192e-06,3.6528251477254353e-06,3.652803591117487e-06,3.6527820347989548e-06,3.652760478698393e-06,3.6527389228792072e-06,3.652717367335321e-06,3.652695812065972e-06,3.6526742570685134e-06,3.652652702337541e-06,3.652631147879749e-06,3.6526095937266754e-06,3.6525880398121647e-06,3.65256648617172e-06,3.6525449328000786e-06,3.652523379727757e-06,3.6525018269054374e-06,3.6524802743556704e-06,3.6524587220832957e-06,3.652437170076155e-06,3.6524156183701145e-06,3.6523940668980818e-06,3.652372515599976e-06,3.652350964689215e-06,3.652329414006858e-06,3.6523078636376112e-06,3.6522863135389145e-06,3.6522647637107868e-06,3.652243214128915e-06,3.6522216648367684e-06,3.6522001158328643e-06,3.6521785670912884e-06,3.652157018613398e-06,3.65213547042666e-06,3.652113922500664e-06,3.652092374854902e-06,3.6520708274667506e-06,3.6520492803594003e-06,3.652027733537038e-06,3.652006186973621e-06,3.6519846406831076e-06,3.651963094669702e-06,3.6519415488796828e-06,3.651920003403021e-06,3.651898458188977e-06,3.65187691326159e-06,3.6518553685817524e-06,3.6518338241830974e-06,3.651812280068736e-06,3.6517907362333955e-06,3.651769192660533e-06,3.651747649362219e-06,3.6517261063349174e-06,3.6517045636117546e-06,3.6516830211426296e-06,3.651661478953071e-06,3.6516399370162027e-06,3.6516183952715255e-06,3.651596853877929e-06,3.6515753127598065e-06,3.651553771901842e-06,3.651532231428187e-06,3.6515106911253685e-06,3.651489151106132e-06,3.6514676113412743e-06,3.6514460718470328e-06,3.6514245326083665e-06,3.651402993664176e-06,3.651381455006882e-06,3.651359916599939e-06,3.6513383784681756e-06,3.651316840610839e-06,3.6512953030324952e-06,3.6512737657201945e-06,3.651252228673368e-06,3.651230691906129e-06,3.6512091554156045e-06,3.6511876192238166e-06,3.6511660832728274e-06,3.6511445475908923e-06,3.6511230121772896e-06,3.651101477038237e-06,3.651079942220507e-06,3.6510584076473027e-06,3.651036873348134e-06,3.651015339297622e-06,3.6509938055599804e-06,3.6509722720663067e-06,3.6509507388353385e-06,3.650929205866423e-06,3.650907673173382e-06,3.650886140719163e-06,3.6508646085752336e-06,3.6508430767003927e-06,3.6508215451029225e-06,3.6508000137716006e-06,3.6507784827140877e-06,3.650756951929317e-06,3.650735421417492e-06,3.6507138911761957e-06,3.650692361196372e-06,3.6506708314998627e-06,3.6506493020756224e-06,3.6506277729222734e-06,3.650606244035918e-06,3.6505847154260275e-06,3.650563187091406e-06,3.6505416590245606e-06,3.650520131228928e-06,3.6504986037097638e-06,3.650477076462836e-06,3.650455549488828e-06,3.650434022789281e-06,3.6504124963226376e-06,3.6503909701578428e-06,3.6503694442803602e-06,3.6503479186962518e-06,3.6503263933507254e-06,3.6503048682783976e-06,3.6502833434764296e-06,3.6502618189449455e-06,3.650240294686133e-06,3.6502187706718525e-06,3.650197246943148e-06,3.650175723501413e-06,3.6501542003319074e-06,3.6501326774317054e-06,3.6501111548031414e-06,3.6500896324493045e-06,3.6500681103635564e-06,3.6500465885396746e-06,3.6500250670646385e-06,3.6500035457984855e-06,3.6499820248074454e-06,3.649960504058148e-06,3.6499389836079516e-06,3.6499174634293406e-06,3.6498959435043202e-06,3.649874423869314e-06,3.649852904479804e-06,3.649831385380022e-06,3.649809866533644e-06,3.6497883479712676e-06,3.6497668296962395e-06,3.649745311665991e-06,3.649723793936564e-06,3.649702276493682e-06,3.649680759298338e-06,3.6496592423873475e-06,3.6496377257788567e-06,3.649616209407126e-06,3.649594693308191e-06,3.6495731774981856e-06,3.649551661939477e-06,3.6495301466542125e-06,3.6495086316393316e-06,3.6494871169055077e-06,3.6494656024238683e-06,3.6494440881895816e-06,3.6494225742648703e-06,3.6494010606108672e-06,3.64937954722946e-06,3.649358034116201e-06,3.6493365212779045e-06,3.6493150087157955e-06,3.649293496418922e-06,3.649271984372183e-06,3.6492504725776158e-06,3.649228961098476e-06,3.6492074498901918e-06,3.6491859389721916e-06,3.649164428308139e-06,3.6491429179218163e-06,3.649121407800971e-06,3.649099897953786e-06,3.6490783883761397e-06,3.6490568790071455e-06,3.649035369973285e-06,3.6490138612241214e-06,3.6489923527574447e-06,3.6489708445363093e-06,3.6489493366143705e-06,3.648927828947753e-06,3.6489063215446272e-06,3.6488848144108594e-06,3.6488633075516013e-06,3.648841800962905e-06,3.648820294647822e-06,3.6487987886070075e-06,3.6487772828278223e-06,3.6487557773265233e-06,3.6487342720985427e-06,3.648712767142704e-06,3.6486912624582314e-06,3.6486697580919104e-06,3.6486482539622355e-06,3.6486267500860055e-06,3.6486052464888992e-06,3.648583743160838e-06,3.648562240093654e-06,3.648540737316518e-06,3.6485192347905435e-06,3.6484977325409213e-06,3.6484762304947357e-06,3.6484547288270794e-06,3.6484332274043964e-06,3.648411726253057e-06,3.6483902253721555e-06,3.648368724765688e-06,3.6483472244395267e-06,3.6483257243739354e-06,3.648304224568015e-06,3.6482827250196285e-06,3.6482612257817256e-06,3.6482397267020725e-06,3.6482182279958416e-06,3.648196729560928e-06,3.6481752313971235e-06,3.6481537335020613e-06,3.648132235839375e-06,3.6481107384938164e-06,3.648089241411928e-06,3.6480677446065846e-06,3.6480462480729157e-06,3.6480247518119914e-06,3.648003255820278e-06,3.6479817601003526e-06,3.647960264691853e-06,3.6479387695286504e-06,3.6479172746261153e-06,3.6478957799953153e-06,3.647874285653608e-06,3.6478527915621823e-06,3.6478312977448596e-06,3.647809804178543e-06,3.64778831090412e-06,3.6477668179080518e-06,3.6477453251849113e-06,3.6477238327233355e-06,3.647702340536605e-06,3.647680848617383e-06,3.647659356970629e-06,3.647637865602189e-06,3.647616374490939e-06,3.6475948836073393e-06,3.6475733930483334e-06,3.6475519028492075e-06,3.647530412836576e-06,3.6475089230979438e-06,3.6474874336250907e-06,3.64746594454293e-06,3.6474444556227065e-06,3.6474229669601695e-06,3.6474014785634193e-06,3.647379990451097e-06,3.6473585026122617e-06,3.6473370150433388e-06,3.647315527748486e-06,3.6472940407210493e-06,3.647272553992309e-06,3.647251067493899e-06,3.64722958128191e-06,3.647208095346137e-06,3.6471866096778098e-06,3.647165124281843e-06,3.6471436391565666e-06,3.6471221542964237e-06,3.6471006697161587e-06,3.647079185406847e-06,3.647057701428276e-06,3.6470362176665814e-06,3.6470147340930676e-06,3.646993250867487e-06,3.646971767916719e-06,3.6469502852360316e-06,3.6469288028268243e-06,3.646907320690104e-06,3.6468858388146092e-06,3.6468643572201154e-06,3.6468428758987504e-06,3.6468213948418985e-06,3.6467999140607554e-06,3.6467784335543907e-06,3.646756953299618e-06,3.646735473333603e-06,3.6467139936519464e-06,3.6466925142296814e-06,3.6466710350791415e-06,3.6466495562003976e-06,3.6466280775937778e-06,3.6466065992568575e-06,3.6465851211952687e-06,3.6465636434007032e-06,3.6465421659086534e-06,3.6465206886811295e-06,3.6464992117005466e-06,3.646477734984514e-06,3.64645625854916e-06,3.6464347823886332e-06,3.6464133065098733e-06,3.6463918308900408e-06,3.646370355541119e-06,3.6463488804638873e-06,3.6463274056581225e-06,3.6463059309944716e-06,3.646284456718778e-06,3.646262982730034e-06,3.646241509012132e-06,3.646220035562089e-06,3.646198562386523e-06,3.646177089482654e-06,3.6461556168497357e-06,3.646134144483881e-06,3.6461126724001023e-06,3.64609120060008e-06,3.6460697290532495e-06,3.6460482577774847e-06,3.6460267867736887e-06,3.646005316047244e-06,3.6459838456581807e-06,3.6459623754796437e-06,3.645940905553026e-06,3.6459194359050505e-06,3.6458979665355524e-06,3.645876497432057e-06,3.6458550285811616e-06,3.6458335600156804e-06,3.6458120917234007e-06,3.6457906237053975e-06,3.6457691559588294e-06,3.6457476884845705e-06,3.6457262212993036e-06,3.645704754364423e-06,3.6456832876828065e-06,3.645661821292617e-06,3.645640355178627e-06,3.6456188893046097e-06,3.6455974237223064e-06,3.6455759584076567e-06,3.6455544933784326e-06,3.645533028617975e-06,3.6455115641579218e-06,3.645490099939087e-06,3.645468635995001e-06,3.6454471723157043e-06,3.6454257088890567e-06,3.6454042457569865e-06,3.645382782894305e-06,3.6453613203109053e-06,3.645339858004139e-06,3.6453183959591805e-06,3.6452969342009426e-06,3.645275472693443e-06,3.6452540114626373e-06,3.6452325504868703e-06,3.645211089795109e-06,3.6451896293363574e-06,3.6451681691868075e-06,3.6451467093101627e-06,3.645125249705463e-06,3.6451037903728923e-06,3.6450823313091734e-06,3.645060872553163e-06,3.6450394140364003e-06,3.6450179557904497e-06,3.6449964978063175e-06,3.644975040100256e-06,3.6449535826908945e-06,3.6449321255276024e-06,3.644910668668288e-06,3.644889212047957e-06,3.6448677557057793e-06,3.6448462996289285e-06,3.6448248438124205e-06,3.64480338827735e-06,3.644781933025473e-06,3.6447604780344876e-06,3.6447390233147153e-06,3.6447175688663434e-06,3.644696114678179e-06,3.644674660777134e-06,3.6446532071421967e-06,3.644631753790026e-06,3.644610300734594e-06,3.644588847914347e-06,3.644567395389031e-06,3.6445459431517323e-06,3.644524491110604e-06,3.644503039515708e-06,3.6444815880971006e-06,3.6444601369101943e-06,3.644438685988643e-06,3.6444172353369956e-06,3.6443957849517933e-06,3.644374334914206e-06,3.644352885078437e-06,3.6443314355049373e-06,3.6443099862068306e-06,3.6442885371826794e-06,3.6442670884252347e-06,3.644245639946073e-06,3.644224191733859e-06,3.6442027438044345e-06,3.6441812961369963e-06,3.6441598487531396e-06,3.644138401632757e-06,3.6441169548100467e-06,3.6440955082297782e-06,3.6440740619196006e-06,3.644052615888934e-06,3.644031170121698e-06,3.6440097246253956e-06,3.643988279403214e-06,3.6439668344470195e-06,3.6439453897321234e-06,3.6439239453249374e-06,3.643902501185573e-06,3.643881057251136e-06,3.64385961365822e-06,3.643838170332865e-06,3.6438167272702005e-06,3.643795284496314e-06,3.643773842010518e-06,3.643752399777452e-06,3.6437309578078512e-06,3.643709516110078e-06,3.6436880746821377e-06,3.6436666335257753e-06,3.643645192653757e-06,3.6436237520398736e-06,3.6436023116967195e-06,3.643580871624577e-06,3.643559431825343e-06,3.6435379922153743e-06,3.643516552958723e-06,3.643495113993748e-06,3.6434736752774137e-06,3.643452236865595e-06,3.643430798693577e-06,3.643409360793425e-06,3.6433879231636616e-06,3.6433664857934505e-06,3.643345048686703e-06,3.6433236118707568e-06,3.6433021753272455e-06,3.6432807390562545e-06,3.643259303054807e-06,3.6432378673429737e-06,3.64321643193783e-06,3.643194996745948e-06,3.6431735618391016e-06,3.643152127172416e-06,3.6431306927956607e-06,3.6431092586929664e-06,3.6430878248595442e-06,3.643066391283163e-06,3.643044957972882e-06,3.6430235249518485e-06,3.6430020922038568e-06,3.642980659728137e-06,3.642959227520058e-06,3.642937795583644e-06,3.642916363918202e-06,3.642894932526022e-06,3.6428735013476136e-06,3.6428520704977884e-06,3.642830639906515e-06,3.642809209595664e-06,3.6427877795668958e-06,3.6427663498106206e-06,3.6427449203192893e-06,3.6427234911074547e-06,3.64270206215463e-06,3.6426806334515044e-06,3.642659205041171e-06,3.6426377768974313e-06,3.6426163490289766e-06,3.6425949214283757e-06,3.642573494110791e-06,3.642552067055949e-06,3.6425306402735976e-06,3.642509213776253e-06,3.642487787535156e-06,3.6424663615674097e-06,3.6424449358681877e-06,3.6424235104347397e-06,3.642402085281041e-06,3.6423806604028986e-06,3.6423592357758696e-06,3.6423378114058748e-06,3.6423163873320895e-06,3.642294963531806e-06,3.6422735400707243e-06,3.6422521168145727e-06,3.642230693826638e-06,3.642209271135738e-06,3.64218784869934e-06,3.6421664265253057e-06,3.6421450046275888e-06,3.6421235829878636e-06,3.642102161627407e-06,3.642080740601766e-06,3.6420593197871195e-06,3.6420378992359444e-06,3.642016478845253e-06,3.6419950588388825e-06,3.64197363910411e-06,3.6419522196471065e-06,3.6419308004544376e-06,3.641909381531757e-06,3.6418879628645784e-06,3.6418665444847815e-06,3.641845126375828e-06,3.6418237085354663e-06,3.641802291005271e-06,3.64178087371032e-06,3.6417594566858196e-06,3.64173803993488e-06,3.641716623448007e-06,3.6416952072344162e-06,3.6416737912925314e-06,3.6416523756238744e-06,3.6416309602254265e-06,3.641609545096105e-06,3.641588130228897e-06,3.641566715649338e-06,3.641545301361924e-06,3.6415238873279184e-06,3.641502473555239e-06,3.6414810600486643e-06,3.6414596468329766e-06,3.641438233898276e-06,3.6414168212119835e-06,3.6413954087937222e-06,3.64137399664597e-06,3.6413525847595547e-06,3.641331173177018e-06,3.641309761850089e-06,3.641288350728558e-06,3.6412669399258225e-06,3.6412455294161793e-06,3.6412241191686984e-06,3.641202709197448e-06,3.641181299509925e-06,3.641159890071066e-06,3.641138480905884e-06,3.6411170720049838e-06,3.6410956633813827e-06,3.641074255025816e-06,3.641052846963126e-06,3.6410314391545147e-06,3.6410100316152e-06,3.6409886243518496e-06,3.64096721735482e-06,3.640945810627182e-06,3.640924404105279e-06,3.6409029978962938e-06,3.640881591981759e-06,3.6408601863404297e-06,3.640838780970293e-06,3.6408173758634874e-06,3.6407959710657122e-06,3.640774566501332e-06,3.6407531622120535e-06,3.640731758288771e-06,3.6407103545455292e-06,3.640688951068803e-06,3.6406675478562803e-06,3.6406461449320065e-06,3.640624742308132e-06,3.640603339892144e-06,3.6405819377950738e-06,3.6405605359432534e-06,3.640539134371111e-06,3.6405177330648408e-06,3.640496332033069e-06,3.6404749312657836e-06,3.640453530764721e-06,3.64043213053653e-06,3.640410730591261e-06,3.640389330912515e-06,3.640367931499622e-06,3.640346532306499e-06,3.640325133439731e-06,3.6403037348397988e-06,3.640282336509158e-06,3.6402609384489614e-06,3.6402395406601395e-06,3.640218143143227e-06,3.6401967458287085e-06,3.6401753488623636e-06,3.6401539521622014e-06,3.6401325557237182e-06,3.6401111595622385e-06,3.640089763667385e-06,3.640068368055326e-06,3.6400469727052913e-06,3.6400255776276343e-06,3.640004182822059e-06,3.6399827882848632e-06,3.6399613940193935e-06,3.6399400000202017e-06,3.6399186062955997e-06,3.63989721284268e-06,3.639875819661792e-06,3.6398544267503722e-06,3.6398330340997594e-06,3.6398116417545052e-06,3.639790249658235e-06,3.639768857821434e-06,3.639747466263285e-06,3.6397260749759103e-06,3.6397046839562903e-06,3.639683293205357e-06,3.639661902731746e-06,3.639640512528576e-06,3.6396191225952104e-06,3.639597732933492e-06,3.6395763435462428e-06,3.639554954426237e-06,3.6395335655773357e-06,3.6395121770417355e-06,3.6394907887320665e-06,3.639469400695557e-06,3.63944801290393e-06,3.639426625422203e-06,3.639405238202563e-06,3.6393838512467058e-06,3.639362464564079e-06,3.6393410781405674e-06,3.6393196919971242e-06,3.63929830612441e-06,3.63927692052186e-06,3.6392555351920357e-06,3.6392341501302066e-06,3.6392127653385877e-06,3.639191380812755e-06,3.6391699965656654e-06,3.639148612596151e-06,3.6391272288902428e-06,3.6391058454522194e-06,3.63908446225573e-06,3.6390630793621524e-06,3.639041696736342e-06,3.6390203143840304e-06,3.6389989323019407e-06,3.6389775504899187e-06,3.638956168957152e-06,3.6389347876881928e-06,3.6389134066908068e-06,3.638892025964336e-06,3.638870645506987e-06,3.638849265319573e-06,3.63882788540493e-06,3.6388065057521614e-06,3.6387851264103776e-06,3.638763747325836e-06,3.6387423684917996e-06,3.6387209899281997e-06,3.638699611636884e-06,3.638678233614691e-06,3.638656855861951e-06,3.6386354783856845e-06,3.6386141011672877e-06,3.6385927242940687e-06,3.638571347639548e-06,3.6385499712422723e-06,3.6385285951157865e-06,3.6385072192471693e-06,3.6384858436549788e-06,3.638464468342989e-06,3.638443093231174e-06,3.6384217184528335e-06,3.638400343950228e-06,3.6383789697516405e-06,3.638357595790535e-06,3.6383362221341826e-06,3.6383148487106653e-06,3.638293475583354e-06,3.6382721027068483e-06,3.6382507301009123e-06,3.6382293577642688e-06,3.6382079857056257e-06,3.638186613911617e-06,3.6381652423861336e-06,3.6381438711137548e-06,3.6381225001317816e-06,3.6381011294361065e-06,3.6380797589909756e-06,3.63805838882088e-06,3.6380370189208218e-06,3.638015649289489e-06,3.637994279931355e-06,3.6379729108434906e-06,3.6379515420203092e-06,3.637930173479755e-06,3.637908805206939e-06,3.6378874371991637e-06,3.637866069462689e-06,3.6378447019974444e-06,3.6378233348056544e-06,3.6378019678830045e-06,3.637780601228786e-06,3.6377592348704287e-06,3.637737868750813e-06,3.6377165029075834e-06,3.637695137353234e-06,3.6376737720596015e-06,3.6376524070370515e-06,3.6376310422774247e-06,3.6376096777875975e-06,3.637588313562223e-06,3.6375669496165193e-06,3.63754558594828e-06,3.63752422254205e-06,3.637502859442682e-06,3.6374814966061407e-06,3.6374601340173023e-06,3.6374387717159277e-06,3.6374174096617937e-06,3.6373960478767323e-06,3.6373746863540017e-06,3.63735332509308e-06,3.637331964121217e-06,3.6373106034098245e-06,3.6372892428922506e-06,3.6372678827341176e-06,3.637246522843667e-06,3.637225163223666e-06,3.6372038038748635e-06,3.6371824447979782e-06,3.637161085990845e-06,3.6371397274468333e-06,3.637118369181783e-06,3.6370970112054548e-06,3.637075653482286e-06,3.6370542960284596e-06,3.6370329388238606e-06,3.637011581916051e-06,3.6369902252749635e-06,3.636968868904261e-06,3.6369475128141213e-06,3.6369261569844923e-06,3.6369048014246335e-06,3.636883446133934e-06,3.636862091113782e-06,3.6368407363738007e-06,3.636819381894056e-06,3.636798027685468e-06,3.6367766737334573e-06,3.636755320067916e-06,3.6367339666912035e-06,3.6367126135658233e-06,3.6366912607664982e-06,3.6366699081833695e-06,3.6366485558656724e-06,3.6366272038407405e-06,3.636605852066992e-06,3.6365845005646755e-06,3.636563149343659e-06,3.6365417983803945e-06,3.6365204477711417e-06,3.6364990973492874e-06,3.636477747230515e-06,3.6364563973455695e-06,3.6364350477593263e-06,3.636413698410009e-06,3.636392349341828e-06,3.636371000538088e-06,3.636349652033518e-06,3.6363283037887864e-06,3.6363069558017537e-06,3.636285608083861e-06,3.6362642606556206e-06,3.6362429134805486e-06,3.6362215665757364e-06,3.636200219944539e-06,3.636178873622124e-06,3.6361575275294835e-06,3.636136181651364e-06,3.6361148361049836e-06,3.636093490809324e-06,3.636072145786386e-06,3.6360508010985984e-06,3.6360294566278095e-06,3.636008112425759e-06,3.6359867684998056e-06,3.635965424839096e-06,3.6359440815319993e-06,3.635922738413756e-06,3.635901395443194e-06,3.635880052862762e-06,3.6358587105549583e-06,3.6358373685136586e-06,3.6358160267858622e-06,3.635794685287397e-06,3.6357733440624067e-06,3.6357520031076092e-06,3.635730662427302e-06,3.635709322012531e-06,3.635687981873565e-06,3.6356666419988774e-06,3.6356453024077957e-06,3.6356239630666524e-06,3.6356026240063195e-06,3.6355812852135926e-06,3.635559946774056e-06,3.635538608518989e-06,3.6355172705404497e-06,3.6354959328285704e-06,3.6354745953872504e-06,3.635453258234076e-06,3.63543192133121e-06,3.635410584702298e-06,3.635389248351128e-06,3.6353679122555414e-06,3.635346576437307e-06,3.6353252408915244e-06,3.635303905623621e-06,3.6352825706176156e-06,3.63526123587854e-06,3.635239901416139e-06,3.6352185672196035e-06,3.6351972332837797e-06,3.635175899646378e-06,3.6351545662608147e-06,3.635133233142205e-06,3.6351119002938964e-06,3.635090567712826e-06,3.635069235420739e-06,3.6350479033756173e-06,3.6350265716135062e-06,3.635005240117498e-06,3.6349839088957746e-06,3.6349625779744127e-06,3.634941247290921e-06,3.6349199168778306e-06,3.6348985867113695e-06,3.63487725684773e-06,3.634855927153427e-06,3.6348345978466005e-06,3.634813268787991e-06,3.6347919399962145e-06,3.6347706114737435e-06,3.6347492832220165e-06,3.6347279552432132e-06,3.6347066275297426e-06,3.6346853000724304e-06,3.6346639729403127e-06,3.634642646041096e-06,3.6346213194111505e-06,3.634599993049168e-06,3.6345786669519835e-06,3.634557341135341e-06,3.634536015586428e-06,3.6345146903087717e-06,3.6344933653103872e-06,3.634472040542552e-06,3.6344507160856457e-06,3.634429391890585e-06,3.6344080678213387e-06,3.6343867441647624e-06,3.6343654207771746e-06,3.63434409766221e-06,3.6343227748210205e-06,3.634301452271584e-06,3.6342801299675766e-06,3.634258807932365e-06,3.634237486168197e-06,3.6342161646729262e-06,3.634194843448938e-06,3.634173522493156e-06,3.6341522018131084e-06,3.634130881431954e-06,3.634109561261653e-06,3.6340882413917566e-06,3.6340669217887522e-06,3.634045602442975e-06,3.6340242833828203e-06,3.6340029645935024e-06,3.6339816460356507e-06,3.6339603277837876e-06,3.6339390097943284e-06,3.6339176920792622e-06,3.633896374638646e-06,3.6338750575307984e-06,3.633853740620231e-06,3.6338324239803308e-06,3.633811107620637e-06,3.63378979153262e-06,3.6337684757140928e-06,3.633747160162416e-06,3.6337258448840442e-06,3.6337045299013475e-06,3.6336832151405743e-06,3.633661900652701e-06,3.6336405864575967e-06,3.633619272531161e-06,3.6335979588809996e-06,3.633576645521812e-06,3.6335553324083012e-06,3.633534019567955e-06,3.633512706990413e-06,3.633491394682796e-06,3.633470082658042e-06,3.633448770863336e-06,3.633427459366517e-06,3.633406148139709e-06,3.633384837192972e-06,3.63336352650955e-06,3.6333422160903617e-06,3.6333209059373368e-06,3.6332995960980286e-06,3.633278286514498e-06,3.63325697717615e-06
