,0,1,2,3,4,5,6,7,8,9,10,11,12,13,14,15,16,17,18,19,20,21,22,23,24,25,26,27,28,29,30,31,32,33,34,35,36,37,38,39,40,41,42,43,44,45,46,47,48,49,50,51,52,53,54,55,56,57,58,59,60,61,62,63,64,65,66,67,68,69,70,71,72,73,74,75,76,77,78,79,80,81,82,83,84,85,86,87,88,89,90,91,92,93,94,95,96,97,98,99,100,101,102,103,104,105,106,107,108,109,110,111,112,113,114,115,116,117,118,119,120,121,122,123,124,125,126,127,128,129,130,131,132,133,134,135,136,137,138,139,140,141,142,143,144,145,146,147,148,149,150,151,152,153,154,155,156,157,158,159,160,161,162,163,164,165,166,167,168,169,170,171,172,173,174,175,176,177,178,179,180,181,182,183,184,185,186,187,188,189,190,191,192,193,194,195,196,197,198,199,200,201,202,203,204,205,206,207,208,209,210,211,212,213,214,215,216,217,218,219,220,221,222,223,224,225,226,227,228,229,230,231,232,233,234,235,236,237,238,239,240,241,242,243,244,245,246,247,248,249,250,251,252,253,254,255,256,257,258,259,260,261,262,263,264,265,266,267,268,269,270,271,272,273,274,275,276,277,278,279,280,281,282,283,284,285,286,287,288,289,290,291,292,293,294,295,296,297,298,299,300,301,302,303,304,305,306,307,308,309,310,311,312,313,314,315,316,317,318,319,320,321,322,323,324,325,326,327,328,329,330,331,332,333,334,335,336,337,338,339,340,341,342,343,344,345,346,347,348,349,350,351,352,353,354,355,356,357,358,359,360,361,362,363,364,365,366,367,368,369,370,371,372,373,374,375,376,377,378,379,380,381,382,383,384,385,386,387,388,389,390,391,392,393,394,395,396,397,398,399,400,401,402,403,404,405,406,407,408,409,410,411,412,413,414,415,416,417,418,419,420,421,422,423,424,425,426,427,428,429,430,431,432,433,434,435,436,437,438,439,440,441,442,443,444,445,446,447,448,449,450,451,452,453,454,455,456,457,458,459,460,461,462,463,464,465,466,467,468,469,470,471,472,473,474,475,476,477,478,479,480,481,482,483,484,485,486,487,488,489,490,491,492,493,494,495,496,497,498,499,500,501,502,503,504,505,506,507,508,509,510,511,512,513,514,515,516,517,518,519,520,521,522,523,524,525,526,527,528,529,530,531,532,533,534,535,536,537,538,539,540,541,542,543,544,545,546,547,548,549,550,551,552,553,554,555,556,557,558,559,560,561,562,563,564,565,566,567,568,569,570,571,572,573,574,575,576,577,578,579,580,581,582,583,584,585,586,587,588,589,590,591,592,593,594,595,596,597,598,599,600,601,602,603,604,605,606,607,608,609,610,611,612,613,614,615,616,617,618,619,620,621,622,623,624,625,626,627,628,629,630,631,632,633,634,635,636,637,638,639,640,641,642,643,644,645,646,647,648,649,650,651,652,653,654,655,656,657,658,659,660,661,662,663,664,665,666,667,668,669,670,671,672,673,674,675,676,677,678,679,680,681,682,683,684,685,686,687,688,689,690,691,692,693,694,695,696,697,698,699,700,701,702,703,704,705,706,707,708,709,710,711,712,713,714,715,716,717,718,719,720,721,722,723,724,725,726,727,728,729,730,731,732,733,734,735,736,737,738,739,740,741,742,743,744,745,746,747,748,749,750,751,752,753,754,755,756,757,758,759,760,761,762,763,764,765,766,767,768,769,770,771,772,773,774,775,776,777,778,779,780,781,782,783,784,785,786,787,788,789,790,791,792,793,794,795,796,797,798,799,800,801,802,803,804,805,806,807,808,809,810,811,812,813,814,815,816,817,818,819,820,821,822,823,824,825,826,827,828,829,830,831,832,833,834,835,836,837,838,839,840,841,842,843,844,845,846,847,848,849,850,851,852,853,854,855,856,857,858,859,860,861,862,863,864,865,866,867,868,869,870,871,872,873,874,875,876,877,878,879,880,881,882,883,884,885,886,887,888,889,890,891,892,893,894,895,896,897,898,899,900,901,902,903,904,905,906,907,908,909,910,911,912,913,914,915,916,917,918,919,920,921,922,923,924,925,926,927,928,929,930,931,932,933,934,935,936,937,938,939,940,941,942,943,944,945,946,947,948,949,950,951,952,953,954,955,956,957,958,959,960,961,962,963,964,965,966,967,968,969,970,971,972,973,974,975,976,977,978,979,980,981,982,983,984,985,986,987,988,989,990,991,992,993,994,995,996,997,998,999,1000,1001,1002,1003,1004,1005,1006,1007,1008,1009,1010,1011,1012,1013,1014,1015,1016,1017,1018,1019,1020,1021,1022,1023,1024,1025,1026,1027,1028,1029,1030,1031,1032,1033,1034,1035,1036,1037,1038,1039,1040,1041,1042,1043,1044,1045,1046,1047,1048,1049,1050,1051,1052,1053,1054,1055,1056,1057,1058,1059,1060,1061,1062,1063,1064,1065,1066,1067,1068,1069,1070,1071,1072,1073,1074,1075,1076,1077,1078,1079,1080,1081,1082,1083,1084,1085,1086,1087,1088,1089,1090,1091,1092,1093,1094,1095,1096,1097,1098,1099,1100,1101,1102,1103,1104,1105,1106,1107,1108,1109,1110,1111,1112,1113,1114,1115,1116,1117,1118,1119,1120,1121,1122,1123,1124,1125,1126,1127,1128,1129,1130,1131,1132,1133,1134,1135,1136,1137,1138,1139,1140,1141,1142,1143,1144,1145,1146,1147,1148,1149,1150,1151,1152,1153,1154,1155,1156,1157,1158,1159,1160,1161,1162,1163,1164,1165,1166,1167,1168,1169,1170,1171,1172,1173,1174,1175,1176,1177,1178,1179,1180,1181,1182,1183,1184,1185,1186,1187,1188,1189,1190,1191,1192,1193,1194,1195,1196,1197,1198,1199,1200,1201,1202,1203,1204,1205,1206,1207,1208,1209,1210,1211,1212,1213,1214,1215,1216,1217,1218,1219,1220,1221,1222,1223,1224,1225,1226,1227,1228,1229,1230,1231,1232,1233,1234,1235,1236,1237,1238,1239,1240,1241,1242,1243,1244,1245,1246,1247,1248,1249,1250,1251,1252,1253,1254,1255,1256,1257,1258,1259,1260,1261,1262,1263,1264,1265,1266,1267,1268,1269,1270,1271,1272,1273,1274,1275,1276,1277,1278,1279,1280,1281,1282,1283,1284,1285,1286,1287,1288,1289,1290,1291,1292,1293,1294,1295,1296,1297,1298,1299,1300,1301,1302,1303,1304,1305,1306,1307,1308,1309,1310,1311,1312,1313,1314,1315,1316,1317,1318,1319,1320,1321,1322,1323,1324,1325,1326,1327,1328,1329,1330,1331,1332,1333,1334,1335,1336,1337,1338,1339,1340,1341,1342,1343,1344,1345,1346,1347,1348,1349,1350,1351,1352,1353,1354,1355,1356,1357,1358,1359,1360,1361,1362,1363,1364,1365,1366,1367,1368,1369,1370,1371,1372,1373,1374,1375,1376,1377,1378,1379,1380,1381,1382,1383,1384,1385,1386,1387,1388,1389,1390,1391,1392,1393,1394,1395,1396,1397,1398,1399,1400,1401,1402,1403,1404,1405,1406,1407,1408,1409,1410,1411,1412,1413,1414,1415,1416,1417,1418,1419,1420,1421,1422,1423,1424,1425,1426,1427,1428,1429,1430,1431,1432,1433,1434,1435,1436,1437,1438,1439,1440,1441,1442,1443,1444,1445,1446,1447,1448,1449,1450,1451,1452,1453,1454,1455,1456,1457,1458,1459,1460,1461,1462,1463,1464,1465,1466,1467,1468,1469,1470,1471,1472,1473,1474,1475,1476,1477,1478,1479,1480,1481,1482,1483,1484,1485,1486,1487,1488,1489,1490,1491,1492,1493,1494,1495,1496,1497,1498,1499,1500,1501,1502,1503,1504,1505,1506,1507,1508,1509,1510,1511,1512,1513,1514,1515,1516,1517,1518,1519,1520,1521,1522,1523,1524,1525,1526,1527,1528,1529,1530,1531,1532,1533,1534,1535,1536,1537,1538,1539,1540,1541,1542,1543,1544,1545,1546,1547,1548,1549,1550,1551,1552,1553,1554,1555,1556,1557,1558,1559,1560,1561,1562,1563,1564,1565,1566,1567,1568,1569,1570,1571,1572,1573,1574,1575,1576,1577,1578,1579,1580,1581,1582,1583,1584,1585,1586,1587,1588,1589,1590,1591,1592,1593,1594,1595,1596,1597,1598,1599,1600,1601,1602,1603,1604,1605,1606,1607,1608,1609,1610,1611,1612,1613,1614,1615,1616,1617,1618,1619,1620,1621,1622,1623,1624,1625,1626,1627,1628,1629,1630,1631,1632,1633,1634,1635,1636,1637,1638,1639,1640,1641,1642,1643,1644,1645,1646,1647,1648,1649,1650,1651,1652,1653,1654,1655,1656,1657,1658,1659,1660,1661,1662,1663,1664,1665,1666,1667,1668,1669,1670,1671,1672,1673,1674,1675,1676,1677,1678,1679,1680,1681,1682,1683,1684,1685,1686,1687,1688,1689,1690,1691,1692,1693,1694,1695,1696,1697,1698,1699,1700,1701,1702,1703,1704,1705,1706,1707,1708,1709,1710,1711,1712,1713,1714,1715,1716,1717,1718,1719,1720,1721,1722,1723,1724,1725,1726,1727,1728,1729,1730,1731,1732,1733,1734,1735,1736,1737,1738,1739,1740,1741,1742,1743,1744,1745,1746,1747,1748,1749,1750,1751,1752,1753,1754,1755,1756,1757,1758,1759,1760,1761,1762,1763,1764,1765,1766,1767,1768,1769,1770,1771,1772,1773,1774,1775,1776,1777,1778,1779,1780,1781,1782,1783,1784,1785,1786,1787,1788,1789,1790,1791,1792,1793,1794,1795,1796,1797,1798,1799,1800,1801,1802,1803,1804,1805,1806,1807,1808,1809,1810,1811,1812,1813,1814,1815,1816,1817,1818,1819,1820,1821,1822,1823,1824,1825,1826,1827,1828,1829,1830,1831,1832,1833,1834,1835,1836,1837,1838,1839,1840,1841,1842,1843,1844,1845,1846,1847,1848,1849,1850,1851,1852,1853,1854,1855,1856,1857,1858,1859,1860,1861,1862,1863,1864,1865,1866,1867,1868,1869,1870,1871,1872,1873,1874,1875,1876,1877,1878,1879,1880,1881,1882,1883,1884,1885,1886,1887,1888,1889,1890,1891,1892,1893,1894,1895,1896,1897,1898,1899,1900,1901,1902,1903,1904,1905,1906,1907,1908,1909,1910,1911,1912,1913,1914,1915,1916,1917,1918,1919,1920,1921,1922,1923,1924,1925,1926,1927,1928,1929,1930,1931,1932,1933,1934,1935,1936,1937,1938,1939,1940,1941,1942,1943,1944,1945,1946,1947,1948,1949,1950,1951,1952,1953,1954,1955,1956,1957,1958,1959,1960,1961,1962,1963,1964,1965,1966,1967,1968,1969,1970,1971,1972,1973,1974,1975,1976,1977,1978,1979,1980,1981,1982,1983,1984,1985,1986,1987,1988,1989,1990,1991,1992,1993,1994,1995,1996,1997,1998,1999,2000,2001,2002,2003,2004,2005,2006,2007,2008,2009,2010,2011,2012,2013,2014,2015,2016,2017,2018,2019,2020,2021,2022,2023,2024,2025,2026,2027,2028,2029,2030,2031,2032,2033,2034,2035,2036,2037,2038,2039,2040,2041,2042,2043,2044,2045,2046,2047,2048,2049,2050,2051,2052,2053,2054,2055,2056,2057,2058,2059,2060,2061,2062,2063,2064,2065,2066,2067,2068,2069,2070,2071,2072,2073,2074,2075,2076,2077,2078,2079,2080,2081,2082,2083,2084,2085,2086,2087,2088,2089,2090,2091,2092,2093,2094,2095,2096,2097,2098,2099,2100,2101,2102,2103,2104,2105,2106,2107,2108,2109,2110,2111,2112,2113,2114,2115,2116,2117,2118,2119,2120,2121,2122,2123,2124,2125,2126,2127,2128,2129,2130,2131,2132,2133,2134,2135,2136,2137,2138,2139,2140,2141,2142,2143,2144,2145,2146,2147,2148,2149,2150,2151,2152,2153,2154,2155,2156,2157,2158,2159,2160,2161,2162,2163,2164,2165,2166,2167,2168,2169,2170,2171,2172,2173,2174,2175,2176,2177,2178,2179,2180,2181,2182,2183,2184,2185,2186,2187,2188,2189,2190,2191,2192,2193,2194,2195,2196,2197,2198,2199,2200,2201,2202,2203,2204,2205,2206,2207,2208,2209,2210,2211,2212,2213,2214,2215,2216,2217,2218,2219,2220,2221,2222,2223,2224,2225,2226,2227,2228,2229,2230,2231,2232,2233,2234,2235,2236,2237,2238,2239,2240,2241,2242,2243,2244,2245,2246,2247,2248,2249,2250,2251,2252,2253,2254,2255,2256,2257,2258,2259,2260,2261,2262,2263,2264,2265,2266,2267,2268,2269,2270,2271,2272,2273,2274,2275,2276,2277,2278,2279,2280,2281,2282,2283,2284,2285,2286,2287,2288,2289,2290,2291,2292,2293,2294,2295,2296,2297,2298,2299,2300,2301,2302,2303,2304,2305,2306,2307,2308,2309,2310,2311,2312,2313,2314,2315,2316,2317,2318,2319,2320,2321,2322,2323,2324,2325,2326,2327,2328,2329,2330,2331,2332,2333,2334,2335,2336,2337,2338,2339,2340,2341,2342,2343,2344,2345,2346,2347,2348,2349,2350,2351,2352,2353,2354,2355,2356,2357,2358,2359,2360,2361,2362,2363,2364,2365,2366,2367,2368,2369,2370,2371,2372,2373,2374,2375,2376,2377,2378,2379,2380,2381,2382,2383,2384,2385,2386,2387,2388,2389,2390,2391,2392,2393,2394,2395,2396,2397,2398,2399,2400,2401,2402,2403,2404,2405,2406,2407,2408,2409,2410,2411,2412,2413,2414,2415,2416,2417,2418,2419,2420,2421,2422,2423,2424,2425,2426,2427,2428,2429,2430,2431,2432,2433,2434,2435,2436,2437,2438,2439,2440,2441,2442,2443,2444,2445,2446,2447,2448,2449,2450,2451,2452,2453,2454,2455,2456,2457,2458,2459,2460,2461,2462,2463,2464,2465,2466,2467,2468,2469,2470,2471,2472,2473,2474,2475,2476,2477,2478,2479,2480,2481,2482,2483,2484,2485,2486,2487,2488,2489,2490,2491,2492,2493,2494,2495,2496,2497,2498,2499,2500,2501,2502,2503,2504,2505,2506,2507,2508,2509,2510,2511,2512,2513,2514,2515,2516,2517,2518,2519,2520,2521,2522,2523,2524,2525,2526,2527,2528,2529,2530,2531,2532,2533,2534,2535,2536,2537,2538,2539,2540,2541,2542,2543,2544,2545,2546,2547,2548,2549,2550,2551,2552,2553,2554,2555,2556,2557,2558,2559,2560,2561,2562,2563,2564,2565,2566,2567,2568,2569,2570,2571,2572,2573,2574,2575,2576,2577,2578,2579,2580,2581,2582,2583,2584,2585,2586,2587,2588,2589,2590,2591,2592,2593,2594,2595,2596,2597,2598,2599,2600,2601,2602,2603,2604,2605,2606,2607,2608,2609,2610,2611,2612,2613,2614,2615,2616,2617,2618,2619,2620,2621,2622,2623,2624,2625,2626,2627,2628,2629,2630,2631,2632,2633,2634,2635,2636,2637,2638,2639,2640,2641,2642,2643,2644,2645,2646,2647,2648,2649,2650,2651,2652,2653,2654,2655,2656,2657,2658,2659,2660,2661,2662,2663,2664,2665,2666,2667,2668,2669,2670,2671,2672,2673,2674,2675,2676,2677,2678,2679,2680,2681,2682,2683,2684,2685,2686,2687,2688,2689,2690,2691,2692,2693,2694,2695,2696,2697,2698,2699,2700,2701,2702,2703,2704,2705,2706,2707,2708,2709,2710,2711,2712,2713,2714,2715,2716,2717,2718,2719,2720,2721,2722,2723,2724,2725,2726,2727,2728,2729,2730,2731,2732,2733,2734,2735,2736,2737,2738,2739,2740,2741,2742,2743,2744,2745,2746,2747,2748,2749,2750,2751,2752,2753,2754,2755,2756,2757,2758,2759,2760,2761,2762,2763,2764,2765,2766,2767,2768,2769,2770,2771,2772,2773,2774,2775,2776,2777,2778,2779,2780,2781,2782,2783,2784,2785,2786,2787,2788,2789,2790,2791,2792,2793,2794,2795,2796,2797,2798,2799,2800,2801,2802,2803,2804,2805,2806,2807,2808,2809,2810,2811,2812,2813,2814,2815,2816,2817,2818,2819,2820,2821,2822,2823,2824,2825,2826,2827,2828,2829,2830,2831,2832,2833,2834,2835,2836,2837,2838,2839,2840,2841,2842,2843,2844,2845,2846,2847,2848,2849,2850,2851,2852,2853,2854,2855,2856,2857,2858,2859,2860,2861,2862,2863,2864,2865,2866,2867,2868,2869,2870,2871,2872,2873,2874,2875,2876,2877,2878,2879,2880,2881,2882,2883,2884,2885,2886,2887,2888,2889,2890,2891,2892,2893,2894,2895,2896,2897,2898,2899,2900,2901,2902,2903,2904,2905,2906,2907,2908,2909,2910,2911,2912,2913,2914,2915,2916,2917,2918,2919,2920,2921,2922,2923,2924,2925,2926,2927,2928,2929,2930,2931,2932,2933,2934,2935,2936,2937,2938,2939,2940,2941,2942,2943,2944,2945,2946,2947,2948,2949,2950,2951,2952,2953,2954,2955,2956,2957,2958,2959,2960,2961,2962,2963,2964,2965,2966,2967,2968,2969,2970,2971,2972,2973,2974,2975,2976,2977,2978,2979,2980,2981,2982,2983,2984,2985,2986,2987,2988,2989,2990,2991,2992,2993,2994,2995,2996,2997,2998,2999,3000,3001,3002,3003,3004,3005,3006,3007,3008,3009,3010,3011,3012,3013,3014,3015,3016,3017,3018,3019,3020,3021,3022,3023,3024,3025,3026,3027,3028,3029,3030,3031,3032,3033,3034,3035,3036,3037,3038,3039,3040,3041,3042,3043,3044,3045,3046,3047,3048,3049,3050,3051,3052,3053,3054,3055,3056,3057,3058,3059,3060,3061,3062,3063,3064,3065,3066,3067,3068,3069,3070,3071,3072,3073,3074,3075,3076,3077,3078,3079,3080,3081,3082,3083,3084,3085,3086,3087,3088,3089,3090,3091,3092,3093,3094,3095,3096,3097,3098,3099,3100,3101,3102,3103,3104,3105,3106,3107,3108,3109,3110,3111,3112,3113,3114,3115,3116,3117,3118,3119,3120,3121,3122,3123,3124,3125,3126,3127,3128,3129,3130,3131,3132,3133,3134,3135,3136,3137,3138,3139,3140,3141,3142,3143,3144,3145,3146,3147,3148,3149,3150,3151,3152,3153,3154,3155,3156,3157,3158,3159,3160,3161,3162,3163,3164,3165,3166,3167,3168,3169,3170,3171,3172,3173,3174,3175,3176,3177,3178,3179,3180,3181,3182,3183,3184,3185,3186,3187,3188,3189,3190,3191,3192,3193,3194,3195,3196,3197,3198,3199,3200,3201,3202,3203,3204,3205,3206,3207,3208,3209,3210,3211,3212,3213,3214,3215,3216,3217,3218,3219,3220,3221,3222,3223,3224,3225,3226,3227,3228,3229,3230,3231,3232,3233,3234,3235,3236,3237,3238,3239,3240,3241,3242,3243,3244,3245,3246,3247,3248,3249,3250,3251,3252,3253,3254,3255,3256,3257,3258,3259,3260,3261,3262,3263,3264,3265,3266,3267,3268,3269,3270,3271,3272,3273,3274,3275,3276,3277,3278,3279,3280,3281,3282,3283,3284,3285,3286,3287,3288,3289,3290,3291,3292,3293,3294,3295,3296,3297,3298,3299,3300,3301,3302,3303,3304,3305,3306,3307,3308,3309,3310,3311,3312,3313,3314,3315,3316,3317,3318,3319,3320,3321,3322,3323,3324,3325,3326,3327,3328,3329,3330,3331,3332,3333,3334,3335,3336,3337,3338,3339,3340,3341,3342,3343,3344,3345,3346,3347,3348,3349,3350,3351,3352,3353,3354,3355,3356,3357,3358,3359,3360,3361,3362,3363,3364,3365,3366,3367,3368,3369,3370,3371,3372,3373,3374,3375,3376,3377,3378,3379,3380,3381,3382,3383,3384,3385,3386,3387,3388,3389,3390,3391,3392,3393,3394,3395,3396,3397,3398,3399,3400,3401,3402,3403,3404,3405,3406,3407,3408,3409,3410,3411,3412,3413,3414,3415,3416,3417,3418,3419,3420,3421,3422,3423,3424,3425,3426,3427,3428,3429,3430,3431,3432,3433,3434,3435,3436,3437,3438,3439,3440,3441,3442,3443,3444,3445,3446,3447,3448,3449,3450,3451,3452,3453,3454,3455,3456,3457,3458,3459,3460,3461,3462,3463,3464,3465,3466,3467,3468,3469,3470,3471,3472,3473,3474,3475,3476,3477,3478,3479,3480,3481,3482,3483,3484,3485,3486,3487,3488,3489,3490,3491,3492,3493,3494,3495,3496,3497,3498,3499,3500,3501,3502,3503,3504,3505,3506,3507,3508,3509,3510,3511,3512,3513,3514,3515,3516,3517,3518,3519,3520,3521,3522,3523,3524,3525,3526,3527,3528,3529,3530,3531,3532,3533,3534,3535,3536,3537,3538,3539,3540,3541,3542,3543,3544,3545,3546,3547,3548,3549,3550,3551,3552,3553,3554,3555,3556,3557,3558,3559,3560,3561,3562,3563,3564,3565,3566,3567,3568,3569,3570,3571,3572,3573,3574,3575,3576,3577,3578,3579,3580,3581,3582,3583,3584,3585,3586,3587,3588,3589,3590,3591,3592,3593,3594,3595,3596,3597,3598,3599,3600,3601,3602,3603,3604,3605,3606,3607,3608,3609,3610,3611,3612,3613,3614,3615,3616,3617,3618,3619,3620,3621,3622,3623,3624,3625,3626,3627,3628,3629,3630,3631,3632,3633,3634,3635,3636,3637,3638,3639,3640,3641,3642,3643,3644,3645,3646,3647,3648,3649,3650,3651,3652,3653,3654,3655,3656,3657,3658,3659,3660,3661,3662,3663,3664,3665,3666,3667,3668,3669,3670,3671,3672,3673,3674,3675,3676,3677,3678,3679,3680,3681,3682,3683,3684,3685,3686,3687,3688,3689,3690,3691,3692,3693,3694,3695,3696,3697,3698,3699,3700,3701,3702,3703,3704,3705,3706,3707,3708,3709,3710,3711,3712,3713,3714,3715,3716,3717,3718,3719,3720,3721,3722,3723,3724,3725,3726,3727,3728,3729,3730,3731,3732,3733,3734,3735,3736,3737,3738,3739,3740,3741,3742,3743,3744,3745,3746,3747,3748,3749,3750,3751,3752,3753,3754,3755,3756,3757,3758,3759,3760,3761,3762,3763,3764,3765,3766,3767,3768,3769,3770,3771,3772,3773,3774,3775,3776,3777,3778,3779,3780,3781,3782,3783,3784,3785,3786,3787,3788,3789,3790,3791,3792,3793,3794,3795,3796,3797,3798,3799,3800,3801,3802,3803,3804,3805,3806,3807,3808,3809,3810,3811,3812,3813,3814,3815,3816,3817,3818,3819,3820,3821,3822,3823,3824,3825,3826,3827,3828,3829,3830,3831,3832,3833,3834,3835,3836,3837,3838,3839,3840,3841,3842,3843,3844,3845,3846,3847,3848,3849,3850,3851,3852,3853,3854,3855,3856,3857,3858,3859,3860,3861,3862,3863,3864,3865,3866,3867,3868,3869,3870,3871,3872,3873,3874,3875,3876,3877,3878,3879,3880,3881,3882,3883,3884,3885,3886,3887,3888,3889,3890,3891,3892,3893,3894,3895,3896,3897,3898,3899,3900,3901,3902,3903,3904,3905,3906,3907,3908,3909,3910,3911,3912,3913,3914,3915,3916,3917,3918,3919,3920,3921,3922,3923,3924,3925,3926,3927,3928,3929,3930,3931,3932,3933,3934,3935,3936,3937,3938,3939,3940,3941,3942,3943,3944,3945,3946,3947,3948,3949,3950,3951,3952,3953,3954,3955,3956,3957,3958,3959,3960,3961,3962,3963,3964,3965,3966,3967,3968,3969,3970,3971,3972,3973,3974,3975,3976,3977,3978,3979,3980,3981,3982,3983,3984,3985,3986,3987,3988,3989,3990,3991,3992,3993,3994,3995,3996,3997,3998,3999,4000,4001,4002,4003,4004,4005,4006,4007,4008,4009,4010,4011,4012,4013,4014,4015,4016,4017,4018,4019,4020,4021,4022,4023,4024,4025,4026,4027,4028,4029,4030,4031,4032,4033,4034,4035,4036,4037,4038,4039,4040,4041,4042,4043,4044,4045,4046,4047,4048,4049,4050,4051,4052,4053,4054,4055,4056,4057,4058,4059,4060,4061,4062,4063,4064,4065,4066,4067,4068,4069,4070,4071,4072,4073,4074,4075,4076,4077,4078,4079,4080,4081,4082,4083,4084,4085,4086,4087,4088,4089,4090,4091,4092,4093,4094,4095,4096,4097,4098,4099,4100,4101,4102,4103,4104,4105,4106,4107,4108,4109,4110,4111,4112,4113,4114,4115,4116,4117,4118,4119,4120,4121,4122,4123,4124,4125,4126,4127,4128,4129,4130,4131,4132,4133,4134,4135,4136,4137,4138,4139,4140,4141,4142,4143,4144,4145,4146,4147,4148,4149,4150,4151,4152,4153,4154,4155,4156,4157,4158,4159,4160,4161,4162,4163,4164,4165,4166,4167,4168,4169,4170,4171,4172,4173,4174,4175,4176,4177,4178,4179,4180,4181,4182,4183,4184,4185,4186,4187,4188,4189,4190,4191,4192,4193,4194,4195,4196,4197,4198,4199,4200,4201,4202,4203,4204,4205,4206,4207,4208,4209,4210,4211,4212,4213,4214,4215,4216,4217,4218,4219,4220,4221,4222,4223,4224,4225,4226,4227,4228,4229,4230,4231,4232,4233,4234,4235,4236,4237,4238,4239,4240,4241,4242,4243,4244,4245,4246,4247,4248,4249,4250,4251,4252,4253,4254,4255,4256,4257,4258,4259,4260,4261,4262,4263,4264,4265,4266,4267,4268,4269,4270,4271,4272,4273,4274,4275,4276,4277,4278,4279,4280,4281,4282,4283,4284,4285,4286,4287,4288,4289,4290,4291,4292,4293,4294,4295,4296,4297,4298,4299,4300,4301,4302,4303,4304,4305,4306,4307,4308,4309,4310,4311,4312,4313,4314,4315,4316,4317,4318,4319,4320,4321,4322,4323,4324,4325,4326,4327,4328,4329,4330,4331,4332,4333,4334,4335,4336,4337,4338,4339,4340,4341,4342,4343,4344,4345,4346,4347,4348,4349,4350,4351,4352,4353,4354,4355,4356,4357,4358,4359,4360,4361,4362,4363,4364,4365,4366,4367,4368,4369,4370,4371,4372,4373,4374,4375,4376,4377,4378,4379,4380,4381,4382,4383,4384,4385,4386,4387,4388,4389,4390,4391,4392,4393,4394,4395,4396,4397,4398,4399,4400,4401,4402,4403,4404,4405,4406,4407,4408,4409,4410,4411,4412,4413,4414,4415,4416,4417,4418,4419,4420,4421,4422,4423,4424,4425,4426,4427,4428,4429,4430,4431,4432,4433,4434,4435,4436,4437,4438,4439,4440,4441,4442,4443,4444,4445,4446,4447,4448,4449,4450,4451,4452,4453,4454,4455,4456,4457,4458,4459,4460,4461,4462,4463,4464,4465,4466,4467,4468,4469,4470,4471,4472,4473,4474,4475,4476,4477,4478,4479,4480,4481,4482,4483,4484,4485,4486,4487,4488,4489,4490,4491,4492,4493,4494,4495,4496,4497,4498,4499,4500,4501,4502,4503,4504,4505,4506,4507,4508,4509,4510,4511,4512,4513,4514,4515,4516,4517,4518,4519,4520,4521,4522,4523,4524,4525,4526,4527,4528,4529,4530,4531,4532,4533,4534,4535,4536,4537,4538,4539,4540,4541,4542,4543,4544,4545,4546,4547,4548,4549,4550,4551,4552,4553,4554,4555,4556,4557,4558,4559,4560,4561,4562,4563,4564,4565,4566,4567,4568,4569,4570,4571,4572,4573,4574,4575,4576,4577,4578,4579,4580,4581,4582,4583,4584,4585,4586,4587,4588,4589,4590,4591,4592,4593,4594,4595,4596,4597,4598,4599,4600,4601,4602,4603,4604,4605,4606,4607,4608,4609,4610,4611,4612,4613,4614,4615,4616,4617,4618,4619,4620,4621,4622,4623,4624,4625,4626,4627,4628,4629,4630,4631,4632,4633,4634,4635,4636,4637,4638,4639,4640,4641,4642,4643,4644,4645,4646,4647,4648,4649,4650,4651,4652,4653,4654,4655,4656,4657,4658,4659,4660,4661,4662,4663,4664,4665,4666,4667,4668,4669,4670,4671,4672,4673,4674,4675,4676,4677,4678,4679,4680,4681,4682,4683,4684,4685,4686,4687,4688,4689,4690,4691,4692,4693,4694,4695,4696,4697,4698,4699,4700,4701,4702,4703,4704,4705,4706,4707,4708,4709,4710,4711,4712,4713,4714,4715,4716,4717,4718,4719,4720,4721,4722,4723,4724,4725,4726,4727,4728,4729,4730,4731,4732,4733,4734,4735,4736,4737,4738,4739,4740,4741,4742,4743,4744,4745,4746,4747,4748,4749,4750,4751,4752,4753,4754,4755,4756,4757,4758,4759,4760,4761,4762,4763,4764,4765,4766,4767,4768,4769,4770,4771,4772,4773,4774,4775,4776,4777,4778,4779,4780,4781,4782,4783,4784,4785,4786,4787,4788,4789,4790,4791,4792,4793,4794,4795,4796,4797,4798,4799,4800,4801,4802,4803,4804,4805,4806,4807,4808,4809,4810,4811,4812,4813,4814,4815,4816,4817,4818,4819,4820,4821,4822,4823,4824,4825,4826,4827,4828,4829,4830,4831,4832,4833,4834,4835,4836,4837,4838,4839,4840,4841,4842,4843,4844,4845,4846,4847,4848,4849,4850,4851,4852,4853,4854,4855,4856,4857,4858,4859,4860,4861,4862,4863,4864,4865,4866,4867,4868,4869,4870,4871,4872,4873,4874,4875,4876,4877,4878,4879,4880,4881,4882,4883,4884,4885,4886,4887,4888,4889,4890,4891,4892,4893,4894,4895,4896,4897,4898,4899,4900,4901,4902,4903,4904,4905,4906,4907,4908,4909,4910,4911,4912,4913,4914,4915,4916,4917,4918,4919,4920,4921,4922,4923,4924,4925,4926,4927,4928,4929,4930,4931,4932,4933,4934,4935,4936,4937,4938,4939,4940,4941,4942,4943,4944,4945,4946,4947,4948,4949,4950,4951,4952,4953,4954,4955,4956,4957,4958,4959,4960,4961,4962,4963,4964,4965,4966,4967,4968,4969,4970,4971,4972,4973,4974,4975,4976,4977,4978,4979,4980,4981,4982,4983,4984,4985,4986,4987,4988,4989,4990,4991,4992,4993,4994,4995,4996,4997,4998,4999,5000,5001,5002,5003,5004,5005,5006,5007,5008,5009,5010,5011,5012,5013,5014,5015,5016,5017,5018,5019,5020,5021,5022,5023,5024,5025,5026,5027,5028,5029,5030,5031,5032,5033,5034,5035,5036,5037,5038,5039,5040,5041,5042,5043,5044,5045,5046,5047,5048,5049,5050,5051,5052,5053,5054,5055,5056,5057,5058,5059,5060,5061,5062,5063,5064,5065,5066,5067,5068,5069,5070,5071,5072,5073,5074,5075,5076,5077,5078,5079,5080,5081,5082,5083,5084,5085,5086,5087,5088,5089,5090,5091,5092,5093,5094,5095,5096,5097,5098,5099,5100,5101,5102,5103,5104,5105,5106,5107,5108,5109,5110,5111,5112,5113,5114,5115,5116,5117,5118,5119,5120,5121,5122,5123,5124,5125,5126,5127,5128,5129,5130,5131,5132,5133,5134,5135,5136,5137,5138,5139,5140,5141,5142,5143,5144,5145,5146,5147,5148,5149,5150,5151,5152,5153,5154,5155,5156,5157,5158,5159,5160,5161,5162,5163,5164,5165,5166,5167,5168,5169,5170,5171,5172,5173,5174,5175,5176,5177,5178,5179,5180,5181,5182,5183,5184,5185,5186,5187,5188,5189,5190,5191,5192,5193,5194,5195,5196,5197,5198,5199,5200,5201,5202,5203,5204,5205,5206,5207,5208,5209,5210,5211,5212,5213,5214,5215,5216,5217,5218,5219,5220,5221,5222,5223,5224,5225,5226,5227,5228,5229,5230,5231,5232,5233,5234,5235,5236,5237,5238,5239,5240,5241,5242,5243,5244,5245,5246,5247,5248,5249,5250,5251,5252,5253,5254,5255,5256,5257,5258,5259,5260,5261,5262,5263,5264,5265,5266,5267,5268,5269,5270,5271,5272,5273,5274,5275,5276,5277,5278,5279,5280,5281,5282,5283,5284,5285,5286,5287,5288,5289,5290,5291,5292,5293,5294,5295,5296,5297,5298,5299,5300,5301,5302,5303,5304,5305,5306,5307,5308,5309,5310,5311,5312,5313,5314,5315,5316,5317,5318,5319,5320,5321,5322,5323,5324,5325,5326,5327,5328,5329,5330,5331,5332,5333,5334,5335,5336,5337,5338,5339,5340,5341,5342,5343,5344,5345,5346,5347,5348,5349,5350,5351,5352,5353,5354,5355,5356,5357,5358,5359,5360,5361,5362,5363,5364,5365,5366,5367,5368,5369,5370,5371,5372,5373,5374,5375,5376,5377,5378,5379,5380,5381,5382,5383,5384,5385,5386,5387,5388,5389,5390,5391,5392,5393,5394,5395,5396,5397,5398,5399,5400,5401,5402,5403,5404,5405,5406,5407,5408,5409,5410,5411,5412,5413,5414,5415,5416,5417,5418,5419,5420,5421,5422,5423,5424,5425,5426,5427,5428,5429,5430,5431,5432,5433,5434,5435,5436,5437,5438,5439,5440,5441,5442,5443,5444,5445,5446,5447,5448,5449,5450,5451,5452,5453,5454,5455,5456,5457,5458,5459,5460,5461,5462,5463,5464,5465,5466,5467,5468,5469,5470,5471,5472,5473,5474,5475,5476,5477,5478,5479,5480,5481,5482,5483,5484,5485,5486,5487,5488,5489,5490,5491,5492,5493,5494,5495,5496,5497,5498,5499,5500,5501,5502,5503,5504,5505,5506,5507,5508,5509,5510,5511,5512,5513,5514,5515,5516,5517,5518,5519,5520,5521,5522,5523,5524,5525,5526,5527,5528,5529,5530,5531,5532,5533,5534,5535,5536,5537,5538,5539,5540,5541,5542,5543,5544,5545,5546,5547,5548,5549,5550,5551,5552,5553,5554,5555,5556,5557,5558,5559,5560,5561,5562,5563,5564,5565,5566,5567,5568,5569,5570,5571,5572,5573,5574,5575,5576,5577,5578,5579,5580,5581,5582,5583,5584,5585,5586,5587,5588,5589,5590,5591,5592,5593,5594,5595,5596,5597,5598,5599,5600,5601,5602,5603,5604,5605,5606,5607,5608,5609,5610,5611,5612,5613,5614,5615,5616,5617,5618,5619,5620,5621,5622,5623,5624,5625,5626,5627,5628,5629,5630,5631,5632,5633,5634,5635,5636,5637,5638,5639,5640,5641,5642,5643,5644,5645,5646,5647,5648,5649,5650,5651,5652,5653,5654,5655,5656,5657,5658,5659,5660,5661,5662,5663,5664,5665,5666,5667,5668,5669,5670,5671,5672,5673,5674,5675,5676,5677,5678,5679,5680,5681,5682,5683,5684,5685,5686,5687,5688,5689,5690,5691,5692,5693,5694,5695,5696,5697,5698,5699,5700,5701,5702,5703,5704,5705,5706,5707,5708,5709,5710,5711,5712,5713,5714,5715,5716,5717,5718,5719,5720,5721,5722,5723,5724,5725,5726,5727,5728,5729,5730,5731,5732,5733,5734,5735,5736,5737,5738,5739,5740,5741,5742,5743,5744,5745,5746,5747,5748,5749,5750,5751,5752,5753,5754,5755,5756,5757,5758,5759,5760,5761,5762,5763,5764,5765,5766,5767,5768,5769,5770,5771,5772,5773,5774,5775,5776,5777,5778,5779,5780,5781,5782,5783,5784,5785,5786,5787,5788,5789,5790,5791,5792,5793,5794,5795,5796,5797,5798,5799,5800,5801,5802,5803,5804,5805,5806,5807,5808,5809,5810,5811,5812,5813,5814,5815,5816,5817,5818,5819,5820,5821,5822,5823,5824,5825,5826,5827,5828,5829,5830,5831,5832,5833,5834,5835,5836,5837,5838,5839,5840,5841,5842,5843,5844,5845,5846,5847,5848,5849,5850,5851,5852,5853,5854,5855,5856,5857,5858,5859,5860,5861,5862,5863,5864,5865,5866,5867,5868,5869,5870,5871,5872,5873,5874,5875,5876,5877,5878,5879,5880,5881,5882,5883,5884,5885,5886,5887,5888,5889,5890,5891,5892,5893,5894,5895,5896,5897,5898,5899,5900,5901,5902,5903,5904,5905,5906,5907,5908,5909,5910,5911,5912,5913,5914,5915,5916,5917,5918,5919,5920,5921,5922,5923,5924,5925,5926,5927,5928,5929,5930,5931,5932,5933,5934,5935,5936,5937,5938,5939,5940,5941,5942,5943,5944,5945,5946,5947,5948,5949,5950,5951,5952,5953,5954,5955,5956,5957,5958,5959,5960,5961,5962,5963,5964,5965,5966,5967,5968,5969,5970,5971,5972,5973,5974,5975,5976,5977,5978,5979,5980,5981,5982,5983,5984,5985,5986,5987,5988,5989,5990,5991,5992,5993,5994,5995,5996,5997,5998,5999,6000,6001,6002,6003,6004,6005,6006,6007,6008,6009,6010,6011,6012,6013,6014,6015,6016,6017,6018,6019,6020,6021,6022,6023,6024,6025,6026,6027,6028,6029,6030,6031,6032,6033,6034,6035,6036,6037,6038,6039,6040,6041,6042,6043,6044,6045,6046,6047,6048,6049,6050,6051,6052,6053,6054,6055,6056,6057,6058,6059,6060,6061,6062,6063,6064,6065,6066,6067,6068,6069,6070,6071,6072,6073,6074,6075,6076,6077,6078,6079,6080,6081,6082,6083,6084,6085,6086,6087,6088,6089,6090,6091,6092,6093,6094,6095,6096,6097,6098,6099,6100,6101,6102,6103,6104,6105,6106,6107,6108,6109,6110,6111,6112,6113,6114,6115,6116,6117,6118,6119,6120,6121,6122,6123,6124,6125,6126,6127,6128,6129,6130,6131,6132,6133,6134,6135,6136,6137,6138,6139,6140,6141,6142,6143,6144,6145,6146,6147,6148,6149,6150,6151,6152,6153,6154,6155,6156,6157,6158,6159,6160,6161,6162,6163,6164,6165,6166,6167,6168,6169,6170,6171,6172,6173,6174,6175,6176,6177,6178,6179,6180,6181,6182,6183,6184,6185,6186,6187,6188,6189,6190,6191,6192,6193,6194,6195,6196,6197,6198,6199,6200,6201,6202,6203,6204,6205,6206,6207,6208,6209,6210,6211,6212,6213,6214,6215,6216,6217,6218,6219,6220,6221,6222,6223,6224,6225,6226,6227,6228,6229,6230,6231,6232,6233,6234,6235,6236,6237,6238,6239,6240,6241,6242,6243,6244,6245,6246,6247,6248,6249,6250,6251,6252,6253,6254,6255,6256,6257,6258,6259,6260,6261,6262,6263,6264,6265,6266,6267,6268,6269,6270,6271,6272,6273,6274,6275,6276,6277,6278,6279,6280,6281,6282,6283,6284,6285,6286,6287,6288,6289,6290,6291,6292,6293,6294,6295,6296,6297,6298,6299,6300,6301,6302,6303,6304,6305,6306,6307,6308,6309,6310,6311,6312,6313,6314,6315,6316,6317,6318,6319,6320,6321,6322,6323,6324,6325,6326,6327,6328,6329,6330,6331,6332,6333,6334,6335,6336,6337,6338,6339,6340,6341,6342,6343,6344,6345,6346,6347,6348,6349,6350,6351,6352,6353,6354,6355,6356,6357,6358,6359,6360,6361,6362,6363,6364,6365,6366,6367,6368,6369,6370,6371,6372,6373,6374,6375,6376,6377,6378,6379,6380,6381,6382,6383,6384,6385,6386,6387,6388,6389,6390,6391,6392,6393,6394,6395,6396,6397,6398,6399,6400,6401,6402,6403,6404,6405,6406,6407,6408,6409,6410,6411,6412,6413,6414,6415,6416,6417,6418,6419,6420,6421,6422,6423,6424,6425,6426,6427,6428,6429,6430,6431,6432,6433,6434,6435,6436,6437,6438,6439,6440,6441,6442,6443,6444,6445,6446,6447,6448,6449,6450,6451,6452,6453,6454,6455,6456,6457,6458,6459,6460,6461,6462,6463,6464,6465,6466,6467,6468,6469,6470,6471,6472,6473,6474,6475,6476,6477,6478,6479,6480,6481,6482,6483,6484,6485,6486,6487,6488,6489,6490,6491,6492,6493,6494,6495,6496,6497,6498,6499,6500,6501,6502,6503,6504,6505,6506,6507,6508,6509,6510,6511,6512,6513,6514,6515,6516,6517,6518,6519,6520,6521,6522,6523,6524,6525,6526,6527,6528,6529,6530,6531,6532,6533,6534,6535,6536,6537,6538,6539,6540,6541,6542,6543,6544,6545,6546,6547,6548,6549,6550,6551,6552,6553,6554,6555,6556,6557,6558,6559,6560,6561,6562,6563,6564,6565,6566,6567,6568,6569,6570,6571,6572,6573,6574,6575,6576,6577,6578,6579,6580,6581,6582,6583,6584,6585,6586,6587,6588,6589,6590,6591,6592,6593,6594,6595,6596,6597,6598,6599,6600,6601,6602,6603,6604,6605,6606,6607,6608,6609,6610,6611,6612,6613,6614,6615,6616,6617,6618,6619,6620,6621,6622,6623,6624,6625,6626,6627,6628,6629,6630,6631,6632,6633,6634,6635,6636,6637,6638,6639,6640,6641,6642,6643,6644,6645,6646,6647,6648,6649,6650,6651,6652,6653,6654,6655,6656,6657,6658,6659,6660,6661,6662,6663,6664,6665,6666,6667,6668,6669,6670,6671,6672,6673,6674,6675,6676,6677,6678,6679,6680,6681,6682,6683,6684,6685,6686,6687,6688,6689,6690,6691,6692,6693,6694,6695,6696,6697,6698,6699,6700,6701,6702,6703,6704,6705,6706,6707,6708,6709,6710,6711,6712,6713,6714,6715,6716,6717,6718,6719,6720,6721,6722,6723,6724,6725,6726,6727,6728,6729,6730,6731,6732,6733,6734,6735,6736,6737,6738,6739,6740,6741,6742,6743,6744,6745,6746,6747,6748,6749,6750,6751,6752,6753,6754,6755,6756,6757,6758,6759,6760,6761,6762,6763,6764,6765,6766,6767,6768,6769,6770,6771,6772,6773,6774,6775,6776,6777,6778,6779,6780,6781,6782,6783,6784,6785,6786,6787,6788,6789,6790,6791,6792,6793,6794,6795,6796,6797,6798,6799,6800,6801,6802,6803,6804,6805,6806,6807,6808,6809,6810,6811,6812,6813,6814,6815,6816,6817,6818,6819,6820,6821,6822,6823,6824,6825,6826,6827,6828,6829,6830,6831,6832,6833,6834,6835,6836,6837,6838,6839,6840,6841,6842,6843,6844,6845,6846,6847,6848,6849,6850,6851,6852,6853,6854,6855,6856,6857,6858,6859,6860,6861,6862,6863,6864,6865,6866,6867,6868,6869,6870,6871,6872,6873,6874,6875,6876,6877,6878,6879,6880,6881,6882,6883,6884,6885,6886,6887,6888,6889,6890,6891,6892,6893,6894,6895,6896,6897,6898,6899,6900,6901,6902,6903,6904,6905,6906,6907,6908,6909,6910,6911,6912,6913,6914,6915,6916,6917,6918,6919,6920,6921,6922,6923,6924,6925,6926,6927,6928,6929,6930,6931,6932,6933,6934,6935,6936,6937,6938,6939,6940,6941,6942,6943,6944,6945,6946,6947,6948,6949,6950,6951,6952,6953,6954,6955,6956,6957,6958,6959,6960,6961,6962,6963,6964,6965,6966,6967,6968,6969,6970,6971,6972,6973,6974,6975,6976,6977,6978,6979,6980,6981,6982,6983,6984,6985,6986,6987,6988,6989,6990,6991,6992,6993,6994,6995,6996,6997,6998,6999,7000
0,0.0900302333467875,0.09003023334678747,0.0900302333467875,0.09003023334678747,0.0900302333467875,0.09003023334678747,0.0900302333467875,0.09003023334678747,0.0900302333467875,0.09003023334678747,0.0900302333467875,0.09003023334678747,0.0900302333467875,0.09003023334678747,0.0900302333467875,0.09003023334678747,0.0900302333467875,0.09003023334678747,0.09003023334678747,0.09003023334678747,0.09003023334678747,0.09003023334678747,0.09003023334678747,0.09003023334678747,0.09003023334678747,0.09003023334678747,0.09003023334678747,0.09003023334678747,0.09003023334678747,0.09003023334678747,0.09003023334678747,0.09003023334678747,0.09003023334678747,0.09003023334678747,0.09003023334678747,0.09003023334678747,0.09003023334678747,0.09003023334678747,0.09003023334678747,0.09003023334678747,0.09003023334678747,0.09003023334678747,0.09003023334678747,0.09003023334678747,0.09003023334678747,0.09003023334678747,0.09003023334678747,0.09003023334678747,0.09003023334678747,0.09003023334678747,0.09003023334678747,0.09003023334678747,0.09003023334678747,0.09003023334678747,0.09003023334678747,0.09003023334678747,0.09003023334678747,0.09003023334678747,0.09003023334678747,0.09003023334678747,0.09003023334678747,0.09003023334678747,0.09003023334678747,0.09003023334678747,0.09003023334678747,0.09003023334678747,0.09003023334678747,0.09003023334678747,0.09003023334678747,0.09003023334678747,0.09003023334678747,0.09003023334678747,0.09003023334678747,0.09003023334678747,0.09003023334678747,0.09003023334678747,0.09003023334678747,0.09003023334678747,0.09003023334678747,0.09003023334678747,0.09003023334678747,0.09003023334678747,0.09003023334678747,0.09003023334678747,0.09003023334678747,0.09003023334678747,0.09003023334678747,0.09003023334678747,0.09003023334678747,0.09003023334678747,0.09003023334678747,0.09003023334678747,0.09003023334678747,0.09003023334678747,0.09003023334678747,0.09003023334678747,0.09003023334678747,0.09003023334678747,0.09003023334678747,0.09003023334678747,0.09003023334678747,0.09003023334678747,0.09003023334678747,0.09003023334678747,0.09003023334678747,0.09003023334678747,0.09003023334678747,0.09003023334678747,0.09003023334678747,0.09003023334678747,0.09003023334678747,0.09003023334678747,0.09003023334678747,0.09003023334678747,0.09003023334678747,0.09003023334678747,0.09003023334678747,0.09003023334678747,0.09003023334678747,0.09003023334678747,0.09003023334678747,0.09003023334678747,0.09003023334678747,0.09003023334678747,0.09003023334678747,0.09003023334678747,0.09003023334678747,0.09003023334678747,0.09003023334678747,0.09003023334678747,0.09003023334678747,0.09003023334678747,0.09003023334678747,0.09003023334678747,0.09003023334678747,0.09003023334678747,0.09003023334678747,0.09003023334678747,0.09003023334678747,0.09003023334678747,0.09003023334678747,0.09003023334678747,0.09003023334678747,0.09003023334678747,0.09003023334678747,0.09003023334678747,0.09003023334678747,0.09003023334678747,0.09003023334678747,0.09003023334678747,0.09003023334678747,0.09003023334678747,0.09003023334678747,0.09003023334678747,0.09003023334678747,0.09003023334678747,0.09003023334678747,0.09003023334678747,0.09003023334678747,0.09003023334678747,0.09003023334678747,0.09003023334678747,0.09003023334678747,0.09003023334678747,0.09003023334678747,0.09003023334678747,0.09003023334678747,0.09003023334678747,0.09003023334678747,0.09003023334678747,0.09003023334678747,0.09003023334678747,0.09003023334678747,0.09003023334678747,0.09003023334678747,0.09003023334678747,0.09003023334678747,0.09003023334678747,0.09003023334678747,0.09003023334678747,0.09003023334678747,0.09003023334678747,0.09003023334678747,0.09003023334678747,0.09003023334678747,0.09003023334678747,0.09003023334678747,0.09003023334678747,0.09003023334678747,0.09003023334678747,0.09003023334678747,0.09003023334678747,0.09003023334678747,0.09003023334678747,0.09003023334678747,0.09003023334678747,0.09003023334678747,0.09003023334678747,0.09003023334678747,0.09003023334678747,0.09003023334678747,0.09003023334678747,0.09003023334678747,0.09003023334678747,0.09003023334678747,0.09003023334678747,0.09003023334678747,0.09003023334678747,0.09003023334678747,0.09003023334678747,0.09003023334678747,0.09003023334678747,0.09003023334678747,0.09003023334678747,0.09003023334678747,0.09003023334678747,0.09003023334678747,0.09003023334678747,0.09003023334678747,0.09003023334678747,0.09003023334678747,0.09003023334678747,0.09003023334678747,0.09003023334678747,0.09003023334678747,0.09003023334678747,0.09003023334678747,0.09003023334678747,0.09003023334678747,0.09003023334678747,0.09003023334678747,0.09003023334678747,0.09003023334678747,0.09003023334678747,0.09003023334678747,0.09003023334678747,0.09003023334678747,0.09003023334678747,0.09003023334678747,0.09003023334678747,0.09003023334678747,0.09003023334678747,0.09003023334678747,0.09003023334678747,0.09003023334678747,0.09003023334678747,0.09003023334678747,0.09003023334678747,0.09003023334678747,0.09003023334678747,0.09003023334678747,0.09003023334678747,0.09003023334678747,0.09003023334678747,0.09003023334678747,0.09003023334678747,0.09003023334678747,0.09003023334678747,0.09003023334678747,0.09003023334678747,0.09003023334678747,0.09003023334678747,0.09003023334678747,0.09003023334678747,0.09003023334678747,0.09003023334678747,0.09003023334678747,0.09003023334678747,0.09003023334678747,0.09003023334678747,0.09003023334678747,0.09003023334678747,0.09003023334678747,0.09003023334678747,0.09003023334678747,0.09003023334678747,0.09003023334678747,0.09003023334678747,0.09003023334678747,0.09003023334678747,0.09003023334678747,0.09003023334678747,0.09003023334678747,0.09003023334678747,0.09003023334678747,0.09003023334678747,0.09003023334678747,0.09003023334678747,0.09003023334678747,0.09003023334678747,0.09003023334678747,0.09003023334678747,0.09003023334678747,0.09003023334678747,0.09003023334678747,0.09003023334678747,0.09003023334678747,0.09003023334678747,0.09003023334678747,0.09003023334678747,0.09003023334678747,0.09003023334678747,0.09003023334678747,0.09003023334678747,0.09003023334678747,0.09003023334678747,0.09003023334678747,0.09003023334678747,0.09003023334678747,0.09003023334678747,0.09003023334678747,0.09003023334678747,0.09003023334678747,0.09003023334678747,0.09003023334678747,0.09003023334678747,0.09003023334678747,0.09003023334678747,0.09003023334678747,0.09003023334678747,0.09003023334678747,0.09003023334678747,0.09003023334678747,0.09003023334678747,0.09003023334678747,0.09003023334678747,0.09003023334678747,0.09003023334678747,0.09003023334678747,0.09003023334678747,0.09003023334678747,0.09003023334678747,0.09003023334678747,0.09003023334678747,0.09003023334678747,0.09003023334678747,0.09003023334678747,0.09003023334678747,0.09003023334678747,0.09003023334678747,0.09003023334678747,0.09003023334678747,0.09003023334678747,0.09003023334678747,0.09003023334678747,0.09003023334678747,0.09003023334678747,0.09003023334678747,0.09003023334678747,0.09003023334678747,0.09003023334678747,0.09003023334678747,0.09003023334678747,0.09003023334678747,0.09003023334678747,0.09003023334678747,0.09003023334678747,0.09003023334678747,0.09003023334678747,0.09003023334678747,0.09003023334678747,0.09003023334678747,0.09003023334678747,0.09003023334678747,0.09003023334678747,0.09003023334678747,0.09003023334678747,0.09003023334678747,0.09003023334678747,0.09003023334678747,0.09003023334678747,0.09003023334678747,0.09003023334678747,0.09003023334678747,0.09003023334678747,0.09003023334678747,0.09003023334678747,0.09003023334678747,0.09003023334678747,0.09003023334678747,0.09003023334678747,0.09003023334678747,0.09003023334678747,0.09003023334678747,0.09003023334678747,0.09003023334678747,0.09003023334678747,0.09003023334678747,0.09003023334678747,0.09003023334678747,0.09003023334678747,0.09003023334678747,0.09003023334678747,0.09003023334678747,0.09003023334678747,0.09003023334678747,0.09003023334678747,0.09003023334678747,0.09003023334678747,0.09003023334678747,0.09003023334678747,0.09003023334678747,0.09003023334678747,0.09003023334678747,0.09003023334678747,0.09003023334678747,0.09003023334678747,0.09003023334678747,0.09003023334678747,0.09003023334678747,0.09003023334678747,0.09003023334678747,0.09003023334678747,0.09003023334678747,0.09003023334678747,0.09003023334678747,0.09003023334678747,0.09003023334678747,0.09003023334678747,0.09003023334678747,0.09003023334678747,0.09003023334678747,0.09003023334678747,0.09003023334678747,0.09003023334678747,0.09003023334678747,0.09003023334678747,0.09003023334678747,0.09003023334678747,0.09003023334678747,0.09003023334678747,0.09003023334678747,0.09003023334678747,0.09003023334678747,0.09003023334678747,0.09003023334678747,0.09003023334678747,0.09003023334678747,0.09003023334678747,0.09003023334678747,0.09003023334678747,0.09003023334678747,0.09003023334678747,0.09003023334678747,0.09003023334678747,0.09003023334678747,0.09003023334678747,0.09003023334678747,0.09003023334678747,0.09003023334678747,0.09003023334678747,0.09003023334678747,0.09003023334678747,0.09003023334678747,0.09003023334678747,0.09003023334678747,0.09003023334678747,0.09003023334678747,0.09003023334678747,0.09003023334678747,0.09003023334678747,0.09003023334678747,0.09003023334678747,0.09003023334678747,0.09003023334678747,0.09003023334678747,0.09003023334678747,0.09003023334678747,0.09003023334678747,0.09003023334678747,0.09003023334678747,0.09003023334678747,0.09003023334678747,0.09003023334678747,0.09003023334678747,0.09003023334678747,0.09003023334678747,0.09003023334678747,0.09003023334678747,0.09003023334678747,0.09003023334678747,0.09003023334678747,0.09003023334678747,0.09003023334678747,0.09003023334678747,0.09003023334678747,0.09003023334678747,0.09003023334678747,0.09003023334678747,0.09003023334678747,0.09003023334678747,0.09003023334678747,0.09003023334678747,0.09003023334678747,0.09003023334678747,0.09003023334678747,0.09003023334678747,0.09003023334678747,0.09003023334678747,0.09003023334678747,0.09003023334678747,0.09003023334678747,0.09003023334678747,0.09003023334678747,0.09003023334678747,0.09003023334678747,0.09003023334678747,0.09003023334678747,0.09003023334678747,0.09003023334678747,0.09003023334678747,0.09003023334678747,0.09003023334678747,0.09003023334678747,0.09003023334678747,0.09003023334678747,0.09003023334678747,0.09003023334678747,0.09003023334678747,0.09003023334678747,0.09003023334678747,0.09003023334678747,0.09003023334678747,0.09003023334678747,0.09003023334678747,0.09003023334678747,0.09003023334678747,0.09003023334678747,0.09003023334678747,0.09003023334678747,0.09003023334678747,0.09003023334678747,0.09003023334678747,0.09003023334678747,0.09003023334678747,0.09003023334678747,0.09003023334678747,0.09003023334678747,0.09003023334678747,0.09003023334678747,0.09003023334678747,0.09003023334678747,0.09003023334678747,0.09003023334678747,0.09003023334678747,0.09003023334678747,0.09003023334678747,0.09003023334678747,0.09003023334678747,0.09003023334678747,0.09003023334678747,0.09003023334678747,0.09003023334678747,0.09003023334678747,0.09003023334678747,0.09003023334678747,0.09003023334678747,0.09003023334678747,0.09003023334678747,0.09003023334678747,0.09003023334678747,0.09003023334678747,0.09003023334678747,0.09003023334678747,0.09003023334678747,0.09003023334678747,0.09003023334678747,0.09003023334678747,0.09003023334678747,0.09003023334678747,0.09003023334678747,0.09003023334678747,0.09003023334678747,0.09003023334678747,0.09003023334678747,0.09003023334678747,0.09003023334678747,0.09003023334678747,0.09003023334678747,0.09003023334678747,0.09003023334678747,0.09003023334678747,0.09003023334678747,0.09003023334678747,0.09003023334678747,0.09003023334678747,0.09003023334678747,0.09003023334678747,0.09003023334678747,0.09003023334678747,0.09003023334678747,0.09003023334678747,0.09003023334678747,0.09003023334678747,0.09003023334678747,0.09003023334678747,0.09003023334678747,0.09003023334678747,0.09003023334678747,0.09003023334678747,0.09003023334678747,0.09003023334678747,0.09003023334678747,0.09003023334678747,0.09003023334678747,0.09003023334678747,0.09003023334678747,0.09003023334678747,0.09003023334678747,0.09003023334678747,0.09003023334678747,0.09003023334678747,0.09003023334678747,0.09003023334678747,0.09003023334678747,0.09003023334678747,0.09003023334678747,0.09003023334678747,0.09003023334678747,0.09003023334678747,0.09003023334678747,0.09003023334678747,0.09003023334678747,0.09003023334678747,0.09003023334678747,0.09003023334678747,0.09003023334678747,0.09003023334678747,0.09003023334678747,0.09003023334678747,0.09003023334678747,0.09003023334678747,0.09003023334678747,0.09003023334678747,0.09003023334678747,0.09003023334678747,0.09003023334678747,0.09003023334678747,0.09003023334678747,0.09003023334678747,0.09003023334678747,0.09003023334678747,0.09003023334678747,0.09003023334678747,0.09003023334678747,0.09003023334678747,0.09003023334678747,0.09003023334678747,0.09003023334678747,0.09003023334678747,0.09003023334678747,0.09003023334678747,0.09003023334678747,0.09003023334678747,0.09003023334678747,0.09003023334678747,0.09003023334678747,0.09003023334678747,0.09003023334678747,0.09003023334678747,0.09003023334678747,0.09003023334678747,0.09003023334678747,0.09003023334678747,0.09003023334678747,0.09003023334678747,0.09003023334678747,0.09003023334678747,0.09003023334678747,0.09003023334678747,0.09003023334678747,0.09003023334678747,0.09003023334678747,0.09003023334678747,0.09003023334678747,0.09003023334678747,0.09003023334678747,0.09003023334678747,0.09003023334678747,0.09003023334678747,0.09003023334678747,0.09003023334678747,0.09003023334678747,0.09003023334678747,0.09003023334678747,0.09003023334678747,0.09003023334678747,0.09003023334678747,0.09003023334678747,0.09003023334678747,0.09003023334678747,0.09003023334678747,0.09003023334678747,0.09003023334678747,0.09003023334678747,0.09003023334678747,0.09003023334678747,0.09003023334678747,0.09003023334678747,0.09003023334678747,0.09003023334678747,0.09003023334678747,0.09003023334678747,0.09003023334678747,0.09003023334678747,0.09003023334678747,0.09003023334678747,0.09003023334678747,0.09003023334678747,0.09003023334678747,0.09003023334678747,0.09003023334678747,0.09003023334678747,0.09003023334678747,0.09003023334678747,0.09003023334678747,0.09003023334678747,0.09003023334678747,0.09003023334678747,0.09003023334678747,0.09003023334678747,0.09003023334678747,0.09003023334678747,0.09003023334678747,0.09003023334678747,0.09003023334678747,0.09003023334678747,0.09003023334678747,0.09003023334678747,0.09003023334678747,0.09003023334678747,0.09003023334678747,0.09003023334678747,0.09003023334678747,0.09003023334678747,0.09003023334678747,0.09003023334678747,0.09003023334678747,0.09003023334678747,0.09003023334678747,0.09003023334678747,0.09003023334678747,0.09003023334678747,0.09003023334678747,0.09003023334678747,0.09003023334678747,0.09003023334678747,0.09003023334678747,0.09003023334678747,0.09003023334678747,0.09003023334678747,0.09003023334678747,0.09003023334678747,0.09003023334678747,0.09003023334678747,0.09003023334678747,0.09003023334678747,0.09003023334678747,0.09003023334678747,0.09003023334678747,0.09003023334678747,0.09003023334678747,0.09003023334678747,0.09003023334678747,0.09003023334678747,0.09003023334678747,0.09003023334678747,0.09003023334678747,0.09003023334678747,0.09003023334678747,0.09003023334678747,0.09003023334678747,0.09003023334678747,0.09003023334678747,0.09003023334678747,0.09003023334678747,0.09003023334678747,0.09003023334678747,0.09003023334678747,0.09003023334678747,0.09003023334678747,0.09003023334678747,0.09003023334678747,0.09003023334678747,0.09003023334678747,0.09003023334678747,0.09003023334678747,0.09003023334678747,0.09003023334678747,0.09003023334678747,0.09003023334678747,0.09003023334678747,0.09003023334678747,0.09003023334678747,0.09003023334678747,0.09003023334678747,0.09003023334678747,0.09003023334678747,0.09003023334678747,0.09003023334678747,0.09003023334678747,0.09003023334678747,0.09003023334678747,0.09003023334678747,0.09003023334678747,0.09003023334678747,0.09003023334678747,0.09003023334678747,0.09003023334678747,0.09003023334678747,0.09003023334678747,0.09003023334678747,0.09003023334678747,0.09003023334678747,0.09003023334678747,0.09003023334678747,0.09003023334678747,0.09003023334678747,0.09003023334678747,0.09003023334678747,0.09003023334678747,0.09003023334678747,0.09003023334678747,0.09003023334678747,0.09003023334678747,0.09003023334678747,0.09003023334678747,0.09003023334678747,0.09003023334678747,0.09003023334678747,0.09003023334678747,0.09003023334678747,0.09003023334678747,0.09003023334678747,0.09003023334678747,0.09003023334678747,0.09003023334678747,0.09003023334678747,0.09003023334678747,0.09003023334678747,0.09003023334678747,0.09003023334678747,0.09003023334678747,0.09003023334678747,0.09003023334678747,0.09003023334678747,0.09003023334678747,0.09003023334678747,0.09003023334678747,0.09003023334678747,0.09003023334678747,0.09003023334678747,0.09003023334678747,0.09003023334678747,0.09003023334678747,0.09003023334678747,0.09003023334678747,0.09003023334678747,0.09003023334678747,0.09003023334678747,0.09003023334678747,0.09003023334678747,0.09003023334678747,0.09003023334678747,0.09003023334678747,0.09003023334678747,0.09003023334678747,0.09003023334678747,0.09003023334678747,0.09003023334678747,0.09003023334678747,0.09003023334678747,0.09003023334678747,0.09003023334678747,0.09003023334678747,0.09003023334678747,0.09003023334678747,0.09003023334678747,0.09003023334678747,0.09003023334678747,0.09003023334678747,0.09003023334678747,0.09003023334678747,0.09003023334678747,0.09003023334678747,0.09003023334678747,0.09003023334678747,0.09003023334678747,0.09003023334678747,0.09003023334678747,0.09003023334678747,0.09003023334678747,0.09003023334678747,0.09003023334678747,0.09003023334678747,0.09003023334678747,0.09003023334678747,0.09003023334678747,0.09003023334678747,0.09003023334678747,0.09003023334678747,0.09003023334678747,0.09003023334678747,0.09003023334678747,0.09003023334678747,0.09003023334678747,0.09003023334678747,0.09003023334678747,0.09003023334678747,0.09003023334678747,0.09003023334678747,0.09003023334678747,0.09003023334678747,0.09003023334678747,0.09003023334678747,0.09003023334678747,0.09003023334678747,0.09003023334678747,0.09003023334678747,0.09003023334678747,0.09003023334678747,0.09003023334678747,0.09003023334678747,0.09003023334678747,0.09003023334678747,0.09003023334678747,0.09003023334678747,0.09003023334678747,0.09003023334678747,0.09003023334678747,0.09003023334678747,0.09003023334678747,0.09003023334678747,0.09003023334678747,0.09003023334678747,0.09003023334678747,0.09003023334678747,0.09003023334678747,0.09003023334678747,0.09003023334678747,0.09003023334678747,0.09003023334678747,0.09003023334678747,0.09003023334678747,0.09003023334678747,0.09003023334678747,0.09003023334678747,0.09003023334678747,0.09003023334678747,0.09003023334678747,0.09003023334678747,0.09003023334678747,0.09003023334678747,0.09003023334678747,0.09003023334678747,0.09003023334678747,0.09003023334678747,0.09003023334678747,0.09003023334678747,0.09003023334678747,0.09003023334678747,0.09003023334678747,0.09003023334678747,0.09003023334678747,0.09003023334678747,0.09003023334678747,0.09003023334678747,0.09003023334678747,0.09003023334678747,0.09003023334678747,0.09003023334678747,0.09003023334678747,0.09003023334678747,0.09003023334678747,0.09003023334678747,0.09003023334678747,0.09003023334678747,0.09003023334678747,0.09003023334678747,0.09003023334678747,0.09003023334678747,0.09003023334678747,0.09003023334678747,0.09003023334678747,0.09003023334678747,0.09003023334678747,0.09003023334678747,0.09003023334678747,0.09003023334678747,0.09003023334678747,0.09003023334678747,0.09003023334678747,0.09003023334678747,0.09003023334678747,0.09003023334678747,0.09003023334678747,0.09003023334678747,0.09003023334678747,0.09003023334678747,0.09003023334678747,0.09003023334678745,0.09003023334678746,0.09003023334678745,0.09003023334678752,0.0900302333467875,0.09003023334678753,0.09003023334678752,0.0900302333467875,0.09003023334678749,0.09003023334678753,0.09003023334678753,0.09003023334678747,0.09003023334678727,0.0900302333467872,0.09003023334678732,0.09003023334678732,0.0900302333467875,0.09003023334678754,0.09003023334678752,0.09003023334678724,0.09003023334678555,0.09003023334678556,0.0900302333467856,0.090030233346786,0.09003023334678568,0.09003023334678605,0.09003023334678605,0.09003023334678607,0.09003023334678466,0.09003023334678449,0.09003023334678448,0.09003023334678419,0.09003023334678256,0.09003023334678133,0.09003023334679112,0.09003023334679186,0.09003023334682914,0.09003023334682657,0.09003023334682965,0.09003023334683131,0.0900302333468203,0.09003023334684934,0.09003023334686251,0.09003023334692532,0.09003023334692765,0.09003023334692876,0.09003023334692786,0.09003023334692788,0.09003023334692782,0.09003023334692781,0.09003023334692807,0.09003023334692835,0.09003023334692807,0.09003023334692836,0.09003023334692953,0.09003023334693051,0.09003023334692968,0.09003023334692964,0.09003023334692709,0.09003023334692725,0.09003023334693223,0.09003023334693269,0.0900302333469328,0.09003023334693283,0.09003023334693287,0.09003023334693284,0.09003023334693254,0.09003023334693279,0.0900302333469329,0.09003023334693286,0.0900302333469329,0.09003023334693286,0.09003023334693287,0.09003034186945796,0.09003034186945794,0.09003034186945792,0.09003034186945795,0.09003034186945794,0.09003034186945795,0.09003034186945794,0.09003034186945795,0.09003034186945794,0.09003034186945794,0.09003034186945792,0.09003034186945794,0.09003034186945792,0.09003034186945794,0.09003034186945792,0.09003034186945795,0.09003034186945792,0.09003034186945794,0.09003034186945794,0.09003034186945794,0.09003034186945792,0.09003034186945792,0.09003034186945794,0.09003034186945792,0.09003034186945795,0.09003034186945794,0.09003034186945791,0.09003034186945792,0.0900303418694579,0.09003034186945796,0.09003034186945795,0.09003034186945796,0.09003034186945792,0.09003034186945794,0.09003034186945795,0.09003034186945795,0.09003034186945796,0.09003034186945795,0.09003034186945794,0.09003034186945795,0.09003034186945795,0.09003034186945795,0.09003034186945794,0.09003034186945796,0.09003034186945794,0.09003034186945794,0.09003034186945796,0.09003034186945794,0.09003034186945796,0.09003034186945795,0.09003034186945794,0.09003034186945794,0.09003034186945794,0.09003034186945795,0.09003034186945795,0.09003034186945792,0.09003034186945795,0.09003034186945794,0.09003034186945795,0.09003034186945791,0.09003034186945792,0.09003034186945792,0.09003034186945794,0.09003034186945795,0.09003034186945792,0.09003034186945792,0.0900303418694579,0.09003034186945791,0.09003034186945791,0.09003034186945792,0.0900303418694579,0.09003034186945792,0.0900303418694579,0.09003034186945791,0.09003034186945791,0.0900303418694579,0.0900303418694579,0.0900303418694579,0.09003034186945788,0.09003034186945791,0.09003034186945792,0.09003034186945792,0.0900303418694579,0.0900303418694579,0.09003034186945792,0.0900303418694579,0.09003034186945792,0.09003034186945792,0.09003034186945791,0.0900303418694579,0.09003034186945791,0.0900303418694579,0.09003034186945791,0.09003034186945791,0.09003034186945791,0.09003034186945792,0.09003034186945794,0.09003034186945792,0.09003034186945791,0.09003034186945792,0.0900303418694579,0.0900303418694579,0.09003034186945794,0.0900303418694579,0.09003034186945791,0.0900303418694579,0.0900303418694579,0.0900303418694579,0.09003034186945791,0.0900303418694579,0.0900303418694579,0.0900303418694579,0.09003034186945788,0.0900303418694579,0.0900303418694579,0.0900303418694579,0.09003034186945792,0.0900303418694579,0.0900303418694579,0.09003034186945792,0.09003034186945794,0.09003034186945792,0.09003034186945792,0.0900303418694579,0.09003034186945791,0.09003034186945791,0.09003034186945792,0.09003034186945791,0.09003034186945791,0.09003034186945787,0.0900303418694579,0.09003034186945791,0.09003034186945791,0.09003034186945792,0.09003034186945787,0.09003034186945788,0.09003034186945791,0.09003034186945784,0.09003034186945787,0.09003034186945785,0.09003034186945787,0.09003034186945787,0.09003034186945787,0.09003034186945787,0.09003034186945787,0.09003034186945787,0.09003034186945785,0.09003034186945788,0.09003034186945784,0.09003034186945785,0.09003034186945788,0.09003034186945787,0.09003034186945783,0.09003034186945787,0.09003034186945787,0.09003034186945784,0.09003034186945784,0.09003034186945784,0.09003034186945783,0.09003034186945785,0.09003034186945785,0.09003034186945784,0.09003034186945784,0.09003034186945784,0.09003034186945785,0.09003034186945785,0.09003034186945784,0.09003034186945785,0.09003034186945784,0.09003034186945784,0.09003034186945783,0.09003034186945785,0.09003034186945784,0.09003034186945785,0.09003034186945783,0.09003034186945788,0.0900303418694579,0.09003034186945788,0.09003034186945787,0.09003034186945787,0.0900303418694579,0.09003034186945787,0.09003034186945785,0.09003034186945788,0.09003034186945787,0.09003034186945784,0.09003034186945787,0.09003034186945784,0.09003034186945788,0.09003034186945787,0.09003034186945787,0.09003034186945787,0.09003034186945787,0.09003034186945787,0.09003034186945788,0.09003034186945784,0.09003034186945787,0.09003034186945785,0.09003034186945787,0.09003034186945785,0.09003034186945785,0.09003034186945787,0.09003034186945787,0.09003034186945787,0.09003034186945787,0.09003034186945783,0.09003034186945787,0.09003034186945784,0.09003034186945785,0.09003034186945784,0.09003034186945787,0.09003034186945785,0.09003034186945787,0.09003034186945784,0.09003034186945787,0.09003034186945784,0.09003034186945785,0.09003034186945787,0.09003034186945785,0.09003034186945784,0.09003034186945785,0.09003034186945787,0.09003034186945784,0.09003034186945787,0.09003034186945785,0.09003034186945787,0.09003034186945784,0.09003034186945787,0.09003034186945785,0.09003034186945787,0.09003034186945784,0.09003034186945787,0.09003034186945787,0.09003034186945784,0.09003034186945784,0.09003034186945785,0.09003034186945785,0.09003034186945783,0.09003034186945784,0.09003034186945783,0.09003034186945787,0.09003034186945783,0.09003034186945785,0.09003034186945784,0.09003034186945785,0.09003034186945787,0.09003034186945787,0.09003034186945784,0.09003034186945784,0.09003034186945784,0.09003034186945788,0.09003034186945785,0.09003034186945787,0.09003034186945787,0.09003034186945787,0.09003034186945787,0.09003034186945788,0.09003034186945787,0.09003034186945788,0.09003034186945788,0.09003034186945785,0.09003034186945787,0.0900303418694579,0.09003034186945788,0.09003034186945785,0.09003034186945785,0.09003034186945787,0.09003034186945787,0.09003034186945788,0.09003034186945787,0.09003034186945784,0.09003034186945787,0.09003034186945787,0.09003034186945787,0.09003034186945787,0.09003034186945787,0.0900303418694579,0.09003034186945787,0.09003034186945788,0.09003034186945787,0.09003034186945788,0.0900303418694579,0.09003034186945787,0.09003034186945781,0.0900303418694579,0.09003034186945787,0.09003034186945787,0.09003034186945788,0.09003034186945788,0.0900303418694579,0.09003034186945787,0.09003034186945787,0.09003034186945787,0.09003034186945785,0.09003034186945787,0.09003034186945787,0.09003034186945787,0.09003034186945784,0.09003034186945784,0.09003034186945787,0.09003034186945785,0.09003034186945787,0.09003034186945785,0.09003034186945787,0.09003034186945784,0.09003034186945787,0.09003034186945787,0.09003034186945785,0.09003034186945787,0.09003034186945787,0.09003034186945788,0.09003034186945787,0.09003034186945787,0.09003034186945784,0.09003034186945787,0.0900303418694579,0.09003034186945787,0.09003034186945787,0.09003034186945785,0.09003034186945787,0.09003034186945788,0.09003034186945787,0.09003034186945787,0.09003034186945785,0.09003034186945784,0.09003034186945787,0.09003034186945787,0.09003034186945787,0.09003034186945787,0.09003034186945787,0.09003034186945787,0.09003034186945787,0.0900303418694579,0.09003034186945788,0.09003034186945785,0.09003034186945784,0.09003034186945787,0.09003034186945787,0.09003034186945784,0.09003034186945788,0.09003034186945788,0.09003034186945787,0.09003034186945784,0.09003034186945787,0.09003034186945785,0.09003034186945785,0.09003034186945784,0.09003034186945787,0.09003034186945787,0.09003034186945785,0.09003034186945785,0.09003034186945785,0.09003034186945787,0.09003034186945784,0.09003034186945785,0.09003034186945785,0.09003034186945784,0.09003034186945787,0.09003034186945787,0.09003034186945788,0.09003034186945785,0.09003034186945788,0.09003034186945787,0.09003034186945788,0.09003034186945787,0.09003034186945788,0.09003034186945785,0.09003034186945787,0.09003034186945788,0.09003034186945785,0.09003034186945788,0.09003034186945785,0.09003034186945787,0.09003034186945787,0.09003034186945785,0.09003034186945787,0.09003034186945787,0.09003034186945787,0.09003034186945788,0.09003034186945787,0.09003034186945788,0.09003034186945787,0.09003034186945787,0.09003034186945785,0.09003034186945787,0.09003034186945788,0.09003034186945788,0.0900303418694579,0.09003034186945788,0.09003034186945787,0.09003034186945787,0.09003034186945785,0.09003034186945787,0.09003034186945787,0.09003034186945787,0.09003034186945787,0.09003034186945787,0.09003034186945787,0.09003034186945787,0.09003034186945787,0.09003034186945784,0.09003034186945788,0.09003034186945785,0.09003034186945785,0.09003034186945787,0.09003034186945788,0.09003034186945787,0.09003034186945785,0.0900303418694579,0.09003034186945787,0.09003034186945787,0.09003034186945788,0.09003034186945785,0.09003034186945787,0.09003034186945787,0.09003034186945787,0.09003034186945788,0.09003034186945787,0.09003034186945787,0.09003034186945788,0.09003034186945787,0.09003034186945787,0.09003034186945785,0.09003034186945787,0.09003034186945787,0.09003034186945784,0.09003034186945785,0.09003034186945785,0.09003034186945787,0.09003034186945787,0.09003034186945787,0.09003034186945784,0.09003034186945787,0.09003034186945785,0.09003034186945787,0.09003034186945785,0.09003034186945784,0.09003034186945787,0.09003034186945787,0.09003034186945784,0.09003034186945783,0.09003034186945785,0.09003034186945785,0.09003034186945784,0.09003034186945787,0.09003034186945784,0.09003034186945787,0.09003034186945784,0.09003034186945783,0.09003034186945785,0.09003034186945785,0.09003034186945785,0.09003034186945784,0.09003034186945787,0.09003034186945788,0.09003034186945784,0.09003034186945785,0.09003034186945788,0.09003034186945787,0.09003034186945783,0.09003034186945788,0.09003034186945788,0.09003034186945785,0.09003034186945787,0.09003034186945785,0.09003034186945787,0.09003034186945785,0.09003034186945787,0.09003034186945787,0.09003034186945784,0.09003034186945787,0.09003034186945785,0.09003034186945787,0.09003034186945785,0.09003034186945788,0.0900303418694579,0.09003034186945787,0.09003034186945787,0.09003034186945787,0.09003034186945783,0.09003034186945787,0.09003034186945784,0.09003034186945787,0.09003034186945785,0.09003034186945785,0.09003034186945787,0.09003034186945785,0.09003034186945787,0.09003034186945785,0.09003034186945787,0.09003034186945787,0.09003034186945783,0.09003034186945785,0.09003034186945787,0.09003034186945787,0.09003034186945785,0.09003034186945787,0.09003034186945787,0.09003034186945787,0.09003034186945788,0.09003034186945785,0.0900303418694579,0.09003034186945788,0.09003034186945787,0.0900303418694579,0.09003034186945788,0.09003034186945788,0.09003034186945787,0.0900303418694579,0.0900303418694579,0.0900303418694579,0.0900303418694579,0.09003034186945791,0.0900303418694579,0.09003034186945791,0.0900303418694579,0.0900303418694579,0.09003034186945794,0.09003034186945787,0.09003034186945794,0.0900303418694579,0.0900303418694579,0.09003034186945791,0.09003034186945795,0.09003034186945792,0.09003034186945791,0.09003034186945794,0.0900303418694579,0.09003034186945794,0.09003034186945792,0.09003034186945792,0.09003034186945791,0.09003034186945792,0.09003034186945795,0.09003034186945791,0.09003034186945794,0.09003034186945794,0.09003034186945791,0.09003034186945792,0.09003034186945792,0.09003034186945791,0.09003034186945794,0.09003034186945791,0.09003034186945792,0.09003034186945795,0.09003034186945794,0.09003034186945794,0.09003034186945791,0.09003034186945795,0.09003034186945792,0.09003034186945792,0.0900303418694579,0.09003034186945792,0.09003034186945792,0.09003034186945792,0.09003034186945791,0.09003034186945792,0.0900303418694579,0.09003034186945795,0.0900303418694579,0.09003034186945795,0.09003034186945791,0.0900303418694579,0.09003034186945792,0.09003034186945792,0.09003034186945791,0.09003034186945792,0.09003034186945792,0.09003034186945794,0.09003034186945791,0.09003034186945792,0.09003034186945794,0.09003034186945791,0.0900303418694579,0.0900303418694579,0.0900303418694579,0.09003034186945794,0.09003034186945791,0.09003034186945792,0.09003034186945795,0.09003034186945792,0.09003034186945795,0.09003034186945792,0.09003034186945795,0.09003034186945792,0.0900303418694579,0.09003034186945794,0.0900303418694579,0.0900303418694579,0.09003034186945792,0.0900303418694579,0.09003034186945792,0.09003034186945792,0.0900303418694579,0.0900303418694579,0.09003034186945791,0.0900303418694579,0.09003034186945792,0.09003034186945791,0.0900303418694579,0.09003034186945791,0.09003034186945792,0.0900303418694579,0.09003034186945792,0.0900303418694579,0.0900303418694579,0.09003034186945791,0.09003034186945791,0.09003034186945791,0.09003034186945792,0.09003034186945791,0.09003034186945792,0.0900303418694579,0.09003034186945791,0.0900303418694579,0.0900303418694579,0.09003034186945795,0.09003034186945794,0.0900303418694579,0.09003034186945792,0.0900303418694579,0.09003034186945794,0.0900303418694579,0.09003034186945791,0.09003034186945792,0.09003034186945791,0.09003034186945791,0.09003034186945795,0.09003034186945791,0.09003034186945792,0.09003034186945792,0.09003034186945791,0.09003034186945794,0.09003034186945791,0.09003034186945792,0.09003034186945792,0.0900303418694579,0.09003034186945795,0.09003034186945795,0.09003034186945792,0.09003034186945792,0.09003034186945794,0.09003034186945792,0.09003034186945791,0.09003034186945794,0.09003034186945795,0.09003034186945794,0.09003034186945794,0.09003034186945791,0.09003034186945791,0.09003034186945792,0.09003034186945794,0.09003034186945795,0.09003034186945792,0.09003034186945792,0.0900303418694579,0.09003034186945792,0.0900303418694579,0.09003034186945792,0.0900303418694579,0.09003034186945795,0.09003034186945792,0.0900303418694579,0.09003034186945792,0.0900303418694579,0.09003034186945792,0.09003034186945794,0.09003034186945791,0.09003034186945791,0.0900303418694579,0.09003034186945794,0.09003034186945792,0.0900303418694579,0.09003034186945794,0.0900303418694579,0.09003034186945788,0.09003034186945791,0.09003034186945792,0.09003034186945792,0.0900303418694579,0.0900303418694579,0.09003034186945791,0.09003034186945791,0.09003034186945792,0.09003034186945791,0.09003034186945792,0.0900303418694579,0.0900303418694579,0.0900303418694579,0.09003034186945791,0.0900303418694579,0.0900303418694579,0.09003034186945792,0.0900303418694579,0.09003034186945792,0.09003034186945792,0.09003034186945791,0.09003034186945792,0.09003034186945794,0.09003034186945792,0.09003034186945791,0.09003034186945794,0.09003034186945791,0.09003034186945792,0.09003034186945791,0.09003034186945792,0.09003034186945795,0.09003034186945792,0.09003034186945795,0.09003034186945792,0.09003034186945794,0.0900303418694579,0.09003034186945798,0.09003034186945794,0.0900303418694579,0.09003034186945791,0.09003034186945792,0.09003034186945794,0.0900303418694579,0.09003034186945794,0.09003034186945795,0.09003034186945791,0.09003034186945791,0.09003034186945792,0.0900303418694579,0.09003034186945792,0.0900303418694579,0.09003034186945792,0.09003034186945791,0.0900303418694579,0.09003034186945792,0.09003034186945791,0.09003034186945792,0.0900303418694579,0.0900303418694579,0.09003034186945791,0.0900303418694579,0.09003034186945791,0.09003034186945788,0.09003034186945791,0.0900303418694579,0.09003034186945792,0.09003034186945788,0.09003034186945792,0.0900303418694579,0.09003034186945794,0.09003034186945792,0.0900303418694579,0.09003034186945788,0.0900303418694579,0.09003034186945792,0.0900303418694579,0.09003034186945792,0.09003034186945791,0.09003034186945788,0.09003034186945791,0.0900303418694579,0.09003034186945791,0.09003034186945791,0.09003034186945791,0.0900303418694579,0.09003034186945795,0.09003034186945794,0.09003034186945792,0.09003034186945791,0.09003034186945787,0.09003034186945791,0.09003034186945794,0.09003034186945791,0.0900303418694579,0.0900303418694579,0.0900303418694579,0.09003034186945788,0.09003034186945791,0.09003034186945791,0.0900303418694579,0.09003034186945791,0.0900303418694579,0.09003034186945788,0.09003034186945792,0.09003034186945792,0.0900303418694579,0.09003034186945791,0.0900303418694579,0.09003034186945794,0.09003034186945791,0.0900303418694579,0.09003034186945792,0.0900303418694579,0.09003034186945791,0.09003034186945788,0.0900303418694579,0.0900303418694579,0.0900303418694579,0.09003034186945791,0.0900303418694579,0.09003034186945791,0.09003034186945791,0.09003034186945791,0.09003034186945792,0.09003034186945795,0.0900303418694579,0.0900303418694579,0.09003034186945792,0.09003034186945792,0.09003034186945791,0.09003034186945791,0.0900303418694579,0.09003034186945792,0.09003034186945791,0.09003034186945791,0.0900303418694579,0.0900303418694579,0.09003034186945792,0.09003034186945794,0.09003034186945795,0.09003034186945787,0.09003034186945795,0.09003034186945794,0.09003034186945791,0.09003034186945791,0.09003034186945792,0.09003034186945792,0.09003034186945788,0.0900303418694579,0.0900303418694579,0.09003034186945791,0.0900303418694579,0.09003034186945791,0.09003034186945791,0.09003034186945791,0.09003034186945792,0.09003034186945792,0.09003034186945791,0.0900303418694579,0.0900303418694579,0.0900303418694579,0.09003034186945787,0.09003034186945788,0.0900303418694579,0.09003034186945791,0.09003034186945787,0.09003034186945788,0.09003034186945788,0.09003034186945788,0.09003034186945788,0.09003034186945788,0.09003034186945787,0.0900303418694579,0.0900303418694579,0.09003034186945788,0.0900303418694579,0.09003034186945791,0.09003034186945787,0.09003034186945791,0.09003034186945787,0.0900303418694579,0.09003034186945788,0.0900303418694579,0.09003034186945791,0.09003034186945788,0.09003034186945791,0.0900303418694579,0.09003034186945788,0.09003034186945787,0.09003034186945788,0.0900303418694579,0.09003034186945788,0.09003034186945787,0.09003034186945787,0.0900303418694579,0.09003034186945788,0.0900303418694579,0.09003034186945791,0.09003034186945791,0.0900303418694579,0.09003034186945788,0.09003034186945787,0.09003034186945791,0.0900303418694579,0.0900303418694579,0.09003034186945785,0.09003034186945791,0.09003034186945788,0.09003034186945791,0.0900303418694579,0.0900303418694579,0.09003034186945792,0.0900303418694579,0.09003034186945791,0.09003034186945792,0.0900303418694579,0.09003034186945791,0.09003034186945791,0.0900303418694579,0.09003034186945792,0.09003034186945795,0.09003034186945794,0.09003034186945792,0.09003034186945791,0.09003034186945795,0.09003034186945795,0.0900303418694579,0.0900303418694579,0.0900303418694579,0.09003034186945794,0.09003034186945792,0.09003034186945792,0.09003034186945791,0.09003034186945791,0.09003034186945792,0.0900303418694579,0.09003034186945792,0.09003034186945794,0.09003034186945792,0.09003034186945791,0.09003034186945791,0.09003034186945792,0.0900303418694579,0.09003034186945791,0.0900303418694579,0.09003034186945794,0.0900303418694579,0.09003034186945794,0.0900303418694579,0.09003034186945791,0.09003034186945791,0.09003034186945791,0.09003034186945794,0.09003034186945795,0.09003034186945791,0.09003034186945792,0.0900303418694579,0.09003034186945794,0.09003034186945794,0.0900303418694579,0.09003034186945792,0.09003034186945792,0.09003034186945792,0.09003034186945791,0.0900303418694579,0.09003034186945792,0.09003034186945792,0.0900303418694579,0.09003034186945791,0.0900303418694579,0.09003034186945792,0.0900303418694579,0.09003034186945791,0.0900303418694579,0.09003034186945792,0.09003034186945791,0.09003034186945792,0.0900303418694579,0.09003034186945792,0.09003034186945791,0.0900303418694579,0.0900303418694579,0.09003034186945796,0.09003034186945796,0.09003034186945792,0.09003034186945794,0.09003034186945792,0.09003034186945794,0.09003034186945794,0.09003034186945791,0.09003034186945791,0.0900303418694579,0.09003034186945794,0.09003034186945792,0.09003034186945794,0.0900303418694579,0.09003034186945791,0.0900303418694579,0.0900303418694579,0.09003034186945791,0.09003034186945794,0.09003034186945788,0.0900303418694579,0.09003034186945791,0.0900303418694579,0.09003034186945791,0.0900303418694579,0.09003034186945791,0.09003034186945792,0.09003034186945792,0.0900303418694579,0.09003034186945791,0.09003034186945791,0.09003034186945791,0.09003034186945787,0.09003034186945787,0.09003034186945787,0.09003034186945788,0.09003034186945791,0.09003034186945791,0.0900303418694579,0.09003034186945792,0.0900303418694579,0.09003034186945791,0.09003034186945791,0.09003034186945791,0.0900303418694579,0.0900303418694579,0.0900303418694579,0.0900303418694579,0.0900303418694579,0.0900303418694579,0.0900303418694579,0.0900303418694579,0.0900303418694579,0.09003034186945792,0.09003034186945791,0.09003034186945794,0.09003034186945792,0.09003034186945791,0.09003034186945791,0.0900303418694579,0.09003034186945791,0.09003034186945792,0.09003034186945795,0.09003034186945796,0.09003034186945795,0.09003034186945798,0.09003034186945795,0.0900303418694579,0.09003034186945792,0.09003034186945796,0.09003034186945794,0.09003034186945794,0.09003034186945794,0.09003034186945794,0.09003034186945795,0.09003034186945794,0.09003034186945795,0.09003034186945792,0.09003034186945794,0.09003034186945798,0.09003034186945795,0.09003034186945794,0.09003034186945795,0.09003034186945795,0.09003034186945792,0.09003034186945795,0.09003034186945794,0.09003034186945795,0.09003034186945791,0.09003034186945792,0.09003034186945791,0.09003034186945791,0.09003034186945792,0.09003034186945795,0.09003034186945795,0.09003034186945795,0.09003034186945792,0.09003034186945792,0.09003034186945795,0.09003034186945795,0.09003034186945794,0.09003034186945796,0.09003034186945794,0.09003034186945795,0.09003034186945794,0.09003034186945795,0.09003034186945794,0.09003034186945796,0.09003034186945794,0.09003034186945796,0.09003034186945795,0.09003034186945794,0.0900303418694579,0.09003034186945792,0.0900303418694579,0.09003034186945791,0.0900303418694579,0.09003034186945791,0.0900303418694579,0.09003034186945788,0.09003034186945788,0.0900303418694579,0.0900303418694579,0.0900303418694579,0.0900303418694579,0.09003034186945788,0.0900303418694579,0.09003034186945787,0.09003034186945788,0.09003034186945788,0.0900303418694579,0.09003034186945788,0.09003034186945788,0.0900303418694579,0.09003034186945787,0.09003034186945787,0.09003034186945787,0.09003034186945788,0.09003034186945784,0.0900303418694579,0.09003034186945784,0.09003034186945787,0.09003034186945785,0.09003034186945787,0.09003034186945785,0.09003034186945785,0.09003034186945787,0.09003034186945785,0.09003034186945785,0.09003034186945788,0.09003034186945787,0.09003034186945787,0.09003034186945788,0.09003034186945787,0.09003034186945787,0.09003034186945788,0.09003034186945787,0.09003034186945787,0.09003034186945787,0.09003034186945788,0.09003034186945788,0.09003034186945791,0.09003034186945787,0.09003034186945785,0.09003034186945785,0.09003034186945785,0.09003034186945787,0.09003034186945785,0.09003034186945787,0.09003034186945787,0.09003034186945787,0.09003034186945784,0.09003034186945784,0.09003034186945783,0.09003034186945785,0.09003034186945784,0.09003034186945785,0.09003034186945785,0.09003034186945784,0.09003034186945788,0.09003034186945787,0.09003034186945787,0.09003034186945785,0.09003034186945787,0.0900303418694579,0.09003034186945788,0.09003034186945785,0.0900303418694579,0.0900303418694579,0.09003034186945785,0.09003034186945788,0.09003034186945791,0.09003034186945787,0.0900303418694579,0.09003034186945787,0.09003034186945787,0.0900303418694579,0.0900303418694579,0.09003034186945792,0.09003034186945788,0.0900303418694579,0.09003034186945791,0.0900303418694579,0.0900303418694579,0.09003034186945792,0.09003034186945788,0.09003034186945794,0.0900303418694579,0.09003034186945788,0.0900303418694579,0.09003034186945791,0.09003034186945791,0.09003034186945791,0.0900303418694579,0.09003034186945791,0.09003034186945791,0.09003034186945792,0.0900303418694579,0.09003034186945791,0.09003034186945792,0.0900303418694579,0.0900303418694579,0.09003034186945791,0.09003034186945794,0.0900303418694579,0.09003034186945794,0.09003034186945792,0.0900303418694579,0.0900303418694579,0.09003034186945792,0.09003034186945792,0.09003034186945791,0.0900303418694579,0.09003034186945792,0.09003034186945792,0.09003034186945796,0.09003034186945792,0.09003034186945794,0.09003034186945792,0.09003034186945794,0.09003034186945795,0.09003034186945795,0.09003034186945792,0.09003034186945785,0.0900303418694579,0.0900303418694579,0.0900303418694579,0.09003034186945788,0.0900303418694579,0.09003034186945787,0.09003034186945788,0.09003034186945787,0.09003034186945788,0.09003034186945791,0.0900303418694579,0.09003034186945791,0.09003034186945791,0.0900303418694579,0.0900303418694579,0.0900303418694579,0.09003034186945788,0.09003034186945788,0.0900303418694579,0.0900303418694579,0.09003034186945787,0.09003034186945787,0.09003034186945785,0.0900303418694579,0.0900303418694579,0.09003034186945791,0.0900303418694579,0.0900303418694579,0.0900303418694579,0.0900303418694579,0.09003034186945791,0.09003034186945791,0.0900303418694579,0.09003034186945788,0.09003034186945791,0.0900303418694579,0.09003034186945791,0.09003034186945792,0.09003034186945788,0.0900303418694579,0.09003034186945787,0.09003034186945785,0.09003034186945788,0.09003034186945791,0.09003034186945788,0.09003034186945791,0.09003034186945788,0.0900303418694579,0.0900303418694579,0.0900303418694579,0.0900303418694579,0.09003034186945787,0.0900303418694579,0.0900303418694579,0.09003034186945788,0.09003034186945794,0.09003034186945792,0.09003034186945792,0.09003034186945791,0.09003034186945791,0.09003034186945792,0.09003034186945792,0.09003034186945792,0.09003034186945791,0.09003034186945792,0.0900303418694579,0.09003034186945792,0.09003034186945795,0.09003034186945792,0.09003034186945791,0.09003034186945791,0.0900303418694579,0.09003034186945792,0.09003034186945791,0.09003034186945791,0.09003034186945791,0.09003034186945791,0.0900303418694579,0.0900303418694579,0.0900303418694579,0.09003034186945795,0.09003034186945792,0.09003034186945792,0.09003034186945792,0.0900303418694579,0.09003034186945792,0.09003034186945794,0.09003034186945792,0.09003034186945795,0.09003034186945792,0.09003034186945792,0.09003034186945791,0.09003034186945792,0.0900303418694579,0.0900303418694579,0.09003034186945788,0.0900303418694579,0.0900303418694579,0.09003034186945792,0.09003034186945791,0.0900303418694579,0.0900303418694579,0.0900303418694579,0.0900303418694579,0.09003034186945791,0.09003034186945788,0.09003034186945788,0.0900303418694579,0.0900303418694579,0.0900303418694579,0.09003034186945791,0.09003034186945792,0.09003034186945783,0.09003034186945785,0.09003034186945787,0.09003034186945787,0.0900303418694579,0.09003034186945788,0.09003034186945787,0.09003034186945787,0.09003034186945787,0.09003034186945787,0.09003034186945785,0.09003034186945787,0.09003034186945785,0.09003034186945787,0.09003034186945787,0.09003034186945787,0.09003034186945785,0.09003034186945788,0.09003034186945787,0.09003034186945788,0.09003034186945787,0.09003034186945784,0.09003034186945785,0.09003034186945787,0.09003034186945787,0.09003034186945787,0.09003034186945788,0.09003034186945787,0.09003034186945785,0.09003034186945791,0.09003034186945788,0.09003034186945787,0.09003034186945785,0.09003034186945787,0.09003034186945785,0.09003034186945787,0.09003034186945787,0.09003034186945787,0.09003034186945784,0.09003034186945787,0.09003034186945785,0.09003034186945787,0.09003034186945787,0.09003034186945787,0.09003034186945788,0.09003034186945787,0.09003034186945785,0.0900303418694579,0.09003034186945788,0.09003034186945791,0.09003034186945795,0.09003034186945792,0.09003034186945795,0.09003034186945796,0.09003034186945796,0.09003034186945795,0.09003034186945796,0.09003034186945795,0.09003034186945794,0.09003034186945795,0.09003034186945791,0.09003034186945792,0.09003034186945795,0.09003034186945794,0.09003034186945792,0.09003034186945794,0.09003034186945792,0.09003034186945794,0.09003034186945792,0.09003034186945794,0.09003034186945792,0.09003034186945792,0.0900303418694579,0.09003034186945791,0.09003034186945791,0.09003034186945795,0.09003034186945792,0.090030341869458,0.09003034186945796,0.09003034186945799,0.09003034186945795,0.09003034186945795,0.09003034186945795,0.09003034186945795,0.09003034186945794,0.09003034186945795,0.09003034186945795,0.09003034186945796,0.09003034186945795,0.09003034186945794,0.09003034186945794,0.09003034186945794,0.09003034186945794,0.09003034186945796,0.09003034186945795,0.09003034186945795,0.09003034186945791,0.09003034186945794,0.09003034186945791,0.0900303418694579,0.09003034186945791,0.09003034186945791,0.09003034186945795,0.09003034186945795,0.09003034186945794,0.09003034186945795,0.09003034186945794,0.09003034186945794,0.09003034186945795,0.09003034186945795,0.09003034186945795,0.09003034186945794,0.09003034186945798,0.09003034186945799,0.09003034186945798,0.09003034186945798,0.09003034186945798,0.09003034186945796,0.09003034186945796,0.09003034186945798,0.09003034186945796,0.09003034186945794,0.09003034186945795,0.09003034186945795,0.09003034186945794,0.09003034186945794,0.09003034186945794,0.09003034186945795,0.09003034186945795,0.09003034186945791,0.09003034186945795,0.09003034186945798,0.09003034186945794,0.09003034186945798,0.09003034186945795,0.09003034186945795,0.09003034186945792,0.09003034186945795,0.09003034186945794,0.09003034186945795,0.09003034186945796,0.09003034186945795,0.09003034186945798,0.09003034186945795,0.09003034186945798,0.09003034186945795,0.09003034186945795,0.09003034186945795,0.09003034186945795,0.09003034186945795,0.09003034186945795,0.09003034186945798,0.09003034186945795,0.09003034186945795,0.09003034186945794,0.09003034186945796,0.09003034186945795,0.09003034186945798,0.09003034186945796,0.09003034186945794,0.09003034186945795,0.09003034186945795,0.09003034186945795,0.09003034186945795,0.09003034186945792,0.09003034186945794,0.09003034186945794,0.09003034186945794,0.09003034186945794,0.09003034186945795,0.09003034186945795,0.09003034186945794,0.09003034186945796,0.09003034186945795,0.09003034186945795,0.09003034186945798,0.09003034186945798,0.09003034186945798,0.09003034186945798,0.09003034186945796,0.09003034186945798,0.09003034186945798,0.09003034186945795,0.090030341869458,0.09003034186945796,0.09003034186945796,0.09003034186945798,0.09003034186945795,0.09003034186945796,0.09003034186945795,0.09003034186945795,0.09003034186945795,0.09003034186945795,0.09003034186945794,0.09003034186945794,0.09003034186945795,0.09003034186945794,0.09003034186945795,0.09003034186945792,0.09003034186945792,0.09003034186945794,0.09003034186945795,0.09003034186945795,0.09003034186945795,0.09003034186945795,0.09003034186945794,0.09003034186945795,0.09003034186945796,0.09003034186945795,0.09003034186945794,0.09003034186945794,0.09003034186945798,0.09003034186945795,0.09003034186945796,0.09003034186945792,0.09003034186945794,0.09003034186945794,0.09003034186945794,0.09003034186945795,0.09003034186945795,0.09003034186945796,0.09003034186945796,0.09003034186945795,0.09003034186945795,0.09003034186945794,0.09003034186945795,0.09003034186945795,0.09003034186945798,0.09003034186945796,0.09003034186945798,0.09003034186945795,0.09003034186945795,0.09003034186945795,0.09003034186945795,0.09003034186945795,0.09003034186945796,0.09003034186945796,0.09003034186945798,0.09003034186945795,0.09003034186945795,0.09003034186945795,0.09003034186945796,0.09003034186945794,0.09003034186945796,0.09003034186945796,0.09003034186945795,0.09003034186945795,0.09003034186945794,0.09003034186945795,0.09003034186945798,0.09003034186945795,0.09003034186945795,0.09003034186945795,0.09003034186945796,0.09003034186945798,0.09003034186945796,0.09003034186945795,0.09003034186945798,0.09003034186945794,0.09003034186945796,0.09003034186945796,0.09003034186945795,0.09003034186945798,0.09003034186945796,0.09003034186945795,0.09003034186945798,0.09003034186945795,0.09003034186945795,0.090030341869457,0.09003034186945658,0.09003034186945709,0.09003034186945678,0.09003034186945678,0.09003034186945678,0.09003034186945678,0.09003034186945677,0.09003034186945681,0.0900303418694568,0.09003034186945678,0.09003034186945677,0.09003034186945683,0.09003034186945677,0.09003034186945678,0.09003034186945678,0.09003034186945678,0.09003034186945678,0.09003034186945677,0.09003034186945678,0.09003034186945678,0.09003034186945677,0.09003034186945678,0.0900303418694568,0.09003034186945678,0.09003034186945678,0.09003034186945678,0.0900303418694568,0.09003034186945678,0.09003034186945678,0.09003034186945678,0.09003034186945681,0.0900303418694568,0.09003034186945681,0.09003034186945677,0.0900303418694568,0.09003034186945678,0.09003034186945678,0.09003034186945681,0.09003034186945683,0.09003034186945676,0.0900303418694568,0.09003034186945678,0.09003034186945678,0.09003034186945678,0.09003034186945676,0.09003034186945678,0.09003034186945674,0.09003034186945678,0.09003034186945678,0.09003034186945677,0.09003034186945677,0.09003034186945674,0.09003034186945678,0.09003034186945678,0.09003034186945677,0.09003034186945674,0.09003034186945676,0.09003034186945678,0.09003034186945676,0.09003034186945674,0.09003034186945676,0.09003034186945674,0.09003034186945676,0.09003034186945676,0.09003034186945677,0.09003034186945676,0.0900303418694568,0.09003034186945676,0.09003034186945676,0.09003034186945674,0.09003034186945671,0.0900303418694567,0.09003034186945667,0.0900303418694567,0.0900303418694567,0.09003034186945669,0.0900303418694567,0.09003034186945669,0.0900303418694567,0.09003034186945669,0.0900303418694567,0.0900303418694567,0.0900303418694567,0.09003034186945673,0.09003034186945673,0.09003034186945673,0.09003034186945678,0.0900303418694567,0.09003034186945676,0.0900303418694567,0.09003034186945673,0.09003034186945677,0.09003034186945673,0.09003034186945671,0.09003034186945673,0.09003034186945673,0.09003034186945676,0.09003034186945673,0.09003034186945673,0.09003034186945673,0.09003034186945676,0.09003034186945671,0.09003034186945673,0.09003034186945674,0.0900303418694567,0.09003034186945673,0.09003034186945673,0.09003034186945669,0.09003034186945671,0.09003034186945671,0.09003034186945673,0.09003034186945671,0.0900303418694567,0.0900303418694567,0.0900303418694567,0.09003034186945667,0.0900303418694567,0.0900303418694567,0.09003034186945666,0.09003034186945673,0.0900303418694567,0.09003034186945673,0.0900303418694567,0.09003034186945673,0.09003034186945676,0.0900303418694567,0.0900303418694567,0.09003034186945673,0.09003034186945671,0.09003034186945673,0.09003034186945673,0.09003034186945669,0.09003034186945671,0.09003034186945671,0.09003034186945674,0.09003034186945673,0.09003034186945671,0.09003034186945674,0.09003034186945674,0.0900303418694567,0.09003034186945673,0.09003034186945674,0.09003034186945673,0.09003034186945673,0.09003034186945673,0.0900303418694567,0.09003034186945673,0.0900303418694567,0.0900303418694567,0.0900303418694567,0.0900303418694567,0.09003034186945673,0.09003034186945673,0.09003034186945669,0.09003034186945671,0.09003034186945671,0.09003034186945673,0.09003034186945671,0.09003034186945666,0.09003034186945669,0.0900303418694567,0.09003034186945669,0.09003034186945669,0.09003034186945673,0.09003034186945673,0.0900303418694567,0.09003034186945673,0.0900303418694567,0.09003034186945671,0.0900303418694567,0.0900303418694567,0.0900303418694567,0.09003034186945669,0.0900303418694567,0.0900303418694567,0.0900303418694567,0.0900303418694567,0.09003034186945671,0.09003034186945671,0.09003034186945671,0.0900303418694567,0.09003034186945671,0.09003034186945671,0.09003034186945673,0.09003034186945671,0.09003034186945669,0.0900303418694567,0.09003034186945673,0.09003034186945674,0.09003034186945671,0.09003034186945673,0.09003034186945673,0.09003034186945674,0.09003034186945671,0.09003034186945674,0.09003034186945674,0.09003034186945676,0.0900303418694567,0.09003034186945673,0.09003034186945674,0.09003034186945671,0.0900303418694567,0.09003034186945676,0.09003034186945676,0.09003034186945674,0.09003034186945674,0.09003034186945676,0.09003034186945671,0.0900303418694567,0.0900303418694567,0.09003034186945674,0.09003034186945674,0.09003034186945674,0.09003034186945674,0.09003034186945673,0.09003034186945673,0.09003034186945674,0.09003034186945676,0.09003034186945673,0.09003034186945673,0.09003034186945674,0.09003034186945673,0.09003034186945676,0.09003034186945674,0.09003034186945673,0.09003034186945674,0.09003034186945673,0.09003034186945674,0.09003034186945671,0.09003034186945671,0.09003034186945674,0.09003034186945674,0.09003034186945674,0.09003034186945674,0.09003034186945671,0.09003034186945674,0.09003034186945676,0.09003034186945674,0.0900303418694567,0.09003034186945676,0.09003034186945674,0.09003034186945674,0.09003034186945674,0.09003034186945671,0.09003034186945674,0.09003034186945674,0.09003034186945676,0.09003034186945676,0.09003034186945673,0.09003034186945681,0.09003034186945677,0.09003034186945678,0.09003034186945678,0.09003034186945676,0.09003034186945678,0.09003034186945678,0.09003034186945677,0.0900303418694568,0.09003034186945678,0.09003034186945678,0.09003034186945678,0.0900303418694568,0.09003034186945677,0.09003034186945678,0.09003034186945677,0.09003034186945676,0.09003034186945676,0.09003034186945677,0.09003034186945677,0.09003034186945678,0.09003034186945674,0.09003034186945676,0.09003034186945674,0.09003034186945676,0.09003034186945677,0.09003034186945676,0.09003034186945676,0.09003034186945676,0.09003034186945676,0.09003034186945674,0.09003034186945676,0.09003034186945677,0.09003034186945676,0.09003034186945676,0.09003034186945674,0.09003034186945678,0.09003034186945674,0.09003034186945676,0.09003034186945674,0.09003034186945676,0.09003034186945674,0.09003034186945674,0.09003034186945676,0.09003034186945676,0.09003034186945674,0.09003034186945678,0.09003034186945673,0.09003034186945676,0.09003034186945673,0.09003034186945676,0.09003034186945676,0.09003034186945676,0.09003034186945676,0.09003034186945676,0.09003034186945673,0.09003034186945669,0.09003034186945673,0.09003034186945673,0.09003034186945673,0.0900303418694567,0.0900303418694567,0.09003034186945673,0.09003034186945673,0.09003034186945671,0.09003034186945673,0.09003034186945671,0.0900303418694567,0.0900303418694567,0.09003034186945673,0.09003034186945676,0.09003034186945671,0.09003034186945673,0.09003034186945674,0.09003034186945673,0.09003034186945674,0.09003034186945673,0.09003034186945674,0.09003034186945673,0.09003034186945673,0.09003034186945673,0.09003034186945671,0.09003034186945673,0.0900303418694567,0.09003034186945673,0.0900303418694567,0.09003034186945674,0.0900303418694567,0.0900303418694567,0.09003034186945673,0.09003034186945671,0.09003034186945677,0.09003034186945677,0.09003034186945676,0.09003034186945677,0.09003034186945676,0.09003034186945674,0.09003034186945671,0.09003034186945676,0.09003034186945674,0.09003034186945674,0.09003034186945674,0.09003034186945674,0.0900303418694567,0.0900303418694567,0.09003034186945674,0.09003034186945676,0.09003034186945676,0.09003034186945677,0.09003034186945677,0.09003034186945676,0.09003034186945677,0.09003034186945676,0.09003034186945676,0.09003034186945673,0.09003034186945676,0.09003034186945677,0.09003034186945678,0.09003034186945676,0.09003034186945674,0.09003034186945671,0.09003034186945674,0.09003034186945676,0.09003034186945674,0.09003034186945678,0.09003034186945669,0.09003034186945673,0.09003034186945677,0.09003034186945678,0.09003034186945674,0.09003034186945676,0.09003034186945678,0.09003034186945676,0.09003034186945676,0.09003034186945674,0.09003034186945674,0.09003034186945676,0.09003034186945676,0.09003034186945678,0.09003034186945674,0.09003034186945676,0.09003034186945676,0.09003034186945674,0.09003034186945676,0.09003034186945674,0.09003034186945666,0.0900303418694567,0.09003034186945667,0.09003034186945671,0.09003034186945667,0.09003034186945667,0.09003034186945667,0.09003034186945667,0.0900303418694567,0.09003034186945671,0.09003034186945671,0.09003034186945671,0.0900303418694567,0.09003034186945674,0.09003034186945671,0.09003034186945673,0.09003034186945673,0.09003034186945674,0.09003034186945674,0.09003034186945673,0.09003034186945676,0.09003034186945671,0.09003034186945676,0.09003034186945674,0.09003034186945671,0.09003034186945673,0.0900303418694567,0.09003034186945676,0.09003034186945673,0.09003034186945673,0.09003034186945674,0.09003034186945671,0.09003034186945673,0.09003034186945673,0.09003034186945676,0.09003034186945673,0.09003034186945674,0.0900303418694567,0.0900303418694567,0.0900303418694567,0.09003034186945671,0.09003034186945673,0.09003034186945673,0.09003034186945673,0.09003034186945673,0.0900303418694567,0.0900303418694567,0.09003034186945673,0.09003034186945673,0.09003034186945673,0.09003034186945673,0.09003034186945673,0.0900303418694567,0.09003034186945669,0.0900303418694567,0.0900303418694567,0.09003034186945673,0.0900303418694567,0.0900303418694567,0.0900303418694567,0.09003034186945673,0.0900303418694567,0.0900303418694567,0.09003034186945671,0.0900303418694567,0.09003034186945673,0.0900303418694567,0.0900303418694567,0.09003034186945671,0.0900303418694567,0.0900303418694567,0.09003034186945669,0.09003034186945671,0.0900303418694567,0.09003034186945667,0.09003034186945671,0.09003034186945669,0.09003034186945674,0.09003034186945674,0.09003034186945669,0.09003034186945669,0.0900303418694567,0.0900303418694567,0.0900303418694567,0.09003034186945669,0.09003034186945667,0.09003034186945667,0.0900303418694567,0.09003034186945667,0.0900303418694567,0.09003034186945667,0.09003034186945667,0.09003034186945674,0.0900303418694567,0.09003034186945669,0.0900303418694567,0.09003034186945669,0.0900303418694567,0.09003034186945669,0.09003034186945667,0.0900303418694567,0.0900303418694567,0.09003034186945671,0.0900303418694567,0.09003034186945671,0.0900303418694567,0.09003034186945669,0.09003034186945667,0.0900303418694567,0.0900303418694567,0.0900303418694567,0.0900303418694567,0.09003034186945669,0.09003034186945671,0.0900303418694567,0.09003034186945669,0.09003034186945669,0.0900303418694567,0.09003034186945671,0.09003034186945671,0.0900303418694567,0.09003034186945669,0.09003034186945669,0.0900303418694567,0.09003034186945671,0.09003034186945669,0.09003034186945669,0.0900303418694567,0.09003034186945669,0.09003034186945667,0.09003034186945669,0.09003034186945669,0.0900303418694567,0.09003034186945669,0.0900303418694567,0.09003034186945673,0.09003034186945673,0.0900303418694567,0.09003034186945671,0.0900303418694567,0.0900303418694567,0.09003034186945673,0.09003034186945667,0.09003034186945669,0.09003034186945671,0.0900303418694567,0.0900303418694567,0.09003034186945666,0.09003034186945674,0.09003034186945669,0.09003034186945671,0.09003034186945673,0.0900303418694567,0.09003034186945673,0.09003034186945667,0.09003034186945667,0.09003034186945667,0.09003034186945666,0.0900303418694567,0.0900303418694567,0.0900303418694567,0.0900303418694567,0.0900303418694567,0.0900303418694567,0.0900303418694567,0.09003034186945669,0.09003034186945669,0.09003034186945667,0.09003034186945665,0.09003034186945666,0.09003034186945667,0.09003034186945667,0.09003034186945666,0.09003034186945667,0.09003034186945666,0.09003034186945666,0.09003034186945666,0.09003034186945666,0.09003034186945665,0.09003034186945667,0.09003034186945667,0.09003034186945667,0.09003034186945666,0.0900303418694567,0.0900303418694567,0.0900303418694567,0.09003034186945669,0.09003034186945667,0.09003034186945666,0.09003034186945667,0.09003034186945667,0.09003034186945667,0.09003034186945667,0.09003034186945666,0.09003034186945666,0.09003034186945666,0.09003034186945667,0.09003034186945666,0.09003034186945666,0.09003034186945667,0.09003034186945666,0.09003034186945662,0.09003034186945666,0.09003034186945667,0.09003034186945666,0.09003034186945667,0.09003034186945662,0.09003034186945662,0.09003034186945663,0.09003034186945663,0.09003034186945662,0.0900303418694566,0.09003034186945662,0.09003034186945663,0.09003034186945662,0.09003034186945663,0.09003034186945665,0.09003034186945665,0.09003034186945665,0.09003034186945662,0.0900303418694566,0.09003034186945662,0.09003034186945662,0.09003034186945662,0.09003034186945662,0.09003034186945659,0.09003034186945665,0.09003034186945663,0.09003034186945663,0.09003034186945663,0.0900303418694566,0.09003034186945662,0.09003034186945663,0.09003034186945665,0.09003034186945662,0.09003034186945663,0.09003034186945666,0.09003034186945665,0.09003034186945662,0.0900303418694566,0.0900303418694566,0.09003034186945662,0.09003034186945666,0.09003034186945662,0.09003034186945662,0.09003034186945663,0.09003034186945662,0.09003034186945665,0.09003034186945662,0.09003034186945665,0.09003034186945665,0.09003034186945662,0.0900303418694566,0.09003034186945665,0.09003034186945662,0.09003034186945665,0.09003034186945663,0.09003034186945666,0.09003034186945663,0.09003034186945662,0.09003034186945662,0.09003034186945665,0.09003034186945665,0.09003034186945665,0.09003034186945665,0.09003034186945667,0.09003034186945662,0.09003034186945663,0.09003034186945662,0.09003034186945665,0.09003034186945665,0.09003034186945667,0.09003034186945667,0.09003034186945665,0.09003034186945666,0.09003034186945663,0.09003034186945662,0.09003034186945662,0.09003034186945665,0.09003034186945665,0.09003034186945667,0.09003034186945666,0.09003034186945662,0.09003034186945665,0.09003034186945662,0.09003034186945665,0.09003034186945667,0.09003034186945667,0.09003034186945669,0.09003034186945666,0.09003034186945667,0.09003034186945667,0.09003034186945666,0.09003034186945669,0.09003034186945667,0.09003034186945667,0.09003034186945665,0.09003034186945667,0.09003034186945666,0.09003034186945667,0.09003034186945663,0.09003034186945666,0.09003034186945667,0.09003034186945665,0.09003034186945665,0.09003034186945665,0.09003034186945666,0.09003034186945665,0.09003034186945666,0.09003034186945663,0.09003034186945666,0.09003034186945665,0.09003034186945665,0.09003034186945667,0.09003034186945666,0.09003034186945663,0.09003034186945665,0.09003034186945663,0.09003034186945665,0.09003034186945667,0.09003034186945663,0.09003034186945669,0.09003034186945667,0.09003034186945662,0.09003034186945667,0.09003034186945662,0.09003034186945665,0.09003034186945666,0.09003034186945663,0.09003034186945665,0.09003034186945666,0.09003034186945667,0.09003034186945667,0.09003034186945666,0.09003034186945663,0.09003034186945665,0.09003034186945666,0.09003034186945666,0.09003034186945665,0.09003034186945667,0.09003034186945666,0.09003034186945666,0.09003034186945666,0.09003034186945665,0.09003034186945665,0.09003034186945667,0.09003034186945665,0.09003034186945667,0.09003034186945665,0.09003034186945665,0.09003034186945667,0.09003034186945666,0.09003034186945665,0.09003034186945665,0.09003034186945665,0.09003034186945666,0.09003034186945666,0.09003034186945669,0.09003034186945663,0.09003034186945662,0.09003034186945663,0.09003034186945665,0.09003034186945666,0.09003034186945665,0.09003034186945667,0.09003034186945665,0.09003034186945666,0.0900303418694566,0.09003034186945666,0.09003034186945662,0.09003034186945667,0.09003034186945662,0.09003034186945666,0.09003034186945665,0.09003034186945666,0.09003034186945666,0.09003034186945663,0.09003034186945665,0.09003034186945665,0.09003034186945665,0.09003034186945669,0.09003034186945665,0.09003034186945666,0.09003034186945665,0.09003034186945666,0.09003034186945662,0.09003034186945665,0.0900303418694567,0.09003034186945667,0.09003034186945669,0.09003034186945665,0.09003034186945667,0.09003034186945665,0.09003034186945665,0.09003034186945665,0.09003034186945667,0.09003034186945665,0.09003034186945665,0.09003034186945665,0.09003034186945662,0.09003034186945663,0.09003034186945665,0.09003034186945662,0.09003034186945658,0.09003034186945659,0.09003034186945662,0.09003034186945662,0.09003034186945662,0.09003034186945663,0.09003034186945659,0.0900303418694566,0.09003034186945659,0.09003034186945658,0.09003034186945658,0.09003034186945659,0.09003034186945662,0.09003034186945658,0.0900303418694566,0.0900303418694566,0.0900303418694566,0.09003034186945659,0.09003034186945659,0.09003034186945662,0.09003034186945662,0.09003034186945658,0.09003034186945659,0.0900303418694566,0.09003034186945659,0.09003034186945655,0.09003034186945659,0.09003034186945659,0.0900303418694566,0.0900303418694566,0.09003034186945658,0.09003034186945659,0.09003034186945658,0.09003034186945655,0.09003034186945658,0.09003034186945659,0.09003034186945659,0.09003034186945659,0.09003034186945659,0.09003034186945659,0.09003034186945659,0.09003034186945662,0.09003034186945658,0.09003034186945659,0.09003034186945658,0.0900303418694566,0.0900303418694566,0.09003034186945658,0.0900303418694566,0.09003034186945659,0.09003034186945659,0.09003034186945656,0.09003034186945659,0.09003034186945659,0.09003034186945659,0.09003034186945658,0.0900303418694566,0.09003034186945659,0.09003034186945658,0.0900303418694566,0.09003034186945659,0.09003034186945658,0.09003034186945659,0.09003034186945659,0.0900303418694566,0.09003034186945659,0.09003034186945659,0.09003034186945659,0.09003034186945659,0.09003034186945659,0.09003034186945658,0.09003034186945658,0.09003034186945659,0.09003034186945659,0.0900303418694566,0.09003034186945663,0.09003034186945662,0.0900303418694566,0.09003034186945659,0.09003034186945663,0.09003034186945656,0.09003034186945659,0.09003034186945659,0.09003034186945659,0.0900303418694566,0.09003034186945659,0.0900303418694566,0.09003034186945658,0.0900303418694566,0.09003034186945655,0.09003034186945656,0.09003034186945659,0.09003034186945653,0.09003034186945658,0.09003034186945659,0.09003034186945655,0.09003034186945655,0.09003034186945659,0.09003034186945659,0.09003034186945658,0.09003034186945653,0.09003034186945653,0.09003034186945655,0.09003034186945658,0.09003034186945656,0.09003034186945655,0.09003034186945653,0.0900303418694565,0.0900303418694565,0.0900303418694565,0.09003034186945653,0.0900303418694565,0.0900303418694565,0.0900303418694565,0.09003034186945646,0.09003034186945649,0.0900303418694565,0.0900303418694565,0.09003034186945645,0.09003034186945648,0.09003034186945645,0.09003034186945646,0.09003034186945648,0.09003034186945648,0.09003034186945648,0.09003034186945645,0.09003034186945649,0.09003034186945646,0.09003034186945646,0.09003034186945648,0.09003034186945648,0.09003034186945648,0.09003034186945648,0.09003034186945645,0.09003034186945644,0.09003034186945646,0.09003034186945653,0.09003034186945646,0.09003034186945653,0.09003034186945655,0.09003034186945653,0.09003034186945652,0.09003034186945653,0.09003034186945652,0.09003034186945642,0.09003034186945648,0.09003034186945646,0.0900303418694565,0.09003034186945649,0.09003034186945649,0.0900303418694565,0.09003034186945645,0.09003034186945653,0.0900303418694565,0.09003034186945652,0.09003034186945652,0.0900303418694565,0.09003034186945652,0.09003034186945648,0.0900303418694565,0.09003034186945649,0.0900303418694565,0.09003034186945648,0.09003034186945649,0.09003034186945652,0.0900303418694565,0.0900303418694565,0.0900303418694565,0.09003034186945649,0.09003034186945649,0.09003034186945649,0.0900303418694565,0.0900303418694565,0.09003034186945652,0.09003034186945649,0.0900303418694565,0.09003034186945653,0.0900303418694565,0.0900303418694565,0.09003034186945653,0.0900303418694565,0.0900303418694565,0.0900303418694565,0.09003034186945652,0.0900303418694565,0.0900303418694565,0.09003034186945649,0.0900303418694565,0.09003034186945653,0.09003034186945649,0.0900303418694565,0.09003034186945653,0.09003034186945653,0.0900303418694565,0.09003034186945655,0.09003034186945652,0.0900303418694565,0.0900303418694565,0.09003034186945648,0.09003034186945645,0.09003034186945649,0.09003034186945648,0.09003034186945649,0.0900303418694565,0.09003034186945648,0.09003034186945646,0.09003034186945648,0.09003034186945648,0.09003034186945648,0.09003034186945645,0.09003034186945648,0.0900303418694565,0.09003034186945649,0.09003034186945648,0.09003034186945648,0.09003034186945648,0.09003034186945648,0.09003034186945648,0.09003034186945648,0.09003034186945648,0.09003034186945645,0.09003034186945669,0.0900303418694566,0.09003034186945659,0.09003034186945662,0.09003034186945662,0.09003034186945662,0.09003034186945659,0.09003034186945662,0.09003034186945658,0.09003034186945659,0.09003034186945659,0.0900303418694566,0.09003034186945658,0.09003034186945662,0.0900303418694566,0.0900303418694566,0.0900303418694566,0.09003034186945659,0.09003034186945662,0.0900303418694566,0.09003034186945662,0.09003034186945659,0.09003034186945662,0.09003034186945663,0.09003034186945663,0.09003034186945662,0.09003034186945659,0.0900303418694566,0.09003034186945663,0.0900303418694566,0.09003034186945662,0.09003034186945659,0.0900303418694566,0.09003034186945662,0.09003034186945662,0.0900303418694566,0.0900303418694566,0.09003034186945663,0.09003034186945662,0.09003034186945662,0.0900303418694566,0.09003034186945662,0.09003034186945663,0.09003034186945659,0.09003034186945662,0.0900303418694566,0.09003034186945663,0.09003034186945658,0.09003034186945658,0.09003034186945662,0.09003034186945662,0.09003034186945659,0.09003034186945662,0.0900303418694566,0.09003034186945665,0.09003034186945662,0.09003034186945663,0.0900303418694566,0.09003034186945663,0.0900303418694566,0.09003034186945659,0.09003034186945662,0.0900303418694566,0.09003034186945662,0.09003034186945659,0.09003034186945663,0.09003034186945662,0.09003034186945659,0.09003034186945662,0.09003034186945662,0.09003034186945658,0.09003034186945658,0.0900303418694566,0.09003034186945658,0.09003034186945658,0.09003034186945659,0.09003034186945658,0.0900303418694566,0.09003034186945659,0.09003034186945659,0.09003034186945659,0.09003034186945659,0.09003034186945658,0.09003034186945658,0.09003034186945659,0.09003034186945658,0.09003034186945656,0.09003034186945658,0.09003034186945659,0.09003034186945659,0.09003034186945655,0.09003034186945658,0.09003034186945656,0.09003034186945658,0.09003034186945656,0.09003034186945659,0.09003034186945659,0.09003034186945658,0.09003034186945658,0.09003034186945655,0.09003034186945656,0.09003034186945658,0.09003034186945656,0.09003034186945659,0.09003034186945653,0.09003034186945653,0.09003034186945658,0.09003034186945658,0.09003034186945656,0.09003034186945655,0.09003034186945653,0.09003034186945658,0.09003034186945658,0.09003034186945655,0.09003034186945656,0.09003034186945659,0.09003034186945658,0.09003034186945656,0.09003034186945659,0.09003034186945659,0.09003034186945658,0.09003034186945658,0.09003034186945659,0.09003034186945659,0.09003034186945658,0.09003034186945658,0.09003034186945659,0.09003034186945658,0.09003034186945659,0.09003034186945658,0.09003034186945659,0.09003034186945659,0.09003034186945659,0.09003034186945659,0.09003034186945658,0.09003034186945659,0.09003034186945656,0.09003034186945656,0.09003034186945656,0.09003034186945659,0.09003034186945659,0.09003034186945656,0.09003034186945659,0.09003034186945658,0.09003034186945656,0.09003034186945659,0.09003034186945656,0.09003034186945665,0.09003034186945659,0.09003034186945659,0.09003034186945658,0.09003034186945659,0.09003034186945658,0.09003034186945658,0.09003034186945658,0.09003034186945655,0.09003034186945655,0.09003034186945659,0.0900303418694566,0.09003034186945659,0.09003034186945655,0.09003034186945656,0.09003034186945656,0.09003034186945658,0.09003034186945655,0.09003034186945656,0.09003034186945656,0.09003034186945658,0.09003034186945656,0.09003034186945656,0.09003034186945656,0.09003034186945659,0.09003034186945655,0.09003034186945656,0.09003034186945656,0.09003034186945658,0.09003034186945656,0.09003034186945655,0.09003034186945655,0.09003034186945656,0.09003034186945656,0.09003034186945655,0.09003034186945659,0.09003034186945659,0.09003034186945653,0.09003034186945635,0.09003034186945633,0.09003034186945631,0.09003034186945631,0.0900303418694563,0.09003034186945628,0.09003034186945628,0.09003034186945628,0.09003034186945633,0.09003034186945633,0.0900303418694563,0.09003034186945631,0.0900303418694563,0.09003034186945633,0.09003034186945631,0.09003034186945628,0.09003034186945628,0.0900303418694563,0.09003034186945628,0.09003034186945633,0.09003034186945633,0.0900303418694563,0.0900303418694563,0.09003034186945628,0.09003034186945631,0.0900303418694563,0.0900303418694563,0.09003034186945633,0.09003034186945628,0.0900303418694563,0.09003034186945631,0.0900303418694563,0.09003034186945633,0.0900303418694563,0.09003034186945633,0.09003034186945631,0.09003034186945634,0.09003034186945635,0.09003034186945633,0.09003034186945634,0.09003034186945633,0.0900303418694563,0.09003034186945631,0.09003034186945628,0.09003034186945635,0.09003034186945634,0.09003034186945631,0.09003034186945633,0.09003034186945631,0.09003034186945631,0.0900303418694563,0.09003034186945631,0.09003034186945634,0.09003034186945637,0.09003034186945634,0.09003034186945634,0.09003034186945634,0.09003034186945635,0.09003034186945634,0.09003034186945631,0.09003034186945631,0.09003034186945634,0.09003034186945634,0.09003034186945635,0.09003034186945633,0.09003034186945635,0.09003034186945634,0.0900303418694563,0.09003034186945637,0.09003034186945634,0.09003034186945631,0.09003034186945634,0.09003034186945634,0.09003034186945634,0.09003034186945628,0.09003034186945634,0.09003034186945631,0.09003034186945631,0.09003034186945633,0.09003034186945634,0.09003034186945634,0.09003034186945633,0.09003034186945633,0.09003034186945631,0.09003034186945634,0.09003034186945635,0.0900303418694563,0.09003034186945634,0.09003034186945633,0.0900303418694563,0.09003034186945633,0.09003034186945633,0.09003034186945631,0.09003034186945631,0.09003034186945633,0.09003034186945631,0.09003034186945634,0.09003034186945634,0.09003034186945634,0.09003034186945634,0.09003034186945633,0.09003034186945635,0.09003034186945633,0.09003034186945633,0.09003034186945631,0.09003034186945634,0.09003034186945634,0.09003034186945633,0.09003034186945634,0.09003034186945634,0.09003034186945633,0.09003034186945634,0.09003034186945633,0.09003034186945634,0.09003034186945634,0.09003034186945633,0.09003034186945634,0.09003034186945631,0.09003034186945634,0.09003034186945633,0.09003034186945634,0.09003034186945635,0.09003034186945635,0.09003034186945635,0.09003034186945634,0.09003034186945637,0.09003034186945634,0.09003034186945637,0.09003034186945635,0.09003034186945634,0.09003034186945634,0.09003034186945633,0.09003034186945634,0.09003034186945633,0.09003034186945635,0.09003034186945635,0.09003034186945635,0.09003034186945634,0.09003034186945637,0.09003034186945635,0.09003034186945634,0.09003034186945634,0.09003034186945638,0.09003034186945637,0.09003034186945637,0.09003034186945637,0.09003034186945635,0.09003034186945634,0.09003034186945635,0.09003034186945634,0.09003034186945635,0.09003034186945635,0.09003034186945634,0.09003034186945641,0.09003034186945634,0.09003034186945634,0.09003034186945634,0.09003034186945635,0.09003034186945634,0.09003034186945634,0.09003034186945635,0.09003034186945635,0.09003034186945634,0.09003034186945634,0.09003034186945635,0.09003034186945635,0.09003034186945635,0.09003034186945634,0.09003034186945634,0.09003034186945634,0.09003034186945634,0.09003034186945635,0.09003034186945635,0.09003034186945634,0.09003034186945633,0.09003034186945635,0.09003034186945638,0.09003034186945637,0.09003034186945634,0.09003034186945634,0.09003034186945631,0.09003034186945633,0.09003034186945633,0.09003034186945635,0.09003034186945634,0.09003034186945634,0.09003034186945635,0.09003034186945634,0.09003034186945634,0.09003034186945634,0.09003034186945634,0.09003034186945634,0.09003034186945635,0.09003034186945634,0.09003034186945634,0.09003034186945635,0.09003034186945635,0.09003034186945634,0.09003034186945635,0.09003034186945634,0.09003034186945634,0.09003034186945631,0.09003034186945633,0.09003034186945637,0.09003034186945635,0.09003034186945633,0.09003034186945627,0.09003034186945623,0.09003034186945628,0.09003034186945628,0.0900303418694563,0.0900303418694563,0.09003034186945631,0.09003034186945627,0.09003034186945631,0.09003034186945631,0.09003034186945631,0.09003034186945631,0.09003034186945628,0.09003034186945633,0.09003034186945631,0.09003034186945631,0.09003034186945634,0.09003034186945634,0.09003034186945635,0.09003034186945637,0.09003034186945634,0.09003034186945637,0.09003034186945635,0.09003034186945635,0.09003034186945637,0.09003034186945634,0.09003034186945635,0.09003034186945634,0.09003034186945633,0.09003034186945634,0.09003034186945635,0.09003034186945634,0.09003034186945633,0.09003034186945634,0.09003034186945631,0.09003034186945628,0.09003034186945631,0.09003034186945634,0.09003034186945634,0.0900303418694563,0.09003034186945634,0.09003034186945634,0.09003034186945634,0.09003034186945634,0.09003034186945627,0.0900303418694563,0.09003034186945628,0.09003034186945631,0.09003034186945633,0.09003034186945634,0.0900303418694563,0.0900303418694563,0.0900303418694563,0.09003034186945634,0.09003034186945631,0.09003034186945633,0.09003034186945631,0.09003034186945631,0.09003034186945631,0.09003034186945631,0.0900303418694563,0.09003034186945631,0.09003034186945631,0.09003034186945633,0.09003034186945634,0.09003034186945634,0.09003034186945634,0.0900303418694563,0.09003034186945634,0.09003034186945634,0.09003034186945634,0.09003034186945633,0.0900303418694563,0.09003034186945634,0.09003034186945633,0.09003034186945631,0.09003034186945631,0.09003034186945633,0.09003034186945633,0.09003034186945633,0.09003034186945631,0.0900303418694563,0.0900303418694563,0.09003034186945627,0.09003034186945628,0.09003034186945631,0.09003034186945631,0.0900303418694563,0.09003034186945628,0.09003034186945627,0.09003034186945628,0.0900303418694563,0.0900303418694563,0.09003034186945627,0.09003034186945628,0.09003034186945627,0.09003034186945626,0.09003034186945628,0.09003034186945631,0.0900303418694563,0.09003034186945628,0.09003034186945628,0.0900303418694563,0.0900303418694563,0.09003034186945628,0.0900303418694563,0.0900303418694563,0.09003034186945631,0.09003034186945631,0.09003034186945631,0.0900303418694563,0.09003034186945628,0.0900303418694563,0.0900303418694563,0.09003034186945634,0.09003034186945631,0.09003034186945631,0.09003034186945626,0.0900303418694563,0.0900303418694563,0.09003034186945631,0.09003034186945628,0.09003034186945628,0.09003034186945628,0.0900303418694563,0.09003034186945626,0.09003034186945633,0.0900303418694563,0.0900303418694563,0.09003034186945628,0.09003034186945628,0.09003034186945627,0.09003034186945628,0.0900303418694563,0.09003034186945628,0.09003034186945628,0.09003034186945627,0.09003034186945628,0.0900303418694563,0.0900303418694563,0.0900303418694563,0.09003034186945627,0.0900303418694563,0.09003034186945627,0.09003034186945626,0.0900303418694563,0.09003034186945626,0.09003034186945628,0.09003034186945627,0.09003034186945627,0.09003034186945627,0.09003034186945624,0.09003034186945631,0.09003034186945633,0.0900303418694563,0.0900303418694563,0.0900303418694563,0.09003034186945631,0.09003034186945633,0.09003034186945628,0.0900303418694563,0.0900303418694563,0.09003034186945628,0.09003034186945628,0.09003034186945634,0.0900303418694563,0.0900303418694563,0.09003034186945631,0.09003034186945635,0.09003034186945628,0.09003034186945628,0.0900303418694563,0.0900303418694563,0.0900303418694563,0.09003034186945634,0.09003034186945631,0.09003034186945634,0.09003034186945633,0.09003034186945634,0.09003034186945633,0.09003034186945633,0.09003034186945635,0.09003034186945634,0.09003034186945633,0.09003034186945634,0.09003034186945634,0.09003034186945637,0.09003034186945635,0.09003034186945634,0.09003034186945634,0.09003034186945633,0.09003034186945635,0.09003034186945633,0.09003034186945633,0.09003034186945634,0.09003034186945634,0.09003034186945634,0.09003034186945631,0.09003034186945634,0.09003034186945633,0.09003034186945635,0.09003034186945634,0.09003034186945635,0.09003034186945634,0.09003034186945635,0.09003034186945631,0.09003034186945633,0.09003034186945635,0.09003034186945634,0.09003034186945635,0.09003034186945634,0.09003034186945638,0.09003034186945634,0.09003034186945631,0.09003034186945634,0.09003034186945633,0.09003034186945633,0.09003034186945634,0.09003034186945634,0.09003034186945635,0.09003034186945634,0.09003034186945635,0.09003034186945634,0.09003034186945637,0.09003034186945635,0.09003034186945634,0.09003034186945635,0.09003034186945633,0.09003034186945631,0.09003034186945633,0.09003034186945631,0.09003034186945631,0.09003034186945631,0.09003034186945635,0.09003034186945631,0.0900303418694564,0.09003034186945638,0.09003034186945638,0.09003034186945637,0.09003034186945633,0.09003034186945634,0.09003034186945635,0.09003034186945635,0.09003034186945637,0.09003034186945634,0.09003034186945631,0.09003034186945634,0.09003034186945634,0.09003034186945634,0.09003034186945634,0.09003034186945637,0.09003034186945637,0.09003034186945637,0.09003034186945633,0.09003034186945635,0.09003034186945634,0.09003034186945637,0.09003034186945637,0.09003034186945635,0.09003034186945634,0.09003034186945637,0.09003034186945634,0.09003034186945635,0.09003034186945634,0.09003034186945637,0.09003034186945635,0.09003034186945635,0.09003034186945637,0.09003034186945637,0.09003034186945637,0.09003034186945638,0.09003034186945635,0.09003034186945635,0.09003034186945634,0.09003034186945635,0.09003034186945635,0.09003034186945637,0.09003034186945634,0.09003034186945637,0.09003034186945637,0.09003034186945637,0.09003034186945638,0.09003034186945637,0.09003034186945634,0.09003034186945637,0.09003034186945634,0.09003034186945635,0.09003034186945635,0.09003034186945635,0.09003034186945637,0.09003034186945635,0.09003034186945635,0.09003034186945634,0.09003034186945635,0.09003034186945637,0.09003034186945638,0.09003034186945635,0.09003034186945634,0.09003034186945634,0.09003034186945634,0.09003034186945634,0.09003034186945637,0.09003034186945635,0.09003034186945635,0.09003034186945637,0.09003034186945634,0.0900303418694564,0.09003034186945634,0.09003034186945638,0.09003034186945637,0.09003034186945634,0.09003034186945638,0.09003034186945631,0.09003034186945637,0.09003034186945637,0.09003034186945637,0.09003034186945635,0.09003034186945638,0.09003034186945637,0.09003034186945637,0.09003034186945637,0.0900303418694564,0.09003034186945638,0.09003034186945637,0.09003034186945642,0.09003034186945638,0.09003034186945637,0.09003034186945638,0.09003034186945637,0.09003034186945641,0.09003034186945642,0.09003034186945637,0.09003034186945641,0.09003034186945642,0.09003034186945637,0.09003034186945642,0.09003034186945638,0.09003034186945641,0.09003034186945637,0.09003034186945642,0.09003034186945642,0.09003034186945644,0.09003034186945638,0.09003034186945642,0.09003034186945638,0.09003034186945642,0.09003034186945642,0.09003034186945637,0.09003034186945642,0.09003034186945641,0.09003034186945637,0.09003034186945637,0.09003034186945642,0.09003034186945638,0.09003034186945641,0.09003034186945642,0.09003034186945638,0.09003034186945641,0.09003034186945638,0.09003034186945642,0.09003034186945642,0.09003034186945637,0.09003034186945644,0.0900303418694564,0.09003034186945638,0.09003034186945637,0.09003034186945641,0.09003034186945637,0.09003034186945642,0.09003034186945644,0.0900303418694564,0.09003034186945645,0.0900303418694564,0.09003034186945645,0.0900303418694564,0.09003034186945645,0.0900303418694564,0.09003034186945644,0.09003034186945645,0.0900303418694564,0.0900303418694564,0.09003034186945635,0.0900303418694564,0.0900303418694564,0.0900303418694564,0.0900303418694564,0.09003034186945645,0.09003034186945642,0.09003034186945642,0.09003034186945648,0.09003034186945644,0.0900303418694564,0.09003034186945645,0.09003034186945645,0.09003034186945645,0.09003034186945641,0.09003034186945641,0.09003034186945642,0.09003034186945644,0.09003034186945642,0.09003034186945642,0.09003034186945642,0.09003034186945641,0.09003034186945644,0.09003034186945642,0.09003034186945649,0.0900303418694564,0.09003034186945645,0.09003034186945645,0.09003034186945642,0.09003034186945645,0.09003034186945645,0.0900303418694564,0.09003034186945642,0.09003034186945641,0.09003034186945645,0.0900303418694564,0.09003034186945644,0.0900303418694564,0.09003034186945642,0.09003034186945641,0.09003034186945642,0.09003034186945642,0.09003034186945638,0.09003034186945642,0.0900303418694564,0.09003034186945644,0.09003034186945641,0.09003034186945642,0.09003034186945644,0.09003034186945642,0.09003034186945641,0.09003034186945642,0.09003034186945642,0.09003034186945642,0.09003034186945644,0.09003034186945648,0.09003034186945642,0.09003034186945641,0.09003034186945642,0.09003034186945642,0.0900303418694564,0.09003034186945644,0.09003034186945642,0.09003034186945642,0.09003034186945644,0.09003034186945642,0.09003034186945644,0.09003034186945642,0.09003034186945642,0.09003034186945642,0.09003034186945649,0.09003034186945644,0.09003034186945645,0.09003034186945644,0.09003034186945645,0.09003034186945645,0.0900303418694564,0.09003034186945644,0.09003034186945644,0.09003034186945641,0.09003034186945644,0.09003034186945645,0.09003034186945642,0.09003034186945642,0.09003034186945642,0.09003034186945642,0.09003034186945641,0.09003034186945644,0.09003034186945642,0.09003034186945637,0.09003034186945642,0.09003034186945638,0.09003034186945641,0.09003034186945638,0.09003034186945642,0.09003034186945641,0.09003034186945638,0.09003034186945642,0.09003034186945638,0.0900303418694564,0.09003034186945644,0.09003034186945638,0.0900303418694564,0.09003034186945641,0.09003034186945635,0.09003034186945641,0.0900303418694564,0.09003034186945641,0.09003034186945638,0.09003034186945638,0.0900303418694564,0.0900303418694564,0.09003034186945637,0.09003034186945642,0.09003034186945642,0.0900303418694564,0.09003034186945641,0.0900303418694564,0.09003034186945638,0.09003034186945642,0.09003034186945644,0.09003034186945641,0.0900303418694564,0.09003034186945637,0.09003034186945635,0.09003034186945638,0.09003034186945638,0.09003034186945638,0.0900303418694564,0.0900303418694564,0.09003034186945641,0.0900303418694564,0.09003034186945638,0.09003034186945637,0.09003034186945637,0.09003034186945638,0.09003034186945638,0.09003034186945638,0.09003034186945638,0.09003034186945637,0.09003034186945638,0.0900303418694564,0.09003034186945641,0.09003034186945638,0.0900303418694564,0.09003034186945642,0.09003034186945638,0.0900303418694564,0.09003034186945638,0.09003034186945637,0.0900303418694564,0.0900303418694564,0.09003034186945637,0.09003034186945641,0.0900303418694564,0.09003034186945642,0.0900303418694564,0.0900303418694564,0.09003034186945642,0.09003034186945642,0.0900303418694564,0.09003034186945638,0.09003034186945638,0.0900303418694564,0.09003034186945637,0.09003034186945638,0.09003034186945641,0.0900303418694564,0.0900303418694564,0.09003034186945637,0.09003034186945638,0.09003034186945638,0.0900303418694564,0.09003034186945637,0.0900303418694564,0.09003034186945637,0.09003034186945638,0.09003034186945637,0.09003034186945637,0.09003034186945638,0.09003034186945638,0.09003034186945637,0.09003034186945637,0.09003034186945637,0.09003034186945638,0.09003034186945638,0.09003034186945638,0.0900303418694564,0.09003034186945637,0.09003034186945641,0.0900303418694564,0.09003034186945635,0.09003034186945638,0.09003034186945637,0.09003034186945637,0.09003034186945638,0.09003034186945637,0.09003034186945638,0.09003034186945638,0.09003034186945638,0.09003034186945637,0.09003034186945637,0.09003034186945637,0.09003034186945638,0.09003034186945637,0.09003034186945637,0.09003034186945633,0.09003034186945634,0.09003034186945635,0.09003034186945635,0.09003034186945635,0.09003034186945638,0.09003034186945635,0.09003034186945638,0.09003034186945644,0.09003034186945634,0.09003034186945641,0.09003034186945638,0.09003034186945637,0.0900303418694564,0.09003034186945637,0.09003034186945637,0.09003034186945637,0.09003034186945637,0.09003034186945637,0.09003034186945633,0.09003034186945635,0.09003034186945638,0.09003034186945637,0.09003034186945634,0.09003034186945637,0.09003034186945634,0.09003034186945635,0.09003034186945634,0.09003034186945633,0.09003034186945633,0.09003034186945634,0.09003034186945635,0.09003034186945631,0.09003034186945631,0.09003034186945631,0.0900303418694563,0.0900303418694563,0.09003034186945631,0.09003034186945631,0.09003034186945633,0.09003034186945631,0.09003034186945628,0.09003034186945634,0.09003034186945631,0.09003034186945644,0.09003034186945637,0.09003034186945637,0.09003034186945637,0.09003034186945638,0.09003034186945642,0.09003034186945641,0.09003034186945637,0.09003034186945638,0.09003034186945638,0.09003034186945638,0.09003034186945638,0.09003034186945638,0.09003034186945638,0.09003034186945637,0.09003034186945638,0.09003034186945638,0.09003034186945638,0.09003034186945637,0.0900303418694564,0.09003034186945638,0.09003034186945638,0.0900303418694564,0.0900303418694564,0.09003034186945638,0.09003034186945638,0.0900303418694564,0.09003034186945638,0.09003034186945637,0.09003034186945642,0.09003034186945635,0.09003034186945637,0.09003034186945638,0.0900303418694564,0.09003034186945641,0.0900303418694564,0.0900303418694564,0.0900303418694564,0.09003034186945637,0.09003034186945634,0.09003034186945638,0.0900303418694564,0.09003034186945635,0.09003034186945638,0.09003034186945635,0.09003034186945637,0.09003034186945637,0.09003034186945637,0.09003034186945637,0.09003034186945637,0.09003034186945634,0.09003034186945634,0.09003034186945637,0.09003034186945634,0.09003034186945638,0.09003034186945637,0.09003034186945637,0.09003034186945641,0.09003034186945638,0.09003034186945635,0.09003034186945638,0.09003034186945638,0.09003034186945642,0.09003034186945642,0.09003034186945638,0.09003034186945638,0.09003034186945637,0.09003034186945637,0.0900303418694564,0.09003034186945646,0.09003034186945642,0.0900303418694564,0.0900303418694564,0.09003034186945638,0.09003034186945637,0.09003034186945638,0.0900303418694564,0.09003034186945628,0.09003034186945631,0.09003034186945634,0.0900303418694563,0.0900303418694563,0.09003034186945637,0.09003034186945634,0.09003034186945635,0.09003034186945634,0.09003034186945634,0.09003034186945635,0.09003034186945634,0.09003034186945635,0.09003034186945637,0.09003034186945637,0.09003034186945634,0.09003034186945633,0.09003034186945631,0.09003034186945635,0.09003034186945633,0.09003034186945634,0.09003034186945634,0.09003034186945635,0.09003034186945634,0.09003034186945634,0.09003034186945631,0.09003034186945631,0.0900303418694563,0.0900303418694563,0.09003034186945634,0.09003034186945631,0.09003034186945626,0.09003034186945631,0.0900303418694563,0.0900303418694563,0.09003034186945633,0.09003034186945633,0.09003034186945631,0.09003034186945631,0.09003034186945631,0.09003034186945633,0.09003034186945628,0.09003034186945631,0.09003034186945631,0.09003034186945634,0.09003034186945633,0.09003034186945634,0.09003034186945631,0.09003034186945634,0.09003034186945631,0.09003034186945634,0.09003034186945635,0.09003034186945635,0.09003034186945634,0.09003034186945634,0.09003034186945631,0.09003034186945638,0.09003034186945637,0.09003034186945635,0.09003034186945637,0.09003034186945635,0.09003034186945634,0.09003034186945619,0.09003034186945633,0.09003034186945633,0.09003034186945637,0.09003034186945633,0.09003034186945634,0.09003034186945635,0.09003034186945634,0.09003034186945634,0.09003034186945634,0.09003034186945635,0.09003034186945642,0.09003034186945635,0.09003034186945635,0.09003034186945635,0.09003034186945637,0.09003034186945638,0.09003034186945633,0.09003034186945635,0.09003034186945644,0.09003034186945642,0.09003034186945641,0.09003034186945642,0.09003034186945642,0.0900303418694564,0.09003034186945641,0.09003034186945641,0.0900303418694564,0.09003034186945638,0.0900303418694564,0.09003034186945637,0.09003034186945634,0.09003034186945642,0.09003034186945641,0.0900303418694564,0.0900303418694564,0.09003034186945638,0.09003034186945637,0.09003034186945638,0.09003034186945637,0.09003034186945638,0.0900303418694564,0.09003034186945638,0.09003034186945638,0.09003034186945638,0.09003034186945644,0.09003034186945642,0.09003034186945642,0.09003034186945648,0.09003034186945646,0.09003034186945648,0.09003034186945648,0.09003034186945646,0.09003034186945645,0.09003034186945646,0.09003034186945648,0.0900303418694565,0.09003034186945652,0.0900303418694565,0.09003034186945649,0.09003034186945649,0.09003034186945648,0.09003034186945649,0.0900303418694565,0.0900303418694565,0.09003034186945649,0.0900303418694565,0.09003034186945644,0.09003034186945652,0.0900303418694565,0.0900303418694565,0.0900303418694565,0.0900303418694565,0.0900303418694565,0.0900303418694565,0.09003034186945653,0.09003034186945655,0.0900303418694565,0.09003034186945652,0.09003034186945653,0.09003034186945653,0.09003034186945653,0.0900303418694565,0.09003034186945655,0.09003034186945649,0.09003034186945652,0.09003034186945655,0.09003034186945653,0.09003034186945652,0.0900303418694565,0.09003034186945649,0.09003034186945652,0.0900303418694565,0.09003034186945648,0.09003034186945649,0.09003034186945649,0.0900303418694565,0.0900303418694565,0.09003034186945649,0.09003034186945648,0.0900303418694565,0.09003034186945649,0.0900303418694565,0.0900303418694565,0.09003034186945648,0.0900303418694565,0.09003034186945649,0.09003034186945648,0.0900303418694565,0.09003034186945649,0.09003034186945649,0.0900303418694565,0.09003034186945648,0.0900303418694565,0.0900303418694565,0.09003034186945648,0.09003034186945648,0.0900303418694565,0.09003034186945648,0.09003034186945648,0.0900303418694565,0.0900303418694565,0.0900303418694565,0.09003034186945649,0.09003034186945649,0.0900303418694565,0.09003034186945648,0.09003034186945648,0.09003034186945648,0.09003034186945648,0.09003034186945648,0.0900303418694565,0.0900303418694565,0.09003034186945652,0.09003034186945652,0.0900303418694565,0.09003034186945652,0.0900303418694565,0.09003034186945653,0.09003034186945653,0.09003034186945653,0.0900303418694565,0.09003034186945653,0.0900303418694565,0.09003034186945652,0.0900303418694565,0.09003034186945649,0.09003034186945653,0.09003034186945652,0.0900303418694565,0.0900303418694565,0.09003034186945653,0.09003034186945652,0.09003034186945642,0.0900303418694565,0.0900303418694565,0.09003034186945645,0.0900303418694565,0.0900303418694565,0.09003034186945642,0.09003034186945645,0.09003034186945645,0.09003034186945645,0.09003034186945646,0.09003034186945649,0.09003034186945648,0.09003034186945645,0.09003034186945645,0.09003034186945645,0.09003034186945644,0.09003034186945645,0.09003034186945644,0.09003034186945648,0.09003034186945646,0.09003034186945645,0.09003034186945648,0.09003034186945646,0.09003034186945644,0.09003034186945645,0.09003034186945645,0.09003034186945653,0.0900303418694565,0.09003034186945645,0.09003034186945645,0.09003034186945646,0.09003034186945646,0.09003034186945646,0.09003034186945645,0.09003034186945644,0.09003034186945649,0.09003034186945645,0.09003034186945646,0.09003034186945644,0.09003034186945645,0.0900303418694565,0.09003034186945645,0.09003034186945648,0.09003034186945649,0.09003034186945648,0.09003034186945655,0.09003034186945652,0.09003034186945653,0.0900303418694565,0.0900303418694565,0.09003034186945653,0.09003034186945653,0.09003034186945653,0.0900303418694565,0.0900303418694565,0.09003034186945649,0.0900303418694565,0.0900303418694565,0.0900303418694565,0.0900303418694565,0.09003034186945652,0.09003034186945649,0.09003034186945649,0.0900303418694565,0.09003034186945653,0.09003034186945653,0.09003034186945663,0.09003034186945653,0.09003034186945658,0.09003034186945656,0.09003034186945656,0.0900303418694565,0.09003034186945653,0.0900303418694565,0.09003034186945649,0.0900303418694565,0.0900303418694565,0.09003034186945655,0.09003034186945655,0.09003034186945648,0.0900303418694565,0.09003034186945649,0.0900303418694565,0.0900303418694565,0.09003034186945638,0.09003034186945645,0.09003034186945645,0.09003034186945645,0.09003034186945646,0.09003034186945645,0.09003034186945645,0.09003034186945645,0.09003034186945645,0.09003034186945648,0.09003034186945638,0.09003034186945645,0.09003034186945644,0.09003034186945645,0.09003034186945645,0.09003034186945655,0.09003034186945645,0.09003034186945648,0.09003034186945648,0.09003034186945648,0.09003034186945648,0.09003034186945645,0.09003034186945649,0.0900303418694565,0.0900303418694565,0.0900303418694565,0.09003034186945649,0.09003034186945649,0.09003034186945649,0.0900303418694565,0.09003034186945652,0.09003034186945652,0.0900303418694565,0.0900303418694565,0.0900303418694565,0.0900303418694565,0.0900303418694565,0.09003034186945649,0.09003034186945652,0.09003034186945648,0.09003034186945648,0.09003034186945653,0.09003034186945652,0.09003034186945653,0.0900303418694565,0.09003034186945653,0.09003034186945653,0.09003034186945649,0.09003034186945653,0.09003034186945652,0.09003034186945652,0.09003034186945652,0.0900303418694565,0.0900303418694565,0.0900303418694565,0.09003034186945652,0.09003034186945653,0.09003034186945653,0.09003034186945653,0.09003034186945653,0.0900303418694565,0.0900303418694565,0.09003034186945653,0.0900303418694565,0.09003034186945653,0.09003034186945653,0.0900303418694565,0.0900303418694565,0.0900303418694565,0.09003034186945652,0.0900303418694565,0.09003034186945653,0.0900303418694565,0.0900303418694565,0.0900303418694565,0.0900303418694565,0.09003034186945652,0.09003034186945652,0.09003034186945653,0.0900303418694565,0.0900303418694565,0.09003034186945652,0.0900303418694565,0.0900303418694565,0.09003034186945652,0.09003034186945653,0.09003034186945655,0.09003034186945653,0.0900303418694565,0.09003034186945652,0.09003034186945653,0.09003034186945653,0.09003034186945653,0.09003034186945652,0.09003034186945652,0.0900303418694565,0.09003034186945653,0.09003034186945652,0.09003034186945652,0.09003034186945652,0.09003034186945652,0.09003034186945649,0.09003034186945652,0.0900303418694565,0.09003034186945652,0.09003034186945652,0.09003034186945652,0.0900303418694565,0.09003034186945653,0.09003034186945653,0.09003034186945653,0.09003034186945653,0.09003034186945655,0.09003034186945655,0.09003034186945653,0.09003034186945655,0.0900303418694565,0.09003034186945653,0.09003034186945653,0.09003034186945655,0.09003034186945656,0.09003034186945653,0.09003034186945653,0.09003034186945655,0.09003034186945652,0.0900303418694565,0.0900303418694565,0.09003034186945653,0.09003034186945652,0.0900303418694565,0.09003034186945653,0.0900303418694565,0.09003034186945655,0.09003034186945653,0.09003034186945652,0.09003034186945652,0.09003034186945653,0.0900303418694565,0.09003034186945653,0.09003034186945652,0.09003034186945652,0.09003034186945653,0.09003034186945653,0.09003034186945652,0.0900303418694565,0.09003034186945655,0.09003034186945653,0.0900303418694565,0.0900303418694565,0.09003034186945652,0.0900303418694565,0.09003034186945655,0.0900303418694565,0.0900303418694565,0.09003034186945653,0.09003034186945652,0.09003034186945653,0.09003034186945653,0.09003034186945652,0.0900303418694565,0.09003034186945653,0.09003034186945653,0.09003034186945653,0.09003034186945653,0.09003034186945652,0.09003034186945653,0.09003034186945653,0.0900303418694565,0.09003034186945653,0.0900303418694565,0.09003034186945655,0.09003034186945653,0.09003034186945655,0.09003034186945652,0.09003034186945653,0.09003034186945652,0.09003034186945652,0.09003034186945653,0.09003034186945652,0.09003034186945655,0.09003034186945653,0.09003034186945653,0.09003034186945652,0.09003034186945653,0.09003034186945655,0.09003034186945653,0.09003034186945656,0.09003034186945653,0.09003034186945653,0.09003034186945653,0.09003034186945653,0.09003034186945653,0.09003034186945653,0.09003034186945655,0.09003034186945653,0.09003034186945655,0.0900303418694565,0.09003034186945653,0.09003034186945649,0.09003034186945653,0.09003034186945649,0.09003034186945652,0.09003034186945652,0.09003034186945653,0.09003034186945655,0.09003034186945655,0.09003034186945653,0.09003034186945649,0.0900303418694567,0.09003034186945659,0.09003034186945656,0.09003034186945658,0.09003034186945653,0.09003034186945655,0.09003034186945656,0.09003034186945655,0.09003034186945653,0.09003034186945656,0.09003034186945656,0.09003034186945653,0.09003034186945655,0.09003034186945656,0.09003034186945659,0.09003034186945655,0.09003034186945656,0.09003034186945655,0.09003034186945653,0.09003034186945656,0.09003034186945656,0.09003034186945656,0.09003034186945659,0.09003034186945658,0.09003034186945649,0.0900303418694565,0.09003034186945652,0.09003034186945652,0.09003034186945653,0.09003034186945655,0.09003034186945653,0.09003034186945652,0.09003034186945653,0.09003034186945655,0.09003034186945652,0.0900303418694565,0.09003034186945653,0.09003034186945653,0.09003034186945653,0.0900303418694565,0.0900303418694565,0.09003034186945653,0.09003034186945653,0.09003034186945655,0.09003034186945652,0.0900303418694565,0.09003034186945655,0.09003034186945652,0.09003034186945649,0.09003034186945649,0.09003034186945655,0.09003034186945649,0.09003034186945652,0.09003034186945649,0.0900303418694565,0.0900303418694565,0.09003034186945653,0.09003034186945655,0.09003034186945649,0.0900303418694565,0.09003034186945652,0.09003034186945652,0.0900303418694565,0.09003034186945652,0.09003034186945653,0.09003034186945656,0.09003034186945656,0.09003034186945653,0.09003034186945653,0.09003034186945659,0.09003034186945653,0.09003034186945652,0.09003034186945653,0.09003034186945653,0.09003034186945652,0.09003034186945655,0.09003034186945656,0.09003034186945653,0.09003034186945653,0.09003034186945653,0.09003034186945653,0.09003034186945655,0.09003034186945655,0.09003034186945653,0.09003034186945653,0.09003034186945656,0.09003034186945653,0.09003034186945656,0.09003034186945653,0.09003034186945656,0.09003034186945656,0.09003034186945656,0.09003034186945653,0.09003034186945655,0.09003034186945653,0.09003034186945656,0.09003034186945653,0.09003034186945653,0.09003034186945648,0.09003034186945655,0.0900303418694565,0.09003034186945653,0.09003034186945653,0.09003034186945653,0.09003034186945653,0.09003034186945653,0.09003034186945652,0.09003034186945652,0.09003034186945652,0.09003034186945652,0.09003034186945655,0.09003034186945653,0.0900303418694565,0.09003034186945655,0.09003034186945652,0.09003034186945653,0.09003034186945653,0.09003034186945652,0.09003034186945655,0.09003034186945652,0.09003034186945655,0.09003034186945653,0.09003034186945655,0.09003034186945653,0.09003034186945653,0.09003034186945655,0.09003034186945655,0.09003034186945653,0.09003034186945655,0.09003034186945655,0.09003034186945655,0.09003034186945652,0.09003034186945658,0.09003034186945653,0.09003034186945652,0.09003034186945653,0.09003034186945653,0.09003034186945655,0.09003034186945656,0.09003034186945653,0.09003034186945656,0.09003034186945653,0.09003034186945653,0.09003034186945656,0.09003034186945653,0.09003034186945653,0.09003034186945655,0.09003034186945653,0.0900303418694565,0.09003034186945653,0.09003034186945652,0.0900303418694565,0.09003034186945655,0.09003034186945656,0.09003034186945653,0.09003034186945655,0.09003034186945658,0.09003034186945653,0.09003034186945656,0.09003034186945653,0.09003034186945653,0.09003034186945653,0.09003034186945653,0.0900303418694565,0.09003034186945653,0.09003034186945652,0.09003034186945653,0.09003034186945652,0.09003034186945652,0.09003034186945653,0.09003034186945653,0.09003034186945656,0.0900303418694565,0.09003034186945652,0.09003034186945653,0.09003034186945653,0.09003034186945652,0.09003034186945652,0.09003034186945653,0.09003034186945653,0.09003034186945653,0.09003034186945653,0.09003034186945649,0.09003034186945655,0.09003034186945653,0.0900303418694565,0.09003034186945653,0.09003034186945653,0.09003034186945655,0.09003034186945652,0.09003034186945653,0.09003034186945652,0.0900303418694565,0.0900303418694565,0.0900303418694565,0.0900303418694565,0.09003034186945649,0.09003034186945653,0.09003034186945652,0.0900303418694565,0.0900303418694565,0.0900303418694565,0.09003034186945649,0.09003034186945655,0.09003034186945653,0.09003034186945653,0.09003034186945655,0.09003034186945656,0.09003034186945653,0.0900303418694565,0.09003034186945653,0.09003034186945655,0.09003034186945655,0.09003034186945653,0.09003034186945653,0.09003034186945653,0.09003034186945655,0.09003034186945653,0.0900303418694565,0.09003034186945653,0.0900303418694565,0.09003034186945653,0.09003034186945653,0.09003034186945653,0.0900303418694565,0.0900303418694565,0.09003034186945653,0.0900303418694565,0.09003034186945652,0.09003034186945655,0.09003034186945653,0.09003034186945653,0.09003034186945653,0.09003034186945652,0.09003034186945652,0.09003034186945653,0.09003034186945653,0.09003034186945653,0.09003034186945652,0.09003034186945652,0.09003034186945653,0.09003034186945653,0.09003034186945652,0.09003034186945658,0.09003034186945656,0.09003034186945656,0.09003034186945656,0.09003034186945653,0.09003034186945656,0.09003034186945656,0.09003034186945653,0.09003034186945655,0.09003034186945656,0.09003034186945655,0.09003034186945656,0.09003034186945655,0.09003034186945659,0.09003034186945658,0.09003034186945656,0.09003034186945656,0.09003034186945653,0.09003034186945658,0.09003034186945659,0.09003034186945658,0.09003034186945658,0.0900303418694566,0.09003034186945659,0.09003034186945655,0.09003034186945656,0.09003034186945659,0.09003034186945659,0.09003034186945658,0.09003034186945662,0.09003034186945659,0.09003034186945658,0.09003034186945659,0.09003034186945659,0.09003034186945658,0.09003034186945659,0.0900303418694566,0.09003034186945658,0.09003034186945659,0.09003034186945658,0.09003034186945659,0.09003034186945659,0.09003034186945655,0.09003034186945656,0.09003034186945659,0.09003034186945655,0.09003034186945653,0.09003034186945653,0.09003034186945655,0.09003034186945655,0.09003034186945659,0.09003034186945658,0.09003034186945655,0.09003034186945659,0.09003034186945658,0.09003034186945659,0.09003034186945656,0.09003034186945658,0.09003034186945656,0.09003034186945659,0.09003034186945659,0.09003034186945656,0.09003034186945662,0.09003034186945659,0.09003034186945659,0.09003034186945658,0.09003034186945659,0.09003034186945658,0.09003034186945659,0.09003034186945653,0.09003034186945659,0.09003034186945659,0.09003034186945659,0.09003034186945659,0.0900303418694566,0.09003034186945658,0.0900303418694566,0.09003034186945659,0.0900303418694566,0.09003034186945659,0.09003034186945663,0.09003034186945662,0.09003034186945662,0.09003034186945662,0.09003034186945663,0.0900303418694566,0.09003034186945659,0.09003034186945662,0.09003034186945662,0.09003034186945656,0.09003034186945662,0.0900303418694566,0.09003034186945658,0.09003034186945659,0.09003034186945662,0.09003034186945659,0.09003034186945659,0.09003034186945658,0.09003034186945663,0.09003034186945663,0.09003034186945663,0.09003034186945665,0.09003034186945662,0.09003034186945665,0.09003034186945662,0.09003034186945662,0.0900303418694566,0.09003034186945665,0.09003034186945662,0.09003034186945666,0.09003034186945667,0.09003034186945666,0.09003034186945665,0.09003034186945667,0.09003034186945667,0.09003034186945667,0.09003034186945667,0.09003034186945662,0.09003034186945663,0.09003034186945666,0.09003034186945667,0.09003034186945666,0.09003034186945665,0.09003034186945665,0.09003034186945666,0.09003034186945666,0.09003034186945667,0.09003034186945665,0.09003034186945666,0.09003034186945665,0.09003034186945667,0.09003034186945662,0.09003034186945663,0.09003034186945667,0.09003034186945667,0.09003034186945667,0.09003034186945667,0.09003034186945666,0.09003034186945667,0.09003034186945667,0.09003034186945667,0.09003034186945667,0.09003034186945667,0.09003034186945667,0.09003034186945667,0.09003034186945667,0.09003034186945669,0.09003034186945666,0.09003034186945666,0.09003034186945667,0.09003034186945666,0.09003034186945667,0.0900303418694567,0.09003034186945666,0.09003034186945667,0.09003034186945667,0.09003034186945662,0.0900303418694567,0.0900303418694567,0.09003034186945667,0.09003034186945667,0.09003034186945669,0.09003034186945666,0.09003034186945662,0.09003034186945663,0.09003034186945663,0.09003034186945662,0.09003034186945658,0.09003034186945659,0.0900303418694566,0.09003034186945662,0.09003034186945662,0.09003034186945662,0.0900303418694566,0.09003034186945662,0.09003034186945662,0.09003034186945662,0.09003034186945658,0.09003034186945662,0.09003034186945667,0.0900303418694566,0.09003034186945659,0.09003034186945666,0.09003034186945665,0.09003034186945663,0.09003034186945669,0.09003034186945667,0.09003034186945663,0.09003034186945666,0.09003034186945662,0.09003034186945662,0.09003034186945665,0.09003034186945665,0.09003034186945665,0.09003034186945666,0.09003034186945666,0.09003034186945663,0.09003034186945666,0.09003034186945667,0.09003034186945666,0.09003034186945667,0.09003034186945666,0.09003034186945667,0.09003034186945663,0.09003034186945665,0.09003034186945666,0.09003034186945665,0.09003034186945665,0.09003034186945666,0.09003034186945665,0.09003034186945663,0.09003034186945667,0.09003034186945667,0.09003034186945667,0.09003034186945666,0.09003034186945667,0.09003034186945671,0.09003034186945667,0.09003034186945671,0.09003034186945676,0.09003034186945669,0.09003034186945673,0.09003034186945663,0.09003034186945671,0.0900303418694567,0.0900303418694567,0.09003034186945673,0.09003034186945673,0.09003034186945671,0.09003034186945671,0.09003034186945671,0.09003034186945673,0.0900303418694567,0.0900303418694567,0.09003034186945674,0.09003034186945674,0.09003034186945671,0.0900303418694567,0.09003034186945676,0.09003034186945671,0.0900303418694567,0.0900303418694567,0.0900303418694567,0.09003034186945669,0.0900303418694567,0.09003034186945667,0.09003034186945669,0.09003034186945669,0.0900303418694567,0.0900303418694567,0.09003034186945669,0.09003034186945676,0.09003034186945669,0.09003034186945669,0.09003034186945673,0.09003034186945677,0.09003034186945676,0.09003034186945673,0.09003034186945673,0.09003034186945674,0.09003034186945673,0.09003034186945674,0.09003034186945673,0.09003034186945674,0.09003034186945674,0.09003034186945673,0.09003034186945674,0.09003034186945671,0.09003034186945669,0.0900303418694567,0.09003034186945671,0.0900303418694567,0.09003034186945666,0.09003034186945663,0.09003034186945669,0.09003034186945674,0.09003034186945671,0.09003034186945674,0.0900303418694567,0.0900303418694567,0.09003034186945671,0.09003034186945671,0.0900303418694567,0.0900303418694567,0.09003034186945671,0.0900303418694567,0.0900303418694567,0.09003034186945671,0.0900303418694567,0.0900303418694567,0.0900303418694567,0.09003034186945671,0.09003034186945671,0.0900303418694567,0.09003034186945676,0.09003034186945673,0.09003034186945674,0.09003034186945674,0.09003034186945676,0.09003034186945678,0.09003034186945678,0.09003034186945674,0.0900303418694567,0.09003034186945677,0.09003034186945676,0.09003034186945674,0.09003034186945676,0.09003034186945674,0.09003034186945676,0.09003034186945676,0.09003034186945678,0.0900303418694568,0.09003034186945669,0.09003034186945676,0.09003034186945678,0.09003034186945676,0.09003034186945676,0.09003034186945676,0.09003034186945674,0.09003034186945676,0.09003034186945676,0.09003034186945676,0.09003034186945674,0.09003034186945674,0.09003034186945677,0.09003034186945676,0.09003034186945676,0.09003034186945676,0.09003034186945677,0.09003034186945676,0.09003034186945677,0.09003034186945677,0.09003034186945676,0.09003034186945678,0.09003034186945678,0.09003034186945674,0.09003034186945678,0.09003034186945676,0.09003034186945677,0.09003034186945676,0.09003034186945681,0.09003034186945678,0.09003034186945678,0.09003034186945676,0.09003034186945677,0.09003034186945677,0.09003034186945678,0.09003034186945677,0.09003034186945678,0.09003034186945678,0.09003034186945681,0.09003034186945681,0.09003034186945678,0.09003034186945681,0.09003034186945678,0.09003034186945678,0.09003034186945681,0.09003034186945678,0.09003034186945678,0.09003034186945677,0.09003034186945681,0.09003034186945678,0.09003034186945678,0.0900303418694568,0.0900303418694568,0.09003034186945681,0.09003034186945681,0.09003034186945684,0.09003034186945678,0.09003034186945681,0.0900303418694568,0.09003034186945683,0.09003034186945684,0.09003034186945681,0.09003034186945683,0.09003034186945681,0.09003034186945681,0.0900303418694568,0.09003034186945681,0.09003034186945681,0.0900303418694568,0.09003034186945683,0.09003034186945684,0.09003034186945681,0.09003034186945681,0.09003034186945684,0.09003034186945674,0.09003034186945684,0.09003034186945683,0.09003034186945678,0.09003034186945681,0.0900303418694568,0.09003034186945685,0.09003034186945683,0.09003034186945684,0.09003034186945684,0.09003034186945683,0.09003034186945683,0.09003034186945684,0.09003034186945684,0.09003034186945683,0.09003034186945683,0.09003034186945683,0.09003034186945683,0.0900303418694568,0.09003034186945683,0.09003034186945683,0.09003034186945684,0.09003034186945683,0.09003034186945681,0.0900303418694568,0.09003034186945684,0.09003034186945683,0.09003034186945683,0.09003034186945683,0.09003034186945684,0.09003034186945684,0.09003034186945683,0.09003034186945684,0.09003034186945684,0.09003034186945683,0.09003034186945681,0.09003034186945683,0.09003034186945683,0.09003034186945684,0.09003034186945684,0.0900303418694568,0.09003034186945685,0.09003034186945687,0.09003034186945683,0.09003034186945684,0.09003034186945684,0.09003034186945683,0.09003034186945684,0.09003034186945685,0.09003034186945683,0.09003034186945681,0.09003034186945683,0.09003034186945678,0.09003034186945681,0.09003034186945681,0.09003034186945683,0.09003034186945683,0.09003034186945683,0.09003034186945683,0.09003034186945684,0.09003034186945684,0.09003034186945684,0.09003034186945684,0.09003034186945684,0.09003034186945681,0.09003034186945684,0.09003034186945684,0.09003034186945683,0.09003034186945684,0.09003034186945683,0.09003034186945683,0.09003034186945683,0.09003034186945683,0.09003034186945683,0.09003034186945684,0.09003034186945684,0.09003034186945681,0.09003034186945684,0.09003034186945681,0.0900303418694568,0.09003034186945678,0.09003034186945687,0.09003034186945687,0.09003034186945685,0.09003034186945685,0.09003034186945685,0.09003034186945687,0.09003034186945688,0.09003034186945687,0.09003034186945687,0.0900303418694569,0.0900303418694569,0.09003034186945687,0.0900303418694569,0.09003034186945691,0.09003034186945685,0.09003034186945687,0.09003034186945687,0.09003034186945688,0.09003034186945692,0.09003034186945691,0.09003034186945688,0.09003034186945691,0.09003034186945691,0.09003034186945691,0.09003034186945691,0.09003034186945691,0.09003034186945691,0.09003034186945685,0.09003034186945688,0.0900303418694569,0.09003034186945687,0.09003034186945692,0.09003034186945685,0.09003034186945687,0.09003034186945691,0.09003034186945687,0.0900303418694569,0.09003034186945687,0.09003034186945687,0.09003034186945688,0.09003034186945688,0.09003034186945687,0.09003034186945687,0.09003034186945687,0.09003034186945691,0.09003034186945692,0.09003034186945688,0.09003034186945685,0.09003034186945688,0.09003034186945688,0.09003034186945688,0.09003034186945688,0.09003034186945688,0.09003034186945687,0.09003034186945688,0.0900303418694569,0.09003034186945687,0.09003034186945687,0.09003034186945687,0.0900303418694569,0.0900303418694569,0.09003034186945687,0.0900303418694569,0.09003034186945688,0.09003034186945688,0.0900303418694569,0.09003034186945688,0.09003034186945687,0.09003034186945687,0.09003034186945687,0.09003034186945688,0.0900303418694569,0.09003034186945688,0.09003034186945687,0.09003034186945688,0.09003034186945688,0.09003034186945688,0.09003034186945688,0.09003034186945687,0.0900303418694569,0.09003034186945688,0.0900303418694569,0.0900303418694569,0.09003034186945688,0.09003034186945687,0.09003034186945688,0.0900303418694569,0.09003034186945687,0.09003034186945688,0.0900303418694569,0.09003034186945688,0.09003034186945685,0.0900303418694569,0.09003034186945687,0.09003034186945688,0.09003034186945687,0.09003034186945684,0.09003034186945687,0.09003034186945688,0.09003034186945688,0.09003034186945687,0.09003034186945687,0.09003034186945688,0.09003034186945687,0.09003034186945684,0.09003034186945684,0.09003034186945684,0.09003034186945685,0.09003034186945685,0.09003034186945684,0.09003034186945685,0.09003034186945685,0.0900303418694569,0.09003034186945687,0.09003034186945687,0.09003034186945687,0.09003034186945687,0.09003034186945687,0.09003034186945687,0.09003034186945687,0.09003034186945687,0.09003034186945685,0.09003034186945687,0.09003034186945685,0.09003034186945687,0.09003034186945685,0.09003034186945688,0.09003034186945687,0.09003034186945688,0.09003034186945685,0.09003034186945687,0.09003034186945688,0.09003034186945688,0.09003034186945688,0.09003034186945685,0.09003034186945687,0.09003034186945687,0.09003034186945687,0.09003034186945685,0.09003034186945685,0.09003034186945687,0.09003034186945685,0.09003034186945687,0.0900303418694569,0.09003034186945687,0.09003034186945687,0.09003034186945687,0.09003034186945684,0.0900303418694569,0.09003034186945688,0.0900303418694569,0.09003034186945687,0.09003034186945688,0.09003034186945688,0.0900303418694569,0.09003034186945688,0.0900303418694569,0.09003034186945691,0.09003034186945688,0.09003034186945691,0.09003034186945687,0.09003034186945688,0.09003034186945687,0.0900303418694569,0.09003034186945685,0.09003034186945687,0.09003034186945687,0.09003034186945687,0.09003034186945687,0.0900303418694569,0.09003034186945687,0.09003034186945687,0.09003034186945685,0.09003034186945685,0.0900303418694569,0.0900303418694569,0.0900303418694569,0.09003034186945687,0.09003034186945685,0.09003034186945687,0.09003034186945687,0.09003034186945687,0.09003034186945687,0.09003034186945688,0.09003034186945687,0.09003034186945653,0.09003034186945685,0.09003034186945681,0.09003034186945684,0.09003034186945685,0.09003034186945684,0.09003034186945685,0.09003034186945685,0.09003034186945685,0.09003034186945683,0.09003034186945684,0.09003034186945684,0.09003034186945684,0.09003034186945684,0.09003034186945684,0.09003034186945683,0.09003034186945683,0.09003034186945683,0.09003034186945681,0.09003034186945684,0.09003034186945685,0.09003034186945685,0.09003034186945685,0.09003034186945684,0.09003034186945684,0.09003034186945683,0.09003034186945687,0.09003034186945683,0.09003034186945684,0.09003034186945683,0.09003034186945683,0.09003034186945683,0.09003034186945684,0.09003034186945684,0.09003034186945685,0.09003034186945683,0.09003034186945684,0.09003034186945684,0.09003034186945684,0.09003034186945685,0.09003034186945684,0.09003034186945683,0.09003034186945677,0.0900303418694568,0.09003034186945681,0.0900303418694568,0.09003034186945683,0.0900303418694568,0.09003034186945678,0.09003034186945678,0.0900303418694568,0.09003034186945683,0.09003034186945681,0.09003034186945681,0.0900303418694568,0.09003034186945684,0.09003034186945684,0.09003034186945683,0.09003034186945683,0.09003034186945683,0.0900303418694568,0.09003034186945683,0.09003034186945683,0.09003034186945681,0.09003034186945683,0.09003034186945678,0.09003034186945678,0.09003034186945681,0.09003034186945683,0.09003034186945683,0.09003034186945681,0.09003034186945683,0.09003034186945678,0.0900303418694568,0.09003034186945683,0.09003034186945678,0.09003034186945681,0.09003034186945683,0.09003034186945683,0.09003034186945683,0.0900303418694568,0.0900303418694568,0.09003034186945683,0.09003034186945681,0.09003034186945683,0.09003034186945684,0.09003034186945685,0.09003034186945684,0.09003034186945685,0.09003034186945688,0.09003034186945683,0.09003034186945683,0.09003034186945684,0.09003034186945687,0.09003034186945684,0.09003034186945685,0.0900303418694568,0.09003034186945683,0.09003034186945681,0.0900303418694568,0.09003034186945683,0.09003034186945683,0.09003034186945683,0.0900303418694568,0.0900303418694568,0.09003034186945684,0.09003034186945677,0.09003034186945681,0.09003034186945678,0.09003034186945678,0.09003034186945681,0.09003034186945674,0.09003034186945678,0.0900303418694568,0.09003034186945678,0.0900303418694568,0.09003034186945676,0.09003034186945676,0.09003034186945677,0.09003034186945676,0.09003034186945677,0.09003034186945678,0.0900303418694568,0.0900303418694568,0.0900303418694568,0.09003034186945678,0.0900303418694568,0.09003034186945677,0.09003034186945681,0.0900303418694568,0.09003034186945678,0.0900303418694568,0.09003034186945676,0.09003034186945674,0.09003034186945676,0.09003034186945677,0.09003034186945677,0.09003034186945676,0.09003034186945676,0.09003034186945676,0.09003034186945676,0.09003034186945677,0.09003034186945674,0.09003034186945676,0.09003034186945676,0.09003034186945676,0.09003034186945667,0.0900303418694567,0.09003034186945665,0.09003034186945671,0.0900303418694567,0.0900303418694567,0.0900303418694567,0.09003034186945667,0.09003034186945667,0.0900303418694567,0.0900303418694567,0.09003034186945667,0.09003034186945669,0.09003034186945667,0.09003034186945673,0.0900303418694567,0.0900303418694567,0.0900303418694567,0.09003034186945673,0.09003034186945671,0.09003034186945669,0.09003034186945667,0.0900303418694567,0.09003034186945673,0.09003034186945671,0.09003034186945673,0.09003034186945671,0.0900303418694567,0.0900303418694567,0.0900303418694567,0.09003034186945671,0.0900303418694567,0.0900303418694567,0.09003034186945671,0.09003034186945667,0.0900303418694567,0.09003034186945673,0.0900303418694567,0.09003034186945665,0.09003034186945671,0.09003034186945666,0.09003034186945669,0.09003034186945666,0.09003034186945669,0.09003034186945659,0.09003034186945666,0.09003034186945667,0.0900303418694567,0.09003034186945667,0.09003034186945667,0.09003034186945666,0.09003034186945667,0.09003034186945667,0.09003034186945667,0.09003034186945666,0.09003034186945666,0.09003034186945666,0.09003034186945665,0.09003034186945663,0.09003034186945666,0.09003034186945665,0.09003034186945659,0.09003034186945665,0.09003034186945662,0.09003034186945663,0.09003034186945662,0.09003034186945662,0.09003034186945662,0.09003034186945665,0.09003034186945665,0.09003034186945666,0.09003034186945666,0.09003034186945666,0.09003034186945665,0.09003034186945665,0.09003034186945665,0.09003034186945667,0.09003034186945666,0.09003034186945667,0.09003034186945666,0.09003034186945662,0.09003034186945665,0.09003034186945663,0.09003034186945665,0.09003034186945665,0.09003034186945666,0.09003034186945662,0.09003034186945669,0.09003034186945666,0.09003034186945667,0.09003034186945667,0.09003034186945667,0.09003034186945666,0.09003034186945667,0.09003034186945666,0.09003034186945667,0.09003034186945666,0.09003034186945667,0.09003034186945667,0.0900303418694567,0.09003034186945666,0.09003034186945667,0.09003034186945665,0.09003034186945673,0.0900303418694567,0.0900303418694567,0.09003034186945666,0.09003034186945667,0.09003034186945667,0.09003034186945667,0.09003034186945666,0.09003034186945667,0.09003034186945669,0.09003034186945667,0.09003034186945665,0.09003034186945666,0.09003034186945667,0.0900303418694567,0.09003034186945666,0.0900303418694567,0.09003034186945667,0.09003034186945667,0.09003034186945666,0.09003034186945663,0.09003034186945666,0.09003034186945662,0.09003034186945666,0.09003034186945666,0.09003034186945662,0.09003034186945663,0.09003034186945662,0.09003034186945662,0.09003034186945663,0.09003034186945665,0.09003034186945666,0.09003034186945663,0.09003034186945662,0.09003034186945662,0.09003034186945663,0.09003034186945665,0.09003034186945665,0.09003034186945665,0.09003034186945666,0.09003034186945666,0.09003034186945665,0.09003034186945665,0.09003034186945666,0.09003034186945663,0.09003034186945665,0.09003034186945663,0.09003034186945666,0.09003034186945667,0.09003034186945665,0.09003034186945667,0.09003034186945666,0.09003034186945667,0.09003034186945667,0.09003034186945667,0.09003034186945665,0.09003034186945667,0.09003034186945665,0.09003034186945667,0.09003034186945665,0.09003034186945665,0.09003034186945663,0.09003034186945662,0.09003034186945665,0.09003034186945666,0.09003034186945667,0.09003034186945667,0.09003034186945667,0.09003034186945665,0.09003034186945658,0.09003034186945667,0.09003034186945666,0.09003034186945667,0.09003034186945665,0.09003034186945665,0.09003034186945666,0.09003034186945663,0.09003034186945666,0.09003034186945662,0.09003034186945662,0.09003034186945662,0.09003034186945665,0.09003034186945663,0.09003034186945663,0.09003034186945662,0.09003034186945662,0.09003034186945662,0.09003034186945662,0.0900303418694566,0.09003034186945662,0.09003034186945663,0.09003034186945662,0.09003034186945663,0.0900303418694566,0.09003034186945662,0.09003034186945665,0.09003034186945662,0.0900303418694566,0.09003034186945662,0.09003034186945662,0.09003034186945663,0.0900303418694566,0.09003034186945662,0.0900303418694566,0.09003034186945663,0.09003034186945666,0.09003034186945662,0.09003034186945665,0.09003034186945665,0.09003034186945663,0.09003034186945663,0.09003034186945663,0.09003034186945665,0.09003034186945663,0.09003034186945662,0.09003034186945662,0.09003034186945662,0.09003034186945665,0.09003034186945662,0.09003034186945662,0.09003034186945663,0.09003034186945662,0.09003034186945665,0.09003034186945667,0.09003034186945666,0.09003034186945665,0.09003034186945666,0.09003034186945665,0.09003034186945666,0.09003034186945663,0.09003034186945662,0.09003034186945663,0.09003034186945663,0.09003034186945665,0.09003034186945665,0.09003034186945667,0.09003034186945663,0.09003034186945665,0.09003034186945665,0.09003034186945665,0.09003034186945666,0.09003034186945667,0.09003034186945666,0.09003034186945665,0.09003034186945666,0.09003034186945666,0.09003034186945666,0.09003034186945667,0.09003034186945666,0.09003034186945666,0.09003034186945667,0.09003034186945667,0.09003034186945666,0.09003034186945666,0.09003034186945666,0.09003034186945665,0.09003034186945666,0.09003034186945665,0.09003034186945665,0.09003034186945665,0.09003034186945667,0.09003034186945665,0.09003034186945666,0.09003034186945666,0.09003034186945665,0.09003034186945667,0.09003034186945665,0.09003034186945665,0.09003034186945666,0.09003034186945663,0.09003034186945665,0.09003034186945665,0.09003034186945665,0.09003034186945667,0.0900303418694566,0.09003034186945665,0.09003034186945665,0.09003034186945666,0.09003034186945663,0.09003034186945665,0.09003034186945665,0.09003034186945665,0.09003034186945666,0.09003034186945665,0.09003034186945667,0.09003034186945663,0.09003034186945666,0.09003034186945666,0.09003034186945665,0.09003034186945665,0.09003034186945665,0.09003034186945666,0.09003034186945662,0.09003034186945666,0.09003034186945662,0.09003034186945663,0.09003034186945665,0.09003034186945665,0.09003034186945662,0.0900303418694566,0.09003034186945662,0.09003034186945665,0.09003034186945663,0.09003034186945665,0.09003034186945662,0.09003034186945665,0.09003034186945663,0.09003034186945665,0.09003034186945667,0.09003034186945662,0.09003034186945665,0.09003034186945666,0.09003034186945665,0.09003034186945665,0.09003034186945663,0.09003034186945665,0.09003034186945665,0.09003034186945665,0.09003034186945666,0.09003034186945665,0.09003034186945665,0.09003034186945665,0.09003034186945662,0.09003034186945665,0.09003034186945665,0.09003034186945665,0.09003034186945665,0.09003034186945666,0.09003034186945665,0.09003034186945666,0.09003034186945667,0.09003034186945665,0.09003034186945666,0.09003034186945665,0.09003034186945669,0.09003034186945665,0.09003034186945667,0.09003034186945667,0.09003034186945666,0.09003034186945666,0.09003034186945665,0.09003034186945666,0.09003034186945666,0.09003034186945669,0.09003034186945666,0.09003034186945667,0.09003034186945667,0.09003034186945666,0.09003034186945665,0.09003034186945665,0.09003034186945667,0.09003034186945667,0.09003034186945666,0.09003034186945669,0.09003034186945667,0.09003034186945667,0.09003034186945667,0.0900303418694567,0.09003034186945667,0.09003034186945667,0.09003034186945667,0.09003034186945666,0.09003034186945667,0.09003034186945667,0.09003034186945666,0.09003034186945666,0.09003034186945665,0.09003034186945665,0.09003034186945665,0.09003034186945667,0.09003034186945665,0.09003034186945667,0.09003034186945665,0.09003034186945665,0.09003034186945667,0.09003034186945666,0.09003034186945666,0.09003034186945667,0.09003034186945667,0.09003034186945667,0.09003034186945667,0.09003034186945666,0.09003034186945667,0.09003034186945666,0.09003034186945666,0.09003034186945666,0.09003034186945665,0.09003034186945667,0.09003034186945666,0.09003034186945665,0.09003034186945667,0.09003034186945665,0.09003034186945663,0.09003034186945667,0.09003034186945667,0.09003034186945667,0.09003034186945669,0.09003034186945667,0.0900303418694567,0.09003034186945667,0.09003034186945667,0.09003034186945667,0.09003034186945667,0.09003034186945666,0.09003034186945663,0.09003034186945665,0.09003034186945667,0.09003034186945662,0.09003034186945665,0.09003034186945665,0.09003034186945665,0.09003034186945662,0.09003034186945665,0.09003034186945663,0.09003034186945666,0.09003034186945665,0.09003034186945665,0.09003034186945667,0.09003034186945665,0.09003034186945665,0.09003034186945665,0.09003034186945667,0.09003034186945666,0.09003034186945669,0.09003034186945667,0.09003034186945665,0.09003034186945663,0.09003034186945663,0.09003034186945665,0.09003034186945666,0.09003034186945665,0.09003034186945665,0.09003034186945666,0.09003034186945667,0.09003034186945667,0.09003034186945666,0.09003034186945662,0.09003034186945663,0.09003034186945665,0.09003034186945667,0.09003034186945663,0.09003034186945665,0.09003034186945665,0.09003034186945669,0.09003034186945667,0.09003034186945666,0.09003034186945666,0.09003034186945666,0.09003034186945667,0.09003034186945667,0.09003034186945669,0.09003034186945666,0.09003034186945667,0.09003034186945666,0.09003034186945667,0.0900303418694566,0.09003034186945669,0.09003034186945667,0.09003034186945665,0.09003034186945666,0.09003034186945666,0.09003034186945666,0.09003034186945667,0.09003034186945665,0.09003034186945667,0.09003034186945666,0.09003034186945667,0.09003034186945666,0.09003034186945667,0.09003034186945666,0.09003034186945669,0.09003034186945663,0.09003034186945665,0.09003034186945667,0.09003034186945667,0.0900303418694567,0.09003034186945667,0.09003034186945669,0.0900303418694567,0.0900303418694567,0.09003034186945669,0.09003034186945667,0.09003034186945666,0.09003034186945669,0.09003034186945666,0.09003034186945666,0.09003034186945669,0.09003034186945667,0.09003034186945671,0.09003034186945669,0.0900303418694567,0.09003034186945667,0.09003034186945669,0.0900303418694567,0.09003034186945673,0.09003034186945673,0.0900303418694567,0.0900303418694567,0.09003034186945673,0.09003034186945673,0.09003034186945676,0.0900303418694567,0.09003034186945673,0.09003034186945676,0.09003034186945671,0.0900303418694567,0.0900303418694567,0.09003034186945674,0.09003034186945674,0.0900303418694567,0.09003034186945674,0.09003034186945673,0.09003034186945671,0.09003034186945671,0.09003034186945673,0.09003034186945673,0.0900303418694567,0.09003034186945676,0.09003034186945671,0.09003034186945671,0.09003034186945703,0.09003034186945684,0.0900303418694568,0.0900303418694568,0.09003034186945681,0.09003034186945677,0.09003034186945678,0.09003034186945678,0.09003034186945676,0.09003034186945678,0.0900303418694568,0.09003034186945678,0.0900303418694568,0.0900303418694568,0.0900303418694568,0.09003034186945681,0.0900303418694568,0.09003034186945681,0.09003034186945683,0.09003034186945681,0.09003034186945681,0.09003034186945681,0.09003034186945681,0.09003034186945683,0.09003034186945681,0.09003034186945681,0.09003034186945678,0.0900303418694568,0.09003034186945681,0.09003034186945683,0.09003034186945681,0.09003034186945681,0.09003034186945683,0.09003034186945683,0.09003034186945683,0.09003034186945681,0.09003034186945678,0.0900303418694568,0.09003034186945681,0.09003034186945678,0.09003034186945683,0.09003034186945684,0.09003034186945683,0.09003034186945683,0.09003034186945684,0.09003034186945684,0.09003034186945685,0.09003034186945683,0.09003034186945678,0.09003034186945684,0.09003034186945684,0.09003034186945684,0.09003034186945683,0.09003034186945683,0.09003034186945683,0.09003034186945687,0.09003034186945684,0.09003034186945687,0.09003034186945687,0.09003034186945683,0.09003034186945685,0.09003034186945684,0.09003034186945683,0.09003034186945684,0.09003034186945685,0.09003034186945684,0.09003034186945687,0.09003034186945684,0.09003034186945684,0.09003034186945683,0.09003034186945684,0.09003034186945684,0.09003034186945684,0.09003034186945683,0.09003034186945683,0.09003034186945683,0.09003034186945684,0.09003034186945683,0.09003034186945684,0.09003034186945684,0.09003034186945681,0.09003034186945684,0.09003034186945687,0.09003034186945684,0.09003034186945683,0.09003034186945684,0.09003034186945683,0.09003034186945684,0.09003034186945687,0.09003034186945685,0.09003034186945687,0.09003034186945683,0.09003034186945687,0.09003034186945687,0.09003034186945687,0.09003034186945685,0.09003034186945687,0.09003034186945685,0.09003034186945687,0.09003034186945685,0.09003034186945687,0.0900303418694569,0.09003034186945687,0.09003034186945687,0.09003034186945687,0.09003034186945687,0.0900303418694569,0.09003034186945688,0.09003034186945687,0.0900303418694569,0.09003034186945687,0.09003034186945687,0.09003034186945685,0.09003034186945687,0.09003034186945687,0.0900303418694569,0.09003034186945687,0.09003034186945688,0.0900303418694569,0.09003034186945688,0.09003034186945687,0.09003034186945687,0.09003034186945685,0.0900303418694569,0.09003034186945685,0.09003034186945688,0.09003034186945683,0.09003034186945685,0.09003034186945685,0.09003034186945685,0.09003034186945688,0.09003034186945687,0.09003034186945683,0.09003034186945687,0.09003034186945687,0.09003034186945687,0.09003034186945684,0.09003034186945687,0.09003034186945685,0.09003034186945687,0.09003034186945687,0.09003034186945687,0.09003034186945685,0.09003034186945687,0.09003034186945684,0.09003034186945688,0.0900303418694569,0.09003034186945687,0.09003034186945688,0.09003034186945691,0.09003034186945685,0.0900303418694569,0.09003034186945687,0.09003034186945687,0.09003034186945683,0.09003034186945685
1,0.0,0.0,0.0,0.0,0.0,0.0,0.0,0.0,0.0,0.0,0.0,0.0,0.0,0.0,0.0,0.0,0.0,0.0,0.0,0.0,0.0,0.0,0.0,0.0,0.0,0.0,0.0,0.0,0.0,0.0,0.0,0.0,0.0,0.0,0.0,0.0,0.0,0.0,0.0,0.0,0.0,0.0,0.0,0.0,0.0,0.0,0.0,0.0,0.0,0.0,0.0,0.0,0.0,0.0,0.0,0.0,0.0,0.0,0.0,0.0,0.0,0.0,0.0,0.0,0.0,0.0,0.0,0.0,0.0,0.0,0.0,0.0,0.0,0.0,0.0,0.0,0.0,0.0,0.0,0.0,0.0,0.0,0.0,0.0,0.0,0.0,0.0,0.0,0.0,0.0,0.0,0.0,0.0,0.0,0.0,0.0,0.0,0.0,0.0,0.0,0.0,0.0,0.0,0.0,0.0,0.0,0.0,0.0,0.0,0.0,0.0,0.0,0.0,0.0,0.0,0.0,0.0,0.0,0.0,0.0,0.0,0.0,0.0,0.0,0.0,0.0,0.0,0.0,0.0,0.0,0.0,0.0,0.0,0.0,0.0,0.0,0.0,0.0,0.0,0.0,0.0,0.0,0.0,0.0,0.0,0.0,0.0,0.0,0.0,0.0,0.0,0.0,0.0,0.0,0.0,0.0,0.0,0.0,0.0,0.0,0.0,0.0,0.0,0.0,0.0,0.0,0.0,0.0,0.0,0.0,0.0,0.0,0.0,0.0,0.0,0.0,0.0,0.0,0.0,0.0,0.0,0.0,0.0,0.0,0.0,0.0,0.0,0.0,0.0,0.0,0.0,0.0,0.0,0.0,0.0,0.0,0.0,0.0,0.0,0.0,0.0,0.0,0.0,0.0,0.0,0.0,0.0,0.0,0.0,0.0,0.0,0.0,0.0,0.0,0.0,0.0,0.0,0.0,0.0,0.0,0.0,0.0,0.0,0.0,0.0,0.0,0.0,0.0,0.0,0.0,0.0,0.0,0.0,0.0,0.0,0.0,0.0,0.0,0.0,0.0,0.0,0.0,0.0,0.0,0.0,0.0,0.0,0.0,0.0,0.0,0.0,0.0,0.0,0.0,0.0,0.0,0.0,0.0,0.0,0.0,0.0,0.0,0.0,0.0,0.0,0.0,0.0,0.0,0.0,0.0,0.0,0.0,0.0,0.0,0.0,0.0,0.0,0.0,0.0,0.0,0.0,0.0,0.0,0.0,0.0,0.0,0.0,0.0,0.0,0.0,0.0,0.0,0.0,0.0,0.0,0.0,0.0,0.0,0.0,0.0,0.0,0.0,0.0,0.0,0.0,0.0,0.0,0.0,0.0,0.0,0.0,0.0,0.0,0.0,0.0,0.0,0.0,0.0,0.0,0.0,0.0,0.0,0.0,0.0,0.0,0.0,0.0,0.0,0.0,0.0,0.0,0.0,0.0,0.0,0.0,0.0,0.0,0.0,0.0,0.0,0.0,0.0,0.0,0.0,0.0,0.0,0.0,0.0,0.0,0.0,0.0,0.0,0.0,0.0,0.0,0.0,0.0,0.0,0.0,0.0,0.0,0.0,0.0,0.0,0.0,0.0,0.0,0.0,0.0,0.0,0.0,0.0,0.0,0.0,0.0,0.0,0.0,0.0,0.0,0.0,0.0,0.0,0.0,0.0,0.0,0.0,0.0,0.0,0.0,0.0,0.0,0.0,0.0,0.0,0.0,0.0,0.0,0.0,0.0,0.0,0.0,0.0,0.0,0.0,0.0,0.0,0.0,0.0,0.0,0.0,0.0,0.0,0.0,0.0,0.0,0.0,0.0,0.0,0.0,0.0,0.0,0.0,0.0,0.0,0.0,0.0,0.0,0.0,0.0,0.0,0.0,0.0,0.0,0.0,0.0,0.0,0.0,0.0,0.0,0.0,0.0,0.0,0.0,0.0,0.0,0.0,0.0,0.0,0.0,0.0,0.0,0.0,0.0,0.0,0.0,0.0,0.0,0.0,0.0,0.0,0.0,0.0,0.0,0.0,0.0,0.0,0.0,0.0,0.0,0.0,0.0,0.0,0.0,0.0,0.0,0.0,0.0,0.0,0.0,0.0,0.0,0.0,0.0,0.0,0.0,0.0,0.0,0.0,0.0,0.0,0.0,0.0,0.0,0.0,0.0,0.0,0.0,0.0,0.0,0.0,0.0,0.0,0.0,0.0,0.0,0.0,0.0,0.0,0.0,0.0,0.0,0.0,0.0,0.0,0.0,0.0,0.0,0.0,0.0,0.0,0.0,0.0,0.0,0.0,0.0,0.0,0.0,0.0,0.0,0.0,0.0,0.0,0.0,0.0,0.0,0.0,0.0,0.0,0.0,0.0,0.0,0.0,0.0,0.0,0.0,0.0,0.0,0.0,0.0,0.0,0.0,0.0,0.0,0.0,0.0,0.0,0.0,0.0,0.0,0.0,0.0,0.0,0.0,0.0,0.0,0.0,0.0,0.0,0.0,0.0,0.0,0.0,0.0,0.0,0.0,0.0,0.0,0.0,0.0,0.0,0.0,0.0,0.0,0.0,0.0,0.0,0.0,0.0,0.0,0.0,0.0,0.0,0.0,0.0,0.0,0.0,0.0,0.0,0.0,0.0,0.0,0.0,0.0,0.0,0.0,0.0,0.0,0.0,0.0,0.0,0.0,0.0,0.0,0.0,0.0,0.0,0.0,0.0,0.0,0.0,0.0,0.0,0.0,0.0,0.0,0.0,0.0,0.0,0.0,0.0,0.0,0.0,0.0,0.0,0.0,0.0,0.0,0.0,0.0,0.0,0.0,0.0,0.0,0.0,0.0,0.0,0.0,0.0,0.0,0.0,0.0,0.0,0.0,0.0,0.0,0.0,0.0,0.0,0.0,0.0,0.0,0.0,0.0,0.0,0.0,0.0,0.0,0.0,0.0,0.0,0.0,0.0,0.0,0.0,0.0,0.0,0.0,0.0,0.0,0.0,0.0,0.0,0.0,0.0,0.0,0.0,0.0,0.0,0.0,0.0,0.0,0.0,0.0,0.0,0.0,0.0,0.0,0.0,0.0,0.0,0.0,0.0,0.0,0.0,0.0,0.0,0.0,0.0,0.0,0.0,0.0,0.0,0.0,0.0,0.0,0.0,0.0,0.0,0.0,0.0,0.0,0.0,0.0,0.0,0.0,0.0,0.0,0.0,0.0,0.0,0.0,0.0,0.0,0.0,0.0,0.0,0.0,0.0,0.0,0.0,0.0,0.0,0.0,0.0,0.0,0.0,0.0,0.0,0.0,0.0,0.0,0.0,0.0,0.0,0.0,0.0,0.0,0.0,0.0,0.0,0.0,0.0,0.0,0.0,0.0,0.0,0.0,0.0,0.0,0.0,0.0,0.0,0.0,0.0,0.0,0.0,0.0,0.0,0.0,0.0,0.0,0.0,0.0,0.0,0.0,0.0,0.0,0.0,0.0,0.0,0.0,0.0,0.0,0.0,0.0,0.0,0.0,0.0,0.0,0.0,0.0,0.0,0.0,0.0,0.0,0.0,0.0,0.0,0.0,0.0,0.0,0.0,0.0,0.0,0.0,0.0,0.0,0.0,0.0,0.0,0.0,0.0,0.0,0.0,0.0,0.0,0.0,0.0,0.0,0.0,0.0,0.0,0.0,0.0,0.0,0.0,0.0,0.0,0.0,0.0,0.0,0.0,0.0,0.0,0.0,0.0,0.0,0.0,0.0,0.0,0.0,0.0,0.0,0.0,0.0,0.0,0.0,0.0,0.0,0.0,0.0,0.0,0.0,0.0,0.0,0.0,0.0,0.0,0.0,0.0,0.0,0.0,0.0,0.0,0.0,0.0,0.0,0.0,0.0,0.0,0.0,0.0,0.0,0.0,0.0,0.0,0.0,0.0,0.0,0.0,0.0,0.0,0.0,0.0,0.0,0.0,0.0,0.0,0.0,0.0,0.0,0.0,0.0,0.0,0.0,0.0,0.0,0.0,0.0,0.0,0.0,0.0,0.0,0.0,0.0,0.0,0.0,0.0,0.0,0.0,0.0,0.0,0.0,0.0,0.0,0.0,0.0,0.0,0.0,0.0,0.0,0.0,0.0,0.0,0.0,0.0,0.0,0.0,0.0,0.0,0.0,0.0,0.0,0.0,0.0,0.0,0.0,0.0,0.0,0.0,0.0,0.0,0.0,0.0,0.0,0.0,0.0,0.0,0.0,0.0,0.0,0.0,0.0,0.0,0.0,0.0,0.0,0.0,0.0,0.0,0.0,0.0,0.0,0.0,0.0,0.0,0.0,0.0,0.0,0.0,0.0,0.0,0.0,0.0,0.0,0.0,0.0,0.0,0.0,0.0,0.0,0.0,0.0,0.0,0.0,0.0,0.0,0.0,0.0,0.0,0.0,0.0,0.0,0.0,0.0,0.0,0.0,0.0,0.0,0.0,0.0,0.0,0.0,0.0,0.0,0.0,0.0,0.0,0.0,0.0,0.0,9.75133259683348e-33,2.3922107697103585e-31,2.39221076971037e-31,9.245832709944947e-31,9.245832709944982e-31,9.245832922132494e-31,-9.139315175399298e-28,-1.6543646112456499e-46,8.487760250315026e-30,1.3363705085532117e-29,-5.1048258287600356e-27,5.645009999442799e-28,9.223787130965174e-28,9.22378713096618e-28,8.694521786766661e-28,2.422845740779582e-27,2.3226753736992458e-27,2.3226753736993247e-27,2.330819238531768e-27,2.3356341970866717e-27,2.3329448650295463e-27,2.324576969012602e-27,2.3223933630374776e-27,2.322420927845285e-27,2.3224158818955463e-27,2.3224540764927317e-27,2.322454076420735e-27,2.3224541110319618e-27,2.322454111031354e-27,2.3224482753704044e-27,2.3224479386001063e-27,2.3224478305151783e-27,2.3224481416338962e-27,2.3226989887130104e-27,2.3226988896776637e-27,2.3226987915861186e-27,2.32268412074806e-27,2.3226837211105484e-27,2.322679328430648e-27,2.3226597206331296e-27,2.3226597940361124e-27,2.3226602056925466e-27,2.322652920104875e-27,2.3226529328664058e-27,2.3226499949285964e-27,2.322649986301131e-27,2.322644912758082e-27,2.322642450610413e-27,2.3226427512378027e-27,2.3226192827235023e-27,2.3230611860367086e-27,2.3230572931676873e-27,3.3581756754240515e-27,3.356377806216428e-27,3.356506152435208e-27,3.3565377367141365e-27,3.31742052061618e-27,3.3174225110922195e-27,3.32789712111196e-27,3.337545878569306e-27,3.337545860826213e-27,3.337545773019396e-27,3.3383023505101865e-27,3.343483539196112e-27,3.3435970918727884e-27,3.3435970928305895e-27,3.3489265548753126e-27,3.35955817291343e-27,3.359762785358239e-27,3.359762634952686e-27,3.363667833433701e-27,3.3636676695128555e-27,3.363670588798447e-27,3.3638512784974564e-27,3.3292949930818644e-27,3.3414637995812185e-27,3.3411038428785146e-27,3.341105226578069e-27,3.336976902802579e-27,3.3369753800713025e-27,3.33607976984282e-27,3.333956596799632e-27,3.33421242642284e-27,3.334093605545342e-27,3.334093607274583e-27,3.3460922582734836e-27,3.344036012493697e-27,3.34405176604089e-27,3.3444559244042816e-27,3.344309365181073e-27,3.344367936911702e-27,3.344368504128312e-27,3.346540395053979e-27,3.346540391114292e-27,3.3475422078643794e-27,3.342327054590661e-27,3.342327053926434e-27,3.3423254541731974e-27,3.38242270545659e-27,3.436284068674893e-27,3.423604130363909e-27,3.4190596451645485e-27,3.418599071719228e-27,3.4183276296135946e-27,3.4229338694011145e-27,3.475239545413448e-27,3.4752395522371106e-27,3.4752931803549426e-27,3.4838820760251316e-27,3.4838826092594954e-27,3.483882470590987e-27,3.4237180426125626e-27,3.417164442026558e-27,3.418328517822701e-27,3.4183273812898254e-27,3.4122805963974035e-27,3.413648382077722e-27,3.409168479636235e-27,3.411762460928883e-27,3.411750393590849e-27,3.4117509932642536e-27,3.411753850396326e-27,3.4120248656772764e-27,3.4120562972387515e-27,3.4120562972431266e-27,3.445675916517846e-27,3.445766362434971e-27,3.445965402474144e-27,3.445709609596731e-27,3.4457096050094386e-27,3.627473863952782e-27,3.630897379003728e-27,3.641347120125869e-27,3.6413461177112254e-27,3.6413460256854246e-27,3.65129473530998e-27,3.6512947374527746e-27,3.6512781100564564e-27,3.651516683075536e-27,3.6513562269724096e-27,3.652021728711337e-27,3.651205517853048e-27,3.651205478763926e-27,3.651205532047079e-27,3.651191723885774e-27,3.651209816845709e-27,3.654439626124744e-27,-1.4462245171273244e-27,-2.3021167968229274e-31,-1.4068606868153519e-30,5.998146962945145e-34,2.3031135019821922e-30,2.6512667163766288e-30,2.464660334669263e-30,4.404581648023028e-30,1.2398110207984012e-28,1.2398105717037453e-28,1.1482365189915643e-28,1.1485091323813328e-28,1.118254800888849e-28,1.1182547059426417e-28,1.105488461838314e-28,1.1892045222873267e-28,1.189204522127346e-28,1.189123758900939e-28,1.1991553265936582e-28,9.612837105837123e-29,9.563072341489641e-29,9.174616120571922e-29,9.089573958502076e-29,9.089506578143248e-29,3.77202681441175e-29,3.408661088509143e-29,3.4947475556794556e-29,3.466993206417344e-29,6.422620295449605e-29,6.165304775243642e-29,6.30037383703124e-29,6.267631466701203e-29,6.281210416962236e-29,6.283848994196121e-29,6.967927129321455e-29,6.874635036689529e-29,6.86483552289306e-29,7.606025423817857e-29,7.583073856292356e-29,7.61624125464845e-29,8.098750865909621e-29,8.12909759538477e-29,8.131637511405783e-29,8.014872617109817e-29,3.119766910675699e-28,3.1195409570337776e-28,3.1200610895668193e-28,2.913948390016071e-28,2.9182696404060003e-28,2.9182710826712235e-28,2.8377203088698153e-28,2.8377204156171163e-28,2.8434362607502035e-28,2.8159148653419317e-28,2.8251972403633646e-28,2.826657561303024e-28,2.5409248705919256e-28,2.5410006671704283e-28,2.541000657954444e-28,4.781134228416089e-28,4.816440792176665e-28,4.816423179243544e-28,4.816422414260698e-28,4.816500783275744e-28,4.507788242616069e-28,4.949356325230674e-28,4.949324150058035e-28,4.720860500654462e-28,4.720270891667311e-28,4.728507714224885e-28,4.746022418303336e-28,4.751505397885311e-28,4.751388367186004e-28,4.752746117213196e-28,4.749416474694859e-28,4.944434840907541e-28,4.945091347020398e-28,4.892000250899385e-28,4.892164041982176e-28,4.991376628119821e-28,4.992578632344672e-28,5.0214221989092975e-28,5.021578767611331e-28,5.02827055494425e-28,5.027992214987564e-28,5.0286392320881235e-28,6.31376297775209e-28,6.313762982885441e-28,6.396000771056418e-28,6.485884708918547e-28,6.526787394786029e-28,6.550388321624857e-28,6.5395471142102955e-28,6.53999158686891e-28,6.470120518419701e-28,6.470483327984014e-28,6.470481270719335e-28,6.4706966215039555e-28,6.4706418614168585e-28,6.4892301405722605e-28,6.670170489269022e-28,6.670072538285795e-28,6.672245181869338e-28,6.642695300458358e-28,6.642612506725809e-28,6.642612116837842e-28,6.642953461215235e-28,6.639001361863591e-28,6.639027484124159e-28,6.53151756628174e-28,6.550854083830515e-28,6.469835483537571e-28,6.461352564196361e-28,6.432913942683994e-28,6.473957663969782e-28,6.456652342146283e-28,6.19515072854228e-28,6.175782584847864e-28,6.1615267667088275e-28,6.15950364112979e-28,5.947513532228762e-28,5.931303647342584e-28,5.500597603447913e-28,5.519584881244951e-28,5.518189295751877e-28,5.556409060811636e-28,5.520983333196662e-28,5.5470006754509475e-28,4.370143066919149e-28,4.366794362877191e-28,4.366115509478941e-28,4.368483776953669e-28,4.395535303860293e-28,6.069088350824049e-28,6.070997872161816e-28,6.264468148696539e-28,2.196427863667558e-26,2.196427688495892e-26,2.1969689964280684e-26,2.196421728825989e-26,2.1963786163392533e-26,2.195941200269788e-26,2.1954547485982295e-26,2.1953778778456646e-26,2.1970712287130075e-26,2.1970709949492277e-26,2.1970726537669115e-26,2.206059135741763e-26,2.206249299356258e-26,2.2062338017031894e-26,2.2061280883109503e-26,2.206121557846783e-26,2.2061404648187402e-26,2.2061452106783583e-26,2.2061434938641877e-26,2.2061535611668783e-26,2.1805860092353618e-26,2.1805224323835273e-26,2.1857937630004705e-26,2.1861212613094062e-26,2.186121237857491e-26,2.1857376324191268e-26,2.185804609759164e-26,2.1857567147614528e-26,2.1866644784747205e-26,2.1866628626094933e-26,2.1866652180762404e-26,2.1866581163574858e-26,2.1868674499587208e-26,2.1873342089807257e-26,2.20015575355782e-26,2.200262202785729e-26,2.200208678093234e-26,2.142759782528247e-26,2.137864096311603e-26,2.1376301272330648e-26,2.1376305475722464e-26,2.1375368749088655e-26,2.1375420695483312e-26,2.1375884262219417e-26,2.1244058876561136e-26,2.1244381479397658e-26,2.1244163508021386e-26,2.1243907348430344e-26,2.1233725676765054e-26,2.0908518138255626e-26,2.0916933777185998e-26,2.093653566407527e-26,2.0936493152160106e-26,2.0936781288001245e-26,2.0627903346771247e-26,2.062808685893897e-26,2.0627464587732058e-26,2.061926764413723e-26,2.061928712228838e-26,2.061903040158955e-26,2.0639723670609134e-26,2.0639728196285223e-26,2.0639729343584073e-26,2.2155302381809678e-26,2.2155272345846206e-26,2.2162211441462262e-26,3.6620601135242867e-26,3.659717443422849e-26,3.6597201451486614e-26,3.6598450220504823e-26,3.6585333796309336e-26,3.662012065440661e-26,3.662582735955824e-26,3.6607745682459843e-26,3.6614422995457457e-26,3.6613339527373363e-26,3.659313087483457e-26,3.5641413493116806e-26,3.564263541242605e-26,3.563240070332165e-26,3.563410820434563e-26,3.5663579391968377e-26,3.5665162746154175e-26,3.566514522269556e-26,3.566491866347876e-26,3.5692983432294136e-26,3.565650483789046e-26,3.5628196327709674e-26,3.563106568216328e-26,3.5630989416487514e-26,3.562985152588596e-26,3.559432991570144e-26,3.5595880721439627e-26,3.5592325155720623e-26,3.5592268415699987e-26,3.5592352147695915e-26,3.56012315439134e-26,3.560523649849629e-26,3.561554237061679e-26,3.576574266641487e-26,3.5763181376975243e-26,3.5761851132110394e-26,3.576135708534894e-26,3.5760350156448477e-26,3.577053721205994e-26,3.5773533191128776e-26,3.5772191875657006e-26,3.5773120801548325e-26,3.5770897590180106e-26,3.577098221439986e-26,3.586246580831076e-26,3.586261889796448e-26,3.5862589014214e-26,3.582303276963204e-26,3.582303593022533e-26,3.5825068669476116e-26,3.582503643244312e-26,3.582493566670305e-26,3.582604147878934e-26,3.5826674201239816e-26,3.5837546253438147e-26,3.5837431798580725e-26,3.5837525970956983e-26,3.58301026126898e-26,3.5830092970570744e-26,3.5828335294806174e-26,3.582843034410837e-26,3.5886382397717945e-26,3.562931582854726e-26,3.562909423777614e-26,3.563297914702912e-26,3.563321816099542e-26,3.563337003064256e-26,3.563268492825435e-26,3.563904014874387e-26,3.5639011918551516e-26,3.561869521862721e-26,3.5618693822342e-26,3.561786374403427e-26,3.558885115000667e-26,3.609164166789396e-26,3.609140652293721e-26,3.6091425647992006e-26,3.609128684589637e-26,3.6092534625102545e-26,3.609253462510247e-26,3.60925824547348e-26,3.6092433468301954e-26,3.609257429591381e-26,3.609255027161922e-26,3.5993371505232675e-26,3.599334348242444e-26,3.589730572639065e-26,3.5895889857403905e-26,3.591815881102696e-26,3.5919264308464775e-26,3.5919268971180673e-26,3.589340501982874e-26,3.58938611430745e-26,3.5958083298272855e-26,3.5957658445104376e-26,3.5957757003847517e-26,3.592786510979353e-26,3.57741754133083e-26,3.5774134650020315e-26,3.577475059384175e-26,3.5755338561918287e-26,3.575737921690989e-26,3.576046479121188e-26,3.576226988089439e-26,3.576226988410806e-26,3.5760560670031875e-26,3.575916051770979e-26,3.575934427849048e-26,3.5759329026823097e-26,3.574569397900373e-26,3.802062336619839e-26,3.8020617626381416e-26,3.801769624339829e-26,3.801847520587873e-26,3.812632620403157e-26,3.7936840461848007e-26,3.7964832950574955e-26,3.798512857945165e-26,3.798396349114991e-26,3.7978267056192207e-26,3.798025101288799e-26,3.7978050208074694e-26,3.7978051665251023e-26,3.7977685121204567e-26,3.797769649013593e-26,3.797166052013974e-26,3.7971660520140486e-26,3.7971934419436886e-26,3.798172622334419e-26,3.7964199601093325e-26,3.804440352426285e-26,3.8043864646490444e-26,3.8043866315352126e-26,3.804384660009765e-26,3.8018746504037116e-26,3.801877548703744e-26,3.79973155614049e-26,3.7994070640346185e-26,3.800308843847911e-26,3.800324435441381e-26,3.800323736931262e-26,3.800323431919738e-26,3.8004331588284226e-26,3.800483074985908e-26,3.8012945354655795e-26,3.8013421899770143e-26,3.8012299803980623e-26,3.7979550949460036e-26,3.7979533833021435e-26,3.797952395054177e-26,3.797952859288178e-26,3.796141085624193e-26,3.79748465746979e-26,3.793899462309633e-26,3.7939486183211157e-26,3.7929820263570383e-26,3.7931097617481864e-26,3.793182020102192e-26,3.7930493375692976e-26,3.79304901408535e-26,3.7930480475517795e-26,3.793971611356065e-26,3.7939021756906e-26,3.7938671573877284e-26,3.79385066837801e-26,3.7936966846088986e-26,3.793696904920683e-26,3.793697064716189e-26,3.793606704579686e-26,3.7942125701485337e-26,3.7943032381722753e-26,3.7943081320296904e-26,3.794333866596372e-26,3.701607905883717e-26,3.701601171732369e-26,3.7016406735079423e-26,3.7016397445766643e-26,3.7016455458962095e-26,3.7026343965117315e-26,3.702559939990415e-26,3.7023825238284336e-26,3.7320026230102467e-26,3.7320031043876437e-26,3.7302550232787294e-26,3.7302631385799264e-26,3.7302589099159767e-26,3.730282418411755e-26,3.73013044623879e-26,3.7300178300566816e-26,3.728169638635943e-26,3.7280828909243824e-26,3.727430173267167e-26,3.727205771176189e-26,4.0230615404856954e-26,4.024709914715383e-26,4.024757239761145e-26,4.024757239593342e-26,4.0247537134603654e-26,4.0254287811725136e-26,4.025428941670848e-26,4.025434302204474e-26,4.025220075762119e-26,4.025145031650688e-26,4.0249008633914485e-26,4.026322827513931e-26,4.026322840192773e-26,4.0182253627964247e-26,4.01817902394551e-26,4.019425513678315e-26,4.001804644050976e-26,4.0017792582960747e-26,4.0017789907733303e-26,3.9980912918090706e-26,3.998037259668144e-26,3.99906291050613e-26,3.999047505362137e-26,3.998984283838746e-26,3.999046736890858e-26,3.9994529753052673e-26,3.99944275383769e-26,3.9923787874234174e-26,3.992379130294401e-26,3.992319029815904e-26,3.9952017042366685e-26,3.9934900025902067e-26,3.993279289995646e-26,3.9928583074053305e-26,3.992500839315162e-26,3.992352109100469e-26,3.9926073127072855e-26,3.989906416983087e-26,3.989652111561906e-26,3.9900547255854576e-26,3.990054336964241e-26,3.992100971644034e-26,4.0035740451264407e-26,4.0032578880412825e-26,4.003249552866815e-26,4.0032263331430813e-26,4.0024355132920896e-26,4.0023213854636213e-26,4.0019356271249913e-26,4.001144173822524e-26,4.0070408711993895e-26,4.007038597789122e-26,4.0072683209180035e-26,4.0074623855976067e-26,4.0084340912465803e-26,4.0084343299587686e-26,4.0125337045016987e-26,4.012533683529737e-26,4.0120201596939215e-26,4.01202010080074e-26,4.0122539903747833e-26,4.0123605706433016e-26,4.01293533001614e-26,4.012991606637335e-26,4.0129947712969376e-26,4.0117207316019474e-26,4.010083612476196e-26,4.0100627282328895e-26,4.021999122486251e-26,4.020657249783126e-26,4.0207757021688846e-26,4.020786719405807e-26,4.020786719794805e-26,4.0205992796526997e-26,4.0205996366237867e-26,4.0200995847272227e-26,4.01966566378297e-26,4.01966566378297e-26,4.019646484176793e-26,4.019628047220479e-26,4.021187722253957e-26,4.0213115229132577e-26,4.020107254388824e-26,4.022589100516055e-26,4.022570786186399e-26,4.0225735832516975e-26,4.026595094032919e-26,4.0265430591130636e-26,4.0269497743361494e-26,4.0275768797189085e-26,4.027136536743178e-26,4.0466493885844094e-26,4.046638822277069e-26,4.046126418724734e-26,4.04612394854487e-26,4.054082443825845e-26,4.0541540586003376e-26,4.054154058620373e-26,4.053760656488304e-26,4.053702977100594e-26,4.0537205132091734e-26,4.053597096020323e-26,4.053898772421023e-26,4.053898772421021e-26,4.05673490558763e-26,4.052442603056457e-26,4.0526291885345394e-26,4.0527110014122807e-26,4.052002818984356e-26,4.054441290982153e-26,4.05444235346371e-26,4.056825258847109e-26,4.0568255725736784e-26,4.0568410502437295e-26,4.056836335003536e-26,4.0569672754557864e-26,4.056535054501832e-26,4.056408975291731e-26,4.060119171803772e-26,4.0602167349370115e-26,4.0602184523513756e-26,4.0573153710721103e-26,4.056337553339038e-26,-5.543663977483256e-26,2.344876574612332e-32,-2.852458199807672e-29,-1.332744644370791e-29,-5.604728465286163e-32,-2.075826322653736e-30,-1.6838528841723183e-31,8.322158248939142e-30,-1.5855462645580952e-29,-5.822106865960717e-30,5.986566889839092e-28,6.064591846424184e-28,6.202459466496287e-28,1.0868748416557015e-27,1.1601733730002518e-27,1.1493309443170638e-27,1.811381656469652e-27,1.817242819916596e-27,1.8172428149078426e-27,1.8198530326455707e-27,1.9071972688672473e-27,1.9116421604576727e-27,1.9119606476059503e-27,1.9139923397590186e-27,1.914575066496811e-27,1.913271323783659e-27,1.910245633604894e-27,3.395178878938446e-27,3.393983906669305e-27,3.395604006467037e-27,3.463020369614362e-27,3.403636867513392e-27,3.4595858541666805e-27,3.4595857401346166e-27,3.476975808519919e-27,3.2203314456748443e-27,3.220965836109036e-27,3.20213692328034e-27,3.2172193182600755e-27,3.2177040239912863e-27,3.2014657767609158e-27,3.1903931493020193e-27,3.1903955290676032e-27,3.1855601114019223e-27,3.1855570328465888e-27,3.185661602617894e-27,3.1866545890233094e-27,3.1920571996355662e-27,3.1893562885305712e-27,3.189255746630582e-27,3.189255944366513e-27,3.189226085873519e-27,3.2220297809397975e-27,3.213812707613042e-27,3.287202248323771e-27,3.283889152525399e-27,3.283806127375998e-27,3.2834688669174796e-27,3.283332699207447e-27,2.917579424475071e-27,2.9171163541089853e-27,8.449393120274818e-26,8.449393367853944e-26,8.449448390248165e-26,8.449417382536016e-26,8.449417406102676e-26,8.449347850225654e-26,8.448900567172022e-26,8.448909765492904e-26,8.44890987184582e-26,8.448909892302898e-26,8.448910963554493e-26,8.449038848973819e-26,8.449056915711101e-26,8.448955611689391e-26,8.448691947323744e-26,8.448692076222528e-26,8.44786891084592e-26,8.44777272845613e-26,8.447470091800005e-26,8.447730179303018e-26,8.447730153595707e-26,8.44779843118536e-26,8.446683464182967e-26,8.446683495076068e-26,8.446711680618359e-26,8.444194173564627e-26,8.444865713570946e-26,8.443529652900339e-26,8.44352965315418e-26,8.444287044540473e-26,8.45412562445497e-26,8.45412563343818e-26,8.454138565190698e-26,8.454064175548389e-26,8.453576815880426e-26,8.453577096921013e-26,8.453577090792438e-26,8.45360938479034e-26,8.453598135753193e-26,8.453414593247826e-26,8.450276912868994e-26,8.450276908389371e-26,8.450644532386235e-26,8.450928366295366e-26,8.451025418665993e-26,8.449384498655841e-26,8.449409541025174e-26,8.433355380972122e-26,8.433352120706233e-26,8.433419670527924e-26,8.444262344576256e-26,8.444262392069339e-26,8.444254299770231e-26,8.446086252103651e-26,8.445837446754579e-26,8.448287579673901e-26,8.448182910999279e-26,8.447294930004379e-26,8.447297050626994e-26,8.447434960096587e-26,8.44696950417677e-26,8.446201454143917e-26,8.446201451720039e-26,8.445937853789267e-26,8.446314543728321e-26,8.44631905534321e-26,8.446423017592105e-26,8.440244619634115e-26,8.440240026186017e-26,8.431239419519004e-26,8.431239581365885e-26,8.431263627006352e-26,8.429746396615106e-26,8.42971667577237e-26,8.429716678674106e-26,8.429717006579508e-26,8.429716997702406e-26,8.429716888956713e-26,7.912458892251364e-26,7.912458892957896e-26,7.912467690724159e-26,7.912467309111784e-26,7.919151120106647e-26,7.919165322699001e-26,7.922562768859301e-26,7.922774296967983e-26,7.922781517210784e-26,7.922783287799501e-26,7.923166127117541e-26,7.922180359309182e-26,7.921329705044787e-26,7.92144481200475e-26,7.921444812004332e-26,7.919127243582132e-26,7.919127912647056e-26,7.918809542080416e-26,7.918808285957218e-26,7.918014201016663e-26,7.918019224206669e-26,7.918478447898988e-26,7.918693681488871e-26,7.918049954950785e-26,7.918049957385873e-26,7.918119915898046e-26,7.919077434182908e-26,7.919089537216897e-26,7.919490353607467e-26,7.919479199436533e-26,7.915622158704178e-26,7.915607147234779e-26,7.9156097614088e-26,7.915536254877191e-26,7.915536247759196e-26,7.915520443067987e-26,7.915525682147898e-26,7.915524793105114e-26,7.915531422822296e-26,7.915643598676131e-26,7.915654754531586e-26,7.915914113938752e-26,7.915915329399245e-26,7.91591559701713e-26,7.917886610545561e-26,7.917707000426118e-26,7.917758310735251e-26,7.917758345339733e-26,7.917708973813711e-26,7.917628465496419e-26,7.917628333090401e-26,7.917627602190727e-26,7.917726610329654e-26,7.917720499643984e-26,7.91743676424818e-26,7.917436715710159e-26,7.917436153296438e-26,7.916905713609925e-26,7.916948359893319e-26,7.916948359893317e-26,7.916946200855425e-26,7.917062069598315e-26,7.916998220460574e-26,7.908132299898596e-26,7.906934009180514e-26,7.918772069811028e-26,7.918772784874673e-26,7.91875031609655e-26,7.918741512998767e-26,7.918743596858881e-26,7.918633849744424e-26,7.918633861865211e-26,7.918623477091888e-26,7.918835454625569e-26,7.918346787410731e-26,7.918520774003069e-26,7.918488552196339e-26,7.881909302492905e-26,7.883846625318634e-26,7.883833680271918e-26,7.879335574311391e-26,7.879335717740678e-26,7.878418162318236e-26,7.897437834180829e-26,7.897438416506443e-26,7.89745760278415e-26,7.897457288433383e-26,7.897457286213323e-26,7.898425045363611e-26,7.898420974820768e-26,7.898731484674084e-26,7.898732077189842e-26,7.898916649408808e-26,7.899051597825702e-26,7.899051597955875e-26,7.899051602771849e-26,7.899094336395452e-26,7.899094339292844e-26,7.899094360536405e-26,7.899092298070215e-26,7.899034114397988e-26,7.904346408662779e-26,7.903945437431804e-26,7.902131677686339e-26,7.901208650604975e-26,7.809658413816353e-26,7.80939891621324e-26,7.808443841537582e-26,7.809527412184812e-26,7.809519020915271e-26,7.809392791276384e-26,7.820961849328663e-26,7.821496384726697e-26,7.821496414953297e-26,7.822988250077833e-26,7.822985484430512e-26,7.822991274168995e-26,7.822991282798918e-26,7.822965379579962e-26,7.82295716685405e-26,7.822957167848258e-26,7.822862335197672e-26,7.822862312281565e-26,7.822806089515399e-26,7.822805596481699e-26,7.822815472133125e-26,7.823024465773026e-26,7.823024465890698e-26,7.823269949550213e-26,7.823173068580291e-26,7.823206562244175e-26,7.823098567361489e-26,7.821121505623066e-26,7.821121547919947e-26,7.821072668363367e-26,7.821149439906241e-26,7.821151756571518e-26,7.821151740918874e-26,7.803305893219715e-26,8.571321730690174e-26,8.571378068850719e-26,8.57137806849672e-26,8.571254667037295e-26,8.576646462214376e-26,8.576639353175299e-26,8.574877920803443e-26,8.573025084515098e-26,8.525988436674003e-26,8.528349712899408e-26,8.497318327727573e-26,8.496650646859678e-26,8.493346905867944e-26,8.3487029132035e-26,8.344483680897279e-26,8.344481537176905e-26,8.344956467067775e-26,8.346009288091763e-26,8.346009332390816e-26,8.346027947249428e-26,8.346016694364838e-26,8.346030585629619e-26,8.3457902698522e-26,8.34719335897532e-26,8.347193254678775e-26,8.347203634310386e-26,8.347211560729969e-26,8.344447356648459e-26,8.34452033023781e-26,8.344518657807416e-26,8.342239896204691e-26,8.32552644244511e-26,8.325504597171073e-26,8.325505324339876e-26,8.325505048052743e-26,8.325595089091956e-26,8.325595087179717e-26,8.325595087873912e-26,8.325595091576561e-26,8.325595091489461e-26,8.325595091493817e-26,8.325595091725727e-26,8.32559509166744e-26,8.325595104083521e-26,8.325595104753733e-26,8.325595107697915e-26,8.325595107500386e-26,8.325595115306798e-26,8.325595085939334e-26,8.325594900259163e-26,8.32559490038171e-26,8.325594900374648e-26,8.325594900374658e-26,8.325594900373929e-26,8.325594900373928e-26,8.325594900373898e-26,8.325594900373982e-26,8.32559490035452e-26,8.325594900539207e-26,8.325594900572845e-26,8.325594899731899e-26,8.325594899742905e-26,8.325594901631711e-26,8.325594901629112e-26,8.32559490154915e-26,8.325594901765544e-26,8.325594908879499e-26,8.325594908917971e-26,8.325594908643688e-26,8.325594908551933e-26,8.325594908872796e-26,8.325594905384948e-26,8.32559490533883e-26,8.325594905389256e-26,8.325594905376396e-26,8.325594905362769e-26,8.325594905353724e-26,8.325594905324384e-26,8.325594905373372e-26,8.325594912548911e-26,8.325594916150084e-26,8.325594916146e-26,8.325594907865994e-26,8.325594907966445e-26,8.325594907965817e-26,8.325594907949813e-26,8.325594907952592e-26,8.325594905431015e-26,8.325594905420793e-26,8.325594905435819e-26,8.325594905451723e-26,8.325594905448615e-26,8.325594905443691e-26,8.32559490559584e-26,8.3255949057253e-26,8.325594905734743e-26,8.325594839800233e-26,8.325594839786837e-26,8.325594839821242e-26,8.325594938461729e-26,8.325594938013177e-26,8.325594838734383e-26,8.325594849102471e-26,8.325594852419378e-26,8.325594852390298e-26,8.325594852408231e-26,8.325594854774101e-26,8.325594854790215e-26,8.325594854730257e-26,8.325594854754765e-26,8.325594854099375e-26,8.325594854098484e-26,8.325594851589269e-26,8.325594846963601e-26,8.325594846936395e-26,8.32559484621662e-26,8.325594846224026e-26,8.325594846195422e-26,8.325594846668566e-26,8.325594826002994e-26,8.325594825851103e-26,8.325594904834805e-26,8.325594904321344e-26,8.325594904769136e-26,8.325594904935778e-26,8.325595092111067e-26,8.325595092210762e-26,8.325595092182357e-26,8.325595092321666e-26,8.325595091771772e-26,8.325595097663603e-26,8.325595097529172e-26,8.325595164918543e-26,8.325595168873948e-26,8.325595169144276e-26,8.325595169195503e-26,8.325595169557964e-26,8.325595212625188e-26,8.32559521262519e-26,8.325595212638441e-26,8.325595212768883e-26,8.325595212620074e-26,8.325595190218151e-26,8.325595189881208e-26,8.325595190032224e-26,8.325595190025534e-26,8.325595306844181e-26,8.325595313292119e-26,8.325595313083132e-26,8.325595313030482e-26,8.325595313061672e-26,8.325595313060262e-26,8.325595312600793e-26,8.325595312600547e-26,8.325595312609858e-26,8.325595312555589e-26,8.32559531250181e-26,8.325595311777892e-26,8.32559531175955e-26,8.325595311854275e-26,8.325595311151551e-26,8.325595311187856e-26,8.325595308288464e-26,8.325595308293046e-26,8.325595308282222e-26,8.325595307788934e-26,8.325595307803457e-26,8.325595315880772e-26,8.325595314561585e-26,8.325595314530676e-26,8.325595314575785e-26,8.325595314574037e-26,8.325595314554835e-26,8.325595315002413e-26,8.32559531635218e-26,8.32559531639509e-26,8.32559531642522e-26,8.325595316474334e-26,8.325595316744594e-26,8.325595156871838e-26,8.325595156899482e-26,8.325595157957965e-26,8.325595156567127e-26,8.325595154812671e-26,8.325595152812062e-26,8.325595152094427e-26,8.325595152093129e-26,8.32559506894227e-26,8.325595068886153e-26,8.325595068922682e-26,8.325595068957128e-26,8.325595067568596e-26,8.325595067572059e-26,8.325595067375697e-26,8.325595067426763e-26,8.325595070234163e-26,8.325595070973473e-26,8.325595070991492e-26,8.325595071369493e-26,8.325595025951079e-26,8.325595011496406e-26,8.325595007598521e-26,8.325595007269794e-26,8.325595010755004e-26,8.325595010783823e-26,8.32559502616954e-26,8.325595026415418e-26,8.325594968904177e-26,8.325595073037264e-26,8.325595072030574e-26,8.325595113418759e-26,8.32559511320067e-26,8.325595112044999e-26,8.325595111943469e-26,8.325595111863622e-26,8.325595115015989e-26,8.325595102432731e-26,8.325595105002931e-26,8.325595104837748e-26,8.32559514718872e-26,8.325595144624961e-26,8.325595145366365e-26,8.325595138673959e-26,8.325595138448572e-26,8.325595243969134e-26,8.325595239323806e-26,8.325595239323808e-26,8.325595242379557e-26,8.325595242068245e-26,8.32559524201059e-26,8.325595243677794e-26,8.325595242864025e-26,8.325595234029017e-26,8.32559523471755e-26,8.325595268670534e-26,8.325595269730267e-26,8.325595212752644e-26,8.325595221274418e-26,8.3255951153943e-26,8.325595230132885e-26,8.325595224669389e-26,8.325595224439363e-26,8.325595225477722e-26,8.325595253324442e-26,8.325595163594499e-26,8.325595043389195e-26,8.325596735881278e-26,8.325593083967743e-26,8.3255930835642e-26,8.325593074703516e-26,8.325593074557627e-26,8.325593075161637e-26,8.325593075445024e-26,8.32559307545181e-26,8.325593075088736e-26,8.325593079352715e-26,8.325593079392371e-26,8.325593079404603e-26,8.325593084157259e-26,8.325593084157259e-26,8.325593084157257e-26,8.325593084157214e-26,8.325593084159494e-26,8.325593084098738e-26,8.325593084099477e-26,8.325593084242566e-26,8.325593085457123e-26,8.325593084764398e-26,8.325593084764401e-26,8.325593084765605e-26,8.32559308475829e-26,8.325593084766456e-26,8.325593084765537e-26,8.325593085035462e-26,8.32559308503642e-26,8.325593085049202e-26,8.325593085046178e-26,8.325593085046182e-26,8.325593085044971e-26,8.32559308504599e-26,8.325593085003082e-26,8.325593085003127e-26,8.32559308503312e-26,8.325593085033117e-26,8.325593085044008e-26,8.325593085219009e-26,8.32559307884989e-26,8.32559307884962e-26,8.325593078849788e-26,8.325593078849777e-26,8.325593078850343e-26,8.325593073245088e-26,8.325593073087667e-26,8.325593073087643e-26,8.325593073150693e-26,8.325593073257081e-26,8.325593071076599e-26,8.325593071295704e-26,8.325593071293782e-26,8.32559307130053e-26,8.325593071291611e-26,8.325593071266837e-26,8.325593071386659e-26,8.325593075094675e-26,8.325593075088156e-26,8.325593073948256e-26,8.325593073942623e-26,8.325593073913167e-26,8.325593073979964e-26,8.32559307419713e-26,8.325593088796508e-26,8.325593088796649e-26,8.325593087437396e-26,8.325593087437406e-26,8.325593087437057e-26,8.325593087436966e-26,8.325593087436721e-26,8.32559308743688e-26,8.325593085197578e-26,8.325593085446408e-26,8.325593058723764e-26,8.325592925153395e-26,8.325592925277742e-26,8.32559292547522e-26,8.325592925510429e-26,8.325592922087649e-26,8.325592920244224e-26,8.325592920201089e-26,8.325592919772294e-26,8.32559291990189e-26,8.325592920398203e-26,8.32559292020003e-26,8.325592920127246e-26,8.325592920107501e-26,8.325592920412047e-26,8.325592920391526e-26,8.325592920341737e-26,8.325592931605e-26,8.32559292168784e-26,8.325592921708996e-26,8.325592867700687e-26,8.325592867794146e-26,8.325592830623787e-26,8.325592830596738e-26,8.325592832801581e-26,8.325592839287394e-26,8.325592839246439e-26,8.325592839217624e-26,8.325592776237307e-26,8.325592776513343e-26,8.325592775898588e-26,8.32559277604999e-26,8.325592776097919e-26,8.325592776051311e-26,8.325592756718004e-26,8.325592756623953e-26,8.325592756179988e-26,8.325592776630487e-26,8.325592773979952e-26,8.325592774074463e-26,8.325592774129006e-26,8.325592773783117e-26,8.325592773778947e-26,8.325592774507055e-26,8.325592773067381e-26,8.325592779840775e-26,8.325592779739275e-26,8.325592779636845e-26,8.325592779782649e-26,8.325592837355838e-26,8.3255928377045e-26,8.325592837581868e-26,8.325592998981696e-26,8.325592000484963e-26,8.325592000451186e-26,8.325592000292805e-26,8.325592000385871e-26,8.325592000922464e-26,8.325592012890126e-26,8.325592036707067e-26,8.325592017755233e-26,8.325592017766439e-26,8.325590380033791e-26,8.325590380768754e-26,8.325590380767396e-26,8.325590380761695e-26,8.325590379725422e-26,8.325590379731489e-26,8.325590379734643e-26,8.325590379765951e-26,8.325590379759757e-26,8.325590380067332e-26,8.325590403099052e-26,8.325590402963093e-26,8.3255904029536e-26,8.325590402942296e-26,8.325590406192322e-26,8.325590406091631e-26,8.325590405917641e-26,8.325590405908703e-26,8.325590408558339e-26,8.325590407287188e-26,8.325590406412554e-26,8.325590406407396e-26,8.325590360607536e-26,8.325590360708645e-26,8.325590360804879e-26,8.325590360871677e-26,8.325590360560597e-26,8.325590360572044e-26,8.325590360608307e-26,8.325590360607409e-26,8.325590360617443e-26,8.325590359896655e-26,8.325590359896651e-26,8.325590359896785e-26,8.325590359015714e-26,8.325590359089353e-26,8.325590340642137e-26,8.325590376178455e-26,8.325590377081165e-26,8.325590376444566e-26,8.325590376671614e-26,8.325590376617675e-26,8.325590376589393e-26,8.325590376587971e-26,8.325590360575322e-26,8.325590360573938e-26,8.325590360568383e-26,8.325590360786974e-26,8.325590351614778e-26,8.325590351298907e-26,8.325590349206507e-26,8.325590349147264e-26,8.325590349236812e-26,8.325590343363187e-26,8.325590341984051e-26,8.325590342064346e-26,8.325590342066243e-26,8.325590342065354e-26,8.325590342062694e-26,8.32559034206226e-26,8.325590342062197e-26,8.325590342062964e-26,8.325590342063344e-26,8.325590340979772e-26,8.32559034114334e-26,8.325590341163132e-26,8.325590341162762e-26,8.325590341157699e-26,8.325590340957301e-26,8.325590340957086e-26,8.325590340957812e-26,8.32559034095898e-26,8.32559034095003e-26,8.32559034098023e-26,8.325590340985103e-26,8.325590340991811e-26,8.325590340969651e-26,8.325590340970632e-26,8.325590340948102e-26,8.325590340948478e-26,8.325590340948291e-26,8.325590340945341e-26,8.32559034122821e-26,8.325590341160096e-26,8.32559034062414e-26,8.325590340789084e-26,8.325590340789226e-26,8.325590340787579e-26,8.325590340784728e-26,8.325590340818124e-26,8.325590340780839e-26,8.32559034077578e-26,8.325590340798303e-26,8.325590340535645e-26,8.32559034056103e-26,8.325590340567924e-26,8.325590319784218e-26,8.325590319733033e-26,8.325590323946575e-26,8.325590323954926e-26,8.32559032396191e-26,8.32559033143549e-26,8.32559033101399e-26,8.325590331004273e-26,8.325590331573726e-26,8.325590330512375e-26,8.325590329805819e-26,8.3255903286697e-26,8.325590328659528e-26,8.325590323654831e-26,8.325590319669163e-26,8.325590320246698e-26,8.325590320263284e-26,8.325590320204479e-26,8.325590320202329e-26,8.325590320197628e-26,8.325590317602902e-26,8.32559031638094e-26,8.325590316383515e-26,8.325590314143437e-26,8.325590314141657e-26,8.325590314252442e-26,8.325590424366318e-26,8.32559042436667e-26,8.325590428554748e-26,8.325590437049921e-26,8.32559026024474e-26,8.325590194078152e-26,8.325590235859288e-26,8.325590235879209e-26,8.325590235566238e-26,8.325590235577493e-26,8.325590271066252e-26,8.325590271077282e-26,8.325590271067976e-26,8.325590271072752e-26,8.325590271048251e-26,8.325590270927286e-26,8.325590271019409e-26,8.325590270989555e-26,8.32559027098568e-26,8.325590270997043e-26,8.325590271353883e-26,8.32559027137485e-26,8.325590271849848e-26,8.325590272937284e-26,8.325590271203035e-26,8.325590273214118e-26,8.325590272567838e-26,8.325590273267176e-26,8.325590273272607e-26,8.325590273095591e-26,8.325590274018255e-26,8.325590274022311e-26,8.325590273999749e-26,8.325590284998434e-26,8.325590284998444e-26,8.325590276877778e-26,8.325590276873515e-26,8.32559027686746e-26,8.325590276863899e-26,8.325590276101538e-26,8.325590276471457e-26,8.325590240429159e-26,8.325590240137486e-26,8.325590239533611e-26,8.325590239569901e-26,8.32559023946565e-26,8.325590239467943e-26,8.325590239441547e-26,8.325590201113327e-26,8.325590201070132e-26,8.3255902016888e-26,8.325590201689924e-26,8.325590201690568e-26,8.325590201696484e-26,8.325590201697822e-26,8.325590201731376e-26,8.325590199998602e-26,8.32559019999849e-26,8.325590199821792e-26,8.325590315347439e-26,8.325590315476756e-26,8.325590315686095e-26,8.325590369424833e-26,8.325590264786952e-26,8.325590264996335e-26,8.325590264810337e-26,8.325590268752896e-26,8.32559026893826e-26,8.325590275438389e-26,8.325590275496995e-26,8.325590275530252e-26,8.325590275603783e-26,8.325590275960903e-26,8.325590275984613e-26,8.325590280136966e-26,8.325590281348615e-26,8.325590281387507e-26,8.32559028150579e-26,8.325590280005785e-26,8.325590280005785e-26,8.325590276696649e-26,8.325590276982679e-26,8.32559026083437e-26,8.325590260815668e-26,8.325590260847191e-26,8.32559026681781e-26,8.325590266829406e-26,8.32559026794647e-26,8.325590268371606e-26,8.325590268116592e-26,8.325590268125131e-26,8.325590268073474e-26,8.325590271628084e-26,8.325590271660757e-26,8.325590271686975e-26,8.325590224984353e-26,8.325590195849005e-26,8.325590191311024e-26,8.325590191311327e-26,8.325590191283052e-26,8.325590191146669e-26,8.325590191144326e-26,8.32559019113968e-26,8.325590190976009e-26,8.325590191371887e-26,8.325590209057911e-26,8.325590209050266e-26,8.325590209026563e-26,8.325590209035277e-26,8.325590209035236e-26,8.325590225728135e-26,8.325590204276457e-26,8.325590204276441e-26,8.325590204560158e-26,8.325590204173219e-26,8.325590204174495e-26,8.325590203206563e-26,8.325590223038244e-26,8.325590223003563e-26,8.325590222602043e-26,8.325590222601212e-26,8.325590223255657e-26,8.325590223719961e-26,8.325590231768154e-26,8.325590231761473e-26,8.325590233526513e-26,8.325590233517295e-26,8.325590233376392e-26,8.325590243008278e-26,8.325590242998587e-26,8.325590242998497e-26,8.325590242960178e-26,8.325590224557093e-26,8.325590224724444e-26,8.325590224837427e-26,8.325590229489175e-26,8.325590222239755e-26,8.32559022218226e-26,8.325590222170401e-26,8.325590222181109e-26,8.325590222124207e-26,8.325590222121457e-26,8.325590222244649e-26,8.325590154636966e-26,8.325590154636149e-26,8.325590154623586e-26,8.325590155483224e-26,8.325590233077991e-26,8.325590233304912e-26,8.325590233271858e-26,8.325590233205564e-26,8.325590416203602e-26,8.325590416918247e-26,8.325591300082285e-26,8.325591305908745e-26,8.325591305789195e-26,8.325591305743115e-26,8.325591305913161e-26,8.325591303376259e-26,8.325593407222093e-26,8.325593405920169e-26,8.325593373727906e-26,8.325593374026981e-26,8.32559337412508e-26,8.325593373831207e-26,8.32559337383361e-26,8.325593373876309e-26,8.325593373944579e-26,8.325593373767599e-26,8.32559337098053e-26,8.3255933950397e-26,8.325593395036075e-26,8.325593395052121e-26,8.325593394766808e-26,8.325593394724717e-26,8.325593394520331e-26,8.32559339452052e-26,8.325593394235435e-26,8.325593394352115e-26,8.325593394227482e-26,8.325593394191106e-26,8.32559339482131e-26,8.325593394820856e-26,8.325593394937406e-26,8.325593412912227e-26,8.32559338401464e-26,8.32559338096446e-26,8.325594943815113e-26,8.325594944240971e-26,8.325594952304866e-26,8.325594952303235e-26,8.325594952385049e-26,8.325594949385104e-26,8.3255949501364e-26,8.325594950223799e-26,8.325594948145356e-26,8.325594948179263e-26,8.325594948180838e-26,8.325594954362833e-26,8.325594954396483e-26,8.325594949392519e-26,8.325594949186874e-26,8.325594950108268e-26,8.325594949953349e-26,8.325594949822624e-26,8.325594929220184e-26,8.325594937697592e-26,8.32559493769759e-26,8.325594937697591e-26,8.325594937697599e-26,8.325594937697595e-26,8.325594937697593e-26,8.325594937697593e-26,8.325594937697595e-26,8.325594937697596e-26,8.325594937697595e-26,8.325594937697598e-26,8.325594937697603e-26,8.325594937697602e-26,8.325594937697602e-26,8.325594937697599e-26,8.325594937697595e-26,8.325594937697592e-26,8.325594929728444e-26,8.325594929666744e-26,8.325594929437049e-26,8.325594924990672e-26,8.325594924507534e-26,8.325594924450192e-26,8.325594924314123e-26,8.325594924315452e-26,8.325594924314019e-26,8.325594924319588e-26,8.32559492466038e-26,8.325594924712103e-26,8.325594924710314e-26,8.325594923367138e-26,8.325594923694199e-26,8.325594923779351e-26,8.32559492184141e-26,8.325594921910851e-26,8.325594926038765e-26,8.325594926032416e-26,8.325594926032416e-26,8.325594922986671e-26,8.325594921465248e-26,8.325594918870648e-26,8.325594918878604e-26,8.325594918361547e-26,8.325594979324662e-26,8.325594980689039e-26,8.32559498068917e-26,8.325594983344962e-26,8.325594983228555e-26,8.325594990297676e-26,8.325594990259614e-26,8.325594990297354e-26,8.32559497124575e-26,8.325594971301138e-26,8.325594971263723e-26,8.325594971264308e-26,8.325594971271521e-26,8.325594971270438e-26,8.325594976615601e-26,8.32559497660017e-26,8.325594976593829e-26,8.325594976596258e-26,8.325594975545342e-26,8.325595001396605e-26,8.325595001396549e-26,8.325595001225298e-26,8.325595001225073e-26,8.325595005644587e-26,8.325595005648685e-26,8.325595005635405e-26,8.3255950057298e-26,8.325595005702106e-26,8.325595005271614e-26,8.325595002599536e-26,8.325595001691663e-26,8.325595001666446e-26,8.325595001598936e-26,8.325595001401197e-26,8.325594938524889e-26,8.325594938511242e-26,8.325594938509847e-26,8.325594939330599e-26,8.325594939355662e-26,8.325594943627456e-26,8.325594943632809e-26,8.325594944024636e-26,8.325594944228939e-26,8.325594944792013e-26,8.3255949448017e-26,8.325594941170439e-26,8.325594975586317e-26,8.325594975648543e-26,8.325594975582103e-26,8.325594977768319e-26,8.325594968002543e-26,8.32559496797591e-26,8.325594992927412e-26,8.325594988958526e-26,8.325594988312462e-26,8.325594988293782e-26,8.325594988242695e-26,8.325594988171788e-26,8.325594983701256e-26,8.325594993331451e-26,8.325594993156986e-26,8.325594989992809e-26,8.325594989964828e-26,8.325594989201538e-26,8.325594989209549e-26,8.325594989253865e-26,8.325594987798879e-26,8.32559498782341e-26,8.325594987966744e-26,8.325594987965145e-26,8.325594981642761e-26,8.325594981607061e-26,8.325594974785742e-26,8.325594974805367e-26,8.325594974805367e-26,8.32559497473397e-26,8.325594974742568e-26,8.32559497474267e-26,8.325594953907244e-26,8.325594953907248e-26,8.325594952421668e-26,8.325594968644188e-26,8.325595000238729e-26,8.325595000326379e-26,8.325595000164147e-26,8.325595000189457e-26,8.325595000168076e-26,8.325595000362086e-26,8.325595000237577e-26,8.325595000242939e-26,8.325595087153243e-26,8.325595050336484e-26,8.325595050627269e-26,8.3255950506254e-26,8.325595050770519e-26,8.325595098894064e-26,8.325595098843933e-26,8.32559509886566e-26,8.325595098937152e-26,8.325595097374768e-26,8.325595097650817e-26,8.325595195564724e-26,8.325595194964355e-26,8.325595196192989e-26,8.325595330488872e-26,8.325595330488874e-26,8.325595330467941e-26,8.32559533046735e-26,8.325595330475935e-26,8.325595334443618e-26,8.325595334473339e-26,8.325595334488091e-26,8.3255953344547e-26,8.325595334454104e-26,8.325595327847766e-26,8.325595326989794e-26,8.325595326990258e-26,8.32559532670319e-26,8.325595326577308e-26,8.325595326348972e-26,8.325595326335162e-26,8.325595326335905e-26,8.325595326333366e-26,8.325595326416285e-26,8.325595326418181e-26,8.325595326418436e-26,8.325595321944524e-26,8.325595321003862e-26,8.325595321019046e-26,8.325595321018238e-26,8.325595321181033e-26,8.325595330838809e-26,8.325595330838587e-26,8.325595331343411e-26,8.325595333079514e-26,8.325595327322294e-26,8.325595327243982e-26,8.325595327179153e-26,8.325596979347665e-26,8.325596978570074e-26,8.325596976353929e-26,8.325596976346836e-26,8.325597068722726e-26,8.32559706873534e-26,8.325597068725078e-26,8.325597146016487e-26,8.325597146473546e-26,8.325597146486777e-26,8.32559714651911e-26,8.325597132974336e-26,8.3255971367822e-26,8.325597483461944e-26,8.32559748238705e-26,8.325597482729914e-26,8.325597482033647e-26,8.325597482035837e-26,8.325597481464848e-26,8.325597482107035e-26,8.325597483067919e-26,8.32559748308365e-26,8.32559748313378e-26,8.325597482960225e-26,8.325597483127812e-26,8.325597483160734e-26,8.325597483176427e-26,8.325597483175843e-26,8.325597482848327e-26,8.325597482848064e-26,8.32559748275197e-26,8.325597482861209e-26,8.32559748291024e-26,8.325597482910542e-26,8.325597482912231e-26,8.32559748291402e-26,8.325597482909284e-26,8.325597482322416e-26,8.325597481915493e-26,8.325597481900986e-26,8.325597482094226e-26,8.325597482500218e-26,8.325597482551139e-26,8.325597482471039e-26,8.325597487902508e-26,8.325597483998502e-26,8.325597483993286e-26,8.325597483200371e-26,8.325597483606056e-26,8.325597483535592e-26,8.325597483578159e-26,8.325597485228301e-26,8.325597485423109e-26,8.325597483755986e-26,8.325597485000914e-26,8.325597485037759e-26,8.325597484644612e-26,8.325597484644718e-26,8.325597484891889e-26,8.325597485093615e-26,8.325597485092096e-26,8.325597485086595e-26,8.325597485082631e-26,8.325597482418747e-26,8.325597480032767e-26,8.32559748004006e-26,8.32559748004287e-26,8.325597480051053e-26,8.325597480050932e-26,8.325597480240421e-26,8.325597481706609e-26,8.325597476687743e-26,8.325597476749338e-26,8.325597476954934e-26,8.325597475319936e-26,8.325597466474291e-26,8.325597466477493e-26,8.325597466294877e-26,8.325597466228768e-26,8.325597466556726e-26,8.325597466669508e-26,8.325597466688226e-26,8.325597466887614e-26,8.325597472578776e-26,8.325597466512635e-26,8.325597474902854e-26,8.325597475355734e-26,8.3255974753615e-26,8.325597473971563e-26,8.325597474026496e-26,8.325597473657548e-26,8.325597392335461e-26,8.325597392341134e-26,8.325597383740504e-26,8.325597383706608e-26,8.325597383833292e-26,8.325597383553951e-26,8.32559738120517e-26,8.325597381199076e-26,8.325597381486062e-26,8.325597381334806e-26,8.32559738333259e-26,8.325597359369094e-26,8.325597367637092e-26,8.32559736762786e-26,8.325597367628542e-26,8.32559736764182e-26,8.325597367777308e-26,8.325597367653846e-26,8.325597367630413e-26,8.325597367633266e-26,8.32559736734259e-26,8.325597367342593e-26,8.325597358008454e-26,8.325597357704882e-26,8.325597345538632e-26,8.325597345537767e-26,8.325597345542449e-26,8.325597345563256e-26,8.325597345583459e-26,8.325597345572277e-26,8.325597492883835e-26,8.32559749288346e-26,8.3255974930836e-26,8.325597492726907e-26,8.325597492730292e-26,8.325597492703834e-26,8.325597492697147e-26,8.325597467600488e-26,8.325597472004388e-26,8.325597472008755e-26,8.325597472929963e-26,8.325597472568018e-26,8.325597472428943e-26,8.325597472431082e-26,8.325597472431237e-26,8.325597472552325e-26,8.325597472428783e-26,8.325597472428785e-26,8.325597472428761e-26,8.325597472108987e-26,8.325597471777291e-26,8.325597485276859e-26,8.325597485277076e-26,8.325597485286849e-26,8.325597485256021e-26,8.325597482597457e-26,8.325597482608145e-26,8.325597482310751e-26,8.325597482402394e-26,8.325597482446814e-26,8.325597482445791e-26,8.325597483276824e-26,8.325597482314133e-26,8.325597482092345e-26,8.325597482089319e-26,8.325597482074462e-26,8.32559748170133e-26,8.325597481382959e-26,8.325597481276009e-26,8.325597481849993e-26,8.325597482396721e-26,8.325597482415912e-26,8.325597482387467e-26,8.325597508512019e-26,8.325597508512296e-26,8.325597508232833e-26,8.325597508231698e-26,8.325597508226677e-26,8.325597498378379e-26,8.325597498385144e-26,8.325597497981038e-26,8.325597497954927e-26,8.325597495501723e-26,8.325597495563285e-26,8.32559749591075e-26,8.325597495925122e-26,8.32559749585015e-26,8.325597496078009e-26,8.325597492346207e-26,8.325597492343798e-26,8.325597492318697e-26,8.32559749231866e-26,8.325597492318991e-26,8.325597493056717e-26,8.325597493122539e-26,8.325597493019392e-26,8.32559749319609e-26,8.325597493270734e-26,8.325597493270746e-26,8.325597493255415e-26,8.325597493831968e-26,8.325597493831971e-26,8.325597493831629e-26,8.325597493890018e-26,8.325597489920296e-26,8.325597490385567e-26,8.325597490442833e-26,8.325597478515457e-26,8.325597477896244e-26,8.325597478215493e-26,8.325597478015689e-26,8.32559747585552e-26,8.325597475649601e-26,8.325597487716208e-26,8.325597487894485e-26,8.325597490430442e-26,8.325597490459421e-26,8.325597522436612e-26,8.325597522435499e-26,8.325597522423134e-26,8.325597522461995e-26,8.32559752538232e-26,8.325597526388682e-26,8.325597526351469e-26,8.325597526348943e-26,8.325597526347017e-26,8.325597526348116e-26,8.325597526346806e-26,8.325597457473383e-26,8.325597457473672e-26,8.325597457854873e-26,8.325597458977397e-26,8.325597458925144e-26,8.32559745878379e-26,8.325597458783629e-26,8.325597458792319e-26,8.325597460678314e-26,8.325597459883003e-26,8.325597460609703e-26,8.325597460755338e-26,8.325597460740043e-26,8.325597460732231e-26,8.325597463730274e-26,8.325597463712013e-26,8.325597463319976e-26,8.325597463319443e-26,8.325597463314236e-26,8.325597463313708e-26,8.325597406054628e-26,8.325597405948323e-26,8.325597405948322e-26,8.325597405959466e-26,8.325597410082317e-26,8.325597410076661e-26,8.325597407292715e-26,8.325597407232469e-26,8.325597407139465e-26,8.325597408077985e-26,8.325597410523373e-26,8.325597410520127e-26,8.325597410511537e-26,8.32559741122386e-26,8.325597411227073e-26,8.325597411196238e-26,8.325597411191356e-26,8.325597411153081e-26,8.325597411153319e-26,8.325597411148524e-26,8.325597408627381e-26,8.325597408652407e-26,8.325597408655933e-26,8.325597409066418e-26,8.325597409089618e-26,8.325597409063315e-26,8.325597404455994e-26,8.325597409638351e-26,8.325597409639114e-26,8.325597409639451e-26,8.325597409501237e-26,8.325597409155828e-26,8.325597409125565e-26,8.325597409718369e-26,8.325597409635911e-26,8.325597409640048e-26,8.325597409709944e-26,8.325597409691145e-26,8.325597406704177e-26,8.325597406708513e-26,8.325597406708512e-26,8.325597406503222e-26,8.325597406495355e-26,8.32559740649387e-26,8.325597406742508e-26,8.325597406763496e-26,8.32559740676515e-26,8.325597406762903e-26,8.325597403741154e-26,8.325597403731491e-26,8.325597403931814e-26,8.325597405500439e-26,8.325597407401716e-26,8.325597407376077e-26,8.325597407379466e-26,8.325597403589773e-26,8.32559740359847e-26,8.32559740359813e-26,8.32559740359462e-26,8.325597403594366e-26,8.325597403594368e-26,8.325597403593297e-26,8.325597403590254e-26,8.325597403590262e-26,8.325597403601505e-26,8.32559740335743e-26,8.32559740335753e-26,8.32559740336575e-26,8.325597402879e-26,8.325597402879004e-26,8.325597402870823e-26,8.325597398407721e-26,8.325597398852263e-26,8.325597398703878e-26,8.325597401412416e-26,8.325597401737009e-26,8.325597401782493e-26,8.32559739370243e-26,8.325597393704106e-26,8.325597393703889e-26,8.32559739366051e-26,8.325597393667281e-26,8.32559739366782e-26,8.325597393691145e-26,8.325597393664222e-26,8.32559739391283e-26,8.325597393917392e-26,8.32559739388436e-26,8.325597392747135e-26,8.325597397520663e-26,8.325597397529506e-26,8.325597397790551e-26,8.325597398248903e-26,8.325597398255168e-26,8.325597398248776e-26,8.325597398575977e-26,8.325597398576373e-26,8.32559739855961e-26,8.325597398565663e-26,8.325597397848161e-26,8.325597397886954e-26,8.325597397843214e-26,8.325597397647019e-26,8.325597397685359e-26,8.325597383300955e-26,8.325597383301472e-26,8.325597383305194e-26,8.325597383308146e-26,8.325597383345741e-26,8.325597383348048e-26,8.325597401317313e-26,8.325597401301236e-26,8.325597412480951e-26,8.325597409615925e-26,8.325597409725534e-26,8.325597409756005e-26,8.325597410689652e-26,8.32559741096686e-26,8.32559741096742e-26,8.325597373980097e-26,8.325597373980169e-26,8.325597332740998e-26,8.325597332745792e-26,8.32559734742025e-26,8.325597358182037e-26,8.325597358178508e-26,8.325597357962108e-26,8.325597357716144e-26,8.325597331432023e-26,8.325597340998094e-26,8.325597329353063e-26,8.32559732936403e-26,8.325597330671836e-26,8.325597324115595e-26,8.325597324140355e-26,8.325597324203835e-26,8.325597324222552e-26,8.325597324258253e-26,8.325597324234913e-26,8.325597323888102e-26,8.325597347566319e-26,8.325597347576252e-26,8.325597332930257e-26,8.32559733292308e-26,8.325597332917361e-26,8.325597332843507e-26,8.325597323807953e-26,8.325597354647498e-26,8.325597354647487e-26,8.325597365595114e-26,8.325597365776551e-26,8.325597365831281e-26,8.325597370673034e-26,8.325597370451301e-26,8.325597357210726e-26,8.325597357132756e-26,8.325597376551035e-26,8.325597377035683e-26,8.325597377038473e-26,8.325597376864533e-26,8.325597385379798e-26,8.325597384641074e-26,8.325597384714252e-26,8.32559735180478e-26,8.325597325135178e-26,8.325597305647802e-26,8.325597305650482e-26,8.32559730569094e-26,8.325597305833051e-26,8.325597304906314e-26,8.325597304294168e-26,8.325597304345185e-26,8.32559730742354e-26,8.325597307474998e-26,8.325597307475109e-26,8.325597367786274e-26,8.325597367693092e-26,8.325597366561062e-26,8.325597372282074e-26,8.325597373284772e-26,8.325597373216973e-26,8.325597371600495e-26,8.325597371598505e-26,8.325597371592885e-26,8.325597372967757e-26,8.325597356471645e-26,8.325597305467556e-26,8.325597305401844e-26,8.325597305390066e-26,8.325597305503651e-26,8.325597325251151e-26,8.325597324182626e-26,8.325597324052577e-26,8.32559730427647e-26,8.32559731787314e-26,8.32559731743958e-26,8.325597317467299e-26,8.325597317330766e-26,8.325597345268439e-26,8.325597345265185e-26,8.325597344140307e-26,8.325597344161392e-26,8.325597343434589e-26,8.32559734439136e-26,8.325597344564247e-26,8.325597344619784e-26,8.325597346782882e-26,8.32559734681722e-26,8.325597346749087e-26,8.325597349672687e-26,8.325597349664741e-26,8.325597349665818e-26,8.325597349590892e-26,8.325597349589756e-26,8.32559734964471e-26,8.325597349644891e-26,8.325597349681802e-26,8.325597349732638e-26,8.325597349735952e-26,8.325597350084621e-26,8.325597345598807e-26,8.325597345601715e-26,8.325597345582705e-26,8.325597345590312e-26,8.325597372881188e-26,8.325597372873472e-26,8.325597372878796e-26,8.32559737272114e-26,8.325597310295282e-26,8.325597308821167e-26,8.325597308815486e-26,8.325597308436535e-26,8.325597309316034e-26,8.325597309300655e-26,8.325597308696597e-26,8.325597308391082e-26,8.325597374266956e-26,8.325597373614631e-26,8.325597373945585e-26,8.3255973739452e-26,8.325597369706871e-26,8.325597369705919e-26,8.325597369713925e-26,8.325597370027648e-26,8.32559737002674e-26,8.325597370568133e-26,8.325597370494125e-26,8.325597370475668e-26,8.325597378671863e-26,8.325597378517718e-26,8.325597378533441e-26,8.325597378451941e-26,8.325597378437177e-26,8.325597378404481e-26,8.325597378386119e-26,8.325597375860607e-26,8.325597374608031e-26,8.325597371321222e-26,8.325597371312729e-26,8.32559736366079e-26,8.325597363665191e-26,8.325597361128178e-26,8.32559736047649e-26,8.325597358115212e-26,8.32559735812035e-26,8.325597358118245e-26,8.325597358143452e-26,8.325597358115086e-26,8.325597358101268e-26,8.325597356633063e-26,8.325597357286481e-26,8.325597357913357e-26,8.325597357878153e-26,8.325597357885874e-26,8.325597357946398e-26,8.325597358011969e-26,8.32559735820483e-26,8.325597357597548e-26,8.325597357611931e-26,8.325597357592579e-26,8.325597356873872e-26,8.325597357050092e-26,8.325597362351129e-26,8.325597361612589e-26,8.325597361614481e-26,8.325597350762375e-26,8.325597350760072e-26,8.325597352679508e-26,8.325597352685434e-26,8.325597352706035e-26,8.325597310281271e-26,8.325597313390196e-26,8.32559731340974e-26,8.32559730934208e-26,8.325597306779101e-26,8.32559730711475e-26,8.325597306472966e-26,8.325597306486465e-26,8.325597308340616e-26,8.325597311844507e-26,8.32559731177849e-26,8.325597311630215e-26,8.325597311627645e-26,8.325597313012974e-26,8.32559731296186e-26,8.325597312962501e-26,8.325597312963648e-26,8.325597312975797e-26,8.325597308841743e-26,8.325597308738798e-26,8.325597308719903e-26,8.325597310006674e-26,8.325597307477585e-26,8.325597307280844e-26,8.325597300065716e-26,8.325597299560953e-26,8.325597299481624e-26,8.325597304096511e-26,8.3255973041149e-26,8.325597304307064e-26,8.325597304448466e-26,8.325597304776593e-26,8.325597304776012e-26,8.32559730412277e-26,8.325597303910273e-26,8.325597304108654e-26,8.325597304108292e-26,8.325597304096368e-26,8.325597303787333e-26,8.325597300841066e-26,8.325597301153051e-26,8.32559730114956e-26,8.32559730126316e-26,8.325597301264548e-26,8.325597301246914e-26,8.325597301386617e-26,8.325597301383882e-26,8.325597301389817e-26,8.325597301390996e-26,8.325597301479014e-26,8.32559730150814e-26,8.325597301500298e-26,8.325597302119343e-26,8.325597295337148e-26,8.32559729534217e-26,8.325597295364702e-26,8.325597295517536e-26,8.325597308058444e-26,8.32559730805373e-26,8.325597308035624e-26,8.325597308894023e-26,8.325597317537401e-26,8.32559731731323e-26,8.325597317310274e-26,8.325598316948816e-26,8.325598313689884e-26,8.325598313658475e-26,8.325598313512768e-26,8.325598313465541e-26,8.325597800231534e-26,8.325597800241903e-26,8.325597800232937e-26,8.325597800390508e-26,8.325597800423143e-26,8.325597800214528e-26,8.325597877272638e-26,8.325597877310412e-26,8.325597876915602e-26,8.325597875092279e-26,8.325597871333844e-26,8.325597871332579e-26,8.325597871332164e-26,8.325597871153328e-26,8.325597871405616e-26,8.32559786967033e-26,8.325597867507686e-26,8.325597867463722e-26,8.325597867382741e-26,8.325597867348823e-26,8.325597866986596e-26,8.32559786700318e-26,8.325597866049979e-26,8.325597866083924e-26,8.325597866052525e-26,8.325597866398085e-26,8.325597865314092e-26,8.325597865299447e-26,8.325597865326738e-26,8.32559786394398e-26,8.325597863945281e-26,8.325597863953345e-26,8.325597863850151e-26,8.325597865969548e-26,8.32559786597684e-26,8.325597867166077e-26,8.325597867161781e-26,8.325597867253081e-26,8.32559786725412e-26,8.325597866850115e-26,8.325597866836411e-26,8.325597866714184e-26,8.325597857162168e-26,8.325597857153353e-26,8.325597857144322e-26,8.325597855399776e-26,8.325597856381141e-26,8.325597856306898e-26,8.325597856633747e-26,8.325597856645266e-26,8.325597856549279e-26,8.325597856077097e-26,8.325597856077102e-26,8.325597854345412e-26,8.325597854413116e-26,8.325597854409142e-26,8.325597851873295e-26,8.325597851119309e-26,8.325597851142491e-26,8.325597851572129e-26,8.325597851584466e-26,8.3255978515827e-26,8.325597851582505e-26,8.325597851581839e-26,8.325597851603389e-26,8.3255978492006e-26,8.32559784906042e-26,8.325597849412618e-26,8.325597849419838e-26,8.325597849419875e-26,8.325597849418495e-26,8.325597849405247e-26,8.325597850707254e-26,8.32559785065574e-26,8.325597850461399e-26,8.325597851894174e-26,8.325597851835835e-26,8.325597855354474e-26,8.325597855418601e-26,8.325597855711917e-26,8.325597855472795e-26,8.325597855496402e-26,8.325597852080466e-26,8.325597864679903e-26,8.325597864660301e-26,8.325597847565062e-26,8.325597850906964e-26,8.325597850895439e-26,8.325597851564395e-26,8.325597769584297e-26,8.325597769569353e-26,8.325597767093384e-26,8.325597770193997e-26,8.325597770255536e-26,8.325597769609574e-26,8.325597769607389e-26,8.325597768275185e-26,8.325597768274897e-26,8.325597772738971e-26,8.325597772732836e-26,8.325597778734148e-26,8.325597776396996e-26,8.325597775813401e-26,8.325597769627965e-26,8.32559776958497e-26,8.325597769586254e-26,8.325597760071133e-26,8.325597760069187e-26,8.325597756078018e-26,8.325597756009619e-26,8.325597751695353e-26,8.325597751714079e-26,8.325597746939198e-26,8.325597746939529e-26,8.32559774696718e-26,8.325597746712022e-26,8.325597813478546e-26,8.325597813513397e-26,8.325597813517535e-26,8.325597813574694e-26,8.325597773245392e-26,8.325597773328018e-26,8.325597772993304e-26,8.325597772833992e-26,8.325597772834883e-26,8.325597773306883e-26,8.325597773333276e-26,8.325597773298823e-26,8.325597773338355e-26,8.325597779864127e-26,8.325597779867727e-26,8.325597781107973e-26,8.32559778112322e-26,8.325597807147425e-26,8.325597806886984e-26,8.325597806885068e-26,8.325597806849659e-26,8.325597810256992e-26,8.325597919103449e-26,8.325597920093188e-26,8.325597931477e-26,8.325597928967078e-26,8.325597928848194e-26,8.325597928845896e-26,8.325597941322839e-26,8.325597941275818e-26,8.325597941276264e-26,8.325597941275866e-26,8.325597941279292e-26,8.325597941270493e-26,8.325597941301652e-26,8.32559794146777e-26,8.325597941467144e-26,8.325597941459664e-26,8.325597941533513e-26,8.325597941517584e-26,8.325597941570805e-26,8.325597941570765e-26,8.325597918876974e-26,8.325597918878727e-26,8.325597918876675e-26,8.325597918876772e-26,8.325597918950318e-26,8.325597918949656e-26,8.325597919075273e-26,8.325597919074982e-26,8.325597919076079e-26,8.325597918890696e-26,8.325597918968013e-26,8.325597919040998e-26,8.325597918957092e-26,8.325597920158157e-26,8.325597920204943e-26,8.325597920275348e-26,8.32559792039625e-26,8.325597920396229e-26,8.325597920385456e-26,8.325597920384611e-26,8.325597920344828e-26,8.32559792034429e-26,8.325597920342746e-26,8.325597920163168e-26,8.325597920165223e-26,8.325597921319373e-26,8.325597921308809e-26,8.325597921310095e-26,8.325597921308862e-26,8.325597921308811e-26,8.325597921355404e-26,8.325597921291215e-26,8.325597921291079e-26,8.32559792149181e-26,8.325597921490231e-26,8.325597921488212e-26,8.325597921229078e-26,8.325597921040105e-26,8.325597921034534e-26,8.325597921028787e-26,8.325597920565434e-26,8.325597920286327e-26,8.325597920286803e-26,8.325597920528038e-26,8.325597920533863e-26,8.325597920525768e-26,8.325597920401464e-26,8.32559792049523e-26,8.325597920495252e-26,8.325597920456912e-26,8.325597920438021e-26,8.325597920438018e-26,8.325597920378045e-26,8.325597920363398e-26,8.325597920675031e-26,8.325597920692315e-26,8.32559792069971e-26,8.325597920699557e-26,8.325597920698904e-26,8.325597920710421e-26,8.325597920711531e-26,8.325597920707649e-26,8.325597923029902e-26,8.325597921887605e-26,8.325597921872151e-26,8.325597922022536e-26,8.325597919427509e-26,8.325597926102996e-26,8.325597926103517e-26,8.325597932473303e-26,8.325597936364302e-26,8.32559793636444e-26,8.325597936365082e-26,8.325597936155988e-26,8.325597935793708e-26,8.325597935798654e-26,8.325597936040259e-26,8.325597936054306e-26,8.325597936014969e-26,8.325597936013146e-26,8.325597936012085e-26,8.325597935980992e-26,8.325597935970768e-26,8.325597936045552e-26,8.325597936044816e-26,8.325597936059487e-26,8.325597936052587e-26,8.325597936054333e-26,8.325597936056537e-26,8.325597936058021e-26,8.325597936081468e-26,8.325597936074804e-26,8.325597936075119e-26,8.32559793604293e-26,8.325597935965187e-26,8.325597935970262e-26,8.325597934477295e-26,8.325597934479516e-26,8.325597934481513e-26,8.325597934481513e-26,8.325597934343783e-26,8.325597933564523e-26,8.325597933550154e-26,8.325597933529574e-26,8.325597933550538e-26,8.325597933335946e-26,8.32559793329744e-26,8.325597933330326e-26,8.325597933326568e-26,8.325597931482454e-26,8.325597932696787e-26,8.325597933281097e-26,8.325597934063573e-26,8.325597934063653e-26,8.32559793431495e-26,8.325597934377203e-26,8.325597945463489e-26,8.325597946178572e-26,8.3255979442268e-26,8.325597942995936e-26,8.325597936824707e-26,8.325597936690767e-26,8.325597936726514e-26,8.325597936771227e-26,8.325597936805062e-26,8.325597936824852e-26,8.325597938785905e-26,8.325597938797741e-26,8.325597938795714e-26,8.325597938829839e-26,8.325597938830464e-26,8.325597938794978e-26,8.325597938895172e-26,8.325597938350296e-26,8.325597946293869e-26,8.32559794629392e-26,8.32559794631159e-26,8.325597946311594e-26,8.325597946117749e-26,8.325597946116574e-26,8.325597914314437e-26,8.32559791434958e-26,8.325597914324572e-26,8.325597914544213e-26,8.325597914567486e-26,8.325597913134577e-26,8.325597913134785e-26,8.325597912015671e-26,8.325597911977145e-26,8.325597912041323e-26,8.325597912023499e-26,8.325597912053983e-26,8.325597910906182e-26,8.325597910906864e-26,8.3255979109078e-26,8.325597902003398e-26,8.325597902001687e-26,8.325597902000756e-26,8.325597901986524e-26,8.325597901995457e-26,8.325597902124938e-26,8.325597902201412e-26,8.325597902205872e-26,8.325597902223438e-26,8.325597902223454e-26,8.325597902138482e-26,8.325597890095161e-26,8.325597890076227e-26,8.325597890142307e-26,8.32559789016597e-26,8.325597890161174e-26,8.325597890195319e-26,8.325597890214617e-26,8.325597890215012e-26,8.32559789086602e-26,8.325597890943404e-26,8.325597900926778e-26,8.3255979010111e-26,8.325597900750509e-26,8.325597900655752e-26,8.325597900577212e-26,8.325597901542394e-26,8.325597901648721e-26,8.325597901618633e-26,8.325597901323705e-26,8.325597901045732e-26,8.325597901038736e-26,8.325597900952469e-26,8.325597900933707e-26,8.325597900933713e-26,8.325597900775191e-26,8.325597900261212e-26,8.325597900264304e-26,8.325597900321264e-26,8.325597900258711e-26,8.325597900256088e-26,8.3255978993733e-26,8.325597899343361e-26,8.32559789935758e-26,8.325597900010385e-26,8.325597900017128e-26,8.325597899946521e-26,8.32559789999037e-26,8.325597899992829e-26,8.325597899997957e-26,8.325597900247645e-26,8.325597900247685e-26,8.325597900412368e-26,8.325597872382696e-26,8.325597872289184e-26,8.325597872289406e-26,8.325597818971863e-26,8.325597818970807e-26,8.325597819008077e-26,8.325597819008078e-26,8.325597819007135e-26,8.3255978189821e-26,8.325597818890913e-26,8.325597818848338e-26,8.325597818808718e-26,8.325597818663789e-26,8.32559781886939e-26,8.32559781886938e-26,8.325597818869362e-26,8.325597818868502e-26,8.325597818869462e-26,8.325597818873435e-26,8.325597818340342e-26,8.325597818360148e-26,8.325597818360725e-26,8.325597818058698e-26,8.325597818773464e-26,8.325597818762061e-26,8.325597818762884e-26,8.325597816127034e-26,8.32559781612713e-26,8.325597816120658e-26,8.325597816111705e-26,8.325597816128119e-26,8.325597816485035e-26,8.325597816537133e-26,8.325597816916575e-26,8.325597816916675e-26,8.325597816916565e-26,8.325597816912594e-26,8.325597802341702e-26,8.32559780347207e-26,8.325597802826736e-26,8.325597859801313e-26,8.32559785978577e-26,8.325597855403794e-26,8.325597859058229e-26,8.325597859057571e-26,8.325597859085955e-26,8.325597859085539e-26,8.325597859474587e-26,8.325597859475527e-26,8.325597859482056e-26,8.32559785952781e-26,8.325597859272875e-26,8.325597859395459e-26,8.32559785939516e-26,8.325597833520272e-26,8.32559783917327e-26,8.325597840533813e-26,8.325597840528751e-26,8.325597840529499e-26,8.325597840529478e-26,8.325597840325901e-26,8.325597840305145e-26,8.325597838598443e-26,8.325597830747178e-26,8.325597830808419e-26,8.325597830853125e-26,8.32559784037073e-26,8.325597840370726e-26,8.325597840385297e-26,8.325597840385296e-26,8.325597840451267e-26,8.325597840650897e-26,8.325597840644693e-26,8.325597842124778e-26,8.325597842126034e-26,8.325597842136291e-26,8.32559784213642e-26,8.325597843665653e-26,8.325597843722585e-26,8.325597843528197e-26,8.325597843523144e-26,8.325597848147869e-26,8.325597848402335e-26,8.32559784500284e-26,8.325597844995301e-26,8.325597844995159e-26,8.325597844398706e-26,8.325597844387084e-26,8.325597844599685e-26,8.325597843197525e-26,8.32559784319331e-26,8.325597837278504e-26,8.325597840824953e-26,8.325597840830417e-26,8.325597874945222e-26,8.325597903414805e-26,8.325597900156451e-26,8.325597897108062e-26,8.325597897221454e-26,8.325597896738807e-26,8.325599954852767e-26,8.325599955467765e-26,8.325599956215169e-26,8.325599956260392e-26,8.325599956293959e-26,8.325599955400625e-26,8.325599954705842e-26,8.325599950292936e-26,8.32559995032716e-26,8.325599950322365e-26,8.325599958892704e-26,8.325599959225273e-26,8.32559995756811e-26,8.325599959656192e-26,8.325599959771845e-26,8.32559995978625e-26,8.325599959780969e-26,8.325599959780292e-26,8.325599959803662e-26,8.325599959519466e-26,8.325599959519293e-26,8.325599959548565e-26,8.325599955698333e-26,8.325600015733787e-26,8.325600016292789e-26,8.32560001583398e-26,8.325600015810344e-26,8.325600015895009e-26,8.325600018082313e-26,8.325600018089032e-26,8.325600035371898e-26,8.32560003547605e-26,8.325600034929929e-26,8.325600035175046e-26,8.325600035174759e-26,8.325600035122256e-26,8.325600035227926e-26,8.325600035205027e-26,8.325600035426051e-26,8.325600033691506e-26,8.325600033353279e-26,8.325600033354527e-26,8.325600033357401e-26,8.325600034435152e-26,8.325600034434949e-26,8.325600020047773e-26,8.325600020050748e-26,8.325600020054537e-26,8.325600020092403e-26,8.325600008188486e-26,8.325600008254915e-26,8.325600008259067e-26,8.325600008280557e-26,8.32560000465275e-26,8.325600007154708e-26,8.325600007166836e-26,8.325600007147166e-26,8.325599974372001e-26,8.325599974383983e-26,8.325599974179688e-26,8.32559997421101e-26,8.325599974063796e-26,8.32559997351766e-26,8.325599989377861e-26,8.325599918055998e-26,8.325599919946798e-26,8.325599919973699e-26,8.325599910963958e-26,8.325599910946018e-26,8.32559991011813e-26,8.325599910042743e-26,8.325599844935557e-26,8.325599844942116e-26,8.325599844225106e-26,8.325599844004669e-26,8.325599843490183e-26,8.325599843240659e-26,8.325599842774127e-26,8.325599842777744e-26,8.325599843667785e-26,8.325599843723238e-26,8.325599843817351e-26,8.325599843824323e-26,8.325599843918385e-26,8.325599843909146e-26,8.325599843909882e-26,8.325599843907983e-26,8.325599847071346e-26,8.325599848310172e-26,8.325599848320917e-26,8.32559984832032e-26,8.325599848408476e-26,8.325599848429043e-26,8.325599848472724e-26,8.325599848490159e-26,8.325599848490301e-26,8.325599848489868e-26,8.325599848534975e-26,8.325599848495838e-26,8.325599848495833e-26,8.325599847030744e-26,8.325599847029542e-26,8.325599884625725e-26,8.325599884449354e-26,8.325599884443813e-26,8.325599884443472e-26,8.325599884469231e-26,8.325599884385092e-26,8.325599884163066e-26,8.3255998841615e-26,8.325599884155272e-26,8.325599884105693e-26,8.325599884002988e-26,8.325599883968927e-26,8.325599883967706e-26,8.325599881703733e-26,8.325599881704135e-26,8.325599882641397e-26,8.325599882643091e-26,8.325599882657583e-26,8.325599882801899e-26,8.325599883053785e-26,8.325599883056296e-26,8.325599882920603e-26,8.325599882923453e-26,8.325599882573503e-26,8.325599882601656e-26,8.325599882599783e-26,8.325599882601445e-26,8.325599881897302e-26,8.325599881631191e-26,8.325599881411116e-26,8.325599881516507e-26,8.325599881472725e-26,8.325599881351169e-26,8.325599881967852e-26,8.325599882865636e-26,8.325599879514679e-26,8.325599878496391e-26,8.32559987650194e-26,8.325600482718344e-26,8.325600482817981e-26,8.32560048506397e-26,8.325600485064047e-26,8.32560048506412e-26,8.32560048505306e-26,8.325600503082608e-26,8.32560051971936e-26,8.325600517663862e-26,8.325600514657128e-26,8.325600514691216e-26,8.325600512869574e-26,8.325600513555821e-26,8.325600513541264e-26,8.325600494815923e-26,8.325600494821809e-26,8.32560049482771e-26,8.325600494821682e-26,8.325600496573635e-26,8.32560049095634e-26,8.325600490885055e-26,8.325600489842298e-26,8.32560049029062e-26,8.325600490301192e-26,8.32560049030246e-26,8.325600490337933e-26,8.325600490137976e-26,8.325600489590591e-26,8.325600492433538e-26,8.325600491071129e-26,8.325600495084416e-26,8.325600495098082e-26,8.325600495306243e-26,8.325600495444274e-26,8.325600495593424e-26,8.325600493739089e-26,8.325600493766266e-26,8.325600493394631e-26,8.325600493398509e-26,8.325600496260211e-26,8.325600496197341e-26,8.325600497736143e-26,8.325600497756007e-26,8.325600497756987e-26,8.325600497756135e-26,8.325600497739877e-26,8.325600496370911e-26,8.325600491304762e-26,8.325600491169753e-26,8.325600490889182e-26,8.325600494211491e-26,8.325600494425309e-26,8.325600494424267e-26,8.325600496544808e-26,8.325600496543351e-26,8.325600496141157e-26,8.325600496646922e-26,8.325600496646633e-26,8.325600496652096e-26,8.325600496640012e-26,8.32560049664685e-26,8.325600082597848e-26,8.32560008259341e-26,8.325600077541315e-26,8.325600163265764e-26,8.325600163474587e-26,8.32560016113536e-26,8.325600167238467e-26,8.325600165054278e-26,8.325600165059327e-26,8.325600165081762e-26,8.325600186968588e-26,8.325600187791802e-26,8.325600184698503e-26,8.325600184687072e-26,8.325600185245622e-26,8.325600182701136e-26,8.325600182703056e-26,8.325600182667097e-26,8.325600316617261e-26,8.325600317794033e-26,8.325600317763026e-26,8.325600326789553e-26,8.325600326791882e-26,8.325600324092808e-26,8.325600264828132e-26,8.3256002648073e-26,8.325600265561441e-26,8.325600263636087e-26,8.325600267981146e-26,8.325600267796515e-26,8.325600267797292e-26,8.325600265630716e-26,8.325600264411079e-26,8.3256002688049e-26,8.325600268797533e-26,8.325600265500725e-26,8.325600265487922e-26,8.325600265501478e-26,8.325600265388594e-26,8.325600265388507e-26,8.325600264912991e-26,8.325600264009624e-26,8.325600263487931e-26,8.325600263281625e-26,8.32560026315655e-26,8.325600263178875e-26,8.325600263178994e-26,8.325600263180385e-26,8.325600263171484e-26,8.325600261996198e-26,8.325600261998739e-26,8.325600258908385e-26,8.325600258910096e-26,8.325600258900187e-26,8.325600264101569e-26,8.325600264099952e-26,8.325600270823645e-26,8.32560025828697e-26,8.325600261039881e-26,8.32560026094512e-26,8.325600260364538e-26,8.325600260364063e-26,8.325600260241133e-26,8.3256002603642e-26,8.325600260449499e-26,8.325600185854461e-26,8.325600185857676e-26,8.325600187418252e-26,8.325600190228493e-26,8.325600191700737e-26,8.325600191804232e-26,8.325600190160916e-26,8.325600190173525e-26,8.325600190430524e-26,8.325600190413263e-26,8.325600194624674e-26,8.325600194660793e-26,8.325600194661627e-26,8.325600191705707e-26,8.32560019475323e-26,8.325600197265487e-26,8.325600197279237e-26,8.325600198235287e-26,8.325600197023844e-26,8.32560019696937e-26,8.32560023168593e-26,8.325600231689183e-26,8.325600231700139e-26,8.32560023764783e-26,8.325600237647732e-26,8.325600237720678e-26,8.325600237767674e-26,8.325600236813552e-26,8.325600236740666e-26,8.325600236699247e-26,8.325600235767123e-26,8.325600235834897e-26,8.325600238122407e-26,8.325600238119536e-26,8.325600238078183e-26,8.325600238077964e-26,8.325600238083423e-26,8.325600238089728e-26,8.32560022880614e-26,8.32560023227793e-26,8.325600236115146e-26,8.325600236098769e-26,8.325600207405691e-26,8.325600206388566e-26,8.32560020637688e-26,8.325600200809808e-26,8.325600189659206e-26,8.325600191080698e-26,8.325600191083133e-26,8.325600191081094e-26,8.325600204606341e-26,8.325600204536932e-26,8.325600204568813e-26,8.325600204569047e-26,8.325600203283744e-26,8.325600202903836e-26,8.325600205209875e-26,8.325600205272972e-26,8.325600213621288e-26,8.325600210679928e-26,8.325600213101566e-26,8.325600213101557e-26,8.325600213147901e-26,8.325600213113076e-26,8.325600217654762e-26,8.325600217535662e-26,8.325600217536583e-26,8.325600217546955e-26,8.325600219011516e-26,8.325600218448475e-26,8.32560022456378e-26,8.325600223963163e-26,8.325600224043548e-26,8.325600223314243e-26,8.32560022517893e-26,8.325600225043216e-26,8.325600225112517e-26,8.325600237664361e-26,8.325600253457012e-26,8.325600253457938e-26,8.325600253050697e-26,8.325600253635728e-26,8.325600244337976e-26,8.325600244447268e-26,8.325600246212814e-26,8.325600246214821e-26,8.325600246216475e-26,8.325600245368955e-26,8.325600245366492e-26,8.325600245534362e-26,8.325600263618809e-26,8.325600263621462e-26,8.325600263646552e-26,8.325600263607484e-26,8.32560026360775e-26,8.325600262791382e-26,8.325600262779821e-26,8.325600262779358e-26,8.325600262777577e-26,8.325600262764195e-26,8.325600262754106e-26,8.325600262784034e-26,8.325600262783918e-26,8.32560026278401e-26,8.325600262784056e-26,8.325600263452014e-26,8.325600263452137e-26,8.325600263444576e-26,8.325600263444778e-26,8.325600263364762e-26,8.325600263382986e-26,8.325600263382999e-26,8.325600263608194e-26,8.325600263679397e-26,8.325600263726258e-26,8.325600264965019e-26,8.325600264970243e-26,8.325600265526274e-26,8.325600265864758e-26,8.325600275973015e-26,8.325600268844366e-26,8.325600272439412e-26,8.325600272439409e-26,8.325600273279868e-26,8.325600273241452e-26,8.325600273240352e-26,8.325600261893373e-26,8.325600261861074e-26,8.3256002615435e-26,8.325600276154472e-26,8.325600276152375e-26,8.325600276159741e-26,8.325600276159549e-26,8.325600276161809e-26,8.325600276152031e-26,8.325600276152232e-26,8.325600276206255e-26,8.325600276209293e-26,8.325600276209529e-26,8.325600276343087e-26,8.325600276367082e-26,8.325600276274233e-26,8.325600276273678e-26,8.325600276271468e-26,8.325600276260342e-26,8.325600276261041e-26,8.325600276325103e-26,8.325600276360355e-26,8.325600276364552e-26,8.325600276364643e-26,8.325600276365971e-26,8.325600276366098e-26,8.325600276390493e-26,8.325600276521885e-26,8.325600276541004e-26,8.325600276591188e-26,8.325600276590218e-26,8.325600276588516e-26,8.325600276546258e-26,8.325600276539466e-26,8.325600276539337e-26,8.325600276200016e-26,8.325600276174294e-26,8.325600276228936e-26,8.325600251892266e-26,8.325600244255673e-26,8.325600244257746e-26,8.32560024428963e-26,8.325600243367218e-26,8.325600793393602e-26,8.325600784656115e-26,8.325600784656114e-26,8.325600785558118e-26,8.325600785766954e-26,8.325600785724934e-26,8.325600781306338e-26,8.325600781253563e-26,8.325600781253562e-26,8.325600781242419e-26,8.325600773922892e-26,8.325600775172568e-26,8.325600777779307e-26,8.325600776195555e-26,8.325600777110091e-26,8.325600776061218e-26,8.325600775818026e-26,8.325600775873133e-26,8.32560077505363e-26,8.325600775546609e-26,8.325600772661787e-26,8.32560077203391e-26,8.325600780005768e-26,8.325600775727561e-26,8.325600792683113e-26,8.325600792695282e-26,8.325600792679816e-26,8.325600792626576e-26,8.325600803607786e-26,8.325600801053805e-26,8.325600795061335e-26,8.325600795108232e-26,8.325600795125506e-26,8.325600795135317e-26,8.325600777435513e-26,8.325600778666845e-26,8.325600778507861e-26,8.325600773678809e-26,8.325600751776804e-26,8.32560075170659e-26,8.325600756081848e-26,8.325600756097617e-26,8.325600754364384e-26,8.325600754318306e-26,8.325600754495846e-26,8.325600767645687e-26,8.325600757201082e-26,8.325600792491039e-26,8.325600790540944e-26,8.32560075008331e-26,8.325600750203376e-26,8.325600773439865e-26,8.32560078606042e-26,8.325600786060417e-26,8.325600784102159e-26,8.325600792362443e-26,8.325600788810651e-26,8.325600788433313e-26,8.32560078838623e-26,8.325600753693209e-26,8.325600740566197e-26,8.325600747013725e-26,8.325600797231291e-26,8.325600806423098e-26,8.325600783274139e-26,8.325600780592007e-26,8.325600796808166e-26,8.325600800351889e-26,8.325600770240957e-26,8.325600770252385e-26,8.325600772583698e-26,8.325600779309478e-26,8.325600777868738e-26,8.325600780797756e-26,8.325600781519466e-26,8.325600796575184e-26,8.325600787689317e-26,8.325600787777853e-26,8.325600798696743e-26,8.32560080469168e-26,8.325600799206602e-26,8.325600799197077e-26,8.325600797702695e-26,8.325600794067617e-26,8.325600794083304e-26,8.325600794133354e-26,8.32560079423868e-26,8.325600791122853e-26,8.325600774858524e-26,8.325600773004389e-26,8.325600774426903e-26,8.325600776104323e-26,8.325600776535252e-26,8.3256007767157e-26,8.325600778832198e-26,8.325600787017524e-26,8.325600779952021e-26,8.32560078454833e-26,8.325600802777035e-26,8.325600798310861e-26,8.32560079177006e-26,8.325600788067017e-26,8.325600793793231e-26,8.32560079187693e-26,8.325600796604739e-26,8.325600796625776e-26,8.325600779462795e-26,8.325600779632441e-26,8.325600779060823e-26,8.325600787092647e-26,8.325600804852489e-26,8.325600804842278e-26,8.325600827612165e-26,8.32560082750975e-26,8.325600833346734e-26,8.325600833465406e-26,8.32560083400834e-26,8.325600834266138e-26,8.32560083425088e-26,8.325602212823611e-26,8.325602210170583e-26,8.325602203164236e-26,8.325602203169179e-26,8.325602203195771e-26,8.32560220316167e-26,8.325602203191535e-26,8.32560220319427e-26,8.325602207736538e-26,8.325602191884479e-26,8.325602205986067e-26,8.325602207292702e-26,8.32560223419972e-26,8.32560221020464e-26,8.325602210221622e-26,8.325602221917544e-26,8.325602217810544e-26,8.325602217805258e-26,8.325602207082926e-26,8.325602205525583e-26,8.325602209706252e-26,8.325602209720756e-26,8.325602209733246e-26,8.325602200349254e-26,8.325602201552903e-26,8.325602205249105e-26,8.325602205085543e-26,8.325602188567538e-26,8.325602188533478e-26,8.325602188519668e-26,8.325602188292242e-26,8.325602188271595e-26,8.325602188175461e-26,8.325602188512103e-26,8.325602188551273e-26,8.325602188587347e-26,8.325602188561228e-26,8.325602188461547e-26,8.325602184769111e-26,8.325602227563173e-26,8.325602173272663e-26,8.325602186023611e-26,8.325602208919072e-26,8.325602208403456e-26,8.325602208419827e-26,8.325602205609499e-26,8.325602218834384e-26,8.325602218796751e-26,8.325602218811229e-26,8.325602218815322e-26,8.325602218805643e-26,8.325602236580485e-26,8.325602250174535e-26,8.325602240364643e-26,8.32560222987473e-26,8.325602191906448e-26,8.325602191515482e-26,8.325602142921966e-26,8.325602144537653e-26,8.325602144485752e-26,8.325602138747745e-26,8.325597998831403e-26,8.325598005177154e-26,8.325597997452357e-26,8.325597999598247e-26,8.325598001548919e-26,8.32559798344665e-26,8.325597993383425e-26,8.325597998241757e-26,8.325597997009054e-26,8.32559798876435e-26,8.325597988707053e-26,8.32559798870087e-26,8.32559798864987e-26,8.325597997811154e-26,8.325597997475833e-26,8.325598318093857e-26,8.325598331556394e-26,8.325598331439442e-26,8.32559832837621e-26,8.325598327096838e-26,8.325598324020143e-26,8.325598324598574e-26,8.325598324525323e-26,8.325598324536432e-26,8.325598330378079e-26,8.325598314745066e-26,8.325598319854448e-26,8.325598319591392e-26,8.325598319625368e-26,8.325598316702334e-26,8.325598316829521e-26,8.325598329733981e-26,8.325598329889948e-26,8.325598329895668e-26,8.32559832981401e-26,8.32559832958072e-26,8.325598329595676e-26,8.325598329783409e-26,8.325598329783446e-26,8.325598329947312e-26,8.325598329945476e-26,8.325598329950881e-26,8.325598329951256e-26,8.325598329948375e-26,8.325598329991246e-26,8.325598329991005e-26,8.325598329883749e-26,8.325598329885935e-26,8.325598329835104e-26,8.325598329841397e-26,8.325598329921263e-26,8.325598334663682e-26,8.325598334760694e-26,8.325598334753639e-26,8.325598328717234e-26,8.325598328692447e-26,8.325598335176263e-26,8.325598335421503e-26,8.325598335218763e-26,8.325598338662213e-26,8.325598338644075e-26,8.325598337463985e-26,8.325598337394494e-26,8.325598345579722e-26,8.325598342733089e-26,8.32559834273151e-26,8.325598343161324e-26,8.325598345431666e-26,8.325598342443594e-26,8.325598337437664e-26,8.325598339271578e-26,8.325598339614804e-26,8.325598332439617e-26,8.325598332431691e-26,8.325598332437224e-26,8.325598334469343e-26,8.325598334499687e-26,8.325598334472361e-26,8.325598329117477e-26,8.325598329078569e-26,8.325598325490455e-26,8.325598312660293e-26,8.325598312655871e-26,8.325598313312636e-26,8.325598313274448e-26,8.325598313309927e-26,8.325598313312396e-26,8.325598313772538e-26,8.32559831334594e-26,8.325598313321303e-26,8.325598307060321e-26,8.325598305996669e-26,8.325598306020932e-26,8.325598306024809e-26,8.325598303765054e-26,8.32559830412338e-26,8.325598304124683e-26,8.325598299729829e-26,8.325598286869755e-26,8.325598286895403e-26,8.325598286956359e-26,8.325598286981715e-26,8.325598287017824e-26,8.325598285995315e-26,8.325598282247752e-26,8.325598282735094e-26,8.325598352086106e-26,8.325598348680872e-26,8.325598355290894e-26,8.325598357649535e-26,8.325598356887269e-26,8.325598356770476e-26,8.325598356813256e-26,8.325598356815449e-26,8.3255983568269e-26,8.325598356962613e-26,8.325598356398952e-26,8.325598353162618e-26,8.325598347758901e-26,8.325598343230477e-26,8.325598338517064e-26,8.325598338506814e-26,8.325598341281196e-26,8.325598345258316e-26,8.325598345370939e-26,8.325598345372709e-26,8.325598513347458e-26,8.325598484641849e-26,8.325598484641857e-26,8.325598484239502e-26,8.325598482146935e-26,8.325598482149641e-26,8.325598483496937e-26,8.32559848350726e-26,8.325598488667387e-26,8.325598490011609e-26,8.325598490033394e-26,8.325598490032115e-26,8.325598487425663e-26,8.325598487004472e-26,8.325598486991649e-26,8.325598435601009e-26,8.325598435573567e-26,8.325598435575669e-26,8.325598433135307e-26,8.325598433136754e-26,8.325598433146905e-26,8.32559846853653e-26,8.325598468996812e-26,8.325596778896548e-26,8.325596779167653e-26,8.325596779933674e-26,8.325596779849173e-26,8.325596568736184e-26,8.325596568191329e-26,8.325596568362176e-26,8.325596568170905e-26,8.325596652281674e-26,8.325596678917786e-26,8.3255966756095e-26,8.325596678370768e-26,8.325596678291415e-26,8.32559676083412e-26,8.325596766565486e-26,8.325596766568971e-26,8.325596766768996e-26,8.325596769937503e-26,8.32559674770796e-26,8.325596753233899e-26,8.325596752017256e-26,8.32559677284483e-26,8.325596772623958e-26,8.325596771038952e-26,8.325596770584383e-26,8.325596769764152e-26,8.32559676982781e-26,8.325596768192756e-26,8.325596753924614e-26,8.325596752522948e-26,8.325596745860495e-26,8.325596742907783e-26,8.325596742902935e-26,8.325596743110208e-26,8.32559674212762e-26,8.325596742126997e-26,8.325596743803463e-26,8.325596744304274e-26,8.32559674896652e-26,8.32559674897059e-26,8.325596749016157e-26,8.325596749016964e-26,8.325596760593069e-26,8.325596760435637e-26,8.325596760398102e-26,8.325596758602335e-26,8.325596761009665e-26,8.325596761009295e-26,8.325596761506525e-26,8.325596761125014e-26,8.325596761122542e-26,8.325596761101996e-26,8.325596769031724e-26,8.325596769029962e-26,8.325596769514285e-26,8.325596769547854e-26,8.325596769432011e-26,8.32559677979598e-26,8.325596785880548e-26,8.325596831702532e-26,8.325596831678517e-26,8.325596832643875e-26,8.325596830458327e-26,8.325596840024509e-26,8.325596844750152e-26,8.325596844465632e-26,8.325596883088633e-26,8.325596883087327e-26,8.325596884040287e-26,8.325596884162112e-26,8.325596890560629e-26,8.325596889864769e-26,8.325596898554259e-26,8.325596898541567e-26,8.325596907238182e-26,8.325597109889032e-26,8.32559710973985e-26,8.325597103158755e-26,8.325597102858589e-26,8.325597102896095e-26,8.325597102885383e-26,8.325597102886208e-26,8.325597058955091e-26,8.325597058948515e-26,8.325597058898826e-26,8.325597060019991e-26,8.325597060016022e-26,8.325597059945607e-26,8.325597059945068e-26,8.325597057181226e-26,8.325596906929007e-26,8.325596906959513e-26,8.325596906960812e-26,8.325596906661835e-26,8.325596907460114e-26,8.325596935194511e-26,8.325596935193654e-26,8.325596935853677e-26,8.325596935812922e-26,8.32559693538584e-26,8.325596935056872e-26,8.325596933757747e-26,8.325596937175875e-26,8.325597002746018e-26,8.325596977334583e-26,8.32559697740534e-26,8.32559697874275e-26,8.32559697945208e-26,8.325596979464492e-26,8.325596979464433e-26,8.325596979415202e-26,8.325596979350626e-26,8.325596979295453e-26,8.32559697944491e-26,8.325596986350939e-26,8.325596980041312e-26,8.325597044399568e-26,8.325597044398936e-26,8.325597044398873e-26,8.325597044795274e-26,8.325597043891712e-26,8.325597043899938e-26,8.325597041659885e-26,8.325597042301206e-26,8.325597032005967e-26,8.325597029455497e-26,8.325597029486192e-26,8.325597029487225e-26,8.325597029484925e-26,8.325597029486061e-26,8.325597029460213e-26,8.325597029460698e-26,8.325597029464313e-26,8.32559702946294e-26,8.325597029480026e-26,8.325597029078142e-26,8.32559702908028e-26,8.325597029063237e-26,8.325597025265682e-26,8.325596285257264e-26,8.325596284949523e-26,8.325596284485757e-26,8.325596284529641e-26,8.325596283229178e-26,8.325596283211352e-26,8.325596283067975e-26,8.325596283066026e-26,8.325596283269704e-26,8.325596283106627e-26,8.325596283114211e-26,8.325596283113309e-26,8.325596283226461e-26,8.325596284859897e-26,8.325596284869424e-26,8.325596285081986e-26,8.325596312959931e-26,8.325596315780467e-26,8.325596316092236e-26,8.325596316134378e-26,8.325596315940379e-26,8.325596315985949e-26,8.325596315974687e-26,8.325596509093664e-26,8.325596509049024e-26,8.325596259258704e-26,8.325596241329184e-26,8.325596241776757e-26,8.3255962418994e-26,8.325596250524034e-26,8.325596248111937e-26,8.325596248033442e-26,8.325596247922189e-26,8.325596248278319e-26,8.325596248361286e-26,8.32559624836256e-26,8.32559624822232e-26,8.325596248238205e-26,8.325596248238224e-26,8.325596248237744e-26,8.325596246762734e-26,8.325596246764973e-26,8.325596246858415e-26,8.325596246857121e-26,8.325596235633413e-26,8.32559623532088e-26,8.325596235567146e-26,8.325596236705917e-26,8.325595972883227e-26,8.325595973045904e-26,8.3255959709871e-26,8.325595970986593e-26,8.325595971010029e-26,8.325595969639094e-26,8.325595969536146e-26,8.325595969539087e-26,8.32559597095452e-26,8.325595970899856e-26,8.32559597050763e-26,8.325595970508707e-26,8.325595970330686e-26,8.325595992984399e-26,8.325595992981823e-26,8.325595992873329e-26,8.325595992874765e-26,8.325595992874652e-26,8.32559599205364e-26,8.325595992167701e-26,8.325595992306205e-26,8.325596006770698e-26,8.325596004422846e-26,8.325596003749933e-26,8.325596003776401e-26,8.325596003782696e-26,8.325596045286416e-26,8.325596045345532e-26,8.325596045387234e-26,8.325596045387953e-26,8.325596044057654e-26,8.325596044084238e-26,8.325596051903622e-26,8.325596051894315e-26,8.325596051893649e-26,8.32559605189933e-26,8.325596051874127e-26,8.325596051787141e-26,8.325596050990808e-26,8.325596051083241e-26,8.32559605131738e-26,8.32559606050412e-26,8.325596060503472e-26,8.325596060851488e-26,8.32559606144093e-26,8.325596061360493e-26,8.325596061137622e-26,8.325596061402391e-26,8.325596061238446e-26,8.32559606123937e-26,8.325596061235227e-26,8.325596061040093e-26,8.325596061046698e-26,8.325596061069774e-26,8.325596059127441e-26,8.325596059039117e-26,8.325596059045742e-26,8.325596058797009e-26,8.325596058793977e-26,8.325596058786993e-26,8.325596059845254e-26,8.325596059919943e-26,8.325596059916032e-26,8.325596059934795e-26,8.325596059938888e-26,8.325596060009089e-26,8.325596060018161e-26,8.325596062389628e-26,8.325596062392576e-26,8.325596063699058e-26,8.325596062321731e-26,8.325596062404252e-26,8.325596062659286e-26,8.325596062600467e-26,8.325596062595971e-26,8.325596062605562e-26,8.325596062418409e-26,8.325596062453074e-26,8.325596062452097e-26,8.325596062518404e-26,8.325596076936166e-26,8.325596076939879e-26,8.325596075030088e-26,8.325596074971756e-26,8.325596074776203e-26,8.32559607477647e-26,8.325596075079837e-26,8.325596075046402e-26,8.325596074980519e-26,8.325596074954764e-26,8.325596074954764e-26,8.325596074986446e-26,8.325596074990876e-26,8.325596087225256e-26,8.325596087204982e-26,8.32559608720203e-26,8.325596087301843e-26,8.325596087023502e-26,8.325596087029131e-26,8.325596087794714e-26,8.325596091534642e-26,8.325596091166722e-26,8.325596088122258e-26,8.325596088121845e-26,8.325596088229579e-26,8.32559608823351e-26,8.325596088274543e-26,8.325596087973597e-26,8.325596087968384e-26,8.325596092512996e-26,8.325596092511702e-26,8.325596091317627e-26,8.325596091317394e-26,8.32559609152276e-26,8.325596091525183e-26,8.325596091593246e-26,8.325596091591044e-26,8.325596091603841e-26,8.325596091625273e-26,8.325596091550088e-26,8.325596091451128e-26,8.32559609145542e-26,8.325596091403757e-26,8.325596092943693e-26,8.325596085538871e-26,8.32559608553781e-26,8.325596085555449e-26,8.325596085554683e-26,8.325596085445829e-26,8.325596084452123e-26,8.325596084699023e-26,8.325596086846927e-26,8.325596090160007e-26,8.325596090124541e-26,8.325596093244114e-26,8.32559609324373e-26,8.325596093605375e-26,8.325596093606179e-26,8.325596093606413e-26,8.325596093713741e-26,8.325596092358261e-26,8.325596092239641e-26,8.32559609229018e-26,8.325596160622823e-26,8.325596123762361e-26,8.325595996456083e-26,8.325595996417842e-26,8.32559599258124e-26,8.325595996662296e-26,8.325595996647847e-26,8.325596002032736e-26,8.325596002043686e-26,8.325596002797111e-26,8.325596002796754e-26,8.325596000807529e-26,8.325596000858473e-26,8.325595984210638e-26,8.325596007987167e-26,8.325596007879205e-26,8.325596007997442e-26,8.325596008009659e-26,8.325596008003779e-26,8.325596008003706e-26,8.325596009120118e-26,8.325596009430537e-26,8.325596009429992e-26,8.325596058557915e-26,8.325596059168875e-26,8.325596042996066e-26,8.32559604299634e-26,8.325596042921287e-26,8.325596042921836e-26,8.3255960315742e-26,8.325596031544848e-26,8.325596027290111e-26,8.325596028654763e-26,8.325596022093769e-26,8.325596022093398e-26,8.325596022092312e-26,8.325596021998521e-26,8.325596021881312e-26,8.32559602193844e-26,8.325596004515665e-26,8.325596001298809e-26,8.325596002588424e-26,8.325596002346549e-26,8.32559600234757e-26,8.325596002344497e-26,8.325596002298965e-26,8.325596002809381e-26,8.325596002404919e-26,8.325596002392601e-26,8.325596002458549e-26,8.32559599740134e-26,8.325595996153838e-26,8.325595995352991e-26,8.325596003542335e-26,8.325596003542158e-26,8.325596003185845e-26,8.325596003185818e-26,8.325596003141596e-26,8.325596003141652e-26,8.325595999158471e-26,8.325596007352239e-26,8.32559600942417e-26,8.325596009423716e-26,8.325596009220005e-26,8.325596009715881e-26,8.325596009720262e-26,8.325596009858439e-26,8.325596009738412e-26,8.325596009738411e-26,8.325596012900594e-26,8.325596012377394e-26,8.325596012331921e-26,8.3255960123317e-26,8.325596012365901e-26,8.325596012360148e-26,8.32559601235977e-26,8.325596012340581e-26,8.325596010085821e-26,8.325596010077706e-26,8.325596010076591e-26,8.325596010572775e-26,8.325596010527511e-26,8.325596016385404e-26,8.325596016898839e-26,8.325596016734169e-26,8.325596016741348e-26,8.325596016723576e-26,8.325596016729094e-26,8.32559601694047e-26,8.325596016947404e-26,8.325596133527785e-26,8.325596133524958e-26,8.325596132144909e-26,8.32559613282553e-26,8.32559613269997e-26,8.325596058045996e-26,8.32559605804537e-26,8.325596059354363e-26,8.325596061344126e-26,8.325596061123714e-26,8.325596060849486e-26,8.325596061175384e-26,8.325596061012736e-26,8.325596061128037e-26,8.325596061128054e-26,8.325596061123787e-26,8.325596115342278e-26,8.325596115326086e-26,8.32559611527076e-26,8.325596115273498e-26,8.325596115281605e-26,8.325596116558696e-26,8.325596116570187e-26,8.325596120662951e-26,8.325596121506793e-26,8.325596154686149e-26,8.325596154686994e-26,8.325596154787617e-26,8.325596154799576e-26,8.325596154392043e-26,8.3255961543825e-26,8.325596154382996e-26,8.325596154375612e-26,8.325596156187707e-26,8.325596155003983e-26,8.325596156031449e-26,8.325596162354524e-26,8.325596162341325e-26,8.325596162405998e-26,8.325596162445812e-26,8.325596154538323e-26,8.325596154240877e-26,8.325596154238226e-26,8.325596155649112e-26,8.325596155178231e-26,8.325596155224764e-26,8.325596157081082e-26,8.325596157080509e-26,8.325596157083234e-26,8.325596156820708e-26,8.325596155118686e-26,8.325596155118618e-26,8.325596155126057e-26,8.325596154236638e-26,8.32559615423796e-26,8.325596155339342e-26,8.32559615887738e-26,8.325596159034279e-26,8.32559614720818e-26,8.325596147204971e-26,8.325596147263957e-26,8.325596157873256e-26,8.325596156458993e-26,8.325596156547267e-26,8.325596157824281e-26,8.325596159494321e-26,8.325596159493021e-26,8.325596159473046e-26,8.325596160743687e-26,8.325596158611126e-26,8.325596158610697e-26,8.325596163036648e-26,8.325596163057354e-26,8.325596166733895e-26,8.325596156031487e-26,8.325596155982503e-26,8.325596156097593e-26,8.325596150948715e-26,8.325596150890428e-26,8.325596150886849e-26,8.325596165459126e-26,8.325596165470896e-26,8.325596165483832e-26,8.325596166023171e-26,8.325596160043219e-26,8.325596159824647e-26,8.325596159896004e-26,8.325596160082823e-26,8.32559616551748e-26,8.325596165517584e-26,8.325596165534829e-26,8.325596165594959e-26,8.325596165777271e-26,8.3255961567339e-26,8.325596158711274e-26,8.325596158706823e-26,8.325596158282118e-26,8.325596158846355e-26,8.325596158860242e-26,8.32559616934726e-26,8.325596169354043e-26,8.32559616934956e-26,8.325596169056798e-26,8.32559616897624e-26,8.325596168973571e-26,8.325596168927356e-26,8.325596168939853e-26,8.325596168934641e-26,8.325596170673529e-26,8.325596171124534e-26,8.325596171113282e-26,8.325596171056215e-26,8.325596171056387e-26,8.325596175380129e-26,8.325596201659313e-26,8.325596202475423e-26,8.325596202476703e-26,8.32559620913294e-26,8.325596209132829e-26,8.325596209128487e-26,8.325596210263182e-26,8.325596210266246e-26,8.325596210250443e-26,8.325596210201916e-26,8.325596210107014e-26,8.325596209013162e-26,8.325596209006808e-26,8.32559620947586e-26,8.325596210018487e-26,8.325596210005609e-26,8.325596210087045e-26,8.3255962101501e-26,8.32559621019057e-26,8.325596210209145e-26,8.325596211439857e-26,8.325596211452744e-26,8.325596211460773e-26,8.325596208204817e-26,8.325596208228805e-26,8.325596208924038e-26,8.325596202532159e-26,8.325596202541122e-26,8.325596201281643e-26,8.325596201280999e-26,8.325596193474318e-26,8.325596193835406e-26,8.325596193846634e-26,8.325596193831105e-26,8.325596193830813e-26,8.32559619767293e-26,8.325596197498896e-26,8.325596197587221e-26,8.325596193088385e-26,8.325596187932396e-26,8.325596188115793e-26,8.3255961881391e-26,8.325596187618335e-26,8.325596187641212e-26,8.32559618763799e-26,8.325596187643231e-26,8.325596190969999e-26,8.325596190783577e-26,8.325596190895055e-26,8.325596191072633e-26,8.325596191069646e-26,8.325596190998295e-26,8.325596190434468e-26,8.325596190434452e-26,8.325596186694792e-26,8.325596180452969e-26,8.325596180423692e-26,8.325596180412805e-26,8.325596180450194e-26,8.32559618045601e-26,8.325596180406883e-26,8.325596180374517e-26,8.325596180558735e-26,8.325596180400315e-26,8.32559627319579e-26,8.325596273294492e-26,8.325596273868224e-26,8.325596289826592e-26,8.325596289854376e-26,8.325596290036246e-26,8.325596325082813e-26,8.325596325312174e-26,8.325596321611861e-26,8.325596321604462e-26,8.325596338741683e-26,8.325596338720346e-26,8.325596338720284e-26,8.32559633872082e-26,8.325596338724079e-26,8.325596338304254e-26,8.325596338305306e-26,8.3255963383486e-26,8.32559634328468e-26,8.325596343201305e-26,8.32559634320102e-26,8.325596343350291e-26,8.32559634089996e-26,8.325596341232982e-26,8.325596329705291e-26,8.32559632821316e-26,8.325596328062612e-26,8.325596328001374e-26,8.325596328001567e-26,8.325596331949989e-26,8.325596331461753e-26,8.325596331461891e-26,8.325596522682656e-26,8.325596522428352e-26,8.325596521558837e-26,8.325596521538962e-26,8.325596521539043e-26,8.325596521533321e-26,8.325596521533487e-26,8.325596521532314e-26,8.325596521465678e-26,8.325596523251506e-26,8.325596523282046e-26,8.32559652325204e-26,8.325596523252022e-26,8.325596523243077e-26,8.325596439405291e-26,8.32559643940808e-26,8.325596442896485e-26,8.325596441215734e-26,8.325596445191533e-26,8.325596445178305e-26,8.325596445177647e-26,8.325596447988072e-26,8.325596448136479e-26,8.325596448135246e-26,8.325596448725164e-26,8.325596448723291e-26,8.325596449332567e-26,8.325596449505718e-26,8.325596449523149e-26,8.325596449524852e-26,8.325596449525799e-26,8.325596449505608e-26,8.325596449510144e-26,8.325596449529526e-26,8.325596480291621e-26,8.325596480291895e-26,8.325596480549061e-26,8.325596480542559e-26,8.325596480589013e-26,8.325596480588972e-26,8.32559648058902e-26,8.325596480524784e-26,8.325596480643225e-26,8.325596480318085e-26,8.325596480896703e-26,8.325596480896738e-26,8.325596480714343e-26,8.325596480693197e-26,8.325596480692701e-26,8.325596480692998e-26,8.325596480692243e-26,8.325596480687373e-26,8.325596481581868e-26,8.325596481598992e-26,8.325596481498849e-26,8.325596486204399e-26,8.325596486456725e-26,8.325596486245506e-26,8.325596486432244e-26,8.32559648642736e-26,8.325596486427305e-26,8.325596487000359e-26,8.32559648715981e-26,8.325596487163696e-26,8.325596490417104e-26,8.325596442082751e-26,8.32559644220457e-26,8.325596442159456e-26,8.325596442789289e-26,8.325596442768759e-26,8.325596442768945e-26,8.325596442768893e-26,8.325596447287216e-26,8.325596447288109e-26,8.325596447288155e-26,8.325596447219194e-26,8.325596447179802e-26,8.32559644717978e-26,8.325596447180311e-26,8.325596444137086e-26,8.325596444142868e-26,8.325596444142076e-26,8.325596446276968e-26,8.325596446316687e-26,8.32559644623093e-26,8.325596437657855e-26,8.325596429717178e-26,8.325596431292511e-26,8.325596431359632e-26,8.325596430020104e-26,8.325596426931912e-26,8.325596426985162e-26,8.325596426677713e-26,8.325596426654543e-26,8.325596425253204e-26,8.325596434566572e-26,8.325596434565426e-26,8.325596434410101e-26,8.32559643441954e-26,8.32559643441934e-26,8.32559643442213e-26,8.325596445886122e-26,8.3255964458792e-26,8.325596448396043e-26,8.325596447636456e-26,8.325596447636446e-26,8.325596447669396e-26,8.325596452641041e-26,8.325596454962042e-26,8.32559645524435e-26,8.325596455252741e-26,8.325596455323277e-26,8.325596431389026e-26,8.325596431776274e-26,8.325596449576949e-26,8.325596444457881e-26,8.325596445057832e-26,8.325596445320054e-26,8.325596445312933e-26,8.325596445312343e-26,8.32559644226355e-26,8.325596440019059e-26,8.32559644002381e-26,8.325596441321257e-26,8.325596441396687e-26,8.32559644088714e-26,8.325596442090284e-26,8.325596442089507e-26,8.325596442095333e-26,8.32559644214464e-26,8.325596442147875e-26,8.325596442440494e-26,8.325596442873742e-26,8.325596442838138e-26,8.325596444088589e-26,8.325596444088591e-26,8.325596444085678e-26,8.32559644405658e-26,8.325596443026403e-26,8.325596443190401e-26,8.325596443188258e-26,8.325596445394328e-26,8.325596445394321e-26,8.325596445394305e-26,8.325596445409398e-26,8.325596445779222e-26,8.325596445756497e-26,8.325596445112599e-26,8.325596435810683e-26,8.325596435355703e-26,8.32559643535562e-26,8.325596435355596e-26,8.325596436662283e-26,8.325596425815956e-26,8.325596425484126e-26,8.325596423334676e-26,8.325596422040709e-26,8.325596422248274e-26,8.32559642374806e-26,8.325596423793151e-26,8.325596423896976e-26,8.32559642582605e-26,8.325596425840467e-26,8.325596426404554e-26,8.325596431851538e-26,8.325596433929693e-26,8.325596433926238e-26,8.32559643362804e-26,8.325596435535209e-26,8.325596435580805e-26,8.325596437017979e-26,8.325596436515632e-26,8.325596436514903e-26,8.325596434123144e-26,8.325596432382692e-26,8.325596431843325e-26,8.32559643169802e-26,8.325596431699403e-26,8.32559643169665e-26,8.325596431915173e-26,8.325596431896752e-26,8.325596431900414e-26,8.325596431898788e-26,8.325596431890747e-26,8.325596431417431e-26,8.325596431206149e-26,8.32559643111481e-26,8.325596431269585e-26,8.325596431269593e-26,8.325596431460379e-26,8.325596431460331e-26,8.325596431445963e-26,8.325596433254387e-26,8.325596435521582e-26,8.325596450716363e-26,8.325596450716084e-26,8.325596450703372e-26,8.325596450700711e-26,8.325596450701115e-26,8.325596450931071e-26,8.325596451563703e-26,8.325596451563911e-26,8.32559645154921e-26,8.325596451559776e-26,8.325596451616358e-26,8.32559645161752e-26,8.325596451299055e-26,8.325596451334998e-26,8.325596451336268e-26,8.325596451313784e-26,8.325596497613753e-26,8.325596497723766e-26,8.325596497720621e-26,8.325596550298855e-26,8.325596550923194e-26,8.325596534365517e-26,8.325596534940271e-26,8.325596534885275e-26,8.325596534890603e-26,8.325596535582483e-26,8.325596531912739e-26,8.32559653185918e-26,8.325596527219749e-26,8.325596527244553e-26,8.325596540280154e-26,8.325596540279048e-26,8.325596540301581e-26,8.325596538855636e-26,8.32559653880284e-26,8.325596504656972e-26,8.325596504656844e-26,8.325596504770964e-26,8.325596504770283e-26,8.325596504763437e-26,8.325596504724415e-26,8.325596503510516e-26,8.325596503543038e-26,8.325596503793926e-26,8.325596503817083e-26,8.325596498536928e-26,8.325596498539856e-26,8.325596498456097e-26,8.325596498496854e-26,8.325596498595704e-26,8.325596498561958e-26,8.325596500849449e-26,8.325596521608241e-26,8.325596521219392e-26,8.325596521214954e-26,8.32559654596244e-26,8.325596545961372e-26,8.325596545957032e-26,8.325596570046333e-26,8.325596562115598e-26,8.325596566577813e-26,8.325596566577826e-26,8.325596566445338e-26,8.325596563057275e-26,8.325596563057722e-26,8.325596562967805e-26,8.325596559265203e-26,8.325596559301546e-26,8.325596554566088e-26,8.32559654773636e-26,8.325596512323146e-26,8.325596516166401e-26,8.325594539932213e-26,8.325594538741749e-26,8.325594538985769e-26,8.325594539054176e-26,8.325594539053207e-26,8.325594539067298e-26,8.325594495475838e-26,8.325594495370661e-26,8.325594499081254e-26,8.3255834464177e-26,8.325583446814484e-26,8.325583459734048e-26,8.325583459752536e-26,8.325583459749263e-26,8.32558345976273e-26,8.325583459760711e-26,8.325583459751083e-26,8.325583459718369e-26,8.325583478983559e-26,8.325583478983089e-26,8.325583472716504e-26,8.325583468768389e-26,8.325583468634904e-26,8.325583467612375e-26,8.325583467622412e-26,8.325583467644746e-26,8.325583468257926e-26,8.325583468265561e-26,8.325583494144933e-26,8.32558349415207e-26,8.32558349345997e-26,8.325583492664668e-26,8.325583492364949e-26,8.325583491345197e-26,8.325583487983041e-26,8.32558348595823e-26,8.325583411289214e-26,8.32558341219028e-26,8.325583408168103e-26,8.32558341860132e-26,8.325583386843608e-26,8.325583386836903e-26,8.325583386332217e-26,8.325583365588242e-26,8.325583365474021e-26,8.325583363852936e-26,8.325583363851778e-26,8.325583364815365e-26,8.325583364815065e-26,8.325583367425528e-26,8.325583368825405e-26,8.325583368787202e-26,8.325583369081301e-26,8.325583421704664e-26,8.325583412681006e-26,8.325583416424212e-26,8.325583416486424e-26,8.325583412845809e-26,8.325583412849552e-26,8.325583404473568e-26,8.325583403540963e-26,8.325583402151317e-26,8.325583498544107e-26,8.325583501790148e-26,8.32558350181045e-26,8.325583502077902e-26,8.32558349686249e-26,8.325583496811341e-26,8.325583496885728e-26,8.32558349682843e-26,8.325583502660916e-26,8.325583498593902e-26,8.325583644532161e-26,8.325583644499075e-26,8.32558364848593e-26,8.325583647930664e-26,8.325583647808513e-26,8.325583659556428e-26,8.325583659472417e-26,8.325583666637043e-26,8.325583666600379e-26,8.325583668915914e-26,8.325583668919111e-26,8.325583670115097e-26,8.325584055743794e-26,8.325584059668268e-26,8.325584059667355e-26,8.325584055807696e-26,8.325584057153715e-26,8.325584055746535e-26,8.32558405060092e-26,8.325584050954624e-26,8.325584050553928e-26,8.325584048449712e-26,8.325584048446298e-26,8.325584057069843e-26,8.325584057384607e-26,8.325584056735867e-26,8.325584055189366e-26,8.32558406045872e-26,8.325584062580744e-26,8.325584062643725e-26,8.32558406293578e-26,8.325584068358714e-26,8.325584070491206e-26,8.325584071229498e-26,8.325584071881533e-26,8.325584079988457e-26,8.325585274459986e-26,8.325585290299851e-26,8.325585292359498e-26,8.325585290540526e-26,8.325585289976739e-26,8.325585294757064e-26,8.325585294527448e-26,8.3255852944857e-26,8.325585294969309e-26,8.325585294967311e-26,8.325585294964888e-26,8.32558529502333e-26,8.325585295029679e-26,8.32558529507843e-26,8.325585295080679e-26,8.325585295077654e-26,8.325585303150531e-26,8.325585311725966e-26,8.325585322287846e-26,8.32558532777215e-26,8.325585327958301e-26,8.325585302544402e-26,8.325585302700632e-26,8.325585302684983e-26,8.325585302679935e-26,8.325585125373407e-26,8.32558512706089e-26,8.325585127054974e-26,8.325585127060727e-26,8.325585126728486e-26,8.325585112829867e-26,8.325585112991629e-26,8.325585113006236e-26,8.325585113477182e-26,8.325585114781364e-26,8.325585114776897e-26,8.325585064834139e-26,8.325585065687892e-26,8.325585066157307e-26,8.325585061667899e-26,8.325585061752707e-26,8.325585061759165e-26,8.325585061763017e-26,8.325585061746158e-26,8.325585064757109e-26,8.325585064755636e-26,8.325585064719445e-26,8.325585063159619e-26,8.325585063564702e-26,8.325585062367525e-26,8.325585062154684e-26,8.325585056015775e-26,8.325585042170176e-26,8.325585068963504e-26,8.325585061164697e-26,8.325585061067202e-26,8.325584914859122e-26,8.325584914861205e-26,8.325584914866308e-26,8.325584915388355e-26,8.325584931224708e-26,8.325584931129715e-26,8.325584947487651e-26,8.325584947598629e-26,8.32558494674683e-26,8.325584946566812e-26,8.325584946440512e-26,8.325584946889411e-26,8.325584947020838e-26,8.325584944398386e-26,8.325584935273644e-26,8.325584940960654e-26,8.325584940967105e-26,8.325584941713888e-26,8.325584941715017e-26,8.325584941715003e-26,8.325584941727199e-26,8.325584941726838e-26,8.325584941745873e-26,8.325584892197347e-26,8.325584895447109e-26,8.325584895439496e-26,8.325584895439484e-26,8.325584889852044e-26,8.325584889844202e-26,8.325584889975047e-26,8.325584890014216e-26,8.325584886868936e-26,8.325584889107448e-26,8.325584888818147e-26,8.325584887150957e-26,8.32558488715222e-26,8.32558488195486e-26,8.325584881954874e-26,8.32558488194456e-26,8.325584881944973e-26,8.325584893339155e-26,8.325584893458868e-26,8.325584892898008e-26,8.325584893594484e-26,8.325584903473178e-26,8.325584903475491e-26,8.32558490347562e-26,8.32558490347609e-26,8.325584901154397e-26,8.325584904004924e-26,8.325584880076519e-26,8.325584880076849e-26,8.325584880080359e-26,8.325584866738845e-26,8.325584854279192e-26,8.325584854280893e-26,8.325584855247287e-26,8.325584855158142e-26,8.325584855287957e-26,8.325584855351056e-26,8.3255848551274e-26,8.325584855126496e-26,8.325584855233869e-26,8.325584849953219e-26,8.325584843676793e-26,8.32558484377529e-26,8.325584843826493e-26,8.325584843973792e-26,8.325584844049991e-26,8.325584843782511e-26,8.325584833498355e-26,8.325584833491884e-26,8.325584833491615e-26,8.325584833490838e-26,8.325584833486247e-26,8.32558482385428e-26,8.325584823875567e-26,8.325584823875597e-26,8.325584824752932e-26,8.325584824945043e-26,8.32558482425327e-26,8.325584824252871e-26,8.32558482408524e-26,8.325584825939143e-26,8.325584825916096e-26,8.325584825702846e-26,8.325584825705124e-26,8.325584826323748e-26,8.325584824623864e-26,8.325584824624248e-26,8.325584824698545e-26,8.3255848200861e-26,8.32558482683515e-26,8.325584826801078e-26,8.325584827253626e-26,8.325584827271374e-26,8.325584827270593e-26,8.325584827364142e-26,8.325584827357215e-26,8.325584827321202e-26,8.325584827835493e-26,8.325584827566806e-26,8.325584827798447e-26,8.325584827797733e-26,8.325584829717997e-26,8.325584829669653e-26,8.325584829685111e-26,8.325584829684206e-26,8.325584829689552e-26,8.325584830018887e-26,8.325584829654174e-26,8.325584829653999e-26,8.325584828864858e-26,8.325584828908487e-26,8.325584828941351e-26,8.325584828942947e-26,8.325584829022573e-26,8.325584829022341e-26,8.325584829021206e-26,8.325584829088504e-26,8.325584829093261e-26,8.325584829001374e-26,8.325584829038885e-26,8.32558483501873e-26,8.3255848350179e-26,8.325584835017569e-26,8.32558483504585e-26,8.325584835056593e-26,8.325584835136237e-26,8.325584835319665e-26,8.325584835334762e-26,8.325584835291954e-26,8.325584836018199e-26,8.325584836020031e-26,8.325584835836834e-26,8.325584835837385e-26,8.325584835837386e-26,8.32558483607007e-26,8.325584836091684e-26,8.325584836080498e-26,8.32558483607691e-26,8.325584836472826e-26,8.325584836539049e-26,8.325584836540128e-26,8.325584836541982e-26,8.325584836585298e-26,8.325584836597977e-26,8.325584836597977e-26,8.32558483660025e-26,8.325584836621973e-26,8.32558483662545e-26,8.32558483665963e-26,8.325584836657543e-26,8.325584836654355e-26,8.325584836657513e-26,8.32558483689443e-26,8.325584836375121e-26,8.325584840756047e-26,8.325584840750026e-26,8.325583229853664e-26,8.325583227948124e-26,8.325583227949663e-26,8.325583227950981e-26,8.325583228509436e-26,8.325583228509418e-26,8.325583228351542e-26,8.325583228390988e-26,8.325583228256314e-26,8.32558322779875e-26,8.325583227831112e-26,8.325583227831564e-26,8.325583227281702e-26,8.325583227650802e-26,8.32558322788519e-26,8.325583227403051e-26,8.325583227371836e-26,8.32558322737112e-26,8.325583225792801e-26,8.325583225804711e-26,8.325583225803735e-26,8.325583225803799e-26,8.325583226127337e-26,8.325583189060436e-26,8.325583187278845e-26,8.325583188109255e-26,8.325583188794897e-26,8.325583188794897e-26,8.32558319198157e-26,8.325583191979489e-26,8.325583191969969e-26,8.325583191998827e-26,8.325583192012446e-26,8.325583190653984e-26,8.325583190650928e-26,8.325583190758755e-26,8.325583190758632e-26,8.325583190770865e-26,8.325583184130938e-26,8.325583184500705e-26,8.325583184719984e-26,8.325583184715136e-26,8.325583184264486e-26,8.325583184228691e-26,8.325583186814692e-26,8.325583186553366e-26,8.325583186540913e-26,8.325583186541212e-26,8.32558318657621e-26,8.325583186577462e-26,8.325583186594219e-26,8.325583186243525e-26,8.325583186235684e-26,8.325583186203424e-26,8.325583186222697e-26,8.325583179788494e-26,8.325583181177273e-26,8.325583181185383e-26,8.325583181181668e-26,8.325583181187865e-26,8.325583187465394e-26,8.325583187467811e-26,8.325583187320297e-26,8.325583187320243e-26,8.325583187274502e-26,8.325583187247115e-26,8.325583187245499e-26,8.325583187242317e-26,8.325583187208428e-26,8.325583187231482e-26,8.325583187221444e-26,8.325583187245412e-26,8.325583187245439e-26,8.325583187059915e-26,8.325583186777827e-26,8.325583186777926e-26,8.325583186755354e-26,8.325583198001784e-26,8.325583198001776e-26,8.325583198002503e-26,8.325583196990958e-26,8.325583197030231e-26,8.325583197016976e-26,8.325583197227366e-26,8.325583197227487e-26,8.325583197223924e-26,8.325583197223685e-26,8.325583197192215e-26,8.325583197192281e-26,8.325583197184507e-26,8.3255831977602e-26,8.325583197757939e-26,8.325583197757255e-26,8.325583197762263e-26,8.325583197812678e-26,8.325583197812858e-26,8.325583198329088e-26,8.325583203670686e-26,8.32558320369278e-26,8.325583203859114e-26,8.325583203859394e-26,8.325583203845606e-26,8.325583203715001e-26,8.325583203571149e-26,8.325583203276218e-26,8.325583203422424e-26,8.325583203472373e-26,8.325583203134532e-26,8.32558320313766e-26,8.325583203137599e-26,8.325583203137401e-26,8.32558320314917e-26,8.325583203149219e-26,8.3255832030898e-26,8.325583203251882e-26,8.325583203327032e-26,8.325583203809459e-26,8.325583203809607e-26,8.325583203214922e-26,8.32558320321484e-26,8.325583201843333e-26,8.325583201966537e-26,8.325583201967282e-26,8.325583202142016e-26,8.325583202142499e-26,8.325583201614644e-26,8.325583201614859e-26,8.325583201940568e-26,8.325583202044072e-26,8.325583202003112e-26,8.325583202002413e-26,8.325583201932418e-26,8.325583201955028e-26,8.325583201948795e-26,8.325583201938092e-26,8.325583201938103e-26,8.325583201991366e-26,8.32558320194661e-26,8.325583199798131e-26,8.325583199795947e-26,8.32558319979548e-26,8.325583199830486e-26,8.325583199841584e-26,8.325583199731265e-26,8.325583199760453e-26,8.325583199930909e-26,8.325583199931601e-26,8.325583199893361e-26,8.325583199893351e-26,8.325583199864529e-26,8.325583199863462e-26,8.325583200122887e-26,8.325583200554741e-26,8.325583200556817e-26,8.325583200861897e-26,8.325583200999116e-26,8.325583201001322e-26,8.32558320100429e-26,8.32558320100757e-26,8.325583201005663e-26,8.32558320122236e-26,8.32558320122074e-26,8.325583201549116e-26,8.32558320154919e-26,8.32558320136767e-26,8.32558320136505e-26,8.325583201090748e-26,8.325583200859552e-26,8.325583201623644e-26,8.325583201623503e-26,8.325583201584289e-26,8.325583201861742e-26,8.325583202532429e-26,8.325583204096024e-26,8.325583204097715e-26,8.325583204930024e-26,8.325583205253266e-26,8.325583205207755e-26,8.32558320520779e-26,8.325583204042923e-26,8.325583204029162e-26,8.325583204145065e-26,8.325583204130861e-26,8.32558320413048e-26,8.325583204130366e-26,8.325583204255765e-26,8.325583204155901e-26,8.325583204180745e-26,8.32558320401927e-26,8.32558320401932e-26,8.325583209132818e-26,8.325583209802877e-26,8.325583210234495e-26,8.325583208411279e-26,8.325583208358795e-26,8.325583208439469e-26,8.325583213837191e-26,8.325583213825856e-26,8.325583213825968e-26,8.325583214258633e-26,8.32558321570543e-26,8.32558321956029e-26,8.325583219611188e-26,8.325583220978768e-26,8.325583220940593e-26,8.325583221376509e-26,8.325583221370432e-26,8.325583221085549e-26,8.325583221085312e-26,8.325583220753193e-26,8.325583220757769e-26,8.325583220757742e-26,8.325583220499876e-26,8.325583220499944e-26,8.325583220500333e-26,8.325583220499915e-26,8.325583220403721e-26,8.325583220406817e-26,8.325583218300177e-26,8.325583218000177e-26,8.325583217991853e-26,8.325583218031587e-26,8.325583218034716e-26,8.325583218035063e-26,8.325583218035726e-26,8.325583218041264e-26,8.325583218028789e-26,8.325583218296502e-26,8.325583217998046e-26,8.325583218156307e-26,8.325583218113265e-26,8.325583218112717e-26,8.325583218112634e-26,8.325583218386996e-26,8.325583259294913e-26,8.325583258531706e-26,8.325583258569153e-26,8.325583178935834e-26,8.325583178942778e-26,8.32558317793619e-26,8.325583177791185e-26,8.325583176159092e-26,8.325583174061269e-26,8.32558317391926e-26,8.325583173918131e-26,8.325583169739425e-26,8.325583169887281e-26,8.325583169824336e-26,8.325583169816312e-26,8.325583166173291e-26,8.325583166175223e-26,8.325583166177238e-26,8.325583166181788e-26,8.325583166530243e-26,8.325583166558874e-26,8.325583161407141e-26,8.32558316141563e-26,8.32558316149418e-26,8.325583166822375e-26,8.325583163730827e-26,8.325583163730893e-26,8.325583163575625e-26,8.325583163595869e-26,8.325583163596874e-26,8.325583163623405e-26,8.325583163583507e-26,8.32558316357824e-26,8.325583163582854e-26,8.325583163625547e-26,8.325583163968853e-26,8.325583163031842e-26,8.325583163028359e-26,8.325583270750209e-26,8.325583270844065e-26,8.325583268733789e-26,8.325583268739019e-26,8.325583268738991e-26,8.325583268739317e-26,8.325583268739221e-26,8.325583269253299e-26,8.325583269737801e-26,8.325583269737882e-26,8.325583287581963e-26,8.325583287569701e-26,8.325583287580851e-26,8.325583287571785e-26,8.325583287572239e-26,8.325583288267096e-26,8.325583288241885e-26,8.325583288250229e-26,8.325583293911813e-26,8.325583294035186e-26,8.325583294035099e-26,8.325583294032672e-26,8.325583295972911e-26,8.325583295987207e-26,8.325583292889317e-26,8.32558329324158e-26,8.325583293241433e-26,8.325583293241359e-26,8.325583293246751e-26,8.325583297835724e-26,8.325583297812977e-26,8.325583297978127e-26,8.325583297994458e-26,8.32558329805013e-26,8.325583298054971e-26,8.325583298351078e-26,8.325583298094942e-26,8.325583298065197e-26,8.32558329807064e-26,8.325583298049768e-26,8.325583298049164e-26,8.325583298246521e-26,8.32558326754996e-26,8.325583267463458e-26,8.325583257558403e-26,8.325583257858902e-26,8.325583257872005e-26,8.325583257873827e-26,8.325583257876915e-26,8.325583257817199e-26,8.32558325861559e-26,8.32558325864362e-26,8.325583258597856e-26,8.325583258596386e-26,8.325583258339179e-26,8.325583258275177e-26,8.325583258280029e-26,8.325583258278643e-26,8.325583258280954e-26,8.325583258275028e-26,8.325583258274778e-26,8.325583258270933e-26,8.325583258426432e-26,8.325583258426613e-26,8.325583258426231e-26,8.32558325842625e-26,8.325583258422469e-26,8.325583258420258e-26,8.325583258347601e-26,8.325583258347122e-26,8.325583258436406e-26,8.325583257862553e-26,8.325583257858557e-26,8.325583257858526e-26,8.325583258280464e-26,8.325583258275729e-26,8.325583258277368e-26,8.325583258276458e-26,8.325583258276426e-26,8.325583258328749e-26,8.325583258330774e-26,8.325583258332718e-26,8.325583258314498e-26,8.3255832583146e-26,8.32558325909994e-26,8.32558325909974e-26,8.325583259098508e-26,8.325583256035925e-26,8.325583257592763e-26,8.325583257596743e-26,8.325583257600856e-26,8.325583257601591e-26,8.325583256958754e-26,8.325583256957095e-26,8.32558325696803e-26,8.325583256849969e-26,8.325583256850706e-26,8.325583256850598e-26,8.325583257751748e-26,8.325583257746625e-26,8.32558325774632e-26,8.325583257757211e-26,8.325583257761681e-26,8.32558325779426e-26,8.32558325779408e-26,8.32558325779666e-26,8.325583257797061e-26,8.32558325789499e-26,8.325583258334137e-26,8.325583258237393e-26,8.325583258642451e-26,8.325583258604121e-26,8.325583258609435e-26,8.325583258622991e-26,8.325583258553606e-26,8.325583258547368e-26,8.32558325852757e-26,8.32558325852765e-26,8.325583258364147e-26,8.325583258363691e-26,8.325583258426185e-26,8.325583258686968e-26,8.325583258687014e-26,8.325583258529872e-26,8.325583258537265e-26,8.325583258537116e-26,8.325583258535671e-26,8.325583258663237e-26,8.325583259539368e-26,8.325583258236763e-26,8.325583258249878e-26,8.325583258851466e-26,8.325583258906854e-26,8.32558325890686e-26,8.325583256061218e-26,8.325583259354963e-26,8.325583259390189e-26,8.3255832604175e-26,8.325583260411736e-26,8.325583262646476e-26,8.325583262532281e-26,8.325583262546597e-26,8.325583262718382e-26,8.325583263328611e-26,8.325583263328592e-26,8.325583263454253e-26,8.325583263453649e-26,8.325583263455289e-26,8.325583263009706e-26,8.325583262910865e-26,8.325583259932318e-26,8.325583259931832e-26,8.325583259932768e-26,8.32558325994235e-26,8.325583259924915e-26,8.325583260227717e-26,8.325583260227745e-26,8.325583260209141e-26,8.325583260202405e-26,8.325582832229306e-26,8.325582832682358e-26,8.32558283263635e-26,8.3255828326354e-26,8.325582832635333e-26,8.32558283264227e-26,8.32558283269159e-26,8.325582832964394e-26,8.325582832901461e-26,8.325582832780283e-26,8.325582832780259e-26,8.325582832780285e-26,8.325582832951518e-26,8.325582833131283e-26,8.325582833005036e-26,8.325582832983045e-26,8.32558283334674e-26,8.32558283333731e-26,8.325582833159776e-26,8.325582834340254e-26,8.325582834337123e-26,8.325582834566622e-26,8.325582834516347e-26,8.325582833945818e-26,8.325582833944899e-26,8.325582833788557e-26,8.325582833484944e-26,8.325582833492923e-26,8.325582833323907e-26,8.325582833324109e-26,8.325582833345386e-26,8.325582833365587e-26,8.32558283349399e-26,8.325582833457159e-26,8.325582833499484e-26,8.325582833445674e-26,8.325582832522795e-26,8.325582832729253e-26,8.325582832680586e-26,8.325582832672956e-26,8.325582833143363e-26,8.325582833141591e-26,8.325582833069344e-26,8.325582833124601e-26,8.325582833124572e-26,8.32558283305918e-26,8.325582833239167e-26,8.325582833587776e-26,8.325582833588656e-26,8.325582834919307e-26,8.325582835056214e-26,8.325582835053146e-26,8.325582828654373e-26,8.325582828655045e-26,8.325582828617186e-26,8.325582828620044e-26,8.325582828628386e-26,8.325582828633548e-26,8.325582828635617e-26,8.325582828856605e-26,8.325582828820007e-26,8.325582828820178e-26,8.325582828821763e-26,8.325582821483379e-26,8.325582821483923e-26,8.325582821481708e-26,8.325582821481525e-26,8.325582821481642e-26,8.325582843277743e-26,8.32558284316955e-26,8.325582842918347e-26,8.325582842918395e-26,8.325582842947837e-26,8.325582843091607e-26,8.32558284309747e-26,8.325582843252428e-26,8.32558284418944e-26,8.325582844214254e-26,8.3255828441854e-26,8.32558284418336e-26,8.325582844183305e-26,8.325582844183097e-26,8.325582844182939e-26,8.325582844280657e-26,8.325582844280949e-26,8.325582844368648e-26,8.325582844074106e-26,8.325582844087881e-26,8.325582844087691e-26,8.325582844100892e-26,8.325582844100745e-26,8.325582846371388e-26,8.325582844934222e-26,8.325582844934219e-26,8.325582845454686e-26,8.325582845643633e-26,8.325582845568917e-26,8.325582845568978e-26,8.325582845569843e-26,8.325582845571382e-26,8.325582829480617e-26,8.32558282950682e-26,8.325582829463198e-26,8.32558282942593e-26,8.32558287710029e-26,8.325582876956413e-26,8.325582876955606e-26,8.325582877716412e-26,8.325582877603173e-26,8.325582877598601e-26,8.325582877599651e-26,8.325582877571839e-26,8.325582877846173e-26,8.325582878036453e-26,8.325582877805069e-26,8.325582877799154e-26,8.325582877610614e-26,8.325582883023883e-26,8.325582883024521e-26,8.325582883053674e-26,8.325582883102981e-26,8.32558289294824e-26,8.325582894291111e-26,8.325582894164958e-26,8.325582894165108e-26,8.325582894165199e-26,8.325582894165234e-26,8.325582894166073e-26,8.325582894166071e-26,8.325582894159964e-26,8.325582894135965e-26,8.325582894138568e-26,8.325582894182078e-26,8.325582892939135e-26,8.325582892996494e-26,8.325582892996807e-26,8.325582892996165e-26,8.325582893021395e-26,8.325582917610351e-26,8.325582917678644e-26,8.325582917678647e-26,8.32558291730344e-26,8.325582917291755e-26,8.32558291596488e-26,8.325582915964913e-26,8.325582932958521e-26,8.325582932937731e-26,8.325582933048729e-26,8.325582932157907e-26,8.325582932157664e-26,8.325582932157658e-26,8.325582932090496e-26,8.325582932090428e-26,8.325582932090741e-26,8.3255829322985e-26,8.325582932439888e-26,8.325582932446185e-26,8.32558293224058e-26,8.325582932662295e-26,8.325582937402977e-26,8.325582937467957e-26,8.325582935410664e-26,8.325582934604744e-26,8.325582933529628e-26,8.325582933700806e-26,8.325582933706204e-26,8.325582929710797e-26,8.325582935343173e-26,8.325582935348531e-26,8.325582932295127e-26,8.325582932614693e-26,8.32558293274428e-26,8.325582934085172e-26,8.325582935131845e-26,8.325582935132947e-26,8.325582935128403e-26,8.325582935131084e-26,8.325582935137657e-26,8.32558293509599e-26,8.325582935091028e-26,8.325582935220062e-26,8.325582935220062e-26,8.325582935220658e-26,8.325582935214414e-26,8.325582935189078e-26,8.325582935352511e-26,8.325582935355017e-26,8.325582940203468e-26,8.325582943398403e-26,8.325582979879182e-26,8.325582979877541e-26,8.32558297987745e-26,8.32558297983252e-26,8.325582979810245e-26,8.325582979459305e-26,8.325582979453902e-26,8.325582979555534e-26,8.325582982447784e-26,8.32558298375907e-26,8.325582985016034e-26,8.325582984936231e-26,8.325582985148895e-26,8.325582984159343e-26,8.325582984331044e-26,8.325582985692789e-26,8.325582985580179e-26,8.325582986825911e-26,8.325582989023001e-26,8.325582989023016e-26,8.325582989025933e-26,8.325582989027286e-26,8.325582989055482e-26,8.325583230494354e-26,8.325583230494808e-26,8.325583230517157e-26,8.325583230518606e-26,8.325583230795232e-26,8.325583230792294e-26,8.325583230792547e-26,8.325583230791836e-26,8.325583230789646e-26,8.325583230792531e-26,8.325583230791382e-26,8.325583230791622e-26,8.325583234516613e-26,8.325583234601384e-26,8.325583234831419e-26,8.325583234831064e-26,8.325583234825381e-26,8.325583234919581e-26,8.325583234891997e-26,8.325583234887032e-26,8.32558323492401e-26,8.325583233042246e-26,8.325583233133118e-26,8.325583232919258e-26,8.325583232920502e-26,8.325583234539692e-26,8.325583234563731e-26,8.325583234461401e-26,8.325583234365733e-26,8.325583234311124e-26,8.325583234397586e-26,8.325583234397765e-26,8.325583234371102e-26,8.325583234370858e-26,8.325583234355913e-26,8.325583234356665e-26,8.325583234357517e-26,8.325583234615877e-26,8.325583234409947e-26,8.325583234430002e-26,8.325583234429874e-26,8.325583234329042e-26,8.325583234332758e-26,8.325583234438397e-26,8.325583234417262e-26,8.32558323430559e-26,8.325583234309044e-26,8.325583234309031e-26,8.325583234301841e-26,8.325583264888117e-26,8.325583264887982e-26,8.325583264980186e-26,8.325583264742608e-26,8.325583264669254e-26,8.325583264669121e-26,8.325583264933567e-26,8.325583264990268e-26,8.32558326567703e-26,8.325583265546193e-26,8.325583265653874e-26,8.325583265072528e-26,8.325583265047605e-26,8.325583265029132e-26,8.325583265028818e-26,8.325583265028922e-26,8.325583265294319e-26,8.325583265293786e-26,8.325583267011571e-26,8.325583273545523e-26,8.325583273545113e-26,8.325583273637794e-26,8.325583273685902e-26,8.325583273460757e-26,8.325583273461125e-26,8.325583273373949e-26,8.325583273370234e-26,8.325583273370354e-26,8.325583273371555e-26,8.325583273460678e-26,8.325583273478553e-26,8.325583273481738e-26,8.325583273481683e-26,8.32558327348862e-26,8.325583273484479e-26,8.325583273485095e-26,8.325583273485233e-26,8.325583273485242e-26,8.325583273485815e-26,8.32558327348668e-26,8.325583273486668e-26,8.325583273487326e-26,8.325583273483875e-26,8.325583273483877e-26,8.325583273483905e-26,8.325583273480969e-26,8.325583273481539e-26,8.325583273480923e-26,8.325583273483578e-26,8.32558327348378e-26,8.325583273483287e-26,8.325583273469953e-26,8.325583273488337e-26,8.325583273473901e-26,8.325583273469848e-26,8.325583273437383e-26,8.325583273430784e-26,8.325583273435613e-26,8.325583273435507e-26,8.325583273436156e-26,8.325583273523123e-26,8.325583273523522e-26,8.325583273526668e-26,8.32558327351766e-26,8.325583276237945e-26,8.325583276319212e-26,8.325583277441894e-26,8.325583277471775e-26,8.325583277467225e-26,8.325583277467176e-26,8.325583277476248e-26,8.325583277442668e-26,8.325583277440109e-26,8.325583277440335e-26,8.325583278683082e-26,8.325582901596271e-26,8.325582901638653e-26,8.325582901568908e-26,8.325582901936975e-26,8.325582901909361e-26,8.325582901890359e-26,8.325582901889143e-26,8.325582901366772e-26,8.325582901317019e-26,8.325582901237571e-26,8.32558290123643e-26,8.325582901576373e-26,8.325582901661909e-26,8.325582901662002e-26,8.325582901634592e-26,8.325582901593592e-26,8.325582901722361e-26,8.325582901773344e-26,8.325582901699151e-26,8.325582901779851e-26,8.32558290177985e-26,8.325582901780045e-26,8.325582901779326e-26,8.325582901783558e-26,8.325582931002208e-26,8.325582931037364e-26,8.325582930932871e-26,8.325582931005874e-26,8.325582931243788e-26,8.325582931486573e-26,8.325582931563526e-26,8.325582931561909e-26,8.325582931753388e-26,8.32558293166619e-26,8.325582906681768e-26,8.325582906703946e-26,8.32558290670558e-26,8.325582906840699e-26,8.325582906841942e-26,8.325582906838781e-26,8.325582906838331e-26,8.325582906829961e-26,8.325582906694561e-26,8.325582906667594e-26,8.325582906666442e-26,8.32558290666902e-26,8.325582906125274e-26,8.325582906109935e-26,8.325582873707758e-26,8.325582873800262e-26,8.32558287320794e-26,8.325582873234e-26,8.325582872725562e-26,8.325582872716134e-26,8.325582872798993e-26,8.325582855565235e-26,8.32558285556346e-26,8.325582855558822e-26,8.325582856000771e-26,8.325582855999659e-26,8.325582855529257e-26,8.325582855530322e-26,8.325582855193059e-26,8.325582853992418e-26,8.325582858764732e-26,8.325582859624966e-26,8.325582860069519e-26,8.325582860087275e-26,8.325582860013026e-26,8.325582880135526e-26,8.32558288013641e-26,8.325582880161469e-26,8.325582891102486e-26,8.325582888870471e-26,8.325582889207759e-26,8.325582943435997e-26,8.325582943487966e-26,8.325582943475953e-26,8.325583282742423e-26,8.32558328233055e-26,8.325583282347787e-26,8.325583581022766e-26,8.32558358102019e-26,8.325583547586288e-26,8.325583547540792e-26,8.32558354600632e-26,8.325583545370703e-26,8.325583545411491e-26,8.32558354541259e-26,8.325583548085752e-26,8.325583548084875e-26,8.325583548084734e-26,8.325583548084076e-26,8.325583548015494e-26,8.325583548278253e-26,8.325583548325353e-26,8.325583549291431e-26,8.325583558907718e-26,8.325583558470726e-26,8.325583558501362e-26,8.325583558327121e-26,8.32558355832855e-26,8.325583558332972e-26,8.325583521867517e-26,8.32558352182735e-26,8.325583522191771e-26,8.325583522176115e-26,8.325583528419552e-26,8.325583528344208e-26,8.325583459046657e-26,8.325583459139011e-26,8.325583459138076e-26,8.325583462582379e-26,8.325583462590196e-26,8.32558352814608e-26,8.325583528147044e-26,8.325583528142233e-26,8.325583528172651e-26,8.325583528172289e-26,8.325583527632217e-26,8.325583527629649e-26,8.325583543199947e-26,8.325583543200129e-26,8.325583543191653e-26,8.325583543253779e-26,8.3255835432535e-26,8.325583543421917e-26,8.3255835434214e-26,8.325583543420459e-26,8.325583543424653e-26,8.325583543204506e-26,8.325583543199288e-26,8.325583543199317e-26,8.325583542335863e-26,8.325583552456564e-26,8.325583552455897e-26,8.325583552380748e-26,8.325583552372688e-26,8.325583552372761e-26,8.325583552316351e-26,8.325583552316355e-26,8.325583551256625e-26,8.325583551304509e-26,8.325583551227551e-26,8.325583551224594e-26,8.325583551224526e-26,8.325583551249621e-26,8.32558355217861e-26,8.325583553681198e-26,8.325583553512221e-26,8.325583553514036e-26,8.325583553515353e-26,8.325583553515947e-26,8.325583552720633e-26,8.325583553298041e-26,8.325583553298156e-26,8.325583552271152e-26,8.325583552296725e-26,8.325583552296275e-26,8.325583552302547e-26,8.325583551103769e-26,8.325583552122839e-26,8.325583552302713e-26,8.325583552306995e-26,8.325583553446943e-26,8.325583553457654e-26,8.325583553725789e-26,8.325583554040148e-26,8.325583554040083e-26,8.325583561395126e-26,8.325583560825041e-26,8.325583766045216e-26,8.325583770870157e-26,8.325583767069016e-26,8.32558376781345e-26,8.325583766628032e-26,8.325583766553675e-26,8.325583766002355e-26,8.325583765471356e-26,8.325583765470881e-26,8.325583765511237e-26,8.325583751464349e-26,8.325583751679601e-26,8.325583751793672e-26,8.325583750992791e-26,8.325583751015188e-26,8.325583750058975e-26,8.32558375013329e-26,8.325583752420448e-26,8.32558375234377e-26,8.325583752563676e-26,8.325583752568385e-26,8.325583752568383e-26,8.325583752753564e-26,8.325583752753564e-26,8.325583752764476e-26,8.325583752764368e-26,8.325583752274545e-26,8.325583752251385e-26,8.325583751726618e-26,8.325583751726442e-26,8.325583751726398e-26,8.325583751726391e-26,8.325583751595504e-26,8.325583751595543e-26,8.325583751595569e-26,8.325583751595854e-26,8.325583751595899e-26,8.325583751595894e-26,8.325583751595901e-26,8.325583751589859e-26,8.325583751589629e-26,8.325583750161447e-26,8.325583750150095e-26,8.325583750163141e-26,8.325583750163601e-26,8.325583749945956e-26,8.325583750151892e-26,8.325583750147094e-26,8.325583750226603e-26,8.325583750208076e-26,8.325583751528948e-26,8.32558375173858e-26,8.325583751739144e-26,8.32558375173789e-26,8.325583751737895e-26,8.32558375196224e-26,8.325583751960607e-26,8.325583751960603e-26,8.325583751960603e-26,8.3255837270168e-26,8.325583725902988e-26,8.325583725901911e-26,8.32558372588692e-26,8.325583725881541e-26,8.325583725881533e-26,8.325583725881313e-26,8.325583722082016e-26,8.325583722082069e-26,8.325583722078317e-26,8.325583722080074e-26,8.32558372207953e-26,8.325583722079555e-26,8.325583722078967e-26,8.325583722078439e-26,8.325583722238257e-26,8.325583722247855e-26,8.325583724041209e-26,8.325583724008745e-26,8.325583724123597e-26,8.325583724112301e-26,8.32558372424365e-26,8.325583724319039e-26,8.325583724317866e-26,8.325583724318103e-26,8.325583724318103e-26,8.325583724324248e-26,8.325583724325147e-26,8.325583724327956e-26,8.325583724326418e-26,8.325583724324493e-26,8.325583724457785e-26,8.325583724722937e-26,8.325583724569468e-26,8.325583729091896e-26,8.325583729095548e-26,8.325583729091347e-26,8.325583729077247e-26,8.325583728854485e-26,8.325583725913494e-26,8.325583727599135e-26,8.325583729336412e-26,8.325583729332982e-26,8.325583729331937e-26,8.325583729841744e-26,8.325583729016433e-26,8.325583729040992e-26,8.325583729044851e-26,8.325583729164827e-26,8.325583728953431e-26,8.325583728954938e-26,8.325583728938544e-26,8.325583728937611e-26,8.325583723602421e-26,8.325583723602529e-26,8.325583723423549e-26,8.325583723423837e-26,8.32558372342602e-26,8.325583723431692e-26,8.325583723390412e-26,8.325583723387317e-26,8.325583723385925e-26,8.325583723386301e-26,8.325583723385569e-26,8.325583722919582e-26,8.325583722919515e-26,8.32558372327723e-26,8.32558375945016e-26,8.325583760665483e-26,8.325583762515853e-26,8.325583762465732e-26,8.325583761869244e-26,8.325583668056812e-26,8.325583668050734e-26,8.32558366805145e-26,8.325583668619435e-26,8.325583668621263e-26,8.325583669149853e-26,8.325583669279713e-26,8.325583669514166e-26,8.325583669701407e-26,8.325583669895995e-26,8.325583670066741e-26,8.3255836718373e-26,8.325583671840175e-26,8.32558367191292e-26,8.325583671840654e-26,8.325583671809981e-26,8.325583671734336e-26,8.325583671758579e-26,8.32558367175892e-26,8.325583672875516e-26,8.325583672864454e-26,8.325583670252129e-26,8.325583670252125e-26,8.325583670380625e-26,8.325583670381501e-26,8.325583670414222e-26,8.325583670418892e-26,8.325583670041724e-26,8.32558366997148e-26,8.325583669969982e-26
2,0.0,0.0,0.0,0.0,0.0,0.0,0.0,0.0,0.0,0.0,0.0,0.0,0.0,0.0,0.0,0.0,0.0,0.0,0.0,0.0,0.0,0.0,0.0,0.0,0.0,0.0,0.0,0.0,0.0,0.0,0.0,0.0,0.0,0.0,0.0,0.0,0.0,0.0,0.0,0.0,0.0,0.0,0.0,0.0,0.0,0.0,0.0,0.0,0.0,0.0,0.0,0.0,0.0,0.0,0.0,0.0,0.0,0.0,0.0,0.0,0.0,0.0,0.0,0.0,0.0,0.0,0.0,0.0,0.0,0.0,0.0,0.0,0.0,0.0,0.0,0.0,0.0,0.0,0.0,0.0,0.0,0.0,0.0,0.0,0.0,0.0,0.0,0.0,0.0,0.0,0.0,0.0,0.0,0.0,0.0,0.0,0.0,0.0,0.0,0.0,0.0,0.0,0.0,0.0,0.0,0.0,0.0,0.0,0.0,0.0,0.0,0.0,0.0,0.0,0.0,0.0,0.0,0.0,0.0,0.0,0.0,0.0,0.0,0.0,0.0,0.0,0.0,0.0,0.0,0.0,0.0,0.0,0.0,0.0,0.0,0.0,0.0,0.0,0.0,0.0,0.0,0.0,0.0,0.0,0.0,0.0,0.0,0.0,0.0,0.0,0.0,0.0,0.0,0.0,0.0,0.0,0.0,0.0,0.0,0.0,0.0,0.0,0.0,0.0,0.0,0.0,0.0,0.0,0.0,0.0,0.0,0.0,0.0,0.0,0.0,0.0,0.0,0.0,0.0,0.0,0.0,0.0,0.0,0.0,0.0,0.0,0.0,0.0,0.0,0.0,0.0,0.0,0.0,0.0,0.0,0.0,0.0,0.0,0.0,0.0,0.0,0.0,0.0,0.0,0.0,0.0,0.0,0.0,0.0,0.0,0.0,0.0,0.0,0.0,0.0,0.0,0.0,0.0,0.0,0.0,0.0,0.0,0.0,0.0,0.0,0.0,0.0,0.0,0.0,0.0,0.0,0.0,0.0,0.0,0.0,0.0,0.0,0.0,0.0,0.0,0.0,0.0,0.0,0.0,0.0,0.0,0.0,0.0,0.0,0.0,0.0,0.0,0.0,0.0,0.0,0.0,0.0,0.0,0.0,0.0,0.0,0.0,0.0,0.0,0.0,0.0,0.0,0.0,0.0,0.0,0.0,0.0,0.0,0.0,0.0,0.0,0.0,0.0,0.0,0.0,0.0,0.0,0.0,0.0,0.0,0.0,0.0,0.0,0.0,0.0,0.0,0.0,0.0,0.0,0.0,0.0,0.0,0.0,0.0,0.0,0.0,0.0,0.0,0.0,0.0,0.0,0.0,0.0,0.0,0.0,0.0,0.0,0.0,0.0,0.0,0.0,0.0,0.0,0.0,0.0,0.0,0.0,0.0,0.0,0.0,0.0,0.0,0.0,0.0,0.0,0.0,0.0,0.0,0.0,0.0,0.0,0.0,0.0,0.0,0.0,0.0,0.0,0.0,0.0,0.0,0.0,0.0,0.0,0.0,0.0,0.0,0.0,0.0,0.0,0.0,0.0,0.0,0.0,0.0,0.0,0.0,0.0,0.0,0.0,0.0,0.0,0.0,0.0,0.0,0.0,0.0,0.0,0.0,0.0,0.0,0.0,0.0,0.0,0.0,0.0,0.0,0.0,0.0,0.0,0.0,0.0,0.0,0.0,0.0,0.0,0.0,0.0,0.0,0.0,0.0,0.0,0.0,0.0,0.0,0.0,0.0,0.0,0.0,0.0,0.0,0.0,0.0,0.0,0.0,0.0,0.0,0.0,0.0,0.0,0.0,0.0,0.0,0.0,0.0,0.0,0.0,0.0,0.0,0.0,0.0,0.0,0.0,0.0,0.0,0.0,0.0,0.0,0.0,0.0,0.0,0.0,0.0,0.0,0.0,0.0,0.0,0.0,0.0,0.0,0.0,0.0,0.0,0.0,0.0,0.0,0.0,0.0,0.0,0.0,0.0,0.0,0.0,0.0,0.0,0.0,0.0,0.0,0.0,0.0,0.0,0.0,0.0,0.0,0.0,0.0,0.0,0.0,0.0,0.0,0.0,0.0,0.0,0.0,0.0,0.0,0.0,0.0,0.0,0.0,0.0,0.0,0.0,0.0,0.0,0.0,0.0,0.0,0.0,0.0,0.0,0.0,0.0,0.0,0.0,0.0,0.0,0.0,0.0,0.0,0.0,0.0,0.0,0.0,0.0,0.0,0.0,0.0,0.0,0.0,0.0,0.0,0.0,0.0,0.0,0.0,0.0,0.0,0.0,0.0,0.0,0.0,0.0,0.0,0.0,0.0,0.0,0.0,0.0,0.0,0.0,0.0,0.0,0.0,0.0,0.0,0.0,0.0,0.0,0.0,0.0,0.0,0.0,0.0,0.0,0.0,0.0,0.0,0.0,0.0,0.0,0.0,0.0,0.0,0.0,0.0,0.0,0.0,0.0,0.0,0.0,0.0,0.0,0.0,0.0,0.0,0.0,0.0,0.0,0.0,0.0,0.0,0.0,0.0,0.0,0.0,0.0,0.0,0.0,0.0,0.0,0.0,0.0,0.0,0.0,0.0,0.0,0.0,0.0,0.0,0.0,0.0,0.0,0.0,0.0,0.0,0.0,0.0,0.0,0.0,0.0,0.0,0.0,0.0,0.0,0.0,0.0,0.0,0.0,0.0,0.0,0.0,0.0,0.0,0.0,0.0,0.0,0.0,0.0,0.0,0.0,0.0,0.0,0.0,0.0,0.0,0.0,0.0,0.0,0.0,0.0,0.0,0.0,0.0,0.0,0.0,0.0,0.0,0.0,0.0,0.0,0.0,0.0,0.0,0.0,0.0,0.0,0.0,0.0,0.0,0.0,0.0,0.0,0.0,0.0,0.0,0.0,0.0,0.0,0.0,0.0,0.0,0.0,0.0,0.0,0.0,0.0,0.0,0.0,0.0,0.0,0.0,0.0,0.0,0.0,0.0,0.0,0.0,0.0,0.0,0.0,0.0,0.0,0.0,0.0,0.0,0.0,0.0,0.0,0.0,0.0,0.0,0.0,0.0,0.0,0.0,0.0,0.0,0.0,0.0,0.0,0.0,0.0,0.0,0.0,0.0,0.0,0.0,0.0,0.0,0.0,0.0,0.0,0.0,0.0,0.0,0.0,0.0,0.0,0.0,0.0,0.0,0.0,0.0,0.0,0.0,0.0,0.0,0.0,0.0,0.0,0.0,0.0,0.0,0.0,0.0,0.0,0.0,0.0,0.0,0.0,0.0,0.0,0.0,0.0,0.0,0.0,0.0,0.0,0.0,0.0,0.0,0.0,0.0,0.0,0.0,0.0,0.0,0.0,0.0,0.0,0.0,0.0,0.0,0.0,0.0,0.0,0.0,0.0,0.0,0.0,0.0,0.0,0.0,0.0,0.0,0.0,0.0,0.0,0.0,0.0,0.0,0.0,0.0,0.0,0.0,0.0,0.0,0.0,0.0,0.0,0.0,0.0,0.0,0.0,0.0,0.0,0.0,0.0,0.0,0.0,0.0,0.0,0.0,0.0,0.0,0.0,0.0,0.0,0.0,0.0,0.0,0.0,0.0,0.0,0.0,0.0,0.0,0.0,0.0,0.0,0.0,0.0,0.0,0.0,0.0,0.0,0.0,0.0,0.0,0.0,0.0,0.0,0.0,0.0,0.0,0.0,0.0,0.0,0.0,0.0,0.0,0.0,0.0,0.0,0.0,0.0,0.0,0.0,0.0,0.0,0.0,0.0,0.0,0.0,0.0,0.0,0.0,0.0,0.0,0.0,0.0,0.0,0.0,0.0,0.0,0.0,0.0,0.0,0.0,0.0,0.0,0.0,0.0,0.0,0.0,0.0,0.0,0.0,0.0,0.0,0.0,0.0,0.0,0.0,0.0,0.0,0.0,0.0,0.0,0.0,0.0,0.0,0.0,0.0,0.0,0.0,0.0,0.0,0.0,0.0,0.0,0.0,0.0,0.0,0.0,0.0,0.0,0.0,0.0,0.0,0.0,0.0,0.0,0.0,0.0,0.0,0.0,0.0,0.0,0.0,0.0,0.0,0.0,0.0,0.0,0.0,0.0,0.0,0.0,0.0,0.0,0.0,0.0,0.0,0.0,0.0,0.0,0.0,0.0,0.0,0.0,0.0,0.0,0.0,0.0,0.0,0.0,0.0,0.0,0.0,0.0,0.0,0.0,0.0,0.0,0.0,0.0,0.0,0.0,0.0,0.0,0.0,0.0,0.0,0.0,0.0,0.0,0.0,0.0,0.0,0.0,0.0,0.0,0.0,0.0,0.0,0.0,0.0,0.0,0.0,0.0,0.0,0.0,0.0,0.0,0.0,0.0,0.0,0.0,0.0,0.0,0.0,0.0,0.0,0.0,0.0,0.0,0.0,0.0,0.0,0.0,0.0,0.0,0.0,0.0,0.0,0.0,0.0,0.0,0.0,0.0,0.0,0.0,0.0,0.0,0.0,0.0,-4.8938018228315434e-33,2.662896414967022e-51,2.838500921842844e-31,2.838500921842855e-31,2.8384933104502684e-31,2.8384933104502684e-31,2.8384933104502246e-31,-3.795196442420635e-31,-2.5174796016617847e-28,-3.454192897996153e-46,1.1561949085248265e-63,-7.110695007758478e-29,6.548158733662649e-45,-9.331848431465738e-28,-4.9410733262034746e-27,-7.363156130160855e-43,-1.0366244419528502e-58,1.738102508178395e-29,1.304882695619928e-29,1.4068487058456127e-29,1.4068487058458187e-29,4.064215046841394e-30,4.220697565354902e-30,4.220698615453832e-30,4.211067783639235e-30,4.211067854969392e-30,4.2110706103277245e-30,4.211071361521105e-30,4.2110747369598704e-30,4.21081378168922e-30,4.210813782375964e-30,4.210823216424815e-30,4.210823197098446e-30,4.210828115329634e-30,4.210828115102318e-30,4.211581258113309e-30,4.211581252299777e-30,4.212139354297185e-30,4.2119266584951064e-30,4.212433486583922e-30,4.212432597188283e-30,4.212359559580954e-30,4.212341865032904e-30,4.212340778911418e-30,4.212890504554558e-30,4.2160611791420784e-30,4.8138722292255515e-30,4.81441214205793e-30,4.8144011157227655e-30,4.814401115733164e-30,4.814401115733166e-30,-1.1968567244228238e-25,-3.294468356441714e-32,7.1510390639807e-33,7.151039063980704e-33,-1.6202711457189556e-32,2.6827107292272872e-48,2.259686652244464e-43,2.2596866532790507e-43,-2.2684638032716634e-31,2.028629898404003e-31,2.028442303579154e-31,2.0284423035791546e-31,2.028438267133637e-31,1.5501086329938751e-31,2.8649689727080703e-31,2.8649242171987895e-31,2.86492591642627e-31,2.8649259164262606e-31,2.8649483250185965e-31,2.820498489931869e-31,2.789102582043448e-31,1.8056468047047695e-29,1.80564680470477e-29,1.8056471758789044e-29,1.80623107759248e-29,1.80537805177695e-29,1.8054024160483162e-29,1.8054024160483168e-29,1.8054302694079364e-29,1.805430117926225e-29,1.8043230426762883e-29,2.158585762448116e-29,2.1589483989961982e-29,2.1001103402255535e-29,2.1001103402908128e-29,2.1001103402908125e-29,2.100110386404094e-29,2.1001103864040938e-29,2.0303700260763732e-29,2.0278407911796396e-29,2.132159485652624e-29,2.1368405772099994e-29,2.1368405772099994e-29,2.1368487921699114e-29,2.1642693755972245e-29,2.4851288561303944e-29,3.63961411872615e-29,3.6396141187261526e-29,3.6416360735058205e-29,3.641635444576908e-29,3.6435594015936275e-29,3.740845069390654e-29,3.740845069390657e-29,3.740184595572618e-29,3.7753539516995605e-29,3.7753539516995526e-29,3.77535395167126e-29,2.957483415065083e-29,1.909071822364469e-29,1.9090869018202382e-29,1.9091356636591068e-29,1.9091356636591099e-29,2.2526481021556575e-29,2.2526454283872898e-29,2.2515567658274567e-29,2.255004380195581e-29,2.2550626856713301e-29,5.9268694181318634e-30,5.901396827769269e-30,7.190799777551993e-30,7.190799777551992e-30,6.903881934591761e-30,6.955461253421597e-30,6.955490204300803e-30,1.132323693581382e-29,1.132323695203665e-29,4.17096516365677e-30,-3.3346491206723757e-31,5.087101100206423e-38,-4.3148695826734474e-35,-1.208403408095411e-31,2.6959927489617446e-31,3.508778125520869e-30,3.512413997120879e-30,9.50371844050984e-32,2.13875966545123e-32,-3.6613841912362243e-32,4.564367276179765e-38,4.5573959163513557e-38,4.557395920926925e-38,-1.6631223726065593e-28,-8.310715285978412e-32,7.772445870423528e-32,7.809740635900438e-32,7.809740629988879e-32,-1.2199862710197776e-28,2.3918374715808235e-35,2.3918282134412144e-35,3.6550598655269974e-35,-1.1047792139964201e-30,-6.862749336453103e-45,-1.0984249824167488e-36,7.3512201780820635e-34,7.351200421509628e-34,-8.510846911570744e-33,-1.0128484342388539e-29,1.5399887196752832e-33,-1.5918656960750084e-31,-1.0738422808813475e-30,1.2394737662699662e-30,1.2404621201791718e-30,1.3643493457082293e-30,1.3643493456140964e-30,1.3761165594474587e-30,1.376116613391144e-30,1.376295567129e-30,3.5313160204755816e-30,3.531342654064302e-30,1.730370606966943e-29,1.7300794179655713e-29,1.7230585026137385e-29,1.7778390066830652e-29,1.777839006684833e-29,1.7778390066848325e-29,1.777839011826766e-29,1.7780677390571696e-29,1.7780677390578587e-29,1.7780622491800815e-29,1.7780622491801675e-29,1.7780622491805288e-29,1.7812177845938092e-29,1.781217784079261e-29,1.702005893096073e-29,1.719923459738462e-29,1.5209058280158221e-29,1.5209066970915213e-29,1.5215484636807707e-29,1.521548463706049e-29,1.6232780944091137e-29,8.774764046573733e-30,5.821372485390797e-29,5.821518241713961e-29,5.960910731949809e-29,5.960229626065128e-29,8.332915473605166e-29,8.334972030522224e-29,8.25519092849329e-29,8.255190398848553e-29,8.255477774657482e-29,9.794403392695763e-29,9.794403392695266e-29,9.794403392694686e-29,9.762397920940131e-29,9.762392704586444e-29,9.762392704586201e-29,9.762392704010755e-29,9.656647551754869e-29,9.74154944281697e-29,9.735492191302842e-29,9.735492191302593e-29,9.735492545410366e-29,9.735546078496912e-29,9.735546692239001e-29,9.735546830098447e-29,9.735546830098448e-29,9.735546830098447e-29,9.735550760431732e-29,9.745382767665423e-29,9.745382767665422e-29,9.745382767102315e-29,9.746514206262468e-29,9.746488828174376e-29,9.746488828174374e-29,8.95070549893086e-29,8.950704711600778e-29,9.77923407067484e-29,9.779234028117783e-29,9.778907560003492e-29,9.778487346272503e-29,9.778487343627401e-29,9.778487343627403e-29,9.611096561434034e-29,9.609249171696651e-29,9.609249171696557e-29,9.609040492293069e-29,9.608727999162614e-29,7.315867883558566e-29,7.315867334516722e-29,7.227562373968716e-29,7.227563221382608e-29,7.281870092495213e-29,7.281870092543693e-29,7.277049987626165e-29,7.72078283313744e-29,7.720777527665746e-29,7.720768745562584e-29,5.59520421161174e-29,5.59520421161174e-29,5.595100870181339e-29,5.615687912348646e-29,5.614304344602872e-29,5.615689901357769e-29,5.61568990665592e-29,5.617450835928043e-29,5.613233939577813e-29,5.613299838453086e-29,5.613303459325716e-29,5.613346962529396e-29,5.613346963189313e-29,-3.69254530005701e-29,1.7398212764924905e-32,1.9525201360860003e-32,3.68614972591335e-30,3.689260646820022e-30,3.689260808295436e-30,3.688970481565418e-30,3.687749177662863e-30,3.687748315563118e-30,3.687748315562811e-30,6.315659683201063e-30,6.311127608351625e-30,6.314604658056582e-30,6.314604658056581e-30,6.31302850541872e-30,6.31302850541872e-30,8.229527900227113e-30,8.229527900225789e-30,8.22797931785993e-30,-4.021988506413137e-28,-2.286564864422154e-31,1.2548637439642214e-35,-8.276640939465201e-29,-8.954481205227924e-32,3.778776288281651e-33,4.687493383968628e-32,-6.547773788209793e-30,2.2177933091914233e-31,3.211006135105897e-30,3.21100613510419e-30,3.211006135104191e-30,3.41620458385255e-30,3.416204958302698e-30,3.416127550437523e-30,3.4161725940264314e-30,4.0693498095694894e-30,4.0693498095694866e-30,3.854032995156592e-30,3.837743988621905e-30,3.837743988621904e-30,-2.037150906302494e-31,-2.5360093108364307e-39,9.169024271068407e-31,9.173818002544435e-31,9.173818001864546e-31,9.173809681687727e-31,6.030822040148219e-29,6.030423220346293e-29,7.634651862898177e-29,8.098088317756648e-29,8.098088317756648e-29,1.6014810203845152e-28,1.5959707936618668e-28,1.5751625613325214e-28,1.5789635296789038e-28,1.5789635296789005e-28,1.5789635433601765e-28,1.578963540886698e-28,1.578963540886698e-28,1.5765266049383445e-28,1.5765266049394953e-28,1.844774212560452e-28,1.8489044421168635e-28,1.786777396145797e-28,1.7842568465578897e-28,1.7842568465578841e-28,1.9351654608754277e-28,1.935165460875428e-28,1.9351654608754277e-28,1.9351636408939312e-28,1.9351636572023252e-28,1.935163657208781e-28,1.9351607378420417e-28,1.8840914876872938e-28,1.5877222325910453e-28,1.58772222072639e-28,1.588431761057048e-28,1.6005062421509487e-28,1.563836791875247e-28,1.5638367918953567e-28,1.5582288102504794e-28,1.558228681088305e-28,1.5582286810883006e-28,1.554124353134491e-28,1.554404598932763e-28,1.554393844735995e-28,1.8407564738295333e-28,1.8407564738288488e-28,1.840756473828848e-28,1.840756473828848e-28,1.8656201175611665e-28,1.8713638921732014e-28,1.871379599460212e-28,1.8713795994624024e-28,1.871378568864933e-28,1.871378568877543e-28,1.2002608132579774e-28,-9.225967441483709e-28,4.2034145194630014e-33,2.681383059786548e-33,2.6813831414310547e-33,2.6813831414299627e-33,-6.920804147823397e-30,-6.005112384714675e-32,4.408483562589878e-37,2.019074274914428e-30,2.019074274929294e-30,2.0520559434527902e-30,-7.127987885855442e-29,-1.2913748453548697e-32,-3.400712841298355e-28,-5.8067416136180996e-36,-1.653814696140336e-43,-1.4317734734884746e-31,-1.943216402058757e-40,6.000365889808122e-39,-1.996619754243874e-33,-1.1643784802092176e-32,2.643887921354442e-44,7.638910780584444e-43,-1.0373652077645087e-31,-1.576622738125446e-33,2.4674776668840192e-30,4.165062195083247e-30,4.164527691287992e-30,4.164527593124362e-30,4.207863982553089e-30,4.1395309067781104e-30,4.1419430537721054e-30,4.119920964728265e-30,4.119920157753479e-30,8.560650009720577e-30,1.5359601155551945e-29,1.5359601155648544e-29,1.5433231931944725e-29,1.5433231948772343e-29,1.5433226392402653e-29,-3.2758102469015045e-30,1.5382644824906026e-29,1.538264482490602e-29,1.5383839019086604e-29,-5.089603669942601e-30,2.1579339379918473e-30,2.1579317699246654e-30,2.1579314276678385e-30,2.025626674204391e-30,2.0256266742044018e-30,2.025653245043224e-30,2.0206738693566658e-30,2.020673863828955e-30,2.0206738638361875e-30,-3.4705160980463865e-29,-3.9555627923983786e-44,8.635568297029064e-54,6.550881811759184e-30,3.71023092159015e-30,3.7102309217970596e-30,2.0423613170038315e-30,2.0405093966780054e-30,2.0405134077393224e-30,2.0405134077393214e-30,4.565453759110279e-30,4.5654537591102784e-30,4.565447645018459e-30,3.0428266290645625e-30,3.0428266290616226e-30,3.0428266440417263e-30,3.042826644041699e-30,3.042659177663625e-30,2.117298615348208e-29,2.1014769756447665e-29,2.655318514624408e-29,2.450744362966525e-29,2.4507443629665234e-29,2.4507442482984592e-29,4.895578376277337e-29,4.895506660302866e-29,4.895504279992398e-29,4.892394180636331e-29,4.8923941806362353e-29,4.892391231520646e-29,-5.281172698496609e-29,1.520751887685295e-34,1.2987989264969066e-30,1.2987989264969066e-30,1.3007561145485677e-30,1.4241378297604195e-30,1.4241324938686069e-30,1.4241910539751638e-30,7.686167916198245e-31,7.6901346387954e-31,7.690134883642023e-31,8.14618018370608e-31,8.16351866050382e-31,8.163518660503886e-31,8.162462248141673e-31,-2.204857595110308e-30,1.3725910880904663e-38,1.3725910216002038e-38,-8.593547143266286e-31,-3.58987113795628e-49,7.015152662811409e-39,-8.135826625188959e-36,9.738382603643061e-32,9.738197156900838e-32,9.738197305303213e-32,9.73819730574922e-32,3.3899183753665582e-31,3.389847867280993e-31,3.389847859417731e-31,5.61893606160909e-31,-4.7814972760825664e-30,-3.628209790759115e-28,-2.0825439661531002e-32,3.917669702598749e-39,-5.450077626492621e-31,-4.633147814160408e-38,2.6373661379028295e-31,2.637399375098586e-31,2.8611443767261873e-31,-1.21819334033122e-30,4.986334816938575e-32,4.986335472055183e-32,1.1100069596459299e-31,1.110007627286554e-31,3.13542367076382e-31,-3.258174820518248e-30,6.956332463838357e-48,8.440173427019498e-31,-8.725302622495724e-31,-1.2184957065619843e-39,7.976151068017778e-33,2.097234159208071e-32,1.8469260449967217e-32,1.8469878977323017e-32,1.8469878977323017e-32,3.3150533814170185e-30,3.314373490988036e-30,3.951685486698804e-30,3.951685482992533e-30,3.9442484807822704e-30,3.9442485839499804e-30,-3.905105978006386e-31,9.040682015573218e-32,2.9737714994528705e-29,2.9737714994532757e-29,2.973771499367658e-29,2.9734199601346147e-29,3.0086435192173357e-29,3.01149012641017e-29,3.0114901264090875e-29,3.011551653834668e-29,-6.068373182687392e-30,3.087150627341576e-51,-5.892952409317858e-31,-1.511774828224539e-31,-2.492741302019257e-29,-9.200130702423342e-34,-3.637828042302012e-38,1.8588094471584663e-31,1.858809475145466e-31,1.8673738345015213e-31,2.1393622646283244e-31,2.1393622646280345e-31,2.139264026382148e-31,-3.0456252162872734e-30,2.3628035669571387e-43,6.811441956988961e-35,6.811441963124446e-35,-4.17126622504278e-34,5.19267986109502e-33,6.741653908768284e-32,-4.948325758018366e-30,-1.1550669220723475e-33,-9.640807681070642e-33,2.07590148269097e-39,3.5000470833635824e-39,2.3478493312772423e-35,2.326728945100413e-35,2.3129311580969043e-35,2.170851572099325e-32,2.1708410645221256e-32,2.1708410645221256e-32,2.1708410693068767e-32,-4.032772558765363e-31,-2.0182551443302253e-31,6.089804664425566e-36,1.6845917415388069e-29,1.467577424556607e-29,1.4675843662655263e-29,1.4670785064920467e-29,1.4670826266702776e-29,1.4670826266705293e-29,1.589405253034349e-29,1.626464318957421e-29,1.6264643189574216e-29,1.6264800500493894e-29,1.626478160034514e-29,1.6264775104839396e-29,1.4721255009699575e-29,1.4721255009699575e-29,1.24105917979757e-29,1.2410591797975701e-29,2.760278815127497e-29,5.152039874620116e-29,5.816603981302169e-29,5.816356281162993e-29,5.794411493848096e-29,5.794411493824315e-29,5.51295002573956e-29,5.5129500257467e-29,5.512950025746696e-29,-1.4844086247425055e-27,6.4152834154717515e-52,1.642862467500448e-34,-1.90885380733996e-33,-4.668865329527777e-30,8.984725732638008e-29,8.984683210392019e-29,8.676332742038989e-29,8.676333709367255e-29,8.676333709367332e-29,8.676333710868127e-29,8.676333708934421e-29,8.676333702095301e-29,8.676333702095297e-29,8.676333702100482e-29,8.676333704104736e-29,8.676333704587887e-29,8.676291760443499e-29,8.676299914152489e-29,8.676299914152487e-29,8.676299914152647e-29,8.676208755270958e-29,8.676208755270959e-29,8.676208755270962e-29,8.79594293811569e-29,8.788832095328667e-29,8.399853690469969e-29,9.680587331769105e-29,9.698584095107095e-29,9.698584095107093e-29,9.698560240138975e-29,1.0804478388158399e-28,1.0804478191855024e-28,1.0810112889894838e-28,1.08101128898948e-28,1.0810112889893147e-28,1.1237935955535764e-28,1.1237935977171555e-28,1.12379432025277e-28,1.1237943202527704e-28,1.6396629283092945e-28,1.6396629283061955e-28,1.6396629283064437e-28,1.6417405396603117e-28,1.6417405396603296e-28,1.6417343969563177e-28,1.6417343969563177e-28,1.641734396956318e-28,1.6417343783370466e-28,1.6417343783394156e-28,1.972875288061244e-28,1.9728752880612432e-28,1.972875144217226e-28,2.0462648674448302e-28,1.9831808547365615e-28,1.983519801188703e-28,1.9835192640150297e-28,2.6731829237673534e-28,2.673182923767354e-28,2.672414467309747e-28,2.6724144673097473e-28,2.672414467309747e-28,2.6724144673097477e-28,2.446197684807645e-28,2.2518988815372788e-28,2.186494826222397e-28,2.1864966814797035e-28,2.186496681479703e-28,2.1864861904617453e-28,2.185676967892306e-28,2.2250937087293155e-28,2.225093709626557e-28,2.225093709626541e-28,2.2217014792487502e-28,2.2217014792487507e-28,2.2222570942801814e-28,2.222243561894144e-28,2.222243568636621e-28,2.2223018461568943e-28,2.222300965203948e-28,2.2032730381322405e-28,2.1942573958138677e-28,2.1930714916722863e-28,2.195668430988115e-28,2.1956684309948873e-28,2.1925743092954135e-28,2.1930925560335374e-28,2.193092556034981e-28,2.1930925560349804e-28,2.198263201414574e-28,2.1982632014145746e-28,2.1982632014145737e-28,2.198263201387549e-28,2.1982632013874925e-28,2.198263199523373e-28,2.1250615094729084e-28,4.686996398256297e-30,7.971744150890498e-28,7.971751936370823e-28,7.971795584583028e-28,7.972777409694502e-28,7.972777409694501e-28,2.9656688755454955e-27,2.9656688755454958e-27,2.9656688755465512e-27,2.965669092561942e-27,2.965669024260765e-27,2.943803349863866e-27,2.9449916772774993e-27,2.9449916772774993e-27,2.9440003390418927e-27,2.943999742177254e-27,2.943999742177253e-27,2.9439997421772516e-27,2.943999742177249e-27,2.943999742177249e-27,2.9439997421772494e-27,2.9440056581860422e-27,2.944004940533188e-27,2.948277461293835e-27,2.948277461293835e-27,2.9482788520430927e-27,2.948278852997056e-27,2.880317333276784e-26,2.880330373610478e-26,2.8803706052301105e-26,2.880370605230113e-26,2.880370605230112e-26,2.880370605312425e-26,2.880366524914886e-26,2.88036659759493e-26,2.8803665975949306e-26,2.880366597594932e-26,2.8803665983987523e-26,2.8803914128127817e-26,2.880391440546153e-26,2.8804769182454136e-26,2.8804768938442246e-26,2.8836305525497384e-26,2.883630552552846e-26,2.883630552552853e-26,2.8836305525353977e-26,2.883630552535398e-26,2.883633760570615e-26,2.883633760570615e-26,2.883633904706953e-26,2.883633904706952e-26,2.883633904706952e-26,2.8833613636592514e-26,2.8833613486690513e-26,2.883335081624546e-26,2.8833350816301426e-26,2.8833350816301535e-26,2.792283717784593e-26,2.792238861174669e-26,2.7922388611773165e-26,2.7952032421720747e-26,2.7951485060383945e-26,2.7959908886688736e-26,2.795280952170372e-26,2.796272512470113e-26,2.796264472014154e-26,2.788202076338011e-26,2.788054472355169e-26,2.7808846810728734e-26,2.780905144012175e-26,2.777255146857977e-26,2.777255584916392e-26,2.7772614654194006e-26,2.7772721786709296e-26,2.7772595328091804e-26,2.7774070946676497e-26,2.7774070949740537e-26,2.7774017084943645e-26,2.776664776917526e-26,2.7766647769175317e-26,2.776665362477968e-26,2.769756061074209e-26,2.7697561706692874e-26,2.7705509422339297e-26,2.770550942233906e-26,2.770550942234443e-26,2.7731287330352336e-26,2.7731629199071134e-26,2.775491436800539e-26,2.775123362766419e-26,2.7742069113877765e-26,2.7755677457732645e-26,2.775620210509118e-26,2.77561769306818e-26,2.764393834853707e-26,2.7706148702906026e-26,2.770614870327239e-26,2.7673228095372193e-26,2.767254810000569e-26,2.7672548100021975e-26,2.7672548100022606e-26,2.767112447668867e-26,2.7827962635430653e-26,2.7822458464387684e-26,2.782338058056035e-26,2.783104472379725e-26,2.7831392986232624e-26,2.783139298623263e-26,2.784294683349143e-26,2.677079556172005e-26,2.6770794418888536e-26,2.6755945345739516e-26,2.697659630497342e-26,2.7030281021073385e-26,2.703704726932331e-26,2.752717753528566e-26,2.7527120883114856e-26,2.7530413166912387e-26,2.753041316691241e-26,2.743942906341994e-26,2.7439442641889633e-26,2.761671574353116e-26,2.761848321840153e-26,2.76181084936963e-26,2.761852217091215e-26,2.7627964636405053e-26,2.762796462076256e-26,2.762897479976186e-26,2.758832709144491e-26,2.758824366728878e-26,2.759022961184725e-26,2.758586520936802e-26,2.7579275426673213e-26,2.759060236783821e-26,2.759197132852131e-26,2.7401098967813205e-26,2.7401050883891383e-26,2.740377332462997e-26,2.740511111613426e-26,2.688767307533114e-26,2.6906668466836514e-26,2.6906666752237564e-26,2.6873237343996065e-26,2.6871590102558854e-26,2.6847872425650157e-26,2.711828792191021e-26,2.7118288122345593e-26,2.711826075325859e-26,2.711826669838267e-26,2.7118266698350866e-26,2.711826669873409e-26,2.712226501482973e-26,2.712226160806291e-26,2.7125977527926055e-26,2.7125767402523493e-26,2.7131659922537164e-26,2.716956874076549e-26,2.7169574852772766e-26,2.716961906606718e-26,2.7655811279022786e-26,2.7653992595393704e-26,2.7653992597414137e-26,2.7636838112212524e-26,3.425636438270922e-26,3.4131759949287605e-26,3.471992664437386e-26,3.4497109531660807e-26,3.449764975596004e-26,3.4494327550354894e-26,3.4494272593148166e-26,3.449427237234659e-26,3.4493676215997075e-26,3.448863974302285e-26,3.45099713748318e-26,3.448340637547388e-26,3.4480061753791605e-26,3.447991954836309e-26,3.4481454017000385e-26,3.403163420390563e-26,3.4031643771295366e-26,3.291761243673826e-26,3.291473357178948e-26,3.291438223570679e-26,3.295831760444533e-26,3.2958317643801696e-26,3.2958317643801684e-26,3.295840457297471e-26,3.2964497247545486e-26,3.299269673735223e-26,3.2977692123287955e-26,3.297733093781441e-26,3.299137560099756e-26,3.292125837958187e-26,3.292152033524261e-26,3.292152033524261e-26,3.2923556186474533e-26,3.2923556186474545e-26,3.2977591822020366e-26,3.2979733677139335e-26,3.297759860099253e-26,3.268628073877987e-26,3.2683489294539834e-26,3.2686529245618347e-26,3.2635824566874403e-26,3.2635824774395263e-26,3.2581629892239923e-26,3.258159589758633e-26,3.2564335800161813e-26,3.25948369578996e-26,3.3890519031266464e-26,3.389790966415801e-26,3.394988789721944e-26,3.394991250003652e-26,3.427903521390617e-26,3.4267033481588715e-26,3.4267033480506245e-26,3.44168180093241e-26,3.4416599649419604e-26,3.441768357950887e-26,3.441464984587381e-26,3.44130547906041e-26,3.476529150605882e-26,3.4768971739636124e-26,3.4792873106048544e-26,3.479200374979925e-26,3.479200370370054e-26,3.4785938452816e-26,3.4780973775976687e-26,3.478114969013856e-26,3.4789464431420276e-26,3.4777720443905755e-26,3.477919305183893e-26,3.479343699057e-26,3.479280056338445e-26,3.4798985226177404e-26,3.477031716477762e-26,3.4770317120127417e-26,3.480179728807188e-26,3.477749661746094e-26,3.477749545253042e-26,3.4920686099935674e-26,3.491273337654459e-26,3.489103509146468e-26,1.8913501087835138e-26,1.9005971396839894e-26,1.9005971406205332e-26,1.900597131228411e-26,1.9005971312280639e-26,1.900599472076076e-26,1.900603873716499e-26,1.9002420422701225e-26,1.9014350926325483e-26,1.8984616375594954e-26,1.90899527592095e-26,1.9088403054314751e-26,1.9167228965498124e-26,1.9167399410766277e-26,1.914736291385887e-26,1.7235726771844522e-26,1.7236959710821168e-26,1.7259904822016344e-26,1.7259837618580014e-26,1.7241107092769163e-26,1.724693754564849e-26,9.606124508974048e-27,9.683053194279971e-27,9.683852092301217e-27,9.592181716040479e-27,9.724910998117271e-27,9.72091797212396e-27,9.692320470010446e-27,9.68166218227402e-27,9.675254852851297e-27,9.786963557639031e-27,9.682157104910836e-27,9.501367686379795e-27,9.499996384287618e-27,9.402340300873994e-27,9.402337081658937e-27,9.402337094556743e-27,9.402229292254076e-27,9.402219912670772e-27,9.405408172448346e-27,9.405408172448347e-27,9.404145763356784e-27,9.404122525206673e-27,9.377544866703492e-27,9.403104189023108e-27,9.531490075443754e-27,9.580100492616239e-27,9.667053342243535e-27,9.684697678568968e-27,9.685823473036791e-27,9.614016060695367e-27,9.616034930100643e-27,9.606203681034712e-27,1.0304698968781609e-26,1.0281203141004034e-26,1.0280919797442881e-26,1.1010934398693303e-26,1.1011720455247888e-26,1.096152929779638e-26,1.0961702842788462e-26,1.0879061213414877e-26,1.0879063737629205e-26,1.0879130051146972e-26,1.0815179301051468e-26,1.0821365471372912e-26,1.0819304574215046e-26,1.0819304219534913e-26,1.0819304219179643e-26,1.0819304219078992e-26,1.0819304171710952e-26,1.0819304171494408e-26,1.081930417153847e-26,1.081930417230397e-26,1.0819304172110714e-26,1.0819304191733043e-26,1.0819304190742719e-26,1.0819304226002912e-26,1.0819304224839385e-26,1.0819304157229811e-26,1.0819304363657384e-26,1.0819303530453362e-26,1.081930353043757e-26,1.0819303530413038e-26,1.081930353041303e-26,1.08193035304152e-26,1.0819303530415203e-26,1.0819303530415088e-26,1.0819303530415506e-26,1.0819303530407212e-26,1.0819303528393892e-26,1.0819303528316354e-26,1.0819303547979964e-26,1.0819303547979944e-26,1.0819303668101439e-26,1.0819303668118e-26,1.0819303668118005e-26,1.0819303668118017e-26,1.0819303702873447e-26,1.0819303702624755e-26,1.0819303702559899e-26,1.0819303702559678e-26,1.0819303702659891e-26,1.0819303702659914e-26,1.0819303703200955e-26,1.081930370055736e-26,1.0819303700557362e-26,1.0819303700556898e-26,1.0819303700682351e-26,1.081930370081657e-26,1.0819303699058156e-26,1.0819303653432752e-26,1.08193036131479e-26,1.0819303613172473e-26,1.0819303542597058e-26,1.0819303542597061e-26,1.0819303542597062e-26,1.0819303542565402e-26,1.0819303542567421e-26,1.0819303542567418e-26,1.0819303542480103e-26,1.081930354226484e-26,1.0819303542131967e-26,1.081930354209385e-26,1.081930354231748e-26,1.0819303542317484e-26,1.0819303539057913e-26,1.0819303539449406e-26,1.0819303801035564e-26,1.0819303801961456e-26,1.0819303801986836e-26,1.0819304043651153e-26,1.0819304046406284e-26,1.0819306208233713e-26,1.0819306210206717e-26,1.0819306210206749e-26,1.0819306210268712e-26,1.0819306209878533e-26,1.0819306213202424e-26,1.081930621322325e-26,1.0819306213223252e-26,1.0819306213121454e-26,1.0819306213198659e-26,1.0819306213306887e-26,1.0819306221492357e-26,1.0819306257430468e-26,1.0819306258947658e-26,1.0819306254311762e-26,1.0819306254331806e-26,1.0819306254320678e-26,1.0819306248292179e-26,1.0819306344853776e-26,1.0819306344359317e-26,1.0819306098360377e-26,1.0819306092028285e-26,1.0819306093810617e-26,1.081930609238328e-26,1.081930632651199e-26,1.0819306326302988e-26,1.0819306326308096e-26,1.0819306326251736e-26,1.0819306326327513e-26,1.0819306115876128e-26,1.0819306115224218e-26,1.0819306055370399e-26,1.081930613396854e-26,1.0819306131532408e-26,1.0819306132032456e-26,1.0819306089199516e-26,1.0819305875525576e-26,1.0819305875525579e-26,1.081930587552189e-26,1.0819305875238491e-26,1.0819305888632226e-26,1.081930589594033e-26,1.0819305894479382e-26,1.0819305891618358e-26,1.081930589153063e-26,1.081930510240054e-26,1.0819305103321113e-26,1.0819305102095212e-26,1.0819305103516674e-26,1.081930510407249e-26,1.081930510412106e-26,1.0819305104098555e-26,1.0819305104098691e-26,1.081930510418884e-26,1.0819305104381189e-26,1.0819305103407415e-26,1.0819305103987895e-26,1.0819305103935924e-26,1.0819305099057116e-26,1.0819305114963202e-26,1.08193051152597e-26,1.0819305078492121e-26,1.0819305078353227e-26,1.081930507837619e-26,1.0819305077933245e-26,1.0819305077900456e-26,1.0819305053431625e-26,1.0819305008119022e-26,1.0819305008254457e-26,1.0819305008129906e-26,1.0819305008133158e-26,1.0819305008125382e-26,1.0819305009349971e-26,1.0819305009905095e-26,1.0819305009644812e-26,1.0819305009695805e-26,1.0819305009365098e-26,1.0819305007660754e-26,1.081930594273629e-26,1.0819305942736291e-26,1.0819305927551896e-26,1.0819305926724006e-26,1.0819305931439757e-26,1.0819305938755189e-26,1.0819305936564888e-26,1.0819305936407848e-26,1.0819305018377747e-26,1.0819305018988412e-26,1.0819305019575859e-26,1.0819305019350033e-26,1.0819305041966985e-26,1.0819305042052007e-26,1.0819305042090809e-26,1.0819305040994673e-26,1.0819305029378818e-26,1.0819305028808932e-26,1.0819305028610898e-26,1.0819305026794158e-26,1.0819305722346582e-26,1.0819352437955145e-26,1.0819352448960537e-26,1.0819352454822998e-26,1.0819352452003088e-26,1.0819352451922026e-26,1.0819352444929993e-26,1.081935245353967e-26,1.0819352710800615e-26,1.0819351848134761e-26,1.0819351857169903e-26,1.0819351884105269e-26,1.0819351883680494e-26,1.0819351879381482e-26,1.0819352349616087e-26,1.0819352348184484e-26,1.081935236562406e-26,1.081935229183861e-26,1.081935229413724e-26,1.0819352305467659e-26,1.0819353013093229e-26,1.0819353012551375e-26,1.0819353021229126e-26,1.081935302140616e-26,1.081935301894502e-26,1.0819350900756698e-26,1.0819350898942954e-26,1.0819350898942915e-26,1.0819350886613978e-26,1.0819350884283848e-26,1.0819350874904947e-26,1.0819350875312377e-26,1.081935087531238e-26,1.081935180349041e-26,1.0819351794745316e-26,1.0819351850219348e-26,1.081935185349252e-26,1.0819352834167636e-26,1.081935283416763e-26,1.0819353215416859e-26,1.0819352745473362e-26,1.0819352694086809e-26,1.0819352693158253e-26,1.0819352683581367e-26,1.0819352992604807e-26,1.0819352877411936e-26,1.0819352151645698e-26,1.0819353039383341e-26,1.0819351176858732e-26,1.0819351173140402e-26,1.0819351178645144e-26,1.0819351171550903e-26,1.0819351163435815e-26,1.0819351163402216e-26,1.081935116354107e-26,1.0819351163622425e-26,1.0819351119605664e-26,1.0819351121093356e-26,1.0819351121111438e-26,1.0819351100906632e-26,1.0819351100905677e-26,1.0819351100903173e-26,1.0819351100903166e-26,1.0819351100897989e-26,1.0819351100999423e-26,1.081935110096783e-26,1.0819351096202487e-26,1.0819351102779678e-26,1.0819351109094165e-26,1.0819351109094158e-26,1.0819351109098362e-26,1.0819351109100787e-26,1.0819351109213161e-26,1.081935110898051e-26,1.081935110086434e-26,1.0819351100850665e-26,1.0819351100834208e-26,1.0819351100834796e-26,1.0819351100835298e-26,1.0819351100835298e-26,1.0819351100837752e-26,1.0819351100881296e-26,1.0819351100881063e-26,1.0819351101262851e-26,1.0819351101261378e-26,1.0819351102574222e-26,1.0819351100375211e-26,1.081935119430781e-26,1.0819351194289424e-26,1.0819351194289487e-26,1.08193511942894e-26,1.081935119428571e-26,1.0819351194278547e-26,1.0819351194249008e-26,1.0819351194246403e-26,1.0819351194263568e-26,1.0819351193376629e-26,1.0819351178642456e-26,1.0819351178853632e-26,1.0819351179015374e-26,1.0819351179087416e-26,1.0819351179090691e-26,1.0819351180766588e-26,1.0819351180765749e-26,1.081935117932726e-26,1.0819351179323353e-26,1.0819351179323352e-26,1.0819351179326677e-26,1.0819351179582179e-26,1.0819351179422211e-26,1.0819351179425334e-26,1.0819351180105142e-26,1.0819351180105037e-26,1.0819351182720542e-26,1.081935118272063e-26,1.0819351182720538e-26,1.0819351182724346e-26,1.0819351182723983e-26,1.0819351182723984e-26,1.0819351183387918e-26,1.081935118322658e-26,1.0819351136352395e-26,1.0819352676646853e-26,1.0819352678553398e-26,1.0819352677934081e-26,1.0819352678058659e-26,1.0819352678055022e-26,1.0819352673130474e-26,1.0819352670867349e-26,1.0819352659522201e-26,1.0819352658436523e-26,1.0819352657146593e-26,1.0819352657342474e-26,1.0819352657336804e-26,1.0819352657424213e-26,1.0819352657696894e-26,1.0819352657646554e-26,1.0819352657648193e-26,1.0819352667135072e-26,1.0819352710675412e-26,1.0819352710417723e-26,1.0819352671322554e-26,1.0819352671419334e-26,1.0819352426550533e-26,1.0819352426144661e-26,1.081935241134626e-26,1.0819352384088288e-26,1.0819352384526692e-26,1.0819352384164837e-26,1.0819352680068017e-26,1.0819352645876522e-26,1.0819352651073486e-26,1.0819352462828205e-26,1.0819352462696018e-26,1.081935246270154e-26,1.0819350804924386e-26,1.0819350805669925e-26,1.081935080566993e-26,1.0819350760745245e-26,1.0819350761204135e-26,1.0819350759202451e-26,1.0819350761502072e-26,1.081935076533227e-26,1.081935076541346e-26,1.0819350728046615e-26,1.0819350733665022e-26,1.0819350796102031e-26,1.0819350795874129e-26,1.0819350795874071e-26,1.0819350795196766e-26,1.0819350431870127e-26,1.0819350430622086e-26,1.0819350430140311e-26,1.0819350184112779e-26,1.0819344036147822e-26,1.0819344035118422e-26,1.081934403790436e-26,1.0819344039944291e-26,1.0819344039289624e-26,1.081934395464356e-26,1.0819343915229433e-26,1.0819343694811095e-26,1.081934369503617e-26,1.0819352046649462e-26,1.0819352053564138e-26,1.0819352053564137e-26,1.0819352053429838e-26,1.0819352042595743e-26,1.0819352042585644e-26,1.0819352042537597e-26,1.081935204228014e-26,1.0819352042280638e-26,1.0819352044020466e-26,1.0819352456956051e-26,1.0819352456654634e-26,1.0819352457280885e-26,1.0819352457280882e-26,1.0819352439680978e-26,1.0819352445976982e-26,1.081935244794816e-26,1.0819352447948164e-26,1.0819352456918075e-26,1.0819352452193841e-26,1.0819352461530797e-26,1.0819352461550401e-26,1.0819352633672393e-26,1.0819352630292402e-26,1.0819352630027043e-26,1.0819352629216421e-26,1.0819352630101174e-26,1.0819352630112367e-26,1.0819352630056149e-26,1.0819352630056082e-26,1.0819352630624407e-26,1.0819352631217999e-26,1.0819352631217997e-26,1.081935263121756e-26,1.0819352621769501e-26,1.0819352620327939e-26,1.0819352771676293e-26,1.0819352497988646e-26,1.0819352758285636e-26,1.0819352762185224e-26,1.0819352760592865e-26,1.0819352762151942e-26,1.08193527621516e-26,1.0819352762125017e-26,1.081935281963432e-26,1.0819352819635315e-26,1.0819352819616326e-26,1.0819352817768705e-26,1.0819352825083096e-26,1.0819352831223254e-26,1.081935284897956e-26,1.0819352850048874e-26,1.0819352848715394e-26,1.0819352848715389e-26,1.08193528642742e-26,1.0819352864274242e-26,1.0819352864274244e-26,1.0819352864136658e-26,1.0819352864136661e-26,1.0819352864183764e-26,1.0819352864183763e-26,1.0819352864171985e-26,1.081935286416296e-26,1.0819352859448374e-26,1.0819352859530642e-26,1.0819352859530656e-26,1.0819352859550293e-26,1.0819352859550296e-26,1.0819352860027196e-26,1.0819352860027175e-26,1.0819352860028605e-26,1.0819352860036818e-26,1.0819352860036816e-26,1.0819352860032071e-26,1.0819352860031734e-26,1.0819352860031734e-26,1.0819352864985296e-26,1.0819352864985306e-26,1.0819352864985306e-26,1.0819352864975083e-26,1.0819352864975086e-26,1.0819352865042194e-26,1.0819352865042443e-26,1.0819352864908566e-26,1.0819352864973379e-26,1.0819352864973366e-26,1.0819352864951665e-26,1.081935286553532e-26,1.0819352865535332e-26,1.0819352865535324e-26,1.081935286583715e-26,1.0819352865664827e-26,1.0819352865664814e-26,1.0819352866510462e-26,1.081935286651205e-26,1.0819352866614605e-26,1.0819352930452913e-26,1.0819352930300085e-26,1.0819352930300077e-26,1.0819352822876663e-26,1.0819352822773472e-26,1.081935274178478e-26,1.0819352741748385e-26,1.0819352741748385e-26,1.0819352741748385e-26,1.0819352734143703e-26,1.0819352734146614e-26,1.0819352735039948e-26,1.0819352735040042e-26,1.0819352735039743e-26,1.0819352735039742e-26,1.0819352741437162e-26,1.0819352742034932e-26,1.0819352769845715e-26,1.0819352775446041e-26,1.081935277544604e-26,1.0819352775446542e-26,1.0819352775446554e-26,1.0819352775446558e-26,1.0819352761499356e-26,1.0819352761501075e-26,1.0819352762657085e-26,1.0819353443326655e-26,1.0819353443326654e-26,1.0819353418842359e-26,1.081935362792953e-26,1.0819353627929666e-26,1.0819353724561635e-26,1.0819353650040782e-26,1.0819353649809925e-26,1.0819353649809915e-26,1.0819353649809513e-26,1.0819353649809519e-26,1.0819353649810367e-26,1.0819353650054674e-26,1.0819353650835914e-26,1.0819353650835915e-26,1.0819353651613999e-26,1.081935365057035e-26,1.0819353651089914e-26,1.081935365108992e-26,1.0819353651089922e-26,1.0819353651089921e-26,1.0819353651089925e-26,1.0819353653244715e-26,1.0819353642555394e-26,1.0819353642555322e-26,1.0819353642555321e-26,1.081935364255531e-26,1.0819353642555298e-26,1.0819353642575173e-26,1.0819353642575178e-26,1.0819353611426741e-26,1.0819353611492834e-26,1.081935361149281e-26,1.0819353617055918e-26,1.0819353617308274e-26,1.081935361730831e-26,1.081935361772593e-26,1.081935361772593e-26,1.0819353617743857e-26,1.0819353616230329e-26,1.081935361635311e-26,1.0819353609116341e-26,1.0819353609116371e-26,1.0819353618253208e-26,1.0819353618657597e-26,1.0819353618551028e-26,1.0819353618547343e-26,1.0819353618155871e-26,1.0819353484979533e-26,1.0819353484981391e-26,1.0819353485096101e-26,1.0819353485113351e-26,1.0819353485386077e-26,1.0819353485741615e-26,1.0819353485838276e-26,1.0819353485670184e-26,1.0819353481192258e-26,1.0819353480582106e-26,1.0819353481089634e-26,1.0819353295009607e-26,1.0819353295879569e-26,1.0819353293854114e-26,1.081935298919527e-26,1.081935347100823e-26,1.0819353470781914e-26,1.081935346918361e-26,1.0819353476354511e-26,1.0819353476387196e-26,1.0819353330557038e-26,1.0819353330945801e-26,1.0819353587059877e-26,1.0819353587149091e-26,1.0819353587576704e-26,1.0819353587471587e-26,1.081935358747159e-26,1.0819353579767345e-26,1.0819353579871296e-26,1.0819353579864154e-26,1.0819353579849104e-26,1.0819353579849097e-26,1.081935357203711e-26,1.0819353572698638e-26,1.0819353572698636e-26,1.0819353573186996e-26,1.081935357308488e-26,1.0819353573119382e-26,1.0819353573123978e-26,1.0819353571831289e-26,1.0819353569534253e-26,1.0819353569312947e-26,1.0819353568842079e-26,1.081935356877494e-26,1.0819353559939294e-26,1.0819353560040119e-26,1.0819353561395575e-26,1.0819353784136081e-26,1.0819353784136085e-26,1.0819353911670908e-26,1.0819353911662213e-26,1.0819353913630124e-26,1.0819353914177514e-26,1.0819353914194034e-26,1.08193539141904e-26,1.0819353912221185e-26,1.0819353912377278e-26,1.0819353883678174e-26,1.0819353883859319e-26,1.0819353883977605e-26,1.0819353883927394e-26,1.08193538839274e-26,1.0819353886561527e-26,1.0819353875735429e-26,1.0819353875736893e-26,1.0819353875203938e-26,1.0819353874013303e-26,1.0819353873820035e-26,1.081935387326831e-26,1.0819353913374998e-26,1.0819353913377292e-26,1.0819353923702538e-26,1.081935392354643e-26,1.0819353918193748e-26,1.0819353912492833e-26,1.0819353915428046e-26,1.0819353915445162e-26,1.0819353941257081e-26,1.0819353941355137e-26,1.0819353942529284e-26,1.0819353937734525e-26,1.0819353938076218e-26,1.0819353938070042e-26,1.0819353938803011e-26,1.0819353990744453e-26,1.0819353872561846e-26,1.0819353871817873e-26,1.0819353873587314e-26,1.081935387293267e-26,1.0819353872932672e-26,1.0819353872584516e-26,1.0819353874462469e-26,1.0819353874093068e-26,1.0819353874091749e-26,1.0819353874145137e-26,1.0819353874145141e-26,1.0819353874033742e-26,1.0819353874540249e-26,1.0819353874540253e-26,1.0819354039453648e-26,1.0819354040943793e-26,1.0819354038544476e-26,1.0819354038678044e-26,1.0819352658190707e-26,1.0819352660798377e-26,1.0819352662376033e-26,1.0819352619594489e-26,1.0819352615219386e-26,1.0819352614627031e-26,1.081935261369772e-26,1.0819352603063104e-26,1.0819352653403648e-26,1.0819352618083032e-26,1.0819352251624134e-26,1.081935224188442e-26,1.0819352241387214e-26,1.0819352241616942e-26,1.0819352241800346e-26,1.0819352241718752e-26,1.0819352240295138e-26,1.0819352239734784e-26,1.0819352224112088e-26,1.0819352145189027e-26,1.081935214514411e-26,1.0819352145144112e-26,1.0819352152152776e-26,1.0819352152152756e-26,1.0819352152408106e-26,1.0819352152406961e-26,1.081935215274756e-26,1.0819352152747562e-26,1.0819352152747573e-26,1.0819352154557928e-26,1.0819352155258805e-26,1.0819352156663406e-26,1.0819352155863253e-26,1.0819352061145077e-26,1.0819352212478004e-26,1.0819352238851751e-26,1.0819356540487489e-26,1.0819356630328126e-26,1.0819356671702743e-26,1.0819356671686102e-26,1.081935667140101e-26,1.0819356683451248e-26,1.0819356703119665e-26,1.0819356702500081e-26,1.0819356703286644e-26,1.081935670287888e-26,1.0819356704353963e-26,1.0819356772266279e-26,1.0819356772266288e-26,1.0819356711135927e-26,1.081935670611416e-26,1.0819356722555282e-26,1.0819356722033629e-26,1.0819356721073991e-26,1.081935665878572e-26,1.0819356659568162e-26,1.0819356659568162e-26,1.0819356659568127e-26,1.0819356659568127e-26,1.0819356659568129e-26,1.0819356659568135e-26,1.0819356659568137e-26,1.0819356659568133e-26,1.0819356659568135e-26,1.0819356659568162e-26,1.0819356659568242e-26,1.0819356659568242e-26,1.0819356659568245e-26,1.0819356659568244e-26,1.0819356659568247e-26,1.0819356659568238e-26,1.0819356659568242e-26,1.0819356659568242e-26,1.0819356658594714e-26,1.0819356657947142e-26,1.0819356657947054e-26,1.0819356658786913e-26,1.081935665878692e-26,1.0819356680227367e-26,1.0819356680229233e-26,1.0819356680387691e-26,1.081935668039438e-26,1.0819356668277311e-26,1.0819356668629823e-26,1.0819356668629846e-26,1.0819356665314484e-26,1.0819356665476797e-26,1.0819356665483166e-26,1.0819356665483595e-26,1.0819356663891768e-26,1.081935666382721e-26,1.0819356663827214e-26,1.081935666382721e-26,1.0819356663620604e-26,1.0819356663697224e-26,1.0819356692177217e-26,1.0819356648660166e-26,1.0819356648660151e-26,1.0819356452322771e-26,1.0819356453328117e-26,1.0819356453327367e-26,1.0819356399124829e-26,1.0819356399076724e-26,1.0819356393069793e-26,1.081935639335132e-26,1.0819356393351316e-26,1.0819356284885845e-26,1.0819356302389299e-26,1.0819356302389296e-26,1.0819356302328993e-26,1.0819356302330144e-26,1.0819356302330142e-26,1.0819356302329419e-26,1.0819356302459034e-26,1.0819356302461063e-26,1.0819356302463759e-26,1.0819356297080273e-26,1.0819356297080282e-26,1.081935629708698e-26,1.0819356298327548e-26,1.0819356298283081e-26,1.0819356298283086e-26,1.08193562982774e-26,1.081935629727356e-26,1.0819356297228144e-26,1.0819356297228164e-26,1.0819356427328027e-26,1.081935643780826e-26,1.0819356438096873e-26,1.0819356438096867e-26,1.0819356442690843e-26,1.081935644199196e-26,1.0819356701455596e-26,1.0819356701332469e-26,1.0819356701348178e-26,1.0819356698685685e-26,1.0819356698687723e-26,1.0819356694559308e-26,1.0819356694559305e-26,1.0819356694584425e-26,1.0819356696311263e-26,1.0819356699447825e-26,1.0819356699418136e-26,1.0819356714214768e-26,1.0819356714213293e-26,1.0819356717989079e-26,1.081935671737089e-26,1.0819356669629977e-26,1.0819356632104589e-26,1.0819356652749315e-26,1.0819356652748458e-26,1.0819356652748458e-26,1.0819356655467885e-26,1.081935665558677e-26,1.0819356655046756e-26,1.081935665493551e-26,1.0819356011430454e-26,1.0819356285568889e-26,1.0819356285131039e-26,1.0819356284122236e-26,1.081935628397657e-26,1.0819356283740273e-26,1.0819356283533886e-26,1.0819356283551675e-26,1.0819356285137293e-26,1.0819356285214056e-26,1.0819356285213432e-26,1.0819356284812773e-26,1.0819356260905565e-26,1.0819356261374644e-26,1.0819356314585652e-26,1.081935631454925e-26,1.0819356314549245e-26,1.081935631432313e-26,1.0819356314323132e-26,1.0819356314323343e-26,1.0819356314323027e-26,1.0819356314323029e-26,1.0819356314322314e-26,1.0819356181285392e-26,1.0819356193200903e-26,1.0819356188551237e-26,1.0819356188551588e-26,1.0819356188844516e-26,1.081935619027075e-26,1.08193561903597e-26,1.081935619297155e-26,1.0819356192332505e-26,1.0819354934819325e-26,1.0819354726991235e-26,1.0819354724322277e-26,1.0819354724373886e-26,1.0819354723901831e-26,1.081935469152871e-26,1.0819354690779646e-26,1.0819354690779508e-26,1.081935469065312e-26,1.0819355141388572e-26,1.0819355131203809e-26,1.0819355138581272e-26,1.0819355142520587e-26,1.0819355175393562e-26,1.0819354454367835e-26,1.0819354454367838e-26,1.0819354454612629e-26,1.0819354454612903e-26,1.0819354454611475e-26,1.081935445727278e-26,1.0819354457231586e-26,1.0819354457575477e-26,1.081935445751615e-26,1.0819354457522992e-26,1.0819354453419803e-26,1.0819354405774591e-26,1.0819354405784012e-26,1.0819354405784002e-26,1.0819354401938936e-26,1.0819354401938925e-26,1.0819354401938926e-26,1.0819354401933006e-26,1.0819354401964484e-26,1.0819354401470993e-26,1.0819354401462785e-26,1.081935440147745e-26,1.0819354402065322e-26,1.0819354411425237e-26,1.0819354411483368e-26,1.0819354411487199e-26,1.0819354412287853e-26,1.0819354314134757e-26,1.0819354314228764e-26,1.0819354314228765e-26,1.0819354246970866e-26,1.0819354243872201e-26,1.0819354243872282e-26,1.0819354243872284e-26,1.0819357948717203e-26,1.081935795764055e-26,1.0819357959388555e-26,1.081935795957051e-26,1.0819357481145692e-26,1.0819357480956757e-26,1.0819357481358818e-26,1.0819357341332981e-26,1.0819357341383274e-26,1.081935734101345e-26,1.0819357336252353e-26,1.0819357217784118e-26,1.081935739300745e-26,1.0819357744972729e-26,1.0819357769876405e-26,1.0819357773526125e-26,1.0819357773526102e-26,1.0819357773525732e-26,1.0819357706548096e-26,1.0819357707570744e-26,1.08193577075736e-26,1.0819357707573603e-26,1.0819357707479262e-26,1.0819357712738394e-26,1.0819357712738319e-26,1.0819357712738315e-26,1.0819357712763164e-26,1.0819357712763453e-26,1.081935771477361e-26,1.0819357714778514e-26,1.0819357712723772e-26,1.0819357712723773e-26,1.081935771272388e-26,1.0819357712720612e-26,1.0819357712720609e-26,1.0819357712692325e-26,1.0819357712467066e-26,1.0819357712467077e-26,1.0819357713546466e-26,1.0819357713546463e-26,1.0819357713010838e-26,1.0819357711146276e-26,1.0819357711146276e-26,1.0819357711146229e-26,1.0819357737732334e-26,1.0819357737732337e-26,1.0819357737732334e-26,1.081935773255453e-26,1.0819357724948382e-26,1.0819357725279773e-26,1.0819357725279963e-26,1.0819357726122165e-26,1.0819357726786533e-26,1.0819357699793627e-26,1.0819357699186418e-26,1.0819357699186284e-26,1.0819357391692966e-26,1.0819357391692966e-26,1.0819357388845996e-26,1.0819357385241426e-26,1.081935738527574e-26,1.0819357385275738e-26,1.0819357385337407e-26,1.0819357409307219e-26,1.0819357439813035e-26,1.081935743988132e-26,1.0819357439881316e-26,1.0819357439881315e-26,1.081935743988132e-26,1.0819357439204134e-26,1.0819357439204134e-26,1.0819357439204131e-26,1.081935743875917e-26,1.0819357438759167e-26,1.0819357436181385e-26,1.0819357442934746e-26,1.081935744217547e-26,1.0819357442157756e-26,1.0819357455760705e-26,1.081935746114621e-26,1.0819357461146211e-26,1.081935746072969e-26,1.0819357460566549e-26,1.0819357421563765e-26,1.0819357421572418e-26,1.0819357490957269e-26,1.0819357489355863e-26,1.0819357489316355e-26,1.081935748635345e-26,1.0819357486254531e-26,1.0819357480055604e-26,1.0819356436967276e-26,1.0819356436960244e-26,1.0819356436960241e-26,1.0819356407492315e-26,1.0819356408744446e-26,1.0819356408450501e-26,1.0819356416686586e-26,1.0819356416789858e-26,1.0819356416790257e-26,1.0819356417322286e-26,1.0819356417914253e-26,1.0819356494005448e-26,1.0819356286698848e-26,1.0819356286738642e-26,1.0819356286739028e-26,1.0819356286739028e-26,1.0819356285645662e-26,1.0819356283871772e-26,1.0819356285525397e-26,1.0819356285523665e-26,1.0819356285523665e-26,1.0819356285523548e-26,1.0819356434199611e-26,1.0819356440562805e-26,1.0819356440562798e-26,1.0819356440563111e-26,1.0819356440562375e-26,1.0819356440561785e-26,1.0819356440561786e-26,1.0819356444571168e-26,1.08193564445704e-26,1.0819356444569704e-26,1.0819356444569304e-26,1.0819356444580387e-26,1.0819356444564533e-26,1.0819356444563095e-26,1.0819356443964513e-26,1.0819356447876713e-26,1.0819356448268125e-26,1.0819356448345073e-26,1.0819356476306117e-26,1.0819356481490195e-26,1.0819356481493884e-26,1.0819356481493889e-26,1.0819356481497168e-26,1.0819356481497061e-26,1.0819356481205155e-26,1.0819356481205157e-26,1.0819356481205123e-26,1.0819356483524215e-26,1.0819356482306814e-26,1.0819356443344283e-26,1.0819356443324685e-26,1.0819356443317204e-26,1.0819356443317223e-26,1.081935644331722e-26,1.0819356443261496e-26,1.0819356434806628e-26,1.081935643513167e-26,1.0819356444740048e-26,1.0819356444746053e-26,1.0819356445836853e-26,1.0819356445837084e-26,1.0819356451910303e-26,1.0819356451937376e-26,1.0819356451937376e-26,1.0819356451937373e-26,1.0819356454126423e-26,1.0819356457952426e-26,1.0819356457952588e-26,1.0819356457853621e-26,1.0819356457917226e-26,1.081935645770891e-26,1.0819356433619703e-26,1.0819356433630484e-26,1.0819356434394356e-26,1.0819356434301925e-26,1.0819356433548769e-26,1.0819356433540472e-26,1.0819356433540719e-26,1.0819356436065729e-26,1.0819356436198421e-26,1.0819356461291473e-26,1.0819356461291476e-26,1.0819356461291469e-26,1.0819356461098552e-26,1.0819356463570002e-26,1.0819356460785088e-26,1.0819356460783006e-26,1.0819356460800926e-26,1.0819356461108561e-26,1.0819356461108555e-26,1.0819356461108555e-26,1.0819356463905035e-26,1.081935646403956e-26,1.0819356463958295e-26,1.0819356463270945e-26,1.0819356463269604e-26,1.0819356464530815e-26,1.0819356464530821e-26,1.0819356471182307e-26,1.0819356471182374e-26,1.0819356471190326e-26,1.0819356470811107e-26,1.0819356472193328e-26,1.0819356472193334e-26,1.0819356471934758e-26,1.0819356400112809e-26,1.0819356400063605e-26,1.0819356400063604e-26,1.0819356402158614e-26,1.0819356402481637e-26,1.0819356397737407e-26,1.0819356368399917e-26,1.0819356368399914e-26,1.0819356373257102e-26,1.0819356373102426e-26,1.0819356435367102e-26,1.0819356435021374e-26,1.081935643502141e-26,1.081935643468544e-26,1.081935639452507e-26,1.0819356394525703e-26,1.0819356394962888e-26,1.0819356394963294e-26,1.0819356394975084e-26,1.0819356395234783e-26,1.0819356395842162e-26,1.0819356395842159e-26,1.0819356395854334e-26,1.0819356395855407e-26,1.081935638327757e-26,1.0819356383277565e-26,1.0819356381004371e-26,1.0819356381004372e-26,1.0819356380652083e-26,1.08193563773632e-26,1.0819356396890312e-26,1.0819356396890313e-26,1.0819356396890312e-26,1.0819356396902547e-26,1.0819356396943856e-26,1.0819356396946532e-26,1.0819356397032647e-26,1.081935639852518e-26,1.0819356398521454e-26,1.0819356398504071e-26,1.0819356398504071e-26,1.0819356680223219e-26,1.0819356680389352e-26,1.0819356680389566e-26,1.0819356680389573e-26,1.0819356680389566e-26,1.0819356680348773e-26,1.0819356624010548e-26,1.0819356624010548e-26,1.0819356624012836e-26,1.0819356633565187e-26,1.0819356633565187e-26,1.0819356633609545e-26,1.0819357060399541e-26,1.0819357060399394e-26,1.0819357060370161e-26,1.0819357060418742e-26,1.0819357060417358e-26,1.0819357060417355e-26,1.0819357060402295e-26,1.08193570604023e-26,1.081935704669135e-26,1.0819357046446383e-26,1.0819357046445994e-26,1.0819357045001372e-26,1.0819357045001375e-26,1.0819357045539981e-26,1.0819357116803111e-26,1.0819357116957565e-26,1.0819357116957821e-26,1.081935711674031e-26,1.0819357116891907e-26,1.0819357124274059e-26,1.0819357124325694e-26,1.0819357124325176e-26,1.0819357124210073e-26,1.081935712421047e-26,1.0819357124253705e-26,1.0819357124599609e-26,1.0819357163124087e-26,1.0819357165827684e-26,1.0819357165827683e-26,1.0819357174538625e-26,1.0819357176656056e-26,1.0819357176602332e-26,1.0819357178335958e-26,1.081935717833846e-26,1.0819357178571984e-26,1.0819357178602195e-26,1.0819357217151961e-26,1.0819357217432236e-26,1.0819357215191034e-26,1.0819357241179085e-26,1.0819357102809578e-26,1.0819357102794199e-26,1.081935710280048e-26,1.0819357098105048e-26,1.0819357098002834e-26,1.0819357098001971e-26,1.0819357098001908e-26,1.0819357098007057e-26,1.0819357098007058e-26,1.0819357098007058e-26,1.0819357098007055e-26,1.0819357098007197e-26,1.0819357098002583e-26,1.0819357097786379e-26,1.0819357097788385e-26,1.0819357097788375e-26,1.0819357097788373e-26,1.0819357097788373e-26,1.0819357097788947e-26,1.0819357097788945e-26,1.0819357097788946e-26,1.0819357132635229e-26,1.0819357132635229e-26,1.0819357121285294e-26,1.0819357120326787e-26,1.0819357120323398e-26,1.0819357120312726e-26,1.0819357120311583e-26,1.0819357120575195e-26,1.0819357120575192e-26,1.0819357120575195e-26,1.081935712026656e-26,1.081935712031175e-26,1.0819357128330363e-26,1.0819357128330366e-26,1.0819357128330209e-26,1.0819357128330212e-26,1.0819356994976907e-26,1.0819356995091934e-26,1.081935699318505e-26,1.0819356993184777e-26,1.0819356993176356e-26,1.0819356993176357e-26,1.0819356993176356e-26,1.0819356993176283e-26,1.0819356993176534e-26,1.081935699317653e-26,1.0819356993175746e-26,1.081935699923059e-26,1.0819356999230591e-26,1.0819356999440748e-26,1.0819356999423884e-26,1.0819356999423894e-26,1.0819356999423887e-26,1.0819356999567347e-26,1.0819356999785963e-26,1.0819356999785959e-26,1.0819356999785633e-26,1.0819356975518894e-26,1.0819356975524748e-26,1.0819356867009685e-26,1.0819356896872727e-26,1.0819356895291846e-26,1.0819356894210119e-26,1.0819356886960148e-26,1.0819356885801453e-26,1.0819356884853755e-26,1.0819357226172015e-26,1.0819357226174701e-26,1.0819357255622911e-26,1.081935725586318e-26,1.0819357170128482e-26,1.0819357208391344e-26,1.0819357209601221e-26,1.0819357349107162e-26,1.0819357351483979e-26,1.081935920059161e-26,1.0819359200591614e-26,1.0819359200591796e-26,1.0819359200215821e-26,1.0819359200215807e-26,1.0819359093179902e-26,1.0819359095620836e-26,1.0819359096603021e-26,1.0819359096603155e-26,1.0819359096598368e-26,1.0819359098501423e-26,1.0819359098501462e-26,1.0819358673686918e-26,1.0819358673430278e-26,1.0819358672503819e-26,1.0819358672502377e-26,1.0819358672312497e-26,1.081935867283048e-26,1.0819358782826503e-26,1.0819358715005434e-26,1.0819358714862794e-26,1.0819358698511506e-26,1.0819358698658552e-26,1.0819358698680116e-26,1.0819358578163752e-26,1.0819358575031286e-26,1.0819358578502619e-26,1.0819358578485139e-26,1.0819358578485021e-26,1.0819358619424272e-26,1.0819358618656074e-26,1.081935861862935e-26,1.0819358547407132e-26,1.0819358547407132e-26,1.0819358548477532e-26,1.0819358548477533e-26,1.0819358041724336e-26,1.0819358039645139e-26,1.081935803978356e-26,1.0819358039221248e-26,1.0819358039150873e-26,1.0819358042632869e-26,1.0819358042460183e-26,1.0819358042430399e-26,1.081935797897105e-26,1.081935797897246e-26,1.0819357978972453e-26,1.0819360919895784e-26,1.0819360919908562e-26,1.0819360918242711e-26,1.0819360918242616e-26,1.081936091946417e-26,1.0819360919338102e-26,1.0819360919326083e-26,1.0819360919326087e-26,1.0819360919326152e-26,1.0819360922734107e-26,1.0819360913012711e-26,1.0819360962242795e-26,1.0819360962740288e-26,1.0819360963201919e-26,1.0819360963164306e-26,1.0819360963553306e-26,1.0819360963550304e-26,1.0819360964372121e-26,1.0819360978534884e-26,1.0819360978534687e-26,1.0819360987623494e-26,1.0819360994096487e-26,1.0819361010340696e-26,1.0819361108486027e-26,1.0819361108498287e-26,1.0819361112895604e-26,1.0819361112946683e-26,1.0819361112946643e-26,1.0819361117807265e-26,1.081936112086873e-26,1.0819361120872893e-26,1.0819361120905876e-26,1.0819361120695259e-26,1.0819361120118091e-26,1.081936112011807e-26,1.0819361120117717e-26,1.0819361119919457e-26,1.0819361115041741e-26,1.0819361115048354e-26,1.0819361113787173e-26,1.0819361113405218e-26,1.0819361113404822e-26,1.0819361112608646e-26,1.0819361112609218e-26,1.0819361112609217e-26,1.0819361145636026e-26,1.0819361145435251e-26,1.0819361145204319e-26,1.0819361145182861e-26,1.0819361285415016e-26,1.0819361285415011e-26,1.0819361285533674e-26,1.0819361287901524e-26,1.0819359877617354e-26,1.0819359877617354e-26,1.0819359877617364e-26,1.081935988133358e-26,1.0819359881333592e-26,1.0819359881779665e-26,1.0819359881779781e-26,1.0819359882138061e-26,1.0819360160125748e-26,1.0819360160150469e-26,1.0819360160150831e-26,1.0819360160172392e-26,1.0819360183792318e-26,1.0819360183805369e-26,1.0819360183820394e-26,1.0819360180925541e-26,1.081936018090786e-26,1.081936017987394e-26,1.0819360180719134e-26,1.0819360180760508e-26,1.0819360255650721e-26,1.0819360255650821e-26,1.081936025300359e-26,1.0819360253005714e-26,1.0819360252854342e-26,1.0819360252854306e-26,1.0819360252915582e-26,1.0819360248493572e-26,1.0819360241552803e-26,1.0819360241429544e-26,1.0819360241313319e-26,1.0819360254770344e-26,1.0819360254621044e-26,1.0819360254621044e-26,1.0819360254632499e-26,1.0819360254632496e-26,1.0819360254553509e-26,1.081936025427246e-26,1.0819360254272524e-26,1.0819360254272523e-26,1.0819360254273484e-26,1.0819360254273401e-26,1.0819360254273398e-26,1.081936029846226e-26,1.0819360297928298e-26,1.0819360297688731e-26,1.081936029784127e-26,1.0819360297794916e-26,1.0819360298554474e-26,1.0819360298554602e-26,1.0819360298667127e-26,1.0819360298663402e-26,1.0819360258844364e-26,1.0819360259877279e-26,1.0819360275709675e-26,1.081936030427793e-26,1.0819360304295728e-26,1.0819360325548326e-26,1.0819360325552249e-26,1.0819360325553725e-26,1.0819360325553728e-26,1.0819360325554697e-26,1.0819360947117095e-26,1.081936094187473e-26,1.0819360941871317e-26,1.0819360930581171e-26,1.081936092995605e-26,1.0819360932636532e-26,1.0819360927648999e-26,1.081936092997254e-26,1.081936092997254e-26,1.0819360902336562e-26,1.0819360902333352e-26,1.0819360902308523e-26,1.081936090256158e-26,1.0819360902561539e-26,1.081936090293635e-26,1.0819360902938198e-26,1.0819360902852613e-26,1.0819360902852738e-26,1.0819360920063381e-26,1.0819360920049558e-26,1.081936092006351e-26,1.0819360920292803e-26,1.0819360927239093e-26,1.081936092723905e-26,1.0819360914690675e-26,1.0819360908217716e-26,1.0819360908664485e-26,1.0819360908664488e-26,1.081936090866449e-26,1.0819360908231725e-26,1.0819360908234731e-26,1.0819360907679664e-26,1.0819360907695057e-26,1.0819360907695384e-26,1.0819360910136235e-26,1.0819360908739291e-26,1.0819360908986928e-26,1.0819360900463445e-26,1.0819360900463452e-26,1.081936090346976e-26,1.0819360910125676e-26,1.0819360910125709e-26,1.0819360905607026e-26,1.081936090555998e-26,1.0819360905597224e-26,1.0819360905596795e-26,1.0819360905731126e-26,1.0819360905747464e-26,1.0819360905758255e-26,1.0819360905758252e-26,1.0819360905186358e-26,1.0819360905186356e-26,1.0819360905240842e-26,1.0819360905240847e-26,1.0819360905171954e-26,1.0819360904727706e-26,1.081936090476472e-26,1.0819360881539804e-26,1.0819360882207028e-26,1.0819360882209694e-26,1.0819360882260998e-26,1.0819360853114432e-26,1.0819360853115247e-26,1.0819360853119562e-26,1.0819359525424144e-26,1.0819359520240639e-26,1.0819359520240641e-26,1.0819359519738707e-26,1.0819359519738705e-26,1.0819364044018488e-26,1.0819364043993423e-26,1.0819364044008901e-26,1.0819364043627323e-26,1.0819364042601819e-26,1.0819364042991713e-26,1.0819364043358838e-26,1.0819364044146766e-26,1.0819364044146762e-26,1.081936405417508e-26,1.0819364054175079e-26,1.081936405387532e-26,1.081936405387532e-26,1.0819364053875067e-26,1.0819364053805189e-26,1.0819364053807739e-26,1.0819364061115746e-26,1.081936406063509e-26,1.0819364063860972e-26,1.0819364063849708e-26,1.0819364063849702e-26,1.0819364063850388e-26,1.0819364042671045e-26,1.0819364042671253e-26,1.0819364042578857e-26,1.0819364042063678e-26,1.0819364032666748e-26,1.0819364032898871e-26,1.0819364033522668e-26,1.0819364033523051e-26,1.0819364034079164e-26,1.0819364031986623e-26,1.0819364029543843e-26,1.0819364015557019e-26,1.0819364015371086e-26,1.081936401424967e-26,1.0819364014385601e-26,1.0819364013956484e-26,1.0819364014033414e-26,1.0819364020093757e-26,1.081936402009499e-26,1.0819364021009696e-26,1.0819364021009688e-26,1.081936402096435e-26,1.0819364020964347e-26,1.0819364020964355e-26,1.081936402096435e-26,1.0819364020963695e-26,1.0819364024042165e-26,1.0819364024042135e-26,1.0819364024042131e-26,1.0819364024042128e-26,1.0819364024043724e-26,1.0819364035584e-26,1.0819364035559691e-26,1.081936403555969e-26,1.0819364035559695e-26,1.081936404044752e-26,1.0819364043427538e-26,1.0819364042537896e-26,1.0819364042375166e-26,1.0819363731785257e-26,1.0819363731785672e-26,1.0819363731805928e-26,1.0819363730840525e-26,1.0819363751261498e-26,1.0819363751261496e-26,1.0819363751261495e-26,1.0819363751212155e-26,1.0819363751298549e-26,1.0819363751298688e-26,1.0819363751389402e-26,1.081936375172682e-26,1.081936375192115e-26,1.0819363751973688e-26,1.0819363751973688e-26,1.0819363751169675e-26,1.0819363725880704e-26,1.0819363725881972e-26,1.081936373364087e-26,1.0819363734238078e-26,1.0819363734049148e-26,1.0819363747196976e-26,1.0819363747191816e-26,1.0819363747191816e-26,1.0819363801269045e-26,1.0819363801269065e-26,1.0819363801477823e-26,1.081936379210648e-26,1.0819363792106481e-26,1.0819363758815187e-26,1.0819363746751383e-26,1.0819363747715076e-26,1.0819363747612285e-26,1.0819363732980655e-26,1.0819363732879358e-26,1.0819363740287687e-26,1.0819363740287968e-26,1.0819363740287967e-26,1.0819363740294501e-26,1.081936370629457e-26,1.0819363661366582e-26,1.0819363657687494e-26,1.0819363632409028e-26,1.0819363632408949e-26,1.0819363632408946e-26,1.0819363687441232e-26,1.0819363687337946e-26,1.0819363687191985e-26,1.0819363687191985e-26,1.081936368172948e-26,1.081936368181265e-26,1.0819363681812653e-26,1.081936368188053e-26,1.0819363681880514e-26,1.0819363707933604e-26,1.0819363104335738e-26,1.0819363096395018e-26,1.0819363096211036e-26,1.081936309621104e-26,1.0819363096211358e-26,1.0819363096211356e-26,1.0819363095783794e-26,1.0819363095783797e-26,1.0819363095906528e-26,1.0819363096180617e-26,1.0819363096180618e-26,1.0819363096180614e-26,1.0819363096172692e-26,1.081936309615828e-26,1.0819363096046887e-26,1.0819363096046887e-26,1.0819363096328934e-26,1.0819363096330035e-26,1.0819363082526507e-26,1.0819363082526346e-26,1.0819363082526348e-26,1.0819363084876824e-26,1.081936308487683e-26,1.0819363089917548e-26,1.081936308991754e-26,1.0819363092795638e-26,1.0819363092798492e-26,1.081936309279848e-26,1.0819363092798456e-26,1.0819363092939593e-26,1.0819363092917502e-26,1.0819363092917429e-26,1.0819363092907445e-26,1.0819363092907445e-26,1.081936309290741e-26,1.0819363092907406e-26,1.0819363092907415e-26,1.0819363092907428e-26,1.081936309223258e-26,1.0819363092232635e-26,1.0819363092232648e-26,1.0819363092227026e-26,1.0819363160265784e-26,1.0819363160265785e-26,1.0819363160265787e-26,1.0819363160269106e-26,1.0819363160207217e-26,1.0819363160207217e-26,1.0819363160207223e-26,1.0819363160209936e-26,1.0819363160192432e-26,1.081936316019243e-26,1.0819363159978591e-26,1.0819363159978646e-26,1.0819363159978639e-26,1.0819363126254537e-26,1.0819363126224829e-26,1.0819363127020793e-26,1.0819363126128841e-26,1.0819363126170166e-26,1.0819363126170173e-26,1.0819363126170166e-26,1.0819363126170257e-26,1.0819363126170163e-26,1.0819363126170151e-26,1.0819363128475513e-26,1.0819363128472213e-26,1.0819363130386675e-26,1.0819363129905929e-26,1.0819363129905932e-26,1.0819363129905929e-26,1.0819363129905912e-26,1.0819363129905893e-26,1.0819363129745927e-26,1.0819363129679368e-26,1.0819363129679683e-26,1.0819363129679683e-26,1.0819363129679679e-26,1.0819363129679821e-26,1.0819363146802026e-26,1.0819363147079096e-26,1.0819363147079436e-26,1.081936314707999e-26,1.0819363113880606e-26,1.0819363113820993e-26,1.0819363112082612e-26,1.0819363112082606e-26,1.0819363112082608e-26,1.0819363112082619e-26,1.081936311208262e-26,1.081936311208262e-26,1.0819363112307049e-26,1.081936311230705e-26,1.0819363112304446e-26,1.0819363110332415e-26,1.0819363110333085e-26,1.0819363112048502e-26,1.0819363112712067e-26,1.0819363112712067e-26,1.0819363112712064e-26,1.0819363112712064e-26,1.0819363112712064e-26,1.0819363112764393e-26,1.0819363112968146e-26,1.0819363114652822e-26,1.0819363114652819e-26,1.0819363114679802e-26,1.08193631167761e-26,1.0819363116781303e-26,1.0819363101676139e-26,1.0819363101676142e-26,1.0819363101675382e-26,1.0819363078636817e-26,1.081936307863712e-26,1.0819363078637584e-26,1.0819363079576754e-26,1.0819363079575732e-26,1.0819363079617067e-26,1.081936307961707e-26,1.0819363079616635e-26,1.0819363079617e-26,1.0819363079622631e-26,1.0819363079583062e-26,1.0819363080006976e-26,1.0819363080017452e-26,1.081936308161273e-26,1.081936308162763e-26,1.0819363081627634e-26,1.0819363081804017e-26,1.0819363081797268e-26,1.0819363081822014e-26,1.08193630818251e-26,1.0819363081825102e-26,1.0819363081825105e-26,1.0819363081820309e-26,1.081936308210954e-26,1.0819363082109538e-26,1.0819363082110119e-26,1.0819363082110123e-26,1.0819363082259885e-26,1.081936308226569e-26,1.0819363082265338e-26,1.0819363083168212e-26,1.0819363083168207e-26,1.0819363083168206e-26,1.081936308138919e-26,1.0819363081389197e-26,1.0819363081389193e-26,1.0819363079958327e-26,1.0819363081814964e-26,1.081936308181481e-26,1.0819363012898573e-26,1.0819363011588e-26,1.0819363010066015e-26,1.0819363013364598e-26,1.0819363013366262e-26,1.0819363012980885e-26,1.0819363012663903e-26,1.08193630126639e-26,1.081936305879483e-26,1.0819363055423134e-26,1.0819363056315577e-26,1.0819363100312445e-26,1.0819363103339005e-26,1.0819363102687046e-26,1.0819363102687018e-26,1.0819363102328279e-26,1.0819363099223847e-26,1.081936310583696e-26,1.0819363105758451e-26,1.0819363105775661e-26,1.081936310577566e-26,1.081936310577564e-26,1.0819363158957886e-26,1.0819363158957884e-26,1.0819363165244538e-26,1.081936316739537e-26,1.0819363167395313e-26,1.0819363167982923e-26,1.0819363167982923e-26,1.0819363171028116e-26,1.0819363171029303e-26,1.0819363161589212e-26,1.0819362735190346e-26,1.0819362735189453e-26,1.0819362735189442e-26,1.0819362735189439e-26,1.081936273519042e-26,1.0819362735184408e-26,1.0819362743569669e-26,1.0819362743569664e-26,1.0819362743569666e-26,1.0819362743845939e-26,1.0819362743845943e-26,1.0819362743846272e-26,1.0819362743919134e-26,1.081936274392138e-26,1.081936274392141e-26,1.0819362743933073e-26,1.0819362743933069e-26,1.0819362743933073e-26,1.0819362743933072e-26,1.0819362743934038e-26,1.0819362740611977e-26,1.0819362740444702e-26,1.0819362740444703e-26,1.0819362740292193e-26,1.081936274029219e-26,1.0819362739011866e-26,1.0819362737726264e-26,1.0819362722188732e-26,1.0819362722188173e-26,1.0819362722174999e-26,1.08193627221745e-26,1.0819362722109035e-26,1.0819362722109516e-26,1.0819362639512838e-26,1.0819362639512962e-26,1.0819362639535516e-26,1.0819362639539192e-26,1.0819362639533035e-26,1.0819362639533013e-26,1.0819362637976367e-26,1.0819362640915074e-26,1.0819362640915073e-26,1.0819362640915115e-26,1.0819362640915113e-26,1.0819362639578865e-26,1.081936263954968e-26,1.0819362639549591e-26,1.0819362639547965e-26,1.0819362639547998e-26,1.0819362639547961e-26,1.0819362637212881e-26,1.0819362637211538e-26,1.0819362637212165e-26,1.0819362637212203e-26,1.0819362637212201e-26,1.0819362649026198e-26,1.0819362649026196e-26,1.0819362649026198e-26,1.0819362649026133e-26,1.081936264913083e-26,1.08193626491997e-26,1.081936264906966e-26,1.081936264892469e-26,1.0819362648924685e-26,1.0819362648924586e-26,1.0819362647998813e-26,1.0819362644491843e-26,1.0819362644491845e-26,1.0819362644961371e-26,1.0819362645095244e-26,1.0819363000493213e-26,1.0819363000493214e-26,1.0819363000486921e-26,1.0819363000486988e-26,1.0819363000486988e-26,1.0819363000906202e-26,1.0819363002736596e-26,1.0819363002730743e-26,1.0819363003076547e-26,1.0819363003076613e-26,1.0819363003387836e-26,1.0819363003373728e-26,1.0819363003245958e-26,1.0819363003486379e-26,1.081936300344929e-26,1.0819363003317731e-26,1.0819363002857914e-26,1.0819363002731188e-26,1.0819363002730964e-26,1.0819363002657107e-26,1.0819362998312017e-26,1.0819362998312014e-26,1.0819362998312014e-26,1.0819362998310335e-26,1.081936300397514e-26,1.0819363003910631e-26,1.0819363003910631e-26,1.0819363003910639e-26,1.0819363003910636e-26,1.0819363003474274e-26,1.0819363003505787e-26,1.0819363003448158e-26,1.0819363003448158e-26,1.081936300346185e-26,1.0819363003461853e-26,1.08193630035559e-26,1.0819363003555933e-26,1.0819363003511267e-26,1.0819363003511266e-26,1.0819363007759613e-26,1.0819363007759586e-26,1.0819363007760586e-26,1.0819363007760588e-26,1.081936300776257e-26,1.0819363017251064e-26,1.0819363017251067e-26,1.0819363017477498e-26,1.0819363017477386e-26,1.0819363018060356e-26,1.081936301988875e-26,1.0819363019747987e-26,1.081936312429479e-26,1.0819363119570798e-26,1.0819363125162948e-26,1.0819363125171442e-26,1.0819363125304758e-26,1.0819363125304764e-26,1.0819363122740804e-26,1.0819363122843772e-26,1.0819363130568225e-26,1.0819363130582776e-26,1.0819363130409423e-26,1.0819363130409436e-26,1.0819363233220176e-26,1.081936323322018e-26,1.0819363233078112e-26,1.0819363233078201e-26,1.0819363233074572e-26,1.0819363233136358e-26,1.081936323318777e-26,1.0819363272738147e-26,1.0819363272225732e-26,1.0819363272405425e-26,1.0819363272407757e-26,1.0819363272407756e-26,1.0819363272186337e-26,1.0819363274379155e-26,1.0819363274446044e-26,1.0819362960079943e-26,1.0819362937752608e-26,1.0819362938892813e-26,1.0819362938895056e-26,1.081936293328679e-26,1.0819362936494109e-26,1.0819362936415126e-26,1.081936293810947e-26,1.081936293829609e-26,1.0819362937752624e-26,1.0819362913979697e-26,1.0819362893034169e-26,1.0819362893032658e-26,1.0819362274643005e-26,1.081936552166268e-26,1.0819365530914541e-26,1.0819365514080277e-26,1.0819365516034923e-26,1.081936551603492e-26,1.0819365516034923e-26,1.0819365512556386e-26,1.0819365512556459e-26,1.0819365512611797e-26,1.0819365512630909e-26,1.0819365502869305e-26,1.0819365506170612e-26,1.0819365528635844e-26,1.0819365528388178e-26,1.0819365528388148e-26,1.08193656353114e-26,1.0819365636050647e-26,1.0819365629060017e-26,1.0819365608162283e-26,1.0819365596767241e-26,1.0819366542101563e-26,1.0819366542057406e-26,1.0819366542005878e-26,1.0819366542005879e-26,1.0819366539620247e-26,1.0819366539616493e-26,1.0819366538882507e-26,1.0819366552162925e-26,1.0819366565948669e-26,1.081936656568646e-26,1.0819366565177535e-26,1.081936656518427e-26,1.0819366565184276e-26,1.0819366536605234e-26,1.0819366536332942e-26,1.0819366624036363e-26,1.0819366624036362e-26,1.0819366634185042e-26,1.0819366630284762e-26,1.0819366630374079e-26,1.0819366631338618e-26,1.0819366630839164e-26,1.0819366630839167e-26,1.081936662833171e-26,1.0819366628327525e-26,1.0819366634373625e-26,1.0819366634419823e-26,1.0819366634432028e-26,1.0819366632007565e-26,1.0819366632069834e-26,1.0819366630766878e-26,1.0819366630766994e-26,1.0819366630728031e-26,1.081936663072732e-26,1.0819366630727323e-26,1.0819366622646658e-26,1.0819366622660015e-26,1.081936672960768e-26,1.0819366763183616e-26,1.0819366763183617e-26,1.081936676316955e-26,1.0819366763218146e-26,1.0819366793678933e-26,1.0819366793679814e-26,1.0819366792577422e-26,1.0819366792577425e-26,1.0819366792124397e-26,1.0819366798306467e-26,1.081936679050268e-26,1.0819366790502679e-26,1.081936680234793e-26,1.0819366802063426e-26,1.0819366802206652e-26,1.0819366802203532e-26,1.0819366799856264e-26,1.0819366801066114e-26,1.0819367230129382e-26,1.0819367230130025e-26,1.0819367220591141e-26,1.0819367220591144e-26,1.0819367221305047e-26,1.0819367227052108e-26,1.0819367233583577e-26,1.0819367233583577e-26,1.0819367233615943e-26,1.0819367243317165e-26,1.0819367243230079e-26,1.0819367243271926e-26,1.0819367243759931e-26,1.081936724365464e-26,1.0819367243654144e-26,1.08193672436807e-26,1.0819367243681745e-26,1.0819367253677642e-26,1.0819367253673823e-26,1.0819367253673825e-26,1.0819367239607031e-26,1.0819367239390645e-26,1.0819367239390654e-26,1.0819367239025338e-26,1.0819367239005345e-26,1.0819367239005127e-26,1.081936723900513e-26,1.0819367238958392e-26,1.0819367238958395e-26,1.0819367247026032e-26,1.0819367247027062e-26,1.0819367247027062e-26,1.0819367247283253e-26,1.0819367247283253e-26,1.0819367247270106e-26,1.0819367247270105e-26,1.0819367247270103e-26,1.0819367249285103e-26,1.0819367250373928e-26,1.0819367250373928e-26,1.0819367252759137e-26,1.0819367255297643e-26,1.0819367255091826e-26,1.0819367255085744e-26,1.0819367300735796e-26,1.0819367300735918e-26,1.081936729705944e-26,1.0819367297097347e-26,1.0819367297097344e-26,1.081936735594158e-26,1.0819367355588221e-26,1.0819367356303874e-26,1.0819367356321262e-26,1.0819367356321271e-26,1.0819367356321271e-26,1.0819367357176274e-26,1.0819367357176324e-26,1.0819367357176335e-26,1.0819367365800907e-26,1.081936736582761e-26,1.0819367365366849e-26,1.0819367365812838e-26,1.0819367365105924e-26,1.0819367366116798e-26,1.0819367366165591e-26,1.0819367350998915e-26,1.0819367342072134e-26,1.08193672974294e-26,1.0819367289398838e-26,1.0819368059016238e-26,1.0819368059364911e-26,1.0819368059451415e-26,1.081936805945142e-26,1.0819368059453531e-26,1.0819368059408968e-26,1.0819368046729616e-26,1.0819366923985496e-26,1.0819367388287708e-26,1.0819367441491849e-26,1.0819367441519504e-26,1.0819367441519499e-26,1.0819367441516181e-26,1.0819367441637279e-26,1.081936754744105e-26,1.0819367547441053e-26,1.0819367547489621e-26,1.0819367547482088e-26,1.0819367538495218e-26,1.0819367538496422e-26,1.0819367532471959e-26,1.0819367531066027e-26,1.0819367530154005e-26,1.0819367530057976e-26,1.0819367530111245e-26,1.0819367530106148e-26,1.0819367530106145e-26,1.0819367535129881e-26,1.081936753656357e-26,1.0819367649318668e-26,1.0819367649318658e-26,1.0819367649318164e-26,1.0819367649117558e-26,1.0819367649284123e-26,1.0819367649285294e-26,1.0819367693694661e-26,1.0819367693694663e-26,1.0819367697854514e-26,1.0819367697854484e-26,1.0819367697854479e-26,1.0819367698007186e-26,1.0819367691635058e-26,1.0819367691564484e-26,1.0819367691547986e-26,1.0819367691548097e-26,1.0819367691222628e-26,1.0819367685062852e-26,1.0819367685062852e-26,1.0819367689327607e-26,1.0819367688873074e-26,1.0819367690361647e-26,1.081936769172349e-26,1.0819367691723487e-26,1.0819367659934492e-26,1.0819367659934492e-26,1.0819367665470646e-26,1.0819367663866941e-26,1.0819367663864584e-26,1.0819367663887099e-26,1.0819367663958514e-26,1.0819367663957236e-26,1.0819367664038701e-26,1.0819367663673155e-26,1.08193676293096e-26,1.0819367629309607e-26,1.0819367629030179e-26,1.0819367863548926e-26,1.0819367582857234e-26,1.0819367582857233e-26,1.0819367582857236e-26,1.0819367582861763e-26,1.0819367498568337e-26,1.081936749614677e-26,1.0819367497371091e-26,1.081936749750058e-26,1.0819367497500708e-26,1.0819367647173175e-26,1.0819367647187248e-26,1.0819367417842359e-26,1.0819367417842427e-26,1.0819367430834386e-26,1.0819367430066286e-26,1.0819367335837085e-26,1.0819367335876724e-26,1.0819367335876726e-26,1.0819367335876725e-26,1.0819367335879279e-26,1.081936732701333e-26,1.0819367325478429e-26,1.0819367345458702e-26,1.0819367337439616e-26,1.0819367337451121e-26,1.0819367331490332e-26,1.0819367331490348e-26,1.0819367331490363e-26,1.0819367331440797e-26,1.0819367331440791e-26,1.0819367331967111e-26,1.0819367331982332e-26,1.0819367331982561e-26,1.081936733198392e-26,1.0819367331843376e-26,1.0819367331827682e-26,1.0819367334000497e-26,1.0819367334787616e-26,1.0819367334787613e-26,1.0819367334787499e-26,1.0819367334788454e-26,1.0819367334649268e-26,1.081936733457629e-26,1.0819367334576291e-26,1.0819367334570573e-26,1.0819367334586798e-26,1.0819367330853829e-26,1.0819367330853831e-26,1.0819367330853834e-26,1.0819367330891802e-26,1.0819367331483377e-26,1.081936742490378e-26,1.081936742490378e-26,1.0819367424903783e-26,1.0819367420492439e-26,1.081936742048681e-26,1.0819367420502076e-26,1.0819367420502083e-26,1.0819367420287875e-26,1.0819366925383472e-26,1.0819366925383439e-26,1.0819366928328886e-26,1.0819366928896929e-26,1.0819366929158504e-26,1.0819366931166138e-26,1.081936693692022e-26,1.0819366936920214e-26,1.0819366936919672e-26,1.0819367028726336e-26,1.0819367028726338e-26,1.0819367028726336e-26,1.0819367051918368e-26,1.0819367050628845e-26,1.0819367050391958e-26,1.0819367034557375e-26,1.0819367034642712e-26,1.0819367036277698e-26,1.0819367033804472e-26,1.0819367033804473e-26,1.0819367067841397e-26,1.0819367067811799e-26,1.0819367067811802e-26,1.0819367067909634e-26,1.0819367067908315e-26,1.081936706790832e-26,1.0819367067732993e-26,1.0819367088395257e-26,1.0819367089109222e-26,1.0819367088734749e-26,1.081936708873475e-26,1.0819367086265552e-26,1.0819367122761773e-26,1.0819367122343124e-26,1.0819367122343121e-26,1.081936712234312e-26,1.0819367122341811e-26,1.0819367122341821e-26,1.0819367122341822e-26,1.0819367122357084e-26,1.0819367119097198e-26,1.081936711900511e-26,1.0819367650732433e-26,1.0819367650619665e-26,1.0819367650631986e-26,1.0819367650631981e-26,1.0819367688982439e-26,1.0819367687683524e-26,1.08193676877055e-26,1.0819367687730629e-26,1.0819367667715174e-26,1.081936766771654e-26,1.081936766771654e-26,1.0819367667732876e-26,1.081936766773288e-26,1.081936766958465e-26,1.081936765968188e-26,1.0819367659680742e-26,1.0819367663149593e-26,1.0819369265565179e-26,1.0819369340907505e-26,1.0819369341993625e-26,1.0819369337250112e-26,1.0819369337326578e-26,1.0819369309481516e-26,1.0819369309481516e-26,1.0819369309553739e-26,1.0819369309553735e-26,1.0819369349076088e-26,1.0819369360721668e-26,1.0819369220960865e-26,1.0819369220474292e-26,1.0819369102044173e-26,1.0819369076298486e-26,1.0819369076447538e-26,1.0819369060412715e-26,1.0819369060225778e-26,1.081936906038104e-26,1.0819368864107535e-26,1.0819368864846403e-26,1.0819368829571901e-26,1.0819368829572326e-26,1.0819368895639775e-26,1.0819368896031837e-26,1.0819368896031347e-26,1.0819368895965895e-26,1.081936889630847e-26,1.081936888885516e-26,1.0819368888855168e-26,1.0819368895350445e-26,1.0819368895350444e-26,1.0819368895331282e-26,1.0819368895331276e-26,1.0819368897343264e-26,1.0819368897343267e-26,1.0819368897139188e-26,1.0819368897139188e-26,1.0819368897139851e-26,1.081936889713985e-26,1.0819368897158411e-26,1.0819368897161337e-26,1.081936889716134e-26,1.0819368896994139e-26,1.0819368896994598e-26,1.0819368896993586e-26,1.0819368896993583e-26,1.0819368896993305e-26,1.081936889708502e-26,1.0819368897020866e-26,1.0819368897020867e-26,1.0819368897017812e-26,1.081936889701978e-26,1.0819368896967041e-26,1.0819368896958634e-26,1.0819368903219635e-26,1.081936892450097e-26,1.0819368924500973e-26,1.081936889643941e-26,1.081936889688208e-26,1.0819368970265646e-26,1.0819368958141976e-26,1.0819368958141979e-26,1.081936895814202e-26,1.0819368958158393e-26,1.0819368958467953e-26,1.0819368958410269e-26,1.0819368911994256e-26,1.0819368911249318e-26,1.0819368911249319e-26,1.0819368926659976e-26,1.0819368926660113e-26,1.0819368926716126e-26,1.081936892671622e-26,1.0819368926717071e-26,1.0819368926746386e-26,1.0819368926746384e-26,1.0819368926734919e-26,1.0819368926931837e-26,1.0819368926931833e-26,1.0819368926879534e-26,1.0819368927629136e-26,1.0819368927629134e-26,1.0819368927647234e-26,1.0819368927648088e-26,1.0819368927615355e-26,1.0819368927660403e-26,1.0819368927685445e-26,1.0819368927552651e-26,1.081936892749573e-26,1.0819368927497313e-26,1.0819368927456248e-26,1.0819368927444043e-26,1.0819368928067713e-26,1.0819368927790528e-26,1.0819368927982962e-26,1.0819368928071021e-26,1.0819368928071024e-26,1.0819368928071018e-26,1.0819368928614684e-26,1.0819368928615703e-26,1.081936892861804e-26,1.0819368931773207e-26,1.0819368932043889e-26,1.0819368932006924e-26,1.081936884686642e-26,1.0819368846866415e-26,1.0819368849095606e-26,1.0819368849197729e-26,1.0819368833221521e-26,1.081936883322153e-26,1.0819368833221525e-26,1.0819368833221696e-26,1.0819368821815349e-26,1.0819368821815353e-26,1.0819368837861515e-26,1.0819369218090238e-26,1.0819369218090233e-26,1.0819369218090238e-26,1.0819369217915432e-26,1.0819369189893914e-26,1.081936918502894e-26,1.0819369178426099e-26,1.0819369173131637e-26,1.0819369178529966e-26,1.0819369169233641e-26,1.081936917049105e-26,1.0819369170726024e-26,1.0819369136609224e-26,1.0819369136609232e-26,1.081936891492465e-26,1.0819368915759152e-26,1.0819368861529417e-26,1.0819368781102742e-26,1.0819368780934371e-26,1.0819368780939055e-26,1.0819368763379589e-26,1.0819368761900627e-26,1.0819368661564702e-26,1.0819368690446715e-26,1.081936866683107e-26,1.0819368574499703e-26,1.0819368574396619e-26,1.0819368584023761e-26,1.0819368609703898e-26,1.0819368591437176e-26,1.0819368591198881e-26,1.0819368622861938e-26,1.0819368622862194e-26,1.0819368622862195e-26,1.0819368556292242e-26,1.081936855662095e-26,1.0819368923743402e-26,1.0819368924560757e-26,1.0819368965716734e-26,1.0819368977578425e-26,1.0819369038426491e-26,1.0819368530332896e-26,1.0819368530332897e-26,1.0819368535350901e-26,1.0819368535350904e-26,1.0819368450694012e-26,1.0819368453604854e-26,1.0819368453604676e-26,1.0819368486626474e-26,1.0819368423797938e-26,1.0819368427953734e-26,1.0819368428055701e-26,1.0819368427638967e-26,1.0819368506025561e-26,1.0819368502464699e-26,1.0819368502464693e-26,1.0819368558249525e-26,1.0819368572160699e-26,1.0819368585684435e-26,1.0819368573451754e-26,1.0819368590104132e-26,1.0819368590104148e-26,1.0819368588913235e-26,1.0819368588913232e-26,1.0819368554806727e-26,1.0819368548914252e-26,1.0819368548933045e-26,1.0819368530093732e-26,1.0819368530093732e-26,1.0819368431855604e-26,1.0819368448280195e-26,1.0819368449803193e-26,1.0819368394330442e-26,1.081936838314127e-26,1.0819368418043649e-26,1.0819368417319685e-26,1.0819368361263225e-26,1.0819368375424447e-26,1.0819368266802693e-26,1.0819368266799166e-26,1.0819368265856389e-26,1.081936826585639e-26,1.0819368290462987e-26,1.0819368319102693e-26,1.0819364515852691e-26,1.0819364512820208e-26,1.0819364522135065e-26,1.0819364522663016e-26,1.0819364570915247e-26,1.0819364619250999e-26,1.0819364601172017e-26,1.0819364596064743e-26,1.0819364551986674e-26,1.0819364566105855e-26,1.0819364542326946e-26,1.081936456003021e-26,1.0819364302044347e-26,1.0819364150269425e-26,1.0819364148139385e-26,1.0819364148184136e-26,1.0819364148184123e-26,1.0819364145214993e-26,1.0819364158148813e-26,1.081936407581688e-26,1.0819364075816876e-26,1.0819364075816889e-26,1.0819363903969959e-26,1.0819363903975029e-26,1.0819363787746937e-26,1.0819363787806039e-26,1.0819363788828462e-26,1.0819363797456526e-26,1.0819363797456522e-26,1.0819349691186927e-26,1.0819349730802081e-26,1.0819349781353258e-26,1.081934977978442e-26,1.0819349779744952e-26,1.0819349787589612e-26,1.0819349787610435e-26,1.081934978790674e-26,1.0819349768810501e-26,1.0819349859378016e-26,1.0819349859377439e-26,1.081934986674276e-26,1.0819349887919682e-26,1.0819349879820506e-26,1.0819349879692325e-26,1.0819349822985665e-26,1.0819349828111021e-26,1.0819349828295492e-26,1.0819349771954883e-26,1.0819349771954878e-26,1.081934977195488e-26,1.0819349771954881e-26,1.0819349771954775e-26,1.0819349800526349e-26,1.0819349787783718e-26,1.0819349777553206e-26,1.0819349777553215e-26,1.0819349829565016e-26,1.0819349830090827e-26,1.0819349830090825e-26,1.0819349830090823e-26,1.0819349627611494e-26,1.0819349627977472e-26,1.0819349584093874e-26,1.0819349584897656e-26,1.0819349586070919e-26,1.0819349586417279e-26,1.0819349587059846e-26,1.0819349587060155e-26,1.0819349460768438e-26,1.0819349462468919e-26,1.0819349462468902e-26,1.0819349278106539e-26,1.081934930105089e-26,1.0819349300714659e-26,1.0819349304362784e-26,1.0819349505094426e-26,1.08193495050944e-26,1.0819349504569087e-26,1.0819349490849383e-26,1.0819349490655041e-26,1.0819349514847175e-26,1.0819349568572104e-26,1.0819349568288796e-26,1.0819349574965759e-26,1.0819349574965755e-26,1.0819349603435595e-26,1.0819350128034631e-26,1.0819350128034597e-26,1.0819350128357762e-26,1.0819350128357747e-26,1.0819352314749142e-26,1.0819352343927143e-26,1.081935236806554e-26,1.0819352432982211e-26,1.0819352467535461e-26,1.0819352273149946e-26,1.0819352276033085e-26,1.0819349425615192e-26,1.081934946377605e-26,1.0819349495982973e-26,1.0819349496950442e-26,1.0819349496950424e-26,1.0819349497300935e-26,1.0819349535441546e-26,1.081934953544158e-26,1.0819349535441581e-26,1.0819349423615792e-26,1.0819349421181494e-26,1.0819349586960376e-26,1.0819349586960393e-26,1.0819349633523185e-26,1.0819349624234577e-26,1.0819349624064267e-26,1.0819349636773478e-26,1.081934964836872e-26,1.0819349640575636e-26,1.0819349643869629e-26,1.0819349571400571e-26,1.0819349570745025e-26,1.0819349445838574e-26,1.0819349445889797e-26,1.0819349441598452e-26,1.0819349441750881e-26,1.0819349441680212e-26,1.0819349441676354e-26,1.0819349441677797e-26,1.0819349442055238e-26,1.0819349442339342e-26,1.0819349442343126e-26,1.081934944271083e-26,1.0819349442711082e-26,1.0819349444658304e-26,1.0819349444731444e-26,1.0819349444731359e-26,1.0819349444315416e-26,1.0819349444333534e-26,1.0819349444333531e-26,1.0819349444333531e-26,1.081934944434375e-26,1.0819349444351037e-26,1.0819349444351034e-26,1.081934935724215e-26,1.0819349376912909e-26,1.0819349377015228e-26,1.0819349370067281e-26,1.0819349370067276e-26,1.0819349370380331e-26,1.0819349370380333e-26,1.0819349370380326e-26,1.0819349349032965e-26,1.0819349349032964e-26,1.0819349349032964e-26,1.0819349349032965e-26,1.0819349369507412e-26,1.081934937949088e-26,1.0819349379490885e-26,1.0819349376034864e-26,1.0819349376042277e-26,1.0819349374017581e-26,1.0819349332393386e-26,1.081934933238785e-26,1.0819349314642163e-26,1.081934931464216e-26,1.0819349317708021e-26,1.081934931771415e-26,1.0819349314669648e-26,1.0819349314669646e-26,1.0819349314669649e-26,1.0819349394442742e-26,1.0819349399967745e-26,1.0819349399967982e-26,1.0819349399967973e-26,1.0819349409371391e-26,1.0819349401216478e-26,1.0819349401216474e-26,1.0819349400623644e-26,1.0819349400623649e-26,1.081934940062364e-26,1.0819349410414915e-26,1.0819349411082436e-26,1.0819349428245763e-26,1.0819349400781345e-26,1.0819349400781362e-26,1.0819349400782085e-26,1.0819349393820316e-26,1.0819349393821073e-26,1.08193493938501e-26,1.0819349380704049e-26,1.0819349372443196e-26,1.0819349371865847e-26,1.0819349374404016e-26,1.0819349376647365e-26,1.0819349376647201e-26,1.0819349369193313e-26,1.0819349369193316e-26,1.0819349368837848e-26,1.0819349073001539e-26,1.0819349149594867e-26,1.0819349149594866e-26,1.0819349150409405e-26,1.0819349147807054e-26,1.0819349147806976e-26,1.0819349147709424e-26,1.0819349147866691e-26,1.0819349147716886e-26,1.0819349145617845e-26,1.0819349139892219e-26,1.0819349129634476e-26,1.081934914501783e-26,1.0819349133841693e-26,1.0819349133841696e-26,1.0819349133635827e-26,1.0819349118634444e-26,1.0819349115281515e-26,1.0819349114574636e-26,1.081934911464378e-26,1.0819349417317564e-26,1.0819348256277476e-26,1.0819348256277951e-26,1.0819348261528772e-26,1.0819348261528767e-26,1.0819348261519165e-26,1.0819348255748099e-26,1.0819348255603145e-26,1.0819348257136647e-26,1.0819348244706886e-26,1.0819348244358309e-26,1.0819348244362455e-26,1.0819348226331948e-26,1.0819348227385683e-26,1.081934822738535e-26,1.0819348563644518e-26,1.0819348563644648e-26,1.0819348563697448e-26,1.0819348588018679e-26,1.0819348588018693e-26,1.0819348588084958e-26,1.0819348164135014e-26,1.0819348163635783e-26,1.0819348163635789e-26,1.0819348162420272e-26,1.0819348161614996e-26,1.0819348161598539e-26,1.0819347444835073e-26,1.0819347444835445e-26,1.0819347444201806e-26,1.0819347471916992e-26,1.0819346753842576e-26,1.081934674514326e-26,1.0819346745144083e-26,1.081934674515703e-26,1.0819346745500843e-26,1.0819346881356135e-26,1.0819346872576951e-26,1.0819346872589302e-26,1.0819346875033082e-26,1.0819346913052305e-26,1.0819346950817027e-26,1.0819346950817152e-26,1.0819346950816984e-26,1.0819346961727137e-26,1.0819346961725375e-26,1.0819347502055006e-26,1.0819347575371439e-26,1.0819347573479262e-26,1.0819347572101064e-26,1.0819347583523458e-26,1.0819347810317317e-26,1.08193478447435e-26,1.0819347821060378e-26,1.0819347821060377e-26,1.0819347821138552e-26,1.0819347779492533e-26,1.0819347780582423e-26,1.0819347780588576e-26,1.0819347803087182e-26,1.0819347799868634e-26,1.0819347799868647e-26,1.0819347799861009e-26,1.0819347799861009e-26,1.0819347799860969e-26,1.0819347799860976e-26,1.0819347799537801e-26,1.0819347799537804e-26,1.0819347799537814e-26,1.0819347799572725e-26,1.0819347799744641e-26,1.0819347789684883e-26,1.0819347792796204e-26,1.0819347792808454e-26,1.081934779499444e-26,1.081934784167918e-26,1.081934784167918e-26,1.0819347850441319e-26,1.0819347850625928e-26,1.0819347850160872e-26,1.0819347848274658e-26,1.0819347822049864e-26,1.081934782204986e-26,1.0819347820940313e-26,1.0819347820409344e-26,1.0819347812705512e-26,1.0819347776559854e-26,1.0819347741327363e-26,1.0819347753478568e-26,1.0819347753478566e-26,1.0819347753456368e-26,1.0819347752614641e-26,1.0819347752614637e-26,1.0819347728472989e-26,1.0819347716138439e-26,1.0819347711336682e-26,1.081934771151088e-26,1.0819347604023477e-26,1.081934760402345e-26,1.0819347604023447e-26,1.0819347601649925e-26,1.081934760764823e-26,1.0819347607648231e-26,1.0819347607653925e-26,1.0819347607653936e-26,1.0819346414193714e-26,1.0819346412090687e-26,1.0819346411948846e-26,1.0819346413523773e-26,1.0819346413523768e-26,1.0819345839416284e-26,1.0819345839419261e-26,1.0819345756345751e-26,1.0819346073010891e-26,1.0819346073010893e-26,1.0819346073010953e-26,1.0819346075214302e-26,1.0819346075867608e-26,1.0819345783390939e-26,1.0819345783390934e-26,1.0819345786382517e-26,1.0819345785509246e-26,1.0819345785509245e-26,1.0819345785509248e-26,1.081934579806964e-26,1.0819345798069639e-26,1.0819345660128783e-26,1.081934566012879e-26,1.0819345660128785e-26,1.0819345660128706e-26,1.0819345660128709e-26,1.0819345660128684e-26,1.0819345660130429e-26,1.0819345660130432e-26,1.081934566248624e-26,1.0819345662465648e-26,1.0819345664398901e-26,1.081934562245136e-26,1.0819345808818157e-26,1.0819345815165132e-26,1.0819345815165343e-26,1.0819345815172502e-26,1.0819345815172506e-26,1.0819345823592198e-26,1.0819345823625639e-26,1.0819345823616939e-26,1.0819345821976894e-26,1.0819345790008977e-26,1.0819345790008983e-26,1.0819345790008983e-26,1.0819345790063427e-26,1.0819345790063426e-26,1.081934579006343e-26,1.0819345790567083e-26,1.0819345790566184e-26,1.0819345790398796e-26,1.0819345790004381e-26,1.081934578997102e-26,1.0819345789971018e-26,1.0819345789960094e-26,1.081934578993615e-26,1.0819345789269225e-26,1.081934578935612e-26,1.0819345781945753e-26,1.0819345786519404e-26,1.0819345786330593e-26,1.0819345794980493e-26,1.0819345794980492e-26,1.0819345794781915e-26,1.0819345794781926e-26,1.0819345795551118e-26,1.0819345798536873e-26,1.0819345798206215e-26,1.0819345798206215e-26,1.0819345798206217e-26,1.0819345798214359e-26,1.0819345798150854e-26,1.0819345798145024e-26,1.0819345590728825e-26,1.0819345571387915e-26,1.0819345571387915e-26,1.0819345571301013e-26,1.081934557130101e-26,1.0819345570723253e-26,1.0819345570763498e-26,1.0819345570758581e-26,1.0819345572830091e-26,1.0819345572829645e-26,1.081934532958203e-26,1.0819345327409894e-26,1.0819345327409894e-26,1.0819345327601008e-26,1.081934533582493e-26,1.0819345335824903e-26,1.0819345335894356e-26,1.0819345334163707e-26,1.0819345334017616e-26,1.0819345334017614e-26,1.0819345332140424e-26,1.0819345333314183e-26,1.0819345333314338e-26,1.081934533332513e-26,1.0819345334746161e-26,1.0819345330119093e-26,1.0819345330119093e-26,1.0819345330119094e-26,1.0819345330113878e-26,1.0819345329549568e-26,1.0819345324427116e-26,1.081934531870916e-26,1.0819341658194247e-26,1.0819341657784494e-26,1.0819341670208465e-26,1.0819341670208469e-26,1.0819341671071744e-26,1.081934167016427e-26,1.0819341671847682e-26,1.0819341671845808e-26,1.0819341769786564e-26,1.0819341769786563e-26,1.0819341769598824e-26,1.0819341769599967e-26,1.0819341769600702e-26,1.0819341764892946e-26,1.0819341764981166e-26,1.0819341764981169e-26,1.0819341764980035e-26,1.0819341764992868e-26,1.0819341764992865e-26,1.0819341764992906e-26,1.0819341764992906e-26,1.0819341770936336e-26,1.0819341760910246e-26,1.0819341760910239e-26,1.0819341761375302e-26,1.0819341760234756e-26,1.0819341942479191e-26,1.0819341941756122e-26,1.0819341940845395e-26,1.0819341940830286e-26,1.0819341941494026e-26,1.0819341941494027e-26,1.0819342035956558e-26,1.0819342035956568e-26,1.0819342035956567e-26,1.0819342035956686e-26,1.0819342037187736e-26,1.0819342037187735e-26,1.0819342040044485e-26,1.0819342039051924e-26,1.0819342038241563e-26,1.0819342038241536e-26,1.0819342038241761e-26,1.0819342036438175e-26,1.0819342034314331e-26,1.0819342034314337e-26,1.0819342036247977e-26,1.0819342036511668e-26,1.0819342036511672e-26,1.0819342036582406e-26,1.0819342036582287e-26,1.081934203656672e-26,1.081934203656562e-26,1.0819342036565617e-26,1.0819342036565482e-26,1.0819342036798536e-26,1.081934203250633e-26,1.0819342029144824e-26,1.0819342106477542e-26,1.0819342106420105e-26,1.0819342099999363e-26,1.0819342100084291e-26,1.0819342100084291e-26,1.0819342100084284e-26,1.0819342099695795e-26,1.08193420996958e-26,1.0819342100128399e-26,1.0819342109225028e-26,1.0819342109222287e-26,1.0819342107916597e-26,1.0819342100370292e-26,1.08193421001689e-26,1.0819342100082316e-26,1.0819342100082322e-26,1.0819342100259207e-26,1.0819342100287442e-26,1.0819342099064661e-26,1.0819342098528527e-26,1.0819342098492297e-26,1.081934209849231e-26,1.0819342098492307e-26,1.0819341539299795e-26,1.0819341539299799e-26,1.081934153929081e-26,1.0819341558400776e-26,1.0819341558526411e-26,1.0819341556982923e-26,1.0819341556661188e-26,1.0819341557018142e-26,1.081934155714218e-26,1.0819341557142172e-26,1.0819341557764542e-26,1.0819341557560797e-26,1.0819341557560798e-26,1.0819341557578e-26,1.0819341557578014e-26,1.0819341557575539e-26,1.0819341558724374e-26,1.0819341558726166e-26,1.0819341558989286e-26,1.0819341590456172e-26,1.0819341590688076e-26,1.0819341590602238e-26,1.0819341590602735e-26,1.0819341592315393e-26,1.0819341592284387e-26,1.081934159232803e-26,1.0819341591460106e-26,1.0819341591534456e-26,1.0819341591534459e-26,1.0819341591517232e-26,1.0819341597275569e-26,1.0819341597276453e-26,1.0819341597276453e-26,1.0819341597295823e-26,1.0819341597165328e-26,1.0819341597231337e-26,1.0819341597181743e-26,1.0819341597177648e-26,1.0819341596793928e-26,1.0819341597796664e-26,1.0819341597809208e-26,1.0819341597639485e-26,1.0819341589906e-26,1.0819341884282044e-26,1.0819341884307272e-26,1.0819341884306221e-26,1.0819341884306211e-26,1.0819341887029546e-26,1.081934191861013e-26,1.0819341918937229e-26,1.0819341918937225e-26,1.0819341864475798e-26,1.0819341864621019e-26,1.0819341875369144e-26,1.0819341875369145e-26,1.0819342286800253e-26,1.081934228680043e-26,1.0819342286808571e-26,1.0819342286853256e-26,1.081934228651499e-26,1.0819342286514773e-26,1.0819342286099782e-26,1.0819342487575866e-26,1.0819342934795105e-26,1.081934244294075e-26,1.0819342442919125e-26,1.0819342452195123e-26,1.0819342451409911e-26,1.0819342451358652e-26,1.0819342401353916e-26,1.08193424010455e-26,1.0819342401045497e-26,1.08193424010429e-26,1.0819342396776066e-26,1.0819342396776057e-26,1.081934239677606e-26,1.0819342245370413e-26,1.0819342245370413e-26,1.0819342245370422e-26,1.0819342245370413e-26,1.0819342245227734e-26,1.0819342245605399e-26,1.0819342245605399e-26,1.081934224560427e-26,1.0819342247105562e-26,1.0819342470238842e-26,1.0819342467579929e-26,1.081934246756696e-26,1.081934246750782e-26,1.0819342459723949e-26,1.0819342459723953e-26,1.0819342449523082e-26,1.0819342449631626e-26,1.0819342449631277e-26,1.0819342422420646e-26,1.0819342422875473e-26,1.0819342422800043e-26,1.0819342422795199e-26,1.0819342424214446e-26,1.0819342424633134e-26,1.0819342424633143e-26,1.0819342424633143e-26,1.081934276480954e-26,1.0819342777084139e-26,1.0819342777084154e-26,1.0819342777632723e-26,1.0819342777632724e-26,1.0819342777841495e-26,1.0819342776093828e-26,1.0819342774606964e-26,1.0819342774589241e-26,1.0819342783839147e-26,1.0819342778218639e-26,1.0819342699418367e-26,1.0819342699417966e-26,1.0819342677836402e-26,1.0819342677836401e-26,1.081934267784431e-26,1.0819342677832344e-26,1.0819342680232525e-26,1.0819342680232211e-26,1.08193426970835e-26,1.0819342695132103e-26,1.0819342695132111e-26,1.0819342695139967e-26,1.0819342695712222e-26,1.0819342695712227e-26,1.0819342694847223e-26,1.081934269648179e-26,1.081934269694784e-26,1.0819342698228181e-26,1.0819342687952607e-26,1.0819342688056631e-26,1.0819342688056637e-26,1.0819342688056634e-26,1.081934268805664e-26,1.0819342688037414e-26,1.0819342688037402e-26,1.0819342688047713e-26,1.0819342671472687e-26,1.0819342671396178e-26,1.0819342671386788e-26,1.0819342694314827e-26,1.0819342690562302e-26,1.0819342690562253e-26,1.0819342664697023e-26,1.0819342664697023e-26,1.0819342664692508e-26,1.0819342664692506e-26,1.0819342664602183e-26,1.0819342664602183e-26,1.0819342665199737e-26,1.0819342665199735e-26,1.08193426652135e-26,1.0819342679513901e-26,1.0819342683776161e-26,1.0819342683776166e-26,1.0819342683776163e-26,1.0819342683779987e-26,1.0819342746963629e-26,1.0819342742428355e-26,1.0819342744110333e-26,1.0819342748427076e-26,1.0819342748424676e-26,1.0819342747142787e-26,1.0819342746508152e-26,1.0819342746498319e-26,1.0819342746498261e-26,1.0819343095905903e-26,1.081934309575139e-26,1.0819343095931548e-26,1.0819343095931545e-26,1.0819343095931343e-26,1.0819343098672631e-26,1.0819343098584209e-26,1.0819343061638875e-26,1.0819343061638875e-26,1.0819343372983346e-26,1.081934337298347e-26,1.0819343372679827e-26,1.0819343372728572e-26,1.081934337247769e-26,1.081934337247768e-26,1.0819343372446965e-26,1.0819343372530199e-26,1.0819343373477691e-26,1.0819343373477694e-26,1.0819343363025536e-26,1.081934336260084e-26,1.0819343362591042e-26,1.0819343362591044e-26,1.0819343410728467e-26,1.0819343537109194e-26,1.0819343537359836e-26,1.0819343537359832e-26,1.081934352331084e-26,1.0819343526799299e-26,1.0819343527864691e-26,1.081934351519281e-26,1.0819343515082106e-26,1.0819343515082106e-26,1.0819343515784175e-26,1.0819343519981687e-26,1.0819343519981689e-26,1.081934352004006e-26,1.0819343522235251e-26,1.0819343521672143e-26,1.0819343521672143e-26,1.0819343482056725e-26,1.0819343482056717e-26,1.081934348200962e-26,1.0819343482010087e-26,1.0819343481927501e-26,1.0819343481927478e-26,1.0819343481927912e-26,1.0819343481931426e-26,1.0819343475483686e-26,1.0819343474168683e-26,1.0819343474166165e-26,1.0819343473812419e-26,1.0819343476902107e-26,1.0819343474597722e-26,1.0819343474597722e-26,1.0819343477982962e-26,1.081934347782795e-26,1.0819343558612165e-26,1.081934355861159e-26,1.081934355946998e-26,1.0819343558967626e-26,1.0819343450416323e-26,1.0819343451400517e-26,1.0819343451400519e-26,1.081934345140065e-26,1.0819343451833698e-26,1.0819343451783678e-26,1.0819343451783704e-26,1.0819343451877595e-26,1.0819343451782395e-26,1.081934345172837e-26,1.0819343451434416e-26,1.081934328347204e-26,1.0819343283455457e-26,1.0819343283410987e-26,1.081934328930456e-26,1.0819343289786402e-26,1.0819343289781886e-26,1.0819343289781879e-26,1.0819343289748085e-26,1.0819343289748085e-26,1.081934328974809e-26,1.0819343289897751e-26,1.0819343305639667e-26,1.0819343305575534e-26,1.0819343305588421e-26,1.0819343300564605e-26,1.0819343300564668e-26,1.0819343300478681e-26,1.0819343300478945e-26,1.0819343300410558e-26,1.0819343300420681e-26,1.0819343300420486e-26,1.0819343295142056e-26,1.0819343295180436e-26,1.0819343294775212e-26,1.0819343294759766e-26,1.0819343295583842e-26,1.0819343295574501e-26,1.0819343295508716e-26,1.0819343295508656e-26,1.0819343284079158e-26,1.0819343283978857e-26,1.0819343283971048e-26,1.0819343272020273e-26,1.081934327202028e-26,1.0819343272029208e-26,1.0819343272029214e-26,1.0819343262553933e-26,1.0819343262553913e-26,1.0819343262401275e-26,1.081934325644816e-26,1.0819343256450232e-26,1.081934325639981e-26,1.0819343257039497e-26,1.0819343257799587e-26,1.081934325670478e-26,1.0819343256704781e-26,1.081934325997576e-26,1.0819343259975766e-26,1.0819343259975834e-26,1.0819343259975685e-26,1.0819343259935918e-26,1.0819343259935916e-26,1.0819343259935956e-26,1.0819343259935954e-26,1.0819343256235493e-26,1.0819343256235806e-26,1.0819343248855926e-26,1.0819343250420435e-26,1.081934325036792e-26,1.0819343250367727e-26,1.081934325036709e-26,1.0819343250338173e-26,1.0819343257693987e-26,1.0819343236291573e-26,1.0819343226112868e-26,1.081934324360891e-26,1.0819343260352857e-26,1.081934326033898e-26,1.0819343266951967e-26,1.0819343267090196e-26,1.0819343267067613e-26,1.0819343267068164e-26,1.0819343245586127e-26,1.0819343217369576e-26,1.0819343217350408e-26,1.081934321764174e-26,1.0819343217648633e-26,1.0819343219538795e-26,1.0819343228261684e-26,1.0819343228227344e-26,1.0819343255947608e-26,1.0819343302852112e-26,1.0819343302852108e-26,1.0819343303042863e-26,1.0819343303779811e-26,1.0819343303779578e-26,1.0819343303786613e-26,1.0819343303794597e-26,1.0819343305528829e-26,1.081934328982847e-26,1.0819343289875276e-26,1.0819343287378874e-26,1.0819343287378871e-26,1.0819343285795147e-26,1.081934328548552e-26,1.081934328584559e-26,1.0819343311730201e-26,1.0819343311473597e-26,1.0819343319583822e-26,1.0819343319471896e-26,1.0819343236271257e-26,1.08193432364086e-26,1.0819343236389412e-26,1.0819343236286572e-26,1.081934323628379e-26,1.0819343226978235e-26,1.0819343227021912e-26,1.0819343224896995e-26,1.0819343224896993e-26,1.0819343225115787e-26,1.0819343225115767e-26,1.0819343223796831e-26,1.0819343231186803e-26,1.0819343231138306e-26,1.0819343302743213e-26,1.0819343302742861e-26,1.0819343302007124e-26,1.081934330091165e-26,1.0819343300911634e-26,1.0819343325528652e-26,1.0819343325528585e-26,1.0819343325528582e-26,1.0819343325528922e-26,1.0819343367165408e-26,1.0819343385236954e-26,1.081934340257443e-26,1.0819343402574025e-26,1.0819343402573797e-26,1.0819343402568021e-26,1.0819343402568041e-26,1.081934340256738e-26,1.0819343398496688e-26,1.0819343398205561e-26,1.0819343397907463e-26,1.0819343397907458e-26,1.0819343397899266e-26,1.0819343397899272e-26,1.08193433979474e-26,1.0819343397947394e-26,1.0819343397947395e-26,1.0819343404356692e-26,1.0819343404228428e-26,1.0819343404247983e-26,1.0819343569795406e-26,1.081934356979536e-26,1.0819343569769933e-26,1.0819343569966662e-26,1.0819343570000981e-26,1.0819343571806316e-26,1.0819343570416202e-26,1.081934357029562e-26,1.081934357029562e-26,1.0819343570253284e-26,1.0819343570028745e-26,1.0819343570026603e-26,1.081934356991911e-26,1.081934356991911e-26,1.0819343569920091e-26,1.081934356420277e-26,1.0819343564309409e-26,1.0819343564309404e-26,1.0819343564309532e-26,1.0819343564309538e-26,1.0819343563787418e-26,1.0819343562314612e-26,1.081934356211561e-26,1.0819343561484029e-26,1.0819343561483566e-26,1.0819343561536083e-26,1.0819343560995154e-26,1.0819343561616523e-26,1.081934356158986e-26,1.081934356153293e-26,1.081934356153324e-26,1.0819343553961006e-26,1.0819343553961182e-26,1.0819343554101058e-26,1.0819343554102269e-26,1.0819343551066083e-26,1.0819343551244456e-26,1.0819343548714791e-26,1.081934327185734e-26,1.0819343271857832e-26,1.0819343265221618e-26,1.08193432652279e-26,1.0819343265227903e-26,1.0819343265228516e-26,1.0819343265228514e-26,1.0819343264316301e-26,1.0819343264452062e-26,1.0819343264450935e-26,1.0819343264450935e-26,1.0819343264450932e-26,1.0819343264450947e-26,1.0819343247710441e-26,1.0819343247709596e-26,1.0819343241655348e-26,1.0819343241843393e-26,1.0819343241818114e-26,1.0819343241818386e-26,1.0819343241834748e-26,1.0819343241659475e-26,1.081934324163253e-26,1.0819343241629643e-26,1.0819343218124122e-26,1.0819343218015629e-26,1.0819343214014919e-26,1.0819343221974852e-26,1.0819343310186584e-26,1.081934331018658e-26,1.08193433086382e-26,1.0819343300703542e-26,1.0819343409011498e-26,1.0819343408998377e-26,1.0819343408986544e-26,1.0819343408617419e-26,1.081934340078362e-26,1.0819343518605177e-26,1.0819343518619405e-26,1.0819343518619402e-26,1.0819343518493334e-26,1.0819343518493355e-26,1.0819343518488972e-26,1.0819343518484968e-26,1.0819343518337981e-26,1.0819343518632575e-26,1.0819343520692473e-26,1.0819343520692474e-26,1.081934352046073e-26,1.0819343520464445e-26,1.0819343521370774e-26,1.081934352063086e-26,1.081934352084998e-26,1.0819343520849972e-26,1.0819343446923307e-26,1.0819343443308457e-26,1.0819343443308463e-26,1.081934346570985e-26,1.081934347350918e-26,1.0819343484610042e-26,1.0819343484551969e-26,1.0819343484546853e-26,1.0819343723193822e-26,1.081934373349382e-26,1.0819343733490072e-26,1.081934372753844e-26,1.081934372777503e-26,1.081934385207929e-26,1.0819343852079022e-26,1.0819343852081665e-26,1.081934385219676e-26,1.0819343852196811e-26,1.0819343852197087e-26,1.0819343853788516e-26,1.0819343856035874e-26,1.081934385682386e-26,1.0819343856823861e-26,1.081934385682386e-26,1.0819343856825068e-26,1.0819343856822967e-26,1.0819343849997984e-26,1.0819343849378314e-26,1.0819344362414314e-26,1.0819344349666592e-26,1.0819344349666595e-26,1.0819344349666593e-26,1.0819344349340233e-26,1.0819344349340233e-26,1.0819344349115969e-26,1.0819344357423653e-26,1.0819344247446536e-26,1.081934425084733e-26,1.0819344250847327e-26,1.0819344250847316e-26,1.0819344240794836e-26,1.0819344250478195e-26,1.0819344270454314e-26,1.081934431414894e-26,1.0819344314929653e-26,1.0819344315133534e-26,1.0819344324555871e-26,1.0819344324560315e-26,1.0819344324511815e-26,1.0819344281713767e-26,1.081934428145888e-26,1.0819344267953131e-26,1.081934426795313e-26,1.0819344268885224e-26,1.0819344269002073e-26,1.0819344269002203e-26,1.0819344268997107e-26,1.0819344269061945e-26,1.0819344250747588e-26,1.0819344250747277e-26,1.0819344250739655e-26,1.0819344211907582e-26,1.0819344211908034e-26,1.0819344183875279e-26,1.0819344183383735e-26,1.0819344183335626e-26,1.081934418333563e-26,1.0819344182156501e-26,1.0819344190511876e-26,1.0819344190608333e-26,1.081934419003676e-26,1.0819344190042685e-26,1.0819344192691951e-26,1.0819344192684346e-26,1.0819344192718416e-26,1.0819344192926363e-26,1.0819344192926363e-26,1.0819344194138352e-26,1.0819344194138353e-26,1.0819344194132535e-26,1.0819344178951226e-26,1.081934416569522e-26,1.0819344165695223e-26,1.0819344165697612e-26,1.0819344165697738e-26,1.081934416572166e-26,1.081934416572166e-26,1.0819344165722115e-26,1.0819344160517708e-26,1.0819344160518565e-26,1.0819344160579073e-26,1.0819344160579074e-26,1.0819344160579074e-26,1.0819344160573165e-26,1.081934416001975e-26,1.0819344159971644e-26,1.081934415997172e-26,1.0819344206979805e-26,1.0819344091873773e-26,1.0819344084260969e-26,1.0819344084260965e-26,1.0819344192690601e-26,1.0819344191587066e-26,1.0819344206013636e-26,1.0819344205652712e-26,1.0819344226580231e-26,1.081934422658023e-26,1.0819344226580231e-26,1.0819344226580232e-26,1.0819344226374007e-26,1.0819344226373531e-26,1.0819344226373532e-26,1.0819344531145528e-26,1.0819344531146534e-26,1.0819344531416249e-26,1.0819344533618625e-26,1.0819344533613861e-26,1.0819344533613867e-26,1.0819344533575348e-26,1.0819344533547688e-26,1.0819344533556329e-26,1.0819344533548443e-26,1.0819344533559526e-26,1.081934468901703e-26,1.0819344689017028e-26,1.0819344686325881e-26,1.0819344686312958e-26,1.0819344645566115e-26,1.0819344645561632e-26,1.0819344645561626e-26,1.0819344645561626e-26,1.081934464653954e-26,1.0819344645225342e-26,1.0819344678300688e-26,1.0819344678380562e-26,1.0819344678380479e-26,1.081934467840763e-26,1.0819344609655534e-26,1.0819344609654193e-26,1.081934452927169e-26,1.0819344445520578e-26,1.0819344411001912e-26,1.0819344371250261e-26,1.0819344371250351e-26,1.0819344369516989e-26,1.081934436356598e-26,1.0819344363565982e-26,1.0819344363565983e-26,1.0819344363565983e-26,1.0819344362472146e-26,1.0819344374653993e-26,1.0819344374653156e-26,1.0819344374653158e-26,1.08193442794506e-26,1.0819344279719435e-26,1.081934429902266e-26,1.081934429692883e-26,1.0819344292686419e-26,1.0819344292672902e-26,1.0819344292571009e-26,1.0819344324178996e-26,1.0819344324461997e-26,1.0819344285685744e-26,1.0819344391616655e-26,1.081934441481006e-26,1.0819344371105574e-26,1.0819344370345553e-26,1.08193443712419e-26,1.0819344371223386e-26,1.0819344371381224e-26,1.0819344371177163e-26,1.0819344371617291e-26,1.0819344328365e-26,1.0819344328378984e-26,1.0819344266502509e-26,1.081934427596409e-26,1.0819344289769446e-26,1.0819344289707622e-26,1.0819344289707621e-26,1.0819344289707625e-26,1.0819344289707624e-26,1.0819344289841649e-26,1.0819344319287415e-26,1.0819344319212641e-26,1.0819344353594347e-26,1.0819344353266012e-26,1.0819344348774045e-26,1.081934434688634e-26,1.0819344330276488e-26,1.0819344330276494e-26,1.0819344330276492e-26,1.0819344320784805e-26,1.0819344308098328e-26,1.0819344294201861e-26,1.0819344294201966e-26,1.0819344294201967e-26,1.0819344286788298e-26,1.081934429948813e-26,1.0819344299552774e-26,1.081934429518038e-26,1.0819344294911304e-26,1.0819344294911301e-26,1.0819344294911224e-26,1.0819344297457072e-26,1.0819344286387835e-26,1.0819344286934612e-26,1.0819344287284223e-26,1.0819344381894745e-26,1.0819344483267299e-26,1.0819344472900793e-26,1.0819344473169304e-26,1.0819344438696047e-26,1.0819344435469575e-26,1.0819344469027077e-26,1.0819344471099771e-26,1.0819344461185775e-26,1.0819344460790832e-26,1.081934442577875e-26,1.0819344425778739e-26,1.0819344425628535e-26,1.0819344469928279e-26,1.081934447374721e-26,1.0819344471130489e-26,1.0819344470343799e-26,1.0819344476429898e-26,1.0819344539470311e-26,1.0819344539607799e-26,1.0819344502595622e-26,1.0819344500184894e-26,1.0819344500853528e-26,1.0819344500825347e-26,1.0819344269035504e-26,1.0819344269035507e-26,1.0819344283590149e-26,1.0819344283591457e-26,1.0819344200590882e-26,1.0819344200590694e-26,1.0819344199280675e-26,1.081934442106286e-26,1.0819344419510989e-26,1.0819344419806032e-26,1.0819344419653056e-26,1.0819344419653057e-26,1.0819344419022185e-26,1.0819344422655058e-26,1.0819344555233458e-26,1.0819344555233456e-26,1.0819344561846205e-26,1.081934456183235e-26,1.0819344630942232e-26,1.0819344628858982e-26,1.0819344628858987e-26,1.0819344629589927e-26,1.081934461239298e-26,1.0819344612393389e-26,1.081934461235851e-26,1.0819344605060685e-26,1.0819344658634065e-26,1.0819344659800303e-26,1.0819344660117393e-26,1.081934466011739e-26,1.0819344685201747e-26,1.081934468520173e-26,1.0819344567661705e-26,1.0819344561707998e-26,1.0819344558669502e-26,1.081934451089936e-26,1.0819344510942451e-26,1.0819344514323789e-26,1.081934451400399e-26,1.0819344499546142e-26,1.081934449959996e-26,1.0819344499577775e-26,1.081934450007867e-26,1.0819344500074658e-26,1.0819344499438293e-26,1.0819344499346625e-26,1.0819344499347298e-26,1.081934450961403e-26,1.0819344434790855e-26,1.0819344434718441e-26,1.0819344491716638e-26,1.0819344490706001e-26,1.0819344598988097e-26,1.0819344599011696e-26,1.081934459901507e-26,1.0819344599303031e-26,1.0819346228580159e-26,1.0819346230318167e-26,1.0819346230600113e-26,1.0819346230600116e-26,1.0819346230690025e-26,1.0819346345896225e-26,1.0819346345897713e-26,1.0819346347980473e-26,1.0819346349660391e-26,1.0819346355963011e-26,1.081934635538188e-26,1.0819346358956454e-26,1.0819346355782421e-26,1.0819346354692229e-26,1.0819346354692243e-26,1.0819346354711001e-26,1.0819346354711001e-26,1.0819346354640833e-26,1.081934635464083e-26,1.0819346416262571e-26,1.081934641629363e-26,1.0819346416293629e-26,1.0819346416313914e-26,1.0819346416313917e-26,1.0819346416358393e-26,1.081934642883843e-26,1.0819346408264434e-26,1.0819346198075807e-26,1.0819346202962262e-26,1.0819346202961707e-26,1.0819346203015224e-26,1.081934363869515e-26,1.081934343718513e-26,1.0819343437185136e-26,1.0819343293142246e-26,1.0819343293133948e-26,1.0819343293133947e-26,1.0819343293152733e-26,1.0819343272865053e-26,1.081934328508183e-26,1.0819343285329661e-26,1.0819343262345834e-26,1.0819343262714868e-26,1.0819343250046046e-26,1.0819343250046045e-26,1.0819343293119714e-26,1.0819343181886473e-26,1.0819343181887434e-26,1.0819343181875094e-26,1.0819343181948687e-26,1.0819343181947713e-26,1.0819343181947876e-26,1.0819343181947876e-26,1.0819343181947876e-26,1.0819343206830512e-26,1.0819343219118382e-26,1.081934321919205e-26,1.0819343219192044e-26,1.0819343378750669e-26,1.0819343378750673e-26,1.0819343397784334e-26,1.0819343397341393e-26,1.0819343397339462e-26,1.0819343379902148e-26,1.0819343379902141e-26,1.0819343402817991e-26,1.0819343402818914e-26,1.0819343397130071e-26,1.0819343397130067e-26,1.0819343397055997e-26,1.0819343397056867e-26,1.0819343397056867e-26,1.081934339743841e-26,1.0819343404554446e-26,1.08193434010958e-26,1.0819343445312484e-26,1.0819343445279996e-26,1.081934344604363e-26,1.0819343445110239e-26,1.0819343455678781e-26,1.081934348522802e-26,1.0819343421365988e-26,1.0819343421365988e-26,1.0819343421369778e-26,1.0819343928112916e-26,1.0819343995710952e-26,1.0819343995684356e-26,1.0819343998618191e-26,1.0819343998705857e-26,1.0819343998389743e-26,1.0819343998676538e-26,1.0819343999004928e-26,1.0819343981488524e-26,1.081934398157311e-26,1.0819343981410924e-26,1.0819343986038251e-26,1.0819343986230549e-26,1.0819343986212411e-26,1.0819343985802054e-26,1.081934398568123e-26,1.0819344205086216e-26,1.081934428612283e-26,1.081934428612283e-26,1.0819344286122898e-26,1.0819344286122897e-26,1.0819344286100521e-26,1.0819344403904128e-26,1.081934440390991e-26,1.081934440390141e-26,1.0819344412317757e-26,1.0819344412218446e-26,1.081934441276768e-26,1.0819344412765338e-26,1.0819344412765866e-26,1.0819344413574077e-26,1.081934441356631e-26,1.0819344412599092e-26,1.0819344412575346e-26,1.0819344412501814e-26,1.0819344431459426e-26,1.0819344431461217e-26,1.081934443120254e-26,1.0819344487466229e-26,1.0819344463805447e-26,1.0819344463805442e-26,1.0819344456877392e-26,1.0819344456877393e-26,1.0819344456885297e-26,1.0819344457045771e-26,1.0819344457045766e-26,1.081934445681632e-26,1.08193444568145e-26,1.0819344457734934e-26,1.0819344457231016e-26,1.0819344457231016e-26,1.0819344457229456e-26,1.0819344457210845e-26,1.0819344459468216e-26,1.0819344459478678e-26,1.0819344459478678e-26,1.0819344464437065e-26,1.0819344464630512e-26,1.0819344464494123e-26,1.0819344467781039e-26,1.0819344467781039e-26,1.0819344467689558e-26,1.0819344467660344e-26,1.0819344467660351e-26,1.0819344467640265e-26,1.0819344467639215e-26,1.0819344467399368e-26,1.0819344467335037e-26,1.081934446733504e-26,1.0819344467363946e-26,1.0819344467363946e-26,1.0819344467363865e-26,1.081934446767895e-26,1.0819344467612892e-26,1.0819344467612891e-26,1.0819344467738766e-26,1.0819344467738759e-26,1.081934446773876e-26,1.081934446799179e-26,1.081934446799186e-26,1.0819344467965122e-26,1.0819344467965126e-26,1.0819344467965039e-26,1.0819344467965059e-26,1.0819344467965056e-26,1.081934446823481e-26,1.081934482027731e-26,1.0819344820244053e-26,1.0819344821163385e-26,1.0819344821164738e-26,1.081934482117511e-26,1.0819344821180649e-26,1.0819344818841708e-26,1.0819344818831417e-26,1.0819344818831417e-26,1.0819344818817118e-26,1.0819344818889821e-26,1.0819344818889732e-26,1.0819344818685889e-26,1.081934481877745e-26,1.081934481877746e-26,1.0819344818777457e-26,1.0819344818113536e-26,1.0819344806076572e-26,1.0819344928309728e-26,1.0819344928309728e-26,1.0819344928309721e-26,1.0819344926988474e-26,1.081934492700444e-26,1.0819344927004443e-26,1.081934492700444e-26,1.0819344927004437e-26,1.0819344927004617e-26,1.0819344928637684e-26,1.0819344928640108e-26,1.0819344919359349e-26,1.0819344915827583e-26,1.0819344915835107e-26,1.0819344924938558e-26,1.0819344973486423e-26,1.0819344973488165e-26,1.0819344973461072e-26,1.0819344973309187e-26,1.0819344973311029e-26,1.0819344975989091e-26,1.0819344976015686e-26,1.081934497601569e-26,1.0819344976017768e-26,1.0819344976016786e-26,1.0819345064509429e-26,1.0819344989665012e-26,1.0819344989945399e-26,1.0819344997555413e-26,1.0819344997555242e-26,1.081934506530518e-26,1.081934506516818e-26,1.081934506497737e-26,1.0819345064977365e-26,1.0819345064649125e-26,1.0819345064649378e-26,1.0819345064657697e-26,1.0819345064657691e-26,1.0819345064657687e-26,1.0819345064948447e-26,1.0819345080750991e-26,1.0819345080750991e-26,1.0819345080751597e-26,1.0819345081239308e-26,1.081934508171169e-26,1.0819345081711687e-26,1.0819345027263041e-26,1.0819345027255572e-26,1.0819345027255556e-26,1.0819345027255553e-26,1.0819345027256396e-26,1.08193450266158e-26,1.0819345026438925e-26,1.0819345030886795e-26,1.0819345031006128e-26,1.0819345030741761e-26,1.0819345030741762e-26,1.0819345042401125e-26,1.0819345045436333e-26,1.0819345045435457e-26,1.0819345046325992e-26,1.0819345046325153e-26,1.0819345046323273e-26,1.08193450463262e-26,1.0819345046326201e-26,1.0819345046326207e-26,1.0819345046774522e-26,1.0819345046779204e-26,1.0819345046776995e-26,1.0819345046776824e-26,1.0819345047026038e-26,1.0819345047026286e-26,1.0819345047014646e-26,1.0819345047059026e-26,1.0819345047059021e-26,1.0819345047058445e-26,1.0819345047058443e-26,1.0819345047056101e-26,1.0819345046987776e-26,1.0819345210062757e-26,1.0819345210069049e-26,1.0819345210069118e-26,1.0819345210075683e-26,1.0819345210024087e-26,1.081934521003138e-26,1.081934521004443e-26,1.0819345209880624e-26,1.0819345209880627e-26,1.0819345209880625e-26,1.081934521053502e-26,1.081934521057942e-26,1.0819345213626432e-26,1.081934521362643e-26,1.0819345215311488e-26,1.0819345215311485e-26,1.0819345215311484e-26,1.0819345215194569e-26,1.0819345215202505e-26,1.0819345205511229e-26,1.0819345210854595e-26,1.0819345210426048e-26,1.0819345210989411e-26,1.0819345210989409e-26,1.0819345210159521e-26,1.081934521079103e-26,1.0819345210884832e-26,1.0819345210696413e-26,1.0819345212023132e-26,1.0819345211895258e-26,1.0819345211895265e-26,1.081934521128317e-26,1.0819345211355979e-26,1.0819345210958147e-26,1.0819345210853178e-26,1.081934521085327e-26,1.0819345210845719e-26,1.0819345210356526e-26,1.0819345212288713e-26,1.081934522823774e-26,1.0819345228239848e-26,1.0819345228239912e-26,1.0819345228239919e-26,1.0819345228238042e-26,1.081934522823802e-26,1.0819345228119887e-26,1.0819345226952952e-26,1.0819345226914031e-26,1.0819345226914031e-26,1.0819345226903972e-26,1.0819345227048941e-26,1.0819345224536596e-26,1.0819345224301809e-26,1.0819345224299906e-26,1.0819345224299903e-26,1.0819345224335238e-26,1.0819345224233397e-26,1.0819345224297408e-26,1.0819345224287019e-26,1.081934522427187e-26,1.0819345224355251e-26,1.0819345229155236e-26,1.0819345229148444e-26,1.0819345229175514e-26,1.0819345229175896e-26,1.0819345228763807e-26,1.0819345228779939e-26,1.0819345228805232e-26,1.0819345227437523e-26,1.0819345227437525e-26,1.0819345229139443e-26,1.0819345229164843e-26,1.0819345229164846e-26,1.0819345229753204e-26,1.0819345227022286e-26,1.0819345227022289e-26,1.0819345227257087e-26,1.0819345223221082e-26,1.0819345224882522e-26,1.0819345224889695e-26,1.0819345224889629e-26,1.0819345217347303e-26,1.0819345217347305e-26,1.0819345217355167e-26,1.0819345217355167e-26,1.0819345217356992e-26,1.08193452173999e-26,1.0819345217399904e-26,1.0819345217399935e-26,1.0819345217661095e-26,1.0819345213198767e-26,1.0819345204210838e-26,1.0819345204204672e-26,1.0819345204194047e-26,1.0819345204217928e-26,1.0819345204207455e-26,1.0819345204209037e-26,1.0819345204209185e-26,1.0819345217155008e-26,1.0819345215812168e-26,1.0819345218000287e-26,1.0819345218000287e-26,1.08193452178972e-26,1.0819345217895386e-26,1.0819345217201229e-26,1.0819345217195663e-26,1.0819345217157598e-26,1.0819345217226828e-26,1.0819345217226132e-26,1.0819345216712172e-26,1.081934521763673e-26,1.0819345218622009e-26,1.081934521862201e-26,1.0819345218636946e-26,1.0819345218647368e-26,1.0819345218477366e-26,1.0819345209668078e-26,1.081934520984302e-26,1.0819345209842883e-26,1.0819345185134083e-26,1.0819345185257895e-26,1.081934518525892e-26,1.0819345174066835e-26,1.0819345166882113e-26,1.0819345150765921e-26,1.0819345147337681e-26,1.081934515448043e-26,1.0819345154480402e-26,1.0819345154480409e-26,1.081934515442495e-26,1.0819345155629085e-26,1.0819345155623528e-26,1.0819345155629153e-26,1.0819345155592597e-26,1.0819345155608759e-26,1.0819345155128212e-26,1.0819345155128673e-26,1.081934515512827e-26,1.0819345153773065e-26,1.0819345150875517e-26,1.0819345150875234e-26,1.0819344982996824e-26,1.0819344982997195e-26,1.0819344982997192e-26,1.0819344982162913e-26,1.0819344982210994e-26,1.0819344981905307e-26,1.0819344981904262e-26,1.0819344981911783e-26,1.0819344981920418e-26,1.0819344984638294e-26,1.0819344987233772e-26,1.081934498723375e-26,1.0819344986683283e-26,1.0819344986695785e-26,1.0819344986693785e-26,1.0819344983688564e-26,1.0819344983633683e-26,1.081934498543845e-26,1.081934498541973e-26,1.0819344996213504e-26,1.0819344996213417e-26,1.0819344989098873e-26,1.0819344988617106e-26,1.0819344989183495e-26,1.0819344989076656e-26,1.0819344989893382e-26,1.0819344989911421e-26,1.0819344989911421e-26,1.0819344989574445e-26,1.081934498957432e-26,1.0819344989768703e-26,1.0819344989776677e-26,1.0819344989813807e-26,1.0819344989806159e-26,1.081934498952088e-26,1.0819344989498045e-26,1.0819344990283934e-26,1.0819344996407126e-26,1.0819344996404058e-26,1.0819344996443888e-26,1.0819344996451342e-26,1.0819345021729289e-26,1.081934502173699e-26,1.0819345021736982e-26,1.0819345021512491e-26,1.0819345021457006e-26,1.0819345021484031e-26,1.0819345021250453e-26,1.0819345018847486e-26,1.0819345018847487e-26,1.0819345018649132e-26,1.0819345039536971e-26,1.0819345042278459e-26,1.0819345042276428e-26,1.081934591910783e-26,1.0819345919054186e-26,1.081934591905321e-26,1.0819345919017759e-26,1.0819345919014678e-26,1.0819345919014759e-26,1.0819345919014406e-26,1.0819345918224844e-26,1.0819345918224286e-26,1.081934591822428e-26,1.0819345911709994e-26,1.0819345911709921e-26,1.0819345912010207e-26,1.0819345912016422e-26,1.0819345912016423e-26,1.0819345912016313e-26,1.0819345912013164e-26,1.0819345912012671e-26,1.0819345912012159e-26,1.0819345911837746e-26,1.0819345911840824e-26,1.0819345911842481e-26,1.0819345907534745e-26,1.081934590771075e-26,1.0819345903159901e-26,1.0819345903144998e-26,1.0819345903233984e-26,1.0819345903233995e-26,1.0819345903249655e-26,1.0819345903695753e-26,1.0819345903646229e-26,1.081934591524188e-26,1.0819345915088424e-26,1.0819345914731897e-26,1.0819345914369282e-26,1.0819345909265214e-26,1.0819345913278787e-26,1.0819345914418075e-26,1.0819345914318639e-26,1.081934591442576e-26,1.0819345914424006e-26,1.0819345914424013e-26,1.0819345904134336e-26,1.0819345904080436e-26,1.0819345893265759e-26,1.0819345893332543e-26,1.0819345893123508e-26,1.0819345893123513e-26,1.0819345893186406e-26,1.0819345893687964e-26,1.0819345893692505e-26,1.0819345865454429e-26,1.0819345866033614e-26,1.0819345866036127e-26,1.0819345866036422e-26,1.0819345866036448e-26,1.0819345866036353e-26,1.0819345866036355e-26,1.0819345866036006e-26,1.0819345866036003e-26,1.0819345865289746e-26,1.0819345865323661e-26,1.081934586388248e-26,1.0819345863882485e-26,1.0819345863902936e-26,1.081934586390542e-26,1.081934586390533e-26,1.0819345863891498e-26,1.0819345863892587e-26,1.0819345863723514e-26,1.0819345863560276e-26,1.0819345866671304e-26,1.0819345866671107e-26,1.0819345866671463e-26,1.0819345867129767e-26,1.0819345867231661e-26,1.0819345867231678e-26,1.0819345866867277e-26,1.081934586686698e-26,1.08193458668668e-26,1.081934586689562e-26,1.0819345866896836e-26,1.0819345867661524e-26,1.081934586766426e-26,1.0819345852760676e-26,1.0819345852760671e-26,1.0819345852815181e-26,1.0819345852825717e-26,1.0819345852826427e-26,1.0819345852826371e-26,1.0819345852829241e-26,1.0819345852814706e-26,1.0819345856586066e-26,1.0819345856586062e-26,1.0819345856556326e-26,1.0819345858486163e-26,1.081934585848616e-26,1.0819345858486e-26,1.081934584223592e-26,1.0819345842285955e-26,1.0819345842285755e-26,1.0819345842271419e-26,1.081934584229433e-26,1.0819345842611436e-26,1.0819345842614258e-26,1.081934584266501e-26,1.081934584423863e-26,1.0819345844238636e-26,1.0819345844238642e-26,1.0819345844235409e-26,1.0819345844939256e-26,1.0819345844996903e-26,1.081934584501924e-26,1.0819345846871826e-26,1.0819345846869584e-26,1.0819345847514491e-26,1.0819345847435884e-26,1.0819345847768983e-26,1.081934585722727e-26,1.0819345857232397e-26,1.0819345857009765e-26,1.0819345857009893e-26,1.0819345857022167e-26,1.081934588995978e-26,1.0819345889953806e-26,1.0819345889733382e-26,1.0819345889728109e-26,1.081934589911413e-26,1.0819345902281897e-26,1.0819345903984759e-26,1.0819345903984759e-26,1.0819345903986682e-26,1.0819345903986735e-26,1.0819345903986738e-26,1.0819345887694422e-26,1.0819345846667604e-26,1.081934584592284e-26,1.0819345845964616e-26,1.0819345845964598e-26,1.0819345845964677e-26,1.0819345845855095e-26,1.0819345845955701e-26,1.0819345846654981e-26,1.0819345843458113e-26,1.0819345843458109e-26,1.0819345844155754e-26,1.0819345843261324e-26,1.0819345843227705e-26,1.0819345843199158e-26,1.0819345843199032e-26,1.0819345843199166e-26,1.0819345843202403e-26,1.0819345843185443e-26,1.0819345843396654e-26,1.0819345843396295e-26,1.0819345843396121e-26,1.0819345843396128e-26,1.0819345843227203e-26,1.0819345871724678e-26,1.0819345862104726e-26,1.0819345859318671e-26,1.0819345857010059e-26,1.081934585700742e-26,1.0819345857007429e-26,1.0819345856908991e-26,1.0819345856908991e-26,1.0819345853235959e-26,1.0819345853235962e-26,1.0819345852959009e-26,1.0819345852959085e-26,1.0819345852959092e-26,1.0819345851244457e-26,1.0819345851090696e-26,1.0819345847512019e-26,1.0819345847825107e-26,1.0819345849117962e-26,1.0819345849117883e-26,1.0819345849171324e-26,1.0819345849170862e-26,1.0819345849170859e-26,1.0819345848361751e-26,1.0819345848754038e-26,1.0819345848841643e-26,1.0819345848886862e-26,1.0819345849026825e-26,1.0819345849026814e-26,1.0819345848941613e-26,1.0819345850149925e-26,1.0819345850201497e-26,1.0819345854607444e-26,1.0819345854632132e-26,1.0819345854873163e-26,1.0819345855350348e-26,1.0819345855103495e-26,1.0819345855200323e-26,1.081934586506955e-26,1.0819345864552448e-26,1.0819345864552131e-26,1.0819345864542808e-26,1.081934586466665e-26,1.0819345920354375e-26,1.0819345920564441e-26,1.0819345920491976e-26,1.0819345920441565e-26,1.0819345920716532e-26,1.0819345919756435e-26,1.0819345933210985e-26,1.0819345523402541e-26,1.0819345523402544e-26,1.0819346341634493e-26,1.08193463416345e-26,1.0819346341634411e-26,1.081934634163447e-26,1.0819346341649907e-26,1.0819346341650626e-26,1.0819346341651775e-26,1.0819346341646129e-26,1.0819346341533591e-26,1.0819346341978895e-26,1.081934634208847e-26,1.0819346342087806e-26,1.0819346342076717e-26,1.0819346343463863e-26,1.0819346343461998e-26,1.0819346343289927e-26,1.0819346343370472e-26,1.0819346343323394e-26,1.0819346805508645e-26,1.0819346804887848e-26,1.0819346806132344e-26,1.081934680613119e-26,1.0819346806100661e-26,1.0819346806100662e-26,1.0819346806100664e-26,1.0819346806209954e-26,1.081934682822532e-26,1.0819346827964853e-26,1.0819346827960359e-26,1.0819346827978734e-26,1.0819346827979257e-26,1.081934682704878e-26,1.0819346827460543e-26,1.0819346826897686e-26,1.0819346826897689e-26,1.0819346826679925e-26,1.0819346820698257e-26,1.0819346820661001e-26,1.0819346820661263e-26,1.0819346820660966e-26,1.0819346820622856e-26,1.0819346820851775e-26,1.0819346831938111e-26,1.0819346831938106e-26,1.0819346831941482e-26,1.0819346829677401e-26,1.081934683001182e-26,1.0819346830010137e-26,1.0819346830010306e-26,1.0819346830010283e-26,1.081934682290298e-26,1.0819346831746697e-26,1.0819346832103385e-26,1.0819346829859251e-26,1.0819346829877433e-26,1.0819346830360874e-26,1.0819346830403156e-26,1.0819346818675338e-26,1.0819346818295265e-26,1.0819346818297297e-26,1.0819346851064897e-26,1.0819346843596787e-26,1.081934684365224e-26,1.081934684327922e-26,1.0819346962685613e-26,1.0819346962685616e-26,1.081934696118659e-26,1.0819346959445012e-26,1.0819346959415051e-26,1.0819346959053106e-26,1.0819346958970889e-26,1.0819346959156871e-26,1.081934695914943e-26,1.0819346960339362e-26,1.0819346960319905e-26,1.0819346960351574e-26,1.0819346960351584e-26,1.081934696033189e-26,1.0819346960331904e-26,1.0819346960345424e-26,1.0819346981808713e-26,1.0819346981835006e-26,1.0819346982219659e-26,1.0819346980627263e-26,1.0819346980627309e-26,1.0819346980627296e-26,1.0819346988984672e-26,1.0819346989016824e-26,1.0819346951911473e-26,1.0819346952484967e-26,1.0819346952484972e-26,1.0819346952484968e-26,1.081934695247913e-26,1.0819346971326408e-26,1.081934697132622e-26,1.0819346844205355e-26,1.081934684420536e-26,1.0819346843813148e-26,1.0819346844651748e-26,1.0819346844652419e-26,1.0819346844651981e-26,1.0819346844667982e-26,1.0819346844714921e-26,1.0819346844715983e-26,1.0819346844498774e-26,1.0819346845063672e-26,1.081934684507447e-26,1.0819346842893452e-26,1.0819346843545004e-26,1.0819346843688324e-26,1.0819346843574353e-26,1.0819346841684366e-26,1.0819346841833816e-26,1.0819346841861907e-26,1.0819346843751764e-26,1.0819346843708852e-26,1.0819346874325917e-26,1.0819346875910146e-26,1.0819346875910154e-26,1.081934687912856e-26,1.0819346871268264e-26,1.081934682952495e-26,1.0819346828882228e-26,1.0819346825290791e-26,1.0819346819405769e-26,1.0819346819369475e-26,1.081934681926178e-26,1.0819346819189661e-26,1.0819346814812265e-26,1.0819346814780112e-26,1.0819346814729777e-26,1.0819346814729774e-26,1.0819346814730963e-26,1.0819346813865975e-26,1.0819346836638258e-26,1.08193468369054e-26,1.081934683690479e-26,1.0819346836904737e-26,1.0819346818228359e-26,1.0819346818228167e-26,1.0819346818221748e-26,1.0819346818527067e-26,1.081934681852707e-26,1.0819346818572409e-26,1.0819346818089765e-26,1.0819346818175586e-26,1.081934681805172e-26,1.0819346818181577e-26,1.0819346811680904e-26,1.0819346811154388e-26,1.0819346823002472e-26,1.0819346822992119e-26,1.081934682299211e-26,1.0819346839133696e-26,1.081934683913655e-26,1.081934683791966e-26,1.0819346837947506e-26,1.0819346843979332e-26,1.0819346843979965e-26,1.081934684402328e-26,1.0819346843996578e-26,1.0819346843996614e-26,1.0819350397749703e-26,1.0819350397746278e-26,1.0819350397746281e-26,1.081935039734048e-26,1.0819350397492066e-26,1.081935039749205e-26,1.0819350397104962e-26,1.0819350397104601e-26,1.081935039715175e-26,1.0819350397235307e-26,1.081935039724862e-26,1.0819350397302957e-26,1.0819350404600332e-26,1.0819350404460433e-26,1.0819350412314051e-26,1.0819350413546187e-26,1.0819350413409854e-26,1.0819350412668585e-26,1.0819350412668444e-26,1.0819350865850639e-26,1.081935086569292e-26,1.0819350860570613e-26,1.0819350860915557e-26,1.0819350861193559e-26,1.08193507992116e-26,1.0819350764133194e-26,1.0819350764135643e-26,1.0819350763615497e-26,1.0819350763609222e-26,1.0819350763609225e-26,1.0819350763472112e-26,1.0819350761498573e-26,1.0819350761498571e-26,1.0819350675934685e-26,1.0819350675931163e-26,1.0819350675930333e-26,1.0819350675938005e-26,1.0819350675938004e-26,1.0819350675941968e-26,1.0819350675941981e-26,1.081935067594005e-26,1.0819350676644879e-26,1.0819350676631957e-26,1.0819350676233664e-26,1.0819350676236656e-26,1.081935068079984e-26,1.0819350680798818e-26,1.081935068080197e-26,1.0819350680772421e-26,1.081935068075373e-26,1.0819350680821457e-26,1.08193506808215e-26,1.0819350680866545e-26,1.0819350680866588e-26,1.0819350680872897e-26,1.08193506808711e-26,1.0819350680861275e-26,1.0819350681591968e-26,1.0819350682575246e-26,1.0819350682562734e-26,1.0819350682569029e-26,1.0819350682569032e-26,1.0819350682590082e-26,1.0819350683447758e-26,1.081935068269432e-26,1.0819350597956643e-26,1.0819350597956645e-26,1.0819350596104979e-26,1.0819350596114272e-26,1.081935059611417e-26,1.0819350596321618e-26,1.0819350596318485e-26,1.0819350595407845e-26,1.0819350595412003e-26,1.0819350595648243e-26,1.0819350595649048e-26,1.0819350595467342e-26,1.0819350595472732e-26,1.0819350595462085e-26,1.0819350595462511e-26,1.0819350595424076e-26,1.0819350595423623e-26,1.0819350595423623e-26,1.0819350595418506e-26,1.081935059541884e-26,1.081935059541315e-26,1.0819350595412586e-26,1.081935059545612e-26,1.081935059547692e-26,1.0819350595476367e-26,1.0819350595478799e-26,1.0819350595017475e-26,1.0819350595017603e-26,1.0819350595063756e-26,1.0819350595063748e-26,1.0819350595068438e-26,1.0819350595068456e-26,1.0819350595091276e-26,1.081935059514711e-26,1.0819350595129196e-26,1.0819350595219606e-26,1.081935059491951e-26,1.081935059491883e-26,1.0819350594918833e-26,1.0819350595195255e-26,1.0819350595195954e-26,1.0819350595212873e-26,1.0819350595213314e-26,1.0819350595221912e-26,1.0819350595064406e-26,1.081935059509182e-26,1.0819350595036348e-26,1.081935059503635e-26,1.0819350595051207e-26,1.0819350594604168e-26,1.0819350594583885e-26,1.0819350594587593e-26,1.0819350597677705e-26,1.0819350597677707e-26,1.0819350597602337e-26,1.0819350597640421e-26,1.081935059756535e-26,1.0819350597565349e-26,1.0819350597565352e-26,1.0819350597444709e-26,1.0819350599075067e-26,1.0819350600068596e-26,1.0819350600726484e-26,1.0819350600767839e-26,1.0819350601281481e-26,1.0819350601256314e-26,1.0819350518846919e-26,1.0819350520085757e-26,1.0819350520085767e-26,1.0819350519725859e-26,1.0819350519723652e-26,1.0819350519753687e-26,1.0819350519840181e-26,1.0819350516246578e-26,1.0819350516166932e-26,1.0819350517140796e-26,1.081935051714501e-26,1.0819350517105673e-26,1.0819350517107101e-26,1.081935051667471e-26,1.0819350515454541e-26,1.0819350515440093e-26,1.0819350515398256e-26,1.0819350515492043e-26,1.0819350515492056e-26,1.0819350515501896e-26,1.0819350515766814e-26,1.0819350515009287e-26,1.0819350515123314e-26,1.0819350515079734e-26,1.0819350515195192e-26,1.0819350514187052e-26,1.081935051419491e-26,1.0819350301522693e-26,1.081935030162906e-26,1.0819350301629124e-26,1.0819350299977235e-26,1.0819350299977684e-26,1.0819350299977684e-26,1.0819350299955342e-26,1.0819350299552778e-26,1.081935029954481e-26,1.0819350299544814e-26,1.0819350303381436e-26,1.0819350303473511e-26,1.0819350301965248e-26,1.0819350301895143e-26,1.0819350301393454e-26,1.0819350301542381e-26,1.0819350301576541e-26,1.0819350260596695e-26,1.0819350262153266e-26,1.0819350262415089e-26,1.0819350262249105e-26,1.0819352381046226e-26,1.0819352383069823e-26,1.0819352384581188e-26,1.0819352111695926e-26,1.0819352111695926e-26,1.081935211169595e-26,1.0819352111695941e-26,1.0819352118084657e-26,1.0819352115635043e-26,1.0819352127856344e-26,1.0819352125402775e-26,1.0819352124349817e-26,1.0819352124447148e-26,1.081935212444711e-26,1.0819352128410738e-26,1.0819352128415465e-26,1.0819352128469639e-26,1.0819352141936086e-26,1.0819352139092081e-26,1.0819352139092005e-26,1.0819352140813555e-26,1.0819352140791543e-26,1.0819352139909727e-26,1.0819352139928002e-26,1.0819352140965241e-26,1.0819352140560089e-26,1.0819352124104085e-26,1.0819352124121931e-26,1.0819351994467789e-26,1.081935199420452e-26,1.081935199382599e-26,1.0819351998029503e-26,1.0819351998038724e-26,1.0819351998036537e-26,1.0819351998036636e-26,1.0819351998036632e-26,1.0819351998036629e-26,1.0819351998036645e-26,1.0819351998036646e-26,1.0819351993853462e-26,1.0819351992342455e-26,1.0819351992239864e-26,1.0819351992301757e-26,1.0819351992304778e-26,1.0819351992341086e-26,1.0819351993282664e-26,1.0819351993282696e-26,1.0819351993322332e-26,1.0819351973604408e-26,1.0819351973691316e-26,1.0819351974970014e-26,1.0819351970797426e-26,1.0819351981717698e-26,1.0819351983929275e-26,1.0819351983929246e-26,1.0819351983929249e-26,1.0819351983928975e-26,1.0819351974622333e-26,1.0819350863327375e-26,1.0819350869355167e-26,1.0819350869355048e-26,1.0819350869356025e-26,1.0819350869089494e-26,1.0819350869089496e-26,1.081935086766311e-26,1.0819350867663958e-26,1.0819350867990585e-26,1.0819350867991013e-26,1.0819350868074043e-26,1.0819350868072613e-26,1.0819350868071495e-26,1.0819350870558647e-26,1.081935087055864e-26,1.081935087053345e-26,1.0819350870532287e-26,1.0819350870141117e-26,1.0819350870139607e-26,1.0819350870139606e-26,1.0819350873338199e-26,1.08193508733382e-26,1.0819350873338839e-26,1.0819350873338829e-26,1.0819350873354682e-26,1.0819350873354679e-26,1.081935087383717e-26,1.0819350873837168e-26,1.0819350880143348e-26,1.0819350878898775e-26,1.0819350878898774e-26,1.0819350819244249e-26,1.0819350819244245e-26,1.0819350818505521e-26,1.081935081775163e-26,1.0819350817763277e-26,1.0819350817779196e-26,1.0819350817779199e-26,1.0819350817781079e-26,1.0819350817781076e-26,1.0819350824696979e-26,1.0819350824617969e-26,1.0819350824617884e-26,1.0819350820946332e-26,1.0819350820946578e-26,1.08193508209466e-26,1.081935082107538e-26,1.0819350821108538e-26,1.0819350821098762e-26,1.0819350817888902e-26,1.0819350832704068e-26,1.0819350831150641e-26,1.0819350831145979e-26,1.0819350827764157e-26,1.0819350826640974e-26,1.0819350826642113e-26,1.0819350843585708e-26,1.0819350844186902e-26,1.081935084310874e-26,1.0819350813750051e-26,1.0819350813750059e-26,1.0819350810268292e-26,1.0819350810268291e-26,1.0819350810268312e-26,1.0819350811982412e-26,1.081935081215749e-26,1.0819350812182207e-26,1.0819350812186998e-26,1.0819351339583226e-26,1.0819351339118012e-26,1.0819351348636354e-26,1.0819351348519612e-26,1.0819348038723254e-26,1.0819348038720201e-26,1.0819348037738124e-26,1.0819348051884968e-26,1.0819348051867269e-26,1.0819348051827358e-26,1.0819348058987967e-26,1.0819348058987965e-26,1.0819348059277414e-26,1.0819348059277415e-26,1.0819348073111662e-26,1.0819348073108439e-26,1.0819348073108429e-26,1.0819348073524005e-26,1.0819348079640865e-26,1.0819348079640859e-26,1.081934807963912e-26,1.0819348079639117e-26,1.0819348079639118e-26,1.0819348079639121e-26,1.0819348079640008e-26,1.0819348079638722e-26,1.0819348079638728e-26,1.0819348079638761e-26,1.0819348079638557e-26,1.081934807962157e-26,1.0819348079621579e-26,1.08193480796216e-26,1.0819348079585806e-26,1.0819348079767882e-26,1.0819348079767715e-26,1.0819347824543227e-26,1.081934782342657e-26,1.0819347823618634e-26,1.081934782356832e-26,1.0819347823537935e-26,1.081934782558898e-26,1.0819347824462691e-26,1.0819347824441555e-26,1.0819347824441285e-26,1.0819347824441289e-26,1.0819347824938929e-26,1.0819347824933034e-26,1.081934782493317e-26,1.081934782493305e-26,1.0819347824939346e-26,1.0819347828636392e-26,1.0819347828635444e-26,1.0819347828547604e-26,1.0819347828113485e-26,1.0819347828113758e-26,1.0819347827516942e-26,1.0819347827241405e-26,1.0819347827241336e-26,1.0819347827201134e-26,1.081934782719824e-26,1.0819347827192442e-26,1.0819347827190326e-26,1.0819347827189297e-26,1.0819347827186228e-26,1.0819347827186129e-26,1.0819347827132625e-26,1.0819347898706891e-26,1.081934789798074e-26,1.0819347901480461e-26,1.0819347902339427e-26,1.0819347901868788e-26,1.0819347904923846e-26,1.0819347904911394e-26,1.0819347904911395e-26,1.081934790491139e-26,1.0819347904922171e-26,1.0819347904922176e-26,1.0819347904921233e-26,1.0819347904914961e-26,1.0819347904892784e-26,1.081934790178311e-26,1.0819347900739537e-26,1.081934789997871e-26,1.0819347915777438e-26,1.0819347915777449e-26,1.0819347915854955e-26,1.0819347914727404e-26,1.0819347876013662e-26,1.0819347875018155e-26,1.0819347875048439e-26,1.0819347864475667e-26,1.0819347864432904e-26,1.0819347864432903e-26,1.0819347855283022e-26,1.0819347865833215e-26,1.0819347865782065e-26,1.0819347865801932e-26,1.0819347865844746e-26,1.0819347869990064e-26,1.0819347869990065e-26,1.0819347864380592e-26,1.0819347864407327e-26,1.0819347864616014e-26,1.0819347865357955e-26,1.0819347869515967e-26,1.081934786950893e-26,1.0819347869511364e-26,1.0819347869401e-26,1.081934786940079e-26,1.0819347869406563e-26,1.0819347869364238e-26,1.0819347869407293e-26,1.0819347869546638e-26,1.0819347871654127e-26,1.0819347871531554e-26,1.081934787142451e-26,1.0819347871445025e-26,1.0819347866848074e-26,1.0819347866848074e-26,1.0819347864216444e-26,1.0819348856824105e-26,1.0819348859309568e-26,1.0819348859284235e-26,1.0819348859284235e-26,1.0819348857492809e-26,1.0819348857486851e-26,1.0819348857486845e-26,1.081934885723603e-26,1.0819348855985497e-26,1.0819348855985415e-26,1.081934885730992e-26,1.0819348855991578e-26,1.0819348851023146e-26,1.0819348851006877e-26,1.0819348850946386e-26,1.0819348851612298e-26,1.0819348852428e-26,1.0819348852675156e-26,1.0819348854771393e-26,1.0819348854779904e-26,1.081934885465331e-26,1.0819348854653311e-26,1.0819348870962331e-26,1.0819348870962333e-26,1.0819348872271231e-26,1.0819348872244949e-26,1.0819348872298132e-26,1.0819348872297982e-26,1.0819348872612744e-26,1.0819348872612746e-26,1.0819348872668844e-26
3,0.09572834938139431,0.09572834938139428,0.09572834938139431,0.09572834938139428,0.09572834938139431,0.09572834938139428,0.09572834938139431,0.09572834938139428,0.09572834938139431,0.09572834938139428,0.09572834938139431,0.09572834938139428,0.09572834938139431,0.09572834938139428,0.09572834938139431,0.09572834938139428,0.09572834938139431,0.09572834938139428,0.09572834938139431,0.09572834938139431,0.09572834938139431,0.09572834938139431,0.09572834938139431,0.09572834938139431,0.09572834938139431,0.09572834938139431,0.09572834938139431,0.09572834938139431,0.09572834938139431,0.09572834938139431,0.09572834938139431,0.09572834938139431,0.09572834938139431,0.09572834938139431,0.09572834938139431,0.09572834938139431,0.09572834938139431,0.09572834938139431,0.09572834938139431,0.09572834938139431,0.09572834938139431,0.09572834938139431,0.09572834938139431,0.09572834938139431,0.09572834938139431,0.09572834938139431,0.09572834938139431,0.09572834938139431,0.09572834938139431,0.09572834938139431,0.09572834938139431,0.09572834938139431,0.09572834938139431,0.09572834938139431,0.09572834938139431,0.09572834938139431,0.09572834938139431,0.09572834938139431,0.09572834938139431,0.09572834938139431,0.09572834938139431,0.09572834938139431,0.09572834938139431,0.09572834938139431,0.09572834938139431,0.09572834938139431,0.09572834938139431,0.09572834938139431,0.09572834938139431,0.09572834938139431,0.09572834938139431,0.09572834938139431,0.09572834938139431,0.09572834938139431,0.09572834938139431,0.09572834938139431,0.09572834938139431,0.09572834938139431,0.09572834938139431,0.09572834938139431,0.09572834938139431,0.09572834938139431,0.09572834938139431,0.09572834938139431,0.09572834938139431,0.09572834938139431,0.09572834938139431,0.09572834938139431,0.09572834938139431,0.09572834938139431,0.09572834938139431,0.09572834938139431,0.09572834938139431,0.09572834938139431,0.09572834938139431,0.09572834938139431,0.09572834938139431,0.09572834938139431,0.09572834938139431,0.09572834938139431,0.09572834938139431,0.09572834938139431,0.09572834938139431,0.09572834938139431,0.09572834938139431,0.09572834938139431,0.09572834938139431,0.09572834938139431,0.09572834938139431,0.09572834938139431,0.09572834938139431,0.09572834938139431,0.09572834938139431,0.09572834938139431,0.09572834938139431,0.09572834938139431,0.09572834938139431,0.09572834938139431,0.09572834938139431,0.09572834938139431,0.09572834938139431,0.09572834938139431,0.09572834938139431,0.09572834938139431,0.09572834938139431,0.09572834938139431,0.09572834938139431,0.09572834938139431,0.09572834938139431,0.09572834938139431,0.09572834938139431,0.09572834938139431,0.09572834938139431,0.09572834938139431,0.09572834938139431,0.09572834938139431,0.09572834938139431,0.09572834938139431,0.09572834938139431,0.09572834938139431,0.09572834938139431,0.09572834938139431,0.09572834938139431,0.09572834938139431,0.09572834938139431,0.09572834938139431,0.09572834938139431,0.09572834938139431,0.09572834938139431,0.09572834938139431,0.09572834938139431,0.09572834938139431,0.09572834938139431,0.09572834938139431,0.09572834938139431,0.09572834938139431,0.09572834938139431,0.09572834938139431,0.09572834938139431,0.09572834938139431,0.09572834938139431,0.09572834938139431,0.09572834938139431,0.09572834938139431,0.09572834938139431,0.09572834938139431,0.09572834938139431,0.09572834938139431,0.09572834938139431,0.09572834938139431,0.09572834938139431,0.09572834938139431,0.09572834938139431,0.09572834938139431,0.09572834938139431,0.09572834938139431,0.09572834938139431,0.09572834938139431,0.09572834938139431,0.09572834938139431,0.09572834938139431,0.09572834938139431,0.09572834938139431,0.09572834938139431,0.09572834938139431,0.09572834938139431,0.09572834938139431,0.09572834938139431,0.09572834938139431,0.09572834938139431,0.09572834938139431,0.09572834938139431,0.09572834938139431,0.09572834938139431,0.09572834938139431,0.09572834938139431,0.09572834938139431,0.09572834938139431,0.09572834938139431,0.09572834938139431,0.09572834938139431,0.09572834938139431,0.09572834938139431,0.09572834938139431,0.09572834938139431,0.09572834938139431,0.09572834938139431,0.09572834938139431,0.09572834938139431,0.09572834938139431,0.09572834938139431,0.09572834938139431,0.09572834938139431,0.09572834938139431,0.09572834938139431,0.09572834938139431,0.09572834938139431,0.09572834938139431,0.09572834938139431,0.09572834938139431,0.09572834938139431,0.09572834938139431,0.09572834938139431,0.09572834938139431,0.09572834938139431,0.09572834938139431,0.09572834938139431,0.09572834938139431,0.09572834938139431,0.09572834938139431,0.09572834938139431,0.09572834938139431,0.09572834938139431,0.09572834938139431,0.09572834938139431,0.09572834938139431,0.09572834938139431,0.09572834938139431,0.09572834938139431,0.09572834938139431,0.09572834938139431,0.09572834938139431,0.09572834938139431,0.09572834938139431,0.09572834938139431,0.09572834938139431,0.09572834938139431,0.09572834938139431,0.09572834938139431,0.09572834938139431,0.09572834938139431,0.09572834938139431,0.09572834938139431,0.09572834938139431,0.09572834938139431,0.09572834938139431,0.09572834938139431,0.09572834938139431,0.09572834938139431,0.09572834938139431,0.09572834938139431,0.09572834938139431,0.09572834938139431,0.09572834938139431,0.09572834938139431,0.09572834938139431,0.09572834938139431,0.09572834938139431,0.09572834938139431,0.09572834938139431,0.09572834938139431,0.09572834938139431,0.09572834938139431,0.09572834938139431,0.09572834938139431,0.09572834938139431,0.09572834938139431,0.09572834938139431,0.09572834938139431,0.09572834938139431,0.09572834938139431,0.09572834938139431,0.09572834938139431,0.09572834938139431,0.09572834938139431,0.09572834938139431,0.09572834938139431,0.09572834938139431,0.09572834938139431,0.09572834938139431,0.09572834938139431,0.09572834938139431,0.09572834938139431,0.09572834938139431,0.09572834938139431,0.09572834938139431,0.09572834938139431,0.09572834938139431,0.09572834938139431,0.09572834938139431,0.09572834938139431,0.09572834938139431,0.09572834938139431,0.09572834938139431,0.09572834938139431,0.09572834938139431,0.09572834938139431,0.09572834938139431,0.09572834938139431,0.09572834938139431,0.09572834938139431,0.09572834938139431,0.09572834938139431,0.09572834938139431,0.09572834938139431,0.09572834938139431,0.09572834938139431,0.09572834938139431,0.09572834938139431,0.09572834938139431,0.09572834938139431,0.09572834938139431,0.09572834938139431,0.09572834938139431,0.09572834938139431,0.09572834938139431,0.09572834938139431,0.09572834938139431,0.09572834938139431,0.09572834938139431,0.09572834938139431,0.09572834938139431,0.09572834938139431,0.09572834938139431,0.09572834938139431,0.09572834938139431,0.09572834938139431,0.09572834938139431,0.09572834938139431,0.09572834938139431,0.09572834938139431,0.09572834938139431,0.09572834938139431,0.09572834938139431,0.09572834938139431,0.09572834938139431,0.09572834938139431,0.09572834938139431,0.09572834938139431,0.09572834938139431,0.09572834938139431,0.09572834938139431,0.09572834938139431,0.09572834938139431,0.09572834938139431,0.09572834938139431,0.09572834938139431,0.09572834938139431,0.09572834938139431,0.09572834938139431,0.09572834938139431,0.09572834938139431,0.09572834938139431,0.09572834938139431,0.09572834938139431,0.09572834938139431,0.09572834938139431,0.09572834938139431,0.09572834938139431,0.09572834938139431,0.09572834938139431,0.09572834938139431,0.09572834938139431,0.09572834938139431,0.09572834938139431,0.09572834938139431,0.09572834938139431,0.09572834938139431,0.09572834938139431,0.09572834938139431,0.09572834938139431,0.09572834938139431,0.09572834938139431,0.09572834938139431,0.09572834938139431,0.09572834938139431,0.09572834938139431,0.09572834938139431,0.09572834938139431,0.09572834938139431,0.09572834938139431,0.09572834938139431,0.09572834938139431,0.09572834938139431,0.09572834938139431,0.09572834938139431,0.09572834938139431,0.09572834938139431,0.09572834938139431,0.09572834938139431,0.09572834938139431,0.09572834938139431,0.09572834938139431,0.09572834938139431,0.09572834938139431,0.09572834938139431,0.09572834938139431,0.09572834938139431,0.09572834938139431,0.09572834938139431,0.09572834938139431,0.09572834938139431,0.09572834938139431,0.09572834938139431,0.09572834938139431,0.09572834938139431,0.09572834938139431,0.09572834938139431,0.09572834938139431,0.09572834938139431,0.09572834938139431,0.09572834938139431,0.09572834938139431,0.09572834938139431,0.09572834938139431,0.09572834938139431,0.09572834938139431,0.09572834938139431,0.09572834938139431,0.09572834938139431,0.09572834938139431,0.09572834938139431,0.09572834938139431,0.09572834938139431,0.09572834938139431,0.09572834938139431,0.09572834938139431,0.09572834938139431,0.09572834938139431,0.09572834938139431,0.09572834938139431,0.09572834938139431,0.09572834938139431,0.09572834938139431,0.09572834938139431,0.09572834938139431,0.09572834938139431,0.09572834938139431,0.09572834938139431,0.09572834938139431,0.09572834938139431,0.09572834938139431,0.09572834938139431,0.09572834938139431,0.09572834938139431,0.09572834938139431,0.09572834938139431,0.09572834938139431,0.09572834938139431,0.09572834938139431,0.09572834938139431,0.09572834938139431,0.09572834938139431,0.09572834938139431,0.09572834938139431,0.09572834938139431,0.09572834938139431,0.09572834938139431,0.09572834938139431,0.09572834938139431,0.09572834938139431,0.09572834938139431,0.09572834938139431,0.09572834938139431,0.09572834938139431,0.09572834938139431,0.09572834938139431,0.09572834938139431,0.09572834938139431,0.09572834938139431,0.09572834938139431,0.09572834938139431,0.09572834938139431,0.09572834938139431,0.09572834938139431,0.09572834938139431,0.09572834938139431,0.09572834938139431,0.09572834938139431,0.09572834938139431,0.09572834938139431,0.09572834938139431,0.09572834938139431,0.09572834938139431,0.09572834938139431,0.09572834938139431,0.09572834938139431,0.09572834938139431,0.09572834938139431,0.09572834938139431,0.09572834938139431,0.09572834938139431,0.09572834938139431,0.09572834938139431,0.09572834938139431,0.09572834938139431,0.09572834938139431,0.09572834938139431,0.09572834938139431,0.09572834938139431,0.09572834938139431,0.09572834938139431,0.09572834938139431,0.09572834938139431,0.09572834938139431,0.09572834938139431,0.09572834938139431,0.09572834938139431,0.09572834938139431,0.09572834938139431,0.09572834938139431,0.09572834938139431,0.09572834938139431,0.09572834938139431,0.09572834938139431,0.09572834938139431,0.09572834938139431,0.09572834938139431,0.09572834938139431,0.09572834938139431,0.09572834938139431,0.09572834938139431,0.09572834938139431,0.09572834938139431,0.09572834938139431,0.09572834938139431,0.09572834938139431,0.09572834938139431,0.09572834938139431,0.09572834938139431,0.09572834938139431,0.09572834938139431,0.09572834938139431,0.09572834938139431,0.09572834938139431,0.09572834938139431,0.09572834938139431,0.09572834938139431,0.09572834938139431,0.09572834938139431,0.09572834938139431,0.09572834938139431,0.09572834938139431,0.09572834938139431,0.09572834938139431,0.09572834938139431,0.09572834938139431,0.09572834938139431,0.09572834938139431,0.09572834938139431,0.09572834938139431,0.09572834938139431,0.09572834938139431,0.09572834938139431,0.09572834938139431,0.09572834938139431,0.09572834938139431,0.09572834938139431,0.09572834938139431,0.09572834938139431,0.09572834938139431,0.09572834938139431,0.09572834938139431,0.09572834938139431,0.09572834938139431,0.09572834938139431,0.09572834938139431,0.09572834938139431,0.09572834938139431,0.09572834938139431,0.09572834938139431,0.09572834938139431,0.09572834938139431,0.09572834938139431,0.09572834938139431,0.09572834938139431,0.09572834938139431,0.09572834938139431,0.09572834938139431,0.09572834938139431,0.09572834938139431,0.09572834938139431,0.09572834938139431,0.09572834938139431,0.09572834938139431,0.09572834938139431,0.09572834938139431,0.09572834938139431,0.09572834938139431,0.09572834938139431,0.09572834938139431,0.09572834938139431,0.09572834938139431,0.09572834938139431,0.09572834938139431,0.09572834938139431,0.09572834938139431,0.09572834938139431,0.09572834938139431,0.09572834938139431,0.09572834938139431,0.09572834938139431,0.09572834938139431,0.09572834938139431,0.09572834938139431,0.09572834938139431,0.09572834938139431,0.09572834938139431,0.09572834938139431,0.09572834938139431,0.09572834938139431,0.09572834938139431,0.09572834938139431,0.09572834938139431,0.09572834938139431,0.09572834938139431,0.09572834938139431,0.09572834938139431,0.09572834938139431,0.09572834938139431,0.09572834938139431,0.09572834938139431,0.09572834938139431,0.09572834938139431,0.09572834938139431,0.09572834938139431,0.09572834938139431,0.09572834938139431,0.09572834938139431,0.09572834938139431,0.09572834938139431,0.09572834938139431,0.09572834938139431,0.09572834938139431,0.09572834938139431,0.09572834938139431,0.09572834938139431,0.09572834938139431,0.09572834938139431,0.09572834938139431,0.09572834938139431,0.09572834938139431,0.09572834938139431,0.09572834938139431,0.09572834938139431,0.09572834938139431,0.09572834938139431,0.09572834938139431,0.09572834938139431,0.09572834938139431,0.09572834938139431,0.09572834938139431,0.09572834938139431,0.09572834938139431,0.09572834938139431,0.09572834938139431,0.09572834938139431,0.09572834938139431,0.09572834938139431,0.09572834938139431,0.09572834938139431,0.09572834938139431,0.09572834938139431,0.09572834938139431,0.09572834938139431,0.09572834938139431,0.09572834938139431,0.09572834938139431,0.09572834938139431,0.09572834938139431,0.09572834938139431,0.09572834938139431,0.09572834938139431,0.09572834938139431,0.09572834938139431,0.09572834938139431,0.09572834938139431,0.09572834938139431,0.09572834938139431,0.09572834938139431,0.09572834938139431,0.09572834938139431,0.09572834938139431,0.09572834938139431,0.09572834938139431,0.09572834938139431,0.09572834938139431,0.09572834938139431,0.09572834938139431,0.09572834938139431,0.09572834938139431,0.09572834938139431,0.09572834938139431,0.09572834938139431,0.09572834938139431,0.09572834938139431,0.09572834938139431,0.09572834938139431,0.09572834938139431,0.09572834938139431,0.09572834938139431,0.09572834938139431,0.09572834938139431,0.09572834938139431,0.09572834938139431,0.09572834938139431,0.09572834938139431,0.09572834938139431,0.09572834938139431,0.09572834938139431,0.09572834938139431,0.09572834938139431,0.09572834938139431,0.09572834938139431,0.09572834938139431,0.09572834938139431,0.09572834938139431,0.09572834938139431,0.09572834938139431,0.09572834938139431,0.09572834938139431,0.09572834938139431,0.09572834938139431,0.09572834938139431,0.09572834938139431,0.09572834938139431,0.09572834938139431,0.09572834938139431,0.09572834938139431,0.09572834938139431,0.09572834938139431,0.09572834938139431,0.09572834938139431,0.09572834938139431,0.09572834938139431,0.09572834938139431,0.09572834938139431,0.09572834938139431,0.09572834938139431,0.09572834938139431,0.09572834938139431,0.09572834938139431,0.09572834938139431,0.09572834938139431,0.09572834938139431,0.09572834938139431,0.09572834938139431,0.09572834938139431,0.09572834938139431,0.09572834938139431,0.09572834938139431,0.09572834938139431,0.09572834938139431,0.09572834938139431,0.09572834938139431,0.09572834938139431,0.09572834938139431,0.09572834938139431,0.09572834938139431,0.09572834938139431,0.09572834938139431,0.09572834938139431,0.09572834938139431,0.09572834938139431,0.09572834938139431,0.09572834938139431,0.09572834938139431,0.09572834938139431,0.09572834938139431,0.09572834938139431,0.09572834938139431,0.09572834938139431,0.09572834938139431,0.09572834938139431,0.09572834938139431,0.09572834938139431,0.09572834938139431,0.09572834938139431,0.09572834938139431,0.09572834938139431,0.09572834938139431,0.09572834938139431,0.09572834938139431,0.09572834938139431,0.09572834938139431,0.09572834938139431,0.09572834938139431,0.09572834938139431,0.09572834938139431,0.09572834938139431,0.09572834938139431,0.09572834938139431,0.09572834938139431,0.09572834938139431,0.09572834938139431,0.09572834938139431,0.09572834938139431,0.09572834938139431,0.09572834938139431,0.09572834938139431,0.09572834938139431,0.09572834938139431,0.09572834938139431,0.09572834938139431,0.09572834938139431,0.09572834938139431,0.09572834938139431,0.09572834938139431,0.09572834938139431,0.09572834938139431,0.09572834938139431,0.09572834938139431,0.09572834938139431,0.09572834938139431,0.09572834938139431,0.09572834938139431,0.09572834938139431,0.09572834938139431,0.09572834938139431,0.09572834938139431,0.09572834938139431,0.09572834938139431,0.09572834938139431,0.09572834938139431,0.09572834938139431,0.09572834938139431,0.09572834938139431,0.09572834938139431,0.09572834938139431,0.09572834938139431,0.09572834938139431,0.09572834938139431,0.09572834938139431,0.09572834938139431,0.09572834938139431,0.09572834938139431,0.09572834938139431,0.09572834938139431,0.09572834938139431,0.09572834938139431,0.09572834938139431,0.09572834938139431,0.09572834938139431,0.09572834938139431,0.09572834938139431,0.09572834938139431,0.09572834938139431,0.09572834938139431,0.09572834938139431,0.09572834938139431,0.09572834938139431,0.09572834938139431,0.09572834938139431,0.09572834938139431,0.09572834938139431,0.09572834938139431,0.09572834938139431,0.09572834938139431,0.09572834938139431,0.09572834938139431,0.09572834938139431,0.09572834938139431,0.09572834938139431,0.09572834938139431,0.09572834938139431,0.09572834938139431,0.09572834938139431,0.09572834938139431,0.09572834938139431,0.09572834938139431,0.09572834938139431,0.09572834938139431,0.09572834938139431,0.09572834938139431,0.09572834938139431,0.09572834938139431,0.09572834938139431,0.09572834938139431,0.09572834938139431,0.09572834938139431,0.09572834938139431,0.09572834938139431,0.09572834938139431,0.09572834938139431,0.09572834938139431,0.09572834938139431,0.09572834938139431,0.09572834938139431,0.09572834938139431,0.09572834938139431,0.09572834938139431,0.09572834938139431,0.09572834938139431,0.09572834938139431,0.09572834938139431,0.09572834938139431,0.09572834938139431,0.09572834938139431,0.09572834938139431,0.09572834938139431,0.09572834938139431,0.09572834938139431,0.09572834938139431,0.09572834938139431,0.09572834938139431,0.09572834938139431,0.09572834938139431,0.09572834938139431,0.09572834938139431,0.09572834938139431,0.09572834938139431,0.09572834938139431,0.09572834938139431,0.09572834938139431,0.09572834938139431,0.09572834938139431,0.09572834938139431,0.09572834938139431,0.09572834938139431,0.09572834938139431,0.09572834938139431,0.09572834938139431,0.09572834938139431,0.09572834938139431,0.09572834938139431,0.09572834938139431,0.09572834938139431,0.09572834938139431,0.09572834938139431,0.09572834938139431,0.09572834938139431,0.09572834938139431,0.09572834938139431,0.09572834938139431,0.09572834938139431,0.09572834938139431,0.09572834938139431,0.09572834938139431,0.09572834938139431,0.09572834938139431,0.09572834938139431,0.09572834938139431,0.09572834938139431,0.09572834938139431,0.09572834938139431,0.09572834938139431,0.09572834938139431,0.09572834938139431,0.09572834938139431,0.09572834938139431,0.09572834938139431,0.09572834938139431,0.09572834938139431,0.09572834938139431,0.09572834938139431,0.09572834938139431,0.09572834938139431,0.09572834938139431,0.09572834938139431,0.09572834938139431,0.09572834938139431,0.09572834938139431,0.09572834938139431,0.09572834938139431,0.09572834938139431,0.09572834938139431,0.09572834938139431,0.09572834938139431,0.09572834938139431,0.09572834938139431,0.09572834938139431,0.09572834938139431,0.09572834938139431,0.09572834938139431,0.09572834938139431,0.09572834938139431,0.09572834938139431,0.09572834938139431,0.09572834938139431,0.09572834938139431,0.09572834938139431,0.09572834938139431,0.09572834938139431,0.09572834938139431,0.09572834938139431,0.09572834938139431,0.09572834938139431,0.09572834938139431,0.09572834938139431,0.09572834938139431,0.09571542120826064,0.09570212199348235,0.0956884324498844,0.09567433150426095,0.09565979622429713,0.09564480168351652,0.09562932077724383,0.09561332399495452,0.09559677914943711,0.09557965105973576,0.09556190118211291,0.09554348718080612,0.09552436242780904,0.0955044754180069,0.09548376908252124,0.0954621799787441,0.09543963733000496,0.09541606188063304,0.09539136452278549,0.09536544463903236,0.09533818808814626,0.09530946473926252,0.09527912542922302,0.09524699817599311,0.09521288342260051,0.09517654800321101,0.09513771740403046,0.09509606571807513,0.09505120243499933,0.09500265481687255,0.09494984400781149,0.09489205207245861,0.09482837561472778,0.09475765905913043,0.09467839627233103,0.09458858140385319,0.09448547553429822,0.09436522859497114,0.09422224284612869,0.09404805790832436,0.09382933016224113,0.09354415055397237,0.09315602673375814,0.09260958313493768,0.09185374945526842,0.09091624153786727,0.08991671397001005,0.0889684664675894,0.08812650702681911,0.08740245942473121,0.0867880640402901,0.08626870140918015,0.08582922464711548,0.08545602400129289,0.0851375215483141,0.08486407516116187,0.08462768560236442,0.084421651850115,0.08424022185823565,0.0840782641994265,0.08393102895446511,0.08379413634264957,0.08366384624242733,0.08353737468293926,0.08341296979524945,0.08328973659084139,0.08316736958531508,0.08304591320610012,0.08292558915215817,0.08280668650275562,0.08268949844265322,0.0825742914805447,0.08246130733027131,0.08236461655731316,0.08227168214848299,0.08218121616191736,0.0820926115644525,0.08200559353914419,0.08192002312551097,0.08183581686407085,0.08175291524478154,0.08167127042552558,0.08159084128417647,0.08151159123276312,0.08143348709695411,0.0813564984377038,0.08128059708204165,0.08120575677035329,0.08113195287879382,0.08105916219525912,0.08098736273582836,0.0809165335928044,0.0808466548079144,0.08077770726581164,0.08070967260412365,0.08064253313709696,0.08057627179049393,0.08051087204585772,0.08044631789261895,0.08038259378679809,0.0803196846152779,0.08025757566479813,0.08019625259496667,0.08013570141469584,0.08007590846156877,0.08001686038371553,0.07995854412384579,0.07990094690513518,0.07984405621870916,0.07978785981250412,0.07973234568131767,0.07967750205788651,0.07962331740485276,0.0795697804074986,0.07951687996714657,0.07946460519513605,0.07941294540729833,0.07936189011886405,0.07931142903974563,0.07926155207014389,0.07921224929643632,0.07916351098730974,0.07911532759010413,0.0790676897273412,0.07902058819341207,0.07897401395140433,0.07892795813004988,0.07888241202077904,0.07883736707486658,0.07879281490065933,0.07874874726087507,0.078705156069965,0.0786620333915322,0.07861937143580087,0.07857716255713064,0.07853539925157242,0.07849407415446195,0.07845318003804813,0.07841270980915434,0.07837265650686996,0.07833301330027138,0.07829377348617059,0.07825493048689111,0.07821647784806986,0.07817840923648518,0.07814071843790947,0.078103399354988,0.07806644600514172,0.07802985251849569,0.07799361313583232,0.0779577222065695,0.07792217418676414,0.07788696363714091,0.07785208522114631,0.07781753370302855,0.07778330394594318,0.0777493909100847,0.077715789650844,0.07768249531699224,0.07764950314889132,0.07761680847673019,0.07758440671878832,0.07755229337972544,0.077520464048898,0.0774889143987023,0.07745764018294433,0.07742663723523613,0.07739590146741893,0.07736542886801259,0.07733521550069175,0.07730525750278786,0.07727555108381796,0.07724609252403906,0.0772168781730285,0.07718790444829011,0.07715916783388577,0.07713066487909201,0.07710239219708223,0.077074346463633,0.0770465244158554,0.07701892285095036,0.07699153862498809,0.07696436865171115,0.07693740990136108,0.07691065939952776,0.07688411422602205,0.07685777151377045,0.07683162844773214,0.07680568226383801,0.07677993024795066,0.07675436973484602,0.07672899810721578,0.07670381279469009,0.07667881127288037,0.07665399106244232,0.07662934972815805,0.07660488487803743,0.07658059416243845,0.07655647527320551,0.07653252594282657,0.07650874394360739,0.07648512708686382,0.07646167322213074,0.07643838023638812,0.07641524605330337,0.07639226863248998,0.07636944596878209,0.07634677609152407,0.07632425706387622,0.0763018869821343,0.07627966397506451,0.07625758620325264,0.07623565185846666,0.0762138591630338,0.07619220636923058,0.07617069175868602,0.0761493136417981,0.07612807035716236,0.07610696027101307,0.0760859817766764,0.07606513329403557,0.07604441326900724,0.07602382017302961,0.0760033525025611,0.07598300877859024,0.07596278754615618,0.07594268737387905,0.07592270685350093,0.07590284459943668,0.07588309924833421,0.07586346945864435,0.07584395391019998,0.07582455130380421,0.07580526036082731,0.07578607982281256,0.07576700845109022,0.0757480450263999,0.07572918834852119,0.07571043723591181,0.07569179052535399,0.07567324707160782,0.0756548057470724,0.07563646544145418,0.07561822506144203,0.07560008353038963,0.0755820397880042,0.0755640927900421,0.07554624150801066,0.07552848492887672,0.07551082205478041,0.07549325190275608,0.07547577350445824,0.07545838590589368,0.07544108816715903,0.07542387936218367,0.07540675857847849,0.07538972491688943,0.07537277749135603,0.07535591542867566,0.07533913786819822,0.07532244396182872,0.07530583287356364,0.07528930377936315,0.07527285586693663,0.07525648833553314,0.07524020039573703,0.07522399126926796,0.0752078601887848,0.07519180639769373,0.07517582914996043,0.07515992770992537,0.07514410135212378,0.07512834936110843,0.0751126710312766,0.07509706566670013,0.07508153258095895,0.07506607109697816,0.07505068054686809,0.07503536027176769,0.07502010962169106,0.07500492795537678,0.07498981464014072,0.07497476905173119,0.07495979057418731,0.07494487859969995,0.07493003252847574,0.0749152517686032,0.07490053573592212,0.07488588385389475,0.07487129555348036,0.07485677027301137,0.07484230745807245,0.07482790656138176,0.07481356704267463,0.07479928836858901,0.07478507001255372,0.07477091145467857,0.07475681218164625,0.07474277168660699,0.07472878946907455,0.07471486503482459,0.0747009978957947,0.07468718756998657,0.07467343358136969,0.07465973545978724,0.07464609274086331,0.07463250496591217,0.07461897168184917,0.0746054924411032,0.07459206680153076,0.07457869432633171,0.07456537458396671,0.07455210714807574,0.07453889159739856,0.07452572751569628,0.07451261449167489,0.0744995521189093,0.07448653999576972,0.0744735777253487,0.07446066491538976,0.0744478011782173,0.07443498613066782,0.07442221939402208,0.07440950059393882,0.07439682936038942,0.0743842053275941,0.07437162813395858,0.07435909742201258,0.07434661283834887,0.07433417403356386,0.07432178066219865,0.0743094323826818,0.0742971288572724,0.07428486975200471,0.07427265473663361,0.07426048348458063,0.07424835567288131,0.07423627098213358,0.07422422909644653,0.07421222970339048,0.07420027249394766,0.07418835716246397,0.07417648340660132,0.07416465092729096,0.07415285942868756,0.07414110861812387,0.07412939820606641,0.07411772790607196,0.07410609743474438,0.07409450651169246,0.07408295485948854,0.07407144220362763,0.07405996827248718,0.07404853279728774,0.07403713551205404,0.07402577615357679,0.0740144544613754,0.07400317017766066,0.07399192304729849,0.07398071281777453,0.0739695392391586,0.07395840206407024,0.07394730104764478,0.07393623594749969,0.07392520652370178,0.07391421253873486,0.07390325375746748,0.07389232994712205,0.07388144087724355,0.0738705863196694,0.07385976604849942,0.0738489798400665,0.0738382274729076,0.07382750872773504,0.07381682338740883,0.07380617123690875,0.07379555206330721,0.07378496565574248,0.0737744118053925,0.07376389030544873,0.07375340095109065,0.07374294353946072,0.07373251786963951,0.07372212374262141,0.07371176096129049,0.07370142933039704,0.07369112865653411,0.07368085874811484,0.07367061941534948,0.07366041047022351,0.0736502317264757,0.07364008299957626,0.07362996410670604,0.07361987486673516,0.07360981510020265,0.07359978462929612,0.07358978327783158,0.0735798108712341,0.07356986723651797,0.07355995220226778,0.07355006559861961,0.07354020725724231,0.07353037701131929,0.07352057469553058,0.07351080014603482,0.07350105320045201,0.07349133369784595,0.07348164147870753,0.07347197638493784,0.07346233825983167,0.07345272694806107,0.07344314229565953,0.07343358415000609,0.07342405235980962,0.07341454677509356,0.07340506724718075,0.07339561362867862,0.07338618577346408,0.07337678353666932,0.07336740677466748,0.07335805534505839,0.0733487291066547,0.07333942791946813,0.07333015164469607,0.07332090014470809,0.07331167328303277,0.07330247092434475,0.07329329293445208,0.07328413918028329,0.07327500952987516,0.07326590385236043,0.07325682201795553,0.07324776389794876,0.07323872936468852,0.07322971829157161,0.07322073055303172,0.07321176602452821,0.07320282458253496,0.07319390610452922,0.07318501046898084,0.07317613755534162,0.07316728724403454,0.0731584594164434,0.07314965395490271,0.07314087074268712,0.07313210966400188,0.07312337060397252,0.0731146534486353,0.0731059580849276,0.0730972844006782,0.07308863228459812,0.07308000162627123,0.07307139231614512,0.07306280424552211,0.07305423730655027,0.07304569139221463,0.07303716639632861,0.07302866221352541,0.07302017873924932,0.07301171586974772,0.0730032735020626,0.07299485153402242,0.07298644986423425,0.07297806839207568,0.07296970701768692,0.07296136564196333,0.0729530441665474,0.07294474249382155,0.0729364605269005,0.07292819816962402,0.07291995532654946,0.07291173190294477,0.07290352780478143,0.0728953429387272,0.07288717721213961,0.07287903053305862,0.07287090281020044,0.07286279395295044,0.07285470387135667,0.07284663247612352,0.0728385796786051,0.07283054539079913,0.07282252952534027,0.07281453199549441,0.0728065527151523,0.07279859159882346,0.07279064856163038,0.07278272351930251,0.0727748163881704,0.07276692708516015,0.07275905552778743,0.07275120163415205,0.07274336532293242,0.07273554651337986,0.07272774512531353,0.07271996107911465,0.07271219429572157,0.07270444469662424,0.07269671220385927,0.07268899674000477,0.07268129822817511,0.07267361659201611,0.0726659517557001,0.07265830364392097,0.07265067218188932,0.07264305729532788,0.07263545891046651,0.07262787695403779,0.07262031135327225,0.07261276203589395,0.0726052289301159,0.07259771196463558,0.0725902110686306,0.07258272617175436,0.07257525720413176,0.07256780409635476,0.07256036677947851,0.07255294518501695,0.07254553924493864,0.07253814889166303,0.07253077405805602,0.07252341467742633,0.07251607068352146,0.07250874201052361,0.07250142859304616,0.07249413036612962,0.07248684726523806,0.0724795792262552,0.07247232618548079,0.07246508807962722,0.07245786484581546,0.0724506564215719,0.07244346274482466,0.07243628375390024,0.07242911938751972,0.0724219695847958,0.07241483428522925,0.0724077134287054,0.07240060695549123,0.07239351480623164,0.07238643692194667,0.07237937324402796,0.07237232371423587,0.07236528827469617,0.0723582668678969,0.07235125943668555,0.07234426592426577,0.07233728627419465,0.07233032043037949,0.07232336833707492,0.07231642993888027,0.07230950518073632,0.07230259400792265,0.0722956963660549,0.07228881220108176,0.0722819414592825,0.07227508408726392,0.07226824003195803,0.07226140924061897,0.07225459166082072,0.07224778724045437,0.07224099592772533,0.07223421767115112,0.07222745241955862,0.0722207001220815,0.07221396072815801,0.0722072341875282,0.07220052045023163,0.0721938194666051,0.07218713118728007,0.07218045556318024,0.07217379254551949,0.07216714208579933,0.07216050413580673,0.07215387864761183,0.07214726557356557,0.07214066486629764,0.07213407647871431,0.07212750036399593,0.07212093647559521,0.07211438476723472,0.07210784519290507,0.07210131770686248,0.0720948022636271,0.07208829881798065,0.07208180732496455,0.07207532773987767,0.07206886001827478,0.0720624041159641,0.07205595998900566,0.07204952759370929,0.07204310688663247,0.07203669782457897,0.07203030036459623,0.07202391446397427,0.0720175400802432,0.07201117717117189,0.0720048256947657,0.07199848560926508,0.0719921568731437,0.07198583944510636,0.07197953328408789,0.07197323834925066,0.07196695459998356,0.0719606819958999,0.07195442049683587,0.0719481700628488,0.07194193065421553,0.07193570223143102,0.0719294847552063,0.07192327818646717,0.07191708248635265,0.07191089761621314,0.07190472353760911,0.07189856021230956,0.07189240760229022,0.07188626566973241,0.07188013437702127,0.0718740136867443,0.07186790356169007,0.07186180396484651,0.0718557148593998,0.07184963620873247,0.07184356797642247,0.0718375101262414,0.07183146262215331,0.07182542542831326,0.07181939850906591,0.07181338182894426,0.0718073753526683,0.07180137904514348,0.07179539287145977,0.07178941679688984,0.07178345078688836,0.07177749480709011,0.07177154882330924,0.07176561280153768,0.07175968670794391,0.07175377050887187,0.07174786417083968,0.07174196766053831,0.07173608094483049,0.07173020399074946,0.07172433676549789,0.07171847923644653,0.07171263137113308,0.07170679313726123,0.07170096450269929,0.07169514543547915,0.07168933590379517,0.07168353587600293,0.07167774532061837,0.07167196420631648,0.07166619250193022,0.0716604301764497,0.0716546771990207,0.07164893353894403,0.07164319916567409,0.07163747404881812,0.0716317581581352,0.07162605146353479,0.07162035393507624,0.07161466554296757,0.07160898625756432,0.07160331604936886,0.07159765488902911,0.07159200274733782,0.07158635959523152,0.07158072540378944,0.07157510014423271,0.07156948378792342,0.07156387630636353,0.07155827767119419,0.07155268785419458,0.07154710682728121,0.07154153456250681,0.07153597103205961,0.07153041620826235,0.07152487006357149,0.0715193325705763,0.07151380370199786,0.07150828343068842,0.07150277172963043,0.07149726857193571,0.07149177393084465,0.07148628777972522,0.0714808100920725,0.07147534084150746,0.07146988000177637,0.07146442754675003,0.07145898345042273,0.07145354768691176,0.07144812023045655,0.0714427010554176,0.07143729013627624,0.07143188744763326,0.07142649296420875,0.07142110666084078,0.07141572851248511,0.07141035849421425,0.07140499658121668,0.07139964274879612,0.07139429697237107,0.07138895922747368,0.07138362948974934,0.07137830773495592,0.07137299393896285,0.07136768807775085,0.07136239012741076,0.0713571000641432,0.07135181786425783,0.07134654350417248,0.07134127696041269,0.07133601820961102,0.07133076722850634,0.07132552399394308,0.07132028848287081,0.07131506067234346,0.07130984053951861,0.07130462806165702,0.07129942321612188,0.07129422598037828,0.07128903633199254,0.07128385424863155,0.07127867970806225,0.07127351268815091,0.07126835316686267,0.07126320112226088,0.07125805653250643,0.07125291937585743,0.07124778963066816,0.07124266727538901,0.07123755228856547,0.07123244464883795,0.07122734433494081,0.0712222513257022,0.07121716560004326,0.07121208713697752,0.07120701591561061,0.07120195191513944,0.07119689511485178,0.07119184549412587,0.07118680303242955,0.0711817677093201,0.07117673950444335,0.07117171839753349,0.07116670436841244,0.07116169739698915,0.0711566974632594,0.07115170454730516,0.07114671862929393,0.07114173968947851,0.07113676770819631,0.07113180266586906,0.07112684454300204,0.07112189332018384,0.07111694897808582,0.07111201149746149,0.07110708085914633,0.07110215704405697,0.07109724003319104,0.07109232980762654,0.07108742634852132,0.07108252963711278,0.07107763965471738,0.07107275638273014,0.07106787980262413,0.07106300989595031,0.07105814664433666,0.0710532900294881,0.071048440033186,0.07104359663728753,0.07103875982372547,0.07103392957450767,0.07102910587171674,0.0710242886975094,0.07101947803411639,0.07101467386384172,0.07100987616906256,0.07100508493222857,0.07100030013586173,0.07099552176255582,0.07099074979497594,0.07098598421585835,0.07098122500800981,0.07097647215430748,0.07097172563769805,0.07096698544119805,0.07096225154789286,0.0709575239409367,0.07095280260355195,0.07094808751902908,0.07094337867072616,0.07093867604206834,0.07093397961654775,0.0709292893777229,0.07092460530921853,0.07091992739472498,0.07091525561799826,0.07091058996285912,0.07090593041319328,0.07090127695295063,0.07089662956614516,0.07089198823685457,0.07088735294921969,0.07088272368744454,0.07087810043579565,0.07087348317860194,0.07086887190025426,0.07086426658520507,0.0708596672179683,0.07085507378311864,0.07085048626529167,0.07084590464918311,0.07084132891954895,0.07083675906120455,0.07083219505902509,0.07082763689794443,0.07082308456295545,0.07081853803910937,0.07081399731151557,0.07080946236534136,0.07080493318581157,0.07080040975820821,0.07079589206787021,0.07079138010019329,0.07078687384062934,0.07078237327468649,0.0707778783879286,0.07077338916597481,0.07076890559449972,0.07076442765923267,0.0707599553459577,0.07075548864051315,0.07075102752879142,0.0707465719967387,0.0707421220303547,0.07073767761569233,0.07073323873885749,0.07072880538600881,0.07072437754335724,0.07071995519716588,0.07071553833374979,0.07071112693947565,0.07070672100076145,0.07070232050407625,0.07069792543594006,0.07069353578292335,0.070689151531647,0.07068477266878194,0.07068039918104886,0.07067603105521811,0.07067166827810932,0.07066731083659117,0.07066295871758117,0.07065861190804545,0.07065427039499841,0.07064993416550264,0.07064560320666845,0.07064127750565388,0.07063695704966438,0.07063264182595237,0.07062833182181738,0.07062402702460546,0.0706197274217093,0.07061543300056751,0.070611143748665,0.07060685965353226,0.07060258070274535,0.07059830688392567,0.07059403818473968,0.07058977459289875,0.0705855160961589,0.07058126268232048,0.07057701433922814,0.07057277105477056,0.07056853281688018,0.07056429961353293,0.07056007143274819,0.07055584826258844,0.07055163009115913,0.07054741690660848,0.07054320869712709,0.07053900545094802,0.07053480715634639,0.07053061380163922,0.07052642537518529,0.0705222418653848,0.07051806326067937,0.07051388954955158,0.07050972072052522,0.07050555676216441,0.07050139766307403,0.07049724341189931,0.07049309399732553,0.07048894940807794,0.07048480963292149,0.0704806746606609,0.07047654448014003,0.0704724190802421,0.07046829844988922,0.07046418257804249,0.07046007145370146,0.07045596506590425,0.0704518634037273,0.07044776645628506,0.07044367421272987,0.07043958666225199,0.07043550379407908,0.07043142559747623,0.07042735206174579,0.07042328317622713,0.07041921893029648,0.0704151593133668,0.07041110431488745,0.07040705392434442,0.07040300813125958,0.07039896692519101,0.07039493029573261,0.07039089823251395,0.07038687072520013,0.07038284776349166,0.07037882933712412,0.07037481543586827,0.07037080604952965,0.07036680116794865,0.07036280078099996,0.07035880487859301,0.07035481345067114,0.07035082648721204,0.07034684397822713,0.07034286591376178,0.07033889228389482,0.07033492307873862,0.07033095828843897,0.0703269979031746,0.07032304191315748,0.07031909030863229,0.07031514307987653,0.07031120021720026,0.07030726171094584,0.07030332755148803,0.07029939772923377,0.07029547223462188,0.07029155105812301,0.07028763419023962,0.07028372162150566,0.07027981334248648,0.07027590934377877,0.07027200961601034,0.07026811414983995,0.0702642229359574,0.07026033596508295,0.07025645322796763,0.07025257471539287,0.07024870041817055,0.07024483032714243,0.07024096443318065,0.07023710272718704,0.07023324520009336,0.07022939184286099,0.07022554264648073,0.07022169760197297,0.07021785670038724,0.07021401993280219,0.07021018729032559,0.07020635876409399,0.07020253434527277,0.0701987140250559,0.07019489779466591,0.07019108564535363,0.07018727756839824,0.07018347355510698,0.07017967359681528,0.07017587768488619,0.07017208581071067,0.07016829796570745,0.07016451414132265,0.07016073432902986,0.07015695852032992,0.0701531867067509,0.07014941887984791,0.07014565503120307,0.07014189515242525,0.07013813923515003,0.07013438727103972,0.07013063925178298,0.0701268951690949,0.07012315501471683,0.07011941878041632,0.0701156864579869,0.07011195803924801,0.070108233516045,0.07010451288024883,0.07010079612375619,0.07009708323848908,0.0700933742163951,0.07008966904944693,0.07008596772964255,0.07008227024900499,0.0700785766430037,0.07007488686108662,0.07007120089436517,0.07006751873489529,0.07006384037491484,0.07006016580648003,0.07005649502197021,0.07005282801361747,0.07004916477366463,0.07004550529438748,0.07004184956807799,0.0700381975870549,0.07003454934366071,0.07003090483025128,0.070027264039218,0.07002362696290895,0.07001999359381934,0.07001636392440634,0.07001273794715017,0.07000911565455432,0.0700054970391456,0.07000188209347268,0.06999827081030227,0.06999466318203341,0.06999105920128368,0.06998745886080468,0.0699838621531562,0.0699802690710105,0.06997667960709258,0.06997309375409065,0.06996951150479373,0.06996593285198376,0.0699623577884179,0.06995878630694014,0.06995521840037575,0.06995165406161728,0.06994809328350646,0.06994453605895251,0.0699409823809001,0.06993743224230202,0.06993388563605855,0.06993034255523554,0.06992680299282199,0.0699232669417547,0.06991973439334954,0.06991620534398522,0.06991267978469712,0.06990915770929004,0.06990563911088442,0.0699021239827286,0.06989861231778356,0.06989510410962675,0.06989159935011323,0.06988809803407167,0.06988460015397027,0.06988110570335442,0.06987761467580637,0.069874127063876,0.06987064286126181,0.06986716206133803,0.06986368465788677,0.06986021064344257,0.06985674001176563,0.06985327275621817,0.06984980887033737,0.0698463483476939,0.06984289118184986,0.06983943736613861,0.06983598689414487,0.06983253975947995,0.06982909595563476,0.06982565547618926,0.06982221831474503,0.06981878446492086,0.06981535392032395,0.06981192667464116,0.06980850272154661,0.06980508205473358,0.06980166466791225,0.06979825055481177,0.06979483970911847,0.06979143212465858,0.06978802779498874,0.06978462671412305,0.06978122887588585,0.06977783427411602,0.0697744429026572,0.06977105475539534,0.06976766982621142,0.06976428810901743,0.0697609095977325,0.0697575342862951,0.06975416216866956,0.0697507932388307,0.06974742749077671,0.06974406491851376,0.06974070551607496,0.06973734927750849,0.06973399619687119,0.06973064626824632,0.06972729948572423,0.06972395584394117,0.06972061533633239,0.06971727795731708,0.06971394370077492,0.06971061256094165,0.0697072845322823,0.06970395960867273,0.06970063778453282,0.06969731905431782,0.06969400341243276,0.06969069085184486,0.06968738136838477,0.06968407495559416,0.06968077160799468,0.0696774713198789,0.06967417408560066,0.06967087989952912,0.0696675887560494,0.06966430064956192,0.06966101557448307,0.06965773352524242,0.06965445449628851,0.06965117848208681,0.06964790547711255,0.06964463547586866,0.06964136847284105,0.06963810446256712,0.06963484343957624,0.06963158539841512,0.06962833033367367,0.06962507823992713,0.06962182911177342,0.06961858294378592,0.06961533973067592,0.06961209946704006,0.06960886214754836,0.0696056277670041,0.06960239631959772,0.06959916780054624,0.06959594220440465,0.06959271952589513,0.0695894997601557,0.06958628289987838,0.06958306894280221,0.06957985788242504,0.0695766497135129,0.06957344443090649,0.06957024202943382,0.06956704250420856,0.06956384584958286,0.0695606520606613,0.06955746113232524,0.06955427305947469,0.06955108783701829,0.06954790545988364,0.06954472592300785,0.06954154922134205,0.06953837534958565,0.06953520430320666,0.06953203607697998,0.06952887066591004,0.06952570806502456,0.06952254826933979,0.06951939127390182,0.06951623707377014,0.06951308566401732,0.06950993703972617,0.0695067911950606,0.06950364812607089,0.06950050782789399,0.06949737029563492,0.06949423552447509,0.06949110350956349,0.06948797424607885,0.06948484772920165,0.0694817239541373,0.06947860291610204,0.06947548461030083,0.06947236903199033,0.06946925617641687,0.06946614603885208,0.06946303861455826,0.06945993389883268,0.06945683188696941,0.06945373257428751,0.06945063595610124,0.06944754202775374,0.06944445078459231,0.06944136222197336,0.06943827633527797,0.06943519311989156,0.06943211257120095,0.06942903468463811,0.0694259594556012,0.06942288687952203,0.06941981695186483,0.06941674966807129,0.06941368502361733,0.06941062301397577,0.06940756363464506,0.06940450688111213,0.06940145274890798,0.06939840123355473,0.06939535233058963,0.06939230603556867,0.06938926234403782,0.06938622125158173,0.06938318275377589,0.06938014684622866,0.06937711352452151,0.06937408278428465,0.06937105462115131,0.06936802903076289,0.06936500600978064,0.06936198555284774,0.0693589676556359,0.06935595231383207,0.06935293952312493,0.06934992927922054,0.06934692157782961,0.06934391641468395,0.06934091378552397,0.06933791368604231,0.069334916112057,0.06933192105933812,0.06932892852366426,0.06932593850082885,0.06932295098663392,0.06931996597749757,0.06931698346801074,0.06931400345531437,0.06931102593391289,0.06930805090031439,0.06930507835038847,0.06930210827999696,0.06929914068505635,0.06929617556141499,0.06929321290503308,0.06929025271180167,0.06928729497765143,0.06928433969851462,0.06928138687033862,0.06927843648907148,0.0692754885507002,0.06927254305118119,0.06926959998650635,0.06926665935267551,0.06926372114568334,0.06926078536156151,0.06925785199635227,0.0692549210460527,0.0692519925067256,0.06924906637442635,0.06924614264522,0.06924322131517006,0.06924030238034574,0.06923738583690556,0.06923447168091564,0.06923155990848853,0.06922865051645154,0.0692257434997007,0.06922283885472522,0.06921993657786281,0.06921703666544128,0.06921413911329422,0.0692112439178699,0.06920835107532189,0.06920546058160784,0.06920257243309823,0.06919968662601705,0.06919680315657796,0.0691939220210381,0.06919104321559069,0.06918816673641526,0.06918529258004615,0.06918242074258137,0.06917955122032546,0.0691766840095547,0.06917381910656682,0.0691709565076683,0.06916809620917469,0.0691652382074041,0.06916238249843518,0.06915952907881856,0.06915667794519303,0.0691538290934635,0.06915098252043653,0.0691481382222678,0.06914529619534285,0.06914245643607182,0.06913961894064725,0.06913678370592448,0.06913395072800156,0.06913112000337868,0.06912829152851223,0.0691254652998216,0.06912264131378211,0.06911981956682488,0.06911700005543558,0.06911418277616531,0.06911136772545452,0.06910855489969776,0.06910574429549181,0.06910293590937391,0.06910012973751356,0.06909732577793905,0.0690945240250622,0.06909172447636316,0.06908892712840677,0.06908613197774337,0.06908333902100375,0.06908054825489195,0.06907775967560816,0.0690749732802067,0.06907218906476632,0.06906940702616367,0.0690666271612068,0.06906384946605586,0.06906107393746785,0.06905830057213304,0.06905552936676813,0.0690527603174922,0.06904999342218242,0.06904722867722474,0.06904446607779918,0.06904170562274137,0.06903894730646315,0.06903619112826977,0.06903343708358546,0.0690306851689706,0.06902793538095538,0.06902518771683068,0.06902244217411103,0.06901969874745327,0.06901695743475687,0.0690142182336792,0.06901148114118398,0.06900874615082157,0.06900601326123451,0.06900328246964126,0.0690005537724785,0.06899782716668026,0.06899510264886424,0.0689923802166901,0.06898965986601638,0.06898694159387846,0.06898422539740356,0.06898151127340223,0.06897879921863861,0.0689760892299781,0.06897338130429323,0.06897067543846379,0.06896797162932629,0.06896526987387464,0.06896257016879628,0.06895987251132604,0.0689571768980493,0.06895448332604961,0.06895179179237895,0.06894910229373118,0.06894641482729844,0.06894372938990463,0.06894104597850545,0.06893836459005867,0.06893568522154668,0.06893300786994469,0.06893033253223049,0.06892765920539347,0.06892498788642623,0.06892231857234533,0.06891965126003331,0.06891698594675373,0.06891432262940068,0.06891166130501862,0.06890900197063897,0.06890634462316468,0.0689036892598363,0.06890103587775748,0.06889838447389642,0.06889573504539238,0.06889308758905836,0.06889044210193908,0.06888779858175965,0.06888515702515859,0.06888251742931535,0.06887987979126979,0.06887724410926513,0.0688746103782969,0.06887197859653936,0.06886934876102081,0.06886672086909221,0.06886409491780382,0.06886147090413695,0.06885884882538718,0.0688562286793075,0.06885361046210488,0.06885099417137007,0.06884837980427627,0.06884576735801323,0.0688431568298692,0.06884054821696206,0.06883794151650524,0.06883533672571432,0.0688327338418105,0.06883013286202136,0.06882753378358107,0.06882493660372883,0.0688223413197107,0.06881974792877828,0.06881715642818932,0.06881456681520738,0.06881197908710235,0.0688093932411499,0.06880680927463105,0.06880422718483363,0.06880164696905067,0.06879906862458067,0.06879649214872974,0.06879391753880819,0.0687913447921322,0.06878877390602471,0.06878620487781337,0.06878363770483244,0.0687810723844213,0.06877850891392542,0.06877594729069694,0.0687733875120145,0.06877082957531808,0.06876827347797476,0.06876571921735879,0.06876316679090533,0.06876061619594397,0.06875806742985652,0.06875552048992968,0.06875297537369139,0.06875043207854128,0.06874789060190141,0.06874535094118024,0.06874281309380438,0.06874027705720498,0.0687377428288228,0.06873521040608958,0.06873267978645675,0.06873015096736947,0.06872762394629144,0.06872509872067616,0.06872257528800009,0.06872005364573311,0.06871753379135195,0.06871501572234084,0.06871249943618606,0.06870998493038095,0.06870747220242933,0.06870496124983376,0.06870245207010317,0.06869994466075703,0.06869743901930808,0.06869493514328642,0.0686924330302257,0.06868993267765747,0.06868743408311916,0.06868493724416591,0.06868244215834449,0.06867994882320844,0.06867745723632523,0.06867496739534226,0.06867247929774355,0.06866999293987505,0.0686675083217782,0.06866502543960214,0.06866254429136359,0.06866006487440551,0.06865758718680989,0.06865511122548411,0.06865263698818411,0.06865016447257076,0.06864769367634141,0.06864522459712272,0.06864275723254608,0.06864029158025012,0.06863782763787449,0.06863536540306925,0.06863290487348145,0.06863044604676678,0.0686279889205898,0.06862553349261233,0.06862307976051228,0.0686206277219562,0.06861817737463002,0.06861572871622215,0.06861328174441067,0.06861083645689972,0.06860839285138469,0.06860595092557241,0.06860351067716636,0.06860107210388217,0.06859863520343841,0.06859619997356145,0.06859376641197434,0.06859133451674529,0.06858890428559385,0.06858647571521916,0.06858404880409685,0.068581623549892,0.06857919995069411,0.06857677800389733,0.06857435770748338,0.06857193905910544,0.06856952205654213,0.0685671066974488,0.06856469297981065,0.06856228090124522,0.06855987045982219,0.06855746165298116,0.0685550544786821,0.06855264893501756,0.06855024501940717,0.06854784272962619,0.06854544206363937,0.06854304301925684,0.06854064559430911,0.06853824978649878,0.06853585559382608,0.06853346301425296,0.06853107204573883,0.06852868268697203,0.06852629493459607,0.06852390878551877,0.06852152423879615,0.06851914129213786,0.06851675994377905,0.06851438019008038,0.06851200203092796,0.06850962546324361,0.06850725048494855,0.06850487709399973,0.06850250528809035,0.06850013506546357,0.06849776642375853,0.06849539936135485,0.06849303387561317,0.06849066996449636,0.06848830762613542,0.06848594685847041,0.06848358765940016,0.06848123002676311,0.06847887395859573,0.0684765194527882,0.06847416650728756,0.06847181511985417,0.06846946528885531,0.06846711701204246,0.06846477028734153,0.06846242511273178,0.06846008148619094,0.06845773940569569,0.06845539886922339,0.0684530598750951,0.06845072242095626,0.0684483865048024,0.06844605212463688,0.06844371927844499,0.06844138796423924,0.06843905818000998,0.06843672992377693,0.06843440319317834,0.06843207798659619,0.06842975430215358,0.0684274321376496,0.06842511149119755,0.06842279236086173,0.06842047474468882,0.06841815864069546,0.06841584404694168,0.06841353096141974,0.06841121938228341,0.0684089093075342,0.06840660073546287,0.06840429366361696,0.06840198809038162,0.06839968401375816,0.06839738143200769,0.06839508034292514,0.0683927807447014,0.06839048263560446,0.06838818601345031,0.06838589087431221,0.0683835972202797,0.06838130504814159,0.0683790143549932,0.06837672513949897,0.06837443739954636,0.06837215113322886,0.06836986633900825,0.0683675830147607,0.06836530115879515,0.06836302076866947,0.06836074184313869,0.06835846438018518,0.06835618837774213,0.06835391383402559,0.06835164074720863,0.06834936911564982,0.06834709893745831,0.06834483021059107,0.06834256293314399,0.0683402971035629,0.0683380327204256,0.06833576978079732,0.06833350828340934,0.06833124822647993,0.06832898960811423,0.06832673242677349,0.06832447668015885,0.0683222223667876,0.06831996948454838,0.06831771803242212,0.06831546800767002,0.06831321940862246,0.0683109722337296,0.068308726481007,0.06830648214938881,0.06830423923657948,0.06830199774068188,0.06829975766022896,0.0682975189930392,0.06829528173763134,0.06829304589227579,0.06829081145520557,0.06828857842444015,0.06828634679834113,0.06828411657490507,0.0682818877528472,0.06827966033022838,0.068277434305373,0.06827520967645756,0.06827298644177278,0.06827076459950203,0.06826854414801646,0.0682663250855533,0.06826410741046335,0.06826189112086624,0.06825967621514023,0.06825746269157114,0.06825525054841107,0.06825303978399412,0.06825083039665886,0.06824862238465951,0.06824641574629906,0.06824421047988344,0.0682420065836291,0.06823980405582802,0.0682376028952205,0.06823540309960167,0.06823320466783071,0.06823100759797099,0.06822881188794101,0.06822661753644513,0.0682244245417875,0.0682222329023084,0.06822004261627143,0.06821785368218429,0.06821566609820995,0.06821347986291142,0.06821129497446533,0.06820911143121783,0.06820692923164996,0.06820474837437364,0.0682025688571454,0.06820039067863172,0.06819821383718315,0.06819603833119386,0.06819386415966125,0.06819169131948141,0.06818951981011775,0.0681873496297307,0.06818518077670818,0.06818301324944102,0.06818084704632296,0.0681786821657507,0.06817651860612386,0.06817435636584496,0.06817219544331934,0.06817003583695537,0.0681678775451642,0.06816572056635986,0.06816356489895929,0.06816141054138232,0.06815925749205151,0.06815710574939249,0.06815495531201016,0.06815280617736867,0.06815065834568858,0.06814851181372769,0.06814636657961916,0.06814422264411192,0.06814208000432853,0.06813993865886425,0.06813779860582354,0.068135659844008,0.06813352237159137,0.0681313861872,0.0681292512892669,0.06812711767624136,0.06812498534662494,0.06812285429897963,0.06812072453152053,0.06811859604259674,0.06811646883165838,0.06811434289607285,0.06811221823473927,0.06811009484614163,0.06810797272876747,0.06810585188111203,0.06810373230173092,0.06810161398946968,0.06809949694149303,0.06809738115790433,0.06809526663644926,0.06809315337574662,0.06809104137427452,0.06808893063038964,0.06808682114279492,0.06808471291004245,0.06808260593058747,0.06808050020257667,0.0680783957254735,0.06807629249757505,0.06807419051657912,0.06807208978173111,0.06806999029138372,0.0680678920443007,0.06806579503721011,0.06806369927141277,0.06806160474443708,0.06805951145465833,0.06805741940049498,0.06805532858060528,0.06805323899208349,0.0680511506349783,0.06804906350958291,0.06804697761188012,0.06804489294233114,0.06804280949816718,0.06804072727801358,0.06803864628103168,0.06803656650396288,0.06803448794847293,0.06803241061013215,0.0680303344897278,0.06802825958527835,0.06802618589544264,0.06802411341854475,0.06802204215317649,0.06801997209792889,0.0680179032515662,0.06801583561256437,0.06801376917948347,0.06801170395080287,0.06800963992495204,0.06800757710109925,0.06800551547713551,0.06800345505261166,0.0680013958256681,0.06799933779500819,0.06799728095950425,0.0679952253180502,0.06799317086814093,0.06799111760912997,0.06798906553836331,0.0679870146557536,0.0679849649603699,0.06798291645036932,0.06798086912339625,0.06797882297837078,0.06797677801481973,0.0679747342323143,0.06797269162746622,0.06797065020064429,0.06796860994966325,0.06796657087314385,0.06796453296981428,0.0679624962382527,0.06796046067726401,0.06795842628531208,0.06795639306155234,0.0679543610036173,0.06795233010958963,0.06795030038064308,0.06794827181448056,0.06794624440957531,0.0679442181623661,0.06794219307592941,0.06794016914672199,0.06793814637476434,0.06793612475613407,0.06793410428967186,0.06793208497578458,0.06793006681326424,0.0679280497984028,0.06792603393220546,0.06792401921405262,0.0679220056411406,0.06791999321261911,0.06791798192723807,0.06791597178332429,0.06791396278223256,0.06791195492023083,0.0679099481938336,0.06790794260401721,0.0679059381492704,0.06790393482788648,0.0679019326389881,0.06789993158267675,0.06789793165654416,0.06789593285792297,0.0678939351872485,0.06789193864522838,0.06788994322704477,0.06788794893425798,0.06788595576394789,0.06788396371401355,0.06788197278417597,0.06787998297330379,0.06787799428012381,0.06787600670325669,0.06787402024192635,0.06787203489418164,0.06787005065923384,0.06786806753569703,0.06786608552220358,0.06786410461788432,0.06786212482134456,0.06786014613144176,0.06785816854686533,0.06785619206638349,0.06785421668878937,0.06785224241273913,0.06785026923713226,0.06784829716084163,0.06784632618246887,0.06784435630089855,0.06784238751523557,0.06784041982385593,0.06783845322578987,0.0678364877196039,0.0678345233038965,0.06783255997672386,0.06783059773896376,0.0678286365885512,0.06782667652422887,0.0678247175430718,0.06782275964697589,0.06782080283320603,0.06781884710093714,0.06781689244864186,0.06781493887444281,0.06781298637881918,0.0678110349584322,0.06780908461474186,0.0678071353452789,0.0678051871473393,0.0678032400211963,0.06780129396713726,0.06779934898509223,0.06779740506892612,0.0677954622199211,0.06779352043693995,0.06779157972148792,0.06778964006996492,0.06778770147809653,0.0677857639474467,0.06778382747678818,0.06778189206543417,0.067779957711333,0.06777802441489188,0.06777609217415517,0.06777416098769103,0.06777223085461741,0.06777030177380532,0.06776837374410499,0.06776644676439052,0.06776452083352599,0.0677625959503719,0.06776067211381287,0.06775874932274051,0.06775682757600048,0.06775490687246995,0.06775298721102511,0.06775106859082529,0.06774915101039407,0.06774723446864173,0.06774531896445102,0.06774340449682816,0.06774149106438963,0.06773957866629207,0.0677376673016399,0.06773575696912393,0.06773384766699296,0.06773193939503391,0.06773003215193342,0.06772812593624962,0.0677262207474419,0.06772431658418662,0.0677224134448642,0.06772051132926517,0.06771861023573036,0.06771671016362306,0.06771481111005433,0.06771291307678293,0.06771101606120906,0.06770912006191696,0.06770722507873156,0.06770533111056884,0.06770343815562747,0.06770154621331649,0.06769965528250325,0.06769776536225135,0.0676958764515634,0.06769398854859517,0.0676921016526727,0.06769021576283331,0.06768833087804862,0.06768644699721804,0.06768456411929624,0.06768268224299394,0.06768080136767472,0.06767892149209473,0.06767704261518949,0.06767516473808721,0.06767328785586504,0.06767141196863144,0.06766953707617458,0.06766766317702307,0.06766579027025371,0.06766391835509014,0.06766204743001718,0.06766017749423109,0.0676583085466115,0.06765644058606327,0.06765457361194022,0.06765270762305164,0.06765084261816154,0.06764897859652369,0.06764711555686895,0.06764525349821807,0.06764339241973823,0.06764153231961903,0.06763967319798797,0.06763781505357051,0.06763595788484154,0.06763410168988898,0.06763224647010331,0.06763039222260658,0.06762853894763929,0.06762668664375532,0.0676248353087674,0.0676229849444465,0.06762113554721336,0.06761928711680222,0.06761743965114904,0.06761559315137343,0.06761374761543222,0.06761190304263691,0.06761005943161764,0.0676082167813222,0.06760637509117319,0.06760453435933958,0.06760269458565007,0.06760085576944917,0.06759901790886529,0.06759718100343694,0.0675953450521719,0.06759351005393886,0.06759167600741352,0.06758984291389085,0.06758801076861291,0.06758617957246457,0.06758434932465117,0.06758252002405878,0.067580691669666,0.0675788642605053,0.06757703779711532,0.06757521227552722,0.06757338769612602,0.06757156405826031,0.06756974136096323,0.06756791960278456,0.0675660987830406,0.06756427890089527,0.06756245995533505,0.06756064194528459,0.06755882487002526,0.06755700872849099,0.06755519351976756,0.06755337924222832,0.0675515658951783,0.06754975347906562,0.06754794199197561,0.0675461314330438,0.0675443218011001,0.06754251309530736,0.06754070531633143,0.06753889846014666,0.0675370925273189,0.06753528751684847,0.06753348342785029,0.0675316802593039,0.06752987801047962,0.06752807668036183,0.06752627626794634,0.06752447677236745,0.06752267819272012,0.06752088052804708,0.06751908377743147,0.06751728793981882,0.0675154930145164,0.06751369900091737,0.06751190589729777,0.0675101137035604,0.06750832241834633,0.06750653204054329,0.06750474256977664,0.06750295400439166,0.06750116634456972,0.06749937958877292,0.06749759373613122,0.06749580878572782,0.06749402473696622,0.06749224158830672,0.06749045933918213,0.06748867798879664,0.06748689753614949,0.06748511798035182,0.06748333932051793,0.06748156155565192,0.06747978468484511,0.06747800870732107,0.06747623362217994,0.06747445942866283,0.06747268612594846,0.06747091371296757,0.06746914218867944,0.06746737155247683,0.0674656018032701,0.06746383294030649,0.06746206496264216,0.06746029786947375,0.0674585316598889,0.06745676633316189,0.0674550018877385,0.06745323832484307,0.06745147564090016,0.06744971383612278,0.06744795290962664,0.06744619286070537,0.0674444336884424,0.06744267539219843,0.06744091797030644,0.0674391614226894,0.06743740574931616,0.06743565094719885,0.06743389701635069,0.06743214395639247,0.06743039176615098,0.06742864044476793,0.06742688999343976,0.06742514040693584,0.06742339168751081,0.06742164383329392,0.06741989684372941,0.06741815071800253,0.06741640545522617,0.06741466105457872,0.0674129175150239,0.06741117483608595,0.06740943301630979,0.06740769205567325,0.067405951952964,0.06740421270700779,0.06740247431701935,0.06740073678312128,0.06739900010371484,0.06739726427839088,0.06739552930599169,0.0673937951851532,0.06739206191569844,0.06739032949648824,0.06738859792724791,0.06738686720707729,0.06738513733447593,0.06738340830900964,0.06738168012989487,0.06737995279434902,0.06737822630536276,0.0673765006602517,0.06737477585827709,0.06737305189853615,0.06737132878052692,0.06736960650270496,0.06736788506476578,0.06736616446605388,0.06736444470519075,0.06736272578167173,0.06736100769472639,0.06735929044326652,0.06735757402703717,0.06735585844500962,0.06735414369647416,0.06735242978042993,0.06735071669614102,0.06734900444280906,0.06734729301963693,0.06734558242575225,0.06734387266057633,0.06734216372311216,0.06734045561265219,0.06733874832848544,0.067337041869448,0.06733533623529264,0.06733363142485771,0.06733192743744232,0.06733022427190037,0.06732852192812738,0.06732682040510964,0.06732511970114487,0.06732341981738493,0.067321720751754,0.06732002250365886,0.06731832507235051,0.06731662845650727,0.06731493265655887,0.06731323767081379,0.06731154349871943,0.06730985013978602,0.06730815759292044,0.06730646585740441,0.06730477493248721,0.0673030848173173,0.06730139551132344,0.06729970701358498,0.06729801932333146,0.06729633243986172,0.06729464636244858,0.06729296109018738,0.06729127662245761,0.06728959295853944,0.06728791009756202,0.06728622803873519,0.06728454678151259,0.06728286632489267,0.06728118666821846,0.06727950781073709,0.06727782975169605,0.06727615249034569,0.06727447602593574,0.06727280035771767,0.06727112548495454,0.06726945140688029,0.06726777812275625,0.06726610563187656,0.06726443393342924,0.06726276302672506,0.06726109291097931,0.06725942358553834,0.06725775504959156,0.0672560873024054,0.06725442034320947,0.06725275417126807,0.06725108878576465,0.06724942418699256,0.06724776037285521,0.06724609734275397,0.06724443509627727,0.06724277363269529,0.06724111295047451,0.06723945304979624,0.06723779393042509,0.06723613559103818,0.06723447803091213,0.06723282124931924,0.06723116524554175,0.06722951001885483,0.06722785556863152,0.06722620189351136,0.06722454899405113,0.06722289686905975,0.0672212455173078,0.0672195949383213,0.06721794513140025,0.06721629609581535,0.0672146478308651,0.06721300033550405,0.06721135360935906,0.0672097076518001,0.06720806246213262,0.06720641803958738,0.06720477438340597,0.06720313149286994,0.06720148936730465,0.06719984800604059,0.06719820740833916,0.0671965675733846,0.06719492850032428,0.06719329018871725,0.06719165263787037,0.06719001584709307,0.0671883798156773,0.06718674454292678,0.06718511002814528,0.0671834762706401,0.06718184326972723,0.06718021102470277,0.067178579534877,0.067176948799563,0.06717531881806527,0.06717368958969976,0.06717206111378252,0.06717043338961355,0.0671688064165175,0.06716718019380065,0.06716555472078292,0.06716392999678553,0.06716230602112175,0.06716068279311432,0.06715906031208203,0.06715743857733514,0.06715581758820291,0.06715419734401021,0.06715257784408359,0.06715095908773996,0.06714934107430452,0.06714772380310662,0.067146107273479,0.06714449148473675,0.06714287643621529,0.06714126212724937,0.06713964855715933,0.06713803572528125,0.06713642363093816,0.0671348122734771,0.06713320165222697,0.06713159176652717,0.06712998261571194,0.06712837419910854,0.06712676651606837,0.06712515956591927,0.06712355334801307,0.06712194786167239,0.06712034310625993,0.06711873908109058,0.06711713578553077,0.06711553321891957,0.06711393138060545,0.06711233026990587,0.06711072988621958,0.06710913022884885,0.06710753129715082,0.06710593309049374,0.0671043356082094,0.06710273884964871,0.06710114281475105,0.06709954750172042,0.06709795291105401,0.06709635904153535,0.0670947658925185,0.06709317346336144,0.0670915817541562,0.06708999076278857,0.06708840048910564,0.06708681093275382,0.06708522209303698,0.06708363396956456,0.06708204656151842,0.06708045986818607,0.06707887388865232,0.06707728862275626,0.0670757040699481,0.06707412022848828,0.06707253709909497,0.06707095468066186,0.06706937297253185,0.06706779197432798,0.06706621168491643,0.06706463210530246,0.06706305323212698,0.06706147506747061,0.06705989760798592,0.06705832085444201,0.06705674480624219,0.0670551694626167,0.06705359482293877,0.06705202088691317,0.06705044765364503,0.06704887512255976,0.0670473032930343,0.06704573216445117,0.06704416173622739,0.0670425920077125,0.06704102297829036,0.06703945464734509,0.06703788701424214,0.06703632007824283,0.06703475383910151,0.06703318829590976,0.06703162344841701,0.06703005929544552,0.06702849583673574,0.06702693307134418,0.06702537099924512,0.0670238096195172,0.06702224893141896,0.06702068893448074,0.06701912962786054,0.06701757101128239,0.06701601308434044,0.06701445584582555,0.0670128992962186,0.06701134343354967,0.06700978825781592,0.06700823376837091,0.06700667996470294,0.06700512684619096,0.06700357441235284,0.06700202266235013,0.0670004715957027,0.06699892121181851,0.06699737151007427,0.06699582248990825,0.06699427414881136,0.06699272648903794,0.06699117951017157,0.06698963321050501,0.06698808758894317,0.06698654264585498,0.06698499838021453,0.06698345479149613,0.06698191187916794,0.06698036964241696,0.06697882808069527,0.06697728719360736,0.06697574698045487,0.06697420744065594,0.06697266857362925,0.06697113037879365,0.06696959285556794,0.06696805600337466,0.06696651982163372,0.06696498430976874,0.06696344946720145,0.06696191529335582,0.06696038178765606,0.06695884894952818,0.0669573167783977,0.06695578527369181,0.06695425443483677,0.06695272426126177,0.06695119475239432,0.06694966590766466,0.06694813772650351,0.06694661020834071,0.06694508335260932,0.06694355715874009,0.06694203162616866,0.06694050675432665,0.06693898254265057,0.06693745899057499,0.06693593609753651,0.06693441386297187,0.06693289228631705,0.0669313713670126,0.066929851104496,0.06692833149820877,0.06692681254759025,0.06692529425208131,0.06692377661112424,0.06692225962416082,0.06692074329063555,0.06691922760999187,0.06691771258167332,0.06691619820512769,0.06691468447979924,0.0669131714051363,0.06691165898058526,0.06691014720559547,0.06690863607961439,0.06690712560209365,0.06690561577248073,0.06690410659022847,0.06690259805478768,0.06690109016561292,0.06689958292215505,0.06689807632386935,0.06689657037020905,0.06689506506063096,0.06689356039459031,0.06689205637154151,0.06689055299094447,0.06688905025225607,0.06688754815493597,0.06688604669844266,0.06688454588223694,0.06688304570577855,0.06688154616852948,0.06688004726995152,0.06687854900950725,0.06687705138665981,0.06687555440087434,0.06687405805161424,0.06687256233829188,0.06687106726048181,0.0668695728175268,0.06686807900896355,0.06686658583427604,0.06686509329291733,0.0668636013843566,0.06686211010806574,0.06686061946351311,0.0668591294501713,0.06685764006751307,0.0668561513150103,0.06685466319213712,0.06685317569833718,0.06685168883314423,0.06685020259600516,0.06684871698639525,0.06684723200379168,0.06684574764767151,0.06684426391750038,0.06684278081276937,0.06684129833295846,0.06683981647752954,0.06683833524578439,0.06683685463770589,0.06683537465248296,0.06683389528957864,0.06683241654853726,0.06683093842866561,0.0668294609296853,0.06682798405108414,0.06682650779214486,0.06682503215260269,0.0668235571316622,0.06682208272903956,0.06682060894409292,0.06681913577623937,0.06681766322466824,0.06681619128942987,0.06681471996996739,0.06681324926553751,0.06681177917574777,0.06681030970009377,0.06680884083807971,0.06680737258918132,0.06680590495290102,0.06680443792875002,0.0668029715162607,0.06680150571494442,0.06680004052411692,0.06679857594339984,0.0667971119722325,0.06679564861021098,0.06679418585679206,0.06679272371145573,0.06679126217365149,0.06678980124305287,0.06678834091893972,0.06678688120098097,0.06678542208854824,0.06678396358128254,0.06678250567862448,0.06678104838008506,0.06677959168514612,0.06677813559336108,0.0667766801042132,0.06677522521721095,0.0667737709318604,0.06677231724762756,0.06677086416411122,0.06676941168077494,0.0667679597971504,0.06676650851270723,0.06676505782697958,0.06676360773947806,0.06676215824971642,0.06676070935720567,0.06675926106146188,0.06675781336200017,0.06675636625833457,0.06675491974996274,0.06675347383643891,0.06675202851726125,0.06675058379194765,0.0667491396599906,0.0667476961209122,0.06674625317427758,0.06674481081958315,0.06674336905632039,0.06674192788404193,0.0667404873021246,0.06673904731039862,0.06673760790819845,0.06673616909524782,0.06673473087074784,0.06673329323436951,0.06673185618563944,0.06673041972408453,0.0667289838492153,0.0667275485605683,0.06672611385767338,0.0667246797400586,0.0667232462072526,0.06672181325878518,0.06672038089418537,0.06671894911299045,0.06671751791472479,0.06671608729891952,0.06671465726510245,0.06671322781281513,0.06671179894158578,0.06671037065094536,0.066708942940429,0.06670751580957923,0.06670608925792217,0.0667046632849976,0.06670323789000876,0.06670181307315932,0.06670038883392475,0.06669896517098257,0.06669754208462168,0.06669611957425624,0.06669469763941047,0.06669327628043115,0.06669185549555444,0.06669043528443049,0.06668901564669924,0.0666875965822636,0.06668617809061811,0.06668476017178573,0.06668334282453096,0.06668192604865832,0.06668050984400878,0.06667909420941776,0.06667767914496553,0.06667626464996164,0.06667485072419094,0.06667343736707768,0.06667202457817442,0.0666706123570311,0.06666920070319685,0.06666778961620926,0.06666637909563704,0.06666496914103741,0.0666635597519359,0.06666215092791121,0.06666074266846655,0.06665933497322946,0.06665792784171178,0.06665652127343218,0.06665511526802934,0.06665370982501846,0.06665230494394597,0.06665090062438361,0.06664949686588187,0.06664809366797093,0.06664669103025822,0.06664528895227187,0.06664388743358207,0.06664248647373407,0.06664108607229999,0.0666396862288421,0.06663828694292559,0.06663688821410615,0.06663549004193813,0.06663409242600077,0.06663269536583492,0.06663129886102913,0.0666299029111299,0.06662850751571225,0.06662711267433638,0.06662571838656414,0.06662432465270493,0.06662293147085163,0.06662153884130595,0.06662014676374461,0.06661875523751888,0.06661736426238614,0.06661597383777536,0.06661458396391873,0.06661319463989142,0.06661180586444897,0.06661041763793575,0.06660902996051934,0.06660764283036885,0.06660625624792127,0.06660487021252628,0.06660348472489967,0.06660209978253728,0.06660071538605268,0.06659933153502208,0.06659794822902058,0.06659656546762577,0.06659518325041286,0.06659380157696058,0.06659242044684643,0.06659103985964794,0.06658965981494391,0.06658828031231465,0.06658690135133924,0.06658552293159814,0.0665841450536256,0.06658276771509374,0.0665813909165415,0.06658001465754801,0.06657863893769836,0.0665772637565745,0.06657588911376006,0.06657451500883914,0.06657314144139667,0.06657176841101795,0.06657039591728765,0.066569023959793,0.06656765253811957,0.0665662816518545,0.06656491130058609,0.06656354148390184,0.0665621722013908,0.06656080345264002,0.06655943523724084,0.06655806755478227,0.06655670040485427,0.06655533378707154,0.06655396770097802,0.06655260214615276,0.06655123712224889,0.06654987262829382,0.06654850866497491,0.06654714523133179,0.06654578232695837,0.06654441995145101,0.06654305810440259,0.06654169678540862,0.06654033599406618,0.06653897572988979,0.06653761599263915,0.06653625678175094,0.06653489809690065,0.06653353993777397,0.06653218230379838,0.06653082519466164,0.06652946860975793,0.0665281125481096,0.06652675701113875,0.0665254019974051,0.06652404750653515,0.06652269353810378,0.06652134009175308,0.06651998716700538,0.06651863476351348,0.0665172828808667,0.06651593151867954,0.06651458067665204,0.06651323035421872,0.06651188055101087,0.0665105312666925,0.06650918250087488,0.0665078342531469,0.06650648652311804,0.06650513931053134,0.06650379261472564,0.06650244643545508,0.06650110077224042,0.0664997556247734,0.06649841099167006,0.06649706687448215,0.066495723271974,0.06649438018357216,0.06649303760913217,0.06649169554800168,0.06649035399966884,0.06648901296428616,0.06648767244105969,0.06648633242965912,0.06648499292974139,0.06648365394091045,0.06648231546278253,0.06648097749497466,0.06647964003705695,0.06647830308869351,0.06647696664950384,0.06647563071910019,0.06647429529718446,0.06647296038321476,0.06647162597688791,0.06647029207790305,0.06646895868572282,0.06646762580004364,0.06646629342048649,0.06646496154675124,0.06646363017838161,0.06646229931499797,0.06646096895622224,0.06645963910167763,0.06645830975098696,0.06645698090377297,0.06645565255966061,0.06645432471827277,0.06645299737923488,0.06645167054209317,0.06645034420655187,0.06644901837223711,0.06644769303877401,0.06644636820579072,0.06644504387291311,0.06644372003984866,0.06644239670606739,0.06644107387127561,0.06643975153517616,0.06643842969725276,0.06643710835798534,0.06643578751565991,0.06643446717037077,0.06643314732175554,0.06643182796960767,0.06643050911349727,0.06642919075304521,0.06642787288789662,0.06642655551765045,0.06642523864197691,0.06642392226048612,0.06642260637278143,0.06642129097887955,0.06641997607771095,0.06641866166876781,0.06641734775284777,0.06641603432826693,0.06641472139590761,0.06641340895487899,0.06641209700476929,0.06641078554521572,0.06640947457585601,0.06640816409632624,0.0664068541062274,0.06640554460527388,0.06640423559287716,0.06640292706907552,0.0664016190333013,0.0664003114852039,0.06639900442487653,0.06639769785127475,0.06639639176404255,0.06639508616310436,0.06639378104798412,0.06639247641754199,0.0663911722731474,0.06638986861351538,0.06638856543837884,0.06638726274736417,0.06638596054011099,0.06638465881622199,0.06638335757537324,0.06638205681724722,0.06638075654140416,0.06637945674766639,0.06637815743540688,0.06637685860447662,0.06637556025446109,0.06637426238501933,0.06637296499580043,0.06637166808644532,0.06637037165668187,0.06636907570607407,0.06636778023386357,0.06636648524050781,0.06636519072531091,0.06636389668786034,0.0663626031272909,0.06636131004432151,0.0663600174372572,0.06635872530740958,0.06635743365362957,0.06635614247558418,0.06635485177284599,0.06635356154511377,0.06635227179204665,0.06635098251333431,0.06634969370864109,0.06634840537742417,0.06634711751891599,0.06634583013402695,0.06634454322181867,0.06634325678125491,0.06634197081308967,0.06634068531658739,0.0663394002912465,0.06633811573678097,0.06633683165287772,0.06633554803920674,0.06633426489542538,0.06633298222115512,0.06633170001606531,0.06633041827999318,0.06632913701230367,0.0663278562127607,0.06632657588107144,0.0663252960167647,0.0663240166197445,0.0663227376895468,0.06632145922589493,0.06632018122848746,0.06631890369681208,0.06631762663109378,0.0663163500300543,0.06631507389381246,0.0663137982221288,0.06631252301453062,0.06631124827083393,0.06630997399045203,0.06630870017418243,0.06630742681988099,0.06630615392809326,0.06630488149882151,0.06630360953099342,0.06630233802480942,0.06630106697968825,0.06629979639538466,0.06629852627167912,0.06629725660806685,0.06629598740434457,0.06629471866017385,0.06629345037516533,0.06629218254898997,0.06629091518139743,0.06628964827202054,0.06628838182037491,0.0662871158264262,0.06628585028970921,0.06628458520990962,0.06628332058667878,0.06628205641972672,0.06628079270874,0.06627952945333451,0.06627826665329144,0.06627700430813552,0.06627574241756753,0.06627448098137395,0.06627321999914434,0.06627195947054955,0.06627069939549597,0.06626943977348576,0.06626818060403025,0.06626692188696587,0.06626566362189319,0.0662644058086414,0.06626314844680865,0.06626189153669558,0.0662606350762639,0.06625937906682616,0.0662581235077588,0.06625686839830992,0.06625561373921332,0.06625435952966764,0.06625310576778953,0.06625185245446374,0.06625059958950244,0.06624934717233198,0.06624809520280099,0.06624684368118565,0.06624559260595186,0.06624434197736892,0.0662430917951408,0.06624184205892952,0.0662405927684501,0.0662393439233708,0.06623809552338278,0.06623684756826763,0.06623560005769073,0.06623435299106603,0.06623310636845743,0.0662318601893288,0.06623061445402385,0.06622936916144961,0.06622812431012094,0.066226879902045,0.0662256359337298,0.06622439240931934,0.06622314932626343,0.06622190668428081,0.06622066448308722,0.06621942272230663,0.0662181814016529,0.06621694052055278,0.06621570007922334,0.06621446007699039,0.06621322051380284,0.06621198138907346,0.0662107427030233,0.06620950445471495,0.06620826664429375,0.06620702927244089,0.06620579233633962,0.06620455583697656,0.06620331977389168,0.0662020841471086,0.06620084895618822,0.06619961420081918,0.06619837988070139,0.06619714599552828,0.06619591254527359,0.06619467952876452,0.06619344694659456,0.06619221479820782,0.06619098308401475,0.06618975180159423,0.06618852095256098,0.06618729053603384,0.06618606055193013,0.06618483099968739,0.06618360187994281,0.06618237319063673,0.06618114493212442,0.06617991710447173,0.06617868970743823,0.0661774627400624,0.06617623620299723,0.06617501009583913,0.06617378441765652,0.06617255916844013,0.06617133434732503,0.06617010995512551,0.06616888599104019,0.06616766245482604,0.06616643934630331,0.06616521666483578,0.06616399441016448,0.0661627725820309,0.0661615511801853,0.06616033020434119,0.06615910965428007,0.06615788953006804,0.06615666983084036,0.06615545055590019,0.06615423170576731,0.06615301327993639,0.06615179527747027,0.06615057769920822,0.06614936054440186,0.06614814381270134,0.06614692750393429,0.0661457116176213,0.06614449615354161,0.06614328111135923,0.06614206649223994,0.06614085229323775,0.06613963851537367,0.06613842515830344,0.06613721222152098,0.0661359997048963,0.06613478760826785,0.06613357593127897,0.06613236467367155,0.06613115383515078,0.06612994341538195,0.06612873341407124,0.066127523831023,0.06612631466590406,0.06612510591852429,0.06612389758828467,0.06612268967534053,0.0661214821794424,0.06612027509957236,0.06611906843602729,0.06611786218862926,0.06611665635679045,0.06611545094050955,0.06611424593987644,0.06611304135327153,0.06611183718121491,0.06611063342335181,0.06610943007946335,0.0661082271492923,0.06610702463245618,0.06610582252842105,0.06610462083761252,0.06610341955941638,0.06610221869312914,0.066101018238991,0.0660998181968412,0.0660986185661442,0.06609741934658354,0.06609622053791933,0.06609502213987252,0.06609382415217546,0.06609262657453822,0.0660914294070743,0.06609023264914103,0.06608903629987688,0.06608784035955734,0.06608664482787056,0.06608544970470048,0.06608425499008554,0.06608306068320684,0.0660818667840589,0.06608067329396251,0.06607948020902665,0.06607828753235832,0.06607709526079425,0.06607590339522589,0.06607471193560661,0.06607352088004459,0.06607233023148247,0.06607113998805127,0.06606995014947815,0.0660687607154934,0.0660675716858242,0.06606638306019981,0.06606519483835858,0.06606400702003477,0.0660628196058856,0.06606163259377094,0.06606044598456012,0.06605925977751016,0.06605807397269556,0.06605688856969058,0.06605570356832997,0.06605451896839616,0.06605333476947019,0.0660521509713603,0.06605096757380012,0.06604978457652144,0.06604860197925785,0.06604741978174213,0.06604623798370791,0.06604505658553671,0.06604387558566867,0.06604269498427556,0.0660415147816809,0.06604033497788349,0.06603915557178776,0.0660379765628026,0.06603679795178294,0.06603561973794377,0.06603444192027827,0.06603326449911262,0.06603208747430851,0.06603091084614321,0.06602973461310944,0.06602855877633651,0.06602738333400973,0.06602620828667785,0.06602503363407983,0.06602385937595408,0.06602268551203942,0.06602151204207546,0.0660203389656312,0.06601916628259248,0.06601799399254991,0.06601682209572608,0.06601565058993825,0.06601447947823388,0.06601330875859275,0.06601213843089539,0.06601096849481312,0.06600979895014716,0.0660086297965264,0.06600746103202262,0.06600629265988465,0.0660051246777884,0.06600395708598189,0.06600278988402399,0.06600162307163149,0.0660004566485672,0.06599929061367733,0.0659981249682911,0.06599695971174077,0.06599579484342319,0.0659946303626167,0.0659934662698215,0.06599230256468937,0.06599113924666043,0.06598997631573347,0.06598881377173223,0.06598765161397945,0.0659864898423075,0.06598532845737644,0.0659841674575827,0.06598300684324104,0.06598184661394475,0.06598068676981567,0.06597952731056721,0.06597836823559187,0.06597720954501558,0.06597605123825488,0.06597489331539025,0.06597373577597593,0.06597257861988241,0.06597142184773691,0.06597026545648912,0.06596910944856049,0.06596795382296444,0.06596679857971974,0.06596564371786523,0.06596448923852866,0.06596333513927129,0.06596218142159228,0.06596102808233818,0.06595987512477462,0.0659587225479556,0.06595757035176422,0.0659564185346925,0.06595526709689446,0.0659541160385656,0.06595296535936328,0.06595181505902371,0.0659506651369413,0.06594951559313773,0.06594836642725391,0.06594721763918843,0.06594606922873275,0.06594492119640594,0.06594377354014538,0.06594262626138132,0.06594147935916149,0.06594033283268913,0.06593918668229054,0.065938040907731,0.0659368955091004,0.06593575048556814,0.06593460583665105,0.06593346156408986,0.0659323176649857,0.0659311741407702,0.06593003099010807,0.06592888821339303,0.06592774580979345,0.0659266037800616,0.06592546212381545,0.06592432084027446,0.06592317992957239,0.06592203939166065,0.06592089922560246,0.0659197594311868,0.06591862000873434,0.06591748095805212,0.06591634227857206,0.06591520397093519,0.06591406603365163,0.06591292846674487,0.0659117912700344,0.0659106544429866,0.06590951798660999,0.0659083818995238,0.06590724618173914,0.06590611083301989,0.06590497585307727,0.06590384124138526,0.065902706998635,0.06590157312294634,0.06590043961623618,0.06589930647750367,0.06589817370463324,0.06589704130054716,0.06589590926303539,0.06589477759254378,0.06589364628833107,0.06589251535041828,0.06589138477852352,0.06589025457245795,0.06588912473218371,0.06588799525708501,0.0658868661470419,0.06588573740217045,0.06588460902179373,0.06588348100576151,0.06588235335402634,0.06588122606642913,0.06588009914339978,0.06587897258291193,0.0658778463860506,0.06587672055187054,0.06587559508053215,0.06587446997203363,0.06587334522564578,0.06587222084179753,0.06587109682024135,0.06586997316008512,0.06586884986083591,0.06586772692261457,0.06586660434554362,0.06586548212922412,0.0658643602734368,0.06586323877776397,0.06586211764232698,0.06586099686656882,0.06585987645057469,0.0658587563947063,0.06585763669726481,0.0658565173587088,0.06585539837891982,0.06585427975770655,0.06585316149454856,0.0658520435895867,0.06585092604236939,0.06584980885270435,0.06584869202183698,0.0658475755466948,0.0658464594284503,0.06584534366714281,0.06584422826198781,0.06584311321311463,0.06584199852032234,0.06584088418322806,0.06583977019951978,0.06583865657334231,0.06583754330224606,0.0658364303860764,0.06583531782423598,0.06583420561712788,0.06583309376431852,0.06583198226532742,0.0658308711202888,0.06582976032869861,0.0658286498905467,0.06582753980541531,0.06582643007352827,0.06582532069411197,0.06582421166701098,0.06582310299215445,0.06582199466929596,0.06582088669819308,0.06581977907685799,0.06581867180868488,0.06581756489156862,0.06581645832542429,0.06581535210969723,0.06581424624423093,0.06581314072936598,0.06581203556453487,0.06581093074951623,0.06580982628419182,0.06580872216830273,0.06580761840153965,0.06580651498394717,0.065805411914439,0.06580430919346622,0.06580320682112123,0.06580210479704307,0.06580100312038102,0.06579990179183515,0.06579880081037837,0.06579770017617345,0.065796599889076,0.06579549994896795,0.06579440035504232,0.0657933011080821,0.06579220220680845,0.06579110365175024,0.06579000544211512,0.06578890757803363,0.06578781005923282,0.06578671288495234,0.0657856160554951,0.06578451957070841,0.06578342343083847,0.06578232763554402,0.06578123218352887,0.06578013707441502,0.06577904231040321,0.06577794788917425,0.06577685381137796,0.06577576007656355,0.06577466668477909,0.06577357363494644,0.06577248092767149,0.06577138856136666,0.06577029653799475,0.06576920485618228,0.06576811351575795,0.06576702251664873,0.06576593185829704,0.06576484154105051,0.06576375156442052,0.06576266192819752,0.0657615726321723,0.0657604836761356,0.06575939505987838,0.06575830678319189,0.0657572188459349,0.0657561312477645,0.06575504398860718,0.06575395706812,0.06575287048616264,0.06575178424252726,0.0657506983370066,0.06574961276946109,0.06574852753961703,0.06574744264717955,0.06574635809211507,0.06574527387404282,0.06574418999262847,0.06574310644818676,0.06574202323990051,0.06574094036810274,0.06573985783220786,0.06573877563186019,0.06573769376743642,0.06573661223807525,0.06573553104553877,0.06573445018676406,0.06573336966321112,0.06573228947386546,0.0657312096194263,0.06573013009892481,0.0657290509132825,0.06572797206058863,0.06572689354149368,0.06572581535579453,0.06572473750328817,0.06572365998377198,0.06572258279704334,0.06572150594289991,0.06572042942113945,0.06571935323155996,0.06571827737395965,0.06571720184813684,0.06571612665389011,0.06571505179101816,0.06571397725931992,0.06571290305859448,0.06571182918864109,0.06571075564925921,0.06570968244024852,0.06570860956140882,0.06570753701254009,0.06570646479344254,0.06570539290391648,0.06570432134376254,0.06570325011278141,0.06570217921077401,0.06570110863754139,0.06570003839288485,0.06569896847660579,0.06569789888850593,0.065696829628387,0.06569576069605099,0.06569469209123499,0.06569362381387155,0.06569255586369804,0.06569148824045212,0.0656904209440014,0.06568935397414992,0.06568828733070046,0.06568722101345609,0.06568615502222067,0.06568508935679805,0.06568402401699217,0.0656829590026065,0.0656818943134461,0.06568082994931505,0.0656797659100183,0.06567870219536062,0.06567763880514711,0.0656765757391831,0.06567551299727352,0.06567445057922378,0.06567338848483989,0.0656723267139276,0.0656712652662925,0.06567020414174182,0.06566914334008124,0.06566808286159172,0.06566702270560455,0.06566596287192773,0.06566490336036761,0.06566384417025967,0.0656627853023557,0.06566172675599234,0.06566066853097606,0.06565961062711564,0.06565855304421865,0.06565749578209334,0.06565643884054863,0.06565538221939289,0.06565432591843628,0.06565326993748612,0.06565221427635051,0.0656511589348396,0.0656501039127641,0.06564904920993359,0.06564799482615614,0.06564694076124371,0.0656458870150052,0.065644833587251,0.06564378047779211,0.06564272768643822,0.06564167521300286,0.06564062305729455,0.065639571219125,0.06563851969830517,0.06563746849464787,0.06563641760796353,0.06563536703806419,0.06563431678476249,0.06563326684786995,0.0656322172271995,0.06563116792256309,0.06563011893377452,0.06562907026064488,0.06562802190298833,0.06562697386061685,0.0656259261333454,0.06562487872098736,0.06562383162335589,0.06562278484026475,0.0656217383715286,0.06562069221695997,0.06561964637637523,0.0656186008495874,0.06561755563641239,0.06561651073666423,0.06561546615015824,0.06561442187670932,0.06561337791613257,0.06561233426824342,0.06561129093285815,0.06561024790979253,0.06560920519886242,0.0656081627998829,0.06560712071267234,0.06560607893704512,0.06560503747281866,0.0656039963198106,0.0656029554778374,0.0656019149467157,0.06560087472626291,0.06559983481629587,0.06559879521663296,0.065597755927092,0.06559671694749096,0.06559567827764679,0.0655946399173794,0.06559360186650616,0.0655925641248452,0.06559152669221566,0.0655904895684365,0.0655894527533272,0.06558841624670597,0.06558738004839311,0.06558634415820803,0.06558530857596959,0.06558427330149796,0.06558323833461277,0.06558220367513518,0.0655811693228851,0.0655801352776818,0.06557910153934764,0.06557806810770295,0.06557703498256821,0.06557600216376408,0.06557496965111242,0.06557393744443453,0.06557290554355202,0.06557187394828652,0.06557084265845972,0.06556981167389384,0.06556878099441148,0.06556775061983308,0.06556672054998224,0.06556569078468251,0.06556466132375548,0.06556363216702414,0.06556260331431216,0.06556157476544358,0.06556054652023993,0.06555951857852622,0.0655584909401252,0.06555746360486214,0.06555643657255977,0.06555540984304224,0.0655543834161336,0.06555335729165973,0.06555233146944404,0.06555130594931194,0.06555028073108732,0.06554925581459546,0.06554823119966326,0.06554720688611562,0.06554618287377749,0.06554515916247339,0.06554413575202973,0.06554311264227254,0.06554208983302902,0.06554106732412504,0.06554004511538693,0.0655390232066421,0.06553800159771535,0.06553698028843494,0.06553595927862753,0.06553493856812079,0.06553391815674149,0.06553289804431622,0.06553187823067456,0.06553085871564354,0.06552983949905157,0.06552882058072614,0.06552780196049453,0.06552678363818573,0.06552576561362931,0.06552474788665416,0.06552373045708736,0.06552271332475858,0.06552169648949739,0.06552067995113176,0.06551966370949229,0.06551864776440748,0.06551763211570755,0.06551661676322265,0.06551560170678282,0.06551458694621776,0.06551357248135725,0.0655125583120337,0.06551154443807652,0.06551053085931657,0.06550951757558426,0.06550850458671179,0.06550749189252976,0.06550647949286754,0.06550546738755936,0.06550445557643526,0.0655034440593283,0.06550243283606741,0.06550142190648753,0.0655004112704206,0.06549940092769743,0.06549839087815079,0.06549738112161511,0.06549637165792185,0.0654953624869018,0.0654943536083916,0.06549334502222287,0.06549233672822816,0.06549132872624204,0.0654903210160978,0.06548931359762894,0.06548830647066933,0.06548729963505254,0.0654862930906144,0.06548528683718777,0.06548428087460723,0.06548327520270839,0.06548226982132578,0.06548126473029324,0.06548025992944563,0.06547925541862022,0.0654782511976501,0.06547724726636993,0.06547624362461697,0.0654752402722274,0.06547423720903649,0.06547323443487912,0.0654722319495928,0.06547122975301323,0.06547022784497775,0.06546922622532148,0.06546822489388106,0.0654672238502334,0.06546622309477687,0.06546522262667091,0.06546422244612574,0.06546322255332307,0.06546222294740865,0.06546122362858173,0.06546022459649836,0.06545922585120113,0.06545822739300311,0.0654572292208385,0.06545623133487313,0.06545523373510666,0.06545423642127583,0.06545323939322178,0.06545224265082089,0.06545124619394892,0.0654502500222683,0.06544925413577135,0.0654482585343185,0.06544726321768407,0.06544626818570781,0.06544527343822971,0.0654442789750897,0.06544328479612778,0.06544229090118425,0.06544129729009937,0.06544030396271387,0.06543931091886791,0.06543831815840268,0.065437325681159,0.06543633348697789,0.06543534157570055,0.06543434994716826,0.06543335860122225,0.06543236753770426,0.06543137675645598,0.0654303862573193,0.06542939604013621,0.06542840610474862,0.0654274164509988,0.06542642707872917,0.06542543798778228,0.06542444917800079,0.06542346064922731,0.06542247240130478,0.06542148443407599,0.06542049674738473,0.06541950934107367,0.06541852221498659,0.06541753536896698,0.06541654880285828,0.06541556251650468,0.06541457650974947,0.06541359078243718,0.06541260533441204,0.06541162016551831,0.0654106352756004,0.06540965066450272,0.0654086663320704,0.06540768227814804,0.06540669850258066,0.0654057150052133,0.06540473178589105,0.06540374884445986,0.06540276618076454,0.06540178379465111,0.06540080168596518,0.06539981985455266,0.06539883830025953,0.0653978570229318,0.06539687602226166,0.065395895297973,0.06539491485050986,0.0653939346796925,0.06539295478493455,0.06539197516627884,0.06539099582349561,0.06539001675612456,0.06538903796453026,0.0653880594485224,0.06538708120754097,0.06538610324196628,0.06538512555008409,0.06538414813428918,0.06538317099315472,0.06538219412656211,0.06538121753432717,0.06538024121603793,0.06537926517202178,0.06537828940197583,0.06537731390571051,0.06537633868254752,0.06537536373326348,0.06537438905487593,0.06537341465042462,0.0653724405195291,0.0653714666626919,0.0653704930784832,0.0653695197668072,0.06536854672763061,0.06536757396087906,0.06536660146600431,0.0653656292426345,0.06536465729150166,0.06536368561202775,0.06536271420415457,0.0653617430675527,0.06536077220219882,0.06535980160787132,0.06535883128455348,0.0653578612319056,0.06535689144989709,0.06535592193836219,0.06535495269721216,0.0653539837249795,0.06535301502393227,0.06535204659142216,0.06535107842997862,0.06535011053811589,0.06534914291550088,0.06534817556306526,0.06534720847722958,0.06534624166202763,0.06534527511594597,0.06534430883662641,0.06534334282553222,0.06534237708506062,0.06534141161177509,0.06534044640903644,0.06533948147158114,0.06533851680322449,0.06533755240251761,0.06533658826932656,0.06533562440356394,0.06533466080379265,0.0653336974736549,0.06533273441004017,0.06533177161103214,0.06533080908028528,0.06532984681567743,0.06532888481743193,0.06532792308554172,0.06532696161974742,0.06532600041998403,0.06532503948397121,0.06532407881537676,0.065323118411843,0.06532215827419306,0.0653211984016627,0.06532023879412616,0.06531927945154123,0.06531832037370489,0.06531736156051156,0.06531640301159725,0.06531544472723956,0.06531448670729613,0.06531352895123353,0.06531257145900772,0.06531161422940192,0.06531065726465246,0.06530970056331738,0.06530874412530355,0.06530778795051939,0.06530683203875634,0.06530587638992232,0.06530492100275152,0.06530396587908338,0.06530301101811366,0.06530205641962805,0.06530110208320287,0.06530014800883778,0.06529919419645157,0.06529824064561099,0.06529728735703187,0.06529633432954901,0.06529538156385888,0.06529442905870879,0.06529347681480668,0.0652925248319419,0.06529157310981236,0.06529062164833935,0.0652896704475011,0.0652887195068767,0.06528776882645344,0.06528681840620634,0.06528586824610998,0.06528491834550677,0.0652839687046327,0.06528301932332418,0.06528207020132432,0.06528112133933948,0.06528017273463882,0.06527922439034642,0.06527827630455629,0.06527732847725003,0.0652763809097412,0.06527543359946338,0.0652744865475794,0.06527353975153889,0.0652725932158107,0.06527164693793273,0.06527070091756726,0.06526975515478618,0.06526880965036914,0.06526786440256444,0.06526691941198573,0.065265974675876,0.06526503019916968,0.06526408597923579,0.06526314201697266,0.06526219830769829,0.06526125485489385,0.06526031166075015,0.06525936872262891,0.06525842604014889,0.06525748361370833,0.06525654144294861,0.06525559952789506,0.06525465786808805,0.06525371646244299,0.06525277531096822,0.06525183441660837,0.0652508937775422,0.0652499533926577,0.06524901326126699,0.0652480733853674,0.06524713376377536,0.0652461943962935,0.06524525528290998,0.06524431642342796,0.06524337781778972,0.06524243946474045,0.06524150136392513,0.06524056351858568,0.06523962592659122,0.06523868858769052,0.06523775150178393,0.06523681466738832,0.06523587808567749,0.06523494175780911,0.06523400568134494,0.06523306985822445,0.06523213428730315,0.06523119896832405,0.06523026390123395,0.0652293290858983,0.06522839452218487,0.06522746020995995,0.0652265261491398,0.06522559233952642,0.06522465878104831,0.06522372547227405,0.06522279241549793,0.06522185961010832,0.06522092705463926,0.0652199947483952,0.06521906269364212,0.06521813088903376,0.06521719933320462,0.06521626802852969,0.0652153369735853,0.06521440616827517,0.06521347561246883,0.06521254530603407,0.06521161524838207,0.06521068544010483,0.06520975588099902,0.06520882656953951,0.06520789750574836,0.06520696869279177,0.06520604012828934,0.06520511181100999,0.06520418374296463,0.06520325592265379,0.06520232835048116,0.06520140102627063,0.06520047394975508,0.06519954712034118,0.06519862053652893,0.06519769420225008,0.06519676811301627,0.06519584227192475,0.06519491667871471,0.06519399133186755,0.06519306623035523,0.06519214137666866,0.06519121676973898,0.06519029240772976,0.06518936829278826,0.06518844442302066,0.06518752080030639,0.06518659742332376,0.06518567429155776,0.06518475140565404,0.06518382876509661,0.0651829063698971,0.06518198421964819,0.06518106231436102,0.06518014065390823,0.06517921923718428,0.06517829806590537,0.06517737713915235,0.06517645645656672,0.0651755360168148,0.06517461582268709,0.06517369587243527,0.06517277616606384,0.06517185670337947,0.065170937482438,0.06517001850663662,0.06516909977425395,0.06516818128339025,0.06516726303476389,0.06516634503154278,0.06516542727112218,0.06516450975200588,0.06516359247533866,0.06516267544248236,0.06516175865204801,0.06516084210374087,0.06515992579747867,0.06515900973311337,0.06515809391056425,0.0651571783296831,0.06515626298835994,0.06515534789049665,0.06515443303245196,0.0651535184169922,0.06515260404257499,0.06515168990720975,0.06515077601253667,0.0651498623604978,0.06514894894900364,0.06514803577792799,0.0651471228468735,0.06514621015379328,0.0651452977032288,0.06514438549258572,0.06514347352164186,0.06514256179047063,0.06514165029884966,0.06514073904638984,0.06513982803349819,0.06513891725978577,0.06513800672377817,0.06513709642805424,0.0651361863711394,0.06513527655282061,0.06513436697159658,0.06513345763027902,0.06513254852630695,0.06513163966151313,0.06513073103464662,0.06512982264573852,0.0651289144931855,0.0651280065799295,0.06512709890426273,0.06512619146469228,0.06512528426383384,0.0651243772991889,0.06512347057145092,0.06512256408213908,0.06512165782931148,0.06512075181314737,0.06511984603373348,0.06511894049078813,0.06511803518268715,0.0651171301123719,0.06511622527817738,0.0651153206797636,0.06511441631498857,0.06511351218760554,0.06511260829670105,0.06511170464130284,0.0651108012213066,0.06510989803655089,0.06510899508683167,0.06510809237215191,0.06510718989254313,0.0651062876469387,0.06510538563681387,0.0651044838611954,0.06510358231999334,0.06510268101292191,0.06510177994026355,0.06510087910182731,0.06509997849712483,0.06509907812632383,0.06509817798929612,0.06509727808581105,0.06509637841571175,0.06509547897874192,0.06509457977524351,0.06509368080491093,0.06509278206766211,0.06509188356177949,0.06509098529017618,0.06509008725110048,0.06508918944457999,0.06508829186894861,0.06508739452710521,0.06508649741740476,0.06508560053991508,0.06508470389412209,0.06508380748052499,0.06508291129807611,0.06508201534610406,0.06508111962712802,0.06508022413850459,0.06507932888202674,0.06507843385686145,0.06507753906258157,0.06507664449919986,0.06507575016656943,0.06507485606451632,0.06507396219293721,0.06507306855173363,0.0650721751409887,0.06507128196035405,0.06507038900982624,0.06506949628917696,0.06506860379654786,0.06506771153551175,0.0650668195040757,0.06506592770214358,0.06506503612948164,0.0650641447865279,0.0650632536711325,0.06506236278594305,0.06506147212968377,0.06506058170218779,0.06505969150336291,0.06505880153290312,0.06505791178981085,0.06505702227632276,0.06505613299114903,0.06505524393386207,0.06505435510468827,0.06505346650325473,0.06505257812863321,0.06505168998257047,0.06505080206415807,0.06504991437290687,0.06504902690885732,0.06504813967228348,0.065047252662713,0.06504636587810858,0.06504547932116664,0.0650445929909079,0.06504370688844438,0.06504282101164707,0.06504193536267822,0.06504104993991287,0.06504016474227978,0.06503927977002454,0.06503839502427602,0.06503751050488386,0.06503662621136928,0.06503574214326034,0.06503485830112476,0.06503397468261596,0.06503309129036039,0.06503220812346207,0.06503132518158569,0.06503044246440441,0.06502955997222562,0.06502867770450489,0.06502779565990528,0.0650269138403486,0.0650260322449962,0.06502515087525247,0.06502426972841484,0.06502338880665863,0.06502250810768682,0.0650216276336928,0.06502074738392104,0.06501986735716213,0.06501898755487774,0.06501810797577208,0.06501722861981925,0.0650163494861135,0.06501547057543237,0.06501459188776615,0.06501371342275135,0.06501283518118821,0.06501195716066106,0.06501107936356498,0.06501020178836421,0.06500932443431498,0.06500844730376978,0.06500757039514385,0.0650066937071452,0.06500581724114442,0.0650049409978114,0.06500406497611426,0.0650031891756838,0.06500231359680957,0.06500143823893906,0.06500056310245227,0.06499968818856461,0.0649988134939774,0.06499793902054535,0.06499706476744714,0.06499619073589806,0.06499531692384689,0.06499444333243524,0.06499356996097545,0.06499269681125423,0.06499182387999117,0.06499095116865257,0.06499007867713383,0.06498920640537592,0.06498833435316072,0.06498746252048676,0.0649865909059665,0.06498571951192447,0.06498484833566276,0.06498397737981396,0.06498310664291292,0.06498223612484444,0.06498136582487105,0.06498049574291508,0.0649796258807245,0.06497875623696452,0.06497788681157454,0.06497701760428187,0.06497614861517512,0.06497527984394247,0.06497441129061254,0.06497354295501118,0.06497267483706311,0.0649718069366604,0.06497093925369637,0.06497007178806609,0.06496920453835452,0.06496833750707448,0.06496747069148265,0.06496660409412491,0.06496573771356072,0.06496487154956476,0.06496400560229065,0.06496313987027937,0.06496227435585938,0.06496140905753156,0.06496054397553186,0.06495967910959549,0.064958814459602,0.06495795002418345,0.06495708580578098,0.06495622180299812,0.06495535801574251,0.06495449444393174,0.06495363108829304,0.06495276794703983,0.06495190502091601,0.0649510423094414,0.06495017981313614,0.06494931753173065,0.0649484554648911,0.0649475936127429,0.06494673197495601,0.06494587055020846,0.06494500934114814,0.06494414834616426,0.06494328756525158,0.0649424269982623,0.06494156664525112,0.06494070650584083,0.06493984658009773,0.06493898686787032,0.06493812737009896,0.06493726808470844,0.06493640901255283,0.06493555015342259,0.06493469150744423,0.06493383307448314,0.06493297485423088,0.06493211684651583,0.06493125905138686,0.06493040146889656,0.0649295440986541,0.06492868694069877,0.06492782999502383,0.06492697326132055,0.06492611673961604,0.06492526042978596,0.06492440433172188,0.06492354844533438,0.06492269277051858,0.06492183730715077,0.06492098205514447,0.06492012701439212,0.0649192721851754,0.06491841756663962,0.06491756315904669,0.0649167089624284,0.06491585497658331,0.06491500120126928,0.06491414763645659,0.064913294282265,0.06491244113827115,0.0649115882044763,0.06491073548081189,0.06490988296723255,0.06490903066357323,0.06490817856973773,0.06490732668558297,0.0649064750110704,0.06490562354612905,0.06490477229066936,0.0649039212444272,0.06490307040741106,0.06490221977953171,0.06490136936073597,0.06490051915078375,0.06489966914963874,0.06489881935738531,0.0648979697735897,0.06489712039831262,0.06489627123145719,0.06489542227291345,0.06489457352268418,0.06489372498048632,0.06489287664627102,0.06489202852000432,0.06489118060153201,0.06489033289088172,0.06488948538787903,0.06488863809234756,0.06488779100422147,0.0648869441244789,0.0648860974507731,0.06488525098419674,0.06488440472462523,0.06488355867205643,0.06488271282634386,0.0648818671872353,0.06488102175492216,0.06488017652910925,0.06487933150955569,0.06487848669632296,0.0648776420893051,0.0648767976887212,0.06487595349386051,0.06487510950491515,0.06487426572179883,0.06487342214441325,0.06487257877267448,0.06487173560646857,0.06487089264551034,0.06487004989034291,0.06486920734012226,0.06486836499504259,0.0648675228551095,0.06486668092002124,0.0648658391897588,0.0648649976642785,0.06486415634341347,0.06486331522713894,0.0648624743153841,0.06486163360789073,0.06486079310464794,0.0648599528056055,0.06485911271058199,0.06485827281962807,0.06485743313244433,0.06485659364904454,0.06485575436930038,0.06485491529316974,0.06485407642048419,0.06485323775111455,0.06485239928512393,0.06485156102231933,0.06485072296262284,0.0648498851059147,0.06484904745207672,0.06484821000119259,0.06484737275288355,0.06484653570719813,0.0648456988640179,0.06484486222334089,0.06484402578489185,0.0648431895486589,0.06484235351456132,0.06484151768249907,0.06484068205282748,0.06483984662444262,0.06483901139802685,0.06483817637322915,0.06483734154992617,0.06483650692804446,0.06483567250768742,0.06483483828843746,0.06483400427043104,0.0648331704534403,0.0648323368374311,0.06483150342240146,0.06483067020817754,0.06482983719454465,0.06482900438151303,0.06482817176899028,0.06482733935713329,0.06482650714535435,0.0648256751337906,0.06482484332265429,0.06482401171137171,0.06482318029990168,0.06482234908830757,0.06482151807690192,0.06482068726470931,0.06481985665206749,0.06481902623890444,0.06481819602510253,0.06481736601065237,0.06481653619576586,0.0648157065789031,0.06481487716164615,0.06481404794398908,0.06481321892448724,0.06481239010366736,0.06481156148252223,0.06481073305886347,0.06480990483375547,0.0648090768069937,0.06480824897848865,0.06480742134811142,0.06480659391571077,0.06480576668134756,0.06480493964488357,0.06480411280618657,0.06480328616509848,0.06480245972166811,0.06480163347642223,0.06480080742789862,0.0647999815766617,0.06479915592265394,0.06479833046591348,0.06479750520607619,0.06479668014338112,0.06479585527735836,0.06479503060812636,0.06479420613558429,0.0647933818595941,0.06479255778005734,0.06479173389697748,0.06479091021018323,0.064790086719695,0.06478926342525453,0.06478844032690594,0.06478761742610732,0.06478679471946934,0.06478597220858776,0.06478514989337299,0.06478432777372231,0.06478350584910476,0.06478268412046155,0.06478186258803675,0.06478104125097649,0.06478022010783446,0.06477939915975484,0.0647785784065911,0.06477775784827071,0.06477693748472212,0.06477611731590048,0.06477529734164929,0.06477447756178002,0.06477365797632964,0.06477283858452824,0.06477201938755862,0.06477120038471375,0.064770381575894,0.06476956296101548,0.06476874453999594,0.06476792631270473,0.06476710827914653,0.06476629043913337,0.06476547279260002,0.06476465533963413,0.06476383807984672,0.06476302101324406,0.06476220413883646,0.06476138745841135,0.06476057097094465,0.06475975467632511,0.06475893857496438,0.0647581226658053,0.0647573069492396,0.06475649142449083,0.06475567609288962,0.06475486095357912,0.0647540460064101,0.0647532312514724,0.06475241668859906,0.06475160231768422,0.0647507881386567,0.06474997415145255,0.06474916035595395,0.06474834675204892,0.06474753333974845,0.06474672011878349,0.06474590708931006,0.06474509425098507,0.06474428160381092,0.06474346914772731,0.06474265688262412,0.06474184480842866,0.0647410329250622,0.06474022123229656,0.06473940973012803,0.06473859841860281,0.06473778729765702,0.0647369763671595,0.06473616562746311,0.06473535507739027,0.06473454471734295,0.06473373454739109,0.06473292456738934,0.06473211477724103,0.06473130517701821,0.06473049576631765,0.06472968654521204,0.06472887751360276,0.06472806867141614,0.06472726001856217,0.06472645155495008,0.06472564328025932,0.0647248351948606,0.06472402729848159,0.06472321959097639,0.06472241207228129,0.06472160474220467,0.06472079760100363,0.06471999064821707,0.0647191838838845,0.06471837730741051,0.06471757092088494,0.06471676472145203,0.06471595871012241,0.06471515288689882,0.06471434725153134,0.06471354180393006,0.06471273654414869,0.06471193147216321,0.06471112658923252,0.0647103218924144,0.06470951738292441,0.06470871306063708,0.06470790892468896,0.06470710497633513,0.06470630121556918,0.06470549764219335,0.06470469425550447,0.0647038910556489,0.06470308804220194,0.0647022852156247,0.06470148257573222,0.0647006801223514,0.06469987785539219,0.06469907577300509,0.06469827387858326,0.06469747217044854,0.0646966706480187,0.06469586931167436,0.06469506816135907,0.06469426719671457,0.0646934664179334,0.064692665824875,0.06469186541716171,0.0646910651949406,0.06469026515809377,0.06468946530668955,0.06468866564056827,0.06468786615959239,0.06468706686359281,0.06468626775243498,0.06468546882630638,0.06468467008484102,0.06468387152816396,0.06468307315616907,0.06468227496871924,0.064681476965635,0.06468067914703651,0.06467988151271697,0.0646790840626311,0.06467828679654593,0.06467748971464339,0.064676692817869,0.06467589610372675,0.06467509957346236,0.06467430322691237,0.06467350706413381,0.06467271108484451,0.06467191528899416,0.0646711196764238,0.06467032424674389,0.06466952900303059,0.06466873394001034,0.06466793906018006,0.06466714436343698,0.06466634984864153,0.06466555551741385,0.06466476136791648,0.06466396740202165,0.06466317361874523,0.06466238001825894,0.06466158660042813,0.06466079336332804,0.06466000030991251,0.06465920743821568,0.06465841474843848,0.06465762224069618,0.06465682991495958,0.06465603777116438,0.06465524580890547,0.06465445402817074,0.06465366242991558,0.06465287101328017,0.06465207977707257,0.06465128872228447,0.0646504978501086,0.06464970715760787,0.06464891664629756,0.0646481263159753,0.06464733616657652,0.0646465461981131,0.06464575641026259,0.06464496680314383,0.0646441773766489,0.06464338813063265,0.06464259906504859,0.06464181017967947,0.06464102147558544,0.06464023295049214,0.06463944460582226,0.06463865644117736,0.06463786845653278,0.06463708065169907,0.0646362930265168,0.06463550558154874,0.06463471831550842,0.06463393122919682,0.06463314432246244,0.06463235759512596,0.06463157104700862,0.06463078467819944,0.06462999848858378,0.0646292124780245,0.0646284266464006,0.06462764099374056,0.06462685551983921,0.0646260702246746,0.06462528510817811,0.06462450017026483,0.06462371540996581,0.06462293082897722,0.06462214642644758,0.06462136220176277,0.0646205781556628,0.06461979428756177,0.06461901059811084,0.06461822708604727,0.06461744375145992,0.06461666059580053,0.0646158776175103,0.06461509481638165,0.06461431219291879,0.06461352974793137,0.06461274747919545,0.06461196538793011,0.06461118347487446,0.06461040173753324,0.06460962017759436,0.06460883879464814,0.06460805758913662,0.06460727655993166,0.06460649570717573,0.06460571503119723,0.06460493453172134,0.06460415420911722,0.06460337406289662,0.06460259409310767,0.06460181429844836,0.06460103468182465,0.06460025524077659,0.0645994759757797,0.06459869688805908,0.06459791797485208,0.06459713923644976,0.06459636067598419,0.06459558229003198,0.06459480408135987,0.06459402604615191,0.06459324818749153,0.06459247050338296,0.06459169299456682,0.06459091566227422,0.0645901385037561,0.06458936152149314,0.06458858471381262,0.06458780807993456,0.064587031622549,0.06458625533853389,0.06458547922979145,0.06458470329499176,0.0645839275347502,0.06458315194978435,0.06458237653841029,0.06458160130121969,0.06458082623873153,0.06458005134951321,0.06457927663627158,0.06457850209508705,0.06457772772904057,0.06457695353576318,0.06457617951624307,0.06457540567091875,0.06457463199873038,0.06457385850052792,0.06457308517599684,0.06457231202530402,0.0645715390470685,0.06457076624275325,0.06456999361119313,0.06456922115240828,0.06456844886604657,0.06456767675311438,0.06456690481360224,0.06456613304574293,0.06456536145075574,0.06456459002717443,0.06456381877772545,0.06456304770017669,0.06456227679468275,0.06456150606169925,0.06456073550148987,0.06455996511400879,0.06455919489798204,0.06455842485380647,0.06455765498166201,0.06455688528095714,0.06455611575281266,0.064555346395551,0.06455457721096278,0.06455380819684477,0.06455303935420457,0.06455227068286641,0.06455150218429695,0.06455073385558323,0.06454996569918518,0.0645491977127133,0.06454842989846478,0.06454766225430543,0.06454689478064464,0.0645461274779015,0.06454536034608951,0.06454459338425164,0.06454382659380799,0.06454305997333465,0.0645422935229113,0.06454152724315432,0.06454076113377888,0.06453999519465495,0.0645392294251888,0.06453846382581423,0.06453769839642293,0.06453693313727057,0.06453616804904115,0.064535403129019,0.06453463837881764,0.0645338737981644,0.06453310938762416,0.06453234514531725,0.06453158107338804,0.06453081717170712,0.06453005343644316,0.06452928987214836,0.06452852647692806,0.06452776325079126,0.06452700019458117,0.06452623730624313,0.06452547458664594,0.06452471203601785,0.06452394965375152,0.06452318744015643,0.06452242539500655,0.06452166351828861,0.06452090180988986,0.06452014026985597,0.06451937889833605,0.0645186176962946,0.0645178566604601,0.0645170957932469,0.06451633509355799,0.06451557456233606,0.06451481419823231,0.06451405400183667,0.06451329397294993,0.06451253411232025,0.06451177441763031,0.06451101489132294,0.06451025553245167,0.0645094963406827,0.06450873731693398,0.0645079784590895,0.06450721976878211,0.06450646124540581,0.06450570288888002,0.06450494469890633,0.0645041866760228,0.06450342881971323,0.06450267113013554,0.064501913607061,0.06450115625053766,0.06450039906086649,0.06449964203704035,0.06449888518022703,0.06449812848881631,0.0644973719635456,0.0644966156042662,0.06449585941181846,0.06449510338397582,0.06449434752293254,0.06449359182695276,0.06449283629675254,0.06449208093283816,0.06449132573437774,0.0644905707009797,0.06448981583342275,0.06448906113069648,0.064488306593237,0.06448755222097001,0.06448679801347335,0.06448604397146832,0.06448529009382274,0.06448453638163915,0.06448378283424597,0.06448302945217538,0.0644822762337543,0.06448152318063413,0.06448077029184189,0.06448001756743943,0.06447926500754028,0.06447851261165723,0.06447776038051878,0.06447700831302303,0.06447625641012379,0.06447550467124236,0.06447475309635337,0.06447400168541635,0.06447325043833835,0.06447249935448934,0.0644717484344695,0.06447099767857857,0.06447024708614704,0.06446949665718511,0.06446874639132975,0.0644679962899937,0.0644672463508897,0.06446649657533911,0.06446574696284467,0.06446499751350498,0.06446424822713953,0.06446349910366449,0.06446275014310507,0.06446200134532336,0.06446125271026623,0.06446050423792937,0.06445975592901616,0.06445900778179875,0.06445825979709663,0.06445751197469601,0.06445676431532261,0.06445601681798901,0.06445526948182101,0.06445452230868401,0.06445377529711792,0.06445302844714945,0.0644522817590003,0.0644515352332094,0.06445078886958039,0.06445004266763936,0.06444929662676628,0.0644485507480704,0.06444780503077308,0.06444705947409421,0.06444631407895053,0.06444556884518088,0.06444482377280995,0.06444407886166985,0.06444333411152514,0.06444258952189988,0.06444184509423838,0.06444110082684884,0.06444035671984301,0.0644396127740699,0.06443886898895325,0.06443812536479994,0.06443738190082998,0.06443663859793435,0.06443589545444837,0.0644351524716724,0.06443440964886506,0.06443366698654275,0.06443292448403787,0.06443218214193479,0.06443143995932941,0.06443069793665873,0.06442995607399678,0.06442921437084975,0.06442847282742102,0.06442773144486295,0.06442699022122458,0.0644262491566591,0.06442550825200993,0.064424767506806,0.06442402692089208,0.06442328649382387,0.06442254622628714,0.06442180611818617,0.06442106616881173,0.06442032637874587,0.0644195867473498,0.06441884727471854,0.06441810796030756,0.06441736880524773,0.06441662980836342,0.06441589096987317,0.06441515229049305,0.06441441376949143,0.06441367540636989,0.06441293720153204,0.06441219915550406,0.06441146126710286,0.06441072353736595,0.06440998596574055,0.06440924855206746,0.06440851129626546,0.06440777419835426,0.06440703725822434,0.06440630047545846,0.06440556385097508,0.0644048273837561,0.064404091073577,0.0644033549213696,0.06440261892622001,0.0644018830881637,0.06440114740850542,0.06440041188581963,0.06439967651986732,0.06439894131100733,0.06439820625907852,0.06439747136282949,0.06439673662410911,0.06439600204274715,0.06439526761868646,0.06439453335080716,0.0643937992393868,0.06439306528459285,0.06439233148623842,0.06439159784371407,0.0643908643581267,0.06439013102899976,0.06438939785582148,0.06438866483895547,0.0643879319782178,0.06438719927332523,0.06438646672430076,0.06438573433012883,0.064385002092303,0.06438427001194137,0.06438353808632863,0.06438280631613835,0.06438207470142927,0.06438134324221029,0.06438061193847855,0.06437988079002492,0.06437914979749584,0.06437841895955837,0.06437768827675466,0.06437695774909959,0.06437622737624192,0.06437549715863229,0.06437476709595719,0.06437403718788226,0.06437330743472582,0.06437257783637527,0.06437184839296879,0.06437111910375622,0.06437038996902715,0.06436966098888793,0.0643689321630532,0.06436820349192564,0.06436747497469562,0.06436674661166186,0.06436601840283876,0.0643652903479905,0.06436456244720459,0.06436383469980865,0.0643631071067912,0.06436237966665222,0.06436165238112651,0.06436092524939442,0.06436019827127709,0.06435947144675641,0.06435874477573775,0.06435801825811693,0.0643572918938597,0.06435656568295257,0.06435583962538106,0.064355113721094,0.06435438796973454,0.06435366237142257,0.06435293692618584,0.06435221163370017,0.0643514864941559,0.06435076150711068,0.06435003667336313,0.06434931199222899,0.06434858746359715,0.06434786308743311,0.06434713886371736,0.06434641479270345,0.06434569087375971,0.06434496710711156,0.06434424349269295,0.06434352003044011,0.06434279672051944,0.0643420735624303,0.06434135055631827,0.06434062770213228,0.06433990499985846,0.0643391824493686,0.0643384600503473,0.06433773780336578,0.06433701570783733,0.06433629376427256,0.06433557197087054,0.06433485032953837,0.06433412884004287,0.06433340750157036,0.0643326863144121,0.06433196527841417,0.06433124439305228,0.06433052365771783,0.06432980307471341,0.06432908264272483,0.06432836236164975,0.06432764223134944,0.06432692225183392,0.0643262024235216,0.06432548274526083,0.06432476321781064,0.06432404384057291,0.06432332461381626,0.06432260553742454,0.064321886611261,0.06432116783536566,0.06432044920961422,0.06431973073556804,0.06431901241019156,0.0643182942346955,0.06431757620924232,0.06431685833356741,0.06431614060841093,0.06431542303222987,0.06431470560590738,0.06431398832864665,0.06431327120151285,0.06431255422357045,0.06431183739529595,0.06431112071637597,0.06431040418667353,0.06430968780629799,0.06430897157499224,0.064308255493165,0.06430753956027996,0.06430682377640216,0.0643061081409189,0.06430539265488813,0.06430467731785361,0.06430396212942847,0.06430324708968149,0.06430253219800086,0.06430181745491326,0.06430110286086888,0.06430038841524768,0.06429967411758916,0.06429895996877813,0.0642982459697649,0.06429753211727576,0.06429681841205075,0.06429610485557928,0.06429539144772352,0.06429467818724646,0.06429396507529281,0.06429325211207795,0.06429253929519028,0.06429182662826978,0.0642911141074134,0.06429040173419194,0.06428968950867708,0.06428897743053913,0.0642882655000175,0.06428755371671493,0.06428684208050123,0.06428613059166143,0.06428541925022214,0.06428470805588374,0.06428399700804681,0.06428328610788808,0.06428257535462428,0.06428186474830735,0.064281154289575,0.06428044397689793,0.06427973381095434,0.06427902379167068,0.06427831391902454,0.06427760419293856,0.06427689461375964,0.06427618518063574,0.06427547589387586,0.06427476675345194,0.06427405775927017,0.06427334891139612,0.06427264020999794,0.06427193165423864,0.06427122324447174,0.0642705149812561,0.06426980686330883,0.06426909889166518,0.06426839106535366,0.06426768338478399,0.06426697584999068,0.06426626846075384,0.06426556121599632,0.06426485411780078,0.06426414716503816,0.06426344035746612,0.06426273369523004,0.06426202717823763,0.06426132080677183,0.06426061458015644,0.06425990849891965,0.06425920256241044,0.06425849677111935,0.06425779112473788,0.06425708562349018,0.06425638026663355,0.06425567505450806,0.06425496998706558,0.06425426506433597,0.06425356028481624,0.06425285565103099,0.06425215116163689,0.06425144681669351,0.0642507426158648,0.06425003855956586,0.06424933464742345,0.06424863087908816,0.06424792725518762,0.06424722377546249,0.0642465204396093,0.06424581724706466,0.06424511419907798,0.06424441129477716,0.06424370853423596,0.06424300591738466,0.0642423034441322,0.06424160111415068,0.06424089892801321,0.06424019688533104,0.06423949498606475,0.06423879323017483,0.06423809161865308,0.06423739014936694,0.06423668882297896,0.06423598763986875,0.06423528659992186,0.06423458570313834,0.0642338849490286,0.06423318433791962,0.0642324838696332,0.0642317835440804,0.0642310833611801,0.06423038332106566,0.06422968342342433,0.06422898366834513,0.06422828405574653,0.06422758458557311,0.06422688525786549,0.06422618607252867,0.0642254870293218,0.06422478812831713,0.06422408936956644,0.06422339075303204,0.06422269227839429,0.06422199394562463,0.06422129575461939,0.06422059770563773,0.06421989979826018,0.0642192020328414,0.06421850440911345,0.06421780692682129,0.06421710958645906,0.06421641238745739,0.0642157153305828,0.06421501841446267,0.06421432164002087,0.06421362500665782,0.06421292851443168,0.0642122321633862,0.06421153595331014,0.06421083988430884,0.06421014395652867,0.06420944817027144,0.0642087525243613,0.06420805701932886,0.0642073616550955,0.06420666643158295,0.06420597134875562,0.06420527640655864,0.06420458160503328,0.064203886943919,0.06420319242306095,0.06420249804281691,0.0642018038030415,0.0642011097033769,0.06420041574411911,0.06419972192591869,0.06419902824699501,0.06419833470801645,0.06419764130932207,0.06419694805033246,0.06419625493124527,0.06419556195184956,0.06419486911235689,0.06419417641255416,0.06419348385306817,0.06419279143264887,0.06419209915163256,0.06419140701032847,0.0641907150086245,0.06419002314621199,0.0641893314231416,0.0641886398393976,0.06418794839497083,0.06418725708964977,0.06418656592378554,0.06418587489667327,0.06418518400858612,0.0641844932594715,0.06418380264907222,0.06418311217763459,0.06418242184510692,0.06418173165116932,0.06418104159600144,0.06418035168002142,0.06417966190211247,0.06417897226280313,0.06417828276195925,0.06417759339933232,0.06417690417527977,0.06417621508956502,0.06417552614190394,0.06417483733261631,0.06417414866130747,0.06417346012865674,0.06417277173368084,0.06417208347697645,0.06417139535753713,0.06417070737639835,0.06417001953316155,0.0641693318275179,0.06416864425965528,0.06416795682913533,0.06416726953649134,0.0641665823837239,0.06416589536587494,0.06416520848603953,0.06416452174347063,0.06416383513816284,0.06416314867012018,0.0641624623400474,0.06416177614640914,0.06416109008992507,0.06416040417056967,0.06415971838820696,0.06415903274294384,0.06415834723438674,0.06415766186249118,0.06415697662774425,0.06415629152941285,0.06415560656810791,0.0641549217433416,0.06415423705502207,0.06415355250333643,0.06415286808813393,0.06415218380936134,0.06415149966701124,0.06415081566084059,0.06415013179105812,0.06414944805543726,0.06414876445802263,0.06414808099672184,0.0641473976713501,0.06414671448214686,0.06414603142884763,0.06414534851144653,0.06414466572996015,0.0641439830845851,0.06414330057464161,0.06414261820031857,0.06414193596162918,0.06414125385851775,0.06414057189093858,0.0641398900588587,0.06413920836217586,0.06413852680078765,0.06413784537478917,0.064137164083369,0.06413648292772908,0.06413580190729967,0.06413512102096552,0.06413444027051583,0.06413375965531877,0.06413307917676615,0.06413239883165925,0.0641317186211723,0.06413103854552589,0.06413035860508474,0.06412967879985638,0.06412899912783067,0.06412831959010688,0.06412764018756797,0.06412696091966619,0.06412628178609409,0.06412560278680285,0.0641249239218787,0.06412424519126275,0.06412356659480996,0.06412288813257815,0.06412220980446395,0.06412153161041559,0.06412085355036427,0.06412017562440207,0.06411949783219299,0.06411882017384785,0.06411814264930407,0.06411746525850197,0.06411678800115826,0.06411611087769403,0.06411543388522076,0.06411475702892677,0.06411408030612355,0.06411340371668431,0.0641127272606837,0.06411205093804727,0.06411137474868946,0.0641106986931335,0.06411002277007455,0.06410934698028603,0.06410867132346938,0.06410799579978159,0.06410732040953922,0.06410664515172758,0.0641059700267914,0.0641052950346788,0.06410462017533956,0.06410394544872187,0.06410327085478294,0.06410259639345559,0.06410192206548485,0.06410124786924333,0.06410057380582464,0.06409989987447753,0.06409922607550074,0.06409855240881907,0.06409787887439969,0.06409720547219168,0.06409653220216188,0.06409585906422549,0.06409518605895607,0.06409451318508683,0.06409384044317526,0.06409316783293084,0.06409249535478272,0.06409182300850459,0.06409115079391713,0.06409047871118521,0.0640898067599561,0.06408913494033777,0.06408846325228339,0.06408779169572698,0.06408712027027358,0.0640864489757985,0.06408577781302142,0.06408510678142003,0.06408443588160662,0.06408376511252187,0.06408309447466272,0.06408242396841801,0.06408175359310403,0.06408108334877768,0.06408041323541926,0.06407974325295206,0.06407907340280107,0.06407840368164423,0.06407773409157418,0.06407706463220278,0.06407639530348062,0.0640757261053573,0.06407505703780646,0.06407438810073059,0.06407371929413894,0.06407305061792372,0.06407238207256397,0.06407171365700746,0.06407104537170036,0.06407037721656754,0.0640697091915743,0.06406904129677435,0.06406837353194683,0.06406770589676732,0.06406703839316466,0.0640663710182075,0.06406570377305718,0.06406503665776388,0.064064369672205,0.06406370281637876,0.06406303609015641,0.0640623694936267,0.06406170302677533,0.06406103668923897,0.06406037048119387,0.06405970440254279,0.06405903845333005,0.06405837263335545,0.06405770694263255,0.06405704138138628,0.06405637594902204,0.06405571064576149,0.06405504547147328,0.06405438042625448,0.06405371551006657,0.0640530507227716,0.06405238606437064,0.0640517215345786,0.0640510571338068,0.06405039286171828,0.06404972871815814,0.06404906470311138,0.06404840081686607,0.0640477370591795,0.06404707342996664,0.06404640992916906,0.06404574655491557,0.06404508331081187,0.06404442019480493,0.06404375720748713,0.06404309434803825,0.06404243161662969,0.06404176901476655,0.06404110653986318,0.06404044419272244,0.06403978197356394,0.0640391198822763,0.06403845791775926,0.06403779608171427,0.06403713437368923,0.06403647279347204,0.06403581134093922,0.06403515001601953,0.06403448881862617,0.0640338277484932,0.06403316680609188,0.0640325059911204,0.06403184530348831,0.06403118474315687,0.06403052431014554,0.06402986400434331,0.0640292038256964,0.06402854377416384,0.06402788384936028,0.06402722405192879,0.0640265643814434,0.06402590483811378,0.06402524542152517,0.06402458613175042,0.06402392696877035,0.06402326793279092,0.06402260902321781,0.06402195024030623,0.06402129158400235,0.0640206330538396,0.0640199746505876,0.0640193163737583,0.06401865822367575,0.06401800019960523,0.06401734230187675,0.0640166845301386,0.06401602688489506,0.06401536936581702,0.06401471197398267,0.06401405470748078,0.06401339756664179,0.06401274055176226,0.06401208366299017,0.06401142690013595,0.06401077026292554,0.06401011375151212,0.06400945736583893,0.06400880110591486,0.06400814497157557,0.06400748896481587,0.06400683308184259,0.06400617732425709,0.06400552169160116,0.06400486618567906,0.06400421080363194,0.06400355554759177,0.06400290041684326,0.0640022454114441,0.06400159053101857,0.06400093577538253,0.06400028114304235,0.06399962663803516,0.06399897225785961,0.0639983180026294,0.06399766387229891,0.06399700986658295,0.06399635598591737,0.06399570223001029,0.06399504859882699,0.06399439509229808,0.06399374171035681,0.06399308845274403,0.0639924353204766,0.06399178231212516,0.06399112942817864,0.0639904766686686,0.06398982403349547,0.06398917152267958,0.06398851913550424,0.06398786687306898,0.06398721473479517,0.06398656272059264,0.06398591083046119,0.06398525906437087,0.06398460742229677,0.0639839559038622,0.06398330450953929,0.06398265323903883,0.06398200209179664,0.06398135106862106,0.06398070016941775,0.06398004939379635,0.06397939874177183,0.06397874821336537,0.06397809781005113,0.06397744752853161,0.06397679736994469,0.0639761473352629,0.06397549742389778,0.06397484763581142,0.06397419797092078,0.06397354842923071,0.06397289901029328,0.06397224971478103,0.06397160054231975,0.0639709514926966,0.06397030256648613,0.0639696537629603,0.06396900508285032,0.06396835652477549,0.06396770808973354,0.06396705977715282,0.06396641158758219,0.06396576351995278,0.06396511557652247,0.06396446775468549,0.06396382005450549,0.06396317247765448,0.06396252502317722,0.06396187769257092,0.06396123048279377,0.06396058339491734,0.0639599364295147,0.06395928958607519,0.06395864286516614,0.06395799626625026,0.06395734978945151,0.0639567034346589,0.06395605720182887,0.06395541109020238,0.06395476510116108,0.06395411923392204,0.06395347348842798,0.06395282786473987,0.06395218236274394,0.06395153698234257,0.06395089172368254,0.06395024658648459,0.06394960157020788,0.0639489566759869,0.06394831190368505,0.06394766725377876,0.06394702272369407,0.0639463783149019,0.06394573402734989,0.06394508986096,0.06394444581571371,0.06394380189256976,0.06394315808943529,0.06394251440743243,0.06394187084647714,0.06394122740638195,0.06394058408717312,0.06393994088881506,0.06393929781124764,0.06393865485443359,0.0639380120183101,0.06393736930287026,0.06393672670805041,0.06393608423381293,0.06393544188013063,0.06393479964679694,0.06393415753405383,0.06393351554148549,0.06393287366949565,0.06393223191779837,0.06393159028645212,0.06393094877527233,0.06393030738412485,0.06392966611451294,0.06392902496369918,0.06392838393286158,0.06392774302195324,0.06392710223078044,0.06392646155985753,0.06392582100899344,0.06392518057781711,0.06392454026630029,0.0639239000747667,0.06392326000278108,0.06392262005040247,0.06392198021767678,0.06392134050450826,0.06392070091085782,0.06392006143668254,0.06391942208196989,0.06391878284677169,0.06391814372870419,0.0639175047320381,0.06391686585426147,0.06391622709505689,0.06391558845589944,0.06391494993596451,0.06391431153512889,0.06391367325329277,0.0639130350904965,0.06391239704666872,0.06391175912133562,0.06391112131522918,0.06391048362862922,0.06390984606021037,0.06390920861050155,0.06390857127947464,0.06390793406706832,0.06390729697329069,0.06390665999807786,0.063906023141303,0.06390538640323708,0.06390474978345581,0.06390411328166686,0.06390347689859154,0.06390284063382042,0.06390220448730823,0.06390156845875547,0.06390093254870405,0.0639002967567369,0.06389966108287613,0.06389902552673851,0.0638983900889286,0.06389775476905628,0.06389711956710825,0.06389648448301435,0.06389584951675478,0.06389521466830504,0.06389457993761741,0.06389394532461362,0.06389331082741109,0.06389267644909082,0.06389204218897289,0.06389140804633626,0.06389077402079112,0.06389014011320039,0.06388950632287355,0.06388887265037278,0.06388823909514944,0.06388760565676804,0.06388697233570101,0.06388633913181928,0.06388570604508155,0.06388507307541587,0.06388444022284938,0.06388380748730237,0.06388317486873347,0.06388254236707328,0.06388190998222756,0.06388127771434972,0.06388064556338843,0.06388001352978792,0.06387938161225108,0.06387874981135018,0.0638781181271985,0.06387748655975396,0.063876855108862,0.06387622377431117,0.06387559255616465,0.06387496145459547,0.06387433046940773,0.06387369960054809,0.06387306884794523,0.06387243821228861,0.06387180769220739,0.06387117728826147,0.0638705470004555,0.06386991682884553,0.06386928677317605,0.06386865683420632,0.06386802701129335,0.06386739730353673,0.06386676771186174,0.06386613823595857,0.06386550887597603,0.06386487963164422,0.0638642505029863,0.0638636214900287,0.06386299259268932,0.06386236381081417,0.06386173514450189,0.06386110659376297,0.06386047815844,0.06385984983839552,0.063859221633924,0.06385859354477405,0.0638579655708166,0.06385733771223348,0.06385670996875563,0.0638560823406183,0.06385545482780576,0.06385482742990058,0.06385420014697415,0.06385357297907285,0.06385294592614173,0.06385231898814529,0.06385169216515707,0.06385106545689735,0.06385043886344766,0.06384981238477042,0.06384918602080704,0.06384855977153711,0.06384793363691232,0.06384730761688709,0.06384668171142943,0.06384605592047846,0.06384543024401826,0.0638448046819986,0.06384417923436289,0.06384355390109593,0.06384292868214551,0.06384230357745625,0.0638416785870008,0.06384105371073778,0.06384042894864031,0.06383980430064035,0.06383917976671093,0.06383855534681089,0.06383793104089985,0.06383730684893696,0.06383668277088117,0.06383605880669214,0.0638354349563291,0.06383481121975153,0.06383418759691853,0.06383356408778983,0.06383294069232463,0.06383231741043896,0.063831694242179,0.06383107118746102,0.06383044824624438,0.06382982541848876,0.06382920270407313,0.06382858010311811,0.06382795761550271,0.06382733524118649,0.06382671298012915,0.0638260908322903,0.06382546879843025,0.06382484687770953,0.063824225069284,0.06382360337503441,0.06382298179296314,0.06382236032351786,0.06382173896786614,0.06382111772514633,0.0638204965954384,0.06381987557748864,0.06381925467232698,0.06381863387989316,0.0638180132001626,0.06381739263309846,0.06381677217898957,0.06381615183711101,0.063815531607767,0.06381491149093803,0.06381429148655489,0.06381367159458814,0.06381305181499967,0.06381243214774814,0.06381181259279337,0.06381119315009813,0.06381057381962113,0.06380995460131836,0.06380933549559582,0.06380871650229998,0.06380809762065906,0.06380747885066247,0.06380686019265171,0.06380624164697009,0.06380562321354989,0.06380500489208579,0.06380438668158972,0.0638037685836633,0.0638031505974457,0.06380253272259645,0.06380191495977124,0.06380129730773298,0.0638006797673464,0.06380006233850015,0.0637994450211595,0.06379882781527467,0.06379821072112504,0.06379759373802889,0.06379697686626624,0.06379636010585728,0.06379574345673743,0.06379512691858946,0.063794510491563,0.06379389417605441,0.06379327797134311,0.06379266187791163,0.06379204589556253,0.06379143002462295,0.06379081426444945,0.06379019861503436,0.06378958307641275,0.06378896764878297,0.06378835233220422,0.06378773712637742,0.06378712203071661,0.06378650704592743,0.06378589217189504,0.06378527740833534,0.0637846627547356,0.06378404821284295,0.06378343378099478,0.06378281946003003,0.06378220525001524,0.06378159114982414,0.06378097715881524,0.06378036327948129,0.0637797495096271,0.06377913585015758,0.06377852230004896,0.06377790886104694,0.06377729553177751,0.06377668231248894,0.0637760692034488,0.06377545620474227,0.06377484331554727,0.06377423053633613,0.06377361786648171,0.06377300530739245,0.06377239285720217,0.06377178051792606,0.06377116828752784,0.06377055616728493,0.06376994415606702,0.06376933225462171,0.06376872046280545,0.06376810878016871,0.06376749720715014,0.0637668857436473,0.06376627438942152,0.06376566314471209,0.06376505200939289,0.06376444098347568,0.06376383006646917,0.06376321925892375,0.06376260856061403,0.06376199797145879,0.06376138749132981,0.06376077712021555,0.06376016685754765,0.06375955670362339,0.06375894665946302,0.0637583367238378,0.06375772689794298,0.06375711717979274,0.06375650757121953,0.06375589807094369,0.06375528867940145,0.0637546793966974,0.06375407022247986,0.06375346115687953,0.06375285219982382,0.06375224335149125,0.06375163461164486,0.06375102598027593,0.06375041745732121,0.06374980904257581,0.06374920073631928,0.06374859253836261,0.063747984448705,0.06374737646726217,0.06374676859401036,0.06374616082890204,0.06374555317174702,0.06374494562289339,0.06374433818201039,0.06374373084913736,0.06374312362423265,0.06374251650725626,0.06374190949815473,0.06374130259724795,0.06374069580444505,0.06374008911876763,0.06373948254096004,0.06373887607073345,0.06373826970817109,0.06373766345325177,0.06373705730590315,0.06373645126573255,0.06373584533345196,0.06373523950830524,0.06373463379062048,0.06373402818065273,0.06373342267803565,0.06373281728280943,0.06373221199479115,0.06373160681405748,0.06373100174053882,0.06373039677419587,0.06372979191499643,0.06372918716299097,0.06372858251930509,0.06372797798130427,0.06372737355140266,0.06372676922735153,0.06372616501013106,0.06372556089950429,0.06372495689649985,0.06372435299981122,0.06372374920987779,0.06372314552737389,0.06372254195087654,0.06372193848114999,0.06372133511794228,0.06372073186131287,0.06372012871133048,0.06371952566783298,0.0637189227308631,0.06371831990021651,0.06371771717566072,0.06371711455792142,0.06371651204610015,0.06371590964054454,0.0637153073411195,0.06371470514840094,0.06371410306151223,0.06371350108109874,0.06371289920684502,0.0637122974372407,0.06371169577503728,0.06371109421979984,0.06371049276922608,0.06370989142460665,0.06370929018619159,0.06370868905349127,0.06370808802669704,0.06370748710571768,0.0637068862904146,0.06370628558087359,0.06370568497707237,0.06370508447887223,0.06370448408630322,0.06370388379932256,0.06370328361783223,0.06370268354181392,0.06370208357124689,0.06370148370615418,0.06370088394641031,0.0637002842920104,0.06369968474291823,0.06369908529908354,0.06369848596049837,0.06369788672711248,0.06369728759888969,0.06369668857579393,0.06369608965778911,0.06369549084483911,0.06369489213698908,0.06369429353404059,0.06369369503581965,0.0636930966428516,0.0636924983546802,0.06369190017130273,0.06369130209251654,0.06369070411875198,0.06369010624990207,0.06368950848478731,0.06368891082528282,0.06368831327063341,0.06368771582039232,0.06368711847443288,0.06368652123300494,0.06368592409604133,0.06368532706357441,0.0636847301354574,0.06368413331171997,0.06368353659231953,0.06368293997718326,0.06368234346591488,0.06368174705939045,0.06368115075695957,0.063680554558665,0.06367995846453911,0.06367936247448801,0.06367876658855791,0.06367817080658866,0.06367757512835931,0.06367697955431804,0.0636763840841861,0.06367578871792841,0.06367519345551008,0.06367459829689558,0.06367400324222318,0.06367340829110757,0.0636728134436696,0.06367221870014855,0.06367162406010463,0.0636710295237162,0.06367043509070111,0.06366984076164096,0.06366924653574603,0.06366865241322447,0.063668058394118,0.06366746447847015,0.06366687066624456,0.06366627695717234,0.06366568335137462,0.06366508984881626,0.06366449644956457,0.0636639031533596,0.06366330996037801,0.0636627168707783,0.0636621238840311,0.06366153099990064,0.06366093821926899,0.06366034554078707,0.0636597529667783,0.06365916049476016,0.06365856812398529,0.06365797585771783,0.06365738369408605,0.0636567916339338,0.06365619967682296,0.06365560782073913,0.06365501606756238,0.06365442441682165,0.06365383286914945,0.06365324142393414,0.06365265008130731,0.06365205884132655,0.06365146770345186,0.06365087666811257,0.0636502857350406,0.06364969490440911,0.06364910417598582,0.06364851354992447,0.06364792302617696,0.06364733260462611,0.06364674228494857,0.06364615206760842,0.06364556195218884,0.06364497193933212,0.06364438202805829,0.06364379221896722,0.06364320251181102,0.06364261290657958,0.06364202340352818,0.06364143400185636,0.06364084470251397,0.06364025550459917,0.06363966640838352,0.06363907741389507,0.06363848852104673,0.06363789972987619,0.06363731104028747,0.06363672245225838,0.06363613396580235,0.06363554558081903,0.06363495729729701,0.06363436911524088,0.06363378103458348,0.06363319305527075,0.06363260517754918,0.06363201740087131,0.06363142972546071,0.06363084215127464,0.0636302546782011,0.06362966730637135,0.06362908003562834,0.06362849286602702,0.06362790579591006,0.06362731882837071,0.06362673196210415,0.06362614519645399,0.06362555853180644,0.06362497196826512,0.06362438550532055,0.06362379914322325,0.0636232128819189
4,0.023932087345348577,0.02393208734534857,0.023932087345348577,0.02393208734534857,0.023932087345348577,0.02393208734534857,0.023932087345348577,0.02393208734534857,0.023932087345348577,0.02393208734534857,0.023932087345348577,0.02393208734534857,0.023932087345348577,0.02393208734534857,0.023932087345348577,0.02393208734534857,0.023932087345348577,0.02393208734534857,0.023932087345348577,0.023932087345348577,0.023932087345348577,0.023932087345348577,0.023932087345348577,0.023932087345348577,0.023932087345348577,0.023932087345348577,0.023932087345348577,0.023932087345348577,0.023932087345348577,0.023932087345348577,0.023932087345348577,0.023932087345348577,0.023932087345348577,0.023932087345348577,0.023932087345348577,0.023932087345348577,0.023932087345348577,0.023932087345348577,0.023932087345348577,0.023932087345348577,0.023932087345348577,0.023932087345348577,0.023932087345348577,0.023932087345348577,0.023932087345348577,0.023932087345348577,0.023932087345348577,0.023932087345348577,0.023932087345348577,0.023932087345348577,0.023932087345348577,0.023932087345348577,0.023932087345348577,0.023932087345348577,0.023932087345348577,0.023932087345348577,0.023932087345348577,0.023932087345348577,0.023932087345348577,0.023932087345348577,0.023932087345348577,0.023932087345348577,0.023932087345348577,0.023932087345348577,0.023932087345348577,0.023932087345348577,0.023932087345348577,0.023932087345348577,0.023932087345348577,0.023932087345348577,0.023932087345348577,0.023932087345348577,0.023932087345348577,0.023932087345348577,0.023932087345348577,0.023932087345348577,0.023932087345348577,0.023932087345348577,0.023932087345348577,0.023932087345348577,0.023932087345348577,0.023932087345348577,0.023932087345348577,0.023932087345348577,0.023932087345348577,0.023932087345348577,0.023932087345348577,0.023932087345348577,0.023932087345348577,0.023932087345348577,0.023932087345348577,0.023932087345348577,0.023932087345348577,0.023932087345348577,0.023932087345348577,0.023932087345348577,0.023932087345348577,0.023932087345348577,0.023932087345348577,0.023932087345348577,0.023932087345348577,0.023932087345348577,0.023932087345348577,0.023932087345348577,0.023932087345348577,0.023932087345348577,0.023932087345348577,0.023932087345348577,0.023932087345348577,0.023932087345348577,0.023932087345348577,0.023932087345348577,0.023932087345348577,0.023932087345348577,0.023932087345348577,0.023932087345348577,0.023932087345348577,0.023932087345348577,0.023932087345348577,0.023932087345348577,0.023932087345348577,0.023932087345348577,0.023932087345348577,0.023932087345348577,0.023932087345348577,0.023932087345348577,0.023932087345348577,0.023932087345348577,0.023932087345348577,0.023932087345348577,0.023932087345348577,0.023932087345348577,0.023932087345348577,0.023932087345348577,0.023932087345348577,0.023932087345348577,0.023932087345348577,0.023932087345348577,0.023932087345348577,0.023932087345348577,0.023932087345348577,0.023932087345348577,0.023932087345348577,0.023932087345348577,0.023932087345348577,0.023932087345348577,0.023932087345348577,0.023932087345348577,0.023932087345348577,0.023932087345348577,0.023932087345348577,0.023932087345348577,0.023932087345348577,0.023932087345348577,0.023932087345348577,0.023932087345348577,0.023932087345348577,0.023932087345348577,0.023932087345348577,0.023932087345348577,0.023932087345348577,0.023932087345348577,0.023932087345348577,0.023932087345348577,0.023932087345348577,0.023932087345348577,0.023932087345348577,0.023932087345348577,0.023932087345348577,0.023932087345348577,0.023932087345348577,0.023932087345348577,0.023932087345348577,0.023932087345348577,0.023932087345348577,0.023932087345348577,0.023932087345348577,0.023932087345348577,0.023932087345348577,0.023932087345348577,0.023932087345348577,0.023932087345348577,0.023932087345348577,0.023932087345348577,0.023932087345348577,0.023932087345348577,0.023932087345348577,0.023932087345348577,0.023932087345348577,0.023932087345348577,0.023932087345348577,0.023932087345348577,0.023932087345348577,0.023932087345348577,0.023932087345348577,0.023932087345348577,0.023932087345348577,0.023932087345348577,0.023932087345348577,0.023932087345348577,0.023932087345348577,0.023932087345348577,0.023932087345348577,0.023932087345348577,0.023932087345348577,0.023932087345348577,0.023932087345348577,0.023932087345348577,0.023932087345348577,0.023932087345348577,0.023932087345348577,0.023932087345348577,0.023932087345348577,0.023932087345348577,0.023932087345348577,0.023932087345348577,0.023932087345348577,0.023932087345348577,0.023932087345348577,0.023932087345348577,0.023932087345348577,0.023932087345348577,0.023932087345348577,0.023932087345348577,0.023932087345348577,0.023932087345348577,0.023932087345348577,0.023932087345348577,0.023932087345348577,0.023932087345348577,0.023932087345348577,0.023932087345348577,0.023932087345348577,0.023932087345348577,0.023932087345348577,0.023932087345348577,0.023932087345348577,0.023932087345348577,0.023932087345348577,0.023932087345348577,0.023932087345348577,0.023932087345348577,0.023932087345348577,0.023932087345348577,0.023932087345348577,0.023932087345348577,0.023932087345348577,0.023932087345348577,0.023932087345348577,0.023932087345348577,0.023932087345348577,0.023932087345348577,0.023932087345348577,0.023932087345348577,0.023932087345348577,0.023932087345348577,0.023932087345348577,0.023932087345348577,0.023932087345348577,0.023932087345348577,0.023932087345348577,0.023932087345348577,0.023932087345348577,0.023932087345348577,0.023932087345348577,0.023932087345348577,0.023932087345348577,0.023932087345348577,0.023932087345348577,0.023932087345348577,0.023932087345348577,0.023932087345348577,0.023932087345348577,0.023932087345348577,0.023932087345348577,0.023932087345348577,0.023932087345348577,0.023932087345348577,0.023932087345348577,0.023932087345348577,0.023932087345348577,0.023932087345348577,0.023932087345348577,0.023932087345348577,0.023932087345348577,0.023932087345348577,0.023932087345348577,0.023932087345348577,0.023932087345348577,0.023932087345348577,0.023932087345348577,0.023932087345348577,0.023932087345348577,0.023932087345348577,0.023932087345348577,0.023932087345348577,0.023932087345348577,0.023932087345348577,0.023932087345348577,0.023932087345348577,0.023932087345348577,0.023932087345348577,0.023932087345348577,0.023932087345348577,0.023932087345348577,0.023932087345348577,0.023932087345348577,0.023932087345348577,0.023932087345348577,0.023932087345348577,0.023932087345348577,0.023932087345348577,0.023932087345348577,0.023932087345348577,0.023932087345348577,0.023932087345348577,0.023932087345348577,0.023932087345348577,0.023932087345348577,0.023932087345348577,0.023932087345348577,0.023932087345348577,0.023932087345348577,0.023932087345348577,0.023932087345348577,0.023932087345348577,0.023932087345348577,0.023932087345348577,0.023932087345348577,0.023932087345348577,0.023932087345348577,0.023932087345348577,0.023932087345348577,0.023932087345348577,0.023932087345348577,0.023932087345348577,0.023932087345348577,0.023932087345348577,0.023932087345348577,0.023932087345348577,0.023932087345348577,0.023932087345348577,0.023932087345348577,0.023932087345348577,0.023932087345348577,0.023932087345348577,0.023932087345348577,0.023932087345348577,0.023932087345348577,0.023932087345348577,0.023932087345348577,0.023932087345348577,0.023932087345348577,0.023932087345348577,0.023932087345348577,0.023932087345348577,0.023932087345348577,0.023932087345348577,0.023932087345348577,0.023932087345348577,0.023932087345348577,0.023932087345348577,0.023932087345348577,0.023932087345348577,0.023932087345348577,0.023932087345348577,0.023932087345348577,0.023932087345348577,0.023932087345348577,0.023932087345348577,0.023932087345348577,0.023932087345348577,0.023932087345348577,0.023932087345348577,0.023932087345348577,0.023932087345348577,0.023932087345348577,0.023932087345348577,0.023932087345348577,0.023932087345348577,0.023932087345348577,0.023932087345348577,0.023932087345348577,0.023932087345348577,0.023932087345348577,0.023932087345348577,0.023932087345348577,0.023932087345348577,0.023932087345348577,0.023932087345348577,0.023932087345348577,0.023932087345348577,0.023932087345348577,0.023932087345348577,0.023932087345348577,0.023932087345348577,0.023932087345348577,0.023932087345348577,0.023932087345348577,0.023932087345348577,0.023932087345348577,0.023932087345348577,0.023932087345348577,0.023932087345348577,0.023932087345348577,0.023932087345348577,0.023932087345348577,0.023932087345348577,0.023932087345348577,0.023932087345348577,0.023932087345348577,0.023932087345348577,0.023932087345348577,0.023932087345348577,0.023932087345348577,0.023932087345348577,0.023932087345348577,0.023932087345348577,0.023932087345348577,0.023932087345348577,0.023932087345348577,0.023932087345348577,0.023932087345348577,0.023932087345348577,0.023932087345348577,0.023932087345348577,0.023932087345348577,0.023932087345348577,0.023932087345348577,0.023932087345348577,0.023932087345348577,0.023932087345348577,0.023932087345348577,0.023932087345348577,0.023932087345348577,0.023932087345348577,0.023932087345348577,0.023932087345348577,0.023932087345348577,0.023932087345348577,0.023932087345348577,0.023932087345348577,0.023932087345348577,0.023932087345348577,0.023932087345348577,0.023932087345348577,0.023932087345348577,0.023932087345348577,0.023932087345348577,0.023932087345348577,0.023932087345348577,0.023932087345348577,0.023932087345348577,0.023932087345348577,0.023932087345348577,0.023932087345348577,0.023932087345348577,0.023932087345348577,0.023932087345348577,0.023932087345348577,0.023932087345348577,0.023932087345348577,0.023932087345348577,0.023932087345348577,0.023932087345348577,0.023932087345348577,0.023932087345348577,0.023932087345348577,0.023932087345348577,0.023932087345348577,0.023932087345348577,0.023932087345348577,0.023932087345348577,0.023932087345348577,0.023932087345348577,0.023932087345348577,0.023932087345348577,0.023932087345348577,0.023932087345348577,0.023932087345348577,0.023932087345348577,0.023932087345348577,0.023932087345348577,0.023932087345348577,0.023932087345348577,0.023932087345348577,0.023932087345348577,0.023932087345348577,0.023932087345348577,0.023932087345348577,0.023932087345348577,0.023932087345348577,0.023932087345348577,0.023932087345348577,0.023932087345348577,0.023932087345348577,0.023932087345348577,0.023932087345348577,0.023932087345348577,0.023932087345348577,0.023932087345348577,0.023932087345348577,0.023932087345348577,0.023932087345348577,0.023932087345348577,0.023932087345348577,0.023932087345348577,0.023932087345348577,0.023932087345348577,0.023932087345348577,0.023932087345348577,0.023932087345348577,0.023932087345348577,0.023932087345348577,0.023932087345348577,0.023932087345348577,0.023932087345348577,0.023932087345348577,0.023932087345348577,0.023932087345348577,0.023932087345348577,0.023932087345348577,0.023932087345348577,0.023932087345348577,0.023932087345348577,0.023932087345348577,0.023932087345348577,0.023932087345348577,0.023932087345348577,0.023932087345348577,0.023932087345348577,0.023932087345348577,0.023932087345348577,0.023932087345348577,0.023932087345348577,0.023932087345348577,0.023932087345348577,0.023932087345348577,0.023932087345348577,0.023932087345348577,0.023932087345348577,0.023932087345348577,0.023932087345348577,0.023932087345348577,0.023932087345348577,0.023932087345348577,0.023932087345348577,0.023932087345348577,0.023932087345348577,0.023932087345348577,0.023932087345348577,0.023932087345348577,0.023932087345348577,0.023932087345348577,0.023932087345348577,0.023932087345348577,0.023932087345348577,0.023932087345348577,0.023932087345348577,0.023932087345348577,0.023932087345348577,0.023932087345348577,0.023932087345348577,0.023932087345348577,0.023932087345348577,0.023932087345348577,0.023932087345348577,0.023932087345348577,0.023932087345348577,0.023932087345348577,0.023932087345348577,0.023932087345348577,0.023932087345348577,0.023932087345348577,0.023932087345348577,0.023932087345348577,0.023932087345348577,0.023932087345348577,0.023932087345348577,0.023932087345348577,0.023932087345348577,0.023932087345348577,0.023932087345348577,0.023932087345348577,0.023932087345348577,0.023932087345348577,0.023932087345348577,0.023932087345348577,0.023932087345348577,0.023932087345348577,0.023932087345348577,0.023932087345348577,0.023932087345348577,0.023932087345348577,0.023932087345348577,0.023932087345348577,0.023932087345348577,0.023932087345348577,0.023932087345348577,0.023932087345348577,0.023932087345348577,0.023932087345348577,0.023932087345348577,0.023932087345348577,0.023932087345348577,0.023932087345348577,0.023932087345348577,0.023932087345348577,0.023932087345348577,0.023932087345348577,0.023932087345348577,0.023932087345348577,0.023932087345348577,0.023932087345348577,0.023932087345348577,0.023932087345348577,0.023932087345348577,0.023932087345348577,0.023932087345348577,0.023932087345348577,0.023932087345348577,0.023932087345348577,0.023932087345348577,0.023932087345348577,0.023932087345348577,0.023932087345348577,0.023932087345348577,0.023932087345348577,0.023932087345348577,0.023932087345348577,0.023932087345348577,0.023932087345348577,0.023932087345348577,0.023932087345348577,0.023932087345348577,0.023932087345348577,0.023932087345348577,0.023932087345348577,0.023932087345348577,0.023932087345348577,0.023932087345348577,0.023932087345348577,0.023932087345348577,0.023932087345348577,0.023932087345348577,0.023932087345348577,0.023932087345348577,0.023932087345348577,0.023932087345348577,0.023932087345348577,0.023932087345348577,0.023932087345348577,0.023932087345348577,0.023932087345348577,0.023932087345348577,0.023932087345348577,0.023932087345348577,0.023932087345348577,0.023932087345348577,0.023932087345348577,0.023932087345348577,0.023932087345348577,0.023932087345348577,0.023932087345348577,0.023932087345348577,0.023932087345348577,0.023932087345348577,0.023932087345348577,0.023932087345348577,0.023932087345348577,0.023932087345348577,0.023932087345348577,0.023932087345348577,0.023932087345348577,0.023932087345348577,0.023932087345348577,0.023932087345348577,0.023932087345348577,0.023932087345348577,0.023932087345348577,0.023932087345348577,0.023932087345348577,0.023932087345348577,0.023932087345348577,0.023932087345348577,0.023932087345348577,0.023932087345348577,0.023932087345348577,0.023932087345348577,0.023932087345348577,0.023932087345348577,0.023932087345348577,0.023932087345348577,0.023932087345348577,0.023932087345348577,0.023932087345348577,0.023932087345348577,0.023932087345348577,0.023932087345348577,0.023932087345348577,0.023932087345348577,0.023932087345348577,0.023932087345348577,0.023932087345348577,0.023932087345348577,0.023932087345348577,0.023932087345348577,0.023932087345348577,0.023932087345348577,0.023932087345348577,0.023932087345348577,0.023932087345348577,0.023932087345348577,0.023932087345348577,0.023932087345348577,0.023932087345348577,0.023932087345348577,0.023932087345348577,0.023932087345348577,0.023932087345348577,0.023932087345348577,0.023932087345348577,0.023932087345348577,0.023932087345348577,0.023932087345348577,0.023932087345348577,0.023932087345348577,0.023932087345348577,0.023932087345348577,0.023932087345348577,0.023932087345348577,0.023932087345348577,0.023932087345348577,0.023932087345348577,0.023932087345348577,0.023932087345348577,0.023932087345348577,0.023932087345348577,0.023932087345348577,0.023932087345348577,0.023932087345348577,0.023932087345348577,0.023932087345348577,0.023932087345348577,0.023932087345348577,0.023932087345348577,0.023932087345348577,0.023932087345348577,0.023932087345348577,0.023932087345348577,0.023932087345348577,0.023932087345348577,0.023932087345348577,0.023932087345348577,0.023932087345348577,0.023932087345348577,0.023932087345348577,0.023932087345348577,0.023932087345348577,0.023932087345348577,0.023932087345348577,0.023932087345348577,0.023932087345348577,0.023932087345348577,0.023932087345348577,0.023932087345348577,0.023932087345348577,0.023932087345348577,0.023932087345348577,0.023932087345348577,0.023932087345348577,0.023932087345348577,0.023932087345348577,0.023932087345348577,0.023932087345348577,0.023932087345348577,0.023932087345348577,0.023932087345348577,0.023932087345348577,0.023932087345348577,0.023932087345348577,0.023932087345348577,0.023932087345348577,0.023932087345348577,0.023932087345348577,0.023932087345348577,0.023932087345348577,0.023932087345348577,0.023932087345348577,0.023932087345348577,0.023932087345348577,0.023932087345348577,0.023932087345348577,0.023932087345348577,0.023932087345348577,0.023932087345348577,0.023932087345348577,0.023932087345348577,0.023932087345348577,0.023932087345348577,0.023932087345348577,0.023932087345348577,0.023932087345348577,0.023932087345348577,0.023932087345348577,0.023932087345348577,0.023932087345348577,0.023932087345348577,0.023932087345348577,0.023932087345348577,0.023932087345348577,0.023932087345348577,0.023932087345348577,0.023932087345348577,0.023932087345348577,0.023932087345348577,0.023932087345348577,0.023932087345348577,0.023932087345348577,0.023932087345348577,0.023932087345348577,0.023932087345348577,0.023932087345348577,0.023932087345348577,0.023932087345348577,0.023932087345348577,0.023932087345348577,0.023932087345348577,0.023932087345348577,0.023932087345348577,0.023932087345348577,0.023932087345348577,0.023932087345348577,0.023932087345348577,0.023932087345348577,0.023932087345348577,0.023932087345348577,0.023932087345348577,0.023932087345348577,0.023932087345348577,0.023932087345348577,0.023932087345348577,0.023932087345348577,0.023932087345348577,0.023932087345348577,0.023932087345348577,0.023932087345348577,0.023932087345348577,0.023932087345348577,0.023932087345348577,0.023932087345348577,0.023932087345348577,0.023932087345348577,0.023932087345348577,0.023932087345348577,0.023932087345348577,0.023932087345348577,0.023932087345348577,0.023932087345348577,0.023932087345348577,0.023932087345348577,0.023932087345348577,0.023932087345348577,0.023932087345348577,0.023932087345348577,0.023932087345348577,0.023932087345348577,0.023932087345348577,0.023932087345348577,0.023932087345348577,0.023932087345348577,0.023932087345348577,0.023932087345348577,0.023932087345348577,0.023932087345348577,0.023932087345348577,0.023932087345348577,0.023932087345348577,0.023932087345348577,0.023932087345348577,0.023932087345348577,0.023932087345348577,0.023932087345348577,0.023932087345348577,0.023932087345348577,0.023932087345348577,0.023932087345348577,0.023932087345348577,0.023932087345348577,0.023932087345348577,0.023932087345348577,0.023932087345348577,0.023932087345348577,0.023932087345348577,0.023932087345348577,0.023932087345348577,0.023932087345348577,0.023932087345348577,0.023932087345348577,0.023932087345348577,0.023932087345348577,0.023932087345348577,0.023932087345348577,0.023932087345348577,0.023932087345348577,0.023932087345348577,0.023932087345348577,0.023932087345348577,0.023932087345348577,0.023932087345348577,0.023932087345348577,0.023932087345348577,0.023932087345348577,0.023932087345348577,0.023932087345348577,0.023932087345348577,0.023932087345348577,0.023932087345348577,0.023932087345348577,0.023932087345348577,0.023932087345348577,0.023932087345348577,0.023932087345348577,0.023932087345348577,0.023932087345348577,0.023932087345348577,0.023932087345348577,0.023932087345348577,0.023932087345348577,0.023932087345348577,0.023932087345348577,0.023932087345348577,0.023932087345348577,0.023932087345348577,0.023932087345348577,0.023932087345348577,0.023932087345348577,0.023932087345348577,0.023932087345348577,0.023932087345348577,0.023932087345348577,0.023932087345348577,0.023932087345348577,0.023932087345348577,0.023932087345348577,0.023932087345348577,0.023932087345348577,0.023932087345348577,0.023932087345348577,0.023932087345348577,0.023932087345348577,0.023932087345348577,0.023932087345348577,0.023932087345348577,0.023932087345348577,0.023932087345348577,0.023932087345348577,0.023932087345348577,0.023932087345348577,0.023932087345348577,0.023932087345348577,0.023932087345348577,0.023932087345348577,0.023932087345348577,0.023932087345348577,0.023932087345348577,0.023932087345348577,0.023932087345348577,0.023932087345348577,0.023932087345348577,0.023932087345348577,0.023932087345348577,0.023932087345348577,0.023932087345348577,0.023932087345348577,0.023932087345348577,0.023932087345348577,0.023932087345348577,0.023932087345348577,0.023932087345348577,0.023932087345348577,0.023932087345348577,0.023932087345348577,0.023932087345348577,0.023932087345348577,0.023932087345348577,0.023932087345348577,0.023932087345348577,0.023932087345348577,0.023932087345348577,0.023932087345348577,0.023932087345348577,0.023932087345348577,0.023932087345348577,0.023932087345348577,0.023932087345348577,0.023932087345348577,0.023932087345348577,0.023932087345348577,0.023932087345348577,0.023906239287089605,0.02387964578208598,0.02385226974957091,0.023824069890955594,0.02379500082072112,0.023765012955988818,0.0237340522398961,0.023702059738350024,0.023668971127812875,0.023634716077784255,0.023599217522052834,0.023562390805460454,0.023524142686465174,0.023484370169176372,0.023442959131189565,0.023399782704473,0.023354699355401333,0.023307550595605818,0.02325815823642949,0.02320632107508102,0.023151810867444333,0.023094367397925104,0.023033692396263374,0.022969441967003755,0.0229012170810071,0.022828551512448357,0.022750896367364593,0.02266760000252368,0.022577881618393674,0.022480796029904687,0.02237518591423735,0.022259615930900634,0.02213228002641303,0.021990868104806733,0.021832369450087083,0.021652774718481437,0.02144660979813228,0.021206180730525895,0.020920302878722374,0.020572075884064518,0.020134854315320715,0.01956491509534722,0.018789516253824377,0.017698588456209193,0.016191844281406118,0.014328424731485054,0.012351581575356665,0.010488765104562049,0.008847399979932455,0.007447101896274623,0.006268509218306982,0.005280804634112161,0.004453178672664736,0.0037586030517011127,0.0031745144201053106,0.0026824234748792537,0.0022672447831235424,0.0019166344567767453,0.0016204238841964172,0.00137016338587414,0.0011587646704139167,0.0009802283905124716,0.0008294488105331119,0.0007020817745693544,0.0005944474802972532,0.0005034437676307349,0.00042646313309630446,0.0003613160959570075,0.0003061638644885171,0.00025946126267835905,0.00021990977905517268,0.0001864217677468494,0.00015811272099511408,0.0001581126088754022,0.00015811255885849382,0.00015811252459384012,0.00015811249733373238,0.00015811247320320055,0.00015811245060607908,0.00015811242889072374,0.00015811240777684082,0.00015811238712821923,0.00015811236686623424,0.0001581123469373807,0.00015811232730085392,0.00015811230792346854,0.00015811228877730358,0.000158112269838416,0.00015811225108602414,0.00015811223250192886,0.00015811221407007953,0.0001581121957762332,0.00015811217760768433,0.00015811215955304509,0.0001581121416020659,0.00015811212374548656,0.00015811210597491227,0.0001581120882827098,0.00015811207066191877,0.00015811205310617678,0.00015811203560965495,0.00015811201816700208,0.00015811200077329697,0.00015811198342400573,0.00015811196611494586,0.00015811194884225333,0.00015811193160235462,0.00015811191439194108,0.0001581118972079466,0.0001581118800475276,0.0001581118629080451,0.00015811184578704853,0.0001581118286822615,0.00015811181159156813,0.00015811179451300146,0.00015811177744473278,0.00015811176038506167,0.00015811174333240667,0.0001581117262852977,0.0001581117092423681,0.00015811169220234758,0.00015811167516405634,0.0001581116581263988,0.000158111641088358,0.00015811162404899133,0.00015811160700742501,0.0001581115899628502,0.00015811157291451892,0.00015811155586174032,0.00015811153880387725,0.00015811152174034277,0.00015811150467059742,0.00015811148759414592,0.0001581114705105353,0.00015811145341935155,0.0001581114363202178,0.00015811141921279193,0.00015811140209676463,0.00015811138497185748,0.0001581113678378209,0.00015811135069443278,0.00015811133354149648,0.00015811131637883974,0.00015811129920631278,0.00015811128202378763,0.00015811126483115576,0.00015811124762832827,0.00015811123041523364,0.00015811121319181701,0.00015811119595803946,0.0001581111787138766,0.00015811116145931803,0.00015811114419436628,0.00015811112691903594,0.00015811110963335313,0.00015811109233735454,0.0001581110750310871,0.00015811105771460683,0.00015811104038797856,0.0001581110230512755,0.00015811100570457812,0.00015811098834797406,0.00015811097098155787,0.00015811095360542985,0.0001581109362196962,0.00015811091882446846,0.0001581109014198627,0.000158110884006,0.0001581108665830051,0.00015811084915100685,0.0001581108317101375,0.00015811081426053252,0.0001581107968023304,0.000158110779335672,0.00015811076186070095,0.00015811074437756275,0.0001581107268864048,0.00015811070938737647,0.00015811069188062838,0.00015811067436631265,0.00015811065684458246,0.00015811063931559194,0.00015811062177949594,0.00015811060423645028,0.00015811058668661088,0.00015811056913013423,0.00015811055156717712,0.0001581105339978964,0.000158110516422449,0.00015811049884099172,0.00015811048125368097,0.0001581104636606732,0.00015811044606212437,0.00015811042845818992,0.00015811041084902466,0.0001581103932347831,0.00015811037561561887,0.0001581103579916849,0.00015811034036313328,0.0001581103227301154,0.0001581103050927816,0.00015811028745128133,0.00015811026980576295,0.0001581102521563741,0.00015811023450326093,0.00015811021684656866,0.00015811019918644155,0.00015811018152302232,0.000158110163856453,0.0001581101461868739,0.00015811012851442432,0.00015811011083924237,0.0001581100931614647,0.00015811007548122683,0.00015811005779866282,0.00015811004011390549,0.00015811002242708635,0.00015811000473833545,0.00015810998704778162,0.0001581099693555522,0.00015810995166177334,0.00015810993396656956,0.00015810991627006435,0.00015810989857237956,0.00015810988087363562,0.0001581098631739517,0.00015810984547344584,0.00015810982777223414,0.00015810981007043174,0.00015810979236815237,0.00015810977466550823,0.00015810975696261027,0.00015810973925956814,0.00015810972155648993,0.00015810970385348266,0.0001581096861506517,0.00015810966844810137,0.00015810965074593451,0.0001581096330442526,0.00015810961534315596,0.00015810959764274354,0.00015810957994311287,0.00015810956224436044,0.00015810954454658133,0.0001581095268498694,0.00015810950915431707,0.00015810949146001583,0.00015810947376705562,0.0001581094560755255,0.000158109438385513,0.00015810942069710457,0.0001581094030103855,0.00015810938532543996,0.00015810936764235083,0.00015810934996119983,0.00015810933228206758,0.0001581093146050337,0.0001581092969301764,0.00015810927925757304,0.00015810926158729967,0.0001581092439194313,0.0001581092262540422,0.00015810920859120507,0.00015810919093099194,0.00015810917327347356,0.00015810915561871973,0.00015810913796679928,0.00015810912031778002,0.00015810910267172851,0.00015810908502871096,0.00015810906738879184,0.00015810904975203523,0.00015810903211850393,0.00015810901448826004,0.00015810899686136454,0.00015810897923787765,0.00015810896161785854,0.00015810894400136561,0.00015810892638845622,0.00015810890877918714,0.00015810889117361392,0.0001581088735717916,0.00015810885597377413,0.0001581088383796148,0.00015810882078936593,0.00015810880320307917,0.0001581087856208052,0.0001581087680425942,0.0001581087504684952,0.00015810873289855677,0.00015810871533282665,0.00015810869777135167,0.0001581086802141781,0.0001581086626613515,0.00015810864511291655,0.00015810862756891723,0.00015810861002939713,0.00015810859249439863,0.00015810857496396396,0.0001581085574381342,0.00015810853991695024,0.00015810852240045185,0.0001581085048886785,0.00015810848738166878,0.00015810846987946093,0.0001581084523820922,0.00015810843488959952,0.0001581084174020192,0.00015810839991938682,0.00015810838244173736,0.0001581083649691053,0.00015810834750152464,0.00015810833003902862,0.00015810831258165006,0.000158108295129421,0.00015810827768237344,0.00015810826024053825,0.00015810824280394612,0.00015810822537262726,0.00015810820794661103,0.00015810819052592662,0.0001581081731106026,0.0001581081557006671,0.00015810813829614768,0.00015810812089707136,0.00015810810350346498,0.00015810808611535444,0.00015810806873276567,0.00015810805135572378,0.00015810803398425374,0.0001581080166183797,0.00015810799925812584,0.00015810798190351555,0.00015810796455457182,0.0001581079472113175,0.00015810792987377474,0.0001581079125419653,0.00015810789521591073,0.00015810787789563208,0.00015810786058115,0.00015810784327248474,0.00015810782596965622,0.00015810780867268388,0.0001581077913815869,0.0001581077740963842,0.0001581077568170941,0.00015810773954373465,0.00015810772227632363,0.00015810770501487848,0.0001581076877594161,0.0001581076705099532,0.0001581076532665063,0.00015810763602909134,0.00015810761879772416,0.0001581076015724201,0.00015810758435319417,0.0001581075671400612,0.00015810754993303606,0.0001581075327321324,0.00015810751553736453,0.00015810749834874584,0.00015810748116628972,0.00015810746399000922,0.00015810744681991697,0.00015810742965602565,0.00015810741249834743,0.0001581073953468941,0.00015810737820167757,0.00015810736106270905,0.00015810734392999987,0.00015810732680356077,0.00015810730968340262,0.0001581072925695358,0.00015810727546197031,0.00015810725836071628,0.00015810724126578333,0.00015810722417718094,0.00015810720709491833,0.00015810719001900457,0.0001581071729494484,0.00015810715588625832,0.0001581071388294428,0.00015810712177900994,0.0001581071047349677,0.00015810708769732376,0.00015810707066608564,0.00015810705364126056,0.0001581070366228559,0.0001581070196108784,0.00015810700260533464,0.00015810698560623146,0.00015810696861357496,0.0001581069516273715,0.00015810693464762688,0.00015810691767434692,0.0001581069007075374,0.0001581068837472035,0.0001581068667933507,0.00015810684984598412,0.00015810683290510852,0.00015810681597072874,0.00015810679904284942,0.0001581067821214749,0.00015810676520660954,0.00015810674829825749,0.0001581067313964227,0.0001581067145011089,0.00015810669761231975,0.00015810668073005886,0.00015810666385432967,0.0001581066469851352,0.00015810663012247862,0.00015810661326636302,0.00015810659641679102,0.00015810657957376526,0.00015810656273728842,0.00015810654590736286,0.00015810652908399082,0.00015810651226717443,0.00015810649545691574,0.00015810647865321668,0.000158106461856079,0.00015810644506550418,0.000158106428281494,0.00015810641150404973,0.00015810639473317272,0.00015810637796886395,0.00015810636121112477,0.00015810634445995595,0.00015810632771535838,0.00015810631097733287,0.00015810629424587997,0.0001581062775210002,0.0001581062608026939,0.0001581062440909615,0.00015810622738580315,0.00015810621068721903,0.00015810619399520906,0.0001581061773097733,0.00015810616063091133,0.00015810614395862316,0.00015810612729290832,0.0001581061106337662,0.00015810609398119656,0.0001581060773351984,0.00015810606069577133,0.0001581060440629143,0.00015810602743662652,0.00015810601081690706,0.00015810599420375474,0.00015810597759716852,0.00015810596099714714,0.00015810594440368928,0.00015810592781679365,0.00015810591123645865,0.00015810589466268285,0.00015810587809546455,0.00015810586153480226,0.00015810584498069405,0.0001581058284331382,0.00015810581189213264,0.0001581057953576756,0.0001581057788297649,0.00015810576230839863,0.00015810574579357443,0.00015810572928529024,0.00015810571278354366,0.0001581056962883323,0.00015810567979965376,0.00015810566331750562,0.00015810564684188533,0.00015810563037279017,0.00015810561391021763,0.00015810559745416485,0.00015810558100462927,0.00015810556456160777,0.00015810554812509763,0.0001581055316950959,0.00015810551527159955,0.0001581054988546055,0.00015810548244411064,0.000158105466040112,0.00015810544964260607,0.00015810543325158976,0.00015810541686705985,0.0001581054004890128,0.00015810538411744533,0.00015810536775235398,0.00015810535139373515,0.00015810533504158545,0.00015810531869590126,0.00015810530235667883,0.00015810528602391464,0.00015810526969760484,0.0001581052533777458,0.0001581052370643336,0.0001581052207573645,0.00015810520445683454,0.0001581051881627398,0.00015810517187507647,0.0001581051555938404,0.00015810513931902758,0.00015810512305063396,0.0001581051067886554,0.00015810509053308777,0.00015810507428392693,0.0001581050580411686,0.0001581050418048086,0.00015810502557484256,0.00015810500935126623,0.00015810499313407525,0.0001581049769232652,0.0001581049607188316,0.00015810494452077014,0.00015810492832907646,0.00015810491214374574,0.00015810489596477357,0.0001581048797921555,0.0001581048636258868,0.00015810484746596297,0.0001581048313123792,0.0001581048151651309,0.0001581047990242135,0.00015810478288962203,0.0001581047667613519,0.0001581047506393982,0.0001581047345237563,0.0001581047184144213,0.0001581047023113881,0.00015810468621465227,0.00015810467012420862,0.00015810465404005224,0.00015810463796217815,0.00015810462189058165,0.00015810460582525748,0.0001581045897662006,0.00015810457371340619,0.000158104557666869,0.0001581045416265842,0.00015810452559254635,0.00015810450956475067,0.00015810449354319183,0.0001581044775278647,0.00015810446151876426,0.00015810444551588512,0.00015810442951922222,0.00015810441352877018,0.00015810439754452397,0.00015810438156647823,0.00015810436559462763,0.00015810434962896692,0.00015810433366949083,0.00015810431771619393,0.0001581043017690711,0.00015810428582811677,0.00015810426989332582,0.00015810425396469257,0.00015810423804221192,0.00015810422212587824,0.00015810420621568616,0.00015810419031163044,0.0001581041744137053,0.00015810415852190557,0.00015810414263622561,0.00015810412675665997,0.00015810411088320326,0.0001581040950158499,0.00015810407915459429,0.00015810406329943097,0.00015810404745035455,0.00015810403160735928,0.00015810401577043962,0.00015810399993958997,0.00015810398411480488,0.00015810396829607883,0.000158103952483406,0.00015810393667678086,0.0001581039208761979,0.00015810390508165132,0.0001581038892931356,0.00015810387351064507,0.00015810385773417417,0.00015810384196371702,0.0001581038261992682,0.00015810381044082186,0.0001581037946883725,0.00015810377894191424,0.00015810376320144157,0.00015810374746694857,0.0001581037317384297,0.00015810371601587933,0.00015810370029929142,0.00015810368458866065,0.0001581036688839809,0.00015810365318524674,0.00015810363749245223,0.0001581036218055918,0.00015810360612465954,0.00015810359044964977,0.00015810357478055677,0.00015810355911737462,0.00015810354346009782,0.00015810352780872033,0.00015810351216323648,0.0001581034965236405,0.00015810348088992664,0.0001581034652620891,0.00015810344964012186,0.0001581034340240195,0.00015810341841377608,0.00015810340280938563,0.00015810338721084261,0.00015810337161814106,0.00015810335603127517,0.00015810334045023925,0.00015810332487502726,0.00015810330930563366,0.00015810329374205253,0.00015810327818427795,0.00015810326263230424,0.00015810324708612542,0.00015810323154573591,0.00015810321601112968,0.00015810320048230094,0.0001581031849592439,0.0001581031694419528,0.0001581031539304217,0.0001581031384246448,0.00015810312292461627,0.00015810310743033038,0.00015810309194178113,0.00015810307645896298,0.00015810306098186966,0.00015810304551049578,0.00015810303004483512,0.00015810301458488214,0.00015810299913063098,0.0001581029836820757,0.00015810296823921049,0.00015810295280202966,0.00015810293737052723,0.00015810292194469745,0.0001581029065245344,0.00015810289111003233,0.0001581028757011855,0.00015810286029798793,0.00015810284490043388,0.00015810282950851756,0.00015810281412223311,0.00015810279874157486,0.00015810278336653676,0.0001581027679971131,0.00015810275263329816,0.00015810273727508587,0.00015810272192247075,0.00015810270657544672,0.00015810269123400826,0.0001581026758981493,0.00015810266056786413,0.00015810264524314713,0.0001581026299239922,0.00015810261461039372,0.000158102599302346,0.00015810258399984303,0.00015810256870287925,0.00015810255341144875,0.0001581025381255457,0.00015810252284516451,0.0001581025075702993,0.00015810249230094428,0.00015810247703709374,0.00015810246177874184,0.00015810244652588292,0.00015810243127851117,0.00015810241603662087,0.0001581024008002062,0.0001581023855692615,0.00015810237034378092,0.00015810235512375888,0.0001581023399091896,0.00015810232470006731,0.00015810230949638623,0.00015810229429814076,0.0001581022791053251,0.0001581022639179336,0.0001581022487359604,0.00015810223355939995,0.00015810221838824656,0.0001581022032224944,0.000158102188062138,0.00015810217290717133,0.00015810215775758886,0.00015810214261338516,0.00015810212747455419,0.00015810211234109058,0.00015810209721298836,0.00015810208209024207,0.000158102066972846,0.00015810205186079447,0.00015810203675408185,0.0001581020216527026,0.00015810200655665084,0.00015810199146592115,0.0001581019763805078,0.0001581019613004052,0.0001581019462256078,0.00015810193115610977,0.00015810191609190577,0.00015810190103299,0.00015810188597935692,0.000158101870931001,0.00015810185588791654,0.00015810184085009795,0.00015810182581753974,0.00015810181079023634,0.00015810179576818204,0.0001581017807513714,0.0001581017657397989,0.00015810175073345892,0.00015810173573234582,0.00015810172073645422,0.00015810170574577845,0.00015810169076031305,0.00015810167578005259,0.0001581016608049914,0.00015810164583512402,0.00015810163087044487,0.00015810161591094855,0.0001581016009566294,0.00015810158600748227,0.00015810157106350132,0.00015810155612468128,0.00015810154119101646,0.00015810152626250169,0.00015810151133913123,0.0001581014964208997,0.0001581014815078018,0.00015810146659983186,0.00015810145169698462,0.00015810143679925455,0.00015810142190663618,0.00015810140701912417,0.000158101392136713,0.00015810137725939753,0.00015810136238717207,0.0001581013475200312,0.00015810133265796984,0.00015810131780098226,0.00015810130294906322,0.00015810128810220747,0.00015810127326040945,0.00015810125842366385,0.00015810124359196532,0.00015810122876530852,0.00015810121394368813,0.00015810119912709883,0.00015810118431553526,0.00015810116950899198,0.0001581011547074639,0.00015810113991094547,0.0001581011251194315,0.00015810111033291675,0.00015810109555139583,0.00015810108077486345,0.00015810106600331431,0.0001581010512367433,0.00015810103647514488,0.00015810102171851415,0.00015810100696684557,0.00015810099222013388,0.000158100977478374,0.00015810096274156065,0.00015810094800968849,0.00015810093328275237,0.00015810091856074715,0.00015810090384366747,0.00015810088913150821,0.0001581008744242642,0.0001581008597219302,0.00015810084502450105,0.00015810083033197147,0.0001581008156443364,0.0001581008009615906,0.00015810078628372907,0.0001581007716107464,0.00015810075694263785,0.00015810074227939772,0.0001581007276210213,0.00015810071296750333,0.00015810069831883878,0.00015810068367502238,0.00015810066903604905,0.00015810065440191384,0.0001581006397726115,0.000158100625148137,0.00015810061052848524,0.00015810059591365116,0.00015810058130362963,0.00015810056669841573,0.00015810055209800427,0.0001581005375023903,0.0001581005229115687,0.0001581005083255345,0.0001581004937442827,0.00015810047916780807,0.0001581004645961059,0.0001581004500291709,0.00015810043546699826,0.00015810042090958293,0.00015810040635691987,0.0001581003918090042,0.00015810037726583085,0.000158100362727395,0.0001581003481936914,0.00015810033366471543,0.0001581003191404618,0.00015810030462092594,0.00015810029010610263,0.00015810027559598713,0.00015810026109057434,0.0001581002465898594,0.00015810023209383747,0.00015810021760250366,0.00015810020311585302,0.00015810018863388065,0.00015810017415658178,0.0001581001596839513,0.00015810014521598455,0.00015810013075267666,0.0001581001162940226,0.00015810010184001775,0.00015810008739065715,0.00015810007294593593,0.00015810005850584933,0.00015810004407039254,0.00015810002963956063,0.0001581000152133489,0.00015810000079175245,0.0001580999863747666,0.00015809997196238656,0.00015809995755460758,0.0001580999431514247,0.00015809992875283324,0.00015809991435882848,0.00015809989996940567,0.00015809988558455995,0.00015809987120428675,0.00015809985682858124,0.00015809984245743867,0.00015809982809085444,0.00015809981372882359,0.00015809979937134159,0.00015809978501840383,0.00015809977067000544,0.00015809975632614175,0.00015809974198680815,0.0001580997276519999,0.00015809971332171244,0.00015809969899594086,0.00015809968467468075,0.00015809967035792746,0.0001580996560456761,0.00015809964173792227,0.00015809962743466125,0.00015809961313588856,0.00015809959884159936,0.00015809958455178922,0.00015809957026645342,0.0001580995559855874,0.00015809954170918663,0.0001580995274372464,0.00015809951316976225,0.00015809949890672957,0.00015809948464814378,0.00015809947039400023,0.0001580994561442945,0.0001580994418990221,0.00015809942765817835,0.00015809941342175877,0.0001580993991897589,0.00015809938496217404,0.000158099370739,0.00015809935652023196,0.00015809934230586554,0.00015809932809589621,0.00015809931389031956,0.00015809929968913116,0.00015809928549232637,0.00015809927129990082,0.0001580992571118499,0.00015809924292816947,0.0001580992287488548,0.00015809921457390149,0.00015809920040330526,0.00015809918623706159,0.00015809917207516605,0.00015809915791761413,0.00015809914376440165,0.00015809912961552405,0.00015809911547097697,0.00015809910133075597,0.00015809908719485675,0.0001580990730632749,0.00015809905893600598,0.0001580990448130458,0.00015809903069438985,0.00015809901658003374,0.0001580990024699733,0.00015809898836420405,0.00015809897426272176,0.00015809896016552195,0.00015809894607260046,0.000158098931983953,0.00015809891789957513,0.00015809890381946249,0.00015809888974361103,0.00015809887567201622,0.00015809886160467396,0.00015809884754157996,0.0001580988334827298,0.00015809881942811932,0.0001580988053777443,0.0001580987913316004,0.00015809877728968337,0.00015809876325198908,0.00015809874921851328,0.00015809873518925154,0.00015809872116419996,0.00015809870714335404,0.00015809869312670985,0.00015809867911426286,0.00015809866510600918,0.0001580986511019445,0.00015809863710206453,0.00015809862310636535,0.00015809860911484248,0.00015809859512749198,0.00015809858114430959,0.0001580985671652912,0.00015809855319043271,0.0001580985392197299,0.00015809852525317861,0.00015809851129077487,0.00015809849733251446,0.00015809848337839313,0.00015809846942840702,0.0001580984554825519,0.0001580984415408236,0.00015809842760321815,0.00015809841366973135,0.0001580983997403592,0.0001580983858150978,0.0001580983718939428,0.00015809835797689017,0.0001580983440639359,0.00015809833015507615,0.0001580983162503065,0.00015809830234962322,0.00015809828845302215,0.00015809827456049924,0.00015809826067205056,0.000158098246787672,0.00015809823290735965,0.00015809821903110948,0.0001580982051589174,0.00015809819129077957,0.00015809817742669184,0.00015809816356665034,0.000158098149710651,0.0001580981358586901,0.0001580981220107634,0.00015809810816686708,0.00015809809432699718,0.00015809808049114984,0.00015809806665932098,0.0001580980528315066,0.00015809803900770295,0.00015809802518790614,0.00015809801137211217,0.00015809799756031707,0.00015809798375251698,0.000158097969948708,0.0001580979561488863,0.00015809794235304797,0.00015809792856118907,0.00015809791477330583,0.0001580979009893943,0.00015809788720945057,0.00015809787343347087,0.0001580978596614514,0.00015809784589338824,0.00015809783212927746,0.0001580978183691154,0.00015809780461289817,0.00015809779086062197,0.0001580977771122829,0.00015809776336787718,0.00015809774962740098,0.00015809773589085062,0.0001580977221582222,0.0001580977084708707,0.0001580976947874765,0.00015809768110804656,0.00015809766743258294,0.00015809765376108517,0.00015809764009355027,0.00015809762642997604,0.00015809761277035895,0.00015809759911469536,0.0001580975854629819,0.0001580975718152147,0.00015809755817139008,0.00015809754453150442,0.00015809753089555395,0.0001580975172635351,0.00015809750363544384,0.0001580974900112767,0.0001580974763910302,0.00015809746277470045,0.000158097449162284,0.00015809743555377697,0.00015809742194917585,0.0001580974083484777,0.0001580973947516782,0.00015809738115877357,0.00015809736756976082,0.00015809735398463566,0.0001580973404033947,0.00015809732682603425,0.0001580973132525505,0.00015809729968294006,0.00015809728611719954,0.0001580972725553249,0.00015809725899731275,0.0001580972454431596,0.0001580972318928619,0.00015809721834641595,0.0001580972048038182,0.00015809719126506507,0.00015809717773015327,0.00015809716419907873,0.00015809715067183845,0.0001580971371484286,0.00015809712362884547,0.00015809711011307862,0.00015809709660113754,0.00015809708309301066,0.00015809706958869714,0.00015809705608819344,0.0001580970425914964,0.00015809702909860157,0.00015809701560950723,0.0001580970021242045,0.000158096988642696,0.00015809697516497529,0.00015809696169103994,0.00015809694822088756,0.0001580969347545118,0.00015809692129191053,0.00015809690783308037,0.00015809689437801963,0.00015809688092672145,0.00015809686747918366,0.00015809685403540258,0.00015809684059537522,0.00015809682715909855,0.00015809681372656943,0.00015809680029778376,0.00015809678687273829,0.00015809677345142992,0.00015809676003385504,0.00015809674662001013,0.00015809673320989193,0.00015809671980349696,0.00015809670640082177,0.00015809669300186307,0.00015809667960661755,0.00015809666621508178,0.00015809665282725247,0.00015809663944312623,0.00015809662606269947,0.00015809661268596908,0.00015809659931293086,0.00015809658594358224,0.00015809657257792,0.00015809655921594074,0.0001580965458576412,0.000158096532503018,0.00015809651915206797,0.00015809650580478766,0.0001580964924611739,0.00015809647912122323,0.00015809646578493245,0.00015809645245229816,0.00015809643912331736,0.00015809642579798643,0.00015809641247630237,0.00015809639915826188,0.0001580963858438617,0.00015809637253309865,0.00015809635922596932,0.0001580963459224725,0.00015809633262260246,0.00015809631932635674,0.00015809630603373125,0.00015809629274472284,0.00015809627945932944,0.0001580962661775465,0.00015809625289937143,0.0001580962396248021,0.00015809622635383578,0.000158096213086464,0.00015809619982268977,0.0001580961865625069,0.00015809617330591293,0.00015809616005290443,0.00015809614680347843,0.00015809613355763152,0.00015809612031536071,0.00015809610707666265,0.00015809609384153446,0.00015809608060997268,0.00015809606738197436,0.00015809605415753632,0.00015809604093665545,0.00015809602771932847,0.00015809601450555234,0.00015809600129532391,0.00015809598808864007,0.0001580959748854978,0.0001580959616858937,0.0001580959484898249,0.00015809593529728826,0.00015809592210828046,0.00015809590892279884,0.00015809589574084006,0.00015809588256240114,0.0001580958693874794,0.00015809585621607,0.00015809584304817163,0.00015809582988378086,0.00015809581672289442,0.0001580958035655109,0.00015809579041161888,0.00015809577726122744,0.0001580957641143281,0.00015809575097091783,0.00015809573783099365,0.0001580957246945525,0.00015809571156159244,0.00015809569843210848,0.00015809568530609851,0.00015809567218355943,0.0001580956590644884,0.00015809564594888227,0.0001580956328367381,0.00015809561972805286,0.00015809560662282353,0.00015809559352104597,0.0001580955804227194,0.0001580955673278398,0.00015809555423640414,0.00015809554114840964,0.0001580955280638531,0.00015809551498273172,0.00015809550190504226,0.00015809548883078208,0.00015809547575994804,0.0001580954626925334,0.00015809544962853896,0.00015809543656796214,0.0001580954235107995,0.00015809541045704855,0.0001580953974067061,0.0001580953843597693,0.00015809537131623522,0.00015809535827610092,0.0001580953452393635,0.00015809533220602004,0.00015809531917606768,0.00015809530614950342,0.00015809529312632448,0.00015809528010652798,0.00015809526709011093,0.00015809525407707044,0.0001580952410674037,0.0001580952280611079,0.00015809521505818006,0.00015809520205861723,0.0001580951890624166,0.00015809517606957542,0.00015809516308009077,0.00015809515009395977,0.00015809513711117958,0.00015809512413174736,0.00015809511115566033,0.00015809509818291568,0.0001580950852135104,0.00015809507224744183,0.00015809505928470702,0.00015809504632530324,0.00015809503336922763,0.0001580950204164774,0.0001580950074670497,0.00015809499452094174,0.00015809498157815077,0.00015809496863867392,0.00015809495570250854,0.00015809494276965166,0.0001580949298401006,0.0001580949169138526,0.0001580949039909047,0.00015809489107125436,0.00015809487815489871,0.0001580948652418393,0.00015809485233206913,0.00015809483942558526,0.00015809482652238505,0.00015809481362246588,0.0001580948007258248,0.00015809478783245895,0.00015809477494236593,0.00015809476205554275,0.0001580947491719865,0.00015809473629169483,0.00015809472341466482,0.00015809471054089393,0.00015809469767037938,0.00015809468480311846,0.00015809467193911097,0.00015809465907834898,0.00015809464622083537,0.00015809463336656184,0.00015809462051552837,0.00015809460766773233,0.00015809459482317103,0.0001580945819818417,0.0001580945691437418,0.0001580945563088685,0.0001580945434772193,0.00015809453064879152,0.00015809451782358244,0.00015809450500158933,0.00015809449218280957,0.00015809447936724063,0.0001580944665548797,0.00015809445374572422,0.00015809444093977155,0.00015809442813701896,0.00015809441533746384,0.0001580944025411038,0.0001580943897479358,0.0001580943769579575,0.0001580943641711662,0.00015809435138755933,0.0001580943386071341,0.000158094325829888,0.0001580943130558186,0.00015809430028492307,0.000158094287517199,0.00015809427475264667,0.0001580942619912583,0.00015809424923303263,0.00015809423647796802,0.00015809422372606259,0.00015809421097731223,0.00015809419823171572,0.00015809418548926995,0.0001580941727499717,0.0001580941600138189,0.00015809414728080917,0.00015809413455093982,0.00015809412182420836,0.00015809410910061218,0.00015809409638014815,0.00015809408366281518,0.0001580940709486098,0.0001580940582375297,0.00015809404552957212,0.00015809403282473475,0.00015809402012301483,0.0001580940074244101,0.00015809399472891783,0.00015809398203653447,0.0001580939693472584,0.00015809395666108826,0.00015809394397801974,0.00015809393129805215,0.0001580939186211821,0.000158093905947407,0.00015809389327672447,0.00015809388060913113,0.0001580938679446264,0.0001580938552832065,0.00015809384262486904,0.00015809382996961175,0.0001580938173174321,0.0001580938046683276,0.00015809379202229586,0.00015809377937933417,0.00015809376673944065,0.00015809375410261251,0.0001580937414688469,0.00015809372883814177,0.00015809371621049485,0.000158093703585902,0.0001580936909643676,0.0001580936783458796,0.0001580936657304398,0.00015809365311804588,0.00015809364050869528,0.00015809362790238595,0.000158093615299116,0.0001580936026988811,0.00015809359010168122,0.00015809357750751137,0.00015809356491637043,0.00015809355232825696,0.00015809353974316636,0.00015809352716109664,0.0001580935145820459,0.00015809350200601187,0.00015809348943298984,0.00015809347686298282,0.00015809346429598726,0.00015809345173199384,0.00015809343917101,0.00015809342661302303,0.00015809341405804243,0.00015809340150605976,0.00015809338895707227,0.00015809337641107643,0.00015809336386807255,0.00015809335132806182,0.0001580933387910323,0.00015809332625698691,0.0001580933137259274,0.00015809330119785213,0.00015809328867274426,0.00015809327615060983,0.00015809326363144845,0.00015809325111525619,0.00015809323860203125,0.00015809322609177032,0.0001580932135844751,0.00015809320108013864,0.00015809318857875972,0.0001580931760803373,0.00015809316358486873,0.00015809315109235143,0.00015809313860278305,0.00015809312611616126,0.00015809311363248376,0.0001580931011517481,0.00015809308867395234,0.00015809307619909344,0.00015809306372717032,0.00015809305125817936,0.00015809303879211903,0.0001580930263289875,0.0001580930138687816,0.00015809300141150011,0.00015809298895714003,0.00015809297650569933,0.00015809296405717556,0.00015809295161156662,0.00015809293916887015,0.000158092926729084,0.00015809291429220575,0.00015809290185823328,0.00015809288942716433,0.0001580928769989962,0.0001580928645737276,0.00015809285215135586,0.00015809283973187868,0.00015809282731529383,0.00015809281490159854,0.00015809280249079132,0.0001580927900828703,0.00015809277767783278,0.00015809276527567676,0.00015809275287639892,0.00015809274047999693,0.0001580927280864714,0.00015809271569581807,0.0001580927033080351,0.00015809269092311996,0.00015809267854107563,0.00015809266616189022,0.00015809265378556622,0.00015809264141210098,0.00015809262904149346,0.00015809261667374078,0.00015809260430884003,0.00015809259194678987,0.00015809257958759063,0.00015809256723123584,0.00015809255487772502,0.0001580925425270562,0.000158092530179227,0.0001580925178342359,0.00015809250549208016,0.0001580924931527577,0.00015809248081626642,0.00015809246848260422,0.00015809245615176884,0.00015809244382375818,0.00015809243149857006,0.00015809241917620246,0.00015809240685665324,0.00015809239453992021,0.00015809238222600118,0.00015809236991489413,0.00015809235760659695,0.00015809234530110748,0.00015809233299842354,0.0001580923206985432,0.00015809230840146412,0.00015809229610718427,0.00015809228381570163,0.0001580922715270141,0.0001580922592411195,0.00015809224695801575,0.0001580922346777008,0.00015809222240017253,0.0001580922101254288,0.0001580921978534677,0.00015809218558428652,0.00015809217331788373,0.00015809216105425717,0.0001580921487934048,0.00015809213653532485,0.00015809212428001489,0.00015809211202747286,0.00015809209977769634,0.00015809208753068344,0.00015809207528643242,0.00015809206304494112,0.00015809205080620752,0.00015809203857022953,0.00015809202633700514,0.00015809201410653227,0.000158092001878809,0.00015809198965383324,0.00015809197743160268,0.00015809196521211565,0.00015809195299537002,0.0001580919407813637,0.00015809192857009464,0.00015809191636156087,0.00015809190415576042,0.00015809189195269114,0.00015809187975235095,0.00015809186755473797,0.00015809185535985024,0.00015809184316768567,0.00015809183097824229,0.000158091818791518,0.00015809180660751091,0.0001580917944262188,0.00015809178224764005,0.00015809177007177237,0.0001580917578986139,0.00015809174572816248,0.00015809173356041642,0.00015809172139537336,0.00015809170923303196,0.00015809169707338967,0.0001580916849164386,0.0001580916727621888,0.00015809166061063132,0.00015809164846176615,0.00015809163631559019,0.0001580916241721037,0.00015809161203130133,0.00015809159989318186,0.00015809158775774353,0.00015809157562498468,0.00015809156349490345,0.00015809155136749787,0.00015809153924276612,0.0001580915271207059,0.00015809151500131556,0.00015809150288459298,0.00015809149077053645,0.00015809147865914372,0.0001580914665504131,0.00015809145444434274,0.00015809144234093045,0.0001580914302401745,0.00015809141814207285,0.00015809140604662353,0.0001580913939538248,0.0001580913818636747,0.00015809136977617123,0.0001580913576913124,0.00015809134560909648,0.00015809133352952145,0.0001580913214525854,0.0001580913093782865,0.00015809129730662443,0.0001580912852375972,0.00015809127317119775,0.00015809126110742793,0.0001580912490462853,0.00015809123698776962,0.00015809122493187734,0.0001580912128786075,0.00015809120082795769,0.00015809118877992611,0.00015809117673451015,0.000158091164691709,0.00015809115265152,0.00015809114061394262,0.00015809112857897325,0.00015809111654661078,0.00015809110451685474,0.0001580910924897015,0.0001580910804651488,0.00015809106844319546,0.0001580910564238399,0.00015809104440708,0.0001580910323929133,0.00015809102038133883,0.00015809100837235545,0.00015809099636596177,0.0001580909843621602,0.00015809097236094287,0.00015809096036230308,0.0001580909483662451,0.00015809093637276616,0.00015809092438186652,0.0001580909123935364,0.00015809090040778427,0.00015809088842460352,0.00015809087644399244,0.00015809086446594945,0.00015809085249047196,0.00015809084051755969,0.00015809082854720944,0.00015809081657942184,0.00015809080461419244,0.00015809079265151956,0.0001580907806914024,0.0001580907687338394,0.0001580907567788284,0.00015809074482636722,0.00015809073287645465,0.00015809072092908856,0.00015809070898426715,0.0001580906970419877,0.0001580906851022505,0.00015809067316505283,0.00015809066123039265,0.0001580906492982682,0.00015809063736867777,0.00015809062544161975,0.00015809061351709214,0.000158090601595095,0.00015809058967562492,0.00015809057775867998,0.00015809056584425865,0.00015809055393235905,0.00015809054202297942,0.00015809053011611797,0.000158090518211773,0.0001580905063099408,0.00015809049441062155,0.00015809048251381398,0.0001580904706195152,0.000158090458727724,0.00015809044683843856,0.0001580904349516574,0.0001580904230673786,0.0001580904111856005,0.0001580903993063211,0.00015809038742953921,0.00015809037555525278,0.0001580903636834613,0.00015809035181416046,0.00015809033994735003,0.00015809032808302808,0.0001580903162211938,0.00015809030436184394,0.00015809029250497743,0.00015809028065059353,0.00015809026879868898,0.0001580902569492518,0.0001580902451023009,0.00015809023325782763,0.00015809022141582526,0.00015809020957629488,0.0001580901977392337,0.00015809018590463988,0.00015809017407251348,0.00015809016224285156,0.00015809015041565337,0.00015809013859091427,0.00015809012676863593,0.00015809011494881557,0.00015809010313145075,0.00015809009131653991,0.00015809007950408173,0.00015809006769407547,0.0001580900558865193,0.00015809004408141045,0.0001580900322787469,0.0001580900204785285,0.0001580900086807557,0.00015808999688542106,0.00015808998509252582,0.00015808997330206856,0.0001580899615140472,0.0001580899497284615,0.00015808993794530734,0.00015808992616458465,0.00015808991438629027,0.00015808990261042654,0.00015808989083698703,0.0001580898790659706,0.00015808986729737702,0.00015808985553120343,0.00015808984376745213,0.00015808983200611877,0.000158089820247201,0.00015808980849069877,0.0001580897967366084,0.00015808978498492966,0.00015808977323566127,0.0001580897614888014,0.0001580897497443474,0.0001580897380022981,0.00015808972626265062,0.00015808971452540576,0.00015808970279056095,0.00015808969105811485,0.00015808967932806544,0.00015808966760041116,0.00015808965587515,0.00015808964415228092,0.00015808963243180214,0.00015808962071371235,0.00015808960899800907,0.00015808959728469125,0.00015808958557375735,0.00015808957386520545,0.00015808956215903423,0.00015808955045524227,0.00015808953875382775,0.00015808952705478915,0.00015808951535812473,0.00015808950366383257,0.00015808949197191095,0.0001580894802823604,0.00015808946859517765,0.00015808945691036033,0.00015808944522791252,0.00015808943354782254,0.0001580894218700946,0.00015808941019472713,0.00015808939852171816,0.0001580893868510657,0.000158089375182769,0.00015808936351682567,0.000158089351853235,0.0001580893401919947,0.00015808932853310313,0.00015808931687655945,0.00015808930522236318,0.00015808929357050982,0.00015808928192099928,0.00015808927027382986,0.0001580892586290002,0.00015808924698651204,0.00015808923534635594,0.00015808922370853605,0.00015808921207304964,0.00015808920043989524,0.00015808918880907128,0.00015808917718057618,0.00015808916555440844,0.0001580891539305665,0.00015808914230904886,0.00015808913068985394,0.00015808911907298025,0.00015808910745842617,0.00015808909584619032,0.00015808908423627107,0.00015808907262866693,0.00015808906102337628,0.0001580890494203978,0.00015808903781973078,0.00015808902622136846,0.0001580890146253191,0.000158089003031572,0.00015808899144012387,0.00015808897985098604,0.00015808896826414954,0.0001580889566796138,0.0001580889450973754,0.0001580889335174347,0.00015808892193978872,0.00015808891036443672,0.00015808889879137728,0.00015808888722060863,0.00015808887565212947,0.00015808886408593886,0.00015808885252203386,0.0001580888409604125,0.00015808882940107828,0.00015808881784402378,0.00015808880628924977,0.00015808879473675483,0.0001580887831865374,0.00015808877163859592,0.00015808876009292937,0.00015808874854953813,0.00015808873700841339,0.00015808872546956257,0.00015808871393297995,0.00015808870239866464,0.000158088690866615,0.0001580886793368288,0.00015808866780930544,0.00015808865628404373,0.00015808864476104235,0.0001580886332402967,0.00015808862172181107,0.0001580886102055827,0.00015808859869160562,0.00015808858717988213,0.0001580885756704098,0.00015808856416318852,0.00015808855265820682,0.00015808854115547833,0.0001580885296549961,0.00015808851815675765,0.00015808850666076087,0.00015808849516700486,0.00015808848367548003,0.00015808847218619327,0.00015808846069915268,0.0001580884492143426,0.00015808843773177186,0.00015808842625143196,0.00015808841477332145,0.00015808840329744237,0.00015808839182378305,0.000158088380352359,0.00015808836888315232,0.00015808835741617372,0.00015808834595141868,0.00015808833448888613,0.00015808832302857307,0.00015808831157047818,0.0001580883001146,0.00015808828866093803,0.00015808827720949006,0.0001580882657602546,0.00015808825431322946,0.00015808824286841212,0.0001580882314258045,0.00015808821998540107,0.0001580882085472055,0.00015808819711121387,0.00015808818567742523,0.00015808817424583957,0.00015808816281645687,0.00015808815138926952,0.00015808813996428018,0.00015808812854148032,0.0001580881171208755,0.00015808810570246693,0.00015808809428625038,0.00015808808287221893,0.00015808807146037285,0.00015808806005071548,0.0001580880486432508,0.00015808803723796574,0.00015808802583486883,0.00015808801443395384,0.00015808800303521907,0.00015808799163866369,0.0001580879802442859,0.00015808796885208488,0.00015808795746205832,0.0001580879460742075,0.00015808793468852518,0.0001580879233050068,0.0001580879119236649,0.00015808790054449266,0.0001580878891674875,0.00015808787779263554,0.0001580878664199601,0.00015808785504944727,0.000158087843681103,0.00015808783231491155,0.00015808782095087226,0.00015808780958899324,0.00015808779822927378,0.00015808778687169902,0.00015808777551628043,0.0001580877641630207,0.00015808775281190977,0.00015808774146294888,0.00015808773011613693,0.00015808771877147025,0.00015808770742896258,0.00015808769608859858,0.00015808768475036446,0.0001580876734142719,0.00015808766208031777,0.00015808765074849866,0.00015808763941881524,0.00015808762809127398,0.00015808761676586725,0.00015808760544258564,0.0001580875941214374,0.00015808758280243254,0.0001580875714855494,0.00015808756017080263,0.00015808754885818148,0.00015808753754767993,0.00015808752623930192,0.0001580875149330471,0.00015808750362891378,0.00015808749232689996,0.000158087481027007,0.00015808746972922942,0.00015808745843356865,0.0001580874471400223,0.00015808743584858854,0.00015808742455926793,0.00015808741327205837,0.00015808740198695897,0.0001580873907039679,0.00015808737942308383,0.00015808736814430563,0.00015808735686763126,0.00015808734559306,0.00015808733432059107,0.00015808732305022216,0.00015808731178195256,0.00015808730051578284,0.00015808728925170915,0.00015808727798973164,0.00015808726672984774,0.00015808725547205495,0.00015808724421634775,0.00015808723296273662,0.00015808722171121558,0.00015808721046178272,0.00015808719921442686,0.00015808718796916444,0.0001580871767259855,0.00015808716548489066,0.00015808715424587658,0.00015808714300893809,0.00015808713177408362,0.0001580871205412992,0.00015808710931059883,0.00015808709808197384,0.0001580870868554141,0.00015808707563092652,0.00015808706440851848,0.0001580870531881949,0.00015808704196992602,0.00015808703075372442,0.00015808701953958906,0.00015808700832753414,0.0001580869971175442,0.00015808698590960013,0.00015808697470371622,0.00015808696349989086,0.00015808695229812538,0.00015808694109841335,0.0001580869299007626,0.00015808691870516705,0.0001580869075116239,0.00015808689632013323,0.00015808688513069396,0.00015808687394330484,0.00015808686275796448,0.00015808685157467183,0.00015808684039342547,0.00015808682921422432,0.00015808681803706727,0.0001580868068619528,0.00015808679568887977,0.0001580867845178469,0.00015808677334885462,0.00015808676218189967,0.00015808675101698088,0.00015808673985409692,0.0001580867286932474,0.00015808671753442962,0.00015808670637764368,0.0001580866952228897,0.00015808668407016522,0.00015808667291946526,0.00015808666177079392,0.00015808665062414862,0.0001580866394795261,0.0001580866283369285,0.00015808661719635315,0.00015808660605779595,0.00015808659492126057,0.0001580865837867427,0.0001580865726542437,0.00015808656152375178,0.00015808655039528254,0.00015808653926882568,0.00015808652814437816,0.00015808651702194407,0.00015808650590152213,0.00015808649478310692,0.00015808648366670005,0.00015808647255230004,0.00015808646143990632,0.00015808645032951843,0.0001580864392211303,0.00015808642811474314,0.0001580864170103564,0.00015808640590796915,0.00015808639480757982,0.00015808638370918738,0.00015808637261278922,0.00015808636151838675,0.00015808635042597753,0.00015808633933556043,0.0001580863282471471,0.00015808631716071337,0.00015808630607626507,0.00015808629499380582,0.00015808628391333196,0.00015808627283484303,0.00015808626175833941,0.00015808625068381717,0.0001580862396112764,0.00015808622854071553,0.00015808621747213304,0.00015808620640553003,0.0001580861953409042,0.00015808618427825343,0.00015808617321757805,0.00015808616215887565,0.00015808615110214508,0.0001580861400473865,0.00015808612899459402,0.00015808611794377334,0.00015808610689492164,0.00015808609584803493,0.00015808608480310645,0.00015808607376014967,0.0001580860627191521,0.00015808605168012022,0.00015808604064305014,0.0001580860296079337,0.00015808601857478628,0.00015808600754359147,0.00015808599651435243,0.0001580859854870617,0.0001580859744617309,0.00015808596343835243,0.00015808595241692712,0.00015808594139745153,0.00015808593037992423,0.00015808591936434664,0.00015808590835071244,0.0001580858973390254,0.00015808588632928644,0.00015808587532148899,0.00015808586431563526,0.0001580858533117239,0.00015808584230975304,0.00015808583130971933,0.00015808582031163524,0.00015808580931547713,0.00015808579832125497,0.00015808578732896865,0.00015808577633861622,0.00015808576535019628,0.0001580857543637077,0.00015808574337915844,0.0001580857323965293,0.00015808572141582728,0.00015808571043705316,0.00015808569946020574,0.000158085688485281,0.00015808567751227954,0.0001580856665412008,0.0001580856555720436,0.0001580856446048057,0.0001580856336394878,0.00015808562267608797,0.00015808561171460527,0.00015808560075503456,0.00015808558979737603,0.0001580855788416373,0.0001580855678878113,0.0001580855569358974,0.00015808554598589308,0.00015808553503779787,0.00015808552409162053,0.00015808551314734105,0.00015808550220496756,0.00015808549126449848,0.00015808548032593314,0.00015808546938926975,0.00015808545845450854,0.00015808544752164794,0.00015808543659068627,0.0001580854256616228,0.0001580854147344566,0.00015808540380918637,0.000158085392885811,0.00015808538196432877,0.00015808537104473986,0.00015808536012704502,0.00015808534921123835,0.0001580853382973238,0.0001580853273852974,0.00015808531647515695,0.00015808530556690457,0.00015808529466053474,0.00015808528375605297,0.0001580852728534544,0.0001580852619527381,0.00015808525105390296,0.00015808524015694975,0.0001580852292618734,0.00015808521836867514,0.0001580852074773544,0.0001580851965879093,0.00015808518570033898,0.00015808517481464253,0.00015808516393081817,0.00015808515304886454,0.00015808514216878158,0.000158085131290568,0.0001580851204142235,0.00015808510953974753,0.0001580850986671378,0.0001580850877963925,0.00015808507692751194,0.0001580850660604941,0.00015808505519533848,0.00015808504433204373,0.0001580850334706093,0.00015808502261103373,0.00015808501175331713,0.00015808500089745418,0.00015808499004345655,0.00015808497919130683,0.00015808496834101028,0.00015808495749256607,0.00015808494664597413,0.00015808493580123296,0.00015808492495834309,0.00015808491411729828,0.0001580849032781025,0.00015808489244075984,0.000158084881605256,0.00015808487077159544,0.0001580848599397799,0.00015808484910980668,0.00015808483828167448,0.00015808482745539507,0.0001580848166309402,0.00015808480580832814,0.0001580847949875516,0.00015808478416861122,0.00015808477335150633,0.00015808476253623548,0.0001580847517227978,0.00015808474091119122,0.00015808473010141686,0.00015808471929347001,0.0001580847084873545,0.00015808469768306715,0.0001580846868806049,0.00015808467607996684,0.0001580846652811581,0.00015808465448417282,0.00015808464368901264,0.00015808463289567439,0.0001580846221041539,0.0001580846113144541,0.0001580846005265721,0.00015808458974051024,0.00015808457895626716,0.00015808456817383766,0.00015808455739322295,0.00015808454661442247,0.00015808453583742279,0.00015808452506224676,0.0001580845142888817,0.00015808450351732718,0.00015808449274758157,0.0001580844819796458,0.00015808447121351435,0.00015808446044918937,0.0001580844496866708,0.00015808443892595414,0.00015808442816704027,0.0001580844174099284,0.00015808440665461595,0.00015808439590110504,0.0001580843851493935,0.00015808437439948078,0.0001580843636513649,0.0001580843529050449,0.00015808434216052004,0.00015808433141778936,0.0001580843206768512,0.00015808430993770616,0.00015808429920035176,0.00015808428846478774,0.00015808427773101355,0.00015808426699902582,0.00015808425626882705,0.00015808424554041383,0.00015808423481378591,0.00015808422408893983,0.00015808421336587893,0.00015808420264460104,0.00015808419192509898,0.0001580841812073844,0.00015808417049144782,0.00015808415977728948,0.00015808414906490876,0.00015808413835430123,0.00015808412764547341,0.00015808411693841865,0.00015808410623313734,0.00015808409552963023,0.0001580840848278945,0.00015808407412792942,0.00015808406342973405,0.00015808405273330715,0.0001580840420386487,0.0001580840313457569,0.00015808402065463093,0.00015808400996526983,0.0001580839992776731,0.00015808398859183903,0.00015808397790776732,0.0001580839672254574,0.0001580839565449075,0.00015808394586611647,0.0001580839351890848,0.00015808392451380985,0.00015808391384029147,0.0001580839031685284,0.00015808389249852007,0.00015808388183026525,0.00015808387116376303,0.00015808386049901254,0.00015808384983601297,0.00015808383917476318,0.0001580838285152622,0.0001580838178575094,0.00015808380720150344,0.00015808379654724374,0.00015808378589472898,0.00015808377524395876,0.00015808376459493188,0.00015808375394764726,0.00015808374330210384,0.00015808373265830056,0.00015808372201623605,0.00015808371137591602,0.00015808370073733073,0.0001580836901004802,0.0001580836794653654,0.00015808366883198543,0.00015808365820033424,0.00015808364757041683,0.00015808363694223533,0.00015808362631578496,0.00015808361569106491,0.00015808360506807415,0.00015808359444681179,0.00015808358382727686,0.00015808357320946915,0.00015808356259338358,0.0001580835519790274,0.00015808354136639656,0.00015808353075548706,0.00015808352014629935,0.00015808350953883273,0.0001580834989330862,0.00015808348832905872,0.0001580834777267475,0.0001580834671261537,0.0001580834565272768,0.00015808344593011605,0.0001580834353346701,0.0001580834247409381,0.0001580834141489185,0.00015808340355861098,0.0001580833929700147,0.00015808338238312847,0.0001580833717979508,0.0001580833612144796,0.0001580833506327159,0.0001580833400526587,0.00015808332947430716,0.0001580833188976604,0.00015808330832271724,0.000158083297749477,0.00015808328717793873,0.00015808327660810168,0.00015808326603996482,0.0001580832554735272,0.00015808324490878807,0.00015808323434574645,0.00015808322378440135,0.0001580832132247521,0.00015808320266679773,0.00015808319211053733,0.0001580831815559699,0.00015808317100309468,0.0001580831604519108,0.00015808314990241725,0.0001580831393546133,0.0001580831288084979,0.00015808311826407022,0.00015808310772132933,0.00015808309718027443,0.00015808308664090463,0.00015808307610321902,0.00015808306556721672,0.00015808305503289702,0.00015808304450025875,0.0001580830339693011,0.00015808302344002336,0.00015808301291242454,0.00015808300238650375,0.0001580829918622601,0.00015808298133969273,0.00015808297081880077,0.00015808296029958332,0.00015808294978203965,0.00015808293926616876,0.0001580829287519698,0.00015808291823944193,0.0001580829077285841,0.00015808289721939574,0.00015808288671187578,0.00015808287620602338,0.0001580828657018375,0.00015808285519931762,0.00015808284469846274,0.00015808283419927206,0.0001580828237017444,0.00015808281320587924,0.0001580828027116757,0.00015808279221913262,0.00015808278172824947,0.00015808277123902523,0.000158082760751459,0.00015808275026555385,0.0001580827397813013,0.00015808272929870802,0.00015808271881776942,0.0001580827083384847,0.00015808269786085296,0.0001580826873848781,0.00015808267691054965,0.00015808266643787,0.00015808265596684024,0.00015808264549745901,0.0001580826350297272,0.0001580826245636427,0.0001580826140992041,0.00015808260363640896,0.00015808259317525927,0.0001580825827157549,0.00015808257225788773,0.0001580825618016657,0.000158082551347085,0.00015808254089414445,0.00015808253044284504,0.00015808251999318237,0.00015808250954516665,0.00015808249909877894,0.0001580824886540361,0.00015808247821091939,0.00015808246776943726,0.00015808245732958906,0.00015808244689137293,0.0001580824364547881,0.00015808242601983568,0.00015808241558651326,0.00015808240515482018,0.0001580823947247556,0.00015808238429631882,0.00015808237386950896,0.00015808236344432526,0.00015808235302076673,0.0001580823425988325,0.00015808233217852173,0.0001580823217598327,0.000158082311342767,0.000158082300927322,0.000158082290513499,0.00015808228010129368,0.00015808226969070725,0.00015808225928173685,0.00015808224887438557,0.00015808223846865046,0.0001580822280645297,0.00015808221766202345,0.00015808220726112927,0.0001580821968618486,0.00015808218646418186,0.00015808217606812425,0.00015808216567368214,0.00015808215528084564,0.00015808214488961784,0.00015808213449999766,0.00015808212411198478,0.00015808211372557823,0.00015808210334077814,0.00015808209295758183,0.0001580820825759895,0.00015808207219600027,0.0001580820618176131,0.00015808205144082736,0.0001580820410656295,0.00015808203069203762,0.00015808202032005215,0.00015808200994966502,0.00015808199958087165,0.000158081989213678,0.00015808197884808014,0.00015808196848407765,0.0001580819581216702,0.00015808194776085536,0.00015808193740163274,0.00015808192704400262,0.00015808191668796354,0.00015808190633351471,0.00015808189598065517,0.00015808188562938436,0.00015808187527970125,0.00015808186493160525,0.00015808185458509534,0.00015808184424017098,0.0001580818338968311,0.00015808182355507523,0.00015808181321490237,0.00015808180287631168,0.00015808179253930243,0.00015808178220387393,0.00015808177187002533,0.00015808176153775575,0.00015808175120706456,0.00015808174087795078,0.00015808173055041383,0.00015808172022445274,0.00015808170990006684,0.00015808169957725538,0.00015808168925601738,0.0001580816789363522,0.0001580816686182591,0.00015808165830173717,0.00015808164798678575,0.000158081637673404,0.000158081627361591,0.00015808161705134632,0.0001580816067426688,0.00015808159643555784,0.0001580815861300128,0.00015808157582603257,0.0001580815655236167,0.00015808155522276424,0.0001580815449234744,0.00015808153462574647,0.0001580815243295797,0.00015808151403497322,0.00015808150374192637,0.00015808149345043822,0.00015808148316050807,0.0001580814728721353,0.00015808146258531906,0.00015808145230005848,0.00015808144201635277,0.0001580814317342014,0.0001580814214536033,0.0001580814111745579,0.00015808140089706437,0.00015808139062112195,0.00015808138034672988,0.0001580813700738875,0.0001580813598025938,0.0001580813495328483,0.00015808133926464995,0.0001580813289979982,0.00015808131873289226,0.0001580813084693313,0.0001580812982073145,0.00015808128794684128,0.00015808127768791083,0.00015808126743052235,0.00015808125717467508,0.00015808124692036834,0.00015808123666760115,0.00015808122641637298,0.00015808121616668266,0.0001580812059185302,0.00015808119567191394,0.00015808118542683358,0.0001580811751832886,0.00015808116494127794,0.00015808115470080107,0.00015808114446185702,0.00015808113422444535,0.0001580811239885649,0.00015808111375421532,0.00015808110352139552,0.0001580810932901051,0.0001580810830603428,0.00015808107283210847,0.00015808106260540108,0.00015808105238021984,0.0001580810421565642,0.00015808103193443317,0.00015808102171382612,0.00015808101149474235,0.00015808100127718094,0.00015808099106114125,0.00015808098084662116,0.00015808097063362358,0.00015808096042214554,0.00015808095021218636,0.00015808094000374564,0.00015808092979682122,0.00015808091959141436,0.00015808090938752395,0.00015808089918514825,0.00015808088898428802,0.0001580808787849406,0.00015808086858710692,0.00015808085839078527,0.00015808084819597437,0.00015808083800267146,0.0001580808278108795,0.0001580808176205978,0.00015808080743182393,0.00015808079724455784,0.00015808078705879873,0.0001580807768745461,0.0001580807666917991,0.00015808075651055703,0.00015808074633081923,0.00015808073615258532,0.00015808072597585458,0.00015808071580062489,0.0001580807056268967,0.0001580806954546687,0.00015808068528394095,0.0001580806751147123,0.000158080664946982,0.00015808065478074894,0.00015808064461601357,0.00015808063445277366,0.00015808062429102955,0.00015808061413077965,0.0001580806039720242,0.00015808059381476215,0.0001580805836589927,0.000158080573504715,0.00015808056335192853,0.00015808055320063274,0.0001580805430508267,0.00015808053290250961,0.0001580805227556806,0.00015808051261033968,0.00015808050246648558,0.0001580804923241178,0.00015808048218323543,0.00015808047204383775,0.00015808046190592424,0.0001580804517694941,0.00015808044163454654,0.0001580804315010811,0.00015808042136909676,0.00015808041123859302,0.000158080401109569,0.0001580803909820242,0.00015808038085595786,0.00015808037073136927,0.00015808036060825753,0.00015808035048662183,0.00015808034036646204,0.00015808033024777707,0.0001580803201305662,0.0001580803100148288,0.00015808029990056315,0.00015808028978777088,0.00015808027967644984,0.0001580802695666007,0.00015808025945822056,0.00015808024935130987,0.0001580802392458677,0.00015808022914189356,0.0001580802190393865,0.00015808020893834599,0.00015808019883877127,0.0001580801887406617,0.00015808017864401668,0.0001580801685488353,0.000158080158455117,0.0001580801483628612,0.00015808013827206706,0.0001580801281827339,0.00015808011809486104,0.00015808010800844778,0.00015808009792349346,0.0001580800878399974,0.0001580800777579589,0.0001580800676773772,0.00015808005759825167,0.00015808004752058169,0.00015808003744436413,0.00015808002736960306,0.00015808001729629743,0.00015808000722444032,0.00015807999715403641,0.0001580799870850841,0.00015807997701758274,0.00015807996695153717,0.00015807995688693768,0.0001580799468237842,0.00015807993676207678,0.00015807992670181721,0.00015807991664300454,0.00015807990658564156,0.00015807989652972192,0.00015807988647524704,0.000158079876422218,0.00015807986637062936,0.00015807985632048416,0.00015807984627177988,0.00015807983622451781,0.00015807982617869622,0.00015807981613431436,0.00015807980609137173,0.00015807979604986772,0.00015807978600980137,0.00015807977597117232,0.00015807976593397972,0.00015807975589822296,0.00015807974586390155,0.00015807973583101422,0.00015807972579956096,0.00015807971576954085,0.00015807970574095305,0.00015807969571379722,0.00015807968568807263,0.00015807967566377847,0.00015807966564091428,0.0001580796556194791,0.00015807964559947236,0.00015807963558089365,0.00015807962556374204,0.00015807961554801703,0.00015807960553371783,0.0001580795955208438,0.0001580795855093942,0.00015807957549936866,0.00015807956549076626,0.00015807955548358634,0.00015807954547782845,0.00015807953547349168,0.00015807952547057554,0.00015807951546907925,0.00015807950546900234,0.00015807949547034391,0.00015807948547310352,0.00015807947547728584,0.0001580794654828794,0.00015807945548988888,0.00015807944549831447,0.00015807943550815392,0.00015807942551940795,0.00015807941553207505,0.00015807940554615922,0.00015807939556165612,0.00015807938557855944,0.0001580793755968739,0.0001580793656166034,0.0001580793556377368,0.00015807934566027998,0.00015807933568423056,0.00015807932570959608,0.00015807931573636117,0.00015807930576453236,0.00015807929579410925,0.00015807928582509096,0.000158079275857477,0.0001580792658912667,0.00015807925592645932,0.0001580792459630545,0.00015807923600105116,0.0001580792260404491,0.00015807921608124737,0.00015807920612344548,0.00015807919616704272,0.00015807918621204564,0.0001580791762584393,0.0001580791663062302,0.0001580791563554177,0.00015807914640600105,0.0001580791364579798,0.00015807912651135333,0.00015807911656612073,0.00015807910662228163,0.00015807909667983524,0.00015807908673878102,0.0001580790767991183,0.0001580790668608465,0.0001580790569239649,0.00015807904698847286,0.00015807903705436984,0.00015807902712165512,0.00015807901719032812,0.00015807900726038827,0.0001580789973318347,0.00015807898740466704,0.00015807897747888475,0.00015807896755448678,0.0001580789576314725,0.00015807894770984167,0.0001580789377895896,0.00015807892787072356,0.000158078917953239,0.00015807890803713515,0.00015807889812241154,0.00015807888820906744,0.00015807887829710217,0.00015807886838651526,0.00015807885847730544,0.00015807884856947315,0.0001580788386630167,0.00015807882875793617,0.00015807881885423127,0.0001580788089519003,0.00015807879905094336,0.00015807878915135817,0.00015807877925314,0.00015807876935630162,0.00015807875946083458,0.00015807874956673854,0.00015807873967401277,0.0001580787297826567,0.0001580787198926694,0.00015807871000405056,0.00015807870011679936,0.0001580786902309153,0.0001580786803463984,0.000158078670463247,0.00015807866058146052,0.00015807865070103876,0.00015807864082198112,0.00015807863094428697,0.00015807862106795558,0.0001580786111929875,0.00015807860131937998,0.00015807859144713356,0.00015807858157624699,0.00015807857170672013,0.00015807856183854544,0.00015807855197173592,0.00015807854210628534,0.0001580785322421916,0.0001580785223794557,0.00015807851251807523,0.00015807850265804862,0.00015807849279937932,0.0001580784829420635,0.00015807847308610125,0.00015807846323149212,0.00015807845337823545,0.0001580784435263306,0.00015807843367577707,0.00015807842382657388,0.00015807841397872074,0.0001580784041322171,0.00015807839428706226,0.00015807838444325642,0.00015807837460079754,0.00015807836475968583,0.00015807835491992112,0.00015807834508150173,0.00015807833524442762,0.0001580783254086982,0.00015807831557431334,0.00015807830574127195,0.00015807829590957354,0.00015807828607921747,0.00015807827625020297,0.0001580782664225296,0.00015807825659619668,0.00015807824677120373,0.00015807823694755012,0.0001580782271252352,0.00015807821730425776,0.0001580782074846179,0.000158078197666315,0.00015807818784934838,0.00015807817803371757,0.00015807816821942187,0.00015807815840646142,0.00015807814859483425,0.0001580781387845404,0.00015807812897558005,0.0001580781191679513,0.00015807810936166005,0.0001580780995566955,0.00015807808975306072,0.00015807807995075514,0.0001580780701497793,0.00015807806035013215,0.00015807805055181314,0.00015807804075482158,0.0001580780309591569,0.0001580780211648185,0.00015807801137180584,0.00015807800158011795,0.00015807799178975727,0.00015807798200071776,0.00015807797221299792,0.00015807796242660587,0.00015807795264153102,0.00015807794285778218,0.00015807793307535479,0.00015807792329424806,0.00015807791351446114,0.00015807790373599358,0.00015807789395884487,0.00015807788418301406,0.00015807787440850102,0.0001580778646353037,0.0001580778548634244,0.00015807784509286085,0.00015807783532361275,0.00015807782555568283,0.00015807781578906527,0.00015807780602375976,0.00015807779625976758,0.00015807778649708736,0.00015807777673571263,0.0001580777669756558,0.00015807775721690933,0.00015807774745947334,0.0001580777377033471,0.00015807772794852986,0.0001580777181950209,0.00015807770844281983,0.0001580776986919264,0.00015807768894233925,0.0001580776791940591,0.0001580776694470836,0.00015807765970141344,0.00015807764995704767,0.00015807764021398573,0.00015807763047222723,0.0001580776207317714,0.00015807761099261822,0.00015807760125476663,0.00015807759151821276,0.00015807758178296242,0.00015807757204901226,0.00015807756231636105,0.0001580775525850047,0.00015807754285495035,0.00015807753312618752,0.00015807752339872804,0.00015807751367256532,0.00015807750394769882,0.00015807749422412743,0.00015807748450185092,0.00015807747478086887,0.00015807746506118077,0.00015807745534278614,0.00015807744562568312,0.0001580774359098678,0.0001580774261953491,0.00015807741648212189,0.00015807740677018046,0.00015807739705953256,0.0001580773873501746,0.00015807737764210488,0.0001580773679353232,0.00015807735822982917,0.0001580773485256224,0.00015807733882270217,0.0001580773291210678,0.00015807731942071878,0.00015807730972165572,0.000158077300023876,0.00015807729032737977,0.00015807728063216685,0.00015807727093823554,0.00015807726124558727,0.00015807725155422044,0.00015807724186413496,0.0001580772321753306,0.0001580772224878054,0.00015807721280156308,0.00015807720311659596,0.00015807719343290683,0.00015807718375049587,0.00015807717406936164,0.0001580771643895045,0.00015807715471092111,0.00015807714503362163,0.0001580771353575904,0.00015807712568283394,0.00015807711600935385,0.00015807710633714426,0.00015807709666620847,0.00015807708699654412,0.00015807707732815127,0.00015807706766103027,0.00015807705799517915,0.00015807704833059835,0.00015807703866728735,0.00015807702900524508,0.000158077019344471,0.00015807700968496505,0.00015807700002672644,0.00015807699036975351,0.00015807698071404792,0.00015807697105960807,0.00015807696140643333,0.00015807695175452328,0.00015807694210387746,0.00015807693245449548,0.00015807692280637626,0.00015807691315952014,0.00015807690351392546,0.00015807689386959187,0.0001580768842265195,0.00015807687458470736,0.00015807686494415473,0.0001580768553048629,0.0001580768456668299,0.00015807683603005394,0.0001580768263945358,0.0001580768167602742,0.00015807680712726985,0.00015807679749552144,0.00015807678786503352,0.00015807677823579197,0.0001580767686078089,0.00015807675898108157,0.00015807674935560602,0.00015807673973138977,0.00015807673010842882,0.00015807672048671025,0.00015807671086624298,0.00015807670124702746,0.00015807669162906115,0.0001580766820123448,0.0001580766723968824,0.00015807666278266393,0.00015807665316969362,0.00015807664355797083,0.00015807663394749508,0.0001580766243382659,0.0001580766147302826,0.00015807660512354483,0.0001580765955180528,0.00015807658591380564,0.00015807657631080097,0.00015807656670904096,0.00015807655710852334,0.00015807654750925272,0.0001580765379112225,0.00015807652831442324,0.00015807651871887213,0.00015807650912454417,0.0001580764995314732,0.00015807648993964134,0.0001580764803490484,0.00015807647075969403,0.00015807646117157705,0.00015807645158469728,0.00015807644199905202,0.0001580764324146449,0.00015807642283147255,0.00015807641324953642,0.00015807640366883373,0.00015807639408936812,0.00015807638451113422,0.00015807637493413495,0.00015807636535837755,0.0001580763557838419,0.00015807634621053745,0.00015807633663846265,0.00015807632706761935,0.00015807631749800607,0.0001580763079296223,0.00015807629836246738,0.00015807628879654096,0.0001580762792318445,0.0001580762696683709,0.00015807626010612647,0.0001580762505451088,0.0001580762409853227,0.00015807623142675143,0.00015807622186940934,0.00015807621231329132,0.00015807620275839855,0.00015807619320472842,0.00015807618365228787,0.00015807617410106266,0.00015807616455105724,0.00015807615500227398,0.0001580761454547128,0.00015807613590836827,0.00015807612636324687,0.00015807611681934749,0.00015807610727666481,0.00015807609773520027,0.00015807608819494912,0.00015807607865591956,0.000158076069118107,0.00015807605958151135,0.00015807605004613306,0.00015807604051196896,0.00015807603097901872,0.00015807602144728226,0.00015807601191675943,0.00015807600238744966,0.0001580759928593531,0.00015807598333247196,0.00015807597380680134,0.00015807596428233763,0.00015807595475908663,0.0001580759452370462,0.0001580759357162106,0.00015807592619658856,0.00015807591667817557,0.00015807590716097086,0.000158075897644975,0.00015807588813018572,0.0001580758786166032,0.00015807586910422664,0.00015807585959306685,0.0001580758500831025,0.00015807584057434348,0.0001580758310667887,0.00015807582156043595,0.00015807581205528609,0.00015807580255133955,0.00015807579304859533,0.00015807578354705299,0.0001580757740467122,0.00015807576454757193,0.0001580757550496318,0.0001580757455528918,0.00015807573605735112,0.00015807572656301007,0.0001580757170698657,0.00015807570757792096,0.00015807569808717556,0.0001580756885976233,0.00015807567910926826,0.00015807566962211067,0.00015807566013614774,0.00015807565065138122,0.00015807564116781346,0.00015807563168543354,0.00015807562220424717,0.00015807561272425342,0.0001580756032454521,0.0001580755937678431,0.000158075584291425,0.00015807557481619533,0.00015807556534215932,0.00015807555586931364,0.00015807554639765459,0.00015807553692718572,0.0001580755274579074,0.00015807551798981725,0.00015807550852291443,0.0001580754990571989,0.00015807548959266988,0.0001580754801293272,0.00015807547066717023,0.00015807546120620146,0.00015807545174641762,0.0001580754422878136,0.00015807543283039314,0.0001580754233741556,0.0001580754139191018,0.00015807540446523372,0.00015807539501254642,0.00015807538556104176,0.00015807537611073176,0.00015807536666158733,0.0001580753572136349,0.0001580753477668509,0.00015807533832124405,0.00015807532887681587,0.00015807531943355289,0.00015807530999148014,0.00015807530055058464,0.0001580752911108656,0.00015807528167232287,0.0001580752722349558,0.00015807526279876396,0.0001580752533637469,0.00015807524392990422,0.00015807523449724284,0.00015807522506574735,0.00015807521563542643,0.00015807520620627575,0.0001580751967782976,0.00015807518735149037,0.00015807517792585418,0.00015807516850138906,0.0001580751590780934,0.00015807514965596729,0.0001580751402350103,0.0001580751308152219,0.00015807512139660165,0.00015807511197914905,0.00015807510256286362,0.0001580750931477502,0.00015807508373379782,0.00015807507432100959,0.0001580750649093896,0.00015807505549893965,0.0001580750460896526,0.00015807503668152547,0.00015807502727456656,0.00015807501786877136,0.00015807500846413335,0.0001580749990606569,0.00015807498965834252,0.00015807498025719404,0.00015807497085720097,0.00015807496145837406,0.00015807495206070048,0.00015807494266418612,0.0001580749332688306,0.0001580749238746334,0.00015807491448159412,0.0001580749050897123,0.00015807489569898603,0.00015807488630941612,0.00015807487692100084,0.00015807486753374337,0.0001580748581476284,0.00015807484876268152,0.00015807483937888838,0.00015807482999624967,0.0001580748206147641,0.00015807481123443183,0.00015807480185525173,0.00015807479247720947,0.00015807478310033305,0.00015807477372460532,0.00015807476435002988,0.00015807475497660472,0.00015807474560432935,0.00015807473623320327,0.0001580747268632191,0.00015807471749438884,0.00015807470812670882,0.00015807469876017574,0.0001580746893947854,0.00015807468003054356,0.0001580746706674488,0.00015807466130549836,0.0001580746519446938,0.00015807464258503528,0.0001580746332265188,0.00015807462386914479,0.00015807461451291998,0.00015807460515783326,0.0001580745958038885,0.00015807458645108414,0.00015807457709942277,0.00015807456774890357,0.0001580745583995233,0.00015807454905128446,0.000158074539704184,0.00015807453035822413,0.00015807452101340274,0.0001580745116697204,0.00015807450232718377,0.00015807449298576977,0.00015807448364549954,0.0001580744743063666,0.00015807446496837293,0.0001580744556315121,0.00015807444629579477,0.00015807443696120273,0.00015807442762774993,0.0001580744182954123,0.00015807440896421763,0.00015807439963415993,0.00015807439030523986,0.0001580743809774468,0.00015807437165078344,0.00015807436232525307,0.00015807435300085431,0.00015807434367758665,0.00015807433435544656,0.00015807432503443602,0.00015807431571455353,0.00015807430639579994,0.00015807429707817485,0.0001580742877616842,0.0001580742784463128,0.00015807426913207363,0.00015807425981896066,0.00015807425050696897,0.00015807424119610263,0.00015807423188636137,0.00015807422257774735,0.00015807421327025548,0.00015807420396388318,0.00015807419465864634,0.00015807418535452274,0.00015807417605152564,0.0001580741667496458,0.00015807415744888774,0.00015807414814924625,0.00015807413885072908,0.00015807412955333463,0.0001580741202570581,0.00015807411096190193,0.0001580741016678674,0.00015807409237494834,0.00015807408308314455,0.00015807407379246014,0.00015807406450289504,0.000158074055214446,0.00015807404592712,0.0001580740366409064,0.00015807402735580677,0.00015807401807182118,0.00015807400878894683,0.0001580739995071933,0.000158073990226551,0.00015807398094702137,0.00015807397166860406,0.00015807396239129836,0.0001580739531151012,0.00015807394384001981,0.00015807393456604042,0.00015807392529318008,0.00015807391602143216,0.0001580739067507808,0.0001580738974812515,0.0001580738882128276,0.0001580738789455141,0.00015807386967930665,0.00015807386041420676,0.0001580738511502137,0.00015807384188732732,0.0001580738326255489,0.00015807382336487476,0.0001580738141053055,0.0001580738048468434,0.00015807379558948454,0.00015807378633322914,0.00015807377707807818,0.000158073767824032,0.0001580737585710955,0.0001580737493192535,0.00015807374006851645,0.00015807373081887796,0.00015807372157034092,0.00015807371232290666,0.00015807370307657092,0.00015807369383133833,0.00015807368458720862,0.00015807367534417563,0.00015807366610223704,0.0001580736568613952,0.0001580736476216526,0.00015807363838300732,0.0001580736291454592,0.00015807361990900602,0.00015807361067365043,0.00015807360143938915,0.0001580735922062245,0.00015807358297416076,0.0001580735737431855,0.0001580735645133039,0.00015807355528451645,0.00015807354605682297,0.0001580735368302206,0.00015807352760471204,0.00015807351838029504,0.00015807350915696933,0.00015807349993474668,0.00015807349071360308,0.00015807348149354987,0.0001580734722745886,0.0001580734630567143,0.0001580734538399296,0.00015807344462423403,0.00015807343540962614,0.00015807342619608792,0.00015807341698365537,0.00015807340777230952,0.0001580733985620505,0.00015807338935287487,0.00015807338014478745,0.0001580733709377859,0.0001580733617318678,0.00015807335252703567,0.0001580733433232868,0.00015807333412062242,0.00015807332491904051,0.00015807331571854444,0.00015807330651912912,0.00015807329732079467,0.000158073288123542,0.0001580732789273706,0.00015807326973227948,0.00015807326053825392,0.00015807325134532346,0.00015807324215347192,0.00015807323296269991,0.00015807322377300452,0.0001580732145843857,0.00015807320539684764,0.00015807319621038716,0.00015807318702500378,0.00015807317784069774,0.00015807316865746858,0.00015807315947531498,0.0001580731502942387,0.00015807314111423217,0.00015807313193530044,0.00015807312275744587,0.0001580731135806666,0.0001580731044049571,0.0001580730952303246,0.0001580730860567619,0.00015807307688427182,0.00015807306771285442,0.00015807305854251014,0.00015807304937323372,0.000158073040205033,0.00015807303103789882,0.00015807302187183678,0.00015807301270684185,0.0001580730035429164,0.00015807299438005954,0.0001580729852182663,0.00015807297605754066,0.0001580729668978827,0.0001580729577392958,0.00015807294858177852,0.00015807293942532137,0.00015807293026992263,0.000158072921115602,0.00015807291196234162,0.00015807290281014802,0.00015807289365901914,0.00015807288450895654,0.00015807287535995261,0.00015807286621201383,0.00015807285706512816,0.0001580728479193136,0.00015807283877455975,0.0001580728296308667,0.00015807282048823526,0.00015807281134666202,0.00015807280220615132,0.0001580727930667004,0.0001580727839283088,0.0001580727747909762,0.00015807276565470214,0.00015807275651948637,0.00015807274738532823,0.00015807273825222824,0.00015807272912018452,0.000158072719989198,0.00015807271085926722,0.00015807270173039215,0.00015807269260257253,0.000158072683475808,0.0001580726743500986,0.00015807266522544343,0.0001580726561018414,0.00015807264697929367,0.00015807263785779806,0.00015807262873735337,0.00015807261961796348,0.00015807261049962298,0.00015807260138233584,0.00015807259226609854,0.0001580725831509095,0.00015807257403677318,0.00015807256492368358,0.000158072555811657,0.00015807254670066888,0.00015807253759073285,0.00015807252848184188,0.00015807251937400297,0.00015807251026720939,0.00015807250116147008,0.0001580724920567705,0.00015807248295311732,0.00015807247385051017,0.00015807246474894857,0.00015807245564843233,0.0001580724465489609,0.0001580724374505341,0.00015807242835315128,0.00015807241925681214,0.0001580724101615164,0.00015807240106726356,0.0001580723919740532,0.00015807238288188507,0.00015807237379075864,0.00015807236470067373,0.0001580723556116297,0.00015807234652362635,0.00015807233743666326,0.00015807232835074,0.00015807231926585623,0.00015807231018201155,0.00015807230109920545,0.00015807229201743775,0.00015807228293670798,0.0001580722738570158,0.00015807226477836082,0.0001580722557007426,0.0001580722466241607,0.000158072237548615,0.0001580722284741048,0.0001580722194006299,0.00015807221032818931,0.0001580722012567837,0.00015807219218641225,0.00015807218311707412,0.00015807217404876912,0.00015807216498149725,0.00015807215591525793,0.00015807214685005085,0.00015807213778587563,0.00015807212872273181,0.00015807211966061907,0.00015807211059953703,0.00015807210153948536,0.00015807209248046365,0.00015807208342247147,0.00015807207436550845,0.00015807206530957428,0.00015807205625466855,0.00015807204720079084,0.0001580720381479409,0.0001580720290961183,0.00015807202004532249,0.00015807201099555328,0.00015807200194681027,0.00015807199289909305,0.00015807198385240536,0.00015807197480674257,0.00015807196576210467,0.00015807195671849086,0.000158071947675897,0.00015807193863433082,0.00015807192959378766,0.00015807192055426744,0.0001580719115157696,0.00015807190247829386,0.00015807189344183977,0.0001580718844064071,0.00015807187537199524,0.00015807186633860394,0.00015807185730623284,0.00015807184827488165,0.0001580718392445499,0.00015807183021523716,0.0001580718211869433,0.00015807181215966767,0.00015807180313341004,0.00015807179410816998,0.0001580717850839472,0.00015807177606074133,0.00015807176703855192,0.00015807175801737846,0.00015807174899722093,0.0001580717399780787,0.00015807173095995147,0.00015807172194283906,0.00015807171292674078,0.00015807170391165647,0.0001580716948975857,0.00015807168588452813,0.00015807167687248338,0.00015807166786145098,0.00015807165885143069,0.0001580716498424221,0.00015807164083442486,0.00015807163182743862,0.00015807162282146297,0.0001580716138164974,0.00015807160481254193,0.00015807159580959583,0.0001580715868076589,0.00015807157780673082,0.00015807156880681117,0.0001580715598078995,0.00015807155080999565,0.00015807154181309905,0.0001580715328172094,0.00015807152382232641,0.00015807151482844956,0.00015807150583557866,0.0001580714968437133,0.00015807148785285303,0.00015807147886299765,0.00015807146987414653,0.00015807146088629958,0.00015807145189945625,0.0001580714429136164,0.00015807143392877944,0.0001580714249449452,0.0001580714159621131,0.00015807140698028278,0.00015807139799945414,0.00015807138901962668,0.00015807138004080007,0.0001580713710629738,0.00015807136208614774,0.00015807135311032134,0.00015807134413549438,0.00015807133516166638,0.000158071326188837,0.00015807131721700597,0.00015807130824617286,0.0001580712992763374,0.0001580712903074991,0.00015807128133965773,0.00015807127237281283,0.00015807126340696415,0.00015807125444211118,0.0001580712454782537,0.00015807123651539136,0.00015807122755352358,0.00015807121859265025,0.000158071209632771,0.00015807120067388538,0.00015807119171599312,0.0001580711827590937,0.0001580711738031869,0.00015807116484827245,0.00015807115589434986,0.00015807114694141875,0.00015807113798947892,0.00015807112903852991,0.0001580711200885713,0.00015807111113960292,0.00015807110219162417,0.00015807109324463497,0.00015807108429863464,0.00015807107535362316,0.0001580710664096,0.00015807105746656482,0.0001580710485245174,0.00015807103958345725,0.000158071030643384,0.00015807102170429743,0.000158071012766197,0.00015807100382908253,0.00015807099489295357,0.00015807098595780993,0.000158070977023651,0.00015807096809047672,0.00015807095915828644,0.00015807095022708003,0.000158070941296857,0.0001580709323676171,0.00015807092343936006,0.0001580709145120853,0.00015807090558579264,0.00015807089666048155,0.000158070887736152,0.00015807087881280346,0.00015807086989043555,0.00015807086096904796,0.00015807085204864042,0.00015807084312921243,0.0001580708342107637,0.0001580708252932939,0.00015807081637680268,0.00015807080746128963,0.00015807079854675447,0.000158070789633197,0.0001580707807206166,0.0001580707718090131,0.0001580707628983862,0.00015807075398873547,0.00015807074508006046,0.00015807073617236098,0.00015807072726563656,0.00015807071835988707,0.0001580707094551119,0.00015807070055131085,0.00015807069164848359,0.0001580706827466298,0.0001580706738457489,0.00015807066494584088,0.00015807065604690526,0.00015807064714894165,0.00015807063825194975,0.00015807062935592914,0.00015807062046087973,0.00015807061156680093,0.00015807060267369237,0.00015807059378155396,0.00015807058489038508,0.0001580705760001855,0.000158070567110955,0.00015807055822269304,0.0001580705493353994,0.00015807054044907374,0.00015807053156371577,0.00015807052267932496,0.0001580705137959011,0.00015807050491344394,0.00015807049603195294,0.00015807048715142796,0.00015807047827186846,0.0001580704693932743,0.00015807046051564491,0.00015807045163898013,0.0001580704427632796,0.00015807043388854292,0.00015807042501476986,0.00015807041614196004,0.000158070407270113,0.00015807039839922863,0.00015807038952930644,0.00015807038066034605,0.00015807037179234733,0.00015807036292530971,0.00015807035405923298,0.00015807034519411674,0.0001580703363299608,0.0001580703274667647,0.0001580703186045281,0.00015807030974325064,0.0001580703008829322,0.00015807029202357214,0.0001580702831651703,0.00015807027430772636,0.00015807026545123988,0.00015807025659571062,0.00015807024774113827,0.00015807023888752005,0.00015807023003486072,0.00015807022118315383,0.00015807021233240246,0.00015807020348260933,0.00015807019463376802,0.00015807018578588124,0.00015807017693894715,0.0001580701680929673,0.00015807015924794543,0.0001580701504038733,0.00015807014156075342,0.00015807013271858684,0.00015807012387737245,0.00015807011503710987,0.00015807010619779915,0.00015807009735944024,0.00015807008852203124,0.00015807007968557323,0.00015807007085006595,0.00015807006201550873,0.00015807005318190103,0.00015807004434924258,0.00015807003551753293,0.00015807002668677197,0.00015807001785695933,0.00015807000902809447,0.00015807000020017737,0.00015806999137320745,0.00015806998254718456,0.0001580699737221083,0.0001580699648979783,0.00015806995607479428,0.000158069947252556,0.0001580699384312629,0.00015806992961091493,0.0001580699207915115,0.0001580699119730525,0.00015806990315553752,0.00015806989433896616,0.0001580698855233382,0.00015806987670865323,0.00015806986789491112,0.00015806985908211135,0.0001580698502702536,0.00015806984145933764,0.00015806983264936316,0.0001580698238403297,0.00015806981503223703,0.00015806980622508476,0.0001580697974188727,0.00015806978861360041,0.0001580697798092677,0.000158069771005874,0.00015806976220341927,0.00015806975340190295,0.0001580697446013249,0.00015806973580168468,0.000158069727002982,0.0001580697182052166,0.00015806970940838812,0.00015806970061249613,0.00015806969181754045,0.00015806968302352074,0.00015806967423043664,0.00015806966543828785,0.00015806965664707406,0.000158069647856795,0.0001580696390674501,0.0001580696302790394,0.00015806962149156236,0.00015806961270501722,0.00015806960391940276,0.0001580695951347239,0.0001580695863509801,0.00015806957756816728,0.00015806956878628667,0.0001580695600053374,0.00015806955122531636,0.0001580695424462278,0.00015806953366807107,0.00015806952489084243,0.00015806951611454603,0.00015806950733916771,0.00015806949856472997,0.00015806948979122108,0.00015806948101864098,0.00015806947224698915,0.00015806946347626284,0.00015806945470646608,0.00015806944593759715,0.00015806943716965545,0.00015806942840263576,0.0001580694196365464,0.0001580694108713612,0.0001580694021071088,0.00015806939334378711,0.0001580693845814011,0.0001580693758199392,0.00015806936705940172,0.00015806935829978916,0.00015806934954110206,0.00015806934078333644,0.00015806933202648998,0.00015806932327057038,0.0001580693145155733,0.00015806930576149953,0.00015806929700834697,0.00015806928825611634,0.00015806927950480677,0.00015806927075441926,0.00015806926200495153,0.00015806925325640458,0.00015806924450877777,0.00015806923576207134,0.0001580692270162731,0.00015806921827140466,0.0001580692095274428,0.00015806920078441177,0.00015806919204229905,0.00015806918330110267,0.00015806917456083204,0.00015806916582145593,0.00015806915708301166,0.00015806914834548655,0.0001580691396088605,0.00015806913087314755,0.00015806912213837046,0.00015806911340449933,0.00015806910467156525,0.0001580690959395219,0.0001580690872084046,0.00015806907847820155,0.00015806906974891234,0.0001580690610205373,0.0001580690522930644,0.0001580690435665275,0.00015806903484089955,0.00015806902611616405,0.00015806901739235548,0.00015806900866945537,0.00015806899994746677,0.00015806899122639066,0.00015806898250622563,0.00015806897378697218,0.0001580689650686107,0.00015806895635117523,0.00015806894763464556,0.00015806893891903012,0.00015806893020432302,0.00015806892149052403,0.0001580689127776339,0.00015806890406565166,0.0001580688953545774,0.00015806888664440878,0.00015806887793514944,0.00015806886922679892,0.00015806886051935348,0.00015806885181281376,0.00015806884310716945,0.00015806883440244208,0.00015806882569861964,0.00015806881699570213,0.00015806880829368977,0.0001580687995925816,0.00015806879089237774,0.00015806878219306773,0.00015806877349466928,0.000158068764797176,0.00015806875610058704,0.00015806874740489956,0.00015806873871011443,0.00015806873001623185,0.00015806872132324905,0.0001580687126311734,0.00015806870393999538,0.00015806869524972225,0.00015806868656034358,0.00015806867787186672,0.00015806866918429086,0.0001580686604976141,0.00015806865181183688,0.00015806864312695995,0.00015806863444298028,0.00015806862575989893,0.00015806861707771643,0.00015806860839643377,0.00015806859971604587,0.00015806859103655572,0.00015806858235796294,0.0001580685736802661,0.00015806856500347272,0.00015806855632755868,0.00015806854765255352,0.00015806853897844085,0.00015806853030522145,0.00015806852163290834,0.00015806851296147904,0.00015806850429094522,0.0001580684956212845,0.00015806848695253838,0.0001580684782846856,0.00015806846961772405,0.0001580684609516553,0.0001580684522864876,0.0001580684436222057,0.00015806843495881623,0.0001580684262962947,0.0001580684176346877,0.00015806840897397183,0.0001580684003141563,0.00015806839165519922,0.00015806838299713374,0.0001580683743399802,0.00015806836568371584,0.000158068357028338,0.0001580683483738514,0.00015806833972025364,0.00015806833106754591,0.00015806832241572504,0.00015806831376478188,0.00015806830511471768,0.00015806829646556014,0.00015806828781729369,0.000158068279169909,0.00015806827052340078,0.00015806826187778818,0.00015806825323306142,0.00015806824458921957,0.0001580682359462636,0.0001580682273041924,0.00015806821866300665,0.00015806821002269553,0.00015806820138325684,0.00015806819274472142,0.00015806818410707058,0.00015806817547030295,0.00015806816683441844,0.00015806815819940462,0.000158068149565273,0.00015806814093203506,0.0001580681322996696,0.00015806812366819526,0.00015806811503760241,0.00015806810640788975,0.00015806809777905764,0.00015806808915110577,0.00015806808052403398,0.0001580680718978418,0.0001580680632725296,0.00015806805464809633,0.00015806804602454234,0.0001580680374018553,0.00015806802878005744,0.00015806802015914386,0.00015806801153910223,0.00015806800291992668,0.00015806799430163952,0.00015806798568422902,0.00015806797706768342,0.00015806796845202573,0.0001580679598372436,0.00015806795122333723,0.00015806794261030637,0.00015806793399815048,0.00015806792538686522,0.00015806791677645699,0.00015806790816692476,0.00015806789955825546,0.00015806789095045053,0.0001580678823435396,0.00015806787373750156,0.00015806786513232606,0.00015806785652803282,0.00015806784792460888,0.00015806783932205884,0.00015806783072038193,0.00015806782211957672,0.00015806781351963852,0.00015806780492055422,0.0001580677963223616,0.00015806778772501967,0.0001580677791285581,0.0001580677705329754,0.00015806776193825852,0.00015806775334439863,0.00015806774475141978,0.00015806773615931324,0.00015806772756806254,0.00015806771897768865,0.00015806771038817495,0.0001580677017995399,0.00015806769321177202,0.00015806768462486737,0.00015806767603883306,0.000158067667453665,0.00015806765886936433,0.00015806765028592812,0.00015806764170335746,0.00015806763312165196,0.00015806762454080228,0.00015806761596082552,0.00015806760738171368,0.00015806759880346443,0.00015806759022606636,0.0001580675816495463,0.0001580675730738889,0.0001580675644990952,0.0001580675559251641,0.00015806754735207845,0.00015806753877987094,0.00015806753020852627,0.00015806752163802733,0.00015806751306838247,0.00015806750449962186,0.0001580674959317219,0.0001580674873646698,0.00015806747879847696,0.00015806747023315685,0.0001580674616686976,0.00015806745310509732,0.00015806744454235604,0.0001580674359804734,0.0001580674274194496,0.00015806741885928402,0.00015806741029995727,0.00015806740174150794,0.00015806739318390223,0.0001580673846271669,0.00015806737607128852,0.0001580673675162495,0.00015806735896206538,0.00015806735040875604,0.0001580673418563024,0.0001580673333047043,0.0001580673247539589,0.00015806731620404755,0.0001580673076550145,0.00015806729910683564,0.00015806729055951,0.00015806728201303924,0.00015806727346742198,0.00015806726492265563,0.0001580672563787448,0.00015806724783568678,0.00015806723929346838,0.00015806723075211494,0.00015806722221161357,0.00015806721367196298,0.00015806720513315012,0.00015806719659520202,0.0001580671880580957,0.00015806717952184923,0.00015806717098645163,0.00015806716245190432,0.0001580671539181929,0.00015806714538534592,0.0001580671368533482,0.00015806712832218658,0.00015806711979188663,0.00015806711126242572,0.0001580671027338111,0.00015806709420605804,0.0001580670856791492,0.00015806707715308716,0.00015806706862787345,0.00015806706010350636,0.00015806705157997138,0.0001580670430572973,0.00015806703453546928,0.00015806702601448483,0.00015806701749432466,0.00015806700897502514,0.00015806700045657837,0.00015806699193897624,0.00015806698342221844,0.00015806697490630442,0.0001580669663912332,0.00015806695787700544,0.00015806694936362263,0.0001580669408510753,0.00015806693233937826,0.0001580669238285234,0.00015806691531851055,0.00015806690680933783,0.0001580668983010089,0.00015806688979352288,0.00015806688128687575,0.00015806687278107018,0.00015806686427610584,0.00015806685577198127,0.0001580668472686959,0.00015806683876624816,0.00015806683026464225,0.00015806682176387597,0.00015806681326394948,0.00015806680476484737,0.0001580667962665981,0.00015806678776918593,0.000158066779272612,0.00015806677077686134,0.0001580667622819623,0.00015806675378790015,0.00015806674529467634,0.0001580667368022868,0.0001580667283107373,0.00015806671982001856,0.0001580667113301253,0.00015806670284108205,0.00015806669435286473,0.00015806668586549103,0.0001580666773789541,0.0001580666688932505,0.00015806666040838138,0.00015806665192434619,0.000158066643441144,0.00015806663495877493,0.0001580666264772386,0.00015806661799653676,0.000158066609516667,0.00015806660103763012,0.0001580665925594247,0.0001580665840820338,0.00015806657560549274,0.00015806656712978294,0.00015806655865490437,0.00015806655018085603,0.0001580665417076425,0.00015806653323524467,0.00015806652476368796,0.00015806651629296127,0.00015806650782306387,0.00015806649935399584,0.00015806649088575506,0.00015806648241833282,0.0001580664739517512,0.00015806646548599881,0.0001580664570210725,0.00015806644855697515,0.00015806644009370407,0.00015806643163125139,0.00015806642316963443,0.00015806641470884534,0.00015806640624888032,0.0001580663977897407,0.00015806638933142975,0.00015806638087394393,0.0001580663724172645,0.00015806636396141808,0.00015806635550639667,0.00015806634705221078,0.00015806633859884146,0.0001580663301463101,0.00015806632169460203,0.00015806631324370786,0.0001580663047936308,0.00015806629634438222,0.0001580662878959617,0.00015806627944836557,0.00015806627100158988,0.00015806626255564105,0.00015806625411049746,0.00015806624566618507,0.0001580662372226962,0.0001580662287800282,0.0001580662203381791,0.00015806621189715244,0.00015806620345694392,0.0001580661950175416,0.0001580661865789647,0.00015806617814120567,0.0001580661697042791,0.00015806616126815988,0.0001580661528328698,0.00015806614439838762,0.00015806613596473491,0.0001580661275319053,0.00015806611909988835,0.00015806611066869854,0.00015806610223832447,0.0001580660938087666,0.00015806608538001713,0.0001580660769520843,0.00015806606852496882,0.00015806606009866796,0.00015806605167319025,0.0001580660432485134,0.00015806603482466117,0.00015806602640161944,0.00015806601797938214,0.00015806600955797242,0.00015806600113737622,0.00015806599271758187,0.00015806598429860292,0.00015806597588044694,0.00015806596746310492,0.00015806595904657386,0.0001580659506308575,0.0001580659422159513,0.0001580659338018598,0.0001580659253885954,0.00015806591697612712,0.00015806590856447334,0.00015806590015362778,0.00015806589174360237,0.0001580658833343783,0.00015806587492596727,0.00015806586651836337,0.000158065858111585,0.00015806584970560098,0.00015806584130042647,0.00015806583289606108,0.0001580658244925051,0.00015806581608975728,0.00015806580768781836,0.00015806579928667595,0.00015806579088635292,0.00015806578248682415,0.00015806577408811597,0.0001580657656902148,0.00015806575729312064,0.00015806574889682692,0.00015806574050133374,0.00015806573210665862,0.00015806572371278988,0.00015806571531972743,0.00015806570692746954,0.00015806569853601772,0.0001580656901453698,0.00015806568175552702,0.00015806567336648834,0.00015806566497825376,0.00015806565659082306,0.00015806564820419606,0.00015806563981837256,0.00015806563143333957,0.0001580656230491223,0.00015806561466569498,0.00015806560628308283,0.00015806559790127283,0.00015806558952026364,0.00015806558114005745,0.00015806557276064096,0.00015806556438203743,0.0001580655560042332,0.00015806554762723142,0.00015806553925103004,0.00015806553087562898,0.00015806552250101575,0.00015806551412721447,0.00015806550575421264,0.0001580654973820101,0.00015806548901060687,0.00015806548064001058,0.00015806547227020497,0.00015806546390119796,0.0001580654555329855,0.00015806544716557354,0.00015806543879896023,0.00015806543043314313,0.00015806542206812422,0.00015806541370390104,0.00015806540534046146,0.0001580653969778322,0.00015806538861599814,0.00015806538025496015,0.00015806537189471753,0.0001580653635352715,0.00015806535517661933,0.00015806534681876241,0.00015806533846169984,0.0001580653301054418,0.00015806532174996878,0.00015806531339528966,0.00015806530504140344,0.00015806529668831203,0.00015806528833601485,0.00015806527998450968,0.00015806527163379574,0.00015806526328387402,0.000158065254934746,0.0001580652465864086,0.00015806523823886295,0.00015806522989210978,0.00015806522154614678,0.00015806521320097512,0.0001580652048565941,0.0001580651965130037,0.00015806518817020366,0.0001580651798281937,0.0001580651714869734,0.0001580651631465428,0.00015806515480690147,0.000158065146468053,0.00015806513812998972,0.000158065129792715,0.00015806512145622996,0.00015806511312053335,0.00015806510478562355,0.00015806509645150101,0.00015806508811816767,0.00015806507978562023,0.00015806507145385936,0.00015806506312288524,0.000158065054792698,0.000158065046463297,0.0001580650381346819,0.00015806502980685218,0.0001580650214798081,0.00015806501315354985,0.00015806500482807719,0.0001580649965033884,0.0001580649881794842,0.00015806497985636447,0.00015806497153402944,0.00015806496321247766,0.0001580649548917094,0.0001580649465717263,0.00015806493825252474,0.0001580649299341062,0.00015806492161647042,0.000158064913299617,0.0001580649049835469,0.00015806489666825792,0.00015806488835375048,0.0001580648800400249,0.00015806487172708036,0.00015806486341491798,0.00015806485510353664,0.0001580648467929355,0.0001580648384831146,0.00015806483017408442,0.0001580648218658225,0.00015806481355834038,0.0001580648052516376,0.00015806479694571485,0.0001580647886405714,0.0001580647803362056,0.0001580647720326199,0.0001580647637298124,0.00015806475542778128,0.0001580647471265279,0.00015806473882605204,0.00015806473052635655,0.00015806472222743516,0.00015806471392929057,0.00015806470563192255,0.00015806469733533086,0.0001580646890395156,0.00015806468074447625,0.00015806467245021072,0.0001580646641567251,0.000158064655864012,0.00015806464757207381,0.0001580646392809114,0.0001580646309905226,0.00015806462270090798,0.00015806461441206766,0.00015806460612400103,0.0001580645978367081,0.00015806458955018937,0.00015806458126444282,0.00015806457297946907,0.0001580645646952685,0.00015806455641183988,0.00015806454812918443,0.00015806453984730005,0.0001580645315661876,0.00015806452328584645,0.00015806451500627693,0.0001580645067274782,0.00015806449844944952,0.00015806449017219246,0.00015806448189570576,0.00015806447361998925,0.00015806446534504272,0.00015806445707086545,0.0001580644487974592,0.00015806444052482086,0.00015806443225295166,0.00015806442398185112,0.00015806441571152005,0.00015806440744195626,0.00015806439917316053,0.00015806439090513275,0.00015806438263787253,0.00015806437437138434,0.00015806436610565764,0.00015806435784070018,0.00015806434957650907,0.00015806434131308402,0.00015806433305042472,0.000158064324788533,0.00015806431652740563,0.0001580643082670444,0.00015806430000744797,0.00015806429174861664,0.0001580642834905512,0.0001580642752332505,0.00015806426697671322,0.00015806425872094018,0.00015806425046593103,0.00015806424221168834,0.00015806423395820662,0.0001580642257054883,0.00015806421745353594,0.00015806420920234482,0.00015806420095191485,0.00015806419270224776,0.00015806418445334718,0.00015806417620520412,0.00015806416795782272,0.00015806415971120286,0.0001580641514653442,0.00015806414322024726,0.00015806413497591534,0.00015806412673233274,0.0001580641184895168,0.000158064110247468,0.00015806410200617255,0.00015806409376563658,0.00015806408552587048,0.00015806407728685324,0.00015806406904859618,0.00015806406081109807,0.0001580640525743585,0.00015806404433837704,0.0001580640361031529,0.00015806402786868736,0.0001580640196349798,0.00015806401140202938,0.00015806400316983548,0.00015806399493839917,0.00015806398670772644,0.00015806397847780343,0.0001580639702486365,0.00015806396202022567,0.00015806395379257208,0.00015806394556567278,0.00015806393733953082,0.00015806392911414232,0.00015806392088950913,0.00015806391266563088,0.0001580639044425069,0.00015806389622013698,0.00015806388799852167,0.0001580638797776601,0.00015806387155755324,0.00015806386333819914,0.00015806385511959873,0.0001580638469017679,0.00015806383868467274,0.00015806383046833018,0.00015806382225273997,0.0001580638140379018,0.0001580638058238112,0.0001580637976104781,0.00015806378939790575,0.00015806378118608626,0.00015806377297500565,0.00015806376476467637,0.00015806375655509758,0.00015806374834626902,0.00015806374013819087,0.00015806373193086336,0.00015806372372428567,0.00015806371551845637,0.00015806370731337674,0.00015806369910903947,0.00015806369090545753,0.0001580636827026242,0.00015806367450053936,0.00015806366629920272,0.00015806365809861405,0.00015806364989877296,0.0001580636416996801,0.0001580636335013342,0.0001580636253037353,0.0001580636171068851,0.00015806360891078023,0.00015806360071542153,0.00015806359252079955,0.00015806358432693312,0.0001580635761338127,0.00015806356794143778,0.000158063559749813,0.00015806355155892856,0.00015806354336878923,0.00015806353517938758,0.0001580635269907379,0.00015806351880283225,0.00015806351061566968,0.0001580635024292518,0.00015806349424357766,0.00015806348605864684,0.0001580634778744593,0.00015806346969101517,0.00015806346150831378,0.00015806345332635476,0.0001580634451451389,0.00015806343696466428,0.0001580634287849329,0.00015806342060594217,0.00015806341242769265,0.0001580634042501846,0.0001580633960734174,0.00015806338789739108,0.0001580633797221054,0.000158063371547559,0.0001580633633737522,0.0001580633552006865,0.00015806334702836154,0.00015806333885677687,0.0001580633306859365,0.00015806332251582975,0.00015806331434646082,0.00015806330617783141,0.0001580632980099405,0.0001580632898427879,0.000158063281676375,0.0001580632735106984,0.0001580632653457594,0.0001580632571815578,0.00015806324901809345,0.00015806324085536615,0.00015806323269337564,0.00015806322453211928,0.00015806321637160155,0.0001580632082118205,0.00015806320005277492,0.0001580631918944653,0.00015806318373689008,0.00015806317558005249,0.0001580631674239488,0.00015806315926857972,0.00015806315111394024,0.00015806314296005187,0.0001580631348068866,0.00015806312665445513,0.00015806311850275837,0.00015806311035179425,0.0001580631022015626,0.0001580630940520646,0.00015806308590330073,0.0001580630777552844,0.00015806306960798637,0.0001580630614614196,0.00015806305331558367,0.0001580630451704703,0.00015806303702609287,0.00015806302888245205,0.00015806302073954654,0.0001580630125973697,0.00015806300445592384,0.0001580629963152051,0.0001580629881752191,0.00015806298003596437,0.0001580629718974399,0.00015806296375964554,0.0001580629556225629,0.0001580629474862273,0.0001580629393506224,0.00015806293121574267,0.00015806292308159287,0.00015806291494817304,0.0001580629068154801,0.00015806289868351673,0.00015806289055228225,0.00015806288242177326,0.00015806287429199196,0.0001580628661629379,0.0001580628580346124,0.00015806284990701433,0.0001580628417801432,0.00015806283365399766,0.0001580628255285772,0.0001580628174038843,0.0001580628092799159,0.00015806280115667387,0.00015806279303415792,0.00015806278491236708,0.0001580627767913004,0.00015806276867095953,0.00015806276055134314,0.00015806275243245135,0.00015806274431428256,0.00015806273619683921,0.00015806272808013136,0.00015806271996413453,0.0001580627118488619,0.00015806270373431246,0.00015806269562048737,0.00015806268750738456,0.0001580626793950041,0.00015806267128334493,0.00015806266317240378,0.0001580626550622124,0.00015806264695271806,0.00015806263884394692,0.00015806263073589824,0.00015806262262856098,0.0001580626145219527,0.00015806260641605506,0.00015806259831088772,0.0001580625902064413,0.00015806258210271837,0.00015806257399971806,0.0001580625658974213,0.00015806255779585903,0.00015806254969501167,0.00015806254159488194,0.0001580625334954717,0.00015806252539678138,0.00015806251729881069,0.00015806250920155626,0.00015806250110501866,0.00015806249300920827,0.00015806248491411688,0.00015806247681973302,0.0001580624687260673,0.00015806246063313268,0.0001580624525408998,0.00015806244444938468,0.00015806243635858584,0.00015806242826850328,0.00015806242017913795,0.00015806241209048702,0.00015806240400255222,0.00015806239591533325,0.00015806238782882916,0.00015806237974304015,0.00015806237165796465,0.00015806236357361402,0.00015806235548996566,0.00015806234740703485,0.00015806233932481805,0.00015806233124331565,0.00015806232316252633,0.00015806231508244906,0.00015806230700309018,0.00015806229892443722,0.0001580622908464992,0.00015806228276927473,0.000158062274692763,0.00015806226661696266,0.00015806225854187516,0.0001580622504675,0.00015806224239383647,0.00015806223432088384,0.00015806222624864313,0.0001580622181771128,0.0001580622101062932,0.00015806220203618432,0.00015806219396678588,0.0001580621858980885,0.0001580621778301103,0.00015806216976284313,0.0001580621616962811,0.00015806215363043288,0.0001580621455652927,0.00015806213750086797,0.00015806212943714638,0.00015806212137412935,0.0001580621133118326,0.0001580621052502405,0.00015806209718935166,0.00015806208912917186,0.00015806208106971007,0.0001580620730109439,0.00015806206495288668,0.00015806205689554648,0.00015806204883889833,0.00015806204078296014,0.0001580620327277284,0.00015806202467320818,0.00015806201661938853,0.00015806200856627154,0.00015806200051386124,0.00015806199246215527,0.00015806198441115814,0.00015806197636086548,0.00015806196831127822,0.0001580619602623837,0.00015806195221421249,0.0001580619441667398,0.00015806193611997107,0.00015806192807391956,0.0001580619200285576,0.00015806191198388848,0.00015806190393994528,0.00015806189589669331,0.00015806188785416172,0.00015806187981231166,0.00015806187177117568,0.0001580618637307337,0.0001580618556909939,0.00015806184765196975,0.00015806183961363332,0.0001580618315760111,0.00015806182353908605,0.00015806181550285085,0.000158061807467334,0.00015806179943250387,0.00015806179139838053,0.00015806178336495095,0.0001580617753322221,0.00015806176730020203,0.00015806175926887388,0.00015806175123824439,0.00015806174320831946,0.00015806173517908488,0.00015806172715056936,0.00015806171912273277,0.00015806171109560775,0.00015806170306917032,0.00015806169504343134,0.00015806168701839598,0.00015806167899405383,0.00015806167097041422,0.00015806166294747445,0.000158061654925237,0.0001580616469036881,0.00015806163888284347,0.00015806163086269168,0.0001580616228432336,0.000158061614824466,0.00015806160680640005,0.00015806159878903613,0.00015806159077235668,0.0001580615827563748,0.00015806157474107578,0.00015806156672648877,0.00015806155871259103,0.00015806155069938472,0.0001580615426868753,0.00015806153467506594,0.00015806152666395686,0.00015806151865353546,0.00015806151064380649,0.0001580615026347722,0.0001580614946264272,0.00015806148661878366,0.00015806147861182476,0.00015806147060556965,0.0001580614625999961,0.00015806145459511522,0.00015806144659092562,0.00015806143858744311,0.00015806143058463831,0.00015806142258253705,0.00015806141458111513,0.0001580614065803972,0.00015806139858036156,0.0001580613905810129,0.00015806138258235634,0.00015806137458439253,0.00015806136658711223,0.00015806135859053062,0.00015806135059463357,0.00015806134259942247,0.00015806133460490425,0.00015806132661107667,0.00015806131861793879,0.00015806131062548516,0.0001580613026337208,0.0001580612946426453,0.00015806128665226166,0.00015806127866257793,0.00015806127067356595,0.0001580612626852435,0.0001580612546976081,0.00015806124671066636,0.00015806123872439914,0.00015806123073882944,0.0001580612227539565,0.00015806121476974084,0.00015806120678623075,0.00015806119880340687,0.00015806119082126995,0.00015806118283982935,0.00015806117485906405,0.0001580611668789838,0.00015806115889959168,0.00015806115092088183,0.00015806114294285797,0.00015806113496551837,0.00015806112698886366,0.0001580611190128929,0.00015806111103760742,0.00015806110306300914,0.00015806109508910893,0.00015806108711587309,0.0001580610791433274,0.00015806107117146095,0.0001580610632002841,0.00015806105522978348,0.00015806104725996583,0.0001580610392908295,0.00015806103132238298,0.00015806102335460252,0.00015806101538751437,0.00015806100742110917,0.00015806099945538392,0.00015806099149034882,0.00015806098352598224,0.00015806097556230194,0.0001580609675993022,0.00015806095963698266,0.00015806095167534076,0.00015806094371438272,0.00015806093575410372,0.00015806092779450584,0.00015806091983558757,0.00015806091187734963,0.0001580609039197959,0.00015806089596291656,0.00015806088800672405,0.00015806088005120228,0.00015806087209635955,0.00015806086414219477,0.0001580608561887174,0.00015806084823590457,0.00015806084028378013,0.00015806083233232612,0.0001580608243815507,0.00015806081643145975,0.00015806080848204522,0.00015806080053330343,0.0001580607925852431,0.00015806078463785427,0.00015806077669114213,0.00015806076874510624,0.00015806076079974296,0.0001580607528550603,0.00015806074491104687,0.00015806073696771492,0.0001580607290250581,0.0001580607210830824,0.00015806071314177059,0.0001580607052011409,0.00015806069726118365,0.00015806068932189984,0.00015806068138329136,0.0001580606734453536,0.00015806066550809485,0.0001580606575715038,0.00015806064963559154,0.0001580606417003522,0.00015806063376578615,0.00015806062583189362,0.000158060617898674,0.0001580606099661214,0.00015806060203424254,0.00015806059410304108,0.00015806058617251064,0.00015806057824265194,0.0001580605703134615,0.00015806056238495497,0.00015806055445710874,0.00015806054652993726,0.00015806053860343587,0.00015806053067760607,0.00015806052275244665,0.0001580605148279573,0.0001580605069041386,0.0001580604989809899,0.00015806049105851106,0.00015806048313670264,0.00015806047521557266,0.00015806046729510337,0.0001580604593753039,0.0001580604514561726,0.00015806044353771764,0.00015806043561992928,0.00015806042770279873,0.00015806041978634624,0.0001580604118705571,0.0001580604039554318,0.00015806039604097344,0.00015806038812718847,0.00015806038021407484,0.00015806037230162883,0.00015806036438984373,0.00015806035647873215,0.00015806034856828634,0.0001580603406584986,0.00015806033274937917,0.00015806032484092688,0.00015806031693314248,0.0001580603090260249,0.00015806030111957197,0.0001580602932137794,0.000158060285308663,0.00015806027740420528,0.00015806026950040795,0.00015806026159728077,0.00015806025369481807,0.00015806024579302356,0.00015806023789188955,0.0001580602299914262,0.0001580602220916161,0.00015806021419247372,0.00015806020629399178,0.0001580601983961762,0.00015806019049902065,0.00015806018260253172,0.00015806017470670027,0.0001580601668115316,0.00015806015891702693,0.0001580601510231818,0.0001580601431299985,0.00015806013523749033,0.0001580601273456368,0.0001580601194544401,0.00015806011156390963,0.00015806010367404107,0.00015806009578483329,0.00015806008789628212,0.0001580600800083953,0.0001580600721211724,0.0001580600642346065,0.00015806005634870423,0.00015806004846345933,0.00015806004057887334,0.0001580600326949411,0.000158060024811675,0.00015806001692906328,0.0001580600090471085,0.0001580600011658192,0.00015805999328518785,0.00015805998540520982,0.00015805997752589,0.00015805996964723436,0.0001580599617692307,0.00015805995389189077,0.0001580599460152094,0.00015805993813918512,0.00015805993026381783,0.0001580599223891082,0.00015805991451505556,0.000158059906641656,0.00015805989876891988,0.00015805989089683685,0.00015805988302540494,0.00015805987515463477,0.0001580598672845171,0.00015805985941505269,0.00015805985154625622,0.00015805984367811297,0.00015805983581062085,0.00015805982794378411,0.0001580598200776017,0.0001580598122120607,0.0001580598043471814,0.0001580597964829627,0.00015805978861940426,0.00015805978075649486,0.00015805977289423779,0.00015805976503263547,0.00015805975717168635,0.00015805974931138464,0.00015805974145174253,0.00015805973359275542,0.0001580597257344184,0.0001580597178767359,0.00015805971001970655,0.0001580597021633278,0.00015805969430760037,0.00015805968645251392,0.00015805967859808492,0.00015805967074432597,0.00015805966289120867,0.00015805965503874048,0.00015805964718692251,0.00015805963933575564,0.00015805963148524016,0.00015805962363537446,0.000158059615786166,0.00015805960793760087,0.00015805960008968552,0.00015805959224242063,0.00015805958439580296,0.00015805957654983785,0.0001580595687045224,0.0001580595608598536,0.00015805955301583535,0.00015805954517246707,0.00015805953732975052,0.00015805952948767847,0.00015805952164625435,0.00015805951380547988,0.00015805950596535254,0.00015805949812587716,0.00015805949028704542,0.00015805948244886127,0.00015805947461132523,0.0001580594667744354,0.00015805945893819308,0.00015805945110259167,0.0001580594432676423,0.00015805943543332937,0.000158059427599672,0.00015805941976666202,0.00015805941193429787,0.00015805940410257993,0.00015805939627150766,0.00015805938844108052,0.0001580593806112986,0.00015805937278216234,0.00015805936495367202,0.00015805935712582758,0.00015805934929862583,0.00015805934147206837,0.0001580593336461562,0.00015805932582088614,0.00015805931799626094,0.0001580593101722764,0.0001580593023489414,0.00015805929452624936,0.00015805928670419933,0.00015805927888279156,0.0001580592710620264,0.00015805926324190695,0.000158059255422427,0.0001580592476035895,0.0001580592397853943,0.00015805923196784104,0.00015805922415093224,0.00015805921633466286,0.0001580592085190351,0.0001580592007040488,0.00015805919288970434,0.0001580591850760009,0.00015805917726293553,0.00015805916945051487,0.00015805916163873319,0.00015805915382759647,0.00015805914601708568,0.00015805913820722211,0.00015805913039800367,0.000158059122589422,0.00015805911478148076,0.00015805910697417892,0.00015805909916751117,0.0001580590913614715,0.0001580590835560855,0.00015805907575133904,0.00015805906794723172,0.0001580590601437627,0.0001580590523409324,0.00015805904453874598,0.00015805903673719128,0.00015805902893627728,0.0001580590211359978,0.0001580590133363563,0.0001580590055373521,0.00015805899773898422,0.0001580589899412535,0.0001580589821441591,0.00015805897434771854,0.00015805896655189935,0.0001580589587567152,0.00015805895096216826,0.00015805894316825634,0.0001580589353749878,0.00015805892758234642,0.00015805891979034237,0.00015805891199896738,0.00015805890420823358,0.00015805889641813138,0.00015805888862866627,0.00015805888083983554,0.00015805887305163807,0.00015805886526407568,0.00015805885747714594,0.00015805884969085382,0.00015805884190519412,0.00015805883412016786,0.00015805882633576886,0.00015805881855200925,0.00015805881076888458,0.00015805880298639099,0.0001580587952045299,0.000158058787423295,0.00015805877964269254,0.00015805877186272818,0.0001580587640833953,0.00015805875630468946,0.00015805874852662099,0.00015805874074920043,0.00015805873297239291,0.0001580587251962069,0.00015805871742065897,0.00015805870964574818,0.00015805870187146168,0.0001580586940978123,0.00015805868632480285,0.0001580586785524078,0.00015805867078066708,0.00015805866300953867,0.0001580586552390402,0.00015805864746917299,0.00015805863969993377,0.00015805863193132585,0.00015805862416334526,0.0001580586163959911,0.00015805860862926706,0.00015805860086317373,0.00015805859309770843,0.0001580585853328653,0.0001580585775686573,0.00015805856980507661,0.0001580585620421243,0.00015805855427980774,0.00015805854651811072,0.0001580585387570412,0.0001580585309965987,0.0001580585232367836,0.00015805851547759565,0.00015805850771903886,0.00015805849996110448,0.00015805849220379656,0.00015805848444711508,0.00015805847669105966,0.00015805846893563128,0.0001580584611808325,0.00015805845342665455,0.00015805844567310176,0.00015805843792018073,0.00015805843016787797,0.00015805842241620532,0.0001580584146651526,0.0001580584069147246,0.0001580583991649224,0.00015805839141574404,0.000158058383667178,0.0001580583759192478,0.00015805836817194162,0.0001580583604252572,0.00015805835267919643,0.00015805834493375906,0.00015805833718894843,0.00015805832944475783,0.0001580583217011935,0.00015805831395824857,0.00015805830621592903,0.00015805829847423205,0.00015805829073316046,0.00015805828299270664,0.00015805827525287484,0.00015805826751366496,0.00015805825977507784,0.0001580582520370974,0.000158058244299752,0.00015805823656302713,0.00015805822882692403,0.00015805822109143957,0.0001580582133565786,0.0001580582056223377,0.00015805819788871343,0.00015805819015571304,0.0001580581824233344,0.00015805817469157445,0.00015805816696042756,0.000158058159229908,0.00015805815150000653,0.00015805814377072445,0.00015805813604206152,0.00015805812831401733,0.0001580581205865886,0.00015805811285978213,0.00015805810513359403,0.00015805809740802447,0.0001580580896830735,0.00015805808195875248,0.00015805807423503835,0.00015805806651193898,0.00015805805878945888,0.0001580580510675974,0.00015805804334635497,0.00015805803562572666,0.0001580580279057165,0.0001580580201863231,0.00015805801246754597,0.00015805800474938457,0.0001580579970318409,0.00015805798931491186,0.00015805798159859916,0.00015805797388290213,0.0001580579661678208,0.000158057958453356,0.00015805795073950714,0.00015805794302627206,0.00015805793531365207,0.00015805792760164813,0.00015805791989026034,0.00015805791217948572,0.00015805790446932425,0.0001580578967597753,0.0001580578890508423,0.00015805788134252099,0.0001580578736348159,0.00015805786592772435,0.00015805785822124407,0.00015805785051538107,0.00015805784281012935,0.00015805783510549796,0.00015805782740147223,0.00015805781969806273,0.00015805781199526334,0.0001580578042930753,0.0001580577965914994,0.00015805778889053378,0.00015805778119018017,0.00015805777349044058,0.00015805776579131878,0.00015805775809280223,0.0001580577503948974,0.00015805774269760372,0.00015805773500092096,0.00015805772730484902,0.00015805771960938772,0.00015805771191453825,0.00015805770422029798,0.0001580576965266657,0.00015805768883364577,0.00015805768114123718,0.0001580576734494363,0.00015805766575824695,0.00015805765806767673,0.00015805765037770646,0.00015805764268834392,0.0001580576349995935,0.000158057627311449,0.0001580576196239132,0.00015805761193698426,0.00015805760425066488,0.00015805759656495322,0.00015805758887985663,0.00015805758119536182,0.00015805757351147293,0.00015805756582819376,0.0001580575581455236,0.0001580575504634595,0.00015805754278200247,0.0001580575351011528,0.00015805752742091079,0.00015805751974127462,0.00015805751206224864,0.00015805750438382542,0.00015805749670600849,0.0001580574890287978,0.0001580574813521907,0.00015805747367619069,0.0001580574660007974,0.00015805745832600797,0.00015805745065182472,0.00015805744297825268,0.00015805743530528007,0.00015805742763291296,0.00015805741996115062,0.0001580574122899905,0.00015805740461943715,0.00015805739694948844,0.00015805738928014148,0.00015805738161140043,0.00015805737394326133,0.00015805736627573215,0.00015805735860880253,0.00015805735094247934,0.00015805734327675188,0.0001580573356116323,0.00015805732794711648,0.00015805732028320146,0.0001580573126198898,0.00015805730495717713,0.00015805729729506966,0.00015805728963359038,0.00015805728197268426,0.0001580572743123864,0.00015805726665268883,0.000158057258993592,0.0001580572513350964,0.00015805724367721019,0.0001580572360199169,0.00015805722836322486,0.00015805722070713445,0.00015805721305164438,0.00015805720539675637,0.0001580571977424664,0.0001580571900887746,0.00015805718243568672,0.00015805717478319505,0.00015805716713130684,0.00015805715948001716,0.00015805715182932545,0.0001580571441792341,0.0001580571365297419,0.0001580571288808488,0.00015805712123255516,0.0001580571135848586,0.00015805710593776198,0.00015805709829124073,0.00015805709064534067,0.00015805708300003888,0.0001580570753553337,0.0001580570677112282,0.00015805706006771986,0.0001580570524248091,0.00015805704478249647,0.00015805703714078401,0.00015805702949966648,0.00015805702185914456,0.00015805701421921965,0.00015805700657989128,0.00015805699894115945,0.00015805699130302435,0.00015805698366548517,0.00015805697602854125,0.00015805696839219397,0.0001580569607564349,0.0001580569531212778,0.00015805694548671673,0.00015805693785273973,0.00015805693021936714,0.00015805692258659244,0.00015805691495443175,0.00015805690732284948,0.00015805689969185927,0.00015805689206146415,0.0001580568844316684,0.00015805687680247286,0.00015805686917385524,0.0001580568615458283,0.00015805685391840244,0.0001580568462915719,0.00015805683866533388,0.0001580568310396879,0.0001580568234146357,0.00015805681579017682,0.00015805680816631025,0.00015805680054303695,0.00015805679292035633,0.0001580567852982681,0.00015805677767677202,0.00015805677005586942,0.00015805676243555719,0.0001580567548158368,0.0001580567471967081,0.0001580567395781709,0.00015805673196022226,0.00015805672434286746,0.00015805671672607452,0.00015805670910990223,0.00015805670149432065,0.0001580566938793289,0.0001580566862649282,0.00015805667865111808,0.00015805667103789813,0.00015805666342527463,0.00015805665581323342,0.0001580566482017835,0.0001580566405909219,0.00015805663298065097,0.00015805662537097466,0.00015805661776188205,0.00015805661015337846,0.00015805660254546367,0.00015805659493813771,0.00015805658733140037,0.00015805657972525156,0.00015805657211969104,0.00015805656451472764,0.00015805655691034334,0.000158056549306551,0.00015805654170334243,0.00015805653410072164,0.0001580565264986881,0.00015805651889724194,0.00015805651129638284,0.00015805650369611098,0.00015805649609642588,0.00015805648849733439,0.00015805648089882261,0.00015805647330089734,0.00015805646570355559,0.0001580564581068028,0.00015805645051063678,0.00015805644291505587,0.00015805643532006237,0.00015805642772565275,0.0001580564201318287,0.00015805641253859015,0.00015805640494593662,0.00015805639735386423,0.0001580563897623719,0.00015805638217146828,0.0001580563745811478,0.00015805636699141787,0.00015805635940226696,0.00015805635181370084,0.0001580563442257247,0.00015805633663833118,0.00015805632905152125,0.00015805632146529504,0.00015805631387965226,0.00015805630629460936,0.00015805629871012926,0.00015805629112623592,0.00015805628354292553,0.00015805627596019787,0.0001580562683780528,0.00015805626079649053,0.00015805625321551017,0.00015805624563511244,0.00015805623805529654,0.00015805623047606817,0.00015805622289741603,0.0001580562153193453,0.00015805620774185581,0.0001580562001649476,0.0001580561925886215,0.00015805618501287569,0.00015805617743770668,0.00015805616986313688,0.00015805616228913345,0.00015805615471570984,0.0001580561471428673,0.00015805613957060467,0.00015805613199892238,0.0001580561244278195,0.00015805611685729736,0.0001580561092873562,0.00015805610171799232,0.00015805609414920824,0.0001580560865810031,0.00015805607901337793,0.00015805607144633082,0.0001580560638798626,0.00015805605631397587,0.0001580560487486644,0.00015805604118393127,0.0001580560336197753,0.00015805602605619798,0.0001580560184931994,0.00015805601093077834,0.0001580560033689352,0.00015805599580766716,0.00015805598824697936,0.00015805598068686837,0.00015805597312733283,0.00015805596556837302,0.00015805595800999253,0.00015805595045218916,0.00015805594289496227,0.0001580559353383116,0.0001580559277822162,0.00015805592022671776,0.00015805591267179306,0.0001580559051174496,0.00015805589756367805,0.00015805589001048094,0.0001580558824578758,0.0001580558749058337,0.00015805586735436418,0.00015805585980347014,0.0001580558522531507,0.0001580558447033936,0.00015805583715421893,0.0001580558296056216,0.00015805582205760001,0.00015805581451015276,0.00015805580696327972,0.00015805579941698022,0.00015805579187125164,0.0001580557843260998,0.00015805577678152153,0.00015805576923751634,0.00015805576169408434,0.00015805575415122597,0.00015805574660894035,0.00015805573906722733,0.00015805573152608682,0.0001580557239855149,0.00015805571644551925,0.00015805570890609546,0.00015805570136724636,0.00015805569382896752,0.00015805568629126033,0.00015805567875412486,0.00015805567121756386,0.00015805566368157106,0.0001580556561461497,0.00015805564861129953,0.00015805564107701574,0.00015805563354330751,0.00015805562601016947,0.00015805561847760606,0.00015805561094560898,0.00015805560341418262,0.00015805559588332325,0.0001580555883530372,0.00015805558082332093,0.00015805557329418731,0.0001580555657656147,0.00015805555823760752,0.00015805555071016938,0.00015805554318330253,0.00015805553565700502,0.00015805552813127433,0.00015805552060611235,0.0001580555130815191,0.000158055505557495,0.00015805549803403845,0.00015805549051117285,0.0001580554829888552,0.00015805547546710407,0.00015805546794591475,0.00015805546042530847,0.0001580554529052524,0.00015805544538577168,0.00015805543786685846,0.00015805543034851384,0.0001580554228307339,0.00015805541531351697,0.000158055407796846,0.0001580554002807682,0.00015805539276525502,0.0001580553852503082,0.0001580553777359276,0.00015805537022211042,0.00015805536270886193,0.0001580553551961793,0.00015805534768406247,0.000158055340172511,0.00015805533266152462,0.00015805532515110064,0.00015805531764125143,0.00015805531013196058,0.0001580553026232343,0.0001580552951150733,0.0001580552876074769,0.0001580552801004456,0.00015805527259397175,0.00015805526508806827,0.0001580552575827289,0.0001580552500779531,0.00015805524257374114,0.00015805523507009313,0.0001580552275670092,0.00015805522006448534,0.0001580552125625275,0.00015805520506113262,0.00015805519756029475,0.00015805519006002346,0.00015805518256031814,0.00015805517506117456,0.00015805516756259343,0.00015805516006457533,0.00015805515256713787,0.00015805514507024295,0.00015805513757390446,0.0001580551300781338,0.00015805512258292484,0.0001580551150882773,0.00015805510759419074,0.0001580551001006655,0.00015805509260769695,0.0001580550851152932,0.0001580550776234502,0.00015805507013216604,0.00015805506264144774,0.00015805505515128717,0.00015805504766169332,0.0001580550401726504,0.00015805503268417068,0.00015805502519624756,0.00015805501770888808,0.00015805501022208012,0.00015805500273585027,0.00015805499525016877,0.00015805498776503654,0.0001580549802804737,0.0001580549727964692,0.00015805496531304098,0.00015805495783015428,0.00015805495034782182,0.00015805494286605054,0.00015805493538483502,0.0001580549279041822,0.00015805492042408623,0.00015805491294454887,0.0001580549054655693,0.0001580548979871475,0.00015805489050927494,0.0001580548830319681,0.0001580548755552182,0.000158054868079025,0.0001580548606033896,0.0001580548531283111,0.00015805484565378872,0.00015805483817982462,0.0001580548307064159,0.0001580548232335566,0.00015805481576126038,0.00015805480828952605,0.0001580548008183594,0.00015805479334773113,0.00015805478587765847,0.00015805477840814147,0.00015805477093917939,0.0001580547634707725,0.0001580547560029324,0.00015805474853563495,0.00015805474106889367,0.00015805473360270815,0.0001580547261370763,0.00015805471867199906,0.00015805471120747624,0.0001580547037435076,0.00015805469628009302,0.00015805468881723226,0.00015805468135492563,0.0001580546738931728,0.00015805466643197352,0.00015805465897132805,0.00015805465151123426,0.00015805464405169533,0.0001580546365927069,0.00015805462913427422,0.00015805462167639399,0.0001580546142190674,0.00015805460676229273,0.00015805459930606872,0.00015805459185041343,0.00015805458439529518,0.0001580545769407283,0.0001580545694867124,0.0001580545620332457,0.00015805455458033456,0.00015805454712797726,0.0001580545396761696,0.0001580545322249118,0.00015805452477420795,0.0001580545173240535,0.00015805450987444936,0.00015805450242539648,0.0001580544949768942,0.00015805448752894232,0.0001580544800815409,0.00015805447263468993,0.00015805446518839069,0.00015805445774261546,0.00015805445029741462,0.00015805444285275927,0.00015805443540864593,0.00015805442796509227,0.0001580544205220891,0.0001580544130796353,0.00015805440563773014,0.0001580543981963743,0.0001580543907555676,0.00015805438331530474,0.00015805437587559468,0.000158054368436441,0.00015805436099782856,0.00015805435355976407,0.00015805434612224748,0.0001580543386852784,0.0001580543312488575,0.0001580543238129842,0.00015805431637765747,0.00015805430894288086,0.00015805430150864975,0.00015805429407496127,0.000158054286641824,0.0001580542792092337,0.00015805427177719003,0.00015805426434569006,0.0001580542569147404,0.00015805424948433657,0.00015805424205447925,0.00015805423462516427,0.000158054227196399,0.00015805421976817935,0.00015805421234050564,0.00015805420491337718,0.00015805419748679436,0.00015805419006075704,0.00015805418263526515,0.00015805417521031826,0.00015805416778589447,0.00015805416036203051,0.0001580541529387185,0.00015805414551595055,0.0001580541380937222,0.0001580541306720443,0.00015805412325090902,0.00015805411583032323,0.00015805410841028097,0.00015805410099077746,0.00015805409357181856,0.00015805408615340318,0.00015805407873553125,0.00015805407131820224,0.00015805406390141685,0.0001580540564851745,0.00015805404906947507,0.00015805404165431815,0.0001580540342397031,0.00015805402682563191,0.00015805401941210433,0.00015805401199912611,0.0001580540045866823,0.00015805399717478002,0.00015805398976342097,0.000158053982352605,0.00015805397494233063,0.00015805396753259583,0.00015805396012340175,0.00015805395271475058,0.00015805394530664062,0.00015805393789907152,0.0001580539304920427,0.00015805392308556286,0.00015805391567961607,0.00015805390827420933,0.0001580539008693431,0.00015805389346501832,0.0001580538860612325,0.00015805387865799487,0.00015805387125529828,0.00015805386385313238,0.00015805385645150836,0.0001580538490504232,0.00015805384164987887,0.00015805383424987254,0.00015805382685040475,0.00015805381945147641,0.00015805381205308684,0.0001580538046552345,0.00015805379725792102,0.00015805378986114682,0.00015805378246491053,0.00015805377506921068,0.0001580537676740513,0.00015805376027942976,0.0001580537528853448,0.00015805374549179897,0.0001580537380987895,0.00015805373070631957,0.00015805372331438925,0.00015805371592299419,0.00015805370853213518,0.0001580537011418136,0.0001580536937520289,0.00015805368636278108,0.00015805367897407132,0.00015805367158589674,0.00015805366419825874,0.00015805365681115715,0.00015805364942459162,0.0001580536420385623,0.0001580536346530689,0.00015805362726811146,0.00015805361988368977,0.00015805361249980355,0.00015805360511645294,0.00015805359773363764,0.00015805359035135757,0.00015805358296961273,0.00015805357558840277,0.00015805356820772768,0.0001580535608275873,0.00015805355344798155,0.00015805354606891045,0.00015805353869037357,0.00015805353131237098,0.00015805352393490253,0.00015805351655796807,0.00015805350918156747,0.00015805350180570063,0.00015805349443036754,0.00015805348705556793,0.0001580534796813017,0.00015805347230756875,0.000158053464934369,0.00015805345756170224,0.00015805345018956796,0.00015805344281796693,0.00015805343544689852,0.00015805342807636275,0.00015805342070635933,0.0001580534133368873,0.00015805340596794834,0.00015805339859954157,0.00015805339123166668,0.00015805338386432361,0.00015805337649751227,0.00015805336913124192,0.0001580533617655031,0.00015805335440028607,0.00015805334703561358,0.00015805333967146206,0.00015805333230783748,0.00015805332494475395,0.00015805331758220144,0.00015805331022018148,0.0001580533028586794,0.00015805329549770786,0.00015805328813726647,0.00015805328077735524,0.00015805327341797428,0.00015805326605912705,0.00015805325870080556,0.00015805325134301363,0.0001580532439857515,0.00015805323662901858,0.000158053229272815,0.00015805322191714057,0.00015805321456199514,0.0001580532072073787,0.00015805319985329105,0.00015805319249973202,0.0001580531851467016,0.00015805317779420483,0.00015805317044224028,0.00015805316309079918,0.00015805315573988172,0.00015805314838949222,0.00015805314103963533,0.0001580531336903103,0.00015805312634151403,0.00015805311899323517,0.00015805311164549297,0.0001580531042982777,0.00015805309695158555,0.00015805308960542474,0.00015805308225978076,0.00015805307491466446,0.00015805306757007468,0.00015805306022601147,0.00015805305288247456,0.00015805304553946755,0.0001580530381969828,0.00015805303085502384,0.00015805302351359153,0.0001580530161726851,0.00015805300883230136,0.00015805300149244244,0.00015805299415311318,0.0001580529868143056,0.00015805297947602576,0.00015805297213827154,0.00015805296480104727,0.00015805295746434552,0.00015805295012816668,0.00015805294279251148,0.00015805293545738256,0.00015805292812278105,0.00015805292078870372,0.00015805291345514396,0.0001580529061221105,0.00015805289878960223,0.00015805289145761625,0.00015805288412614672,0.00015805287679521477,0.00015805286946480104,0.0001580528621349158,0.00015805285480556018,0.0001580528474767211,0.00015805284014839136,0.00015805283282060092,0.000158052825493324,0.00015805281816657165,0.00015805281084033202,0.0001580528035146264,0.00015805279618943854,0.00015805278886477195,0.00015805278154063006,0.0001580527742170143,0.00015805276689391504,0.00015805275957133847,0.00015805275224927727,0.00015805274492774866,0.0001580527376067307,0.00015805273028624795,0.00015805272296627623,0.0001580527156468312,0.0001580527083278997,0.000158052701009491,0.0001580526936916038,0.000158052686374233,0.00015805267905738413,0.00015805267174105633,0.00015805266442524708,0.00015805265710995976,0.000158052649795193,0.0001580526424809474,0.00015805263516721724,0.0001580526278540097,0.00015805262054132226,0.0001580526132291544,0.0001580526059175048,0.0001580525986063737,0.00015805259129575468,0.0001580525839856516,0.00015805257667607706,0.0001580525693670166,0.000158052562058485,0.00015805255475045862,0.00015805254744295997,0.00015805254013597381,0.00015805253282950602,0.00015805252552355785,0.00015805251821812577,0.00015805251091321145,0.00015805250360881434,0.00015805249630493709,0.00015805248900157708,0.00015805248169873458,0.0001580524743964092,0.00015805246709459865,0.00015805245979330694,0.00015805245249253175,0.00015805244519227375,0.00015805243789253205,0.0001580524305933068,0.00015805242329459767,0.0001580524159964029,0.00015805240869872671,0.0001580524014015658,0.0001580523941049208,0.00015805238680879154,0.00015805237951317793,0.00015805237221807957,0.00015805236492350084,0.00015805235762944073,0.00015805235033588796,0.0001580523430428518,0.000158052335750329,0.00015805232845832103,0.000158052321166828,0.00015805231387584925,0.00015805230658538043,0.00015805229929543056,0.00015805229200599067,0.00015805228471706522,0.00015805227742865744,0.0001580522701407634,0.00015805226285338386,0.000158052255566517,0.00015805224828016408,0.00015805224099432456,0.00015805223370899825,0.000158052226424185,0.00015805221913988606,0.0001580522118561152,0.00015805220457284087,0.00015805219729009265,0.00015805219000784355,0.00015805218272610603,0.00015805217544487743,0.0001580521681641703,0.0001580521608839695,0.00015805215360428052,0.000158052146325112,0.00015805213904644677,0.00015805213176829452,0.00015805212449065278,0.00015805211721352225,0.0001580521099369043,0.00015805210266079718,0.0001580520953852019,0.0001580520881101162,0.00015805208083553756,0.00015805207356147527,0.0001580520662879185,0.00015805205901487206,0.00015805205174233413,0.00015805204447031252,0.00015805203719879713,0.00015805202992779592,0.00015805202265730528,0.00015805201538730728,0.00015805200811783564,0.00015805200084888525,0.00015805199358042866,0.00015805198631248192,0.00015805197904504827,0.00015805197177812215,0.00015805196451170616,0.00015805195724579954,0.0001580519499804009,0.00015805194271551186,0.00015805193545113212,0.00015805192818726057,0.00015805192092389789,0.00015805191366104364,0.00015805190639869724,0.00015805189913685867,0.00015805189187552808,0.00015805188461470604,0.00015805187735439124,0.00015805187009458415,0.00015805186283528448,0.00015805185557649212,0.00015805184831820725,0.00015805184106042945,0.00015805183380315863,0.00015805182654639484,0.0001580518192901379,0.00015805181203438768,0.000158051804779145,0.00015805179752440777,0.0001580517902701743,0.00015805178301645127,0.00015805177576323347,0.00015805176851052113,0.00015805176125831226,0.00015805175400661228,0.00015805174675542015,0.000158051739504722,0.00015805173225454095,0.00015805172500486797,0.00015805171775569815,0.00015805171050703006,0.00015805170325886725,0.00015805169601120931,0.00015805168876405673,0.00015805168151740816,0.00015805167427126427,0.00015805166702562482,0.00015805165978048934,0.0001580516525358533,0.00015805164529172759,0.00015805163804810476,0.00015805163080498554,0.00015805162356237064,0.00015805161632025938,0.00015805160907865249,0.00015805160183754837,0.0001580515945969448,0.00015805158735684744,0.00015805158011725315,0.00015805157287816194,0.0001580515656395736,0.0001580515584014881,0.00015805155116390744,0.00015805154392682725,0.00015805153669024927,0.00015805152945417683,0.00015805152221860474,0.0001580515149835357,0.00015805150774896642,0.0001580515005149044,0.00015805149328134026,0.00015805148604827697,0.0001580514788157152,0.00015805147158365587,0.00015805146435209896,0.00015805145712104144,0.00015805144989048498,0.00015805144266042961,0.0001580514354308765,0.0001580514282018226,0.00015805142097327066,0.0001580514137452228,0.00015805140651767278,0.00015805139929061813,0.0001580513920640699,0.0001580513848380121,0.00015805137761247317,0.00015805137038742327,0.00015805136316285356,0.0001580513559388043,0.0001580513487152527,0.0001580513414922096,0.00015805133426966995,0.0001580513270476094,0.0001580513198260513,0.00015805131260499008,0.0001580513053844339,0.00015805129816437558,0.00015805129094481697,0.00015805128372575926,0.000158051276507196,0.0001580512692891328,0.00015805126207156677,0.00015805125485450017,0.0001580512476379307,0.00015805124042186035,0.00015805123320628903,0.00015805122599121547,0.00015805121877663614,0.0001580512115625569,0.0001580512043489731,0.00015805119713589282,0.00015805118992330447,0.00015805118271121558,0.0001580511754996236,0.00015805116828852855,0.00015805116107793404,0.00015805115386783038,0.00015805114665822968,0.0001580511394491211,0.0001580511322405084,0.00015805112503239216,0.00015805111782477168,0.00015805111061764767,0.0001580511034110192,0.00015805109620488638,0.0001580510889992498,0.00015805108179410841,0.00015805107458946244,0.00015805106738531213,0.0001580510601816572,0.00015805105297849709,0.00015805104577583528,0.0001580510385736653,0.00015805103137199014,0.00015805102417080965,0.00015805101697012277,0.00015805100976993137,0.00015805100257023402,0.0001580509953710315,0.00015805098817230374,0.00015805098097408925,0.00015805097377637225,0.0001580509665791448,0.00015805095938241224,0.0001580509521861759,0.00015805094499042995,0.00015805093779517771,0.000158050930600419
5,0.0,0.0,0.0,0.0,0.0,0.0,0.0,0.0,0.0,0.0,0.0,0.0,0.0,0.0,0.0,0.0,0.0,0.0,0.0,0.0,0.0,0.0,0.0,0.0,0.0,0.0,0.0,0.0,0.0,0.0,0.0,0.0,0.0,0.0,0.0,0.0,0.0,0.0,0.0,0.0,0.0,0.0,0.0,0.0,0.0,0.0,0.0,0.0,0.0,0.0,0.0,0.0,0.0,0.0,0.0,0.0,0.0,0.0,0.0,0.0,0.0,0.0,0.0,0.0,0.0,0.0,0.0,0.0,0.0,0.0,0.0,0.0,0.0,0.0,0.0,0.0,0.0,0.0,0.0,0.0,0.0,0.0,0.0,0.0,0.0,0.0,0.0,0.0,0.0,0.0,0.0,0.0,0.0,0.0,0.0,0.0,0.0,0.0,0.0,0.0,0.0,0.0,0.0,0.0,0.0,0.0,0.0,0.0,0.0,0.0,0.0,0.0,0.0,0.0,0.0,0.0,0.0,0.0,0.0,0.0,0.0,0.0,0.0,0.0,0.0,0.0,0.0,0.0,0.0,0.0,0.0,0.0,0.0,0.0,0.0,0.0,0.0,0.0,0.0,0.0,0.0,0.0,0.0,0.0,0.0,0.0,0.0,0.0,0.0,0.0,0.0,0.0,0.0,0.0,0.0,0.0,0.0,0.0,0.0,0.0,0.0,0.0,0.0,0.0,0.0,0.0,0.0,0.0,0.0,0.0,0.0,0.0,0.0,0.0,0.0,0.0,0.0,0.0,0.0,0.0,0.0,0.0,0.0,0.0,0.0,0.0,0.0,0.0,0.0,0.0,0.0,0.0,0.0,0.0,0.0,0.0,0.0,0.0,0.0,0.0,0.0,0.0,0.0,0.0,0.0,0.0,0.0,0.0,0.0,0.0,0.0,0.0,0.0,0.0,0.0,0.0,0.0,0.0,0.0,0.0,0.0,0.0,0.0,0.0,0.0,0.0,0.0,0.0,0.0,0.0,0.0,0.0,0.0,0.0,0.0,0.0,0.0,0.0,0.0,0.0,0.0,0.0,0.0,0.0,0.0,0.0,0.0,0.0,0.0,0.0,0.0,0.0,0.0,0.0,0.0,0.0,0.0,0.0,0.0,0.0,0.0,0.0,0.0,0.0,0.0,0.0,0.0,0.0,0.0,0.0,0.0,0.0,0.0,0.0,0.0,0.0,0.0,0.0,0.0,0.0,0.0,0.0,0.0,0.0,0.0,0.0,0.0,0.0,0.0,0.0,0.0,0.0,0.0,0.0,0.0,0.0,0.0,0.0,0.0,0.0,0.0,0.0,0.0,0.0,0.0,0.0,0.0,0.0,0.0,0.0,0.0,0.0,0.0,0.0,0.0,0.0,0.0,0.0,0.0,0.0,0.0,0.0,0.0,0.0,0.0,0.0,0.0,0.0,0.0,0.0,0.0,0.0,0.0,0.0,0.0,0.0,0.0,0.0,0.0,0.0,0.0,0.0,0.0,0.0,0.0,0.0,0.0,0.0,0.0,0.0,0.0,0.0,0.0,0.0,0.0,0.0,0.0,0.0,0.0,0.0,0.0,0.0,0.0,0.0,0.0,0.0,0.0,0.0,0.0,0.0,0.0,0.0,0.0,0.0,0.0,0.0,0.0,0.0,0.0,0.0,0.0,0.0,0.0,0.0,0.0,0.0,0.0,0.0,0.0,0.0,0.0,0.0,0.0,0.0,0.0,0.0,0.0,0.0,0.0,0.0,0.0,0.0,0.0,0.0,0.0,0.0,0.0,0.0,0.0,0.0,0.0,0.0,0.0,0.0,0.0,0.0,0.0,0.0,0.0,0.0,0.0,0.0,0.0,0.0,0.0,0.0,0.0,0.0,0.0,0.0,0.0,0.0,0.0,0.0,0.0,0.0,0.0,0.0,0.0,0.0,0.0,0.0,0.0,0.0,0.0,0.0,0.0,0.0,0.0,0.0,0.0,0.0,0.0,0.0,0.0,0.0,0.0,0.0,0.0,0.0,0.0,0.0,0.0,0.0,0.0,0.0,0.0,0.0,0.0,0.0,0.0,0.0,0.0,0.0,0.0,0.0,0.0,0.0,0.0,0.0,0.0,0.0,0.0,0.0,0.0,0.0,0.0,0.0,0.0,0.0,0.0,0.0,0.0,0.0,0.0,0.0,0.0,0.0,0.0,0.0,0.0,0.0,0.0,0.0,0.0,0.0,0.0,0.0,0.0,0.0,0.0,0.0,0.0,0.0,0.0,0.0,0.0,0.0,0.0,0.0,0.0,0.0,0.0,0.0,0.0,0.0,0.0,0.0,0.0,0.0,0.0,0.0,0.0,0.0,0.0,0.0,0.0,0.0,0.0,0.0,0.0,0.0,0.0,0.0,0.0,0.0,0.0,0.0,0.0,0.0,0.0,0.0,0.0,0.0,0.0,0.0,0.0,0.0,0.0,0.0,0.0,0.0,0.0,0.0,0.0,0.0,0.0,0.0,0.0,0.0,0.0,0.0,0.0,0.0,0.0,0.0,0.0,0.0,0.0,0.0,0.0,0.0,0.0,0.0,0.0,0.0,0.0,0.0,0.0,0.0,0.0,0.0,0.0,0.0,0.0,0.0,0.0,0.0,0.0,0.0,0.0,0.0,0.0,0.0,0.0,0.0,0.0,0.0,0.0,0.0,0.0,0.0,0.0,0.0,0.0,0.0,0.0,0.0,0.0,0.0,0.0,0.0,0.0,0.0,0.0,0.0,0.0,0.0,0.0,0.0,0.0,0.0,0.0,0.0,0.0,0.0,0.0,0.0,0.0,0.0,0.0,0.0,0.0,0.0,0.0,0.0,0.0,0.0,0.0,0.0,0.0,0.0,0.0,0.0,0.0,0.0,0.0,0.0,0.0,0.0,0.0,0.0,0.0,0.0,0.0,0.0,0.0,0.0,0.0,0.0,0.0,0.0,0.0,0.0,0.0,0.0,0.0,0.0,0.0,0.0,0.0,0.0,0.0,0.0,0.0,0.0,0.0,0.0,0.0,0.0,0.0,0.0,0.0,0.0,0.0,0.0,0.0,0.0,0.0,0.0,0.0,0.0,0.0,0.0,0.0,0.0,0.0,0.0,0.0,0.0,0.0,0.0,0.0,0.0,0.0,0.0,0.0,0.0,0.0,0.0,0.0,0.0,0.0,0.0,0.0,0.0,0.0,0.0,0.0,0.0,0.0,0.0,0.0,0.0,0.0,0.0,0.0,0.0,0.0,0.0,0.0,0.0,0.0,0.0,0.0,0.0,0.0,0.0,0.0,0.0,0.0,0.0,0.0,0.0,0.0,0.0,0.0,0.0,0.0,0.0,0.0,0.0,0.0,0.0,0.0,0.0,0.0,0.0,0.0,0.0,0.0,0.0,0.0,0.0,0.0,0.0,0.0,0.0,0.0,0.0,0.0,0.0,0.0,0.0,0.0,0.0,0.0,0.0,0.0,0.0,0.0,0.0,0.0,0.0,0.0,0.0,0.0,0.0,0.0,0.0,0.0,0.0,0.0,0.0,0.0,0.0,0.0,0.0,0.0,0.0,0.0,0.0,0.0,0.0,0.0,0.0,0.0,0.0,0.0,0.0,0.0,0.0,0.0,0.0,0.0,0.0,0.0,0.0,0.0,0.0,0.0,0.0,0.0,0.0,0.0,0.0,0.0,0.0,0.0,0.0,0.0,0.0,0.0,0.0,0.0,0.0,0.0,0.0,0.0,0.0,0.0,0.0,0.0,0.0,0.0,0.0,0.0,0.0,0.0,0.0,0.0,0.0,0.0,0.0,0.0,0.0,0.0,0.0,0.0,0.0,0.0,0.0,0.0,0.0,0.0,0.0,0.0,0.0,0.0,0.0,0.0,0.0,0.0,0.0,0.0,0.0,0.0,0.0,0.0,0.0,0.0,0.0,0.0,0.0,0.0,0.0,0.0,0.0,0.0,0.0,0.0,0.0,0.0,0.0,0.0,0.0,0.0,0.0,0.0,0.0,0.0,0.0,0.0,0.0,0.0,0.0,0.0,0.0,0.0,0.0,0.0,0.0,0.0,0.0,0.0,0.0,0.0,0.0,0.0,0.0,0.0,0.0,0.0,0.0,0.0,0.0,0.0,0.0,0.0,0.0,0.0,0.0,0.0,0.0,0.0,0.0,0.0,0.0,0.0,0.0,0.0,0.0,0.0,0.0,0.0,0.0,0.0,0.0,0.0,0.0,0.0,0.0,0.0,0.0,0.0,0.0,0.0,0.0,0.0,0.0,0.0,0.0,0.0,0.0,0.0,0.0,0.0,0.0,0.0,0.0,0.0,0.0,0.0,0.0,0.0,0.0,0.0,0.0,0.0,0.0,0.0,0.0,0.0,0.0,0.0,0.0,0.0,0.0,0.0,0.0,1.2911597653833992e-05,2.6200963885099544e-05,3.988439870703541e-05,5.398127968040356e-05,6.851358090265496e-05,8.350568870392553e-05,9.898440278590707e-05,0.00011497905976418885,0.00013152174508262622,0.00014864757687774546,0.00016639505636502046,0.0001848064865783756,0.00020392846659128503,0.00022381247283922263,0.0002445155435040278,0.00026610108683760593,0.0002886398400843765,0.0003122110129847118,0.0003369036593355255,0.00036281833244785396,0.0003900690969041839,0.0004187859912780077,0.00044911806666318835,0.00048123716789261883,0.0005153426823801529,0.0005516675643025208,0.0005904860602748738,0.0006321237358819111,0.0006769706592642961,0.0007254989868739064,0.0007782867968893903,0.0008360509644742677,0.0008996934087003528,0.0009703675955563879,0.0010495765577597552,0.001139321432962744,0.0012423336886296448,0.0013624510406931778,0.0015052495521025045,0.0016791488211655133,0.0018974089010666832,0.0021817489288172972,0.002568176332549814,0.0031107056073221436,0.0038567145866351587,0.004771137307846436,0.005726661743177292,0.006608739453044104,0.007368103145610273,0.008000883322168783,0.008521422770614644,0.008947879987336272,0.009296845750227998,0.009581975885305297,0.009814081237609818,0.010001639814932739,0.010151364994157473,0.010268726059051126,0.010358411810207422,0.010424740932715502,0.010471964235926003,0.010504312164849648,0.010525716585651075,0.010539440202279949,0.01054791905455471,0.010552847759965704,0.010555364268478884,0.0105562252099256,0.01055593636961889,0.010554840356720161,0.010553173141768476,0.010551100196047328,0.010548740262574359,0.010548752957869629,0.010548752957869579,0.010548752957869537,0.01054875295786951,0.010548752957869474,0.01054875295786945,0.010548752957869419,0.010548752957869395,0.010548752957869365,0.010548752957869341,0.010548752957869315,0.01054875295786929,0.010548752957869266,0.010548752957869242,0.010548752957869214,0.010548752957869193,0.010548752957869164,0.01054875295786914,0.010548752957869114,0.010548752957869088,0.010548752957869058,0.010548752957869034,0.01054875295786901,0.010548752957868982,0.010548752957868958,0.010548752957868928,0.010548752957868899,0.01054875295786887,0.010548752957868841,0.01054875295786882,0.01054875295786879,0.010548752957868762,0.010548752957868725,0.010548752957868697,0.010548752957868664,0.010548752957868633,0.010548752957868604,0.010548752957868572,0.010548752957868536,0.010548752957868505,0.010548752957868472,0.010548752957868439,0.010548752957868402,0.01054875295786837,0.010548752957868328,0.010548752957868293,0.01054875295786826,0.010548752957868219,0.010548752957868182,0.010548752957868146,0.010548752957868102,0.01054875295786806,0.010548752957868023,0.010548752957867981,0.010548752957867938,0.01054875295786789,0.010548752957867847,0.010548752957867804,0.010548752957867759,0.010548752957867705,0.01054875295786766,0.010548752957867613,0.010548752957867568,0.010548752957867516,0.010548752957867464,0.010548752957867417,0.01054875295786736,0.010548752957867311,0.010548752957867261,0.010548752957867205,0.010548752957867145,0.010548752957867096,0.010548752957867032,0.010548752957866975,0.010548752957866918,0.010548752957866855,0.010548752957866796,0.010548752957866732,0.01054875295786667,0.01054875295786661,0.010548752957866545,0.010548752957866479,0.010548752957866413,0.010548752957866343,0.010548752957866274,0.010548752957866205,0.010548752957866137,0.010548752957866064,0.010548752957865988,0.010548752957865917,0.01054875295786584,0.010548752957865757,0.010548752957865682,0.010548752957865603,0.010548752957865525,0.010548752957865445,0.010548752957865365,0.010548752957865278,0.010548752957865193,0.010548752957865112,0.010548752957865025,0.010548752957864936,0.010548752957864851,0.01054875295786476,0.01054875295786467,0.010548752957864576,0.01054875295786448,0.010548752957864387,0.010548752957864291,0.01054875295786419,0.010548752957864095,0.010548752957863995,0.01054875295786389,0.010548752957863788,0.010548752957863686,0.010548752957863582,0.01054875295786348,0.01054875295786337,0.010548752957863262,0.010548752957863155,0.010548752957863044,0.01054875295786293,0.010548752957862818,0.0105487529578627,0.010548752957862584,0.01054875295786247,0.01054875295786235,0.01054875295786223,0.010548752957862109,0.010548752957861972,0.010548752957861852,0.010548752957861725,0.010548752957861599,0.010548752957861476,0.010548752957861337,0.01054875295786121,0.010548752957861078,0.010548752957860936,0.010548752957860803,0.010548752957860666,0.01054875295786053,0.010548752957860388,0.010548752957860244,0.0105487529578601,0.01054875295785996,0.010548752957859814,0.010548752957859665,0.010548752957859519,0.010548752957859365,0.010548752957859214,0.010548752957859061,0.010548752957858905,0.010548752957858749,0.010548752957858594,0.010548752957858433,0.01054875295785827,0.010548752957858107,0.010548752957857942,0.010548752957857774,0.0105487529578576,0.01054875295785743,0.010548752957857259,0.010548752957857082,0.010548752957856908,0.010548752957856733,0.010548752957856554,0.010548752957856372,0.010548752957856192,0.010548752957856008,0.010548752957855824,0.010548752957855638,0.010548752957855454,0.010548752957855264,0.010548752957855071,0.010548752957854877,0.010548752957854686,0.01054875295785449,0.010548752957854289,0.010548752957854087,0.010548752957853886,0.010548752957853683,0.010548752957853477,0.010548752957853269,0.010548752957853066,0.010548752957852852,0.010548752957852639,0.010548752957852422,0.010548752957852205,0.010548752957851994,0.010548752957851772,0.010548752957851551,0.01054875295785133,0.010548752957851104,0.01054875295785088,0.010548752957850654,0.010548752957850417,0.010548752957850191,0.010548752957849957,0.010548752957849725,0.010548752957849485,0.010548752957849248,0.010548752957849005,0.010548752957848764,0.010548752957848519,0.010548752957848274,0.010548752957848023,0.010548752957847775,0.01054875295784752,0.010548752957847267,0.010548752957847013,0.010548752957846755,0.010548752957846491,0.010548752957846234,0.010548752957845972,0.01054875295784571,0.01054875295784544,0.010548752957845173,0.010548752957844904,0.010548752957844633,0.010548752957844357,0.010548752957844082,0.010548752957843802,0.01054875295784352,0.010548752957843239,0.010548752957842954,0.01054875295784267,0.010548752957842376,0.010548752957842087,0.010548752957841794,0.010548752957841502,0.010548752957841198,0.010548752957840905,0.010548752957840605,0.010548752957840302,0.010548752957839996,0.010548752957839691,0.010548752957839384,0.01054875295783907,0.01054875295783876,0.010548752957838444,0.010548752957838132,0.010548752957837809,0.010548752957837493,0.01054875295783717,0.010548752957836846,0.010548752957836523,0.010548752957836196,0.01054875295783586,0.01054875295783553,0.010548752957835195,0.010548752957834863,0.01054875295783452,0.010548752957834182,0.010548752957833838,0.010548752957833493,0.010548752957833142,0.010548752957832794,0.010548752957832442,0.010548752957832091,0.010548752957831736,0.010548752957831376,0.010548752957831017,0.010548752957830658,0.010548752957830296,0.010548752957829926,0.010548752957829559,0.01054875295782919,0.01054875295782882,0.010548752957828448,0.010548752957828067,0.010548752957827687,0.010548752957827309,0.010548752957826925,0.01054875295782654,0.010548752957826155,0.010548752957825766,0.010548752957825378,0.01054875295782498,0.010548752957824587,0.010548752957824186,0.010548752957823789,0.010548752957823388,0.010548752957822979,0.010548752957822562,0.010548752957822163,0.010548752957821747,0.010548752957821336,0.01054875295782092,0.010548752957820503,0.010548752957820085,0.010548752957819664,0.010548752957819239,0.010548752957818815,0.010548752957818387,0.010548752957817958,0.010548752957817523,0.01054875295781709,0.010548752957816647,0.010548752957816205,0.010548752957815766,0.010548752957815322,0.010548752957814878,0.010548752957814428,0.010548752957813979,0.010548752957813524,0.010548752957813065,0.010548752957812609,0.010548752957812145,0.010548752957811684,0.01054875295781122,0.010548752957810756,0.010548752957810284,0.010548752957809812,0.010548752957809333,0.010548752957808862,0.010548752957808384,0.0105487529578079,0.010548752957807418,0.010548752957806929,0.010548752957806445,0.010548752957805956,0.01054875295780546,0.010548752957804967,0.010548752957804466,0.010548752957803966,0.010548752957803472,0.010548752957802967,0.01054875295780246,0.010548752957801952,0.010548752957801442,0.010548752957800929,0.010548752957800413,0.010548752957799896,0.010548752957799378,0.010548752957798854,0.010548752957798325,0.01054875295779781,0.01054875295779728,0.010548752957796748,0.010548752957796219,0.010548752957795683,0.010548752957795143,0.010548752957794606,0.01054875295779406,0.010548752957793516,0.010548752957792966,0.010548752957792416,0.010548752957791866,0.010548752957791313,0.010548752957790751,0.010548752957790189,0.010548752957789625,0.010548752957789063,0.010548752957788492,0.010548752957787923,0.010548752957787351,0.010548752957786777,0.010548752957786204,0.010548752957785625,0.010548752957785044,0.010548752957784454,0.010548752957783871,0.01054875295778328,0.010548752957782691,0.010548752957782098,0.010548752957781501,0.010548752957780901,0.010548752957780301,0.010548752957779697,0.010548752957779092,0.01054875295777849,0.010548752957777876,0.010548752957777265,0.010548752957776648,0.010548752957776028,0.010548752957775407,0.010548752957774785,0.01054875295777416,0.010548752957773532,0.0105487529577729,0.01054875295777227,0.010548752957771633,0.010548752957770994,0.010548752957770349,0.01054875295776971,0.010548752957769067,0.010548752957768422,0.010548752957767773,0.01054875295776712,0.010548752957766465,0.01054875295776581,0.010548752957765148,0.010548752957764487,0.010548752957763823,0.010548752957763157,0.010548752957762487,0.010548752957761816,0.010548752957761144,0.010548752957760463,0.010548752957759784,0.010548752957759094,0.01054875295775842,0.010548752957757729,0.01054875295775704,0.010548752957756353,0.01054875295775566,0.01054875295775496,0.01054875295775426,0.010548752957753565,0.010548752957752858,0.01054875295775215,0.010548752957751442,0.01054875295775073,0.010548752957750016,0.010548752957749298,0.010548752957748578,0.010548752957747858,0.010548752957747133,0.010548752957746405,0.010548752957745678,0.010548752957744942,0.010548752957744208,0.010548752957743471,0.010548752957742732,0.010548752957741988,0.01054875295774124,0.010548752957740498,0.01054875295773975,0.010548752957738996,0.010548752957738241,0.010548752957737483,0.010548752957736721,0.010548752957735961,0.0105487529577352,0.010548752957734431,0.010548752957733661,0.010548752957732891,0.010548752957732119,0.01054875295773134,0.010548752957730558,0.010548752957729772,0.010548752957728991,0.010548752957728204,0.010548752957727413,0.01054875295772662,0.01054875295772582,0.01054875295772503,0.010548752957724228,0.01054875295772342,0.010548752957722618,0.010548752957721808,0.010548752957720998,0.010548752957720182,0.010548752957719367,0.01054875295771855,0.010548752957717721,0.0105487529577169,0.010548752957716075,0.010548752957715244,0.010548752957714411,0.010548752957713585,0.010548752957712747,0.010548752957711904,0.010548752957711063,0.010548752957710216,0.010548752957709372,0.010548752957708522,0.01054875295770767,0.010548752957706813,0.010548752957705954,0.0105487529577051,0.010548752957704237,0.010548752957703375,0.010548752957702506,0.010548752957701635,0.010548752957700764,0.010548752957699886,0.010548752957699008,0.010548752957698127,0.010548752957697237,0.010548752957696356,0.010548752957695463,0.010548752957694571,0.010548752957693676,0.010548752957692782,0.01054875295769188,0.010548752957690975,0.010548752957690078,0.010548752957689169,0.01054875295768826,0.010548752957687348,0.010548752957686426,0.010548752957685509,0.01054875295768459,0.010548752957683663,0.010548752957682737,0.010548752957681812,0.01054875295768088,0.010548752957679946,0.010548752957679005,0.010548752957678065,0.010548752957677127,0.010548752957676183,0.010548752957675234,0.010548752957674285,0.01054875295767333,0.010548752957672375,0.010548752957671418,0.01054875295767046,0.010548752957669496,0.010548752957668528,0.010548752957667558,0.01054875295766659,0.010548752957665613,0.010548752957664637,0.010548752957663656,0.010548752957662675,0.010548752957661696,0.010548752957660704,0.01054875295765972,0.010548752957658721,0.010548752957657729,0.010548752957656728,0.010548752957655732,0.010548752957654726,0.010548752957653722,0.010548752957652716,0.010548752957651699,0.010548752957650691,0.010548752957649673,0.010548752957648653,0.010548752957647631,0.010548752957646608,0.010548752957645582,0.010548752957644547,0.010548752957643516,0.010548752957642484,0.010548752957641442,0.010548752957640403,0.010548752957639355,0.010548752957638309,0.01054875295763726,0.010548752957636206,0.010548752957635153,0.010548752957634097,0.010548752957633035,0.010548752957631972,0.0105487529576309,0.010548752957629838,0.010548752957628766,0.010548752957627689,0.010548752957626611,0.010548752957625534,0.010548752957624455,0.01054875295762337,0.01054875295762228,0.010548752957621192,0.010548752957620098,0.010548752957619008,0.010548752957617903,0.010548752957616809,0.010548752957615702,0.010548752957614593,0.01054875295761349,0.01054875295761238,0.010548752957611261,0.010548752957610145,0.010548752957609027,0.010548752957607904,0.010548752957606775,0.010548752957605647,0.010548752957604522,0.010548752957603384,0.010548752957602246,0.010548752957601108,0.010548752957599968,0.010548752957598825,0.010548752957597675,0.010548752957596526,0.01054875295759538,0.010548752957594219,0.010548752957593064,0.0105487529575919,0.01054875295759074,0.010548752957589572,0.0105487529575884,0.010548752957587235,0.010548752957586059,0.010548752957584883,0.010548752957583705,0.010548752957582522,0.010548752957581339,0.01054875295758015,0.010548752957578957,0.010548752957577763,0.010548752957576568,0.01054875295757537,0.010548752957574169,0.010548752957572965,0.010548752957571756,0.010548752957570545,0.010548752957569333,0.010548752957568117,0.010548752957566899,0.010548752957565676,0.010548752957564451,0.01054875295756323,0.010548752957562,0.010548752957560767,0.010548752957559531,0.010548752957558293,0.010548752957557054,0.010548752957555807,0.01054875295755456,0.01054875295755331,0.010548752957552055,0.01054875295755081,0.01054875295754955,0.010548752957548284,0.010548752957547026,0.010548752957545758,0.010548752957544495,0.01054875295754322,0.010548752957541945,0.010548752957540672,0.01054875295753939,0.01054875295753811,0.010548752957536829,0.010548752957535535,0.010548752957534244,0.010548752957532952,0.010548752957531654,0.01054875295753036,0.010548752957529052,0.01054875295752775,0.010548752957526442,0.010548752957525127,0.010548752957523817,0.0105487529575225,0.010548752957521178,0.010548752957519857,0.010548752957518535,0.010548752957517204,0.010548752957515874,0.010548752957514543,0.010548752957513209,0.010548752957511873,0.010548752957510532,0.010548752957509183,0.010548752957507835,0.010548752957506487,0.010548752957505137,0.010548752957503783,0.010548752957502424,0.010548752957501064,0.010548752957499694,0.010548752957498334,0.010548752957496962,0.010548752957495593,0.010548752957494216,0.010548752957492842,0.01054875295749146,0.010548752957490077,0.010548752957488692,0.010548752957487301,0.010548752957485912,0.010548752957484517,0.01054875295748312,0.01054875295748172,0.010548752957480315,0.010548752957478915,0.010548752957477507,0.010548752957476091,0.010548752957474681,0.01054875295747326,0.01054875295747184,0.010548752957470419,0.010548752957468993,0.010548752957467569,0.010548752957466136,0.010548752957464703,0.010548752957463268,0.010548752957461828,0.010548752957460387,0.010548752957458942,0.010548752957457495,0.010548752957456043,0.010548752957454588,0.010548752957453132,0.010548752957451677,0.010548752957450213,0.010548752957448745,0.010548752957447281,0.010548752957445803,0.010548752957444334,0.010548752957442857,0.010548752957441378,0.010548752957439896,0.010548752957438417,0.010548752957436925,0.010548752957435431,0.010548752957433937,0.010548752957432442,0.010548752957430943,0.010548752957429438,0.010548752957427935,0.010548752957426431,0.010548752957424919,0.01054875295742341,0.01054875295742189,0.01054875295742037,0.010548752957418845,0.010548752957417333,0.010548752957415797,0.010548752957414264,0.01054875295741273,0.010548752957411199,0.01054875295740966,0.010548752957408116,0.010548752957406576,0.01054875295740503,0.01054875295740348,0.010548752957401925,0.010548752957400372,0.010548752957398808,0.010548752957397248,0.010548752957395683,0.010548752957394119,0.010548752957392545,0.01054875295739097,0.010548752957389398,0.010548752957387818,0.010548752957386236,0.01054875295738465,0.010548752957383063,0.010548752957381472,0.010548752957379878,0.010548752957378282,0.010548752957376683,0.010548752957375087,0.01054875295737348,0.010548752957371876,0.01054875295737026,0.010548752957368655,0.010548752957367038,0.010548752957365425,0.010548752957363803,0.010548752957362175,0.010548752957360548,0.010548752957358923,0.01054875295735729,0.010548752957355651,0.010548752957354017,0.010548752957352376,0.010548752957350728,0.01054875295734908,0.010548752957347429,0.010548752957345777,0.01054875295734412,0.010548752957342462,0.010548752957340798,0.010548752957339137,0.010548752957337466,0.010548752957335795,0.010548752957334121,0.010548752957332442,0.010548752957330765,0.010548752957329087,0.010548752957327398,0.01054875295732571,0.010548752957324017,0.010548752957322325,0.010548752957320625,0.010548752957318929,0.010548752957317227,0.010548752957315522,0.010548752957313817,0.010548752957312104,0.010548752957310389,0.010548752957308678,0.01054875295730696,0.01054875295730523,0.010548752957303505,0.010548752957301778,0.010548752957300052,0.010548752957298313,0.010548752957296577,0.010548752957294842,0.010548752957293092,0.01054875295729135,0.010548752957289598,0.010548752957287851,0.010548752957286094,0.010548752957284337,0.010548752957282578,0.010548752957280812,0.010548752957279047,0.010548752957277276,0.010548752957275507,0.010548752957273734,0.010548752957271956,0.010548752957270173,0.010548752957268388,0.010548752957266608,0.010548752957264818,0.010548752957263026,0.01054875295726123,0.010548752957259428,0.010548752957257632,0.010548752957255828,0.010548752957254022,0.010548752957252213,0.0105487529572504,0.010548752957248587,0.010548752957246771,0.010548752957244951,0.01054875295724312,0.010548752957241298,0.01054875295723947,0.010548752957237633,0.010548752957235797,0.010548752957233962,0.01054875295723212,0.010548752957230267,0.010548752957228421,0.010548752957226572,0.01054875295722472,0.010548752957222865,0.010548752957221009,0.010548752957219146,0.01054875295721728,0.010548752957215418,0.01054875295721355,0.010548752957211674,0.010548752957209797,0.010548752957207922,0.010548752957206038,0.01054875295720415,0.010548752957202263,0.010548752957200376,0.010548752957198485,0.010548752957196584,0.010548752957194686,0.010548752957192783,0.010548752957190878,0.010548752957188968,0.010548752957187055,0.010548752957185138,0.010548752957183223,0.010548752957181301,0.010548752957179377,0.010548752957177452,0.010548752957175526,0.010548752957173588,0.010548752957171661,0.010548752957169715,0.010548752957167777,0.010548752957165829,0.010548752957163888,0.01054875295716194,0.010548752957159981,0.010548752957158031,0.010548752957156071,0.010548752957154111,0.010548752957152149,0.010548752957150178,0.010548752957148213,0.010548752957146239,0.010548752957144261,0.010548752957142284,0.010548752957140303,0.010548752957138316,0.010548752957136332,0.010548752957134344,0.010548752957132349,0.010548752957130352,0.010548752957128354,0.010548752957126352,0.010548752957124354,0.010548752957122346,0.010548752957120334,0.010548752957118317,0.010548752957116308,0.010548752957114289,0.010548752957112264,0.01054875295711024,0.010548752957108208,0.010548752957106179,0.010548752957104142,0.010548752957102107,0.010548752957100069,0.010548752957098026,0.010548752957095982,0.010548752957093932,0.01054875295709188,0.010548752957089826,0.01054875295708777,0.010548752957085709,0.010548752957083643,0.010548752957081573,0.01054875295707951,0.010548752957077438,0.010548752957075358,0.010548752957073278,0.0105487529570712,0.010548752957069122,0.010548752957067031,0.010548752957064944,0.010548752957062847,0.010548752957060752,0.010548752957058656,0.010548752957056554,0.010548752957054451,0.010548752957052343,0.010548752957050234,0.010548752957048118,0.010548752957046003,0.010548752957043885,0.010548752957041758,0.010548752957039633,0.010548752957037506,0.01054875295703538,0.010548752957033242,0.010548752957031107,0.010548752957028963,0.010548752957026822,0.010548752957024675,0.010548752957024676,0.010548752957024678,0.01054875295702468,0.010548752957024678,0.01054875295702468,0.010548752957024675,0.01054875295702468,0.01054875295702468,0.010548752957024673,0.010548752957024678,0.010548752957024678,0.010548752957024678,0.010548752957024676,0.010548752957024675,0.010548752957024678,0.010548752957024678,0.010548752957024676,0.010548752957024678,0.010548752957024676,0.010548752957024678,0.010548752957024676,0.010548752957024678,0.010548752957024676,0.010548752957024678,0.010548752957024676,0.010548752957024678,0.010548752957024676,0.01054875295702468,0.01054875295702468,0.010548752957024676,0.010548752957024676,0.010548752957024683,0.010548752957024683,0.010548752957024676,0.010548752957024676,0.010548752957024676,0.010548752957024678,0.01054875295702468,0.010548752957024673,0.010548752957024675,0.010548752957024671,0.010548752957024676,0.010548752957024675,0.010548752957024676,0.010548752957024671,0.010548752957024675,0.010548752957024675,0.010548752957024673,0.010548752957024675,0.010548752957024676,0.010548752957024671,0.010548752957024673,0.010548752957024673,0.010548752957024671,0.010548752957024673,0.010548752957024671,0.010548752957024671,0.010548752957024675,0.010548752957024676,0.01054875295702467,0.01054875295702467,0.01054875295702467,0.010548752957024671,0.010548752957024662,0.010548752957024662,0.010548752957024662,0.010548752957024666,0.010548752957024671,0.01054875295702467,0.01054875295702467,0.01054875295702467,0.01054875295702467,0.01054875295702467,0.01054875295702467,0.01054875295702467,0.01054875295702467,0.010548752957024671,0.010548752957024666,0.01054875295702467,0.01054875295702467,0.01054875295702467,0.01054875295702467,0.01054875295702467,0.01054875295702467,0.010548752957024671,0.01054875295702467,0.010548752957024671,0.01054875295702467,0.01054875295702467,0.01054875295702467,0.01054875295702467,0.01054875295702467,0.01054875295702467,0.010548752957024671,0.01054875295702467,0.010548752957024657,0.010548752957024655,0.010548752957024652,0.010548752957024652,0.010548752957024652,0.01054875295702466,0.010548752957024657,0.01054875295702466,0.010548752957024655,0.010548752957024659,0.010548752957024657,0.010548752957024659,0.01054875295702466,0.010548752957024655,0.010548752957024657,0.010548752957024662,0.010548752957024662,0.01054875295702466,0.010548752957024664,0.010548752957024662,0.010548752957024659,0.01054875295702466,0.010548752957024662,0.01054875295702466,0.010548752957024654,0.010548752957024657,0.010548752957024655,0.010548752957024659,0.01054875295702466,0.010548752957024659,0.010548752957024659,0.010548752957024659,0.010548752957024659,0.010548752957024659,0.010548752957024662,0.010548752957024655,0.010548752957024655,0.010548752957024657,0.010548752957024654,0.010548752957024655,0.010548752957024654,0.010548752957024655,0.010548752957024654,0.01054875295702466,0.010548752957024654,0.010548752957024655,0.010548752957024652,0.010548752957024652,0.010548752957024659,0.010548752957024664,0.010548752957024662,0.010548752957024662,0.010548752957024664,0.010548752957024664,0.01054875295702466,0.010548752957024662,0.010548752957024662,0.01054875295702466,0.010548752957024662,0.010548752957024662,0.010548752957024662,0.010548752957024662,0.010548752957024664,0.010548752957024664,0.010548752957024666,0.010548752957024666,0.010548752957024666,0.01054875295702467,0.01054875295702467,0.010548752957024671,0.010548752957024662,0.010548752957024662,0.010548752957024662,0.010548752957024664,0.010548752957024654,0.010548752957024664,0.010548752957024657,0.010548752957024664,0.010548752957024662,0.010548752957024664,0.010548752957024662,0.010548752957024664,0.010548752957024664,0.010548752957024662,0.010548752957024662,0.010548752957024664,0.010548752957024666,0.010548752957024666,0.010548752957024668,0.010548752957024668,0.010548752957024666,0.010548752957024668,0.010548752957024671,0.010548752957024671,0.01054875295702467,0.01054875295702467,0.010548752957024671,0.010548752957024671,0.010548752957024671,0.01054875295702467,0.010548752957024671,0.010548752957024671,0.010548752957024673,0.010548752957024673,0.010548752957024673,0.010548752957024673,0.010548752957024673,0.010548752957024673,0.010548752957024671,0.010548752957024671,0.010548752957024671,0.010548752957024673,0.01054875295702467,0.010548752957024671,0.01054875295702467,0.010548752957024671,0.010548752957024666,0.010548752957024666,0.010548752957024666,0.01054875295702467,0.01054875295702467,0.010548752957024668,0.010548752957024666,0.01054875295702467,0.01054875295702467,0.010548752957024662,0.010548752957024666,0.010548752957024668,0.010548752957024659,0.010548752957024659,0.010548752957024657,0.010548752957024657,0.010548752957024662,0.010548752957024662,0.010548752957024657,0.010548752957024657,0.010548752957024659,0.01054875295702466,0.010548752957024657,0.010548752957024657,0.010548752957024662,0.010548752957024657,0.010548752957024664,0.010548752957024659,0.010548752957024657,0.010548752957024659,0.010548752957024659,0.010548752957024659,0.01054875295702466,0.010548752957024659,0.010548752957024659,0.010548752957024659,0.010548752957024659,0.010548752957024657,0.010548752957024659,0.01054875295702466,0.01054875295702466,0.01054875295702466,0.010548752957024662,0.010548752957024664,0.010548752957024659,0.010548752957024662,0.010548752957024662,0.010548752957024657,0.010548752957024657,0.010548752957024654,0.010548752957024654,0.01054875295702465,0.01054875295702465,0.01054875295702465,0.01054875295702465,0.01054875295702465,0.010548752957024645,0.010548752957024645,0.010548752957024645,0.010548752957024647,0.01054875295702465,0.01054875295702465,0.010548752957024631,0.010548752957024624,0.010548752957024633,0.010548752957024633,0.010548752957024635,0.010548752957024631,0.010548752957024635,0.010548752957024633,0.010548752957024635,0.010548752957024633,0.010548752957024635,0.010548752957024635,0.010548752957024633,0.010548752957024633,0.010548752957024635,0.010548752957024633,0.010548752957024635,0.010548752957024635,0.010548752957024635,0.010548752957024635,0.010548752957024636,0.010548752957024638,0.010548752957024635,0.010548752957024635,0.010548752957024631,0.010548752957024636,0.010548752957024635,0.010548752957024636,0.010548752957024633,0.010548752957024635,0.010548752957024633,0.010548752957024633,0.010548752957024635,0.010548752957024635,0.010548752957024633,0.010548752957024633,0.010548752957024635,0.010548752957024633,0.010548752957024635,0.010548752957024636,0.010548752957024633,0.010548752957024635,0.010548752957024631,0.01054875295702463,0.010548752957024635,0.010548752957024635,0.010548752957024633,0.010548752957024638,0.010548752957024636,0.010548752957024638,0.010548752957024635,0.010548752957024636,0.010548752957024638,0.010548752957024635,0.010548752957024636,0.010548752957024636,0.010548752957024635,0.010548752957024642,0.010548752957024643,0.010548752957024643,0.010548752957024642,0.010548752957024643,0.010548752957024647,0.010548752957024645,0.01054875295702464,0.010548752957024638,0.010548752957024638,0.010548752957024635,0.010548752957024638,0.010548752957024638,0.010548752957024636,0.010548752957024636,0.010548752957024635,0.010548752957024635,0.010548752957024638,0.010548752957024636,0.010548752957024636,0.010548752957024638,0.010548752957024638,0.010548752957024635,0.010548752957024633,0.010548752957024633,0.010548752957024642,0.010548752957024638,0.010548752957024636,0.010548752957024636,0.010548752957024635,0.010548752957024636,0.01054875295702464,0.010548752957024638,0.010548752957024638,0.010548752957024636,0.010548752957024636,0.010548752957024636,0.010548752957024638,0.010548752957024633,0.010548752957024635,0.010548752957024633,0.010548752957024633,0.010548752957024635,0.010548752957024642,0.010548752957024638,0.010548752957024638,0.010548752957024642,0.010548752957024643,0.010548752957024643,0.010548752957024642,0.010548752957024638,0.010548752957024638,0.010548752957024645,0.010548752957024645,0.010548752957024645,0.010548752957024645,0.010548752957024649,0.010548752957024638,0.010548752957024642,0.010548752957024645,0.010548752957024642,0.010548752957024647,0.010548752957024649,0.010548752957024645,0.010548752957024647,0.010548752957024642,0.010548752957024645,0.010548752957024642,0.01054875295702464,0.010548752957024636,0.010548752957024642,0.010548752957024643,0.010548752957024643,0.010548752957024642,0.010548752957024645,0.010548752957024645,0.010548752957024645,0.010548752957024642,0.010548752957024643,0.010548752957024645,0.010548752957024647,0.010548752957024645,0.010548752957024647,0.010548752957024647,0.010548752957024647,0.010548752957024645,0.010548752957024652,0.010548752957024647,0.010548752957024645,0.010548752957024645,0.010548752957024645,0.010548752957024643,0.010548752957024645,0.010548752957024645,0.010548752957024645,0.010548752957024642,0.010548752957024642,0.01054875295702464,0.01054875295702464,0.010548752957024642,0.010548752957024642,0.01054875295702464,0.010548752957024638,0.010548752957024638,0.010548752957024645,0.010548752957024635,0.010548752957024624,0.010548752957024626,0.010548752957024628,0.01054875295702463,0.010548752957024631,0.010548752957024616,0.010548752957024614,0.010548752957024614,0.010548752957024609,0.01054875295702461,0.01054875295702461,0.010548752957024612,0.010548752957024612,0.010548752957024614,0.010548752957024614,0.010548752957024617,0.010548752957024617,0.010548752957024617,0.010548752957024619,0.010548752957024617,0.010548752957024619,0.010548752957024619,0.010548752957024617,0.010548752957024612,0.01054875295702462,0.010548752957024617,0.010548752957024616,0.010548752957024614,0.010548752957024617,0.010548752957024614,0.010548752957024616,0.010548752957024614,0.010548752957024616,0.010548752957024616,0.010548752957024616,0.010548752957024616,0.010548752957024617,0.010548752957024614,0.010548752957024614,0.010548752957024614,0.01054875295702461,0.01054875295702461,0.01054875295702461,0.010548752957024609,0.010548752957024617,0.01054875295702461,0.010548752957024617,0.010548752957024616,0.010548752957024624,0.010548752957024619,0.01054875295702461,0.01054875295702461,0.01054875295702461,0.010548752957024614,0.010548752957024607,0.010548752957024603,0.010548752957024605,0.010548752957024603,0.010548752957024603,0.010548752957024605,0.010548752957024605,0.010548752957024605,0.010548752957024603,0.010548752957024603,0.010548752957024603,0.0105487529570246,0.0105487529570246,0.010548752957024602,0.0105487529570246,0.010548752957024602,0.010548752957024602,0.010548752957024602,0.0105487529570246,0.010548752957024602,0.010548752957024602,0.010548752957024602,0.010548752957024602,0.010548752957024602,0.010548752957024605,0.010548752957024605,0.0105487529570246,0.010548752957024605,0.010548752957024609,0.010548752957024602,0.010548752957024603,0.010548752957024605,0.010548752957024605,0.010548752957024602,0.010548752957024603,0.010548752957024605,0.010548752957024605,0.010548752957024603,0.010548752957024602,0.010548752957024605,0.010548752957024607,0.010548752957024607,0.010548752957024605,0.010548752957024607,0.010548752957024605,0.010548752957024605,0.010548752957024605,0.010548752957024609,0.01054875295702461,0.010548752957024605,0.010548752957024607,0.010548752957024605,0.010548752957024609,0.010548752957024607,0.01054875295702461,0.010548752957024609,0.010548752957024607,0.010548752957024605,0.010548752957024609,0.010548752957024609,0.010548752957024609,0.010548752957024605,0.010548752957024605,0.010548752957024605,0.010548752957024603,0.010548752957024603,0.010548752957024603,0.010548752957024603,0.010548752957024605,0.010548752957024605,0.010548752957024602,0.010548752957024602,0.010548752957024609,0.010548752957024607,0.010548752957024607,0.010548752957024609,0.010548752957024607,0.010548752957024609,0.010548752957024609,0.010548752957024603,0.01054875295702461,0.010548752957024605,0.010548752957024607,0.010548752957024607,0.010548752957024603,0.010548752957024605,0.010548752957024603,0.010548752957024603,0.010548752957024602,0.010548752957024605,0.010548752957024607,0.010548752957024607,0.010548752957024609,0.010548752957024609,0.010548752957024609,0.010548752957024605,0.010548752957024603,0.010548752957024603,0.010548752957024605,0.010548752957024605,0.010548752957024602,0.010548752957024603,0.010548752957024603,0.010548752957024605,0.010548752957024605,0.010548752957024605,0.010548752957024603,0.010548752957024603,0.010548752957024609,0.010548752957024605,0.010548752957024609,0.010548752957024605,0.010548752957024607,0.010548752957024607,0.010548752957024609,0.01054875295702461,0.010548752957024609,0.010548752957024609,0.01054875295702461,0.01054875295702461,0.010548752957024609,0.010548752957024603,0.010548752957024605,0.010548752957024603,0.010548752957024603,0.010548752957024602,0.010548752957024607,0.010548752957024605,0.010548752957024607,0.010548752957024607,0.010548752957024607,0.010548752957024605,0.010548752957024609,0.01054875295702461,0.010548752957024609,0.010548752957024605,0.010548752957024605,0.010548752957024605,0.010548752957024607,0.010548752957024603,0.010548752957024609,0.010548752957024609,0.010548752957024609,0.010548752957024607,0.010548752957024609,0.010548752957024609,0.010548752957024609,0.010548752957024605,0.010548752957024603,0.010548752957024605,0.010548752957024603,0.010548752957024605,0.010548752957024603,0.010548752957024605,0.010548752957024605,0.0105487529570246,0.010548752957024603,0.010548752957024605,0.010548752957024602,0.010548752957024605,0.010548752957024605,0.010548752957024605,0.010548752957024609,0.010548752957024607,0.010548752957024609,0.010548752957024607,0.010548752957024806,0.010548752957024834,0.010548752957024798,0.010548752957024793,0.010548752957024793,0.010548752957024793,0.010548752957024794,0.010548752957024798,0.010548752957024796,0.010548752957024793,0.010548752957024789,0.010548752957024793,0.010548752957024787,0.010548752957024789,0.010548752957024787,0.010548752957024786,0.010548752957024784,0.010548752957024784,0.010548752957024784,0.010548752957024782,0.010548752957024782,0.010548752957024786,0.010548752957024786,0.010548752957024786,0.010548752957024786,0.010548752957024784,0.010548752957024786,0.010548752957024786,0.010548752957024786,0.010548752957024786,0.010548752957024787,0.010548752957024786,0.010548752957024786,0.010548752957024779,0.010548752957024782,0.01054875295702478,0.01054875295702478,0.010548752957024784,0.010548752957024784,0.010548752957024777,0.010548752957024784,0.01054875295702478,0.010548752957024782,0.01054875295702478,0.010548752957024777,0.01054875295702478,0.010548752957024779,0.010548752957024786,0.010548752957024786,0.010548752957024786,0.010548752957024786,0.010548752957024786,0.010548752957024786,0.010548752957024786,0.010548752957024786,0.010548752957024786,0.010548752957024789,0.010548752957024796,0.010548752957024794,0.010548752957024794,0.010548752957024794,0.010548752957024794,0.010548752957024794,0.010548752957024798,0.010548752957024798,0.010548752957024798,0.0105487529570248,0.010548752957024796,0.010548752957024794,0.010548752957024798,0.010548752957024794,0.010548752957024793,0.01054875295702479,0.010548752957024796,0.010548752957024796,0.010548752957024794,0.010548752957024796,0.010548752957024793,0.010548752957024793,0.010548752957024793,0.010548752957024794,0.010548752957024794,0.010548752957024793,0.010548752957024794,0.010548752957024786,0.010548752957024786,0.010548752957024786,0.010548752957024777,0.010548752957024784,0.01054875295702478,0.010548752957024782,0.010548752957024786,0.010548752957024784,0.010548752957024782,0.010548752957024782,0.010548752957024784,0.010548752957024786,0.010548752957024786,0.010548752957024786,0.010548752957024787,0.010548752957024786,0.010548752957024786,0.010548752957024786,0.010548752957024789,0.01054875295702478,0.010548752957024784,0.010548752957024784,0.010548752957024782,0.010548752957024782,0.010548752957024786,0.010548752957024786,0.010548752957024787,0.010548752957024787,0.010548752957024787,0.010548752957024789,0.010548752957024789,0.010548752957024789,0.01054875295702479,0.010548752957024789,0.010548752957024786,0.010548752957024786,0.010548752957024789,0.010548752957024784,0.010548752957024786,0.010548752957024789,0.010548752957024784,0.010548752957024782,0.010548752957024786,0.010548752957024786,0.010548752957024786,0.010548752957024787,0.010548752957024786,0.010548752957024787,0.010548752957024789,0.010548752957024789,0.010548752957024789,0.010548752957024787,0.010548752957024793,0.010548752957024796,0.01054875295702479,0.010548752957024793,0.0105487529570248,0.0105487529570248,0.010548752957024794,0.010548752957024794,0.01054875295702479,0.010548752957024794,0.010548752957024794,0.010548752957024794,0.010548752957024794,0.010548752957024793,0.010548752957024796,0.010548752957024794,0.010548752957024787,0.010548752957024796,0.010548752957024794,0.010548752957024798,0.010548752957024796,0.010548752957024789,0.010548752957024793,0.010548752957024794,0.010548752957024793,0.010548752957024793,0.010548752957024793,0.010548752957024794,0.010548752957024794,0.010548752957024798,0.010548752957024794,0.010548752957024796,0.010548752957024794,0.010548752957024794,0.010548752957024796,0.010548752957024796,0.010548752957024796,0.010548752957024794,0.010548752957024794,0.01054875295702479,0.010548752957024794,0.010548752957024793,0.010548752957024794,0.010548752957024793,0.010548752957024793,0.010548752957024794,0.010548752957024796,0.010548752957024794,0.010548752957024794,0.010548752957024794,0.010548752957024798,0.010548752957024798,0.010548752957024794,0.010548752957024796,0.010548752957024794,0.010548752957024798,0.01054875295702479,0.010548752957024793,0.010548752957024794,0.010548752957024794,0.010548752957024789,0.010548752957024789,0.010548752957024789,0.010548752957024789,0.010548752957024782,0.010548752957024789,0.010548752957024789,0.010548752957024789,0.010548752957024789,0.01054875295702479,0.010548752957024786,0.010548752957024786,0.010548752957024784,0.01054875295702479,0.010548752957024789,0.010548752957024789,0.010548752957024789,0.01054875295702479,0.010548752957024789,0.010548752957024793,0.010548752957024794,0.010548752957024789,0.010548752957024789,0.010548752957024793,0.010548752957024789,0.010548752957024794,0.010548752957024793,0.010548752957024787,0.010548752957024789,0.010548752957024786,0.010548752957024786,0.010548752957024786,0.010548752957024786,0.010548752957024789,0.010548752957024787,0.010548752957024787,0.010548752957024787,0.010548752957024784,0.010548752957024784,0.010548752957024787,0.010548752957024784,0.01054875295702478,0.010548752957024787,0.010548752957024786,0.010548752957024786,0.010548752957024786,0.010548752957024786,0.010548752957024789,0.010548752957024789,0.010548752957024789,0.010548752957024789,0.010548752957024782,0.010548752957024786,0.010548752957024782,0.01054875295702478,0.010548752957024782,0.010548752957024779,0.010548752957024782,0.010548752957024782,0.010548752957024782,0.010548752957024782,0.01054875295702478,0.01054875295702478,0.010548752957024782,0.010548752957024786,0.010548752957024786,0.010548752957024786,0.010548752957024786,0.010548752957024786,0.010548752957024786,0.010548752957024787,0.010548752957024787,0.010548752957024789,0.010548752957024784,0.010548752957024786,0.010548752957024784,0.010548752957024784,0.010548752957024786,0.010548752957024782,0.010548752957024787,0.010548752957024786,0.010548752957024787,0.010548752957024789,0.010548752957024789,0.010548752957024793,0.010548752957024789,0.010548752957024789,0.010548752957024789,0.010548752957024796,0.01054875295702479,0.010548752957024793,0.010548752957024789,0.010548752957024793,0.010548752957024794,0.010548752957024793,0.010548752957024793,0.010548752957024794,0.01054875295702479,0.010548752957024794,0.010548752957024789,0.01054875295702479,0.010548752957024789,0.010548752957024793,0.010548752957024793,0.01054875295702479,0.010548752957024793,0.010548752957024793,0.01054875295702479,0.010548752957024798,0.010548752957024803,0.010548752957024801,0.010548752957024801,0.010548752957024801,0.0105487529570248,0.010548752957024803,0.010548752957024805,0.010548752957024801,0.010548752957024803,0.0105487529570248,0.0105487529570248,0.0105487529570248,0.0105487529570248,0.010548752957024801,0.010548752957024798,0.010548752957024801,0.010548752957024803,0.010548752957024801,0.010548752957024803,0.010548752957024803,0.010548752957024803,0.010548752957024801,0.010548752957024803,0.010548752957024801,0.010548752957024801,0.010548752957024801,0.010548752957024794,0.010548752957024798,0.010548752957024793,0.0105487529570248,0.010548752957024794,0.010548752957024796,0.010548752957024798,0.010548752957024798,0.010548752957024801,0.010548752957024801,0.010548752957024798,0.0105487529570248,0.010548752957024798,0.010548752957024798,0.010548752957024794,0.010548752957024801,0.010548752957024801,0.0105487529570248,0.010548752957024798,0.0105487529570248,0.010548752957024798,0.010548752957024798,0.010548752957024805,0.010548752957024803,0.010548752957024806,0.010548752957024805,0.010548752957024806,0.010548752957024806,0.010548752957024805,0.010548752957024803,0.010548752957024801,0.010548752957024801,0.010548752957024803,0.010548752957024803,0.010548752957024803,0.010548752957024798,0.010548752957024798,0.010548752957024794,0.010548752957024798,0.010548752957024798,0.010548752957024798,0.0105487529570248,0.01054875295702479,0.010548752957024796,0.010548752957024801,0.010548752957024798,0.010548752957024793,0.010548752957024794,0.010548752957024796,0.010548752957024793,0.010548752957024794,0.010548752957024794,0.010548752957024794,0.0105487529570248,0.010548752957024798,0.010548752957024806,0.010548752957024803,0.010548752957024806,0.010548752957024805,0.010548752957024805,0.010548752957024806,0.010548752957024805,0.010548752957024824,0.01054875295702483,0.010548752957024824,0.01054875295702483,0.010548752957024825,0.010548752957024825,0.010548752957024827,0.010548752957024827,0.010548752957024829,0.010548752957024829,0.01054875295702483,0.010548752957024829,0.010548752957024827,0.01054875295702483,0.010548752957024824,0.010548752957024822,0.010548752957024822,0.010548752957024817,0.010548752957024815,0.010548752957024812,0.010548752957024813,0.01054875295702481,0.010548752957024815,0.010548752957024813,0.01054875295702481,0.010548752957024815,0.010548752957024815,0.01054875295702482,0.010548752957024815,0.010548752957024815,0.010548752957024813,0.010548752957024815,0.010548752957024815,0.010548752957024815,0.010548752957024824,0.010548752957024815,0.010548752957024819,0.010548752957024817,0.010548752957024815,0.010548752957024815,0.010548752957024815,0.010548752957024819,0.010548752957024819,0.010548752957024819,0.010548752957024819,0.010548752957024815,0.010548752957024813,0.010548752957024819,0.010548752957024819,0.010548752957024819,0.010548752957024819,0.010548752957024819,0.010548752957024815,0.010548752957024815,0.010548752957024815,0.010548752957024815,0.010548752957024819,0.010548752957024815,0.010548752957024815,0.010548752957024813,0.010548752957024815,0.01054875295702481,0.01054875295702481,0.010548752957024813,0.010548752957024813,0.010548752957024819,0.010548752957024813,0.010548752957024813,0.010548752957024815,0.010548752957024812,0.010548752957024813,0.010548752957024813,0.010548752957024812,0.010548752957024812,0.010548752957024806,0.010548752957024813,0.010548752957024806,0.010548752957024815,0.010548752957024815,0.010548752957024813,0.010548752957024813,0.010548752957024812,0.01054875295702481,0.01054875295702481,0.01054875295702481,0.010548752957024808,0.010548752957024808,0.01054875295702481,0.010548752957024806,0.010548752957024813,0.010548752957024806,0.010548752957024806,0.010548752957024815,0.01054875295702481,0.010548752957024808,0.010548752957024808,0.01054875295702481,0.01054875295702481,0.01054875295702481,0.010548752957024806,0.01054875295702481,0.01054875295702481,0.010548752957024813,0.01054875295702481,0.010548752957024812,0.01054875295702481,0.010548752957024808,0.010548752957024806,0.01054875295702481,0.01054875295702481,0.01054875295702481,0.010548752957024808,0.010548752957024808,0.010548752957024812,0.010548752957024812,0.010548752957024803,0.010548752957024805,0.010548752957024806,0.01054875295702481,0.01054875295702481,0.010548752957024805,0.010548752957024801,0.010548752957024803,0.010548752957024803,0.010548752957024801,0.0105487529570248,0.010548752957024806,0.010548752957024806,0.010548752957024806,0.010548752957024801,0.010548752957024801,0.010548752957024803,0.010548752957024803,0.010548752957024801,0.010548752957024803,0.010548752957024803,0.010548752957024803,0.010548752957024801,0.010548752957024803,0.010548752957024803,0.010548752957024803,0.010548752957024803,0.010548752957024796,0.010548752957024796,0.010548752957024798,0.010548752957024796,0.010548752957024794,0.010548752957024789,0.010548752957024796,0.010548752957024789,0.010548752957024793,0.010548752957024793,0.01054875295702479,0.010548752957024798,0.010548752957024793,0.010548752957024796,0.010548752957024796,0.010548752957024796,0.010548752957024803,0.010548752957024805,0.010548752957024803,0.010548752957024806,0.010548752957024805,0.010548752957024806,0.010548752957024805,0.010548752957024803,0.010548752957024801,0.0105487529570248,0.010548752957024798,0.0105487529570248,0.0105487529570248,0.010548752957024798,0.010548752957024798,0.010548752957024798,0.0105487529570248,0.0105487529570248,0.0105487529570248,0.0105487529570248,0.010548752957024798,0.0105487529570248,0.0105487529570248,0.010548752957024796,0.010548752957024794,0.010548752957024801,0.010548752957024798,0.010548752957024794,0.010548752957024793,0.01054875295702479,0.010548752957024789,0.010548752957024789,0.01054875295702479,0.010548752957024789,0.01054875295702479,0.010548752957024789,0.010548752957024789,0.010548752957024789,0.01054875295702479,0.010548752957024789,0.01054875295702479,0.010548752957024793,0.010548752957024794,0.010548752957024789,0.010548752957024798,0.0105487529570248,0.010548752957024801,0.010548752957024801,0.010548752957024798,0.010548752957024801,0.0105487529570248,0.010548752957024801,0.010548752957024805,0.010548752957024805,0.010548752957024806,0.010548752957024806,0.010548752957024805,0.010548752957024805,0.010548752957024806,0.010548752957024806,0.010548752957024803,0.010548752957024796,0.010548752957024794,0.010548752957024798,0.010548752957024798,0.010548752957024796,0.010548752957024798,0.010548752957024793,0.010548752957024801,0.0105487529570248,0.010548752957024798,0.0105487529570248,0.010548752957024796,0.010548752957024798,0.010548752957024798,0.010548752957024803,0.010548752957024801,0.010548752957024803,0.01054875295702481,0.010548752957024806,0.010548752957024805,0.010548752957024806,0.010548752957024805,0.010548752957024806,0.010548752957024813,0.010548752957024806,0.010548752957024808,0.01054875295702481,0.010548752957024806,0.010548752957024813,0.010548752957024805,0.01054875295702481,0.01054875295702481,0.010548752957024806,0.010548752957024805,0.010548752957024805,0.010548752957024805,0.010548752957024806,0.010548752957024806,0.01054875295702481,0.010548752957024805,0.010548752957024806,0.010548752957024805,0.010548752957024806,0.010548752957024808,0.010548752957024806,0.010548752957024806,0.010548752957024806,0.010548752957024801,0.010548752957024803,0.010548752957024803,0.010548752957024806,0.010548752957024806,0.01054875295702481,0.010548752957024808,0.010548752957024808,0.010548752957024813,0.010548752957024808,0.01054875295702481,0.010548752957024815,0.010548752957024815,0.010548752957024815,0.010548752957024815,0.010548752957024813,0.010548752957024806,0.010548752957024812,0.010548752957024806,0.01054875295702481,0.010548752957024815,0.010548752957024815,0.010548752957024815,0.010548752957024808,0.01054875295702481,0.01054875295702481,0.010548752957024808,0.01054875295702481,0.01054875295702481,0.010548752957024813,0.010548752957024808,0.010548752957024813,0.01054875295702481,0.010548752957024813,0.010548752957024805,0.010548752957024808,0.010548752957024806,0.010548752957024806,0.010548752957024803,0.010548752957024803,0.010548752957024801,0.010548752957024801,0.010548752957024805,0.010548752957024805,0.010548752957024805,0.010548752957024803,0.010548752957024801,0.010548752957024808,0.010548752957024805,0.010548752957024805,0.010548752957024806,0.010548752957024806,0.010548752957024806,0.01054875295702481,0.010548752957024801,0.01054875295702481,0.010548752957024808,0.010548752957024803,0.010548752957024808,0.010548752957024803,0.010548752957024803,0.010548752957024803,0.010548752957024801,0.010548752957024801,0.010548752957024803,0.010548752957024803,0.010548752957024803,0.010548752957024801,0.010548752957024794,0.010548752957024798,0.010548752957024798,0.010548752957024798,0.010548752957024793,0.010548752957024798,0.010548752957024798,0.010548752957024796,0.010548752957024798,0.010548752957024796,0.010548752957024794,0.010548752957024796,0.010548752957024794,0.010548752957024798,0.010548752957024794,0.010548752957024794,0.010548752957024794,0.010548752957024794,0.010548752957024796,0.010548752957024796,0.010548752957024796,0.010548752957024798,0.010548752957024796,0.010548752957024801,0.010548752957024794,0.010548752957024793,0.010548752957024793,0.010548752957024794,0.010548752957024793,0.010548752957024793,0.010548752957024794,0.01054875295702479,0.010548752957024793,0.010548752957024787,0.010548752957024794,0.010548752957024787,0.010548752957024796,0.010548752957024789,0.010548752957024793,0.010548752957024794,0.010548752957024794,0.010548752957024793,0.01054875295702479,0.01054875295702479,0.010548752957024793,0.010548752957024793,0.0105487529570248,0.010548752957024794,0.010548752957024796,0.010548752957024794,0.010548752957024798,0.010548752957024793,0.010548752957024794,0.010548752957024794,0.010548752957024787,0.010548752957024798,0.010548752957024793,0.010548752957024796,0.010548752957024796,0.010548752957024796,0.010548752957024796,0.010548752957024801,0.0105487529570248,0.010548752957024798,0.010548752957024798,0.010548752957024796,0.010548752957024798,0.010548752957024794,0.010548752957024794,0.010548752957024796,0.010548752957024798,0.010548752957024801,0.010548752957024801,0.01054875295702481,0.010548752957024819,0.010548752957024817,0.010548752957024819,0.010548752957024815,0.010548752957024815,0.010548752957024813,0.010548752957024817,0.010548752957024819,0.010548752957024815,0.010548752957024822,0.01054875295702482,0.01054875295702482,0.010548752957024822,0.010548752957024822,0.010548752957024824,0.010548752957024824,0.010548752957024822,0.010548752957024824,0.010548752957024824,0.010548752957024822,0.010548752957024819,0.010548752957024824,0.010548752957024825,0.010548752957024827,0.010548752957024825,0.010548752957024825,0.010548752957024825,0.010548752957024829,0.010548752957024822,0.010548752957024829,0.010548752957024827,0.010548752957024827,0.010548752957024829,0.010548752957024827,0.010548752957024827,0.010548752957024829,0.01054875295702483,0.010548752957024825,0.010548752957024827,0.010548752957024825,0.01054875295702483,0.01054875295702483,0.010548752957024825,0.01054875295702483,0.010548752957024829,0.010548752957024825,0.010548752957024824,0.010548752957024827,0.010548752957024825,0.010548752957024825,0.010548752957024824,0.010548752957024827,0.010548752957024822,0.010548752957024824,0.010548752957024829,0.010548752957024829,0.010548752957024825,0.010548752957024829,0.010548752957024829,0.01054875295702483,0.01054875295702483,0.010548752957024829,0.010548752957024827,0.010548752957024829,0.01054875295702483,0.010548752957024829,0.010548752957024827,0.010548752957024829,0.010548752957024827,0.010548752957024827,0.01054875295702483,0.01054875295702483,0.010548752957024829,0.010548752957024829,0.010548752957024834,0.01054875295702483,0.010548752957024836,0.010548752957024838,0.010548752957024838,0.010548752957024838,0.010548752957024838,0.01054875295702484,0.010548752957024838,0.010548752957024843,0.010548752957024838,0.01054875295702484,0.010548752957024846,0.010548752957024843,0.010548752957024848,0.010548752957024848,0.010548752957024841,0.010548752957024841,0.010548752957024848,0.010548752957024846,0.010548752957024855,0.010548752957024852,0.01054875295702485,0.010548752957024857,0.010548752957024867,0.010548752957024864,0.010548752957024864,0.010548752957024865,0.010548752957024862,0.010548752957024862,0.010548752957024862,0.010548752957024865,0.01054875295702486,0.01054875295702486,0.01054875295702486,0.01054875295702486,0.010548752957024862,0.01054875295702486,0.01054875295702486,0.010548752957024855,0.01054875295702486,0.010548752957024864,0.010548752957024864,0.010548752957024864,0.010548752957024865,0.010548752957024864,0.01054875295702486,0.01054875295702486,0.010548752957024858,0.010548752957024858,0.01054875295702486,0.01054875295702486,0.01054875295702486,0.010548752957024858,0.010548752957024857,0.010548752957024857,0.01054875295702486,0.010548752957024855,0.010548752957024834,0.010548752957024841,0.010548752957024843,0.010548752957024845,0.01054875295702484,0.01054875295702484,0.01054875295702484,0.010548752957024829,0.010548752957024836,0.010548752957024836,0.01054875295702484,0.010548752957024838,0.010548752957024838,0.01054875295702484,0.010548752957024834,0.010548752957024843,0.010548752957024836,0.01054875295702484,0.01054875295702484,0.010548752957024838,0.01054875295702484,0.01054875295702481,0.010548752957024813,0.010548752957024815,0.010548752957024815,0.01054875295702481,0.010548752957024813,0.010548752957024815,0.010548752957024815,0.010548752957024815,0.010548752957024815,0.010548752957024813,0.010548752957024813,0.010548752957024813,0.010548752957024815,0.010548752957024813,0.010548752957024813,0.010548752957024812,0.010548752957024813,0.010548752957024813,0.01054875295702481,0.01054875295702481,0.010548752957024813,0.010548752957024813,0.010548752957024813,0.010548752957024813,0.010548752957024815,0.010548752957024815,0.010548752957024815,0.010548752957024813,0.010548752957024815,0.010548752957024819,0.010548752957024813,0.010548752957024813,0.01054875295702482,0.01054875295702482,0.010548752957024813,0.01054875295702482,0.010548752957024819,0.010548752957024817,0.010548752957024819,0.010548752957024815,0.010548752957024819,0.010548752957024827,0.010548752957024825,0.010548752957024825,0.010548752957024827,0.010548752957024824,0.010548752957024824,0.010548752957024825,0.010548752957024825,0.010548752957024827,0.010548752957024825,0.010548752957024832,0.010548752957024834,0.010548752957024834,0.010548752957024834,0.010548752957024834,0.010548752957024832,0.010548752957024832,0.010548752957024832,0.010548752957024834,0.010548752957024834,0.01054875295702483,0.010548752957024815,0.010548752957024803,0.010548752957024805,0.010548752957024806,0.010548752957024805,0.010548752957024805,0.010548752957024805,0.01054875295702481,0.010548752957024801,0.010548752957024803,0.010548752957024803,0.010548752957024803,0.010548752957024801,0.010548752957024805,0.010548752957024805,0.010548752957024806,0.010548752957024805,0.010548752957024805,0.010548752957024805,0.010548752957024805,0.010548752957024806,0.010548752957024805,0.010548752957024806,0.01054875295702481,0.010548752957024808,0.010548752957024805,0.010548752957024803,0.010548752957024806,0.01054875295702481,0.010548752957024806,0.010548752957024806,0.010548752957024803,0.010548752957024803,0.01054875295702481,0.01054875295702481,0.010548752957024806,0.010548752957024806,0.01054875295702481,0.010548752957024808,0.01054875295702481,0.010548752957024808,0.01054875295702481,0.01054875295702481,0.010548752957024805,0.010548752957024806,0.010548752957024806,0.010548752957024812,0.010548752957024806,0.010548752957024805,0.01054875295702481,0.010548752957024812,0.010548752957024805,0.010548752957024808,0.010548752957024808,0.010548752957024813,0.01054875295702481,0.010548752957024812,0.010548752957024808,0.01054875295702481,0.010548752957024808,0.01054875295702481,0.010548752957024815,0.010548752957024813,0.010548752957024813,0.010548752957024813,0.01054875295702482,0.010548752957024819,0.010548752957024815,0.010548752957024819,0.010548752957024819,0.010548752957024815,0.010548752957024815,0.010548752957024817,0.010548752957024815,0.010548752957024813,0.010548752957024819,0.010548752957024815,0.01054875295702482,0.010548752957024819,0.010548752957024817,0.010548752957024819,0.010548752957024817,0.010548752957024815,0.010548752957024815,0.010548752957024817,0.010548752957024815,0.010548752957024813,0.010548752957024812,0.010548752957024813,0.010548752957024813,0.010548752957024806,0.010548752957024812,0.010548752957024813,0.010548752957024813,0.010548752957024813,0.010548752957024813,0.010548752957024813,0.010548752957024812,0.010548752957024812,0.010548752957024812,0.010548752957024813,0.010548752957024813,0.01054875295702481,0.010548752957024812,0.010548752957024806,0.01054875295702481,0.010548752957024812,0.010548752957024812,0.01054875295702481,0.010548752957024808,0.010548752957024808,0.010548752957024815,0.010548752957024815,0.010548752957024812,0.010548752957024813,0.010548752957024817,0.010548752957024813,0.010548752957024815,0.010548752957024813,0.010548752957024815,0.010548752957024813,0.010548752957024813,0.010548752957024815,0.010548752957024815,0.010548752957024815,0.010548752957024813,0.010548752957024813,0.010548752957024815,0.010548752957024815,0.010548752957024815,0.010548752957024815,0.010548752957024813,0.010548752957024813,0.010548752957024815,0.010548752957024813,0.010548752957024815,0.010548752957024813,0.010548752957024813,0.010548752957024813,0.010548752957024815,0.010548752957024817,0.010548752957024813,0.010548752957024815,0.010548752957024808,0.010548752957024806,0.010548752957024812,0.010548752957024806,0.010548752957024813,0.01054875295702481,0.01054875295702481,0.010548752957024808,0.01054875295702481,0.01054875295702481,0.010548752957024812,0.010548752957024813,0.01054875295702481,0.01054875295702481,0.010548752957024815,0.010548752957024815,0.010548752957024815,0.010548752957024813,0.010548752957024813,0.010548752957024815,0.010548752957024813,0.010548752957024808,0.01054875295702481,0.01054875295702481,0.010548752957024812,0.010548752957024813,0.010548752957024813,0.010548752957024813,0.010548752957024813,0.010548752957024812,0.010548752957024812,0.010548752957024812,0.010548752957024813,0.01054875295702481,0.010548752957024806,0.010548752957024808,0.010548752957024808,0.010548752957024808,0.010548752957024803,0.01054875295702481,0.010548752957024806,0.010548752957024801,0.010548752957024876,0.01054875295702487,0.010548752957024869,0.010548752957024867,0.010548752957024865,0.010548752957024864,0.010548752957024865,0.010548752957024867,0.010548752957024867,0.010548752957024869,0.010548752957024862,0.010548752957024864,0.010548752957024862,0.01054875295702486,0.01054875295702486,0.010548752957024855,0.010548752957024867,0.01054875295702487,0.010548752957024867,0.010548752957024874,0.010548752957024874,0.010548752957024872,0.01054875295702487,0.01054875295702487,0.010548752957024874,0.010548752957024872,0.010548752957024872,0.010548752957024874,0.01054875295702487,0.01054875295702487,0.01054875295702487,0.010548752957024867,0.01054875295702487,0.010548752957024862,0.010548752957024864,0.010548752957024865,0.010548752957024867,0.010548752957024872,0.01054875295702487,0.01054875295702487,0.01054875295702487,0.010548752957024869,0.010548752957024869,0.010548752957024867,0.010548752957024876,0.010548752957024874,0.01054875295702487,0.01054875295702487,0.01054875295702487,0.01054875295702487,0.010548752957024869,0.010548752957024869,0.01054875295702487,0.010548752957024874,0.010548752957024869,0.010548752957024864,0.010548752957024867,0.010548752957024867,0.010548752957024869,0.010548752957024862,0.010548752957024858,0.010548752957024862,0.010548752957024862,0.010548752957024865,0.010548752957024862,0.010548752957024864,0.010548752957024862,0.010548752957024855,0.010548752957024862,0.010548752957024864,0.010548752957024862,0.010548752957024867,0.010548752957024869,0.010548752957024867,0.010548752957024865,0.01054875295702487,0.010548752957024867,0.010548752957024865,0.010548752957024867,0.010548752957024867,0.010548752957024869,0.010548752957024867,0.010548752957024867,0.010548752957024867,0.010548752957024869,0.010548752957024872,0.010548752957024865,0.01054875295702487,0.010548752957024867,0.010548752957024867,0.01054875295702487,0.010548752957024869,0.010548752957024867,0.010548752957024867,0.010548752957024869,0.010548752957024867,0.010548752957024869,0.01054875295702487,0.010548752957024869,0.01054875295702487,0.010548752957024869,0.010548752957024869,0.010548752957024864,0.010548752957024865,0.010548752957024864,0.010548752957024865,0.010548752957024867,0.010548752957024864,0.010548752957024864,0.010548752957024865,0.010548752957024865,0.010548752957024865,0.010548752957024865,0.010548752957024867,0.010548752957024867,0.010548752957024864,0.010548752957024867,0.010548752957024864,0.010548752957024867,0.010548752957024865,0.010548752957024867,0.010548752957024867,0.010548752957024867,0.010548752957024867,0.010548752957024864,0.010548752957024867,0.010548752957024865,0.010548752957024869,0.010548752957024867,0.010548752957024867,0.010548752957024865,0.01054875295702486,0.010548752957024862,0.010548752957024858,0.01054875295702486,0.010548752957024862,0.01054875295702486,0.010548752957024858,0.01054875295702486,0.010548752957024855,0.010548752957024853,0.010548752957024853,0.010548752957024857,0.010548752957024855,0.010548752957024855,0.01054875295702485,0.010548752957024848,0.010548752957024848,0.010548752957024855,0.010548752957024853,0.010548752957024855,0.010548752957024857,0.010548752957024855,0.010548752957024864,0.010548752957024855,0.010548752957024855,0.010548752957024857,0.010548752957024857,0.010548752957024855,0.010548752957024855,0.010548752957024857,0.010548752957024857,0.010548752957024855,0.010548752957024857,0.010548752957024857,0.01054875295702486,0.01054875295702486,0.010548752957024855,0.010548752957024857,0.010548752957024857,0.010548752957024857,0.010548752957024858,0.010548752957024858,0.010548752957024858,0.010548752957024855,0.01054875295702486,0.01054875295702486,0.01054875295702486,0.010548752957024858,0.010548752957024855,0.010548752957024853,0.010548752957024855,0.010548752957024855,0.010548752957024858,0.010548752957024857,0.010548752957024855,0.010548752957024858,0.010548752957024857,0.010548752957024855,0.010548752957024855,0.010548752957024855,0.010548752957024855,0.010548752957024857,0.010548752957024855,0.010548752957024855,0.010548752957024855,0.010548752957024855,0.010548752957024855,0.010548752957024857,0.010548752957024855,0.01054875295702486,0.010548752957024858,0.010548752957024862,0.010548752957024869,0.010548752957024865,0.010548752957024864,0.010548752957024872,0.010548752957024872,0.010548752957024876,0.010548752957024876,0.010548752957024878,0.010548752957024874,0.010548752957024878,0.01054875295702487,0.01054875295702487,0.010548752957024869,0.01054875295702487,0.01054875295702487,0.010548752957024864,0.01054875295702487,0.01054875295702487,0.010548752957024872,0.010548752957024874,0.010548752957024872,0.010548752957024872,0.01054875295702487,0.010548752957024867,0.010548752957024874,0.010548752957024867,0.010548752957024869,0.010548752957024874,0.010548752957024869,0.01054875295702487,0.010548752957024869,0.01054875295702487,0.010548752957024869,0.01054875295702487,0.010548752957024867,0.010548752957024867,0.010548752957024864,0.010548752957024864,0.010548752957024864,0.010548752957024865,0.01054875295702487,0.01054875295702487,0.010548752957024862,0.010548752957024867,0.010548752957024869,0.010548752957024867,0.010548752957024867,0.010548752957024858,0.01054875295702486,0.010548752957024858,0.010548752957024864,0.010548752957024865,0.010548752957024867,0.010548752957024862,0.010548752957024862,0.010548752957024864,0.01054875295702487,0.010548752957024867,0.010548752957024869,0.010548752957024867,0.010548752957024869,0.010548752957024869,0.010548752957024867,0.010548752957024865,0.010548752957024867,0.010548752957024867,0.01054875295702487,0.010548752957024867,0.010548752957024869,0.010548752957024867,0.010548752957024865,0.010548752957024869,0.010548752957024869,0.010548752957024867,0.010548752957024865,0.01054875295702486,0.010548752957024867,0.010548752957024865,0.010548752957024867,0.010548752957024865,0.010548752957024867,0.010548752957024867,0.010548752957024867,0.010548752957024865,0.01054875295702486,0.010548752957024858,0.010548752957024857,0.01054875295702486,0.01054875295702486,0.01054875295702486,0.010548752957024858,0.010548752957024855,0.010548752957024855,0.010548752957024857,0.010548752957024857,0.010548752957024855,0.010548752957024858,0.01054875295702486,0.010548752957024858,0.010548752957024858,0.01054875295702486,0.01054875295702486,0.01054875295702486,0.01054875295702486,0.010548752957024858,0.01054875295702486,0.01054875295702486,0.010548752957024858,0.01054875295702486,0.01054875295702486,0.01054875295702486,0.010548752957024858,0.01054875295702486,0.010548752957024858,0.010548752957024858,0.010548752957024858,0.01054875295702486,0.010548752957024864,0.010548752957024862,0.010548752957024862,0.010548752957024862,0.010548752957024869,0.010548752957024865,0.010548752957024867,0.010548752957024862,0.010548752957024864,0.010548752957024862,0.010548752957024864,0.010548752957024864,0.01054875295702487,0.010548752957024864,0.010548752957024865,0.01054875295702486,0.010548752957024858,0.010548752957024857,0.01054875295702486,0.010548752957024858,0.010548752957024858,0.010548752957024858,0.010548752957024857,0.01054875295702486,0.01054875295702486,0.01054875295702486,0.01054875295702486,0.010548752957024855,0.010548752957024855,0.010548752957024855,0.010548752957024853,0.01054875295702486,0.010548752957024855,0.010548752957024858,0.010548752957024857,0.010548752957024858,0.010548752957024858,0.010548752957024855,0.010548752957024855,0.010548752957024857,0.010548752957024855,0.010548752957024857,0.010548752957024852,0.010548752957024852,0.010548752957024852,0.01054875295702485,0.01054875295702485,0.01054875295702485,0.01054875295702485,0.01054875295702485,0.010548752957024855,0.01054875295702485,0.01054875295702485,0.010548752957024855,0.010548752957024853,0.010548752957024845,0.010548752957024845,0.010548752957024846,0.010548752957024846,0.010548752957024846,0.01054875295702485,0.010548752957024841,0.010548752957024841,0.010548752957024841,0.010548752957024841,0.010548752957024841,0.01054875295702484,0.010548752957024848,0.010548752957024843,0.01054875295702484,0.010548752957024841,0.01054875295702484,0.010548752957024845,0.010548752957024845,0.010548752957024845,0.010548752957024843,0.010548752957024838,0.010548752957024843,0.010548752957024843,0.010548752957024843,0.010548752957024846,0.010548752957024845,0.010548752957024843,0.010548752957024845,0.010548752957024846,0.010548752957024848,0.010548752957024848,0.010548752957024846,0.010548752957024848,0.010548752957024846,0.010548752957024848,0.010548752957024843,0.010548752957024843,0.010548752957024843,0.010548752957024843,0.010548752957024843,0.010548752957024841,0.010548752957024843,0.01054875295702484,0.010548752957024834,0.010548752957024838,0.010548752957024834,0.010548752957024836,0.010548752957024838,0.010548752957024838,0.01054875295702484,0.010548752957024834,0.010548752957024836,0.010548752957024834,0.01054875295702484,0.010548752957024836,0.010548752957024834,0.010548752957024838,0.010548752957024834,0.010548752957024834,0.01054875295702484,0.01054875295702484,0.01054875295702484,0.010548752957024838,0.010548752957024843,0.010548752957024834,0.010548752957024834,0.010548752957024836,0.010548752957024836,0.010548752957024834,0.010548752957024834,0.010548752957024838,0.010548752957024841,0.010548752957024838,0.010548752957024838,0.010548752957024836,0.010548752957024832,0.010548752957024843,0.010548752957024843,0.010548752957024843,0.01054875295702484,0.010548752957024843,0.010548752957024845,0.010548752957024845,0.010548752957024838,0.01054875295702484,0.010548752957024838,0.010548752957024841,0.010548752957024843,0.01054875295702484,0.010548752957024841,0.010548752957024841,0.01054875295702484,0.010548752957024841,0.01054875295702484,0.010548752957024845,0.010548752957024843,0.010548752957024843,0.010548752957024846,0.010548752957024846,0.010548752957024846,0.010548752957024846,0.010548752957024843,0.010548752957024843,0.010548752957024841,0.010548752957024843,0.010548752957024843,0.010548752957024843,0.010548752957024836,0.010548752957024843,0.010548752957024841,0.01054875295702484,0.010548752957024843,0.010548752957024843,0.010548752957024843,0.01054875295702485,0.010548752957024843,0.010548752957024845,0.010548752957024845,0.010548752957024845,0.010548752957024846,0.010548752957024843,0.010548752957024843,0.01054875295702484,0.010548752957024843,0.010548752957024846,0.010548752957024846,0.010548752957024841,0.010548752957024841,0.010548752957024841,0.01054875295702484,0.010548752957024843,0.010548752957024846,0.010548752957024841,0.010548752957024843,0.010548752957024841,0.01054875295702484,0.010548752957024841,0.010548752957024834,0.01054875295702484,0.010548752957024836,0.010548752957024832,0.010548752957024838,0.010548752957024829,0.01054875295702483,0.01054875295702483,0.01054875295702483,0.01054875295702483,0.01054875295702483,0.010548752957024829,0.010548752957024825,0.010548752957024827,0.010548752957024832,0.01054875295702483,0.010548752957024827,0.01054875295702483,0.010548752957024827,0.010548752957024827,0.010548752957024827,0.010548752957024827,0.01054875295702483,0.01054875295702483,0.010548752957024827,0.01054875295702483,0.010548752957024827,0.010548752957024824,0.010548752957024829,0.010548752957024827,0.010548752957024829,0.010548752957024825,0.01054875295702483,0.010548752957024832,0.010548752957024832,0.010548752957024829,0.010548752957024834,0.01054875295702483,0.010548752957024834,0.010548752957024836,0.01054875295702483,0.010548752957024832,0.010548752957024832,0.010548752957024829,0.010548752957024829,0.010548752957024834,0.01054875295702483,0.010548752957024832,0.010548752957024832,0.010548752957024829,0.010548752957024832,0.010548752957024829,0.010548752957024832,0.010548752957024834,0.010548752957024829,0.010548752957024834,0.01054875295702483,0.01054875295702483,0.010548752957024829,0.010548752957024834,0.010548752957024829,0.010548752957024832,0.010548752957024834,0.010548752957024829,0.010548752957024832,0.010548752957024829,0.010548752957024832,0.010548752957024829,0.010548752957024832,0.010548752957024829,0.010548752957024834,0.010548752957024834,0.010548752957024829,0.010548752957024829,0.010548752957024825,0.010548752957024829,0.010548752957024829,0.010548752957024829,0.010548752957024827,0.010548752957024832,0.010548752957024829,0.010548752957024829,0.010548752957024832,0.010548752957024829,0.010548752957024824,0.010548752957024829,0.01054875295702483,0.010548752957024829,0.010548752957024824,0.010548752957024822,0.010548752957024824,0.010548752957024824,0.01054875295702482,0.010548752957024825,0.010548752957024829,0.010548752957024824,0.010548752957024829,0.01054875295702483,0.010548752957024834,0.010548752957024827,0.01054875295702483,0.010548752957024829,0.010548752957024825,0.010548752957024832,0.01054875295702483,0.010548752957024827,0.010548752957024832,0.010548752957024829,0.010548752957024834,0.01054875295702483,0.010548752957024832,0.010548752957024829,0.010548752957024834,0.010548752957024834,0.010548752957024838,0.010548752957024834,0.010548752957024834,0.01054875295702484,0.010548752957024834,0.010548752957024832,0.010548752957024827,0.01054875295702483,0.010548752957024834,0.01054875295702483,0.010548752957024829,0.010548752957024836,0.010548752957024834,0.010548752957024834,0.010548752957024834,0.010548752957024838,0.010548752957024832,0.01054875295702483,0.01054875295702483,0.010548752957024829,0.010548752957024827,0.01054875295702483,0.01054875295702483,0.010548752957024829,0.01054875295702483,0.010548752957024829,0.01054875295702483,0.01054875295702483,0.010548752957024829,0.01054875295702483,0.010548752957024834,0.010548752957024827,0.010548752957024834,0.010548752957024834,0.010548752957024834,0.010548752957024834,0.010548752957024834,0.010548752957024843,0.010548752957024843,0.01054875295702484,0.010548752957024846,0.010548752957024846,0.01054875295702484,0.010548752957024843,0.010548752957024841,0.01054875295702484,0.01054875295702484,0.010548752957024843,0.01054875295702484,0.010548752957024838,0.010548752957024841,0.01054875295702484,0.010548752957024846,0.01054875295702484,0.010548752957024846,0.010548752957024845,0.010548752957024845,0.010548752957024846,0.010548752957024845,0.010548752957024848,0.01054875295702485,0.01054875295702484,0.010548752957024843,0.010548752957024845,0.010548752957024845,0.01054875295702485,0.010548752957024846,0.010548752957024846,0.010548752957024843,0.010548752957024843,0.010548752957024841,0.010548752957024841,0.010548752957024838,0.010548752957024845,0.010548752957024843,0.010548752957024845,0.010548752957024845,0.010548752957024843,0.010548752957024843,0.01054875295702485,0.010548752957024848,0.010548752957024852,0.01054875295702485,0.010548752957024846,0.010548752957024846,0.01054875295702485,0.01054875295702485,0.01054875295702485,0.010548752957024853,0.010548752957024853,0.010548752957024855,0.010548752957024853,0.010548752957024853,0.010548752957024853,0.010548752957024853,0.010548752957024853,0.010548752957024855,0.010548752957024853,0.010548752957024853,0.010548752957024853,0.010548752957024853,0.010548752957024853,0.010548752957024853,0.010548752957024846,0.01054875295702485,0.010548752957024853,0.010548752957024846,0.010548752957024848,0.010548752957024846,0.010548752957024846,0.010548752957024848,0.010548752957024846,0.010548752957024845,0.010548752957024853,0.010548752957024853,0.010548752957024855,0.010548752957024853,0.010548752957024853,0.010548752957024853,0.010548752957024853,0.010548752957024853,0.010548752957024853,0.010548752957024853,0.010548752957024855,0.010548752957024853,0.010548752957024855,0.010548752957024855,0.010548752957024855,0.010548752957024855,0.01054875295702485,0.010548752957024852,0.010548752957024852,0.01054875295702485,0.01054875295702485,0.010548752957024852,0.010548752957024845,0.010548752957024846,0.010548752957024846,0.010548752957024843,0.010548752957024846,0.010548752957024846,0.010548752957024845,0.010548752957024845,0.010548752957024845,0.010548752957024846,0.010548752957024846,0.010548752957024846,0.010548752957024852,0.010548752957024845,0.01054875295702485,0.010548752957024848,0.010548752957024841,0.010548752957024841,0.010548752957024843,0.010548752957024838,0.010548752957024843,0.010548752957024845,0.010548752957024843,0.010548752957024845,0.010548752957024843,0.010548752957024845,0.010548752957024845,0.010548752957024846,0.010548752957024853,0.010548752957024855,0.010548752957024853,0.010548752957024853,0.010548752957024855,0.010548752957024855,0.010548752957024855,0.010548752957024855,0.010548752957024855,0.010548752957024852,0.010548752957024857,0.010548752957024822,0.010548752957024806,0.010548752957024825,0.010548752957024827,0.010548752957024825,0.01054875295702483,0.010548752957024825,0.010548752957024827,0.010548752957024825,0.010548752957024825,0.010548752957024825,0.010548752957024822,0.010548752957024824,0.01054875295702483,0.010548752957024829,0.010548752957024822,0.010548752957024829,0.010548752957024825,0.010548752957024827,0.010548752957024825,0.010548752957024825,0.010548752957024824,0.010548752957024829,0.01054875295702483,0.010548752957024825,0.010548752957024825,0.010548752957024824,0.010548752957024825,0.010548752957024825,0.010548752957024827,0.010548752957024827,0.010548752957024827,0.010548752957024827,0.01054875295702482,0.01054875295702484,0.010548752957024829,0.010548752957024834,0.010548752957024827,0.010548752957024827,0.010548752957024827,0.010548752957024827,0.01054875295702483,0.010548752957024827,0.010548752957024827,0.010548752957024825,0.010548752957024825,0.010548752957024827,0.010548752957024827,0.010548752957024827,0.010548752957024825,0.01054875295702482,0.010548752957024834,0.010548752957024834,0.010548752957024836,0.010548752957024834,0.010548752957024836,0.010548752957024834,0.010548752957024834,0.010548752957024834,0.010548752957024832,0.01054875295702483,0.010548752957024834,0.010548752957024834,0.010548752957024834,0.010548752957024836,0.01054875295702484,0.010548752957024832,0.010548752957024832,0.010548752957024834,0.010548752957024832,0.010548752957024834,0.010548752957024832,0.010548752957024832,0.010548752957024832,0.010548752957024829,0.01054875295702483,0.01054875295702483,0.010548752957024832,0.010548752957024834,0.010548752957024832,0.010548752957024832,0.010548752957024832,0.010548752957024834,0.010548752957024832,0.01054875295702483,0.010548752957024834,0.010548752957024834,0.010548752957024834,0.01054875295702484,0.010548752957024838,0.01054875295702484,0.010548752957024834,0.010548752957024836,0.010548752957024836,0.01054875295702483,0.010548752957024829,0.010548752957024829,0.010548752957024829,0.010548752957024834,0.010548752957024834,0.010548752957024834,0.010548752957024834,0.010548752957024834,0.010548752957024836,0.010548752957024841,0.010548752957024822,0.010548752957024815,0.01054875295702481,0.01054875295702481,0.01054875295702481,0.010548752957024808,0.01054875295702481,0.010548752957024808,0.010548752957024808,0.010548752957024806,0.01054875295702481,0.010548752957024801,0.010548752957024822,0.010548752957024825,0.01054875295702482,0.01054875295702482,0.010548752957024819,0.010548752957024819,0.010548752957024819,0.010548752957024819,0.01054875295702482,0.010548752957024822,0.01054875295702482,0.010548752957024819,0.010548752957024815,0.010548752957024815,0.010548752957024817,0.010548752957024813,0.010548752957024817,0.010548752957024815,0.010548752957024815,0.010548752957024813,0.010548752957024813,0.010548752957024815,0.010548752957024813,0.010548752957024813,0.010548752957024815,0.01054875295702482,0.010548752957024819,0.010548752957024822,0.010548752957024819,0.010548752957024819,0.010548752957024819,0.01054875295702482,0.010548752957024819,0.010548752957024817,0.010548752957024819,0.010548752957024817,0.010548752957024819,0.010548752957024817,0.010548752957024819,0.010548752957024819,0.010548752957024817,0.010548752957024801,0.010548752957024803,0.010548752957024801,0.010548752957024803,0.010548752957024801,0.010548752957024806,0.010548752957024806,0.010548752957024806,0.010548752957024806,0.010548752957024806,0.010548752957024805,0.010548752957024812,0.01054875295702481,0.010548752957024806,0.01054875295702481,0.01054875295702481,0.010548752957024808,0.010548752957024793,0.010548752957024808,0.010548752957024806,0.010548752957024794,0.010548752957024789,0.01054875295702479,0.01054875295702479,0.01054875295702479,0.01054875295702479,0.01054875295702479,0.010548752957024793,0.010548752957024798,0.010548752957024773,0.010548752957024772,0.010548752957024773,0.010548752957024775,0.010548752957024782,0.010548752957024777,0.01054875295702478,0.01054875295702478,0.010548752957024773,0.010548752957024772,0.010548752957024773,0.010548752957024772,0.010548752957024768,0.010548752957024772,0.01054875295702477,0.01054875295702477,0.010548752957024767,0.010548752957024765,0.010548752957024763,0.01054875295702476,0.010548752957024772,0.010548752957024768,0.010548752957024768,0.010548752957024768,0.010548752957024768,0.010548752957024768,0.01054875295702477,0.01054875295702477,0.01054875295702477,0.010548752957024772,0.01054875295702477,0.01054875295702477,0.010548752957024768,0.010548752957024777,0.010548752957024777,0.010548752957024789,0.010548752957024786,0.010548752957024786,0.010548752957024784,0.010548752957024786,0.010548752957024782,0.01054875295702478,0.010548752957024782,0.010548752957024786,0.010548752957024786,0.010548752957024786,0.010548752957024786,0.010548752957024786,0.010548752957024786,0.010548752957024787,0.010548752957024786,0.010548752957024787,0.010548752957024787,0.010548752957024786,0.010548752957024789,0.010548752957024793,0.010548752957024803,0.010548752957024801,0.0105487529570248,0.010548752957024801,0.010548752957024801,0.010548752957024805,0.010548752957024806,0.010548752957024808,0.010548752957024801,0.010548752957024794,0.010548752957024798,0.010548752957024798,0.010548752957024798,0.010548752957024798,0.010548752957024794,0.010548752957024796,0.01054875295702479,0.010548752957024794,0.010548752957024794,0.010548752957024794,0.010548752957024793,0.010548752957024794,0.010548752957024796,0.010548752957024794,0.010548752957024794,0.010548752957024794,0.010548752957024798,0.010548752957024798,0.010548752957024798,0.010548752957024798,0.010548752957024793,0.01054875295702479,0.010548752957024798,0.010548752957024798,0.010548752957024793,0.010548752957024794,0.01054875295702479,0.010548752957024794,0.010548752957024793,0.010548752957024789,0.010548752957024794,0.01054875295702479,0.010548752957024793,0.010548752957024794,0.010548752957024793,0.010548752957024794,0.010548752957024794,0.010548752957024793,0.010548752957024793,0.010548752957024794,0.010548752957024789,0.010548752957024789,0.010548752957024793,0.010548752957024794,0.010548752957024793,0.010548752957024793,0.01054875295702479,0.010548752957024793,0.010548752957024789,0.01054875295702479,0.010548752957024789,0.010548752957024789,0.010548752957024789,0.010548752957024787,0.010548752957024789,0.010548752957024789,0.010548752957024789,0.010548752957024786,0.010548752957024784,0.010548752957024784,0.010548752957024786,0.010548752957024784,0.010548752957024786,0.010548752957024782,0.010548752957024787,0.010548752957024782,0.010548752957024784,0.010548752957024784,0.010548752957024786,0.01054875295702479,0.010548752957024789,0.010548752957024787,0.010548752957024789,0.010548752957024789,0.010548752957024789,0.010548752957024789,0.010548752957024798,0.010548752957024798,0.01054875295702479,0.010548752957024798,0.010548752957024798,0.010548752957024782,0.010548752957024787,0.010548752957024786,0.010548752957024787,0.010548752957024789,0.01054875295702479,0.01054875295702479,0.010548752957024789,0.010548752957024787,0.010548752957024789,0.010548752957024786,0.010548752957024786,0.010548752957024786,0.010548752957024793,0.010548752957024789,0.010548752957024787,0.010548752957024793,0.010548752957024786,0.010548752957024782,0.010548752957024782,0.010548752957024782,0.010548752957024782,0.010548752957024779,0.010548752957024779,0.010548752957024779,0.010548752957024782,0.010548752957024782,0.01054875295702478,0.010548752957024779,0.010548752957024779,0.010548752957024786,0.01054875295702478,0.01054875295702478,0.010548752957024782,0.01054875295702478,0.010548752957024789,0.01054875295702478,0.010548752957024786,0.010548752957024786,0.010548752957024786,0.010548752957024786,0.010548752957024787,0.010548752957024773,0.010548752957024772,0.01054875295702477,0.010548752957024773,0.010548752957024772,0.010548752957024775,0.010548752957024772,0.010548752957024773,0.010548752957024772,0.010548752957024772,0.010548752957024772,0.010548752957024773,0.010548752957024775,0.010548752957024775,0.010548752957024773,0.010548752957024773,0.010548752957024773,0.010548752957024761,0.010548752957024753,0.010548752957024754,0.010548752957024742,0.010548752957024747,0.010548752957024747,0.010548752957024747,0.01054875295702474,0.010548752957024744,0.01054875295702474,0.010548752957024737,0.010548752957024737,0.01054875295702474,0.010548752957024742,0.010548752957024737,0.010548752957024737,0.010548752957024739,0.010548752957024739,0.01054875295702474,0.01054875295702474,0.010548752957024753,0.010548752957024761,0.01054875295702476,0.010548752957024761,0.010548752957024763,0.010548752957024756,0.010548752957024756,0.010548752957024756,0.010548752957024756,0.010548752957024756,0.010548752957024754,0.010548752957024763,0.01054875295702476,0.010548752957024763,0.010548752957024761,0.010548752957024761,0.010548752957024751,0.010548752957024753,0.010548752957024753,0.010548752957024754,0.010548752957024753,0.010548752957024747,0.010548752957024751,0.010548752957024753,0.010548752957024753,0.010548752957024751,0.010548752957024747,0.010548752957024747,0.010548752957024747,0.01054875295702475,0.010548752957024747,0.01054875295702475,0.010548752957024747,0.010548752957024747,0.010548752957024747,0.010548752957024747,0.010548752957024746,0.010548752957024746,0.01054875295702475,0.010548752957024744,0.010548752957024744,0.010548752957024744,0.01054875295702474,0.010548752957024742,0.01054875295702474,0.01054875295702474,0.01054875295702474,0.010548752957024737,0.01054875295702474,0.010548752957024737,0.010548752957024737,0.010548752957024737,0.010548752957024737,0.010548752957024737,0.010548752957024737,0.010548752957024739,0.010548752957024739,0.010548752957024737,0.010548752957024737,0.010548752957024737,0.010548752957024737,0.010548752957024737,0.010548752957024739,0.010548752957024737,0.01054875295702474,0.01054875295702474,0.010548752957024728,0.01054875295702473,0.01054875295702473,0.010548752957024732,0.010548752957024732,0.010548752957024734,0.010548752957024727,0.010548752957024728,0.010548752957024728,0.010548752957024728,0.01054875295702473,0.010548752957024728,0.01054875295702473,0.010548752957024727,0.010548752957024727,0.010548752957024727,0.010548752957024725,0.010548752957024725,0.010548752957024728,0.01054875295702473,0.01054875295702473,0.010548752957024728,0.01054875295702473,0.01054875295702473,0.010548752957024732,0.010548752957024732,0.010548752957024732,0.010548752957024728,0.01054875295702473,0.010548752957024728,0.010548752957024728,0.010548752957024725,0.010548752957024725,0.010548752957024723,0.010548752957024725,0.010548752957024725,0.010548752957024727,0.010548752957024728,0.010548752957024727,0.010548752957024727,0.010548752957024727,0.010548752957024718,0.010548752957024718,0.010548752957024718,0.010548752957024718,0.010548752957024716,0.010548752957024718,0.010548752957024718,0.010548752957024718,0.010548752957024718,0.010548752957024718,0.010548752957024716,0.010548752957024716,0.010548752957024716,0.010548752957024716,0.01054875295702472,0.01054875295702472,0.010548752957024714,0.010548752957024718,0.01054875295702472,0.010548752957024718,0.010548752957024721,0.01054875295702472,0.010548752957024723,0.010548752957024725,0.01054875295702472,0.010548752957024723,0.010548752957024723,0.01054875295702472,0.01054875295702472,0.01054875295702472,0.01054875295702472,0.010548752957024723,0.010548752957024723,0.01054875295702472,0.010548752957024721,0.010548752957024721,0.01054875295702472,0.010548752957024723,0.01054875295702473,0.010548752957024728,0.010548752957024728,0.010548752957024728,0.010548752957024732,0.010548752957024728,0.010548752957024735,0.010548752957024727,0.010548752957024728,0.010548752957024728,0.010548752957024725,0.010548752957024723,0.010548752957024725,0.010548752957024725,0.010548752957024723,0.010548752957024728,0.010548752957024727,0.010548752957024727,0.010548752957024728,0.01054875295702472,0.01054875295702473,0.010548752957024732,0.010548752957024728,0.010548752957024734,0.010548752957024728,0.01054875295702473,0.010548752957024732,0.010548752957024732,0.010548752957024728,0.010548752957024728,0.010548752957024728,0.01054875295702473,0.010548752957024732,0.01054875295702473,0.010548752957024734,0.010548752957024732,0.010548752957024732,0.01054875295702473,0.010548752957024737,0.010548752957024737,0.010548752957024734,0.010548752957024739,0.01054875295702474,0.010548752957024737,0.010548752957024737,0.01054875295702474,0.010548752957024742,0.010548752957024744,0.010548752957024744,0.01054875295702474,0.01054875295702474,0.010548752957024737,0.010548752957024744,0.010548752957024739,0.010548752957024747,0.01054875295702474,0.010548752957024747,0.010548752957024747,0.01054875295702475,0.010548752957024753,0.010548752957024751,0.01054875295702475,0.010548752957024747,0.010548752957024761,0.010548752957024747,0.010548752957024746,0.010548752957024751,0.01054875295702475,0.010548752957024751,0.010548752957024751,0.01054875295702475,0.01054875295702475,0.010548752957024753,0.010548752957024751,0.010548752957024751,0.010548752957024753,0.010548752957024753,0.010548752957024754,0.010548752957024751,0.010548752957024753,0.010548752957024751,0.010548752957024751,0.010548752957024753,0.010548752957024754,0.010548752957024753,0.010548752957024756,0.010548752957024756,0.010548752957024753,0.010548752957024753,0.010548752957024756,0.010548752957024756,0.010548752957024758,0.010548752957024756,0.010548752957024756,0.010548752957024754,0.010548752957024754,0.010548752957024761,0.010548752957024756,0.010548752957024758,0.010548752957024756,0.010548752957024756,0.010548752957024756,0.010548752957024753,0.010548752957024754,0.010548752957024756,0.010548752957024756,0.010548752957024754,0.01054875295702475,0.010548752957024747,0.010548752957024754,0.010548752957024751,0.01054875295702475,0.010548752957024751,0.010548752957024754,0.010548752957024747,0.010548752957024751,0.01054875295702475,0.010548752957024751,0.010548752957024751,0.010548752957024753,0.010548752957024758,0.010548752957024751,0.010548752957024753,0.010548752957024756,0.010548752957024756,0.010548752957024754,0.010548752957024756,0.010548752957024756,0.010548752957024756,0.010548752957024756,0.010548752957024751,0.010548752957024751,0.010548752957024756,0.01054875295702475,0.01054875295702475,0.010548752957024753,0.010548752957024754,0.010548752957024754,0.010548752957024758,0.010548752957024756,0.010548752957024756,0.010548752957024758,0.010548752957024756,0.010548752957024756,0.010548752957024756,0.010548752957024756,0.010548752957024756,0.010548752957024754,0.01054875295702476,0.010548752957024758,0.01054875295702476,0.010548752957024758,0.010548752957024761,0.01054875295702476,0.010548752957024761,0.010548752957024758,0.01054875295702476,0.010548752957024753,0.010548752957024761,0.010548752957024758,0.010548752957024758,0.010548752957024758,0.010548752957024765,0.010548752957024761,0.010548752957024768,0.010548752957024768,0.010548752957024768,0.010548752957024768,0.010548752957024768,0.010548752957024768,0.010548752957024767,0.010548752957024767,0.010548752957024768,0.01054875295702477,0.010548752957024765,0.010548752957024763,0.01054875295702477,0.010548752957024765,0.010548752957024768,0.010548752957024768,0.010548752957024765,0.010548752957024768,0.010548752957024767,0.01054875295702477,0.01054875295702477,0.01054875295702477,0.010548752957024765,0.010548752957024765,0.010548752957024765,0.010548752957024765,0.010548752957024765,0.010548752957024765,0.010548752957024765,0.010548752957024765,0.010548752957024761,0.010548752957024768,0.010548752957024768,0.010548752957024768,0.010548752957024768,0.01054875295702477,0.01054875295702477,0.010548752957024772,0.010548752957024768,0.01054875295702477,0.010548752957024765,0.010548752957024765,0.010548752957024768,0.010548752957024768,0.010548752957024768,0.010548752957024772,0.010548752957024768,0.010548752957024768,0.010548752957024772,0.01054875295702477,0.010548752957024768,0.010548752957024775,0.010548752957024773,0.010548752957024773,0.010548752957024773,0.010548752957024777,0.010548752957024777,0.010548752957024779,0.010548752957024777,0.010548752957024777,0.010548752957024777,0.010548752957024777,0.010548752957024777,0.01054875295702478,0.01054875295702478,0.010548752957024782,0.01054875295702478,0.01054875295702478,0.01054875295702478,0.01054875295702478,0.010548752957024786,0.010548752957024784,0.010548752957024786,0.010548752957024784,0.010548752957024784,0.010548752957024784,0.010548752957024784,0.010548752957024786,0.010548752957024784,0.010548752957024784,0.010548752957024782,0.010548752957024779,0.010548752957024787,0.010548752957024786,0.010548752957024779,0.010548752957024784,0.010548752957024784,0.010548752957024786,0.010548752957024782,0.010548752957024784,0.01054875295702478,0.010548752957024782,0.010548752957024782,0.010548752957024782,0.01054875295702478,0.01054875295702478,0.010548752957024784,0.010548752957024784,0.01054875295702478,0.01054875295702478,0.01054875295702478,0.010548752957024779,0.010548752957024784,0.010548752957024782,0.010548752957024772,0.010548752957024772,0.010548752957024772,0.010548752957024772,0.010548752957024767,0.010548752957024767,0.010548752957024767,0.010548752957024765,0.010548752957024765,0.010548752957024765,0.010548752957024765,0.010548752957024767,0.010548752957024767,0.010548752957024768,0.010548752957024768,0.01054875295702477,0.010548752957024768,0.010548752957024773,0.01054875295702477,0.010548752957024763,0.010548752957024765,0.010548752957024768,0.010548752957024765,0.010548752957024765,0.010548752957024767,0.010548752957024767,0.010548752957024765,0.010548752957024765,0.010548752957024765,0.010548752957024765,0.010548752957024765,0.010548752957024765,0.010548752957024767,0.010548752957024765,0.010548752957024767,0.010548752957024765,0.010548752957024767,0.01054875295702476,0.010548752957024767,0.010548752957024765,0.010548752957024763,0.010548752957024765,0.010548752957024761,0.010548752957024765,0.010548752957024765,0.010548752957024761,0.010548752957024763,0.010548752957024765,0.010548752957024761,0.010548752957024763,0.010548752957024763,0.010548752957024765,0.010548752957024765,0.010548752957024765,0.010548752957024765,0.010548752957024763,0.01054875295702477,0.01054875295702477,0.010548752957024768,0.010548752957024768,0.010548752957024773,0.01054875295702477,0.010548752957024768,0.010548752957024768,0.010548752957024773,0.010548752957024772,0.010548752957024772,0.010548752957024775,0.010548752957024773,0.010548752957024768,0.010548752957024768,0.01054875295702477,0.010548752957024768,0.01054875295702477,0.010548752957024772,0.01054875295702477,0.01054875295702477,0.010548752957024768,0.010548752957024768,0.010548752957024775,0.010548752957024773,0.010548752957024773,0.010548752957024773,0.010548752957024767,0.010548752957024765,0.010548752957024765,0.010548752957024767,0.010548752957024765,0.010548752957024767,0.010548752957024767,0.010548752957024763,0.010548752957024767,0.010548752957024767,0.010548752957024768,0.010548752957024768,0.01054875295702477,0.010548752957024765,0.010548752957024768,0.010548752957024768,0.010548752957024768,0.010548752957024768,0.010548752957024768,0.010548752957024765,0.010548752957024765,0.010548752957024765,0.010548752957024765,0.010548752957024765,0.010548752957024758,0.010548752957024765,0.010548752957024765,0.010548752957024761,0.010548752957024761,0.010548752957024763,0.010548752957024761,0.010548752957024767,0.010548752957024758,0.01054875295702476,0.010548752957024758,0.010548752957024763,0.010548752957024761,0.010548752957024761,0.010548752957024761,0.010548752957024763,0.010548752957024756,0.010548752957024753,0.010548752957024756,0.010548752957024758,0.010548752957024758,0.010548752957024765,0.010548752957024765,0.010548752957024761,0.010548752957024761,0.010548752957024767,0.010548752957024765,0.010548752957024767,0.010548752957024765,0.010548752957024767,0.010548752957024768,0.010548752957024767,0.010548752957024768,0.010548752957024768,0.01054875295702477,0.010548752957024761,0.010548752957024761,0.010548752957024761,0.010548752957024768,0.010548752957024763,0.010548752957024767,0.010548752957024768,0.010548752957024768,0.010548752957024768,0.01054875295702477,0.01054875295702477,0.01054875295702477,0.01054875295702477,0.010548752957024768,0.01054875295702477,0.010548752957024772,0.010548752957024773,0.010548752957024773,0.010548752957024773,0.010548752957024773,0.010548752957024773,0.010548752957024773,0.010548752957024773,0.010548752957024772,0.010548752957024777,0.010548752957024777,0.010548752957024779,0.010548752957024773,0.010548752957024773,0.010548752957024773,0.010548752957024775,0.010548752957024773,0.010548752957024773,0.01054875295702477,0.010548752957024773,0.010548752957024773,0.010548752957024775,0.010548752957024773,0.010548752957024773,0.010548752957024775,0.010548752957024773,0.010548752957024773,0.010548752957024782,0.010548752957024777,0.010548752957024777,0.010548752957024777,0.010548752957024777,0.010548752957024775,0.010548752957024779,0.010548752957024773,0.010548752957024782,0.01054875295702478,0.010548752957024777,0.010548752957024786,0.010548752957024787,0.010548752957024786,0.010548752957024786,0.010548752957024786,0.010548752957024786,0.010548752957024786,0.010548752957024793,0.010548752957024798,0.010548752957024793,0.010548752957024787,0.010548752957024793,0.010548752957024793,0.010548752957024793,0.010548752957024794,0.010548752957024794,0.010548752957024789,0.010548752957024789,0.010548752957024793,0.010548752957024786,0.010548752957024782,0.010548752957024786,0.010548752957024796,0.010548752957024787,0.010548752957024786,0.010548752957024793,0.010548752957024793,0.01054875295702479,0.010548752957024789,0.010548752957024786,0.010548752957024779,0.010548752957024782,0.010548752957024777,0.010548752957024777,0.010548752957024779,0.010548752957024779,0.010548752957024779,0.010548752957024786,0.010548752957024786,0.010548752957024786,0.010548752957024789,0.01054875295702478,0.010548752957024782,0.01054875295702478,0.010548752957024782,0.010548752957024782,0.010548752957024777,0.010548752957024779,0.010548752957024784,0.010548752957024779,0.010548752957024779,0.01054875295702478,0.010548752957024779,0.010548752957024777,0.010548752957024779,0.010548752957024775,0.010548752957024773,0.010548752957024777,0.010548752957024779,0.010548752957024786,0.010548752957024782,0.010548752957024786,0.010548752957024786,0.010548752957024784,0.010548752957024789,0.01054875295702478,0.010548752957024793,0.010548752957024793,0.010548752957024793,0.010548752957024798,0.010548752957024798,0.010548752957024798,0.010548752957024796,0.010548752957024794,0.010548752957024794,0.010548752957024794,0.010548752957024793,0.010548752957024793,0.010548752957024794,0.010548752957024789,0.010548752957024787,0.010548752957024794,0.010548752957024786,0.010548752957024787,0.010548752957024786,0.010548752957024786,0.010548752957024786,0.010548752957024787,0.010548752957024786,0.01054875295702479,0.01054875295702479,0.010548752957024793,0.010548752957024801,0.010548752957024798,0.010548752957024806,0.010548752957024794,0.010548752957024798,0.010548752957024805,0.010548752957024808,0.010548752957024805,0.010548752957024806,0.010548752957024805,0.01054875295702481,0.010548752957024806,0.010548752957024808,0.010548752957024808,0.010548752957024812,0.010548752957024813,0.010548752957024812,0.010548752957024812,0.010548752957024806,0.010548752957024808,0.01054875295702481,0.010548752957024813,0.010548752957024813,0.010548752957024812,0.01054875295702482,0.010548752957024827,0.010548752957024822,0.010548752957024822,0.010548752957024825,0.010548752957024822,0.010548752957024822,0.010548752957024822,0.010548752957024822,0.01054875295702483,0.010548752957024829,0.010548752957024834,0.010548752957024832,0.010548752957024832,0.01054875295702484,0.010548752957024838,0.010548752957024838,0.010548752957024841,0.010548752957024841,0.01054875295702484,0.01054875295702484,0.010548752957024843,0.01054875295702483,0.010548752957024834,0.010548752957024834,0.010548752957024836,0.01054875295702484,0.01054875295702484,0.010548752957024836,0.010548752957024843,0.010548752957024852,0.01054875295702485,0.010548752957024848,0.010548752957024848,0.010548752957024846,0.01054875295702485,0.01054875295702485,0.01054875295702485,0.010548752957024852,0.010548752957024843,0.010548752957024848,0.010548752957024848,0.010548752957024845,0.010548752957024846,0.010548752957024843,0.010548752957024841,0.010548752957024843,0.010548752957024841,0.01054875295702484,0.01054875295702484,0.010548752957024843,0.010548752957024843,0.010548752957024841,0.010548752957024845,0.010548752957024843,0.010548752957024846,0.010548752957024843,0.010548752957024841,0.010548752957024841,0.010548752957024841,0.010548752957024845,0.010548752957024846,0.010548752957024843,0.010548752957024843,0.010548752957024841,0.010548752957024846,0.010548752957024843,0.010548752957024848,0.010548752957024846,0.010548752957024846,0.010548752957024841,0.010548752957024845,0.010548752957024846,0.010548752957024846,0.010548752957024846,0.010548752957024846,0.010548752957024848,0.01054875295702485,0.01054875295702485,0.010548752957024848,0.01054875295702485,0.010548752957024846,0.010548752957024846,0.010548752957024846,0.010548752957024843,0.010548752957024846,0.010548752957024846,0.010548752957024848,0.010548752957024848,0.010548752957024846,0.01054875295702485,0.010548752957024848,0.010548752957024846,0.010548752957024846,0.010548752957024848,0.010548752957024843,0.010548752957024846,0.010548752957024846,0.010548752957024846,0.010548752957024848,0.010548752957024846,0.010548752957024848,0.010548752957024846,0.010548752957024846,0.010548752957024845,0.010548752957024846,0.010548752957024846,0.010548752957024845,0.010548752957024848,0.01054875295702485,0.010548752957024846,0.010548752957024848,0.01054875295702485,0.010548752957024846,0.010548752957024857,0.010548752957024857,0.010548752957024852,0.01054875295702485,0.010548752957024852,0.010548752957024852,0.01054875295702485,0.010548752957024852,0.01054875295702485,0.01054875295702485,0.01054875295702485,0.01054875295702485,0.01054875295702485,0.01054875295702485,0.010548752957024852,0.010548752957024852,0.01054875295702485,0.010548752957024846,0.01054875295702485,0.01054875295702485,0.01054875295702485,0.01054875295702485,0.010548752957024846,0.010548752957024846,0.010548752957024846,0.010548752957024845,0.010548752957024846,0.010548752957024845,0.010548752957024846,0.010548752957024848,0.010548752957024846,0.010548752957024846,0.010548752957024846,0.010548752957024845,0.010548752957024843,0.010548752957024846,0.010548752957024841,0.010548752957024843,0.010548752957024843,0.010548752957024836,0.010548752957024845,0.010548752957024846,0.010548752957024843,0.010548752957024846,0.010548752957024843,0.010548752957024843,0.010548752957024843,0.010548752957024843,0.01054875295702484,0.010548752957024838,0.01054875295702484,0.010548752957024836,0.010548752957024845,0.010548752957024843,0.010548752957024846,0.010548752957024846,0.01054875295702485,0.010548752957024848,0.01054875295702485,0.01054875295702485,0.010548752957024846,0.01054875295702485,0.010548752957024848,0.010548752957024845,0.01054875295702485,0.010548752957024848,0.010548752957024846,0.01054875295702485,0.010548752957024846,0.010548752957024846,0.010548752957024848,0.010548752957024845,0.010548752957024846,0.010548752957024848,0.010548752957024848,0.010548752957024843,0.010548752957024848,0.010548752957024846,0.010548752957024846,0.010548752957024841,0.010548752957024841,0.010548752957024841,0.010548752957024841,0.010548752957024838,0.010548752957024838,0.01054875295702484,0.010548752957024843,0.010548752957024843,0.010548752957024845,0.010548752957024846,0.010548752957024846,0.010548752957024845,0.010548752957024846,0.010548752957024846,0.010548752957024843,0.010548752957024843,0.010548752957024845,0.010548752957024845,0.010548752957024848,0.010548752957024848,0.010548752957024845,0.010548752957024846,0.010548752957024843,0.010548752957024843,0.010548752957024841,0.010548752957024841,0.010548752957024843,0.010548752957024843,0.01054875295702485,0.01054875295702485,0.010548752957024848,0.01054875295702485,0.010548752957024843,0.010548752957024843,0.010548752957024846,0.01054875295702484,0.010548752957024843,0.010548752957024843,0.010548752957024843,0.010548752957024843,0.010548752957024843,0.010548752957024841,0.01054875295702484,0.010548752957024845,0.010548752957024846,0.010548752957024848,0.010548752957024845,0.010548752957024843,0.010548752957024845,0.010548752957024845,0.010548752957024846,0.010548752957024846,0.010548752957024843,0.010548752957024843,0.010548752957024841,0.010548752957024843,0.01054875295702484,0.010548752957024841,0.01054875295702484,0.010548752957024843,0.010548752957024845,0.010548752957024843,0.010548752957024846,0.010548752957024845,0.010548752957024846,0.010548752957024846,0.010548752957024845,0.010548752957024845,0.010548752957024843,0.010548752957024843,0.010548752957024843,0.010548752957024846,0.010548752957024846,0.010548752957024843,0.010548752957024845,0.010548752957024845,0.010548752957024846,0.010548752957024846,0.010548752957024846,0.01054875295702485,0.01054875295702485,0.010548752957024846,0.010548752957024848,0.010548752957024846,0.010548752957024843,0.010548752957024845,0.010548752957024846,0.010548752957024845,0.010548752957024845,0.010548752957024845,0.010548752957024845,0.010548752957024843,0.010548752957024846,0.010548752957024843,0.010548752957024843,0.010548752957024843,0.010548752957024838,0.010548752957024843,0.010548752957024843,0.010548752957024846,0.010548752957024843,0.010548752957024845,0.010548752957024845,0.010548752957024845,0.010548752957024845,0.010548752957024843,0.010548752957024845,0.010548752957024845,0.010548752957024843,0.010548752957024843,0.010548752957024846,0.010548752957024846,0.010548752957024846,0.010548752957024843,0.010548752957024843,0.010548752957024845,0.010548752957024845,0.010548752957024843,0.010548752957024845,0.010548752957024845,0.010548752957024843,0.010548752957024843,0.010548752957024845,0.010548752957024843,0.010548752957024845,0.010548752957024845,0.01054875295702485,0.010548752957024843,0.010548752957024841,0.010548752957024836,0.010548752957024838,0.01054875295702484,0.01054875295702484,0.010548752957024846,0.01054875295702484,0.010548752957024841,0.010548752957024841,0.010548752957024843,0.010548752957024843,0.010548752957024843,0.010548752957024843,0.010548752957024843,0.010548752957024843,0.010548752957024845,0.01054875295702484,0.010548752957024841,0.01054875295702484,0.010548752957024838,0.01054875295702484,0.010548752957024838,0.010548752957024838,0.010548752957024836,0.010548752957024846,0.01054875295702484,0.010548752957024843,0.010548752957024841,0.010548752957024843,0.010548752957024843,0.010548752957024843,0.010548752957024843,0.010548752957024836,0.010548752957024843,0.01054875295702484,0.010548752957024841,0.010548752957024832,0.010548752957024838,0.010548752957024838,0.01054875295702484,0.010548752957024838,0.01054875295702484,0.010548752957024834,0.010548752957024834,0.01054875295702483,0.010548752957024832,0.010548752957024836,0.010548752957024836,0.010548752957024836,0.010548752957024834,0.010548752957024834,0.010548752957024834,0.010548752957024836,0.010548752957024836,0.010548752957024836,0.010548752957024838,0.010548752957024836,0.010548752957024773,0.01054875295702481,0.010548752957024806,0.010548752957024812,0.010548752957024812,0.01054875295702481,0.010548752957024813,0.010548752957024813,0.010548752957024813,0.01054875295702481,0.010548752957024812,0.010548752957024812,0.010548752957024812,0.010548752957024815,0.010548752957024815,0.010548752957024813,0.010548752957024813,0.010548752957024812,0.01054875295702481,0.010548752957024815,0.01054875295702481,0.010548752957024812,0.010548752957024812,0.010548752957024808,0.010548752957024808,0.010548752957024806,0.010548752957024813,0.01054875295702481,0.01054875295702481,0.010548752957024808,0.01054875295702481,0.010548752957024808,0.01054875295702481,0.01054875295702481,0.010548752957024813,0.010548752957024806,0.01054875295702481,0.01054875295702481,0.010548752957024806,0.010548752957024813,0.01054875295702481,0.010548752957024805,0.010548752957024794,0.010548752957024801,0.0105487529570248,0.010548752957024801,0.010548752957024801,0.010548752957024803,0.010548752957024801,0.010548752957024801,0.010548752957024803,0.010548752957024801,0.010548752957024801,0.010548752957024803,0.010548752957024801,0.010548752957024806,0.010548752957024806,0.010548752957024805,0.010548752957024805,0.010548752957024805,0.010548752957024805,0.010548752957024806,0.010548752957024805,0.010548752957024805,0.01054875295702481,0.010548752957024805,0.010548752957024805,0.010548752957024806,0.010548752957024808,0.010548752957024808,0.010548752957024805,0.010548752957024808,0.010548752957024801,0.010548752957024801,0.010548752957024806,0.010548752957024801,0.010548752957024803,0.010548752957024801,0.010548752957024803,0.010548752957024801,0.010548752957024798,0.010548752957024798,0.010548752957024801,0.0105487529570248,0.010548752957024798,0.0105487529570248,0.010548752957024806,0.010548752957024806,0.010548752957024805,0.01054875295702481,0.010548752957024806,0.010548752957024801,0.010548752957024805,0.010548752957024806,0.010548752957024803,0.010548752957024803,0.010548752957024798,0.010548752957024801,0.0105487529570248,0.0105487529570248,0.010548752957024801,0.010548752957024801,0.010548752957024801,0.010548752957024801,0.0105487529570248,0.010548752957024805,0.010548752957024805,0.010548752957024806,0.010548752957024805,0.010548752957024806,0.01054875295702481,0.010548752957024805,0.010548752957024806,0.010548752957024808,0.010548752957024803,0.010548752957024801,0.010548752957024798,0.010548752957024798,0.010548752957024798,0.010548752957024794,0.010548752957024798,0.010548752957024798,0.0105487529570248,0.010548752957024798,0.0105487529570248,0.010548752957024798,0.0105487529570248,0.010548752957024798,0.0105487529570248,0.010548752957024794,0.010548752957024794,0.010548752957024798,0.010548752957024801,0.010548752957024798,0.0105487529570248,0.010548752957024801,0.010548752957024801,0.0105487529570248,0.0105487529570248,0.010548752957024798,0.010548752957024801,0.010548752957024801,0.010548752957024798,0.010548752957024801,0.010548752957024803,0.010548752957024803,0.010548752957024803,0.010548752957024803,0.010548752957024805,0.010548752957024813,0.010548752957024813,0.010548752957024813,0.010548752957024815,0.010548752957024813,0.010548752957024815,0.010548752957024813,0.010548752957024813,0.01054875295702481,0.010548752957024806,0.010548752957024805,0.010548752957024812,0.010548752957024806,0.010548752957024805,0.010548752957024806,0.010548752957024806,0.010548752957024803,0.0105487529570248,0.010548752957024796,0.010548752957024803,0.010548752957024803,0.010548752957024803,0.010548752957024803,0.010548752957024801,0.010548752957024801,0.010548752957024801,0.0105487529570248,0.010548752957024803,0.010548752957024801,0.010548752957024803,0.010548752957024803,0.010548752957024803,0.010548752957024803,0.010548752957024801,0.010548752957024801,0.010548752957024798,0.010548752957024803,0.010548752957024793,0.0105487529570248,0.010548752957024794,0.010548752957024798,0.010548752957024796,0.010548752957024803,0.010548752957024803,0.010548752957024803,0.010548752957024798,0.010548752957024798,0.010548752957024798,0.0105487529570248,0.010548752957024794,0.010548752957024798,0.010548752957024794,0.010548752957024794,0.010548752957024794,0.010548752957024796,0.010548752957024794,0.010548752957024798,0.010548752957024794,0.010548752957024793,0.010548752957024801,0.0105487529570248,0.0105487529570248,0.0105487529570248,0.010548752957024801,0.010548752957024801,0.010548752957024801,0.010548752957024803,0.010548752957024803,0.010548752957024803,0.010548752957024805,0.010548752957024805,0.010548752957024801,0.010548752957024801,0.010548752957024805,0.010548752957024805,0.010548752957024806,0.010548752957024805,0.010548752957024801,0.010548752957024808,0.01054875295702481,0.010548752957024808,0.010548752957024808,0.010548752957024808,0.010548752957024805,0.01054875295702479,0.010548752957024789,0.010548752957024789,0.010548752957024789,0.010548752957024789,0.010548752957024789,0.010548752957024789,0.010548752957024789,0.01054875295702479,0.010548752957024789,0.010548752957024789,0.010548752957024786,0.010548752957024793,0.010548752957024784,0.010548752957024787,0.010548752957024787,0.010548752957024808,0.010548752957024803,0.010548752957024803,0.010548752957024798,0.010548752957024798,0.010548752957024798,0.0105487529570248,0.010548752957024798,0.010548752957024798,0.010548752957024801,0.010548752957024798,0.010548752957024798,0.010548752957024801,0.010548752957024801,0.010548752957024806,0.010548752957024801,0.010548752957024808,0.01054875295702481,0.010548752957024813,0.01054875295702481,0.010548752957024817,0.010548752957024819,0.010548752957024817,0.010548752957024825,0.010548752957024825,0.010548752957024825,0.010548752957024827,0.010548752957024827,0.010548752957024825,0.010548752957024829,0.01054875295702483,0.010548752957024829,0.010548752957024825,0.010548752957024825,0.010548752957024825,0.010548752957024825,0.010548752957024827,0.010548752957024827,0.010548752957024827,0.010548752957024829,0.010548752957024829,0.010548752957024825,0.010548752957024825,0.010548752957024825,0.010548752957024825,0.010548752957024825,0.010548752957024827,0.010548752957024827,0.010548752957024829,0.010548752957024825,0.010548752957024832,0.010548752957024834,0.010548752957024834,0.010548752957024834,0.010548752957024832,0.010548752957024827,0.010548752957024827,0.010548752957024825,0.010548752957024827,0.010548752957024824,0.010548752957024822,0.010548752957024824,0.010548752957024822,0.010548752957024822,0.010548752957024824,0.010548752957024822,0.010548752957024824,0.010548752957024822,0.010548752957024819,0.010548752957024806,0.010548752957024815,0.010548752957024815,0.010548752957024813,0.010548752957024812,0.01054875295702481,0.01054875295702481,0.010548752957024805,0.01054875295702481,0.010548752957024806,0.010548752957024805,0.010548752957024805,0.01054875295702481,0.01054875295702481,0.010548752957024808,0.010548752957024806,0.01054875295702481,0.010548752957024808,0.010548752957024806,0.010548752957024806,0.010548752957024806,0.010548752957024808,0.010548752957024805,0.010548752957024813,0.010548752957024805,0.010548752957024808,0.010548752957024812,0.01054875295702481,0.010548752957024808,0.010548752957024808,0.01054875295702481,0.01054875295702481,0.010548752957024803,0.010548752957024803,0.010548752957024801,0.010548752957024803,0.010548752957024803,0.0105487529570248,0.010548752957024805,0.010548752957024806,0.010548752957024806,0.010548752957024805,0.010548752957024806,0.010548752957024806,0.010548752957024805,0.010548752957024803,0.010548752957024803,0.010548752957024801,0.010548752957024803,0.010548752957024801,0.0105487529570248,0.010548752957024805,0.010548752957024805,0.010548752957024806,0.010548752957024806,0.010548752957024805,0.010548752957024805,0.010548752957024806,0.010548752957024806,0.010548752957024806,0.010548752957024805,0.010548752957024805,0.010548752957024805,0.010548752957024805,0.010548752957024808,0.010548752957024806,0.01054875295702481,0.010548752957024798,0.0105487529570248,0.010548752957024798,0.010548752957024798,0.0105487529570248,0.010548752957024798,0.010548752957024798,0.010548752957024794,0.010548752957024794,0.010548752957024796,0.010548752957024796,0.010548752957024794,0.010548752957024796,0.010548752957024794,0.010548752957024798,0.010548752957024798,0.010548752957024794,0.010548752957024796,0.010548752957024796,0.010548752957024794,0.010548752957024798,0.010548752957024793,0.010548752957024794,0.010548752957024794,0.010548752957024794,0.010548752957024793,0.010548752957024794,0.010548752957024794,0.010548752957024794,0.010548752957024801,0.0105487529570248,0.010548752957024798,0.010548752957024803,0.010548752957024794,0.010548752957024796,0.010548752957024798,0.010548752957024796,0.010548752957024801,0.010548752957024798,0.010548752957024801,0.010548752957024803,0.010548752957024803,0.010548752957024798,0.010548752957024801,0.010548752957024801,0.010548752957024801,0.010548752957024803,0.010548752957024803,0.010548752957024803,0.010548752957024801,0.010548752957024803,0.010548752957024803,0.010548752957024801,0.010548752957024801,0.010548752957024798,0.0105487529570248,0.010548752957024798,0.010548752957024803,0.010548752957024796,0.0105487529570248,0.0105487529570248,0.0105487529570248,0.010548752957024796,0.010548752957024794,0.010548752957024798,0.0105487529570248,0.0105487529570248,0.010548752957024798,0.010548752957024798,0.0105487529570248,0.0105487529570248,0.0105487529570248,0.010548752957024801,0.010548752957024794,0.010548752957024801,0.010548752957024801,0.010548752957024798,0.0105487529570248,0.010548752957024798,0.0105487529570248,0.0105487529570248,0.0105487529570248,0.0105487529570248,0.010548752957024798,0.010548752957024798,0.010548752957024798,0.01054875295702479,0.010548752957024793,0.010548752957024794,0.010548752957024794,0.010548752957024794,0.010548752957024793,0.010548752957024793,0.010548752957024793,0.010548752957024794,0.010548752957024793,0.010548752957024794,0.010548752957024793,0.010548752957024796,0.010548752957024789,0.010548752957024793,0.01054875295702479,0.010548752957024793,0.010548752957024793,0.010548752957024789,0.010548752957024793,0.010548752957024793,0.010548752957024794,0.010548752957024789,0.01054875295702479,0.010548752957024793,0.010548752957024789,0.010548752957024789,0.010548752957024789,0.01054875295702479,0.010548752957024793,0.010548752957024789,0.010548752957024794,0.010548752957024793,0.010548752957024794,0.01054875295702479,0.010548752957024794,0.010548752957024796,0.010548752957024796,0.010548752957024794,0.010548752957024794,0.010548752957024794,0.010548752957024796,0.010548752957024794,0.010548752957024794,0.010548752957024794,0.010548752957024794,0.010548752957024794,0.0105487529570248,0.010548752957024796,0.010548752957024801,0.0105487529570248,0.010548752957024798,0.010548752957024801,0.0105487529570248,0.010548752957024805,0.010548752957024805,0.010548752957024805,0.010548752957024806,0.010548752957024806,0.010548752957024805,0.010548752957024806,0.010548752957024806,0.010548752957024805,0.010548752957024805,0.010548752957024805,0.01054875295702481,0.010548752957024808,0.010548752957024806,0.010548752957024812,0.010548752957024805,0.010548752957024806,0.01054875295702481,0.01054875295702481,0.01054875295702481,0.01054875295702481,0.01054875295702481,0.01054875295702481,0.010548752957024808,0.010548752957024806,0.010548752957024806,0.010548752957024806,0.010548752957024808,0.010548752957024805,0.010548752957024806,0.010548752957024808,0.010548752957024805,0.010548752957024806,0.010548752957024806,0.010548752957024806,0.010548752957024803,0.010548752957024803,0.010548752957024801,0.010548752957024803,0.010548752957024801,0.0105487529570248,0.010548752957024803,0.010548752957024801,0.010548752957024801,0.010548752957024803,0.010548752957024805,0.010548752957024805,0.010548752957024806,0.010548752957024803,0.010548752957024801,0.0105487529570248,0.010548752957024801,0.010548752957024803,0.010548752957024803,0.010548752957024803,0.010548752957024803,0.010548752957024803,0.010548752957024803,0.010548752957024803,0.010548752957024803,0.010548752957024798,0.0105487529570248,0.0105487529570248,0.010548752957024805,0.010548752957024801,0.010548752957024801,0.010548752957024803,0.010548752957024806,0.010548752957024805,0.010548752957024806,0.010548752957024805,0.010548752957024805,0.010548752957024806,0.010548752957024805,0.010548752957024806,0.010548752957024803,0.010548752957024806,0.010548752957024805,0.010548752957024805,0.010548752957024798,0.010548752957024805,0.010548752957024806,0.0105487529570248,0.010548752957024801,0.010548752957024801,0.010548752957024801,0.010548752957024801,0.010548752957024794,0.010548752957024801,0.0105487529570248,0.010548752957024801,0.0105487529570248,0.010548752957024801,0.010548752957024801,0.010548752957024808,0.010548752957024801,0.010548752957024803,0.010548752957024803,0.010548752957024803,0.010548752957024801,0.010548752957024801,0.010548752957024806,0.010548752957024798,0.010548752957024798,0.010548752957024798,0.010548752957024793,0.010548752957024793,0.010548752957024794,0.010548752957024793,0.010548752957024793,0.010548752957024793,0.010548752957024794,0.010548752957024794,0.01054875295702479,0.010548752957024794,0.010548752957024787,0.01054875295702479,0.010548752957024793,0.010548752957024794,0.010548752957024794,0.010548752957024787,0.010548752957024787,0.010548752957024789,0.010548752957024789,0.010548752957024789,0.010548752957024782,0.010548752957024786,0.010548752957024787,0.010548752957024782,0.01054875295702478,0.01054875295702478,0.010548752957024777,0.010548752957024777,0.010548752957024773,0.010548752957024779,0.010548752957024777,0.010548752957024777,0.010548752957024777,0.010548752957024779,0.010548752957024779,0.010548752957024773,0.010548752957024782,0.010548752957024777,0.010548752957024777,0.01054875295702483,0.010548752957024806,0.010548752957024798,0.010548752957024801,0.010548752957024801,0.010548752957024801,0.010548752957024803,0.010548752957024803,0.010548752957024801,0.010548752957024803,0.010548752957024803,0.010548752957024801,0.010548752957024801,0.0105487529570248,0.010548752957024798,0.0105487529570248,0.010548752957024798,0.010548752957024798,0.010548752957024803,0.0105487529570248,0.0105487529570248,0.010548752957024798,0.0105487529570248,0.010548752957024801,0.010548752957024798,0.010548752957024798,0.010548752957024798,0.010548752957024798,0.010548752957024801,0.010548752957024801,0.0105487529570248,0.0105487529570248,0.010548752957024801,0.010548752957024803,0.010548752957024801,0.010548752957024798,0.010548752957024793,0.010548752957024794,0.010548752957024794,0.010548752957024793,0.010548752957024798,0.010548752957024798,0.010548752957024798,0.010548752957024798,0.0105487529570248,0.010548752957024798,0.010548752957024796,0.010548752957024794,0.010548752957024787,0.010548752957024796,0.010548752957024794,0.010548752957024794,0.010548752957024796,0.010548752957024796,0.010548752957024794,0.010548752957024796,0.010548752957024794,0.010548752957024798,0.0105487529570248,0.010548752957024793,0.010548752957024794,0.010548752957024793,0.010548752957024789,0.010548752957024793,0.010548752957024794,0.010548752957024793,0.010548752957024794,0.010548752957024793,0.010548752957024793,0.01054875295702479,0.010548752957024793,0.010548752957024789,0.010548752957024793,0.010548752957024789,0.01054875295702479,0.010548752957024789,0.010548752957024793,0.010548752957024789,0.010548752957024794,0.010548752957024793,0.01054875295702479,0.010548752957024793,0.010548752957024794,0.010548752957024789,0.01054875295702479,0.010548752957024793,0.010548752957024786,0.010548752957024789,0.010548752957024789,0.010548752957024789,0.010548752957024789,0.010548752957024787,0.010548752957024787,0.01054875295702479,0.010548752957024789,0.010548752957024789,0.010548752957024789,0.010548752957024789,0.010548752957024793,0.01054875295702479,0.010548752957024793,0.010548752957024794,0.010548752957024789,0.010548752957024787,0.010548752957024789,0.010548752957024786,0.010548752957024787,0.010548752957024786,0.010548752957024786,0.010548752957024789,0.010548752957024786,0.010548752957024787,0.010548752957024787,0.010548752957024789,0.010548752957024789,0.01054875295702479,0.010548752957024789,0.010548752957024793,0.01054875295702479,0.01054875295702479,0.010548752957024789,0.010548752957024789,0.010548752957024786,0.010548752957024789,0.010548752957024784,0.010548752957024786,0.010548752957024784,0.010548752957024787,0.010548752957024789,0.010548752957024789,0.010548752957024793,0.010548752957024789,0.010548752957024786,0.010548752957024786,0.010548752957024786,0.010548752957024784,0.010548752957024775,0.01054875295702478,0.01054875295702478,0.01054875295702478,0.010548752957024782,0.010548752957024782,0.01054875295702478,0.010548752957024777,0.010548752957024777,0.010548752957024782,0.01054875295702478,0.010548752957024773,0.010548752957024773,0.010548752957024775,0.010548752957024768,0.010548752957024777,0.010548752957024777,0.010548752957024777,0.010548752957024772,0.010548752957024775
6,2.799546058519346e-41,1.0416413320814536e-40,2.420774686023362e-40,4.508167617126619e-40,7.364563187444007e-40,1.1030590028339301e-39,1.5533422959171644e-39,2.089123809480085e-39,2.7116192687948828e-39,3.421641822296775e-39,4.219735351397844e-39,5.106263635916788e-39,6.081469993153423e-39,7.145517168002395e-39,8.298514013803822e-39,9.540533338062125e-39,1.0871623838710735e-38,1.2291818087786523e-38,1.3801137871379854e-38,1.539959776130724e-38,1.7087207504054706e-38,1.8863973618644384e-38,2.072990046538135e-38,2.268499096069327e-38,2.4729247055258356e-38,2.6862670053804634e-38,2.9085260829010823e-38,3.139701996457567e-38,3.379794785091096e-38,3.6288044749147604e-38,3.8867310833944825e-38,4.1535746222125183e-38,4.429335099182611e-38,4.71401251953107e-38,5.007606886753572e-38,5.310118203188209e-38,5.621546470398868e-38,5.941891689431532e-38,6.271153860985827e-38,6.609332985529714e-38,6.956429063376194e-38,7.312442094734562e-38,7.677372079744917e-38,8.051219018500891e-38,8.433982911065103e-38,8.825663757479496e-38,9.226261557772045e-38,9.635776311961534e-38,1.0054208020060476e-37,1.048155668207726e-37,1.09178222980175e-37,1.1363004867884963e-37,1.1817104391682137e-37,1.2280120869410703e-37,1.2752054301071795e-37,1.3232904686666146e-37,1.372267202619425e-37,1.4221356319656459e-37,1.4728957567052993e-37,1.524547576838403e-37,1.5770910923649664e-37,1.6305263032849957e-37,1.6848532095984928e-37,1.7400718113054632e-37,1.7961821084059076e-37,1.8531841008998249e-37,1.9110777887872223e-37,1.969863172068094e-37,2.0295402507424462e-37,2.0901090248102775e-37,2.1515694942715875e-37,2.2139216591263734e-37,2.2771655193746384e-37,2.341301075016382e-37,2.4063283260516053e-37,2.4722472724803056e-37,2.539057914302484e-37,2.606760251518141e-37,2.675354284127277e-37,2.744840012129891e-37,2.8152174355259856e-37,2.8864865543155553e-37,2.9586473684986038e-37,3.0316998780751326e-37,3.1056440830451402e-37,3.1804799834086265e-37,3.2562075791655903e-37,3.332826870316034e-37,3.4103378568599582e-37,3.4887405387973586e-37,3.5680349161282394e-37,3.648220988852598e-37,3.729298756970434e-37,3.811268220481749e-37,3.894129379386541e-37,3.977882233684812e-37,4.062526783376563e-37,4.148063028461792e-37,4.234490968940498e-37,4.321810604812686e-37,4.410021936078344e-37,4.499124962737489e-37,4.589119684790113e-37,4.6800061022362095e-37,4.7717842150757894e-37,4.864454023308847e-37,4.958015526935393e-37,5.0524687259554085e-37,5.147813620368901e-37,5.244050210175873e-37,5.341178495376322e-37,5.439198475970252e-37,5.538110151957662e-37,5.6379135233385495e-37,5.738608590112915e-37,5.840195352280759e-37,5.942673809842083e-37,6.046043962796885e-37,6.150305811145161e-37,6.255459354886916e-37,6.361504594022151e-37,6.4684415285508675e-37,6.5762701584730595e-37,6.68499048378873e-37,6.794602504497879e-37,6.905106220600506e-37,7.016501632096615e-37,7.1287887389862005e-37,7.241967541269257e-37,7.356038038945803e-37,7.471000232015825e-37,7.586854120479333e-37,7.70359970433631e-37,7.821236983586768e-37,7.939765958230713e-37,8.059186628268132e-37,8.179498993699012e-37,8.300703054523375e-37,8.422798810741225e-37,8.545786262352551e-37,8.669665409357359e-37,8.794436251755642e-37,8.920098789547406e-37,9.04665302273264e-37,9.174098951311366e-37,9.302436575283564e-37,9.43166589464924e-37,9.561786909408388e-37,9.692799619561024e-37,9.824704025107139e-37,9.957500126046733e-37,1.0091187922379804e-36,1.0225767414106353e-36,1.0361238601226381e-36,1.0497601483739896e-36,1.0634856061646888e-36,1.0773002334947355e-36,1.0912040303641305e-36,1.105196996772873e-36,1.1192791327209634e-36,1.1334504382084017e-36,1.1477109132351879e-36,1.1620605578013237e-36,1.1764993719068054e-36,1.1910273555516352e-36,1.2056445087358127e-36,1.2203508314593386e-36,1.235146323722211e-36,1.2500309855244315e-36,1.2650048168660003e-36,1.2800678177469177e-36,1.2952199881671822e-36,1.3104613281267946e-36,1.325791837625755e-36,1.3412115166640628e-36,1.356720365241719e-36,1.3723183833587233e-36,1.3880055710150745e-36,1.403781928210774e-36,1.419647454945822e-36,1.4356021512202171e-36,1.4516460170339597e-36,1.4677790523870507e-36,1.484001257279489e-36,1.5003126317112752e-36,1.5167131756824098e-36,1.5332028891928915e-36,1.5497817722427217e-36,1.566449824831899e-36,1.5832070469604247e-36,1.6000534386282982e-36,1.616988999835521e-36,1.63401373058209e-36,1.6511276308680072e-36,1.6683307006932722e-36,1.685622940057886e-36,1.703004348961847e-36,1.7204749274051553e-36,1.7380346753878115e-36,1.7556835929098158e-36,1.773421679971168e-36,1.791248936571868e-36,1.809165362711916e-36,1.8271709583913126e-36,1.845265723610056e-36,1.863449658368148e-36,1.8817227626655863e-36,1.9000850365023733e-36,1.9185364798785087e-36,1.9370770927939915e-36,1.9557068752488225e-36,1.974425827243001e-36,1.9932339487765272e-36,2.012131239849402e-36,2.0311177004616237e-36,2.050193330613194e-36,2.0693581303041126e-36,2.0886120995343785e-36,2.1079552383039918e-36,2.1273875466129532e-36,2.1469090244612624e-36,2.1665196718489197e-36,2.186219488775924e-36,2.2060084752422774e-36,2.2258866312479777e-36,2.245853956793027e-36,2.265910451877423e-36,2.2860561165011662e-36,2.3062909506642574e-36,2.3266149543666974e-36,2.347028127608484e-36,2.3675304703896207e-36,2.388121982710103e-36,2.4088026645699345e-36,2.4295725159691144e-36,2.4504315369076414e-36,2.471379727385516e-36,2.492417087402739e-36,2.5135436169593096e-36,2.5347593160552278e-36,2.5560641846904938e-36,2.577458222865108e-36,2.5989414305790695e-36,2.6205138078323785e-36,2.642175354625036e-36,2.6639260709570422e-36,2.6857659568283956e-36,2.7076950122390978e-36,2.7297132371891468e-36,2.751820631678544e-36,2.774017195707288e-36,2.7963029292753807e-36,2.818677832382821e-36,2.8411419050296098e-36,2.8636951472157468e-36,2.886337558941229e-36,2.9090691402060615e-36,2.931889891010242e-36,2.9547998113537695e-36,2.977798901236645e-36,3.000887160658869e-36,3.024064589620441e-36,3.0473311881213615e-36,3.070686956161628e-36,3.094131893741243e-36,3.117666000860205e-36,3.141289277518516e-36,3.165001723716176e-36,3.188803339453183e-36,3.2126941247295386e-36,3.2366740795452406e-36,3.260743203900291e-36,3.2849014977946887e-36,3.309148961228435e-36,3.333485594201528e-36,3.357911396713968e-36,3.3824263687657575e-36,3.4070305103568933e-36,3.431723821487379e-36,3.4565063021572124e-36,3.481377952366393e-36,3.506338772114922e-36,3.5313887614027994e-36,3.5565279202300253e-36,3.5817562485965984e-36,3.6070737465025186e-36,3.6324804139477865e-36,3.657976250932403e-36,3.683561257456368e-36,3.709235433519682e-36,3.734998779122341e-36,3.7608512942643504e-36,3.786792978945706e-36,3.812823833166409e-36,3.8389438569264605e-36,3.865153050225859e-36,3.8914514130646064e-36,3.9178389454427e-36,3.944315647360143e-36,3.9708815188169334e-36,3.9975365598130704e-36,4.0242807703485565e-36,4.0511141504233904e-36,4.078036700037572e-36,4.105048419191102e-36,4.13214930788398e-36,4.1593393661162066e-36,4.18661859388778e-36,4.213986991198702e-36,4.241444558048969e-36,4.268991294438587e-36,4.296627200367552e-36,4.3243522758358646e-36,4.3521665208435255e-36,4.3800699353905336e-36,4.40806251947689e-36,4.4361442731025944e-36,4.46431519626765e-36,4.49257528897205e-36,4.5209245512157986e-36,4.549362982998895e-36,4.5778905843213367e-36,4.6065073551831284e-36,4.635213295584268e-36,4.664008405524754e-36,4.692892685004589e-36,4.721866134023771e-36,4.750928752582299e-36,4.780080540680178e-36,4.809321498317403e-36,4.838651625493976e-36,4.8680709222098994e-36,4.89757938846517e-36,4.9271770242597864e-36,4.9568638295937516e-36,4.9866398044670645e-36,5.016504948879726e-36,5.046459262831734e-36,5.0765027463230874e-36,5.1066353993537915e-36,5.136857221923843e-36,5.1671682140332445e-36,5.197568375681992e-36,5.2280577068700885e-36,5.258636207597533e-36,5.2893038778643264e-36,5.320060717670466e-36,5.350906727015954e-36,5.381841905900789e-36,5.412866254324971e-36,5.443979772288501e-36,5.47518245979138e-36,5.5064743168336064e-36,5.537855343415181e-36,5.5693255395361025e-36,5.600884905196373e-36,5.632533440395992e-36,5.6642711451349594e-36,5.696098019413272e-36,5.7280140632309334e-36,5.760019276587943e-36,5.792113659484301e-36,5.824297211920006e-36,5.856569933895059e-36,5.888931825409461e-36,5.9213828864632123e-36,5.953923117056311e-36,5.9865525171887556e-36,6.019271086860548e-36,6.052078826071687e-36,6.084975734822174e-36,6.117961813112009e-36,6.151037060941196e-36,6.184201478309726e-36,6.217455065217606e-36,6.250797821664834e-36,6.284229747651409e-36,6.317750843177332e-36,6.351361108242605e-36,6.385060542847224e-36,6.418849146991194e-36,6.452726920674508e-36,6.486693863897171e-36,6.520749976659181e-36,6.554895258960539e-36,6.589129710801243e-36,6.623453332181297e-36,6.657866123100698e-36,6.692368083559447e-36,6.726959213557545e-36,6.76163951309499e-36,6.796408982171781e-36,6.831267620787923e-36,6.866215428943412e-36,6.901252406638249e-36,6.936378553872433e-36,6.971593870645964e-36,7.00689835695885e-36,7.042292012811078e-36,7.077774838202653e-36,7.113346833133576e-36,7.149007997603848e-36,7.184758331613468e-36,7.220597835162435e-36,7.25652650825075e-36,7.292544350878412e-36,7.328651363045422e-36,7.364847544751783e-36,7.401132895997489e-36,7.437507416782541e-36,7.473971107106943e-36,7.510523966970689e-36,7.547165996373787e-36,7.583897195316232e-36,7.620717563798025e-36,7.657627101819167e-36,7.694625809379657e-36,7.731713686479494e-36,7.768890733118679e-36,7.806156949297214e-36,7.843512335015095e-36,7.880956890272323e-36,7.918490615068901e-36,7.956113509404825e-36,7.993825573280099e-36,8.031626806694715e-36,8.069517209648682e-36,8.107496782141997e-36,8.14556552417466e-36,8.183723435746672e-36,8.22197051685803e-36,8.260306767508738e-36,8.298732187698794e-36,8.337246777428197e-36,8.375850536696947e-36,8.414543465505044e-36,8.453325563852491e-36,8.492196831739285e-36,8.531157269165426e-36,8.570206876130917e-36,8.609345652635756e-36,8.648573598679941e-36,8.687890714263479e-36,8.72729699938636e-36,8.76679245404859e-36,8.806377078250166e-36,8.846050871991091e-36,8.885813835271365e-36,8.925665968090985e-36,8.96560727044995e-36,9.005637742348267e-36,9.045757383785933e-36,9.085966194762945e-36,9.126264175279305e-36,9.166651325335012e-36,9.207127644930066e-36,9.24769313406447e-36,9.288347792738223e-36,9.329091620951323e-36,9.369924618703767e-36,9.410846785995562e-36,9.451858122826706e-36,9.4929586291972e-36,9.534148305107037e-36,9.575427150556229e-36,9.616795165544761e-36,9.658252350072645e-36,9.699798704139874e-36,9.741434227746453e-36,9.783158920892379e-36,9.824972783577653e-36,9.866875815802276e-36,9.908868017566245e-36,9.950949388869559e-36,9.993119929712221e-36,1.0035379640094236e-35,1.0077728520015598e-35,1.0120166569476305e-35,1.0162693788476364e-35,1.020531017701577e-35,1.0248015735094523e-35,1.0290810462712625e-35,1.0333694359870073e-35,1.0376667426566868e-35,1.0419729662803016e-35,1.0462881068578509e-35,1.0506121643893347e-35,1.0549451388747533e-35,1.0592870303141069e-35,1.063637838707395e-35,1.0679975640546181e-35,1.0723662063557757e-35,1.0767437656108687e-35,1.0811302418198959e-35,1.0855256349828581e-35,1.0899299450997554e-35,1.0943431721705871e-35,1.0987653161953535e-35,1.1031963771740548e-35,1.1076363551066907e-35,1.1120852499932621e-35,1.116543061833768e-35,1.1210097906282085e-35,1.1254854363765836e-35,1.1299699990788937e-35,1.1344634787351384e-35,1.1389658753453182e-35,1.1434771889094325e-35,1.1479974194274817e-35,1.1525265668994656e-35,1.1570646313253845e-35,1.1616116127052382e-35,1.1661675110390265e-35,1.1707323263267496e-35,1.1753060585684078e-35,1.1798887077640002e-35,1.1844802739135279e-35,1.1890807570169899e-35,1.193690157074387e-35,1.198308474085719e-35,1.2029357080509857e-35,1.2075718589701872e-35,1.2122169268433236e-35,1.2168709116703945e-35,1.2215338134514003e-35,1.226205632186341e-35,1.230886367875216e-35,1.2355760205180259e-35,1.240274590114771e-35,1.2449820766654508e-35,1.2496984801700656e-35,1.2544238006286148e-35,1.259158038041099e-35,1.2639011924075184e-35,1.268653263727872e-35,1.273414252002161e-35,1.2781841572303843e-35,1.2829629794125428e-35,1.287750718548636e-35,1.2925473746386638e-35,1.297352947682626e-35,1.3021674376805232e-35,1.3069908446323548e-35,1.3118231685381221e-35,1.3166644093978235e-35,1.32151456721146e-35,1.3263736419790313e-35,1.331241633700537e-35,1.3361185423759776e-35,1.3410043680053532e-35,1.3458991105886636e-35,1.350802770125909e-35,1.3557153466170885e-35,1.3606368400622024e-35,1.365567250461252e-35,1.3705065778142358e-35,1.3754548221211548e-35,1.3804119833820086e-35,1.3853780615967967e-35,1.39035305676552e-35,1.395336968888178e-35,1.4003297979647707e-35,1.4053315439952985e-35,1.4103422069797608e-35,1.415361786918158e-35,1.42039028381049e-35,1.4254276976567561e-35,1.430474028456958e-35,1.4355292762110942e-35,1.4405934409191654e-35,1.445666522581171e-35,1.4507485211971117e-35,1.4558394367669874e-35,1.460939269290797e-35,1.4660480187685422e-35,1.4711656852002217e-35,1.4762922685858368e-35,1.481427768925386e-35,1.4865721862188699e-35,1.491725520466289e-35,1.4968877716676429e-35,1.5020589398229314e-35,1.5072390249321547e-35,1.5124280269953127e-35,1.517625946012406e-35,1.5228327819834336e-35,1.528048534908396e-35,1.533273204787293e-35,1.5385067916201253e-35,1.5437492954068925e-35,1.5490007161475944e-35,1.5542610538422308e-35,1.559530308490802e-35,1.5648084800933082e-35,1.570095568649749e-35,1.5753915741601245e-35,1.5806964966244343e-35,1.5860103360426798e-35,1.5913330924148596e-35,1.5966647657409748e-35,1.6020053560210243e-35,1.6073548632550087e-35,1.612713287442928e-35,1.6180806285847817e-35,1.6234568866805703e-35,1.6288420617302935e-35,1.6342361537339518e-35,1.6396391626915447e-35,1.6450510886030724e-35,1.6504719314685353e-35,1.6559016912879322e-35,1.6613403680612645e-35,1.6667879617885313e-35,1.6722444724697327e-35,1.677709900104869e-35,1.6831842446939401e-35,1.6886675062369466e-35,1.6941596847338875e-35,1.6996607801847629e-35,1.7051707925895734e-35,1.7106897219483187e-35,1.7162175682609984e-35,1.7217543315276131e-35,1.7273000117481628e-35,1.7328546089226472e-35,1.738418123051067e-35,1.743990554133421e-35,1.7495719021697094e-35,1.7551621671599333e-35,1.760761349104091e-35,1.7663694480021842e-35,1.7719864638542115e-35,1.7776123966601742e-35,1.7832472464200715e-35,1.788891013133904e-35,1.7945436968016709e-35,1.8002052974233727e-35,1.8058758149990088e-35,1.8115552495285803e-35,1.8172436010120864e-35,1.8229408694495276e-35,1.828647054840903e-35,1.8343621571862145e-35,1.84008617648546e-35,1.84581911273864e-35,1.8515609659457546e-35,1.857311736106804e-35,1.863071423221789e-35,1.868840027290708e-35,1.8746175483135616e-35,1.8804039862903507e-35,1.8861993412210741e-35,1.8920036131057324e-35,1.8978168019443253e-35,1.9036389077368535e-35,1.9094699304833163e-35,1.915309870183714e-35,1.9211587268380468e-35,1.927016500446314e-35,1.9328831910085158e-35,1.9387587985246523e-35,1.9446433229947234e-35,1.9505367644187298e-35,1.9564391227966714e-35,1.9623503981285473e-35,1.9682705904143575e-35,1.9741996996541028e-35,1.9801377258477827e-35,1.9860846689953975e-35,1.9920405290969473e-35,1.9980053061524312e-35,2.0039790001618505e-35,2.0099616111252046e-35,2.0159531390424936e-35,2.0219535839137166e-35,2.0279629457388755e-35,2.0339812245179685e-35,2.0400084202509968e-35,2.0460445329379595e-35,2.0520895625788573e-35,2.0581435091736901e-35,2.0642063727224568e-35,2.070278153225159e-35,2.0763588506817955e-35,2.0824484650923672e-35,2.0885469964568733e-35,2.094654444775315e-35,2.1007708100476904e-35,2.1068960922740013e-35,2.1130302914542467e-35,2.1191734075884264e-35,2.1253254406765413e-35,2.131486390718591e-35,2.1376562577145753e-35,2.143835041664495e-35,2.1500227425683492e-35,2.1562193604261388e-35,2.1624248952378625e-35,2.1686393470035212e-35,2.1748627157231146e-35,2.1810950013966428e-35,2.187336204024106e-35,2.1935863236055034e-35,2.199845360140836e-35,2.2061133136301032e-35,2.2123901840733048e-35,2.2186759714704419e-35,2.2249706758215137e-35,2.2312742971265193e-35,2.2375868353854606e-35,2.2439082905983365e-35,2.250238662765147e-35,2.2565779518858924e-35,2.2629261579605728e-35,2.269283280989188e-35,2.2756493209717384e-35,2.2820242779082236e-35,2.288408151798643e-35,2.2948009426429972e-35,2.3012026504412864e-35,2.30761327519351e-35,2.3140328168996677e-35,2.320461275559761e-35,2.326898651173789e-35,2.333344943741752e-35,2.3398001532636496e-35,2.3462642797394814e-35,2.3527373231692488e-35,2.3592192835529508e-35,2.3657101608905874e-35,2.3722099551821596e-35,2.378718666427666e-35,2.3852362946271068e-35,2.3917628397804833e-35,2.3982983018877944e-35,2.40484268094904e-35,2.41139597696422e-35,2.4179581899333353e-35,2.424529319856385e-35,2.4311093667333706e-35,2.43769833056429e-35,2.4442962113491447e-35,2.4509030090879334e-35,2.4575187237806576e-35,2.4641433554273166e-35,2.47077690402791e-35,2.477419369582438e-35,2.4840707520909e-35,2.4907310515532984e-35,2.4974002679696306e-35,2.5040784013398986e-35,2.5107654516641005e-35,2.517461418942237e-35,2.52416630317431e-35,2.530880104360317e-35,2.5376028225002574e-35,2.5443344575941335e-35,2.5510750096419445e-35,2.5578244786436897e-35,2.564582864599371e-35,2.571350167508986e-35,2.5781263873725366e-35,2.5849115241900207e-35,2.5917055779614407e-35,2.598508548686795e-35,2.6053204363660837e-35,2.6121412409993077e-35,2.6189709625864665e-35,2.625809601127559e-35,2.6326571566225877e-35,2.6395136290715506e-35,2.646379018474448e-35,2.6532533248312813e-35,2.660136548142048e-35,2.6670286884067504e-35,2.673929745625387e-35,2.680839719797959e-35,2.6877586109244657e-35,2.694686419004906e-35,2.7016231440392827e-35,2.7085687860275945e-35,2.7155233449698407e-35,2.722486820866021e-35,2.7294592137161365e-35,2.7364405235201866e-35,2.743430750278171e-35,2.750429893990091e-35,2.7574379546559457e-35,2.7644549322757347e-35,2.7714808268494585e-35,2.778515638377117e-35,2.785559366858711e-35,2.7926120122942397e-35,2.799673574683702e-35,2.8067440540271e-35,2.813823450324433e-35,2.8209117635757006e-35,2.828008993780903e-35,2.8351151409400397e-35,2.8422302050531114e-35,2.849354186120118e-35,2.8564870841410595e-35,2.863628899115936e-35,2.870779631044747e-35,2.8779392799274925e-35,2.8851078457641733e-35,2.8922853285547885e-35,2.8994717282993396e-35,2.9066670449978244e-35,2.913871278650244e-35,2.9210844292565987e-35,2.928306496816888e-35,2.9355374813311123e-35,2.942777382799271e-35,2.950026201221364e-35,2.9572839365973925e-35,2.9645505889273556e-35,2.9718261582112535e-35,2.979110644449087e-35,2.986404047640855e-35,2.993706367786557e-35,3.001017604886194e-35,3.008337758939767e-35,3.015666829947274e-35,3.023004817908715e-35,3.030351722824092e-35,3.037707544693404e-35,3.04507228351665e-35,3.0524459392938305e-35,3.059828512024945e-35,3.067220001709996e-35,3.0746204083489817e-35,3.082029731941901e-35,3.0894479724887556e-35,3.0968751299895454e-35,3.1043112044442695e-35,3.1117561958529284e-35,3.119210104215523e-35,3.126672929532051e-35,3.1341446718025143e-35,3.1416253310269115e-35,3.149114907205244e-35,3.156613400337512e-35,3.1641208104237145e-35,3.1716371374638516e-35,3.179162381457923e-35,3.1866965424059294e-35,3.1942396203078706e-35,3.2017916151637466e-35,3.209352526973558e-35,3.216922355737304e-35,3.224501101454985e-35,3.2320887641266e-35,3.2396853437521504e-35,3.2472908403316355e-35,3.254905253865055e-35,3.2625285843524086e-35,3.270160831793698e-35,3.2778019961889227e-35,3.2854520775380815e-35,3.293111075841175e-35,3.300778991098204e-35,3.3084558233091674e-35,3.3161415724740656e-35,3.3238362385928996e-35,3.3315398216656675e-35,3.3392523216923707e-35,3.3469737386730077e-35,3.3547040726075796e-35,3.3624433234960863e-35,3.370191491338528e-35,3.377948576134905e-35,3.3857145778852155e-35,3.3934894965894615e-35,3.4012733322476425e-35,3.4090660848597577e-35,3.4168677544258083e-35,3.424678340945793e-35,3.432497844419714e-35,3.4403262648475687e-35,3.448163602229358e-35,3.4560098565650825e-35,3.463865027854741e-35,3.471729116098335e-35,3.4796021212958645e-35,3.4874840434473277e-35,3.495374882552726e-35,3.503274638612059e-35,3.511183311625326e-35,3.5191009015925293e-35,3.527027408513667e-35,3.534962832388738e-35,3.5429071732177455e-35,3.550860431000687e-35,3.5588226057375637e-35,3.5667936974283753e-35,3.574773706073122e-35,3.5827626316718025e-35,3.5907604742244176e-35,3.598767233730968e-35,3.606782910191453e-35,3.614807503605873e-35,3.622841013974228e-35,3.6308834412965174e-35,3.638934785572742e-35,3.6469950468029016e-35,3.6550642249869944e-35,3.6631423201250236e-35,3.671229332216988e-35,3.679325261262886e-35,3.68743010726272e-35,3.695543870216488e-35,3.70366655012419e-35,3.711798146985827e-35,3.719938660801399e-35,3.7280880915709066e-35,3.736246439294348e-35,3.7444137039717244e-35,3.752589885603036e-35,3.7607749841882806e-35,3.768968999727462e-35,3.777171932220578e-35,3.785383781667627e-35,3.7936045480686127e-35,3.801834231423532e-35,3.8100728317323876e-35,3.818320348995177e-35,3.826576783211902e-35,3.834842134382561e-35,3.843116402507155e-35,3.851399587585683e-35,3.8596916896181463e-35,3.8679927086045446e-35,3.876302644544878e-35,3.8846214974391466e-35,3.8929492672873494e-35,3.901285954089488e-35,3.9096315578455606e-35,3.917986078555568e-35,3.9263495162195095e-35,3.934721870837386e-35,3.9431031424091973e-35,3.951493330934944e-35,3.959892436414625e-35,3.968300458848239e-35,3.97671739823579e-35,3.985143254577276e-35,3.9935780278726964e-35,4.0020217181220527e-35,4.0104743253253417e-35,4.0189358494825656e-35,4.027406290593725e-35,4.0358856486588194e-35,4.044373923677848e-35,4.052871115650812e-35,4.061377224577711e-35,4.069892250458544e-35,4.078416193293311e-35,4.086949053082014e-35,4.0954908298246505e-35,4.1040415235212244e-35,4.1126011341717316e-35,4.1211696617761736e-35,4.12974710633455e-35,4.1383334678468616e-35,4.1469287463131087e-35,4.155532941733289e-35,4.164146054107405e-35,4.172768083435455e-35,4.181399029717441e-35,4.1900388929533614e-35,4.198687673143216e-35,4.2073453702870043e-35,4.2160119843847285e-35,4.224687515436388e-35,4.2333719634419826e-35,4.2420653284015114e-35,4.250767610314975e-35,4.259478809182374e-35,4.268198925003708e-35,4.276927957778975e-35,4.285665907508178e-35,4.2944127741913153e-35,4.3031685578283885e-35,4.311933258419395e-35,4.3207068759643363e-35,4.329489410463214e-35,4.338280861916025e-35,4.3470812303227704e-35,4.355890515683451e-35,4.3647087179980667e-35,4.3735358372666176e-35,4.3823718734891023e-35,4.391216826665524e-35,4.4000706967958773e-35,4.408933483880167e-35,4.417805187918393e-35,4.4266858089105517e-35,4.435575346856647e-35,4.4444738017566757e-35,2.585634571251594e-05,5.2454774686974864e-05,7.983386127205695e-05,0.00010803575187750702,0.00013710631113022237,0.00016709539198053394,0.00019805720377587068,0.000230050767562006,0.0002631404577580985,0.0002973966362717138,0.00033289639057295305,0.0003697243921811333,0.0004079738971022989,0.00044774791556015587,0.0004891605853035474,0.0005323387915381098,0.000577424087594842,0.0006245749848018137,0.0006739696988300648,0.0007258094645214696,0.000780322564306188,0.0008377692598989759,0.0008984478775805127,0.0009627023813847342,0.0010309318852073316,0.0011036027206652616,0.0011812639152728474,0.00126456728290837,0.0013542938441418102,0.0014513890746877995,0.0015570106861021685,0.0016725945488137192,0.0017999474545911452,0.0019413805538361075,0.00209990611238223,0.002279535829773001,0.0024857475427283904,0.002726241384596007,0.0030122128278239034,0.00336058261641215,0.003798037953538401,0.00436839684588806,0.005144643628668922,0.006237527751925957,0.007749180637026729,0.009624125284585327,0.011622900692953027,0.013518600191289979,0.015200815358698237,0.01664592928085309,0.01787013487023309,0.018902346256622824,0.019772508029580697,0.02050746994250468,0.021129997012049394,0.021658917268346147,0.022109586907995218,0.02249435076330646,0.022822877824224326,0.023102364303283413,0.023337746611592994,0.023532225669983746,0.02368822067042638,0.023808303703842182,0.02389560220812111,0.023953700421850854,0.02398635461313005,0.023997235273617995,0.02398975947731348,0.023967005086454527,0.023931681292898726,0.023886131998355386,0.02383234750294049,0.023832311437419578,0.023832220486583025,0.023832112762653974,0.02383199210402521,0.023831860672301995,0.023831719845177804,0.02383157064353746,0.023831413917024688,0.02383125041975663,0.02383108084115866,0.023830905819419296,0.023830725948338745,0.0238305417816096,0.023830353836011214,0.023830162594064567,0.02382996850636021,0.023829771993651282,0.023829573448759783,0.023829373238325714,0.0238291717044204,0.023828969166040413,0.023828765920495407,0.023828562244700834,0.023828358396384842,0.023828154615217437,0.02382795112386837,0.023827748129000178,0.02382754582220104,0.023827344380862505,0.02382714396900589,0.02382694473806098,0.023826746827600533,0.02382655036603314,0.02382635547125757,0.023826162251280602,0.023825970804800846,0.02382578122176058,0.023825593583867266,0.023825407965086778,0.023825224432109757,0.02382504304479259,0.023824863856574542,0.023824686914872294,0.023824512261452997,0.023824339932787094,0.023824169960382068,0.023824002371097903,0.023823837187445372,0.023823674427868095,0.023823514107009017,0.02382335623596231,0.023823200822511402,0.023823047871353753,0.023822897384313188,0.02382274936054038,0.02382260379670211,0.023822460687159885,0.02382232002413837,0.023822181797884392,0.02382204599681674,0.023821912607667455,0.02382178161561488,0.02382165300440907,0.023821526756489804,0.023821402853097712,0.02382128127437884,0.02382116199948289,0.02382104500665575,0.023820930273326223,0.023820817776187695,0.023820707491274632,0.023820599394034487,0.023820493459394975,0.02382038966182731,0.02382028797540524,0.02382018837386048,0.023820090830634476,0.023819995318926757,0.023819901811740204,0.023819810281923242,0.023819720702209144,0.023819633045252746,0.02381954728366455,0.023819463390042515,0.023819381337001462,0.023819301097200474,0.023819222643368273,0.02381914594832663,0.023819070985012063,0.02381899772649588,0.02381892614600256,0.023818856216926716,0.023818787912848634,0.023818721207548497,0.023818656075019415,0.0238185924894792,0.023818530425381172,0.023818469857423818,0.023818410760559624,0.023818353110002854,0.023818296881236607,0.023818242050019058,0.023818188592388892,0.023818136484670103,0.023818085703476148,0.023818036225713463,0.02381798802858443,0.023817941089589807,0.023817895386530678,0.023817850897509898,0.023817807600933202,0.023817765475509803,0.023817724500252692,0.02381768465447861,0.023817645917807585,0.02381760827016237,0.023817571691767372,0.023817536163147527,0.023817501665126837,0.02381746817882674,0.023817435685664218,0.0238174041673498,0.023817373605885393,0.02381734398356186,0.023817315282956626,0.023817287486930988,0.023817260578627465,0.0238172345414669,0.02381720935914563,0.023817185015632417,0.023817161495165416,0.023817138782249024,0.02381711686165071,0.02381709571839778,0.023817075337774052,0.02381705570531663,0.02381703680681247,0.023817018628295057,0.023817001156041073,0.023816984376566906,0.0238169682766253,0.02381695284320197,0.02381693806351215,0.023816923924997215,0.023816910415321302,0.02381689752236789,0.023816885234236453,0.02381687353923912,0.02381686242589729,0.023816851882938386,0.023816841899292496,0.02381683246408915,0.023816823566654093,0.023816815196505983,0.023816807343353306,0.023816799997091218,0.023816793147798367,0.023816786785733852,0.023816780901334152,0.02381677548521013,0.023816770528144002,0.02381676602108645,0.023816761955153688,0.02381675832162458,0.02381675511193785,0.023816752317689205,0.02381674993062866,0.023816747942657788,0.02381674634582701,0.02381674513233302,0.02381674429451611,0.023816743824857666,0.023816743715977577,0.023816743960631825,0.023816744551709974,0.023816745482232813,0.02381674674534991,0.023816748334337345,0.0238167502425954,0.02381675246364627,0.023816754991131887,0.023816757818811658,0.02381676094056042,0.02381676435036625,0.023816768042328396,0.023816772010655275,0.02381677624966235,0.023816780753770403,0.02381678551750336,0.023816790535486448,0.023816795802444397,0.02381680131319951,0.023816807062669913,0.023816813045867757,0.023816819257897488,0.02381682569395411,0.02381683234932157,0.023816839219371024,0.023816846299559286,0.02381685358542717,0.02381686107259803,0.02381686875677611,0.02381687663374511,0.023816884699366703,0.023816892949579067,0.02381690138039546,0.023816909987902857,0.023816918768260517,0.023816927717698708,0.02381693683251732,0.023816946109084625,0.02381695554383597,0.023816965133272548,0.023816974873960138,0.023816984762527967,0.023816994795667453,0.023817004970131134,0.023817015282731457,0.023817025730339676,0.02381703630988481,0.023817047018352532,0.023817057852784103,0.023817068810275364,0.02381707988797574,0.02381709108308719,0.023817102392863294,0.023817113814608232,0.023817125345675937,0.023817136983469066,0.0238171487254382,0.023817160569080842,0.023817172511940703,0.02381718455160668,0.02381719668571214,0.023817208911934073,0.023817221227992253,0.023817233631648466,0.02381724612070575,0.023817258693007635,0.023817271346437362,0.02381728407891721,0.023817296888407696,0.02381730977290698,0.023817322730450067,0.02381733575910821,0.023817348856988198,0.023817362022231718,0.02381737525301472,0.023817388547546798,0.023817401904070556,0.023817415320861016,0.02381742879622499,0.023817442328500582,0.023817455916056517,0.023817469557291682,0.023817483250634465,0.023817496994542345,0.02381751078750123,0.023817524628025055,0.023817538514655203,0.023817552445960007,0.023817566420534345,0.023817580436999025,0.0238175944940004,0.023817608590209916,0.02381762272432362,0.02381763689506171,0.02381765110116813,0.023817665341410128,0.02381767961457781,0.02381769391948379,0.023817708254962724,0.023817722619870932,0.023817737013086003,0.023817751433506448,0.023817765880051283,0.023817780351659656,0.02381779484729052,0.02381780936592227,0.023817823906552377,0.02381783846819705,0.023817853049890918,0.023817867650686657,0.02381788226965475,0.02381789690588311,0.023817911558476713,0.023817926226557443,0.023817940909263643,0.023817955605749917,0.023817970315186798,0.023817985036760463,0.02381799976967249,0.023818014513139547,0.02381802926639313,0.02381804402867933,0.02381805879925852,0.023818073577405167,0.02381808836240751,0.023818103153567402,0.023818117950199995,0.02381813275163351,0.023818147557209093,0.023818162366280458,0.023818177178213763,0.023818191992387328,0.023818206808191494,0.02381822162502833,0.02381823644231148,0.023818251259465933,0.02381826607592783,0.023818280891144298,0.023818295704573184,0.023818310515682953,0.023818325323952436,0.0238183401288707,0.023818354929936815,0.023818369726659693,0.02381838451855799,0.02381839930515979,0.023818414086002607,0.023818428860633064,0.023818443628606852,0.023818458389488515,0.023818473142851286,0.02381848788827698,0.023818502625355818,0.023818517353686258,0.023818532072874894,0.02381854678253629,0.023818561482292853,0.023818576171774672,0.023818590850619423,0.023818605518472216,0.023818620174985424,0.02381863481981863,0.023818649452638486,0.023818664073118567,0.023818678680939193,0.023818693275787454,0.023818707857356985,0.023818722425347872,0.02381873697946656,0.02381875151942572,0.023818766044944175,0.023818780555746745,0.02381879505156419,0.02381880953213306,0.023818823997195652,0.023818838446499856,0.02381885287979906,0.023818867296852123,0.023818881697423206,0.023818896081281696,0.023818910448202137,0.023818924797964137,0.023818939130352258,0.023818953445155937,0.023818967742169437,0.023818982021191707,0.023818996282026335,0.023819010524481453,0.023819024748369704,0.023819038953508082,0.023819053139717918,0.023819067306824777,0.023819081454658414,0.02381909558305266,0.023819109691845388,0.023819123780878436,0.023819137849997497,0.023819151899052118,0.023819165927895576,0.023819179936384854,0.023819193924380568,0.02381920789174685,0.023819221838351393,0.023819235764065284,0.02381924966876302,0.023819263552322393,0.02381927741462447,0.02381929125555353,0.023819305074996973,0.02381931887284533,0.023819332648992147,0.023819346403334003,0.023819360135770334,0.02381937384620353,0.02381938753453878,0.023819401200684067,0.02381941484455011,0.02381942846605033,0.02381944206510075,0.023819455641620038,0.023819469195529366,0.02381948272675243,0.023819496235215388,0.02381950972084682,0.023819523183577662,0.023819536623341193,0.023819550040073,0.023819563433710868,0.02381957680419488,0.02381959015146718,0.02381960347547216,0.02381961677615624,0.023819630053467898,0.02381964330735766,0.02381965653777803,0.023819669744683473,0.023819682928030328,0.023819696087776874,0.023819709223883212,0.023819722336311234,0.02381973542502467,0.023819748489988957,0.023819761531171265,0.023819774548540465,0.023819787542067063,0.02381980051172322,0.02381981345748269,0.023819826379320758,0.02381983927721432,0.023819852151141734,0.02381986500108288,0.023819877827019057,0.023819890628933037,0.02381990340680899,0.02381991616063245,0.023819928890390318,0.023819941596070832,0.023819954277663525,0.023819966935159222,0.023819979568550028,0.02381999217782924,0.023820004762991388,0.023820017324032206,0.023820029860948583,0.023820042373738574,0.02382005486240133,0.02382006732693712,0.0238200797673473,0.023820092183634324,0.02382010457580161,0.023820116943853657,0.023820129287795973,0.023820141607635018,0.023820153903378258,0.02382016617503406,0.023820178422611762,0.023820190646121616,0.023820202845574727,0.02382021502098313,0.023820227172359678,0.02382023929971811,0.02382025140307295,0.02382026348243955,0.023820275537834095,0.023820287569273495,0.02382029957677544,0.02382031156035838,0.02382032352004154,0.02382033545584478,0.02382034736778872,0.023820359255894673,0.02382037112018462,0.023820382960681206,0.02382039477740772,0.023820406570388114,0.023820418339646942,0.023820430085209367,0.023820441807101193,0.02382045350534874,0.023820465179978982,0.023820476831019385,0.023820488458498025,0.02382050006244349,0.02382051164288488,0.023820523199851847,0.023820534733374532,0.023820546243483565,0.023820557730210096,0.02382056919358569,0.023820580633642438,0.023820592050412828,0.023820603443929854,0.023820614814226884,0.02382062616133774,0.023820637485296673,0.023820648786138293,0.023820660063897672,0.023820671318610213,0.023820682550311712,0.02382069375903837,0.0238207049448267,0.023820716107713597,0.02382072724773629,0.023820738364932363,0.023820749459339697,0.023820760530996497,0.02382077157994131,0.023820782606212988,0.023820793609850656,0.023820804590893727,0.023820815549381914,0.023820826485355207,0.023820837398853843,0.023820848289918355,0.023820859158589502,0.023820870004908307,0.023820880828916022,0.023820891630654154,0.023820902410164414,0.02382091316748878,0.023820923902669374,0.023820934615748607,0.023820945306769044,0.02382095597577347,0.023820966622804866,0.02382097724790635,0.02382098785112133,0.023820998432493277,0.023821008992065903,0.023821019529883056,0.02382103004598877,0.02382104054042719,0.023821051013242667,0.023821061464479654,0.023821071894182765,0.023821082302396764,0.023821092689166504,0.023821103054537003,0.023821113398553393,0.023821123721260922,0.023821134022704946,0.02382114430293092,0.023821154561984446,0.023821164799911188,0.02382117501675689,0.023821185212567465,0.02382119538738884,0.023821205541267047,0.023821215674248233,0.023821225786378564,0.023821235877704343,0.0238212459482719,0.023821255998127636,0.023821266027318037,0.02382127603588961,0.02382128602388898,0.023821295991362762,0.023821305938357643,0.02382131586492038,0.023821325771097752,0.023821335656936577,0.02382134552248371,0.023821355367786044,0.02382136519289052,0.02382137499784407,0.023821384782693713,0.023821394547486392,0.023821404292269192,0.02382141401708911,0.023821423721993223,0.023821433407028605,0.023821443072242324,0.023821452717681463,0.023821462343393135,0.023821471949424414,0.023821481535822406,0.023821491102634183,0.023821500649906863,0.023821510177687525,0.023821519686023217,0.02382152917496102,0.023821538644547984,0.023821548094831144,0.023821557525857524,0.023821566937674097,0.02382157633032787,0.0238215857038658,0.023821595058334786,0.023821604393781764,0.02382161371025358,0.023821623007797117,0.02382163228645915,0.023821641546286482,0.023821650787325864,0.023821660009623977,0.02382166921322751,0.023821678398183093,0.02382168756453731,0.023821696712336703,0.023821705841627773,0.02382171495245697,0.023821724044870714,0.023821733118915348,0.023821742174637183,0.02382175121208248,0.023821760231297427,0.023821769232328184,0.02382177821522085,0.023821787180021446,0.023821796126775947,0.02382180505553029,0.023821813966330308,0.023821822859221815,0.023821831734250554,0.023821840591462178,0.02382184943090229,0.023821858252616443,0.023821867056650094,0.023821875843048672,0.023821884611857476,0.023821893363121804,0.023821902096886838,0.023821910813197705,0.02382191951209947,0.023821928193637074,0.023821936857855438,0.023821945504799415,0.023821954134513712,0.023821962747043044,0.023821971342431976,0.02382197992072506,0.02382198848196671,0.023821997026201285,0.023822005553473077,0.02382201406382629,0.023822022557305016,0.023822031033953316,0.023822039493815124,0.0238220479369343,0.023822056363354653,0.023822064773119843,0.023822073166273515,0.02382208154285917,0.023822089902920247,0.02382209824650013,0.023822106573642043,0.023822114884389154,0.02382212317878459,0.023822131456871315,0.023822139718692237,0.023822147964290184,0.023822156193707877,0.023822164406987954,0.02382217260417294,0.023822180785305295,0.02382218895042737,0.023822197099581444,0.023822205232809684,0.02382221335015416,0.023822221451656855,0.023822229537359664,0.023822237607304383,0.023822245661532692,0.023822253700086227,0.023822261723006482,0.023822269730334873,0.0238222777221127,0.02382228569838122,0.023822293659181516,0.02382230160455463,0.02382230953454151,0.02382231744918296,0.02382232534851974,0.023822333232592474,0.023822341101441696,0.023822348955107858,0.023822356793631292,0.023822364617052266,0.0238223724254109,0.023822380218747236,0.023822387997101253,0.023822395760512764,0.02382240350902153,0.02382241124266722,0.02382241896148937,0.023822426665527415,0.023822434354820718,0.02382244202940853,0.023822449689330016,0.02382245733462419,0.02382246496533004,0.023822472581486384,0.023822480183131996,0.02382248777030551,0.023822495343045477,0.023822502901390354,0.023822510445378486,0.02382251797504811,0.023822525490437372,0.023822532991584343,0.02382254047852693,0.02382254795130301,0.02382255540995032,0.023822562854506485,0.02382257028500907,0.02382257770149551,0.023822585104003133,0.023822592492569187,0.02382259986723083,0.02382260722802507,0.023822614574988868,0.023822621908159057,0.023822629227572372,0.02382263653326546,0.023822643825274836,0.02382265110363696,0.023822658368388146,0.02382266561956465,0.0238226728572026,0.023822680081338057,0.023822687292006896,0.023822694489244997,0.023822701673088087,0.023822708843571825,0.02382271600073171,0.023822723144603188,0.023822730275221617,0.023822737392622223,0.023822744496840128,0.023822751587910394,0.023822758665867954,0.023822765730747642,0.023822772782584215,0.023822779821412298,0.02382278684726646,0.02382279386018113,0.023822800860190653,0.023822807847329305,0.023822814821631205,0.02382282178313043,0.02382282873186092,0.023822835667856538,0.02382284259115106,0.023822849501778126,0.02382285639977132,0.0238228632851641,0.023822870157989857,0.023822877018281834,0.02382288386607324,0.02382289070139712,0.02382289752428651,0.023822904334774256,0.023822911132893178,0.023822917918675954,0.023822924692155193,0.02382293145336341,0.023822938202333013,0.02382294493909632,0.02382295166368553,0.023822958376132797,0.023822965076470134,0.023822971764729483,0.023822978440942704,0.023822985105141515,0.023822991757357595,0.02382299839762249,0.023823005025967674,0.02382301164242451,0.023823018247024312,0.023823024839798226,0.02382303142077737,0.02382303798999274,0.02382304454747524,0.023823051093255714,0.02382305762736487,0.023823064149833328,0.023823070660691656,0.023823077159970292,0.023823083647699597,0.02382309012390984,0.023823096588631205,0.02382310304189378,0.023823109483727553,0.023823115914162446,0.023823122333228256,0.023823128740954724,0.0238231351373715,0.02382314152250811,0.023823147896394014,0.023823154259058607,0.023823160610531146,0.023823166950840854,0.0238231732800168,0.023823179598088027,0.023823185905083463,0.02382319220103193,0.023823198485962208,0.02382320475990295,0.02382321102288275,0.023823217274930086,0.023823223516073383,0.023823229746340942,0.023823235965761008,0.023823242174361742,0.02382324837217119,0.023823254559217345,0.023823260735528096,0.023823266901131245,0.023823273056054504,0.023823279200325544,0.023823285333971912,0.023823291457021067,0.02382329756950039,0.023823303671437205,0.02382330976285871,0.023823315843792076,0.023823321914264322,0.023823327974302436,0.023823334023933305,0.023823340063183734,0.023823346092080457,0.023823352110650106,0.02382335811891925,0.023823364116914346,0.023823370104661845,0.023823376082188014,0.0238233820495191,0.023823388006681285,0.02382339395370063,0.023823399890603135,0.023823405817414704,0.023823411734161196,0.02382341764086836,0.02382342353756188,0.023823429424267344,0.023823435301010297,0.023823441167816158,0.02382344702471031,0.023823452871718036,0.02382345870886454,0.02382346453617495,0.023823470353674346,0.023823476161387688,0.023823481959339872,0.02382348774755573,0.023823493526060023,0.023823499294877416,0.023823505054032506,0.023823510803549792,0.023823516543453754,0.023823522273768744,0.023823527994519065,0.02382353370572893,0.0238235394074225,0.023823545099623825,0.02382355078235693,0.02382355645564572,0.023823562119514037,0.02382356777398569,0.023823573419084355,0.023823579054833663,0.023823584681257202,0.023823590298378418,0.023823595906220765,0.023823601504807543,0.023823607094162057,0.023823612674307486,0.023823618245266957,0.023823623807063543,0.0238236293597202,0.023823634903259866,0.023823640437705372,0.023823645963079502,0.02382365147940495,0.023823656986704352,0.023823662485000265,0.023823667974315194,0.023823673454671568,0.023823678926091715,0.023823684388597957,0.023823689842212493,0.023823695286957474,0.023823700722854977,0.02382370614992703,0.02382371156819557,0.0238237169776825,0.023823722378409594,0.023823727770398623,0.023823733153671242,0.023823738528249105,0.02382374389415371,0.023823749251406567,0.02382375460002907,0.02382375994004258,0.023823765271468372,0.023823770594327658,0.023823775908641598,0.023823781214431277,0.023823786511717706,0.023823791800521854,0.023823797080864604,0.023823802352766797,0.02382380761624919,0.02382381287133249,0.02382381811803732,0.02382382335638426,0.023823828586393824,0.023823833808086475,0.023823839021482583,0.023823844226602456,0.023823849423466388,0.023823854612094564,0.023823859792507122,0.023823864964724124,0.023823870128765603,0.0238238752846515,0.023823880432401717,0.023823885572036078,0.023823890703574352,0.023823895827036264,0.023823900942441443,0.023823906049809485,0.02382391114915992,0.023823916240512225,0.023823921323885805,0.023823926399300012,0.023823931466774147,0.02382393652632743,0.023823941577979055,0.02382394662174811,0.02382395165765368,0.023823956685714746,0.023823961705950265,0.02382396671837911,0.023823971726538627,0.023823976726982003,0.023823981719677638,0.023823986704643425,0.02382399168189761,0.02382399665145875,0.023824001613345042,0.023824006567574815,0.02382401151416645,0.02382401645313825,0.023824021384508447,0.023824026308295245,0.023824031224516765,0.02382403613319112,0.02382404103433635,0.023824045927970487,0.02382405081411137,0.02382405569277691,0.02382406056398487,0.023824065427753057,0.023824070284099136,0.023824075133040794,0.023824079974595357,0.023824084808780645,0.023824089635614134,0.023824094455113135,0.023824099267295153,0.023824104072177575,0.02382410886977762,0.02382411366011259,0.023824118443199625,0.023824123219055846,0.02382412798769835,0.023824132749144137,0.023824137503410222,0.023824142250513457,0.023824146990470786,0.023824151723299016,0.023824156449014876,0.0238241611676351,0.02382416587917643,0.023824170583655397,0.023824175281088582,0.02382417997149264,0.023824184654886314,0.023824189331281675,0.0238241940006978,0.023824198663150102,0.023824203318654882,0.023824207967228225,0.02382421260888658,0.023824217243645605,0.02382422187152314,0.02382422649253313,0.023824231106692594,0.0238242357140171,0.023824240314522183,0.02382424490822467,0.023824249495139886,0.023824254075283522,0.02382425864867078,0.023824263215318418,0.023824267775241582,0.023824272328455933,0.02382427687497686,0.023824281414819723,0.02382428594799982,0.023824290474532776,0.023824294994433823,0.023824299507718166,0.023824304014401148,0.023824308514497957,0.02382431300802375,0.02382431749499363,0.023824321975422693,0.023824326449325917,0.023824330916718282,0.02382433537761469,0.023824339832030056,0.023824344279979204,0.023824348721476995,0.023824353156538126,0.023824357585177574,0.02382436200740974,0.023824366423249223,0.023824370832710617,0.02382437523580846,0.02382437963255723,0.02382438402297139,0.023824388407065338,0.023824392784853432,0.02382439715635,0.02382440152156932,0.023824405880525628,0.02382441023323311,0.02382441457970594,0.0238244189199582,0.02382442325400399,0.023824427581857315,0.02382443190353217,0.023824436219042483,0.023824440528401516,0.02382444483162403,0.023824449128723467,0.023824453419714002,0.023824457704609284,0.02382446198342268,0.023824466256168277,0.02382447052285944,0.023824474783509502,0.02382447903813182,0.023824483286741548,0.0238244875293502,0.023824491765972185,0.023824495996620627,0.023824500221308928,0.023824504440050416,0.02382450865285835,0.02382451285974596,0.02382451706072643,0.02382452125581296,0.023824525445018615,0.023824529628356513,0.023824533805839678,0.02382453797748112,0.02382454214329378,0.023824546303290638,0.02382455045748454,0.023824554605888382,0.023824558748514964,0.023824562885377036,0.02382456701648737,0.023824571141858673,0.023824575261503646,0.023824579375434828,0.023824583483664875,0.02382458758620633,0.023824591683071536,0.02382459577427363,0.023824599859824387,0.023824603939736448,0.023824608014022183,0.023824612082693448,0.023824616145765164,0.02382462020324586,0.023824624255149394,0.023824628301488012,0.023824632342273857,0.023824636377519057,0.02382464040723537,0.023824644431435508,0.023824648450131197,0.023824652463334425,0.023824656471057158,0.023824660473311336,0.02382466447010884,0.023824668461461532,0.02382467244738124,0.023824676427880078,0.02382468040296921,0.023824684372660627,0.023824688336966014,0.023824692295897034,0.02382469624946531,0.023824700197682458,0.02382470414056001,0.02382470807810952,0.023824712010342454,0.023824715937271482,0.023824719858906798,0.023824723775259838,0.023824727686341963,0.023824731592164486,0.023824735492738718,0.023824739388075927,0.02382474327818735,0.023824747163084206,0.023824751042777634,0.023824754917278812,0.023824758786598833,0.023824762650748784,0.02382476650973968,0.023824770363582593,0.023824774212288458,0.023824778055868256,0.023824781894332903,0.023824785727693285,0.023824789555960287,0.023824793379144713,0.023824797197257375,0.023824801010309052,0.023824804818310456,0.023824808621272335,0.023824812419205334,0.023824816212120136,0.023824820000027357,0.023824823782937585,0.023824827560861368,0.02382483133380924,0.02382483510179171,0.023824838864819252,0.023824842622902326,0.02382484637605133,0.023824850124276646,0.023824853867588636,0.023824857605997625,0.023824861339513927,0.023824865068147794,0.023824868791909485,0.023824872510809184,0.023824876224857128,0.023824879934063438,0.023824883638438238,0.02382488733799165,0.023824891032732505,0.023824894722672085,0.023824898407820407,0.02382490208818745,0.023824905763783204,0.02382490943461759,0.023824913100700514,0.023824916762041883,0.02382492041865151,0.023824924070539294,0.023824927717714994,0.02382493136018835,0.023824934997969116,0.023824938631067025,0.02382494225949175,0.023824945883252208,0.02382494950235956,0.023824953116821822,0.023824956726650214,0.02382496033185347,0.02382496393244116,0.02382496752842279,0.023824971119807786,0.023824974706605686,0.023824978288825828,0.023824981866477662,0.02382498543957056,0.023824989008113886,0.023824992572116933,0.02382499613158905,0.02382499968653947,0.02382500323697748,0.023825006782912283,0.02382501032435309,0.023825013861309075,0.02382501739378939,0.023825020921803133,0.023825024445359427,0.023825027964467366,0.023825031479135988,0.02382503498937431,0.023825038495191346,0.023825041996596116,0.023825045493597475,0.023825048986204404,0.023825052474425814,0.02382505595826978,0.023825059437746564,0.023825062912864604,0.02382506638363251,0.02382506985005887,0.023825073312152823,0.023825076769922817,0.023825080223377572,0.023825083672526098,0.023825087117376856,0.023825090557938494,0.023825093994219643,0.023825097426228865,0.023825100853974792,0.02382510427746607,0.023825107696710937,0.023825111111718065,0.02382511452249593,0.023825117929052987,0.023825121331397706,0.023825124729538464,0.0238251281234837,0.023825131513241758,0.023825134898821307,0.02382513828023044,0.023825141657477084,0.02382514503057009,0.02382514839951719,0.02382515176432689,0.023825155125007397,0.0238251584815669,0.02382516183401381,0.02382516518235577,0.02382516852660128,0.02382517186675836,0.02382517520283507,0.023825178534839526,0.023825181862779727,0.02382518518666377,0.0238251885064996,0.02382519182229513,0.02382519513405836,0.023825198441797365,0.02382520174551995,0.023825205045233992,0.023825208340947757,0.02382521163266736,0.02382521492040312,0.02382521820416175,0.023825221483951053,0.02382522475977878,0.02382522803165265,0.023825231299580234,0.023825234563569664,0.023825237823628147,0.023825241079763925,0.02382524433198435,0.023825247580296843,0.02382525082470955,0.023825254065229905,0.02382525730186545,0.023825260534623628,0.023825263763512624,0.023825266988538516,0.023825270209709155,0.023825273427033743,0.023825276640517232,0.023825279850169738,0.02382528305599563,0.023825286258003803,0.02382528945620183,0.02382529265059728,0.023825295841196855,0.02382529902800698,0.023825302211037368,0.023825305390293986,0.023825308565783063,0.023825311737511616,0.023825314905490613,0.023825318069725116,0.023825321230221803,0.023825324386988297,0.02382532754003157,0.02382533068935899,0.023825333834976717,0.023825336976892958,0.02382534011511457,0.02382534324964829,0.023825346380501204,0.02382534950768044,0.02382535263119301,0.02382535575104589,0.02382535886724606,0.023825361979800525,0.02382536508871611,0.02382536819399999,0.023825371295658655,0.023825374393699385,0.023825377488128855,0.023825380578953774,0.023825383666181248,0.023825386749817806,0.02382538982987037,0.023825392906345742,0.023825395979250666,0.023825399048591888,0.023825402114376122,0.023825405176610092,0.02382540823530048,0.023825411290453968,0.023825414342077206,0.023825417390176976,0.02382542043475963,0.023825423475831914,0.023825426513400395,0.023825429547471657,0.023825432578052436,0.023825435605149034,0.02382543862876793,0.023825441648915743,0.023825444665598876,0.023825447678824108,0.02382545068859795,0.02382545369492611,0.023825456697815536,0.02382545969727255,0.023825462693303632,0.023825465685913844,0.023825468675112017,0.02382547166090328,0.023825474643294077,0.023825477622290498,0.023825480597898935,0.02382548357012587,0.023825486538977432,0.023825489504459178,0.023825492466578464,0.02382549542534102,0.02382549838075308,0.02382550133282081,0.02382550428155032,0.02382550722694782,0.023825510169019473,0.023825513107771385,0.023825516043209705,0.023825518975340493,0.02382552190416984,0.02382552482970381,0.023825527751948468,0.02382553067090984,0.023825533586593957,0.0238255364990068,0.023825539408154385,0.02382554231404268,0.023825545216677645,0.02382554811606521,0.02382555101221135,0.02382555390512194,0.0238255567948029,0.023825559681260117,0.02382556256449947,0.023825565444526815,0.023825568321348,0.023825571194968843,0.023825574065395178,0.02382557693263278,0.02382557979668747,0.023825582657565084,0.0238255855152713,0.02382558836981187,0.02382559122119252,0.023825594069418903,0.02382559691449678,0.023825599756431864,0.023825602595229953,0.023825605430896537,0.023825608263437305,0.023825611092857874,0.023825613919163824,0.02382561674236083,0.023825619562454468,0.023825622379450285,0.023825625193353888,0.023825628004170787,0.023825630811906518,0.023825633616566637,0.023825636418156663,0.023825639216682053,0.023825642012148315,0.023825644804560925,0.023825647593925334,0.023825650380246994,0.02382565316353133,0.023825655943783754,0.023825658721009682,0.023825661495214475,0.023825664266403552,0.023825667034582262,0.023825669799755977,0.02382567256192999,0.023825675321109695,0.023825678077300353,0.023825680830507276,0.02382568358073575,0.023825686327991098,0.02382568907227851,0.02382569181360321,0.02382569455197049,0.02382569728738696,0.023825700019855102,0.023825702749381724,0.02382570547597152,0.02382570819962997,0.023825710920361686,0.023825713638172614,0.023825716353067707,0.023825719065052067,0.02382572177413071,0.023825724480308747,0.023825727183591255,0.02382572988398333,0.023825732581490025,0.0238257352761164,0.023825737967867484,0.023825740656748338,0.023825743342763935,0.02382574602591931,0.02382574870621947,0.023825751383669352,0.023825754058273956,0.023825756730038217,0.02382575939896711,0.023825762065065568,0.023825764728338514,0.023825767388790834,0.023825770046427455,0.023825772701253255,0.023825775353273113,0.023825778002491884,0.023825780648914437,0.023825783292545234,0.02382578593338914,0.0238257885714521,0.02382579120673813,0.02382579383925212,0.02382579646899849,0.023825799095982425,0.023825801720208425,0.02382580434168138,0.023825806960406048,0.023825809576387257,0.02382581218962952,0.02382581480013773,0.02382581740791628,0.023825820012970247,0.023825822615304124,0.023825825214922255,0.023825827811829743,0.023825830406031256,0.023825832997531247,0.02382583558633438,0.023825838172445234,0.023825840755868556,0.023825843336608768,0.02382584591467031,0.023825848490057627,0.023825851062774368,0.023825853632826372,0.0238258562002192,0.023825858764956104,0.023825861327041738,0.02382586388648025,0.02382586644327772,0.02382586899743651,0.0238258715489621,0.02382587409785893,0.023825876644131373,0.023825879187784088,0.023825881728821146,0.023825884267247226,0.023825886803066267,0.02382588933628324,0.023825891866902496,0.023825894394928177,0.023825896920364648,0.02382589944321629,0.02382590196348756,0.023825904481182693,0.023825906996306087,0.023825909508862028,0.023825912018855054,0.023825914526289016,0.023825917031168424,0.023825919533497598,0.02382592203328078,0.02382592453052224,0.023825927025226224,0.023825929517396965,0.023825932007038336,0.023825934494154936,0.023825936978750937,0.023825939460830566,0.023825941940398016,0.023825944417457452,0.023825946892013075,0.023825949364069034,0.02382595183362988,0.02382595430069937,0.02382595676528154,0.023825959227380733,0.023825961687001018,0.02382596414414643,0.023825966598821073,0.023825969051029062,0.023825971500774458,0.0238259739480614,0.023825976392893827,0.02382597883527586,0.02382598127521128,0.023825983712704696,0.023825986147759774,0.02382598858038061,0.023825991010571024,0.023825993438335285,0.023825995863677292,0.023825998286600817,0.023826000707110127,0.023826003125211305,0.023826005540904124,0.02382600795419387,0.023826010365085564,0.023826012773582546,0.023826015179688968,0.023826017583408767,0.023826019984745466,0.023826022383703217,0.02382602478028572,0.023826027174497447,0.023826029566341625,0.02382603195582223,0.02382603434294338,0.0238260367277088,0.02382603911012231,0.023826041490187515,0.023826043867908268,0.023826046243288605,0.023826048616332356,0.023826050987043053,0.023826053355424016,0.023826055721480197,0.023826058085214766,0.02382606044663144,0.023826062805734054,0.02382606516252605,0.02382606751701168,0.02382606986919431,0.023826072219077992,0.023826074566665592,0.02382607691196181,0.023826079254970194,0.023826081595694184,0.02382608393413766,0.023826086270303533,0.02382608860419599,0.023826090935818816,0.023826093265175322,0.023826095592269572,0.0238260979171049,0.023826100239684893,0.023826102560013142,0.023826104878093515,0.02382610719392945,0.023826109507524812,0.023826111818882695,0.023826114128006885,0.02382611643490086,0.023826118739568268,0.023826121042012618,0.023826123342237552,0.0238261256402465,0.02382612793604303,0.023826130229630562,0.023826132521012778,0.023826134810193078,0.023826137097174988,0.023826139381961986,0.023826141664557546,0.02382614394496508,0.023826146223188096,0.02382614849923006,0.02382615077309441,0.02382615304478469,0.02382615531430435,0.023826157581656376,0.023826159846844528,0.023826162109871894,0.023826164370742274,0.023826166629459435,0.02382616888602612,0.023826171140445964,0.023826173392722288,0.023826175642858508,0.02382617789085784,0.023826180136723822,0.023826182380459568,0.023826184622068595,0.023826186861554244,0.02382618909891974,0.0238261913341681,0.023826193567303294,0.0238261957983283,0.023826198027246438,0.02382620025406097,0.02382620247877455,0.023826204701391965,0.023826206921915373,0.02382620914034827,0.023826211356693917,0.02382621357095554,0.023826215783136397,0.023826217993239716,0.023826220201268723,0.023826222407226632,0.023826224611116657,0.023826226812942008,0.02382622901270588,0.023826231210411473,0.023826233406061954,0.023826235599660517,0.023826237791210313,0.023826239980714536,0.02382624216817615,0.023826244353599285,0.02382624653698528,0.02382624871833898,0.023826250897663798,0.023826253074960564,0.0238262552502337,0.023826257423486184,0.023826259594721472,0.023826261763942307,0.02382626393115208,0.02382626609635368,0.023826268259550247,0.023826270420744845,0.02382627257994051,0.02382627473714022,0.02382627689234727,0.02382627904556485,0.02382628119679502,0.023826283346041928,0.023826285493308178,0.023826287638596816,0.023826289781910853,0.023826291923253265,0.023826294062627016,0.02382629620003475,0.02382629833548079,0.023826300468966534,0.023826302600495702,0.023826304730071156,0.02382630685769589,0.023826308983373033,0.023826311107105327,0.023826313228895703,0.023826315348747202,0.02382631746666306,0.023826319582645285,0.023826321696697062,0.023826323808822134,0.023826325919022694,0.023826328027301814,0.02382633013366219,0.02382633223810852,0.023826334340640923,0.02382633644126331,0.023826338539978724,0.023826340636790167,0.023826342731700388,0.023826344824713717,0.023826346915831506,0.023826349005054873,0.023826351092389248,0.023826353177835543,0.02382635526139796,0.023826357343079228,0.023826359422881607,0.023826361500809728,0.023826363576863293,0.023826365651048127,0.023826367723364827,0.02382636979381674,0.02382637186240658,0.023826373929137376,0.02382637599401191,0.023826378057032954,0.023826380118203094,0.0238263821775252,0.02382638423500208,0.023826386290636596,0.02382638834443164,0.023826390396389438,0.02382639244651338,0.023826394494805274,0.02382639654126832,0.023826398585905132,0.023826400628718172,0.02382640266970986,0.02382640470888401,0.0238264067462426,0.023826408781789585,0.023826410815526368,0.02382641284745519,0.023826414877579194,0.023826416905902016,0.023826418932426055,0.023826420957153066,0.023826422980084812,0.02382642500122591,0.02382642702057733,0.0238264290381425,0.023826431053924093,0.023826433067924646,0.023826435080146875,0.023826437090593226,0.023826439099266506,0.02382644110616883,0.02382644311130381,0.023826445114674633,0.02382644711628139,0.023826449116127628,0.02382645111421611,0.023826453110551617,0.023826455105132396,0.023826457097963178,0.0238264590890452,0.023826461078383595,0.023826463065980748,0.0238264650518375,0.023826467035956297,0.02382646901834203,0.023826470998994945,0.023826472977916905,0.023826474955111886,0.02382647693058198,0.023826478904329616,0.023826480876357692,0.02382648284666611,0.023826484815259737,0.02382648678214321,0.02382648874731683,0.023826490710783254,0.02382649267254539,0.0238264946326053,0.02382649659096409,0.02382649854762536,0.023826500502592905,0.023826502455867492,0.023826504407449635,0.02382650635734526,0.023826508305554012,0.023826510252079953,0.023826512196926327,0.023826514140094592,0.02382651608158704,0.0238265180214061,0.023826519959554298,0.023826521896033574,0.023826523830846998,0.023826525763996527,0.023826527695484677,0.02382652962531395,0.023826531553486355,0.02382653348000444,0.023826535404870453,0.023826537328086844,0.023826539249655963,0.023826541169580148,0.02382654308786186,0.023826545004503312,0.023826546919506753,0.023826548832874685,0.023826550744609334,0.023826552654712736,0.023826554563187594,0.023826556470035964,0.02382655837526041,0.023826560278863394,0.023826562180847954,0.023826564081214346,0.023826565979965724,0.023826567877104424,0.023826569772634393,0.0238265716665549,0.023826573558869742,0.02382657544958082,0.02382657733869072,0.02382657922620237,0.023826581112116437,0.023826582996437234,0.023826584879164454,0.023826586760301596,0.02382658863985237,0.023826590517817596,0.023826592394198112,0.023826594268995076,0.023826596142215505,0.02382659801385923,0.023826599883928455,0.023826601752422818,0.02382660361934686,0.02382660548470577,0.023826607348499146,0.023826609210729228,0.02382661107139775,0.023826612930507765,0.023826614788059967,0.02382661664405728,0.02382661849850217,0.023826620351396533,0.02382662220274252,0.0238266240525423,0.023826625900798006,0.023826627747511802,0.02382662959268582,0.023826631436322188,0.023826633278423017,0.023826635118990462,0.02382663695802665,0.0238266387955337,0.023826640631513456,0.023826642465968387,0.023826644298900565,0.02382664613031208,0.023826647960204936,0.023826649788581504,0.02382665161544358,0.02382665344079308,0.02382665526463227,0.023826657086963843,0.023826658907789046,0.023826660727110135,0.02382666254492951,0.023826664361248702,0.023826666176069985,0.023826667989395946,0.023826669801227746,0.023826671611568012,0.023826673420418353,0.023826675227782503,0.023826677033659822,0.02382667883805377,0.023826680640966703,0.02382668244239978,0.023826684242355012,0.023826686040835134,0.023826687837841684,0.023826689633376735,0.023826691427442155,0.02382669322003989,0.023826695011172672,0.023826696800842113,0.023826698589050118,0.023826700375798652,0.023826702161089713,0.02382670394492528,0.02382670572730754,0.023826707508238083,0.023826709287719038,0.023826711065752394,0.023826712842338046,0.023826714617481617,0.02382671639118398,0.023826718163446267,0.02382671993427086,0.023826721703659567,0.023826723471614082,0.023826725238136805,0.02382672700322942,0.023826728766893925,0.023826730529132343,0.02382673228994624,0.023826734049337633,0.02382673580730867,0.023826737563860976,0.023826739318996693,0.023826741072717678,0.02382674282502566,0.023826744575923268,0.02382674632541132,0.02382674807349194,0.0238267498201675,0.02382675156544071,0.02382675330931121,0.023826755051782608,0.02382675679285562,0.023826758532532518,0.023826760270816264,0.02382676200770614,0.02382676374320639,0.02382676547731819,0.023826767210044404,0.02382676894138487,0.023826770671342406,0.023826772399918584,0.02382677412711558,0.023826775852935286,0.023826777577379162,0.023826779300449803,0.02382678102214826,0.02382678274247607,0.023826784461435855,0.023826786179028957,0.023826787895257186,0.0238267896101225,0.023826791323627024,0.02382679303577042,0.02382679474655803,0.0238267964559899,0.02382679816406767,0.02382679987079325,0.02382680157616847,0.02382680328019511,0.023826804982873543,0.023826806684208352,0.023826808384200048,0.0238268100828501,0.023826811780160273,0.023826813476132806,0.023826815170769195,0.02382681686407106,0.023826818556040238,0.023826820246678558,0.02382682193598758,0.023826823623969134,0.023826825310624924,0.023826826995957333,0.02382682867996784,0.023826830362656887,0.023826832044027114,0.02382683372408016,0.02382683540281795,0.02382683708024212,0.023826838756352903,0.023826840431154853,0.023826842104648298,0.023826843776835,0.023826845447716627,0.02382684711729494,0.023826848785571467,0.02382685045254799,0.02382685211822624,0.02382685378260787,0.02382685544569452,0.02382685710748793,0.02382685876798977,0.02382686042720183,0.023826862085125577,0.023826863741762395,0.023826865397114688,0.02382686705118337,0.023826868703970508,0.02382687035547795,0.023826872005706837,0.023826873654659526,0.023826875302336646,0.02382687694874045,0.023826878593872523,0.02382688023773452,0.023826881880327812,0.023826883521654577,0.02382688516171619,0.023826886800514174,0.02382688843805022,0.023826890074325955,0.023826891709343007,0.023826893343103075,0.02382689497560777,0.02382689660685863,0.023826898236857248,0.023826899865605117,0.023826901493103785,0.023826903119354998,0.023826904744360534,0.023826906368121688,0.02382690799064028,0.02382690961191776,0.023826911231955773,0.02382691285075585,0.02382691446831958,0.023826916084648486,0.02382691769974464,0.02382691931360771,0.0238269209262418,0.023826922537647444,0.02382692414782623,0.02382692575677959,0.023826927364509098,0.02382692897101613,0.023826930576302946,0.023826932180370394,0.023826933783219262,0.02382693538485302,0.023826936985272437,0.023826938584478586,0.023826940182473326,0.023826941779258166,0.023826943374832793,0.023826944969202696,0.02382694656236658,0.02382694815432691,0.02382694974508491,0.023826951334642115,0.023826952923000026,0.02382695451016015,0.023826956096124192,0.023826957680893292,0.02382695926446955,0.023826960846853675,0.023826962428047545,0.023826964008052953,0.023826965586871335,0.02382696716450332,0.023826968740951086,0.023826970316215744,0.023826971890299045,0.02382697346320299,0.02382697503492844,0.023826976605477168,0.023826978174850143,0.023826979743048888,0.023826981310075507,0.023826982875931088,0.023826984440617077,0.0238269860041367,0.02382698756648797,0.02382698912767403,0.02382699068769627,0.023826992246556197,0.023826993804255,0.023826995360794766,0.02382699691617648,0.023826998470401442,0.023827000023471614,0.023827001575388154,0.02382700312615245,0.023827004675766192,0.023827006224230302,0.02382700777154642,0.02382700931771588,0.0238270108627403,0.023827012406621002,0.02382701394935942,0.023827015490956973,0.023827017031415123,0.023827018570735093,0.023827020108918462,0.023827021645966565,0.02382702318188073,0.02382702471666268,0.023827026250313327,0.02382702778283439,0.023827029314227213,0.023827030844493467,0.023827032373633948,0.023827033901650255,0.02382703542854455,0.023827036954316542,0.02382703847896872,0.023827040002502298,0.023827041524918633,0.0238270430462196,0.023827044566405445,0.023827046085478375,0.023827047603439556,0.023827049120290076,0.0238270506360316,0.023827052150665436,0.02382705366419291,0.02382705517661546,0.023827056687934237,0.023827058198150737,0.023827059707266326,0.023827061215282264,0.023827062722199855,0.02382706422802059,0.02382706573274566,0.023827067236376377,0.02382706873891415,0.02382707024036034,0.023827071740716105,0.023827073239982968,0.02382707473816218,0.02382707623525503,0.023827077731262875,0.023827079226186994,0.023827080720028707,0.02382708221278934,0.023827083704470193,0.023827085195072564,0.023827086684597768,0.023827088173047052,0.023827089660421803,0.023827091146723264,0.02382709263195276,0.023827094116111492,0.023827095599200845,0.02382709708122209,0.023827098562176532,0.02382710004206546,0.023827101520890234,0.02382710299865122,0.023827104475350903,0.02382710595099044,0.02382710742557082,0.023827108899093306,0.023827110371559893,0.023827111842971035,0.02382711331332756,0.023827114782631255,0.023827116250883403,0.02382711771808524,0.02382711918423803,0.023827120649343014,0.02382712211340138,0.023827123576414935,0.023827125038383808,0.02382712649930964,0.02382712795919415,0.023827129418038353,0.023827130875843486,0.023827132332610808,0.02382713378834151,0.023827135243037156,0.023827136696698666,0.02382713814932719,0.02382713960092395,0.023827141051490218,0.023827142501027295,0.023827143949536358,0.023827145397018648,0.02382714684347533,0.023827148288907647,0.02382714973331693,0.023827151176704493,0.023827152619071347,0.023827154060418694,0.02382715550074771,0.023827156940059636,0.023827158378355636,0.023827159815636937,0.023827161251904726,0.023827162687160175,0.023827164121404516,0.023827165554638926,0.023827166986864597,0.023827168418082724,0.02382716984829446,0.023827171277501023,0.023827172705703586,0.023827174132903323,0.023827175559101417,0.02382717698429904,0.023827178408497372,0.023827179831697572,0.023827181253900827,0.02382718267510829,0.02382718409532114,0.023827185514540522,0.02382718693276762,0.023827188350003584,0.02382718976624957,0.023827191181506745,0.02382719259577627,0.02382719400905928,0.023827195421356934,0.023827196832670386,0.02382719824300077,0.02382719965234925,0.02382720106071697,0.02382720246810507,0.023827203874514664,0.02382720527994692,0.023827206684402965,0.02382720808788393,0.023827209490390952,0.023827210891925164,0.023827212292487673,0.02382721369207964,0.023827215090702195,0.023827216488356426,0.023827217885043477,0.023827219280764467,0.0238272206755205,0.02382722206931269,0.023827223462142198,0.023827224854010072,0.023827226244917468,0.023827227634865493,0.02382722902385523,0.023827230411887803,0.023827231798964312,0.02382723318508536,0.023827234570253035,0.023827235954467445,0.023827237337730196,0.023827238720042367,0.02382724010140505,0.023827241481818712,0.0238272428612857,0.023827244239806703,0.023827245617382548,0.023827246994014367,0.023827248369703024,0.023827249744449774,0.02382725111825573,0.023827252491122247,0.023827253863049964,0.023827255234039908,0.02382725660409409,0.023827257973212407,0.023827259341396352,0.02382726070864701,0.023827262074965227,0.023827263440352495,0.023827264804808488,0.02382726616833661,0.023827267530935586,0.023827268892608815,0.023827270253356157,0.023827271613178644,0.023827272972077446,0.023827274330053636,0.02382727568710795,0.023827277043241706,0.023827278398455883,0.02382727975275154,0.023827281106129725,0.023827282458591423,0.02382728381013774,0.023827285160769682,0.023827286510488297,0.02382728785929464,0.023827289207189854,0.023827290554174645,0.023827291900250302,0.02382729324541754,0.023827294589677875,0.023827295933032018,0.023827297275481295,0.023827298617026232,0.023827299957668104,0.02382730129740806,0.023827302636246973,0.023827303974186084,0.023827305311226128,0.023827306647367926,0.02382730798261303,0.023827309316961504,0.02382731065041555,0.02382731198297563,0.023827313314642797,0.023827314645417992,0.023827315975302233,0.023827317304296432,0.023827318632401766,0.023827319959619144,0.02382732128594958,0.023827322611394062,0.02382732393595356,0.023827325259630716,0.023827326582424056,0.023827327904334436,0.023827329225363823,0.02382733054551359,0.023827331864783936,0.023827333183176192,0.023827334500691286,0.02382733581733016,0.023827337133093977,0.023827338447983695,0.023827339762000098,0.02382734107514428,0.02382734238741721,0.02382734369881984,0.023827345009353147,0.02382734631901809,0.023827347627815645,0.023827348935746756,0.02382735024281241,0.023827351549013533,0.023827352854351124,0.023827354158826104,0.023827355462439435,0.02382735676519208,0.023827358067085,0.023827359368119118,0.0238273606682954,0.023827361967614792,0.023827363266078243,0.0238273645636867,0.023827365860441093,0.02382736715634238,0.0238273684513915,0.02382736974558937,0.023827371038936944,0.023827372331435167,0.023827373623084947,0.023827374913887252,0.023827376203842995,0.023827377492953092,0.02382737878121851,0.023827380068640137,0.023827381355218905,0.023827382640955776,0.02382738392585162,0.023827385209907403,0.023827386493124034,0.023827387775502404,0.023827389057043468,0.02382739033774812,0.023827391617617287,0.023827392896651877,0.023827394174852794,0.023827395452220942,0.023827396728757267,0.023827398004462652,0.023827399279338014,0.023827400553384233,0.02382740182660225,0.023827403098992932,0.023827404370557196,0.023827405641295946,0.02382740691121007,0.023827408180300474,0.023827409448568062,0.023827410716013697,0.023827411982638307,0.02382741324844275,0.023827414513427948,0.023827415777594774,0.023827417040944113,0.02382741830347685,0.02382741956519388,0.023827420826096086,0.023827422086184335,0.02382742334545953,0.02382742460392254,0.023827425861574228,0.02382742711841548,0.02382742837444724,0.023827429629670268,0.023827430884085544,0.023827432137693883,0.02382743339049614,0.023827434642493192,0.02382743589368593,0.023827437144075175,0.023827438393661846,0.02382743964244676,0.02382744089043083,0.02382744213761486,0.02382744338399976,0.02382744462958637,0.02382744587437553,0.0238274471183681,0.02382744836156495,0.023827449603966915,0.023827450845574877,0.023827452086389672,0.023827453326412156,0.023827454565643145,0.023827455804083537,0.023827457041734314,0.023827458278595896,0.023827459514669382,0.02382746074995562,0.023827461984455414,0.02382746321816973,0.023827464451099234,0.023827465683244727,0.023827466914607243,0.023827468145187405,0.02382746937498627,0.02382747060400449,0.023827471832243,0.023827473059702686,0.02382747428638463,0.023827475512289233,0.02382747673741728,0.023827477961769837,0.02382747918534763,0.02382748040815147,0.023827481630182168,0.023827482851440585,0.023827484071927515,0.02382748529164375,0.02382748651059007,0.023827487728767298,0.02382748894617639,0.02382749016281808,0.023827491378693194,0.02382749259380247,0.023827493808146763,0.023827495021726895,0.023827496234543707,0.02382749744659787,0.023827498657890384,0.023827499868421878,0.0238275010781933,0.023827502287205315,0.023827503495458778,0.023827504702954496,0.023827505909693274,0.02382750711567586,0.02382750832090309,0.023827509525375747,0.023827510729094618,0.023827511932060532,0.023827513134274222,0.023827514335736502,0.02382751553644814,0.023827516736409954,0.023827517935622718,0.023827519134087215,0.023827520331804235,0.02382752152877455,0.02382752272499896,0.023827523920478218,0.023827525115213126,0.023827526309204462,0.023827527502452966,0.023827528694959455,0.02382752988672468,0.023827531077749445,0.023827532268034506,0.023827533457580614,0.02382753464638854,0.023827535834459103,0.02382753702179301,0.023827538208391168,0.023827539394254103,0.023827540579382703,0.023827541763777577,0.023827542947439755,0.023827544130369898,0.023827545312568726,0.023827546494037014,0.023827547674775535,0.023827548854785052,0.023827550034066284,0.023827551212620007,0.023827552390446975,0.023827553567547927,0.023827554743923618,0.023827555919574812,0.023827557094502246,0.02382755826870666,0.023827559442188815,0.02382756061494945,0.023827561786989304,0.023827562958309137,0.023827564128909684,0.02382756529879167,0.02382756646795586,0.023827567636402983,0.023827568804134048,0.02382756997114924,0.023827571137449367,0.02382757230303584,0.0238275734679088,0.023827574632069064,0.023827575795517413,0.023827576958253858,0.023827578120280257,0.023827579281597216,0.023827580442205395,0.023827581602105217,0.02382758276129745,0.023827583919782423,0.0238275850775615,0.0238275862346352,0.023827587391003983,0.02382758854666918,0.02382758970163105,0.023827590855890497,0.023827592009448072,0.02382759316230457,0.0238275943144607,0.0238275954659172,0.02382759661667478,0.023827597766734137,0.023827598916095996,0.02382760006476103,0.02382760121273,0.023827602360003586,0.023827603506582525,0.023827604652467457,0.02382760579765913,0.023827606942158283,0.023827608085965544,0.02382760922908166,0.023827610371507338,0.023827611513243255,0.023827612654290106,0.023827613794648643,0.023827614934319494,0.023827616073303387,0.023827617211601027,0.023827618349213094,0.023827619486140292,0.023827620622383295,0.023827621757942796,0.023827622892819495,0.023827624027014067,0.02382762516052723,0.023827626293359654,0.023827627425512008,0.023827628556985,0.023827629687779316,0.023827630817895618,0.02382763194733462,0.02382763307609638,0.02382763420418278,0.0238276353315939,0.02382763645833035,0.023827637584392953,0.02382763870978226,0.023827639834499054,0.0238276409585435,0.023827642081916553,0.0238276432046197,0.02382764432665292,0.02382764544801641,0.023827646568711953,0.02382764768873954,0.023827648808100017,0.02382764992679313,0.023827651044821232,0.023827652162184132,0.023827653278882508,0.02382765439491701,0.02382765551028831,0.023827656624997074,0.02382765773904394,0.023827658852429615,0.023827659965154697,0.023827661077219904,0.023827662188625854,0.023827663299373206,0.023827664409462636,0.02382766551889398,0.023827666627669514,0.02382766773578906,0.02382766884325329,0.023827669950062833,0.023827671056218372,0.02382767216172054,0.023827673266569982,0.023827674370767347,0.023827675474313276,0.023827676577208422,0.023827677679453433,0.023827678781048946,0.023827679881995613,0.023827680982294056,0.02382768208194494,0.02382768318094888,0.023827684279306545,0.02382768537701855,0.023827686474085532,0.023827687570508144,0.023827688666287,0.023827689761422747,0.02382769085591607,0.023827691949767516,0.023827693042978194,0.023827694135547847,0.023827695227477564,0.023827696318767955,0.023827697409419667,0.023827698499433315,0.02382769958880953,0.023827700677548948,0.023827701765652243,0.02382770285311991,0.023827703939952698,0.0238277050261512,0.023827706111715925,0.023827707196647657,0.023827708280946935,0.023827709364614542,0.023827710447651577,0.023827711530057197,0.023827712611832825,0.02382771369297907,0.02382771477349658,0.023827715853385924,0.023827716932647784,0.023827718011282736,0.0238277190892914,0.02382772016667438,0.023827721243432205,0.023827722319565644,0.02382772339507527,0.023827724469961627,0.023827725544225336,0.023827726617867005,0.02382772769088725,0.023827728763286565,0.023827729835065765,0.02382773090622533,0.02382773197676595,0.02382773304668814,0.023827734115993326,0.023827735184680492,0.023827736252750992,0.02382773732020553,0.02382773838704452,0.023827739453268767,0.023827740518878947,0.023827741583875257,0.02382774264825858,0.023827743712029493,0.02382774477518854,0.023827745837736336,0.02382774689967344,0.02382774796100048,0.023827749021718046,0.02382775008182671,0.02382775114132706,0.02382775220021966,0.023827753258505065,0.023827754316183954,0.023827755373256876,0.02382775642972433,0.02382775748558704,0.023827758540845533,0.023827759595500358,0.023827760649552047,0.02382776170300124,0.023827762755848542,0.02382776380809451,0.023827764859739708,0.023827765910784733,0.023827766961230148,0.023827768011076538,0.02382776906032448,0.023827770108974536,0.023827771157027337,0.023827772204483403,0.02382777325134331,0.02382777429760761,0.0238277753432769,0.023827776388351717,0.023827777432832594,0.023827778476720202,0.02382777952001505,0.02382778056271766,0.023827781604828697,0.023827782646348078,0.023827783687277383,0.02382778472761683,0.023827785767366997,0.0238277868065283,0.02382778784510133,0.023827788883086683,0.023827789920484895,0.02382779095729656,0.023827791993522186,0.02382779302916237,0.023827794064217686,0.02382779509868839,0.023827796132575577,0.023827797165879936,0.0238277981986011,0.02382779923074064,0.023827800262298145,0.02382780129327458,0.023827802323670547,0.023827803353486565,0.02382780438272319,0.023827805411381,0.023827806439460548,0.023827807466962315,0.02382780849388704,0.023827809520234968,0.023827810546006776,0.023827811571203023,0.023827812595823897,0.023827813619870464,0.02382781464334328,0.023827815666242654,0.023827816688569224,0.023827817710324144,0.023827818731506592,0.023827819752117837,0.023827820772158358,0.0238278217916287,0.023827822810529385,0.023827823828861013,0.023827824846624074,0.02382782586381909,0.02382782688044664,0.02382782789650712,0.023827828912001303,0.023827829926929535,0.023827830941292413,0.02382783195509044,0.023827832968324168,0.023827833980994126,0.023827834993100757,0.023827836004644675,0.023827837015626723,0.023827838026046804,0.02382783903590571,0.02382784004520399,0.02382784105394261,0.023827842062121223,0.02382784306974144,0.023827844076802475,0.023827845083305463,0.023827846089250915,0.023827847094639424,0.023827848099471475,0.023827849103747595,0.02382785010746824,0.023827851110633933,0.023827852113245368,0.02382785311530337,0.023827854116807472,0.023827855117758662,0.023827856118158006,0.02382785711800514,0.02382785811730089,0.023827859116045895,0.023827860114240627,0.02382786111188557,0.023827862108981225,0.0238278631055281,0.02382786410152674,0.023827865096977645,0.023827866091881176,0.023827867086238082,0.02382786808004878,0.023827869073313756,0.023827870066033593,0.023827871058208626,0.023827872049839438,0.02382787304092651,0.0238278740314703,0.02382787502147146,0.023827876010930046,0.02382787699984729,0.023827877988223334,0.02382787897605861,0.023827879963353723,0.023827880950109043,0.023827881936325342,0.023827882922002126,0.023827883907141318,0.023827884891742784,0.0238278858758067,0.023827886859334187,0.02382788784232528,0.023827888824780704,0.023827889806700867,0.023827890788086174,0.023827891768937254,0.02382789274925449,0.023827893729038395,0.023827894708289502,0.023827895687008282,0.023827896665195178,0.02382789764285069,0.023827898619975443,0.023827899596569706,0.02382790057263405,0.023827901548168946,0.023827902523174915,0.023827903497652396,0.023827904471601876,0.023827905445023865,0.023827906417918782,0.023827907390287208,0.02382790836212962,0.023827909333446386,0.02382791030423808,0.02382791127450517,0.02382791224424797,0.023827913213467066,0.023827914182163085,0.023827915150336384,0.023827916117987482,0.023827917085116744,0.02382791805172471,0.023827919017811384,0.023827919983378545,0.023827920948425403,0.023827921912952837,0.02382792287696133,0.023827923840450713,0.02382792480342181,0.0238279257658763,0.023827926727813732,0.023827927689234477,0.023827928650139184,0.023827929610528212,0.023827930570401556,0.02382793152976062,0.02382793248860543,0.023827933446936424,0.023827934404754093,0.023827935362058867,0.023827936318851217,0.023827937275131633,0.02382793823090048,0.02382793918615823,0.023827940140905574,0.023827941095142663,0.023827942048870128,0.02382794300208794,0.023827943954797152,0.0238279449069991,0.02382794585869249,0.023827946809880197,0.02382794776055929,0.02382794871073192,0.02382794966039853,0.023827950609559542,0.023827951558215463,0.023827952506366743,0.023827953454014006,0.023827954401157352,0.023827955347797483,0.02382795629393465,0.023827957239569524,0.023827958184702146,0.02382795912933345,0.023827960073463543,0.023827961017092114,0.02382796196022153,0.023827962902851253,0.023827963844981856,0.02382796478661351,0.023827965727746772,0.023827966668382106,0.023827967608519938,0.023827968548160723,0.023827969487304684,0.023827970425952943,0.023827971364105256,0.023827972301762243,0.023827973238923807,0.023827974175591994,0.023827975111765817,0.023827976047446128,0.023827976982633208,0.023827977917327683,0.02382797885152931,0.023827979785239838,0.023827980718459204,0.023827981651187578,0.023827982583425337,0.02382798351517345,0.02382798444643159,0.023827985377200277,0.023827986307480467,0.02382798723727233,0.02382798816657673,0.02382798909539329,0.023827990023722802,0.023827990951565646,0.023827991878922174,0.023827992805793095,0.023827993732178768,0.023827994658079634,0.02382799558349606,0.02382799650842849,0.02382799743287727,0.023827998356842572,0.023827999280325245,0.02382800020332602,0.02382800112584472,0.023828002047881915,0.023828002969438506,0.0238280038905141,0.023828004811109426,0.02382800573122497,0.023828006650861065,0.023828007570018267,0.023828008488696945,0.02382800940689756,0.02382801032461943,0.023828011241864972,0.023828012158633626,0.023828013074925856,0.02382801399074222,0.02382801490608303,0.023828015820948616,0.02382801673533944,0.02382801764925587,0.023828018562698377,0.023828019475667372,0.023828020388163305,0.02382802130018649,0.023828022211737382,0.02382802312281634,0.023828024033424003,0.02382802494356044,0.023828025853226048,0.023828026762421788,0.02382802767114763,0.023828028579403894,0.02382802948719123,0.023828030394509838,0.02382803130135983,0.023828032207742645,0.023828033113658054,0.023828034019106544,0.023828034924088456,0.023828035828604197,0.023828036732654215,0.023828037636239134,0.023828038539358835,0.02382803944201393,0.023828040344205187,0.023828041245932588,0.02382804214719645,0.023828043047997374,0.02382804394833579,0.023828044848212066,0.0238280457476266,0.023828046646579795,0.02382804754507205,0.023828048443103458,0.02382804934067472,0.023828050237786655,0.02382805113443923,0.023828052030632905,0.023828052926367933,0.02382805382164449,0.023828054716463345,0.02382805561082472,0.023828056504727815,0.023828057398175718,0.023828058291166288,0.023828059183702104,0.023828060075782663,0.023828060967408197,0.0238280618585803,0.023828062749296962,0.02382806363955978,0.023828064529369114,0.023828065418725387,0.023828066307628962,0.023828067196080247,0.023828068084079605,0.023828068971627436,0.023828069858723412,0.023828070745369336,0.023828071631564737,0.02382807251731037,0.023828073402606335,0.023828074287453153,0.023828075171851114,0.023828076055800573,0.023828076939302036,0.023828077822355808,0.023828078704962286,0.02382807958712185,0.023828080468834868,0.02382808135010174,0.023828082230922837,0.02382808311129806,0.023828083991228752,0.023828084870714954,0.02382808574975662,0.023828086628353923,0.023828087506507868,0.02382808838421907,0.023828089261487075,0.023828090138312642,0.023828091014696705,0.023828091890639187,0.023828092766140396,0.02382809364120029,0.023828094515820155,0.02382809538999935,0.02382809626373939,0.02382809713704006,0.02382809800990172,0.02382809888232473,0.023828099754309492,0.023828100625856365,0.023828101496965823,0.02382810236763816,0.02382810323787383,0.023828104107672828,0.023828104977037013,0.023828105845964252,0.023828106714456246,0.02382810758251324,0.023828108450135648,0.023828109317323806,0.02382811018407818,0.02382811105040033,0.023828111916288065,0.023828112781743252,0.02382811364676589,0.02382811451135647,0.023828115375515404,0.023828116239242997,0.02382811710254033,0.023828117965406553,0.023828118827842342,0.02382811968984832,0.02382812055142518,0.023828121412572754,0.02382812227329145,0.023828123133581847,0.023828123993444136,0.023828124852878607,0.02382812571188593,0.023828126570466405,0.02382812742861971,0.023828128286347207,0.023828129143648825,0.023828130000525048,0.02382813085697594,0.02382813171300189,0.023828132568603524,0.023828133423780904,0.023828134278534637,0.023828135132864837,0.02382813598677199,0.023828136840256357,0.023828137693317673,0.023828138545958315,0.023828139398176684,0.023828140249973675,0.023828141101349454,0.023828141952304885,0.023828142802839302,0.023828143652954648,0.023828144502650028,0.023828145351927895,0.023828146200786035,0.0238281470492253,0.023828147897245928,0.023828148744849224,0.02382814959203521,0.02382815043880394,0.023828151285155807,0.02382815213109117,0.023828152976610638,0.023828153821714375,0.023828154666402805,0.02382815551067617,0.023828156354534762,0.023828157197978383,0.02382815804100871,0.023828158883624845,0.023828159725827667,0.02382816056761792,0.02382816140899552,0.023828162249960812,0.02382816309051388,0.02382816393065551,0.02382816477038621,0.023828165609704858,0.023828166448613745,0.02382816728711198,0.02382816812520073,0.023828168962879835,0.02382816980015006,0.02382817063701104,0.0238281714734632,0.023828172309507296,0.023828173145143357,0.023828173980371594,0.023828174815192858,0.02382817564960745,0.023828176483615307,0.02382817731721672,0.023828178150412275,0.023828178983201633,0.02382817981558607,0.023828180647565724,0.023828181479140887,0.02382818231031209,0.023828183141078766,0.02382818397144208,0.02382818480140218,0.023828185630959398,0.02382818646011411,0.023828187288866844,0.02382818811721725,0.02382818894516687,0.023828189772714444,0.02382819059986087,0.02382819142660785,0.02382819225295341,0.023828193078899308,0.02382819390444537,0.0238281947295923,0.02382819555434024,0.023828196378689555,0.02382819720264052,0.023828198026193334,0.023828198849348583,0.023828199672106528,0.023828200494467214,0.023828201316431312,0.023828202137999077,0.023828202959170687,0.02382820377994642,0.023828204600326117,0.02382820542031141,0.02382820623990165,0.02382820705909768,0.023828207877899545,0.02382820869630739,0.02382820951432191,0.02382821033194292,0.023828211149170775,0.023828211966006256,0.023828212782449894,0.02382821359850173,0.02382821441416185,0.023828215229430662,0.023828216044308514,0.023828216858795825,0.023828217672892678,0.02382821848659961,0.02382821929991673,0.02382822011284392,0.023828220925382563,0.02382822173753246,0.02382822254929386,0.023828223360667047,0.02382822417165254,0.023828224982250405,0.023828225792461105,0.02382822660228493,0.023828227411721116,0.02382822822077204,0.023828229029437018,0.023828229837716153,0.023828230645610154,0.02382823145311911,0.023828232260243262,0.023828233066983073,0.023828233873340352,0.023828234679312242,0.023828235484900668,0.02382823629010588,0.02382823709492846,0.023828237899368273,0.023828238703425757,0.02382823950710142,0.0238282403103953,0.02382824111330793,0.023828241915839436,0.02382824271799027,0.023828243519760425,0.0238282443211506,0.023828245122161043,0.023828245922791962,0.02382824672304369,0.023828247522916495,0.02382824832241201,0.023828249121527912,0.023828249920265866,0.023828250718626043,0.02382825151660904,0.02382825231421508,0.023828253111444066,0.023828253908296553,0.02382825470477285,0.02382825550087315,0.02382825629659783,0.02382825709194722,0.023828257886921448,0.023828258681521424,0.023828259475746977,0.023828260269598184,0.023828261063075427,0.023828261856179478,0.023828262648909967,0.023828263441267764,0.02382826423325293,0.023828265024865652,0.023828265816106194,0.023828266606975273,0.02382826739747245,0.023828268187598815,0.023828268977354083,0.023828269766739,0.0238282705557536,0.023828271344398206,0.02382827213267351,0.023828272920579437,0.023828273708116247,0.023828274495283876,0.023828275282082728,0.02382827606851386,0.023828276854577685,0.023828277640272753,0.023828278425600886,0.023828279210561725,0.023828279995155775,0.023828280779383103,0.02382828156324463,0.023828282346740053,0.023828283129870658,0.02382828391263517,0.02382828469503469,0.023828285477069503,0.023828286258739794,0.023828287040046088,0.023828287820988284,0.023828288601566862,0.023828289381782095,0.023828290161634284,0.023828290941123712,0.023828291720250656,0.023828292499015406,0.023828293277418207,0.02382829405545941,0.023828294833139228,0.023828295610458038,0.023828296387416056,0.02382829716401359,0.023828297940250917,0.023828298716128248,0.02382829949164593,0.023828300266804308,0.023828301041603547,0.02382830181604402,0.02382830259012611,0.023828303363849748,0.023828304137215647,0.023828304910223672,0.0238283056828744,0.023828306455168213,0.02382830722710498,0.02382830799868543,0.023828308769908445,0.023828309540776346,0.023828310311288202,0.02382831108144491,0.023828311851246068,0.023828312620692498,0.023828313389783685,0.023828314158521127,0.02382831492690448,0.02382831569493402,0.023828316462610008,0.023828317229932755,0.023828317996902507,0.023828318763519565,0.023828319529784165,0.023828320295696596,0.023828321061257134,0.023828321826466055,0.02382832259132362,0.02382832335583012,0.023828324119985807,0.023828324883790965,0.023828325647245855,0.023828326410350757,0.023828327173105946,0.02382832793551168,0.02382832869756823,0.023828329459275873,0.023828330220634866,0.023828330981645496,0.023828331742308022,0.023828332502622715,0.023828333262589835,0.02382833402220967,0.023828334781482458,0.023828335540408502,0.023828336298988034,0.02382833705722134,0.023828337815108735,0.023828338572650383,0.0238283393298466,0.02382834008669771,0.0238283408432039,0.023828341599365473,0.023828342355182674,0.02382834311065576,0.02382834386578502,0.023828344620570686,0.023828345375013053,0.023828346129112363,0.023828346882868896,0.023828347636282905,0.023828348389354652,0.02382834914208439,0.0238283498944724,0.02382835064651893,0.02382835139822425,0.02382835214958863,0.02382835290061231,0.023828353651295552,0.023828354401638625,0.0238283551516418,0.023828355901305307,0.023828356650629098,0.023828357399613746,0.02382835814825954,0.02382835889656671,0.02382835964453586,0.023828360392166587,0.023828361139459454,0.023828361886414757,0.02382836263303273,0.023828363379313627,0.02382836412525772,0.023828364870865263,0.0238283656161365,0.02382836636107168,0.023828367105671083,0.023828367849934976,0.023828368593863572,0.02382836933745715,0.02382837008071598,0.023828370823640272,0.023828371566230307,0.023828372308486345,0.02382837305040863,0.023828373791997426,0.02382837453325297,0.0238283752741755,0.023828376014765316,0.023828376755022636,0.02382837749494772,0.023828378234540815,0.023828378973802175,0.02382837971273206,0.0238283804513307,0.023828381189598385,0.023828381927535322,0.023828382665141777,0.023828383402417993,0.023828384139364247,0.023828384875980747,0.02382838561226778,0.023828386348225563,0.02382838708385435,0.023828387819154424,0.023828388554126,0.02382838928876932,0.023828390023084657,0.02382839075707225,0.02382839149073234,0.023828392224065173,0.02382839295707099,0.02382839368975004,0.023828394422102588,0.023828395154128858,0.023828395885829107,0.02382839661720357,0.023828397348252494,0.023828398078976132,0.023828398809374717,0.023828399539448496,0.023828400269197723,0.02382840099862264,0.02382840172772347,0.023828402456500482,0.023828403184953897,0.023828403913083947,0.023828404640890918,0.023828405368375025,0.023828406095536516,0.023828406822375615,0.02382840754889259,0.023828408275087653,0.023828409000961087,0.02382840972651309,0.023828410451743918,0.023828411176653817,0.023828411901243025,0.02382841262551177,0.023828413349460297,0.023828414073088847,0.023828414796397662,0.023828415519386983,0.02382841624205703,0.02382841696440805,0.023828417686440298,0.023828418408153987,0.023828419129549364,0.02382841985062669,0.023828420571386167,0.023828421291828026,0.02382842201195252,0.023828422731759887,0.02382842345125037,0.023828424170424193,0.02382842488928158,0.023828425607822792,0.023828426326048056,0.023828427043957583,0.02382842776155164,0.02382842847883044,0.023828429195794233,0.023828429912443216,0.023828430628777663,0.0238284313447978,0.023828432060503838,0.02382843277589604,0.023828433490974608,0.02382843420573979,0.023828434920191825,0.023828435634330927,0.02382843634815733,0.023828437061671277,0.023828437774873003,0.023828438487762713,0.023828439200340674,0.02382843991260708,0.023828440624562193,0.023828441336206204,0.023828442047539374,0.023828442758561927,0.02382844346927407,0.02382844417967606,0.0238284448897681,0.02382844559955045,0.02382844630902332,0.023828447018186937,0.023828447727041527,0.023828448435587336,0.023828449143824558,0.02382844985175344,0.023828450559374204,0.023828451266687093,0.02382845197369229,0.023828452680390067,0.02382845338678063,0.023828454092864198,0.023828454798641,0.023828455504111293,0.02382845620927525,0.023828456914133128,0.023828457618685142,0.023828458322931522,0.02382845902687249,0.023828459730508258,0.023828460433839054,0.02382846113686511,0.02382846183958666,0.023828462542003877,0.023828463244117037,0.02382846394592634,0.023828464647432,0.023828465348634267,0.02382846604953334,0.023828466750129455,0.023828467450422816,0.023828468150413635,0.023828468850102168,0.02382846954948861,0.023828470248573177,0.023828470947356104,0.023828471645837606,0.023828472344017894,0.0238284730418972,0.02382847373947574,0.023828474436753726,0.02382847513373137,0.023828475830408927,0.023828476526786574,0.02382847722286456,0.02382847791864307,0.023828478614122364,0.023828479309302618,0.02382848000418406,0.023828480698766925,0.023828481393051403,0.023828482087037747,0.023828482780726135,0.023828483474116802,0.02382848416720997,0.023828484860005838,0.023828485552504622,0.02382848624470657,0.02382848693661184,0.023828487628220693,0.023828488319533315,0.023828489010549948,0.023828489701270775,0.02382849039169604,0.023828491081825925,0.023828491771660677,0.02382849246120048,0.02382849315044556,0.023828493839396146,0.023828494528052413,0.02382849521641459,0.023828495904482917,0.023828496592257747,0.023828497279738927,0.023828497966927122,0.02382849865382228,0.023828499340424397,0.023828500026734152,0.023828500712751496,0.023828501398476778,0.023828502083910054,0.023828502769051227,0.02382850345390111,0.023828504138459695,0.023828504822727078,0.023828505506703537,0.02382850619038929,0.02382850687378451,0.023828507556889374,0.023828508239704223,0.023828508922229152,0.023828509604464358,0.023828510286410098,0.023828510968066582,0.023828511649434003,0.023828512330512572,0.02382851301130251,0.023828513691804012,0.023828514372017266,0.023828515051942518,0.023828515731579937,0.02382851641092975,0.023828517089992167,0.023828517768767373,0.02382851844725558,0.02382851912545702,0.02382851980337185,0.023828520481000315,0.023828521158342584,0.023828521835398894,0.023828522512169444,0.023828523188654416,0.02382852386485403,0.023828524540768475,0.023828525216397983,0.02382852589174274,0.023828526566802934,0.02382852724157879,0.023828527916070496,0.02382852859027826,0.023828529264202283,0.02382852993784276,0.02382853061119991,0.02382853128427392,0.023828531957064997,0.023828532629573334,0.023828533301799144,0.023828533973742613,0.02382853464540395,0.02382853531678336,0.02382853598788103,0.02382853665869717,0.02382853732923198,0.023828537999485637,0.02382853866945837,0.023828539339150367,0.02382854000856183,0.02382854067769295,0.02382854134654393,0.023828542015114973,0.023828542683406246,0.023828543351418003,0.0238285440191504,0.023828544686603732,0.023828545353778312,0.023828546020673913,0.023828546687290748,0.023828547353629322,0.02382854801968968,0.023828548685472076,0.023828549350976922,0.02382855001620405,0.023828550681153693,0.02382855134582632,0.02382855201022175,0.023828552674341256,0.023828553338183303,0.023828554001748943,0.023828554665038356,0.023828555328051764,0.023828555990789528,0.023828556653251516,0.02382855731543802,0.023828557977349268,0.0238285586389858,0.023828559300347205,0.023828559961435607,0.023828560622248963,0.023828561282787663,0.023828561943051458,0.02382856260304141,0.023828563262757684,0.023828563922200365,0.02382856458136962,0.023828565240265904,0.02382856589888955,0.023828566557240163,0.023828567215318203,0.023828567873123825,0.023828568530657342,0.023828569187918817,0.023828569844908526,0.023828570501626584,0.023828571158073273,0.02382857181424872,0.02382857247015313,0.02382857312578663,0.023828573781150327,0.023828574436242776,0.02382857509106585,0.0238285757456179,0.023828576399900044,0.023828577053912604,0.023828577707655018,0.02382857836112979,0.023828579014334314,0.023828579667269683,0.023828580319937547,0.023828580972337064,0.02382858162446666,0.023828582276328784,0.023828582927921203,0.023828583579247574,0.023828584230305403,0.023828584881095793,0.023828585531618894,0.02382858618187486,0.023828586831864736,0.023828587481586148,0.023828588131041297,0.023828588780231558,0.023828589429154556,0.023828590077811792,0.023828590726203223,0.023828591374328932,0.023828592022189177,0.023828592669784078,0.023828593317115294,0.023828593964180397,0.02382859461098108,0.023828595257516866,0.023828595903788375,0.02382859654979575,0.023828597195539137,0.02382859784101873,0.023828598486234705,0.023828599131187365,0.023828599775876643,0.023828600420302694,0.023828601064465976,0.0238286017083666,0.02382860235200548,0.023828602995381153,0.023828603638494733,0.02382860428134633,0.023828604923936098,0.02382860556626426,0.023828606208330973,0.02382860685013715,0.023828607491681662,0.023828608132965123,0.023828608773987753,0.02382860941474995,0.023828610055251772,0.023828610695493357,0.023828611335475095,0.023828611975196572,0.02382861261465867,0.023828613253860986,0.023828613892804468,0.023828614531488695,0.02382861516991392,0.023828615808080402,0.023828616445988306,0.023828617083637715,0.02382861772102898,0.023828618358162214,0.023828618995037507,0.023828619631654967,0.023828620268015112,0.023828620904117845,0.023828621539963384,0.02382862217555198,0.023828622810883236,0.023828623445959086,0.02382862408077747,0.023828624715339777,0.023828625349646106,0.023828625983695655,0.02382862661749022,0.023828627251029112,0.02382862788431405,0.023828628517342233,0.02382862915011535,0.02382862978263371,0.023828630414897335,0.023828631046905795,0.02382863167866034,0.023828632310160632,0.023828632941408637,0.02382863357240107,0.0238286342031398,0.023828634833624296,0.023828635463857762,0.023828636093837986,0.023828636723563574,0.023828637353036364,0.02382863798225669,0.023828638611224362,0.023828639239939716,0.023828639868402786,0.023828640496613998,0.023828641124574123,0.02382864175228325,0.023828642379739487,0.023828643006944126,0.023828643633897997,0.023828644260601637,0.02382864488705379,0.02382864551325533,0.023828646139206457,0.02382864676490727,0.023828647390357966,0.02382864801555868,0.023828648640510316,0.023828649265213202,0.02382864988966523,0.023828650513867924,0.023828651137821524,0.023828651761526154,0.023828652384982895,0.02382865300819107,0.023828653631149943,0.02382865425386125,0.023828654876323754,0.0238286554985383,0.023828656120505144,0.023828656742224397,0.023828657363696226,0.023828657984920794,0.023828658605898258,0.023828659226628787,0.023828659847112545,0.023828660467349695,0.023828661087341253,0.023828661707085762,0.023828662326583698,0.023828662945836143,0.0238286635648436,0.023828664183604683,0.02382866480212033,0.023828665420391526,0.023828666038416785,0.023828666656197123,0.02382866727373268,0.023828667891023635,0.02382866850807012,0.023828669124872612,0.02382866974143082,0.023828670357744927,0.023828670973816034,0.023828671589644204,0.023828672205227445,0.02382867282056734,0.02382867343566482,0.02382867405051861,0.023828674665129813,0.023828675279498213,0.023828675893624002,0.023828676507507446,0.02382867712114901,0.023828677734549775,0.02382867834770718,0.0238286789606243,0.02382867957329915,0.023828680185731956,0.023828680797923822,0.02382868140987549,0.02382868202158539,0.023828682633054325,0.023828683244283545,0.02382868385527174,0.023828684466020246,0.023828685076527866,0.023828685686795557,0.02382868629682373,0.023828686906612048,0.023828687516160907,0.023828688125470378,0.02382868873454081,0.023828689343372282,0.023828689951964924,0.023828690560319565,0.02382869116843516,0.023828691776312333,0.02382869238395142,0.023828692991353394,0.023828693598516464,0.023828694205441866,0.02382869481212968,0.023828695418580095,0.02382869602479447,0.023828696630770637,0.023828697236509804,0.023828697842013354,0.023828698447280743,0.02382869905231009,0.023828699657103124,0.023828700261660906,0.023828700865982804,0.023828701470067923,0.023828702073917293,0.023828702677531167,0.023828703280909674,0.023828703884052987,0.02382870448696123,0.02382870508963457,0.02382870569207444,0.023828706294278416,0.0238287068962489,0.023828707497984183,0.023828708099485344,0.02382870870075376,0.02382870930178839,0.023828709902588095,0.02382871050315428,0.023828711103487103,0.023828711703586903,0.023828712303455058,0.023828712903088755,0.02382871350248967,0.02382871410165806,0.023828714700593952,0.023828715299297542,0.02382871589776918,0.02382871649600866,0.023828717094016304,0.023828717691793174,0.023828718289337598,0.02382871888665066,0.02382871948373255,0.02382872008058434,0.02382872067720423,0.023828721273593995,0.023828721869752493,0.023828722465680605,0.023828723061378405,0.023828723656847,0.023828724252084526,0.023828724847092177,0.023828725441871004,0.02382872603641935,0.023828726630738956,0.023828727224829403,0.023828727818689773,0.023828728412321427,0.023828729005724296,0.023828729598898403,0.023828730191844,0.023828730784562206,0.023828731377051184,0.023828731969312105,0.023828732561345226,0.023828733153152027,0.023828733744730147,0.023828734336080213,0.023828734927202968,0.023828735518098526,0.023828736108767058,0.023828736699208795,0.023828737289423765,0.023828737879412053,0.023828738469174403,0.023828739058709917,0.023828739648019313,0.023828740237102707,0.02382874082596035,0.023828741414592142,0.023828742002998275,0.02382874259117911,0.023828743179134637,0.023828743766865,0.023828744354370414,0.023828744941651037,0.023828745528707125,0.02382874611553851,0.023828746702145465,0.023828747288528098,0.023828747874687608,0.023828748460622162,0.02382874904633298,0.023828749631820093,0.023828750217084672,0.023828750802124876,0.023828751386941856,0.023828751971535642,0.0238287525559066,0.023828753140054514,0.02382875372398011,0.02382875430768391,0.023828754891164323,0.023828755474423157,0.023828756057459276,0.023828756640273327,0.02382875722286563,0.023828757805236262,0.023828758387385365,0.02382875896931312,0.0238287595510197,0.023828760132505185,0.023828760713769603,0.023828761294813264,0.023828761875636217,0.023828762456238675,0.02382876303662193,0.023828763616783735,0.023828764196725406,0.023828764776447086,0.02382876535594903,0.023828765935230967,0.023828766514294414,0.023828767093137672,0.023828767671761644,0.023828768250166506,0.023828768828352397,0.02382876940631957,0.02382876998406872,0.023828770561598496,0.02382877113890977,0.0238287717160029,0.02382877229287781,0.0238287728695348,0.02382877344597452,0.023828774022195937,0.023828774598199678,0.023828775173986128,0.02382877574955535,0.02382877632490719,0.02382877690004204,0.023828777474961284,0.023828778049663272,0.023828778624148648,0.02382877919841677,0.02382877977246909,0.023828780346304278,0.023828780919923454,0.02382878149332737,0.023828782066515918,0.023828782639488424,0.023828783212245075,0.023828783784786246,0.023828784357112276,0.023828784929222892,0.023828785501119637,0.023828786072800926,0.02382878664426739,0.023828787215519273,0.0238287877865569,0.0238287883573801,0.023828788927989297,0.023828789498385364,0.023828790068567234,0.023828790638535442,0.023828791208289166,0.02382879177783023,0.023828792347157263,0.023828792916271792,0.023828793485172504,0.02382879405385993,0.023828794622334924,0.02382879519059659,0.02382879575864584,0.023828796326482753,0.023828796894107968,0.02382879746152106,0.023828798028722085,0.023828798595711333,0.023828799162488364,0.023828799729054776,0.02382880029540916,0.023828800861552465,0.02382880142748531,0.023828801993206153,0.02382880255871618,0.023828803124016217,0.0238288036891055,0.023828804253983597,0.023828804818651277,0.02382880538310882,0.023828805947356112,0.02382880651139356,0.023828807075220997,0.023828807638837678,0.0238288082022458,0.023828808765444263,0.023828809328433606,0.023828809891213124,0.0238288104537842,0.023828811016146163,0.023828811578299497,0.023828812140243173,0.023828812701979295,0.023828813263507016,0.023828813824826447,0.02382881438593768,0.02382881494684095,0.0238288155075363,0.023828816068024672,0.023828816628304644,0.02382881718837802,0.023828817748243154,0.02382881830790104,0.02382881886735183,0.02382881942659605,0.023828819985633815,0.02382882054446403,0.023828821103087667,0.0238288216615048,0.02382882221971566,0.023828822777720245,0.023828823335518824,0.023828823893111452,0.023828824450498283,0.02382882500767942,0.023828825564655,0.023828826121425152,0.023828826677990002,0.023828827234350543,0.023828827790505182,0.023828828346455777,0.023828828902200696,0.023828829457740952,0.023828830013076754,0.023828830568208066,0.023828831123135896,0.023828831677858767,0.023828832232377736,0.023828832786692705,0.023828833340803875,0.02382883389471142,0.02382883444841628,0.0238288350019169,0.02382883555521427,0.023828836108308493,0.02382883666119969,0.023828837213887455,0.02382883776637297,0.02382883831865586,0.023828838870736446,0.023828839422614476,0.02382883997429018,0.023828840525763822,0.023828841077035392,0.023828841628105148,0.023828842178973984,0.023828842729640292,0.023828843280105146,0.023828843830368603,0.023828844380430817,0.023828844930291814,0.023828845479951892,0.02382884602941107,0.0238288465786695,0.023828847127726642,0.023828847676583866,0.023828848225240687,0.02382884877369731,0.023828849321953702,0.023828849870010015,0.023828850417866487,0.023828850965523306,0.02382885151298047,0.023828852060238024,0.023828852607296277,0.023828853154155238,0.023828853700814983,0.02382885424727578,0.023828854793537652,0.02382885533960073,0.023828855885465152,0.023828856431131033,0.023828856976598478,0.023828857521867645,0.023828858066938637,0.023828858611811575,0.023828859156486342,0.02382885970096353,0.02382886024524303,0.023828860789324897,0.023828861333209297,0.02382886187689644,0.023828862420386412,0.023828862963679177,0.023828863506775076,0.02382886404967416,0.023828864592376525,0.023828865134882263,0.023828865677191526,0.02382886621930443,0.023828866761221132,0.02382886730294171,0.023828867844466268,0.023828868385794906,0.023828868926927857,0.02382886946786516,0.02382887000860694,0.023828870549153267,0.02382887108950438,0.02382887162966034,0.023828872169621148,0.023828872709387137,0.02382887324895832,0.023828873788334815,0.02382887432751674,0.023828874866504174,0.023828875405297323,0.023828875943896297,0.023828876482301156,0.02382887702051205,0.02382887755852903,0.023828878096352247,0.02382887863398188,0.023828879171418012,0.023828879708660065,0.02382888024570963,0.023828880782566047,0.023828881319229448,0.02382888185569988,0.02382888239197749,0.023828882928062508,0.023828883463954842,0.023828883999654764,0.023828884535162454,0.02382888507047794,0.023828885605601334,0.023828886140532572,0.023828886675272127,0.02382888720981996,0.023828887744176165,0.02382888827834085,0.023828888812314146,0.023828889346096165,0.023828889879687135,0.023828890413086775,0.023828890946295686,0.02382889147931377,0.023828892012141074,0.02382889254477788,0.02382889307722424,0.023828893609480213,0.023828894141545987,0.023828894673421596,0.02382889520510716,0.02382889573660291,0.023828896267908878,0.023828896799025175,0.023828897329951946,0.023828897860689216,0.023828898391237235,0.02382889892159605,0.023828899451765785,0.023828899981746525,0.023828900511538426,0.02382890104114161,0.023828901570556126,0.023828902099782116,0.023828902628819683,0.02382890315766898,0.023828903686330106,0.023828904214803086,0.023828904743088183,0.023828905271185443,0.02382890579909498,0.02382890632681685,0.02382890685435128,0.023828907381698336,0.02382890790885811,0.02382890843583072,0.023828908962616014,0.023828909489214702,0.023828910015626432,0.023828910541851465,0.02382891106788996,0.023828911593741973,0.023828912119407505,0.023828912644886895,0.02382891317018006,0.023828913695287234,0.02382891422020849,0.023828914744943863,0.02382891526949352,0.02382891579385766,0.02382891631803631,0.023828916842029584,0.023828917365837452,0.023828917889460302,0.023828918412898144,0.023828918936150845,0.023828919459218865,0.02382891998210224,0.02382892050480101,0.023828921027315,0.02382892154964491,0.023828922071790565,0.023828922593752043,0.023828923115529484,0.02382892363712294,0.023828924158532428,0.02382892467975875,0.02382892520080111,0.023828925721659542,0.023828926242334993,0.023828926762827194,0.02382892728313556,0.02382892780326152,0.023828928323204452,0.023828928842964555,0.02382892936254192,0.02382892988193666,0.023828930401148956,0.023828930920178803,0.02382893143902635,0.023828931957691715,0.02382893247617504,0.02382893299447635,0.023828933512595366,0.02382893403053307,0.023828934548289143,0.023828935065863675,0.023828935583256695,0.023828936100468476,0.02382893661749892,0.023828937134348364,0.023828937651016797,0.02382893816750432,0.02382893868381107,0.023828939199937168,0.02382893971588264,0.023828940231647663,0.02382894074723228,0.02382894126263669,0.023828941777860893,0.02382894229290407,0.02382894280776836,0.023828943322452827,0.023828943836957564,0.023828944351282688,0.02382894486542859,0.02382894537939473,0.023828945893180978,0.023828946406787982,0.023828946920216615,0.023828947433466256,0.02382894794653705,0.023828948459429046,0.023828948972142383,0.023828949484677123,0.02382894999703343,0.023828950509211428,0.02382895102121118,0.023828951533033174,0.023828952044676784,0.023828952556142455,0.023828953067430308,0.023828953578540455,0.023828954089472956,0.02382895460022798,0.023828955110805575,0.023828955621205874,0.023828956131428984,0.0238289566414749,0.02382895715134392,0.023828957661036074,0.023828958170552042,0.023828958679890728,0.023828959189052853,0.023828959698038527,0.02382896020684751,0.023828960715480536,0.023828961223937423,0.023828961732218677,0.02382896224032352,0.02382896274825255,0.023828963256005885,0.023828963763583524,0.023828964270985634,0.023828964778212305,0.02382896528526364,0.023828965792139733,0.02382896629884069,0.023828966805366635,0.023828967311717606,0.023828967817893836,0.02382896832389524,0.023828968829722116,0.023828969335374473,0.023828969840852428,0.02382897034615608,0.023828970851285526,0.023828971356240857,0.023828971861022268,0.023828972365629798,0.023828972870063487,0.023828973374323395,0.023828973878409668,0.02382897438232215,0.023828974886061588,0.02382897538962776,0.02382897589302071,0.023828976396240552,0.023828976899287417,0.023828977402161288,0.023828977904862464,0.023828978407390948,0.02382897890974684,0.023828979411930244,0.02382897991394126,0.02382898041577999,0.023828980917446674,0.02382898141894113,0.02382898192026359,0.023828982421414152,0.023828982922392945,0.023828983423200112,0.023828983923835527,0.023828984424299548,0.023828984924592175,0.023828985424713848,0.02382898592466329,0.023828986424442342,0.023828986924050388,0.023828987423487515,0.023828987922753894,0.023828988421849637,0.02382898892077475,0.023828989419529305,0.023828989918112563,0.023828990416526384,0.023828990914770056,0.023828991412843743,0.02382899191074796,0.02382899240848202,0.02382899290604596,0.023828993403439955,0.02382899390066448,0.02382899439771949,0.023828994894605278,0.023828995391321637,0.023828995887868694,0.02382899638424662,0.023828996880455516,0.02382899737649655,0.023828997872367697,0.023828998368070023,0.02382899886360392,0.02382899935896923,0.02382899985416602,0.023829000349194544,0.02382900084405473,0.02382900133874674,0.023829001833270816,0.023829002327626917,0.023829002821815163,0.02382900331583557,0.023829003809688266,0.02382900430337339,0.023829004796891075,0.02382900529024147,0.023829005783424485,0.0238290062764404,0.023829006769289177,0.023829007261970937,0.02382900775448579,0.023829008246833913,0.023829008739015257,0.023829009231030006,0.023829009722878224,0.023829010214560103,0.023829010706075578,0.0238290111974241,0.023829011688607255,0.02382901217962433,0.023829012670475446,0.023829013161160637,0.023829013651680105,0.023829014142033936,0.02382901463222226,0.023829015122245376,0.023829015612101392,0.023829016101793644,0.023829016591320647,0.023829017080682465,0.023829017569879863,0.0238290180589119,0.023829018547779725,0.023829019036482237,0.02382901952502009,0.023829020013393234,0.023829020501601773,0.02382902098964695,0.02382902147752698,0.023829021965243113,0.023829022452795282,0.023829022940183454,0.02382902342740769,0.023829023914468065,0.023829024401364873,0.02382902488809816,0.0238290253746674,0.023829025861073144,0.0238290263473162,0.023829026833395967,0.023829027319311767,0.023829027805065447,0.02382902829065612,0.023829028776083942,0.023829029261349003,0.023829029746451347,0.023829030231391213,0.02382903071616856,0.0238290312007835,0.02382903168523617,0.023829032169526632,0.023829032653655075,0.023829033137620862,0.023829033621425466,0.02382903410506805,0.023829034588548882,0.023829035071868034,0.023829035555025666,0.023829036038021896,0.02382903652085644,0.02382903700353013,0.023829037486042516,0.02382903796839372,0.023829038450583914,0.02382903893261324,0.023829039414481678,0.023829039896189348,0.02382904037773637,0.023829040859122866,0.023829041340348855,0.02382904182141451,0.02382904230231988,0.023829042783065055,0.02382904326365012,0.023829043744075726,0.023829044224340862,0.023829044704446092,0.023829045184391835,0.023829045664177696,0.023829046143804038,0.023829046623270535,0.023829047102577994,0.023829047581726385,0.023829048060714886,0.02382904853954448,0.02382904901821533,0.023829049496727185,0.023829049975079578,0.023829050453273902,0.02382905093130948,0.02382905140918587,0.023829051886904665,0.023829052364464857,0.023829052841866743,0.023829053319110095,0.023829053796195637,0.023829054273123332,0.023829054749893018,0.023829055226504893,0.023829055702958783,0.02382905617925503,0.023829056655393626,0.023829057131375425,0.023829057607198684,0.023829058082864965,0.02382905855837399,0.023829059033725068,0.023829059508919927,0.02382905998395841,0.023829060458838657,0.023829060933562816,0.023829061408129217,0.023829061882540234,0.023829062356794037,0.023829062830891878,0.023829063304833326,0.023829063778617703,0.023829064252246693,0.023829064725718857,0.023829065199035236,0.023829065672196326,0.023829066145200577,0.023829066618049885,0.023829067090743145,0.023829067563281212,0.02382906803566376,0.023829068507890364,0.02382906897996212,0.023829069451878702,0.02382906992363982,0.023829070395246385,0.023829070866696805,0.023829071337993488,0.023829071809134624,0.023829072280121655,0.02382907275095405,0.023829073221631563,0.023829073692154902,0.02382907416252356,0.02382907463273776,0.02382907510279751,0.02382907557270362,0.023829076042455266,0.02382907651205319,0.02382907698149742,0.02382907745078821,0.023829077919925,0.023829078388907802,0.02382907885773777,0.023829079326414173,0.023829079794937934,0.023829080263307458,0.023829080731524142,0.023829081199587914,0.023829081667498562,0.023829082135255926,0.023829082602860117,0.02382908307031191,0.023829083537611123,0.023829084004757667,0.02382908447175196,0.02382908493859335,0.0238290854052829,0.023829085871819557,0.023829086338204696,0.023829086804437755,0.023829087270518867,0.023829087736447173,0.023829088202224517,0.023829088667849403,0.023829089133323326,0.02382908959864495,0.023829090063815603,0.02382909052883505,0.0238290909937031,0.02382909145841978,0.02382909192298571,0.023829092387400056,0.02382909285166373,0.023829093315776706,0.023829093779738672,0.02382909424354983,0.02382909470721028,0.023829095170720446,0.023829095634080085,0.023829096097289327,0.023829096560348012,0.023829097023255807,0.023829097486014368,0.023829097948622764,0.02382909841108118,0.023829098873389347,0.023829099335548408,0.02382909979755712,0.02382910025941559,0.023829100721126168,0.02382910118268616,0.023829101644096743,0.023829102105357946,0.023829102566469296,0.02382910302743206,0.02382910348824577,0.02382910394891031,0.0238291044094261,0.023829104869792974,0.023829105330011115,0.023829105790080584,0.023829106250001453,0.02382910670977376,0.023829107169397425,0.023829107628871946,0.023829108088199304,0.023829108547378075,0.023829109006408965,0.02382910946529143,0.023829109924026346,0.023829110382613396,0.02382911084105271,0.02382911129934389,0.02382911175748837,0.02382911221548471,0.023829112673333524,0.02382911313103504,0.023829113588588743,0.02382911404599598,0.023829114503255748,0.02382911496036848,0.023829115417334255,0.02382911587415329,0.023829116330825295,0.023829116787350633,0.023829117243729214,0.02382911769996125,0.023829118156046717,0.02382911861198548,0.023829119067778206,0.023829119523424192,0.023829119978924458,0.0238291204342786,0.023829120889486747,0.02382912134454841,0.023829121799464992,0.02382912225423521,0.023829122708860118,0.023829123163339336,0.023829123617672594,0.023829124071860445,0.023829124525903134,0.02382912497980023,0.023829125433552402,0.023829125887159405,0.023829126340621315,0.023829126793938445,0.023829127247110376,0.0238291277001378,0.023829128153020147,0.023829128605757848,0.023829129058350593,0.023829129510799414,0.02382912996310338,0.023829130415263123,0.02382913086727861,0.02382913131914982,0.023829131770877095,0.02382913222246001,0.023829132673899255,0.02382913312519434,0.023829133576345606,0.02382913402735312,0.023829134478216957,0.023829134928937176,0.023829135379514192,0.02382913582994771,0.023829136280237563,0.023829136730384184,0.023829137180387636,0.023829137630248118,0.02382913807996487,0.023829138529539266,0.023829138978970574,0.023829139428259115,0.023829139877404853,0.023829140326407948,0.023829140775268494,0.023829141223986473,0.02382914167256204,0.023829142120995253,0.023829142569286133,0.02382914301743431,0.023829143465440863,0.02382914391330531,0.02382914436102783,0.02382914480860801,0.0238291452560465,0.02382914570334383,0.02382914615049892,0.023829146597512722,0.02382914704438521,0.02382914749111629,0.023829147937705717,0.02382914838415358,0.02382914883046027,0.023829149276626126,0.023829149722650544,0.023829150168534034,0.02382915061427706,0.023829151059879143,0.023829151505340422,0.023829151950660897,0.023829152395840717,0.02382915284088003,0.023829153285779187,0.023829153730537338,0.02382915417515553,0.02382915461963374,0.023829155063971496,0.02382915550816917,0.023829155952226604,0.023829156396144312,0.0238291568399218,0.023829157283560085,0.023829157727058427,0.023829158170417312,0.02382915861363645,0.02382915905671629,0.023829159499656506,0.02382915994245767,0.02382916038511956,0.023829160827642172,0.023829161270025816,0.02382916171227041,0.02382916215437532,0.023829162596341734,0.023829163038169586,0.023829163479858407,0.02382916392140851,0.023829164362820038,0.02382916480409329,0.023829165245227858,0.023829165686223862,0.023829166127081764,0.023829166567801246,0.023829167008382696,0.02382916744882611,0.023829167889131843,0.023829168329299252,0.023829168769329095,0.023829169209221235,0.02382916964897532,0.023829170088591787,0.023829170528070976,0.0238291709674127,0.023829171406616667,0.023829171845683592,0.023829172284612905,0.023829172723404977,0.02382917316205993,0.023829173600577847,0.02382917403895875,0.023829174477202744,0.02382917491531009,0.02382917535328029,0.023829175791113984,0.023829176228811328,0.023829176666371805,0.02382917710379601,0.023829177541083928,0.02382917797823482,0.023829178415249584,0.023829178852128388,0.023829179288871034,0.023829179725477666,0.023829180161949064,0.02382918059828416,0.023829181034483088,0.023829181470545906,0.023829181906473318,0.023829182342265196,0.023829182777921457,0.023829183213442257,0.023829183648827985,0.023829184084078043,0.02382918451919271,0.02382918495417233,0.023829185389016738,0.023829185823726055,0.0238291862583005,0.023829186692740086,0.023829187127045442,0.023829187561215704,0.023829187995250266,0.02382918842915077,0.023829188862916833,0.023829189296548443,0.023829189730045656,0.023829190163408485,0.02382919059663709,0.023829191029731137,0.023829191462691416,0.023829191895517667,0.023829192328209892,0.023829192760768357,0.02382919319319281,0.023829193625483462,0.023829194057640547,0.023829194489663922,0.023829194921553682,0.023829195353309747,0.023829195784932644,0.023829196216422193,0.023829196647778383,0.023829197079001416,0.023829197510091077,0.023829197941047865,0.02382919837187166,0.02382919880256247,0.023829199233120473,0.02382919966354564,0.023829200093838387,0.0238292005239982,0.023829200954025985,0.023829201383920733,0.02382920181368298,0.023829202243312846,0.02382920267281038,0.023829203102175664,0.023829203531408806,0.023829203960509842,0.023829204389478824,0.023829204818315783,0.023829205247020774,0.02382920567559406,0.02382920610403558,0.023829206532345368,0.02382920696052362,0.023829207388570275,0.023829207816485634,0.02382920824426923,0.02382920867192153,0.023829209099442607,0.02382920952683252,0.023829209954091317,0.02382921038121887,0.023829210808215585,0.02382921123508136,0.023829211661816275,0.023829212088420378,0.023829212514893623,0.023829212941236324,0.02382921336744844,0.023829213793530018,0.023829214219481098,0.023829214645301793,0.02382921507099231,0.02382921549655236,0.0238292159219823,0.023829216347281863,0.023829216772452134,0.023829217197492057,0.023829217622401783,0.02382921804718181,0.023829218471831996,0.023829218896352478,0.023829219320743594,0.023829219745005726,0.023829220169137567,0.023829220593139872,0.023829221017012753,0.023829221440756346,0.02382922186437066,0.02382922228785549,0.023829222711211517,0.023829223134438353,0.02382922355753636,0.023829223980505427,0.02382922440334564,0.023829224826057132,0.02382922524863988,0.023829225671093995,0.023829226093418608,0.023829226515615518,0.023829226937684043,0.02382922735962412,0.023829227781435945,0.023829228203119106,0.023829228624674535,0.023829229046101748,0.023829229467401222,0.0238292298885724,0.02382923030961585,0.023829230730531302,0.023829231151318988,0.023829231571979012,0.023829231992511347,0.02382923241291616,0.02382923283319325,0.02382923325334297,0.023829233673365296,0.02382923409326062,0.023829234513028357,0.023829234932668808,0.023829235352182215,0.023829235771568584,0.02382923619082829,0.02382923660996106,0.02382923702896668,0.023829237447845507,0.023829237866597856,0.023829238285223247,0.02382923870372113,0.02382923912209348,0.023829239540339896,0.023829239958459505,0.02382924037645242,0.023829240794319403,0.02382924121205983,0.02382924162967358,0.023829242047162132,0.023829242464523333,0.023829242881759537,0.02382924329886984,0.023829243715854227,0.023829244132712916,0.02382924454944581,0.02382924496605316,0.023829245382535072,0.023829245798891428,0.0238292462151222,0.023829246631227624,0.023829247047208086,0.023829247463062902,0.023829247878792578,0.023829248294397108,0.02382924870987613,0.0238292491252306,0.02382924954046014,0.0238292499555648,0.023829250370544647,0.023829250785399752,0.02382925120012993,0.023829251614735706,0.023829252029216954,0.023829252443573683,0.02382925285780601,0.023829253271913906,0.023829253685897327,0.023829254099756742,0.02382925451349201,0.023829254927102823,0.02382925534058996,0.023829255753952856,0.02382925616719209,0.023829256580307465,0.023829256993298985,0.023829257406166805,0.02382925781891157,0.023829258231532112,0.023829258644029117,0.023829259056402752,0.023829259468652948,0.02382925988077981,0.02382926029278318,0.023829260704663496,0.023829261116420482,0.023829261528054525,0.023829261939565378,0.02382926235095326,0.02382926276221806,0.023829263173360236,0.02382926358437962,0.023829263995276267,0.023829264406050203,0.023829264816702306,0.023829265227231163,0.02382926563763756,0.02382926604792149,0.0238292664580832,0.02382926686812245,0.023829267278039506,0.023829267687834603,0.023829268097507364,0.023829268507058014,0.023829268916486738,0.023829269325793895,0.023829269734978786,0.023829270144041948,0.02382927055298336,0.023829270961803088,0.023829271370501233,0.023829271779077996,0.023829272187533078,0.023829272595866726,0.02382927300407899,0.02382927341216993,0.023829273820138993,0.02382927422798745,0.02382927463571494,0.02382927504332127,0.02382927545080655,0.023829275858170774,0.023829276265414284,0.023829276672536898,0.02382927707953876,0.023829277486419945,0.023829277893180536,0.02382927829982047,0.023829278706339954,0.02382927911273899,0.023829279519017626,0.02382927992517592,0.023829280331213898,0.02382928073713162,0.02382928114292927,0.02382928154860683,0.02382928195416429,0.02382928235960171,0.0238292827649193,0.0238292831701171,0.02382928357519519,0.02382928398015347,0.023829284384992176,0.023829284789711164,0.023829285194310594,0.023829285598790655,0.02382928600315109,0.02382928640739224,0.02382928681151369,0.023829287215516283,0.023829287619399488,0.02382928802316369,0.023829288426808884,0.023829288830335072,0.023829289233742387,0.023829289637030827,0.023829290040200308,0.023829290443250686,0.023829290846182672,0.023829291248995993,0.0238292916516907,0.023829292054266902,0.023829292456724615,0.0238292928590639,0.02382929326128478,0.02382929366338742,0.023829294065371938,0.023829294467238138,0.023829294868986158,0.023829295270616214,0.023829295672128166,0.02382929607352166,0.02382929647479777,0.02382929687595612,0.023829297276996547,0.023829297677919407,0.02382929807872461,0.023829298479412328,0.02382929887998244,0.023829299280435114,0.023829299680769987,0.023829300080987832,0.02382930048108848,0.023829300881071762,0.023829301280937788,0.023829301680686747,0.023829302080318648,0.023829302479833524,0.023829302879231403,0.023829303278512435,0.023829303677676446,0.02382930407672388,0.023829304475654577,0.023829304874468625,0.02382930527316617,0.023829305671747115,0.023829306070211508,0.023829306468559575,0.02382930686679122,0.023829307264906233,0.02382930766290528,0.02382930806078809,0.02382930845855478,0.023829308856205492,0.023829309253740064,0.023829309651158655,0.023829310048461453,0.0238293104456483,0.023829310842719442,0.023829311239674533,0.023829311636514146,0.023829312033237966,0.023829312429846605,0.023829312826339488,0.023829313222716877,0.023829313618978987,0.02382931401512571,0.023829314411157345,0.023829314807073586,0.023829315202873333,0.023829315598559445,0.023829315994130188,0.023829316389586,0.02382931678492692,0.02382931718015297,0.023829317575263763,0.02382931797026022,0.023829318365141933,0.02382931875990897,0.02382931915456141,0.023829319549099243,0.023829319943522692,0.023829320337831833,0.02382932073202639,0.023829321126106827,0.023829321520072805,0.023829321913924645,0.023829322307662392,0.023829322701286005,0.02382932309479558,0.023829323488191178,0.02382932388147282,0.023829324274640677,0.023829324667694652,0.02382932506063604,0.023829325453462558,0.02382932584617543,0.023829326238774786,0.023829326631260517,0.023829327023632794,0.023829327415891655,0.0238293278080371,0.023829328200069062,0.023829328591988018,0.023829328983793717,0.02382932937548629,0.023829329767065765,0.02382933015853221,0.023829330549885664,0.0238293309411262,0.023829331332253928,0.023829331723268784,0.02382933211417129,0.023829332504960762,0.023829332895637562,0.02382933328620235,0.023829333676654116,0.023829334066993262,0.02382933445721902,0.023829334847333225,0.023829335237335245,0.023829335627224984,0.023829336017002233,0.023829336406667036,0.023829336796220568,0.02382933718566222,0.02382933757499151,0.023829337964208764,0.023829338353314224,0.02382933874230789,0.023829339131189776,0.023829339519959913,0.023829339908618432,0.023829340297165307,0.02382934068560064,0.023829341073924475,0.023829341462136874,0.023829341850237797,0.02382934223822749,0.023829342626105893,0.02382934301387307,0.02382934340152909,0.02382934378907412,0.023829344176507963,0.0238293445638323,0.023829344951044176,0.023829345338145142,0.023829345725135308,0.023829346112014652,0.02382934649878324,0.023829346885441145,0.023829347271988092,0.023829347658424874,0.023829348044751043,0.023829348430966797,0.02382934881707209,0.023829349203066747,0.023829349588951387,0.023829349974725775,0.023829350360389943,0.02382935074594398,0.023829351131387913,0.023829351516721803,0.02382935190194572,0.023829352287059243,0.023829352672063334,0.023829353056957398,0.023829353441741873,0.023829353826416638,0.02382935421098175,0.023829354595437245,0.023829354979783165,0.023829355364019575,0.02382935574814654,0.023829356132163755,0.023829356516071976,0.023829356899870896,0.023829357283560695,0.023829357667141185,0.02382935805061249,0.023829358433974743,0.023829358817227878,0.023829359200372116,0.023829359583407428,0.023829359966333858,0.02382936034915147,0.02382936073186051,0.023829361114461104,0.023829361496952816,0.02382936187933598,0.02382936226161028,0.023829362643776348,0.023829363025833904,0.02382936340778276,0.023829363789623345,0.02382936417135564,0.02382936455297966,0.023829364934495507,0.02382936531590239,0.023829365697202197,0.023829366078393765,0.02382936645947735,0.023829366840453007,0.023829367221320782,0.023829367602080712,0.02382936798273287,0.023829368363277287,0.023829368743714045,0.02382936912404289,0.023829369504264456,0.023829369884378487,0.02382937026438507,0.023829370644284257,0.023829371024076004,0.023829371403760503,0.023829371783337938,0.023829372162807273,0.023829372542170133,0.023829372921425902,0.02382937330057459,0.023829373679616295,0.02382937405855101,0.023829374437378873,0.023829374816099837,0.02382937519471393,0.023829375573221373,0.023829375951622118,0.023829376329916215,0.023829376708103672,0.02382937708618462,0.0238293774641591,0.023829377842026968,0.023829378219788616,0.023829378597443926,0.023829378974993015,0.02382937935243581,0.023829379729772403,0.023829380107002862,0.02382938048412723,0.023829380861145673,0.02382938123805799,0.0238293816148644,0.023829381991565014,0.023829382368159853,0.02382938274464878,0.023829383121031958,0.023829383497309467,0.023829383873481342,0.02382938424954872,0.023829384625509504,0.023829385001364903,0.023829385377114636,0.02382938575275915,0.023829386128298394,0.023829386503731533,0.023829386879060055,0.023829387254283536,0.02382938762940186,0.023829388004415142,0.02382938837932398,0.02382938875412747,0.02382938912882587,0.023829389503419347,0.02382938987790796,0.023829390252291804,0.02382939062657093,0.02382939100074553,0.023829391374815337,0.023829391748780553,0.023829392122641253,0.023829392496397497,0.023829392870049277,0.02382939324359668,0.023829393617039764,0.02382939399037856,0.023829394363613334,0.023829394736743725,0.02382939510977001,0.023829395482692074,0.023829395855510187,0.023829396228224338,0.023829396600834545,0.023829396973340716,0.02382939734574322,0.023829397718041923,0.023829398090236886,0.023829398462328375,0.023829398834316017,0.023829399206200058,0.023829399577980404,0.02382939994965742,0.023829400321230987,0.0238294006927013,0.023829401064068133,0.02382940143533166,0.023829401806491325,0.02382940217754818,0.023829402548502104,0.023829402919352934,0.023829403290100613,0.023829403660745263,0.02382940403128708,0.02382940440172597,0.023829404772062007,0.02382940514229521,0.023829405512425687,0.02382940588245234,0.023829406252377325,0.023829406622199758,0.02382940699191991,0.023829407361536846,0.02382940773105212,0.023829408100464577,0.023829408469774646,0.023829408838982328,0.02382940920808785,0.023829409577091332,0.02382940994599363,0.023829410314792517,0.0238294106834894,0.023829411052084245,0.023829411420577106,0.023829411788968156,0.02382941215725717,0.02382941252544435,0.023829412893529717,0.023829413261513343,0.02382941362939528,0.023829413997175693,0.02382941436485406,0.02382941473243118,0.02382941509990679,0.023829415467280915,0.02382941583455363,0.023829416201724924,0.023829416568795267,0.02382941693576401,0.023829417302631533,0.023829417669397897,0.023829418036063116,0.023829418402627246,0.02382941876909031,0.023829419135452556,0.023829419501713727,0.02382941986787399,0.023829420233933727,0.023829420599892466,0.023829420965750303,0.023829421331507453,0.023829421697163955,0.02382942206271981,0.02382942242817421,0.02382942279352903,0.02382942315878363,0.023829423523937528,0.023829423888991057,0.02382942425394426,0.023829424618797203,0.023829424983549903,0.023829425348202638,0.023829425712755044,0.023829426077207342,0.023829426441559692,0.023829426805811793,0.023829427169964064,0.023829427534016137,0.023829427897968766,0.023829428261821457,0.023829428625574505,0.023829428989227668,0.023829429352781532,0.023829429716234883,0.023829430079589188,0.023829430442844416,0.023829430805999686,0.023829431169055518,0.02382943153201111,0.023829431894868205,0.023829432257626192,0.02382943262028479,0.023829432982844304,0.023829433345304435,0.0238294337076655,0.023829434069927446,0.02382943443209037,0.023829434794154315,0.023829435156119724,0.023829435517985848,0.02382943587975314,0.023829436241421652,0.023829436602991375,0.023829436964462387,0.023829437325834767,0.023829437687108455,0.023829438048283632,0.023829438409360606,0.02382943877033878,0.02382943913121824,0.02382943949199875,0.02382943985268177,0.02382944021326648,0.023829440573752962,0.023829440934141233,0.023829441294431365,0.023829441654622835,0.02382944201471681,0.023829442374712708,0.023829442734610608,0.023829443094410596,0.023829443454112705,0.02382944381371696,0.02382944417322343,0.02382944453263215,0.02382944489194317,0.023829445251156534,0.02382944561027228,0.023829445969290448,0.023829446328211077,0.023829446687034305,0.02382944704576001,0.023829447404388436,0.02382944776291944,0.023829448121353125,0.02382944847968951,0.023829448837928712,0.023829449196070822,0.023829449554115045,0.023829449912062903,0.023829450269913788,0.02382945062766771,0.023829450985324817,0.023829451342884837,0.02382945170034792,0.023829452057714258,0.0238294524149839,0.023829452772156687,0.02382945312923289,0.023829453486212484,0.02382945384309546,0.023829454199881906,0.023829454556571858,0.023829454913165366,0.023829455269662438,0.023829455626063086,0.023829455982368648,0.023829456338576763,0.023829456694688857,0.023829457050705116,0.02382945740662475,0.023829457762448228,0.02382945811817565,0.023829458473807085,0.023829458829342516,0.02382945918478203,0.023829459540125896,0.023829459895373734,0.023829460250525406,0.023829460605581644,0.023829460960542212,0.023829461315407127,0.023829461670176445,0.023829462024850173,0.023829462379428373,0.02382946273391115,0.02382946308829835,0.02382946344259023,0.02382946379678701,0.02382946415088826,0.02382946450489425,0.023829464858805008,0.023829465212620745,0.02382946556634117,0.02382946591996652,0.023829466273496823,0.023829466626932305,0.023829466980272638,0.023829467333518067,0.02382946768666863,0.023829468039724366,0.023829468392685318,0.023829468745551512,0.023829469098322998,0.023829469450999844,0.023829469803583112,0.02382947015607111,0.023829470508464227,0.023829470860762904,0.02382947121296734,0.023829471565077098,0.023829471917092594,0.023829472269013517,0.0238294726208402,0.023829472972572895,0.02382947332421136,0.023829473675755684,0.02382947402720592,0.02382947437856213,0.023829474729824298,0.023829475080992504,0.02382947543206679,0.023829475783047203,0.02382947613393383,0.023829476484726594,0.023829476835425537,0.023829477186030436,0.023829477536542045,0.023829477886960056,0.02382947823728442,0.023829478587515173,0.023829478937652433,0.023829479287696333,0.023829479637646866,0.023829479987503937,0.023829480337267686,0.023829480686938163,0.023829481036515415,0.023829481385999107,0.023829481735389985,0.02382948208468776,0.02382948243389247,0.023829482783004067,0.023829483132022756,0.02382948348094811,0.023829483829780493,0.023829484178520464,0.02382948452716748,0.023829484875721785,0.02382948522418327,0.02382948557255213,0.023829485920828338,0.023829486269011938,0.023829486617102966,0.023829486965101548,0.02382948731300763,0.023829487660821238,0.02382948800854247,0.023829488356171415,0.023829488703707945,0.023829489051152213,0.023829489398504298,0.023829489745764126,0.023829490092931865,0.023829490440007407,0.02382949078699077,0.023829491133882226,0.023829491480681707,0.02382949182738926,0.023829492174004905,0.023829492520528683,0.023829492866960574,0.023829493213300745,0.02382949355954919,0.023829493905705934,0.02382949425177102,0.02382949459774449,0.023829494943626378,0.023829495289416743,0.023829495635115612,0.023829495980723044,0.023829496326239055,0.02382949667166369,0.02382949701699702,0.023829497362239056,0.023829497707389843,0.02382949805244943,0.023829498397417867,0.023829498742295174,0.0238294990870814,0.023829499431776587,0.023829499776380783,0.023829500120894014,0.02382950046531633,0.023829500809647772,0.02382950115388837,0.023829501498038187,0.023829501842097246,0.023829502186065585,0.02382950252994326,0.023829502873730306,0.023829503217426756,0.023829503561032674,0.023829503904548067,0.023829504247972977,0.023829504591307477,0.023829504934551573,0.02382950527770537,0.02382950562076881,0.023829505963741993,0.023829506306624948,0.023829506649417725,0.02382950699212035,0.023829507334732426,0.02382950767725444,0.023829508019686873,0.02382950836202871,0.023829508704281042,0.023829509046443684,0.023829509388515992,0.02382950973049844,0.02382951007239104,0.02382951041419446,0.023829510755908192,0.02382951109753225,0.023829511439066683,0.023829511780511542,0.023829512121866656,0.023829512463132457,0.023829512804308794,0.023829513145395716,0.02382951348639324,0.02382951382730142,0.023829514168120305,0.023829514508849917,0.02382951484949031,0.02382951519004152,0.023829515530503578,0.023829515870876537,0.023829516211160178,0.023829516551354624,0.023829516891460303,0.023829517231477245,0.02382951757140527,0.023829517911244227,0.02382951825099414,0.02382951859065521,0.02382951893022801,0.023829519269711663,0.02382951960910667,0.023829519948413227,0.02382952028763099,0.023829520626760657,0.02382952096580178,0.02382952130475443,0.02382952164361865,0.02382952198239447,0.02382952232108177,0.023829522659680944,0.02382952299819184,0.023829523336614488,0.023829523674948908,0.023829524013195314,0.023829524351353645,0.02382952468942368,0.02382952502740585,0.023829525365299913,0.023829525703105977,0.02382952604082389,0.02382952637845401,0.02382952671599637,0.02382952705345098,0.023829527390817725,0.023829527728096603,0.023829528065287788,0.023829528402391633,0.023829528739407763,0.02382952907633623,0.023829529413177248,0.02382952974993111,0.023829530086596842,0.023829530423175413,0.02382953075966636,0.023829531096069657,0.02382953143238595,0.02382953176861562,0.023829532104757307,0.02382953244081222,0.023829532776779887,0.023829533112660884,0.023829533448454288,0.023829533784160837,0.023829534119780452,0.02382953445531297,0.02382953479075839,0.023829535126117147,0.023829535461389034,0.023829535796574382,0.023829536131672453,0.02382953646668428,0.023829536801608795,0.0238295371364471,0.023829537471198536,0.023829537805863728,0.023829538140442284,0.0238295384749343,0.023829538809340047,0.02382953914365929,0.0238295394778921,0.02382953981203863,0.02382954014609878,0.023829540480072624,0.023829540813960173,0.02382954114776171,0.02382954148147695,0.02382954181510604,0.023829542148649047,0.023829542482106038,0.023829542815477042,0.023829543148762393,0.02382954348196195,0.023829543815075176,0.023829544148102746,0.023829544481044036,0.02382954481390013,0.02382954514667005,0.02382954547935451,0.02382954581195331,0.02382954614446637,0.023829546476893948,0.023829546809235953,0.02382954714149245,0.023829547473663365,0.02382954780574884,0.02382954813774889,0.02382954846966359,0.02382954880149303,0.023829549133237114,0.02382954946489593,0.023829549796469514,0.023829550127957917,0.02382955045936118,0.02382955079067934,0.023829551121912526,0.023829551453060527,0.0238295517841236,0.0238295521151017,0.023829552445994884,0.023829552776803174,0.023829553107526626,0.023829553438165077,0.023829553768718603,0.023829554099187744,0.023829554429572124,0.02382955475987189,0.023829555090087034,0.02382955542021759,0.023829555750263597,0.023829556080225293,0.023829556410102315,0.023829556739895074,0.02382955706960343,0.023829557399227222,0.023829557728766722,0.023829558058221862,0.02382955838759281,0.02382955871687952,0.023829559046082048,0.023829559375200423,0.02382955970423468,0.023829560033184833,0.02382956036205026,0.02382956069083242,0.023829561019530005,0.02382956134814426,0.023829561676674684,0.023829562005121416,0.02382956233348388,0.023829562661762855,0.023829562989958086,0.023829563318069236,0.02382956364609709,0.02382956397404124,0.02382956430190186,0.0238295646296789,0.02382956495737237,0.02382956528498236,0.023829565612508877,0.02382956593995204,0.023829566267311978,0.023829566594588344,0.0238295669217816,0.023829567248891594,0.023829567575918472,0.023829567902861785,0.023829568229722174,0.023829568556499262,0.023829568883193222,0.023829569209804894,0.023829569536332813,0.023829569862777213,0.023829570189139365,0.023829570515418595,0.023829570841614783,0.02382957116772819,0.02382957149375875,0.023829571819706515,0.023829572145571583,0.02382957247135393,0.023829572797053566,0.023829573122670596,0.023829573448205018,0.02382957377365686,0.023829574099026207,0.023829574424313073,0.0238295747495175,0.023829575074639484,0.023829575399679094,0.023829575724636367,0.023829576049511327,0.023829576374304034,0.023829576699014494,0.02382957702364275,0.023829577348188836,0.023829577672652792,0.023829577997034664,0.023829578321334473,0.023829578645552213,0.023829578969688004,0.02382957929374196,0.02382957961771382,0.023829579941603844,0.023829580265412032,0.023829580589138536,0.02382958091278312,0.023829581236345845,0.023829581559827402,0.02382958188322678,0.02382958220654439,0.023829582529780482,0.02382958285293516,0.023829583176008293,0.02382958349899996,0.023829583821910125,0.023829584144738895,0.023829584467486266,0.023829584790152285,0.023829585112737,0.02382958543524066,0.023829585757662773,0.02382958608000374,0.023829586402263524,0.02382958672444213,0.023829587046539653,0.023829587368556046,0.023829587690491427,0.023829588012345942,0.02382958833411935,0.02382958865581181,0.023829588977423374,0.023829589298954065,0.02382958962040392,0.023829589941772877,0.023829590263061175,0.02382959058426875,0.023829590905395492,0.02382959122644164,0.023829591547407148,0.023829591868292154,0.02382959218909637,0.023829592509820224,0.023829592830463642,0.023829593151026597,0.023829593471509095,0.02382959379191116,0.02382959411223297,0.02382959443247444,0.023829594752635644,0.02382959507271654,0.023829595392717277,0.023829595712637798,0.02382959603247802,0.023829596352238237,0.02382959667191861,0.02382959699151865,0.02382959731103914,0.0238295976304788,0.023829597949839,0.023829598269120168,0.02382959858832055,0.023829598907441175,0.02382959922648161,0.023829599545442094,0.02382959986432372,0.023829600183125518,0.023829600501847716,0.023829600820490023,0.023829601139052782,0.023829601457535914,0.023829601775939437,0.023829602094263626,0.023829602412508283,0.023829602730673558,0.023829603048759366,0.023829603366765862,0.023829603684692967,0.023829604002540746,0.023829604320309252,0.02382960463799868,0.023829604955608798,0.023829605273139848,0.023829605590591493,0.023829605907964277,0.023829606225257885,0.02382960654247248,0.02382960685960807,0.023829607176664547,0.02382960749364234,0.02382960781054097,0.023829608127360923,0.02382960844410208,0.023829608760764433,0.02382960907734804,0.023829609393852914,0.023829609710279084,0.023829610026626608,0.023829610342895494,0.023829610659085808,0.023829610975197563,0.023829611291230752,0.023829611607185476,0.02382961192306174,0.023829612238859443,0.023829612554578883,0.023829612870219962,0.023829613185782708,0.02382961350126721,0.023829613816673405,0.023829614132001402,0.023829614447251166,0.023829614762423616,0.02382961507751711,0.023829615392532363,0.02382961570746971,0.023829616022329008,0.023829616337110185,0.02382961665181353,0.023829616966438923,0.023829617280986443
7,6.723473859391032e-24,1.794400175968856e-23,3.2172423416958485e-23,4.841270100723194e-23,6.599862595814737e-23,8.448459886453334e-23,1.0357257668382815e-22,1.230632107315628e-22,1.4282316490414302e-22,1.627632561875473e-22,1.8282383374621486e-22,2.0296499959932284e-22,2.2316006763495514e-22,2.433911886147657e-22,2.636464239202498e-22,2.8391778830245516e-22,3.0419994075808267e-22,3.2448930891056434e-22,3.4478350334472376e-22,3.6508092587941337e-22,3.85380507557251e-22,4.0568153339678697e-22,4.25983525176451e-22,4.4628616303358235e-22,4.665892330252524e-22,4.868925920538726e-22,5.071961444073736e-22,5.274998260679048e-22,5.478035942165698e-22,5.681074202135754e-22,5.884112849029479e-22,6.087151754720465e-22,6.290190833510257e-22,6.49323002807869e-22,6.696269300086674e-22,6.899308623890772e-22,7.102347982339164e-22,7.3053873639596855e-22,7.508426761079089e-22,7.711466168565058e-22,7.914505582984791e-22,8.1175450020422165e-22,8.320584424201633e-22,8.523623848435832e-22,8.72666327405777e-22,8.929702700607895e-22,9.132742127778843e-22,9.335781555365061e-22,9.538820983229017e-22,9.741860411278747e-22,9.944899839452729e-22,1.0147939267709821e-21,1.0350978696022502e-21,1.0554018124372364e-21,1.0757057552747098e-21,1.0960096981138464e-21,1.1163136409540949e-21,1.1366175837950869e-21,1.1569215266365769e-21,1.1772254694784007e-21,1.1975294123204469e-21,1.2178333551626422e-21,1.238137298004937e-21,1.2584412408472987e-21,1.2787451836897052e-21,1.29904912653214e-21,1.3193530693745961e-21,1.3396570122170653e-21,1.3599609550595438e-21,1.3802648979020282e-21,1.4005688407445167e-21,1.4208727835870071e-21,1.4411767264295e-21,1.4614806692719938e-21,1.4817846121144883e-21,1.502088554956983e-21,1.5223924977994781e-21,1.5426964406419738e-21,1.5630003834844693e-21,1.5833043263269651e-21,1.603608269169461e-21,1.623912212011957e-21,1.644216154854453e-21,1.6645200976969493e-21,1.6848240405394451e-21,1.705127983381941e-21,1.725431926224437e-21,1.7457358690669336e-21,1.76603981190943e-21,1.786343754751926e-21,1.806647697594423e-21,1.826951640436921e-21,1.847255583279418e-21,1.867559526121914e-21,1.88786346896441e-21,1.908167411806906e-21,1.9284713546494018e-21,1.9487752974918978e-21,1.9690792403343942e-21,1.9893831831768906e-21,2.009687126019385e-21,2.029991068861882e-21,2.0502950117043788e-21,2.0705989545468737e-21,2.09090289738937e-21,2.1112068402318665e-21,2.1315107830743648e-21,2.1518147259168612e-21,2.172118668759358e-21,2.1924226116018544e-21,2.2127265544443505e-21,2.233030497286847e-21,2.2533344401293433e-21,2.27363838297184e-21,2.2939423258143365e-21,2.3142462686568325e-21,2.3345502114993293e-21,2.354854154341826e-21,2.3751580971843218e-21,2.395462040026818e-21,2.415765982869314e-21,2.4360699257118103e-21,2.4563738685543067e-21,2.4766778113968028e-21,2.4969817542392988e-21,2.517285697081795e-21,2.537589639924291e-21,2.5578935827667877e-21,2.5781975256092826e-21,2.5985014684517782e-21,2.6188054112942747e-21,2.6391093541367722e-21,2.6594132969792686e-21,2.6797172398217654e-21,2.7000211826642637e-21,2.72032512550676e-21,2.7406290683492543e-21,2.7609330111917492e-21,2.781236954034245e-21,2.8015408968767405e-21,2.8218448397192362e-21,2.8421487825617322e-21,2.8624527254042283e-21,2.882756668246724e-21,2.9030606110892207e-21,2.923364553931717e-21,2.9436684967742124e-21,2.963972439616707e-21,2.9842763824592023e-21,3.004580325301699e-21,3.0248842681441955e-21,3.0451882109866908e-21,3.065492153829187e-21,3.085796096671683e-21,3.1061000395141808e-21,3.1264039823566768e-21,3.1467079251991732e-21,3.16701186804167e-21,3.187315810884166e-21,3.207619753726663e-21,3.2279236965691596e-21,3.248227639411656e-21,3.2685315822541566e-21,3.2888355250966534e-21,3.3091394679391495e-21,3.3294434107816477e-21,3.3497473536241445e-21,3.3700512964666395e-21,3.390355239309137e-21,3.410659182151633e-21,3.430963124994132e-21,3.4512670678366285e-21,3.471571010679126e-21,3.4918749535216206e-21,3.512178896364118e-21,3.532482839206616e-21,3.552786782049111e-21,3.573090724891608e-21,3.5933946677341034e-21,3.613698610576601e-21,3.634002553419096e-21,3.654306496261593e-21,3.674610439104089e-21,3.6949143819465855e-21,3.715218324789081e-21,3.735522267631577e-21,3.755826210474073e-21,3.7761301533165704e-21,3.796434096159065e-21,3.816738039001561e-21,3.837041981844058e-21,3.857345924686556e-21,3.877649867529052e-21,3.897953810371549e-21,3.9182577532140446e-21,3.938561696056542e-21,3.958865638899038e-21,3.979169581741534e-21,3.99947352458403e-21,4.019777467426527e-21,4.040081410269022e-21,4.060385353111518e-21,4.0806892959540144e-21,4.1009932387965116e-21,4.121297181639008e-21,4.141601124481504e-21,4.161905067324e-21,4.1822090101664965e-21,4.202512953008992e-21,4.2228168958514886e-21,4.243120838693986e-21,4.2634247815364814e-21,4.283728724378978e-21,4.304032667221474e-21,4.32433661006397e-21,4.344640552906466e-21,4.3649444957489635e-21,4.385248438591459e-21,4.4055523814339556e-21,4.425856324276452e-21,4.4461602671189484e-21,4.4664642099614456e-21,4.486768152803942e-21,4.507072095646438e-21,4.527376038488935e-21,4.5476799813314305e-21,4.567983924173926e-21,4.588287867016421e-21,4.608591809858917e-21,4.628895752701413e-21,4.649199695543909e-21,4.669503638386404e-21,4.689807581228899e-21,4.710111524071395e-21,4.7304154669138915e-21,4.750719409756387e-21,4.7710233525988836e-21,4.7913272954413785e-21,4.811631238283876e-21,4.831935181126372e-21,4.852239123968868e-21,4.8725430668113634e-21,4.892847009653859e-21,4.913150952496355e-21,4.9334548953388504e-21,4.953758838181346e-21,4.974062781023843e-21,4.9943667238663404e-21,5.014670666708835e-21,5.0349746095513325e-21,5.055278552393829e-21,5.0755824952363246e-21,5.095886438078821e-21,5.116190380921317e-21,5.136494323763813e-21,5.156798266606309e-21,5.177102209448806e-21,5.1974061522913015e-21,5.217710095133798e-21,5.2380140379762944e-21,5.258317980818791e-21,5.278621923661287e-21,5.298925866503784e-21,5.319229809346279e-21,5.339533752188775e-21,5.35983769503127e-21,5.380141637873768e-21,5.400445580716264e-21,5.420749523558759e-21,5.441053466401258e-21,5.461357409243755e-21,5.48166135208625e-21,5.501965294928747e-21,5.5222692377712435e-21,5.542573180613739e-21,5.562877123456235e-21,5.583181066298733e-21,5.603485009141226e-21,5.623788951983723e-21,5.6440928948262205e-21,5.664396837668717e-21,5.6847007805112125e-21,5.70500472335371e-21,5.725308666196207e-21,5.745612609038703e-21,5.7659165518812005e-21,5.7862204947236984e-21,5.8065244375661956e-21,5.8268283804086935e-21,5.847132323251191e-21,5.867436266093689e-21,5.8877402089361865e-21,5.9080441517786814e-21,5.928348094621179e-21,5.9486520374636765e-21,5.968955980306173e-21,5.98925992314867e-21,6.0095638659911665e-21,6.0298678088336614e-21,6.0501717516761586e-21,6.070475694518655e-21,6.09077963736115e-21,6.111083580203647e-21,6.1313875230461435e-21,6.15169146588864e-21,6.171995408731137e-21,6.192299351573636e-21,6.212603294416134e-21,6.232907237258631e-21,6.253211180101124e-21,6.273515122943622e-21,6.293819065786118e-21,6.314123008628614e-21,6.3344269514711114e-21,6.354730894313608e-21,6.375034837156103e-21,6.3953387799986014e-21,6.4156427228411e-21,6.4359466656835965e-21,6.456250608526094e-21,6.4765545513685916e-21,6.4968584942110865e-21,6.517162437053584e-21,6.537466379896081e-21,6.557770322738576e-21,6.578074265581072e-21,6.598378208423569e-21,6.6186821512660635e-21,6.638986094108559e-21,6.659290036951057e-21,6.679593979793552e-21,6.699897922636049e-21,6.7202018654785456e-21,6.7405058083210405e-21,6.760809751163537e-21,6.781113694006034e-21,6.801417636848528e-21,6.821721579691024e-21,6.84202552253352e-21,6.862329465376015e-21,6.882633408218512e-21,6.902937351061008e-21,6.923241293903505e-21,6.943545236746001e-21,6.963849179588497e-21,6.984153122430995e-21,7.004457065273491e-21,7.024761008115987e-21,7.045064950958482e-21,7.065368893800978e-21,7.085672836643475e-21,7.10597677948597e-21,7.126280722328466e-21,7.146584665170964e-21,7.166888608013458e-21,7.187192550855955e-21,7.207496493698452e-21,7.227800436540946e-21,7.248104379383443e-21,7.268408322225939e-21,7.288712265068436e-21,7.309016207910932e-21,7.329320150753428e-21,7.349624093595923e-21,7.36992803643842e-21,7.390231979280916e-21,7.410535922123415e-21,7.43083986496591e-21,7.451143807808406e-21,7.4714477506509e-21,7.491751693493397e-21,7.512055636335895e-21,7.532359579178392e-21,7.552663522020889e-21,7.572967464863385e-21,7.593271407705882e-21,7.613575350548379e-21,7.633879293390875e-21,7.65418323623337e-21,7.674487179075867e-21,7.694791121918365e-21,7.715095064760863e-21,7.73539900760336e-21,7.755702950445855e-21,7.776006893288352e-21,7.796310836130847e-21,7.816614778973342e-21,7.83691872181584e-21,7.857222664658336e-21,7.877526607500832e-21,7.897830550343327e-21,7.918134493185823e-21,7.938438436028319e-21,7.958742378870816e-21,7.979046321713313e-21,7.999350264555809e-21,8.019654207398306e-21,8.039958150240803e-21,8.060262093083297e-21,8.080566035925794e-21,8.10086997876829e-21,8.121173921610786e-21,8.141477864453281e-21,8.161781807295777e-21,8.182085750138273e-21,8.202389692980768e-21,8.222693635823265e-21,8.24299757866576e-21,8.263301521508255e-21,8.283605464350751e-21,8.303909407193245e-21,8.324213350035739e-21,8.344517292878235e-21,8.36482123572073e-21,8.385125178563228e-21,8.405429121405725e-21,8.42573306424822e-21,8.446037007090716e-21,8.466340949933213e-21,8.48664489277571e-21,8.506948835618206e-21,8.527252778460703e-21,8.5475567213032e-21,8.567860664145696e-21,8.588164606988192e-21,8.608468549830686e-21,8.628772492673182e-21,8.649076435515679e-21,8.669380378358176e-21,8.689684321200672e-21,8.709988264043167e-21,8.730292206885663e-21,8.750596149728159e-21,8.770900092570657e-21,8.791204035413153e-21,8.811507978255649e-21,8.831811921098146e-21,8.852115863940642e-21,8.872419806783137e-21,8.892723749625634e-21,8.91302769246813e-21,8.933331635310626e-21,8.953635578153123e-21,8.973939520995619e-21,8.994243463838114e-21,9.01454740668061e-21,9.034851349523107e-21,9.055155292365604e-21,9.0754592352081e-21,9.095763178050596e-21,9.116067120893091e-21,9.13637106373559e-21,9.156675006578086e-21,9.176978949420581e-21,9.197282892263077e-21,9.217586835105573e-21,9.237890777948068e-21,9.258194720790564e-21,9.27849866363306e-21,9.298802606475555e-21,9.319106549318051e-21,9.339410492160548e-21,9.359714435003045e-21,9.38001837784554e-21,9.400322320688037e-21,9.420626263530535e-21,9.440930206373031e-21,9.461234149215527e-21,9.481538092058025e-21,9.501842034900521e-21,9.522145977743017e-21,9.542449920585514e-21,9.56275386342801e-21,9.583057806270504e-21,9.603361749113002e-21,9.623665691955496e-21,9.643969634797994e-21,9.66427357764049e-21,9.684577520482986e-21,9.704881463325485e-21,9.72518540616798e-21,9.745489349010475e-21,9.765793291852972e-21,9.786097234695469e-21,9.806401177537965e-21,9.82670512038046e-21,9.847009063222958e-21,9.867313006065455e-21,9.887616948907954e-21,9.907920891750448e-21,9.928224834592946e-21,9.94852877743544e-21,9.968832720277935e-21,9.989136663120432e-21,1.0009440605962929e-20,1.0029744548805426e-20,1.0050048491647923e-20,1.0070352434490418e-20,1.0090656377332915e-20,1.0110960320175412e-20,1.0131264263017908e-20,1.0151568205860406e-20,1.0171872148702902e-20,1.0192176091545396e-20,1.0212480034387892e-20,1.0232783977230386e-20,1.0253087920072882e-20,1.0273391862915379e-20,1.0293695805757873e-20,1.0313999748600369e-20,1.0334303691442863e-20,1.0354607634285358e-20,1.0374911577127855e-20,1.0395215519970353e-20,1.041551946281285e-20,1.0435823405655346e-20,1.0456127348497841e-20,1.0476431291340338e-20,1.0496735234182837e-20,1.0517039177025334e-20,1.053734311986783e-20,1.0557647062710326e-20,1.0577951005552823e-20,1.059825494839532e-20,1.0618558891237817e-20,1.0638862834080313e-20,1.0659166776922808e-20,1.0679470719765304e-20,1.0699774662607798e-20,1.0720078605450295e-20,1.0740382548292793e-20,1.0760686491135291e-20,1.0780990433977785e-20,1.0801294376820281e-20,1.082159831966278e-20,1.0841902262505277e-20,1.0862206205347774e-20,1.0882510148190273e-20,1.0902814091032768e-20,1.0923118033875266e-20,1.0943421976717763e-20,1.096372591956026e-20,1.0984029862402756e-20,1.1004333805245254e-20,1.1024637748087748e-20,1.1044941690930246e-20,1.1065245633772743e-20,1.108554957661524e-20,1.1105853519457737e-20,1.1126157462300234e-20,1.114646140514273e-20,1.1166765347985227e-20,1.1187069290827723e-20,1.1207373233670218e-20,1.1227677176512716e-20,1.124798111935521e-20,1.1268285062197705e-20,1.12885890050402e-20,1.1308892947882695e-20,1.1329196890725192e-20,1.1349500833567688e-20,1.1369804776410185e-20,1.139010871925268e-20,1.1410412662095178e-20,1.1430716604937675e-20,1.1451020547780172e-20,1.1471324490622665e-20,1.1491628433465162e-20,1.1511932376307656e-20,1.1532236319150152e-20,1.1552540261992649e-20,1.1572844204835146e-20,1.1593148147677645e-20,1.1613452090520139e-20,1.1633756033362635e-20,1.1654059976205132e-20,1.1674363919047629e-20,1.1694667861890123e-20,1.1714971804732622e-20,1.1735275747575113e-20,1.1755579690417609e-20,1.1775883633260103e-20,1.1796187576102602e-20,1.1816491518945096e-20,1.1836795461787593e-20,1.1857099404630089e-20,1.1877403347472583e-20,1.1897707290315081e-20,1.1918011233157579e-20,1.1938315176000076e-20,1.1958619118842573e-20,1.1978923061685069e-20,1.1999227004527566e-20,1.2019530947370063e-20,1.2039834890212557e-20,1.2060138833055053e-20,1.208044277589755e-20,1.2100746718740046e-20,1.2121050661582543e-20,1.2141354604425037e-20,1.2161658547267536e-20,1.2181962490110033e-20,1.220226643295253e-20,1.2222570375795024e-20,1.2242874318637523e-20,1.226317826148002e-20,1.2283482204322514e-20,1.2303786147165013e-20,1.232409009000751e-20,1.2344394032850004e-20,1.23646979756925e-20,1.2385001918534997e-20,1.2405305861377494e-20,1.242560980421999e-20,1.2445913747062487e-20,1.2466217689904981e-20,1.2486521632747478e-20,1.2506825575589977e-20,1.2527129518432474e-20,1.2547433461274971e-20,1.2567737404117469e-20,1.2588041346959964e-20,1.2608345289802458e-20,1.2628649232644954e-20,1.2648953175487451e-20,1.2669257118329951e-20,1.2689561061172446e-20,1.2709865004014938e-20,1.2730168946857434e-20,1.2750472889699928e-20,1.2770776832542425e-20,1.2791080775384924e-20,1.2811384718227421e-20,1.2831688661069914e-20,1.2851992603912411e-20,1.2872296546754908e-20,1.2892600489597405e-20,1.2912904432439901e-20,1.2933208375282395e-20,1.2953512318124888e-20,1.2973816260967385e-20,1.2994120203809882e-20,1.3014424146652379e-20,1.3034728089494878e-20,1.305503203233737e-20,1.3075335975179865e-20,1.309563991802236e-20,1.3115943860864857e-20,1.3136247803707355e-20,1.3156551746549852e-20,1.3176855689392344e-20,1.3197159632234842e-20,1.3217463575077339e-20,1.3237767517919836e-20,1.3258071460762332e-20,1.3278375403604826e-20,1.3298679346447321e-20,1.3318983289289819e-20,1.3339287232132316e-20,1.3359591174974814e-20,1.3379895117817309e-20,1.3400199060659806e-20,1.3420503003502298e-20,1.3440806946344796e-20,1.3461110889187291e-20,1.3481414832029788e-20,1.3501718774872286e-20,1.3522022717714781e-20,1.3542326660557275e-20,1.3562630603399773e-20,1.358293454624227e-20,1.3603238489084767e-20,1.362354243192726e-20,1.3643846374769758e-20,1.3664150317612252e-20,1.3684454260454747e-20,1.3704758203297244e-20,1.3725062146139738e-20,1.3745366088982232e-20,1.376567003182473e-20,1.3785973974667226e-20,1.3806277917509724e-20,1.3826581860352218e-20,1.3846885803194715e-20,1.3867189746037212e-20,1.3887493688879712e-20,1.3907797631722206e-20,1.3928101574564704e-20,1.39484055174072e-20,1.3968709460249695e-20,1.3989013403092192e-20,1.4009317345934692e-20,1.4029621288777183e-20,1.404992523161968e-20,1.4070229174462178e-20,1.4090533117304678e-20,1.4110837060147172e-20,1.4131141002989666e-20,1.4151444945832157e-20,1.4171748888674655e-20,1.4192052831517152e-20,1.421235677435965e-20,1.4232660717202143e-20,1.4252964660044637e-20,1.427326860288713e-20,1.4293572545729626e-20,1.431387648857212e-20,1.4334180431414617e-20,1.4354484374257114e-20,1.4374788317099614e-20,1.4395092259942105e-20,1.44153962027846e-20,1.4435700145627097e-20,1.4456004088469594e-20,1.4476308031312088e-20,1.4496611974154582e-20,1.4516915916997076e-20,1.4537219859839574e-20,1.4557523802682074e-20,1.4577827745524568e-20,1.4598131688367062e-20,1.4618435631209556e-20,1.463873957405205e-20,1.4659043516894548e-20,1.4679347459737045e-20,1.469965140257954e-20,1.4719955345422033e-20,1.4740259288264527e-20,1.476056323110702e-20,1.4780867173949516e-20,1.4801171116792016e-20,1.482147505963451e-20,1.4841779002477007e-20,1.48620829453195e-20,1.4882386888161995e-20,1.4902690831004496e-20,1.4922994773846993e-20,1.494329871668949e-20,1.4963602659531987e-20,1.4983906602374487e-20,1.500421054521698e-20,1.502451448805948e-20,1.5044818430901976e-20,1.506512237374447e-20,1.5085426316586967e-20,1.5105730259429464e-20,1.512603420227196e-20,1.5146338145114456e-20,1.5166642087956953e-20,1.5186946030799447e-20,1.5207249973641947e-20,1.522755391648444e-20,1.5247857859326935e-20,1.5268161802169433e-20,1.528846574501193e-20,1.5308769687854427e-20,1.532907363069692e-20,1.5349377573539418e-20,1.5369681516381918e-20,1.5389985459224413e-20,1.5410289402066913e-20,1.5430593344909407e-20,1.5450897287751904e-20,1.5471201230594398e-20,1.5491505173436898e-20,1.5511809116279393e-20,1.5532113059121887e-20,1.555241700196438e-20,1.5572720944806878e-20,1.5593024887649375e-20,1.5613328830491872e-20,1.5633632773334367e-20,1.5653936716176864e-20,1.5674240659019358e-20,1.5694544601861855e-20,1.5714848544704355e-20,1.573515248754685e-20,1.5755456430389347e-20,1.577576037323184e-20,1.5796064316074335e-20,1.5816368258916832e-20,1.583667220175933e-20,1.5856976144601826e-20,1.587728008744432e-20,1.5897584030286815e-20,1.5917887973129312e-20,1.5938191915971812e-20,1.5958495858814306e-20,1.59787998016568e-20,1.5999103744499295e-20,1.6019407687341792e-20,1.6039711630184286e-20,1.6060015573026783e-20,1.6080319515869277e-20,1.610062345871177e-20,1.612092740155427e-20,1.6141231344396763e-20,1.616153528723926e-20,1.6181839230081754e-20,1.620214317292425e-20,1.6222447115766745e-20,1.6242751058609242e-20,1.6263055001451737e-20,1.628335894429423e-20,1.6303662887136728e-20,1.6323966829979225e-20,1.6344270772821722e-20,1.636457471566422e-20,1.6384878658506717e-20,1.640518260134921e-20,1.6425486544191708e-20,1.6445790487034205e-20,1.6466094429876705e-20,1.64863983727192e-20,1.6506702315561694e-20,1.652700625840419e-20,1.6547310201246685e-20,1.6567614144089182e-20,1.658791808693168e-20,1.6608222029774173e-20,1.662852597261667e-20,1.6648829915459168e-20,1.6669133858301662e-20,1.6689437801144162e-20,1.670974174398666e-20,1.6730045686829156e-20,1.6750349629671654e-20,1.6770653572514148e-20,1.6790957515356642e-20,1.681126145819914e-20,1.6831565401041636e-20,1.6851869343884136e-20,1.6872173286726634e-20,1.689247722956913e-20,1.6912781172411628e-20,1.6933085115254125e-20,1.695338905809662e-20,1.697369300093912e-20,1.6993996943781614e-20,1.701430088662411e-20,1.7034604829466605e-20,1.7054908772309102e-20,1.7075212715151596e-20,1.7095516657994093e-20,1.7115820600836588e-20,1.713612454367908e-20,1.7156428486521573e-20,1.717673242936407e-20,1.7197036372206567e-20,1.7217340315049067e-20,1.7237644257891565e-20,1.7257948200734065e-20,1.7278252143576556e-20,1.7298556086419053e-20,1.7318860029261547e-20,1.7339163972104047e-20,1.7359467914946542e-20,1.7379771857789036e-20,1.740007580063153e-20,1.7420379743474027e-20,1.7440683686316527e-20,1.746098762915902e-20,1.748129157200152e-20,1.7501595514844013e-20,1.7521899457686507e-20,1.7542203400529004e-20,1.7562507343371504e-20,1.7582811286214e-20,1.76031152290565e-20,1.7623419171898993e-20,1.7643723114741484e-20,1.766402705758398e-20,1.7684331000426478e-20,1.7704634943268975e-20,1.7724938886111473e-20,1.7745242828953967e-20,1.776554677179646e-20,1.778585071463896e-20,1.7806154657481455e-20,1.782645860032395e-20,1.7846762543166444e-20,1.786706648600894e-20,1.7887370428851438e-20,1.7907674371693935e-20,1.7927978314536432e-20,1.7948282257378926e-20,1.7968586200221424e-20,1.7988890143063918e-20,1.8009194085906415e-20,1.802949802874891e-20,1.8049801971591403e-20,1.8070105914433897e-20,1.8090409857276395e-20,1.8110713800118892e-20,1.8131017742961383e-20,1.8151321685803877e-20,1.8171625628646377e-20,1.8191929571488874e-20,1.8212233514331375e-20,1.823253745717387e-20,1.825284140001637e-20,1.8273145342858866e-20,1.8293449285701363e-20,1.831375322854386e-20,1.8334057171386355e-20,1.835436111422885e-20,1.8374665057071346e-20,1.8394968999913846e-20,1.841527294275634e-20,1.8435576885598837e-20,1.8455880828441338e-20,1.847618477128383e-20,1.8496488714126326e-20,1.851679265696882e-20,1.8537096599811314e-20,1.8557400542653808e-20,1.857770448549631e-20,1.8598008428338803e-20,1.86183123711813e-20,1.8638616314023794e-20,1.8658920256866288e-20,1.8679224199708785e-20,1.869952814255128e-20,1.8719832085393777e-20,1.874013602823627e-20,1.8760439971078768e-20,1.8780743913921265e-20,1.8801047856763762e-20,1.882135179960626e-20,1.8841655742448754e-20,1.886195968529125e-20,1.8882263628133745e-20,1.8902567570976245e-20,1.8922871513818742e-20,1.894317545666124e-20,1.8963479399503734e-20,1.898378334234623e-20,1.900408728518873e-20,1.9024391228031228e-20,1.9044695170873725e-20,1.9064999113716223e-20,1.9085303056558717e-20,1.9105606999401214e-20,1.9125910942243708e-20,1.9146214885086205e-20,1.9166518827928702e-20,1.9186822770771197e-20,1.920712671361369e-20,1.9227430656456188e-20,1.9247734599298688e-20,1.9268038542141185e-20,1.9288342484983682e-20,1.9308646427826177e-20,1.9328950370668674e-20,1.9349254313511174e-20,1.936955825635367e-20,1.9389862199196165e-20,1.941016614203866e-20,1.9430470084881154e-20,1.945077402772365e-20,1.9471077970566148e-20,1.9491381913408645e-20,1.9511685856251142e-20,1.953198979909364e-20,1.9552293741936134e-20,1.957259768477863e-20,1.9592901627621128e-20,1.9613205570463622e-20,1.963350951330612e-20,1.9653813456148613e-20,1.9674117398991108e-20,1.9694421341833605e-20,1.97147252846761e-20,1.9735029227518596e-20,1.9755333170361093e-20,1.9775637113203587e-20,1.9795941056046085e-20,1.981624499888858e-20,1.9836548941731073e-20,1.9856852884573573e-20,1.9877156827416067e-20,1.9897460770258567e-20,1.9917764713101065e-20,1.9938068655943562e-20,1.9958372598786062e-20,1.9978676541628556e-20,1.999898048447105e-20,2.0019284427313544e-20,2.0039588370156042e-20,2.005989231299854e-20,2.0080196255841033e-20,2.0100500198683527e-20,2.0120804141526027e-20,2.0141108084368527e-20,2.0161412027211022e-20,2.018171597005352e-20,2.0202019912896013e-20,2.0222323855738507e-20,2.0242627798581e-20,2.0262931741423498e-20,1.357274194726591e-13,2.77665879000041e-13,4.262756115112092e-13,5.820630117765746e-13,7.455869932183235e-13,9.174662317523912e-13,1.098387536542683e-12,1.289115600400205e-12,1.4905044303976187e-12,1.7035108241560905e-12,1.92921034297568e-12,2.1688163451408183e-12,2.4237027893421476e-12,2.6954317104365137e-12,2.985786523542024e-12,3.2968126498127295e-12,3.630867409825946e-12,3.990681743362386e-12,4.379437152917361e-12,4.800862428821607e-12,5.2593563392129556e-12,5.7601447746299846e-12,6.309484156799689e-12,6.9149277719767314e-12,7.585678898445429e-12,8.333065505484872e-12,9.171188140182494e-12,1.01178191886423e-11,1.1195674656534922e-11,1.2434250968572227e-11,1.387254144857473e-11,1.556316352659565e-11,1.757882608275829e-11,2.0022832768746347e-11,2.304686854553221e-11,2.6882648007577035e-11,3.190167124010603e-11,3.873649402501072e-11,4.8549781514015596e-11,6.370183412934638e-11,8.965923090712808e-11,1.4153078951479817e-10,2.719957624547107e-10,7.218900144538762e-10,2.83803058269436e-09,1.378700351211489e-08,6.139548862822937e-08,2.175594514833755e-07,6.128246911853937e-07,1.4325097852132705e-06,2.9017701532147283e-06,5.26899778589337e-06,8.797068262721438e-06,1.3774479032011527e-05,2.0557923681781286e-05,2.9657131020497803e-05,4.187780337349692e-05,5.8548998649175937e-05,8.186115758776888e-05,0.00011527363887669198,0.00016371751483948218,0.00023303330093999184,0.0003284553619875632,0.0004530734410131753,0.0006073208075634704,0.0007894418389075672,0.0009963088883855429,0.0012241526877916182,0.0014690736247511531,0.001727350747189151,0.0019956030814087884,0.0022708497880066457,0.0025504676220038176,0.0026002136328701,0.002647296962470742,0.0026934761694302036,0.0027390779189785173,0.00278424896598954,0.002829062738817082,0.002873562361432808,0.00291777742328667,0.0029617305125229044,0.0030054398945194277,0.0030489207459926345,0.003092185828490236,0.0031352459234562082,0.0031781101495562316,0.0032207862110561107,0.0032632805997742545,0.003305598762852616,0.0033477452440515256,0.003389723803929579,0.0034315375228674973,0.0034731888899620597,0.0035146798801545215,0.003556012021469936,0.003597186453875513,0.003638203980983345,0.0036790651156027063,0.003719770119974042,0.0037603190413789847,0.003800711743710308,0.0038409479354962746,0.0038810271948008486,0.00392094899136128,0.0039607127062748415,0.004000317649505114,0.004039763075443436,0.004079048196731804,0.004118172196528573,0.004157134239377055,0.004195933480818815,0.004234569075877705,0.004273040186527051,0.004311345988240445,0.004349485675716231,0.004387458467856604,0.004425263612074166,0.004462900387991723,0.004500368110594633,0.004537666132889495,0.004574793848117897,0.004611750691569323,0.004648536142033429,0.004685149722928077,0.004721591003136319,0.004757859597582475,0.004793955167574825,0.004829877420939855,0.004865626111970914,0.004901201041211959,0.00493660205509535,0.004971829045450868,0.005006881948901652,0.005041760746161273,0.005076465461244983,0.005110996160606858,0.005145352952213604,0.005179535984564729,0.005213545445667881,0.005247381561977377,0.005281044597303098,0.0053145348516963386,0.005347852660318433,0.005380998392297526,0.005413972449578167,0.005446775265768115,0.005479407304986046,0.005511869060713667,0.005544161054655231,0.005576283835607128,0.005608237978339932,0.0056400240824949835,0.005671642771497316,0.005703094691486508,0.005734380510266822,0.005765500916277763,0.005796456617586054,0.0058272483408998346,0.005857876830605749,0.005888342847829416,0.0059186471695197255,0.005948790587557244,0.005978773907886887,0.006008597949675013,0.006038263544490929,0.006067771535512751,0.00609712277675755,0.006126318132335548,0.006155358475728214,0.006184244689089936,0.006212977662572991,0.006241558293675477,0.006269987486611827,0.006298266151705523,0.006326395204803582,0.0063543755667123825,0.00638220816265441,0.00640989392174541,0.0064374337764915345,0.006464828662305946,0.006492079517044459,0.006519187280559669,0.006546152894273156,0.0065729773007651695,0.006599661443381437,0.006626206265856503,0.006652612711953157,0.006678881725117521,0.006705014248149233,0.0067310112228863165,0.006756873589904332,0.006782602288229217,0.0068081982550634995,0.0068336624255254125,0.006858995732400452,0.006884199105904997,0.006909273473461585,0.006934219759485389,0.006959038885181609,0.0069837317683532655,0.00700829932321916,0.007032742460241526,0.007057062085963101,0.007081259102853209,0.0071053344091626,0.007129288898786641,0.007153123461136584,0.007176838981018638,0.007200436338520453,0.007223916408904841,0.007247280062510394,0.007270528164658707,0.0072936615755680115,0.007316681150272906,0.007339587738549978,0.007362382184849067,0.007385065328229919,0.007407638002304036,0.007430101035181517,0.007452455249422643,0.007474701461994029,0.007496840484229178,0.0075188731217931655,0.007540800174651389,0.007562622437042114,0.007584340697452708,0.007605955738599339,0.007627468337410071,0.007648879265011125,0.007670189286716198,0.007691399162018682,0.0077125096445867045,0.007733521482260763,0.007754435417053913,0.007775252185154368,0.007795972516930357,0.00781659713693719,0.007837126763926384,0.00785756211085673,0.007877903884907299,0.007898152787492127,0.007918309514276654,0.007938374755195739,0.00795834919447317,0.0079782335106426,0.007998028376569887,0.008017734459476615,0.00803735242096492,0.008056882917043389,0.008076326598154026,0.008095684109200271,0.008114956089575917,0.008134143173194937,0.008153245988522122,0.008172265158604525,0.008191201301103613,0.008210055028328077,0.008228826947267303,0.008247517659679716,0.008266127761963567,0.008284657845356688,0.00830310849591716,0.008321480294558719,0.00833977381708723,0.008357989634237449,0.008376128311710036,0.008394190410208861,0.008412176485478524,0.008430087088342171,0.008447922764739397,0.008465684055764434,0.008483371497704407,0.00850098562207776,0.008518526955672729,0.008535996020585936,0.008553393334261021,0.008570719409527324,0.008587974754638548,0.008605159873311468,0.008622275264764572,0.008639321423756731,0.008656298840625748,0.008673208001326902,0.008690049387471359,0.008706823476364565,0.00872353074104444,0.008740171650319555,0.008756746668807092,0.008773256256970742,0.008789700871158395,0.008806080963639702,0.00882239698264348,0.008838649372394933,0.008854838573152658,0.008870965021245507,0.008887029149109263,0.008903031385323015,0.00891897215464547,0.008934851878050912,0.008950670972765043,0.008966429852300515,0.008982128926492307,0.008997768601532811,0.009013349280006714,0.009028871360925601,0.009044335239762367,0.00905974130848532,0.009075089955592083,0.009090381566143188,0.009105616521795477,0.0091207952008352,0.009135917978210856,0.009150985225565787,0.009165997311270482,0.009180954600454682,0.009195857455039109,0.009210706233767052,0.00922550129223557,0.009240242982926502,0.009254931655237202,0.009269567655510973,0.009284151327067244,0.009298683010231497,0.00931316304236488,0.009327591757893635,0.009341969488338143,0.009356296562341807,0.009370573305699589,0.009384800041386348,0.00939897708958484,0.00941310476771352,0.009427183390454024,0.00944121326977844,0.009455194714976273,0.009469128032681162,0.009483013526897349,0.009496851499025887,0.009510642247890578,0.00952438606976365,0.009538083258391216,0.009551734105018425,0.009565338898414417,0.009578897924897,0.009592411468357067,0.009605879810282781,0.009619303229783518,0.009632682003613577,0.009646016406195614,0.009659306709643859,0.009672553183787092,0.009685756096191392,0.009698915712182626,0.009712032294868736,0.009725106105161764,0.009738137401799664,0.009751126441367922,0.009764073478320845,0.009776978765002753,0.009789842551668896,0.009802665086506105,0.009815446615653308,0.009828187383221769,0.009840887631315139,0.009853547600049304,0.009866167527572002,0.009878747650082228,0.009891288201849464,0.009903789415232674,0.009916251520699127,0.009928674746842966,0.00994105932040366,0.009953405466284183,0.009965713407569028,0.00997798336554206,0.009990215559704104,0.010002410207790432,0.010014567525787981,0.010026687727952465,0.01003877102682523,0.010050817633249966,0.010062827756389257,0.010074801603740902,0.010086739381154118,0.010098641292845505,0.010110507541414914,0.010122338327861075,0.01013413385159711,0.010145894310465834,0.01015761990075491,0.010169310817211893,0.010180967253058986,0.010192589400007784,0.010204177448273743,0.010215731586590556,0.010227252002224367,0.010238738880987804,0.010250192407253897,0.010261612763969816,0.010273000132670464,0.010284354693491964,0.010295676625184946,0.01030696610512772,0.01031822330933931,0.010329448412492335,0.010340641587925754,0.010351803007657472,0.010362932842396843,0.01037403126155698,0.01038509843326699,0.010396134524384015,0.010407139700505224,0.010418114125979622,0.010429057963919712,0.010439971376213107,0.010450854523533958,0.010461707565354271,0.01047253065995511,0.010483323964437689,0.010494087634734325,0.0105048218256193,0.01051552669071957,0.01052620238252539,0.010536849052400842,0.010547466850594185,0.010558055926248172,0.010568616427410193,0.010579148501042383,0.01058965229303152,0.010600127948198928,0.010610575610310204,0.010620995422084853,0.01063138752520585,0.01064175206032907,0.010652089167092647,0.010662398984126182,0.010672681649059925,0.01068293729853381,0.010693166068206413,0.010703368092763803,0.010713543505928328,0.010723692440467265,0.010733815028201431,0.010743911400013672,0.01075398168585724,0.010764026014764165,0.010774044514853429,0.010784037313339146,0.010794004536538625,0.010803946309880326,0.010813862757911767,0.010823754004307332,0.010833620171875998,0.010843461382569006,0.010853277757487394,0.010863069416889528,0.010872836480198489,0.01088257906600945,0.01089229729209688,0.010901991275421793,0.010911661132138824,0.010921306977603283,0.010930928926378132,0.010940527092240875,0.010950101588190372,0.010959652526453631,0.01096918001849245,0.010978684175010078,0.010988165105957752,0.010997622920541182,0.011007057727226956,0.011016469633748926,0.011025858747114486,0.011035225173610766,0.011044569018810867,0.011053890387579871,0.011063189384080968,0.011072466111781377,0.011081720673458278,0.011090953171204681,0.011100163706435219,0.011109352379891902,0.01111851929164976,0.011127664541122528,0.01113678822706818,0.011145890447594441,0.011154971300164284,0.01116403088160129,0.011173069288095024,0.011182086615206345,0.011191082957872621,0.011200058410412942,0.011209013066533288,0.011217947019331558,0.011226860361302677,0.011235753184343536,0.011244625579757988,0.01125347763826168,0.011262309449986949,0.011271121104487615,0.011279912690743696,0.011288684297166158,0.011297436011601542,0.011306167921336601,0.011314880113102848,0.011323572673081107,0.01133224568690595,0.011340899239670183,0.011349533415929206,0.011358148299705377,0.011366743974492327,0.011375320523259208,0.011383878028454936,0.011392416572012374,0.011400936235352483,0.011409437099388398,0.011417919244529534,0.011426382750685598,0.01143482769727055,0.011443254163206617,0.011451662226928129,0.011460051966385458,0.011468423459048832,0.011476776781912114,0.011485112011496624,0.011493429223854806,0.011501728494573978,0.011510009898779957,0.011518273511140686,0.011526519405869866,0.011534747656730453,0.011542958337038221,0.011551151519665253,0.011559327277043398,0.011567485681167663,0.011575626803599647,0.011583750715470912,0.011591857487486255,0.011599947189927084,0.011608019892654616,0.011616075665113176,0.01162411457633336,0.011632136694935244,0.01164014208913153,0.01164813082673063,0.01165610297513983,0.011664058601368274,0.011671997772030067,0.011679920553347233,0.011687827011152719,0.011695717210893351,0.011703591217632738,0.01171144909605419,0.011719290910463602,0.011727116724792253,0.011734926602599683,0.011742720607076441,0.01175049880104689,0.011758261246971928,0.01176600800695172,0.011773739142728397,0.011781454715688693,0.011789154786866643,0.011796839416946168,0.011804508666263688,0.011812162594810705,0.011819801262236338,0.011827424727849855,0.011835033050623205,0.011842626289193484,0.011850204501865386,0.011857767746613663,0.011865316081085549,0.011872849562603136,0.01188036824816578,0.011887872194452415,0.011895361457823935,0.011902836094325478,0.011910296159688718,0.011917741709334165,0.011925172798373388,0.011932589481611276,0.01193999181354823,0.011947379848382367,0.01195475364001171,0.011962113242036318,0.011969458707760434,0.011976790090194624,0.01198410744205784,0.011991410815779553,0.011998700263501777,0.012005975837081103,0.012013237588090808,0.012020485567822758,0.012027719827289497,0.012034940417226164,0.012042147388092485,0.012049340790074685,0.012056520673087467,0.012063687086775873,0.012070840080517179,0.012077979703422833,0.012085106004340223,0.012092219031854614,0.012099318834290915,0.01210640545971553,0.012113478955938138,0.012120539370513468,0.012127586750743121,0.01213462114367726,0.012141642596116366,0.012148651154613013,0.012155646865473503,0.012162629774759608,0.01216959992829025,0.012176557371643143,0.012183502150156483,0.01219043430893056,0.012197353892829384,0.012204260946482326,0.012211155514285678,0.012218037640404288,0.012224907368773071,0.012231764743098623,0.012238609806860746,0.012245442603313983,0.012252263175489133,0.012259071566194771,0.012265867818018751,0.012272651973329678,0.012279424074278362,0.012286184162799332,0.012292932280612226,0.012299668469223275,0.012306392769926683,0.012313105223806079,0.0123198058717359,0.012326494754382779,0.012333171912206934,0.012339837385463532,0.012346491214204043,0.01235313343827759,0.012359764097332271,0.012366383230816515,0.012372990877980359,0.012379587077876762,0.01238617186936292,0.01239274529110152,0.01239930738156202,0.012405858179021931,0.012412397721568021,0.012418926047097621,0.012425443193319804,0.012431949197756618,0.012438444097744332,0.01244492793043459,0.012451400732795655,0.01245786254161353,0.012464313393493192,0.012470753324859751,0.012477182371959543,0.01248360057086136,0.01249000795745755,0.012496404567465121,0.012502790436426915,0.012509165599712681,0.012515530092520185,0.012521883949876324,0.012528227206638183,0.012534559897494137,0.01254088205696489,0.012547193719404574,0.01255349491900177,0.012559785689780577,0.012566066065601629,0.012572336080163114,0.01257859576700184,0.012584845159494193,0.012591084290857183,0.012597313194149425,0.012603531902272112,0.012609740447970025,0.012615938863832499,0.012622127182294376,0.012628305435636982,0.012634473655989067,0.012640631875327761,0.012646780125479509,0.012652918438120981,0.012659046844780043,0.012665165376836606,0.012671274065523604,0.012677372941927868,0.012683462036990995,0.012689541381510294,0.012695611006139605,0.012701670941390242,0.012707721217631808,0.012713761865093081,0.012719792913862875,0.012725814393890889,0.012731826334988516,0.012737828766829754,0.012743821718951958,0.01274980522075671,0.012755779301510646,0.012761743990346215,0.01276769931626257,0.012773645308126285,0.012779581994672195,0.0127855094045042,0.012791427566095987,0.012797336507791872,0.012803236257807549,0.012809126844230839,0.012815008295022474,0.012820880638016847,0.012826743900922756,0.01283259811132415,0.012838443296680858,0.012844279484329353,0.012850106701483446,0.012855924975235033,0.0128617343325548,0.012867534800292924,0.012873326405179818,0.012879109173826788,0.012884883132726765,0.012890648308254982,0.01289640472666967,0.012902152414112713,0.01290789139661037,0.012913621700073895,0.01291934335030027,0.012925056372972784,0.012930760793661775,0.012936456637825245,0.012942143930809485,0.012947822697849769,0.01295349296407095,0.012959154754488125,0.012964808094007265,0.012970453007425806,0.01297608951943332,0.01298171765461209,0.012987337437437744,0.012992948892279888,0.012998552043402634,0.013004146914965294,0.013009733531022917,0.013015311915526883,0.013020882092325518,0.01302644408516465,0.013031997917688224,0.013037543613438837,0.013043081195858328,0.013048610688288352,0.013054132113970928,0.013059645496049014,0.013065150857567057,0.013070648221471535,0.013076137610611532,0.013081619047739242,0.013087092555510552,0.013092558156485542,0.013098015873129061,0.013103465727811193,0.013108907742807867,0.013114341940301297,0.01311976834238055,0.013125186971042048,0.013130597848190087,0.01313600099563733,0.013141396435105321,0.013146784188224998,0.013152164276537157,0.01315753672149299,0.013162901544454542,0.013168258766695218,0.013173608409400258,0.01317895049366722,0.013184285040506463,0.01318961207084162,0.013194931605510078,0.013200243665263412,0.01320554827076791,0.01321084544260496,0.013216135201271583,0.013221417567180855,0.013226692560662343,0.013231960201962581,0.013237220511245512,0.01324247350859295,0.013247719214004966,0.013252957647400377,0.013258188828617179,0.013263412777412945,0.013268629513465288,0.013273839056372286,0.013279041425652869,0.013284236640747302,0.013289424721017528,0.013294605685747665,0.013299779554144358,0.013304946345337205,0.013310106078379187,0.013315258772247037,0.013320404445841677,0.0133255431179886,0.01333067480743825,0.013335799532866462,0.013340917312874803,0.013346028165991012,0.013351132110669324,0.013356229165290926,0.013361319348164275,0.013366402677525546,0.01337147917153892,0.013376548848297047,0.01338161172582135,0.013386667822062447,0.013391717154900487,0.013396759742145518,0.013401795601537866,0.01340682475074846,0.013411847207379255,0.013416862988963506,0.01342187211296619,0.01342687459678432,0.013431870457747297,0.013436859713117281,0.013441842380089504,0.013446818475792639,0.013451788017289117,0.01345675102157548,0.01346170750558272,0.013466657486176604,0.013471600980157997,0.013476538004263218,0.013481468575164359,0.01348639270946958,0.013491310423723464,0.013496221734407345,0.013501126657939603,0.013506025210675995,0.013510917408909967,0.013515803268872981,0.013520682806734786,0.013525556038603781,0.013530422980527293,0.013535283648491875,0.013540138058423634,0.013544986226188528,0.013549828167592638,0.013554663898382505,0.013559493434245413,0.013564316790809664,0.013569133983644907,0.013573945028262384,0.013578749940115266,0.01358354873459892,0.013588341427051174,0.013593128032752647,0.013597908566926985,0.013602683044741175,0.013607451481305799,0.013612213891675329,0.013616970290848397,0.013621720693768068,0.013626465115322112,0.013631203570343281,0.01363593607360955,0.01364066263984444,0.013645383283717219,0.013650098019843203,0.013654806862784032,0.013659509827047894,0.013664206927089797,0.01366889817731184,0.013673583592063457,0.013678263185641677,0.013682936972291379,0.013687604966205516,0.013692267181525419,0.013696923632341002,0.013701574332691023,0.013706219296563325,0.013710858537895087,0.013715492070573062,0.013720119908433815,0.013724742065264004,0.013729358554800524,0.01373396939073084,0.013738574586693185,0.013743174156276787,0.013747768113022099,0.013752356470421051,0.013756939241917286,0.01376151644090634,0.013766088080735928,0.013770654174706127,0.01377521473606964,0.013779769778031971,0.013784319313751691,0.01378886335634065,0.013793401918864159,0.01379793501434126,0.013802462655744915,0.013806984856002229,0.01381150162799466,0.013816012984558234,0.013820518938483772,0.013825019502517074,0.013829514689359133,0.013834004511666364,0.013838488982050813,0.013842968113080324,0.013847441917278781,0.013851910407126307,0.013856373595059441,0.013860831493471368,0.013865284114712127,0.01386973147108875,0.013874173574865535,0.013878610438264206,0.013883042073464103,0.01388746849260237,0.013891889707774215,0.01389630573103299,0.013900716574390494,0.013905122249817074,0.013909522769241884,0.013913918144553021,0.013918308387597738,0.013922693510182632,0.013927073524073807,0.013931448440997083,0.013935818272638175,0.013940183030642848,0.01394454272661713,0.013948897372127471,0.013953246978700942,0.01395759155782539,0.013961931120949633,0.013966265679483615,0.013970595244798607,0.013974919828227364,0.013979239441064292,0.013983554094565635,0.01398786379994964,0.01399216856839673,0.013996468411049673,0.014000763339013726,0.014005053363356843,0.014009338495109807,0.014013618745266439,0.014017894124783678,0.014022164644581848,0.014026430315544751,0.014030691148519849,0.014034947154318434,0.014039198343715757,0.014043444727451242,0.014047686316228589,0.014051923120715945,0.014056155151546092,0.014060382419316564,0.014064604934589815,0.014068822707893393,0.014073035749720054,0.014077244070527935,0.014081447680740714,0.014085646590747757,0.014089840810904263,0.014094030351531384,0.01409821522291643,0.01410239543531299,0.014106570998941059,0.014110741923987216,0.014114908220604731,0.01411906989891376,0.014123226969001442,0.01412737944092207,0.014131527324697224,0.0141356706303159,0.014139809367734672,0.014143943546877816,0.014148073177637447,0.014152198269873678,0.014156318833414745,0.014160434878057123,0.014164546413565697,0.014168653449673878,0.014172755996083735,0.01417685406246615,0.014180947658460896,0.014185036793676858,0.014189121477692083,0.014193201720053969,0.014197277530279332,0.014201348885622979,0.014205415825946924,0.0142094783622679,0.014213536504230148,0.014217590261181842,0.014221639642625477,0.014225684657684666,0.014229725315632418,0.014233761625722674,0.014237793597168166,0.014241821239159664,0.014245844560855371,0.014249863571384245,0.014253878279857721,0.014257888695345243,0.014261894826961056,0.014265896683654862,0.014269894274415456,0.014273887608203428,0.014277876693951284,0.014281861540562884,0.014285842156915623,0.01428981855164398,0.014293790733784758,0.014297758712131294,0.014301722495327004,0.014305682092223628,0.014309637511546668,0.014313588761960774,0.014317535852168679,0.01432147879075951,0.014325417586327778,0.014329352247492351,0.014333282782774322,0.014337209200712879,0.014341131509770374,0.014345049718462868,0.014348963835229418,0.014352873868467694,0.014356779826564038,0.014360681717959919,0.01436457955091237,0.014368473333760368,0.014372363074897991,0.014376248784499064,0.014380130467167844,0.014384008133381941,0.01438788179057116,0.014391751446915502,0.014395617110451982,0.014399478789531033,0.014403336491823295,0.014407190226890082,0.01441104000102178,0.014414885823101142,0.014418727700824458,0.01442256564184542,0.014426399654949804,0.014430229747658762,0.014434055927847616,0.014437878202941143,0.014441696581732832,0.01444551107166693,0.014449321680622849,0.014453128416285477,0.014456931286300698,0.01446073029832164,0.014464525460250382,0.014468316779710756,0.014472104264295153,0.014475887921726107,0.014479667759625937,0.014483443785591299,0.014487216007197636,0.014490984432030984,0.014494749067587713,0.014498509921376135,0.014502267000881261,0.014506020313567604,0.01450976986687654,0.01451351566829445,0.01451725772515199,0.014520996045073575,0.014524730635179544,0.014528461502796493,0.014532188655232764,0.014535912099789682,0.014539631843719843,0.014543347894279466,0.014547060258688524,0.014550768944157279,0.014554473957872582,0.014558175306991057,0.014561872998655759,0.014565567039982012,0.014569257438074634,0.01457294420000663,0.014576627332832715,0.014580306843595986,0.01458398273930886,0.014587655026973715,0.014591323712992436,0.014594988805082212,0.014598650309878988,0.014602308234608693,0.014605962586104667,0.014609613370946932,0.014613260596359942,0.014616904268969238,0.01462054439536023,0.014624180982171192,0.014627814037615205,0.014631443566763724,0.014635069577196286,0.014638692075415929,0.01464231106817503,0.01464592656215719,0.014649538564027042,0.014653147080430227,0.014656752117993582,0.014660353683324837,0.014663951783015251,0.014667546423633748,0.01467113761172879,0.014674725353836352,0.014678309656460348,0.01468189052612158,0.014685467969282565,0.014689041992413073,0.014692612601961981,0.014696179804329116,0.014699743605928808,0.014703304013148628,0.014706861032401396,0.014710414669947186,0.014713964932169954,0.014717511825371555,0.014721055355706128,0.014724595529997575,0.014728132353943477,0.014731665833965102,0.014735195976298738,0.014738722786723757,0.014742246273696453,0.014745766440144586,0.014749283293638598,0.0147527968403588,0.01475630708640188,0.014759814037876906,0.01476331770057854,0.014766818081133712,0.014770315185343857,0.01477380901925322,0.01477729958888405,0.014780786900247587,0.014784270959332775,0.014787751772116515,0.014791229344558855,0.014794703682893746,0.01479817479251244,0.014801642679563149,0.014805107349941454,0.014808568809515869,0.01481202706416592,0.014815482119736961,0.014818933982058103,0.014822382656942832,0.014825828150191725,0.014829270468609254,0.014832709616934536,0.014836145600904745,0.014839578426290074,0.014843008098776075,0.014846434624082028,0.014849858007893348,0.014853278255892114,0.014856695373731564,0.01486010936705168,0.014863520241503399,0.014866928002679662,0.01487033265618332,0.014873734207587988,0.014877132662476268,0.014880528026390906,0.01488392030487685,0.014887309503450356,0.01489069562763152,0.014894078682907418,0.01489745867475914,0.014900835608656559,0.014904209490041186,0.014907580324348338,0.014910948117010521,0.01491431287340942,0.014917674598962455,0.014921033299048867,0.014924388979011114,0.014927741644214851,0.014931091299987197,0.014934437951657126,0.014937781604524383,0.01494112226389994,0.01494445993504541,0.014947794623230525,0.014951126333707519,0.014954455071706702,0.014957780842467948,0.01496110365118771,0.01496442350307107,0.014967740403285967,0.014971054357028528,0.014974365369440109,0.014977673445657822,0.014980978590808335,0.014984280808903464,0.014987580106157672,0.014990876487660822,0.014994169958484902,0.01499746052369891,0.015000748188351431,0.01500403295748483,0.015007314836117301,0.015010593829256201,0.015013869941959999,0.015017143179149022,0.015020413545794697,0.015023681046858018,0.015026945687282573,0.015030207472001261,0.015033466405273258,0.015036722493351461,0.01503997573970354,0.015043226150674422,0.015046473730420212,0.01504971848379318,0.015052960415652747,0.015056199530797466,0.015059435834099383,0.01506266933030693,0.01506590002424317,0.015069127920686688,0.015072353024413164,0.015075575340180634,0.015078794872745363,0.015082011626819854,0.015085225607148986,0.015088436818437793,0.015091645265381473,0.01509485095267968,0.015098053884990824,0.015101254066960482,0.015104451503282445,0.015107646198577783,0.015110838157474531,0.015114027384589047,0.015117213884538244,0.015120397661932012,0.01512357872128144,0.01512675706719743,0.015129932704239292,0.015133105636185853,0.015136275868920523,0.01513944340658865,0.015142608253499733,0.01514577041397311,0.015148929892865677,0.015152086694363364,0.015155240822972118,0.015158392283410716,0.015161541079946581,0.01516468721700607,0.01516783069902555,0.015170971530393082,0.015174109715565421,0.015177245259013011,0.015180378164818974,0.01518350843754061,0.015186636081509301,0.015189761101086151,0.015192883500608038,0.015196003284401098,0.015199120456780835,0.015202235022058776,0.015205346984806507,0.015208456349080307,0.015211563118839406,0.015214667298841801,0.015217768892862036,0.01522086790538284,0.015223964340635592,0.01522705820282388,0.015230149496387424,0.015233238225042956,0.015236324393331162,0.015239408005353778,0.015242489065259258,0.015245567577235547,0.0152486435454086,0.015251716973951732,0.015254787866977678,0.015257856228527284,0.015260922062760744,0.01526398537388749,0.015267046165895725,0.01527010444283759,0.01527316020916472,0.015276213467304109,0.015279264223619162,0.015282312481131878,0.015285358243859938,0.015288401515835694,0.015291442301003296,0.015294480603226154,0.015297516426915101,0.015300549775550747,0.01530358065367429,0.015306609064957845,0.01530963501314733,0.015312658502692806,0.015315679537393847,0.015318698121122047,0.015321714257719108,0.015324727951676427,0.015327739205571254,0.01533074802360289,0.015333754411281694,0.015336758370139826,0.015339759906521769,0.015342759021447131,0.015345755720157105,0.015348750006656222,0.015351741884980572,0.015354731358338222,0.015357718429693041,0.015360703105116768,0.015363685387152914,0.015366665278607658,0.015369642783040847,0.01537261790772407,0.015375590654389528,0.01537856102631756,0.015381529027637971,0.015384494661938891,0.01538745793315163,0.015390418844073755,0.0153933773994604,0.015396333602786427,0.015399287457425883,0.015402238967096435,0.015405188135565498,0.015408134966489526,0.015411079463516442,0.015414021630285534,0.015416961470482429,0.015419898987620756,0.015422834185546675,0.015425767067510312,0.015428697637467285,0.01543162589883076,0.01543455185504753,0.015437475509952968,0.015440396866839953,0.015443315929400885,0.01544623270118435,0.015449147185735708,0.015452059386572962,0.015454969307221147,0.015457876951201781,0.01546078232202297,0.015463685423188715,0.015466586258176193,0.015469484830607462,0.015472381143689913,0.015475275201031619,0.015478167006076567,0.015481056562282165,0.01548394387324478,0.015486828942193215,0.015489711772504331,0.01549259236770139,0.015495470731121194,0.015498346866454155,0.01550122077713842,0.015504092465872164,0.015506961936533422,0.015509829192411761,0.015512694236947757,0.015515557072274226,0.015518417704050986,0.015521276134484263,0.015524132367024475,0.015526986404770968,0.015529838251148849,0.015532687909657538,0.015535535383454454,0.015538380675199717,0.0155412237892315,0.0155440647283847,0.015546903495947045,0.015549740095187559,0.015552574529267714,0.01555540680153323,0.015558236915225532,0.015561064873582957,0.015563890679837196,0.015566714337212266,0.015569535848924477,0.015572355218183951,0.015575172448192813,0.015577987542146489,0.015580800503233119,0.015583611334633827,0.015586420039522335,0.015589226621065416,0.015592031082423416,0.015594833426748587,0.015597633657187167,0.015600431776878464,0.015603227788953206,0.015606021696536816,0.015608813502747797,0.015611603210696646,0.015614390823488195,0.01561717634421939,0.015619959775981145,0.015622741121857053,0.01562552038492298,0.0156282975683338,0.01563107267506887,0.01563384570818594,0.015636616670734453,0.01563938556569722,0.01564215239617087,0.015644917165194856,0.01564767987591118,0.015650440531199673,0.015653199134078588,0.015655955687541544,0.015658710194595936,0.01566146265822932,0.0156642130814235,0.015666961467149302,0.015669707818386818,0.01567245213809428,0.015675194429235883,0.015677934694755494,0.015680672937607217,0.01568340916071983,0.015686143367028678,0.01568887555946101,0.0156916057409356,0.015694333914368214,0.01569706008266643,0.015699784248726104,0.01570250641544376,0.01570522658570846,0.015707944762397397,0.015710660948394295,0.01571337514656384,0.01571608735976605,0.015718797590862813,0.015721505842709045,0.015724212118139957,0.01572691641999925,0.01572961875112297,0.015732319114331157,0.01573501751235706,0.015737713948110195,0.015740408425732794,0.015743100945362357,0.0157457915113533,0.015748480126035958,0.015751166792470156,0.015753851512914505,0.015756534290899647,0.015759215129036386,0.015761894030038043,0.015764570996577885,0.015767246031405155,0.01576991913726367,0.01577259031688885,0.01577525957301424,0.015777926908361984,0.015780592325656685,0.015783255827613286,0.015785917416936447,0.015788577096333422,0.015791234868493587,0.015793890736117925,0.015796544701886173,0.01579919676847473,0.015801846938570712,0.01580449521483256,0.015807141599927715,0.015809786096510733,0.015812428707239246,0.015815069434757356,0.015817708281705464,0.015820345250714907,0.015822980344420395,0.01582561356508226,0.015828244915337915,0.015830874398929044,0.01583350201767351,0.015836127774266334,0.015838751670942463,0.01584137371068927,0.01584399389585743,0.01584661222915303,0.01584922871314574,0.015851843350538172,0.015854456143675512,0.015857067095300492,0.015859676207665957,0.015862283483706163,0.015864888925791798,0.015867492536149625,0.01587009431773425,0.01587269427311481,0.015875292404655003,0.015877888714885487,0.015880483206314286,0.015883075881587428,0.015885666743028548,0.015888255793002126,0.015890843033875075,0.015893428467225076,0.015896012096841952,0.015898593926228853,0.015901173956564485,0.01590375219048367,0.01590632863005244,0.015908903279363954,0.01591147613869741,0.01591404721153818,0.015916616500290092,0.015919184007317868,0.01592174973527113,0.015924313686204245,0.015926875862824364,0.01592943626703746,0.015931994901851144,0.01593455176962118,0.015937106872521138,0.015939660212930737,0.015942211793273705,0.015944761616038795,0.01594730968350026,0.015949855998089943,0.015952400562177883,0.015954943378335605,0.015957484448477912,0.01596002377518509,0.01596256136084839,0.015965097207801,0.01596763131837726,0.01597016369491242,0.015972694339740426,0.01597522325482337,0.015977750442853298,0.01598027590614336,0.01598279964699794,0.015985321667740394,0.015987841970664447,0.015990360558087266,0.015992877432293894,0.01599539259598129,0.015997906051042187,0.016000417799648732,0.016002927844322896,0.016005436187246733,0.016007942830654598,0.016010447776799837,0.01601295102796772,0.016015452586396237,0.016017952454396297,0.01602045063410381,0.016022947127818935,0.01602544193752886,0.016027935066023485,0.016030426515187223,0.016032916287318955,0.016035404384436423,0.01603789080906062,0.016040375563284463,0.01604285864911718,0.016045340069055978,0.016047819827480245,0.0160502979222697,0.01605277435703006,0.01605524913503558,0.01605772225786505,0.01606019372793618,0.016062663547443876,0.016065131718184637,0.016067598242587442,0.016070063122613255,0.016072526361034015,0.016074987959328293,0.01607744791980865,0.01607990624484067,0.016082362936483834,0.01608481799684392,0.016087271427825907,0.016089723231603775,0.016092173410515564,0.01609462196674882,0.016097068902112998,0.016099514218274717,0.01610195791853333,0.016104400004389074,0.01610684047789554,0.01610927934122859,0.016111716596178837,0.016114152245357338,0.01611658629049359,0.01611901873399555,0.01612144957709161,0.016123878822866446,0.01612630647324996,0.016128732530042635,0.016131156995513533,0.016133579870940204,0.01613600115892688,0.016138420861647542,0.016140838980811558,0.01614325551889927,0.016145670477634714,0.016148083859009774,0.016150495665056257,0.016152905898036182,0.01615531455984193,0.016157721652759558,0.01616012717829925,0.016162531138677057,0.016164933535824242,0.016167334371831425,0.016169733648665575,0.01617213136840926,0.01617452753294211,0.01617692214428785,0.016179315204347424,0.01618170671527086,0.0161840966789288,0.016186485097291443,0.01618887197236484,0.016191257306066492,0.01619364110030859,0.016196023357094115,0.016198404078373096,0.01620078326609206,0.016203160922293864,0.01620553704893946,0.016207911647505874,0.016210284720490298,0.016212656269239168,0.01621502629596164,0.016217394803017638,0.01621976179192103,0.016222127264619014,0.016224491223017765,0.01622685366910625,0.01622921460460973,0.016231574031625087,0.01623393195181741,0.01623628836726813,0.016238643279875713,0.016240996691392836,0.016243348603430546,0.016245699018522335,0.01624804793821996,0.0162503953644156,0.01625274129895415,0.016255085743029755,0.016257428700102,0.01625977017086198,0.01626211015740548,0.016264448661582703,0.016266785685240398,0.01626912123022187,0.016271455298367012,0.016273787891512282,0.016276119011490748,0.01627844866013204,0.016280776839262434,0.016283103550704777,0.01628542879627857,0.016287752577799925,0.01629007489708161,0.016292395755933005,0.0162947151561602,0.016297033099375528,0.0162993495884206,0.01630166462316604,0.016303978207214163,0.016306290342684562,0.016308601028877948,0.016310910269002464,0.016313218064679183,0.01631552441805767,0.016317829330535938,0.016320132804188436,0.016322434840601505,0.01632473544156967,0.016327034608869567,0.016329332344221206,0.0163316286492794,0.016333923526072273,0.016336216976483426,0.016338509001209908,0.016340799603192405,0.016343088783721146,0.016345376544533347,0.016347662887362106,0.016349947813931915,0.016352231325902106,0.016354513424619396,0.016356794113240727,0.01635907339175754,0.016361351262700406,0.016363627727659338,0.01636590278837554,0.01636817644672079,0.016370448704193595,0.01637271956245491,0.016374989023269684,0.01637725708873446,0.016379523759528,0.01638178903758477,0.016384052925484362,0.016386315424139423,0.01638857653542375,0.016390836260768243,0.016393094603795802,0.01639535156320468,0.016397607141755387,0.01639986134129619,0.01640211416362864,0.01640436561029575,0.016406615684524242,0.016408864386359676,0.01641111171558422,0.016413357676620426,0.016415602269069143,0.016417845496008523,0.016420087359015244,0.016422327859089002,0.01642456699983423,0.01642680477955403,0.016429041203113066,0.016431276269759848,0.016433509981723063,0.016435742340541945,0.01643797334811575,0.016440203006055348,0.016442431315972252,0.01644465827929127,0.016446883897747233,0.01644910817298432,0.01645133110673324,0.016453552700778126,0.01645577295610799,0.01645799187508592,0.016460209458288855,0.01646242570781108,0.016464640625140938,0.016466854211584697,0.016469066468425164,0.01647127739845057,0.016473487002448575,0.016475695283367262,0.01647790224139206,0.016480107877616387,0.016482312194114574,0.01648451519351239,0.016486716877062966,0.016488917245365813,0.016491116298973263,0.016493314041621087,0.016495510473002812,0.01649770559555954,0.016499899410864938,0.01650209192037703,0.016504283125714954,0.01650647302825363,0.016508661629734703,0.016510848931155713,0.016513034935152066,0.01651521964387488,0.016517403056149935,0.016519585174536416,0.016521766000764538,0.01652394553875268,0.016526123785279463,0.01652830074424348,0.016530476415709996,0.016532650803984833,0.01653482391040173,0.016536995734609906,0.016539166277995142,0.01654133554463168,0.016543503533524618,0.016545670245426563,0.016547835683438344,0.016549999848560194,0.01655216274222193,0.016554324366307976,0.016556484719447,0.01655864380573705,0.01656080162901068,0.01656295818830288,0.016565113485322865,0.016567267521990184,0.01656942029933223,0.016571571817323903,0.01657372207863837,0.016575871086226907,0.016578018839704996,0.016580165338395403,0.016582310587560583,0.016584454585606246,0.01658659733575439,0.01658873884034617,0.016590879099763933,0.016593018115306224,0.016595155888423776,0.01659729242068128,0.016599427712994785,0.016601561767543127,0.01660369458525569,0.01660582616770332,0.016607956516437216,0.01661008563247251,0.016612213517389156,0.016614340172495676,0.016616465599281205,0.016618589799149878,0.016620712773478943,0.016622834523792634,0.016624955051353484,0.016627074357452504,0.01662919244367192,0.016631309311289807,0.016633424961347353,0.01663553939566861,0.016637652615374567,0.016639764622084382,0.01664187541738253,0.016643985003436012,0.016646093379379997,0.016648200547511514,0.016650306509259326,0.01665241126784369,0.0166545148213056,0.016656617172661106,0.016658718322873935,0.016660818273662146,0.016662917027119695,0.01666501458280883,0.01666711094439286,0.016669206110380107,0.016671300083499603,0.01667339286673228,0.01667548445986069,0.01667757486265229,0.016679664075258175,0.016681752104343993,0.016683838948607928,0.01668592460934693,0.016688009085019693,0.01669009237956799,0.016692174497657506,0.016694255437683343,0.016696335201038182,0.016698413788534247,0.01670049120244921,0.01670256744242017,0.016704642510621266,0.01670671640866417,0.016708789137569863,0.016710860698624364,0.01671293109313593,0.016715000322386864,0.01671706838767022,0.016719135290282607,0.016721201031494614,0.016723265612569236,0.01672532903481852,0.016727391299520607,0.016729452407954443,0.01673151236109495,0.016733571160599356,0.016735628807709606,0.016737685303696827,0.01673974064969978,0.016741794847275296,0.01674384789740011,0.01674589980110699,0.016747950559872465,0.016750000175647324,0.016752048648731293,0.01675409598060492,0.016756142172886485,0.01675818722622674,0.016760231142116735,0.01676227392236522,0.01676431556726689,0.01676635607867264,0.01676839545733558,0.016770433706425922,0.016772470824125748,0.01677450681329457,0.016776541675521048,0.016778575411062303,0.016780608021150615,0.016782639507788005,0.016784669871677392,0.01678669911410287,0.016788727236137762,0.016790754238920777,0.016792780124498953,0.016794804893663643,0.016796828547515786,0.016798851087226657,0.016800872514044888,0.01680289282915966,0.01680491203402167,0.01680693012938117,0.01680894711663983,0.01681096299700683,0.016812977769338856,0.01681499143898391,0.01681700400589246,0.01681901547035826,0.01682102583402627,0.01682303509795318,0.016825043263038016,0.016827050330972225,0.016829056302683897,0.016831061179440675,0.016833064962483,0.0168350676525696,0.01683706925104296,0.016839069759294334,0.01684106917818923,0.01684306750915402,0.016845064753303943,0.01684706091159706,0.016849055986039686,0.016851049976559836,0.01685304288458883,0.01685503471182672,0.01685702546038813,0.01685901512884617,0.016861003720351053,0.01686299123470888,0.016864977673534114,0.0168669630392359,0.016868947329978713,0.016870930549664036,0.01687291269864012,0.016874893779183133,0.016876873790156018,0.016878852733812216,0.01688083061095284,0.01688280742310931,0.016884783171472368,0.016886757856723656,0.016888731480888448,0.016890704044212772,0.0168926755474615,0.01689464599270308,0.016896615380494227,0.016898583711960374,0.01690055098837608,0.016902517211222455,0.01690448237917277,0.016906446497388813,0.016908409564983184,0.016910371582868795,0.01691233255230071,0.01691429247443458,0.016916251350368318,0.01691820917958522,0.016920165966399846,0.01692212171045986,0.016924076412523772,0.016926030073688057,0.016927982695567157,0.016929934278953798,0.016931884824803855,0.016933834334263362,0.016935782808544294,0.016937730248476543,0.016939676655261904,0.01694162202993944,0.01694356637431159,0.016945509689182,0.01694745197412964,0.016949393231265097,0.01695133346157349,0.0169532726663673,0.016955210846602117,0.016957148001622898,0.01695908413580162,0.01696101924859008,0.016962953341117585,0.01696488641439049,0.01696681846955998,0.016968749507465707,0.016970679529253577,0.01697260853605698,0.01697453652886085,0.016976463508692252,0.016978389476634062,0.016980314433725642,0.016982238381153803,0.01698416131971754,0.01698608325012389,0.016988004174276254,0.01698992409233566,0.016991843005814227,0.016993760915959884,0.016995677823230283,0.016997593729454186,0.016999508634493413,0.01700142254005141,0.01700333544711596,0.01700524735672494,0.017007158269572983,0.017009068187364744,0.017010977110763405,0.01701288504067672,0.017014791978231757,0.01701669792443574,0.017018602880292482,0.01702050684692355,0.017022409825356945,0.01702431181647914,0.017026212821308492,0.01702811284071231,0.01703001187562477,0.017031909927245216,0.01703380699674255,0.01703570308482113,0.017037598192702102,0.01703949232124545,0.017041385471515843,0.01704327764442738,0.017045168841010646,0.01704705906209642,0.017048948309402494,0.017050836581671287,0.017052723882784598,0.017054610212567354,0.017056495572019666,0.01705837996195086,0.01706026338339529,0.01706214583709028,0.017064027324873318,0.01706590784687955,0.017067787403195124,0.017069665997070955,0.017071543628545433,0.017073420298076875,0.01707529600697344,0.01707717075620603,0.017079044544546163,0.01708091737764465,0.01708278925314007,0.01708466017308666,0.017086530138130926,0.017088399149196704,0.017090267207284855,0.017092134313326318,0.017094000468481554,0.01709586567331104,0.017097729929423305,0.017099593236893026,0.017101455597068816,0.01710331701125822,0.017105177480352455,0.01710703700427105,0.017108895584775564,0.017110753222354527,0.017112609918297085,0.01711446567411345,0.01711632049004328,0.01711817436735574,0.017120027306394885,0.01712187930817397,0.017123730374348504,0.017125580505432884,0.017127429702315268,0.017129277968022615,0.01713112529940456,0.017132971699382896,0.017134817168797476,0.017136661708663386,0.01713850531956707,0.017140348003209963,0.017142189759966925,0.017144030590588253,0.017145870496597604,0.017147709478583732,0.0171495475374195,0.01715138467431777,0.017153220889599807,0.017155056184414593,0.017156890559569735,0.01715872401618424,0.017160556555093395,0.017162388177199474,0.017164218883403172,0.017166048674685592,0.0171678775517137,0.017169705515601635,0.017171532567153994,0.01717335870717887,0.017175183936968694,0.017177008256835435,0.017178831668068866,0.017180654171466005,0.017182475768299763,0.01718429645872909,0.017186116243885288,0.017187935125635646,0.017189753102795562,0.01719157017763157,0.017193386350824826,0.017195201623223102,0.01719701599628646,0.01719882946960162,0.017200642045023976,0.017202453723190844,0.017204264504672107,0.017206074390682984,0.01720788338203759,0.01720969147958463,0.017211498684280735,0.017213304996782353,0.017215110418119836,0.017216914949162762,0.01721871859070618,0.017220521343573398,0.01722232320877706,0.017224124187026003,0.017225924279135194,0.01722772348608081,0.017229521808752923,0.017231319247780732,0.017233115804279952,0.017234911478997916,0.01723670627278428,0.017238500186488377,0.017240293220956257,0.017242085377034606,0.017243876655568195,0.017245667057389294,0.017247456583361163,0.01724924523431774,0.01725103301105781,0.017252819914493494,0.017254605945405687,0.01725639110467708,0.017258175393050343,0.01725995881143585,0.017261741360661397,0.01726352304159413,0.017265303855064074,0.01726708380198747,0.017268862882094515,0.017270641097669258,0.017272418449394856,0.017274194937754467,0.01727597056357128,0.017277745328527355,0.017279519232471945,0.017281292275699682,0.01728306445966719,0.017284835785190397,0.01728660625308972,0.017288375864174883,0.017290144619263054,0.017291912519066855,0.01729367956508243,0.017295445756757417,0.0172972110954068,0.0172989755823865,0.017300739218245247,0.017302502003773167,0.017304263939791547,0.017306025027091856,0.017307785266833124,0.017309544659455868,0.017311303205674998,0.017313060906274363,0.017314817762117473,0.017316573774056227,0.017318328942899527,0.017320083269409765,0.01732183675434351,0.017323589398531108,0.017325341202885383,0.017327092168358194,0.017328842295461853,0.01733059158497779,0.01733234003768471,0.01733408765437987,0.017335834435847772,0.01733758038287305,0.017339325496236273,0.017341069776708743,0.017342813225082833,0.017344555842135845,0.01734629762864189,0.017348038585384223,0.017349778713133725,0.01735151801266121,0.017353256484754477,0.017354994130174956,0.017356730949703546,0.017358466944106563,0.01736020211414892,0.017361936460603796,0.01736366998423435,0.017365402685807736,0.017367134566100225,0.017368865625867657,0.017370595865870548,0.01737232528686758,0.017374053889627535,0.017375781674910405,0.01737750864347162,0.017379234796062758,0.017380960133454464,0.01738268465639541,0.01738440836563491,0.01738613126193768,0.017387853346051526,0.01738957461873802,0.017391295080733112,0.017393014732792096,0.01739473357565894,0.0173964516100829,0.017398168836820885,0.017399885256603777,0.017401600870187516,0.01740331567830254,0.017405029681710184,0.017406742881129127,0.017408455277328747,0.017410166871023647,0.017411877662957348,0.01741358765386335,0.017415296844508158,0.017417005235571395,0.017418712827835702,0.017420419622024973,0.01742212561885129,0.017423830819065508,0.01742553522339791,0.01742723883195082,0.017428941646678565,0.017430643667087888,0.017432344894514475,0.017434045329684993,0.017435744973321902,0.017437443825364062,0.017439141888104973,0.017440839161744884,0.017442535646698086,0.017444231343744402,0.017445926253337487,0.017447620376387248,0.017449313713690687,0.017451006266261237,0.017452698034307094,0.01745438901845161,0.01745607922058754,0.01745776863998492,0.01745945727786076,0.017461145134952442,0.017462832211698556,0.017464518509345,0.017466204026855434,0.01746788876785011,0.01746957273014502,0.017471255917347737,0.0174729383286736,0.0174746199647951,0.017476300826569355,0.017477980914700854,0.017479660229540086,0.01748133877207762,0.017483016542961992,0.01748469354289337,0.017486369772566106,0.017488045232637403,0.017489719923836685,0.01749139384685646,0.017493067002388965,0.017494739391146385,0.017496411013951874,0.017498081871102418,0.017499751963602213,0.017501421291753427,0.01750308985684734,0.017504757659195572,0.017506424699839422,0.017508090978841012,0.01750975649721784,0.017511421255795415,0.017513085255109216,0.01751474849609178,0.017516410979072097,0.017518072704517336,0.017519733673751575,0.017521393886296234,0.01752305334428656,0.017524712047759707,0.017526369997439308,0.017528027193905147,0.017529683637853646,0.01753133932983301,0.01753299427077126,0.01753464846121437,0.017536301901827516,0.01753795459330912,0.017539606536291982,0.017541257733485405,0.01754290818251893,0.017544557883870274,0.017546206839393553,0.017547855050289784,0.017549502516199165,0.01755114923824885,0.017552795217032742,0.017554440453151184,0.017556084947504172,0.017557728700709218,0.017559371713221018,0.01756101398581725,0.017562655519151368,0.01756429631387596,0.017565936370643655,0.01756757569010688,0.01756921427291418,0.01757085211971662,0.017572489231161496,0.017574125607897822,0.017575761250572485,0.017577396159831678,0.017579030336319867,0.01758066378068194,0.01758229649356092,0.017583928475600752,0.017585559727442204,0.017587190249727814,0.017588820043097093,0.0175904491081891,0.017592077445643593,0.017593705056096975,0.017595331940188086,0.01759695809855032,0.017598583531821466,0.01760020824063402,0.017601832225622376,0.01760345548741885,0.017605078026655473,0.017606699843964974,0.017608320939975417,0.017609941315317717,0.01761156097061862,0.017613179906507286,0.017614798123610824,0.017616415622555087,0.01761803240396629,0.017619648468467638,0.017621263816683587,0.017622878449238297,0.017624492366751336,0.01762610556984604,0.017627718059141304,0.01762932983525807,0.017630940898814094,0.01763255125042907,0.01763416089071814,0.017635769820300812,0.01763737803979102,0.017638985549804517,0.01764059235095322,0.017642198443852838,0.017643803829114357,0.01764540850735086,0.017647012479171616,0.017648615745187415,0.017650218306010032,0.017651820162245195,0.017653421314501885,0.017655021763385997,0.017656621509504658,0.017658220553462473,0.017659818895865147,0.017661416537315937,0.017663013478418227,0.017664609719774505,0.01766620526198666,0.017667800105654267,0.017669394251378905,0.01767098769981634,0.01767258045144955,0.01767417250700834,0.01767576386701584,0.017677354532051437,0.017678944502727195,0.017680533779638203,0.01768212236337634,0.017683710254537473,0.017685297453712633,0.017686883961492896,0.01768846977846996,0.017690054905233288,0.01769163934240461,0.017693223090509767,0.017694806150166918,0.01769638852196405,0.017697970206487057,0.017699551204321876,0.0177011315160666,0.017702711142292167,0.017704290083581157,0.017705868340535544,0.017707445913927672,0.01770902280380462,0.01771059901105874,0.01771217453629055,0.017713749380013962,0.017715323542995626,0.017716897025560695,0.01771846982828293,0.017720041951954705,0.017721613396886264,0.017723184163953038,0.017724754253485554,0.017726323666195594,0.01772789240273198,0.017729460463986123,0.017731027849932624,0.01773259456119244,0.017734160598585194,0.017735725962556674,0.017737290653671887,0.017738854672486717,0.017740418019587315,0.01774198069553119,0.017743542700866685,0.017745104036119296,0.017746664701837212,0.01774822469877631,0.017749784027367276,0.017751342688234552,0.017752900681835732,0.017754458008776647,0.01775601466963846,0.017757570665034625,0.017759125995340026,0.017760680661348775,0.017762234663440492,0.017763788002311518,0.017765340678371183,0.017766892692242162,0.017768444044472198,0.01776999473563992,0.017771544766247774,0.017773094136872936,0.01777464284806554,0.01777619090037831,0.017777738294406563,0.017779285030604303,0.017780831109569246,0.017782376531826717,0.017783921297967985,0.017785465408515565,0.01778700886401713,0.017788551665016795,0.017790093812061567,0.017791635305693155,0.01779317614645408,0.01779471633488805,0.01779625587155616,0.017797794756959216,0.017799332991657712,0.017800870576191043,0.017802407511125586,0.017803943796996177,0.017805479434291872,0.01780701442357472,0.017808548765412123,0.01781008246030611,0.017811615508945944,0.017813147911538454,0.017814679668817678,0.01781621078110366,0.01781774124927236,0.01781927107369981,0.017820800254915503,0.017822328793448697,0.017823856689845954,0.017825383944626218,0.017826910558315326,0.017828436531441165,0.017829961864530886,0.01783148655811026,0.01783301061270601,0.017834534028836,0.017836056807031694,0.01783757894781738,0.017839100451720828,0.01784062131925519,0.017842141550947686,0.017843661147322647,0.017845180108899843,0.0178466984361912,0.017848216129726046,0.017849733190019118,0.017851249617943137,0.017852765413306527,0.017854280576692354,0.017855795109532335,0.017857309011544212,0.017858822283376118,0.01786033492555908,0.017861846937749046,0.0178633583218471,0.017864869078250092,0.017866379207365758,0.017867888709322155,0.01786939758468159,0.017870905833444438,0.017872413456949243,0.017873920455428648,0.017875426829076224,0.017876932579155215,0.017878437705604776,0.017879942209183562,0.017881446090144963,0.017882949349125557,0.017884451986625586,0.017885954003148047,0.017887455399196773,0.017888956175287657,0.017890456331903663,0.017891955869539764,0.01789345478872476,0.0178949530899308,0.017896450773710205,0.017897947840483045,0.017899444290792505,0.017900940125174482,0.01790243534403692,0.017903929947919357,0.017905423937328024,0.017906917312742087,0.01790841007466326,0.017909902223615024,0.01791139376003845,0.017912884684458986,0.017914374997357346,0.01791586469924065,0.01791735379058744,0.017918842271886695,0.017920330143624298,0.017921817406296073,0.017923304060399402,0.017924790106405037,0.017926275544824552,0.01792776037611874,0.017929244600793075,0.017930728219322737,0.017932211232198524,0.0179336936399095,0.017935175442150123,0.017936656640970668,0.017938137236073706,0.017939617227826048,0.017941096616940384,0.01794257540369768,0.017944053588728016,0.01794553117180761,0.01794700815394235,0.017948484536478165,0.017949960319071798,0.017951435501568087,0.01795291008593581,0.01795438407173344,0.017955857459674898,0.017957330249022328,0.017958802442459804,0.01796027403935789,0.017961745040189762,0.01796321544542957,0.017964685255548885,0.017966154471021744,0.017967623092318342,0.017969091119910394,0.0179705585542691,0.01797202539586473,0.017973491645165644,0.017974957302641495,0.017976422368760542,0.01797788684297751,0.017979350727788213,0.017980814022642275,0.017982276728009266,0.01798373884435211,0.017985200372137387,0.017986661311829605,0.017988121663892794,0.017989581428790122,0.017991040606984234,0.017992499198938503,0.017993957205113525,0.017995414625971616,0.017996871461973325,0.017998327713578028,0.017999783381245905,0.018001238465435342,0.018002692966606962,0.018004146885216753,0.018005600221723032,0.018007052976583268,0.01800850515022848,0.018009956743164794,0.018011407755861138,0.01801285818870761,0.01801430804275908,0.018015757317306712,0.018017206013392427,0.018018654131469015,0.018020101671986852,0.018021548635399787,0.018022995022158858,0.018024440832713585,0.018025886067600982,0.01802733072709755,0.018028774811822995,0.0180302183221434,0.01803166125841371,0.01803310362126331,0.018034545411045096,0.018035986628423654,0.018037427274458683,0.018038867347660456,0.018040306849579923,0.018041745780634943,0.018043184141298005,0.018044621931970206,0.01804605915317985,0.01804749580531662,0.018048931888837577,0.018050367404173,0.018051802351662274,0.018053236731926874,0.01805467054537905,0.01805610379239636,0.018057536473412437,0.018058968588884537,0.01806040013924805,0.01806183112479651,0.018063261546252676,0.018064691403898183,0.018066120698262557,0.018067549429693592,0.018068977599681527,0.018070405206598847,0.018071832251778292,0.018073258735849286,0.018074684658985467,0.01807611002189999,0.018077534825156685,0.01807895906861388,0.01808038275313487,0.01808180587909071,0.018083228446865867,0.01808465045690105,0.01808607190962388,0.01808749280546119,0.01808891314488947,0.01809033292828544,0.01809175215607323,0.01809317082868447,0.01809458894645574,0.018096006509982256,0.01809742351960595,0.01809883997566608,0.018100255878753104,0.018101671229209217,0.01810308602745661,0.018104500273833705,0.018105913968844718,0.018107327112912505,0.01810873970645812,0.018110151749901243,0.01811156324366202,0.018112974188160574,0.018114384583814733,0.018115794431044423,0.01811720373026676,0.018118612481983064,0.018120020686526805,0.01812142834431439,0.018122835455763174,0.018124242021287363,0.0181256480413035,0.018127053516141516,0.018128458446383267,0.018129862832359813,0.018131266674406052,0.018132669973089165,0.01813407272791894,0.01813547494073398,0.01813687661145345,0.018138277740481146,0.018139678328055395,0.018141078374651575,0.018142477880691305,0.01814387684657023,0.01814527527273313,0.018146673159548956,0.018148070507450608,0.01814946731687799,0.018150863587832314,0.018152259321467662,0.018153654518341878,0.018155049177627284,0.018156443301129886,0.018157836887931957,0.01815922993899779,0.01816062245478324,0.018162014435691935,0.01816340588212711,0.018164796794493728,0.018166187173233813,0.01816757701866911,0.018168966331442885,0.018170355111532997,0.018171743359560465,0.018173131075915862,0.01817451826051874,0.018175904914496048,0.018177291038244038,0.018178676631861217,0.01818006169587124,0.018181446231502096,0.018182830237318856,0.01818421371470345,0.018185596663957606,0.018186979085496064,0.018188360979719487,0.01818974234706767,0.018191123187902614,0.018192503502579383,0.018193883291582766,0.01819526255511937,0.01819664129387276,0.018198019508019032,0.018199397198016106,0.01820077436424379,0.018202151007092427,0.018203527126961012,0.01820490272415619,0.018206277799158562,0.018207652352790607,0.01820902638458496,0.01821039989529778,0.01821177288538455,0.018213145355781092,0.018214517305742358,0.01821588873708455,0.01821725964843379,0.018218630041026904,0.018219999915234906,0.018221369271528887,0.01822273811024615,0.018224106431765925,0.018225474236435,0.01822684152462708,0.018228208296935625,0.01822957455419235,0.018230940295449072,0.018232305521718704,0.018233670234118038,0.018235034431864614,0.018236398115756183,0.01823776128634222,0.018239123943943492,0.0182404860889095,0.01824184772160761,0.01824320884241862,0.01824456945176135,0.018245929550003797,0.01824728913733586,0.018248648214448385,0.01825000678160893,0.01825136483914539,0.01825272238757461,0.018254079427015582,0.01825543595797758,0.018256791980771157,0.018258147495733113,0.018259502503423845,0.0182608570036218,0.01826221099769967,0.018263564485548438,0.018264917467438985,0.018266269943889663,0.018267621915112452,0.0182689733817465,0.01827032434296302,0.018271674801052594,0.01827302475545365,0.018274374206180444,0.01827572315438711,0.01827707159987775,0.018278419543285577,0.018279766984887393,0.018281113924932726,0.01828246036397349,0.01828380630224195,0.018285151740113643,0.018286496678018103,0.01828784111632078,0.01828918505530374,0.018290528495372854,0.018291871437058314,0.018293213880413085,0.018294555825946895,0.018295897274009463,0.01829723822498705,0.018298578679203474,0.018299918637007515,0.01830125809882278,0.018302597064897702,0.01830393553575252,0.01830527351172084,0.018306610993045324,0.018307947980177448,0.01830928447348246,0.018310620473075863,0.01831195597950164,0.01831329099329418,0.018314625514643013,0.01831595954398782,0.01831729308152582,0.01831862612769913,0.018319958682205255,0.018321290747220928,0.018322622321370892,0.018323953405332567,0.018325283999918406,0.01832661410436689,0.018327943719543514,0.018329272847460647,0.01833060148719638,0.01833192963896577,0.018333257303392796,0.018334584480653802,0.01833591117047191,0.018337237374489043,0.018338563092435697,0.0183398883246414,0.01834121307148023,0.018342537333269966,0.018343861110377956,0.018345184403147478,0.018346507211825513,0.018347829536782507,0.018349151378655365,0.01835047273739192,0.018351793613576025,0.01835311400685907,0.018354433918415004,0.01835575334983353,0.018357072299002825,0.018358390769639465,0.018359708757366856,0.01836102626490327,0.018362343292562384,0.018363659840660875,0.018364975909612655,0.018366291499736485,0.018367606611655117,0.01836892124515409,0.018370235400963105,0.018371549079151693,0.01837286228035739,0.018374175004361375,0.018375487252172307,0.01837679902365138,0.018378110318091934,0.018379421138494268,0.01838073148382793,0.01838204135459566,0.01838335075078754,0.018384659672883975,0.018385968121230122,0.018387276096158995,0.018388583598010603,0.018389890626827794,0.018391197183868387,0.01839250326851851,0.018393808881382208,0.018395114022039555,0.018396418693070935,0.01839772289278037,0.018399026622116413,0.018400329881181617,0.0184016326705868,0.01840293498967182,0.018404236840633775,0.018405538223111025,0.01840683913704865,0.018408139582716143,0.018409439561147174,0.018410739071664545,0.018412038114710608,0.01841333669128721,0.01841463480141873,0.01841593244603629,0.018417229624291882,0.01841852633704914,0.018419822584580154,0.01842111836709002,0.01842241368526741,0.018423708539401177,0.01842500292977976,0.018426296856682386,0.01842759032042696,0.018428883321259505,0.01843017585912452,0.018431467934952508,0.01843275954949613,0.018434050702219196,0.018435341393671516,0.01843663162486008,0.018437921394910413,0.0184392107046295,0.018440499554402353,0.018441787944425928,0.0184430758752223,0.018444363347039607,0.01844565036024808,0.018446936913627213,0.0184482230103116,0.01844950864923404,0.01845079383077342,0.018452078555479888,0.018453362823505383,0.01845464663503511,0.018455929990461077,0.018457212890070684,0.018458495334190354,0.01845977732318868,0.01846105885739094,0.018462339937018374,0.018463620562437895,0.01846490073386491,0.01846618045194784,0.018467459716536155,0.018468738527908087,0.0184700168871556,0.018471294793978195,0.018472572248578206,0.018473849251592143,0.018475125803035286,0.018476401902826272,0.018477677552694156,0.018478952752101954,0.018480227501439187,0.018481501800951476,0.018482775650924963,0.01848404905177854,0.018485322004091264,0.01848659450742626,0.018487866562447632,0.018489138169914047,0.018490409329584772,0.01849168004164377,0.018492950306671783,0.01849422012501749,0.018495489496948642,0.01849675842277418,0.018498026902791207,0.01849929493732026,0.018500562526254687,0.01850182967028855,0.018503096370347562,0.018504362626153428,0.018505628438049967,0.018506893806173503,0.01850815873049686,0.01850942321190039,0.018510687250403415,0.01851195084462105,0.01851321399868605,0.01851447670932254,0.01851573897989277,0.018517000809466253,0.01851826219810576,0.018519523147827417,0.018520783655529217,0.01852204372320318,0.018523303351151228,0.018524562539672353,0.0185258212890685,0.018527079599639527,0.018528337471675628,0.01852959490547134,0.018530851900344137,0.01853210845857258,0.018533364579249666,0.018534620263174977,0.018535875510282754,0.01853713032103681,0.018538384695625097,0.018539638634290992,0.01854089213749108,0.01854214520544132,0.018543397838436712,0.018544650036774205,0.018545901800748728,0.018547153130656097,0.0185484040267912,0.018549654488763292,0.018550904518236204,0.01855215411504106,0.01855340327884833,0.018554652009672212,0.018555900308685126,0.01855714817652557,0.018558395612301527,0.018559642616856664,0.018560889191269327,0.01856213533520712,0.01856338104882927,0.018564626331854975,0.018565871185892247,0.018567115609758676,0.018568359605387445,0.018569603172210503,0.01857084631051683,0.018572089020595896,0.018573331302736813,0.018574573157227763,0.018575814584537453,0.01857705558479935,0.018578296158459275,0.018579536305294016,0.01858077602762632,0.018582015322243788,0.018583254191296795,0.018584492634924274,0.01858573065348641,0.018586968247206157,0.01858820541648877,0.018589442163386895,0.01859067848447532,0.01859191438222566,0.018593149856387946,0.01859438490744131,0.01859561953569788,0.018596853741420952,0.018598087525843802,0.01859932088757221,0.018600553827325134,0.018601786345753078,0.018603018443631807,0.018604250120444484,0.018605481376571774,0.01860671221261828,0.018607942628597645,0.01860917262470849,0.018610402201679577,0.018611631359700464,0.01861286009808506,0.01861408841854211,0.01861531632075068,0.018616543805153273,0.018617770871633084,0.01861899752050544,0.018620223752425172,0.018621449567271107,0.01862267496567261,0.018623899947556595,0.01862512451340667,0.01862634866337187,0.01862757239680082,0.018628795716932187,0.01863001862121646,0.01863124111070929,0.018632463185402893,0.01863368484632583,0.01863490609229716,0.018636126925908433,0.01863734734558592,0.01863856735467706,0.01863978694973945,0.018641006131785594,0.018642224900951063,0.018643443258842787,0.018644661205309616,0.018645878740156684,0.018647095863758126,0.01864831257640478,0.018649528878748874,0.0186507447707794,0.01865196025288784,0.018653175325193224,0.01865438998792776,0.01865560424055423,0.018656818085265852,0.01865803152056163,0.018659244547460374,0.018660457166816382,0.018661669378296258,0.018662881182159852,0.01866409257832369,0.018665303567677857,0.01866651415074483,0.018667724325695387,0.01866893409560672,0.0186701434589764,0.01867135241722813,0.018672560969956967,0.018673769118053875,0.018674976860734938,0.018676184198415567,0.018677391131932716,0.018678597661156315,0.018679803786149196,0.01868100950791348,0.018682214826683714,0.01868341974213216,0.018684624254474307,0.018685828364322282,0.01868703207100951,0.018688235376122804,0.01868943827964869,0.018690640781789437,0.01869184288312049,0.01869304458258681,0.018694245881659643,0.018695446780338604,0.01869664727888454,0.018697847377614124,0.018699047077094695,0.018700246376606732,0.01870144527814941,0.01870264377970711,0.01870384188234926,0.018705039588323827,0.018706236894552263,0.018707433803382398,0.0187086303143539,0.018709826428261668,0.018711022145094593,0.0187122174651618,0.018713412388673988,0.018714606915682292,0.018715801046848793,0.01871699478231134,0.018718188121958232,0.018719381066516206,0.01872057361615506,0.018721765770935934,0.01872295753103804,0.01872414889601785,0.01872533986802855,0.01872653044593407,0.01872772063074453,0.018728910422301338,0.018730099820617276,0.018731288826474145,0.01873247743942937,0.01873366565975554,0.018734853488406457,0.01873604092591415,0.018737227972161603,0.01873841462703022,0.018739600890952446,0.01874078676417096,0.0187419722471379,0.018743157339735902,0.01874434204256446,0.01874552635554428,0.018746710278303762,0.018747893812649383,0.018749076958107003,0.018750259714812634,0.01875144208297914,0.01875262406316726,0.018753805655238855,0.018754986859681844,0.018756167676710053,0.018757348105017894,0.018758528147863288,0.018759707804017717,0.018760887073450097,0.018762065957000196,0.018763244454542014,0.018764422566298275,0.01876560029268434,0.018766777636154152,0.018767954592337724,0.018769131163834444,0.018770307350818298,0.018771483153930995,0.0187726585727571,0.01877383360776524,0.01877500825947365,0.018776182527750943,0.018777356413140274,0.01877852991566273,0.018779703035770156,0.018780875773236522,0.018782048128889665,0.018783220102904185,0.018784391695365412,0.018785562906544047,0.018786733736706498,0.018787904187963753,0.018789074256739455,0.01879024394526841,0.01879141325365052,0.01879258218248233,0.018793750731939438,0.018794918901672217,0.018796086692290555,0.018797254104038607,0.018798421137051477,0.018799587791613094,0.01880075406806039,0.018801919966356433,0.018803085487659164,0.01880425063150218,0.018805415397798078,0.018806579786938248,0.01880774379983173,0.018808907435749034,0.018810070695785358,0.018811233579778937,0.01881239608789229,0.018813558220260308,0.018814719977745663,0.01881588135953111,0.018817042366977926,0.01881820299953724,0.01881936325805631,0.01882052314240717,0.018821682652888184,0.018822841790312527,0.018824000554370317,0.018825158945232772,0.018826316962649782,0.018827474606991836,0.01882863187963809,0.018829788780997874,0.01883094530875619,0.018832101465372977,0.018833257250171577,0.018834412663638198,0.01883556770573187,0.018836722377601353,0.018837876678616437,0.01883903061046401,0.01884018417108056,0.01884133736192668,0.018842490183193138,0.018843642634966944,0.01884479471784679,0.018845946431475274,0.01884709777637832,0.018848248752786942,0.018849399360931902,0.018850549601043983,0.018851699473353696,0.018852848978091207,0.01885399811541549,0.018855146885698296,0.01885629528902698,0.018857443325773538,0.018858590996095662,0.018859738300222653,0.018860885238383012,0.018862031810733745,0.018863178017573555,0.018864323859223518,0.018865469335728705,0.01886661444750075,0.018867759194902314,0.018868903577610723,0.0188700475964985,0.018871191251223392,0.018872334542413455,0.018873477470453825,0.018874620034956234,0.018875762236839698,0.01887690407425291,0.01887804555043991,0.018879186663868355,0.018880327415619173,0.018881467804963237,0.018882607832933183,0.018883747498565275,0.018884886803886756,0.0188860257482201,0.018887164331789205,0.018888302554817736,0.018889440417529203,0.018890577920146836,0.018891715062893718,0.01889285184599269,0.018893988269666397,0.01889512433413729,0.018896260039627615,0.018897395386359386,0.018898530374554443,0.0188996650044344,0.018900799276220685,0.018901933190134494,0.01890306674639685,0.018904199945228562,0.018905332786850217,0.01890646527148223,0.018907597399344785,0.01890872917065788,0.0189098605856413,0.01891099164451464,0.018912122347497288,0.018913252694808425,0.018914382686667043,0.0189155123232919,0.018916641604901602,0.018917770531714517,0.01891889910394882,0.01892002732189123,0.01892115518562204,0.018922282695427582,0.01892340985159398,0.01892453665426998,0.018925663103671622,0.018926789200016086,0.018927914943520367,0.01892904033440056,0.01893016537287272,0.01893129005915289,0.018932414393457483,0.01893353837600137,0.01893466200700032,0.01893578528666923,0.01893690821522306,0.018938030792876665,0.018939153019844373,0.018940274896341112,0.018941396422581205,0.018942517598778345,0.018943638425146462,0.018944758901899714,0.018945879029250455,0.01894699880741266,0.01894811823609872,0.018949237316023246,0.018950356047397907,0.018951474430435787,0.018952592465847216,0.018953710152847563,0.01895482749214562,0.018955944483954684,0.018957061128485293,0.018958177425949383,0.01895929337655805,0.01896040898052183,0.018961524238051655,0.018962639149356652,0.01896375371464899,0.01896486793413994,0.01896598180803855,0.018967095336553334,0.018968208519894045,0.0189693213582718,0.018970433851893807,0.018971546000970473,0.018972657805710533,0.01897376926632214,0.01897488038301475,0.018975991155993802,0.018977101585470134,0.018978211671650903,0.01897932141474426,0.018980430814956477,0.018981539872496088,0.018982648587570088,0.018983756960384724,0.01898486499114754,0.018985972680064463,0.018987080027342527,0.018988187033186638,0.018989293697804898,0.018990400021401767,0.018991506004184287,0.0189926116463561,0.01899371694812267,0.018994821909689756,0.018995926531262187,0.018997030813044113,0.018998134755241824,0.018999238358057533,0.01900034162169691,0.019001444546362732,0.019002547132259597,0.01900364937959081,0.019004751288560124,0.01900585285937096,0.01900695409222655,0.01900805498732902,0.019009155544881196,0.019010255765085787,0.019011355648146114,0.01901245519426226,0.01901355440363838,0.019014653276475505,0.019015751812974234,0.019016850013336688,0.019017947877764518,0.01901904540645863,0.019020142599620714,0.01902123945745048,0.01902233598014857,0.01902343216791513,0.01902452802095167,0.019025623539456343,0.019026718723630133,0.019027813573673103,0.01902890808978423,0.01903000227216279,0.019031096121007358,0.01903218963651797,0.019033282818892362,0.019034375668329228,0.01903546818502784,0.019036560369186068,0.019037652221002264,0.019038743740673297,0.019039834928397302,0.019040925784372952,0.019042016308795914,0.019043106501863732,0.019044196363773896,0.019045285894723683,0.019046375094909026,0.01904746396452656,0.019048552503772537,0.01904964071284322,0.0190507285919346,0.019051816141242368,0.019052903360961628,0.019053990251289808,0.01905507681242105,0.01905616304454938,0.019057248947871135,0.019058334522580773,0.019059419768872522,0.0190605046869398,0.019061589276978815,0.019062673539182253,0.01906375747374485,0.01906484108085893,0.01906592436071938,0.019067007313519502,0.019068089939453005,0.01906917223871122,0.019070254211488474,0.019071335857976688,0.019072417178369543,0.01907349817285912,0.019074578841635943,0.019075659184892464,0.01907673920282121,0.019077818895615144,0.019078898263464993,0.019079977306562263,0.019081056025096854,0.019082134419260374,0.019083212489243707,0.019084290235236633,0.019085367657431716,0.019086444756017944,0.019087521531185786,0.019088597983124785,0.01908967411202536,0.01909074991807816,0.019091825401470554,0.019092900562392816,0.01909397540103359,0.019095049917582426,0.019096124112229232,0.019097197985162077,0.019098271536568272,0.019099344766636,0.019100417675555304,0.019101490263513418,0.019102562530697788,0.019103634477297408,0.019104706103498535,0.01910577740948971,0.019106848395457572,0.019107919061588725,0.01910898940807021,0.019110059435089075,0.019111129142832407,0.019112198531484527,0.019113267601232862,0.019114336352263433,0.019115404784762497,0.019116472898914574,0.019117540694905916,0.019118608172923872,0.019119675333150767,0.01912074217577337,0.019121808700975233,0.019122874908944168,0.019123940799861808,0.019125006373912807,0.01912607163128294,0.01912713657215613,0.019128201196714385,0.01912926550514284,0.01913032949762745,0.01913139317434768,0.01913245653548875,0.019133519581234493,0.019134582311766766,0.01913564472726877,0.019136706827923393,0.01913776861391326,0.019138830085421246,0.019139891242627678,0.019140952085716343,0.01914201261486887,0.01914307283026595,0.019144132732089456,0.01914519232052184,0.01914625159574457,0.019147310557936545,0.019148369207280976,0.019149427543959624,0.01915048556815123,0.01915154328003584,0.01915260067979449,0.019153657767608422,0.01915471454365627,0.0191557710081185,0.019156827161173826,0.019157883003003296,0.019158938533786488,0.019159993753976524,0.019161048663160776,0.019162103262232475,0.01916315755097727,0.019164211529210853,0.019165265197840915,0.019166318556664584,0.01916737160605162,0.019168424345964323,0.01916947677607994,0.01917052889752898,0.01917158071014383,0.019172632213932013,0.019173683409178213,0.019174734296056987,0.019175784874705774,0.019176835145262663,0.019177885108090566,0.01917893476320472,0.019179984110759326,0.019181033150999362,0.019182081884100827,0.019183130310239445,0.019184178429591015,0.019185226242331255,0.01918627374863555,0.019187320948679237,0.01918836784263737,0.01918941443068539,0.019190460712997733,0.019191506689749147,0.01919255236111425,0.019193597727267375,0.01919464278838293,0.019195687544635087,0.019196731996197758,0.01919777614324467,0.019198819985949512,0.019199863524485775,0.019200906759026977,0.019201949689746357,0.019202992316816922,0.019204034640411583,0.01920507666070304,0.019206118377864092,0.01920715979206723,0.01920820090348502,0.019209241712288962,0.01921028221865179,0.019211322422744988,0.019212362324740453,0.019213401924809973,0.0192144412231247,0.019215480219856546,0.019216518915176284,0.01921755730925486,0.019218595402263304,0.01921963319437234,0.019220670685752776,0.01922170787657469,0.019222744767008602,0.019223781357224638,0.01922481764739291,0.019225853637683435,0.019226889328265363,0.01922792471930897,0.01922895981098331,0.01922999460345786,0.01923102909690165,0.019232063291483883,0.019233097187373448,0.019234130784901424,0.019235164084365552,0.019236197085304666,0.01923722978791486,0.019238262192820765,0.019239294299983847,0.01924032610965298,0.019241357622319783,0.019242388837606844,0.01924341975572144,0.019244450377260205,0.019245480701829135,0.019246510731241034,0.019247540462979412,0.01924856989855425,0.01924959903809711,0.019250627881808702,0.019251656430129684,0.019252684682721805,0.019253712639910724,0.019254740301902835,0.019255767669419253,0.019256794741648573,0.01925782152173917,0.01925884800649547,0.019259874196324862,0.01926090009070445,0.019261925691147083,0.019262950997760316,0.019263976010585687,0.019265000729708243,0.019266025155711908,0.01926704928899502,0.01926807312879302,0.01926909667572127,0.019270119929847698,0.01927114289152581,0.0192721655607866,0.01927318793787005,0.019274210022800376,0.01927523181594174,0.019276253317332966,0.01927727452715507,0.01927829544550802,0.01927931607394401,0.019280336410080597,0.019281356456713885,0.01928237621118555,0.019283395675067337,0.01928441484871645,0.01928543373115806,0.0192864523261687,0.01928747062950611,0.019288488642770777,0.019289506368452877,0.01929052380501751,0.01929154094994635,0.01929255780686529,0.019293574372240916,0.019294590651623356,0.01929560664100052,0.01929662234190487,0.019297637754483784,0.0192986528788357,0.019299667716480454,0.019300682263588498,0.0193016965234421,0.01930271049806582,0.01930372418361714,0.01930473758233739,0.01930575069399767,0.019306763518611724,0.019307776056459017,0.019308788307614247,0.01930980027448527,0.019310811953215587,0.019311823346294405,0.019312834452861263,0.0193138452737272,0.019314855809030834,0.01931586605882295,0.01931687602332354,0.019317885702650042,0.019318895097191962,0.019319904206663244,0.019320913031219966,0.019321921571430093,0.019322929827346225,0.019323937800255875,0.019324945487810177,0.019325952891533958,0.019326960011531336,0.019327966847904943,0.019328973400880554,0.019329979670561326,0.01933098565828633,0.019331991362124677,0.01933299678292946,0.01933400192093247,0.01933500677658596,0.019336011349896445,0.019337015640955486,0.019338019650225472,0.01933902337695879,0.019340026822388327,0.019341029985786958,0.019342032868479655,0.019343035469727134,0.019344037789757344,0.019345039828894323,0.01934604158722711,0.019347043064784682,0.01934804426201619,0.019349045178941114,0.019350045815591754,0.0193510461720009,0.019352046248867095,0.01935304604594777,0.019354045563421195,0.019355044801563942,0.019356043759638283,0.01935704244052532,0.019358040840941886,0.019359038962900692,0.01936003680642709,0.0193610343701442,0.019362031656759832,0.01936302866505582,0.019364025397723042,0.019365021850062683,0.01936601802467282,0.01936701392191501,0.0193680095417194,0.019369004883271302,0.019369999948420626,0.01937099473652723,0.0193719892504995,0.019372983485148692,0.019373977443250468,0.01937497112386508,0.01937596453192691,0.01937695766377749,0.019377950517116414,0.019378943094726906,0.019379935397016063,0.019380927423570598,0.019381919174773887,0.019382910650605104,0.019383901851553947,0.019384892778767905,0.01938588343224412,0.019386873808888688,0.01938786391062465,0.01938885373862828,0.019389843293629458,0.019390832573531632,0.019391821579586507,0.01939281031200751,0.01939379877081304,0.019394786956215933,0.01939577486828286,0.019396762508340278,0.019397749876767595,0.0193987369701584,0.01939972379076132,0.01940071033884655,0.01940169661452461,0.019402682619362385,0.019403668352130143,0.01940465381161513,0.01940563900038934,0.01940662391641731,0.01940760856090924,0.019408592934141364,0.019409577036175393,0.01941056086715859,0.019411544427235874,0.019412527716553645,0.019413510735205815,0.01941449348340634,0.01941547596123617,0.019416458170207405,0.019417440107911278,0.019418421774997082,0.019419403173013248,0.019420384302697363,0.0194213651616705,0.019422345751355076,0.019423326073193633,0.019424306124692554,0.019425285907355615,0.01942626542128979,0.01942724466663809,0.019428223643545087,0.01942920235263607,0.01943018079329374,0.019431158965737657,0.01943213687157823,0.0194331145107979,0.01943409188007057,0.01943506898190648,0.019436045817606717,0.01943702238506084,0.01943799868585222,0.019438974719561717,0.019439950486380173,0.019440925986594207,0.019441901220833595,0.01944287619068217,0.019443850892008688,0.019444825329541126,0.019445799500026256,0.01944677340374384,0.019447747042297313,0.019448720416773774,0.01944969352455796,0.019450666366780077,0.019451638945377596,0.01945261125809697,0.019453583306936178,0.019454555089923352,0.01945552660845449,0.01945649786307688,0.019457468853116857,0.01945843957912256,0.019459410041087317,0.019460380239445088,0.01946135017418957,0.01946231984546021,0.019463289254425524,0.01946425839928553,0.01946522728101245,0.01946619589998895,0.01946716425762368,0.019468132350986038,0.019469100181920898,0.01947006775042889,0.01947103505671881,0.019472002102841238,0.01947296888522785,0.01947393540569483,0.019474901666245995,0.019475867666130697,0.019476833402022567,0.019477798876666595,0.019478764091641818,0.01947972904575002,0.019480693737563448,0.01948165816854869,0.019482622339021143,0.019483586249072645,0.019484549898864292,0.019485513288486314,0.019486476418099898,0.01948743928992963,0.019488401899876884,0.019489364251777164,0.01949032634272548,0.019491288174349766,0.019492249748749278,0.019493211064203785,0.019494172118675844,0.019495132914368624,0.019496093451420175,0.019497053730253663,0.019498013753027104,0.019498973514969486,0.01949993301881441,0.019500892264800927,0.019501851252857107,0.019502809983221972,0.019503768456310137,0.019504726671698627,0.019505684629801782,0.019506642332175538,0.019507599776112727,0.019508556963169568,0.019509513893575272,0.019510470568913838,0.019511426986233572,0.019512383148232997,0.019513339052989766,0.019514294701824593,0.01951525009471011,0.01951620523333763,0.01951716011461822,0.01951811474035313,0.019519069112117652,0.019520023227166013,0.019520977088131056,0.019521930694288512,0.01952288404404594,0.019523837139450655,0.019524789980319306,0.019525742566565803,0.01952669489849148,0.019527646977809458,0.019528598801431627,0.019529550371114108,0.019530501687219422,0.01953145275200532,0.019532403561529847,0.019533354116758706,0.019534304418719537,0.01953525446752691,0.01953620426335579,0.019537153806425817,0.019538103096738837,0.019539052134266863,0.019540000920136517,0.01954094945280152,0.019541897733290414,0.019542845761702714,0.019543793538344015,0.01954474106292237,0.019545688335643595,0.019546635357026172,0.019547582126898798,0.019548528645401315,0.019549474912781216,0.019550420929208393,0.0195513666949574,0.019552312209673704,0.019553257473683586,0.019554202487078315,0.01955514725166882,0.019556091764397064,0.019557036027109877,0.01955798003978317,0.019558923804173706,0.019559867317238473,0.0195608105807121,0.0195617535945282,0.019562696359232183,0.0195636388743042,0.019564581140850638,0.019565523159582387,0.019566464927855715,0.01956740644845477,0.01956834771949932,0.01956928874187023,0.01957022951602134,0.019571170041944263,0.01957211031979831,0.019573050349771175,0.01957399013197658,0.019574929666522693,0.019575868953327146,0.019576807992761066,0.019577746784832904,0.019578685329787578,0.01957962362958354,0.01958056168046979,0.019581499484546135,0.019582437041918508,0.01958337435283764,0.019584311416847685,0.01958524823621383,0.019586184808157325,0.019587121134024246,0.019588057213994887,0.019588993048170973,0.019589928636879007,0.01959086398117254,0.019591799078704987,0.019592733930837148,0.01959366853802329,0.01959460290003024,0.019595537017254798,0.019596470890677356,0.01959740451846683,0.01959833790158267,0.019599271040543972,0.01960020393531297,0.01960113658560622,0.019602068991925094,0.019603001156415896,0.019603933076248938,0.01960486475245851,0.01960579618388022,0.019606727372756854,0.01960765831682036,0.01960858901778343,0.019609519476776836,0.019610449693547194,0.019611379666912496,0.019612309397035652,0.019613238884424625,0.01961416812958005,0.019615097131910023,0.019616025893885607,0.019616954412750964,0.01961788268945254,0.01961881072434732,0.01961973851778366,0.019620666069443106,0.019621593379902488,0.01962252045057167,0.019623447279435484,0.019624373867380043,0.019625300212933863,0.019626226318942015,0.019627152183123085,0.019628077807895924,0.01962900319095955,0.019629928333112865,0.019630853235631653,0.01963177789698427,0.019632702318537212,0.019633626500322333,0.01963455044329612,0.01963547414664604,0.0196363976103869,0.019637320834905284,0.019638243819364843,0.019639166566308815,0.019640089073224877,0.019641011341731338,0.019641933372614554,0.019642855163406806,0.01964377671577823,0.019644698031091205,0.019645619107909778,0.019646539945534332,0.019647460545054143,0.01964838090686156,0.01964930103065699,0.019650220917025563,0.019651140565572496,0.01965205997502514,0.019652979148854336,0.019653898085115664,0.019654816784676756,0.019655735246265044,0.019656653472040556,0.019657571460808095,0.019658489213294817,0.01965940672762789,0.019660324007258635,0.019661241050650872,0.019662157857919013,0.019663074429129564,0.01966399076451623,0.019664906864084997,0.01966582272929828,0.019666738357718132,0.019667653752183857,0.019668568909933716,0.019669483832511606,0.01967039852004312,0.019671312973307535,0.019672227192390975,0.019673141175461054,0.01967405492392501,0.019674968437850812,0.019675881717529417,0.019676794762872145,0.019677707574211018,0.019678620151520523,0.01967953249498798,0.019680444604696826,0.01968135648076495,0.019682268123308828,0.019683179532443168,0.01968409070965904,0.019685001652320712,0.01968591236331485,0.019686822839971044,0.019687733083807175,0.019688643095064365,0.01968955287358559,0.019690462420908102,0.019691371734589902,0.019692280816210446,0.019693189665526148,0.019694098282819497,0.019695006668221517,0.019695914823173566,0.01969682274511545,0.01969773043551867,0.01969863789448452,0.019699545122103954,0.019700452117617347,0.019701358882905768,0.019702265417192166,0.019703171720985246,0.01970407779374296,0.019704983635752783,0.019705889247369768,0.01970679462846646,0.019707699779393795,0.019708604701544934,0.019709509392142482,0.019710413852882826,0.019711318083775804,0.019712222084980965,0.019713125856445125,0.01971402939856883,0.01971493271128674,0.019715835794762132,0.01971673864801169,0.019717641273219396,0.01971854366949236,0.01971944583705503,0.0197203477757787,0.01972124948580906,0.019722150967474313,0.019723052220959013,0.01972395324621598,0.0197248540431943,0.019725754612308685,0.019726654953522098,0.019727555066845825,0.0197284549526084,0.01972935461078553,0.019730254041512046,0.019731153244906027,0.019732052221065652,0.019732950970105183,0.019733849492158867,0.01973474778732168,0.019735645855710793,0.019736543697034533,0.01973744131219477,0.0197383387009206,0.01973923586318282,0.019740132799197185,0.01974102950922214,0.019741925993293108,0.01974282225128845,0.019743718283656984,0.019744614090401458,0.0197455096715982,0.01974640502729883,0.019747300157680954,0.01974819506284969,0.019749089742959462,0.01974998419805487,0.01975087842821463,0.01975177243353685,0.019752666214303122,0.01975355977050863,0.019754453102251157,0.019755346209590685,0.019756239092783488,0.019757131751871812,0.019758024186771132,0.019758916397941067,0.01975980838532195,0.019760700149019646,0.01976159168915365,0.01976248300572522,0.01976337409903561,0.019764264969140275,0.01976515561607889,0.01976604604001749,0.019766936240931152,0.019767826219007075,0.019768715974434543,0.019769605507286694,0.019770494816540633,0.019771383904664482,0.01977227277051498,0.01977316141422703,0.019774049835806856,0.0197749380354124,0.019775826013312476,0.0197767137693101,0.01977760130371935,0.0197784886167971,0.019779375708482854,0.019780262578891872,0.01978114922779817,0.019782035655952032,0.019782921863155747,0.019783807849503843,0.019784693615103554,0.0197855791600471,0.019786464484458054,0.019787349588639862,0.0197882344720262,0.019789119135507353,0.01979000357888331,0.019790887802152126,0.019791771805634704,0.01979265558935494,0.019793539153362658,0.019794422497837055,0.01979530562280796,0.01979618852835386,0.019797071214749717,0.019797953682010913,0.019798835930194162,0.019799717959493895,0.01980059976986081,0.019801481361613235,0.01980236273474065,0.01980324388938167,0.019804124825584482,0.019805005543529795,0.019805886043357115,0.019806766325004256,0.01980764638867762,0.019808526234462907,0.019809405862489866,0.019810285272886318,0.019811164465568437,0.019812043440937732,0.019812922198947105,0.01981380073972478,0.01981467906327676,0.019815557169895828,0.019816435059598375,0.01981731273247305,0.019818190188628668,0.019819067427696194,0.019819944450838248,0.019820821257342466,0.019821697847581102,0.019822574221687636,0.019823450379742914,0.019824326321642282,0.01982520204782799,0.019826077558160526,0.019826952852883054,0.019827827932035212,0.019828702795622894,0.019829577443832416,0.01983045187689297,0.019831326094797666,0.019832200097647253,0.01983307388528094,0.019833947458319387,0.01983482081662252,0.019835693959971316,0.019836566888971844,0.019837439603670973,0.019838312104006193,0.019839184389653115,0.019840056461639482,0.019840928319614464,0.019841799963657484,0.01984267139389579,0.019843542610343004,0.019844413612780585,0.01984528440282842,0.01984615497882992,0.019847025340794945,0.019847895490243704,0.019848765426627092,0.01984963514890682,0.019850504659383466,0.019851373956943644,0.019852243041805884,0.0198531119140677,0.019853980573868255,0.01985484902137003,0.019855717256512834,0.01985658527944551,0.019857453090310492,0.019858320689277512,0.019859188076298984,0.019860055250825667,0.019860922214396275,0.01986178896642192,0.01986265550696672,0.019863521835994394,0.019864387953890738,0.01986525386040854,0.019866119556044823,0.019866985040678877,0.019867850314420173,0.019868715377417384,0.019869580229777473,0.019870444871500404,0.01987130930276972,0.019872173523567686,0.019873037534169014,0.019873901334530947,0.019874764923127182,0.019875628303518127,0.019876491474032837,0.019877354434768974,0.019878217185837987,0.019879079727800758,0.019879942059673267,0.019880804181203002,0.01988166609328967,0.019882527797454568,0.019883389292500754,0.01988425057858564,0.01988511165578885,0.019885972524189197,0.019886833183837372,0.01988769363490124,0.01988855387758218,0.019889413911845098,0.01989027373850139,0.019891133356313633,0.019891992766027308,0.019892851967750595,0.01989371096157511,0.019894569747590678,0.019895428325938134,0.019896286696616063,0.019897144859825314,0.019898002815637934,0.019898860563965493,0.019899718105219847,0.019900575439397907,0.01990143256754163,0.019902289487779196,0.019903146201188805,0.019904002707890667,0.019904859007456387,0.01990571510099875,0.019906570988110363,0.019907426669609374,0.01990828214410326,0.01990913741249461,0.019909992474943496,0.01991084733135921,0.019911701981920545,0.019912556426742042,0.019913410665901896,0.019914264699470847,0.019915118527575958,0.01991597215033825,0.019916825567749732,0.01991767878009625,0.019918531787217527,0.019919384589477174,0.019920237186876057,0.019921089579481036,0.01992194176741113,0.0199227937507461,0.019923645529572032,0.01992449710413187,0.01992534847443291,0.019926199640430277,0.01992705060219443,0.01992790135986649,0.019928751913079697,0.019929602263073058,0.019930452409428184,0.019931302352075318,0.019932152091170288,0.0199330016268181,0.01993385095894657,0.01993470008798222,0.01993554901385222,0.019936397736663492,0.019937246256496816,0.019938094573450037,0.01993894268762185,0.019939790599351928,0.019940638308254887,0.019941485814619866,0.019942333118603234,0.01994318022027544,0.019944027119840814,0.019944873817033082,0.019945720312339456,0.01994656660572182,0.019947412697808274,0.01994825858640992,0.0199491042745259,0.019949949761099463,0.019950795046131196,0.01995164012988662,0.019952485012463456,0.019953329693808718,0.01995417417395115,0.01995501845157357,0.019955862529765528,0.0199567064072554,0.01995755008417829,0.019958393561443077,0.019959236837736816,0.019960079913069577,0.019960922787652186,0.019961765462225556,0.01996260793663959,0.019963450211343034,0.019964292285855705,0.019965134160374882,0.019965975835085553,0.01996681731008557,0.01996765858731798,0.01996849966322741,0.01996934053957726,0.01997018121698151,0.019971021695044392,0.0199718619738284,0.019972702053712644,0.01997354193449855,0.01997438161633688,0.01997522109962704,0.01997606038421808,0.019976899470237043,0.01997773835761557,0.01997857704652442,0.019979415537111255,0.019980253829556604,0.019981091924005018,0.019981929820263093,0.019982767518718032,0.019983605019241978,0.019984442321949583,0.019985279426987856,0.01998611633454839,0.01998695304450842,0.019987789557088128,0.019988625872338343,0.019989461990506642,0.01999029791140553,0.019991133634046643,0.019991969161050963,0.019992804491115308,0.019993639624414406,0.01999447456089169,0.01999530930084636,0.01999614384433447,0.019996978191525905,0.01999781234283251,0.019998646295031234,0.019999480053656343,0.020000313616092356,0.020001146982450174,0.020001980153928046,0.020002813128830402,0.020003645909087205,0.020004478492738384,0.020005310880819246,0.020006143073152963,0.020006975069883966,0.02000780687303377,0.020008638479508206,0.02000946989137191,0.02001030110841745,0.02001113213052709,0.02001196295773481,0.020012793590111128,0.02001362402808408,0.020014454271669556,0.020015284319869063,0.020016114173587316,0.020016943834077382,0.02001777330030254,0.02001860257101541,0.020019431649298872,0.020020260533567286,0.020021089224035973,0.020021917720775845,0.02002274602377772,0.02002357413338278,0.020024402049469644,0.020025229772154617,0.0200260573015931,0.020026884637837,0.02002771178111727,0.02002853873032561,0.02002936548784967,0.020030192052201003,0.020031018423800534,0.020031844602677304,0.0200326705890331,0.020033496383038158,0.020034321984105673,0.020035147393587586,0.020035972610647244,0.020036797635446555,0.020037622468176763,0.02003844710902845,0.020039271557911315,0.020040095814948762,0.02004091988028767,0.02004174375405804,0.020042567436233134,0.02004339092703122,0.020044214226478358,0.020045037334649653,0.02004586025163721,0.020046682978459997,0.020047505513342903,0.02004832785718167,0.020049150010623202,0.020049971972894976,0.020050793744614166,0.020051615325101226,0.020052436715683155,0.020053257916269843,0.02005407892534247,0.02005489974453818,0.020055720374077764,0.020056540813435785,0.020057361061766428,0.02005818112140421,0.02005900099107427,0.02005982067000482,0.020060640160814804,0.02006145946173777,0.020062278573206256,0.020063097494759905,0.0200639162275845,0.02006473477153377,0.020065553126266386,0.02006637129207355,0.020067189268571352,0.020068007056274668,0.02006882465513603,0.02006964206652337,0.02007045928739355,0.020071276320328298,0.0200720931648321,0.020072909819623817,0.020073726287602494,0.020074542568465886,0.020075358658934027,0.020076174562598408,0.02007699027656192,0.020077805804827438,0.020078621144166014,0.02007943629667255,0.020080251261573694,0.020081066037582147,0.020081880627582382,0.020082695028977277,0.020083509243523062,0.020084323272040266,0.020085137111712337,0.020085950765814726,0.02008676423235646,0.020087577512734652,0.020088390606307193,0.020089203512324988,0.020090016232555973,0.020090828766383025,0.020091641113265113,0.020092453274706767,0.02009326524787391,0.020094077036877617,0.0200948886384918,0.02009570005520222,0.02009651128597624,0.02009732233035713,0.020098133189458762,0.020098943862393172,0.02009975434949301,0.020100564650586353,0.02010137476712348,0.020102184697574056,0.02010299444316216,0.02010380400386967,0.020104613380068505,0.020105422570706934,0.020106231575797773,0.020107040397196147,0.02010784903362708,0.0201086574866301,0.020109465753350916,0.02011027383613167,0.020111081734813185,0.02011188944892104,0.020112696978181608,0.020113504322646067,0.02011431148365235,0.020115118460787527,0.02011592525386587,0.02011673186351022,0.020117538288548953,0.020118344530742977,0.020119150588218653,0.020119956463287854,0.020120762154897512,0.020121567663234734,0.020122372986765467,0.020123178128545225,0.02012398308599899,0.020124787861633665,0.020125592453044974,0.020126396862472206,0.020127201089489115,0.0201280051336595,0.020128808994972117,0.020129612674432737,0.020130416170555977,0.02013121948483696,0.020132022617194992,0.020132825566987072,0.02013362833451454,0.020134430919916464,0.020135233323817867,0.02013603554576709,0.020136837585880477,0.020137639443892883,0.020138441119090605,0.02013924261432183,0.020140043927898952,0.02014084506011039,0.02014164601036718,0.020142446780641646,0.020143247368689728,0.02014404777464987,0.020144848002539403,0.020145648047591353,0.0201464479117938,0.02014724759514008,0.020148047096749624,0.02014884641877795,0.020149645560317658,0.020150444521132384,0.020151243301861323,0.020152041902182963,0.02015284032233699,0.020153638562340172,0.02015443662231332,0.020155234502211523,0.020156032201881238,0.02015682972031487,0.020157627060942793,0.020158424221238272,0.020159221202353438,0.020160018003303425,0.020160814625504085,0.020161611068340256,0.020162407332023367,0.02016320341577241,0.020163999322017935,0.020164795048203458,0.020165590595323354,0.020166385963730053,0.020167181152464693,0.020167976163746843,0.02016877099586865,0.020169565649467827,0.020170360124631467,0.020171154421674994,0.020171948540037486,0.020172742480262486,0.020173536242187207,0.020174329826054233,0.020175123231815792,0.020175916459159456,0.020176709509143062,0.020177502380545897,0.02017829507505759,0.020179087591908392,0.020179879931256816,0.020180672092225273,0.02018146407714905,0.020182255883732188,0.020183047513795797,0.020183838966592524,0.02018463024159475,0.020185421339676733,0.02018621226125127,0.020187003005505397,0.02018779357350026,0.020188583964781775,0.020189374179430404,0.02019016421789117,0.02019095407941116,0.020191743765178963,0.020192533274042614,0.02019332260670824,0.020194111762621023,0.020194900743536064,0.020195689547726468,0.020196478176214058,0.020197266628936682,0.020198054905778147,0.020198843007251464,0.02019963093259628,0.020200418682969398,0.020201206257374576,0.020201993656420576,0.02020278088013663,0.02020356792856787,0.02020435480181431,0.02020514150053841,0.020205928024114406,0.02020671437223095,0.020207500545591894,0.020208286544189345,0.020209072368406075,0.02020985801676517,0.020210643491664855,0.02021142879172387,0.020212213917465662,0.020212998868789616,0.020213783645887492,0.020214568248849762,0.020215352677652544,0.020216136932443046,0.020216921013279546,0.020217704920169156,0.020218488652377957,0.020219272211718105,0.02022005559733395,0.02022083880945209,0.0202216218473151,0.020222404711959782,0.02022318740430424,0.020223969922397538,0.02022475226777148,0.020225534440400577,0.020226316440055334,0.020227098266174103,0.020227879918964933,0.020228661398927015,0.020229442706711998,0.020230223841160983,0.020231004803092065,0.02023178559332466,0.02023256621090146,0.020233346655993804,0.02023412692857843,0.020234907028833845,0.020235686957009072,0.02023646671360518,0.02023724629711235,0.020238025709304712,0.02023880495006788,0.0202395840185154,0.020240362915253305,0.02024114163996283,0.02024192019346329,0.020242698574824275,0.02024347678579157,0.020244254825006098,0.02024503269324681,0.020245810389975447,0.020246587915893767,0.020247365270392316,0.020248142454420404,0.020248919467523,0.02024969630962523,0.020250472981246662,0.020251249482176804,0.02025202581121175,0.02025280197039696,0.02025357795957445,0.02025435377786361,0.020255129425760337,0.02025590490342967,0.02025668021133939,0.02025745534877405,0.02025823031583638,0.02025900511327151,0.020259779740472588,0.020260554198110972,0.020261328486089664,0.02026210260498147,0.020262876553604717,0.020263650333193016,0.02026442394351988,0.02026519738383832,0.02026597065491675,0.02026674375727963,0.02026751669050683,0.02026828945405,0.020269062049150282,0.02026983447472401,0.02027060673135248,0.020271378819204804,0.020272150738368615,0.020272922488825725,0.02027369407069334,0.02027446548441079,0.02027523672901902,0.020276007805586423,0.020276778714350484,0.020277549454338253,0.02027832002650897,0.02027909043082796,0.020279860665931813,0.02028063073331543,0.02028140063323156,0.02028217036530696,0.020282939929712838,0.020283709327761804,0.020284478557520587,0.020285247619170135,0.020286016512772537,0.020286785239502874,0.020287553799072953,0.02028832219130996,0.020289090416411942,0.020289858475019358,0.0202906263659761,0.020291394089783327,0.02029216164697932,0.02029292903718592,0.020293696260598095,0.020294463317514843,0.02029523020791453,0.020295996932862746,0.02029676349079839,0.02029752988055344,0.020298296104973034,0.02029906216335428,0.020299828055638142,0.020300593781817877,0.020301359341898778,0.020302124736102337,0.02030288996375423,0.020303655026252223,0.02030441992303122,0.02030518465407811,0.020305949219763,0.020306713619616605,0.020307477853969472,0.02030824192317406,0.020309005826899623,0.0203097695652664,0.020310533138132157,0.020311296546284677,0.02031205978942311,0.020312822867438574,0.020313585780632283,0.02031434852858505,0.020315111112146716,0.02031587353100715,0.020316635785153574,0.02031739787483532,0.020318159799963095,0.02031892156124315,0.02031968315764317,0.020320444590735696,0.02032120585870717,0.02032196696241807,0.02032272790205792,0.020323488677648067,0.02032424928928997,0.020325009737095074,0.02032577002110161,0.020326530141326075,0.020327290097785982,0.020328049890537273,0.02032880951995587,0.020329568985918665,0.020330328288398966,0.02033108742773841,0.02033184640374018,0.020332605216869675,0.02033336386629336,0.02033412235272982,0.02033488067629766,0.020335638837035368,0.020336396834965718,0.02033715466982571,0.020337912342278795,0.020338669852091464,0.020339427199335142,0.020340184384078887,0.020340941406151006,0.02034169826607775,0.020342454963709126,0.020343211499100913,0.020343967872269948,0.02034472408335282,0.020345480132681924,0.020346236019661772,0.02034699174490876,0.020347747307890816,0.020348502710494973,0.02034925795072783,0.020350013028835694,0.020350767945672435,0.020351522700935574,0.02035227729478853,0.020353031727782255,0.020353786000555853,0.02035454011070239,0.020355294059599127,0.020356047847355573,0.020356801474119283,0.02035755493988204,0.020358308244208322,0.020359061388305594,0.020359814371381908,0.02036056719406539,0.0203613198560773,0.020362072357541526,0.020362824698603458,0.020363576879223463,0.02036432889953397,0.020365080757903373,0.020365832457510575,0.02036658399709086,0.020367335376476496,0.020368086595946747,0.020368837654729306,0.02036958855444117,0.020370339294160454,0.020371089874723185,0.020371840295017114,0.020372590556023456,0.020373340657245824,0.020374090599014454,0.02037484038147498,0.02037559000451522,0.020376339468406494,0.02037708877272336,0.020377837918029367,0.020378586904258623,0.02037933573205451,0.02038008440031234,0.02038083290951179,0.020381581260059897,0.02038232945188694,0.020383077485635344,0.020383825360756253,0.02038457307678097,0.02038532063436043,0.02038606803397868,0.020386815274712294,0.020387562355569124,0.020388309279976778,0.020389056047163207,0.02038980265557217,0.020390549105350222,0.020391295397793857,0.02039204153170762,0.02039278750686838,0.02039353332580164,0.020394278984701135,0.020395024487652878,0.020395769833015477,0.020396515020716235,0.02039726005110233,0.02039800492392551,0.020398749639603565,0.020399494198275,0.020400238599643798,0.020400982843684343,0.020401726930712318,0.020402470861357165,0.02040321463438979,0.020403958250632036,0.020404701710031715,0.02040544501192382,0.02040618815791063,0.020406931147284795,0.02040767398012538,0.020408416656458143,0.02040915917636616,0.020409901539488733,0.020410643746719394,0.02041138579773715,0.020412127692573532,0.02041286943132887,0.02041361101393674,0.020414352440223365,0.020415093711066742,0.020415834826099138,0.020416575784738024,0.020417316588327777,0.020418057235787494,0.02041879772813573,0.020419538064945952,0.020420278246184316,0.020421018272083015,0.02042175814377095,0.020422497859071752,0.02042323741916865,0.020423976824317364,0.020424716074367882,0.020425455169419023,0.020426194109176957,0.020426932894351175,0.020427671524391372,0.02042840999998064,0.020429148320608048,0.02042988648659853,0.020430624497719627,0.020431362354750557,0.020432100057337654,0.02043283760553345,0.020433574999308847,0.020434312240238173,0.020435049325682814,0.02043578625705001,0.02043652303427961,0.020437259657725346,0.020437996126955012,0.020438732442361343,0.02043946860431188,0.02044020461215222,0.0204409404661558,0.020441676166642254,0.020442411714202906,0.020443147107533106,0.020443882347547175,0.020444617434170035,0.020445352367476792,0.020446087147564834,0.02044682177477924,0.020447556248522663,0.020448290569203827,0.020449024736866113,0.02044975875155302,0.020450492612229223,0.020451226321127405,0.02045195987755667,0.02045269328112212,0.020453426531945543,0.02045415963002903,0.02045489257588673,0.02045562536917876,0.02045635801009362,0.02045709049872644,0.020457822835164202,0.020458555019269443,0.020459287051371407,0.020460018931379127,0.020460750659379925,0.02046148223543385,0.020462213659500558,0.020462944931681458,0.020463676052230567,0.020464407021074427,0.020465137838160907,0.020465868503531572,0.02046659901752283,0.02046732938016657,0.020468059591573263,0.020468789651474088,0.02046951956030971,0.020470249317711315,0.02047097892396122,0.020471708379328178,0.02047243768329756,0.02047316683646685,0.020473895838036445,0.020474624689443995,0.020475353389725347,0.020476081939509564,0.020476810338738004,0.020477538587366877,0.020478266685619147,0.020478994633386777,0.020479722430518717,0.020480450076701386,0.02048117757316654,0.020481904919361388,0.020482632115370096,0.02048335916127665,0.02048408605712027,0.02048481280296036,0.020485539398755952,0.02048626584478141,0.020486992141200755,0.020487718287641857,0.020488444284258875,0.02048917013142793,0.0204898958288416,0.02049062137582158,0.020491346774231936,0.02049207202337584,0.020492797122900704,0.02049352207341445,0.020494246874712425,0.020494971527017288,0.020495696030109773,0.02049642038421478,0.020497144588678875,0.020497868644811252,0.02049859255226232,0.020499316310710676,0.020500039920275572,0.020500763381281806,0.020501486693678406,0.020502209857483827,0.020502932872709687,0.02050365573957916,0.020504378457727106,0.020505101027892582,0.020505823449791957,0.02050654572348229,0.020507267849234387,0.020507989826792812,0.02050871165621354,0.020509433337833165,0.02051015487146575,0.020510876256676077,0.02051159749463398,0.020512318584788646,0.02051303952728246,0.020513760322377162,0.02051448096970109,0.02051520146950362,0.020515921822083727,0.020516642027109136,0.02051736208499439,0.0205180819950313,0.020518801758249872,0.020519521374028214,0.020520240843420592,0.020520960165346408,0.02052167934022428,0.02052239836837916,0.02052311724961649,0.020523835984396666,0.020524554572164,0.020525273010828866,0.020525991305576974,0.020526709453174374,0.020527427454403994,0.02052814530927353,0.020528863017780705,0.020529580579190642,0.020530297995110587,0.020531015264789988,0.020531732388257624,0.020532449365657495,0.02053316619687983,0.020533882882338036,0.020534599422080642,0.020535315815600304,0.02053603206366537,0.020536748165639142,0.02053746412203358,0.020538179932946633,0.020538895598184666,0.020539611117907152,0.020540326492171718,0.02054104172098812,0.020541756804612288,0.02054247174282797,0.02054318653796478,0.020543901185796416,0.020544615688512242,0.02054533004630727,0.020546044258933194,0.02054675832666841,0.020547472249521012,0.020548186027475532,0.020548899660328076,0.020549613148792167,0.02055032649267132,0.020551039691954005,0.020551752746700278,0.020552465656959888,0.020553178422769214,0.02055389104423702,0.02055460352147236,0.020555315854377615,0.020556028043803,0.020556740088494,0.020557451989048042,0.020558163746632867,0.020558875359380113,0.020559586827952083,0.020560298150895905,0.020561009331557096,0.020561720368710096,0.02056243126212629,0.020563142011426252,0.020563852616604122,0.020564563079762923,0.020565273399755484,0.020565983575660716,0.020566693608053126,0.020567403497256036,0.02056811324332219,0.020568822846163504,0.02056953230584337,0.02057024162251532,0.02057095079612073,0.0205716598267696,0.0205723687145179,0.020573077459439433,0.0205737860614398,0.02057449452087215,0.020575202837622486,0.02057591101175807,0.020576619043343274,0.020577326932675912,0.020578034679317805,0.02057874228628995,0.020579449748171372,0.020580157067773903,0.02058086424523199,0.02058157128046947,0.02058227817356599,0.020582984924612892,0.02058369153306512,0.02058439800028842,0.020585104325476215,0.02058581050894243,0.02058651655052484,0.020587222449894433,0.020587928208113632,0.020588633824719458,0.020589339299767917,0.020590044633313414,0.020590749825411984,0.020591454876110128,0.020592159785479947,0.020592864552744602,0.020593569179606815,0.020594273664925472,0.020594978009487494,0.020595682212982587,0.020596386275491162,0.02059709019704938,0.020597793977712234,0.020598497617516257,0.02059920111655195,0.02059990447422165,0.020600607691851177,0.020601310768859717,0.020602013705552646,0.020602716501483403,0.020603419156890252,0.02060412167196247,0.020604824046529524,0.020605526280961916,0.02060622837514865,0.020606930329140474,0.02060763214300815,0.02060833381716623,0.020609035351746643,0.020609736745999592,0.020610438000472377,0.020611139114527097,0.02061184008927252,0.020612540924191108,0.0206132416188784,0.020613942174050683,0.020614642589650296,0.020615342865699587,0.02061604300228059,0.020616742997905963,0.020617442856049113,0.02061814257452497,0.020618842153740952,0.020619541593750526,0.020620240894608136,0.02062094005634315,0.020621639079059208,0.02062233796274849,0.02062303670752542,0.020623735312891186,0.020624433779947157,0.020625132108228843,0.02062583029781657,0.020626528348748455,0.020627226260969998,0.02062792403471396,0.020628621670321017,0.020629319165777444,0.020630016524148084,0.02063071374422119,0.0206314108259462,0.020632107769452922,0.020632804574744975,0.020633501241958733,0.020634197771003202,0.020634894161895113,0.020635590415015826,0.020636286530183023,0.020636982507500026,0.020637678346922334,0.020638374048660865,0.020639069612703294,0.020639765038816257,0.020640460327622845,0.02064115547889325,0.020641850492766463,0.020642545369142756,0.020643240108064235,0.02064393470967672,0.020644629173980914,0.020645323501276375,0.02064601769113516,0.020646711743911052,0.020647405659767675,0.020648099438722443,0.020648793080476104,0.020649486585284038,0.0206501799532368,0.020650873184397196,0.020651566280722063,0.020652259238445783,0.0206529520597151,0.02065364474391299,0.02065433729189803,0.02065502970349292,0.02065572197712697,0.02065641411550321,0.02065710611778465,0.02065779798374359,0.02065848971349813,0.02065918130819939,0.02065987276607169,0.02066056408758899,0.020661255272974677,0.020661946322359338,0.02066263723581929,0.020663328013446884,0.02066401865552173,0.02066470916155311,0.0206653995318581,0.020666089766532936,0.020666779865619846,0.02066746982910017,0.020668159657091578,0.02066884934965203,0.020669538906826015,0.02067022832901778,0.020670917615557324,0.0206716067668913,0.020672295782802406,0.02067298466372561,0.020673673409586597,0.020674362020407025,0.02067505049597348,0.020675738836908545,0.02067642704294729,0.02067711511414765,0.020677803050998755,0.02067849085269837,0.020679178519757892,0.02067986605184072,0.02068055344971583,0.020681240713040346,0.020681927842183246,0.020682614836619657,0.020683301696694835,0.02068398842128439,0.02068467501238624,0.0206853614696571,0.02068604779278879,0.02068673398162848,0.020687420036375817,0.02068810595731883,0.020688791744299113,0.020689477397377715,0.020690162916547024,0.020690848301980373,0.02069153355159582,0.020692218669357092,0.0206929036535932,0.020693588504784415,0.020694273221047974,0.020694957805371512,0.020695642255529886,0.020696326572271904,0.020697010755538953,0.020697694805725177,0.020698378723024616,0.02069906250899897,0.020699746159433142,0.020700429676941464,0.02070111306140685,0.02070179631287859,0.02070247943165627,0.020703162417286303,0.020703845270075207,0.02070452799006089,0.0207052105773175,0.02070589303191644,0.02070657535412998,0.020707257542897775,0.02070793959971438,0.020708621524070714,0.020709303315935547,0.020709984975414493,0.020710666502487957,0.020711347897906168,0.020712029160522342,0.020712710290942488,0.020713391289262466,0.02071407215548407,0.020714752889640243,0.020715433491758677,0.02071611396223438,0.020716794300575957,0.020717474507087014,0.02071815458235851,0.020718834525547843,0.02071951433675519,0.020720194016389762,0.020720873564437702,0.020721552980878445,0.02072223226417413,0.02072291141777006,0.020723590440479625,0.020724269331288698,0.020724948090813523,0.02072562671909536,0.020726305216222474,0.020726983582191497,0.02072766181747182,0.02072833992136267,0.020729017894256477,0.020729695736377174,0.020730373447126367,0.020731051027265957,0.020731728476033957,0.020732405794873822,0.02073308298274538,0.020733760040247053,0.02073443696680737,0.020735113763544078,0.020735790428101007,0.02073646696320091,0.020737143368778882,0.02073781964309057,0.02073849578713505,0.020739171799350448,0.020739847682914866,0.020740523436710876,0.020741199060141637,0.02074187455374206,0.02074254991692128,0.020743225150241955,0.020743900253576232,0.02074457522704163,0.020745250070685235,0.020745924785301288,0.02074659936944857,0.020747273823946248,0.02074794814885574,0.02074862234411498,0.020749296409844322,0.020749970346147326,0.020750644152872366,0.020751317830312522,0.02075199137903416,0.020752664797854287,0.020753338086917088,0.02075401124572663,0.02075468427697233,0.020755357179119725,0.020756029952225166,0.020756702596371614,0.020757375111580045,0.020758047496850972,0.020758719754371227,0.02075939188297066,0.02076006388273871,0.020760735753872585,0.020761407496346522,0.020762079110199207,0.02076275059549501,0.02076342195227441,0.02076409318060457,0.020764764280494293,0.020765435252011605,0.02076610609519731,0.020766776810081412,0.020767447396881154,0.020768117855345356,0.02076878818590986,0.02076945838815472,0.0207701284623799,0.020770798408525963,0.02077146822678719,0.020772137917305283,0.02077280747851214,0.020773476913267464,0.020774146220342904,0.02077481539978893,0.020775484451809382,0.020776153375868744,0.020776822172168134,0.020777490841096428,0.02077815938268471,0.02077882779659653,0.020779496083287923,0.02078016424269872,0.020780832274782578,0.020781500179640984,0.020782167957316335,0.020782835607854953,0.020783503131271412,0.0207841705275133,0.020784837799070657,0.020785504941486385,0.020786171957384584,0.02078683884709811,0.020787505609088475,0.02078817224421819,0.020788838752617413,0.020789505134391855,0.020790171389500844,0.020790837518020553,0.02079150352044707,0.020792169396017815,0.020792835144442107,0.02079350076710511,0.020794166263456298,0.020794831633526457,0.020795496877381102,0.020796161995013402,0.020796826986491476,0.02079749185194931,0.020798156591105503,0.02079882120440451,0.020799485692153088,0.020800150053599673,0.020800814289173252,0.020801478398922536,0.02080214238316172,0.02080280624132665,0.02080346997385413,0.020804133580722712,0.020804797062333884,0.02080546041805804,0.020806123648303945,0.02080678675308702,0.020807449732481956,0.02080811258651102,0.0208087753152012,0.02080943791860384,0.020810100396802176,0.020810762751762912,0.020811424980271293,0.02081208708303853,0.0208127490608189,0.0208134109140207,0.020814072641744768,0.020814734244713376,0.020815395722341118,0.0208160570752023,0.020816718303752903,0.02081737940750132,0.020818040386583758,0.02081870124104481,0.020819361970961073,0.02082002257630569,0.02082068305716339,0.020821343413578774,0.020822003645625833,0.020822663753404396,0.020823323736755814,0.02082398359573512,0.020824643329880165,0.020825302940546304,0.020825962427137704,0.020826621789537595,0.020827281027791338,0.020827940142061827,0.020828599132571183,0.020829257999254946,0.02082991674193395,0.020830575360814195,0.020831233855952796,0.02083189222742566,0.020832550474514676,0.020833208598652085,0.020833866599254954,0.020834524476319952,0.02083518222978991,0.020835839859933165,0.020836497365958617,0.020837154748538842,0.02083781200861514,0.02083846914522304,0.020839126158687608,0.020839783048854876,0.020840439816007996,0.020841096460124157,0.020841752981177436,0.020842409379254828,0.020843065654518572,0.02084372180686717,0.020844377836291065,0.02084503374295608,0.02084568952700703,0.020846345188138136,0.020847000726613173,0.02084765614256826,0.020848311435815135,0.02084896660663599,0.020849621654786814,0.020850276580285404,0.02085093138356898,0.020851586064564286,0.02085224062322454,0.020852895059608443,0.02085354937375447,0.020854203565587325,0.0208548576354004,0.020855511583110085,0.020856165408756934,0.020856819112403557,0.020857472694072746,0.020858126153816266,0.02085877949168319,0.020859432707708295,0.020860085801956585,0.020860738774446073,0.020861391625230555,0.020862044354370668,0.020862696961883597,0.02086334944782518,0.02086400181225481,0.020864654055202356,0.020865306176712402,0.020865958176814484,0.020866610055580995,0.020867261813041507,0.020867913449240372,0.020868564964221188,0.020869216358027978,0.02086986763070497,0.020870518782295757,0.020871169812844273,0.020871820722394158,0.020872471510989574,0.020873122178673934,0.0208737727254912,0.02087442315153043,0.02087507345674488,0.020875723641223243,0.020876373705009464,0.020877023648146895,0.020877673470763292,0.020878323172734203,0.0208789727541873,0.0208796222151662,0.020880271555714303,0.020880920775875184,0.020881569874856835,0.02088221885353671,0.020882867712797015,0.020883516450676622,0.020884165069261388,0.020884813568085626,0.02088546194593236,0.02088611020370206,0.020886758341312747,0.02088740636007398,0.020888054258912495,0.020888702037892514,0.02088934969704107,0.02088999723639808,0.02089064465566344,0.020891291955594988,0.020891939135876697,0.020892586196530345,0.020893233137629436,0.02089387995920614,0.020894526661301597,0.020895173243960327,0.02089581970722565,0.02089646605113774,0.020897112275741106,0.020897758381083077,0.02089840436674132,0.020899050232877508,0.020899695980298227,0.020900341609015927,0.020900987118675655,0.020901632508920628,0.02090227777982276,0.020902922931702077,0.020903567965590904,0.020904212879819473,0.020904857675287308,0.020905502352351064,0.020906146910327977,0.020906791350510087,0.020907435671996617,0.02090807987490504,0.020908723959273033,0.02090936792515382,0.020910011772257306,0.020910655501296137,0.020911299111979482,0.020911942604287713,0.02091258597828945,0.0209132292343171,0.02091387237221597,0.020914515391573706,0.02091515829314363,0.020915801076423608,0.020916443741620952,0.020917086288395784,0.020917728717420692,0.02091837102870506,0.02091901322221367,0.020919655297740914,0.02092029725522637,0.020920939094983434,0.02092158081762475,0.02092222242241552,0.020922863909476865,0.02092350527910653,0.02092414653184083,0.020924787665858296,0.02092542868289488,0.02092606958207668,0.020926710363335578,0.020927351027847933,0.02092799157628437,0.020928632006045587,0.02092927231942312,0.020929912515474176,0.020930552595268166,0.020931192556985317,0.02093183240206025,0.020932472130235392,0.02093311174123293,0.020933751234965308,0.02093439061229148,0.020935029872720036,0.020935669016906498,0.020936308043382958,0.020936946954097535,0.020937585746949313,0.020938224424063876,0.020938862984109925,0.02093950142826793,0.0209401397557593,0.02094077796673515,0.02094141606166574,0.020942054040094766,0.02094269190213038,0.020943329648022906,0.02094396727752414,0.020944604790766853,0.020945242187740153,0.02094587946895779,0.020946516633846987,0.020947153682644187,0.020947790615435412,0.02094842743235568,0.020949064133418377,0.020949700719217684,0.02095033718944484,0.020950973543036915,0.02095160978127689,0.020952245902919307,0.02095288191003689,0.020953517800719558,0.020954153576303387,0.0209547892363347,0.020955424780705605,0.02095606020978442,0.020956695523435938,0.02095733072173723,0.02095796580450345,0.02095860077198302,0.020959235624186324,0.020959870361180678,0.020960504983181014,0.02096113948989719,0.020961773881527476,0.020962408158074142,0.02096304231962627,0.02096367636621004,0.020964310297876262,0.0209649441148247,0.020965577816693403,0.020966211403828816,0.020966844876191163,0.020967478233825113,0.020968111476773736,0.02096874460509407,0.020969377618453786,0.020970010516948866,0.020970643301601116,0.020971275971635474,0.02097190852735445,0.020972540968672508,0.0209731732956131,0.020973805508252917,0.020974437607002797,0.02097506959112143,0.020975701461398707,0.020976333217493787,0.02097696485914184,0.020977596386726333,0.02097822780020651,0.02097885909977455,0.02097949028535169,0.020980121357011855,0.02098075231479721,0.020981383158742636,0.020982013888796856,0.02098264450378712,0.020983275006462417,0.02098390539430616,0.02098453566966483,0.02098516583151758,0.02098579588011276,0.02098642581437873,0.020987055635679486,0.020987685343558042,0.02098831493731238,0.020988944418427764,0.02098957378610841,0.020990203040618424,0.020990832181897005,0.020991461209873757,0.02099209012471904,0.020992718926389507,0.02099334761509956,0.02099397619109284,0.020994604653613913,0.020995233003600865,0.020995861240692536,0.020996489365031137,0.020997117376016932,0.02099774527456581,0.020998373060005925,0.02099900073266739,0.02099962829412654,0.021000255741515324,0.021000883075288496,0.021001510297848188,0.021002137407849772,0.02100276440503372,0.02100339128991191,0.021004018062286006,0.02100464472225239,0.0210052712699568,0.0210058977053111,0.021006524028339697,0.021007150239188494,0.02100777633782743,0.02100840232430229,0.021009028198716584,0.02100965396109064,0.021010279611447295,0.02101090514976381,0.021011530576172218,0.021012155890678872,0.02101278109332274,0.02101340618415755,0.021014031163192757,0.02101465603048203,0.021015280786064273,0.02101590542997838,0.021016529962263227,0.02101715438295765,0.021017778692015848,0.021018402889645897,0.021019026976030534,0.021019650950623164,0.021020274813900744,0.021020898565867314,0.021021522206735505,0.021022145736057693,0.021022769153946685,0.02102339246163358,0.021024015657164417,0.021024638741327824,0.021025261714590897,0.021025884577086876,0.021026507328556522,0.021027129969071138,0.021027752498598132,0.021028374917291755,0.021028997225122293,0.021029619422135406,0.021030241508408203,0.021030863484355133,0.021031485349063885,0.021032107103213904,0.02103272874676177,0.021033350279674935,0.021033971702052588,0.02103459301384766,0.02103521421522836,0.02103583530642634,0.021036456286975456,0.02103707715716754,0.021037697917040403,0.021038318566631593,0.02103893910597943,0.02103955953494086,0.02104017985391893,0.02104080006278874,0.02104142016130207,0.021042040149918614,0.021042660028453678,0.021043279797202552,0.021043899455560136,0.021044519004350927,0.021045138443359146,0.0210457577725425,0.02104637699185673,0.021046996101341045,0.02104761510127694,0.021048233991539197,0.02104885277216583,0.0210494714430878,0.021050090004577242,0.021050708456451264,0.021051326798545784,0.021051945031413867,0.021052563155302514,0.02105318116929329,0.02105379907479392,0.02105441686938325,0.021055034555650644,0.021055652134376438,0.021056269602158822,0.021056886960950292,0.02105750420987236,0.02105812134938291,0.02105873838158322,0.021059355304514454,0.021059972118668824,0.021060588823388154,0.021061205419311287,0.021061821906302153,0.021062438284302,0.021063054553874853,0.02106367071457433,0.021064286766681137,0.02106490271001583,0.02106551854482182,0.021066134270939986,0.021066749888421655,0.02106736539739013,0.021067980798183693,0.021068596090319663,0.021069211274233834,0.021069826349257754,0.021070441316414147,0.021071056175078852,0.02107167092551151,0.021072285567723757,0.021072900101450735,0.021073514527527915,0.02107412884496641,0.02107474305470742,0.021075357156469122,0.021075971150223326,0.021076585036062054,0.02107719881394716,0.0210778124839798,0.021078426046184307,0.021079039500547896,0.021079652847176274,0.021080266086082503,0.0210808792172629,0.021081492240788775,0.021082105156717462,0.02108271796479332,0.02108333066558808,0.0210839432588699,0.021084555744684427,0.021085168123149606,0.021085780394129772,0.0210863925577898,0.021087004614073455,0.021087616564709533,0.021088228406474847,0.021088840140730702,0.02108945176816231,0.021090063288368422,0.021090674701242037,0.021091286007315403,0.02109189720632851,0.02109250829833925
8,0.0,0.0,0.0,0.0,0.0,0.0,0.0,0.0,0.0,0.0,0.0,0.0,0.0,0.0,0.0,0.0,0.0,0.0,0.0,0.0,0.0,0.0,0.0,0.0,0.0,0.0,0.0,0.0,0.0,0.0,0.0,0.0,0.0,0.0,0.0,0.0,0.0,0.0,0.0,0.0,0.0,0.0,0.0,0.0,0.0,0.0,0.0,0.0,0.0,0.0,0.0,0.0,0.0,0.0,0.0,0.0,0.0,0.0,0.0,0.0,0.0,0.0,0.0,0.0,0.0,0.0,0.0,0.0,0.0,0.0,0.0,0.0,0.0,0.0,0.0,0.0,0.0,0.0,0.0,0.0,0.0,0.0,0.0,0.0,0.0,0.0,0.0,0.0,0.0,0.0,0.0,0.0,0.0,0.0,0.0,0.0,0.0,0.0,0.0,0.0,0.0,0.0,0.0,0.0,0.0,0.0,0.0,0.0,0.0,0.0,0.0,0.0,0.0,0.0,0.0,0.0,0.0,0.0,0.0,0.0,0.0,0.0,0.0,0.0,0.0,0.0,0.0,0.0,0.0,0.0,0.0,0.0,0.0,0.0,0.0,0.0,0.0,0.0,0.0,0.0,0.0,0.0,0.0,0.0,0.0,0.0,0.0,0.0,0.0,0.0,0.0,0.0,0.0,0.0,0.0,0.0,0.0,0.0,0.0,0.0,0.0,0.0,0.0,0.0,0.0,0.0,0.0,0.0,0.0,0.0,0.0,0.0,0.0,0.0,0.0,0.0,0.0,0.0,0.0,0.0,0.0,0.0,0.0,0.0,0.0,0.0,0.0,0.0,0.0,0.0,0.0,0.0,0.0,0.0,0.0,0.0,0.0,0.0,0.0,0.0,0.0,0.0,0.0,0.0,0.0,0.0,0.0,0.0,0.0,0.0,0.0,0.0,0.0,0.0,0.0,0.0,0.0,0.0,0.0,0.0,0.0,0.0,0.0,0.0,0.0,0.0,0.0,0.0,0.0,0.0,0.0,0.0,0.0,0.0,0.0,0.0,0.0,0.0,0.0,0.0,0.0,0.0,0.0,0.0,0.0,0.0,0.0,0.0,0.0,0.0,0.0,0.0,0.0,0.0,0.0,0.0,0.0,0.0,0.0,0.0,0.0,0.0,0.0,0.0,0.0,0.0,0.0,0.0,0.0,0.0,0.0,0.0,0.0,0.0,0.0,0.0,0.0,0.0,0.0,0.0,0.0,0.0,0.0,0.0,0.0,0.0,0.0,0.0,0.0,0.0,0.0,0.0,0.0,0.0,0.0,0.0,0.0,0.0,0.0,0.0,0.0,0.0,0.0,0.0,0.0,0.0,0.0,0.0,0.0,0.0,0.0,0.0,0.0,0.0,0.0,0.0,0.0,0.0,0.0,0.0,0.0,0.0,0.0,0.0,0.0,0.0,0.0,0.0,0.0,0.0,0.0,0.0,0.0,0.0,0.0,0.0,0.0,0.0,0.0,0.0,0.0,0.0,0.0,0.0,0.0,0.0,0.0,0.0,0.0,0.0,0.0,0.0,0.0,0.0,0.0,0.0,0.0,0.0,0.0,0.0,0.0,0.0,0.0,0.0,0.0,0.0,0.0,0.0,0.0,0.0,0.0,0.0,0.0,0.0,0.0,0.0,0.0,0.0,0.0,0.0,0.0,0.0,0.0,0.0,0.0,0.0,0.0,0.0,0.0,0.0,0.0,0.0,0.0,0.0,0.0,0.0,0.0,0.0,0.0,0.0,0.0,0.0,0.0,0.0,0.0,0.0,0.0,0.0,0.0,0.0,0.0,0.0,0.0,0.0,0.0,0.0,0.0,0.0,0.0,0.0,0.0,0.0,0.0,0.0,0.0,0.0,0.0,0.0,0.0,0.0,0.0,0.0,0.0,0.0,0.0,0.0,0.0,0.0,0.0,0.0,0.0,0.0,0.0,0.0,0.0,0.0,0.0,0.0,0.0,0.0,0.0,0.0,0.0,0.0,0.0,0.0,0.0,0.0,0.0,0.0,0.0,0.0,0.0,0.0,0.0,0.0,0.0,0.0,0.0,0.0,0.0,0.0,0.0,0.0,0.0,0.0,0.0,0.0,0.0,0.0,0.0,0.0,0.0,0.0,0.0,0.0,0.0,0.0,0.0,0.0,0.0,0.0,0.0,0.0,0.0,0.0,0.0,0.0,0.0,0.0,0.0,0.0,0.0,0.0,0.0,0.0,0.0,0.0,0.0,0.0,0.0,0.0,0.0,0.0,0.0,0.0,0.0,0.0,0.0,0.0,0.0,0.0,0.0,0.0,0.0,0.0,0.0,0.0,0.0,0.0,0.0,0.0,0.0,0.0,0.0,0.0,0.0,0.0,0.0,0.0,0.0,0.0,0.0,0.0,0.0,0.0,0.0,0.0,0.0,0.0,0.0,0.0,0.0,0.0,0.0,0.0,0.0,0.0,0.0,0.0,0.0,0.0,0.0,0.0,0.0,0.0,0.0,0.0,0.0,0.0,0.0,0.0,0.0,0.0,0.0,0.0,0.0,0.0,0.0,0.0,0.0,0.0,0.0,0.0,0.0,0.0,0.0,0.0,0.0,0.0,0.0,0.0,0.0,0.0,0.0,0.0,0.0,0.0,0.0,0.0,0.0,0.0,0.0,0.0,0.0,0.0,0.0,0.0,0.0,0.0,0.0,0.0,0.0,0.0,0.0,0.0,0.0,0.0,0.0,0.0,0.0,0.0,0.0,0.0,0.0,0.0,0.0,0.0,0.0,0.0,0.0,0.0,0.0,0.0,0.0,0.0,0.0,0.0,0.0,0.0,0.0,0.0,0.0,0.0,0.0,0.0,0.0,0.0,0.0,0.0,0.0,0.0,0.0,0.0,0.0,0.0,0.0,0.0,0.0,0.0,0.0,0.0,0.0,0.0,0.0,0.0,0.0,0.0,0.0,0.0,0.0,0.0,0.0,0.0,0.0,0.0,0.0,0.0,0.0,0.0,0.0,0.0,0.0,0.0,0.0,0.0,0.0,0.0,0.0,0.0,0.0,0.0,0.0,0.0,0.0,0.0,0.0,0.0,0.0,0.0,0.0,0.0,0.0,0.0,0.0,0.0,0.0,0.0,0.0,0.0,0.0,0.0,0.0,0.0,0.0,0.0,0.0,0.0,0.0,0.0,0.0,0.0,0.0,0.0,0.0,0.0,0.0,0.0,0.0,0.0,0.0,0.0,0.0,0.0,0.0,0.0,0.0,0.0,0.0,0.0,0.0,0.0,0.0,0.0,0.0,0.0,0.0,0.0,0.0,0.0,0.0,0.0,0.0,0.0,0.0,0.0,0.0,0.0,0.0,0.0,0.0,0.0,0.0,0.0,0.0,0.0,0.0,0.0,0.0,0.0,0.0,0.0,0.0,0.0,0.0,0.0,0.0,0.0,0.0,0.0,0.0,0.0,0.0,0.0,0.0,0.0,0.0,0.0,0.0,0.0,0.0,0.0,0.0,0.0,0.0,0.0,0.0,0.0,0.0,0.0,0.0,0.0,0.0,0.0,0.0,0.0,0.0,0.0,0.0,0.0,0.0,0.0,0.0,0.0,0.0,0.0,0.0,0.0,0.0,0.0,0.0,0.0,0.0,0.0,0.0,0.0,0.0,0.0,0.0,0.0,0.0,0.0,0.0,0.0,0.0,0.0,0.0,0.0,0.0,0.0,0.0,0.0,0.0,0.0,0.0,0.0,0.0,0.0,0.0,0.0,0.0,0.0,0.0,0.0,0.0,0.0,0.0,0.0,0.0,0.0,0.0,0.0,0.0,0.0,0.0,0.0,0.0,0.0,0.0,0.0,0.0,0.0,0.0,0.0,0.0,0.0,0.0,0.0,0.0,0.0,0.0,0.0,0.0,0.0,0.0,0.0,0.0,0.0,0.0,0.0,0.0,0.0,0.0,0.0,0.0,0.0,0.0,0.0,0.0,0.0,0.0,0.0,0.0,0.0,0.0,0.0,0.0,0.0,0.0,0.0,0.0,0.0,0.0,0.0,0.0,0.0,0.0,0.0,0.0,0.0,0.0,0.0,0.0,0.0,0.0,0.0,0.0,0.0,0.0,0.0,0.0,0.0,0.0,0.0,0.0,0.0,0.0,0.0,0.0,0.0,0.0,0.0,0.0,0.0,0.0,0.0,0.0,0.0,0.0,0.0,0.0,0.0,0.0,0.0,0.0,0.0,0.0,0.0,0.0,0.0,0.0,0.0,0.0,0.0,0.0,0.0,0.0,0.0,0.0,0.0,0.0,0.0,0.0,0.0,0.0,0.0,0.0,0.0,0.0,0.0,0.0,0.0,0.0,0.0,0.0,0.0,0.0,0.0,0.0,0.0,0.0,0.0,0.0,0.0,0.0,0.0,0.0,0.0,0.0,0.0,1.657526443586641e-08,2.6423585489128667e-08,3.253212394500344e-08,3.6596524603488324e-08,3.957500300651416e-08,4.200770448050236e-08,4.419960151370492e-08,4.6324601524833103e-08,4.84844707624999e-08,5.0742026967592014e-08,5.313978970338568e-08,5.571048514830963e-08,5.848304236878194e-08,6.148614050914665e-08,6.475047224563312e-08,6.831038810956421e-08,7.220531094846928e-08,7.648116418622037e-08,8.11919877181182e-08,8.64018917714771e-08,9.218750750837708e-08,9.864112813406095e-08,1.0587479734751359e-07,1.1402570176585928e-07,1.2326337522973944e-07,1.3379945447498243e-07,1.4590108249784852e-07,1.5990961740464428e-07,1.7626720545894114e-07,1.9555525881295873e-07,2.185513797165347e-07,2.4631562289340954e-07,2.8032480419315964e-07,3.2268813909661137e-07,3.7650582998719746e-07,4.464899777462614e-07,5.400914626461618e-07,6.696609319160898e-07,8.568714907575812e-07,1.1424963541663716e-06,1.6100825306798824e-06,2.4494915832715512e-06,4.145443406255699e-06,8.058071617032869e-06,1.7874739342094066e-05,4.092069258945837e-05,8.477241819916354e-05,0.0001505246183824657,0.00023226452987239993,0.00032211622303061574,0.0004139289758900525,0.0005041122975721441,0.0005911640673752053,0.0006749829708589953,0.0007563115411360323,0.0008363468423799568,0.000916480029474036,0.000998119746282477,0.0010825616191698134,0.0011708761645221866,0.0012638047753731213,0.0013616836724563313,0.001464437307564293,0.0015716511266402058,0.0016826807401467074,0.0017967540516142856,0.00191305213203838,0.0020307691059843567,0.0021491531935876954,0.0022675311583034547,0.002385318521387682,0.002502015467266605,0.002617163065261477,0.0026171678700198076,0.002617167868764784,0.002617167867603688,0.002617167866617563,0.002617167865808269,0.002617167865155961,0.002617167864637181,0.002617167864230661,0.002617167863918649,0.0026171678636867967,0.0026171678635236385,0.002617167863420056,0.002617167863368793,0.002617167863364076,0.0026171678634012963,0.0026171678634767737,0.0026171678635875523,0.002617167863731259,0.002617167863905975,0.0026171678641101477,0.002617167864342512,0.0026171678646020355,0.002617167864887866,0.0026171678651992964,0.0026171678655357395,0.0026171678658966978,0.0026171678662817496,0.002617167866690533,0.0026171678671227305,0.0026171678675780677,0.0026171678680562927,0.0026171678685571833,0.002617167869080532,0.0026171678696261503,0.002617167870193857,0.0026171678707834823,0.0026171678713948635,0.0026171678720278394,0.002617167872682255,0.002617167873357961,0.002617167874054807,0.0026171678747726403,0.002617167875511316,0.0026171678762706855,0.002617167877050598,0.0026171678778509067,0.0026171678786714647,0.002617167879512118,0.002617167880372721,0.002617167881253121,0.0026171678821531644,0.0026171678830727014,0.0026171678840115793,0.0026171678849696437,0.00261716788594674,0.0026171678869427125,0.0026171678879574104,0.002617167888990673,0.0026171678900423494,0.0026171678911122796,0.002617167892200312,0.002617167893306287,0.0026171678944300505,0.0026171678955714452,0.002617167896730315,0.0026171678979065075,0.0026171678990998645,0.002617167900310234,0.00261716790153746,0.0026171679027813892,0.002617167904041867,0.0026171679053187454,0.002617167906611867,0.0026171679079210848,0.002617167909246247,0.0026171679105872043,0.002617167911943808,0.0026171679133159113,0.002617167914703366,0.00261716791610603,0.0026171679175237554,0.0026171679189564,0.0026171679204038197,0.002617167921865876,0.0026171679233424287,0.0026171679248333355,0.0026171679263384626,0.002617167927857671,0.002617167929390825,0.002617167930937792,0.0026171679324984375,0.0026171679340726305,0.0026171679356602425,0.002617167937261141,0.002617167938875201,0.002617167940502295,0.002617167942142297,0.002617167943795082,0.00261716794546053,0.002617167947138517,0.002617167948828923,0.002617167950531632,0.0026171679522465235,0.00261716795397348,0.0026171679557123895,0.0026171679574631362,0.0026171679592256083,0.002617167960999695,0.002617167962785285,0.0026171679645822696,0.0026171679663905436,0.002617167968209997,0.002617167970040526,0.0026171679718820264,0.0026171679737343957,0.0026171679755975334,0.002617167977471338,0.00261716797935571,0.002617167981250552,0.0026171679831557683,0.0026171679850712608,0.0026171679869969357,0.0026171679889326993,0.0026171679908784584,0.002617167992834124,0.002617167994799604,0.0026171679967748104,0.0026171679987596536,0.0026171680007540483,0.0026171680027579076,0.002617168004771147,0.002617168006793681,0.002617168008825426,0.0026171680108663044,0.0026171680129162293,0.0026171680149751258,0.0026171680170429122,0.0026171680191195085,0.0026171680212048426,0.0026171680232988347,0.0026171680254014097,0.002617168027512495,0.0026171680296320134,0.002617168031759895,0.0026171680338960687,0.002617168036040461,0.0026171680381930017,0.002617168040353624,0.002617168042522256,0.002617168044698835,0.0026171680468832902,0.002617168049075555,0.002617168051275564,0.0026171680534832578,0.0026171680556985673,0.0026171680579214303,0.002617168060151786,0.002617168062389573,0.0026171680646347286,0.002617168066887194,0.0026171680691469096,0.0026171680714138163,0.002617168073687856,0.0026171680759689724,0.0026171680782571074,0.0026171680805522047,0.00261716808285421,0.002617168085163069,0.0026171680874787252,0.0026171680898011266,0.0026171680921302197,0.002617168094465954,0.002617168096808275,0.0026171680991571348,0.002617168101512478,0.0026171681038742608,0.00261716810624243,0.0026171681086169353,0.0026171681109977305,0.0026171681133847686,0.0026171681157780026,0.002617168118177382,0.0026171681205828636,0.002617168122994403,0.0026171681254119517,0.002617168127835467,0.002617168130264904,0.002617168132700219,0.0026171681351413703,0.002617168137588312,0.002617168140041005,0.0026171681424994055,0.002617168144963473,0.0026171681474331664,0.0026171681499084455,0.0026171681523892688,0.002617168154875599,0.0026171681573673947,0.0026171681598646194,0.0026171681623672312,0.002617168164875195,0.0026171681673884733,0.0026171681699070273,0.0026171681724308214,0.002617168174959819,0.002617168177493982,0.0026171681800332795,0.0026171681825776717,0.0026171681851271267,0.002617168187681608,0.002617168190241083,0.002617168192805516,0.002617168195374875,0.002617168197949125,0.002617168200528236,0.0026171682031121725,0.0026171682057009055,0.002617168208294402,0.002617168210892629,0.002617168213495556,0.002617168216103154,0.0026171682187153904,0.0026171682213322342,0.0026171682239536594,0.0026171682265796322,0.0026171682292101253,0.002617168231845108,0.0026171682344845546,0.0026171682371284332,0.0026171682397767176,0.0026171682424293787,0.002617168245086391,0.002617168247747724,0.0026171682504133515,0.002617168253083248,0.0026171682557573866,0.0026171682584357407,0.0026171682611182824,0.0026171682638049887,0.0026171682664958315,0.002617168269190788,0.0026171682718898297,0.002617168274592935,0.002617168277300077,0.002617168280011233,0.002617168282726378,0.0026171682854454867,0.002617168288168537,0.002617168290895504,0.0026171682936263667,0.0026171682963611015,0.002617168299099683,0.0026171683018420913,0.0026171683045883008,0.0026171683073382933,0.002617168310092043,0.0026171683128495306,0.0026171683156107324,0.0026171683183756293,0.0026171683211441976,0.0026171683239164167,0.0026171683266922683,0.0026171683294717294,0.002617168332254778,0.002617168335041396,0.002617168337831564,0.0026171683406252598,0.0026171683434224654,0.0026171683462231595,0.0026171683490273227,0.0026171683518349366,0.0026171683546459836,0.0026171683574604423,0.0026171683602782938,0.0026171683630995205,0.002617168365924105,0.002617168368752027,0.0026171683715832676,0.0026171683744178114,0.0026171683772556386,0.0026171683800967323,0.0026171683829410756,0.002617168385788649,0.0026171683886394344,0.002617168391493422,0.002617168394350586,0.002617168397210915,0.00261716840007439,0.0026171684029409953,0.0026171684058107136,0.002617168408683528,0.0026171684115594237,0.002617168414438386,0.0026171684173203966,0.0026171684202054416,0.0026171684230935034,0.0026171684259845684,0.002617168428878618,0.002617168431775641,0.002617168434675621,0.002617168437578541,0.0026171684404843894,0.002617168443393149,0.0026171684463048056,0.002617168449219344,0.0026171684521367517,0.0026171684550570134,0.0026171684579801135,0.0026171684609060408,0.002617168463834779,0.0026171684667663157,0.0026171684697006356,0.0026171684726377267,0.0026171684755775726,0.002617168478520164,0.002617168481465486,0.0026171684844135228,0.0026171684873642653,0.0026171684903176966,0.0026171684932738077,0.002617168496232583,0.0026171684991940095,0.0026171685021580764,0.002617168505124769,0.002617168508094077,0.002617168511065988,0.002617168514040489,0.0026171685170175672,0.002617168519997211,0.002617168522979408,0.002617168525964147,0.0026171685289514165,0.002617168531941205,0.002617168534933499,0.0026171685379282874,0.0026171685409255596,0.002617168543925306,0.0026171685469275115,0.002617168549932166,0.0026171685529392617,0.002617168555948784,0.002617168558960722,0.002617168561975066,0.0026171685649918055,0.0026171685680109287,0.002617168571032425,0.0026171685740562843,0.0026171685770824964,0.0026171685801110504,0.0026171685831419345,0.002617168586175141,0.0026171685892106586,0.0026171685922484773,0.002617168595288585,0.0026171685983309755,0.002617168601375636,0.002617168604422557,0.0026171686074717313,0.002617168610523146,0.0026171686135767923,0.00261716861663266,0.0026171686196907414,0.0026171686227510252,0.002617168625813503,0.0026171686288781653,0.0026171686319450024,0.002617168635014005,0.0026171686380851663,0.002617168641158475,0.002617168644233921,0.0026171686473114987,0.002617168650391195,0.0026171686534730058,0.0026171686565569182,0.002617168659642925,0.002617168662731018,0.002617168665821188,0.0026171686689134277,0.0026171686720077277,0.0026171686751040786,0.002617168678202474,0.0026171686813029034,0.0026171686844053597,0.002617168687509834,0.00261716869061632,0.0026171686937248076,0.0026171686968352896,0.002617168699947758,0.002617168703062204,0.002617168706178621,0.002617168709297001,0.0026171687124173343,0.0026171687155396167,0.0026171687186638364,0.0026171687217899885,0.002617168724918064,0.002617168728048057,0.002617168731179959,0.0026171687343137613,0.002617168737449459,0.0026171687405870414,0.002617168743726506,0.0026171687468678415,0.0026171687500110416,0.002617168753156101,0.00261716875630301,0.0026171687594517615,0.0026171687626023493,0.0026171687657547686,0.002617168768909008,0.0026171687720650642,0.0026171687752229293,0.0026171687783825945,0.002617168781544057,0.0026171687847073074,0.0026171687878723386,0.002617168791039145,0.0026171687942077196,0.002617168797378055,0.0026171688005501475,0.0026171688037239867,0.00261716880689957,0.0026171688100768867,0.002617168813255935,0.002617168816436704,0.0026171688196191907,0.0026171688228033884,0.00261716882598929,0.00261716882917689,0.0026171688323661808,0.0026171688355571578,0.002617168838749813,0.002617168841944144,0.002617168845140141,0.0026171688483378,0.0026171688515371143,0.002617168854738078,0.0026171688579406855,0.0026171688611449314,0.002617168864350809,0.0026171688675583125,0.0026171688707674373,0.0026171688739781754,0.0026171688771905242,0.0026171688804044763,0.0026171688836200253,0.0026171688868371684,0.0026171688900558966,0.002617168893276206,0.002617168896498093,0.0026171688997215477,0.002617168902946569,0.0026171689061731482,0.0026171689094012835,0.0026171689126309678,0.002617168915862193,0.0026171689190949586,0.0026171689223292564,0.0026171689255650803,0.002617168928802427,0.002617168932041294,0.002617168935281671,0.0026171689385235545,0.0026171689417669414,0.0026171689450118236,0.0026171689482582,0.002617168951506062,0.0026171689547554067,0.0026171689580062273,0.00261716896125852,0.0026171689645122817,0.002617168967767505,0.0026171689710241864,0.0026171689742823193,0.0026171689775419016,0.002617168980802928,0.002617168984065391,0.0026171689873292887,0.0026171689905946155,0.002617168993861366,0.0026171689971295387,0.0026171690003991242,0.0026171690036701227,0.0026171690069425255,0.0026171690102163307,0.0026171690134915338,0.0026171690167681276,0.0026171690200461123,0.0026171690233254786,0.0026171690266062254,0.0026171690298883474,0.002617169033171838,0.0026171690364566974,0.0026171690397429194,0.002617169043030496,0.0026171690463194274,0.0026171690496097086,0.0026171690529013347,0.002617169056194301,0.002617169059488603,0.002617169062784238,0.002617169066081203,0.002617169069379491,0.0026171690726790983,0.0026171690759800234,0.002617169079282259,0.0026171690825858027,0.0026171690858906504,0.0026171690891967987,0.0026171690925042416,0.0026171690958129773,0.002617169099123001,0.00261716910243431,0.0026171691057468977,0.0026171691090607634,0.0026171691123758997,0.002617169115692305,0.0026171691190099776,0.002617169122328907,0.002617169125649098,0.0026171691289705395,0.0026171691322932323,0.00261716913561717,0.0026171691389423528,0.0026171691422687718,0.002617169145596426,0.0026171691489253134,0.0026171691522554265,0.0026171691555867665,0.0026171691589193247,0.0026171691622531006,0.0026171691655880896,0.0026171691689242894,0.0026171691722616966,0.0026171691756003037,0.002617169178940113,0.002617169182281117,0.0026171691856233126,0.0026171691889666985,0.0026171691923112697,0.0026171691956570226,0.002617169199003956,0.002617169202352063,0.0026171692057013435,0.002617169209051793,0.0026171692124034064,0.0026171692157561832,0.002617169219110117,0.002617169222465208,0.002617169225821451,0.002617169229178842,0.002617169232537379,0.0026171692358970596,0.00261716923925788,0.0026171692426198356,0.002617169245982924,0.002617169249347144,0.002617169252712489,0.00261716925607896,0.002617169259446549,0.0026171692628152578,0.002617169266185079,0.0026171692695560124,0.0026171692729280555,0.0026171692763012023,0.0026171692796754507,0.0026171692830508,0.0026171692864272443,0.002617169289804783,0.00261716929318341,0.0026171692965631255,0.002617169299943926,0.0026171693033258067,0.002617169306708766,0.002617169310092802,0.0026171693134779106,0.0026171693168640896,0.0026171693202513345,0.002617169323639645,0.0026171693270290166,0.002617169330419445,0.0026171693338109306,0.0026171693372034673,0.002617169340597057,0.002617169343991692,0.002617169347387371,0.0026171693507840944,0.0026171693541818543,0.002617169357580651,0.0026171693609804837,0.0026171693643813453,0.002617169367783236,0.0026171693711861525,0.0026171693745900906,0.002617169377995051,0.002617169381401029,0.002617169384808021,0.002617169388216027,0.0026171693916250418,0.002617169395035064,0.0026171693984460903,0.0026171694018581196,0.0026171694052711473,0.0026171694086851733,0.0026171694121001924,0.002617169415516204,0.002617169418933206,0.0026171694223511947,0.002617169425770168,0.002617169429190124,0.002617169432611059,0.0026171694360329705,0.002617169439455856,0.0026171694428797146,0.002617169446304543,0.0026171694497303384,0.002617169453157101,0.002617169456584824,0.0026171694600135064,0.0026171694634431492,0.0026171694668737444,0.002617169470305296,0.0026171694737377954,0.002617169477171245,0.0026171694806056403,0.0026171694840409787,0.0026171694874772594,0.00261716949091448,0.002617169494352635,0.0026171694977917275,0.0026171695012317513,0.0026171695046727037,0.0026171695081145863,0.0026171695115573923,0.0026171695150011233,0.0026171695184457754,0.0026171695218913456,0.002617169525337835,0.0026171695287852373,0.002617169532233551,0.002617169535682776,0.0026171695391329097,0.0026171695425839477,0.00261716954603589,0.0026171695494887352,0.0026171695529424804,0.0026171695563971214,0.002617169559852658,0.002617169563309087,0.0026171695667664085,0.002617169570224619,0.0026171695736837163,0.0026171695771436995,0.0026171695806045635,0.002617169584066309,0.002617169587528932,0.0026171695909924346,0.0026171695944568097,0.002617169597922059,0.002617169601388177,0.0026171696048551663,0.0026171696083230203,0.002617169611791739,0.002617169615261322,0.0026171696187317637,0.0026171696222030663,0.0026171696256752247,0.0026171696291482373,0.002617169632622104,0.0026171696360968205,0.002617169639572388,0.0026171696430488016,0.002617169646526059,0.0026171696500041633,0.0026171696534831065,0.0026171696569628894,0.002617169660443512,0.0026171696639249696,0.0026171696674072613,0.0026171696708903835,0.0026171696743743375,0.0026171696778591208,0.0026171696813447306,0.0026171696848311652,0.0026171696883184213,0.0026171696918065005,0.0026171696952953984,0.0026171696987851126,0.0026171697022756447,0.0026171697057669903,0.0026171697092591474,0.002617169712752115,0.002617169716245893,0.002617169719740476,0.002617169723235866,0.00261716972673206,0.002617169730229054,0.002617169733726849,0.0026171697372254425,0.0026171697407248325,0.0026171697442250166,0.002617169747725995,0.0026171697512277644,0.0026171697547303233,0.0026171697582336715,0.002617169761737806,0.0026171697652427254,0.002617169768748427,0.0026171697722549105,0.002617169775762173,0.0026171697792702155,0.002617169782779033,0.002617169786288629,0.0026171697897989952,0.002617169793310133,0.0026171697968220423,0.002617169800334721,0.0026171698038481655,0.002617169807362374,0.002617169810877349,0.0026171698143930854,0.002617169817909582,0.002617169821426838,0.0026171698249448515,0.0026171698284636192,0.002617169831983144,0.002617169835503419,0.0026171698390244475,0.0026171698425462245,0.00261716984606875,0.0026171698495920234,0.00261716985311604,0.002617169856640802,0.002617169860166305,0.002617169863692549,0.0026171698672195326,0.002617169870747253,0.002617169874275711,0.0026171698778049025,0.002617169881334829,0.002617169884865485,0.0026171698883968738,0.0026171698919289885,0.0026171698954618335,0.002617169898995403,0.0026171699025296985,0.002617169906064716,0.002617169909600455,0.002617169913136915,0.0026171699166740946,0.0026171699202119916,0.0026171699237506024,0.0026171699272899305,0.00261716993082997,0.0026171699343707205,0.002617169937912184,0.002617169941454356,0.0026171699449972353,0.0026171699485408213,0.0026171699520851125,0.0026171699556301067,0.0026171699591758047,0.002617169962722201,0.0026171699662692976,0.0026171699698170924,0.0026171699733655834,0.002617169976914772,0.002617169980464655,0.0026171699840152286,0.002617169987566495,0.002617169991118452,0.002617169994671098,0.002617169998224431,0.0026171700017784518,0.0026171700053331565,0.002617170008888545,0.002617170012444617,0.0026171700160013685,0.0026171700195587997,0.002617170023116912,0.0026171700266757005,0.0026171700302351636,0.0026171700337953036,0.002617170037356116,0.002617170040917602,0.0026171700444797574,0.0026171700480425836,0.002617170051606079,0.00261717005517024,0.002617170058735069,0.0026171700623005612,0.002617170065866719,0.002617170069433538,0.00261717007300102,0.0026171700765691614,0.002617170080137961,0.002617170083707419,0.002617170087277533,0.002617170090848303,0.0026171700944197275,0.002617170097991805,0.0026171701015645322,0.0026171701051379095,0.0026171701087119386,0.0026171701122866147,0.002617170115861938,0.0026171701194379077,0.002617170123014522,0.002617170126591781,0.002617170130169681,0.0026171701337482224,0.0026171701373274045,0.002617170140907226,0.0026171701444876864,0.0026171701480687823,0.002617170151650514,0.0026171701552328785,0.00261717015881588,0.0026171701623995116,0.0026171701659837743,0.0026171701695686675,0.002617170173154191,0.002617170176740341,0.002617170180327117,0.002617170183914521,0.002617170187502549,0.0026171701910912004,0.0026171701946804734,0.002617170198270369,0.002617170201860884,0.0026171702054520185,0.002617170209043772,0.0026171702126361425,0.0026171702162291286,0.0026171702198227297,0.002617170223416945,0.0026171702270117734,0.002617170230607213,0.0026171702342032642,0.002617170237799926,0.002617170241397196,0.0026171702449950727,0.0026171702485935588,0.0026171702521926477,0.002617170255792343,0.002617170259392642,0.002617170262993544,0.002617170266595046,0.0026171702701971514,0.002617170273799855,0.0026171702774031563,0.0026171702810070573,0.002617170284611555,0.002617170288216646,0.0026171702918223344,0.0026171702954286146,0.0026171702990354876,0.0026171703026429526,0.0026171703062510096,0.002617170309859656,0.0026171703134688896,0.002617170317078714,0.0026171703206891227,0.0026171703243001183,0.0026171703279116994,0.0026171703315238646,0.002617170335136613,0.0026171703387499437,0.0026171703423638545,0.0026171703459783465,0.002617170349593419,0.0026171703532090686,0.002617170356825297,0.0026171703604421013,0.002617170364059481,0.0026171703676774356,0.0026171703712959634,0.002617170374915065,0.002617170378534739,0.0026171703821549837,0.0026171703857757974,0.00261717038939718,0.002617170393019135,0.002617170396641654,0.002617170400264741,0.002617170403888393,0.0026171704075126103,0.002617170411137392,0.002617170414762736,0.002617170418388643,0.0026171704220151115,0.0026171704256421394,0.0026171704292697277,0.0026171704328978745,0.002617170436526578,0.0026171704401558383,0.002617170443785656,0.002617170447416029,0.002617170451046956,0.0026171704546784362,0.0026171704583104706,0.002617170461943056,0.0026171704655761907,0.002617170469209878,0.0026171704728441135,0.0026171704764788996,0.0026171704801142303,0.00261717048375011,0.0026171704873865337,0.0026171704910235047,0.00261717049466102,0.0026171704982990763,0.002617170501937678,0.002617170505576821,0.0026171705092165047,0.0026171705128567287,0.0026171705164974926,0.002617170520138795,0.0026171705237806346,0.002617170527423012,0.002617170531065925,0.002617170534709375,0.002617170538353358,0.002617170541997876,0.002617170545642926,0.002617170549288509,0.0026171705529346233,0.0026171705529136656,0.0026171705528927093,0.0026171705528717716,0.0026171705528508535,0.002617170552829958,0.0026171705528090813,0.002617170552788227,0.002617170552767392,0.0026171705527465758,0.002617170552725783,0.0026171705527050096,0.0026171705526842563,0.0026171705526635224,0.0026171705526428094,0.0026171705526221176,0.0026171705526014458,0.002617170552580793,0.002617170552560162,0.00261717055253955,0.0026171705525189592,0.002617170552498387,0.002617170552477836,0.0026171705524573046,0.0026171705524367936,0.002617170552416301,0.0026171705523958303,0.0026171705523753783,0.002617170552354948,0.0026171705523345356,0.002617170552314143,0.00261717055229377,0.002617170552273419,0.0026171705522530855,0.0026171705522327706,0.002617170552212478,0.002617170552192203,0.0026171705521719495,0.002617170552151715,0.002617170552131498,0.0026171705521113022,0.0026171705520911244,0.0026171705520709686,0.00261717055205083,0.0026171705520307118,0.002617170552010612,0.002617170551990532,0.002617170551970471,0.0026171705519504288,0.002617170551930407,0.0026171705519104044,0.002617170551890418,0.002617170551870454,0.0026171705518505087,0.0026171705518305815,0.002617170551810673,0.0026171705517907835,0.002617170551770913,0.0026171705517510613,0.002617170551731229,0.002617170551711414,0.002617170551691619,0.0026171705516718426,0.002617170551652085,0.0026171705516323442,0.002617170551612624,0.0026171705515929213,0.0026171705515732396,0.002617170551553575,0.002617170551533929,0.0026171705515143015,0.002617170551494693,0.002617170551475101,0.0026171705514555286,0.002617170551435975,0.0026171705514164392,0.0026171705513969214,0.0026171705513774223,0.0026171705513579405,0.002617170551338478,0.002617170551319033,0.002617170551299608,0.002617170551280199,0.0026171705512608077,0.0026171705512414343,0.0026171705512220813,0.0026171705512027443,0.002617170551183427,0.002617170551164126,0.0026171705511448436,0.0026171705511255803,0.0026171705511063327,0.0026171705510871024,0.0026171705510678904,0.0026171705510486956,0.002617170551029518,0.002617170551010359,0.0026171705509912178,0.0026171705509720937,0.002617170550952988,0.002617170550933902,0.002617170550914834,0.0026171705508957798,0.002617170550876745,0.0026171705508577264,0.002617170550838726,0.002617170550819743,0.0026171705508007763,0.002617170550781829,0.0026171705507628965,0.002617170550743983,0.0026171705507250873,0.0026171705507062066,0.002617170550687344,0.0026171705506684993,0.0026171705506496715,0.0026171705506308593,0.0026171705506120658,0.002617170550593288,0.002617170550574528,0.002617170550555784,0.0026171705505370585,0.0026171705505183486,0.0026171705504996565,0.0026171705504809814,0.0026171705504623227,0.0026171705504436805,0.0026171705504250565,0.0026171705504064472,0.0026171705503878553,0.0026171705503692847,0.0026171705503507258,0.0026171705503321837,0.0026171705503136595,0.0026171705502951504,0.002617170550276658,0.002617170550258182,0.0026171705502397234,0.00261717055022128,0.0026171705502028545,0.0026171705501844443,0.0026171705501660514,0.0026171705501476738,0.0026171705501293117,0.0026171705501109688,0.0026171705500926414,0.0026171705500743292,0.002617170550056034,0.0026171705500377548,0.002617170550019492,0.0026171705500012436,0.002617170549983012,0.0026171705499647975,0.002617170549946599,0.002617170549928417,0.00261717054991025,0.002617170549892099,0.002617170549873965,0.002617170549855846,0.0026171705498377416,0.0026171705498196553,0.002617170549801584,0.002617170549783529,0.00261717054976549,0.002617170549747466,0.0026171705497294593,0.0026171705497114654,0.0026171705496934898,0.002617170549675528,0.002617170549657584,0.0026171705496396526,0.0026171705496217407,0.002617170549603841,0.0026171705495859586,0.0026171705495680896,0.002617170549550238,0.002617170549532401,0.0026171705495145817,0.002617170549496776,0.002617170549478985,0.0026171705494612107,0.002617170549443452,0.002617170549425707,0.002617170549407978,0.0026171705493902636,0.002617170549372566,0.0026171705493548826,0.002617170549337215,0.002617170549319564,0.0026171705493019267,0.0026171705492843045,0.002617170549266698,0.0026171705492491057,0.002617170549231529,0.0026171705492139662,0.0026171705491964178,0.0026171705491788867,0.00261717054916137,0.002617170549143869,0.002617170549126382,0.00261717054910891,0.002617170549091453,0.002617170549074012,0.002617170549056586,0.0026171705490391725,0.0026171705490217745,0.002617170549004392,0.0026171705489870228,0.0026171705489696695,0.0026171705489523305,0.0026171705489350054,0.0026171705489176967,0.0026171705489004002,0.002617170548883118,0.002617170548865852,0.0026171705488486014,0.002617170548831365,0.002617170548814142,0.0026171705487969335,0.0026171705487797407,0.002617170548762562,0.0026171705487453953,0.0026171705487282467,0.002617170548711111,0.0026171705486939885,0.002617170548676882,0.002617170548659789,0.0026171705486427105,0.0026171705486256473,0.002617170548608598,0.002617170548591559,0.0026171705485745368,0.0026171705485575304,0.0026171705485405383,0.002617170548523559,0.0026171705485065937,0.002617170548489644,0.002617170548472706,0.0026171705484557845,0.002617170548438875,0.002617170548421979,0.0026171705484050994,0.0026171705483882327,0.0026171705483713794,0.0026171705483545404,0.0026171705483377153,0.0026171705483209037,0.002617170548304106,0.0026171705482873234,0.002617170548270554,0.0026171705482537985,0.002617170548237057,0.002617170548220328,0.002617170548203613,0.0026171705481869132,0.002617170548170227,0.0026171705481535523,0.0026171705481368938,0.0026171705481202474,0.002617170548103614,0.0026171705480869958,0.0026171705480703905,0.002617170548053798,0.002617170548037219,0.0026171705480206547,0.0026171705480041037,0.0026171705479875657,0.0026171705479710416,0.0026171705479545297,0.002617170547938033,0.0026171705479215474,0.002617170547905077,0.00261717054788862,0.0026171705478721763,0.0026171705478557463,0.0026171705478393275,0.0026171705478229244,0.002617170547806533,0.002617170547790156,0.0026171705477737906,0.00261717054775744,0.0026171705477411006,0.002617170547724776,0.002617170547708463,0.002617170547692165,0.0026171705476758793,0.002617170547659605,0.0026171705476433454,0.002617170547627099,0.002617170547610865,0.0026171705475946435,0.002617170547578436,0.0026171705475622415,0.00261717054754606,0.0026171705475298923,0.002617170547513736,0.0026171705474975922,0.002617170547481462,0.0026171705474653437,0.0026171705474492403,0.002617170547433148,0.0026171705474170694,0.0026171705474010024,0.002617170547384949,0.0026171705473689074,0.0026171705473528803,0.0026171705473368658,0.0026171705473208625,0.0026171705473048727,0.0026171705472888955,0.002617170547272932,0.0026171705472569787,0.00261717054724104,0.0026171705472251136,0.0026171705472091984,0.0026171705471932983,0.0026171705471774082,0.0026171705471615303,0.002617170547145667,0.002617170547129816,0.0026171705471139763,0.0026171705470981505,0.002617170547082335,0.002617170547066534,0.0026171705470507426,0.0026171705470349658,0.0026171705470191997,0.0026171705470034454,0.002617170546987706,0.002617170546971978,0.0026171705469562605,0.002617170546940559,0.0026171705469248668,0.0026171705469091875,0.00261717054689352,0.0026171705468778644,0.0026171705468622224,0.0026171705468465913,0.002617170546830972,0.0026171705468153645,0.0026171705467997707,0.002617170546784188,0.0026171705467686185,0.0026171705467530606,0.002617170546737513,0.0026171705467219787,0.0026171705467064555,0.0026171705466909462,0.0026171705466754495,0.0026171705466599623,0.0026171705466444886,0.0026171705466290266,0.002617170546613576,0.002617170546598137,0.00261717054658271,0.0026171705465672943,0.0026171705465518925,0.0026171705465365003,0.0026171705465211203,0.0026171705465057524,0.002617170546490395,0.0026171705464750512,0.0026171705464597193,0.002617170546444398,0.0026171705464290893,0.002617170546413791,0.0026171705463985057,0.002617170546383231,0.0026171705463679685,0.002617170546352716,0.0026171705463374755,0.0026171705463222477,0.0026171705463070324,0.002617170546291827,0.0026171705462766344,0.002617170546261452,0.002617170546246281,0.0026171705462311227,0.002617170546215975,0.002617170546200839,0.002617170546185715,0.002617170546170601,0.0026171705461554987,0.0026171705461404096,0.0026171705461253297,0.002617170546110262,0.0026171705460952058,0.002617170546080161,0.002617170546065126,0.0026171705460501047,0.0026171705460350946,0.002617170546020094,0.002617170546005107,0.0026171705459901284,0.002617170545975161,0.002617170545960207,0.0026171705459452628,0.0026171705459303307,0.002617170545915408,0.0026171705459004987,0.0026171705458855983,0.0026171705458707117,0.0026171705458558343,0.0026171705458409686,0.0026171705458261124,0.00261717054581127,0.002617170545796437,0.0026171705457816146,0.0026171705457668035,0.0026171705457520033,0.002617170545737215,0.0026171705457224376,0.00261717054570767,0.002617170545692914,0.0026171705456781696,0.0026171705456634353,0.002617170545648711,0.0026171705456339996,0.002617170545619297,0.002617170545604605,0.0026171705455899246,0.002617170545575256,0.002617170545560597,0.0026171705455459503,0.0026171705455313127,0.0026171705455166868,0.0026171705455020704,0.0026171705454874667,0.0026171705454728724,0.002617170545458289,0.002617170545443717,0.002617170545429154,0.002617170545414603,0.002617170545400062,0.0026171705453855317,0.0026171705453710125,0.0026171705453565046,0.0026171705453420066,0.0026171705453275204,0.0026171705453130406,0.0026171705452985735,0.0026171705452841185,0.002617170545269672,0.002617170545255236,0.002617170545240812,0.002617170545226396,0.0026171705452119926,0.0026171705451975996,0.0026171705451832152,0.002617170545168843,0.00261717054515448,0.0026171705451401303,0.0026171705451257877,0.0026171705451114562,0.002617170545097136,0.002617170545082827,0.0026171705450685266,0.0026171705450542377,0.002617170545039956,0.002617170545025688,0.0026171705450114303,0.0026171705449971826,0.0026171705449829423,0.0026171705449687154,0.002617170544954496,0.002617170544940288,0.0026171705449260885,0.0026171705449119015,0.0026171705448977227,0.0026171705448835556,0.0026171705448693977,0.0026171705448552515,0.0026171705448411148,0.0026171705448269885,0.0026171705448128713,0.0026171705447987637,0.0026171705447846677,0.002617170544770581,0.0026171705447565045,0.0026171705447424376,0.00261717054472838,0.0026171705447143342,0.0026171705447002977,0.0026171705446862716,0.002617170544672254,0.0026171705446582485,0.00261717054464425,0.0026171705446302617,0.002617170544616285,0.0026171705446023166,0.002617170544588361,0.0026171705445744123,0.002617170544560474,0.0026171705445465453,0.0026171705445326276,0.0026171705445187216,0.002617170544504824,0.0026171705444909374,0.002617170544477059,0.0026171705444631905,0.0026171705444493314,0.0026171705444354813,0.0026171705444216413,0.0026171705444078103,0.0026171705443939902,0.0026171705443801775,0.0026171705443663756,0.002617170544352584,0.002617170544338802,0.0026171705443250293,0.0026171705443112673,0.002617170544297514,0.0026171705442837694,0.002617170544270036,0.0026171705442563113,0.002617170544242597,0.002617170544228892,0.002617170544215195,0.00261717054420151,0.0026171705441878335,0.0026171705441741656,0.0026171705441605094,0.00261717054414686,0.00261717054413322,0.002617170544119589,0.00261717054410597,0.002617170544092359,0.0026171705440787584,0.0026171705440651664,0.0026171705440515827,0.0026171705440380106,0.0026171705440244464,0.002617170544010892,0.0026171705439973453,0.0026171705439838088,0.002617170543970282,0.002617170543956765,0.0026171705439432566,0.0026171705439297583,0.0026171705439162695,0.002617170543902789,0.0026171705438893175,0.0026171705438758556,0.002617170543862404,0.0026171705438489614,0.0026171705438355285,0.002617170543822102,0.002617170543808686,0.0026171705437952795,0.0026171705437818826,0.0026171705437684945,0.002617170543755115,0.002617170543741744,0.002617170543728384,0.0026171705437150316,0.002617170543701689,0.0026171705436883554,0.0026171705436750323,0.0026171705436617166,0.002617170543648409,0.002617170543635112,0.0026171705436218227,0.002617170543608544,0.002617170543595274,0.002617170543582013,0.00261717054356876,0.0026171705435555173,0.0026171705435422826,0.0026171705435290567,0.00261717054351584,0.0026171705435026307,0.002617170543489433,0.0026171705434762426,0.002617170543463061,0.0026171705434498886,0.0026171705434367247,0.0026171705434235707,0.0026171705434104246,0.0026171705433972875,0.0026171705433841587,0.00261717054337104,0.002617170543357929,0.0026171705433448277,0.002617170543331735,0.002617170543318651,0.0026171705433055757,0.0026171705432925076,0.00261717054327945,0.0026171705432664013,0.002617170543253361,0.0026171705432403293,0.0026171705432273054,0.0026171705432142915,0.0026171705432012854,0.0026171705431882893,0.0026171705431753006,0.00261717054316232,0.0026171705431493487,0.0026171705431363864,0.002617170543123433,0.0026171705431104865,0.0026171705430975507,0.0026171705430846214,0.002617170543071702,0.002617170543058791,0.0026171705430458885,0.0026171705430329947,0.0026171705430201087,0.002617170543007232,0.0026171705429943654,0.002617170542981505,0.002617170542968653,0.002617170542955809,0.0026171705429429743,0.0026171705429301477,0.0026171705429173303,0.0026171705429045206,0.0026171705428917193,0.0026171705428789257,0.0026171705428661416,0.0026171705428533645,0.002617170542840596,0.0026171705428278363,0.002617170542815086,0.002617170542802344,0.0026171705427896104,0.0026171705427768836,0.0026171705427641663,0.0026171705427514565,0.0026171705427387565,0.0026171705427260636,0.0026171705427133797,0.002617170542700704,0.002617170542688036,0.0026171705426753763,0.002617170542662725,0.0026171705426500822,0.002617170542637448,0.0026171705426248186,0.0026171705426122007,0.00261717054259959,0.0026171705425869895,0.002617170542574396,0.0026171705425618095,0.002617170542549231,0.0026171705425366626,0.002617170542524101,0.002617170542511548,0.002617170542499003,0.0026171705424864653,0.0026171705424739376,0.002617170542461416,0.0026171705424489033,0.0026171705424363994,0.0026171705424239016,0.0026171705424114524,0.0026171705423989645,0.0026171705423864845,0.0026171705423740192,0.0026171705423615544,0.002617170542349105,0.002617170542336664,0.002617170542324232,0.0026171705423118073,0.002617170542299392,0.002617170542286981,0.00261717054227458,0.0026171705422621864,0.0026171705422498035,0.002617170542237425,0.0026171705422250555,0.0026171705422126943,0.0026171705422003404,0.0026171705421879944,0.0026171705421756566,0.0026171705421633275,0.0026171705421510053,0.002617170542138692,0.0026171705421263857,0.002617170542114088,0.002617170542101797,0.002617170542089514,0.002617170542077239,0.0026171705420649717,0.0026171705420527116,0.0026171705420404605,0.002617170542028217,0.002617170542015982,0.002617170542003752,0.002617170541991532,0.002617170541979317,0.0026171705419671134,0.0026171705419549152,0.0026171705419427258,0.002617170541930544,0.0026171705419183702,0.0026171705419062025,0.0026171705418940447,0.0026171705418818925,0.0026171705418697477,0.002617170541857611,0.002617170541845482,0.002617170541833362,0.0026171705418212474,0.0026171705418091425,0.0026171705417970437,0.0026171705417849522,0.002617170541772868,0.002617170541760792,0.002617170541748724,0.0026171705417366636,0.00261717054172461,0.002617170541712563,0.002617170541700526,0.002617170541688497,0.002617170541676473,0.002617170541664457,0.0026171705416524484,0.002617170541640447,0.002617170541628455,0.00261717054161647,0.002617170541604492,0.00261717054159252,0.0026171705415805576,0.0026171705415686,0.0026171705415566518,0.0026171705415447156,0.0026171705415327816,0.002617170541520855,0.002617170541508935,0.0026171705414970246,0.0026171705414851205,0.002617170541473223,0.0026171705414613335,0.0026171705414494524,0.002617170541437577,0.0026171705414257096,0.0026171705414138498,0.0026171705414019973,0.002617170541390152,0.002617170541378314,0.002617170541366481,0.002617170541354657,0.002617170541342842,0.0026171705413310306,0.0026171705413192297,0.0026171705413074345,0.002617170541295648,0.002617170541283868,0.002617170541272094,0.0026171705412603263,0.002617170541248568,0.002617170541236816,0.0026171705412250724,0.0026171705412133344,0.0026171705412016046,0.002617170541189882,0.002617170541178167,0.0026171705411664583,0.0026171705411547576,0.0026171705411430638,0.0026171705411313756,0.0026171705411196966,0.002617170541108021,0.0026171705410963546,0.002617170541084696,0.0026171705410730447,0.0026171705410614004,0.002617170541049762,0.0026171705410381312,0.0026171705410265077,0.002617170541014892,0.0026171705410032815,0.0026171705409916805,0.0026171705409800856,0.0026171705409684964,0.0026171705409569162,0.002617170540945341,0.0026171705409337746,0.002617170540922214,0.0026171705409106607,0.0026171705408991153,0.002617170540887575,0.002617170540876042,0.0026171705408645175,0.002617170540852999,0.0026171705408414873,0.0026171705408299826,0.002617170540818484,0.002617170540806993,0.00261717054079551,0.002617170540784034,0.002617170540772563,0.0026171705407610994,0.0026171705407496437,0.002617170540738195,0.0026171705407267505,0.002617170540715315,0.002617170540703888,0.002617170540692465,0.002617170540681049,0.002617170540669641,0.0026171705406582376,0.0026171705406468435,0.002617170540635454,0.0026171705406240722,0.0026171705406126985,0.0026171705406013296,0.0026171705405899693,0.0026171705405786143,0.0026171705405672657,0.002617170540555926,0.002617170540544591,0.002617170540533264,0.002617170540521942,0.0026171705405106265,0.0026171705404993205,0.0026171705404880205,0.0026171705404767266,0.0026171705404654387,0.0026171705404541587,0.0026171705404428847,0.0026171705404316164,0.002617170540420356,0.0026171705404091014,0.0026171705403978543,0.0026171705403866138,0.0026171705403753793,0.0026171705403641517,0.00261717054035293,0.002617170540341716,0.0026171705403305076,0.002617170540319307,0.002617170540308112,0.0026171705402969246,0.002617170540285743,0.002617170540274568,0.002617170540263399,0.0026171705402522373,0.002617170540241083,0.0026171705402299344,0.002617170540218791,0.0026171705402076545,0.0026171705401965245,0.002617170540185403,0.002617170540174287,0.002617170540163176,0.002617170540152073,0.0026171705401409756,0.0026171705401298864,0.0026171705401188015,0.002617170540107725,0.0026171705400966543,0.00261717054008559,0.002617170540074531,0.00261717054006348,0.002617170540052435,0.002617170540041395,0.0026171705400303614,0.002617170540019337,0.0026171705400083174,0.002617170539997304,0.0026171705399862973,0.0026171705399752965,0.0026171705399643014,0.0026171705399533132,0.0026171705399423316,0.0026171705399313577,0.0026171705399203886,0.0026171705399094265,0.0026171705398984686,0.002617170539887519,0.002617170539876575,0.002617170539865638,0.0026171705398547076,0.002617170539843783,0.002617170539832863,0.0026171705398219513,0.0026171705398110446,0.0026171705398001467,0.0026171705397892526,0.002617170539778364,0.002617170539767485,0.0026171705397566095,0.002617170539745742,0.002617170539734879,0.0026171705397240227,0.0026171705397131733,0.00261717053970233,0.0026171705396914923,0.002617170539680661,0.0026171705396698347,0.002617170539659017,0.0026171705396482053,0.0026171705396373984,0.002617170539626597,0.002617170539615804,0.0026171705396050154,0.0026171705395942337,0.002617170539583458,0.0026171705395726876,0.002617170539561925,0.0026171705395511683,0.0026171705395404165,0.002617170539529672,0.0026171705395189315,0.0026171705395081997,0.0026171705394974717,0.0026171705394867507,0.002617170539476036,0.0026171705394653255,0.0026171705394546236,0.0026171705394439277,0.002617170539433237,0.002617170539422553,0.0026171705394118735,0.0026171705394012015,0.0026171705393905355,0.002617170539379876,0.002617170539369221,0.0026171705393585724,0.00261717053934793,0.0026171705393372925,0.0026171705393266617,0.002617170539316038,0.002617170539305419,0.002617170539294807,0.002617170539284199,0.0026171705392735996,0.002617170539263004,0.0026171705392524156,0.0026171705392418324,0.002617170539231255,0.0026171705392206844,0.002617170539210119,0.0026171705391995594,0.002617170539189006,0.0026171705391784595,0.002617170539167918,0.0026171705391573818,0.002617170539146852,0.0026171705391363274,0.0026171705391258102,0.002617170539115297,0.0026171705391047915,0.00261717053909429,0.0026171705390837965,0.002617170539073308,0.002617170539062824,0.002617170539052348,0.002617170539041878,0.0026171705390314113,0.0026171705390209527,0.0026171705390104975,0.0026171705390000506,0.0026171705389896075,0.0026171705389791714,0.002617170538968741,0.0026171705389583157,0.0026171705389478966,0.002617170538937483,0.0026171705389270747,0.0026171705389166707,0.0026171705389062753,0.002617170538895884,0.002617170538885499,0.0026171705388751193,0.002617170538864746,0.0026171705388543793,0.0026171705388440174,0.0026171705388336607,0.00261717053882331,0.002617170538812964,0.0026171705388026247,0.002617170538792291,0.0026171705387819637,0.002617170538771642,0.0026171705387613244,0.0026171705387510145,0.0026171705387407094,0.0026171705387304095,0.002617170538720116,0.002617170538709827,0.0026171705386995444,0.002617170538689267,0.002617170538678996,0.00261717053866873,0.0026171705386584697,0.0026171705386482153,0.0026171705386379652,0.002617170538627722,0.002617170538617483,0.002617170538607252,0.0026171705385970236,0.0026171705385868026,0.0026171705385765877,0.0026171705385663775,0.002617170538556174,0.0026171705385459737,0.0026171705385357796,0.002617170538525592,0.002617170538515409,0.0026171705385052316,0.00261717053849506,0.002617170538484896,0.0026171705384747355,0.0026171705384645796,0.0026171705384544297,0.002617170538444286,0.002617170538434147,0.002617170538424014,0.0026171705384138875,0.002617170538403766,0.002617170538393649,0.0026171705383835372,0.002617170538373431,0.00261717053836333,0.002617170538353235,0.002617170538343145,0.0026171705383330607,0.0026171705383229824,0.00261717053831291,0.0026171705383028427,0.0026171705382927813,0.0026171705382827233,0.002617170538272673,0.0026171705382626257,0.0026171705382525856,0.00261717053824255,0.0026171705382325204,0.0026171705382224963,0.002617170538212475,0.0026171705382024625,0.0026171705381924544,0.0026171705381824507,0.002617170538172452,0.00261717053816246,0.002617170538152474,0.0026171705381424913,0.002617170538132515,0.002617170538122543,0.0026171705381125765,0.0026171705381026157,0.00261717053809266,0.0026171705380827115,0.002617170538072765,0.0026171705380628268,0.002617170538052892,0.0026171705380429637,0.0026171705380330403,0.002617170538023121,0.002617170538013204,0.002617170538003298,0.0026171705379933945,0.0026171705379834983,0.002617170537973605,0.0026171705379637172,0.0026171705379538363,0.0026171705379439596,0.002617170537934089,0.0026171705379242232,0.0026171705379143626,0.002617170537904507,0.0026171705378946553,0.0026171705378848107,0.002617170537874969,0.002617170537865135,0.0026171705378553044,0.002617170537845481,0.0026171705378356617,0.0026171705378258466,0.0026171705378160394,0.002617170537806234,0.002617170537796436,0.002617170537786642,0.002617170537776852,0.0026171705377670694,0.0026171705377572903,0.002617170537747518,0.0026171705377377496,0.002617170537727987,0.00261717053771823,0.0026171705377084765,0.00261717053769873,0.0026171705376889873,0.0026171705376792516,0.002617170537669518,0.0026171705376597915,0.0026171705376500684,0.0026171705376403513,0.002617170537630639,0.0026171705376209324,0.0026171705376112314,0.0026171705376015334,0.002617170537591842,0.0026171705375821553,0.0026171705375724725,0.0026171705375627953,0.0026171705375531247,0.0026171705375434575,0.0026171705375337955,0.0026171705375241387,0.002617170537514487,0.0026171705375048395,0.0026171705374951975,0.002617170537485561,0.0026171705374759295,0.0026171705374663044,0.002617170537456682,0.002617170537447065,0.0026171705374374524,0.0026171705374278464,0.0026171705374182434,0.0026171705374086465,0.0026171705373990556,0.002617170537389468,0.0026171705373798865,0.002617170537370309,0.0026171705373607373,0.0026171705373511708,0.0026171705373416077,0.0026171705373320506,0.002617170537322497,0.00261717053731295,0.0026171705373034073,0.002617170537293869,0.0026171705372843366,0.0026171705372748074,0.0026171705372652855,0.0026171705372557666,0.0026171705372462517,0.0026171705372367428,0.002617170537227241,0.0026171705372177415,0.0026171705372082473,0.0026171705371987584,0.0026171705371892734,0.0026171705371797935,0.0026171705371703193,0.002617170537160849,0.0026171705371513853,0.0026171705371419245,0.0026171705371324685,0.002617170537123019,0.002617170537113572,0.0026171705371041305,0.0026171705370946945,0.002617170537085263,0.0026171705370758368,0.0026171705370664146,0.002617170537056997,0.0026171705370475855,0.002617170537038177,0.0026171705370287754,0.0026171705370193776,0.002617170537009985,0.0026171705370005975,0.0026171705369912126,0.002617170536981833,0.00261717053697246,0.002617170536963091,0.0026171705369537257,0.0026171705369443655,0.0026171705369350106,0.0026171705369256613,0.002617170536916315,0.0026171705369069736,0.002617170536897638,0.002617170536888307,0.0026171705368789808,0.002617170536869658,0.0026171705368603403,0.0026171705368510274,0.002617170536841719,0.0026171705368324156,0.0026171705368231157,0.0026171705368138202,0.002617170536804533,0.0026171705367952483,0.0026171705367859684,0.0026171705367766924,0.0026171705367674224,0.0026171705367581555,0.0026171705367488943,0.002617170536739637,0.0026171705367303844,0.002617170536721138,0.002617170536711895,0.0026171705367026557,0.002617170536693422,0.002617170536684192,0.0026171705366749673,0.002617170536665748,0.002617170536656532,0.0026171705366473215,0.002617170536638116,0.002617170536628914,0.002617170536619716,0.0026171705366105228,0.0026171705366013365,0.002617170536592152,0.002617170536582974,0.0026171705365738004,0.0026171705365646294,0.0026171705365554657,0.0026171705365463033,0.002617170536537147,0.002617170536527996,0.0026171705365188496,0.0026171705365097084,0.00261717053650057,0.002617170536491437,0.002617170536482307,0.0026171705364731817,0.0026171705364640614,0.0026171705364549454,0.0026171705364458346,0.002617170536436728,0.0026171705364276257,0.002617170536418527,0.0026171705364094354,0.0026171705364003484,0.0026171705363912646,0.002617170536382185,0.0026171705363731102,0.002617170536364039,0.0026171705363549737,0.0026171705363459124,0.0026171705363368563,0.0026171705363278027,0.0026171705363187536,0.0026171705363097083,0.002617170536300668,0.0026171705362916333,0.002617170536282604,0.002617170536273578,0.0026171705362645565,0.002617170536255539,0.0026171705362465253,0.0026171705362375173,0.0026171705362285137,0.002617170536219514,0.0026171705362105185,0.0026171705362015266,0.0026171705361925403,0.002617170536183558,0.00261717053617458,0.0026171705361656065,0.0026171705361566367,0.0026171705361476725,0.002617170536138713,0.002617170536129757,0.0026171705361208043,0.0026171705361118587,0.0026171705361029162,0.0026171705360939785,0.0026171705360850442,0.0026171705360761134,0.0026171705360671874,0.0026171705360582653,0.0026171705360493484,0.0026171705360404363,0.002617170536031527,0.0026171705360226232,0.002617170536013723,0.002617170536004827,0.002617170535995936,0.0026171705359870493,0.0026171705359781675,0.0026171705359692887,0.0026171705359604135,0.002617170535951544,0.002617170535942679,0.002617170535933818,0.0026171705359249605,0.0026171705359161086,0.002617170535907259,0.002617170535898416,0.0026171705358895756,0.0026171705358807406,0.00261717053587191,0.002617170535863082,0.00261717053585426,0.0026171705358454416,0.002617170535836628,0.0026171705358278164,0.002617170535819012,0.002617170535810211,0.002617170535801413,0.002617170535792619,0.0026171705357838295,0.002617170535775044,0.002617170535766264,0.002617170535757489,0.0026171705357487156,0.002617170535739948,0.002617170535731184,0.002617170535722424,0.002617170535713669,0.0026171705357049165,0.0026171705356961704,0.002617170535687428,0.0026171705356786874,0.0026171705356699527,0.002617170535661223,0.0026171705356524953,0.002617170535643774,0.0026171705356350557,0.0026171705356263426,0.0026171705356176312,0.002617170535608925,0.002617170535600224,0.002617170535591527,0.0026171705355828344,0.002617170535574145,0.002617170535565459,0.0026171705355567793,0.0026171705355481014,0.002617170535539429,0.0026171705355307593,0.002617170535522096,0.0026171705355134355,0.002617170535504777,0.0026171705354961256,0.002617170535487476,0.0026171705354788325,0.0026171705354701915,0.0026171705354615556,0.002617170535452925,0.0026171705354442977,0.002617170535435673,0.0026171705354270536,0.002617170535418436,0.002617170535409824,0.0026171705354012175,0.002617170535392613,0.002617170535384014,0.00261717053537542,0.0026171705353668284,0.002617170535358242,0.002617170535349657,0.0026171705353410786,0.0026171705353325025,0.002617170535323931,0.0026171705353153643,0.0026171705353068004,0.002617170535298242,0.002617170535289686,0.0026171705352811365,0.002617170535272588,0.0026171705352640456,0.0026171705352555047,0.0026171705352469703,0.002617170535238439,0.0026171705352299114,0.002617170535221388,0.002617170535212869,0.0026171705352043533,0.0026171705351958415,0.0026171705351873344,0.00261717053517883,0.0026171705351703315,0.0026171705351618352,0.0026171705351533433,0.002617170535144857,0.002617170535136373,0.0026171705351278923,0.0026171705351194174,0.0026171705351109454,0.0026171705351024773,0.002617170535094014,0.0026171705350855525,0.0026171705350770975,0.0026171705350686455,0.002617170535060195,0.0026171705350517523,0.002617170535043311,0.002617170535034875,0.002617170535026443,0.002617170535018013,0.0026171705350095877,0.0026171705350011673,0.0026171705349927504,0.0026171705349843383,0.002617170534975928,0.002617170534967521,0.00261717053495912,0.002617170534950723,0.0026171705349423294,0.0026171705349339377,0.0026171705349255525,0.0026171705349171703,0.0026171705349087916,0.002617170534900417,0.002617170534892046,0.0026171705348836784,0.002617170534875316,0.0026171705348669557,0.0026171705348586012,0.0026171705348502486,0.0026171705348419006,0.0026171705348335575,0.002617170534825217,0.00261717053481688,0.0026171705348085475,0.0026171705348002183,0.0026171705347918946,0.002617170534783573,0.002617170534775257,0.002617170534766942,0.0026171705347586317,0.002617170534750326,0.0026171705347420244,0.0026171705347337267,0.0026171705347254317,0.0026171705347171424,0.002617170534708854,0.0026171705347005714,0.0026171705346922907,0.002617170534684016,0.002617170534675743,0.002617170534667476,0.00261717053465921,0.0026171705346509505,0.002617170534642693,0.0026171705346344403,0.002617170534626191,0.0026171705346179444,0.0026171705346097027,0.002617170534601465,0.00261717053459323,0.0026171705345850007,0.002617170534576773,0.0026171705345685494,0.0026171705345603294,0.0026171705345521146,0.002617170534543901,0.0026171705345356933,0.002617170534527489,0.0026171705345192863,0.00261717053451109,0.0026171705345028945,0.0026171705344947057,0.0026171705344865195,0.002617170534478336,0.002617170534470157,0.0026171705344619823,0.002617170534453811,0.002617170534445643,0.00261717053443748,0.002617170534429319,0.002617170534421164,0.0026171705344130098,0.0026171705344048596,0.002617170534396713,0.0026171705343885714,0.002617170534380435,0.002617170534372302,0.00261717053436417,0.002617170534356043,0.0026171705343479164,0.0026171705343397958,0.0026171705343316777,0.0026171705343235635,0.0026171705343154533,0.0026171705343073486,0.0026171705342992475,0.0026171705342911467,0.002617170534283053,0.0026171705342749613,0.002617170534266873,0.002617170534258788,0.002617170534250708,0.0026171705342426313,0.0026171705342345583,0.0026171705342264875,0.002617170534218422,0.0026171705342103594,0.0026171705342023,0.0026171705341942434,0.0026171705341861916,0.0026171705341781434,0.0026171705341700986,0.0026171705341620577,0.0026171705341540195,0.0026171705341459846,0.002617170534137955,0.002617170534129927,0.002617170534121905,0.0026171705341138845,0.002617170534105868,0.002617170534097856,0.002617170534089846,0.0026171705340818406,0.0026171705340738392,0.002617170534065841,0.002617170534057845,0.002617170534049854,0.0026171705340418657,0.002617170534033883,0.0026171705340259015,0.0026171705340179226,0.00261717053400995,0.00261717053400198,0.0026171705339940125,0.0026171705339860475,0.0026171705339780894,0.0026171705339701327,0.00261717053396218,0.0026171705339542296,0.002617170533946285,0.0026171705339383417,0.0026171705339304028,0.0026171705339224677,0.0026171705339145357,0.002617170533906606,0.002617170533898682,0.002617170533890761,0.002617170533882843,0.002617170533874928,0.002617170533867017,0.002617170533859109,0.0026171705338512057,0.0026171705338433053,0.0026171705338354076,0.002617170533827513,0.0026171705338196233,0.0026171705338117355,0.002617170533803852,0.0026171705337959717,0.0026171705337880947,0.002617170533780221,0.0026171705337723504,0.002617170533764485,0.0026171705337566216,0.002617170533748763,0.0026171705337409068,0.002617170533733055,0.0026171705337252054,0.0026171705337173588,0.0026171705337095165,0.002617170533701677,0.0026171705336938424,0.002617170533686009,0.002617170533678181,0.0026171705336703564,0.002617170533662533,0.0026171705336547153,0.0026171705336469004,0.002617170533639087,0.0026171705336312787,0.0026171705336234747,0.002617170533615673,0.0026171705336078765,0.00261717053360008,0.0026171705335922887,0.002617170533584501,0.0026171705335767174,0.002617170533568935,0.002617170533561156,0.0026171705335533814,0.002617170533545609,0.00261717053353784,0.002617170533530075,0.002617170533522315,0.002617170533514555,0.0026171705335068015,0.0026171705334990503,0.0026171705334913017,0.0026171705334835575,0.0026171705334758167,0.00261717053346808,0.0026171705334603434,0.0026171705334526126,0.0026171705334448836,0.002617170533437158,0.0026171705334294367,0.002617170533421719,0.0026171705334140038,0.002617170533406291,0.0026171705333985842,0.0026171705333908777,0.0026171705333831764,0.002617170533375477,0.0026171705333677816,0.00261717053336009,0.002617170533352401,0.002617170533344716,0.002617170533337034,0.0026171705333293566,0.0026171705333216826,0.002617170533314008,0.0026171705333063408,0.0026171705332986763,0.0026171705332910145,0.002617170533283355,0.002617170533275698,0.002617170533268046,0.0026171705332603923,0.002617170533252748,0.002617170533245105,0.002617170533237466,0.00261717053322983,0.0026171705332221963,0.002617170533214567,0.002617170533206939,0.002617170533199318,0.0026171705331916964,0.00261717053318408,0.0026171705331764663,0.002617170533168856,0.002617170533161249,0.0026171705331536465,0.0026171705331460467,0.0026171705331384486,0.002617170533130855,0.0026171705331232632,0.0026171705331156756,0.0026171705331080914,0.0026171705331005093,0.002617170533092931,0.002617170533085355,0.002617170533077783,0.002617170533070214,0.002617170533062649,0.0026171705330550877,0.002617170533047528,0.002617170533039973,0.0026171705330324192,0.00261717053302487,0.002617170533017325,0.0026171705330097807,0.0026171705330022407,0.0026171705329947046,0.00261717053298717,0.0026171705329796394,0.002617170532972112,0.0026171705329645872,0.0026171705329570655,0.002617170532949547,0.002617170532942032,0.0026171705329345206,0.0026171705329270122,0.0026171705329195052,0.002617170532912004,0.002617170532904506,0.002617170532897009,0.002617170532889515,0.002617170532882027,0.002617170532874539,0.002617170532867055,0.0026171705328595753,0.0026171705328520978,0.0026171705328446246,0.002617170532837155,0.002617170532829687,0.002617170532822221,0.0026171705328147605,0.0026171705328073003,0.002617170532799845,0.0026171705327923925,0.0026171705327849427,0.0026171705327774964,0.0026171705327700527,0.0026171705327626134,0.002617170532755177,0.0026171705327477424,0.0026171705327403118,0.0026171705327328837,0.0026171705327254586,0.0026171705327180366,0.0026171705327106185,0.0026171705327032026,0.0026171705326957905,0.0026171705326883806,0.00261717053268098,0.002617170532673574,0.0026171705326661736,0.0026171705326587776,0.0026171705326513838,0.0026171705326439934,0.002617170532636604,0.0026171705326292196,0.002617170532621837,0.002617170532614458,0.0026171705326070824,0.0026171705325997107,0.0026171705325923403,0.0026171705325849746,0.0026171705325776116,0.0026171705325702503,0.0026171705325628934,0.0026171705325555377,0.002617170532548187,0.002617170532540837,0.002617170532533493,0.0026171705325261497,0.002617170532518811,0.0026171705325114753,0.002617170532504142,0.002617170532496811,0.002617170532489482,0.0026171705324821585,0.002617170532474838,0.0026171705324675183,0.002617170532460203,0.00261717053245289,0.0026171705324455814,0.002617170532438275,0.0026171705324309715,0.0026171705324236705,0.002617170532416373,0.0026171705324090793,0.002617170532401787,0.0026171705323944985,0.0026171705323872123,0.002617170532379931,0.002617170532372651,0.0026171705323653734,0.0026171705323581006,0.0026171705323508295,0.0026171705323435623,0.002617170532336296,0.002617170532329033,0.0026171705323217755,0.00261717053231452,0.002617170532307266,0.0026171705323000164,0.002617170532292769,0.0026171705322855254,0.0026171705322782838,0.002617170532271045,0.002617170532263809,0.002617170532256577,0.002617170532249347,0.00261717053224212,0.002617170532234898,0.002617170532227676,0.002617170532220458,0.002617170532213242,0.0026171705322060312,0.002617170532198821,0.002617170532191614,0.0026171705321844114,0.0026171705321772114,0.0026171705321700123,0.002617170532162817,0.002617170532155627,0.0026171705321484376,0.0026171705321412515,0.0026171705321340693,0.002617170532126889,0.002617170532119713,0.0026171705321125383,0.0026171705321053665,0.0026171705320981987,0.0026171705320910325,0.0026171705320838694,0.0026171705320767098,0.002617170532069553,0.0026171705320623987,0.002617170532055247,0.002617170532048099,0.0026171705320409545,0.0026171705320338122,0.0026171705320266712,0.002617170532019535,0.0026171705320124,0.0026171705320052695,0.0026171705319981407,0.0026171705319910157,0.0026171705319838934,0.0026171705319767737,0.002617170531969656,0.0026171705319625407,0.00261717053195543,0.002617170531948323,0.002617170531941216,0.0026171705319341138,0.0026171705319270122,0.002617170531919917,0.002617170531912823,0.002617170531905733,0.002617170531898643,0.002617170531891557,0.0026171705318844742,0.0026171705318773957,0.0026171705318703176,0.002617170531863242,0.0026171705318561713,0.002617170531849102,0.002617170531842035,0.002617170531834971,0.0026171705318279105,0.0026171705318208524,0.0026171705318137977,0.002617170531806745,0.002617170531799696,0.0026171705317926492,0.002617170531785606,0.002617170531778564,0.002617170531771526,0.002617170531764491,0.002617170531757458,0.0026171705317504282,0.0026171705317434013,0.002617170531736378,0.002617170531729356,0.0026171705317223374,0.0026171705317153218,0.0026171705317083087,0.0026171705317012983,0.00261717053169429,0.0026171705316872856,0.0026171705316802843,0.002617170531673285,0.002617170531666288,0.002617170531659295,0.0026171705316523027,0.002617170531645314,0.00261717053163833,0.0026171705316313455,0.002617170531624367,0.0026171705316173884,0.002617170531610415,0.0026171705316034425,0.002617170531596473,0.002617170531589507,0.002617170531582544,0.0026171705315755824,0.0026171705315686236,0.0026171705315616678,0.0026171705315547163,0.0026171705315477666,0.002617170531540819,0.002617170531533874,0.0026171705315269317,0.0026171705315199928,0.002617170531513057,0.002617170531506123,0.0026171705314991926,0.002617170531492264,0.002617170531485339,0.0026171705314784154,0.0026171705314714947,0.002617170531464577,0.002617170531457663,0.00261717053145075,0.002617170531443841,0.0026171705314369338,0.0026171705314300305,0.0026171705314231276,0.0026171705314162286,0.002617170531409333,0.0026171705314024397,0.0026171705313955494,0.0026171705313886603,0.0026171705313817765,0.0026171705313748927,0.002617170531368012,0.0026171705313611316,0.0026171705313542564,0.0026171705313473835,0.0026171705313405126,0.0026171705313336444,0.0026171705313267797,0.002617170531319919,0.00261717053131306,0.0026171705313062055,0.0026171705312993533,0.0026171705312925016,0.002617170531285654,0.0026171705312788085,0.0026171705312719664,0.0026171705312651268,0.0026171705312582876,0.0026171705312514537,0.002617170531244622,0.0026171705312377914,0.0026171705312309657,0.0026171705312241413,0.0026171705312173195,0.0026171705312105003,0.0026171705312036833,0.00261717053119687,0.0026171705311900583,0.0026171705311832504,0.002617170531176445,0.0026171705311696407,0.0026171705311628397,0.0026171705311560426,0.002617170531149247,0.0026171705311424545,0.002617170531135663,0.002617170531128876,0.002617170531122091,0.002617170531115309,0.002617170531108528,0.0026171705311017505,0.002617170531094976,0.0026171705310882036,0.0026171705310814356,0.0026171705310746684,0.0026171705310679035,0.0026171705310611432,0.0026171705310543835,0.002617170531047626,0.0026171705310408726,0.00261717053103412,0.0026171705310273716,0.002617170531020625,0.0026171705310138816,0.0026171705310071413,0.002617170531000404,0.002617170530993667,0.0026171705309869326,0.0026171705309802023,0.002617170530973474,0.0026171705309667496,0.002617170530960025,0.002617170530953306,0.002617170530946589,0.002617170530939873,0.0026171705309331605,0.0026171705309264493,0.0026171705309197425,0.0026171705309130356,0.0026171705309063317,0.0026171705308996327,0.002617170530892935,0.0026171705308862393,0.0026171705308795476,0.002617170530872859,0.0026171705308661707,0.002617170530859485,0.0026171705308528034,0.002617170530846123,0.0026171705308394456,0.0026171705308327704,0.002617170530826098,0.002617170530819428,0.0026171705308127608,0.002617170530806096,0.002617170530799433,0.0026171705307927737,0.0026171705307861167,0.002617170530779461,0.00261717053077281,0.0026171705307661596,0.002617170530759512,0.0026171705307528686,0.002617170530746226,0.0026171705307395862,0.002617170530732949,0.0026171705307263143,0.0026171705307196816,0.0026171705307130528,0.0026171705307064265,0.002617170530699801,0.002617170530693179,0.0026171705306865588,0.002617170530679943,0.002617170530673327,0.0026171705306667153,0.002617170530660105,0.002617170530653499,0.0026171705306468943,0.002617170530640291,0.0026171705306336913,0.0026171705306270937,0.002617170530620499,0.0026171705306139072,0.002617170530607317,0.0026171705306007303,0.0026171705305941444,0.002617170530587561,0.002617170530580982,0.0026171705305744024,0.002617170530567828,0.0026171705305612545,0.0026171705305546846,0.002617170530548116,0.00261717053054155,0.0026171705305349873,0.0026171705305284253,0.002617170530521868,0.002617170530515312,0.00261717053050876,0.002617170530502209,0.0026171705304956602,0.0026171705304891134,0.0026171705304825687,0.002617170530476029,0.002617170530469489,0.002617170530462953,0.00261717053045642,0.002617170530449888,0.002617170530443359,0.002617170530436833,0.0026171705304303084,0.0026171705304237868,0.0026171705304172677,0.0026171705304107516,0.002617170530404237,0.002617170530397725,0.0026171705303912147,0.0026171705303847073,0.0026171705303782043,0.002617170530371702,0.0026171705303652012,0.002617170530358705,0.00261717053035221,0.0026171705303457164,0.002617170530339228,0.0026171705303327385,0.0026171705303262537,0.00261717053031977,0.00261717053031329,0.002617170530306811,0.0026171705303003356,0.002617170530293863,0.0026171705302873906,0.0026171705302809223,0.0026171705302744557,0.0026171705302679917,0.002617170530261531,0.0026171705302550714,0.0026171705302486135,0.002617170530242159,0.0026171705302357067,0.0026171705302292575,0.00261717053022281,0.0026171705302163646,0.0026171705302099222,0.0026171705302034808,0.0026171705301970436,0.002617170530190609,0.0026171705301841755,0.0026171705301777435,0.0026171705301713142,0.0026171705301648875,0.002617170530158464,0.002617170530152042,0.0026171705301456247,0.002617170530139207,0.002617170530132792,0.0026171705301263806,0.0026171705301199708,0.0026171705301135627,0.002617170530107157,0.002617170530100755,0.0026171705300943545,0.002617170530087957,0.00261717053008156,0.0026171705300751667,0.002617170530068776,0.002617170530062387,0.0026171705300560015,0.0026171705300496177,0.0026171705300432452,0.0026171705300368675,0.0026171705300304894,0.0026171705300241156,0.002617170530017744,0.002617170530011373,0.0026171705300050046,0.00261717052999864,0.002617170529992277,0.0026171705299859174,0.002617170529979559,0.002617170529973203,0.002617170529966848,0.0026171705299604968,0.002617170529954146,0.002617170529947799,0.0026171705299414534,0.0026171705299351112,0.002617170529928771,0.0026171705299224317,0.002617170529916097,0.0026171705299097626,0.0026171705299034313,0.002617170529897104,0.002617170529890777,0.0026171705298844517,0.002617170529878129,0.0026171705298718077,0.002617170529865491,0.002617170529859175,0.002617170529852863,0.0026171705298465527,0.0026171705298402436,0.002617170529833938,0.0026171705298276334,0.002617170529821332,0.0026171705298150333,0.002617170529808736,0.0026171705298024413,0.0026171705297961473,0.002617170529789856,0.002617170529783567,0.0026171705297772805,0.0026171705297709977,0.002617170529764717,0.00261717052975844,0.002617170529752162,0.0026171705297458885,0.002617170529739614,0.0026171705297333443,0.0026171705297270763,0.0026171705297208096,0.002617170529714547,0.0026171705297082853,0.002617170529702028,0.002617170529695772,0.0026171705296895173,0.0026171705296832637,0.0026171705296770143,0.0026171705296707667,0.0026171705296645226,0.002617170529658278,0.0026171705296520373,0.0026171705296457984,0.0026171705296395625,0.0026171705296333283,0.002617170529627096,0.002617170529620866,0.002617170529614639,0.002617170529608414,0.002617170529602192,0.00261717052959597,0.002617170529589752,0.0026171705295835353,0.00261717052957732,0.0026171705295711094,0.0026171705295649,0.0026171705295586936,0.002617170529552488,0.002617170529546284,0.0026171705295400835,0.002617170529533884,0.002617170529527687,0.002617170529521493,0.002617170529515302,0.0026171705295091113,0.002617170529502923,0.002617170529496739,0.0026171705294905545,0.0026171705294843724,0.002617170529478193,0.002617170529472017,0.0026171705294658425,0.00261717052945967,0.002617170529453499,0.0026171705294473304,0.002617170529441164,0.002617170529435001,0.0026171705294288404,0.00261717052942268,0.0026171705294165235,0.0026171705294103682,0.0026171705294042147,0.002617170529398064,0.0026171705293919155,0.00261717052938577,0.002617170529379625,0.0026171705293734824,0.0026171705293673428,0.002617170529361205,0.002617170529355069,0.002617170529348936,0.0026171705293428047,0.002617170529336676,0.002617170529330548,0.0026171705293244235,0.002617170529318301,0.0026171705293121794,0.002617170529306061,0.002617170529299945,0.002617170529293831,0.0026171705292877185,0.002617170529281608,0.0026171705292755004,0.002617170529269395,0.0026171705292632927,0.002617170529257191,0.002617170529251092,0.0026171705292449936,0.0026171705292388995,0.0026171705292328063,0.002617170529226716,0.0026171705292206263,0.0026171705292145414,0.0026171705292084555,0.002617170529202374,0.0026171705291962916,0.002617170529190214,0.0026171705291841373,0.0026171705291780645,0.0026171705291719934,0.0026171705291659236,0.0026171705291598555,0.0026171705291537905,0.002617170529147727,0.002617170529141668,0.002617170529135609,0.0026171705291295516,0.0026171705291234957,0.002617170529117444,0.0026171705291113934,0.0026171705291053436,0.002617170529099299,0.002617170529093254,0.002617170529087213,0.0026171705290811732,0.0026171705290751355,0.0026171705290691,0.0026171705290630653,0.0026171705290570354,0.002617170529051006,0.002617170529044978,0.002617170529038952,0.0026171705290329275,0.002617170529026907,0.002617170529020889,0.0026171705290148712,0.002617170529008857,0.0026171705290028435,0.0026171705289968323,0.0026171705289908236,0.0026171705289848184,0.002617170528978812,0.002617170528972809,0.0026171705289668094,0.0026171705289608125,0.002617170528954814,0.002617170528948819,0.0026171705289428264,0.0026171705289368364,0.002617170528930849,0.0026171705289248634,0.002617170528918878,0.0026171705289128972,0.0026171705289069177,0.0026171705289009402,0.0026171705288949637,0.0026171705288889897,0.0026171705288830192,0.002617170528877049,0.0026171705288710804,0.0026171705288651165,0.002617170528859152,0.0026171705288531915,0.0026171705288472315,0.0026171705288412736,0.002617170528835319,0.002617170528829365,0.0026171705288234154,0.002617170528817465,0.002617170528811518,0.002617170528805574,0.00261717052879963,0.0026171705287936884,0.002617170528787751,0.0026171705287818146,0.002617170528775879,0.0026171705287699474,0.0026171705287640155,0.002617170528758088,0.00261717052875216,0.0026171705287462354,0.0026171705287403113,0.0026171705287343916,0.002617170528728473,0.0026171705287225564,0.0026171705287166415,0.002617170528710729,0.0026171705287048198,0.00261717052869891,0.002617170528693003,0.002617170528687099,0.0026171705286811963,0.0026171705286752956,0.0026171705286693976,0.0026171705286635013,0.0026171705286576067,0.0026171705286517134,0.0026171705286458236,0.0026171705286399346,0.002617170528634049,0.002617170528628163,0.00261717052862228,0.0026171705286164005,0.0026171705286105206,0.0026171705286046434,0.00261717052859877,0.0026171705285928963,0.0026171705285870255,0.002617170528581157,0.002617170528575292,0.0026171705285694263,0.0026171705285635625,0.0026171705285577013,0.0026171705285518423,0.0026171705285459846,0.002617170528540129,0.0026171705285342765,0.0026171705285284257,0.0026171705285225784,0.0026171705285167306,0.002617170528510886,0.0026171705285050416,0.0026171705284992026,0.002617170528493363,0.002617170528487526,0.00261717052848169,0.002617170528475858,0.0026171705284700267,0.002617170528464198,0.0026171705284583698,0.002617170528452545,0.0026171705284467215,0.0026171705284409007,0.0026171705284350815,0.0026171705284292633,0.0026171705284234476,0.0026171705284176346,0.002617170528411823,0.002617170528406014,0.002617170528400206,0.002617170528394401,0.002617170528388596,0.0026171705283827944,0.0026171705283769956,0.0026171705283711977,0.0026171705283654016,0.0026171705283596085,0.0026171705283538154,0.002617170528348025,0.0026171705283422365,0.0026171705283364504,0.0026171705283306664,0.0026171705283248845,0.0026171705283191036,0.0026171705283133256,0.002617170528307549,0.002617170528301774,0.002617170528296002,0.00261717052829023,0.00261717052828446,0.002617170528278694,0.0026171705282729274,0.0026171705282671646,0.0026171705282614036,0.0026171705282556443,0.0026171705282498872,0.002617170528244132,0.0026171705282383773,0.002617170528232625,0.0026171705282268757,0.002617170528221128,0.0026171705282153823,0.0026171705282096377,0.002617170528203895,0.0026171705281981547,0.002617170528192416,0.00261717052818668,0.0026171705281809463,0.002617170528175213,0.0026171705281694824,0.002617170528163754,0.0026171705281580263,0.0026171705281523025,0.002617170528146577,0.002617170528140857,0.002617170528135136,0.0026171705281294176,0.002617170528123703,0.0026171705281179875,0.002617170528112277,0.002617170528106567,0.0026171705281008593,0.002617170528095152,0.0026171705280894483,0.0026171705280837454,0.0026171705280780447,0.0026171705280723452,0.00261717052806665,0.002617170528060954,0.00261717052805526,0.00261717052804957,0.00261717052804388,0.002617170528038193,0.002617170528032508,0.0026171705280268243,0.002617170528021142,0.002617170528015462,0.002617170528009782,0.0026171705280041073,0.002617170527998432,0.0026171705279927583,0.002617170527987089,0.0026171705279814197,0.0026171705279757537,0.0026171705279700876,0.0026171705279644255,0.0026171705279587633,0.002617170527953104,0.002617170527947445,0.002617170527941791,0.0026171705279361365,0.002617170527930485,0.002617170527924835,0.002617170527919185,0.002617170527913539,0.002617170527907894,0.00261717052790225,0.0026171705278966095,0.0026171705278909708,0.002617170527885333,0.0026171705278796977,0.002617170527874064,0.0026171705278684315,0.0026171705278628023,0.002617170527857173,0.0026171705278515483,0.002617170527845924,0.0026171705278403,0.00261717052783468,0.00261717052782906,0.0026171705278234428,0.0026171705278178275,0.0026171705278122143,0.002617170527806602,0.0026171705278009937,0.0026171705277953866,0.0026171705277897796,0.002617170527784175,0.0026171705277785724,0.0026171705277729727,0.002617170527767373,0.0026171705277617764,0.0026171705277561806,0.0026171705277505887,0.002617170527744997,0.0026171705277394054,0.002617170527733817,0.0026171705277282303,0.0026171705277226467,0.002617170527717064,0.002617170527711483,0.002617170527705904,0.002617170527700327,0.00261717052769475,0.002617170527689176,0.0026171705276836054,0.0026171705276780335,0.002617170527672464,0.0026171705276668983,0.002617170527661334,0.0026171705276557718,0.00261717052765021,0.0026171705276446505,0.0026171705276390937,0.0026171705276335382,0.0026171705276279832,0.002617170527622432,0.0026171705276168836,0.0026171705276113342,0.0026171705276057874,0.002617170527600243,0.0026171705275947004,0.0026171705275891567,0.0026171705275836194,0.002617170527578082,0.002617170527572545,0.002617170527567012,0.0026171705275614796,0.0026171705275559475,0.0026171705275504194,0.002617170527544892,0.0026171705275393675,0.0026171705275338433,0.0026171705275283225,0.0026171705275228017,0.0026171705275172845,0.0026171705275117676,0.002617170527506253,0.00261717052750074,0.0026171705274952283,0.0026171705274897197,0.0026171705274842102,0.0026171705274787055,0.0026171705274732004,0.002617170527467698,0.002617170527462199,0.0026171705274566997,0.0026171705274512036,0.0026171705274457093,0.002617170527440216,0.002617170527434724,0.002617170527429234,0.0026171705274237464,0.002617170527418258,0.0026171705274127734,0.002617170527407292,0.00261717052740181,0.00261717052739633,0.002617170527390853,0.0026171705273853774,0.0026171705273799035,0.0026171705273744317,0.00261717052736896,0.0026171705273634917,0.002617170527358024,0.0026171705273525577,0.0026171705273470946,0.0026171705273416333,0.002617170527336172,0.0026171705273307145,0.002617170527325257,0.002617170527319802,0.0026171705273143487,0.0026171705273088956,0.0026171705273034464,0.0026171705272979985,0.0026171705272925506,0.0026171705272871066,0.002617170527281663,0.0026171705272762203,0.0026171705272707815,0.0026171705272653436,0.002617170527259907,0.0026171705272544725,0.002617170527249041,0.0026171705272436093,0.0026171705272381796,0.0026171705272327534,0.002617170527227327,0.0026171705272219044,0.002617170527216481,0.002617170527211062,0.002617170527205642,0.0026171705272002247,0.002617170527194809,0.0026171705271893953,0.0026171705271839842,0.0026171705271785745,0.0026171705271731648,0.0026171705271677576,0.0026171705271623522,0.002617170527156948,0.0026171705271515475,0.002617170527146147,0.002617170527140748,0.00261717052713535,0.002617170527129956,0.0026171705271245643,0.002617170527119172,0.0026171705271137817,0.002617170527108394,0.002617170527103007,0.0026171705270976206,0.0026171705270922377,0.002617170527086856,0.0026171705270814755,0.0026171705270760983,0.002617170527070721,0.0026171705270653474,0.0026171705270599736,0.002617170527054601,0.00261717052704923,0.0026171705270438632,0.002617170527038496,0.0026171705270331322,0.0026171705270277698,0.002617170527022408,0.0026171705270170488,0.00261717052701169,0.002617170527006333,0.0026171705270009783,0.0026171705269956254,0.0026171705269902737,0.002617170526984924,0.002617170526979576,0.0026171705269742297,0.002617170526968884,0.002617170526963542,0.002617170526958201,0.002617170526952862,0.0026171705269475228,0.002617170526942187,0.002617170526936854,0.002617170526931519,0.0026171705269261887,0.0026171705269208583,0.0026171705269155306,0.0026171705269102045,0.0026171705269048802,0.0026171705268995564,0.0026171705268942364,0.0026171705268889156,0.0026171705268835986,0.0026171705268782817,0.002617170526872967,0.0026171705268676544,0.002617170526862342,0.0026171705268570314,0.0026171705268517222,0.002617170526846416,0.0026171705268411114,0.0026171705268358074,0.002617170526830506,0.0026171705268252065,0.002617170526819908,0.0026171705268146113,0.0026171705268093147,0.002617170526804023,0.002617170526798731,0.002617170526793441,0.002617170526788152,0.0026171705267828654,0.0026171705267775793,0.0026171705267722966,0.002617170526767015,0.0026171705267617335,0.002617170526756455,0.002617170526751178,0.002617170526745902,0.0026171705267406275,0.002617170526735355,0.002617170526730085,0.0026171705267248164,0.002617170526719549,0.002617170526714284,0.0026171705267090187,0.0026171705267037573,0.002617170526698496,0.0026171705266932357,0.0026171705266879786,0.0026171705266827224,0.0026171705266774675,0.0026171705266722156,0.0026171705266669646,0.002617170526661715,0.0026171705266564674,0.0026171705266512194,0.002617170526645975,0.002617170526640732,0.00261717052663549,0.002617170526630253,0.002617170526625014,0.002617170526619777,0.0026171705266145413,0.002617170526609308,0.002617170526604077,0.0026171705265988464,0.0026171705265936175,0.0026171705265883908,0.0026171705265831636,0.002617170526577941,0.002617170526572713,0.0026171705265674887,0.002617170526562273,0.0026171705265570547,0.002617170526551838,0.0026171705265466247,0.002617170526541411,0.0026171705265361994,0.00261717052653099,0.0026171705265257824,0.002617170526520576,0.0026171705265153698,0.0026171705265101678,0.002617170526504967,0.0026171705264997664,0.0026171705264945665,0.0026171705264893706,0.002617170526484174,0.002617170526478981,0.0026171705264737884,0.002617170526468597,0.002617170526463409,0.0026171705264582223,0.002617170526453039,0.0026171705264478535,0.00261717052644267,0.0026171705264374893,0.0026171705264323086,0.0026171705264271296,0.002617170526421953,0.0026171705264167785,0.0026171705264116073,0.0026171705264064348,0.002617170526401263,0.0026171705263960967,0.0026171705263909276,0.0026171705263857642,0.0026171705263805982,0.0026171705263754366,0.0026171705263702753,0.002617170526365117,0.00261717052635996,0.002617170526354802,0.0026171705263496464,0.002617170526344495,0.0026171705263393435,0.002617170526334194,0.0026171705263290453,0.0026171705263238984,0.0026171705263187527,0.002617170526313608,0.0026171705263084654,0.002617170526303325,0.002617170526298186,0.002617170526293048,0.002617170526287913,0.002617170526282778,0.0026171705262776454,0.002617170526272514,0.0026171705262673845,0.0026171705262622554,0.0026171705262571293,0.002617170526252005,0.0026171705262468805,0.0026171705262417583,0.0026171705262366366,0.002617170526231516,0.002617170526226399,0.002617170526221283,0.0026171705262161694,0.002617170526211057,0.0026171705262059454,0.0026171705262008336,0.0026171705261957257,0.002617170526190618,0.0026171705261855112,0.0026171705261804085,0.0026171705261753076,0.0026171705261702058,0.0026171705261651065,0.002617170526160008,0.002617170526154913,0.0026171705261498184,0.0026171705261447257,0.0026171705261396343,0.0026171705261345446,0.002617170526129456,0.0026171705261243687,0.0026171705261192834,0.002617170526114199,0.002617170526109117,0.0026171705261040347,0.002617170526098955,0.002617170526093878,0.0026171705260888004,0.0026171705260837255,0.0026171705260786527,0.0026171705260735812,0.0026171705260685106,0.0026171705260634413,0.0026171705260583733,0.0026171705260533066,0.002617170526048242,0.0026171705260431793,0.00261717052603812,0.0026171705260330563,0.0026171705260279966,0.0026171705260229386,0.0026171705260178836,0.002617170526012829,0.0026171705260077775,0.0026171705260027273,0.0026171705259976784,0.0026171705259926347,0.0026171705259875884,0.0026171705259825447,0.0026171705259775014,0.0026171705259724625,0.0026171705259674253,0.0026171705259623863,0.002617170525957349,0.0026171705259523128,0.0026171705259472786,0.002617170525942246,0.002617170525937215,0.002617170525932186,0.0026171705259271597,0.002617170525922133,0.002617170525917108,0.0026171705259120832,0.0026171705259070603,0.0026171705259020405,0.0026171705258970198,0.002617170525892003,0.0026171705258869857,0.0026171705258819715,0.0026171705258769564,0.0026171705258719456,0.0026171705258669353,0.002617170525861921,0.002617170525856913,0.002617170525851907,0.0026171705258469036,0.0026171705258418994,0.0026171705258368995,0.0026171705258319,0.002617170525826901,0.002617170525821904,0.002617170525816909,0.0026171705258119142,0.0026171705258069213,0.0026171705258019305,0.0026171705257969405,0.0026171705257919523,0.002617170525786964,0.0026171705257819794,0.0026171705257769956,0.0026171705257720134,0.002617170525767031,0.0026171705257620518,0.0026171705257570714,0.0026171705257520958,0.0026171705257471175,0.002617170525742145,0.002617170525737173,0.0026171705257322015,0.0026171705257272315,0.0026171705257222624,0.002617170525717295,0.0026171705257123316,0.002617170525707367,0.002617170525702404,0.0026171705256974437,0.0026171705256924837,0.002617170525687525,0.00261717052568257,0.002617170525677619,0.002617170525672665,0.0026171705256677136,0.0026171705256627614,0.0026171705256578122,0.002617170525652865,0.002617170525647917,0.0026171705256429726,0.0026171705256380295,0.0026171705256330907,0.0026171705256281515,0.002617170525623212,0.0026171705256182727,0.0026171705256133374,0.002617170525608402,0.002617170525603468,0.002617170525598535,0.0026171705255936054,0.0026171705255886722,0.0026171705255837435,0.0026171705255788164,0.002617170525573892,0.0026171705255689684,0.002617170525564045,0.0026171705255591256,0.002617170525554206,0.002617170525549289,0.0026171705255443717,0.002617170525539457,0.0026171705255345424,0.0026171705255296288,0.00261717052552472,0.0026171705255198102,0.0026171705255149014,0.002617170525509997,0.002617170525505091,0.002617170525500188,0.0026171705254952864,0.0026171705254903854,0.0026171705254854865,0.0026171705254805894,0.002617170525475692,0.0026171705254707947,0.002617170525465902,0.0026171705254610118,0.0026171705254561207,0.0026171705254512327,0.002617170525446347,0.0026171705254414593,0.0026171705254365747,0.0026171705254316915,0.0026171705254268087,0.002617170525421927,0.0026171705254170487,0.002617170525412171,0.0026171705254072913,0.0026171705254024167,0.002617170525397545,0.002617170525392672,0.002617170525387801,0.002617170525382929,0.002617170525378062,0.0026171705253731953,0.00261717052536833,0.002617170525363466,0.002617170525358604,0.0026171705253537447,0.002617170525348887,0.002617170525344029,0.002617170525339171,0.0026171705253343154,0.0026171705253294607,0.002617170525324608,0.0026171705253197563,0.002617170525314907,0.00261717052531005,0.002617170525305202,0.002617170525300357,0.0026171705252955118,0.0026171705252906663,0.0026171705252858238,0.002617170525280982,0.002617170525276144,0.002617170525271305,0.00261717052526647,0.0026171705252616352,0.0026171705252568014,0.0026171705252519693,0.0026171705252471377,0.002617170525242308,0.00261717052523748,0.002617170525232654,0.002617170525227828,0.002617170525223005,0.002617170525218183,0.0026171705252133626,0.002617170525208542,0.002617170525203723,0.0026171705251989055,0.0026171705251940907,0.002617170525189276,0.002617170525184464,0.0026171705251796535,0.002617170525174842,0.0026171705251700345,0.002617170525165226,0.0026171705251604185,0.002617170525155615,0.002617170525150811,0.0026171705251460094,0.0026171705251412086,0.0026171705251364086,0.002617170525131611,0.0026171705251268143,0.002617170525122018,0.0026171705251172243,0.002617170525112433,0.002617170525107641,0.0026171705251028512,0.0026171705250980634,0.002617170525093278,0.0026171705250884916,0.0026171705250837072,0.0026171705250789246,0.002617170525074142,0.0026171705250693615,0.002617170525064582,0.002617170525059804,0.002617170525055028,0.0026171705250502527,0.002617170525045479,0.0026171705250407074,0.0026171705250359373,0.002617170525031168,0.002617170525026399,0.002617170525021632,0.002617170525016866,0.0026171705250121035,0.002617170525007341,0.0026171705250025807,0.0026171705249978193,0.0026171705249930614,0.002617170524988303,0.0026171705249835478,0.002617170524978792,0.002617170524974038,0.002617170524969287,0.0026171705249645365,0.0026171705249597864,0.002617170524955039,0.0026171705249502923,0.002617170524945546,0.0026171705249408025,0.0026171705249360615,0.0026171705249313196,0.002617170524926578,0.002617170524921841,0.0026171705249171035,0.0026171705249123643,0.00261717052490763,0.0026171705249028974,0.0026171705248981647,0.002617170524893435,0.0026171705248887065,0.002617170524883975,0.0026171705248792467,0.0026171705248745213,0.0026171705248697963,0.0026171705248650727,0.0026171705248603516,0.0026171705248556327,0.002617170524850915,0.002617170524846197,0.002617170524841481,0.0026171705248367668,0.002617170524832052,0.0026171705248273385,0.0026171705248226296,0.002617170524817915,0.0026171705248132088,0.0026171705248085003,0.0026171705248037944,0.0026171705247990894,0.002617170524794387,0.002617170524789685,0.0026171705247849827,0.002617170524780283,0.002617170524775586,0.0026171705247708906,0.002617170524766194,0.0026171705247615006,0.0026171705247568064,0.0026171705247521157,0.002617170524747427,0.002617170524742737,0.00261717052473805,0.002617170524733364,0.002617170524728679,0.0026171705247239967,0.002617170524719313,0.0026171705247146327,0.002617170524709952,0.002617170524705272,0.002617170524700596,0.0026171705246959185,0.002617170524691244,0.0026171705246865696,0.0026171705246818984,0.002617170524677228,0.0026171705246725587,0.0026171705246678906,0.002617170524663224,0.0026171705246585595,0.002617170524653895,0.0026171705246492314,0.0026171705246445702,0.002617170524639909,0.002617170524635251,0.0026171705246305923,0.002617170524625936,0.0026171705246212785,0.0026171705246166256,0.0026171705246119743,0.0026171705246073244,0.0026171705246026728,0.0026171705245980254,0.0026171705245933777,0.002617170524588731,0.002617170524584086,0.0026171705245794435,0.002617170524574801,0.0026171705245701593,0.002617170524565522,0.0026171705245608846,0.002617170524556247,0.002617170524551612,0.0026171705245469764,0.0026171705245423465,0.0026171705245377165,0.002617170524533086,0.002617170524528457,0.0026171705245238287,0.0026171705245192005,0.0026171705245145753,0.002617170524509951,0.0026171705245053275,0.0026171705245007066,0.002617170524496085,0.0026171705244914666,0.0026171705244868474,0.0026171705244822326,0.0026171705244776165,0.0026171705244729996,0.002617170524468384,0.0026171705244637735,0.0026171705244591626,0.002617170524454554,0.0026171705244499455,0.0026171705244453372,0.0026171705244407333,0.00261717052443613,0.002617170524431527,0.0026171705244269245,0.0026171705244223235,0.0026171705244177252,0.0026171705244131265,0.0026171705244085307,0.0026171705244039346,0.00261717052439934,0.002617170524394747,0.0026171705243901557,0.0026171705243855647,0.0026171705243809786,0.0026171705243763902,0.0026171705243718036,0.002617170524367219,0.002617170524362634,0.002617170524358051,0.0026171705243534698,0.002617170524348889,0.00261717052434431,0.0026171705243397316,0.002617170524335156,0.0026171705243305788,0.002617170524326004,0.0026171705243214325,0.00261717052431686,0.002617170524312289,0.00261717052430772,0.002617170524303152,0.002617170524298586,0.0026171705242940204,0.002617170524289457,0.002617170524284895,0.0026171705242803325,0.002617170524275772,0.002617170524271212,0.002617170524266653,0.002617170524262096,0.0026171705242575413,0.0026171705242529863,0.002617170524248433,0.002617170524243882,0.0026171705242393297,0.00261717052423478,0.002617170524230233,0.0026171705242256866,0.00261717052422114,0.0026171705242165966,0.002617170524212052,0.00261717052420751,0.002617170524202969,0.0026171705241984293,0.0026171705241938912,0.002617170524189354,0.002617170524184819,0.002617170524180283,0.0026171705241757504,0.0026171705241712184,0.0026171705241666864,0.0026171705241621575,0.002617170524157629,0.002617170524153102,0.002617170524148576,0.002617170524144051,0.0026171705241395263,0.0026171705241350043,0.0026171705241304828,0.0026171705241259625,0.0026171705241214436,0.002617170524116926,0.00261717052411241,0.002617170524107894,0.0026171705241033807,0.0026171705240988674,0.002617170524094357,0.002617170524089846,0.0026171705240853366,0.0026171705240808285,0.002617170524076322,0.0026171705240718183,0.002617170524067315,0.002617170524062812,0.0026171705240583105,0.0026171705240538084,0.0026171705240493094,0.0026171705240448117,0.0026171705240403153,0.0026171705240358198,0.002617170524031325,0.0026171705240268313,0.0026171705240223384,0.002617170524017848,0.0026171705240133573,0.0026171705240088695,0.002617170524004383,0.0026171705239998967,0.002617170523995412,0.0026171705239909273,0.0026171705239864448,0.002617170523981963,0.002617170523977485,0.0026171705239730054,0.0026171705239685272,0.0026171705239640512,0.002617170523959576,0.0026171705239551027,0.00261717052395063,0.002617170523946157,0.0026171705239416876,0.0026171705239372177,0.0026171705239327494,0.002617170523928282,0.002617170523923816,0.002617170523919351,0.002617170523914888,0.0026171705239104244,0.0026171705239059623,0.002617170523901503,0.0026171705238970445,0.0026171705238925867,0.0026171705238881298,0.002617170523883676,0.0026171705238792215,0.0026171705238747676,0.002617170523870316,0.0026171705238658663,0.0026171705238614163,0.002617170523856969,0.0026171705238525206,0.002617170523848074,0.00261717052384363,0.0026171705238391863,0.0026171705238347445,0.0026171705238303036,0.0026171705238258636,0.0026171705238214244,0.0026171705238169874,0.0026171705238125518,0.0026171705238081165,0.002617170523803683,0.002617170523799249,0.0026171705237948185,0.0026171705237903885,0.0026171705237859584,0.002617170523781532,0.0026171705237771035,0.0026171705237726783,0.0026171705237682534,0.0026171705237638307,0.002617170523759407,0.0026171705237549863,0.0026171705237505653,0.002617170523746147,0.00261717052374173,0.002617170523737313,0.002617170523732899,0.002617170523728484,0.0026171705237240713,0.002617170523719659,0.002617170523715249,0.0026171705237108397,0.0026171705237064313,0.002617170523702025,0.002617170523697618,0.0026171705236932128,0.002617170523688809,0.002617170523684407,0.002617170523680005,0.0026171705236756053,0.002617170523671206,0.0026171705236668072,0.0026171705236624114,0.0026171705236580148,0.0026171705236536216,0.0026171705236492275,0.002617170523644836,0.0026171705236404438,0.0026171705236360553,0.0026171705236316665,0.0026171705236272794,0.002617170523622894,0.002617170523618508,0.0026171705236141232,0.00261717052360974,0.002617170523605356,0.0026171705236009727,0.002617170523596592,0.002617170523592214,0.002617170523587836,0.0026171705235834607,0.0026171705235790857,0.002617170523574711,0.0026171705235703393,0.002617170523565969,0.002617170523561598,0.002617170523557228,0.0026171705235528606,0.0026171705235484943,0.002617170523544129,0.0026171705235397635,0.0026171705235353998,0.002617170523531037,0.002617170523526675,0.002617170523522316,0.0026171705235179575,0.0026171705235136,0.0026171705235092436,0.002617170523504888,0.0026171705235005322,0.00261717052349618,0.0026171705234918283,0.002617170523487478,0.0026171705234831286,0.002617170523478781,0.002617170523474432,0.002617170523470085,0.0026171705234657398,0.002617170523461397,0.0026171705234570523,0.0026171705234527107,0.00261717052344837,0.00261717052344403,0.0026171705234396916,0.0026171705234353535,0.002617170523431017,0.002617170523426683,0.002617170523422349,0.0026171705234180154,0.0026171705234136824,0.002617170523409351,0.0026171705234050227,0.002617170523400693,0.0026171705233963647,0.0026171705233920387,0.0026171705233877154,0.0026171705233833903,0.0026171705233790686,0.0026171705233747453,0.002617170523370426,0.002617170523366106,0.0026171705233617886,0.0026171705233574718,0.0026171705233531545,0.00261717052334884,0.002617170523344527,0.0026171705233402134,0.002617170523335901,0.002617170523331591,0.002617170523327282,0.002617170523322974,0.002617170523318666,0.0026171705233143583,0.0026171705233100535,0.002617170523305751,0.0026171705233014463,0.0026171705232971437,0.0026171705232928438,0.002617170523288544,0.0026171705232842448,0.0026171705232799483,0.002617170523275653,0.0026171705232713566,0.002617170523267063,0.0026171705232627706,0.0026171705232584776,0.002617170523254188,0.0026171705232498985,0.0026171705232456103,0.0026171705232413225,0.002617170523237037,0.002617170523232751,0.0026171705232284678,0.0026171705232241843,0.0026171705232199034,0.0026171705232156226,0.002617170523211343,0.002617170523207063,0.002617170523202787,0.002617170523198509,0.002617170523194235,0.00261717052318996,0.0026171705231856873,0.0026171705231814156,0.002617170523177147,0.0026171705231728755,0.0026171705231686077,0.0026171705231643394,0.002617170523160073,0.002617170523155807,0.002617170523151543,0.0026171705231472797,0.0026171705231430174,0.0026171705231387557,0.002617170523134496,0.0026171705231302377,0.002617170523125979,0.002617170523121721,0.002617170523117467,0.0026171705231132106,0.0026171705231089583,0.0026171705231047065,0.002617170523100454,0.002617170523096205,0.002617170523091955,0.002617170523087708,0.0026171705230834596,0.0026171705230792143,0.002617170523074968,0.0026171705230707254,0.002617170523066483,0.0026171705230622405,0.0026171705230580004,0.002617170523053761,0.002617170523049521,0.0026171705230452836,0.002617170523041046,0.002617170523036812,0.0026171705230325776,0.002617170523028344,0.0026171705230241117,0.002617170523019881,0.0026171705230156514,0.002617170523011423,0.0026171705230071942,0.002617170523002969,0.002617170522998743,0.0026171705229945177,0.002617170522990296,0.0026171705229860722,0.0026171705229818512,0.002617170522977632,0.0026171705229734122,0.0026171705229691934,0.002617170522964977,0.002617170522960761,0.0026171705229565464,0.0026171705229523336,0.0026171705229481217,0.002617170522943909,0.0026171705229396983,0.0026171705229354894,0.00261717052293128,0.0026171705229270734,0.0026171705229228663,0.002617170522918661,0.0026171705229144564,0.0026171705229102536,0.002617170522906051,0.0026171705229018506,0.00261717052289765,0.0026171705228934515,0.0026171705228892534,0.0026171705228850563,0.002617170522880861,0.0026171705228766667,0.0026171705228724743,0.0026171705228682797,0.002617170522864089,0.0026171705228598993,0.0026171705228557095,0.00261717052285152,0.002617170522847333,0.002617170522843147,0.0026171705228389616,0.0026171705228347775,0.0026171705228305937,0.002617170522826411,0.002617170522822231,0.002617170522818051,0.0026171705228138714,0.0026171705228096942,0.0026171705228055175,0.0026171705228013415,0.002617170522797166,0.0026171705227929936,0.0026171705227888207,0.0026171705227846496,0.002617170522780479,0.0026171705227763095,0.002617170522772141,0.002617170522767973,0.0026171705227638078,0.002617170522759642,0.002617170522755478,0.0026171705227513134,0.002617170522747152,0.002617170522742991,0.002617170522738832,0.002617170522734672,0.002617170522730513,0.002617170522726357,0.0026171705227222013,0.002617170522718046,0.002617170522713891,0.002617170522709739,0.0026171705227055883,0.0026171705227014375,0.0026171705226972876,0.0026171705226931395,0.0026171705226889913,0.0026171705226848458,0.0026171705226807006,0.002617170522676555,0.002617170522672412,0.002617170522668269,0.0026171705226641284,0.0026171705226599893,0.0026171705226558494,0.0026171705226517095,0.002617170522647572,0.002617170522643437,0.002617170522639301,0.0026171705226351667,0.002617170522631034,0.002617170522626902,0.0026171705226227704,0.0026171705226186405,0.0026171705226145114,0.0026171705226103827,0.0026171705226062563,0.0026171705226021307,0.0026171705225980055,0.0026171705225938808,0.0026171705225897578,0.002617170522585636,0.0026171705225815156,0.002617170522577397,0.00261717052257328,0.002617170522569162,0.002617170522565045,0.0026171705225609293,0.002617170522556814,0.0026171705225527006,0.002617170522548587,0.002617170522544475,0.002617170522540365,0.0026171705225362554,0.002617170522532146,0.0026171705225280385,0.002617170522523932,0.0026171705225198276,0.0026171705225157224,0.002617170522511619,0.002617170522507515,0.0026171705225034128,0.002617170522499314,0.0026171705224952158,0.0026171705224911175,0.00261717052248702,0.0026171705224829244,0.0026171705224788283,0.0026171705224747326,0.0026171705224706395,0.002617170522466548,0.0026171705224624564,0.0026171705224583646,0.0026171705224542763,0.002617170522450188,0.0026171705224460992,0.0026171705224420135,0.0026171705224379274,0.0026171705224338425,0.0026171705224297586,0.002617170522425677,0.002617170522421595,0.0026171705224175153,0.002617170522413435,0.002617170522409358,0.0026171705224052795,0.0026171705224012024,0.0026171705223971276,0.0026171705223930544,0.0026171705223889796,0.0026171705223849073,0.002617170522380836,0.0026171705223767667,0.0026171705223726987,0.0026171705223686312,0.002617170522364564,0.0026171705223604967,0.002617170522356432,0.002617170522352367,0.0026171705223483038,0.0026171705223442406,0.0026171705223401796,0.0026171705223361195,0.002617170522332061,0.002617170522328002,0.0026171705223239448,0.0026171705223198894,0.002617170522315833,0.002617170522311779,0.0026171705223077247,0.002617170522303673,0.0026171705222996213,0.002617170522295571,0.002617170522291521,0.002617170522287473,0.002617170522283427,0.002617170522279379,0.0026171705222753335,0.0026171705222712894,0.0026171705222672453,0.002617170522263204,0.002617170522259161,0.002617170522255122,0.0026171705222510816,0.0026171705222470436,0.0026171705222430056,0.0026171705222389693,0.002617170522234934,0.0026171705222309,0.0026171705222268644,0.0026171705222228308,0.0026171705222188,0.0026171705222147695,0.002617170522210738,0.002617170522206711,0.0026171705222026824,0.0026171705221986552,0.00261717052219463,0.002617170522190606,0.002617170522186582,0.0026171705221825587,0.0026171705221785363,0.0026171705221745166,0.0026171705221704963,0.002617170522166477,0.0026171705221624585,0.0026171705221584404,0.002617170522154425,0.0026171705221504082,0.002617170522146394,0.002617170522142381,0.0026171705221383706,0.002617170522134358,0.0026171705221303483,0.002617170522126339,0.002617170522122331,0.0026171705221183224,0.0026171705221143173,0.0026171705221103123,0.0026171705221063077,0.0026171705221023044,0.0026171705220983,0.0026171705220942995,0.002617170522090299,0.002617170522086301,0.002617170522082303,0.0026171705220783045,0.0026171705220743072,0.002617170522070312,0.0026171705220663175,0.0026171705220623233,0.0026171705220583296,0.0026171705220543384,0.002617170522050347,0.002617170522046357,0.002617170522042366,0.002617170522038379,0.002617170522034393,0.0026171705220304074,0.0026171705220264223,0.0026171705220224377,0.0026171705220184526,0.0026171705220144714,0.00261717052201049,0.00261717052200651,0.0026171705220025304,0.002617170521998552,0.0026171705219945746,0.0026171705219905973,0.002617170521986621,0.002617170521982647,0.002617170521978673,0.0026171705219747007,0.002617170521970729,0.0026171705219667583,0.0026171705219627875,0.0026171705219588193,0.00261717052195485,0.0026171705219508842,0.002617170521946917,0.0026171705219429505,0.0026171705219389884,0.0026171705219350232,0.0026171705219310607,0.002617170521927099,0.0026171705219231386,0.0026171705219191783,0.00261717052191522,0.0026171705219112645,0.0026171705219073076,0.002617170521903351,0.0026171705218993955,0.0026171705218954425,0.0026171705218914904,0.0026171705218875387,0.002617170521883588,0.0026171705218796383,0.0026171705218756883,0.0026171705218717405,0.0026171705218677936,0.0026171705218638484,0.0026171705218599015,0.002617170521855958,0.002617170521852016,0.002617170521848072,0.0026171705218441302,0.002617170521840191,0.002617170521836251,0.002617170521832311,0.002617170521828372,0.0026171705218244346,0.002617170521820498,0.0026171705218165637,0.002617170521812629,0.0026171705218086955,0.0026171705218047646,0.0026171705218008337,0.0026171705217969046,0.0026171705217929763,0.002617170521789048,0.0026171705217851197,0.002617170521781194,0.002617170521777268,0.002617170521773343,0.0026171705217694196,0.0026171705217654965,0.0026171705217615747,0.002617170521757653,0.0026171705217537325,0.002617170521749814,0.002617170521745895,0.0026171705217419784,0.0026171705217380623,0.0026171705217341466,0.0026171705217302318,0.0026171705217263195,0.0026171705217224056,0.0026171705217184933,0.002617170521714584,0.002617170521710674,0.0026171705217067657,0.0026171705217028557,0.0026171705216989512,0.0026171705216950438,0.0026171705216911376,0.0026171705216872345,0.0026171705216833283,0.002617170521679428,0.002617170521675526,0.002617170521671625,0.0026171705216677258,0.002617170521663827,0.002617170521659929,0.0026171705216560316,0.002617170521652135,0.002617170521648241,0.0026171705216443456,0.0026171705216404537,0.0026171705216365606,0.00261717052163267,0.0026171705216287804,0.0026171705216248902,0.0026171705216210027,0.0026171705216171126,0.0026171705216132255,0.002617170521609338,0.002617170521605453,0.002617170521601568,0.0026171705215976846,0.0026171705215938014,0.0026171705215899217,0.002617170521586042,0.0026171705215821636,0.002617170521578286,0.002617170521574407,0.0026171705215705314,0.0026171705215666534,0.002617170521562776,0.002617170521558903,0.0026171705215550308,0.002617170521551158,0.0026171705215472857,0.0026171705215434155,0.002617170521539545,0.002617170521535676,0.0026171705215318076,0.0026171705215279405,0.002617170521524075,0.00261717052152021,0.002617170521516345,0.002617170521512482,0.0026171705215086182,0.0026171705215047567,0.0026171705215008952,0.002617170521497036,0.0026171705214931766,0.0026171705214893177,0.0026171705214854623,0.002617170521481608,0.002617170521477751,0.002617170521473896,0.0026171705214700436,0.002617170521466191,0.002617170521462339,0.002617170521458488,0.002617170521454639,0.0026171705214507912,0.002617170521446943,0.0026171705214430964,0.00261717052143925,0.002617170521435404,0.0026171705214315605,0.002617170521427715,0.0026171705214238735,0.002617170521420033,0.002617170521416193,0.002617170521412353,0.002617170521408513,0.0026171705214046766,0.002617170521400841,0.002617170521397006,0.002617170521393167,0.002617170521389334,0.0026171705213855014,0.0026171705213816686,0.002617170521377836,0.002617170521374007,0.0026171705213701786,0.0026171705213663492,0.00261717052136252,0.002617170521358692,0.0026171705213548662,0.0026171705213510416,0.002617170521347217,0.002617170521343394,0.002617170521339573,0.0026171705213357487,0.0026171705213319297,0.0026171705213281103,0.0026171705213242896,0.002617170521320472,0.0026171705213166533,0.0026171705213128365,0.0026171705213090214,0.0026171705213052063,0.002617170521301392,0.002617170521297579,0.002617170521293767,0.0026171705212899568,0.0026171705212861456,0.0026171705212823353,0.0026171705212785262,0.002617170521274719,0.002617170521270912,0.002617170521267106,0.002617170521263301,0.0026171705212594963,0.002617170521255693,0.002617170521251891,0.002617170521248088,0.002617170521244288,0.002617170521240487,0.0026171705212366886,0.0026171705212328896,0.002617170521229093,0.0026171705212252963,0.0026171705212215007,0.0026171705212177055,0.002617170521213912,0.0026171705212101196,0.0026171705212063284,0.0026171705212025363,0.0026171705211987467,0.0026171705211949577,0.00261717052119117,0.0026171705211873813,0.002617170521183594,0.0026171705211798088,0.002617170521176022,0.002617170521172238,0.0026171705211684533,0.0026171705211646694,0.0026171705211608886,0.0026171705211571073,0.0026171705211533282,0.002617170521149549,0.0026171705211457705,0.002617170521141994,0.002617170521138217,0.0026171705211344405,0.0026171705211306662,0.0026171705211268928,0.0026171705211231184,0.002617170521119347,0.002617170521115576,0.0026171705211118063,0.0026171705211080363,0.002617170521104267,0.0026171705211005003,0.0026171705210967324,0.0026171705210929663,0.002617170521089201,0.0026171705210854363,0.002617170521081672,0.0026171705210779094,0.002617170521074147,0.0026171705210703868,0.0026171705210666254,0.0026171705210628667,0.002617170521059109,0.0026171705210553506,0.0026171705210515967,0.0026171705210478406,0.002617170521044085,0.002617170521040332,0.0026171705210365783,0.0026171705210328274,0.002617170521029075,0.002617170521025325,0.002617170521021575,0.0026171705210178255,0.002617170521014077,0.0026171705210103306,0.0026171705210065845,0.002617170521002838,0.0026171705209990935,0.0026171705209953504,0.0026171705209916073,0.0026171705209878642,0.002617170520984124,0.0026171705209803832,0.0026171705209766445,0.002617170520972906,0.002617170520969167,0.0026171705209654303,0.0026171705209616946,0.002617170520957958,0.0026171705209542245,0.0026171705209504905,0.002617170520946758,0.002617170520943026,0.0026171705209392954,0.0026171705209355658,0.0026171705209318366,0.0026171705209281065,0.002617170520924378,0.002617170520920652,0.002617170520916926,0.0026171705209132017,0.002617170520909476,0.0026171705209057515,0.0026171705209020305,0.0026171705208983096,0.0026171705208945877,0.002617170520890868,0.0026171705208871483,0.00261717052088343,0.002617170520879712,0.002617170520875995,0.0026171705208722783,0.0026171705208685625,0.002617170520864849,0.0026171705208611344,0.002617170520857423,0.0026171705208537115,0.002617170520850001,0.002617170520846291,0.0026171705208425824,0.0026171705208388736,0.002617170520835167,0.00261717052083146,0.002617170520827753,0.002617170520824049,0.0026171705208203446,0.00261717052081664,0.0026171705208129386,0.002617170520809236,0.0026171705208055352,0.0026171705208018364,0.002617170520798136,0.002617170520794438,0.0026171705207907415,0.002617170520787044,0.0026171705207833477,0.002617170520779653,0.002617170520775958,0.0026171705207722637,0.0026171705207685718,0.0026171705207648794,0.0026171705207611883,0.002617170520757498,0.002617170520753809,0.00261717052075012,0.0026171705207464323,0.002617170520742745,0.0026171705207390593,0.0026171705207353752,0.002617170520731692,0.002617170520728008,0.0026171705207243255,0.002617170520720644,0.002617170520716963,0.0026171705207132826,0.002617170520709604,0.002617170520705926,0.0026171705207022476,0.0026171705206985713,0.002617170520694895,0.0026171705206912204,0.0026171705206875467,0.0026171705206838726,0.0026171705206801997,0.002617170520676529,0.002617170520672857,0.002617170520669187,0.002617170520665517,0.0026171705206618485,0.002617170520658181,0.002617170520654513,0.002617170520650848,0.002617170520647184,0.0026171705206435194,0.002617170520639857,0.0026171705206361924,0.0026171705206325304,0.00261717052062887,0.0026171705206252086,0.0026171705206215496,0.0026171705206178898,0.002617170520614232,0.0026171705206105757,0.0026171705206069194,0.002617170520603263,0.002617170520599607,0.0026171705205959538,0.0026171705205923017,0.0026171705205886497,0.002617170520584997,0.0026171705205813452,0.0026171705205776954,0.0026171705205740477,0.0026171705205703995,0.002617170520566752,0.002617170520563105,0.0026171705205594586,0.002617170520555815,0.002617170520552171,0.0026171705205485273,0.0026171705205448844,0.0026171705205412427,0.0026171705205376024,0.002617170520533962,0.002617170520530322,0.002617170520526684,0.002617170520523047,0.00261717052051941,0.002617170520515774,0.0026171705205121384,0.0026171705205085037,0.00261717052050487,0.0026171705205012374,0.0026171705204976053,0.002617170520493975,0.0026171705204903442,0.0026171705204867148,0.0026171705204830857,0.0026171705204794575,0.002617170520475831,0.0026171705204722047,0.0026171705204685782,0.002617170520464955,0.0026171705204613305,0.0026171705204577067,0.002617170520454085,0.0026171705204504634,0.0026171705204468417,0.0026171705204432226,0.002617170520439604,0.0026171705204359845,0.0026171705204323676,0.002617170520428751,0.002617170520425135,0.0026171705204215186,0.0026171705204179048,0.002617170520414291,0.0026171705204106784,0.0026171705204070662,0.002617170520403454,0.002617170520399845,0.002617170520396235,0.0026171705203926264,0.0026171705203890177,0.002617170520385411,0.0026171705203818047,0.0026171705203781987,0.0026171705203745935,0.0026171705203709896,0.002617170520367386,0.0026171705203637844,0.0026171705203601823,0.0026171705203565806,0.002617170520352982,0.0026171705203493828,0.002617170520345785,0.0026171705203421867,0.00261717052033859,0.0026171705203349937,0.0026171705203313976,0.0026171705203278032,0.0026171705203242093,0.0026171705203206167,0.0026171705203170245,0.002617170520313433,0.0026171705203098423,0.0026171705203062528,0.002617170520302665,0.002617170520299076,0.0026171705202954892,0.002617170520291901,0.002617170520288316,0.00261717052028473,0.002617170520281147,0.0026171705202775648,0.002617170520273981,0.0026171705202703995,0.0026171705202668173,0.0026171705202632377,0.002617170520259658,0.0026171705202560794,0.002617170520252502,0.0026171705202489245,0.0026171705202453484,0.0026171705202417727,0.0026171705202381987,0.002617170520234625,0.0026171705202310503,0.002617170520227477,0.002617170520223905,0.0026171705202203323,0.002617170520216765,0.0026171705202131953,0.002617170520209627,0.0026171705202060586,0.0026171705202024916,0.002617170520198924,0.0026171705201953597,0.002617170520191794,0.00261717052018823,0.0026171705201846677,0.0026171705201811046,0.0026171705201775437,0.0026171705201739823,0.002617170520170423,0.002617170520166862,0.0026171705201633046,0.002617170520159746,0.00261717052015619,0.002617170520152634,0.002617170520149078,0.002617170520145523,0.00261717052014197,0.002617170520138415,0.002617170520134863,0.0026171705201313107,0.00261717052012776,0.002617170520124211,0.0026171705201206625,0.0026171705201171137,0.002617170520113565,0.0026171705201100165,0.0026171705201064707,0.002617170520102925,0.002617170520099381,0.0026171705200958373,0.002617170520092294,0.002617170520088751,0.0026171705200852043,0.002617170520081672,0.0026171705200781306,0.002617170520074592,0.0026171705200710533,0.0026171705200675154,0.0026171705200639787,0.002617170520060443,0.0026171705200569067,0.0026171705200533713,0.002617170520049838,0.002617170520046305,0.0026171705200427726,0.0026171705200392415,0.0026171705200357105,0.0026171705200321795,0.00261717052002865,0.0026171705200251213,0.002617170520021593,0.0026171705200180666,0.002617170520014541,0.0026171705200110154,0.0026171705200074905,0.002617170520003966,0.0026171705200004423,0.002617170519996919,0.002617170519993399,0.002617170519989877,0.0026171705199863576,0.0026171705199828374,0.002617170519979319,0.0026171705199758005,0.0026171705199722842,0.002617170519968768,0.0026171705199652534,0.002617170519961737,0.0026171705199582234,0.0026171705199547098,0.0026171705199511965,0.0026171705199476854,0.0026171705199441735,0.0026171705199406624,0.002617170519937154,0.0026171705199336463,0.0026171705199301383,0.0026171705199266307,0.0026171705199231248,0.0026171705199196185,0.0026171705199161126,0.0026171705199126076,0.002617170519909105,0.0026171705199056028,0.0026171705199021004,0.002617170519898599,0.002617170519895098,0.0026171705198915988,0.0026171705198881003,0.002617170519884601,0.0026171705198811033,0.0026171705198776065,0.0026171705198741097,0.002617170519870615,0.0026171705198671205,0.0026171705198636264,0.0026171705198601335,0.00261717051985664,0.002617170519853148,0.0026171705198496584,0.0026171705198461685,0.0026171705198426787,0.0026171705198391893,0.0026171705198357025,0.0026171705198322144,0.0026171705198287285,0.002617170519825243,0.0026171705198217575,0.0026171705198182738,0.0026171705198147904,0.0026171705198113075,0.002617170519807824,0.002617170519804342,0.0026171705198008623,0.0026171705197973833,0.0026171705197939035,0.002617170519790425,0.0026171705197869464,0.0026171705197834717,0.0026171705197799945,0.00261717051977652,0.0026171705197730465,0.0026171705197695714,0.002617170519766097,0.002617170519762626,0.002617170519759155,0.0026171705197556828,0.002617170519752213,0.002617170519748746,0.0026171705197452788,0.00261717051974181,0.002617170519738343,0.002617170519734878,0.002617170519731412,0.002617170519727947,0.0026171705197244825,0.0026171705197210187,0.0026171705197175566,0.002617170519714093,0.002617170519710633,0.0026171705197071712,0.0026171705197037113,0.0026171705197002527,0.0026171705196967932,0.0026171705196933364,0.0026171705196898795,0.0026171705196864205,0.0026171705196829653,0.0026171705196795093,0.0026171705196760555,0.002617170519672603,0.0026171705196691496,0.0026171705196656983,0.002617170519662248,0.002617170519658798,0.0026171705196553485,0.0026171705196519,0.002617170519648451,0.002617170519645004,0.002617170519641556,0.002617170519638111,0.002617170519634665,0.0026171705196312194,0.0026171705196277773,0.0026171705196243356,0.0026171705196208917,0.002617170519617451,0.0026171705196140105,0.0026171705196105705,0.0026171705196071306,0.0026171705196036915,0.002617170519600253,0.0026171705195968172,0.0026171705195933807,0.0026171705195899442,0.00261717051958651,0.0026171705195830756,0.002617170519579642,0.002617170519576211,0.0026171705195727796,0.0026171705195693466,0.0026171705195659183,0.002617170519562488,0.0026171705195590584,0.002617170519555629,0.0026171705195521997,0.0026171705195487728,0.002617170519545347,0.002617170519541922,0.0026171705195384963,0.002617170519535073,0.0026171705195316493,0.0026171705195282276,0.0026171705195248036,0.0026171705195213823,0.0026171705195179615,0.0026171705195145423,0.002617170519511122,0.002617170519507703,0.002617170519504284,0.002617170519500869,0.0026171705194974523,0.0026171705194940366,0.0026171705194906222,0.0026171705194872074,0.0026171705194837935,0.002617170519480381,0.0026171705194769678,0.0026171705194735564,0.002617170519470145,0.0026171705194667355,0.0026171705194633263,0.0026171705194599176,0.0026171705194565098,0.002617170519453103,0.0026171705194496966,0.0026171705194462905,0.002617170519442887,0.0026171705194394813,0.00261717051943608,0.0026171705194326755,0.002617170519429274,0.002617170519425871,0.0026171705194224723,0.0026171705194190722,0.002617170519415672,0.002617170519412272,0.0026171705194088747,0.0026171705194054772,0.0026171705194020815,0.002617170519398685,0.0026171705193952914,0.0026171705193918956,0.002617170519388502,0.0026171705193851094,0.0026171705193817163,0.0026171705193783245,0.002617170519374935,0.002617170519371544,0.0026171705193681546,0.0026171705193647685,0.0026171705193613806,0.002617170519357993,0.0026171705193546065,0.0026171705193512216,0.0026171705193478367,0.0026171705193444536,0.0026171705193410687,0.002617170519337686,0.0026171705193343033,0.002617170519330922,0.0026171705193275404,0.00261717051932416,0.0026171705193207806,0.0026171705193174027,0.0026171705193140248,0.0026171705193106473,0.0026171705193072706,0.002617170519303894,0.0026171705193005195,0.002617170519297145,0.002617170519293771,0.002617170519290398,0.002617170519287026,0.002617170519283653,0.00261717051928028,0.0026171705192769095,0.00261717051927354,0.0026171705192701714,0.002617170519266802,0.002617170519263434,0.002617170519260068,0.002617170519256702,0.0026171705192533368,0.0026171705192499714,0.0026171705192466073,0.002617170519243245,0.0026171705192398836,0.00261717051923652,0.002617170519233159,0.0026171705192297974,0.002617170519226436,0.002617170519223076,0.002617170519219719,0.0026171705192163603,0.0026171705192130036,0.002617170519209647,0.002617170519206291,0.0026171705192029357,0.0026171705191995816,0.0026171705191962284,0.0026171705191928743,0.002617170519189521,0.00261717051918617,0.002617170519182819,0.0026171705191794696,0.0026171705191761195,0.0026171705191727714,0.002617170519169423,0.002617170519166076,0.0026171705191627283,0.0026171705191593807,0.002617170519156036,0.0026171705191526903,0.0026171705191493475,0.0026171705191460034,0.0026171705191426597,0.0026171705191393186,0.0026171705191359767,0.0026171705191326356,0.0026171705191292967,0.0026171705191259578,0.0026171705191226197,0.0026171705191192817,0.002617170519115943,0.0026171705191126073,0.0026171705191092723,0.002617170519105938,0.0026171705191026036,0.00261717051909927,0.002617170519095937,0.0026171705190926047,0.002617170519089272,0.0026171705190859403,0.0026171705190826105,0.00261717051907928,0.002617170519075951,0.0026171705190726224,0.0026171705190692956,0.0026171705190659697,0.0026171705190626425,0.002617170519059318,0.002617170519055992,0.0026171705190526683,0.0026171705190493463,0.002617170519046023,0.0026171705190426997,0.00261717051903938,0.0026171705190360588,0.0026171705190327385,0.002617170519029419,0.0026171705190260997,0.002617170519022781,0.002617170519019464,0.0026171705190161476,0.0026171705190128325,0.002617170519009517,0.0026171705190062033,0.00261717051900289,0.0026171705189995758,0.0026171705189962607,0.0026171705189929517,0.00261717051898964,0.0026171705189863294,0.0026171705189830187,0.0026171705189797106,0.002617170518976403,0.002617170518973094,0.002617170518969787,0.0026171705189664803,0.0026171705189631748,0.002617170518959869,0.002617170518956565,0.002617170518953261,0.002617170518949957,0.0026171705189466546,0.0026171705189433534,0.0026171705189400518,0.00261717051893675,0.0026171705189334507,0.0026171705189301513,0.0026171705189268536,0.002617170518923555,0.0026171705189202586,0.0026171705189169596,0.002617170518913664,0.002617170518910369,0.0026171705189070743,0.002617170518903779,0.0026171705189004858,0.0026171705188971933,0.0026171705188939016,0.002617170518890611,0.0026171705188873205,0.0026171705188840306,0.0026171705188807425,0.0026171705188774547,0.0026171705188741652,0.0026171705188708792,0.0026171705188675924,0.002617170518864306,0.0026171705188610217,0.002617170518857737,0.002617170518854454,0.0026171705188511706,0.0026171705188478872,0.002617170518844605,0.0026171705188413248,0.0026171705188380444,0.0026171705188347636,0.0026171705188314832,0.002617170518828205,0.0026171705188249264,0.00261717051882165,0.0026171705188183735,0.002617170518815097,0.0026171705188118206,0.0026171705188085463,0.002617170518805272,0.0026171705188019995,0.0026171705187987256,0.0026171705187954526,0.0026171705187921813,0.0026171705187889114,0.002617170518785642,0.0026171705187823724,0.002617170518779104,0.002617170518775835,0.0026171705187725677,0.0026171705187693008,0.0026171705187660347,0.00261717051876277,0.002617170518759505,0.00261717051875624,0.002617170518752976,0.0026171705187497145,0.0026171705187464523,0.0026171705187431906,0.0026171705187399297,0.0026171705187366693,0.00261717051873341,0.0026171705187301524,0.002617170518726895,0.0026171705187236364,0.0026171705187203807,0.0026171705187171246,0.002617170518713868,0.0026171705187106142,0.0026171705187073594,0.0026171705187041055,0.0026171705187008525,0.002617170518697601,0.002617170518694348,0.0026171705186910986,0.0026171705186878477,0.0026171705186845973,0.0026171705186813494,0.0026171705186781007,0.0026171705186748533,0.002617170518671607,0.0026171705186683594,0.002617170518665114,0.0026171705186618707,0.0026171705186586246,0.0026171705186553815,0.0026171705186521367,0.002617170518648896,0.0026171705186456553,0.0026171705186424144,0.002617170518639173,0.0026171705186359335,0.0026171705186326943,0.0026171705186294565,0.002617170518626219,0.0026171705186229808,0.0026171705186197455,0.002617170518616508,0.0026171705186132732,0.0026171705186100393,0.002617170518606805,0.002617170518603571,0.002617170518600338,0.002617170518597106,0.002617170518593873,0.0026171705185906438,0.002617170518587412,0.0026171705185841832,0.0026171705185809545,0.002617170518577726,0.002617170518574498,0.002617170518571271,0.002617170518568045,0.0026171705185648203,0.002617170518561595,0.00261717051855837,0.0026171705185551457,0.002617170518551924,0.002617170518548702,0.00261717051854548,0.00261717051854226,0.0026171705185390384,0.0026171705185358196,0.0026171705185326,0.002617170518529381,0.002617170518526163,0.0026171705185229453,0.0026171705185197287,0.002617170518516513,0.0026171705185132972,0.0026171705185100837,0.002617170518506869,0.0026171705185036556,0.0026171705185004425,0.0026171705184972294,0.002617170518494019,0.0026171705184908083,0.0026171705184875977,0.002617170518484388,0.0026171705184811797,0.0026171705184779718,0.002617170518474764,0.0026171705184715563,0.0026171705184683497,0.0026171705184651443,0.0026171705184619386,0.002617170518458735,0.00261717051845553,0.0026171705184523273,0.0026171705184491237,0.0026171705184459214,0.00261717051844272,0.002617170518439518,0.002617170518436319,0.002617170518433119,0.002617170518429921,0.0026171705184267224,0.002617170518423525,0.002617170518420329,0.002617170518417132,0.002617170518413936,0.0026171705184107412,0.002617170518407547,0.002617170518404354,0.00261717051840116,0.0026171705183979685,0.0026171705183947757,0.0026171705183915843,0.0026171705183883932,0.0026171705183852044,0.0026171705183820142,0.002617170518378825,0.002617170518375637,0.002617170518372449,0.0026171705183692627,0.002617170518366076,0.0026171705183628893,0.0026171705183597044,0.0026171705183565194,0.002617170518353336,0.002617170518350153,0.0026171705183469715,0.0026171705183437883,0.0026171705183406077,0.0026171705183374266,0.0026171705183342464,0.0026171705183310676,0.0026171705183278882,0.0026171705183247102,0.0026171705183215327,0.0026171705183183564,0.0026171705183151797,0.0026171705183120043,0.002617170518308828,0.0026171705183056534,0.0026171705183024798,0.0026171705182993065,0.0026171705182961337,0.002617170518292961,0.0026171705182897907,0.0026171705182866187,0.002617170518283448,0.0026171705182802796,0.00261717051827711,0.0026171705182739414,0.002617170518270775,0.002617170518267608,0.002617170518264442,0.0026171705182612757,0.0026171705182581107,0.0026171705182549475,0.0026171705182517825,0.0026171705182486188,0.002617170518245456,0.0026171705182422944,0.0026171705182391337,0.0026171705182359718,0.002617170518232812,0.0026171705182296535,0.0026171705182264945,0.0026171705182233365,0.0026171705182201793,0.002617170518217023,0.0026171705182138653,0.002617170518210711,0.0026171705182075557,0.0026171705182044015,0.0026171705182012474,0.0026171705181980936,0.002617170518194942,0.0026171705181917892,0.0026171705181886372,0.0026171705181854865,0.002617170518182337,0.002617170518179187,0.0026171705181760384,0.002617170518172889,0.0026171705181697404,0.0026171705181665932,0.002617170518163448,0.0026171705181603023,0.0026171705181571568,0.0026171705181540117,0.002617170518150868,0.002617170518147725,0.0026171705181445818,0.0026171705181414397,0.0026171705181382973,0.002617170518135155,0.002617170518132015,0.002617170518128875,0.0026171705181257366,0.0026171705181225967,0.002617170518119459,0.0026171705181163214,0.0026171705181131854,0.0026171705181100486,0.0026171705181069127,0.002617170518103777,0.002617170518100643,0.00261717051809751,0.002617170518094377,0.002617170518091244,0.0026171705180881117,0.002617170518084981,0.00261717051808185,0.002617170518078721,0.002617170518075589,0.002617170518072463,0.0026171705180693342,0.0026171705180662056,0.002617170518063079,0.002617170518059953,0.0026171705180568273,0.002617170518053702,0.0026171705180505767,0.0026171705180474537,0.0026171705180443295,0.002617170518041207,0.002617170518038084,0.002617170518034963,0.0026171705180318416,0.002617170518028722,0.0026171705180256005,0.002617170518022481,0.0026171705180193633,0.0026171705180162465,0.0026171705180131296,0.002617170518010012,0.0026171705180068963,0.0026171705180037803,0.002617170518000665,0.0026171705179975522,0.0026171705179944367,0.0026171705179913233,0.0026171705179882116,0.0026171705179850995,0.002617170517981988,0.002617170517978878,0.0026171705179757676,0.002617170517972659,0.0026171705179695486,0.0026171705179664404,0.0026171705179633318,0.0026171705179602253,0.0026171705179571193,0.0026171705179540146,0.002617170517950909,0.0026171705179478025,0.0026171705179446987,0.002617170517941596,0.002617170517938493,0.0026171705179353915,0.002617170517932288,0.0026171705179291876,0.0026171705179260877,0.002617170517922987,0.002617170517919886,0.002617170517916788,0.0026171705179136896,0.0026171705179105923,0.002617170517907494,0.002617170517904399,0.002617170517901302,0.0026171705178982064,0.0026171705178951107,0.0026171705178920177,0.0026171705178889243,0.00261717051788583,0.002617170517882739,0.0026171705178796457,0.002617170517876554,0.002617170517873464,0.0026171705178703684,0.002617170517867278,0.00261717051786419,0.002617170517861102,0.0026171705178580132,0.002617170517854927,0.002617170517851841,0.0026171705178487546,0.00261717051784567,0.002617170517842585,0.0026171705178395016,0.002617170517836418,0.0026171705178333346,0.0026171705178302516,0.0026171705178271716,0.00261717051782409,0.00261717051782101,0.0026171705178179303,0.0026171705178148503,0.002617170517811772,0.0026171705178086938,0.002617170517805616,0.0026171705178025394,0.0026171705177994624,0.0026171705177963863,0.0026171705177933102,0.002617170517790236,0.002617170517787163,0.0026171705177840893,0.0026171705177810162,0.0026171705177779436,0.0026171705177748727,0.0026171705177718023,0.002617170517768732,0.0026171705177656613,0.002617170517762591,0.002617170517759523,0.0026171705177564547,0.0026171705177533864,0.0026171705177503203,0.0026171705177472546,0.0026171705177441876,0.002617170517741122,0.002617170517738059,0.0026171705177349945,0.00261717051773193,0.002617170517728866,0.0026171705177258026,0.002617170517722743,0.0026171705177196816,0.0026171705177166207,0.0026171705177135598,0.0026171705177105,0.002617170517707441,0.002617170517704384,0.002617170517701325,0.002617170517698269,0.0026171705176952125,0.0026171705176921555,0.002617170517689101,0.002617170517686045,0.0026171705176829896,0.002617170517679937,0.0026171705176768847,0.0026171705176738316,0.00261717051767078,0.0026171705176677284,0.0026171705176646774,0.002617170517661627,0.0026171705176585777,0.002617170517655527,0.0026171705176524793,0.0026171705176494305,0.002617170517646384,0.002617170517643337,0.002617170517640291,0.0026171705176372445,0.0026171705176342005,0.0026171705176311556,0.0026171705176281108,0.0026171705176250685,0.0026171705176220267,0.0026171705176189835,0.0026171705176159426,0.002617170517612902,0.0026171705176098606,0.002617170517606822,0.0026171705176037834,0.0026171705176007446,0.0026171705175977067,0.002617170517594668,0.0026171705175916317,0.002617170517588594,0.002617170517585558,0.0026171705175825214,0.0026171705175794873,0.0026171705175764524,0.00261717051757342,0.0026171705175703865,0.0026171705175673543,0.0026171705175643233,0.0026171705175612905,0.002617170517558259,0.0026171705175552294,0.002617170517552199,0.002617170517549171,0.002617170517546142,0.002617170517543114,0.0026171705175400866,0.0026171705175370595,0.0026171705175340324,0.002617170517531006,0.002617170517527982,0.0026171705175249576,0.002617170517521934,0.00261717051751891,0.0026171705175158885,0.0026171705175128653,0.002617170517509844,0.0026171705175068215,0.0026171705175038022,0.002617170517500781,0.002617170517497763,0.0026171705174947426,0.0026171705174917246,0.002617170517488706,0.00261717051748569,0.002617170517482673,0.002617170517479657,0.0026171705174766425,0.0026171705174736276,0.0026171705174706118,0.002617170517467599,0.002617170517464586,0.0026171705174615743,0.002617170517458561,0.0026171705174555505,0.002617170517452539,0.0026171705174495297,0.0026171705174465195,0.0026171705174435106,0.0026171705174405017,0.0026171705174374933,0.0026171705174344853,0.0026171705174314794,0.0026171705174284723,0.0026171705174254656,0.00261717051742246,0.002617170517419457,0.0026171705174164515,0.0026171705174134487,0.0026171705174104455,0.0026171705174074427,0.0026171705174044394,0.002617170517401439
9,3.764598872234546e-44,1.0867948025992658e-43,2.1635787924333475e-43,3.650766675250742e-43,5.5913328256404815e-43,8.028244969377682e-43,1.1005213399860494e-42,1.456692121770072e-42,1.8759000931437887e-42,2.3627910565638742e-42,2.922078352018871e-42,3.5585285466305646e-42,4.2769491119956006e-42,5.082178388435874e-42,5.979077693580215e-42,6.97252526487733e-42,8.067411690946746e-42,9.268636511825703e-42,1.0581105715778076e-41,1.2009729912057244e-41,1.3559423006608898e-41,1.5235101248047139e-41,1.704168254395863e-41,1.898408597309169e-41,2.1067231438712875e-41,2.329603942309439e-41,2.567543081420197e-41,2.82103267836672e-41,3.090564870109071e-41,3.376631807399634e-41,3.6797256505843976e-41,4.000338566672784e-41,4.338962727295154e-41,4.69609030728402e-41,5.072213483686748e-41,5.467824435081596e-41,5.883415341103843e-41,6.319478382117682e-41,6.776505738989741e-41,7.254989592932569e-41,7.755422125396538e-41,8.278295517995554e-41,8.824101952456345e-41,9.393333610582287e-41,9.986482674229732e-41,1.0604041325291616e-40,1.1246501745685263e-40,1.191435611734494e-40,1.2608096622217608e-40,1.3328215442257127e-40,1.4075204759423127e-40,1.4849556755678996e-40,1.5651763612990633e-40,1.6482317513325678e-40,1.7341710638653033e-40,1.8230435170942205e-40,1.9148983292163445e-40,2.009784718428738e-40,2.107751902928462e-40,2.208849100912644e-40,2.3131255305783796e-40,2.420630410122796e-40,2.531412957743028e-40,2.6455223916361816e-40,2.7630079299993948e-40,2.883918791029802e-40,3.0083041929245397e-40,3.1362133538807413e-40,3.2676954920955505e-40,3.402799825766098e-40,3.5415755730895164e-40,3.684071952262943e-40,3.83033818148352e-40,3.980423478948385e-40,4.134377062854669e-40,4.2922481513995084e-40,4.454085962780042e-40,4.6199397151934106e-40,4.789858626836743e-40,4.963891915907183e-40,5.142088800601867e-40,5.324498499117905e-40,5.511170229652485e-40,5.702153210402718e-40,5.8974966595657414e-40,6.097249795338689e-40,6.3014618359187015e-40,6.510181999502915e-40,6.723459504288467e-40,6.9413435684724916e-40,7.163883410252133e-40,7.391128247824517e-40,7.623127299386787e-40,7.859929783136083e-40,8.101584917269533e-40,8.348141919984276e-40,8.599650009477459e-40,8.85615840394621e-40,9.11771632158766e-40,9.384372980598964e-40,9.656177599177252e-40,9.933179395519654e-40,1.0215427587823308e-39,1.0502971394285362e-39,1.0795860033102938e-39,1.1094142722473184e-39,1.1397868680593248e-39,1.1707087125660236e-39,1.2021847275871305e-39,1.2342198349423577e-39,1.2668189564514193e-39,1.2999870139340296e-39,1.3337289292099033e-39,1.3680496240987529e-39,1.402954020420292e-39,1.4384470399942343e-39,1.474533604640294e-39,1.5112186361781846e-39,1.548507056427619e-39,1.5864037872083126e-39,1.6249137503399774e-39,1.6640418676423275e-39,1.7037930609350775e-39,1.7441722520379398e-39,1.7851843627706295e-39,1.8268343149528582e-39,1.8691270304043415e-39,1.9120674309447932e-39,1.9556604383939238e-39,1.9999109745714522e-39,2.0448239612970888e-39,2.09040432039055e-39,2.1366569736715462e-39,2.1835868429597867e-39,2.2311988500749968e-39,2.279497916836884e-39,2.3284889650651553e-39,2.378176916579534e-39,2.428566693199734e-39,2.479663216745466e-39,2.5314714090364453e-39,2.5839961918923826e-39,2.637242487132992e-39,2.6912152165779893e-39,2.745919302047088e-39,2.8013596653599993e-39,2.8575412283364377e-39,2.9144689127961167e-39,2.972147640558754e-39,3.030582333444057e-39,3.0897779132717455e-39,3.14973930186153e-39,3.210471421033125e-39,3.271979192606243e-39,3.334267538400601e-39,3.397341380235912e-39,3.461205639931885e-39,3.525865239308236e-39,3.591325100184683e-39,3.6575901443809366e-39,3.724665293716707e-39,3.792555470011712e-39,3.861265595085669e-39,3.930800590758282e-39,4.001165378849267e-39,4.072364881178341e-39,4.144404019565216e-39,4.217287715829601e-39,4.291020891791218e-39,4.365608469269778e-39,4.4410553700849966e-39,4.517366516056584e-39,4.5945468290042554e-39,4.672601230747723e-39,4.751534643106704e-39,4.831351987900912e-39,4.912058186950056e-39,4.99365816207385e-39,5.076156835092013e-39,5.159559127824259e-39,5.243869962090291e-39,5.329094259709833e-39,5.415236942502594e-39,5.5023029322882925e-39,5.5902971508866375e-39,5.679224520117345e-39,5.769089961800127e-39,5.859898397754697e-39,5.95165474980077e-39,6.044363939758062e-39,6.138030889446285e-39,6.232660520685153e-39,6.32825775529438e-39,6.424827515093674e-39,6.522374721902752e-39,6.620904297541328e-39,6.72042116382912e-39,6.820930242585835e-39,6.922436455631194e-39,7.024944724784904e-39,7.128459971866681e-39,7.232987118696238e-39,7.338531087093291e-39,7.445096798877552e-39,7.552689175868735e-39,7.661313139886553e-39,7.770973612750719e-39,7.881675516280951e-39,7.993423772296959e-39,8.106223302618457e-39,8.220079029065161e-39,8.334995873456781e-39,8.450978757613037e-39,8.568032603353633e-39,8.68616233249829e-39,8.805372866866724e-39,8.925669128278647e-39,9.047056038553765e-39,9.169538519511792e-39,9.293121492972449e-39,9.417809880755446e-39,9.543608604680495e-39,9.670522586567316e-39,9.798556748235623e-39,9.92771601150512e-39,1.005800529819553e-38,1.0189429530126558e-38,1.032199362911792e-38,1.0455702516989332e-38,1.0590561115560516e-38,1.0726574346651169e-38,1.0863747132081024e-38,1.100208439366977e-38,1.1141591053237144e-38,1.1282272032602855e-38,1.1424132253586612e-38,1.1567176638008128e-38,1.1711410107687116e-38,1.185683758444329e-38,1.2003463990096364e-38,1.2151294246466057e-38,1.2300333275372076e-38,1.2450585998634144e-38,1.2602057338071955e-38,1.2754752215505242e-38,1.2908675552753714e-38,1.3063832271637085e-38,1.3220227293975065e-38,1.3377865541587374e-38,1.3536751936293717e-38,1.36968913999138e-38,1.385828885426736e-38,1.40209492211741e-38,1.4184877422453727e-38,1.4350078379925965e-38,1.4516557015410519e-38,1.4684318250727112e-38,1.485336700769545e-38,1.5023708208135253e-38,1.519534677386623e-38,1.5368287626708102e-38,1.5542535688480568e-38,1.5718095881003357e-38,1.5894973126096169e-38,1.6073172345578725e-38,1.6252698461270739e-38,1.6433556394991927e-38,1.6615751068562005e-38,1.6799287403800674e-38,1.6984170322527665e-38,1.7170404746562667e-38,1.7357995597725413e-38,1.7546947797835612e-38,1.773726626871298e-38,1.792895593217722e-38,1.8122021710048056e-38,1.8316468524145203e-38,1.851230129628836e-38,1.8709524948297266e-38,1.8908144401991628e-38,1.910816457919115e-38,1.9309590401715537e-38,1.951242679138452e-38,1.9716678670017814e-38,1.992235095943512e-38,2.0129448581456162e-38,2.0337976457900645e-38,2.0547939510588284e-38,2.075934266133881e-38,2.0972190831971926e-38,2.1186488944307327e-38,2.1402241920164746e-38,2.161945468136389e-38,2.1838132149724477e-38,2.2058279247066208e-38,2.2279900895208798e-38,2.250300201597198e-38,2.2727587531175452e-38,2.2953662362638938e-38,2.3181231432182145e-38,2.3410299661624773e-38,2.364087197278657e-38,2.387295328748722e-38,2.410654852754646e-38,2.4341662614783984e-38,2.457830047101952e-38,2.481646701807277e-38,2.505616717776345e-38,2.529740587191129e-38,2.5540188022335973e-38,2.5784518550857236e-38,2.603040237929478e-38,2.6277844429468335e-38,2.65268496231976e-38,2.67774228823023e-38,2.7029569128602137e-38,2.728329328391684e-38,2.7538600270066123e-38,2.779549500886967e-38,2.805398242214721e-38,2.831406743171846e-38,2.8575754959403126e-38,2.8839049927020945e-38,2.910395725639161e-38,2.9370481869334826e-38,2.963862868767033e-38,2.990840263321783e-38,3.017980862779702e-38,3.0452851593227647e-38,3.07275364513294e-38,3.1003868123922005e-38,3.1281851532825186e-38,3.1561491599858636e-38,3.1842793246842055e-38,3.212576139559518e-38,3.241040096793773e-38,3.2696716885689393e-38,3.2984714070669914e-38,3.327439744469896e-38,3.3565771929596305e-38,3.3858842447181635e-38,3.4153613919274664e-38,3.445009126769509e-38,3.474827941426265e-38,3.5048183280797046e-38,3.5349807789118016e-38,3.5653157861045223e-38,3.5958238418398416e-38,3.6265054382997305e-38,3.6573610676661596e-38,3.688391222121102e-38,3.7195963938465276e-38,3.750977075024407e-38,3.7825337578367126e-38,3.8142669344654166e-38,3.84617709709249e-38,3.8782647378999026e-38,3.9105303490696286e-38,3.942974422783637e-38,3.975597451223899e-38,4.0083999265723863e-38,4.0413823410110706e-38,4.0745451867219236e-38,4.107888955886919e-38,4.1414141406880255e-38,4.1751212333072125e-38,4.209010725926456e-38,4.2430831107277225e-38,4.277338879892985e-38,4.3117785256042153e-38,4.346402540043385e-38,4.381211415392468e-38,4.4162056438334336e-38,4.451385717548253e-38,4.486752128718895e-38,4.5223053695273343e-38,4.558045932155542e-38,4.5939743087854886e-38,4.6300909915991464e-38,4.6663964727784853e-38,4.702891244505478e-38,4.739575798962095e-38,4.776450628330308e-38,4.813516224792088e-38,4.850773080529405e-38,4.888221687724231e-38,4.925862538558541e-38,4.963696125214303e-38,5.001722939873489e-38,5.039943474718071e-38,5.078358221930021e-38,5.116967673691306e-38,5.155772322183904e-38,5.19477265958978e-38,5.23396917809091e-38,5.273362369869263e-38,5.312952727106811e-38,5.352740741985529e-38,5.392726906687381e-38,5.432911713394342e-38,5.473295654288386e-38,5.51387922155148e-38,5.554662907365597e-38,5.59564720391271e-38,5.63683260337479e-38,5.678219597933806e-38,5.71980867977173e-38,5.761600341070535e-38,5.80359507401219e-38,5.845793370778669e-38,5.888195723551939e-38,5.930802624513973e-38,5.973614565846749e-38,6.016632039732234e-38,6.059855538352397e-38,6.103285553889214e-38,6.146922578524652e-38,6.190767104440683e-38,6.23481962381928e-38,6.279080628842416e-38,6.323550611692056e-38,6.368230064550176e-38,6.41311947959875e-38,6.458219349019742e-38,6.503530164995129e-38,6.549052419706876e-38,6.594786605336963e-38,6.640733214067358e-38,6.686892738080032e-38,6.733265669556956e-38,6.779852500680102e-38,6.826653723631439e-38,6.873669830592943e-38,6.920901313746582e-38,6.968348665274327e-38,7.016012377358152e-38,7.063892942180028e-38,7.111990851921922e-38,7.16030659876581e-38,7.208840674893663e-38,7.257593572487452e-38,7.306565783729146e-38,7.355757800800722e-38,7.405170115884142e-38,7.454803221161384e-38,7.504657608814418e-38,7.554733771025215e-38,7.605032199975746e-38,7.655553387847985e-38,7.706297826823901e-38,7.757266009085467e-38,7.808458426814656e-38,7.859875572193433e-38,7.911517937403773e-38,7.96338601462765e-38,8.015480296047032e-38,8.06780127384389e-38,8.120349440200198e-38,8.173125287297923e-38,8.226129307319041e-38,8.27936199244552e-38,8.332823834859335e-38,8.386515326742458e-38,8.440436960276854e-38,8.494589227644503e-38,8.54897262102737e-38,8.603587632607427e-38,8.658434754566644e-38,8.713514479086996e-38,8.768827298350451e-38,8.824373704538989e-38,8.880154189834573e-38,8.936169246419174e-38,8.992419366474763e-38,9.048905042183318e-38,9.105626765726803e-38,9.162585029287193e-38,9.21978032504646e-38,9.27721314518658e-38,9.334883981889517e-38,9.392793327337238e-38,9.450941673711723e-38,9.50932951319494e-38,9.567957337968863e-38,9.626825640215461e-38,9.685934912116704e-38,9.745285645854564e-38,9.804878333611018e-38,9.86471346756803e-38,9.924791539907574e-38,9.985113042811623e-38,1.0045678468462144e-37,1.0106488309041115e-37,1.0167543056730502e-37,1.022884320371228e-37,1.0290389242168418e-37,1.0352181664280888e-37,1.041422096223166e-37,1.047650762820271e-37,1.0539042154376007e-37,1.0601825032933517e-37,1.0664856756057223e-37,1.072813781592908e-37,1.0791668704731076e-37,1.085544991464517e-37,1.0919481937853343e-37,1.0983765266537556e-37,1.1048300392879788e-37,1.111308780906201e-37,1.117812800726619e-37,1.12434214796743e-37,1.1308968718468315e-37,1.13747702158302e-37,1.1440826463941938e-37,1.1507137954985489e-37,1.157370518114283e-37,1.1640528634595927e-37,1.1707608807526752e-37,1.1774946192117285e-37,1.1842541280549488e-37,1.1910394565005337e-37,1.19785065376668e-37,1.2046877690715854e-37,1.2115508516334464e-37,1.2184399506704606e-37,1.225355115400825e-37,1.2322963950427366e-37,1.2392638388143924e-37,1.2462574959339902e-37,1.2532774156197265e-37,1.2603236470897985e-37,1.267396239562404e-37,1.2744952422557398e-37,1.2816207043880024e-37,1.2887726751773895e-37,1.2959512038420985e-37,1.303156339600326e-37,1.3103881316702698e-37,1.3176466292701256e-37,1.3249318816180921e-37,1.3322439379323656e-37,1.339582847431143e-37,1.3469486593326225e-37,1.3543414228550007e-37,1.361761187216474e-37,1.3692080016352405e-37,1.3766819153294969e-37,1.3841829775174408e-37,1.3917112374172693e-37,1.399266744247179e-37,1.406849547225367e-37,1.414459695570031e-37,1.4220972384993679e-37,1.4297622252315738e-37,1.4374547049848473e-37,1.4451747269773853e-37,1.4529223404273847e-37,1.4606975945530428e-37,1.4685005385725565e-37,1.4763312217041233e-37,1.4841896931659398e-37,1.4920760021762034e-37,1.4999901979531112e-37,1.5079323297148605e-37,1.515902446679648e-37,1.5239005980656713e-37,1.5319268330911266e-37,1.5399812009742135e-37,1.5480637509331262e-37,1.5561745321860637e-37,1.5643135939512225e-37,1.5724809854467995e-37,1.580676755890992e-37,1.5889009545019972e-37,1.5971536304980125e-37,1.6054348330972352e-37,1.6137446115178614e-37,1.6220830149780897e-37,1.6304500926961155e-37,1.638845893890138e-37,1.6472704677783523e-37,1.6557238635789564e-37,1.6642061305101475e-37,1.672717317790123e-37,1.6812574746370793e-37,1.6898266502692144e-37,1.698424893904725e-37,1.7070522547618085e-37,1.7157087820586614e-37,1.7243945250134822e-37,1.7331095328444662e-37,1.741853854769812e-37,1.7506275400077155e-37,1.7594306377763744e-37,1.7682631972939863e-37,1.7771252677787479e-37,1.7860168984488564e-37,1.7949381385225087e-37,1.803889037217902e-37,1.812869643753234e-37,1.8218800073467017e-37,1.8309201772165014e-37,1.8399902025808308e-37,1.849090132657887e-37,1.858220016665868e-37,1.8673799038229694e-37,1.8765698433473888e-37,1.885789884457324e-37,1.8950400763709716e-37,1.9043204683065287e-37,1.9136311094821926e-37,1.922972049116161e-37,1.932343336426631e-37,1.9417450206317976e-37,1.9511771509498604e-37,1.9606397765990153e-37,1.9701329467974602e-37,1.979656710763392e-37,1.9892111177150078e-37,1.9987962168705045e-37,2.0084120574480786e-37,2.018058688665929e-37,2.027736159742252e-37,2.0374445198952437e-37,2.0471838183431033e-37,2.0569541043040268e-37,2.0667554269962104e-37,2.076587835637852e-37,2.0864513794471496e-37,2.096346107642299e-37,2.1062720694414977e-37,2.1162293140629433e-37,2.1262178907248334e-37,2.1362378486453643e-37,2.1462892370427326e-37,2.156372105135136e-37,2.1664865021407722e-37,2.1766324772778372e-37,2.1868100797645304e-37,2.1970193588190463e-37,2.2072603636595832e-37,2.2175331435043386e-37,2.2278377475715104e-37,2.2381742250792923e-37,2.2485426252458847e-37,2.258942997289483e-37,2.269375390428286e-37,2.2798398538804893e-37,2.290336436864291e-37,2.300865188597887e-37,2.311426158299476e-37,2.322019395187254e-37,2.3326449484794185e-37,2.343302867394167e-37,2.3539932011496957e-37,2.3647159989642027e-37,2.375471310055886e-37,2.3862591836429407e-37,2.3970796689435645e-37,2.4079328151759547e-37,2.4188186715583087e-37,2.4297372873088236e-37,2.440688711645697e-37,2.4516729937871252e-37,2.4626901829513056e-37,2.4737403283564347e-37,2.4848234792207103e-37,2.4959396847623305e-37,2.5070889941994906e-37,2.5182714567503884e-37,2.529487121633221e-37,2.5407360380661865e-37,2.552018255267481e-37,2.563333822455302e-37,2.5746827888478466e-37,2.586065203663312e-37,2.5974811161198954e-37,2.608930575435794e-37,2.620413630829204e-37,2.6319303315183237e-37,2.64348072672135e-37,2.6550648656564795e-37,2.66668279754191e-37,2.678334571595838e-37,2.690020237036461e-37,2.7017398430819756e-37,2.71349343895058e-37,2.725281073860471e-37,2.7371027970298445e-37,2.7489586576768996e-37,2.760848705019831e-37,2.7727729882768396e-37,2.7847315566661184e-37,2.7967244594058663e-37,2.808751745714281e-37,2.8208134648095587e-37,2.8329096659098984e-37,2.845040398233495e-37,2.857205710998547e-37,2.8694056534232506e-37,2.881640274725804e-37,2.893909624124403e-37,2.9062137508372452e-37,2.918552704082529e-37,2.930926533078449e-37,2.943335287043204e-37,2.955779015194992e-37,2.968257766752008e-37,2.9807715909324493e-37,2.993320536954515e-37,3.0059046540364024e-37,3.018523991396306e-37,3.0311785982524247e-37,3.043868523822955e-37,3.0565938173260945e-37,3.0693545279800406e-37,3.0821507050029907e-37,3.09498239761314e-37,3.107849655028687e-37,3.1207525264678294e-37,3.1336910611487634e-37,3.146665308289685e-37,3.159675317108794e-37,3.172721136824286e-37,3.1858028166543587e-37,3.1989204058172093e-37,3.2120739535310332e-37,3.2252635090140306e-37,3.2384891214843962e-37,3.251750840160328e-37,3.2650487142600237e-37,3.2783827930016776e-37,3.29175312560349e-37,3.305159761283658e-37,3.3186027492603773e-37,3.332082138751846e-37,3.345597978976261e-37,3.3591503191518184e-37,3.372739208496716e-37,3.3863646962291514e-37,3.4000268315673235e-37,3.4137256637294257e-37,3.4274612419336563e-37,3.441233615398212e-37,3.455042833341292e-37,3.4688889449810924e-37,3.4827719995358097e-37,3.496692046223641e-37,3.510649134262785e-37,3.5246433128714376e-37,3.5386746312677966e-37,3.5527431386700583e-37,3.56684888429642e-37,3.580991917365079e-37,3.595172287094233e-37,3.6093900427020775e-37,3.6236452334068126e-37,3.6379379084266323e-37,3.6522681169797363e-37,3.6666359082843195e-37,3.681041331558581e-37,3.695484436020717e-37,3.7099652708889233e-37,3.7244838853814e-37,3.7390403287163415e-37,3.753634650111946e-37,3.7682668987864106e-37,3.782937123957933e-37,3.79764537484471e-37,3.8123917006649396e-37,3.827176150636816e-37,3.841998773978537e-37,3.8568596199083035e-37,3.871758737644308e-37,3.886696176404751e-37,3.901671985407829e-37,3.916686213871738e-37,3.931738911014675e-37,3.946830126054838e-37,3.961959908210424e-37,3.977128306699631e-37,3.992335370740655e-37,4.007581149551692e-37,4.022865692350942e-37,4.038189048356599e-37,4.053551266786865e-37,4.068952396859931e-37,4.0843924877939985e-37,4.0998715888072614e-37,4.11538974911792e-37,4.130947017944171e-37,4.146543444504209e-37,4.162179078016233e-37,4.177853967698441e-37,4.193568162769028e-37,4.2093217124461934e-37,4.2251146659481315e-37,4.240947072493041e-37,4.256818981299119e-37,4.272730441584563e-37,4.28868150256757e-37,4.3046722134663365e-37,4.3207026234990615e-37,4.336772781883939e-37,4.3528827378391695e-37,4.369032540582947e-37,4.385222239333471e-37,4.401451883308938e-37,4.417721521727545e-37,4.434031203807488e-37,4.450380978766965e-37,4.466770895824173e-37,4.483201004197311e-37,4.499671353104574e-37,4.51618199176416e-37,4.532732969394265e-37,4.549324335213088e-37,4.565956138438824e-37,4.582628428289675e-37,4.599341253983831e-37,4.616094664739494e-37,4.632888709774859e-37,4.6497234383081245e-37,4.666598899557486e-37,4.683515142741142e-37,4.700472217077289e-37,4.717470171784124e-37,4.734509056079845e-37,4.751588919182648e-37,4.768709810310731e-37,4.785871778682293e-37,4.803074873515528e-37,4.820319144028632e-37,4.837604639439806e-37,4.854931408967246e-37,4.872299501829148e-37,4.88970896724371e-37,4.90715985442913e-37,4.924652212603602e-37,4.942186090985327e-37,4.959761538792499e-37,4.977378605243315e-37,4.995037339555975e-37,5.0127377909486746e-37,5.030480008639611e-37,5.04826404184698e-37,5.0660899397889815e-37,5.083957751683811e-37,5.101867526749665e-37,5.119819314204744e-37,5.137813163267241e-37,5.155849123155357e-37,5.173927243087284e-37,5.192047572281222e-37,5.21021015995537e-37,5.228415055327923e-37,5.246662307617078e-37,5.264951966041032e-37,5.283284079817983e-37,5.3016586981661294e-37,5.320075870303666e-37,5.338535645448789e-37,5.3570380728197e-37,5.375583201634594e-37,5.394171081111667e-37,5.412801760469116e-37,5.43147528892514e-37,5.450191715697933e-37,5.468951090005694e-37,5.487753461066621e-37,5.506598878098911e-37,5.525487390320759e-37,5.544419046950366e-37,5.563393897205925e-37,5.5824119903056365e-37,5.601473375467695e-37,5.6205781019102996e-37,5.6397262188516464e-37,5.658917775509933e-37,5.678152821103356e-37,5.697431404850111e-37,5.716753575968399e-37,5.736119383676414e-37,5.755528877192353e-37,5.774982105734418e-37,5.794479118520799e-37,5.8140199647696965e-37,5.833604693699308e-37,5.853233354527831e-37,5.872905996473461e-37,5.8926226687543966e-37,5.912383420588835e-37,5.9321883011949724e-37,5.952037359791007e-37,5.971930645595135e-37,5.991868207825554e-37,6.01185009570046e-37,6.0318763584380516e-37,6.051947045256526e-37,6.072062205374081e-37,6.0922218880089104e-37,6.1124261423792145e-37,6.132675017703191e-37,6.152968563199033e-37,6.173306828084941e-37,6.19368986157911e-37,6.214117712899739e-37,6.234590431265024e-37,6.2551080658931636e-37,6.275670666002355e-37,6.296278280810792e-37,6.316930959536675e-37,6.3376287513982e-37,6.358371705613564e-37,6.379159871400966e-37,6.399993297978601e-37,6.420872034564665e-37,6.441796130377358e-37,6.462765634634877e-37,6.4837805965554154e-37,6.504841065357175e-37,6.525947090258351e-37,6.54709872047714e-37,6.5682960052317394e-37,6.589538993740349e-37,6.610827735221161e-37,6.632162278892377e-37,6.6535426739721905e-37,6.674968969678801e-37,6.6964412152304045e-37,6.7179594598452e-37,6.739523752741382e-37,6.761134143137149e-37,6.782790680250699e-37,6.804493413300229e-37,6.826242391503932e-37,6.848037664080014e-37,6.869879280246663e-37,6.891767289222078e-37,6.913701740224459e-37,6.935682682472003e-37,6.9577101651829035e-37,6.9797842375753614e-37,7.001904948867573e-37,7.024072348277735e-37,7.046286485024044e-37,7.068547408324701e-37,7.090855167397898e-37,7.1132098114618345e-37,7.135611389734708e-37,7.158059951434713e-37,7.180555545780048e-37,7.203098221988913e-37,7.225688029279502e-37,7.248325016870011e-37,7.271009233978641e-37,7.293740729823588e-37,7.316519553623047e-37,7.339345754595217e-37,7.362219381958296e-37,7.3851404849304776e-37,7.408109112729962e-37,7.431125314574944e-37,7.454189139683623e-37,7.477300637274193e-37,7.500459856564856e-37,7.523666846773806e-37,7.546921657119238e-37,7.570224336819355e-37,7.59357493509235e-37,7.61697350115642e-37,7.640420084229765e-37,7.663914733530581e-37,7.687457498277065e-37,7.71104842768741e-37,7.734687570979818e-37,7.758374977372486e-37,7.782110696083611e-37,7.805894776331389e-37,7.829727267334016e-37,7.853608218309691e-37,7.877537678476612e-37,7.901515697052973e-37,7.925542323256972e-37,7.949617606306808e-37,7.973741595420678e-37,7.997914339816777e-37,8.0221358887133e-37,8.046406291328452e-37,8.070725596880425e-37,8.09509385458742e-37,8.119511113667628e-37,8.14397742333925e-37,8.168492832820481e-37,8.19305739132952e-37,8.217671148084563e-37,8.24233415230381e-37,8.267046453205454e-37,8.291808100007694e-37,8.316619141928726e-37,1.0725774610600396e-17,2.1887126935413568e-17,3.351230105864634e-17,4.5632094228170583e-17,5.828015424925858e-17,7.149332090654821e-17,8.531201859646146e-17,9.978070910097923e-17,1.1494841545184317e-16,1.3086933027357856e-16,1.4760352501147278e-16,1.6521778023072518e-16,1.8378656195085398e-16,2.0339317506987869e-16,2.241311327420029e-16,2.461057906813207e-16,2.694363085243518e-16,2.9425801767847045e-16,3.207252980080562e-16,3.49015096362919e-16,3.793312613741514e-16,4.11909925492248e-16,4.470262433155964e-16,4.850029044582113e-16,5.262209938343935e-16,5.711339945509514e-16,6.202860531400783e-16,6.743361090609445e-16,7.340902206613262e-16,8.005455501377455e-16,8.74951263740553e-16,9.588945348738606e-16,1.0544248033740453e-15,1.1642382500386848e-15,1.2919610487678724e-15,1.4426040575628261e-15,1.6233406101721641e-15,1.844974752362978e-15,2.12519101152766e-15,2.4977535243410698e-15,3.0487916771237986e-15,4.127277070226524e-15,8.212577752358355e-15,4.6213207960621915e-14,7.175023765748663e-13,1.4241696220389678e-11,2.047371337686429e-10,1.7601968079433145e-09,9.481747545752957e-09,3.5653057979883094e-08,1.030651682537144e-07,2.4588522046612987e-07,5.08131813561052e-07,9.392115565447355e-07,1.586070486780547e-06,2.483017918322703e-06,3.642043096988801e-06,5.046948269807467e-06,6.653515426534728e-06,8.396094029191177e-06,1.0199356752898843e-05,1.1992136643658006e-05,1.3717989719760641e-05,1.533803274491695e-05,1.6827353119984642e-05,1.8170012567960955e-05,1.9355884876629673e-05,2.037951640796313e-05,2.1239946802793394e-05,2.1940622508381323e-05,2.2489115828683885e-05,2.289696444226823e-05,2.3182194150583508e-05,4.099491953090384e-05,7.060600050602924e-05,0.00010548008155859129,0.00014212184728325535,0.000179004061207355,0.0002155131357896957,0.00025141169559591967,0.0002866091027555898,0.000321070957414261,0.00035478487724283737,0.00038774777516628703,0.00041996106702132794,0.00045142875791832985,0.00048215658281599883,0.0005121515516581999,0.0005414216659355295,0.0005699757193996885,0.0005978231471797916,0.0006249739065106555,0.0006514383798911335,0.0006772272949711151,0.0007023516573117884,0.0007268226932738771,0.0007506518010161993,0.0007738505080893454,0.0007964304344676641,0.0008184032601237176,0.0008397806964424242,0.0008605744609168187,0.0008807962546769493,0.0009004577424874049,0.0009195705349139044,0.0009381461724099358,0.0009561961111144435,0.000973731710183142,0.0009907642205014857,0.0010073047746478392,0.0010233643779921197,0.0010389539008289778,0.001054084071455987,0.001068765470116905,0.0010830085237381669,0.0010968235013936298,0.0011102205104385518,0.0011232094932589285,0.0011358002245868027,0.001148002309336127,0.00115982518091732,0.0011712780999917681,0.0011823701536304045,0.0011931102548430766,0.0012035071424477417,0.0012135693812506995,0.0012233053625110744,0.0012327233046645393,0.0012418312542830363,0.0012506370872487653,0.0012591485101222332,0.0012673730616854987,0.0012753181146430324,0.0012829908774638396,0.0012903983963495917,0.0012975475573145906,0.001304445088364365,0.0013110975617606523,0.001317511396361381,0.001323692860025094,0.0013296480720700389,0.001335383005778858,0.0013409034909405153,0.0013462152164217332,0.0013513237327608006,0.0013562344547771881,0.0013609526641909684,0.0013654835122464467,0.0013698320223350063,0.0013740030926124719,0.0013780014986067971,0.0013818318958122204,0.0013854988222664199,0.0013890067011074704,0.0013923598431078096,0.0013955624491826146,0.0013986186128703277,0.0014015323227832771,0.0014043074650266123,0.001406947825583943,0.0014094570926683138,0.0014118388590372997,0.0014140966242712117,0.0014162337970135299,0.0014182536971728485,0.0014201595580857417,0.0014219545286400953,0.0014236416753585575,0.0014252239844418574,0.0014267043637718555,0.0014280856448742772,0.0014293705848411242,0.0014305618682129019,0.0014316621088207874,0.0014326738515889955,0.0014335995742975958,0.0014344416893061302,0.0014352025452383918,0.0014358844286287776,0.0014364895655306707,0.0014370201230873235,0.0014374782110657485,0.0014378658833541517,0.0014381851394234598,0.0014384379257534985,0.0014386261372244284,0.001438751618474011,0.0014388161652213313,0.0014388215255575845,0.0014387694012045428,0.001438661448741341,0.0014384992808002088,0.0014382844672317658,0.0014380185362405295,0.0014377029754912528,0.001437339233186729,0.0014369287191176713,0.0014364728056853128,0.0014359728288973134,0.0014354300893376047,0.0014348458531107697,0.0014342213527615388,0.0014335577881700134,0.0014328563274232,0.0014321181076633626,0.0014313442359138707,0.0014305357898829968,0.0014296938187462454,0.0014288193439077695,0.0014279133597413546,0.0014269768343115287,0.0014260107100752852,0.0014250159045649045,0.001423993311052392,0.0014229437991959732,0.0014218682156691353,0.0014207673847726713,0.001419642109030149,0.00141849316976728,0.0014173213276755716,0.0014161273233607259,0.0014149118778761362,0.0014136756932419427,0.0014124194529499766,0.001411143822455013,0.001409849449652674,0.0014085369653443758,0.0014072069836896103,0.0014058601026459934,0.0014044969043973319,0.0014031179557700741,0.0014017238086384586,0.0014003150003186664,0.0013988920539522724,0.0013974554788792988,0.0013960057710011575,0.0013945434131337393,0.001393068875350952,0.0013915826153189422,0.001390085078621282,0.0013885766990753415,0.001387057899040121,0.001385529089715762,0.0013839906714349626,0.0013824430339465352,0.0013808865566913124,0.0013793216090706257,0.001377748550707539,0.001376167731701077,0.00137457949287359,0.0013729841660114882,0.0013713820740995297,0.0013697735315487912,0.001368158844418561,0.0013665383106322712,0.0013649122201876743,0.0013632808553613912,0.0013616444909079967,0.001360003394253807,0.0013583578255788535,0.0013567080384032306,0.0013550542792212957,0.0013533967879659297,0.0013517357981481792,0.0013500715370134986,0.0013484042256997552,0.0013467340793927736,0.0013450613074782545,0.001343386113689837,0.0013417086962533053,0.0013400292480269915,0.0013383479566385188,0.0013366650046179327,0.0013349805695273475,0.0013332948240871983,0.0013316079362991832,0.0013299200695659997,0.0013282313828079449,0.0013265420305764843,0.0013248521631648584,0.0013231619267158087,0.0013214714633265129,0.0013197809111507868,0.0013180904044986451,0.0013164000739332782,0.0013147100463655292,0.0013130204451459163,0.0013113313901543069,0.0013096429978872461,0.0013079553815430723,0.0013062686511048228,0.0013045829134210203,0.001302898272284383,0.0013012148285085291,0.0012995326800027025,0.0012978519218446083,0.0012961726463513769,0.0012944949431487201,0.0012928188992383423,0.0012911445990636092,0.0012894721245735828,0.0012878015552854013,0.0012861329683451015,0.0012844664385868907,0.0012828020385909254,0.0012811398387396259,0.001279479907272579,0.001277822310340053,0.0012761671120551672,0.0012745143745447514,0.001272864157998928,0.0012712165207194575,0.0012695715191668605,0.0012679292080063761,0.0012662896401527584,0.0012646528668139715,0.0012630189375337775,0.0012613879002332765,0.0012597598012514123,0.0012581346853844627,0.0012565125959245662,0.001254893574697278,0.0012532776620982039,0.0012516648971287255,0.001250055317430847,0.0012484489593211781,0.0012468458578240758,0.0012452460467039807,0.0012436495584969463,0.0012420564245413995,0.001240466675008141,0.0012388803389296217,0.0012372974442284815,0.0012357180177454085,0.0012341420852663098,0.001232569671548812,0.0012310008003481236,0.0012294354944422659,0.0012278737756566836,0.0012263156648882594,0.0012247611821287463,0.0012232103464876278,0.0012216631762144204,0.0012201196887204452,0.001218579900600063,0.0012170438276513922,0.001215511484896536,0.0012139828866013136,0.0012124580462945127,0.0012109369767866888,0.001209419690188491,0.0012079061979285678,0.0012063965107710275,0.0012048906388324818,0.001203388591598683,0.0012018903779407526,0.0012003960061310356,0.0011989054838585566,0.0011974188182441153,0.0011959360158550225,0.0011944570827194692,0.001192982024340571,0.0011915108457100595,0.0011900435513216583,0.0011885801451841326,0.001187120630834027,0.0011856650113481028,0.0011842132893554772,0.0011827654670494697,0.0011813215461991752,0.0011798815281607441,0.0011784454138884166,0.0011770132039452732,0.001175584898513743,0.0011741604974058568,0.001172740000073254,0.0011713234056169573,0.001169910712796912,0.0011685019200412987,0.001167097025455624,0.001165696026831595,0.0011642989216557893,0.0011629057071181079,0.0011615163801200392,0.0011601309372827164,0.0011587493749547946,0.0011573716892201297,0.0011559978759052851,0.0011546279305868533,0.0011532618485986035,0.001151899625038472,0.0011505412547753683,0.0011491867324558331,0.0011478360525105317,0.0011464892091605987,0.0011451461964238287,0.001143807008120718,0.001142471637880369,0.0011411400791462494,0.0011398123251818153,0.001138488369076005,0.0011371682037485962,0.00113585182195544,0.0011345392162935698,0.0011332303792061875,0.0011319253029875335,0.0011306239797876354,0.0011293264016169519,0.0011280325603509004,0.0011267424477342746,0.0011254560553855665,0.0011241733748011736,0.001122894397359514,0.001121619114325037,0.0011203475168521453,0.0011190795959890164,0.0011178153426813367,0.0011165547477759439,0.0011152978020243837,0.0011140444960863792,0.0011127948205332193,0.0011115487658510646,0.0011103063224441718,0.0011090674806380457,0.0011078322306825091,0.001106600562754701,0.001105372466962005,0.0011041479333449035,0.0011029269518797625,0.0011017095124815513,0.0011004956050064945,0.0010992852192546602,0.001098078344972485,0.0010968749718552368,0.0010956750895494201,0.0010944786876551148,0.0010932857557282697,0.0010920962832829289,0.0010909102597934101,0.0010897276746964254,0.0010885485173931528,0.0010873727772512502,0.0010862004436068314,0.0010850315057663825,0.0010838659530086308,0.0010827037745863757,0.0010815449597282648,0.0010803894976405316,0.0010792373775086843,0.001078088588499158,0.0010769431197609214,0.001075800960427041,0.0010746620996162125,0.0010735265264342469,0.0010723942299755201,0.0010712651993243884,0.0010701394235565639,0.001069016891740459,0.0010678975929384895,0.0010667815162083497,0.0010656686506042548,0.0010645589851781454,0.0010634525089808669,0.0010623492110633126,0.001061249080477541,0.001060152106277861,0.0010590582775218875,0.0010579675832715744,0.001056880012594212,0.0010557955545634047,0.0010547141982600173,0.001053635932773099,0.0010525607472007803,0.001051488630651146,0.0010504195722430866,0.0010493535611071185,0.0010482905863861954,0.001047230637236481,0.001046173702828111,0.0010451197723459313,0.0010440688349902109,0.001043020879977345,0.0010419758965405203,0.0010409338739303822,0.0010398948014156673,0.0010388586682838212,0.0010378254638416032,0.0010367951774156667,0.0010357677983531255,0.0010347433160221033,0.001033721719812265,0.0010327029991353328,0.001031687143425587,0.0010306741421403495,0.0010296639847604551,0.001028656660790706,0.0010276521597603113,0.0010266504712233145,0.0010256515847590043,0.0010246554899723168,0.0010236621764942182,0.0010226716339820803,0.001021683852120041,0.0010206988206193503,0.0010197165292187115,0.0010187369676845995,0.0010177601258115811,0.0010167859934226125,0.0010158145603693307,0.0010148458165323369,0.0010138797518214656,0.0010129163561760437,0.0010119556195651415,0.0010109975319878121,0.0010100420834733262,0.0010090892640813893,0.001008139063902357,0.001007191473057439,0.0010062464816988936,0.0010053040800102157,0.0010043642582063144,0.0010034270065336854,0.0010024923152705748,0.00100156017472713,0.0010006305752455521,0.0009997035072002358,0.0009987789609979024,0.0009978569270777257,0.0009969373959114517,0.000996020358003517,0.000995105803891147,0.0009941937241444627,0.0009932841093665751,0.0009923769501936728,0.0009914722372951,0.0009905699613734424,0.0009896701131645905,0.000988772683437812,0.000987877662995807,0.0009869850426747668,0.0009860948133444247,0.0009852069659081002,0.0009843214913027392,0.0009834383804989545,0.0009825576245010516,0.000981679214347059,0.0009808031411087524,0.0009799293958916713,0.0009790579698351332,0.0009781888541122463,0.0009773220399299154,0.0009764575185288436,0.0009755952811835322,0.0009747353192022787,0.0009738776239271645,0.0009730221867340485,0.0009721689990325474,0.0009713180522660214,0.0009704693379115525,0.00096962284747992,0.0009687785725155721,0.0009679365045965978,0.0009670966353346957,0.0009662589563751333,0.0009654234593967129,0.0009645901361117309,0.0009637589782659304,0.0009629299776384584,0.0009621031260418191,0.0009612784153218195,0.0009604558373575185,0.0009596353840611703,0.0009588170473781728,0.0009580008192869988,0.0009571866917991443,0.0009563746569590573,0.0009555647068440781,0.0009547568335643703,0.0009539510292628523,0.0009531472861151263,0.0009523455963294059,0.000951545952146443,0.0009507483458394518,0.0009499527697140335,0.0009491592161080955,0.0009483676773917725,0.0009475781459673432,0.0009467906142691541,0.0009460050747635277,0.0009452215199486822,0.0009444399423546422,0.0009436603345431529,0.000942882689107593,0.0009421069986728793,0.000941333255895381,0.0009405614534628271,0.0009397915840942114,0.0009390236405396985,0.0009382576155805319,0.000937493502028935,0.0009367312927280164,0.0009359709805516739,0.0009352125584044922,0.0009344560192216478,0.0009337013559688079,0.0009329485616420294,0.0009321976292676598,0.0009314485519022331,0.0009307013226323707,0.0009299559345746747,0.000929212380875628,0.0009284706547114887,0.0009277307492881843,0.0009269926578412108,0.0009262563736355233,0.0009255218899654316,0.0009247892001544953,0.0009240582975554146,0.0009233291755499252,0.0009226018275486907,0.000921876246991194,0.0009211524273456312,0.0009204303621088006,0.0009197100448059961,0.0009189914689908987,0.0009182746282454663,0.0009175595161798242,0.0009168461264321575,0.0009161344526685996,0.0009154244885831244,0.0009147162278974329,0.0009140096643608491,0.000913304791750201,0.0009126016038697206,0.0009119000945509246,0.0009112002576525117,0.000910502087060246,0.0009098055766868482,0.0009091107204718873,0.0009084175123816679,0.0009077259464091193,0.0009070360165736871,0.0009063477169212205,0.0009056610415238634,0.0009049759844799425,0.000904292539913858,0.0009036107019759724,0.0009029304648425019,0.0009022518227154046,0.0009015747698222703,0.0009008993004162106,0.0009002254087757521,0.0008995530892047214,0.0008988823360321396,0.0008982131436121116,0.0008975455063237158,0.0008968794185708988,0.0008962148747823584,0.000895551869411445,0.000894890396936046,0.0008942304518584768,0.0008935720287053788,0.0008929151220276068,0.0008922597264001199,0.0008916058364218785,0.0008909534467157334,0.0008903025519283193,0.0008896531467299501,0.0008890052258145085,0.0008883587838993429,0.0008877138157251597,0.0008870703160559165,0.0008864282796787196,0.000885787701403715,0.000885148576063984,0.0008845108985154431,0.0008838746636367331,0.0008832398663291166,0.0008826065015163769,0.0008819745641447115,0.0008813440491826294,0.000880714951620848,0.000880087266472192,0.0008794609887714876,0.0008788361135754642,0.0008782126359626489,0.0008775905510332684,0.0008769698539091451,0.0008763505397335988,0.0008757326036713439,0.0008751160409083896,0.0008745008466519416,0.0008738870161303022,0.0008732745445927687,0.0008726634273095391,0.0008720536595716082,0.000871445236690674,0.0008708381539990376,0.0008702324068495069,0.0008696279906152978,0.0008690249006899405,0.000868423132487179,0.00086782268144088,0.0008672235430049323,0.000866625712653155,0.000866029185879203,0.0008654339581964671,0.0008648400251379871,0.0008642473822563525,0.0008636560251236111,0.0008630659493311767,0.0008624771504897354,0.000861889624229153,0.0008613033661983835,0.000860718372065377,0.0008601346375169886,0.0008595521582588881,0.000858970930015469,0.0008583909485297584,0.0008578122095633275,0.0008572347088962017,0.0008566584423267725,0.0008560834056717078,0.0008555095947658649,0.000854937005462201,0.000854365633631687,0.0008537954751632197,0.0008532265259635359,0.000852658781957125,0.0008520922390861442,0.0008515268933103303,0.0008509627406069188,0.0008503997769705544,0.0008498379984132103,0.0008492774009641006,0.0008487179806696002,0.000848159733593159,0.0008476026558152186,0.0008470467434331321,0.0008464919925610794,0.0008459383993299863,0.0008453859598874438,0.0008448346703976241,0.0008442845270412045,0.0008437355260152832,0.0008431876635333004,0.0008426409358249599,0.0008420953391361463,0.0008415508697288505,0.000841007523881089,0.0008404652978868257,0.0008399241880558932,0.0008393841907139183,0.0008388453022022418,0.000838307518877843,0.000837770837113264,0.0008372352532965329,0.0008367007638310889,0.0008361673651357061,0.0008356350536444186,0.0008351038258064473,0.0008345736780861248,0.0008340446069628213,0.0008335166089308713,0.0008329896804995007,0.0008324638181927547,0.0008319390185494234,0.0008314152781229734,0.0008308925934814708,0.0008303709612075135,0.0008298503778981616,0.0008293308401648632,0.0008288123446333846,0.0008282948879437419,0.0008277784667501321,0.0008272630777208605,0.0008267487175382755,0.0008262353828986966,0.0008257230705123498,0.0008252117771032946,0.0008247014994093629,0.0008241922341820868,0.0008236839781866328,0.0008231767282017363,0.000822670481019635,0.0008221652334460031,0.000821660982299884,0.0008211577244136286,0.0008206554566328266,0.0008201541758162445,0.0008196538788357596,0.0008191545625762967,0.0008186562239357668,0.0008181588598249992,0.0008176624671676816,0.0008171670429002974,0.0008166725839720637,0.0008161790873448664,0.0008156865499932013,0.0008151949689041124,0.0008147043410771305,0.0008142146635242112,0.0008137259332696763,0.0008132381473501531,0.0008127513028145132,0.0008122653967238154,0.0008117804261512448,0.0008112963881820542,0.0008108132799135047,0.0008103310984548093,0.0008098498409270742,0.0008093695044632388,0.0008088900862080224,0.0008084115833178632,0.0008079339929608644,0.000807457312316735,0.000806981538576737,0.0008065066689436243,0.0008060327006315929,0.0008055596308662209,0.0008050874568844166,0.0008046161759343616,0.000804145785275457,0.0008036762821782693,0.0008032076639244755,0.0008027399278068123,0.0008022730711290177,0.0008018070912057832,0.0008013419853626977,0.0008008777509361962,0.0008004143852735059,0.0007999518857325961,0.0007994902496821266,0.000799029474501393,0.0007985695575802813,0.000798110496319209,0.0007976522881290825,0.000797194930431241,0.0007967384206574094,0.0007962827562496476,0.0007958279346602994,0.0007953739533519446,0.0007949208097973512,0.0007944685014794237,0.0007940170258911561,0.0007935663805355828,0.0007931165629257315,0.0007926675705845745,0.0007922194010449816,0.0007917720518496725,0.0007913255205511695,0.0007908798047117507,0.0007904349019034051,0.0007899908097077819,0.0007895475257161502,0.0007891050475293494,0.0007886633727577432,0.0007882224990211753,0.0007877824239489252,0.0007873431451796619,0.0007869046603614,0.0007864669671514541,0.0007860300632163968,0.0007855939462320109,0.000785158613883251,0.0007847240638641942,0.000784290293878002,0.0007838573016368728,0.000783425084862002,0.0007829936412835391,0.0007825629686405435,0.0007821330646809444,0.0007817039271614977,0.0007812755538477441,0.0007808479425139676,0.0007804210909431569,0.0007799949969269599,0.0007795696582656446,0.0007791450727680609,0.0007787212382515963,0.0007782981525421385,0.0007778758134740351,0.000777454218890051,0.0007770333666413312,0.0007766132545873625,0.0007761938805959322,0.0007757752425430902,0.0007753573383131089,0.0007749401657984472,0.0007745237228997079,0.0007741080075256061,0.000773693017592924,0.0007732787510264773,0.0007728652057590781,0.0007724523797314956,0.0007720402708924184,0.0007716288771984198,0.0007712181966139207,0.0007708082271111511,0.0007703989666701149,0.0007699904132785539,0.0007695825649319114,0.000769175419633297,0.0007687689753934496,0.0007683632302307048,0.0007679581821709551,0.0007675538292476185,0.0007671501695016029,0.0007667472009812704,0.0007663449217424038,0.0007659433298481714,0.0007655424233690937,0.0007651422003830084,0.000764742658975037,0.000764343797237552,0.0007639456132701421,0.0007635481051795793,0.0007631512710797869,0.0007627551090918049,0.0007623596173437582,0.0007619647939708238,0.0007615706371151984,0.0007611771449260659,0.0007607843155595657,0.000760392147178761,0.000760000637953605,0.0007596097860609133,0.0007592195896843289,0.0007588300470142911,0.0007584411562480078,0.00075805291558942,0.000757665323249175,0.0007572783774445924,0.0007568920763996361,0.0007565064183448836,0.0007561214015174937,0.00075573702416118,0.0007553532845261785,0.0007549701808692191,0.0007545877114534958,0.0007542058745486362,0.000753824668430674,0.000753444091382019,0.0007530641416914293,0.00075268481765398,0.0007523061175710384,0.0007519280397502314,0.0007515505825054202,0.0007511737441566709,0.000750797523030226,0.0007504219174584792,0.0007500469257799435,0.0007496725463392251,0.0007492987774869991,0.0007489256175799777,0.0007485530649808876,0.0007481811180584368,0.0007478097751872942,0.0007474390347480579,0.0007470688951272322,0.0007466993547171992,0.0007463304119161907,0.0007459620651282677,0.0007455943127632884,0.0007452271532368838,0.0007448605849704359,0.0007444946063910454,0.0007441292159315117,0.0007437644120303052,0.0007434001931315405,0.0007430365576849545,0.0007426735041458805,0.0007423110309752205,0.000741949136639424,0.000741587819610462,0.0007412270783658017,0.0007408669113883838,0.000740507317166596,0.0007401482941942517,0.0007397898409705626,0.000739431956000119,0.000739074637792861,0.0007387178848640593,0.0007383616957342898,0.0007380060689294092,0.0007376510029805348,0.0007372964964240178,0.0007369425478014216,0.0007365891556595005,0.0007362363185501742,0.0007358840350305066,0.0007355323036626829,0.0007351811230139879,0.0007348304916567822,0.0007344804081684812,0.0007341308711315323,0.0007337818791333936,0.0007334334307665096,0.0007330855246282932,0.0007327381593211012,0.0007323913262583722,0.0007320450265007098,0.0007316992611708918,0.0007313540301036804,0.0007310093325142088,0.0007306651672993496,0.0007303215332438753,0.0007299784290523162,0.0007296358533997821,0.0007292938049512449,0.0007289522823681983,0.0007286112843135159,0.0007282708094530458,0.0007279308564555177,0.0007275914239950268,0.0007272525107439143,0.0007269141153904994,0.0007265762366219524,0.0007262388731299778,0.0007259020236108105,0.000725565686765253,0.0007252298612984903,0.0007248945459382652,0.0007245597393806374,0.0007242254403442682,0.0007238916475625031,0.0007235583597533533,0.0007232255756475186,0.0007228932939828904,0.0007225615134962702,0.0007222302329360468,0.0007218994510522318,0.0007215691665948648,0.0007212393783242182,0.0007209100850011062,0.0007205812853947912,0.0007202529782720944,0.0007199251624082858,0.0007195978365841032,0.0007192709995832375,0.0007189446501867925,0.0007186187871932257,0.0007182934093961529,0.0007179685155865946,0.0007176441044094018,0.0007173201749750735,0.0007169967259069679,0.0007166737560842594,0.0007163512643255324,0.0007160292494631105,0.0007157077103052738,0.0007153866457186612,0.0007150660544149534,0.0007147459353790469,0.0007144262873827564,0.0007141071092981191,0.000713788400002514,0.000713470158281589,0.0007131523830274359,0.0007128350731047055,0.0007125182274172071,0.0007122018447573114,0.0007118859240308781,0.0007115704641095626,0.0007112554638829878,0.0007109409222456947,0.0007106268380935086,0.0007103132103034478,0.0007100000377773043,0.0007096873194212213,0.0007093750541324106,0.0007090632408181035,0.0007087518783894095,0.0007084409657609349,0.0007081305018481668,0.0007078204855757048,0.0007075109158688996,0.0007072017916567416,0.0007068931118716285,0.0007065848754495679,0.0007062770813245956,0.0007059697284452047,0.0007056628157376546,0.0007053563421709374,0.0007050503066989396,0.0007047447082787155,0.0007044395458695735,0.0007041348184364504,0.0007038305249456578,0.0007035266643681078,0.0007032232356771591,0.00070292023784971,0.0007026176698667558,0.0007023155307120247,0.0007020138193731192,0.0007017125348401153,0.0007014116761072774,0.0007011112421719594,0.0007008112320340577,0.000700511644697549,0.0007002124791688065,0.0006999137345043501,0.0006996154096558251,0.0006993175036640509,0.0006990200155235356,0.0006987229442622129,0.000698426288930065,0.0006981300485263256,0.0006978342221004976,0.0006975388087065946,0.0006972438073959735,0.0006969492170940799,0.0006966550369820641,0.0006963612660396373,0.0006960679033351345,0.0006957749479181871,0.0006954823988454794,0.0006951902551767051,0.0006948985159745682,0.0006946071803047566,0.0006943162472359655,0.000694025715839676,0.0006937355851906175,0.0006934458543666083,0.0006931565224479257,0.0006928675885188547,0.0006925790516637655,0.0006922909109731172,0.0006920031655382408,0.0006917158144535556,0.0006914288568187547,0.0006911422917338493,0.0006908561183023722,0.00069057033562721,0.0006902849428249106,0.0006899999390034658,0.0006897153232787937,0.0006894310947800536,0.0006891472525841753,0.0006888637958595293,0.000688580723717969,0.0006882980352874832,0.0006880157297338659,0.0006877338060107625,0.0006874522635140656,0.0006871711012707045,0.0006868903184198469,0.0006866099141086255,0.0006863298874845092,0.0006860502377212998,0.0006857709639278687,0.0006854920652800892,0.0006852135409358055,0.0006849353900559045,0.0006846576118034337,0.0006843802053444962,0.0006841031698474273,0.0006838265044831742,0.000683550208402188,0.0006832742808231493,0.0006829987209058236,0.0006827235278313158,0.0006824487007841022,0.0006821742389490739,0.0006819001415150474,0.000681626407673357,0.0006813530366178075,0.0006810800275444474,0.0006808073795712842,0.0006805350919806819,0.00068026316397735,0.0006799915947645978,0.0006797203835536205,0.0006794495295541467,0.0006791790319797737,0.0006789088900455505,0.0006786391029699845,0.0006783696699738103,0.0006781005902780678,0.0006778318631095509,0.0006775634876954271,0.0006772954632663311,0.0006770277890533506,0.0006767604642918624,0.00067649348821822,0.0006762268600721758,0.0006759605790943247,0.0006756946445289893,0.0006754290556220955,0.0006751638116215802,0.0006748989117787269,0.0006746343553464267,0.0006743701415789091,0.0006741062697354905,0.0006738427390738055,0.0006735795488555803,0.0006733166983465141,0.0006730541868115906,0.0006727920135198998,0.0006725301777414755,0.0006722686787497164,0.0006720075158182287,0.0006717466882255454,0.0006714861952506371,0.0006712260361749103,0.000670966210282543,0.0006707067168580302,0.0006704475551903072,0.0006701887245686886,0.0006699302242864292,0.0006696720536356415,0.0006694142119137313,0.0006691566984194791,0.0006688995124535043,0.0006686426534039137,0.0006683861204889763,0.0006681299130152524,0.000667874030291709,0.0006676184716285642,0.0006673632363386262,0.0006671083237361967,0.0006668537331384563,0.0006665994638644213,0.0006663455152301653,0.0006660918865634253,0.0006658385771889794,0.0006655855864334024,0.0006653329136255965,0.0006650805580962685,0.0006648285192292167,0.0006645767962549656,0.0006643253886204564,0.0006640742955511038,0.0006638235164425226,0.0006635730506374455,0.0006633228974790169,0.0006630730563159993,0.0006628235264924696,0.0006625743073629476,0.0006623253982771637,0.0006620767985892052,0.0006618285076543124,0.0006615805248300163,0.0006613328494749161,0.0006610854809518834,0.0006608384186222462,0.0006605916618512951,0.0006603452100059932,0.0006600990624538875,0.0006598532185665572,0.0006596076777175161,0.0006593624392774436,0.0006591175026235217,0.0006588728671332821,0.000658628532186042,0.0006583844971619694,0.0006581407614426523,0.0006578973244181084,0.000657654185471615,0.0006574113439912669,0.0006571687994254133,0.0006569265510631339,0.0006566845983266636,0.0006564429406265974,0.0006562015773736204,0.0006559605079384028,0.0006557197317435215,0.0006554792481880291,0.0006552390566556693,0.0006549991565653609,0.0006547595473247745,0.0006545202283416597,0.0006542811990282642,0.0006540424587925545,0.0006538040070420658,0.0006535658432147223,0.0006533279667132831,0.0006530903769584443,0.0006528530733694746,0.0006526160553682973,0.0006523793223784599,0.0006521428738251317,0.0006519067091345894,0.0006516708277142501,0.0006514352290113247,0.0006511999124811292,0.0006509648775194081,0.0006507301235970181,0.0006504956501320959,0.0006502614565625619,0.0006500275423292251,0.0006497939068558736,0.0006495605496215756,0.0006493274700440892,0.000649094667575003,0.0006488621416631771,0.0006486298917552595,0.0006483979173033312,0.0006481662177566892,0.0006479347925699365,0.0006477036412038465,0.0006474727631109714,0.0006472421577409321,0.0006470118245607123,0.0006467817630332533,0.0006465519725922536,0.0006463224528240618,0.0006460932030204279,0.000645864222724565,0.0006456355114056987,0.0006454070685326953,0.0006451788935817452,0.0006449509860358072,0.0006447233453376139,0.000644495971000211,0.0006442688624580526,0.0006440420192113006,0.0006438154407552891,0.0006435891265334783,0.0006433630760386324,0.0006431372887588684,0.0006429117641852005,0.0006426865017608931,0.0006424615010726941,0.0006422367615870281,0.0006420122826733728,0.0006417880639983499,0.0006415641048707326,0.0006413404049965738,0.000641116963768224,0.0006408937806708355,0.0006406708551879549,0.0006404481868652917,0.000640225775267439,0.0006400036197286124,0.0006397817198459815,0.0006395600751977278,0.0006393386853067218,0.0006391175494211813,0.0006388966672010475,0.0006386760381919392,0.0006384556618772253,0.0006382355377809985,0.0006380156654026491,0.0006377960443261059,0.0006375766739911234,0.0006373575539327834,0.0006371386836943589,0.000636920062794244,0.0006367016907478592,0.0006364835670794587,0.0006362656913145676,0.000636048062979983,0.0006358306815997244,0.0006356135467111255,0.0006353966578276339,0.000635180014507268,0.0006349636162566677,0.0006347474626230817,0.000634531553151888,0.0006343158873604719,0.0006341004648067789,0.0006338852850199561,0.0006336703475403571,0.0006334556519091812,0.0006332411976702491,0.0006330269843674724,0.0006328130115456298,0.0006325992787510861,0.0006323857855311118,0.0006321725314355429,0.0006319595160041918,0.0006317467388078749,0.0006315341993886182,0.0006313218973010681,0.0006311098320994826,0.0006308980033285347,0.0006306864105603916,0.0006304750533569691,0.0006302639312700394,0.0006300530438655886,0.0006298423906843621,0.0006296319712861322,0.0006294217852852666,0.0006292118322105086,0.0006290021116341988,0.0006287926231182175,0.0006285833663204782,0.0006283743406418185,0.000628165545736008,0.0006279569811664503,0.0006277486465227234,0.0006275405413711888,0.0006273326652733663,0.0006271250178162543,0.0006269175986235841,0.0006267104071974919,0.0006265034431500834,0.000626296706061054,0.0006260901955120026,0.0006258839110928869,0.0006256778523808193,0.0006254720189610282,0.0006252664104195059,0.000625061026343265,0.0006248558663204073,0.0006246509299401283,0.0006244462167926024,0.0006242417264691147,0.0006240374585619632,0.0006238334126644989,0.000623629588371105,0.0006234259852772256,0.0006232226029793273,0.0006230194410748606,0.0006228164991623794,0.000622613776841391,0.000622411273712413,0.0006222089893770997,0.0006220069234379995,0.0006218050754986683,0.0006216034451637475,0.0006214020320387965,0.0006212008357304434,0.0006209998558462592,0.0006207990919948401,0.0006205985437858419,0.000620398210823748,0.0006201980927261404,0.0006199981891054683,0.0006197984995752711,0.000619599023754359,0.0006193997612538725,0.0006192007116895436,0.0006190018746702202,0.0006188032498240788,0.0006186048367698309,0.0006184066351284401,0.0006182086445203551,0.0006180108645679379,0.0006178132948944354,0.000617615935124358,0.0006174187848820283,0.0006172218437938098,0.0006170251114861066,0.0006168285875872536,0.0006166322717253177,0.0006164361635306517,0.0006162402626336008,0.0006160445686655529,0.0006158490812589665,0.0006156538000469773,0.0006154587246637657,0.0006152638547448078,0.0006150691899259903,0.0006148747298441879,0.0006146804741375758,0.0006144864224443169,0.0006142925744043857,0.0006140989296585361,0.0006139054878478415,0.0006137122486143172,0.0006135192116018252,0.0006133263764540723,0.0006131337428157532,0.000612941310333139,0.0006127490786591135,0.0006125570474344655,0.0006123652162128591,0.000612173584832925,0.0006119821528341369,0.0006117909199000963,0.0006115998856631403,0.0006114090498128451,0.000611218411949009,0.0006110279717371003,0.0006108377288357461,0.0006106476829068264,0.0006104578336072604,0.0006102681805947754,0.0006100787235281163,0.000609889462066578,0.0006097003958706851,0.0006095115246012026,0.000609322847920001,0.0006091343654900851,0.0006089460769746959,0.0006087579820387513,0.0006085700803467549,0.0006083823715651265,0.0006081948553609258,0.000608007531400868,0.0006078203993540951,0.0006076334588895221,0.0006074467096773724,0.0006072601513880601,0.0006070737836933511,0.0006068876062656706,0.0006067016187784835,0.0006065158209054178,0.0006063302123468145,0.0006061447927769045,0.0006059595617926329,0.0006057745191266748,0.0006055896644503761,0.0006054049974678317,0.0006052205178306481,0.0006050362252355404,0.0006048521193546152,0.0006046681998699998,0.0006044844664548663,0.0006043009188078332,0.0006041175566000194,0.0006039343795372563,0.0006037513872780511,0.0006035685795207299,0.0006033859559740768,0.0006032035162962843,0.0006030212601729263,0.0006028391873043309,0.0006026572973795026,0.0006024755900894097,0.0006022940651157446,0.0006021127221630977,0.0006019315609335642,0.0006017505811294254,0.0006015697825084363,0.0006013891646742268,0.0006012087272509051,0.0006010284700251695,0.0006008483926824364,0.0006006684949481374,0.000600488776406797,0.0006003092369090889,0.0006001298760826064,0.0005999506936306755,0.0005997716892596954,0.0005995928626566009,0.0005994142135500776,0.0005992357416237774,0.0005990574466173677,0.0005988793281943359,0.000598701386063811,0.0005985236199479276,0.0005983460295548274,0.0005981686145899509,0.000597991374754578,0.0005978143097652116,0.0005976374193277689,0.000597460703152794,0.0005972841609372026,0.0005971077924237804,0.0005969315973095128,0.0005967555753048341,0.0005965797261245357,0.0005964040494836658,0.0005962285450975428,0.0005960532126819087,0.0005958780519785413,0.0005957030626790844,0.0005955282445017129,0.0005953535971655392,0.000595179120388693,0.0005950048138916792,0.0005948306773937103,0.0005946567106165441,0.0005944829132538635,0.0005943092850551367,0.000594135825750878,0.0005939625350478007,0.000593789412676385,0.0005936164583638094,0.000593443671836288,0.000593271052818135,0.0005930986010372345,0.0005929263162167765,0.000592754198092307,0.0005925822463883875,0.000592410460851404,0.0005922388411728866,0.0005920673871069178,0.0005918960983793954,0.0005917249747358534,0.0005915540158875584,0.0005913832215754917,0.0005912125915466632,0.0005910421255149283,0.0005908718230654392,0.0005907016842292649,0.0005905317086451711,0.000590361895974922,0.000590192245996865,0.0005900227584321497,0.0005898534330175198,0.000589684269517235,0.0005895152676525793,0.0005893464271771775,0.0005891777477895102,0.000589009229276688,0.0005888408713692024,0.0005886726737942053,0.0005885046363000398,0.0005883367586321463,0.0005881690405500077,0.0005880014817950213,0.0005878340820976732,0.0005876668411990366,0.0005874997588662302,0.0005873328348763611,0.0005871660688956224,0.0005869994607130524,0.0005868330100803784,0.0005866667167409518,0.0005865005804649776,0.0005863346009669796,0.0005861687780217735,0.0005860031113583121,0.0005858376007859688,0.000585672245988247,0.0005855070467274858,0.0005853420027749697,0.0005851771138705945,0.0005850123798216172,0.0005848478003456843,0.0005846833751898741,0.0005845191041330909,0.0005843549869021663,0.000584191023275527,0.0005840272130137083,0.0005838635558747566,0.0005837000516015076,0.0005835366999620155,0.0005833735006979656,0.0005832104536038546,0.0005830475584266396,0.0005828848149328305,0.0005827222228784141,0.0005825597820280025,0.0005823974921386868,0.0005822353529815085,0.0005820733643180462,0.0005819115259184287,0.0005817498375362343,0.0005815882989441598,0.0005814269099084418,0.000581265670193148,0.0005811045795686071,0.0005809436378057264,0.0005807828446695658,0.0005806221999290099,0.0005804617033534331,0.0005803013547059754,0.0005801411537555502,0.0005799811003039291,0.0005798211940844066,0.0005796614349080331,0.000579501822528055,0.00057934235668774,0.0005791830371875912,0.0005790238637992278,0.000578864836297254,0.0005787059544509566,0.0005785472180476059,0.0005783886268497302,0.0005782301806490966,0.0005780718792098025,0.0005779137223084271,0.0005777557097316179,0.0005775978412757314,0.0005774401166754823,0.0005772825357317071,0.0005771250982226411,0.0005769678039299245,0.0005768106526789924,0.0005766536441438913,0.0005764967781841954,0.0005763400545657146,0.0005761834730709247,0.0005760270334827691,0.0005758707355846559,0.0005757145791604577,0.0005755585639945103,0.0005754026898716106,0.000575246956577016,0.0005750913638964434,0.0005749359116160671,0.0005747805995225177,0.0005746254274028816,0.0005744703950446992,0.000574315502235963,0.000574160748765119,0.0005740061344337166,0.0005738516589617375,0.0005736973222671631,0.0005735431240197554,0.0005733890639882956,0.000573235142129263,0.0005730813581393812,0.0005729277118211937,0.0005727742029423518,0.0005726208313206764,0.00057246759672927,0.0005723144989738598,0.000572161537846578,0.0005720087131409609,0.00057185602465453,0.0005717034721893457,0.0005715510555229278,0.0005713987744426128,0.0005712466288146142,0.0005710946183565759,0.0005709427428958304,0.0005707910022302743,0.0005706393961582897,0.0005704879244790413,0.0005703365869962115,0.0005701853835343688,0.0005700343137986431,0.0005698833777035876,0.0005697325749961653,0.0005695819054856869,0.0005694313689717031,0.0005692809652453729,0.0005691306941226704,0.0005689805554090638,0.0005688305489033854,0.0005686806743827505,0.0005685309317181065,0.0005683813206976762,0.0005682318410673682,0.0005680824926832518,0.0005679332753382146,0.0005677841888545386,0.0005676352329102426,0.0005674864075081059,0.0005673377123833842,0.0005671891473316541,0.0005670407121518091,0.0005668924066599477,0.0005667442305616918,0.0005665961837720029,0.0005664482662232359,0.0005663004775430727,0.0005661528176761397,0.0005660052863388685,0.0005658578833465495,0.0005657106085525108,0.0005655634616393598,0.0005654164426377062,0.0005652695511479226,0.0005651227871389168,0.0005649761503843574,0.000564829640703298,0.0005646832578914066,0.000564537001763447,0.0005643908721343333,0.0005642448688313782,0.000564098991661814,0.0005639532404389827,0.0005638076149707763,0.0005636621150618289,0.0005635167405688076,0.0005633714912589758,0.0005632263670161558,0.0005630813676255255,0.0005629364929119583,0.0005627917427123774,0.0005626471168654394,0.0005625026151115991,0.0005623582373222938,0.0005622139832278363,0.0005620698527394798,0.0005619258457090675,0.0005617819619246491,0.0005616382011385733,0.0005614945631928025,0.000561351047972351,0.0005612076553651196,0.0005610643850519206,0.0005609212369770491,0.0005607782109060341,0.000560635306661086,0.0005604925240721198,0.0005603498629587465,0.0005602073231566405,0.0005600649044777991,0.0005599226067827695,0.0005597804298258479,0.0005596383733930004,0.0005594964374863882,0.0005593546218657847,0.0005592129263449565,0.000559071350595928,0.0005589298947542373,0.0005587885584935049,0.000558647341736195,0.0005585062441300165,0.0005583652655156712,0.0005582244058429914,0.0005580836649495391,0.000557943042498914,0.00055780253848324,0.000557662152781511,0.0005575218851209135,0.0005573817353647472,0.0005572417033487528,0.0005571017888794615,0.0005569619919739643,0.0005568223122958725,0.0005566827495263019,0.0005565433036566529,0.0005564039745055784,0.000556264761878343,0.0005561256656379881,0.0005559866857156095,0.0005558478218683084,0.000555709073835488,0.0005555704415719029,0.0005554319250511618,0.0005552935238642622,0.0005551552380442912,0.000555017067314033,0.0005548790114532998,0.0005547410703682607,0.0005546032439061932,0.000554465531904731,0.0005543279341943414,0.0005541904506473671,0.0005540530810551151,0.0005539158252893584,0.0005537786831808431,0.0005536416545617018,0.0005535047392986735,0.0005533679372223511,0.0005532312481809352,0.0005530946720111833,0.000552958208555466,0.0005528218576580348,0.0005526856191538713,0.0005525494928948925,0.0005524134787313303,0.0005522775764949331,0.0005521417860370702,0.0005520061072244307,0.0005518705398737256,0.0005517350838468507,0.0005515997389739383,0.0005514645050875141,0.0005513293819830224,0.0005511943696499657,0.0005510594678757274,0.0005509246765034009,0.0005507899952617605,0.0005506554242106581,0.0005505209630922222,0.0005503866117798418,0.0005502523700988658,0.000550118237850838,0.0005499842149990651,0.000549850301245161,0.0005497164966200075,0.0005495828008851574,0.0005494492137863244,0.0005493157352734401,0.0005491823652974497,0.0005490491037849522,0.0005489159502472772,0.0005487829047040564,0.0005486499670092594,0.0005485171371977587,0.0005483844149553552,0.0005482517999220682,0.0005481192921372482,0.0005479868914495543,0.0005478545977446135,0.0005477224108151038,0.0005475903306216656,0.0005474583569637975,0.0005473264896769407,0.0005471947286341739,0.0005470630736918851,0.0005469315247051898,0.0005468000815309872,0.0005466687440256362,0.0005465375120454057,0.0005464063854483544,0.0005462753640931585,0.0005461444478355214,0.0005460136365334335,0.0005458829300449723,0.0005457523282475913,0.000545621830975688,0.0005454914380900917,0.0005453611494499171,0.0005452309649227895,0.0005451008843500232,0.0005449709076097553,0.0005448410345766979,0.0005447112650976452,0.0005445815989895846,0.000544452036173939,0.0005443225764976548,0.0005441932197990686,0.0005440639659779168,0.0005439348148808348,0.000543805766334596,0.0005436768202616765,0.0005435479764864449,0.0005434192349027322,0.0005432905952519783,0.0005431620575903335,0.0005430336216791477,0.0005429052873600334,0.000542777054558662,0.0005426489231393186,0.000542520892918,0.0005423929637926112,0.000542265135624606,0.0005421374082888233,0.000542009781656067,0.0005418822555402505,0.000541754829834313,0.000541627504411856,0.0005415002791421808,0.0005413731538898616,0.0005412461285233288,0.0005411192028947342,0.0005409923769002892,0.0005408656503954686,0.0005407390232479421,0.0005406124954730212,0.000540486066679091,0.0005403597368131002,0.0005402335058006401,0.0005401073734826771,0.0005399813397371848,0.0005398554044521296,0.0005397295674659361,0.0005396038286649995,0.000539478187914562,0.000539352645081689,0.0005392272000637018,0.0005391018527215079,0.0005389766029131114,0.0005388514505294845,0.0005387263954266935,0.0005386014374803376,0.00053847657657596,0.0005383518125338247,0.0005382271453039318,0.0005381025747426337,0.0005379781006896509,0.0005378537229589103,0.0005377294415855277,0.0005376052563190644,0.0005374811671178284,0.0005373571738274246,0.0005372332762440543,0.0005371094744287786,0.0005369857680849729,0.0005368621571376873,0.0005367386413921606,0.0005366152208657958,0.000536491895365441,0.0005363686647883403,0.0005362455289863937,0.0005361224878328631,0.000535999541232691,0.0005358766890075255,0.0005357539310895522,0.0005356312673789753,0.00053550869769506,0.0005353862219510549,0.0005352638400250388,0.0005351415517859224,0.0005350193570899487,0.0005348972559677126,0.0005347752480471834,0.0005346533333319421,0.0005345315117138883,0.0005344097830638258,0.0005342881472588434,0.0005341666041797138,0.0005340451538073397,0.0005339237958234108,0.000533802530198905,0.0005336813568360452,0.0005335602756162393,0.000533439286388869,0.0005333183890544546,0.0005331975835033774,0.0005330768696144034,0.0005329562472623491,0.0005328357163457032,0.0005327152767401238,0.0005325949283314184,0.0005324746709582939,0.0005323545045213836,0.0005322344289970065,0.0005321144442051615,0.0005319945500354996,0.000531874746357595,0.0005317550330631189,0.0005316354101433178,0.0005315158772791222,0.0005313964344554125,0.0005312770815535804,0.000531157818462691,0.0005310386450630224,0.0005309195612540792,0.00053080056691665,0.0005306816619323986,0.0005305628461922156,0.0005304441195845002,0.0005303254819943288,0.0005302069333095504,0.0005300884734090093,0.0005299701021955723,0.0005298518195777993,0.0005297336253909255,0.0005296155195771243,0.0005294975019958643,0.0005293795725228933,0.0005292617310825699,0.0005291439775151924,0.0005290263117818948,0.000528908733730839,0.0005287912432542364,0.0005286738402413214,0.0005285565246024377,0.0005284392961861957,0.0005283221549050691,0.0005282051006566361,0.0005280881333251734,0.000527971252802372,0.0005278544589802359,0.0005277377517436668,0.0005276211309833618,0.0005275045965988024,0.000527388148481485,0.0005272717865322446,0.0005271555106479003,0.0005270393207091657,0.0005269232165987222,0.0005268071982277349,0.000526691265475869,0.000526575418244965,0.0005264596564244513,0.0005263439799130443,0.000526228388602439,0.0005261128823966314,0.0005259974611455397,0.0005258821248808276,0.0005257668733204599,0.0005256517064302847,0.0005255366241043887,0.00052542162624861,0.0005253067127551559,0.0005251918835344242,0.000525077138429876,0.0005249624773888071,0.0005248479003615225,0.000524733407105693,0.0005246189975748022,0.0005245046716966767,0.0005243904293476333,0.0005242762704245788,0.0005241621949582709,0.0005240482025611006,0.0005239342933329374,0.0005238204671051659,0.0005237067237948511,0.00052359306330228,0.0005234794855231626,0.0005233659903575294,0.0005232525776916002,0.0005231392474480303,0.0005230259994860307,0.0005229128337579465,0.0005227997501389091,0.0005226867485066337,0.0005225738287641929,0.0005224609908736291,0.0005223482346854182,0.0005222355601272575,0.0005221229670784386,0.0005220104554049829,0.0005218980250499095,0.0005217856758939965,0.0005216734078741051,0.0005215612208867283,0.0005214491147893987,0.0005213370895089855,0.0005212251449497522,0.0005211132808866978,0.0005210014974685442,0.000520889794476755,0.0005207781718188672,0.0005206666293919002,0.0005205551671188209,0.0005204437848553874,0.0005203324825375193,0.0005202212600785501,0.0005201101173452278,0.000519999054260804,0.0005198880707314638,0.0005197771666429898,0.000519666341934955,0.0005195555964971586,0.0005194449302400362,0.0005193343430553545,0.0005192238348520462,0.0005191134055350952,0.0005190030550096611,0.0005188927831761427,0.0005187825899539289,0.0005186724752355753,0.0005185624389323462,0.000518452480955369,0.0005183426011867252,0.0005182327995675472,0.0005181230759802364,0.0005180134303369156,0.0005179038625211606,0.0005177943724836186,0.0005176849601165283,0.0005175756252680434,0.0005174663679696325,0.0005173571880456952,0.0005172480854158149,0.0005171390599896816,0.000517030111640309,0.0005169212403532325,0.0005168124459779109,0.0005167037284369664,0.000516595087657132,0.0005164865235265276,0.0005163780359574071,0.0005162696248600141,0.0005161612901382075,0.0005160530317139096,0.0005159448494867175,0.0005158367433659366,0.0005157287132654054,0.0005156207590973495,0.0005155128807627285,0.0005154050781807848,0.0005152973512644624,0.0005151896999171395,0.0005150821240474256,0.0005149746235795927,0.0005148671984089149,0.0005147598484527548,0.0005146525736224322,0.0005145453738293643,0.0005144382489852343,0.0005143311990017638,0.000514224223790862,0.0005141173232652574,0.0005140104973359018,0.000513903745915571,0.000513797068919206,0.0005136904662550709,0.0005135839378393181,0.0005134774835821102,0.0005133711034020155,0.0005132647972076975,0.0005131585649128045,0.0005130524064287206,0.0005129463216690956,0.0005128403105425436,0.0005127343730282718,0.0005126285089536543,0.0005125227182414088,0.0005124170008261678,0.0005123113566224256,0.0005122057854936982,0.0005121002874125268,0.0005119948623250257,0.0005118895101083113,0.0005117842306776619,0.000511679023948157,0.0005115738898355815,0.000511468828255349,0.0005113638391291384,0.0005112589223322307,0.0005111540778614755,0.0005110493056030206,0.0005109446054407034,0.0005108399773062564,0.0005107354211171805,0.000510630936789198,0.000510526524239865,0.0005104221833650578,0.0005103179141032442,0.0005102137163767136,0.0005101095901037403,0.0005100055351979473,0.000509901551573737,0.0005097976391481103,0.0005096937978408825,0.0005095900275722795,0.0005094863282582346,0.0005093826998098744,0.000509279142136086,0.0005091756551718099,0.0005090722388361373,0.0005089688930483865,0.000508865617726846,0.0005087624127906227,0.0005086592781588847,0.0005085562137511027,0.0005084532194873611,0.0005083502952865663,0.0005082474410685786,0.0005081446567535123,0.0005080419422610072,0.0005079392975114959,0.0005078367224254825,0.000507734216922534,0.0005076317809238338,0.0005075294143494842,0.0005074271171205103,0.0005073248891580845,0.0005072227303829542,0.0005071206407165237,0.0005070186200800223,0.0005069166683942079,0.0005068147855811057,0.000506712971562526,0.0005066112262604523,0.0005065095495963352,0.0005064079414922075,0.0005063064018704323,0.0005062049306536568,0.0005061035277634773,0.0005060021931228398,0.0005059009266547139,0.0005057997282812291,0.000505698597925569,0.0005055975355101703,0.0005054965409590352,0.0005053956141950922,0.0005052947551419973,0.0005051939637231546,0.0005050932398615838,0.0005049925834818908,0.000504891994507271,0.0005047914728624784,0.0005046910184705167,0.0005045906312569474,0.000504490311144424,0.0005043900580588687,0.0005042898719245686,0.000504189752666459,0.0005040897002076032,0.0005039897144762088,0.0005038897953945151,0.0005037899428882581,0.0005036901568839238,0.0005035904373057896,0.0005034907840793952,0.0005033911971670208,0.0005032916764228184,0.0005031922218439667,0.0005030928333208777,0.000502993510779598,0.0005028942541464754,0.0005027950633936063,0.000502695938355847,0.0005025968789901818,0.0005024978852411643,0.0005023989570320883,0.0005023000943053134,0.0005022012969766633,0.0005021025649686134,0.0005020038981911017,0.0005019052966009934,0.0005018067601310538,0.000501708288640207,0.0005016098821400534,0.0005015115405289889,0.0005014132637333608,0.000501315051696941,0.0005012169043166286,0.0005011188216220675,0.0005010208033721906,0.0005009228496634617,0.00050082496025575,0.0005007271351642678,0.0005006293743195842,0.0005005316776415884,0.0005004340450591131,0.000500336476521579,0.000500238971941312,0.0005001415312505424,0.0005000441543785624,0.0004999468412550583,0.0004998495918119205,0.0004997524059769125,0.0004996552836799884,0.000499558224851174,0.0004994612294193962,0.0004993642973072202,0.0004992674284677051,0.0004991706228130372,0.000499073880296092,0.0004989772008125501,0.0004988805843148474,0.0004987840307132371,0.0004986875399747051,0.0004985911120109903,0.0004984947467450112,0.0004983984441165046,0.0004983022040423289,0.0004982060264742382,0.0004981099113560384,0.0004980138585821782,0.000497917868151105,0.0004978219399106187,0.0004977260738295332,0.0004976302698371318,0.0004975345278710626,0.0004974388478622829,0.0004973432297503547,0.0004972476734529851,0.0004971521789099722,0.0004970567460542879,0.000496961374817038,0.0004968660651331661,0.0004967708168179848,0.0004966756299797122,0.0004965805045622663,0.0004964854404304394,0.0004963904374867132,0.0004962954957234793,0.0004962006150475791,0.0004961057953965963,0.0004960110367078107,0.0004959163389012779,0.000495821701913379,0.0004957271256899164,0.0004956326101581538,0.0004955381552525557,0.0004954437609076815,0.0004953494270581432,0.0004952551536386106,0.0004951609405840295,0.0004950667878292479,0.000494972695309382,0.0004948786629594962,0.0004947846907148309,0.0004946907785107111,0.0004945969262826116,0.0004945031339660338,0.0004944094014966332,0.0004943157288100616,0.0004942221158422019,0.0004941285625288858,0.0004940350688061648,0.0004939416346101667,0.0004938482598770264,0.0004937549445431202,0.0004936616885447332,0.0004935684918185091,0.0004934753543008899,0.0004933822759286683,0.0004932892566385746,0.0004931962963675078,0.0004931033950524298,0.0004930105526303095,0.0004929177690384339,0.0004928250442139684,0.0004927323780943681,0.0004926397706169988,0.0004925472217193848,0.0004924547313391761,0.0004923622994140437,0.0004922699258818792,0.0004921776106805509,0.0004920853537479896,0.0004919931550224339,0.0004919010144419553,0.0004918089319449237,0.0004917169074696394,0.0004916249409546325,0.0004915330323383657,0.0004914411815596083,0.0004913493885569264,0.0004912576532692522,0.0004911659756354559,0.0004910743555946751,0.0004909827930858759,0.0004908912880483389,0.0004907998404212708,0.0004907084501441418,0.0004906171171563781,0.0004905258413973985,0.0004904346228070077,0.000490343461324873,0.0004902523568908813,0.0004901613094448927,0.0004900703189269574,0.0004899793852771074,0.0004898885084355579,0.0004897976883425617,0.0004897069249384663,0.000489616218163699,0.0004895255679588594,0.0004894349742644823,0.000489344437018068,0.0004892539561669696,0.0004891635316445741,0.0004890731633960412,0.0004889828513633828,0.0004888925954867981,0.0004888023957074963,0.0004887122519669084,0.0004886221642062868,0.0004885321323671965,0.0004884421563912485,0.0004883522362200558,0.0004882623717954072,0.00048817256305730574,0.00048808280995122,0.00048799311241744204,0.00048790347039801246,0.0004878138838351344,0.00048772435267104903,0.00048763487684735376,0.0004875454563072243,0.0004874560909932182,0.0004873667808468451,0.0004872775258000358,0.00048718832582571103,0.00048709918084910246,0.000487010090811968,0.0004869210556609967,0.00048683207532864553,0.0004867431497723492,0.00048665427893553563,0.00048656546274934205,0.00048647670117215594,0.0004863879941305145,0.0004862993415817397,0.0004862107434616873,0.00048612219970980665,0.0004860337102519336,0.0004859452750655987,0.00048585689409192973,0.0004857685672609385,0.0004856802945237212,0.00048559207582469035,0.00048550391110882595,0.00048541580031944223,0.00048532774340150254,0.00048523974030052736,0.0004851517909633606,0.00048506389533560664,0.000484976053351246,0.00048488826496257184,0.0004848005301110285,0.00048471284874747415,0.0004846252208144778,0.0004845376462560371,0.0004844501250143774,0.0004843626570451569,0.0004842752422805324,0.0004841878806759757,0.00048410057216921777,0.00048401331671413527,0.0004839261142526743,0.0004838389647310229,0.0004837518680936761,0.0004836648242894407,0.000483577833262973,0.00048349089496048186,0.0004834040093280714,0.00048331717630949823,0.00048323039585647707,0.0004831436679127042,0.000483056992425973,0.00048297036934042407,0.00048288379860408307,0.0004827972801636083,0.0004827108139658936,0.00048262439995770814,0.0004825380380861599,0.00048245172829834433,0.00048236547054133187,0.00048227926476125796,0.00048219311090766593,0.0004821070089268004,0.0004820209587661233,0.000481934960371627,0.00048184901369110247,0.0004817631186749375,0.000481677275269477,0.00048159148342080915,0.0004815057430787045,0.0004814200541825295,0.0004813344166985941,0.00048124883056384013,0.00048116329573832966,0.0004810778121511727,0.00048099237975938796,0.000480906998511471,0.0004808216683559705,0.00048073638924050896,0.0004806511611142815,0.00048056598392613503,0.000480480857624841,0.00048039578215924725,0.0004803107574783144,0.0004802257835309868,0.0004801408602667391,0.00048005598763432264,0.00047997116558292686,0.0004798863940615818,0.00047980167302016756,0.0004797170024078164,0.00047963238217385915,0.0004795478122679146,0.0004794632926400718,0.00047937882323949093,0.000479294404016178,0.00047921003490030236,0.0004791257158811488,0.00047904144690501824,0.0004789572278711942,0.0004788730587740756,0.0004787889395564775,0.00047870487016774904,0.00047862085060576813,0.00047853688074401103,0.0004784529605393871,0.0004783690899482209,0.00047828526894236735,0.00047820149746964874,0.0004781177755090378,0.00047803410296545394,0.0004779504798050795,0.0004778669059962793,0.0004777833814482799,0.0004776999061435976,0.0004776164800194394,0.0004775331030410014,0.00047744977515231404,0.00047736649630498513,0.00047728326645050565,0.00047720008554035274,0.0004771169535253681,0.0004770338703582539,0.00047695083599107814,0.0004768678503740712,0.0004767849134606341,0.0004767020251997613,0.0004766191855478012,0.00047653639445432316,0.000476453651869333,0.00047637095774994976,0.00047628831204604336,0.00047620571470936157,0.00047612316569318097,0.00047604066494956346,0.0004759582124294042,0.00047587580808818356,0.00047579345187675055,0.00047571114374846227,0.00047562888365524774,0.00047554667155064694,0.00047546450738765553,0.0004753823911194756,0.00047530032269878935,0.00047521830207822817,0.0004751363292119243,0.00047505440405178973,0.00047497252655257047,0.00047489069666658055,0.00047480891434783693,0.00047472717954952513,0.0004746454922249629,0.0004745638523711118,0.000474482259855656,0.00047440071467518257,0.000474319216789845,0.00047423776614084566,0.00047415636269311387,0.0004740750063924545,0.0004739936972315157,0.0004739124351355567,0.0004738312200112595,0.00047375005185791054,0.00047366893066449914,0.000473587856303687,0.00047350682878022566,0.00047342584803559035,0.00047334491409077323,0.00047326402677946096,0.00047318318611677874,0.0004731023920575161,0.0004730216445564376,0.0004729409435684815,0.000472860289048482,0.0004727796809515135,0.0004726991192326009,0.0004726186038468221,0.0004725381347493436,0.00047245771189546144,0.000472377335240435,0.0004722970047396286,0.0004722167204037935,0.0004721364820776095,0.00047205628977217527,0.0004719761434429067,0.00047189604304561023,0.0004718159885359275,0.000471735979869639,0.000471656017002583,0.00047157609989067556,0.0004714962284898902,0.0004714164027561914,0.00047133662264572593,0.0004712568881145747,0.0004711771991189453,0.00047109755561513953,0.0004710179575594452,0.0004709384049082762,0.0004708588976179571,0.0004707794356450914,0.0004707000189461857,0.000470620647477824,0.0004705413211980601,0.00047046204006088245,0.0004703828040223374,0.0004703036130427994,0.0004702244670464178,0.00047014536605355963,0.0004700663099891349,0.00046998729881021344,0.00046990833247402824,0.0004698294109376509,0.00046975053415833313,0.00046967170209344215,0.0004695929146956127,0.0004695141719316744,0.00046943547374982657,0.0004693568201120859,0.00046927821098109745,0.0004691996463046258,0.00046912112604547915,0.0004690426501495599,0.000468964218541312,0.0004688858312838545,0.00046880748827495303,0.00046872918947403523,0.0004686509348375881,0.0004685727243259976,0.0004684945578927873,0.0004684164354990216,0.00046833835710213665,0.00046826032266105236,0.0004681823321396487,0.00046810438548652427,0.000468026482661662,0.000467948623626951,0.0004678708083412647,0.00046779303676222796,0.00046771530884867586,0.000467637624567169,0.0004675599838610033,0.0004674823866974402,0.0004674048330303176,0.00046732732282336816,0.0004672498559784586,0.00046717243256634615,0.00046709505249747517,0.00046701771572043373,0.00046694042220847743,0.00046686317190571474,0.000466785964764367,0.00046670880077484463,0.00046663167987320283,0.0004665546020221757,0.0004664775671837853,0.0004664005753170419,0.0004663236263816885,0.00046624672033753904,0.000466169857141752,0.00046609303675689993,0.0004660162591430221,0.00046593952425977737,0.00046586283207198216,0.0004657861825305226,0.00046570957559997976,0.00046563301124509884,0.0004655564894171093,0.00046548001008065316,0.00046540357319608253,0.00046532717872829185,0.00046525082663326613,0.000465174516871403,0.0004650982494032211,0.0004650220241893391,0.0004649458411903786,0.00046486970036698644,0.00046479360167995957,0.00046471754509000863,0.000464641530558019,0.00046456555804037374,0.00046448962750251214,0.00046441373890543684,0.00046433789221012197,0.00046426208737774074,0.00046418632436936324,0.0004641106031507412,0.00046403492367411126,0.0004639592859052152,0.00046388368980961265,0.0004638081353404083,0.0004637326225075796,0.00046365715119589616,0.00046358172139338136,0.00046350633306203084,0.0004634309861727395,0.00046335568068369516,0.00046328041655600095,0.00046320519375217604,0.00046313001223212934,0.0004630548719598636,0.0004629797728959759,0.0004629047150007083,0.00046282969825788223,0.0004627547225894405,0.0004626797879494129,0.00046260489436612535,0.000462530041726624,0.0004624552300642221,0.00046238045931115283,0.00046230572942700614,0.00046223104037419196,0.0004621563921151676,0.0004620817846123237,0.0004620072178260884,0.0004619326917233532,0.0004618582062538163,0.00046178376140284725,0.00046170935712137786,0.0004616349933727126,0.0004615606701454173,0.00046148638736337054,0.0004614121449896776,0.0004613379430033726,0.0004612637813607524,0.0004611896599804849,0.00046111557892367674,0.0004610415381007941,0.00046096753748011267,0.0004608935770238791,0.000460819656695115,0.0004607457764547838,0.0004606719362680242,0.00046059813610036833,0.00046052437591043995,0.00046045065567175354,0.0004603769753323631,0.0004603033348674535,0.0004602297342371793,0.0004601561734058919,0.0004600826523374043,0.0004600091709950885,0.00045993572934725774,0.0004598623273529891,0.0004597889649531861,0.0004597156421574311,0.00045964235891020214,0.00045956911517199917,0.000459495910877759,0.0004594227460520004,0.0004593496205827949,0.00045927653452819167,0.0004592034878071803,0.0004591304803848978,0.00045905751222118015,0.00045898458328300735,0.0004589116935351473,0.00045883884294411467,0.00045876603147501063,0.00045869325908129524,0.00045862052570376564,0.0004585478313778829,0.00045847517603485837,0.00045840255960040243,0.0004583299821012285,0.0004582574434800401,0.00045818494369280244,0.0004581124827076289,0.000458040060491136,0.00045796767700901367,0.0004578953322262593,0.0004578230261058753,0.00045775075861358405,0.00045767852972458206,0.00045760633938749743,0.0004575341875734519,0.0004574620742503831,0.0004573899993762227,0.00045731796293003947,0.00045724596487021086,0.00045717400516567656,0.0004571020837840083,0.00045703020068094715,0.00045695835585368597,0.00045688654921498663,0.0004568147807561246,0.00045674305044826174,0.0004566713582494958,0.00045659970413414967,0.0004565280880539586,0.00045645651003840576,0.00045638496995180486,0.0004563134678095449,0.00045624200359651256,0.00045617057723731306,0.0004560991887279985,0.0004560278380207762,0.00045595652508673444,0.0004558852498984051,0.000455814012412385,0.0004557428126021634,0.0004556716504336859,0.00045560052587006756,0.0004555294388778286,0.00045545838942791385,0.00045538737748475105,0.00045531640300622506,0.00045524546597544156,0.0004551745663514071,0.00045510370410159473,0.00045503287919157514,0.00045496209159022943,0.00045489134126514534,0.00045482062817998246,0.00045474995230766215,0.0004546793136067891,0.0004546087120458331,0.0004545381475980799,0.00045446762022582703,0.0004543971298959401,0.00045432667658845037,0.00045425626026084824,0.00045418588087113923,0.0004541155383955318,0.0004540452327970671,0.0004539749640515781,0.0004539047321220207,0.0004538345370105598,0.00045376437858895153,0.00045369425691576805,0.00045362417194171284,0.0004535541236103554,0.00045348411194806636,0.00045341413689568865,0.00045334419833378717,0.00045327429629723104,0.0004532044307611161,0.00045313460167906936,0.00045306480902826185,0.0004529950528096956,0.0004529253329235743,0.0004528556493705568,0.00045278600211984255,0.0004527163911383111,0.0004526468163958189,0.00045257727785964167,0.00045250777549831237,0.0004524383092855002,0.00045236887918835436,0.0004522994851600862,0.0004522301271900668,0.00045216080523433034,0.0004520915192978406,0.00045202226930570713,0.0004519530551613378,0.00045188387696212893,0.0004518147344999982,0.00045174562799118437,0.00045167655727993653,0.0004516075223366187,0.0004515385231314443,0.0004514695596295621,0.00045140063180111833,0.0004513317396003874,0.0004512628830254262,0.00045119406202495226,0.00045112527658222314,0.0004510565266508141,0.00045098781222908935,0.0004509191332512414,0.0004508504897115017,0.00045078188163384485,0.00045071330884828705,0.00045064477139580085,0.0004505762692371366,0.0004505078023598604,0.000450439370725932,0.000450370974304401,0.0004503026130649651,0.00045023428697698036,0.00045016599602532465,0.00045009774013148734,0.0004500295193146707,0.0004499613335305137,0.0004498931827881022,0.0004498250669400053,0.00044975698606196894,0.00044968894009172935,0.00044962092901118246,0.0004495529527757423,0.00044948501140712216,0.0004494171047780431,0.0004493492328947051,0.0004492813957473132,0.00044921359330915323,0.00044914582551371785,0.0004490780923837074,0.00044901039388344546,0.0004489427299481548,0.00044887510056399767,0.0004488075056699292,0.0004487399452975788,0.000448672419389441,0.00044860492791883554,0.00044853747086260167,0.0004484700481724108,0.0004484026598207795,0.0004483353057802517,0.0004482679860238715,0.0004482007005226866,0.00044813344925149297,0.0004480662322007653,0.0004479990493098056,0.0004479319005271159,0.00044786478586820614,0.0004477977052921868,0.0004477306587344222,0.0004476636462280577,0.0004475966677188863,0.0004475297231746383,0.0004474628125728279,0.0004473959358741164,0.00044732909305340146,0.0004472622840792597,0.0004471955090027719,0.0004471287676491944,0.00044706206006170346,0.00044699538620849314,0.00044692874604890557,0.00044686213956293534,0.0004467955667288816,0.00044672902751432365,0.0004466625218922869,0.00044659604983379346,0.0004465296113076984,0.00044646320628511613,0.0004463968347425626,0.0004463304966490315,0.00044626419198137864,0.00044619792069404933,0.00044613168278287435,0.0004460654782215034,0.0004459993069415014,0.0004459331689464969,0.0004458670642141173,0.0004458009926995221,0.000445734954390062,0.00044566894927807333,0.00044560297726230463,0.0004455370383586928,0.00044547113253529,0.00044540525976758945,0.0004453394200290145,0.000445273613286151,0.00044520783949732727,0.0004451420986733474,0.0004450763907681765,0.00044501071573092334,0.00044494507356232174,0.00044487946424116566,0.0004448138877258034,0.0004447483439865768,0.0004446828329980202,0.00044461735473255503,0.0004445519091632338,0.00044448649626191433,0.00044442111602248157,0.0004443557683975762,0.00044429045332792827,0.0004442251708163209,0.000444159920833495,0.00044409470336090014,0.0004440295183884009,0.00044396436585915903,0.00044389924576068355,0.00044383415815276074,0.00044376910281122335,0.0004437040798931973,0.000443639089214256,0.00044357413081084487,0.00044350920466833477,0.0004434443106716394,0.0004433794489689223,0.0004433146194463566,0.0004432498220770597,0.000443185056834322,0.00044312032369129276,0.0004430556226212467,0.00044299095359796783,0.0004429263165950375,0.00044286171163621113,0.00044279713859322455,0.0004427325975013978,0.0004426680883084587,0.000442603611006551,0.00044253916556065713,0.0004424747519499317,0.0004424103701507016,0.00044234602012837383,0.0004422817018607117,0.00044221741532143996,0.00044215316048419904,0.00044208893732274686,0.00044202474581081275,0.0004419605859221882,0.0004418964576658189,0.00044183236094536357,0.000441768295758428,0.00044170426211087056,0.00044164025999092097,0.0004415762893275056,0.000441512350076932,0.00044144844227388564,0.0004413845658642018,0.00044132072078171327,0.0004412569070324951,0.0004411931245974681,0.0004411293734800674,0.00044106565358711036,0.00044100196496819227,0.0004409383075135481,0.00044087468124136595,0.00044081108612601045,0.0004407475221418355,0.00044068398926322996,0.00044062048746464284,0.00044055701671131793,0.00044049357698562575,0.0004404301682540205,0.0004403667905172038,0.00044030344364575394,0.0004402401277928695,0.00044017684283808103,0.00044011358876357604,0.0004400503655402579,0.0004399871731460567,0.0004399240115495704,0.000439860880635421,0.0004397977805677894,0.00043973471120986536,0.00043967167256376893,0.0004396086645944426,0.0004395456872753648,0.0004394827405825196,0.00043941982444241237,0.000439356938915638,0.00043929408395493845,0.00043923125951660953,0.0004391684655506024,0.0004391057020727453,0.00043904296905310783,0.00043898026645043274,0.00043891759425351026,0.0004388549524417649,0.00043879234096765393,0.0004387297598110892,0.0004386672089964897,0.0004386046884265473,0.00043854219810715974,0.0004384797380054111,0.00043841730811686934,0.00043835490841509695,0.0004382925388564579,0.0004382301994367411,0.0004381678901136348,0.00043810561088050254,0.00043804336170246273,0.0004379811425616319,0.0004379189534807753,0.00043785679428518263,0.00043779466509401386,0.0004377325658434103,0.0004376704965235146,0.00043760845707189176,0.00043754644753821355,0.00043748446778080555,0.0004374225178692963,0.00043736059762370283,0.00043729870720847074,0.00043723684656206424,0.0004371750156674285,0.0004371132144329711,0.0004370514428562321,0.0004369897009369505,0.00043692798864606225,0.00043686630595872656,0.00043680465283181535,0.0004367430292558228,0.0004366814352008664,0.00043661987065085465,0.0004365583355839841,0.00043649683001743616,0.0004364353538301451,0.000436373907088105,0.0004363124897297458,0.000436251101701863,0.0004361897430113585,0.00043612841363513334,0.00043606711356746175,0.0004360058427533824,0.00043594460115659294,0.00043588338885959695,0.0004358222056969639,0.0004357610517347438,0.0004356999268911129,0.00043563883117666235,0.00043557776453658273,0.0004355167270005196,0.00043545571853770233,0.0004353947390960339,0.00043533378867228204,0.0004352728672534838,0.0004352119747792147,0.00043515111122790427,0.00043509027660629913,0.0004350294708937692,0.0004349686940496838,0.00043490794609793334,0.0004348472269487781,0.0004347865365931361,0.00043472587501113235,0.0004346652421640791,0.0004346046380954593,0.00043454406272146065,0.0004344835160324351,0.00043442299800559387,0.00043436250861535614,0.00043430204782352467,0.00043424161565670675,0.0004341812120046499,0.000434120836959232,0.00043406049045702867,0.00043400017237529305,0.00043393988285945985,0.00043387962178177686,0.00043381938915589024,0.0004337591849322633,0.00043369900910194756,0.0004336388616398919,0.0004335787425260008,0.000433518651748211,0.0004334585892637686,0.0004333985550562781,0.00043333854912189397,0.0004332785714146576,0.00043321862191660277,0.00043315870061523515,0.00043309880749213607,0.00043303894256019576,0.0004329791057018452,0.0004329192969647774,0.0004328595162889146,0.0004327997636728597,0.0004327400391066075,0.0004326803425416095,0.0004326206739907235,0.0004325610334309484,0.0004325014208051393,0.0004324418360773283,0.000432382279244096,0.00043232275030211364,0.00043226324922043287,0.00043220377597763624,0.00043214433054181227,0.0004320849129096105,0.00043202552304177753,0.0004319661609330553,0.0004319068265928465,0.00043184751992148544,0.00043178824093353816,0.00043172898961301944,0.00043166976594010786,0.0004316105698775804,0.0004315514014232074,0.0004314922605434404,0.0004314331472184575,0.00043137406150445614,0.0004313150032293436,0.0004312559724454994,0.00043119696914538613,0.00043113799327795316,0.0004310790448404323,0.0004310201238126467,0.0004309612301647771,0.00043090236376508434,0.00043084352482311404,0.0004307847131998544,0.00043072592887761574,0.00043066717181536925,0.0004306084420248485,0.0004305497394736915,0.0004304910641270684,0.0004304324159825777,0.00043037379500418136,0.00043031520118187044,0.0004302566344841891,0.00043019809491349245,0.00043013958241957807,0.00043008109698484617,0.00043002263859615676,0.0004299642072311364,0.0004299058028676554,0.000429847425391611,0.00042978907497245736,0.00042973075148994603,0.0004296724549302691,0.00042961418525490195,0.0004295559424462763,0.00042949772651302545,0.0004294395374159797,0.00042938137513420273,0.00042932323965219464,0.00042926513094706717,0.0004292070489932997,0.0004291489937839859,0.00042909096525281217,0.00042903296341420847,0.0004289749882638456,0.0004289170397735477,0.0004288591178894068,0.00042880122263902725,0.0004287433539592689,0.0004286855118495211,0.0004286276962930475,0.0004285699072744974,0.0004285121447423694,0.0004284544087286408,0.00042839669915707034,0.00042833901604631116,0.00042828135934568534,0.0004282237290529675,0.0004281661251447632,0.0004281085475721726,0.00042805099634199114,0.00042799347143716615,0.0004279359728615357,0.0004278785005882063,0.0004278210545402361,0.00042776363468881935,0.00042770624114027466,0.00042764887376409735,0.00042759153258535495,0.00042753421757146646,0.0004274769287159964,0.0004274196659535397,0.00042736242930689036,0.0004273052186840288,0.00042724803417876445,0.0004271908757103027,0.0004271337432607909,0.00042707663681751466,0.00042701955634243864,0.0004269625018448699,0.00042690547329039596,0.00042684847065921485,0.0004267914939315481,0.00042673454308762686,0.0004266776181077071,0.0004266207189720702,0.00042656384566452883,0.0004265069981583882,0.00042645017644101966,0.00042639338048574264,0.0004263366102764709,0.00042627986579359383,0.00042622314701755095,0.0004261664539323189,0.000426109786514891,0.0004260531447411679,0.0004259965286006849,0.0004259399380648918,0.00042588337310766575,0.00042582683373672844,0.00042577031990081304,0.00042571383160862233,0.00042565736882097866,0.00042560093151070683,0.00042554451968880564,0.0004254881333017782,0.00042543177243280087,0.0004253754369137134,0.000425319126811982,0.00042526284206617355,0.00042520658270413426,0.0004251503486668487,0.00042509413999372944,0.0004250379565767738,0.0004249817984413061,0.00042492566556822856,0.0004248695579384635,0.00042481347553295434,0.00042475741833266403,0.0004247013863185764,0.0004246453794716945,0.00042458939777304216,0.0004245334412036637,0.00042447750974462285,0.00042442160337700366,0.0004243657220819107,0.00042430986584046827,0.00042425403463382044,0.00042419822844313136,0.0004241424472495854,0.00042408669103438673,0.0004240309597787592,0.00042397525346394676,0.00042391957207121324,0.00042386391558184197,0.00042380828397713685,0.0004237526772384208,0.0004236970953470366,0.00042364153828434667,0.00042358600603173354,0.00042353049857059885,0.0004234750158823649,0.0004234195579484721,0.0004233641247503815,0.00042330871626619984,0.0004232533324841753,0.00042319797338245216,0.0004231426389391973,0.00042308732913932576,0.00042303204396446314,0.0004229767833961861,0.00042292154741609107,0.00042286633600582834,0.0004228111491470588,0.0004227559868214542,0.0004227008490106784,0.00042264573569647984,0.00042259064686057203,0.0004225355824847207,0.0004224805425506983,0.000422425527040293,0.0004223705359353268,0.00042231556921760235,0.00042226062686896156,0.0004222057088712867,0.0004221508152064563,0.0004220959458563501,0.00042204110080294315,0.00042198628002814104,0.00042193148353840784,0.00042187671129115896,0.0004218219632684435,0.0004217672394522464,0.00042171253980024175,0.0004216578643432436,0.0004216032130390128,0.0004215485858695665,0.00042149398281706124,0.00042143940386359617,0.00042138484899132073,0.00042133031818242185,0.00042127581141907346,0.0004212213286835505,0.00042116686995798645,0.0004211124352245688,0.00042105802446560097,0.00042100363766342383,0.00042094927480032616,0.00042089493585853834,0.0004208406208204923,0.00042078632966847246,0.00042073206238485314,0.0004206778189520469,0.0004206235993524123,0.0004205694035685102,0.00042051523158265154,0.0004204610833773321,0.0004204069589350102,0.00042035285823824537,0.00042029878126949256,0.0004202447280112953,0.00042019069844623805,0.0004201366925568561,0.0004200827103257673,0.0004200287517355469,0.000419974816768883,0.0004199209054083186,0.0004198670176365781,0.0004198131534362749,0.0004197593127901918,0.00041970549568103456,0.0004196517020915044,0.0004195979320043531,0.0004195441854023771,0.00041949046226827743,0.00041943676258496157,0.00041938308633517724,0.0004193294335018226,0.0004192758040677156,0.0004192221980157457,0.0004191686153287898,0.0004191150559897489,0.0004190615199815437,0.0004190080072871551,0.00041895451788953993,0.00041890105177166986,0.000418847608916494,0.00041879418930712884,0.0004187407929265011,0.00041868741975769876,0.0004186340697838375,0.0004185807429879702,0.00041852743935317973,0.00041847415886259203,0.00041842090149930806,0.0004183676672465293,0.00041831445608742307,0.000418261268005188,0.0004182081029829666,0.00041815496100407017,0.000418101842051684,0.000418048746109045,0.0004179956731594506,0.0004179426231861952,0.00041788959617261264,0.00041783659210197535,0.00041778361095767634,0.0004177306527230695,0.0004176777173814909,0.0004176248049163514,0.0004175719153110466,0.0004175190485490541,0.0004174662046137975,0.0004174133834886824,0.000417360585157269,0.00041730780960303604,0.0004172550568094709,0.00041720232676008067,0.00041714961943844565,0.0004170969348281211,0.00041704427291268923,0.0004169916336757387,0.00041693901710088035,0.00041688642317174915,0.00041683385187201425,0.00041678130318524147,0.00041672877709516626,0.00041667627358553345,0.0004166237926399886,0.00041657133424227196,0.0004165188983761492,0.000416466485025427,0.00041641409417378855,0.00041636172580509595,0.0004163093799031187,0.0004162570564517517,0.0004162047554347746,0.00041615247683604985,0.0004161002206394324,0.0004160479868288945,0.00041599577538827757,0.0004159435863015427,0.00041589141955257746,0.00041583927512535104,0.00041578715300392017,0.0004157350531722527,0.0004156829756143233,0.00041563092031409365,0.00041557888725563897,0.0004155268764230081,0.0004154748878003322,0.0004154229213716713,0.00041537097712112574,0.0004153190550328568,0.0004152671550909007,0.0004152152772794754,0.0004151634215827326,0.0004151115879848777,0.00041505977647008193,0.000415007987022514,0.00041495621962650553,0.00041490447426626017,0.0004148527509260663,0.00041480104959017524,0.00041474937024283033,0.000414697712868372,0.000414646077451181,0.00041459446397560886,0.000414542872425923,0.00041449130278653343,0.0004144397550418497,0.0004143882291762126,0.0004143367251741023,0.00041428524301989974,0.0004142337826980817,0.0004141823441931348,0.0004141309274895348,0.0004140795325717626,0.00041402815942430605,0.000413976808031792,0.00041392547837870757,0.0004138741704496153,0.000413822884229072,0.00041377161970172614,0.0004137203768521538,0.00041366915566488075,0.0004136179561246847,0.0004135667782161384,0.0004135156219239746,0.00041346448723272937,0.0004134133741272449,0.0004133622825922249,0.0004133112126123242,0.0004132601641722985,0.0004132091372570001,0.0004131581318511392,0.00041310714793939583,0.0004130561855067655,0.00041300524453797947,0.00041295432501783853,0.0004129034269312489,0.00041285255026305914,0.000412801694998139,0.00041275086112138007,0.0004127000486176686,0.00041264925747201925,0.00041259848766929115,0.00041254773919445134,0.00041249701203251995,0.00041244630616846966,0.00041239562158724974,0.00041234495827386714,0.00041229431621345706,0.00041224369539095604,0.00041219309579137824,0.0004121425173998882,0.00041209196020159603,0.0004120414241815733,0.00041199090932488605,0.00041194041561673435,0.0004118899430422381,0.0004118394915866073,0.0004117890612349477,0.00041173865197244465,0.00041168826377122096,0.000411637896644746,0.00041158755054418044,0.00041153722547353086,0.00041148692143538543,0.0004114366383802175,0.00041138637631151826,0.00041133613520546547,0.0004112859150576564,0.0004112357158772916,0.0004111855376043098,0.0004111353802405356,0.00041108524377944243,0.00041103512820130507,0.00041098503349165676,0.0004109349596378058,0.00041088490662703173,0.0004108348744359121,0.00041078486305759433,0.00041073487247862006,0.0004106849026812054,0.0004106349536508614,0.0004105850253731202,0.0004105351178335168,0.0004104852310175987,0.00041043536491093514,0.0004103855194991031,0.0004103356947677038,0.000410285890702324,0.00041023610728860613,0.0004101863445121851,0.0004101366023587085,0.00041008688081384427,0.0004100371798632656,0.00040998749949266034,0.0004099378396877394,0.0004098882004342268,0.0004098385817178563,0.00040978898352437806,0.0004097394058395474,0.0004096898486491399,0.00040964031193894995,0.0004095907956947835,0.0004095412999024608,0.00040949182454780633,0.0004094423696166664,0.0004093929350948898,0.0004093435209683825,0.0004092941272229997,0.0004092447538446611,0.00040919540081927637,0.00040914606813276423,0.00040909675577108234,0.00040904746372015733,0.0004089981919659794,0.00040894894049453383,0.00040889970929181165,0.00040885049834382355,0.0004088013076365828,0.00040875213715614605,0.00040870298688855286,0.00040865385681986964,0.000408604746936171,0.0004085556572235417,0.0004085065876681143,0.0004084575382559742,0.00040840850897327306,0.0004083594998061477,0.000408310510740762,0.00040826154176328185,0.00040821259285989044,0.00040816366400910406,0.00040811475519102983,0.0004080658664216812,0.00040801699768596263,0.0004079681489485629,0.0004079193202055026,0.00040787051143923163,0.0004078217226207272,0.0004077729537620665,0.0004077242048476859,0.0004076754758436248,0.0004076267667627459,0.000407578077513611,0.0004075294082094541,0.000407480758773152,0.0004074321291927576,0.0004073835194530663,0.0004073349295275524,0.0004072863594264653,0.00040723780912872167,0.00040718927861887365,0.0004071407678571897,0.000407092276876273,0.00040704380552179044,0.0004069953539389789,0.00040694692210291273,0.000406898510032589,0.0004068501176509385,0.0004068017449472349,0.0004067533919138545,0.00040670505854112365,0.0004066567447959037,0.00040660845065376597,0.0004065601761451217,0.0004065119212353318,0.00040646368591557074,0.0004064154701635718,0.00040636727397225556,0.0004063190973247192,0.00040627094021421586,0.0004062228026180045,0.00040617468452866355,0.00040612658593208696,0.00040607850681798914,0.00040603044710770545,0.0004059824069078801,0.0004059343860812748,0.0004058863847475163,0.00040583840282704234,0.0004057904402975012,0.0004057424971992014,0.00040569457334894315,0.00040564666894082223,0.0004055987838939746,0.00040555091808576395,0.00040550307158295,0.0004054552444983519,0.0004054074366559962,0.0004053596482164675,0.00040531187891343655,0.0004052641289299958,0.0004052163981886144,0.0004051686866769056,0.00040512099438476076,0.00040507332123531514,0.0004050256674029879,0.00040497803272815743,0.00040493041711032877,0.00040488282072448264,0.00040483524345994983,0.0004047876853220448,0.00040474014630466294,0.00040469262638928393,0.0004046451255669741,0.00040459764371936885,0.0004045501810220099,0.0004045027373527211,0.00040445531274639336,0.00040440790715964565,0.00040436052058058264,0.0004043131530014428,0.00040426580440653634,0.00040421847478497823,0.00040417116411315855,0.0004041238723991066,0.00040407659963014964,0.00040402934577433406,0.00040398211082385215,0.00040393489471303483,0.00040388769754659884,0.0004038405192477718,0.0004037933598063649,0.00040374621921223833,0.0004036990974495143,0.00040365199450804535,0.0004036049103198503,0.00040355784497003093,0.00040351079841333414,0.0004034637706336073,0.0004034167616044442,0.0004033697713202415,0.00040332279977143523,0.0004032758469311433,0.00040322891282900845,0.0004031819974021991,0.00040313510067937965,0.0004030882225934471,0.00040304136317366695,0.0004029945224041246,0.0004029477002644785,0.0004029008967453224,0.00040285411184005736,0.0004028073455225079,0.00040276059778655295,0.00040271386862544313,0.0004026671580325482,0.0004026204659698776,0.00040257379244364253,0.0004025271374403281,0.0004024805009418426,0.00040243388297740414,0.00040238728340743026,0.00040234070237993254,0.00040229413979584437,0.00040224759564882367,0.00040220106999788144,0.0004021545627116452,0.0004021080738417522,0.00040206160325757605,0.00040201515117311713,0.0004019687174620697,0.00040192230210246726,0.0004018759050924314,0.0004018295264647703,0.0004017831661282318,0.00040173682410750764,0.0004016905002620087,0.0004016441948283694,0.0004015979076721789,0.00040155163883206883,0.00040150538807324007,0.0004014591555609941,0.00040141294139732996,0.00040136674544757374,0.0004013205676877331,0.0004012744081319605,0.0004012282667573707,0.000401182143559854,0.0004011360385116232,0.0004010899515542455,0.0004010438826828259,0.00040099783203622605,0.00040095179951997494,0.00040090578507435753,0.000400859788660428,0.0004008138103706378,0.00040076785014178635,0.0004007219079589527,0.0004006759838162779,0.00040063007769887855,0.0004005841895986656,0.00040053831944904527,0.0004004924672274164,0.00040044663308703597,0.00040040081691846904,0.00040035501870420444,0.0004003092384341453,0.00040026347603060685,0.00040021773154573124,0.00040017200503084745,0.00040012629636164464,0.0004000806056276379,0.00040003493276773047,0.0003999892777641816,0.0003999436406092018,0.0003998980212910401,0.0003998524197980592,0.0003998068361185588,0.00039976127024327643,0.0003997157221573835,0.00039967019185224397,0.00039962467925288317,0.0003995791844660476,0.00039953370745671174,0.00039948824814831817,0.0003994428065018041,0.0003993973826224978,0.00039935197643963953,0.0003993065878815705,0.0003992612170589056,0.00039921586389715495,0.0003991705283865173,0.00039912521051552923,0.0003990799102726584,0.00039903462762416823,0.0003989893625937373,0.0003989441151663956,0.0003988988852628312,0.0003988536728790512,0.0003988084781640974,0.0003987633009970332,0.0003987181413128991,0.00039867299920447793,0.00039862787459379705,0.0003985827674953922,0.00039853767789566134,0.00039849260577659096,0.0003984475511043309,0.00039840251380087317,0.000398357494052363,0.00039831249163560235,0.00039826750669612863,0.00039822253921623665,0.000398177589117153,0.00039813265634395904,0.000398087741012576,0.00039804284306609326,0.00039799796241049627,0.0003979530991448598,0.00039790825317231784,0.00039786342457916597,0.00039781861329626564,0.0003977738192936878,0.0003977290425977461,0.00039768428317847804,0.00039763954103147367,0.00039759481613206414,0.0003975501084758333,0.0003975054180516649,0.0003974607448010215,0.00039741608880219427,0.00039737145000568494,0.0003973268283892065,0.0003972822238831841,0.00039723763661798586,0.00039719306650395155,0.0003971485135364028,0.0003971039777010733,0.00039705945889897975,0.0003970149572896426,0.0003969704727848626,0.00039692600528793646,0.00039688155482871625,0.000396837121555379,0.00039679270533718203,0.00039674830609699193,0.000396703923885086,0.0003966595587626593,0.0003966152106576333,0.0003965708795509082,0.00039652656543366556,0.0003964822682939059,0.0003964379881229053,0.00039639372490866807,0.0003963494785445628,0.00039630524921402274,0.00039626103673639715,0.0003962168412406131,0.0003961726626473001,0.00039612850085547275,0.0003960843559396182,0.00039604022798876086,0.0003959961168971539,0.0003959520226539199,0.0003959079452351154,0.0003958638845373474,0.00039581984077465964,0.0003957758138172654,0.00039573180364967835,0.0003956878102706832,0.00039564383366480184,0.00039559987380852787,0.0003955559307167241,0.0003955120043659042,0.00039546809468035015,0.00039542420177946636,0.00039538032558752566,0.0003953364660895374,0.0003952926232085656,0.0003952487970751488,0.0003952049875613072,0.00039516119475060724,0.0003951174185781012,0.00039507365904057566,0.00039502991605615875,0.00039498618976178956,0.000394942480070563,0.00039489878690595703,0.0003948551103891718,0.00039481145039530125,0.00039476780695305567,0.00039472418013083245,0.0003946805698305705,0.0003946369760562329,0.00039459339880732657,0.00039454983806566673,0.0003945062937485339,0.00039446276599268464,0.00039441925471343987,0.00039437575988984466,0.00039433228141432934,0.00039428881946264007,0.00039424537398624723,0.00039420194493381333,0.00039415853229572755,0.0003941151360596309,0.00039407175621112493,0.0003940283927457524,0.00039398504566043644,0.0003939417148993696,0.00039389840052879064,0.00039385510249740263,0.0003938118207963131,0.0003937685554072451,0.0003937253063391631,0.00039368207357834574,0.00039363885709681195,0.0003935956568980485,0.000393552472971353,0.0003935093053011181,0.00039346615387528375,0.00039342301867703307,0.0003933798997181971,0.0003933367969796061,0.00039329371045279936,0.0003932506400509661,0.0003932075859091532,0.00039316454793892296,0.0003931215261370821,0.00039307852041933945,0.00039303553092001777,0.00039299255755583185,0.0003929496003255312,0.0003929066592000264,0.00039286373419870376,0.00039282082526696875,0.0003927779323681887,0.00039273505561844227,0.0003926921948867861,0.000392649350254527,0.00039260652167733776,0.0003925637091303409,0.00039252091260968535,0.0003924781321038927,0.00039243536760020663,0.00039239261908923846,0.0003923498865618482,0.0003923071700175661,0.00039226446943531297,0.00039222178481049816,0.00039217911612778966,0.0003921364632941018,0.00039209382647548255,0.0003920512055724218,0.00039200860057592125,0.0003919660114704104,0.0003919234382724621,0.00039188088087488654,0.00039183833939983504,0.0003917958137819692,0.00039175330400893733,0.0003917108100719621,0.00039166833195207425,0.0003916258695972568,0.000391583423109936,0.0003915409924241616,0.0003914985775151969,0.0003914561783894655,0.00039141379502484453,0.00039137142737279005,0.00039132907551211196,0.00039128673939521776,0.00039124441899446343,0.00039120211430743315,0.0003911598253428589,0.00039111755207390993,0.00039107529439933304,0.0003910330524430013,0.00039099082615409774,0.0003909486155813114,0.0003909064206189515,0.00039086424136552397,0.0003908220777394715,0.0003907799296855418,0.0003907377972110287,0.00039069568036550047,0.0003906535791374237,0.00039061149349974803,0.0003905694234257581,0.0003905273689381569,0.00039048532992107265,0.0003904433064952209,0.0003904012986136744,0.00039035930625623793,0.00039031732940311963,0.00039027536806467654,0.00039023342221079473,0.00039019149177379244,0.00039014957684053525,0.0003901076773670668,0.00039006579341591005,0.00039002392485438706,0.0003899820717816612,0.0003899402340843403,0.0003898984118624584,0.0003898566050758483,0.00038981481366291845,0.0003897730376888241,0.00038973127708785726,0.0003896895318545924,0.0003896478019418699,0.00038960608738238526,0.0003895643881714937,0.0003895227042877705,0.00038948103576495676,0.00038943938248441675,0.0003893977445554483,0.00038935612190109945,0.0003893145144819088,0.00038927292240532147,0.00038923134559200426,0.0003891897839765345,0.00038914823761977685,0.00038910670654935766,0.000389065190712185,0.00038902369008664435,0.0003889822046822939,0.0003889407344688469,0.0003888992794601636,0.00038885783970964903,0.0003888164150570206,0.00038877500558598545,0.0003887336112535101,0.00038869223211301647,0.00038865086806332786,0.0003886095191543631,0.0003885681853494546,0.0003885268667290835,0.0003884855631339637,0.00038844427462936254,0.00038840300120624707,0.0003883617428577448,0.00038832049956946045,0.00038827927133725285,0.00038823805809143174,0.0003881968599378749,0.00038815567674492984,0.0003881145086330281,0.0003880733555288315,0.0003880322174228411,0.0003879910942761782,0.00038794998608109103,0.00038790889291617406,0.00038786781471429393,0.00038782675146855543,0.0003877857031620541,0.00038774466979494215,0.0003877036513484773,0.00038766264781998417,0.0003876216591972271,0.00038758068547264224,0.0003875397266371226,0.0003874987826816275,0.00038745785359720064,0.0003874169393130732,0.00038737603994383127,0.0003873351553560387,0.0003872942856658228,0.0003872534308012312,0.0003872125907476609,0.0003871717655083675,0.00038713095501058723,0.0003870901593601466,0.00038704937848239455,0.00038700861238447456,0.0003869678610499537,0.0003869271244691946,0.00038688640257379144,0.0003868456954748224,0.0003868050031025321,0.0003867643254486281,0.00038672366250528685,0.0003866830143027741,0.0003866423807531095,0.0003866017618873524,0.0003865611576789868,0.00038652056814854455,0.0003864799932794242,0.0003864394330520085,0.00038639888746827783,0.0003863583565088,0.00038631784010747215,0.00038627733838496336,0.0003862368512615977,0.0003861963787332288,0.0003861559207890132,0.00038611547742762556,0.00038607504862745725,0.000386034634387734,0.000385994234697459,0.0003859538495969098,0.0003859134789847493,0.00038587312289722214,0.0003858327813206158,0.0003857924542570015,0.00038575214169619433,0.00038571184361986093,0.0003856715600160965,0.00038563129088333944,0.00038559103622020095,0.00038555079600450446,0.0003855105702342477,0.000385470358905274,0.00038543016199926684,0.0003853899795136659,0.0003853498114388086,0.00038530965776578777,0.00038526951848658205,0.0003852293935924595,0.0003851892830738015,0.00038514918692274296,0.00038510910513043226,0.0003850690377062497,0.0003850289846063659,0.00038498894583924407,0.0003849489214025711,0.0003849089112831201,0.00038486891546576706,0.0003848289339453261,0.0003847889667236148,0.0003847490137770441,0.0003847090751018929,0.000384669150691172,0.00038462924053899345,0.00038458934463385993,0.0003845494629675068,0.0003845095955294776,0.00038446974231421115,0.0003844299033146328,0.0003843900785228034,0.0003843502679226145,0.0003843104715107213,0.0003842706892792115,0.00038423092122186057,0.0003841911673237038,0.0003841514275793133,0.00038411170198889596,0.0003840719905284675,0.00038403229319713646,0.0003839926099866552,0.0003839529408881722,0.00038391328589809426,0.0003838736449995045,0.0003838340181864044,0.0003837944054535086,0.0003837548067899121,0.0003837152221932014,0.00038367565165155074,0.00038363609515302627,0.000383596552690871,0.00038355702430700387,0.00038351750988830394,0.00038347800948204983,0.0003834385230787528,0.0003833990506746422,0.00038335959225920923,0.00038332014781702856,0.00038328071735335684,0.0003832413008507764,0.00038320189829440106,0.000383162509683438,0.0003831231350093002,0.0003830837742785358,0.00038304442745439965,0.0003830050945421913,0.0003829657755342557,0.00038292647042237614,0.00038288717919900757,0.0003828479018552144,0.00038280863837409257,0.00038276938877729457,0.0003827301530219172,0.0003826909311133794,0.0003826517230483288,0.0003826125288091036,0.0003825733483912155,0.00038253418178902423,0.00038249502899116256,0.00038245588999288367,0.00038241676478729123,0.0003823776533587815,0.0003823385557032578,0.0003822994718147987,0.00038226040168138075,0.0003822213453017796,0.000382182302658498,0.00038214327374860055,0.0003821042585625523,0.00038206525709482363,0.0003820262693340245,0.00038198729527059126,0.00038194833490388957,0.0003819093882213987,0.0003818704552159467,0.0003818315358784171,0.0003817926301997774,0.00038175373818035964,0.00038171485979904453,0.0003816759950545421,0.00038163714393781874,0.0003815983064452474,0.00038155948256052806,0.0003815206722795776,0.0003814818755951276,0.000381443092499014,0.0003814043230041797,0.00038136556705594137,0.00038132682468241326,0.00038128809586381577,0.00038124938059091757,0.00038121067885680973,0.0003811719906627788,0.00038113331598597737,0.00038109465482923566,0.0003810560071784938,0.00038101737302868345,0.0003809787523762251,0.0003809401452095825,0.0003809015515153293,0.00038086297129046075,0.00038082440452722453,0.00038078585122940247,0.0003807473113663279,0.0003807087849408776,0.0003806702719594017,0.0003806317723919011,0.00038059328623300895,0.0003805548134821981,0.0003805163541504604,0.000380477908189246,0.0003804394756107244,0.0003804010564081192,0.00038036265057254915,0.0003803242581001437,0.0003802858789972762,0.00038024751318926545,0.0003802091607458845,0.00038017082166354996,0.00038013249587176903,0.0003800941833916158,0.00038005588426552107,0.00038001759838899874,0.0003799793258078008,0.0003799410665090524,0.000379902820485231,0.0003798645877269662,0.00037982636822387743,0.00037978816197537576,0.0003797499689716831,0.0003797117892033073,0.0003796736226595541,0.0003796354693392949,0.00037959732926359335,0.0003795592023612981,0.00037952108865522646,0.0003794829881393485,0.0003794449008120434,0.0003794068266531555,0.00037936876567034396,0.00037933071783855914,0.00037929268315990694,0.0003792546616263814,0.00037921665322825733,0.00037917865795762115,0.00037914067581133217,0.00037910270677812,0.00037906475085557783,0.00037902680802846415,0.0003789888782954737,0.00037895096172038965,0.00037891305814382773,0.0003788751676359298,0.0003788372901892411,0.00037879942579570585,0.0003787615744275706,0.00037872373612480784,0.0003786859108953284,0.00037864809869651736,0.0003786102994585393,0.00037857251323071767,0.00037853474000300015,0.0003784969797687495,0.0003784592325213696,0.00037842149825549653,0.00037838377696063384,0.0003783460686248085,0.000378308373246455,0.0003782706907868969,0.00037823302129718635,0.00037819536474155256,0.0003781577211121359,0.00037812009040180276,0.00037808247260350024,0.0003780448677079507,0.0003780072757120985,0.0003779696966040418,0.0003779321303775198,0.00037789457703330047,0.0003778570365502488,0.0003778195089254042,0.0003777819941101704,0.0003777444921831749,0.0003777070030942359,0.0003776695268350062,0.0003776320634210906,0.0003775946128008167,0.00037755717498888264,0.0003775197499464409,0.0003774823377312893,0.00037744493830089586,0.00037740755164519026,0.00037737017776506507,0.00037733281664964014,0.00037729546829084446,0.00037725813268219786,0.00037722080981755015,0.0003771834996882921,0.00037714620228608206,0.0003771089176082147,0.0003770716456391596,0.00037703438638286103,0.0003769971398204044,0.000376959905948705,0.0003769226847618061,0.00037688547625147313,0.0003768482804111891,0.00037681109723416333,0.0003767739267067636,0.00037673676882564856,0.00037669962358974617,0.00037666249099295776,0.0003766253710261024,0.00037658826370211344,0.0003765511689640343,0.00037651408682704923,0.00037647701729119236,0.00037643996034665713,0.0003764029159858617,0.00037636588420894275,0.0003763288649943154,0.00037629185834215224,0.0003762548642447973,0.00037621788269573636,0.0003761809136877142,0.000376143957213442,0.00037610701325513764,0.00037607008182660213,0.0003760331629122594,0.00037599625650231887,0.00037595936259073737,0.0003759224811656414,0.0003758856122356507,0.00037584875577658826,0.0003758119117871435,0.0003757750802370234,0.0003757382612184909,0.000375701454598108,0.00037566466041888966,0.0003756278786778536,0.00037559110936049797,0.00037555435245961786,0.0003755176079745979,0.00037548087590118836,0.0003754441562937094,0.00037540744901495496,0.0003753707541172247,0.00037533407159172333,0.0003752974013960269,0.00037526074358425844,0.00037522409815303844,0.0003751874650902778,0.0003751508443608623,0.00037511423596838856,0.0003750776398904404,0.0003750410561449651,0.0003750044847204713,0.00037496792560601103,0.00037493137879442444,0.0003748948441984652,0.00037485832196954054,0.00037482181202821193,0.00037478531434492643,0.00037474882893395755,0.0003747123557897033,0.0003746758948928065,0.00037463944624899307,0.00037460300984883,0.00037456658567210636,0.000374530173722482,0.0003744937739915637,0.000374457386479433,0.0003744210111758032,0.0003743846480713935,0.0003743482971555088,0.00037431195841899564,0.00037427563186739167,0.00037423931748103593,0.0003742030152625991,0.00037416672520425526,0.0003741304472967702,0.00037409418152898417,0.00037405792790336034,0.0003740216864075059,0.0003739854570363665,0.00037394923977637263,0.0003739130346327912,0.0003738768416455522,0.0003738406606983706,0.00037380449184481015,0.0003737683350744688,0.0003737321903869508,0.0003736960577664853,0.0003736599372078095,0.00037362382870074763,0.00037358773222463253,0.00037355164791647087,0.0003735155755332849,0.00037347951518575123,0.00037344346686625783,0.00037340743052018057,0.0003733714062180255,0.00037333539387350903,0.00037329939356861303,0.0003732634052557417,0.0003732274289397281,0.00037319146461150843,0.0003731555121809701,0.00037311957177900255,0.00037308364331358184,0.0003730477267908885,0.00037301182221321475,0.0003729759295763018,0.00037294004887430824,0.00037290418008598195,0.000372868323207843,0.0003728324782801998,0.00037279664526122845,0.0003727608240940858,0.00037272501482073065,0.00037268921749218685,0.00037265343197270546,0.0003726176583278904,0.00037258189654573764,0.0003725461466203983,0.00037251040854950515,0.00037247468231558616,0.0003724389679211173,0.0003724032653583291,0.0003723675746177644,0.00037233189569443626,0.0003722962285756389,0.00037226057330636556,0.0003722249297810092,0.0003721892980609776,0.00037215367812537493,0.0003721180699702116,0.0003720824735840594,0.0003720468889568547,0.0003720113161111234,0.0003719757549859151,0.00037194020561455774,0.0003719046679873356,0.00037186914209329144,0.0003718336279214986,0.0003717981254731261,0.0003717626347401403,0.0003717271557135119,0.00037169168838492903,0.00037165623275283154,0.0003716207888051207,0.00037158535653796854,0.0003715499359454399,0.00037151452702087,0.00037147912971771083,0.0003714437441096615,0.0003714083701554718,0.00037137300782465047,0.00037133765714768735,0.00037130231809537703,0.00037126699069425914,0.0003712316748845672,0.0003711963706675051,0.0003711610781057011,0.0003711257971260918,0.00037109052771650296,0.00037105526989685185,0.00037102002370082625,0.00037098478902541335,0.00037094956592273774,0.00037091435442329905,0.000370879154411907,0.00037084396596180576,0.0003708087890517499,0.00037077362369885647,0.0003707384698495373,0.0003707033275074236,0.0003706681966845434,0.0003706330773657173,0.00037059796956480037,0.00037056287325703993,0.0003705277884418276,0.00037049271505781693,0.000370457653232978,0.0003704226028538631,0.0003703875639391111,0.00037035253654104944,0.00037031752053268233,0.0003702825159243554,0.0003702475228541249,0.00037021254116532883,0.0003701775709795849,0.00037014261212261996,0.00037010766473028476,0.00037007272871013725,0.0003700378040927215,0.00037000289093059636,0.00036996798909753057,0.00036993309870222117,0.00036989821966679193,0.0003698633519534848,0.00036982849568037554,0.00036979365070454807,0.00036975881710869107,0.00036972399483036584,0.0003696891838944832,0.0003696543843305323,0.00036961959606020696,0.0003695848191073595,0.00036955005349255794,0.00036951529914881726,0.00036948055619486213,0.00036944582445215605,0.000369411104056199,0.0003693763948980347,0.00036934169701928173,0.0003693070104369053,0.00036927233510068507,0.0003692376710460325,0.00036920301825615963,0.00036916837673583715,0.0003691337464204992,0.0003690991273730252,0.0003690645195385093,0.0003690299229151809,0.00036899533748459425,0.0003689607632891432,0.0003689262003257297,0.00036889164851253354,0.0003688571079014947,0.0003688225784242905,0.00036878806020032324,0.0003687535531269915,0.0003687190572085576,0.0003686845724627629,0.0003686500988987408,0.00036861563651177306,0.0003685811852421942,0.0003685467451051194,0.0003685123161059453,0.0003684778982155628,0.000368443491481463,0.0003684090958259653,0.0003683747113265002,0.0003683403378819161,0.00036830597553462723,0.000368271624274145,0.0003682372841633724,0.00036820295506949255,0.00036816863709980644,0.0003681343301449145,0.0003681000343047577,0.0003680657494814921,0.0003680314756907326,0.0003679972129485765,0.0003679629612530052,0.00036792872055865854,0.000367894490926351,0.00036786027228987903,0.0003678260646502014,0.00036779186803221736,0.00036775768242060274,0.00036772350780696036,0.0003676893441621768,0.00036765519150301504,0.00036762104982204785,0.0003675869191280908,0.0003675527994490398,0.00036751869066122315,0.0003674845928339287,0.0003674505059524568,0.0003674164300394081,0.00036738236500838504,0.0003673483109524189,0.00036731426786313834,0.0003672802355671944,0.0003672462142649233,0.0003672122038692909,0.0003671782043781256,0.0003671442158264136,0.00036711023812005636,0.00036707627129519554,0.00036704231535943294,0.00036700837028314843,0.0003669744360775746,0.00036694051273006886,0.00036690660023749346,0.0003668726985922766,0.00036683880779388834,0.00036680492784641865,0.0003667710587902299,0.0003667372004771927,0.00036670335301217593,0.0003666695163438647,0.00036663569051161065,0.00036660187545293067,0.00036656807119149536,0.0003665342777159141,0.0003665004950568912,0.00036646672310890974,0.00036643296197803486,0.0003663992116196428,0.0003663654720163885,0.00036633174320652704,0.00036629802509353937,0.00036626431774739127,0.0003662306211386711,0.00036619693526128693,0.00036616326009945827,0.00036612959567458315,0.00036609594196122136,0.0003660622989638704,0.0003660286666698647,0.0003659950450788313,0.00036596143420160375,0.00036592783399101546,0.00036589424449635124,0.0003658606656437016,0.0003658270974632703,0.00036579353994596646,0.00036575999312657697,0.0003657264569038667,0.0003656929313726429,0.0003656594164534182,0.00036562591217546045,0.0003655924185587543,0.00036555893556390004,0.00036552546317110635,0.000365492001412379,0.0003654585502404939,0.00036542510967227626,0.0003653916797019702,0.0003653582603084262,0.0003653248515211112,0.00036529145328740746,0.00036525806565363355,0.0003652246885876194,0.0003651913221104451,0.00036515796614565487,0.0003651246207638061,0.0003650912859194104,0.0003650579616127462,0.00036502464784642205,0.0003649913445963851,0.0003649580518924014,0.0003649247696833302,0.0003648914980088633,0.00036485823684097654,0.00036482498617611226,0.00036479174601003825,0.000364758516336204,0.0003647252971243567,0.00036469208839855086,0.0003646588901695648,0.00036462570240544006,0.0003645925251041744,0.00036455935824732404,0.0003645262018948189,0.00036449305594325065,0.00036445992044852526,0.0003644267953862736,0.00036439368075843077,0.00036436057655461133,0.00036432748276868756,0.00036429439939936973,0.0003642613264381577,0.00036422826388028456,0.0003641952117231597,0.000364162169995396,0.0003641291386183686,0.0003640961176258232,0.00036406310700593593,0.000364030106788339,0.00036399711692701214,0.0003639641373810789,0.00036393116823034037,0.0003638982094080448,0.0003638652609130406,0.0003638323227526727,0.00036379939494828,0.0003637664774888302,0.000363733570351066,0.00036370067350528475,0.00036366778699796894,0.0003636349107924514,0.00036360204485200756,0.00036356918921461517,0.0003635363438707933,0.00036350350881927756,0.00036347068405029716,0.0003634378695511192,0.0003634050652984471,0.00036337227135344025,0.0003633394876393091,0.00036330671415862534,0.0003632739509463552,0.00036324119797479686,0.00036320845525508223,0.0003631757227505685,0.0003631430004981131,0.0003631102884220987,0.0003630775865773721,0.0003630448949290078,0.0003630122134973477,0.0003629795422507137,0.0003629468812124374,0.00036291423034045807,0.00036288158965163433,0.00036284895914684553,0.00036281633880212906,0.000362783728624056,0.00036275112866092693,0.00036271853882464885,0.0003626859591196825,0.0003626533895807168,0.00036262083018474427,0.00036258828092263444,0.0003625557417725632,0.0003625232127622961,0.00036249069388531393,0.00036245818510818455,0.00036242568645412454,0.0003623931978927959,0.0003623607194260595,0.0003623282510277272,0.00036229579274507347,0.00036226334452424614,0.0003622309063725283,0.00036219847831899145,0.00036216606032926445,0.000362133652379212,0.00036210125448422214,0.00036206886666504475,0.0003620364888675558,0.000362004121134905,0.00036197176344058494,0.0003619394157753319,0.0003619070781332969,0.0003618747505130583,0.00036184243290753206,0.0003618101252961688,0.0003617778277168905,0.0003617455401228471,0.00036171326250194244,0.00036168099489267364,0.00036164873725277343,0.0003616164895815226,0.0003615842519337301,0.000361552024244767,0.0003615198065018761,0.0003614875987185094,0.0003614554008853493,0.00036142321294533507,0.00036139103497721874,0.0003613588669711994,0.0003613267089225227,0.0003612945607799662,0.0003612624225534034,0.0003612302942479107,0.00036119817585306206,0.000361166067339984,0.0003611339687547843,0.0003611018800744036,0.00036106980127421483,0.0003610377323678762,0.00036100567334510614,0.0003609736241912826,0.00036094158490517555,0.0003609095554401612,0.00036087753585932085,0.0003608455262092142,0.0003608135263689853,0.0003607815363658342,0.0003607495562001119,0.00036071758586997426,0.0003606856253730731,0.0003606536746980549,0.0003606217338709291,0.00036058980283126325,0.0003605578816005197,0.00036052597017713063,0.00036049406854354545,0.0003604621767172314,0.0003604302946822894,0.00036039842242191196,0.00036036655994779,0.0003603347072527994,0.00036030286434077165,0.0003602710311767606,0.00036023920777121055,0.00036020739412656003,0.00036017559022815976,0.00036014379609137213,0.00036011201167870596,0.00036008023700098707,0.00036004847205665485,0.0003600167168332354,0.0003599849713323578,0.0003599532355225544,0.00035992150944467473,0.0003598897930311594,0.00035985808635548777,0.00035982638937972377,0.00035979470209389797,0.00035976302449504486,0.0003597313565768648,0.00035969969833264627,0.00035966804975872513,0.0003596364108523432,0.00035960478161070034,0.0003595731620294002,0.0003595415520907395,0.000359509951797773,0.0003594783611495469,0.00035944678012979315,0.000359415208744632,0.00035938364697266973,0.0003593520948464734,0.00035932055233412575,0.0003592890194286406,0.00035925749612636713,0.000359225982424307,0.0003591944783313341,0.0003591629838178356,0.00035913149889146633,0.00035910002354721154,0.0003590685577801574,0.00035903710159539235,0.0003590056549690154,0.00035897421790521755,0.0003589427903996427,0.0003589113724495533,0.0003588799640472437,0.00035884856517688114,0.0003588171758611492,0.00035878579607243174,0.00035875442583076765,0.00035872306505588014,0.00035869171382838097,0.0003586603721360543,0.0003586290399414485,0.00035859771725508784,0.00035856640406817307,0.00035853510035585394,0.000358503806089636,0.0003584725213672164,0.0003584412461295169,0.0003584099803699827,0.0003583787240804861,0.0003583474772593536,0.00035831623992262345,0.0003582850120182443,0.0003582537935770359,0.0003582225845709519,0.0003581913850095438,0.0003581601948856748,0.0003581290141913241,0.0003580978429261304,0.00035806668108260984,0.00035803552872635934,0.00035800438572367553,0.00035797325212497946,0.0003579421279352143,0.00035791101314083535,0.00035787990777181423,0.00035784881175923244,0.0003578177251392557,0.0003577866478753071,0.000357755580011426,0.00035772452150503384,0.00035769347237467927,0.0003576624326047208,0.0003576314021871568,0.0003576003811246489,0.00035756936940400214,0.0003575383670408273,0.0003575073740098509,0.0003574763903118267,0.0003574454159181872,0.0003574144508726296,0.00035738349515335497,0.0003573525487415754,0.00035732161163820456,0.0003572906838147306,0.000357259765291878,0.00035722885608705396,0.0003571979561713972,0.0003571670655229531,0.00035713618417791704,0.0003571053121753084,0.0003570744493715883,0.00035704359579670595,0.0003570127515129924,0.00035698191651243255,0.00035695109073954803,0.000356920274241747,0.0003568894670262899,0.00035685866898698033,0.0003568278802789886,0.00035679710073171453,0.0003567663304109776,0.0003567355693178307,0.00035670481743601385,0.0003566740747738353,0.0003566433413121282,0.00035661261704323787,0.00035658190197745574,0.00035655119611389605,0.0003565204994376157,0.0003564898119207353,0.00035645913361200335,0.00035642846447561243,0.000356397804511788,0.00035636715374602943,0.000356336512110347,0.0003563058796319921,0.00035627525630578706,0.0003562446421287558,0.000356214037095559,0.0003561834412191498,0.00035615285446078515,0.0003561222768317894,0.00035609170832895506,0.00035606114894623845,0.00035603059868446926,0.00035600005754891673,0.00035596952550147917,0.0003559390025554203,0.0003559084887328192,0.0003558779839764286,0.0003558474883288497,0.00035581700174625334,0.00035578652424430424,0.00035575605582249657,0.0003557255964693848,0.0003556951461366388,0.0003556647049118951,0.0003556342727445882,0.000355603849622312,0.000355573435549349,0.0003555430305197513,0.00035551263454371314,0.0003554822475901804,0.00035545186967989506,0.0003554215007828944,0.0003553911409183015,0.0003553607900708824,0.0003553304482483131,0.00035530011541669434,0.00035526979158868763,0.00035523947676026097,0.00035520917093073977,0.00035517887403357663,0.0003551485861753065,0.00035511830729625173,0.00035508803739700486,0.00035505777646118207,0.0003550275245046642,0.00035499728150946566,0.00035496704745863883,0.00035493682237718304,0.0003549066062520202,0.00035487639906816367,0.0003548462007995027,0.0003548160114977158,0.0003547858311234297,0.00035475565967787315,0.00035472549715611463,0.0003546953435523102,0.0003546651988504684,0.0003546350630732218,0.00035460493620197007,0.0003545748182330907,0.0003545447091629565,0.0003545146090321697,0.000354484517747353,0.0003544544353349988,0.0003544243618094546,0.0003543942971638924,0.0003543642413963896,0.00035433419448404105,0.00035430415643894324,0.00035427412725154254,0.00035424410691610794,0.0003542140954272479,0.0003541840927887665,0.0003541540989853507,0.0003541241140189027,0.00035409413788402175,0.0003540641705764273,0.0003540342120959495,0.0003540042624366176,0.00035397432158620646,0.0003539443895459122,0.00035391446631605097,0.00035388455189310533,0.00035385464626149383,0.0003538247494180996,0.00035379486135659515,0.0003537649820861658,0.0003537351115869767,0.0003537052498723073,0.000353675396928802,0.00035364555274366554,0.0003536157173361406,0.00035358589067998973,0.00035355607280610515,0.0003535262636539055,0.00035349646326100786,0.0003534666715999067,0.00035343688867120335,0.00035340711447488993,0.0003533773490000593,0.0003533475922493378,0.0003533178442271043,0.0003532881049443805,0.0003532583743490477,0.00035322865246190777,0.00035319893927773473,0.000353169234791315,0.00035313953899926187,0.00035310985189736596,0.0003530801734855212,0.000353050503750742,0.00035302084268455663,0.0003529911903003771,0.00035296154659013643,0.0003529319115367052,0.0003529022851508525,0.0003528726674584847,0.000352843058381767,0.0003528134579473617,0.00035278386616788315,0.00035275428301676935,0.00035272470850060086,0.00035269514260853255,0.00035266558534774255,0.0003526360367072958,0.0003526064967120693,0.0003525769653069228,0.0003525474425043522,0.0003525179283156997,0.00035248842273435,0.00035245892574530755,0.00035242943734889784,0.0003523999575426123,0.0003523704863242255,0.0003523410236828932,0.00035231156963174125,0.00035228212413891186,0.00035225268721421295,0.00035222325885357484,0.0003521938390442235,0.00035216442779482254,0.0003521350251013396,0.0003521056309483361,0.00035207624534163735,0.00035204686829722444,0.0003520174997657335,0.00035198813976785,0.0003519587882960467,0.00035192944533793755,0.0003519001109069124,0.0003518707849910907,0.00035184146757658583,0.00035181215867517414,0.00035178285826826915,0.00035175356638295053,0.00035172428297559335,0.0003516950080697673,0.0003516657416208818,0.0003516364836711474,0.0003516072342018245,0.00035157799319797753,0.00035154876066580555,0.00035151953658487306,0.00035149032097605214,0.00035146111392253787,0.00035143191521186206,0.00035140272497376614,0.0003513735431747079,0.0003513443698126653,0.00035131520488602226,0.00035128604842292845,0.0003512569003563712,0.00035122776071514335,0.0003511986294963713,0.0003511695066925014,0.0003511403923062892,0.00035111128631924433,0.00035108218872771007,0.000351053099550573,0.0003510240187549497,0.0003509949463649872,0.00035096588235820507,0.0003509368267289306,0.0003509077794833445,0.00035087874061327405,0.00035084971011469125,0.00035082068798551015,0.00035079167421366215,0.00035076266880622754,0.00035073367166703947,0.00035070468296582655,0.00035067570261210353,0.00035064673059628164,0.0003506177669267438,0.0003505888115905238,0.000350559864585615,0.00035053092591096047,0.0003505019955731817,0.00035047307354162696,0.0003504441598226068,0.0003504152544149204,0.00035038635731446,0.00035035746851753773,0.0003503285880210123,0.00035029971581880667,0.0003502708519048343,0.0003502419962813857,0.00035021314891236176,0.0003501843098469066,0.0003501554790591584,0.0003501266565001852,0.0003500978422439562,0.00035006903626199964,0.000350040238611447,0.00035001144915524805,0.00034998266794134545,0.0003499538949773386,0.00034992513027691253,0.0003498963738386563,0.0003498676255758264,0.00034983888553322443,0.00034981015374642356,0.00034978143019053897,0.00034975271485085277,0.0003497240077235879,0.00034969530881064765,0.0003496666181078312,0.00034963793560728704,0.0003496092613097436,0.000349580595209113,0.00034955193730149155,0.000349523287582258,0.0003494946460535845,0.00034946601269957044,0.00034943738752318403,0.00034940877052007336,0.000349380161686005,0.00034935156100731756,0.0003493229685000753,0.00034929438404064726,0.00034926580784633705,0.0003492372398019491,0.0003492086799004317,0.0003491801281432318,0.0003491515845255101,0.0003491230490419537,0.0003490945217129381,0.00034906600248172325,0.0003490374913792396,0.0003490089883911997,0.00034898049352253136,0.00034895200678488654,0.0003489235281337909,0.00034889505758630714,0.0003488665951385614,0.0003488381407867475,0.00034880969452699326,0.0003487812563558114,0.00034875282626868707,0.00034872440429532006,0.00034869599036547105,0.00034866758452352815,0.0003486391867361678,0.0003486107970142946,0.00034858241535306363,0.0003485540417494155,0.0003485256761995323,0.00034849731870034185,0.0003484689692466002,0.00034844062786077513,0.0003484122944878771,0.0003483839691497016,0.00034835565183236023,0.0003483273425522335,0.00034829904129813613,0.0003482707480608573,0.00034824246284567045,0.0003482141856360715,0.0003481859164349408,0.0003481576552386479,0.000348129402042758,0.00034810115682900683,0.00034807291959048226,0.0003480446903558085,0.00034801646910137307,0.00034798825585124457,0.0003479600505592433,0.000347931853244607,0.00034790366392202916,0.0003478754825611216,0.000347847309162627,0.0003478191437240705,0.00034779098624058145,0.00034776283677036187,0.00034773469517223926,0.0003477065615324661,0.0003476784358330976,0.0003476503180704169,0.0003476222082406678,0.00034759410634110384,0.000347566012365995,0.00034753792631409143,0.00034750984817923325,0.0003474817779798892,0.00034745371567026676,0.0003474256612674593,0.000347397614766682,0.0003473695761648479,0.0003473415454625859,0.00034731352264899605,0.000347285507708844,0.0003472575007214044,0.00034722950156211357,0.0003472015102780566,0.00034717352686970655,0.0003471455513303068,0.000347117583658162,0.0003470896238462541,0.0003470616718966859,0.00034703372780724086,0.0003470057915610736,0.0003469778631639565,0.0003469499426102017,0.00034692202990005134,0.0003468941250235079,0.0003468662279795244,0.00034683833877592065,0.00034681045738617664,0.00034678258381797076,0.000346754718064213,0.00034672686012733156,0.0003466990100041223,0.0003466711676872092,0.00034664333317503123,0.0003466155064540525,0.0003465876875398975,0.00034655987641685903,0.00034653207307685683,0.0003465042775176688,0.0003464764897497513,0.0003464487097613526,0.00034642093754732353,0.0003463931731036258,0.0003463654163503943,0.00034633766743687633,0.00034630992627559496,0.00034628219288974004,0.0003462544672434212,0.0003462267493422174,0.00034619903924745706,0.0003461713368494849,0.00034614364218026993,0.00034611595524741066,0.00034608827604467034,0.00034606060452448644,0.0003460329407564053,0.00034600528471993294,0.000345977636404634,0.0003459499958037758,0.00034592236291280395,0.00034589473772651954,0.00034586712023223907,0.00034583951044808513,0.000345811908359876,0.00034578431396226365,0.000345756727252063,0.00034572914822851905,0.000345701576885432,0.0003456740132189903,0.00034564645722591936,0.0003456189088885798,0.00034559136823223807,0.0003455638352375612,0.0003455363099117356,0.0003455087922358962,0.00034548128221152663,0.0003454537798362692,0.0003454262851171572,0.0003453987980278474,0.00034537131857743155,0.00034534384676211194,0.00034531638256087607,0.00034528892600427393,0.00034526147707040453,0.0003452340357712152,0.0003452066020745484,0.00034517917599260415,0.00034515175750917884,0.00034512434664374494,0.000345096943381047,0.00034506954776443915,0.00034504215971278726,0.0003450147792383022,0.0003449874063518021,0.0003449600410579074,0.00034493268334718705,0.0003449053332066936,0.0003448779906412687,0.00034485065564701585,0.00034482332822276913,0.00034479600836015634,0.0003447686961406383,0.0003447413914048678,0.00034471409421793747,0.00034468680455927464,0.00034465952250237577,0.000344632247926812,0.0003446049809197365,0.0003445777214498699,0.0003445504695180911,0.00034452322510724644,0.00034449598820816124,0.00034446875875720654,0.0003444415369207399,0.00034441432259322657,0.00034438711577787636,0.00034435991647127574,0.00034433272466005113,0.00034430554036081034,0.0003442783635599055,0.0003442511942543798,0.0003442240324398388,0.0003441968781119973,0.0003441697312585771,0.0003441425919203104,0.0003441154600363209,0.00034408833562541,0.0003440612186873784,0.0003440341092165879,0.0003440070072123762,0.0003439799126435083,0.0003439528255540909,0.000343925745918619,0.00034389867373184823,0.0003438716089922731,0.0003438445516971509,0.00034381750184395,0.00034379045941554197,0.0003437634244300286,0.000343736396873913,0.0003437093767223016,0.0003436823640072214,0.00034365535872327667,0.00034362836085278587,0.0003436013703948766,0.0003435743873489393,0.00034354741177458804,0.0003435204435336521,0.0003434934826718261,0.00034346652922791606,0.0003434395831760536,0.00034341264451318417,0.00034338571323438885,0.0003433587893383844,0.00034333187280513085,0.0003433049636610222,0.0003432780618890714,0.0003432511674789802,0.00034322428045308376,0.0003431974007797385,0.000343170528487757,0.00034314366351848627,0.0003431168059117747,0.00034308995564247854,0.0003430631127318603,0.0003430362771342024,0.0003430094489414715,0.000342982628044372,0.00034295581444407624,0.0003429290082082994,0.00034290220929604834,0.0003428754177677673,0.00034284863349621955,0.0003428218565242506,0.0003427950868740952,0.000342768324523176,0.0003427415694934974,0.0003427148217613778,0.0003426880813304909,0.0003426613481947888,0.0003426346223510153,0.0003426079037663439,0.0003425811924964276,0.0003425544885074517,0.0003425277917956002,0.00034250110236194004,0.0003424744202003213,0.00034244774530526033,0.0003424210776813695,0.0003423944173156745,0.0003423677641843878,0.00034234111833292134,0.0003423144797541695,0.0003422878484663705,0.0003422612243618142,0.00034223460749978617,0.00034220799787668257,0.00034218139548784185,0.00034215480033106504,0.00034212821244446553,0.00034210163174026084,0.00034207505826331063,0.0003420484920087117,0.00034202193296729654,0.00034199538113871417,0.0003419688365200651,0.00034194229910743796,0.00034191576889786517,0.0003418892458873259,0.0003418627300741076,0.0003418362214541564,0.0003418097200244956,0.0003417832257825787,0.0003417567387184607,0.00034173025884070104,0.00034170378613072264,0.0003416773206037591,0.000341650862246602,0.0003416244110602377,0.00034159796703563886,0.00034157153016585196,0.00034154510051141864,0.00034151867795811724,0.00034149226255307167,0.0003414658542929397,0.00034143945316833274,0.00034141305919902024,0.0003413866723757169,0.0003413602926817332,0.0003413339201144979,0.0003413075546859264,0.0003412811963766917,0.00034125484518781794,0.00034122850111978895,0.0003412021641672579,0.00034117583432721006,0.0003411495115964761,0.00034112319597313847,0.0003410968874579218,0.0003410705859513558,0.00034104429162775833,0.0003410180043823723,0.00034099172420074973,0.00034096545114216804,0.00034093918517130966,0.00034091292628170923,0.00034088667446786723,0.00034086042973005304,0.000340834192063936,0.0003408079614486485,0.00034078173791288863,0.0003407555214667549,0.0003407293120544023,0.0003407031096961706,0.0003406769143895185,0.0003406507261305414,0.00034062454491818266,0.0003405983707484367,0.00034057220361470266,0.00034054604352673403,0.00034051989046571983,0.0003404937444182727,0.0003404676054126357,0.00034044147343061364,0.00034041534846897037,0.00034038923051403133,0.00034036311958666245,0.00034033701566837536,0.0003403109187586945,0.00034028482884052204,0.00034025874593729264,0.00034023267003162447,0.00034020660112159983,0.0003401805392029691,0.0003401544842735475,0.0003401284363309632,0.0003401023953718898,0.0003400763613917489,0.00034005033431196575,0.0003400243142575404,0.00033999830119921655,0.00033997229510605837,0.0003399462959607251,0.0003399203037972249,0.00033989431858589403,0.00033986834034840577,0.0003398423690609167,0.0003398164047042259,0.0003397904472963371,0.0003397644968306009,0.000339738553303965,0.000339712616712136,0.0003396866870548663,0.00033966076432753647,0.0003396348485271007,0.00033960893964936096,0.00033958303768911026,0.00033955714265127994,0.0003395312545324157,0.0003395053733493441,0.00033947949904763693,0.0003394536316493654,0.00033942777115781935,0.0003394019175699331,0.0003393760708780309,0.000339350231072125,0.0003393243981534542,0.00033929857212775655,0.0003392727529856768,0.0003392469407236914,0.0003392211353375454,0.0003391953368540817,0.00033916954521592477,0.0003391437604446284,0.00033911798253904324,0.00033909221150012816,0.00033906644731609953,0.0003390406900166525,0.00033901493957417476,0.00033898919595054495,0.00033896345918224384,0.00033893772925527654,0.00033891200617439495,0.0003388862899272453,0.00033886058051344923,0.00033883487793275654,0.00033880918218048503,0.00033878349324902333,0.0003387578111410747,0.00033873213585574707,0.00033870646738528453,0.00033868080572275707,0.0003386551508788652,0.000338629502842025,0.00033860386160565004,0.00033857822717584164,0.00033855259954030243,0.0003385269787073143,0.0003385013646749182,0.00033847575742476443,0.00033845015695845655,0.00033842456327657,0.00033839897637555176,0.0003383733962526417,0.00033834782290952765,0.00033832225633349014,0.0003382966965265439,0.00033827114348585114,0.00033824559720771366,0.00033822005768999045,0.00033819452492940875,0.0003381689989228027,0.0003381434796675646,0.00033811796715990845,0.00033809246139788357,0.0003380669623781419,0.0003380414700970722,0.00033801598455275724,0.0003379905057417727,0.0003379650336605579,0.00033793956830670404,0.0003379141096772294,0.00033788865776974026,0.0003378632125801708,0.0003378377741061283,0.0003378123423446429,0.0003377869172927763,0.00033776149894757386,0.00033773608730607306,0.0003377106823653395,0.0003376852841224239,0.0003376598925743898,0.00033763450771828214,0.0003376091295511757,0.00033758375807012395,0.0003375583932704246,0.0003375330351526694,0.00033750768371217056,0.00033748233894598776,0.000337457000851202,0.0003374316694216089,0.00033740634466082993,0.0003373810265626657,0.000337355715124191,0.00033733041034249105,0.0003373051122146444,0.0003372798207702797,0.00033725453597399115,0.0003372292577901966,0.0003372039862940634,0.00033717872140312906,0.00033715346313431495,0.000337128211533791,0.0003371029665652737,0.00033707772823074304,0.00033705249647799816,0.00033702727134761104,0.0003370020528358686,0.00033697684094050365,0.00033695163565875143,0.0003369264370010779,0.00033690124493677824,0.0003368760594769424,0.000336850880619513,0.00033682570836042117,0.00033680054269720814,0.0003367753836270652,0.00033675023114705443,0.00033672508525428476,0.00033669994594598824,0.00033667481321923,0.000336649687070966,0.0003366245675164107,0.0003365994545480758,0.00033657434813340006,0.00033654924827070457,0.00033652415497258613,0.00033649906825171215,0.0003364739881040855,0.00033644891451606914,0.000336423847446355,0.00033639878695862637,0.00033637373301673623,0.0003363486856056333,0.00033632364475064943,0.000336298610400404,0.0003362735825886954,0.0003362485613097689,0.00033622354656096865,0.00033619853833903937,0.00033617353665404975,0.000336148541477148,0.00033612355281843526,0.0003360985706774874,0.0003360735950504504,0.0003360486259232399,0.00033602366330067704,0.00033599870719757156,0.0003359737575835147,0.00033594881447680287,0.00033592387786820875,0.0003358989477697251,0.00033587402415409897,0.0003358491070197755,0.00033582419636694644,0.0003357992922023905,0.0003357743945272869,0.00033574950332830724,0.0003357246185805225,0.00033569974031123984,0.0003356748685145873,0.0003356500031778517,0.0003356251442790636,0.00033560029188766315,0.000335575445935188,0.00033555060645433065,0.0003355257734465629,0.00033550094686511834,0.000335476126682851,0.00033545131299931495,0.00033542650572454796,0.0003354017048939063,0.00033537691046484265,0.0003353521225066095,0.00033532734096250894,0.00033530256584135397,0.00033527779715272754,0.00033525303489886546,0.000335228279045341,0.0003352035296100283,0.00033517878656640234,0.0003351540499700896,0.0003351293197445508,0.00033510459596992984,0.0003350798785628024,0.0003350551675735367,0.0003350304629552923,0.00033500576473704906,0.0003349810729117972,0.0003349563874601909,0.00033493170839873747,0.00033490703572209137,0.00033488236941942127,0.00033485770949917196,0.00033483305595505644,0.0003348084087863462,0.00033478376797203195,0.0003347591335331029,0.00033473450545927166,0.00033470988374606633,0.00033468526838711986,0.0003346606593807711,0.00033463605670292694,0.00033461146036437,0.000334586870405,0.0003345622867741253,0.0003345377095186928,0.00033451313855753625,0.0003344885739632518,0.00033446401568312085,0.00033443946373351726,0.0003344149181174618,0.0003343903788196043,0.00033436584584402144,0.0003343413191866007,0.00033431679885333854,0.0003342922848335103,0.0003342677771255809,0.0003342432757258164,0.00033421878062478926,0.00033419429183256165,0.0003341698093403493,0.0003341453331469345,0.0003341208632477472,0.000334096399640648,0.0003340719423225462,0.0003340474912846103,0.00033402304653966673,0.00033399860807323007,0.0003339741758857052,0.00033394974997424373,0.000333925330336059,0.0003339009169678266,0.00033387650988122913,0.00033385210907142316,0.0003338277144979443,0.0003338033261895181,0.0003337789441333721,0.00033375456833167796,0.00033373019878241264,0.00033370583548149904,0.0003336814784119924,0.0003336571276013331,0.0003336327830179766,0.00033360844467393477,0.0003335841125782874,0.00033355978671515166,0.0003335354670849789,0.000333511153679259,0.00033348684649990806,0.0003334625455429677,0.0003334382508057013,0.00033341396228565466,0.00033338967998369084,0.00033336540394383207,0.00033334113405916803,0.00033331687042544006,0.00033329261295124283,0.0003332683616747566,0.0003332441165853228,0.00033321987772305574,0.00033319564503437747,0.0003331714185357655,0.00033314719825311396,0.00033312298412819445,0.00033309877619050926,0.000333074574428803,0.00033305037884431,0.0003330261894386358,0.0003330020062041274,0.0003329778291413581,0.0003329536582409821,0.000332929493492542,0.0003329053349239657,0.0003328811824981062,0.0003328570362277579,0.0003328328961062761,0.00033280876215575694,0.0003327846343398505,0.0003327605126832648,0.0003327363971722265,0.0003327122877450921,0.0003326881845109436,0.00033266408745118663,0.0003326399964725254,0.00033261591162548926,0.00033259183291894305,0.0003325677603321496,0.00033254369387163927,0.0003325196335326209,0.0003324955793084143,0.0003324715312013156,0.00033244748920930304,0.0003324234533256932,0.00033239942355055394,0.0003323753998810438,0.0003323513823121108,0.00033232737084189196,0.00033230336546842987,0.0003322793661915142,0.00033225537300500145,0.00033223138590756886,0.000332207404896642,0.0003321834299690831,0.00033215946112345133,0.0003321354983566117,0.00033211154166599586,0.00033208759104903736,0.0003320636465031711,0.0003320397080258334,0.0003320157756177058,0.0003319918492697395,0.00033196792897385494,0.00033194401474993985,0.0003319201065786352,0.00033189620445871806,0.00033187230838096837,0.00033184841836147484,0.0003318245343948438,0.0003318006564328396,0.00033177678454925346,0.0003317529187128063,0.00033172905890453496,0.0003317052051182792,0.0003316813573629019,0.00033165751563460794,0.0003316336799335773,0.00033160985025284856,0.00033158602659249457,0.0003315622089497056,0.0003315383973204678,0.00033151459168786335,0.0003314907920857447,0.00033146699848705084,0.0003314432108923826,0.00033141942930193087,0.0003313956537108432,0.0003313718841198615,0.000331348120521496,0.0003313243629058336,0.00033130061128964507,0.0003312768656607152,0.0003312531260165457,0.0003312293923546464,0.00033120566467250106,0.0003311819429745255,0.0003311582272442612,0.0003311345174854327,0.0003311108137064779,0.0003310871158887759,0.00033106342403833313,0.0003310397381428264,0.0003310160582243235,0.00033099238425027695,0.0003309687162278853,0.0003309450541577181,0.000330921398040422,0.0003308977478734542,0.0003308741036450191,0.0003308504653588557,0.00033082683301247215,0.00033080320660746,0.0003307795861323884,0.0003307559715932012,0.0003307323629951218,0.00033070876031599146,0.00033068516354534973,0.0003306615727172148,0.00033063798777681824,0.00033061440881553385,0.0003305908357334913,0.0003305672684998886,0.00033054370724350566,0.0003305201518888016,0.0003304966024682565,0.00033047305896334887,0.00033044952129291483,0.00033042598953064066,0.0003304024636567183,0.0003303789436952209,0.0003303554296207537,0.00033033192143747234,0.00033030841914658693,0.00033028492272557127,0.00033026143219041067,0.00033023794752938047,0.00033021446874829014,0.0003301909958368389,0.0003301675288000631,0.0003301440676349824,0.0003301206123358739,0.0003300971628888284,0.00033007371931120946,0.00033005028158539647,0.00033002684973582004,0.00033000342372251426,0.00032998000356822515,0.0003299565892620442,0.00032993318080251264,0.00032990977819869285,0.000329886381417761,0.00032986299049634,0.0003298396053975871,0.00032981622613121534,0.00032979285269728033,0.0003297694850912652,0.0003297461233136066,0.0003297227673594406,0.0003296994172268279,0.00032967607291524274,0.00032965273441965047,0.00032962940173854235,0.00032960607487104646,0.0003295827538134414,0.00032955943856253497,0.00032953612912704067,0.0003295128254842059,0.00032948952764183965,0.00032946623559719913,0.00032944294934479553,0.0003294196688887755,0.000329396394221866,0.00032937312534520193,0.00032934986219209717,0.00032932660488400325,0.0003293033533681956,0.00032928010761763534,0.00032925686764656673,0.0003292336334580507,0.00032921040503086516,0.00032918718237389094,0.0003291639654839281
10,0.0,0.0,0.0,0.0,0.0,0.0,0.0,0.0,0.0,0.0,0.0,0.0,0.0,0.0,0.0,0.0,0.0,0.0,0.0,0.0,0.0,0.0,0.0,0.0,0.0,0.0,0.0,0.0,0.0,0.0,0.0,0.0,0.0,0.0,0.0,0.0,0.0,0.0,0.0,0.0,0.0,0.0,0.0,0.0,0.0,0.0,0.0,0.0,0.0,0.0,0.0,0.0,0.0,0.0,0.0,0.0,0.0,0.0,0.0,0.0,0.0,0.0,0.0,0.0,0.0,0.0,0.0,0.0,0.0,0.0,0.0,0.0,0.0,0.0,0.0,0.0,0.0,0.0,0.0,0.0,0.0,0.0,0.0,0.0,0.0,0.0,0.0,0.0,0.0,0.0,0.0,0.0,0.0,0.0,0.0,0.0,0.0,0.0,0.0,0.0,0.0,0.0,0.0,0.0,0.0,0.0,0.0,0.0,0.0,0.0,0.0,0.0,0.0,0.0,0.0,0.0,0.0,0.0,0.0,0.0,0.0,0.0,0.0,0.0,0.0,0.0,0.0,0.0,0.0,0.0,0.0,0.0,0.0,0.0,0.0,0.0,0.0,0.0,0.0,0.0,0.0,0.0,0.0,0.0,0.0,0.0,0.0,0.0,0.0,0.0,0.0,0.0,0.0,0.0,0.0,0.0,0.0,0.0,0.0,0.0,0.0,0.0,0.0,0.0,0.0,0.0,0.0,0.0,0.0,0.0,0.0,0.0,0.0,0.0,0.0,0.0,0.0,0.0,0.0,0.0,0.0,0.0,0.0,0.0,0.0,0.0,0.0,0.0,0.0,0.0,0.0,0.0,0.0,0.0,0.0,0.0,0.0,0.0,0.0,0.0,0.0,0.0,0.0,0.0,0.0,0.0,0.0,0.0,0.0,0.0,0.0,0.0,0.0,0.0,0.0,0.0,0.0,0.0,0.0,0.0,0.0,0.0,0.0,0.0,0.0,0.0,0.0,0.0,0.0,0.0,0.0,0.0,0.0,0.0,0.0,0.0,0.0,0.0,0.0,0.0,0.0,0.0,0.0,0.0,0.0,0.0,0.0,0.0,0.0,0.0,0.0,0.0,0.0,0.0,0.0,0.0,0.0,0.0,0.0,0.0,0.0,0.0,0.0,0.0,0.0,0.0,0.0,0.0,0.0,0.0,0.0,0.0,0.0,0.0,0.0,0.0,0.0,0.0,0.0,0.0,0.0,0.0,0.0,0.0,0.0,0.0,0.0,0.0,0.0,0.0,0.0,0.0,0.0,0.0,0.0,0.0,0.0,0.0,0.0,0.0,0.0,0.0,0.0,0.0,0.0,0.0,0.0,0.0,0.0,0.0,0.0,0.0,0.0,0.0,0.0,0.0,0.0,0.0,0.0,0.0,0.0,0.0,0.0,0.0,0.0,0.0,0.0,0.0,0.0,0.0,0.0,0.0,0.0,0.0,0.0,0.0,0.0,0.0,0.0,0.0,0.0,0.0,0.0,0.0,0.0,0.0,0.0,0.0,0.0,0.0,0.0,0.0,0.0,0.0,0.0,0.0,0.0,0.0,0.0,0.0,0.0,0.0,0.0,0.0,0.0,0.0,0.0,0.0,0.0,0.0,0.0,0.0,0.0,0.0,0.0,0.0,0.0,0.0,0.0,0.0,0.0,0.0,0.0,0.0,0.0,0.0,0.0,0.0,0.0,0.0,0.0,0.0,0.0,0.0,0.0,0.0,0.0,0.0,0.0,0.0,0.0,0.0,0.0,0.0,0.0,0.0,0.0,0.0,0.0,0.0,0.0,0.0,0.0,0.0,0.0,0.0,0.0,0.0,0.0,0.0,0.0,0.0,0.0,0.0,0.0,0.0,0.0,0.0,0.0,0.0,0.0,0.0,0.0,0.0,0.0,0.0,0.0,0.0,0.0,0.0,0.0,0.0,0.0,0.0,0.0,0.0,0.0,0.0,0.0,0.0,0.0,0.0,0.0,0.0,0.0,0.0,0.0,0.0,0.0,0.0,0.0,0.0,0.0,0.0,0.0,0.0,0.0,0.0,0.0,0.0,0.0,0.0,0.0,0.0,0.0,0.0,0.0,0.0,0.0,0.0,0.0,0.0,0.0,0.0,0.0,0.0,0.0,0.0,0.0,0.0,0.0,0.0,0.0,0.0,0.0,0.0,0.0,0.0,0.0,0.0,0.0,0.0,0.0,0.0,0.0,0.0,0.0,0.0,0.0,0.0,0.0,0.0,0.0,0.0,0.0,0.0,0.0,0.0,0.0,0.0,0.0,0.0,0.0,0.0,0.0,0.0,0.0,0.0,0.0,0.0,0.0,0.0,0.0,0.0,0.0,0.0,0.0,0.0,0.0,0.0,0.0,0.0,0.0,0.0,0.0,0.0,0.0,0.0,0.0,0.0,0.0,0.0,0.0,0.0,0.0,0.0,0.0,0.0,0.0,0.0,0.0,0.0,0.0,0.0,0.0,0.0,0.0,0.0,0.0,0.0,0.0,0.0,0.0,0.0,0.0,0.0,0.0,0.0,0.0,0.0,0.0,0.0,0.0,0.0,0.0,0.0,0.0,0.0,0.0,0.0,0.0,0.0,0.0,0.0,0.0,0.0,0.0,0.0,0.0,0.0,0.0,0.0,0.0,0.0,0.0,0.0,0.0,0.0,0.0,0.0,0.0,0.0,0.0,0.0,0.0,0.0,0.0,0.0,0.0,0.0,0.0,0.0,0.0,0.0,0.0,0.0,0.0,0.0,0.0,0.0,0.0,0.0,0.0,0.0,0.0,0.0,0.0,0.0,0.0,0.0,0.0,0.0,0.0,0.0,0.0,0.0,0.0,0.0,0.0,0.0,0.0,0.0,0.0,0.0,0.0,0.0,0.0,0.0,0.0,0.0,0.0,0.0,0.0,0.0,0.0,0.0,0.0,0.0,0.0,0.0,0.0,0.0,0.0,0.0,0.0,0.0,0.0,0.0,0.0,0.0,0.0,0.0,0.0,0.0,0.0,0.0,0.0,0.0,0.0,0.0,0.0,0.0,0.0,0.0,0.0,0.0,0.0,0.0,0.0,0.0,0.0,0.0,0.0,0.0,0.0,0.0,0.0,0.0,0.0,0.0,0.0,0.0,0.0,0.0,0.0,0.0,0.0,0.0,0.0,0.0,0.0,0.0,0.0,0.0,0.0,0.0,0.0,0.0,0.0,0.0,0.0,0.0,0.0,0.0,0.0,0.0,0.0,0.0,0.0,0.0,0.0,0.0,0.0,0.0,0.0,0.0,0.0,0.0,0.0,0.0,0.0,0.0,0.0,0.0,0.0,0.0,0.0,0.0,0.0,0.0,0.0,0.0,0.0,0.0,0.0,0.0,0.0,0.0,0.0,0.0,0.0,0.0,0.0,0.0,0.0,0.0,0.0,0.0,0.0,0.0,0.0,0.0,0.0,0.0,0.0,0.0,0.0,0.0,0.0,0.0,0.0,0.0,0.0,0.0,0.0,0.0,0.0,0.0,0.0,0.0,0.0,0.0,0.0,0.0,0.0,0.0,0.0,0.0,0.0,0.0,0.0,0.0,0.0,0.0,0.0,0.0,0.0,0.0,0.0,0.0,0.0,0.0,0.0,0.0,0.0,0.0,0.0,0.0,0.0,0.0,0.0,0.0,0.0,0.0,0.0,0.0,0.0,0.0,0.0,0.0,0.0,0.0,0.0,0.0,0.0,0.0,0.0,0.0,0.0,0.0,0.0,0.0,0.0,0.0,0.0,0.0,0.0,0.0,0.0,0.0,0.0,0.0,0.0,0.0,0.0,0.0,0.0,0.0,0.0,0.0,0.0,0.0,0.0,0.0,0.0,0.0,0.0,0.0,0.0,0.0,0.0,0.0,0.0,0.0,0.0,0.0,0.0,0.0,0.0,0.0,0.0,0.0,0.0,0.0,0.0,0.0,0.0,0.0,0.0,0.0,0.0,0.0,0.0,0.0,0.0,0.0,0.0,0.0,0.0,0.0,0.0,0.0,0.0,0.0,0.0,0.0,0.0,0.0,0.0,0.0,0.0,0.0,0.0,0.0,0.0,0.0,0.0,0.0,0.0,0.0,0.0,0.0,0.0,0.0,0.0,0.0,0.0,0.0,0.0,0.0,0.0,0.0,0.0,0.0,0.0,0.0,0.0,0.0,0.0,0.0,0.0,0.0,0.0,0.0,0.0,0.0,0.0,0.0,0.0,0.0,0.0,0.0,0.0,0.0,0.0,0.0,0.0,0.0,0.0,0.0,0.0,0.0,0.0,0.0,0.0,0.0,0.0,0.0,0.0,0.0,0.0,0.0,0.0,0.0,0.0,0.0,0.0,0.0,0.0,0.0,0.0,0.0,0.0,0.0,0.0,0.0,0.0,0.0,0.0,0.0,3.2601307752137085e-32,6.961674587747687e-32,1.1176065092496045e-31,1.5989230317458744e-31,2.150472233503286e-31,2.784774559864991e-31,3.517032619988053e-31,4.365795569892641e-31,5.35381716082842e-31,6.5091690896169945e-31,7.866697378320773e-31,9.469940344391054e-31,1.1373675819688818e-30,1.364733361699556e-30,1.6379609961756065e-30,1.9684769628339474e-30,2.3711344942855214e-30,2.865428041594384e-30,3.4772095512838465e-30,4.24114618397101e-30,5.2042874214717566e-30,6.431327974557469e-30,8.012492862052234e-30,1.0075571302796296e-29,1.2804642600757938e-29,1.6469845448709878e-29,2.147582978836349e-29,2.844269140423678e-29,3.8345121316576584e-29,5.275946898009435e-29,7.431855944681045e-29,1.0758391161292544e-28,1.6079823486005608e-28,2.496005173494712e-28,4.054075529293783e-28,6.957587657344609e-28,1.2781960890018371e-27,2.5588141023770182e-27,5.723466052710885e-27,1.483282167085406e-26,4.701236335918277e-26,1.9768953314759726e-25,1.2394400353434177e-24,1.3133975676704279e-23,2.309298521819984e-22,4.7400568647407416e-21,7.47859101954171e-20,7.979200194925075e-19,5.9500898605574465e-18,3.214229348220031e-17,1.3061545498224708e-16,4.18349440735186e-16,1.1060548263147965e-15,2.5111895583732865e-15,5.054113004990889e-15,9.245911821139556e-15,1.5682184679337572e-14,2.5059172190931422e-14,3.822974093161324e-14,5.631473797861516e-14,8.086595726323521e-14,1.1402525752880112e-13,1.5858190835826735e-13,2.178798054889542e-13,2.956206980678489e-13,3.956376528940074e-13,5.216872530658147e-13,6.772820244916317e-13,8.655688205530715e-13,1.0892495866505346e-12,1.3505326184222489e-12,1.6510815812540082e-12,1.9917642814744937e-12,2.153508824868076e-12,2.3144763539700893e-12,2.4752176895109963e-12,2.6359352536325688e-12,2.796708555975205e-12,2.9575680554894755e-12,3.11852439649256e-12,3.279579646510244e-12,3.440731619213118e-12,3.601975628257959e-12,3.763305289493373e-12,3.924712956775419e-12,4.0861900024009006e-12,4.24772702067751e-12,4.409313986373331e-12,4.570940382789531e-12,4.732595307534878e-12,4.89426756110626e-12,5.055945721822103e-12,5.217618209715425e-12,5.379273341365696e-12,5.540899377204579e-12,5.702484562504614e-12,5.864017163015577e-12,6.02548549602708e-12,6.186877957492003e-12,6.348183045733485e-12,6.5093893821694474e-12,6.670485729418516e-12,6.831461007094631e-12,6.992304305552022e-12,7.15300489780503e-12,7.313552249816562e-12,7.473936029323913e-12,7.634146113349287e-12,7.79417259452502e-12,7.954005786348351e-12,8.113636227467975e-12,8.27305468509382e-12,8.432252157611995e-12,8.591219876478993e-12,8.749949307461942e-12,8.908432151285739e-12,9.06666034374227e-12,9.224626055312191e-12,9.382321690345531e-12,9.53973988584329e-12,9.696873509878975e-12,9.853715659695859e-12,1.0010259659512726e-11,1.0166499058068587e-11,1.0322427625934243e-11,1.0478039352616545e-11,1.0633328443479177e-11,1.0788289316502037e-11,1.0942916598899464e-11,1.1097205123616137e-11,1.1251149925717974e-11,1.1404746238694041e-11,1.1557989490684178e-11,1.1710875300646069e-11,1.1863399474474033e-11,1.2015558001081387e-11,1.2167347048456673e-11,1.231876295970367e-11,1.2469802249073996e-11,1.2620461598000484e-11,1.2770737851138791e-11,1.2920628012423954e-11,1.3070129241148226e-11,1.321923884806557e-11,1.3367954291528118e-11,1.3516273173658887e-11,1.3664193236565202e-11,1.3811712358596135e-11,1.3958828550647534e-11,1.4105539952517375e-11,1.4251844829314019e-11,1.4397741567919687e-11,1.4543228673510972e-11,1.468830476613813e-11,1.4832968577364577e-11,1.497721894696764e-11,1.5121054819701662e-11,1.5264475242124098e-11,1.540747935948523e-11,1.555006641268191e-11,1.569223573527546e-11,1.5833986750574e-11,1.5975318968779045e-11,1.61162319841962e-11,1.6256725472509826e-11,1.6396799188121173e-11,1.653645296154961e-11,1.6675686696896417e-11,1.681450036937049e-11,1.6952894022875338e-11,1.7090867767656656e-11,1.7228421778009615e-11,1.7365556290045147e-11,1.750227159951428e-11,1.763856805968973e-11,1.7774446079303645e-11,1.7909906120540707e-11,1.8044948697085652e-11,1.817957437222393e-11,1.8313783756994924e-11,1.8447577508396273e-11,1.8580956327638633e-11,1.8713920958449604e-11,1.884647218542595e-11,1.897861083243292e-11,1.911033776104981e-11,1.9241653869060596e-11,1.937256008898863e-11,1.950305738667455e-11,1.963314675989607e-11,1.9762829237029008e-11,1.9892105875748298e-11,2.0020977761768127e-11,2.014944600762014e-11,2.027751175146895e-11,2.0405176155963794e-11,2.0532440407125443e-11,2.0659305713267666e-11,2.0785773303952033e-11,2.0911844428975426e-11,2.1037520357389273e-11,2.1162802376549737e-11,2.1287691791197865e-11,2.1412189922569133e-11,2.1536298107531314e-11,2.1660017697750117e-11,2.1783350058881747e-11,2.1906296569791467e-11,2.2028858621797825e-11,2.2151037617941357e-11,2.227283497227744e-11,2.2394252109192496e-11,2.2515290462742708e-11,2.263595147601489e-11,2.2756236600508645e-11,2.287614729553931e-11,2.2995685027661067e-11,2.311485127010955e-11,2.3233647502263488e-11,2.335207520912478e-11,2.3470135880816407e-11,2.3587831012097718e-11,2.3705162101896583e-11,2.382213065285778e-11,2.3938738170907304e-11,2.405498616483206e-11,2.4170876145874355e-11,2.42864096273409e-11,2.440158812422583e-11,2.4516413152847322e-11,2.4630886230497297e-11,2.4745008875103967e-11,2.485878260490675e-11,2.4972208938143095e-11,2.5085289392747082e-11,2.519802548605911e-11,2.531041873454666e-11,2.542247065353547e-11,2.5534182756951135e-11,2.5645556557070448e-11,2.575659356428251e-11,2.586729528685903e-11,2.5977663230733762e-11,2.608769889929053e-11,2.61974037931599e-11,2.6306779410023794e-11,2.641582724442834e-11,2.6524548787604096e-11,2.6632945527293975e-11,2.6741018947588085e-11,2.6848770528765824e-11,2.695620174714452e-11,2.706331407493465e-11,2.7170108980101385e-11,2.7276587926232217e-11,2.7382752372410553e-11,2.7488603773094967e-11,2.7594143578003965e-11,2.7699373232006215e-11,2.7804294177751628e-11,2.790890784735539e-11,2.8013215670525613e-11,2.8117219071733732e-11,2.8220919470126816e-11,2.8324318279445984e-11,2.8427416907949452e-11,2.8530216758339526e-11,2.8632719227693724e-11,2.873492570739957e-11,2.883683758309327e-11,2.8938456234601682e-11,2.903978303588805e-11,2.914081935500079e-11,2.9241566554025735e-11,2.934202598904127e-11,2.9442199010076624e-11,2.954208696107297e-11,2.9641691179847426e-11,2.974101299805955e-11,2.9840053741180766e-11,2.9938814728465934e-11,3.003729727292769e-11,3.0135502681312856e-11,3.0233432254081294e-11,3.0331087285386864e-11,3.042846906306047e-11,3.052557886859517e-11,3.062241797713325e-11,3.0718987657455095e-11,3.081528917197002e-11,3.091132377670872e-11,3.100709272131745e-11,3.110259724905384e-11,3.119783859678432e-11,3.1292817994982905e-11,3.138753666773156e-11,3.148199583272197e-11,3.157619670125849e-11,3.167014047826262e-11,3.176382836227844e-11,3.1857261545479585e-11,3.195044121367698e-11,3.204336854632804e-11,3.2136044716546584e-11,3.2228470891114116e-11,3.2320648230491736e-11,3.241257788883327e-11,3.250426101399913e-11,3.259569874757108e-11,3.268689222486783e-11,3.277784257496141e-11,3.2868550920694365e-11,3.2959018378697505e-11,3.3049246059408586e-11,3.313923506709139e-11,3.322898649985574e-11,3.331850144967774e-11,3.3407781002421e-11,3.349682623785811e-11,3.3585638229692733e-11,3.3674218045582257e-11,3.376256674716087e-11,3.3850685390063047e-11,3.393857502394754e-11,3.4026236692521673e-11,3.4113671433566264e-11,3.4200880278960535e-11,3.428786425470775e-11,3.437462438096088e-11,3.4461161672048835e-11,3.45474771365027e-11,3.463357177708256e-11,3.471944659080434e-11,3.4805102568966986e-11,3.4890540697179916e-11,3.497576195539053e-11,3.506076731791209e-11,3.514555775345171e-11,3.5230134225138475e-11,3.531449769055181e-11,3.539864910174988e-11,3.548258940529821e-11,3.556631954229843e-11,3.5649840448417045e-11,3.573315305391446e-11,3.581625828367383e-11,3.589915705723024e-11,3.5981850288799916e-11,3.606433888730935e-11,3.6146623756424605e-11,3.6228705794580594e-11,3.63105858950105e-11,3.639226494577504e-11,3.647374382979193e-11,3.655502342486521e-11,3.663610460371466e-11,3.671698823400525e-11,3.679767517837646e-11,3.6878166294471536e-11,3.695846243496712e-11,3.703856444760223e-11,3.711847317520774e-11,3.7198189455735514e-11,3.727771412228762e-11,3.735704800314549e-11,3.7436191921798953e-11,3.751514669697521e-11,3.759391314266793e-11,3.767249206816592e-11,3.775088427808213e-11,3.7829090572382215e-11,3.790711174641333e-11,3.798494859093255e-11,3.806260189213541e-11,3.8140072431684313e-11,3.821736098673675e-11,3.829446832997351e-11,3.8371395229626756e-11,3.8448142449508034e-11,3.852471074903612e-11,3.860110088326477e-11,3.8677313602910425e-11,3.875334965437965e-11,3.882920977979671e-11,3.890489471703069e-11,3.898040519972282e-11,3.9055741957313515e-11,3.913090571506929e-11,3.920589719410955e-11,3.9280717111433254e-11,3.935536617994565e-11,3.942984510848447e-11,3.950415460184642e-11,3.957829536081321e-11,3.965226808217766e-11,3.9726073458769596e-11,3.979971217948157e-11,3.9873184929294595e-11,3.9946492389303514e-11,4.0019635236742365e-11,4.0092614145009696e-11,4.016542978369357e-11,4.0238082818596493e-11,4.031057391176026e-11,4.038290372149053e-11,4.0455072902381464e-11,4.052708210533992e-11,4.059893197760986e-11,4.0670623162796374e-11,4.0742156300889614e-11,4.0813532028288526e-11,4.0884750977824646e-11,4.095581377878559e-11,4.10267210569383e-11,4.1097473434552434e-11,4.116807153042337e-11,4.1238515959895215e-11,4.130880733488348e-11,4.137894626389789e-11,4.144893335206478e-11,4.151876920114957e-11,4.158845440957889e-11,4.165798957246273e-11,4.1727375281616455e-11,4.179661212558245e-11,4.186570068965189e-11,4.193464155588624e-11,4.200343530313868e-11,4.207208250707526e-11,4.214058374019602e-11,4.220893957185606e-11,4.2277150568286184e-11,4.2345217292613707e-11,4.241314030488298e-11,4.2480920162075824e-11,4.254855741813167e-11,4.261605262396784e-11,4.2683406327499484e-11,4.2750619073659415e-11,4.281769140441787e-11,4.288462385880211e-11,4.2951416972915833e-11,4.301807127995848e-11,4.3084587310244583e-11,4.315096559122254e-11,4.321720664749382e-11,4.328331100083157e-11,4.334927917019938e-11,4.341511167176978e-11,4.34808090189426e-11,4.354637172236336e-11,4.361180028994127e-11,4.3677095226867345e-11,4.3742257035632336e-11,4.380728621604434e-11,4.387218326524662e-11,4.393694867773498e-11,4.400158294537529e-11,4.40660865574206e-11,4.4130460000528447e-11,4.419470375877775e-11,4.4258818313685784e-11,4.4322804144224955e-11,4.4386661726839474e-11,4.445039153546186e-11,4.451399404152942e-11,4.457746971400048e-11,4.464081901937065e-11,4.470404242168891e-11,4.4767140382573496e-11,4.483011336122782e-11,4.4892961814456115e-11,4.49556861966792e-11,4.501828695994978e-11,4.5080764553968106e-11,4.514311942609693e-11,4.5205352021377006e-11,4.5267462782541925e-11,4.532945215003316e-11,4.539132056201492e-11,4.5453068454388853e-11,4.5514696260808745e-11,4.557620441269487e-11,4.563759333924869e-11,4.569886346746693e-11,4.576001522215589e-11,4.5821049025945607e-11,4.5881965299303696e-11,4.594276446054943e-11,4.600344692586748e-11,4.6064013109321563e-11,4.6124463422868135e-11,4.618479827636987e-11,4.624501807760898e-11,4.6305123232300726e-11,4.636511414410638e-11,4.6424991214646556e-11,4.64847548435141e-11,4.654440542828707e-11,4.660394336454159e-11,4.666336904586453e-11,4.672268286386617e-11,4.6781885208192786e-11,4.6840976466539105e-11,4.689995702466065e-11,4.6958827266386085e-11,4.701758757362928e-11,4.707623832640157e-11,4.7134779902823684e-11,4.719321267913767e-11,4.725153702971885e-11,4.730975332708736e-11,4.736786194192002e-11,4.7425863243061835e-11,4.748375759753756e-11,4.754154537056296e-11,4.759922692555638e-11,4.765680262414979e-11,4.771427282620005e-11,4.777163788980007e-11,4.7828898171289616e-11,4.788605402526647e-11,4.794310580459717e-11,4.800005386042771e-11,4.80568985421944e-11,4.811364019763436e-11,4.8170279172796117e-11,4.822681581205007e-11,4.8283250458098745e-11,4.833958345198741e-11,4.839581513311399e-11,4.8451945839239384e-11,4.8507975906497595e-11,4.85639056694057e-11,4.861973546087369e-11,4.867546561221454e-11,4.8731096453153905e-11,4.878662831183983e-11,4.884206151485252e-11,4.889739638721377e-11,4.895263325239667e-11,4.9007772432334885e-11,4.906281424743221e-11,4.911775901657182e-11,4.9172607057125406e-11,4.922735868496258e-11,4.928201421445984e-11,4.9336573958509726e-11,4.9391038228529674e-11,4.94454073344711e-11,4.949968158482815e-11,4.9553861286646606e-11,4.9607946745532465e-11,4.9661938265660835e-11,4.971583614978428e-11,4.9769640699241646e-11,4.982335221396629e-11,4.9876970992494754e-11,4.993049733197496e-11,4.998393152817458e-11,5.0037273875489335e-11,5.0090524666951046e-11,5.0143684194236026e-11,5.019675274767284e-11,5.024973061625054e-11,5.0302618087626625e-11,5.0355415448134827e-11,5.0408122982793033e-11,5.0460740975311115e-11,5.051326970809864e-11,5.056570946227249e-11,5.061806051766461e-11,5.067032315282952e-11,5.072249764505181e-11,5.077458427035375e-11,5.082658330350253e-11,5.087849501801772e-11,5.093031968617865e-11,5.09820575790315e-11,5.10337089663967e-11,5.108527411687597e-11,5.1136753297859496e-11,5.1188146775532944e-11,5.123945481488454e-11,5.1290677679711985e-11,5.1341815632629395e-11,5.1392868935074114e-11,5.1443837847313675e-11,5.1494722628452364e-11,5.1545523536438194e-11,5.159624082806939e-11,5.164687475900101e-11,5.169742558375184e-11,5.174789355571042e-11,5.179827892714206e-11,5.1848581949194964e-11,5.1898802871906756e-11,5.19489419442108e-11,5.199899941394259e-11,5.204897552784596e-11,5.2098870531579284e-11,5.214868466972188e-11,5.219841818577979e-11,5.224807132219224e-11,5.229764432033751e-11,5.2347137420539025e-11,5.23965508620713e-11,5.244588488316587e-11,5.2495139721017285e-11,5.254431561178885e-11,5.2593412790618475e-11,5.264243149162461e-11,5.2691371947911666e-11,5.274023439157602e-11,5.278901905371156e-11,5.283772616441525e-11,5.288635595279284e-11,5.293490864696433e-11,5.298338447406949e-11,5.303178366027337e-11,5.308010643077169e-11,5.312835300979632e-11,5.317652362062053e-11,5.322461848556439e-11,5.3272637826000094e-11,5.332058186235713e-11,5.3368450814127556e-11,5.3416244899871156e-11,5.346396433722065e-11,5.351160934288678e-11,5.355918013266331e-11,5.360667692143225e-11,5.365409992316864e-11,5.3701449350945846e-11,5.374872541694014e-11,5.379592833243591e-11,5.384305830783043e-11,5.389011555263867e-11,5.3937100275498186e-11,5.3984012684173906e-11,5.4030852985562785e-11,5.4077621385698706e-11,5.412431808975696e-11,5.4170943302059134e-11,5.421749722607754e-11,5.426398006443989e-11,5.431039201893394e-11,5.435673329051196e-11,5.4403004079295184e-11,5.4449204584578416e-11,5.449533500483439e-11,5.454139553771824e-11,5.4587386380071894e-11,5.463330772792833e-11,5.467915977651613e-11,5.472494272026356e-11,5.4770656752803026e-11,5.481630206697517e-11,5.486187885483322e-11,5.4907387307647177e-11,5.495282761590781e-11,5.499819996933108e-11,5.5043504556862097e-11,5.508874156667907e-11,5.513391118619772e-11,5.517901360207499e-11,5.5224049000213195e-11,5.52690175657641e-11,5.531391948313263e-11,5.535875493598102e-11,5.540352410723265e-11,5.544822717907588e-11,5.549286433296801e-11,5.553743574963906e-11,5.558194160909553e-11,5.562638209062423e-11,5.5670757372796115e-11,5.5715067633469846e-11,5.575931304979572e-11,5.5803493798219156e-11,5.5847610054484464e-11,5.589166199363848e-11,5.5935649790034204e-11,5.597957361733431e-11,5.602343364851484e-11,5.6067230055868616e-11,5.6110963011008935e-11,5.615463268487292e-11,5.61982392477251e-11,5.6241782869160874e-11,5.6285263718109785e-11,5.6328681962839185e-11,5.6372037770957574e-11,5.641533130941774e-11,5.645856274452048e-11,5.650173224191759e-11,5.654483996661547e-11,5.658788608297822e-11,5.6630870754730926e-11,5.667379414496307e-11,5.6716656416131574e-11,5.675945773006406e-11,5.680219824796217e-11,5.6844878130404564e-11,5.6887497537350116e-11,5.693005662814119e-11,5.6972555561506465e-11,5.701499449556433e-11,5.7057373587825786e-11,5.7099692995197524e-11,5.7141952873985075e-11,5.7184153379895546e-11,5.7226294668040936e-11,5.726837689294101e-11,5.731040020852616e-11,5.7352364768140424e-11,5.739427072454451e-11,5.743611822991852e-11,5.7477907435864934e-11,5.7519638493411494e-11,5.7561311553014087e-11,5.7602926764559437e-11,5.764448427736815e-11,5.7685984240197364e-11,5.7727426801243516e-11,5.776881210814513e-11,5.7810140307985723e-11,5.785141154729636e-11,5.789262597205839e-11,5.793378372770635e-11,5.7974884959130257e-11,5.801592981067874e-11,5.8056918426161315e-11,5.809785094885134e-11,5.813872752148827e-11,5.8179548286280635e-11,5.822031338490846e-11,5.826102295852577e-11,5.830167714776329e-11,5.834227609273094e-11,5.838281993302026e-11,5.842330880770715e-11,5.846374285535414e-11,5.850412221401309e-11,5.854444702122737e-11,5.858471741403463e-11,5.86249335289691e-11,5.866509550206394e-11,5.870520346885376e-11,5.874525756437706e-11,5.878525792317843e-11,5.88252046793111e-11,5.886509796633915e-11,5.890493791734007e-11,5.894472466490682e-11,5.898445834115031e-11,5.902413907770171e-11,5.906376700571459e-11,5.910334225586737e-11,5.914286495836545e-11,5.918233524294353e-11,5.922175323886789e-11,5.926111907493842e-11,5.930043287949103e-11,5.933969478039974e-11,5.937890490507894e-11,5.941806338048539e-11,5.94571703331207e-11,5.949622588903304e-11,5.953523017381963e-11,5.957418331262875e-11,5.961308543016176e-11,5.965193665067532e-11,5.969073709798335e-11,5.97294868954593e-11,5.976818616603789e-11,5.980683503221752e-11,5.984543361606206e-11,5.988398203920292e-11,5.992248042284114e-11,5.996092888774932e-11,5.999932755427364e-11,6.003767654233576e-11,6.007597597143494e-11,6.011422596064986e-11,6.015242662864073e-11,6.019057809365083e-11,6.022868047350898e-11,6.026673388563108e-11,6.030473844702214e-11,6.034269427427805e-11,6.038060148358762e-11,6.041846019073441e-11,6.045627051109848e-11,6.049403255965835e-11,6.05317464509928e-11,6.056941229928266e-11,6.06070302183127e-11,6.064460032147343e-11,6.068212272176276e-11,6.071959753178798e-11,6.075702486376742e-11,6.079440482953221e-11,6.083173754052814e-11,6.086902310781719e-11,6.090626164207957e-11,6.094345325361519e-11,6.098059805234549e-11,6.101769614781516e-11,6.105474764919374e-11,6.109175266527746e-11,6.112871130449077e-11,6.116562367488815e-11,6.120248988415554e-11,6.123931003961231e-11,6.12760842482126e-11,6.131281261654733e-11,6.134949525084526e-11,6.138613225697517e-11,6.142272374044711e-11,6.145926980641416e-11,6.1495770559674e-11,6.153222610467041e-11,6.156863654549492e-11,6.160500198588829e-11,6.164132252924222e-11,6.167759827860071e-11,6.17138293366617e-11,6.175001580577867e-11,6.178615778796194e-11,6.182225538488041e-11,6.18583086978629e-11,6.189431782789978e-11,6.19302828756443e-11,6.19662039414143e-11,6.200208112519338e-11,6.203791452663263e-11,6.207370424505195e-11,6.210945037944152e-11,6.214515302846339e-11,6.218081229045247e-11,6.22164282634185e-11,6.225200104504713e-11,6.22875307327015e-11,6.232301742342343e-11,6.235846121393503e-11,6.239386220064005e-11,6.242922047962508e-11,6.246453614666117e-11,6.249980929720507e-11,6.253504002640046e-11,6.25702284290796e-11,6.260537459976448e-11,6.264047863266805e-11,6.267554062169584e-11,6.271056066044704e-11,6.274553884221592e-11,6.278047525999317e-11,6.281537000646697e-11,6.285022317402466e-11,6.288503485475374e-11,6.291980514044316e-11,6.295453412258484e-11,6.29892218923746e-11,6.30238685407137e-11,6.305847415820992e-11,6.309303883517884e-11,6.312756266164518e-11,6.316204572734388e-11,6.319648812172149e-11,6.323088993393719e-11,6.326525125286422e-11,6.3299572167091e-11,6.33338527649222e-11,6.336809313438009e-11,6.340229336320581e-11,6.343645353886035e-11,6.347057374852578e-11,6.350465407910647e-11,6.353869461723034e-11,6.35726954492497e-11,6.360665666124294e-11,6.364057833901498e-11,6.367446056809906e-11,6.370830343375751e-11,6.374210702098297e-11,6.377587141449953e-11,6.380959669876377e-11,6.384328295796597e-11,6.387693027603118e-11,6.391053873662043e-11,6.394410842313147e-11,6.397763941870022e-11,6.401113180620185e-11,6.404458566825157e-11,6.407800108720593e-11,6.41113781451638e-11,6.41447169239676e-11,6.417801750520405e-11,6.421127997020545e-11,6.424450440005067e-11,6.427769087556616e-11,6.431083947732702e-11,6.434395028565805e-11,6.437702338063473e-11,6.441005884208414e-11,6.444305674958619e-11,6.447601718247455e-11,6.450894021983757e-11,6.45418259405193e-11,6.457467442312055e-11,6.460748574599994e-11,6.464025998727466e-11,6.467299722482156e-11,6.470569753627823e-11,6.473836099904391e-11,6.477098769028029e-11,6.480357768691269e-11,6.483613106563092e-11,6.486864790289021e-11,6.490112827491219e-11,6.493357225768589e-11,6.496597992696848e-11,6.499835135828641e-11,6.503068662693625e-11,6.506298580798562e-11,6.509524897627397e-11,6.512747620641389e-11,6.515966757279144e-11,6.519182314956763e-11,6.522394301067889e-11,6.525602722983824e-11,6.528807588053595e-11,6.532008903604061e-11,6.535206676939998e-11,6.538400915344174e-11,6.54159162607745e-11,6.544778816378868e-11,6.547962493465723e-11,6.551142664533664e-11,6.554319336756761e-11,6.557492517287619e-11,6.560662213257439e-11,6.563828431776107e-11,6.566991179932281e-11,6.570150464793478e-11,6.573306293406147e-11,6.576458672795762e-11,6.579607609966895e-11,6.582753111903308e-11,6.585895185568028e-11,6.58903383790343e-11,6.592169075831309e-11,6.595300906252978e-11,6.598429336049329e-11,6.60155437208094e-11,6.60467602118811e-11,6.607794290190985e-11,6.610909185889599e-11,6.61402071506398e-11,6.617128884474212e-11,6.620233700860511e-11,6.623335170943314e-11,6.626433301423343e-11,6.629528098981687e-11,6.632619570279882e-11,6.63570772195997e-11,6.6387925606446e-11,6.641874092937083e-11,6.644952325421465e-11,6.648027264662616e-11,6.651098917206294e-11,6.654167289579216e-11,6.65723238828914e-11,6.660294219824924e-11,6.66335279065661e-11,6.666408107235499e-11,6.669460175994209e-11,6.672509003346757e-11,6.675554595688617e-11,6.678596959396808e-11,6.681636100829956e-11,6.684672026328359e-11,6.687704742214067e-11,6.690734254790938e-11,6.693760570344724e-11,6.696783695143117e-11,6.699803635435841e-11,6.702820397454711e-11,6.705833987413687e-11,6.708844411508961e-11,6.711851675919015e-11,6.71485578680469e-11,6.717856750309249e-11,6.720854572558449e-11,6.723849259660593e-11,6.72684081770662e-11,6.72982925277014e-11,6.73281457090753e-11,6.735796778157968e-11,6.738775872393509e-11,6.741751867453052e-11,6.744724769399678e-11,6.747694584390851e-11,6.750661318389502e-11,6.753624977465846e-11,6.756585567411893e-11,6.759543094131156e-11,6.762497563516772e-11,6.765448981435936e-11,6.76839735374433e-11,6.771342686278468e-11,6.774284984858182e-11,6.777224255295208e-11,6.780160503375267e-11,6.783093734921608e-11,6.786023955641659e-11,6.788951171276138e-11,6.791875387549748e-11,6.794796610171231e-11,6.797714844832937e-11,6.800630097212387e-11,6.803542372813684e-11,6.806451677440166e-11,6.809358016721316e-11,6.812261396181205e-11,6.815161821500996e-11,6.818059298273775e-11,6.820953832052418e-11,6.823845428422062e-11,6.826734092888933e-11,6.829619830967508e-11,6.832502648194422e-11,6.835382550038892e-11,6.838259541987638e-11,6.841133629475297e-11,6.844004817980046e-11,6.846873112927797e-11,6.84973851971827e-11,6.852601043746992e-11,6.855460690454014e-11,6.858317465148248e-11,6.86117137320274e-11,6.864022420034963e-11,6.866870612371233e-11,6.869715952858542e-11,6.872558448453812e-11,6.87539810388347e-11,6.878234924427865e-11,6.881068915266314e-11,6.883900081811894e-11,6.88672842898303e-11,6.889553963088495e-11,6.892376688042135e-11,6.895196609662726e-11,6.89801373290269e-11,6.900828062686893e-11,6.903639604774352e-11,6.906448364000156e-11,6.909254345462886e-11,6.912057553934326e-11,6.914857995193813e-11,6.917655674034689e-11,6.920450595573066e-11,6.923242764785977e-11,6.926032186625355e-11,6.92881886605204e-11,6.931602808212994e-11,6.934384018054568e-11,6.937162500503519e-11,6.939938260585568e-11,6.94271130325636e-11,6.945481633456131e-11,6.948249256112971e-11,6.951014176166133e-11,6.953776398492443e-11,6.956535927980846e-11,6.95929276950653e-11,6.962046927932953e-11,6.96479840810989e-11,6.967547214923447e-11,6.970293353148683e-11,6.973036827779607e-11,6.975777643443311e-11,6.978515804921577e-11,6.981251316985966e-11,6.983984184406074e-11,6.986714411918886e-11,6.98944200426718e-11,6.992166966170253e-11,6.994889302343384e-11,6.997609017487758e-11,7.000326116285455e-11,7.00304060341162e-11,7.005752483524107e-11,7.008461761276054e-11,7.011168441300281e-11,7.013872528219145e-11,7.016574026649468e-11,7.019272941188488e-11,7.021969276429026e-11,7.024663036525742e-11,7.02735422660231e-11,7.030042850991188e-11,7.032728914460979e-11,7.035412421494871e-11,7.038093376392816e-11,7.040771783930894e-11,7.043447648448208e-11,7.046120974257069e-11,7.048791765711453e-11,7.051460028324855e-11,7.054125765305909e-11,7.056788981708248e-11,7.059449681797528e-11,7.062107870025251e-11,7.064763550795115e-11,7.067416728499558e-11,7.070067407519748e-11,7.072715592225687e-11,7.075361286975984e-11,7.078004496119788e-11,7.080645223992435e-11,7.08328347491684e-11,7.085919253209331e-11,7.088552563165242e-11,7.091183409094898e-11,7.09381179526832e-11,7.096437725963414e-11,7.099061205445251e-11,7.101682237945312e-11,7.104300827708283e-11,7.106916978961662e-11,7.109530695953938e-11,7.112141982823839e-11,7.114750843803547e-11,7.11735728306734e-11,7.119961304683348e-11,7.122562913214364e-11,7.125162112397741e-11,7.127758906505116e-11,7.130353299674513e-11,7.132945295710459e-11,7.13553490038753e-11,7.138122115418803e-11,7.140706945932318e-11,7.143289396036604e-11,7.145869469781007e-11,7.148447171226241e-11,7.151022504204156e-11,7.153595473160699e-11,7.156166081937197e-11,7.158734334555701e-11,7.161300235024321e-11,7.163863787345275e-11,7.166424995506579e-11,7.168983863489591e-11,7.171540395265437e-11,7.174094595008785e-11,7.176646466276901e-11,7.179196013185696e-11,7.181743239667474e-11,7.18428814963675e-11,7.186830747018256e-11,7.189371035713681e-11,7.191909019614854e-11,7.194444702604183e-11,7.196978088556647e-11,7.199509182087514e-11,7.202037986295303e-11,7.204564505014497e-11,7.207088742105861e-11,7.209610701369926e-11,7.212130386634037e-11,7.214647801702598e-11,7.217162950379563e-11,7.219675836449615e-11,7.222186463689666e-11,7.224694835886615e-11,7.227200956786654e-11,7.229704830145177e-11,7.232206459697991e-11,7.234705849189445e-11,7.237203002336435e-11,7.23969792285938e-11,7.24219061445946e-11,7.244681080842558e-11,7.247169325692117e-11,7.249655352689035e-11,7.252139165507781e-11,7.254620767803805e-11,7.257100163229801e-11,7.259577355438216e-11,7.26205234804591e-11,7.264525144697828e-11,7.266995749012592e-11,7.269464164583558e-11,7.2719303950229e-11,7.274394443916196e-11,7.276856314852126e-11,7.279316011399618e-11,7.281773537137573e-11,7.284228895610308e-11,7.286682090369808e-11,7.289133124956898e-11,7.291582002897964e-11,7.294028727728097e-11,7.296473302952139e-11,7.298915732082926e-11,7.301356018607619e-11,7.303794166035787e-11,7.306230177838339e-11,7.308664057484671e-11,7.311095808438143e-11,7.313525433343372e-11,7.315952936467343e-11,7.318378321251138e-11,7.320801591124283e-11,7.323222749515679e-11,7.325641799840794e-11,7.328058745512077e-11,7.33047358992574e-11,7.332886336471589e-11,7.335296988578567e-11,7.337705549575506e-11,7.340112022830361e-11,7.34251641170493e-11,7.344918719549719e-11,7.347318949708864e-11,7.349717105032228e-11,7.35211318983827e-11,7.354507206397369e-11,7.356899159098679e-11,7.359289050722113e-11,7.361676884561331e-11,7.36406266391671e-11,7.366446392045272e-11,7.368828072259545e-11,7.371207707782544e-11,7.373585301893605e-11,7.375960857840755e-11,7.37833437887128e-11,7.380705868220893e-11,7.383075329125383e-11,7.385442764789716e-11,7.387808178444083e-11,7.3901715732907e-11,7.39253295252592e-11,7.394892319350728e-11,7.397249676937097e-11,7.399605028448908e-11,7.40195837708687e-11,7.404309725999483e-11,7.406659078341704e-11,7.409006437261215e-11,7.411351805907418e-11,7.413695187425838e-11,7.416036584890579e-11,7.418376001450511e-11,7.420713440217807e-11,7.423048903731399e-11,7.425382396080675e-11,7.42771392007692e-11,7.43004347865349e-11,7.43237107475223e-11,7.434696711711945e-11,7.437020392378766e-11,7.439342119835635e-11,7.441661897323372e-11,7.443979727751784e-11,7.446295614148877e-11,7.448609559551248e-11,7.450921566961117e-11,7.453231639432481e-11,7.455539780030616e-11,7.457845991536827e-11,7.460150277082686e-11,7.462452639634628e-11,7.464753082182118e-11,7.467051607697962e-11,7.469348219148211e-11,7.471642919492232e-11,7.473935711687619e-11,7.476226598884536e-11,7.478515583854947e-11,7.480802669300474e-11,7.483087858511906e-11,7.485371154057147e-11,7.487652559026566e-11,7.489932076326586e-11,7.492209708844286e-11,7.494485459641658e-11,7.496759331249534e-11,7.499031326806424e-11,7.501301449128742e-11,7.503569701068391e-11,7.505836085507396e-11,7.508100605283209e-11,7.510363263269213e-11,7.512624062295232e-11,7.514883005139209e-11,7.517140094667999e-11,7.519395333785743e-11,7.521648725234729e-11,7.523900271805349e-11,7.526149976583128e-11,7.528397841164016e-11,7.530643870043055e-11,7.532888065256264e-11,7.535130429573713e-11,7.537370965777261e-11,7.539609676584822e-11,7.541846564655846e-11,7.544081633053808e-11,7.546314884158263e-11,7.548546321130627e-11,7.550775946493382e-11,7.553003762824336e-11,7.555229773220667e-11,7.557453980301586e-11,7.559676386740267e-11,7.561896995188821e-11,7.56411580877864e-11,7.566332829232752e-11,7.568548059469346e-11,7.570761503372805e-11,7.572973161899468e-11,7.575183039549691e-11,7.577391136904257e-11,7.579597457653028e-11,7.58180200457626e-11,7.584004780478348e-11,7.586205787554947e-11,7.588405027822782e-11,7.590602505587684e-11,7.592798222558654e-11,7.594992180638972e-11,7.597184382287683e-11,7.599374832697465e-11,7.601563532983481e-11,7.603750485401562e-11,7.605935692833812e-11,7.60811915776438e-11,7.610300882930929e-11,7.612480870237222e-11,7.614659123029155e-11,7.616835643710816e-11,7.619010434612917e-11,7.621183498319985e-11,7.623354837453978e-11,7.625524454555998e-11,7.62769235216165e-11,7.629858532801019e-11,7.632022999039075e-11,7.634185753314989e-11,7.63634679831353e-11,7.638506136281444e-11,7.640663769985673e-11,7.642819701794563e-11,7.644973934102009e-11,7.64712646958876e-11,7.649277310536938e-11,7.651426459523579e-11,7.653573919020586e-11,7.655719691498268e-11,7.65786377940755e-11,7.660006185205275e-11,7.662146911346442e-11,7.664285960276943e-11,7.66642333444038e-11,7.668559036261345e-11,7.670693068271826e-11,7.67282543269926e-11,7.674956132066805e-11,7.677085168777543e-11,7.679212545245148e-11,7.681338263986324e-11,7.683462327247876e-11,7.68558473738633e-11,7.687705496866695e-11,7.689824608017408e-11,7.691942073427943e-11,7.694057895502756e-11,7.696172076102208e-11,7.698284617955983e-11,7.700395523361214e-11,7.702504794726885e-11,7.704612433499907e-11,7.706718443724427e-11,7.708822826902744e-11,7.710925585453778e-11,7.713026721538685e-11,7.715126237559094e-11,7.717224135972004e-11,7.719320418983296e-11,7.721415088433403e-11,7.72350814739876e-11,7.725599597849765e-11,7.727689442090829e-11,7.729777682413226e-11,7.731864321029706e-11,7.733949360289276e-11,7.736032802464808e-11,7.738114649827527e-11,7.740194904644391e-11,7.742273569177324e-11,7.744350645683205e-11,7.746426136414978e-11,7.748500043620296e-11,7.750572369542512e-11,7.75264311642021e-11,7.75471228648742e-11,7.756779881973321e-11,7.758845905102573e-11,7.760910358095716e-11,7.762973243167905e-11,7.765034562530467e-11,7.767094318390224e-11,7.769152512948248e-11,7.7712091484023e-11,7.773264226945628e-11,7.775317750766152e-11,7.777369722048201e-11,7.779420142970876e-11,7.78146901570939e-11,7.783516342434142e-11,7.78556212531041e-11,7.787606366562175e-11,7.78964906828479e-11,7.79169023263186e-11,7.79372986175143e-11,7.795767957743054e-11,7.797804522790595e-11,7.799839559036392e-11,7.801873068698778e-11,7.803905053803671e-11,7.805935516479428e-11,7.807964458836763e-11,7.80999188299711e-11,7.812017791067793e-11,7.814042185152441e-11,7.816065067347115e-11,7.818086439755223e-11,7.8201063044646e-11,7.822124663567988e-11,7.824141519143679e-11,7.826156873278024e-11,7.828170728039208e-11,7.830183085500777e-11,7.832193947730819e-11,7.834203316791677e-11,7.836211194743983e-11,7.838217583642838e-11,7.840222485535211e-11,7.84222590246905e-11,7.844227836487296e-11,7.846228289624658e-11,7.848227263921107e-11,7.850224761403111e-11,7.852220784094166e-11,7.854215334019612e-11,7.856208413200143e-11,7.858200023642451e-11,7.860190167359898e-11,7.862178846360695e-11,7.864166062641768e-11,7.866151818136595e-11,7.86813611490886e-11,7.870118955929781e-11,7.872100341224126e-11,7.87408027392017e-11,7.876058755657218e-11,7.878035788611802e-11,7.880011374371355e-11,7.881985515459735e-11,7.883958213724408e-11,7.88592947108871e-11,7.88789928944695e-11,7.889867670749779e-11,7.89183461694429e-11,7.893800129971812e-11,7.895764211772764e-11,7.897726864279561e-11,7.899688089426886e-11,7.901647889142697e-11,7.903606265347857e-11,7.905563219965531e-11,7.907518754906144e-11,7.909472872089091e-11,7.911425573418538e-11,7.913376860796612e-11,7.91532673613373e-11,7.917275201319637e-11,7.919222258251065e-11,7.921167908815722e-11,7.923112154903932e-11,7.925054998396502e-11,7.926996441171893e-11,7.928936485102305e-11,7.930875132062799e-11,7.932812383653434e-11,7.934748241752055e-11,7.936682709049244e-11,7.938615786820715e-11,7.94054747698784e-11,7.94247778113393e-11,7.94440670139619e-11,7.946334239443832e-11,7.948260397207897e-11,7.950185176519444e-11,7.952108579307691e-11,7.954030607239317e-11,7.955951262273797e-11,7.957870546010634e-11,7.959788460550899e-11,7.961705007581507e-11,7.963620188683867e-11,7.96553400597512e-11,7.967446461289226e-11,7.969357556309392e-11,7.971267292841994e-11,7.973175672677111e-11,7.975082697706663e-11,7.976988369585826e-11,7.978892690000154e-11,7.980795660637337e-11,7.982697282604963e-11,7.984597558637948e-11,7.986496491260669e-11,7.988394081288295e-11,7.990290330607276e-11,7.99218524068607e-11,7.994078814484293e-11,7.995971052156994e-11,7.997861956217455e-11,7.999751528383917e-11,8.001639770346162e-11,8.003526684003829e-11,8.005412270819139e-11,8.007296532734676e-11,8.0091794711042e-11,8.011061088091884e-11,8.012941385382874e-11,8.01482036452866e-11,8.016698027232648e-11,8.018574375230919e-11,8.020449410307677e-11,8.022323134089711e-11,8.024195548320008e-11,8.026066654696399e-11,8.027936455065194e-11,8.029804950790114e-11,8.031672143724514e-11,8.03353803558305e-11,8.03540262803799e-11,8.037265922762751e-11,8.039127921431717e-11,8.040988625718615e-11,8.042848037024063e-11,8.044706157285657e-11,8.046562988162711e-11,8.048418531308384e-11,8.050272788390081e-11,8.052125761053688e-11,8.053977450962648e-11,8.055827859757036e-11,8.057676989380044e-11,8.059524841183928e-11,8.061371416726636e-11,8.06321671782355e-11,8.065060746040463e-11,8.066903502981888e-11,8.068744990266576e-11,8.070585209537012e-11,8.072424162401206e-11,8.074261850521047e-11,8.076098275430044e-11,8.07793343878272e-11,8.079767342003821e-11,8.081599987108365e-11,8.083431375446086e-11,8.08526150867162e-11,8.087090388233235e-11,8.088918015949342e-11,8.090744393323985e-11,8.092569521799948e-11,8.09439340317894e-11,8.096216040646213e-11,8.098037432610317e-11,8.099857581688428e-11,8.10167649025436e-11,8.103494159436092e-11,8.105310590978395e-11,8.107125786462542e-11,8.108939747177285e-11,8.110752474876418e-11,8.112563970970043e-11,8.114374237464452e-11,8.116183275415771e-11,8.117991086493198e-11,8.119797672405132e-11,8.121603034635276e-11,8.12340717470163e-11,8.125210093974831e-11,8.127011794023436e-11,8.128812276536804e-11,8.130611543093913e-11,8.132409594996176e-11,8.134206433440311e-11,8.136002060822883e-11,8.137796478218804e-11,8.139589687109742e-11,8.141381689067587e-11,8.143172485381234e-11,8.144962077942653e-11,8.146750467996345e-11,8.148537657285486e-11,8.150323646686898e-11,8.152108438441369e-11,8.153892033941496e-11,8.155674434485075e-11,8.157455641714287e-11,8.159235656543231e-11,8.161014480860773e-11,8.162792116239921e-11,8.164568563912583e-11,8.166343825677255e-11,8.168117902777065e-11,8.16989079665209e-11,8.171662508771982e-11,8.173433040775633e-11,8.175202394030683e-11,8.176970570194117e-11,8.178737570353235e-11,8.180503396114014e-11,8.182268048873458e-11,8.184031530145817e-11,8.185793841354719e-11,8.187554984008875e-11,8.189314959468181e-11,8.191073769198533e-11,8.192831414575856e-11,8.194587897159197e-11,8.196343218302625e-11,8.198097379433512e-11,8.199850382005747e-11,8.201602227408376e-11,8.203352917026749e-11,8.20510245231307e-11,8.20685083468085e-11,8.20859806554121e-11,8.210344146376201e-11,8.212089078607909e-11,8.213832863303241e-11,8.215575502278785e-11,8.217316996505354e-11,8.219057347587603e-11,8.220796557242572e-11,8.222534626564839e-11,8.224271556967526e-11,8.226007349833971e-11,8.227742006608455e-11,8.229475528541808e-11,8.231207917157899e-11,8.232939173663742e-11,8.234669299572195e-11,8.236398296261966e-11,8.238126165004886e-11,8.239852906969e-11,8.24157852399974e-11,8.243303017221956e-11,8.245026388010567e-11,8.246748637705982e-11,8.248469767171062e-11,8.250189778931834e-11,8.251908673482217e-11,8.253626452347438e-11,8.255343116872613e-11,8.257058668400478e-11,8.258773108271423e-11,8.260486437823471e-11,8.2621986583923e-11,8.263909771311245e-11,8.265619777911292e-11,8.267328679521103e-11,8.269036477467004e-11,8.270743173073002e-11,8.272448767660779e-11,8.274153262549711e-11,8.275856659056858e-11,8.277558958496997e-11,8.279260162042891e-11,8.280960271769537e-11,8.282659287571829e-11,8.284357212083316e-11,8.286054046849563e-11,8.287749791347748e-11,8.289444447922581e-11,8.29113801775428e-11,8.292830502411004e-11,8.294521902909588e-11,8.296212220763341e-11,8.297901457127588e-11,8.299589613310549e-11,8.301276690607448e-11,8.302962690272109e-11,8.30464761351066e-11,8.306331461803266e-11,8.308014236524191e-11,8.309695938177288e-11,8.311376568912676e-11,8.313056129669681e-11,8.314734621715719e-11,8.316412046315322e-11,8.318088404726848e-11,8.319763698160992e-11,8.32143792759925e-11,8.323111095351128e-11,8.324783201404276e-11,8.326454247608975e-11,8.328124235125757e-11,8.32979316522614e-11,8.331461039277554e-11,8.333127858373783e-11,8.334793623727893e-11,8.336458336629286e-11,8.338121998610884e-11,8.33978461016565e-11,8.341446172707785e-11,8.343106688124737e-11,8.344766157081491e-11,8.346424580948075e-11,8.348081960769839e-11,8.349738299199845e-11,8.351393595279561e-11,8.353047851029829e-11,8.354701067802583e-11,8.356353246915565e-11,8.358004389497078e-11,8.35965449791016e-11,8.361303572185247e-11,8.36295161215988e-11,8.364598621074256e-11,8.366244598633215e-11,8.367889547091377e-11,8.369533467602535e-11,8.371176360897554e-11,8.372818229617187e-11,8.374459072515451e-11,8.376098893157267e-11,8.377737690990082e-11,8.379375467646399e-11,8.381012224253377e-11,8.38264796220221e-11,8.384282682672778e-11,8.385916386845537e-11,8.387549075764194e-11,8.389180750699815e-11,8.390811412857138e-11,8.392441063504411e-11,8.394069703949115e-11,8.395697334916113e-11,8.397323958137417e-11,8.398949574036126e-11,8.400574184147457e-11,8.402197789562628e-11,8.403820391239514e-11,8.405441990118905e-11,8.407062588245134e-11,8.408682186196213e-11,8.410300786133903e-11,8.411918388194915e-11,8.413534993181788e-11,8.415150602616073e-11,8.416765218423492e-11,8.418378841523942e-11,8.419991472358215e-11,8.42160311133289e-11,8.423213761187483e-11,8.424823421699346e-11,8.426432094659406e-11,8.428039781222989e-11,8.429646482460795e-11,8.431252199561655e-11,8.432856933535563e-11,8.43446068566131e-11,8.436063456672554e-11,8.437665248503121e-11,8.439266062732065e-11,8.440865898502084e-11,8.442464757691433e-11,8.444062641571091e-11,8.445659553015195e-11,8.447255489667125e-11,8.448850454386706e-11,8.450444447225526e-11,8.4520374713418e-11,8.45362952771644e-11,8.455220616096576e-11,8.456810737501497e-11,8.45839989491997e-11,8.459988087627494e-11,8.461575316179853e-11,8.463161582852984e-11,8.464746888384228e-11,8.466331233825614e-11,8.467914620562239e-11,8.469497047594679e-11,8.471078517929647e-11,8.472659034379301e-11,8.47423859624204e-11,8.475817204775038e-11,8.477394861389577e-11,8.478971566843621e-11,8.480547321124454e-11,8.482122126195521e-11,8.483695984223941e-11,8.485268894934026e-11,8.486840857835978e-11,8.488411876789509e-11,8.489981950633385e-11,8.491551081733341e-11,8.493119271810073e-11,8.49468652115003e-11,8.496252830710623e-11,8.497818201560797e-11,8.499382634852984e-11,8.50094613126479e-11,8.502508692398434e-11,8.504070318941461e-11,8.505631012051064e-11,8.507190772870164e-11,8.508749602149275e-11,8.510307501052529e-11,8.511864470545366e-11,8.513420511725537e-11,8.51497562562864e-11,8.516529813270651e-11,8.518083075775212e-11,8.519635414074468e-11,8.521186829121477e-11,8.522737322082518e-11,8.524286893901318e-11,8.525835545348299e-11,8.527383277766934e-11,8.528930091986162e-11,8.530475989199632e-11,8.532020970575648e-11,8.53356503770887e-11,8.535108189975193e-11,8.536650429064605e-11,8.538191756031702e-11,8.539732173242142e-11,8.541271679271503e-11,8.54281027633612e-11,8.544347965150534e-11,8.54588474698136e-11,8.547420623370289e-11,8.548955594006518e-11,8.55048966158025e-11,8.552022825009609e-11,8.553555086301268e-11,8.555086447646189e-11,8.556616908895119e-11,8.5581464698879e-11,8.559675130745148e-11,8.561202896354082e-11,8.562729765772296e-11,8.564255739958964e-11,8.565780817796842e-11,8.5673050021802e-11,8.568828296532829e-11,8.570350699691127e-11,8.571872212684518e-11,8.573392836117945e-11,8.574912571668329e-11,8.576431419081089e-11,8.577949379957556e-11,8.579466455487626e-11,8.580982646429198e-11,8.582497953734077e-11,8.584012378370402e-11,8.585525921287375e-11,8.58703858344211e-11,8.588550365794375e-11,8.59006126928496e-11,8.59157129484914e-11,8.593080443458129e-11,8.594588716058393e-11,8.596096113597027e-11,8.597602636798866e-11,8.599108286887727e-11,8.6006130647838e-11,8.602116971428672e-11,8.603620007667151e-11,8.605122174649834e-11,8.606623473103182e-11,8.608123903794678e-11,8.609623467816332e-11,8.611122166606915e-11,8.612620000398115e-11,8.614116970284996e-11,8.61561307746342e-11,8.617108322421759e-11,8.618602706262948e-11,8.620096230322156e-11,8.621588894827715e-11,8.623080701145698e-11,8.624571649839642e-11,8.626061743240141e-11,8.627550980031422e-11,8.629039362316981e-11,8.630526891271364e-11,8.632013567095816e-11,8.633499390704493e-11,8.634984363574178e-11,8.636468486232168e-11,8.637951759630565e-11,8.639434184567472e-11,8.64091576188889e-11,8.642396493104594e-11,8.64387637880674e-11,8.645355419813787e-11,8.646833616995639e-11,8.648310971278774e-11,8.649787483546245e-11,8.651263154872245e-11,8.652737985819206e-11,8.654211977425561e-11,8.655685130589151e-11,8.657157444488948e-11,8.658628923046973e-11,8.660099566241491e-11,8.661569374301587e-11,8.663038348443682e-11,8.664506489454404e-11,8.66597379800524e-11,8.667440275346671e-11,8.668905922171489e-11,8.67037073942059e-11,8.671834728015024e-11,8.673297888524003e-11,8.674760221943201e-11,8.67622172930395e-11,8.677682411253581e-11,8.679142268849112e-11,8.680601302920363e-11,8.682059514182373e-11,8.683516904115802e-11,8.684973472683509e-11,8.686429220946288e-11,8.68788415016122e-11,8.689338261888252e-11,8.690791555100692e-11,8.692244032114882e-11,8.693695692804828e-11,8.6951465383653e-11,8.696596570571429e-11,8.698045788098369e-11,8.699494193811193e-11,8.700941787980024e-11,8.702388572282715e-11,8.703834545905218e-11,8.705279710508879e-11,8.706724066694703e-11,8.708167615596988e-11,8.709610358101269e-11,8.711052294721467e-11,8.712493426952429e-11,8.713933754990165e-11,8.715373279409362e-11,8.716812001736502e-11,8.71824992239447e-11,8.719687042221339e-11,8.721123362164079e-11,8.722558883320448e-11,8.7239936047385e-11,8.725427530203013e-11,8.726860659082773e-11,8.728292992060907e-11,8.729724530070294e-11,8.731155273971261e-11,8.732585224582029e-11,8.734014381542351e-11,8.735442748018314e-11,8.736870323769647e-11,8.738297109366959e-11,8.739723105627528e-11,8.741148313746763e-11,8.742572734320217e-11,8.743996368062687e-11,8.745419215827719e-11,8.746841278516989e-11,8.748262556753427e-11,8.749683051431318e-11,8.75110276332625e-11,8.752521693770894e-11,8.75393984336903e-11,8.755357211830866e-11,8.756773800714e-11,8.758189610754765e-11,8.759604642928357e-11,8.761018897949623e-11,8.762432375358203e-11,8.763845078361773e-11,8.765257006577956e-11,8.766668160848393e-11,8.768078541925062e-11,8.769488150665595e-11,8.77089698770043e-11,8.772305053883406e-11,8.773712350059231e-11,8.775118876964371e-11,8.776524635366024e-11,8.777929626072124e-11,8.779333849858882e-11,8.780737307610126e-11,8.782139999926733e-11,8.78354192734261e-11,8.784943091264143e-11,8.786343491827183e-11,8.787743130152777e-11,8.789142007169373e-11,8.790540123229095e-11,8.791937479683992e-11,8.79333407645171e-11,8.794729914792965e-11,8.796124995446563e-11,8.797519319187866e-11,8.798912886541989e-11,8.800305698770455e-11,8.801697756375473e-11,8.803089060037605e-11,8.804479610597297e-11,8.805869408807654e-11,8.807258455419299e-11,8.808646751268715e-11,8.810034297124208e-11,8.811421093650896e-11,8.812807141610063e-11,8.814192441652893e-11,8.815576994479352e-11,8.816960800982715e-11,8.818343862034059e-11,8.819726178165849e-11,8.821107750287293e-11,8.822488579044325e-11,8.823868665232097e-11,8.825248009536027e-11,8.826626612726455e-11,8.828004475428088e-11,8.82938159891218e-11,8.830757982281326e-11,8.83213362838413e-11,8.833508537112124e-11,8.834882709213538e-11,8.836256145297546e-11,8.837628846137318e-11,8.839000812289594e-11,8.84037204511284e-11,8.841742544724961e-11,8.843112311208228e-11,8.844481346951108e-11,8.845849652000992e-11,8.847217226711494e-11,8.84858407205534e-11,8.84995018875955e-11,8.851315575948673e-11,8.852680237759637e-11,8.854044172491503e-11,8.855407381660668e-11,8.856769865757851e-11,8.858131625475859e-11,8.859492661563623e-11,8.860852974719128e-11,8.862212565807559e-11,8.863571435257109e-11,8.864929584259358e-11,8.866287012888598e-11,8.867643722147124e-11,8.868999713007312e-11,8.87035498613827e-11,8.871709541501387e-11,8.87306338039973e-11,8.874416503209178e-11,8.875768910888724e-11,8.877120604558316e-11,8.878471584412613e-11,8.879821851396049e-11,8.881171405779337e-11,8.882520248320495e-11,8.883868380245468e-11,8.885215801948971e-11,8.886562514098004e-11,8.887908518917037e-11,8.889253814132176e-11,8.890598401891399e-11,8.891942282826535e-11,8.893285457697027e-11,8.89462792695026e-11,8.895969691845388e-11,8.897310752675749e-11,8.898651110008024e-11,8.899990764971944e-11,8.901329718016589e-11,8.902667969797896e-11,8.9040055212193e-11,8.905342372535236e-11,8.906678524602642e-11,8.908013978029984e-11,8.909348733652398e-11,8.9106827920985e-11,8.91201615404567e-11,8.913348820170147e-11,8.914680791206692e-11,8.916012067661435e-11,8.917342650365968e-11,8.91867253992661e-11,8.920001736952218e-11,8.92133024240416e-11,8.922658056530217e-11,8.923985180289827e-11,8.925311614283789e-11,8.926637359459275e-11,8.927962415952725e-11,8.929286784608262e-11,8.930610466805533e-11,8.931933461703434e-11,8.93325577097207e-11,8.934577395128009e-11,8.935898334809022e-11,8.937218591098417e-11,8.938538163716411e-11,8.939857054033932e-11,8.941175262535645e-11,8.942492789657178e-11,8.943809636303653e-11,8.945125803088371e-11,8.946441290649822e-11,8.947756099704992e-11,8.949070230752494e-11,8.950383684562955e-11,8.95169646179004e-11,8.953008563033199e-11,8.954319988912447e-11,8.955630740185526e-11,8.95694081738917e-11,8.958250221137326e-11,8.959558952161214e-11,8.960867011129394e-11,8.962174398520715e-11,8.96348111516786e-11,8.964787161635594e-11,8.966092538563096e-11,8.967397246589307e-11,8.968701286350796e-11,8.970004658484579e-11,8.971307363626278e-11,8.972609402402431e-11,8.973910775462113e-11,8.975211483433073e-11,8.976511526917496e-11,8.977810906599976e-11,8.97910962306969e-11,8.980407676989835e-11,8.981705068921804e-11,8.983001799548902e-11,8.984297869494408e-11,8.985593279410195e-11,8.986888029921175e-11,8.988182121714891e-11,8.989475554616743e-11,8.990768330308631e-11,8.992060449308629e-11,8.993351911989491e-11,8.994642718971126e-11,8.995932871497739e-11,8.997222369481291e-11,8.998511213157486e-11,8.999799403606681e-11,9.001086941443492e-11,9.002373827285812e-11,9.003660061743753e-11,9.004945645432821e-11,9.006230578892571e-11,9.007514863231939e-11,9.008798498071168e-11,9.010081484387552e-11,9.011363823188088e-11,9.012645514893208e-11,9.013926560098762e-11,9.015206959423225e-11,9.01648671346342e-11,9.017765823083205e-11,9.01904428862439e-11,9.020322110628167e-11,9.021599289685804e-11,9.02287582644645e-11,9.02415172155078e-11,9.025426975608258e-11,9.02670158919454e-11,9.027975562881054e-11,9.029248897292829e-11,9.030521593114786e-11,9.031793651060209e-11,9.033065071523058e-11,9.0343358550928e-11,9.035606002356911e-11,9.036875513916354e-11,9.03814439036282e-11,9.039412632288063e-11,9.040680240280916e-11,9.041947214923462e-11,9.043213556813067e-11,9.044479266536175e-11,9.045744344676894e-11,9.04700879182596e-11,9.048272608565129e-11,9.049535795476094e-11,9.050798353152881e-11,9.052060282170367e-11,9.053321583117548e-11,9.054582256572838e-11,9.055842303113617e-11,9.057101723323274e-11,9.058360517777892e-11,9.059618687056484e-11,9.060876231744654e-11,9.062133152413154e-11,9.063389449636151e-11,9.064645123986464e-11,9.06590017604424e-11,9.067154606383219e-11,9.068408415573855e-11,9.069661604183787e-11,9.07091417279447e-11,9.07216612197142e-11,9.07341745228062e-11,9.074668164299206e-11,9.075918258592045e-11,9.07716773573399e-11,9.078416596281279e-11,9.079664840804207e-11,9.08091246986481e-11,9.082159484028979e-11,9.083405883868132e-11,9.084651669934806e-11,9.085896842799723e-11,9.087141403015064e-11,9.088385351155436e-11,9.089628687764496e-11,9.090871413422677e-11,9.092113528670652e-11,9.093355034070075e-11,9.094595930175318e-11,9.095836217564705e-11,9.097075896753484e-11,9.098314968331667e-11,9.099553432846625e-11,9.100791290837152e-11,9.102028542870163e-11,9.103265189497648e-11,9.104501230816001e-11,9.105736668265225e-11,9.106971501509632e-11,9.108205731540381e-11,9.109439358906789e-11,9.110672384155118e-11,9.111904807263248e-11,9.113136629916953e-11,9.114367852283678e-11,9.11559847468611e-11,9.116828497712077e-11,9.118057921712827e-11,9.119286747370521e-11,9.120514975285409e-11,9.121742606214668e-11,9.122969640331527e-11,9.124196078110254e-11,9.12542192094569e-11,9.126647168330748e-11,9.127871821170167e-11,9.12909588002089e-11,9.130319345223193e-11,9.131542217702731e-11,9.132764496730282e-11,9.133986184953152e-11,9.135207280809973e-11,9.136427786938704e-11,9.137647702792619e-11,9.138867028881541e-11,9.140085765849142e-11,9.141303914228404e-11,9.142521474295679e-11,9.143738446791328e-11,9.144954832207775e-11,9.146170631074835e-11,9.1473858439181e-11,9.148600471236238e-11,9.149814513580243e-11,9.151027971474348e-11,9.152240845442576e-11,9.153453136023397e-11,9.154664843835684e-11,9.15587596911699e-11,9.157086512617379e-11,9.158296474578137e-11,9.159505855957355e-11,9.160714657003145e-11,9.161922878492424e-11,9.16313052049246e-11,9.1643375837629e-11,9.165544068924208e-11,9.166749976386701e-11,9.167955306848354e-11,9.169160060569856e-11,9.170364237912047e-11,9.171567839856484e-11,9.172770866078873e-11,9.173973318148343e-11,9.175175196114173e-11,9.176376500522925e-11,9.1775772318169e-11,9.17877739052293e-11,9.179976977060446e-11,9.18117599212401e-11,9.182374436131417e-11,9.183572309586806e-11,9.184769613018371e-11,9.185966346906784e-11,9.187162513236795e-11,9.188358110313525e-11,9.18955313850542e-11,9.190747599177701e-11,9.191941493222521e-11,9.19313482040156e-11,9.194327581553448e-11,9.195519777130585e-11,9.196711407590002e-11,9.19790247360578e-11,9.19909297564738e-11,9.200282914066336e-11,9.201472289448088e-11,9.202661102288074e-11,9.203849353081133e-11,9.205037042322085e-11,9.20622417050562e-11,9.207410738123583e-11,9.208596745669647e-11,9.209782193634735e-11,9.210967082511005e-11,9.212151412789058e-11,9.21333518495899e-11,9.214518399509637e-11,9.2157010569301e-11,9.216883157708149e-11,9.218064702332196e-11,9.219245691288349e-11,9.220426125063965e-11,9.22160600414422e-11,9.222785329013936e-11,9.223964100158434e-11,9.225142318060596e-11,9.226319983205049e-11,9.227497096072465e-11,9.228673657146693e-11,9.229849666907728e-11,9.231025125836936e-11,9.232200034414165e-11,9.23337439311903e-11,9.234548202431661e-11,9.235721462828773e-11,9.236894174789157e-11,9.238066338788555e-11,9.239237955304447e-11,9.24040902481283e-11,9.241579547788752e-11,9.242749524707539e-11,9.243918956042315e-11,9.245087842267081e-11,9.246256183855628e-11,9.247423981278405e-11,9.248591235008583e-11,9.249757945516092e-11,9.250924113272344e-11,9.252089738746414e-11,9.253254822408788e-11,9.25441936472663e-11,9.255583366170256e-11,9.256746827205929e-11,9.257909748301227e-11,9.259072129920932e-11,9.26023397253255e-11,9.261395276600162e-11,9.262556042589361e-11,9.263716270962952e-11,9.26487596218484e-11,9.266035116719618e-11,9.267193735027494e-11,9.268351817571031e-11,9.269509364810524e-11,9.270666377207153e-11,9.271822855220268e-11,9.272978799309991e-11,9.27413420993466e-11,9.2752890875527e-11,9.276443432621868e-11,9.277597245599469e-11,9.278750526941135e-11,9.27990327710392e-11,9.281055496584047e-11,9.282207185752791e-11,9.283358345159875e-11,9.284508975205592e-11,9.285659076330875e-11,9.286808649000287e-11,9.287957693666091e-11,9.289106210778218e-11,9.290254200789475e-11,9.29140166414915e-11,9.292548601306551e-11,9.29369501271143e-11,9.294840898811895e-11,9.29598626007937e-11,9.297131096915956e-11,9.298275409790473e-11,9.299419199149913e-11,9.30056246543973e-11,9.30170520910541e-11,9.302847430601203e-11,9.30398913036172e-11,9.30513030882998e-11,9.306270966462982e-11,9.307411103840814e-11,9.308550721019534e-11,9.309689818665922e-11,9.310828397235871e-11,9.311966457122693e-11,9.313103998902296e-11,9.31424102283157e-11,9.31537752934703e-11,9.316513519043126e-11,9.317648992165943e-11,9.318783949369891e-11,9.319918390915698e-11,9.321052317339504e-11,9.322185729131967e-11,9.323318626958921e-11,9.324451010823943e-11,9.325582881197527e-11,9.326714238693609e-11,9.327845083656081e-11,9.328975416514984e-11,9.330105237693695e-11,9.331234547637469e-11,9.332363346770851e-11,9.333491635511746e-11,9.334619414261566e-11,9.335746683438109e-11,9.336873443609044e-11,9.337999695107306e-11,9.339125438405671e-11,9.34025067385643e-11,9.341375401918913e-11,9.342499623034605e-11,9.343623337668287e-11,9.344746546112497e-11,9.345869248962424e-11,9.346991446513984e-11,9.348113139291737e-11,9.349234327613034e-11,9.35035501194922e-11,9.351475192717537e-11,9.3525948703575e-11,9.353714045253628e-11,9.354832717844354e-11,9.355950888548585e-11,9.357068557787077e-11,9.358185726011318e-11,9.359302393570772e-11,9.36041856091864e-11,9.361534228455836e-11,9.362649396630856e-11,9.363764065842568e-11,9.364878236507971e-11,9.365991909041486e-11,9.367105083859612e-11,9.368217761374994e-11,9.36932994200086e-11,9.370441626151275e-11,9.371552814252835e-11,9.372663506688612e-11,9.37377370388474e-11,9.374883406252106e-11,9.375992614221055e-11,9.377101328199157e-11,9.378209548560933e-11,9.379317275733555e-11,9.380424510148043e-11,9.381531252188229e-11,9.382637502373014e-11,9.383743260873238e-11,9.384848528240078e-11,9.385953304726027e-11,9.387057590984594e-11,9.388161387308624e-11,9.389264694101672e-11,9.390367511767092e-11,9.391469840720697e-11,9.392571681358381e-11,9.393673034080983e-11,9.394773899290808e-11,9.395874277389617e-11,9.396974168778151e-11,9.398073573857835e-11,9.399172493023673e-11,9.40027092668048e-11,9.401368875227861e-11,9.402466339067932e-11,9.403563318592236e-11,9.40465981420246e-11,9.405755826298179e-11,9.406851355275668e-11,9.407946401525543e-11,9.409040965450934e-11,9.410135047444429e-11,9.411228648156712e-11,9.412321767471116e-11,9.413414405829499e-11,9.414506564285429e-11,9.415598242656857e-11,9.416689441432466e-11,9.41778016101648e-11,9.418870401182348e-11,9.41996016332185e-11,9.421049447742417e-11,9.422138254759339e-11,9.423226584486294e-11,9.42431443734998e-11,9.425401813372046e-11,9.4264887135386e-11,9.427575138038669e-11,9.428661087033142e-11,9.429746561453723e-11,9.430831561277908e-11,9.431916087073756e-11,9.433000139045194e-11,9.434083717672265e-11,9.435166823336755e-11,9.436249456422406e-11,9.437331617313559e-11,9.438413306403227e-11,9.439494524060669e-11,9.440575270663794e-11,9.441655546614871e-11,9.442735352275309e-11,9.443814688064294e-11,9.444893554305693e-11,9.445971951412066e-11,9.447049879790708e-11,9.448127339756696e-11,9.449204331719918e-11,9.45028085606624e-11,9.451356913162018e-11,9.452432503389836e-11,9.453507627147934e-11,9.454582284775172e-11,9.455656476671189e-11,9.456730203203363e-11,9.457803464758088e-11,9.458876261701162e-11,9.459948594405872e-11,9.461020463243262e-11,9.462091868591528e-11,9.463162810829963e-11,9.464233290318666e-11,9.465303307447122e-11,9.466372862568228e-11,9.467441956067033e-11,9.468510588306763e-11,9.46957875966189e-11,9.470646470505585e-11,9.471713720638966e-11,9.472780511559156e-11,9.473846843073066e-11,9.474912715465814e-11,9.475978129271493e-11,9.477043084713379e-11,9.478107582266052e-11,9.479171621789517e-11,9.480235204028757e-11,9.48129832997357e-11,9.482360999397878e-11,9.48342321221102e-11,9.484484969850925e-11,9.485546272020779e-11,9.486607119255367e-11,9.487667511044638e-11,9.488727449341166e-11,9.489786933712885e-11,9.490845964521234e-11,9.491904542128334e-11,9.492962666894434e-11,9.494020339181541e-11,9.495077559348878e-11,9.496134327756745e-11,9.497190644765068e-11,9.498246510733065e-11,9.499301926018585e-11,9.500356890980373e-11,9.501411405976169e-11,9.50246547063449e-11,9.50351908677179e-11,9.504572254012868e-11,9.505624972716338e-11,9.506677243236017e-11,9.507729065928317e-11,9.508780441148163e-11,9.509831369250112e-11,9.510881850588086e-11,9.511931885515613e-11,9.512981474386721e-11,9.514030617553433e-11,9.515079315368986e-11,9.516127568185346e-11,9.51717537635359e-11,9.518222740225386e-11,9.519269660151072e-11,9.520316136482584e-11,9.521362169568524e-11,9.522407759759131e-11,9.523452907404025e-11,9.524497612833797e-11,9.525541876433022e-11,9.52658569855951e-11,9.527629079514367e-11,9.528672020076805e-11,9.529714519757475e-11,9.530756579326253e-11,9.531798199129275e-11,9.532839379510898e-11,9.533880120817975e-11,9.534920423395327e-11,9.535960287586643e-11,9.536999713798526e-11,9.538038702250259e-11,9.539077253407839e-11,9.540115367554924e-11,9.541153044967147e-11,9.542190286117407e-11,9.543227091279852e-11,9.54426346095266e-11,9.545299395918087e-11,9.546334895125388e-11,9.54736995971001e-11,9.548404589992693e-11,9.549438786333432e-11,9.550472549040906e-11,9.551505878515184e-11,9.552538775056691e-11,9.553571239014277e-11,9.554603270717508e-11,9.555634870430617e-11,9.556666038620557e-11,9.557696775603908e-11,9.558727081672275e-11,9.559756957157565e-11,9.560786402408635e-11,9.561815417758621e-11,9.562844003438675e-11,9.563872159988443e-11,9.564899887630493e-11,9.565927186765552e-11,9.566954057663695e-11,9.567980501415935e-11,9.56900651687295e-11,9.570032105012556e-11,9.571057266307128e-11,9.572082000901601e-11,9.573106309328487e-11,9.574130192012977e-11,9.575153648873394e-11,9.576176680550087e-11,9.577199287329694e-11,9.5782214695085e-11,9.579243227423173e-11,9.580264561400955e-11,9.581285471768524e-11,9.582305958888187e-11,9.583326023050587e-11,9.584345664580394e-11,9.585364883807662e-11,9.58638368099414e-11,9.587402056587345e-11,9.58842001085284e-11,9.589437544054271e-11,9.590454656635656e-11,9.591471348862711e-11,9.59248762105859e-11,9.593503473486272e-11,9.594518906527778e-11,9.595533920506683e-11,9.596548515745248e-11,9.597562692564744e-11,9.598576451286748e-11,9.599589792232805e-11,9.600602715722806e-11,9.601615222078111e-11,9.602627311618065e-11,9.603638984722444e-11,9.604650241650498e-11,9.605661082721004e-11,9.606671508253409e-11,9.60768151856488e-11,9.60869111397424e-11,9.609700294738131e-11,9.610709061294017e-11,9.611717413899308e-11,9.612725352814162e-11,9.613732878465447e-11,9.61473999052099e-11,9.615746690320334e-11,9.616752977825132e-11,9.617758853344883e-11,9.618764317070338e-11,9.61976936936238e-11,9.620774010543266e-11,9.621778240916616e-11,9.622782060821281e-11,9.623785470541687e-11,9.624788470408127e-11,9.625791060755923e-11,9.626793241605509e-11,9.627795013804743e-11,9.628796377773449e-11,9.629797332937266e-11,9.630797880611815e-11,9.631798020157897e-11,9.632797752287104e-11,9.633797077346043e-11,9.634795995643847e-11,9.635794507489353e-11,9.636792613192592e-11,9.637790313090204e-11,9.6387876074325e-11,9.639784496700453e-11,9.640780980897606e-11,9.641777060488953e-11,9.642772735774115e-11,9.643768006714759e-11,9.64476287413885e-11,9.645757338349979e-11,9.646751399438184e-11,9.647745057798493e-11,9.648738314331093e-11,9.649731168026063e-11,9.650723619894015e-11,9.651715670170686e-11,9.65270731917289e-11,9.653698567207311e-11,9.654689414608681e-11,9.655679861655921e-11,9.656669908622962e-11,9.657659555876766e-11,9.658648803584754e-11,9.659637652256403e-11,9.660626102037229e-11,9.661614153274852e-11,9.662601806260851e-11,9.663589061294335e-11,9.664575918680618e-11,9.665562378658788e-11,9.666548441592613e-11,9.667534108090908e-11,9.66851937783788e-11,9.66950425139477e-11,9.670488729107299e-11,9.671472811665498e-11,9.67245649855435e-11,9.673439791095025e-11,9.674422688321695e-11,9.675405191140128e-11,9.676387299835389e-11,9.677369014764227e-11,9.678350336187501e-11,9.679331264396097e-11,9.680311799657645e-11,9.681291942259053e-11,9.682271692644678e-11,9.683251051429642e-11,9.684230017953404e-11,9.685208592960906e-11,9.686186777271541e-11,9.687164570343484e-11,9.688141972767461e-11,9.689118984956166e-11,9.69009560715843e-11,9.691071839643646e-11,9.692047682693985e-11,9.693023136601234e-11,9.693998201684407e-11,9.694972878226081e-11,9.695947166381216e-11,9.696921066663681e-11,9.69789457928404e-11,9.698867704496074e-11,9.699840442688933e-11,9.700812793966679e-11,9.701784758713013e-11,9.702756337169231e-11,9.703727529595418e-11,9.704698336411826e-11,9.705668757478552e-11,9.706638793797651e-11,9.707608445309798e-11,9.708577712227806e-11,9.709546594941668e-11,9.710515093621983e-11,9.711483208745271e-11,9.712450939736581e-11,9.713418288255312e-11,9.714385253917872e-11,9.715351836753171e-11,9.716318037606445e-11,9.717283856356047e-11,9.718249293474114e-11,9.7192143491775e-11,9.720179023663556e-11,9.721143317346094e-11,9.722107230410053e-11,9.723070763142953e-11,9.72403391587094e-11,9.724996688874273e-11,9.725959082373496e-11,9.72692109667776e-11,9.727882732185228e-11,9.728843988952354e-11,9.729804867362609e-11,9.730765367684897e-11,9.731725490214251e-11,9.732685235200999e-11,9.733644602913311e-11,9.73460359367292e-11,9.735562207676128e-11,9.736520445313813e-11,9.737478306843208e-11,9.738435792456457e-11,9.739392902495142e-11,9.74034963723911e-11,9.741305996789459e-11,9.74226198155393e-11,9.743217591933392e-11,9.744172828081858e-11,9.745127690332367e-11,9.746082178844419e-11,9.747036293952774e-11,9.747990035459289e-11,9.748943404939945e-11,9.749896401429037e-11,9.750849025429422e-11,9.751801277541061e-11,9.752753157237224e-11,9.753704665155458e-11,9.754655802753951e-11,9.755606569391272e-11,9.75655696523955e-11,9.75750699076346e-11,9.758456646107387e-11,9.759405931091453e-11,9.760354846908581e-11,9.76130339338412e-11,9.762251570771996e-11,9.76319937935799e-11,9.764146819387594e-11,9.765093891141729e-11,9.766040594884139e-11,9.766986930809559e-11,9.767932899201114e-11,9.768878500532484e-11,9.769823734784467e-11,9.770768602392761e-11,9.771713103126072e-11,9.772657237842182e-11,9.773601007696033e-11,9.774544411195338e-11,9.775487451016268e-11,9.776430124046526e-11,9.777372432248328e-11,9.77831437586399e-11,9.779255955137969e-11,9.78019717038424e-11,9.781138021848706e-11,9.782078509994618e-11,9.783018634686645e-11,9.783958396464443e-11,9.784897795395682e-11,9.785836831954105e-11,9.786775506001191e-11,9.787713818276022e-11,9.788651768697232e-11,9.789589356777397e-11,9.790526584679632e-11,9.791463451684942e-11,9.792399958170576e-11,9.793336104147292e-11,9.794271889976348e-11,9.795207315922287e-11,9.796142382240983e-11,9.797077089193265e-11,9.798011436827567e-11,9.798945426060709e-11,9.799879056471681e-11,9.800812328509997e-11,9.801745241893297e-11,9.802677798483585e-11,9.803609997086355e-11,9.804541838397293e-11,9.805473322507409e-11,9.806404449870928e-11,9.807335220033756e-11,9.808265634583741e-11,9.809195693280049e-11,9.810125396101062e-11,9.811054743257038e-11,9.811983735504251e-11,9.812912372376343e-11,9.813840654207067e-11,9.814768581729877e-11,9.815696154979769e-11,9.816623374639601e-11,9.817550240121022e-11,9.818476752058653e-11,9.819402910664461e-11,9.820328716102482e-11,9.821254168882269e-11,9.822179269227677e-11,9.823104017362266e-11,9.824028413502989e-11,9.824952457894441e-11,9.825876150729845e-11,9.826799491987063e-11,9.827722482348125e-11,9.828645122368136e-11,9.82956741168155e-11,9.830489350698489e-11,9.831410940155613e-11,9.832332179445705e-11,9.83325306916254e-11,9.834173609598484e-11,9.835093800911578e-11,9.836013643492032e-11,9.836933137534394e-11,9.83785228332041e-11,9.838771079995902e-11,9.839689529816522e-11,9.84060763203752e-11,9.841525386946755e-11,9.842442794954341e-11,9.84335985618605e-11,9.84427657079138e-11,9.845192939067498e-11,9.846108961236854e-11,9.847024637549746e-11,9.84793996828656e-11,9.848854953696742e-11,9.849769593955463e-11,9.85068388934185e-11,9.851597840026877e-11,9.852511446490626e-11,9.8534247086428e-11,9.854337626699174e-11,9.855250201456369e-11,9.856162432717007e-11,9.857074320642651e-11,9.857985865704793e-11,9.858897067931406e-11,9.859807927281534e-11,9.860718445006367e-11,9.861628620739698e-11,9.862538454776581e-11,9.863447947309387e-11,9.864357098559373e-11,9.865265908842505e-11,9.866174378589038e-11,9.867082507504239e-11,9.867990296079036e-11,9.868897744871799e-11,9.869804853727696e-11,9.87071162279501e-11,9.871618052505089e-11,9.872524143123685e-11,9.873429894858772e-11,9.87433530794773e-11,9.875240382619449e-11,9.876145119119537e-11,9.877049517388857e-11,9.877953577939443e-11,9.87885730144856e-11,9.879760687734566e-11,9.880663737059595e-11,9.881566449537741e-11,9.882468825166505e-11,9.883370864590697e-11,9.884272567840936e-11,9.885173933946298e-11,9.886074965871288e-11,9.886975661296242e-11,9.887876022635952e-11,9.888776049243577e-11,9.889675741180641e-11,9.890575099901737e-11,9.89147412321135e-11,9.892372812546875e-11,9.893271168140371e-11,9.894169190221767e-11,9.895066879023097e-11,9.895964234774894e-11,9.896861257700774e-11,9.897757948027441e-11,9.898654305284954e-11,9.899550331114595e-11,9.900446024886316e-11,9.901341387186837e-11,9.902236417985916e-11,9.903131117630858e-11,9.904025486272266e-11,9.904919524100271e-11,9.905813231456957e-11,9.906706608512862e-11,9.907599655494861e-11,9.9084923726312e-11,9.909384760148674e-11,9.910276818274694e-11,9.911168547235985e-11,9.912059946770562e-11,9.912951018080904e-11,9.913841761063134e-11,9.914732175498841e-11,9.915622261414659e-11,9.9165120196627e-11,9.917401450714466e-11,9.91829055395068e-11,9.919179329989039e-11,9.92006777961449e-11,9.920955902606543e-11,9.921843699095065e-11,9.922731168896388e-11,9.923618313172771e-11,9.924505131098017e-11,9.925391624066032e-11,9.926277791688387e-11,9.927163634187347e-11,9.928049151785509e-11,9.928934344705191e-11,9.929819213168047e-11,9.930703757524329e-11,9.93158797788544e-11,9.932471874585278e-11,9.933355447480922e-11,9.934238698243526e-11,9.935121624601038e-11,9.936004228101462e-11,9.936886508860014e-11,9.937768467149514e-11,9.938650103144985e-11,9.939531417151402e-11,9.940412410647003e-11,9.941293081208059e-11,9.942173430611385e-11,9.943053458695126e-11,9.943933165816696e-11,9.944812552214551e-11,9.945691618092354e-11,9.946570364344667e-11,9.947448789994447e-11,9.948326895569954e-11,9.949204681550572e-11,9.95008214850483e-11,9.950959296080711e-11,9.951836124565435e-11,9.952712634405533e-11,9.953588825626824e-11,9.954464698386778e-11,9.955340253220295e-11,9.956215490278353e-11,9.957090409088588e-11,9.957965010883487e-11,9.958839295450593e-11,9.95971326312094e-11,9.960586913827317e-11,9.961460247810225e-11,9.962333265551763e-11,9.963205966981646e-11,9.964078352563802e-11,9.964950422262175e-11,9.965822176436922e-11,9.966693615210043e-11,9.967564738133847e-11,9.968435547529342e-11,9.969306041597825e-11,9.970176221106524e-11,9.971046086065774e-11,9.971915637223461e-11,9.972784873755005e-11,9.973653797520561e-11,9.974522407415984e-11,9.975390705839323e-11,9.97625869035651e-11,9.977126361703948e-11,9.97799371999394e-11,9.97886076638571e-11,9.979727500787453e-11,9.980593923076287e-11,9.981460033534181e-11,9.98232583238381e-11,9.983191320104992e-11,9.984056496705568e-11,9.984921362479778e-11,9.985785917528027e-11,9.986650162031222e-11,9.987514095622821e-11,9.988377719878864e-11,9.989241033747126e-11,9.990104037968058e-11,9.990966733165035e-11,9.991829119116504e-11,9.992691196022915e-11,9.993552963840505e-11,9.99441442321803e-11,9.995275574542633e-11,9.996136416528928e-11,9.99699695138115e-11,9.997857178046244e-11,9.998717097552336e-11,9.999576709626982e-11,1.0000436014919223e-10,1.0001295012887322e-10,1.0002153703842111e-10,1.0003012088394325e-10,1.0003870166466928e-10,1.0004727938120056e-10,1.000558540408192e-10,1.0006442564534661e-10,1.0007299419260745e-10,1.0008155968428839e-10,1.0009012212489652e-10,1.0009868150984628e-10,1.0010723785057415e-10,1.0011579114713944e-10,1.0012434140113363e-10,1.0013288861680162e-10,1.0014143278679671e-10,1.0014997392173209e-10,1.0015851202175879e-10,1.0016704708888479e-10,1.001755791255143e-10,1.0018410813583371e-10,1.0019263411488182e-10,1.0020115707702216e-10,1.0020967700808056e-10,1.0021819391581163e-10,1.0022670781634721e-10,1.0023521868795703e-10,1.0024372654748252e-10,1.00252231391804e-10,1.0026073322672378e-10,1.002692320523152e-10,1.002777278709273e-10,1.0028622068420977e-10,1.0029471049267836e-10,1.0030319730118991e-10,1.00311681110876e-10,1.0032016192109479e-10,1.0032863973716217e-10,1.0033711456043626e-10,1.0034558639150322e-10,1.003540552317878e-10,1.0036252107828968e-10,1.0037098394646015e-10,1.0037944382837778e-10,1.0038790073137042e-10,1.003963546544623e-10,1.004048055978954e-10,1.0041325356737427e-10,1.0042169855990584e-10,1.0043014057757745e-10,1.0043857962731522e-10,1.0044701571304883e-10,1.0045544883409736e-10,1.0046387898976856e-10,1.0047230618328436e-10,1.004807304165186e-10,1.0048915169283287e-10,1.0049757001154342e-10,1.0050598537705781e-10,1.0051439778896282e-10,1.005228072447689e-10,1.0053121375745564e-10,1.005396173238048e-10,1.0054801794493169e-10,1.0055641562249727e-10,1.0056481036063283e-10,1.0057320215850637e-10,1.0058159101973172e-10,1.0058997694597613e-10,1.0059835992811731e-10,1.0060673998943876e-10,1.0061511712136489e-10,1.0062349132382375e-10,1.006318626029261e-10,1.0064023095792568e-10,1.0064859639055181e-10,1.0065695890390206e-10,1.0066531851554857e-10,1.0067367519460906e-10,1.0068202895968872e-10,1.0069037981217033e-10,1.0069872775675684e-10,1.007070727906472e-10,1.0071541491731541e-10,1.0072375414058742e-10,1.0073209045967807e-10,1.0074042387858967e-10,1.007487543976195e-10,1.0075708202012148e-10,1.0076540674463833e-10,1.0077372857719268e-10,1.0078204751917049e-10,1.0079036357132392e-10,1.0079867673572088e-10,1.0080698701439807e-10,1.008152944224839e-10,1.0082359893474272e-10,1.0083190056718132e-10,1.0084019932065486e-10,1.0084849519954228e-10,1.0085678820523594e-10,1.008650783354002e-10,1.008733655945087e-10,1.0088164998443958e-10,1.0088993150629713e-10,1.008982101622412e-10,1.0090648595480784e-10,1.009147588838804e-10,1.0092302895781884e-10,1.0093129617346025e-10,1.009395605303289e-10,1.0094782203134644e-10,1.009560806831069e-10,1.0096433648057961e-10,1.0097258943167893e-10,1.0098083953540155e-10,1.0098908679304484e-10,1.009973312057101e-10,1.0100557277966083e-10,1.0101381150924428e-10,1.0102204740426019e-10,1.0103028046095956e-10,1.0103851068549564e-10,1.0104673807710447e-10,1.0105496263804593e-10,1.010631843742302e-10,1.0107140328360348e-10,1.0107961936752366e-10,1.0108783262436099e-10,1.0109604305688574e-10,1.0110425067502141e-10,1.0111245548181352e-10,1.011206574609886e-10,1.0112885663013379e-10,1.0113705298459359e-10,1.0114524652795841e-10,1.0115343726008026e-10,1.0116162518924727e-10,1.0116981031113317e-10,1.0117799263784053e-10,1.0118617215488114e-10,1.0119434887275297e-10,1.0120252279295046e-10,1.0121069391623252e-10,1.0121886224698533e-10,1.0122702778281702e-10,1.012351905275977e-10,1.0124335048310664e-10,1.0125150765112132e-10,1.0125966203341907e-10,1.0126781363177521e-10,1.0127596244796251e-10,1.0128410848324914e-10,1.0129225174041104e-10,1.0130039222020854e-10,1.0130852992541897e-10,1.0131666485730093e-10,1.0132479701762032e-10,1.013329264081372e-10,1.0134105303010498e-10,1.0134917688578104e-10,1.0135729797758097e-10,1.0136541630596468e-10,1.013735318739893e-10,1.0138164468436493e-10,1.0138975473494513e-10,1.0139786203205243e-10,1.0140596657340159e-10,1.0141406836358262e-10,1.0142216740546401e-10,1.0143026369643436e-10,1.0143835724314464e-10,1.0144644803261757e-10,1.0145453608797698e-10,1.0146262139850512e-10,1.0147070397199935e-10,1.0147878380343329e-10,1.0148686090026149e-10,1.014949352557956e-10,1.0150300688453564e-10,1.0151107578182057e-10,1.0151914194937503e-10,1.0152720538892193e-10,1.0153526610218286e-10,1.0154332409087751e-10,1.0155137935672423e-10,1.0155943190143957e-10,1.0156748172673865e-10,1.0157552883433503e-10,1.015835732259406e-10,1.0159161490326575e-10,1.0159965386801926e-10,1.016076901219083e-10,1.0161572366663854e-10,1.0162375450391405e-10,1.0163178263543731e-10,1.0163980806290936e-10,1.016478307880295e-10,1.0165585081249561e-10,1.016638681380039e-10,1.016718827662491e-10,1.0167989469892438e-10,1.0168790393772133e-10,1.0169591048433007e-10,1.0170391434043905e-10,1.0171191550773524e-10,1.0171991398790401e-10,1.0172790978262935e-10,1.0173590289359346e-10,1.017438933224772e-10,1.0175188107144639e-10,1.0175986614120541e-10,1.0176784853391723e-10,1.0177582825174312e-10,1.0178380529587174e-10,1.01791779667968e-10,1.017997513697048e-10,1.0180772040275359e-10,1.0181568676877937e-10,1.0182365046944665e-10,1.0183161150641987e-10,1.0183956988136581e-10,1.0184752559594031e-10,1.0185547865180546e-10,1.01863429050617e-10,1.0187137679403114e-10,1.0187932188370299e-10,1.0188726432128399e-10,1.0189520410842965e-10,1.0190314124679115e-10,1.0191107573801496e-10,1.0191900758374928e-10,1.0192693678564361e-10,1.0193486334533475e-10,1.0194278726447076e-10,1.0195070854115036e-10,1.0195862718056408e-10,1.019665431843433e-10,1.0197445655412936e-10,1.0198236729508161e-10,1.0199027540178175e-10,1.0199818087937826e-10,1.0200608372951343e-10,1.0201398395380995e-10,1.0202188155390033e-10,1.0202977653141092e-10,1.0203766888796406e-10,1.0204555862518494e-10,1.0205344574468547e-10,1.0206133024809932e-10,1.0206921213705346e-10,1.0207709141315932e-10,1.0208496807802413e-10,1.020928421332639e-10,1.021007135805041e-10,1.0210858242134255e-10,1.0211644865739942e-10,1.0212431229028318e-10,1.0213217332159785e-10,1.0214003175295649e-10,1.0214788758594407e-10,1.0215574082218312e-10,1.0216359146327032e-10,1.0217143951080916e-10,1.0217928496638965e-10,1.0218712783161793e-10,1.0219496810808885e-10,1.0220280579739216e-10,1.022106409011263e-10,1.0221847342087848e-10,1.0222630335824347e-10,1.0223413071480095e-10,1.02241955492153e-10,1.0224977769187596e-10,1.0225759731556414e-10,1.0226541436478788e-10,1.0227322884113018e-10,1.0228104074617598e-10,1.0228885008150365e-10,1.0229665684868653e-10,1.0230446104931309e-10,1.0231226268494276e-10,1.0232006175715934e-10,1.0232785826752612e-10,1.02335652217619e-10,1.0234344360900477e-10,1.0235123244325317e-10,1.0235901872193157e-10,1.0236680244660588e-10,1.0237458361883399e-10,1.0238236224017872e-10,1.0239013831220197e-10,1.0239791183646975e-10,1.0240568281452511e-10,1.0241345124793992e-10,1.0242121713826357e-10,1.0242898048704249e-10,1.0243674129583366e-10,1.0244449956619071e-10,1.0245225529966186e-10,1.024600084978007e-10,1.0246775916214685e-10,1.0247550729424629e-10,1.0248325289564128e-10,1.0249099596788392e-10,1.024987365125022e-10,1.0250647453104416e-10,1.0251421002505112e-10,1.0252194299605677e-10,1.025296734455965e-10,1.0253740137520093e-10,1.0254512678641082e-10,1.0255284968075043e-10,1.0256057005975091e-10,1.025682879249472e-10,1.0257600327786428e-10,1.0258371612003044e-10,1.0259142645296338e-10,1.0259913427818961e-10,1.0260683959723934e-10,1.0261454241162148e-10,1.0262224272285797e-10,1.026299405324703e-10,1.0263763584197854e-10,1.0264532865289291e-10,1.026530189667286e-10,1.0266070678499792e-10,1.026683921092132e-10,1.0267607494088473e-10,1.0268375528152055e-10,1.0269143313262446e-10,1.0269910849571655e-10,1.0270678137229358e-10,1.0271445176385151e-10,1.0272211967190224e-10,1.0272978509794473e-10,1.0273744804347563e-10,1.027451085099863e-10,1.0275276649898748e-10,1.0276042201196475e-10,1.0276807505041828e-10,1.0277572561583107e-10,1.0278337370970403e-10,1.0279101933352693e-10,1.0279866248879205e-10,1.0280630317697512e-10,1.0281394139957246e-10,1.0282157715806377e-10,1.0282921045394071e-10,1.0283684128868385e-10,1.0284446966376229e-10,1.0285209558065893e-10,1.0285971904085698e-10,1.0286734004584251e-10,1.02874958597086e-10,1.0288257469606306e-10,1.0289018834423793e-10,1.0289779954308675e-10,1.0290540829408059e-10,1.0291301459868258e-10,1.0292061845837534e-10,1.02928219874616e-10,1.0293581884887223e-10,1.0294341538260511e-10,1.0295100947728163e-10,1.029586011343703e-10,1.029661903553166e-10,1.0297377714158615e-10,1.0298136149463297e-10,1.029889434159176e-10,1.0299652290690273e-10,1.0300409996903815e-10,1.0301167460376823e-10,1.0301924681254314e-10,1.0302681659682636e-10,1.0303438395806117e-10,1.0304194889769244e-10,1.0304951141717576e-10,1.0305707151794749e-10,1.0306462920145959e-10,1.0307218446915092e-10,1.0307973732245976e-10,1.0308728776282749e-10,1.0309483579169532e-10,1.0310238141050463e-10,1.0310992462067738e-10,1.0311746542365709e-10,1.0312500382087737e-10,1.0313253981377337e-10,1.0314007340376793e-10,1.0314760459229584e-10,1.0315513338079977e-10,1.031626597706868e-10,1.0317018376339501e-10,1.0317770536033995e-10,1.0318522456296697e-10,1.0319274137267775e-10,1.0320025579089522e-10,1.032077678190502e-10,1.0321527745856014e-10,1.0322278471082904e-10,1.0323028957728271e-10,1.0323779205935277e-10,1.0324529215842488e-10,1.032527898759252e-10,1.0326028521327008e-10,1.0326777817186182e-10,1.0327526875311194e-10,1.032827569584299e-10,1.03290242789223e-10,1.032977262469002e-10,1.0330520733285252e-10,1.0331268604849519e-10,1.0332016239522818e-10,1.0332763637444465e-10,1.0333510798754605e-10,1.0334257723593789e-10,1.0335004412101841e-10,1.0335750864416789e-10,1.033649708067968e-10,1.0337243061030513e-10,1.0337988805607187e-10,1.0338734314548474e-10,1.0339479587993848e-10,1.0340224626082915e-10,1.0340969428953437e-10,1.0341713996744457e-10,1.0342458329593769e-10,1.0343202427640801e-10,1.0343946291023932e-10,1.0344689920074327e-10,1.0345433314513028e-10,1.0346176474981227e-10,1.0346919401339706e-10,1.034766209347038e-10,1.0348404552024646e-10,1.0349146776871314e-10,1.0349888768282673e-10,1.035063052624395e-10,1.0351372050539537e-10,1.0352113341977644e-10,1.0352854400451916e-10,1.0353595225979405e-10,1.03543358187724e-10,1.035507617896559e-10,1.035581630666751e-10,1.0356556201987156e-10,1.0357295865191876e-10,1.0358035296304098e-10,1.0358774495444119e-10,1.0359513462796183e-10,1.0360252198495939e-10,1.036099070267882e-10,1.0361728975480309e-10,1.0362467017035819e-10,1.0363204827480512e-10,1.0363942406949524e-10,1.036467975557776e-10,1.0365416873500401e-10,1.0366153760851908e-10,1.0366890417766957e-10,1.0367626844380109e-10,1.0368363040825727e-10,1.0369099007238209e-10,1.0369834743751783e-10,1.0370570250500481e-10,1.037130552761819e-10,1.0372040575238774e-10,1.0372775393495934e-10,1.0373509982523382e-10,1.0374244342454638e-10,1.0374978473423027e-10,1.03757123755618e-10,1.0376446049004076e-10,1.037717949388301e-10,1.0377912710331527e-10,1.0378645698482606e-10,1.0379378458468463e-10,1.0380110990422178e-10,1.0380843294475934e-10,1.038157537076219e-10,1.038230721941333e-10,1.0383038840561282e-10,1.0383770234338488e-10,1.0384501400876583e-10,1.0385232340307314e-10,1.0385963052762482e-10,1.0386693538373651e-10,1.0387423797272459e-10,1.0388153829589985e-10,1.0388883635457644e-10,1.0389613215006543e-10,1.0390342568367767e-10,1.039107169567234e-10,1.0391800597050659e-10,1.039252927263391e-10,1.0393257722552382e-10,1.0393985946936691e-10,1.0394713945917104e-10,1.0395441719624007e-10,1.0396169268187555e-10,1.0396896591852018e-10,1.0397623690838184e-10,1.0398350564832865e-10,1.0399077213985364e-10,1.0399803638746379e-10,1.0400529839100105e-10,1.0401255815232896e-10,1.0401981567501896e-10,1.0402707095652815e-10,1.0403432399842722e-10,1.0404157480502586e-10,1.0404882337366467e-10,1.0405606971720907e-10,1.04063313818067e-10,1.0407055568697351e-10,1.0407779532496614e-10,1.0408503273356853e-10,1.0409226791599203e-10,1.0409950086996947e-10,1.0410673159790304e-10,1.0411396010135606e-10,1.041211863855119e-10,1.0412841044477525e-10,1.0413563230140193e-10,1.0414285193302605e-10,1.0415006934262433e-10,1.0415728452663088e-10,1.0416449749579706e-10,1.0417170825099005e-10,1.0417891679261335e-10,1.041861231213762e-10,1.0419332724149483e-10,1.042005291558814e-10,1.0420772885927027e-10,1.0421492635609935e-10,1.0422212164695694e-10,1.0422931473443892e-10,1.0423650561887397e-10,1.0424369430205953e-10,1.0425088078427629e-10,1.0425806506819477e-10,1.0426524715419808e-10,1.0427242704366901e-10,1.0427960473742035e-10,1.0428678024647464e-10,1.0429395355419168e-10,1.0430112468033918e-10,1.0430829360633775e-10,1.0431546034334708e-10,1.0432262489398762e-10,1.0432978725151679e-10,1.0433694744259063e-10,1.0434410543749696e-10,1.0435126124759654e-10,1.0435841489050226e-10,1.0436556635553218e-10,1.0437271562509689e-10,1.0437986272479042e-10,1.0438700762988767e-10,1.0439415037950493e-10,1.0440129094555257e-10,1.0440842933891045e-10,1.044155655607227e-10,1.0442269961179007e-10,1.0442983150290179e-10,1.0443696120725446e-10,1.0444408874802239e-10,1.0445121413953996e-10,1.0445833735491412e-10,1.044654584100025e-10,1.0447257730330482e-10,1.044796940350264e-10,1.0448680860723839e-10,1.0449392102057384e-10,1.0450103129205784e-10,1.0450813939470192e-10,1.045152453461027e-10,1.0452234914032412e-10,1.0452945078317069e-10,1.04536550275724e-10,1.0454364761844811e-10,1.0455074281299589e-10,1.0455783586029987e-10,1.0456492676320306e-10,1.045720155198036e-10,1.0457910213130502e-10,1.0458618660180381e-10,1.0459326893177627e-10,1.0460034913037344e-10,1.0460742718120265e-10,1.0461450309508162e-10,1.046215768728481e-10,1.0462864851532979e-10,1.0463571802421884e-10,1.0464278540034633e-10,1.0464985065322333e-10,1.0465691376939448e-10,1.0466397475495815e-10,1.0467103361164881e-10,1.0467809034274764e-10,1.0468514494840696e-10,1.0469219742937593e-10,1.0469924778900706e-10,1.0470629602215774e-10,1.0471334213758921e-10,1.0472038613030338e-10,1.0472742800970714e-10,1.0473446777071643e-10,1.0474150541503778e-10,1.047485409450509e-10,1.0475557436148668e-10,1.0476260566465439e-10,1.0476963485781209e-10,1.0477666194120165e-10,1.0478368691515562e-10,1.0479070978000655e-10,1.0479773054076789e-10,1.048047491958396e-10,1.0481176574657805e-10,1.0481878019502939e-10,1.048257925361204e-10,1.0483280279017891e-10,1.0483981093426381e-10,1.0484681698260745e-10,1.0485382093549206e-10,1.048608227833591e-10,1.0486782254531703e-10,1.0487482021292063e-10,1.0488181580516074e-10,1.0488880928916132e-10,1.0489580068326196e-10,1.0490278999010382e-10,1.0490977720930095e-10,1.0491676233524064e-10,1.0492374538100762e-10,1.0493072634221391e-10,1.0493770523937265e-10,1.0494468203617526e-10,1.049516567522036e-10,1.0495862938096788e-10,1.0496559995719522e-10,1.0497256845531634e-10,1.0497953485929344e-10,1.0498649918876005e-10,1.0499346144667502e-10,1.0500042163024228e-10,1.0500737974225439e-10,1.050143357826689e-10,1.0502128975502329e-10,1.0502824166747121e-10,1.0503519152009493e-10,1.0504213929129227e-10,1.0504908499465675e-10,1.0505602863854282e-10,1.0506297022817301e-10,1.0506990974894239e-10,1.0507684720973411e-10,1.0508378261214754e-10,1.0509071595641405e-10,1.0509764724412876e-10,1.0510457647586142e-10,1.0511150366101775e-10,1.0511842880236091e-10,1.0512535187609979e-10,1.0513227289810868e-10,1.0513919187038427e-10,1.051461087938036e-10,1.0515302367945691e-10,1.0515993651882132e-10,1.0516684730349328e-10,1.0517375605161177e-10,1.0518066274900372e-10,1.0518756740425748e-10,1.0519447001941137e-10,1.0520137059499934e-10,1.0520826913215511e-10,1.0521516563199604e-10,1.0522206009564965e-10,1.0522895252387537e-10,1.0523584291827448e-10,1.0524273127951501e-10,1.0524961761829961e-10,1.0525650191784032e-10,1.052633841827914e-10,1.0527026442410787e-10,1.0527714264706162e-10,1.0528401883507514e-10,1.0529089299822102e-10,1.0529776514671218e-10,1.0530463526316782e-10,1.0531150335823019e-10,1.053183694327492e-10,1.0532523348782742e-10,1.0533209552457823e-10,1.0533895554748376e-10,1.0534581355231831e-10,1.0535266954072029e-10,1.0535952352407669e-10,1.0536637550236382e-10,1.0537322545236883e-10,1.0538007339178576e-10,1.0538691932983254e-10,1.0539376325181778e-10,1.0540060516893698e-10,1.0540744507835328e-10,1.054142829815032e-10,1.0542111888049417e-10,1.0542795277983785e-10,1.0543478469073381e-10,1.0544161458432969e-10,1.0544844249385582e-10,1.0545526839661425e-10,1.0546209229466483e-10,1.0546891419934096e-10,1.0547573411835771e-10,1.0548255203349154e-10,1.0548936795275979e-10,1.0549618188983163e-10,1.0550299382902208e-10,1.0550980378442603e-10,1.0551661174232592e-10,1.0552341771260072e-10,1.0553022169918185e-10,1.0553702369744938e-10,1.0554382371134094e-10,1.0555062174090811e-10,1.0555741778928793e-10,1.0556421185653454e-10,1.055710039437226e-10,1.0557779405913488e-10,1.055845821902606e-10,1.0559136834400788e-10,1.0559815252315424e-10,1.0560493473766364e-10,1.0561171496710732e-10,1.0561849322450441e-10,1.0562526950995655e-10,1.0563204382502345e-10,1.0563881618416128e-10,1.0564558656248053e-10,1.0565235497279615e-10,1.0565912142923351e-10,1.0566588592663491e-10,1.0567264844181085e-10,1.056794089940753e-10,1.0568616759457907e-10,1.0569292423503416e-10,1.0569967890553702e-10,1.0570643161645385e-10,1.0571318237008952e-10,1.057199311671836e-10,1.0572667800896056e-10,1.0573342289614829e-10,1.0574016582997171e-10,1.057469068260969e-10,1.0575364585593447e-10,1.0576038294642818e-10,1.0576711807733687e-10,1.0577385126015341e-10,1.0578058250966966e-10,1.0578731181393842e-10,1.0579403915879302e-10,1.0580076455975244e-10,1.0580748801787869e-10,1.0581420953622907e-10,1.0582092912999924e-10,1.0582764676590068e-10,1.0583436246315746e-10,1.0584107622353815e-10,1.058477880466346e-10,1.0585449793421513e-10,1.058612058892762e-10,1.0586791190895368e-10,1.0587461599624206e-10,1.0588131816212207e-10,1.0588801838774948e-10,1.0589471668410699e-10,1.059014130528935e-10,1.059081075052847e-10,1.0591480002072702e-10,1.0592149061819435e-10,1.0592817928433119e-10,1.0593486602847295e-10,1.0594155085052284e-10,1.0594823376240812e-10,1.0595491474261251e-10,1.0596159380383245e-10,1.0596827095718253e-10,1.0597494618354831e-10,1.0598161950144267e-10,1.0598829090589292e-10,1.059949603858539e-10,1.0600162795574101e-10,1.0600829361436574e-10,1.0601495736122016e-10,1.0602161919850587e-10,1.0602827913829908e-10,1.0603493715909385e-10,1.0604159327326715e-10,1.0604824748344793e-10,1.0605489980552086e-10,1.0606155021200899e-10,1.0606819870976043e-10,1.0607484530605597e-10,1.0608149000179024e-10,1.0608813279827994e-10,1.0609477369715437e-10,1.0610141269851979e-10,1.0610804980227343e-10,1.0611468501638718e-10,1.0612131833014103e-10,1.0612794975082026e-10,1.0613457927921373e-10,1.061412069175508e-10,1.0614783266388343e-10,1.0615445651974338e-10,1.0616107848884848e-10,1.0616769857009356e-10,1.0617431676454902e-10,1.0618093307403772e-10,1.0618754749983996e-10,1.0619416004396724e-10,1.0620077070403389e-10,1.0620737948241303e-10,1.0621398637983502e-10,1.0622059140905138e-10,1.0622719454877686e-10,1.0623379581201377e-10,1.0624039519868593e-10,1.0624699272116508e-10,1.0625358835827212e-10,1.0626018212222425e-10,1.0626677401264923e-10,1.0627336403345088e-10,1.0627995218108772e-10,1.0628653846338365e-10,1.0629312288539932e-10,1.062997054287486e-10,1.0630628611298127e-10,1.0631286492504817e-10,1.0631944187119698e-10,1.0632601695469066e-10,1.0633259017556162e-10,1.0633916153501458e-10,1.0634573103445217e-10,1.0635229867476e-10,1.0635886445678506e-10,1.063654283800427e-10,1.0637199044721706e-10,1.0637855065845806e-10,1.0638510901556774e-10,1.0639166553231818e-10,1.0639822018259633e-10,1.0640477298116193e-10,1.0641132392884566e-10,1.0641787302748985e-10,1.0642442027399865e-10,1.064309656842921e-10,1.0643750923904314e-10,1.064440509477474e-10,1.0645059081175475e-10,1.0645712883186584e-10,1.0646366501045152e-10,1.0647019935496285e-10,1.0647673184909517e-10,1.0648326250244569e-10,1.0648979131827704e-10,1.0649631829505063e-10,1.065028434356276e-10,1.0650936674694417e-10,1.0651588821630285e-10,1.0652240785049369e-10,1.0652892565323144e-10,1.0653544162434204e-10,1.0654195576193541e-10,1.065484680696024e-10,1.0655497856241872e-10,1.0656148722071803e-10,1.0656799405180913e-10,1.0657449904764858e-10,1.0658100222398768e-10,1.0658750356508076e-10,1.065940030829742e-10,1.0660050078565203e-10,1.0660699667143648e-10,1.0661349073215951e-10,1.066199829690496e-10,1.0662647338574196e-10,1.0663296198582074e-10,1.0663944876524235e-10,1.066459337413483e-10,1.06652416894984e-10,1.0665889823284729e-10,1.0666537775751894e-10,1.0667185547151914e-10,1.0667833137271306e-10,1.066848054652157e-10,1.0669127775895498e-10,1.0669774823995704e-10,1.067042169144923e-10,1.0671068377237576e-10,1.0671714883355776e-10,1.0672361208219855e-10,1.0673007353527244e-10,1.0673653317680423e-10,1.0674299101245974e-10,1.0674944705123043e-10,1.0675590128251419e-10,1.0676235371593616e-10,1.067688043518061e-10,1.0677525319688682e-10,1.0678170024559496e-10,1.0678814549812105e-10,1.0679458895725047e-10,1.068010306172345e-10,1.0680747049590608e-10,1.068139085758224e-10,1.068203448683634e-10,1.0682677937910413e-10,1.0683321209090915e-10,1.0683964301552105e-10,1.0684607216253391e-10,1.0685249952201363e-10,1.0685892508916445e-10,1.0686534887167473e-10,1.0687177087236848e-10,1.0687819108924236e-10,1.0688460952646505e-10,1.0689102618136886e-10,1.0689744104516167e-10,1.0690385414214455e-10,1.069102654588377e-10,1.0691667500138149e-10,1.0692308276098398e-10,1.0692948875279986e-10,1.0693589296857758e-10,1.0694229541347643e-10,1.0694869607451676e-10,1.0695509497586022e-10,1.0696149210687692e-10,1.0696788746845077e-10,1.069742810611314e-10,1.0698067288663475e-10,1.0698706294508821e-10,1.0699345124677845e-10,1.069998377747847e-10,1.0700622254899768e-10,1.0701260555023919e-10,1.0701898678936357e-10,1.0702536626733207e-10,1.0703174398966456e-10,1.0703811995704774e-10,1.0704449415678629e-10,1.070508665987801e-10,1.0705723728358847e-10,1.0706360621332519e-10,1.0706997338745705e-10,1.0707633880838417e-10,1.0708270247601344e-10,1.0708906439173594e-10,1.0709542455621829e-10,1.0710178297036718e-10,1.0710813963507939e-10,1.0711449455123937e-10,1.0712084772932824e-10,1.0712719915105245e-10,1.0713354883662407e-10,1.071398967675077e-10,1.0714624295437123e-10,1.071525873989799e-10,1.0715893010032354e-10,1.0716527106920358e-10,1.0717161028867867e-10,1.0717794776984442e-10,1.0718428351108719e-10,1.0719061751446005e-10,1.0719694978096027e-10,1.0720328032071952e-10,1.0720960911597408e-10,1.0721593617706578e-10,1.0722226150478443e-10,1.0722858509984762e-10,1.0723490695704515e-10,1.0724122708957031e-10,1.0724754549209121e-10,1.0725386216823646e-10,1.072601771143123e-10,1.0726649033240538e-10,1.0727280182507333e-10,1.0727911159151135e-10,1.0728541963424824e-10,1.0729172596307612e-10,1.0729803055872228e-10,1.0730433343309196e-10,1.0731063458633668e-10,1.0731693401965122e-10,1.0732323173274807e-10,1.0732952772850083e-10,1.0733582200653718e-10,1.0734211456807764e-10,1.0734840540635387e-10,1.0735469453666503e-10,1.073609819528726e-10,1.0736726765662294e-10,1.0737355164710205e-10,1.073798339254075e-10,1.07386114493908e-10,1.0739239335397145e-10,1.0739867050535168e-10,1.0740494594777639e-10,1.0741121968421659e-10,1.0741749171449651e-10,1.0742376203877695e-10,1.0743003065942844e-10,1.0743629757636373e-10,1.0744256279060409e-10,1.0744882630305378e-10,1.0745508811447863e-10,1.0746134822575632e-10,1.0746760663790357e-10,1.0747386335166364e-10,1.0748011836793435e-10,1.0748637168476622e-10,1.0749262330852139e-10,1.074988732373948e-10,1.0750512147126477e-10,1.0751136801171517e-10,1.07517612860627e-10,1.0752385601832845e-10,1.0753009748405397e-10,1.0753633726100968e-10,1.0754257534929626e-10,1.0754881174952605e-10,1.0755504646213976e-10,1.0756127948845506e-10,1.0756751082928481e-10,1.0757374048578523e-10,1.075799684583478e-10,1.0758619474760122e-10,1.0759241935430955e-10,1.0759864228051397e-10,1.0760486352626167e-10,1.0761108309231397e-10,1.0761730097916898e-10,1.0762351718869159e-10,1.0762973172125627e-10,1.0763594457635528e-10,1.0764215575726815e-10,1.0764836526366009e-10,1.0765457309634827e-10,1.0766077925624482e-10,1.0766698374343877e-10,1.0767318656010693e-10,1.0767938770671558e-10,1.0768558718362086e-10,1.0769178499205849e-10,1.076979811319351e-10,1.077041756046332e-10,1.0771036841155034e-10,1.0771655955327525e-10,1.077227490227698e-10,1.077289368372889e-10,1.0773512298895639e-10,1.0774130747879072e-10,1.0774749030691481e-10,1.077536714745073e-10,1.0775985098351828e-10,1.0776602883265665e-10,1.0777220502418708e-10,1.0777837955997632e-10,1.0778455243968283e-10,1.0779072366418772e-10,1.0779689323199812e-10,1.0780306114841302e-10,1.078092274121362e-10,1.0781539202390434e-10,1.078215549845426e-10,1.0782771629477133e-10,1.0783387595552933e-10,1.0784003396900644e-10,1.0784619033134192e-10,1.0785234504880765e-10,1.0785849812009109e-10,1.0786464954525755e-10,1.0787079932661773e-10,1.0787694746441647e-10,1.0788309395907896e-10,1.0788923881193016e-10,1.0789538202325597e-10,1.0790152359368071e-10,1.0790766352519528e-10,1.0791380181798496e-10,1.079199384725224e-10,1.0792607349023824e-10,1.0793220687086763e-10,1.0793833861670263e-10,1.0794446872774816e-10,1.0795059720504618e-10,1.0795672404900989e-10,1.0796284926097383e-10,1.079689728419861e-10,1.0797509479169196e-10,1.0798121511160464e-10,1.0798733380239779e-10,1.0799345086505124e-10,1.079995663005316e-10,1.0800568010833361e-10,1.080117922913264e-10,1.0801790284926019e-10,1.0802401178310397e-10,1.0803011909297683e-10,1.0803622478099173e-10,1.080423288473401e-10,1.0804843129271534e-10,1.0805453211795142e-10,1.0806063132056005e-10,1.0806672890870072e-10,1.0807282487749819e-10,1.0807891922961733e-10,1.0808501196606306e-10,1.0809110308747444e-10,1.0809719259320092e-10,1.0810328048639339e-10,1.0810936676615895e-10,1.0811545143426469e-10,1.0812153449106273e-10,1.0812761593667077e-10,1.0813369577246038e-10,1.0813977400010136e-10,1.0814585061962214e-10,1.0815192563179955e-10,1.0815799903559253e-10,1.0816407083539096e-10,1.0817014103029776e-10,1.0817620961886727e-10,1.0818227660538733e-10,1.0818834199026008e-10,1.0819440577312716e-10,1.0820046795181088e-10,1.0820652853352863e-10,1.0821258751591879e-10,1.0821864489960915e-10,1.0822470068555984e-10,1.082307548739415e-10,1.0823680746331097e-10,1.0824285846500138e-10,1.0824890786757574e-10,1.0825495567117532e-10,1.0826100188644632e-10,1.0826704650964506e-10,1.0827308953363371e-10,1.08279130974471e-10,1.0828517082449694e-10,1.0829120908530564e-10,1.0829724575764949e-10,1.0830328084257096e-10,1.0830931434127392e-10,1.0831534625341544e-10,1.0832137658010474e-10,1.083274053224064e-10,1.0833343248157454e-10,1.0833945805735375e-10,1.0834548204600001e-10,1.083515044582843e-10,1.0835752529018712e-10,1.0836354454222857e-10,1.0836956221423169e-10,1.083755783089507e-10,1.0838159282474324e-10,1.0838760576513628e-10,1.083936171293661e-10,1.0839962691826747e-10,1.0840563513294757e-10,1.0841164177422438e-10,1.084176468421708e-10,1.084236503381365e-10,1.0842965226207287e-10,1.0843565261596189e-10,1.0844165139958096e-10,1.0844764860240643e-10,1.0845364424923463e-10,1.0845963832853727e-10,1.0846563084106667e-10,1.0847162178767064e-10,1.0847761117231733e-10,1.0848359898824908e-10,1.084895852337869e-10,1.084955699152515e-10,1.085015530432779e-10,1.0850753460963015e-10,1.0851351461547495e-10,1.0851949306143888e-10,1.0852546994814257e-10,1.0853144527601173e-10,1.0853741904628537e-10,1.0854339126043529e-10,1.0854936191829059e-10,1.085553310255572e-10,1.0856129857371947e-10,1.0856726456802536e-10,1.0857322900929906e-10,1.0857919189824983e-10,1.0858515323557443e-10,1.0859111302232347e-10,1.0859707125856047e-10,1.086030279457525e-10,1.0860898308447268e-10,1.0861493667418017e-10,1.086208887178067e-10,1.0862683921540363e-10,1.0863278817427254e-10,1.0863873558150064e-10,1.0864468144464104e-10,1.0865062576460083e-10,1.0865656853848086e-10,1.0866250977407406e-10,1.0866844946862681e-10,1.0867438762788895e-10,1.0868032424227019e-10,1.0868625931810609e-10,1.0869219285657996e-10,1.0869812485713477e-10,1.087040553210835e-10,1.0870998424929314e-10,1.0871591164237865e-10,1.0872183750090298e-10,1.0872776182582e-10,1.0873368461804146e-10,1.0873960587758408e-10,1.0874552560650295e-10,1.0875144380375836e-10,1.0875736047194461e-10,1.0876327561113983e-10,1.0876918922187964e-10,1.0877510130506152e-10,1.0878101186131066e-10,1.0878692089129598e-10,1.0879282839677443e-10,1.087987343778682e-10,1.088046388343377e-10,1.0881054176674333e-10,1.0881644317613561e-10,1.0882234306004329e-10,1.088282414271293e-10,1.0883413827456422e-10,1.0884003360193554e-10,1.0884592741039554e-10,1.088518197007436e-10,1.0885771047255066e-10,1.0886359972884567e-10,1.088694874691948e-10,1.0887537369441069e-10,1.0888125840512465e-10,1.0888714160208626e-10,1.0889302328605091e-10,1.0889890345944509e-10,1.0890478211966715e-10,1.0891065926879303e-10,1.0891653490797793e-10,1.0892240903778101e-10,1.0892828165968988e-10,1.0893415277192899e-10,1.0894002237794716e-10,1.089458904775507e-10,1.0895175707516488e-10,1.0895762215568469e-10,1.0896348573997362e-10,1.0896934782077565e-10,1.089752083981653e-10,1.0898106747405369e-10,1.0898692504918877e-10,1.0899278112327257e-10,1.0899863569657613e-10,1.0900448876003895e-10,1.0901034033514643e-10,1.0901619041315508e-10,1.0902203899507107e-10,1.0902788608726424e-10,1.0903373168070371e-10,1.0903957577552962e-10,1.0904541837327322e-10,1.0905125947913983e-10,1.0905709909215886e-10,1.0906293721551057e-10,1.0906877384593626e-10,1.0907460898487312e-10,1.0908044263367292e-10,1.0908627479308347e-10,1.0909210547663989e-10,1.0909793465977265e-10,1.0910376235477165e-10,1.0910958856596136e-10,1.0911541329066858e-10,1.091212365293955e-10,1.0912705828483898e-10,1.0913287855569207e-10,1.091386973430689e-10,1.0914451464980611e-10,1.091503304749269e-10,1.0915614481938076e-10,1.0916195768276307e-10,1.0916776906632614e-10,1.0917357897116213e-10,1.0917938739859066e-10,1.0918519434968256e-10,1.0919099982316606e-10,1.0919680382179288e-10,1.0920260634474624e-10,1.0920840739288898e-10,1.0921420696730833e-10,1.0922000506940035e-10,1.092258016983831e-10,1.0923159685585061e-10,1.0923739054222349e-10,1.0924318275928523e-10,1.0924897350580563e-10,1.0925476277500727e-10,1.0926055058511288e-10,1.0926633692716427e-10,1.0927212180244002e-10,1.0927790521061683e-10,1.0928368715383499e-10,1.0928946763255104e-10,1.0929524664800967e-10,1.0930102420313199e-10,1.0930680027565231e-10,1.0931257490398935e-10,1.0931834807008646e-10,1.0932411977477974e-10,1.0932989002643504e-10,1.0933565881337792e-10,1.0934142614904228e-10,1.0934719201992081e-10,1.093529564332517e-10,1.0935871938787821e-10,1.0936448088486868e-10,1.0937024093828767e-10,1.0937599952677756e-10,1.093817566647028e-10,1.093875123506942e-10,1.0939326658400407e-10,1.0939901936493516e-10,1.0940477069404334e-10,1.0941052057435901e-10,1.0941626900605989e-10,1.0942201598230079e-10,1.0942776150941217e-10,1.094335055961358e-10,1.0943924823536194e-10,1.0944498941852321e-10,1.0945072916702729e-10,1.0945646746996565e-10,1.094622043288943e-10,1.0946793974437189e-10,1.0947367371640185e-10,1.094794062474126e-10,1.094851373366309e-10,1.0949086698492857e-10,1.0949659519344809e-10,1.0950232196261544e-10,1.0950804729409582e-10,1.095137711802859e-10,1.0951949363777653e-10,1.0952521465633235e-10,1.0953093423893371e-10,1.0953665238584801e-10,1.095423690985382e-10,1.0954808437824873e-10,1.0955379822098557e-10,1.0955951063617075e-10,1.0956522161808002e-10,1.0957093116790063e-10,1.0957663928702215e-10,1.095823459768296e-10,1.0958805123676425e-10,1.0959375506774627e-10,1.0959945747085774e-10,1.096051584470645e-10,1.0961085799624742e-10,1.0961655611998272e-10,1.0962225281851659e-10,1.0962794809243456e-10,1.0963364194243972e-10,1.0963933437564833e-10,1.096450253798435e-10,1.0965071496128899e-10,1.0965640312452537e-10,1.0966208986427501e-10,1.096677751848725e-10,1.0967345908168186e-10,1.0967914156394989e-10,1.0968482263111825e-10,1.0969050227274478e-10,1.096961805002207e-10,1.0970185731513913e-10,1.0970753271393016e-10,1.0971320669080792e-10,1.0971887926198723e-10,1.0972455041871412e-10,1.0973022015571503e-10,1.0973588849117113e-10,1.097415554129281e-10,1.097472209240431e-10,1.0975288502139682e-10,1.097585477132562e-10,1.0976420899867447e-10,1.0976986887535488e-10,1.0977552734537725e-10,1.0978118440615052e-10,1.0978684006130062e-10,1.0979249431056412e-10,1.0979814716346592e-10,1.0980379859902482e-10,1.0980944863516047e-10,1.0981509726851036e-10,1.0982074449027966e-10,1.0982639032058042e-10,1.0983203475738688e-10,1.0983767777808217e-10,1.0984331940756606e-10,1.0984895962586976e-10,1.0985459846073663e-10,1.0986023588990332e-10,1.0986587192791967e-10,1.0987150656950241e-10,1.0987713980581524e-10,1.0988277165686576e-10,1.0988840210476129e-10,1.0989403116170876e-10,1.0989965883344507e-10,1.0990528510056124e-10,1.0991090998576619e-10,1.0991653347535932e-10,1.0992215557906302e-10,1.0992777629250216e-10,1.0993339561056174e-10,1.0993901354552779e-10,1.0994463009319728e-10,1.0995024524989425e-10,1.0995585902608237e-10,1.0996147140223483e-10,1.0996708240683256e-10,1.0997269201763897e-10,1.0997830025189996e-10,1.0998390710254102e-10,1.0998951256646891e-10,1.0999511665144568e-10,1.100007193513976e-10,1.100063206686869e-10,1.1001192060218909e-10,1.1001751916199028e-10,1.1002311633757722e-10,1.1002871213747298e-10,1.1003430656161515e-10,1.1003989961263686e-10,1.100454912833332e-10,1.1005108157385583e-10,1.1005667049708722e-10,1.1006225804427968e-10,1.1006784422613449e-10,1.1007342902299098e-10,1.100790124510965e-10,1.100845945094139e-10,1.1009017519472726e-10,1.1009575450520924e-10,1.1010133244127615e-10,1.1010690901223497e-10,1.1011248421529495e-10,1.1011805804923552e-10,1.1012363051842246e-10,1.1012920161482342e-10,1.1013477135066675e-10,1.1014033971307079e-10,1.1014590671806915e-10,1.1015147235844914e-10,1.101570366355655e-10,1.1016259953888376e-10,1.101681610895731e-10,1.1017372126990825e-10,1.1017928009726797e-10,1.1018483755510882e-10,1.1019039365895693e-10,1.1019594840593169e-10,1.1020150179308231e-10,1.10207053820393e-10,1.1021260449487268e-10,1.1021815380632373e-10,1.1022370176513452e-10,1.1022924837080935e-10,1.1023479361896938e-10,1.1024033751175763e-10,1.1024588005019596e-10,1.1025142123866302e-10,1.1025696107410114e-10,1.1026249955737506e-10,1.1026803668671557e-10,1.1027357245725597e-10,1.1027910688872469e-10,1.1028463996953178e-10,1.1029017170172911e-10,1.1029570208131119e-10,1.1030123112195844e-10,1.103067588082369e-10,1.1031228514116447e-10,1.1031781014854031e-10,1.1032333379751134e-10,1.1032885610186601e-10,1.1033437706161943e-10,1.1033989667075346e-10,1.1034541494421086e-10,1.1035093187578781e-10,1.1035644746391348e-10,1.1036196171306198e-10,1.1036747462107434e-10,1.1037298618966656e-10,1.1037849641901503e-10,1.1038400531001454e-10,1.1038951286241606e-10,1.1039501907522047e-10,1.1040052394153356e-10,1.1040602748509474e-10,1.1041152968852418e-10,1.1041703055983395e-10,1.1042253009228809e-10,1.104280282957182e-10,1.1043352516593962e-10,1.1043902070447205e-10,1.1044451490598646e-10,1.1045000778731673e-10,1.104554993308798e-10,1.104609895435992e-10,1.1046647842796702e-10,1.1047196597742681e-10,1.1047745220735508e-10,1.104829371060282e-10,1.1048842067790606e-10,1.1049390292364987e-10,1.1049938384549656e-10,1.1050486343963523e-10,1.105103417098766e-10,1.1051581865515787e-10,1.1052129427721253e-10,1.1052676857577122e-10,1.1053224154873867e-10,1.1053771320347239e-10,1.1054318353161127e-10,1.1054865254487104e-10,1.105541202380014e-10,1.1055958661215576e-10,1.1056505166133938e-10,1.1057051540172192e-10,1.1057597781752477e-10,1.1058143892137115e-10,1.1058689870816503e-10,1.1059235717432577e-10,1.1059781432594455e-10,1.106032701659271e-10,1.1060872468872621e-10,1.1061417790171965e-10,1.1061962980183549e-10,1.10625080389688e-10,1.1063052966840511e-10,1.1063597763285368e-10,1.1064142429129088e-10,1.1064686963583202e-10,1.1065231367140536e-10,1.1065775639424451e-10,1.1066319781651038e-10,1.1066863792635528e-10,1.1067407673088405e-10,1.1067951422972721e-10,1.1068495042214144e-10,1.1069038531172461e-10,1.1069581889329289e-10,1.1070125117488058e-10,1.1070668214967844e-10,1.107121118219425e-10,1.1071754019193304e-10,1.1072296726001994e-10,1.1072839302695168e-10,1.1073381749735345e-10,1.1073924066697069e-10,1.1074466253371645e-10,1.1075008310250024e-10,1.1075550237332679e-10,1.1076092034889285e-10,1.1076633701907703e-10,1.1077175240046901e-10,1.1077716648360628e-10,1.1078257927215537e-10,1.1078799076548102e-10,1.1079340096496341e-10,1.1079880987128477e-10,1.1080421748433866e-10,1.1080962380519783e-10,1.1081502883432254e-10,1.1082043257181994e-10,1.1082583501269002e-10,1.1083123616948054e-10,1.108366360363526e-10,1.1084203461492554e-10,1.1084743190003671e-10,1.1085282789889165e-10,1.1085822261787358e-10,1.1086361604359726e-10,1.1086900818667624e-10,1.1087439904699121e-10,1.1087978862301962e-10,1.1088517691094946e-10,1.1089056391227231e-10,1.1089594963048516e-10,1.1090133407013628e-10,1.1090671722329814e-10,1.1091209909566483e-10,1.1091747969293977e-10,1.1092285900858516e-10,1.1092823704383934e-10,1.1093361379859908e-10,1.1093898927415181e-10,1.109443634722709e-10,1.1094973639646519e-10,1.1095510803639165e-10,1.1096047840432941e-10,1.1096584749954733e-10,1.109712153159966e-10,1.1097658185790931e-10,1.1098194712314718e-10,1.1098731111741069e-10,1.1099267383434721e-10,1.109980352860413e-10,1.1100339546318788e-10,1.110087543712089e-10,1.1101411200645452e-10,1.1101946837381478e-10,1.1102482346914944e-10,1.1103017729905341e-10,1.1103552986044979e-10,1.1104088115288084e-10,1.1104623117997987e-10,1.1105157994035498e-10,1.1105692742577118e-10,1.1106227365037386e-10,1.1106761861313029e-10,1.1107296230803338e-10,1.1107830473855463e-10,1.1108364590588697e-10,1.1108898581330822e-10,1.1109432445594868e-10,1.1109966183457245e-10,1.111049979543665e-10,1.111103328112089e-10,1.1111566640977888e-10,1.1112099874946486e-10,1.1112632983426668e-10,1.1113165965610551e-10,1.1113698822353058e-10,1.1114231553503879e-10,1.1114764158554408e-10,1.1115296638039292e-10,1.1115828992325161e-10,1.1116361221128416e-10,1.1116893324077226e-10,1.1117425302031563e-10,1.1117957154251093e-10,1.1118488881141556e-10,1.1119020482824987e-10,1.1119551959367295e-10,1.1120083310761559e-10,1.1120614537094054e-10,1.1121145638672757e-10,1.1121676614843163e-10,1.1122207466346209e-10,1.1122738193350917e-10,1.1123268795193225e-10,1.1123799272538905e-10,1.1124329625369667e-10,1.112485985275276e-10,1.1125389955722531e-10,1.112591993445857e-10,1.1126449788709526e-10,1.1126979518598779e-10,1.1127509125035377e-10,1.1128038606694019e-10,1.1128567963705022e-10,1.1129097196116677e-10,1.112962630474311e-10,1.1130155289391577e-10,1.1130684149948671e-10,1.1131212886556212e-10,1.1131741499660394e-10,1.1132269988471264e-10,1.113279835333917e-10,1.1133326594640043e-10,1.1133854712119162e-10,1.1134382705916204e-10,1.1134910576242412e-10,1.1135438323088398e-10,1.1135965947192879e-10,1.1136493447487088e-10,1.1137020823173028e-10,1.1137548076213708e-10,1.1138075206131024e-10,1.1138602212889801e-10,1.113912909649089e-10,1.1139655856943424e-10,1.1140182494405225e-10,1.1140709008417866e-10,1.1141235399948448e-10,1.1141761668613652e-10,1.1142287814409925e-10,1.1142813837597333e-10,1.1143339737858477e-10,1.1143865515426207e-10,1.1144391170548458e-10,1.1144916703003118e-10,1.114544211287836e-10,1.1145967400081772e-10,1.1146492565160697e-10,1.1147017607913606e-10,1.1147542528271048e-10,1.1148067326445623e-10,1.1148592002154456e-10,1.1149116555987469e-10,1.1149640987736768e-10,1.1150165297398993e-10,1.1150689485151028e-10,1.115121355093688e-10,1.1151737495247583e-10,1.1152261317378731e-10,1.1152785018417206e-10,1.115330859712101e-10,1.1153832054087397e-10,1.1154355389452098e-10,1.1154878603235176e-10,1.1155401695511791e-10,1.115592466636395e-10,1.1156447515823325e-10,1.1156970243906636e-10,1.1157492850631301e-10,1.1158015336041155e-10,1.1158537700400049e-10,1.1159059943628697e-10,1.1159582065714101e-10,1.1160104066896513e-10,1.1160625947045974e-10,1.1161147706487781e-10,1.1161669344654254e-10,1.1162190862044762e-10,1.1162712258746191e-10,1.1163233534790337e-10,1.1163754690198185e-10,1.1164275724794272e-10,1.1164796639040026e-10,1.1165317432780231e-10,1.1165838106069329e-10,1.1166358658960101e-10,1.1166879091339838e-10,1.1167399403575623e-10,1.1167919595569646e-10,1.1168439667365565e-10,1.1168959618980254e-10,1.1169479450512907e-10,1.1169999162197288e-10,1.11705187536294e-10,1.1171038225238191e-10,1.1171557576663313e-10,1.1172076809206831e-10,1.1172595921504187e-10,1.1173114913729869e-10,1.1173633786476007e-10,1.1174152539539992e-10,1.1174671173039409e-10,1.1175189687358114e-10,1.1175708082940485e-10,1.1176226358137966e-10,1.117674451390216e-10,1.1177262550313589e-10,1.1177780467478896e-10,1.117829826539769e-10,1.1178815943775963e-10,1.1179333503448664e-10,1.1179850943876836e-10,1.1180368265497357e-10,1.1180885468123927e-10,1.1181402551846898e-10,1.1181919516771387e-10,1.1182436362875408e-10,1.118295309025517e-10,1.1183469697794835e-10,1.1183986187683858e-10,1.1184502559058412e-10,1.118501881180851e-10,1.1185534946131193e-10,1.1186050961501123e-10,1.118656685903435e-10,1.1187082638102777e-10,1.1187598299285894e-10,1.1188113841824859e-10,1.1188629266398874e-10,1.1189144572672176e-10,1.1189659760876793e-10,1.1190174831117942e-10,1.1190689783323758e-10,1.1191204617685773e-10,1.1191719333916964e-10,1.1192233932409576e-10,1.1192748413123523e-10,1.1193262776505855e-10,1.1193777021803024e-10,1.1194291149349642e-10,1.1194805159430429e-10,1.1195319052002654e-10,1.1195832827512673e-10,1.1196346485588691e-10,1.1196860025913963e-10,1.1197373448940688e-10,1.119788675500642e-10,1.1198399943482142e-10,1.1198913013691693e-10,1.1199425967994004e-10,1.1199938805863992e-10,1.1200451526238096e-10,1.120096412922213e-10,1.120147661571145e-10,1.1201988984890325e-10,1.1202501236610678e-10,1.1203013372611723e-10,1.1203525390285082e-10,1.120403729244143e-10,1.1204549077958818e-10,1.1205060746792468e-10,1.120557229918584e-10,1.1206083734973581e-10,1.1206595054447618e-10,1.120710625770815e-10,1.1207617344557004e-10,1.1208128314981717e-10,1.1208639169204072e-10,1.1209149907661253e-10,1.1209660529514592e-10,1.1210171035333334e-10,1.1210681425086731e-10,1.1211191698323339e-10,1.1211701856148169e-10,1.1212211898080677e-10,1.1212721824180207e-10,1.1213231634469492e-10,1.1213741329010612e-10,1.121425090756103e-10,1.1214760370739134e-10,1.1215269718329623e-10,1.1215778950359184e-10,1.1216288066901719e-10,1.1216797067916677e-10,1.1217305953289754e-10,1.1217814723628731e-10,1.1218323378686161e-10,1.1218831918067298e-10,1.1219340342699784e-10,1.1219848651846845e-10,1.1220356846212505e-10,1.1220864925509053e-10,1.1221372889718294e-10,1.1221880739004564e-10,1.1222388474147503e-10,1.1222896093658716e-10,1.1223403598355132e-10,1.122391098841722e-10,1.1224418263747039e-10,1.1224925424417379e-10,1.1225432470231643e-10,1.1225939401681612e-10,1.1226446218394698e-10,1.1226952920844562e-10,1.1227459508685637e-10,1.1227965982145833e-10,1.122847234107065e-10,1.1228978585999646e-10,1.1229484716695159e-10,1.1229990733198191e-10,1.1230496635493742e-10,1.1231002424666797e-10,1.1231508098912154e-10,1.1232013659200162e-10,1.1232519105494542e-10,1.123302443804287e-10,1.1233529656553635e-10,1.1234034761301164e-10,1.12345397525425e-10,1.1235044629833736e-10,1.1235549393367341e-10,1.1236054043367524e-10,1.1236558580244749e-10,1.1237063003109142e-10,1.1237567312592731e-10,1.1238071508648954e-10,1.1238575591334228e-10,1.1239079560720275e-10,1.1239583417048625e-10,1.12400871599146e-10,1.1240590789603383e-10,1.1241094306149631e-10,1.1241597709588081e-10,1.1242100999213661e-10,1.1242604176562349e-10,1.124310724116523e-10,1.1243610192756421e-10,1.124411303142432e-10,1.1244615757175251e-10,1.1245118370366659e-10,1.1245620870770363e-10,1.1246123258520493e-10,1.1246625533687166e-10,1.1247127696334893e-10,1.1247629746374291e-10,1.1248131684035978e-10,1.1248633509262442e-10,1.1249135222118423e-10,1.1249636822649947e-10,1.1250138310834218e-10,1.125063968674561e-10,1.1251140950563144e-10,1.1251642102241294e-10,1.1252143141749175e-10,1.1252644069120132e-10,1.1253144884589616e-10,1.1253645588184339e-10,1.1254146179984851e-10,1.1254646659811715e-10,1.1255147027971832e-10,1.1255647284217223e-10,1.1256147428746234e-10,1.1256647461747903e-10,1.1257147382874304e-10,1.1257647192539794e-10,1.1258146890201141e-10,1.1258646476848531e-10,1.1259145951825948e-10,1.1259645315569345e-10,1.126014456804332e-10,1.1260643709222679e-10,1.1261142739265036e-10,1.1261641658101132e-10,1.1262140465632249e-10,1.1262639161648284e-10,1.1263137746998173e-10,1.1263636221307862e-10,1.1264134584639822e-10,1.1264632837056371e-10,1.1265130978589178e-10,1.1265629009283733e-10,1.1266126929116719e-10,1.1266624738280928e-10,1.126712243689351e-10,1.1267620024704244e-10,1.1268117501823524e-10,1.1268614868513827e-10,1.1269112124569289e-10,1.126960926952992e-10,1.1270106304677641e-10,1.1270603229539774e-10,1.1271100043879508e-10,1.127159674811807e-10,1.127209334211999e-10,1.1272589826042548e-10,1.1273086199740268e-10,1.1273582463371963e-10,1.1274078616494748e-10,1.1274574660010203e-10,1.127507059368357e-10,1.1275566417299413e-10,1.1276062130944131e-10,1.1276557734844946e-10,1.1277053228971643e-10,1.1277548613341598e-10,1.1278043887967473e-10,1.1278539053006843e-10,1.1279034108214325e-10,1.1279529054100826e-10,1.1280023890476786e-10,1.1280518617385979e-10,1.1281013235018578e-10,1.1281507743204324e-10,1.128200214198627e-10,1.12824964315996e-10,1.1282990611921683e-10,1.1283484682659143e-10,1.1283978644617811e-10,1.1284472497425169e-10,1.128496624118338e-10,1.1285459876076357e-10,1.1285953401854271e-10,1.1286446818692565e-10,1.1286940126800604e-10,1.1287433325955569e-10,1.1287926416445967e-10,1.128841939779151e-10,1.128891227070217e-10,1.1289405034756767e-10,1.1289897690681806e-10,1.1290390237742059e-10,1.1290882676228798e-10,1.1291375006369175e-10,1.1291867228034586e-10,1.1292359341544894e-10,1.1292851346524288e-10,1.1293343241546809e-10,1.1293835030167401e-10,1.1294326710176558e-10,1.1294818282114958e-10,1.1295309745992492e-10,1.129580110181222e-10,1.1296292349075662e-10,1.1296783488887764e-10,1.1297274520739304e-10,1.1297765444654586e-10,1.1298256260736807e-10,1.129874696891543e-10,1.1299237569478052e-10,1.1299728062462447e-10,1.1300218447525975e-10,1.1300708725199146e-10,1.1301198895050739e-10,1.1301688957435792e-10,1.1302178912425939e-10,1.1302668759893191e-10,1.1303158499951313e-10,1.1303648132644318e-10,1.1304137657983465e-10,1.1304627076148483e-10,1.1305116386995957e-10,1.1305605592124772e-10,1.1306094688647124e-10,1.1306583678065925e-10,1.1307072560519203e-10,1.1307561335841596e-10,1.1308050004228174e-10,1.1308538565689035e-10,1.1309027020218161e-10,1.1309515367680525e-10,1.1310003608569016e-10,1.1310491742753687e-10,1.1310979770231194e-10,1.1311467691047174e-10,1.131195550524021e-10,1.1312443212839714e-10,1.1312930813924651e-10,1.1313418308574173e-10,1.1313905696726013e-10,1.1314392978966394e-10,1.1314880154441523e-10,1.1315367223564673e-10,1.1315854187139245e-10,1.1316341043891575e-10,1.1316827794279273e-10,1.1317314437312961e-10,1.1317800975285816e-10,1.1318287407363947e-10,1.1318773733395439e-10,1.1319259953125295e-10,1.1319746066553982e-10,1.1320232075124604e-10,1.1320717978056808e-10,1.1321203774725139e-10,1.132168946552706e-10,1.132217505068819e-10,1.1322660530249097e-10,1.1323145904154043e-10,1.1323631172450852e-10,1.1324116335249013e-10,1.1324601392512907e-10,1.1325086344322243e-10,1.1325571190719779e-10,1.1326055931760452e-10,1.1326540567384187e-10,1.1327025097836946e-10,1.1327509523045233e-10,1.132799384305951e-10,1.1328478057928248e-10,1.1328962167859572e-10,1.1329446172558289e-10,1.1329930074094684e-10,1.1330413868766172e-10,1.1330897558500043e-10,1.133138114339267e-10,1.1331864623396408e-10,1.1332347998570161e-10,1.1332831268980829e-10,1.133331443426016e-10,1.1333797495346405e-10,1.1334280451692509e-10,1.1334763303517531e-10,1.1335246050714982e-10,1.1335728693064356e-10,1.1336211231296429e-10,1.1336693665099086e-10,1.1337175994515033e-10,1.1337658219585877e-10,1.1338140340354333e-10,1.1338622356856609e-10,1.133910426914639e-10,1.1339586076697064e-10,1.1340067780676966e-10,1.1340549380310463e-10,1.1341030876139871e-10,1.1341512267957464e-10,1.1341993555822606e-10,1.1342474739764401e-10,1.134295581982483e-10,1.1343436796033252e-10,1.13439176684559e-10,1.1344398436688686e-10,1.1344879101642137e-10,1.1345359662923659e-10,1.1345840120746329e-10,1.1346320474809327e-10,1.1346800725279869e-10,1.1347280872291671e-10,1.1347760915732554e-10,1.1348240855860087e-10,1.1348720692602774e-10,1.1349200425999646e-10,1.1349680056103421e-10,1.1350159583201738e-10,1.13506390073892e-10,1.1351118328157566e-10,1.1351597545885264e-10,1.1352076660140775e-10,1.1352555671686072e-10,1.1353034580171864e-10,1.1353513385326108e-10,1.1353992087642568e-10,1.1354470687086193e-10,1.135494918367658e-10,1.1355427577474102e-10,1.1355905867466904e-10,1.1356384056032422e-10,1.1356862141682089e-10,1.1357340124698572e-10,1.1357818005122712e-10,1.1358295782996027e-10,1.1358773458342882e-10,1.13592510312384e-10,1.1359728501681538e-10,1.1360205869754772e-10,1.136068313512166e-10,1.1361160298538858e-10,1.1361637359693367e-10,1.1362114318644356e-10,1.1362591175422142e-10,1.1363067929993804e-10,1.1363544582522614e-10,1.1364021133245567e-10,1.1364497580791488e-10,1.1364973927258058e-10,1.1365450171821872e-10,1.1365926314452694e-10,1.136640235524345e-10,1.1366878294200888e-10,1.1367354131422419e-10,1.1367829866850159e-10,1.13683055004998e-10,1.1368781032636075e-10,1.1369256463138712e-10,1.1369731792082543e-10,1.137020701944143e-10,1.137068214536367e-10,1.1371157169845091e-10,1.1371632092730587e-10,1.1372106914449899e-10,1.1372581634850344e-10,1.1373056254031036e-10,1.137353077192819e-10,1.1374005188574762e-10,1.1374479504074553e-10,1.1374953718432286e-10,1.1375427831856743e-10,1.1375901844059922e-10,1.1376375755287631e-10,1.1376849565655813e-10,1.1377323275180566e-10,1.1377796883661807e-10,1.1378270391278112e-10,1.1378743798095526e-10,1.1379217104161143e-10,1.1379690310815115e-10,1.1380163415490826e-10,1.1380636419658102e-10,1.1381109322899894e-10,1.1381582125806546e-10,1.1382054828261231e-10,1.1382527429195966e-10,1.1382999930460051e-10,1.1383472331486367e-10,1.1383944632123656e-10,1.138441683245674e-10,1.138488893327556e-10,1.1385360933372162e-10,1.1385832833074323e-10,1.1386304632538686e-10,1.1386776331858579e-10,1.1387247931090252e-10,1.1387719430300926e-10,1.1388190829685609e-10,1.138866212891353e-10,1.1389133328205275e-10,1.1389604427630697e-10,1.1390075427222764e-10,1.139054632697292e-10,1.1391017126965615e-10,1.1391487827244568e-10,1.1391958427844295e-10,1.1392428929044808e-10,1.1392899330393039e-10,1.139336963219794e-10,1.1393839834315366e-10,1.1394309937046302e-10,1.1394779940344143e-10,1.1395249844227823e-10,1.1395719648555861e-10,1.1396189353757205e-10,1.1396658959655213e-10,1.1397128466293546e-10,1.1397597874010095e-10,1.1398067182261558e-10,1.1398536391401022e-10,1.1399005501202961e-10,1.1399474512196123e-10,1.1399943424150699e-10,1.1400412237322567e-10,1.1400880951357698e-10,1.1401349566495781e-10,1.1401818081973866e-10,1.1402286499159048e-10,1.140275481782123e-10,1.1403223037754275e-10,1.1403691158858028e-10,1.1404159181272791e-10,1.1404627105199115e-10,1.1405094930533058e-10,1.140556265732034e-10,1.1406030285559866e-10,1.1406497815373947e-10,1.1406965245346689e-10,1.1407432578185644e-10,1.1407899812755196e-10,1.140836694938692e-10,1.1408833986800907e-10,1.1409300927038814e-10,1.140976776858712e-10,1.1410234511960599e-10,1.1410701157123341e-10,1.1411167704348229e-10,1.1411634153771645e-10,1.1412100506462696e-10,1.141256675955083e-10,1.1413032914823029e-10,1.1413498972203495e-10,1.1413964931729905e-10,1.1414430793610609e-10,1.1414896557540325e-10,1.1415362223732128e-10,1.1415827792215919e-10,1.1416293263046296e-10,1.141675863627599e-10,1.1417223912094699e-10,1.1417689089783465e-10,1.1418154170365345e-10,1.1418619153497283e-10,1.1419084039162011e-10,1.1419548827435567e-10,1.1420013518308629e-10,1.1420478112296636e-10,1.1420942608621887e-10,1.1421407007701496e-10,1.1421871309604838e-10,1.1422335514337157e-10,1.1422799621924928e-10,1.142326363239103e-10,1.1423727546008786e-10,1.1424191362447161e-10,1.1424655081917164e-10,1.1425118704825623e-10,1.1425582230602185e-10,1.1426045659319104e-10,1.142650899125935e-10,1.1426972226417462e-10,1.1427435364783419e-10,1.1427898405313019e-10,1.1428361350358567e-10,1.1428824199115197e-10,1.1429286950895749e-10,1.1429749606124202e-10,1.1430212164832659e-10,1.1430674627085252e-10,1.1431136992883661e-10,1.1431599262551777e-10,1.1432061435615947e-10,1.1432523512347616e-10,1.1432985492903366e-10,1.1433447376879319e-10,1.1433909164798717e-10,1.143437085614623e-10,1.1434832451909507e-10,1.1435293951383626e-10,1.1435755354980371e-10,1.1436216662314226e-10,1.1436677874150832e-10,1.143713898888867e-10,1.1437600008386901e-10,1.1438060932605254e-10,1.1438521760359105e-10,1.1438982492333167e-10,1.1439443127467284e-10,1.143990366793058e-10,1.144036411296572e-10,1.1440824462170012e-10,1.1441284715911815e-10,1.1441744873792497e-10,1.1442204936199346e-10,1.1442664903049163e-10,1.1443124774425939e-10,1.144358455036568e-10,1.1444044231413356e-10,1.1444503816591084e-10,1.144496330646083e-10,1.1445422701068337e-10,1.1445882000375236e-10,1.1446341204467428e-10,1.1446800313419369e-10,1.1447259327131678e-10,1.1447718245807876e-10,1.1448177069837661e-10,1.1448635798419133e-10,1.1449094431654448e-10,1.144955296920971e-10,1.1450011412920548e-10,1.145046976174575e-10,1.1450928015727578e-10,1.1451386174926437e-10,1.145184423936048e-10,1.1452302208352924e-10,1.145276008339693e-10,1.1453217863699496e-10,1.1453675549325391e-10,1.1454133140412807e-10,1.145459063694806e-10,1.1455048038961374e-10,1.1455505346500453e-10,1.1455962559596719e-10,1.145641967829978e-10,1.1456876702619491e-10,1.1457333632606038e-10,1.1457790468291072e-10,1.1458247209698863e-10,1.1458703856981213e-10,1.1459160409970925e-10,1.1459616868968653e-10,1.1460073233692242e-10,1.1460529504349812e-10,1.1460985680904738e-10,1.1461441763493158e-10,1.146189775221539e-10,1.1462353646007584e-10,1.1462809446820666e-10,1.1463265153822131e-10,1.1463720767050158e-10,1.146417628664733e-10,1.1464631712252918e-10,1.1465087044007669e-10,1.146554228218016e-10,1.1465997426795352e-10,1.1466452477628041e-10,1.1466907434992484e-10,1.1467362298851539e-10,1.1467817069177477e-10,1.1468271746043191e-10,1.1468726329481344e-10,1.146918081952729e-10,1.1469635216194757e-10,1.1470089519451864e-10,1.1470543730997329e-10,1.1470997847801088e-10,1.1471451871653125e-10,1.1471905802783768e-10,1.147235964014966e-10,1.1472813384341646e-10,1.1473267035452117e-10,1.1473720593556816e-10,1.1474174058631844e-10,1.1474627430732822e-10,1.1475080710201158e-10,1.1475533896521649e-10,1.147598698950029e-10,1.1476439990083482e-10,1.147689289790034e-10,1.1477345712975611e-10,1.1477798435357643e-10,1.1478251065045556e-10,1.1478703602089469e-10,1.147915604658433e-10,1.1479608398342412e-10,1.1480060657669913e-10,1.1480512824779315e-10,1.148096489916299e-10,1.148141688111658e-10,1.1481868770676997e-10,1.1482320568061775e-10,1.1482772272890805e-10,1.1483223885465032e-10,1.1483675405773616e-10,1.1484126834093448e-10,1.1484578169999924e-10,1.1485029413774889e-10,1.1485480565432569e-10,1.1485931625027523e-10,1.1486382592578626e-10,1.1486833468107977e-10,1.1487284251654234e-10,1.1487734943277745e-10,1.148818554432015e-10,1.1488636052598221e-10,1.1489086468599534e-10,1.1489536792840904e-10,1.1489987025603803e-10,1.1490437166280311e-10,1.1490887215365444e-10,1.1491337172464745e-10,1.1491787037972548e-10,1.1492236812202721e-10,1.1492686494824573e-10,1.1493136085934462e-10,1.149358558556644e-10,1.1494034993776272e-10,1.1494484310549416e-10,1.1494933535947186e-10,1.1495382670003618e-10,1.1495831712772732e-10,1.1496280664326111e-10,1.1496729524559547e-10,1.1497178293514177e-10,1.1497626970879413e-10,1.149807555758061e-10,1.1498524053216277e-10,1.1498972457710684e-10,1.1499420771098366e-10,1.1499868993493767e-10,1.1500317125051597e-10,1.1500765165731703e-10,1.1501213115415933e-10,1.1501660974248026e-10,1.1502108742270493e-10,1.1502556419538608e-10,1.1503004005567812e-10,1.1503451501335524e-10,1.1503898906449071e-10,1.1504346220909853e-10,1.1504793444682666e-10,1.1505240577953594e-10,1.1505687620188474e-10,1.150613457184822e-10,1.1506581433576388e-10,1.1507028204720963e-10,1.1507474885506566e-10,1.1507921475832181e-10,1.150836797589394e-10,1.1508814385679975e-10,1.1509260705176284e-10,1.1509706934445674e-10,1.1510153073602042e-10,1.1510599122580031e-10,1.1511045081376782e-10,1.1511490950108641e-10,1.1511936728877665e-10,1.151238241747963e-10,1.151282801609747e-10,1.1513273524827313e-10,1.1513718943544826e-10,1.1514164272445427e-10,1.1514609511366885e-10,1.1515054660324923e-10,1.1515499719620302e-10,1.1515944689206852e-10,1.151638956905637e-10,1.1516834359212369e-10,1.1517279059704614e-10,1.1517723670485526e-10,1.1518168191758099e-10,1.1518612623469105e-10,1.1519056965649714e-10,1.1519501218346065e-10,1.1519945381577237e-10,1.152038945538201e-10,1.1520833439797311e-10,1.1521277334850372e-10,1.1521721140588943e-10,1.1522164857028853e-10,1.1522608484210241e-10,1.1523052022177887e-10,1.1523495470947055e-10,1.1523938830559265e-10,1.1524382101058438e-10,1.1524825282468453e-10,1.1525268374823172e-10,1.1525711378146227e-10,1.1526154292490384e-10,1.1526597117879293e-10,1.1527039854346658e-10,1.1527482501925662e-10,1.1527925060649773e-10,1.1528367530552602e-10,1.1528809911667316e-10,1.1529252204027322e-10,1.1529694407665824e-10,1.1530136522616378e-10,1.153057854891202e-10,1.1531020486586165e-10,1.1531462335702863e-10,1.1531904096233899e-10,1.1532345768243071e-10,1.1532787351763766e-10,1.1533228846828976e-10,1.1533670253529012e-10,1.153411157178289e-10,1.153455280168085e-10,1.1534993943256061e-10,1.1535434996541529e-10,1.1535875961570383e-10,1.1536316837808237e-10,1.1536757625854573e-10,1.1537198326312087e-10,1.1537638937852353e-10,1.1538079461895537e-10,1.1538519898128878e-10,1.1538960245729397e-10,1.1539400505312175e-10,1.1539840676825011e-10,1.1540280761160774e-10,1.1540720757594094e-10,1.1541160666172088e-10,1.1541600486916625e-10,1.1542040219858314e-10,1.154247986479687e-10,1.1542919422250421e-10,1.1543358892007849e-10,1.154379827408745e-10,1.1544237568542627e-10,1.1544676775398711e-10,1.1545115894687136e-10,1.1545554926441618e-10,1.1545993870695063e-10,1.1546432727478232e-10,1.154687149682483e-10,1.1547310178770474e-10,1.154774877303192e-10,1.1548187279722416e-10,1.1548625699393052e-10,1.1549064032055738e-10,1.1549502277472971e-10,1.1549940435406011e-10,1.1550378505907159e-10,1.1550816489197155e-10,1.1551254385980265e-10,1.155169219512642e-10,1.1552129917249728e-10,1.1552567552595769e-10,1.1553005100704511e-10,1.155344256245647e-10,1.1553879937243637e-10,1.1554317225149215e-10,1.1554754426202231e-10,1.1555191540442254e-10,1.1555628567675856e-10,1.1556065508390169e-10,1.155650236239124e-10,1.1556939129669202e-10,1.1557375810274071e-10,1.1557812404434892e-10,1.1558248912050105e-10,1.1558685332843304e-10,1.1559121667329177e-10,1.155955791517039e-10,1.1559994076511064e-10,1.1560430151124012e-10,1.1560866139469055e-10,1.1561302041556011e-10,1.1561737857364403e-10,1.1562173586758161e-10,1.1562609229699682e-10,1.156304478640503e-10,1.1563480257293362e-10,1.1563915641869493e-10,1.1564350940219029e-10,1.1564786152547413e-10,1.1565221279221986e-10,1.156565631901019e-10,1.1566091273093348e-10,1.156652614088193e-10,1.1566960922333106e-10,1.1567395618248474e-10,1.1567830229086439e-10,1.1568264753086767e-10,1.1568699191807646e-10,1.1569133544612837e-10,1.156956781223112e-10,1.1570001993431502e-10,1.1570436089190572e-10,1.157087009933697e-10,1.1571304023685637e-10,1.1571737862180539e-10,1.1572171615407803e-10,1.1572605283037404e-10,1.1573038865517374e-10,1.157347236185543e-10,1.1573905773376385e-10,1.1574339098658498e-10,1.1574772339147028e-10,1.1575205493942257e-10,1.1575638563848315e-10,1.1576071548340413e-10,1.1576504447524452e-10,1.1576937261722757e-10,1.1577369990629159e-10,1.1577802634320407e-10,1.1578235192969638e-10,1.1578667666411873e-10,1.1579100054740535e-10,1.157953235795158e-10,1.157996457639679e-10,1.1580396709691071e-10,1.1580828757998124e-10,1.158126072137964e-10,1.1581692599930535e-10,1.1582124393663227e-10,1.1582556102983956e-10,1.1582987727686697e-10,1.1583419267054059e-10,1.1583850721959344e-10,1.1584282091561406e-10,1.1584713377268964e-10,1.1585144577790274e-10,1.1585575694034549e-10,1.1586006725697527e-10,1.1586437672709391e-10,1.1586868535323191e-10,1.1587299313450578e-10,1.1587730007147141e-10,1.1588160616290876e-10,1.1588591141053544e-10,1.1589021581445494e-10,1.158945193751569e-10,1.1589882209413167e-10,1.1590312396944536e-10,1.1590742500247528e-10,1.1591172519326995e-10,1.1591602454246643e-10,1.1592032305027525e-10,1.1592462071707398e-10,1.1592891754424977e-10,1.1593321352938214e-10,1.1593750867485257e-10,1.1594180298042448e-10,1.159460964464336e-10,1.1595038907320487e-10,1.1595468086115793e-10,1.1595897180807322e-10,1.1596326191463467e-10,1.1596755118780009e-10,1.1597183962234987e-10,1.1597612722036645e-10,1.1598041398130343e-10,1.1598469990535246e-10,1.1598898499306631e-10,1.1599326924726215e-10,1.1599755266294852e-10,1.1600183524551164e-10,1.1600611699267427e-10,1.1601039790267439e-10,1.1601467797814356e-10,1.1601895721883836e-10,1.160232356260937e-10,1.1602751319940867e-10,1.1603178993931684e-10,1.1603606584613665e-10,1.1604034092013703e-10,1.1604461516100315e-10,1.1604888856082085e-10,1.1605316113825058e-10,1.1605743287627214e-10,1.1606170379081787e-10,1.16065973875003e-10,1.1607024313054259e-10,1.1607451155020826e-10,1.160787791432745e-10,1.1608304590667732e-10,1.1608731183569278e-10,1.1609157694041653e-10,1.1609584121548926e-10,1.1610010466273279e-10,1.1610436728176753e-10,1.1610862907214883e-10,1.161128900350635e-10,1.1611715017024989e-10,1.1612140947919305e-10,1.1612566796357563e-10,1.1612992561831252e-10,1.1613418244979094e-10,1.1613843845559618e-10,1.1614269363672636e-10,1.1614694798914653e-10,1.161512015190953e-10,1.1615545422205403e-10,1.1615970610029097e-10,1.1616395716451612e-10,1.1616820739533386e-10,1.1617245679585793e-10,1.1617670538238972e-10,1.1618095314585422e-10,1.1618520008452593e-10,1.1618944620190383e-10,1.161936914966765e-10,1.161979359695289e-10,1.1620217962148019e-10,1.162064224519654e-10,1.1621066446118181e-10,1.1621490565014952e-10,1.1621914601869698e-10,1.1622338556716627e-10,1.1622762429629018e-10,1.1623186220623834e-10,1.1623609929719737e-10,1.1624033556904513e-10,1.1624457102270767e-10,1.162488056582597e-10,1.1625303947599709e-10,1.1625727247631541e-10,1.1626150465931051e-10,1.1626573602537758e-10,1.1626996657481189e-10,1.1627419630790857e-10,1.1627842522496251e-10,1.1628265332626845e-10,1.16286880611548e-10,1.1629110708224174e-10,1.1629533273961876e-10,1.1629955758000943e-10,1.1630378160667506e-10,1.1630800481967459e-10,1.1631222722047933e-10,1.1631644880609005e-10,1.1632066957730214e-10,1.1632488954248226e-10,1.1632910868843296e-10,1.1633332702052499e-10,1.1633754454195239e-10,1.1634176125364848e-10,1.1634597715388964e-10,1.1635019224319017e-10,1.1635440652136093e-10,1.1635861998947745e-10,1.1636283264737001e-10,1.1636704449537914e-10,1.1637125553405824e-10,1.1637546576624402e-10,1.1637967518579241e-10,1.16383883797334e-10,1.1638809160060622e-10,1.1639229859542002e-10,1.16396504782478e-10,1.1640071016149305e-10,1.1640491473363487e-10,1.164091185005025e-10,1.164133214589724e-10,1.1641752361105088e-10,1.1642172495702505e-10,1.164259254971803e-10,1.1643012523180707e-10,1.1643432415996848e-10,1.164385222844233e-10,1.1644271960435743e-10,1.1644691611812214e-10,1.1645111182885958e-10,1.16455306735351e-10,1.1645950083962554e-10,1.1646369413761967e-10,1.164678866349437e-10,1.1647207833016848e-10,1.1647626922303894e-10,1.1648045931328652e-10,1.1648464860120753e-10,1.164888370887377e-10,1.1649302477506075e-10,1.1649721166046467e-10,1.1650139774451348e-10,1.165055830290793e-10,1.1650976751295548e-10,1.1651395119506284e-10,1.1651813407917431e-10,1.1652231616699166e-10,1.1652649745233198e-10,1.165306779447501e-10,1.1653485762789648e-10,1.1653903651932043e-10,1.165432146243315e-10,1.1654739191994633e-10,1.1655156841940472e-10,1.1655574411679452e-10,1.1655991901524457e-10,1.1656409312899963e-10,1.165682664448394e-10,1.1657243896612412e-10,1.1657661068843225e-10,1.165807816161159e-10,1.165849517482853e-10,1.1658912108457385e-10,1.1659328962882695e-10,1.1659745737805599e-10,1.1660162433419012e-10,1.1660579049604632e-10,1.1660995586530152e-10,1.1661412044090986e-10,1.166182842232491e-10,1.1662244721318368e-10,1.1662660941303185e-10,1.1663077081955975e-10,1.1663493143574502e-10,1.166390912570977e-10,1.1664325029056446e-10,1.1664740853195474e-10,1.1665156598305486e-10,1.1665572264397382e-10,1.16659878512951e-10,1.1666403359566631e-10,1.1666818788546323e-10,1.1667234138873652e-10,1.166764941036107e-10,1.166806460299255e-10,1.1668479716833343e-10,1.1668894751860678e-10,1.1669309708145985e-10,1.1669724585708735e-10,1.16701393845433e-10,1.1670554104724184e-10,1.1670968746263233e-10,1.1671383309160975e-10,1.1671797793468633e-10,1.1672212199228004e-10,1.1672626526269245e-10,1.167304077498192e-10,1.1673454945212292e-10,1.1673869036994217e-10,1.167428305041045e-10,1.1674696985372278e-10,1.1675110841994182e-10,1.1675524620241123e-10,1.1675938321284725e-10,1.1676351942949212e-10,1.16767654861578e-10,1.1677178951376658e-10,1.167759233833756e-10,1.167800564697117e-10,1.1678418877640263e-10,1.167883203017206e-10,1.167924510460869e-10
11,1.4421038098805611e-24,1.9809282780313863e-24,2.4389419594162144e-24,2.8662897436899412e-24,3.2741712925188165e-24,3.669079370291848e-24,4.0553121152237164e-24,4.435742381457649e-24,4.8122916134500974e-24,5.186244982078841e-24,5.5584620848997145e-24,5.9295178712152525e-24,6.299796900873442e-24,6.669556390076584e-24,7.038968380122447e-24,7.40814794233081e-24,7.777172043155964e-24,8.146092162281005e-24,8.514942732340609e-24,8.88374678390217e-24,9.252519721161399e-24,9.621271847347618e-24,9.990010053867589e-24,1.0358738950096714e-23,1.072746161905756e-23,1.1096180122855201e-23,1.1464895840747187e-23,1.1833609695262371e-23,1.2202322303440645e-23,1.257103407799711e-23,1.2939745294977586e-23,1.330845613901875e-23,1.3677166733615447e-23,1.404587716136971e-23,1.4414587477529832e-23,1.4783297719049748e-23,1.5152007910645132e-23,1.5520718068848163e-23,1.5889428204716736e-23,1.6258138325646975e-23,1.662684843658468e-23,1.6995558540839537e-23,1.7364268640624222e-23,1.7732978737419325e-23,1.8101688832213784e-23,1.847039892567225e-23,1.8839109018234818e-23,1.920781911019861e-23,1.957652920176307e-23,1.9945239293059735e-23,2.0313949384177115e-23,2.0682659475174842e-23,2.1051369566092555e-23,2.1420079656956522e-23,2.1788789747785057e-23,2.2157499838588886e-23,2.2526209929376813e-23,2.2894920020154337e-23,2.3263630110924397e-23,2.363234020169024e-23,2.4001050292452212e-23,2.4369760383212636e-23,2.4738470473971305e-23,2.5107180564729486e-23,2.5475890655486045e-23,2.5844600746242663e-23,2.6213310836998905e-23,2.658202092775503e-23,2.6950731018511354e-23,2.731944110926749e-23,2.7688151200023e-23,2.805686129077856e-23,2.842557138153482e-23,2.87942814722909e-23,2.916299156304658e-23,2.953170165380204e-23,2.990041174455787e-23,3.0269121835313904e-23,3.0637831926069364e-23,3.1006542016825265e-23,3.1375252107581207e-23,3.174396219833658e-23,3.211267228909268e-23,3.248138237984863e-23,3.2850092470604575e-23,3.3218802561359953e-23,3.3587512652115836e-23,3.3956222742871767e-23,3.4324932833627574e-23,3.4693642924382834e-23,3.506235301513933e-23,3.543106310589339e-23,3.579977319665062e-23,3.6168483287406567e-23,3.653719337816206e-23,3.690590346891765e-23,3.727461355967382e-23,3.7643323650429624e-23,3.801203374118496e-23,3.838074383194147e-23,3.8749453922697386e-23,3.9118164013452887e-23,3.948687410420846e-23,3.9855584194964906e-23,4.0224294285720213e-23,4.059300437647611e-23,4.09617144672313e-23,4.1330424557987987e-23,4.1699134648743846e-23,4.206784473949929e-23,4.243655483025457e-23,4.2805264921010615e-23,4.3173975011766786e-23,4.354268510252173e-23,4.3911395193278235e-23,4.428010528403407e-23,4.464881537478961e-23,4.5017525465545403e-23,4.538623555630119e-23,4.575494564705712e-23,4.612365573781279e-23,4.649236582856828e-23,4.68610759193244e-23,4.722978601007985e-23,4.7598496100835834e-23,4.796720619159113e-23,4.83359162823471e-23,4.870462637310288e-23,4.907333646385891e-23,4.944204655461494e-23,4.9810756645371004e-23,5.017946673612631e-23,5.0548176826882495e-23,5.091688691763747e-23,5.128559700839321e-23,5.165430709915007e-23,5.2023017189905975e-23,5.23917272806618e-23,5.276043737141643e-23,5.312914746217248e-23,5.349785755292843e-23,5.386656764368436e-23,5.423527773443974e-23,5.460398782519637e-23,5.497269791595087e-23,5.534140800670714e-23,5.571011809746273e-23,5.607882818821895e-23,5.644753827897462e-23,5.681624836972998e-23,5.718495846048583e-23,5.755366855124208e-23,5.79223786419977e-23,5.829108873275378e-23,5.865979882350948e-23,5.902850891426696e-23,5.939721900502148e-23,5.976592909577746e-23,6.0134639186533e-23,6.050334927728929e-23,6.087205936804528e-23,6.124076945880166e-23,6.160947954955625e-23,6.197818964031352e-23,6.234689973106828e-23,6.27156098218241e-23,6.308431991257902e-23,6.345303000333561e-23,6.382174009409036e-23,6.419045018484639e-23,6.455916027560183e-23,6.492787036635825e-23,6.52965804571138e-23,6.566529054786954e-23,6.603400063862554e-23,6.640271072938149e-23,6.677142082013715e-23,6.714013091089236e-23,6.750884100164962e-23,6.787755109240366e-23,6.824626118315909e-23,6.86149712739159e-23,6.898368136467089e-23,6.935239145542843e-23,6.972110154618288e-23,7.008981163693972e-23,7.045852172769469e-23,7.082723181844985e-23,7.119594190920598e-23,7.156465199996209e-23,7.193336209071826e-23,7.230207218147315e-23,7.267078227222976e-23,7.303949236298575e-23,7.340820245374097e-23,7.377691254449597e-23,7.414562263525249e-23,7.451433272600814e-23,7.48830428167649e-23,7.525175290752009e-23,7.562046299827538e-23,7.598917308903085e-23,7.635788317978733e-23,7.672659327054255e-23,7.709530336129882e-23,7.746401345205407e-23,7.783272354281052e-23,7.820143363356661e-23,7.857014372432202e-23,7.893885381507771e-23,7.930756390583419e-23,7.96762739965898e-23,8.004498408734545e-23,8.041369417810054e-23,8.07824042688568e-23,8.115111435961394e-23,8.151982445037004e-23,8.188853454112493e-23,8.225724463187948e-23,8.262595472263615e-23,8.299466481339137e-23,8.336337490414671e-23,8.373208499490293e-23,8.410079508565938e-23,8.446950517641464e-23,8.483821526717063e-23,8.520692535792518e-23,8.557563544868214e-23,8.59443455394378e-23,8.631305563019355e-23,8.668176572094927e-23,8.705047581170581e-23,8.741918590246057e-23,8.778789599321629e-23,8.815660608397252e-23,8.852531617472843e-23,8.889402626548365e-23,8.926273635623994e-23,8.963144644699579e-23,9.000015653775119e-23,9.036886662850645e-23,9.07375767192626e-23,9.110628681001755e-23,9.14749969007739e-23,9.184370699152972e-23,9.221241708228584e-23,9.258112717304101e-23,9.294983726379811e-23,9.331854735455406e-23,9.368725744530904e-23,9.405596753606437e-23,9.442467762682069e-23,9.479338771757625e-23,9.516209780833132e-23,9.553080789908764e-23,9.589951798984439e-23,9.626822808059876e-23,9.663693817135586e-23,9.700564826211114e-23,9.737435835286783e-23,9.774306844362311e-23,9.81117785343782e-23,9.84804886251344e-23,9.884919871588914e-23,9.921790880664503e-23,9.958661889740148e-23,9.995532898815824e-23,1.0032403907891424e-22,1.0069274916966961e-22,1.0106145926042488e-22,1.0143016935117979e-22,1.0179887944193566e-22,1.0216758953269224e-22,1.0253629962344826e-22,1.0290500971420373e-22,1.0327371980495988e-22,1.0364242989571535e-22,1.0401113998647185e-22,1.043798500772283e-22,1.047485601679843e-22,1.0511727025873995e-22,1.0548598034949482e-22,1.0585469044025065e-22,1.0622340053100665e-22,1.0659211062176283e-22,1.0696082071251808e-22,1.073295308032751e-22,1.0769824089402972e-22,1.0806695098478643e-22,1.0843566107554182e-22,1.088043711662982e-22,1.0917308125705426e-22,1.0954179134781048e-22,1.0991050143856524e-22,1.1027921152932066e-22,1.106479216200748e-22,1.1101663171083016e-22,1.1138534180158708e-22,1.1175405189234316e-22,1.1212276198309928e-22,1.1249147207385472e-22,1.128601821646099e-22,1.1322889225536448e-22,1.135976023461222e-22,1.1396631243687899e-22,1.1433502252763462e-22,1.1470373261838888e-22,1.1507244270914506e-22,1.15441152799903e-22,1.158098628906584e-22,1.161785729814133e-22,1.1654728307216904e-22,1.1691599316292478e-22,1.1728470325368222e-22,1.1765341334443753e-22,1.1802212343519309e-22,1.18390833525951e-22,1.1875954361670482e-22,1.1912825370745998e-22,1.1949696379821676e-22,1.1986567388897187e-22,1.2023438397972633e-22,1.2060309407048323e-22,1.2097180416123926e-22,1.2134051425199268e-22,1.2170922434274944e-22,1.2207793443350535e-22,1.2244664452426115e-22,1.2281535461501802e-22,1.2318406470577297e-22,1.2355277479652792e-22,1.2392148488728357e-22,1.2429019497804203e-22,1.2465890506879502e-22,1.2502761515955155e-22,1.2539632525030774e-22,1.2576503534106187e-22,1.2613374543182018e-22,1.265024555225739e-22,1.2687116561333043e-22,1.272398757040859e-22,1.2760858579484153e-22,1.2797729588559821e-22,1.2834600597635333e-22,1.2871471606710995e-22,1.290834261578656e-22,1.2945213624861996e-22,1.2982084633937674e-22,1.301895564301322e-22,1.305582665208895e-22,1.309269766116441e-22,1.3129568670240124e-22,1.3166439679315478e-22,1.320331068839109e-22,1.3240181697466698e-22,1.3277052706542318e-22,1.3313923715617775e-22,1.3350794724693406e-22,1.3387665733769073e-22,1.3424536742844652e-22,1.346140775192003e-22,1.3498278760995689e-22,1.3535149770071419e-22,1.3572020779146947e-22,1.3608891788222526e-22,1.3645762797298084e-22,1.3682633806373662e-22,1.3719504815449072e-22,1.3756375824524698e-22,1.379324683360026e-22,1.38301178426759e-22,1.3866988851751467e-22,1.3903859860826967e-22,1.3940730869902775e-22,1.397760187897831e-22,1.4014472888054e-22,1.405134389712958e-22,1.408821490620507e-22,1.4125085915280809e-22,1.4161956924356428e-22,1.419882793343174e-22,1.4235698942507441e-22,1.4272569951582915e-22,1.43094409606584e-22,1.4346311969734187e-22,1.438318297880966e-22,1.442005398788539e-22,1.4456924996960744e-22,1.449379600603656e-22,1.453066701511205e-22,1.4567538024187549e-22,1.4604409033263067e-22,1.4641280042338743e-22,1.467815105141425e-22,1.4715022060489919e-22,1.4751893069565369e-22,1.4788764078640979e-22,1.4825635087716584e-22,1.486250609679222e-22,1.489937710586779e-22,1.4936248114943443e-22,1.4973119124018987e-22,1.5009990133094432e-22,1.5046861142170144e-22,1.5083732151245718e-22,1.512060316032124e-22,1.5157474169396753e-22,1.519434517847244e-22,1.5231216187547848e-22,1.5268087196623468e-22,1.5304958205698981e-22,1.5341829214774488e-22,1.5378700223850444e-22,1.541557123292591e-22,1.5452442242001328e-22,1.548931325107724e-22,1.5526184260152703e-22,1.5563055269228181e-22,1.559992627830384e-22,1.5636797287379355e-22,1.5673668296454854e-22,1.5710539305530422e-22,1.5747410314606084e-22,1.5784281323681706e-22,1.5821152332757215e-22,1.5858023341832853e-22,1.589489435090838e-22,1.5931765359984002e-22,1.5968636369059443e-22,1.6005507378135129e-22,1.6042378387210814e-22,1.6079249396286191e-22,1.6116120405362032e-22,1.615299141443726e-22,1.618986242351306e-22,1.6226733432588568e-22,1.6263604441664058e-22,1.6300475450739753e-22,1.633734645981548e-22,1.6374217468890947e-22,1.6411088477966539e-22,1.6447959487042146e-22,1.648483049611764e-22,1.652170150519323e-22,1.6558572514268821e-22,1.6595443523344283e-22,1.6632314532419875e-22,1.6669185541495313e-22,1.6706056550570965e-22,1.6742927559646667e-22,1.6779798568722197e-22,1.6816669577797937e-22,1.685354058687331e-22,1.6890411595949035e-22,1.6927282605024616e-22,1.696415361410017e-22,1.7001024623175703e-22,1.7037895632251416e-22,1.707476664132697e-22,1.7111637650402596e-22,1.7148508659477971e-22,1.7185379668553476e-22,1.7222250677628992e-22,1.725912168670493e-22,1.7295992695780447e-22,1.7332863704855845e-22,1.736973471393162e-22,1.7406605723007007e-22,1.744347673208274e-22,1.7480347741158213e-22,1.7517218750234194e-22,1.755408975930953e-22,1.7590960768385118e-22,1.762783177746063e-22,1.7664702786536454e-22,1.7701573795611718e-22,1.7738444804687196e-22,1.7775315813762837e-22,1.781218682283843e-22,1.7849057831914132e-22,1.7885928840989618e-22,1.792279985006517e-22,1.7959670859140909e-22,1.7996541868216396e-22,1.803341287729204e-22,1.8070283886367438e-22,1.8107154895443055e-22,1.8144025904518844e-22,1.8180896913594184e-22,1.8217767922669791e-22,1.8254638931745394e-22,1.829150994082082e-22,1.832838094989674e-22,1.836525195897229e-22,1.8402122968047684e-22,1.8438993977123346e-22,1.8475864986198831e-22,1.8512735995274486e-22,1.8549607004350183e-22,1.8586478013425615e-22,1.8623349022501173e-22,1.8660220031576802e-22,1.8697091040652341e-22,1.87339620497279e-22,1.8770833058803406e-22,1.8807704067879108e-22,1.884457507695471e-22,1.8881446086030168e-22,1.8918317095105912e-22,1.8955188104181414e-22,1.8992059113256883e-22,1.9028930122332604e-22,1.9065801131408176e-22,1.9102672140484137e-22,1.9139543149559303e-22,1.917641415863515e-22,1.921328516771052e-22,1.9250156176785907e-22,1.9287027185861602e-22,1.9323898194937113e-22,1.9360769204012726e-22,1.93976402130884e-22,1.943451122216385e-22,1.947138223123954e-22,1.9508253240315107e-22,1.9545124249390593e-22,1.95819952584661e-22,1.9618866267541707e-22,1.965573727661718e-22,1.9692608285692972e-22,1.9729479294768591e-22,1.9766350303844253e-22,1.980322131292007e-22,1.9840092321995572e-22,1.9876963331071111e-22,1.991383434014678e-22,1.99507053492223e-22,1.9987576358298123e-22,2.0024447367373347e-22,2.0061318376448828e-22,2.0098189385524542e-22,2.0135060394599808e-22,2.0171931403675557e-22,2.0208802412751205e-22,2.024567342182654e-22,2.028254443090223e-22,2.0319415439977885e-22,2.0356286449053347e-22,2.039315745812911e-22,2.0430028467204745e-22,2.0466899476280012e-22,2.0503770485355702e-22,2.0540641494431583e-22,2.057751250350676e-22,2.0614383512582528e-22,2.065125452165802e-22,2.0688125530733412e-22,2.0724996539809097e-22,2.076186754888491e-22,2.0798738557960475e-22,2.0835609567035892e-22,2.0872480576111523e-22,2.0909351585187176e-22,2.0946222594262772e-22,2.098309360333819e-22,2.101996461241396e-22,2.1056835621489317e-22,2.1093706630565224e-22,2.113057763964048e-22,2.1167448648716333e-22,2.120431965779196e-22,2.124119066686726e-22,2.1278061675943053e-22,2.131493268501862e-22,2.1351803694094203e-22,2.138867470316957e-22,2.142554571224497e-22,2.146241672132081e-22,2.149928773039644e-22,2.1536158739471846e-22,2.157302974854757e-22,2.1609900757622963e-22,2.164677176669846e-22,2.168364277577438e-22,2.1720513784849645e-22,2.175738479392537e-22,2.179425580300109e-22,2.183112681207649e-22,2.1867997821152175e-22,2.1904868830227533e-22,2.1941739839303254e-22,2.1978610848378895e-22,2.2015481857454225e-22,2.205235286653013e-22,2.2089223875605483e-22,2.212609488468141e-22,2.21629658937568e-22,2.219983690283237e-22,2.2236707911907956e-22,2.2273578920983437e-22,2.231044993005936e-22,2.234732093913471e-22,2.2384191948210123e-22,2.2421062957285557e-22,2.2457933966361264e-22,2.249480497543688e-22,2.2531675984512333e-22,2.2568546993588026e-22,2.2605418002663774e-22,2.2642289011739077e-22,2.267916002081471e-22,2.271603102989032e-22,2.275290203896581e-22,2.27897730480415e-22,2.2826644057117087e-22,2.286351506619265e-22,2.290038607526828e-22,2.2937257084344047e-22,2.297412809341951e-22,2.301099910249498e-22,2.3047870111570583e-22,2.308474112064613e-22,2.3121612129721812e-22,2.315848313879721e-22,2.3195354147873164e-22,2.3232225156948405e-22,2.3269096166024215e-22,2.3305967175099672e-22,2.3342838184175445e-22,2.337970919325081e-22,2.341658020232659e-22,2.3453451211402047e-22,2.3490322220477476e-22,2.3527193229553225e-22,2.3564064238628734e-22,2.3600935247704355e-22,2.363780625678009e-22,2.3674677265855416e-22,2.3711548274931484e-22,2.3748419284006706e-22,2.3785290293082154e-22,2.382216130215799e-22,2.3859032311233168e-22,2.3895903320308705e-22,2.393277432938438e-22,2.3969645338459963e-22,2.400651634753544e-22,2.4043387356611e-22,2.408025836568663e-22,2.411712937476227e-22,2.4154000383837884e-22,2.419087139291361e-22,2.4227742401989014e-22,2.4264613411064904e-22,2.4301484420140296e-22,2.4338355429215847e-22,2.4375226438291516e-22,2.4412097447367124e-22,2.444896845644255e-22,2.448583946551803e-22,2.4522710474593895e-22,2.455958148366948e-22,2.459645249274494e-22,2.4633323501820403e-22,2.467019451089619e-22,2.4707065519971854e-22,2.4743936529047137e-22,2.478080753812264e-22,2.481767854719852e-22,2.4854549556273923e-22,2.4891420565349385e-22,2.4928291574424894e-22,2.4965162583500633e-22,2.5002033592576335e-22,2.5038904601651844e-22,2.5075775610727343e-22,2.511264661980354e-22,2.5149517628878657e-22,2.5186388637954115e-22,2.5223259647029802e-22,2.526013065610568e-22,2.5297001665180877e-22,2.5333872674256325e-22,2.537074368333222e-22,2.5407614692407738e-22,2.544448570148316e-22,2.548135671055879e-22,2.551822771963447e-22,2.5555098728710056e-22,2.559196973778588e-22,2.562884074686109e-22,2.5665711755936573e-22,2.570258276501218e-22,2.5739453774087643e-22,2.5776324783163194e-22,2.5813195792238995e-22,2.5850066801314607e-22,2.58869378103902e-22,2.592380881946588e-22,2.5960679828541567e-22,2.5997550837616925e-22,2.6034421846693003e-22,2.6071292855768023e-22,2.610816386484392e-22,2.61450348739193e-22,2.6181905882994865e-22,2.6218776892070416e-22,2.6255647901146043e-22,2.6292518910221707e-22,2.6329389919297192e-22,2.6366260928372965e-22,2.64031319374488e-22,2.6440002946523766e-22,2.6476873955599327e-22,2.6513744964675165e-22,2.655061597375074e-22,2.6587486982826197e-22,2.6624357991901786e-22,2.6661229000977474e-22,2.6698100010052884e-22,2.6734971019128638e-22,2.6771842028204095e-22,2.6808713037279505e-22,2.684558404635532e-22,2.6882455055430777e-22,2.691932606450621e-22,2.6956197073581894e-22,2.69930680826575e-22,2.7029939091732898e-22,2.7066810100808345e-22,2.710368110988408e-22,2.7140552118959843e-22,2.7177423128035427e-22,2.7214294137111364e-22,2.725116514618689e-22,2.7288036155262213e-22,2.7324907164337947e-22,2.73617781734135e-22,2.7398649182489012e-22,2.743552019156484e-22,2.7472391200640294e-22,2.7509262209716137e-22,2.7546133218791373e-22,2.758300422786688e-22,2.761987523694263e-22,2.7656746246017937e-22,2.7693617255093475e-22,2.7730488264168857e-22,2.77673592732448e-22,2.780423028232085e-22,2.7841101291396112e-22,2.787797230047122e-22,2.7914843309547074e-22,2.7951714318622705e-22,2.7988585327697965e-22,2.802545633677361e-22,2.806232734584923e-22,2.809919835492498e-22,2.8136069364000466e-22,2.817294037307618e-22,2.82098113821519e-22,2.8246682391227242e-22,2.828355340030271e-22,2.8320424409378585e-22,2.8357295418454066e-22,2.8394166427529297e-22,2.843103743660508e-22,2.846790844568089e-22,2.850477945475643e-22,2.854165046383194e-22,2.857852147290716e-22,2.8615392481983056e-22,2.8652263491058584e-22,2.868913450013435e-22,2.8726005509209964e-22,2.8762876518285403e-22,2.8799747527360742e-22,2.8836618536436223e-22,2.8873489545511887e-22,2.891036055458746e-22,2.8947231563663277e-22,2.8984102572738725e-22,2.902097358181402e-22,2.905784459088991e-22,2.9094715599965632e-22,2.9131586609041325e-22,2.916845761811667e-22,2.9205328627192376e-22,2.9242199636267903e-22,2.927907064534322e-22,2.931594165441897e-22,2.9352812663494633e-22,2.938968367256998e-22,2.94265546816459e-22,2.9463425690721117e-22,2.9500296699796767e-22,2.9537167708872587e-22,2.957403871794795e-22,2.961090972702375e-22,2.9647780736099245e-22,2.9684651745174994e-22,2.972152275425062e-22,2.975839376332623e-22,2.97952647724016e-22,2.983213578147721e-22,2.9869006790552666e-22,2.990587779962825e-22,2.9942748808703726e-22,2.997961981777955e-22,3.0016490826854974e-22,3.0053361835930498e-22,3.009023284500592e-22,3.0127103854081614e-22,3.0163974863157325e-22,3.0200845872232924e-22,3.023771688130843e-22,3.0274587890383852e-22,3.031145889945949e-22,3.0348329908535265e-22,3.0385200917610934e-22,3.0422071926686523e-22,3.0458942935761976e-22,3.0495813944837353e-22,3.0532684953913205e-22,3.0569555962988484e-22,3.060642697206414e-22,3.064329798113996e-22,3.068016899021518e-22,3.0717039999291253e-22,3.0753911008366616e-22,3.079078201744247e-22,3.082765302651778e-22,3.0864524035593543e-22,3.090139504466941e-22,3.0938266053744744e-22,3.097513706282043e-22,3.1012008071895833e-22,3.10488790809716e-22,3.1085750090046743e-22,3.112262109912228e-22,3.115949210819817e-22,3.1196363117273646e-22,3.1233234126349117e-22,3.1270105135424725e-22,3.1306976144499957e-22,3.1343847153575536e-22,3.1380718162651214e-22,3.1417589171726893e-22,3.1454460180802303e-22,3.1491331189878588e-22,3.15282021989538e-22,3.156507320802932e-22,3.1601944217104837e-22,3.1638815226180417e-22,3.167568623525618e-22,3.17125572443315e-22,3.17494282534071e-22,3.178629926248281e-22,3.1823170271558295e-22,3.1860041280633997e-22,3.1896912289709473e-22,3.1933783298785476e-22,3.197065430786075e-22,3.200752531693624e-22,3.204439632601237e-22,3.208126733508742e-22,3.2118138344163035e-22,3.2155009353238314e-22,3.2191880362314297e-22,3.2228751371389816e-22,3.2265622380465094e-22,3.2302493389540693e-22,3.2339364398616686e-22,3.237623540769207e-22,3.241310641676752e-22,3.2449977425843274e-22,3.248684843491834e-22,3.252371944399419e-22,3.2560590453070074e-22,3.2597461462145376e-22,3.263433247122096e-22,3.267120348029736e-22,3.27080744893724e-22,3.274494549844775e-22,3.278181650752329e-22,3.2818687516598994e-22,3.2855558525674207e-22,3.2892429534750256e-22,3.292930054382539e-22,3.2966171552901237e-22,3.300304256197671e-22,3.303991357105219e-22,3.3076784580127613e-22,3.311365558920336e-22,3.315052659827907e-22,3.318739760735474e-22,3.322426861643031e-22,3.326113962550612e-22,3.329801063458106e-22,3.3334881643657615e-22,3.3371752652732856e-22,3.3408623661808243e-22,3.3445494670884227e-22,3.34823656799595e-22,3.351923668903546e-22,3.3556107698110443e-22,3.359297870718644e-22,3.362984971626162e-22,3.3666720725337327e-22,3.3703591734412883e-22,3.3740462743488266e-22,3.377733375256409e-22,3.3814204761639443e-22,3.385107577071502e-22,3.3887946779790696e-22,3.3924817788866506e-22,3.3961688797941987e-22,3.399855980701766e-22,3.403543081609323e-22,3.407230182516884e-22,3.4109172834244423e-22,3.414604384331974e-22,3.4182914852395464e-22,3.42197858614711e-22,3.425665687054694e-22,3.429352787962197e-22,3.4330398888698003e-22,3.4367269897773366e-22,3.4404140906848814e-22,3.444101191592449e-22,3.447788292499998e-22,3.451475393407531e-22,3.4551624943151165e-22,3.4588495952226707e-22,3.4625366961302475e-22,3.466223797037809e-22,3.4699108979454057e-22,3.4735979988529547e-22,3.477285099760516e-22,3.4809722006680325e-22,3.484659301575584e-22,3.4883464024831616e-22,3.4920335033907106e-22,3.4957206042982455e-22,3.499407705205814e-22,3.5030948061133864e-22,3.5067819070209434e-22,3.51046900792854e-22,3.5141561088361147e-22,3.5178432097435946e-22,3.5215303106511517e-22,3.5252174115587204e-22,3.5289045124662882e-22,3.5325916133738467e-22,3.536278714281416e-22,3.539965815188966e-22,3.5436529160965003e-22,3.547340017004066e-22,3.5510271179116073e-22,3.5547142188191996e-22,3.5584013197267467e-22,3.562088420634283e-22,3.5657755215418743e-22,3.5694626224494483e-22,3.573149723356981e-22,3.576836824264542e-22,3.5805239251720897e-22,3.584211026079628e-22,3.5878981269872014e-22,3.5915852278947447e-22,3.595272328802315e-22,3.598959429709876e-22,3.6026465306174374e-22,3.6063336315249968e-22,3.6100207324325477e-22,3.613707833340101e-22,3.617394934247655e-22,3.6210820351551806e-22,3.6247691360627536e-22,3.6284562369703097e-22,3.632143337877893e-22,3.6358304387854557e-22,3.63951753969299e-22,3.6432046406005683e-22,3.64689174150814e-22,3.650578842415652e-22,3.6542659433232205e-22,3.6579530442307785e-22,3.661640145138351e-22,3.6653272460458887e-22,3.669014346953478e-22,3.6727014478610295e-22,3.676388548768612e-22,3.6800756496761285e-22,3.6837627505837156e-22,3.6874498514912717e-22,3.6911369523988085e-22,3.6948240533064224e-22,3.6985111542139545e-22,3.7021982551214903e-22,1.1291232341855014e-15,1.5410816632377753e-15,1.930387162099687e-15,2.376405916661924e-15,2.8953891093680112e-15,3.501034638051921e-15,4.209532716084662e-15,5.040540568791548e-15,6.0180680244059546e-15,7.17159320467082e-15,8.537504183192429e-15,1.0160976575037344e-14,1.2098437113681444e-14,1.4420821458169865e-14,1.7217918061596674e-14,2.0604211200397966e-14,2.4726814137918845e-14,2.977634741956157e-14,3.6002014139958694e-14,4.373272848761741e-14,5.340708779256147e-14,6.561644324538166e-14,8.116765983820128e-14,1.0117594439283827e-13,1.272043807283366e-13,1.614773654303602e-13,2.072133190370521e-13,2.691541050298329e-13,3.5442655484801844e-13,4.739792164604345e-13,6.450436727860523e-13,8.954776699746218e-13,1.271683435045144e-12,1.853577729083502e-12,2.7840648292293e-12,4.329778562410746e-12,7.012998875663405e-12,1.191629303389437e-11,2.1440649479024185e-11,4.138091558810103e-11,8.737257885292125e-11,2.0854825438128395e-10,5.938847078199402e-10,2.1555052473467643e-09,9.95824282245669e-09,4.883510329897317e-08,1.9943565476491e-07,6.132575102828793e-07,1.4519287056024474e-06,2.810512725038282e-06,4.70770353338254e-06,7.122526624569818e-06,1.0020896296006954e-05,1.3355382643781769e-05,1.7053652573295925e-05,2.1012329960375356e-05,2.5101672613364547e-05,2.9178110719751304e-05,3.310000554792078e-05,3.674429023224215e-05,4.00231657591459e-05,4.289525482645413e-05,4.535887669416052e-05,4.742772471384078e-05,4.911124145487751e-05,5.041333647657164e-05,5.13409458238404e-05,5.191076706331372e-05,5.215060615595254e-05,5.209710159418793e-05,5.179258031842503e-05,5.1283916498666066e-05,5.0635412048911734e-05,0.00011054738452304964,0.00014304004761327447,0.0001618684972232654,0.00017459000639173878,0.00018451710354609106,0.00019300879978719735,0.00020062084927482097,0.00020759453561952033,0.0002140492683761693,0.00022005559910943763,0.0002256625827831025,0.00023090826189770724,0.0002358239829182429,0.00024043642038417657,0.000244768696320466,0.00024884109912883857,0.0002526715952551143,0.0002562762159481257,0.0002596693597424515,0.00026286403400741426,0.00026587205064438805,0.0002687041864352824,0.00027137031568645603,0.0002738795208834296,0.0002762401857082557,0.0002784600737790692,0.0002805463957352984,0.00028250586673777894,0.0002843447560305766,0.0002860689298860691,0.0002876838890016675,0.00028919480121806455,0.00029060653027191617,0.00029192366117055166,0.000293150522676018,0.00029429120730452513,0.000295349589181442,0.0002963293400380794,0.00029723394359216983,0.00029806670851741763,0.0002988307801770447,0.0002995291512709541,0.000300164671524982,0.0003007400565328161,0.00030125789584614854,0.0003017206603959054,0.0003021307093165487,0.00030249029623619436,0.00030280157508748507,0.0003030666054872613,0.0003032873577273304,0.00030346571741359706,0.0003036034897864454,0.00030370240375148454,0.0003037641156465717,0.00030379021276804766,0.000303782216676742,0.0003037415863020269,0.0003036697208603808,0.0003035679626031551,0.00030343759940680895,0.00030327986721752863,0.000303095952361045,0.0003028869937273918,0.00030265408483946176,0.00030239827581339795,0.00030212057521814125,0.0003018219518408292,0.000301503336364137,0.00030116562296115905,0.00030080967081295073,0.00030043630555346557,0.0003000463206462125,0.0002996404786966319,0.0002992195127039299,0.00029878412725571884,0.00029833499966872354,0.00029787278107844815,0.00029739809748056056,0.00029691155072652815,0.0002964137194759307,0.00029590516010762194,0.0002953864075918478,0.0002948579763252712,0.0002943203609307189,0.00029377403702335526,0.0002932194619449361,0.00029265707546759906,0.00029208730046868293,0.00029151054357787,0.00029092719579794704,0.00029033763310039746,0.0002897422169969392,0.000289141295088091,0.0002885352015897943,0.0002879242578390468,0.0002873087727794751,0.00028668904342768486,0.0002860653553212819,0.0002854379829492622,0.00028480719016559,0.000284173230586646,0.00028353634797321646,0.0002828967765976836,0.0002822547415970278,0.00028161045931222054,0.0002809641376145805,0.0002803159762196149,0.00027966616698887035,0.0002790148942202622,0.0002783623349273589,0.00027770865910807394,0.00027705403000317317,0.00027639860434501437,0.00027574253259690743,0.0002750859591834667,0.0002744290227123184,0.00027377185618749543,0.0002731145872148389,0.00027245733819974944,0.0002718002265375557,0.00027114336479680924,0.00027048686089576685,0.0002698308182723372,0.00026917533604773133,0.00026852050918407637,0.0002678664286362132,0.0002672131814978923,0.00026656085114262496,0.00026590951735933565,0.00026525925648303143,0.00026461014152076427,0.00026396224227289046,0.000263315625449972,0.0002626703547854008,0.0002620264911439181,0.000261384092626204,0.00026074321466966504,0.0002601039101455694,0.0002594662294526732,0.0002588302206074526,0.000258195929331093,0.00025756339913333325,0.0002569326713932885,0.00025630378543738434,0.00025567677861446466,0.0002550516863682357,0.0002544285423070845,0.0002538073782714265,0.00025318822439861964,0.00025257110918558385,0.00025195605954916005,0.00025134310088435735,0.0002507322571204615,0.00025012355077524425,0.00024951700300715035,0.00024891263366568086,0.00024831046133998776,0.0002477105034057383,0.0002471127760703214,0.0002465172944164508,0.0002459240724442493,0.00024533312311180664,0.0002447444583743506,0.00024415808922199987,0.0002435740257162131,0.00024299227702493422,0.0002424128514565211,0.00024183575649246378,0.00024126099881895637,0.00024068858435737097,0.00024011851829364785,0.00023955080510666425,0.0002389854485955981,0.00023842245190634957,0.0002378618175570072,0.00023730354746245538,0.0002367476429581066,0.00023619410482278257,0.00023564293330083068,0.00023509412812344155,0.00023454768852923085,0.0002340036132840936,0.00023346190070036655,0.00023292254865533096,0.0002323855546090568,0.00023185091587161032,0.00023131862869174395,0.0002307886895049067,0.0002302610943054228,0.00022973583872456892,0.0002292129180635299,0.00022869232731269882,0.0002281740611666434,0.00022765811403751838,0.00022714448006769125,0.00022663315314183717,0.00022612412689858796,0.00022561739474175472,0.0002251129498511627,0.0002246107851931037,0.00022411089353041445,0.000223613267432206,0.000223117899283242,0.00022262478129299668,0.0002221339055043815,0.0002216452638021736,0.00022115884792113283,0.00022067464945384305,0.0002201926598582673,0.000219712870465037,0.00021923527248448086,0.0002187598570133984,0.0002182866150416024,0.00021781553745820804,0.0002173466150577245,0.0002168798385458963,0.000216415198545352,0.00021595268560104875,0.00021549229018551344,0.00021503400270389496,0.0002145778134988387,0.00021412371285516962,0.00021367169100441945,0.0002132217381291834,0.0002127738443672991,0.0002123279998159057,0.00021188419453531407,0.00021144241855276759,0.0002110026618660365,0.00021056491444689017,0.00021012916624443882,0.00020969540718834422,0.00020926362719191478,0.0002088338161550742,0.00020840596396722575,0.0002079800605100011,0.0002075560956599067,0.00020713405929085823,0.0002067139412766324,0.00020629573149320496,0.00020587941982101114,0.00020546499614710812,0.00020505245036724773,0.00020464177238788033,0.00020423295212806155,0.00020382597952129316,0.00020342084451727577,0.0002030175370836077,0.0002026160472073939,0.00020221636489679926,0.0002018184801825303,0.00020142238311925652,0.000201028063786973,0.0002006355122922938,0.00020024471876969958,0.00019985567338272589,0.00019946836632509668,0.00019908278782179953,0.00019869892813013346,0.00019831677754068194,0.00019793632637825554,0.00019755756500278624,0.00019718048381017628,0.00019680507323311015,0.00019643132374181662,0.00019605922584480542,0.00019568877008955247,0.00019531994706315932,0.00019495274739297547,0.000194587161747176,0.00019422318083532345,0.00019386079540888903,0.00019349999626174042,0.00019314077423060832,0.00019278312019551882,0.00019242702508019883,0.00019207247985245982,0.00019171947552454959,0.00019136800315348228,0.00019101805384134953,0.00019066961873559805,0.00019032268902930235,0.00018997725596138533,0.00018963331081686994,0.00018929084492704153,0.00018894984966965928,0.00018861031646910523,0.00018827223679653446,0.0001879356021700066,0.00018760040415458808,0.00018726663436245715,0.00018693428445298364,0.00018660334613279436,0.00018627381115582514,0.00018594567132336126,0.0001856189184840611,0.00018529354453397724,0.00018496954141654736,0.00018464690112259184,0.0001843256156902888,0.0001840056772051434,0.00018368707779994761,0.00018336980965472603,0.00018305386499667322,0.00018273923610008782,0.00018242591528628947,0.00018211389492352905,0.00018180316742690087,0.00018149372525823212,0.00018118556092597572,0.00018087866698509268,0.0001805730360369234,0.0001802686607290625,0.00017996553375521944,0.000179663647855074,0.00017936299581412893,0.00017906357046355717,0.00017876536468003758,0.00017846837138559826,0.00017817258354744432,0.00017787799417778326,0.00017758459633364623,0.00017729238311671024,0.00017700134767311334,0.0001767114831932621,0.00017642278291164003,0.0001761352401066133,0.00017584884810023114,0.00017556360025802333,0.00017527948998879701,0.0001749965107444287,0.00017471465601965502,0.00017443391935185868,0.00017415429432086026,0.00017387577454869242,0.00017359835369939634,0.0001733220254787825,0.00017304678363422616,0.0001727726219544383,0.00017249953426923793,0.0001722275144493316,0.00017195655640608399,0.00017168665409129143,0.00017141780149695105,0.00017114999265502705,0.00017088322163722947,0.00017061748255477787,0.000170352769558165,0.0001700890768369319,0.00016982639861942928,0.00016956472917258598,0.00016930406280167654,0.00016904439385008214,0.00016878571669906182,0.00016852802576751555,0.00016827131551175025,0.00016801558042524653,0.0001677608150384204,0.00016750701391839325,0.0001672541716687547,0.00016700228292933016,0.00016675134237595073,0.00016650134472021252,0.00016625228470924937,0.0001660041571254964,0.00016575695678646267,0.00016551067854449577,0.0001652653172865553,0.00016502086793397509,0.00016477732544223903,0.00016453468480075208,0.00016429294103260982,0.00016405208919437038,0.00016381212437582764,0.0001635730416997875,0.00016333483632184097,0.0001630975034301346,0.0001628610382451561,0.0001626254360195039,0.0001623906920376665,0.000162156801615805,0.0001619237601015296,0.0001616915628736818,0.0001614602053421139,0.00016122968294747387,0.00016099999116099068,0.00016077112548425375,0.00016054308144900514,0.00016031585461691994,0.00016008944057940158,0.0001598638349573633,0.00015963903340102407,0.0001594150315896992,0.0001591918252315847,0.00015896941006356472,0.0001587477818509926,0.00015852693638749552,0.00015830686949476743,0.00015808757702236802,0.00015786905484752278,0.00015765129887492126,0.00015743430503652075,0.0001572180692913476,0.00015700258762529966,0.00015678785605095663,0.00015657387060738023,0.00015636062735992787,0.0001561481224000521,0.00015593635184512077,0.0001557253118382228,0.0001555149985479787,0.00015530540816835914,0.0001550965369184962,0.00015488838104249926,0.00015468093680927276,0.00015447420051233591,0.0001542681684696393,0.00015406283702338802,0.00015385820253986047,0.00015365426140923706,0.0001534510100454194,0.00015324844488585673,0.00015304656239137476,0.0001528453590459993,0.00015264483135679302,0.00015244497585367646,0.0001522457890892644,0.00015204726763869925,0.00015184940809948396,0.00015165220709131475,0.00015145566125592,0.0001512597672568972,0.00015106452177955174,0.00015086992153073248,0.00015067596323867946,0.0001504826436528611,0.00015028995954381635,0.00015009790770300287,0.00014990648494264062,0.00014971568809555997,0.00014952551401504493,0.0001493359595746839,0.00014914702166822331,0.00014895869720941456,0.00014877098313186577,0.0001485838763889001,0.0001483973739534017,0.00014821147281768077,0.00014802616999332033,0.0001478414625110398,0.00014765734742055618,0.00014747382179043512,0.00014729088270795803,0.0001471085272789829,0.00014692675262780556,0.0001467455558970253,0.00014656493424741003,0.00014638488485776106,0.0001462054049247792,0.00014602649166293397,0.00014584814230433289,0.00014567035409859225,0.00014549312431270803,0.00014531645023092352,0.00014514032915460926,0.00014496475840213168,0.00014478973530873126,0.00014461525722639563,0.0001444413215237427,0.00014426792558588735,0.00014409506681433004,0.00014392274262683502,0.000143750950457308,0.00014357968775567735,0.00014340895198778093,0.00014323874063524534,0.0001430690511953736,0.00014289988118102793,0.00014273122812051683,0.00014256308955748413,0.00014239546305079115,0.00014222834617441142,0.0001420617365173185,0.00014189563168337798,0.00014173002929123332,0.00014156492697420622,0.00014140032238018236,0.00014123621317151187,0.00014107259702489817,0.00014090947163129878,0.00014074683469581794,0.0001405846839376053,0.00014042301708975537,0.00014026183189920542,0.00014010112612663204,0.00013994089754635993,0.00013978114394624976,0.00013962186312761743,0.0001394630529051204,0.00013930471110667434,0.00013914683557334694,0.00013898942415927054,0.0001388324747315471,0.00013867598517014888,0.00013851995336783222,0.0001383643772300432,0.00013820925467482786,0.00013805458363273996,0.00013790036204675097,0.00013774658787216488,0.00013759325907652175,0.00013744037363952043,0.00013728792955292477,0.00013713592482047872,0.00013698435745782196,0.0001368332254924025,0.00013668252696339824,0.0001365322599216248,0.0001363824224294611,0.00013623301256076114,0.00013608402840077727,0.00013593546804607337,0.0001357873296044488,0.00013563961119486014,0.00013549231094733827,0.00013534542700291253,0.00013519895751353006,0.00013505290064198355,0.0001349072545618283,0.00013476201745731456,0.00013461718752330186,0.0001344727629651965,0.00013432874199886444,0.00013418512285056733,0.00013404190375688647,0.0001338990829646505,0.00013375665873086094,0.00013361462932262388,0.0001334729930170835,0.0001333317481013397,0.00013319089287239244,0.00013305042563706214,0.00013291034471192692,0.00013277064842325247,0.00013263133510692642,0.00013249240310838907,0.00013235385078256813,0.00013221567649381296,0.00013207787861582956,0.00013194045553161543,0.0001318034056333941,0.00013166672732255462,0.00013153041900958434,0.0001313944791140082,0.00013125890606432641,0.00013112369829795215,0.00013098885426115155,0.00013085437240898033,0.00013072025120522385,0.0001305864891223409,0.0001304530846413986,0.00013032003625201754,0.0001301873424523137,0.00013005500174883758,0.00012992301265651564,0.00012979137369859836,0.00012966008340659847,0.00012952914032023753,0.00012939854298738845,0.000129268289964021,0.00012913837981414796,0.0001290088111097671,0.00012887958243081225,0.00012875069236509203,0.00012862213950824513,0.0001284939224636826,0.00012836603984253713,0.00012823849026360576,0.00012811127235330856,0.00012798438474562657,0.00012785782608205768,0.00012773159501156559,0.00012760569019052562,0.0001274801102826807,0.00012735485395908553,0.00012722991989806554,0.0001271053067851599,0.0001269810133130801,0.0001268570381816588,0.00012673338009780384,0.00012661003777544963,0.0001264870099355112,0.00012636429530583972,0.0001262418926211703,0.00012611980062308611,0.000125998018059963,0.00012587654368693236,0.00012575537626583193,0.00012563451456516303,0.00012551395736004744,0.00012539370343218187,0.00012527375156979733,0.00012515410056761203,0.00012503474922679367,0.00012491569635491293,0.00012479694076590465,0.00012467848128002408,0.00012456031672380648,0.00012444244593002565,0.00012432486773765472,0.00012420758099182365,0.00012409058454377993,0.00012397387725084967,0.00012385745797639726,0.0001237413255897829,0.00012362547896633356,0.00012350991698729033,0.0001233946385397833,0.00012327964251678496,0.00012316492781707655,0.00012305049334520755,0.0001229363380114619,0.00012282246073181972,0.00012270886042791868,0.00012259553602701924,0.00012248248646197203,0.00012236971067117452,0.00012225720759854306,0.00012214497619347005,0.00012203301541079772,0.00012192132421077625,0.00012180990155902974,0.00012169874642652757,0.00012158785778954523,0.00012147723462963145,0.00012136687593357576,0.00012125678069337669,0.00012114694790620326,0.00012103737657436628,0.00012092806570529074,0.00012081901431147011,0.00012071022141044955,0.00012060168602478156,0.00012049340718200368,0.00012038538391460114,0.00012027761525997829,0.00012017010026042846,0.00012006283796309975,0.0001199558274199685,0.00011984906768780883,0.00011974255782815854,0.00011963629690729476,0.00011953028399620038,0.00011942451817053708,0.00011931899851061414,0.0001192137241013624,0.00011910869403230339,0.00011900390739751936,0.00011889936329562987,0.0001187950608297596,0.00011869099910751065,0.00011858717724093742,0.00011848359434651667,0.00011838024954512221,0.00011827714196199578,0.00011817427072672254,0.0001180716349732,0.00011796923383961809,0.0001178670664684288,0.00011776513200631995,0.00011766342960418828,0.00011756195841711715,0.00011746071760434847,0.000117359706329259,0.00011725892375933454,0.00011715836906614266,0.00011705804142531094,0.00011695794001650151,0.00011685806402338577,0.00011675841263361762,0.00011665898503881827,0.00011655978043454248,0.00011646079802025806,0.00011636203699932438,0.00011626349657896653,0.00011616517597025269,0.00011606707438807134,0.00011596919105110842,0.00011587152518182232,0.00011577407600642532,0.00011567684275485663,0.00011557982466076495,0.00011548302096148071,0.00011538643089799953,0.00011529005371495642,0.00011519388866060679,0.00011509793498680224,0.00011500219194897049,0.0001149066588060945,0.00011481133482069205,0.00011471621925879277,0.00011462131138991772,0.00011452661048706062,0.00011443211582666684,0.00011433782668860807,0.00011424374235617357,0.00011414986211603505,0.00011405618525824079,0.00011396271107618368,0.00011386943886659282,0.00011377636792950581,0.00011368349756825164,0.00011359082708943362,0.00011349835580290633,0.0001134060830217608,0.00011331400806230274,0.00011322213024403384,0.00011313044888963682,0.00011303896332494925,0.0001129476728789538,0.00011285657688375507,0.0001127656746745663,0.00011267496558968148,0.0001125844489704655,0.00011249412416133743,0.00011240399050974881,0.00011231404736616528,0.00011222429408405586,0.00011213473001986728,0.00011204535453301204,0.00011195616698585117,0.00011186716674367452,0.00011177835317468641,0.00011168972564998961,0.00011160128354356485,0.00011151302623225834,0.00011142495309576417,0.0001113370635166092,0.00011124935688013108,0.00011116183257447376,0.00011107448999055833,0.00011098732852207598,0.00011090034756546993,0.00011081354651992,0.00011072692478732637,0.00011064048177229525,0.00011055421688212085,0.00011046812952677559,0.00011038221911888916,0.00011029648507373833,0.00011021092680922822,0.00011012554374588021,0.00011004033530681642,0.0001099553009177444,0.00010987044000694408,0.00010978575200525118,0.00010970123634604435,0.00010961689246523369,0.00010953271980124014,0.00010944871779498839,0.000109364885889889,0.00010928122353182086,0.00010919773016912799,0.0001091144052525976,0.0001090312482354483,0.00010894825857331825,0.00010886543572424944,0.00010878277914867566,0.00010870028830941116,0.00010861796267163255,0.00010853580170287061,0.00010845380487299581,0.00010837197165420471,0.00010829030152100719,0.00010820879395021565,0.00010812744842092931,0.00010804626441452401,0.0001079652414146395,0.00010788437890716661,0.00010780367638023532,0.0001077231333242007,0.00010764274923163422,0.00010756252359730771,0.000107482455918187,0.00010740254569341268,0.00010732279242429537,0.00010724319561429863,0.00010716375476902972,0.00010708446939622812,0.00010700533900575386,0.00010692636310957503,0.00010684754122175818,0.0001067688728584542,0.00010669035753789169,0.00010661199478036183,0.00010653378410820703,0.0001064557250458133,0.00010637781711959737,0.00010630005985799322,0.00010622245279144747,0.00010614499545240366,0.00010606768737529298,0.00010599052809652291,0.00010591351715447002,0.00010583665408946366,0.00010575993844378224,0.00010568336976163663,0.00010560694758916435,0.00010553067147441795,0.00010545454096735438,0.00010537855561982552,0.00010530271498556742,0.00010522701862019112,0.00010515146608117304,0.00010507605692784316,0.00010500079072137914,0.00010492566702479357,0.00010485068540292279,0.00010477584542242204,0.00010470114665175247,0.0001046265886611727,0.00010455217102273016,0.00010447789331024934,0.00010440375509932463,0.00010432975596731172,0.00010425589549331678,0.00010418217325818562,0.00010410858884450149,0.00010403514183656683,0.00010396183182040241,0.00010388865838373195,0.00010381562111597832,0.00010374271960825346,0.0001036699534533478,0.00010359732224572268,0.00010352482558150077,0.0001034524630584618,0.00010338023427602805,0.00010330813883525783,0.00010323617633884308,0.00010316434639109046,0.00010309264859791886,0.00010302108256685299,0.00010294964790701227,0.00010287834422910334,0.00010280717114541101,0.00010273612826979103,0.00010266521521766413,0.00010259443160600376,0.0001025237770533319,0.00010245325117970917,0.00010238285360672881,0.00010231258395750592,0.00010224244185667348,0.00010217242693037211,0.00010210253880624053,0.00010203277711341657,0.00010196314148251872,0.0001018936315456431,0.00010182424693635996,0.00010175498728970072,0.00010168585224215362,0.0001016168414316551,0.00010154795449758303,0.00010147919108074845,0.00010141055082339103,0.00010134203336916749,0.00010127363836315147,0.00010120536545181878,0.00010113721428304541,0.00010106918450609881,0.00010100127577163,0.00010093348773166973,0.00010086582003961837,0.00010079827235024164,0.00010073084431966204,0.00010066353560535367,0.00010059634586613114,0.00010052927476215182,0.00010046232195490126,0.00010039548710718925,0.00010032876988314337,0.00010026216994820186,0.00010019568696910904,0.0001001293206139072,0.00010006307055192919,9.999693645379508e-05,9.993091799140525e-05,9.98650148379308e-05,9.979922666781039e-05,9.973355315674579e-05,9.966799398168906e-05,9.960254882084391e-05,9.95372173536558e-05,9.947199926080492e-05,9.940689422420458e-05,9.934190192698948e-05,9.927702205351431e-05,9.921225428934533e-05,9.91475983212565e-05,9.90830538372219e-05,9.901862052641021e-05,9.895429807918044e-05,9.88900861870742e-05,9.882598454281068e-05,9.876199284028114e-05,9.869811077454371e-05,9.863433804181683e-05,9.857067433947521e-05,9.850711936604196e-05,9.844367282118442e-05,9.838033440571134e-05,9.831710382156112e-05,9.825398077180299e-05,9.81909649606238e-05,9.812805609333327e-05,9.80652538763506e-05,9.800255801720096e-05,9.793996822451192e-05,9.787748420800432e-05,9.78151056784953e-05,9.77528323478816e-05,9.769066392914481e-05,9.762860013633732e-05,9.756664068458607e-05,9.750478529008328e-05,9.744301368759096e-05,9.738135484607911e-05,9.731980442603206e-05,9.725835945317988e-05,9.719701833776777e-05,9.713578017344702e-05,9.70746443877562e-05,9.70136105627627e-05,9.695267835589498e-05,9.689184746131439e-05,9.683111759104149e-05,9.67704884662505e-05,9.670995981298819e-05,9.664953135997456e-05,9.658920283800577e-05,9.652897397818647e-05,9.646884451485011e-05,9.640881418239287e-05,9.634888271623323e-05,9.628904985278093e-05,9.622931532943265e-05,9.616967888453096e-05,9.611014026059426e-05,9.60506991946648e-05,9.599135542796276e-05,9.593210870448189e-05,9.587295876563942e-05,9.581390535526752e-05,9.575494821863227e-05,9.569608710095853e-05,9.563732174968433e-05,9.557865191268785e-05,9.552007733800322e-05,9.546159777563395e-05,9.540321297582822e-05,9.53449226904838e-05,9.528672667121303e-05,9.52286246712753e-05,9.517061644504803e-05,9.511270174757783e-05,9.505488033359564e-05,9.499715196105784e-05,9.493951638720336e-05,9.488197336895407e-05,9.482452263744984e-05,9.476716400655151e-05,9.470989720388641e-05,9.465272200255464e-05,9.459563816507371e-05,9.453864545653354e-05,9.44817436378911e-05,9.442493248058445e-05,9.436821172872533e-05,9.431158117498394e-05,9.425504057439615e-05,9.41985896998968e-05,9.414222832549995e-05,9.40859562090889e-05,9.402977312754808e-05,9.397367885302774e-05,9.39176731647293e-05,9.386175582228039e-05,9.38059266055042e-05,9.375018528831142e-05,9.36945316479077e-05,9.363896546250602e-05,9.358348651066234e-05,9.352809456773887e-05,9.347278941359991e-05,9.341757082900467e-05,9.336243859325581e-05,9.330739248755043e-05,9.325243229389287e-05,9.319755779502705e-05,9.314276877397366e-05,9.308806501548333e-05,9.303344630455976e-05,9.297891242696717e-05,9.292446316919068e-05,9.28700983184712e-05,9.281581766181667e-05,9.27616209889062e-05,9.270750808559526e-05,9.265347874542596e-05,9.259953275937619e-05,9.254566991909382e-05,9.24918900167405e-05,9.243819284558175e-05,9.238457819924319e-05,9.23310458722672e-05,9.22775956597402e-05,9.222422735748817e-05,9.217094076216548e-05,9.21177356710189e-05,9.206461188208563e-05,9.201156919395224e-05,9.19586074060439e-05,9.190572631844604e-05,9.185292573179363e-05,9.180020544754568e-05,9.17475652676957e-05,9.169500500319307e-05,9.164252444656854e-05,9.15901234061966e-05,9.153780168239332e-05,9.148555908146614e-05,9.143339541370889e-05,9.138131048058507e-05,9.132930409249135e-05,9.127737606074361e-05,9.122552619627306e-05,9.117375428796419e-05,9.112206016978993e-05,9.107044364038225e-05,9.101890451406159e-05,9.096744260195496e-05,9.091605771653002e-05,9.086474967087998e-05,9.081351827872361e-05,9.07623633544009e-05,9.071128471287638e-05,9.066028216969855e-05,9.060935554108328e-05,9.055850464388389e-05,9.050772929547781e-05,9.045702931404055e-05,9.040640451785475e-05,9.035585472636763e-05,9.030537975926627e-05,9.025497943687373e-05,9.02046535805445e-05,9.015440201176187e-05,9.010422455272078e-05,9.005412102560073e-05,9.000409125505764e-05,8.995413506433976e-05,8.990425227817913e-05,8.98544427237116e-05,8.980470621900015e-05,8.975504259823895e-05,8.970545168579396e-05,8.965593330894815e-05,8.960648730170379e-05,8.955711346092013e-05,8.950781166114465e-05,8.945858171227143e-05,8.94094234439663e-05,8.936033668738e-05,8.931132127380315e-05,8.92623770392275e-05,8.921350380834148e-05,8.916470141766653e-05,8.911596970064323e-05,8.906730849132653e-05,8.901871762423131e-05,8.897019693448879e-05,8.892174625770144e-05,8.887336543000941e-05,8.88250542840492e-05,8.87768126644678e-05,8.872864040569147e-05,8.868053734595522e-05,8.863250332416602e-05,8.85845381793736e-05,8.853664175139797e-05,8.848881388057545e-05,8.84410544077521e-05,8.839336317424243e-05,8.834574000777716e-05,8.829818476493515e-05,8.825069728877445e-05,8.820327742217799e-05,8.815592500949005e-05,8.810863989486728e-05,8.80614219232222e-05,8.801427093978812e-05,8.796718679048204e-05,8.792016932167171e-05,8.787321837988276e-05,8.782633381267303e-05,8.777951546777357e-05,8.773276319357863e-05,8.768607683863612e-05,8.763945625231003e-05,8.759290128420792e-05,8.754641178460275e-05,8.74999876039841e-05,8.745362859356193e-05,8.740733460489583e-05,8.736110548996375e-05,8.731494110140083e-05,8.726884129218717e-05,8.722280591560648e-05,8.717683482590055e-05,8.713092787708093e-05,8.708508492394166e-05,8.703930582203861e-05,8.699359042687005e-05,8.694793859471498e-05,8.690235018208274e-05,8.68568250461365e-05,8.681136304414224e-05,8.676596403428725e-05,8.67206278749031e-05,8.667535442480936e-05,8.663014354337332e-05,8.658499509008139e-05,8.653990892525726e-05,8.649488490935528e-05,8.644992290357915e-05,8.640502276899556e-05,8.636018436765894e-05,8.631540756192086e-05,8.627069221452416e-05,8.622603820351102e-05,8.618144537738031e-05,8.613691360009142e-05,8.60924427360824e-05,8.604803265006999e-05,8.600368320728106e-05,8.59593942732624e-05,8.591516571412289e-05,8.587099739634998e-05,8.582688918597832e-05,8.578284095113181e-05,8.573885255947842e-05,8.569492387905725e-05,8.565105477837065e-05,8.560724512629374e-05,8.556349480096999e-05,8.55198036540165e-05,8.547617157463652e-05,8.543259841368611e-05,8.538908405158219e-05,8.534562835963658e-05,8.530223120928718e-05,8.525889247300677e-05,8.52156120225086e-05,8.517238973137477e-05,8.51292254724116e-05,8.508611911923846e-05,8.504307054572987e-05,8.500007962621296e-05,8.495714623525547e-05,8.491427024822145e-05,8.487145154026028e-05,8.482868998726479e-05,8.478598546547098e-05,8.474333785126885e-05,8.470074702180518e-05,8.465821285461009e-05,8.461573522678122e-05,8.45733140165921e-05,8.453094910243166e-05,8.44886403630501e-05,8.444638767739771e-05,8.440419092472324e-05,8.436204998578807e-05,8.431996474023649e-05,8.427793506859957e-05,8.423596086191576e-05,8.419404198363548e-05,8.415217832036351e-05,8.411036975673587e-05,8.406861617745366e-05,8.402691746033111e-05,8.398527349222639e-05,8.394368415597205e-05,8.390214933180064e-05,8.3860668906083e-05,8.381924276329245e-05,8.377787078796418e-05,8.373655286546185e-05,8.36952888804503e-05,8.365407871758014e-05,8.361292226680546e-05,8.357181941203398e-05,8.353077004033265e-05,8.348977403856684e-05,8.344883129410906e-05,8.34079416946598e-05,8.336710512824704e-05,8.332632148313655e-05,8.328559064438246e-05,8.324491250396107e-05,8.320428695529823e-05,8.316371388157013e-05,8.312319317897756e-05,8.308272473465887e-05,8.304230843921468e-05,8.300194418379098e-05,8.296163185663815e-05,8.292137135560115e-05,8.2881162567978e-05,8.284100538695759e-05,8.280089970530006e-05,8.276084541542778e-05,8.27208424107467e-05,8.268089058422362e-05,8.264098982978789e-05,8.260114004247536e-05,8.256134111594736e-05,8.252159294340261e-05,8.248189542107912e-05,8.244224844455957e-05,8.240265190442615e-05,8.23631057176313e-05,8.232360975036758e-05,8.228416391222554e-05,8.224476810008582e-05,8.220542221080682e-05,8.216612614255509e-05,8.212687979470307e-05,8.20876830597272e-05,8.204853584227262e-05,8.200943803347107e-05,8.197038953582672e-05,8.193139025105073e-05,8.18924400719529e-05,8.185353889988453e-05,8.181468663543089e-05,8.177588317972224e-05,8.173712842570241e-05,8.169842229106648e-05,8.165976467282521e-05,8.162115545133523e-05,8.158259455816002e-05,8.154408186329084e-05,8.150561730515026e-05,8.146720076819817e-05,8.142883215290838e-05,8.139051135951202e-05,8.135223829898913e-05,8.131401288558862e-05,8.127583499397591e-05,8.123770454408987e-05,8.119962145263805e-05,8.116158562684566e-05,8.112359692675386e-05,8.108565528323096e-05,8.104776060753835e-05,8.100991280025789e-05,8.097211176902662e-05,8.093435741725917e-05,8.089664966294969e-05,8.085898839932669e-05,8.082137353606303e-05,8.078380498425936e-05,8.074628265078806e-05,8.070880644204063e-05,8.067137626596366e-05,8.063399203075837e-05,8.05966536448812e-05,8.055936101634468e-05,8.052211405548789e-05,8.048491266857956e-05,8.044775676957788e-05,8.041064626365598e-05,8.037358106299213e-05,8.033656107947781e-05,8.029958622023833e-05,8.026265639938932e-05,8.022577152614307e-05,8.01889315116681e-05,8.015213626731164e-05,8.011538570490533e-05,8.007867973633028e-05,8.004201827365047e-05,8.000540122923526e-05,7.996882851564364e-05,7.993230004590779e-05,7.989581573137553e-05,7.985937548874068e-05,7.982297922979707e-05,7.9786626868535e-05,7.975031831890982e-05,7.971405349326975e-05,7.967783230870388e-05,7.964165468057762e-05,7.960552052255329e-05,7.956942975076042e-05,7.953338227703416e-05,7.949737801650186e-05,7.946141689367594e-05,7.942549881843653e-05,7.9389623708157e-05,7.935379147845222e-05,7.931800206140389e-05,7.928225534514929e-05,7.924655126111359e-05,7.921088972530298e-05,7.917527065822946e-05,7.913969397646827e-05,7.91041595957945e-05,7.906866743637284e-05,7.90332174246795e-05,7.89978094664282e-05,7.896244348616891e-05,7.892711940293964e-05,7.88918371361342e-05,7.885659660660551e-05,7.882139773303952e-05,7.878624043554103e-05,7.875112463437425e-05,7.871605025000873e-05,7.868101720312873e-05,7.864602541463554e-05,7.861107480562701e-05,7.857616529742053e-05,7.85412968115348e-05,7.850646926969794e-05,7.847168259384426e-05,7.843693670611756e-05,7.840223152886524e-05,7.836756698463053e-05,7.83329429961754e-05,7.829835948645169e-05,7.826381637861314e-05,7.822931359603564e-05,7.819485106227547e-05,7.816042870108887e-05,7.812604643644703e-05,7.809170419250339e-05,7.80574018936238e-05,7.802313946436125e-05,7.798891682947211e-05,7.795473391392057e-05,7.792059064181406e-05,7.788648693952617e-05,7.785242273258013e-05,7.781839794671213e-05,7.77844125085855e-05,7.775046634358057e-05,7.771655937788765e-05,7.768269153655222e-05,7.76488627479398e-05,7.761507293882847e-05,7.758132203640934e-05,7.754760996781186e-05,7.751393666051391e-05,7.748030204217462e-05,7.744670604069356e-05,7.741314858396384e-05,7.737962960024979e-05,7.734614901785542e-05,7.73127067654347e-05,7.727930277162391e-05,7.72459369654677e-05,7.721260927604161e-05,7.717931963262317e-05,7.714606796469882e-05,7.71128542018929e-05,7.707967827403339e-05,7.704654011119445e-05,7.70134396435438e-05,7.698037680144494e-05,7.694735151550612e-05,7.691436371636047e-05,7.68814133349692e-05,7.684850030245371e-05,7.681562455001529e-05,7.678278600903696e-05,7.674998461124632e-05,7.671722028835974e-05,7.668449297229488e-05,7.665180259525333e-05,7.661914909059372e-05,7.658653238963577e-05,7.655395240891322e-05,7.652140911342901e-05,7.64889024173479e-05,7.645643225938089e-05,7.642399856952195e-05,7.639160128752922e-05,7.63592403379216e-05,7.632691565640629e-05,7.629462717754937e-05,7.626237483649422e-05,7.623015856756185e-05,7.619797830523587e-05,7.616583398419548e-05,7.613372553923427e-05,7.610165290538013e-05,7.606961601772227e-05,7.603761481156143e-05,7.60056492224129e-05,7.597371918585628e-05,7.594182463777607e-05,7.590996551400944e-05,7.58781417507422e-05,7.58463532842913e-05,7.581460005093563e-05,7.578288198738936e-05,7.575119903034793e-05,7.571955111675406e-05,7.568793818360228e-05,7.565636016813637e-05,7.562481700774181e-05,7.55933086399951e-05,7.556183500252036e-05,7.553039603749947e-05,7.549899168270027e-05,7.546762186281852e-05,7.543628652557458e-05,7.540498560832018e-05,7.537371905397044e-05,7.534248679657062e-05,7.531128877783064e-05,7.528012493531663e-05,7.524899520830624e-05,7.521789953458351e-05,7.518683785626421e-05,7.515581011082722e-05,7.512481624165296e-05,7.509385618411936e-05,7.506292988037778e-05,7.503203727436762e-05,7.500117830147925e-05,7.497035290176771e-05,7.493956101779836e-05,7.490880259024273e-05,7.487807756012398e-05,7.484738586691653e-05,7.481672745398981e-05,7.478610226431048e-05,7.475551024089699e-05,7.472495133616685e-05,7.469442547648977e-05,7.466393259172655e-05,7.463347263924583e-05,7.460304555931236e-05,7.457265129897754e-05,7.45422897814818e-05,7.451196097509447e-05,7.448166481038023e-05,7.445140123072864e-05,7.442117018006862e-05,7.439097159905682e-05,7.436080543542921e-05,7.433067162932473e-05,7.430057013037354e-05,7.427050087534395e-05,7.424046380874097e-05,7.421045887728426e-05,7.418048602534895e-05,7.41505451968721e-05,7.412063633510555e-05,7.409075938589258e-05,7.406091429330629e-05,7.403110100221963e-05,7.400131945522457e-05,7.39715696026732e-05,7.394185138720516e-05,7.391216475374768e-05,7.388250964798323e-05,7.38528860156552e-05,7.382329380257073e-05,7.37937329546265e-05,7.376420342213078e-05,7.373470514694886e-05,7.370523807544185e-05,7.367580215414626e-05,7.364639732945019e-05,7.361702354816125e-05,7.358768075688597e-05,7.355836890267832e-05,7.35290879278736e-05,7.349983778423502e-05,7.347061842034525e-05,7.344142978079341e-05,7.341227181418937e-05,7.338314446860721e-05,7.335404769197072e-05,7.332498143190499e-05,7.329594563665356e-05,7.32669402536841e-05,7.323796523256548e-05,7.320902052103074e-05,7.318010607050756e-05,7.31512218231995e-05,7.312236773186424e-05,7.309354374452824e-05,7.30647498125405e-05,7.303598588149842e-05,7.300725190201921e-05,7.29785478257527e-05,7.294987359877837e-05,7.292122914553405e-05,7.28926144655287e-05,7.286402949225715e-05,7.283547416310428e-05,7.28069484350918e-05,7.27784522556275e-05,7.274998557475884e-05,7.272154834718561e-05,7.26931405203903e-05,7.266476204730902e-05,7.263641287161735e-05,7.260809295192793e-05,7.257980223733121e-05,7.255154067637556e-05,7.2523308221191e-05,7.249510482343824e-05,7.246693043715031e-05,7.243878501333452e-05,7.241066850118132e-05,7.238258085167547e-05,7.235452202019719e-05,7.232649196382138e-05,7.229849062099204e-05,7.22705179508177e-05,7.224257390614131e-05,7.221465843844863e-05,7.218677150371411e-05,7.215891304858904e-05,7.213108302986382e-05,7.210328139664375e-05,7.207550811155681e-05,7.204776311610566e-05,7.202004636504161e-05,7.199235781464708e-05,7.196469741592886e-05,7.193706513124332e-05,7.190946090789682e-05,7.188188469815925e-05,7.185433645965297e-05,7.18268161412812e-05,7.179932370061798e-05,7.17718590922487e-05,7.174442227036207e-05,7.171701318659352e-05,7.168963179683891e-05,7.166227805258224e-05,7.163495191417769e-05,7.160765333402194e-05,7.158038226780347e-05,7.155313866946206e-05,7.152592249439854e-05,7.149873369676309e-05,7.147157223306347e-05,7.144443805823234e-05,7.14173311286514e-05,7.13902513979403e-05,7.136319882293915e-05,7.1336173359419e-05,7.130917496280216e-05,7.128220358956944e-05,7.125525919631801e-05,7.122834173867644e-05,7.120145117292817e-05,7.117458745545308e-05,7.114775054159933e-05,7.112094038769767e-05,7.109415695559209e-05,7.106740019573578e-05,7.104067007141511e-05,7.101396653649837e-05,7.098728954303083e-05,7.096063905271847e-05,7.093401502248297e-05,7.090741740970544e-05,7.088084617089453e-05,7.085430126558334e-05,7.082778264918086e-05,7.080129028200221e-05,7.077482411974338e-05,7.074838412020593e-05,7.07219702428861e-05,7.069558244891596e-05,7.066922068913804e-05,7.064288492545975e-05,7.06165751160233e-05,7.059029121955322e-05,7.056403320210922e-05,7.053780100445301e-05,7.051159459837773e-05,7.048541394001215e-05,7.045925898828577e-05,7.04331297022169e-05,7.040702604091577e-05,7.038094796358254e-05,7.035489542950658e-05,7.03288683980678e-05,7.030286682873479e-05,7.027689068106582e-05,7.025093991470817e-05,7.022501448939795e-05,7.019911436495901e-05,7.017323950130423e-05,7.014738985843402e-05,7.012156539643639e-05,7.009576607760284e-05,7.006999185061052e-05,7.004424269721364e-05,7.001851855773608e-05,6.999281938904204e-05,6.996714517934389e-05,6.994149587350563e-05,6.991587143406576e-05,6.989027181775093e-05,6.986469698967231e-05,6.98391469074901e-05,6.98136215343229e-05,6.978812083103125e-05,6.976264475872231e-05,6.973719327917846e-05,6.971176635495158e-05,6.968636394451187e-05,6.966098600797859e-05,6.963563251863634e-05,6.961030342501102e-05,6.958499869392452e-05,6.955971828730385e-05,6.953446216716901e-05,6.950923029568187e-05,6.948402263576997e-05,6.945883915385385e-05,6.943367979644705e-05,6.940854454499874e-05,6.93834333530235e-05,6.935834618444474e-05,6.933328300156658e-05,6.930824376530562e-05,6.928322844072968e-05,6.9258236991165e-05,6.923326937884984e-05,6.920832556239462e-05,6.918340551606789e-05,6.915850920036876e-05,6.913363656876247e-05,6.910878759306403e-05,6.908396223458082e-05,6.905916045952551e-05,6.903438221011672e-05,6.900962748262194e-05,6.898489622880478e-05,6.896018841047874e-05,6.89355039900161e-05,6.891084293266519e-05,6.888620518529867e-05,6.886159072964202e-05,6.88369995503203e-05,6.881243158126899e-05,6.87878868091768e-05,6.876336518277691e-05,6.873886666725408e-05,6.871439123413352e-05,6.868993882655734e-05,6.86655094455541e-05,6.864110302061596e-05,6.861671954252735e-05,6.859235896961755e-05,6.856802126777327e-05,6.854370639900405e-05,6.85194143285036e-05,6.849514502150133e-05,6.847089844529899e-05,6.844667456386724e-05,6.842247334220685e-05,6.83982947444198e-05,6.837413873407298e-05,6.835000528340882e-05,6.83258943497952e-05,6.83018059100132e-05,6.827773992443216e-05,6.825369636003718e-05,6.822967518582426e-05,6.820567637108371e-05,6.818169986882129e-05,6.815774565378399e-05,6.813381367733084e-05,6.810990392082726e-05,6.808601635580137e-05,6.806215094321123e-05,6.80383076380981e-05,6.801448641039314e-05,6.799068723714682e-05,6.796691009592997e-05,6.794315492995755e-05,6.791942172616137e-05,6.789571044183036e-05,6.78720210436644e-05,6.784835349965121e-05,6.782470777608037e-05,6.780108384191273e-05,6.777748166219465e-05,6.775390121003096e-05,6.773034244092035e-05,6.770680531562425e-05,6.768328983074788e-05,6.765979594272695e-05,6.763632361696275e-05,6.761287279537169e-05,6.758944349668926e-05,6.756603566311719e-05,6.754264927809987e-05,6.751928427957002e-05,6.749594063743818e-05,6.747261833972142e-05,6.744931735582747e-05,6.74260376263663e-05,6.740277914636662e-05,6.73795418921334e-05,6.735632581483785e-05,6.733313088820631e-05,6.730995708140157e-05,6.728680435875674e-05,6.726367271948012e-05,6.72405621042745e-05,6.721747245675783e-05,6.719440377189519e-05,6.71713560160816e-05,6.714832915350465e-05,6.71253231579238e-05,6.71023380143618e-05,6.707937367906488e-05,6.705643010535997e-05,6.703350728221093e-05,6.701060520171056e-05,6.69877237926603e-05,6.696486305699663e-05,6.694202294535278e-05,6.691920341779938e-05,6.689640445530665e-05,6.68736260291169e-05,6.685086810888838e-05,6.682813066310142e-05,6.680541366716966e-05,6.678271708311453e-05,6.676004088627488e-05,6.673738504520726e-05,6.671474952871249e-05,6.669213431131879e-05,6.666953936158778e-05,6.664696465099917e-05,6.662441014915062e-05,6.660187582657462e-05,6.657936165412401e-05,6.655686760112799e-05,6.653439363972198e-05,6.651193974177328e-05,6.648950587609898e-05,6.646709201477042e-05,6.644469813239619e-05,6.642232419533705e-05,6.63999701774248e-05,6.637763604725606e-05,6.635532177383017e-05,6.633302732003177e-05,6.631075268079198e-05,6.628849781768328e-05,6.62662627014806e-05,6.624404728409858e-05,6.62218515721116e-05,6.619967551965178e-05,6.617751910252805e-05,6.615538228863003e-05,6.613326504192634e-05,6.611116735308273e-05,6.60890891696067e-05,6.606703049331236e-05,6.604499128161087e-05,6.602297148931461e-05,6.600097110491014e-05,6.597899011705673e-05,6.595702851039708e-05,6.593508620116484e-05,6.591316318934723e-05,6.589125944765427e-05,6.586937497861106e-05,6.584750972721925e-05,6.582566363095165e-05,6.5803836693094e-05,6.578202888551285e-05,6.576024018618163e-05,6.573847055775993e-05,6.571671999058452e-05,6.569498844845965e-05,6.567327590111118e-05,6.565158232447782e-05,6.562990769175537e-05,6.560825197593599e-05,6.558661515031386e-05,6.556499718810166e-05,6.55433980625051e-05,6.552181774703076e-05,6.550025621529626e-05,6.547871344043524e-05,6.545718939596666e-05,6.543568405542987e-05,6.541419739556313e-05,6.539272938602184e-05,6.537128000082112e-05,6.534984921370144e-05,6.532843699981116e-05,6.530704332997499e-05,6.528566818108519e-05,6.526431152947862e-05,6.524297334690341e-05,6.522165360021059e-05,6.520035227344316e-05,6.517906933839834e-05,6.515780476547063e-05,6.513655853513736e-05,6.511533061917245e-05,6.509412098608528e-05,6.50729296201267e-05,6.505175648942695e-05,6.503060157353604e-05,6.500946482696964e-05,6.498834625597702e-05,6.4967245818357e-05,6.49461634851116e-05,6.49250992410571e-05,6.49040530609369e-05,6.488302491156075e-05,6.486201477320812e-05,6.484102262017262e-05,6.482004842895637e-05,6.479909217540624e-05,6.477815382602158e-05,6.47572333602999e-05,6.473633075456696e-05,6.471544598444843e-05,6.469457902479976e-05,6.467372985111677e-05,6.465289843622696e-05,6.463208476020482e-05,6.461128879643723e-05,6.459051052032177e-05,6.456974993150887e-05,6.454900696282612e-05,6.45282816027176e-05,6.45075738361132e-05,6.448688363406181e-05,6.446621097369128e-05,6.444555583377641e-05,6.442491818497096e-05,6.440429800580329e-05,6.438369527133982e-05,6.4363109956954e-05,6.434254204298224e-05,6.432199150380209e-05,6.430145831331755e-05,6.428094245084873e-05,6.42604438899924e-05,6.42399626075605e-05,6.421949858200033e-05,6.419905178105334e-05,6.417862219376093e-05,6.415820979379916e-05,6.413781455212317e-05,6.411743643547592e-05,6.409707544685588e-05,6.407673154246537e-05,6.405640471272907e-05,6.403609492960611e-05,6.401580215696758e-05,6.399552640207675e-05,6.397526761361432e-05,6.395502577657912e-05,6.393480085633326e-05,6.391459285304684e-05,6.389440173236052e-05,6.387422747474289e-05,6.38540700532419e-05,6.383392944440654e-05,6.381380562998851e-05,6.379369857809083e-05,6.377360827494849e-05,6.37535347015411e-05,6.37334778256081e-05,6.371343763028975e-05,6.369341409296878e-05,6.367340718953473e-05,6.365341689380649e-05,6.363344320814769e-05,6.361348606903661e-05,6.359354547442369e-05,6.357362140399149e-05,6.355371383397543e-05,6.353382274164509e-05,6.351394810487816e-05,6.349408991794019e-05,6.34742481261544e-05,6.345442272216976e-05,6.343461368739767e-05,6.341482099984844e-05,6.33950446323107e-05,6.337528456592177e-05,6.335554078018294e-05,6.333581325269781e-05,6.331610196042715e-05,6.329640688421444e-05,6.327672800116958e-05,6.325706529006968e-05,6.323741872200454e-05,6.321778827817693e-05,6.319817395217706e-05,6.31785757120507e-05,6.315899353723251e-05,6.313942740387871e-05,6.311987729176657e-05,6.310034319692986e-05,6.30808250647537e-05,6.306132289024247e-05,6.304183665151327e-05,6.302236632794409e-05,6.300291189747942e-05,6.29834733412169e-05,6.296405063719732e-05,6.294464376360988e-05,6.292525270015771e-05,6.290587742614369e-05,6.288651792033042e-05,6.286717416194118e-05,6.284784612873757e-05,6.282853380240159e-05,6.280923716555429e-05,6.27899561888405e-05,6.277069086039612e-05,6.275144115483416e-05,6.273220704944029e-05,6.271298852943964e-05,6.26937855663432e-05,6.267459815138448e-05,6.265542625737272e-05,6.263626986430469e-05,6.261712895170061e-05,6.259800350253157e-05,6.257889348969118e-05,6.255979889650996e-05,6.25407197038904e-05,6.252165589056647e-05,6.250260743649031e-05,6.248357432166902e-05,6.246455652495583e-05,6.24455540261576e-05,6.242656680651573e-05,6.24075948459758e-05,6.238863812601049e-05,6.236969662744446e-05,6.235077032848004e-05,6.233185920764665e-05,6.231296324812115e-05,6.22940824279529e-05,6.227521672880848e-05,6.225636613033774e-05,6.22375306137087e-05,6.221871015895078e-05,6.219990474810352e-05,6.218111435439811e-05,6.216233898067366e-05,6.214357857869798e-05,6.212483314059149e-05,6.210610264680626e-05,6.208738707971034e-05,6.206868641945679e-05,6.205000064916642e-05,6.203132974106621e-05,6.201267368429124e-05,6.199403246847024e-05,6.19754060518868e-05,6.195679442469098e-05,6.19381975728772e-05,6.191961547404856e-05,6.190104810916727e-05,6.188249548097694e-05,6.186395752416625e-05,6.184543425272802e-05,6.18269256369864e-05,6.180843166120777e-05,6.178995230693456e-05,6.177148755496868e-05,6.175303738681987e-05,6.173460178175396e-05,6.171618072497507e-05,6.169777419136571e-05,6.16793821709624e-05,6.166100464124947e-05,6.164264158013844e-05,6.162429296966667e-05,6.160595880146427e-05,6.158763904902532e-05,6.156933369840686e-05,6.155104272779791e-05,6.153276611323543e-05,6.15145038432805e-05,6.149625589638051e-05,6.147802226010031e-05,6.145980291544346e-05,6.144159783710897e-05,6.142340701104452e-05,6.140523041953678e-05,6.138706802388333e-05,6.136891984608008e-05,6.135078584848871e-05,6.133266601394403e-05,6.131456032357831e-05,6.129646876274629e-05,6.127839130588515e-05,6.126032794046102e-05,6.124227865027406e-05,6.122424341156484e-05,6.120622220975344e-05,6.11882150274936e-05,6.117022184412885e-05,6.115224264774531e-05,6.113427741834767e-05,6.111632613929723e-05,6.109838879092861e-05,6.108046535636743e-05,6.10625558181038e-05,6.104466015865964e-05,6.102677835978906e-05,6.100891040633236e-05,6.099105627877938e-05,6.0973215960660976e-05,6.095538943548971e-05,6.09375766820709e-05,6.091977768879084e-05,6.09019924345173e-05,6.088422090294017e-05,6.0866463073127935e-05,6.084871893502301e-05,6.083098846910754e-05,6.081327164871839e-05,6.0795568476919e-05,6.0777878923197946e-05,6.0760202972488915e-05,6.0742540608122106e-05,6.0724891807492854e-05,6.0707256566222837e-05,6.068963485789951e-05,6.0672026667966166e-05,6.065443198253486e-05,6.06368507814673e-05,6.0619283048538075e-05,6.060172876720186e-05,6.058418791988258e-05,6.0566660491933555e-05,6.054914646509682e-05,6.053164582269098e-05,6.0514158548774116e-05,6.049668462714328e-05,6.047922403978159e-05,6.0461776771630934e-05,6.044434280661906e-05,6.042692212713066e-05,6.040951471640043e-05,6.039212056020231e-05,6.037473963962175e-05,6.035737193932198e-05,6.0340017442993266e-05,6.032267613434506e-05,6.030534799713421e-05,6.028803301512746e-05,6.027073117212655e-05,6.02534424520691e-05,6.023616683861006e-05,6.021890431570269e-05,6.0201654867655635e-05,6.018441847769988e-05,6.016719513034766e-05,6.0149984809145267e-05,6.01327874990042e-05,6.0115603183235926e-05,6.009843184596269e-05,6.0081273470944996e-05,6.006412804231383e-05,6.00469955433888e-05,6.002987596890899e-05,6.001276928906827e-05,5.9995675489476797e-05,5.997859455767767e-05,5.996152647796171e-05,5.994447122638469e-05,5.992742879662702e-05,5.991039917809891e-05,5.989338234906699e-05,5.9876378293968064e-05,5.985938699720953e-05,5.9842408443318e-05,5.982544261676305e-05,5.9808489503030565e-05,5.979154908011572e-05,5.9774621345653105e-05,5.975770627940118e-05,5.974080386074621e-05,5.972391407681819e-05,5.970703691245039e-05,5.969017235219292e-05,5.9673320380895244e-05,5.965648097991044e-05,5.9639654137472456e-05,5.9622839839206405e-05,5.960603807009442e-05,5.958924881436511e-05,5.957247205638482e-05,5.955570778094188e-05,5.953895597327842e-05,5.95222166187085e-05,5.9505489701856756e-05,5.948877520657609e-05,5.947207311636327e-05,5.945538341892035e-05,5.9438706099395556e-05,5.942204114297902e-05,5.9405388534698566e-05,5.93887482597146e-05,5.937212030320517e-05,5.9355504650398154e-05,5.933890128662376e-05,5.932231019702754e-05,5.9305731366910815e-05,5.928916478161956e-05,5.9272610426428024e-05,5.925606828674092e-05,5.923953834797869e-05,5.922302059541385e-05,5.9206515014582334e-05,5.919002159085016e-05,5.9173540309735325e-05,5.91570711567835e-05,5.914061411747482e-05,5.912416917739946e-05,5.91077363221218e-05,5.909131553713548e-05,5.90749068081394e-05,5.9058510120803234e-05,5.9042125460828156e-05,5.9025752813830715e-05,5.900939216552716e-05,5.8993043501688535e-05,5.8976706808137096e-05,5.896038207052702e-05,5.894406927473525e-05,5.892776840664465e-05,5.891147945200715e-05,5.8895202396746475e-05,5.8878937226670934e-05,5.886268392784356e-05,5.884644248615828e-05,5.883021288762889e-05,5.881399511823275e-05,5.8797789163887456e-05,5.8781595010770186e-05,5.876541264483532e-05,5.874924205228956e-05,5.873308321906316e-05,5.871693613149949e-05,5.8700800775477175e-05,5.8684677137407244e-05,5.8668565203437805e-05,5.8652464959825436e-05,5.863637639252988e-05,5.862029948833917e-05,5.860423423308722e-05,5.858818061317233e-05,5.85721386151161e-05,5.8556108225091086e-05,5.854008942947196e-05,5.852408222054736e-05,5.8508086573222694e-05,5.84921024854011e-05,5.847612993782568e-05,5.84601689169703e-05,5.844421940936114e-05,5.842828140888287e-05,5.841235488735817e-05,5.839643983624835e-05,5.838053624501899e-05,5.83646440997216e-05,5.834876338947458e-05,5.833289409913592e-05,5.831703621463381e-05,5.830118971988547e-05,5.828535460635397e-05,5.826953086163059e-05,5.8253718461445684e-05,5.823791740606821e-05,5.822212767757517e-05,5.820634926253944e-05,5.8190582150337224e-05,5.817482632281771e-05,5.81590817831506e-05,5.814334849104233e-05,5.8127626460393856e-05,5.811191565107033e-05,5.8096216063933354e-05,5.8080527686258485e-05,5.8064850503612556e-05,5.8049184502997386e-05,5.803352967472686e-05,5.8017886003159617e-05,5.8002253475854094e-05,5.7986632079900414e-05,5.797102180245396e-05,5.795542263102738e-05,5.7939834552473815e-05,5.792425755400135e-05,5.790869162283209e-05,5.789313674601549e-05,5.7877592909581005e-05,5.7862060104458685e-05,5.7846538315019596e-05,5.783102753216644e-05,5.781552773762968e-05,5.7800038922247534e-05,5.778456107009598e-05,5.7769094174349886e-05,5.77536382193295e-05,5.7738193191149894e-05,5.772275907862704e-05,5.770733586690894e-05,5.769192354674477e-05,5.767652210761402e-05,5.766113153107694e-05,5.764575181538397e-05,5.7630382934617266e-05,5.761502488227809e-05,5.7599677645528804e-05,5.7584341212876336e-05,5.756901557175788e-05,5.755370071099148e-05,5.753839661589584e-05,5.752310327533243e-05,5.750782067707238e-05,5.7492548808590354e-05,5.7477287657978375e-05,5.7462037194172506e-05,5.74467974330145e-05,5.743156836405346e-05,5.7416349964155203e-05,5.7401142216226264e-05,5.7385945117577665e-05,5.737075865181928e-05,5.73555828074893e-05,5.734041757307737e-05,5.7325262934322316e-05,5.731011887957742e-05,5.7294985398705915e-05,5.727986247860757e-05,5.7264750107336975e-05,5.724964827296683e-05,5.723455696358126e-05,5.72194761672758e-05,5.720440587219354e-05,5.718934606646463e-05,5.717429673826461e-05,5.715925787576329e-05,5.714422946716169e-05,5.712921150067681e-05,5.711420396455278e-05,5.709920684704076e-05,5.708422013641852e-05,5.706924382096639e-05,5.7054277889004586e-05,5.703932232884746e-05,5.702437712884713e-05,5.700944227737105e-05,5.6994517762789914e-05,5.6979603573516204e-05,5.69646996979501e-05,5.6949806124552e-05,5.693492284175286e-05,5.692004983804188e-05,5.6905187101901326e-05,5.6890334621842976e-05,5.687549238639116e-05,5.6860660384074025e-05,5.684583860347336e-05,5.6831027033154244e-05,5.681622566172988e-05,5.680143447780265e-05,5.678665347000242e-05,5.677188262698192e-05,5.675712193739986e-05,5.6742371389952666e-05,5.672763097333609e-05,5.671290067625789e-05,5.669818048747737e-05,5.668347039573009e-05,5.6668770389801974e-05,5.6654080458470266e-05,5.663940059055123e-05,5.662473077485325e-05,5.66100710002361e-05,5.6595421255529526e-05,5.6580781529624366e-05,5.656615181140381e-05,5.655153208979699e-05,5.6536922353707634e-05,5.652232259209218e-05,5.650773279389809e-05,5.649315294811703e-05,5.647858304373638e-05,5.646402306974473e-05,5.644947301519479e-05,5.643493286911967e-05,5.6420402620590295e-05,5.640588225867587e-05,5.639137177247783e-05,5.637687115109791e-05,5.636238038366897e-05,5.634789945933255e-05,5.6333428367247684e-05,5.631896709658864e-05,5.6304515636559914e-05,5.629007397635745e-05,5.627564210469607e-05,5.626122001186426e-05,5.624680768592597e-05,5.623240511682476e-05,5.621801229400467e-05,5.620362920662299e-05,5.618925584400052e-05,5.6174892195495876e-05,5.61605382504414e-05,5.614619399822161e-05,5.6131859428231315e-05,5.611753452986781e-05,5.6103219292558445e-05,5.608891370544808e-05,5.607461775855675e-05,5.606033144108001e-05,5.604605474249483e-05,5.603178765230657e-05,5.601753016002943e-05,5.600328225507672e-05,5.598904392711624e-05,5.597481516571919e-05,5.59605959602921e-05,5.59463862987166e-05,5.593218617541082e-05,5.5917995577194415e-05,5.5903814493522496e-05,5.588964291463866e-05,5.5875480828521634e-05,5.5861328227130573e-05,5.5847185100196234e-05,5.583305143549484e-05,5.581892722514358e-05,5.5804812456190794e-05,5.579070712058812e-05,5.5776611206872314e-05,5.576252470415531e-05,5.574844759938185e-05,5.573437988773466e-05,5.572032155859272e-05,5.570627259957724e-05,5.5692233001665415e-05,5.567820275476873e-05,5.5664181848895996e-05,5.5650170273792466e-05,5.563616801946695e-05,5.562217507601957e-05,5.560819143376403e-05,5.5594217082814164e-05,5.558025201144772e-05,5.5566296210849675e-05,5.5552349670482286e-05,5.5538412381306385e-05,5.552448433296797e-05,5.5510565515344075e-05,5.549665591803111e-05,5.5482755532760394e-05,5.546886434753517e-05,5.545498235406166e-05,5.544110954123195e-05,5.5427245900504145e-05,5.541339142144354e-05,5.5399546094291616e-05,5.5385709909023005e-05,5.537188285629927e-05,5.5358064926124916e-05,5.534425610875362e-05,5.533045639442387e-05,5.531666577300389e-05,5.53028842356284e-05,5.528911177216001e-05,5.527534837311455e-05,5.526159402842984e-05,5.5247848728662533e-05,5.523411246415486e-05,5.522038522528831e-05,5.520666700242653e-05,5.519295778598912e-05,5.517925756639585e-05,5.516556633406465e-05,5.515188407926732e-05,5.513821079281827e-05,5.5124546465011184e-05,5.5110891086334324e-05,5.5097244647044774e-05,5.508360713768761e-05,5.5069978549221875e-05,5.505635887196724e-05,5.5042748096204124e-05,5.5029146212800505e-05,5.501555321097413e-05,5.5001969084222344e-05,5.498839382138188e-05,5.4974827414962344e-05,5.4961269852561586e-05,5.4947721126210064e-05,5.4934181226587413e-05,5.4920650144383245e-05,5.490712787014212e-05,5.4893614394660904e-05,5.488010970868293e-05,5.4866613802941565e-05,5.485312666818427e-05,5.483964829517812e-05,5.48261786746901e-05,5.481271779757323e-05,5.479926565456776e-05,5.4785822236485067e-05,5.4772387534113656e-05,5.475896153837902e-05,5.4745544240089456e-05,5.473213563008722e-05,5.471873569926201e-05,5.4705344438580046e-05,5.469196183886232e-05,5.4678587891065914e-05,5.466522258300364e-05,5.465186591186636e-05,5.463851786802888e-05,5.4625178434412577e-05,5.461184760902498e-05,5.459852538169292e-05,5.458521174328331e-05,5.4571906692359705e-05,5.455861020776236e-05,5.454532228156215e-05,5.453204290574055e-05,5.4518772074741415e-05,5.450550977920043e-05,5.449225601469389e-05,5.447901076506031e-05,5.446577402385233e-05,5.4452545784969756e-05,5.4439326032941006e-05,5.4426114763912915e-05,5.4412911966852465e-05,5.4399717635165084e-05,5.438653175890273e-05,5.4373354329320424e-05,5.436018533765721e-05,5.434702477515117e-05,5.433387263294158e-05,5.432072890246524e-05,5.430759357505919e-05,5.429446664177177e-05,5.4281348094155684e-05,5.426823792306676e-05,5.425513612052813e-05,5.424204267749113e-05,5.4228957584977e-05,5.4215880835136494e-05,5.420281241897477e-05,5.418975232779419e-05,5.417670055314306e-05,5.4163657086377974e-05,5.415062191867242e-05,5.413759504192843e-05,5.412457644731648e-05,5.411156612640582e-05,5.409856407054057e-05,5.408557027132375e-05,5.407258472027304e-05,5.4059607408939266e-05,5.4046638328794435e-05,5.403367747130314e-05,5.4020724828170914e-05,5.400778039075226e-05,5.3994844150852245e-05,5.3981916099893105e-05,5.3968996229568494e-05,5.395608453144188e-05,5.394318099709934e-05,5.393028562503701e-05,5.391739839329161e-05,5.3904519300302606e-05,5.389164833874429e-05,5.3878785498296515e-05,5.386593077239264e-05,5.385308415144255e-05,5.384024563326935e-05,5.382741520503614e-05,5.38145928509675e-05,5.3801778569942656e-05,5.378897235920818e-05,5.377617419762299e-05,5.376338408492832e-05,5.375060201086446e-05,5.373782797774991e-05,5.372506195827964e-05,5.371230395384646e-05,5.369955395630244e-05,5.368681195749803e-05,5.367407794931255e-05,5.3661351923610696e-05,5.3648633872296454e-05,5.3635923787267985e-05,5.362322166043339e-05,5.3610527483716825e-05,5.359784124906399e-05,5.358516294841658e-05,5.357249257373509e-05,5.355983012573189e-05,5.3547175578883485e-05,5.353452893396017e-05,5.352189018293728e-05,5.350925931785314e-05,5.349663633072199e-05,5.348402121358141e-05,5.347141395848e-05,5.3458814557479934e-05,5.3446223002654425e-05,5.343363928607679e-05,5.342106339985079e-05,5.340849533607159e-05,5.339593508685587e-05,5.3383382644337135e-05,5.337083800064778e-05,5.335830114794201e-05,5.334577207836165e-05,5.3333250784093754e-05,5.3320737257312516e-05,5.330823149020561e-05,5.329573347519384e-05,5.32832432040585e-05,5.32707606689075e-05,5.3258285862532685e-05,5.324581877201844e-05,5.323335939961345e-05,5.322090773252578e-05,5.320846376303192e-05,5.319602748343672e-05,5.318359888602066e-05,5.31711779630946e-05,5.315876470698897e-05,5.314635910928949e-05,5.313396116382224e-05,5.31215708614768e-05,5.310918819532304e-05,5.309681315853152e-05,5.3084445741928037e-05,5.307208593871401e-05,5.305973373942457e-05,5.304738913122193e-05,5.303505212310442e-05,5.3022722698035186e-05,5.30104008486878e-05,5.299808656727471e-05,5.298577984662445e-05,5.297348067848495e-05,5.2961189055794684e-05,5.29489049709223e-05,5.293662841647108e-05,5.2924359385827145e-05,5.291209786997143e-05,5.28998438616797e-05,5.288759735402937e-05,5.287535833962405e-05,5.286312681087279e-05,5.2850902760375844e-05,5.283868618195147e-05,5.2826477065759034e-05,5.281427540572954e-05,5.280208119368427e-05,5.278989442300093e-05,5.277771507732123e-05,5.276554316687287e-05,5.275337867665732e-05,5.274122159767442e-05,5.272907192481092e-05,5.271692964836617e-05,5.270479475991822e-05,5.2692667257055195e-05,5.268054712881646e-05,5.2668434368438277e-05,5.265632896904702e-05,5.26442309232968e-05,5.263214022395867e-05,5.2620056863816276e-05,5.2607980835236916e-05,5.25959121314412e-05,5.258385074525265e-05,5.257179666943613e-05,5.255974989756981e-05,5.254771042104179e-05,5.25356782333957e-05,5.252365332820233e-05,5.251163569690886e-05,5.249962533307248e-05,5.24876222295778e-05,5.2475626380025046e-05,5.2463637776614794e-05,5.24516564122427e-05,5.243968227982545e-05,5.242771537229668e-05,5.241575568259149e-05,5.240380320365089e-05,5.239185792844093e-05,5.237991984991521e-05,5.2367988961056394e-05,5.235606525414108e-05,5.234414872287037e-05,5.233223936024985e-05,5.232033715928191e-05,5.230844211300158e-05,5.229655421442923e-05,5.228467345732201e-05,5.2272799833315075e-05,5.2260933336166665e-05,5.2249073959608675e-05,5.2237221695416495e-05,5.2225376544295367e-05,5.2213538487300624e-05,5.220170752169451e-05,5.218988364065431e-05,5.217806683875715e-05,5.216625710858609e-05,5.215445444318331e-05,5.2142658835814995e-05,5.213087027933903e-05,5.2119088767256526e-05,5.2107314292536686e-05,5.2095546848093936e-05,5.2083786430541466e-05,5.207203302679103e-05,5.206028662878415e-05,5.204854724012152e-05,5.2036814842249774e-05,5.202508943953956e-05,5.2013371020528385e-05,5.2001659578039205e-05,5.1989955105338426e-05,5.197825759570214e-05,5.1966567042396385e-05,5.1954883438381014e-05,5.1943206777631795e-05,5.193153705142894e-05,5.19198742566461e-05,5.1908218384760544e-05,5.189656942919022e-05,5.1884927387310724e-05,5.187329224636811e-05,5.186166399975115e-05,5.1850042643347254e-05,5.18384281694837e-05,5.1826820564592526e-05,5.181521983742418e-05,5.180362597312896e-05,5.179203896591558e-05,5.1780458809049146e-05,5.176888549591802e-05,5.175731901958902e-05,5.174575937378427e-05,5.173420655228964e-05,5.172266054780956e-05,5.171112135538153e-05,5.1699588966058535e-05,5.1688063375142086e-05,5.167654457558292e-05,5.166503256098849e-05,5.165352732488357e-05,5.164202886072638e-05,5.163053716274978e-05,5.161905222374036e-05,5.160757403363796e-05,5.159610259314785e-05,5.158463789277193e-05,5.1573179925526086e-05,5.1561728680426935e-05,5.155028416051116e-05,5.153884634746548e-05,5.1527415249574394e-05,5.1515990853365635e-05,5.150457315258798e-05,5.149316214016234e-05,5.148175781012828e-05,5.147036015618153e-05,5.145896917229172e-05,5.1447584852209784e-05,5.14362071878633e-05,5.1424836169204055e-05,5.141347180099213e-05,5.1402114071680934e-05,5.139076296886654e-05,5.1379418495941464e-05,5.1368080643163066e-05,5.1356749402860033e-05,5.134542476926623e-05,5.133410673638053e-05,5.132279529805846e-05,5.1311490448048477e-05,5.1300192179789227e-05,5.1288900487145e-05,5.1277615365462075e-05,5.126633680593565e-05,5.125506480327811e-05,5.124379935170453e-05,5.123254044386888e-05,5.122128807572726e-05,5.12100422400057e-05,5.119880293108127e-05,5.118757014311844e-05,5.1176343868433964e-05,5.116512410582365e-05,5.1153910840890765e-05,5.1142704071508756e-05,5.113150379240987e-05,5.112030999628421e-05,5.110912267835932e-05,5.109794183034124e-05,5.108676745606159e-05,5.107559953358025e-05,5.106443806454039e-05,5.105328304582493e-05,5.104213446490442e-05,5.103099232040693e-05,5.101985660411615e-05,5.100872731076406e-05,5.099760443531122e-05,5.098648797022828e-05,5.0975377910626714e-05,5.096427425044119e-05,5.0953176983164863e-05,5.094208610282442e-05,5.09310016041383e-05,5.091992348080839e-05,5.0908851725517196e-05,5.089778633488409e-05,5.08867273017688e-05,5.087567462035348e-05,5.086462828452471e-05,5.085358828868633e-05,5.0842554627041903e-05,5.083152729318318e-05,5.082050628214837e-05,5.0809491586742654e-05,5.0798483201311995e-05,5.0787481120954613e-05,5.0776485339055745e-05,5.076549584971338e-05,5.0754512649081865e-05,5.07435357297997e-05,5.073256508458869e-05,5.0721600709008155e-05,5.071064259656706e-05,5.069969074276894e-05,5.068874514111107e-05,5.067780579120532e-05,5.066687267232799e-05,5.065594579289738e-05,5.064502514451013e-05,5.063411071761757e-05,5.0623202515631306e-05,5.061230052860649e-05,5.0601404737208286e-05,5.0590515146151826e-05,5.0579631750838835e-05,5.0568754543325086e-05,5.055788351933704e-05,5.054701867831514e-05,5.053616000399586e-05,5.052530749576835e-05,5.051446114812037e-05,5.050362095518081e-05,5.049278691154236e-05,5.048195901139716e-05,5.04711372491371e-05,5.046032161994746e-05,5.04495121180064e-05,5.043870873531976e-05,5.042791146952742e-05,5.0417120313077496e-05,5.040633526603624e-05,5.039555631604147e-05,5.038478344734914e-05,5.0374016674424105e-05,5.036325596417513e-05,5.03525013495536e-05,5.034175280562095e-05,5.0331010327064456e-05,5.032027390855033e-05,5.0309543543956564e-05,5.029881922794142e-05,5.0288100952690784e-05,5.027738871721248e-05,5.026668251283046e-05,5.0255982336246966e-05,5.0245288179544556e-05,5.0234600041781745e-05,5.0223917912026346e-05,5.0213241788692666e-05,5.02025716748154e-05,5.0191907543276235e-05,5.0181249399753914e-05,5.017059723745885e-05,5.015995105377168e-05,5.01493108420915e-05,5.013867659692096e-05,5.012804831286523e-05,5.01174259844769e-05,5.010680960872396e-05,5.009619917271571e-05,5.0085594678760105e-05,5.0074996119281714e-05,5.00644034950155e-05,5.005381678236276e-05,5.00432359924219e-05,5.003266111483887e-05,5.0022092146125626e-05,5.001152907867776e-05,5.000097191519561e-05,4.999042063522841e-05,4.997987523906626e-05,4.9969335724515525e-05,4.995880208675698e-05,4.9948274314787726e-05,4.99377524114639e-05,4.9927236370575936e-05,4.9916726181393346e-05,4.990622184109991e-05,4.989572333954836e-05,4.988523068098551e-05,4.9874743855816696e-05,4.986426285923505e-05,4.9853787686979334e-05,4.984331833088419e-05,4.983285478601984e-05,4.982239704746287e-05,4.981194511036941e-05,4.9801498969583194e-05,4.979105862053524e-05,4.978062406109141e-05,4.9770195281166474e-05,4.975977227211359e-05,4.97493550356879e-05,4.973894356488683e-05,4.9728537849026224e-05,4.9718137892596674e-05,4.9707743686533685e-05,4.969735522517912e-05,4.968697250439374e-05,4.9676595517422095e-05,4.9666224259721174e-05,4.96558587257669e-05,4.9645498922842144e-05,4.9635144823182006e-05,4.9624796432842376e-05,4.9614453746244404e-05,4.960411675643698e-05,4.959378545967449e-05,4.958345985194758e-05,4.957313992758689e-05,4.956282568176771e-05,4.95525171093555e-05,4.9542214204880465e-05,4.9531916963224586e-05,4.952162538010887e-05,4.951133945008793e-05,4.950105916893634e-05,4.9490784528956524e-05,4.948051552886674e-05,4.947025216394728e-05,4.945999442295451e-05,4.944974230581906e-05,4.9439495808441265e-05,4.9429254923240514e-05,4.9419019647624696e-05,4.940878997977566e-05,4.9398565903373516e-05,4.9388347420259366e-05,4.937813452485447e-05,4.936792721273448e-05,4.9357725479156e-05,4.934752931831501e-05,4.9337338723131336e-05,4.9327153694656933e-05,4.9316974225135236e-05,4.930680030606019e-05,4.929663193692265e-05,4.928646911381894e-05,4.927631182967592e-05,4.926616007928026e-05,4.9256013858069095e-05,4.9245873161153455e-05,4.923573798374301e-05,4.9225608320862904e-05,4.921548417095184e-05,4.920536552605931e-05,4.919525237639273e-05,4.918514472176993e-05,4.917504255704947e-05,4.91649458787464e-05,4.915485468468183e-05,4.9144768965444e-05,4.9134688718490246e-05,4.9124613952469904e-05,4.9114544632066427e-05,4.910448078100068e-05,4.9094422370114166e-05,4.908436940444308e-05,4.907432188111878e-05,4.906427978172334e-05,4.905424312858764e-05,4.904421190349151e-05,4.9034186101672055e-05,4.902416571839441e-05,4.901415074890316e-05,4.900414118846272e-05,4.899413703241739e-05,4.8984138276080606e-05,4.897414492253262e-05,4.8964156951327295e-05,4.895417436733593e-05,4.894419716187262e-05,4.8934225333129274e-05,4.8924258875094905e-05,4.891429778395249e-05,4.890434205544651e-05,4.88943916836345e-05,4.888444666448588e-05,4.887450699334607e-05,4.886457266554873e-05,4.885464367644607e-05,4.8844720021386896e-05,4.883480169573079e-05,4.882488870027332e-05,4.8814981019531835e-05,4.880507865255125e-05,4.879518159965033e-05,4.878528985842538e-05,4.87754034173054e-05,4.876552226895336e-05,4.8755646418148416e-05,4.874577585593506e-05,4.873591057150625e-05,4.872605056521998e-05,4.87161958335478e-05,4.870634637644159e-05,4.869650217892317e-05,4.868666324807799e-05,4.867682956636822e-05,4.866700113602778e-05,4.8657177952520014e-05,4.86473600113075e-05,4.863754730785921e-05,4.8627739837653794e-05,4.861793759474838e-05,4.860814057584876e-05,4.8598348775200816e-05,4.858856219233417e-05,4.8578780806693466e-05,4.8569004641379595e-05,4.855923367721212e-05,4.8549467910870266e-05,4.853970733729323e-05,4.8529951952505047e-05,4.8520201751093e-05,4.8510456714677085e-05,4.8500716868033034e-05,4.849098218947983e-05,4.848125267877883e-05,4.8471528329955134e-05,4.846180913835216e-05,4.8452095099699975e-05,4.8442386202097654e-05,4.84326824543275e-05,4.84229838485406e-05,4.841329037743252e-05,4.8403602032720806e-05,4.839391881628807e-05,4.8384240722959845e-05,4.83745677458095e-05,4.8364899882556776e-05,4.835523712946809e-05,4.834557947865114e-05,4.83359269264524e-05,4.832627947609028e-05,4.8316637111994316e-05,4.830699983452364e-05,4.829736763805063e-05,4.828774052133851e-05,4.827811847976051e-05,4.8268501506034474e-05,4.825888959896352e-05,4.824928275147131e-05,4.8239680961988746e-05,4.823008422458777e-05,4.822049253596463e-05,4.821090589908469e-05,4.820132428645874e-05,4.819174771591878e-05,4.818217617707369e-05,4.817260966786007e-05,4.816304817810873e-05,4.815349171493719e-05,4.8143940255960584e-05,4.8134393811371944e-05,4.812485235289038e-05,4.811531590532035e-05,4.810578445863758e-05,4.809625800967685e-05,4.808673654378273e-05,4.807722006003759e-05,4.806770855786762e-05,4.805820203225585e-05,4.804870047884042e-05,4.8039203890440256e-05,4.802971226505635e-05,4.802022559754977e-05,4.801074388491009e-05,4.8001267123245964e-05,4.799179531467011e-05,4.798232844000436e-05,4.797286650888162e-05,4.79634095112877e-05,4.795395743850011e-05,4.794451029105157e-05,4.793506806485673e-05,4.7925630758505546e-05,4.791619836300802e-05,4.790677087224497e-05,4.789734829839727e-05,4.788793061546675e-05,4.7878517833097465e-05,4.786910993816743e-05,4.785970693178393e-05,4.785030880498078e-05,4.784091556181042e-05,4.783152719700808e-05,4.782214370203446e-05,4.781276507587026e-05,4.780339131599829e-05,4.779402241260251e-05,4.7784658361841737e-05,4.7775299164238e-05,4.776594481609811e-05,4.7756595310651816e-05,4.7747250651059155e-05,4.773791082299377e-05,4.772857582454441e-05,4.77192456521388e-05,4.770992029930935e-05,4.7700599772232964e-05,4.769128405750194e-05,4.768197315312064e-05,4.767266705507149e-05,4.766336575890763e-05,4.7654069258243016e-05,4.764477755666064e-05,4.763549063669388e-05,4.762620851196343e-05,4.761693117220627e-05,4.7607658598042944e-05,4.759839081132367e-05,4.758912779190161e-05,4.7579869541366394e-05,4.7570616051598034e-05,4.7561367320714224e-05,4.755212334435933e-05,4.754288411894005e-05,4.7533649642098214e-05,4.7524419906759037e-05,4.751519490989965e-05,4.75059746504274e-05,4.749675912077711e-05,4.748754831768693e-05,4.7478342238736606e-05,4.746914088059592e-05,4.74599442447436e-05,4.745075231262063e-05,4.744156509105452e-05,4.74323825703166e-05,4.742320474969571e-05,4.74140316271576e-05,4.740486319474891e-05,4.739569945394983e-05,4.738654040073157e-05,4.737738602582179e-05,4.736823632320155e-05,4.735909129185354e-05,4.7349950930774096e-05,4.734081523471771e-05,4.733168419990356e-05,4.732255782094073e-05,4.7313436096824145e-05,4.730431902103515e-05,4.729520659227903e-05,4.7286098811510306e-05,4.727699566293804e-05,4.726789714831069e-05,4.7258803264687256e-05,4.7249714008538174e-05,4.7240629373663064e-05,4.7231549359234504e-05,4.722247395961735e-05,4.7213403171285016e-05,4.720433700237732e-05,4.719527542600127e-05,4.718621844971104e-05,4.7177166071868604e-05,4.716811828415623e-05,4.715907508566856e-05,4.715003647282922e-05,4.714100244058222e-05,4.71319729682437e-05,4.7122948087468675e-05,4.7113927776458654e-05,4.710491203202128e-05,4.709590084738312e-05,4.708689422387106e-05,4.7077892156042277e-05,4.7068894638078115e-05,4.705990166913497e-05,4.705091324320896e-05,4.704192935829334e-05,4.703295000908858e-05,4.702397519548264e-05,4.701500490930438e-05,4.700603914738207e-05,4.699707790722932e-05,4.698812118494437e-05,4.697916897666204e-05,4.697022126442148e-05,4.696127807372847e-05,4.6952339385680875e-05,4.694340519769311e-05,4.693447550339068e-05,4.6925550299613436e-05,4.691662958721815e-05,4.690771335973368e-05,4.6898801613485135e-05,4.688989434563163e-05,4.688099155219957e-05,4.687209322881316e-05,4.6863199373950294e-05,4.6854309976983015e-05,4.684542503966514e-05,4.6836544560867e-05,4.682766853580907e-05,4.681879695577187e-05,4.680992982452253e-05,4.6801067131927995e-05,4.679220887743441e-05,4.67833550580185e-05,4.6774505670869655e-05,4.676566070764027e-05,4.675682017277057e-05,4.674798405412512e-05,4.673915235410369e-05,4.673032506448926e-05,4.672150218448475e-05,4.671268371005113e-05,4.6703869633243e-05,4.669505995465002e-05,4.668625467120644e-05,4.66774537830488e-05,4.666865728560357e-05,4.665986516663778e-05,4.6651077421290954e-05,4.6642294065385396e-05,4.6633515078493914e-05,4.662474046400252e-05,4.6615970216474096e-05,4.660720433447327e-05,4.659844280754122e-05,4.658968563871684e-05,4.6580932813469444e-05,4.6572184345707184e-05,4.656344022261986e-05,4.655470044102769e-05,4.6545964998539555e-05,4.653723388888914e-05,4.652850711305586e-05,4.65197846653292e-05,4.6511066542235625e-05,4.6502352740305155e-05,4.6493643256070145e-05,4.648493808606717e-05,4.647623722683771e-05,4.646754067546377e-05,4.645884842742034e-05,4.645016048033544e-05,4.6441476829687095e-05,4.6432797472575455e-05,4.642412240556191e-05,4.641545162521608e-05,4.640678512864924e-05,4.6398122911905004e-05,4.6389464970860486e-05,4.638081130347865e-05,4.637216190495738e-05,4.6363516770866547e-05,4.6354875901951146e-05,4.6346239289938416e-05,4.633760693572302e-05,4.632897883288221e-05,4.632035497682888e-05,4.6311735368809876e-05,4.6303120000216056e-05,4.6294508883327236e-05,4.628590199201138e-05,4.627729933614575e-05,4.626870090591279e-05,4.6260106705135424e-05,4.625151672436666e-05,4.6242930969198245e-05,4.6234349422699296e-05,4.622577208830952e-05,4.621719896268286e-05,4.620863004247703e-05,4.620006532435312e-05,4.619150480497586e-05,4.618294848101386e-05,4.617439634913927e-05,4.6165848406027794e-05,4.615730464835876e-05,4.614876507281556e-05,4.6140229676084814e-05,4.613169845485677e-05,4.612317140582522e-05,4.611464852568816e-05,4.610612981114654e-05,4.6097615258905444e-05,4.6089104865673035e-05,4.608059862816166e-05,4.607209654308662e-05,4.606359860716741e-05,4.6055104817126704e-05,4.604661516969095e-05,4.603812966159024e-05,4.602964828955801e-05,4.6021171050331355e-05,4.6012697940651175e-05,4.600422895726148e-05,4.5995764096910136e-05,4.59873033563485e-05,4.597884673233151e-05,4.5970394221102914e-05,4.5961945820454145e-05,4.595350152663562e-05,4.594506133590238e-05,4.593662524553893e-05,4.592819325232833e-05,4.5919765353047233e-05,4.5911341544475754e-05,4.5902921823402356e-05,4.589450618661823e-05,4.5886094630916615e-05,4.5877687153089686e-05,4.586928374994349e-05,4.586088441827909e-05,4.5852489154906285e-05,4.5844097956636085e-05,4.583571082028287e-05,4.5827327742666306e-05,4.5818948720603916e-05,4.581057375091971e-05,4.5802202830444355e-05,4.5793835956008457e-05,4.5785473124443435e-05,4.577711433259566e-05,4.5768759577301406e-05,4.5760408859140136e-05,4.57520621712169e-05,4.574371951039217e-05,4.5735380873515955e-05,4.572704625373599e-05,4.571871565534263e-05,4.57103890714979e-05,4.570206649905868e-05,4.569374793490543e-05,4.568543337590879e-05,4.567712281894858e-05,4.5668816260910274e-05,4.566051369867779e-05,4.565221512915105e-05,4.5643920549209346e-05,4.5635629955740824e-05,4.5627343345651615e-05,4.5619060715853126e-05,4.5610782063250875e-05,4.560250738474081e-05,4.559423667725099e-05,4.558596993768715e-05,4.557770716296854e-05,4.5569448350022714e-05,4.5561193495767274e-05,4.555294259715281e-05,4.554469565109114e-05,4.553645265452355e-05,4.552821360438546e-05,4.55199784976289e-05,4.551174733119058e-05,4.5503520102020264e-05,4.5495296807075774e-05,4.5487077443306034e-05,4.547886200767542e-05,4.547065049714138e-05,4.5462442908678035e-05,4.545423923923936e-05,4.544603948580622e-05,4.543784364534409e-05,4.542965171484432e-05,4.5421463691286456e-05,4.541327957165111e-05,4.5405099352926775e-05,4.539692303210837e-05,4.5388750606177345e-05,4.53805820721475e-05,4.5372417427007983e-05,4.53642566677717e-05,4.5356099791440415e-05,4.5347946795026275e-05,4.5339797675541404e-05,4.533165243000009e-05,4.5323511055421736e-05,4.531537354883529e-05,4.53072399072656e-05,4.529911012774088e-05,4.5290984207286506e-05,4.5282862142953834e-05,4.527474393176501e-05,4.5266629570768277e-05,4.525851905701576e-05,4.525041238755198e-05,4.524230955942446e-05,4.52342105696892e-05,4.522611541539878e-05,4.521802409362083e-05,4.520993660141867e-05,4.520185293586124e-05,4.5193773094008555e-05,4.518569707294694e-05,4.5177624869745585e-05,4.5169556481479834e-05,4.5161491905236464e-05,4.5153431138100575e-05,4.514537417716595e-05,4.513732101951482e-05,4.5129271662251296e-05,4.5121226102471785e-05,4.511318433727015e-05,4.510514636375392e-05,4.509711217902785e-05,4.508908178021029e-05,4.5081055164410865e-05,4.5073032328736815e-05,4.506501327032039e-05,4.505699798628133e-05,4.5048986473741154e-05,4.5040978729825425e-05,4.503297475167029e-05,4.502497453640947e-05,4.501697808118081e-05,4.500898538312445e-05,4.500099643938243e-05,4.499301124710251e-05,4.4985029803437764e-05,4.49770521055267e-05,4.4969078150532116e-05,4.4961107935621485e-05,4.4953141457945165e-05,4.494517871466948e-05,4.493721970296496e-05,4.492926442000895e-05,4.492131286295984e-05,4.4913365029005844e-05,4.49054209153183e-05,4.489748051909016e-05,4.488954383749659e-05,4.4881610867726865e-05,4.487368160696779e-05,4.4865756052426365e-05,4.485783420128879e-05,4.4849916050760465e-05,4.484200159803585e-05,4.483409084032276e-05,4.482618377484255e-05,4.481828039880313e-05,4.481038070941371e-05,4.480248470388312e-05,4.4794592379436314e-05,4.478670373329637e-05,4.4778818762698384e-05,4.477093746486737e-05,4.4763059837034455e-05,4.475518587644121e-05,4.474731558031023e-05,4.473944894589179e-05,4.473158597042775e-05,4.472372665116725e-05,4.471587098535513e-05,4.470801897023641e-05,4.47001706030822e-05,4.4692325881143094e-05,4.4684484801683486e-05,4.467664736196281e-05,4.4668813559239386e-05,4.4660983390787044e-05,4.4653156853886895e-05,4.464533394581437e-05,4.4637514663833835e-05,4.462969900523173e-05,4.46218869672939e-05,4.461407854729701e-05,4.4606273742539534e-05,4.459847255030431e-05,4.459067496788999e-05,4.4582880992597485e-05,4.457509062172599e-05,4.4567303852574444e-05,4.455952068244621e-05,4.4551741108664564e-05,4.4543965128531446e-05,4.453619273936171e-05,4.452842393846938e-05,4.4520658723183056e-05,4.451289709082002e-05,4.450513903869191e-05,4.4497384564147736e-05,4.448963366450529e-05,4.448188633710949e-05,4.447414257927369e-05,4.446640238835826e-05,4.4458665761703505e-05,4.445093269664339e-05,4.4443203190526004e-05,4.4435477240716324e-05,4.4427754844556795e-05,4.442003599938601e-05,4.441232070259162e-05,4.440460895152083e-05,4.439690074353203e-05,4.438919607600004e-05,4.438149494629117e-05,4.437379735177595e-05,4.436610328982808e-05,4.43584127578211e-05,4.435072575314802e-05,4.434304227317957e-05,4.4335362315302375e-05,4.432768587691248e-05,4.43200129553981e-05,4.431234354814473e-05,4.430467765254701e-05,4.429701526601933e-05,4.42893563859477e-05,4.4281701009728135e-05,4.42740491347812e-05,4.426640075851989e-05,4.42587558783502e-05,4.425111449167973e-05,4.42434765959356e-05,4.423584218853282e-05,4.4228211266901276e-05,4.42205838284558e-05,4.421295987062259e-05,4.4205339388854186e-05,4.4197722384855836e-05,4.419010885090776e-05,4.418249878728584e-05,4.417489219404999e-05,4.416728906338221e-05,4.415968939547905e-05,4.415209318640783e-05,4.4144500435175195e-05,4.413691114284345e-05,4.412932530000112e-05,4.41217429065958e-05,4.411416396131302e-05,4.410658846084292e-05,4.409901640267104e-05,4.409144778455162e-05,4.4083882604234745e-05,4.4076320857854164e-05,4.406876254404779e-05,4.4061207660454815e-05,4.405365620406246e-05,4.404610817235574e-05,4.4038563562823294e-05,4.40310223729543e-05,4.4023484600240905e-05,4.401595024217818e-05,4.400841929626332e-05,4.400089175999714e-05,4.399336763087904e-05,4.398584690641724e-05,4.3978329584119285e-05,4.39708156614944e-05,4.3963305136056144e-05,4.39557980053183e-05,4.394829426679857e-05,4.3940793918017126e-05,4.3933296956497506e-05,4.3925803379764674e-05,4.391831318534689e-05,4.391082637077283e-05,4.390334293357545e-05,4.3895862871290396e-05,4.388838618145544e-05,4.3880912861611314e-05,4.387344290929949e-05,4.3865976322065424e-05,4.3858513097454836e-05,4.3851053233022846e-05,4.3843596726317224e-05,4.3836143574895894e-05,4.3828693776315546e-05,4.3821247328134934e-05,4.381380422791866e-05,4.3806364473227044e-05,4.3798928061630776e-05,4.379149499069985e-05,4.3784065258005874e-05,4.3776638861123185e-05,4.3769215797627516e-05,4.3761796065101435e-05,4.375437966112514e-05,4.374696658328309e-05,4.373955682916157e-05,4.373215039634877e-05,4.3724747282440473e-05,4.371734748502626e-05,4.370995100170532e-05,4.3702557830075076e-05,4.3695167967737817e-05,4.368778141229599e-05,4.36803981613557e-05,4.3673018211366666e-05,4.366564155901853e-05,4.3658268206417946e-05,4.3650898150980886e-05,4.364353138706936e-05,4.363616791377692e-05,4.362880772814889e-05,4.362145082550127e-05,4.3614097207347226e-05,4.360674687103342e-05,4.3599399811132085e-05,4.3592056029276805e-05,4.3584715511378406e-05,4.3577378274194106e-05,4.3570044305797154e-05,4.356271360408077e-05,4.355538616644766e-05,4.3548061988594525e-05,4.3540741071762475e-05,4.353342341246884e-05,4.352610900808112e-05,4.3518797852306696e-05,4.351148994975848e-05,4.350418527687575e-05,4.349688385523868e-05,4.348958568079006e-05,4.348229075609138e-05,4.347499906922902e-05,4.346771061828418e-05,4.346042540180735e-05,4.345314341804205e-05,4.344586466168979e-05,4.34385891287724e-05,4.3431316823571e-05,4.3424047740568114e-05,4.341678187813493e-05,4.340951923261733e-05,4.340225980265096e-05,4.339500358539058e-05,4.338775057952225e-05,4.338050078132214e-05,4.337325418937558e-05,4.3366010801260166e-05,4.3358770615130404e-05,4.3351533618844294e-05,4.33442998281604e-05,4.333706922212299e-05,4.332984181844209e-05,4.3322617604846784e-05,4.3315396577676386e-05,4.3308178742704834e-05,4.3300964072055364e-05,4.329375259465123e-05,4.328654429802841e-05,4.327933916343172e-05,4.327213720061299e-05,4.326493842626519e-05,4.325774281360798e-05,4.32505503865195e-05,4.324336110461755e-05,4.323617499516663e-05,4.322899204620888e-05,4.322181225558708e-05,4.3214635621489514e-05,4.3207462132059625e-05,4.3200291813248045e-05,4.319312464074892e-05,4.3185960599151364e-05,4.3178799714489263e-05,4.317164196982437e-05,4.3164487365666354e-05,4.315733590081032e-05,4.3150187572179284e-05,4.314304237814113e-05,4.3135900300600454e-05,4.31287613656736e-05,4.3121625554696086e-05,4.31144928726335e-05,4.310736331266946e-05,4.3100236872728427e-05,4.3093113551356444e-05,4.308599334590714e-05,4.3078876254458245e-05,4.3071762273172455e-05,4.306465140297252e-05,4.3057543641667434e-05,4.3050438984166776e-05,4.304333742901165e-05,4.3036238966047734e-05,4.302914361072742e-05,4.302205135122971e-05,4.3014962185737856e-05,4.300787611244507e-05,4.30007931286805e-05,4.299371323263633e-05,4.298663641381359e-05,4.297956268471513e-05,4.2972492038261915e-05,4.296542447174598e-05,4.2958359980913355e-05,4.295129856464231e-05,4.294424022121448e-05,4.293718494630929e-05,4.293013274410427e-05,4.2923083604870404e-05,4.2916037532641803e-05,4.2908994517049615e-05,4.290195456221476e-05,4.2894917665469085e-05,4.2887883823474386e-05,4.2880853034539994e-05,4.28738252973985e-05,4.286680060783644e-05,4.285977896465675e-05,4.285276036657044e-05,4.2845744812296434e-05,4.283873229586367e-05,4.2831722817922355e-05,4.282471637616635e-05,4.281771296760261e-05,4.2810712596344195e-05,4.2803715241151445e-05,4.279672092397637e-05,4.27897296296677e-05,4.278274135699824e-05,4.2775756114556474e-05,4.276877388233852e-05,4.276179466782481e-05,4.275481845113567e-05,4.2747845264111995e-05,4.274087508752808e-05,4.273390791781234e-05,4.2726943754410155e-05,4.271998260197505e-05,4.27130244465337e-05,4.2706069291521814e-05,4.269911711556778e-05,4.269216795391159e-05,4.2685221786112725e-05,4.267827861769914e-05,4.2671338413166574e-05,4.2664401197037326e-05,4.265746698435236e-05,4.26505357546389e-05,4.2643607504025524e-05,4.263668223436633e-05,4.2629759941957e-05,4.2622840625914384e-05,4.2615924281796496e-05,4.2609010900572184e-05,4.260210048123836e-05,4.2595193044351806e-05,4.258828857547795e-05,4.258138706539336e-05,4.257448850798926e-05,4.256759291686274e-05,4.2560700282270064e-05,4.255381060170612e-05,4.25469238740261e-05,4.2540040096731954e-05,4.253315926834434e-05,4.252628137861274e-05,4.251940642388189e-05,4.2512534426864764e-05,4.250566537089103e-05,4.2498799253070505e-05,4.249193607162447e-05,4.2485075814642505e-05,4.2478218489676705e-05,4.247136410415806e-05,4.246451263919131e-05,4.24576641079278e-05,4.24508185009488e-05,4.244397581533218e-05,4.2437136049648076e-05,4.243029920187284e-05,4.242346527000042e-05,4.2416634252015656e-05,4.2409806146269144e-05,4.2402980950278036e-05,4.2396158662485757e-05,4.238933927139955e-05,4.23825227927497e-05,4.2375709221033064e-05,4.236889854451496e-05,4.2362090757086313e-05,4.2355285874264036e-05,4.234848388519109e-05,4.2341684778874196e-05,4.233488857162229e-05,4.232809525202027e-05,4.232130481834159e-05,4.231451726861117e-05,4.2307732600843684e-05,4.230095080972682e-05,4.229417189855332e-05,4.2287395864822303e-05,4.228062269640048e-05,4.2273852392430924e-05,4.2267084974975096e-05,4.2260320425670865e-05,4.225355873453582e-05,4.224679991520381e-05,4.2240043955745465e-05,4.2233290858084315e-05,4.2226540619928787e-05,4.2219793238325465e-05,4.221304870795076e-05,4.220630701688014e-05,4.219956819271437e-05,4.2192832201797334e-05,4.2186099065654564e-05,4.217936878138481e-05,4.217264133694363e-05,4.2165916723860356e-05,4.2159194959233796e-05,4.215247603429328e-05,4.214575993470841e-05,4.213904667506782e-05,4.213233624062105e-05,4.212562864402268e-05,4.211892387467995e-05,4.211222192786185e-05,4.210552280725819e-05,4.20988265081335e-05,4.209213302957943e-05,4.208544236765177e-05,4.207875452144176e-05,4.207206948903683e-05,4.206538726143269e-05,4.205870785008752e-05,4.205203124735179e-05,4.204535744964198e-05,4.203868644630617e-05,4.2032018256588034e-05,4.2025352866835806e-05,4.2018690276100856e-05,4.2012030482002126e-05,4.200537346948746e-05,4.1998719262169606e-05,4.1992067846610214e-05,4.1985419208090454e-05,4.19787733508421e-05,4.1972130296783166e-05,4.196549002610858e-05,4.195885252703374e-05,4.19522178068458e-05,4.1945585874436685e-05,4.193895671878862e-05,4.1932330336801774e-05,4.19257067269134e-05,4.191908588708576e-05,4.1912467815769285e-05,4.1905852510927716e-05,4.189923995636818e-05,4.189263017928827e-05,4.188602315243397e-05,4.1879418894825304e-05,4.187281739436214e-05,4.1866218635711344e-05,4.185962262976135e-05,4.185302938956866e-05,4.1846438899095126e-05,4.183985115647308e-05,4.1833266157882596e-05,4.182668388762309e-05,4.182010437745815e-05,4.181352760774385e-05,4.180695357592623e-05,4.180038228158277e-05,4.1793813722161245e-05,4.17872478939093e-05,4.178068479880994e-05,4.1774124433114213e-05,4.1767566785266387e-05,4.176101187287604e-05,4.1754459684386707e-05,4.1747910217321496e-05,4.17413634599407e-05,4.17348194315237e-05,4.1728278112709136e-05,4.1721739515738084e-05,4.1715203630674676e-05,4.170867045680259e-05,4.1702139981659796e-05,4.169561222545649e-05,4.168908717498001e-05,4.168256481856932e-05,4.167604517408284e-05,4.166952822263803e-05,4.16630139682848e-05,4.165650242099891e-05,4.1649993565905636e-05,4.164348740336153e-05,4.163698393305919e-05,4.163048315204909e-05,4.162398504775092e-05,4.161748964034072e-05,4.161099691694691e-05,4.160450687420749e-05,4.1598019495838304e-05,4.1591534807830897e-05,4.15850528027111e-05,4.157857347258464e-05,4.1572096815785025e-05,4.156562283023526e-05,4.155915151355442e-05,4.15526828648461e-05,4.1546216883420225e-05,4.153975356071731e-05,4.153329290638878e-05,4.152683491255075e-05,4.152037957764593e-05,4.151392689871599e-05,4.150747687686929e-05,4.1501029509827824e-05,4.1494584793187656e-05,4.148814272723925e-05,4.1481703310156416e-05,4.1475266539382076e-05,4.146883241288796e-05,4.1462400927936294e-05,4.145597208606457e-05,4.1449545884184544e-05,4.144312232080592e-05,4.1436701382756644e-05,4.143028308994364e-05,4.1423867428953386e-05,4.141745439908254e-05,4.141104398753718e-05,4.14046362141139e-05,4.139823106617063e-05,4.13918285432942e-05,4.138542864092066e-05,4.1379031361714445e-05,4.1372636697309434e-05,4.136624464202306e-05,4.135985521292798e-05,4.13534683902836e-05,4.1347084185981024e-05,4.134070259318976e-05,4.133432360797645e-05,4.132794722954272e-05,4.132157345595343e-05,4.1315202285083025e-05,4.130883371530809e-05,4.1302467745043136e-05,4.129610437399425e-05,4.128974359879714e-05,4.1283385418544286e-05,4.1277029830728116e-05,4.127067682124932e-05,4.126432641464136e-05,4.125797859584665e-05,4.125163336330218e-05,4.124529071446632e-05,4.1238950651582256e-05,4.1232613158472496e-05,4.122627825309816e-05,4.121994592551168e-05,4.121361617365209e-05,4.120728899599065e-05,4.1200964389481154e-05,4.11946423461596e-05,4.1188322881052284e-05,4.118200598412301e-05,4.117569165146602e-05,4.116937988381968e-05,4.1163070677669004e-05,4.115676402556425e-05,4.1150459939027135e-05,4.114415841074898e-05,4.1137859436394585e-05,4.113156301538703e-05,4.1125269148806714e-05,4.1118977832441396e-05,4.111268905099176e-05,4.110640282270351e-05,4.110011913977625e-05,4.109383800923835e-05,4.108755941514381e-05,4.108128337194419e-05,4.1075009867280755e-05,4.106873889270777e-05,4.106247044910479e-05,4.1056204543618664e-05,4.104994117432613e-05,4.1043680336984516e-05,4.103742202740236e-05,4.1031166248743945e-05,4.102491298355391e-05,4.101866224957033e-05,4.101241403960194e-05,4.100616835042941e-05,4.099992517889383e-05,4.099368452632093e-05,4.098744638801723e-05,4.098121075369339e-05,4.097497763607479e-05,4.096874702839835e-05,4.0962518939746824e-05,4.0956293350180693e-05,4.0950070274226657e-05,4.094384969481553e-05,4.093763162660611e-05,4.093141606341662e-05,4.0925202995873005e-05,4.0918992433452215e-05,4.091278436617228e-05,4.0906578793013704e-05,4.090037570675239e-05,4.0894175112040243e-05,4.088797700797405e-05,4.088178139115759e-05,4.0875588266399044e-05,4.0869397615842925e-05,4.0863209455533604e-05,4.085702377382205e-05,4.085084056463313e-05,4.0844659843720716e-05,4.083848159908864e-05,4.083230582080673e-05,4.0826132517707255e-05,4.081996169368293e-05,4.0813793340639687e-05,4.0807627455155606e-05,4.080146403844335e-05,4.0795303085793345e-05,4.0789144599056225e-05,4.078298858595936e-05,4.07768350224791e-05,4.077068392084163e-05,4.076453527445061e-05,4.0758389091033954e-05,4.0752245355353356e-05,4.0746104074617555e-05,4.0739965243172856e-05,4.073382887276641e-05,4.072769493953195e-05,4.072156345295757e-05,4.071543441149557e-05,4.07093078139188e-05,4.0703183657884426e-05,4.0697061942571196e-05,4.0690942657426955e-05,4.0684825817962704e-05,4.067871140443258e-05,4.0672599434503824e-05,4.066648989708872e-05,4.0660382790571986e-05,4.0654278108976584e-05,4.0648175850950075e-05,4.0642076027949115e-05,4.063597862980884e-05,4.062988365530121e-05,4.06237911017131e-05,4.061770096886308e-05,4.061161325376673e-05,4.060552795582321e-05,4.059944507301365e-05,4.059336460401258e-05,4.058728654726585e-05,4.058121090122938e-05,4.057513766437194e-05,4.056906682599039e-05,4.056299840288359e-05,4.055693237505483e-05,4.0550868759527055e-05,4.054480754542762e-05,4.0538748730388145e-05,4.053269231469066e-05,4.0526638287341206e-05,4.052058666383278e-05,4.051453743289441e-05,4.050849059538619e-05,4.050244614866937e-05,4.049640409111461e-05,4.0490364412378284e-05,4.048432712872854e-05,4.047829222962567e-05,4.047225971363973e-05,4.0466229579411385e-05,4.046020183123036e-05,4.045417645584968e-05,4.0448153457676325e-05,4.044213283258048e-05,4.043611458340868e-05,4.0430098707501026e-05,4.042408520175009e-05,4.0418074066252e-05,4.0412065297928406e-05,4.040605888678283e-05,4.040005485050372e-05,4.039405317708569e-05,4.0388053865716995e-05,4.038205691459298e-05,4.037606232332081e-05,4.037007008850047e-05,4.036408020982113e-05,4.035809268545706e-05,4.035210752118199e-05,4.034612470178042e-05,4.0340144232428515e-05,4.03341661108992e-05,4.0328190337304414e-05,4.032221690993962e-05,4.0316245825893155e-05,4.031027708320547e-05,4.0304310681451295e-05,4.029834662023062e-05,4.029238489606326e-05,4.0286425508458465e-05,4.028046845660692e-05,4.0274513737600835e-05,4.026856135086758e-05,4.0262611294782434e-05,4.025666356783242e-05,4.025071816863686e-05,4.0244775095709264e-05,4.0238834347431954e-05,4.023289592244762e-05,4.022695981925278e-05,4.0221026039045133e-05,4.021509457514005e-05,4.020916542859971e-05,4.0203238598889894e-05,4.019731408386023e-05,4.019139188107931e-05,4.0185471989588454e-05,4.017955440946625e-05,4.017363913702786e-05,4.0167726171532225e-05,4.0161815511753854e-05,4.015590715663037e-05,4.01500011042697e-05,4.01440973532581e-05,4.013819590185773e-05,4.0132296749056014e-05,4.012639989361512e-05,4.012050533417107e-05,4.011461306815062e-05,4.010872309486894e-05,4.010283541296619e-05,4.009695002133158e-05,4.009106691756295e-05,4.0085186100667794e-05,4.00793075704891e-05,4.007343132328829e-05,4.006755735874596e-05,4.006168567545392e-05,4.0055816271914585e-05,4.004994914740949e-05,4.004408429924658e-05,4.003822172635257e-05,4.003236142775786e-05,4.002650340166236e-05,4.0020647647522884e-05,4.001479416340166e-05,4.000894294734843e-05,4.000309399817712e-05,3.99972473219042e-05,3.999140290160729e-05,3.9985560744095536e-05,3.9979720847779984e-05,3.997388321191708e-05,3.9968047834767615e-05,3.9962214713865605e-05,3.995638384980363e-05,3.9950555239820005e-05,3.994472888152892e-05,3.9938904774629224e-05,3.993308291766654e-05,3.9927263311425336e-05,3.9921445950287304e-05,3.991563083485314e-05,3.990981796380703e-05,3.9904007335750676e-05,3.9898198949385086e-05,3.989239280320594e-05,3.988658889453102e-05,3.9880787226379005e-05,3.987498779222413e-05,3.9869190592685196e-05,3.9863395627083795e-05,3.9857602892627716e-05,3.9851812388470834e-05,3.984602411359758e-05,3.984023806614613e-05,3.983445424523328e-05,3.9828672649658235e-05,3.982289327693382e-05,3.981711612627364e-05,3.9811341196621014e-05,3.9805568486018746e-05,3.9799797994104873e-05,3.9794029718113806e-05,3.9788263657431065e-05,3.978249981046755e-05,3.977673817622626e-05,3.977097875284435e-05,3.9765221538728866e-05,3.97594665336065e-05,3.9753713735448365e-05,3.974796314301539e-05,3.974221475478161e-05,3.9736468569233876e-05,3.973072458624205e-05,3.972498280250792e-05,3.971924321766282e-05,3.97135058301936e-05,3.97077706393861e-05,3.9702037642655113e-05,3.969630683921981e-05,3.96905782278283e-05,3.968485180709816e-05,3.967912757876313e-05,3.967340553456981e-05,3.9667685678493135e-05,3.966196800743517e-05,3.965625251985565e-05,3.9650539214558375e-05,3.9644828091556286e-05,3.9639119147299724e-05,3.963341238202992e-05,3.962770779349562e-05,3.962200538077221e-05,3.9616305143155435e-05,3.961060707876652e-05,3.960491118544816e-05,3.959921746258127e-05,3.9593525908846404e-05,3.9587836524626586e-05,3.95821493052205e-05,3.957646425087774e-05,3.957078136236118e-05,3.956510063506793e-05,3.955942206803243e-05,3.955374566100221e-05,3.954807141542659e-05,3.9542399323965626e-05,3.953672938824192e-05,3.9531061607081915e-05,3.952539597900162e-05,3.951973250325599e-05,3.951407118060661e-05,3.950841199987665e-05,3.9502754971177564e-05,3.9497100093789226e-05,3.949144735718009e-05,3.948579676426521e-05,3.9480148321131555e-05,3.947450201219424e-05,3.9468857844028874e-05,3.946321581456616e-05,3.945757592252361e-05,3.9451938166348534e-05,3.944630254433812e-05,3.9440669056233974e-05,3.943503770042296e-05,3.942940847533423e-05,3.942378137922034e-05,3.9418156411742907e-05,3.9412533575824164e-05,3.9406912860829776e-05,3.940129426994009e-05,3.939567780209577e-05,3.9390063456887776e-05,3.938445123117423e-05,3.9378841125912635e-05,3.937323313724381e-05,3.936762726530745e-05,3.936202350875433e-05,3.935642186598106e-05,3.935082233565025e-05,3.934522491713514e-05,3.933962960860192e-05,3.933403640952737e-05,3.9328445317496474e-05,3.9322856332148624e-05,3.931726946271662e-05,3.931168468554179e-05,3.930610201079335e-05,3.930052143720493e-05,3.929494296342207e-05,3.928936658518645e-05,3.928379230822292e-05,3.927822013352867e-05,3.92726500546581e-05,3.926708206115366e-05,3.926151616011542e-05,3.9255952349896375e-05,3.925039062935206e-05,3.9244830997344246e-05,3.923927345291635e-05,3.9233717994356266e-05,3.922816461973271e-05,3.922261332865281e-05,3.921706411525097e-05,3.921151698688264e-05,3.920597193811292e-05,3.9200428967618795e-05,3.919488807418448e-05,3.9189349256606234e-05,3.91838125133526e-05,3.917827784380928e-05,3.917274524605867e-05,3.916721471901442e-05,3.916168626262414e-05,3.915615987361314e-05,3.915063555138078e-05,3.9145113288609924e-05,3.9139593096706004e-05,3.913407496812359e-05,3.9128558901469615e-05,3.912304489887535e-05,3.911753295257707e-05,3.9112023064570186e-05,3.9106515228973047e-05,3.910100945413153e-05,3.909550573362174e-05,3.9090004065798845e-05,3.90845044506318e-05,3.907900688635688e-05,3.907351137162394e-05,3.906801790531715e-05,3.906252648636961e-05,3.905703711335222e-05,3.90515497848758e-05,3.904606450038075e-05,3.90405812574201e-05,3.903510005641313e-05,3.90296208944154e-05,3.902414377081216e-05,3.9018668684565826e-05,3.901319563430421e-05,3.900772461890802e-05,3.9002255637217446e-05,3.899678868706684e-05,3.899132376780417e-05,3.898586087911153e-05,3.898040001993227e-05,3.8974941188756214e-05,3.896948438732893e-05,3.896402960710556e-05,3.8958576850164344e-05,3.895312611635076e-05,3.894767740406366e-05,3.894223071202855e-05,3.893678604010658e-05,3.893134338496468e-05,3.892590274646976e-05,3.892046412333736e-05,3.891502751445109e-05,3.890959291858584e-05,3.89041603345117e-05,3.889872975945596e-05,3.889330119529006e-05,3.888787463956611e-05,3.888245009068698e-05,3.887702754760675e-05,3.887160700842254e-05,3.886618847424383e-05,3.886077194135997e-05,3.885535740942105e-05,3.884994487381708e-05,3.884453434795363e-05,3.8839125812060076e-05,3.883371927230225e-05,3.882831472808569e-05,3.8822912177122596e-05,3.8817511618198386e-05,3.881211305106649e-05,3.880671647494537e-05,3.8801321897662907e-05,3.879592929889918e-05,3.879053868618837e-05,3.878515005808028e-05,3.877976340818648e-05,3.877437874430289e-05,3.8768996065779505e-05,3.87636153706846e-05,3.875823665370483e-05,3.8752859915214e-05,3.874748515176519e-05,3.874211236583928e-05,3.873674155559438e-05,3.8731372719268425e-05,3.8726005855655474e-05,3.872064095178651e-05,3.87152780297458e-05,3.870991707771495e-05,3.8704558091197795e-05,3.8699201072137784e-05,3.869384601955829e-05,3.8688492930463835e-05,3.868314180554248e-05,3.8677792643255904e-05,3.8672445440483535e-05,3.8667100197610226e-05,3.866175691325125e-05,3.865641558726598e-05,3.865107621799186e-05,3.8645738803914416e-05,3.8640403343310475e-05,3.86350698346853e-05,3.8629738278699885e-05,3.8624408672315994e-05,3.861908101577465e-05,3.861375530777453e-05,3.860843154680969e-05,3.8603109731091e-05,3.859778986082869e-05,3.859247193405284e-05,3.858715594987103e-05,3.858184190614097e-05,3.8576529803485464e-05,3.85712196476135e-05,3.856591142130957e-05,3.8560605132284014e-05,3.855530077886038e-05,3.854999836083118e-05,3.8544697875731395e-05,3.85393993226398e-05,3.8534102699913394e-05,3.852880800437265e-05,3.852351525594465e-05,3.851822441886854e-05,3.8512935509221243e-05,3.850764852573587e-05,3.850236346025088e-05,3.849708032295815e-05,3.849179910105453e-05,3.8486519806414875e-05,3.848124243190962e-05,3.8475966978099345e-05,3.847069344350878e-05,3.846542181477055e-05,3.8460152110931186e-05,3.845488431834998e-05,3.844961843778524e-05,3.8444354469425444e-05,3.843909241249864e-05,3.843383226600157e-05,3.8428574026669383e-05,3.842331769384534e-05,3.841806327329409e-05,3.841281075873411e-05,3.8407560141684426e-05,3.8402311428150686e-05,3.8397064625468746e-05,3.839181971358731e-05,3.838657670197659e-05,3.838133558873831e-05,3.8376096372863906e-05,3.837085905386062e-05,3.836562362902146e-05,3.8360390098564134e-05,3.8355158461204195e-05,3.834992871540997e-05,3.834470086030534e-05,3.833947489388324e-05,3.8334250822593926e-05,3.832902863081229e-05,3.83238083273944e-05,3.831858990913277e-05,3.831337337529822e-05,3.8308158724071545e-05,3.8302945953833866e-05,3.8297735067741846e-05,3.829252605671977e-05,3.828731892550777e-05,3.828211367253816e-05,3.8276910296061644e-05,3.827170879433389e-05,3.8266509167382115e-05,3.8261311413886626e-05,3.825611553238061e-05,3.825092152150347e-05,3.8245729380883515e-05,3.8240539108605644e-05,3.823535070396613e-05,3.82301641659527e-05,3.822497949344658e-05,3.821979667948902e-05,3.821461573472952e-05,3.820943665298482e-05,3.820425942964697e-05,3.81990840690388e-05,3.819391056674205e-05,3.8188738926500426e-05,3.818356913942203e-05,3.81784012055406e-05,3.817323513388342e-05,3.816807091361305e-05,3.8162908542805454e-05,3.815774802423546e-05,3.815258936269096e-05,3.814743254295447e-05,3.814227757251424e-05,3.813712445569195e-05,3.813197317548766e-05,3.812682374248265e-05,3.8121676153425584e-05,3.811653041068053e-05,3.8111386506265044e-05,3.810624444056975e-05,3.8101104215216216e-05,3.809596582784187e-05,3.8090829280335756e-05,3.8085694568934653e-05,3.808056169340999e-05,3.807543064464674e-05,3.807030144122844e-05,3.806517406641745e-05,3.806004852280108e-05,3.8054924817894546e-05,3.804980293298144e-05,3.804468286943689e-05,3.803956464731648e-05,3.803444824356593e-05,3.80293336758343e-05,3.8024220918492884e-05,3.8019109991274995e-05,3.80140008805205e-05,3.8008893590558685e-05,3.800378812893742e-05,3.799868447705919e-05,3.799358265068144e-05,3.7988482638277735e-05,3.798338443418854e-05,3.797828805554344e-05,3.797319348130672e-05,3.796810072343202e-05,3.7963009772652165e-05,3.795792063247355e-05,3.795283330706945e-05,3.794774778485477e-05,3.7942664069179634e-05,3.7937582162913836e-05,3.793250205612902e-05,3.792742376604399e-05,3.7922347266424215e-05,3.791727257694114e-05,3.79121996815311e-05,3.7907128586141655e-05,3.790205929311602e-05,3.7896991794978634e-05,3.789192609676893e-05,3.788686219589785e-05,3.788180009292645e-05,3.7876739778283704e-05,3.787168126102424e-05,3.7866624532987384e-05,3.786156959378142e-05,3.7856516440576134e-05,3.7851465079429816e-05,3.784641550975537e-05,3.784136771946463e-05,3.7836321716010353e-05,3.783127748927668e-05,3.7826235056574025e-05,3.782119440277789e-05,3.7816155528376865e-05,3.781111843582928e-05,3.780608312633486e-05,3.780104959907028e-05,3.779601784518552e-05,3.779098786675599e-05,3.7785959664435915e-05,3.778093323384173e-05,3.777590858177442e-05,3.7770885696756224e-05,3.7765864589961394e-05,3.776084524648637e-05,3.7755827672391866e-05,3.775081186601268e-05,3.774579783640181e-05,3.774078556403208e-05,3.773577506443848e-05,3.773076632151633e-05,3.772575934972868e-05,3.7720754134649935e-05,3.771575067843202e-05,3.771074898329297e-05,3.770574904880565e-05,3.770075086821588e-05,3.769575445027164e-05,3.769075978517537e-05,3.768576687293631e-05,3.7680775717057014e-05,3.767578631517026e-05,3.7670798665918506e-05,3.766581276492196e-05,3.7660828614495156e-05,3.7655846213425007e-05,3.7650865562866824e-05,3.7645886666759216e-05,3.764090950692269e-05,3.763593409334362e-05,3.7630960423742005e-05,3.762598850128762e-05,3.762101831324291e-05,3.7616049873051286e-05,3.761108317936064e-05,3.760611820675165e-05,3.760115498432065e-05,3.759619349924099e-05,3.759123375106643e-05,3.758627574477088e-05,3.7581319466497776e-05,3.757636492139059e-05,3.7571412110428306e-05,3.756646102916127e-05,3.756151167909877e-05,3.7556564058269924e-05,3.755161816608667e-05,3.754667400131619e-05,3.754173156375274e-05,3.753679085386387e-05,3.753185187740648e-05,3.752691461265201e-05,3.752197907476508e-05,3.751704525613286e-05,3.751211316236947e-05,3.750718278423057e-05,3.75022541250428e-05,3.749732718301689e-05,3.749240196250477e-05,3.748747844799037e-05,3.748255665481183e-05,3.747763657633687e-05,3.747271820990791e-05,3.746780156097505e-05,3.746288661533899e-05,3.745797338307754e-05,3.7453061859773226e-05,3.744815204441129e-05,3.744324393456555e-05,3.7438337533228136e-05,3.7433432836563966e-05,3.742852984510313e-05,3.74236285568727e-05,3.741872897169292e-05,3.741383109101781e-05,3.740893490784414e-05,3.740404042923267e-05,3.739914764428188e-05,3.7394256557270344e-05,3.738936716674732e-05,3.7384479477656004e-05,3.7379593475117434e-05,3.7374709172823837e-05,3.736982655907037e-05,3.7364945637996277e-05,3.736006641238481e-05,3.735518887637459e-05,3.7350313026953276e-05,3.734543886866185e-05,3.734056639449367e-05,3.733569560677604e-05,3.7330826504546664e-05,3.732595908459821e-05,3.7321093351101274e-05,3.731622929626683e-05,3.731136692672153e-05,3.730650623765189e-05,3.730164723200652e-05,3.729678989851958e-05,3.729193424735222e-05,3.7287080271751456e-05,3.728222797163552e-05,3.7277377347256356e-05,3.727252839499395e-05,3.7267681119060676e-05,3.7262835511881676e-05,3.725799157911679e-05,3.725314931656356e-05,3.7248308723579205e-05,3.724346979942498e-05,3.723863254302457e-05,3.723379694984785e-05,3.722896302327915e-05,3.7224130764767105e-05,3.721930016953305e-05,3.721447123716363e-05,3.72096439648507e-05,3.72048183612007e-05,3.7199994411033444e-05,3.7195172122369606e-05,3.719035149153845e-05,3.718553251870034e-05,3.7180715202220594e-05,3.7175899541089575e-05,3.717108553499619e-05,3.716627318258107e-05,3.7161462483032386e-05,3.715665343585033e-05,3.715184604507892e-05,3.7147040299153997e-05,3.7142236202866515e-05,3.713743375437458e-05,3.713263295786836e-05,3.712783380653548e-05,3.712303629430271e-05,3.7118240432667115e-05,3.711344621179352e-05,3.710865363138917e-05,3.710386269240826e-05,3.7099073397836134e-05,3.7094285745947074e-05,3.70894997332361e-05,3.708471535526353e-05,3.707993261867207e-05,3.7075151518008684e-05,3.7070372047808796e-05,3.706559421348107e-05,3.706081801352805e-05,3.705604344764539e-05,3.705127051429288e-05,3.704649921149983e-05,3.704172953575689e-05,3.703696149584741e-05,3.703219508047815e-05,3.7027430289904486e-05,3.702266712909764e-05,3.70179055939085e-05,3.7013145685838745e-05,3.7008387399439515e-05,3.7003630739951335e-05,3.699887569626459e-05,3.699412227623631e-05,3.698937047466789e-05,3.698462029440204e-05,3.69798717307128e-05,3.6975124786877396e-05,3.697037945666061e-05,3.6965635742398174e-05,3.6960893644102476e-05,3.695615315816944e-05,3.695141428543894e-05,3.694667703281439e-05,3.694194138737614e-05,3.6937207349652336e-05,3.693247492457176e-05,3.692774410867211e-05,3.6923014900509055e-05,3.6918287296793995e-05,3.6913561301448054e-05,3.69088369134077e-05,3.690411412769535e-05,3.689939294757076e-05,3.689467336850846e-05,3.6889955390663214e-05,3.688523901011218e-05,3.688052423361342e-05,3.6875811053221994e-05,3.687109946988271e-05,3.6866389487705437e-05,3.686168110157917e-05,3.685697430788047e-05,3.68522691087318e-05,3.684756550703453e-05,3.684286349480633e-05,3.683816307820574e-05,3.683346425326426e-05,3.6828767018521404e-05,3.682407137301296e-05,3.68193773164181e-05,3.6814684847593305e-05,3.680999396343815e-05,3.6805304669350035e-05,3.680061695840637e-05,3.6795930828736046e-05,3.6791246285819545e-05,3.678656332340112e-05,3.6781881941263786e-05,3.6777202147255814e-05,3.677252393187445e-05,3.6767847293154856e-05,3.6763172232936626e-05,3.675849874975332e-05,3.675382683520799e-05,3.674915650061742e-05,3.674448774445059e-05,3.673982056590336e-05,3.6735154957422246e-05,3.6730490920330174e-05,3.6725828455250695e-05,3.672116756055823e-05,3.671650823194595e-05,3.671185047599912e-05,3.670719428925502e-05,3.670253966802702e-05,3.669788661418496e-05,3.6693235126124065e-05,3.6688585201610164e-05,3.6683936840352515e-05,3.667929003547295e-05,3.667464479601223e-05,3.6670001128618994e-05,3.6665359015638706e-05,3.666071846091236e-05,3.66560794643754e-05,3.6651442025649006e-05,3.664680614428129e-05,3.664217181851312e-05,3.663753905200629e-05,3.663290783588321e-05,3.662827817314581e-05,3.662365006345558e-05,3.6619023504155974e-05,3.6614398497669066e-05,3.660977504157792e-05,3.660515313333442e-05,3.6600532774522824e-05,3.6595913963999593e-05,3.659129670220902e-05,3.658668098397353e-05,3.658206681069686e-05,3.657745418262241e-05,3.6572843097515347e-05,3.656823355749366e-05,3.656362555701009e-05,3.6559019097524804e-05,3.655441417870146e-05,3.654981079862166e-05,3.654520895741179e-05,3.6540608650397734e-05,3.6536009883397056e-05,3.6531412646503955e-05,3.652681695025983e-05,3.6522222789056504e-05,3.651763016133929e-05,3.6513039066569133e-05,3.650844950372384e-05,3.650386147172127e-05,3.649927496992143e-05,3.649468999781574e-05,3.649010655488933e-05,3.64855246403962e-05,3.64809442516622e-05,3.6476365389021294e-05,3.647178805222668e-05,3.64672122388128e-05,3.646263794955799e-05,3.6458065181252555e-05,3.6453493938509985e-05,3.6448924216595935e-05,3.644435601439002e-05,3.6439789331255544e-05,3.643522416665012e-05,3.6430660521751717e-05,3.6426098392161985e-05,3.6421537778882396e-05,3.641697868107887e-05,3.641242109793216e-05,3.640786503007205e-05,3.6403310473928756e-05,3.639875743000234e-05,3.6394205897554585e-05,3.638965587608194e-05,3.638510736436114e-05,3.638056035999199e-05,3.637601486615314e-05,3.637147087873812e-05,3.636692840054393e-05,3.636238741983132e-05,3.635784794817776e-05,3.635330998370265e-05,3.6348773520876405e-05,3.634423856111692e-05,3.633970510304358e-05,3.633517314295021e-05,3.633064267660322e-05,3.6326113718053783e-05,3.632158625863388e-05,3.631706029728859e-05,3.6312535832735686e-05,3.630801286462735e-05,3.630349139518005e-05,3.629897141675216e-05,3.6294452933699595e-05,3.628993594185825e-05,3.628542044250494e-05,3.6280906434501566e-05,3.627639391658149e-05,3.627188288858764e-05,3.6267373349332004e-05,3.626286530820159e-05,3.625835874574495e-05,3.625385366915128e-05,3.6249350079032926e-05,3.624484797332372e-05,3.624034735625779e-05,3.6235848217756125e-05,3.623135056294915e-05,3.622685438643813e-05,3.622235969449314e-05,3.6217866480847354e-05,3.621337474808148e-05,3.62088844938282e-05,3.6204395716825736e-05,3.619990841735556e-05,3.619542259340428e-05,3.619093824712802e-05,3.618645537476619e-05,3.618197397632386e-05,3.6177494047565095e-05,3.6173015594708305e-05,3.6168538614496445e-05,3.6164063104108454e-05,3.615958906357354e-05,3.615511648866461e-05,3.615064538227611e-05,3.614617574682247e-05,3.6141707578027154e-05,3.6137240872612325e-05,3.6132775635709224e-05,3.612831187285785e-05,3.61238495631992e-05,3.6119388710961874e-05,3.611492932505542e-05,3.611047140421915e-05,3.610601494032858e-05,3.6101559940136737e-05,3.609710640459091e-05,3.6092654318235145e-05,3.608820370340057e-05,3.608375453532221e-05,3.607930682341258e-05,3.607486056772329e-05,3.6070415765801695e-05,3.6065972418747055e-05,3.60615305236871e-05,3.6057090079414506e-05,3.605265108731406e-05,3.604821354715777e-05,3.604377745668405e-05,3.603934281176236e-05,3.603490961933696e-05,3.6030477874131656e-05,3.602604757607842e-05,3.6021618728760344e-05,3.601719132225287e-05,3.601276536039255e-05,3.600834084233042e-05,3.600391776753573e-05,3.599949613513645e-05,3.5995075946903304e-05,3.59906571971397e-05,3.598623988738004e-05,3.59818240170607e-05,3.5977409585208514e-05,3.597299659184319e-05,3.5968585037624525e-05,3.5964174916951024e-05,3.5959766231637505e-05,3.595535898477358e-05,3.595095316798986e-05,3.594654878733988e-05,3.5942145836394e-05,3.5937744317315e-05,3.5933344229930655e-05,3.592894557248806e-05,3.5924548337907487e-05,3.5920152538747816e-05,3.5915758167606276e-05,3.591136522259218e-05,3.590697370422497e-05,3.590258361154666e-05,3.58981949459304e-05,3.589380770279313e-05,3.5889421885031184e-05,3.588503748821945e-05,3.588065451502066e-05,3.587627296313639e-05,3.587189283357651e-05,3.5867514121348596e-05,3.586313682818209e-05,3.585876095339662e-05,3.585438649679664e-05,3.585001344867771e-05,3.584564182432009e-05,3.584127161501053e-05,3.583690282073849e-05,3.583253543904038e-05,3.582816947211066e-05,3.5823804917255474e-05,3.581944177193061e-05,3.581508003964798e-05,3.5810719718421346e-05,3.580636080599137e-05,3.580200329849158e-05,3.579764720328347e-05,3.5793292514587294e-05,3.578893923248341e-05,3.578458735616288e-05,3.5780236884685376e-05,3.577588781564527e-05,3.577154015221394e-05,3.576719389160963e-05,3.576284903321291e-05,3.575850557640397e-05,3.5754163526943767e-05,3.574982287126448e-05,3.574548361309108e-05,3.574114575439765e-05,3.573680929410244e-05,3.5732474231832016e-05,3.5728140564185977e-05,3.572380829281306e-05,3.5719477416239166e-05,3.5715147933541935e-05,3.57108198438481e-05,3.570649314761006e-05,3.570216784252332e-05,3.5697843928766605e-05,3.569352140546543e-05,3.568920027190682e-05,3.56848805279708e-05,3.5680562172700905e-05,3.567624520423963e-05,3.567192962266335e-05,3.5667615427922534e-05,3.5663302619414974e-05,3.56589911947988e-05,3.5654681153529395e-05,3.565037249459956e-05,3.56460652192392e-05,3.564175932449355e-05,3.563745481218227e-05,3.5633151680285305e-05,3.562884992686342e-05,3.5624549554596155e-05,3.562025055960669e-05,3.561595294625349e-05,3.561165670571009e-05,3.560736184330444e-05,3.560306835497689e-05,3.5598776240720546e-05,3.559448550044024e-05,3.5590196132470314e-05,3.558590813709494e-05,3.558162151485128e-05,3.5577336267233224e-05,3.55730523866373e-05,3.5568769875966975e-05,3.556448873437548e-05,3.556020896101802e-05,3.555593055531323e-05,3.555165351656109e-05,3.554737784465286e-05,3.554310353762456e-05,3.5538830594162226e-05,3.5534559016105076e-05,3.553028880219731e-05,3.552601994987884e-05,3.55217524606079e-05,3.551748633802323e-05,3.551322157081946e-05,3.550895816274527e-05,3.550469611552496e-05,3.5500435425238694e-05,3.549617609274236e-05,3.549191811638121e-05,3.548766149709699e-05,3.5483406233222515e-05,3.547915232824816e-05,3.547489977414033e-05,3.54706485726068e-05,3.546639872518872e-05,3.546215023084101e-05,3.5457903087312454e-05,3.545365729455788e-05,3.544941285212432e-05,3.5445169759599536e-05,3.544092801533029e-05,3.543668762111495e-05,3.543244857227484e-05,3.54282108701306e-05,3.5423974514004774e-05,3.541973950196695e-05,3.5415505835172846e-05,3.54112735129514e-05,3.540704253298808e-05,3.540281289603074e-05,3.539858460428826e-05,3.5394357650564526e-05,3.5390132037745766e-05,3.538590776465738e-05,3.538168482942613e-05,3.537746323388837e-05,3.5373242976243456e-05,3.53690240544014e-05,3.53648064699675e-05,3.536059022017628e-05,3.5356375308833706e-05,3.535216172957199e-05,3.534794948569252e-05,3.534373857068746e-05,3.533952899054204e-05,3.533532074246886e-05,3.533111382422849e-05,3.532690823662373e-05,3.532270397662389e-05,3.53185010471418e-05,3.53142994600571e-05,3.531009918471431e-05,3.5305900239686055e-05,3.5301702620058326e-05,3.5297506325451114e-05,3.529331135554189e-05,3.528911771429009e-05,3.528492539196816e-05,3.528073439262778e-05,3.5276544715766266e-05,3.527235636020803e-05,3.5268169326260385e-05,3.5263983611174394e-05,3.525979921433564e-05,3.525561613837126e-05,3.5251434378463386e-05,3.524725393799558e-05,3.524307481364629e-05,3.523889700451127e-05,3.52347205113901e-05,3.523054533301944e-05,3.522637146873157e-05,3.522219891813788e-05,3.521802767941434e-05,3.521385775349151e-05,3.520968912645508e-05,3.5205521822617396e-05,3.520135582888242e-05,3.5197191143783495e-05,3.5193027768437696e-05,3.518886570089295e-05,3.5184704940773026e-05,3.5180545487837977e-05,3.517638734295173e-05,3.517223050161787e-05,3.5168074964659344e-05,3.5163920731815594e-05,3.515976780240846e-05,3.51556161758205e-05,3.51514658515127e-05,3.5147316828523893e-05,3.514316910589226e-05,3.513902268385982e-05,3.513487755715205e-05,3.513073373274307e-05,3.5126591206830184e-05,3.512244997229486e-05,3.5118310039678967e-05,3.511417140480472e-05,3.511003407579408e-05,3.510589803286881e-05,3.510176328283032e-05,3.509762982668332e-05,3.5093497666308904e-05,3.508936680141568e-05,3.5085237219457084e-05,3.508110892678089e-05,3.507698192841309e-05,3.5072856220691935e-05,3.506873180141665e-05,3.506460866995793e-05,3.506048682650491e-05,3.50563662703673e-05,3.505224700033146e-05,3.5048129016415865e-05,3.504401231766038e-05,3.503989690341856e-05,3.503578277294101e-05,3.5031669926454186e-05,3.50275583615885e-05,3.502344807868477e-05,3.5019339077032536e-05,3.5015231355938547e-05,3.501112491335589e-05,3.500701975150579e-05,3.500291585255298e-05,3.499881324760886e-05,3.4994711920051886e-05,3.4990611868783974e-05,3.498651309392808e-05,3.498241559470419e-05,3.497831937026468e-05,3.497422442344957e-05,3.4970130746028545e-05,3.496603834235717e-05,3.496194721029973e-05,3.495785735047909e-05,3.4953768764483166e-05,3.49496814458436e-05,3.494559539692499e-05,3.494151061708698e-05,3.4937427105698845e-05,3.493334486212057e-05,3.49292638857675e-05,3.49251841759076e-05,3.492110573671983e-05,3.49170285580383e-05,3.491295264615023e-05,3.49088779961889e-05,3.490480460963563e-05,3.490073248571158e-05,3.489666162389377e-05,3.4892592023550847e-05,3.4888523684158316e-05,3.48844566048802e-05,3.488039078885777e-05,3.48763262281155e-05,3.487226292569826e-05,3.486820087952969e-05,3.486414009187757e-05,3.486008056105352e-05,3.485602228565295e-05,3.485196526634939e-05,3.484790950069219e-05,3.4843854989011323e-05,3.4839801730703334e-05,3.483574972504902e-05,3.4831698969345753e-05,3.4827649462522245e-05,3.4823601208596696e-05,3.481955420410054e-05,3.481550845240534e-05,3.481146394680473e-05,3.4807420689975254e-05,3.48033786839412e-05,3.479933792426273e-05,3.479529841096367e-05,3.4791260143607264e-05,3.478722312141265e-05,3.4783187352645085e-05,3.4779152816976135e-05,3.4775119526693324e-05,3.477108747914149e-05,3.476705667370579e-05,3.476302710976579e-05,3.475899878684602e-05,3.475497170404323e-05,3.4750945861096516e-05,3.474692125704121e-05,3.4742897894443456e-05,3.473887576665683e-05,3.4734854876050384e-05,3.4730835221856874e-05,3.47268168035524e-05,3.472279962114588e-05,3.4718783672993674e-05,3.4714768956831505e-05,3.471075548393978e-05,3.4706743236384495e-05,3.4702732220832565e-05,3.4698722437271605e-05,3.46947138846521e-05,3.469070656265017e-05,3.468670047017928e-05,3.468269560746007e-05,3.4678691974094035e-05,3.467468956758717e-05,3.467068838868555e-05,3.466668843649371e-05,3.4662689710966245e-05,3.4658692210589825e-05,3.465469593513451e-05,3.46507008856398e-05,3.464670705822628e-05,3.4642714453913665e-05,3.463872307160474e-05,3.463473291157039e-05,3.463074397326988e-05,3.46267562555664e-05,3.462276975815673e-05,3.4618784479022764e-05,3.461480042032096e-05,3.4610817579722716e-05,3.4606835955990845e-05,3.4602855548727334e-05,3.459887635935056e-05,3.4594898386097774e-05,3.459092162815165e-05,3.4586946084854905e-05,3.458297174469188e-05,3.4578998628953476e-05,3.4575026725036016e-05,3.4571056036179194e-05,3.456708655716545e-05,3.456311828871498e-05,3.455915123953028e-05,3.455518539382928e-05,3.455122075611164e-05,3.454725732738644e-05,3.4543295106681975e-05,3.4539334087111046e-05,3.4535374278548665e-05,3.453141567798452e-05,3.452745828384531e-05,3.45235020950892e-05,3.451954711098524e-05,3.451559333071089e-05,3.451164075237262e-05,3.450768937848486e-05,3.45037392069399e-05,3.449979023689423e-05,3.449584246781367e-05,3.449189589951187e-05,3.448795053102346e-05,3.44840063617247e-05,3.448006339106933e-05,3.447612161645466e-05,3.447218104141883e-05,3.446824166311703e-05,3.446430348250014e-05,3.446036649679073e-05,3.445643070612329e-05,3.445249611008306e-05,3.444856270959857e-05,3.4444630500823315e-05,3.4440699484980336e-05,3.4436769661449056e-05,3.4432841027146334e-05,3.442891358636439e-05,3.442498733589332e-05,3.442106227736534e-05,3.4417138406102415e-05,3.441321572377305e-05,3.440929422798245e-05,3.440537392143821e-05,3.4401454801881734e-05,3.4397536875437895e-05,3.439362013042356e-05,3.43897045685093e-05,3.438579019116538e-05,3.4381876998975796e-05,3.4377964990515135e-05,3.437405416385524e-05,3.437014451961207e-05,3.436623605715166e-05,3.436232877623116e-05,3.435842267557639e-05,3.435451776676305e-05,3.4350614026923214e-05,3.434671146529138e-05,3.434281007884757e-05,3.433890987802736e-05,3.433501084553414e-05,3.4331112993753535e-05,3.4327216318137365e-05,3.432332081873512e-05,3.431942649301878e-05,3.431553333960061e-05,3.431164134930992e-05,3.430775054585023e-05,3.430386091406078e-05,3.429997245432467e-05,3.429608516607829e-05,3.4292199047334946e-05,3.428831410039216e-05,3.428443032322401e-05,3.428054771533276e-05,3.4276666276014777e-05,3.4272786004582214e-05,3.426890689920575e-05,3.4265028965631324e-05,3.4261152195082684e-05,3.425727659017225e-05,3.4253402150796705e-05,3.4249528876075194e-05,3.424565676583855e-05,3.4241785815545894e-05,3.423791603142897e-05,3.423404740976698e-05,3.423017994973593e-05,3.422631365104588e-05,3.4222448513230494e-05,3.4218584535853284e-05,3.421472171639356e-05,3.4210860057360934e-05,3.420699955675386e-05,3.4203140210941494e-05,3.419928202442567e-05,3.419542499636027e-05,3.419156912414556e-05,3.4187714407582676e-05,3.4183860846510504e-05,3.4180008449371656e-05,3.417615719635361e-05,3.417230709390876e-05,3.4168458147508486e-05,3.416461035338326e-05,3.4160763711022704e-05,3.415691821965048e-05,3.415307387900961e-05,3.414923068616502e-05,3.4145388644811604e-05,3.4141547752450186e-05,3.413770800753757e-05,3.4133869413187825e-05,3.4130031964810444e-05,3.412619566644548e-05,3.412236050964554e-05,3.411852650002602e-05,3.411469363392441e-05,3.41108619143025e-05,3.410703133456012e-05,3.410320190775553e-05,3.4099373618210155e-05,3.4095546466018586e-05,3.409172046077553e-05,3.4087895596556234e-05,3.408407188191718e-05,3.408024929862075e-05,3.407642785271055e-05,3.4072607547288535e-05,3.406878837905884e-05,3.406497035108959e-05,3.4061153459928384e-05,3.4057337706026794e-05,3.405352308844947e-05,3.404970960665902e-05,3.404589725589852e-05,3.404208604403771e-05,3.403827596617875e-05,3.403446702170504e-05,3.403065921069639e-05,3.402685253220328e-05,3.4023046985370993e-05,3.401924257078596e-05,3.401543928652423e-05,3.401163712912012e-05,3.400783610498097e-05,3.400403621302358e-05,3.4000237455775576e-05,3.399643981779696e-05,3.399264330747531e-05,3.398884792422506e-05,3.3985053667309665e-05,3.3981260536343705e-05,3.3977468536694445e-05,3.397367765576452e-05,3.3969887899883974e-05,3.396609926828149e-05,3.396231175957842e-05,3.395852537365334e-05,3.395474011002144e-05,3.395095596805358e-05,3.394717294725555e-05,3.3943391046982674e-05,3.393961026691962e-05,3.393583060641735e-05,3.393205206498044e-05,3.392827464217457e-05,3.392449833651072e-05,3.3920723149139264e-05,3.391694907734072e-05,3.391317612321505e-05,3.390940428480869e-05,3.390563356219181e-05,3.3901863954006934e-05,3.389809545919227e-05,3.389432808630708e-05,3.3890561818998654e-05,3.388679666391424e-05,3.388303262050702e-05,3.3879269687368085e-05,3.3875507867245264e-05,3.387174715874453e-05,3.386798755941707e-05,3.38642290688261e-05,3.3860471688599805e-05,3.385671541591374e-05,3.3852960250843786e-05,3.384920619338867e-05,3.3845453242716625e-05,3.3841701398328236e-05,3.383795065970174e-05,3.383420102649417e-05,3.383045249873893e-05,3.382670506219273e-05,3.3822958741623806e-05,3.381921352203701e-05,3.381546940130426e-05,3.381172638780097e-05,3.3807984476426016e-05,3.3804243666188806e-05,3.380050395623623e-05,3.379676534653794e-05,3.37930278364073e-05,3.3789291422801924e-05,3.378555610974119e-05,3.378182189859565e-05,3.377808878133854e-05,3.3774356760798975e-05,3.3770625836546246e-05,3.3766896007955116e-05,3.376316727480602e-05,3.37594396364597e-05,3.375571309190697e-05,3.375198764246851e-05,3.374826328539603e-05,3.374454001871466e-05,3.374081784637775e-05,3.3737096765725375e-05,3.3733376776228154e-05,3.3729657875870305e-05,3.3725940067554657e-05,3.372222334857998e-05,3.3718507718810094e-05,3.371479317574212e-05,3.371107972264456e-05,3.3707367356974146e-05,3.370365607838947e-05,3.369994588621776e-05,3.369623678007954e-05,3.369252875956901e-05,3.3688821824144646e-05,3.3685115973086386e-05,3.368141119514123e-05,3.367770750803517e-05,3.367400490753526e-05,3.3670303389170416e-05,3.3666602950404454e-05,3.3662903596010905e-05,3.36592053216989e-05,3.365550813048684e-05,3.365181201891195e-05,3.3648116984174145e-05,3.364442302876827e-05,3.3640730151680704e-05,3.36370383524101e-05,3.363334763027694e-05,3.36296579851792e-05,3.362596941639219e-05,3.362228192341532e-05,3.361859550558433e-05,3.3614910162090633e-05,3.361122589356866e-05,3.360754269946026e-05,3.360386058209335e-05,3.3600179533654826e-05,3.359649955721871e-05,3.359282065318648e-05,3.358914282105472e-05,3.3585466059665034e-05,3.358179036752894e-05,3.3578115744756745e-05,3.3574442192097555e-05,3.357076970815408e-05,3.356709829235857e-05,3.3563427944039014e-05,3.3559758666948805e-05,3.35560904528572e-05,3.3552423304764904e-05,3.354875722244208e-05,3.3545092205958877e-05,3.354142825357273e-05,3.353776536944211e-05,3.3534103549573167e-05,3.35304427884762e-05,3.3526783091274724e-05,3.352312445591199e-05,3.351946688299793e-05,3.351581037070949e-05,3.3512154918927066e-05,3.350850052754852e-05,3.350484719584355e-05,3.3501194922663225e-05,3.3497543708326376e-05,3.349389355264006e-05,3.349024445443639e-05,3.348659641266446e-05,3.34829494287794e-05,3.3479303501068965e-05,3.347565862853137e-05,3.347201481196851e-05,3.3468372049566704e-05,3.346473034243776e-05,3.346108969023817e-05,3.345745009029378e-05,3.345381154276744e-05,3.3450174047675496e-05,3.344653760444767e-05,3.344290221262673e-05,3.3439267872387394e-05,3.343563458185666e-05,3.3432002341255913e-05,3.342837115011679e-05,3.342474100784872e-05,3.342111191408259e-05,3.341748386828847e-05,3.3413856869951594e-05,3.341023091863663e-05,3.340660601374074e-05,3.340298215492203e-05,3.33993593416401e-05,3.339573757331718e-05,3.339211684961646e-05,3.338849716998667e-05,3.338487853385747e-05,3.338126094082209e-05,3.337764439039245e-05,3.3374028882164275e-05,3.337041441549553e-05,3.336680098998199e-05,3.336318860513756e-05,3.3359577260480475e-05,3.335596695552693e-05,3.335235768979203e-05,3.334874946279482e-05,3.334514227405235e-05,3.3341536123083514e-05,3.3337931009404474e-05,3.3334326932535985e-05,3.3330723891995576e-05,3.332712188705146e-05,3.332352091772408e-05,3.3319920983283984e-05,3.3316322083249656e-05,3.3312724217143e-05,3.330912738401886e-05,3.330553158432857e-05,3.330193681712798e-05,3.3298343081938264e-05,3.3294750378281934e-05,3.329115870568078e-05,3.3287568068278115e-05,3.3283978460983765e-05,3.3280389878682554e-05,3.3276802331982026e-05,3.327321580911268e-05,3.326963031241369e-05,3.326604584837579e-05,3.3262462411785275e-05,3.32588800028596e-05,3.325529861412678e-05,3.325171825128234e-05,3.324813891373623e-05,3.3244560601103925e-05,3.324098331292988e-05,3.323740705063639e-05,3.323383180980339e-05,3.323025759194188e-05,3.322668439669707e-05,3.322311222342884e-05,3.321954107172557e-05,3.321597094112605e-05,3.321240183115085e-05,3.320883374132718e-05,3.320526667119972e-05,3.320170062028946e-05,3.3198135588102184e-05,3.319457157673422e-05,3.319100858506029e-05,3.318744660839868e-05,3.318388564644899e-05,3.3180325700936033e-05,3.3176766773594694e-05,3.3173208863795714e-05,3.31696519695423e-05,3.3166096084912434e-05,3.3162541218877886e-05,3.315898736624911e-05,3.315543452482934e-05,3.315188269814945e-05,3.314833187885973e-05,3.314478207169267e-05,3.314123327576995e-05,3.3137685490653455e-05,3.313413871581953e-05,3.3130592952634844e-05,3.3127048196945346e-05,3.3123504450122266e-05,3.311996171204378e-05,3.3116419982101985e-05,3.3112879258238325e-05,3.310933954107415e-05,3.310580083264915e-05,3.310226312858951e-05,3.309872643142824e-05,3.3095190739795866e-05,3.309165605533252e-05,3.3088122374110525e-05,3.308458969584964e-05,3.3081058020515696e-05,3.3077527349009935e-05,3.3073997681436936e-05,3.307046901584564e-05,3.30669413486415e-05,3.306341468363499e-05,3.3059889019933e-05,3.3056364355672244e-05,3.305284068767795e-05,3.3049318025731836e-05,3.3045796360069115e-05,3.304227569526306e-05,3.3038756031461046e-05,3.30352373619745e-05,3.303171968289591e-05,3.3028203008272786e-05,3.302468732529605e-05,3.302117263891621e-05,3.3017658943040085e-05,3.301414624742562e-05,3.3010634543975806e-05,3.300712383387921e-05,3.300361411843416e-05,3.3000105397895865e-05,3.299659766732735e-05,3.299309092919984e-05,3.298958517969441e-05,3.2986080426634135e-05,3.2982576659113856e-05,3.29790738884283e-05,3.297557210269819e-05,3.2972071308999276e-05,3.296857150063628e-05,3.2965072681654166e-05,3.2961574851000655e-05,3.295807800587486e-05,3.2954582148555513e-05,3.2951087278225856e-05,3.294759339329189e-05,3.294410049488997e-05,3.294060858207004e-05,3.293711765466934e-05,3.293362770965246e-05,3.293013874993284e-05,3.2926650773994266e-05,3.2923163781143503e-05,3.2919677770419555e-05,3.291619274152775e-05,3.2912708690995176e-05,3.2909225620290706e-05,3.2905743535007785e-05,3.2902262427906484e-05,3.289878230557852e-05,3.289530315646562e-05,3.2891824990793745e-05,3.2888347801035674e-05,3.2884871589452005e-05,3.288139635641229e-05,3.287792209968266e-05,3.2874448819782226e-05,3.287097651606958e-05,3.286750518933525e-05,3.2864034838001965e-05,3.286056546179349e-05,3.2857097060122676e-05,3.285362963159595e-05,3.285016317757945e-05,3.284669769677074e-05,3.2843233188938845e-05,3.2839769653378493e-05,3.283630708972843e-05,3.283284549749261e-05,3.282938487536222e-05,3.282592522509491e-05,3.2822466544581666e-05,3.281900883382177e-05,3.281555209235355e-05,3.281209631972454e-05,3.280864151540592e-05,3.280518768099352e-05,3.280173481574533e-05,3.279828291387308e-05,3.279483197938585e-05,3.2791382010416496e-05,3.278793300721538e-05,3.2784484969438445e-05,3.278103789645095e-05,3.277759178579739e-05,3.2774146641302455e-05,3.2770702458445e-05,3.27672592388671e-05,3.2763816983795866e-05,3.2760375690926216e-05,3.275693536026436e-05,3.275349599054862e-05,3.2750057581992366e-05,3.274662013397833e-05,3.274318364606172e-05,3.2739748117837955e-05,3.273631354937172e-05,3.273287994683193e-05,3.2729447295040014e-05,3.272601560747962e-05,3.272258487116597e-05,3.2719155091441415e-05,3.271572626674121e-05,3.2712298402681547e-05,3.27088714916282e-05,3.270544553585412e-05,3.270202053896386e-05,3.2698596492666436e-05,3.269517340107661e-05,3.269175126254578e-05,3.268833007719155e-05,3.2684909845184044e-05,3.268149056538412e-05,3.26780722378159e-05,3.267465486110152e-05,3.267123843370521e-05,3.266782295951954e-05,3.266440843323538e-05,3.2660994856604665e-05,3.2657582228639666e-05,3.265417055239083e-05,3.265075982267163e-05,3.264735004291872e-05,3.2643941211128274e-05,3.2640533318530545e-05,3.263712638048726e-05,3.263372039431607e-05,3.2630315346769576e-05,3.2626911244935075e-05,3.262350809001024e-05,3.26201058790072e-05,3.261670461279287e-05,3.261330429063362e-05,3.260990491152916e-05,3.2606506475748086e-05,3.260310898294832e-05,3.259971243212944e-05,3.2596316823244984e-05,3.259292215583741e-05,3.25895284291368e-05,3.2586135642824104e-05,3.2582743796566894e-05,3.257935289027956e-05,3.25759629230382e-05,3.257257389460018e-05,3.256918580454601e-05,3.2565798652376624e-05,3.256241243783286e-05,3.2559027160416e-05,3.2555642819707765e-05,3.255225941528993e-05,3.25488769467446e-05,3.254549541365404e-05,3.25421148160592e-05,3.253873515262637e-05,3.25353564221588e-05,3.253197862740995e-05,3.252860176559068e-05,3.2525225836472784e-05,3.2521850838698856e-05,3.2518476774485624e-05,3.2515103643015946e-05,3.251173143742269e-05,3.250836016807248e-05,3.250498983049204e-05,3.2501620421948455e-05,3.2498251941516904e-05,3.249488439039399e-05,3.249151776798863e-05,3.248815207427167e-05,3.2484787308204846e-05,3.248142346974369e-05,3.247806055843657e-05,3.247469857366217e-05,3.247133751297665e-05,3.246797738110544e-05,3.246461817417309e-05,3.246125989220965e-05,3.2457902535187344e-05,3.2454546102366505e-05,3.2451190593797334e-05,3.2447836008368126e-05,3.244448234462476e-05,3.2441129604880325e-05,3.243777778735615e-05,3.2434426891645116e-05,3.243107691734126e-05,3.2427727864035164e-05,3.2424379732295724e-05,3.2421032519745984e-05,3.24176862268571e-05,3.241434085476564e-05,3.2410996400789774e-05,3.240765286572322e-05,3.2404310247771894e-05,3.2400968549996554e-05,3.239762776775012e-05,3.239428790199414e-05,3.239094895275532e-05,3.238761092007078e-05,3.238427380352785e-05,3.238093760140823e-05,3.237760231418572e-05,3.237426794145476e-05,3.237093448338629e-05,3.236760193831358e-05,3.236427030702184e-05,3.236093959019389e-05,3.2357609784650415e-05,3.2354280888861956e-05,3.235095290757386e-05,3.23476258330066e-05,3.234429967799622e-05,3.23409744284012e-05,3.23376500798233e-05,3.233432665037457e-05,3.2331004129346034e-05,3.232768252126581e-05,3.232436182346896e-05,3.2321042024452824e-05,3.231772313455782e-05,3.2314405150937304e-05,3.231108807693289e-05,3.230777190890998e-05,3.230445664740152e-05,3.230114229252521e-05,3.2297828841051e-05,3.22945162951803e-05,3.2291204653206694e-05,3.228789391589627e-05,3.228458408174383e-05,3.228127515140691e-05,3.227796712441211e-05,3.227465999989967e-05,3.227135377585548e-05,3.22680484546751e-05,3.226474403382131e-05,3.226144051668623e-05,3.225813789758208e-05,3.225483617966336e-05,3.225153536133976e-05,3.224823544235229e-05,3.224493642392619e-05,3.2241638301382126e-05,3.223834107983017e-05,3.223504475402422e-05,3.2231749325280966e-05,3.2228454793555975e-05,3.222516115816014e-05,3.2221868419102676e-05,3.2218576575646035e-05,3.2215285627464344e-05,3.221199557443152e-05,3.220870641578557e-05,3.2205418151261874e-05,3.220213078068552e-05,3.2198844303479716e-05,3.219555871914262e-05,3.2192274028850175e-05,3.2188990229344036e-05,3.218570732167268e-05,3.21824253053977e-05,3.2179144179693525e-05,3.217586394509295e-05,3.217258460051935e-05,3.216930614608044e-05,3.216602857232739e-05,3.2162751896323166e-05,3.215947611058635e-05,3.215620121125556e-05,3.215292720028616e-05,3.214965407805757e-05,3.21463818415283e-05,3.214311049189792e-05,3.213984002866426e-05
12,3.978219621283162e-83,9.155481044924417e-83,2.585747986386076e-82,6.682872036987979e-82,1.5197533580506273e-81,3.101673011305983e-81,5.812084658080849e-81,1.0179906623585657e-80,1.6888421776240526e-80,2.680075387419424e-80,4.0987357426434466e-80,6.075552553703936e-80,8.768091255540094e-80,1.2364106463583041e-79,1.7085095036342973e-79,2.3190048347931517e-79,3.097940306569953e-79,4.079918981239429e-79,5.304537918891415e-79,6.816842471953597e-79,8.667800235193903e-79,1.0914794620525977e-78,1.3622138030127306e-78,1.686160460475629e-78,2.0712982526731863e-78,2.526464585834891e-78,3.0614145897946775e-78,3.6868822036259477e-78,4.414643209621796e-78,5.257580213953588e-78,6.229749572348641e-78,7.346450259128545e-78,8.6242946779342415e-78,1.0081281412490207e-77,1.1736869915695707e-77,1.3612057135380107e-77,1.5729456075020231e-77,1.8113376287717243e-77,2.0789906301734663e-77,2.3786997975884623e-77,2.713455278305137e-77,3.0864510020141404e-77,3.501093694275183e-77,3.961012082281535e-77,4.470066292754501e-77,5.0323574417940224e-77,5.652237416512872e-77,6.3343188482860475e-77,7.08348527744445e-77,7.904901509233078e-77,8.80402416087626e-77,9.786612399568469e-77,1.085873887122392e-76,1.2026800819813828e-76,1.3297531397120578e-76,1.4678011162737982e-76,1.6175679774148735e-76,1.7798347866707028e-76,1.9554209123356734e-76,2.1451852533919244e-76,2.3500274843772683e-76,2.5708893191762462e-76,2.808755793716798e-76,3.0646565675555765e-76,3.339667244335693e-76,3.6349107110990215e-76,3.9515584964368254e-76,4.2908321474617804e-76,4.654004625584325e-76,5.042401721076641e-76,5.457403486407449e-76,5.900445688330814e-76,6.373021278712109e-76,6.8766818840744e-76,7.413039313848526e-76,7.98376708731008e-76,8.590601979186586e-76,9.235345583918142e-76,9.919865898554801e-76,1.0646098924274138e-75,1.1416050286502107e-75,1.223179687362059e-75,1.3095488494245826e-75,1.4009349553058727e-75,1.4975680745173674e-75,1.5996860769026792e-75,1.7075348057768138e-75,1.8213682529140927e-75,1.9414487353831376e-75,2.0680470742272642e-75,2.2014427749886112e-75,2.341924210074388e-75,2.489788802963582e-75,2.6453432142524234e-75,2.808903529537052e-75,2.980795449131681e-75,3.1613544796206255e-75,3.350926127242555e-75,3.549866093105324e-75,3.7585404702298127e-75,3.9773259424209555e-75,4.2066099849644926e-75,4.446791067147859e-75,4.698278856603353e-75,4.961494425472037e-75,5.236870458386982e-75,5.524851462273826e-75,5.825893977967233e-75,6.14046679364179e-75,6.469051160055315e-75,6.812141007603298e-75,7.170243165182705e-75,7.543877580863542e-75,7.93357754436655e-75,8.339889911345465e-75,8.76337532947219e-75,9.204608466323233e-75,9.664178239065867e-75,1.0142688045942323e-74,1.0640755999550505e-74,1.1159015161919507e-74,1.169811378137841e-74,1.2258715531216703e-74,1.2841499750134734e-74,1.3447161684482638e-74,1.4076412732286008e-74,1.472998068905692e-74,1.5408609995388509e-74,1.6113061986331435e-74,1.6844115142551288e-74,1.7602565343264136e-74,1.8389226120949936e-74,1.920492891784109e-74,2.005052334418543e-74,2.092687743828206e-74,2.18348779282867e-74,2.2775430495787642e-74,2.3749460041149553e-74,2.4757910950622044e-74,2.5801747365214013e-74,2.6881953451330657e-74,2.799953367317148e-74,2.9155513066888833e-74,3.035093751650407e-74,3.1586874031580574e-74,3.2864411026651936e-74,3.418465860240361e-74,3.5548748828606545e-74,3.69578360288011e-74,3.841309706672982e-74,3.991573163451752e-74,4.146696254259695e-74,4.3068036011378645e-74,4.472022196466321e-74,4.642481432479481e-74,4.8183131309553805e-74,4.999651573078748e-74,5.1866335294777105e-74,5.379398290433971e-74,5.578087696266255e-74,5.782846167886993e-74,5.993820737532047e-74,6.211161079663187e-74,6.435019542043243e-74,6.6655511769840115e-74,6.902913772766331e-74,7.147267885232492e-74,7.39877686955069e-74,7.657606912151535e-74,7.923927062836085e-74,8.197909267055744e-74,8.479728398363485e-74,8.769562291036446e-74,9.067591772869665e-74,9.374000698140831e-74,9.688975980745837e-74,1.0012707627505105e-73,1.0345388771640444e-73,1.0687215706422257e-73,1.1038387918987019e-73,1.13991081243248e-73,1.1769582299436858e-73,1.2150019717662828e-73,1.2540632983177687e-73,1.2941638065658116e-73,1.3353254335118234e-73,1.3775704596914483e-73,1.4209215126919554e-73,1.4654015706865178e-73,1.511033965985364e-73,1.5578423886037844e-73,1.6058508898469836e-73,1.655083885911756e-73,1.7055661615049754e-73,1.757322873478878e-73,1.810379554483132e-73,1.8647621166336703e-73,1.9204968551982742e-73,1.9776104522988972e-73,2.0361299806307032e-73,2.0960829071978223e-73,2.1574970970657872e-73,2.2204008171306538e-73,2.2848227399047766e-73,2.350791947319242e-73,2.418337934542917e-73,2.487490613818128e-73,2.5582803183129437e-73,2.630737805990027e-73,2.7048942634920764e-73,2.780781310043825e-73,2.858431001370566e-73,2.9378758336332287e-73,3.019148747379941e-73,3.102283131514116e-73,3.187312827279004e-73,3.274272132258725e-73,3.363195804395729e-73,3.4541190660247455e-73,3.5470776079231106e-73,3.6421075933775195e-73,3.739245662267175e-73,3.838528935163323e-73,3.939995017445139e-73,4.043682003431973e-73,4.1496284805319324e-73,4.2578735334067846e-73,4.368456748153162e-73,4.481418216500071e-73,4.5967985400226716e-73,4.714638834372293e-73,4.834980733522775e-73,4.95786639403293e-73,5.083338499325353e-73,5.211440263981312e-73,5.34221543805192e-73,5.4757083113854385e-73,5.611963717970759e-73,5.751027040297014e-73,5.892944213729355e-73,6.037761730900805e-73,6.185526646120237e-73,6.336286579796456e-73,6.490089722878284e-73,6.646984841310856e-73,6.80702128050778e-73,6.97024896983945e-73,7.13671842713734e-73,7.306480763214284e-73,7.479587686400778e-73,7.656091507097223e-73,7.836045142342183e-73,8.019502120396481e-73,8.206516585343344e-73,8.397143301704405e-73,8.591437659071595e-73,8.78945567675499e-73,8.991254008446434e-73,9.196889946899101e-73,9.406421428622886e-73,9.619907038595586e-73,9.837406014989958e-73,1.0058978253916546e-72,1.0284684314182273e-72,1.051458542206488e-72,1.0748743476103056e-72,1.0987221051902342e-72,1.1230081406956768e-72,1.14773884854862e-72,1.1729206923289417e-72,1.1985602052612796e-72,1.2246639907034827e-72,1.2512387226366133e-72,1.2782911461565208e-72,1.305828077966979e-72,1.3338564068743843e-72,1.3623830942840168e-72,1.3914151746978526e-72,1.4209597562139494e-72,1.4510240210273676e-72,1.4816152259326643e-72,1.512740702827934e-72,1.5444078592203998e-72,1.5766241787335598e-72,1.609397221615875e-72,1.642734625251016e-72,1.6766441046696487e-72,1.7111334530627672e-72,1.7462105422965731e-72,1.7818833234288924e-72,1.818159827227127e-72,1.8550481646877762e-72,1.892556527557462e-72,1.930693188855501e-72,1.969466503398024e-72,2.008884908323613e-72,2.048956923620494e-72,2.089691152655225e-72,2.1310962827029516e-72,2.1731810854791697e-72,2.2159544176730197e-72,2.2594252214821167e-72,2.3036025251488806e-72,2.34849544349842e-72,2.3941131784779163e-72,2.440465019697536e-72,2.4875603449728624e-72,2.535408620868843e-72,2.5840194032452565e-72,2.6334023378036863e-72,2.683567160636027e-72,2.734523698774473e-72,2.786281870743053e-72,2.8388516871106416e-72,2.8922432510455013e-72,2.946466758871323e-72,3.0015325006247744e-72,3.057450860614549e-72,3.114232317981913e-72,3.171887447262779e-72,3.230426918951248e-72,3.2898615000646646e-72,3.3502020547101784e-72,3.4114595446527793e-72,3.4736450298848487e-72,3.5367696691971925e-72,3.600844720751574e-72,3.665881542654722e-72,3.7318915935338605e-72,3.79888643311368e-72,3.8668777227948337e-72,3.9358772262339153e-72,4.0058968099248866e-72,4.0769484437820395e-72,4.1490442017243994e-72,4.2221962622616257e-72,4.2964169090813846e-72,4.3717185316382073e-72,4.44811362574381e-72,4.525614794158919e-72,4.604234747186523e-72,4.683986303266637e-72,4.764882389572518e-72,4.846936042608357e-72,4.930160408808442e-72,5.01456874513778e-72,5.100174419694172e-72,5.1869909123118e-72,5.275031815166216e-72,5.364310833380835e-72,5.454841785634878e-72,5.546638604772754e-72,5.639715338414934e-72,5.734086149570255e-72,5.829765317249689e-72,5.92676723708157e-72,6.025106421928254e-72,6.124797502504264e-72,6.225855227995846e-72,6.328294466682003e-72,6.432130206556962e-72,6.537377555954098e-72,6.644051744171288e-72,6.752168122097713e-72,6.861742162842114e-72,6.972789462362462e-72,7.085325740097119e-72,7.199366839597352e-72,7.314928729161392e-72,7.432027502469828e-72,7.550679379222513e-72,7.670900705776838e-72,7.792707955787483e-72,7.916117730847571e-72,8.041146761131292e-72,8.167811906037904e-72,8.296130154837201e-72,8.426118627316365e-72,8.557794574428286e-72,8.691175378941287e-72,8.826278556090248e-72,8.963121754229183e-72,9.101722755485237e-72,9.242099476414054e-72,9.384269968656631e-72,9.528252419597522e-72,9.674065153024518e-72,9.821726629789654e-72,9.971255448471731e-72,1.0122670346040166e-71,1.0275990198520293e-71,1.0431234021660057e-71,1.0588420971598125e-71,1.0747570345533371e-71,1.0908701582395816e-71,1.1071834263518928e-71,1.1236988113313329e-71,1.1404182999941935e-71,1.1573438935996438e-71,1.1744776079175244e-71,1.1918214732962774e-71,1.2093775347310164e-71,1.2271478519317348e-71,1.245134499391658e-71,1.2633395664557284e-71,1.2817651573892326e-71,1.3004133914465685e-71,1.3192864029401505e-71,1.3383863413094506e-71,1.3577153711901808e-71,1.3772756724836133e-71,1.397069440426041e-71,1.4170988856583725e-71,1.4373662342958623e-71,1.4578737279979893e-71,1.4786236240384648e-71,1.4996181953753777e-71,1.5208597307214841e-71,1.542350534614627e-71,1.5640929274882972e-71,1.5860892457423267e-71,1.6083418418137292e-71,1.6308530842476688e-71,1.6536253577685618e-71,1.6766610633513285e-71,1.6999626182927695e-71,1.7235324562830887e-71,1.7473730274775383e-71,1.7714867985682136e-71,1.795876252855979e-71,1.820543890322525e-71,1.8454922277025728e-71,1.8707237985562017e-71,1.8962411533413176e-71,1.9220468594862623e-71,1.9481435014625454e-71,1.9745336808577246e-71,2.001220016448412e-71,2.0282051442734206e-71,2.0554917177070414e-71,2.083082407532459e-71,2.1109799020152986e-71,2.1391869069773136e-71,2.167706145870192e-71,2.1965403598495215e-71,2.2256923078488656e-71,2.2551647666539884e-71,2.2849605309772035e-71,2.315082413531865e-71,2.345533245106986e-71,2.3763158746419938e-71,2.4074331693016182e-71,2.4388880145509072e-71,2.47068331423039e-71,2.5028219906313575e-71,2.535306984571282e-71,2.568141255469374e-71,2.601327781422265e-71,2.6348695592798207e-71,2.668769604721102e-71,2.7030309523304405e-71,2.73765665567365e-71,2.7726497873743847e-71,2.8080134391906004e-71,2.8437507220911865e-71,2.879864766332687e-71,2.9163587215361893e-71,2.953235756764323e-71,2.990499060598401e-71,3.028151841215681e-71,3.066197326466771e-71,3.1046387639531508e-71,3.14347942110484e-71,3.1827225852581873e-71,3.222371563733801e-71,3.2624296839145792e-71,3.30290029332392e-71,3.343786759704017e-71,3.385092471094311e-71,3.426820835910056e-71,3.4689752830210267e-71,3.511559261830362e-71,3.5545762423535134e-71,3.5980297152973437e-71,3.6419231921393525e-71,3.686260205207019e-71,3.731044307757291e-71,3.776279074056193e-71,3.82196809945856e-71,3.868115000487914e-71,3.91472341491645e-71,3.961797001845173e-71,4.009339441784144e-71,4.0573544367328655e-71,4.105845710260785e-71,4.154817007587946e-71,4.204272095665746e-71,4.254214763257831e-71,4.3046488210211244e-71,4.3555781015869725e-71,4.407006459642423e-71,4.4589377720116364e-71,4.5113759377374e-71,4.564324878162817e-71,4.617788537013068e-71,4.671770880477347e-71,4.726275897290882e-71,4.7813075988171154e-71,4.836870019130001e-71,4.892967215096416e-71,4.949603266458718e-71,5.0067822759174106e-71,5.064508369213954e-71,5.122785695213686e-71,5.181618425988867e-71,5.241010756901878e-71,5.300966906688507e-71,5.3614911175413854e-71,5.422587655193554e-71,5.484260809002127e-71,5.5465148920321034e-71,5.60935424114031e-71,5.672783217059442e-71,5.736806204482263e-71,5.801427612145892e-71,5.866651872916253e-71,5.932483443872615e-71,5.998926806392288e-71,6.065986466235421e-71,6.133666953629926e-71,6.201972823356544e-71,6.2709086548340174e-71,6.340479052204392e-71,6.410688644418433e-71,6.481542085321197e-71,6.553044053737686e-71,6.6251992535586555e-71,6.698012413826529e-71,6.771488288821435e-71,6.845631658147399e-71,6.9204473268186e-71,6.9959401253458095e-71,7.0721149098229204e-71,7.1489765620136046e-71,7.226529989438079e-71,7.30478012546004e-71,7.38373192937367e-71,7.46339038649079e-71,7.543760508228133e-71,7.624847332194731e-71,7.706655922279438e-71,7.789191368738562e-71,7.872458788283632e-71,7.956463324169248e-71,8.041210146281154e-71,8.126704451224271e-71,8.212951462411008e-71,8.299956430149602e-71,8.387724631732606e-71,8.476261371525508e-71,8.565571981055447e-71,8.655661819100076e-71,8.746536271776525e-71,8.838200752630494e-71,8.930660702725462e-71,9.023921590732028e-71,9.117988913017351e-71,9.212868193734747e-71,9.308564984913347e-71,9.405084866547939e-71,9.502433446688882e-71,9.600616361532161e-71,9.699639275509591e-71,9.799507881379049e-71,9.900227900314942e-71,1.0001805081998703e-70,1.0104245204709443e-70,1.0207554075414744e-70,1.0311737529861522e-70,1.0416801432667032e-70,1.0522751677410015e-70,1.0629594186721922e-70,1.073733491237829e-70,1.0845979835390213e-70,1.0955534966095944e-70,1.1066006344252614e-70,1.117740003912807e-70,1.1289722149592824e-70,1.1402978804212123e-70,1.1517176161338147e-70,1.1632320409202303e-70,1.1748417766007663e-70,1.18654744800215e-70,1.1983496829667945e-70,1.2102491123620775e-70,1.2222463700896295e-70,1.2343420930946348e-70,1.2465369213751455e-70,1.2588314979914051e-70,1.2712264690751844e-70,1.2837224838391308e-70,1.2963201945861265e-70,1.309020256718659e-70,1.3218233287482067e-70,1.33473007230463e-70,1.3477411521455787e-70,1.3608572361659106e-70,1.374078995407119e-70,1.3874071040667752e-70,1.4008422395079784e-70,1.4143850822688225e-70,1.4280363160718694e-70,1.4417966278336378e-70,1.4556667076740994e-70,1.4696472489261907e-70,1.4837389481453346e-70,1.4979425051189736e-70,1.5122586228761127e-70,1.5266880076968767e-70,1.541231369122078e-70,1.5558894199627953e-70,1.570662876309963e-70,1.585552457543974e-70,1.6005588863442937e-70,1.615682888699083e-70,1.630925193914838e-70,1.646286534626028e-70,1.661767646804767e-70,1.6773692697704772e-70,1.693092146199569e-70,1.708937022135141e-70,1.7249046469966735e-70,1.740995773589757e-70,1.7572111581158072e-70,1.7735515601818124e-70,1.790017742810076e-70,1.806610472447985e-70,1.8233305189777742e-70,1.840178655726316e-70,1.857155659474911e-70,1.8742623104690954e-70,1.8914993924284592e-70,1.908867692556476e-70,1.9263680015503323e-70,1.9440011136107957e-70,1.9617678264520627e-70,1.979668941311639e-70,1.9977052629602235e-70,2.015877599711597e-70,2.03418676343254e-70,2.0526335695527433e-70,2.071218837074737e-70,2.0899433885838352e-70,2.1088080502580838e-70,2.1278136518782237e-70,2.1469610268376657e-70,2.1662510121524728e-70,2.1856844484713578e-70,2.2052621800856875e-70,2.2249850549395064e-70,2.244853924639559e-70,2.264869644465334e-70,2.285033073379113e-70,2.3053450740360348e-70,2.3258065127941626e-70,2.3464182597245772e-70,2.367181188621468e-70,2.3880961770122345e-70,2.4091641061676105e-70,2.4303858611117858e-70,2.4517623306325493e-70,2.4732944072914388e-70,2.4949829874338986e-70,2.516828971199455e-70,2.5388332625318966e-70,2.5609967691894674e-70,2.5833204027550733e-70,2.6058050786464952e-70,2.6284517161266175e-70,2.6512612383136645e-70,2.6742345721914468e-70,2.697372648619619e-70,2.7206764023439563e-70,2.7441467720066247e-70,2.7677847001564816e-70,2.7915911332593717e-70,2.8155670217084427e-70,2.8397133198344688e-70,2.8640309859161823e-70,2.888520982190624e-70,2.9131842748634926e-70,2.9380218341195186e-70,2.963034634132834e-70,2.9882236530773683e-70,3.0135898731372426e-70,3.039134280517179e-70,3.064857865452924e-70,3.090761622221675e-70,3.116846549152525e-70,3.143113648636917e-70,3.169563927139104e-70,3.19619839520662e-70,3.2230180674807674e-70,3.250023962707118e-70,3.277217103746005e-70,3.3045985175830525e-70,3.3321692353396944e-70,3.3599302922837145e-70,3.387882727839788e-70,3.416027585600057e-70,3.444365913334681e-70,3.472898763002423e-70,3.501627190761244e-70,3.5305522569789e-70,3.559675026243553e-70,3.588996567374394e-70,3.618517953432276e-70,3.648240261730353e-70,3.6781645738447364e-70,3.7082919756251613e-70,3.7386235572056566e-70,3.769160413015225e-70,3.799903641788556e-70,3.8308543465767106e-70,3.862013634757848e-70,3.8933826180479526e-70,3.924962412511564e-70,3.956754138572537e-70,3.988758921024783e-70,4.020977889043053e-70,4.053412176193709e-70,4.0860629204455036e-70,4.118931264180404e-70,4.152018354204376e-70,4.1853253417582176e-70,4.2188533825283875e-70,4.252603636657839e-70,4.286577268756881e-70,4.320775447914033e-70,4.355199347706898e-70,4.389850146213046e-70,4.424729026020895e-70,4.459837174240632e-70,4.495175782515113e-70,4.5307460470307877e-70,4.566549168528634e-70,4.602586352315101e-70,4.638858808273061e-70,4.675367750872778e-70,4.712114399182872e-70,4.7490999768813183e-70,4.786325712266419e-70,4.823792838267834e-70,4.8615025924575764e-70,4.899456217061047e-70,4.93765495896806e-70,4.976100069743899e-70,5.014792805640368e-70,5.053734427606852e-70,5.092926201301398e-70,5.1323693971018004e-70,5.172065290116691e-70,5.21201516019665e-70,5.252220291945323e-70,5.292681974730542e-70,5.333401502695466e-70,5.374380174769722e-70,5.415619294680566e-70,5.4571201709640443e-70,5.4988841169761783e-70,5.540912450904131e-70,5.5832064957774276e-70,5.6257675794791486e-70,5.6685970347571454e-70,5.7116961992352685e-70,5.755066415424604e-70,5.798709030734718e-70,5.842625397484914e-70,5.886816872915503e-70,5.931284819199064e-70,5.976030603451756e-70,6.021055597744576e-70,6.066361179114702e-70,6.11194872957679e-70,6.157819636134304e-70,6.203975290790843e-70,6.250417090561496e-70,6.297146437484189e-70,6.344164738631063e-70,6.391473406119831e-70,6.439073857125174e-70,6.486967513890132e-70,6.535155803737511e-70,6.583640159081289e-70,6.632422017438048e-70,6.681502821438403e-70,6.730884018838447e-70,6.780567062531201e-70,6.830553410558086e-70,6.880844526120385e-70,6.931441877590727e-70,6.982346938524584e-70,7.033561187671772e-70,7.085086108987952e-70,7.136923191646169e-70,7.18907393004837e-70,7.241539823836947e-70,7.294322377906288e-70,7.347423102414341e-70,7.400843512794177e-70,7.454585129765572e-70,7.508649479346599e-70,7.563038092865219e-70,7.617752506970897e-70,7.672794263646213e-70,7.728164910218502e-70,7.783865999371471e-70,7.839899089156864e-70,7.896265743006112e-70,7.952967529741989e-70,8.010006023590302e-70,8.067382804191574e-70,8.12509945661273e-70,8.183157571358803e-70,8.241558744384652e-70,8.300304577106686e-70,8.359396676414599e-70,8.418836654683093e-70,8.478626129783653e-70,8.538766725096301e-70,8.599260069521355e-70,8.660107797491229e-70,8.721311548982204e-70,8.782872969526242e-70,8.844793710222787e-70,8.907075427750577e-70,8.969719784379484e-70,9.032728447982347e-70,9.096103092046801e-70,9.159845395687168e-70,9.223957043656288e-70,9.288439726357412e-70,9.353295139856083e-70,9.418524985892023e-70,9.484130971891044e-70,9.550114810976946e-70,9.61647822198346e-70,9.683222929466159e-70,9.750350663714411e-70,9.817863160763312e-70,9.885762162405668e-70,9.954049416203942e-70,1.0022726675502237e-69,1.0091795699438294e-69,1.0161258252955474e-69,1.0231116106814766e-69,1.0301371037606797e-69,1.0372024827763876e-69,1.0443079265572004e-69,1.0514536145182923e-69,1.058639726662617e-69,1.0658664435821135e-69,1.0731339464589135e-69,1.080442417066549e-69,1.0877920377711605e-69,1.0951829915327077e-69,1.1026154619061802e-69,1.1100896330428078e-69,1.1176056896912742e-69,1.1251638171989306e-69,1.1327642015130085e-69,1.1404070291818365e-69,1.1480924873560558e-69,1.1558207637898374e-69,1.1635920468420995e-69,1.1714065254777261e-69,1.1792643892687901e-69,1.1871658283957692e-69,1.1951110336487705e-69,1.203100196428752e-69,1.211133508748746e-69,1.219211163235085e-69,1.2273333531286245e-69,1.2355002722859703e-69,1.2437121151807068e-69,1.2519690769046214e-69,1.260271353168938e-69,1.2686191403055425e-69,1.277012635268217e-69,1.2854520356338686e-69,1.2939375396037632e-69,1.302469346004758e-69,1.311047654290538e-69,1.319672664542848e-69,1.3283445774727302e-69,1.3370635944217615e-69,1.3458299173632905e-69,1.3546437489036768e-69,1.3635052922835307e-69,1.372414751378953e-69,1.3813723307027763e-69,1.3903782354058085e-69,1.3994326712780759e-69,1.4085358447500646e-69,1.4176879628939684e-69,1.426889233424934e-69,1.436139864702308e-69,1.4454400657308827e-69,1.4547900461621463e-69,1.4641900162955316e-69,1.4736401870796679e-69,1.4831407701136268e-69,1.4926919776481828e-69,1.5022940225870583e-69,1.5119471184881817e-69,1.5216514795649415e-69,1.5314073206874398e-69,1.541214857383752e-69,1.5510743058411803e-69,1.5609858829075143e-69,1.570949806092292e-69,1.5809662935680544e-69,1.5910355641716103e-69,1.601157837405297e-69,1.6113333334382426e-69,1.6215622731076283e-69,1.631844877919956e-69,1.6421813700523097e-69,1.6525719723536235e-69,1.6630169083459487e-69,1.6735164022257202e-69,1.6840706788650267e-69,1.6946799638128783e-69,1.7053444832964792e-69,1.7160644642224957e-69,1.7268401341783322e-69,1.7376717214334021e-69,1.7485594549403982e-69,1.7595035643365737e-69,1.7705042799450158e-69,1.7815618327759192e-69,1.7926764545278657e-69,1.803848377589101e-69,1.8150778350388156e-69,1.8263650606484228e-69,1.837710288882841e-69,1.849113754901772e-69,1.8605756945609875e-69,1.8720963444136107e-69,1.883675941711398e-69,1.895314724406027e-69,1.907012931150383e-69,1.918770801299841e-69,1.9305885749135587e-69,1.9424664927557608e-69,1.9544047962970293e-69,1.9664037277155942e-69,1.9784635298986253e-69,1.9905844464435202e-69,2.002766721659202e-69,2.015010600567407e-69,2.0273163289039843e-69,2.039684153120186e-69,2.052114320383969e-69,2.064607078581286e-69,2.0771626763173858e-69,2.0897813629181115e-69,2.1024633884312008e-69,2.1152090036275826e-69,2.1280184600026837e-69,2.140892009777725e-69,2.1538299059010268e-69,2.166832402049312e-69,2.1798997526290122e-69,2.1930322127775675e-69,2.2062300383647378e-69,2.2194934859939096e-69,2.2328228130033983e-69,2.2462182774677617e-69,2.259680138199109e-69,2.273208654748408e-69,2.2868040874067982e-69,2.3004666972069017e-69,2.314196745924137e-69,2.327994496078031e-69,2.341860210933535e-69,2.355794154502337e-69,2.3697965915441796e-69,2.383867787568178e-69,2.3980080088341364e-69,2.4122175223538615e-69,2.4264965958924905e-69,2.440845497969805e-69,2.455264497861555e-69,2.469753865600776e-69,2.4843138719791186e-69,2.4989447885481637e-69,2.513646887620755e-69,2.528420442272317e-69,2.543265726342183e-69,4.361315875322759e-40,2.3987852718414036e-39,7.6860325524821e-39,1.930877783161897e-38,4.2068261178183564e-38,8.339859807205196e-38,1.5459497070444147e-37,2.726006944876145e-37,4.6261394533626655e-37,7.61904755116033e-37,1.2254308955069607e-36,1.934147043365024e-36,3.007378663210411e-36,4.6213843121512206e-36,7.03743004471674e-36,1.0644637380499201e-35,1.6026037037359593e-35,2.4061522661123822e-35,3.609026498926922e-35,5.417033176994698e-35,8.149972672352448e-35,1.2311007920290138e-34,1.8702947116523532e-34,2.862689473862015e-34,4.422874461412942e-34,6.9117519788743965e-34,1.0949700923740547e-33,1.7629533815300137e-33,2.892983753606931e-33,4.85453687989312e-33,8.362315306738583e-33,1.4853459618053745e-32,2.735432519676259e-32,5.257569110739005e-32,1.0632252521061587e-31,2.2852861246589423e-31,5.2882048209897085e-31,1.3395620654087983e-30,3.798285699579898e-30,1.2441053120362684e-29,4.9463721784369143e-29,2.638086238006512e-28,2.5687080867746995e-27,9.83895299175262e-26,1.3434671410068626e-23,1.9945108317616127e-21,1.4676478926555284e-19,4.3726337915713144e-18,6.035864178556569e-17,4.729130264208944e-16,2.4805450666648e-15,9.759709647065177e-15,3.100567195732125e-14,8.333697919818885e-14,1.9527098911916594e-13,4.0702328976050134e-13,7.659679461966266e-13,1.3169285999510394e-12,2.089891334418236e-12,3.090083875306746e-12,4.295611862806016e-12,5.664731418731629e-12,7.148395573255724e-12,8.699741378340128e-12,1.027681100743796e-11,1.1841517404308772e-11,1.3358752473247977e-11,1.4796933922894725e-11,1.61294278239004e-11,1.7335942666736766e-11,1.8403397017075482e-11,1.9326421429598715e-11,2.0109898311516395e-11,4.081471008990935e-11,9.268575876596489e-11,1.795980321908363e-10,3.004809005383989e-10,4.5292276320436536e-10,6.345765450679039e-10,8.434173790626146e-10,1.0776877058649276e-09,1.3358151305866612e-09,1.6163587711914801e-09,1.9179798681167307e-09,2.2394256950287623e-09,2.579519703322862e-09,2.937154465863842e-09,3.3112859718456807e-09,3.700928709105944e-09,4.105151315258245e-09,4.523072699340267e-09,4.953858573453114e-09,5.396718345227872e-09,5.850902326562601e-09,6.315699217798351e-09,6.790433830580515e-09,7.27446501700775e-09,7.767183777001444e-09,8.268011519894587e-09,8.77639845990447e-09,9.291822128370706e-09,9.813785988401405e-09,1.0341818139913786e-08,1.0875470105017149e-08,1.1414315685320656e-08,1.1957949884099503e-08,1.2505987887363067e-08,1.3058064098785427e-08,1.3613831224203445e-08,1.4172959402001374e-08,1.4735135376201016e-08,1.5300061709484684e-08,1.5867456033715814e-08,1.6437050335794333e-08,1.7008590276912268e-08,1.758183454346131e-08,1.8156554227999427e-08,1.8732532238812998e-08,1.9309562736721294e-08,1.988745059786058e-08,2.0466010901266703e-08,2.104506844014296e-08,2.1624457255759414e-08,2.2204020192984246e-08,2.27836084764956e-08,2.3363081306764167e-08,2.3942305474938138e-08,2.4521154995799462e-08,2.5099510757991453e-08,2.5677260190754072e-08,2.625429694643164e-08,2.683052059804682e-08,2.7405836351264727e-08,2.7980154770095336e-08,2.8553391515711014e-08,2.9125467097777875e-08,2.969630663772705e-08,3.0265839643412605e-08,3.0833999794630115e-08,3.1400724738983495e-08,3.196595589761917e-08,3.252963828035908e-08,3.3091720309789535e-08,3.365215365387733e-08,3.4210893066707765e-08,3.476789623695427e-08,3.5323123643707434e-08,3.587653841930842e-08,3.6428106218847586e-08,3.6977795096004884e-08,3.752557538492206e-08,3.807141958781317e-08,3.861530226803389e-08,3.915719994833993e-08,3.9697091014080904e-08,4.0234955621089177e-08,4.077077560802719e-08,4.1304534412981225e-08,4.183621699408511e-08,4.236580975397959e-08,4.2893300467917116e-08,4.341867821533081e-08,4.394193331469748e-08,4.4463057261532825e-08,4.498204266936379e-08,4.5498883213529034e-08,4.6013573577671584e-08,4.652610940278961e-08,4.703648723871686e-08,4.754470449791882e-08,4.805075941148467e-08,4.855465098721094e-08,4.905637896967385e-08,4.95559438021919e-08,5.0053346590587406e-08,5.054858906865836e-08,5.104167356527874e-08,5.1532602973044816e-08,5.202138071839706e-08,5.2508010733142134e-08,5.2992497427309056e-08,5.347484566327604e-08,5.3955060731103374e-08,5.443314832501976e-08,5.4909114521001544e-08,5.538296575539586e-08,5.585470880453746e-08,5.632435076530892e-08,5.679189903660587e-08,5.725736130165774e-08,5.772074551116527e-08,5.8182059867221667e-08,5.864131280797193e-08,5.909851299298393e-08,5.955366928929007e-08,6.000679075807699e-08,6.045788664198481e-08,6.090696635299442e-08,6.13540394608704e-08,6.179911568213896e-08,6.224220486957025e-08,6.268331700214889e-08,6.312246217550538e-08,6.355965059278589e-08,6.399489255595104e-08,6.442819845746876e-08,6.485957877239511e-08,6.528904405082228e-08,6.57166049106741e-08,6.614227203084004e-08,6.656605614462487e-08,6.6987968033505e-08,6.740801852117855e-08,6.782621846789102e-08,6.824257876502921e-08,6.865711032996953e-08,6.906982410116934e-08,6.948073103349183e-08,6.988984209375265e-08,7.029716825647893e-08,7.07027204998735e-08,7.110650980197205e-08,7.150854713698724e-08,7.190884347183021e-08,7.230740976280375e-08,7.270425695245936e-08,7.309939596659889e-08,7.349283771145e-08,7.388459307095933e-08,7.427467290423492e-08,7.466308804311682e-08,7.504984928987361e-08,7.54349674150179e-08,7.581845315523558e-08,7.620031721142748e-08,7.658057024685509e-08,7.695922288538528e-08,7.733628570983267e-08,7.771176926039525e-08,7.808568403317665e-08,7.845804047879317e-08,7.882884900106303e-08,7.919811995577164e-08,7.956586364951211e-08,7.993209033859561e-08,8.029681022803181e-08,8.066003347057211e-08,8.102177016581633e-08,8.13820303593808e-08,8.174082404211777e-08,8.20981611493987e-08,8.24540515604414e-08,8.28085050976919e-08,8.316153152625293e-08,8.351314055335821e-08,8.386334182789161e-08,8.421214493994692e-08,8.455955942042883e-08,8.490559474069205e-08,8.525026029484411e-08,8.559356546016116e-08,8.593551952200994e-08,8.627613170902604e-08,8.661541119009393e-08,8.695336707342405e-08,8.72900084061991e-08,8.762534417440162e-08,8.795938330271023e-08,8.829213465443637e-08,8.862360703148779e-08,8.895380917435308e-08,8.928274976211205e-08,8.961043741246406e-08,8.993688068177642e-08,9.026208806515043e-08,9.058606799650768e-08,9.090882884869031e-08,9.123037893357915e-08,9.155072650222666e-08,9.18698797450038e-08,9.218784679176161e-08,9.25046357120048e-08,9.282025451508008e-08,9.313471115037204e-08,9.344801350751604e-08,9.376016941661603e-08,9.407118664847657e-08,9.438107291484284e-08,9.468983586864884e-08,9.49974831042755e-08,9.530402215781752e-08,9.560946050735526e-08,9.591380557323614e-08,9.621706471836131e-08,9.651924524848015e-08,9.682035441248952e-08,9.712039940273853e-08,9.74193873553404e-08,9.771732535048686e-08,9.801422041276848e-08,9.831007951149885e-08,9.860490956104301e-08,9.889871742114978e-08,9.91915098972871e-08,9.948329374097918e-08,9.977407565014986e-08,1.0006386226946562e-07,1.0035266019068192e-07,1.0064047595299232e-07,1.0092731604337937e-07,1.012131868969663e-07,1.0149809489737033e-07,1.0178204637705961e-07,1.0206504761770907e-07,1.0234710485055714e-07,1.0262822425676503e-07,1.0290841196777522e-07,1.0318767406567122e-07,1.0346601658353886e-07,1.037434455058238e-07,1.0401996676869359e-07,1.042955862603985e-07,1.0457030982163063e-07,1.048441432458836e-07,1.0511709227981362e-07,1.0538916262359763e-07,1.0566035993129179e-07,1.0593068981118943e-07,1.0620015782617907e-07,1.0646876949409929e-07,1.0673653028809545e-07,1.0700344563697302e-07,1.0726952092555092e-07,1.0753476149501479e-07,1.0779917264326677e-07,1.0806275962527523e-07,1.0832552765342294e-07,1.0858748189785452e-07,1.088486274868217e-07,1.0910896950702645e-07,1.0936851300396349e-07,1.0962726298226134e-07,1.098852244060208e-07,1.1014240219915351e-07,1.1039880124571544e-07,1.1065442639024189e-07,1.1090928243807957e-07,1.1116337415571632e-07,1.1141670627110877e-07,1.1166928347400996e-07,1.1192111041629225e-07,1.1217219171227077e-07,1.124225319390231e-07,1.1267213563670834e-07,1.1292100730888267e-07,1.1316915142281414e-07,1.1341657240979317e-07,1.1366327466544905e-07,1.139092625500492e-07,1.1415454038881031e-07,1.1439911247220137e-07,1.1464298305624519e-07,1.1488615636281736e-07,1.151286365799446e-07,1.1537042786210014e-07,1.1561153433049551e-07,1.158519600733727e-07,1.1609170914629235e-07,1.1633078557242091e-07,1.1656919334281455e-07,1.168069364167011e-07,1.1704401872176061e-07,1.1728044415440422e-07,1.1751621658004779e-07,1.1775133983338687e-07,1.1798581771866737e-07,1.1821965400995545e-07,1.1845285245140417e-07,1.186854167575182e-07,1.1891735061341707e-07,1.1914865767509553e-07,1.1937934156968084e-07,1.1960940589569153e-07,1.1983885422328857e-07,1.200676900945302e-07,1.2029591702361948e-07,1.205235384971535e-07,1.2075055797436926e-07,1.209769788873865e-07,1.2120280464144856e-07,1.2142803861516448e-07,1.216526841607422e-07,1.2187674460422894e-07,1.2210022324573988e-07,1.2232312335969228e-07,1.2254544819503376e-07,1.227672009754691e-07,1.2298838489968616e-07,1.232090031415792e-07,1.2342905885046892e-07,1.2364855515132325e-07,1.2386749514497366e-07,1.2408588190833106e-07,1.2430371849459933e-07,1.245210079334859e-07,1.2473775323141252e-07,1.2495395737172223e-07,1.251696233148861e-07,1.2538475399870604e-07,1.2559935233851946e-07,1.2581342122739222e-07,1.2602696353632807e-07,1.2623998211445862e-07,1.2645247978923763e-07,1.26664459366637e-07,1.2687592363133658e-07,1.2708687534691344e-07,1.2729731725603084e-07,1.2750725208062284e-07,1.2771668252207976e-07,1.279256112614302e-07,1.2813404095952214e-07,1.2834197425720196e-07,1.2854941377549224e-07,1.2875636211576797e-07,1.2896282185992995e-07,1.2916879557057832e-07,1.2937428579118312e-07,1.2957929504625333e-07,1.2978382584150536e-07,1.2998788066403008e-07,1.301914619824549e-07,1.3039457224711038e-07,1.3059721389018848e-07,1.3079938932590528e-07,1.3100110095065794e-07,1.312023511431829e-07,1.3140314226471022e-07,1.3160347665911953e-07,1.3180335665309075e-07,1.3200278455625641e-07,1.3220176266135186e-07,1.3240029324436257e-07,1.3259837856467155e-07,1.3279602086520497e-07,1.3299322237257715e-07,1.3318998529723253e-07,1.333863118335869e-07,1.3358220416016783e-07,1.3377766443975472e-07,1.3397269481951404e-07,1.3416729743113692e-07,1.3436147439097452e-07,1.3455522780017003e-07,1.3474855974479244e-07,1.3494147229596687e-07,1.3513396751000556e-07,1.353260474285342e-07,1.355177140786217e-07,1.3570896947290454e-07,1.3589981560971338e-07,1.360902544731954e-07,1.3628028803343767e-07,1.364699182465886e-07,1.3665914705497708e-07,1.368479763872341e-07,1.3703640815840814e-07,1.372244442700835e-07,1.3741208661049509e-07,1.375993370546448e-07,1.3778619746441267e-07,1.379726696886709e-07,1.3815875556339565e-07,1.3834445691177623e-07,1.3852977554432525e-07,1.387147132589855e-07,1.3889927184124012e-07,1.3908345306421537e-07,1.3926725868878793e-07,1.3945069046368858e-07,1.3963375012560536e-07,1.3981643939928624e-07,1.3999875999763973e-07,1.4018071362183526e-07,1.403623019614029e-07,1.405435266943319e-07,1.4072438948716752e-07,1.4090489199510874e-07,1.4108503586210187e-07,1.4126482272093714e-07,1.414442541933422e-07,1.4162333189007464e-07,1.4180205741101417e-07,1.419804323452533e-07,1.4215845827118937e-07,1.4233613675661202e-07,1.425134693587936e-07,1.4269045762457502e-07,1.428671030904541e-07,1.4304340728267185e-07,1.4321937171729665e-07,1.4339499790031035e-07,1.4357028732769123e-07,1.4374524148549612e-07,1.4391986184994352e-07,1.4409414988749503e-07,1.442681070549359e-07,1.4444173479945426e-07,1.4461503455872074e-07,1.4478800776096806e-07,1.4496065582506673e-07,1.4513298016060199e-07,1.4530498216795195e-07,1.454766632383611e-07,1.4564802475401657e-07,1.45819068088121e-07,1.4598979460496707e-07,1.4616020566000864e-07,1.4633030259993446e-07,1.4650008676273876e-07,1.4666955947779164e-07,1.4683872206590976e-07,1.470075758394259e-07,1.4717612210225619e-07,1.4734436214996982e-07,1.475122972698558e-07,1.476799287409902e-07,1.478472578343017e-07,1.4801428581263808e-07,1.4818101393083012e-07,1.4834744343575704e-07,1.4851357556640968e-07,1.4867941155395421e-07,1.4884495262179444e-07,1.490101999856335e-07,1.4917515485353616e-07,1.4933981842598959e-07,1.49504191895962e-07,1.496682764489658e-07,1.4983207326311367e-07,1.4999558350917915e-07,1.501588083506538e-07,1.5032174894380524e-07,1.5048440643773488e-07,1.506467819744332e-07,1.5080887668883664e-07,1.509706917088826e-07,1.5113222815556598e-07,1.5129348714299178e-07,1.5145446977843072e-07,1.5161517716237093e-07,1.517756103885733e-07,1.519357705441226e-07,1.5209565870947953e-07,1.5225527595853337e-07,1.5241462335865314e-07,1.5257370197073642e-07,1.527325128492609e-07,1.528910570423355e-07,1.5304933559174704e-07,1.5320734953301105e-07,1.533650998954201e-07,1.535225877020908e-07,1.5367981397001223e-07,1.5383677971009283e-07,1.5399348592720735e-07,1.5414993362024258e-07,1.5430612378214355e-07,1.5446205739995987e-07,1.5461773545488944e-07,1.5477315892232388e-07,1.5492832877189265e-07,1.5508324596750774e-07,1.5523791146740453e-07,1.5539232622418917e-07,1.5554649118487703e-07,1.5570040729093802e-07,1.5585407547833713e-07,1.5600749667757628e-07,1.5616067181373562e-07,1.563136018065146e-07,1.5646628757027195e-07,1.5661873001406602e-07,1.5677093004169563e-07,1.5692288855173757e-07,1.5707460643758706e-07,1.5722608458749588e-07,1.5737732388461135e-07,1.5752832520701373e-07,1.576790894277549e-07,1.5782961741489507e-07,1.579799100315385e-07,1.5812996813587366e-07,1.5827979258120627e-07,1.584293842159971e-07,1.585787438838983e-07,1.587278724237871e-07,1.5887677066980206e-07,1.5902543945137807e-07,1.5917387959328094e-07,1.5932209191564033e-07,1.5947007723398626e-07,1.5961783635927996e-07,1.597653700979492e-07,1.59912679251921e-07,1.6005976461865313e-07,1.60206626991169e-07,1.6035326715808774e-07,1.604996859036574e-07,1.606458840077865e-07,1.607918622460742e-07,1.6093762138984399e-07,1.6108316220617123e-07,1.6122848545791666e-07,1.6137359190375586e-07,1.615184822982086e-07,1.6166315739166904e-07,1.6180761793043631e-07,1.6195186465674247e-07,1.6209589830878197e-07,1.6223971962074102e-07,1.6238332932282592e-07,1.625267281412908e-07,1.6266991679846617e-07,1.628128960127876e-07,1.62955666498822e-07,1.6309822896729567e-07,1.632405841251217e-07,1.6338273267542633e-07,1.635246753175757e-07,1.6366641274720285e-07,1.638079456562338e-07,1.6394927473291325e-07,1.6409040066183113e-07,1.6423132412394672e-07,1.6437204579661648e-07,1.6451256635361667e-07,1.6465288646516982e-07,1.647930067979688e-07,1.6493292801520232e-07,1.6507265077657814e-07,1.652121757383478e-07,1.6535150355333034e-07,1.6549063487093712e-07,1.6562957033719356e-07,1.6576831059476308e-07,1.6590685628297164e-07,1.660452080378294e-07,1.6618336649205312e-07,1.6632133227508966e-07,1.6645910601313842e-07,1.6659668832917302e-07,1.6673407984296326e-07,1.6687128117109774e-07,1.6700829292700541e-07,1.67145115720976e-07,1.6728175016018274e-07,1.674181968487026e-07,1.6755445638753762e-07,1.67690529374636e-07,1.6782641640491096e-07,1.679621180702648e-07,1.6809763495960566e-07,1.6823296765886943e-07,1.6836811675103925e-07,1.685030828161657e-07,1.6863786643138604e-07,1.6877246817094366e-07,1.6890688860620794e-07,1.6904112830569292e-07,1.6917518783507694e-07,1.6930906775722035e-07,1.6944276863218558e-07,1.695762910172552e-07,1.6970963546694936e-07,1.6984280253304598e-07,1.699757927645976e-07,1.7010860670794935e-07,1.702412449067575e-07,1.7037370790200667e-07,1.705059962320269e-07,1.7063811043251252e-07,1.7077005103653805e-07,1.709018185745756e-07,1.710334135745126e-07,1.7116483656166813e-07,1.7129608805880969e-07,1.7142716858616953e-07,1.7155807866146192e-07,1.7168881879989853e-07,1.7181938951420548e-07,1.7194979131463903e-07,1.72080024709002e-07,1.722100902026582e-07,1.7233998829855024e-07,1.7246971949721336e-07,1.7259928429679158e-07,1.7272868319305405e-07,1.7285791667940741e-07,1.7298698524691496e-07,1.7311588938430763e-07,1.732446295780017e-07,1.733732063121124e-07,1.7350162006846897e-07,1.7362987132662788e-07,1.7375796056388963e-07,1.7388588825531078e-07,1.740136548737192e-07,1.7414126088972866e-07,1.7426870677175197e-07,1.7439599298601503e-07,1.7452311999657054e-07,1.7465008826531197e-07,1.74776898251987e-07,1.7490355041421078e-07,1.750300452074792e-07,1.7515638308518213e-07,1.7528256449861773e-07,1.7540858989700434e-07,1.755344597274925e-07,1.7566017443517995e-07,1.757857344631233e-07,1.7591114025235067e-07,1.760363922418746e-07,1.7616149086870327e-07,1.762864365678545e-07,1.7641122977236772e-07,1.765358709133151e-07,1.7666036041981452e-07,1.7678469871904166e-07,1.7690888623624138e-07,1.770329233947401e-07,1.7715681061595667e-07,1.7728054831941487e-07,1.774041369227548e-07,1.7752757684174426e-07,1.7765086849028973e-07,1.7777401228044822e-07,1.778970086224385e-07,1.7801985792465172e-07,1.7814256059366308e-07,1.782651170342419e-07,1.783875276493634e-07,1.785097928402193e-07,1.7863191300622872e-07,1.78753888545048e-07,1.7887571985258205e-07,1.789974073229942e-07,1.7911895134871792e-07,1.7924035232046543e-07,1.7936161062723936e-07,1.794827266563417e-07,1.7960370079338476e-07,1.7972453342230117e-07,1.798452249253539e-07,1.7996577568314516e-07,1.8008618607462802e-07,1.8020645647711482e-07,1.8032658726628665e-07,1.8044657881620347e-07,1.805664314993141e-07,1.8068614568646483e-07,1.8080572174690955e-07,1.80925160048318e-07,1.8104446095678705e-07,1.811636248368476e-07,1.8128265205147462e-07,1.8140154296209716e-07,1.8152029792860544e-07,1.8163891730936136e-07,1.8175740146120725e-07,1.8187575073947374e-07,1.8199396549798905e-07,1.821120460890875e-07,1.8222999286361897e-07,1.8234780617095605e-07,1.8246548635900327e-07,1.8258303377420678e-07,1.8270044876156002e-07,1.828177316646129e-07,1.8293488282548264e-07,1.8305190258485947e-07,1.8316879128201372e-07,1.8328554925480643e-07,1.8340217683969634e-07,1.8351867437174868e-07,1.8363504218464112e-07,1.8375128061067354e-07,1.8386738998077505e-07,1.8398337062451097e-07,1.8409922287009228e-07,1.8421494704438226e-07,1.843305434729037e-07,1.8444601247984694e-07,1.8456135438807799e-07,1.846765695191436e-07,1.847916581932822e-07,1.8490662072942811e-07,1.8502145744522062e-07,1.8513616865701002e-07,1.85250754679866e-07,1.8536521582758367e-07,1.8547955241269082e-07,1.8559376474645637e-07,1.8570785313889486e-07,1.8582181789877592e-07,1.8593565933362882e-07,1.8604937774975126e-07,1.861629734522148e-07,1.862764467448728e-07,1.8638979793036621e-07,1.8650302731012918e-07,1.8661613518439878e-07,1.8672912185221877e-07,1.8684198761144723e-07,1.8695473275876304e-07,1.8706735758967182e-07,1.8717986239851282e-07,1.87292247478465e-07,1.874045131215526e-07,1.8751665961865373e-07,1.8762868725950405e-07,1.877405963327042e-07,1.8785238712572513e-07,1.8796405992491498e-07,1.8807561501550523e-07,1.8818705268161556e-07,1.8829837320626154e-07,1.8840957687135823e-07,1.8852066395772943e-07,1.8863163474510946e-07,1.887424895121515e-07,1.888532285364339e-07,1.8896385209446354e-07,1.890743604616839e-07,1.8918475391247944e-07,1.8929503272018056e-07,1.89405197157071e-07,1.8951524749439226e-07,1.8962518400234976e-07,1.8973500695011677e-07,1.898447166058414e-07,1.899543132366511e-07,1.9006379710865927e-07,1.9017316848696932e-07,1.9028242763568012e-07,1.9039157481789172e-07,1.9050061029571057e-07,1.9060953433025435e-07,1.907183471816571e-07,1.9082704910907443e-07,1.9093564037068896e-07,1.910441212237149e-07,1.911524919244036e-07,1.9126075272804733e-07,1.9136890388898621e-07,1.91476945660612e-07,1.91584878295372e-07,1.9169270204477554e-07,1.918004171593979e-07,1.9190802388888583e-07,1.9201552248196149e-07,1.9212291318642815e-07,1.9223019624917376e-07,1.9233737191617639e-07,1.9244444043250816e-07,1.9255140204234145e-07,1.9265825698895113e-07,1.9276500551472152e-07,1.928716478611492e-07,1.9297818426884805e-07,1.9308461497755383e-07,1.9319094022612862e-07,1.9329716025256515e-07,1.934032752939908e-07,1.93509285586673e-07,1.936151913660227e-07,1.937209928665982e-07,1.9382669032211077e-07,1.9393228396542826e-07,1.940377740285787e-07,1.941431607427562e-07,1.942484443383229e-07,1.9435362504481404e-07,1.9445870309094303e-07,1.9456367870460445e-07,1.946685521128787e-07,1.9477332354203518e-07,1.9487799321753694e-07,1.949825613640447e-07,1.950870282054214e-07,1.9519139396473433e-07,1.952956588642604e-07,1.953998231254901e-07,1.9550388696913112e-07,1.9560785061511215e-07,1.9571171428258607e-07,1.9581547818993504e-07,1.9591914255477308e-07,1.9602270759395052e-07,1.9612617352355761e-07,1.9622954055892735e-07,1.9633280891464132e-07,1.9643597880453013e-07,1.9653905044168102e-07,1.9664202403843801e-07,1.9674489980640653e-07,1.968476779564582e-07,1.9695035869873286e-07,1.9705294224264237e-07,1.9715542879687524e-07,1.9725781856939895e-07,1.9736011176746298e-07,1.9746230859760414e-07,1.9756440926564847e-07,1.976664139767149e-07,1.977683229352185e-07,1.9787013634487434e-07,1.9797185440870112e-07,1.9807347732902266e-07,1.9817500530747328e-07,1.9827643854500024e-07,1.9837777724186723e-07,1.9847902159765674e-07,1.9858017181127416e-07,1.9868122808095106e-07,1.9878219060424743e-07,1.9888305957805641e-07,1.9898383519860558e-07,1.9908451766146135e-07,1.9918510716153224e-07,1.992856038930705e-07,1.993860080496761e-07,1.9948631982430063e-07,1.9958653940924889e-07,1.996866669961823e-07,1.9978670277612236e-07,1.9988664693945378e-07,1.999864996759263e-07,2.0008626117465875e-07,2.0018593162414131e-07,2.0028551121223845e-07,2.0038500012619261e-07,2.0048439855262632e-07,2.0058370667754466e-07,2.0068292468634028e-07,2.0078205276379233e-07,2.0088109109407354e-07,2.009800398607498e-07,2.0107889924678485e-07,2.011776694345422e-07,2.012763506057878e-07,2.013749429416926e-07,2.0147344662283645e-07,2.015718618292098e-07,2.016701887402162e-07,2.0176842753467562e-07,2.0186657839082682e-07,2.019646414863298e-07,2.02062616998269e-07,2.0216050510315473e-07,2.0225830597692667e-07,2.0235601979495708e-07,2.0245364673205204e-07,2.025511869624539e-07,2.0264864065984568e-07,2.0274600799735129e-07,2.028432891475393e-07,2.0294048428242476e-07,2.0303759357347445e-07,2.031346171916038e-07,2.0323155530718463e-07,2.0332840809004419e-07,2.0342517570946988e-07,2.0352185833420987e-07,2.0361845613247654e-07,2.0371496927194897e-07,2.0381139791977392e-07,2.0390774224257016e-07,2.0400400240642926e-07,2.0410017857691863e-07,2.041962709190834e-07,2.04292279597449e-07,2.043882047760233e-07,2.0448404661829898e-07,2.0457980528725688e-07,2.0467548094536587e-07,2.0477107375458648e-07,2.0486658387637348e-07,2.0496201147167757e-07,2.050573567009469e-07,2.0515261972413083e-07,2.0524780070068096e-07,2.0534289978955363e-07,2.054379171492115e-07,2.0553285293762702e-07,2.0562770731228304e-07,2.0572248043017565e-07,2.0581717244781664e-07,2.0591178352123467e-07,2.0600628611989463e-07,2.061007063615778e-07,2.0619504635229152e-07,2.0628930675799756e-07,2.0638348792809196e-07,2.0647759008297199e-07,2.0657161337312882e-07,2.0666555792498464e-07,2.0675942385287883e-07,2.0685321126606605e-07,2.069469202726838e-07,2.0704055098111666e-07,2.071341035007821e-07,2.0722757794268217e-07,2.0732097441890863e-07,2.0741429304465374e-07,2.0750753393326334e-07,2.0760069720091465e-07,2.0769378296496305e-07,2.0778679134386548e-07,2.0787972245708468e-07,2.0797257642506485e-07,2.080653533640965e-07,2.081580534013325e-07,2.0825067665962515e-07,2.083432232596446e-07,2.0843569332821108e-07,2.0852808699040153e-07,2.086204043710282e-07,2.087126455969044e-07,2.0880481079324429e-07,2.0889690008640335e-07,2.0898891360428262e-07,2.0908085147342348e-07,2.091727138216846e-07,2.092645007759818e-07,2.093562124653113e-07,2.094478490176535e-07,2.0953941056077548e-07,2.0963089722290673e-07,2.0972230913427416e-07,2.0981364642144544e-07,2.099049092135618e-07,2.0999609764168525e-07,2.1008721187928742e-07,2.1017825196960396e-07,2.1026921809435943e-07,2.1036011036425822e-07,2.1045092890813418e-07,2.1054167385195022e-07,2.1063234532953913e-07,2.1072294345921683e-07,2.1081346840423962e-07,2.109039202513369e-07,2.109942991486776e-07,2.1108460521691578e-07,2.111748385760944e-07,2.1126499937333724e-07,2.1135508772633904e-07,2.1144510376151293e-07,2.1153504759502474e-07,2.1162491937562427e-07,2.1171471922062733e-07,2.118044472579267e-07,2.1189410361116641e-07,2.1198368840336948e-07,2.1207320175805334e-07,2.1216264380489827e-07,2.1225201466732184e-07,2.1234131446828352e-07,2.1243054333410107e-07,2.125197013890033e-07,2.1260878875688412e-07,2.1269780556140197e-07,2.127867519267273e-07,2.12875627975168e-07,2.129644338295651e-07,2.1305316961245628e-07,2.1314183544613707e-07,2.1323043145259513e-07,2.1331895775512022e-07,2.1340741447354554e-07,2.13495801734913e-07,2.1358411965450858e-07,2.1367236835274297e-07,2.1376054794981494e-07,2.1384865856596984e-07,2.1393670032051315e-07,2.1402467333304424e-07,2.1411257772251228e-07,2.1420041360784086e-07,2.1428818110759988e-07,2.1437588033984296e-07,2.1446351142249843e-07,2.1455107447303413e-07,2.1463856960886032e-07,2.14725996946826e-07,2.148133566035338e-07,2.149006486955001e-07,2.1498787333869717e-07,2.1507503064904473e-07,2.1516212072832948e-07,2.1524914370986675e-07,2.1533609970140483e-07,2.1542298882490595e-07,2.1550981119317415e-07,2.1559656691315563e-07,2.1568325610729844e-07,2.1576987888400547e-07,2.1585643535084792e-07,2.159429256168472e-07,2.1602934982870218e-07,2.1611570805845054e-07,2.1620200043803408e-07,2.1628822707392622e-07,2.1637438807869959e-07,2.164604835634534e-07,2.165465136389983e-07,2.1663247841585375e-07,2.1671837800425247e-07,2.1680421251413088e-07,2.16889982055194e-07,2.1697568673677014e-07,2.170613266678567e-07,2.1714690195731178e-07,2.172324127133826e-07,2.1731785904487811e-07,2.1740324105936487e-07,2.1748855886474338e-07,2.17573812568568e-07,2.176590022773559e-07,2.177441280981399e-07,2.178291901374609e-07,2.1791418850260862e-07,2.1799912329737515e-07,2.180839946286636e-07,2.1816880260155499e-07,2.1825354731775e-07,2.183382288951357e-07,2.184228474247632e-07,2.1850740301516718e-07,2.185918957705942e-07,2.1867632578447642e-07,2.1876069321461214e-07,2.1884499808631416e-07,2.1892924053640652e-07,2.190134206685169e-07,2.1909753858440534e-07,2.1918159438627034e-07,2.1926558816890132e-07,2.1934952004721512e-07,2.1943339011644404e-07,2.1951719847779082e-07,2.196009452320685e-07,2.196846304799646e-07,2.1976825432176784e-07,2.198518168576154e-07,2.1993531818737555e-07,2.2001875841763386e-07,2.2010213763486595e-07,2.2018545594386564e-07,2.2026871344349278e-07,2.203519102320865e-07,2.2043504640839417e-07,2.2051812207046839e-07,2.2060113731610465e-07,2.2068409224285415e-07,2.2076698694808944e-07,2.2084982155351756e-07,2.209325961311945e-07,2.2101531077735714e-07,2.21097965589172e-07,2.211805606618916e-07,2.2126309609171272e-07,2.2134557197414242e-07,2.2142798840473894e-07,2.2151034547848958e-07,2.2159264329019412e-07,2.2167488193503522e-07,2.2175706150693347e-07,2.218391821001665e-07,2.2192124380843577e-07,2.2200324672578508e-07,2.220851909454198e-07,2.221670765607239e-07,2.2224890366451194e-07,2.2233067234981554e-07,2.2241238270899173e-07,2.2249403483437565e-07,2.225756288181543e-07,2.2265716475195034e-07,2.227386427273592e-07,2.2282006283603075e-07,2.229014251685022e-07,2.229827298163008e-07,2.2306397687014886e-07,2.2314516641999554e-07,2.232262985564757e-07,2.2330737336940614e-07,2.2338839094876968e-07,2.234693513839575e-07,2.2355025476475315e-07,2.2363110117986059e-07,2.2371189071829734e-07,2.2379262346877435e-07,2.2387329951958646e-07,2.2395391895937799e-07,2.240344818758551e-07,2.2411498835704975e-07,2.2419543849020526e-07,2.2427583236336609e-07,2.2435617006336162e-07,2.2443645167703103e-07,2.2451667729107188e-07,2.2459684696518055e-07,2.2467696081273408e-07,2.2475701891987587e-07,2.248370213724282e-07,2.2491696825625213e-07,2.249968596568245e-07,2.2507669565958252e-07,2.2515647634948565e-07,2.252362018113408e-07,2.2531587213131133e-07,2.253954873923041e-07,2.2547504767858105e-07,2.2555455307425896e-07,2.2563400366314067e-07,2.2571339952887625e-07,2.2579274073883013e-07,2.2587202740898466e-07,2.2595125958765361e-07,2.2603043739328975e-07,2.261095608911734e-07,2.261886301636343e-07,2.2626764529328424e-07,2.2634660636135197e-07,2.2642551345096923e-07,2.2650436664235493e-07,2.2658316601765516e-07,2.266619116580352e-07,2.267406036446926e-07,2.2681924205849892e-07,2.2689782698038643e-07,2.2697635849031932e-07,2.2705483666916006e-07,2.2713326159689752e-07,2.2721163335338318e-07,2.2728995201868277e-07,2.2736821767194657e-07,2.274464303921229e-07,2.275245902594321e-07,2.2760269735242266e-07,2.276807517499117e-07,2.2775875353053122e-07,2.2783670277302787e-07,2.2791459955607405e-07,2.279924439560224e-07,2.2807023605177096e-07,2.2814797592105135e-07,2.2822566362253104e-07,2.2830329926664619e-07,2.2838088292126788e-07,2.2845841465839068e-07,2.285358945503433e-07,2.2861332268275587e-07,2.2869069912488218e-07,2.2876802395392504e-07,2.2884529725241105e-07,2.2892251909188454e-07,2.2899968954788485e-07,2.2907680869629372e-07,2.291538766118987e-07,2.2923089337128935e-07,2.2930785905144613e-07,2.2938477371995064e-07,2.2946163745613595e-07,2.295384503338689e-07,2.2961521242784244e-07,2.2969192381224605e-07,2.2976858456109823e-07,2.2984519474824865e-07,2.2992175444754123e-07,2.2999826373931446e-07,2.3007472269131703e-07,2.3015113136899326e-07,2.3022748985754806e-07,2.3030379821805985e-07,2.3038005652913735e-07,2.3045626486328983e-07,2.3053242329243412e-07,2.306085318943966e-07,2.306845907292679e-07,2.3076059987754737e-07,2.3083655940899444e-07,2.309124693946138e-07,2.3098832990647018e-07,2.3106414101518737e-07,2.3113990279264896e-07,2.312156153093291e-07,2.3129127863401452e-07,2.3136689283852568e-07,2.3144245799598836e-07,2.3151797417414953e-07,2.3159344144242414e-07,2.3166885988018293e-07,2.3174422951684947e-07,2.31819550479209e-07,2.3189482281156674e-07,2.3197004658291287e-07,2.3204522186268733e-07,2.3212034871822974e-07,2.3219542721496667e-07,2.3227045743195823e-07,2.3234543942532336e-07,2.324203732775223e-07,2.3249525904958232e-07,2.3257009680443751e-07,2.326448866225472e-07,2.3271962856834268e-07,2.3279432270812602e-07,2.3286896910753362e-07,2.329435678483856e-07,2.3301811896514895e-07,2.330926225325641e-07,2.3316707865797102e-07,2.3324148735014988e-07,2.3331584873729454e-07,2.3339016281561573e-07,2.3346442968610884e-07,2.3353864941918036e-07,2.3361282208611337e-07,2.3368694773769877e-07,2.3376102641875926e-07,2.3383505825133667e-07,2.3390904326997196e-07,2.3398298151578046e-07,2.3405687304867587e-07,2.3413071802088469e-07,2.3420451644709082e-07,2.342782683804968e-07,2.343519738955126e-07,2.3442563305314131e-07,2.344992459230119e-07,2.34572812546617e-07,2.346463330142422e-07,2.3471980738437904e-07,2.3479323571310778e-07,2.3486661806511338e-07,2.3493995450640696e-07,2.3501324510031237e-07,2.3508648991001566e-07,2.3515968899856418e-07,2.3523284243023478e-07,2.353059502650932e-07,2.35379012571568e-07,2.354520294033067e-07,2.355250008316157e-07,2.3559792691435458e-07,2.3567080771029306e-07,2.3574364328796407e-07,2.3581643370244544e-07,2.3588917901885235e-07,2.3596187929878589e-07,2.360345346038405e-07,2.3610714499499997e-07,2.3617971053349584e-07,2.362522312805447e-07,2.3632470729710024e-07,2.3639713864408583e-07,2.3646952538182548e-07,2.365418675743355e-07,2.3661416527534253e-07,2.3668641854865512e-07,2.3675862745405276e-07,2.3683079205172152e-07,2.3690291240539297e-07,2.369749885696765e-07,2.370470206029563e-07,2.371190085673442e-07,2.371909525203555e-07,2.3726285252843296e-07,2.3733470865177454e-07,2.3740652093211702e-07,2.3747828944080062e-07,2.3755001423451087e-07,2.376216953737837e-07,2.376933328864728e-07,2.3776492688878702e-07,2.37836477410574e-07,2.3790798451288243e-07,2.3797944824803682e-07,2.38050868676586e-07,2.3812224586101265e-07,2.3819357985529462e-07,2.3826487070100378e-07,2.3833611848185743e-07,2.3840732324394253e-07,2.3847848504476777e-07,2.385496039414391e-07,2.386206799884279e-07,2.386917132448969e-07,2.387627037674557e-07,2.3883365161270227e-07,2.389045568371329e-07,2.3897541949711574e-07,2.390462396488903e-07,2.391170173486055e-07,2.3918775265227324e-07,2.392584456158017e-07,2.3932909629498035e-07,2.3939970474548537e-07,2.3947027102287073e-07,2.395407951825798e-07,2.3961127727995745e-07,2.3968171737020773e-07,2.397521155084468e-07,2.3982247174967954e-07,2.398927861487566e-07,2.399630587604588e-07,2.400332896394546e-07,2.40103478840273e-07,2.401736264173621e-07,2.40243732425034e-07,2.403137969175097e-07,2.403838199488873e-07,2.4045380157313223e-07,2.405237418462678e-07,2.405936408199431e-07,2.4066349854784976e-07,2.407333150835309e-07,2.408030904789052e-07,2.4087282478882875e-07,2.4094251806677427e-07,2.4101217036885886e-07,2.4108178174464894e-07,2.411513522472627e-07,2.4122088192925153e-07,2.412903708435776e-07,2.413598190427587e-07,2.41429226579231e-07,2.414985935052076e-07,2.4156791987319714e-07,2.4163720573521153e-07,2.4170645114347547e-07,2.4177565614975437e-07,2.4184482080613355e-07,2.419139451641161e-07,2.419830292754274e-07,2.4205207319164674e-07,2.421210769641942e-07,2.421900406444725e-07,2.422589642837353e-07,2.423278479329971e-07,2.4239669164334356e-07,2.4246549546573163e-07,2.425342594508723e-07,2.42602983649695e-07,2.426716681127082e-07,2.427403128903589e-07,2.428089180331928e-07,2.4287748359163816e-07,2.4294600961567814e-07,2.430144961555682e-07,2.4308294326142117e-07,2.4315135098300485e-07,2.4321971936793615e-07,2.4328804846836006e-07,2.433563383677586e-07,2.4342458904805034e-07,2.4349280059821417e-07,2.435609730558978e-07,2.436291064773432e-07,2.436972008984938e-07,2.437652563876521e-07,2.438332729898164e-07,2.4390125075264207e-07,2.439691897228184e-07,2.4403708994901744e-07,2.441049514798264e-07,2.441727743636724e-07,2.4424055864899027e-07,2.4430830438397495e-07,2.4437601161693815e-07,2.444436803959952e-07,2.445113107690582e-07,2.4457890278415205e-07,2.446464564889017e-07,2.447139719312798e-07,2.44781449158766e-07,2.4484888821881176e-07,2.449162891591909e-07,2.449836520269978e-07,2.450509768696091e-07,2.451182637341224e-07,2.4518551266776585e-07,2.452527237174748e-07,2.4531989693013887e-07,2.4538703235246823e-07,2.4545413003130916e-07,2.4552119000401183e-07,2.4558821231759266e-07,2.4565519704727337e-07,2.457221442192778e-07,2.4578905388223843e-07,2.458559260731077e-07,2.459227608480812e-07,2.459895582471587e-07,2.460563183194487e-07,2.46123041110641e-07,2.4618972666986576e-07,2.462563750371743e-07,2.4632298626281683e-07,2.4638956038457987e-07,2.464560974577126e-07,2.46522597523107e-07,2.4658906061802707e-07,2.4665548679838175e-07,2.467218761102812e-07,2.467882285946337e-07,2.468545442966596e-07,2.4692082326105096e-07,2.4698706553607615e-07,2.470532711618037e-07,2.471194401793934e-07,2.471855726301123e-07,2.4725166853508173e-07,2.473177279720631e-07,2.4738375101155055e-07,2.4744973766459535e-07,2.475156879795581e-07,2.4758160199027933e-07,2.4764747978256684e-07,2.477133213445905e-07,2.477791267466817e-07,2.4784489603151947e-07,2.47910629240824e-07,2.4797632642366607e-07,2.480419876138992e-07,2.4810761286216284e-07,2.481732021985894e-07,2.4823875568161714e-07,2.483042733530094e-07,2.483697552499017e-07,2.484352014147577e-07,2.4850061189121824e-07,2.485659867246374e-07,2.486313259549083e-07,2.486966296260149e-07,2.4876189778039794e-07,2.4882713046571534e-07,2.488923277128082e-07,2.489574895696478e-07,2.4902261607939616e-07,2.49087707283768e-07,2.4915276322455086e-07,2.4921778394359926e-07,2.492827694827779e-07,2.493477198744317e-07,2.494126351697177e-07,2.4947751541009536e-07,2.495423606368416e-07,2.496071708917641e-07,2.496719462159508e-07,2.4973668665113726e-07,2.4980139223827243e-07,2.4986606302895557e-07,2.499306990541235e-07,2.499953003519483e-07,2.5005986696964705e-07,2.501243989457308e-07,2.501888963200976e-07,2.502533591331793e-07,2.503177874262685e-07,2.503821812394806e-07,2.504465406148532e-07,2.5051086558995516e-07,2.5057515620663026e-07,2.506394124986936e-07,2.5070363452069735e-07,2.507678223038918e-07,2.5083197589025004e-07,2.508960953145406e-07,2.509601806245479e-07,2.5102423185705825e-07,2.5108824904673373e-07,2.511522322408742e-07,2.512161815354126e-07,2.512800968585392e-07,2.513439782862881e-07,2.514078258861672e-07,2.5147163968197013e-07,2.515354197191886e-07,2.5159916603760715e-07,2.5166287866674477e-07,2.5172655765250357e-07,2.517902030287372e-07,2.5185381485030343e-07,2.5191739313864184e-07,2.51980937936818e-07,2.520444492893013e-07,2.5210792723268244e-07,2.521713718047798e-07,2.5223478303826716e-07,2.522981609728119e-07,2.523615056523637e-07,2.52424817117023e-07,2.5248809539713593e-07,2.525513405193842e-07,2.5261455255277135e-07,2.526777315197519e-07,2.5274087745717113e-07,2.528039904049968e-07,2.528670703933407e-07,2.5293011747357435e-07,2.5299313167427467e-07,2.5305611304163606e-07,2.531190615913059e-07,2.531819773870918e-07,2.532448604629207e-07,2.533077108493725e-07,2.533705285892523e-07,2.534333136996307e-07,2.534960662320697e-07,2.5355878622699487e-07,2.536214737128212e-07,2.5368412873799373e-07,2.537467513313755e-07,2.538093415288162e-07,2.5387189936722583e-07,2.5393442488955533e-07,2.5399691812917275e-07,2.5405937912970924e-07,2.5412180791468625e-07,2.541842045259882e-07,2.542465689981413e-07,2.5430890136984576e-07,2.5437120167662314e-07,2.5443346995704174e-07,2.5449570624442554e-07,2.5455791057588056e-07,2.5462008298535424e-07,2.546822235133092e-07,2.547443321929761e-07,2.5480640906021e-07,2.548684541518311e-07,2.549304675023981e-07,2.54992449146358e-07,2.5505439912055785e-07,2.551163174605024e-07,2.551782042016381e-07,2.552400593819543e-07,2.5530188303734215e-07,2.55363675191133e-07,2.554254358932356e-07,2.554871651636692e-07,2.5554886304491274e-07,2.5561052958341476e-07,2.556721648036336e-07,2.5573376874132836e-07,2.5579534143123976e-07,2.5585688291029634e-07,2.559183932085905e-07,2.5597987236592914e-07,2.5604132041089423e-07,2.561027373829661e-07,2.561641233168765e-07,2.5622547824359674e-07,2.5628680219043224e-07,2.563480952087766e-07,2.564093573244583e-07,2.564705885722145e-07,2.5653178898558145e-07,2.56592958581134e-07,2.566540974346378e-07,2.5671520554959607e-07,2.5677628296622744e-07,2.5683732971836903e-07,2.5689834583979924e-07,2.569593313642398e-07,2.570202863253545e-07,2.570812107567497e-07,2.571421046919752e-07,2.5720296816452246e-07,2.572638012078274e-07,2.573246038552688e-07,2.5738537614016787e-07,2.5744611809579034e-07,2.575068297553445e-07,2.575675111519832e-07,2.5762816231880305e-07,2.576887832838551e-07,2.577493741074163e-07,2.578099347720063e-07,2.578704653578709e-07,2.579309659064886e-07,2.57991436385526e-07,2.580518768650126e-07,2.5811228737344477e-07,2.5817266795320056e-07,2.582330186269955e-07,2.5829333943530273e-07,2.583536304058293e-07,2.5841389157177157e-07,2.5847412296588653e-07,2.585343246194787e-07,2.585944965621713e-07,2.5865463883340984e-07,2.587147514688819e-07,2.5877483447317637e-07,2.5883488790976144e-07,2.588949117988502e-07,2.5895490617240756e-07,2.5901487106231937e-07,2.590748065002755e-07,2.5913471251628226e-07,2.5919458913216255e-07,2.592544364173355e-07,2.593142543580701e-07,2.5937404300738483e-07,2.594338023936099e-07,2.5949353254908064e-07,2.5955323350960037e-07,2.5961290530117753e-07,2.5967254795412366e-07,2.5973216150151996e-07,2.5979174598517915e-07,2.5985130140968813e-07,2.5991082781265975e-07,2.5997032524870696e-07,2.60029793728637e-07,2.600892332885633e-07,2.601486439529764e-07,2.602080258040568e-07,2.6026737879446545e-07,2.603267029837529e-07,2.6038599840750046e-07,2.60445265100095e-07,2.605045030891447e-07,2.60563712446637e-07,2.606228931607961e-07,2.606820452129097e-07,2.6074116870656417e-07,2.608002636183185e-07,2.608593300163919e-07,2.6091836792947973e-07,2.609773773710844e-07,2.610363584234088e-07,2.6109531102890787e-07,2.6115423530307605e-07,2.6121313121333803e-07,2.61271998805736e-07,2.613308381081542e-07,2.613896491580039e-07,2.614484319851177e-07,2.615071866193711e-07,2.6156591308573554e-07,2.616246114173984e-07,2.6168328164517694e-07,2.6174192380220495e-07,2.6180053792306534e-07,2.618591240213294e-07,2.6191768214695134e-07,2.619762123026344e-07,2.6203471453127566e-07,2.6209318885976826e-07,2.621516353102144e-07,2.6221005390412773e-07,2.6226844470280616e-07,2.623268077147491e-07,2.6238514300551103e-07,2.6244345056775897e-07,2.625017304181117e-07,2.625599825991454e-07,2.626182071680584e-07,2.626764041457633e-07,2.6273457353597597e-07,2.6279271534110566e-07,2.62850829647827e-07,2.629089164359039e-07,2.6296697575781647e-07,2.6302500764312203e-07,2.630830121183443e-07,2.631409892142945e-07,2.631989389553467e-07,2.6325686137560616e-07,2.633147564895001e-07,2.6337262435486186e-07,2.634304650167262e-07,2.634882784320692e-07,2.6354606465677957e-07,2.636038237248025e-07,2.6366155572811936e-07,2.6371926056951875e-07,2.6377693834049693e-07,2.6383458903096787e-07,2.638922127433048e-07,2.6394980950113325e-07,2.6400737928337843e-07,2.6406492211507166e-07,2.641224380925832e-07,2.6417992717784396e-07,2.6423738937914105e-07,2.642948247671005e-07,2.6435223335662534e-07,2.644096151740624e-07,2.644669702578593e-07,2.645242985600168e-07,2.6458160017776827e-07,2.646388752013531e-07,2.646961235936567e-07,2.647533453885808e-07,2.6481054062564326e-07,2.648677093206857e-07,2.649248514615998e-07,2.6498196710799503e-07,2.650390563269135e-07,2.6509611909676114e-07,2.6515315538814615e-07,2.65210165329648e-07,2.6526714886755176e-07,2.653241060762154e-07,2.653810370066176e-07,2.6543794165767134e-07,2.654948200526698e-07,2.655516722189775e-07,2.6560849818701536e-07,2.656652979699622e-07,2.6572207161463704e-07,2.657788191346122e-07,2.6583554056057463e-07,2.658922359227017e-07,2.659489052369188e-07,2.6600554853421355e-07,2.6606216583837e-07,2.6611875717800534e-07,2.66175322579496e-07,2.6623186206852327e-07,2.6628837567471015e-07,2.663448634207255e-07,2.6640132533001536e-07,2.6645776143382205e-07,2.6651417175529193e-07,2.6657055631127533e-07,2.666269151395272e-07,2.666832482590732e-07,2.6673955570224584e-07,2.6679583750047934e-07,2.66852093700782e-07,2.6690832426926707e-07,2.6696452925644565e-07,2.670207086896853e-07,2.670768626442112e-07,2.6713299105697253e-07,2.671890939977868e-07,2.672451714816874e-07,2.673012235438733e-07,2.673572502296151e-07,2.6741325151657567e-07,2.6746922749197897e-07,2.6752517810538286e-07,2.675811034190984e-07,2.6763700350220415e-07,2.6769287833835006e-07,2.677487279107834e-07,2.6780455221302354e-07,2.6786035141269845e-07,2.679161254645642e-07,2.6797187439282143e-07,2.680275981457937e-07,2.6808329681845124e-07,2.681389705251799e-07,2.681946192126667e-07,2.6825024290779413e-07,2.6830584162191197e-07,2.683614154056311e-07,2.684169642388988e-07,2.684724881695853e-07,2.68527987230539e-07,2.685834614388054e-07,2.686389108185485e-07,2.6869433539454933e-07,2.6874973519091383e-07,2.6880511023205556e-07,2.688604605425047e-07,2.6891578614611394e-07,2.6897108706655205e-07,2.6902636332882323e-07,2.690816149570435e-07,2.6913684197537026e-07,2.691920443998254e-07,2.6924722226475146e-07,2.6930237559337416e-07,2.693575044097223e-07,2.694126087342914e-07,2.694676885988156e-07,2.6952274401948387e-07,2.695777750140036e-07,2.696327816120127e-07,2.696877638559072e-07,2.6974272174377397e-07,2.697976553054188e-07,2.6985256457435455e-07,2.699074495581767e-07,2.699623102870214e-07,2.7001714679958915e-07,2.700719590939416e-07,2.701267472099475e-07,2.7018151115802694e-07,2.702362510135365e-07,2.702909667178364e-07,2.7034565833798886e-07,2.7040032590692786e-07,2.7045496942182115e-07,2.7050958890605176e-07,2.7056418440373184e-07,2.7061875592405625e-07,2.7067330349186906e-07,2.7072782712636386e-07,2.70782326848498e-07,2.7083680270371667e-07,2.7089125470367893e-07,2.709456828683948e-07,2.710000872197843e-07,2.7105446778187106e-07,2.711088245770954e-07,2.7116315763496276e-07,2.7121746696612523e-07,2.712717525988039e-07,2.713260145560514e-07,2.713802527975523e-07,2.7143446745791596e-07,2.7148865852632775e-07,2.715428260012572e-07,2.7159696991759157e-07,2.716510902943856e-07,2.717051871464631e-07,2.7175926051001845e-07,2.7181331040069755e-07,2.7186733684331345e-07,2.7192133986196513e-07,2.7197531946777574e-07,2.7202927568762897e-07,2.720832085497485e-07,2.7213711806818533e-07,2.72191004272151e-07,2.722448671824712e-07,2.722987068157479e-07,2.7235252321691743e-07,2.7240631637478235e-07,2.7246008631877787e-07,2.725138330856182e-07,2.725675567232193e-07,2.7262125718389437e-07,2.726749345435665e-07,2.7272858878785827e-07,2.7278221995124774e-07,2.7283582808970747e-07,2.7288941314457925e-07,2.729429752121802e-07,2.729965142928617e-07,2.7305003043914114e-07,2.7310352361116116e-07,2.731569938608504e-07,2.7321044120085603e-07,2.7326386566358784e-07,2.7331726727227387e-07,2.7337064603636247e-07,2.7342400200170543e-07,2.7347733516598167e-07,2.735306455409717e-07,2.735839331737345e-07,2.736371980704192e-07,2.73690440252598e-07,2.7374365974589075e-07,2.737968565815387e-07,2.73850030714768e-07,2.739031822764924e-07,2.739563112338747e-07,2.7400941760282615e-07,2.7406250140854387e-07,2.7411556267355204e-07,2.741686014188264e-07,2.742216176216023e-07,2.74274611390049e-07,2.7432758270590096e-07,2.7438053158099956e-07,2.744334580363653e-07,2.7448636210705433e-07,2.745392438059131e-07,2.745921031501844e-07,2.7464494016229533e-07,2.7469775486648474e-07,2.74750547276626e-07,2.7480331741671407e-07,2.748560653063404e-07,2.7490879098581413e-07,2.74961494468391e-07,2.7501417573408754e-07,2.750668348316275e-07,2.75119471779215e-07,2.751720866039637e-07,2.752246793233051e-07,2.7527724991098387e-07,2.753297984771764e-07,2.7538232499856543e-07,2.754348294973677e-07,2.7548731199247536e-07,2.755397725067404e-07,2.755922110545455e-07,2.7564462765862545e-07,2.756970223413907e-07,2.757493951212274e-07,2.7580174601768266e-07,2.7585407505184025e-07,2.7590638224361355e-07,2.759586676169318e-07,2.760109311852122e-07,2.7606317295937044e-07,2.761153929829127e-07,2.761675912518905e-07,2.7621976779919207e-07,2.7627192265051655e-07,2.763240558100668e-07,2.7637616731938305e-07,2.764282571664833e-07,2.764803253895197e-07,2.7653237200718716e-07,2.765843970395573e-07,2.766364004973605e-07,2.766883824188773e-07,2.7674034281401163e-07,2.7679228169934613e-07,2.768441990974635e-07,2.7689609502769043e-07,2.769479695092762e-07,2.769998225646981e-07,2.770516542138898e-07,2.771034644729491e-07,2.7715525336158086e-07,2.7720702089538876e-07,2.772587670918066e-07,2.7731049197551955e-07,2.77362195570399e-07,2.7741387788766054e-07,2.7746553895262584e-07,2.7751717878078353e-07,2.7756879739322016e-07,2.7762039480692845e-07,2.776719710420938e-07,2.7772352611346923e-07,2.777750600600114e-07,2.778265728395132e-07,2.7787806455000757e-07,2.779295351788773e-07,2.779809847455542e-07,2.780324132642826e-07,2.7808382075546567e-07,2.7813520723140687e-07,2.781865727344778e-07,2.782379172605684e-07,2.782892408042291e-07,2.783405434464913e-07,2.783918251806529e-07,2.784430860114502e-07,2.784943259668953e-07,2.7854554506578953e-07,2.785967432668187e-07,2.786479207167353e-07,2.7869907734328913e-07,2.787502131949552e-07,2.7880132828173103e-07,2.7885242262120886e-07,2.7890349623310756e-07,2.789545491352412e-07,2.790055813517281e-07,2.7905659289026173e-07,2.7910758378725273e-07,2.791585540371364e-07,2.7920950366922873e-07,2.792604327117361e-07,2.7931134118148684e-07,2.793622290687097e-07,2.7941309641409015e-07,2.7946394322345835e-07,2.7951476952459295e-07,2.7956557535134794e-07,2.796163607027746e-07,2.7966712560614696e-07,2.7971787006340314e-07,2.7976859409484726e-07,2.79819297738346e-07,2.7986998100056345e-07,2.799206438983996e-07,2.7997128650739597e-07,2.800219087337897e-07,2.8007251065024823e-07,2.80123092272404e-07,2.801736536207064e-07,2.8022419470385137e-07,2.802747155611474e-07,2.803252161955156e-07,2.803756966201909e-07,2.80426156869643e-07,2.804765969527006e-07,2.805270168860005e-07,2.8057741669553135e-07,2.8062779638280414e-07,2.8067815597207844e-07,2.8072849547824867e-07,2.807788149247773e-07,2.8082911432734517e-07,2.808793937034868e-07,2.8092965307070594e-07,2.8097989244872894e-07,2.8103011184866227e-07,2.8108031129391396e-07,2.8113049079939773e-07,2.8118065038013437e-07,2.8123079006447196e-07,2.812809098538224e-07,2.8133100977648505e-07,2.8138108984722943e-07,2.8143115009391726e-07,2.8148119051380466e-07,2.815312111308817e-07,2.8158121198940495e-07,2.8163119304968754e-07,2.816811543670103e-07,2.8173109595303025e-07,2.8178101782400933e-07,2.818309200130647e-07,2.818808025017949e-07,2.8193066533422026e-07,2.819805085208608e-07,2.820303320703909e-07,2.8208013600925925e-07,2.821299203528888e-07,2.8217968511766487e-07,2.822294303229553e-07,2.822791559798779e-07,2.8232886210985606e-07,2.823785487298994e-07,2.8242821585497563e-07,2.824778635008422e-07,2.825274916884825e-07,2.8257710043053096e-07,2.8262668974255047e-07,2.826762596445596e-07,2.8272581015421594e-07,2.827753412819974e-07,2.828248530518073e-07,2.8287434547740453e-07,2.829238185753808e-07,2.829732723623303e-07,2.8302270685476956e-07,2.8307212206924317e-07,2.831215180222554e-07,2.8317089472997694e-07,2.8322025220944576e-07,2.832695904769027e-07,2.833189095476282e-07,2.833682094400456e-07,2.8341749016896474e-07,2.834667517520199e-07,2.8351599420298707e-07,2.8356521754028897e-07,2.83614421780077e-07,2.836636069396038e-07,2.8371277303510347e-07,2.837619200852096e-07,2.838110480757876e-07,2.83860157063282e-07,2.8390924705992697e-07,2.839583180724287e-07,2.84007370116903e-07,2.8405640323321574e-07,2.8410541741059283e-07,2.8415441265057486e-07,2.8420338898682766e-07,2.842523464353232e-07,2.843012850121702e-07,2.843502047331914e-07,2.843991056144272e-07,2.8444798766903537e-07,2.84496850931865e-07,2.8454569538109695e-07,2.8459452104658615e-07,2.846433279593445e-07,2.846921161280462e-07,2.8474088556806225e-07,2.84789636295636e-07,2.8483836832619685e-07,2.8488708168536697e-07,2.8493577637887714e-07,2.8498445242006916e-07,2.850331098242018e-07,2.85081748608757e-07,2.8513036879090274e-07,2.851789703866286e-07,2.8522755341064484e-07,2.8527611787751197e-07,2.8532466380384564e-07,2.853731912085579e-07,2.8542170011165493e-07,2.8547019052097145e-07,2.8551866245181187e-07,2.8556711591941376e-07,2.856155509395408e-07,2.8566396752761383e-07,2.857123656990669e-07,2.857607454692339e-07,2.8580910685320033e-07,2.858574498666467e-07,2.859057745248485e-07,2.8595408084300146e-07,2.860023688365652e-07,2.8605063852066785e-07,2.8609888991044516e-07,2.8614712302151453e-07,2.861953378687739e-07,2.8624353446766903e-07,2.862917128332556e-07,2.8633987298055564e-07,2.863880149248354e-07,2.8643613868109023e-07,2.8648424426443924e-07,2.865323316902634e-07,2.8658040097338764e-07,2.8662845212877666e-07,2.8667648517135326e-07,2.8672450011633355e-07,2.867724969786971e-07,2.8682047577330926e-07,2.86868436514937e-07,2.869163792188881e-07,2.869643038998695e-07,2.870122105726169e-07,2.870600992523028e-07,2.871079699536415e-07,2.8715582269173816e-07,2.8720365748099736e-07,2.8725147433637127e-07,2.8729927327250563e-07,2.873470543042054e-07,2.873948174464984e-07,2.87442562713697e-07,2.874902901208209e-07,2.8753799968219085e-07,2.875856914129967e-07,2.876333653272506e-07,2.876810214403889e-07,2.8772865976632844e-07,2.8777628031980486e-07,2.8782388311528245e-07,2.8787146816815486e-07,2.879190354914076e-07,2.87966585100902e-07,2.8801411701087527e-07,2.880616312352456e-07,2.8810912778901867e-07,2.8815660668664004e-07,2.8820406792506044e-07,2.8825151155285695e-07,2.882989375503992e-07,2.8834634594904355e-07,2.8839373676318066e-07,2.884411100070953e-07,2.884884656732204e-07,2.8853580381968393e-07,2.885831244462335e-07,2.886304275585951e-07,2.8867771317270105e-07,2.887249812953911e-07,2.887722319462438e-07,2.888194651417022e-07,2.888666809042608e-07,2.889138792339415e-07,2.8896106014236876e-07,2.8900822367661577e-07,2.8905536981052827e-07,2.891024985723374e-07,2.8914960997688805e-07,2.891967040306851e-07,2.892437807627978e-07,2.8929084013855214e-07,2.893378822533494e-07,2.8938490704047396e-07,2.8943191459501177e-07,2.894789048893521e-07,2.895258779366006e-07,2.895728337550284e-07,2.8961977235865703e-07,2.896666937516162e-07,2.897135979559389e-07,2.8976048498410625e-07,2.8980735485005194e-07,2.89854207567556e-07,2.89901043149369e-07,2.899478616102701e-07,2.899946629640155e-07,2.900414472243627e-07,2.9008821440563635e-07,2.901349645252807e-07,2.90181697586011e-07,2.902284136103543e-07,2.902751126011947e-07,2.9032179458911313e-07,2.9036845957727614e-07,2.904151075892838e-07,2.9046173862133554e-07,2.905083526963849e-07,2.9055494983202164e-07,2.906015300377207e-07,2.90648093334094e-07,2.9069463972484157e-07,2.9074116921754223e-07,2.9078768184381875e-07,2.908341775847361e-07,2.9088065649469765e-07,2.909271185692533e-07,2.909735638232197e-07,2.9101999226738897e-07,2.910664039158329e-07,2.911127987784742e-07,2.911591768758968e-07,2.912055382179801e-07,2.912518828179543e-07,2.9129821068999e-07,2.913445218464278e-07,2.913908163578605e-07,2.914370941524272e-07,2.91483355238109e-07,2.9152959966154675e-07,2.915758274510714e-07,2.9162203859121205e-07,2.9166823310824574e-07,2.9171441101348653e-07,2.917605723184426e-07,2.918067170430342e-07,2.918528451992645e-07,2.918989567945771e-07,2.919450518454886e-07,2.9199113036503656e-07,2.9203719236624364e-07,2.9208323786214126e-07,2.9212926686576407e-07,2.921752793900454e-07,2.9222127544799834e-07,2.922672550525382e-07,2.9231321821663707e-07,2.9235916495321535e-07,2.924050952751826e-07,2.9245100919540776e-07,2.9249690672677984e-07,2.92542787882144e-07,2.925886526743797e-07,2.9263450111628525e-07,2.9268033322071613e-07,2.92726149000452e-07,2.9277194846826784e-07,2.928177316369661e-07,2.928634985192633e-07,2.929092491279523e-07,2.9295498347568143e-07,2.9300070157523007e-07,2.930464034392376e-07,2.930920890804044e-07,2.931377585113807e-07,2.9318341174481663e-07,2.9322904879339043e-07,2.932746696696559e-07,2.933202743862568e-07,2.933658629557266e-07,2.9341143539067393e-07,2.9345699170365994e-07,2.9350253190721575e-07,2.9354805601389274e-07,2.935935640361644e-07,2.9363905598654726e-07,2.9368453187755794e-07,2.937299917215912e-07,2.9377543553115666e-07,2.9382086331864615e-07,2.938662750965169e-07,2.9391167087714395e-07,2.939570506729655e-07,2.94002414496299e-07,2.940477623595929e-07,2.940930942751457e-07,2.941384102553162e-07,2.941837103123615e-07,2.942289944586539e-07,2.942742627064407e-07,2.9431951506803516e-07,2.943647515556516e-07,2.9440997218155463e-07,2.944551769580439e-07,2.9450036589725697e-07,2.9454553901143036e-07,2.94590696312721e-07,2.9463583781332854e-07,2.9468096352538896e-07,2.947260734610771e-07,2.9477116763250595e-07,2.948162460517999e-07,2.9486130873106605e-07,2.949063556824011e-07,2.94951386917845e-07,2.949964024495013e-07,2.950414022910123e-07,2.9508638645114573e-07,2.9513135494565126e-07,2.951763077844464e-07,2.9522124497904433e-07,2.9526616654189064e-07,2.9531107248495817e-07,2.9535596282013635e-07,2.954008375594346e-07,2.9544569671473394e-07,2.9549054029792283e-07,2.955353683209159e-07,2.95580180795571e-07,2.95624977734668e-07,2.956697591482772e-07,2.9571452504909217e-07,2.9575927544895945e-07,2.9580401035967224e-07,2.958487297930335e-07,2.9589343376119695e-07,2.9593812227555544e-07,2.959827953478383e-07,2.9602745299033245e-07,2.960720952201591e-07,2.961167220338967e-07,2.9616133345207937e-07,2.962059294869805e-07,2.962505101484279e-07,2.9629507545341616e-07,2.9633962540644e-07,2.963841600190433e-07,2.9642867930897145e-07,2.964731832803161e-07,2.965176719531923e-07,2.965621453322803e-07,2.9660660343307097e-07,2.966510462692806e-07,2.966954738615144e-07,2.967398862043807e-07,2.967842833108277e-07,2.968286651994445e-07,2.968730318782248e-07,2.9691738335855087e-07,2.9696171965155227e-07,2.970060407692235e-07,2.9705034672275544e-07,2.9709463752308505e-07,2.9713891318050606e-07,2.971831737059671e-07,2.972274191163121e-07,2.972716494191686e-07,2.97315864627668e-07,2.973600647502118e-07,2.974042497994178e-07,2.974484197872097e-07,2.9749257472643496e-07,2.975367146231755e-07,2.975808394954208e-07,2.976249493494005e-07,2.976690442003433e-07,2.977131240553345e-07,2.9775718892752496e-07,2.9780123882794466e-07,2.9784527376850764e-07,2.978892937589698e-07,2.9793329881121766e-07,2.979772889363761e-07,2.9802126414565007e-07,2.98065224451462e-07,2.9810916986222413e-07,2.98153100390441e-07,2.98197016046565e-07,2.9824091684293155e-07,2.98284802789927e-07,2.983286738986593e-07,2.9837253018014274e-07,2.9841637164548036e-07,2.984601983056303e-07,2.985040101715817e-07,2.9854780725436343e-07,2.985915895655057e-07,2.9863535711482995e-07,2.986791099138624e-07,2.987228479735357e-07,2.9876657130555747e-07,2.9881027992074373e-07,2.988539738286136e-07,2.988976530407708e-07,2.989413175689786e-07,2.9898496742314464e-07,2.990286026185182e-07,2.990722231566067e-07,2.9911582905394933e-07,2.991594203152909e-07,2.9920299696122945e-07,2.992465589981193e-07,2.9929010643669614e-07,2.993336392876947e-07,2.9937715756235045e-07,2.994206612711165e-07,2.9946415042464957e-07,2.9950762503367107e-07,2.995510851088878e-07,2.99594530660974e-07,2.9963796170063687e-07,2.996813782383371e-07,2.9972478028493083e-07,2.997681678510746e-07,2.998115409475316e-07,2.9985489958465344e-07,2.998982437731998e-07,2.999415735238544e-07,2.9998488884717685e-07,3.000281897535093e-07,3.00071476253697e-07,3.0011474835817394e-07,3.0015800608760796e-07,3.0020124943227064e-07,3.002444784045626e-07,3.002876930411472e-07,3.00330893329717e-07,3.0037407928455665e-07,3.004172509166094e-07,3.0046040821180956e-07,3.005035512202735e-07,3.005466799491342e-07,3.005897944058372e-07,3.0063289458983566e-07,3.0067598051300544e-07,3.007190521711547e-07,3.007621095983746e-07,3.0080515279712904e-07,3.008481817687679e-07,3.008911965452538e-07,3.0093419712067124e-07,3.0097718351255693e-07,3.0102015572399793e-07,3.010631137690497e-07,3.011060576578751e-07,3.0114898740071943e-07,3.0119190300785933e-07,3.0123480448992297e-07,3.012776918566009e-07,3.013205651179344e-07,3.013634242849373e-07,3.0140626936701044e-07,3.0144910037585293e-07,3.0149191731938696e-07,3.015347202090622e-07,3.0157750905612726e-07,3.0162028386817335e-07,3.0166304465656345e-07,3.01705791431715e-07,3.0174852420327505e-07,3.0179124298154317e-07,3.0183394777744715e-07,3.018766385995617e-07,3.0191931545888306e-07,3.0196197836513215e-07,3.020046273287927e-07,3.0204726235953494e-07,3.02089883467334e-07,3.0213249066208246e-07,3.0217508395396284e-07,3.022176633532094e-07,3.022602288692974e-07,3.023027805128794e-07,3.0234531829315685e-07,3.023878422206184e-07,3.024303523048902e-07,3.0247284855605197e-07,3.025153309841385e-07,3.0255779957636514e-07,3.026002543876253e-07,3.0264269540538065e-07,3.0268512263617797e-07,3.027275360965054e-07,3.027699357904543e-07,3.0281232173215294e-07,3.0285469391119365e-07,3.028970523525166e-07,3.029393970908433e-07,3.0298172811235077e-07,3.0302404540862344e-07,3.0306634903230543e-07,3.031086389667631e-07,3.031509152285836e-07,3.031931777926076e-07,3.032354267320918e-07,3.0327766202501054e-07,3.033198836810505e-07,3.03362091709932e-07,3.0340428612130646e-07,3.0344646692490214e-07,3.034886341303424e-07,3.0353078774729933e-07,3.0357292778543654e-07,3.036150542543952e-07,3.0365716716376863e-07,3.0369926652319175e-07,3.0374135234226545e-07,3.037834246014099e-07,3.0382548336861854e-07,3.0386752862417965e-07,3.039095603777532e-07,3.03951578638814e-07,3.0399358341694634e-07,3.0403557472168155e-07,3.0407755256254213e-07,3.041195169490312e-07,3.0416146789064235e-07,3.0420340539689545e-07,3.0424532947723523e-07,3.042872401411623e-07,3.0432913739813144e-07,3.043710212575686e-07,3.044128917289287e-07,3.0445474882162023e-07,3.044965925451211e-07,3.0453842290878185e-07,3.0458023992202454e-07,3.046220435942525e-07,3.0466383393411255e-07,3.047056109524203e-07,3.0474737465892464e-07,3.0478912506111017e-07,3.0483086218561394e-07,3.0487258600827785e-07,3.049142965553751e-07,3.049559938362173e-07,3.0499767786004997e-07,3.0503934863622487e-07,3.0508100617401844e-07,3.051226504826674e-07,3.051642815739393e-07,3.0520589945209014e-07,3.052475041312829e-07,3.052890956183686e-07,3.053306739198813e-07,3.0537223905027994e-07,3.0541379101604764e-07,3.0545532983266804e-07,3.0549685552702554e-07,3.055383680524784e-07,3.055798674500857e-07,3.0562135372823286e-07,3.056628268968873e-07,3.057042869639592e-07,3.0574573394104093e-07,3.0578716783572356e-07,3.0582858865754897e-07,3.0586999641529227e-07,3.0591139111510916e-07,3.059527727713031e-07,3.059941413921451e-07,3.0603549698490686e-07,3.060768395584834e-07,3.0611816912246007e-07,3.0615948568579384e-07,3.0620078925335145e-07,3.062420798423966e-07,3.0628335745746276e-07,3.06324622110245e-07,3.063658738071993e-07,3.0640711258779736e-07,3.0644833840141765e-07,3.0648955128298275e-07,3.065307512471083e-07,3.0657193829522763e-07,3.0661311244438507e-07,3.0665427370731497e-07,3.066954220763522e-07,3.067365575728942e-07,3.06777680204115e-07,3.06818789977578e-07,3.068598869024786e-07,3.069009709876389e-07,3.0694204224186244e-07,3.0698310067539584e-07,3.0702414629560233e-07,3.070651791112212e-07,3.071061991312156e-07,3.0714720636179887e-07,3.071882008166814e-07,3.072291825022413e-07,3.0727015142478516e-07,3.073111075979002e-07,3.073520510279863e-07,3.07392981723767e-07,3.074338996915418e-07,3.074748049424198e-07,3.0751569748515686e-07,3.075565773284619e-07,3.0759744448100907e-07,3.0763829895149036e-07,3.076791407486019e-07,3.0771996988097806e-07,3.0776078635731846e-07,3.078015901862468e-07,3.0784238137883346e-07,3.0788315994128484e-07,3.079239258822177e-07,3.079646792102822e-07,3.080054199340399e-07,3.0804614806212586e-07,3.080868636006665e-07,3.08127566563103e-07,3.081682569556039e-07,3.082089347844528e-07,3.082496000626804e-07,3.082902527726519e-07,3.0833089296427095e-07,3.0837152063178727e-07,3.084121357835114e-07,3.084527384229531e-07,3.0849332856050667e-07,3.0853390620500877e-07,3.085744713645496e-07,3.086150240486479e-07,3.0865556426462735e-07,3.0869609202167183e-07,3.087366073291729e-07,3.0877711018379486e-07,3.088176006156628e-07,3.088580786376184e-07,3.088985442222634e-07,3.0893899741866205e-07,3.0897943819684916e-07,3.0901986658145475e-07,3.090602825823711e-07,3.091006862079779e-07,3.0914107746664825e-07,3.091814563668086e-07,3.0922182291796926e-07,3.0926217712614715e-07,3.093025190067067e-07,3.093428485556866e-07,3.093831657878126e-07,3.094234707111203e-07,3.094637633199695e-07,3.0950404364378815e-07,3.0954431169080066e-07,3.0958456746057374e-07,3.0962481096503175e-07,3.09665042236587e-07,3.097052612302324e-07,3.0974546798285976e-07,3.0978566249996285e-07,3.098258447903243e-07,3.0986601486232105e-07,3.0990617272547476e-07,3.0994631838704755e-07,3.099864518541035e-07,3.1002657313748556e-07,3.1006668223995004e-07,3.101067791781291e-07,3.101468639538996e-07,3.1018693657733877e-07,3.102269970562582e-07,3.10267045398779e-07,3.103070816132791e-07,3.103471057054483e-07,3.1038711768605273e-07,3.104271175758285e-07,3.1046710535791545e-07,3.1050708105112484e-07,3.105470446655059e-07,3.105869962251027e-07,3.1062693570500783e-07,3.106668631549142e-07,3.107067785316021e-07,3.1074668186790016e-07,3.1078657317142253e-07,3.10826452452703e-07,3.1086631971838216e-07,3.10906174976325e-07,3.109460182334561e-07,3.1098584949748583e-07,3.110256687825438e-07,3.1106547610970484e-07,3.1110527144815326e-07,3.111450548242562e-07,3.111848262674132e-07,3.1122458575165287e-07,3.112643332970761e-07,3.113040689165625e-07,3.1134379261631634e-07,3.1138350440338634e-07,3.114232042853468e-07,3.1146289227016827e-07,3.115025683669332e-07,3.1154223258324766e-07,3.1158188492152377e-07,3.116215253987942e-07,3.116611540197464e-07,3.1170077079083115e-07,3.117403757240179e-07,3.1177996881967055e-07,3.118195500895451e-07,3.1185911953960104e-07,3.118986771765693e-07,3.1193822301371387e-07,3.119777570414645e-07,3.1201727929682145e-07,3.1205678977351017e-07,3.12096288476354e-07,3.121357754174141e-07,3.121752505998017e-07,3.122147140391102e-07,3.122541657080615e-07,3.12293605670494e-07,3.1233303390694235e-07,3.123724504147581e-07,3.124118552246101e-07,3.124512483277171e-07,3.1249062973953183e-07,3.1252999946509664e-07,3.1256935750865334e-07,3.1260870388330004e-07,3.126480385927822e-07,3.126873616450431e-07,3.1272667304960815e-07,3.127659728141332e-07,3.128052609438383e-07,3.1284453744756907e-07,3.1288380233781173e-07,3.129230556130972e-07,3.1296229728532086e-07,3.1300152736170143e-07,3.1304074585053046e-07,3.1307995275827674e-07,3.131191480921428e-07,3.1315833186152607e-07,3.1319750407069927e-07,3.132366647318963e-07,3.1327581385189086e-07,3.1331495143479975e-07,3.133540774908553e-07,3.133931920277717e-07,3.1343229504594765e-07,3.1347138655834004e-07,3.1351046657762163e-07,3.1354953510637803e-07,3.135885921545195e-07,3.1362763772485997e-07,3.1366667182739033e-07,3.1370569445028723e-07,3.1374470565439206e-07,3.1378370539642464e-07,3.138226936932878e-07,3.138616705658781e-07,3.1390063598890726e-07,3.13939589984808e-07,3.139785326096319e-07,3.1401746383342437e-07,3.1405638365955925e-07,3.1409529210340367e-07,3.1413418916720253e-07,3.1417307483991654e-07,3.1421194916677293e-07,3.142508121369557e-07,3.142896637572186e-07,3.143285040356233e-07,3.14367332978586e-07,3.1440615059398e-07,3.1444495688896757e-07,3.144837518679131e-07,3.145225355387843e-07,3.1456130791737936e-07,3.146000689992775e-07,3.146388187987278e-07,3.1467755730261913e-07,3.147162845425218e-07,3.147550005622342e-07,3.147937052968824e-07,3.1483239885269206e-07,3.1487108109834626e-07,3.1490975211076195e-07,3.149484118962903e-07,3.149870604613699e-07,3.150256978153027e-07,3.150643239645972e-07,3.1510293892470447e-07,3.1514154268646243e-07,3.1518013526847075e-07,3.152187166699289e-07,3.152572869067349e-07,3.1529584596961665e-07,3.1533439388538216e-07,3.153729306471236e-07,3.1541145623125776e-07,3.15449970723108e-07,3.154884740895929e-07,3.155269663426692e-07,3.155654474792314e-07,3.156039175105896e-07,3.1564237644408246e-07,3.1568082428669535e-07,3.157192610456227e-07,3.157576867193192e-07,3.157961013419874e-07,3.1583450489277444e-07,3.15872897386653e-07,3.159112788084747e-07,3.1594964923136876e-07,3.1598800860266324e-07,3.1602635694748234e-07,3.1606469426606143e-07,3.1610302057360026e-07,3.161413358478999e-07,3.161796401508432e-07,3.1621793346902975e-07,3.162562157980814e-07,3.1629448714316435e-07,3.163327475319457e-07,3.1637099694174614e-07,3.164092353828286e-07,3.164474628819387e-07,3.164856794370499e-07,3.1652388507283704e-07,3.1656207976159035e-07,3.1660026352600123e-07,3.166384363713469e-07,3.166765983009384e-07,3.1671474933232724e-07,3.167528894713001e-07,3.167910187236292e-07,3.1682913709481984e-07,3.168672445915209e-07,3.1690534121826396e-07,3.1694342697069226e-07,3.1698150187353456e-07,3.170195659462606e-07,3.17057619170355e-07,3.1709566155932506e-07,3.1713369314015604e-07,3.171717138843739e-07,3.172097238130754e-07,3.172477229349186e-07,3.1728571125302024e-07,3.173236887800921e-07,3.1736165552076867e-07,3.173996114832896e-07,3.174375566289553e-07,3.1747549104758203e-07,3.1751341470500573e-07,3.175513276097325e-07,3.175892297753309e-07,3.176271212036155e-07,3.1766500189739264e-07,3.177028718655677e-07,3.177407311139659e-07,3.177785796495671e-07,3.178164174806003e-07,3.1785424461401767e-07,3.17892061053703e-07,3.17929866807845e-07,3.17967661880163e-07,3.1800544628716225e-07,3.180432200217611e-07,3.180809830895427e-07,3.181187355201307e-07,3.181564773020187e-07,3.1819420843855855e-07,3.1823192894592147e-07,3.182696388219434e-07,3.1830733806160023e-07,3.1834502671336463e-07,3.1838270475875876e-07,3.184203722066846e-07,3.184580290617914e-07,3.184956753299309e-07,3.185333110208834e-07,3.1857093614916815e-07,3.186085506992663e-07,3.18646154688217e-07,3.186837481358599e-07,3.187213310324904e-07,3.18758903380955e-07,3.1879646519584403e-07,3.18834016484888e-07,3.188715572534246e-07,3.189090875080154e-07,3.189466072548733e-07,3.189841165009084e-07,3.1902161524038974e-07,3.1905910349128787e-07,3.190965812784362e-07,3.191340485910362e-07,3.1917150543670104e-07,3.192089518169083e-07,3.1924638772829155e-07,3.192838131943624e-07,3.1932122821313867e-07,3.193586327410523e-07,3.193960268979501e-07,3.194334105842627e-07,3.1947078389704005e-07,3.1950814680617926e-07,3.195454993110059e-07,3.195828414687128e-07,3.196201731848741e-07,3.196574945159694e-07,3.1969480546841826e-07,3.197321060485545e-07,3.1976939626280414e-07,3.198066761175335e-07,3.198439456188252e-07,3.198812047728952e-07,3.199184535569886e-07,3.1995569203615317e-07,3.199929201809864e-07,3.2003013801269757e-07,3.200673455268298e-07,3.2010454273463583e-07,3.201417296391893e-07,3.201789062452135e-07,3.2021607256375727e-07,3.202532285987349e-07,3.2029037435640875e-07,3.2032750984310136e-07,3.203646350650792e-07,3.2040175002863763e-07,3.2043885474004723e-07,3.2047594918523466e-07,3.2051303341110055e-07,3.2055010741016153e-07,3.2058717117017304e-07,3.206242246890839e-07,3.20661267999229e-07,3.206983011171017e-07,3.207353240137593e-07,3.207723367117944e-07,3.208093392407688e-07,3.208463315883623e-07,3.208833137568543e-07,3.2092028573545575e-07,3.209572475694763e-07,3.209941992213553e-07,3.2103114074607394e-07,3.210680721243221e-07,3.211049933622487e-07,3.211419044660202e-07,3.2117880544179457e-07,3.2121569629570584e-07,3.21252577039258e-07,3.212894476739865e-07,3.213263082107238e-07,3.213631586404446e-07,3.21399999029754e-07,3.2143682928071305e-07,3.214736494548556e-07,3.215104595539023e-07,3.2154725958615413e-07,3.215840495558353e-07,3.2162082947257936e-07,3.21657599395035e-07,3.216943592189689e-07,3.217311090154671e-07,3.21767848774702e-07,3.2180457850853255e-07,3.2184129822385347e-07,3.2187800792611315e-07,3.2191470764960257e-07,3.2195139735049025e-07,3.2198807704776837e-07,3.2202474675841274e-07,3.2206140650313686e-07,3.220980562641914e-07,3.2213469605052533e-07,3.221713258777756e-07,3.222079457439692e-07,3.2224455565265965e-07,3.222811556231865e-07,3.223177456588358e-07,3.223543257367993e-07,3.223908959056262e-07,3.2242745615339956e-07,3.224640064909441e-07,3.2250054691243734e-07,3.2253707742491594e-07,3.225735980455503e-07,3.2261010876838104e-07,3.226466096098258e-07,3.2268310056536087e-07,3.227195816470643e-07,3.2275605285704137e-07,3.2279251417353816e-07,3.2282896569077426e-07,3.228654073304152e-07,3.2290183912160377e-07,3.2293826106178353e-07,3.229746731793015e-07,3.230110754366138e-07,3.2304746790869683e-07,3.2308385054629824e-07,3.2312022344694245e-07,3.231565865056543e-07,3.231929397503201e-07,3.232292831826684e-07,3.2326561684833784e-07,3.2330194074052267e-07,3.233382548511004e-07,3.2337455918893995e-07,3.234108537604204e-07,3.2344713858271467e-07,3.2348341365320357e-07,3.235196789812863e-07,3.2355593456822336e-07,3.2359218041865966e-07,3.2362841651428025e-07,3.2366464291826924e-07,3.237008595835453e-07,3.237370665382457e-07,3.237732638056057e-07,3.2380945137340066e-07,3.2384562924712107e-07,3.238817974220072e-07,3.239179559223733e-07,3.2395410476157605e-07,3.239902438826924e-07,3.240263733753967e-07,3.2406249319254795e-07,3.2409860337442786e-07,3.24134703906685e-07,3.2417079481371453e-07,3.242068760698003e-07,3.242429476851286e-07,3.242790096824667e-07,3.2431506205568926e-07,3.243511048044377e-07,3.2438713795641513e-07,3.244231615164128e-07,3.2445917547238954e-07,3.244951798285564e-07,3.245311746009864e-07,3.245671597675199e-07,3.246031353733917e-07,3.246391014159596e-07,3.2467505789905907e-07,3.247110048376887e-07,3.2474694219806385e-07,3.247828700219863e-07,3.2481878830722765e-07,3.248546970593818e-07,3.248905962857173e-07,3.249264860010071e-07,3.2496236618150754e-07,3.2499823688485585e-07,3.2503409804851607e-07,3.250699497022998e-07,3.251057919112936e-07,3.2514162458115997e-07,3.2517744777997833e-07,3.252132614917839e-07,3.2524906573818135e-07,3.252848605166556e-07,3.25320645834279e-07,3.253564216951778e-07,3.2539218809870054e-07,3.254279450625012e-07,3.254636925885318e-07,3.254994306712688e-07,3.255351593303131e-07,3.255708785685799e-07,3.2560658838573253e-07,3.2564228878497157e-07,3.2567797975084734e-07,3.2571366134570603e-07,3.257493335333484e-07,3.257849963418933e-07,3.2582064976442983e-07,3.258562937991816e-07,3.258919284674387e-07,3.259275537537748e-07,3.259631696642111e-07,3.2599877622520244e-07,3.2603437345056075e-07,3.2606996133463304e-07,3.2610553987172106e-07,3.2614110907265444e-07,3.261766689425756e-07,3.2621221949291013e-07,3.262477607180044e-07,3.262832926337156e-07,3.263188152355281e-07,3.263543285101622e-07,3.2638983250970014e-07,3.264253272177918e-07,3.264608126363961e-07,3.264962887697813e-07,3.265317556326593e-07,3.265672132187663e-07,3.2660266154063587e-07,3.266381006025745e-07,3.2667353036327194e-07,3.267089509184309e-07,3.2674436222906457e-07,3.2677976429213167e-07,3.268151571307526e-07,3.268505407390394e-07,3.268859151215858e-07,3.269212802887647e-07,3.269566363121699e-07,3.2699198305849905e-07,3.2702732060371067e-07,3.2706264895094355e-07,3.270979681173968e-07,3.271332780884894e-07,3.2716857887622447e-07,3.272038704940957e-07,3.272391529360721e-07,3.2727442621640586e-07,3.273096903336451e-07,3.2734494529930397e-07,3.2738019110451075e-07,3.274154277720823e-07,3.27450655305201e-07,3.274858737043643e-07,3.275210829756469e-07,3.275562831250039e-07,3.2759147421385463e-07,3.2762665613258725e-07,3.2766182894635214e-07,3.276969926560976e-07,3.2773214727771827e-07,3.277672928144403e-07,3.278024292536983e-07,3.27837556611791e-07,3.278726748940188e-07,3.279077841024006e-07,3.2794288424343826e-07,3.2797797532523134e-07,3.2801305734462643e-07,3.2804813033445527e-07,3.2808319427861857e-07,3.281182491724638e-07,3.281532950257406e-07,3.281883318637855e-07,3.282233596626078e-07,3.2825837845315606e-07,3.2829338822853605e-07,3.2832838899161766e-07,3.283633807444416e-07,3.2839836351097304e-07,3.284333372645744e-07,3.284683020442393e-07,3.2850325783141675e-07,3.2853820464961937e-07,3.2857314249298276e-07,3.286080713684891e-07,3.286429912986511e-07,3.286779022721124e-07,3.287128042920289e-07,3.28747697348847e-07,3.2878258145174337e-07,3.2881745664029596e-07,3.2885232292485144e-07,3.2888718023362023e-07,3.289220286387742e-07,3.2895686811791844e-07,3.2899169868372505e-07,3.2902652033297046e-07,3.290613330983123e-07,3.2909613695876127e-07,3.2913093196321916e-07,3.291657180474602e-07,3.29200495253561e-07,3.292352635853025e-07,3.292700230433327e-07,3.2930477364374437e-07,3.2933951537377917e-07,3.293742482473372e-07,3.2940897226942166e-07,3.2944368744503016e-07,3.294783937791633e-07,3.295130912768154e-07,3.2954777994297253e-07,3.2958245978047293e-07,3.2961713079858385e-07,3.2965179299798394e-07,3.296864463879527e-07,3.2972109097129835e-07,3.29755726752994e-07,3.297903537379901e-07,3.298249719290801e-07,3.298595813333405e-07,3.298941819585265e-07,3.299287738040547e-07,3.2996335688042227e-07,3.299979311966476e-07,3.3003249674103953e-07,3.3006705353803114e-07,3.301016015753431e-07,3.3013614087002337e-07,3.3017067143178166e-07,3.302051932469537e-07,3.302397063413902e-07,3.302742106572016e-07,3.3030870629052755e-07,3.303431931931267e-07,3.3037767139575284e-07,3.30412140874446e-07,3.3044660165850893e-07,3.3048105371688405e-07,3.3051549710896147e-07,3.305499318123428e-07,3.3058435783188897e-07,3.3061877517245594e-07,3.3065318383889716e-07,3.3068758383606035e-07,3.3072197516879027e-07,3.3075635784192645e-07,3.307907318603052e-07,3.308250972287584e-07,3.3085945395211386e-07,3.3089380203519474e-07,3.309281414828208e-07,3.309624722998074e-07,3.3099679449096566e-07,3.3103110806110275e-07,3.310654130150214e-07,3.310997093575209e-07,3.31133997093396e-07,3.311682762274376e-07,3.312025467644321e-07,3.31236808709162e-07,3.3127106206640613e-07,3.3130530684093853e-07,3.313395430375301e-07,3.313737706609468e-07,3.314079897159509e-07,3.3144220020730024e-07,3.314764021397497e-07,3.315105955180489e-07,3.3154478034694416e-07,3.3157895663325986e-07,3.3161312437756853e-07,3.3164728358668734e-07,3.3168143426742924e-07,3.317155764224469e-07,3.3174971005643357e-07,3.317838351741192e-07,3.318179517802302e-07,3.318520598794677e-07,3.318861594765337e-07,3.319202505761319e-07,3.319543331829788e-07,3.3198840730174664e-07,3.3202247293713676e-07,3.320565300938261e-07,3.3209057877649563e-07,3.321246189898244e-07,3.3215865073847827e-07,3.3219267402714293e-07,3.32226688860488e-07,3.322606952431655e-07,3.3229469317983737e-07,3.323286826751732e-07,3.323626637337912e-07,3.323966363603604e-07,3.3243060054433103e-07,3.3246455630556603e-07,3.324985036486688e-07,3.3253244257828913e-07,3.325663731141716e-07,3.3260029523068843e-07,3.3263420894753976e-07,3.326681142693896e-07,3.3270201120081923e-07,3.3273589974645615e-07,3.3276977991090307e-07,3.3280365169874773e-07,3.3283751511459296e-07,3.328713701629867e-07,3.3290521684857306e-07,3.329390551759697e-07,3.329728851497291e-07,3.3300670677439003e-07,3.330405200545303e-07,3.330743249947707e-07,3.33108121599616e-07,3.3314190987366887e-07,3.331756898214841e-07,3.3320946144760086e-07,3.3324322475659914e-07,3.332769797529396e-07,3.3331072644124784e-07,3.3334446482604044e-07,3.3337819491186596e-07,3.334119167032171e-07,3.3344563020465755e-07,3.334793354207068e-07,3.3351303235586227e-07,3.335467210146638e-07,3.335804014016034e-07,3.3361407352120906e-07,3.3364773737794554e-07,3.336813929763758e-07,3.3371504032095646e-07,3.3374867941622215e-07,3.337823102666075e-07,3.338159328766037e-07,3.338495472507121e-07,3.3388315339340945e-07,3.339167513091524e-07,3.3395034100246456e-07,3.339839224777479e-07,3.340174957395116e-07,3.3405106079217823e-07,3.3408461764022726e-07,3.3411816628810173e-07,3.3415170674025926e-07,3.3418523900114984e-07,3.342187630752182e-07,3.3425227896687887e-07,3.342857866805693e-07,3.343192862207252e-07,3.343527775918023e-07,3.3438626079815984e-07,3.344197358442832e-07,3.344532027345626e-07,3.3448666147338086e-07,3.3452011206516446e-07,3.3455355451432996e-07,3.34586988825274e-07,3.346204150024158e-07,3.346538330501185e-07,3.346872429727754e-07,3.347206447747654e-07,3.3475403846051115e-07,3.3478742403433545e-07,3.3482080150064864e-07,3.348541708638343e-07,3.3488753212824656e-07,3.3492088529824805e-07,3.349542303781827e-07,3.3498756737244343e-07,3.3502089628535e-07,3.350542171212572e-07,3.3508752988453787e-07,3.351208345795232e-07,3.3515413121056184e-07,3.351874197819578e-07,3.352207002980567e-07,3.352539727632227e-07,3.3528723718172945e-07,3.3532049355790784e-07,3.353537418960919e-07,3.3538698220060985e-07,3.354202144757506e-07,3.3545343872582617e-07,3.354866549551377e-07,3.355198631679901e-07,3.3555306336868147e-07,3.3558625556150155e-07,3.3561943975072447e-07,3.356526159406971e-07,3.3568578413566775e-07,3.357189443398833e-07,3.3575209655766225e-07,3.357852407932689e-07,3.358183770509598e-07,3.358515053349711e-07,3.358846256496248e-07,3.359177379991359e-07,3.3595084238778537e-07,3.3598393881978206e-07,3.3601702729941506e-07,3.3605010783092583e-07,3.3608318041857046e-07,3.3611624506653476e-07,3.361493017790964e-07,3.361823505604632e-07,3.3621539141489626e-07,3.362484243466114e-07,3.362814493597771e-07,3.36314466458624e-07,3.3634747564738613e-07,3.3638047693031167e-07,3.3641347031158405e-07,3.3644645579541024e-07,3.364794333859511e-07,3.365124030874205e-07,3.365453649040129e-07,3.365783188398905e-07,3.366112648993022e-07,3.366442030863886e-07,3.3667713340533787e-07,3.3671005586031214e-07,3.3674297045550177e-07,3.3677587719510393e-07,3.3680877608322e-07,3.368416671240402e-07,3.368745503217074e-07,3.369074256803934e-07,3.3694029320428243e-07,3.369731528975051e-07,3.370060047641702e-07,3.370388488084134e-07,3.370716850344318e-07,3.3710451344633536e-07,3.371373340482441e-07,3.371701468443256e-07,3.372029518386668e-07,3.3723574903542504e-07,3.372685384387027e-07,3.373013200526015e-07,3.3733409388123856e-07,3.3736685992873255e-07,3.3739961819920477e-07,3.3743236869669417e-07,3.374651114253366e-07,3.3749784638922585e-07,3.375305735924654e-07,3.3756329303910634e-07,3.3759600473325415e-07,3.376287086790513e-07,3.376614048804866e-07,3.3769409334168724e-07,3.377267740666821e-07,3.3775944705963465e-07,3.377921123245186e-07,3.3782476986540306e-07,3.3785741968639303e-07,3.37890061791538e-07,3.3792269618483025e-07,3.3795532287035977e-07,3.379879418522436e-07,3.3802055313440046e-07,3.380531567209282e-07,3.380857526158846e-07,3.3811834082326565e-07,3.3815092134711294e-07,3.381834941914583e-07,3.3821605936032847e-07,3.3824861685775825e-07,3.3828116668770693e-07,3.383137088542409e-07,3.383462433613621e-07,3.3837877021304485e-07,3.38411289413302e-07,3.384438009661665e-07,3.3847630487564136e-07,3.38508801145653e-07,3.385412897802612e-07,3.3857377078348346e-07,3.386062441592463e-07,3.386387099115169e-07,3.386711680442959e-07,3.387036185615897e-07,3.3873606146732865e-07,3.387684967655001e-07,3.3880092446003826e-07,3.3883334455495124e-07,3.388657570542036e-07,3.3889816197016056e-07,3.389305592886006e-07,3.3896294903542113e-07,3.3899533120249006e-07,3.390277057826029e-07,3.390600728020961e-07,3.3909243225320105e-07,3.39124784145741e-07,3.391571284770119e-07,3.391894652355546e-07,3.3922179445458155e-07,3.3925411612740633e-07,3.3928643025272354e-07,3.393187368377506e-07,3.393510358863224e-07,3.3938332740113316e-07,3.3941561138489857e-07,3.3944788784724687e-07,3.39480156787119e-07,3.395124182077335e-07,3.3954467211509647e-07,3.395769185130977e-07,3.3960915740561895e-07,3.396413887965465e-07,3.3967361268976513e-07,3.3970582908915104e-07,3.3973803799858125e-07,3.3977023942192447e-07,3.398024333630635e-07,3.3983461982585164e-07,3.3986679881415326e-07,3.3989897033183033e-07,3.3993113438273754e-07,3.3996329097073354e-07,3.3999544009967095e-07,3.400275817733965e-07,3.400597159957517e-07,3.400918427705795e-07,3.4012396210171757e-07,3.4015607399300673e-07,3.401881784482799e-07,3.4022027547136426e-07,3.4025236506608614e-07,3.4028444723626715e-07,3.4031652198573226e-07,3.4034858931829975e-07,3.403806492377909e-07,3.4041270174799623e-07,3.4044474685274487e-07,3.4047678455583014e-07,3.405088148610587e-07,3.4054083777223546e-07,3.405728532931477e-07,3.4060486142760714e-07,3.4063686217939195e-07,3.406688555522876e-07,3.4070084155008295e-07,3.407328201765593e-07,3.4076479143550247e-07,3.4079675533067596e-07,3.4082871186585995e-07,3.408606610448228e-07,3.408926028713343e-07,3.409245373491629e-07,3.4095646448205184e-07,3.4098838427377995e-07,3.4102029672809034e-07,3.41052201848741e-07,3.4108409963947713e-07,3.411159901040504e-07,3.411478732462051e-07,3.4117974907468917e-07,3.4121161759722563e-07,3.4124347879812656e-07,3.412753326819726e-07,3.4130717926658733e-07,3.4133901854931854e-07,3.4137085053638775e-07,3.4140267524150893e-07,3.414344926515829e-07,3.414663027715522e-07,3.4149810561837835e-07,3.415299011784469e-07,3.4156168950625305e-07,3.4159347052269775e-07,3.416252442729263e-07,3.416570107595538e-07,3.416887699873308e-07,3.417205219684217e-07,3.4175226669093554e-07,3.417840041634869e-07,3.4181573439100826e-07,3.418474573943336e-07,3.41879173146961e-07,3.4191088174467144e-07,3.4194258308737463e-07,3.4197427718620245e-07,3.4200596402357023e-07,3.420376436447667e-07,3.4206931605168415e-07,3.4210098124417264e-07,3.4213263922342214e-07,3.4216429000606495e-07,3.421959336029772e-07,3.42227569989105e-07,3.422591991820393e-07,3.4229082118245343e-07,3.4232243599985463e-07,3.42354043633776e-07,3.423856440902184e-07,3.424172373685068e-07,3.4244882347848554e-07,3.4248040241993364e-07,3.425119741970339e-07,3.425435388114616e-07,3.4257509630979376e-07,3.426066466169663e-07,3.426381898180132e-07,3.426697258293364e-07,3.427012546981205e-07,3.4273277643400614e-07,3.427642910054271e-07,3.42795798527799e-07,3.42827298868509e-07,3.428587920756422e-07,3.4289027822483814e-07,3.429217572672386e-07,3.4295322912349047e-07,3.429846939043909e-07,3.4301615149919143e-07,3.430476020782711e-07,3.430790455160718e-07,3.431104818586134e-07,3.4314191110907014e-07,3.431733332690908e-07,3.432047483843299e-07,3.4323615633484586e-07,3.4326755722085946e-07,3.4329895110367505e-07,3.4333033786293196e-07,3.433617175666432e-07,3.4339309020633775e-07,3.4342445578104347e-07,3.4345581429804134e-07,3.434871657582587e-07,3.435185102349036e-07,3.43549847607151e-07,3.4358117795072687e-07,3.4361250123756867e-07,3.436438174914464e-07,3.436751267152769e-07,3.437064289092582e-07,3.4373772407883493e-07,3.4376901222627117e-07,3.4380029336227075e-07,3.43831567476592e-07,3.4386283457270255e-07,3.4389409466684285e-07,3.439253477592764e-07,3.439565938885421e-07,3.4398783298047475e-07,3.440190650809695e-07,3.4405029019189813e-07,3.4408150831507536e-07,3.441127194561447e-07,3.4414392361694185e-07,3.4417512083763446e-07,3.442063110569968e-07,3.442374943001159e-07,3.4426867057281873e-07,3.4429983988779406e-07,3.4433100224388365e-07,3.443621576425735e-07,3.4439330609686156e-07,3.444244475821819e-07,3.4445558213546954e-07,3.444867097327832e-07,3.4451783041392545e-07,3.4454894415459133e-07,3.445800509604998e-07,3.446111508403798e-07,3.4464224379564476e-07,3.44673329825844e-07,3.447044089435904e-07,3.4473548114815027e-07,3.4476654643917494e-07,3.447976048163869e-07,3.4482865630007015e-07,3.448597008813897e-07,3.4489073856454544e-07,3.449217693567926e-07,3.4495279323387696e-07,3.4498381028396e-07,3.45014820403739e-07,3.450458236543993e-07,3.4507682003539996e-07,3.4510780950262156e-07,3.451387921388832e-07,3.4516976790500527e-07,3.4520073688326046e-07,3.4523169892635736e-07,3.4526265411367717e-07,3.452936024551387e-07,3.453245439472479e-07,3.453554785633501e-07,3.45386406359645e-07,3.4541732731490946e-07,3.454482415182271e-07,3.4547914880701125e-07,3.45510049266215e-07,3.45540942865294e-07,3.4557182975636634e-07,3.456027098243894e-07,3.4563358299651693e-07,3.456644493579652e-07,3.4569530892009293e-07,3.4572616166873263e-07,3.457570076145051e-07,3.457878467554457e-07,3.4581867910549846e-07,3.458495046990445e-07,3.4588032353470197e-07,3.4591113551492143e-07,3.4594194069822173e-07,3.4597273911989863e-07,3.4600353080136326e-07,3.4603431567608885e-07,3.460650937817213e-07,3.4609586512360857e-07,3.4612662970102553e-07,3.4615738751930417e-07,3.461881385792252e-07,3.46218882920788e-07,3.462496205545127e-07,3.4628035137308324e-07,3.4631107544519487e-07,3.463417927779724e-07,3.463725033735702e-07,3.464032072794918e-07,3.46433904456165e-07,3.4646459486454274e-07,3.4649527858342863e-07,3.4652595554815685e-07,3.465566257951306e-07,3.4658728933167533e-07,3.466179461584331e-07,3.466485962787132e-07,3.466792396957532e-07,3.4670987641283765e-07,3.4674050643161583e-07,3.467711297574776e-07,3.468017463916777e-07,3.4683235638006057e-07,3.468629596462978e-07,3.468935562093307e-07,3.4692414611617336e-07,3.4695472938853896e-07,3.469853059510116e-07,3.47015875846658e-07,3.4704643911918365e-07,3.470769956895884e-07,3.4710754560348597e-07,3.471380888629484e-07,3.4716862547117255e-07,3.471991554314055e-07,3.4722967876189964e-07,3.4726019544212374e-07,3.4729070547767253e-07,3.473212089175198e-07,3.473517057598656e-07,3.4738219589971395e-07,3.4741267941410016e-07,3.474431563423604e-07,3.474736266174054e-07,3.4750409028739184e-07,3.475345473379712e-07,3.47564997773851e-07,3.4759544160273244e-07,3.476258788430327e-07,3.476563095429092e-07,3.476867335722035e-07,3.47717151077225e-07,3.477475619552002e-07,3.477779662136072e-07,3.4780836390126564e-07,3.4783875505088064e-07,3.4786913957953137e-07,3.478995175212664e-07,3.4792988893539827e-07,3.479602537502464e-07,3.4799061202698507e-07,3.480209637028139e-07,3.480513088200892e-07,3.480816473946814e-07,3.481119794042942e-07,3.481423048648274e-07,3.481726237748321e-07,3.4820293614665096e-07,3.482332419788497e-07,3.4826354127455673e-07,3.4829383406905583e-07,3.483241203048809e-07,3.4835440001117866e-07,3.483846731986878e-07,3.484149399102017e-07,3.484452000529187e-07,3.4847545368326567e-07,3.485057008000422e-07,3.485359414085542e-07,3.485661755717157e-07,3.48596403176703e-07,3.486266242790985e-07,3.486568389404011e-07,3.486870471358983e-07,3.487172487602441e-07,3.487474438981417e-07,3.487776325978147e-07,3.4880781482047176e-07,3.488379905203062e-07,3.488681597419675e-07,3.4889832249411265e-07,3.489284787784052e-07,3.489586285986748e-07,3.48988771956541e-07,3.4901890885583885e-07,3.4904903936504894e-07,3.490791633545655e-07,3.491092809432797e-07,3.4913939203908727e-07,3.4916949669172434e-07,3.4919959496569426e-07,3.492296868059637e-07,3.4925977214755876e-07,3.492898510582347e-07,3.4931992354111577e-07,3.493499896082617e-07,3.4938004932611837e-07,3.4941010254394635e-07,3.494401493462236e-07,3.49470189739243e-07,3.4950022371955863e-07,3.495302512934652e-07,3.495602724727646e-07,3.4959028724300563e-07,3.4962029561598384e-07,3.496502976393021e-07,3.4968029322687174e-07,3.497102824263031e-07,3.497402652435927e-07,3.4977024172724233e-07,3.4980021178347773e-07,3.4983017549573355e-07,3.4986013280256884e-07,3.4989008374420214e-07,3.4992002831858984e-07,3.499499665775826e-07,3.4997989842315184e-07,3.5000982391059254e-07,3.5003974308812816e-07,3.5006965586847726e-07,3.5009956233302714e-07,3.5012946245789286e-07,3.5015935619194783e-07,3.501892435982352e-07,3.502191246698314e-07,3.5024899940285826e-07,3.502788678056012e-07,3.503087299306374e-07,3.503385856799106e-07,3.5036843510734736e-07,3.5039827822316064e-07,3.504281150970267e-07,3.5045794560408567e-07,3.5048776977346974e-07,3.505175876362622e-07,3.505473991948965e-07,3.505772044537034e-07,3.5060700341841603e-07,3.5063679608792953e-07,3.506665824602064e-07,3.5069636256945323e-07,3.507261363659669e-07,3.5075590388088294e-07,3.507856651161686e-07,3.5081542008026815e-07,3.5084516876285073e-07,3.5087491116922786e-07,3.5090464731453104e-07,3.5093437719222606e-07,3.509641008055539e-07,3.50993818161137e-07,3.51023529263164e-07,3.510532341191154e-07,3.510829327166938e-07,3.511126250650062e-07,3.5114231116577353e-07,3.511719910747572e-07,3.512016646947161e-07,3.5123133208254115e-07,3.5126099323632985e-07,3.512906482101569e-07,3.513202969072381e-07,3.513499393809503e-07,3.513795756280644e-07,3.5140920566459166e-07,3.5143882947304214e-07,3.514684470870737e-07,3.5149805852789056e-07,3.51527663711236e-07,3.515572627235196e-07,3.515868555044811e-07,3.516164420806818e-07,3.516460224652656e-07,3.516755966568339e-07,3.517051646592663e-07,3.5173472647733724e-07,3.51764282113495e-07,3.517938315700121e-07,3.518233748431688e-07,3.5185291194351306e-07,3.5188244287018534e-07,3.5191196762976637e-07,3.5194148628280376e-07,3.5197099871005e-07,3.520005049765004e-07,3.5203000508436726e-07,3.5205949904041975e-07,3.5208898682920973e-07,3.52118468520858e-07,3.5214794402683717e-07,3.5217741338837864e-07,3.5220687661004064e-07,3.5223633369390895e-07,3.5226578464915114e-07,3.5229522950780404e-07,3.5232466819490267e-07,3.523541007521588e-07,3.5238352719277244e-07,3.524129475082816e-07,3.524423617100768e-07,3.524717698279493e-07,3.5250117180306916e-07,3.525305676645684e-07,3.525599574276958e-07,3.525893410901487e-07,3.526187186418919e-07,3.5264809009761677e-07,3.5267745552389653e-07,3.527068148303557e-07,3.527361680485462e-07,3.527655151406865e-07,3.52794856176354e-07,3.5282419108291014e-07,3.528535199132742e-07,3.528828427020058e-07,3.529121594399753e-07,3.5294147008887876e-07,3.529707746527159e-07,3.5300007314640943e-07,3.530293655846518e-07,3.530586519476752e-07,3.530879323123016e-07,3.531172065905716e-07,3.531464748112128e-07,3.5317573698439224e-07,3.53204993120007e-07,3.5323424320692076e-07,3.532634872622404e-07,3.53292725329391e-07,3.533219573436253e-07,3.5335118333186203e-07,3.533804032466071e-07,3.534096171765047e-07,3.5343882504852116e-07,3.5346802693786356e-07,3.534972227708678e-07,3.5352641257163556e-07,3.535555963793621e-07,3.5358477414461703e-07,3.5361394590944855e-07,3.536431116737839e-07,3.536722714667423e-07,3.537014252615928e-07,3.5373057305772836e-07,3.537597148662756e-07,3.5378885065973946e-07,3.5381798051739065e-07,3.53847104358782e-07,3.5387622223395426e-07,3.539053341666526e-07,3.539344400779137e-07,3.539635400193865e-07,3.5399263403301637e-07,3.5402172207240336e-07,3.5405080411438923e-07,3.5407988019229426e-07,3.5410895031745004e-07,3.541380144793176e-07,3.5416707269532307e-07,3.5419612495192506e-07,3.5422517120783893e-07,3.542542115716836e-07,3.5428324598096213e-07,3.5431227446201057e-07,3.543412969735563e-07,3.5437031358280964e-07,3.543993242509328e-07,3.544283289998408e-07,3.544573277692941e-07,3.5448632066732976e-07,3.5451530764432795e-07,3.5454428870284977e-07,3.545732638439441e-07,3.546022330739415e-07,3.5463119639197926e-07,3.546601538432375e-07,3.546891053495979e-07,3.547180509997689e-07,3.547469907053891e-07,3.547759245142175e-07,3.548048524291768e-07,3.5483377447387204e-07,3.5486269064996396e-07,3.548916008984703e-07,3.5492050526284267e-07,3.5494940374418567e-07,3.5497829635066103e-07,3.550071830784183e-07,3.5503606393691934e-07,3.5506493892431393e-07,3.550938080454884e-07,3.5512267130204175e-07,3.5515152869666404e-07,3.551803802320024e-07,3.5520922591064736e-07,3.5523806577874946e-07,3.552668997518633e-07,3.552957279203056e-07,3.5532455019852903e-07,3.5535336663353405e-07,3.5538217723192223e-07,3.5541098198768445e-07,3.554397809484553e-07,3.5546857403590166e-07,3.554973612989939e-07,3.5552614272898084e-07,3.5555491833378157e-07,3.555836881165157e-07,3.556124521218012e-07,3.556412102675361e-07,3.556699625992898e-07,3.5569870911924473e-07,3.557274498292555e-07,3.557561847042183e-07,3.5578491380272837e-07,3.5581363709913204e-07,3.5584235460852917e-07,3.5587106631271305e-07,3.5589977221977283e-07,3.559284723399441e-07,3.55957166668165e-07,3.559858552145379e-07,3.560145380221959e-07,3.5604321500210294e-07,3.560718862070032e-07,3.561005516361898e-07,3.5612921129370565e-07,3.5615786517684647e-07,3.561865132973009e-07,3.5621515565198127e-07,3.562437922450522e-07,3.56272423044308e-07,3.5630104811801093e-07,3.563296674368296e-07,3.5635828100686987e-07,3.563868888230366e-07,3.5641549088894224e-07,3.564440872139923e-07,3.564726778030362e-07,3.565012626535677e-07,3.565298417629618e-07,3.565584151433745e-07,3.5658698279262405e-07,3.566155447100632e-07,3.5664410090511484e-07,3.5667265137600413e-07,3.5670119612600786e-07,3.567297351578726e-07,3.567582684737114e-07,3.5678679607615195e-07,3.5681531796845575e-07,3.5684383415263867e-07,3.5687234463142254e-07,3.5690084939454184e-07,3.5692934846964634e-07,3.5695784184713273e-07,3.5698632952507566e-07,3.5701481150933364e-07,3.570432878071222e-07,3.570717584185695e-07,3.5710022333881604e-07,3.571286825811318e-07,3.5715713614461e-07,3.57185584030683e-07,3.572140262400027e-07,3.5724246277721877e-07,3.572708936446835e-07,3.5729931884631426e-07,3.5732773838254066e-07,3.573561522548777e-07,3.573845604654565e-07,3.5741296302223755e-07,3.5744135992408537e-07,3.5746975117312256e-07,3.5749813677027327e-07,3.575265167226979e-07,3.575548910307587e-07,3.575832596907831e-07,3.5761162271640786e-07,3.576399801047532e-07,3.576683318582048e-07,3.5769667797958386e-07,3.577250184679483e-07,3.5775335333190687e-07,3.577816825722414e-07,3.5781000618923893e-07,3.5783832418720396e-07,3.5786663656436507e-07,3.578949433257099e-07,3.5792324447627835e-07,3.579515400174256e-07,3.5797982991562234e-07,3.580081142484459e-07,3.580363929785411e-07,3.5806466610922903e-07,3.580929336397397e-07,3.581211955741265e-07,3.581494519199761e-07,3.5817770267004994e-07,3.582059478333804e-07,3.582341874171761e-07,3.5826242141854436e-07,3.582906498401889e-07,3.583188726739467e-07,3.5834708994274746e-07,3.5837530163932894e-07,3.5840350776573864e-07,3.58431708324429e-07,3.584599033173739e-07,3.5848809274754807e-07,3.5851627662365654e-07,3.585444549266967e-07,3.5857262768407235e-07,3.586007948884517e-07,3.5862895653881587e-07,3.586571126444275e-07,3.5868526320509327e-07,3.587134082214448e-07,3.587415476982351e-07,3.587696816354617e-07,3.587978100346698e-07,3.58825932903667e-07,3.5885405024199095e-07,3.588821620504985e-07,3.58910268334433e-07,3.5893836909127333e-07,3.589664643302147e-07,3.589945540499727e-07,3.590226382540172e-07,3.5905071694293627e-07,3.590787901215428e-07,3.591068577933382e-07,3.591349199553936e-07,3.5916297661334264e-07,3.5919102776897383e-07,3.5921907342547945e-07,3.5924711358599306e-07,3.5927514824689533e-07,3.593031774200529e-07,3.593312011030193e-07,3.5935921929894374e-07,3.593872320070764e-07,3.594152392358179e-07,3.594432409847503e-07,3.5947123725576447e-07,3.594992280513926e-07,3.595272133589154e-07,3.595551932145052e-07,3.595831675944885e-07,3.596111365098105e-07,3.596390999637964e-07,3.5966705795808925e-07,3.5969501048841474e-07,3.597229575679577e-07,3.5975089919133247e-07,3.597788353653669e-07,3.598067660903963e-07,3.598346913656772e-07,3.5986261119622883e-07,3.598905255884379e-07,3.599184345411567e-07,3.5994633805667365e-07,3.5997423612892305e-07,3.600021287768034e-07,3.6003001599491297e-07,3.6005789777532695e-07,3.6008577413648497e-07,3.601136450789543e-07,3.6014151059981666e-07,3.6016937068777627e-07,3.6019722537475655e-07,3.602250746486222e-07,3.6025291851098905e-07,3.6028075696500143e-07,3.6030859001017604e-07,3.6033641763861756e-07,3.6036423990114126e-07,3.6039205674392003e-07,3.604198681664074e-07,3.6044767421613423e-07,3.604754748747051e-07,3.605032701080054e-07,3.605310599886738e-07,3.6055884448020064e-07,3.6058662358865164e-07,3.6061439731623775e-07,3.6064216566648957e-07,3.606699286436925e-07,3.606976862450089e-07,3.60725438474288e-07,3.607531853351753e-07,3.6078092683218494e-07,3.6080866296288914e-07,3.608363937088709e-07,3.6086411911831396e-07,3.608918391715366e-07,3.609195538696837e-07,3.609472632106864e-07,3.609749672059842e-07,3.61002665846765e-07,3.6103035914801893e-07,3.6105804710498226e-07,3.6108572972025454e-07,3.6111340699769073e-07,3.611410789398029e-07,3.611687455457044e-07,3.611964068203602e-07,3.612240627623017e-07,3.612517133794229e-07,3.6127935866945447e-07,3.613069985826239e-07,3.6133463323203334e-07,3.6136226256328496e-07,3.613898865786082e-07,3.614175052806748e-07,3.6144511868655527e-07,3.614727267638308e-07,3.615003295035195e-07,3.6152792693354077e-07,3.6155551910173105e-07,3.6158310596886077e-07,3.6161068753907683e-07,3.6163826381403953e-07,3.6166583479538094e-07,3.616934004838346e-07,3.617209608838878e-07,3.61748516001099e-07,3.617760658334632e-07,3.6180361040609453e-07,3.618311496784402e-07,3.6185868367350774e-07,3.618862123938766e-07,3.619137358415966e-07,3.6194125401866164e-07,3.619687669287008e-07,3.6199627457078297e-07,3.620237769504627e-07,3.62051274069167e-07,3.6207876592318025e-07,3.6210625252481856e-07,3.621337338731046e-07,3.62161210000599e-07,3.6218868084634306e-07,3.622161464440547e-07,3.62243606796711e-07,3.622710618896803e-07,3.622985117577972e-07,3.623259563871079e-07,3.6235339580297923e-07,3.6238082995986714e-07,3.624082588858472e-07,3.6243568258517966e-07,3.624631010540797e-07,3.624905142974086e-07,3.6251792231796756e-07,3.625453251173928e-07,3.6257272269708066e-07,3.626001150602379e-07,3.626275022098759e-07,3.6265488414486716e-07,3.626822608735154e-07,3.6270963238980645e-07,3.627369987045424e-07,3.6276435981688285e-07,3.6279171572810604e-07,3.6281906644116506e-07,3.6284641195775365e-07,3.6287375227976913e-07,3.6290108741414503e-07,3.6292841736025376e-07,3.629557421157872e-07,3.6298306168214424e-07,3.6301037606298977e-07,3.630376852456659e-07,3.6306498926914e-07,3.6309228811909415e-07,3.6311958179242717e-07,3.6314687029328325e-07,3.6317415362417447e-07,3.632014317819224e-07,3.6322870477937096e-07,3.632559726133214e-07,3.632832352863513e-07,3.6331049280019835e-07,3.633377451571499e-07,3.6336499235952117e-07,3.633922344173724e-07,3.6341947131746355e-07,3.6344670306823104e-07,3.634739296738472e-07,3.635011511357221e-07,3.6352836745957036e-07,3.635555786359811e-07,3.635827846797642e-07,3.6360998558884265e-07,3.636371813825612e-07,3.636643719896867e-07,3.636915575058043e-07,3.637187378960866e-07,3.6374591315970257e-07,3.637730833043441e-07,3.638002483323053e-07,3.6382740824104585e-07,3.6385456303062427e-07,3.638817126578278e-07,3.6390885722120643e-07,3.6393599667899606e-07,3.6396313103470385e-07,3.639902603167314e-07,3.6401738448199535e-07,3.640445035299715e-07,3.640716174666013e-07,3.640987263148831e-07,3.641258300691458e-07,3.641529287429885e-07,3.641800223201223e-07,3.642071108060547e-07,3.6423419420589904e-07,3.642612725219665e-07,3.6428834581597063e-07,3.6431541397261903e-07,3.6434247704784204e-07,3.643695350605695e-07,3.6439658799722344e-07,3.644236358589832e-07,3.6445067865721666e-07,3.644777163846965e-07,3.6450474904544357e-07,3.6453177665148743e-07,3.645587991971348e-07,3.64585816685644e-07,3.6461282911398234e-07,3.6463983648681795e-07,3.6466683880807474e-07,3.646938360827422e-07,3.647208283146399e-07,3.6474781549671954e-07,3.647747976406217e-07,3.648017747413985e-07,3.648287468019186e-07,3.648557138260907e-07,3.6488267581926153e-07,3.6490963277665085e-07,3.649365847045286e-07,3.649635316037074e-07,3.6499047348134295e-07,3.6501741033056694e-07,3.650443421186939e-07,3.6507126892939353e-07,3.6509819071983343e-07,3.6512510749482503e-07,3.651520192517202e-07,3.651789259993498e-07,3.652058277386982e-07,3.652327244744265e-07,3.6525961621898503e-07,3.652865028678056e-07,3.65313384598201e-07,3.653402613251656e-07,3.653671330514627e-07,3.653939998149233e-07,3.654208615600477e-07,3.6544771834825724e-07,3.654745701155378e-07,3.6550141689445735e-07,3.6552825867849494e-07,3.65555095471488e-07,3.655819273378631e-07,3.6560875417697635e-07,3.6563557605461994e-07,3.656623929632957e-07,3.656892048983929e-07,3.657160118601973e-07,3.657428138501723e-07,3.6576961088133015e-07,3.6579640295337103e-07,3.6582319003324907e-07,3.658499721493659e-07,3.658767493413728e-07,3.659035215749917e-07,3.659302888091303e-07,3.6595705114253783e-07,3.659838085231971e-07,3.6601056095727243e-07,3.6603730844624183e-07,3.6606405098900447e-07,3.6609078859577605e-07,3.6611752126183404e-07,3.661442489901327e-07,3.661709717848884e-07,3.661976896469772e-07,3.662244025830578e-07,3.66251110556516e-07,3.6627781364370293e-07,3.663045117957342e-07,3.6633120502540517e-07,3.6635789333285445e-07,3.6638457672380596e-07,3.66411255202965e-07,3.6643792875056483e-07,3.6646459740950233e-07,3.664912611519517e-07,3.665179199823444e-07,3.665445739060665e-07,3.6657122292848365e-07,3.6659786704588436e-07,3.666245062614619e-07,3.6665114057917495e-07,3.666777700024327e-07,3.667043945295787e-07,3.6673101416687923e-07,3.6675762891438605e-07,3.667842387737374e-07,3.6681084374712226e-07,3.66837443866693e-07,3.668640390742778e-07,3.6689062939804336e-07,3.6691721485813184e-07,3.6694379542875784e-07,3.66970371129104e-07,3.669969419364074e-07,3.670235078927923e-07,3.670500689945643e-07,3.670766251918173e-07,3.671031765367201e-07,3.6712972303562883e-07,3.671562646707648e-07,3.671828014139894e-07,3.672093333400355e-07,3.672358604068807e-07,3.672623825887769e-07,3.672888999696755e-07,3.6731541249164864e-07,3.6734192016790997e-07,3.6736842298278563e-07,3.6739492097386593e-07,3.674214141356409e-07,3.674479024562953e-07,3.6747438594446685e-07,3.6750086458695914e-07,3.67527338399661e-07,3.675538073802595e-07,3.675802715722628e-07,3.6760673087638533e-07,3.6763318537542525e-07,3.6765963505257205e-07,3.676860798655698e-07,3.6771251990751473e-07,3.677389551678519e-07,3.677653855395973e-07,3.677918111382815e-07,3.6781823186931305e-07,3.678446478615554e-07,3.678710590096698e-07,3.6789746538073365e-07,3.6792386694893273e-07,3.67950263671796e-07,3.6797665564199786e-07,3.6800304277463644e-07,3.6802942512583826e-07,3.6805580272142235e-07,3.680821754693676e-07,3.6810854347504005e-07,3.681349066731632e-07,3.6816126510824236e-07,3.6818761875870796e-07,3.682139675995197e-07,3.68240311687209e-07,3.682666510010175e-07,3.682929855226445e-07,3.683193153000972e-07,3.683456402407458e-07,3.6837196047709626e-07,3.6839827590380817e-07,3.68424586600709e-07,3.684508925335608e-07,3.6847719368679645e-07,3.685034900957732e-07,3.6852978173094007e-07,3.6855606860232856e-07,3.6858235070359934e-07,3.686086280810352e-07,3.6863490068424907e-07,3.6866116855218334e-07,3.6868743168349804e-07,3.687136900895049e-07,3.6873994373533123e-07,3.687661926206394e-07,3.687924368048599e-07,3.6881867624587943e-07,3.688449109928961e-07,3.6887114095254583e-07,3.6889736620007326e-07,3.689235867295636e-07,3.689498025248747e-07,3.689760135763721e-07,3.6900221988496656e-07,3.690284214933281e-07,3.6905461838731175e-07,3.6908081056013976e-07,3.6910699803128163e-07,3.6913318076196174e-07,3.691593588085933e-07,3.6918553210960234e-07,3.6921170073930437e-07,3.692378646627627e-07,3.692640238853118e-07,3.692901783563856e-07,3.6931632817446697e-07,3.693424732551874e-07,3.6936861367922077e-07,3.693947493677071e-07,3.6942088039269284e-07,3.694470067395668e-07,3.6947312839341896e-07,3.6949924535314273e-07,3.6952535765066926e-07,3.6955146523700865e-07,3.6957756815999126e-07,3.696036664162611e-07,3.6962975998418424e-07,3.696558488728122e-07,3.696819330859314e-07,3.697080126431092e-07,3.6973408752893604e-07,3.697601577464552e-07,3.697862232863163e-07,3.698122841245792e-07,3.698383403531085e-07,3.6986439191627815e-07,3.698904388227488e-07,3.699164810526402e-07,3.699425186693393e-07,3.6996855159915914e-07,3.6999457984585973e-07,3.700206035393376e-07,3.700466225238635e-07,3.700726368633473e-07,3.700986465568405e-07,3.7012465157497255e-07,3.701506519871199e-07,3.701766477630439e-07,3.702026388943271e-07,3.702286254010312e-07,3.702546072719742e-07,3.702805845142168e-07,3.7030655712758353e-07,3.7033252511527855e-07,3.7035848847511164e-07,3.703844472013621e-07,3.704104012605146e-07,3.704363507634724e-07,3.704622956272787e-07,3.7048823588872055e-07,3.7051417151500063e-07,3.705401025515033e-07,3.7056602897747036e-07,3.7059195079906337e-07,3.7061786799012197e-07,3.7064378062907474e-07,3.706696886319663e-07,3.706955920304421e-07,3.707214908352639e-07,3.7074738501448495e-07,3.707732746396782e-07,3.7079915965447677e-07,3.708250400789465e-07,3.7085091591520756e-07,3.708767871728115e-07,3.709026538327769e-07,3.7092851591209e-07,3.709543734047293e-07,3.709802263178822e-07,3.7100607464927493e-07,3.7103191838800396e-07,3.7105775756784015e-07,3.71083592148272e-07,3.711094221836658e-07,3.7113524764821355e-07,3.711610685463697e-07,3.7118688484882003e-07,3.7121269663097807e-07,3.712385038172804e-07,3.7126430646636947e-07,3.712901045531733e-07,3.7131589805979186e-07,3.7134168701399936e-07,3.7136747142856533e-07,3.713932512762602e-07,3.714190265909898e-07,3.714447973572281e-07,3.7147056357689366e-07,3.7149632526380425e-07,3.715220823926875e-07,3.715478350016024e-07,3.7157358305224993e-07,3.715993265669722e-07,3.7162506552695396e-07,3.7165079998878164e-07,3.716765298953694e-07,3.7170225527936894e-07,3.7172797613804596e-07,3.717536924669233e-07,3.717794042820174e-07,3.7180511155780385e-07,3.718308143313581e-07,3.718565125694405e-07,3.7188220629122404e-07,3.7190789549696496e-07,3.7193358018743504e-07,3.71959260365198e-07,3.7198493605119566e-07,3.7201060722428224e-07,3.720362738735747e-07,3.720619360213831e-07,3.7208759366674246e-07,3.7211324682146524e-07,3.721388954365954e-07,3.7216453958978345e-07,3.721901792352026e-07,3.7221581438926023e-07,3.722414450479733e-07,3.7226707121691296e-07,3.7229269289833226e-07,3.723183100907605e-07,3.7234392279831447e-07,3.7236953102219696e-07,3.7239513476195066e-07,3.7242073399289393e-07,3.724463287735563e-07,3.724719190752817e-07,3.724975049047864e-07,3.7252308623663446e-07,3.72548663103989e-07,3.725742355361986e-07,3.7259980346877637e-07,3.7262536695111164e-07,3.726509259817088e-07,3.726764805523597e-07,3.7270203064399883e-07,3.72727576262743e-07,3.7275311742423405e-07,3.7277865414908846e-07,3.728041863987199e-07,3.7282971419920087e-07,3.728552375766494e-07,3.7288075649905924e-07,3.7290627097134307e-07,3.729317809920639e-07,3.7295728656637274e-07,3.7298278770172994e-07,3.7300828441385326e-07,3.730337766526416e-07,3.7305926447547126e-07,3.730847478779252e-07,3.7311022683029675e-07,3.731357013517408e-07,3.7316117143114067e-07,3.731866370946334e-07,3.7321209831109946e-07,3.7323755513697094e-07,3.73263007527089e-07,3.732884555062814e-07,3.7331389905624003e-07,3.733393381992666e-07,3.733647729147221e-07,3.7339020323301737e-07,3.7341562913857093e-07,3.734410506282384e-07,3.734664677183855e-07,3.734918804014284e-07,3.735172886372726e-07,3.7354269249219837e-07,3.7356809196038346e-07,3.7359348701229696e-07,3.7361887766351085e-07,3.736442639187591e-07,3.736696457926928e-07,3.736950232611931e-07,3.7372039632695127e-07,3.7374576501371284e-07,3.7377112930091725e-07,3.7379648920989095e-07,3.7382184473678527e-07,3.738471958997054e-07,3.7387254265924194e-07,3.73897885055165e-07,3.7392322307937847e-07,3.739485567067205e-07,3.739738859617119e-07,3.73999210860883e-07,3.740245313897889e-07,3.74049847529775e-07,3.7407515932087634e-07,3.7410046672688296e-07,3.741257697661916e-07,3.741510684436808e-07,3.741763627615563e-07,3.742016527185558e-07,3.742269383178566e-07,3.7425221957320536e-07,3.742774964524737e-07,3.743027689900439e-07,3.743280371930472e-07,3.743533010288941e-07,3.7437856052839483e-07,3.744038156897483e-07,3.744290664675521e-07,3.7445431291020233e-07,3.7447955502531525e-07,3.745047927999912e-07,3.745300262391842e-07,3.7455525538528197e-07,3.74580480174244e-07,3.746057006113077e-07,3.746309166978507e-07,3.7465612847178574e-07,3.746813359229896e-07,3.7470653904513583e-07,3.747317378440637e-07,3.7475693234014804e-07,3.747821224947665e-07,3.7480730832372237e-07,3.7483248984402297e-07,3.7485766704260233e-07,3.748828399252053e-07,3.7490800850098916e-07,3.749331727685911e-07,3.7495833276233495e-07,3.7498348843033984e-07,3.750086397335734e-07,3.7503378676480565e-07,3.750589295003e-07,3.750840679374738e-07,3.751092020754519e-07,3.751343319137553e-07,3.75159457459009e-07,3.7518457868841696e-07,3.752096956472289e-07,3.7523480831623946e-07,3.7525991669436844e-07,3.7528502079312063e-07,3.7531012059643767e-07,3.753352161145262e-07,3.7536030735831436e-07,3.753853943162928e-07,3.7541047699176137e-07,3.7543555537940427e-07,3.754606295044514e-07,3.7548569935637545e-07,3.7551076493095366e-07,3.755358262374368e-07,3.7556088326140324e-07,3.7558593603013946e-07,3.756109845328078e-07,3.756360287683451e-07,3.756610687443016e-07,3.756861044570999e-07,3.757111359293235e-07,3.7573616312637446e-07,3.75761186099302e-07,3.757862047878749e-07,3.7581121921972294e-07,3.7583622940043667e-07,3.758612353300773e-07,3.758862370113404e-07,3.759112344472504e-07,3.759362276384253e-07,3.7596121658476847e-07,3.759862012862168e-07,3.7601118174397184e-07,3.760361579697579e-07,3.760611299588898e-07,3.760860977098519e-07,3.7611106123324533e-07,3.7613602052195917e-07,3.761609755906738e-07,3.7618592641131954e-07,3.7621087300690654e-07,3.762358153807018e-07,3.762607535333381e-07,3.7628568746493026e-07,3.7631061716618906e-07,3.7633554265831466e-07,3.763604639329885e-07,3.7638538099192955e-07,3.764102938367776e-07,3.7643520246124884e-07,3.764601068820327e-07,3.764850070935605e-07,3.765099030970379e-07,3.7653479489238793e-07,3.765596824834768e-07,3.765845658806186e-07,3.7660944506357743e-07,3.766343200520178e-07,3.766591908277865e-07,3.7668405745242217e-07,3.7670891985961185e-07,3.767337780568582e-07,3.767586320716513e-07,3.7678348189340296e-07,3.768083275268678e-07,3.7683316898957813e-07,3.768580063019699e-07,3.7688283938408577e-07,3.7690766828069477e-07,3.7693249299477917e-07,3.7695731353057535e-07,3.7698212988718763e-07,3.770069420496417e-07,3.7703175005709873e-07,3.7705655388284397e-07,3.770813535469465e-07,3.7710614903960183e-07,3.771309403642694e-07,3.771557275251206e-07,3.771805105202275e-07,3.7720528935333274e-07,3.7723006397004867e-07,3.7725483447450577e-07,3.77279600824417e-07,3.7730436301362963e-07,3.773291210507342e-07,3.7735387490964626e-07,3.7737862464305957e-07,3.7740337021995945e-07,3.774281116672984e-07,3.7745284894778073e-07,3.774775820931482e-07,3.7750231108641224e-07,3.7752703593784627e-07,3.7755175665163833e-07,3.7757647322347205e-07,3.7760118566168287e-07,3.7762589395161796e-07,3.776505981112529e-07,3.776752981378011e-07,3.776999940518742e-07,3.7772468581641305e-07,3.777493734466281e-07,3.777740569553381e-07,3.7779873633962726e-07,3.778234116200821e-07,3.7784808277798255e-07,3.7787274979724996e-07,3.778974126987516e-07,3.77922071497851e-07,3.779467261634641e-07,3.779713766622332e-07,3.7799602310667003e-07,3.78020665470689e-07,3.780453037023219e-07,3.780699378057897e-07,3.7809456782328253e-07,3.781191937147276e-07,3.781438154721486e-07,3.7816843317831646e-07,3.7819304670695875e-07,3.782176561923692e-07,3.7824226157975427e-07,3.7826686286610327e-07,3.7829146006227665e-07,3.783160531594704e-07,3.7834064217087967e-07,3.783652271004693e-07,3.78389807937865e-07,3.784143846816106e-07,3.7843895734153207e-07,3.7846352593781856e-07,3.7848809042926513e-07,3.7851265084241836e-07,3.785372071749503e-07,3.785617594042948e-07,3.785863075827741e-07,3.7861085168642427e-07,3.786353917172568e-07,3.786599276755227e-07,3.78684459563366e-07,3.787089873682706e-07,3.78733511119157e-07,3.787580308048225e-07,3.7878254642571164e-07,3.788070579845403e-07,3.788315654785155e-07,3.788560689013012e-07,3.7888056828130796e-07,3.7890506360579074e-07,3.789295548548951e-07,3.789540420724673e-07,3.789785252221787e-07,3.79003004337106e-07,3.790274794025541e-07,3.7905195041680604e-07,3.790764173869466e-07,3.7910088034971943e-07,3.7912533923254825e-07,3.7914979407397234e-07,3.791742448818557e-07,3.791986916506448e-07,3.7922313438301434e-07,3.792475730686518e-07,3.7927200773043516e-07,3.7929643834956627e-07,3.79320864948054e-07,3.793452875084019e-07,3.7936970604076926e-07,3.7939412053687466e-07,3.7941853102190947e-07,3.7944293748358257e-07,3.794673399230424e-07,3.794917383387367e-07,3.7951613278217966e-07,3.7954052316545774e-07,3.795649095345583e-07,3.7958929188689495e-07,3.7961367023359254e-07,3.796380445597563e-07,3.7966241487779996e-07,3.7968678119930654e-07,3.7971114350202184e-07,3.797355017944143e-07,3.7975985608647726e-07,3.7978420639721116e-07,3.7980855268282587e-07,3.7983289497301385e-07,3.7985723326470487e-07,3.798815675598017e-07,3.7990589786094606e-07,3.799302241789904e-07,3.799545464935545e-07,3.799788648175986e-07,3.8000317915197683e-07,3.800274894975477e-07,3.800517958194282e-07,3.800760981910042e-07,3.8010039658880847e-07,3.8012469099917474e-07,3.8014898142555775e-07,3.8017326786744585e-07,3.801975503412959e-07,3.802218288352663e-07,3.802461033550244e-07,3.8027037390314277e-07,3.8029464048192503e-07,3.8031890308623806e-07,3.803431617264162e-07,3.803674163988661e-07,3.803916671059061e-07,3.80415913848949e-07,3.804401566260804e-07,3.804643954400866e-07,3.804886302988095e-07,3.805128611992408e-07,3.805370881390758e-07,3.805613111191168e-07,3.805855301499437e-07,3.8060974523204054e-07,3.8063395636849823e-07,3.8065816354982457e-07,3.80682366790063e-07,3.8070656607640693e-07,3.8073076141764754e-07,3.807549528221272e-07,3.8077914027220113e-07,3.8080332378711755e-07,3.808275033397782e-07,3.8085167897730494e-07,3.8087585066713833e-07,3.809000184295833e-07,3.8092418226212205e-07,3.8094834216273186e-07,3.8097249813824034e-07,3.8099665018449363e-07,3.8102079829590947e-07,3.8104494246151306e-07,3.810690827216112e-07,3.8109321905729173e-07,3.81117351470781e-07,3.811414799642981e-07,3.811656045385781e-07,3.8118972519502547e-07,3.812138419317137e-07,3.812379547571842e-07,3.8126206367631767e-07,3.8128616867619245e-07,3.8131026976136233e-07,3.813343669437495e-07,3.8135846021258006e-07,3.8138254954476323e-07,3.8140663500163916e-07,3.8143071655950136e-07,3.814547942060758e-07,3.8147886796099405e-07,3.8150293781689433e-07,3.8152700378061035e-07,3.8155106584429695e-07,3.8157512401486156e-07,3.815991782700336e-07,3.816232286527448e-07,3.8164727515082035e-07,3.816713177530208e-07,3.8169535646274826e-07,3.8171939129023496e-07,3.817434222332278e-07,3.817674492917796e-07,3.817914724657167e-07,3.8181549176189694e-07,3.818395071676257e-07,3.818635187069075e-07,3.818875263697583e-07,3.8191153015751615e-07,3.819355300786267e-07,3.8195952612404283e-07,3.8198351829506375e-07,3.820075066023257e-07,3.820314910390896e-07,3.8205547159033056e-07,3.8207944829438556e-07,3.8210342113238657e-07,3.8212739010851334e-07,3.821513552309147e-07,3.8217531648667665e-07,3.8219927388353745e-07,3.822232274308907e-07,3.822471771171255e-07,3.822711229554793e-07,3.822950649218425e-07,3.823190030499222e-07,3.823429373184798e-07,3.8236686776203903e-07,3.8239079434409273e-07,3.824147170780194e-07,3.824386359740769e-07,3.8246255102524485e-07,3.8248646224628977e-07,3.825103696181732e-07,3.825342730708e-07,3.825581727761858e-07,3.8258206862617605e-07,3.8260596064627017e-07,3.8262984883617527e-07,3.826537331952679e-07,3.826776136985426e-07,3.8270149039894e-07,3.8272536327093625e-07,3.827492323149402e-07,3.8277309753519924e-07,3.827969589275119e-07,3.8282081650509435e-07,3.8284467026902095e-07,3.828685202018498e-07,3.8289236632862064e-07,3.8291620862758683e-07,3.8294004711524897e-07,3.8296388179432376e-07,3.8298771265782334e-07,3.830115397105121e-07,3.830353629537655e-07,3.830591823873642e-07,3.8308299801929206e-07,3.8310680984179983e-07,3.8313061793195094e-07,3.831544221484186e-07,3.8317822256358965e-07,3.8320201918342113e-07,3.832258119990958e-07,3.832496010193497e-07,3.832733862439116e-07,3.8329716767172385e-07,3.8332094529547025e-07,3.833447191383549e-07,3.8336848919330716e-07,3.83392255459402e-07,3.834160179381031e-07,3.834397766305287e-07,3.834635315373532e-07,3.8348728266166433e-07,3.835110300065582e-07,3.8353477356824465e-07,3.835585133745292e-07,3.8358224938305493e-07,3.836059816131988e-07,3.836297101033637e-07,3.836534347907128e-07,3.8367715569679356e-07,3.8370087277261424e-07,3.837245861292104e-07,3.8374829572517676e-07,3.837720015523551e-07,3.837957035975501e-07,3.838194018600358e-07,3.838430964094184e-07,3.838667872069217e-07,3.838904742212685e-07,3.8391415747109267e-07,3.839378369666498e-07,3.839615127091704e-07,3.8398518469517427e-07,3.840088529262492e-07,3.8403251740698573e-07,3.84056178134897e-07,3.840798351131218e-07,3.8410348834299737e-07,3.8412713782645553e-07,3.8415078355981396e-07,3.8417442555433154e-07,3.8419806380567315e-07,3.842216983155546e-07,3.8424532908559486e-07,3.8426895612520805e-07,3.84292579419236e-07,3.8431619906800665e-07,3.843398148900186e-07,3.843634269786103e-07,3.843870353377446e-07,3.8441063996435e-07,3.8443424086055994e-07,3.8445783802889715e-07,3.8448143145063197e-07,3.8450502117084997e-07,3.845286071620887e-07,3.8455218943430655e-07,3.845757679815601e-07,3.845993427923328e-07,3.84622913901589e-07,3.8464648129333967e-07,3.8467004496893165e-07,3.8469360492965824e-07,3.8471716117686815e-07,3.8474071371159136e-07,3.8476426253571415e-07,3.8478780762275147e-07,3.8481134902908313e-07,3.848348867160522e-07,3.848584207094357e-07,3.8488195099834196e-07,3.8490547758493684e-07,3.8492900046990796e-07,3.8495251965457234e-07,3.8497603513963054e-07,3.849995469275869e-07,3.8502305499793806e-07,3.8504655939449255e-07,3.850700600973118e-07,3.850935571160895e-07,3.8511705043537037e-07,3.851405400626039e-07,3.851640260036013e-07,3.851875082521408e-07,3.8521098682009483e-07,3.8523446170323407e-07,3.85257932902738e-07,3.8528140042045627e-07,3.8530486426973865e-07,3.8532832445447265e-07,3.853517809490778e-07,3.8537523377134467e-07,3.853986828994091e-07,3.8542212836984906e-07,3.854455701648358e-07,3.8546900827032503e-07,3.854924427097635e-07,3.855158734807086e-07,3.8553930058339315e-07,3.855627240200486e-07,3.8558614374037936e-07,3.8560955986012433e-07,3.856329723056398e-07,3.8565638109004837e-07,3.8567978621462646e-07,3.8570318768068434e-07,3.857265854886925e-07,3.8574997964160914e-07,3.857733701386605e-07,3.8579675698316587e-07,3.858201401579131e-07,3.858435196992664e-07,3.858668955911642e-07,3.8589026783578587e-07,3.859136364338976e-07,3.859370013831658e-07,3.859603626908735e-07,3.859837203679208e-07,3.860070743463584e-07,3.860304247283232e-07,3.860537714727261e-07,3.8607711457736194e-07,3.8610045404607224e-07,3.861237898784713e-07,3.8614712207861984e-07,3.861704506429624e-07,3.861937755715536e-07,3.8621709687666123e-07,3.862404145516725e-07,3.862637285995435e-07,3.862870390182763e-07,3.863103458144342e-07,3.8633364898709725e-07,3.8635694852794327e-07,3.8638024445734573e-07,3.864035367671007e-07,3.864268254613712e-07,3.864501105362934e-07,3.864733919927829e-07,3.8649666983522506e-07,3.865199440631398e-07,3.865432146860642e-07,3.8656648168915495e-07,3.865897450837673e-07,3.8661300487488523e-07,3.8663626106259204e-07,3.866595136363516e-07,3.866827626042249e-07,3.8670600796874864e-07,3.867292497315272e-07,3.867524879576798e-07,3.8677572252043707e-07,3.867989534912804e-07,3.868221808490223e-07,3.868454046219557e-07,3.8686862480363416e-07,3.868918413408689e-07,3.86915054323841e-07,3.869382637239716e-07,3.8696146953312476e-07,3.869846717547648e-07,3.870078704270099e-07,3.8703106548980415e-07,3.8705425695853816e-07,3.8707744484021294e-07,3.8710062913871326e-07,3.871238098561035e-07,3.8714698699498736e-07,3.8717016056424924e-07,3.8719333054693296e-07,3.872164969531805e-07,3.8723965978572655e-07,3.8726281904549377e-07,3.8728597473136205e-07,3.8730912684678635e-07,3.8733227539321885e-07,3.87355420371659e-07,3.873785617951872e-07,3.8740169964081395e-07,3.874248339230434e-07,3.8744796463408586e-07,3.874710917880536e-07,3.8749421538196043e-07,3.875173354160411e-07,3.875404518826368e-07,3.875635648021637e-07,3.875866741652347e-07,3.87609779973305e-07,3.876328822423085e-07,3.876559809448178e-07,3.876790760975157e-07,3.877021676886023e-07,3.877252557434245e-07,3.8774834024997205e-07,3.8777142122015144e-07,3.877944986358435e-07,3.878175725081574e-07,3.878406427988168e-07,3.8786370957447785e-07,3.8788677282311226e-07,3.879098325338787e-07,3.8793288870115296e-07,3.8795594133115757e-07,3.879789904330865e-07,3.88002036001129e-07,3.880250780368514e-07,3.880481165395112e-07,3.880711515144496e-07,3.880941828911753e-07,3.8811721080248103e-07,3.88140235191694e-07,3.881632560744861e-07,3.881862733870546e-07,3.8820928722938104e-07,3.882322975261578e-07,3.882553043020798e-07,3.8827830755469417e-07,3.883013072967697e-07,3.8832430353435234e-07,3.883472963194791e-07,3.8837028550991304e-07,3.883932711930918e-07,3.884162533645952e-07,3.8843923202559953e-07,3.884622071856985e-07,3.8848517882915784e-07,3.885081469658049e-07,3.885311115964337e-07,3.885540727230585e-07,3.885770303476018e-07,3.885999844787416e-07,3.8862293508032154e-07,3.886458822021542e-07,3.886688258266289e-07,3.886917659522149e-07,3.8871470258198734e-07,3.8873763571480763e-07,3.8876056537545956e-07,3.8878349152484764e-07,3.8880641418289894e-07,3.8882933335236304e-07,3.888522490328229e-07,3.888751612249099e-07,3.8889806992907934e-07,3.8892097515815133e-07,3.889438768951107e-07,3.889667751497001e-07,3.889896699413452e-07,3.890125612411918e-07,3.8903544905214123e-07,3.8905833338749783e-07,3.8908121424631945e-07,3.8910409162743804e-07,3.8912696547857356e-07,3.8914983591530846e-07,3.891727028972063e-07,3.8919556638961824e-07,3.892184264128336e-07,3.892412829677701e-07,3.892641360569289e-07,3.892869856797229e-07,3.893098318514929e-07,3.8933267454815993e-07,3.8935551378247174e-07,3.8937834956149857e-07,3.8940118186461314e-07,3.894240107170102e-07,3.8944683609254226e-07,3.8946965803938103e-07,3.894924765220059e-07,3.8951529156011046e-07,3.8953810313396957e-07,3.8956091128078674e-07,3.8958371592066076e-07,3.8960651714491407e-07,3.896293149508916e-07,3.896521092793138e-07,3.8967490016339325e-07,3.8969768754998334e-07,3.8972047154580367e-07,3.8974325211269957e-07,3.897660292300723e-07,3.897888029154947e-07,3.8981157314857446e-07,3.898343399478165e-07,3.898571033084453e-07,3.8987986323395524e-07,3.899026197254688e-07,3.899253728093111e-07,3.899481224364013e-07,3.8997086863390407e-07,3.899936114034275e-07,3.900163507424115e-07,3.90039086654451e-07,3.9006181914257573e-07,3.900845482012032e-07,3.9010727383976074e-07,3.901299960768954e-07,3.9015271487222443e-07,3.90175430230138e-07,3.9019814213344117e-07,3.9022085067244344e-07,3.9024355579489046e-07,3.902662575022206e-07,3.9028895579677097e-07,3.903116506787892e-07,3.903343421140655e-07,3.903570301759727e-07,3.903797148245401e-07,3.9040239606232755e-07,3.9042507389553046e-07,3.904477483228187e-07,3.904704193450378e-07,3.9049308696390123e-07,3.90515751180315e-07,3.905384119960872e-07,3.905610694110556e-07,3.905837234270583e-07,3.906063740450133e-07,3.906290212654754e-07,3.906516650953219e-07,3.906743055256125e-07,3.9069694257060686e-07,3.907195762156661e-07,3.9074220647046425e-07,3.9076483333253465e-07,3.907874568079819e-07,3.908100769011338e-07,3.908326935585647e-07,3.9085530687642315e-07,3.9087791681275567e-07,3.9090052336881194e-07,3.9092312655102793e-07,3.909457263408491e-07,3.909683227446161e-07,3.9099091577501447e-07,3.9101350543264083e-07,3.91036091705668e-07,3.910586746090548e-07,3.910812541403132e-07,3.911038302974234e-07,3.911264030833615e-07,3.9114897249910647e-07,3.911715385457716e-07,3.911941012233957e-07,3.9121666052975324e-07,3.912392165485741e-07,3.9126176912872723e-07,3.9128431835847095e-07,3.9130686424860976e-07,3.9132940674667274e-07,3.913519458813709e-07,3.913744816566532e-07,3.913970140756428e-07,3.9141954313651416e-07,3.9144206884139224e-07,3.9146459120660586e-07,3.914871102059132e-07,3.9150962582902376e-07,3.9153213812235194e-07,3.9155464706682164e-07,3.915771526630254e-07,3.915996549127308e-07,3.916221538152574e-07,3.9164464937246205e-07,3.9166714158842677e-07,3.916896304531848e-07,3.917121159813262e-07,3.9173459818278376e-07,3.917570770316783e-07,3.917795525420782e-07,3.9180202471518495e-07,3.9182449356118523e-07,3.9184695906053743e-07,3.918694212275824e-07,3.9189188006114576e-07,3.9191433557437253e-07,3.919367877455041e-07,3.919592365879319e-07,3.919816821017331e-07,3.9200412428899027e-07,3.9202656315001273e-07,3.9204899868526954e-07,3.9207143089605454e-07,3.920938597847421e-07,3.9211628541748355e-07,3.921387076849827e-07,3.921611266108755e-07,3.92183542220259e-07,3.9220595452651963e-07,3.92228363498759e-07,3.9225076916099996e-07,3.9227317149296525e-07,3.922955705136699e-07,3.9231796623811794e-07,3.923403586492173e-07,3.9236274775113777e-07,3.9238513354494633e-07,3.9240751603280256e-07,3.924298952133531e-07,3.9245227108902785e-07,3.92474643660897e-07,3.92497012931027e-07,3.9251937890236145e-07,3.925417415690852e-07,3.9256410093262135e-07,3.9258645697686166e-07,3.926088097473131e-07,3.9263115922333883e-07,3.926535054005408e-07,3.9267584828001884e-07,3.926981878668548e-07,3.927205241681436e-07,3.9274285718125933e-07,3.927651868996915e-07,3.9278751332998693e-07,3.9280983647364306e-07,3.9283215633279844e-07,3.928544728826568e-07,3.9287678617136154e-07,3.928990961787047e-07,3.929214029041362e-07,3.9294370634528093e-07,3.929660065108045e-07,3.929883033734334e-07,3.9301059695554617e-07,3.9303288728864316e-07,3.9305517433957023e-07,3.9307745811892e-07,3.930997386210337e-07,3.9312201585508454e-07,3.931442898198647e-07,3.931665605140623e-07,3.931888279401908e-07,3.9321109210332516e-07,3.932333529995868e-07,3.9325561062822065e-07,3.9327786499441776e-07,3.9330011610266077e-07,3.933223639421419e-07,3.9334460852138e-07,3.9336684984456235e-07,3.933890879048683e-07,3.9341132271144394e-07,3.934335542555752e-07,3.9345578253743407e-07,3.934780075714322e-07,3.9350022935465254e-07,3.9352244788507645e-07,3.935446631642668e-07,3.935668751930999e-07,3.9358908396858824e-07,3.93611289500265e-07,3.9363349178486155e-07,3.9365569082332585e-07,3.936778866173553e-07,3.937000791672946e-07,3.937222684744733e-07,3.9374445454013e-07,3.9376663736501703e-07,3.9378881695091516e-07,3.9381099329800774e-07,3.9383316640769524e-07,3.938553362816095e-07,3.938775029199074e-07,3.9389966632405914e-07,3.9392182649565533e-07,3.939439834352848e-07,3.939661371440361e-07,3.9398828762248576e-07,3.9401043487266893e-07,3.940325788951642e-07,3.9405471969105334e-07,3.9407685726139265e-07,3.940989916072531e-07,3.9412112272971346e-07,3.941432506298299e-07,3.941653753086715e-07,3.9418749676729764e-07,3.9420961500678544e-07,3.942317300281866e-07,3.94253841832572e-07,3.9427595042254634e-07,3.942980557960965e-07,3.943201579558152e-07,3.943422569027736e-07,3.9436435263802323e-07,3.943864451654865e-07,3.9440853448050863e-07,3.9443062058700907e-07,3.944527034860491e-07,3.9447478317868324e-07,3.944968596659726e-07,3.9451893292055827e-07,3.945410029718601e-07,3.945630698494649e-07,3.945851334862489e-07,3.9460719395273926e-07,3.9462925123267626e-07,3.946513052842416e-07,3.946733561376471e-07,3.9469540378968475e-07,3.9471744828448844e-07,3.947394895851268e-07,3.9476152769336614e-07,3.9478356260970744e-07,3.948055943350903e-07,3.9482762285888617e-07,3.948496482064625e-07,3.948716703666488e-07,3.9489368933976826e-07,3.9491570512790576e-07,3.949377177317384e-07,3.9495972715225e-07,3.949817333905384e-07,3.9500373644766187e-07,3.950257363245716e-07,3.950477330223663e-07,3.9506972654224123e-07,3.9509171686940203e-07,3.951137040089365e-07,3.95135687987889e-07,3.951576688062707e-07,3.9517964645158144e-07,3.9520162091125694e-07,3.952235921873303e-07,3.9524556029028426e-07,3.952675252548603e-07,3.9528948702378096e-07,3.953114456272648e-07,3.953334010770458e-07,3.9535535334945693e-07,3.9537730248809415e-07,3.953992484618629e-07,3.954211912743526e-07,3.9544313092643315e-07,3.954650674195057e-07,3.9548700074327377e-07,3.955089309216067e-07,3.955308579441832e-07,3.9555278180992395e-07,3.955747025207543e-07,3.955966200875911e-07,3.9561853450475315e-07,3.9564044575777435e-07,3.956623538719196e-07,3.956842588296641e-07,3.9570616063766253e-07,3.957280592839142e-07,3.957499547909461e-07,3.95771847158661e-07,3.9579373638545274e-07,3.958156224638937e-07,3.9583750539152365e-07,3.958593851786189e-07,3.95881261845658e-07,3.9590313536717744e-07,3.959250057468985e-07,3.9594687299456664e-07,3.959687371280572e-07,3.9599059808486046e-07,3.9601245592375954e-07,3.960343106145451e-07,3.9605616215448787e-07,3.960780105832936e-07,3.9609985592343004e-07,3.961216980858478e-07,3.9614353714828923e-07,3.961653730781923e-07,3.9618720591165105e-07,3.9620903558614994e-07,3.9623086215023887e-07,3.9625268559472615e-07,3.9627450590972304e-07,3.9629632309184217e-07,3.963181371699815e-07,3.963399481269751e-07,3.9636175598479285e-07,3.9638356069292356e-07,3.9640536231745296e-07,3.9642716078627885e-07,3.9644895617153365e-07,3.964707484273832e-07,3.9649253759370997e-07,3.965143236435434e-07,3.9653610658163363e-07,3.9655788642363035e-07,3.965796631535607e-07,3.966014367747105e-07,3.9662320729522386e-07,3.966449747062238e-07,3.9666673901184194e-07,3.9668850021130507e-07,3.967102583217551e-07,3.967320133232308e-07,3.967537652234044e-07,3.967755140248147e-07,3.9679725973167083e-07,3.96819002344031e-07,3.9684074188179495e-07,3.968624783340166e-07,3.968842116639756e-07,3.969059419151077e-07,3.9692766904445537e-07,3.96949393122449e-07,3.969711140834149e-07,3.9699283197261263e-07,3.970145467741399e-07,3.970362584839091e-07,3.970579671141113e-07,3.9707967265972615e-07,3.971013751229904e-07,3.97123074497187e-07,3.971447707904088e-07,3.971664640026135e-07,3.9718815413570405e-07,3.972098411966304e-07,3.9723152517507715e-07,3.9725320607742577e-07,3.9727488390335724e-07,3.972965586555203e-07,3.9731823033441316e-07,3.973398989413776e-07,3.973615644828476e-07,3.973832269460526e-07,3.9740488634244186e-07,3.9742654267026e-07,3.9744819593063967e-07,3.9746984612465895e-07,3.974914932538736e-07,3.9751313730652213e-07,3.975347782854816e-07,3.975564162253274e-07,3.9757805109914496e-07,3.9759968291689175e-07,3.976213116752466e-07,3.9764293737461866e-07,3.9766456001723717e-07,3.976861796167633e-07,3.977077961474462e-07,3.9772940963591605e-07,3.977510200701198e-07,3.97772627440603e-07,3.9779423176009366e-07,3.9781583302680507e-07,3.978374312469216e-07,3.978590264173572e-07,3.978806185402499e-07,3.9790220761665163e-07,3.979237936473653e-07,3.979453766302447e-07,3.9796695652476167e-07,3.979885334246084e-07,3.9801010724326365e-07,3.980316780606507e-07,3.980532458414409e-07,3.980748105937473e-07,3.9809637228049403e-07,3.9811793094798395e-07,3.981394865801862e-07,3.9816103915267597e-07,3.981825887159155e-07,3.9820413524227103e-07,3.982256787403979e-07,3.982472192078262e-07,3.982687566417565e-07,3.9829029104763454e-07,3.983118224235908e-07,3.9833335077657846e-07,3.983548761145575e-07,3.9837639841126203e-07,3.983979176984387e-07,3.984194339633355e-07,3.9844094721038653e-07,3.984624574187538e-07,3.984839646193814e-07,3.985054687888634e-07,3.9852696993812544e-07,3.985484681207862e-07,3.9856996323820454e-07,3.985914553055567e-07,3.986129444047887e-07,3.986344304894328e-07,3.9865591355020555e-07,3.986773936042659e-07,3.9869887064443465e-07,3.9872034467362904e-07,3.9874181569646093e-07,3.987632837095242e-07,3.987847487132737e-07,3.9880621071232567e-07,3.988276697052664e-07,3.9884912569328223e-07,3.9887057867953933e-07,3.9889202866435165e-07,3.9891347564811935e-07,3.9893491962968e-07,3.989563606131793e-07,3.989777985984522e-07,3.989992335864537e-07,3.9902066557864406e-07,3.9904209457496605e-07,3.9906352057687887e-07,3.9908494358533575e-07,3.9910636360128965e-07,3.991277806256927e-07,3.9914919465949695e-07,3.9917060570075053e-07,3.9919201375621043e-07,3.992134188317622e-07,3.9923482090828346e-07,3.9925622000175017e-07,3.9927761611192243e-07,3.992990092457131e-07,3.993203993873921e-07,3.993417865404494e-07,3.9936317074673886e-07,3.993845519388481e-07,3.9940593014345467e-07,3.994273053762043e-07,3.994486776412945e-07,3.9947004692945145e-07,3.9949141324274347e-07,3.99512776579673e-07,3.995341369451609e-07,3.995554943378081e-07,3.9957684875880455e-07,3.9959820021042e-07,3.9961954870650587e-07,3.9964089421536857e-07,3.996622367599546e-07,3.996835763383964e-07,3.997049129492034e-07,3.99726246595403e-07,3.997475772750044e-07,3.9976890499340694e-07,3.9979022975819046e-07,3.998115515529736e-07,3.9983287038740204e-07,3.998541862623993e-07,3.998754991788806e-07,3.9989680913778727e-07,3.9991811613383173e-07,3.99939420180483e-07,3.9996072127307793e-07,3.9998201940271634e-07,4.000033145848144e-07,4.000246068126523e-07,4.0004589609600613e-07,4.00067182413711e-07,4.0008846579372167e-07,4.0010974622825164e-07,4.0013102371547595e-07,4.001522982535016e-07,4.0017356984330335e-07,4.001948384941811e-07,4.002161042014618e-07,4.002373669660792e-07,4.002586267852889e-07,4.002798836680734e-07,4.003011376077753e-07,4.003223885983846e-07,4.0034363665853683e-07,4.0036488179635453e-07,4.0038612397989797e-07,4.004073632571845e-07,4.004285995446214e-07,4.0044983293084235e-07,4.004710634423088e-07,4.0049229096170766e-07,4.0051351555579133e-07,4.0053473719398556e-07,4.0055595589165393e-07,4.005771717206913e-07,4.005983846133742e-07,4.0061959458625856e-07,4.0064080161634296e-07,4.0066200572522724e-07,4.006832069078633e-07,4.007044051618611e-07,4.007256005062563e-07,4.007467929253244e-07,4.007679824283555e-07,4.00789169008809e-07,4.008103526746916e-07,4.0083153342016077e-07,4.008527112466156e-07,4.008738861579323e-07,4.008950581653844e-07,4.009162272519981e-07,4.009373934324025e-07,4.00958556683226e-07,4.0097971703930155e-07,4.010008744787814e-07,4.0102202901023457e-07,4.0104318063369975e-07,4.0106432933969346e-07,4.010854751566095e-07,4.0110661805004057e-07,4.0112775805202245e-07,4.011488951524902e-07,4.0117002935010914e-07,4.01191160647683e-07,4.012122890435346e-07,4.0123341454078294e-07,4.012545371399026e-07,4.012756568400885e-07,4.012967736446185e-07,4.013178875535793e-07,4.013389985664802e-07,4.013601066854145e-07,4.013812119119947e-07,4.014023142370534e-07,4.014234136799186e-07,4.014445102322443e-07,4.014656038952404e-07,4.014866946726097e-07,4.0150778255931407e-07,4.015288675606722e-07,4.0154994967438785e-07,4.0157102895967174e-07,4.015921053050948e-07,4.0161317875720457e-07,4.0163424933925034e-07,4.016553170370454e-07,4.016763818465426e-07,4.0169744378572173e-07,4.017185028452654e-07,4.017395590268069e-07
13,1.3580468983105304e-23,2.2663883925303948e-23,2.8739405110529925e-23,3.28030703627519e-23,3.5521088254331926e-23,3.733905819044043e-23,3.8555023213641644e-23,3.936833200840232e-23,3.9912320678318284e-23,4.0276172237409916e-23,4.051953752123839e-23,4.068231451062571e-23,4.079118931748907e-23,4.08640111801745e-23,4.0912718717186713e-23,4.094529717747695e-23,4.09670875643454e-23,4.098166225435977e-23,4.09914106626965e-23,4.0997930970505085e-23,4.10022921351637e-23,4.100520913812376e-23,4.10071602009555e-23,4.1008465186321154e-23,4.100933803714707e-23,4.1009921851023187e-23,4.1010312340017937e-23,4.101057352198281e-23,4.1010748215814664e-23,4.101086506130532e-23,4.101094321442954e-23,4.101099548782676e-23,4.1011030451343984e-23,4.1011053836996664e-23,4.101106947869411e-23,4.1011079940779814e-23,4.101108693843719e-23,4.1011091618880904e-23,4.1011094749436377e-23,4.101109684333581e-23,4.101109824385895e-23,4.101109918061072e-23,4.101109980716528e-23,4.101110022624208e-23,4.101110050654509e-23,4.101110069402792e-23,4.101110081942737e-23,4.101110090330181e-23,4.1011100959402115e-23,4.101110099692552e-23,4.1011101022023185e-23,4.101110103881015e-23,4.101110105003854e-23,4.10111010575482e-23,4.1011101062571416e-23,4.1011101065931044e-23,4.101110106817826e-23,4.101110106968108e-23,4.1011101070686395e-23,4.1011101071358807e-23,4.101110107180846e-23,4.101110107210966e-23,4.101110107231119e-23,4.1011101072445933e-23,4.1011101072536006e-23,4.1011101072595915e-23,4.1011101072636164e-23,4.101110107266318e-23,4.1011101072681214e-23,4.1011101072693404e-23,4.1011101072701644e-23,4.101110107270648e-23,4.1011101072710143e-23,4.1011101072712724e-23,4.101110107271408e-23,4.1011101072715045e-23,4.10111010727157e-23,4.101110107271618e-23,4.1011101072716473e-23,4.101110107271668e-23,4.1011101072717196e-23,4.1011101072717596e-23,4.1011101072717314e-23,4.1011101072717284e-23,4.101110107271709e-23,4.101110107271732e-23,4.1011101072717414e-23,4.1011101072717484e-23,4.1011101072717367e-23,4.101110107271733e-23,4.1011101072717655e-23,4.101110107271757e-23,4.101110107271778e-23,4.1011101072717696e-23,4.1011101072717467e-23,4.1011101072717226e-23,4.101110107271715e-23,4.101110107271721e-23,4.1011101072717496e-23,4.101110107271803e-23,4.101110107271804e-23,4.1011101072718237e-23,4.1011101072718354e-23,4.10111010727181e-23,4.101110107271801e-23,4.1011101072718054e-23,4.1011101072717755e-23,4.1011101072717825e-23,4.101110107271802e-23,4.10111010727178e-23,4.1011101072717555e-23,4.1011101072717666e-23,4.1011101072717954e-23,4.101110107271759e-23,4.101110107271779e-23,4.1011101072717937e-23,4.101110107271786e-23,4.101110107271778e-23,4.1011101072717625e-23,4.101110107271739e-23,4.1011101072717443e-23,4.1011101072717514e-23,4.101110107271768e-23,4.101110107271728e-23,4.1011101072717314e-23,4.1011101072717096e-23,4.101110107271746e-23,4.1011101072717496e-23,4.101110107271726e-23,4.1011101072717584e-23,4.101110107271778e-23,4.101110107271801e-23,4.101110107271808e-23,4.101110107271784e-23,4.1011101072717666e-23,4.101110107271802e-23,4.101110107271804e-23,4.101110107271778e-23,4.1011101072717496e-23,4.1011101072717425e-23,4.1011101072717414e-23,4.101110107271745e-23,4.101110107271735e-23,4.1011101072717296e-23,4.1011101072717255e-23,4.1011101072717296e-23,4.1011101072716944e-23,4.101110107271698e-23,4.1011101072717196e-23,4.1011101072717255e-23,4.1011101072717314e-23,4.101110107271732e-23,4.101110107271716e-23,4.1011101072717414e-23,4.1011101072717655e-23,4.101110107271812e-23,4.1011101072718137e-23,4.1011101072718113e-23,4.1011101072718054e-23,4.101110107271849e-23,4.101110107271865e-23,4.10111010727186e-23,4.1011101072718754e-23,4.1011101072719e-23,4.1011101072719165e-23,4.1011101072719036e-23,4.101110107271888e-23,4.101110107271867e-23,4.10111010727183e-23,4.1011101072718066e-23,4.101110107271773e-23,4.101110107271786e-23,4.101110107271785e-23,4.1011101072717896e-23,4.101110107271785e-23,4.101110107271801e-23,4.1011101072717813e-23,4.101110107271779e-23,4.101110107271762e-23,4.1011101072717367e-23,4.1011101072716914e-23,4.101110107271723e-23,4.101110107271702e-23,4.101110107271715e-23,4.101110107271717e-23,4.1011101072717255e-23,4.101110107271723e-23,4.1011101072717185e-23,4.1011101072717314e-23,4.1011101072717243e-23,4.1011101072717467e-23,4.1011101072717766e-23,4.101110107271766e-23,4.1011101072717684e-23,4.1011101072717766e-23,4.1011101072717984e-23,4.101110107271788e-23,4.101110107271766e-23,4.101110107271756e-23,4.1011101072717596e-23,4.101110107271732e-23,4.1011101072717196e-23,4.101110107271744e-23,4.1011101072717196e-23,4.1011101072717267e-23,4.101110107271754e-23,4.101110107271735e-23,4.101110107271741e-23,4.1011101072717425e-23,4.101110107271744e-23,4.1011101072717666e-23,4.1011101072717684e-23,4.101110107271766e-23,4.1011101072717467e-23,4.1011101072717443e-23,4.101110107271766e-23,4.1011101072717625e-23,4.101110107271766e-23,4.101110107271748e-23,4.1011101072717684e-23,4.1011101072717666e-23,4.1011101072717555e-23,4.1011101072717666e-23,4.1011101072717766e-23,4.1011101072717713e-23,4.1011101072717555e-23,4.101110107271741e-23,4.1011101072717196e-23,4.101110107271716e-23,4.1011101072717114e-23,4.101110107271709e-23,4.1011101072717555e-23,4.101110107271763e-23,4.101110107271755e-23,4.101110107271738e-23,4.101110107271746e-23,4.101110107271732e-23,4.101110107271731e-23,4.1011101072717713e-23,4.1011101072717666e-23,4.101110107271762e-23,4.1011101072717114e-23,4.101110107271676e-23,4.101110107271681e-23,4.101110107271702e-23,4.101110107271726e-23,4.101110107271738e-23,4.10111010727174e-23,4.101110107271754e-23,4.101110107271768e-23,4.101110107271766e-23,4.101110107271732e-23,4.101110107271744e-23,4.101110107271738e-23,4.101110107271754e-23,4.101110107271763e-23,4.101110107271762e-23,4.10111010727178e-23,4.1011101072717666e-23,4.1011101072717643e-23,4.1011101072717425e-23,4.101110107271744e-23,4.1011101072717026e-23,4.101110107271707e-23,4.101110107271702e-23,4.1011101072717267e-23,4.1011101072717596e-23,4.1011101072717937e-23,4.1011101072717996e-23,4.10111010727179e-23,4.101110107271781e-23,4.1011101072717684e-23,4.1011101072717496e-23,4.1011101072717467e-23,4.1011101072717737e-23,4.101110107271772e-23,4.101110107271784e-23,4.101110107271797e-23,4.1011101072718113e-23,4.101110107271839e-23,4.1011101072718483e-23,4.101110107271854e-23,4.101110107271832e-23,4.101110107271845e-23,4.1011101072718554e-23,4.1011101072718724e-23,4.101110107271896e-23,4.101110107271882e-23,4.101110107271867e-23,4.1011101072718783e-23,4.101110107271872e-23,4.1011101072718924e-23,4.101110107271924e-23,4.101110107271912e-23,4.1011101072718965e-23,4.101110107271867e-23,4.101110107271801e-23,4.101110107271762e-23,4.101110107271773e-23,4.1011101072718066e-23,4.101110107271805e-23,4.1011101072717713e-23,4.101110107271768e-23,4.101110107271788e-23,4.10111010727182e-23,4.10111010727182e-23,4.101110107271808e-23,4.101110107271809e-23,4.10111010727182e-23,4.1011101072718237e-23,4.101110107271845e-23,4.101110107271877e-23,4.101110107271876e-23,4.1011101072718954e-23,4.101110107271888e-23,4.1011101072718924e-23,4.1011101072719095e-23,4.101110107271912e-23,4.1011101072719177e-23,4.101110107271912e-23,4.101110107271891e-23,4.101110107271845e-23,4.101110107271858e-23,4.1011101072718237e-23,4.1011101072717813e-23,4.101110107271785e-23,4.101110107271797e-23,4.101110107271785e-23,4.1011101072717813e-23,4.1011101072717655e-23,4.101110107271738e-23,4.101110107271746e-23,4.101110107271756e-23,4.101110107271744e-23,4.1011101072717643e-23,4.1011101072717584e-23,4.1011101072717314e-23,4.1011101072717267e-23,4.1011101072716944e-23,4.1011101072716697e-23,4.101110107271674e-23,4.1011101072716955e-23,4.101110107271692e-23,4.101110107271716e-23,4.101110107271752e-23,4.1011101072717766e-23,4.101110107271795e-23,4.1011101072717696e-23,4.101110107271777e-23,4.101110107271784e-23,4.1011101072717813e-23,4.10111010727177e-23,4.101110107271774e-23,4.10111010727177e-23,4.1011101072717584e-23,4.1011101072717584e-23,4.1011101072717625e-23,4.101110107271768e-23,4.101110107271741e-23,4.1011101072717343e-23,4.101110107271744e-23,4.1011101072717625e-23,4.1011101072717443e-23,4.1011101072717514e-23,4.1011101072717414e-23,4.101110107271752e-23,4.1011101072717467e-23,4.101110107271726e-23,4.1011101072717043e-23,4.101110107271706e-23,4.101110107271707e-23,4.101110107271723e-23,4.101110107271702e-23,4.101110107271715e-23,4.101110107271714e-23,4.1011101072717467e-23,4.1011101072717643e-23,4.1011101072717666e-23,4.101110107271796e-23,4.101110107271842e-23,4.1011101072718113e-23,4.101110107271809e-23,4.1011101072717884e-23,4.101110107271754e-23,4.101110107271792e-23,4.1011101072717684e-23,4.10111010727178e-23,4.101110107271778e-23,4.101110107271761e-23,4.1011101072717355e-23,4.101110107271704e-23,4.1011101072717185e-23,4.101110107271709e-23,4.1011101072717196e-23,4.1011101072717226e-23,4.1011101072717096e-23,4.101110107271714e-23,4.101110107271717e-23,4.101110107271738e-23,4.1011101072717496e-23,4.101110107271773e-23,4.101110107271773e-23,4.1011101072717355e-23,4.1011101072717367e-23,4.101110107271739e-23,4.1011101072717343e-23,4.101110107271741e-23,4.101110107271755e-23,4.1011101072717267e-23,4.101110107271722e-23,4.101110107271701e-23,4.1011101072717026e-23,4.101110107271735e-23,4.101110107271744e-23,4.101110107271739e-23,4.1011101072717684e-23,4.10111010727175e-23,4.1011101072717555e-23,4.101110107271781e-23,4.101110107271762e-23,4.1011101072717596e-23,4.1011101072717196e-23,4.1011101072717255e-23,4.101110107271716e-23,4.101110107271735e-23,4.1011101072717443e-23,4.101110107271741e-23,4.1011101072717243e-23,4.1011101072717314e-23,4.1011101072717255e-23,4.1011101072717255e-23,4.1011101072717443e-23,4.101110107271763e-23,4.1011101072717425e-23,4.101110107271766e-23,4.1011101072717755e-23,4.101110107271759e-23,4.101110107271741e-23,4.101110107271753e-23,4.1011101072717355e-23,4.101110107271708e-23,4.101110107271733e-23,4.101110107271739e-23,4.1011101072717514e-23,4.101110107271739e-23,4.101110107271738e-23,4.101110107271753e-23,4.101110107271733e-23,4.1011101072717296e-23,4.101110107271732e-23,4.1011101072717355e-23,4.101110107271757e-23,4.1011101072717314e-23,4.101110107271732e-23,4.1011101072717255e-23,4.101110107271731e-23,4.1011101072717243e-23,4.101110107271726e-23,4.101110107271744e-23,4.1011101072717467e-23,4.1011101072717355e-23,4.1011101072717314e-23,4.101110107271716e-23,4.101110107271774e-23,4.101110107271761e-23,4.1011101072717737e-23,4.101110107271766e-23,4.1011101072717414e-23,4.1011101072717425e-23,4.101110107271746e-23,4.1011101072717496e-23,4.101110107271762e-23,4.1011101072717684e-23,4.101110107271741e-23,4.101110107271757e-23,4.1011101072717514e-23,4.1011101072717655e-23,4.101110107271728e-23,4.101110107271735e-23,4.1011101072717425e-23,4.101110107271745e-23,4.1011101072717343e-23,4.101110107271772e-23,4.1011101072717984e-23,4.1011101072718054e-23,4.101110107271786e-23,4.101110107271774e-23,4.1011101072717737e-23,4.1011101072717813e-23,4.1011101072717443e-23,4.1011101072717596e-23,4.101110107271753e-23,4.101110107271786e-23,4.101110107271799e-23,4.101110107271766e-23,4.1011101072717766e-23,4.1011101072717625e-23,4.1011101072717484e-23,4.10111010727177e-23,4.101110107271768e-23,4.101110107271738e-23,4.1011101072717655e-23,4.101110107271741e-23,4.1011101072717185e-23,4.101110107271714e-23,4.101110107271702e-23,4.1011101072717226e-23,4.1011101072717284e-23,4.1011101072717284e-23,4.101110107271735e-23,4.1011101072717284e-23,4.101110107271738e-23,4.101110107271763e-23,4.101110107271781e-23,4.1011101072717755e-23,4.10111010727178e-23,4.101110107271759e-23,4.101110107271752e-23,4.1011101072717096e-23,4.1011101072717096e-23,4.101110107271714e-23,4.101110107271709e-23,4.1011101072717126e-23,4.1011101072717355e-23,4.101110107271738e-23,4.101110107271745e-23,4.1011101072717367e-23,4.1011101072717196e-23,4.101110107271695e-23,4.1011101072717114e-23,4.101110107271739e-23,4.10111010727178e-23,4.101110107271843e-23,4.101110107271872e-23,4.1011101072719e-23,4.101110107271896e-23,4.101110107271883e-23,4.101110107271858e-23,4.1011101072718483e-23,4.101110107271848e-23,4.101110107271852e-23,4.1011101072718266e-23,4.1011101072717884e-23,4.101110107271797e-23,4.1011101072717625e-23,4.101110107271777e-23,4.101110107271759e-23,4.101110107271754e-23,4.101110107271778e-23,4.1011101072717866e-23,4.10111010727178e-23,4.101110107271777e-23,4.101110107271766e-23,4.101110107271748e-23,4.101110107271716e-23,4.101110107271717e-23,4.1011101072717096e-23,4.1011101072717096e-23,4.1011101072717484e-23,4.1011101072717584e-23,4.1011101072717625e-23,4.10111010727178e-23,4.101110107271795e-23,4.1011101072717837e-23,4.101110107271772e-23,4.1011101072717755e-23,4.1011101072717425e-23,4.101110107271752e-23,4.1011101072717737e-23,4.101110107271802e-23,4.101110107271781e-23,4.1011101072717825e-23,4.101110107271788e-23,4.10111010727179e-23,4.1011101072717937e-23,4.10111010727177e-23,4.1011101072717443e-23,4.101110107271728e-23,4.1011101072717684e-23,4.1011101072717596e-23,4.1011101072717896e-23,4.101110107271763e-23,4.101110107271761e-23,4.101110107271745e-23,4.101110107271754e-23,4.101110107271733e-23,4.1011101072717425e-23,4.1011101072717343e-23,4.101110107271702e-23,4.1011101072716826e-23,4.1011101072717126e-23,4.1011101072717114e-23,4.101110107271738e-23,4.1011101072717414e-23,4.101110107271739e-23,4.101110107271761e-23,4.101110107271754e-23,4.1011101072717443e-23,4.101110107271741e-23,4.1011101072717414e-23,4.101110107271741e-23,4.1011101072717425e-23,4.101110107271744e-23,4.101110107271709e-23,4.1011101072717255e-23,4.101110107271739e-23,4.1011101072717e-23,4.101110107271704e-23,4.101110107271717e-23,4.101110107271722e-23,4.101110107271716e-23,4.101110107271692e-23,4.101110107271702e-23,4.101110107271702e-23,4.1011101072717255e-23,4.101110107271717e-23,4.1011101072717355e-23,4.101110107271768e-23,4.101110107271759e-23,4.1011101072717514e-23,4.1011101072717255e-23,4.1011101072717367e-23,4.101110107271721e-23,4.101110107271728e-23,4.1011101072717655e-23,4.101110107271762e-23,4.1011101072717443e-23,4.1011101072717496e-23,4.101110107271773e-23,4.101110107271739e-23,4.10111010727175e-23,4.1011101072717484e-23,4.101110107271731e-23,4.1011101072717666e-23,4.101110107271778e-23,4.101110107271792e-23,4.1011101072717954e-23,4.101110107271801e-23,4.101110107271781e-23,4.1011101072717514e-23,4.1011101072717226e-23,4.1011101072717467e-23,4.1011101072717696e-23,4.101110107271772e-23,4.1011101072717496e-23,4.1011101072717367e-23,4.101110107271707e-23,4.101110107271723e-23,4.1011101072717055e-23,4.101110107271715e-23,4.101110107271735e-23,4.101110107271715e-23,4.101110107271716e-23,4.1011101072717443e-23,4.1011101072717625e-23,4.1011101072717666e-23,4.10111010727177e-23,4.1011101072717866e-23,4.101110107271774e-23,4.1011101072717766e-23,4.1011101072717655e-23,4.101110107271754e-23,4.101110107271739e-23,4.1011101072717467e-23,4.101110107271766e-23,4.1011101072717813e-23,4.1011101072717666e-23,4.10111010727175e-23,4.1011101072717643e-23,4.1011101072717643e-23,4.1011101072717367e-23,4.101110107271726e-23,4.1011101072717114e-23,4.1011101072717314e-23,4.101110107271731e-23,4.1011101072717414e-23,4.101110107271762e-23,4.1011101072717625e-23,4.1011101072717467e-23,4.1011101072717467e-23,4.101110107271754e-23,4.1011101072717737e-23,4.1011101072717484e-23,4.101110107271761e-23,4.1011101072717755e-23,4.10111010727177e-23,4.101110107271733e-23,4.1011101072717355e-23,4.101110107271756e-23,4.101110107271759e-23,4.101110107271744e-23,4.1011101072717484e-23,4.1011101072717296e-23,4.1011101072717367e-23,4.101110107271754e-23,4.101110107271774e-23,4.1011101072717467e-23,4.1011101072717625e-23,4.1011101072717555e-23,4.1011101072717655e-23,4.10111010727178e-23,4.10111010727179e-23,4.101110107271774e-23,4.101110107271803e-23,4.101110107271761e-23,4.10111010727177e-23,4.1011101072717655e-23,4.101110107271792e-23,4.101110107271777e-23,4.1011101072717343e-23,4.101110107271759e-23,4.1011101072717696e-23,4.101110107271745e-23,4.101110107271732e-23,4.1011101072717655e-23,4.101110107271745e-23,4.101110107271733e-23,4.1011101072717355e-23,4.1011101072717467e-23,4.10111010727174e-23,4.1011101072717584e-23,4.1011101072717425e-23,4.101110107271722e-23,4.101110107271726e-23,4.101110107271733e-23,4.101110107271731e-23,4.1011101072717243e-23,4.1011101072717355e-23,4.101110107271731e-23,4.1011101072717226e-23,4.1011101072717284e-23,4.1011101072717267e-23,4.1011101072717655e-23,4.1011101072717913e-23,4.101110107271818e-23,4.101110107271809e-23,4.1011101072717984e-23,4.1011101072718054e-23,4.101110107271809e-23,4.101110107271836e-23,4.101110107271826e-23,4.101110107271792e-23,4.101110107271796e-23,4.101110107271795e-23,4.1011101072717696e-23,4.101110107271757e-23,4.101110107271763e-23,4.101110107271738e-23,4.1011101072717355e-23,4.1011101072717555e-23,4.1011101072717643e-23,4.1011101072717367e-23,4.101110107271759e-23,4.101110107271754e-23,4.1011101072717296e-23,4.101110107271755e-23,4.1011101072717467e-23,4.1011101072717414e-23,4.1011101072717284e-23,4.1011101072717596e-23,4.1011101072717937e-23,4.101110107271778e-23,4.101110107271759e-23,4.1011101072717766e-23,4.101110107271768e-23,4.101110107271773e-23,4.1011101072717684e-23,4.101110107271786e-23,4.101110107271796e-23,4.1011101072717696e-23,4.101110107271774e-23,4.101110107271757e-23,4.1011101072717643e-23,4.101110107271766e-23,4.1011101072717555e-23,4.1011101072717414e-23,4.1011101072717314e-23,4.101110107271702e-23,4.1011101072716844e-23,4.1011101072717026e-23,4.101110107271738e-23,4.1011101072717467e-23,4.101110107271759e-23,4.101110107271732e-23,4.101110107271738e-23,4.101110107271739e-23,4.10111010727175e-23,4.101110107271756e-23,4.1011101072717467e-23,4.101110107271723e-23,4.101110107271722e-23,4.1011101072717196e-23,4.1011101072717226e-23,4.1011101072717367e-23,4.1011101072717185e-23,4.1011101072717296e-23,4.1011101072717296e-23,4.101110107271738e-23,4.1011101072717196e-23,4.101110107271732e-23,4.1011101072717625e-23,4.1011101072717755e-23,4.101110107271774e-23,4.101110107271756e-23,4.1011101072717643e-23,4.1011101072717666e-23,4.1011101072717267e-23,4.101110107271738e-23,4.1011101072717443e-23,4.1011101072717467e-23,4.101110107271753e-23,4.1011101072717625e-23,4.101110107271778e-23,4.1011101072717584e-23,4.1011101072717467e-23,4.101110107271754e-23,4.1011101072717425e-23,4.1011101072717414e-23,4.1011101072717226e-23,4.101110107271746e-23,4.1011101072717737e-23,4.101110107271772e-23,4.101110107271761e-23,4.101110107271781e-23,4.1011101072717625e-23,4.101110107271763e-23,4.1011101072717684e-23,4.1011101072717555e-23,4.1011101072717737e-23,4.10111010727175e-23,4.1011101072717896e-23,4.1011101072717996e-23,4.101110107271814e-23,4.101110107271858e-23,4.1011101072718595e-23,4.101110107271842e-23,4.101110107271837e-23,4.101110107271837e-23,4.1011101072717984e-23,4.101110107271777e-23,4.1011101072717755e-23,4.1011101072717766e-23,4.1011101072717696e-23,4.101110107271756e-23,4.1011101072717314e-23,4.101110107271698e-23,4.101110107271707e-23,4.1011101072717296e-23,4.10111010727174e-23,4.1011101072717555e-23,4.1011101072717655e-23,4.101110107271781e-23,4.101110107271784e-23,4.10111010727179e-23,4.1011101072717643e-23,4.101110107271731e-23,4.101110107271723e-23,4.1011101072717196e-23,4.1011101072717055e-23,4.1011101072717443e-23,4.101110107271763e-23,4.1011101072717937e-23,4.101110107271785e-23,4.101110107271786e-23,4.10111010727179e-23,4.101110107271792e-23,4.1011101072717937e-23,4.101110107271784e-23,4.10111010727178e-23,4.101110107271754e-23,4.10111010727175e-23,4.101110107271754e-23,4.1011101072717666e-23,4.101110107271785e-23,4.101110107271772e-23,4.1011101072717284e-23,4.101110107271706e-23,4.1011101072717185e-23,4.1011101072717484e-23,4.101110107271759e-23,4.101110107271753e-23,4.101110107271768e-23,4.101110107271759e-23,4.101110107271753e-23,4.101110107271723e-23,4.101110107271726e-23,4.1011101072717126e-23,4.101110107271716e-23,4.1011101072716785e-23,4.1011101072716714e-23,4.101110107271693e-23,4.101110107271677e-23,4.1011101072716785e-23,4.1011101072716955e-23,4.1011101072716955e-23,4.1011101072716944e-23,4.101110107271733e-23,4.1011101072717684e-23,4.1011101072717655e-23,4.1011101072717737e-23,4.101110107271766e-23,4.101110107271744e-23,4.101110107271717e-23,4.101110107271738e-23,4.101110107271728e-23,4.1011101072717467e-23,4.1011101072717596e-23,4.1011101072717596e-23,4.1011101072717696e-23,4.101110107271778e-23,4.101110107271754e-23,4.1011101072717296e-23,4.101110107271714e-23,4.101110107271716e-23,4.1011101072717314e-23,4.101110107271722e-23,4.101110107271738e-23,4.1011101072717514e-23,4.101110107271761e-23,4.101110107271754e-23,4.10111010727174e-23,4.101110107271722e-23,4.1011101072717514e-23,4.101110107271754e-23,4.1011101072717684e-23,4.1011101072717484e-23,4.10111010727174e-23,4.101110107271721e-23,4.101110107271754e-23,4.101110107271763e-23,4.101110107271757e-23,4.1011101072717355e-23,4.1011101072717367e-23,4.101110107271755e-23,4.101110107271781e-23,4.1011101072717984e-23,4.1011101072718466e-23,4.101110107271844e-23,4.101110107271827e-23,4.101110107271797e-23,4.1011101072717937e-23,4.101110107271814e-23,4.1011101072718284e-23,4.101110107271814e-23,4.101110107271812e-23,4.10111010727178e-23,4.101110107271781e-23,4.1011101072717866e-23,4.1011101072717866e-23,4.101110107271752e-23,4.101110107271774e-23,4.1011101072717666e-23,4.101110107271744e-23,4.101110107271768e-23,4.1011101072717866e-23,4.101110107271762e-23,4.1011101072717596e-23,4.10111010727174e-23,4.1011101072717314e-23,4.1011101072717496e-23,4.1011101072717766e-23,4.1011101072717737e-23,4.1011101072717684e-23,4.10111010727181e-23,4.101110107271808e-23,4.1011101072718084e-23,4.101110107271802e-23,4.101110107271772e-23,4.101110107271766e-23,4.101110107271757e-23,4.101110107271754e-23,4.101110107271784e-23,4.1011101072717713e-23,4.101110107271772e-23,4.1011101072717766e-23,4.1011101072717884e-23,4.1011101072717737e-23,4.1011101072717467e-23,4.1011101072717314e-23,4.101110107271739e-23,4.101110107271723e-23,4.1011101072717196e-23,4.1011101072717243e-23,4.101110107271713e-23,4.1011101072717196e-23,4.101110107271733e-23,4.101110107271702e-23,4.1011101072717026e-23,4.101110107271699e-23,4.1011101072717026e-23,4.101110107271702e-23,4.1011101072717467e-23,4.101110107271766e-23,4.101110107271761e-23,4.1011101072717737e-23,4.1011101072717737e-23,4.10111010727175e-23,4.1011101072717484e-23,4.1011101072717284e-23,4.101110107271738e-23,1.880643451748458e-21,2.988536724664464e-21,3.7514910340241436e-21,4.369865344922528e-21,4.94936184918861e-21,5.5484956767995416e-21,6.2031007774120554e-21,6.939055337751045e-21,7.779048606458057e-21,8.74641476492863e-21,9.867622170750258e-21,1.1174265859606458e-20,1.2704999278564564e-20,1.4507926072525412e-20,1.6643392923034614e-20,1.918787517977884e-20,2.223910894916201e-20,2.5923131697292122e-20,3.0404032077353454e-20,3.589765372083031e-20,4.2691021324334346e-20,5.117042837650964e-20,6.186251609692234e-20,7.549545083220756e-20,9.309164950711086e-20,1.1611108010619114e-19,1.4667784563569822e-19,1.8794649687363814e-19,2.4471084139102243e-19,3.2444556840717244e-19,4.391484014009823e-19,6.087218616712592e-19,8.674503504896186e-19,1.277024451505762e-18,1.954249067312075e-18,3.1340150205747166e-18,5.324081909647711e-18,9.72321504590556e-18,1.948947236391272e-17,4.4187255360854983e-17,1.1855961125226513e-16,4.035384387862795e-16,1.9344727145985376e-15,1.4875268560483384e-14,1.9147727011086697e-13,3.1905560009595822e-12,4.405804797113106e-11,3.8833675379070516e-10,2.141487549829352e-09,8.012288433963639e-09,2.22909263023919e-08,4.968581542342608e-08,9.377532098250867e-08,1.5597652004906764e-07,2.35348756513918e-07,3.290461201083948e-07,4.330715645871159e-07,5.430440860301638e-07,6.548069762281604e-07,7.64791500949918e-07,8.7009921320653e-07,9.683589380691457e-07,1.0575937517340872e-06,1.136310170584633e-06,1.203679747071966e-06,1.2595781561619903e-06,1.3044596755240484e-06,1.3391679772711723e-06,1.3647604385192398e-06,1.382374043668871e-06,1.3931332052227613e-06,1.3980876825098137e-06,1.3981402771659624e-06,1.3420716453493051e-06,1.3466615911985135e-06,1.3532813249636252e-06,1.3601649070724065e-06,1.3672210193117004e-06,1.3744326267896277e-06,1.3817778216201877e-06,1.3892267393305244e-06,1.3967469849551231e-06,1.404307506897792e-06,1.4118802559758089e-06,1.4194405593188045e-06,1.4269669443030277e-06,1.4344407898626866e-06,1.4418459615634712e-06,1.4491684828502968e-06,1.4563962533171882e-06,1.463518810755184e-06,1.47052713024903e-06,1.4774134536813612e-06,1.4841711440340743e-06,1.4907945599787564e-06,1.4972789471833318e-06,1.5036203435027343e-06,1.509815495796379e-06,1.5158617865590524e-06,1.5217571688962818e-06,1.5275001086457745e-06,1.5330895326580801e-06,1.5385247824195882e-06,1.543805572335263e-06,1.5489319520980927e-06,1.5539042726609346e-06,1.5587231553978391e-06,1.563389464102831e-06,1.567904279521805e-06,1.5722688761555622e-06,1.5764847011050735e-06,1.5805533547594948e-06,1.5844765731518341e-06,1.5882562118272096e-06,1.591894231087197e-06,1.595392682488053e-06,1.5987536964841996e-06,1.601979471119482e-06,1.6050722616783859e-06,1.6080343712183225e-06,1.610868141911086e-06,1.6135759471289845e-06,1.6161601842160979e-06,1.618623267891128e-06,1.6209676242325636e-06,1.6231956852007372e-06,1.6253098836558664e-06,1.627312648833815e-06,1.6292064022445697e-06,1.6309935539613197e-06,1.6326764992701155e-06,1.6342576156531133e-06,1.6357392600794013e-06,1.637123766580247e-06,1.6384134440869578e-06,1.639610574510919e-06,1.6407174110474933e-06,1.6417361766859152e-06,1.6426690629095192e-06,1.6435182285710201e-06,1.6442857989290582e-06,1.6449738648331363e-06,1.6455844820449215e-06,1.646119670684633e-06,1.6465814147924846e-06,1.6469716619952718e-06,1.6472923232692393e-06,1.6475452727912076e-06,1.6477323478696539e-06,1.6478553489493236e-06,1.6479160396822605e-06,1.6479161470592014e-06,1.647857361595633e-06,1.6477413375674016e-06,1.6475696932906625e-06,1.6473440114417935e-06,1.6470658394131502e-06,1.6467366897005694e-06,1.6463580403191854e-06,1.645931335244122e-06,1.64545798487313e-06,1.64493936650822e-06,1.6443768248536598e-06,1.6437716725280314e-06,1.6431251905881438e-06,1.642438629062542e-06,1.6417132074931293e-06,1.640950115482799e-06,1.640150513247758e-06,1.6393155321730058e-06,1.638446275369663e-06,1.637543818233015e-06,1.6366092090000764e-06,1.635643469305779e-06,1.634647594736865e-06,1.6336225553826119e-06,1.6325692963817578e-06,1.6314887384649135e-06,1.6303817784918427e-06,1.6292492899831778e-06,1.6280921236459683e-06,1.6269111078928934e-06,1.6257070493543444e-06,1.6244807333835244e-06,1.6232329245541634e-06,1.6219643671502532e-06,1.6206757856480744e-06,1.6193678851902391e-06,1.618041352051349e-06,1.6166968540954677e-06,1.6153350412251786e-06,1.6139565458221536e-06,1.6125619831792829e-06,1.6111519519242985e-06,1.6097270344348564e-06,1.608287797245145e-06,1.6068347914440353e-06,1.605368553064755e-06,1.60388960346628e-06,1.602398449706437e-06,1.600895584906588e-06,1.5993814886083844e-06,1.5978566271224849e-06,1.5963214538689038e-06,1.5947764097102664e-06,1.5932219232765305e-06,1.5916584112825877e-06,1.5900862788381165e-06,1.588505919750152e-06,1.5869177168183544e-06,1.5853220421230832e-06,1.5837192573065567e-06,1.5821097138470453e-06,1.5804937533262674e-06,1.5788717076903052e-06,1.5772438995039336e-06,1.5756106421984565e-06,1.5739722403136728e-06,1.5723289897332156e-06,1.5706811779145091e-06,1.5690290841122911e-06,1.5673729795969437e-06,1.5657131278668166e-06,1.5640497848554242e-06,1.562383199132973e-06,1.5607136121029628e-06,1.5590412581935678e-06,1.5573663650439836e-06,1.555689153686073e-06,1.5540098387210207e-06,1.5523286284917139e-06,1.550645725250216e-06,1.5489613253212147e-06,1.547275619260776e-06,1.5455887920113253e-06,1.5439010230521981e-06,1.5422124865463964e-06,1.5405233514833973e-06,1.53883378181822e-06,1.537143936606656e-06,1.5354539701371847e-06,1.5337640320591212e-06,1.5320742675074448e-06,1.5303848172243435e-06,1.5286958176774932e-06,1.5270074011751084e-06,1.525319695978092e-06,1.523632826409005e-06,1.5219469129582165e-06,1.5202620723872865e-06,1.5185784178293703e-06,1.5168960588871746e-06,1.5152151017282285e-06,1.5135356491773859e-06,1.5118578008072778e-06,1.510181653025973e-06,1.5085072991623008e-06,1.5068348295492845e-06,1.5051643316048877e-06,1.5034958923087795e-06,1.5018295889751765e-06,1.5001655026348644e-06,1.4985037099760822e-06,1.4968442850192842e-06,1.4951872992850898e-06,1.4935328218805559e-06,1.491880919569691e-06,1.4902316568383536e-06,1.4885850959564324e-06,1.4869412970380645e-06,1.4853003181001022e-06,1.4836622151190042e-06,1.4820270420862612e-06,1.4803948510622104e-06,1.4787656922285725e-06,1.4771396139394805e-06,1.4755166627711553e-06,1.4738968835703081e-06,1.4722803195012321e-06,1.4706670120916e-06,1.469057001277075e-06,1.4674503254447908e-06,1.4658470214755597e-06,1.464247124785064e-06,1.4626506693638626e-06,1.461057687816409e-06,1.459468211399063e-06,1.4578822700568968e-06,1.4562998924597809e-06,1.4547211060374083e-06,1.4531459370133048e-06,1.4515744104380472e-06,1.4500065502216536e-06,1.4484423791648507e-06,1.4468819189898873e-06,1.4453251903702468e-06,1.4437722129597286e-06,1.4422230054206123e-06,1.440677585451299e-06,1.43913596981299e-06,1.4375981743558584e-06,1.4360642140443696e-06,1.4345341029820856e-06,1.4330078544356729e-06,1.4314854808583858e-06,1.4299669939128706e-06,1.428452404493422e-06,1.4269417227475947e-06,1.4254349580973219e-06,1.4239321192593536e-06,1.422433214265374e-06,1.4209382504812975e-06,1.4194472346263673e-06,1.4179601727915434e-06,1.4164770704574333e-06,1.414997932511865e-06,1.4135227632669102e-06,1.4120515664754134e-06,1.4105843453472434e-06,1.4091211025649986e-06,1.4076618402993062e-06,1.4062065602237915e-06,1.4047552635295749e-06,1.4033079509394985e-06,1.4018646227218104e-06,1.4004252787036527e-06,1.3989899182841604e-06,1.397558540447147e-06,1.3961311437735571e-06,1.3947077264535002e-06,1.3932882862980164e-06,1.3918728207506044e-06,1.3904613268982687e-06,1.3890538014824892e-06,1.3876502409097608e-06,1.386250641261882e-06,1.3848549983060486e-06,1.3834633075045876e-06,1.3820755640244883e-06,1.380691762746697e-06,1.3793118982751058e-06,1.3779359649454334e-06,1.3765639568337125e-06,1.37519586776465e-06,1.3738316913197922e-06,1.372471420845349e-06,1.3711150494600468e-06,1.3697625700624926e-06,1.3684139753385928e-06,1.3670692577686047e-06,1.3657284096340435e-06,1.364391423024532e-06,1.3630582898443175e-06,1.3617290018186653e-06,1.3604035505001138e-06,1.3590819272745357e-06,1.3577641233670718e-06,1.3564501298478964e-06,1.3551399376377365e-06,1.3538335375134244e-06,1.3525309201132224e-06,1.351232075941921e-06,1.3499369953759133e-06,1.3486456686681529e-06,1.3473580859528148e-06,1.346074237250087e-06,1.344794112470612e-06,1.3435177014198987e-06,1.3422449938026367e-06,1.340975979226846e-06,1.3397106472080288e-06,1.3384489871729962e-06,1.337190988463844e-06,1.3359366403416085e-06,1.3346859319899859e-06,1.3334388525188817e-06,1.3321953909678276e-06,1.3309555363093757e-06,1.3297192774523496e-06,1.3284866032450819e-06,1.327257502478506e-06,1.3260319638891005e-06,1.3248099761619218e-06,1.3235915279334091e-06,1.3223766077941787e-06,1.3211652042917365e-06,1.3199573059330969e-06,1.3187529011873513e-06,1.3175519784881686e-06,1.31635452623613e-06,1.3151605328012471e-06,1.3139699865251024e-06,1.3127828757231713e-06,1.3115991886869212e-06,1.3104189136859676e-06,1.3092420389700894e-06,1.3080685527712126e-06,1.3068984433054177e-06,1.3057316987747072e-06,1.304568307368904e-06,1.3034082572674397e-06,1.3022515366410205e-06,1.3010981336533693e-06,1.299948036462789e-06,1.2988012332237832e-06,1.2976577120886092e-06,1.2965174612087402e-06,1.2953804687363113e-06,1.2942467228255392e-06,1.293116211634144e-06,1.2919889233245134e-06,1.2908648460651647e-06,1.2897439680319697e-06,1.2886262774092363e-06,1.2875117623910076e-06,1.2864004111821904e-06,1.2852922119996291e-06,1.2841871530731671e-06,1.2830852226467349e-06,1.281986408979322e-06,1.280890700345968e-06,1.2797980850387079e-06,1.2787085513675102e-06,1.2776220876611459e-06,1.276538682268016e-06,1.2754583235570493e-06,1.2743809999185115e-06,1.2733066997646944e-06,1.272235411530779e-06,1.2711671236755158e-06,1.2701018246819523e-06,1.2690395030580756e-06,1.267980147337528e-06,1.2669237460802331e-06,1.2658702878729533e-06,1.2648197613299847e-06,1.2637721550936486e-06,1.2627274578349229e-06,1.2616856582539034e-06,1.2606467450803535e-06,1.2596107070741922e-06,1.2585775330260675e-06,1.2575472117576312e-06,1.256519732122134e-06,1.2554950830048145e-06,1.2544732533232988e-06,1.2534542320280314e-06,1.2524380081025876e-06,1.2514245705640958e-06,1.2504139084636044e-06,1.2494060108863404e-06,1.2484008669521137e-06,1.24739846581557e-06,1.246398796666517e-06,1.2454018487302069e-06,1.2444076112675793e-06,1.243416073575588e-06,1.242427224987322e-06,1.241441054872353e-06,1.2404575526369315e-06,1.2394767077242115e-06,1.238498509614315e-06,1.2375229478247601e-06,1.2365500119104725e-06,1.2355796914639921e-06,1.2346119761156499e-06,1.2336468555337038e-06,1.2326843194245082e-06,1.2317243575326096e-06,1.230766959640914e-06,1.2298121155707516e-06,1.2288598151820371e-06,1.2279100483733177e-06,1.2269628050819082e-06,1.2260180752840006e-06,1.2250758489946576e-06,1.2241361162679176e-06,1.223198867196911e-06,1.2222640919138382e-06,1.2213317805900677e-06,1.2204019234361911e-06,1.219474510701982e-06,1.2185495326765396e-06,1.217626979688212e-06,1.2167068421046856e-06,1.2157891103329606e-06,1.214873774819387e-06,1.213960826049656e-06,1.213050254548754e-06,1.2121420508810484e-06,1.2112362056501942e-06,1.2103327094991765e-06,1.2094315531102206e-06,1.2085327272048452e-06,1.2076362225438087e-06,1.2067420299270063e-06,1.2058501401935203e-06,1.204960544221562e-06,1.2040732329283847e-06,1.2031881972702853e-06,1.202305428242507e-06,1.2014249168792016e-06,1.2005466542533995e-06,1.1996706314769014e-06,1.1987968397002194e-06,1.197925270112527e-06,1.1970559139415978e-06,1.196188762453686e-06,1.1953238069534825e-06,1.1944610387840479e-06,1.1936004493266616e-06,1.192742030000831e-06,1.1918857722641244e-06,1.1910316676121296e-06,1.1901797075783512e-06,1.1893298837340566e-06,1.1884821876883146e-06,1.1876366110877147e-06,1.1867931456164463e-06,1.1859517829960808e-06,1.1851125149855008e-06,1.1842753333807828e-06,1.1834402300151314e-06,1.182607196758686e-06,1.1817762255185143e-06,1.1809473082383983e-06,1.180120436898804e-06,1.1792956035166966e-06,1.1784728001454822e-06,1.1776520188748374e-06,1.1768332518306332e-06,1.1760164911747893e-06,1.1752017291051433e-06,1.1743889578553593e-06,1.1735781696947707e-06,1.1727693569282956e-06,1.1719625118962583e-06,1.1711576269742843e-06,1.170354694573195e-06,1.169553707138865e-06,1.1687546571520387e-06,1.1679575371283148e-06,1.1671623396179252e-06,1.1663690572055807e-06,1.1655776825104492e-06,1.164788208185914e-06,1.1640006269195e-06,1.1632149314327263e-06,1.1624311144809481e-06,1.1616491688532505e-06,1.1608690873723364e-06,1.1600908628942752e-06,1.1593144883085355e-06,1.1585399565377095e-06,1.1577672605374458e-06,1.1569963932962653e-06,1.1562273478354953e-06,1.1554601172090334e-06,1.154694694503313e-06,1.153931072837106e-06,1.1531692453613338e-06,1.1524092052590619e-06,1.151650945745243e-06,1.150894460066632e-06,1.1501397415016418e-06,1.1493867833601887e-06,1.1486355789835706e-06,1.1478861217443025e-06,1.1471384050460075e-06,1.1463924223232602e-06,1.1456481670414532e-06,1.1449056326966608e-06,1.1441648128154721e-06,1.1434257009549013e-06,1.1426882907022134e-06,1.1419525756747859e-06,1.1412185495199823e-06,1.1404862059149976e-06,1.1397555385667567e-06,1.139026541211743e-06,1.1382992076158378e-06,1.1375735315742571e-06,1.1368495069113245e-06,1.1361271274804388e-06,1.1354063871637994e-06,1.134687279872417e-06,1.1339697995458576e-06,1.133253940152176e-06,1.132539695687768e-06,1.1318270601771898e-06,1.1311160276730937e-06,1.1304065922560254e-06,1.1296987480343634e-06,1.1289924891440814e-06,1.1282878097487104e-06,1.1275847040391924e-06,1.1268831662336647e-06,1.1261831905774125e-06,1.125484771342721e-06,1.1247879028287057e-06,1.124092579361211e-06,1.1233987952926824e-06,1.1227065450020172e-06,1.1220158228944029e-06,1.1213266234013114e-06,1.120638940980218e-06,1.1199527701145162e-06,1.119268105313479e-06,1.118584941111993e-06,1.1179032720705266e-06,1.117223092774962e-06,1.1165443978365033e-06,1.1158671818914698e-06,1.115191439601268e-06,1.1145171656522118e-06,1.1138443547553723e-06,1.1131730016465229e-06,1.1125031010859695e-06,1.1118346478584244e-06,1.111167636772878e-06,1.1105020626625279e-06,1.1098379203845742e-06,1.109175204820166e-06,1.1085139108742457e-06,1.1078540334754335e-06,1.1071955675759012e-06,1.106538508151279e-06,1.1058828502004937e-06,1.105228588745688e-06,1.1045757188320604e-06,1.1039242355278047e-06,1.1032741339239255e-06,1.1026254091341624e-06,1.101978056294881e-06,1.1013320705649096e-06,1.1006874471254782e-06,1.100044181180065e-06,1.099402267954287e-06,1.0987617026958297e-06,1.09812248067425e-06,1.0974845971809296e-06,1.0968480475289504e-06,1.0962128270529487e-06,1.0955789311090342e-06,1.0949463550747178e-06,1.0943150943486902e-06,1.0936851443508018e-06,1.0930565005219598e-06,1.0924291583239262e-06,1.0918031132393025e-06,1.0911783607714303e-06,1.0905548964441706e-06,1.0899327158019046e-06,1.0893118144093771e-06,1.0886921878516338e-06,1.088073831733831e-06,1.0874567416812439e-06,1.0868409133390743e-06,1.0862263423723772e-06,1.0856130244659537e-06,1.0850009553242412e-06,1.0843901306712388e-06,1.0837805462503953e-06,1.0831721978244535e-06,1.0825650811754282e-06,1.0819591921044914e-06,1.0813545264317915e-06,1.0807510799964447e-06,1.0801488486564245e-06,1.0795478282884125e-06,1.0789480147877684e-06,1.0783494040683473e-06,1.0777519920624843e-06,1.0771557747208777e-06,1.0765607480124263e-06,1.0759669079242676e-06,1.0753742504615255e-06,1.0747827716473339e-06,1.0741924675226862e-06,1.0736033341463823e-06,1.073015367594887e-06,1.072428563962266e-06,1.071842919360087e-06,1.0712584299173243e-06,1.0706750917803144e-06,1.0700929011125543e-06,1.0695118540947382e-06,1.0689319469246115e-06,1.0683531758168274e-06,1.067775537002965e-06,1.0671990267313484e-06,1.0666236412670436e-06,1.0660493768916794e-06,1.06547622990343e-06,1.0649041966169122e-06,1.0643332733630885e-06,1.0637634564891536e-06,1.0631947423585266e-06,1.0626271273506895e-06,1.0620606078611573e-06,1.0614951803013633e-06,1.0609308410985796e-06,1.0603675866958566e-06,1.05980541355189e-06,1.059244318140995e-06,1.0586842969530185e-06,1.0581253464931916e-06,1.0575674632821618e-06,1.0570106438557895e-06,1.0564548847651966e-06,1.0559001825765496e-06,1.0553465338710938e-06,1.0547939352450212e-06,1.0542423833094217e-06,1.053691874690144e-06,1.0531424060278066e-06,1.0525939739776564e-06,1.0520465752095055e-06,1.0515002064076923e-06,1.0509548642709448e-06,1.0504105455123596e-06,1.0498672468592864e-06,1.0493249650532867e-06,1.048783696850035e-06,1.0482434390192796e-06,1.047704188344709e-06,1.0471659416239578e-06,1.046628695668458e-06,1.0460924473034348e-06,1.0455571933677972e-06,1.0450229307140332e-06,1.044489656208232e-06,1.043957366729961e-06,1.0434260591721444e-06,1.0428957304411015e-06,1.0423663774564032e-06,1.0418379971507996e-06,1.0413105864702062e-06,1.040784142373611e-06,1.0402586618329763e-06,1.0397341418332081e-06,1.0392105793720587e-06,1.0386879714601064e-06,1.0381663151206748e-06,1.037645607389706e-06,1.0371258453157873e-06,1.0366070259600156e-06,1.0360891463959825e-06,1.035572203709685e-06,1.0350561949994597e-06,1.0345411173759388e-06,1.0340269679619474e-06,1.033513743892485e-06,1.0330014423146613e-06,1.032490060387576e-06,1.0319795952823352e-06,1.0314700441819496e-06,1.0309614042812818e-06,1.030453672786957e-06,1.0299468469173606e-06,1.0294409239025303e-06,1.0289359009841043e-06,1.028431775415299e-06,1.0279285444607983e-06,1.0274262053967015e-06,1.026924755510532e-06,1.0264241921010842e-06,1.0259245124784395e-06,1.025425713963866e-06,1.024927793889779e-06,1.0244307495996931e-06,1.0239345784481437e-06,1.0234392778006321e-06,1.022944845033579e-06,1.022451277534327e-06,1.0219585727009433e-06,1.021466727942304e-06,1.020975740677977e-06,1.0204856083381806e-06,1.0199963283637039e-06,1.0195078982058898e-06,1.019020315326599e-06,1.0185335771980645e-06,1.0180476813029474e-06,1.0175626251342222e-06,1.017078406195139e-06,1.0165950219991814e-06,1.0161124700699997e-06,1.0156307479413756e-06,1.0151498531571436e-06,1.0146697832711759e-06,1.0141905358473305e-06,1.013712108459344e-06,1.0132344986908673e-06,1.0127577041353541e-06,1.0122817223960442e-06,1.0118065510859005e-06,1.011332187827522e-06,1.010858630253209e-06,1.0103858760047687e-06,1.0099139227335714e-06,1.0094427681005057e-06,1.008972409775844e-06,1.0085028454392825e-06,1.0080340727798635e-06,1.0075660894958847e-06,1.0070988932949445e-06,1.0066324818938205e-06,1.0061668530184602e-06,1.0057020044039248e-06,1.0052379337943585e-06,1.0047746389428925e-06,1.0043121176116572e-06,1.0038503675717588e-06,1.0033893866031464e-06,1.0029291724946155e-06,1.0024697230437909e-06,1.002011036057067e-06,1.0015531093495221e-06,1.0010959407449214e-06,1.000639528075678e-06,1.0001838691827834e-06,9.997289619157738e-07,9.992748041326974e-07,9.988213937000813e-07,9.98368728492841e-07,9.979168063943076e-07,9.974656252961358e-07,9.970151830982735e-07,9.96565477708952e-07,9.961165070446098e-07,9.956682690298442e-07,9.952207615974274e-07,9.94773982688217e-07,9.943279302511364e-07,9.938826022430977e-07,9.934379966290336e-07,9.929941113818026e-07,9.925509444822071e-07,9.92108493918837e-07,9.916667576881708e-07,9.91225733794479e-07,9.907854202497745e-07,9.903458150737547e-07,9.899069162938503e-07,9.894687219450674e-07,9.890312300700913e-07,9.88594438719134e-07,9.881583459499435e-07,9.877229498277403e-07,9.872882484252506e-07,9.868542398226066e-07,9.864209221073124e-07,9.85988293374227e-07,9.855563517255291e-07,9.851250952707242e-07,9.84694522126502e-07,9.842646304167782e-07,9.838354182726643e-07,9.834068838324206e-07,9.829790252414063e-07,9.825518406520495e-07,9.821253282238192e-07,9.81699486123225e-07,9.812743125236934e-07,9.808498056056632e-07,9.804259635564359e-07,9.8000278457019e-07,9.795802668479735e-07,9.79158408597649e-07,9.787372080338154e-07,9.783166633778483e-07,9.77896772857843e-07,9.774775347085704e-07,9.770589471714386e-07,9.766410084945141e-07,9.762237169324311e-07,9.758070707463782e-07,9.753910682040566e-07,9.749757075797272e-07,9.7456098715404e-07,9.741469052141332e-07,9.737334600535102e-07,9.73320649972108e-07,9.729084732761617e-07,9.724969282782303e-07,9.720860132971772e-07,9.716757266581075e-07,9.712660666923519e-07,9.708570317374563e-07,9.704486201371309e-07,9.70040830241226e-07,9.696336604057103e-07,9.69227108992606e-07,9.688211743700662e-07,9.684158549121713e-07,9.680111489991028e-07,9.676070550169397e-07,9.67203571357742e-07,9.668006964194803e-07,9.66398428606014e-07,9.659967663270429e-07,9.655957079981666e-07,9.651952520407093e-07,9.647953968818508e-07,9.643961409544765e-07,9.639974826972396e-07,9.635994205544606e-07,9.632019529761509e-07,9.62805078417985e-07,9.624087953412644e-07,9.62013102212853e-07,9.616179975051973e-07,9.612234796963404e-07,9.60829547269811e-07,9.60436198714605e-07,9.600434325252353e-07,9.59651247201658e-07,9.592596412492387e-07,9.588686131787386e-07,9.58478161506283e-07,9.580882847533948e-07,9.576989814468657e-07,9.573102501188076e-07,9.569220893065851e-07,9.56534497552893e-07,9.561474734055606e-07,9.557610154176666e-07,9.55375122147468e-07,9.549897921583841e-07,9.54605024018945e-07,9.542208163028336e-07,9.538371675887842e-07,9.534540764606021e-07,9.530715415071398e-07,9.526895613222823e-07,9.523081345049019e-07,9.519272596588515e-07,9.515469353929153e-07,9.511671603208344e-07,9.507879330612399e-07,9.504092522376662e-07,9.500311164785013e-07,9.496535244169788e-07,9.492764746911342e-07,9.488999659438569e-07,9.485239968227403e-07,9.481485659802132e-07,9.477736720733831e-07,9.4739931376407e-07,9.470254897188559e-07,9.466521986089012e-07,9.46279439110087e-07,9.45907209902909e-07,9.455355096724744e-07,9.451643371084628e-07,9.447936909051585e-07,9.444235697613617e-07,9.440539723804287e-07,9.436848974702217e-07,9.433163437430716e-07,9.429483099157987e-07,9.425807947096991e-07,9.422137968504367e-07,9.418473150681486e-07,9.414813480973508e-07,9.411158946769022e-07,9.407509535500403e-07,9.40386523464343e-07,9.400226031717112e-07,9.396591914283034e-07,9.39296286994581e-07,9.389338886352794e-07,9.385719951193584e-07,9.38210605220025e-07,9.378497177146432e-07,9.37489331384813e-07,9.371294450162587e-07,9.36770057398904e-07,9.364111673267702e-07,9.360527735980013e-07,9.356948750148319e-07,9.353374703835725e-07,9.349805585146246e-07,9.346241382223872e-07,9.3426820832536e-07,9.339127676459603e-07,9.33557815010653e-07,9.332033492498456e-07,9.328493691979347e-07,9.324958736932507e-07,9.32142861578021e-07,9.317903316984151e-07,9.314382829044691e-07,9.310867140500883e-07,9.307356239930626e-07,9.303850115949935e-07,9.300348757213201e-07,9.296852152412851e-07,9.293360290279169e-07,9.289850049278369e-07,9.286366024106974e-07,9.282887851239154e-07,9.279414586568845e-07,9.275946096939421e-07,9.272482324877874e-07,9.269023237891585e-07,9.26556881469936e-07,9.262119039435478e-07,9.258673898852076e-07,9.255233380958111e-07,9.251797474387665e-07,9.24836616809135e-07,9.244939451179183e-07,9.241517312872228e-07,9.23809974239534e-07,9.23468672913901e-07,9.231278262478601e-07,9.227874331827787e-07,9.224474926636919e-07,9.221080036392158e-07,9.217689650613743e-07,9.214303759039143e-07,9.210922351074817e-07,9.207545416345379e-07,9.204172944612799e-07,9.200804925473653e-07,9.197441348641835e-07,9.194082203893699e-07,9.19072748098425e-07,9.187377169774705e-07,9.184031260132775e-07,9.18068974191594e-07,9.177352605074246e-07,9.174019839553963e-07,9.170691435375992e-07,9.167367382526178e-07,9.164047671066246e-07,9.160732291102658e-07,9.157421232761806e-07,9.154114486134033e-07,9.150812041475237e-07,9.147513888982286e-07,9.144220018815524e-07,9.140930419641991e-07,9.137645084844208e-07,9.134364002851695e-07,9.131087164679755e-07,9.127814560720002e-07,9.124546181492975e-07,9.121282017265762e-07,9.118022058887932e-07,9.114766295624613e-07,9.111514719508951e-07,9.10826732039809e-07,9.105024089158524e-07,9.1017850167024e-07,9.098550092997712e-07,9.095319309087005e-07,9.092092655724076e-07,9.088870124051649e-07,9.085651704069258e-07,9.082437386922105e-07,9.079227163397624e-07,9.076021024457041e-07,9.072818961102978e-07,9.06962096434203e-07,9.066427024979568e-07,9.063237134064409e-07,9.060051282680929e-07,9.056869461813287e-07,9.05369166253894e-07,9.05051787596558e-07,9.047348093228167e-07,9.044182305461227e-07,9.041020503883885e-07,9.03786267971376e-07,9.034708824197033e-07,9.031558928605958e-07,9.028412984240674e-07,9.025270982372824e-07,9.022132914412769e-07,9.018998771534715e-07,9.01586854534177e-07,9.012742227274114e-07,9.009619808795355e-07,9.006501281383722e-07,9.003386636566536e-07,9.000275865877059e-07,8.997168960887e-07,8.994065913184597e-07,8.990966714386036e-07,8.987871356141295e-07,8.984779830120263e-07,8.981692128023361e-07,8.978608241569304e-07,8.975528162510298e-07,8.972451882623416e-07,8.969379393702759e-07,8.966310687575991e-07,8.963245756088276e-07,8.960184591591055e-07,8.957127185350495e-07,8.954073529540796e-07,8.95102361585256e-07,8.947977436311757e-07,8.944934983162579e-07,8.941896248120735e-07,8.938861223409322e-07,8.935829901291393e-07,8.932802273994058e-07,8.9297783324435e-07,8.926758070184948e-07,8.923741478686663e-07,8.920728550319678e-07,8.917719277254967e-07,8.914713651728873e-07,8.911711666000902e-07,8.908713312353835e-07,8.905718583093924e-07,8.902727470550643e-07,8.899739967074731e-07,8.896756065043132e-07,8.89377575685693e-07,8.890799034935428e-07,8.887825891731447e-07,8.88485631969166e-07,8.881890311318203e-07,8.878927859114605e-07,8.875968955608925e-07,8.87301359337759e-07,8.870061764991948e-07,8.867113463052406e-07,8.864168680146181e-07,8.861227408993632e-07,8.858289642220462e-07,8.855355372526589e-07,8.852424592742091e-07,8.849497295150376e-07,8.846573472971773e-07,8.843653118836793e-07,8.840736225535224e-07,8.837822786240794e-07,8.834912791927336e-07,8.832006238133074e-07,8.829103116576043e-07,8.826203420127366e-07,8.823307141733775e-07,8.820414274338319e-07,8.817524811150294e-07,8.814638744700073e-07,8.811756068205106e-07,8.80887677468927e-07,8.80600085720129e-07,8.803128308805641e-07,8.800259122592073e-07,8.797393291666742e-07,8.794530809156275e-07,8.791671667968832e-07,8.78881586171195e-07,8.785963383377557e-07,8.78311422617135e-07,8.780268383328382e-07,8.777425848080597e-07,8.774586613694926e-07,8.771750673457996e-07,8.768918020675625e-07,8.766088648670679e-07,8.763262549949135e-07,8.760439718717551e-07,8.757620148369969e-07,8.754803832279219e-07,8.751990763894215e-07,8.749180936642643e-07,8.746374343985972e-07,8.743570979394656e-07,8.740770836368978e-07,8.737973908425876e-07,8.735180189081412e-07,8.732389671901934e-07,8.729602350454984e-07,8.72681821833637e-07,8.724037269141027e-07,8.721259496502759e-07,8.718484894058979e-07,8.715713455477501e-07,8.712945174428407e-07,8.710180044614586e-07,8.707418059750221e-07,8.704659213564384e-07,8.701903499815371e-07,8.699150912272149e-07,8.696401444712143e-07,8.693655090959905e-07,8.690911844816874e-07,8.688171700120951e-07,8.685434650746727e-07,8.682700690554627e-07,8.679969813443272e-07,8.677242013314654e-07,8.674517284100742e-07,8.671795619729796e-07,8.669077014176078e-07,8.666361461412992e-07,8.66364895543372e-07,8.660939490255016e-07,8.658233059891391e-07,8.655529658397821e-07,8.652829279828863e-07,8.650131918273604e-07,8.647437567804497e-07,8.644746222544064e-07,8.642057876623094e-07,8.63937252418775e-07,8.636690160292527e-07,8.634010778209988e-07,8.631334372131897e-07,8.628660936269493e-07,8.625990464842023e-07,8.623322952090309e-07,8.620658392265941e-07,8.617996779645028e-07,8.615338108518149e-07,8.61268237313968e-07,8.610029567880785e-07,8.607379687076905e-07,8.604732725076926e-07,8.602088676249274e-07,8.59944753497587e-07,8.596809296189712e-07,8.594173953214789e-07,8.591541501633959e-07,8.588911934708243e-07,8.586285247473306e-07,8.583661434407563e-07,8.581040489988812e-07,8.578422408748339e-07,8.575807185163898e-07,8.573194813817612e-07,8.570585289236431e-07,8.56797860598839e-07,8.565374758648784e-07,8.562773741811873e-07,8.560175550078628e-07,8.557580178089854e-07,8.554987620465524e-07,8.552397871862633e-07,8.549810926950632e-07,8.547226780400713e-07,8.54464542692158e-07,8.542066861237586e-07,8.539491078038693e-07,8.536918072078536e-07,8.534347838109708e-07,8.531780370899383e-07,8.52921566521845e-07,8.526653715848422e-07,8.524094517655032e-07,8.521538065428602e-07,8.51898435400529e-07,8.516433378852122e-07,8.513885133752868e-07,8.511339613889814e-07,8.50879681431833e-07,8.506256730090419e-07,8.503719355831667e-07,8.501184686710609e-07,8.498652717642909e-07,8.496123443379013e-07,8.493596859035356e-07,8.491072959605544e-07,8.488551740079799e-07,8.486033195491375e-07,8.483517320823839e-07,8.481004111051969e-07,8.478493561467119e-07,8.475985666985133e-07,8.4734804227069e-07,8.470977823713912e-07,8.468477865111593e-07,8.465980542018216e-07,8.463485849564927e-07,8.460993782890359e-07,8.458504336929943e-07,8.456017507034905e-07,8.45353328863832e-07,8.451051676539706e-07,8.448572666327859e-07,8.44609625303081e-07,8.44362243188142e-07,8.441151198138615e-07,8.438682546877767e-07,8.436216473754475e-07,8.433752973772062e-07,8.431292042287581e-07,8.428833674625359e-07,8.426377866082115e-07,8.423924612008101e-07,8.421473907720246e-07,8.419025748587677e-07,8.416580130040789e-07,8.414137047419209e-07,8.411696496027323e-07,8.409258471349819e-07,8.406822968824472e-07,8.404389983575294e-07,8.401959512339985e-07,8.399531548731517e-07,8.397106089022049e-07,8.394683128697054e-07,8.392262663234021e-07,8.389844688184396e-07,8.387429199167802e-07,8.385016191373149e-07,8.382605660731714e-07,8.380197602336852e-07,8.377792011975678e-07,8.37538888538031e-07,8.372988217728544e-07,8.370590004717703e-07,8.368194241992216e-07,8.365800925223667e-07,8.363410049572723e-07,8.361021611720449e-07,8.358635607066582e-07,8.356252029976652e-07,8.3538708779699e-07,8.351492144759252e-07,8.349115828276914e-07,8.346741923116819e-07,8.34437042485589e-07,8.342001329049735e-07,8.339634631912058e-07,8.337270329854077e-07,8.334908416833037e-07,8.332548889599004e-07,8.3301917446979e-07,8.32783697808335e-07,8.32548458278251e-07,8.323134556199379e-07,8.320786894519285e-07,8.318441593261585e-07,8.316098648375627e-07,8.313758055543919e-07,8.3114198113465e-07,8.30908391082404e-07,8.306750350029154e-07,8.304419125098444e-07,8.30209023190057e-07,8.29976366626849e-07,8.297439424126436e-07,8.295117501408565e-07,8.292797894059324e-07,8.290480597990613e-07,8.288165609252439e-07,8.285852923637414e-07,8.283542537409736e-07,8.281234446282646e-07,8.278928646399092e-07,8.276625133878917e-07,8.274323904540334e-07,8.27202495463088e-07,8.269728280087598e-07,8.267433876964168e-07,8.265141741319851e-07,8.26285186923887e-07,8.260564256803264e-07,8.258278900101055e-07,8.255995795234257e-07,8.253714938311303e-07,8.251436325464988e-07,8.249159952718023e-07,8.246885816420838e-07,8.244613912613698e-07,8.242344237468476e-07,8.240076787149648e-07,8.237811557716505e-07,8.235548545518834e-07,8.23328774679422e-07,8.231029157668514e-07,8.228772774416609e-07,8.226518593040357e-07,8.224266609741804e-07,8.222016821305004e-07,8.219769223594603e-07,8.217523812938132e-07,8.215280585548961e-07,8.213039538665612e-07,8.210800666770949e-07,8.208563967052936e-07,8.206329435729235e-07,8.204097069294888e-07,8.201866863993547e-07,8.199638816013997e-07,8.197412921815001e-07,8.195189178246353e-07,8.192967580851556e-07,8.190748126350165e-07,8.18853081111135e-07,8.186315631521839e-07,8.184102584055445e-07,8.181891665044977e-07,8.17968287090784e-07,8.17747619806676e-07,8.175271642952412e-07,8.173069202004672e-07,8.170868871672183e-07,8.168670648411387e-07,8.166474528688041e-07,8.164280508975848e-07,8.162088585757039e-07,8.159898755522475e-07,8.15771101477151e-07,8.155525360011821e-07,8.153341787758961e-07,8.151160294537495e-07,8.148980876879846e-07,8.146803531326445e-07,8.144628254427112e-07,8.142455042738958e-07,8.140283892827204e-07,8.138114801265772e-07,8.135947764636303e-07,8.133782779528984e-07,8.131619842541701e-07,8.129458950280598e-07,8.127300099360811e-07,8.125143286338999e-07,8.122988507910324e-07,8.120835760712286e-07,8.118685041391467e-07,8.116536346648548e-07,8.11438967309918e-07,8.112245017405741e-07,8.110102376154086e-07,8.107961746135926e-07,8.105823124037605e-07,8.103686506568671e-07,8.101551890429461e-07,8.09941927233898e-07,8.097288649023114e-07,8.095160017218781e-07,8.093033373658901e-07,8.090908715094953e-07,8.088786038277453e-07,8.086665339974914e-07,8.08454661695043e-07,8.082429865989283e-07,8.080315083874263e-07,8.078202267396895e-07,8.0760914133586e-07,8.073982518564835e-07,8.071875579830163e-07,8.069770593980852e-07,8.067667557844997e-07,8.065566468259653e-07,8.063467322072728e-07,8.061370116130315e-07,8.059274847295109e-07,8.057181512436237e-07,8.055090108424155e-07,8.053000632136536e-07,8.050913080469398e-07,8.048827450314277e-07,8.046743738571352e-07,8.044661942155204e-07,8.042582058050384e-07,8.040504083107558e-07,8.03842801323164e-07,8.036353847411251e-07,8.03428158139302e-07,8.032211212483628e-07,8.030142737430207e-07,8.028076153598813e-07,8.026011457379999e-07,8.023948645873677e-07,8.021887716103897e-07,8.019828665127516e-07,8.017771489944791e-07,8.01571618756376e-07,8.013662755000255e-07,8.011611189274334e-07,8.009561487416966e-07,8.007513646459979e-07,8.00546766344441e-07,8.00342353542188e-07,8.001381259444271e-07,7.999340832579518e-07,7.997302251888807e-07,7.995265514452153e-07,7.993230617354469e-07,7.991197557674324e-07,7.989166332514965e-07,7.987136938975e-07,7.985109374164915e-07,7.983083635195275e-07,7.981059719189253e-07,7.979037623275231e-07,7.977017344590637e-07,7.974998880272611e-07,7.972982227746473e-07,7.97096738415199e-07,7.968954345786448e-07,7.966943110420407e-07,7.964933675156146e-07,7.962926037449648e-07,7.960920194184153e-07,7.958916142731491e-07,7.956913880194123e-07,7.954913403780809e-07,7.952914710601338e-07,7.950917798040278e-07,7.948922663181022e-07,7.946929303482746e-07,7.944937715887104e-07,7.942947897767735e-07,7.940959846610244e-07,7.938973559347016e-07,7.936989033206971e-07,7.93500626557745e-07,7.933025253720845e-07,7.931045994918554e-07,7.929068486349385e-07,7.927092725439369e-07,7.925118709585954e-07,7.923146436186294e-07,7.921175903240837e-07,7.919207107067624e-07,7.917240044205827e-07,7.915274712964941e-07,7.913311110549041e-07,7.911349234596578e-07,7.909389081207043e-07,7.907430649381061e-07,7.905473935684706e-07,7.903518937507505e-07,7.901565652270874e-07,7.899614077181973e-07,7.897664209901877e-07,7.895716047598457e-07,7.893769588049066e-07,7.891824828197298e-07,7.889881765483209e-07,7.887940397487581e-07,7.886000721636342e-07,7.884062735323976e-07,7.882126435897913e-07,7.880191820869771e-07,7.878258887633979e-07,7.876327633633873e-07,7.874398056161636e-07,7.872470153009164e-07,7.870543921466406e-07,7.868619358967889e-07,7.866696462994603e-07,7.86477523102813e-07,7.86285566055154e-07,7.8609377490506e-07,7.859021494294509e-07,7.857106893502198e-07,7.855193944180535e-07,7.853282643845394e-07,7.851372990000375e-07,7.849464980172882e-07,7.84755861187463e-07,7.845653882643635e-07,7.843750789708595e-07,7.841849330907374e-07,7.839949503868721e-07,7.838051305959174e-07,7.836154734803582e-07,7.834259787989376e-07,7.832366463091066e-07,7.830474757661503e-07,7.828584669290391e-07,7.826696195514582e-07,7.824809334004715e-07,7.822924082309389e-07,7.8210404382148e-07,7.819158398903854e-07,7.817277962243959e-07,7.815399125791748e-07,7.813521887317646e-07,7.811646244214335e-07,7.809772194199289e-07,7.807899735054241e-07,7.806028864195686e-07,7.804159577624455e-07,7.802291876236705e-07,7.800425756620266e-07,7.798561215612321e-07,7.796698251329941e-07,7.794836861259356e-07,7.792977043056899e-07,7.791118794680061e-07,7.789262113612302e-07,7.787406997690803e-07,7.78555344414487e-07,7.783701451177318e-07,7.781851016366168e-07,7.780002137251563e-07,7.778154811604942e-07,7.776309037164364e-07,7.774464811821128e-07,7.772622133265528e-07,7.770780999066676e-07,7.768941406908303e-07,7.767103354759547e-07,7.765266840698401e-07,7.763431861579405e-07,7.761598415608551e-07,7.759766500579101e-07,7.757936114191969e-07,7.756107254440819e-07,7.754279918705278e-07,7.752454105027138e-07,7.750629810941988e-07,7.748807034869628e-07,7.746985773841985e-07,7.745166025757181e-07,7.74334778861189e-07,7.741531060053674e-07,7.739715838473199e-07,7.73790212127036e-07,7.7360899061686e-07,7.734279191240665e-07,7.732469973983773e-07,7.730662252462639e-07,7.728856024543202e-07,7.727051288063006e-07,7.725248040689366e-07,7.723446280367244e-07,7.721646004748997e-07,7.71984721206822e-07,7.718049900032825e-07,7.716254066564818e-07,7.714459709468806e-07,7.712666826643077e-07,7.710875415901683e-07,7.709085475211e-07,7.707297002431891e-07,7.705509995518223e-07,7.703724452239386e-07,7.701940370574971e-07,7.700157748431614e-07,7.698376583690787e-07,7.696596874301589e-07,7.694818618218233e-07,7.693041813329015e-07,7.691266457563342e-07,7.689492548854323e-07,7.687720085064894e-07,7.685949064120716e-07,7.684179484309307e-07,7.682411343164892e-07,7.680644639063943e-07,7.678879369761686e-07,7.677115532883815e-07,7.675353126705729e-07,7.67359214917432e-07,7.671832598266411e-07,7.670074471899425e-07,7.668317768188781e-07,7.666562484974742e-07,7.664808620419991e-07,7.663056172379402e-07,7.661305138845279e-07,7.659555517919774e-07,7.657807307811417e-07,7.65606050604499e-07,7.654315110876022e-07,7.652571120308543e-07,7.650828532383063e-07,7.649087345624275e-07,7.647347556877623e-07,7.64560916504362e-07,7.643872167982349e-07,7.642136563737361e-07,7.640402350356034e-07,7.638669525889955e-07,7.636938088394378e-07,7.635208035928458e-07,7.633479366555373e-07,7.631752078342087e-07,7.630026169359514e-07,7.628301637682273e-07,7.62657848138901e-07,7.624856698562265e-07,7.623136287288085e-07,7.621417245656822e-07,7.619699571762233e-07,7.617983263842788e-07,7.616268319229237e-07,7.614554737450707e-07,7.612842515278584e-07,7.611131650581419e-07,7.609422143313045e-07,7.607713990540479e-07,7.606007190504635e-07,7.604301741057603e-07,7.602597640607905e-07,7.600894887065977e-07,7.599193478703587e-07,7.597493413640232e-07,7.595794690010103e-07,7.594097305990184e-07,7.592401259807131e-07,7.590706549413156e-07,7.589013172868729e-07,7.587321129110451e-07,7.585630415421807e-07,7.583941030304236e-07,7.58225297193124e-07,7.580566238480446e-07,7.578880828137179e-07,7.577196739135806e-07,7.57551396994226e-07,7.573832517691067e-07,7.572152381848186e-07,7.570473560011772e-07,7.568796050473547e-07,7.567119851415165e-07,7.565444960923639e-07,7.563771377361609e-07,7.562099098973342e-07,7.560428123929519e-07,7.558758450153827e-07,7.557090076618465e-07,7.555423001371149e-07,7.553757221987115e-07,7.552092737268062e-07,7.55042954531083e-07,7.548767644538148e-07,7.547107031764243e-07,7.545447707421989e-07,7.54378966896149e-07,7.542132914504062e-07,7.540477442206544e-07,7.538823250416816e-07,7.53717033624866e-07,7.535518699151241e-07,7.533868338767372e-07,7.532219251337065e-07,7.530571436638577e-07,7.528924891901101e-07,7.527279615455888e-07,7.525635606058419e-07,7.523992860556156e-07,7.52235137968282e-07,7.520711159365317e-07,7.519072199646254e-07,7.517434498386114e-07,7.515798053951904e-07,7.514162864447698e-07,7.512528928189951e-07,7.510896243496178e-07,7.509264808821201e-07,7.507634622394332e-07,7.506005682512453e-07,7.50437798741004e-07,7.502751535283968e-07,7.501126324913469e-07,7.499502354074949e-07,7.497879621849134e-07,7.496258126211563e-07,7.494637865580734e-07,7.493018838509471e-07,7.49140104356854e-07,7.489784478229907e-07,7.488169141428572e-07,7.486555030521023e-07,7.484942144886115e-07,7.483330483237703e-07,7.481720043574982e-07,7.480110823495824e-07,7.47850282160093e-07,7.476896036971062e-07,7.475290468719631e-07,7.47368611363997e-07,7.472082971474576e-07,7.47048103996347e-07,7.468880317480039e-07,7.467280802483496e-07,7.465682493316116e-07,7.464085388499653e-07,7.462489486289486e-07,7.460894785484344e-07,7.459301283690913e-07,7.457708978869662e-07,7.456117871403633e-07,7.454527958958742e-07,7.452939239804725e-07,7.451351710620575e-07,7.449765373281651e-07,7.44818022448436e-07,7.446596263713692e-07,7.445013487371816e-07,7.443431894024084e-07,7.44185148346088e-07,7.440272254211318e-07,7.438694202851544e-07,7.437117329642873e-07,7.435541633577591e-07,7.433967111942949e-07,7.432393763552471e-07,7.430821586909097e-07,7.429250580187845e-07,7.427680743927237e-07,7.426112074695316e-07,7.424544569255292e-07,7.422978227853889e-07,7.421413048797592e-07,7.419849030241052e-07,7.418286170987517e-07,7.416724470604267e-07,7.415163926702703e-07,7.413604536693754e-07,7.412046300407672e-07,7.410489217887368e-07,7.408933284872788e-07,7.40737850207279e-07,7.405824866707269e-07,7.404272376636078e-07,7.402721031138859e-07,7.401170828832481e-07,7.3996217682244e-07,7.398073847740838e-07,7.396527066278395e-07,7.394981421820446e-07,7.393436913255763e-07,7.391893539009847e-07,7.390351297523488e-07,7.388810187625685e-07,7.387270207738535e-07,7.385731356481019e-07,7.384193632342136e-07,7.382657033874003e-07,7.38112155964855e-07,7.379587208132585e-07,7.37805397798307e-07,7.376521867837158e-07,7.374990876122618e-07,7.373461001487827e-07,7.371932242753041e-07,7.370404598174032e-07,7.368878066515759e-07,7.367352646183597e-07,7.365828335609538e-07,7.364305132806193e-07,7.362783037973982e-07,7.36126204903344e-07,7.359742164532615e-07,7.358223381728468e-07,7.356705701613113e-07,7.355189121592535e-07,7.353673640553465e-07,7.352159256839458e-07,7.350645968525072e-07,7.349133775508611e-07,7.347622674735672e-07,7.346112666865724e-07,7.344603749518982e-07,7.34309592013567e-07,7.341589178459465e-07,7.340083524245966e-07,7.338578956975037e-07,7.337075471438262e-07,7.335573068163075e-07,7.334071745807226e-07,7.332571505070604e-07,7.331072342710496e-07,7.329574254965628e-07,7.328077242582763e-07,7.326581304156198e-07,7.325086438696913e-07,7.323592644164359e-07,7.322099920415549e-07,7.320608265486011e-07,7.31911767781607e-07,7.317628156271114e-07,7.316139699527045e-07,7.314652306244826e-07,7.313165975104442e-07,7.311680704779526e-07,7.310196493941508e-07,7.308713341281889e-07,7.307231245497741e-07,7.305750205252384e-07,7.304270219234131e-07,7.302791286131452e-07,7.301313404851332e-07,7.29983657381311e-07,7.298360791733983e-07,7.29688605731161e-07,7.295412369339048e-07,7.293939726310646e-07,7.292468127136879e-07,7.290997570689503e-07,7.289528055522507e-07,7.288059579852006e-07,7.286592143076267e-07,7.285125743749224e-07,7.283660380327339e-07,7.282196051959896e-07,7.280732757195845e-07,7.279270494357567e-07,7.277809262851736e-07,7.276349060972153e-07,7.274889887799038e-07,7.273431740684692e-07,7.271974620548756e-07,7.270518524967562e-07,7.269063452426985e-07,7.267609402364864e-07,7.266156373523303e-07,7.264704364095172e-07,7.263253373202061e-07,7.261803399551346e-07,7.260354442001854e-07,7.258906499365629e-07,7.257459569808115e-07,7.256013652391515e-07,7.254568745957692e-07,7.253124849299094e-07,7.251681961153843e-07,7.250240080303257e-07,7.248799205342954e-07,7.247359335368443e-07,7.245920469011854e-07,7.244482605043136e-07,7.24304574390948e-07,7.241609881433046e-07,7.240175017283244e-07,7.23874115088508e-07,7.237308280702026e-07,7.23587640561725e-07,7.234445524626856e-07,7.233015636163586e-07,7.231586739204181e-07,7.230158832484548e-07,7.228731914761249e-07,7.227305985132818e-07,7.225881042284679e-07,7.224457084867773e-07,7.223034111907606e-07,7.221612122031861e-07,7.220191114089926e-07,7.218771087043462e-07,7.217352039110968e-07,7.215933969986709e-07,7.214516878298453e-07,7.213100762484207e-07,7.21168562068756e-07,7.210271453568791e-07,7.208858258538087e-07,7.207446035380662e-07,7.206034782598468e-07,7.204624498130403e-07,7.203215182929114e-07,7.20180683387581e-07,7.200399450374076e-07,7.198993030462038e-07,7.197587574595533e-07,7.196183080829727e-07,7.194779548249838e-07,7.19337697542369e-07,7.191975361161563e-07,7.190574704634602e-07,7.189175004063664e-07,7.187776258929365e-07,7.186378468346815e-07,7.184981630508089e-07,7.183585744676202e-07,7.18219080971223e-07,7.180796824372637e-07,7.179403787268312e-07,7.178011698998204e-07,7.176620555569045e-07,7.175230357270643e-07,7.173841103117983e-07,7.172452791885631e-07,7.171065422418967e-07,7.169678993604808e-07,7.168293505472095e-07,7.166908954634814e-07,7.165525341006991e-07,7.164142663718227e-07,7.162760921659487e-07,7.161380113356509e-07,7.160000237916791e-07,7.158621294332591e-07,7.157243281462748e-07,7.155866198120352e-07,7.154490043388522e-07,7.153114816088705e-07,7.151740515157882e-07,7.150367138994956e-07,7.148994686704068e-07,7.147623158255254e-07,7.146252551831478e-07,7.144882866410961e-07,7.143514100741708e-07,7.142146253824137e-07,7.140779325794979e-07,7.139413313246681e-07,7.138048216241699e-07,7.136684033660706e-07,7.135320764471437e-07,7.133958407540222e-07,7.132596961953426e-07,7.131236426582397e-07,7.129876800307943e-07,7.128518082115946e-07,7.127160270963257e-07,7.125803365768438e-07,7.124447365480662e-07,7.123092268946148e-07,7.12173807528512e-07,7.120384783682564e-07,7.119032392483201e-07,7.117680901256589e-07,7.116330308623757e-07,7.114980613392072e-07,7.113631814924615e-07,7.112283911621989e-07,7.110936903267301e-07,7.109590788350269e-07,7.108245565863687e-07,7.106901234766483e-07,7.10555779425862e-07,7.104215242831726e-07,7.10287357970944e-07,7.101532803943923e-07,7.100192914434275e-07,7.098853910164317e-07,7.097515790120607e-07,7.09617855320788e-07,7.094842198397051e-07,7.093506724758967e-07,7.092172131272559e-07,7.090838417023298e-07,7.089505581050174e-07,7.088173622206967e-07,7.086842539369589e-07,7.085512331739849e-07,7.084182998158023e-07,7.082854537718153e-07,7.081526949371361e-07,7.080200232175111e-07,7.078874385105515e-07,7.077549407279234e-07,7.076225297192511e-07,7.074902055425893e-07,7.07357967896044e-07,7.072258167620602e-07,7.070937520407065e-07,7.069617736455008e-07,7.068298814742678e-07,7.066980754456634e-07,7.065663554014449e-07,7.064347213025112e-07,7.063031731132287e-07,7.061717105767131e-07,7.06040333660782e-07,7.0590904230389e-07,7.057778363852056e-07,7.05646715807502e-07,7.055156806273168e-07,7.053847304204879e-07,7.052538653227973e-07,7.051230851615837e-07,7.049923898625565e-07,7.048617793320865e-07,7.047312534712887e-07,7.046008121861285e-07,7.04470455366712e-07,7.043401829449562e-07,7.042099947797818e-07,7.040798908371674e-07,7.039498709942475e-07,7.038199351310967e-07,7.036900831568928e-07,7.035603150485843e-07,7.034306306547705e-07,7.033010299128484e-07,7.031715127044289e-07,7.030420788958428e-07,7.029127284419598e-07,7.027834612259925e-07,7.026542771956534e-07,7.025251762521271e-07,7.023961582517763e-07,7.022672231306528e-07,7.021383707987554e-07,7.020096010172402e-07,7.018809139774357e-07,7.017523094479119e-07,7.016237873422663e-07,7.014953475619436e-07,7.013669900382599e-07,7.01238714624995e-07,7.011105212683276e-07,7.009824098883002e-07,7.008543803512816e-07,7.007264325886714e-07,7.005985665121721e-07,7.004707820099264e-07,7.003430790320605e-07,7.0021545747124e-07,7.000879172439173e-07,6.99960458244957e-07,6.998330803889866e-07,6.997057835859926e-07,6.995785677461886e-07,6.994514327742139e-07,6.993243785965734e-07,6.991974051087848e-07,6.990705122278987e-07,6.989436998707777e-07,6.988169679207178e-07,6.986903163291121e-07,6.985637449795433e-07,6.984372537898476e-07,6.983108426448937e-07,6.981845115068599e-07,6.980582602705378e-07,6.979320887797539e-07,6.978059970899196e-07,6.976799850173532e-07,6.975540524882086e-07,6.974281994172036e-07,6.973024256766588e-07,6.971767312687108e-07,6.970511160384578e-07,6.969255799153519e-07,6.968001228335683e-07,6.966747446826722e-07,6.965494453800282e-07,6.964242248406579e-07,6.962990829721668e-07,6.961740197029828e-07,6.960490349357011e-07,6.959241285840938e-07,6.957993005671364e-07,6.956745508019015e-07,6.955498791924074e-07,6.954252856637288e-07,6.953007701336751e-07,6.951763325089122e-07,6.950519727021431e-07,6.949276906441254e-07,6.948034862320516e-07,6.946793593886307e-07,6.945553100295322e-07,6.944313380704909e-07,6.943074434275182e-07,6.941836260166437e-07,6.940598857540519e-07,6.93936222556861e-07,6.938126363400773e-07,6.936891270207826e-07,6.935656945185449e-07,6.9344233874513e-07,6.933190596214392e-07,6.931958570613591e-07,6.930727309885022e-07,6.929496813149616e-07,6.928267079585662e-07,6.927038108344883e-07,6.925809898604747e-07,6.92458244948413e-07,6.923355760919268e-07,6.922129831087291e-07,6.920904659269171e-07,6.919680244883696e-07,6.918456587115949e-07,6.917233684559948e-07,6.916011537072542e-07,6.914790144204108e-07,6.913569504705342e-07,6.912349617768587e-07,6.911130482583309e-07,6.909912098347291e-07,6.90869446425306e-07,6.907477579565902e-07,6.906261443012523e-07,6.905046054728687e-07,6.903831413566682e-07,6.902617518351328e-07,6.901404368462429e-07,6.900191963114528e-07,6.898980301501083e-07,6.897769382836451e-07,6.8965592060833e-07,6.895349770697945e-07,6.894141075948347e-07,6.89293312105619e-07,6.891725905187672e-07,6.890519427519326e-07,6.88931368725657e-07,6.888108683637114e-07,6.886904415903087e-07,6.88570088324661e-07,6.884498084803449e-07,6.883296019683148e-07,6.882094687297492e-07,6.880894086873454e-07,6.87969421764084e-07,6.878495078816886e-07,6.877296669628144e-07,6.876098989301293e-07,6.874902037066519e-07,6.873705812160299e-07,6.872510313805574e-07,6.871315541235887e-07,6.870121493687149e-07,6.868928170389683e-07,6.86773557058254e-07,6.866543693505442e-07,6.865352538386688e-07,6.864162104473394e-07,6.862972390998879e-07,6.861783397208018e-07,6.860595122346162e-07,6.859407565654046e-07,6.858220726378965e-07,6.857034603766688e-07,6.855849197056499e-07,6.854664505502601e-07,6.853480528355769e-07,6.852297264869038e-07,6.851114714288631e-07,6.849932875867253e-07,6.848751748861296e-07,6.847571332529627e-07,6.846391626119072e-07,6.845212628891757e-07,6.84403434010949e-07,6.842856759024404e-07,6.841679884900289e-07,6.840503716991582e-07,6.839328254571463e-07,6.838153496899556e-07,6.836979443243988e-07,6.835806092869566e-07,6.834633445036109e-07,6.833461499021974e-07,6.832290254088347e-07,6.83111970951462e-07,6.829949864559375e-07,6.828780718510457e-07,6.827612270621698e-07,6.826444520184541e-07,6.825277466471485e-07,6.824111108761972e-07,6.822945446313237e-07,6.821780478442083e-07,6.820616204395728e-07,6.819452623461767e-07,6.81828973493611e-07,6.817127538088641e-07,6.815966032203674e-07,6.814805216993633e-07,6.813645090909993e-07,6.812485654071183e-07,6.811326905350953e-07,6.810168844037921e-07,6.809011469424067e-07,6.807854781334428e-07,6.80669877799338e-07,6.805543459048872e-07,6.804388824004044e-07,6.803234872113779e-07,6.802081602854802e-07,6.800929015394349e-07,6.799777108976595e-07,6.798625882699064e-07,6.797475336206879e-07,6.796325468863499e-07,6.795176279170105e-07,6.794027767409959e-07,6.792879932544417e-07,6.791732773860867e-07,6.790586290849769e-07,6.789440482454037e-07,6.788295349166411e-07,6.787150888318408e-07,6.786007101182123e-07,6.784863985099166e-07,6.783721540392384e-07,6.782579766396134e-07,6.781438662319867e-07,6.780298227476971e-07,6.779158461420935e-07,6.778019363272049e-07,6.776880932382686e-07,6.775743168070269e-07,6.774606069656956e-07,6.773469636490109e-07,6.772333867868677e-07,6.771198763116935e-07,6.7700643215598e-07,6.768930542508738e-07,6.767797425200929e-07,6.766664969229477e-07,6.765533173709771e-07,6.764402038232257e-07,6.763271561718409e-07,6.762141743753063e-07,6.761012583427523e-07,6.759884080496339e-07,6.758756234067715e-07,6.75762904338006e-07,6.756502507868486e-07,6.755376626700129e-07,6.754251399449908e-07,6.753126825600018e-07,6.752002904054104e-07,6.750879634933445e-07,6.749757016594832e-07,6.748635048812091e-07,6.747513730895444e-07,6.746393062253247e-07,6.745273042215283e-07,6.744153670211461e-07,6.743034945415667e-07,6.741916867260189e-07,6.740799435096882e-07,6.739682648256009e-07,6.738566506111945e-07,6.737451006637844e-07,6.736336151236493e-07,6.735221939388188e-07,6.734108369644518e-07,6.732995440998333e-07,6.731883153495731e-07,6.73077150618025e-07,6.729660498455229e-07,6.728550129720344e-07,6.727440399173091e-07,6.726331306202183e-07,6.725222850305925e-07,6.724115030765749e-07,6.723007846946998e-07,6.721901298215697e-07,6.720795383938504e-07,6.719690103482219e-07,6.718585456216754e-07,6.717481441510765e-07,6.716378058735362e-07,6.715275307261406e-07,6.714173186460909e-07,6.713071695707123e-07,6.71197083437451e-07,6.710870601837852e-07,6.709770997473193e-07,6.708672020656402e-07,6.707573670765801e-07,6.706475947179005e-07,6.705378849275761e-07,6.704282376436377e-07,6.703186528041253e-07,6.702091303473156e-07,6.700996702113706e-07,6.699902723348321e-07,6.698809366559998e-07,6.697716631135271e-07,6.696624516460141e-07,6.695533021921987e-07,6.694442146908763e-07,6.693351890808269e-07,6.692262253011838e-07,6.691173232909218e-07,6.690084829892969e-07,6.68899704335475e-07,6.68790987268749e-07,6.686823317285725e-07,6.685737376543688e-07,6.684652049858125e-07,6.683567336625159e-07,6.682483236241432e-07,6.681399748107038e-07,6.680316871619761e-07,6.679234606180691e-07,6.678152951189855e-07,6.677071906049682e-07,6.675991470161826e-07,6.674911642931035e-07,6.673832423759377e-07,6.67275381205319e-07,6.671675807217816e-07,6.670598408661446e-07,6.669521615790027e-07,6.668445428012921e-07,6.667369844738437e-07,6.666294865377816e-07,6.665220489341452e-07,6.664146716039334e-07,6.663073544885982e-07,6.662000975293818e-07,6.660929006677844e-07,6.659857638452323e-07,6.658786870033669e-07,6.657716700837795e-07,6.65664713028245e-07,6.655578157785778e-07,6.654509782766664e-07,6.653442004644611e-07,6.652374822841167e-07,6.651308236776798e-07,6.650242245835983e-07,6.64917684951887e-07,6.648112047161093e-07,6.647047838236617e-07,6.645984222182084e-07,6.644921198412841e-07,6.643858766355405e-07,6.642796925439024e-07,6.641735675090506e-07,6.640675014740372e-07,6.639614943818955e-07,6.638555461756763e-07,6.637496567986044e-07,6.636438261917761e-07,6.635380543027164e-07,6.634323410728217e-07,6.633266864455185e-07,6.632210903644065e-07,6.631155527731185e-07,6.630100736144947e-07,6.629046528332166e-07,6.627992903732183e-07,6.626939861771791e-07,6.625887401764404e-07,6.624835523506873e-07,6.623784226233459e-07,6.622733509372778e-07,6.621683372411649e-07,6.620633814668658e-07,6.619584835756941e-07,6.618536435124095e-07,6.617488612072556e-07,6.616441366226058e-07,6.615394696832143e-07,6.614348603501665e-07,6.613303085591726e-07,6.612258142501744e-07,6.611213773469854e-07,6.610169978345227e-07,6.609126756545691e-07,6.608084107358632e-07,6.607042030319885e-07,6.606000524885774e-07,6.604959590519664e-07,6.603919226664941e-07,6.602879432784032e-07,6.601840208345973e-07,6.60080155283516e-07,6.59976346572055e-07,6.598725946335003e-07,6.597688994226456e-07,6.596652608814564e-07,6.595616789629928e-07,6.594581536104834e-07,6.593546847689085e-07,6.59251272381071e-07,6.591479164055949e-07,6.590446167734031e-07,6.589413734428626e-07,6.588381863514116e-07,6.587350554555226e-07,6.58631980697548e-07,6.585289620248389e-07,6.584259993827342e-07,6.5832309272162e-07,6.582202419869991e-07,6.581174471261518e-07,6.5801470808624e-07,6.579120248116053e-07,6.578093972559985e-07,6.577068253636715e-07,6.576043090836658e-07,6.575018483607396e-07,6.57399443144176e-07,6.572970933816611e-07,6.571947990210913e-07,6.570925600102518e-07,6.569903762972654e-07,6.568882478302451e-07,6.56786174557238e-07,6.566841564251723e-07,6.565821933849957e-07,6.564802853837207e-07,6.563784323697844e-07,6.562766342898746e-07,6.561748910927785e-07,6.56073202730336e-07,6.559715691495892e-07,6.558699902972626e-07,6.557684661243946e-07,6.556669965697117e-07,6.555655816038083e-07,6.554642211625233e-07,6.553629152089738e-07,6.552616636697012e-07,6.551604665041946e-07,6.55059323661888e-07,6.549582350922257e-07,6.548572007435519e-07,6.547562205660484e-07,6.546552945094714e-07,6.545544225234613e-07,6.54453604557733e-07,6.543528405621224e-07,6.542521304864251e-07,6.541514742810356e-07,6.540508718954763e-07,6.539503232797791e-07,6.538498283837672e-07,6.53749387158244e-07,6.536489995531226e-07,6.535486655184935e-07,6.534483850048284e-07,6.533481579631078e-07,6.532479843431825e-07,6.531478640958995e-07,6.530477971485524e-07,6.529477834985561e-07,6.528478230923152e-07,6.527479158203955e-07,6.526480616862516e-07,6.52548260632067e-07,6.524485126077984e-07,6.523488176209674e-07,6.522491755314095e-07,6.521495862979828e-07,6.52050049878815e-07,6.519505662504933e-07,6.518511353610297e-07,6.517517571954162e-07,6.516524316506923e-07,6.515531586965958e-07,6.514539383054904e-07,6.5135477037946e-07,6.512556549076177e-07,6.511565918252471e-07,6.510575811008451e-07,6.509586226777817e-07,6.508597165083796e-07,6.507608625448053e-07,6.506620607392208e-07,6.505633110429813e-07,6.504646134096549e-07,6.50365967792044e-07,6.50267374140722e-07,6.501688324100434e-07,6.500703425490757e-07,6.499719045156623e-07,6.498735182595062e-07,6.497751837308433e-07,6.496769008883858e-07,6.495786696821512e-07,6.494804900643887e-07,6.493823619891657e-07,6.492842854090773e-07,6.491862602752985e-07,6.490882865444606e-07,6.489903641676598e-07,6.488924930989783e-07,6.487946732907445e-07,6.486969046972168e-07,6.485991872719964e-07,6.485015209688837e-07,6.484039057410569e-07,6.483063415416168e-07,6.482088283254221e-07,6.48111366044708e-07,6.480139546550381e-07,6.479165941090555e-07,6.47819284361421e-07,6.477220253658125e-07,6.47624817076016e-07,6.475276594978151e-07,6.474305524829957e-07,6.473334960368026e-07,6.472364901211226e-07,6.471395346752462e-07,6.470426296667123e-07,6.469457750402529e-07,6.468489707964373e-07,6.467522168554364e-07,6.466555131152895e-07,6.46558859584429e-07,6.46462256258948e-07,6.46365702996359e-07,6.462691998114821e-07,6.461727466437777e-07,6.460763435274714e-07,6.459799902734549e-07,6.458836869088758e-07,6.457874333890041e-07,6.456912296690351e-07,6.455950757043612e-07,6.454989714502223e-07,6.454029168621473e-07,6.453069118955699e-07,6.452109565059875e-07,6.451150506489722e-07,6.450191942802599e-07,6.449233873554918e-07,6.448276298304384e-07,6.447319217268987e-07,6.446362628686669e-07,6.445406532778605e-07,6.444450929102638e-07,6.443495817220938e-07,6.442541196693653e-07,6.441587067082335e-07,6.440633427949017e-07,6.439680278856445e-07,6.438727619368243e-07,6.437775449047369e-07,6.436823767459007e-07,6.435872574167289e-07,6.434921868737945e-07,6.433971650737275e-07,6.433021919731727e-07,6.43207267528871e-07,6.431123916974645e-07,6.430175644359021e-07,6.429227857009983e-07,6.428280554496499e-07,6.427333736405179e-07,6.426387402273475e-07,6.42544155166347e-07,6.42449618418894e-07,6.423551299030822e-07,6.422606896518634e-07,6.421662975842092e-07,6.420719536575055e-07,6.419776578292711e-07,6.418834100568247e-07,6.417892102977112e-07,6.416950585095721e-07,6.416009546444146e-07,6.415068986711364e-07,6.414128905364124e-07,6.41318930203372e-07,6.412250176359279e-07,6.411311527801431e-07,6.410373356000863e-07,6.409435660395843e-07,6.408498440167898e-07,6.407561696156357e-07,6.406625427223567e-07,6.405689632969e-07,6.404754312956572e-07,6.403819466797033e-07,6.402885094018689e-07,6.401951194239837e-07,6.401017767035441e-07,6.400084811997906e-07,6.399152328778897e-07,6.398220316847186e-07,6.397288775807294e-07,6.39635770528686e-07,6.395427104877034e-07,6.394496974153748e-07,6.393567312707636e-07,6.392638120221233e-07,6.39170939609895e-07,6.390781140031473e-07,6.389853351548969e-07,6.388926030299697e-07,6.387999175190188e-07,6.387072787151274e-07,6.386146865192822e-07,6.385221408781052e-07,6.3842964176778e-07,6.383371891295559e-07,6.382447829143582e-07,6.381524231188937e-07,6.380601096747035e-07,6.379678425453061e-07,6.378756216933229e-07,6.377834470777751e-07,6.376913186585364e-07,6.375992363955599e-07,6.375072002455902e-07,6.374152101718683e-07,6.373232661345601e-07,6.37231368093372e-07,6.371395160141962e-07,6.370477098461872e-07,6.369559495549186e-07,6.368642351061345e-07,6.367725664493724e-07,6.366809435502316e-07,6.365893663691673e-07,6.364978348720357e-07,6.364063490140328e-07,6.363149087556089e-07,6.362235140573608e-07,6.361321648799879e-07,6.360408611841586e-07,6.359496029305918e-07,6.358583900801463e-07,6.357672225935773e-07,6.35676100431847e-07,6.355850235504744e-07,6.354939919158496e-07,6.354030054890264e-07,6.353120642310068e-07,6.352211681030085e-07,6.351303170661343e-07,6.350395110870848e-07,6.349487501163168e-07,6.348580341204767e-07,6.347673630660147e-07,6.346767369043795e-07,6.345861556552881e-07,6.34495619188167e-07,6.344051274963669e-07,6.343146805419445e-07,6.342242782976638e-07,6.341339207210129e-07,6.340436077729632e-07,6.339533394161842e-07,6.338631156101843e-07,6.337729363193775e-07,6.336828015040914e-07,6.335927111241926e-07,6.335026651678506e-07,6.334126635489448e-07,6.333227062198227e-07,6.332327932221044e-07,6.331429244277058e-07,6.330530998841247e-07,6.329633195175416e-07,6.328735832869606e-07,6.327838911547457e-07,6.326942430832829e-07,6.326046390349128e-07,6.325150789695816e-07,6.324255628549654e-07,6.323360906381089e-07,6.322466623088983e-07,6.321572778158098e-07,6.320679371221846e-07,6.319786402217007e-07,6.318893870303053e-07,6.318001775110551e-07,6.31711011646154e-07,6.316218893904369e-07,6.315328106535319e-07,6.314437755162444e-07,6.313547838783147e-07,6.31265835708937e-07,6.311769309700592e-07,6.310880696245696e-07,6.309992516328014e-07,6.309104769601842e-07,6.308217455725365e-07,6.307330574273993e-07,6.306444125001935e-07,6.305558107357056e-07,6.304672521113555e-07,6.30378736586454e-07,6.302902641253573e-07,6.302018346917792e-07,6.301134482488333e-07,6.300251047656418e-07,6.299368042001555e-07,6.298485464884187e-07,6.297603316492031e-07,6.296721596228449e-07,6.295840303689727e-07,6.294959438164185e-07,6.294079000018364e-07,6.293198987976543e-07,6.292319402808438e-07,6.291440243610318e-07,6.290561510033372e-07,6.289683201665147e-07,6.288805318178939e-07,6.287927859221137e-07,6.287050824459556e-07,6.286174213544313e-07,6.28529802598535e-07,6.284422261140138e-07,6.283546919506167e-07,6.282672000325171e-07,6.281797502772366e-07,6.280923427239483e-07,6.280049773106511e-07,6.279176539912612e-07,6.278303727343415e-07,6.277431335066578e-07,6.27655936273794e-07,6.275687810005438e-07,6.274816676492577e-07,6.273945961855555e-07,6.273075665864742e-07,6.272205787970144e-07,6.271336327892596e-07,6.270467285314646e-07,6.269598659798063e-07,6.26873045115926e-07,6.267862658965028e-07,6.266995282909641e-07,6.266128322670532e-07,6.265261777782504e-07,6.264395648280028e-07,6.263529933179372e-07,6.262664632443434e-07,6.26179974579243e-07,6.26093527278899e-07,6.26007121319122e-07,6.259207566485692e-07,6.258344333093353e-07,6.25748151144709e-07,6.256619101799462e-07,6.255757104035422e-07,6.254895517312932e-07,6.254034341651566e-07,6.253173576541606e-07,6.252313221701388e-07,6.251453276866544e-07,6.250593741579845e-07,6.249734615588384e-07,6.248875898547792e-07,6.248017590079596e-07,6.247159689846085e-07,6.246302197563132e-07,6.245445112867485e-07,6.244588435317263e-07,6.24373216477452e-07,6.242876300810484e-07,6.242020843098449e-07,6.241165791288679e-07,6.240311145071166e-07,6.239456904120238e-07,6.238603068062793e-07,6.237749636637416e-07,6.236896609409558e-07,6.236043986063794e-07,6.235191766342852e-07,6.234339949856683e-07,6.233488536269811e-07,6.232637525406485e-07,6.231786916817745e-07,6.23093671006144e-07,6.230086904914836e-07,6.229237500996089e-07,6.228388498077684e-07,6.227539895776708e-07,6.226691694183901e-07,6.225843891813218e-07,6.224996489437775e-07,6.224149486525607e-07,6.22330288245868e-07,6.222456677619449e-07,6.221610871357418e-07,6.220765462292413e-07,6.219920450909722e-07,6.219075836972007e-07,6.218231619982333e-07,6.217387799728098e-07,6.216544376285033e-07,6.215701348509704e-07,6.214858716473316e-07,6.21401647986668e-07,6.213174638352278e-07,6.212333191628582e-07,6.211492139362936e-07,6.210651481237658e-07,6.209811216996859e-07,6.208971346305742e-07,6.208131868661255e-07,6.207292783997228e-07,6.206454091844419e-07,6.205615792325083e-07,6.20477788459564e-07,6.203940367549114e-07,6.203103242426492e-07,6.2022665067717e-07,6.201430163263573e-07,6.20059421007911e-07,6.199758646921661e-07,6.198923473492383e-07,6.198088689431142e-07,6.197254294438057e-07,6.196420288020949e-07,6.195586670218142e-07,6.194753440469943e-07,6.1939205986349e-07,6.193088144212054e-07,6.192256077243128e-07,6.191424396991936e-07,6.190593103449579e-07,6.189762196967332e-07,6.188931675547743e-07,6.18810153974752e-07,6.187271789151781e-07,6.186442423670571e-07,6.185613442903571e-07,6.184784846536327e-07,6.18395663426213e-07,6.183128805769904e-07,6.182301360936993e-07,6.181474298871647e-07,6.180647619867021e-07,6.179821323445509e-07,6.178995409777149e-07,6.178169877134995e-07,6.17734472649665e-07,6.176519957167239e-07,6.175695568986888e-07,6.174871561474835e-07,6.174047934953757e-07,6.173224687940018e-07,6.172401820567971e-07,6.171579332778144e-07,6.170757224305777e-07,6.169935494403526e-07,6.169114143405792e-07,6.168293170938695e-07,6.167472576275697e-07,6.166652359307724e-07,6.165832519353078e-07,6.165013056853917e-07,6.16419397117149e-07,6.163375262040623e-07,6.162556929238797e-07,6.161738972238126e-07,6.160921390763261e-07,6.160104184539468e-07,6.159287353297794e-07,6.158470896744587e-07,6.15765481463247e-07,6.156839106903818e-07,6.156023772879442e-07,6.155208811992288e-07,6.154394224488422e-07,6.153580009929068e-07,6.152766167587248e-07,6.151952697922707e-07,6.151139600334927e-07,6.150326874489319e-07,6.149514520170499e-07,6.148702536957751e-07,6.147890924603362e-07,6.147079682783103e-07,6.146268812174273e-07,6.145458310711579e-07,6.144648178976053e-07,6.14383841663842e-07,6.143029023261362e-07,6.142219998658675e-07,6.141411342623247e-07,6.140603054817721e-07,6.139795134970905e-07,6.138987582786969e-07,6.138180397944089e-07,6.137373580147203e-07,6.136567129167278e-07,6.135761044683605e-07,6.13495532647094e-07,6.134149974031627e-07,6.133344987370898e-07,6.132540366224254e-07,6.131736109815784e-07,6.130932218244963e-07,6.130128691295588e-07,6.129325528478262e-07,6.128522729694476e-07,6.127720294906501e-07,6.126918222938879e-07,6.126116514040376e-07,6.125315167877747e-07,6.124514184208033e-07,6.123713562763149e-07,6.122913303191677e-07,6.122113405041886e-07,6.121313868500045e-07,6.120514693060816e-07,6.119715878160074e-07,6.118917423861184e-07,6.118119329960942e-07,6.11732159600718e-07,6.116524221693459e-07,6.115727206764373e-07,6.114930550938659e-07,6.114134253942658e-07,6.113338315488122e-07,6.11254273555486e-07,6.111747513620409e-07,6.110952649017632e-07,6.110158141834116e-07,6.10936399176756e-07,6.108570198645933e-07,6.107776762399851e-07,6.106983682390908e-07,6.10619095852072e-07,6.10539859157091e-07,6.104606578865348e-07,6.10381492237089e-07,6.103023619894873e-07,6.10223267193449e-07,6.101442078364595e-07,6.10065183783667e-07,6.099861952208188e-07,6.099072420146206e-07,6.098283241376132e-07,6.09749441562561e-07,6.096705942620234e-07,6.095917822087281e-07,6.095130053760027e-07,6.094342637369193e-07,6.093555573256984e-07,6.092768859913014e-07,6.091982497820003e-07,6.091196486393338e-07,6.090410825589511e-07,6.08962551503414e-07,6.08884055452532e-07,6.088055943826688e-07,6.087271682568676e-07,6.086487770532264e-07,6.085704207448992e-07,6.084920993049539e-07,6.084138127065636e-07,6.083355609228797e-07,6.082573439271092e-07,6.081791617353277e-07,6.081010142352415e-07,6.080229014290525e-07,6.079448233290517e-07,6.078667799260264e-07,6.077887711384489e-07,6.077107969181316e-07,6.076328573125074e-07,6.075549522606284e-07,6.07477081686878e-07,6.073992456037637e-07,6.073214439931055e-07,6.07243676864189e-07,6.071659441084113e-07,6.070882457913424e-07,6.070105817841412e-07,6.069329521140447e-07,6.068553567548502e-07,6.067777956802874e-07,6.067002688641609e-07,6.066227762803184e-07,6.06545317891374e-07,6.064678936808312e-07,6.063905036127686e-07,6.063131476930612e-07,6.062358257685802e-07,6.061585380315967e-07,6.060812843399383e-07,6.060040646768538e-07,6.059268790117851e-07,6.058497273227715e-07,6.057726095764427e-07,6.056955256369001e-07,6.056184757095252e-07,6.05541459632254e-07,6.054644774125808e-07,6.053875290126715e-07,6.053106144050532e-07,6.052337335653159e-07,6.051568864086266e-07,6.050800730139052e-07,6.050032933283291e-07,6.04926547303434e-07,6.048498348829764e-07,6.047731560911575e-07,6.046965108963307e-07,6.046198992529243e-07,6.045433211521769e-07,6.044667765737853e-07,6.043902654645116e-07,6.043137878046574e-07,6.042373436289429e-07,6.041609328232678e-07,6.040845553996826e-07,6.040082113227912e-07,6.039319005919978e-07,6.038556231798323e-07,6.037793790377351e-07,6.037031681653948e-07,6.036269905158825e-07,6.035508460858785e-07,6.034747348375367e-07,6.033986567537825e-07,6.033226118672577e-07,6.032465999690348e-07,6.031706212096528e-07,6.030946755157605e-07,6.030187628800772e-07,6.029428832309947e-07,6.028670366340439e-07,6.027912229206234e-07,6.027154421806554e-07,6.026396941987125e-07,6.025639791806577e-07,6.024882970559516e-07,6.024126478084644e-07,6.023370313308195e-07,6.022614476246909e-07,6.021858966945096e-07,6.021103785093739e-07,6.020348930435787e-07,6.019594402490166e-07,6.01884020118739e-07,6.018086326208312e-07,6.01733277740265e-07,6.016579554550329e-07,6.015826657908135e-07,6.015074086040439e-07,6.014321839801721e-07,6.013569918484392e-07,6.012818321483483e-07,6.01206704892968e-07,6.011316100586417e-07,6.010565476429769e-07,6.009815175832806e-07,6.009065198396868e-07,6.008315545178578e-07,6.007566214197956e-07,6.006817206309556e-07,6.006068520557016e-07,6.00532015711589e-07,6.004572115360195e-07,6.003824395699293e-07,6.003076997801765e-07,6.002329921074873e-07,6.001583165524565e-07,6.000836731037438e-07,6.000090616918459e-07,5.999344822948609e-07,5.99859934925604e-07,5.997854195633215e-07,5.997109361627275e-07,5.996364847576486e-07,5.995620652425867e-07,5.994876776108918e-07,5.994133218427164e-07,5.993389978951357e-07,5.99264705825945e-07,5.991904455368543e-07,5.991162170205548e-07,5.99042020253559e-07,5.98967855208959e-07,5.988937218443846e-07,5.988196201969387e-07,5.9874555013585e-07,5.986715117782374e-07,5.985975050507856e-07,5.985235298073823e-07,5.984495862308138e-07,5.983756741688249e-07,5.983017936425892e-07,5.982279445957375e-07,5.981541270217239e-07,5.980803408942115e-07,5.98006586192945e-07,5.979328629075303e-07,5.978591709898841e-07,5.977855104242858e-07,5.977118812104045e-07,5.976382832962002e-07,5.975647166640063e-07,5.974911813028606e-07,5.974176771945216e-07,5.973442043591446e-07,5.972707626568195e-07,5.971973521503936e-07,5.971239727704851e-07,5.970506245196846e-07,5.969773073900549e-07,5.969040213263223e-07,5.968307663486132e-07,5.967575424329718e-07,5.966843495135663e-07,5.966111875505285e-07,5.965380565439527e-07,5.964649564940392e-07,5.963918873670902e-07,5.963188491410703e-07,5.962458417810782e-07,5.961728652872789e-07,5.960999196157086e-07,5.960270047641954e-07,5.959541207485587e-07,5.95881267450621e-07,5.958084448925004e-07,5.957356530588297e-07,5.95662891929488e-07,5.955901614629611e-07,5.955174616607577e-07,5.954447924859019e-07,5.953721539182216e-07,5.95299546031019e-07,5.952269686170182e-07,5.951544217447818e-07,5.950819054092681e-07,5.950094195518956e-07,5.949369641734799e-07,5.948645392534124e-07,5.947921447591938e-07,5.947197805330877e-07,5.946474468368184e-07,5.945751435036938e-07,5.945028705161246e-07,5.944306278278213e-07,5.943584154573816e-07,5.942862333691522e-07,5.942140815244373e-07,5.941419599244338e-07,5.940698685289597e-07,5.939978073298325e-07,5.939257762925048e-07,5.938537754239817e-07,5.937818046666336e-07,5.937098640029265e-07,5.936379534207954e-07,5.935660728968138e-07,5.934942224078677e-07,5.934224018176505e-07,5.933506113387422e-07,5.932788508272996e-07,5.932071202703787e-07,5.931354196246716e-07,5.930637488726224e-07,5.929921080289302e-07,5.929204970494387e-07,5.928489159124564e-07,5.927773646029377e-07,5.927058430967688e-07,5.926343513665808e-07,5.925628894079009e-07,5.9249145714313e-07,5.924200545940763e-07,5.923486817594144e-07,5.922773386084941e-07,5.922060250789461e-07,5.921347412087715e-07,5.920634869242405e-07,5.91992262228578e-07,5.919210671052115e-07,5.918499015391877e-07,5.917787654710929e-07,5.917076589442884e-07,5.916365818688557e-07,5.915655342717397e-07,5.914945160944862e-07,5.914235273383275e-07,5.913525679783892e-07,5.912816379583861e-07,5.9121073729065e-07,5.91139865958123e-07,5.910690239694777e-07,5.909982112955263e-07,5.909274278453765e-07,5.908566735874647e-07,5.907859486567221e-07,5.907152528962622e-07,5.906445863408969e-07,5.905739489543755e-07,5.905033407326989e-07,5.904327615991217e-07,5.903622115856623e-07,5.902916905827567e-07,5.902211987099483e-07,5.901507358715245e-07,5.900803020493693e-07,5.90009897231681e-07,5.899395213754135e-07,5.898691744959426e-07,5.897988565546839e-07,5.897285675310789e-07,5.89658307404604e-07,5.895880761547225e-07,5.895178737609356e-07,5.894477002027635e-07,5.893775554640918e-07,5.89307439515818e-07,5.892373523461956e-07,5.891672939261332e-07,5.890972642396211e-07,5.890272632662766e-07,5.88957290985783e-07,5.888873473821854e-07,5.888174324308937e-07,5.88747546105972e-07,5.886776883983162e-07,5.886078592764786e-07,5.885380587120041e-07,5.884682867182207e-07,5.883985432356355e-07,5.883288282787398e-07,5.882591418029696e-07,5.881894837785458e-07,5.881198542228214e-07,5.880502530734823e-07,5.879806804370258e-07,5.879111361095676e-07,5.87841620178144e-07,5.877721325706398e-07,5.877026733251902e-07,5.876332423726534e-07,5.875638397654373e-07,5.874944653738999e-07,5.874251192330291e-07,5.873558013229432e-07,5.87286511623804e-07,5.872172501158019e-07,5.871480167791055e-07,5.870788115939387e-07,5.870096345405247e-07,5.86940485599133e-07,5.868713647500261e-07,5.868022719734894e-07,5.867332072498368e-07,5.866641705594094e-07,5.865951618825483e-07,5.86526181199619e-07,5.86457228491026e-07,5.863883037371662e-07,5.863194069184808e-07,5.862505380154163e-07,5.861816970084252e-07,5.86112883878018e-07,5.860440986046914e-07,5.859753411689774e-07,5.859066115514053e-07,5.858379097325693e-07,5.85769235693031e-07,5.85700589413406e-07,5.856319708743253e-07,5.855633800564125e-07,5.854948169403482e-07,5.854262815067973e-07,5.853577737323073e-07,5.85289293605933e-07,5.852208411042324e-07,5.851524162038233e-07,5.850840188896046e-07,5.850156491424479e-07,5.849473069431315e-07,5.848789922724739e-07,5.84810705111362e-07,5.847424454406535e-07,5.846742132412495e-07,5.846060084940234e-07,5.845378311799431e-07,5.844696812799386e-07,5.844015587749898e-07,5.843334636461035e-07,5.842653958742604e-07,5.841973554405238e-07,5.841293423258829e-07,5.840613565114192e-07,5.839933979782113e-07,5.839254667073696e-07,5.83857562679968e-07,5.837896858772152e-07,5.837218362802315e-07,5.836540139004873e-07,5.835862186888159e-07,5.835184506264798e-07,5.834507096946425e-07,5.833829958444388e-07,5.833153091174645e-07,5.832476494649011e-07,5.831800168679891e-07,5.831124113080833e-07,5.830448327664897e-07,5.829772812245863e-07,5.82909756663771e-07,5.828422590654193e-07,5.827747884110304e-07,5.827073446819416e-07,5.82639927859512e-07,5.825725379252925e-07,5.82505174860815e-07,5.824378386476201e-07,5.823705292670873e-07,5.82303246700921e-07,5.822359909305396e-07,5.821687619375694e-07,5.821015597036412e-07,5.82034384210294e-07,5.81967235439324e-07,5.8190011337225e-07,5.818330179907331e-07,5.81765949276468e-07,5.816989072112072e-07,5.816318917766475e-07,5.815649029544984e-07,5.814979407265708e-07,5.814310050745849e-07,5.813640959803978e-07,5.81297213425752e-07,5.812303573925933e-07,5.811635278626259e-07,5.810967248177831e-07,5.81029948239888e-07,5.809631981109157e-07,5.808964744128037e-07,5.80829777127451e-07,5.807631062367929e-07,5.806964617228734e-07,5.806298435675356e-07,5.805632517529256e-07,5.8049668626098e-07,5.804301470738341e-07,5.803636341734506e-07,5.802971475419875e-07,5.802306871614696e-07,5.801642530140316e-07,5.800978450817535e-07,5.800314633468792e-07,5.799651077915336e-07,5.798987783978904e-07,5.798324751480991e-07,5.797661980244814e-07,5.796999470091588e-07,5.796337220844159e-07,5.795675232325831e-07,5.795013504359049e-07,5.794352036766813e-07,5.793690829372202e-07,5.793029881998194e-07,5.792369194468591e-07,5.791708766607652e-07,5.791048598238982e-07,5.790388689185885e-07,5.789729039273714e-07,5.789069648326269e-07,5.788410516167551e-07,5.78775164262314e-07,5.787093027517297e-07,5.786434670675751e-07,5.785776571923071e-07,5.785118731085336e-07,5.78446114798791e-07,5.783803822456056e-07,5.783146754316032e-07,5.78248994339355e-07,5.781833389515533e-07,5.781177092508076e-07,5.780521052197266e-07,5.779865268410701e-07,5.779209740975045e-07,5.778554469717263e-07,5.777899454464102e-07,5.777244695043607e-07,5.776590191283293e-07,5.775935943010735e-07,5.775281950054043e-07,5.77462821224097e-07,5.77397472940003e-07,5.773321501359675e-07,5.772668527947697e-07,5.772015808993115e-07,5.771363344325735e-07,5.770711133773684e-07,5.770059177166311e-07,5.76940747433336e-07,5.768756025104822e-07,5.768104829309265e-07,5.767453886777271e-07,5.766803197338859e-07,5.766152760824568e-07,5.765502577064149e-07,5.76485264588833e-07,5.764202967127287e-07,5.763553540612776e-07,5.762904366175473e-07,5.762255443646529e-07,5.761606772856831e-07,5.760958353637958e-07,5.760310185822619e-07,5.759662269242245e-07,5.759014603728636e-07,5.758367189113292e-07,5.757720025228591e-07,5.757073111907036e-07,5.756426448982107e-07,5.755780036286257e-07,5.755133873652255e-07,5.754487960913876e-07,5.753842297903172e-07,5.753196884454369e-07,5.752551720400724e-07,5.751906805576375e-07,5.751262139814764e-07,5.750617722949675e-07,5.749973554816362e-07,5.749329635248445e-07,5.748685964081397e-07,5.748042541148948e-07,5.747399366285475e-07,5.746756439326548e-07,5.746113760107809e-07,5.745471328464738e-07,5.744829144231939e-07,5.744187207245247e-07,5.743545517340599e-07,5.742904074353443e-07,5.742262878120386e-07,5.741621928477122e-07,5.740981225260371e-07,5.740340768306818e-07,5.73970055745332e-07,5.739060592536387e-07,5.738420873392743e-07,5.737781399860764e-07,5.737142171777191e-07,5.736503188979531e-07,5.735864451304978e-07,5.735225958592138e-07,5.734587710678661e-07,5.733949707401604e-07,5.733311948600593e-07,5.732674434113538e-07,5.732037163779201e-07,5.731400137435219e-07,5.730763354921668e-07,5.730126816077545e-07,5.729490520741175e-07,5.728854468752066e-07,5.728218659950768e-07,5.727583094176096e-07,5.726947771266584e-07,5.726312691064371e-07,5.725677853408628e-07,5.725043258139004e-07,5.724408905096563e-07,5.723774794121581e-07,5.723140925054829e-07,5.722507297737068e-07,5.721873912008721e-07,5.721240767712112e-07,5.720607864687791e-07,5.719975202777078e-07,5.719342781822233e-07,5.718710601664621e-07,5.718078662145789e-07,5.717446963107482e-07,5.716815504393305e-07,5.716184285844002e-07,5.715553307301965e-07,5.714922568610332e-07,5.714292069612538e-07,5.713661810150794e-07,5.7130317900677e-07,5.712402009207295e-07,5.711772467412554e-07,5.711143164527463e-07,5.710514100394882e-07,5.709885274858453e-07,5.709256687599047e-07,5.708628338812914e-07,5.708000227919219e-07,5.707372354996297e-07,5.706744720104892e-07,5.70611732265534e-07,5.705490162719551e-07,5.704863240028404e-07,5.704236554555335e-07,5.703610106443425e-07,5.702983894971282e-07,5.702357920189716e-07,5.701732182045347e-07,5.70110668032035e-07,5.700481414862033e-07,5.699856385540062e-07,5.699231592223624e-07,5.698607034648447e-07,5.697982712756928e-07,5.697358626408839e-07,5.696734775410131e-07,5.696111159607885e-07,5.695487778849089e-07,5.694864632981211e-07,5.694241721851381e-07,5.693619045307158e-07,5.692996603196266e-07,5.692374395366682e-07,5.691752421665753e-07,5.691130681942035e-07,5.690509176043744e-07,5.689887903819173e-07,5.689266865116906e-07,5.688646059785482e-07,5.68802548767352e-07,5.687405148630196e-07,5.68678504250448e-07,5.686165169145631e-07,5.685545528402996e-07,5.684926120125897e-07,5.684306944164112e-07,5.68368800036732e-07,5.683069288585517e-07,5.682450808668656e-07,5.681832560466942e-07,5.681214543830593e-07,5.680596758610097e-07,5.679979204656264e-07,5.679361881819563e-07,5.678744789951106e-07,5.678127928901694e-07,5.677511298522512e-07,5.676894898664859e-07,5.676278729179937e-07,5.675662789919574e-07,5.67504708073537e-07,5.674431601479154e-07,5.673816352002944e-07,5.673201332158555e-07,5.672586541798587e-07,5.671971980775164e-07,5.671357648940985e-07,5.670743546148456e-07,5.670129672250469e-07,5.669516027100063e-07,5.66890261055009e-07,5.668289422453772e-07,5.667676462664447e-07,5.667063731035511e-07,5.66645122742066e-07,5.66583895167344e-07,5.665226903551626e-07,5.664615082832903e-07,5.664003489743849e-07,5.663392124122263e-07,5.662780985552508e-07,5.662170074011262e-07,5.661559389305297e-07,5.660948931097784e-07,5.660338699566067e-07,5.65972869454158e-07,5.659118915625854e-07,5.658509363005758e-07,5.657900035563121e-07,5.6572909347413e-07,5.65668205960129e-07,5.656073410019558e-07,5.655464985831931e-07,5.654856786732434e-07,5.654248812875338e-07,5.653641064022706e-07,5.653033540007111e-07,5.652426240356921e-07,5.65181916550657e-07,5.651212313549713e-07,5.650605686329351e-07,5.649999283560004e-07,5.649393105506048e-07,5.648787151228049e-07,5.648181420617132e-07,5.647575913603929e-07,5.646970630092788e-07,5.646365569694267e-07,5.645760732127939e-07,5.645156117800562e-07,5.644551726303713e-07,5.64394755755259e-07,5.643343611293729e-07,5.642739887463995e-07,5.6421363858771e-07,5.641533106474073e-07,5.640930048995335e-07,5.640327213373417e-07,5.63972459945703e-07,5.639122207142557e-07,5.638520035469739e-07,5.637918085800039e-07,5.637316356438885e-07,5.636714848911236e-07,5.636113562244854e-07,5.635512496184963e-07,5.634911651262075e-07,5.634311025204863e-07,5.633710620471568e-07,5.633110436073639e-07,5.632510470498815e-07,5.631910724608995e-07,5.631311199843586e-07,5.63071189402154e-07,5.630112809181866e-07,5.629513942009511e-07,5.628915294825191e-07,5.628316866682034e-07,5.627718657449543e-07,5.627120667025684e-07,5.626522894471439e-07,5.625925341999e-07,5.625328007631686e-07,5.624730890133742e-07,5.624133991723869e-07,5.623537311039501e-07,5.622940848171802e-07,5.622344603068999e-07,5.621748575523337e-07,5.621152765447398e-07,5.620557171380608e-07,5.619961795550007e-07,5.619366636447305e-07,5.618771694535003e-07,5.618176969293385e-07,5.617582460597518e-07,5.616988168374462e-07,5.616394092451919e-07,5.61580023271761e-07,5.615206588899708e-07,5.61461316112323e-07,5.61401994925363e-07,5.613426952914126e-07,5.612834172031022e-07,5.612241605804403e-07,5.611649255572733e-07,5.611057120396708e-07,5.610465200172584e-07,5.609873494797453e-07,5.609282004095996e-07,5.608690727964956e-07,5.608099665575198e-07,5.607508818018424e-07,5.606918184751294e-07,5.606327765595148e-07,5.605737560242112e-07,5.605147568645879e-07,5.604557790710372e-07,5.603968226121881e-07,5.603378875276808e-07,5.602789737409677e-07,5.602200812904596e-07,5.601612100942297e-07,5.601023601914426e-07,5.600435315644927e-07,5.599847241901825e-07,5.599259380590913e-07,5.598671731653147e-07,5.598084294783213e-07,5.597497069927833e-07,5.596910057026152e-07,5.596323256018079e-07,5.59573666645039e-07,5.59515028842446e-07,5.59456412179414e-07,5.593978166355577e-07,5.593392422499594e-07,5.592806888495509e-07,5.592221566226446e-07,5.591636454471532e-07,5.591051553174298e-07,5.590466863099814e-07,5.589882382620279e-07,5.589298112407978e-07,5.588714050845146e-07,5.588130200642454e-07,5.587546560238047e-07,5.586963129378475e-07,5.586379908063316e-07,5.585796896728412e-07,5.585214094249442e-07,5.584631500960082e-07,5.584049115115371e-07,5.5834669397147e-07,5.582884973090464e-07,5.582303215751862e-07,5.581721664770151e-07,5.581140322244052e-07,5.580559189481709e-07,5.579978264812537e-07,5.579397547957814e-07,5.578817039118078e-07,5.578236738028544e-07,5.57765664466059e-07,5.577076758687322e-07,5.576497079396228e-07,5.575917606749099e-07,5.575338342515249e-07,5.574759285529116e-07,5.574180435062495e-07,5.573601790647755e-07,5.573023353471407e-07,5.57244512276058e-07,5.571867098350222e-07,5.571289280189339e-07,5.570711668113338e-07,5.570134262043024e-07,5.569557061162888e-07,5.568980065211163e-07,5.568403276137943e-07,5.567826692590317e-07,5.56725031436983e-07,5.566674141371841e-07,5.566098172641014e-07,5.565522408855603e-07,5.564946850684649e-07,5.564371496585959e-07,5.563796347708015e-07,5.563221403304851e-07,5.56264666317519e-07,5.562072127243298e-07,5.561497795383463e-07,5.560923667471447e-07,5.560349743382136e-07,5.55977602302114e-07,5.559202506224057e-07,5.558629192904119e-07,5.558056082139661e-07,5.557483175296233e-07,5.556910471956015e-07,5.5563379711763e-07,5.555765672487305e-07,5.55519357723769e-07,5.554621684558202e-07,5.554049993568337e-07,5.55347850568339e-07,5.552907219987053e-07,5.552336136377794e-07,5.551765254733145e-07,5.551194574929847e-07,5.550624096564452e-07,5.550053819957363e-07,5.549483744941796e-07,5.548913870540066e-07,5.548344196722821e-07,5.547774725392027e-07,5.547205455043915e-07,5.546636384882099e-07,5.546067516097495e-07,5.545498847729233e-07,5.544930379982254e-07,5.544362112706662e-07,5.543794045697129e-07,5.543226178548596e-07,5.542658510299222e-07,5.542091043316837e-07,5.541523774809273e-07,5.540956706633764e-07,5.540389838587402e-07,5.539823169699334e-07,5.539256699298761e-07,5.538690428868346e-07,5.538124357712211e-07,5.537558484665754e-07,5.536992811000564e-07,5.536427335515662e-07,5.535862059321353e-07,5.53529698156667e-07,5.5347321018954e-07,5.534167420660912e-07,5.533602937506611e-07,5.533038652398185e-07,5.532474565045531e-07,5.531910675414174e-07,5.531346983385093e-07,5.530783488241186e-07,5.530220190990833e-07,5.529657091031098e-07,5.529094188101979e-07,5.528531481346391e-07,5.52796897243044e-07,5.527406660244096e-07,5.526844544749301e-07,5.526282625786991e-07,5.525720902129189e-07,5.525159375809794e-07,5.524598045736765e-07,5.524036910710162e-07,5.523475971128142e-07,5.522915228881808e-07,5.522354682341951e-07,5.521794330555692e-07,5.521234174178328e-07,5.520674214003045e-07,5.520114449141319e-07,5.519554879372577e-07,5.518995504606365e-07,5.518436324711813e-07,5.517877339599524e-07,5.517318549138693e-07,5.516759952003498e-07,5.516201550530809e-07,5.515643342460639e-07,5.515085329440791e-07,5.514527510490324e-07,5.513969884354249e-07,5.51341245199337e-07,5.512855214553169e-07,5.512298170718735e-07,5.511741320373037e-07,5.511184663234199e-07,5.510628198016146e-07,5.51007192744374e-07,5.50951584989802e-07,5.508959965203447e-07,5.508404273365186e-07,5.507848774208038e-07,5.507293467455394e-07,5.506738353315226e-07,5.506183431511328e-07,5.505628701107028e-07,5.505074163631518e-07,5.504519818148256e-07,5.503965664487986e-07,5.503411701697951e-07,5.502857931449614e-07,5.502304352144793e-07,5.501750964859786e-07,5.501197768794041e-07,5.500644763927046e-07,5.50009194924433e-07,5.499539326496249e-07,5.498986894604857e-07,5.498434652622936e-07,5.497882602102327e-07,5.497330741484364e-07,5.49677907115183e-07,5.496227591989401e-07,5.49567630277732e-07,5.495125203585672e-07,5.494574294428158e-07,5.494023575094861e-07,5.493473044559613e-07,5.492922704571267e-07,5.492372554079214e-07,5.491822592838245e-07,5.491272819507886e-07,5.490723236330105e-07,5.490173842711236e-07,5.489624638021853e-07,5.489075622160009e-07,5.488526794989231e-07,5.487978156347028e-07,5.487429706196697e-07,5.48688144451914e-07,5.486333370627834e-07,5.485785485380203e-07,5.485237788147233e-07,5.484690278835832e-07,5.484142957234383e-07,5.48359582347596e-07,5.483048877406349e-07,5.482502118691095e-07,5.481955547393866e-07,5.481409163398547e-07,5.480862966527257e-07,5.480316956646804e-07,5.479771133563721e-07,5.479225497447204e-07,5.47868004807407e-07,5.478134785356454e-07,5.477589708215114e-07,5.477044818378462e-07,5.476500114746704e-07,5.47595559729859e-07,5.475411264986421e-07,5.474867119529734e-07,5.474323159893623e-07,5.473779386081458e-07,5.473235797744023e-07,5.472692395146193e-07,5.472149177615739e-07,5.471606144708236e-07,5.47106329791212e-07,5.470520635588973e-07,5.469978158787017e-07,5.469435866964379e-07,5.468893759824987e-07,5.468351837339188e-07,5.467810099380488e-07,5.467268545806575e-07,5.466727176517394e-07,5.466185991416114e-07,5.465644990515837e-07,5.465104173568466e-07,5.464563540534891e-07,5.464023091239553e-07,5.463482824522046e-07,5.462942742505435e-07,5.462402843947494e-07,5.461863128753076e-07,5.461323596743788e-07,5.460784248148251e-07,5.46024508162791e-07,5.459706098747433e-07,5.459167298699356e-07,5.458628681345517e-07,5.458090246593491e-07,5.457551994221335e-07,5.45701392358863e-07,5.456476036011735e-07,5.455938330674135e-07,5.455400807280555e-07,5.454863465931345e-07,5.454326306364344e-07,5.453789327982968e-07,5.453252531804937e-07,5.452715917245294e-07,5.452179483972196e-07,5.451643231973556e-07,5.451107161378498e-07,5.450571271865361e-07,5.450035562168173e-07,5.449500033877965e-07,5.448964686366473e-07,5.448429520270389e-07,5.447894534268238e-07,5.447359729627571e-07,5.446825105332782e-07,5.446290660700915e-07,5.445756395842812e-07,5.445222311405538e-07,5.444688407261071e-07,5.444154683084839e-07,5.443621138556286e-07,5.443087773981736e-07,5.442554587908905e-07,5.442021581888193e-07,5.441488755341824e-07,5.440956108032067e-07,5.440423639726212e-07,5.439891350573464e-07,5.439359240210164e-07,5.438827307795014e-07,5.438295554449282e-07,5.437763979631589e-07,5.437232584156378e-07,5.436701366355482e-07,5.436170327506166e-07,5.435639466187441e-07,5.435108783686666e-07,5.43457827951253e-07,5.43404795290113e-07,5.433517804697283e-07,5.432987834085323e-07,5.432458041013872e-07,5.431928424902204e-07,5.431398986183552e-07,5.430869724816495e-07,5.430340640547113e-07,5.429811733821673e-07,5.429283003151542e-07,5.428754449941955e-07,5.428226073234389e-07,5.42769787254534e-07,5.42716984925613e-07,5.426642002378073e-07,5.426114331097448e-07,5.425586836206378e-07,5.425059518071142e-07,5.424532376036609e-07,5.424005409845755e-07,5.42347861963767e-07,5.422952005045308e-07,5.422425566262282e-07,5.421899303984338e-07,5.421373216193661e-07,5.420847303970377e-07,5.420321566786041e-07,5.419796005336485e-07,5.419270618354234e-07,5.418745406490734e-07,5.418220369297461e-07,5.417695507814779e-07,5.417170820036319e-07,5.416646306808663e-07,5.416121968034448e-07,5.415597803643771e-07,5.415073813471106e-07,5.414549997481265e-07,5.414026354805895e-07,5.413502886807741e-07,5.41297959183155e-07,5.412456471424239e-07,5.411933524671841e-07,5.411410751470944e-07,5.410888151344477e-07,5.410365724210968e-07,5.409843471086921e-07,5.409321391136179e-07,5.408799484288358e-07,5.408277750345775e-07,5.407756189327451e-07,5.407234801012379e-07,5.406713585383696e-07,5.406192542302916e-07,5.405671671690937e-07,5.405150973449132e-07,5.404630447479581e-07,5.404110093685513e-07,5.403589911184389e-07,5.40306990144919e-07,5.402550062801031e-07,5.402030396734024e-07,5.401510902349521e-07,5.40099157947913e-07,5.400472428181147e-07,5.399953447546951e-07,5.39943463893948e-07,5.398916001426242e-07,5.398397535115095e-07,5.397879239813728e-07,5.397361115416512e-07,5.396843161070213e-07,5.396325378204381e-07,5.395807765948635e-07,5.395290324214476e-07,5.394773052919009e-07,5.39425595246412e-07,5.393739021747337e-07,5.393222261180472e-07,5.392705670442775e-07,5.392189249812302e-07,5.39167299909452e-07,5.391156918056368e-07,5.390641006739824e-07,5.390125264914266e-07,5.389609691754687e-07,5.389094288814059e-07,5.388579055094642e-07,5.38806399056042e-07,5.387549095090005e-07,5.387034368683025e-07,5.386519811080868e-07,5.386005422290437e-07,5.385491202188088e-07,5.384977151303067e-07,5.384463268362106e-07,5.383949553842825e-07,5.383436007587194e-07,5.38292262963802e-07,5.382409419882114e-07,5.381896378102466e-07,5.381383504163879e-07,5.38087079806285e-07,5.380358259798083e-07,5.379845889103531e-07,5.379333685970159e-07,5.378821650361227e-07,5.378309782059939e-07,5.377798081049875e-07,5.377286547224337e-07,5.376775180486139e-07,5.376263980749412e-07,5.375752947919114e-07,5.375242081889018e-07,5.374731382575179e-07,5.374220849881087e-07,5.37371048394235e-07,5.373200284216864e-07,5.372690250828507e-07,5.372180383764122e-07,5.37167068287115e-07,5.37116114797318e-07,5.370651779020151e-07,5.370142576051308e-07,5.369633538782371e-07,5.369124667181629e-07,5.368615961176332e-07,5.368107420707377e-07,5.367599045644322e-07,5.36709083589785e-07,5.3665827913507e-07,5.36607491194802e-07,5.365567197615478e-07,5.36505964826791e-07,5.364552263716021e-07,5.364045043933051e-07,5.36353798883399e-07,5.363031098355332e-07,5.362524372322444e-07,5.362017810681861e-07,5.361511413451975e-07,5.361005180342963e-07,5.360499111359366e-07,5.359993206411725e-07,5.359487465402996e-07,5.358981888303192e-07,5.358476474912372e-07,5.35797122516979e-07,5.357466139023815e-07,5.356961216351031e-07,5.356456457136528e-07,5.355951861245056e-07,5.355447428540194e-07,5.35494315895142e-07,5.354439053029048e-07,5.353935109346228e-07,5.353431328521145e-07,5.352927710448631e-07,5.352424255095977e-07,5.351920962344949e-07,5.351417832014341e-07,5.350914864186716e-07,5.350412058655427e-07,5.349909415246072e-07,5.349406933964172e-07,5.348904614715531e-07,5.348402457599305e-07,5.347900462162138e-07,5.347398628487212e-07,5.346896956492041e-07,5.346395446087505e-07,5.345894097192447e-07,5.345392909708498e-07,5.344891883435367e-07,5.344391018664592e-07,5.343890314864185e-07,5.343389772118562e-07,5.342889390400288e-07,5.342389169499278e-07,5.341889109373618e-07,5.341389209966607e-07,5.340889471148391e-07,5.340389892873664e-07,5.339890475069777e-07,5.339391217552706e-07,5.338892120285325e-07,5.338393183207443e-07,5.337894406180606e-07,5.33739578920452e-07,5.33689733207089e-07,5.336399034757423e-07,5.335900897157584e-07,5.335402919215942e-07,5.334905100802007e-07,5.334407441808867e-07,5.333909942243715e-07,5.333412601961516e-07,5.332915420885911e-07,5.33241839891545e-07,5.331921535949907e-07,5.33142483200848e-07,5.330928286836504e-07,5.330431900432581e-07,5.329935672696333e-07,5.329439603596199e-07,5.328943692939198e-07,5.328447940688082e-07,5.327952346764896e-07,5.327456911080287e-07,5.326961633814577e-07,5.326466514284094e-07,5.325971552862863e-07,5.325476749313091e-07,5.324982103531642e-07,5.324487615445188e-07,5.323993285085043e-07,5.323499112173944e-07,5.32300509676291e-07,5.322511238687259e-07,5.322017537896857e-07,5.321523994360778e-07,5.321030607946473e-07,5.320537378496912e-07,5.320044305988614e-07,5.319551390337192e-07,5.319058631605568e-07,5.318566029416667e-07,5.318073583821922e-07,5.317581294917058e-07,5.317089162333285e-07,5.316597186016785e-07,5.316105365975461e-07,5.315613702364384e-07,5.315122194577499e-07,5.314630842785136e-07,5.314139646915026e-07,5.313648606868302e-07,5.313157722609955e-07,5.312666994235682e-07,5.312176420805821e-07,5.311686003227073e-07,5.311195741466326e-07,5.310705634639925e-07,5.31021568302997e-07,5.309725887193911e-07,5.309236245809586e-07,5.30874675947675e-07,5.308257428045198e-07,5.307768251433053e-07,5.307279229534982e-07,5.306790362232685e-07,5.306301649532786e-07,5.305813091324824e-07,5.305324687501641e-07,5.304836437940788e-07,5.304348342642257e-07,5.303860401888809e-07,5.303372614786598e-07,5.302884981640622e-07,5.302397502388041e-07,5.30191017702256e-07,5.301423005300501e-07,5.300935987333926e-07,5.300449122816847e-07,5.299962411790384e-07,5.299475854166239e-07,5.298989449834265e-07,5.298503198706914e-07,5.298017100759024e-07,5.297531155860188e-07,5.297045363993509e-07,5.296559724978277e-07,5.296074238811693e-07,5.295588906324802e-07,5.295103725491079e-07,5.29461869722261e-07,5.294133821438104e-07,5.293649098048427e-07,5.293164526712237e-07,5.292680107955673e-07,5.292195841893916e-07,5.291711727995493e-07,5.291227765380335e-07,5.290743954693647e-07,5.290260295820795e-07,5.28977678869093e-07,5.289293433233439e-07,5.288810229393721e-07,5.288327177051176e-07,5.28784427606626e-07,5.287361526433391e-07,5.286878927670724e-07,5.286396480446198e-07,5.285914184315306e-07,5.285432039191489e-07,5.284950044997163e-07,5.284468201655797e-07,5.28398650906249e-07,5.283504967191941e-07,5.283023575905384e-07,5.282542335136566e-07,5.282061244908892e-07,5.281580304965642e-07,5.281099515282666e-07,5.280618875251446e-07,5.280138385891776e-07,5.279658046575386e-07,5.279177857209183e-07,5.278697818006273e-07,5.278217928319358e-07,5.277738188349682e-07,5.277258597613034e-07,5.276779156863998e-07,5.276299865570989e-07,5.275820723618712e-07,5.275341731032179e-07,5.274862887685593e-07,5.274384193489141e-07,5.273905648373359e-07,5.273427252272979e-07,5.272949005091226e-07,5.272470906734736e-07,5.271992957182444e-07,5.271515156248757e-07,5.271037503997663e-07,5.270560000200455e-07,5.270082644830839e-07,5.26960543782616e-07,5.269128379094184e-07,5.268651468564795e-07,5.268174706164484e-07,5.267698091731913e-07,5.267221625237589e-07,5.266745306681219e-07,5.266269135998035e-07,5.265793113083885e-07,5.265317238117863e-07,5.26484151038292e-07,5.264365930087077e-07,5.263890497244218e-07,5.263415211741877e-07,5.262940073496157e-07,5.262465082522167e-07,5.261990238556446e-07,5.26151554161433e-07,5.261040991611001e-07,5.260566588476276e-07,5.260092332130228e-07,5.2596182224926e-07,5.259144259348577e-07,5.258670442888433e-07,5.258196772925495e-07,5.25772324934762e-07,5.257249872090102e-07,5.256776641014065e-07,5.256303556243173e-07,5.255830617480452e-07,5.255357824722193e-07,5.254885177592622e-07,5.254412677289515e-07,5.253940322112909e-07,5.25346811262815e-07,5.252996048810115e-07,5.252524130485744e-07,5.252052357575583e-07,5.251580730085098e-07,5.251109247972391e-07,5.250637911948082e-07,5.250166720263646e-07,5.249695673604036e-07,5.249224771868913e-07,5.248754014526871e-07,5.248283402285265e-07,5.247812935114194e-07,5.247342612871414e-07,5.246872435118916e-07,5.246402401915988e-07,5.245932512987644e-07,5.245462768577133e-07,5.244993168550162e-07,5.244523712778747e-07,5.244054401184011e-07,5.243585232658146e-07,5.243116209158594e-07,5.242647329678378e-07,5.24217859385056e-07,5.241710001871272e-07,5.241241553681466e-07,5.240773249045368e-07,5.240305088049268e-07,5.239837070584876e-07,5.239369196405325e-07,5.238901465570447e-07,5.238433877985122e-07,5.23796643366332e-07,5.237499132485509e-07,5.237031974345246e-07,5.236564959117966e-07,5.236098086698594e-07,5.23563135717114e-07,5.235164770295573e-07,5.234698326119109e-07,5.234232024553547e-07,5.233765865493207e-07,5.2332998488071e-07,5.23283397453968e-07,5.232368242544307e-07,5.231902652768596e-07,5.231437205050876e-07,5.230971899471483e-07,5.230506736556201e-07,5.230041714822882e-07,5.229576834972654e-07,5.229112096884427e-07,5.228647500565584e-07,5.228183045826012e-07,5.227718732610525e-07,5.227254560800968e-07,5.226790530144029e-07,5.226326642413454e-07,5.225862894497481e-07,5.225399287832553e-07,5.224935822333085e-07,5.224472497309046e-07,5.224009313679387e-07,5.223546270347149e-07,5.223083368378847e-07,5.222620607175139e-07,5.222157986810413e-07,5.221695507180813e-07,5.22123316713927e-07,5.220770968381708e-07,5.220308909737062e-07,5.21984699129713e-07,5.219385213103797e-07,5.218923575114665e-07,5.218462077267092e-07,5.218000719299686e-07,5.217539501180133e-07,5.217078423439524e-07,5.216617485551843e-07,5.216156686798176e-07,5.215696027730483e-07,5.215235509017813e-07,5.214775128925539e-07,5.214314888309539e-07,5.213854787028849e-07,5.213394825019695e-07,5.212935002263812e-07,5.212475318548658e-07,5.212015773918284e-07,5.211556368284835e-07,5.211097101538965e-07,5.210637973628428e-07,5.210178984402094e-07,5.209720134451135e-07,5.209261422428334e-07,5.20880284913645e-07,5.208344414318355e-07,5.207886117934893e-07,5.207427959851154e-07,5.206969939949468e-07,5.206512058532098e-07,5.206054314826256e-07,5.205596709273383e-07,5.205139241760289e-07,5.204681912157991e-07,5.204224720337729e-07,5.203767666326739e-07,5.203310750033463e-07,5.202853971353712e-07,5.202397330192439e-07,5.201940826541606e-07,5.201484460257206e-07,5.201028231302098e-07,5.200572139611768e-07,5.200116185112229e-07,5.199660367215989e-07,5.199204686884123e-07,5.198749143597374e-07,5.198293736974797e-07,5.197838467420929e-07,5.197383334571756e-07,5.196928338780801e-07,5.196473479290266e-07,5.19601875612727e-07,5.195564170110693e-07,5.195109720311046e-07,5.194655406583295e-07,5.194201229195876e-07,5.193747188594545e-07,5.193293283464034e-07,5.192839514487585e-07,5.192385882070213e-07,5.191932384738989e-07,5.191479023449863e-07,5.191025797940728e-07,5.190572708443958e-07,5.190119754280579e-07,5.189666935509088e-07,5.189214252296331e-07,5.188761704458197e-07,5.188309292185288e-07,5.187857015170051e-07,5.187404873416395e-07,5.18695286614515e-07,5.186500995017608e-07,5.186049258583066e-07,5.185597657093356e-07,5.185146191234637e-07,5.184694859381473e-07,5.184243661678885e-07,5.183792599918253e-07,5.183341672091476e-07,5.182890879778211e-07,5.1824402207427e-07,5.181989696748697e-07,5.181539306615448e-07,5.181089050748394e-07,5.180638929836769e-07,5.180188942264568e-07,5.179739089444953e-07,5.179289370384984e-07,5.178839784609124e-07,5.178390333651982e-07,5.177941015681796e-07,5.177491831776486e-07,5.177042781142044e-07,5.176593864111337e-07,5.176145081076322e-07,5.175696431038202e-07,5.175247914316057e-07,5.174799531186631e-07,5.174351280797237e-07,5.173903164691062e-07,5.173455180576149e-07,5.173007330212017e-07,5.172559612204425e-07,5.17211202710143e-07,5.17166457513337e-07,5.171217255663673e-07,5.170770069160529e-07,5.170323015418815e-07,5.169876094511276e-07,5.169429305616072e-07,5.168982649555991e-07,5.16853612563371e-07,5.168089733837684e-07,5.167643473941372e-07,5.167197346502861e-07,5.166751351493478e-07,5.166305487868658e-07,5.165859756309883e-07,5.165414155946425e-07,5.164968688330833e-07,5.164523352149919e-07,5.164078147469841e-07,5.163633074530864e-07,5.163188133462095e-07,5.162743324213988e-07,5.162298646027086e-07,5.161854099107905e-07,5.161409683537294e-07,5.160965398950572e-07,5.160521245971951e-07,5.160077223609679e-07,5.159633332874523e-07,5.159189572471653e-07,5.158745942959718e-07,5.158302444214421e-07,5.157859077059004e-07,5.157415839789599e-07,5.156972733802812e-07,5.156529757697011e-07,5.156086912774152e-07,5.155644197781106e-07,5.155201612930838e-07,5.154759158442247e-07,5.154316834300269e-07,5.15387463992987e-07,5.153432576127668e-07,5.152990642049644e-07,5.152548837718967e-07,5.152107163468215e-07,5.15166561911049e-07,5.151224204548337e-07,5.150782919416427e-07,5.150341763942293e-07,5.149900738040762e-07,5.149459841837205e-07,5.149019075702356e-07,5.148578438049496e-07,5.14813792978476e-07,5.147697550729041e-07,5.147257301185086e-07,5.146817180047656e-07,5.14637718852962e-07,5.145937326533438e-07,5.145497591830109e-07,5.145057987019342e-07,5.144618510986915e-07,5.144179163715844e-07,5.143739945669108e-07,5.143300855641219e-07,5.14286189411017e-07,5.142423061184845e-07,5.141984356493275e-07,5.141545780191336e-07,5.141107332126568e-07,5.140669012268983e-07,5.140230820531397e-07,5.139792756917764e-07,5.139354821491676e-07,5.138917014785614e-07,5.138479334895306e-07,5.138041783187159e-07,5.137604359008383e-07,5.137167062878822e-07,5.1367298940007e-07,5.136292852690979e-07,5.13585593881287e-07,5.135419152774474e-07,5.134982493221442e-07,5.134545961536122e-07,5.134109557152198e-07,5.133673279855856e-07,5.133237130152407e-07,5.132801106804175e-07,5.132365210726842e-07,5.131929441550405e-07,5.131493799206607e-07,5.131058283501818e-07,5.130622894723703e-07,5.130187632553371e-07,5.129752497059757e-07,5.129317488089397e-07,5.128882605648063e-07,5.128447849886592e-07,5.128013220204996e-07,5.12757871725176e-07,5.127144340080666e-07,5.126710089093119e-07,5.126275964182122e-07,5.125841965807935e-07,5.125408092671324e-07,5.124974346009463e-07,5.124540724804361e-07,5.1241072294452e-07,5.12367386020083e-07,5.123240616572051e-07,5.12280749831283e-07,5.122374505848005e-07,5.121941638576539e-07,5.121508896726599e-07,5.121076280234233e-07,5.120643788835715e-07,5.120211422923126e-07,5.119779181825673e-07,5.11934706615353e-07,5.118915075500217e-07,5.118483210149123e-07,5.118051469120635e-07,5.117619853338697e-07,5.117188362224498e-07,5.116756995792115e-07,5.116325754085077e-07,5.11589463680298e-07,5.115463644341173e-07,5.115032776047746e-07,5.11460203244681e-07,5.114171413186061e-07,5.113740918229413e-07,5.11331054753234e-07,5.112880301020188e-07,5.112450178311214e-07,5.112020179727416e-07,5.111590305418584e-07,5.111160554981104e-07,5.110730928398895e-07,5.110301425443311e-07,5.109872046900957e-07,5.109442791442366e-07,5.109013659802063e-07,5.108584651674304e-07,5.108155767094347e-07,5.107727005937713e-07,5.107298368135446e-07,5.106869853680687e-07,5.106441462473352e-07,5.106013194462182e-07,5.105585049623233e-07,5.105157028337545e-07,5.104729129596573e-07,5.104301353847402e-07,5.103873700947012e-07,5.103446171289166e-07,5.103018764288038e-07,5.102591479423656e-07,5.102164317740245e-07,5.101737278382977e-07,5.101310361346303e-07,5.100883566735977e-07,5.100456894838303e-07,5.10003034552041e-07,5.099603918490694e-07,5.099177613374311e-07,5.098751430783627e-07,5.098325370253503e-07,5.097899431317537e-07,5.097473614478016e-07,5.097047919622177e-07,5.09662234674345e-07,5.096196895725038e-07,5.095771566411895e-07,5.095346358511702e-07,5.094921272827666e-07,5.094496308373768e-07,5.094071465193043e-07,5.093646743749177e-07,5.093222143692609e-07,5.092797665177556e-07,5.092373307738739e-07,5.091949071863796e-07,5.091524956582317e-07,5.091100962615313e-07,5.090677089519397e-07,5.090253337568381e-07,5.089829706361183e-07,5.089406196210203e-07,5.088982806579786e-07,5.0885595376982e-07,5.088136389586756e-07,5.087713361944374e-07,5.087290454866152e-07,5.086867668988298e-07,5.086445003177911e-07,5.086022457502352e-07,5.08560003242158e-07,5.085177727646815e-07,5.084755543069281e-07,5.084333478415491e-07,5.083911534055486e-07,5.083489709914371e-07,5.083068005568013e-07,5.08264642132716e-07,5.082224956808231e-07,5.08180361204468e-07,5.081382386706509e-07,5.080961281416839e-07,5.080540295486344e-07,5.080119429019312e-07,5.079698682402595e-07,5.07927805519974e-07,5.078857547106937e-07,5.078437158333809e-07,5.07801688915925e-07,5.077596738890163e-07,5.077176708096305e-07,5.076756796443292e-07,5.076337003820256e-07,5.075917330160912e-07,5.075497775456345e-07,5.075078339624231e-07,5.074659022407183e-07,5.074239824307309e-07,5.073820744725636e-07,5.073401783514685e-07,5.072982941183914e-07,5.072564217193854e-07,5.072145611544784e-07,5.071727124957914e-07,5.0713087566036e-07,5.070890506325504e-07,5.070472374307805e-07,5.070054360438956e-07,5.069636463987479e-07,5.069218685985242e-07,5.068801026314759e-07,5.068383484923759e-07,5.067966061156082e-07,5.067548755149608e-07,5.067131566979675e-07,5.066714496520216e-07,5.06629754340551e-07,5.06588070824407e-07,5.065463990745532e-07,5.065047390599592e-07,5.06463090799283e-07,5.064214542801205e-07,5.063798294844068e-07,5.063382164114706e-07,5.062966150016755e-07,5.062550253379023e-07,5.062134474816077e-07,5.061718812766545e-07,5.061303267593775e-07,5.060887839311253e-07,5.060472527904264e-07,5.060057333351712e-07,5.059642255515195e-07,5.059227294741956e-07,5.058812450256204e-07,5.058397722345951e-07,5.057983111000062e-07,5.057568615999768e-07,5.057154237581164e-07,5.056739975547041e-07,5.056325829688134e-07,5.055911800165503e-07,5.055497886895911e-07,5.05508408993815e-07,5.054670408847542e-07,5.054256843768763e-07,5.053843394742791e-07,5.05343006158834e-07,5.05301684451424e-07,5.052603743042352e-07,5.052190757322605e-07,5.051777887343816e-07,5.05136513295295e-07,5.050952494180332e-07,5.050539970625883e-07,5.050127562829998e-07,5.049715269923403e-07,5.049303092870302e-07,5.048891031186781e-07,5.048479084752257e-07,5.048067253537336e-07,5.047655537468953e-07,5.047243936469183e-07,5.046832450499237e-07,5.046421079532414e-07,5.046009823541254e-07,5.045598682477718e-07,5.045187656120617e-07,5.044776744518663e-07,5.044365947668533e-07,5.043955265367645e-07,5.043544697704575e-07,5.04313424440995e-07,5.042723905916583e-07,5.042313681818146e-07,5.041903572032852e-07,5.041493576522312e-07,5.041083695256207e-07,5.040673928359132e-07,5.040264275454634e-07,5.039854736651355e-07,5.039445311893055e-07,5.039036001124602e-07,5.038626804421226e-07,5.038217721480891e-07,5.037808752366921e-07,5.037399897031659e-07,5.036991155448476e-07,5.036582527525772e-07,5.03617401306652e-07,5.035765612374798e-07,5.03535732510009e-07,5.03494915151214e-07,5.034541090574736e-07,5.034133143346398e-07,5.033725309676592e-07,5.03331758908684e-07,5.032909981722931e-07,5.032502487479201e-07,5.032095106040991e-07,5.031687837045836e-07,5.031280681775299e-07,5.030873639468346e-07,5.030466710048639e-07,5.030059893418977e-07,5.029653189566587e-07,5.029246598709001e-07,5.028840120177334e-07,5.028433754381422e-07,5.028027500965197e-07,5.027621360061627e-07,5.02721533158652e-07,5.026809415444175e-07,5.026403611638535e-07,5.025997920081014e-07,5.025592341634279e-07,5.025186874566615e-07,5.024781519542716e-07,5.024376276635875e-07,5.023971145678218e-07,5.023566127068974e-07,5.023161219919212e-07,5.022756424708641e-07,5.022351740969429e-07,5.021947169283855e-07,5.021542709106014e-07,5.021138360686062e-07,5.020734123829053e-07,5.02032999843926e-07,5.019925984560167e-07,5.019522082028284e-07,5.019118291055762e-07,5.018714611321967e-07,5.018311042845233e-07,5.017907585262117e-07,5.017504239150279e-07,5.017101004234559e-07,5.016697880278587e-07,5.016294867302963e-07,5.015891964944645e-07,5.015489173482197e-07,5.015086493151079e-07,5.014683923583611e-07,5.014281464502498e-07,5.013879116387815e-07,5.013476879756347e-07,5.013074752746653e-07,5.012672735757186e-07,5.012270829608641e-07,5.011869034205079e-07,5.011467348832042e-07,5.011065774115931e-07,5.010664310159828e-07,5.010262955588219e-07,5.009861712432072e-07,5.009460578475722e-07,5.009059554586095e-07,5.008658640785144e-07,5.008257836869467e-07,5.007857142955731e-07,5.007456558802472e-07,5.007056084318468e-07,5.006655719646042e-07,5.006255464782171e-07,5.005855319540568e-07,5.005455283566094e-07,5.005055357502595e-07,5.004655540891739e-07,5.004255833744755e-07,5.003856236402671e-07,5.003456747987206e-07,5.003057368862101e-07,5.002658098968254e-07,5.002258938275081e-07,5.001859886721324e-07,5.001460944484146e-07,5.001062111067117e-07,5.000663386625779e-07,5.000264771126691e-07,4.999866264499345e-07,4.999467866762861e-07,4.999069577994363e-07,4.998671397705214e-07,4.998273326076553e-07,4.997875363404759e-07,4.997477508951432e-07,4.997079763280337e-07,4.996682125828245e-07,4.996284596807573e-07,4.995887176220057e-07,4.995489863924709e-07,4.995092659299148e-07,4.994695563494882e-07,4.994298575860521e-07,4.993901696242513e-07,4.993504924704711e-07,4.993108261177986e-07,4.992711705803372e-07,4.992315258184e-07,4.99191891859857e-07,4.99152268666439e-07,4.991126562639151e-07,4.990730546332394e-07,4.990334637852172e-07,4.989938836764501e-07,4.98954314324263e-07,4.989147557242235e-07,4.988752078762495e-07,4.988356706943203e-07,4.987961443182577e-07,4.987566286710089e-07,4.987171237541594e-07,4.986776295471453e-07,4.986381460714883e-07,4.985986733045352e-07,4.985592112249679e-07,4.985197598662197e-07,4.984803192120445e-07,4.984408892436797e-07,4.984014699278496e-07,4.983620613328106e-07,4.983226634079886e-07,4.982832761557669e-07,4.98243899570535e-07,4.982045336454586e-07,4.981651783604497e-07,4.98125833745886e-07,4.980864997782667e-07,4.980471764536724e-07,4.980078637681616e-07,4.979685617755639e-07,4.979292703547484e-07,4.978899895411031e-07,4.978507193541498e-07,4.978114597857858e-07,4.977722108342914e-07,4.977329724705563e-07,4.976937447111725e-07,4.97654527544449e-07,4.976153209637066e-07,4.975761249626995e-07,4.975369395471811e-07,4.97497764697953e-07,4.974586004182916e-07,4.974194467019281e-07,4.973803035440641e-07,4.973411709452723e-07,4.973020488985395e-07,4.972629373887033e-07,4.972238364181009e-07,4.971847459879306e-07,4.971456660943924e-07,4.971065967179221e-07,4.970675378552287e-07,4.970284894988284e-07,4.969894516615062e-07,4.969504243181501e-07,4.969114074868766e-07,4.96872401151023e-07,4.968334052946611e-07,4.967944199437099e-07,4.967554450646812e-07,4.967164806987101e-07,4.966775267674258e-07,4.966385833207591e-07,4.965996503235444e-07,4.965607277773567e-07,4.965218156829405e-07,4.964829140268472e-07,4.964440228132783e-07,4.96405142048725e-07,4.963662717483798e-07,4.963274118448855e-07,4.962885623662253e-07,4.962497233063339e-07,4.962108946591708e-07,4.961720764210773e-07,4.961332685873356e-07,4.960944711585831e-07,4.960556841185985e-07,4.960169074570909e-07,4.959781411923705e-07,4.959393853146546e-07,4.959006398023139e-07,4.958619046702124e-07,4.95823179952984e-07,4.957844655496233e-07,4.957457614957681e-07,4.957070678086727e-07,4.956683844543718e-07,4.956297114422365e-07,4.955910487588507e-07,4.955523964143623e-07,4.955137543952496e-07,4.954751227347984e-07,4.954365013616679e-07,4.953978902929673e-07,4.953592895442803e-07,4.953206991077165e-07,4.952821189644371e-07,4.952435491156108e-07,4.952049895587413e-07,4.951664402916555e-07,4.951279013009437e-07,4.950893726045263e-07,4.950508541614915e-07,4.950123459854208e-07,4.949738480717448e-07,4.94935360404523e-07,4.948968829958348e-07,4.948584158411633e-07,4.948199589210692e-07,4.947815122439193e-07,4.947430758313757e-07,4.947046496196172e-07,4.946662336364594e-07,4.946278278728022e-07,4.94589432313188e-07,4.945510469758893e-07,4.945126718461078e-07,4.944743069064217e-07,4.944359521729971e-07,4.94397607622257e-07,4.943592732903872e-07,4.94320949121052e-07,4.942826351458315e-07,4.942443313071242e-07,4.942060376609149e-07,4.941677541834337e-07,4.941294808558579e-07,4.940912176870688e-07,4.940529646510385e-07,4.940147217758535e-07,4.939764891711494e-07,4.93938266559564e-07,4.939000541116443e-07,4.938618517842297e-07,4.93823659575431e-07,4.937854774838551e-07,4.937473055470991e-07,4.937091436781744e-07,4.936709919155106e-07,4.93632850256086e-07,4.935947186907434e-07,4.935565972238343e-07,4.935184858318847e-07,4.934803845108507e-07,4.934422932861723e-07,4.934042121155512e-07,4.933661410313438e-07,4.933280800048192e-07,4.932900290293053e-07,4.932519881136233e-07,4.932139572478043e-07,4.931759364272966e-07,4.931379256501154e-07,4.930999249011662e-07,4.930619341904684e-07,4.930239533927784e-07,4.929859827311409e-07,4.929480220877724e-07,4.929100714508482e-07,4.92872130832077e-07,4.928342002151878e-07,4.92796279598286e-07,4.927583689807206e-07,4.927204683718321e-07,4.926825777323203e-07,4.926446970710536e-07,4.926068263872327e-07,4.925689656762049e-07,4.925311149338464e-07,4.924932741567742e-07,4.924554433377482e-07,4.924176224695139e-07,4.923798115557839e-07,4.923420105499899e-07,4.9230421951724e-07,4.922664384243695e-07,4.922286672079715e-07,4.921909059656925e-07,4.921531546609578e-07,4.921154133693583e-07,4.92077681911994e-07,4.92039960352405e-07,4.920022487012842e-07,4.919645469772707e-07,4.919268551792398e-07,4.918891731942011e-07,4.918515010815806e-07,4.918138388887285e-07,4.91776186583751e-07,4.917385441480598e-07,4.917009115774027e-07,4.916632888750096e-07,4.916256760360729e-07,4.915880730510196e-07,4.915504799214983e-07,4.915128966402588e-07,4.914753232028791e-07,4.914377596040015e-07,4.914002058472042e-07,4.913626619123314e-07,4.913251278039807e-07,4.91287603517153e-07,4.912500890470124e-07,4.912125843763454e-07,4.911750895269217e-07,4.911376043373186e-07,4.911001290931895e-07,4.910626636441953e-07,4.910252079817966e-07,4.909877621085818e-07,4.909503260189158e-07,4.909128997065314e-07,4.908754831988531e-07,4.908380764221593e-07,4.90800679417723e-07,4.907632921674964e-07,4.907259146786433e-07,4.906885469671647e-07,4.906511889753934e-07,4.906138407264223e-07,4.905765022158688e-07,4.905391734394282e-07,4.905018543927338e-07,4.904645450718883e-07,4.904272454716661e-07,4.903899556317503e-07,4.903526754606586e-07,4.903154050173245e-07,4.902781442587229e-07,4.902408931998536e-07,4.902036518350548e-07,4.901664201610044e-07,4.901291981733807e-07,4.900919858688443e-07,4.900547832412012e-07,4.900175903206443e-07,4.899804070356874e-07,4.899432334156083e-07,4.899060694428797e-07,4.898689151396924e-07,4.898317704920474e-07,4.897946354885487e-07,4.897575101368103e-07,4.897203944158387e-07,4.896832883301216e-07,4.896461918755611e-07,4.896091050470366e-07,4.895720278212307e-07,4.89534960189793e-07,4.894979021909494e-07,4.894608537943847e-07,4.894238150323947e-07,4.893867858450302e-07,4.893497662582254e-07,4.893127562919713e-07,4.892757559070314e-07,4.892387651050731e-07,4.892017838835225e-07,4.891648122366617e-07,4.891278502416147e-07,4.890908977136736e-07,4.890539547667562e-07,4.890170213779834e-07,4.889800975431565e-07,4.889431832580243e-07,4.889062785196458e-07,4.888693833211861e-07,4.888324976616578e-07,4.887956215336592e-07,4.88758754962134e-07,4.887218978875896e-07,4.88685050333159e-07,4.886482122932336e-07,4.886113837644219e-07,4.88574564748228e-07,4.885377552310042e-07,4.885009551934112e-07,4.884641647402768e-07,4.884273837085868e-07,4.883906121609044e-07,4.883538500985166e-07,4.883170975131959e-07,4.882803544034112e-07,4.882436207605906e-07,4.882068965881673e-07,4.881701818838979e-07,4.881334766263262e-07,4.880967808236834e-07,4.880600944691714e-07,4.880234175637761e-07,4.879867500950109e-07,4.87950092062188e-07,4.879134434762228e-07,4.878768043029382e-07,4.878401745530957e-07,4.878035542180118e-07,4.877669433015759e-07,4.877303418002215e-07,4.876937497049076e-07,4.876571670142608e-07,4.876205937111428e-07,4.875840298167321e-07,4.875474753110676e-07,4.875109301841709e-07,4.874743944337774e-07,4.87437868074305e-07,4.874013510909532e-07,4.873648434776085e-07,4.873283452296306e-07,4.872918562426804e-07,4.87255376713584e-07,4.872189065280368e-07,4.871824457171732e-07,4.871459942344548e-07,4.871095520878698e-07,4.870731193587296e-07,4.870366959034831e-07,4.87000281764815e-07,4.869638769533749e-07,4.869274814616146e-07,4.868910952276423e-07,4.868547183435446e-07,4.868183507830379e-07,4.867819925330455e-07,4.867456435853703e-07,4.867093039346704e-07,4.866729735747493e-07,4.866366524895873e-07,4.866003407036431e-07,4.865640381989313e-07,4.86527744969066e-07,4.864914610104862e-07,4.864551863228615e-07,4.864189208986761e-07,4.863826647335562e-07,4.863464178238465e-07,4.863101801469815e-07,4.862739517368447e-07,4.862377325686417e-07,4.86201522652486e-07,4.861653219641831e-07,4.861291305063285e-07,4.860929482764699e-07,4.860567752844991e-07,4.860206114963998e-07,4.859844569247678e-07,4.859483115652402e-07,4.859121753908291e-07,4.858760484423441e-07,4.858399306916238e-07,4.858038221550269e-07,4.857677227908742e-07,4.857316326158453e-07,4.856955516092738e-07,4.856594797973887e-07,4.856234171607773e-07,4.855873637571522e-07,4.855513194803176e-07,4.855152843470093e-07,4.854792583720855e-07,4.854432415622683e-07,4.854072339057803e-07,4.853712353862087e-07,4.853352460105565e-07,4.852992657743228e-07,4.85263294676606e-07,4.852273327070236e-07,4.851913799734935e-07,4.851554362667765e-07,4.851195016732444e-07,4.850835761664151e-07,4.850476598437257e-07,4.85011752547186e-07,4.849758543922321e-07,4.849399653382789e-07,4.849040853871144e-07,4.848682145167917e-07,4.848323527158416e-07,4.847964999010998e-07,4.847606562922608e-07,4.847248217509767e-07,4.846889962821001e-07,4.846531798817636e-07,4.846173725329775e-07,4.845815742582283e-07,4.845457850401853e-07,4.845100048755584e-07,4.844742337591925e-07,4.844384716860591e-07,4.844027186406104e-07,4.843669746771191e-07,4.843312397160229e-07,4.842955137827032e-07,4.842597968775095e-07,4.842240889936463e-07,4.841883901308575e-07,4.841527002485968e-07,4.84117019405606e-07,4.840813475689011e-07,4.840456847321941e-07,4.840100308941118e-07,4.839743860516575e-07,4.839387502021212e-07,4.83903123323549e-07,4.838675054403917e-07,4.838318965354753e-07,4.83796296576628e-07,4.837607056066682e-07,4.837251236191018e-07,4.836895505912216e-07,4.836539865225072e-07,4.836184314127682e-07,4.835828853411916e-07,4.83547348126285e-07,4.835118198288595e-07,4.834763005006916e-07,4.83440790108294e-07,4.834052886482465e-07,4.833697961146778e-07,4.833343125065092e-07,4.832988377979269e-07,4.832633720243334e-07,4.832279151639457e-07,4.831924672038e-07,4.83157028173939e-07,4.831215980332583e-07,4.830861768203497e-07,4.830507644585025e-07,4.830153610008424e-07,4.829799664148268e-07,4.829445807290999e-07,4.829092038839787e-07,4.828738360013419e-07,4.828384769376793e-07,4.828031266951238e-07,4.827677853635789e-07,4.827324528895877e-07,4.826971293534639e-07,4.826618145880431e-07,4.826265086504035e-07,4.825912115704588e-07,4.825559233190564e-07,4.825206439257931e-07,4.824853733600487e-07,4.824501116272705e-07,4.824148587200699e-07,4.823796146347623e-07,4.823443793286477e-07,4.823091528757231e-07,4.822739352319885e-07,4.82238726392992e-07,4.822035263607664e-07,4.821683351277696e-07,4.821331526873853e-07,4.820979790462729e-07,4.820628141879273e-07,4.820276580815489e-07,4.819925107876426e-07,4.819573722974531e-07,4.819222426356245e-07,4.818871216606216e-07,4.818520094512698e-07,4.818169060033984e-07,4.817818113114594e-07,4.817467253731276e-07,4.817116482393105e-07,4.816765797947484e-07,4.816415200992208e-07,4.816064691468555e-07,4.815714269261456e-07,4.815363934372153e-07,4.815013686768285e-07,4.814663526404053e-07,4.814313453246169e-07,4.813963467247555e-07,4.81361356839139e-07,4.813263756630005e-07,4.812914031930042e-07,4.81256439426378e-07,4.812214843505621e-07,4.811865379774648e-07,4.811516002831409e-07,4.811166712882686e-07,4.810817509760075e-07,4.810468393482428e-07,4.810119363936402e-07,4.809770421035962e-07,4.809421565586254e-07,4.809072796085303e-07,4.808724113160892e-07,4.808375516774705e-07,4.808027006808615e-07,4.807678583529404e-07,4.80733024682025e-07,4.806981996466717e-07,4.806633832440493e-07,4.806285754904807e-07,4.805937763610224e-07,4.805589858576119e-07,4.805242039814554e-07,4.804894307260677e-07,4.804546660880387e-07,4.804199100637842e-07,4.803851626513256e-07,4.803504238522003e-07,4.803156935356426e-07,4.802809719323779e-07,4.802462589046969e-07,4.802115544340657e-07,4.801768585993324e-07,4.80142171354453e-07,4.801074926914484e-07,4.8007282260363e-07,4.800381610919218e-07,4.800035081511882e-07,4.799688637544303e-07,4.799342279401018e-07,4.798996007221616e-07,4.798649820273743e-07,4.798303718831928e-07,4.797957702868131e-07,4.797611772336611e-07,4.797265927229008e-07,4.796920167498076e-07,4.796574493062392e-07,4.796228904056429e-07,4.795883400237318e-07,4.795537981433839e-07,4.795192648024913e-07,4.794847399775673e-07,4.794502236649089e-07,4.794157158470018e-07,4.793812165519978e-07,4.7934672575602e-07,4.793122434590063e-07,4.792777696389361e-07,4.79243304327323e-07,4.792088475017713e-07,4.791743991603097e-07,4.791399592978855e-07,4.791055279121707e-07,4.790711050005896e-07,4.790366905593052e-07,4.79002284582843e-07,4.789678869678865e-07,4.789334978802188e-07,4.788991172817296e-07,4.788647451320999e-07,4.788303814089592e-07,4.78796026157817e-07,4.78761679340032e-07,4.787273409848068e-07,4.78693011061185e-07,4.786586895443176e-07,4.786243764585829e-07,4.785900717957389e-07,4.785557755523105e-07,4.78521487723172e-07,4.784872083085495e-07,4.784529373028905e-07,4.784186747027371e-07,4.783844205030842e-07,4.78350174697594e-07,4.783159372933435e-07,4.782817082863228e-07,4.782474876993391e-07,4.782132754609705e-07,4.781790716009399e-07,4.78144876124163e-07,4.781106890271333e-07,4.78076510300249e-07,4.780423399308595e-07,4.78008177921145e-07,4.779740242792383e-07,4.779398789933276e-07,4.779057420593075e-07,4.778716134720841e-07,4.778374932677244e-07,4.778033813708848e-07,4.777692778105986e-07,4.77735182585917e-07,4.777010956986385e-07,4.776670171337444e-07,4.776329469310539e-07,4.775988850545974e-07,4.775648314544605e-07,4.775307861794711e-07,4.774967492116385e-07,4.774627205578217e-07,4.774287002021904e-07,4.773946881448135e-07,4.773606843858777e-07,4.77326688919755e-07,4.772927017369092e-07,4.772587228414555e-07,4.772247522327583e-07,4.771907899010933e-07,4.771568358378484e-07,4.771228900577018e-07,4.770889525458811e-07,4.770550232941993e-07,4.770211023112769e-07,4.769871895813748e-07,4.769532851159983e-07,4.769193889130933e-07,4.768855009489165e-07,4.768516212261147e-07,4.768177497459958e-07,4.76783886504402e-07,4.7675003149820793e-07,4.76716184730176e-07,4.766823461840253e-07,4.766485158629446e-07,4.7661469376372054e-07,4.7658087988200155e-07,4.765470742154622e-07,4.7651327676031657e-07,4.7647948751292126e-07,4.7644570647034596e-07,4.764119336281129e-07,4.7637816898417754e-07,4.763444125346331e-07,4.763106642752375e-07,4.7627692420397685e-07,4.7624319231685826e-07,4.762094686096996e-07,4.7617575307983266e-07,4.761420457238505e-07,4.761083465390966e-07,4.760746555207431e-07,4.7604097266613424e-07,4.760072979718697e-07,4.7597363143458543e-07,4.7593997305090453e-07,4.7590632281742526e-07,4.758726807307962e-07,4.75839046787634e-07,4.7580542098457895e-07,4.7577180331824707e-07,4.757381937852907e-07,4.757045923823238e-07,4.756709991036506e-07,4.756374139505811e-07,4.756038369174315e-07,4.755702680008318e-07,4.755367071974462e-07,4.755031544995646e-07,4.754696099125229e-07,4.754360734286366e-07,4.754025450445392e-07,4.753690247568978e-07,4.7533551256236894e-07,4.753020085007226e-07,4.752685125255851e-07,4.7523502459032835e-07,4.7520154479506076e-07,4.751680730310501e-07,4.7513460932124305e-07,4.751011537273199e-07,4.750677062017364e-07,4.7503426674762294e-07,4.7500083529635805e-07,4.7496741190219126e-07,4.749339965607307e-07,4.749005892694836e-07,4.748671900253109e-07,4.7483379884259273e-07,4.748004156811668e-07,4.74767040556241e-07,4.747336734656086e-07,4.7470031440438323e-07,4.7466696336982464e-07,4.7463362035873985e-07,4.7460028536773496e-07,4.745669583935047e-07,4.7453363943288584e-07,4.7450032848250876e-07,4.744670255388479e-07,4.7443373062258015e-07,4.7440044372430246e-07,4.7436716480136735e-07,4.743338938520595e-07,4.743006308935847e-07,4.7426737594325126e-07,4.7423412899627187e-07,4.742008900350776e-07,4.741676590054176e-07,4.741344359922279e-07,4.7410122094810687e-07,4.7406801385359475e-07,4.7403481474279306e-07,4.740016235480837e-07,4.739684403147936e-07,4.7393526503580233e-07,4.7390209770807906e-07,4.7386893832783437e-07,4.7383578690893213e-07,4.738026434135979e-07,4.7376950785574743e-07,4.737363802353297e-07,4.7370326054772695e-07,4.7367014877477854e-07,4.736370449233759e-07,4.7360394901366564e-07,4.735708610058275e-07,4.735377809246331e-07,4.7350470875834503e-07,4.734716445233855e-07,4.7343858818409774e-07,4.7340553973892726e-07,4.733724991886237e-07,4.733394665427021e-07,4.733064418032255e-07,4.7327342495298696e-07,4.732404159594488e-07,4.732074148593238e-07,4.731744216453218e-07,4.73141436301095e-07,4.7310845879799005e-07,4.7307548922861244e-07,4.7304252750265223e-07,4.7300957366398903e-07,4.7297662771505334e-07,4.729436895943258e-07,4.7291075926626297e-07,4.7287783686347033e-07,4.7284492226706595e-07,4.728120155244716e-07,4.727791165797117e-07,4.7274622552518336e-07,4.727133422861632e-07,4.7268046687481983e-07,4.7264759930438294e-07,4.726147395783103e-07,4.725818876514092e-07,4.725490435478999e-07,4.725162072330663e-07,4.72483378781235e-07,4.724505580913212e-07,4.724177452701745e-07,4.723849402075764e-07,4.723521429708712e-07,4.723193534983764e-07,4.722865718290587e-07,4.7225379795409327e-07,4.7222103184829684e-07,4.7218827353407574e-07,4.721555230048256e-07,4.7212278024665435e-07,4.7209004527127336e-07,4.7205731807081303e-07,4.720245986448101e-07,4.719918869658504e-07,4.7195918306229954e-07,4.7192648692098785e-07,4.718937985364637e-07,4.718611179007626e-07,4.718284450121672e-07,4.7179577983916413e-07,4.7176312239655354e-07,4.7173047273784333e-07,4.7169783079617173e-07,4.716651966344095e-07,4.7163257014520183e-07,4.7159995142548116e-07,4.7156734040570847e-07,4.7153473710811605e-07,4.715021415371971e-07,4.714695536730592e-07,4.714369735215934e-07,4.7140440107782854e-07,4.713718363502048e-07,4.713392793249704e-07,4.713067300005755e-07,4.7127418837252637e-07,4.712416544288038e-07,4.7120912818323933e-07,4.711766096246532e-07,4.711440987519096e-07,4.711115955594118e-07,4.7107910004481765e-07,4.7104661220448616e-07,4.710141320271809e-07,4.7098165953039735e-07,4.709491946954001e-07,4.70916737523184e-07,4.708842880104661e-07,4.708518461539963e-07,4.708194119498623e-07,4.707869854140609e-07,4.707545665406537e-07,4.7072215527631163e-07,4.706897516597005e-07,4.706573556743161e-07,4.7062496732352273e-07,4.7059258660510836e-07,4.705602135141481e-07,4.705278480285884e-07,4.7049549018536287e-07,4.7046313994304985e-07,4.70430797318064e-07,4.7039846232295477e-07,4.703661349371029e-07,4.703338151615711e-07,4.703015029855193e-07,4.702691984119765e-07,4.702369014361532e-07,4.7020461205487944e-07,4.701723302653758e-07,4.701400560692526e-07,4.7010778952550045e-07,4.7007553049250055e-07,4.700432790979536e-07,4.700110352208755e-07,4.699787989124574e-07,4.6994657015899967e-07,4.699143490142996e-07,4.698821354076119e-07,4.698499293613105e-07,4.6981773091027685e-07,4.6978553997758644e-07,4.697533566029233e-07,4.697211807717891e-07,4.6968901248629864e-07,4.6965685174904177e-07,4.69624698550324e-07,4.6959255289136957e-07,4.6956041476022694e-07,4.695282841434499e-07,4.694961610786448e-07,4.6946404551687934e-07,4.6943193747562777e-07,4.69399836946589e-07,4.693677439594822e-07,4.6933565846649844e-07,4.693035805009734e-07,4.6927151004504573e-07,4.6923944701719444e-07,4.6920739156296543e-07,4.6917534365808877e-07,4.691433031789386e-07,4.691112701931975e-07,4.690792447131084e-07,4.6904722671155906e-07,4.6901521619768935e-07,4.689832131655896e-07,4.689512176068428e-07,4.689192295249584e-07,4.688872489177114e-07,4.6885527577665943e-07,4.688233101023784e-07,4.687913518915342e-07,4.6875940113785786e-07,4.687274578393439e-07,4.686955219938438e-07,4.6866359360153726e-07,4.6863167265471535e-07,4.685997591520663e-07,4.685678530906249e-07,4.685359544666744e-07,4.6850406327876475e-07,4.684721795231788e-07,4.6844030319694614e-07,4.6840843429711855e-07,4.683765728207331e-07,4.683447187648423e-07,4.683128721308032e-07,4.682810329070348e-07,4.682492010832271e-07,4.682173766863216e-07,4.681855596909907e-07,4.681537500960858e-07,4.681219478897738e-07,4.6809015309391417e-07,4.6805836570179345e-07,4.6802658564966447e-07,4.6799481303619503e-07,4.679630478202022e-07,4.6793128997690697e-07,4.678995394985587e-07,4.6786779639740056e-07,4.6783606066883885e-07,4.6780433231355835e-07,4.677726113227488e-07,4.677408976969559e-07,4.677091914328839e-07,4.6767749252565427e-07,4.676458009531761e-07,4.6761411676098164e-07,4.675824399134916e-07,4.675507704119603e-07,4.675191082570764e-07,4.674874534428311e-07,4.674558059706781e-07,4.67424165831066e-07,4.6739253301126584e-07,4.673609075340483e-07,4.673292893835896e-07,4.6729767855701056e-07,4.672660750514621e-07,4.6723447886401837e-07,4.672028900010131e-07,4.6717130844097493e-07,4.6713973418931237e-07,4.6710816725770387e-07,4.6707660762179455e-07,4.670450552900452e-07,4.670135102464653e-07,4.6698197252089606e-07,4.669504420704483e-07,4.6691891890512807e-07,4.66887403026156e-07,4.668558944348276e-07,4.6682439312821066e-07,4.66792899091024e-07,4.6676141232868665e-07,4.6672993283833653e-07,4.666984606225278e-07,4.666669956664679e-07,4.666355379785261e-07,4.666040875660927e-07,4.6657264440010897e-07,4.665412084670621e-07,4.6650977981271785e-07,4.664783583645366e-07,4.664469442447298e-07,4.664155373206391e-07,4.663841375516837e-07,4.6635274510987695e-07,4.6632135989501865e-07,4.6628998195081504e-07,4.662586112530356e-07,4.662272476939651e-07,4.6619589137223054e-07,4.6616454226185716e-07,4.6613320039537806e-07,4.6610186573938164e-07,4.660705382998417e-07,4.660392180788162e-07,4.660079050467121e-07,4.659765992252653e-07,4.659453005992971e-07,4.659140091769721e-07,4.658827249450177e-07,4.658514479105516e-07,4.6582017807006845e-07,4.657889154163439e-07,4.6575765993129524e-07,4.657264116384866e-07,4.6569517051487866e-07,4.656639365934441e-07,4.656327098213678e-07,4.656014902293892e-07,4.655702778034071e-07,4.6553907254190033e-07,4.6550787445738795e-07,4.654766835065433e-07,4.654454997386184e-07,4.654143231049251e-07,4.653831536188399e-07,4.653519912808799e-07,4.6532083608544514e-07,4.652896880335444e-07,4.652585471191212e-07,4.652274133400311e-07,4.6519628669598414e-07,4.651651671807234e-07,4.6513405479263175e-07,4.6510294953100147e-07,4.650718513912859e-07,4.650407603696584e-07,4.650096764781779e-07,4.6497859968691055e-07,4.649475300067022e-07,4.649164674343254e-07,4.6488541196288355e-07,4.648543635983447e-07,4.648233223314167e-07,4.6479228816404726e-07,4.647612610077075e-07,4.6473024102484176e-07,4.646992281455212e-07,4.646682223341267e-07,4.6463722361006764e-07,4.6460623197785254e-07,4.645752474096023e-07,4.645442699175905e-07,4.6451329949796307e-07
14,2.8403185140398634e-64,1.1959668578286473e-63,3.1337085293092397e-63,6.541098703887233e-63,1.1900293732428537e-62,1.97296350798672e-62,3.0584590323528133e-62,4.505990906897624e-62,6.3791992308415596e-62,8.746101529710366e-62,1.1679264215274332e-61,1.5255931923023666e-61,1.955811991438076e-61,2.4672676789775424e-61,3.0691324674274872e-61,3.771068305350499e-61,4.583228119715508e-61,5.516256291682215e-61,6.58128863893747e-61,7.789952096817158e-61,9.15436422901402e-61,1.0687132653713265e-60,1.2401354439137553e-60,1.431061550057455e-60,1.6428990016387664e-60,1.8771039871126419e-60,2.1351814128113446e-60,2.4186848530558208e-60,2.7292165028521824e-60,3.068427132833543e-60,3.438016046092746e-60,3.839731036574895e-60,4.2753683487319464e-60,4.746772638187816e-60,5.255836933201275e-60,5.804502596756096e-60,6.394759289140324e-60,7.02864493090568e-60,7.708245666122586e-60,8.435695825864468e-60,9.213177891871281e-60,1.0042922460353348e-59,1.0927208205907387e-59,1.1868361845521143e-59,1.2868758102651904e-59,1.3930819671366625e-59,1.505701718053174e-59,1.6249869158051015e-59,1.7511941995142293e-59,1.8845849910650509e-59,2.025425491539551e-59,2.17398667765517e-59,2.3305442982058105e-59,2.4953788705058296e-59,2.6687756768369243e-59,2.8510247608978003e-59,3.0424209242566697e-59,3.2432637228065343e-59,3.453857463223087e-59,3.674511199425528e-59,3.9055387290398687e-59,4.147258589865133e-59,4.399994056342109e-59,4.6640731360248695e-59,4.939828566054955e-59,5.227597809638206e-59,5.527723052524324e-59,5.8405511994890245e-59,6.166433870819033e-59,6.5057273987994395e-59,6.858792824204037e-59,7.2259958927881365e-59,7.607707051784145e-59,8.004301446399685e-59,8.416158916318454e-59,8.843663992203748e-59,9.28720589220459e-59,9.747178518464535e-59,1.0223980453633078e-58,1.07180149573798e-58,1.1229689962911076e-58,1.1759418073489376e-58,1.2307616558955508e-58,1.2874707352252982e-58,1.3461117045955477e-58,1.4067276888796718e-58,1.469362278220304e-58,1.5340595276828565e-58,1.6008639569093012e-58,1.6698205497722084e-58,1.7409747540290728e-58,1.8143724809768384e-58,1.8900601051068033e-58,1.968084463759626e-58,2.048492856780732e-58,2.1313330461759182e-58,2.216653255767224e-58,2.304502170849073e-58,2.3949289378446615e-58,2.487983163962649e-58,2.5837149168540235e-58,2.6821747242693308e-58,2.783413573716078e-58,2.8874829121164575e-58,2.9944346454652927e-58,3.1043211384882596e-58,3.217195214300365e-58,3.333110154064667e-58,3.452119696651304e-58,3.574278038296715e-58,3.699639832263172e-58,3.8282601884985416e-58,3.9601946732963125e-58,4.0954993089558826e-58,4.234230573443109e-58,4.3764454000511025e-58,4.5222011770612844e-58,4.67155574740471e-58,4.824567408323633e-58,4.9812949110333415e-58,5.141797460384244e-58,5.3061347145241954e-58,5.474366784561118e-58,5.646554234225836e-58,5.822758079535199e-58,6.0030397884554344e-58,6.187461280565788e-58,6.376084926722375e-58,6.568973548722304e-58,6.766190418968129e-58,6.9677992601324e-58,7.173864244822589e-58,7.384449995246265e-58,7.59962158287646e-58,7.819444528117386e-58,8.043984799970231e-58,8.273308815699411e-58,8.507483440499008e-58,8.746575987159357e-58,8.990654215734009e-58,9.23978633320692e-58,9.494040993159827e-58,9.753487295439984e-58,1.0018194785828049e-57,1.0288233455706344e-57,1.0563673741727164e-57,1.0844586525481565e-57,1.1131043133168244e-57,1.1423115335262803e-57,1.1720875346187072e-57,1.2024395823978898e-57,1.2333749869962046e-57,1.2649011028416384e-57,1.2970253286248352e-57,1.3297551072661635e-57,1.3630979258828063e-57,1.3970613157558864e-57,1.431652852297612e-57,1.4668801550184343e-57,1.5027508874942556e-57,1.5392727573336346e-57,1.57645351614504e-57,1.6143009595041192e-57,1.652822926920975e-57,1.6920273018075052e-57,1.7319220114447345e-57,1.772515026950184e-57,1.8138143632452604e-57,1.8558280790226788e-57,1.898564276713901e-57,1.9420311024566011e-57,1.9862367460621563e-57,2.0311894409831668e-57,2.07689746428099e-57,2.1233691365933114e-57,2.1706128221017343e-57,2.218636928499385e-57,2.2674499069585623e-57,2.317060252098395e-57,2.3674765019525306e-57,2.418707237936848e-57,2.470761084817198e-57,2.523646710677155e-57,2.577372826885812e-57,2.6319481880655896e-57,2.687381592060062e-57,2.7436818799018283e-57,2.800857935780386e-57,2.858918687010045e-57,2.9178731039978553e-57,2.977730200211567e-57,3.038499032147606e-57,3.100188699299084e-57,3.162808344123828e-57,3.226367152012428e-57,3.290874351256316e-57,3.3563392130158783e-57,3.4227710512885657e-57,3.490179222877054e-57,3.5585731273574165e-57,3.627962207047318e-57,3.6983559469742474e-57,3.7697638748437544e-57,3.842195561007721e-57,3.91566061843267e-57,3.990168702668062e-57,4.0657295118146546e-57,4.1423527864928696e-57,4.2200483098111714e-57,4.298825907334493e-57,4.3786954470526715e-57,4.45966683934891e-57,4.541750036968265e-57,4.6249550349861597e-57,4.709291870776914e-57,4.7947706239823085e-57,4.881401416480159e-57,4.969194412352928e-57,5.0581598178563505e-57,5.148307881388102e-57,5.239648893456451e-57,5.332193186648982e-57,5.425951135601312e-57,5.520933156965834e-57,5.617149709380501e-57,5.714611293437611e-57,5.813328451652632e-57,5.913311768433046e-57,6.014571870047218e-57,6.117119424593282e-57,6.22096514196805e-57,6.326119773835968e-57,6.432594113598053e-57,6.540398996360902e-57,6.649545298905684e-57,6.760043939657174e-57,6.871905878652814e-57,6.985142117511788e-57,7.09976369940413e-57,7.215781709019834e-57,7.333207272538031e-57,7.452051557596127e-57,7.572325773259032e-57,7.694041169988344e-57,7.817209039611643e-57,7.941840715291698e-57,8.067947571495791e-57,8.195541023965026e-57,8.324632529683663e-57,8.455233586848467e-57,8.587355734838094e-57,8.721010554182525e-57,8.856209666532454e-57,8.992964734628754e-57,9.131287462271962e-57,9.271189594291762e-57,9.412682916516528e-57,9.555779255742845e-57,9.700490479705088e-57,9.846828497045011e-57,9.994805257281363e-57,1.0144432750779521e-56,1.0295723008721155e-56,1.04486881030739e-56,1.0603340146561073e-56,1.0759691292631402e-56,1.0917753735428777e-56,1.1077539709762008e-56,1.123906149107464e-56,1.1402331395414783e-56,1.156736177940491e-56,1.173416504021179e-56,1.1902753615516331e-56,1.2073139983483497e-56,1.2245336662732261e-56,1.2419356212305529e-56,1.2595211231640165e-56,1.277291436053695e-56,1.295247827913067e-56,1.313391570786007e-56,1.3317239407438004e-56,1.3502462178821507e-56,1.3689596863181906e-56,1.3878656341874961e-56,1.406965353641103e-56,1.4262601408425244e-56,1.445751295964773e-56,1.465440123187383e-56,1.4853279306934369e-56,1.5054160306665896e-56,1.5257057392881002e-56,1.5461983767338655e-56,1.5668952671714534e-56,1.5877977387571367e-56,1.6089071236329348e-56,1.6302247579236548e-56,1.651751981733935e-56,1.6734901391452852e-56,1.6954405782131427e-56,1.7176046509639154e-56,1.7399837133920365e-56,1.762579125457021e-56,1.7853922510805192e-56,1.8084244581433778e-56,1.831677118482698e-56,1.8551516078889027e-56,1.8788493061028007e-56,1.902771596812653e-56,1.9269198676512433e-56,1.9512955101929518e-56,1.9758999199508317e-56,2.0007344963736791e-56,2.0258006428431167e-56,2.051099766670675e-56,2.0766332790948745e-56,2.102402595278311e-56,2.1284091343047446e-56,2.15465431917619e-56,2.181139576810003e-56,2.2078663380359835e-56,2.2348360375934687e-56,2.2620501141284285e-56,2.2895100101905737e-56,2.3172171722304504e-56,2.3451730505965497e-56,2.37337909953242e-56,2.4018367771737676e-56,2.4305475455455746e-56,2.459512870559214e-56,2.4887342220095615e-56,2.518213073572116e-56,2.5479509028001236e-56,2.5779491911216913e-56,2.6082094238369246e-56,2.638733090115046e-56,2.6695216829915274e-56,2.7005766993652212e-56,2.7318996399954934e-56,2.76349200949936e-56,2.79535531634863e-56,2.827491072867037e-56,2.8599007952273866e-56,2.8925860034487e-56,2.925548221393361e-56,2.958788976764267e-56,2.9923098011019784e-56,3.026112229781867e-56,3.060197802011283e-56,3.0945680608267025e-56,3.12922455309089e-56,3.164168829490065e-56,3.1994024445310574e-56,3.2349269565384787e-56,3.2707439276518943e-56,3.3068549238229864e-56,3.3432615148127315e-56,3.379965274188573e-56,3.4169677793216014e-56,3.4542706113837254e-56,3.4918753553448647e-56,3.529783599970126e-56,3.56799693781699e-56,3.6065169652324963e-56,3.645345282350442e-56,3.68448349308856e-56,3.7239332051457234e-56,3.763696029999143e-56,3.8037735829015534e-56,3.8441674828784286e-56,3.8848793527251744e-56,3.9259108190043403e-56,3.9672635120428177e-56,4.0089390659290524e-56,4.05093911851026e-56,4.093265311389631e-56,4.135919289923556e-56,4.178902703218834e-56,4.222217204129898e-56,4.265864449256031e-56,4.309846098938593e-56,4.3541638172582525e-56,4.398819272032197e-56,4.443814134811387e-56,4.489150080877766e-56,4.534828789241512e-56,4.580851942638257e-56,4.627221227526348e-56,4.6739383340840595e-56,4.721004956206861e-56,4.768422791504644e-56,4.816193541298982e-56,4.86431891062037e-56,4.91280060820548e-56,4.96164034649441e-56,5.0108398416279475e-56,5.060400813444816e-56,5.110324985478942e-56,5.160614084956718e-56,5.21126984279425e-56,5.262293993594644e-56,5.313688275645263e-56,5.365454430914996e-56,5.417594205051532e-56,5.4701093473786355e-56,5.5230016108934185e-56,5.5762727522636215e-56,5.6299245318248895e-56,5.683958713578061e-56,5.738377065186442e-56,5.793181357973105e-56,5.848373366918163e-56,5.903954870656074e-56,5.959927651472926e-56,6.0162934953037245e-56,6.073054191729707e-56,6.130211533975619e-56,6.187767318907032e-56,6.245723347027643e-56,6.304081422476575e-56,6.362843353025682e-56,6.42201095007686e-56,6.481586028659363e-56,6.541570407427116e-56,6.601965908656012e-56,6.662774358241256e-56,6.723997585694656e-56,6.785637424141977e-56,6.847695710320226e-56,6.910174284575008e-56,6.973074990857837e-56,7.036399676723468e-56,7.100150193327234e-56,7.164328395422368e-56,7.2289361413573505e-56,7.293975293073238e-56,7.359447716101001e-56,7.425355279558877e-56,7.4916998561497e-56,7.558483322158253e-56,7.625707557448616e-56,7.69337444546151e-56,7.7614858732116555e-56,7.830043731285118e-56,7.899049913836661e-56,7.968506318587119e-56,8.038414846820746e-56,8.108777403382573e-56,8.17959589667578e-56,8.250872238659051e-56,8.322608344843955e-56,8.394806134292308e-56,8.467467529613537e-56,8.540594456962066e-56,8.614188846034685e-56,8.688252630067924e-56,8.762787745835445e-56,8.837796133645402e-56,8.91327973733785e-56,8.989240504282106e-56,9.065680385374156e-56,9.142601335034025e-56,9.220005311203192e-56,9.297894275341959e-56,9.376270192426858e-56,9.455135030948053e-56,9.534490762906717e-56,9.614339363812468e-56,9.69468281268074e-56,9.775523092030214e-56,9.856862187880194e-56,9.938702089748054e-56,1.0021044790646608e-55,1.0103892287081553e-55,1.0187246579048874e-55,1.0271109670032264e-55,1.0355483567000537e-55,1.0440370280405051e-55,1.052577182417713e-55,1.0611690215725494e-55,1.0698127475933672e-55,1.078508562915744e-55,1.087256670322226e-55,1.0960572729420699e-55,1.1049105742509874e-55,1.1138167780708877e-55,1.1227760885696204e-55,1.1317887102607232e-55,1.1408548480031628e-55,1.1499747070010803e-55,1.1591484928035358e-55,1.168376411304254e-55,1.1776586687413669e-55,1.1869954716971627e-55,1.1963870270978274e-55,1.2058335422131921e-55,1.2153352246564793e-55,1.2248922823840474e-55,1.2345049236951377e-55,1.244173357231621e-55,1.2538977919777434e-55,1.2636784372598747e-55,1.273515502746252e-55,1.2834091984467295e-55,1.2933597347125254e-55,1.3033673222359696e-55,1.3134321720502499e-55,1.3235544955291616e-55,1.3337345043868541e-55,1.3439724106775805e-55,1.3542684267954457e-55,1.3646227654741535e-55,1.3750356397867576e-55,1.3855072631454093e-55,1.396037849301108e-55,1.406627612343448e-55,1.4172767667003715e-55,1.4279855271379156e-55,1.4387541087599644e-55,1.4495827270079959e-55,1.4604715976608374e-55,1.4714209368344114e-55,1.4824309609814875e-55,1.4935018868914364e-55,1.5046339316899755e-55,1.515827312838926e-55,1.5270822481359592e-55,1.5383989557143522e-55,1.5497776540427373e-55,1.5612185619248556e-55,1.5727218984993073e-55,1.5842878832393065e-55,1.5959167359524317e-55,1.6076086767803806e-55,1.6193639261987207e-55,1.631182705016644e-55,1.643065234376721e-55,1.655011735754652e-55,1.6670224309590256e-55,1.6790975421310635e-55,1.6912372917443852e-55,1.7034419026047557e-55,1.7157115978498412e-55,1.728046600948965e-55,1.740447135702863e-55,1.7529134262434335e-55,1.7654456970334994e-55,1.7780441728665607e-55,1.790709078866547e-55,1.8034406404875797e-55,1.8162390835137224e-55,1.8291046340587386e-55,1.84203751856585e-55,1.855037963807491e-55,1.868106196885064e-55,1.881242445228703e-55,1.8944469365970203e-55,1.907719899076874e-55,1.9210615610831177e-55,1.9344721513583624e-55,1.947951898972733e-55,1.9615010333236265e-55,1.97511978413547e-55,1.98880838145948e-55,2.002567055673417e-55,2.0163960374813524e-55,2.0302955579134177e-55,2.044265848325569e-55,2.058307140399349e-55,2.0724196661416395e-55,2.086603657884426e-55,2.100859348284555e-55,2.115186970323495e-55,2.1295867573070985e-55,2.1440589428653576e-55,2.1586037609521713e-55,2.173221445845099e-55,2.1879122321451276e-55,2.2026763547764272e-55,2.217514048986117e-55,2.2324255503440234e-55,2.2474110947424455e-55,2.2624709183959106e-55,2.2776052578409436e-55,2.292814349935824e-55,2.3080984318603497e-55,2.323457741115601e-55,2.3388925155237002e-55,2.354402993227578e-55,2.3699894126907337e-55,2.385652012697001e-55,2.4013910323503085e-55,2.4172067110744472e-55,2.4330992886128287e-55,2.4490690050282557e-55,2.4651161007026816e-55,2.481240816336976e-55,2.49744339295069e-55,2.5137240718818212e-55,2.530083094786574e-55,2.5465207036391323e-55,2.5630371407314196e-55,2.5796326486728654e-55,2.59630747039017e-55,2.6130618491270724e-55,2.629896028444115e-55,2.646810252218409e-55,2.663804764643401e-55,2.6808798102286427e-55,2.6980356337995525e-55,2.7152724804971833e-55,2.7325905957779947e-55,2.7499902254136126e-55,2.7674716154906028e-55,2.7850350124102336e-55,2.8026806628882478e-55,2.8204088139546268e-55,2.838219712953363e-55,2.8561136075422233e-55,2.874090745692521e-55,2.892151375688883e-55,2.9102957461290186e-55,2.9285241059234872e-55,2.9468367042954715e-55,2.9652337907805415e-55,2.9837156152264278e-55,3.0022824277927925e-55,3.020934478950988e-55,3.0396720194838443e-55,3.0584953004854258e-55,3.0774045733608065e-55,3.0964000898258447e-55,3.1154821019069418e-55,3.1346508619408267e-55,3.153906622574318e-55,3.173249636764096e-55,3.1926801577764783e-55,3.21219843918719e-55,3.2318047348811307e-55,3.251499299052154e-55,3.2712823862028336e-55,3.2911542511442375e-55,3.311115148995702e-55,3.3311653351846004e-55,3.351305065446119e-55,3.371534595823029e-55,3.391854182665462e-55,3.412264082630679e-55,3.432764552682848e-55,3.4533558500928124e-55,3.4740382324378705e-55,3.494811957601546e-55,3.515677283773362e-55,3.536634469448618e-55,3.557683773428164e-55,3.5788254548181696e-55,3.600059773029907e-55,3.6213869877795205e-55,3.6428073590878036e-55,3.664321147279973e-55,3.685928612985447e-55,3.7076300171376194e-55,3.729425620973632e-55,3.751315686034157e-55,3.773300474163172e-55,3.795380247507726e-55,3.817555268517732e-55,3.839825799945734e-55,3.8621921048466855e-55,3.884654446577728e-55,3.907213088797964e-55,3.929868295468242e-55,3.952620330850926e-55,3.975469459509677e-55,3.998415946309233e-55,4.0214600564151824e-55,4.044602055293746e-55,4.06784220871155e-55,4.0911807827354136e-55,4.11461804373212e-55,4.138154258368198e-55,4.1617896936097005e-55,4.185524616721986e-55,4.2093592952694915e-55,4.233293997115521e-55,4.2573289904220185e-55,4.281464543649351e-55,4.305700925556088e-55,4.330038405198782e-55,4.354477251931748e-55,4.379017735406843e-55,4.403660125573248e-55,4.4284046926772544e-55,4.453251707262031e-55,4.47820144016742e-55,4.503254162529713e-55,4.5284101457814265e-55,4.553669661651095e-55,4.5790329821630404e-55,4.604500379637166e-55,4.630072126688732e-55,4.65574849622814e-55,4.681529761460707e-55,4.707416195886466e-55,4.733408073299935e-55,4.7595056677899014e-55,4.7857092537392096e-55,4.8120191058245444e-55,4.838435499016206e-55,4.864958708577905e-55,4.891589010066542e-55,4.918326679331986e-55,4.9451719925168706e-55,4.972125226056365e-55,4.9991866566779676e-55,5.026356561401287e-55,5.0536352175378294e-55,5.081022902690781e-55,5.108519894754793e-55,5.136126471915769e-55,5.163842912650651e-55,5.191669495727199e-55,5.219606500203785e-55,5.247654205429178e-55,5.275812891042323e-55,5.3040828369721325e-55,5.332464323437275e-55,5.360957630945953e-55,5.389563040295705e-55,5.418280832573174e-55,5.447111289153911e-55,5.476054691702152e-55,5.505111322170603e-55,5.534281462800247e-55,5.5635653961201e-55,5.5929634049470355e-55,5.6224757723855394e-55,5.6521027818275165e-55,5.68184471695208e-55,5.71170186172533e-55,5.741674500400152e-55,5.771762917515996e-55,5.8019673978986694e-55,5.832288226660138e-55,5.862725689198295e-55,5.893280071196764e-55,5.923951658624684e-55,5.954740737736504e-55,5.9856475950717646e-55,6.016672517454894e-55,6.047815791995003e-55,6.079077706085661e-55,6.110458547404698e-55,6.141958603913998e-55,6.173578163859275e-55,6.205317515769888e-55,6.237176948458603e-55,6.26915675102141e-55,6.3012572128373e-55,6.333478623568058e-55,6.365821273158068e-55,6.398285451834085e-55,6.4308714501050385e-55,6.463579558761826e-55,6.496410068877103e-55,6.529363271805072e-55,6.562439459181287e-55,6.59563892292243e-55,6.628961955226118e-55,6.662408848570689e-55,6.695979895714998e-55,6.729675389698208e-55,6.76349562383959e-55,6.797440891738312e-55,6.831511487273232e-55,6.865707704602694e-55,6.900029838164323e-55,6.93447818267482e-55,6.96905303312976e-55,7.003754684803374e-55,7.038583433248363e-55,7.07353957429568e-55,7.108623404054318e-55,7.143835218911129e-55,7.179175315530601e-55,7.214643990854662e-55,7.250241542102473e-55,7.285968266770221e-55,7.321824462630922e-55,7.357810427734212e-55,7.39392646040615e-55,7.43017285924901e-55,7.466549923141071e-55,7.50305795123643e-55,7.539697242964788e-55,7.576468098031253e-55,7.613370816416127e-55,7.650405698374715e-55,7.687573044437124e-55,7.724873155408044e-55,7.762306332366577e-55,7.799872876665998e-55,7.837573089933585e-55,7.875407274070398e-55,7.913375731251083e-55,7.951478763923675e-55,7.989716674809392e-55,8.028089766902442e-55,8.066598343469811e-55,8.10524270805107e-55,8.144023164458173e-55,8.182940016775256e-55,8.221993569358438e-55,8.261184126835624e-55,8.300511994106295e-55,8.339977476341321e-55,8.379580878982753e-55,8.41932250774363e-55,8.459202668607774e-55,8.499221667829595e-55,8.539379811933888e-55,8.57967740771564e-55,8.620114762239829e-55,8.66069218284122e-55,8.701409977124177e-55,8.742268452962458e-55,8.78326791849902e-55,8.824408682145822e-55,8.865691052583617e-55,8.907115338761771e-55,8.948681849898059e-55,8.99039089547846e-55,9.032242785256969e-55,9.074237829255398e-55,9.116376337763183e-55,9.158658621337177e-55,9.20108499080146e-55,9.243655757247146e-55,9.28637123203218e-55,9.329231726781149e-55,9.372237553385083e-55,9.415389024001253e-55,9.458686451052988e-55,9.50213014722947e-55,9.545720425485543e-55,9.589457599041514e-55,9.633341981382959e-55,9.67737388626054e-55,9.721553627689788e-55,9.765881519950929e-55,9.81035787758868e-55,9.854983015412048e-55,9.899757248494157e-55,9.944680892172031e-55,9.989754262046418e-55,1.003497767398158e-54,1.0080351444105115e-54,1.0125875888807757e-54,1.0171551324743178e-54,1.0217378068827804e-54,1.0263356438240618e-54,1.0309486750422965e-54,1.0355769323078363e-54,1.0402204474172303e-54,1.0448792521932073e-54,1.0495533784846549e-54,1.0542428581666012e-54,1.0589477231401951e-54,1.0636680053326877e-54,1.0684037366974125e-54,1.0731549492137671e-54,1.0779216748871933e-54,1.0827039457491581e-54,1.0875017938571351e-54,1.0923152512945846e-54,1.0971443501709353e-54,1.1019891226215644e-54,1.1068496008077808e-54,1.1117258169168022e-54,1.1166178031617403e-54,1.1215255917815778e-54,1.1264492150411521e-54,1.1313887052311367e-54,1.1363440946680193e-54,1.1413154156940863e-54,1.1463027006774022e-54,1.1513059820117888e-54,1.1563252921168104e-54,1.1613606634377518e-54,1.1664121284456015e-54,1.1714797196370302e-54,1.1765634695343746e-54,1.1816634106856173e-54,1.186779575664368e-54,1.1919119970698453e-54,1.1970607075268569e-54,1.2022257396857817e-54,1.2074071262225511e-54,1.2126048998386291e-54,1.2178190932609954e-54,1.2230497392421259e-54,1.228296870559972e-54,1.2335605200179453e-54,1.2388407204448973e-54,1.244137504695101e-54,1.24945090564823e-54,1.2547809562093444e-54,1.2601276893088685e-54,1.2654911379025742e-54,1.2708713349715606e-54,1.2762683135222368e-54,1.2816821065863039e-54,1.2871127472207341e-54,1.2925602685077548e-54,1.2980247035548282e-54,1.3035060854946339e-54,1.3090044474850497e-54,1.3145198227091338e-54,1.3200522443751065e-54,1.3256017457163296e-54,1.3311683599912906e-54,1.336752120483584e-54,1.342353060501892e-54,1.3479712133799651e-54,1.3536066124766057e-54,1.3592592911756495e-54,1.364929282885946e-54,1.3706166210413402e-54,1.376321339100656e-54,1.382043470547677e-54,1.3877830488911264e-54,1.3935401076646522e-54,1.399314680426805e-54,1.4051068007610234e-54,1.4109165022756144e-54,1.4167438186037334e-54,1.4225887834033683e-54,1.428451430357321e-54,1.4343317931731882e-54,1.4402299055833424e-54,1.446145801344919e-54,1.45207951423979e-54,1.4580310780745534e-54,1.4640005266805092e-54,1.4699878939136464e-54,1.4759932136546212e-54,1.48201651980874e-54,1.4880578463059418e-54,1.4941172271007804e-54,1.5001946961724056e-54,1.506290287524544e-54,1.5124040351854864e-54,1.5185359732080604e-54,1.524686135669622e-54,1.530854556672033e-54,1.537041270341642e-54,1.5432463108292687e-54,1.5494697123101863e-54,1.5557115089841018e-54,1.561971735075138e-54,1.5682504248318184e-54,1.5745476125270463e-54,1.5808633324580887e-54,1.5871976189465574e-54,1.5935505063383917e-54,1.599922029003841e-54,1.6063122213374464e-54,1.6127211177580221e-54,1.6191487527086406e-54,1.625595160656611e-54,1.632060376093465e-54,1.6385444335349354e-54,1.6450473675209418e-54,1.6515692126155706e-54,1.6581100034070592e-54,1.664669774507776e-54,1.671248560554204e-54,1.677846396206925e-54,1.6844633161505985e-54,1.6910993550939454e-54,1.6977545477697324e-54,1.7044289289347505e-54,1.7111225333698015e-54,1.717835395879678e-54,1.7245675512931453e-54,1.7313190344629266e-54,1.7380898802656824e-54,1.7448801236019955e-54,1.7516897993963517e-54,1.7585189425971232e-54,1.7653675881765517e-54,1.7722357711307278e-54,1.7791235264795788e-54,1.7860308892668462e-54,1.7929578945600717e-54,1.7999045774505777e-54,1.8068709730534515e-54,1.8138571165075266e-54,1.820863042975366e-54,1.8278887876432446e-54,1.834934385721133e-54,1.7757224063002962e-29,5.882697405583774e-29,1.2713294665036847e-28,2.281565370939981e-28,3.685807402181597e-28,5.564751058318856e-28,8.016049669726947e-28,1.1158263504922116e-27,1.5135851566916727e-27,2.012551108994938e-27,2.6344275787517367e-27,3.405992550215817e-27,4.360445584847689e-27,5.539163039150052e-27,6.994002459403493e-27,8.790352217162495e-27,1.1011201923722455e-26,1.3762625030003863e-26,1.7181236024362882e-26,2.1444440336438695e-26,2.6784682778342445e-26,3.3509497179512535e-26,4.2030093548117647e-26,5.290270554193674e-26,6.688933263946143e-26,8.50485053519613e-26,1.088734660864051e-25,1.405068987689942e-25,1.8308227367474472e-25,2.412803229415343e-25,3.2226869290741386e-25,4.37290629655519e-25,6.046012542128526e-25,8.548535099383036e-25,1.2417013784494406e-24,1.8637032720262853e-24,2.9125708588004887e-24,4.787822573335964e-24,8.395707803352804e-24,1.6027670285864707e-23,3.443674350527777e-23,8.977477291390203e-23,3.72293404220967e-22,4.8278337487144804e-21,1.7045730200236884e-19,6.1766043265503995e-18,1.3140866524881042e-16,1.4493442429249992e-15,9.181967059332771e-15,3.873989512826072e-14,1.229742330760144e-13,3.196883228040899e-13,7.183913553526945e-13,1.4418962200758073e-12,2.63624611532901e-12,4.44553751758305e-12,6.9757008348345275e-12,1.0258791036847363e-11,1.4232303795779047e-11,1.8745319899889248e-11,2.3595522749482547e-11,2.85845828772574e-11,3.3557343462861497e-11,3.8399424814296365e-11,4.301391312128341e-11,4.730966586660055e-11,5.1205491876653786e-11,5.463899871804731e-11,5.757241496209897e-11,5.999372003016125e-11,6.19143658782076e-11,6.336616855016773e-11,6.440586563267806e-11,1.2835529252765935e-10,2.373738696120427e-10,3.7074171694369664e-10,5.161756982028276e-10,6.682978701506142e-10,8.248922901424688e-10,9.849199861481316e-10,1.1477571776477405e-09,1.31294047771373e-09,1.4800859195252608e-09,1.6488616538808464e-09,1.818976341833458e-09,1.990172318748161e-09,2.162220586152835e-09,2.334916821257216e-09,2.5080781162531053e-09,2.68154028657716e-09,2.8551556298024218e-09,3.0287910425328803e-09,3.202326423093408e-09,3.3756533041928055e-09,3.5486736724541906e-09,3.7212989413561157e-09,3.89344905139982e-09,4.065051676804302e-09,4.236041522200504e-09,4.406359695994263e-09,4.575953149545659e-09,4.74477417325129e-09,4.9127799421426e-09,5.0799321048358506e-09,5.246196410645311e-09,5.411542370465609e-09,5.575942947671181e-09,5.739374275819565e-09,5.901815400373084e-09,6.06324804203036e-09,6.223656379556371e-09,6.383026850261527e-09,6.541347966500253e-09,6.698610146741744e-09,6.854805559929066e-09,7.009927981978053e-09,7.163972663389307e-09,7.31693620704513e-09,7.468816455362133e-09,7.619612386039026e-09,7.769324015720128e-09,7.917952310951089e-09,8.065499105856381e-09,8.211967026027098e-09,8.357359418139146e-09,8.501680284872188e-09,8.644934224728306e-09,8.78712637638645e-09,8.928262367253786e-09,9.068348265905106e-09,9.207390538123012e-09,9.345396006274801e-09,9.482371811782941e-09,9.618325380463018e-09,9.75326439051925e-09,9.887196743004939e-09,1.0020130534570713e-08,1.0152074032330825e-08,1.0283035650698604e-08,1.0413023930042553e-08,1.0542047517037847e-08,1.0670115146583997e-08,1.0797235625177761e-08,1.0923417815637921e-08,1.1048670623076846e-08,1.1173002982036439e-08,1.1296423844696354e-08,1.1418942170079537e-08,1.1540566914183088e-08,1.1661307020961464e-08,1.1781171414106152e-08,1.1900168989556223e-08,1.2018308608691562e-08,1.2135599092152696e-08,1.2252049214245321e-08,1.2367667697882089e-08,1.2482463210021522e-08,1.2596444357570747e-08,1.2709619683712756e-08,1.2821997664623204e-08,1.2933586706555885e-08,1.3044395143260346e-08,1.3154431233708604e-08,1.3263703160108133e-08,1.337221902617638e-08,1.3479986855657762e-08,1.3587014591063729e-08,1.3693310092618197e-08,1.3798881137387082e-08,1.390373541858759e-08,1.4007880545050341e-08,1.4111324040829424e-08,1.4214073344944406e-08,1.4316135811246612e-08,1.4417518708392815e-08,1.4518229219923393e-08,1.4618274444433182e-08,1.4717661395822957e-08,1.4816397003632391e-08,1.491448811343748e-08,1.501194148731479e-08,1.510876380435882e-08,1.5204961661252506e-08,1.530054157288271e-08,1.5395509972996504e-08,1.548987321489358e-08,1.5583637572150714e-08,1.567680923937717e-08,1.576939433299211e-08,1.5861398892024168e-08,1.5952828878932577e-08,1.6043690180440893e-08,1.6133988608387076e-08,1.622372990058444e-08,1.6312919721688382e-08,1.640156366407776e-08,1.6489667248733267e-08,1.6577235926125442e-08,1.6664275077103935e-08,1.6750790013786793e-08,1.6836785980449303e-08,1.692226815441311e-08,1.700724164693367e-08,1.7091711504079335e-08,1.717568270761352e-08,1.7259160175867182e-08,1.734214876460668e-08,1.7424653267896987e-08,1.750667841895593e-08,1.758822889100305e-08,1.76693092981012e-08,1.7749924195986697e-08,1.783007808289618e-08,1.790977540038009e-08,1.7989020534111418e-08,1.806781781468002e-08,1.8146171518384128e-08,1.8224085868007662e-08,1.830156503358753e-08,1.8378613133175514e-08,1.8455234233585787e-08,1.853143235113538e-08,1.8607211452372494e-08,1.8682575454798098e-08,1.87575282275725e-08,1.8832073592217865e-08,1.8906215323305077e-08,1.8979957149136292e-08,1.9053302752412447e-08,1.9126255770893527e-08,1.9198819798048827e-08,1.927099838369808e-08,1.9342795034641703e-08,1.9414213215280878e-08,1.9485256348230297e-08,1.9555927814921323e-08,1.9626230956193654e-08,1.9696169072878504e-08,1.9765745426377213e-08,1.9834963239220736e-08,1.9903825695633098e-08,1.997233594207491e-08,2.004049708778571e-08,2.010831220531296e-08,2.0175784331036912e-08,2.024291646568264e-08,2.0309711574827248e-08,2.03761725893992e-08,2.044230240616593e-08,2.0508103888219174e-08,2.057357986544712e-08,2.063873313500409e-08,2.070356646176727e-08,2.0768082578791087e-08,2.0832284187753408e-08,2.0896173959390104e-08,2.09597545339285e-08,2.1023028521512403e-08,2.108599850261812e-08,2.1148667035835095e-08,2.1211036633436416e-08,2.127310978885529e-08,2.1334888970323777e-08,2.139637661659525e-08,2.145757513870941e-08,2.1518486920661902e-08,2.1579114319857664e-08,2.163945966749323e-08,2.1699525268921175e-08,2.175931340400421e-08,2.181882632745631e-08,2.187806626918536e-08,2.1937035434626926e-08,2.1995736005071123e-08,2.2054170137986407e-08,2.211233996734092e-08,2.2170247603911736e-08,2.2227895135597605e-08,2.2285284627718987e-08,2.2342418123320063e-08,2.2399297643461717e-08,2.2455925187511874e-08,2.251230273343137e-08,2.2568432238054695e-08,2.262431563736649e-08,2.2679954846774785e-08,2.273535176137771e-08,2.279050825623066e-08,2.284542618660323e-08,2.290010738823889e-08,2.29545536776035e-08,2.300876685213766e-08,2.3062748690499527e-08,2.311650095280504e-08,2.317002538086839e-08,2.3223323698432894e-08,2.3276397611403132e-08,2.3329248808071764e-08,2.3381878959341957e-08,2.3434289718949915e-08,2.348648272367876e-08,2.3538459593575728e-08,2.3590221932160198e-08,2.364177132663199e-08,2.369310934807601e-08,2.374423755166425e-08,2.3795157476852718e-08,2.3845870647577707e-08,2.38963785724497e-08,2.3946682744942098e-08,2.3996784643577887e-08,2.4046685732114534e-08,2.4096387459726497e-08,2.4145891261184593e-08,2.4195198557030783e-08,2.4244310753752516e-08,2.4293229243956723e-08,2.43419554065348e-08,2.439049060683388e-08,2.4438836196817263e-08,2.4486993515227163e-08,2.4534963887746683e-08,2.4582748627154816e-08,2.463034903348068e-08,2.4677766394161077e-08,2.4725001984184524e-08,2.4772057066245656e-08,2.4818932890890173e-08,2.486563069665812e-08,2.4912151710226618e-08,2.4958497146551778e-08,2.5004668209006748e-08,2.5050666089516242e-08,2.509649196869586e-08,2.5142147015979953e-08,2.5187632389755992e-08,2.523294923749171e-08,2.527809869586568e-08,2.5323081890889167e-08,2.536789993803226e-08,2.5412553942346002e-08,2.545704499858309e-08,2.5501374191317225e-08,2.5545542595058846e-08,2.558955127437165e-08,2.5633401283988383e-08,2.5677093668922623e-08,2.5720629464578315e-08,2.576400969686183e-08,2.580723538228841e-08,2.5850307528090157e-08,2.5893227132320286e-08,2.593599518395839e-08,2.597861266301123e-08,2.6021080540616013e-08,2.6063399779137577e-08,2.6105571332269305e-08,2.6147596145130004e-08,2.6189475154358e-08,2.6231209288208958e-08,2.6272799466644356e-08,2.6314246601429205e-08,2.635555159622019e-08,2.6396715346655807e-08,2.6437738740444784e-08,2.647862265745293e-08,2.651936796979278e-08,2.655997554190456e-08,2.6600446230642386e-08,2.6640780885357915e-08,2.668098034798097e-08,2.672104545310087e-08,2.676097702804728e-08,2.6800775892966363e-08,2.6840442860903167e-08,2.6879978737873657e-08,2.6919384322943257e-08,2.6958660408302453e-08,2.6997807779337216e-08,2.7036827214706815e-08,2.70757194864114e-08,2.711448535986693e-08,2.7153125593972896e-08,2.7191640941182414e-08,2.7230032147571453e-08,2.7268299952904703e-08,2.730644509070635e-08,2.7344468288321347e-08,2.738237026698293e-08,2.7420151741876267e-08,2.7457813422205015e-08,2.7495356011248025e-08,2.753278020642777e-08,2.757008669936668e-08,2.7607276175950927e-08,2.7644349316388532e-08,2.7681306795267736e-08,2.771814928161805e-08,2.7754877438963717e-08,2.7791491925385065e-08,2.782799339357073e-08,2.786438249087578e-08,2.7900659859376527e-08,2.7936826135920884e-08,2.7972881952187724e-08,2.8008827934735206e-08,2.804466470505422e-08,2.8080392879621213e-08,2.8116013069947527e-08,2.81515258826314e-08,2.818693191940423e-08,2.8222231777184728e-08,2.82574260481238e-08,2.8292515319653533e-08,2.8327500174534725e-08,2.8362381190904473e-08,2.839715894232097e-08,2.8431833997809463e-08,2.8466406921909272e-08,2.8500878274715657e-08,2.8535248611927074e-08,2.8569518484885594e-08,2.860368844062277e-08,2.8637759021900332e-08,2.867173076725289e-08,2.8705604211030125e-08,2.8739379883437406e-08,2.8773058310576655e-08,2.8806640014485056e-08,2.884012551317751e-08,2.887351532068409e-08,2.8906809947088364e-08,2.894000989856849e-08,2.8973115677431032e-08,2.900612778215108e-08,2.9039046707409652e-08,2.907187294412887e-08,2.9104606979509077e-08,2.913724929706345e-08,2.916980037665516e-08,2.920226069453094e-08,2.92346307233558e-08,2.9266910932248857e-08,2.9299101786813758e-08,2.933120374917454e-08,2.9363217278010606e-08,2.9395142828584366e-08,2.942698085277773e-08,2.9458731799119992e-08,2.9490396112826253e-08,2.952197423581994e-08,2.9553466606771042e-08,2.958487366112189e-08,2.9616195831119138e-08,2.9647433545845494e-08,2.967858723124413e-08,2.9709657310155244e-08,2.9740644202335485e-08,2.977154832449622e-08,2.98023700903249e-08,2.9833109910517066e-08,2.986376819279943e-08,2.9894345341963325e-08,2.992484175988664e-08,2.9955257845561616e-08,2.998559399512435e-08,3.001585060187563e-08,3.004602805631245e-08,3.007612674614875e-08,3.010614705634384e-08,3.0136089369126256e-08,3.0165954064017505e-08,3.019574151785969e-08,3.0225452104836e-08,3.0255086196497366e-08,3.028464416178486e-08,3.0314126367052427e-08,3.0343533176092595e-08,3.037286495015667e-08,3.0402122047979965e-08,3.043130482580137e-08,3.0460413637388864e-08,3.0489448834058004e-08,3.051841076469662e-08,3.054729977578524e-08,3.057611621141713e-08,3.060486041332205e-08,3.0633532720884706e-08,3.066213347116595e-08,3.06906629989236e-08,3.0719121636633134e-08,3.074750971450684e-08,3.077582756051336e-08,3.080407550039761e-08,3.0832253857701267e-08,3.086036295377974e-08,3.08884031078222e-08,3.091637463687112e-08,3.09442778558393e-08,3.097211307752916e-08,3.0999880612652414e-08,3.10275807698448e-08,3.1055213855685906e-08,3.108278017471612e-08,3.111028002945487e-08,3.113771372041736e-08,3.116508154613242e-08,3.1192383803157136e-08,3.121962078609659e-08,3.1246792787617684e-08,3.1273900098469645e-08,3.130094300749286e-08,3.132792180164499e-08,3.135483676600698e-08,3.138168818380631e-08,3.140847633642831e-08,3.143520150343286e-08,3.146186396256885e-08,3.148846398979234e-08,3.151500185927786e-08,3.1541477843434785e-08,3.1567892212921915e-08,3.159424523666374e-08,3.162053718185929e-08,3.164676831400365e-08,3.167293889689744e-08,3.169904919266137e-08,3.1725099461751696e-08,3.1751089962971564e-08,3.177702095348668e-08,3.180289268883799e-08,3.182870542295407e-08,3.1854459408165834e-08,3.1880154895218244e-08,3.190579213328339e-08,3.19313713699742e-08,3.195689285135612e-08,3.198235682196068e-08,3.200776352479599e-08,3.203311320136196e-08,3.2058406091658016e-08,3.208364243420026e-08,3.2108822466030417e-08,3.2133946422727507e-08,3.215901453842097e-08,3.218402704580054e-08,3.2208984176129075e-08,3.223388615925544e-08,3.225873322361987e-08,3.228352559627292e-08,3.2308263502880405e-08,3.233294716773717e-08,3.235757681377798e-08,3.23821526625861e-08,3.240667493440686e-08,3.243114384815704e-08,3.245555962143227e-08,3.2479922470522394e-08,3.2504232610419983e-08,3.252849025482681e-08,3.2552695616169855e-08,3.257684890560671e-08,3.2600950333038643e-08,3.262500010711583e-08,3.264899843525218e-08,3.26729455236326e-08,3.2696841577220896e-08,3.272068679977175e-08,3.274448139384013e-08,3.2768225560787316e-08,3.279191950079276e-08,3.2815563412863476e-08,3.283915749484073e-08,3.2862701943411554e-08,3.2886196954115485e-08,3.2909642721353587e-08,3.293303943839727e-08,3.2956387297398544e-08,3.297968648939652e-08,3.300293720432462e-08,3.3026139631023e-08,3.3049293957242275e-08,3.3072400369656377e-08,3.309545905386545e-08,3.311847019440805e-08,3.314143397476712e-08,3.3164350577378325e-08,3.318722018363767e-08,3.3210042973909296e-08,3.3232819127535424e-08,3.325554882283801e-08,3.3278232237131476e-08,3.330086954673114e-08,3.332346092695577e-08,3.33460065521365e-08,3.336850659562897e-08,3.3390961229811614e-08,3.3413370626102384e-08,3.343573495495549e-08,3.345805438588056e-08,3.348032908743785e-08,3.350255922725372e-08,3.352474497202176e-08,3.3546886487513015e-08,3.3568983938581796e-08,3.359103748917022e-08,3.361304730232019e-08,3.363501354017372e-08,3.36569363639814e-08,3.3678815934112345e-08,3.3700652410054606e-08,3.372244595042754e-08,3.374419671298174e-08,3.3765904854611426e-08,3.378757053135679e-08,3.380919389841055e-08,3.383077511012423e-08,3.385231432001566e-08,3.3873811680771966e-08,3.3895267344258405e-08,3.391668146152263e-08,3.3938054182798935e-08,3.3959385657517915e-08,3.3980676034309276e-08,3.400192546100777e-08,3.40231340846597e-08,3.404430205152714e-08,3.406542950709516e-08,3.4086516596075254e-08,3.4107563462411465e-08,3.4128570249287966e-08,3.41495370991313e-08,3.417046415361568e-08,3.4191351553671187e-08,3.421219943948515e-08,3.423300795050997e-08,3.425377722546786e-08,3.427450740235465e-08,3.429519861844637e-08,3.431585101030197e-08,3.4336464713770874e-08,3.435703986399548e-08,3.437757659541785e-08,3.439807504178363e-08,3.441853533614746e-08,3.4438957610875236e-08,3.445934199765169e-08,3.447968862748549e-08,3.4499997630711255e-08,3.452026913699219e-08,3.454050327533366e-08,3.4560700174076174e-08,3.458085996090708e-08,3.460098276286548e-08,3.462106870634037e-08,3.4641117917081076e-08,3.466113052019981e-08,3.468110664017366e-08,3.470104640085129e-08,3.472094992545804e-08,3.474081733659652e-08,3.476064875625286e-08,3.478044430580179e-08,3.480020410600915e-08,3.481992827703541e-08,3.483961693844288e-08,3.485927020919472e-08,3.487888820766154e-08,3.4898471051628604e-08,3.491801885829235e-08,3.493753174427164e-08,3.495700982560469e-08,3.497645321776032e-08,3.499586203563392e-08,3.50152363935576e-08,3.503457640529906e-08,3.505388218406909e-08,3.5073153842523024e-08,3.509239149276505e-08,3.511159524635079e-08,3.513076521429147e-08,3.514990150705865e-08,3.516900423458565e-08,3.518807350627148e-08,3.520710943098773e-08,3.522611211707543e-08,3.524508167235223e-08,3.5264018204118506e-08,3.528292181915469e-08,3.530179262372814e-08,3.532063072359714e-08,3.5339436224011114e-08,3.535820922971685e-08,3.537694984495987e-08,3.5395658173487546e-08,3.541433431855337e-08,3.5432978382920034e-08,3.5451590468860556e-08,3.547017067816383e-08,3.5488719112137905e-08,3.5507235871608166e-08,3.5525721056926573e-08,3.554417476797246e-08,3.5562597104153394e-08,3.558098816440986e-08,3.5599348047219134e-08,3.561767685059477e-08,3.563597467209512e-08,3.565424160882022e-08,3.56724777574183e-08,3.569068321408687e-08,3.570885807457665e-08,3.572700243419321e-08,3.574511638780088e-08,3.576320002982503e-08,3.5781253454252314e-08,3.579927675463966e-08,3.5817270024109836e-08,3.583523335535863e-08,3.585316684065454e-08,3.587107057184283e-08,3.588894464035084e-08,3.590678913718491e-08,3.592460415293661e-08,3.594238977778442e-08,3.5960146101496913e-08,3.5977873213433505e-08,3.599557120254822e-08,3.601324015739243e-08,3.603088016611678e-08,3.604849131647337e-08,3.606607369581777e-08,3.60836273911115e-08,3.610115248892715e-08,3.611864907544582e-08,3.6136117236464276e-08,3.615355705739345e-08,3.6170968623262066e-08,3.6188352018719963e-08,3.620570732804015e-08,3.622303463511886e-08,3.624033402347946e-08,3.625760557627578e-08,3.6274849376292316e-08,3.629206550594601e-08,3.630925404729171e-08,3.632641508201992e-08,3.6343548691462045e-08,3.636065495659298e-08,3.637773395802782e-08,3.639478577603252e-08,3.6411810490519276e-08,3.64288081810489e-08,3.64457789268378e-08,3.6462722806754186e-08,3.64796398993241e-08,3.649653028273193e-08,3.651339403482162e-08,3.65302312331009e-08,3.654704195473923e-08,3.65638262765748e-08,3.658058427511227e-08,3.6597316026527704e-08,3.661402160666827e-08,3.6630701091055797e-08,3.664735455488472e-08,3.6663982073031906e-08,3.668058372004918e-08,3.669715957017288e-08,3.671370969731972e-08,3.673023417509338e-08,3.674673307678162e-08,3.6763206475364084e-08,3.6779654443505496e-08,3.6796077053569284e-08,3.681247437760598e-08,3.682884648736458e-08,3.6845193454292074e-08,3.68615153495311e-08,3.687781224392723e-08,3.689408420802796e-08,3.6910331312083804e-08,3.692655362605042e-08,3.69427512195921e-08,3.695892416207934e-08,3.697507252259675e-08,3.6991196369937484e-08,3.700729577260895e-08,3.702337079883543e-08,3.7039421516555694e-08,3.7055447993428567e-08,3.707145029683273e-08,3.7087428493866336e-08,3.710338265135056e-08,3.7119312835834096e-08,3.7135219113590223e-08,3.715110155061739e-08,3.716696021264532e-08,3.718279516513408e-08,3.7198606473273645e-08,3.721439420199065e-08,3.723015841594309e-08,3.724589917952779e-08,3.726161655687902e-08,3.727731061186987e-08,3.729298140811136e-08,3.7308629008960825e-08,3.7324253477516354e-08,3.7339854876621114e-08,3.735543326886492e-08,3.7370988716585526e-08,3.738652128186614e-08,3.740203102654435e-08,3.741751801220881e-08,3.74329823001978e-08,3.744842395160696e-08,3.7463843027285244e-08,3.747923958784074e-08,3.7494613693637635e-08,3.750996540479961e-08,3.7525294781212467e-08,3.7540601882522655e-08,3.755588676814059e-08,3.7571149497240154e-08,3.758639012876063e-08,3.7601608721410386e-08,3.761680533366397e-08,3.7631980023766986e-08,3.764713284973191e-08,3.76622638693494e-08,3.7677373140176307e-08,3.7692460719547486e-08,3.7707526664572896e-08,3.772257103213792e-08,3.773759387890765e-08,3.775259526132294e-08,3.7767575235605726e-08,3.778253385776101e-08,3.7797471183574796e-08,3.781238726861691e-08,3.782728216823925e-08,3.784215593758344e-08,3.7857008631573853e-08,3.787184030492596e-08,3.7886651012143427e-08,3.7901440807517634e-08,3.79162097451339e-08,3.7930957878868945e-08,3.79456852623921e-08,3.796039194916771e-08,3.797507799245398e-08,3.798974344530845e-08,3.8004388360582493e-08,3.801901279092955e-08,3.803361678880038e-08,3.804820040644578e-08,3.8062763695920915e-08,3.807730670907961e-08,3.809182949758182e-08,3.810633211289151e-08,3.8120814606279285e-08,3.8135277028820166e-08,3.814971943139662e-08,3.816414186470244e-08,3.8178544379236543e-08,3.8192927025313305e-08,3.820728985305359e-08,3.822163291239355e-08,3.823595625308152e-08,3.8250259924679685e-08,3.826454397656605e-08,3.827880845793376e-08,3.8293053417793546e-08,3.8307278904973504e-08,3.832148496812091e-08,3.8335671655701814e-08,3.834983901600408e-08,3.836398709713572e-08,3.8378115947027776e-08,3.839222561343402e-08,3.840631614393164e-08,3.842038758592488e-08,3.843443998664068e-08,3.844847339313529e-08,3.8462487852291503e-08,3.847648341081953e-08,3.849046011525987e-08,3.850441801198198e-08,3.8518357147186625e-08,3.853227756690666e-08,3.854617931700631e-08,3.856006244318436e-08,3.857392699097281e-08,3.858777300573846e-08,3.8601600532684074e-08,3.861540961684922e-08,3.862920030311013e-08,3.864297263618053e-08,3.865672666061514e-08,3.867046242080551e-08,3.8684179960985605e-08,3.869787932522906e-08,3.8711560557454155e-08,3.8725223701416555e-08,3.8738868800721624e-08,3.875249589881402e-08,3.876610503898544e-08,3.877969626437377e-08,3.879326961796113e-08,3.88068251425796e-08,3.882036288090582e-08,3.883388287546768e-08,3.8847385168640776e-08,3.886086980265186e-08,3.8874336819577614e-08,3.888778626134572e-08,3.8901218169736815e-08,3.89146325863843e-08,3.892802955277428e-08,3.894140911024793e-08,3.8954771299999585e-08,3.896811616308259e-08,3.898144374040317e-08,3.8994754072725614e-08,3.900804720067077e-08,3.9021323164720376e-08,3.9034582005212605e-08,3.9047823762345633e-08,3.906104847617944e-08,3.907425618663259e-08,3.9087446933485465e-08,3.9100620756381865e-08,3.911377769482775e-08,3.912691778819272e-08,3.914004107570984e-08,3.915314759647585e-08,3.9166237389456036e-08,3.917931049347939e-08,3.9192366947240024e-08,3.920540678930237e-08,3.921843005809537e-08,3.923143679191971e-08,3.924442702894265e-08,3.9257400807201984e-08,3.927035816460393e-08,3.928329913892844e-08,3.929622376782427e-08,3.930913208881295e-08,3.932202413928905e-08,3.9334899956518896e-08,3.9347759577644616e-08,3.936060303968034e-08,3.937343037951484e-08,3.9386241633915104e-08,3.939903683952202e-08,3.941181603285204e-08,3.942457925030039e-08,3.943732652813903e-08,3.9450057902517464e-08,3.9462773409466915e-08,3.947547308489381e-08,3.948815696458507e-08,3.9500825084212186e-08,3.951347747932145e-08,3.9526114185344516e-08,3.953873523759396e-08,3.9551340671264324e-08,3.956393052143196e-08,3.957650482306055e-08,3.9589063610995254e-08,3.9601606919962954e-08,3.961413478458104e-08,3.962664723934817e-08,3.963914431865162e-08,3.965162605676474e-08,3.966409248784506e-08,3.967654364594217e-08,3.968897956498973e-08,3.9701400278813515e-08,3.971380582112514e-08,3.9726196225526656e-08,3.973857152551163e-08,3.9750931754461846e-08,3.9763276945651245e-08,3.977560713224424e-08,3.978792234730034e-08,3.9800222623766163e-08,3.981250799448491e-08,3.982477849219234e-08,3.983703414951694e-08,3.9849274998982336e-08,3.9861501073007477e-08,3.987371240390519e-08,3.988590902388349e-08,3.989809096504699e-08,3.991025825939864e-08,3.9922410938835235e-08,3.993454903515163e-08,3.994667258004402e-08,3.9958781605101154e-08,3.997077945062547e-08,3.9982852325402365e-08,3.999491569633498e-08,4.000696558884127e-08,4.001900150286183e-08,4.003102326760789e-08,4.0043030818758636e-08,4.005502414195183e-08,4.0067003246330616e-08,4.0078968152163395e-08,4.009091888501629e-08,4.0102855472919e-08,4.011477794503308e-08,4.0126686331042034e-08,4.0138580660777746e-08,4.015046096432939e-08,4.016232727135107e-08,4.0174179611635265e-08,4.01860180148921e-08,4.019784251075012e-08,4.0209653128744177e-08,4.0221449898322275e-08,4.023323284820064e-08,4.024500200828529e-08,4.025675740774633e-08,4.026849907529847e-08,4.0280227040270226e-08,4.029194133160057e-08,4.030364197803887e-08,4.031532900844384e-08,4.0327002451318916e-08,4.033866233518053e-08,4.0350308688606134e-08,4.0361941539871734e-08,4.037356091730029e-08,4.038516684897681e-08,4.0396759363135466e-08,4.040833848777369e-08,4.0419904250756795e-08,4.0431456679906875e-08,4.0442995803200146e-08,4.04545216480575e-08,4.046603424213502e-08,4.047753361323801e-08,4.0489019794442626e-08,4.050049280230633e-08,4.051195267078674e-08,4.052339942479619e-08,4.0534833091468377e-08,4.0546253697498375e-08,4.055766127050286e-08,4.056905583607684e-08,4.0580437425402254e-08,4.059180605996901e-08,4.060316176893334e-08,4.0614504577933105e-08,4.062583451246692e-08,4.0637151601379556e-08,4.064845586976099e-08,4.0659747343739824e-08,4.0671026048109786e-08,4.068229201169667e-08,4.0693545259331906e-08,4.0704785817123156e-08,4.071601371059345e-08,4.0727228965145674e-08,4.073843160619551e-08,4.0749621659882314e-08,4.076079915151749e-08,4.0771964106310335e-08,4.078311654984658e-08,4.0794256507407414e-08,4.080538400418905e-08,4.08164990653186e-08,4.0827601715945025e-08,4.083869198094486e-08,4.0849769885220343e-08,4.0860835453597963e-08,4.0871888710835755e-08,4.088292968161567e-08,4.0893958390742984e-08,4.090497486255476e-08,4.091597912225191e-08,4.092697119353321e-08,4.0937951100702907e-08,4.0948918867998626e-08,4.09598745196337e-08,4.097081807966798e-08,4.098174957216448e-08,4.099266902107316e-08,4.100357645030385e-08,4.101447188369239e-08,4.102535534497748e-08,4.1036226857850025e-08,4.104708644590945e-08,4.105793413271951e-08,4.106876994173963e-08,4.107959389637073e-08,4.10904060199691e-08,4.11012063357942e-08,4.111199486707026e-08,4.112277163523934e-08,4.113353666561732e-08,4.1144289980324617e-08,4.115503160321076e-08,4.116576155696555e-08,4.1176479863520935e-08,4.1187186546699585e-08,4.119788162855771e-08,4.1208565131021484e-08,4.121923707617048e-08,4.122989749070193e-08,4.124054639207092e-08,4.125118380509962e-08,4.126180975143978e-08,4.127242425346451e-08,4.1283027333340875e-08,4.129361901317319e-08,4.130419931499998e-08,4.131476826080062e-08,4.1325325872488606e-08,4.1335872171922296e-08,4.1346407180889483e-08,4.135693092110976e-08,4.136744341425606e-08,4.1377944681904507e-08,4.13884347456714e-08,4.139891362699508e-08,4.140938134732933e-08,4.1419837928057016e-08,4.1430283390415295e-08,4.1440717755672985e-08,4.145114104501174e-08,4.146155327968409e-08,4.1471954480486183e-08,4.148234466857142e-08,4.149272386484328e-08,4.1503092089769836e-08,4.1513449365771865e-08,4.1523795711963624e-08,4.153413114957332e-08,4.154445569927906e-08,4.155476938041635e-08,4.15650722201572e-08,4.1575364229461236e-08,4.1585645432894785e-08,4.159591585093831e-08,4.160617550382483e-08,4.1616424411811117e-08,4.162666259423292e-08,4.163689007285145e-08,4.16471068670086e-08,4.165731299674775e-08,4.166750848204125e-08,4.16776933428257e-08,4.168786759896292e-08,4.169803127027499e-08,4.17081843765265e-08,4.171832693827858e-08,4.17284589736195e-08,4.1738580502849235e-08,4.174869154551609e-08,4.175879212108747e-08,4.176888224905607e-08,4.177896194880707e-08,4.178903123967299e-08,4.1799090140933674e-08,4.180913867182694e-08,4.181917685451225e-08,4.182920470511553e-08,4.183922224266983e-08,4.184922948629433e-08,4.185922645486096e-08,4.186921316733093e-08,4.1879189642560787e-08,4.188915589939215e-08,4.189911195657743e-08,4.190905783281593e-08,4.191899354685037e-08,4.192891911722664e-08,4.193883456253081e-08,4.194873990125133e-08,4.195863515189525e-08,4.196852033284899e-08,4.197839546249825e-08,4.198826055914217e-08,4.199811564108291e-08,4.200796072651911e-08,4.201779583362965e-08,4.202762098055168e-08,4.203743618533745e-08,4.204724146601114e-08,4.2057036840584746e-08,4.206682232691708e-08,4.207659794296485e-08,4.2086363706566155e-08,4.2096119635451075e-08,4.210586574740505e-08,4.211560206009971e-08,4.212532859120715e-08,4.2135045358304086e-08,4.214475237899959e-08,4.215444967074772e-08,4.2164137251027134e-08,4.2173815137255106e-08,4.218348334678105e-08,4.219314189697677e-08,4.2202790805079515e-08,4.221243008835288e-08,4.2222059763939625e-08,4.2231679849062065e-08,4.224129036077868e-08,4.225089131612542e-08,4.226048273211235e-08,4.2270064622496326e-08,4.227963700742776e-08,4.228919990378761e-08,4.229875332839956e-08,4.230829729807264e-08,4.231783182955209e-08,4.232735693955714e-08,4.233687264473292e-08,4.23463789616898e-08,4.235587590717825e-08,4.236536349754163e-08,4.237484174926969e-08,4.238431067881302e-08,4.2393770302571136e-08,4.240322063690044e-08,4.2412661696205455e-08,4.24220935006648e-08,4.243151606237129e-08,4.244092940176036e-08,4.245033353291219e-08,4.2459728471922094e-08,4.2469114234900624e-08,4.2478490837776944e-08,4.2487858296687614e-08,4.2497216627407524e-08,4.2506565845919875e-08,4.2515905968076445e-08,4.252523700971307e-08,4.253455898661319e-08,4.2543871914545466e-08,4.2553175809148323e-08,4.256247068615075e-08,4.2571756561159116e-08,4.258103344974832e-08,4.2590301367499584e-08,4.2599560329868924e-08,4.260881035227382e-08,4.2618051450261146e-08,4.262728363916681e-08,4.263650693433987e-08,4.264572135109071e-08,4.265492690472867e-08,4.266412361053347e-08,4.267331148349798e-08,4.2682490538898443e-08,4.26916607918536e-08,4.2700822255221935e-08,4.270997494794966e-08,4.27191188839452e-08,4.272825407758633e-08,4.273738054327583e-08,4.274649829696844e-08,4.275560735267134e-08,4.276470772531251e-08,4.2773799430431997e-08,4.278288248225986e-08,4.279195689547835e-08,4.2801022684798524e-08,4.281007986478403e-08,4.281912845019379e-08,4.282816845581892e-08,4.283719989532964e-08,4.284622278376116e-08,4.2855237135489824e-08,4.286424296497513e-08,4.287324028660186e-08,4.288222911471769e-08,4.2891209463635276e-08,4.2900181347653405e-08,4.2909144781813756e-08,4.29180997796688e-08,4.292704635448394e-08,4.293598452182828e-08,4.294491429442508e-08,4.2953835687040334e-08,4.29627487137074e-08,4.297165338837645e-08,4.298054972567335e-08,4.298943773813453e-08,4.2998317440668134e-08,4.3007188846913485e-08,4.3016051970639273e-08,4.30249068257221e-08,4.30337534258578e-08,4.304259178487279e-08,4.305142191641649e-08,4.3060243833922946e-08,4.306905755117043e-08,4.307786308207197e-08,4.308666043989922e-08,4.309544963810479e-08,4.3104230691285215e-08,4.3113003608205603e-08,4.312176840895992e-08,4.31305251040166e-08,4.3139273706704964e-08,4.3148014230397145e-08,4.315674668820171e-08,4.316547109299359e-08,4.317418745922074e-08,4.3182895798645866e-08,4.3191596126081156e-08,4.3200288453834855e-08,4.320897279442148e-08,4.321764916237937e-08,4.3226317570369e-08,4.323497803125445e-08,4.32436305578135e-08,4.325227516467935e-08,4.326091186098784e-08,4.3269540660528967e-08,4.327816158085634e-08,4.32867746280877e-08,4.329537982216207e-08,4.3303977167720806e-08,4.331256668152637e-08,4.3321148376785695e-08,4.3329722266789566e-08,4.3338288362444445e-08,4.334684667396407e-08,4.335539722046828e-08,4.33639400109465e-08,4.337247505514226e-08,4.338100236495789e-08,4.338952196294631e-08,4.3398033855749436e-08,4.340653805445302e-08,4.341503457258231e-08,4.3423523422097736e-08,4.343200461594191e-08,4.344047816380094e-08,4.34489440809762e-08,4.3457402379087576e-08,4.346585306946537e-08,4.347429616442103e-08,4.3482731676402173e-08,4.3491159617538505e-08,4.349957999992778e-08,4.350799283564076e-08,4.3516398136878425e-08,4.3524795915341534e-08,4.3533186183684286e-08,4.354156895284556e-08,4.354994423578372e-08,4.3558312043898646e-08,4.3566672388683154e-08,4.3575025282738806e-08,4.358337073710984e-08,4.359170876398158e-08,4.3600039375123406e-08,4.360836258229036e-08,4.361667839715835e-08,4.362498683141846e-08,4.363328789674448e-08,4.3641581604775096e-08,4.3649867967126414e-08,4.365814699533932e-08,4.3666418701364426e-08,4.3674683095957875e-08,4.3682940191026194e-08,4.3691189997996626e-08,4.369943252833389e-08,4.370766779389601e-08,4.3715895805485944e-08,4.372411657432707e-08,4.373233011205714e-08,4.3740536429777396e-08,4.374873553959724e-08,4.375692745289889e-08,4.376511217895012e-08,4.377328973038392e-08,4.378146011814828e-08,4.3789623353621736e-08,4.379777944444525e-08,4.380592840831912e-08,4.381407025308491e-08,4.382220499013582e-08,4.3830332629854735e-08,4.3838453183553456e-08,4.384656666275445e-08,4.3854673077994565e-08,4.3862772438390975e-08,4.387086475784958e-08,4.387895004597805e-08,4.388702831367425e-08,4.389509957178052e-08,4.390316383082829e-08,4.391122110186994e-08,4.391927139565787e-08,4.392731472293454e-08,4.3935351094415605e-08,4.394338052079468e-08,4.395140301273822e-08,4.3959418580893366e-08,4.3967427235880345e-08,4.39754289882969e-08,4.3983423848715085e-08,4.3991411827687014e-08,4.3999392935737535e-08,4.4007367183369596e-08,4.401533458106537e-08,4.402329513927731e-08,4.403124886844182e-08,4.403919577896948e-08,4.404713588124305e-08,4.405506918562845e-08,4.406299570246859e-08,4.407091544207794e-08,4.407882841475454e-08,4.408673463076908e-08,4.409463410037225e-08,4.410252683378979e-08,4.4110412841224156e-08,4.4118292133099315e-08,4.412616471933358e-08,4.413403061006803e-08,4.4141889815415266e-08,4.4149742345296805e-08,4.415758820995334e-08,4.416542741946155e-08,4.417325998418291e-08,4.418108591373647e-08,4.4188905218122365e-08,4.419671790727739e-08,4.420452399116861e-08,4.421232347970594e-08,4.422011638277896e-08,4.422790271024063e-08,4.423568247197266e-08,4.4243455677785114e-08,4.4251222337506434e-08,4.425898246090414e-08,4.426673605776888e-08,4.427448313781871e-08,4.428222371078598e-08,4.428995778637714e-08,4.4297685374273015e-08,4.430540648414085e-08,4.431312112562365e-08,4.432082930832494e-08,4.4328531041849336e-08,4.433622633577819e-08,4.434391519965397e-08,4.435159764303786e-08,4.435927367542922e-08,4.4366943306315365e-08,4.4374606545183974e-08,4.4382263401499236e-08,4.4389913884668756e-08,4.4397558004120514e-08,4.440519576925575e-08,4.44128271894296e-08,4.4420452273750826e-08,4.442807103181906e-08,4.443568347672214e-08,4.444328961020928e-08,4.44508894459629e-08,4.4458482991937515e-08,4.446607025814429e-08,4.447365125232461e-08,4.448122598581777e-08,4.448879446735676e-08,4.4496356705962036e-08,4.450391271053749e-08,4.451146249019925e-08,4.451900605404646e-08,4.4526543411149894e-08,4.4534074570570946e-08,4.454159954133928e-08,4.45491183324888e-08,4.455663095301907e-08,4.456413741189991e-08,4.457163771810878e-08,4.457913188056369e-08,4.4586619908217706e-08,4.459410180995829e-08,4.460157759466375e-08,4.460904727123575e-08,4.4616510848493455e-08,4.4623968335282196e-08,4.4631419740403645e-08,4.4638865072665706e-08,4.464630434083752e-08,4.4653737553675497e-08,4.466116471990573e-08,4.466858584826016e-08,4.467600094641352e-08,4.468341002310271e-08,4.4690813090176255e-08,4.46982101540492e-08,4.470560122361287e-08,4.4712986306456196e-08,4.472036541228991e-08,4.47277385490229e-08,4.473510572556623e-08,4.474246695044241e-08,4.4749822232544237e-08,4.475717157975893e-08,4.476451500108708e-08,4.477185250414822e-08,4.477918409847858e-08,4.478650979202418e-08,4.479382959232468e-08,4.480114350896335e-08,4.480845155043783e-08,4.481575372466486e-08,4.4823050040025926e-08,4.4830340504839764e-08,4.4837625127808666e-08,4.4844903916723616e-08,4.485217687949254e-08,4.4859444024023364e-08,4.486670535600378e-08,4.4873960887342096e-08,4.488121062913771e-08,4.4888454585944296e-08,4.489569276641106e-08,4.490292517758625e-08,4.4910151832219236e-08,4.491737273232114e-08,4.4924587888930106e-08,4.493179731003154e-08,4.4939001003500946e-08,4.4946198978011135e-08,4.495339124055743e-08,4.496057779997422e-08,4.496775866283574e-08,4.497493383880965e-08,4.498210333573282e-08,4.4989267160924444e-08,4.499642532228101e-08,4.500357782782206e-08,4.501072468574595e-08,4.5017865903645373e-08,4.5025001489553814e-08,4.5032131451330966e-08,4.503925579739444e-08,4.504637453431911e-08,4.505348767054689e-08,4.506059521398364e-08,4.506769717237236e-08,4.50747935534542e-08,4.508188436497291e-08,4.508896961466374e-08,4.509604930921791e-08,4.510312345737327e-08,4.511019206679979e-08,4.5117255145140384e-08,4.512431270009134e-08,4.513136473926084e-08,4.5138411270321564e-08,4.5145452300853004e-08,4.51524878395891e-08,4.515951789300173e-08,4.516654246835043e-08,4.5173561573869124e-08,4.518057521683562e-08,4.518758340467534e-08,4.5194586144861496e-08,4.5201583444956736e-08,4.520857531238777e-08,4.5215561754783186e-08,4.522254277927773e-08,4.5229518393467914e-08,4.5236488604066297e-08,4.5243453420035233e-08,4.5250412847796995e-08,4.525736689493126e-08,4.526431556823121e-08,4.5271258875894535e-08,4.5278196824917334e-08,4.528512942206173e-08,4.529205667545203e-08,4.529897859847124e-08,4.5305895186324695e-08,4.531280645023594e-08,4.531971240048467e-08,4.532661304261923e-08,4.533350838452681e-08,4.534039843346801e-08,4.5347283195590274e-08,4.5354162678805165e-08,4.536103688971518e-08,4.536790583718594e-08,4.537476952646555e-08,4.538162796513084e-08,4.538848116090818e-08,4.539532912066249e-08,4.540217185138314e-08,4.5409009359504724e-08,4.541584165220399e-08,4.542266873711721e-08,4.542949062145586e-08,4.5436307311373096e-08,4.5443118812625996e-08,4.544992513552322e-08,4.545672628534928e-08,4.5463522268934776e-08,4.547031309343911e-08,4.5477098764956244e-08,4.548387929186265e-08,4.549065468007125e-08,4.549742493738996e-08,4.550419006832933e-08,4.551095008257907e-08,4.551770498660314e-08,4.552445478650553e-08,4.553119948969097e-08,4.5537939100799916e-08,4.554467362817037e-08,4.5551403078935604e-08,4.555812745893673e-08,4.556484677615613e-08,4.557156103646831e-08,4.5578270246494085e-08,4.558497441296061e-08,4.559167354323641e-08,4.5598367643655185e-08,4.560505672164853e-08,4.5611740782482805e-08,4.561841983338994e-08,4.562509388080514e-08,4.563176293160553e-08,4.5638426992321886e-08,4.564508606980574e-08,4.5651740170340894e-08,4.565838930060853e-08,4.566503346694866e-08,4.567167267639147e-08,4.5678306935187457e-08,4.568493624986173e-08,4.569156062703761e-08,4.5698180073091506e-08,4.570479459437999e-08,4.571140419751137e-08,4.5718008888947e-08,4.5724608675131497e-08,4.573120356278013e-08,4.573779355837532e-08,4.574437866705481e-08,4.575095889682261e-08,4.575753425237837e-08,4.576410474095384e-08,4.5770670370053674e-08,4.5777231144948484e-08,4.578378707208492e-08,4.5790338157773515e-08,4.579688440855567e-08,4.5803425830238954e-08,4.5809962429661406e-08,4.5816494212460616e-08,4.582302118542822e-08,4.582954335484597e-08,4.583606072659062e-08,4.584257330614192e-08,4.5849081101540555e-08,4.5855584118095064e-08,4.586208236206146e-08,4.586857583956234e-08,4.587506455491338e-08,4.58815485187097e-08,4.5888027733865937e-08,4.5894502207193777e-08,4.590097194482045e-08,4.590743695286015e-08,4.591389723741715e-08,4.592035280458391e-08,4.5926803660442466e-08,4.593324981106266e-08,4.5939691262500993e-08,4.5946128020806856e-08,4.595256009201493e-08,4.595898748215041e-08,4.59654101972262e-08,4.597182824324412e-08,4.597824162619609e-08,4.598465035206238e-08,4.5991054426284507e-08,4.5997453857704074e-08,4.600384864693759e-08,4.601023880493378e-08,4.6016624338523984e-08,4.602300524674756e-08,4.602938153945242e-08,4.603575322209055e-08,4.6042120301576136e-08,4.604848278274095e-08,4.605484067228662e-08,4.606119397556429e-08,4.6067542698495965e-08,4.6073886846956055e-08,4.608022642665799e-08,4.6086561443134164e-08,4.609289190294677e-08,4.609921781225642e-08,4.610553917394284e-08,4.6111855997085396e-08,4.611816828620059e-08,4.6124476047034935e-08,4.61307792853259e-08,4.6137078006784896e-08,4.614337221693917e-08,4.614966192045096e-08,4.615594712698668e-08,4.6162227837457534e-08,4.616850405979466e-08,4.61747757993248e-08,4.6181043061792204e-08,4.6187305853300227e-08,4.61935641789196e-08,4.6199818044167373e-08,4.620606745484869e-08,4.6212312417670845e-08,4.6218552935444686e-08,4.62247890144324e-08,4.623102066267678e-08,4.6237247883619697e-08,4.6243470683356016e-08,4.6249689066753135e-08,4.6255903044719236e-08,4.626211261458911e-08,4.626831778489285e-08,4.627451856164288e-08,4.628071495072205e-08,4.6286906957296685e-08,4.6293094591172616e-08,4.629927785338756e-08,4.630545674425692e-08,4.6311631276872184e-08,4.631780145104361e-08,4.6323967276159883e-08,4.6330128757467935e-08,4.633628589862758e-08,4.6342438710464786e-08,4.634858718921373e-08,4.635473134916678e-08,4.636087118915602e-08,4.636700671621626e-08,4.637313793548227e-08,4.6379264853077016e-08,4.638538747432898e-08,4.639150580456661e-08,4.6397619848603886e-08,4.6403729612103985e-08,4.64098351004808e-08,4.6415936319382345e-08,4.642203327460527e-08,4.6428125969755105e-08,4.6434214412217874e-08,4.6440298604457064e-08,4.644637855311747e-08,4.645245426317374e-08,4.645852573909752e-08,4.646459298529418e-08,4.647065601030357e-08,4.647671481716822e-08,4.648276941485236e-08,4.648881980475602e-08,4.649486599075199e-08,4.6500907979410996e-08,4.6506945778812245e-08,4.6512979393260236e-08,4.651900882528483e-08,4.652503407726306e-08,4.6531055160320655e-08,4.653707207447917e-08,4.654308482730719e-08,4.654909342398353e-08,4.655509786937247e-08,4.65610981687778e-08,4.656709432683032e-08,4.657308634916862e-08,4.657907423938469e-08,4.65850580055657e-08,4.659103765446161e-08,4.6597013183705986e-08,4.660298460117597e-08,4.660895191246334e-08,4.661491512915931e-08,4.662087424328006e-08,4.6626829266370103e-08,4.663278019945098e-08,4.663872705516912e-08,4.6644669838020254e-08,4.6650608547886175e-08,4.665654318940888e-08,4.6662473774590474e-08,4.666840030154118e-08,4.667432277316827e-08,4.668024119880286e-08,4.6686155582016096e-08,4.6692065927559976e-08,4.669797224143244e-08,4.670387452071395e-08,4.670977277745292e-08,4.671566702296515e-08,4.672155725544225e-08,4.672744348038862e-08,4.6733325703885153e-08,4.673920392956948e-08,4.674507815819916e-08,4.6750948397912715e-08,4.6756814657605384e-08,4.676267693704411e-08,4.676853523520189e-08,4.677438956729368e-08,4.678023992977697e-08,4.678608633227672e-08,4.6791928782009434e-08,4.6797767280835536e-08,4.6803601833118607e-08,4.680943244363627e-08,4.681525911747827e-08,4.682108185795967e-08,4.682690067184145e-08,4.683271556247337e-08,4.683852653495393e-08,4.684433359432893e-08,4.6850136744173226e-08,4.685593598960897e-08,4.6861731335013406e-08,4.686752278525265e-08,4.687331034496468e-08,4.6879094018708585e-08,4.6884873811442736e-08,4.689064972741353e-08,4.689642177094103e-08,4.690218994713936e-08,4.6907954260291435e-08,4.691371471403128e-08,4.691947131412938e-08,4.692522406443519e-08,4.6930972970155753e-08,4.6936718036402275e-08,4.6942459269871005e-08,4.694819666899327e-08,4.695393024082042e-08,4.6959659990032675e-08,4.696538592618905e-08,4.6971108044740365e-08,4.6976826354684844e-08,4.698254085943431e-08,4.698825156444774e-08,4.6993958476211184e-08,4.699966159430886e-08,4.7005360929499524e-08,4.7011056478497e-08,4.701674824951259e-08,4.702243625143117e-08,4.7028120484437235e-08,4.7033800948673683e-08,4.7039477645332464e-08,4.70451505933147e-08,4.705081978985126e-08,4.705648523923972e-08,4.706214693806013e-08,4.7067804897803055e-08,4.707345913192537e-08,4.707910963681942e-08,4.708475641704305e-08,4.7090399475567275e-08,4.7096038819347946e-08,4.710167444815962e-08,4.7107306368676217e-08,4.711293458603725e-08,4.711855910377766e-08,4.7124179926148994e-08,4.71297970574632e-08,4.713541050196062e-08,4.714102026390926e-08,4.714662634758558e-08,4.715222875719531e-08,4.715782749691646e-08,4.716342257106764e-08,4.71690139838694e-08,4.71746017395432e-08,4.718018584148094e-08,4.718576629493377e-08,4.719134310401593e-08,4.719691627292453e-08,4.720248580549358e-08,4.720805170669134e-08,4.721361397991006e-08,4.721917262869374e-08,4.72247276577877e-08,4.723027907322671e-08,4.723582687655802e-08,4.724137107253516e-08,4.724691166628454e-08,4.72524486603081e-08,4.725798205938209e-08,4.7263511869143265e-08,4.7269038091123384e-08,4.727456073107227e-08,4.7280079791762875e-08,4.728559528251439e-08,4.729110719912931e-08,4.729661555008689e-08,4.730212034041735e-08,4.730762157154251e-08,4.7313119247525655e-08,4.731861337451642e-08,4.7324103955139693e-08,4.732959099359539e-08,4.733507449351462e-08,4.7340554458696125e-08,4.734603089540645e-08,4.7351503806503886e-08,4.7356973195688235e-08,4.736243906684337e-08,4.736790142406629e-08,4.737336027128992e-08,4.7378815613155e-08,4.738426745240226e-08,4.7389715793537736e-08,4.739516064054319e-08,4.740060199103768e-08,4.7406039860195313e-08,4.7411474248591854e-08,4.741690515772548e-08,4.742233259275115e-08,4.742775655723375e-08,4.7433177054306835e-08,4.7438594089247026e-08,4.7444007665267184e-08,4.7449417786494994e-08,4.745482445698448e-08,4.7460227679482325e-08,4.746562745832004e-08,4.7471023797953555e-08,4.7476416701417907e-08,4.748180617326404e-08,4.748719221719942e-08,4.749257483650626e-08,4.749795403729955e-08,4.75033298200735e-08,4.7508702189385936e-08,4.751407115052071e-08,4.751943670987464e-08,4.7524798864282944e-08,4.75301576229417e-08,4.753551298601406e-08,4.754086495854362e-08,4.7546213547716074e-08,4.7551558749265155e-08,4.755690057440325e-08,4.7562239024751645e-08,4.756757410713718e-08,4.757290581916388e-08,4.7578234167594574e-08,4.758355915527054e-08,4.758888078700004e-08,4.759419906667384e-08,4.759951399680331e-08,4.76048255835281e-08,4.761013382818111e-08,4.7615438733501807e-08,4.762074030574087e-08,4.7626038547069535e-08,4.763133346119253e-08,4.763662505221449e-08,4.764191332479741e-08,4.764719827603761e-08,4.765247992050693e-08,4.765775825648148e-08,4.7663033287086725e-08,4.76683050163693e-08,4.7673573448105086e-08,4.767883858591676e-08,4.768410042907488e-08,4.768935898986083e-08,4.7694614267983073e-08,4.7699866266146044e-08,4.770511498796053e-08,4.771036043842806e-08,4.7715602620343995e-08,4.7720841536935145e-08,4.7726077191943127e-08,4.773130958928255e-08,4.773653873184281e-08,4.774176462350862e-08,4.774698726772807e-08,4.775220667000035e-08,4.775742283313652e-08,4.776263575665946e-08,4.7767845446893685e-08,4.7773051907134534e-08,4.7778255141559215e-08,4.7783455153383957e-08,4.7788651941498757e-08,4.7793845518293344e-08,4.779903588293983e-08,4.7804223039116886e-08,4.7809406990173355e-08,4.7814587739843494e-08,4.7819765291024475e-08,4.7824939647434825e-08,4.783011081275996e-08,4.78352787902824e-08,4.7840443583400854e-08,4.78456051956599e-08,4.7850763630487336e-08,4.7855918891701536e-08,4.7861070982087325e-08,4.78662199041738e-08,4.7871365663708494e-08,4.7876508261750175e-08,4.788164770299227e-08,4.788678399141303e-08,4.7891917128871695e-08,4.7897047120903895e-08,4.790217396776639e-08,4.7907297674659875e-08,4.791241824485723e-08,4.7917535681772154e-08,4.79226499878913e-08,4.792776116841012e-08,4.7932869225732233e-08,4.7937974162911727e-08,4.7943075983595466e-08,4.7948174691104025e-08,4.795327028875003e-08,4.7958362780157646e-08,4.796345216870325e-08,4.7968538457378153e-08,4.79736216495303e-08,4.7978701748100554e-08,4.798377875620737e-08,4.798885267768064e-08,4.799392351626448e-08,4.7998991274459486e-08,4.800405595614862e-08,4.8009117564248355e-08,4.801417610221934e-08,4.8019231573121655e-08,4.8024283980323456e-08,4.802933332665982e-08,4.803437961733388e-08,4.803942284959393e-08,4.804446303442605e-08,4.804950017197506e-08,4.8054534265520516e-08,4.805956531783297e-08,4.8064593332283336e-08,4.8069618311447566e-08,4.807464026084227e-08,4.807965918143098e-08,4.8084675074049734e-08,4.8089687947988685e-08,4.809469780394748e-08,4.809970464375301e-08,4.8104708471499294e-08,4.8109709290380624e-08,4.811470709771456e-08,4.811970190919203e-08,4.8124693719098984e-08,4.8129682533521436e-08,4.8134668354779426e-08,4.8139651185932776e-08,4.8144631030250276e-08,4.814960789080979e-08,4.815458177130201e-08,4.8159552673811836e-08,4.8164520603225956e-08,4.8169485560331954e-08,4.817444754932046e-08,4.817940657426715e-08,4.818436263813857e-08,4.81893157413058e-08,4.819426588905756e-08,4.819921308328133e-08,4.820415732799962e-08,4.820909862782738e-08,4.821403698398337e-08,4.8218972400437196e-08,4.8223904878687645e-08,4.822883442202131e-08,4.823376103542594e-08,4.82386847208555e-08,4.8243605481256316e-08,4.82485233252732e-08,4.825343824508897e-08,4.825835024906856e-08,4.826325934002521e-08,4.826816552123911e-08,4.827306879484997e-08,4.8277969165959513e-08,4.8282866636145546e-08,4.8287761207974635e-08,4.8292652886079825e-08,4.8297541672598174e-08,4.8302427570425205e-08,4.830731058336145e-08,4.8312190712830295e-08,4.831706796245893e-08,4.832194233496539e-08,4.8326813833896925e-08,4.833168246204202e-08,4.833654822236675e-08,4.834141111783397e-08,4.834627115161954e-08,4.835112832606148e-08,4.835598264468614e-08,4.8360834110195226e-08,4.836568272530195e-08,4.8370528494003987e-08,4.837537141769001e-08,4.8380211500352683e-08,4.8385048744666946e-08,4.838988315457743e-08,4.839471473106359e-08,4.839954347768998e-08,4.840436939997486e-08,4.840919249532651e-08,4.8414012770325964e-08,4.841883022733331e-08,4.8423644869158986e-08,4.842845670023274e-08,4.843326572000663e-08,4.8438071933966056e-08,4.844287534435129e-08,4.844767595322841e-08,4.8452473764373726e-08,4.8457268780497266e-08,4.8462061004402894e-08,4.8466850439176986e-08,4.8471637087107914e-08,4.847642095147981e-08,4.848120203514605e-08,4.848598034076065e-08,4.8490755871052405e-08,4.849552862925428e-08,4.8500298617787986e-08,4.8505065839363065e-08,4.8509830297104874e-08,4.851459199392002e-08,4.851935093201658e-08,4.852410711489346e-08,4.852886054507322e-08,4.85336112253452e-08,4.8538359158501834e-08,4.8543104347323134e-08,4.854784679458871e-08,4.855258650307613e-08,4.8557323475526066e-08,4.8562057714760014e-08,4.856678922352438e-08,4.8571518004469335e-08,4.8576244060541954e-08,4.858096739434715e-08,4.8585688008752705e-08,4.859040590625782e-08,4.859512108980358e-08,4.8599833562112486e-08,4.860454332601137e-08,4.860925038422563e-08,4.861395473970834e-08,4.8618656392275466e-08,4.8623355348498453e-08,4.8628051610710315e-08,4.863274518071836e-08,4.863743606122317e-08,4.8642124257200555e-08,4.864680976877444e-08,4.8651492597251654e-08,4.8656172747005157e-08,4.8660850220716424e-08,4.866552502107671e-08,4.867019715074797e-08,4.867486661241161e-08,4.8679533408471736e-08,4.868419754340073e-08,4.868885901626016e-08,4.869351783104173e-08,4.8698173991849677e-08,4.870282750064626e-08,4.8707478360040606e-08,4.871212657271489e-08,4.8716772141276935e-08,4.872141506930182e-08,4.8726055358467166e-08,4.8730693011175256e-08,4.873532803000803e-08,4.8739960417757634e-08,4.874459017718517e-08,4.874921731093937e-08,4.875384182154198e-08,4.8758463711498574e-08,4.876308298351199e-08,4.8767699640499405e-08,4.877231368547936e-08,4.877692512031403e-08,4.8781533947567843e-08,4.8786140169805425e-08,4.879074378963232e-08,4.879534480962696e-08,4.8799943232361544e-08,4.8804539060399155e-08,4.880913229627392e-08,4.8813722942584015e-08,4.881831100187602e-08,4.882289647669489e-08,4.8827479369605164e-08,4.883205968314189e-08,4.883663741983263e-08,4.884121258225625e-08,4.884578517291803e-08,4.8850355194370584e-08,4.8854922649134206e-08,4.885948753971794e-08,4.886404986865858e-08,4.8868609638459035e-08,4.8873166851637475e-08,4.88777215107315e-08,4.8882273618227343e-08,4.88868231766192e-08,4.889137018839907e-08,4.8895914656082196e-08,4.890045658216189e-08,4.890499596911949e-08,4.8909532819421085e-08,4.8914067135585466e-08,4.891859892007512e-08,4.892312817534705e-08,4.8927654903904905e-08,4.8932179108204136e-08,4.8936700790732355e-08,4.894121995391517e-08,4.894573660022336e-08,4.8950250732101414e-08,4.895476235200375e-08,4.895927146240466e-08,4.896377806571043e-08,4.8968282164390986e-08,4.897278376085129e-08,4.8977282857573465e-08,4.898177945692993e-08,4.8986273561423116e-08,4.899076517340863e-08,4.899525429532489e-08,4.8999740929577445e-08,4.900422507865898e-08,4.900870674483172e-08,4.901318593063082e-08,4.9017662638437115e-08,4.902213687059359e-08,4.902660862955066e-08,4.903107791770243e-08,4.903554473579174e-08,4.9040009089424697e-08,4.904447097777957e-08,4.9048930404838116e-08,4.9053387372980665e-08,4.90578418845747e-08,4.906229393993088e-08,4.906674354554281e-08,4.907119070240349e-08,4.9075635412070354e-08,4.908007767705883e-08,4.908451749902848e-08,4.908895488083616e-08,4.9093389825038926e-08,4.9097822334763094e-08,4.910225241102108e-08,4.910668005591518e-08,4.91111052748725e-08,4.91155280664447e-08,4.911994843428811e-08,4.9124366380798664e-08,4.9128781907591133e-08,4.913319501839381e-08,4.913760571095553e-08,4.914201399522582e-08,4.914641986594028e-08,4.9150823333014253e-08,4.915522439485222e-08,4.915962305367399e-08,4.916401931218699e-08,4.9168413172694576e-08,4.9172804636571316e-08,4.917719370687172e-08,4.918158038575204e-08,4.9185964675500507e-08,4.9190346578392924e-08,4.91947260966057e-08,4.9199103232502675e-08,4.920347798835272e-08,4.920785036642045e-08,4.921222036902419e-08,4.921658799877312e-08,4.922095325689381e-08,4.9225316146467925e-08,4.922967666873771e-08,4.923403482753307e-08,4.923839062411926e-08,4.924274406166892e-08,4.924709514079562e-08,4.925144386460939e-08,4.925579023571739e-08,4.9260134255967714e-08,4.926447592824842e-08,4.9268815253861684e-08,4.927315223447936e-08,4.9277486874007725e-08,4.9281819171639086e-08,4.928614913340459e-08,4.9290476759842763e-08,4.92948020532887e-08,4.9299125015699074e-08,4.930344564933935e-08,4.9307763956082954e-08,4.931207993879647e-08,4.9316393599348224e-08,4.932070493991512e-08,4.932501396276386e-08,4.9329320669984394e-08,4.9333625069089546e-08,4.93379271543332e-08,4.934222692739634e-08,4.9346524393562244e-08,4.935081955640296e-08,4.935511241541503e-08,4.9359402973978484e-08,4.9363691234076247e-08,4.936797719771407e-08,4.937226086767367e-08,4.937654224600255e-08,4.9380821334317396e-08,4.938509813508376e-08,4.938937265043838e-08,4.939364488251627e-08,4.939791483345161e-08,4.940218250537775e-08,4.9406447900415153e-08,4.9410711020694565e-08,4.9414971868333374e-08,4.941923044545211e-08,4.9423486754168425e-08,4.942774079659299e-08,4.943199257483427e-08,4.943624209100225e-08,4.944048934719986e-08,4.944473434553103e-08,4.944897708809079e-08,4.945321757698107e-08,4.9457455814292537e-08,4.946169180211505e-08,4.9465925542538566e-08,4.9470157037645724e-08,4.9474386289523055e-08,4.9478613300242146e-08,4.948283807188775e-08,4.948706060652867e-08,4.9491280906237056e-08,4.949549897308141e-08,4.949971480912815e-08,4.950392841644155e-08,4.9508139797078237e-08,4.9512348953099073e-08,4.951655588655403e-08,4.952076059949748e-08,4.952496309397942e-08,4.9529163372045744e-08,4.9533361435741585e-08,4.95375572871058e-08,4.9541750928177626e-08,4.954594236099543e-08,4.955013158758628e-08,4.955431860998746e-08,4.955850343021846e-08,4.9562686050309903e-08,4.9566866472280286e-08,4.9571044698154316e-08,4.9575220729942093e-08,4.9579394569665666e-08,4.958356621933251e-08,4.958773568095359e-08,4.959190295652859e-08,4.959606804806869e-08,4.960023095756989e-08,4.9604391687033904e-08,4.9608550238453466e-08,4.961270661382264e-08,4.961686081513733e-08,4.962101284437879e-08,4.962516270353412e-08,4.962931039458334e-08,4.963345591951004e-08,4.963759928028895e-08,4.964174047889667e-08,4.964587951730483e-08,4.9650016397482357e-08,4.965415112139865e-08,4.9658283691016143e-08,4.966241410829611e-08,4.966654237520035e-08,4.967066849383464e-08,4.967479246584991e-08,4.967891429354316e-08,4.9683033978669665e-08,4.9687151523133774e-08,4.969126692892367e-08,4.9695380197980384e-08,4.969949133223787e-08,4.970360033363937e-08,4.970770720411705e-08,4.971181194559788e-08,4.971591456001558e-08,4.9720015049291705e-08,4.9724113415436364e-08,4.972820966020718e-08,4.973230378560294e-08,4.973639579354003e-08,4.974048568593201e-08,4.974457346469087e-08,4.974865913175953e-08,4.9752742689010705e-08,4.975682413834593e-08,4.976090348171627e-08,4.9764980721516207e-08,4.9769055858254335e-08,4.977312889463749e-08,4.9777199832608086e-08,4.9781268673888124e-08,4.978533542085128e-08,4.9789400074729685e-08,4.9793462637396504e-08,4.979752311129096e-08,4.9801581497606175e-08,4.980563779899236e-08,4.980969201669369e-08,4.981374415293815e-08,4.981779420979033e-08,4.982184218994201e-08,4.982588809371458e-08,4.982993192309716e-08,4.983397368059507e-08,4.9838013367744853e-08,4.984205098639263e-08,4.984608653835893e-08,4.9850120025541734e-08,4.985415144976477e-08,4.985818081282806e-08,4.986220811647323e-08,4.98662333624964e-08,4.987025655323353e-08,4.987427769017823e-08,4.9878296775325103e-08,4.9882313810233806e-08,4.988632879685018e-08,4.989034173705523e-08,4.989435263281224e-08,4.9898361485466955e-08,4.9902368297447005e-08,4.990637307011243e-08,4.991037580563626e-08,4.991437650545303e-08,4.991837517154736e-08,4.992237180570738e-08,4.992636640980209e-08,4.993035898550487e-08,4.993434953468002e-08,4.993833805911947e-08,4.994232456062645e-08,4.994630904110643e-08,4.9950291502107265e-08,4.9954271945541975e-08,4.9958250373138206e-08,4.9962226786792745e-08,4.99662011882253e-08,4.997017357921955e-08,4.997414396154891e-08,4.997811233699275e-08,4.998207870731928e-08,4.998604307429779e-08,4.99900054396954e-08,4.999396580533093e-08,4.999792417286138e-08,5.000188054409843e-08,5.0005834920802256e-08,5.0009787304798795e-08,5.001373769783078e-08,5.001768610152715e-08,5.002163251770016e-08,5.002557694817866e-08,5.002951939461895e-08,5.003345985916197e-08,5.00373983427049e-08,5.004133484750341e-08,5.0045269374742396e-08,5.004920192704406e-08,5.005313250573607e-08,5.0057061112546015e-08,5.006098774919681e-08,5.00649124174588e-08,5.006883511902896e-08,5.0072755855619855e-08,5.007667462895225e-08,5.008059144074138e-08,5.008450629270014e-08,5.008841918654362e-08,5.0092330123963135e-08,5.009623910668388e-08,5.010014613641255e-08,5.010405121486569e-08,5.010795434371866e-08,5.0111855524685985e-08,5.011575475947143e-08,5.0119652049768324e-08,5.0123547397249655e-08,5.0127440803630527e-08,5.0131332270589665e-08,5.0135221800725034e-08,5.0139109393899055e-08,5.0142995051963787e-08,5.014687877895263e-08,5.0150760574494213e-08,5.015464044060492e-08,5.0158518379004625e-08,5.0162394389156545e-08,5.016626847630105e-08,5.017014064180827e-08,5.0174010887075066e-08,5.017787921278138e-08,5.0181745620722155e-08,5.018561011124588e-08,5.018947268814365e-08,5.019333335235726e-08,5.019719210473505e-08,5.020104894886795e-08,5.020490388494857e-08,5.020875691527016e-08,5.0212608040831304e-08,5.021645726361297e-08,5.0220304585245894e-08,5.022415000736453e-08,5.0227993531610556e-08,5.023183515965064e-08,5.0235674893071096e-08,5.023951273348361e-08,5.024334868259079e-08,5.0247182741948443e-08,5.0251014913313814e-08,5.025484519811116e-08,5.0258673598072857e-08,5.0262500114917434e-08,5.026632475003281e-08,5.0270147505143745e-08,5.027396838188933e-08,5.0277787381838896e-08,5.028160450662029e-08,5.028541975791383e-08,5.028923313719166e-08,5.029304464613834e-08,5.0296854286325356e-08,5.0300662059392216e-08,5.03044679668995e-08,5.0308272010443814e-08,5.031207419160448e-08,5.031587451198933e-08,5.031967297321016e-08,5.032346957680701e-08,5.0327264324429695e-08,5.0331057217592405e-08,5.033484825792629e-08,5.0338637446980866e-08,5.0342424786349645e-08,5.034621027761883e-08,5.034999392033694e-08,5.035377572009466e-08,5.035755567645869e-08,5.036133379070157e-08,5.036511006497851e-08,5.036888450034236e-08,5.0372657098738925e-08,5.037642785992422e-08,5.0380196786804956e-08,5.03839638831565e-08,5.0387729148429736e-08,5.0391492582554945e-08,5.0395254190907565e-08,5.03990139726801e-08,5.040277193003018e-08,5.0406528061394494e-08,5.0410282373976584e-08,5.0414034866485775e-08,5.041778554046257e-08,5.0421534397445736e-08,5.042528143896854e-08,5.0429026666567836e-08,5.0432770081776086e-08,5.043651168611974e-08,5.044025148113267e-08,5.044398946833971e-08,5.04477256492666e-08,5.0451460025433e-08,5.045519259836367e-08,5.0458923366979546e-08,5.0462652337999394e-08,5.046637951032887e-08,5.047010488548943e-08,5.047382846498741e-08,5.04775502503381e-08,5.048127024304922e-08,5.0484988444627414e-08,5.048870485657534e-08,5.0492419480396825e-08,5.049613231759517e-08,5.049984336966513e-08,5.050355263810939e-08,5.0507260124420326e-08,5.051096583009057e-08,5.0514669756615095e-08,5.051837190547979e-08,5.052207227818157e-08,5.052577087619963e-08,5.052946770101939e-08,5.053316275412784e-08,5.053685603694192e-08,5.0540547551067354e-08,5.054423729801668e-08,5.0547925279102084e-08,5.055161149732552e-08,5.05552959512002e-08,5.055897864369621e-08,5.05626595762832e-08,5.056633875042148e-08,5.057001616758299e-08,5.05736918292322e-08,5.0577365736827433e-08,5.0581037892051514e-08,5.058470829591982e-08,5.058837695032584e-08,5.059204385651302e-08,5.059570901569929e-08,5.0599372429798296e-08,5.060303410002044e-08,5.060669402836852e-08,5.061035221784835e-08,5.061400866498753e-08,5.0617663374037215e-08,5.062131634637453e-08,5.0624967583511036e-08,5.06286170867763e-08,5.0632264857825184e-08,5.063591089795587e-08,5.063955520864155e-08,5.064319779128446e-08,5.064683864705708e-08,5.065047777784656e-08,5.065411518500872e-08,5.065775086981148e-08,5.0661384833666426e-08,5.066501707803828e-08,5.066864760434389e-08,5.067227641363457e-08,5.0675903508052534e-08,5.067952888861848e-08,5.068315255698431e-08,5.068677451433817e-08,5.069039476477547e-08,5.069401330445142e-08,5.069763013706732e-08,5.070124526452511e-08,5.070485868756949e-08,5.070847040831353e-08,5.071208042849079e-08,5.071568874804684e-08,5.0719295369473353e-08,5.0722900294014816e-08,5.072650352294882e-08,5.073010505769558e-08,5.073370489964179e-08,5.073730305017139e-08,5.074089951079395e-08,5.074449428276476e-08,5.074808736746126e-08,5.075167876627665e-08,5.075526848036518e-08,5.075885651153558e-08,5.076244286095236e-08,5.0766027529778303e-08,5.0769610519804716e-08,5.0773191832198216e-08,5.0776771468328906e-08,5.0780349429348836e-08,5.0783925716835783e-08,5.0787500332157827e-08,5.079107327667764e-08,5.079464455175651e-08,5.079821415875423e-08,5.0801782099030973e-08,5.080534837394067e-08,5.080891298484196e-08,5.0812475933087254e-08,5.081603722023942e-08,5.081959684743878e-08,5.082315481603315e-08,5.0826711127372685e-08,5.0830265782800296e-08,5.083381878366221e-08,5.083737013108835e-08,5.084091982684287e-08,5.0844467872057055e-08,5.0848014267869925e-08,5.085155901600826e-08,5.0855102115524554e-08,5.085864357136039e-08,5.086218338360432e-08,5.086572155356442e-08,5.08692580821372e-08,5.087279297081488e-08,5.0876326220951135e-08,5.087985783383997e-08,5.088338781089174e-08,5.088691615333024e-08,5.089044286253787e-08,5.089396793991517e-08,5.089749138575388e-08,5.090101320325828e-08,5.0904533394126096e-08,5.0908051956551946e-08,5.0911568895386234e-08,5.091508420859802e-08,5.091859789891084e-08,5.0922109967763084e-08,5.092562041645842e-08,5.092912924630187e-08,5.093263645860127e-08,5.093614205475944e-08,5.093964603587092e-08,5.094314840384606e-08,5.094664915891326e-08,5.095014830292419e-08,5.095364583714871e-08,5.0957141761668986e-08,5.0960636079610475e-08,5.096412879225601e-08,5.0967619900137146e-08,5.09711094048571e-08,5.097459730979692e-08,5.097808361161856e-08,5.0981568314089056e-08,5.0985051418251306e-08,5.09885329254327e-08,5.099201283692456e-08,5.099549115411588e-08,5.099896787820112e-08,5.10024430103528e-08,5.100591655207536e-08,5.100938850416871e-08,5.101285886863415e-08,5.101632764619468e-08,5.1019794838283755e-08,5.1023260446136e-08,5.102672447101564e-08,5.103018691420228e-08,5.103364777674775e-08,5.103710706014026e-08,5.104056476672983e-08,5.104402089561354e-08,5.104747544897432e-08,5.105092842823396e-08,5.105437983602651e-08,5.1057829670750576e-08,5.106127793725468e-08,5.1064724632354974e-08,5.10681697594413e-08,5.107161331972052e-08,5.1075055314655e-08,5.107849574536706e-08,5.1081934613083386e-08,5.108537191895245e-08,5.108880766418711e-08,5.1092241850553745e-08,5.1095674480416956e-08,5.109910555166367e-08,5.110253506711628e-08,5.110596302985302e-08,5.110938943817926e-08,5.111281429437269e-08,5.111623760008722e-08,5.111965935639832e-08,5.112307956445779e-08,5.11264982254596e-08,5.112991534062869e-08,5.113333091128911e-08,5.113674493863699e-08,5.1140157423415935e-08,5.114356836763495e-08,5.1146977772233166e-08,5.115038563830256e-08,5.115379196741123e-08,5.115719676012719e-08,5.116060001799551e-08,5.116400174206547e-08,5.11674019334488e-08,5.117080059382165e-08,5.117419772289466e-08,5.1177593324380614e-08,5.118098739827314e-08,5.1184379945515835e-08,5.118777096767872e-08,5.11911604655593e-08,5.1194548441030466e-08,5.119793489226497e-08,5.120131982528865e-08,5.1204703238952013e-08,5.120808513355539e-08,5.121146551226002e-08,5.1214844374838114e-08,5.1218221723138785e-08,5.122159755812383e-08,5.122497188068018e-08,5.12283446924544e-08,5.123171599429347e-08,5.1235085787400325e-08,5.1238454073114095e-08,5.124182085261261e-08,5.1245186126865134e-08,5.124854989715029e-08,5.125191216505865e-08,5.125527293098326e-08,5.1258632196462825e-08,5.126198996263349e-08,5.126534623072406e-08,5.1268701001806425e-08,5.1272054277012055e-08,5.12754060576628e-08,5.127875634464017e-08,5.128210513950616e-08,5.128545244335532e-08,5.128879825705257e-08,5.1292142581988284e-08,5.129548541933375e-08,5.129882676963835e-08,5.13021666345181e-08,5.1305505015570094e-08,5.130884191352475e-08,5.131217732974071e-08,5.1315511264966994e-08,5.1318843720564977e-08,5.132217469603679e-08,5.1325504197083206e-08,5.132883222052021e-08,5.133215876830352e-08,5.133548384270791e-08,5.1338807442083114e-08,5.1342129568857086e-08,5.1345450228318166e-08,5.134876941841132e-08,5.135208713992848e-08,5.135540339468487e-08,5.135871818337275e-08,5.1362031505552164e-08,5.136534336558447e-08,5.1368653763046375e-08,5.1371962699015574e-08,5.1375270174675374e-08,5.137857619107413e-08,5.1381880749382216e-08,5.1385183850706736e-08,5.1388485495919886e-08,5.1391785686194025e-08,5.139508442337419e-08,5.1398381707578045e-08,5.140167754051606e-08,5.14049719215678e-08,5.1408264853915246e-08,5.1411556341777696e-08,5.141484638012692e-08,5.141813497849319e-08,5.142142212620137e-08,5.1424707830285076e-08,5.142799209177691e-08,5.1431274911713694e-08,5.143455629137697e-08,5.143783623181212e-08,5.144111473481969e-08,5.144439180011009e-08,5.144766742975165e-08,5.1450941624165516e-08,5.14542143851873e-08,5.145748571252043e-08,5.14607556089241e-08,5.146402407429732e-08,5.146729110712853e-08,5.1470556715141323e-08,5.147382089601123e-08,5.1477083651237465e-08,5.148034498103959e-08,5.1483604886859946e-08,5.148686336980172e-08,5.1490120430941914e-08,5.149337607137016e-08,5.149663029143607e-08,5.1499883094518776e-08,5.150313447933295e-08,5.1506384447624105e-08,5.150963299858816e-08,5.1512880138901235e-08,5.151612586457611e-08,5.151937017821802e-08,5.152261308032477e-08,5.1525854572659885e-08,5.152909465381994e-08,5.153233332951734e-08,5.1535570599093e-08,5.153880646265097e-08,5.1542040921100644e-08,5.1545273977255495e-08,5.154850562967279e-08,5.155173587969102e-08,5.155496473004417e-08,5.155819218103066e-08,5.1561418235208524e-08,5.156464289070641e-08,5.156786614991002e-08,5.157108801373576e-08,5.157430848293448e-08,5.1577527559454666e-08,5.158074524425178e-08,5.1583961538283044e-08,5.1587176442480496e-08,5.159038995786809e-08,5.1593602085297175e-08,5.159681282486648e-08,5.160002217912535e-08,5.160323015018318e-08,5.160643673693953e-08,5.1609641940999e-08,5.16128457650985e-08,5.1616048207300586e-08,5.161924926984721e-08,5.162244895392708e-08,5.1625647260269056e-08,5.162884419040265e-08,5.1632039745176313e-08,5.1635233925746015e-08,5.16384267293114e-08,5.1641618163897875e-08,5.164480822708436e-08,5.164799692004399e-08,5.1651184244376506e-08,5.1654370200692584e-08,5.1657554789684676e-08,5.166073801255656e-08,5.166391987025608e-08,5.1667100363824177e-08,5.167027949440744e-08,5.1673457263046015e-08,5.1676633670517494e-08,5.167980871796698e-08,5.1682982406156746e-08,5.1686154736928074e-08,5.168932571013753e-08,5.169249532670508e-08,5.169566358957106e-08,5.169883049821803e-08,5.1701996053378e-08,5.170516025685899e-08,5.170832310892723e-08,5.17114846096111e-08,5.171464476342752e-08,5.171780356927238e-08,5.1720961028340155e-08,5.172411714146588e-08,5.172727190958797e-08,5.1730425333972505e-08,5.173357741628356e-08,5.1736728155663197e-08,5.1739877553984365e-08,5.17430256133554e-08,5.174617233340382e-08,5.174931771481482e-08,5.1752461759252485e-08,5.175560446780603e-08,5.17587458413657e-08,5.1761885880920244e-08,5.176502458743263e-08,5.176816196192051e-08,5.177129800434419e-08,5.177443271664922e-08,5.17775661013529e-08,5.1780698157987714e-08,5.17838288876306e-08,5.17869582908412e-08,5.179008636777671e-08,5.17932131208408e-08,5.17963385503051e-08,5.179946265296171e-08,5.1802585439266404e-08,5.180570690133045e-08,5.180882704770134e-08,5.1811945876294667e-08,5.181506338748796e-08,5.181817958649212e-08,5.182129446584983e-08,5.1824408030714916e-08,5.182752028205524e-08,5.183063122083087e-08,5.183374084800922e-08,5.1836849164551004e-08,5.183995617139769e-08,5.184306186949272e-08,5.184616625737174e-08,5.184926934088857e-08,5.1852371118017996e-08,5.185547159095919e-08,5.185857075976647e-08,5.186166862580393e-08,5.186476518975554e-08,5.1867860452442986e-08,5.1870954415210456e-08,5.187404707881082e-08,5.1877138444192475e-08,5.1880228512304755e-08,5.1883317284093554e-08,5.188640476050844e-08,5.1889490942493534e-08,5.189257582930134e-08,5.1895659425258063e-08,5.189874173016261e-08,5.190182274341737e-08,5.190490246527298e-08,5.190798089884411e-08,5.191105804591794e-08,5.191413390450952e-08,5.1917208476919023e-08,5.192028176602118e-08,5.192335377121066e-08,5.19264244930947e-08,5.1929493931195534e-08,5.193256208969579e-08,5.1935628965890414e-08,5.193869456476477e-08,5.1941758885130615e-08,5.194482192791524e-08,5.194788369404432e-08,5.1950944184444854e-08,5.195400340004151e-08,5.1957061342202505e-08,5.1960118011468596e-08,5.1963173409151317e-08,5.196622753492483e-08,5.1969280394703943e-08,5.19723319807922e-08,5.1975382298703757e-08,5.197843134899507e-08,5.198147913276238e-08,5.198452565076686e-08,5.1987570904215166e-08,5.199061489837844e-08,5.199365762502846e-08,5.199669909046636e-08,5.199973929428413e-08,5.200277823787244e-08,5.200581592221034e-08,5.2008852348156063e-08,5.201188751895443e-08,5.2014921431383396e-08,5.201795408742288e-08,5.2020985488882276e-08,5.2024015637880724e-08,5.202704453335349e-08,5.2030072176447054e-08,5.2033098568855547e-08,5.203612371082515e-08,5.203914760304945e-08,5.204217024753028e-08,5.204519164494046e-08,5.2048211793799363e-08,5.205123069851932e-08,5.2054248358515566e-08,5.20572647750856e-08,5.206027994814682e-08,5.206329387868135e-08,5.2066306568506785e-08,5.206931801753125e-08,5.2072328227507335e-08,5.207533719845963e-08,5.207834493178554e-08,5.2081351428056224e-08,5.2084356685871826e-08,5.2087360713405e-08,5.2090363504587564e-08,5.209336506222304e-08,5.20963653864919e-08,5.209936448013102e-08,5.210236234043877e-08,5.2105358973990246e-08,5.210835437712043e-08,5.211134855825625e-08,5.211434150914361e-08,5.2117333232473426e-08,5.212032372877962e-08,5.212331300221629e-08,5.2126301052612644e-08,5.212928787969132e-08,5.213227348457447e-08,5.213525786817773e-08,5.213824103230377e-08,5.214122297712684e-08,5.214420370381098e-08,5.214718321284894e-08,5.2150161505011825e-08,5.21531385791824e-08,5.21561144409425e-08,5.215908908681029e-08,5.2162062519486214e-08,5.2165034741267254e-08,5.21680057515336e-08,5.217097555112289e-08,5.217394414003134e-08,5.217691152063918e-08,5.2179877694432145e-08,5.2182842657117156e-08,5.218580641644364e-08,5.2188768968924916e-08,5.219173031825104e-08,5.219469046362699e-08,5.21976494074387e-08,5.220060714795317e-08,5.22035636863932e-08,5.22065190250085e-08,5.220947316367538e-08,5.221242610275084e-08,5.22153778448806e-08,5.2218328390840355e-08,5.222127774002181e-08,5.2224225893152105e-08,5.2227172851923805e-08,5.223011861490518e-08,5.223306318618108e-08,5.2236006565906366e-08,5.2238948754777783e-08,5.224188975439804e-08,5.22448295623807e-08,5.224776818252206e-08,5.225070561501801e-08,5.225364186070113e-08,5.225657692054159e-08,5.2259510796122716e-08,5.2262443485878335e-08,5.226537499489563e-08,5.226830531843379e-08,5.227123445930729e-08,5.227416242320907e-08,5.227708920279887e-08,5.228001480401544e-08,5.2282939225928016e-08,5.228586247067005e-08,5.228878453841184e-08,5.229170543009914e-08,5.229462514644202e-08,5.2297543687756157e-08,5.230046105585352e-08,5.230337725126302e-08,5.230629227390551e-08,5.230920612574653e-08,5.2312118807395475e-08,5.231503031919101e-08,5.231794066176419e-08,5.232084983422225e-08,5.2323757842018636e-08,5.2326664682565706e-08,5.232957035852438e-08,5.233247486969646e-08,5.233537821630478e-08,5.2338280400447656e-08,5.234118142123627e-08,5.234408127952328e-08,5.2346979977831446e-08,5.234987751764967e-08,5.2352773898878943e-08,5.235566912141904e-08,5.235856318651662e-08,5.2361456094950787e-08,5.23643478480161e-08,5.2367238445613364e-08,5.237012788939531e-08,5.237301617935538e-08,5.237590331477377e-08,5.23787893002518e-08,5.238167413481559e-08,5.238455781898693e-08,5.2387440353471904e-08,5.239032173982578e-08,5.239320197789662e-08,5.23960810690659e-08,5.239895901403799e-08,5.240183580981589e-08,5.240471146453559e-08,5.2407585975383054e-08,5.241045934247003e-08,5.241333156803056e-08,5.241620265194213e-08,5.241907259493602e-08,5.242194139820419e-08,5.2424809067916395e-08,5.242767559360833e-08,5.2430540981800575e-08,5.2433405233101406e-08,5.2436268349260616e-08,5.243913032944719e-08,5.244199117498807e-08,5.244485088733261e-08,5.244770946634247e-08,5.245056691352624e-08,5.2453423229116985e-08,5.245627841440185e-08,5.2459132469010186e-08,5.246198539514536e-08,5.246483719341341e-08,5.2467687864204515e-08,5.2470537408360396e-08,5.247338582671475e-08,5.247623312458769e-08,5.2479079293453504e-08,5.248192433893694e-08,5.2484768261460835e-08,5.248761106266193e-08,5.2490452743148116e-08,5.249329330225014e-08,5.249613274163266e-08,5.249897106207173e-08,5.2501808264076736e-08,5.250464434851974e-08,5.250747931640088e-08,5.251031316781125e-08,5.251314590574857e-08,5.251597752925756e-08,5.251880803830539e-08,5.252163743402468e-08,5.252446571880629e-08,5.2527292891054e-08,5.253011895361333e-08,5.253294390626716e-08,5.253576774959173e-08,5.25385904840937e-08,5.2541412112048635e-08,5.254423263164802e-08,5.254705204638076e-08,5.254987035509089e-08,5.255268756001496e-08,5.2555503661020146e-08,5.2558318659008946e-08,5.2561132556137923e-08,5.2563945351829546e-08,5.2566757046678e-08,5.256956764024822e-08,5.2572377133622737e-08,5.257518553032757e-08,5.257799283153382e-08,5.258079903179202e-08,5.258360413725763e-08,5.2586408146460245e-08,5.258921106075918e-08,5.259201288023215e-08,5.259481360784222e-08,5.259761324223569e-08,5.260041178768384e-08,5.2603209239348543e-08,5.260600560095625e-08,5.260880087314202e-08,5.261159505629405e-08,5.261438815203792e-08,5.261718015968256e-08,5.261997108067753e-08,5.262276091575879e-08,5.262554966565988e-08,5.262833733111588e-08,5.26311239128589e-08,5.263390941162064e-08,5.2636693827961817e-08,5.263947716295615e-08,5.26422594169898e-08,5.264504059113818e-08,5.264782068595641e-08,5.2650599702173254e-08,5.265337764051397e-08,5.265615450153505e-08,5.265893028613122e-08,5.2661704995253155e-08,5.266447862918236e-08,5.2667251189088705e-08,5.267002267602455e-08,5.267279308937694e-08,5.267556243143354e-08,5.2678330701534e-08,5.268109790137422e-08,5.2683864032058265e-08,5.2686629092814077e-08,5.268939308604088e-08,5.269215600742407e-08,5.26949178649943e-08,5.269767865520902e-08,5.270043838085635e-08,5.270319704033892e-08,5.27059546363289e-08,5.2708711166662245e-08,5.271146663641864e-08,5.271422104412645e-08,5.2716974390494325e-08,5.271972667623659e-08,5.272247790206173e-08,5.2725228068679434e-08,5.272797717679716e-08,5.2730725227124936e-08,5.273347222036898e-08,5.273621815723639e-08,5.2738963038432735e-08,5.2741706864663384e-08,5.274444963663365e-08,5.2747191355047333e-08,5.274993202060532e-08,5.2752671634014504e-08,5.275541019597271e-08,5.275814770718441e-08,5.276088416834897e-08,5.2763619580165916e-08,5.2766353943334334e-08,5.2769087258555105e-08,5.277181952652398e-08,5.277455074793676e-08,5.277728092349458e-08,5.278001005388939e-08,5.2782738139818127e-08,5.2785465181975855e-08,5.278819118105471e-08,5.2790916137750995e-08,5.2793640052755416e-08,5.279636292692376e-08,5.2799084760620197e-08,5.280180555469706e-08,5.2804525310013827e-08,5.280724402709127e-08,5.2809961706619943e-08,5.281267834928459e-08,5.28153939557752e-08,5.281810852678056e-08,5.282082206298213e-08,5.2823534565068385e-08,5.2826246033723894e-08,5.282895646963206e-08,5.283166587347686e-08,5.283437424594098e-08,5.283708158770696e-08,5.283978789945436e-08,5.284249318186484e-08,5.2845197435620476e-08,5.284790066139985e-08,5.285060285988225e-08,5.285330403174478e-08,5.285600417766883e-08,5.2858703298326306e-08,5.286140139439846e-08,5.28640984653495e-08,5.28667945130699e-08,5.286948953822826e-08,5.287218354149981e-08,5.287487652476098e-08,5.287756848627965e-08,5.2880259427924566e-08,5.288294935037433e-08,5.2885638254293814e-08,5.288832614035594e-08,5.2891013009231046e-08,5.289369886158667e-08,5.289638369809132e-08,5.2899067519407725e-08,5.290175032621122e-08,5.29044321191655e-08,5.2907112898937235e-08,5.2909792666186736e-08,5.291247142158187e-08,5.291514916578657e-08,5.291782589946339e-08,5.292050162327418e-08,5.292317633788279e-08,5.292585004394958e-08,5.2928522742136735e-08,5.293119443309771e-08,5.2933865117500585e-08,5.293653479599898e-08,5.293920346925413e-08,5.294187113791993e-08,5.294453780265809e-08,5.294720346412257e-08,5.294986812296852e-08,5.295253177985263e-08,5.295519443542765e-08,5.295785609034849e-08,5.296051674526875e-08,5.296317640084284e-08,5.2965835057719693e-08,5.2968492716555634e-08,5.29711493779945e-08,5.29738050426897e-08,5.2976459711292815e-08,5.297911338445013e-08,5.2981766062812346e-08,5.298441774702841e-08,5.2987068437740657e-08,5.298971813559943e-08,5.299236684125008e-08,5.2995014555336125e-08,5.299766127850667e-08,5.300030701140255e-08,5.300295175467081e-08,5.300559550894878e-08,5.300823827488519e-08,5.301088005311865e-08,5.301352084428986e-08,5.301616064904399e-08,5.301879946801396e-08,5.302143730184477e-08,5.302407415117443e-08,5.302671001663778e-08,5.3029344898874356e-08,5.303197879852363e-08,5.303461171621987e-08,5.30372436526033e-08,5.30398746083023e-08,5.304250458395685e-08,5.3045133580198414e-08,5.304776159766321e-08,5.305038863698043e-08,5.305301469878589e-08,5.305563978370952e-08,5.305826389238724e-08,5.3060887025442674e-08,5.3063509183508084e-08,5.306613036721606e-08,5.306875057719153e-08,5.307136981406509e-08,5.307398807846411e-08,5.307660537101719e-08,5.307922169235115e-08,5.308183704308752e-08,5.308445142385383e-08,5.3087064835279265e-08,5.308967727798269e-08,5.3092288752588035e-08,5.3094899259721693e-08,5.30975088000047e-08,5.310011737405825e-08,5.310272498250716e-08,5.3105331625966666e-08,5.310793730506287e-08,5.311054202041121e-08,5.311314577263308e-08,5.311574856234337e-08,5.3118350390168176e-08,5.312095125671968e-08,5.312355116261375e-08,5.312615010847054e-08,5.312874809490228e-08,5.313134512252549e-08,5.313394119195234e-08,5.313653630380036e-08,5.3139130458680496e-08,5.314172365720964e-08,5.3144315899993e-08,5.3146907187648304e-08,5.3149497520787274e-08,5.3152086900018107e-08,5.315467532594902e-08,5.3157262799195936e-08,5.315984932036049e-08,5.3162434890058286e-08,5.316501950889416e-08,5.316760317747226e-08,5.317018589640038e-08,5.3172767666286556e-08,5.3175348487741e-08,5.317792836136452e-08,5.3180507287761626e-08,5.3183085267535937e-08,5.318566230129067e-08,5.3188238389628296e-08,5.319081353314964e-08,5.319338773246317e-08,5.3195960988165976e-08,5.3198533300857936e-08,5.320110467113978e-08,5.3203675099610244e-08,5.320624458687501e-08,5.320881313352418e-08,5.321138074015827e-08,5.3213947407376826e-08,5.321651313577292e-08,5.321907792594795e-08,5.3221641778496646e-08,5.322420469401128e-08,5.322676667308438e-08,5.322932771631965e-08,5.3231887824304714e-08,5.323444699762957e-08,5.323700523689538e-08,5.3239562542687615e-08,5.32421189156026e-08,5.3244674356228315e-08,5.3247228865154814e-08,5.324978244297403e-08,5.3252335090272374e-08,5.325488680764298e-08,5.325743759566935e-08,5.325998745494186e-08,5.326253638604744e-08,5.3265084389571934e-08,5.326763146610109e-08,5.3270177616219844e-08,5.327272284052235e-08,5.327526713957972e-08,5.327781051398631e-08,5.3280352964317236e-08,5.328289449116886e-08,5.328543509511114e-08,5.3287974776728265e-08,5.3290513536605594e-08,5.3293051375323355e-08,5.329558829345762e-08,5.3298124291590164e-08,5.330065937030809e-08,5.3303193530177995e-08,5.330572677178616e-08,5.3308259095709816e-08,5.331079050252164e-08,5.3313320992801764e-08,5.331585056712669e-08,5.331837922607369e-08,5.332090697021501e-08,5.332343380012375e-08,5.332595971637865e-08,5.3328484719552287e-08,5.333100881021402e-08,5.3333531988937044e-08,5.3336054256299e-08,5.333857561286805e-08,5.334109605921246e-08,5.33436155959059e-08,5.334613422352562e-08,5.3348651942630947e-08,5.3351168753793367e-08,5.3353684657580596e-08,5.335619965456485e-08,5.335871374530921e-08,5.336122693038455e-08,5.336373921035334e-08,5.336625058578358e-08,5.336876105724422e-08,5.337127062595006e-08,5.337377929105585e-08,5.337628705482924e-08,5.3378793916895776e-08,5.3381299876955054e-08,5.338380493730415e-08,5.338630909759937e-08,5.3388812358855694e-08,5.339131472112367e-08,5.339381618377076e-08,5.339631674962507e-08,5.3398816418423795e-08,5.340131519032182e-08,5.340381306613437e-08,5.340631004641177e-08,5.340880613161707e-08,5.341130132221834e-08,5.3413795619211606e-08,5.3416289022770975e-08,5.3418781533399804e-08,5.3421273151815327e-08,5.342376387857351e-08,5.342625371422535e-08,5.342874265932784e-08,5.343123071443062e-08,5.343371788009012e-08,5.3436204156854794e-08,5.343868954527962e-08,5.3441174045913247e-08,5.3443657659306403e-08,5.3446140386009695e-08,5.344862222657365e-08,5.3451103181546474e-08,5.345358325147703e-08,5.3456062436912504e-08,5.345854073840307e-08,5.346101815649253e-08,5.346349469173114e-08,5.346597034466279e-08,5.3468445115833614e-08,5.3470919005790946e-08,5.347339201507609e-08,5.3475864144236746e-08,5.3478335393813386e-08,5.3480805764352336e-08,5.348327525639391e-08,5.348574387048438e-08,5.348821160716027e-08,5.349067846696722e-08,5.349314445044419e-08,5.3495609558133126e-08,5.349807379057311e-08,5.350053714830283e-08,5.350299963186407e-08,5.3505461241792873e-08,5.350792197862812e-08,5.3510381842907466e-08,5.3512840835169125e-08,5.35152989559478e-08,5.3517756205781776e-08,5.352021258520304e-08,5.3522668094753283e-08,5.352512273496171e-08,5.352757650636552e-08,5.35300294094961e-08,5.353248144488955e-08,5.3534932613077214e-08,5.353738291459233e-08,5.353983234996464e-08,5.354228091972985e-08,5.3544728624416635e-08,5.354717546493969e-08,5.3549621442138355e-08,5.3552066555045334e-08,5.355451080425868e-08,5.35569541913885e-08,5.3559396716475984e-08,5.356183838023647e-08,5.356427918396621e-08,5.3566719126903335e-08,5.356915820966468e-08,5.3571596433796365e-08,5.3574033798493454e-08,5.357647030817723e-08,5.357890595701944e-08,5.358134074872374e-08,5.358377468373288e-08,5.358620776264894e-08,5.358863998664549e-08,5.35910713550508e-08,5.359350186876461e-08,5.359593152840274e-08,5.359836033580133e-08,5.3600788289167655e-08,5.3603215396085774e-08,5.360564164910681e-08,5.3608067049331746e-08,5.3610491595658817e-08,5.36129152917891e-08,5.3615338138108076e-08,5.361776013484115e-08,5.362018128231331e-08,5.362260158203822e-08,5.362502103508187e-08,5.36274396397657e-08,5.362985739767005e-08,5.363227430908417e-08,5.363469037497096e-08,5.363710559553079e-08,5.3639519971456454e-08,5.36419335029339e-08,5.3644346190949177e-08,5.364675803572029e-08,5.3649169037803633e-08,5.365157919756126e-08,5.3653988518786724e-08,5.365639699597489e-08,5.3658804635859184e-08,5.3661211432286346e-08,5.366361738909695e-08,5.3666022507259285e-08,5.3668426784595354e-08,5.367083023015273e-08,5.367323283403513e-08,5.367563460015179e-08,5.3678035534505954e-08,5.368043563359412e-08,5.368283489160064e-08,5.36852333172084e-08,5.3687630902207315e-08,5.369002765981937e-08,5.369242358069818e-08,5.369481866858827e-08,5.369721292396144e-08,5.369960634717407e-08,5.370199894193698e-08,5.3704390699336104e-08,5.370678162724539e-08,5.3709171730564123e-08,5.3711561000343466e-08,5.371394944200337e-08,5.371633705512585e-08,5.371872383986592e-08,5.372110979700842e-08,5.3723494926849665e-08,5.372587923519465e-08,5.372826271307026e-08,5.373064536647244e-08,5.373302719349025e-08,5.3735408196164965e-08,5.3737788374943164e-08,5.374016773006932e-08,5.374254626218418e-08,5.374492397168693e-08,5.374730085961859e-08,5.37496769254263e-08,5.3752052169601924e-08,5.375442659360531e-08,5.375680019768295e-08,5.3759172984991196e-08,5.376154495011596e-08,5.376391609677233e-08,5.376628642532936e-08,5.3768655936150285e-08,5.3771024629888375e-08,5.377339250690691e-08,5.3775759570485085e-08,5.3778125816187565e-08,5.378049124615238e-08,5.378285586104661e-08,5.3785219662054096e-08,5.378758264931356e-08,5.378994482316067e-08,5.379230618480519e-08,5.379466673260315e-08,5.379702646958464e-08,5.37993853941537e-08,5.3801743509552166e-08,5.380410081415953e-08,5.380645730863255e-08,5.380881299385352e-08,5.381116787015348e-08,5.3813521937717596e-08,5.3815875197726554e-08,5.3818227650343124e-08,5.382057929576428e-08,5.382293013419233e-08,5.382528016737789e-08,5.382762939487639e-08,5.382997781722735e-08,5.383232543519842e-08,5.383467224717589e-08,5.3837018260052767e-08,5.3839363466224996e-08,5.384170787055004e-08,5.3844051473202634e-08,5.384639427106574e-08,5.384873627062473e-08,5.3851077469131426e-08,5.385341787304021e-08,5.3855757471397567e-08,5.385809627045277e-08,5.3860434271168817e-08,5.38627714734982e-08,5.3865107875645354e-08,5.38674434820766e-08,5.386977829140186e-08,5.3872112310569544e-08,5.387444552751425e-08,5.387677794886934e-08,5.387910957254747e-08,5.3881440410268805e-08,5.38837704535215e-08,5.388609969704483e-08,5.388842814749286e-08,5.3890755805939264e-08,5.389308267152713e-08,5.389540874527568e-08,5.389773402724944e-08,5.390005851872013e-08,5.390238222249014e-08,5.390470513867533e-08,5.390702726012454e-08,5.3909348591470794e-08,5.391166913559327e-08,5.3913988894317984e-08,5.391630786284434e-08,5.391862604422271e-08,5.39209434390703e-08,5.392326004754622e-08,5.392557587026596e-08,5.3927890907501765e-08,5.3930205162481086e-08,5.3932518636209056e-08,5.3934831320797075e-08,5.393714322165498e-08,5.393945433952552e-08,5.394176467478324e-08,5.394407423121808e-08,5.3946383006053194e-08,5.394869099656792e-08,5.395099820890753e-08,5.3953304638407526e-08,5.395561028802793e-08,5.395791515852813e-08,5.3960219250167556e-08,5.396252256340492e-08,5.396482509869388e-08,5.3967126856491834e-08,5.3969427837132646e-08,5.397172804123233e-08,5.39740274690944e-08,5.397632612437674e-08,5.397862400154066e-08,5.39809211022315e-08,5.398321743018795e-08,5.398551298725095e-08,5.398780776795864e-08,5.3990101775758445e-08,5.3992395014140336e-08,5.399468747738023e-08,5.3996979169112286e-08,5.39992700896977e-08,5.4001560239586705e-08,5.400384961923027e-08,5.40061382302038e-08,5.400842607117476e-08,5.401071314277094e-08,5.401299944887179e-08,5.401528498954155e-08,5.401756975712656e-08,5.401985375759958e-08,5.402213699412181e-08,5.402441946186585e-08,5.402670116465144e-08,5.402898210160742e-08,5.403126227329149e-08,5.4033541680487445e-08,5.4035820324781195e-08,5.40380982099847e-08,5.404037532654607e-08,5.404265168563547e-08,5.4044927279761634e-08,5.404720210968209e-08,5.4049476179263706e-08,5.405174949115773e-08,5.405402203936127e-08,5.405629382662684e-08,5.4058564857591995e-08,5.406083512710624e-08,5.406310463993915e-08,5.406537339160335e-08,5.4067641385467263e-08,5.40699086229195e-08,5.407217510249708e-08,5.407444082559216e-08,5.407670579229748e-08,5.407897000373939e-08,5.4081233460011654e-08,5.408349616154942e-08,5.4085758111195184e-08,5.40880193048478e-08,5.409027974489229e-08,5.409253943233177e-08,5.409479837056656e-08,5.409705655285701e-08,5.4099313983625e-08,5.410157066298173e-08,5.410382659152168e-08,5.4106081774145356e-08,5.410833620262611e-08,5.411058988131429e-08,5.411284281500391e-08,5.411509500204551e-08,5.4117346434772514e-08,5.411959711971256e-08,5.412184706066391e-08,5.4124096254922936e-08,5.412634469927381e-08,5.412859239725206e-08,5.4130839349695106e-08,5.41330855569328e-08,5.413533101944311e-08,5.413757573754701e-08,5.41398197117273e-08,5.4142062947287465e-08,5.414430543476127e-08,5.414654718321166e-08,5.414878818596367e-08,5.415102844692903e-08,5.4153267971109084e-08,5.415550675459134e-08,5.4157744792741105e-08,5.415998209080383e-08,5.416221864920529e-08,5.416445446904237e-08,5.416668955545582e-08,5.416892389741439e-08,5.417115750140947e-08,5.417339036810212e-08,5.4175622497432235e-08,5.417785389006292e-08,5.4180084547066956e-08,5.418231446756341e-08,5.4184543652626976e-08,5.418677210599075e-08,5.418899982144681e-08,5.4191226802728146e-08,5.419345305047726e-08,5.419567856849073e-08,5.419790334999742e-08,5.420012740138614e-08,5.420235071828804e-08,5.420457330388505e-08,5.420679515821581e-08,5.420901628532583e-08,5.4211236678126535e-08,5.4213456340922354e-08,5.4215675277479e-08,5.421789348151292e-08,5.4220110959257574e-08,5.422232770913283e-08,5.422454372753601e-08,5.4226759019336736e-08,5.422897358421539e-08,5.423118742207345e-08,5.4233400533717976e-08,5.4235612923240295e-08,5.423782458355675e-08,5.4240035518860344e-08,5.424224573009757e-08,5.424445522262444e-08,5.424666398737354e-08,5.424887202669716e-08,5.425107934309297e-08,5.4253285936926196e-08,5.425549180871146e-08,5.425769695905983e-08,5.425990138808218e-08,5.426210509581861e-08,5.426430808498466e-08,5.426651035209232e-08,5.4268711899639045e-08,5.427091272795673e-08,5.427311283785885e-08,5.427531222877174e-08,5.427751090127515e-08,5.4279708856677344e-08,5.428190609468282e-08,5.42841026157207e-08,5.4286298420467595e-08,5.428849350942249e-08,5.4290687883323123e-08,5.4292881541450506e-08,5.4295074484665266e-08,5.429726671327771e-08,5.429945823160105e-08,5.430164903263209e-08,5.430383912076483e-08,5.4306028496043894e-08,5.4308217162649595e-08,5.431040511362005e-08,5.431259235308366e-08,5.431477888098765e-08,5.431696469870215e-08,5.4319149805120946e-08,5.432133420291287e-08,5.432351789383039e-08,5.4325700871837066e-08,5.4327883143497355e-08,5.433006470454828e-08,5.4332245557136995e-08,5.433442570241569e-08,5.43366051404686e-08,5.4338783871765034e-08,5.4340961896840345e-08,5.434313921606017e-08,5.434531582977478e-08,5.4347491737895986e-08,5.4349666941384066e-08,5.4351841440359547e-08,5.435401523549015e-08,5.4356188331419145e-08,5.435836071954747e-08,5.436053240484466e-08,5.436270338765537e-08,5.4364873668664035e-08,5.43670432469164e-08,5.436921212776053e-08,5.4371380304839865e-08,5.4373547781394186e-08,5.4375714557934704e-08,5.437788063480076e-08,5.4380046012843735e-08,5.438221069460712e-08,5.438437467474816e-08,5.4386537956524665e-08,5.438870054108745e-08,5.439086242799547e-08,5.4393023618266454e-08,5.4395184114271234e-08,5.439734391186766e-08,5.4399503013375584e-08,5.440166142009739e-08,5.4403819132043034e-08,5.4405976148656026e-08,5.440813247119594e-08,5.441028810472842e-08,5.441244304281105e-08,5.441459728791904e-08,5.441675083746218e-08,5.441890369673767e-08,5.442105586058474e-08,5.44232073330749e-08,5.4425358116922325e-08,5.44275082116333e-08,5.442965761457131e-08,5.443180632621115e-08,5.443395434782805e-08,5.4436101680678106e-08,5.4438248323489685e-08,5.444039428207295e-08,5.444253955015761e-08,5.444468413002449e-08,5.444682802259917e-08,5.444897122878582e-08,5.445111374794368e-08,5.445325558150411e-08,5.445539673282472e-08,5.44575371973423e-08,5.445967697718994e-08,5.4461816069094465e-08,5.446395447970327e-08,5.446609220384691e-08,5.446822924721285e-08,5.4470365604579194e-08,5.447250127789104e-08,5.447463627019529e-08,5.447677057804552e-08,5.447890420469988e-08,5.4481037150325245e-08,5.44831694172267e-08,5.448530100362578e-08,5.448743190964921e-08,5.4489562136289996e-08,5.449169168170753e-08,5.4493820551880155e-08,5.449594874109281e-08,5.4498076253180425e-08,5.450020309006018e-08,5.450232924611753e-08,5.4504454725316194e-08,5.4506579530886073e-08,5.450870365962728e-08,5.451082710999601e-08,5.451294988461661e-08,5.451507198448967e-08,5.451719340901457e-08,5.451931415964004e-08,5.4521434235549376e-08,5.4523553633899254e-08,5.4525672362797535e-08,5.4527790417852175e-08,5.452990780115306e-08,5.4532024509861936e-08,5.4534140549061e-08,5.453625591608479e-08,5.453837061269964e-08,5.454048463468969e-08,5.4542597990107335e-08,5.454471067550202e-08,5.4546822691231925e-08,5.4548934037544854e-08,5.4551044715071624e-08,5.455315472392386e-08,5.4555264067567275e-08,5.455737274046928e-08,5.4559480749277186e-08,5.4561588087709e-08,5.456369475942452e-08,5.456580076480618e-08,5.456790610574357e-08,5.4570010782529034e-08,5.457211479103008e-08,5.457421813458556e-08,5.4576320813446186e-08,5.4578422828375084e-08,5.458052417926038e-08,5.4582624866961216e-08,5.458472489151178e-08,5.458682425343783e-08,5.458892295301973e-08,5.4591020990626104e-08,5.4593118366618454e-08,5.4595215081349335e-08,5.459731113835359e-08,5.459940653163869e-08,5.460150126795614e-08,5.460359534125067e-08,5.4605688755104586e-08,5.46077815101687e-08,5.4609873606173034e-08,5.461196504674777e-08,5.461405582636279e-08,5.461614594874735e-08,5.4618235413433266e-08,5.462032422116194e-08,5.4622412372327735e-08,5.4624499870339625e-08,5.462658670939404e-08,5.462867289297147e-08,5.463075842139853e-08,5.463284329497327e-08,5.4634927512040296e-08,5.4637011077021e-08,5.463909398821752e-08,5.4641176246890506e-08,5.4643257851886136e-08,5.464533880395386e-08,5.464741910400298e-08,5.464949875183156e-08,5.4651577748338044e-08,5.4653656096813865e-08,5.4655733790967275e-08,5.46578108347861e-08,5.4659887228386574e-08,5.4661962972227485e-08,5.466403806627376e-08,5.466611251153822e-08,5.466818630796181e-08,5.4670259456009795e-08,5.4672331953510836e-08,5.467440380557832e-08,5.467647501024681e-08,5.4678545568124546e-08,5.4680615479003324e-08,5.468268474330933e-08,5.468475336188845e-08,5.4686821335251e-08,5.468888866338136e-08,5.4690955346250636e-08,5.469302138490088e-08,5.469508677933895e-08,5.4697151529678754e-08,5.469921563676396e-08,5.470127910062871e-08,5.4703341921671244e-08,5.470540410025354e-08,5.470746563669074e-08,5.470952653133214e-08,5.4711586784575286e-08,5.4713646396729575e-08,5.471570536815241e-08,5.471776369826089e-08,5.4719821389217094e-08,5.472187844048509e-08,5.47239348520902e-08,5.472599062461194e-08,5.472804575873709e-08,5.473010025463131e-08,5.47321541121041e-08,5.473420733227697e-08,5.473625991524203e-08,5.4738311861264285e-08,5.4740363170548905e-08,5.4742413843592925e-08,5.474446388072465e-08,5.4746513282386214e-08,5.474856204876887e-08,5.475061018013927e-08,5.475265767681226e-08,5.4754704539520906e-08,5.475675076834279e-08,5.475879636358752e-08,5.476084132548175e-08,5.4762885654700794e-08,5.476492935143069e-08,5.476697241555988e-08,5.4769014848233706e-08,5.477105664940314e-08,5.477309781939551e-08,5.477513835857368e-08,5.477717826702628e-08,5.477921754553209e-08,5.478125619430591e-08,5.478329421352338e-08,5.4785331603653045e-08,5.478736836472473e-08,5.478940449725604e-08,5.479144000176293e-08,5.47934748785028e-08,5.4795509125216545e-08,5.4797542747648975e-08,5.479957574326537e-08,5.480160811245912e-08,5.4803639855331845e-08,5.4805670972334685e-08,5.480770146416497e-08,5.480973133045967e-08,5.4811760572025626e-08,5.481378918953427e-08,5.4815817182934464e-08,5.481784455257628e-08,5.481987129802686e-08,5.482189742109244e-08,5.4823922921403734e-08,5.482594779926367e-08,5.482797205500412e-08,5.4829995688919216e-08,5.483201870137865e-08,5.483404109316463e-08,5.483606286306184e-08,5.4838084013197235e-08,5.4840104543194606e-08,5.4842124453138925e-08,5.4844143743847057e-08,5.4846162415458125e-08,5.484818046817261e-08,5.485019790248508e-08,5.4852214718547673e-08,5.485423091662656e-08,5.485624649743462e-08,5.4858261461089414e-08,5.486027580780949e-08,5.4862289538121416e-08,5.486430265199896e-08,5.486631515025159e-08,5.4868327032941416e-08,5.487033830047024e-08,5.48723489530326e-08,5.487435899112436e-08,5.487636841514928e-08,5.4878377225050316e-08,5.48803854213823e-08,5.488239300442518e-08,5.488439997455929e-08,5.4886406332161995e-08,5.488841207712489e-08,5.489041721044837e-08,5.4892421732109394e-08,5.489442564248656e-08,5.4896428941671265e-08,5.4898431630421637e-08,5.490043370885723e-08,5.490243517726468e-08,5.490443603597277e-08,5.490643628422468e-08,5.4908435924757935e-08,5.4910434956030404e-08,5.491243337897365e-08,5.4914431193976705e-08,5.4916428401305944e-08,5.491842500080686e-08,5.492042099357053e-08,5.492241637936382e-08,5.492441115882138e-08,5.4926405332119744e-08,5.492839889935149e-08,5.4930391861029067e-08,5.493238421775316e-08,5.493437596959521e-08,5.4936367116864644e-08,5.49383576592765e-08,5.494034759833255e-08,5.4942336933794364e-08,5.4944325665242226e-08,5.494631379414263e-08,5.4948301320686095e-08,5.495028824481124e-08,5.495227456585778e-08,5.495426028625434e-08,5.495624540528272e-08,5.49582299232046e-08,5.496021384039384e-08,5.496219715696108e-08,5.4964179872490776e-08,5.496616199075418e-08,5.49681435080649e-08,5.4970124424526026e-08,5.497210474367738e-08,5.49740844643516e-08,5.497606358426378e-08,5.497804210873789e-08,5.498002003531978e-08,5.49819973645856e-08,5.498397409684225e-08,5.498595023248553e-08,5.4987925771966064e-08,5.4989900715230855e-08,5.49918750626961e-08,5.499384881477063e-08,5.4995821971920535e-08,5.499779453411724e-08,5.499976650020172e-08,5.500173787374072e-08,5.5003708653482114e-08,5.5005678839650764e-08,5.5007648432246246e-08,5.5009617432228414e-08,5.501158583911504e-08,5.501355365411406e-08,5.50155208770353e-08,5.5017487508205556e-08,5.5019453548046463e-08,5.50214189968724e-08,5.5023383854777954e-08,5.50253481222549e-08,5.5027311799340906e-08,5.502927488674124e-08,5.5031237384438256e-08,5.503319928904103e-08,5.503516060872991e-08,5.5037121339781093e-08,5.50390814824972e-08,5.504104103721162e-08,5.5043000005279105e-08,5.50449583845414e-08,5.504691617450221e-08,5.5048873377290585e-08,5.505082999644685e-08,5.505278602932334e-08,5.505474147635802e-08,5.505669633781288e-08,5.5058650613943355e-08,5.506060430494864e-08,5.506255741128548e-08,5.5064509933488445e-08,5.5066461871564043e-08,5.506841322743274e-08,5.507036399835743e-08,5.5072314186113486e-08,5.5074263791026714e-08,5.507621281338135e-08,5.5078161253462e-08,5.508010911166621e-08,5.50820563880697e-08,5.508400308320741e-08,5.508594919732133e-08,5.508789473028934e-08,5.508983968312397e-08,5.509178405589818e-08,5.509372785107019e-08,5.50956710644337e-08,5.509761369853501e-08,5.509955575372529e-08,5.510149722910131e-08,5.510343812728585e-08,5.510537844742232e-08,5.5107318191442145e-08,5.510925735626671e-08,5.511119594402004e-08,5.5113133955143016e-08,5.5115071389508095e-08,5.511700824759843e-08,5.511894452975322e-08,5.512088023622469e-08,5.5122815367251735e-08,5.512474992320158e-08,5.512668390442447e-08,5.512861731097948e-08,5.513055014359303e-08,5.51324824019782e-08,5.5134414087038434e-08,5.513634519885025e-08,5.513827573764503e-08,5.514020570376748e-08,5.5142135097475425e-08,5.514406391904318e-08,5.5145992169095974e-08,5.5147919847729026e-08,5.514984695491503e-08,5.515177349089263e-08,5.5153699456057314e-08,5.5155624849652145e-08,5.515754967456824e-08,5.5159473929929553e-08,5.51613976156547e-08,5.5163320732172366e-08,5.516524327979743e-08,5.516716525844525e-08,5.5169086669156654e-08,5.517100751183946e-08,5.517292778681654e-08,5.51748474943459e-08,5.5176766634724784e-08,5.5178685208251596e-08,5.518060321577378e-08,5.518252065649207e-08,5.5184437531139405e-08,5.518635384014479e-08,5.5188269583741835e-08,5.519018476247202e-08,5.5192099375805355e-08,5.519401342492165e-08,5.519592690981086e-08,5.519783983196875e-08,5.5199752186518136e-08,5.520166398032126e-08,5.5203575211061985e-08,5.5205485878817034e-08,5.520739598426231e-08,5.520930552769309e-08,5.521121450907271e-08,5.5213122928528044e-08,5.5215030783157926e-08,5.521693808003349e-08,5.521884481634904e-08,5.5220750992485566e-08,5.522265661057359e-08,5.522456166771457e-08,5.522646616401002e-08,5.522837010001067e-08,5.5230273477466e-08,5.523217629611536e-08,5.5234078557041545e-08,5.523598025923749e-08,5.523788140322419e-08,5.52397819894912e-08,5.5241682018337294e-08,5.524358149422634e-08,5.5245480409194196e-08,5.524737876730566e-08,5.524927657002185e-08,5.525117381652093e-08,5.525307050701879e-08,5.5254966642447356e-08,5.525686222242878e-08,5.525875724738032e-08,5.526065171827729e-08,5.5262545634853716e-08,5.5264438997467096e-08,5.5266331806039705e-08,5.526822406103103e-08,5.5270115762846354e-08,5.5272006911968566e-08,5.527389750879535e-08,5.527578755296651e-08,5.5277677045429454e-08,5.527956598596913e-08,5.5281454374914666e-08,5.528334221267486e-08,5.5285229499752845e-08,5.528711623594501e-08,5.528900242182321e-08,5.529088805757455e-08,5.5292773143830954e-08,5.5294657680241446e-08,5.529654166464908e-08,5.529842510304288e-08,5.5300307992552924e-08,5.530219033364892e-08,5.5304072126271106e-08,5.5305953371172684e-08,5.530783406855001e-08,5.5309714218860587e-08,5.5311593823102736e-08,5.531347287412856e-08,5.5315351384391796e-08,5.531722934812344e-08,5.531910676564504e-08,5.532098363972872e-08,5.532285996662242e-08,5.532473575074868e-08,5.532661098776407e-08,5.5328485680077595e-08,5.533035982735841e-08,5.5332233430001305e-08,5.533410649264171e-08,5.5335979008374155e-08,5.533785098192274e-08,5.533972241289205e-08,5.5341593301090004e-08,5.5343463646664445e-08,5.534533344984623e-08,5.5347202711671256e-08,5.5349071432247756e-08,5.535093960939622e-08,5.5352807245226375e-08,5.535467434263724e-08,5.535654089936126e-08,5.535840691265768e-08,5.5360272389546755e-08,5.536213732651646e-08,5.5364001724142835e-08,5.536586558264812e-08,5.5367728902078173e-08,5.536959168327644e-08,5.537145392603892e-08,5.53733156307003e-08,5.5375176797679376e-08,5.537703742716603e-08,5.537889751974959e-08,5.538075707300268e-08,5.5382616092378006e-08,5.538447457459527e-08,5.5386332520669515e-08,5.538818993073745e-08,5.539004680532326e-08,5.5391903144881686e-08,5.539375894816161e-08,5.539561421827387e-08,5.539746895341094e-08,5.539932315400512e-08,5.540117682055823e-08,5.54030299535673e-08,5.540488255290206e-08,5.540673461890715e-08,5.5408586151985475e-08,5.5410437152499006e-08,5.541228762045813e-08,5.5414137556422755e-08,5.541598696052159e-08,5.541783583299519e-08,5.5419684174117384e-08,5.542153198624911e-08,5.542337926547451e-08,5.5425226013872435e-08,5.5427072232972945e-08,5.542891792109898e-08,5.54307630797135e-08,5.5432607707358916e-08,5.543445180708643e-08,5.5436295378760363e-08,5.543813841904379e-08,5.543998093168234e-08,5.544182291723729e-08,5.5443664374599655e-08,5.544550530194343e-08,5.544734570457371e-08,5.544918557970038e-08,5.545102492566419e-08,5.545286374840272e-08,5.5454702044028396e-08,5.545653981358107e-08,5.5458377056096044e-08,5.546021377430158e-08,5.546204996793693e-08,5.5463885636310035e-08,5.546572078013758e-08,5.546755539863225e-08,5.546938949301614e-08,5.547122306325155e-08,5.54730561124712e-08,5.5474888633928976e-08,5.547672063347433e-08,5.5478552110068596e-08,5.548038306090956e-08,5.548221349256041e-08,5.5484043404412366e-08,5.548587278918718e-08,5.5487701654998946e-08,5.5489529995427867e-08,5.54913578195035e-08,5.549318512006957e-08,5.549501190187987e-08,5.549683816327483e-08,5.549866390143637e-08,5.550048912289739e-08,5.550231382190643e-08,5.5504138002465186e-08,5.550596166647531e-08,5.5507784807706737e-08,5.5509607433553585e-08,5.5511429539630696e-08,5.5513251129131615e-08,5.5515072200685816e-08,5.551689275268833e-08,5.5518712789161985e-08,5.5520532308792056e-08,5.552235131043653e-08,5.5524169797529125e-08,5.552598776379794e-08,5.5527805218508024e-08,5.552962215450891e-08,5.553143857743136e-08,5.553325448502927e-08,5.5535069876349717e-08,5.5536884753952145e-08,5.553869911591648e-08,5.554051296305647e-08,5.554232629505311e-08,5.554413911521671e-08,5.5545951420194563e-08,5.5547763212787934e-08,5.554957449302405e-08,5.555138526180557e-08,5.555319551684132e-08,5.555500525823139e-08,5.5556814490190566e-08,5.555862320993765e-08,5.5560431420971316e-08,5.556223911698513e-08,5.556404630328185e-08,5.556585297956868e-08,5.556765914485481e-08,5.556946479859303e-08,5.557126994096693e-08,5.557307457502961e-08,5.55748786999289e-08,5.557668231531234e-08,5.557848542264052e-08,5.5580288019363436e-08,5.558209010947842e-08,5.5583891688866166e-08,5.5585692762758456e-08,5.558749332886999e-08,5.558929338768275e-08,5.559109293583767e-08,5.559289198022406e-08,5.5594690515159764e-08,5.5596488546305963e-08,5.5598286068354994e-08,5.560008308638548e-08,5.560187959950698e-08,5.5603675606808625e-08,5.560547110833323e-08,5.560726610638738e-08,5.560906059772646e-08,5.5610854585750766e-08,5.5612648070346215e-08,5.56144410501422e-08,5.5616233525877776e-08,5.5618025497929185e-08,5.561981696775518e-08,5.5621607934412896e-08,5.562339839822739e-08,5.562518835867722e-08,5.56269778142305e-08,5.5628766771310815e-08,5.563055522621165e-08,5.563234317964691e-08,5.563413063036448e-08,5.563591758283289e-08,5.56377040321107e-08,5.563948997856996e-08,5.564127543123387e-08,5.564306037954236e-08,5.5644844827986805e-08,5.5646628776620835e-08,5.564841222354488e-08,5.5650195173630555e-08,5.565197762491873e-08,5.5653759576949884e-08,5.565554103120854e-08,5.5657321987045065e-08,5.5659102445056444e-08,5.566088240534899e-08,5.566266186825185e-08,5.566444083373195e-08,5.56662193015099e-08,5.5667997269405706e-08,5.566977474512929e-08,5.567155172310985e-08,5.56733282059827e-08,5.5675104191615456e-08,5.56768796832308e-08,5.567865467951832e-08,5.568042918101419e-08,5.568220318604119e-08,5.5683976700080146e-08,5.568574971749822e-08,5.5687522240575544e-08,5.5689294270160805e-08,5.5691065804182e-08,5.5692836847647644e-08,5.569460739681434e-08,5.569637745316748e-08,5.5698147016964115e-08,5.5699916088968664e-08,5.570168466800233e-08,5.570345275533178e-08,5.5705220350661574e-08,5.570698745459285e-08,5.570875406708425e-08,5.5710520187501146e-08,5.571228581826613e-08,5.571405095671989e-08,5.571581560669282e-08,5.571757976653059e-08,5.57193434366498e-08,5.57211066151612e-08,5.5722869307324746e-08,5.572463150809379e-08,5.5726393221581855e-08,5.5728154446190074e-08,5.5729915180806666e-08,5.573167542744167e-08,5.57334351870739e-08,5.573519445795916e-08,5.5736953242523664e-08,5.5738711539812804e-08,5.5740469350073915e-08,5.5742226674356926e-08,5.574398351105125e-08,5.5745739862863227e-08,5.574749572728953e-08,5.5749251105965875e-08,5.5751005997716686e-08,5.5752760406516614e-08,5.5754514328579164e-08,5.5756267766242676e-08,5.575802071943106e-08,5.5759773187947745e-08,5.576152517299474e-08,5.5763276672941666e-08,5.5765027690426106e-08,5.576677822329172e-08,5.576852827295784e-08,5.577027783954854e-08,5.577202692322722e-08,5.577377552427707e-08,5.5775523644234294e-08,5.577727128176699e-08,5.5779018436242394e-08,5.578076510929518e-08,5.578251130096394e-08,5.5784257012162656e-08,5.578600223966484e-08,5.578774698886963e-08,5.5789491256765424e-08,5.579123504457677e-08,5.579297835214051e-08,5.5794721179944286e-08,5.5796463528253465e-08,5.5798205397073253e-08,5.579994678679165e-08,5.580168769760234e-08,5.58034281295787e-08,5.5805168081151616e-08,5.5806907556411296e-08,5.580864655351488e-08,5.581038507302946e-08,5.581212311332922e-08,5.5813860676780855e-08,5.581559776548717e-08,5.5817334375169444e-08,5.5819070509291286e-08,5.5820806167862195e-08,5.582254135043271e-08,5.582427605580961e-08,5.582601028451979e-08,5.582774403773022e-08,5.58294773169526e-08,5.5831210119668225e-08,5.583294244776047e-08,5.5834674303106484e-08,5.583640568364017e-08,5.5838136589800976e-08,5.5839867021599595e-08,5.5841596979491246e-08,5.5843326464090785e-08,5.584505547656945e-08,5.584678401363493e-08,5.584851207928872e-08,5.585023967333365e-08,5.58519667938622e-08,5.585369344228121e-08,5.585541961794062e-08,5.5857145322720756e-08,5.5858870554616556e-08,5.586059531756299e-08,5.5862319608600564e-08,5.586404342951879e-08,5.586576677918424e-08,5.586748965921264e-08,5.586921206831041e-08,5.587093400864507e-08,5.587265547926552e-08,5.58743764800634e-08,5.5876097012254196e-08,5.58778170754285e-08,5.5879536666979186e-08,5.5881255791497035e-08,5.5882974448691004e-08,5.588469263666843e-08,5.5886410356590256e-08,5.5888127608880067e-08,5.588984439463466e-08,5.5891560712326896e-08,5.589327656224156e-08,5.58949919460926e-08,5.5896706862590176e-08,5.589842131328547e-08,5.5900135298020526e-08,5.5901848818124564e-08,5.5903561871036324e-08,5.59052744595493e-08,5.590698658322027e-08,5.590869824045254e-08,5.59104094330078e-08,5.5912120162104176e-08,5.591383042687408e-08,5.591554022615651e-08,5.591724956276501e-08,5.59189584343504e-08,5.592066684226501e-08,5.5922374786939774e-08,5.5924082268626776e-08,5.592578928734446e-08,5.592749584341049e-08,5.592920193785796e-08,5.593090756861735e-08,5.5932612738116684e-08,5.593431744693789e-08,5.593602169298601e-08,5.593772547844227e-08,5.593942880328875e-08,5.594113166456044e-08,5.594283406563363e-08,5.594453600711939e-08,5.594623748825272e-08,5.594793850946704e-08,5.594963907372376e-08,5.595133917680839e-08,5.5953038819175784e-08,5.5954738001023166e-08,5.595643672500519e-08,5.5958134990543635e-08,5.595983279731486e-08,5.5961530145812246e-08,5.596322703751304e-08,5.5964923469914375e-08,5.5966619444184437e-08,5.596831496157097e-08,5.597001002129484e-08,5.597170462384456e-08,5.597339876993992e-08,5.597509245958593e-08,5.597678569520196e-08,5.597847847338967e-08,5.5980170791624926e-08,5.598186265625489e-08,5.59835540657867e-08,5.598524502014277e-08,5.598693551936741e-08,5.5988625563527336e-08,5.599031515317064e-08,5.599200428686279e-08,5.599369296775096e-08,5.599538119464213e-08,5.5997068967565025e-08,5.599875628739427e-08,5.600044315314906e-08,5.600212956561844e-08,5.600381552563645e-08,5.6005501032529104e-08,5.600718608661898e-08,5.600887068764773e-08,5.6010554837414214e-08,5.601223853530883e-08,5.601392178114824e-08,5.6015604575654274e-08,5.601728691795735e-08,5.601896880999026e-08,5.6020650251125235e-08,5.602233124139074e-08,5.602401178139159e-08,5.602569187099102e-08,5.602737151180002e-08,5.602905070159903e-08,5.603072944391158e-08,5.603240773479533e-08,5.6034085576203686e-08,5.6035762968612506e-08,5.6037439912125303e-08,5.603911640701785e-08,5.604079245359652e-08,5.6042468052000296e-08,5.604414320232037e-08,5.604581790465193e-08,5.604749215917492e-08,5.604916596677467e-08,5.605083932723404e-08,5.605251224055246e-08,5.6054184707534885e-08,5.6055856727808953e-08,5.605752830245146e-08,5.605919942968166e-08,5.606087011113999e-08,5.6062540347143373e-08,5.606421013783424e-08,5.6065879483315066e-08,5.606754838306358e-08,5.6069216838597273e-08,5.607088484945596e-08,5.6072552415855085e-08,5.6074219537999e-08,5.607588621556573e-08,5.6077552449772606e-08,5.607921824033989e-08,5.608088358744962e-08,5.60825484911935e-08,5.608421295192542e-08,5.6085876970435527e-08,5.6087540545465764e-08,5.608920367842831e-08,5.609086636820644e-08,5.609252861901291e-08,5.609419042651301e-08,5.609585179130211e-08,5.6097512715315764e-08,5.609917319794333e-08,5.61008332395996e-08,5.610249284155067e-08,5.610415200525794e-08,5.610581072548471e-08,5.610746900531016e-08,5.61091268450342e-08,5.611078424503091e-08,5.611244120533972e-08,5.6114097725057255e-08,5.61157538068957e-08,5.611740944916739e-08,5.611906465330655e-08,5.6120719418756416e-08,5.61223737458434e-08,5.61240276349415e-08,5.612568108601844e-08,5.6127334099419894e-08,5.6128986671609474e-08,5.6130638809637e-08,5.613229051077348e-08,5.613394177470398e-08,5.6135592602096274e-08,5.613724299130464e-08,5.613889294594427e-08,5.614054246403749e-08,5.614219154747932e-08,5.614384019387527e-08,5.61454884054397e-08,5.614713618113264e-08,5.614878352173553e-08,5.615043042762147e-08,5.61520768985999e-08,5.615372293531875e-08,5.615536853689747e-08,5.615701370462728e-08,5.615865843842037e-08,5.616030273974153e-08,5.6161946606215226e-08,5.616359003895314e-08,5.616523303890175e-08,5.616687560596158e-08,5.61685177415979e-08,5.6170159444657186e-08,5.6171800714164114e-08,5.617344155159956e-08,5.617508195808365e-08,5.617672193164021e-08,5.617836147014228e-08,5.6180000581175494e-08,5.618163926309274e-08,5.618327751253161e-08,5.618491532986672e-08,5.618655271799773e-08,5.6188189674353526e-08,5.6189826198495745e-08,5.619146229602825e-08,5.6193097958643706e-08,5.6194733195361015e-08,5.6196368002635e-08,5.61980023803586e-08,5.61996363293463e-08,5.620126984910646e-08,5.620290294060684e-08,5.620453560420765e-08,5.620616783931045e-08,5.620779964590947e-08,5.620943102475352e-08,5.6211061977274364e-08,5.6212692500829025e-08,5.621432259727217e-08,5.621595226654288e-08,5.6217581507236935e-08,5.621921032291662e-08,5.62208387120874e-08,5.622246667497437e-08,5.622409421168478e-08,5.6225721322454535e-08,5.622734800654036e-08,5.622897426596374e-08,5.6230600100068235e-08,5.6232225508972886e-08,5.623385049295205e-08,5.623547505191144e-08,5.6237099185524896e-08,5.6238722895766586e-08,5.6240346181882786e-08,5.624196904264959e-08,5.624359148106759e-08,5.624521349481614e-08,5.6246835086182086e-08,5.62484562542811e-08,5.625007699909096e-08,5.625169732117453e-08,5.625331722305554e-08,5.625493670001524e-08,5.625655575470182e-08,5.625817438772676e-08,5.625979259881142e-08,5.626141038822447e-08,5.6263027755375755e-08,5.6264644701868137e-08,5.6266261226550836e-08,5.626787733096952e-08,5.626949301405713e-08,5.627110827657802e-08,5.627272311807398e-08,5.627433754030351e-08,5.627595154254179e-08,5.6277565124957854e-08,5.62791782875371e-08,5.628079103377996e-08,5.628240335795803e-08,5.628401526320568e-08,5.6285626749440384e-08,5.6287237817490866e-08,5.628884846645992e-08,5.629045869725918e-08,5.629206851074559e-08,5.629367790553492e-08,5.629528688227834e-08,5.629689544172865e-08,5.629850358522811e-08,5.630011130997188e-08,5.63017186180152e-08,5.6303325509240713e-08,5.630493198386798e-08,5.630653804215739e-08,5.630814368491805e-08,5.6309748910890885e-08,5.631135372102014e-08,5.6312958115455345e-08,5.631456209433945e-08,5.631616565545804e-08,5.631776880374891e-08,5.6319371537749586e-08,5.632097385664504e-08,5.632257576075541e-08,5.632417725013296e-08,5.632577832595515e-08,5.6327378987527047e-08,5.632897923531203e-08,5.6330579069568865e-08,5.633217849053862e-08,5.633377749797018e-08,5.6335376092634794e-08,5.6336974274381535e-08,5.633857204345248e-08,5.6340169400031854e-08,5.634176634407708e-08,5.6343362875862064e-08,5.634495899599409e-08,5.634655470436198e-08,5.634815000089888e-08,5.634974488574809e-08,5.6351339359695074e-08,5.635293342286057e-08,5.635452707553196e-08,5.6356120317174045e-08,5.635771314880114e-08,5.635930556965404e-08,5.636089758040272e-08,5.636248918168236e-08,5.636408037241667e-08,5.636567115396423e-08,5.636726152462618e-08,5.636885148759333e-08,5.6370441040808565e-08,5.637203018569628e-08,5.637361892217728e-08,5.6375207250204225e-08,5.6376795170315886e-08,5.637838268232559e-08,5.637996978595124e-08,5.6381556480560846e-08,5.638314276888918e-08,5.638472864978165e-08,5.638631412347094e-08,5.6387899190187497e-08,5.6389483850068457e-08,5.6391068103291724e-08,5.639265194981875e-08,5.639423539029482e-08,5.639581842512947e-08,5.639740105355908e-08,5.639898327596933e-08,5.640056509323028e-08,5.640214650472023e-08,5.640372750900679e-08,5.6405308110208847e-08,5.640688830685233e-08,5.6408468098218164e-08,5.641004748568097e-08,5.641162646884328e-08,5.641320504824051e-08,5.6414783223442275e-08,5.641636099498744e-08,5.641793836150169e-08,5.6419515325887416e-08,5.642109188743218e-08,5.6422668045481866e-08,5.642424380034597e-08,5.642581915278248e-08,5.642739410272727e-08,5.642896865027072e-08,5.64305427954849e-08,5.6432116538907596e-08,5.6433689879790144e-08,5.6435262819790786e-08,5.643683535833915e-08,5.64384074956105e-08,5.643997923224227e-08,5.6441550567725877e-08,5.6443121502231973e-08,5.644469203654262e-08,5.6446262170300724e-08,5.644783190260649e-08,5.644940123605628e-08,5.6450970169498516e-08,5.645253870329217e-08,5.6454106838053833e-08,5.6455674573024275e-08,5.645724190879484e-08,5.645880884606275e-08,5.646037538415382e-08,5.646194152401588e-08,5.646350726416027e-08,5.6465072606873364e-08,5.646663755085016e-08,5.646820209843494e-08,5.646976624732209e-08,5.6471329998471366e-08,5.6472893352636486e-08,5.647445630944303e-08,5.6476018869939975e-08,5.647758103296827e-08,5.6479142794024214e-08,5.648070416444491e-08,5.6482265137237454e-08,5.648382571415387e-08,5.648538589525838e-08,5.6486945680595196e-08,5.648850506861174e-08,5.6490064062851015e-08,5.649162266172882e-08,5.6493180865354554e-08,5.649473867408997e-08,5.649629608774311e-08,5.649785310726057e-08,5.6499409732795734e-08,5.650096596329238e-08,5.650252180046796e-08,5.6504077242988556e-08,5.650563229200825e-08,5.650718694779195e-08,5.6508741209966e-08,5.6510295078921705e-08,5.651184855483351e-08,5.6513401637768855e-08,5.651495432833241e-08,5.651650662609941e-08,5.6518058536180077e-08,5.651961004943731e-08,5.6521161170675096e-08,5.652271190036574e-08,5.652426223801679e-08,5.6525812184278766e-08,5.6527361739217055e-08,5.6528910902844994e-08,5.653045967477032e-08,5.653200805658407e-08,5.653355604790254e-08,5.6535103648753055e-08,5.653665085931324e-08,5.65381976797371e-08,5.6539744110150176e-08,5.6541290150835474e-08,5.654283580207571e-08,5.6544381063706545e-08,5.654592593761981e-08,5.654747042113852e-08,5.654901451560649e-08,5.655055822360587e-08,5.6552101541124594e-08,5.655364446965005e-08,5.655518700607169e-08,5.655672915770135e-08,5.6558270921925016e-08,5.6559812298291895e-08,5.6561353286021615e-08,5.656289388515189e-08,5.6564434100290046e-08,5.656597392899704e-08,5.656751336931524e-08,5.656905242254051e-08,5.6570591089419696e-08,5.657212937011355e-08,5.657366726447553e-08,5.657520477269078e-08,5.6576741895138924e-08,5.65782786317372e-08,5.657981498277137e-08,5.658135094840827e-08,5.6582886528853347e-08,5.658442172395015e-08,5.658595653450808e-08,5.658749096032709e-08,5.6589025001597024e-08,5.6590558658502516e-08,5.6592091931739995e-08,5.659362482040109e-08,5.659515733108404e-08,5.659668945207594e-08,5.659822118952265e-08,5.659975254376215e-08,5.660128351467436e-08,5.660281410247676e-08,5.660434430741305e-08,5.660587412834946e-08,5.6607403568287134e-08,5.660893262552778e-08,5.661046130079527e-08,5.661198959378408e-08,5.6613517503825925e-08,5.661504503326787e-08,5.661657218115276e-08,5.661809894764839e-08,5.661962533291642e-08,5.662115133712337e-08,5.662267696041546e-08,5.662420220299549e-08,5.662572706322391e-08,5.66272515448365e-08,5.662877564540311e-08,5.663029936667764e-08,5.663182270802948e-08,5.663334566967864e-08,5.663486825175029e-08,5.663639045440639e-08,5.663791227777358e-08,5.663943372208861e-08,5.6640954786106346e-08,5.664247547274135e-08,5.6643995780778734e-08,5.6645515710926833e-08,5.664703526226359e-08,5.6648554435347516e-08,5.6650073230635916e-08,5.665159164780068e-08,5.6653109687693724e-08,5.665462735011548e-08,5.665614463522198e-08,5.665766154321083e-08,5.665917807502292e-08,5.666069423098507e-08,5.666221000952796e-08,5.666372541187296e-08,5.666524043668789e-08,5.6666755086415425e-08,5.666826935998025e-08,5.6669783256550826e-08,5.667129677772201e-08,5.667280992341416e-08,5.667432269371989e-08,5.667583508885925e-08,5.667734710566149e-08,5.667885875168465e-08,5.6680370022244886e-08,5.6681880918264784e-08,5.66833914399094e-08,5.6684901587338395e-08,5.668641136065806e-08,5.668792076013867e-08,5.6689429785806335e-08,5.669093843795193e-08,5.6692446715542556e-08,5.669395462100315e-08,5.6695462153374414e-08,5.669696931287147e-08,5.669847609962121e-08,5.6699982513551264e-08,5.6701488555207494e-08,5.6702994225371604e-08,5.670449951973362e-08,5.670600444495995e-08,5.670750899847894e-08,5.670901318022314e-08,5.6710516990515526e-08,5.671202042941113e-08,5.671352349724395e-08,5.671502619386511e-08,5.671652851935171e-08,5.671803047457292e-08,5.671953205917702e-08,5.672103327343287e-08,5.672253411728575e-08,5.672403459123546e-08,5.6725534695299043e-08,5.672703442901508e-08,5.672853379377377e-08,5.673003278912303e-08,5.673153141540426e-08,5.673302967244773e-08,5.673452756038525e-08,5.673602507957469e-08,5.673752223006533e-08,5.673901901254349e-08,5.674051542612847e-08,5.674201147162806e-08,5.6743507149439694e-08,5.6745002459641036e-08,5.674649740163327e-08,5.674799197600845e-08,5.674948618300476e-08,5.6750980022801846e-08,5.6752473499664226e-08,5.675396660551001e-08,5.67554593450132e-08,5.675695171688931e-08,5.67584437230309e-08,5.675993536310024e-08,5.6761426633748805e-08,5.6762917540853784e-08,5.676440808265038e-08,5.676589825869079e-08,5.676738806927302e-08,5.67688775169187e-08,5.677036659784693e-08,5.677185531311961e-08,5.6773343663260304e-08,5.6774831648594204e-08,5.677631926933235e-08,5.677780652571061e-08,5.6779293418377094e-08,5.678077994631607e-08,5.678226611025523e-08,5.6783751910442586e-08,5.6785237347012585e-08,5.67867224199676e-08,5.6788207129603104e-08,5.6789691476086414e-08,5.6791175459556516e-08,5.679265908092739e-08,5.679414233879656e-08,5.6795625234169297e-08,5.6797107766620027e-08,5.679858993712874e-08,5.68000717455754e-08,5.6801553192051394e-08,5.680303427613685e-08,5.68045149992181e-08,5.6805995360765667e-08,5.6807475360943254e-08,5.6808955000851246e-08,5.681043427880143e-08,5.68119131959373e-08,5.6813391751575725e-08,5.681486994741712e-08,5.6816347782762945e-08,5.6817825258451577e-08,5.681930237339082e-08,5.682077912837149e-08,5.682225552101274e-08,5.6823731555656495e-08,5.6825207231606254e-08,5.682668254823999e-08,5.6828157505272323e-08,5.6829632103172936e-08,5.683110634260562e-08,5.683258022326844e-08,5.683405374533541e-08,5.683552690883242e-08,5.683699971417426e-08,5.683847215692428e-08,5.6839944245650924e-08,5.684141597680226e-08,5.6842887351453076e-08,5.68443583655922e-08,5.684582902568618e-08,5.684729932699441e-08,5.684876927116755e-08,5.6850238858120515e-08,5.6851708088744394e-08,5.685317696349727e-08,5.685464548577561e-08,5.685611364656114e-08,5.685758145151518e-08,5.685904890042922e-08,5.686051599344662e-08,5.686198273125558e-08,5.686344911292241e-08,5.6864915139146545e-08,5.6866380810052114e-08,5.686784612583778e-08,5.6869311086698985e-08,5.687077569326214e-08,5.687223994328904e-08,5.687370384003458e-08,5.687516738244486e-08,5.687663057049215e-08,5.687809340444652e-08,5.687955588430783e-08,5.688101801172808e-08,5.688247978428081e-08,5.6883941203312226e-08,5.688540226906953e-08,5.688686298159732e-08,5.6888323341005816e-08,5.688978334739864e-08,5.689124300166416e-08,5.68927023027832e-08,5.6894161251454054e-08,5.689561984898314e-08,5.689707809360506e-08,5.6898535985573536e-08,5.6899993525808064e-08,5.690145071431887e-08,5.6902907551105943e-08,5.690436403290322e-08,5.690582016715542e-08,5.690727595134976e-08,5.690873138335078e-08,5.691018646452116e-08,5.6911641194992505e-08,5.6913095574992966e-08,5.69145496045558e-08,5.6916003284728037e-08,5.69174566140489e-08,5.69189095933991e-08,5.692036222329953e-08,5.69218145025087e-08,5.692326643270028e-08,5.692471801227851e-08,5.6926169244382724e-08,5.6927620126820536e-08,5.6929070660915525e-08,5.6930520845483997e-08,5.6931970682961785e-08,5.6933420168336674e-08,5.693486930748815e-08,5.69363181003174e-08,5.69377665431223e-08,5.693921463808695e-08,5.694066238189792e-08,5.69421097814195e-08,5.6943556834290615e-08,5.694500353927015e-08,5.694644989754639e-08,5.694789590789229e-08,5.69493415715534e-08,5.6950786888297596e-08,5.695223185841397e-08,5.6953676482046024e-08,5.6955120760933796e-08,5.695656469203024e-08,5.6958008277129357e-08,5.695945151640221e-08,5.696089440975818e-08,5.696233695749125e-08,5.6963779159867766e-08,5.696522101659745e-08,5.696666252835261e-08,5.696810369638378e-08,5.696954451819578e-08,5.6970984994136884e-08,5.6972425123186717e-08,5.6973864911146844e-08,5.697530435476866e-08,5.6976743454210203e-08,5.69781822096905e-08,5.697962062129327e-08,5.6981058686917017e-08,5.6982496411287534e-08,5.698393379193533e-08,5.698537082909204e-08,5.6986807523220134e-08,5.698824387430242e-08,5.698967988246216e-08,5.699111554787626e-08,5.699255087067047e-08,5.699398585102685e-08,5.6995420489008184e-08,5.699685478479335e-08,5.699828873851221e-08,5.699972235026863e-08,5.7001155620564106e-08,5.700258854890176e-08,5.700402113625464e-08,5.700545338176194e-08,5.700688528610479e-08,5.700831684919498e-08,5.700974807148649e-08,5.701117895332292e-08,5.701260949139018e-08,5.7014039691843593e-08,5.701546955209189e-08,5.7016899072283394e-08,5.701832825289407e-08,5.701975709281675e-08,5.702118559252113e-08,5.70226137528775e-08,5.7024041573989605e-08,5.702546905517953e-08,5.70268961974599e-08,5.7028323000740505e-08,5.7029749464963124e-08,5.70311755903793e-08,5.703260137712145e-08,5.703402682532793e-08,5.7035451935066996e-08,5.70368767062658e-08,5.7038301144284205e-08,5.703972523963382e-08,5.704114899796547e-08,5.704257242002565e-08,5.704399550256534e-08,5.704541824746859e-08,5.704684065505164e-08,5.704826272557649e-08,5.704968445899822e-08,5.705110585551495e-08,5.705252691622798e-08,5.705394763954208e-08,5.7055368024879894e-08,5.705678807523525e-08,5.705820778947289e-08,5.705962716769444e-08,5.7061046210079906e-08,5.706246491665204e-08,5.706388328759444e-08,5.706530132323252e-08,5.706671902300258e-08,5.70681363878928e-08,5.706955341859396e-08,5.70709701135442e-08,5.7072386473693475e-08,5.707380249918669e-08,5.707521819072949e-08,5.707663354715813e-08,5.707804856944153e-08,5.707946325757451e-08,5.7080877612450346e-08,5.7082291632762574e-08,5.708370531942327e-08,5.7085118672501685e-08,5.708653169219711e-08,5.70879443785932e-08,5.70893567317862e-08,5.7090768751921865e-08,5.7092180439219535e-08,5.709359179790723e-08,5.70950028211681e-08,5.7096413510558214e-08,5.709782386772371e-08,5.709923389357098e-08,5.7100643586221515e-08,5.71020529472551e-08,5.710346197545795e-08,5.710487067209845e-08,5.7106279038177146e-08,5.710768707269222e-08,5.710909477596698e-08,5.7110502148135357e-08,5.711190918939616e-08,5.711331589973358e-08,5.7114722279363155e-08,5.7116128328418134e-08,5.7117534047094436e-08,5.7118939435641016e-08,5.712034449375753e-08,5.7121749221599406e-08,5.7123153618216606e-08,5.7124557686541444e-08,5.712596142533666e-08,5.712736483439001e-08,5.712876791383677e-08,5.71301706640619e-08,5.713157308557686e-08,5.7132975178278824e-08,5.7134376941824075e-08,5.71357783766902e-08,5.713717948303645e-08,5.713858026105912e-08,5.7139980709266315e-08,5.7141380830750166e-08,5.7142780624300995e-08,5.714418008995152e-08,5.714557922761678e-08,5.7146978037903733e-08,5.714837651916506e-08,5.714977467287185e-08,5.715117250106636e-08,5.715257000173056e-08,5.7153967175589675e-08,5.715536402235903e-08,5.715676054267541e-08,5.715815673652785e-08,5.7159552603896275e-08,5.7160948145004485e-08,5.7162343360234456e-08,5.7163738249405626e-08,5.71651328125376e-08,5.716652705001651e-08,5.716792096218974e-08,5.7169314548442995e-08,5.717070780937318e-08,5.717210074530784e-08,5.717349335588235e-08,5.717488564173475e-08,5.717627760238034e-08,5.7177669237896596e-08,5.717906054924986e-08,5.718045153631804e-08,5.718184219904113e-08,5.718323253758033e-08,5.718462255205263e-08,5.718601224233474e-08,5.7187401609088554e-08,5.718879065216981e-08,5.7190179371705326e-08,5.7191567767861854e-08,5.719295584072439e-08,5.719434359043952e-08,5.719573101714906e-08,5.71971181209628e-08,5.719850490205515e-08,5.7199891360501376e-08,5.7201277496450606e-08,5.720266331006868e-08,5.720404880142879e-08,5.720543397068543e-08,5.720681881800201e-08,5.7208203343477743e-08,5.720958754724457e-08,5.721097142939823e-08,5.7212354990131974e-08,5.7213738229543845e-08,5.721512114776375e-08,5.721650374491984e-08,5.721788602114315e-08,5.721926797656317e-08,5.7220649611309346e-08,5.7222030925508615e-08,5.7223411919292234e-08,5.722479259278943e-08,5.72261729461291e-08,5.722755297943715e-08,5.722893269294161e-08,5.723031208657913e-08,5.7231691160571695e-08,5.723306991505119e-08,5.723444835014551e-08,5.723582646615962e-08,5.7237204262866276e-08,5.7238581740572515e-08,5.7239958899405995e-08,5.724133573949497e-08,5.724271226096798e-08,5.724408846218041e-08,5.7245464345030225e-08,5.7246839911424486e-08,5.724821515723719e-08,5.724959008693114e-08,5.725096469955231e-08,5.72523389925541e-08,5.725371296788568e-08,5.725508662540465e-08,5.725645996792854e-08,5.725783299321197e-08,5.725920570142984e-08,5.726057809267353e-08,5.7261950167062225e-08,5.72633219239985e-08,5.726469336512159e-08,5.726606448979801e-08,5.7267435298109734e-08,5.7268805790245875e-08,5.727017596631307e-08,5.727154582643249e-08,5.727291537073269e-08,5.727428459934479e-08,5.72756535123844e-08,5.727702210998465e-08,5.72783903922787e-08,5.727975835840926e-08,5.728112600875223e-08,5.728249334505295e-08,5.7283860367372794e-08,5.728522707499591e-08,5.72865934671998e-08,5.7287959544173524e-08,5.7289325306628626e-08,5.729069075678833e-08,5.7292055891151236e-08,5.729342071165866e-08,5.729478521909683e-08,5.72961494120586e-08,5.729751329331263e-08,5.729887686098841e-08,5.7300240115369203e-08,5.730160305656883e-08,5.7302965684734995e-08,5.730432799929076e-08,5.730569000177514e-08,5.730705169161243e-08,5.7308413068794106e-08,5.730977413349884e-08,5.7311134886467366e-08,5.7312495327406444e-08,5.7313855455475897e-08,5.7315215272307586e-08,5.7316574776872685e-08,5.731793396964489e-08,5.7319292849939024e-08,5.7320651419214e-08,5.732200967752469e-08,5.732336762483053e-08,5.73247252607305e-08,5.732608258513371e-08,5.73274395987348e-08,5.7328796302867315e-08,5.733015269600963e-08,5.733150877845197e-08,5.73328645508615e-08,5.733422001440514e-08,5.7335575165263425e-08,5.7336930007145084e-08,5.733828453823684e-08,5.73396387584273e-08,5.734099267024009e-08,5.7342346275123404e-08,5.7343699567622944e-08,5.734505255261124e-08,5.7346405228132955e-08,5.7347757596484344e-08,5.734910965384997e-08,5.735046140329611e-08,5.7351812844314775e-08,5.735316397635229e-08,5.735451479925696e-08,5.73558653148799e-08,5.7357215522218544e-08,5.735856542269035e-08,5.735991501322603e-08,5.7361264297979254e-08,5.736261327254414e-08,5.7363961941444604e-08,5.736531030190235e-08,5.736665835644614e-08,5.736800610346642e-08,5.7369353543313276e-08,5.737070067701726e-08,5.737204750364667e-08,5.737339402346478e-08,5.737474023703369e-08,5.737608614386462e-08,5.737743174427078e-08,5.737877703826348e-08,5.7380122026961265e-08,5.738146670918889e-08,5.73828110854776e-08,5.7384155156046834e-08,5.738549892121342e-08,5.738684238103926e-08,5.73881855368131e-08,5.73895283879184e-08,5.7390870932139905e-08,5.739221317222293e-08,5.73935551055729e-08,5.73948967365999e-08,5.7396238061302127e-08,5.73975790825365e-08,5.7398919799377716e-08,5.7400260211631296e-08,5.7401600320110174e-08,5.740294012456083e-08,5.740427962518103e-08,5.740561882161288e-08,5.7406957714414576e-08,5.740829630364248e-08,5.740963458946906e-08,5.741097257238651e-08,5.7412310251811676e-08,5.7413647628200765e-08,5.741498470158646e-08,5.7416321472194004e-08,5.7417657940110676e-08,5.741899410547698e-08,5.7420329968749454e-08,5.742166552919607e-08,5.742300078758167e-08,5.742433574385547e-08,5.742567039814668e-08,5.742700475057515e-08,5.74283388012985e-08,5.7429672549648745e-08,5.743100599585428e-08,5.7432339142117286e-08,5.7433671986827425e-08,5.7435004530658034e-08,5.743633677345903e-08,5.743766871531587e-08,5.743900035642122e-08,5.744033169767844e-08,5.7441662737550786e-08,5.744299347774248e-08,5.744432391756667e-08,5.7445654056496223e-08,5.744698389537454e-08,5.744831343414929e-08,5.7449642673256826e-08,5.745097161256519e-08,5.7452300252262876e-08,5.7453628592470436e-08,5.7454956633297186e-08,5.7456284374664576e-08,5.7457611814136883e-08,5.745893895753969e-08,5.746026579959925e-08,5.746159234529936e-08,5.7462918592517364e-08,5.746424454180818e-08,5.7465570190947804e-08,5.746689554284387e-08,5.746822059656603e-08,5.746954535066733e-08,5.747086980831079e-08,5.747219396785137e-08,5.7473517829878456e-08,5.7474841394296725e-08,5.747616466098927e-08,5.7477487630350364e-08,5.7478810302318004e-08,5.7480132677379175e-08,5.748145475607804e-08,5.748277653685729e-08,5.748409802172168e-08,5.748541920994706e-08,5.748674010186432e-08,5.748806069623994e-08,5.748938099503972e-08,5.749070099687937e-08,5.749202070248699e-08,5.7493340115211377e-08,5.749465922905126e-08,5.7495978044990863e-08,5.749729656812503e-08,5.749861479565386e-08,5.749993272706183e-08,5.7501250363458476e-08,5.750256770445998e-08,5.7503884750301374e-08,5.750520150132039e-08,5.750651795736459e-08,5.7507834118518744e-08,5.750914998512045e-08,5.751046555713843e-08,5.751178083470366e-08,5.7513095818062224e-08,5.7514410507291843e-08,5.751572490247171e-08,5.751703900358641e-08,5.751835281094718e-08,5.751966632459543e-08,5.752097954464946e-08,5.752229247125145e-08,5.752360510445617e-08,5.7524917444404767e-08,5.7526229491214767e-08,5.752754124499678e-08,5.752885270586637e-08,5.753016387393703e-08,5.75314747491435e-08,5.753278533195685e-08,5.7534095622789794e-08,5.753540562052961e-08,5.7536715326206866e-08,5.753802473986448e-08,5.753933386198041e-08,5.754064269164518e-08,5.7541951229128746e-08,5.754325947704642e-08,5.754456743132945e-08,5.754587509366565e-08,5.754718246506549e-08,5.754848954584214e-08,5.754979633548325e-08,5.755110283416816e-08,5.7552409041860474e-08,5.7553714958917915e-08,5.755502058530934e-08,5.755632592115974e-08,5.75576309666663e-08,5.7558935722726735e-08,5.75602401874617e-08,5.7561544362325566e-08,5.756284824726187e-08,5.756415184223045e-08,5.756545514747273e-08,5.756675816292451e-08,5.75680608889634e-08,5.7569363326113234e-08,5.757066547342361e-08,5.757196733154132e-08,5.757326890057366e-08,5.75745701806355e-08,5.757587117183405e-08,5.7577171873903345e-08,5.7578472287719615e-08,5.757977241305252e-08,5.758107224941234e-08,5.7582371797793276e-08,5.7583671057842397e-08,5.758497003020796e-08,5.758626871365249e-08,5.758756710993879e-08,5.7588865218641955e-08,5.759016303970665e-08,5.759146057307027e-08,5.759275781884794e-08,5.759405477765997e-08,5.7595351449274636e-08,5.759664783380336e-08,5.759794393113192e-08,5.7599239741863224e-08,5.760053526564293e-08,5.760183050216122e-08,5.7603125452605636e-08,5.760442011752505e-08,5.760571449502949e-08,5.7607008588093715e-08,5.760830239168137e-08,5.760959591124614e-08,5.7610889148453204e-08,5.7612182096207403e-08,5.7613474758631196e-08,5.761476713391458e-08,5.7616059223045355e-08,5.761735103046056e-08,5.76186425520852e-08,5.7619933788981714e-08,5.762122473980169e-08,5.7622515405914646e-08,5.7623805787066536e-08,5.7625095883166045e-08,5.762638569542392e-08,5.762767522293537e-08,5.762896446632048e-08,5.7630253425234467e-08,5.7631542100217453e-08,5.763283049096434e-08,5.763411859761761e-08,5.7635406420463155e-08,5.763669396024197e-08,5.763798121597205e-08,5.763926818859764e-08,5.7640554876749976e-08,5.764184128260041e-08,5.7643127404873245e-08,5.764441324414271e-08,5.7645698800462495e-08,5.764698407331045e-08,5.764826906446493e-08,5.764955377188677e-08,5.7650838197576966e-08,5.7652122340974944e-08,5.765340620205359e-08,5.7654689781034144e-08,5.7655973077868816e-08,5.7657256092799156e-08,5.7658538825906727e-08,5.765982127719341e-08,5.766110344691354e-08,5.7662385335122515e-08,5.766366694184436e-08,5.7664948267258486e-08,5.766622931151371e-08,5.7667510074108944e-08,5.7668790556265844e-08,5.767007075753283e-08,5.7671350678035574e-08,5.767263031804993e-08,5.7673909677322126e-08,5.767518875622833e-08,5.767646755467942e-08,5.7677746076324114e-08,5.76790243144483e-08,5.7680302271930354e-08,5.768157995023417e-08,5.768285734855016e-08,5.768413446668506e-08,5.7685411305779614e-08,5.768668786532364e-08,5.7687964145466145e-08
15,9.544425196345071e-62,4.521505491822795e-61,1.2473450437757802e-60,2.661802650189289e-60,4.872785555028838e-60,8.05272159142994e-60,1.236965904218366e-59,1.798814988637933e-59,2.507011465634408e-59,3.377555631052132e-59,4.426310704094902e-59,5.669043089098707e-59,7.121451347317328e-59,8.79918675110483e-59,1.071786773350009e-58,1.2893089984306263e-58,1.5340433474459624e-58,1.8075467328337226e-58,2.111375319561966e-58,2.447084758063356e-58,2.8162303449214117e-58,3.220367133577925e-58,3.661050010540171e-58,4.139833747776836e-58,4.65827303872806e-58,5.2179225230183545e-58,5.820336803421127e-58,6.467070457486283e-58,7.15967804550835e-58,7.899714115983968e-58,8.68873320934625e-58,9.528289860521236e-58,1.0419938600671041e-57,1.1365233958393683e-57,1.2365730460534926e-57,1.342298263274605e-57,1.4538544999864252e-57,1.5713972086171526e-57,1.6950818415571957e-57,1.8250638511712304e-57,1.9614986898063723e-57,2.1045418097977532e-57,2.2543486634726042e-57,2.411074703152424e-57,2.5748753811549885e-57,2.74590614979567e-57,2.92432246138788e-57,3.1102797682437867e-57,3.3039335226752755e-57,3.5054391769931985e-57,3.7149521835081813e-57,3.9326279945306115e-57,4.158622062370687e-57,4.393089839338496e-57,4.63618677774406e-57,4.8880683298973386e-57,5.148889948108271e-57,5.418807084686767e-57,5.6979751919426e-57,5.986549722185778e-57,6.28468612772611e-57,6.592539860873478e-57,6.910266373937757e-57,7.238021119228734e-57,7.575959549056287e-57,7.924237115730302e-57,8.283009271560574e-57,8.652431468856954e-57,9.032659159929347e-57,9.423847797087588e-57,9.826152832641512e-57,1.0239729718900951e-56,1.0664733908175784e-56,1.1101320852775856e-56,1.154964600501101e-56,1.2009864817191083e-56,1.2482132741625934e-56,1.2966605230625422e-56,1.346343773649938e-56,1.3972785711557671e-56,1.449480460811015e-56,1.502964987846656e-56,1.5577476974936914e-56,1.6138441349831006e-56,1.6712698455458672e-56,1.7300403744129757e-56,1.7901712668154114e-56,1.85167806798416e-56,1.9145763231502064e-56,1.9788815775445336e-56,2.044609376398129e-56,2.111775264941968e-56,2.1803947884070494e-56,2.250483492024353e-56,2.322056921024861e-56,2.3951306206395606e-56,2.469720136099437e-56,2.5458410126354758e-56,2.6235087954786544e-56,2.7027390298599716e-56,2.783547261010406e-56,2.8659490341609396e-56,2.94995989454256e-56,3.035595387386252e-56,3.1228710579229953e-56,3.211802451383777e-56,3.3024051129995915e-56,3.394694588001411e-56,3.488686421620228e-56,3.5843961590870223e-56,3.681839345632779e-56,3.781031526488489e-56,3.881988246885135e-56,3.9847250520536986e-56,4.089257487225169e-56,4.195601097630528e-56,4.3037714285007625e-56,4.413784025066854e-56,4.525654432559789e-56,4.63939819621055e-56,4.7550308612501285e-56,4.872567972909505e-56,4.9920250764196675e-56,5.113417717011596e-56,5.236761439916278e-56,5.362071790364697e-56,5.489364313587846e-56,5.618654554816701e-56,5.749958059282239e-56,5.883290372215466e-56,6.018667038847359e-56,6.156103604408902e-56,6.295615614131071e-56,6.437218613244836e-56,6.580928146981231e-56,6.726759760571215e-56,6.874728999245744e-56,7.024851408235848e-56,7.177142532772496e-56,7.331617918086674e-56,7.4882931094093715e-56,7.647183651971556e-56,7.808305091004224e-56,7.971672971738357e-56,8.137302839404941e-56,8.305210239234963e-56,8.475410716459408e-56,8.647919816309255e-56,8.8227530840155e-56,8.999926064809119e-56,9.179454303921097e-56,9.361353346582426e-56,9.545638738024083e-56,9.73232602347706e-56,9.921430748172341e-56,1.0112968457340908e-55,1.0306954696213745e-55,1.0503405010021845e-55,1.0702334943996185e-55,1.090376004336776e-55,1.1107695853367536e-55,1.1314157919226508e-55,1.1523161786175678e-55,1.1734722999445996e-55,1.1948857104268463e-55,1.2165579645874062e-55,1.2384906169493775e-55,1.2606852220358582e-55,1.2831433343699485e-55,1.3058665084747464e-55,1.3288562988733512e-55,1.3521142600888595e-55,1.375641946644371e-55,1.3994409130629842e-55,1.4235127138677977e-55,1.447858903581909e-55,1.4724810367284171e-55,1.4973806678304202e-55,1.5225593514110178e-55,1.5480186419933075e-55,1.5737600941003872e-55,1.5997852622553568e-55,1.6260957009813138e-55,1.652692964801357e-55,1.6795786082385856e-55,1.7067541858160976e-55,1.7342212520569913e-55,1.761981361484365e-55,1.790036068621317e-55,1.8183869279909467e-55,1.847035494116353e-55,1.875983321520633e-55,1.9052319647268865e-55,1.9347829782582103e-55,1.9646379166377054e-55,1.994798334388468e-55,2.025265786033597e-55,2.056041826096191e-55,2.0871280090993487e-55,2.1185258895661685e-55,2.1502370220197485e-55,2.1822629609831874e-55,2.214605260979585e-55,2.2472654765320385e-55,2.280245162163647e-55,2.3135458723975086e-55,2.3471691617567193e-55,2.381116584764383e-55,2.415389695943595e-55,2.4499900498174533e-55,2.4849192009090586e-55,2.5201787037415063e-55,2.5557701128378973e-55,2.591694982721329e-55,2.6279548679149008e-55,2.6645513229417113e-55,2.7014859023248593e-55,2.7387601605874412e-55,2.7763756522525557e-55,2.8143339318433037e-55,2.8526365538827803e-55,2.8912850728940857e-55,2.9302810434003193e-55,2.969626019924579e-55,3.0093215569899632e-55,3.0493692091195703e-55,3.0897705308364986e-55,3.1305270766638446e-55,3.1716404011247096e-55,3.2131120587421933e-55,3.2549436040393905e-55,3.297136591539404e-55,3.3396925757653265e-55,3.382613111240262e-55,3.425899752487308e-55,3.469554054029561e-55,3.51357757039012e-55,3.5579718560920844e-55,3.6027384656585524e-55,3.64787895361262e-55,3.693394874477389e-55,3.7392877827759565e-55,3.785559233031423e-55,3.832210779766883e-55,3.879243977505438e-55,3.926660380770188e-55,3.974461544084228e-55,4.022649021970658e-55,4.0712243689525775e-55,4.120189139553082e-55,4.16954488829527e-55,4.219293169702243e-55,4.269435538297099e-55,4.319973548602935e-55,4.370908755142851e-55,4.422242712439944e-55,4.4739769750173134e-55,4.526113097398058e-55,4.578652634105275e-55,4.631597139662064e-55,4.684948168591523e-55,4.738707275416751e-55,4.792876014660845e-55,4.8474559408469055e-55,4.902448608498028e-55,4.957855572137316e-55,5.0136783862878655e-55,5.0699186054727765e-55,5.126577784215143e-55,5.18365747703807e-55,5.241159238464647e-55,5.299084623017977e-55,5.3574351852211595e-55,5.416212479597293e-55,5.475418060669475e-55,5.535053482960806e-55,5.595120300994382e-55,5.6556200692933e-55,5.716554342380668e-55,5.777924674779577e-55,5.839732621013123e-55,5.901979735604406e-55,5.9646675730765265e-55,6.027797687952585e-55,6.0913716347556765e-55,6.155390968008901e-55,6.219857242235358e-55,6.284772011958141e-55,6.3501368317003564e-55,6.4159532559851e-55,6.4822228393354634e-55,6.548947136274553e-55,6.616127701325464e-55,6.683766089011292e-55,6.751863853855139e-55,6.820422550380098e-55,6.889443733109279e-55,6.958928956565772e-55,7.02887977527268e-55,7.0992977437531e-55,7.170184416530125e-55,7.24154134812686e-55,7.313370093066403e-55,7.38567220587185e-55,7.458449241066303e-55,7.531702753172859e-55,7.605434296714616e-55,7.679645426214671e-55,7.754337696196125e-55,7.829512661182075e-55,7.905171875695618e-55,7.981316894259853e-55,8.057949271397882e-55,8.135070561632803e-55,8.21268231948771e-55,8.290786099485708e-55,8.369383456149889e-55,8.448475944003362e-55,8.528065117569211e-55,8.608152531370537e-55,8.688739739930446e-55,8.769828297772028e-55,8.85141975941839e-55,8.933515679392629e-55,9.016117612217837e-55,9.099227112417119e-55,9.182845734513572e-55,9.266975033030287e-55,9.351616562490377e-55,9.436771877416933e-55,9.52244253233305e-55,9.608630081761838e-55,9.695336080226383e-55,9.782562082249784e-55,9.87030964235515e-55,9.958580315065567e-55,1.0047375654904142e-54,1.013669721639397e-54,1.022654655405814e-54,1.0316925222419773e-54,1.0407834776001952e-54,1.0499276769327783e-54,1.0591252756920358e-54,1.0683764293302781e-54,1.0776812932998145e-54,1.0870400230529558e-54,1.09645277404201e-54,1.1059197017192882e-54,1.1154409615371008e-54,1.1250167089477566e-54,1.1346470994035657e-54,1.144332288356838e-54,1.1540724312598834e-54,1.1638676835650118e-54,1.1737182007245332e-54,1.1836241381907574e-54,1.1935856514159939e-54,1.2036028958525534e-54,1.2136760269527443e-54,1.2238052001688778e-54,1.2339905709532626e-54,1.2442322947582094e-54,1.2545305270360283e-54,1.2648854232390283e-54,1.27529713881952e-54,1.2857658292298125e-54,1.296291649922217e-54,1.3068747563490413e-54,1.3175153039625957e-54,1.3282134482151907e-54,1.3389693445591365e-54,1.349783148446743e-54,1.36065501533032e-54,1.3715851006621764e-54,1.3825735598946229e-54,1.393620548479969e-54,1.4047262218705243e-54,1.4158907355185994e-54,1.4271142448765038e-54,1.4383969053965475e-54,1.44973887253104e-54,1.4611403017322905e-54,1.4726013484526104e-54,1.484122168144308e-54,1.495702916259694e-54,1.507343748251078e-54,1.5190448195707702e-54,1.5308062856710802e-54,1.5426283020043182e-54,1.554511024022793e-54,1.5664546071788156e-54,1.5784592069246952e-54,1.5905249787127425e-54,1.6026520779952662e-54,1.6148406602245772e-54,1.6270908808529845e-54,1.639402895332798e-54,1.651776859116329e-54,1.6642129276558854e-54,1.6767112564037784e-54,1.689272000812317e-54,1.7018953163338114e-54,1.7145813584205707e-54,1.727330282524906e-54,1.7401422440991268e-54,1.753017398595542e-54,1.7659559014664622e-54,1.7789579081641982e-54,1.7920235741410577e-54,1.805153054849352e-54,1.81834650574139e-54,1.8316040822694822e-54,1.8449259398859395e-54,1.8583122340430706e-54,1.871763120193185e-54,1.885278753788594e-54,1.8988592902816062e-54,1.9125048851245315e-54,1.9262156937696802e-54,1.9399918716693624e-54,1.9538335742758863e-54,1.967740957041563e-54,1.981714175418704e-54,1.9957533848596156e-54,2.00985874081661e-54,2.0240303987419953e-54,2.038268514088084e-54,2.052573242307184e-54,2.0669447388516055e-54,2.0813831591736588e-54,2.0958886587256532e-54,2.1104613929598994e-54,2.1251015173287065e-54,2.139809187284384e-54,2.1545845582792427e-54,2.1694277857655916e-54,2.1843390251957415e-54,2.1993184320220015e-54,2.2143661616966814e-54,2.2294823696720917e-54,2.244667211400542e-54,2.2599208423343416e-54,2.2752434179258017e-54,2.290635093627231e-54,2.3060960248909385e-54,2.3216263671692353e-54,2.3372262759144312e-54,2.3528959065788353e-54,2.3686354146147585e-54,2.3844449554745097e-54,2.4003246846104002e-54,2.4162747574747397e-54,2.4322953295198362e-54,2.448386556198e-54,2.464548592961542e-54,2.4807815952627712e-54,2.4970857185539983e-54,2.5134611182875324e-54,2.529907949915684e-54,2.5464263688907627e-54,2.5630165306650784e-54,2.5796785906909398e-54,2.5964127044206585e-54,2.6132190273065436e-54,2.630097714800906e-54,2.6470489223560536e-54,2.6640728054242967e-54,2.681169519457945e-54,2.69833921990931e-54,2.7155820622306995e-54,2.7328982018744265e-54,2.750287794292797e-54,2.767750994938123e-54,2.7852879592627127e-54,2.8028988427188775e-54,2.820583800758927e-54,2.838342988835171e-54,2.85617656239992e-54,2.874084676905484e-54,2.8920674878041727e-54,2.910125150548293e-54,2.9282578205901567e-54,2.9464656533820733e-54,2.9647488043763544e-54,2.98310742902531e-54,3.001541682781247e-54,3.020051721096477e-54,3.03863769942331e-54,3.057299773214055e-54,3.076038097921022e-54,3.094852828996523e-54,3.1137441218928637e-54,3.132712132062358e-54,3.151757014957314e-54,3.1708789260300425e-54,3.190078020732852e-54,3.209354454518052e-54,3.228708382837953e-54,3.248139961144867e-54,3.267649344891101e-54,3.2872366895289654e-54,3.306902150510772e-54,3.3266458832888273e-54,3.3464680433154434e-54,3.36636878604293e-54,3.3863482669235963e-54,3.406406641409753e-54,3.426544064953708e-54,3.4467606930077746e-54,3.4670566810242595e-54,3.487432184455473e-54,3.5078873587537265e-54,3.5284223593713296e-54,3.549037341760592e-54,3.569732461373822e-54,3.5905078736633313e-54,3.6113637340814273e-54,3.632300198080423e-54,3.653317421112626e-54,3.674415558630348e-54,3.695594766085897e-54,3.716855198931583e-54,3.738197012619717e-54,3.7596203626026085e-54,3.781125404332567e-54,3.8027122932619027e-54,3.824381184842925e-54,3.846132234527944e-54,3.867965597769269e-54,3.8898814300192105e-54,3.911879886730079e-54,3.9339611233541843e-54,3.956125295343837e-54,3.9783725581513445e-54,4.0007030672290177e-54,4.023116978029165e-54,4.045614446004099e-54,4.0681956266061297e-54,4.090860675287564e-54,4.1136097475007137e-54,4.136442998697887e-54,4.159360584331394e-54,4.182362659853546e-54,4.2054493807166543e-54,4.228620902373024e-54,4.2518773802749684e-54,4.275218969874797e-54,4.2986458266248185e-54,4.3221581059773445e-54,4.3457559633846843e-54,4.369439554299146e-54,4.3932090341730423e-54,4.417064558458679e-54,4.4410062826083666e-54,4.465034362074421e-54,4.489148952309145e-54,4.5133502087648547e-54,4.537638286893855e-54,4.562013342148457e-54,4.5864755299809725e-54,4.6110250058437083e-54,4.6356619251889773e-54,4.660386443469086e-54,4.685198716136346e-54,4.710098898643068e-54,4.735087146441562e-54,4.760163614984133e-54,4.7853284597230964e-54,4.810581836110761e-54,4.8359238995994365e-54,4.8613548056414313e-54,4.886874709689056e-54,4.912483767194624e-54,4.9381821336104374e-54,4.963969964388812e-54,4.989847414982056e-54,5.0158146408424785e-54,5.041871797422392e-54,5.0680190401741055e-54,5.094256524549925e-54,5.120584406002164e-54,5.147002839983131e-54,5.1735119819451366e-54,5.200111987340492e-54,5.226803011621503e-54,5.253585210240485e-54,5.280458738649744e-54,5.307423752301589e-54,5.334480406648332e-54,5.361628857142285e-54,5.388869259235753e-54,5.416201768381049e-54,5.443626540030483e-54,5.471143729636362e-54,5.498753492650998e-54,5.526455984526701e-54,5.55425136071578e-54,5.582139776670546e-54,5.610121387843305e-54,5.63819634968637e-54,5.666364817652052e-54,5.694626947192661e-54,5.722982893760503e-54,5.751432812807891e-54,5.779976859787135e-54,5.808615190150543e-54,5.837347959350427e-54,5.866175322839094e-54,5.895097436068856e-54,5.924114454492023e-54,5.953226533560904e-54,5.98243382872781e-54,6.011736495445049e-54,6.041134689164932e-54,6.070628565339767e-54,6.100218279421867e-54,6.12990398686354e-54,6.159685843117097e-54,6.189564003634845e-54,6.219538623869096e-54,6.24960985927216e-54,6.279777865296344e-54,6.310042797393966e-54,6.340404811017326e-54,6.370864061618742e-54,6.401420704650522e-54,6.432074895564969e-54,6.462826789814399e-54,6.49367654285112e-54,6.52462431012744e-54,6.555670247095673e-54,6.586814509208126e-54,6.61805725191711e-54,6.649398630674935e-54,6.680838800933912e-54,6.712377918146348e-54,6.744016137764555e-54,6.775753615240841e-54,6.80759050602752e-54,6.839526965576897e-54,6.871563149341283e-54,6.90369921277299e-54,6.935935311324329e-54,6.968271600447604e-54,7.000708235595128e-54,7.03324537221921e-54,7.065883165772162e-54,7.098621771706293e-54,7.13146134547391e-54,7.164402042527327e-54,7.197444018318854e-54,7.230587428300794e-54,7.263832427925465e-54,7.297179172645176e-54,7.33062781791223e-54,7.364178519178945e-54,7.397831431897626e-54,7.431586711520586e-54,7.465444513500132e-54,7.499404993288573e-54,7.53346830633822e-54,7.567634608101384e-54,7.601904054030378e-54,7.636276799577507e-54,7.67075300019508e-54,7.705332811335408e-54,7.740016388450802e-54,7.774803886993571e-54,7.809695462416028e-54,7.844691270170481e-54,7.879791465709235e-54,7.914996204484607e-54,7.950305641948903e-54,7.985719933554434e-54,8.021239234753511e-54,8.056863700998439e-54,8.092593487741535e-54,8.128428750435104e-54,8.164369644531454e-54,8.2004163254829e-54,8.23656894874175e-54,8.272827669760313e-54,8.309192643990902e-54,8.345664026885822e-54,8.382241973897385e-54,8.418926640477898e-54,8.455718182079676e-54,8.492616754155027e-54,8.52962251215626e-54,8.566735611535686e-54,8.603956207745615e-54,8.641284456238354e-54,8.678720512466214e-54,8.716264531881508e-54,8.753916669936543e-54,8.791677082083631e-54,8.829545923775079e-54,8.8675233504632e-54,8.905609517600299e-54,8.94380458063869e-54,8.982108695030683e-54,9.020522016228585e-54,9.059044699684707e-54,9.097676900851357e-54,9.136418775180845e-54,9.175270478125487e-54,9.214232165137589e-54,9.253303991669459e-54,9.292486113173407e-54,9.331778685101746e-54,9.371181862906784e-54,9.41069580204083e-54,9.450320657956194e-54,9.490056586105189e-54,9.529903741940124e-54,9.569862280913306e-54,9.609932358477048e-54,9.650114130083656e-54,9.690407751185442e-54,9.730813377234717e-54,9.771331163683786e-54,9.811961265984963e-54,9.852703839590555e-54,9.89355903995288e-54,9.934527022524238e-54,9.975607942756945e-54,1.0016801956103303e-53,1.0058109218015635e-53,1.0099529883946241e-53,1.0141064109347432e-53,1.0182712049671523e-53,1.0224473860370814e-53,1.0266349696897621e-53,1.0308339714704259e-53,1.0350444069243032e-53,1.039266291596625e-53,1.0434996410326221e-53,1.0477444707775258e-53,1.052000796376567e-53,1.0562686333749766e-53,1.060547997317986e-53,1.0648389037508259e-53,1.0691413682187268e-53,1.0734554062669203e-53,1.077781033440637e-53,1.0821182652851078e-53,1.0864671173455644e-53,1.0908276051672371e-53,1.0951997442953573e-53,1.0995835502751559e-53,1.1039790386518642e-53,1.108386224970712e-53,1.1128051247769313e-53,1.117235753615753e-53,1.1216781270324081e-53,1.1261322605721275e-53,1.130598169780142e-53,1.1350758702016827e-53,1.1395653773819803e-53,1.1440667068662664e-53,1.148579874199772e-53,1.153104894927727e-53,1.1576417845953632e-53,1.1621905587479119e-53,1.1667512329306033e-53,1.171323822688669e-53,1.1759083435673398e-53,1.1805048111118466e-53,1.1851132408674205e-53,1.1897336483792926e-53,1.1943660491926936e-53,1.1990104588528543e-53,1.2036668929050062e-53,1.2083353668943803e-53,1.2130158963662068e-53,1.2177084968657176e-53,1.222413183938143e-53,1.2271299731287142e-53,1.2318588799826624e-53,1.2365999200452188e-53,1.241353108861614e-53,1.246118461977079e-53,1.2508959949368447e-53,1.2556857232861422e-53,1.2604876625702027e-53,1.265301828334257e-53,1.2701282361235357e-53,1.2749669014832702e-53,1.2798178399586913e-53,1.2846810670950302e-53,1.2895565984375178e-53,1.2944444495313852e-53,1.2993446359218635e-53,1.3042571731541835e-53,1.3091820767735756e-53,1.3141193623252719e-53,1.3190690453545027e-53,1.3240311414064988e-53,1.3290056660264915e-53,1.3339926347597118e-53,1.3389920631513907e-53,1.3440039667467592e-53,1.349028361091049e-53,1.3540652617294894e-53,1.3591146842073121e-53,1.3641766440697483e-53,1.3692511568620293e-53,1.3743382381293856e-53,1.3794379034170486e-53,1.3845501682702487e-53,1.3896750482342174e-53,1.3948125588541856e-53,1.399962715675384e-53,1.4051255342430436e-53,1.4103010301023956e-53,1.4154892187986708e-53,1.4206901158771003e-53,1.4259037368829152e-53,1.4311300973613468e-53,1.4363692128576256e-53,1.4416210989169824e-53,1.4468857710846486e-53,1.4521632449058552e-53,1.457453535925833e-53,1.4627566596898122e-53,1.4680726317430253e-53,1.4734014676307023e-53,1.4787431828980748e-53,1.4840977930903731e-53,1.4894653137528285e-53,1.4948457604306721e-53,1.500239148669135e-53,1.5056454940134476e-53,1.5110648120088415e-53,1.5164971182005475e-53,1.521942428133796e-53,1.527400757353819e-53,1.5328721214058472e-53,1.538356535835111e-53,1.5438540161868418e-53,1.5493645780062706e-53,1.554888236838628e-53,1.5604250082291458e-53,1.5659749077230543e-53,1.5715379508655846e-53,1.5771141532019673e-53,1.5827035302774344e-53,1.5883060976372165e-53,1.5939218708265439e-53,1.5995508653906483e-53,1.605193096874761e-53,1.6108485808241118e-53,1.6165173327839321e-53,1.6221993682994537e-53,1.6278947029159072e-53,1.6336033521785231e-53,1.6393253316325325e-53,1.6450606568231671e-53,1.6508093432956576e-53,1.6565714065952342e-53,1.6623468622671287e-53,1.6681357258565724e-53,1.6739380129087947e-53,1.679753738969028e-53,1.6855829195825034e-53,1.691425570294451e-53,1.6972817066501027e-53,1.703151344194688e-53,1.7090344984734392e-53,1.7149311850315868e-53,1.720841419414362e-53,1.7267652171669956e-53,1.732702593834719e-53,1.7386535649627627e-53,1.7446181460963579e-53,1.7505963527807344e-53,1.7565882005611255e-53,1.7625937049827606e-53,1.7686128815908715e-53,1.7746457459306887e-53,1.7806923135474424e-53,1.7867525999863653e-53,1.7928266207926876e-53,1.7989143915116396e-53,1.8050159276884536e-53,1.811131244868359e-53,1.817260358596588e-53,1.8234032844183709e-53,1.8295600378789392e-53,1.8357306345235239e-53,1.8419150898973558e-53,1.8481134195456655e-53,1.8543256390136847e-53,1.860551763846644e-53,1.8667918095897742e-53,1.8730457917883066e-53,1.8793137259874728e-53,1.8855956277325023e-53,1.8918915125686274e-53,1.898201396041078e-53,1.9045252936950861e-53,1.910863221075882e-53,1.917215193728697e-53,1.9235812271987622e-53,1.929961337031308e-53,1.9363555387715665e-53,1.942763847964767e-53,1.949186280156142e-53,1.955622850890922e-53,1.9620735757143378e-53,1.968538470171621e-53,1.9750175498080014e-53,1.9815108301687103e-53,1.9880183267989795e-53,1.9945400552440392e-53,2.0010760310491208e-53,2.0076262697594551e-53,2.0141907869202737e-53,2.0207695980768067e-53,2.027362718774285e-53,2.0339701645579403e-53,2.0405919509730038e-53,2.0472280935647063e-53,2.0538786078782775e-53,2.0605435094589495e-53,2.0672228138519538e-53,2.0739165366025202e-53,2.0806246932558804e-53,2.0873472993572655e-53,2.0940843704519066e-53,2.100835922085034e-53,2.107601969801879e-53,2.114382529147672e-53,2.1211776156676453e-53,2.1279872449070293e-53,2.1348114324110543e-53,2.1416501937249523e-53,2.1485035443939534e-53,2.155371499963288e-53,2.162254075978189e-53,2.1691512879838856e-53,2.176063151525611e-53,2.1829896821485937e-53,2.1899308953980662e-53,2.1968868068192583e-53,2.203857431957403e-53,2.210842786357729e-53,2.2178428855654695e-53,2.224857745125854e-53,2.2318873805841133e-53,2.2389318074854796e-53,2.2459910413751817e-53,2.2530650977984536e-53,2.260153992300524e-53,2.2672577404266253e-53,2.274376357721987e-53,2.2815098597318416e-53,2.288658262001419e-53,2.295821580075951e-53,2.3029998295006675e-53,2.310193025820801e-53,2.3174011845815805e-53,2.3246243213282385e-53,2.3318624516060065e-53,2.339115590960114e-53,2.346383754935792e-53,2.353666959078273e-53,2.3609652189327857e-53,2.3682785500445633e-53,2.3756069679588357e-53,2.3829504882208344e-53,2.3903091263757896e-53,2.397682897968932e-53,2.4050718185454947e-53,2.4124759036507072e-53,2.4198951688298e-53,2.4273296296280057e-53,2.4347793015905538e-53,2.4422442002626746e-53,2.4497243411896013e-53,2.4572197399165638e-53,2.464730411988793e-53,2.4722563729515205e-53,2.4797976383499764e-53,2.4873542237293924e-53,2.4949261446349986e-53,2.502513416612027e-53,2.510116055205707e-53,2.517734075961272e-53,2.5253674944239516e-53,2.533016326138976e-53,2.540680586651578e-53,2.5483602915069874e-53,2.556055456250435e-53,2.563766096427153e-53,2.5714922275823713e-53,2.5792338652613205e-53,2.586991025009233e-53,2.594763722371339e-53,2.6025519728928694e-53,1.9335368391911974e-13,3.9553790374075933e-13,6.071725200293726e-13,8.2893915425029e-13,1.061588078737844e-12,1.3059465062426702e-12,1.5629283841070703e-12,1.8335458862524913e-12,2.1189228779830836e-12,2.4203107143538283e-12,2.739106830995527e-12,3.076876704853976e-12,3.4353799102290837e-12,3.816601183978654e-12,4.222787656568929e-12,4.656493722866716e-12,5.120635443483828e-12,5.618556921639572e-12,6.154111844028158e-12,6.731764380724073e-12,7.356715017760408e-12,8.035058804515415e-12,8.773986171387405e-12,9.58204027166848e-12,1.0469450265487367e-11,1.1448567954852927e-11,1.2534447049474305e-11,1.3745622303360658e-11,1.5105173464407203e-11,1.6642202639313192e-11,1.8393924117704416e-11,2.0408682349477856e-11,2.275041257066929e-11,2.550540840902134e-11,2.8792898780677007e-11,3.2782147190629137e-11,3.7721189125645673e-11,4.398733174020879e-11,5.218055571133352e-11,6.330655240213171e-11,7.915840659880318e-11,1.0315812870273699e-10,1.4222999840776444e-10,2.102372808534717e-10,3.2878245562784224e-10,5.118712449125139e-10,7.71480591609894e-10,1.3011069045064778e-09,2.9462869786819807e-09,7.702102964704651e-09,1.8752345504384412e-08,3.994777060808988e-08,7.500341556945449e-08,1.2667709755175514e-07,1.9607242118153626e-07,2.821772357868247e-07,3.8173267553809836e-07,4.894717199521068e-07,5.987059088914834e-07,7.022284059179955e-07,7.935091124885216e-07,8.67988911226551e-07,9.238846400014431e-07,9.619698825308149e-07,9.846026688296232e-07,9.947184740017945e-07,9.951791399782788e-07,9.884719462253982e-07,9.7662510448034e-07,9.612283775292638e-07,9.4349453934798e-07,9.243304004065338e-07,9.044060380377071e-07,9.394407690595324e-07,1.0128591767450735e-06,1.1105563691290764e-06,1.2245593622002387e-06,1.350872858626636e-06,1.4873697131021662e-06,1.632723070307978e-06,1.7859502841375094e-06,1.9462311709779282e-06,2.1128371081376618e-06,2.285102586548155e-06,2.4624126119093284e-06,2.6441960463439867e-06,2.829921290760001e-06,3.0190930036354396e-06,3.2112493685818424e-06,3.405959712330957e-06,3.6028223798261854e-06,3.8014628139984545e-06,4.001531805871554e-06,4.202703890045427e-06,4.404675866320803e-06,4.607165432111739e-06,4.809909913115958e-06,5.012665081850199e-06,5.215204055316864e-06,5.417316264379499e-06,5.61880648847607e-06,5.8194939501517606e-06,6.019211464592717e-06,6.217804639921091e-06,6.415131124495486e-06,6.611059897868086e-06,6.8054706023952715e-06,6.9982529127934995e-06,7.189305941186247e-06,7.378537675407365e-06,7.565864448517564e-06,7.75121043765825e-06,7.934507190514484e-06,8.115693177789598e-06,8.294713370210133e-06,8.47151883868398e-06,8.646066376327784e-06,8.81831814116451e-06,8.988241318368225e-06,9.155807801003051e-06,9.320993888266913e-06,9.48378000030925e-06,9.644150408745586e-06,9.802092982041792e-06,9.95759894498688e-06,1.011066265151598e-05,1.0261281370185303e-05,1.0409455081638072e-05,1.0555186287435359e-05,1.0698479829658575e-05,1.083934272072124e-05,1.0977783982856544e-05,1.1113814496774661e-05,1.1247446859009733e-05,1.1378695247500374e-05,1.150757529497136e-05,1.163410396970538e-05,1.1758299463314933e-05,1.188018108514388e-05,1.199976916294678e-05,1.2117084949512235e-05,1.2232150534912712e-05,1.2344988764080007e-05,1.245562315941999e-05,1.2564077848195443e-05,1.2670377494418903e-05,1.2774547235011137e-05,1.2876612619992651e-05,1.2976599556488127e-05,1.3074534256334341e-05,1.3170443187093328e-05,1.3264353026282347e-05,1.335629061864221e-05,1.3446282936274408e-05,1.3534357041486648e-05,1.362054005219438e-05,1.3704859109733994e-05,1.3787341348950862e-05,1.3868013870432633e-05,1.394690371476479e-05,1.4024037838692267e-05,1.40994430930768e-05,1.4173146202545531e-05,1.424517374673226e-05,1.4315552143017472e-05,1.438430763067885e-05,1.4451466256368205e-05,1.4517053860835761e-05,1.4581096066826492e-05,1.464361826807778e-05,1.4704645619351192e-05,1.4764203027434865e-05,1.4822315143056638e-05,1.487900635365106e-05,1.493430077692697e-05,1.4988222255184754e-05,1.5040794350335617e-05,1.5092040339577765e-05,1.5141983211686673e-05,1.5190645663879475e-05,1.5238050099215162e-05,1.528421862449506e-05,1.5329173048629573e-05,1.5372934881439418e-05,1.5415525332861204e-05,1.5456965312528997e-05,1.5497275429705347e-05,1.5536475993536282e-05,1.557458701360686e-05,1.561162820077475e-05,1.5647618968260948e-05,1.568257843297778e-05,1.571652541707554e-05,1.574947844969033e-05,1.578145576887664e-05,1.5812475323709118e-05,1.5842554776539003e-05,1.58717115053917e-05,1.5899962606492395e-05,1.5927324896908034e-05,1.5953814917294054e-05,1.597944893473543e-05,1.600424294567211e-05,1.6028212678899702e-05,1.6051373598636066e-05,1.60737409076467e-05,1.6095329550420404e-05,1.6116154216388445e-05,1.613622934318078e-05,1.615556911991263e-05,1.617418749049612e-05,1.6192098156971297e-05,1.620931458285153e-05,1.62258499964787e-05,1.62417173943838e-05,1.625692954464887e-05,1.6271498990266584e-05,1.628543805249395e-05,1.6298758834196975e-05,1.6311473223183323e-05,1.6323592895520165e-05,1.633512931883477e-05,1.6346093755595524e-05,1.6356497266371144e-05,1.6366350713066284e-05,1.637566476213165e-05,1.6384449887746998e-05,1.639271637497562e-05,1.640047432288897e-05,1.6407733647660025e-05,1.6414504085624688e-05,1.642079519630985e-05,1.6426616365427483e-05,1.6431976807834088e-05,1.643688557045444e-05,1.6441351535169562e-05,1.6445383421668007e-05,1.6448989790260294e-05,1.6452179044656e-05,1.645495943470328e-05,1.6457339059090596e-05,1.6459325868010506e-05,1.6460927665785343e-05,1.64621521134548e-05,1.6463006731325358e-05,1.6463498901481543e-05,1.6463635870259314e-05,1.6463424750681284e-05,1.6462872524854355e-05,1.6461986046329535e-05,1.6460772042424543e-05,1.645923711650904e-05,1.645738775025303e-05,1.645523030583854e-05,1.6452771028134908e-05,1.6450016046838117e-05,1.644697137857428e-05,1.6443642928967767e-05,1.6440036494674414e-05,1.6436157765246352e-05,1.6432012325649898e-05,1.642760565737871e-05,1.6422943140827213e-05,1.641803005709693e-05,1.641287158981187e-05,1.640747282691296e-05,1.640183876242376e-05,1.6395974298185842e-05,1.6389884245563383e-05,1.6383573327117442e-05,1.637704617825004e-05,1.637030734881878e-05,1.6363361304722132e-05,1.6356212429456035e-05,1.6348865025642133e-05,1.634132331652815e-05,1.6333591447460822e-05,1.6325673487331805e-05,1.6317573429996974e-05,1.6309295195669628e-05,1.63008426322879e-05,1.6292219516856907e-05,1.6283429556766e-05,1.6274476391081575e-05,1.626536359181577e-05,1.6256094665171594e-05,1.6246673052764763e-05,1.6237102132822718e-05,1.6227385221361194e-05,1.6217525573338794e-05,1.620752638378981e-05,1.6197390788935806e-05,1.6187121867276378e-05,1.6176722640659266e-05,1.6166196075330384e-05,1.615554508296403e-05,1.61447725216737e-05,1.6133881197003725e-05,1.6122873862902324e-05,1.6111753222676107e-05,1.610052192992667e-05,1.6089182589469333e-05,1.6077737758234636e-05,1.606618994615261e-05,1.605454161702048e-05,1.6042795189353725e-05,1.6030953037221183e-05,1.6019017491064258e-05,1.6006990838500575e-05,1.599487532511245e-05,1.5982673155220388e-05,1.5970386492641905e-05,1.5958017461436003e-05,1.5945568146633496e-05,1.5933040594953473e-05,1.5920436815506292e-05,1.5907758780483072e-05,1.5895008425832283e-05,1.588218765192346e-05,1.5869298324198305e-05,1.5856342273809523e-05,1.5843321298247567e-05,1.5830237161955438e-05,1.5817091596931985e-05,1.580388630332366e-05,1.579062295000523e-05,1.5777303175149375e-05,1.5763928586785652e-05,1.5750500763348814e-05,1.573702125421686e-05,1.5723491580238844e-05,1.5709913234252856e-05,1.5696287681594126e-05,1.5682616360593644e-05,1.566890068306738e-05,1.5655142034796242e-05,1.5641341775997113e-05,1.5627501241784954e-05,1.561362174262629e-05,1.559970456478415e-05,1.5585750970754675e-05,1.557176219969557e-05,1.5557739467846497e-05,1.554368396894164e-05,1.552959687461453e-05,1.551547933479529e-05,1.5501332478100518e-05,1.5487157412215843e-05,1.5472955224271423e-05,1.5458726981210308e-05,1.5444473730150106e-05,1.5430196498737874e-05,1.5415896295498304e-05,1.5401574110175612e-05,1.5387230914068987e-05,1.5372867660361793e-05,1.5358485284444764e-05,1.5344084704233235e-05,1.5329666820478268e-05,1.5315232517072373e-05,1.5300782661349337e-05,1.528631810437863e-05,1.5271839681254334e-05,1.5257348211378798e-05,1.5242844498741056e-05,1.5228329332190102e-05,1.5213803485703184e-05,1.5199267718649161e-05,1.518472277604702e-05,1.5170169388819678e-05,1.51556082740431e-05,1.5141040135190969e-05,1.5126465662374726e-05,1.5111885532579356e-05,1.5097300409894834e-05,1.508271094574333e-05,1.5068117779102337e-05,1.5053521536723675e-05,1.5038922833348586e-05,1.5024322271918828e-05,1.5009720443784074e-05,1.4995117928905449e-05,1.4980515296055406e-05,1.4965913103014015e-05,1.4951311896761674e-05,1.4936712213668386e-05,1.4922114579679563e-05,1.4907519510498546e-05,1.4892927511765778e-05,1.4878339079234787e-05,1.4863754698945065e-05,1.4849174847391695e-05,1.4834599991692115e-05,1.4820030589749738e-05,1.4805467090414779e-05,1.4790909933642089e-05,1.4776359550646243e-05,1.476181636405385e-05,1.4747280788053134e-05,1.4732753228540821e-05,1.4718234083266504e-05,1.4703723741974327e-05,1.468922258654226e-05,1.4674730991118799e-05,1.4660249322257337e-05,1.4645777939048088e-05,1.4631317193247699e-05,1.4616867429406585e-05,1.4602428984994004e-05,1.4588002190520929e-05,1.4573587369660684e-05,1.4559184839367618e-05,1.4544794909993535e-05,1.4530417885402116e-05,1.4516054063081389e-05,1.450170373425417e-05,1.4487367183986574e-05,1.4473044691294627e-05,1.4458736529249038e-05,1.44444429650781e-05,1.4430164260268831e-05,1.4415900670666314e-05,1.4401652446571293e-05,1.4387419832836181e-05,1.4373203068959222e-05,1.435900238917715e-05,1.4344818022556165e-05,1.4330650193081407e-05,1.4316499119744758e-05,1.430236501663124e-05,1.4288248093003866e-05,1.427414855338699e-05,1.4260066597648285e-05,1.424600242107925e-05,1.4231956214474373e-05,1.421792816420886e-05,1.4203918452315107e-05,1.4189927256557814e-05,1.4175954750507777e-05,1.4162001103614468e-05,1.4148066481277368e-05,1.4134151044915986e-05,1.4120254952038807e-05,1.410637835631098e-05,1.4092521407620813e-05,1.407868425214527e-05,1.4064867032414177e-05,1.405106988737345e-05,1.4037292952447217e-05,1.4023536359598843e-05,1.4009800237390964e-05,1.3996084711044461e-05,1.3982389902496458e-05,1.3968715930457324e-05,1.3955062910466702e-05,1.394143095494859e-05,1.392782017326549e-05,1.3914230671771653e-05,1.390066255386537e-05,1.388711592004045e-05,1.3873590867936782e-05,1.3860087492390038e-05,1.3846605885480575e-05,1.3833146136581478e-05,1.3819708332405787e-05,1.3806292557052975e-05,1.379289889205457e-05,1.377952741641909e-05,1.3766178206676163e-05,1.3752851336919938e-05,1.3739546878851723e-05,1.3726264901821975e-05,1.3713005472871543e-05,1.3699768656772169e-05,1.3686554516066488e-05,1.3673363111107086e-05,1.3660194500095176e-05,1.3647048739118452e-05,1.3633925882188355e-05,1.362082598127675e-05,1.360774908635197e-05,1.359469524541424e-05,1.3581664504530505e-05,1.356865690786876e-05,1.3555672497731674e-05,1.3542711314589761e-05,1.3529773397113982e-05,1.3516858782207753e-05,1.3503967505038458e-05,1.3491099599068454e-05,1.3478255096085527e-05,1.3465434026232862e-05,1.3452636418038523e-05,1.3439862298444394e-05,1.3427111692834735e-05,1.3414384625064151e-05,1.3401681117485219e-05,1.3389001190975519e-05,1.337634486496436e-05,1.336371215745896e-05,1.335110308507024e-05,1.3338517663038185e-05,1.3325955905256789e-05,1.3313417824298551e-05,1.3300903431438642e-05,1.328841273667861e-05,1.3275945748769698e-05,1.326350247523582e-05,1.325108292239611e-05,1.3238687095387133e-05,1.3226314998184729e-05,1.321396663362545e-05,1.3201642003427723e-05,1.3189341108212596e-05,1.3177063947524192e-05,1.3164810519849758e-05,1.31525808226395e-05,1.314037485232596e-05,1.312819260434317e-05,1.311603407314546e-05,1.3103899252225924e-05,1.3091788134134665e-05,1.3079700710496653e-05,1.3067636972029323e-05,1.3055596908559923e-05,1.3043580509042504e-05,1.3031587761574706e-05,1.3019618653414205e-05,1.3007673170994914e-05,1.2995751299942967e-05,1.2983853025092344e-05,1.2971978330500311e-05,1.296012719946261e-05,1.2948299614528353e-05,1.2936495557514682e-05,1.2924715009521261e-05,1.2912957950944426e-05,1.2901224361491136e-05,1.288951422019279e-05,1.2877827505418637e-05,1.2866164194889142e-05,1.2854524265689025e-05,1.2842907694280128e-05,1.283131445651407e-05,1.2819744527644657e-05,1.2808197882340164e-05,1.2796674494695323e-05,1.2785174338243222e-05,1.2773697385966884e-05,1.2762243610310766e-05,1.2750812983192012e-05,1.2739405476011531e-05,1.2728021059664897e-05,1.2716659704553094e-05,1.2705321380593005e-05,1.269400605722786e-05,1.2682713703437365e-05,1.2671444287747796e-05,1.266019777824182e-05,1.2648974142568243e-05,1.2637773347951537e-05,1.2626595361201229e-05,1.2615440148721166e-05,1.2604307676518557e-05,1.2593197910212928e-05,1.2582110815044956e-05,1.257104635588503e-05,1.2560004497241802e-05,1.2548985203270557e-05,1.2537988437781421e-05,1.2527014164247434e-05,1.2516062345812539e-05,1.250513294529939e-05,1.2494225925217032e-05,1.2483341247768514e-05,1.2472478874858262e-05,1.2461638768099467e-05,1.2450820888821256e-05,1.2440025198075747e-05,1.2429251656645063e-05,1.2418500225048133e-05,1.2407770863547458e-05,1.2397063532155706e-05,1.2386378190642255e-05,1.237571479853956e-05,1.2365073315149491e-05,1.2354453699549478e-05,1.2343855910598652e-05,1.2333279906943793e-05,1.2322725647025244e-05,1.2312193089082685e-05,1.2301682191160815e-05,1.2291192911115016e-05,1.2280725206616746e-05,1.2270279035159066e-05,1.2259854354061878e-05,1.2249451120477216e-05,1.2239069291394334e-05,1.2228708823644823e-05,1.2218369673907543e-05,1.2208051798713516e-05,1.219775515445077e-05,1.2187479697369004e-05,1.2177225383584292e-05,1.2166992169083618e-05,1.215678000972937e-05,1.2146588861263769e-05,1.2136418679313174e-05,1.2126269419392409e-05,1.2116141036908884e-05,1.210603348716676e-05,1.2095946725371001e-05,1.2085880706631335e-05,1.2075835385966173e-05,1.2065810718306482e-05,1.2055806658499522e-05,1.204582316131261e-05,1.2035860181436726e-05,1.2025917673490126e-05,1.2015995592021875e-05,1.20060938915153e-05,1.1996212526391419e-05,1.1986351451012236e-05,1.1976510619684094e-05,1.1966689986660867e-05,1.1956889506147157e-05,1.1947109132301387e-05,1.1937348819238896e-05,1.192760852103493e-05,1.1917888191727627e-05,1.190818778532088e-05,1.1898507255787254e-05,1.1888846557070716e-05,1.1879205643089477e-05,1.1869584467738612e-05,1.1859982984892793e-05,1.185040114840886e-05,1.1840838912128387e-05,1.1831296229880221e-05,1.1821773055482934e-05,1.1812269342747266e-05,1.1802785045478514e-05,1.1793320117478854e-05,1.178387451254968e-05,1.177444818449382e-05,1.1765041087117773e-05,1.1755653174233896e-05,1.1746284399662533e-05,1.17369347172341e-05,1.1727604080791178e-05,1.1718292444190475e-05,1.1708999761304898e-05,1.1699725986025417e-05,1.1690471072263022e-05,1.16812349739506e-05,1.1672017645044742e-05,1.1662819039527602e-05,1.1653639111408614e-05,1.164447781472627e-05,1.1635335103549814e-05,1.1626210931980899e-05,1.1617105254155261e-05,1.1608018024244315e-05,1.1598949196456711e-05,1.1589898725039927e-05,1.1580866564281752e-05,1.157185266851179e-05,1.1562856992102935e-05,1.155387948947277e-05,1.1544920115084994e-05,1.1535978823450802e-05,1.1527055569130203e-05,1.1518150306733393e-05,1.1509262990922006e-05,1.1500393576410407e-05,1.1491542017966919e-05,1.1482708270415073e-05,1.1473892288634758e-05,1.1465094027563433e-05,1.1456313442197261e-05,1.1447550487592206e-05,1.1438805118865174e-05,1.1430077291195051e-05,1.1421366959823784e-05,1.1412674080057406e-05,1.1403998607267025e-05,1.1395340496889847e-05,1.1386699704430127e-05,1.1378076185460101e-05,1.1369469895620951e-05,1.1360880790623643e-05,1.1352308826249896e-05,1.1343753958353008e-05,1.1335216142858674e-05,1.1326695335765874e-05,1.1318191493147633e-05,1.1309704571151857e-05,1.1301234526002047e-05,1.1292781313998125e-05,1.1284344891517125e-05,1.1275925215013935e-05,1.126752224102196e-05,1.12591359261539e-05,1.1250766227102321e-05,1.1242413100640369e-05,1.1234076503622405e-05,1.1225756392984591e-05,1.121745272574556e-05,1.1209165459006953e-05,1.1200894549954025e-05,1.1192639955856215e-05,1.1184401634067672e-05,1.1176179542027807e-05,1.1167973637261817e-05,1.1159783877381185e-05,1.1151610220084168e-05,1.1143452623156294e-05,1.113531104447083e-05,1.1127185441989218e-05,1.111907577376153e-05,1.11109819979269e-05,1.1102904072713944e-05,1.1094841956441164e-05,1.1086795607517336e-05,1.1078764984441894e-05,1.1070750045805296e-05,1.1062750750289415e-05,1.1054767056667838e-05,1.1046798923806245e-05,1.1038846310662733e-05,1.1030909176288086e-05,1.1022987479826154e-05,1.1015081180514075e-05,1.1007190237682632e-05,1.0999314610756459e-05,1.0991454259254373e-05,1.0983609142789591e-05,1.0975779221069973e-05,1.0967964453898292e-05,1.0960164801172437e-05,1.095238022288564e-05,1.0944610679126693e-05,1.0936856130080144e-05,1.0929116536026507e-05,1.0921391857342408e-05,1.0913682054500813e-05,1.0905987088071177e-05,1.0898306918719578e-05,1.089064150720892e-05,1.088299081439906e-05,1.0875354801246919e-05,1.0867733428806653e-05,1.0860126658229755e-05,1.0852534450765188e-05,1.0844956767759478e-05,1.0837393570656821e-05,1.0829844820999186e-05,1.0822310480426399e-05,1.0814790510676235e-05,1.080728487358447e-05,1.0799793531084984e-05,1.0792316445209811e-05,1.0784853578089179e-05,1.077740489195159e-05,1.0769970349123843e-05,1.0762549912031098e-05,1.0755143543196877e-05,1.0747751205243144e-05,1.0740372860890259e-05,1.0733008472957049e-05,1.0725658004360817e-05,1.0718321418117317e-05,1.0710998677340781e-05,1.070368974524391e-05,1.0696394585137882e-05,1.0689113160432297e-05,1.0681845434635204e-05,1.0674591371353056e-05,1.0667350934290692e-05,1.066012408725129e-05,1.0652910794136344e-05,1.0645711018945642e-05,1.0638524725777171e-05,1.0631351878827124e-05,1.0624192442389805e-05,1.0617046380857603e-05,1.0609913658720895e-05,1.060279424056803e-05,1.059568809108522e-05,1.058859517505648e-05,1.058151545736355e-05,1.0574448902985824e-05,1.0567395477000268e-05,1.0560355144581309e-05,1.055332787100077e-05,1.0546313621627773e-05,1.0539312361928636e-05,1.053232405746676e-05,1.052534867390257e-05,1.0518386176993339e-05,1.051143653259316e-05,1.0504499706652759e-05,1.0497575665219432e-05,1.049066437443691e-05,1.0483765800545218e-05,1.0476879909880587e-05,1.0470006668875294e-05,1.0463146044057564e-05,1.0456298002051417e-05,1.0449462509576537e-05,1.0442639533448146e-05,1.0435829040576841e-05,1.0429030997968496e-05,1.0422245372724063e-05,1.0415472132039472e-05,1.0408711243205452e-05,1.040196267360742e-05,1.0395226390725256e-05,1.038850236213324e-05,1.0381790555499815e-05,1.0375090938587479e-05,1.0368403479252609e-05,1.0361728145445294e-05,1.035506490520917e-05,1.0348413726681249e-05,1.0341774578091783e-05,1.0335147427764038e-05,1.0328532244114179e-05,1.0321928995651066e-05,1.0315337650976076e-05,1.0308758178782945e-05,1.0302190547857572e-05,1.0295634727077854e-05,1.028909068541349e-05,1.0282558391925823e-05,1.0276037815767612e-05,1.0269528926182898e-05,1.0263031692506785e-05,1.025654608416526e-05,1.025007207067501e-05,1.0243609621643214e-05,1.0237158706767358e-05,1.0230719295835072e-05,1.0224291358723886e-05,1.0217874865401067e-05,1.0211469785923417e-05,1.0205076090437073e-05,1.01986937491773e-05,1.0192322732468306e-05,1.0185963010723047e-05,1.0179614554442985e-05,1.0173277334217944e-05,1.016695132072587e-05,1.0160636484732621e-05,1.0154332797091783e-05,1.0148040228744467e-05,1.0141758750719076e-05,1.013548833413113e-05,1.0129228950183018e-05,1.0122980570163838e-05,1.0116743165449147e-05,1.0110516707500766e-05,1.0104301167866582e-05,1.0098096518180308e-05,1.00919027301613e-05,1.0085719775614317e-05,1.0079547626429336e-05,1.007338625458131e-05,1.0067235632129972e-05,1.0061095731219624e-05,1.0054966524078903e-05,1.0048847983020585e-05,1.0042740080441354e-05,1.0036642788821587e-05,1.0030556080725137e-05,1.0024479928799143e-05,1.0018414305773773e-05,1.0012359184462011e-05,1.0006314537759466e-05,1.000028033864413e-05,9.994256560176161e-06,9.988243175497691e-06,9.982240157832538e-06,9.976247480486073e-06,9.970265116844943e-06,9.964293040376868e-06,9.958331224630416e-06,9.952379643234783e-06,9.94643826989958e-06,9.940507078414595e-06,9.934586042649611e-06,9.928675136554115e-06,9.922774334157145e-06,9.916883609567042e-06,9.911002936971223e-06,9.905132290635954e-06,9.899271644906147e-06,9.893420974205143e-06,9.887580253034452e-06,9.881749455973576e-06,9.875928557679751e-06,9.870117532887757e-06,9.86431635640967e-06,9.85852500313465e-06,9.85274344802873e-06,9.846971666134572e-06,9.84120963257126e-06,9.835457322534085e-06,9.829714711294308e-06,9.823981774198941e-06,9.81825848667053e-06,9.81254482420694e-06,9.806840762381125e-06,9.801146276840902e-06,9.795461343308735e-06,9.789785937581536e-06,9.784120035530403e-06,9.778463613100432e-06,9.772816646310484e-06,9.767179111252963e-06,9.761550984093606e-06,9.755932241071257e-06,9.750322858497642e-06,9.744722812757163e-06,9.739132080306669e-06,9.733550637675233e-06,9.727978461463943e-06,9.7224155283457e-06,9.716861815064945e-06,9.711317298437508e-06,9.705781955350344e-06,9.70025576276134e-06,9.694738697699081e-06,9.68923073726264e-06,9.683731858621374e-06,9.678242039014678e-06,9.672761255751807e-06,9.667289486211635e-06,9.661826707842443e-06,9.656372898161716e-06,9.650928034755899e-06,9.645492095280221e-06,9.640065057458468e-06,9.634646899082754e-06,9.629237598013311e-06,9.623837132178308e-06,9.61844547957359e-06,9.613062618262505e-06,9.607688526375669e-06,9.602323182110766e-06,9.596966563732341e-06,9.59161864957158e-06,9.586279418026087e-06,9.580948847559703e-06,9.575626916702281e-06,9.57031360404949e-06,9.565008888262562e-06,9.559712748068156e-06,9.554425162258082e-06,9.549146109689141e-06,9.543875569282885e-06,9.538613520025433e-06,9.533359940967257e-06,9.528114811222975e-06,9.522878109971136e-06,9.517649816454049e-06,9.51242990997753e-06,9.507218369910745e-06,9.502015175685964e-06,9.496820306798398e-06,9.491633742805968e-06,9.486455463329102e-06,9.481285448050562e-06,9.476123676715215e-06,9.470970129129832e-06,9.465824785162904e-06,9.460687624744444e-06,9.455558627865764e-06,9.450437774579295e-06,9.445325044998382e-06,9.440220419297095e-06,9.43512387771001e-06,9.43003540053204e-06,9.424954968118218e-06,9.419882560883495e-06,9.414818159302589e-06,9.409761743909726e-06,9.404713295298486e-06,9.399672794121607e-06,9.394640221090777e-06,9.38961555697645e-06,9.384598782607644e-06,9.379589878871773e-06,9.37458882671442e-06,9.369595607139178e-06,9.364610201207426e-06,9.359632590038183e-06,9.354662754807864e-06,9.349700676750154e-06,9.344746337155759e-06,9.339799740857871e-06,9.334860836729632e-06,9.329929610757223e-06,9.325006046294102e-06,9.320090125911558e-06,9.315181831506328e-06,9.310281145212985e-06,9.305388048890684e-06,9.300502524386867e-06,9.295624553592484e-06,9.290754118432228e-06,9.285891200883876e-06,9.281035782977303e-06,9.27618784678185e-06,9.271347374436417e-06,9.266514348045447e-06,9.261688749930663e-06,9.256870562386316e-06,9.25205976776007e-06,9.247256348452917e-06,9.24246028691971e-06,9.237671565666634e-06,9.232890167510452e-06,9.228116074805096e-06,9.223349270215902e-06,9.218589736606783e-06,9.213837456612266e-06,9.209092413037186e-06,9.20435458877842e-06,9.199623966706834e-06,9.194900529848206e-06,9.190184261241182e-06,9.185475143914654e-06,9.180773161033358e-06,9.176078295759783e-06,9.171390531366974e-06,9.166709851083372e-06,9.162036238248174e-06,9.157369676268908e-06,9.152710148585681e-06,9.148057638592251e-06,9.143412129920418e-06,9.138773606123691e-06,9.134142050709377e-06,9.12951744509195e-06,9.124899777314982e-06,9.120289028468584e-06,9.11568518328075e-06,9.111088225607024e-06,9.106498139490034e-06,9.101914908621058e-06,9.097338517514683e-06,9.092768948468271e-06,9.08820618766517e-06,9.083650218243174e-06,9.079101024760393e-06,9.074558591842843e-06,9.070022902801063e-06,9.065493942454672e-06,9.060971695224242e-06,9.05645614608052e-06,9.051947278398306e-06,9.04744507716205e-06,9.042949526861078e-06,9.038460612233204e-06,9.033978318078771e-06,9.029502629208987e-06,9.025033530159663e-06,9.020571005812308e-06,9.016115041103196e-06,9.011665620834149e-06,9.007222729942646e-06,9.002786353414368e-06,8.998356476277844e-06,8.993933083567221e-06,8.98951616043963e-06,8.985105692056113e-06,8.980701663622819e-06,8.976304060387784e-06,8.971912867643863e-06,8.967528070649273e-06,8.963149654861715e-06,8.958777605415771e-06,8.954411908048322e-06,8.950052548274802e-06,8.945699511649498e-06,8.941352783752623e-06,8.937012350238432e-06,8.932678196774708e-06,8.928350309088703e-06,8.924028672936566e-06,8.919713274118985e-06,8.9154040984891e-06,8.911101131933211e-06,8.906804360387022e-06,8.902513769815805e-06,8.898229346238822e-06,8.893951075713769e-06,8.889678944329013e-06,8.885412938225521e-06,8.881153043573007e-06,8.876899247249697e-06,8.872651534635392e-06,8.868409892374276e-06,8.864174306445918e-06,8.859944763300656e-06,8.855721249697569e-06,8.851503751668152e-06,8.847292255954604e-06,8.84308674935826e-06,8.838887218637695e-06,8.834693648754323e-06,8.830506028304615e-06,8.826324343012795e-06,8.82214857985991e-06,8.817978725556025e-06,8.813814766906966e-06,8.809656690756777e-06,8.805504483987784e-06,8.801358133520243e-06,8.797217626312749e-06,8.793082949359101e-06,8.788954089694939e-06,8.784831034395502e-06,8.780713770566715e-06,8.776602285367269e-06,8.772496565952846e-06,8.768396599561575e-06,8.76430237343986e-06,8.760213874873945e-06,8.756131091221046e-06,8.752054009838872e-06,8.747982618131239e-06,8.743916903488859e-06,8.739856853492855e-06,8.735802455598779e-06,8.73175369737111e-06,8.727710566558883e-06,8.72367305016449e-06,8.719641136487209e-06,8.715614813018782e-06,8.711594067476806e-06,8.707578888112887e-06,8.70356926015811e-06,8.699565175129257e-06,8.69556661929253e-06,8.691573580506827e-06,8.687586046740899e-06,8.683604005964857e-06,8.679627446519882e-06,8.675656355820605e-06,8.671690722231045e-06,8.667730533855614e-06,8.663775778838748e-06,8.659826445352408e-06,8.655882521608832e-06,8.651943995848872e-06,8.6480108563474e-06,8.644083091084866e-06,8.640160689008595e-06,8.636243638225405e-06,8.632331927142474e-06,8.62842554421196e-06,8.624524477889008e-06,8.620628716681673e-06,8.61673824913095e-06,8.612853063810106e-06,8.6089731493215e-06,8.605098493155778e-06,8.601229085136445e-06,8.597364913980734e-06,8.593505968383279e-06,8.589652237148153e-06,8.585803709055937e-06,8.581960372939612e-06,8.578122217650173e-06,8.574289232085249e-06,8.570461405171541e-06,8.566638725837741e-06,8.56282118309161e-06,8.559008765943943e-06,8.555201463452322e-06,8.551399264678385e-06,8.547602158742309e-06,8.543810134775832e-06,8.54002318195667e-06,8.536241289472199e-06,8.532464446560496e-06,8.528692642480164e-06,8.52492586651615e-06,8.521164107998761e-06,8.517407356278956e-06,8.513655600724558e-06,8.509908830773513e-06,8.506167035837794e-06,8.502430205385399e-06,8.498698328938679e-06,8.494971396007835e-06,8.491249396159346e-06,8.487532318971094e-06,8.483820154066802e-06,8.480112891071193e-06,8.476410519677005e-06,8.472713029581313e-06,8.469020410513884e-06,8.465332652241979e-06,8.461649744535546e-06,8.457971677225723e-06,8.454298440147262e-06,8.450630023189052e-06,8.446966416222042e-06,8.443307609190582e-06,8.439653592056772e-06,8.436004354807195e-06,8.432359888667908e-06,8.428720182453698e-06,8.42508522623048e-06,8.4214550100967e-06,8.417829524166963e-06,8.414208758591039e-06,8.410592703538344e-06,8.406981349217599e-06,8.403374685862038e-06,8.399772703661695e-06,8.396175392970508e-06,8.39258274409902e-06,8.388994747381802e-06,8.385411393185003e-06,8.381832671898971e-06,8.378258574665553e-06,8.374689090451638e-06,8.3711242112917e-06,8.367563926077577e-06,8.364008226113233e-06,8.360457101951467e-06,8.35691054414961e-06,8.353368543343368e-06,8.349831090100777e-06,8.346298175136655e-06,8.342769789096711e-06,8.339245922687209e-06,8.33572656662956e-06,8.332211711676459e-06,8.328701348594602e-06,8.325195468210056e-06,8.321694061325911e-06,8.318197118800284e-06,8.314704631513892e-06,8.311216590354652e-06,8.307732986266511e-06,8.304253810219805e-06,8.300779053143643e-06,8.29730870605825e-06,8.293842759987786e-06,8.290381205980706e-06,8.28692403509654e-06,8.283471238413947e-06,8.280022807130032e-06,8.276578732345484e-06,8.2731390052283e-06,8.269703617798733e-06,8.266272559820913e-06,8.26284582294357e-06,8.259423398649725e-06,8.256005278422768e-06,8.252591453178705e-06,8.249181914567633e-06,8.245776653905718e-06,8.242375662291588e-06,8.238978931321093e-06,8.235586452430012e-06,8.232198217054488e-06,8.228814216693533e-06,8.225434442784932e-06,8.222058886759366e-06,8.218687540477108e-06,8.215320395299948e-06,8.211957442842824e-06,8.208598674699789e-06,8.20524408250176e-06,8.201893657901984e-06,8.198547392575973e-06,8.195205278214261e-06,8.1918673062399e-06,8.188533468638374e-06,8.185203757509177e-06,8.18187816410838e-06,8.178556680754101e-06,8.175239299018022e-06,8.17192601075113e-06,8.16861680784471e-06,8.165311681948734e-06,8.162010625494514e-06,8.158713630045658e-06,8.15542068764373e-06,8.152131790291189e-06,8.148846929958679e-06,8.145566098693181e-06,8.14228928850183e-06,8.139016491466307e-06,8.135747699755045e-06,8.132482905419785e-06,8.129222100470371e-06,8.125965277161682e-06,8.122712427691015e-06,8.119463543841849e-06,8.116218619555091e-06,8.112977644606827e-06,8.109740612327413e-06,8.106507515000911e-06,8.103278344905938e-06,8.100053094424231e-06,8.096831756032803e-06,8.093614321639836e-06,8.090400784146815e-06,8.087191135344276e-06,8.083985367950958e-06,8.080783474616995e-06,8.077585447259284e-06,8.074391278491054e-06,8.071200960859567e-06,8.068014486952712e-06,8.064831848683509e-06,8.06165303999166e-06,8.058478053116766e-06,8.055306878928891e-06,8.052139512494968e-06,8.048975943827234e-06,8.045816168548839e-06,8.042660177852029e-06,8.039507964239553e-06,8.036359520191345e-06,8.033214839064849e-06,8.030073914483965e-06,8.026936736819303e-06,8.023803300154374e-06,8.020673598304144e-06,8.017547624302414e-06,8.014425367305601e-06,8.011306822282438e-06,8.008191982587458e-06,8.005080840696342e-06,8.00197338965942e-06,7.99886962217825e-06,7.995769532147372e-06,7.992673111426435e-06,7.989580353220304e-06,7.986491250849401e-06,7.983405797282819e-06,7.980323985447643e-06,7.97724580839551e-06,7.974171259195895e-06,7.971100330936134e-06,7.96803301666429e-06,7.964969309616203e-06,7.961909202690656e-06,7.95885268941513e-06,7.955799762592273e-06,7.952750415597516e-06,7.949704641779832e-06,7.946662434093334e-06,7.94362378606415e-06,7.940588690812228e-06,7.93755714161552e-06,7.934529131763904e-06,7.931504654584185e-06,7.928483703404454e-06,7.92546627156501e-06,7.922452352428528e-06,7.919441939370451e-06,7.916435025802389e-06,7.913431604994678e-06,7.910431670654724e-06,7.907435216084099e-06,7.904442234762308e-06,7.90145272016342e-06,7.89846666562645e-06,7.895484064877947e-06,7.89250491150004e-06,7.889529198931926e-06,7.886556920813164e-06,7.883588070427729e-06,7.880622641327791e-06,7.877660627834817e-06,7.87470202306385e-06,7.871746820744352e-06,7.868795014458493e-06,7.865846599141475e-06,7.862901566106611e-06,7.859959910230998e-06,7.857021625118615e-06,7.854086704742256e-06,7.851155142747771e-06,7.848226932712935e-06,7.845302068574505e-06,7.84238054478665e-06,7.839462354091203e-06,7.83654749077885e-06,7.833635948683956e-06,7.830727721667838e-06,7.827822803709616e-06,7.8249211886077e-06,7.822022870274912e-06,7.819127842634974e-06,7.81623609962613e-06,7.813347635202095e-06,7.810462443332147e-06,7.8075805179995e-06,7.804701853203168e-06,7.801826442956573e-06,7.798954281288144e-06,7.796085362241011e-06,7.793219679873398e-06,7.790357228258101e-06,7.787498001481946e-06,7.784641993647475e-06,7.781789198870824e-06,7.778939611282544e-06,7.776093225029377e-06,7.773250034270826e-06,7.77041003318078e-06,7.767573215948606e-06,7.76473957677678e-06,7.761909109883035e-06,7.75908180949856e-06,7.756257669869203e-06,7.753436685255903e-06,7.750618849847139e-06,7.747804158015755e-06,7.744992604062657e-06,7.742184182304326e-06,7.73937888713155e-06,7.736576712827557e-06,7.73377765374035e-06,7.730981704121378e-06,7.72818885849411e-06,7.725399111249158e-06,7.722612456809064e-06,7.719828889589363e-06,7.717048404032726e-06,7.71427099459454e-06,7.7114966557482e-06,7.70872538196471e-06,7.705957167744026e-06,7.703192007586948e-06,7.70042989602167e-06,7.697670827572898e-06,7.69491479679768e-06,7.692161798253267e-06,7.689411826511851e-06,7.686664876160933e-06,7.6839209417978e-06,7.681180018034684e-06,7.678442099502335e-06,7.675707180837518e-06,7.672975256691186e-06,7.67024632173285e-06,7.667520370632146e-06,7.664797398084411e-06,7.66207739879627e-06,7.659360367479104e-06,7.656646298857811e-06,7.653935187683569e-06,7.65122702870563e-06,7.648521816687452e-06,7.645819546414902e-06,7.643120212767032e-06,7.640423810453369e-06,7.63773033296071e-06,7.6350397777766e-06,7.632352138189246e-06,7.629667409510412e-06,7.626985586332586e-06,7.624306664051974e-06,7.621630636805057e-06,7.61895749965035e-06,7.616287247550686e-06,7.613619875514837e-06,7.610955378482271e-06,7.608293751404171e-06,7.60563498924629e-06,7.602979086982439e-06,7.600326039604024e-06,7.597675842106155e-06,7.595028489499784e-06,7.592383976812131e-06,7.589742299074048e-06,7.587103451340255e-06,7.584467428660012e-06,7.581834226109791e-06,7.579203838775398e-06,7.576576261738132e-06,7.573951490113688e-06,7.571329519014928e-06,7.568710343573409e-06,7.566093958923709e-06,7.563480360219699e-06,7.560869542624901e-06,7.558261501317721e-06,7.5556562314792e-06,7.553053728665244e-06,7.550453988066067e-06,7.547857003788833e-06,7.5452627718438135e-06,7.542671287381876e-06,7.540082546013306e-06,7.537496542613048e-06,7.5349132726886474e-06,7.532332731403063e-06,7.529754914060136e-06,7.527179815838573e-06,7.5246074322740175e-06,7.522037758517126e-06,7.519470790205324e-06,7.516906522313359e-06,7.514344950374229e-06,7.511786070067809e-06,7.509229876365538e-06,7.506676364622925e-06,7.504125530402488e-06,7.501577369108488e-06,7.499031876173095e-06,7.4964890468989285e-06,7.493948876909696e-06,7.491411361794505e-06,7.488876497145447e-06,7.4863442793318015e-06,7.483814702564867e-06,7.48128776134332e-06,7.478763452442867e-06,7.476241771221391e-06,7.47372271359737e-06,7.471206273516987e-06,7.468692448652907e-06,7.466181233555053e-06,7.463672623833979e-06,7.461166615143652e-06,7.458663202865992e-06,7.456162382967663e-06,7.453664150785435e-06,7.451168502440383e-06,7.4486754329878735e-06,7.44618493812243e-06,7.44369701372095e-06,7.441211655464878e-06,7.43872885899828e-06,7.436248619907396e-06,7.43377093399186e-06,7.4312957969035935e-06,7.428823204359651e-06,7.426353151886835e-06,7.4238856356540245e-06,7.421420651189787e-06,7.418958194211224e-06,7.4164982604967985e-06,7.414040845828946e-06,7.411585945994297e-06,7.409133556785794e-06,7.4066836743608534e-06,7.4042362941762175e-06,7.4017914120600536e-06,7.39934902385404e-06,7.396909125386514e-06,7.394471712519424e-06,7.392036781097065e-06,7.389604326999704e-06,7.387174345715577e-06,7.384746833513138e-06,7.382321786396285e-06,7.379899200036613e-06,7.377479070438339e-06,7.3750613935599345e-06,7.3726461653468075e-06,7.370233381718196e-06,7.367823038643646e-06,7.365415132027499e-06,7.363009657947183e-06,7.360606612327038e-06,7.358205991396727e-06,7.355807790619885e-06,7.353412006334564e-06,7.35101863448538e-06,7.348627671291734e-06,7.346239112494671e-06,7.343852954250799e-06,7.341469192801291e-06,7.339087823924629e-06,7.336708841602254e-06,7.334332246043965e-06,7.331958031980739e-06,7.329586194465128e-06,7.3272167301784404e-06,7.324849635003536e-06,7.32248490504153e-06,7.320122536778081e-06,7.317762526099197e-06,7.31540486934287e-06,7.313049562077664e-06,7.310696601109754e-06,7.30834598245545e-06,7.30599770208481e-06,7.303651756264129e-06,7.30130814121952e-06,7.298966853373581e-06,7.296627888896857e-06,7.294291243808015e-06,7.29195691427394e-06,7.289624896825362e-06,7.287295188132768e-06,7.28496778331939e-06,7.2826426792230465e-06,7.280319872161472e-06,7.277999358335476e-06,7.2756811343214185e-06,7.273365195919056e-06,7.271051539769737e-06,7.26874016187543e-06,7.266431059360237e-06,7.264124227592948e-06,7.261819663042544e-06,7.259517362303019e-06,7.257217321531191e-06,7.254919537823401e-06,7.2526240070269375e-06,7.250330725399885e-06,7.248039689644591e-06,7.24575089573761e-06,7.2434643403754186e-06,7.241180020005397e-06,7.238897931040584e-06,7.236618069682494e-06,7.234340432484539e-06,7.23206501563297e-06,7.2297918160506676e-06,7.227520829998176e-06,7.2252520540090285e-06,7.222985484470466e-06,7.220721117890379e-06,7.218458950672258e-06,7.2161989794144145e-06,7.213941200583685e-06,7.211685610766467e-06,7.209432206318939e-06,7.207180983864104e-06,7.204931939935348e-06,7.202685071036239e-06,7.200440373758005e-06,7.198197844700316e-06,7.195957480381794e-06,7.193719277374749e-06,7.191483232258736e-06,7.189249341526839e-06,7.187017601753005e-06,7.184788009969301e-06,7.182560562254547e-06,7.180335255770396e-06,7.178112086874595e-06,7.175891051785253e-06,7.173672147519027e-06,7.171455370690599e-06,7.169240717956356e-06,7.167028185899061e-06,7.164817771352342e-06,7.1626094708056745e-06,7.160403281156056e-06,7.1581991989156835e-06,7.155997220770887e-06,7.153797343548614e-06,7.1515995642113355e-06,7.149403878863808e-06,7.147210284531692e-06,7.1450187779264084e-06,7.1428293558071744e-06,7.140642015543065e-06,7.138456752396778e-06,7.136273564213285e-06,7.13409244753311e-06,7.131913399129097e-06,7.129736415780994e-06,7.127561494275419e-06,7.125388631405855e-06,7.123217823972612e-06,7.121049068782829e-06,7.118882362650445e-06,7.116717702396186e-06,7.114555084847541e-06,7.112394506838751e-06,7.11023596521078e-06,7.108079456811311e-06,7.105924978494712e-06,7.103772527122049e-06,7.101622099736971e-06,7.099473692249354e-06,7.097327303322686e-06,7.095182928169289e-06,7.093040563378915e-06,7.090900208151289e-06,7.0887618580749244e-06,7.086625510210024e-06,7.084491161132149e-06,7.082358808114675e-06,7.080228447809759e-06,7.078100077323415e-06,7.0759736935730905e-06,7.073849293496137e-06,7.071726874085693e-06,7.0696064323983576e-06,7.067487965150088e-06,7.065371469193671e-06,7.063256942478371e-06,7.061144380889227e-06,7.059033781836002e-06,7.056925142319757e-06,7.054818459348709e-06,7.052713729942321e-06,7.050610951183189e-06,7.048510120444435e-06,7.046411233440506e-06,7.04431428879519e-06,7.042219282804805e-06,7.040126212632054e-06,7.0380350753044555e-06,7.035945867733438e-06,7.033858587175373e-06,7.031773230741123e-06,7.029689795449889e-06,7.027608278019383e-06,7.0255286764710335e-06,7.02345098767771e-06,7.021375207925192e-06,7.019301335029238e-06,7.017229365928731e-06,7.015159297971024e-06,7.013091126501026e-06,7.011024851372716e-06,7.00896046872638e-06,7.006897975540118e-06,7.004837368838522e-06,7.00277864588536e-06,7.000721802411543e-06,6.998666837053725e-06,6.996613748690061e-06,6.994562531971056e-06,6.992513185945842e-06,6.9904657064973576e-06,6.988420090880813e-06,6.986376336879507e-06,6.984334439908463e-06,6.982294400211292e-06,6.980256212062972e-06,6.978219874851661e-06,6.9761853852573126e-06,6.9741527405898485e-06,6.972121937835194e-06,6.970092974244534e-06,6.968065847071519e-06,6.966040553742106e-06,6.964017091404143e-06,6.961995457290582e-06,6.959975648559183e-06,6.9579576623229864e-06,6.955941496416708e-06,6.953927147436081e-06,6.951914613592819e-06,6.949903891731736e-06,6.947894979248292e-06,6.945887873705315e-06,6.943882572690047e-06,6.941879072428531e-06,6.93987737096331e-06,6.9378774643805114e-06,6.935879351275573e-06,6.933883029420166e-06,6.931888495702114e-06,6.929895746514883e-06,6.927904779494313e-06,6.925915592873639e-06,6.923928184925898e-06,6.921942551054735e-06,6.919958690315538e-06,6.917976599286747e-06,6.9159962753326464e-06,6.914017715924638e-06,6.912040918391723e-06,6.9100658802858084e-06,6.908092598831117e-06,6.906121071924829e-06,6.904151295992587e-06,6.902183267899162e-06,6.900216987504507e-06,6.898252451311192e-06,6.896289656570048e-06,6.894328598569229e-06,6.892369279017022e-06,6.890411693224341e-06,6.888455839948792e-06,6.886501714143462e-06,6.884549313434623e-06,6.882598636959765e-06,6.880649682302158e-06,6.878702444636763e-06,6.876756923687679e-06,6.87481311761278e-06,6.872871022468558e-06,6.870930636196277e-06,6.8689919563561365e-06,6.867054980104338e-06,6.865119707511905e-06,6.863186133757208e-06,6.861254254261651e-06,6.8593240687417385e-06,6.857395574523178e-06,6.855468768746782e-06,6.853543649353324e-06,6.851620215225582e-06,6.8496984628388535e-06,6.847778388424045e-06,6.845859991192309e-06,6.843943270615655e-06,6.842028220872839e-06,6.840114842259494e-06,6.838203130778397e-06,6.836293083221804e-06,6.834384698130396e-06,6.832477973230409e-06,6.830572906115019e-06,6.828669494278602e-06,6.826767735795064e-06,6.824867627617864e-06,6.822969167813654e-06,6.8210723538820745e-06,6.819177183342244e-06,6.81728365419218e-06,6.815391763930353e-06,6.813501510299081e-06,6.811612890882776e-06,6.809725903343799e-06,6.807840545370847e-06,6.805956814524802e-06,6.80407470860099e-06,6.802194225371766e-06,6.800315362354334e-06,6.79843811733742e-06,6.7965624883218214e-06,6.79468847261787e-06,6.792816068160782e-06,6.7909452724470525e-06,6.789076083006638e-06,6.7872084968574145e-06,6.785342513699298e-06,6.783478130439346e-06,6.781615344754847e-06,6.779754152743873e-06,6.777894555079328e-06,6.7760365480444405e-06,6.774180129736363e-06,6.7723252975888295e-06,6.7704720487071125e-06,6.768620382431529e-06,6.7667702944874465e-06,6.764921785149286e-06,6.763074850971104e-06,6.761229488288671e-06,6.759385696258994e-06,6.7575434740531835e-06,6.755702820506318e-06,6.753863728718248e-06,6.752026198809792e-06,6.750190228613899e-06,6.74835581846194e-06,6.746522963865124e-06,6.744691659703157e-06,6.7428619063702025e-06,6.741033701627542e-06,6.7392070437470475e-06,6.73738192971779e-06,6.735558358847854e-06,6.733736328221037e-06,6.7319158354177006e-06,6.730096878538051e-06,6.7282794554522e-06,6.726463564013009e-06,6.72464920209826e-06,6.7228363675785935e-06,6.7210250583237146e-06,6.719215272228337e-06,6.7174070071960025e-06,6.715600261089526e-06,6.7137950318036075e-06,6.711991317234428e-06,6.710189115545826e-06,6.7083884243078824e-06,6.706589241455677e-06,6.704791564900953e-06,6.702995392673138e-06,6.701200722439011e-06,6.699407552373625e-06,6.697615880605048e-06,6.6958257048765575e-06,6.694037022520664e-06,6.692249832310595e-06,6.690464131992652e-06,6.688679919194644e-06,6.686897192391673e-06,6.685115949326601e-06,6.683336187468763e-06,6.681557905607568e-06,6.6797811011797835e-06,6.678005772580415e-06,6.676231916103427e-06,6.674459532382368e-06,6.6726886179864116e-06,6.6709191705916955e-06,6.669151189033538e-06,6.667384671301157e-06,6.665619614718503e-06,6.663856017738882e-06,6.66209387831343e-06,6.660333194578084e-06,6.658573964613345e-06,6.656816185716103e-06,6.655059856272615e-06,6.653304974402894e-06,6.6515515381679846e-06,6.649799545564074e-06,6.648048994640786e-06,6.6462998832237445e-06,6.6445522097459e-06,6.642805972079229e-06,6.641061168264012e-06,6.639317798374769e-06,6.637575856880358e-06,6.63583534291407e-06,6.6340962553152955e-06,6.632358591757902e-06,6.6306223504258175e-06,6.628887529640891e-06,6.6271541270428455e-06,6.625422140932464e-06,6.623691569319456e-06,6.621962410238914e-06,6.620234662142847e-06,6.618508322982109e-06,6.616783390667864e-06,6.6150598635655065e-06,6.613337739560111e-06,6.611617016805946e-06,6.609897693594459e-06,6.608179767318772e-06,6.606463237158133e-06,6.604748101002955e-06,6.603034356515009e-06,6.601322001001257e-06,6.599611034813798e-06,6.597901454374161e-06,6.5961932589775204e-06,6.594486446367983e-06,6.592781013610035e-06,6.591076961413917e-06,6.589374285567069e-06,6.587672984908182e-06,6.585973056627713e-06,6.584274500835152e-06,6.582577314743579e-06,6.580881496810016e-06,6.579187044867821e-06,6.5774939570446345e-06,6.575802231904065e-06,6.574111866864293e-06,6.572422860864154e-06,6.570735212403027e-06,6.569048918867062e-06,6.567363978935417e-06,6.565680390803819e-06,6.5639981525421174e-06,6.562317262046276e-06,6.560637719610436e-06,6.558959519991425e-06,6.557282663112423e-06,6.555607147360768e-06,6.55393297083397e-06,6.552260131716258e-06,6.550588628242756e-06,6.548918460025613e-06,6.5472496225631e-06,6.545582115331481e-06,6.543915936861855e-06,6.542251085399384e-06,6.540587558749098e-06,6.538925355419595e-06,6.53726447378011e-06,6.535604912040523e-06,6.533946668356718e-06,6.532289741210124e-06,6.5306341287687086e-06,6.528979829340167e-06,6.527326840585056e-06,6.525675161015438e-06,6.524024790183724e-06,6.522375725494126e-06,6.520727965308415e-06,6.519081507712745e-06,6.517436351097144e-06,6.515792495220203e-06,6.514149935576545e-06,6.5125086718378356e-06,6.510868702253875e-06,6.509230025180134e-06,6.507592638851676e-06,6.505956541767817e-06,6.504321732171097e-06,6.5026882083163296e-06,6.501055968585287e-06,6.499425011325782e-06,6.497795334840235e-06,6.496166937469393e-06,6.494539817430526e-06,6.492913973271176e-06,6.491289403617215e-06,6.489666106087988e-06,6.488044079771222e-06,6.486423322619518e-06,6.484803832809183e-06,6.483185609184211e-06,6.481568649434686e-06,6.479952952909995e-06,6.4783385174086495e-06,6.47672534133421e-06,6.475113423049618e-06,6.4735027612077654e-06,6.471893353614511e-06,6.470285198952484e-06,6.468678295700071e-06,6.467072642153396e-06,6.465468236710548e-06,6.463865077774151e-06,6.462263163649619e-06,6.4606624927220945e-06,6.459063063497546e-06,6.457464874372587e-06,6.455867923872217e-06,6.454272210466519e-06,6.452677732404845e-06,6.451084487963816e-06,6.4494924758110905e-06,6.447901694182339e-06,6.446312141617742e-06,6.444723816487422e-06,6.443136717289148e-06,6.441550842424591e-06,6.439966190464436e-06,6.438382759237695e-06,6.4368005490667895e-06,6.435219555971105e-06,6.433639779370819e-06,6.432061217701751e-06,6.430483869561174e-06,6.428907733359635e-06,6.427332807757377e-06,6.425759090496932e-06,6.424186580745037e-06,6.422615277709769e-06,6.4210451779580145e-06,6.419476280742056e-06,6.41790858496229e-06,6.416342088813288e-06,6.41477679077211e-06,6.413212691151062e-06,6.411649784526991e-06,6.410088072160164e-06,6.4085275516303e-06,6.4069682216919036e-06,6.405410080869685e-06,6.4038531276258715e-06,6.4022973604821e-06,6.400742777771001e-06,6.3991893783246845e-06,6.3976371601060744e-06,6.3960861223546645e-06,6.394536263251966e-06,6.392987581015148e-06,6.391440074209113e-06,6.389893742206981e-06,6.388348582853355e-06,6.386804595051131e-06,6.385261777040215e-06,6.383720126878983e-06,6.38217964368088e-06,6.380640325706868e-06,6.379102171986429e-06,6.377565180996318e-06,6.376029350679544e-06,6.374494679929437e-06,6.3729611673297635e-06,6.371428809693945e-06,6.369897608954663e-06,6.368367562014209e-06,6.366838667502059e-06,6.365310923903848e-06,6.3637843300607234e-06,6.362258883893713e-06,6.360734584421778e-06,6.35921143035479e-06,6.3576894197649385e-06,6.356168551498329e-06,6.3546488241675806e-06,6.35313023610621e-06,6.3516127863843114e-06,6.350096473390815e-06,6.348581295797335e-06,6.347067252020155e-06,6.345554340710744e-06,6.3440425604667244e-06,6.3425319098883346e-06,6.341022387510854e-06,6.339513992129684e-06,6.338006722173174e-06,6.3365005763259355e-06,6.334995553270898e-06,6.333491651293692e-06,6.3319888694883e-06,6.33048720614515e-06,6.328986659961618e-06,6.32748722924463e-06,6.325988913219147e-06,6.324491710311022e-06,6.322995618343197e-06,6.3215006376468766e-06,6.320006765720504e-06,6.318514001364869e-06,6.317022343245645e-06,6.315531789526973e-06,6.3140423399125175e-06,6.3125539922446e-06,6.3110667453666005e-06,6.309580598178312e-06,6.3080955490515585e-06,6.306611596688482e-06,6.305128739763913e-06,6.303646976865559e-06,6.302166306828392e-06,6.300686728182217e-06,6.299208239589837e-06,6.2977308397762265e-06,6.296254527444485e-06,6.294779301143863e-06,6.293305159673838e-06,6.291832101747914e-06,6.29036012594901e-06,6.288889230931764e-06,6.287419415565132e-06,6.285950678321845e-06,6.284483017976779e-06,6.283016433222407e-06,6.2815509227527105e-06,6.28008648526551e-06,6.278623119459333e-06,6.277160824035473e-06,6.275699597706596e-06,6.2742394391612925e-06,6.272780347113255e-06,6.271322320305969e-06,6.269865357391853e-06,6.268409457131319e-06,6.26695461820311e-06,6.265500839401022e-06,6.2640481193836935e-06,6.26259645687806e-06,6.261145850580333e-06,6.259696299217824e-06,6.258247801449278e-06,6.256800356897992e-06,6.2553539631131766e-06,6.253908618946849e-06,6.252464323413902e-06,6.251021075254321e-06,6.249578872511927e-06,6.248137714720012e-06,6.2466976010510125e-06,6.24525852973506e-06,6.243820499523759e-06,6.242383509166186e-06,6.240947557421238e-06,6.239512643042914e-06,6.238078764870942e-06,6.236645921111673e-06,6.235214111631677e-06,6.233783334786016e-06,6.232353588898476e-06,6.2309248729469535e-06,6.229497185715211e-06,6.228070525962918e-06,6.22664489247495e-06,6.225220283740422e-06,6.223796698830048e-06,6.222374136593837e-06,6.2209525958271805e-06,6.219532075262121e-06,6.218112573641594e-06,6.216694089744154e-06,6.215276622386917e-06,6.2138601703927896e-06,6.212444732526273e-06,6.211030307486435e-06,6.209616893941983e-06,6.208204490917354e-06,6.206793097220838e-06,6.20538271166401e-06,6.2039733330445615e-06,6.2025649601715255e-06,6.201157591854943e-06,6.199751226909154e-06,6.1983458641570415e-06,6.1969415024055965e-06,6.1955381404749925e-06,6.194135777189038e-06,6.192734411365233e-06,6.1913340418320824e-06,6.189934667419225e-06,6.188536286943683e-06,6.1871388992446995e-06,6.1857425031469395e-06,6.184347097487833e-06,6.182952681106979e-06,6.18155925283836e-06,6.1801668115250636e-06,6.178775356007982e-06,6.177384885121737e-06,6.175995397718394e-06,6.17460689264727e-06,6.173219368760197e-06,6.171832824901906e-06,6.170447259925247e-06,6.1690626726877095e-06,6.167679062050874e-06,6.1662964268621035e-06,6.164914765987361e-06,6.163534078293085e-06,6.162154362634428e-06,6.1607756178810705e-06,6.159397842892679e-06,6.15802103655043e-06,6.156645197721019e-06,6.155270325281218e-06,6.15389641810454e-06,6.1525234750594106e-06,6.151151495036038e-06,6.149780476905568e-06,6.148410419560558e-06,6.147041321869865e-06,6.14567318273736e-06,6.144306001027448e-06,6.1429397756492474e-06,6.14157450548975e-06,6.140210189444936e-06,6.138846826385438e-06,6.137484415252132e-06,6.136122954904757e-06,6.134762444250833e-06,6.133402882208265e-06,6.1320442676650255e-06,6.130686599526427e-06,6.129329877198455e-06,6.1279740986142635e-06,6.126619263655513e-06,6.12526537074965e-06,6.123912418809676e-06,6.122560406752867e-06,6.121209334119686e-06,6.119859198581692e-06,6.118509999473879e-06,6.117161735962087e-06,6.115814406922767e-06,6.114468011492153e-06,6.1131225484452785e-06,6.111778016647927e-06,6.110434414795341e-06,6.109091742221851e-06,6.107749997933816e-06,6.106409179932375e-06,6.105069288297469e-06,6.103730321567982e-06,6.102392278663499e-06,6.101055158740931e-06,6.099718960319297e-06,6.098383683724742e-06,6.09704932559849e-06,6.095715887176513e-06,6.0943833651132646e-06,6.09305175953898e-06,6.091721069431901e-06,6.090391293625058e-06,6.089062431073366e-06,6.087734481012078e-06,6.086407442171743e-06,6.085081313553952e-06,6.083756094120457e-06,6.082431782838519e-06,6.081108378705545e-06,6.079785880662926e-06,6.078464287682011e-06,6.077143598735266e-06,6.075823812780362e-06,6.074504928688578e-06,6.073186945746152e-06,6.071869862683452e-06,6.07055367878451e-06,6.069238392555463e-06,6.067924003274654e-06,6.066610509646744e-06,6.065297911148268e-06,6.063986206504401e-06,6.062675394592547e-06,6.061365474518992e-06,6.06005644507905e-06,6.0587483055426765e-06,6.057441055071875e-06,6.05613469215771e-06,6.054829216705348e-06,6.053524626571959e-06,6.0522209212601046e-06,6.050918099735035e-06,6.049616161075891e-06,6.048315104270981e-06,6.047014928425721e-06,6.045715632348554e-06,6.0444172151484e-06,6.043119675841511e-06,6.041823013418907e-06,6.0405272269239235e-06,6.039232313773795e-06,6.037938275367703e-06,6.0366451108712355e-06,6.035352818374703e-06,6.0340613964809204e-06,6.032770845014848e-06,6.031481162638838e-06,6.030192348433201e-06,6.028904401474263e-06,6.02761732060438e-06,6.026331104887923e-06,6.025045753517449e-06,6.023761265433706e-06,6.022477639675425e-06,6.021194875282775e-06,6.019912971296763e-06,6.018631926759324e-06,6.017351740716275e-06,6.016072412212237e-06,6.014793940295617e-06,6.013516324014241e-06,6.0122395624184656e-06,6.010963654559927e-06,6.009688599492435e-06,6.0084143962702874e-06,6.007141043950017e-06,6.005868541588231e-06,6.004596888244805e-06,6.003326082979056e-06,6.002056124853421e-06,6.0007870129315026e-06,5.999518746277123e-06,5.998251323957526e-06,5.996984745038844e-06,5.995719008592201e-06,5.9944541136861245e-06,5.993190059394027e-06,5.9919268447886086e-06,5.990664468944982e-06,5.989402930939253e-06,5.9881422298477395e-06,5.9868823647512185e-06,5.985623334728944e-06,5.98436513886422e-06,5.983107776239279e-06,5.981851245938628e-06,5.980595547048606e-06,5.979340678655971e-06,5.978086639850595e-06,5.976833429722164e-06,5.975581047361345e-06,5.9743294918630995e-06,5.973078762320251e-06,5.971828857829801e-06,5.970579777487932e-06,5.969331520394071e-06,5.9680840856468505e-06,5.966837472349199e-06,5.9655916796014e-06,5.964346706508842e-06,5.963102552176188e-06,5.961859215711855e-06,5.960616696222064e-06,5.959374992817421e-06,5.958134104607649e-06,5.9568940307061775e-06,5.955654770225958e-06,5.954416322279967e-06,5.953178685986539e-06,5.95194186046226e-06,5.950705844826825e-06,5.949470638199693e-06,5.948236239703001e-06,5.947002648458785e-06,5.945769863591674e-06,5.9445378842269364e-06,5.943306709491237e-06,5.942076338512451e-06,5.94084677042091e-06,5.939618004346183e-06,5.938390039376803e-06,5.937162874735055e-06,5.9359365094539414e-06,5.9347109427262225e-06,5.933486173702104e-06,5.932262201507324e-06,5.931039025281432e-06,5.929816644167107e-06,5.928595057304728e-06,5.9273742638390206e-06,5.9261542629154635e-06,5.9249350536796734e-06,5.923716635279765e-06,5.922499006839775e-06,5.921282167557936e-06,5.920066116562424e-06,5.918850853005244e-06,5.917636376040712e-06,5.916422684823785e-06,5.9152097785008e-06,5.913997656239611e-06,5.912786317199803e-06,5.9115757605268854e-06,5.9103659852366686e-06,5.909156990900546e-06,5.90794877644377e-06,5.906741341015664e-06,5.905534683832495e-06,5.904328803917776e-06,5.903123700633616e-06,5.90191937315242e-06,5.90071582048017e-06,5.899513041992202e-06,5.898311036632409e-06,5.897109803761911e-06,5.895909342451082e-06,5.894709651819126e-06,5.893510730800944e-06,5.892312579031845e-06,5.8911151956540555e-06,5.889918579659413e-06,5.888722730325442e-06,5.887527646839223e-06,5.886333328395666e-06,5.88513977416722e-06,5.883946983348776e-06,5.882754955142884e-06,5.881563688770128e-06,5.8803731834343774e-06,5.879183438182281e-06,5.877994452308544e-06,5.876806224961056e-06,5.8756187554152965e-06,5.87443204283461e-06,5.873246086401817e-06,5.872060885275829e-06,5.870876438797551e-06,5.8696927459897895e-06,5.868509806191141e-06,5.8673276185001126e-06,5.866146182233904e-06,5.864965496548309e-06,5.863785560656656e-06,5.862606373749458e-06,5.861427935075705e-06,5.860250243828309e-06,5.859073299221309e-06,5.857897100467426e-06,5.856721646747715e-06,5.855546937351057e-06,5.854372971457901e-06,5.853199748304261e-06,5.852027267076814e-06,5.850855527014927e-06,5.8496845273395674e-06,5.848514267274991e-06,5.847344746043873e-06,5.846175962873574e-06,5.845007916991399e-06,5.84384060762441e-06,5.842674033987125e-06,5.841508195340278e-06,5.840343090900069e-06,5.839178719899282e-06,5.838015081550909e-06,5.836852175092394e-06,5.835689999796395e-06,5.834528554880996e-06,5.833367839560902e-06,5.832207853100744e-06,5.831048594624522e-06,5.829890063620764e-06,5.828732259180878e-06,5.827575180709079e-06,5.826418827191071e-06,5.825263197990113e-06,5.824108292354296e-06,5.82295410953252e-06,5.821800648761275e-06,5.820647909298404e-06,5.8194958903971535e-06,5.8183445913098425e-06,5.817194011289921e-06,5.8160441495924714e-06,5.814895005472449e-06,5.8137465781920835e-06,5.812598867003925e-06,5.811451871166536e-06,5.810305589936438e-06,5.809160022581734e-06,5.808015168360519e-06,5.806871026533667e-06,5.805727596366051e-06,5.804584877128988e-06,5.803442868081345e-06,5.80230156849352e-06,5.801160977367898e-06,5.800021094505956e-06,5.798881919128262e-06,5.797743449820138e-06,5.796605686452421e-06,5.795468628198892e-06,5.794332274321754e-06,5.793196624739044e-06,5.79206167768789e-06,5.790927432532979e-06,5.789793888631169e-06,5.78866104554923e-06,5.787528902529304e-06,5.786397459234486e-06,5.7852667143274855e-06,5.784136667298784e-06,5.7830073176684205e-06,5.781878664157635e-06,5.780750706477848e-06,5.779623443728468e-06,5.778496875387117e-06,5.777371000645574e-06,5.776245818798078e-06,5.775121329137388e-06,5.7739975309561675e-06,5.772874423538588e-06,5.771752006194043e-06,5.770630278223463e-06,5.769509238903032e-06,5.768388887551875e-06,5.767269223429669e-06,5.766150245895533e-06,5.765031954217097e-06,5.76391434766798e-06,5.762797425617984e-06,5.761681187339079e-06,5.76056563212869e-06,5.7594507593049855e-06,5.758336568169815e-06,5.757223058009367e-06,5.75611022817184e-06,5.754998077942984e-06,5.753886606642501e-06,5.752775813570898e-06,5.751665698050539e-06,5.750556259396526e-06,5.749447496926818e-06,5.74833940995246e-06,5.7472319977839e-06,5.746125259751942e-06,5.745019195157495e-06,5.74391380333982e-06,5.7428090836054375e-06,5.741705035283947e-06,5.740601657693811e-06,5.739498950155359e-06,5.738396912577908e-06,5.737295543126506e-06,5.736194841705599e-06,5.735094807728108e-06,5.733995440351351e-06,5.732896739052859e-06,5.73179870305222e-06,5.730701332201077e-06,5.7296046254419965e-06,5.728508581467084e-06,5.727413200217785e-06,5.726318481496646e-06,5.725224423537201e-06,5.7241310263548006e-06,5.7230382891113615e-06,5.721946212041407e-06,5.720854792853181e-06,5.719764031702265e-06,5.718673927930507e-06,5.71758448087951e-06,5.716495689893299e-06,5.715407554314584e-06,5.714320073489398e-06,5.713233246763191e-06,5.712147073482218e-06,5.711061552994006e-06,5.709976684647918e-06,5.708892467792904e-06,5.7078089017794175e-06,5.706725986704732e-06,5.70564372042717e-06,5.7045621030488855e-06,5.703481133921355e-06,5.702400812401413e-06,5.701321137843754e-06,5.700242109605028e-06,5.6991637270427445e-06,5.698085989515545e-06,5.6970088963829325e-06,5.695932447004368e-06,5.694856640741846e-06,5.693781476956567e-06,5.692706955011517e-06,5.691633074271035e-06,5.69055983409935e-06,5.689487233862475e-06,5.6884152729253e-06,5.68734395065655e-06,5.686273266423739e-06,5.6852032195954965e-06,5.684133809560345e-06,5.683065035652092e-06,5.6819968972323615e-06,5.680929393721206e-06,5.679862524050493e-06,5.678796288449028e-06,5.677730685859091e-06,5.676665715656502e-06,5.675601377219366e-06,5.674537669923686e-06,5.673474593147975e-06,5.672412146272387e-06,5.671350328613388e-06,5.670289139678774e-06,5.669228578725417e-06,5.668168645196423e-06,5.6671093385434395e-06,5.666050658017725e-06,5.664992603073277e-06,5.663935172936416e-06,5.662878366544452e-06,5.6618221847030904e-06,5.660766625990341e-06,5.659711689815045e-06,5.658657375546517e-06,5.65760368260666e-06,5.656550610325047e-06,5.655498158132872e-06,5.654446325412548e-06,5.6533951115665495e-06,5.652344516064232e-06,5.651294538169206e-06,5.650245177298496e-06,5.649196432894873e-06,5.648148304360558e-06,5.647100791081047e-06,5.646053892458206e-06,5.6450076079980245e-06,5.643961936893236e-06,5.642916878659416e-06,5.641872432631441e-06,5.640828598277521e-06,5.639785374232884e-06,5.638742761406962e-06,5.637700758550644e-06,5.636659364928528e-06,5.635618580137346e-06,5.634578403381538e-06,5.633538833974842e-06,5.632499871745187e-06,5.631461515788804e-06,5.630423765561193e-06,5.629386620508312e-06,5.628350080035669e-06,5.627314143558697e-06,5.626278810493865e-06,5.625244080221972e-06,5.624209952196758e-06,5.623176425837947e-06,5.622143500560205e-06,5.621111175847687e-06,5.6200794509971555e-06,5.619048325489738e-06,5.618017798808842e-06,5.616987870256086e-06,5.615958539313622e-06,5.614929805405969e-06,5.6139016680188205e-06,5.612874126518075e-06,5.611847180329067e-06,5.610820828878842e-06,5.609795071595854e-06,5.6087699079086705e-06,5.607745337246271e-06,5.606721359039728e-06,5.605697972719017e-06,5.604675177716542e-06,5.603652973404216e-06,5.60263135927584e-06,5.6016103347656054e-06,5.600589899307394e-06,5.599570052337832e-06,5.598550793292229e-06,5.597532121668933e-06,5.596514036784591e-06,5.595496538137552e-06,5.5944796252237874e-06,5.593463297371839e-06,5.592447554675214e-06,5.591432395543482e-06,5.590417819775036e-06,5.589403826818275e-06,5.588390416241332e-06,5.587377587441528e-06,5.58636533985545e-06,5.585353672938803e-06,5.584342586112259e-06,5.5833320788516045e-06,5.582322150586909e-06,5.581312800743526e-06,5.580304029063929e-06,5.579295834458627e-06,5.5782882162697165e-06,5.577281174838184e-06,5.576274708605579e-06,5.575268817980208e-06,5.5742635020112665e-06,5.573258760115891e-06,5.572254591749192e-06,5.571250996366998e-06,5.570247973424295e-06,5.5692455223497625e-06,5.568243642659029e-06,5.567242333636669e-06,5.566241595046833e-06,5.5652414261908075e-06,5.564241826536269e-06,5.563242795890512e-06,5.562244333191363e-06,5.561246437904068e-06,5.560249109707973e-06,5.559252347976897e-06,5.558256151579067e-06,5.557260521296956e-06,5.5562654558886725e-06,5.555270954889298e-06,5.554277017752941e-06,5.553283643944193e-06,5.552290832900064e-06,5.55129858411372e-06,5.550306897083691e-06,5.549315771215737e-06,5.548325206115763e-06,5.547335201047651e-06,5.54634575563987e-06,5.545356869319015e-06,5.54436854156813e-06,5.543380771863086e-06,5.5423935596739025e-06,5.541406904537016e-06,5.540420805864892e-06,5.539435262825988e-06,5.538450275511185e-06,5.537465843137067e-06,5.536481965135455e-06,5.535498640594902e-06,5.534515869807206e-06,5.533533651231598e-06,5.5325519856103025e-06,5.53157087181795e-06,5.5305903093490135e-06,5.529610297626844e-06,5.528630836170803e-06,5.5276519244705905e-06,5.52667356203944e-06,5.525695748371643e-06,5.524718482805284e-06,5.523741764508464e-06,5.522765593920405e-06,5.521789970080624e-06,5.5208148919548455e-06,5.519840359865002e-06,5.518866373005085e-06,5.517892930747262e-06,5.516920032626832e-06,5.515947678159059e-06,5.514975866846832e-06,5.514004598183804e-06,5.51303387163691e-06,5.512063686709659e-06,5.511094043032793e-06,5.51012493988047e-06,5.50915637682887e-06,5.508188353411465e-06,5.507220869027503e-06,5.506253923359991e-06,5.505287515814274e-06,5.504321645937512e-06,5.503356313258576e-06,5.502391517147617e-06,5.501427257531129e-06,5.500463533202626e-06,5.49950034400932e-06,5.498537689528539e-06,5.497575569162385e-06,5.4966139825307256e-06,5.495652928950422e-06,5.494692408781572e-06,5.493732420168092e-06,5.492772963281139e-06,5.491814037882598e-06,5.490855642925619e-06,5.489897778322013e-06,5.488940443395385e-06,5.487983637722724e-06,5.4870273609004175e-06,5.486071612311182e-06,5.485116391564363e-06,5.484161698168184e-06,5.483207531592954e-06,5.482253891354721e-06,5.481300777028933e-06,5.480348188103682e-06,5.479396123979361e-06,5.478444584394711e-06,5.477493568765277e-06,5.4765430766202305e-06,5.475593107463283e-06,5.474643660842597e-06,5.473694736289048e-06,5.47274633328089e-06,5.471798451420641e-06,5.47085109011888e-06,5.4699042489185396e-06,5.468957927427192e-06,5.468012125105112e-06,5.467066841473895e-06,5.466122076231702e-06,5.465177828774534e-06,5.464234098505337e-06,5.463290885071207e-06,5.462348187942733e-06,5.461406006762066e-06,5.460464340998768e-06,5.459523190648103e-06,5.458582553957161e-06,5.457642431677417e-06,5.456702823114529e-06,5.4557637274782515e-06,5.454825145088665e-06,5.4538870751193065e-06,5.452949515935792e-06,5.45201246797215e-06,5.451075930861231e-06,5.450139903948178e-06,5.449204386893754e-06,5.448269379678188e-06,5.447334880930761e-06,5.446400890627212e-06,5.445467408321679e-06,5.444534433537261e-06,5.443601965837016e-06,5.442670004749461e-06,5.441738549819984e-06,5.440807600662957e-06,5.439877156805329e-06,5.4389472175873794e-06,5.438017782833959e-06,5.437088851923281e-06,5.436160424889229e-06,5.435232500695741e-06,5.434305078016147e-06,5.433378158122864e-06,5.432451738195523e-06,5.431525821098992e-06,5.4306004047141076e-06,5.429675488611518e-06,5.428751072359896e-06,5.4278271554601204e-06,5.42690373748008e-06,5.4259808177751186e-06,5.425058396287045e-06,5.424136472296887e-06,5.423215045548342e-06,5.422294115387609e-06,5.421373681760821e-06,5.420453743754638e-06,5.41953430125996e-06,5.4186153545661065e-06,5.417696901364566e-06,5.41677894217246e-06,5.415861476432451e-06,5.414944503946385e-06,5.4140280241732176e-06,5.413112036666923e-06,5.412196540990195e-06,5.411281536701208e-06,5.410367023566011e-06,5.409453000501955e-06,5.408539467734808e-06,5.407626424639267e-06,5.406713871305685e-06,5.4058018057288656e-06,5.404890228891846e-06,5.403979139929828e-06,5.403068538569309e-06,5.402158424182312e-06,5.401248797028511e-06,5.400339655372947e-06,5.3994309992677325e-06,5.398522828550863e-06,5.3976151428338504e-06,5.396707941195577e-06,5.395801223909199e-06,5.394894990466385e-06,5.393989239969358e-06,5.393083972202264e-06,5.39217918631741e-06,5.39127488270761e-06,5.390371060572635e-06,5.389467719524901e-06,5.388564859223991e-06,5.387662478992678e-06,5.386760578432797e-06,5.385859157146582e-06,5.384958214743018e-06,5.384057750804391e-06,5.383157764963222e-06,5.382258257061854e-06,5.381359226257978e-06,5.380460671832395e-06,5.3795625939625855e-06,5.37866499207142e-06,5.377767865264091e-06,5.376871213954175e-06,5.375975037386502e-06,5.375079335099456e-06,5.374184106762387e-06,5.373289351819212e-06,5.372395069904375e-06,5.371501260567797e-06,5.370607924463102e-06,5.369715059223088e-06,5.368822665395753e-06,5.367930742526079e-06,5.367039290040719e-06,5.366148307642598e-06,5.365257795012034e-06,5.364367751685974e-06,5.363478177274275e-06,5.3625890713600356e-06,5.361700433497431e-06,5.360812263270891e-06,5.359924560337134e-06,5.359037324252319e-06,5.358150554677807e-06,5.357264250975288e-06,5.356378413059958e-06,5.355493040550431e-06,5.354608132502596e-06,5.353723688936043e-06,5.352839709522718e-06,5.351956193634132e-06,5.351073141072356e-06,5.350190551706123e-06,5.349308424152865e-06,5.348426758596983e-06,5.347545554582661e-06,5.346664811753607e-06,5.345784529725912e-06,5.3449047080243e-06,5.344025346063139e-06,5.343146443958378e-06,5.342268001066143e-06,5.3413900166777056e-06,5.3405124907745195e-06,5.339635423044757e-06,5.3387588129033425e-06,5.3378826599255724e-06,5.337006963742826e-06,5.336131723958284e-06,5.33525694018361e-06,5.334382612014544e-06,5.333508739341246e-06,5.332635321502703e-06,5.331762357678792e-06,5.330889847878734e-06,5.330017791683568e-06,5.3291461888174814e-06,5.328275039117137e-06,5.327404341795149e-06,5.326534096656794e-06,5.3256643044731575e-06,5.32479496222114e-06,5.323926071972544e-06,5.323057631235487e-06,5.322189640469299e-06,5.32132209945095e-06,5.3204550066152455e-06,5.319588363914272e-06,5.318722169799726e-06,5.317856423885005e-06,5.316991125785862e-06,5.3161262751162124e-06,5.315261871491684e-06,5.314397914534753e-06,5.313534403865231e-06,5.312671339773177e-06,5.311808720518059e-06,5.310946546544507e-06,5.3100848171271825e-06,5.309223532134046e-06,5.3083626910703064e-06,5.307502293630514e-06,5.306642339471487e-06,5.305782828104242e-06,5.304923759204874e-06,5.304065132395568e-06,5.303206947297434e-06,5.302349203533191e-06,5.301491900725216e-06,5.300635038496761e-06,5.299778616940561e-06,5.298922634743398e-06,5.2980670918466665e-06,5.297211988301994e-06,5.2963573239256115e-06,5.295503097741925e-06,5.294649309141037e-06,5.293795958559593e-06,5.292943045247945e-06,5.292090568296243e-06,5.291238527759237e-06,5.290386923355863e-06,5.289535755105664e-06,5.288685021738317e-06,5.287834723889702e-06,5.286984860068242e-06,5.286135430490593e-06,5.285286434788393e-06,5.284437872593182e-06,5.2835897435370065e-06,5.282742047252758e-06,5.281894783250497e-06,5.281047951268908e-06,5.280201550834312e-06,5.279355581930242e-06,5.278510042803386e-06,5.277664935472507e-06,5.2768202583039955e-06,5.275976011034337e-06,5.275132193249462e-06,5.2742888046291186e-06,5.273445844728489e-06,5.272603311982238e-06,5.2717612085558645e-06,5.27091953259797e-06,5.270078284111297e-06,5.269237462602508e-06,5.268397067692223e-06,5.2675570990345374e-06,5.266717555623305e-06,5.2658784382418e-06,5.265039746234032e-06,5.264201478991536e-06,5.26336363582127e-06,5.262526216909186e-06,5.261689221830689e-06,5.260852650010188e-06,5.26001650127294e-06,5.2591807753193244e-06,5.258345471490009e-06,5.257510589491959e-06,5.25667612962581e-06,5.25584209056856e-06,5.255008472373893e-06,5.254175274577792e-06,5.253342497096248e-06,5.2525101395517e-06,5.251678201337299e-06,5.2508466823720375e-06,5.25001558206681e-06,5.249184900308316e-06,5.24835463660662e-06,5.247524790698515e-06,5.246695362862904e-06,5.245866350745237e-06,5.245037755909994e-06,5.244209577480994e-06,5.2433818153022335e-06,5.242554468516634e-06,5.241727537762029e-06,5.240901021124851e-06,5.240074919509106e-06,5.239249230490546e-06,5.238423956237524e-06,5.23759909590518e-06,5.236774649241785e-06,5.235950615001898e-06,5.235126993128501e-06,5.23430378359389e-06,5.233480985986403e-06,5.232658599950707e-06,5.231836624887729e-06,5.231015060646667e-06,5.230193906805111e-06,5.229373163124504e-06,5.228552829290195e-06,5.22773290550726e-06,5.226913390137922e-06,5.2260942840379935e-06,5.225275586362876e-06,5.22445729637956e-06,5.223639414156239e-06,5.222821939361248e-06,5.222004871894517e-06,5.2211882109997745e-06,5.220371956169548e-06,5.219556108479651e-06,5.2187406657017364e-06,5.217925628692452e-06,5.217110996337776e-06,5.216296768755302e-06,5.215482945191187e-06,5.2146695260168695e-06,5.213856510798891e-06,5.213043898819599e-06,5.2122316900125355e-06,5.211419884181603e-06,5.21060848049826e-06,5.209797478651849e-06,5.208986878708935e-06,5.208176680371389e-06,5.207366883074628e-06,5.206557487113753e-06,5.2057484912700085e-06,5.20493989539918e-06,5.204131699213416e-06,5.20332390217424e-06,5.2025165048378455e-06,5.201709506064694e-06,5.200902905703245e-06,5.200096703426961e-06,5.1992908988721485e-06,5.198485491507095e-06,5.197680481663309e-06,5.196875867849404e-06,5.1960716512663096e-06,5.195267831046437e-06,5.1944644055321e-06,5.1936613766376545e-06,5.192858742638818e-06,5.19205650369467e-06,5.191254659122793e-06,5.190453208781389e-06,5.189652152314234e-06,5.188851489431125e-06,5.188051219948849e-06,5.187251343275548e-06,5.186451859170394e-06,5.1856527675596944e-06,5.184854067809038e-06,5.18405575965677e-06,5.183257842914138e-06,5.182460317313524e-06,5.1816631830042435e-06,5.180866438398535e-06,5.180070084109167e-06,5.179274119314011e-06,5.1784785439722475e-06,5.177683357928446e-06,5.1768885605141375e-06,5.176094151878328e-06,5.1753001316926756e-06,5.174506499174354e-06,5.173713253822512e-06,5.1729203955696e-06,5.172127924349301e-06,5.1713358397276615e-06,5.170544141397644e-06,5.16975282891254e-06,5.168961902205863e-06,5.1681713607332716e-06,5.1673812044029106e-06,5.166591433318099e-06,5.165802046130537e-06,5.165013043012333e-06,5.1642244237289996e-06,5.163436187995021e-06,5.162648335293322e-06,5.16186086557257e-06,5.16107377836467e-06,5.160287073384227e-06,5.1595007513574904e-06,5.158714809972801e-06,5.157929249905684e-06,5.1571440710343205e-06,5.156359272657949e-06,5.155574854718275e-06,5.154790816925426e-06,5.1540071588612e-06,5.153223878751305e-06,5.152440979362714e-06,5.151658458824376e-06,5.15087631687965e-06,5.150094552961423e-06,5.149313167204523e-06,5.148532159157201e-06,5.147751528334915e-06,5.1469712746845345e-06,5.1461913977055285e-06,5.1454118972436035e-06,5.144632772859247e-06,5.1438540245627095e-06,5.1430756516651545e-06,5.142297653911468e-06,5.1415200311058784e-06,5.140742782929824e-06,5.1399659090680555e-06,5.139189407981997e-06,5.1384132819046354e-06,5.137637529215728e-06,5.136862149710786e-06,5.136087142856652e-06,5.13531250839887e-06,5.134538246431526e-06,5.133764356412952e-06,5.132990838044011e-06,5.132217691097889e-06,5.131444915249557e-06,5.130672510139008e-06,5.1299004756537865e-06,5.1291288108915605e-06,5.1283575160235775e-06,5.127586590971777e-06,5.126816035340991e-06,5.126045848393949e-06,5.125276030477234e-06,5.124506580730888e-06,5.1237374991263955e-06,5.122968785420848e-06,5.1222004393897845e-06,5.1214324603281704e-06,5.120664848640809e-06,5.119897603293837e-06,5.11913072451496e-06,5.118364211610234e-06,5.117598064529872e-06,5.116832282942686e-06,5.1160668661785434e-06,5.115301814307598e-06,5.114537127083042e-06,5.113772804535752e-06,5.1130088462882115e-06,5.112245251297687e-06,5.111482019161312e-06,5.110719151272181e-06,5.1099566458757655e-06,5.109194503285276e-06,5.108432723047772e-06,5.107671305057813e-06,5.106910248426286e-06,5.106149553436265e-06,5.1053892188450415e-06,5.104629245879468e-06,5.103869633446056e-06,5.103110381287811e-06,5.1023514892160435e-06,5.10159295670562e-06,5.100834783860516e-06,5.1000769702038e-06,5.09931951545271e-06,5.0985624193248235e-06,5.097805681537875e-06,5.097049301809957e-06,5.096293279859531e-06,5.095537615451993e-06,5.094782308213181e-06,5.094027357955829e-06,5.09327276430602e-06,5.092518527030612e-06,5.091764645849666e-06,5.091011120483937e-06,5.090257950701194e-06,5.089505136176474e-06,5.0887526765703295e-06,5.08800057172444e-06,5.087248821240302e-06,5.086497424751674e-06,5.08574638234188e-06,5.084995693310773e-06,5.084245357754749e-06,5.083495375134294e-06,5.082745745069339e-06,5.08199646768685e-06,5.081247542257217e-06,5.080498969866046e-06,5.079750748260945e-06,5.079002878318908e-06,5.078255359205071e-06,5.077508191270253e-06,5.0767613737117785e-06,5.07601490703409e-06,5.07526878978406e-06,5.074523022279101e-06,5.073777604246746e-06,5.0730325354148305e-06,5.072287815511487e-06,5.0715434442651375e-06,5.070799421404508e-06,5.070055746658611e-06,5.0693124197567555e-06,5.068569440428548e-06,5.067826808403891e-06,5.06708452341297e-06,5.0663425851862785e-06,5.065600993454588e-06,5.064859747948976e-06,5.0641188484007975e-06,5.063378294541714e-06,5.062638086103664e-06,5.061898222818888e-06,5.061158704419904e-06,5.060419530639536e-06,5.059680701210882e-06,5.058942215867345e-06,5.058204074342602e-06,5.057466276370626e-06,5.056728821685672e-06,5.055991710022287e-06,5.055254941115307e-06,5.054518514699855e-06,5.053782430511331e-06,5.053046688285426e-06,5.052311287713352e-06,5.05157622862093e-06,5.050841510699912e-06,5.050107133642385e-06,5.049373097230014e-06,5.048639401200831e-06,5.047906045292246e-06,5.04717302924196e-06,5.046440352788413e-06,5.045708015670209e-06,5.044976017626127e-06,5.044244358394859e-06,5.043513037716252e-06,5.042782055329711e-06,5.042051410975362e-06,5.041321104393441e-06,5.040591135324423e-06,5.039861503509254e-06,5.039132208688651e-06,5.038403250603876e-06,5.0376746289967485e-06,5.036946343609069e-06,5.036218394182678e-06,5.0354907804607016e-06,5.034763502185373e-06,5.034036559424738e-06,5.033309951596183e-06,5.032583678443925e-06,5.031857739711342e-06,5.03113213481937e-06,5.030406864159152e-06,5.029681927152819e-06,5.028957323544282e-06,5.028233053079323e-06,5.027509115502993e-06,5.026785510561032e-06,5.0260622379997015e-06,5.025339297565119e-06,5.024616689004755e-06,5.023894412064241e-06,5.023172466489948e-06,5.022450852029801e-06,5.0217295684322505e-06,5.021008615445087e-06,5.020287992815341e-06,5.019567700292743e-06,5.018847737625096e-06,5.0181281045614056e-06,5.017408800851229e-06,5.016689826243418e-06,5.015971180489537e-06,5.015252863337858e-06,5.014534874539127e-06,5.013817213843611e-06,5.01309988100296e-06,5.01238287576745e-06,5.0116661978885536e-06,5.010949847118319e-06,5.010233823208152e-06,5.009518125910592e-06,5.008802754977635e-06,5.00808771016279e-06,5.007372991217662e-06,5.006658597896302e-06,5.005944529951295e-06,5.0052307871375056e-06,5.004517369208798e-06,5.003804275918998e-06,5.003091507022633e-06,5.002379062274834e-06,5.0016669414295e-06,5.000955144243286e-06,5.000243670470751e-06,4.999532519868476e-06,4.9988216921919985e-06,4.998111187197829e-06,4.997401004642341e-06,4.996691144282235e-06,4.9959816058745075e-06,4.995272389176976e-06,4.994563493947155e-06,4.993854919942786e-06,4.99314666692133e-06,4.992438734642495e-06,4.991731122863487e-06,4.991023831343683e-06,4.99031685984284e-06,4.9896102081199155e-06,4.9889038759342794e-06,4.988197863045902e-06,4.987492169214443e-06,4.986786794200909e-06,4.98608173776589e-06,4.985376999670404e-06,4.984672579674746e-06,4.983968477541478e-06,4.983264693031514e-06,4.982561225906468e-06,4.981858075928787e-06,4.981155242860892e-06,4.980452726465758e-06,4.979750526505562e-06,4.979048642744105e-06,4.97834707494469e-06,4.977645822870397e-06,4.976944886285338e-06,4.976244264953431e-06,4.97554395863971e-06,4.974843967108515e-06,4.974144290123959e-06,4.973444927452241e-06,4.972745878858491e-06,4.972047144107986e-06,4.971348722966273e-06,4.9706506151999e-06,4.969952820575111e-06,4.969255338858514e-06,4.968558169816838e-06,4.967861313217112e-06,4.96716476882672e-06,4.966468536413517e-06,4.965772615744015e-06,4.965077006586983e-06,4.964381708711349e-06,4.963686721884739e-06,4.962992045876055e-06,4.9622976804545644e-06,4.9616036253900925e-06,4.9609098804508516e-06,4.960216445407456e-06,4.959523320029294e-06,4.9588305040874515e-06,4.958137997351505e-06,4.9574457995921565e-06,4.95675391058001e-06,4.956062330087272e-06,4.9553710578844154e-06,4.954680093743527e-06,4.953989437435745e-06,4.953299088733302e-06,4.95260904740962e-06,4.951919313236957e-06,4.951229885987683e-06,4.950540765434028e-06,4.949851951349729e-06,4.949163443508206e-06,4.948475241683991e-06,4.947787345650694e-06,4.947099755182472e-06,4.946412470054318e-06,4.945725490039591e-06,4.945038814914072e-06,4.944352444452685e-06,4.943666378431089e-06,4.94298061662451e-06,4.942295158808166e-06,4.941610004759444e-06,4.940925154254067e-06,4.940240607068891e-06,4.939556362980304e-06,4.938872421764617e-06,4.938188783199434e-06,4.93750544706293e-06,4.936822413132894e-06,4.936139681186039e-06,4.9354572510009805e-06,4.934775122356341e-06,4.934093295029861e-06,4.933411768801147e-06,4.9327305434485045e-06,4.93204961875154e-06,4.93136899449e-06,4.930688670443514e-06,4.930008646391792e-06,4.929328922114661e-06,4.928649497393817e-06,4.92797037200911e-06,4.9272915457414185e-06,4.926613018371562e-06,4.925934789681594e-06,4.9252568594526286e-06,4.92457922746514e-06,4.923901893502947e-06,4.923224857347185e-06,4.9225481187811195e-06,4.921871677585441e-06,4.921195533544902e-06,4.920519686442441e-06,4.9198441360603866e-06,4.919168882182402e-06,4.918493924593462e-06,4.917819263076672e-06,4.917144897414759e-06,4.9164708273946475e-06,4.915797052799789e-06,4.915123573414566e-06,4.914450389024781e-06,4.913777499415487e-06,4.913104904372045e-06,4.9124326036801196e-06,4.9117605971253255e-06,4.911088884494992e-06,4.910417465574419e-06,4.909746340150341e-06,4.909075508010232e-06,4.908404968940938e-06,4.907734722729023e-06,4.907064769161839e-06,4.906395108028441e-06,4.9057257391152945e-06,4.90505666220989e-06,4.904387877101737e-06,4.903719383579647e-06,4.903051181431932e-06,4.902383270446857e-06,4.901715650414477e-06,4.901048321123804e-06,4.900381282365061e-06,4.899714533927116e-06,4.899048075599898e-06,4.898381907000673e-06,4.897716028293327e-06,4.897050438818073e-06,4.896385138613728e-06,4.895720127700384e-06,4.895055405409207e-06,4.8943909717722675e-06,4.89372682646059e-06,4.893062969401898e-06,4.892399400703747e-06,4.89173611955822e-06,4.8910731259754206e-06,4.890410419855072e-06,4.8897480009224684e-06,4.889085868972435e-06,4.888424023823263e-06,4.887762465292888e-06,4.887101193057815e-06,4.886440207013567e-06,4.885779506968387e-06,4.885119092673358e-06,4.884458963923133e-06,4.883799120512662e-06,4.883139562236954e-06,4.8824802888912e-06,4.881821300270891e-06,4.881162596171649e-06,4.880504176389425e-06,4.879846040720004e-06,4.8791881889599235e-06,4.878530620905637e-06,4.877873336353784e-06,4.877216335101296e-06,4.8765596169451855e-06,4.875903181682684e-06,4.875247029111339e-06,4.874591159028892e-06,4.873935571233233e-06,4.8732802655224875e-06,4.872625241694858e-06,4.871970499548847e-06,4.871316038883211e-06,4.8706618594968835e-06,4.870007961189005e-06,4.869354343758788e-06,4.868701007005749e-06,4.868047950729461e-06,4.867395174730265e-06,4.86674267880785e-06,4.8660904627627805e-06,4.865438526395499e-06,4.864786869506589e-06,4.864135491897162e-06,4.863484393367942e-06,4.862833573720509e-06,4.862183032756399e-06,4.8615327702772305e-06,4.860882786084911e-06,4.860233079981395e-06,4.859583651769228e-06,4.858934501250745e-06,4.8582856282286605e-06,4.857637032505804e-06,4.856988713885163e-06,4.856340672170371e-06,4.855692907164464e-06,4.8550454186713595e-06,4.8543982064948e-06,4.85375127043891e-06,4.853104610307843e-06,4.852458225906012e-06,4.851812116936607e-06,4.85116628312384e-06,4.85052072466606e-06,4.849875441350831e-06,4.84923043269887e-06,4.848585698644563e-06,4.847941238943147e-06,4.847297053198398e-06,4.846653141556763e-06,4.84600950379976e-06,4.8453661394660345e-06,4.844723048712426e-06,4.844080230318783e-06,4.843437685767128e-06,4.842795414026333e-06,4.842153414925759e-06,4.841511688251784e-06,4.840870233641362e-06,4.840229051216912e-06,4.839588140687257e-06,4.838947501835633e-06,4.838307134124754e-06,4.837667037972165e-06,4.83702721132781e-06,4.83638765609614e-06,4.835748371935342e-06,4.835109359083386e-06,4.834470616510244e-06,4.833832144061609e-06,4.8331939416241274e-06,4.832556009057394e-06,4.831918345911389e-06,4.831280951851017e-06,4.830643827264967e-06,4.830006971683434e-06,4.829370384977294e-06,4.828734066840079e-06,4.828098017165742e-06,4.827462235718634e-06,4.826826722397127e-06,4.826191476888559e-06,4.825556499082436e-06,4.824921788780069e-06,4.824287345833208e-06,4.823653169191304e-06,4.823019260249121e-06,4.8223856171832425e-06,4.821752241559706e-06,4.821119132316211e-06,4.8204862891453944e-06,4.819853712566639e-06,4.8192214001503645e-06,4.818589354445148e-06,4.817957574371613e-06,4.817326058299358e-06,4.816694807096953e-06,4.816063822240349e-06,4.81543310139561e-06,4.8148026466689135e-06,4.81417245453446e-06,4.813542527395363e-06,4.812912864216508e-06,4.812283464822232e-06,4.8116543290669095e-06,4.811025455924341e-06,4.8103968476830624e-06,4.809768502225285e-06,4.809140418213235e-06,4.808512597942798e-06,4.80788503994203e-06,4.807257744268868e-06,4.806630710830593e-06,4.8060039393708075e-06,4.805377429759537e-06,4.804751180423547e-06,4.804125193666004e-06,4.803499467863442e-06,4.802874003463857e-06,4.802248799883113e-06,4.801623856952265e-06,4.800999174556913e-06,4.800374752478118e-06,4.799750590560305e-06,4.79912668848014e-06,4.798503046331495e-06,4.797879663935269e-06,4.79725654085815e-06,4.7966336769852346e-06,4.796011071438641e-06,4.795388725587273e-06,4.794766638406873e-06,4.794144809751214e-06,4.793523239474694e-06,4.792901927356093e-06,4.792280873249738e-06,4.791660076247471e-06,4.791039537459511e-06,4.790419256277366e-06,4.789799232476242e-06,4.789179465696242e-06,4.78855995585168e-06,4.787940702804687e-06,4.7873217061891175e-06,4.786702966383949e-06,4.786084482549213e-06,4.785466255050977e-06,4.7848482829930385e-06,4.7842305667494336e-06,4.783613106098661e-06,4.7829959007609445e-06,4.78237895060061e-06,4.781762255519003e-06,4.7811458151594825e-06,4.7805296294297464e-06,4.7799136982291835e-06,4.779298021458927e-06,4.778682598606443e-06,4.778067429742116e-06,4.777452514676254e-06,4.77683785315886e-06,4.776223445563444e-06,4.775609290038888e-06,4.774995388524368e-06,4.7743817397027675e-06,4.773768343479017e-06,4.773155200619257e-06,4.772542309380801e-06,4.771929670432662e-06,4.771317282041975e-06,4.7707051470174676e-06,4.770093263683233e-06,4.769481631738419e-06,4.76887025114686e-06,4.76825912232944e-06,4.767648244072434e-06,4.7670376166898104e-06,4.766427238317743e-06,4.76581711206294e-06,4.765207236143009e-06,4.7645976110555865e-06,4.763988233695809e-06,4.763379106230334e-06,4.762770229991764e-06,4.762161603194432e-06,4.7615532255110145e-06,4.760945097116698e-06,4.760337217698757e-06,4.759729587191807e-06,4.759122205218608e-06,4.758515070998166e-06,4.75790818445482e-06,4.757301547406722e-06,4.756695158598188e-06,4.756089017231439e-06,4.755483122782312e-06,4.754877476457529e-06,4.754272077413455e-06,4.753666925442447e-06,4.753062020456235e-06,4.752457362247704e-06,4.751852950699231e-06,4.751248784922643e-06,4.750644864609201e-06,4.750041191766502e-06,4.749437764942109e-06,4.748834583894374e-06,4.7482316484793225e-06,4.747628957662851e-06,4.7470265121207006e-06,4.746424312517931e-06,4.74582235720643e-06,4.745220647354131e-06,4.744619182145491e-06,4.744017961335969e-06,4.743416984812076e-06,4.742816252408174e-06,4.742215763960134e-06,4.741615519303011e-06,4.741015518303975e-06,4.7404157607569094e-06,4.7398162465372745e-06,4.739216974647027e-06,4.738617946480911e-06,4.738019161566881e-06,4.737420618886195e-06,4.736822317913738e-06,4.7362242600255296e-06,4.7356264442791615e-06,4.73502886972044e-06,4.734431537794966e-06,4.733834447511292e-06,4.733237598729668e-06,4.73264099128847e-06,4.73204462502518e-06,4.7314484994850255e-06,4.730852614968992e-06,4.730256971269359e-06,4.729661567331418e-06,4.729066403091979e-06,4.728471480502404e-06,4.727876797960067e-06,4.727282354599282e-06,4.72668815163078e-06,4.726094188017652e-06,4.725500463940602e-06,4.724906979210036e-06,4.724313733578312e-06,4.723720726589388e-06,4.723127957205917e-06,4.7225354278674794e-06,4.72194313562588e-06,4.721351082386129e-06,4.720759267904705e-06,4.720167691134408e-06,4.719576351342039e-06,4.718985250042651e-06,4.718394386476821e-06,4.717803759397032e-06,4.717213370096486e-06,4.716623217290081e-06,4.716033302103061e-06,4.715443623615205e-06,4.714854181422327e-06,4.71426497586026e-06,4.713676006524399e-06,4.713087273346346e-06,4.712498775991206e-06,4.711910514390525e-06,4.71132248838772e-06,4.710734697202271e-06,4.710147141854024e-06,4.709559821681403e-06,4.708972736380917e-06,4.708385885026897e-06,4.7077992693243415e-06,4.707212888083368e-06,4.7066267412321915e-06,4.706040828572904e-06,4.705455148793155e-06,4.70486970398124e-06,4.7042844929666925e-06,4.703699514467334e-06,4.70311476886568e-06,4.702530258100504e-06,4.701945980441955e-06,4.70136193486542e-06,4.700778122021807e-06,4.700194542706171e-06,4.699611195960242e-06,4.699028081522686e-06,4.6984451992674286e-06,4.697862549026544e-06,4.697280130675236e-06,4.6966979440456615e-06,4.696115987725502e-06,4.695534264116956e-06,4.694952770834164e-06,4.694371509562837e-06,4.693790479249047e-06,4.69320967855466e-06,4.692629108449361e-06,4.692048770093986e-06,4.6914686620878245e-06,4.6908887842778686e-06,4.6903091363393255e-06,4.689729716902809e-06,4.689150528772705e-06,4.688571570232576e-06,4.687992841068876e-06,4.687414341255729e-06,4.686836070579718e-06,4.6862580287218975e-06,4.6856802158678e-06,4.685102631698772e-06,4.684525275209501e-06,4.683948147959914e-06,4.6833712489445965e-06,4.682794577956636e-06,4.68221813397481e-06,4.681641918705401e-06,4.681065930456121e-06,4.680490170315823e-06,4.679914637420889e-06,4.679339331719301e-06,4.678764252125022e-06,4.678189400428524e-06,4.677614775477611e-06,4.677040376256646e-06,4.676466204349157e-06,4.675892258103504e-06,4.67531853788741e-06,4.674745044590253e-06,4.6741717769133744e-06,4.673598734899205e-06,4.673025918531599e-06,4.672453327561897e-06,4.67188096089322e-06,4.671308820313438e-06,4.670736904699935e-06,4.6701652137677055e-06,4.669593746093353e-06,4.66902250397715e-06,4.668451486771673e-06,4.667880693792627e-06,4.667310124904151e-06,4.666739779934282e-06,4.66616965868426e-06,4.665599761085978e-06,4.665030087089497e-06,4.664460635951885e-06,4.66389140853413e-06,4.663322404152639e-06,4.662753622681077e-06,4.6621850638698145e-06,4.6616167278271715e-06,4.6610486143633935e-06,4.66048072310137e-06,4.659913054077486e-06,4.659345607141691e-06,4.6587783820795e-06,4.6582113787230495e-06,4.657644596842003e-06,4.657078036582398e-06,4.6565116976830006e-06,4.65594558002328e-06,4.655379682453343e-06,4.65481400673812e-06,4.654248551706364e-06,4.653683317306788e-06,4.653118302422708e-06,4.652553508809476e-06,4.651988935363631e-06,4.651424582059455e-06,4.65086044850553e-06,4.650296534947231e-06,4.649732840658149e-06,4.649169365147797e-06,4.648606109931761e-06,4.648043073280741e-06,4.6474802562535385e-06,4.646917658258653e-06,4.64635527896011e-06,4.64579311829812e-06,4.645231176112728e-06,4.644669452227201e-06,4.644107946509055e-06,4.643546658829079e-06,4.6429855891719515e-06,4.642424737251668e-06,4.6418641029988035e-06,4.641303686202868e-06,4.640743485632338e-06,4.640183503458651e-06,4.63962373836591e-06,4.6390641902268525e-06,4.638504858827912e-06,4.637945744377726e-06,4.637386845459408e-06,4.636828163668184e-06,4.636269698136927e-06,4.635711448694408e-06,4.635153415216335e-06,4.634595597444609e-06,4.6340379946871025e-06,4.6334806082799145e-06,4.632923437347998e-06,4.6323664815575685e-06,4.6318097409839885e-06,4.631253215327824e-06,4.630696903942794e-06,4.630140807854618e-06,4.629584926429516e-06,4.6290292592956175e-06,4.628473806412279e-06,4.6279185678852285e-06,4.627363543353304e-06,4.626808731478417e-06,4.626254133877717e-06,4.625699749875301e-06,4.625145580101576e-06,4.62459162316015e-06,4.624037880335202e-06,4.623484350547342e-06,4.622931033062438e-06,4.622377927967306e-06,4.6218250359039695e-06,4.621272356712131e-06,4.6207198900279136e-06,4.6201676354918626e-06,4.619615593393178e-06,4.619063762202116e-06,4.618512143494538e-06,4.6179607366456665e-06,4.617409541381675e-06,4.616858557434057e-06,4.616307784930019e-06,4.6157572234655965e-06,4.61520687214388e-06,4.614656732096011e-06,4.614106802736531e-06,4.6135570848773795e-06,4.613007576768482e-06,4.612458279702697e-06,4.611909192183129e-06,4.6113603155140335e-06,4.610811649159548e-06,4.610263192302795e-06,4.609714945790163e-06,4.609166908750742e-06,4.6086190811047325e-06,4.608071462224688e-06,4.607524052531074e-06,4.606976851954356e-06,4.606429860204821e-06,4.605883077716619e-06,4.6053365029246e-06,4.604790137254261e-06,4.604243979687388e-06,4.603698029697614e-06,4.603152288686328e-06,4.602606755604029e-06,4.6020614295837905e-06,4.601516311415745e-06,4.600971401453904e-06,4.60042669899316e-06,4.5998822037414695e-06,4.599337915815747e-06,4.598793834810208e-06,4.5982499608982296e-06,4.59770629477197e-06,4.5971628343202745e-06,4.596619580632871e-06,4.59607653313678e-06,4.5955336925244135e-06,4.594991057460119e-06,4.594448628590343e-06,4.593906405425644e-06,4.5933643890134825e-06,4.592822577255999e-06,4.592280971000986e-06,4.591739570121604e-06,4.591198374519366e-06,4.5906573839971204e-06,4.590116598492219e-06,4.589576017082229e-06,4.589035641147652e-06,4.588495468953337e-06,4.587955502070639e-06,4.587415739529341e-06,4.586876181196589e-06,4.586336826554211e-06,4.585797675492239e-06,4.5852587290332745e-06,4.584719986288578e-06,4.584181447159481e-06,4.583643111416063e-06,4.583104979052097e-06,4.582567049813588e-06,4.582029323657241e-06,4.581491800414408e-06,4.580954479977709e-06,4.580417362219542e-06,4.579880447013182e-06,4.579343734233021e-06,4.57880722294289e-06,4.578270914637253e-06,4.577734807558218e-06,4.577198903220418e-06,4.5766632006722385e-06,4.576127699714085e-06,4.57559240038053e-06,4.575057301709398e-06,4.574522405080204e-06,4.573987709506061e-06,4.573453215072534e-06,4.572918921556107e-06,4.572384828822362e-06,4.571850935966391e-06,4.57131724443648e-06,4.57078375331005e-06,4.570250462470352e-06,4.569717371806797e-06,4.569184481708107e-06,4.568651791012955e-06,4.568119300120482e-06,4.567587008675112e-06,4.567054916937987e-06,4.566523024683511e-06,4.565991331646569e-06,4.565459837845156e-06,4.564928543016595e-06,4.564397446286427e-06,4.56386654922852e-06,4.563335850790525e-06,4.56280535091017e-06,4.562275049437403e-06,4.561744946346945e-06,4.561215041347678e-06,4.560685334421558e-06,4.560155825416569e-06,4.5596265148527044e-06,4.559097401393965e-06,4.558568485507522e-06,4.558039767005794e-06,4.5575112459080795e-06,4.5569829220730535e-06,4.5564547952526275e-06,4.555926865282973e-06,4.555399132135798e-06,4.554871595785089e-06,4.554344255932437e-06,4.553817112543806e-06,4.553290165556935e-06,4.552763414724026e-06,4.552236860003755e-06,4.551710501261742e-06,4.551184338373514e-06,4.550658371226213e-06,4.550132599697679e-06,4.549607023654143e-06,4.5490816429848235e-06,4.548556457566022e-06,4.548031467512906e-06,4.547506672243534e-06,4.546982071861086e-06,4.546457666327557e-06,4.545933455461968e-06,4.545409439058506e-06,4.544885617041547e-06,4.5443619894272385e-06,4.543838555898897e-06,4.543315316400119e-06,4.5427922708317026e-06,4.542269419108882e-06,4.541746761073405e-06,4.541224296609391e-06,4.540702025572246e-06,4.540179947881518e-06,4.539658063436936e-06,4.539136372126914e-06,4.538614873732851e-06,4.538093568203364e-06,4.53757245542724e-06,4.5370515353153895e-06,4.5365308076642375e-06,4.536010272395144e-06,4.535489929503272e-06,4.534969778666955e-06,4.534449819866985e-06,4.533930052987823e-06,4.5334104779060215e-06,4.532891094567013e-06,4.532371902741745e-06,4.531852902344164e-06,4.531334093297568e-06,4.530815475451662e-06,4.5302970487673584e-06,4.529778813082336e-06,4.529260768232848e-06,4.528742914122958e-06,4.528225251294164e-06,4.527707778257672e-06,4.527190495625194e-06,4.526673403265052e-06,4.526156501120458e-06,4.525639789046392e-06,4.5251232668334664e-06,4.52460693454312e-06,4.524090791939905e-06,4.52357483882152e-06,4.523059075170213e-06,4.522543500866186e-06,4.52202811598781e-06,4.521512920046636e-06,4.520997913104699e-06,4.520483095054437e-06,4.519968465780944e-06,4.519454025178109e-06,4.518939773121631e-06,4.518425709382889e-06,4.517911834238045e-06,4.517398147118134e-06,4.516884648086811e-06,4.516371337092897e-06,4.5158582138979085e-06,4.515345278435816e-06,4.514832530625523e-06,4.51431997031097e-06,4.513807597422773e-06,4.51329541186341e-06,4.512783413421391e-06,4.51227160203586e-06,4.511759977622095e-06,4.511248540015486e-06,4.510737289192807e-06,4.510226224917829e-06,4.509715347144932e-06,4.5092046557421334e-06,4.508694150629872e-06,4.508183831651896e-06,4.507673698675861e-06,4.507163751686314e-06,4.506653990512215e-06,4.506144415052558e-06,4.505635025180889e-06,4.505125820771859e-06,4.504616801822681e-06,4.504107968049851e-06,4.503599319429372e-06,4.50309085583591e-06,4.502582577214901e-06,4.5020744833459405e-06,4.501566574168507e-06,4.5010588495804066e-06,4.500551309467729e-06,4.500043953992759e-06,4.4995367824328886e-06,4.499029795148949e-06,4.4985229918750726e-06,4.498016372483422e-06,4.497509936876557e-06,4.497003685064282e-06,4.496497616740634e-06,4.4959917319356245e-06,4.495486030458283e-06,4.4949805122352945e-06,4.494475177212827e-06,4.493970025232963e-06,4.4934650561130405e-06,4.492960269806779e-06,4.492455666205787e-06,4.491951245352571e-06,4.491447006838974e-06,4.490942950695678e-06,4.49043907699881e-06,4.489935385348984e-06,4.4894318756690504e-06,4.488928547945198e-06,4.48842540231428e-06,4.4879224381343e-06,4.4874196555575385e-06,4.486917054488453e-06,4.4864146348039735e-06,4.48591239644659e-06,4.485410339492771e-06,4.484908462958747e-06,4.484406767750402e-06,4.483905253814084e-06,4.483403920220615e-06,4.482902767238928e-06,4.4824017954171615e-06,4.481901003381839e-06,4.4814003917245615e-06,4.480899960270095e-06,4.480399708913255e-06,4.479899637524664e-06,4.479399745961753e-06,4.47890003421003e-06,4.47840050213482e-06,4.4779011496052065e-06,4.47740197647454e-06,4.476902982721294e-06,4.4764041686143106e-06,4.475905533216044e-06,4.475407076818284e-06,4.474908799335434e-06,4.474410700739552e-06,4.473912780760339e-06,4.473415039491221e-06,4.472917476597905e-06,4.472420092101217e-06,4.471922885889764e-06,4.471425857829673e-06,4.470929007810724e-06,4.470432335785258e-06,4.469935841599166e-06,4.4694395252143045e-06,4.468943386424709e-06,4.468447425206652e-06,4.467951642387425e-06,4.467456035876442e-06,4.4669606065841616e-06,4.466465354406475e-06,4.465970279231423e-06,4.465475380689541e-06,4.464980659296782e-06,4.464486115149949e-06,4.463991747685295e-06,4.463497555983226e-06,4.463003540681977e-06,4.462509701643539e-06,4.46201603877456e-06,4.461522551982232e-06,4.461029241189857e-06,4.460536106253653e-06,4.460043147010515e-06,4.459550363433483e-06,4.459057755010409e-06,4.458565322402083e-06,4.458073065134385e-06,4.4575809830980395e-06,4.457089076193281e-06,4.456597344321397e-06,4.456105787354611e-06,4.4556144052464694e-06,4.455123197834904e-06,4.454632165031592e-06,4.454141306840087e-06,4.453650622977645e-06,4.453160113399107e-06,4.452669777462981e-06,4.45217961619019e-06,4.451689628918549e-06,4.451199815532509e-06,4.450710176229499e-06,4.45022071032789e-06,4.449731418013271e-06,4.44924229877152e-06,4.448753353351568e-06,4.4482645811911546e-06,4.447775982152265e-06,4.447287556240158e-06,4.44679930330625e-06,4.446311223238678e-06,4.44582331594637e-06,4.4453355813425755e-06,4.444848019308421e-06,4.4443606297285275e-06,4.443873412561181e-06,4.443386367597088e-06,4.442899494881431e-06,4.4424127941607165e-06,4.441926265388298e-06,4.441439908480006e-06,4.440953723321918e-06,4.440467709822557e-06,4.439981867886878e-06,4.439496197330456e-06,4.439010698103335e-06,4.4385253701852e-06,4.438040213490077e-06,4.437555227891722e-06,4.437070413552775e-06,4.4365857697229294e-06,4.436101296594247e-06,4.435616994160912e-06,4.435132862288546e-06,4.434648900871843e-06,4.434165109906333e-06,4.433681489103801e-06,4.433198038460263e-06,4.4327147578694725e-06,4.432231647240105e-06,4.4317487064711635e-06,4.43126593546122e-06,4.430783333971783e-06,4.430300902176927e-06,4.429818639866986e-06,4.4293365469078875e-06,4.4288546232144996e-06,4.428372868625552e-06,4.427891283247455e-06,4.427409866758252e-06,4.42692861913466e-06,4.426447539974856e-06,4.42596663047773e-06,4.425485888894306e-06,4.425005315780259e-06,4.4245249110904995e-06,4.424044674629497e-06,4.423564606297024e-06,4.423084706078966e-06,4.422604973913626e-06,4.422125410504318e-06,4.421646014053111e-06,4.4211667852368976e-06,4.420687723934728e-06,4.420208829586516e-06,4.419730102892965e-06,4.419251543803861e-06,4.418773152155254e-06,4.418294927482547e-06,4.417816869826639e-06,4.417338978888764e-06,4.416861254897235e-06,4.416383697695951e-06,4.415906307135916e-06,4.415429083117604e-06,4.414952024495806e-06,4.414475133241427e-06,4.413998408311239e-06,4.413521849313343e-06,4.413045456428103e-06,4.41256922957638e-06,4.412093168499429e-06,4.4116172732660316e-06,4.411141543747034e-06,4.410665979672593e-06,4.410190581084516e-06,4.409715347867257e-06,4.409240280015917e-06,4.408765377390238e-06,4.408290639863105e-06,4.407816067288952e-06,4.407341659542322e-06,4.406867416689607e-06,4.406393338468195e-06,4.405919424907022e-06,4.405445675898009e-06,4.404972091314694e-06,4.404498671005493e-06,4.404025414996655e-06,4.403552323120511e-06,4.4030793953051895e-06,4.402606631367677e-06,4.402134031370837e-06,4.401661595829981e-06,4.401189323221409e-06,4.400717214238403e-06,4.400245268739328e-06,4.399773486713154e-06,4.399301867948197e-06,4.398830412369915e-06,4.398359119839663e-06,4.397887990081843e-06,4.397417024879243e-06,4.396946221053902e-06,4.396475580044952e-06,4.396005101747235e-06,4.395534785442054e-06,4.395064632043768e-06,4.394594640420484e-06,4.3941248116363906e-06,4.3936551450645035e-06,4.393185640762109e-06,4.392716298605127e-06,4.39224711741187e-06,4.3917780988846344e-06,4.391309241816754e-06,4.390840546283145e-06,4.390372012307965e-06,4.38990363982989e-06,4.389435428766946e-06,4.388967378836103e-06,4.388499489986203e-06,4.388031762737466e-06,4.387564196538443e-06,4.387096790641751e-06,4.386629545589145e-06,4.386162462040624e-06,4.38569553821934e-06,4.385228774975498e-06,4.384762172146892e-06,4.384295729651469e-06,4.383829447452657e-06,4.383363325316829e-06,4.38289736327062e-06,4.382431561206997e-06,4.381965918996915e-06,4.38150043656966e-06,4.381035113753817e-06,4.3805699511306785e-06,4.380104947316936e-06,4.379640103108068e-06,4.379175418225818e-06,4.378710892612512e-06,4.378246526113454e-06,4.377782318591754e-06,4.3773182703356165e-06,4.376854380544373e-06,4.3763906496472005e-06,4.375927077511748e-06,4.375463663989492e-06,4.375000408932317e-06,4.374537312349891e-06,4.374074374131846e-06,4.373611594154845e-06,4.373148972304897e-06,4.372686508556095e-06,4.372224202745077e-06,4.371762054816363e-06,4.371300064686994e-06,4.370838232264502e-06,4.370376556936227e-06,4.369915039657908e-06,4.369453679885982e-06,4.368992477217267e-06,4.3685314320438715e-06,4.368070543979412e-06,4.36760981336451e-06,4.367149239414175e-06,4.366688822138627e-06,4.366228562349152e-06,4.3657684590874145e-06,4.3653085121891525e-06,4.3648487219086446e-06,4.3643890886797426e-06,4.36392961115359e-06,4.363470290004478e-06,4.363011125624685e-06,4.362552116506614e-06,4.362093263599981e-06,4.361634566622287e-06,4.361176025791297e-06,4.360717640402792e-06,4.3602594104986935e-06,4.359801336230456e-06,4.359343417394692e-06,4.358885654166678e-06,4.358428046218239e-06,4.3579705935360355e-06,4.357513295314793e-06,4.357056153217687e-06,4.356599165760104e-06,4.3561423331796945e-06,4.355685656153324e-06,4.355229133019847e-06,4.354772763908792e-06,4.354316550614733e-06,4.3538604910898065e-06,4.353404586914235e-06,4.352948835810599e-06,4.352493239544703e-06,4.352037796906011e-06,4.351582508287395e-06,4.351127374368702e-06,4.350672393498998e-06,4.350217567089979e-06,4.349762894121094e-06,4.349308374094812e-06,4.348854008545065e-06,4.348399795603534e-06,4.34794573634282e-06,4.3474918299436966e-06,4.3470380767256105e-06,4.346584477067667e-06,4.346131029943845e-06,4.345677735659802e-06,4.34522459447835e-06,4.344771605521112e-06,4.344318770330324e-06,4.3438660865736285e-06,4.3434135560119205e-06,4.342961177219801e-06,4.342508950734482e-06,4.342056876771837e-06,4.341604954672086e-06,4.341153184891522e-06,4.340701567206127e-06,4.340250101672825e-06,4.3397987874449365e-06,4.339347625336755e-06,4.338896614627475e-06,4.338445755288848e-06,4.337995047075288e-06,4.337544490534069e-06,4.337094085619629e-06,4.336643831260525e-06,4.336193728128444e-06,4.335743775327864e-06,4.335293974409601e-06,4.334844324031438e-06,4.334394824243766e-06,4.333945475272629e-06,4.333496277231865e-06,4.333047230054842e-06,4.3325983329589295e-06,4.3321495861359645e-06,4.3317009896511266e-06,4.331252543119996e-06,4.3308042471562555e-06,4.330356100742605e-06,4.32990810488281e-06,4.329460258253833e-06,4.329012561403186e-06,4.328565014189111e-06,4.328117617426043e-06,4.32767036937846e-06,4.327223271439239e-06,4.326776322178001e-06,4.326329522891646e-06,4.325882872300504e-06,4.325436370602879e-06,4.324990018003415e-06,4.324543814470743e-06,4.324097759408863e-06,4.3236518536049945e-06,4.323206096191621e-06,4.322760487176198e-06,4.322315026878033e-06,4.321869715092457e-06,4.32142455170506e-06,4.32097953633155e-06,4.320534669185265e-06,4.320089950164449e-06,4.319645379378916e-06,4.319200957186989e-06,4.318756681972811e-06,4.31831255463381e-06,4.317868574973547e-06,4.317424743281423e-06,4.316981058427099e-06,4.316537521617326e-06,4.316094132738052e-06,4.315650889526514e-06,4.315207794587036e-06,4.314764846781058e-06,4.314322046075325e-06,4.313879392920528e-06,4.31343688608618e-06,4.312994526038046e-06,4.3125523128701695e-06,4.312110246191846e-06,4.311668326144433e-06,4.31122655255833e-06,4.310784925387756e-06,4.310343444529174e-06,4.3099021099707505e-06,4.3094609217608296e-06,4.309019880420087e-06,4.3085789840146585e-06,4.308138233905219e-06,4.307697629418693e-06,4.3072571710625635e-06,4.306816858018356e-06,4.306376690589383e-06,4.305936668622439e-06,4.305496792512416e-06,4.3050570608805544e-06,4.304617475103027e-06,4.304178034593914e-06,4.30373873912252e-06,4.30329958918206e-06,4.30286058351103e-06,4.302421723015454e-06,4.301983007307581e-06,4.301544436303256e-06,4.301106009792175e-06,4.300667728048106e-06,4.300229590734998e-06,4.299791597906567e-06,4.2993537493931e-06,4.2989160451849125e-06,4.298478485418209e-06,4.298041069474178e-06,4.297603797989568e-06,4.297166669997459e-06,4.2967296858862225e-06,4.296292845532721e-06,4.295856149384999e-06,4.295419596120476e-06,4.294983186968466e-06,4.294546920889481e-06,4.294110798259724e-06,4.293674819334569e-06,4.293238983596368e-06,4.292803290782782e-06,4.292367741305618e-06,4.2919323345454775e-06,4.291497070716575e-06,4.291061949739254e-06,4.290626971333524e-06,4.290192135878153e-06,4.289757442683565e-06,4.2893228923478334e-06,4.288888484447559e-06,4.288454219252345e-06,4.288020095762503e-06,4.287586114891502e-06,4.2871522760426535e-06,4.286718579214872e-06,4.286285024437429e-06,4.285851611392573e-06,4.285418340462948e-06,4.28498521097839e-06,4.284552223450682e-06,4.284119377510474e-06,4.283686673106786e-06,4.2832541101798665e-06,4.282821688639797e-06,4.282389408088274e-06,4.281957268833611e-06,4.281525271011346e-06,4.281093414201039e-06,4.280661698371957e-06,4.2802301232794855e-06,4.2797986896986996e-06,4.27936739627952e-06,4.278936243744683e-06,4.278505231772492e-06,4.2780743603834915e-06,4.277643629437934e-06,4.2772130388514676e-06,4.276782588602688e-06,4.276352278576393e-06,4.275922108705948e-06,4.275492078953036e-06,4.275062189685284e-06,4.274632439875223e-06,4.274202829957267e-06,4.273773359773004e-06,4.273344029703361e-06,4.272914839144997e-06,4.27248578756164e-06,4.272056875986778e-06,4.271628103547495e-06,4.271199470224291e-06,4.270770976108134e-06,4.270342621471988e-06,4.2699144061677925e-06,4.269486329888478e-06,4.269058392243123e-06,4.268630593831796e-06,4.2682029341730335e-06,4.2677754127846085e-06,4.26734803015595e-06,4.2669207861591935e-06,4.266493680773386e-06,4.266066713866906e-06,4.26563988526962e-06,4.265213194674025e-06,4.264786642871026e-06,4.26436022885739e-06,4.263933952662084e-06,4.263507814735337e-06,4.263081814712379e-06,4.262655952733475e-06,4.2622302283176005e-06,4.261804641939622e-06,4.261379192611607e-06,4.26095388104236e-06,4.260528706773225e-06,4.260103670064256e-06,4.259678770499037e-06,4.259254008376501e-06,4.2588293831452435e-06,4.25840489502002e-06,4.257980544007778e-06,4.257556329792547e-06,4.257132252455282e-06,4.256708312619612e-06,4.256284509135556e-06,4.255860842056732e-06,4.2554373118297385e-06,4.2550139181509885e-06,4.254590660897345e-06,4.2541675397806255e-06,4.253744555157412e-06,4.253321706938524e-06,4.252898994684873e-06,4.252476418693905e-06,4.252053978566768e-06,4.251631674323265e-06,4.251209505618529e-06,4.250787473062774e-06,4.25036557595149e-06,4.249943814374987e-06,4.249522188706804e-06,4.24910069849572e-06,4.248679343423616e-06,4.24825812368616e-06,4.247837039548722e-06,4.24741609030334e-06,4.24699527650658e-06,4.246574597809497e-06,4.246154054087311e-06,4.2457336452596374e-06,4.245313371303654e-06,4.244893232122928e-06,4.244473227446007e-06,4.244053357761491e-06,4.243633622456048e-06,4.243214021368138e-06,4.242794554993825e-06,4.242375222779395e-06,4.241956024711186e-06,4.241536961497264e-06,4.241118032293308e-06,4.240699236929162e-06,4.240280575575388e-06,4.239862048106576e-06,4.239443653776744e-06,4.2390253936053e-06,4.2386072674604765e-06,4.23818927527619e-06,4.237771416382443e-06,4.23735369090327e-06,4.236936098900383e-06,4.236518640234006e-06,4.23610131452464e-06,4.235684122367227e-06,4.235267063457833e-06,4.234850137472137e-06,4.234433344583398e-06,4.234016684653746e-06,4.233600157488909e-06,4.233183763068667e-06,4.232767500782871e-06,4.232351371447112e-06,4.231935375662153e-06,4.231519511853223e-06,4.231103780369584e-06,4.230688181211577e-06,4.230272714351023e-06,4.229857379753187e-06,4.229442177266339e-06,4.229027107224241e-06,4.2286121688374155e-06,4.2281973623805516e-06,4.227782687829086e-06,4.227368144950776e-06,4.226953733968403e-06,4.226539454671193e-06,4.226125306836573e-06,4.225711290612278e-06,4.225297405901564e-06,4.2248836527500455e-06,4.2244700306994975e-06,4.22405653988146e-06,4.22364318032346e-06,4.223229951831005e-06,4.2228168545995324e-06,4.222403888137802e-06,4.221991052582323e-06,4.221578347908669e-06,4.221165773950648e-06,4.220753330725286e-06,4.22034101781966e-06,4.219928835760299e-06,4.2195167836653795e-06,4.219104862485431e-06,4.2186930717234634e-06,4.21828141124585e-06,4.217869881009951e-06,4.217458480929821e-06,4.217047210914172e-06,4.2166360709113e-06,4.216225060881281e-06,4.215814180783643e-06,4.215403430557183e-06,4.2149928099678494e-06,4.2145823190512414e-06,4.214171957790886e-06,4.213761725971396e-06,4.213351623668193e-06,4.212941650599336e-06,4.212531807183739e-06,4.212122093002776e-06,4.211712507961647e-06,4.211303052008878e-06,4.210893725101468e-06,4.21048452735062e-06,4.210075458367671e-06,4.209666518247998e-06,4.209257706922428e-06,4.208849024323105e-06,4.208440470512077e-06,4.208032045174898e-06,4.207623748361971e-06,4.2072155800127e-06,4.206807540087506e-06,4.2063996284823e-06,4.20599184498745e-06,4.205584189893528e-06,4.205176662837884e-06,4.204769264076741e-06,4.2043619925636506e-06,4.203954849341385e-06,4.203547834247331e-06,4.203140946791157e-06,4.20273418710554e-06,4.202327555072228e-06,4.201921050364574e-06,4.201514672608625e-06,4.201108423068919e-06,4.200702300974387e-06,4.200296306235945e-06,4.199890438744092e-06,4.1994846984731335e-06,4.199079085627354e-06,4.1986735995269474e-06,4.198268240568132e-06,4.197863008382797e-06,4.197457903091012e-06,4.197052924596176e-06,4.196648072790204e-06,4.1962433476644715e-06,4.195838749117877e-06,4.195434277998162e-06,4.19502993256546e-06,4.194625713470499e-06,4.194221620773534e-06,4.193817654294802e-06,4.19341381441949e-06,4.193010100248958e-06,4.192606512248811e-06,4.192203049940302e-06,4.191799713891249e-06,4.191396503545004e-06,4.190993419138459e-06,4.190590460464668e-06,4.190187627415873e-06,4.189784920022736e-06,4.18938233811009e-06,4.188979881876691e-06,4.1885775509905924e-06,4.188175345457702e-06,4.187773264903336e-06,4.187371309890828e-06,4.186969480133351e-06,4.186567775383183e-06,4.186166195648313e-06,4.1857647405548085e-06,4.1853634103678256e-06,4.184962205309453e-06,4.18456112500123e-06,4.184160169154363e-06,4.183759338234797e-06,4.1833586327451284e-06,4.182958050818513e-06,4.182557592839849e-06,4.182157259614305e-06,4.181757051034018e-06,4.181356966375135e-06,4.180957006249124e-06,4.180557170746388e-06,4.1801574584848805e-06,4.179757871474602e-06,4.1793584074976934e-06,4.178959067404566e-06,4.1785598512050746e-06,4.178160758684417e-06,4.177761789946614e-06,4.17736294473915e-06,4.176964222958894e-06,4.17656562473562e-06,4.176167150054049e-06,4.175768798716492e-06,4.175370570357399e-06,4.174972465605574e-06,4.1745744839926e-06,4.174176625517639e-06,4.173778890507812e-06,4.173381278077105e-06,4.1729837885753875e-06,4.1725864219317255e-06,4.172189178103749e-06,4.171792057018428e-06,4.1713950588400975e-06,4.170998183062303e-06,4.1706014298282436e-06,4.170204799092575e-06,4.16980829077314e-06,4.169411904876983e-06,4.169015641468767e-06,4.168619500050356e-06,4.168223480790155e-06,4.167827583970903e-06,4.167431808846151e-06,4.167036155964897e-06,4.166640624754798e-06,4.1662452154153894e-06,4.165849927936396e-06,4.165454762165635e-06,4.165059717472432e-06,4.164664794989989e-06,4.164269994058637e-06,4.163875314513739e-06,4.163480756407174e-06,4.163086319658096e-06,4.162692004395066e-06,4.162297810211571e-06,4.161903737372999e-06,4.161509785487009e-06,4.161115954797994e-06,4.160722245104674e-06,4.160328656502958e-06,4.1599351885494685e-06,4.159541841404782e-06,4.15914861501295e-06,4.15875550936157e-06,4.158362523583827e-06,4.157969659057915e-06,4.1575769150061325e-06,4.157184291432518e-06,4.156791788120937e-06,4.156399405273734e-06,4.156007142654003e-06,4.155615000038312e-06,4.155222977747271e-06,4.154831075607638e-06,4.154439293421423e-06,4.154047630846378e-06,4.1536560885491184e-06,4.153264666015394e-06,4.152873363257536e-06,4.152482180207983e-06,4.152091116787342e-06,4.1517001727846445e-06,4.151309348489783e-06,4.1509186436579594e-06,4.1505280582386035e-06,4.150137592181092e-06,4.149747246008357e-06,4.14935701850592e-06,4.14896691001376e-06,4.148576920714351e-06,4.148187050515573e-06,4.147797299388929e-06,4.1474076670338325e-06,4.147018153603582e-06,4.1466287589707325e-06,4.146239483057411e-06,4.145850325790154e-06,4.145461287214733e-06,4.145072367129044e-06,4.144683565554202e-06,4.1442948824166396e-06,4.1439063176573105e-06,4.143517871270474e-06,4.143129543175184e-06,4.1427413332093925e-06,4.14235324138508e-06,4.14196526770282e-06,4.141577412113484e-06,4.141189674411528e-06,4.140802054553028e-06,4.140414552452438e-06,4.140027168225324e-06,4.1396399016110275e-06,4.1392527527782e-06,4.1388657215501885e-06,4.138478807757615e-06,4.13809201164644e-06,4.137705332873021e-06,4.137318771834346e-06,4.136932327741566e-06,4.136546001078837e-06,4.136159791486117e-06,4.135773698967721e-06,4.135387723520062e-06,4.135001864998275e-06,4.1346161234329324e-06,4.134230498877319e-06,4.1338449914708355e-06,4.1334596005344205e-06,4.133074326334258e-06,4.132689168799147e-06,4.132304127858047e-06,4.131919203463608e-06,4.131534395557813e-06,4.131149704135838e-06,4.1307651290259196e-06,4.130380670114811e-06,4.129996327572906e-06,4.129612101292207e-06,4.129227991047261e-06,4.128843996974209e-06,4.128460119405378e-06,4.1280763573285505e-06,4.127692711085863e-06,4.127309180837375e-06,4.126925766235421e-06,4.1265424673618705e-06,4.126159284072752e-06,4.125776216457686e-06,4.125393264371544e-06,4.12501042813331e-06,4.124627707024988e-06,4.124245101205117e-06,4.123862610817287e-06,4.123480235772369e-06,4.123097975872643e-06,4.12271583111894e-06,4.122333801475359e-06,4.121951886909677e-06,4.121570087277984e-06,4.121188402746988e-06,4.120806832900489e-06,4.120425377862207e-06,4.120044037576034e-06,4.1196628118730805e-06,4.119281700862239e-06,4.118900704487886e-06,4.118519822546623e-06,4.118139055110567e-06,4.117758402383433e-06,4.117377863722245e-06,4.116997439391683e-06,4.116617129290864e-06,4.116236933255965e-06,4.115856851457125e-06,4.115476883737071e-06,4.115097029912555e-06,4.114717290132806e-06,4.1143376641536865e-06,4.113958152322707e-06,4.11357875407134e-06,4.113199469701625e-06,4.112820298632545e-06,4.112441241407631e-06,4.112062297780791e-06,4.111683467555205e-06,4.111304750807891e-06,4.110926147270788e-06,4.110547657210988e-06,4.110169281702925e-06,4.109791017990861e-06,4.10941286775226e-06,4.1090348305492936e-06,4.108656906352475e-06,4.108279095137577e-06,4.107901397265966e-06,4.1075238118662624e-06,4.107146339308174e-06,4.106768979551192e-06,4.106391732494193e-06,4.106014598169591e-06,4.105637576334601e-06,4.1052606669386e-06,4.104883870222948e-06,4.104507185758445e-06,4.104130613854602e-06,4.103754154216965e-06,4.1033778067688e-06,4.103001571586921e-06,4.1026254485622125e-06,4.1022494376392515e-06,4.101873538787767e-06,4.101497751848209e-06,4.101122076909037e-06,4.100746512721501e-06,4.100371061480609e-06,4.099995722011201e-06,4.099620494185862e-06,4.0992453781099175e-06,4.098870373612222e-06,4.098495480663562e-06,4.098120699247018e-06,4.097746029445184e-06,4.0973714708577555e-06,4.096997023563321e-06,4.0966226875431104e-06,4.096248462740719e-06,4.095874349105176e-06,4.0955003465926005e-06,4.095126455121088e-06,4.094752674608619e-06,4.094379005081664e-06,4.094005446069563e-06,4.09363199820551e-06,4.093258661151417e-06,4.092885434270488e-06,4.0925123185173425e-06,4.092139313520125e-06,4.091766420015404e-06,4.091393636225421e-06,4.091020962767785e-06,4.090648399737719e-06,4.090275947309238e-06,4.089903605460901e-06,4.089531373066396e-06,4.089159250702692e-06,4.08878723882717e-06,4.088415337114479e-06,4.088043545370907e-06,4.087671863544403e-06,4.087300291656446e-06,4.086928829649506e-06,4.086557477418779e-06,4.086186234970555e-06,4.085815102222873e-06,4.085444079122053e-06,4.085073165605129e-06,4.0847023616970865e-06,4.084331667188942e-06,4.083961082115996e-06,4.0835906064187775e-06,4.083220240039357e-06,4.082849982797762e-06,4.082479834898827e-06,4.082109794739006e-06,4.081739865128223e-06,4.081370044572133e-06,4.081000332976343e-06,4.080630730356472e-06,4.080261236646774e-06,4.079891851775366e-06,4.079522576002889e-06,4.0791534085917925e-06,4.0787843499393465e-06,4.07841539985752e-06,4.0780465584070056e-06,4.077677825735531e-06,4.077309201264344e-06,4.076940685211219e-06,4.076572277522932e-06,4.076203978147135e-06,4.075835787030635e-06,4.075467704125218e-06,4.0750997293693745e-06,4.074731863144426e-06,4.074364104538223e-06,4.073996454122194e-06,4.073628911461988e-06,4.0732614766956775e-06,4.072894149757499e-06,4.072526930604799e-06,4.072159819185115e-06,4.071792815455631e-06,4.071425919345435e-06,4.071059131142239e-06,4.070692450131359e-06,4.070325876591815e-06,4.0699594103408434e-06,4.0695930515873744e-06,4.069226800183626e-06,4.068860656007374e-06,4.068494619123825e-06,4.068128689316379e-06,4.0677628666192785e-06,4.067397150982524e-06,4.067031542345705e-06,4.066666040469464e-06,4.0663006452613275e-06,4.0659353570887036e-06,4.065570175643032e-06,4.065205101232732e-06,4.064840133257249e-06,4.0644752719625085e-06,4.064110517535627e-06,4.063745869580402e-06,4.063381328103443e-06,4.063016893069734e-06,4.062652564413256e-06,4.062288342884062e-06,4.0619242266526055e-06,4.061560216831876e-06,4.061196313186709e-06,4.060832515666031e-06,4.060468824218264e-06,4.060105238804898e-06,4.059741759348823e-06,4.059378385830892e-06,4.05901511816844e-06,4.0586519565974305e-06,4.0582889005224674e-06,4.057925950161728e-06,4.057563105450349e-06,4.057200366345431e-06,4.056837732852155e-06,4.056475204826552e-06,4.056112782068591e-06,4.0557504656008364e-06,4.055388253808958e-06,4.055026147299114e-06,4.054664146074471e-06,4.0543022500446875e-06,4.053940459184892e-06,4.053578773401361e-06,4.053217192718362e-06,4.052855717104285e-06,4.052494346338299e-06,4.052133080492143e-06,4.051771919489318e-06,4.051410863330029e-06,4.051049911882034e-06,4.050689065128871e-06,4.0503283231687725e-06,4.049967685655794e-06,4.049607152686339e-06,4.049246724165809e-06,4.048886400122672e-06,4.0485261805125896e-06,4.048166065237256e-06,4.04780605427358e-06,4.04744614744359e-06,4.047086344946472e-06,4.046726646576177e-06,4.046367052225309e-06,4.04600756186224e-06,4.045648175619311e-06,4.045288893341647e-06,4.04492971495977e-06,4.04457064041857e-06,4.044211668682312e-06,4.043852801678263e-06,4.043494038272247e-06,4.043135378761288e-06,4.042776822678372e-06,4.042418370092776e-06,4.042060021794705e-06,4.041701776363281e-06,4.041343634209043e-06,4.040985595427393e-06,4.040627659934823e-06,4.04026982711343e-06,4.039912097859696e-06,4.039554471905739e-06,4.0391969491137684e-06,4.03883952939388e-06,4.0384822126843304e-06,4.0381249989150545e-06,4.037767887919205e-06,4.037410879928276e-06,4.037053974756053e-06,4.0366971723305505e-06,4.036340472607752e-06,4.035983875575063e-06,4.035627381149494e-06,4.035270989278929e-06,4.034914699918212e-06,4.034558512836454e-06,4.034202428357508e-06,4.033846446228598e-06,4.033490566539815e-06,4.033134789044441e-06,4.03277911375885e-06,4.032423540649744e-06,4.032068069805246e-06,4.031712700881974e-06,4.031357433994662e-06,4.031002269091418e-06,4.030647205897781e-06,4.030292244805918e-06,4.029937385529891e-06,4.029582628221353e-06,4.029227972461801e-06,4.028873418406157e-06,4.028518965842165e-06,4.028164615018767e-06,4.027810365735968e-06,4.027456218551408e-06,4.027102172413518e-06,4.026748227477361e-06,4.026394383880009e-06,4.02604064167841e-06,4.025687000747885e-06,4.0253334609183074e-06,4.024980022249491e-06,4.02462668468831e-06,4.024273448216926e-06,4.023920312724365e-06,4.023567279260769e-06,4.02321434576377e-06,4.022861513071959e-06,4.022508780916686e-06,4.0221561502451235e-06,4.0218036194980036e-06,4.0214511897990225e-06,4.021098860741153e-06,4.020746632333013e-06,4.020394504350157e-06,4.0200424766712744e-06,4.019690548471273e-06,4.019338721897471e-06,4.018986995583178e-06,4.0186353695671434e-06,4.018283843802526e-06,4.017932418113757e-06,4.017581092712757e-06,4.01722986742042e-06,4.0168787421958135e-06,4.0165277169794316e-06,4.016176791713176e-06,4.0158259662356625e-06,4.015475241070555e-06,4.015124615428458e-06,4.014774089549626e-06,4.0144236634287766e-06,4.014073336990348e-06,4.013723110223079e-06,4.0133729827206565e-06,4.013022955050318e-06,4.012673026879796e-06,4.012323198138633e-06,4.011973468804682e-06,4.011623838839814e-06,4.0112743082086255e-06,4.01092487668711e-06,4.0105755445064855e-06,4.010226311489672e-06,4.009877177312346e-06,4.009528142385637e-06,4.009179206637162e-06,4.00883036983578e-06,4.00848163196755e-06,4.008132993021925e-06,4.007784453766446e-06,4.007436012413282e-06,4.007087669550158e-06,4.006739425675766e-06,4.00639128045323e-06,4.0060432338404344e-06,4.00569528577117e-06,4.0053474362262045e-06,4.004999684943978e-06,4.004652032262844e-06,4.0043044779606895e-06,4.003957021901821e-06,4.003609664372147e-06,4.003262404960218e-06,4.002915244035615e-06,4.002568180837985e-06,4.00222121587948e-06,4.0018743488326455e-06,4.001527579969532e-06,4.001180908696916e-06,4.0008343362001835e-06,4.00048786106485e-06,4.000141483303441e-06,3.99979520378805e-06,3.999449021986524e-06,3.99910293867698e-06,3.998756952213321e-06,3.998411063146356e-06,3.998065271760667e-06,3.997719577762017e-06,3.997373981432025e-06,3.9970284824621875e-06,3.9966830808973575e-06,3.996337776656812e-06,3.99599256969589e-06,3.995647459588004e-06,3.995302447049372e-06,3.99495753164064e-06,3.994612713309936e-06,3.994267992068441e-06,3.993923367834139e-06,3.993578840533614e-06,3.993234410223847e-06,3.992890076734691e-06,3.992545839756345e-06,3.992201699872726e-06,3.991857656989474e-06,3.991513711339542e-06,3.991169861529336e-06,3.990826108321928e-06,3.990482451668201e-06,3.9901388915053855e-06,3.989795427802518e-06,3.98945206104922e-06,3.989108790109319e-06,3.988765615559561e-06,3.98842253733407e-06,3.9880795553118975e-06,3.987736669485958e-06,3.987393879816253e-06,3.987051186249719e-06,3.986708588745489e-06,3.9863660872490895e-06,3.986023681735858e-06,3.985681372150904e-06,3.985339158453248e-06,3.984997040607465e-06,3.984655018482595e-06,3.984313092186633e-06,3.983971261477163e-06,3.983629526548355e-06,3.983287887227125e-06,3.982946343523682e-06,3.982604895318932e-06,3.98226354252056e-06,3.981922285907751e-06,3.9815811240031805e-06,3.981240057412772e-06,3.980899086090868e-06,3.980558209913729e-06,3.980217429134086e-06,3.9798767436295376e-06,3.979536153182096e-06,3.97919565775606e-06,3.978855257502748e-06,3.978514952170135e-06,3.978174741768942e-06,3.9778346263029094e-06,3.977494605700509e-06,3.97715467992032e-06,3.976814848918931e-06,3.976475112669093e-06,3.976135471177659e-06,3.97579592315802e-06,3.9754564708580666e-06,3.9751171129229395e-06,3.974777849163643e-06,3.9744386803429155e-06,3.974099606002353e-06,3.973760626056011e-06,3.973421740430415e-06,3.973082949126571e-06,3.9727442520861e-06,3.972405649037154e-06,3.972067140347713e-06,3.9717287261456505e-06,3.971390405707648e-06,3.971052179293783e-06,3.970714046868789e-06,3.970376008379807e-06,3.970038063810733e-06,3.96970021310741e-06,3.969362456182171e-06,3.9690247931584605e-06,3.968687223791025e-06,3.96834974790462e-06,3.968012365861331e-06,3.96767507742386e-06,3.967337882547996e-06,3.967000781054796e-06,3.966663773211127e-06,3.966326858775933e-06,3.965990037740628e-06,3.965653309882111e-06,3.965316675500396e-06,3.964980134368716e-06,3.9646436864598885e-06,3.964307331716636e-06,3.9639710701083355e-06,3.963634901601952e-06,3.963298826152125e-06,3.962962843697348e-06,3.9626269532211745e-06,3.962291156334346e-06,3.961955452656873e-06,3.961619841787113e-06,3.961284323498869e-06,3.960948898228596e-06,3.960613565591081e-06,3.960278325863587e-06,3.959943178736028e-06,3.959608123958223e-06,3.959273161760097e-06,3.958938292053438e-06,3.958603514796457e-06,3.958268829931357e-06,3.957934237452544e-06,3.957599737298016e-06,3.957265329426076e-06,3.956931013780165e-06,3.956596790290701e-06,3.956262659018927e-06,3.95592861991788e-06,3.955594673202282e-06,3.955260818167481e-06,3.95492705509587e-06,3.954593384027518e-06,3.954259804920488e-06,3.953926317673368e-06,3.953592922154921e-06,3.9532596183787565e-06,3.952926406416532e-06,3.95259328614518e-06,3.95226025751687e-06,3.951927320474339e-06,3.9515944753615255e-06,3.951261721435854e-06,3.950929058973033e-06,3.950596487955873e-06,3.950264008394387e-06,3.949931620134196e-06,3.949599323556034e-06,3.9492671183013235e-06,3.948935003875932e-06,3.948602980748131e-06,3.948271048735029e-06,3.94793920789558e-06,3.947607458068074e-06,3.947275799245289e-06,3.9469442314216576e-06,3.946612754534435e-06,3.946281368483104e-06,3.945950073300197e-06,3.945618868971872e-06,3.945287755395751e-06,3.944956732480106e-06,3.944625800360641e-06,3.9442949588856e-06,3.943964207967705e-06,3.943633547683325e-06,3.943302977871518e-06,3.942972498636787e-06,3.942642109951544e-06,3.942311811576784e-06,3.94198160353088e-06,3.941651485818936e-06,3.941321458392813e-06,3.9409915212145984e-06,3.940661674303751e-06,3.940331917493909e-06,3.940002250808754e-06,3.939672674209378e-06,3.939343187645781e-06,3.9390137910880496e-06,3.938684484491671e-06,3.93835526781352e-06,3.938026141017666e-06,3.937697104052988e-06,3.9373681568920315e-06,3.937039299489329e-06,3.936710531796018e-06,3.936381853785081e-06,3.936053265410073e-06,3.9357247666227875e-06,3.935396357389876e-06,3.935068037670607e-06,3.934739807431828e-06,3.934411666618831e-06,3.934083615198478e-06,3.933755653130204e-06,3.933427780373836e-06,3.933099996889004e-06,3.932772302635235e-06,3.932444697572419e-06,3.93211718166026e-06,3.931789754858623e-06,3.93146241712714e-06,3.931135168425831e-06,3.930808008714439e-06,3.930480937930069e-06,3.930153956078095e-06,3.929827063095817e-06,3.9295002589430654e-06,3.9291735435799515e-06,3.92884691692422e-06,3.9285203790203196e-06,3.928193929786071e-06,3.927867569181508e-06,3.927541297166803e-06,3.9272151137020475e-06,3.926889019167006e-06,3.926563013102937e-06,3.926237095048846e-06,3.925911265971625e-06,3.925585524805855e-06,3.925259871767475e-06,3.924934307449499e-06,3.924608831381908e-06,3.9242834435879984e-06,3.923958143392556e-06,3.9236329313164245e-06,3.92330780730951e-06,3.922982771340361e-06,3.922657823371114e-06,3.922332963534474e-06,3.922008191432382e-06,3.921683507205594e-06,3.921358910825367e-06,3.921034402237044e-06,3.920709981406708e-06,3.920385648295944e-06,3.920061402864672e-06,3.919737245073416e-06,3.919413174884289e-06,3.919089192257252e-06,3.918765297150866e-06,3.91844148975905e-06,3.918117769983073e-06,3.91779413740101e-06,3.91747059198903e-06,3.917147133907318e-06,3.916823763316956e-06,3.916500480164229e-06,3.916177284271167e-06,3.9158541751031326e-06,3.915531153478795e-06,3.915208218930045e-06,3.914885371260702e-06,3.914562610795093e-06,3.914239936868787e-06,3.913917349915235e-06,3.913594849858093e-06,3.9132724366609515e-06,3.9129501102796786e-06,3.912627870841872e-06,3.912305717973506e-06,3.911983651802599e-06,3.911661672321516e-06,3.9113397794784175e-06,3.911017973089624e-06,3.910696253215103e-06,3.910374620043555e-06,3.910053073180924e-06,3.909731612860847e-06,3.9094102389622475e-06,3.909088951637514e-06,3.90876775053329e-06,3.908446635627373e-06,3.908125606920091e-06,3.90780466449664e-06,3.907483808370074e-06,3.907163038366488e-06,3.906842354162484e-06,3.906521756107817e-06,3.906201244124672e-06,3.905880818047083e-06,3.905560477589799e-06,3.905240223645518e-06,3.904920055329876e-06,3.904599973062015e-06,3.904279976858763e-06,3.903960066115358e-06,3.9036402404798845e-06,3.903320501233038e-06,3.903000847213472e-06,3.902681278874641e-06,3.9023617956662224e-06,3.902042398478367e-06,3.901723086578427e-06,3.901403860077835e-06,3.901084719097942e-06,3.900765663665438e-06,3.900446693334635e-06,3.900127808333722e-06,3.899809008318844e-06,3.8994902940045615e-06,3.899171664402646e-06,3.898853120543556e-06,3.8985346613503424e-06,3.89821628746985e-06,3.897897998296484e-06,3.8975797942015235e-06,3.897261675092546e-06,3.896943640718215e-06,3.896625691289111e-06,3.896307826734263e-06,3.895990046912037e-06,3.895672351929129e-06,3.89535474170245e-06,3.8950372162205296e-06,3.894719775210624e-06,3.8944024189410346e-06,3.89408514727715e-06,3.8937679601592775e-06,3.893450857503312e-06,3.893133839285777e-06,3.892816905194228e-06,3.8925000553654925e-06,3.892183290311452e-06,3.891866609377052e-06,3.891550013164951e-06,3.891233500627559e-06,3.8909170726979174e-06,3.890600728694891e-06,3.89028446882732e-06,3.8899682931320475e-06,3.889652201409285e-06,3.889336193709478e-06,3.889020269977589e-06,3.888704430288795e-06,3.888388674502896e-06,3.8880730025980605e-06,3.887757414524137e-06,3.887441910157644e-06,3.8871264896261245e-06,3.886811152814385e-06,3.8864958997046895e-06,3.886180730236126e-06,3.885865644379092e-06,3.885550642091734e-06,3.885235723258259e-06,3.884920888041821e-06,3.884606136253811e-06,3.884291467897406e-06,3.883976882933879e-06,3.883662381325301e-06,3.883347963026821e-06,3.883033628186857e-06,3.882719376740983e-06,3.8824052081660775e-06,3.882091122830031e-06,3.8817771205663235e-06,3.881463201400897e-06,3.881149365305667e-06,3.88083561222611e-06,3.880521941941984e-06,3.880208354804638e-06,3.8798948504058335e-06,3.8795814288982345e-06,3.87926809039674e-06,3.878954834694805e-06,3.878641661796223e-06,3.8783285715893945e-06,3.8780155640969794e-06,3.877702639265995e-06,3.877389797059189e-06,3.877077037442951e-06,3.8767643604263856e-06,3.87645176657433e-06,3.876139254508161e-06,3.875826825458666e-06,3.8755144782468955e-06,3.875202213362462e-06,3.874890030666134e-06,3.874577930672413e-06,3.874265912689442e-06,3.87395397692739e-06,3.873642123717657e-06,3.873330352308537e-06,3.873018663077888e-06,3.872707055878812e-06,3.872395530725207e-06,3.872084087635758e-06,3.871772726509943e-06,3.871461447353165e-06,3.871150250043116e-06,3.870839134443182e-06,3.87052810091093e-06,3.87021714896614e-06,3.869906278771564e-06,3.869595490239612e-06,3.86928478365289e-06,3.8689741585414076e-06,3.868663615221272e-06,3.8683531535131985e-06,3.868042772621638e-06,3.867732473948914e-06,3.867422257253648e-06,3.86711212133288e-06,3.8668020668351114e-06,3.866492093872492e-06,3.866182202176112e-06,3.865872391828078e-06,3.865562662764752e-06,3.865253014898189e-06,3.86494344825598e-06,3.864633962810153e-06,3.8643245584727206e-06,3.8640152352426e-06,3.863705993081268e-06,3.863396831921741e-06,3.8630877517380965e-06,3.86277875250319e-06,3.862469834212367e-06,3.862160996784606e-06,3.861852240200939e-06,3.861543564426288e-06,3.861234969418326e-06,3.860926455156567e-06,3.86061802159872e-06,3.860309668709797e-06,3.860001396454826e-06,3.859693204798861e-06,3.859385093706972e-06,3.8590770631859995e-06,3.858769113117551e-06,3.858461243395704e-06,3.8581534542745095e-06,3.8578457455028716e-06,3.8575381170631345e-06,3.8572305688347036e-06,3.856923101022731e-06,3.856615713555878e-06,3.856308405811425e-06,3.856001178737153e-06,3.855694031928582e-06,3.855386965139742e-06,3.85507997828945e-06,3.854773071489852e-06,3.854466244690195e-06,3.854159497890885e-06,3.853852831000432e-06,3.853546244017863e-06,3.853239736905114e-06,3.8529333096086275e-06,3.852626961908793e-06,3.852320694239344e-06,3.852014506250144e-06,3.851708397947019e-06,3.851402369330538e-06,3.851096420336355e-06,3.8507905509721205e-06,3.850484761139566e-06,3.85017905070924e-06,3.849873419895051e-06,3.849567868537928e-06,3.849262396603835e-06,3.848957004058842e-06,3.848651690868685e-06,3.848346457088297e-06,3.848041302504024e-06,3.847736227161906e-06,3.8474312311686274e-06,3.8471263142827205e-06,3.846821476579585e-06,3.846516717898795e-06,3.846212038522399e-06,3.84590743802976e-06,3.84560291651162e-06,3.845298473973439e-06,3.8449941104216645e-06,3.84468982582171e-06,3.844385620019944e-06,3.844081493062609e-06,3.843777444915776e-06,3.843473475598059e-06,3.843169584960531e-06,3.842865773077799e-06,3.842562040015202e-06,3.842258385485801e-06,3.84195480935317e-06,3.841651312053096e-06,3.841347892879125e-06,3.8410445530049275e-06,3.840741291143819e-06,3.840438106897705e-06,3.840135001921443e-06,3.839831975241383e-06,3.839529027273504e-06,3.83922615777768e-06,3.83892336570798e-06,3.838620652010469e-06,3.838318016428493e-06,3.838015459269882e-06,3.837712980206123e-06,3.83741057928883e-06,3.837108256531728e-06,3.836806011643226e-06,3.836503844827104e-06,3.836201755930715e-06,3.835899745026952e-06,3.835597811981482e-06,3.8352959568572605e-06,3.834994179614119e-06,3.834692480176618e-06,3.834390858364023e-06,3.834089314397849e-06,3.833787848049626e-06,3.833486459631759e-06,3.833185148628385e-06,3.832883915330238e-06,3.832582759595196e-06,3.8322816814026766e-06,3.831980680867418e-06,3.831679757565445e-06,3.831378911965956e-06,3.831078143593296e-06,3.830777452570573e-06,3.8304768388966895e-06,3.8301763025117485e-06,3.8298758434195525e-06,3.829575461555743e-06,3.829275156893571e-06,3.828974929424471e-06,3.828674779081889e-06,3.82837470584462e-06,3.8280747096996495e-06,3.827774790597319e-06,3.827474948494776e-06,3.827175183502279e-06,3.82687549532543e-06,3.826575884062863e-06,3.8262763496775075e-06,3.825976892096989e-06,3.825677511372837e-06,3.825378207409735e-06,3.825078980220487e-06,3.824779828945797e-06,3.82448075514561e-06,3.824181758140153e-06,3.823882837579958e-06,3.823583993646404e-06,3.823285226377065e-06,3.822986535497271e-06,3.822687921119444e-06,3.822389383200655e-06
16,0.0,0.0,0.0,0.0,0.0,0.0,0.0,0.0,0.0,0.0,0.0,0.0,0.0,0.0,0.0,0.0,0.0,0.0,0.0,0.0,0.0,0.0,0.0,0.0,0.0,0.0,0.0,0.0,0.0,0.0,0.0,0.0,0.0,0.0,0.0,0.0,0.0,0.0,0.0,0.0,0.0,0.0,0.0,0.0,0.0,0.0,0.0,0.0,0.0,0.0,0.0,0.0,0.0,0.0,0.0,0.0,0.0,0.0,0.0,0.0,0.0,0.0,0.0,0.0,0.0,0.0,0.0,0.0,0.0,0.0,0.0,0.0,0.0,0.0,0.0,0.0,0.0,0.0,0.0,0.0,0.0,0.0,0.0,0.0,0.0,0.0,0.0,0.0,0.0,0.0,0.0,0.0,0.0,0.0,0.0,0.0,0.0,0.0,0.0,0.0,0.0,0.0,0.0,0.0,0.0,0.0,0.0,0.0,0.0,0.0,0.0,0.0,0.0,0.0,0.0,0.0,0.0,0.0,0.0,0.0,0.0,0.0,0.0,0.0,0.0,0.0,0.0,0.0,0.0,0.0,0.0,0.0,0.0,0.0,0.0,0.0,0.0,0.0,0.0,0.0,0.0,0.0,0.0,0.0,0.0,0.0,0.0,0.0,0.0,0.0,0.0,0.0,0.0,0.0,0.0,0.0,0.0,0.0,0.0,0.0,0.0,0.0,0.0,0.0,0.0,0.0,0.0,0.0,0.0,0.0,0.0,0.0,0.0,0.0,0.0,0.0,0.0,0.0,0.0,0.0,0.0,0.0,0.0,0.0,0.0,0.0,0.0,0.0,0.0,0.0,0.0,0.0,0.0,0.0,0.0,0.0,0.0,0.0,0.0,0.0,0.0,0.0,0.0,0.0,0.0,0.0,0.0,0.0,0.0,0.0,0.0,0.0,0.0,0.0,0.0,0.0,0.0,0.0,0.0,0.0,0.0,0.0,0.0,0.0,0.0,0.0,0.0,0.0,0.0,0.0,0.0,0.0,0.0,0.0,0.0,0.0,0.0,0.0,0.0,0.0,0.0,0.0,0.0,0.0,0.0,0.0,0.0,0.0,0.0,0.0,0.0,0.0,0.0,0.0,0.0,0.0,0.0,0.0,0.0,0.0,0.0,0.0,0.0,0.0,0.0,0.0,0.0,0.0,0.0,0.0,0.0,0.0,0.0,0.0,0.0,0.0,0.0,0.0,0.0,0.0,0.0,0.0,0.0,0.0,0.0,0.0,0.0,0.0,0.0,0.0,0.0,0.0,0.0,0.0,0.0,0.0,0.0,0.0,0.0,0.0,0.0,0.0,0.0,0.0,0.0,0.0,0.0,0.0,0.0,0.0,0.0,0.0,0.0,0.0,0.0,0.0,0.0,0.0,0.0,0.0,0.0,0.0,0.0,0.0,0.0,0.0,0.0,0.0,0.0,0.0,0.0,0.0,0.0,0.0,0.0,0.0,0.0,0.0,0.0,0.0,0.0,0.0,0.0,0.0,0.0,0.0,0.0,0.0,0.0,0.0,0.0,0.0,0.0,0.0,0.0,0.0,0.0,0.0,0.0,0.0,0.0,0.0,0.0,0.0,0.0,0.0,0.0,0.0,0.0,0.0,0.0,0.0,0.0,0.0,0.0,0.0,0.0,0.0,0.0,0.0,0.0,0.0,0.0,0.0,0.0,0.0,0.0,0.0,0.0,0.0,0.0,0.0,0.0,0.0,0.0,0.0,0.0,0.0,0.0,0.0,0.0,0.0,0.0,0.0,0.0,0.0,0.0,0.0,0.0,0.0,0.0,0.0,0.0,0.0,0.0,0.0,0.0,0.0,0.0,0.0,0.0,0.0,0.0,0.0,0.0,0.0,0.0,0.0,0.0,0.0,0.0,0.0,0.0,0.0,0.0,0.0,0.0,0.0,0.0,0.0,0.0,0.0,0.0,0.0,0.0,0.0,0.0,0.0,0.0,0.0,0.0,0.0,0.0,0.0,0.0,0.0,0.0,0.0,0.0,0.0,0.0,0.0,0.0,0.0,0.0,0.0,0.0,0.0,0.0,0.0,0.0,0.0,0.0,0.0,0.0,0.0,0.0,0.0,0.0,0.0,0.0,0.0,0.0,0.0,0.0,0.0,0.0,0.0,0.0,0.0,0.0,0.0,0.0,0.0,0.0,0.0,0.0,0.0,0.0,0.0,0.0,0.0,0.0,0.0,0.0,0.0,0.0,0.0,0.0,0.0,0.0,0.0,0.0,0.0,0.0,0.0,0.0,0.0,0.0,0.0,0.0,0.0,0.0,0.0,0.0,0.0,0.0,0.0,0.0,0.0,0.0,0.0,0.0,0.0,0.0,0.0,0.0,0.0,0.0,0.0,0.0,0.0,0.0,0.0,0.0,0.0,0.0,0.0,0.0,0.0,0.0,0.0,0.0,0.0,0.0,0.0,0.0,0.0,0.0,0.0,0.0,0.0,0.0,0.0,0.0,0.0,0.0,0.0,0.0,0.0,0.0,0.0,0.0,0.0,0.0,0.0,0.0,0.0,0.0,0.0,0.0,0.0,0.0,0.0,0.0,0.0,0.0,0.0,0.0,0.0,0.0,0.0,0.0,0.0,0.0,0.0,0.0,0.0,0.0,0.0,0.0,0.0,0.0,0.0,0.0,0.0,0.0,0.0,0.0,0.0,0.0,0.0,0.0,0.0,0.0,0.0,0.0,0.0,0.0,0.0,0.0,0.0,0.0,0.0,0.0,0.0,0.0,0.0,0.0,0.0,0.0,0.0,0.0,0.0,0.0,0.0,0.0,0.0,0.0,0.0,0.0,0.0,0.0,0.0,0.0,0.0,0.0,0.0,0.0,0.0,0.0,0.0,0.0,0.0,0.0,0.0,0.0,0.0,0.0,0.0,0.0,0.0,0.0,0.0,0.0,0.0,0.0,0.0,0.0,0.0,0.0,0.0,0.0,0.0,0.0,0.0,0.0,0.0,0.0,0.0,0.0,0.0,0.0,0.0,0.0,0.0,0.0,0.0,0.0,0.0,0.0,0.0,0.0,0.0,0.0,0.0,0.0,0.0,0.0,0.0,0.0,0.0,0.0,0.0,0.0,0.0,0.0,0.0,0.0,0.0,0.0,0.0,0.0,0.0,0.0,0.0,0.0,0.0,0.0,0.0,0.0,0.0,0.0,0.0,0.0,0.0,0.0,0.0,0.0,0.0,0.0,0.0,0.0,0.0,0.0,0.0,0.0,0.0,0.0,0.0,0.0,0.0,0.0,0.0,0.0,0.0,0.0,0.0,0.0,0.0,0.0,0.0,0.0,0.0,0.0,0.0,0.0,0.0,0.0,0.0,0.0,0.0,0.0,0.0,0.0,0.0,0.0,0.0,0.0,0.0,0.0,0.0,0.0,0.0,0.0,0.0,0.0,0.0,0.0,0.0,0.0,0.0,0.0,0.0,0.0,0.0,0.0,0.0,0.0,0.0,0.0,0.0,0.0,0.0,0.0,0.0,0.0,0.0,0.0,0.0,0.0,0.0,0.0,0.0,0.0,0.0,0.0,0.0,0.0,0.0,0.0,0.0,0.0,0.0,0.0,0.0,0.0,0.0,0.0,0.0,0.0,0.0,0.0,0.0,0.0,0.0,0.0,0.0,0.0,0.0,0.0,0.0,0.0,0.0,0.0,0.0,0.0,0.0,0.0,0.0,0.0,0.0,0.0,0.0,0.0,0.0,0.0,0.0,0.0,0.0,0.0,0.0,0.0,0.0,0.0,0.0,0.0,0.0,0.0,0.0,0.0,0.0,0.0,0.0,0.0,0.0,0.0,0.0,0.0,0.0,0.0,0.0,0.0,0.0,0.0,0.0,0.0,0.0,0.0,0.0,0.0,0.0,0.0,0.0,0.0,0.0,0.0,0.0,0.0,0.0,0.0,0.0,0.0,0.0,0.0,0.0,0.0,0.0,0.0,0.0,0.0,0.0,0.0,0.0,0.0,0.0,0.0,0.0,0.0,0.0,0.0,0.0,0.0,0.0,0.0,0.0,0.0,0.0,0.0,0.0,0.0,0.0,0.0,0.0,0.0,0.0,0.0,0.0,0.0,0.0,0.0,0.0,0.0,0.0,0.0,0.0,0.0,0.0,0.0,0.0,0.0,0.0,0.0,0.0,0.0,0.0,0.0,0.0,0.0,0.0,0.0,0.0,0.0,0.0,0.0,0.0,0.0,0.0,0.0,0.0,0.0,0.0,0.0,0.0,0.0,0.0,0.0,0.0,0.0,0.0,0.0,0.0,0.0,0.0,0.0,0.0,0.0,0.0,0.0,0.0,0.0,0.0,0.0,0.0,0.0,0.0,0.0,0.0,0.0,0.0,0.0,0.0,0.0,0.0,0.0,0.0,0.0,0.0,0.0,0.0,9.232822671177265e-29,2.2594575736570276e-28,3.519374508820451e-28,4.59887887808389e-28,5.559875780110784e-28,6.489189936273295e-28,7.459398064535143e-28,8.525787642106345e-28,9.74086633944014e-28,1.114688115801267e-27,1.2794496241134838e-27,1.4741885391695665e-27,1.7059773678264102e-27,1.9836682943760278e-27,2.3185133677508367e-27,2.7249964855579093e-27,3.2219574227424162e-27,3.834152735468294e-27,4.594456303345766e-27,5.6430520085988105e-27,6.763677190311485e-27,8.292750704633311e-27,1.0280992486872822e-26,1.2883489392059437e-26,1.6334316189857387e-26,2.0978113341299318e-26,2.7330750233200644e-26,3.618143482579688e-26,4.876767521756464e-26,6.708427171154971e-26,9.444848283201984e-26,1.3657541013813296e-25,2.0371846769439907e-25,3.15155678404168e-25,5.091729321442916e-25,8.668956264808245e-25,1.5741287178535267e-24,3.098820714936883e-24,6.767403549811808e-24,1.6950891018816348e-23,5.118753151272792e-23,2.011134648007036e-22,1.1519560769612734e-21,1.1048992603531246e-20,1.8393013148087455e-19,3.953191028013455e-18,6.722877302577376e-17,6.88334587609668e-16,4.2060382056158585e-15,1.6896314109984925e-14,4.9507730660121974e-14,1.1494228854475698e-13,2.2466839279802126e-13,3.8614120256540247e-13,6.021318022958827e-13,8.715549743857025e-13,1.1909526716448193e-12,1.5559486286611398e-12,1.9622874150451437e-12,2.4062556932362942e-12,2.8843359606148424e-12,3.3921716696834305e-12,3.923620832699946e-12,4.470886849519444e-12,5.02556077317308e-12,5.57964956452453e-12,6.126158702000464e-12,6.659313134391158e-12,7.1745819602985665e-12,7.668602467101126e-12,8.139042483901145e-12,8.58439169846199e-12,9.003409579111974e-12,8.680475418009485e-12,8.73503005406417e-12,8.796631471762387e-12,8.857230312226687e-12,8.91777315955989e-12,8.978791445505903e-12,9.0404109790041e-12,9.102556964059016e-12,9.165078820370573e-12,9.227809811351378e-12,9.290591036392457e-12,9.353279110265626e-12,9.415747300579244e-12,9.477884407310357e-12,9.539593068913122e-12,9.600788084745391e-12,9.661394923277368e-12,9.721348439087589e-12,9.780591777734033e-12,9.839075439003173e-12,9.89675647117384e-12,9.953597773483373e-12,1.000956748837146e-11,1.0064638468738938e-11,1.0118787808357374e-11,1.017199642583598e-11,1.0224248694334953e-11,1.0275532110611627e-11,1.0325836998103658e-11,1.0375156239636263e-11,1.0423485036059855e-11,1.0470820687699903e-11,1.0517162395974548e-11,1.0562511082925343e-11,1.0606869226720902e-11,1.0650240711464339e-11,1.0692630689854062e-11,1.0734045457434238e-11,1.0774492337327426e-11,1.081397957447554e-11,1.0852516238529729e-11,1.0890112134624116e-11,1.0926777721351673e-11,1.0962524035336868e-11,1.0997362621855485e-11,1.1031305471011616e-11,1.1064364959027119e-11,1.1096553794239624e-11,1.1127884967445126e-11,1.115837170624996e-11,1.1188027433128686e-11,1.121686572691046e-11,1.124490028743459e-11,1.1272144903145037e-11,1.1298613421404945e-11,1.1324319721333277e-11,1.1349277688977946e-11,1.1373501194658325e-11,1.1397004072316527e-11,1.1419800100733931e-11,1.144190298647787e-11,1.1463326348449903e-11,1.1484083703924711e-11,1.1504188455964105e-11,1.1523653882113795e-11,1.1542493124280158e-11,1.1560719179708116e-11,1.1578344892973338e-11,1.1595382948914348e-11,1.1611845866436476e-11,1.1627745993118822e-11,1.1643095500563958e-11,1.1657906380435152e-11,1.1672190441125823e-11,1.1685959305011426e-11,1.1699224406240611e-11,1.1711996989018969e-11,1.1724288106346882e-11,1.1736108619176115e-11,1.174746919594526e-11,1.1758380312468801e-11,1.1768852252141427e-11,1.1778895106437383e-11,1.178851877567308e-11,1.1797732970011454e-11,1.180654721068523e-11,1.1814970831416915e-11,1.1823012980017116e-11,1.1830682620143752e-11,1.18379885332036e-11,1.1844939320380713e-11,1.185154340478019e-11,1.1857809033669906e-11,1.186374428081099e-11,1.1869357048863618e-11,1.1874655071858093e-11,1.1879645917723426e-11,1.1884336990859953e-11,1.1888735534752642e-11,1.1892848634613816e-11,1.1896683220051133e-11,1.1900246067750962e-11,1.1903543804174373e-11,1.1906582908259191e-11,1.1909369714122581e-11,1.1911910413759625e-11,1.1914211059735998e-11,1.1916277567867328e-11,1.1918115719884458e-11,1.1919731166081032e-11,1.192112942794007e-11,1.1922315900738188e-11,1.1923295856122055e-11,1.1924074444660188e-11,1.1924656698364395e-11,1.192504753317923e-11,1.1925251751440088e-11,1.192527404430017e-11,1.1925118994117487e-11,1.192479107681219e-11,1.1924294664184086e-11,1.1923634026194789e-11,1.192281333321239e-11,1.1921836658217585e-11,1.1920707978972785e-11,1.1919431180152868e-11,1.1918010055436749e-11,1.1916448309560832e-11,1.1914749560334511e-11,1.1912917340616545e-11,1.1910955100252744e-11,1.1908866207978088e-11,1.1906653953277664e-11,1.1904321548212741e-11,1.1901872129206872e-11,1.1899308758797915e-11,1.1896634427352232e-11,1.1893852054742279e-11,1.189096449198945e-11,1.188797452287077e-11,1.1884884865492063e-11,1.1881698173825164e-11,1.1878417039213779e-11,1.1875043991842817e-11,1.187158150217864e-11,1.186803198237415e-11,1.1864397787643475e-11,1.1860681217606456e-11,1.1856884517600464e-11,1.1853009879964219e-11,1.1849059445291415e-11,1.1845035303654439e-11,1.1840939495801683e-11,1.1836774014326175e-11,1.1832540804806361e-11,1.1828241766921743e-11,1.1823878755539928e-11,1.1819453581781797e-11,1.1814968014056937e-11,1.181042377907953e-11,1.1805822562856128e-11,1.1801166011652222e-11,1.1796455732935274e-11,1.179169329629483e-11,1.1786880234341653e-11,1.1782018043584389e-11,1.1777108185285221e-11,1.177215208629657e-11,1.1767151139875499e-11,1.1762106706479897e-11,1.175702011454554e-11,1.1751892661243697e-11,1.1746725613220837e-11,1.1741520207320952e-11,1.1736277651289731e-11,1.1730999124462047e-11,1.1725685778432715e-11,1.1720338737711648e-11,1.1714959100361451e-11,1.1709547938622316e-11,1.1704106299518845e-11,1.1698635205454433e-11,1.1693135654790627e-11,1.168760862241057e-11,1.1682055060272343e-11,1.1676475897947285e-11,1.1670872255608076e-11,1.1665244596922085e-11,1.1659593995819024e-11,1.1653921298826772e-11,1.1648227331502166e-11,1.164251289976603e-11,1.1636778790511561e-11,1.1631025772087379e-11,1.1625254594743424e-11,1.1619465991053631e-11,1.161366067633069e-11,1.1607839349025031e-11,1.160200269111837e-11,1.1596151368504355e-11,1.1590286031362672e-11,1.1584407314521553e-11,1.1578515837814663e-11,1.1572612206426196e-11,1.156669701123026e-11,1.1560770829120201e-11,1.1554834223331853e-11,1.1548887743756991e-11,1.154293192725142e-11,1.1536967297934057e-11,1.1530994367479557e-11,1.152501363540415e-11,1.1519025589343829e-11,1.151303070532762e-11,1.1507029448041364e-11,1.1501022271088843e-11,1.1495009617244417e-11,1.148899191869936e-11,1.1482969597304187e-11,1.147694306480435e-11,1.1470912723068572e-11,1.146487896431592e-11,1.1458842171332976e-11,1.1452802717689424e-11,1.144676096794589e-11,1.1440717277859241e-11,1.143467199458095e-11,1.1428625456852939e-11,1.142257799519592e-11,1.1416529932097603e-11,1.1410481582191048e-11,1.1404433252434351e-11,1.139838524228212e-11,1.1392337843854757e-11,1.1386291342103348e-11,1.1380246014971407e-11,1.1374202133551136e-11,1.13681599622389e-11,1.1362119758882854e-11,1.1356081774932597e-11,1.135004625558074e-11,1.1344013439902834e-11,1.1337983560994746e-11,1.1331956846106512e-11,1.1325933516772033e-11,1.1319913788937606e-11,1.1313897873085736e-11,1.130788597435726e-11,1.1301878292670644e-11,1.1295875022837617e-11,1.12898763546774e-11,1.1283882473127145e-11,1.127789355835085e-11,1.127190978584515e-11,1.1265931326543058e-11,1.125995834691527e-11,1.1253991009069118e-11,1.1248029470844984e-11,1.1242073885911038e-11,1.1236124403855928e-11,1.1230181170278642e-11,1.1224244326877024e-11,1.1218314011533893e-11,1.1212390358401796e-11,1.1206473497984818e-11,1.1200563557219808e-11,1.1194660659554793e-11,1.1188764925026114e-11,1.1182876470333463e-11,1.11769954089152e-11,1.1171121851016926e-11,1.1165255903765602e-11,1.1159397671235464e-11,1.115354725451722e-11,1.1147704751783109e-11,1.114187025835089e-11,1.1136043866747783e-11,1.1130225666770593e-11,1.112441574554745e-11,1.1118614187595258e-11,1.1112821074877957e-11,1.1107036486862746e-11,1.1101260500574776e-11,1.1095493190651675e-11,1.1089734629395504e-11,1.1083984886824291e-11,1.1078244030722782e-11,1.1072512126691711e-11,1.106678923819526e-11,1.1061075426609112e-11,1.1055370751266216e-11,1.1049675269501255e-11,1.1043989036695868e-11,1.1038312106321296e-11,1.1032644529980466e-11,1.1026986357449207e-11,1.1021337636716913e-11,1.1015698414026252e-11,1.10100687339118e-11,1.1004448639237094e-11,1.0998838171232531e-11,1.0993237369531718e-11,1.0987646272206231e-11,1.0982064915800838e-11,1.097649333536669e-11,1.0970931564495232e-11,1.096537963535131e-11,1.0959837578703305e-11,1.0954305423955492e-11,1.0948783199178216e-11,1.0943270931137142e-11,1.0937768645323561e-11,1.093227636598165e-11,1.0926794116137747e-11,1.0921321917626243e-11,1.0915859791117769e-11,1.091040775614369e-11,1.090496583112371e-11,1.0899534033389481e-11,1.0894112379209712e-11,1.088870088381443e-11,1.088329956141751e-11,1.087790842524109e-11,1.0872527487536836e-11,1.0867156759609306e-11,1.0861796251835877e-11,1.0856445973689568e-11,1.0851105933758695e-11,1.084577613976747e-11,1.0840456598595832e-11,1.0835147316298521e-11,1.0829848298124545e-11,1.0824559548535636e-11,1.0819281071224372e-11,1.0814012869132139e-11,1.0808754944466174e-11,1.0803507298717462e-11,1.0798269932676299e-11,1.0793042846450038e-11,1.0787826039478178e-11,1.0782619510548135e-11,1.077742325781071e-11,1.077223727879564e-11,1.0767061570426079e-11,1.0761896129032036e-11,1.0756740950365849e-11,1.0751596029615309e-11,1.0746461361417769e-11,1.0741336939872171e-11,1.0736222758553731e-11,1.0731118810525532e-11,1.072602508835075e-11,1.0720941584105957e-11,1.071586828939207e-11,1.0710805195346187e-11,1.0705752292653634e-11,1.0700709571558406e-11,1.0695677021874512e-11,1.0690654632996917e-11,1.0685642393911421e-11,1.0680640293205871e-11,1.0675648319078968e-11,1.0670666459351426e-11,1.0665694701475149e-11,1.0660733032542311e-11,1.0655781439295336e-11,1.0650839908135078e-11,1.064590842513078e-11,1.06409869760282e-11,1.0636075546257686e-11,1.063117412094319e-11,1.0626282684910735e-11,1.0621401222695239e-11,1.0616529718549675e-11,1.0611668156451516e-11,1.0606816520111309e-11,1.0601974792979348e-11,1.0597142958253144e-11,1.0592320998884241e-11,1.0587508897585939e-11,1.0582706636838436e-11,1.0577914198897171e-11,1.0573131565798567e-11,1.0568358719365957e-11,1.0563595641216867e-11,1.055884231276767e-11,1.0554098715240914e-11,1.0549364829670738e-11,1.0544640636907523e-11,1.0539926117625464e-11,1.0535221252326382e-11,1.0530526021345667e-11,1.0525840404858008e-11,1.0521164382881288e-11,1.0516497935283196e-11,1.0511841041784984e-11,1.0507193681966433e-11,1.0502555835271181e-11,1.0497927481010793e-11,1.0493308598369481e-11,1.0488699166408263e-11,1.0484099164070134e-11,1.0479508570183308e-11,1.0474927363465507e-11,1.047035552252887e-11,1.0465793025883095e-11,1.0461239851939676e-11,1.0456695979015568e-11,1.0452161385336945e-11,1.0447636049043205e-11,1.0443119948189999e-11,1.0438613060753042e-11,1.0434115364631363e-11,1.0429626837651222e-11,1.0425147457568425e-11,1.0420677202072076e-11,1.0416216048788094e-11,1.0411763975281698e-11,1.0407320959060483e-11,1.0402886977577494e-11,1.0398462008234287e-11,1.0394046028383533e-11,1.03896390153317e-11,1.0385240946341803e-11,1.0380851798636224e-11,1.0376471549399001e-11,1.0372100175778568e-11,1.0367737654890264e-11,1.036338396381848e-11,1.0359039079619664e-11,1.0354702979323268e-11,1.0350375639935867e-11,1.0346057038441411e-11,1.0341747151805445e-11,1.033744595697512e-11,1.0333153430883179e-11,1.0328869550448468e-11,1.0324594292579079e-11,1.0320327634172944e-11,1.0316069552121194e-11,1.0311820023309127e-11,1.0307579024618169e-11,1.030334653292766e-11,1.0299122525116829e-11,1.0294906978065592e-11,1.0290699868657531e-11,1.0286501173780532e-11,1.0282310870328687e-11,1.0278128935203702e-11,1.0273955345316533e-11,1.0269790077588711e-11,1.0265633108954238e-11,1.0261484416359624e-11,1.0257343976767481e-11,1.0253211767155662e-11,1.0249087764520266e-11,1.024497194587489e-11,1.0240864288254408e-11,1.0236764768714444e-11,1.0232673364332693e-11,1.02285900522107e-11,1.0224514809474827e-11,1.0220447613276347e-11,1.0216388440794602e-11,1.0212337269235704e-11,1.0208294075835155e-11,1.0204258837858093e-11,1.0200231532601064e-11,1.0196212137391435e-11,1.019220062959026e-11,1.018819698659157e-11,1.0184201185823938e-11,1.0180213204751334e-11,1.017623302087409e-11,1.0172260611729315e-11,1.0168295954891616e-11,1.016433902797473e-11,1.016038980863104e-11,1.0156448274553154e-11,1.0152514403474702e-11,1.0148588173170104e-11,1.0144669561456224e-11,1.0140758546192656e-11,1.0136855105281906e-11,1.0132959216670932e-11,1.0129070858350847e-11,1.0125190008358386e-11,1.0121316644775363e-11,1.0117450745730331e-11,1.0113592289398387e-11,1.0109741254001868e-11,1.010589761781123e-11,1.0102061359144907e-11,1.009823245637007e-11,1.009441088790342e-11,1.0090596632210836e-11,1.0086789667808542e-11,1.008298997326357e-11,1.0079197527193275e-11,1.0075412308266732e-11,1.0071634295204547e-11,1.0067863466779325e-11,1.0064099801816106e-11,1.0060343279192688e-11,1.0056593877839838e-11,1.0052851576741869e-11,1.0049116354936585e-11,1.0045388191516034e-11,1.0041667065626212e-11,1.0037952956467762e-11,1.0034245843296522e-11,1.0030545705422653e-11,1.002685252221212e-11,1.0023166273086592e-11,1.001948693752291e-11,1.0015814495054381e-11,1.0012148925270522e-11,1.0008490207816544e-11,1.0004838322394914e-11,1.0001193248764953e-11,9.997554966742405e-12,9.993923456200212e-12,9.990298697068742e-12,9.98668066933573e-12,9.983069353046361e-12,9.97946472830343e-12,9.975866775267503e-12,9.97227547415727e-12,9.968690805249262e-12,9.965112748878025e-12,9.96154128543641e-12,9.957976395375817e-12,9.954418059205888e-12,9.950866257494173e-12,9.947320970867796e-12,9.943782180011535e-12,9.940249865669506e-12,9.936724008643953e-12,9.933204589796436e-12,9.929691590046698e-12,9.926184990374202e-12,9.922684771816472e-12,9.919190915470198e-12,9.915703402490803e-12,9.912222214093236e-12,9.908747331550879e-12,9.905278736195785e-12,9.901816409419932e-12,9.898360332673372e-12,9.894910487465093e-12,9.891466855363723e-12,9.888029417996084e-12,9.884598157048416e-12,9.881173054265416e-12,9.877754091450726e-12,9.874341250466778e-12,9.870934513235065e-12,9.867533861735468e-12,9.86413927800671e-12,9.860750744145958e-12,9.857368242309316e-12,9.853991754710793e-12,9.850621263623717e-12,9.847256751379181e-12,9.843898200366977e-12,9.840545593035039e-12,9.8371989118892e-12,9.833858139494196e-12,9.830523258472237e-12,9.827194251503516e-12,9.823871101326232e-12,9.820553790736679e-12,9.817242302588696e-12,9.813936619793286e-12,9.810636725320038e-12,9.807342602194944e-12,9.804054233502098e-12,9.800771602382641e-12,9.797494692034549e-12,9.794223485713243e-12,9.790957966731101e-12,9.787698118457169e-12,9.78444392431729e-12,9.781195367794053e-12,9.77795243242645e-12,9.774715101809729e-12,9.77148335959583e-12,9.768257189492371e-12,9.76503657526335e-12,9.761821500728795e-12,9.758611949764122e-12,9.75540790630069e-12,9.75220935432576e-12,9.749016277881048e-12,9.745828661064411e-12,9.742646488028612e-12,9.739469742981514e-12,9.736298410185764e-12,9.733132473958812e-12,9.729971918672534e-12,9.726816728753996e-12,9.723666888683633e-12,9.720522382996912e-12,9.717383196282868e-12,9.714249313184896e-12,9.711120718399717e-12,9.707997396678074e-12,9.704879332823876e-12,9.701766511694844e-12,9.698658918201604e-12,9.695556537307821e-12,9.692459354030107e-12,9.689367353438096e-12,9.686280520653604e-12,9.683198840851291e-12,9.680122299257919e-12,9.677050881152735e-12,9.673984571866371e-12,9.670923356782082e-12,9.667867221334123e-12,9.664816151009143e-12,9.661770131344219e-12,9.658729147928456e-12,9.655693186401743e-12,9.652662232454784e-12,9.649636271829166e-12,9.646615290317384e-12,9.643599273761847e-12,9.640588208055832e-12,9.637582079142459e-12,9.634580873014697e-12,9.631584575715769e-12,9.628593173338378e-12,9.625606652024481e-12,9.622624997965828e-12,9.619648197402933e-12,9.616676236625915e-12,9.61370910197313e-12,9.610746779832166e-12,9.607789256638837e-12,9.604836518877652e-12,9.601888553080806e-12,9.59894534582933e-12,9.596006883751578e-12,9.593073153523824e-12,9.590144141870186e-12,9.587219835561726e-12,9.584300221417247e-12,9.581385286302315e-12,9.578475017129697e-12,9.575569400858656e-12,9.572668424495437e-12,9.569772075092404e-12,9.566880339748214e-12,9.563993205608428e-12,9.561110659863404e-12,9.558232689750217e-12,9.555359282550963e-12,9.552490425593723e-12,9.5496261062519e-12,9.546766311943575e-12,9.54391103013232e-12,9.541060248326554e-12,9.538213954078955e-12,9.53537213498711e-12,9.5325347786931e-12,9.529701872882886e-12,9.52687340528641e-12,9.524049363677707e-12,9.52122973587468e-12,9.51841450973876e-12,9.515603673174387e-12,9.51279721412967e-12,9.5099951205957e-12,9.507197380606483e-12,9.50440398223884e-12,9.50161491361228e-12,9.498830162888684e-12,9.496049718272207e-12,9.493273568009046e-12,9.490501700387521e-12,9.487734103738239e-12,9.48497076643251e-12,9.48221167688418e-12,9.479456823547762e-12,9.476706194919282e-12,9.47395977953565e-12,9.471217565975094e-12,9.468479542855989e-12,9.465745698837805e-12,9.463016022620244e-12,9.460290502943177e-12,9.457569128586869e-12,9.454851888371374e-12,9.452138771156846e-12,9.449429765842674e-12,9.446724861368137e-12,9.444024046711889e-12,9.441327310891573e-12,9.438634642964306e-12,9.435946032025284e-12,9.433261467209603e-12,9.430580937690266e-12,9.42790443267888e-12,9.4252319414255e-12,9.422563453218316e-12,9.419898957383377e-12,9.417238443284935e-12,9.414581900324777e-12,9.411929317942402e-12,9.4092806856145e-12,9.406635992855423e-12,9.40399522921629e-12,9.401358384285816e-12,9.39872544768874e-12,9.396096409087295e-12,9.393471258179835e-12,9.390849984701455e-12,9.38823257842343e-12,9.385619029152944e-12,9.383009326733464e-12,9.380403461044268e-12,9.377801422000552e-12,9.375203199552648e-12,9.372608783686557e-12,9.370018164423973e-12,9.36743133182103e-12,9.364848275969288e-12,9.362268986995265e-12,9.359693455060256e-12,9.35712167036015e-12,9.354553623124946e-12,9.351989303619298e-12,9.349428702141984e-12,9.346871809026372e-12,9.344318614638538e-12,9.341769109379681e-12,9.339223283684027e-12,9.336681128019091e-12,9.33414263288637e-12,9.331607788820453e-12,9.329076586388796e-12,9.32654901619222e-12,9.324025068863972e-12,9.321504735070632e-12,9.31898800551068e-12,9.316474870915744e-12,9.313965322049508e-12,9.311459349707718e-12,9.30895694471849e-12,9.306458097941862e-12,9.303962800269508e-12,9.301471042625084e-12,9.298982815963468e-12,9.296498111271571e-12,9.294016919566894e-12,9.291539231898833e-12,9.28906503934744e-12,9.286594333023725e-12,9.284127104069892e-12,9.281663343658449e-12,9.279203042992809e-12,9.276746193306374e-12,9.274292785863451e-12,9.271842811958028e-12,9.269396262914963e-12,9.266953130088326e-12,9.26451340486224e-12,9.262077078650629e-12,9.259644142897404e-12,9.257214589075185e-12,9.254788408686704e-12,9.252365593263301e-12,9.249946134366102e-12,9.247530023584985e-12,9.245117252538686e-12,9.242707812874571e-12,9.240301696268982e-12,9.237898894427009e-12,9.235499399081445e-12,9.233103201994079e-12,9.230710294954718e-12,9.228320669781281e-12,9.225934318319712e-12,9.223551232443721e-12,9.221171404054638e-12,9.218794825081886e-12,9.21642148748234e-12,9.21405138324002e-12,9.21168450436627e-12,9.209320842900257e-12,9.206960390907159e-12,9.204603140480323e-12,9.202249083739257e-12,9.199898212830323e-12,9.197550519926756e-12,9.19520599722841e-12,9.192864636961346e-12,9.190526431377888e-12,9.188191372756933e-12,9.18585945340357e-12,9.183530665648343e-12,9.181205001848185e-12,9.178882454386087e-12,9.176563015670102e-12,9.174246678134135e-12,9.17193343423838e-12,9.169623276467018e-12,9.167316197330663e-12,9.165012189364606e-12,9.162711245129494e-12,9.160413357211073e-12,9.158118518219388e-12,9.155826720790098e-12,9.153537957582814e-12,9.151252221282252e-12,9.148969504597505e-12,9.146689800262072e-12,9.144413101033708e-12,9.142139399694576e-12,9.139868689050289e-12,9.137600961931799e-12,9.13533621119231e-12,9.133074429710345e-12,9.130815610387287e-12,9.128559746148414e-12,9.126306829942433e-12,9.124056854741809e-12,9.121809813541615e-12,9.119565699361423e-12,9.117324505242588e-12,9.115086224250585e-12,9.112850849473289e-12,9.110618374021685e-12,9.108388791029734e-12,9.106162093653603e-12,9.103938275072455e-12,9.101717328488009e-12,9.099499247124135e-12,9.097284024227066e-12,9.09507165306578e-12,9.09286212693089e-12,9.09065543913526e-12,9.088451583013676e-12,9.086250551922998e-12,9.084052339241893e-12,9.081856938370447e-12,9.079664342730636e-12,9.077474545766136e-12,9.075287540941774e-12,9.073103321744057e-12,9.070921881680145e-12,9.06874321427935e-12,9.06656731309167e-12,9.064394171687967e-12,9.062223783660318e-12,9.060056142621626e-12,9.05789124220516e-12,9.055729076066088e-12,9.053569637878708e-12,9.051412921338845e-12,9.049258920162497e-12,9.047107628085954e-12,9.044959038866175e-12,9.042813146279996e-12,9.04066994412434e-12,9.038529426216544e-12,9.036391586393628e-12,9.034256418512543e-12,9.03212391645039e-12,9.029994074103616e-12,9.027866885388431e-12,9.02574234424081e-12,9.023620444616031e-12,9.02150118048903e-12,9.019384545854072e-12,9.017270534724261e-12,9.015159141132674e-12,9.013050359130783e-12,9.010944182789658e-12,9.00884060619894e-12,9.006739623467692e-12,9.004641228723319e-12,9.002545416112094e-12,9.000452179799187e-12,8.998361513968173e-12,8.996273412821327e-12,8.994187870579058e-12,8.992104881480482e-12,8.990024439783221e-12,8.987946539762556e-12,8.985871175712416e-12,8.983798341944618e-12,8.981728032789238e-12,8.979660242593937e-12,8.977594965724628e-12,8.975532196565071e-12,8.97347192951635e-12,8.97141415899761e-12,8.969358879445653e-12,8.967306085314373e-12,8.965255771075957e-12,8.963207931219086e-12,8.961162560250263e-12,8.959119652693316e-12,8.957079203089209e-12,8.955041205995886e-12,8.95300565598858e-12,8.950972547659389e-12,8.948941875617165e-12,8.946913634488376e-12,8.944887818915394e-12,8.942864423557913e-12,8.940843443092227e-12,8.938824872210952e-12,8.936808705623439e-12,8.934794938055601e-12,8.932783564249845e-12,8.93077457896472e-12,8.928767976975041e-12,8.926763753072077e-12,8.924761902063115e-12,8.922762418771609e-12,8.920765298037048e-12,8.918770534714871e-12,8.916778123676615e-12,8.914788059809324e-12,8.912778100986137e-12,8.910791126111516e-12,8.908807592457116e-12,8.906826589081096e-12,8.904847992777014e-12,8.90287175368936e-12,8.900897845977892e-12,8.89892625468365e-12,8.896956970067406e-12,8.8949899848978e-12,8.893025293142123e-12,8.891062889351265e-12,8.889102768362699e-12,8.887144925152356e-12,8.885189354779835e-12,8.883236052313773e-12,8.881285012917732e-12,8.87933623174456e-12,8.877389703964452e-12,8.875445424764709e-12,8.873503389347911e-12,8.871563592931063e-12,8.869626030850253e-12,8.86769069824771e-12,8.865757590384941e-12,8.863826702597001e-12,8.86189803011949e-12,8.859971568250091e-12,8.858047312316779e-12,8.856125257631256e-12,8.854205399560169e-12,8.85228773346953e-12,8.85037225471436e-12,8.848458958697902e-12,8.846547840816358e-12,8.844638896503837e-12,8.842732121169654e-12,8.840827510261594e-12,8.838925059248923e-12,8.837024763606473e-12,8.835126618785013e-12,8.833230620324303e-12,8.831336763726469e-12,8.829445044467628e-12,8.827555457162653e-12,8.825667999126617e-12,8.823782664829199e-12,8.821899450218564e-12,8.820018350880683e-12,8.81813936247092e-12,8.816262480495029e-12,8.814387700787886e-12,8.812515018270705e-12,8.810644429449259e-12,8.808775929575874e-12,8.806909514478001e-12,8.805045180004737e-12,8.803182921458456e-12,8.80132273475451e-12,8.79946461563815e-12,8.79760856007397e-12,8.795754563364728e-12,8.793902621467844e-12,8.792052730130282e-12,8.79020488519559e-12,8.788359082526351e-12,8.78651531798362e-12,8.784673587307869e-12,8.782833886376029e-12,8.780996211081252e-12,8.779160557254803e-12,8.777326920777495e-12,8.775495297543505e-12,8.773665683458786e-12,8.771838074424767e-12,8.770012466387857e-12,8.768188855289006e-12,8.766367237082451e-12,8.764547607732847e-12,8.762729963217052e-12,8.760914299491764e-12,8.759100612589516e-12,8.757288898402723e-12,8.75547915306763e-12,8.753671372622135e-12,8.751865553113962e-12,8.750061690595686e-12,8.748259781143826e-12,8.74645982083515e-12,8.744661805764376e-12,8.742865732032151e-12,8.74107159575154e-12,8.73927939305128e-12,8.737489120067935e-12,8.735700772951837e-12,8.733914347860251e-12,8.732129840966317e-12,8.730347248453614e-12,8.72856656651214e-12,8.726787791347076e-12,8.725010919171088e-12,8.72323594648543e-12,8.721462869159727e-12,8.719691683586045e-12,8.717922385872423e-12,8.716154972317797e-12,8.714389439343777e-12,8.712625783062259e-12,8.710863999875968e-12,8.709104086206878e-12,8.707346038453122e-12,8.705589852254395e-12,8.703835524766172e-12,8.7020830519357e-12,8.700332430230678e-12,8.69858365599892e-12,8.696836725623134e-12,8.69509163549591e-12,8.693348382020157e-12,8.691606961608523e-12,8.689867370684476e-12,8.688129605679941e-12,8.686393663039158e-12,8.684659539216656e-12,8.682927230674548e-12,8.681196733891149e-12,8.679468045337846e-12,8.677741161514859e-12,8.676016078920033e-12,8.674292794062551e-12,8.672571303476337e-12,8.67085160368892e-12,8.669133691241828e-12,8.667417562665261e-12,8.665703214564488e-12,8.663990643485864e-12,8.662279846016201e-12,8.660570818814678e-12,8.658863558219376e-12,8.65715806111057e-12,8.655454324022077e-12,8.653752343577246e-12,8.652052116620541e-12,8.650353638710572e-12,8.648656908063572e-12,8.646961920666285e-12,8.645268673174376e-12,8.643577162284447e-12,8.641887384688185e-12,8.640199337229566e-12,8.63851301635326e-12,8.636828418902053e-12,8.635145541602896e-12,8.6334643811942e-12,8.631784934420565e-12,8.630107198038426e-12,8.628431168811292e-12,8.626756843511127e-12,8.625084218779741e-12,8.623413291664644e-12,8.62174405885074e-12,8.620076517145154e-12,8.618410663368964e-12,8.616746494339127e-12,8.615084006889645e-12,8.613423197863817e-12,8.611764064112837e-12,8.610106602495438e-12,8.6084508093893e-12,8.606796682164654e-12,8.605144217713457e-12,8.603493412912629e-12,8.601844264680643e-12,8.600196769921075e-12,8.598550925554501e-12,8.596906728504028e-12,8.595264175707579e-12,8.593623264109744e-12,8.591983990653167e-12,8.590346352305405e-12,8.588710346034018e-12,8.5870759688192e-12,8.58544321763846e-12,8.58381208948951e-12,8.582182581369103e-12,8.580554690290098e-12,8.578928413263135e-12,8.577303747316298e-12,8.57568068948124e-12,8.574059236795803e-12,8.57243938631305e-12,8.570821135088812e-12,8.56920448018214e-12,8.56758941867669e-12,8.565975947640464e-12,8.56436406416012e-12,8.56275376534164e-12,8.561145048279864e-12,8.559537910089656e-12,8.557932347885723e-12,8.556328358797362e-12,8.554725939949898e-12,8.553125088492685e-12,8.55152580157255e-12,8.549928076345526e-12,8.548331909978755e-12,8.546737299635857e-12,8.545144242501865e-12,8.543552735759483e-12,8.54196277660878e-12,8.540374362237837e-12,8.53878748986244e-12,8.537202156699776e-12,8.535618359975056e-12,8.53403609744592e-12,8.532455365816898e-12,8.530876162332641e-12,8.529298484246803e-12,8.527722328815364e-12,8.526147693304795e-12,8.52457457498577e-12,8.523002971140846e-12,8.521432879059012e-12,8.519864296005731e-12,8.51829721931296e-12,8.516731646289292e-12,8.51516757424915e-12,8.513605000516345e-12,8.512043922420225e-12,8.510484337613652e-12,8.508926242796671e-12,8.507369636001812e-12,8.50581451388697e-12,8.504260874157151e-12,8.502708714185446e-12,8.501158031342807e-12,8.499608823029208e-12,8.498061086611382e-12,8.496514819515316e-12,8.49497001913207e-12,8.493426682874991e-12,8.49188480816e-12,8.490344392411537e-12,8.488805433056273e-12,8.487267927542105e-12,8.485731873302771e-12,8.484197267791933e-12,8.48266410846803e-12,8.481132392788792e-12,8.479602118232194e-12,8.478073282283393e-12,8.476545882404968e-12,8.47501991609531e-12,8.47349538085008e-12,8.47197227417174e-12,8.470450593562634e-12,8.46893033652983e-12,8.467411500627821e-12,8.465894083364668e-12,8.464378082273637e-12,8.462863495259993e-12,8.461350319229207e-12,8.459838551913711e-12,8.458328190968884e-12,8.456819234046035e-12,8.45531167854168e-12,8.453805522172644e-12,8.452300762503737e-12,8.450797396999561e-12,8.449295423340206e-12,8.44779483913084e-12,8.446295641973066e-12,8.444797829491759e-12,8.44330139928059e-12,8.441806348925859e-12,8.440312676200443e-12,8.438820378652017e-12,8.437329453936283e-12,8.435839899695872e-12,8.434351713585476e-12,8.432864893265814e-12,8.43137943640319e-12,8.42989534066669e-12,8.428412603602323e-12,8.426931223002404e-12,8.425451196705393e-12,8.423972522171362e-12,8.422495197328104e-12,8.421019219768035e-12,8.419544587203819e-12,8.418071297361189e-12,8.416599347855662e-12,8.415128736645751e-12,8.413659461300309e-12,8.412191519596878e-12,8.410724909291802e-12,8.409259628123138e-12,8.407795673859277e-12,8.406333044246824e-12,8.404871737061804e-12,8.403411750115217e-12,8.401953081161948e-12,8.400495727934552e-12,8.399039688270944e-12,8.397584959979814e-12,8.39613154068043e-12,8.394679428953714e-12,8.393228621514351e-12,8.391779116661703e-12,8.390330912224157e-12,8.388884006024059e-12,8.387438395925832e-12,8.385994079833216e-12,8.384551055390944e-12,8.383109320685575e-12,8.38166887330141e-12,8.380229711235584e-12,8.378791832450835e-12,8.377355234577067e-12,8.375919915552662e-12,8.37448587328337e-12,8.373053105688927e-12,8.371621610382419e-12,8.370191385884523e-12,8.3687624299483e-12,8.367334739705699e-12,8.36590831417458e-12,8.36448315009318e-12,8.363059246723671e-12,8.36163660132873e-12,8.360215211757428e-12,8.3587950758447e-12,8.357376191817494e-12,8.355958558020837e-12,8.354542171326935e-12,8.353127030280157e-12,8.3517131333008e-12,8.350300478453436e-12,8.348889062047028e-12,8.347478883011105e-12,8.346069939544079e-12,8.344662229444042e-12,8.343255750764817e-12,8.341850501398863e-12,8.340446479775521e-12,8.339043683399271e-12,8.33764211038016e-12,8.336241758877106e-12,8.334842626886933e-12,8.333444712383417e-12,8.332048013393807e-12,8.33065252794958e-12,8.329258254087198e-12,8.327865189822083e-12,8.326473333251011e-12,8.325082682314648e-12,8.323693235236108e-12,8.322304989905246e-12,8.320917944469388e-12,8.319532097059945e-12,8.318147445626216e-12,8.316763988373527e-12,8.315381723319858e-12,8.314000648551313e-12,8.312620762156423e-12,8.311242062236733e-12,8.309864546891807e-12,8.308488214222706e-12,8.307113062338233e-12,8.30573908934912e-12,8.304366293379613e-12,8.302994672486444e-12,8.301624224921784e-12,8.300254948750479e-12,8.298886842114738e-12,8.29751990315084e-12,8.296154129930889e-12,8.294789520700218e-12,8.293426073635347e-12,8.292063786844143e-12,8.29070265852298e-12,8.28934268670217e-12,8.287983869531958e-12,8.28662620551118e-12,8.28526969258382e-12,8.283914328971533e-12,8.282560112825583e-12,8.281207042914612e-12,8.279855116343161e-12,8.278504331846853e-12,8.277154687574343e-12,8.275806181840323e-12,8.274458812806865e-12,8.27311257860163e-12,8.271767477513527e-12,8.270423508066465e-12,8.269080667994877e-12,8.267738955741328e-12,8.266398369535897e-12,8.265058907618031e-12,8.263720568278412e-12,8.262383349721499e-12,8.261047250201489e-12,8.259712267974463e-12,8.258378401300133e-12,8.257045648442685e-12,8.25571400767023e-12,8.254383477254395e-12,8.253054055471235e-12,8.251725740600503e-12,8.250398530925614e-12,8.2490724247343e-12,8.247747420318056e-12,8.246423515972335e-12,8.245100709996237e-12,8.243779000692592e-12,8.242458386368527e-12,8.24113886533423e-12,8.239820435905002e-12,8.23850309639873e-12,8.237186845137443e-12,8.235871680447105e-12,8.234557600657395e-12,8.233244604101674e-12,8.231932689117193e-12,8.230621854044646e-12,8.229312097229429e-12,8.228003416980074e-12,8.226695811687948e-12,8.225389279708375e-12,8.224083819401061e-12,8.222779429157227e-12,8.221476107315862e-12,8.22017385224258e-12,8.218872662255702e-12,8.217572535797375e-12,8.216273471244521e-12,8.214975466987343e-12,8.213678521408983e-12,8.212382632903122e-12,8.211087799866143e-12,8.209794020700425e-12,8.208501293804697e-12,8.207209617587511e-12,8.205918990456342e-12,8.204629410827965e-12,8.20334087711511e-12,8.202053387742952e-12,8.200766941133774e-12,8.199481535714278e-12,8.198197169916047e-12,8.19691384217228e-12,8.195631550920124e-12,8.194350294603337e-12,8.193070071665252e-12,8.191790880554092e-12,8.190512719723256e-12,8.189235587624237e-12,8.187959482717217e-12,8.186684403465693e-12,8.185410348332507e-12,8.184137315784188e-12,8.182865304297198e-12,8.181594312344463e-12,8.180324338402851e-12,8.179055380956983e-12,8.177787438533464e-12,8.176520509575957e-12,8.175254591951206e-12,8.173989685402855e-12,8.17272578769947e-12,8.17146289755886e-12,8.170201013356051e-12,8.168940133843292e-12,8.167680257176774e-12,8.166421381943815e-12,8.165163506685045e-12,8.163906629959744e-12,8.162650750291716e-12,8.161395866208756e-12,8.160141976242158e-12,8.158889078925054e-12,8.157637172796046e-12,8.156386256393504e-12,8.155136328260187e-12,8.153887386944598e-12,8.152639430994274e-12,8.151392458965602e-12,8.150146469410137e-12,8.148901460889561e-12,8.147657431967887e-12,8.146414381203945e-12,8.145172307171413e-12,8.143931208439415e-12,8.142691083583998e-12,8.141451931179712e-12,8.140213749808089e-12,8.138976538053477e-12,8.137740294504026e-12,8.136505017747208e-12,8.135270706545681e-12,8.134037359486638e-12,8.132804974640905e-12,8.131573550979641e-12,8.130343087064168e-12,8.12911358167141e-12,8.127885033227059e-12,8.126657440454746e-12,8.125430801912292e-12,8.124205116221745e-12,8.122980381943697e-12,8.121756597805806e-12,8.12053376235085e-12,8.11931187435048e-12,8.118090932258763e-12,8.116870934793299e-12,8.115651880739504e-12,8.114433768542921e-12,8.11321659682976e-12,8.112000364322648e-12,8.110785069666855e-12,8.109570711517977e-12,8.108357288468068e-12,8.107144799260268e-12,8.105933242618843e-12,8.10472261726726e-12,8.103512922297967e-12,8.102304155771332e-12,8.101096315881365e-12,8.099889401907736e-12,8.098683412451195e-12,8.097478346377886e-12,8.096274201609242e-12,8.09507097784538e-12,8.093868673292647e-12,8.092667286661042e-12,8.09146681667935e-12,8.090267261944369e-12,8.08906862133038e-12,8.087870893408468e-12,8.086674077122621e-12,8.085478170904378e-12,8.084283173489236e-12,8.083089083698138e-12,8.081895900256271e-12,8.080703621868788e-12,8.07951224721093e-12,8.07832177505792e-12,8.077132204112529e-12,8.075943533106426e-12,8.074755760677796e-12,8.073568885771046e-12,8.07238290702125e-12,8.071197823151482e-12,8.070013632913002e-12,8.068830335056093e-12,8.067647928331515e-12,8.066466411490602e-12,8.065285783458842e-12,8.064106042821728e-12,8.062927188341583e-12,8.06174921878522e-12,8.060572132911206e-12,8.059395929492323e-12,8.05822060729001e-12,8.057046165082147e-12,8.055872601454695e-12,8.05469991536832e-12,8.053528105653888e-12,8.052357170980327e-12,8.051187110174767e-12,8.05001792204029e-12,8.048849605371766e-12,8.047682158949298e-12,8.046515581575775e-12,8.045349872020044e-12,8.044185029132923e-12,8.043021051689453e-12,8.041857938610051e-12,8.04069568844269e-12,8.039534300156565e-12,8.03837377252858e-12,8.037214104466586e-12,8.036055294644761e-12,8.034897341937086e-12,8.033740245256138e-12,8.032584003288782e-12,8.031428613846353e-12,8.030274077762821e-12,8.029120393211215e-12,8.027967558517023e-12,8.026815572796121e-12,8.025664434773536e-12,8.02451414327911e-12,8.023364697327611e-12,8.02221609564047e-12,8.02106833715703e-12,8.019921420440056e-12,8.01877534465336e-12,8.017630108573847e-12,8.016485710954313e-12,8.015342150689946e-12,8.014199426654264e-12,8.013057537815512e-12,8.01191648301628e-12,8.010776261023741e-12,8.009636870675373e-12,8.008498310984423e-12,8.007360581030844e-12,8.006223679136855e-12,8.00508760446028e-12,8.003952355902966e-12,8.00281793230856e-12,8.001684332701378e-12,8.00055155572535e-12,7.999419600433251e-12,7.998288465563808e-12,7.99715815040279e-12,7.996028653375829e-12,7.994899973443703e-12,7.993772109628529e-12,7.992645060734867e-12,7.991518826027205e-12,7.990393404155517e-12,7.989268793969468e-12,7.988144994534897e-12,7.987022004559821e-12,7.985899823103466e-12,7.98477844910147e-12,7.98365788147085e-12,7.982538119022779e-12,7.981419160739635e-12,7.980301005421665e-12,7.979183652229337e-12,7.978067099996113e-12,7.976951347688005e-12,7.975836394196879e-12,7.974722238472532e-12,7.973608879411997e-12,7.972496316005794e-12,7.971384547178439e-12,7.970273571911907e-12,7.969163389072612e-12,7.968053997656834e-12,7.966945396615266e-12,7.965837584882092e-12,7.96473056143296e-12,7.963624325246072e-12,7.962518875257941e-12,7.961414210430319e-12,7.960310329726187e-12,7.959207232064553e-12,7.958104916402986e-12,7.957003381923085e-12,7.95590262734002e-12,7.95480265188484e-12,7.953703454411249e-12,7.952605033681384e-12,7.951507388869167e-12,7.95041051894212e-12,7.949314422884581e-12,7.948219099642661e-12,7.947124548285898e-12,7.94603076771184e-12,7.944937757018011e-12,7.943845515109805e-12,7.942754040977583e-12,7.941663333679558e-12,7.94057339233971e-12,7.939484215655535e-12,7.938395802778642e-12,7.937308152704043e-12,7.936221264448548e-12,7.935135137330425e-12,7.934049769620472e-12,7.932965160869549e-12,7.93188130998014e-12,7.930798215968104e-12,7.929715877851017e-12,7.928634294648665e-12,7.92755346538257e-12,7.926473389076038e-12,7.9253940647544e-12,7.924315491444715e-12,7.923237668175943e-12,7.922160593978702e-12,7.921084267885728e-12,7.9200086889316e-12,7.918933856152415e-12,7.917859768586549e-12,7.916786425273663e-12,7.915713825343671e-12,7.914641967358578e-12,7.913570851253057e-12,7.912500475239212e-12,7.91143083821281e-12,7.910361940372575e-12,7.909293780113219e-12,7.908226356562144e-12,7.907159668603221e-12,7.906093715467404e-12,7.905028496073948e-12,7.90396400956745e-12,7.90290025499647e-12,7.901837231418766e-12,7.900774937917772e-12,7.899713373607837e-12,7.898652537430893e-12,7.897592428396212e-12,7.896533046060367e-12,7.895474388945558e-12,7.894416456335095e-12,7.893359247306802e-12,7.892302760940663e-12,7.891246996320486e-12,7.890191952560879e-12,7.889137628920218e-12,7.888084023823718e-12,7.887031137154667e-12,7.885978967627282e-12,7.884927514388933e-12,7.883876776517934e-12,7.88282675303272e-12,7.881777443123604e-12,7.880728845906571e-12,7.879680960450948e-12,7.878633785670216e-12,7.8775873211354e-12,7.87654156583701e-12,7.875496518468973e-12,7.874452178493395e-12,7.873408544930477e-12,7.872365617003623e-12,7.871323392927353e-12,7.870281873185049e-12,7.869241056389036e-12,7.86820094157182e-12,7.867161527788188e-12,7.86612281421165e-12,7.865084799241103e-12,7.864047482740341e-12,7.86301086469465e-12,7.86197494295287e-12,7.860939717584069e-12,7.859905187057326e-12,7.858871350532204e-12,7.857838207434627e-12,7.85680575599185e-12,7.855773996870995e-12,7.854742927720212e-12,7.853712548771853e-12,7.852682858887313e-12,7.851653857245791e-12,7.85062554286064e-12,7.849597914878127e-12,7.848570972444959e-12,7.847544714793408e-12,7.846519141013668e-12,7.845494250237985e-12,7.844470041558492e-12,7.843446514043743e-12,7.84242366712766e-12,7.841401499613443e-12,7.840380011123177e-12,7.839359200584715e-12,7.838339067203027e-12,7.83731961026793e-12,7.836300829079576e-12,7.835282722246413e-12,7.834265289296836e-12,7.833248528764887e-12,7.832232440458531e-12,7.831217023765689e-12,7.830202277624096e-12,7.82918820071811e-12,7.828174792362751e-12,7.827162052176217e-12,7.82614997979575e-12,7.825138573397476e-12,7.824127833014255e-12,7.823117757417212e-12,7.822108345776297e-12,7.821099597314644e-12,7.82009151118143e-12,7.819084086638437e-12,7.818077322779407e-12,7.817071219039739e-12,7.816065774103288e-12,7.815060986876022e-12,7.814056857790886e-12,7.81305338556831e-12,7.812050569307697e-12,7.811048407105271e-12,7.810046900333875e-12,7.809046047100538e-12,7.80804584726979e-12,7.807046298760771e-12,7.806047400857219e-12,7.80504915361532e-12,7.804051556295453e-12,7.803054606924317e-12,7.80205830585438e-12,7.801062652637211e-12,7.800067645747295e-12,7.799073284621806e-12,7.798079568501955e-12,7.79708649642141e-12,7.796094068906008e-12,7.795102283973574e-12,7.79411113976368e-12,7.793120636617295e-12,7.792130773648259e-12,7.791141549874934e-12,7.790152964724397e-12,7.789165018106787e-12,7.788177708695854e-12,7.78719103503716e-12,7.786204997205696e-12,7.785219595411348e-12,7.78423482714206e-12,7.783250693027899e-12,7.782267191491764e-12,7.781284321360347e-12,7.780302082358702e-12,7.779320473792212e-12,7.778339494896219e-12,7.777359144854667e-12,7.77637942314875e-12,7.775400328681023e-12,7.774421860926994e-12,7.773444019068102e-12,7.772466802295735e-12,7.771490210045795e-12,7.770514241497106e-12,7.769538895952141e-12,7.768564172630598e-12,7.767590070792292e-12,7.76661658970863e-12,7.765643728584593e-12,7.76467148674468e-12,7.763699863500816e-12,7.762728858031713e-12,7.761758469655425e-12,7.76078869779887e-12,7.759819541530528e-12,7.758851000241332e-12,7.757883073093875e-12,7.756915759267088e-12,7.755949057673506e-12,7.754982968613076e-12,7.754017490939453e-12,7.753052623903633e-12,7.75208836593706e-12,7.751124717840986e-12,7.750161678140675e-12,7.74919924630062e-12,7.748237421440206e-12,7.747276202507711e-12,7.746315589608671e-12,7.745355580973912e-12,7.744396177191403e-12,7.74343737691987e-12,7.742479178702158e-12,7.741521582544442e-12,7.740564588459622e-12,7.739608196286509e-12,7.738652402883298e-12,7.737697208752754e-12,7.736742613209115e-12,7.735788616864604e-12,7.73483521782513e-12,7.733882413866596e-12,7.732930205629045e-12,7.731978592384911e-12,7.731027573670914e-12,7.730077148355128e-12,7.729127316511413e-12,7.728178077055383e-12,7.727229429159776e-12,7.726281372266905e-12,7.725333905698316e-12,7.724387028765906e-12,7.723440740793225e-12,7.722495041099147e-12,7.721549929001227e-12,7.720605403829252e-12,7.71966146491607e-12,7.71871811157307e-12,7.717775343126645e-12,7.716833158903494e-12,7.7158915583687e-12,7.714950540676839e-12,7.714010105171396e-12,7.713070251183395e-12,7.71213097810428e-12,7.711192285134521e-12,7.710254171739709e-12,7.709316637360317e-12,7.708379681233983e-12,7.707443302382698e-12,7.706507500581521e-12,7.705572275066776e-12,7.704637625012675e-12,7.703703550034761e-12,7.702770049365298e-12,7.7018371220919e-12,7.700904767992946e-12,7.699972986137038e-12,7.699041776094305e-12,7.698111136331584e-12,7.697181067591672e-12,7.696251568483765e-12,7.695322638197709e-12,7.694394276529417e-12,7.693466482831307e-12,7.69253925610465e-12,7.69161259594304e-12,7.690686501675684e-12,7.689760972727822e-12,7.688836008494565e-12,7.68791160795824e-12,7.686987770672747e-12,7.686064496051283e-12,7.685141783475521e-12,7.684219632291387e-12,7.683298041872757e-12,7.682377011474275e-12,7.681456540669511e-12,7.680536628735885e-12,7.679617275038387e-12,7.678698480013683e-12,7.677780241142572e-12,7.676862558363847e-12,7.675945431459724e-12,7.675028859597664e-12,7.674112842213673e-12,7.673197378814724e-12,7.67228246854808e-12,7.67136811090797e-12,7.670454305234594e-12,7.669541050881078e-12,7.668628347418522e-12,7.667716194153923e-12,7.666804590371992e-12,7.665893535596382e-12,7.664983029096115e-12,7.664073070281825e-12,7.663163658635447e-12,7.66225479316337e-12,7.661346473815639e-12,7.660438699859864e-12,7.659531470441908e-12,7.658624784518213e-12,7.657718642656708e-12,7.65681304334432e-12,7.655907986587787e-12,7.655003471572296e-12,7.654099497121701e-12,7.653196063990488e-12,7.652293170324448e-12,7.651390815884722e-12,7.65048899955777e-12,7.64958772177823e-12,7.648686981442824e-12,7.647786778107789e-12,7.646887110997606e-12,7.645987979491662e-12,7.645089383200391e-12,7.644191321125102e-12,7.643293793073415e-12,7.642396798619606e-12,7.641500336745283e-12,7.640604407118539e-12,7.639709009149087e-12,7.63881414217969e-12,7.637919805459145e-12,7.637025999511976e-12,7.636132721915193e-12,7.635239972993953e-12,7.634347752255434e-12,7.633456059052124e-12,7.632564892781511e-12,7.63167425286764e-12,7.630784139467337e-12,7.629894550544782e-12,7.629005486182531e-12,7.628116945959096e-12,7.627228929299712e-12,7.62634143539459e-12,7.625454463807456e-12,7.624568014027787e-12,7.623682085458858e-12,7.622796677474354e-12,7.621911789621293e-12,7.621027421278209e-12,7.62014357189753e-12,7.619260240585507e-12,7.618377426901573e-12,7.617495130961406e-12,7.616613351732006e-12,7.615732088690656e-12,7.614851341166953e-12,7.613971108652044e-12,7.61309139136809e-12,7.612212187257196e-12,7.61133349649267e-12,7.610455318487811e-12,7.609577652711799e-12,7.608700498567985e-12,7.607823855601225e-12,7.606947723217603e-12,7.606072100829279e-12,7.605196987915366e-12,7.604322383936381e-12,7.603448288327855e-12,7.602574700544525e-12,7.60170161997481e-12,7.600829046183229e-12,7.599956978775679e-12,7.59908541681719e-12,7.598214360160285e-12,7.597343808047381e-12,7.596473759840036e-12,7.595604215257617e-12,7.594735173399529e-12,7.593866634254904e-12,7.592998596980235e-12,7.592131061055045e-12,7.591264025937288e-12,7.590397491239889e-12,7.58953145611876e-12,7.588665920201627e-12,7.587800883005272e-12,7.58693634394784e-12,7.586072302501159e-12,7.585208758139678e-12,7.584345710283693e-12,7.583483158396601e-12,7.582621102005718e-12,7.581759540578811e-12,7.580898473652533e-12,7.580037900732765e-12,7.579177821205927e-12,7.57831823447231e-12,7.5774591401426e-12,7.576600537593404e-12,7.575742426365266e-12,7.574884805905958e-12,7.574027675731924e-12,7.573171035306648e-12,7.572314884184256e-12,7.57145922151771e-12,7.570604047806156e-12,7.56974936122338e-12,7.568895161779916e-12,7.56804144895337e-12,7.567188222308562e-12,7.566335481308338e-12,7.565483225549935e-12,7.564631454133537e-12,7.563780166928748e-12,7.562929363827993e-12,7.562079043292899e-12,7.56122920523728e-12,7.560379849384856e-12,7.55953097507612e-12,7.558682581803787e-12,7.557834670055005e-12,7.556987237207361e-12,7.556140284259907e-12,7.555293810216414e-12,7.554447814717107e-12,7.55360229727602e-12,7.552757257374084e-12,7.551912694522361e-12,7.551068608129704e-12,7.550224997874918e-12,7.549381862964353e-12,7.548539203297018e-12,7.54769701819669e-12,7.546855307005606e-12,7.546014069254605e-12,7.54517330491278e-12,7.544333013118205e-12,7.543493193583498e-12,7.54265384565998e-12,7.541814968599456e-12,7.540976562227321e-12,7.540138625904183e-12,7.539301159408714e-12,7.538464162217827e-12,7.537627633517537e-12,7.536791573009935e-12,7.53595598022844e-12,7.535120853741217e-12,7.534286194904386e-12,7.533452002334188e-12,7.532618275586157e-12,7.531785014136943e-12,7.530952217656641e-12,7.530119885312339e-12,7.529288016870229e-12,7.528456611926537e-12,7.527625669729369e-12,7.526795189948135e-12,7.525965172124607e-12,7.525135615647312e-12,7.52430652030665e-12,7.523477885519922e-12,7.522649710858941e-12,7.52182199575485e-12,7.520994739766987e-12,7.52016794242423e-12,7.519341603256726e-12,7.51851572175848e-12,7.517690297564772e-12,7.516865330109879e-12,7.516040818967406e-12,7.515216763709719e-12,7.514393163690981e-12,7.513570018707043e-12,7.512747328113818e-12,7.511925091488804e-12,7.511103308195359e-12,7.510281978098807e-12,7.509461100626871e-12,7.508640674875391e-12,7.507820701315008e-12,7.507001178862628e-12,7.50618210714868e-12,7.50536348572892e-12,7.504545313883291e-12,7.503727591735435e-12,7.502910318388039e-12,7.502093493491833e-12,7.50127711672832e-12,7.500461187488167e-12,7.499645705343216e-12,7.498830669849606e-12,7.498016080515003e-12,7.497201936982089e-12,7.496388238725823e-12,7.495574985293221e-12,7.494762176265247e-12,7.493949811210126e-12,7.49313788961073e-12,7.49232641108714e-12,7.491515375212012e-12,7.490704781484642e-12,7.48989462944404e-12,7.489084918746462e-12,7.488275648828962e-12,7.487466819295016e-12,7.486658429701973e-12,7.485850479607376e-12,7.48504296857025e-12,7.484235896149675e-12,7.483429261905452e-12,7.482623065403295e-12,7.481817306195048e-12,7.481011983845913e-12,7.480207097936591e-12,7.47940264799754e-12,7.47859863361795e-12,7.477795054341304e-12,7.476991909774384e-12,7.476189199448455e-12,7.475386922932199e-12,7.474585079776549e-12,7.473783669549285e-12,7.472982691779666e-12,7.472182146529797e-12,7.471382032714282e-12,7.470582349967358e-12,7.469783098013518e-12,7.468984276423779e-12,7.468185884383881e-12,7.467387921903162e-12,7.466590388790994e-12,7.46579328433466e-12,7.464996608109318e-12,7.464200359688006e-12,7.463404538649492e-12,7.462609144568166e-12,7.461814177066398e-12,7.46101963541403e-12,7.46022551980179e-12,7.459431829581081e-12,7.458638564085922e-12,7.457845723011953e-12,7.457053305947305e-12,7.456261312465739e-12,7.45546974215445e-12,7.454678594436332e-12,7.453887869056449e-12,7.453097565636427e-12,7.452307683767858e-12,7.451518223005562e-12,7.450729182911016e-12,7.449940563064707e-12,7.44915236306737e-12,7.448364582523199e-12,7.447577221002881e-12,7.44679027804047e-12,7.446003753152543e-12,7.44521764605305e-12,7.444431956335029e-12,7.443646683593153e-12,7.442861827413854e-12,7.44207738738916e-12,7.441293363111222e-12,7.440509754174358e-12,7.439726560176444e-12,7.438943780706841e-12,7.438161415361485e-12,7.437379463737292e-12,7.436597925427971e-12,7.435816800032297e-12,7.435036087149526e-12,7.434255786371183e-12,7.433475897301004e-12,7.432696419533353e-12,7.431917352670332e-12,7.431138696313638e-12,7.430360450062168e-12,7.429582613518904e-12,7.428805186285695e-12,7.428028167959726e-12,7.427251558148002e-12,7.426475356454912e-12,7.425699562486326e-12,7.42492417584341e-12,7.424149196131407e-12,7.423374622957882e-12,7.422600455931743e-12,7.421826694653744e-12,7.421053338734756e-12,7.420280387785084e-12,7.419507841408573e-12,7.418735699216701e-12,7.417963960814098e-12,7.417192625818234e-12,7.416421693837037e-12,7.415651164483933e-12,7.414881037370138e-12,7.414111312103326e-12,7.413341988303057e-12,7.41257306557766e-12,7.411804543547283e-12,7.411036421818006e-12,7.410268700015056e-12,7.409501377741179e-12,7.408734454623586e-12,7.407967930276995e-12,7.407201804320584e-12,7.40643607635839e-12,7.405670746033895e-12,7.404905812944483e-12,7.404141276713663e-12,7.403377136970629e-12,7.4026133933273e-12,7.401850045404595e-12,7.401087093104838e-12,7.400324535501437e-12,7.399562372763205e-12,7.398800604240763e-12,7.398039229557414e-12,7.397278248338074e-12,7.396517660558133e-12,7.395757465140952e-12,7.39499766194488e-12,7.394238250733286e-12,7.393479231106146e-12,7.392720602808952e-12,7.391962365383986e-12,7.391204518423552e-12,7.390447061423543e-12,7.389689994239606e-12,7.38893331654222e-12,7.388177027434565e-12,7.387421127191326e-12,7.38666561521847e-12,7.385910491135394e-12,7.385155754695271e-12,7.384401405291086e-12,7.383647443335173e-12,7.382893867159487e-12,7.382140677689226e-12,7.381387873262475e-12,7.380635454179409e-12,7.37988342008918e-12,7.379131770559008e-12,7.378380505224087e-12,7.377629623877379e-12,7.376879126027145e-12,7.37612901133364e-12,7.375379279434144e-12,7.374629929969006e-12,7.373880962594874e-12,7.373132376936476e-12,7.37238417263501e-12,7.371636349331849e-12,7.370888906659653e-12,7.370141844201708e-12,7.369395161775487e-12,7.368648858884243e-12,7.367902935343336e-12,7.367157390527541e-12,7.366412224248604e-12,7.365667435992906e-12,7.364923025683557e-12,7.364178992817872e-12,7.363435336978382e-12,7.362692057877573e-12,7.361949155051057e-12,7.361206628302695e-12,7.360464477375485e-12,7.359722701630858e-12,7.35898130123288e-12,7.358240275181941e-12,7.357499623412483e-12,7.356759345553539e-12,7.356019441298164e-12,7.355279910288038e-12,7.354540752230305e-12,7.353801966663295e-12,7.353063553295464e-12,7.352325511782276e-12,7.351587841764695e-12,7.350850542912665e-12,7.350113613970632e-12,7.349377055947745e-12,7.348640868583239e-12,7.347905051003595e-12,7.347169602625767e-12,7.346434523562569e-12,7.345699813264558e-12,7.344965471419444e-12,7.344231497712793e-12,7.343497891696207e-12,7.342764653047558e-12,7.34203178151683e-12,7.341299276710888e-12,7.340567138291633e-12,7.339835365921144e-12,7.339103959262384e-12,7.33837291797768e-12,7.337642241731399e-12,7.33691193018719e-12,7.336181983009709e-12,7.335452399863858e-12,7.334723180414819e-12,7.333994324328615e-12,7.333265831271723e-12,7.332537700910883e-12,7.331809932913591e-12,7.331082526946882e-12,7.330355482679213e-12,7.32962879977872e-12,7.328902477914795e-12,7.328176516756711e-12,7.327450915974065e-12,7.326725675237785e-12,7.326000794217598e-12,7.325276272586004e-12,7.324552110013654e-12,7.323828306173293e-12,7.323104860737106e-12,7.322381773378564e-12,7.321659043770698e-12,7.320936671586554e-12,7.320214656501833e-12,7.319492998190297e-12,7.318771696328e-12,7.31805075058996e-12,7.317330160652033e-12,7.31660992619103e-12,7.3158900468834e-12,7.31517052240705e-12,7.314451352439378e-12,7.31373253665813e-12,7.313014074742898e-12,7.312295966372073e-12,7.311578211225616e-12,7.310860808982994e-12,7.310143759324858e-12,7.309427061931536e-12,7.308710716485074e-12,7.307994722665582e-12,7.307279080156045e-12,7.306563788638471e-12,7.3058488477966e-12,7.305134257312786e-12,7.304420016871465e-12,7.30370612615592e-12,7.302992584851821e-12,7.30227939264366e-12,7.301566549215669e-12,7.300854054254877e-12,7.300141907447197e-12,7.299430108479549e-12,7.298718657038829e-12,7.298007552812555e-12,7.297296795488363e-12,7.296586384754823e-12,7.295876320300454e-12,7.295166601814411e-12,7.294457228985776e-12,7.293748201505314e-12,7.29303951906252e-12,7.292331181323153e-12,7.291623188029643e-12,7.290915538814812e-12,7.290208233403387e-12,7.289501271495302e-12,7.288794652776044e-12,7.288088376938366e-12,7.287382443676903e-12,7.286676852684213e-12,7.285971603655808e-12,7.285266696286173e-12,7.284562130270374e-12,7.283857905304194e-12,7.283154021069301e-12,7.282450477290014e-12,7.281747273649617e-12,7.281044409844873e-12,7.280341885573598e-12,7.279639700533629e-12,7.278937854417475e-12,7.27823634692959e-12,7.27753517776969e-12,7.276834346628812e-12,7.276133853122499e-12,7.2754336971873916e-12,7.274733878386417e-12,7.274034396411313e-12,7.273335250992415e-12,7.272636441747892e-12,7.271937968492316e-12,7.2712398309292e-12,7.270542028666131e-12,7.269844561523781e-12,7.269147429072522e-12,7.2684506311246716e-12,7.26775416732321e-12,7.267058037339294e-12,7.266362240736553e-12,7.265666777485334e-12,7.264971647268545e-12,7.26427684968233e-12,7.2635823844882005e-12,7.2628882513943585e-12,7.262194450113704e-12,7.261500980345596e-12,7.260807841802231e-12,7.260115034199846e-12,7.2594225572649185e-12,7.258730410713568e-12,7.258038594170958e-12,7.257347107405371e-12,7.256655950099842e-12,7.25596512201108e-12,7.255274622829974e-12,7.25458445225915e-12,7.253894609986526e-12,7.253205095805448e-12,7.2525159093244305e-12,7.251827050334753e-12,7.251138518488218e-12,7.2504503135634855e-12,7.249762435244634e-12,7.249074883249117e-12,7.248387657281028e-12,7.2477007570777636e-12,7.2470141823442275e-12,7.246327932796775e-12,7.245642008151223e-12,7.244956408104271e-12,7.24427113241533e-12,7.243586180780263e-12,7.2429015529267995e-12,7.242217248554118e-12,7.241533267391124e-12,7.2408496091563885e-12,7.2401662735695605e-12,7.239483260349508e-12,7.23880056921695e-12,7.238118199892871e-12,7.2374361520974115e-12,7.236754425543251e-12,7.236073019969731e-12,7.2353919350898245e-12,7.234711170626161e-12,7.234030726289088e-12,7.233350601803149e-12,7.232670796913269e-12,7.231991311332017e-12,7.231312144769823e-12,7.230633296965799e-12,7.2299547675766286e-12,7.229276556472035e-12,7.228598663289112e-12,7.227921087847506e-12,7.227243829721863e-12,7.226566888707284e-12,7.225890264531383e-12,7.225213956921612e-12,7.224537965598391e-12,7.223862290294023e-12,7.223186930737752e-12,7.2225118866582435e-12,7.221837157784229e-12,7.221162743845452e-12,7.220488644571e-12,7.219814859694118e-12,7.219141388941987e-12,7.218468232045099e-12,7.2177953887323945e-12,7.217122858739382e-12,7.216450641795368e-12,7.215778737630836e-12,7.2151071459787704e-12,7.2144358665753134e-12,7.213764899149101e-12,7.213094243435097e-12,7.212423899010811e-12,7.211753865922809e-12,7.211084143876082e-12,7.210414732201933e-12,7.2097456309871215e-12,7.2090768399080544e-12,7.20840835869332e-12,7.207740187456531e-12,7.207072325322533e-12,7.206404772079169e-12,7.2057375275088826e-12,7.205070591518184e-12,7.204403963821856e-12,7.203737644382197e-12,7.2030716325725486e-12,7.202405928252713e-12,7.2017405313004876e-12,7.2010754411221165e-12,7.200410657707459e-12,7.199746180685154e-12,7.199082009906452e-12,7.198418145054343e-12,7.197754585871211e-12,7.197091332098618e-12,7.1964283834782294e-12,7.1957657397455915e-12,7.195103400651553e-12,7.1944413659414455e-12,7.193779635345547e-12,7.193118208619515e-12,7.192457085483369e-12,7.1917962657161396e-12,7.1911357490416e-12,7.19047553518746e-12,7.189815623938184e-12,7.1891560150195624e-12,7.188496708172498e-12,7.187837703149812e-12,7.187178999694484e-12,7.186520597539802e-12,7.1858624964555004e-12,7.185204696174282e-12,7.184547196448686e-12,7.183889997019178e-12,7.183233097639489e-12,7.182576498058479e-12,7.181920198026349e-12,7.181264197289265e-12,7.1806084955924816e-12,7.179953092693001e-12,7.1792979883303516e-12,7.178643182265908e-12,7.17798867424182e-12,7.177334464013298e-12,7.176680551329e-12,7.176026935938245e-12,7.175373617939431e-12,7.174720596396761e-12,7.174067871404817e-12,7.173415442766863e-12,7.172763310134096e-12,7.172111473348198e-12,7.171459932096534e-12,7.170808686442302e-12,7.170157735907962e-12,7.169507079867148e-12,7.168856718435416e-12,7.168206651645234e-12,7.167556878597784e-12,7.16690739945129e-12,7.166258213857332e-12,7.16560932210396e-12,7.164960722979157e-12,7.164312416723255e-12,7.163664403093636e-12,7.16301668184736e-12,7.162369252742566e-12,7.161722115536181e-12,7.161075269987369e-12,7.160428715853871e-12,7.1597824528946255e-12,7.159136480868213e-12,7.158490799534705e-12,7.157845408653112e-12,7.157200307983664e-12,7.156555497730179e-12,7.155910976765052e-12,7.1552667452937606e-12,7.154622803076166e-12,7.153979149874788e-12,7.153335785450841e-12,7.1526927095663e-12,7.152049921983158e-12,7.151407422463962e-12,7.150765210771902e-12,7.150123286669414e-12,7.149481649920417e-12,7.1488403002881434e-12,7.148199237536641e-12,7.14755846143033e-12,7.146917971733742e-12,7.146277768211754e-12,7.1456378506287015e-12,7.144998218750758e-12,7.144358872343073e-12,7.143719811171415e-12,7.143081035013451e-12,7.142442543613147e-12,7.141804336731537e-12,7.141166414163975e-12,7.140528775414143e-12,7.139891420760237e-12,7.139254349711454e-12,7.138617562036126e-12,7.137981057503461e-12,7.137344835880949e-12,7.136708896937719e-12,7.136073240443581e-12,7.135437866130132e-12,7.13480277384267e-12,7.1341679632769315e-12,7.133533434238878e-12,7.1328991865403945e-12,7.132265219872379e-12,7.13163153404732e-12,7.1309981287409404e-12,7.1303650034554585e-12,7.12973215881261e-12,7.1290995940987644e-12,7.128467309098532e-12,7.127835303571551e-12,7.127203577310123e-12,7.126572130049705e-12,7.125940961587017e-12,7.125310071689307e-12,7.124679460135703e-12,7.124049126744932e-12,7.123419071212456e-12,7.12278929332497e-12,7.122159792885059e-12,7.1215305696703576e-12,7.120901623448128e-12,7.120272953995813e-12,7.119644561152483e-12,7.119016444569321e-12,7.118388604090796e-12,7.1177610394529936e-12,7.117133750471733e-12,7.116506736461542e-12,7.115879998103856e-12,7.11525353478364e-12,7.114627346193012e-12,7.114001432224078e-12,7.113375792532767e-12,7.112750426840131e-12,7.11212533517698e-12,7.1115005171332034e-12,7.110875972514936e-12,7.110251701122023e-12,7.1096277027300855e-12,7.1090039771203874e-12,7.108380524074413e-12,7.107757343352187e-12,7.107134434757494e-12,7.106511798073052e-12,7.1058894330787085e-12,7.105267339595815e-12,7.10464551733243e-12,7.10402396610808e-12,7.10340268574259e-12,7.102781675946485e-12,7.102160936538967e-12,7.101540467304344e-12,7.100920268063011e-12,7.100300338563659e-12,7.099680678590036e-12,7.0990612879271424e-12,7.0984421663604804e-12,7.097823313674943e-12,7.097204729656183e-12,7.096586414090611e-12,7.095968366763544e-12,7.095350587462014e-12,7.09473307593569e-12,7.094115832008298e-12,7.093498855466922e-12,7.092882146098482e-12,7.092265703691188e-12,7.091649528032213e-12,7.0910336189468954e-12,7.0904179761504205e-12,7.089802599467137e-12,7.089187488720695e-12,7.088572643632425e-12,7.087958064386802e-12,7.087343750148784e-12,7.086729700923954e-12,7.086115916505319e-12,7.085502396758652e-12,7.0848891414459795e-12,7.084276150352635e-12,7.0836634232758814e-12,7.0830509599910396e-12,7.082438760306736e-12,7.081826824003984e-12,7.081215150860352e-12,7.0806037408455405e-12,7.079992593425026e-12,7.079381708325211e-12,7.078771085878171e-12,7.078160725264289e-12,7.077550626855678e-12,7.076940790201025e-12,7.076331215071357e-12,7.075721901260709e-12,7.07511284856295e-12,7.074504056771891e-12,7.073895525664773e-12,7.073287255071343e-12,7.072679244681009e-12,7.072071494474465e-12,7.071464004150747e-12,7.07085677350984e-12,7.07024980255782e-12,7.069643090772385e-12,7.06903663795165e-12,7.068430444023201e-12,7.067824508729101e-12,7.067218831503871e-12,7.0666134129451264e-12,7.06600825242025e-12,7.065403349768387e-12,7.064798704779196e-12,7.06419431724892e-12,7.0635901869563124e-12,7.062986313714638e-12,7.062382697339576e-12,7.0617793375907744e-12,7.061176234349094e-12,7.060573387287478e-12,7.059970796299912e-12,7.059368461157953e-12,7.058766381666986e-12,7.058164557628252e-12,7.057562988838264e-12,7.056961675134889e-12,7.0563606162798785e-12,7.0557598118856735e-12,7.055159262127373e-12,7.0545589666468e-12,7.053958925216595e-12,7.053359137399761e-12,7.052759603493149e-12,7.052160322675982e-12,7.051561295519182e-12,7.050962521454929e-12,7.0503640002928794e-12,7.049765731799438e-12,7.049167715799203e-12,7.04856995209821e-12,7.047972440517542e-12,7.047375180865427e-12,7.046778172855284e-12,7.046181416096138e-12,7.045584910973482e-12,7.044988657017694e-12,7.044392653713377e-12,7.043796901374105e-12,7.043201399624094e-12,7.042606148195462e-12,7.042011146920824e-12,7.041416395619882e-12,7.040821894104584e-12,7.040227642180961e-12,7.039633639638927e-12,7.039039886290102e-12,7.038446382024131e-12,7.037853126512145e-12,7.037260119609804e-12,7.0366673611467865e-12,7.036074850870089e-12,7.0354825887002965e-12,7.034890574387904e-12,7.034298807770135e-12,7.033707288672752e-12,7.0331160168240446e-12,7.032524992293129e-12,7.031934214454662e-12,7.031343683328557e-12,7.030753398769703e-12,7.03016336052487e-12,7.029573568474477e-12,7.0289840223136644e-12,7.0283947223742925e-12,7.027805667632609e-12,7.0272168583059465e-12,7.026628294361073e-12,7.026039975268067e-12,7.0254519010854455e-12,7.02486407151001e-12,7.0242764863945176e-12,7.023689145603276e-12,7.02310204886865e-12,7.022515196063097e-12,7.021928586995829e-12,7.021342221453359e-12,7.020756099249219e-12,7.020170220234106e-12,7.019584584204409e-12,7.018999190902778e-12,7.018414040279214e-12,7.0178291320852496e-12,7.017244466141903e-12,7.0166600422545156e-12,7.016075860255517e-12,7.015491919966478e-12,7.014908221176412e-12,7.014324763750823e-12,7.0137415474366384e-12,7.013158572062268e-12,7.012575837495734e-12,7.011993343514412e-12,7.01141108993238e-12,7.010829076673726e-12,7.0102473034747765e-12,7.009665770077167e-12,7.0090844763718984e-12,7.008503422141751e-12,7.007922607274403e-12,7.007342031551452e-12,7.00676169507857e-12,7.006181596882415e-12,7.005601737535348e-12,7.005022116716936e-12,7.004442734047154e-12,7.003863589830738e-12,7.003284683666026e-12,7.002706014651792e-12,7.0021275831630525e-12,7.001549389080443e-12,7.000971432106684e-12,7.000393712139225e-12,6.999816229272643e-12,6.999238982767053e-12,6.998661972714217e-12,6.99808519894487e-12,6.997508661270641e-12,6.996932359527699e-12,6.996356293530869e-12,6.995780463104994e-12,6.995204868117487e-12,6.994629508381446e-12,6.994054383594701e-12,6.993479493754198e-12,6.992904838580833e-12,6.992330418200608e-12,6.991756232077823e-12,6.9911822794963985e-12,6.9906085613483346e-12,6.990035075992752e-12,6.989461825307533e-12,6.988888808085228e-12,6.988316024164585e-12,6.9877434733826675e-12,6.9871711555345195e-12,6.9865990704562e-12,6.986027217852378e-12,6.985455597790588e-12,6.984884209929088e-12,6.984313054212224e-12,6.983742130338308e-12,6.983171438377304e-12,6.98260097786596e-12,6.982030748839417e-12,6.981460751580192e-12,6.980890984759675e-12,6.980321448800817e-12,6.979752143460264e-12,6.9791830687174816e-12,6.978614224339028e-12,6.978045610150245e-12,6.977477225981749e-12,6.976909071661081e-12,6.97634114714505e-12,6.975773451862789e-12,6.975205986056167e-12,6.974638749438254e-12,6.974071742166519e-12,6.973504963096612e-12,6.972938412940014e-12,6.972372091260407e-12,6.971805997988585e-12,6.971240132835216e-12,6.970674496062225e-12,6.970109086691623e-12,6.969543904855815e-12,6.968978950554368e-12,6.96841422364597e-12,6.967849723657405e-12,6.9672854508588e-12,6.96672140503349e-12,6.966157585722644e-12,6.965593992891366e-12,6.965030626111389e-12,6.9644674857266074e-12,6.963904571338149e-12,6.9633418828037305e-12,6.962779420010317e-12,6.962217182635129e-12,6.961655170528678e-12,6.96109338354194e-12,6.960531821529893e-12,6.959970484330067e-12,6.9594093718124e-12,6.958848483976641e-12,6.95828782039558e-12,6.9577273807190025e-12,6.957167165155238e-12,6.9566071734422095e-12,6.956047405119434e-12,6.955487860542206e-12,6.954928539337018e-12,6.95436944131297e-12,6.95381056636121e-12,6.953251914231538e-12,6.952693484792576e-12,6.9521352778606e-12,6.951577293940187e-12,6.951019531650048e-12,6.9504619914285495e-12,6.94990467308811e-12,6.949347576366699e-12,6.9487907011749e-12,6.948234047409105e-12,6.9476776148758315e-12,6.9471214034270795e-12,6.9465654128980356e-12,6.946009643105765e-12,6.945454093885722e-12,6.9448987651186415e-12,6.9443436566225025e-12,6.943788768280559e-12,6.943234099788433e-12,6.942679651188417e-12,6.942125422336495e-12,6.941571412736685e-12,6.941017622495755e-12,6.940464051502996e-12,6.939910699459417e-12,6.939357566335457e-12,6.938804652143033e-12,6.9382519561108765e-12,6.937699478447846e-12,6.93714721896268e-12,6.9365951775255656e-12,6.936043353990009e-12,6.935491748151331e-12,6.934940359736387e-12,6.9343891889111215e-12,6.933838235364938e-12,6.9332874987468884e-12,6.932736979138024e-12,6.932186676436063e-12,6.931636590367008e-12,6.931086720756897e-12,6.930537067467135e-12,6.9299876303413846e-12,6.929438409228183e-12,6.928889403966268e-12,6.928340614578965e-12,6.927792040743427e-12,6.92724368203667e-12,6.926695538556201e-12,6.926147610130738e-12,6.92559989667883e-12,6.925052398189525e-12,6.92450511425956e-12,6.923958044858264e-12,6.923411190561568e-12,6.9228645495602296e-12,6.922318123248116e-12,6.921771910149238e-12,6.921225910643308e-12,6.920680124680776e-12,6.920134551367528e-12,6.919589192022145e-12,6.9190440457614606e-12,6.918499112432657e-12,6.917954391884075e-12,6.917409883962907e-12,6.916865588517299e-12,6.9163215053997185e-12,6.915777634460492e-12,6.91523397597245e-12,6.914690528928872e-12,6.914147293699325e-12,6.913604269916605e-12,6.91306145758655e-12,6.912518856486826e-12,6.911976466514225e-12,6.911434287541517e-12,6.910892319349474e-12,6.91035056182295e-12,6.909809014812229e-12,6.9092676781673585e-12,6.908726551738818e-12,6.908185635376972e-12,6.907644928932535e-12,6.9071044325524345e-12,6.9065641454963045e-12,6.90602406781513e-12,6.905484199629567e-12,6.904944540911501e-12,6.9044050911331e-12,6.903865849996836e-12,6.9033268178659465e-12,6.902787994354945e-12,6.90224937897609e-12,6.9017109718515356e-12,6.9011727728908415e-12,6.9006347821935025e-12,6.900096999043836e-12,6.899559423930726e-12,6.89902205599814e-12,6.898484895469701e-12,6.8979479421993465e-12,6.897411196040419e-12,6.896874656846902e-12,6.896338324472839e-12,6.895802198694624e-12,6.895266279432905e-12,6.8947305664743144e-12,6.894195059894989e-12,6.893659758668662e-12,6.893124664161463e-12,6.892589775424393e-12,6.8920550923763396e-12,6.891520614840447e-12,6.890986342699388e-12,6.8904522757566846e-12,6.8899184131061046e-12,6.8893847562043265e-12,6.8888513039639e-12,6.888318056470962e-12,6.88778501349824e-12,6.8872521748898535e-12,6.886719540511078e-12,6.886187109808862e-12,6.8856548833640495e-12,6.885122860845093e-12,6.884591041950674e-12,6.884059426325221e-12,6.883528014170753e-12,6.882996805302088e-12,6.882465799437517e-12,6.881934996550686e-12,6.881404396534735e-12,6.880873999054875e-12,6.8803438040085434e-12,6.879813811670232e-12,6.87928402128326e-12,6.878754432964718e-12,6.87822504650334e-12,6.8776958619287806e-12,6.877166879084193e-12,6.8766380976668815e-12,6.876109517708239e-12,6.875581138916706e-12,6.875052961302777e-12,6.874524984637712e-12,6.8739972088365435e-12,6.873469634159197e-12,6.8729422591904694e-12,6.8724150850074915e-12,6.871888111135201e-12,6.871361337556264e-12,6.870834763807513e-12,6.870308390376864e-12,6.86978221612794e-12,6.869256241717842e-12,6.868730465684787e-12,6.868204889490618e-12,6.867679512678928e-12,6.86715433517105e-12,6.866629356254804e-12,6.866104575974858e-12,6.8655799943950095e-12,6.865055611333681e-12,6.864531426645463e-12,6.864007440029264e-12,6.8634836514697455e-12,6.862960060778121e-12,6.862436667882961e-12,6.861913472664226e-12,6.861390475332901e-12,6.860867674924974e-12,6.860345072066279e-12,6.859822666298276e-12,6.859300457233282e-12,6.858778444994534e-12,6.858256629450342e-12,6.857735010616763e-12,6.857213588090462e-12,6.856692361627234e-12,6.856171331993282e-12,6.855650497845728e-12,6.855129859810286e-12,6.854609417254999e-12,6.854089170333972e-12,6.853569118644498e-12,6.853049262503152e-12,6.852529601711821e-12,6.85201013589083e-12,6.8514908650762185e-12,6.850971789221611e-12,6.8504529078756236e-12,6.849934220917876e-12,6.849415728469619e-12,6.8488974304186116e-12,6.848379326481675e-12,6.8478614169260684e-12,6.8473437010503755e-12,6.846826178839546e-12,6.846308850187654e-12,6.8457917148278545e-12,6.845274773193871e-12,6.844758024633696e-12,6.8442414691281405e-12,6.843725106545551e-12,6.843208936730227e-12,6.8426929594190025e-12,6.8421771749015185e-12,6.84166158229939e-12,6.8411461824588855e-12,6.840630974901529e-12,6.8401159586417326e-12,6.839601134982944e-12,6.839086502897081e-12,6.838572062562666e-12,6.8380578136184665e-12,6.837543756050546e-12,6.837029889706385e-12,6.836516214476408e-12,6.836002730319306e-12,6.83548943693141e-12,6.83497633423436e-12,6.834463422257114e-12,6.833950700667918e-12,6.833438169375063e-12,6.832925828333022e-12,6.832413677445774e-12,6.831901716884741e-12,6.831389945705894e-12,6.8308783643781975e-12,6.8303669724490485e-12,6.829855769967028e-12,6.829344756907895e-12,6.8288339329171374e-12,6.828323298165653e-12,6.827812852517255e-12,6.827302595543811e-12,6.8267925269981974e-12,6.826282646911259e-12,6.8257729553151985e-12,6.825263452005663e-12,6.82475413685941e-12,6.824245009663716e-12,6.8237360704500255e-12,6.823227318942349e-12,6.822718755155743e-12,6.822210379230946e-12,6.821702190374261e-12,6.82119418877008e-12,6.820686374341661e-12,6.820178746978773e-12,6.819671306422028e-12,6.819164052712012e-12,6.8186569856211095e-12,6.818150105038643e-12,6.8176434115059785e-12,6.817136903607287e-12,6.8166305818507895e-12,6.8161244462312504e-12,6.8156184963700224e-12,6.815112732302488e-12,6.8146071539147346e-12,6.814101761009952e-12,6.813596552516551e-12,6.813091530291868e-12,6.812586693201763e-12,6.812082041153297e-12,6.811577573853013e-12,6.811073291460466e-12,6.8105691937561985e-12,6.81006528049985e-12,6.809561551729556e-12,6.809058007193961e-12,6.808554646865527e-12,6.80805147053264e-12,6.8075484782737195e-12,6.807045669715646e-12,6.806543044765408e-12,6.80604060336794e-12,6.805538345389139e-12,6.8050362706969274e-12,6.804534378368235e-12,6.8040326699174105e-12,6.803531144368819e-12,6.803029801661295e-12,6.802528641521317e-12,6.8020276638554684e-12,6.801526868795562e-12,6.801026256062141e-12,6.800525825532547e-12,6.800025577130941e-12,6.7995255107174375e-12,6.799025626129975e-12,6.798525923366128e-12,6.798026401912572e-12,6.7975270619502685e-12,6.797027903499194e-12,6.796528926373637e-12,6.796030130166437e-12,6.795531515172108e-12,6.79503308090386e-12,6.794534827412947e-12,6.794036754612012e-12,6.793538862425435e-12,6.793041150466107e-12,6.792543619065987e-12,6.792046267624688e-12,6.791549096359345e-12,6.791052104889374e-12,6.790555293252004e-12,6.790058661301798e-12,6.789562208673127e-12,6.789065935480897e-12,6.788569841634206e-12,6.788073927221645e-12,6.787578192067815e-12,6.787082635564676e-12,6.786587257519596e-12,6.786092058905099e-12,6.7855970386516155e-12,6.7851021970307325e-12,6.784607533816986e-12,6.7841130490105975e-12,6.783618742102262e-12,6.783124613344308e-12,6.782630661997623e-12,6.782136888927209e-12,6.781643293490809e-12,6.781149875589769e-12,6.780656635169243e-12,6.780163571955627e-12,6.779670686084514e-12,6.7791779773137e-12,6.778685445526896e-12,6.778193090608129e-12,6.777700912441269e-12,6.777208910910545e-12,6.77671708590022e-12,6.7762254373250665e-12,6.775733965008812e-12,6.775242668896839e-12,6.77475154881293e-12,6.774260604672464e-12,6.7737698363601015e-12,6.773279243761104e-12,6.772788826791112e-12,6.772298585305264e-12,6.7718085191491705e-12,6.771318628286576e-12,6.7708289125242664e-12,6.770339371690236e-12,6.769850005905258e-12,6.76936081477955e-12,6.768871798441892e-12,6.768382956607279e-12,6.767894289093905e-12,6.767405796050816e-12,6.766917477068182e-12,6.766429332920158e-12,6.765941362203856e-12,6.765453565556858e-12,6.7649659425004155e-12,6.764478493328996e-12,6.763991217584717e-12,6.763504115662168e-12,6.763017186679026e-12,6.762530430907409e-12,6.7620438482349056e-12,6.761557438549102e-12,6.761071201738029e-12,6.760585137689332e-12,6.760099246290887e-12,6.759613527430756e-12,6.75912798099747e-12,6.758642606878899e-12,6.758157404963573e-12,6.757672375140009e-12,6.757187517296816e-12,6.756702831322605e-12,6.756218317106194e-12,6.755733974536576e-12,6.7552498035026775e-12,6.7547658038937014e-12,6.754281975598861e-12,6.75379831850746e-12,6.7533148325088855e-12,6.752831517492764e-12,6.7523483733487684e-12,6.751865399966417e-12,6.751382597235828e-12,6.750899965046914e-12,6.750417503289611e-12,6.749935211854295e-12,6.749453090630999e-12,6.748971139510328e-12,6.748489358382477e-12,6.7480077471088474e-12,6.7475263056388865e-12,6.74704503383385e-12,6.746563931555512e-12,6.746082998723833e-12,6.745602235230516e-12,6.745121640966396e-12,6.744641215822741e-12,6.744160959691137e-12,6.743680872462982e-12,6.743200954029869e-12,6.742721204283334e-12,6.742241623115458e-12,6.741762210418021e-12,6.741282966083035e-12,6.740803890002825e-12,6.740324982069404e-12,6.739846242175288e-12,6.739367670212663e-12,6.738889266074125e-12,6.738411029652336e-12,6.7379329608399594e-12,6.7374550595295765e-12,6.736977325614515e-12,6.736499758987704e-12,6.736022359755332e-12,6.735545127597105e-12,6.735068062406786e-12,6.734591164077057e-12,6.734114432289693e-12,6.733637867362886e-12,6.733161468978369e-12,6.73268523702966e-12,6.732209171410748e-12,6.731733272015466e-12,6.73125753873824e-12,6.730781971473309e-12,6.730306570114682e-12,6.72983133455752e-12,6.729356264695691e-12,6.728881360423021e-12,6.728406621635013e-12,6.72793204822645e-12,6.727457640092883e-12,6.72698339712796e-12,6.726509319228124e-12,6.7260354062874334e-12,6.725561658201616e-12,6.725088074866357e-12,6.724614656176431e-12,6.724141402028671e-12,6.723668312317975e-12,6.723195386939883e-12,6.722722625790341e-12,6.7222500287656674e-12,6.721777595761898e-12,6.7213053266748205e-12,6.7208332214010866e-12,6.7203612798367114e-12,6.719889501878584e-12,6.719417887422639e-12,6.718946436366616e-12,6.718475148606149e-12,6.718004024038461e-12,6.7175330625600386e-12,6.717062264068573e-12,6.716591628461165e-12,6.716121155634984e-12,6.715650845487032e-12,6.715180697915335e-12,6.7147107128163095e-12,6.7142408900885555e-12,6.71377122962909e-12,6.713301731336477e-12,6.712832395107828e-12,6.712363220841897e-12,6.711894208435996e-12,6.71142535778862e-12,6.710956668797494e-12,6.710488141361957e-12,6.710019775380001e-12,6.709551570750097e-12,6.709083527370696e-12,6.7086156451410095e-12,6.708147923959325e-12,6.707680363724577e-12,6.7072129643364195e-12,6.706745725693413e-12,6.706278647695053e-12,6.705811730240316e-12,6.7053449732285384e-12,6.704878376559072e-12,6.704411940132107e-12,6.703945663846995e-12,6.703479547602971e-12,6.703013591300745e-12,6.702547794839811e-12,6.702082158119614e-12,6.7016166810412526e-12,6.701151363504179e-12,6.700686205409084e-12,6.700221206656216e-12,6.699756367146272e-12,6.699291686779684e-12,6.6988271654569385e-12,6.6983628030789255e-12,6.69789859954632e-12,6.697434554760278e-12,6.696970668621849e-12,6.696506941031864e-12,6.696043371891839e-12,6.695579961103087e-12,6.695116708566883e-12,6.694653614184286e-12,6.694190677857344e-12,6.693727899487785e-12,6.693265278976884e-12,6.692802816227052e-12,6.692340511139719e-12,6.6918783636172155e-12,6.691416373561475e-12,6.6909545408743295e-12,6.69049286545814e-12,6.690031347216065e-12,6.689569986049726e-12,6.689108781861895e-12,6.688647734555301e-12,6.688186844033064e-12,6.687726110197163e-12,6.687265532950944e-12,6.686805112197496e-12,6.686344847839997e-12,6.685884739781264e-12,6.6854247879246085e-12,6.684964992173079e-12,6.684505352430503e-12,6.6840458686006e-12,6.6835865405865116e-12,6.68312736829181e-12,6.6826683516203415e-12,6.6822094904764755e-12,6.6817507847641546e-12,6.681292234387202e-12,6.6808338392492545e-12,6.680375599254571e-12,6.679917514307372e-12,6.679459584312833e-12,6.6790018091750336e-12,6.6785441887985176e-12,6.6780867230881905e-12,6.677629411948186e-12,6.677172255283734e-12,6.676715252999506e-12,6.676258405000722e-12,6.675801711192274e-12,6.6753451714790155e-12,6.674888785767007e-12,6.6744325539608745e-12,6.673976475967007e-12,6.673520551689872e-12,6.673064781034808e-12,6.6726091639079936e-12,6.672153700215517e-12,6.671698389863088e-12,6.671243232756386e-12,6.670788228801284e-12,6.670333377904099e-12,6.669878679970653e-12,6.669424134907538e-12,6.6689697426206485e-12,6.668515503016601e-12,6.668061416002197e-12,6.667607481484053e-12,6.66715369936853e-12,6.666700069562095e-12,6.6662465919725654e-12,6.6657932665064686e-12,6.665340093070794e-12,6.664887071572173e-12,6.664434201918584e-12,6.6639814840169784e-12,6.66352891777403e-12,6.663076503097956e-12,6.662624239896097e-12,6.6621721280759936e-12,6.661720167544868e-12,6.661268358210997e-12,6.660816699982475e-12,6.6603651927664504e-12,6.659913836471122e-12,6.6594626310053695e-12,6.6590115762768074e-12,6.6585606721926345e-12,6.6581099186628495e-12,6.65765931559549e-12,6.657208862898249e-12,6.656758560480234e-12,6.656308408250168e-12,6.655858406116656e-12,6.655408553988663e-12,6.654958851774518e-12,6.654509299384011e-12,6.654059896725903e-12,6.653610643709209e-12,6.653161540243459e-12,6.6527125862378404e-12,6.652263781601597e-12,6.651815126243844e-12,6.651366620075242e-12,6.650918263004202e-12,6.650470054940686e-12,6.650021995794401e-12,6.6495740854760395e-12,6.649126323894881e-12,6.6486787109607384e-12,6.648231246584167e-12,6.64778393067535e-12,6.64733676314464e-12,6.646889743902071e-12,6.6464428728576775e-12,6.645996149806354e-12,6.645549574908766e-12,6.645103147773688e-12,6.644656868477955e-12,6.644210737086074e-12,6.643764753200395e-12,6.643318916893244e-12,6.642873227994539e-12,6.6424276865068205e-12,6.641982292552635e-12,6.6415370456407924e-12,6.6410919458285155e-12,6.640646993098795e-12,6.640202187318203e-12,6.639757528399128e-12,6.639313016269981e-12,6.638868650858948e-12,6.638424431999112e-12,6.637980359670675e-12,6.637536433794792e-12,6.637092654254525e-12,6.6366490209622554e-12,6.6362055338299465e-12,6.6357621927701576e-12,6.635318997695e-12,6.634875948517051e-12,6.6344330451487785e-12,6.6339902875030864e-12,6.633547675492052e-12,6.633105209028797e-12,6.632662888026387e-12,6.632220712397346e-12,6.631778682055e-12,6.631336796912152e-12,6.6308950568818005e-12,6.6304534618775565e-12,6.630012011812378e-12,6.62957070659989e-12,6.62912954615345e-12,6.62868853038655e-12,6.6282476592127075e-12,6.627806932545732e-12,6.627366350299246e-12,6.626925912387243e-12,6.6264856187235145e-12,6.626045469221873e-12,6.625605463796497e-12,6.625165602361731e-12,6.624725884831468e-12,6.624286311120294e-12,6.623846881142221e-12,6.623407594811904e-12,6.62296845204367e-12,6.622529452751981e-12,6.622090596851826e-12,6.621651884257756e-12,6.621213314884505e-12,6.6207748886470764e-12,6.620336605460298e-12,6.619898465239157e-12,6.6194604678988306e-12,6.619022613354599e-12,6.618584901521355e-12,6.6181473323147344e-12,6.6177099056500685e-12,6.617272621442694e-12,6.616835479608074e-12,6.6163984800621e-12,6.615961622720212e-12,6.6155249074982336e-12,6.615088334311958e-12,6.614651903008747e-12,6.614215613450174e-12,6.613779465817839e-12,6.613343460016017e-12,6.612907595768534e-12,6.612471873078763e-12,6.612036291828827e-12,6.611600851798407e-12,6.611165553134015e-12,6.6107303957354e-12,6.61029537933819e-12,6.60986050409567e-12,6.609425769230045e-12,6.6089911757906614e-12,6.608556723127583e-12,6.608122411172639e-12,6.6076882398282516e-12,6.607254208896258e-12,6.6068203185062575e-12,6.606386568508382e-12,6.60595295880278e-12,6.605519489072599e-12,6.605086159647625e-12,6.60465296918742e-12,6.604219919025938e-12,6.603787008979575e-12,6.603354239256857e-12,6.602921609206944e-12,6.602489118771676e-12,6.602056767921036e-12,6.601624556606363e-12,6.6011924845691415e-12,6.600760551628713e-12,6.600328758094957e-12,6.599897103695867e-12,6.599465588390174e-12,6.599034212016507e-12,6.598602974549246e-12,6.598171875874555e-12,6.59774091597e-12,6.597310094669397e-12,6.596879411944015e-12,6.596448867705148e-12,6.596018461898097e-12,6.595588193856345e-12,6.595158064571535e-12,6.5947280728524725e-12,6.594298219807961e-12,6.593868504762501e-12,6.593438927553626e-12,6.593009488579111e-12,6.592580186235931e-12,6.592151022299146e-12,6.591721996081823e-12,6.59129310652252e-12,6.590864354255778e-12,6.590435740329881e-12,6.59000726320501e-12,6.589578924357945e-12,6.589150721438038e-12,6.588722656122869e-12,6.5882947277550594e-12,6.5878669362602285e-12,6.587439281584552e-12,6.587011763075393e-12,6.58658438233349e-12,6.586157137964585e-12,6.585730029104103e-12,6.585303057356817e-12,6.584876221767928e-12,6.5844495224214006e-12,6.5840229592990034e-12,6.583596532270923e-12,6.5831702412936416e-12,6.5827440853412285e-12,6.58231806602525e-12,6.5818921822859175e-12,6.581466434472599e-12,6.581040822232465e-12,6.580615345494669e-12,6.580190004226086e-12,6.579764798321831e-12,6.579339727720353e-12,6.578914792245921e-12,6.578489992006452e-12,6.578065326924476e-12,6.577640796748922e-12,6.5772164014457094e-12,6.576792140460975e-12,6.576368014770927e-12,6.575944023722091e-12,6.5755201672588144e-12,6.57509644532591e-12,6.574672857816336e-12,6.5742494046747186e-12,6.573826085326086e-12,6.573402900569921e-12,6.572979850036182e-12,6.572556933615341e-12,6.572134151105315e-12,6.571711502491346e-12,6.571288987723145e-12,6.570866606594191e-12,6.57044435940675e-12,6.570022245631219e-12,6.5696002655606405e-12,6.569178418626829e-12,6.568756705128379e-12,6.568335124957646e-12,6.567913677966542e-12,6.567492364105978e-12,6.5670711833516845e-12,6.566650135503391e-12,6.566229220540857e-12,6.56580843843881e-12,6.565387789172531e-12,6.564967272435022e-12,6.564546888317161e-12,6.564126636732585e-12,6.5637065175529714e-12,6.56328653107681e-12,6.5628666760815685e-12,6.562446953934849e-12,6.562027363779929e-12,6.5616079055942576e-12,6.56118857994437e-12,6.560769385681199e-12,6.560350323304626e-12,6.5599313916731956e-12,6.559512592747099e-12,6.559093925425526e-12,6.5586753895446235e-12,6.558256985121812e-12,6.5578387124874755e-12,6.557420570853436e-12,6.557002560476454e-12,6.556584680122874e-12,6.556166931962087e-12,6.55574931481553e-12,6.5553318290667256e-12,6.5549144726327134e-12,6.55449724703502e-12,6.5540801532313956e-12,6.553663190040884e-12,6.55324635728137e-12,6.552829655114209e-12,6.5524130833672596e-12,6.551996642037519e-12,6.551580330908201e-12,6.551164149485433e-12,6.550748097759549e-12,6.550332177017724e-12,6.5499163864413485e-12,6.549500725525243e-12,6.549085193951333e-12,6.548669792588931e-12,6.548254520900685e-12,6.547839378785655e-12,6.547424366224689e-12,6.547009483117303e-12,6.5465947294239935e-12,6.546180104576716e-12,6.5457656084047546e-12,6.545351242325581e-12,6.544937005385761e-12,6.544522897460158e-12,6.544108918490809e-12,6.5436950678091045e-12,6.543281345919072e-12,6.542867753318936e-12,6.542454288918521e-12,6.5420409535597164e-12,6.541627746724288e-12,6.541214668284897e-12,6.5408017182044156e-12,6.540388896409629e-12,6.539976202828717e-12,6.539563637388923e-12,6.539151200039603e-12,6.538738890679908e-12,6.53832670926467e-12,6.537914655148672e-12,6.537502729330138e-12,6.537090931526463e-12,6.536679261077033e-12,6.5362677176613036e-12,6.535856302265627e-12,6.535445014282444e-12,6.535033853095791e-12,6.534622819740184e-12,6.5342119135739125e-12,6.533801134541002e-12,6.533390482570529e-12,6.53297995759086e-12,6.532569559328884e-12,6.532159288031714e-12,6.531749143596709e-12,6.5313391253373764e-12,6.530929233249373e-12,6.5305194687183064e-12,6.530109830678896e-12,6.529700318575486e-12,6.529290933281414e-12,6.528881674122456e-12,6.528472541262905e-12,6.5280635346117846e-12,6.527654654038211e-12,6.527245899267481e-12,6.5268372696242725e-12,6.526428766829057e-12,6.526020388889431e-12,6.5256121371588556e-12,6.525204011507712e-12,6.5247960112544465e-12,6.524388135932712e-12,6.5239803866265866e-12,6.523572762851832e-12,6.523165263786381e-12,6.52275789036293e-12,6.522350641733022e-12,6.5219435187128865e-12,6.521536520706469e-12,6.521129647473766e-12,6.520722899285898e-12,6.520316275902737e-12,6.519909777316088e-12,6.519503403333655e-12,6.519097153947167e-12,6.51869102908718e-12,6.518285028253977e-12,6.517879152190171e-12,6.517473400477873e-12,6.5170677729466705e-12,6.516662268995364e-12,6.5162568898404035e-12,6.51585163469884e-12,6.515446503559708e-12,6.515041496324636e-12,6.5146366121253925e-12,6.514231852443665e-12,6.513827216509026e-12,6.513422703473456e-12,6.513018313639692e-12,6.512614048386849e-12,6.512209906557424e-12,6.511805887481189e-12,6.511401991645846e-12,6.51099821963995e-12,6.5105945708394e-12,6.510191045101271e-12,6.50978764237673e-12,6.5093843625875745e-12,6.508981205685476e-12,6.508578171592398e-12,6.50817525936876e-12,6.507772470715195e-12,6.5073698040187074e-12,6.5069672604830765e-12,6.50656483941768e-12,6.506162539933261e-12,6.50576036273865e-12,6.5053583086762186e-12,6.5049563768138925e-12,6.504554567083313e-12,6.504152879296969e-12,6.503751312543702e-12,6.503349868804244e-12,6.502948546927324e-12,6.50254734680207e-12,6.502146268448356e-12,6.501745311755506e-12,6.501344476540131e-12,6.500943762968126e-12,6.5005431708560395e-12,6.5001426995441065e-12,6.499742350151319e-12,6.499342122017987e-12,6.498942015037672e-12,6.498542028538786e-12,6.498142163743449e-12,6.49774241951381e-12,6.497342796642861e-12,6.496943294568253e-12,6.4965439132910205e-12,6.496144652094701e-12,6.495745512258511e-12,6.495346493020257e-12,6.494947593711523e-12,6.494548815468632e-12,6.494150157181712e-12,6.4937516191430725e-12,6.493353202006985e-12,6.492954904908609e-12,6.492556727914019e-12,6.492158671048772e-12,6.491760734176943e-12,6.491362916572843e-12,6.4909652195153634e-12,6.490567642261297e-12,6.490170184649024e-12,6.489772845725592e-12,6.4893756271263016e-12,6.488978528437845e-12,6.4885815492212025e-12,6.488184689418053e-12,6.4877879489452415e-12,6.487391327701032e-12,6.4869948256742414e-12,6.48659844286672e-12,6.486202178797394e-12,6.485806034101677e-12,6.485410008340388e-12,6.4850141014616184e-12,6.484618313327765e-12,6.484222644050366e-12,6.483827093533608e-12,6.483431661550772e-12,6.4830363481634794e-12,6.482641153302802e-12,6.482246076855887e-12,6.4818511187415084e-12,6.481456278835036e-12,6.481061557274258e-12,6.480666953913004e-12,6.480272468702931e-12,6.479878100878896e-12,6.4794838517060576e-12,6.479089720404334e-12,6.478695706973557e-12,6.478301810670989e-12,6.477908032755817e-12,6.47751437249456e-12,6.47712082990483e-12,6.476727404749236e-12,6.476334097234331e-12,6.475940906889105e-12,6.475547833407038e-12,6.475154877880209e-12,6.474762039138041e-12,6.4743693179544165e-12,6.4739767139521535e-12,6.473584226932008e-12,6.473191856887828e-12,6.472799603742701e-12,6.4724074674089514e-12,6.472015447829139e-12,6.471623544948013e-12,6.471231758790282e-12,6.4708400891911194e-12,6.47044853613729e-12,6.470057099516559e-12,6.469665778503666e-12,6.469274574650991e-12,6.4688834870737445e-12,6.468492515718153e-12,6.468101660469764e-12,6.467710921509383e-12,6.46732029788228e-12,6.466929790735678e-12,6.466539399500699e-12,6.4661491240917094e-12,6.4657589644567154e-12,6.4653689204496715e-12,6.464978991621626e-12,6.464589178940598e-12,6.464199481830175e-12,6.4638099000911175e-12,6.463420433810935e-12,6.463031082814284e-12,6.462641846683704e-12,6.462252726171428e-12,6.461863720868226e-12,6.461474830548328e-12,6.4610860552175876e-12,6.460697394984324e-12,6.460308849630117e-12,6.459920418251707e-12,6.459532102017761e-12,6.459143900486529e-12,6.458755814134365e-12,6.458367842018381e-12,6.45797998507161e-12,6.457592242572914e-12,6.457204614041348e-12,6.456817099572026e-12,6.456429699648247e-12,6.4560424141919654e-12,6.455655242982454e-12,6.455268185801589e-12,6.45488124288621e-12,6.454494413197371e-12,6.4541076978742045e-12,6.4537210965117724e-12,6.453334608952463e-12,6.452948235041725e-12,6.452561974902404e-12,6.452175828284878e-12,6.451789794593314e-12,6.451403874655728e-12,6.451018068092938e-12,6.450632375511599e-12,6.450246795714755e-12,6.449861329643758e-12,6.449475976281728e-12,6.449090736577264e-12,6.448705610188303e-12,6.44832059657464e-12,6.4479356963638764e-12,6.447550908978352e-12,6.447166234394768e-12,6.446781672206046e-12,6.446397222740765e-12,6.446012885983211e-12,6.4456286617632405e-12,6.4452445504188845e-12,6.4448605508838994e-12,6.444476664192484e-12,6.44409288966307e-12,6.443709226958619e-12,6.443325677096055e-12,6.4429422393719025e-12,6.4425589132091266e-12,6.442175699197791e-12,6.441792597617091e-12,6.441409608005835e-12,6.4410267301915315e-12,6.440643964289127e-12,6.4402613100461035e-12,6.439878767617279e-12,6.43949633752192e-12,6.439114018308506e-12,6.4387318107756994e-12,6.438349714553257e-12,6.437967730160845e-12,6.43758585669183e-12,6.437204094633268e-12,6.4368224436731486e-12,6.436440904581776e-12,6.436059475914976e-12,6.435678158301735e-12,6.435296951685293e-12,6.434915856028822e-12,6.434534871225786e-12,6.434153997264564e-12,6.433773233528077e-12,6.433392581020236e-12,6.433012038552304e-12,6.432631607261944e-12,6.43225128649909e-12,6.431871076202312e-12,6.43149097603854e-12,6.431110985962401e-12,6.430731106726527e-12,6.430351337737057e-12,6.429971678956425e-12,6.4295921302546845e-12,6.429212691659476e-12,6.428833363023621e-12,6.428454144348857e-12,6.428075035548049e-12,6.427696036577332e-12,6.427317147378722e-12,6.426938367894596e-12,6.426559698068361e-12,6.426181137271765e-12,6.425802686589322e-12,6.425424344814057e-12,6.425046113046382e-12,6.424667990645959e-12,6.424289977504145e-12,6.4239120736768804e-12,6.423534278516514e-12,6.4231565930284575e-12,6.422779016547538e-12,6.422401549166114e-12,6.422024190757558e-12,6.421646941258661e-12,6.421269800061931e-12,6.420892768221208e-12,6.420515845116471e-12,6.420139030697062e-12,6.419762324915911e-12,6.419385728079214e-12,6.41900923939781e-12,6.4186328591848985e-12,6.418256587220333e-12,6.417880423720196e-12,6.417504368556011e-12,6.4171284215716446e-12,6.416752582811071e-12,6.416376852119692e-12,6.41600122890994e-12,6.415625714326291e-12,6.4152503076554826e-12,6.414875008884621e-12,6.414499817938579e-12,6.414124734830632e-12,6.4137497593854975e-12,6.413374891621512e-12,6.413000131461961e-12,6.412625479305882e-12,6.412250934238635e-12,6.411876496621582e-12,6.411502166352832e-12,6.4111279434767386e-12,6.410753827924304e-12,6.410379819550315e-12,6.410005918269717e-12,6.409632124093088e-12,6.409258437032435e-12,6.408884856907376e-12,6.408511383724424e-12,6.408138017469891e-12,6.407764757998856e-12,6.407391605312595e-12,6.4070185593464315e-12,6.406645620042663e-12,6.406272787351812e-12,6.4059000612176205e-12,6.405527441575826e-12,6.40515492837826e-12,6.404782521567675e-12,6.404410221255922e-12,6.404038027060796e-12,6.4036659390857654e-12,6.403293957334162e-12,6.4029220817078155e-12,6.402550312090967e-12,6.402178648460223e-12,6.401807090857133e-12,6.401435639087459e-12,6.401064293140791e-12,6.4006930529772205e-12,6.4003219185665675e-12,6.399950889826546e-12,6.3995799667050426e-12,6.399209149129288e-12,6.398838437072301e-12,6.398467830492675e-12,6.398097329341135e-12,6.397726933492412e-12,6.397356642940027e-12,6.396986457634658e-12,6.396616377542873e-12,6.396246402550041e-12,6.395876532630076e-12,6.3955067678089266e-12,6.395137107888202e-12,6.3947675528838546e-12,6.394398102743457e-12,6.394028757408901e-12,6.3936595168710895e-12,6.3932903809968174e-12,6.3929213497544346e-12,6.392552423119061e-12,6.392183601013392e-12,6.391814883438994e-12,6.3914462703101756e-12,6.39107776153987e-12,6.390709357089191e-12,6.390341057372733e-12,6.389972861361376e-12,6.389604769519104e-12,6.3892367817815996e-12,6.388868898137869e-12,6.388501118514088e-12,6.38813344279045e-12,6.387765871040004e-12,6.3873984031243015e-12,6.3870310389285755e-12,6.386663778469481e-12,6.3862966216907376e-12,6.385929568677399e-12,6.385562619110838e-12,6.3851957730642825e-12,6.384829030489996e-12,6.384462391335395e-12,6.384095855553731e-12,6.383729423085686e-12,6.3833630937973354e-12,6.382996867914055e-12,6.382630745059773e-12,6.38226472530866e-12,6.381898808652959e-12,6.3815329949517146e-12,6.3811672841866776e-12,6.380801676328776e-12,6.380436171295563e-12,6.380070769066276e-12,6.379705469600316e-12,6.379340272775504e-12,6.3789751785769854e-12,6.378610186973261e-12,6.378245297875352e-12,6.377880511295525e-12,6.377515827093756e-12,6.377151245265973e-12,6.376786765746817e-12,6.376422388507843e-12,6.3760581134660326e-12,6.375693940555523e-12,6.375329869793735e-12,6.374965901087156e-12,6.374602034391798e-12,6.3742382696460835e-12,6.373874606788797e-12,6.37351104584612e-12,6.373147586644193e-12,6.372784229194041e-12,6.372420973434646e-12,6.372057819354953e-12,6.371694766825923e-12,6.371331815832564e-12,6.370968966330151e-12,6.370606218265215e-12,6.370243571782067e-12,6.369881026392391e-12,6.369518582382121e-12,6.3691562395895085e-12,6.36879399795093e-12,6.368431857424884e-12,6.3680698180465585e-12,6.367707879624861e-12,6.367346042209525e-12,6.3669843056917495e-12,6.366622670047191e-12,6.366261135265025e-12,6.365899701260459e-12,6.3655383679304155e-12,6.365177135269805e-12,6.364816003228755e-12,6.364454971865479e-12,6.364094040915863e-12,6.36373321042958e-12,6.363372480488564e-12,6.3630118508349215e-12,6.362651321441114e-12,6.362290892324821e-12,6.361930563611547e-12,6.361570334869465e-12,6.361210206235235e-12,6.360850177667714e-12,6.3604902491064824e-12,6.360130420537854e-12,6.359770692043765e-12,6.3594110629475145e-12,6.3590515339255895e-12,6.358692104965794e-12,6.358332775431931e-12,6.357973545542851e-12,6.357614415718976e-12,6.3572553850029846e-12,6.356896453846425e-12,6.356537622150952e-12,6.35617888986839e-12,6.355820256933206e-12,6.355461723270771e-12,6.355103288897535e-12,6.35474495374427e-12,6.354386717744166e-12,6.354028580819293e-12,6.353670542981541e-12,6.353312604450116e-12,6.3529547645807795e-12,6.3525970236091565e-12,6.3522393815008395e-12,6.351881838262952e-12,6.351524393728641e-12,6.351167047991761e-12,6.350809800839276e-12,6.350452652313374e-12,6.3500956023606705e-12,6.349738650912318e-12,6.349381797915252e-12,6.3490250433633446e-12,6.348668387172351e-12,6.348311829341289e-12,6.347955369749252e-12,6.3475990084057185e-12,6.347242745932285e-12,6.3468865808535665e-12,6.346530513850204e-12,6.346174544874171e-12,6.3458186738716434e-12,6.345462900603643e-12,6.3451072254679256e-12,6.34475164856045e-12,6.3443961695029015e-12,6.344040787660741e-12,6.3436855035190556e-12,6.343330317005083e-12,6.342975228078442e-12,6.342620236698679e-12,6.342265342837213e-12,6.341910546417021e-12,6.3415558473469385e-12,6.3412012456346904e-12,6.34084674093763e-12,6.3404923337577334e-12,6.340138023780031e-12,6.3397838109524614e-12,6.3394296952292225e-12,6.339075676565836e-12,6.338721754896318e-12,6.338367930213591e-12,6.3380142024273784e-12,6.3376605715000124e-12,6.337307037460224e-12,6.336953600130839e-12,6.3366002595053235e-12,6.336247015148709e-12,6.335893867819987e-12,6.335540817069714e-12,6.335187862840985e-12,6.334835005301223e-12,6.33448224398693e-12,6.334129579056835e-12,6.333777010166197e-12,6.33342453788094e-12,6.3330721618216835e-12,6.3327198819149525e-12,6.332367698190343e-12,6.33201561056662e-12,6.33166361898912e-12,6.3313117234179026e-12,6.330959923816149e-12,6.3306082201240825e-12,6.3302566122840976e-12,6.329905100292061e-12,6.3295536840224765e-12,6.329202363533819e-12,6.3288511386690545e-12,6.3285000094197906e-12,6.328148975751377e-12,6.3277980376070494e-12,6.327447194946248e-12,6.327096447726142e-12,6.326745795839251e-12,6.326395239274862e-12,6.3260447780438586e-12,6.325694412109728e-12,6.325344141407036e-12,6.324993966078484e-12,6.324643885607841e-12,6.324293900159055e-12,6.32394400975336e-12,6.323594214319248e-12,6.3232445138057416e-12,6.322894908235283e-12,6.322545397424834e-12,6.322195981396694e-12,6.3218466600997116e-12,6.321497433492789e-12,6.321148301528505e-12,6.320799264158603e-12,6.320450321235992e-12,6.320101472911543e-12,6.31975271905908e-12,6.319404059606788e-12,6.319055494518034e-12,6.3187070237016234e-12,6.318358647259364e-12,6.3180103649836375e-12,6.3176621768827e-12,6.317314082690583e-12,6.316966083300247e-12,6.316618177470795e-12,6.316270365629539e-12,6.3159226477687925e-12,6.3155750237718294e-12,6.315227493591137e-12,6.314880057241677e-12,6.31453271470315e-12,6.3141854665097855e-12,6.313838311384822e-12,6.313491249843591e-12,6.313144281822768e-12,6.312797406941804e-12,6.3124506257325345e-12,6.31210393818364e-12,6.311757344201225e-12,6.311410843473271e-12,6.311064436054436e-12,6.310718121752628e-12,6.310371900757924e-12,6.310025772982103e-12,6.309679738341537e-12,6.3093337967890265e-12,6.308987947518736e-12,6.308642191983591e-12,6.308296529452804e-12,6.307950959666305e-12,6.307605482779306e-12,6.3072600987591495e-12,6.3069148074424596e-12,6.306569608903621e-12,6.306224503073651e-12,6.305879489780966e-12,6.305534569080344e-12,6.305189740912311e-12,6.304845005297853e-12,6.304500362159428e-12,6.304155811429074e-12,6.303811353025755e-12,6.3034669868822006e-12,6.303122713071338e-12,6.302778531426551e-12,6.3024344419933206e-12,6.302090444716963e-12,6.301746539530396e-12,6.301402726347288e-12,6.301059005211044e-12,6.300715376024113e-12,6.300371838758269e-12,6.3000283933047335e-12,6.299685039733514e-12,6.299341778442749e-12,6.298998608349733e-12,6.298655529981937e-12,6.298312543260658e-12,6.297969648201721e-12,6.297626844675489e-12,6.297284132651516e-12,6.296941512053257e-12,6.296598982703943e-12,6.2962565459252284e-12,6.2959141994266536e-12,6.295571944281088e-12,6.295229780436029e-12,6.2948877073923345e-12,6.294545725838555e-12,6.294203834975378e-12,6.2938620356006644e-12,6.293520327282385e-12,6.293178710085557e-12,6.2928371839439466e-12,6.292495748021204e-12,6.292154403579809e-12,6.2918131497651565e-12,6.29147198665563e-12,6.2911309142922554e-12,6.290789932654241e-12,6.290449041705483e-12,6.2901082412634076e-12,6.289767531314316e-12,6.289426912260748e-12,6.289086383724444e-12,6.288745945185089e-12,6.288405597060147e-12,6.288065339853979e-12,6.2877251722961004e-12,6.2873850950281634e-12,6.287045107957218e-12,6.286705211045805e-12,6.2863654042907916e-12,6.286025687545141e-12,6.285686060851838e-12,6.285346524156093e-12,6.285007077387311e-12,6.2846677205170846e-12,6.28432845344382e-12,6.283989276614418e-12,6.283650189043831e-12,6.283311191335446e-12,6.282972283309114e-12,6.282633464946066e-12,6.282294736156985e-12,6.281956096864677e-12,6.2816175473028e-12,6.281279086910207e-12,6.280940716023447e-12,6.280602434568845e-12,6.2802642424610514e-12,6.279926139615162e-12,6.279588126061314e-12,6.2792502017416514e-12,6.2789123665895875e-12,6.2785746205445696e-12,6.278236963610909e-12,6.2778993956920205e-12,6.2775619167705575e-12,6.277224526808825e-12,6.2768872257619985e-12,6.276550013205651e-12,6.2762128898606346e-12,6.275875855352931e-12,6.275538909410953e-12,6.275202052343412e-12,6.274865283891233e-12,6.274528604326048e-12,6.2741920130970765e-12,6.273855510234292e-12,6.273519096353786e-12,6.2731827707775226e-12,6.272846533408242e-12,6.272510384454333e-12,6.272174324255759e-12,6.271838351848956e-12,6.2715024677496265e-12,6.2711666722674205e-12,6.270830964321744e-12,6.270495344630293e-12,6.270159813008992e-12,6.269824369639785e-12,6.2694890140297906e-12,6.269153746231978e-12,6.268818566380109e-12,6.2684834743473124e-12,6.268148470284839e-12,6.267813553974828e-12,6.267478725429875e-12,6.267143984082741e-12,6.2668093311737486e-12,6.266474765638263e-12,6.266140287672485e-12,6.265805897794668e-12,6.265471594810428e-12,6.2651373788369134e-12,6.264803251211145e-12,6.264469210455204e-12,6.264135257749143e-12,6.263801391446151e-12,6.263467612863e-12,6.263133921134483e-12,6.262800316570725e-12,6.2624667996920605e-12,6.262133369311e-12,6.26180002648442e-12,6.261466770485923e-12,6.26113360097301e-12,6.2608005190928226e-12,6.260467523497224e-12,6.260134614994946e-12,6.259801793007161e-12,6.2594690577899605e-12,6.259136409644107e-12,6.258803847838485e-12,6.2584713726193436e-12,6.258138984201526e-12,6.257806681962386e-12,6.2574744670559155e-12,6.257142337792332e-12,6.256810295485801e-12,6.256478339112266e-12,6.256146469087491e-12,6.25581468559201e-12,6.255482988163388e-12,6.255151377158262e-12,6.25481985243422e-12,6.254488414055038e-12,6.254157061420121e-12,6.253825795149971e-12,6.25349461473639e-12,6.253163520180549e-12,6.252832511324045e-12,6.252501588590212e-12,6.252170751967499e-12,6.25184000069031e-12,6.251509335274075e-12,6.251178755081749e-12,6.250848261275082e-12,6.250517852889186e-12,6.2501875299825e-12,6.249857292743004e-12,6.2495271412758055e-12,6.249197075553687e-12,6.24886709502244e-12,6.248537199844966e-12,6.248207390090372e-12,6.247877665497734e-12,6.247548026539748e-12,6.247218472489625e-12,6.24688900410708e-12,6.246559620440497e-12,6.246230321913666e-12,6.2459011084441175e-12,6.245571980652058e-12,6.2452429372820115e-12,6.244913979380392e-12,6.244585105915779e-12,6.244256317863898e-12,6.243927614304362e-12,6.2435989954043105e-12,6.2432704613357204e-12,6.242942012096546e-12,6.242613647269189e-12,6.2422853674545564e-12,6.241957172035234e-12,6.241629061037604e-12,6.2413010347180376e-12,6.240973092946976e-12,6.2406452356614705e-12,6.2403174625991465e-12,6.239989773938693e-12,6.2396621696257225e-12,6.239334649762977e-12,6.23900721463507e-12,6.238679863072453e-12,6.238352595757303e-12,6.238025412566064e-12,6.237698313732838e-12,6.237371298445603e-12,6.23704436761491e-12,6.236717521177437e-12,6.236390757485942e-12,6.236064078481632e-12,6.2357374833456845e-12,6.235410972074544e-12,6.235084545021603e-12,6.234758201300134e-12,6.234431941274512e-12,6.234105765034876e-12,6.233779672313761e-12,6.233453663236239e-12,6.233127737698206e-12,6.232801895686396e-12,6.2324761371451814e-12,6.232150462086702e-12,6.2318248705672086e-12,6.231499362991928e-12,6.231173937954027e-12,6.230848596478437e-12,6.230523338089049e-12,6.230198163181264e-12,6.2298730711712105e-12,6.229548062303549e-12,6.229223136485613e-12,6.2288982940298365e-12,6.228573533938282e-12,6.2282488572479564e-12,6.227924263546662e-12,6.227599752684527e-12,6.227275325046378e-12,6.226950979720675e-12,6.2266267173974616e-12,6.226302537810553e-12,6.225978440918203e-12,6.225654426585148e-12,6.225330495034876e-12,6.22500664603866e-12,6.22468287965698e-12,6.224359195784472e-12,6.224035594434589e-12,6.223712075728436e-12,6.223388639228587e-12,6.223065285426381e-12,6.2227420136269445e-12,6.2224188241377016e-12,6.222095716887959e-12,6.2217726922292605e-12,6.2214497492034895e-12,6.2211268887403674e-12,6.2208041100911845e-12,6.220481413554375e-12,6.220158799338998e-12,6.219836267082322e-12,6.219513816610215e-12,6.219191448247754e-12,6.218869161556385e-12,6.218546956714775e-12,6.218224833684239e-12,6.217902792277101e-12,6.21758083279425e-12,6.217258954745109e-12,6.216937158592737e-12,6.216615444043312e-12,6.216293811316605e-12,6.2159722596922904e-12,6.215650789866769e-12,6.215329401418245e-12,6.215008094365593e-12,6.214686868750298e-12,6.214365724357189e-12,6.214044661489519e-12,6.213723679670684e-12,6.213402779299558e-12,6.213081960122784e-12,6.212761222121991e-12,6.212440565272941e-12,6.212119989528693e-12,6.2117994946135674e-12,6.211479080775995e-12,6.211158748136446e-12,6.210838496403081e-12,6.210518325572468e-12,6.210198235483046e-12,6.209878226729401e-12,6.209558298329796e-12,6.2092384508402525e-12,6.208918684041488e-12,6.208598997968491e-12,6.208279392537175e-12,6.207959867704866e-12,6.207640423474963e-12,6.207321059781743e-12,6.2070017765954076e-12,6.206682573906843e-12,6.206363452008682e-12,6.206044410157865e-12,6.205725448696256e-12,6.2054065675257656e-12,6.2050877669485835e-12,6.204769046536648e-12,6.204450405910801e-12,6.2041318458581936e-12,6.203813365749821e-12,6.203494965590536e-12,6.203176645467664e-12,6.2028584056029636e-12,6.202540245906138e-12,6.2022221661683245e-12,6.201904166118431e-12,6.2015862462216675e-12,6.2012684061398295e-12,6.200950645533494e-12,6.200632964785766e-12,6.2003153638210964e-12,6.1999978426431e-12,6.199680401173074e-12,6.199363039304023e-12,6.199045756826259e-12,6.1987285543475035e-12,6.198411431140756e-12,6.198094387246456e-12,6.197777423018996e-12,6.197460538206145e-12,6.197143732931287e-12,6.196827006855926e-12,6.196510360352155e-12,6.196193792704441e-12,6.195877304459237e-12,6.195560895294047e-12,6.19524456542161e-12,6.194928314551138e-12,6.194612142924022e-12,6.194296050149058e-12,6.193980036404872e-12,6.193664101715733e-12,6.193348245865439e-12,6.193032468933341e-12,6.192716771402866e-12,6.192401152436453e-12,6.19208561209279e-12,6.1917701507236135e-12,6.191454768121813e-12,6.191139464214395e-12,6.1908242388055775e-12,6.190509092180034e-12,6.190194024290066e-12,6.189879034827347e-12,6.189564124032209e-12,6.189249291626707e-12,6.1889345376439554e-12,6.1886198618458426e-12,6.188305264706073e-12,6.187990745718009e-12,6.187676304968074e-12,6.1873619427532475e-12,6.187047658755868e-12,6.186733452757338e-12,6.1864193249224625e-12,6.186105275467761e-12,6.185791303883937e-12,6.1854774106046406e-12,6.185163595388493e-12,6.1848498581607835e-12,6.184536198880266e-12,6.18422261754849e-12,6.183909114112213e-12,6.1835956883873806e-12,6.183282340757219e-12,6.182969070782526e-12,6.182655878361119e-12,6.1823427638820674e-12,6.18202972695031e-12,6.181716767574311e-12,6.181403886301e-12,6.181091082519035e-12,6.180778356119252e-12,6.180465707247627e-12,6.180153135828941e-12,6.179840641324355e-12,6.179528224513702e-12,6.1792158853170066e-12,6.178903623703686e-12,6.178591439190894e-12,6.1782793318901506e-12,6.177967301865806e-12,6.177655349031712e-12,6.177343473122447e-12,6.177031674601205e-12,6.17671995325891e-12,6.176408308871694e-12,6.176096741587066e-12,6.17578525132045e-12,6.175473837944782e-12,6.175162501462993e-12,6.1748512414372165e-12,6.174540058495386e-12,6.174228953105141e-12,6.1739179241068715e-12,6.173606971780334e-12,6.1732960961435856e-12,6.172985297193668e-12,6.1726745749228234e-12,6.172363929235478e-12,6.17205336039956e-12,6.17174286784263e-12,6.171432451787976e-12,6.1711221122355995e-12,6.170811849029517e-12,6.170501662354433e-12,6.170191552070918e-12,6.16988151803012e-12,6.169571560360712e-12,6.169261679008412e-12,6.168951874024999e-12,6.168642145085699e-12,6.168332492306872e-12,6.168022915727075e-12,6.167713415218375e-12,6.167403990945211e-12,6.167094642557491e-12,6.166785370175448e-12,6.166476173798594e-12,6.166167053320372e-12,6.165858008771318e-12,6.165549039859627e-12,6.165240146998129e-12,6.1649313295434475e-12,6.1646225882257956e-12,6.164313922690688e-12,6.164005332855459e-12,6.163696818706245e-12,6.163388380196084e-12,6.163080017274505e-12,6.162771729920185e-12,6.162463518121165e-12,6.162155381864599e-12,6.161847321122499e-12,6.1615393357367975e-12,6.1612314257520215e-12,6.160923591173409e-12,6.1606158318569166e-12,6.160308147877031e-12,6.16000053903941e-12,6.1596930056763065e-12,6.15938554749115e-12,6.159078164430298e-12,6.1587708564728225e-12,6.158463623603941e-12,6.158156465924596e-12,6.157849383160599e-12,6.15754237540115e-12,6.157235442611668e-12,6.156928584758801e-12,6.156621801906556e-12,6.156315093836434e-12,6.156008460603551e-12,6.1557019021800515e-12,6.15539541855353e-12,6.155089009663177e-12,6.154782675368929e-12,6.154476415906553e-12,6.154170231020944e-12,6.153864120922071e-12,6.153558084840666e-12,6.153252123578268e-12,6.152946237029503e-12,6.15264042484341e-12,6.152334687136899e-12,6.1520290238384924e-12,6.151723434719786e-12,6.151417919516616e-12,6.151112479198046e-12,6.150807113200806e-12,6.150501821475288e-12,6.150196603956213e-12,6.1498914606417074e-12,6.149586391702473e-12,6.1492813966446184e-12,6.148976475783008e-12,6.1486716288582596e-12,6.148366855977743e-12,6.148062157085847e-12,6.1477575321183454e-12,6.1474529810860316e-12,6.1471485039297716e-12,6.146844101304762e-12,6.146539771918925e-12,6.146235516278746e-12,6.145931334446755e-12,6.145627226304528e-12,6.145323192159269e-12,6.145019231351502e-12,6.14471534424869e-12,6.1444115305073464e-12,6.144107790571984e-12,6.143804124040508e-12,6.143500531108131e-12,6.1431970116360836e-12,6.142893565560079e-12,6.1425901929202444e-12,6.14228689360145e-12,6.141983667770305e-12,6.141680515193862e-12,6.141377435893145e-12,6.141074429602879e-12,6.1407714967643444e-12,6.140468637178329e-12,6.140165850674905e-12,6.13986313727723e-12,6.13956049671966e-12,6.139257929219279e-12,6.1389554349602204e-12,6.1386530136737136e-12,6.138350665159198e-12,6.138048389784516e-12,6.137746187945441e-12,6.137444058251115e-12,6.137142001008374e-12,6.136840016840977e-12,6.136538105684456e-12,6.136236267009393e-12,6.1359345012938444e-12,6.135632808622669e-12,6.135331187970032e-12,6.1350296408692405e-12,6.134728165662579e-12,6.134426763009099e-12,6.134125432932704e-12,6.133824175287963e-12,6.133522990169786e-12,6.133221877404173e-12,6.132920836929985e-12,6.132619868861546e-12,6.132318973203812e-12,6.1320181498242905e-12,6.1317173984633724e-12,6.1314167196122805e-12,6.131116112933832e-12,6.1308155784439065e-12,6.130515116406355e-12,6.130214726167968e-12,6.129914408009577e-12,6.12961416189424e-12,6.12931398780611e-12,6.129013885706447e-12,6.128713855735822e-12,6.128413897528387e-12,6.128114011208319e-12,6.127814196757694e-12,6.127514454130796e-12,6.12721478334935e-12,6.126915184478495e-12,6.126615657158302e-12,6.1263162015320115e-12,6.12601681782987e-12,6.125717505503856e-12,6.12541826498521e-12,6.125119095857467e-12,6.124819998287723e-12,6.1245209722844375e-12,6.124222017748977e-12,6.1239231342201116e-12,6.123624322571566e-12,6.123325582320356e-12,6.123026913358355e-12,6.1227283157405495e-12,6.122429789422417e-12,6.122131334517226e-12,6.1218329507335005e-12,6.121534638287995e-12,6.121236396900193e-12,6.120938226771052e-12,6.120640127764515e-12,6.120342099969011e-12,6.120044143065043e-12,6.119746257190363e-12,6.119448442318621e-12,6.1191506984563265e-12,6.1188530249632915e-12,6.1185554228989284e-12,6.118257891690629e-12,6.117960431357237e-12,6.117663041751132e-12,6.117365723041604e-12,6.11706847506522e-12,6.116771297668427e-12,6.116474191110182e-12,6.116177155275315e-12,6.115880190029642e-12,6.11558329512966e-12,6.115286471096472e-12,6.114989717556311e-12,6.114693034534263e-12,6.114396421995088e-12,6.114099879894548e-12,6.113803408088304e-12,6.113507006812178e-12,6.113210675896368e-12,6.112914415318323e-12,6.112618225055405e-12,6.1123221055202455e-12,6.112026055807406e-12,6.111730076190473e-12,6.1114341668235696e-12,6.111138327652763e-12,6.1108425586719246e-12,6.1105468596689645e-12,6.110251230775848e-12,6.1099556719114674e-12,6.109660183032585e-12,6.109364764099081e-12,6.109069415161454e-12,6.10877413608181e-12,6.1084789268919644e-12,6.1081837875516835e-12,6.107888718031743e-12,6.107593718343444e-12,6.107298788440937e-12,6.107003928216918e-12,6.106709137695998e-12,6.1064144168941076e-12,6.1061197657896005e-12,6.105825184241983e-12,6.105530672233349e-12,6.105236229714199e-12,6.104941856787849e-12,6.1046475532721775e-12,6.104353319310348e-12,6.104059154783897e-12,6.103765059579512e-12,6.10347103389959e-12,6.1031770774986386e-12,6.102883190693618e-12,6.102589372900587e-12,6.102295624502839e-12,6.102001945242133e-12,6.101708335137351e-12,6.101414794200816e-12,6.101121322338164e-12,6.100827919587769e-12,6.100534586005584e-12,6.100241321713159e-12,6.09994812620914e-12,6.09965499971153e-12,6.099361942181495e-12,6.0990689535801564e-12,6.0987760338867985e-12,6.098483183072926e-12,6.098190401149934e-12,6.097897688002305e-12,6.097605043559347e-12,6.097312467965938e-12,6.097019961155093e-12,6.096727522970478e-12,6.0964351535311014e-12,6.096142853105087e-12,6.095850620937029e-12,6.095558457302624e-12,6.095266362338946e-12,6.094974335796489e-12,6.0946823777525996e-12,6.0943904881129765e-12,6.094098666960854e-12,6.09380691420111e-12,6.093515230091639e-12,6.093223614100752e-12,6.092932066364282e-12,6.0926405870068724e-12,6.092349175975279e-12,6.092057833134543e-12,6.0917665584998475e-12,6.091475352059181e-12,6.091184213803022e-12,6.090893143636716e-12,6.0906021417024426e-12,6.090311207697707e-12,6.090020341732037e-12,6.0897295437777236e-12,6.089438813720859e-12,6.089148151659486e-12,6.0888575575662095e-12,6.088567031300909e-12,6.088276572933472e-12,6.087986182634191e-12,6.087695859927737e-12,6.0874056050308165e-12,6.0871154178814684e-12,6.08682529836957e-12,6.0865352466397614e-12,6.086245262587032e-12,6.0859553460863345e-12,6.085665497266584e-12,6.0853757159560955e-12,6.085086002435074e-12,6.084796356284565e-12,6.084506777749612e-12,6.084217266401851e-12,6.083927822670811e-12,6.083638446383515e-12,6.0833491374043256e-12,6.0830598958071076e-12,6.0827707214016706e-12,6.082481614406932e-12,6.082192575658045e-12,6.08190360306556e-12,6.081614697924743e-12,6.0813258599162286e-12,6.081037089032162e-12,6.080748385268715e-12,6.080459748916666e-12,6.0801711793248704e-12,6.0798826767906765e-12,6.079594241297525e-12,6.079305872783028e-12,6.079017571286305e-12,6.078729336636694e-12,6.078441168810135e-12,6.078153068005512e-12,6.077865033909475e-12,6.077577066773445e-12,6.077289166386385e-12,6.077001332704555e-12,6.076713565801203e-12,6.0764258656074544e-12,6.0761382320954125e-12,6.07585066525655e-12,6.075563164983236e-12,6.075275731357699e-12,6.07498836343917e-12,6.074701062921271e-12,6.074413828919475e-12,6.07412666135101e-12,6.073839560310817e-12,6.073552525682377e-12,6.07326555745776e-12,6.072978655638575e-12,6.072691820302197e-12,6.072405051157367e-12,6.072118348277557e-12,6.071831711663405e-12,6.071545141286085e-12,6.071258637121089e-12,6.0709721991489834e-12,6.070685827321665e-12,6.070399521590477e-12,6.070113281989998e-12,6.069827108174187e-12,6.069541000642333e-12,6.069254959149792e-12,6.0689689832231284e-12,6.06868307360769e-12,6.068397230033204e-12,6.068111453078226e-12,6.067825741395018e-12,6.0675400954709614e-12,6.067254515393377e-12,6.06696900130962e-12,6.066683553217829e-12,6.066398170268606e-12,6.066112852918601e-12,6.06582760153243e-12,6.065542415875076e-12,6.06525729581218e-12,6.0649722413180075e-12,6.064687252423157e-12,6.064402329097671e-12,6.06411747127544e-12,6.063832678975255e-12,6.063547952148676e-12,6.063263290768433e-12,6.0629786948001926e-12,6.062694164277602e-12,6.062409699054329e-12,6.062125299171322e-12,6.061840964597114e-12,6.061556695301398e-12,6.061272491160103e-12,6.0609883523446005e-12,6.060704277638097e-12,6.0604202692108374e-12,6.060136325930438e-12,6.059852447738382e-12,6.059568634660578e-12,6.059284886660662e-12,6.059001203697354e-12,6.058717585984911e-12,6.058434032970844e-12,6.0581505449741095e-12,6.057867121864359e-12,6.0575837637019575e-12,6.057300470614712e-12,6.057017242171587e-12,6.05673407855387e-12,6.056450979734722e-12,6.056167945687728e-12,6.0558849763858594e-12,6.05560207180609e-12,6.055319231914811e-12,6.055036457019132e-12,6.054753746431883e-12,6.054471100606004e-12,6.0541885192213765e-12,6.053906002398258e-12,6.0536235500995555e-12,6.053341162306488e-12,6.053058838992375e-12,6.052776580138259e-12,6.0524943857032905e-12,6.0522122559225496e-12,6.0519301902602655e-12,6.051648188944644e-12,6.0513662518487315e-12,6.05108437914719e-12,6.050802570739928e-12,6.050520826546772e-12,6.050239146631546e-12,6.049957530841148e-12,6.049675979215989e-12,6.049394491730861e-12,6.0491130683533174e-12,6.0488317089123036e-12,6.048550413350772e-12,6.048269181965024e-12,6.047988014531002e-12,6.047706911299958e-12,6.047425871823076e-12,6.0471448963033016e-12,6.0468639848985556e-12,6.046583137317004e-12,6.046302353577649e-12,6.046021633666969e-12,6.0457409775476805e-12,6.045460385811138e-12,6.045179857061829e-12,6.0448993921702786e-12,6.0446189909687855e-12,6.044338653431844e-12,6.044058379533074e-12,6.043778169256296e-12,6.043498022555747e-12,6.043217939429791e-12,6.042937919828611e-12,6.042657963947563e-12,6.0423780713409e-12,6.0420982421904906e-12,6.041818476459685e-12,6.041538774128787e-12,6.041259135215293e-12,6.040979559621631e-12,6.040700047206926e-12,6.040420598773361e-12,6.040141213088934e-12,6.039861890634803e-12,6.039582631426935e-12,6.039303435408639e-12,6.039024302574459e-12,6.038745232865173e-12,6.038466226313045e-12,6.038187282906698e-12,6.037908402489602e-12,6.037629585129995e-12,6.037350830782316e-12,6.037072139460043e-12,6.0367935110743625e-12,6.036514945625946e-12,6.0362364432037214e-12,6.035958003554085e-12,6.035679626764652e-12,6.035401312775509e-12,6.03512306162211e-12,6.034844873283339e-12,6.0345667476964195e-12,6.0342886848569e-12,6.034010684640664e-12,6.0337327472142935e-12,6.033454872432285e-12,6.033177060224562e-12,6.032899310580014e-12,6.032621623614084e-12,6.0323439992201965e-12,6.0320664373577356e-12,6.031788937997585e-12,6.031511500352377e-12,6.031234125923999e-12,6.030956813849793e-12,6.030679564372292e-12,6.0304023771436535e-12,6.030125252230326e-12,6.029848190256445e-12,6.029571190136635e-12,6.029294252201298e-12,6.029017376537261e-12,6.028740563092936e-12,6.02846381140354e-12,6.02818712217532e-12,6.0279104952141525e-12,6.02763393042668e-12,6.027357427756188e-12,6.0270809871680174e-12,6.026804608620996e-12,6.026528291999075e-12,6.026252037494009e-12,6.0259758449750056e-12,6.0256997143993e-12,6.0254236457456805e-12,6.025147639017365e-12,6.024871694163073e-12,6.024595811155468e-12,6.0243199899723454e-12,6.0240442304480715e-12,6.023768532846108e-12,6.023492896983734e-12,6.0232173229437065e-12,6.02294181054764e-12,6.022666359821193e-12,6.0223909707514335e-12,6.022115643419466e-12,6.02184037757229e-12,6.021565173311496e-12,6.021290030609678e-12,6.021014949267236e-12,6.020739929600486e-12,6.020464971401018e-12,6.020190074798939e-12,6.019915239482914e-12,6.019640465585615e-12,6.019365752955569e-12,6.019091101798069e-12,6.018816511971122e-12,6.01854198391994e-12,6.018267516841786e-12,6.017993110869837e-12,6.017718766122813e-12,6.017444482657827e-12,6.017170260390852e-12,6.016896099202639e-12,6.016621999152307e-12,6.0163479602111496e-12,6.016073982378152e-12,6.015800065579965e-12,6.015526210644144e-12,6.0152524159829866e-12,6.0149786822599214e-12,6.014705009279202e-12,6.014431397788214e-12,6.014157846589485e-12,6.013884356568094e-12,6.013610927420269e-12,6.0133375591656585e-12,6.013064251642694e-12,6.012791004769713e-12,6.0125178179187005e-12,6.0122446927690195e-12,6.011971628272441e-12,6.01169862447157e-12,6.011425681342632e-12,6.011152798761946e-12,6.010879976906285e-12,6.010607215649468e-12,6.01033451497197e-12,6.0100618748402085e-12,6.009789295221428e-12,6.009516776002856e-12,6.009244317603701e-12,6.008971919423312e-12,6.008699581660747e-12,6.008427304324131e-12,6.008155087367684e-12,6.007882930794635e-12,6.007610834302038e-12,6.007338798342582e-12,6.007066822671028e-12,6.006794907244829e-12,6.0065230520591085e-12,6.00625125709674e-12,6.005979522342588e-12,6.005707847635037e-12,6.005436233165809e-12,6.005164678809736e-12,6.004893184326946e-12,6.0046217500497966e-12,6.004350375934078e-12,6.004079061812338e-12,6.003807807686136e-12,6.003536613559663e-12,6.003265480042171e-12,6.002994405755559e-12,6.002723391168857e-12,6.002452436682407e-12,6.002181542046571e-12,6.0019107072407e-12,6.001639932225562e-12,6.001369216998465e-12,6.001098561368033e-12,6.000827965609915e-12,6.000557429563445e-12,6.00028695313522e-12,6.000016536559977e-12,5.9997461795297436e-12,5.999475882344438e-12,5.999205644424266e-12,5.998935466180078e-12,5.998665347369078e-12,5.998395288215376e-12,5.998125288269014e-12,5.997855348465449e-12,5.997585467715307e-12,5.9973156460402485e-12,5.997045884131644e-12,5.99677618158728e-12,5.996506539025233e-12,5.99623695517586e-12,5.995967430479731e-12,5.995697965170718e-12,5.995428559031799e-12,5.99515921229439e-12,5.9948899247302095e-12,5.994620696386405e-12,5.994351527211731e-12,5.99408241718385e-12,5.993813365982101e-12,5.993544374176854e-12,5.993275441437535e-12,5.993006567735697e-12,5.992737753092369e-12,5.992468997455156e-12,5.9922003007793685e-12,5.99193166312093e-12,5.991663084359435e-12,5.9913945642651035e-12,5.991126103305273e-12,5.990857701418364e-12,5.990589358798384e-12,5.990321074369766e-12,5.990052848739823e-12,5.989784681881974e-12,5.989516573759499e-12,5.9892485243597995e-12,5.988980534077174e-12,5.988712602036785e-12,5.9884447287005e-12,5.9881769140288106e-12,5.987909157939317e-12,5.987641460438259e-12,5.987373821506269e-12,5.987106241113722e-12,5.986838719240731e-12,5.986571255856474e-12,5.98630385095366e-12,5.9860365045009836e-12,5.9857692164785055e-12,5.9855019868703445e-12,5.985234815585889e-12,5.984967702721425e-12,5.984700648099398e-12,5.984433651883093e-12,5.9841667139492706e-12,5.983899834317498e-12,5.983633012906554e-12,5.983366249656019e-12,5.9830995451866715e-12,5.982832898355862e-12,5.9825663096485755e-12,5.982299779040944e-12,5.982033306447877e-12,5.981766892078706e-12,5.981500535849455e-12,5.98123423760145e-12,5.980967997318383e-12,5.980701815130303e-12,5.980435690851872e-12,5.980169624503127e-12,5.979903616098539e-12,5.9796376655939e-12,5.9793717729683014e-12,5.979105938199839e-12,5.9788401612783945e-12,5.978574442221159e-12,5.978308780033327e-12,5.978043176484489e-12,5.977777630526991e-12,5.977512142024212e-12,5.977246711584383e-12,5.976981338860882e-12,5.976716023797805e-12,5.976450766349067e-12,5.976185566527204e-12,5.975920424298097e-12,5.975655339460417e-12,5.975390312313588e-12,5.975125342969608e-12,5.9748604308734655e-12,5.9745955762404824e-12,5.9743307790543495e-12,5.974066039285241e-12,5.97380135693205e-12,5.97353673196379e-12,5.973272164323474e-12,5.973007654119092e-12,5.9727432011700786e-12,5.97247880535045e-12,5.972214466955559e-12,5.9719501858108454e-12,5.971685961893067e-12,5.971421795073438e-12,5.971157685572588e-12,5.970893633212949e-12,5.970629637999257e-12,5.970365699768118e-12,5.970101818765865e-12,5.9698379948263245e-12,5.969574227939533e-12,5.969310518072088e-12,5.969046865211168e-12,5.9687832693422585e-12,5.968519730441217e-12,5.968256248471247e-12,5.9679928226463144e-12,5.967729454240975e-12,5.9674661429687225e-12,5.967202888525819e-12,5.966939690746209e-12,5.966676549983462e-12,5.9664134659468424e-12,5.966150438865054e-12,5.9658874685063405e-12,5.9656245546852204e-12,5.9653616975938125e-12,5.96509889717397e-12,5.964836153404191e-12,5.964573466250306e-12,5.964310835719191e-12,5.964048261773341e-12,5.96378574439154e-12,5.9635232835404616e-12,5.963260879176502e-12,5.9629985313593285e-12,5.962736240062954e-12,5.962474005467293e-12,5.9622118270304006e-12,5.961949704985001e-12,5.961687639373814e-12,5.961425630175008e-12,5.961163677320116e-12,5.960901780717269e-12,5.960639940388295e-12,5.960378156400452e-12,5.960116428668469e-12,5.9598547571658445e-12,5.9595931418586055e-12,5.959331583028042e-12,5.959070080102152e-12,5.95880863330818e-12,5.958547242644146e-12,5.958285908128613e-12,5.9580246296516194e-12,5.95776340752336e-12,5.9575022414732806e-12,5.957241131123889e-12,5.956980076854213e-12,5.956719078531482e-12,5.9564581362133755e-12,5.956197249783492e-12,5.955936419247428e-12,5.9556756446114905e-12,5.955414925837578e-12,5.95515426285764e-12,5.954893655708217e-12,5.954633104389414e-12,5.9543726088316306e-12,5.954112168973894e-12,5.953851784933708e-12,5.953591456602789e-12,5.953331183923396e-12,5.9530709669665285e-12,5.9528108056164885e-12,5.9525506999665445e-12,5.952290650005819e-12,5.952030655557303e-12,5.951770716646137e-12,5.951510833287431e-12,5.951251005454211e-12,5.950991233127368e-12,5.950731516333183e-12,5.950471854951754e-12,5.950212249012283e-12,5.949952698495231e-12,5.9496932033721085e-12,5.949433763630087e-12,5.949174379244958e-12,5.948915050193715e-12,5.948655776458929e-12,5.948396558011034e-12,5.948137394839223e-12,5.947878286918773e-12,5.947619234221601e-12,5.947360236737385e-12,5.9471012944405546e-12,5.9468424073036864e-12,5.946583575311346e-12,5.9463247984422945e-12,5.9460660766808965e-12,5.945807409995238e-12,5.9455487983696645e-12,5.945290241783014e-12,5.945031740214497e-12,5.944773293642828e-12,5.944514902046832e-12,5.944256565405812e-12,5.9439982836986575e-12,5.9437400569043464e-12,5.9434818850019985e-12,5.9432237679705714e-12,5.942965705788908e-12,5.942707698418242e-12,5.942449745873645e-12,5.942191848116025e-12,5.941934005124516e-12,5.941676216878501e-12,5.941418483323437e-12,5.941160804505256e-12,5.940903180369685e-12,5.9406456108958036e-12,5.940388096062876e-12,5.9401306358500526e-12,5.939873230567544e-12,5.939615879864182e-12,5.939358583386585e-12,5.9391013419085394e-12,5.938844154599574e-12,5.938587021640759e-12,5.938329943510888e-12,5.938072919849517e-12,5.9378159506854245e-12,5.937559035496211e-12,5.937302174703599e-12,5.937045368278521e-12,5.9367886162066914e-12,5.9365319184687296e-12,5.93627527518012e-12,5.936018686036842e-12,5.935762151160626e-12,5.935505670539301e-12,5.935249244140146e-12,5.934992871946839e-12,5.934736553939687e-12,5.9344802900972746e-12,5.934224080399142e-12,5.933967924825617e-12,5.933711823355692e-12,5.9334557759669e-12,5.9331997828230975e-12,5.932943843856733e-12,5.93268795874473e-12,5.932432127478542e-12,5.932176350195355e-12,5.931920627032915e-12,5.931664957959226e-12,5.9314093428439605e-12,5.931153781274619e-12,5.930898273909227e-12,5.930642820387965e-12,5.930387420565924e-12,5.930132074709968e-12,5.929876782304949e-12,5.929621543704227e-12,5.929366358857595e-12,5.9291112277465885e-12,5.928856150346859e-12,5.928601126769606e-12,5.928346156729083e-12,5.928091240337081e-12,5.92783637759783e-12,5.927581568480671e-12,5.927326812850481e-12,5.927072110764871e-12,5.9268174623837885e-12,5.926562867405413e-12,5.926308326025127e-12,5.926053838157288e-12,5.925799403932884e-12,5.925545023082284e-12,5.9252906955984085e-12,5.9250364214914584e-12,5.924782200839437e-12,5.924528033662968e-12,5.924273919834094e-12,5.9240198591074455e-12,5.923765851769887e-12,5.9235118977701646e-12,5.9232579969870116e-12,5.9230041492047665e-12,5.9227503551405464e-12,5.922496614104231e-12,5.9222429264380605e-12,5.921989292165493e-12,5.921735710817547e-12,5.921482182125154e-12,5.921228707114035e-12,5.920975284873429e-12,5.920721915773139e-12,5.920468599386883e-12,5.9202153364305315e-12,5.919962126333585e-12,5.919708969194177e-12,5.9194558651189366e-12,5.9192028141391194e-12,5.918949815911167e-12,5.918696870626508e-12,5.918443978022214e-12,5.918191138675389e-12,5.9179383518121245e-12,5.917685618260039e-12,5.9174329371746715e-12,5.917180309079493e-12,5.9169277335037756e-12,5.916675210752548e-12,5.916422740762295e-12,5.9161703233436015e-12,5.9159179586736565e-12,5.915665646706251e-12,5.915413387338992e-12,5.915161180666476e-12,5.914909026632959e-12,5.914656925239172e-12,5.914404876278641e-12,5.914152879974464e-12,5.913900936229685e-12,5.9136490450069724e-12,5.913397206249352e-12,5.9131454199484034e-12,5.912893685865848e-12,5.912642004120055e-12,5.9123903751279624e-12,5.9121387983789005e-12,5.911887274361974e-12,5.9116358022545596e-12,5.911384382807856e-12,5.91113301549081e-12,5.910881700479209e-12,5.9106304378121004e-12,5.910379227340891e-12,5.910128069115397e-12,5.90987696310194e-12,5.909625909369871e-12,5.909374907818001e-12,5.909123958438788e-12,5.90887306120203e-12,5.9086222160196474e-12,5.908371423002857e-12,5.908120682069958e-12,5.907869993216698e-12,5.907619356404353e-12,5.907368771619435e-12,5.9071182388383966e-12,5.906867757979082e-12,5.906617329180866e-12,5.906366952303799e-12,5.906116627360056e-12,5.905866354328836e-12,5.905616133189483e-12,5.905365963916355e-12,5.905115846637372e-12,5.904865781310731e-12,5.904615767530586e-12,5.904365805598907e-12,5.904115895393143e-12,5.903866036943509e-12,5.903616230237516e-12,5.9033664752416015e-12,5.903116771790303e-12,5.902867120172579e-12,5.902617520073783e-12,5.902367971624665e-12,5.90211847492676e-12,5.901869029825199e-12,5.90161963633299e-12,5.9013702943705485e-12,5.901121003965908e-12,5.900871765086417e-12,5.9006225777122705e-12,5.900373441826258e-12,5.900124357445303e-12,5.8998753250290315e-12,5.899626343489235e-12,5.8993774138154805e-12,5.8991285350787875e-12,5.8988797076785826e-12,5.898630931513484e-12,5.898382207002941e-12,5.8981335336056095e-12,5.897884911498558e-12,5.897636340955278e-12,5.897387821386668e-12,5.897139353103201e-12,5.896890935997465e-12,5.896642570090172e-12,5.89639425540573e-12,5.896145991873746e-12,5.895897779507917e-12,5.8956496182204766e-12,5.8954015079120385e-12,5.895153448877128e-12,5.894905440742506e-12,5.894657483647386e-12,5.894409577532086e-12,5.894161722630455e-12,5.893913918577737e-12,5.893666165635576e-12,5.893418463670569e-12,5.893170812057519e-12,5.892923211924751e-12,5.8926756630890615e-12,5.8924281646003125e-12,5.892180716985581e-12,5.8919333203435295e-12,5.891685974469162e-12,5.891438679437586e-12,5.8911914352073454e-12,5.890944241717878e-12,5.890697099000525e-12,5.890450007042567e-12,5.890202965782955e-12,5.88995597523058e-12,5.889709035364144e-12,5.889462146139297e-12,5.889215307544951e-12,5.888968519568886e-12,5.888721782216778e-12,5.8884750954334456e-12,5.888228459212965e-12,5.887981873536724e-12,5.887735338380372e-12,5.887488853737082e-12,5.887242419582369e-12,5.886996035897638e-12,5.8867497026643225e-12,5.8865034198637395e-12,5.8862571874776605e-12,5.886011005520781e-12,5.88576487390774e-12,5.885518792563183e-12,5.8852727616998066e-12,5.885026781125919e-12,5.884780850837143e-12,5.884534970746102e-12,5.8842891410261616e-12,5.884043361629591e-12,5.883797632067993e-12,5.883551953108267e-12,5.883306324436505e-12,5.883060745865257e-12,5.8828152173388695e-12,5.8825697389564065e-12,5.882324310686295e-12,5.882078932538419e-12,5.881833604448747e-12,5.881588326425788e-12,5.8813430984482615e-12,5.881097920482773e-12,5.880852792362649e-12,5.880607714444337e-12,5.880362686456822e-12,5.8801177084142146e-12,5.8798727803258315e-12,5.879627902149621e-12,5.879383073901096e-12,5.8791382955103845e-12,5.8788935668834294e-12,5.878648888200554e-12,5.878404259343582e-12,5.878159680294351e-12,5.8779151510353645e-12,5.8776706715479e-12,5.877426241885161e-12,5.877181861885448e-12,5.876937531594719e-12,5.876693251107477e-12,5.876449020239541e-12,5.876204839060602e-12,5.875960707451098e-12,5.875716625646167e-12,5.8754725933181114e-12,5.8752286105485135e-12,5.8749846773510355e-12,5.874740793739954e-12,5.874496959696619e-12,5.8742531751071685e-12,5.874009440017526e-12,5.8737657544097514e-12,5.873522118307888e-12,5.873278531601552e-12,5.873034994359629e-12,5.872791506643672e-12,5.87254806823279e-12,5.8723046790264695e-12,5.8720613393834275e-12,5.871818048745894e-12,5.871574808064506e-12,5.8713316163161435e-12,5.871088473190845e-12,5.870845380024616e-12,5.8706023360456935e-12,5.870359341596851e-12,5.8701163964942825e-12,5.8698734999084006e-12,5.869630652606902e-12,5.869387854392732e-12,5.869145105522009e-12,5.868902405740209e-12,5.8686597550976e-12,5.8684171536143565e-12,5.868174601065383e-12,5.867932097623104e-12,5.867689643174139e-12,5.867447237785775e-12,5.867204881359474e-12,5.866962573954299e-12,5.866720315547345e-12,5.866478106086668e-12,5.866235945436323e-12,5.865993833783086e-12,5.865751770952425e-12,5.8655097572040016e-12,5.865267792132694e-12,5.8650258759806914e-12,5.864784008642912e-12,5.86454219011163e-12,5.864300420488004e-12,5.864058699440418e-12,5.86381702735452e-12,5.863575403857239e-12,5.863333829056067e-12,5.86309230295929e-12,5.862850825527613e-12,5.8626093967728205e-12,5.862368016652145e-12,5.862126685152924e-12,5.861885402277097e-12,5.861644167980115e-12,5.861402982253602e-12,5.8611618450961445e-12,5.860920756476531e-12,5.8606797163691356e-12,5.860438724871625e-12,5.860197781755839e-12,5.859956887109965e-12,5.85971604091305e-12,5.859475243115713e-12,5.859234493768188e-12,5.858993792802564e-12,5.858753140237917e-12,5.858512535391861e-12,5.8582719795280026e-12,5.8580314721081e-12,5.857791012860195e-12,5.857550601938569e-12,5.857310239382422e-12,5.8570699249795125e-12,5.856829658829021e-12,5.856589440905025e-12
17,0.0,0.0,0.0,0.0,0.0,0.0,0.0,0.0,0.0,0.0,0.0,0.0,0.0,0.0,0.0,0.0,0.0,0.0,0.0,0.0,0.0,0.0,0.0,0.0,0.0,0.0,0.0,0.0,0.0,0.0,0.0,0.0,0.0,0.0,0.0,0.0,0.0,0.0,0.0,0.0,0.0,0.0,0.0,0.0,0.0,0.0,0.0,0.0,0.0,0.0,0.0,0.0,0.0,0.0,0.0,0.0,0.0,0.0,0.0,0.0,0.0,0.0,0.0,0.0,0.0,0.0,0.0,0.0,0.0,0.0,0.0,0.0,0.0,0.0,0.0,0.0,0.0,0.0,0.0,0.0,0.0,0.0,0.0,0.0,0.0,0.0,0.0,0.0,0.0,0.0,0.0,0.0,0.0,0.0,0.0,0.0,0.0,0.0,0.0,0.0,0.0,0.0,0.0,0.0,0.0,0.0,0.0,0.0,0.0,0.0,0.0,0.0,0.0,0.0,0.0,0.0,0.0,0.0,0.0,0.0,0.0,0.0,0.0,0.0,0.0,0.0,0.0,0.0,0.0,0.0,0.0,0.0,0.0,0.0,0.0,0.0,0.0,0.0,0.0,0.0,0.0,0.0,0.0,0.0,0.0,0.0,0.0,0.0,0.0,0.0,0.0,0.0,0.0,0.0,0.0,0.0,0.0,0.0,0.0,0.0,0.0,0.0,0.0,0.0,0.0,0.0,0.0,0.0,0.0,0.0,0.0,0.0,0.0,0.0,0.0,0.0,0.0,0.0,0.0,0.0,0.0,0.0,0.0,0.0,0.0,0.0,0.0,0.0,0.0,0.0,0.0,0.0,0.0,0.0,0.0,0.0,0.0,0.0,0.0,0.0,0.0,0.0,0.0,0.0,0.0,0.0,0.0,0.0,0.0,0.0,0.0,0.0,0.0,0.0,0.0,0.0,0.0,0.0,0.0,0.0,0.0,0.0,0.0,0.0,0.0,0.0,0.0,0.0,0.0,0.0,0.0,0.0,0.0,0.0,0.0,0.0,0.0,0.0,0.0,0.0,0.0,0.0,0.0,0.0,0.0,0.0,0.0,0.0,0.0,0.0,0.0,0.0,0.0,0.0,0.0,0.0,0.0,0.0,0.0,0.0,0.0,0.0,0.0,0.0,0.0,0.0,0.0,0.0,0.0,0.0,0.0,0.0,0.0,0.0,0.0,0.0,0.0,0.0,0.0,0.0,0.0,0.0,0.0,0.0,0.0,0.0,0.0,0.0,0.0,0.0,0.0,0.0,0.0,0.0,0.0,0.0,0.0,0.0,0.0,0.0,0.0,0.0,0.0,0.0,0.0,0.0,0.0,0.0,0.0,0.0,0.0,0.0,0.0,0.0,0.0,0.0,0.0,0.0,0.0,0.0,0.0,0.0,0.0,0.0,0.0,0.0,0.0,0.0,0.0,0.0,0.0,0.0,0.0,0.0,0.0,0.0,0.0,0.0,0.0,0.0,0.0,0.0,0.0,0.0,0.0,0.0,0.0,0.0,0.0,0.0,0.0,0.0,0.0,0.0,0.0,0.0,0.0,0.0,0.0,0.0,0.0,0.0,0.0,0.0,0.0,0.0,0.0,0.0,0.0,0.0,0.0,0.0,0.0,0.0,0.0,0.0,0.0,0.0,0.0,0.0,0.0,0.0,0.0,0.0,0.0,0.0,0.0,0.0,0.0,0.0,0.0,0.0,0.0,0.0,0.0,0.0,0.0,0.0,0.0,0.0,0.0,0.0,0.0,0.0,0.0,0.0,0.0,0.0,0.0,0.0,0.0,0.0,0.0,0.0,0.0,0.0,0.0,0.0,0.0,0.0,0.0,0.0,0.0,0.0,0.0,0.0,0.0,0.0,0.0,0.0,0.0,0.0,0.0,0.0,0.0,0.0,0.0,0.0,0.0,0.0,0.0,0.0,0.0,0.0,0.0,0.0,0.0,0.0,0.0,0.0,0.0,0.0,0.0,0.0,0.0,0.0,0.0,0.0,0.0,0.0,0.0,0.0,0.0,0.0,0.0,0.0,0.0,0.0,0.0,0.0,0.0,0.0,0.0,0.0,0.0,0.0,0.0,0.0,0.0,0.0,0.0,0.0,0.0,0.0,0.0,0.0,0.0,0.0,0.0,0.0,0.0,0.0,0.0,0.0,0.0,0.0,0.0,0.0,0.0,0.0,0.0,0.0,0.0,0.0,0.0,0.0,0.0,0.0,0.0,0.0,0.0,0.0,0.0,0.0,0.0,0.0,0.0,0.0,0.0,0.0,0.0,0.0,0.0,0.0,0.0,0.0,0.0,0.0,0.0,0.0,0.0,0.0,0.0,0.0,0.0,0.0,0.0,0.0,0.0,0.0,0.0,0.0,0.0,0.0,0.0,0.0,0.0,0.0,0.0,0.0,0.0,0.0,0.0,0.0,0.0,0.0,0.0,0.0,0.0,0.0,0.0,0.0,0.0,0.0,0.0,0.0,0.0,0.0,0.0,0.0,0.0,0.0,0.0,0.0,0.0,0.0,0.0,0.0,0.0,0.0,0.0,0.0,0.0,0.0,0.0,0.0,0.0,0.0,0.0,0.0,0.0,0.0,0.0,0.0,0.0,0.0,0.0,0.0,0.0,0.0,0.0,0.0,0.0,0.0,0.0,0.0,0.0,0.0,0.0,0.0,0.0,0.0,0.0,0.0,0.0,0.0,0.0,0.0,0.0,0.0,0.0,0.0,0.0,0.0,0.0,0.0,0.0,0.0,0.0,0.0,0.0,0.0,0.0,0.0,0.0,0.0,0.0,0.0,0.0,0.0,0.0,0.0,0.0,0.0,0.0,0.0,0.0,0.0,0.0,0.0,0.0,0.0,0.0,0.0,0.0,0.0,0.0,0.0,0.0,0.0,0.0,0.0,0.0,0.0,0.0,0.0,0.0,0.0,0.0,0.0,0.0,0.0,0.0,0.0,0.0,0.0,0.0,0.0,0.0,0.0,0.0,0.0,0.0,0.0,0.0,0.0,0.0,0.0,0.0,0.0,0.0,0.0,0.0,0.0,0.0,0.0,0.0,0.0,0.0,0.0,0.0,0.0,0.0,0.0,0.0,0.0,0.0,0.0,0.0,0.0,0.0,0.0,0.0,0.0,0.0,0.0,0.0,0.0,0.0,0.0,0.0,0.0,0.0,0.0,0.0,0.0,0.0,0.0,0.0,0.0,0.0,0.0,0.0,0.0,0.0,0.0,0.0,0.0,0.0,0.0,0.0,0.0,0.0,0.0,0.0,0.0,0.0,0.0,0.0,0.0,0.0,0.0,0.0,0.0,0.0,0.0,0.0,0.0,0.0,0.0,0.0,0.0,0.0,0.0,0.0,0.0,0.0,0.0,0.0,0.0,0.0,0.0,0.0,0.0,0.0,0.0,0.0,0.0,0.0,0.0,0.0,0.0,0.0,0.0,0.0,0.0,0.0,0.0,0.0,0.0,0.0,0.0,0.0,0.0,0.0,0.0,0.0,0.0,0.0,0.0,0.0,0.0,0.0,0.0,0.0,0.0,0.0,0.0,0.0,0.0,0.0,0.0,0.0,0.0,0.0,0.0,0.0,0.0,0.0,0.0,0.0,0.0,0.0,0.0,0.0,0.0,0.0,0.0,0.0,0.0,0.0,0.0,0.0,0.0,0.0,0.0,0.0,0.0,0.0,0.0,0.0,0.0,0.0,0.0,0.0,0.0,0.0,0.0,0.0,0.0,0.0,0.0,0.0,0.0,0.0,0.0,0.0,0.0,0.0,0.0,0.0,0.0,0.0,0.0,0.0,0.0,0.0,0.0,0.0,0.0,0.0,0.0,0.0,0.0,0.0,0.0,0.0,0.0,0.0,0.0,0.0,0.0,0.0,0.0,0.0,0.0,0.0,0.0,0.0,0.0,0.0,0.0,0.0,0.0,0.0,0.0,0.0,0.0,0.0,0.0,0.0,0.0,0.0,0.0,0.0,0.0,0.0,0.0,0.0,0.0,0.0,0.0,0.0,0.0,0.0,0.0,0.0,0.0,0.0,0.0,0.0,0.0,0.0,0.0,0.0,0.0,0.0,0.0,0.0,0.0,0.0,0.0,0.0,0.0,0.0,0.0,0.0,0.0,0.0,0.0,0.0,0.0,0.0,0.0,0.0,0.0,0.0,0.0,0.0,0.0,0.0,0.0,0.0,0.0,0.0,0.0,0.0,0.0,0.0,0.0,0.0,0.0,0.0,0.0,0.0,0.0,0.0,0.0,0.0,0.0,0.0,0.0,0.0,0.0,0.0,0.0,0.0,0.0,0.0,0.0,0.0,0.0,0.0,0.0,0.0,0.0,0.0,0.0,0.0,0.0,0.0,0.0,0.0,0.0,0.0,0.0,0.0,0.0,0.0,0.0,1.0921346795754773e-30,2.301951187014187e-30,3.64270445395531e-30,5.130697263402744e-30,6.785515287154108e-30,8.630456395375944e-30,1.0693150925120782e-29,1.300638966634459e-29,1.560919528677326e-29,1.8548193345611433e-29,2.1879363548375767e-29,2.567028345615919e-29,3.000301941331377e-29,3.4977878468293503e-29,4.0718318523456603e-29,4.7377433962162593e-29,5.514660905233962e-29,6.426719059709466e-29,7.504642092940647e-29,8.787946763679466e-29,1.0328031182960113e-28,1.219257238756785e-28,1.4471892695183998e-28,1.7288347375188745e-28,2.0810451413643303e-28,2.52746219861815e-28,3.1019492721550553e-28,3.8541612710236044e-28,4.858876407409588e-28,6.232200819200481e-28,8.14703382060681e-28,1.0944008914291364e-27,1.5159558391040679e-27,2.1818022033727957e-27,3.296046224635669e-27,5.30016236580086e-27,9.249488133824341e-27,1.799813544741077e-26,4.055480097758051e-26,1.1154993616610498e-25,4.031512315066343e-25,2.122425534225346e-24,1.8733163738951483e-23,3.218315855689535e-22,1.0566078403405293e-20,4.299198861084406e-19,1.2140723769621201e-17,1.8433254557970513e-16,1.5599583346893349e-15,8.32695440891853e-15,3.1437882504996635e-14,9.148489795407905e-14,2.181717888093636e-13,4.454417158014169e-13,8.038307442701348e-13,1.3131531796867812e-12,1.9783651531960714e-12,2.789774189011442e-12,3.7268019367518666e-12,4.763327386717411e-12,5.872614172194193e-12,7.030632989065378e-12,8.217567338626888e-12,9.417909245117177e-12,1.0619754266818955e-11,1.1813862688125302e-11,1.2992858223048986e-11,1.4150698099304055e-11,1.5282386850310882e-11,1.638384785601789e-11,1.7451875849909263e-11,1.848414084297946e-11,1.947941616564176e-11,2.1211693075638014e-11,2.306538066399956e-11,2.4813381314642286e-11,2.6391632185294268e-11,2.7800750215931318e-11,2.9061671748974433e-11,3.019865160635732e-11,3.123365847910095e-11,3.218505511675234e-11,3.3067723269972894e-11,3.389358218747217e-11,3.4672142893788e-11,3.541099339025798e-11,3.611619616342611e-11,3.679260570343845e-11,3.74441196718162e-11,3.8073876929438824e-11,3.868441358416661e-11,3.927778604426734e-11,3.985566818006214e-11,4.041942816599692e-11,4.097018936290781e-11,4.15088786492865e-11,4.203626486756623e-11,4.255298947216397e-11,4.3059591014389964e-11,4.3556524747129736e-11,4.404417835733307e-11,4.452288461964485e-11,4.4992931596600466e-11,4.545457087934397e-11,4.5908024259735e-11,4.6353489143758676e-11,4.679114295248352e-11,4.722114670663728e-11,4.7643647951286205e-11,4.805878314578491e-11,4.846667961936378e-11,4.886745717302538e-11,4.9261229392755964e-11,4.964810472656914e-11,5.002818736791743e-11,5.0401577980014975e-11,5.076837428919906e-11,5.11286715702908e-11,5.148256304275434e-11,5.1830140193075626e-11,5.217149303605856e-11,5.250671032550602e-11,5.283587972294297e-11,5.3159087931560276e-11,5.347642080133507e-11,5.3787963410296896e-11,5.409380012607154e-11,5.439401465116354e-11,5.468869005486908e-11,5.4977908794244085e-11,5.5261752726159935e-11,5.554030311215211e-11,5.581364061749696e-11,5.6081845305715996e-11,5.634499662952084e-11,5.660317341904359e-11,5.685645386806281e-11,5.7104915518818326e-11,5.734863524590922e-11,5.758768923968452e-11,5.782215298946965e-11,5.8052101266903674e-11,5.827760810962028e-11,5.849874680545409e-11,5.871558987731932e-11,5.892820906888044e-11,5.913667533109928e-11,5.934105880972885e-11,5.954142883380013e-11,5.973785390513174e-11,5.99304016888817e-11,6.011913900514551e-11,6.030413182159898e-11,6.048544524717298e-11,6.066314352674255e-11,6.083729003680629e-11,6.100794728213023e-11,6.117517689332344e-11,6.133903962531233e-11,6.149959535667861e-11,6.165690308982273e-11,6.181102095191601e-11,6.196200619660289e-11,6.210991520641282e-11,6.225480349584577e-11,6.239672571509192e-11,6.253573565434611e-11,6.26718862486841e-11,6.280522958345918e-11,6.293581690019007e-11,6.306369860289908e-11,6.31889242648729e-11,6.331154263581072e-11,6.343160164933226e-11,6.354914843081138e-11,6.366422930551062e-11,6.377688980698945e-11,6.388717468575735e-11,6.39951279181505e-11,6.410079271540655e-11,6.420421153291449e-11,6.430542607962153e-11,6.44044773275726e-11,6.450140552156713e-11,6.459625018891397e-11,6.468905014926402e-11,6.477984352451266e-11,6.486866774874692e-11,6.495555957823295e-11,6.504055510142268e-11,6.512368974897082e-11,6.52049983037532e-11,6.528451491086854e-11,6.536227308762127e-11,6.543830573347009e-11,6.551264513993764e-11,6.558532300046999e-11,6.565637042024063e-11,6.572581792589181e-11,6.579369547520511e-11,6.586003246669832e-11,6.592485774914033e-11,6.598819963098037e-11,6.605008588968936e-11,6.611054378100273e-11,6.61696000480707e-11,6.622728093050412e-11,6.628361217331742e-11,6.63386190357645e-11,6.639232630006668e-11,6.644475828002867e-11,6.649593882954309e-11,6.65458913509793e-11,6.659463880345857e-11,6.664220371101147e-11,6.66886081706193e-11,6.673387386013644e-11,6.677802204609541e-11,6.682107359139277e-11,6.686304896285704e-11,6.690396823869726e-11,6.6943851115834e-11,6.698271691711119e-11,6.70205845983913e-11,6.705747275553243e-11,6.709339963124818e-11,6.712838312185814e-11,6.716244078390917e-11,6.719558984069789e-11,6.722784718867083e-11,6.725922940371578e-11,6.728975274734001e-11,6.731943317274058e-11,6.734828633076379e-11,6.73763275757585e-11,6.740357197132246e-11,6.74300342959434e-11,6.745572904853597e-11,6.748067045387764e-11,6.75048724679416e-11,6.752834878313163e-11,6.755111283341737e-11,6.757317779937332e-11,6.759455661312231e-11,6.761526196318463e-11,6.763530629923485e-11,6.765470183676694e-11,6.767346056167025e-11,6.769159423471705e-11,6.770911439596156e-11,6.772603236905705e-11,6.774235926548487e-11,6.775810598870434e-11,6.777328323821837e-11,6.778790151356154e-11,6.780197111820904e-11,6.781550216340817e-11,6.782850457193386e-11,6.784098808177216e-11,6.785296236533244e-11,6.786443667605959e-11,6.787542021782383e-11,6.788592202553102e-11,6.789595096699031e-11,6.790551574582596e-11,6.79146249045869e-11,6.792328682786624e-11,6.793150974537867e-11,6.793930173497946e-11,6.794667072562549e-11,6.795362450027403e-11,6.796017069872453e-11,6.796631682040085e-11,6.797207022707831e-11,6.797743814555375e-11,6.798242767026239e-11,6.798704576584122e-11,6.79912992696401e-11,6.799519489418191e-11,6.799873922957343e-11,6.800193874586636e-11,6.80047997953717e-11,6.800732861492578e-11,6.800953132811165e-11,6.801141394743538e-11,6.801298237645787e-11,6.801424241188384e-11,6.80151997456091e-11,6.801585996672523e-11,6.801622856348539e-11,6.801631092522932e-11,6.801611234427046e-11,6.801563801774415e-11,6.801489304941915e-11,6.801388245147277e-11,6.801261114623021e-11,6.80110839678688e-11,6.800930566408851e-11,6.800728089774806e-11,6.800501424846917e-11,6.800251021420834e-11,6.799977321279671e-11,6.79968075834501e-11,6.799361758824731e-11,6.799020741358094e-11,6.798658117157749e-11,6.798274290148996e-11,6.797869657106266e-11,6.797444607786844e-11,6.796999525062002e-11,6.796534785045447e-11,6.796050757219298e-11,6.795547804557471e-11,6.795026283646746e-11,6.794486544805264e-11,6.793928932198855e-11,6.793353783954964e-11,6.792761432274328e-11,6.792152203540532e-11,6.791526418427279e-11,6.790884392003652e-11,6.7902264338373e-11,6.789552848095522e-11,6.788863933644458e-11,6.788159984146235e-11,6.787441288154324e-11,6.786708129206957e-11,6.785960785918742e-11,6.785199532070462e-11,6.784424636697188e-11,6.783636364174617e-11,6.782834974303754e-11,6.782020722393935e-11,6.781193859344246e-11,6.780354631723385e-11,6.779503281847966e-11,6.778640047859269e-11,6.777765163798568e-11,6.776878859680995e-11,6.775981361567934e-11,6.775072891638056e-11,6.774153668256988e-11,6.773223906045684e-11,6.772283815947402e-11,6.771333605293441e-11,6.770373477867631e-11,6.769403633969595e-11,6.768424270476777e-11,6.767435580905306e-11,6.766437755469662e-11,6.765430981141306e-11,6.76441544170611e-11,6.763391317820697e-11,6.762358787067773e-11,6.761318024010376e-11,6.760269200245072e-11,6.759212484454252e-11,6.758148042457291e-11,6.757076037260882e-11,6.755996629108358e-11,6.754909975528073e-11,6.753816231380949e-11,6.752715548907031e-11,6.751608077771311e-11,6.750493965108536e-11,6.7493733555673e-11,6.748246391353242e-11,6.747113212271544e-11,6.745973955768507e-11,6.744828756972424e-11,6.743677748733697e-11,6.742521061664249e-11,6.741358824176125e-11,6.740191162519412e-11,6.739018200819494e-11,6.73784006111361e-11,6.736656863386711e-11,6.735468725606671e-11,6.734275763758865e-11,6.733078091880154e-11,6.731875822092132e-11,6.730669064633865e-11,6.729457927894046e-11,6.728242518442471e-11,6.727022941061029e-11,6.725799298774083e-11,6.724571692878328e-11,6.723340222972133e-11,6.722104986984229e-11,6.720866081202009e-11,6.719623600299324e-11,6.718377637363649e-11,6.717128283922902e-11,6.715875629971694e-11,6.714619763997137e-11,6.713360773004196e-11,6.712098742540556e-11,6.710833756721096e-11,6.709565898251904e-11,6.708295248453827e-11,6.707021887285655e-11,6.705745893366871e-11,6.704467344e-11,6.703186315192535e-11,6.70190288167855e-11,6.700617116939837e-11,6.69932909322674e-11,6.698038881578567e-11,6.696746551843732e-11,6.695452172699417e-11,6.694155811670934e-11,6.692857535150891e-11,6.691557408417787e-11,6.690255495654419e-11,6.688951859965955e-11,6.687646563397696e-11,6.686339666952473e-11,6.685031230607799e-11,6.683721313332701e-11,6.682409973104266e-11,6.681097266923904e-11,6.679783250833301e-11,6.678467979930132e-11,6.677151508383493e-11,6.675833889449056e-11,6.674515175483939e-11,6.673195417961421e-11,6.671874667485263e-11,6.670552973803893e-11,6.669230385824274e-11,6.667906951625625e-11,6.6665827184728e-11,6.665257732829499e-11,6.663932040371285e-11,6.662605685998293e-11,6.661278713847765e-11,6.659951167306407e-11,6.658623089022494e-11,6.657294520917797e-11,6.655965504199227e-11,6.654636079370444e-11,6.653306286243104e-11,6.651976163948011e-11,6.650645750946052e-11,6.649315085038916e-11,6.64798420337974e-11,6.646653142483473e-11,6.645321938237065e-11,6.643990625909559e-11,6.642659240161956e-11,6.641327815056946e-11,6.639996384068435e-11,6.638664980090982e-11,6.637333635449014e-11,6.636002381905903e-11,6.634671250672919e-11,6.633340272418019e-11,6.632009477274486e-11,6.630678894849419e-11,6.629348554232077e-11,6.628018484002146e-11,6.626688712237784e-11,6.625359266523572e-11,6.624030173958369e-11,6.622701461162952e-11,6.62137315428764e-11,6.620045279019684e-11,6.618717860590625e-11,6.617390923783459e-11,6.616064492939744e-11,6.614738591966567e-11,6.613413244343376e-11,6.612088473128747e-11,6.610764300966988e-11,6.609440750094694e-11,6.608117842347137e-11,6.606795599164591e-11,6.605474041598544e-11,6.604153190317811e-11,6.602833065614538e-11,6.601513687410125e-11,6.600195075261039e-11,6.598877248364545e-11,6.597560225564328e-11,6.596244025356063e-11,6.594928665892825e-11,6.593614164990506e-11,6.592300540133056e-11,6.590987808477671e-11,6.589675986859966e-11,6.58836509179895e-11,6.587055139501981e-11,6.585746145869645e-11,6.584438126500569e-11,6.583131096696122e-11,6.58182507146504e-11,6.580520065528047e-11,6.579216093322286e-11,6.577913169005764e-11,6.576611306461752e-11,6.575310519303007e-11,6.574010820876023e-11,6.5727122242652e-11,6.571414742296878e-11,6.570118387543401e-11,6.56882317232705e-11,6.567529108723969e-11,6.566236208567951e-11,6.564944483454273e-11,6.56365394474336e-11,6.562364603564471e-11,6.56107647081928e-11,6.559789557185421e-11,6.558503873119996e-11,6.557219428863e-11,6.555936234440678e-11,6.55465429966888e-11,6.553373634156318e-11,6.552094247307776e-11,6.550816148327344e-11,6.54953934622148e-11,6.548263849802107e-11,6.546989667689664e-11,6.545716808316022e-11,6.544445279927514e-11,6.543175090587738e-11,6.541906248180468e-11,6.540638760412398e-11,6.539372634815945e-11,6.538107878751927e-11,6.536844499412282e-11,6.535582503822636e-11,6.534321898844977e-11,6.53306269118014e-11,6.53180488737034e-11,6.530548493801646e-11,6.529293516706437e-11,6.528039962165762e-11,6.526787836111746e-11,6.525537144329857e-11,6.524287892461285e-11,6.523040086005095e-11,6.521793730320519e-11,6.520548830629138e-11,6.519305392016994e-11,6.518063419436745e-11,6.51682291770974e-11,6.515583891528092e-11,6.514346345456684e-11,6.513110283935174e-11,6.511875711279957e-11,6.510642631686102e-11,6.50941104922925e-11,6.508180967867499e-11,6.506952391443247e-11,6.50572532368504e-11,6.50449976820928e-11,6.503275728522096e-11,6.50205320802102e-11,6.500832209996725e-11,6.499612737634681e-11,6.498394794016845e-11,6.497178382123308e-11,6.495963504833863e-11,6.494750164929625e-11,6.493538365094598e-11,6.492328107917187e-11,6.491119395891738e-11,6.489912231420025e-11,6.488706616812721e-11,6.487502554290856e-11,6.486300045987207e-11,6.485099093947791e-11,6.483899700133135e-11,6.482701866419736e-11,6.481505594601357e-11,6.480310886390367e-11,6.479117743419056e-11,6.47792616724087e-11,6.476736159331746e-11,6.475547721091317e-11,6.474360853844138e-11,6.473175558840899e-11,6.471991837259662e-11,6.470809690206957e-11,6.469629118719012e-11,6.46845012376283e-11,6.467272706237372e-11,6.466096866974607e-11,6.464922606740639e-11,6.463749926236772e-11,6.462578826100543e-11,6.46140930690682e-11,6.460241369168754e-11,6.459075013338859e-11,6.45791023980995e-11,6.45674704891619e-11,6.455585440933975e-11,6.454425416082965e-11,6.453266974526968e-11,6.452110116374877e-11,6.450954841681624e-11,6.449801150449002e-11,6.448649042626607e-11,6.447498518112669e-11,6.446349576754972e-11,6.445202218351617e-11,6.444056442651928e-11,6.442912249357218e-11,6.441769638121638e-11,6.44062860855293e-11,6.43948916021328e-11,6.438351292620017e-11,6.437215005246409e-11,6.436080297522435e-11,6.43494716883548e-11,6.433815618531097e-11,6.432685645913715e-11,6.43155725024733e-11,6.43043043075624e-11,6.42930518662569e-11,6.428181517002584e-11,6.427059420996123e-11,6.425938897678476e-11,6.424819946085431e-11,6.423702565217029e-11,6.422586754038187e-11,6.421472511479314e-11,6.420359836436932e-11,6.419248727774286e-11,6.418139184321899e-11,6.417031204878204e-11,6.415924788210084e-11,6.41481993305345e-11,6.41371663811379e-11,6.412614902066745e-11,6.411514723558613e-11,6.410416101206925e-11,6.409319033600931e-11,6.40822351930214e-11,6.407129556844832e-11,6.406037144736545e-11,6.404946281458594e-11,6.40385696546655e-11,6.4027691951907e-11,6.401682969036561e-11,6.400598285385309e-11,6.399515142594279e-11,6.398433538997377e-11,6.39735347290556e-11,6.39627494260724e-11,6.39519794636877e-11,6.394122482434819e-11,6.393048549028818e-11,6.391976144353403e-11,6.39090526659075e-11,6.389835913903055e-11,6.388768084432886e-11,6.387701776303588e-11,6.38663698761968e-11,6.385573716467177e-11,6.384511960914056e-11,6.383451719010563e-11,6.382392988789577e-11,6.381335768266991e-11,6.380280055442072e-11,6.379225848297756e-11,6.378173144801054e-11,6.377121942903336e-11,6.3760722405407e-11,6.37502403563429e-11,6.373977326090607e-11,6.372932109801829e-11,6.371888384646149e-11,6.370846148488034e-11,6.369805399178577e-11,6.36876613455578e-11,6.367728352444834e-11,6.366692050658424e-11,6.365657226997023e-11,6.364623879249139e-11,6.363592005191645e-11,6.36256160259e-11,6.361532669198555e-11,6.360505202760811e-11,6.359479201009654e-11,6.358454661667654e-11,6.357431582447292e-11,6.356409961051206e-11,6.355389795172472e-11,6.354371082494797e-11,6.353353820692792e-11,6.352338007432194e-11,6.35132364037011e-11,6.35031071715524e-11,6.349299235428085e-11,6.348289192821185e-11,6.347280586959347e-11,6.346273415459837e-11,6.3452676759326e-11,6.344263365980476e-11,6.343260483199396e-11,6.342259025178597e-11,6.3412589895008e-11,6.340260373742423e-11,6.339263175473778e-11,6.338267392259233e-11,6.33727302165744e-11,6.336280061221475e-11,6.335288508499066e-11,6.334298361032739e-11,6.333309616360006e-11,6.332322272013529e-11,6.331336325521314e-11,6.330351774406858e-11,6.329368616189304e-11,6.328386848383648e-11,6.327406468500845e-11,6.326427474048019e-11,6.32544986252858e-11,6.324473631442381e-11,6.323498778285907e-11,6.322525300552392e-11,6.321553195731945e-11,6.320582461311733e-11,6.319613094776108e-11,6.31864509360675e-11,6.3176784552828e-11,6.316713177280992e-11,6.3157492570758e-11,6.314786692139542e-11,6.313825479942549e-11,6.312865617953262e-11,6.311907103638356e-11,6.310949934462883e-11,6.309994107890374e-11,6.309039621382992e-11,6.308086472401583e-11,6.307134658405862e-11,6.306184176854489e-11,6.305235025205186e-11,6.304287200914853e-11,6.303340701439674e-11,6.302395524235233e-11,6.301451666756591e-11,6.300509126458407e-11,6.299567900795052e-11,6.298627987220688e-11,6.297689383189374e-11,6.29675208615518e-11,6.29581609357225e-11,6.29488140289491e-11,6.293948011577772e-11,6.293015917075794e-11,6.292085116844407e-11,6.29115560833958e-11,6.29022738901791e-11,6.289300456336714e-11,6.288374807754087e-11,6.287450440729016e-11,6.286527352721451e-11,6.285605541192373e-11,6.284685003603873e-11,6.283765737419249e-11,6.28284774010306e-11,6.281931009121212e-11,6.281015541941019e-11,6.28010133603129e-11,6.279188388862374e-11,6.278276697906263e-11,6.277366260636642e-11,6.276457074528954e-11,6.275549137060474e-11,6.274642445710354e-11,6.273736997959714e-11,6.272832791291681e-11,6.271929823191474e-11,6.271028091146436e-11,6.270127592646123e-11,6.269228325182322e-11,6.268330286249153e-11,6.26743347334311e-11,6.266537883963092e-11,6.265643515610485e-11,6.264750365789202e-11,6.26385843200574e-11,6.262967711769234e-11,6.262078202591513e-11,6.261189901987107e-11,6.260302807473358e-11,6.259416916570428e-11,6.258532226801352e-11,6.257648735692094e-11,6.256766440771574e-11,6.255885339571741e-11,6.255005429627576e-11,6.254126708477174e-11,6.25324917366176e-11,6.252372822725747e-11,6.251497653216754e-11,6.250623662685679e-11,6.249750848686682e-11,6.248879208777293e-11,6.248008740518408e-11,6.247139441474304e-11,6.246271309212747e-11,6.245404341304936e-11,6.244538535325611e-11,6.243673888853055e-11,6.242810399469117e-11,6.241948064759279e-11,6.241086882312638e-11,6.240226849721994e-11,6.239367964583835e-11,6.23851022449838e-11,6.237653627069619e-11,6.236798169905331e-11,6.235943850617105e-11,6.235090666820386e-11,6.234238616134479e-11,6.233387696182604e-11,6.232537904591895e-11,6.231689238993431e-11,6.230841697022271e-11,6.229995276317455e-11,6.22914997452207e-11,6.228305789283215e-11,6.227462718252079e-11,6.226620759083917e-11,6.225779909438109e-11,6.224940166978138e-11,6.224101529371658e-11,6.223263994290484e-11,6.222427559410612e-11,6.221592222412242e-11,6.220757980979798e-11,6.21992483280195e-11,6.219092775571621e-11,6.218261806986013e-11,6.217431924746626e-11,6.216603126559249e-11,6.215775410134005e-11,6.214948773185364e-11,6.214123213432133e-11,6.213298728597492e-11,6.212475316409e-11,6.211652974598615e-11,6.210831700902698e-11,6.210011493062036e-11,6.209192348821843e-11,6.208374265931772e-11,6.20755724214595e-11,6.206741275222955e-11,6.20592636292584e-11,6.205112503022168e-11,6.204299693283988e-11,6.203487931487859e-11,6.202677215414853e-11,6.201867542850568e-11,6.201058911585144e-11,6.200251319413267e-11,6.19944476413417e-11,6.198639243551666e-11,6.197834755474109e-11,6.197031297714442e-11,6.19622886809019e-11,6.195427464423471e-11,6.194627084540982e-11,6.193827726274038e-11,6.193029387458568e-11,6.192232065935093e-11,6.191435759548764e-11,6.19064046614936e-11,6.18984618359128e-11,6.189052909733544e-11,6.188260642439838e-11,6.18746937957847e-11,6.186679119022392e-11,6.185889858649207e-11,6.185101596341176e-11,6.184314329985195e-11,6.183528057472847e-11,6.182742776700348e-11,6.181958485568578e-11,6.181175181983095e-11,6.18039286385412e-11,6.179611529096534e-11,6.17883117562989e-11,6.178051801378404e-11,6.177273404270969e-11,6.176495982241166e-11,6.175719533227218e-11,6.174944055172036e-11,6.174169546023208e-11,6.173396003732998e-11,6.172623426258326e-11,6.171851811560789e-11,6.171081157606677e-11,6.170311462366931e-11,6.169542723817166e-11,6.168774939937668e-11,6.168008108713392e-11,6.16724222813396e-11,6.166477296193655e-11,6.165713310891438e-11,6.164950270230909e-11,6.164188172220338e-11,6.163427014872668e-11,6.162666796205481e-11,6.161907514241004e-11,6.161149167006132e-11,6.160391752532408e-11,6.159635268856003e-11,6.158879714017739e-11,6.158125086063074e-11,6.157371383042108e-11,6.156618603009562e-11,6.155866744024791e-11,6.155115804151776e-11,6.154365781459113e-11,6.153616674020014e-11,6.152868479912311e-11,6.152121197218438e-11,6.151374824025437e-11,6.150629358424939e-11,6.14988479851318e-11,6.14914114239098e-11,6.148398388163758e-11,6.147656533941492e-11,6.146915577838755e-11,6.146175517974676e-11,6.145436352472971e-11,6.144698079461885e-11,6.143960697074235e-11,6.143224203447387e-11,6.14248859672324e-11,6.141753875048255e-11,6.141020036573407e-11,6.140287079454192e-11,6.139555001850644e-11,6.138823801927296e-11,6.138093477853196e-11,6.137364027801894e-11,6.13663544995144e-11,6.135907742484357e-11,6.135180903587675e-11,6.13445493145288e-11,6.133729824275937e-11,6.133005580257275e-11,6.132282197601779e-11,6.131559674518776e-11,6.130838009222053e-11,6.130117199929813e-11,6.129397244864693e-11,6.128678142253761e-11,6.127959890328506e-11,6.127242487324796e-11,6.126525931482925e-11,6.125810221047576e-11,6.125095354267808e-11,6.124381329397071e-11,6.12366814469316e-11,6.122955798418269e-11,6.122244288838925e-11,6.121533614226001e-11,6.12082377285473e-11,6.120114763004652e-11,6.119406582959644e-11,6.118699231007905e-11,6.117992705441944e-11,6.117287004558553e-11,6.116582126658837e-11,6.115878070048169e-11,6.115174833036219e-11,6.114472413936911e-11,6.113770811068423e-11,6.11307002275321e-11,6.112370047317946e-11,6.111670883093555e-11,6.110972528415184e-11,6.110274981622208e-11,6.109578241058196e-11,6.108882305070925e-11,6.108187172012369e-11,6.107492840238685e-11,6.106799308110228e-11,6.106106573991491e-11,6.105414636251139e-11,6.104723493261988e-11,6.104033143400991e-11,6.103343585049248e-11,6.102654816591976e-11,6.101966836418506e-11,6.10127964292228e-11,6.100593234500841e-11,6.099907609555822e-11,6.09922276649293e-11,6.09853870372195e-11,6.097855419656735e-11,6.097172912715186e-11,6.096490601485623e-11,6.095809026853723e-11,6.095128227324655e-11,6.094448211712967e-11,6.093768982609471e-11,6.093090539906628e-11,6.09241288231901e-11,6.091736007965541e-11,6.09105991471612e-11,6.090384600346197e-11,6.089710062604597e-11,6.089036299248422e-11,6.088363308057412e-11,6.087691086838378e-11,6.08701963343155e-11,6.086348945696498e-11,6.085679021546603e-11,6.085009858914155e-11,6.08434145576056e-11,6.083673810075275e-11,6.083006919874788e-11,6.082340783201256e-11,6.081675398157596e-11,6.081010762798846e-11,6.080346875239031e-11,6.079683733634639e-11,6.079021336124128e-11,6.078359680882859e-11,6.077698766111404e-11,6.077038590018408e-11,6.076379150845137e-11,6.075720446845026e-11,6.075062476279839e-11,6.074405237439469e-11,6.07374872862209e-11,6.073092948149375e-11,6.072437894344265e-11,6.071783565552256e-11,6.071129960134995e-11,6.070477076464835e-11,6.069824912913332e-11,6.069173467890759e-11,6.068522739801323e-11,6.067872727047318e-11,6.067223427741024e-11,6.06657484093045e-11,6.065926964689706e-11,6.065279797607669e-11,6.064633338153592e-11,6.06398758482575e-11,6.063342536075426e-11,6.062698190472114e-11,6.062054546274699e-11,6.061411602291759e-11,6.060769356903958e-11,6.060127808693652e-11,6.059486956254013e-11,6.058846797993379e-11,6.058207332534041e-11,6.057568558442574e-11,6.056930474363893e-11,6.056293078717384e-11,6.055656370150436e-11,6.055020347240364e-11,6.054385008599631e-11,6.053750352849361e-11,6.053116378611949e-11,6.052483084470304e-11,6.051850469055831e-11,6.051218531007088e-11,6.050587268942813e-11,6.049956681500203e-11,6.049326767322397e-11,6.04869752505763e-11,6.048068953353892e-11,6.047441050875517e-11,6.046813816286209e-11,6.04618724825482e-11,6.045561345454838e-11,6.044936106564743e-11,6.04431153025662e-11,6.043687615229498e-11,6.04306436013476e-11,6.042441763708118e-11,6.041819824652065e-11,6.041198541672919e-11,6.040577913478997e-11,6.039957938787439e-11,6.039338616315489e-11,6.038719944787075e-11,6.038101922928395e-11,6.037484549470075e-11,6.036867823148376e-11,6.036251742702337e-11,6.03563630687607e-11,6.035021514415923e-11,6.03440736407401e-11,6.033793854605812e-11,6.033180984769251e-11,6.03256875332763e-11,6.031957159046252e-11,6.031346200790238e-11,6.030735877207097e-11,6.030126187123986e-11,6.029517129270281e-11,6.028908702440903e-11,6.028300905473061e-11,6.027693737097004e-11,6.02708719614303e-11,6.026481281447947e-11,6.02587599184013e-11,6.0252713258863e-11,6.02466728267562e-11,6.024063860880379e-11,6.023461059352063e-11,6.022858876900766e-11,6.022257312348167e-11,6.021656364519173e-11,6.021056032241976e-11,6.020456314347967e-11,6.019857209671814e-11,6.019258717050997e-11,6.018660835326775e-11,6.018063563343862e-11,6.017466899949126e-11,6.01687084399481e-11,6.016275394330442e-11,6.015680549815213e-11,6.015086309307244e-11,6.014492671668156e-11,6.013899635767529e-11,6.013307200472839e-11,6.012715364655932e-11,6.012124127184453e-11,6.011533486951516e-11,6.010943442829659e-11,6.010353993705014e-11,6.009765138488342e-11,6.009176875979248e-11,6.008589205164218e-11,6.008002124909696e-11,6.007415634112799e-11,6.006829731746421e-11,6.006244416339742e-11,6.005659687338459e-11,6.005075543418481e-11,6.004491983486332e-11,6.00390900646235e-11,6.00332661126484e-11,6.002744796864228e-11,6.002163562093021e-11,6.001582905920528e-11,6.001002827275831e-11,6.000423325091668e-11,5.999844398302608e-11,5.99926604584692e-11,5.998688266664891e-11,5.998111059699588e-11,5.997534423848626e-11,5.99695835814952e-11,5.996382861514107e-11,5.995807932896189e-11,5.995233571254012e-11,5.994659775544101e-11,5.994086544728603e-11,5.993513877772365e-11,5.992941773642861e-11,5.992370231309686e-11,5.991799249576288e-11,5.991228827588079e-11,5.990658964325211e-11,5.990089658762398e-11,5.989520909888355e-11,5.988952716686274e-11,5.988385078144939e-11,5.987817993253737e-11,5.987251461006835e-11,5.986685480400654e-11,5.98612005042967e-11,5.985555170098272e-11,5.984990838408974e-11,5.984427054369256e-11,5.983863816985133e-11,5.983301125269264e-11,5.982738978233962e-11,5.982177374896293e-11,5.981616314272759e-11,5.981055795385331e-11,5.980495817257012e-11,5.9799363789127e-11,5.97937747938204e-11,5.978819117695712e-11,5.978261292884921e-11,5.97770400398928e-11,5.977147250042571e-11,5.976591030084949e-11,5.976035343162654e-11,5.975480188318142e-11,5.97492556460029e-11,5.974371471057733e-11,5.97381790674396e-11,5.973264870710679e-11,5.972712362017787e-11,5.972160379723898e-11,5.971608922890578e-11,5.971057990583061e-11,5.97050758186505e-11,5.96995769580749e-11,5.969408331479953e-11,5.968859487958211e-11,5.968311164313443e-11,5.967763359625896e-11,5.967216072976637e-11,5.966669303448474e-11,5.966123050308304e-11,5.965577312459509e-11,5.965032088991175e-11,5.964487378995415e-11,5.963943181564913e-11,5.963399495795776e-11,5.962856320785208e-11,5.962313655634498e-11,5.961771499446766e-11,5.961229851316796e-11,5.96068871036223e-11,5.960148075692336e-11,5.959607946418195e-11,5.959068321653842e-11,5.958529200515127e-11,5.957990582229507e-11,5.957452465694486e-11,5.95691485026866e-11,5.956377734834505e-11,5.955841118636822e-11,5.955305000805248e-11,5.95476938046835e-11,5.954234256764759e-11,5.953699628821126e-11,5.953165495784547e-11,5.952631856789912e-11,5.952098710979528e-11,5.951566057496255e-11,5.951033895485954e-11,5.95050222409489e-11,5.949971042476584e-11,5.94944034977936e-11,5.948910145158179e-11,5.948380427769705e-11,5.947851196769995e-11,5.947322451321932e-11,5.946794190590688e-11,5.946266413733494e-11,5.945739119919739e-11,5.94521230831772e-11,5.944685978097767e-11,5.944160128430208e-11,5.943634758486637e-11,5.943109867454995e-11,5.942585454506913e-11,5.942061518822603e-11,5.941538059710672e-11,5.94101507613384e-11,5.940492567340705e-11,5.939970532553013e-11,5.939448970990943e-11,5.938927881786352e-11,5.938407264181649e-11,5.937887117366637e-11,5.93736744049618e-11,5.936848232799594e-11,5.936329493480117e-11,5.93581122173944e-11,5.935293416787291e-11,5.934776077822399e-11,5.93425920404091e-11,5.933742794703137e-11,5.933226848991446e-11,5.93271136612544e-11,5.932196345319956e-11,5.931681785793934e-11,5.931167686768156e-11,5.930654047465302e-11,5.930140867108794e-11,5.929628144879374e-11,5.929115880042722e-11,5.928604071880557e-11,5.928092719543283e-11,5.927581822343246e-11,5.927071379476361e-11,5.926561390180019e-11,5.926051853696313e-11,5.925542769228603e-11,5.925034136099264e-11,5.924525953495294e-11,5.924018220675958e-11,5.923510936892993e-11,5.923004101391733e-11,5.92249771342782e-11,5.921991772249248e-11,5.921486277114062e-11,5.920981227292257e-11,5.920476622034304e-11,5.919972460582726e-11,5.919468742216508e-11,5.918965466204264e-11,5.918462631749048e-11,5.917960238386808e-11,5.917458285006537e-11,5.916956771046703e-11,5.916455695782156e-11,5.915955058485464e-11,5.915454858443787e-11,5.914955094957669e-11,5.914455767237862e-11,5.913956874648035e-11,5.913458416377781e-11,5.912960391759558e-11,5.912462800113808e-11,5.91196564064546e-11,5.911468912666386e-11,5.910972615476812e-11,5.910476748381909e-11,5.909981310580299e-11,5.909486301585077e-11,5.908991720643074e-11,5.908497566786019e-11,5.908003839698923e-11,5.907510538276794e-11,5.90701766228901e-11,5.906525210811943e-11,5.906033183125161e-11,5.905541578503242e-11,5.905050396356643e-11,5.904559636136204e-11,5.904069296782609e-11,5.903579377815878e-11,5.903089878712923e-11,5.902600798827113e-11,5.90211213690299e-11,5.901623892594216e-11,5.901136065300351e-11,5.900648654281892e-11,5.900161658888117e-11,5.899675078412273e-11,5.899188912333578e-11,5.898703159810511e-11,5.898217820211426e-11,5.897732892921539e-11,5.89724837726964e-11,5.896764272576612e-11,5.896280578181619e-11,5.895797293425363e-11,5.895314417650066e-11,5.894831950190513e-11,5.894349890409766e-11,5.893868237616546e-11,5.893386991217363e-11,5.892906150503237e-11,5.892425714854225e-11,5.891945683644982e-11,5.891466056186606e-11,5.890986831879243e-11,5.89050801005766e-11,5.890029590080346e-11,5.889551571306424e-11,5.889073953099636e-11,5.8885967348227e-11,5.888119915839031e-11,5.88764349551436e-11,5.887167473215232e-11,5.886691848312695e-11,5.8862166201542e-11,5.885741788155245e-11,5.885267351665827e-11,5.884793310062917e-11,5.884319662721445e-11,5.883846408993703e-11,5.883373548292277e-11,5.882901080005687e-11,5.882429003498554e-11,5.88195731816613e-11,5.881486023345984e-11,5.881015118417098e-11,5.880544602879645e-11,5.880074476040784e-11,5.879604737304214e-11,5.879135386049033e-11,5.87866642186851e-11,5.878197843778426e-11,5.877729651360436e-11,5.877261843992464e-11,5.876794421110066e-11,5.87632738209555e-11,5.875860726319218e-11,5.875394453207471e-11,5.874928562268201e-11,5.874463052734833e-11,5.873997924086901e-11,5.873533175729976e-11,5.873068807072801e-11,5.872604817541838e-11,5.872141206533537e-11,5.871677973461538e-11,5.871215117740097e-11,5.870752638784694e-11,5.870290536012176e-11,5.869828808840783e-11,5.869367456689878e-11,5.868906478980272e-11,5.868445875133986e-11,5.867985644574353e-11,5.86752578672597e-11,5.867066301014786e-11,5.866607186867993e-11,5.866148443713967e-11,5.865690070982511e-11,5.865232068104572e-11,5.864774434512299e-11,5.864317169639408e-11,5.863860272920593e-11,5.863403743791795e-11,5.862947581690383e-11,5.862491786054789e-11,5.862036356324836e-11,5.861581291941473e-11,5.861126592346947e-11,5.860672256984908e-11,5.860218285286263e-11,5.85976467671061e-11,5.859311430704912e-11,5.858858546717614e-11,5.858406024208129e-11,5.857953862617461e-11,5.857502061396055e-11,5.857050619977688e-11,5.856599537839159e-11,5.856148814434712e-11,5.855698449222754e-11,5.855248441659507e-11,5.854798791204654e-11,5.854349497318883e-11,5.853900559464759e-11,5.85345197710354e-11,5.853003749700114e-11,5.852555876718474e-11,5.852108357626121e-11,5.851661191888979e-11,5.851214378977259e-11,5.850767918360174e-11,5.850321809508397e-11,5.849876051894069e-11,5.84943064498998e-11,5.848985588270354e-11,5.848540881211459e-11,5.84809652328957e-11,5.847652513982275e-11,5.847208852769251e-11,5.846765539129199e-11,5.846322572544053e-11,5.845879952496618e-11,5.845437678469522e-11,5.844995749946637e-11,5.844554166415171e-11,5.844112927361079e-11,5.843672032271637e-11,5.843231480636896e-11,5.842791271961135e-11,5.842351405720029e-11,5.841911881188547e-11,5.841472698294287e-11,5.841033856277887e-11,5.840595354709711e-11,5.84015719304162e-11,5.839719370855981e-11,5.839281887528147e-11,5.838844742583392e-11,5.838407935530424e-11,5.837971465884544e-11,5.837535333148809e-11,5.83709953682728e-11,5.836664076425526e-11,5.836228951449498e-11,5.835794161407123e-11,5.835359705806057e-11,5.834925584155625e-11,5.834491795966949e-11,5.834058340750838e-11,5.833625218021121e-11,5.833192427289872e-11,5.832759968072707e-11,5.832327839885902e-11,5.831896042244127e-11,5.831464574666793e-11,5.831033436672006e-11,5.830602627780042e-11,5.830172147510808e-11,5.829741995386503e-11,5.829312170930048e-11,5.828882673665947e-11,5.8284535031183e-11,5.828024658872156e-11,5.827596140451384e-11,5.827167947200286e-11,5.826740078776302e-11,5.826312534694225e-11,5.825885314543826e-11,5.825458417792613e-11,5.825031844011739e-11,5.82460559271459e-11,5.824179663436961e-11,5.823754055693093e-11,5.823328769055458e-11,5.822903803031987e-11,5.822479157210357e-11,5.822054831067637e-11,5.82163082417256e-11,5.821207136117382e-11,5.820783766376127e-11,5.8203607144856106e-11,5.8199379800161534e-11,5.81951556251104e-11,5.819093461517336e-11,5.818671676559801e-11,5.8182502072156674e-11,5.817829053055651e-11,5.817408213650156e-11,5.8169876886980036e-11,5.8165674775385065e-11,5.8161475795577765e-11,5.815727994519804e-11,5.815308721951993e-11,5.8148897614742767e-11,5.814471112377372e-11,5.81405277457172e-11,5.813634747446973e-11,5.813217030568608e-11,5.812799623508548e-11,5.812382525792575e-11,5.811965737043194e-11,5.811549256777059e-11,5.811133084640958e-11,5.810717220102977e-11,5.810301662737114e-11,5.8098864121470654e-11,5.809471467903128e-11,5.809056829568567e-11,5.8086424966962084e-11,5.80822846887379e-11,5.8078147456635723e-11,5.807401326637951e-11,5.806988211336705e-11,5.806575399406343e-11,5.806162890385429e-11,5.8057506838433196e-11,5.8053387793588937e-11,5.8049271765109466e-11,5.804515874878225e-11,5.8041048740397765e-11,5.8036941736350836e-11,5.8032837731853076e-11,5.8028736722731644e-11,5.802463870482919e-11,5.8020543673958394e-11,5.8016451625981075e-11,5.8012362556721945e-11,5.800827646205894e-11,5.800419333720296e-11,5.8000113178670057e-11,5.7996035982524135e-11,5.79919617442625e-11,5.798789045993515e-11,5.7983822125507765e-11,5.797975673691675e-11,5.797569429004736e-11,5.797163478086237e-11,5.7967578205207456e-11,5.7963524559212924e-11,5.7959473838743886e-11,5.795542604017355e-11,5.7951381158575066e-11,5.7947339190490266e-11,5.794330013179002e-11,5.79392639788022e-11,5.793523072703938e-11,5.793120037270931e-11,5.79271729121559e-11,5.7923148340933676e-11,5.791912665154834e-11,5.791510784703883e-11,5.7911091921166076e-11,5.7907078868227883e-11,5.7903068685271725e-11,5.7899061367986575e-11,5.7895056912423757e-11,5.789105531527992e-11,5.7887056572228426e-11,5.788306067970215e-11,5.787906763282178e-11,5.787507742880119e-11,5.7871090063507004e-11,5.786710553272052e-11,5.7863123832719066e-11,5.78591449597056e-11,5.7855168910209846e-11,5.785119568032672e-11,5.7847225265886164e-11,5.784325766296312e-11,5.783929286824525e-11,5.7835330878651936e-11,5.7831371688461305e-11,5.782741529486432e-11,5.782346169415927e-11,5.781951088244062e-11,5.781556285643421e-11,5.781161761153634e-11,5.780767514457143e-11,5.7803735451266846e-11,5.779979852925867e-11,5.7795864373180705e-11,5.7791932979537225e-11,5.778800434504078e-11,5.778407846564952e-11,5.7780155338922275e-11,5.777623496027596e-11,5.777231732582328e-11,5.7768402432429894e-11,5.776449027571449e-11,5.7760580852520374e-11,5.775667415925853e-11,5.775277019227522e-11,5.7748868947547606e-11,5.774497042164948e-11,5.774107461051929e-11,5.773718151135147e-11,5.773329112019938e-11,5.7729403433578016e-11,5.7725518447745287e-11,5.772163615915978e-11,5.7717756564094784e-11,5.7713879659152006e-11,5.7710005440701076e-11,5.770613390531087e-11,5.7702265049148656e-11,5.7698398868834046e-11,5.769453536082663e-11,5.7690674521528644e-11,5.768681634748687e-11,5.768296083525687e-11,5.7679107981248556e-11,5.76752577819583e-11,5.7671410233888827e-11,5.766756533338814e-11,5.7663723076937175e-11,5.765988346180043e-11,5.7656046483593015e-11,5.765221213979613e-11,5.7648380426486625e-11,5.764455133950943e-11,5.764072487607119e-11,5.76369010326805e-11,5.7633079805913714e-11,5.762926119221416e-11,5.762544518845231e-11,5.7621631790898624e-11,5.761782099652164e-11,5.761401280161892e-11,5.761020720278372e-11,5.760640419684599e-11,5.760260378086501e-11,5.7598805950410454e-11,5.7595010702639345e-11,5.759121803415922e-11,5.758742794165476e-11,5.7583640422862094e-11,5.757985547186064e-11,5.757607308720022e-11,5.7572293265163686e-11,5.756851600243109e-11,5.756474129568884e-11,5.7560969141629674e-11,5.755719953695268e-11,5.755343247836315e-11,5.754966796257277e-11,5.754590598629938e-11,5.754214654626717e-11,5.7538389639206426e-11,5.7534635261853795e-11,5.753088341095202e-11,5.7527134083250113e-11,5.7523387275503175e-11,5.7519642984472546e-11,5.7515901207232225e-11,5.751216193887541e-11,5.750842517928742e-11,5.750469092233482e-11,5.7500959164277824e-11,5.749722990592291e-11,5.7493503141774847e-11,5.7489778868899164e-11,5.7486057083510143e-11,5.74823377830346e-11,5.7478620963809624e-11,5.7474906622959456e-11,5.7471194757273796e-11,5.7467485363571766e-11,5.746377843876465e-11,5.7460073979869557e-11,5.7456371983302623e-11,5.745267244571361e-11,5.74489753656658e-11,5.7445280738105806e-11,5.744158856064233e-11,5.7437898830164026e-11,5.7434211543566854e-11,5.743052669776124e-11,5.742684428976337e-11,5.742316431709351e-11,5.7419486774357894e-11,5.7415811661260666e-11,5.7412138973417885e-11,5.740846870796069e-11,5.740480086177776e-11,5.740113543154877e-11,5.739747241455405e-11,5.7393811807813566e-11,5.739015360818129e-11,5.738649781197557e-11,5.738284441780178e-11,5.737919342224187e-11,5.737554482083953e-11,5.737189861182439e-11,5.736825479187861e-11,5.736461335839843e-11,5.736097430524963e-11,5.735733763423167e-11,5.7353703340600884e-11,5.735007142108372e-11,5.734644187248309e-11,5.7342814692018636e-11,5.733918987420085e-11,5.7335567418661214e-11,5.733194732545457e-11,5.732832958716934e-11,5.7324714204153354e-11,5.7321101171159545e-11,5.731749048535835e-11,5.731388214484917e-11,5.7310276143540656e-11,5.730667248387211e-11,5.73030711577257e-11,5.729947216602107e-11,5.72958755048831e-11,5.729228117154653e-11,5.7288689162667765e-11,5.728509947536783e-11,5.7281512106767474e-11,5.727792705428811e-11,5.727434431485351e-11,5.7270763885533714e-11,5.7267185763260525e-11,5.7263609944881325e-11,5.726003642851984e-11,5.725646521009535e-11,5.725289628839359e-11,5.7249329659766614e-11,5.724576532153978e-11,5.724220327133181e-11,5.723864350680003e-11,5.7235086023180155e-11,5.723153081892811e-11,5.722797788902213e-11,5.72244272328894e-11,5.7220878848494834e-11,5.7217332732225547e-11,5.721378887958343e-11,5.7210247288277364e-11,5.720670795707121e-11,5.720317088480147e-11,5.719963606518795e-11,5.71961034984504e-11,5.719257318039156e-11,5.718904510820954e-11,5.718551927928905e-11,5.71819956907564e-11,5.717847434013101e-11,5.717495522434341e-11,5.7171438341520713e-11,5.716792368715858e-11,5.7164411257531445e-11,5.716090105425882e-11,5.7157393072960445e-11,5.715388731058817e-11,5.715038376057978e-11,5.7146882427845906e-11,5.7143383305856704e-11,5.713988639424181e-11,5.713639168581928e-11,5.7132899178183926e-11,5.7129408871633824e-11,5.7125920763680565e-11,5.712243484751728e-11,5.711895112448067e-11,5.711546959310006e-11,5.7111990248133804e-11,5.7108513087714205e-11,5.7105038109285495e-11,5.710156530956317e-11,5.70980946904894e-11,5.7094626245224014e-11,5.709115996735438e-11,5.708769585817422e-11,5.7084233914681774e-11,5.708077413353859e-11,5.707731651283919e-11,5.707386105236823e-11,5.707040774757892e-11,5.706695659347908e-11,5.7063507590432044e-11,5.706006073927005e-11,5.7056616031293864e-11,5.7053173468809985e-11,5.704973304639395e-11,5.704629476003655e-11,5.704285860887332e-11,5.703942459056969e-11,5.703599270254705e-11,5.70325629420447e-11,5.702913530734316e-11,5.7025709794697715e-11,5.702228640236809e-11,5.701886512758666e-11,5.7015445967617064e-11,5.70120289205835e-11,5.700861398370451e-11,5.7005201154634896e-11,5.700179043074017e-11,5.699838180952283e-11,5.699497528852898e-11,5.699157086506959e-11,5.698816853687579e-11,5.698476830163337e-11,5.6981370156562396e-11,5.69779740993705e-11,5.6974580128145676e-11,5.697118823972154e-11,5.696779843205947e-11,5.6964410702322484e-11,5.6961025047729866e-11,5.695764146456814e-11,5.695425995398361e-11,5.695088051205497e-11,5.69475031362533e-11,5.694412782117941e-11,5.694075456973406e-11,5.6937383376846544e-11,5.693401424073504e-11,5.6930647158409504e-11,5.692728212627846e-11,5.6923919144808005e-11,5.692055820789168e-11,5.691719931768647e-11,5.691384246958449e-11,5.691048765857474e-11,5.690713488477329e-11,5.690378414832033e-11,5.690043544874233e-11,5.6897088775123466e-11,5.689374412932074e-11,5.689040150902469e-11,5.688706091647394e-11,5.688372234512325e-11,5.6880385787268894e-11,5.68770512452532e-11,5.687371871661675e-11,5.687038819982923e-11,5.6867059691014905e-11,5.6863733190527665e-11,5.6860408694657646e-11,5.6857086200597486e-11,5.685376570648546e-11,5.6850447210036204e-11,5.684713070892932e-11,5.68438162008863e-11,5.6840503683612025e-11,5.683719315480607e-11,5.683388461221034e-11,5.6830578053579186e-11,5.6827273476589023e-11,5.682397087897095e-11,5.682067025845545e-11,5.681737161325967e-11,5.68140749405097e-11,5.681078023799661e-11,5.680748750346511e-11,5.680419673487237e-11,5.680090792950712e-11,5.679762108558658e-11,5.679433620123875e-11,5.679105327388215e-11,5.6787772300177374e-11,5.678449327942657e-11,5.678121620904317e-11,5.6777941086219766e-11,5.6774667909700675e-11,5.677139667688299e-11,5.676812738465725e-11,5.67648600323364e-11,5.676159461674419e-11,5.675833113646211e-11,5.675506958620394e-11,5.6751809968663893e-11,5.674855227905461e-11,5.6745296514621917e-11,5.674204267474214e-11,5.673879075723152e-11,5.67355407586767e-11,5.6732292677741684e-11,5.6729046512161994e-11,5.6725802260010546e-11,5.6722559919254955e-11,5.67193194864134e-11,5.671608096001062e-11,5.671284433807697e-11,5.670960961853086e-11,5.670637679916751e-11,5.670314587787769e-11,5.669991685213486e-11,5.669668972053168e-11,5.669346448062074e-11,5.669024113026259e-11,5.668701967107637e-11,5.668380009431179e-11,5.668058239984081e-11,5.6677366586988905e-11,5.6674152652922456e-11,5.667094059574842e-11,5.666773041382593e-11,5.6664522104248165e-11,5.666131566532907e-11,5.665811109484029e-11,5.665490839059705e-11,5.665170755118489e-11,5.664850857425681e-11,5.6645311457388964e-11,5.664211619899696e-11,5.663892279660204e-11,5.6635731248221905e-11,5.66325415521259e-11,5.662935370491133e-11,5.662616770649118e-11,5.6622983554380825e-11,5.66198012456672e-11,5.661662077677441e-11,5.6613442149783496e-11,5.6610265359466215e-11,5.660709040593455e-11,5.6603917286412886e-11,5.6600745996857814e-11,5.659757654000531e-11,5.659440890942893e-11,5.6591243104377406e-11,5.658807912102483e-11,5.65849169609863e-11,5.6581756620471976e-11,5.657859809800883e-11,5.6575441390958385e-11,5.657228649722716e-11,5.6569133415532884e-11,5.6565982142452217e-11,5.656283267739717e-11,5.6559685018956145e-11,5.6556539163637104e-11,5.655339511035898e-11,5.6550252857134843e-11,5.6547112401739957e-11,5.65439737416211e-11,5.6540836878704385e-11,5.653770180456433e-11,5.6534568520427395e-11,5.6531437024647714e-11,5.65283073150342e-11,5.65251793895548e-11,5.652205324627004e-11,5.6518928885815734e-11,5.651580630112238e-11,5.651268549256528e-11,5.650956645874759e-11,5.650644919773411e-11,5.6503333706762325e-11,5.650021998438446e-11,5.6497108028889473e-11,5.649399783826455e-11,5.649088941039251e-11,5.648778274376463e-11,5.648467783628071e-11,5.648157468610006e-11,5.647847329016466e-11,5.647537364701081e-11,5.6472275757126895e-11,5.6469179616964917e-11,5.646608522477195e-11,5.646299257827404e-11,5.6459901675765685e-11,5.64568125181115e-11,5.6453725098157996e-11,5.645063941660024e-11,5.644755547145786e-11,5.644447326094679e-11,5.6441392783053134e-11,5.6438314036258335e-11,5.643523701855738e-11,5.643216172796547e-11,5.642908816273436e-11,5.642601632104907e-11,5.642294620100632e-11,5.64198778007725e-11,5.6416811118278496e-11,5.6413746152074926e-11,5.641068290085826e-11,5.640762136142196e-11,5.6404561533329886e-11,5.640150341399894e-11,5.6398447001265944e-11,5.6395392294226266e-11,5.639233928979251e-11,5.638928798801006e-11,5.638623838599128e-11,5.638319048198911e-11,5.638014427417677e-11,5.637709976127391e-11,5.637405694039399e-11,5.6371015810307704e-11,5.636797636939645e-11,5.636493861569392e-11,5.636190254742424e-11,5.635886816281763e-11,5.635583545991728e-11,5.635280443691508e-11,5.634977509222915e-11,5.634674742406777e-11,5.6343721430880125e-11,5.6340697111008987e-11,5.6337674462375685e-11,5.633465348295049e-11,5.6331634171443115e-11,5.632861652574121e-11,5.632560054430747e-11,5.6322586225279414e-11,5.631957356703436e-11,5.6316562567764615e-11,5.6313553225981316e-11,5.631054553878294e-11,5.6307539508004894e-11,5.630453512730185e-11,5.630153239678845e-11,5.629853131470703e-11,5.629553187960418e-11,5.629253408966893e-11,5.6289537943563036e-11,5.628654343819866e-11,5.628355057319656e-11,5.628055934825535e-11,5.627756975803942e-11,5.627458180232547e-11,5.6271595480219317e-11,5.626861078947795e-11,5.626562772839446e-11,5.626264629876021e-11,5.6259666491424844e-11,5.6256688309982887e-11,5.625371175100564e-11,5.62507368133036e-11,5.6247763495246495e-11,5.624479179508197e-11,5.6241821711169135e-11,5.6238853241503104e-11,5.6235886385031574e-11,5.6232921139038116e-11,5.622995750324426e-11,5.6226995475346796e-11,5.622403505310793e-11,5.62210762349523e-11,5.621811902084909e-11,5.6215163407840225e-11,5.62122093949908e-11,5.620925698009415e-11,5.620630616059318e-11,5.620335693594934e-11,5.620040930398871e-11,5.619746326400786e-11,5.61945188142413e-11,5.619157595189968e-11,5.6188634676010986e-11,5.618569498500832e-11,5.6182756873926115e-11,5.61798203476168e-11,5.6176885401281476e-11,5.6173952033431576e-11,5.6171020242300193e-11,5.6168090026801234e-11,5.616516138407828e-11,5.6162234313382164e-11,5.615930881336774e-11,5.615638488146176e-11,5.6153462516576266e-11,5.6150541717172244e-11,5.614762248117146e-11,5.6144704807910866e-11,5.614178869541422e-11,5.6138874142247254e-11,5.6135961146481816e-11,5.613304970664027e-11,5.613013982113904e-11,5.612723148839744e-11,5.612432470670724e-11,5.612141947485942e-11,5.6118515790935204e-11,5.611561365350755e-11,5.6112713061144134e-11,5.610981401164398e-11,5.6106916504363204e-11,5.6104020537105593e-11,5.610112610845779e-11,5.609823321625074e-11,5.609534186008494e-11,5.609245203801671e-11,5.6089563746934745e-11,5.6086676988572013e-11,5.60837917591851e-11,5.608090805754583e-11,5.60780258821624e-11,5.607514523057118e-11,5.607226610328306e-11,5.6069388497207554e-11,5.606651241118797e-11,5.6063637844174906e-11,5.606076479409514e-11,5.6057893259512333e-11,5.6055023238935315e-11,5.605215473070215e-11,5.604928773362746e-11,5.604642224593283e-11,5.604355826609528e-11,5.604069579271016e-11,5.6037834824328485e-11,5.603497535920077e-11,5.603211739606054e-11,5.602926093347282e-11,5.6026405969746954e-11,5.602355250332939e-11,5.6020700533080605e-11,5.6017850057089606e-11,5.6015001074030055e-11,5.601215358241351e-11,5.600930758075247e-11,5.6006463067564684e-11,5.600362004136731e-11,5.6000778500680835e-11,5.599793844404579e-11,5.5995099869953794e-11,5.5992262776943296e-11,5.598942716360867e-11,5.5986593028365e-11,5.5983760369835595e-11,5.598092918648263e-11,5.597809947699044e-11,5.597527123977803e-11,5.597244447339541e-11,5.5969619176330597e-11,5.596679534713043e-11,5.5963972984205696e-11,5.596115208784679e-11,5.595833265429694e-11,5.595551468233752e-11,5.595269817106639e-11,5.5949883119042976e-11,5.594706952346582e-11,5.5944257384438547e-11,5.594144670135908e-11,5.593863747178377e-11,5.593582969428491e-11,5.593302336742783e-11,5.5930218489795126e-11,5.5927415059957794e-11,5.592461307665272e-11,5.5921812537375777e-11,5.5919013442868414e-11,5.591621579091379e-11,5.591341957923129e-11,5.591062480681841e-11,5.5907831472290835e-11,5.590503957421517e-11,5.5902249111205304e-11,5.5899460081293805e-11,5.5896672483650785e-11,5.5893886317012156e-11,5.589110158000482e-11,5.588831827113062e-11,5.5885536388908984e-11,5.588275593192774e-11,5.5879976898849354e-11,5.5877199288345246e-11,5.587442309897036e-11,5.587164832914937e-11,5.586887497724529e-11,5.586610304231742e-11,5.5863332522999223e-11,5.586056341792862e-11,5.585779572571441e-11,5.58550294449858e-11,5.585226457437208e-11,5.5849501112509355e-11,5.5846739058048367e-11,5.5843978409606857e-11,5.58412191658268e-11,5.5838461325355314e-11,5.583570488682527e-11,5.5832949848889385e-11,5.583019621020092e-11,5.582744396938611e-11,5.582469312511344e-11,5.582194367602068e-11,5.5819195620769046e-11,5.581644895802215e-11,5.5813703686430814e-11,5.581095980466178e-11,5.580821731137583e-11,5.580547620521949e-11,5.580273648487202e-11,5.5799998149005307e-11,5.579726119629447e-11,5.5794525625398875e-11,5.5791791434992036e-11,5.5789058623754935e-11,5.578632719037468e-11,5.5783597133508795e-11,5.578086845184943e-11,5.577814114408822e-11,5.5775415208892615e-11,5.5772690644956886e-11,5.5769967450953834e-11,5.57672456255972e-11,5.576452516757006e-11,5.57618060755739e-11,5.5759088348301716e-11,5.575637198443513e-11,5.5753656982696777e-11,5.575094334176991e-11,5.5748231060378434e-11,5.574552013719763e-11,5.5742810570970374e-11,5.574010236035964e-11,5.573739550411525e-11,5.573469000094141e-11,5.573198584955872e-11,5.572928304863535e-11,5.572658159697739e-11,5.572388149322812e-11,5.572118273612407e-11,5.571848532442062e-11,5.5715789256811903e-11,5.5713094532024866e-11,5.571040114977933e-11,5.5707709106867996e-11,5.570501840395228e-11,5.5702329038803184e-11,5.5699641010154545e-11,5.5696954316746965e-11,5.5694268958559155e-11,5.569158493185031e-11,5.5688902236186906e-11,5.568622087079734e-11,5.56835408343326e-11,5.568086212595928e-11,5.567818474412328e-11,5.56755086874493e-11,5.567283395422059e-11,5.567016054399192e-11,5.5667488455663075e-11,5.566481768612906e-11,5.566214823642646e-11,5.5659480104518305e-11,5.565681328912487e-11,5.56541477894385e-11,5.5651483603376816e-11,5.564882073246212e-11,5.564615917086215e-11,5.564349892191205e-11,5.5640839979800703e-11,5.5638182345653716e-11,5.563552601829555e-11,5.5632870996259065e-11,5.563021727831883e-11,5.562756486380798e-11,5.562491375104976e-11,5.562226393890732e-11,5.561961542616259e-11,5.561696821160697e-11,5.5614322294090505e-11,5.561167767234969e-11,5.560903434517931e-11,5.5606392311374816e-11,5.5603751569700466e-11,5.560111211874588e-11,5.559847395793021e-11,5.5595837085557774e-11,5.5593201501040434e-11,5.559056720222977e-11,5.558793418852316e-11,5.558530245816679e-11,5.55826720109525e-11,5.558004284516432e-11,5.557741495938982e-11,5.557478835267402e-11,5.5572163023436246e-11,5.5569538971047593e-11,5.5566916194660903e-11,5.556429469207935e-11,5.5561674463946474e-11,5.555905550678796e-11,5.5556437820435076e-11,5.5553821403637967e-11,5.5551206255373334e-11,5.554859237443448e-11,5.554597975984849e-11,5.5543368410043804e-11,5.554075832405159e-11,5.5538149500715115e-11,5.553554193882537e-11,5.553293563727707e-11,5.5530330591690264e-11,5.552772680569769e-11,5.552512427843771e-11,5.552252300687999e-11,5.5519922989024296e-11,5.5517324225331455e-11,5.5514726713918124e-11,5.5512130453741795e-11,5.550953544375035e-11,5.5506941682418715e-11,5.5504349168667916e-11,5.5501757901675725e-11,5.5499167880110904e-11,5.5496579102838304e-11,5.54939915687241e-11,5.5491405276634875e-11,5.548882022543749e-11,5.548623641400532e-11,5.548365384120769e-11,5.548107250592036e-11,5.5478492407016166e-11,5.547591354337197e-11,5.54733359138655e-11,5.547075951737753e-11,5.546818435278843e-11,5.546561041898159e-11,5.5463037714839175e-11,5.5460466239248433e-11,5.54578959910942e-11,5.545532696926609e-11,5.545275917265476e-11,5.545019260014975e-11,5.5447627250646233e-11,5.544506312303571e-11,5.5442500216218246e-11,5.543993852908737e-11,5.543737806054513e-11,5.543481880949061e-11,5.5432260774826486e-11,5.5429703955456e-11,5.542714835028135e-11,5.542459395821258e-11,5.542204077815504e-11,5.541948880902103e-11,5.5416938049719356e-11,5.541438849916185e-11,5.541184015626287e-11,5.540929301993616e-11,5.5406747089100375e-11,5.540420236267253e-11,5.5401658839570154e-11,5.53991165187182e-11,5.539657539903586e-11,5.5394035479449495e-11,5.539149675888242e-11,5.5388959236263206e-11,5.538642291051744e-11,5.538388778057807e-11,5.53813538453713e-11,5.53788211038325e-11,5.5376289554893974e-11,5.5373759197494525e-11,5.537123003056709e-11,5.536870205305215e-11,5.5366175263887095e-11,5.536364966201555e-11,5.5361125246378725e-11,5.5358602015916684e-11,5.5356079969578975e-11,5.535355910631034e-11,5.535103942506048e-11,5.5348520924777236e-11,5.534600360441272e-11,5.5343487462917474e-11,5.534097249924599e-11,5.533845871235274e-11,5.533594610119377e-11,5.533343466472629e-11,5.533092440191112e-11,5.532841531170639e-11,5.532590739298497e-11,5.5323400644891765e-11,5.532089506618351e-11,5.531839065594218e-11,5.5315887413161536e-11,5.5313385336783985e-11,5.531088442577894e-11,5.530838467912083e-11,5.53058860957782e-11,5.530338867472708e-11,5.5300892414943965e-11,5.5298397315404056e-11,5.5295903375086715e-11,5.5293410592920434e-11,5.529091896798463e-11,5.528842849921381e-11,5.528593918559009e-11,5.528345102609903e-11,5.528096401972626e-11,5.5278478165438445e-11,5.527599346224512e-11,5.5273509909137574e-11,5.527102750507702e-11,5.5268546248757096e-11,5.5266066140010876e-11,5.5263587177343576e-11,5.5261109359719244e-11,5.5258632686238093e-11,5.525615715560322e-11,5.525368276721204e-11,5.5251209520071014e-11,5.52487374128434e-11,5.524626644495029e-11,5.524379661492467e-11,5.524132792215613e-11,5.5238860365435085e-11,5.523639394365111e-11,5.523392865531323e-11,5.523146450036998e-11,5.5229001477755874e-11,5.522653958609265e-11,5.5224078824589514e-11,5.522161919226908e-11,5.521916068816806e-11,5.521670331127552e-11,5.5214247060625914e-11,5.521179193526827e-11,5.520933793428761e-11,5.520688505673374e-11,5.520443330132956e-11,5.520198266730964e-11,5.519953315360428e-11,5.519708475940612e-11,5.519463748367476e-11,5.519219132540886e-11,5.518974628355639e-11,5.5187302357440536e-11,5.5184859545725615e-11,5.51824178477276e-11,5.517997726226486e-11,5.517753778860686e-11,5.5175099425688106e-11,5.5172662172560895e-11,5.517022602822911e-11,5.51677909918165e-11,5.5165357062329685e-11,5.516292423881767e-11,5.516049252032567e-11,5.515806190583221e-11,5.51556323945378e-11,5.5153203985417393e-11,5.5150776677559744e-11,5.514835046995032e-11,5.5145925361682524e-11,5.514350135181061e-11,5.514107843939438e-11,5.5138656623489244e-11,5.513623590315929e-11,5.513381627746717e-11,5.5131397745474e-11,5.5128980306213694e-11,5.51265639588149e-11,5.5124148702312784e-11,5.512173453577578e-11,5.511932145823003e-11,5.511690946875135e-11,5.5114498566487666e-11,5.5112088750472246e-11,5.5109680019730403e-11,5.5107272373389845e-11,5.5104865810284963e-11,5.5102460330006866e-11,5.5100055931319926e-11,5.509765261363783e-11,5.5095250375502737e-11,5.5092849216241e-11,5.509044913493826e-11,5.508805013068073e-11,5.5085652202527784e-11,5.508325534958204e-11,5.508085957093545e-11,5.507846486567697e-11,5.5076071232896823e-11,5.5073678671687505e-11,5.5071287181140176e-11,5.506889676036006e-11,5.506650740843108e-11,5.506411912444868e-11,5.506173190750293e-11,5.505934575670689e-11,5.5056960671151716e-11,5.5054576649933364e-11,5.5052193692154886e-11,5.504981179693178e-11,5.50474309633526e-11,5.504505119052871e-11,5.504267247701071e-11,5.5040294823017096e-11,5.503791822755217e-11,5.5035542688291756e-11,5.5033168205596397e-11,5.5030794778369346e-11,5.502842240569745e-11,5.5026051088037845e-11,5.502368082233196e-11,5.5021311607877405e-11,5.501894344395454e-11,5.5016576330282086e-11,5.501421026589854e-11,5.501184525072251e-11,5.500948128257759e-11,5.500711836101888e-11,5.5004756485662485e-11,5.5002395654450796e-11,5.500003586739877e-11,5.4997677123238325e-11,5.499531942149307e-11,5.499296276108632e-11,5.4990607141155286e-11,5.4988252560832786e-11,5.498589901925068e-11,5.498354651552184e-11,5.498119504881099e-11,5.4978844618263947e-11,5.497649522297407e-11,5.4974146862123185e-11,5.4971799534768023e-11,5.49694532401721e-11,5.4967107977406695e-11,5.4964763745554494e-11,5.4962420543898606e-11,5.496007837151614e-11,5.4957737227536716e-11,5.495539711113222e-11,5.495305802143936e-11,5.495071995756123e-11,5.494838291872965e-11,5.494604690404466e-11,5.494371191267652e-11,5.4941377943754103e-11,5.493904499645122e-11,5.493671306992534e-11,5.4934382163339246e-11,5.493205227583996e-11,5.4929723406572286e-11,5.4927395554722874e-11,5.4925068719414606e-11,5.4922742899849795e-11,5.492041809516115e-11,5.4918094304528825e-11,5.491577152710859e-11,5.491344976205924e-11,5.491112900978087e-11,5.4908809266993124e-11,5.490649053408409e-11,5.4904172810403926e-11,5.490185609476242e-11,5.489954038664415e-11,5.4897225684988465e-11,5.489491199006796e-11,5.489259930023585e-11,5.4890287613313015e-11,5.48879769297598e-11,5.488566724974287e-11,5.4883358570110315e-11,5.488105089147683e-11,5.4878744212651476e-11,5.487643853471114e-11,5.487413385338799e-11,5.4871830169590065e-11,5.4869527482503245e-11,5.486722579131176e-11,5.486492509520417e-11,5.486262539336522e-11,5.4860326684985777e-11,5.48580289692546e-11,5.4855732245361044e-11,5.485343651249636e-11,5.485114176985469e-11,5.484884801662835e-11,5.484655525201196e-11,5.484426347678275e-11,5.4841972686969436e-11,5.483968288335777e-11,5.483739406514078e-11,5.4835106231521895e-11,5.4832819381699125e-11,5.4830533514873684e-11,5.4828248630247646e-11,5.4825964727024656e-11,5.482368180440914e-11,5.482139986160465e-11,5.4819118897819096e-11,5.481683891225781e-11,5.481455990412903e-11,5.481228187264291e-11,5.481000481700852e-11,5.4807728736437694e-11,5.480545363013914e-11,5.480317949732868e-11,5.480090633721866e-11,5.479863414902294e-11,5.4796362931996785e-11,5.479409268527812e-11,5.479182340806326e-11,5.478955509967172e-11,5.478728775838411e-11,5.4785021385237864e-11,5.478275597853406e-11,5.4780491537494624e-11,5.477822806134553e-11,5.477596554930727e-11,5.4773704000604825e-11,5.477144341446588e-11,5.4769183789981436e-11,5.4766925126649266e-11,5.476466742343163e-11,5.47624106796868e-11,5.4760154894790335e-11,5.4757900067689795e-11,5.475564619776408e-11,5.4753393283905685e-11,5.475114132438988e-11,5.4748890321475154e-11,5.474664027266913e-11,5.4744391177250147e-11,5.474214303441123e-11,5.4739895843456904e-11,5.473764960349352e-11,5.473540431384363e-11,5.4733159973724785e-11,5.473091658239651e-11,5.472867413926023e-11,5.4726432643277234e-11,5.472419209373539e-11,5.472195248997688e-11,5.471971383125646e-11,5.4717476116792173e-11,5.471523934583625e-11,5.4713003517862626e-11,5.4710768631674764e-11,5.470853468676543e-11,5.4706301682240205e-11,5.470406961748874e-11,5.4701838490117764e-11,5.469960830259975e-11,5.469737905278697e-11,5.469515073963006e-11,5.4692923362790245e-11,5.469069692108757e-11,5.4688471413575246e-11,5.4686246840407307e-11,5.468402320016939e-11,5.468180049221595e-11,5.467957871588019e-11,5.4677357870407816e-11,5.4675137955064935e-11,5.4672918969119146e-11,5.4670700911760554e-11,5.466848378233503e-11,5.466626758011461e-11,5.466405230435968e-11,5.466183795447903e-11,5.465962452947812e-11,5.4657412028757665e-11,5.465520045172237e-11,5.465298979738564e-11,5.465078006514785e-11,5.464857125428487e-11,5.464636336420316e-11,5.464415639405091e-11,5.4641950343103234e-11,5.463974521063812e-11,5.463754099593574e-11,5.463533769827579e-11,5.4633135316937945e-11,5.463093385120569e-11,5.4628733300359234e-11,5.462653366368328e-11,5.4624334940331445e-11,5.462213712971896e-11,5.461994023113206e-11,5.461774424385533e-11,5.461554916717861e-11,5.461335500038799e-11,5.4611161742904806e-11,5.460896939375779e-11,5.4606777952366585e-11,5.460458741814506e-11,5.460239779014512e-11,5.4600209069067515e-11,5.459802125198118e-11,5.4595834338948814e-11,5.4593648329277565e-11,5.459146322253224e-11,5.4589279017908357e-11,5.458709571468545e-11,5.4584913312183404e-11,5.4582731809645786e-11,5.4580551206434285e-11,5.457837150181119e-11,5.457619269502779e-11,5.457401478601965e-11,5.457183777292445e-11,5.456966165481072e-11,5.456748643290567e-11,5.456531210433078e-11,5.456313867045618e-11,5.456096612971544e-11,5.4558794481335887e-11,5.455662372462618e-11,5.4554453858895764e-11,5.455228488345158e-11,5.455011679754276e-11,5.454794960060591e-11,5.454578329157685e-11,5.454361787042852e-11,5.454145333613138e-11,5.453928968801523e-11,5.453712692614443e-11,5.453496504870055e-11,5.4532804055005334e-11,5.453064394484402e-11,5.45284847173394e-11,5.4526326370517244e-11,5.4524168906552307e-11,5.452201232323036e-11,5.451985662002049e-11,5.451770179621572e-11,5.4515547851131024e-11,5.4513394784020696e-11,5.451124259426024e-11,5.450909128123597e-11,5.4506940844132185e-11,5.4504791282566816e-11,5.450264259541467e-11,5.450049478234129e-11,5.449834784257319e-11,5.4496201775458744e-11,5.449405658033005e-11,5.449191225650568e-11,5.448976880344792e-11,5.448762622034883e-11,5.4485484505868606e-11,5.448334366067381e-11,5.448120368352799e-11,5.4479064573662283e-11,5.447692632956012e-11,5.447478895232229e-11,5.4472652439061304e-11,5.4470516791857403e-11,5.446838200872537e-11,5.4466248089028395e-11,5.44641150319741e-11,5.4461982836978346e-11,5.445985150339183e-11,5.4457721030615746e-11,5.4455591418009357e-11,5.44534626645906e-11,5.4451334769006025e-11,5.44492077326729e-11,5.444708155395612e-11,5.4444956231058764e-11,5.444283176514064e-11,5.444070815490138e-11,5.443858539942791e-11,5.443646349816264e-11,5.443434245050356e-11,5.443222225582092e-11,5.443010291346414e-11,5.442798442272355e-11,5.4425866782968666e-11,5.442374999384623e-11,5.4421634054223445e-11,5.44195189636264e-11,5.441740472148737e-11,5.4415291326944494e-11,5.441317877975552e-11,5.441106707907051e-11,5.440895622434903e-11,5.440684621500983e-11,5.4404737050123935e-11,5.440262872997881e-11,5.4400521252382044e-11,5.439841461744626e-11,5.439630882469301e-11,5.439420387325948e-11,5.439209976275901e-11,5.4389996492140854e-11,5.4387894062637746e-11,5.438579247062921e-11,5.4383691716933007e-11,5.438159180147033e-11,5.437949272238985e-11,5.4377394479940006e-11,5.437529707307969e-11,5.437320050132236e-11,5.437110476422355e-11,5.43690098608693e-11,5.43669157908423e-11,5.436482255350268e-11,5.436273014812668e-11,5.436063857409024e-11,5.435854783089899e-11,5.435645791786621e-11,5.435436883411195e-11,5.435228057949844e-11,5.435019315317764e-11,5.434810655455035e-11,5.4346020782960844e-11,5.4343935837850305e-11,5.434185171862138e-11,5.433976842456032e-11,5.433768595522592e-11,5.43356043097544e-11,5.433352348757227e-11,5.433144348824736e-11,5.4329364311023144e-11,5.432728595527729e-11,5.432520842077531e-11,5.432313170661713e-11,5.432105581191749e-11,5.4318980736327455e-11,5.4316906479109205e-11,5.4314833039901864e-11,5.4312760417964e-11,5.431068861371144e-11,5.4308617623707986e-11,5.4306547450035155e-11,5.430447809158546e-11,5.43024095470459e-11,5.430034181754332e-11,5.4298274901679653e-11,5.429620879627378e-11,5.4294143502704737e-11,5.4292079020584666e-11,5.429001534889044e-11,5.4287952487294465e-11,5.428589043617353e-11,5.42838291929229e-11,5.428176875790817e-11,5.4279709130564035e-11,5.427765031025617e-11,5.4275592296437615e-11,5.4273535088484675e-11,5.42714786858104e-11,5.426942308797927e-11,5.426736829436227e-11,5.426531430391742e-11,5.426326111667262e-11,5.426120873166824e-11,5.425915714939337e-11,5.42571063679715e-11,5.425505638488156e-11,5.425300720335047e-11,5.425095881755277e-11,5.424891123423556e-11,5.424686444912338e-11,5.4244818461677075e-11,5.424277327135247e-11,5.424072887745469e-11,5.423868527943669e-11,5.423664247627975e-11,5.423460046826413e-11,5.42325592542053e-11,5.423051883394326e-11,5.4228479206436555e-11,5.422644037197281e-11,5.422440232893442e-11,5.422236507748525e-11,5.4220328618671654e-11,5.42182929477821e-11,5.421625806636628e-11,5.421422397359221e-11,5.421219066942387e-11,5.4210158153064157e-11,5.420812642392616e-11,5.420609548144163e-11,5.420406532503176e-11,5.4202035954578734e-11,5.42000073680796e-11,5.4197979566436075e-11,5.419595254865964e-11,5.419392631535096e-11,5.419190086245445e-11,5.418987619255219e-11,5.4187852304121085e-11,5.418582919695128e-11,5.418380687004426e-11,5.4181785324374267e-11,5.417976455648066e-11,5.417774456687473e-11,5.41757253555916e-11,5.417370692216246e-11,5.417168926493304e-11,5.4169672384904494e-11,5.4167656281340136e-11,5.416564095263531e-11,5.4163626398702254e-11,5.416161261804628e-11,5.415959961193367e-11,5.415758737897432e-11,5.415557591869626e-11,5.4153565230731884e-11,5.415155531396294e-11,5.414954616789181e-11,5.414753779202158e-11,5.414553018586965e-11,5.4143523348893374e-11,5.4141517280661726e-11,5.413951198121114e-11,5.4137507449049854e-11,5.413550368296084e-11,5.413350068372642e-11,5.4131498450444877e-11,5.4129496981505106e-11,5.412749627821487e-11,5.4125496339273436e-11,5.412349716403478e-11,5.41214987521446e-11,5.4119501102744504e-11,5.411750421540104e-11,5.4115508089491444e-11,5.4113512726859107e-11,5.411151812259553e-11,5.410952427830692e-11,5.4107531193357246e-11,5.410553886684514e-11,5.410354729848662e-11,5.410155648794637e-11,5.409956643456826e-11,5.409757713785842e-11,5.409558859726277e-11,5.409360081216178e-11,5.409161378200318e-11,5.4089627506395895e-11,5.4087641984723234e-11,5.4085657216603484e-11,5.408367320098349e-11,5.408168993804892e-11,5.407970742732082e-11,5.4077725667058945e-11,5.4075744657681535e-11,5.4073764398827344e-11,5.4071784889462003e-11,5.406980612951471e-11,5.4067828119064145e-11,5.406585085538293e-11,5.4063874339256127e-11,5.4061898570033026e-11,5.4059923547285634e-11,5.4057949270523355e-11,5.405597573905012e-11,5.4054002951921504e-11,5.405203090976736e-11,5.405005961151163e-11,5.404808905593196e-11,5.4046119243354655e-11,5.4044150173447644e-11,5.404218184526446e-11,5.404021425821821e-11,5.403824741184744e-11,5.4036281305626835e-11,5.4034315939049626e-11,5.4032351311572725e-11,5.403038742331458e-11,5.402842427315386e-11,5.402646185961044e-11,5.402450018306897e-11,5.402253924295056e-11,5.402057903899798e-11,5.401861957120685e-11,5.401666083816764e-11,5.4014702839804296e-11,5.4012745578214826e-11,5.401078904695413e-11,5.4008833251048406e-11,5.400687818524593e-11,5.4004923850941356e-11,5.40029702479918e-11,5.4001017373229935e-11,5.399906523141289e-11,5.3997113819410635e-11,5.3995163136709943e-11,5.399321318280244e-11,5.399126395717502e-11,5.398931545931804e-11,5.39873676887367e-11,5.398542064492972e-11,5.39834743289078e-11,5.398152873709904e-11,5.39795838708619e-11,5.3977639728913887e-11,5.397569631131142e-11,5.397375361729147e-11,5.397181164651787e-11,5.3969870398568976e-11,5.396792987269323e-11,5.396599006851142e-11,5.3964050985522096e-11,5.396211262322089e-11,5.396017498110651e-11,5.3958238058676475e-11,5.3956301855429713e-11,5.395436637192625e-11,5.395243160554672e-11,5.395049755650789e-11,5.3948564225275354e-11,5.394663161178252e-11,5.394469971417077e-11,5.394276853140793e-11,5.394083806482967e-11,5.393890831308663e-11,5.393697927446605e-11,5.3935050949438194e-11,5.3933123337712603e-11,5.393119643967938e-11,5.392927025280696e-11,5.392734477888053e-11,5.392542001486563e-11,5.392349596159708e-11,5.392157261858407e-11,5.3919649985334926e-11,5.391772806135878e-11,5.391580684616611e-11,5.3913886338988365e-11,5.3911966539575234e-11,5.3910047447193736e-11,5.390812906214703e-11,5.390621138079813e-11,5.390429440807043e-11,5.390237814059582e-11,5.390046257811625e-11,5.389854772003124e-11,5.3896633565952895e-11,5.389472011521079e-11,5.3892807364587796e-11,5.389089531933844e-11,5.388898397559689e-11,5.3887073333706655e-11,5.388516339288381e-11,5.388325415260292e-11,5.3881345612413913e-11,5.3879437770366633e-11,5.3877530628575105e-11,5.3875624185884247e-11,5.3873718441245556e-11,5.3871813393417126e-11,5.3869909043155663e-11,5.386800538982949e-11,5.3866102432462105e-11,5.386420017098912e-11,5.38622986050613e-11,5.386039773351017e-11,5.385849755600039e-11,5.3856598073548974e-11,5.385469928347377e-11,5.3852801186228065e-11,5.3850903781085764e-11,5.384900706818537e-11,5.3847111046997016e-11,5.384521571646709e-11,5.384332107674043e-11,5.384142712680278e-11,5.383953386672477e-11,5.3837641295717366e-11,5.383574941350826e-11,5.3833858221061635e-11,5.383196771333278e-11,5.3830077894218214e-11,5.38281887620453e-11,5.382630031678443e-11,5.3824412556805044e-11,5.382252548388932e-11,5.382063909399284e-11,5.381875338950495e-11,5.3816868365213375e-11,5.3814984026394345e-11,5.381310037144229e-11,5.381121740010608e-11,5.3809335109862746e-11,5.380745350090456e-11,5.380557257349095e-11,5.380369232700293e-11,5.380181276095007e-11,5.3799933874283926e-11,5.379805566698063e-11,5.3796178138394705e-11,5.37943012883011e-11,5.379242511630006e-11,5.3790549623180576e-11,5.3788674805514684e-11,5.378680066557957e-11,5.3784927201761256e-11,5.378305441269975e-11,5.3781182298869317e-11,5.377931085982807e-11,5.3777440095664274e-11,5.377557000496293e-11,5.377370058687751e-11,5.377183184419056e-11,5.376996377211141e-11,5.376809637291905e-11,5.376622964437545e-11,5.376436358706518e-11,5.37624981995738e-11,5.376063348306898e-11,5.375876943687025e-11,5.375690605964543e-11,5.375504335155526e-11,5.375318131246292e-11,5.3751319940781e-11,5.3749459236108165e-11,5.374759919890963e-11,5.3745739828813e-11,5.374388112483363e-11,5.374202308796046e-11,5.3740165715705144e-11,5.373830900804818e-11,5.3736452964637836e-11,5.373459758454669e-11,5.3732742869362634e-11,5.373088881677619e-11,5.3729035426748117e-11,5.3727182698836387e-11,5.372533063251314e-11,5.372347922686354e-11,5.3721628482957995e-11,5.371977839767323e-11,5.3717928974079116e-11,5.37160802104866e-11,5.371423210338805e-11,5.371238465749421e-11,5.3710537869143324e-11,5.370869173900664e-11,5.370684626581862e-11,5.370500144955745e-11,5.3703157289707323e-11,5.3701313785904146e-11,5.369947093803003e-11,5.369762874502492e-11,5.369578720663732e-11,5.369394632300051e-11,5.369210609295501e-11,5.369026651620008e-11,5.3688427592602635e-11,5.3686589321847614e-11,5.368475170458065e-11,5.368291473744182e-11,5.3681078422144877e-11,5.3679242757093713e-11,5.3677407742494364e-11,5.367557337828843e-11,5.367373966323233e-11,5.367190659796965e-11,5.367007418204179e-11,5.366824241393989e-11,5.366641129280564e-11,5.366458081878103e-11,5.366275099201071e-11,5.3660921811789774e-11,5.3659093277706056e-11,5.365726538902425e-11,5.365543814588729e-11,5.3653611547333185e-11,5.3651785593445854e-11,5.3649960284760034e-11,5.364813561845351e-11,5.3646311595219207e-11,5.3644488214809565e-11,5.3642665476858665e-11,5.3640843380464525e-11,5.3639021925802234e-11,5.3637201112082186e-11,5.3635380938937124e-11,5.3633561408341316e-11,5.363174251523642e-11,5.3629924261478294e-11,5.362810664707706e-11,5.362628967070146e-11,5.3624473332508164e-11,5.3622657632116464e-11,5.3620842568848914e-11,5.361902813888587e-11,5.361721434892601e-11,5.3615401194925447e-11,5.3613588676578914e-11,5.3611776792861e-11,5.360996554437373e-11,5.360815493035829e-11,5.360634494997936e-11,5.3604535603402144e-11,5.360272688975319e-11,5.360091880896253e-11,5.359911136029743e-11,5.359730454406903e-11,5.359549835896521e-11,5.359369280468028e-11,5.3591887881045964e-11,5.3590083587608514e-11,5.3588279923921066e-11,5.358647688669549e-11,5.3584674481403466e-11,5.358287270456622e-11,5.3581071555993115e-11,5.3579271034729246e-11,5.3577471140467435e-11,5.357567187370954e-11,5.357387323348e-11,5.357207521936637e-11,5.357027783112405e-11,5.356848106827965e-11,5.3566684930278e-11,5.3564889417139537e-11,5.3563094527045937e-11,5.3561300260677764e-11,5.3559506618134106e-11,5.355771359877606e-11,5.355592120116798e-11,5.355412942639692e-11,5.3552338272740606e-11,5.35505477404122e-11,5.354875782912539e-11,5.354696853863654e-11,5.354517986758196e-11,5.354339181718346e-11,5.3541604385310105e-11,5.353981757277065e-11,5.3538031378225276e-11,5.3536245801835256e-11,5.3534460843105646e-11,5.353267650075001e-11,5.3530892775208996e-11,5.352910966618329e-11,5.3527327174021595e-11,5.352554529811873e-11,5.3523764036316927e-11,5.352198338795091e-11,5.3520203356547357e-11,5.35184239382856e-11,5.3516645134171256e-11,5.351486694342098e-11,5.351308936606244e-11,5.351131240029276e-11,5.3509536047046396e-11,5.350776030369291e-11,5.350598517337178e-11,5.3504210653800425e-11,5.3502436744650476e-11,5.350066344575291e-11,5.349889075615172e-11,5.3497118676361566e-11,5.349534720553847e-11,5.349357634329203e-11,5.3491806089232377e-11,5.349003644296957e-11,5.348826740411426e-11,5.348649897227746e-11,5.3484731147179913e-11,5.3482963928215e-11,5.348119731521361e-11,5.347943130756909e-11,5.347766590500404e-11,5.347590110713125e-11,5.347413691356469e-11,5.347237332402818e-11,5.3470610338027927e-11,5.3468847955035746e-11,5.346708617494775e-11,5.3465324997096505e-11,5.34635644208901e-11,5.346180444678998e-11,5.34600450734204e-11,5.345828630127328e-11,5.34565281293487e-11,5.345477055702024e-11,5.3453013584850563e-11,5.345125721139253e-11,5.3449501439457895e-11,5.3447746264025497e-11,5.344599168741695e-11,5.344423770793654e-11,5.344248432667092e-11,5.344073154199869e-11,5.343897935536716e-11,5.343722776362646e-11,5.3435476767784066e-11,5.343372636746192e-11,5.3431976562282335e-11,5.343022735186805e-11,5.3428478735842105e-11,5.342673071382791e-11,5.342498328544917e-11,5.342323645033002e-11,5.342149020809495e-11,5.341974455836876e-11,5.3417999500776593e-11,5.341625503494408e-11,5.341451116049703e-11,5.341276787706168e-11,5.3411025184264624e-11,5.340928308173282e-11,5.3407541569093575e-11,5.3405800645974484e-11,5.3404060312003547e-11,5.3402320566809145e-11,5.3400581410019895e-11,5.339884284126492e-11,5.339710486017355e-11,5.339536746637559e-11,5.339363065950107e-11,5.339189443918043e-11,5.339015880504444e-11,5.338842375672429e-11,5.3386689293851425e-11,5.3384955416057603e-11,5.338322212286948e-11,5.3381489414130676e-11,5.337975728936852e-11,5.3378025748110597e-11,5.33762947900955e-11,5.337456441495868e-11,5.3372834622333664e-11,5.337110541185439e-11,5.3369376783156264e-11,5.336764873587468e-11,5.3365921269645166e-11,5.336419438410271e-11,5.336246807888472e-11,5.336074235362723e-11,5.335901720796763e-11,5.335729264154327e-11,5.335556865399176e-11,5.335384524495145e-11,5.335212241405988e-11,5.3350400160955557e-11,5.3348678485277974e-11,5.334695738666619e-11,5.334523686475917e-11,5.3343516919198504e-11,5.334179754962336e-11,5.3340078756443215e-11,5.3338360538528484e-11,5.3336642895522146e-11,5.3334925827064825e-11,5.333320933203386e-11,5.333149341160195e-11,5.332977806464861e-11,5.332806329081463e-11,5.3326349089744654e-11,5.332463546108143e-11,5.3322922404468924e-11,5.332120991955218e-11,5.331949800597538e-11,5.331778666338576e-11,5.3316075891425785e-11,5.331436568973946e-11,5.331265605797409e-11,5.3310946995777894e-11,5.330923850279736e-11,5.330753057867663e-11,5.330582322306611e-11,5.330411643561128e-11,5.330241021596018e-11,5.330070456376187e-11,5.329899947866337e-11,5.3297294960317744e-11,5.3295591008370235e-11,5.3293887622471337e-11,5.3292184802270273e-11,5.3290482547419164e-11,5.328878085756662e-11,5.3287079732363766e-11,5.328537917146273e-11,5.3283679174513906e-11,5.328197974116999e-11,5.3280280871082134e-11,5.327858256390479e-11,5.3276884819287584e-11,5.3275187636885615e-11,5.327349101635023e-11,5.327179495733783e-11,5.327009945950219e-11,5.326840452249677e-11,5.3266710145976164e-11,5.326501632959634e-11,5.3263323073009964e-11,5.3261630375875927e-11,5.3259938237847787e-11,5.325824665858369e-11,5.325655563773901e-11,5.3254865174971176e-11,5.325317526993682e-11,5.3251485922293246e-11,5.324979713169802e-11,5.324810889781041e-11,5.324642122028872e-11,5.324473409879152e-11,5.3243047532976266e-11,5.3241361522505597e-11,5.323967606703593e-11,5.323799116622836e-11,5.3236306819744875e-11,5.323462302724499e-11,5.323293978838914e-11,5.3231257102838734e-11,5.3229574970254204e-11,5.32278933902989e-11,5.322621236263494e-11,5.3224531886925067e-11,5.3222851962830125e-11,5.322117259001597e-11,5.321949376814428e-11,5.321781549687814e-11,5.321613777588226e-11,5.32144606048211e-11,5.321278398336001e-11,5.321110791116243e-11,5.320943238789503e-11,5.3207757413223136e-11,5.320608298681142e-11,5.3204409108326513e-11,5.320273577743439e-11,5.320106299380331e-11,5.319939075709979e-11,5.319771906698932e-11,5.319604792314223e-11,5.3194377325225896e-11,5.319270727290788e-11,5.3191037765855966e-11,5.318936880374023e-11,5.318770038622955e-11,5.318603251299344e-11,5.3184365183701444e-11,5.318269839802366e-11,5.318103215563056e-11,5.317936645619351e-11,5.317770129938041e-11,5.317603668486436e-11,5.317437261231838e-11,5.3172709081412255e-11,5.317104609181847e-11,5.316938364321018e-11,5.316772173526142e-11,5.316606036764226e-11,5.316439954002819e-11,5.316273925209144e-11,5.3161079503508054e-11,5.315942029395022e-11,5.3157761623092467e-11,5.315610349060899e-11,5.31544458961773e-11,5.315278883947062e-11,5.315113232016576e-11,5.3149476337936955e-11,5.314782089246078e-11,5.31461659834164e-11,5.314451161047992e-11,5.314285777332752e-11,5.3141204471634604e-11,5.3139551705079974e-11,5.3137899473341464e-11,5.313624777609929e-11,5.3134596613031125e-11,5.31329459838157e-11,5.313129588813346e-11,5.312964632566074e-11,5.3127997296079376e-11,5.312634879906882e-11,5.3124700834310094e-11,5.31230534014829e-11,5.3121406500266657e-11,5.311976013034556e-11,5.3118114291399803e-11,5.311646898311193e-11,5.3114824205162955e-11,5.3113179957233585e-11,5.311153623900745e-11,5.310989305016902e-11,5.3108250390401774e-11,5.310660825938632e-11,5.310496665680746e-11,5.3103325582349875e-11,5.3101685035695783e-11,5.3100045016531634e-11,5.309840552454056e-11,5.309676655940845e-11,5.3095128120821213e-11,5.309349020846446e-11,5.309185282202351e-11,5.309021596118376e-11,5.30885796256349e-11,5.308694381506185e-11,5.308530852915176e-11,5.308367376759137e-11,5.3082039530070126e-11,5.3080405816274967e-11,5.3078772625890974e-11,5.30771399586111e-11,5.307550781412159e-11,5.3073876192113414e-11,5.307224509227123e-11,5.307061451428915e-11,5.3068984457856766e-11,5.3067354922661736e-11,5.3065725908394845e-11,5.306409741474971e-11,5.306246944141528e-11,5.306084198807913e-11,5.305921505443883e-11,5.3057588640183426e-11,5.3055962745003706e-11,5.305433736859384e-11,5.305271251064587e-11,5.3051088170852186e-11,5.3049464348905876e-11,5.3047841044499526e-11,5.304621825732955e-11,5.304459598708745e-11,5.304297423346764e-11,5.304135299616623e-11,5.303973227487759e-11,5.3038112069295015e-11,5.30364923791136e-11,5.3034873204032246e-11,5.303325454374326e-11,5.3031636397941294e-11,5.303001876632559e-11,5.302840164859335e-11,5.302678504444051e-11,5.302516895356246e-11,5.3023553375658754e-11,5.302193831042621e-11,5.30203237575643e-11,5.301870971676888e-11,5.3017096187738197e-11,5.301548316975217e-11,5.301387066341429e-11,5.3012258667332364e-11,5.301064718180666e-11,5.3009036207091755e-11,5.300742574177305e-11,5.300581578613354e-11,5.300420633958123e-11,5.300259740214627e-11,5.300098897429465e-11,5.299938105427205e-11,5.29977736423076e-11,5.2996166738362645e-11,5.2994560341975237e-11,5.2992954452851654e-11,5.2991349070754993e-11,5.29897441954473e-11,5.298813982634708e-11,5.2986535963404205e-11,5.2984932606356306e-11,5.298332975480221e-11,5.29817274084462e-11,5.298012556699298e-11,5.297852423014718e-11,5.297692339761371e-11,5.2975323069097876e-11,5.297372324430501e-11,5.297212392294117e-11,5.297052510471161e-11,5.296892678932325e-11,5.2967328976482565e-11,5.296573166589619e-11,5.2964134857271265e-11,5.296253855031495e-11,5.2960942744734543e-11,5.295934744023804e-11,5.295775263653352e-11,5.2956158333329284e-11,5.295456453033395e-11,5.295297122725605e-11,5.295137842380461e-11,5.294978611968911e-11,5.294819431461916e-11,5.294660300830463e-11,5.2945012200455297e-11,5.2943421890781526e-11,5.294183207899356e-11,5.294024276480322e-11,5.293865394792056e-11,5.293706562805752e-11,5.2935477804925506e-11,5.293389047823601e-11,5.2932303647701597e-11,5.293071731303364e-11,5.2929131473945385e-11,5.292754613014972e-11,5.292596128135949e-11,5.2924376927288074e-11,5.292279306764861e-11,5.2921209702155594e-11,5.291962683052262e-11,5.291804445246411e-11,5.291646256769448e-11,5.29148811759283e-11,5.2913300276881475e-11,5.291171987026818e-11,5.291013995580459e-11,5.2908560533206236e-11,5.290698160218923e-11,5.290540316246968e-11,5.290382521376396e-11,5.290224775554105e-11,5.2900670787321065e-11,5.2899094309781776e-11,5.2897518322597946e-11,5.289594282479149e-11,5.2894367816395126e-11,5.289279329700357e-11,5.289121926584098e-11,5.2889645723457715e-11,5.2888072669511964e-11,5.28865001030679e-11,5.2884928024700974e-11,5.2883356431619594e-11,5.288178532763856e-11,5.288021471042807e-11,5.287864457976195e-11,5.287707493530868e-11,5.28755057763707e-11,5.287393710343842e-11,5.287236891598974e-11,5.287080121368459e-11,5.286923399539772e-11,5.286766726234135e-11,5.2866101009686846e-11,5.286453524228545e-11,5.286296995948965e-11,5.286140516207159e-11,5.285984084769838e-11,5.2858277016181e-11,5.2856713667430686e-11,5.285515080129226e-11,5.285358841685099e-11,5.285202651347395e-11,5.2850465092302016e-11,5.284890415237155e-11,5.2847343693554e-11,5.2845783715285396e-11,5.284422421749325e-11,5.284266519978677e-11,5.284110666210407e-11,5.2839548603864937e-11,5.283799102498523e-11,5.283643392516405e-11,5.2834877304224005e-11,5.283332115977353e-11,5.2831765495420975e-11,5.2830210306877666e-11,5.282865559817233e-11,5.282710136688353e-11,5.2825547612441974e-11,5.282399433630873e-11,5.2822441532702045e-11,5.282088920806515e-11,5.2819337359932674e-11,5.2817785984484147e-11,5.281623508403549e-11,5.281468466239973e-11,5.281313471402542e-11,5.281158524427333e-11,5.2810036244660455e-11,5.280848772127721e-11,5.2806939671763024e-11,5.2805392095868927e-11,5.2803844993420254e-11,5.280229836207613e-11,5.280075220764847e-11,5.2799206525110527e-11,5.279766131135314e-11,5.279611657220731e-11,5.279457230423321e-11,5.279302850775543e-11,5.279148518272804e-11,5.278994232870132e-11,5.2788399945536916e-11,5.2786858029542305e-11,5.278531658656941e-11,5.278377561280132e-11,5.278223510952354e-11,5.278069507547721e-11,5.2779155510426726e-11,5.2777616414270634e-11,5.2776077786649623e-11,5.277453962736054e-11,5.277300193578615e-11,5.2771464712337836e-11,5.2769927956753743e-11,5.276839166814477e-11,5.276685584640692e-11,5.276532048955456e-11,5.2763785601142144e-11,5.276225117882268e-11,5.2760717222413823e-11,5.2759183731735086e-11,5.275765070641883e-11,5.275611814628392e-11,5.2754586049266997e-11,5.275305441828552e-11,5.275152325201583e-11,5.274999255008073e-11,5.2748462311768557e-11,5.274693253704516e-11,5.274540322574725e-11,5.274387437714721e-11,5.274234599235864e-11,5.27408180694822e-11,5.273929060959978e-11,5.2737763610671876e-11,5.2736237073799654e-11,5.2734710998612004e-11,5.2733185384592564e-11,5.2731660231581986e-11,5.27301355395121e-11,5.272861130767606e-11,5.27270875360208e-11,5.272556422447296e-11,5.2724041372961017e-11,5.272251898039528e-11,5.2720997047122825e-11,5.271947557284871e-11,5.271795455712861e-11,5.2716434001061534e-11,5.271491390023935e-11,5.2713394259635676e-11,5.271187507616379e-11,5.271035634976178e-11,5.2708838082501074e-11,5.270732027023827e-11,5.2705802914803666e-11,5.2704286012078125e-11,5.270276956919088e-11,5.270125358216371e-11,5.269973805042343e-11,5.269822297405292e-11,5.2696708354268243e-11,5.2695194188232135e-11,5.269368047689508e-11,5.269216721580816e-11,5.269065441284445e-11,5.268914206375685e-11,5.2687630169951446e-11,5.268611872389792e-11,5.268460773114068e-11,5.2683097195156105e-11,5.268158711168597e-11,5.2680077480088194e-11,5.267856830096837e-11,5.267705957372049e-11,5.2675551298352696e-11,5.267404347409806e-11,5.2672536099187487e-11,5.26710291736026e-11,5.266952270202724e-11,5.266801668151308e-11,5.2666511110247866e-11,5.2665005987098474e-11,5.2663501315231436e-11,5.266199709271985e-11,5.2660493319216336e-11,5.2658989994670075e-11,5.265748711873462e-11,5.265598469128594e-11,5.2654482710283916e-11,5.265298117512894e-11,5.2651480090979245e-11,5.2649979454391954e-11,5.264847926493358e-11,5.264697952241333e-11,5.264548022442606e-11,5.264398137281933e-11,5.2642482969414665e-11,5.2640985010278325e-11,5.2639487498483116e-11,5.263799043216608e-11,5.2636493810884777e-11,5.2634997634522925e-11,5.2633501902834146e-11,5.263200661557562e-11,5.2630511772502385e-11,5.2629017373449265e-11,5.262752341806834e-11,5.2626029906214585e-11,5.2624536835566753e-11,5.262304420976447e-11,5.2621552027797526e-11,5.262006028729083e-11,5.2618568987100476e-11,5.261707813082052e-11,5.2615587716266317e-11,5.261409774122296e-11,5.261260820945867e-11,5.261111911866536e-11,5.260963046865826e-11,5.26081422591979e-11,5.260665449004226e-11,5.260516716021952e-11,5.2603680270644827e-11,5.260219382096261e-11,5.2600707808703574e-11,5.259922223387221e-11,5.259773710150172e-11,5.2596252407754546e-11,5.259476815063168e-11,5.2593284333318217e-11,5.259180095338658e-11,5.259031801145087e-11,5.258883550719913e-11,5.2587353440174366e-11,5.2585871809398146e-11,5.258439061244113e-11,5.258290985555906e-11,5.258142953154602e-11,5.2579949645323795e-11,5.2578470196444755e-11,5.25769911824516e-11,5.257551260167118e-11,5.2574034458053476e-11,5.257255674986004e-11,5.257107947412805e-11,5.2569602634255904e-11,5.2568126227187724e-11,5.25666502558979e-11,5.256517471824379e-11,5.256369961337292e-11,5.2562224942286053e-11,5.2560750704129306e-11,5.2559276898890786e-11,5.255780352589059e-11,5.255633058511634e-11,5.2554858076334555e-11,5.255338599774898e-11,5.255191435207223e-11,5.255044313780559e-11,5.254897235434681e-11,5.2547501999534906e-11,5.254603207779925e-11,5.2544562586316336e-11,5.254309352506391e-11,5.254162489370336e-11,5.25401566891009e-11,5.253868891665112e-11,5.253722157357584e-11,5.2535754656814175e-11,5.2534288167482825e-11,5.25328221106062e-11,5.253135648199863e-11,5.252989127924382e-11,5.25284265041353e-11,5.252696215882155e-11,5.2525498241054626e-11,5.2524034750334453e-11,5.2522571686500327e-11,5.2521109049286436e-11,5.2519646838534835e-11,5.2518185053979534e-11,5.251672369222614e-11,5.251526275946805e-11,5.2513802249865594e-11,5.251234216780705e-11,5.251088251080022e-11,5.2509423275638246e-11,5.250796446491032e-11,5.2506506081688106e-11,5.2505048122606416e-11,5.250359058743476e-11,5.2502133475510284e-11,5.250067678354061e-11,5.2499220518737456e-11,5.2497764676935056e-11,5.249630925774978e-11,5.249485426126988e-11,5.2493399687111666e-11,5.249194553462551e-11,5.2490491804431585e-11,5.248903849588071e-11,5.248758560659336e-11,5.248613314065202e-11,5.248468109567669e-11,5.248322947129869e-11,5.248177826509672e-11,5.2480327481523216e-11,5.2478877116466275e-11,5.247742717282055e-11,5.247597764856221e-11,5.247452854371186e-11,5.247307985568401e-11,5.2471631589142084e-11,5.247018374133372e-11,5.246873630984972e-11,5.246728929883281e-11,5.2465842704270005e-11,5.2464396527238884e-11,5.24629507701331e-11,5.246150542982798e-11,5.246006050658086e-11,5.2458616000501396e-11,5.2457171911112226e-11,5.2455728235795635e-11,5.245428497921273e-11,5.245284213868056e-11,5.245139971362919e-11,5.244995770061516e-11,5.244851610559398e-11,5.2447074927080884e-11,5.244563416349766e-11,5.244419381465e-11,5.244275388025243e-11,5.244131435995169e-11,5.243987525372426e-11,5.243843656159217e-11,5.243699828182749e-11,5.243556041675336e-11,5.2434122964790594e-11,5.243268592576795e-11,5.2431249299202114e-11,5.242981308551484e-11,5.2428377284374e-11,5.242694189497359e-11,5.242550691755292e-11,5.242407235187981e-11,5.2422638197558935e-11,5.242120445431257e-11,5.241977112170479e-11,5.241833820025206e-11,5.2416905689439946e-11,5.2415473589109924e-11,5.2414041896498215e-11,5.241261061621779e-11,5.241117974545048e-11,5.240974928421245e-11,5.240831922982223e-11,5.2406889586869875e-11,5.240546035270724e-11,5.2404031527414716e-11,5.24026031101462e-11,5.240117510166885e-11,5.239974750028717e-11,5.2398320304903725e-11,5.239689351950336e-11,5.23954671398489e-11,5.239404116876828e-11,5.2392615604907195e-11,5.239119044755832e-11,5.238976569671449e-11,5.238834135211435e-11,5.23869174134538e-11,5.2385493880540853e-11,5.238407075319163e-11,5.238264803151098e-11,5.238122571491708e-11,5.2379803803377276e-11,5.237838229650082e-11,5.237696119130449e-11,5.2375540493444295e-11,5.237412019972271e-11,5.237270030995961e-11,5.2371280823755676e-11,5.236986174178196e-11,5.236844306058696e-11,5.2367024784360474e-11,5.23656069110438e-11,5.2364189440344224e-11,5.23627723720882e-11,5.236135570576184e-11,5.235993943974958e-11,5.235852357758583e-11,5.2357108117189965e-11,5.235569305785501e-11,5.2354278399914064e-11,5.23528641427471e-11,5.235145028485146e-11,5.235003682897733e-11,5.234862377365367e-11,5.234721111807553e-11,5.2345798862280345e-11,5.234438700667754e-11,5.23429755504889e-11,5.234156449044908e-11,5.2340153830815775e-11,5.233874357000759e-11,5.2337333709767497e-11,5.233592424668222e-11,5.233451518416212e-11,5.233310651959754e-11,5.2331698251258825e-11,5.2330290379508114e-11,5.232888290611692e-11,5.232747583081789e-11,5.232606915282332e-11,5.232466287135637e-11,5.232325698729303e-11,5.2321851496875157e-11,5.2320446404254473e-11,5.23190417079788e-11,5.231763740748865e-11,5.231623350223797e-11,5.23148299926892e-11,5.231342687795053e-11,5.2312024155871857e-11,5.231062182947843e-11,5.2309219897412595e-11,5.230781836188201e-11,5.230641721856253e-11,5.2305016470887476e-11,5.230361611517756e-11,5.230221615489507e-11,5.230081658881156e-11,5.2299417414979093e-11,5.229801863569468e-11,5.229662024887258e-11,5.229522225444563e-11,5.2293824650948457e-11,5.22924274395906e-11,5.2291030620330905e-11,5.228963419256557e-11,5.228823815753999e-11,5.228684251139106e-11,5.228544725789722e-11,5.228405239459254e-11,5.2282657920268774e-11,5.228126383863983e-11,5.227987014716064e-11,5.227847684375154e-11,5.2277083930565874e-11,5.2275691408643204e-11,5.22742992763169e-11,5.227290753297502e-11,5.227151617905145e-11,5.227012521364301e-11,5.2268734637327686e-11,5.2267344452010444e-11,5.226595465242553e-11,5.226456524149496e-11,5.226317621788616e-11,5.2261787583505037e-11,5.2260399335067757e-11,5.225901147436223e-11,5.2257624000270366e-11,5.225623691560505e-11,5.225485021513044e-11,5.2253463901149975e-11,5.2252077973472096e-11,5.225069243197768e-11,5.224930727629482e-11,5.224792250639587e-11,5.2246538120051545e-11,5.2245154120929173e-11,5.224377050471744e-11,5.224238727557348e-11,5.224100443114436e-11,5.223962197122192e-11,5.223823989461003e-11,5.2236858201159624e-11,5.2235476893622174e-11,5.223409596985223e-11,5.223271542972852e-11,5.223133527279297e-11,5.222995549916119e-11,5.222857610831304e-11,5.22271971002688e-11,5.2225818474726954e-11,5.2224440231543084e-11,5.222306237052073e-11,5.222168489146556e-11,5.222030779418598e-11,5.221893107641065e-11,5.22175547421041e-11,5.221617878688584e-11,5.221480321477324e-11,5.22134280234541e-11,5.2212053212546025e-11,5.2210678782267875e-11,5.2209304730278716e-11,5.2207931060250564e-11,5.220655776977864e-11,5.220518485921252e-11,5.220381232810733e-11,5.22024401762471e-11,5.220106840143614e-11,5.2199697007524375e-11,5.219832599227045e-11,5.2196955355503194e-11,5.219558509706723e-11,5.219421521809132e-11,5.2192845715717066e-11,5.219147659109981e-11,5.219010784345321e-11,5.218873947357765e-11,5.218737148102104e-11,5.218600386522931e-11,5.218463662637688e-11,5.2183269763915766e-11,5.218190327572396e-11,5.218053716597836e-11,5.217917143209879e-11,5.217780607405252e-11,5.217644109158067e-11,5.217507648474561e-11,5.217371225292479e-11,5.217234839619895e-11,5.217098491430357e-11,5.2169621808705224e-11,5.216825907608916e-11,5.216689671778551e-11,5.216553473343744e-11,5.216417312322137e-11,5.2162811886899574e-11,5.216145102395887e-11,5.2160090534103113e-11,5.215873041738549e-11,5.2157370673865127e-11,5.2156011302898375e-11,5.2154652304523356e-11,5.2153293678705257e-11,5.2151935424930566e-11,5.2150577543218245e-11,5.2149220033346996e-11,5.214786289512109e-11,5.214650612837457e-11,5.2145149732917275e-11,5.21437937085291e-11,5.214243805504901e-11,5.214108277228258e-11,5.21397278606521e-11,5.2138373318779425e-11,5.213701914705561e-11,5.213566534550713e-11,5.213431191379081e-11,5.2132958851499374e-11,5.213160615856155e-11,5.213025383514326e-11,5.212890188055016e-11,5.2127550294760376e-11,5.212619907764137e-11,5.212484822909776e-11,5.212349774884409e-11,5.2122147636704274e-11,5.2120797892427894e-11,5.211944851593025e-11,5.211809950707528e-11,5.211675086569749e-11,5.211540259135461e-11,5.2114054684036545e-11,5.211270714357848e-11,5.211135996987266e-11,5.211001316251498e-11,5.210866672142442e-11,5.210732064671105e-11,5.2105974937664565e-11,5.210462959435753e-11,5.210328461661298e-11,5.210194000423339e-11,5.2100595757199466e-11,5.2099251875039894e-11,5.2097908357653646e-11,5.2096565204963666e-11,5.209522241670236e-11,5.209387999288989e-11,5.2092537933227166e-11,5.209119623741123e-11,5.208985490531462e-11,5.208851393846185e-11,5.208717333311553e-11,5.208583309098186e-11,5.208449321184028e-11,5.208315369566429e-11,5.2081814542198606e-11,5.208047575102077e-11,5.2079137322410525e-11,5.2077799255877607e-11,5.207646155101759e-11,5.207512420790452e-11,5.2073787226347663e-11,5.207245060667043e-11,5.207111434772518e-11,5.2069778449792695e-11,5.20684429127135e-11,5.206710773630889e-11,5.206577292042301e-11,5.206443846485254e-11,5.206310436912323e-11,5.2061770634071414e-11,5.206043725833871e-11,5.205910424220944e-11,5.2057771585669625e-11,5.205643928821873e-11,5.205510734980392e-11,5.205377577033313e-11,5.205244454951951e-11,5.205111368730118e-11,5.20497831835431e-11,5.204845303781398e-11,5.204712325007374e-11,5.204579382022027e-11,5.204446474794366e-11,5.204313603330144e-11,5.204180767579718e-11,5.2040479675430007e-11,5.203915203197426e-11,5.203782474534058e-11,5.203649781523997e-11,5.2035171241445484e-11,5.203384502403422e-11,5.203251916267833e-11,5.2031193657232056e-11,5.2029868507483347e-11,5.2028543713222776e-11,5.202721927456006e-11,5.202589519087379e-11,5.202457146221819e-11,5.2023248088383414e-11,5.202192506934392e-11,5.2020602404642006e-11,5.201928009423638e-11,5.201795813797706e-11,5.201663653568331e-11,5.201531528789423e-11,5.201399439284276e-11,5.201267385158492e-11,5.2011353663543636e-11,5.2010033828501435e-11,5.200871434631984e-11,5.200739521713991e-11,5.2006076440279424e-11,5.200475801593184e-11,5.200343994371447e-11,5.200212222355121e-11,5.2000804855416746e-11,5.1999487839014054e-11,5.199817117398158e-11,5.199685486031332e-11,5.1995538897841086e-11,5.1994223286790525e-11,5.199290802621092e-11,5.199159311629682e-11,5.199027855736126e-11,5.198896434847598e-11,5.1987650489553637e-11,5.19863369806723e-11,5.198502382230336e-11,5.198371101288409e-11,5.198239855292603e-11,5.198108644229331e-11,5.197977468077809e-11,5.1978463268343636e-11,5.197715220530375e-11,5.1975841489201213e-11,5.197453112251513e-11,5.19732211052173e-11,5.1971911434996966e-11,5.1970602112667655e-11,5.196929313977523e-11,5.1967984512842e-11,5.196667623352724e-11,5.1965368301485514e-11,5.1964060716554206e-11,5.1962753478507506e-11,5.196144658708494e-11,5.19601400423609e-11,5.1958833844095234e-11,5.1957527992057633e-11,5.1956222485976414e-11,5.195491732590723e-11,5.1953612512662933e-11,5.195230804390718e-11,5.195100392051238e-11,5.19497001423661e-11,5.194839670950676e-11,5.194709362133808e-11,5.1945790878216026e-11,5.194448847937663e-11,5.1943186424985515e-11,5.194188471486201e-11,5.194058334876648e-11,5.193928232652205e-11,5.193798164811274e-11,5.193668131324662e-11,5.193538132193448e-11,5.193408167374712e-11,5.1932782368732804e-11,5.193148340917082e-11,5.193018478969121e-11,5.192888651279083e-11,5.1927588578306903e-11,5.192629098605594e-11,5.192499373517887e-11,5.192369682713907e-11,5.192240026230037e-11,5.192110403929399e-11,5.191980815581702e-11,5.191851261365327e-11,5.191721741255022e-11,5.191592255237224e-11,5.191462803298513e-11,5.191333385429688e-11,5.19120400160393e-11,5.191074651789378e-11,5.190945335989742e-11,5.19081605408149e-11,5.1906868062490283e-11,5.19055759237873e-11,5.190428412452769e-11,5.190299266455795e-11,5.1901701543727307e-11,5.190041076180852e-11,5.1899120318787904e-11,5.189783021434787e-11,5.189654044836453e-11,5.189525102095529e-11,5.1893961931485154e-11,5.1892673179943274e-11,5.189138476474878e-11,5.189009668869815e-11,5.1888808950155646e-11,5.188752154892505e-11,5.188623448563431e-11,5.188494775859578e-11,5.1883661368406256e-11,5.188237531382076e-11,5.18810895969161e-11,5.18798042163206e-11,5.187851917177811e-11,5.187723446340937e-11,5.187595009093032e-11,5.1874666054153256e-11,5.187338235294527e-11,5.187209898718456e-11,5.1870815956664735e-11,5.186953326118854e-11,5.1868250900752456e-11,5.1866968874911757e-11,5.1865687183891565e-11,5.186440582713041e-11,5.186312480461147e-11,5.186184411621899e-11,5.1860563761758734e-11,5.1859283741095476e-11,5.1858004054084513e-11,5.185672470034563e-11,5.185544567985247e-11,5.1854166992657165e-11,5.185288863863839e-11,5.185161061756888e-11,5.1850332929983386e-11,5.1849055574007386e-11,5.1847778550253013e-11,5.1846501858809954e-11,5.184522549942869e-11,5.18439494719364e-11,5.184267377642612e-11,5.1841398412242155e-11,5.184012337947859e-11,5.1838848677959633e-11,5.1837574307548796e-11,5.183630026808387e-11,5.18350265594015e-11,5.183375318097644e-11,5.183248013337217e-11,5.183120741613941e-11,5.18299350290281e-11,5.1828662971917406e-11,5.182739124448534e-11,5.182611984711654e-11,5.1824848779064475e-11,5.182357804037113e-11,5.1822307630078674e-11,5.182103755145756e-11,5.1819767799990775e-11,5.18184983772495e-11,5.181722928321784e-11,5.1815960517482126e-11,5.181469207988053e-11,5.181342397047782e-11,5.18121561892155e-11,5.181088873805531e-11,5.180962161234584e-11,5.1808354813979766e-11,5.180708834273981e-11,5.180582219724686e-11,5.1804556379456625e-11,5.1803290889338716e-11,5.180202572656184e-11,5.1800760889999065e-11,5.179949637986074e-11,5.1798232195458364e-11,5.179696833749789e-11,5.1795704805668184e-11,5.1794441599676716e-11,5.179317871936183e-11,5.179191616179328e-11,5.1790653932290684e-11,5.178939202819318e-11,5.178813044856473e-11,5.1786869193984315e-11,5.178560826434348e-11,5.1784347659058353e-11,5.178308737841212e-11,5.1781827422163764e-11,5.178056778969929e-11,5.177930848123029e-11,5.177804949655146e-11,5.177679083575052e-11,5.177553249855646e-11,5.177427448473304e-11,5.1773016793994794e-11,5.177175942610991e-11,5.1770502381354055e-11,5.176924565913162e-11,5.1767989259619536e-11,5.1766733182631295e-11,5.17654774279316e-11,5.17642219952184e-11,5.176296688466113e-11,5.1761712095914904e-11,5.176045762888879e-11,5.1759203483196866e-11,5.17579496591056e-11,5.175669615808228e-11,5.1755442976182294e-11,5.175419011534505e-11,5.1752937575293917e-11,5.175168535609892e-11,5.175043345729714e-11,5.17491818787898e-11,5.174793062030762e-11,5.174667968121803e-11,5.174542906634588e-11,5.1744178767367146e-11,5.174292878819379e-11,5.1741679128645036e-11,5.174042978690989e-11,5.173918076551625e-11,5.173793206155558e-11,5.173668367795262e-11,5.1735435613140425e-11,5.17341878673696e-11,5.173294044040865e-11,5.1731693329213554e-11,5.173044653840814e-11,5.1729200064882576e-11,5.1727953908933515e-11,5.1726708070723004e-11,5.1725462550185694e-11,5.172421734720123e-11,5.1722972461114056e-11,5.172172789188573e-11,5.1720483640998016e-11,5.1719239707080945e-11,5.1717996088242526e-11,5.171675278602179e-11,5.171550980227315e-11,5.1714267132363325e-11,5.171302477865368e-11,5.17117827408071e-11,5.1710541018703165e-11,5.170929961234134e-11,5.1708058521196085e-11,5.17068177454349e-11,5.170557728486925e-11,5.170433713925202e-11,5.170309730849115e-11,5.170185779222631e-11,5.170061859210317e-11,5.169937970453123e-11,5.169814113172606e-11,5.169690287304261e-11,5.169566492842318e-11,5.16944272975513e-11,5.169318998015773e-11,5.169195297710706e-11,5.16907162863602e-11,5.168947990915633e-11,5.1688243845238545e-11,5.168700809430628e-11,5.1685772656059905e-11,5.168453753062052e-11,5.168330271778906e-11,5.168206821733157e-11,5.1680834029039105e-11,5.167960015293763e-11,5.167836658868615e-11,5.167713333623152e-11,5.1675900395447206e-11,5.167466776618112e-11,5.167343544689297e-11,5.1672203440227686e-11,5.1670971744829405e-11,5.166974035971528e-11,5.166850928602843e-11,5.1667278522830376e-11,5.166604807112499e-11,5.1664817928910555e-11,5.166358809630828e-11,5.1662358575578834e-11,5.166112936425635e-11,5.1659900461996243e-11,5.165867186957149e-11,5.1657443588234884e-11,5.16562156144763e-11,5.1654987950191017e-11,5.1653760596520856e-11,5.165253354953038e-11,5.165130681185058e-11,5.165008038282001e-11,5.164885426311415e-11,5.164762845094355e-11,5.164640294651349e-11,5.164517775032116e-11,5.164395286191659e-11,5.16427282818608e-11,5.164150400936919e-11,5.164028004449887e-11,5.163905638518821e-11,5.1637833035979247e-11,5.1636609992993066e-11,5.16353872569577e-11,5.163416482977725e-11,5.163294270709827e-11,5.1631720889359364e-11,5.163049938145653e-11,5.162927817800011e-11,5.1628057283312924e-11,5.162683669138947e-11,5.1625616407049223e-11,5.162439642714293e-11,5.162317675281433e-11,5.1621957385976423e-11,5.1620738322298426e-11,5.161951956565367e-11,5.1618301113399954e-11,5.161708296429577e-11,5.161586512254239e-11,5.16146475832247e-11,5.161343034930832e-11,5.1612213418689016e-11,5.16109967923139e-11,5.160978047129041e-11,5.1608564452959355e-11,5.1607348738230725e-11,5.160613332790034e-11,5.1604918219703465e-11,5.160370341786702e-11,5.1602488916226266e-11,5.16012747195947e-11,5.160006082423942e-11,5.1598847231692063e-11,5.1597633942622364e-11,5.1596420955350325e-11,5.1595208271190784e-11,5.1593995889632696e-11,5.1592783810919564e-11,5.1591572032868515e-11,5.159036055775548e-11,5.158914938373549e-11,5.15879385108224e-11,5.158672793844641e-11,5.158551766816727e-11,5.158430769995228e-11,5.158309803101327e-11,5.158188866324389e-11,5.158067959432803e-11,5.157947082852126e-11,5.157826236230727e-11,5.157705419591063e-11,5.157584633002767e-11,5.157463876505395e-11,5.157343150089973e-11,5.157222453555062e-11,5.157101786961092e-11,5.156981150334496e-11,5.156860543580795e-11,5.156739966873874e-11,5.15661941994907e-11,5.15649890308521e-11,5.1563784159352895e-11,5.1562579586554344e-11,5.1561375312163474e-11,5.156017133846033e-11,5.155896766086362e-11,5.155776428320968e-11,5.155656120173733e-11,5.155535842002667e-11,5.15541559347189e-11,5.1552953746436893e-11,5.155175185581958e-11,5.155055026287054e-11,5.15493489660731e-11,5.154814796763434e-11,5.1546947265306214e-11,5.154574685919615e-11,5.1544546750252077e-11,5.154334693801031e-11,5.1542147422249894e-11,5.154094820202335e-11,5.153974927799261e-11,5.153855064997072e-11,5.1537352318340646e-11,5.1536154284156e-11,5.153495654314764e-11,5.1533759097823194e-11,5.153256194773926e-11,5.153136509376284e-11,5.1530168532933374e-11,5.152897226859131e-11,5.152777630051651e-11,5.152658062269281e-11,5.1525385242230595e-11,5.1524190156145865e-11,5.1522995364435483e-11,5.152180086840206e-11,5.152060666481197e-11,5.1519412755008015e-11,5.1518219139330296e-11,5.1517025816810794e-11,5.151583278791688e-11,5.151464005227716e-11,5.151344760985388e-11,5.1512255460453456e-11,5.1511063604129976e-11,5.150987204109977e-11,5.1508680772855156e-11,5.150748979425878e-11,5.1506299109071746e-11,5.150510871556079e-11,5.150391861518317e-11,5.1502728805812167e-11,5.1501539288353216e-11,5.150035006247766e-11,5.1499161129338475e-11,5.1497972485293646e-11,5.1496784134148037e-11,5.149559607440347e-11,5.1494408305521014e-11,5.149322082891952e-11,5.149203364127232e-11,5.149084674511538e-11,5.1489660139484415e-11,5.1488473824236475e-11,5.148728779888761e-11,5.1486102064262667e-11,5.148491661953728e-11,5.148373146494145e-11,5.148254660010038e-11,5.148136202507235e-11,5.148017774031074e-11,5.147899374422426e-11,5.147781003862149e-11,5.147662662096832e-11,5.1475443492400623e-11,5.147426065266902e-11,5.147307810307079e-11,5.1471895840108e-11,5.147071386719411e-11,5.14695321815979e-11,5.146835078442202e-11,5.1467169676441814e-11,5.146598885633908e-11,5.146480832348576e-11,5.146362807908183e-11,5.1462448121531554e-11,5.1461268451499604e-11,5.146008906885316e-11,5.145890997291602e-11,5.145773116479854e-11,5.1456552642714543e-11,5.145537440836942e-11,5.1454196460697615e-11,5.1453018800513813e-11,5.145184142518805e-11,5.1450664337282594e-11,5.1449487535261054e-11,5.144831101920331e-11,5.1447134789270926e-11,5.144595884468511e-11,5.1444783186567176e-11,5.144360781317985e-11,5.1442432725995893e-11,5.144125792409457e-11,5.144008340742e-11,5.143890917589228e-11,5.1437735229349574e-11,5.1436561566792063e-11,5.1435388189139525e-11,5.143421509684321e-11,5.1433042288841765e-11,5.143186976513434e-11,5.143069752513786e-11,5.1429525571041254e-11,5.142835389925675e-11,5.142718251183076e-11,5.142601140797055e-11,5.142484058781363e-11,5.1423670051061815e-11,5.142249979756727e-11,5.1421329827353325e-11,5.142016014018821e-11,5.141899073597219e-11,5.141782161468236e-11,5.141665277740029e-11,5.141548422141206e-11,5.14143159479807e-11,5.1413147956756175e-11,5.1411980248855664e-11,5.141081282271978e-11,5.1409645676968835e-11,5.140847881449741e-11,5.1407312233010096e-11,5.140614593253359e-11,5.140497991339677e-11,5.1403814176424166e-11,5.1402648721293185e-11,5.140148354724798e-11,5.140031865330458e-11,5.1399154041177853e-11,5.139798970963645e-11,5.1396825657447165e-11,5.1395661886023754e-11,5.139449839509834e-11,5.139333518469366e-11,5.139217225453132e-11,5.139100960422783e-11,5.1389847233024784e-11,5.138868514315849e-11,5.1387523331973896e-11,5.1386361799629517e-11,5.1385200547433045e-11,5.138403957446956e-11,5.1382878881201415e-11,5.13817184663962e-11,5.1380558331428175e-11,5.137939847368329e-11,5.137823889517407e-11,5.137707959472843e-11,5.1375920573135454e-11,5.137476182933808e-11,5.137360336423144e-11,5.137244517638984e-11,5.137128726647852e-11,5.137012963459608e-11,5.136897227995783e-11,5.1367815202864376e-11,5.1366658405097025e-11,5.1365501883596037e-11,5.1364345638585525e-11,5.1363189671364255e-11,5.136203398118178e-11,5.1360878567780347e-11,5.135972343045127e-11,5.1358568570247404e-11,5.13574139870037e-11,5.135625967959873e-11,5.135510564892387e-11,5.1353951893967255e-11,5.135279841486137e-11,5.1351645210741647e-11,5.1350492283354475e-11,5.13493396308519e-11,5.134818725355874e-11,5.134703515257481e-11,5.134588332674415e-11,5.134473177527442e-11,5.134358049877865e-11,5.1342429498060757e-11,5.134127877126169e-11,5.134012831998186e-11,5.133897814334437e-11,5.1337828241085344e-11,5.133667861306239e-11,5.133552925929052e-11,5.133438017958331e-11,5.1333231373275064e-11,5.1332082841780724e-11,5.133093458349848e-11,5.1329786598063136e-11,5.132863888691023e-11,5.132749144860064e-11,5.132634428317397e-11,5.1325197392646764e-11,5.132405077478294e-11,5.132290442919403e-11,5.132175835642372e-11,5.132061255620537e-11,5.1319467026572996e-11,5.131832177039351e-11,5.131717678738422e-11,5.131603207744078e-11,5.131488763880344e-11,5.131374347188874e-11,5.1312599576942066e-11,5.1311455953656737e-11,5.131031260106849e-11,5.130916952088489e-11,5.1308026712348724e-11,5.130688417464714e-11,5.1305741908331114e-11,5.1304599913098705e-11,5.130345818849318e-11,5.130231673453491e-11,5.130117554962657e-11,5.1300034636079874e-11,5.129889399561948e-11,5.129775362400163e-11,5.129661352225945e-11,5.129547369046953e-11,5.129433412863017e-11,5.1293194836721566e-11,5.129205581440264e-11,5.129091706266488e-11,5.128977857941689e-11,5.128864036548774e-11,5.128750242088525e-11,5.1286364745047077e-11,5.128522733865978e-11,5.1284090201219845e-11,5.128295333219117e-11,5.128181673205427e-11,5.128068040061851e-11,5.12795443380839e-11,5.127840854326681e-11,5.12772730166032e-11,5.127613775824336e-11,5.1275002767727646e-11,5.127386804566776e-11,5.1272733590788215e-11,5.127159940353872e-11,5.127046548392653e-11,5.126933183156933e-11,5.12681984465882e-11,5.1267065327921866e-11,5.126593247709285e-11,5.1264799891751194e-11,5.1263667574583024e-11,5.126253552429679e-11,5.1261403740599025e-11,5.1260272223446455e-11,5.125914097267665e-11,5.1258009988112375e-11,5.125687926968524e-11,5.125574881735918e-11,5.125461863109661e-11,5.12534887108028e-11,5.125235905590739e-11,5.125122966658182e-11,5.125010054285435e-11,5.1248971684205557e-11,5.124784309091648e-11,5.12467147622842e-11,5.1245586699535654e-11,5.124445890159151e-11,5.124333136826388e-11,5.1242204099484174e-11,5.1241077095207116e-11,5.1239950355812095e-11,5.1238823880301545e-11,5.1237697669011185e-11,5.1236571721823394e-11,5.123544603862401e-11,5.1234320619656984e-11,5.1233195464128576e-11,5.12320705722504e-11,5.12309459439281e-11,5.122982157912527e-11,5.12286974776276e-11,5.122757363892964e-11,5.1226450063905046e-11,5.122532675162639e-11,5.122420370287268e-11,5.122308091482992e-11,5.122195839044686e-11,5.122083612934712e-11,5.121971413025043e-11,5.121859239359492e-11,5.121747091912651e-11,5.121634970601567e-11,5.121522875330203e-11,5.1214108064548325e-11,5.121298763769808e-11,5.1211867472577346e-11,5.121074756895567e-11,5.120962792683391e-11,5.1208508546847806e-11,5.1207389427192214e-11,5.120627056903259e-11,5.120515197142428e-11,5.120403363477021e-11,5.1202915558875105e-11,5.120179774351184e-11,5.120068018872798e-11,5.119956289431552e-11,5.119844586268733e-11,5.119732908910918e-11,5.119621257544925e-11,5.1195096321945197e-11,5.11939803281713e-11,5.1192864595263175e-11,5.11917491208082e-11,5.119063390616423e-11,5.118951895007862e-11,5.118840425419192e-11,5.118728981703602e-11,5.1186175639336654e-11,5.118506172059235e-11,5.1183948060575705e-11,5.118283465944219e-11,5.1181721516777795e-11,5.1180608633202927e-11,5.117949600786981e-11,5.117838364086514e-11,5.117727153122259e-11,5.117615968057116e-11,5.117504808818763e-11,5.1173936753456486e-11,5.1172825676470203e-11,5.1171714856263853e-11,5.1170604293641326e-11,5.116949398928752e-11,5.116838394222474e-11,5.116727415172335e-11,5.116616461914333e-11,5.116505534594635e-11,5.1163946327032884e-11,5.116283756353821e-11,5.116172905776164e-11,5.116062080947443e-11,5.11595128167411e-11,5.1158405081325106e-11,5.115729760354659e-11,5.115619037964589e-11,5.115508341526179e-11,5.115397670431818e-11,5.1152870249240674e-11,5.115176405012598e-11,5.11506581064479e-11,5.114955241856399e-11,5.1148446985843264e-11,5.114734180806904e-11,5.114623688567006e-11,5.1145132218673e-11,5.11440278065986e-11,5.114292364850194e-11,5.1141819746195935e-11,5.114071609845013e-11,5.1139612705331034e-11,5.113850956781461e-11,5.113740668351212e-11,5.113630405346249e-11,5.1135201677537455e-11,5.1134099555687996e-11,5.1132997687779935e-11,5.1131896074337705e-11,5.1130794714024284e-11,5.1129693607305413e-11,5.112859275412339e-11,5.112749215431854e-11,5.112639180797852e-11,5.112529171535104e-11,5.112419187512128e-11,5.1123092287824734e-11,5.11219929543147e-11,5.112089387258603e-11,5.1119795044231485e-11,5.1118696467729184e-11,5.1117598143701096e-11,5.1116500072186614e-11,5.111540225283062e-11,5.111430468394798e-11,5.111320736875576e-11,5.111211030548831e-11,5.111101349375558e-11,5.110991693376926e-11,5.110882062537215e-11,5.110772456898917e-11,5.110662876355746e-11,5.110553320988231e-11,5.1104437906939983e-11,5.110334285547744e-11,5.1102248055002175e-11,5.110115350584809e-11,5.1100059206849015e-11,5.109896515851873e-11,5.1097871360768597e-11,5.109677781363114e-11,5.109568451476118e-11,5.109459146806076e-11,5.109349867143255e-11,5.109240612495478e-11,5.109131382809255e-11,5.109022178147586e-11,5.108912998451192e-11,5.108803843664524e-11,5.108694713883511e-11,5.108585609066578e-11,5.10847652916525e-11,5.108367474090835e-11,5.108258444035653e-11,5.1081494388631084e-11,5.108040458583269e-11,5.1079315031839434e-11,5.107822572649641e-11,5.107713666928183e-11,5.1076047861069885e-11,5.1074959301244404e-11,5.1073870989730594e-11,5.107278292645339e-11,5.107169511293659e-11,5.1070607545860654e-11,5.106952022623906e-11,5.106843315464644e-11,5.1067346330891836e-11,5.106625975496156e-11,5.106517342608313e-11,5.106408734474972e-11,5.106300151067153e-11,5.106191592369696e-11,5.1060830583686645e-11,5.105974549083377e-11,5.1058660644639976e-11,5.105757604522964e-11,5.1056491692462785e-11,5.105540758624001e-11,5.1054323726610625e-11,5.105324011341388e-11,5.105215674626281e-11,5.1051073625256e-11,5.1049990750460155e-11,5.104890812180321e-11,5.1047825738776356e-11,5.10467436013219e-11,5.10456617092658e-11,5.1044580062995826e-11,5.104349866184882e-11,5.104241750636066e-11,5.104133659610268e-11,5.1040255930666437e-11,5.1039175510803836e-11,5.1038095335619407e-11,5.10370154062871e-11,5.103593572066715e-11,5.103485628017712e-11,5.1033777083875145e-11,5.103269813183768e-11,5.1031619424119115e-11,5.103054096037886e-11,5.102946274076666e-11,5.102838476549581e-11,5.1027307035020417e-11,5.1026229547505824e-11,5.102515230376051e-11,5.102407530364939e-11,5.10229985470379e-11,5.102192203385754e-11,5.102084576401004e-11,5.101976973754586e-11,5.1018693954048305e-11,5.101761841326431e-11,5.101654311573451e-11,5.1015468061220506e-11,5.101439324915499e-11,5.101331867998281e-11,5.1012244354697945e-11,5.101117027053043e-11,5.10100964285016e-11,5.1009022829123115e-11,5.1007949471484935e-11,5.1006876355879724e-11,5.100580348196773e-11,5.100473085006319e-11,5.100365845982301e-11,5.100258631220405e-11,5.100151440525828e-11,5.100044273949293e-11,5.099937131537349e-11,5.099830013271332e-11,5.099722919102147e-11,5.099615849036325e-11,5.0995088030701034e-11,5.099401781200747e-11,5.099294783394212e-11,5.0991878097035176e-11,5.0990808600182715e-11,5.0989739343794306e-11,5.098867032777538e-11,5.0987601551715013e-11,5.0986533015981206e-11,5.098546472048066e-11,5.09843966647055e-11,5.0983328848920486e-11,5.0982261273759554e-11,5.0981193937481624e-11,5.098012684089145e-11,5.097905998376847e-11,5.097799336571519e-11,5.097692698727141e-11,5.097586084805807e-11,5.097479494762291e-11,5.0973729286447186e-11,5.097266386390757e-11,5.0971598681041804e-11,5.097053373631589e-11,5.096946903063978e-11,5.096840456244397e-11,5.0967340333316734e-11,5.096627634262882e-11,5.096521258988953e-11,5.096414907537662e-11,5.0963085798399065e-11,5.0962022759768794e-11,5.096095996256639e-11,5.0959897399111385e-11,5.095883507417778e-11,5.09577729865972e-11,5.095671113634829e-11,5.0955649523424447e-11,5.095458814890259e-11,5.095352701039543e-11,5.095246610900312e-11,5.095140544467324e-11,5.095034501718271e-11,5.094928482668391e-11,5.094822487255553e-11,5.094716515471606e-11,5.094610567390557e-11,5.0945046428978004e-11,5.094398742086487e-11,5.09429286487992e-11,5.094187011262618e-11,5.094081181262232e-11,5.093975374854177e-11,5.093869592028947e-11,5.093763832784108e-11,5.0936580970808355e-11,5.0935523849500945e-11,5.093446696046479e-11,5.0933410309938575e-11,5.093235389467537e-11,5.0931297714377034e-11,5.0930241769400685e-11,5.0929186059324916e-11,5.092813058412791e-11,5.0927075343822575e-11,5.092602033870073e-11,5.0924965567697893e-11,5.0923911031094e-11,5.092285672889666e-11,5.092180266100713e-11,5.092074882734208e-11,5.091969522783797e-11,5.091864186232417e-11,5.091758873062968e-11,5.0916535832888954e-11,5.091548316783562e-11,5.091443073731408e-11,5.0913378540431493e-11,5.091232657545243e-11,5.0911274845128074e-11,5.091022334846985e-11,5.0909172087614856e-11,5.090812105760956e-11,5.090707026025527e-11,5.0906019695880164e-11,5.090496936503487e-11,5.090391926771843e-11,5.090286940081348e-11,5.090181976600599e-11,5.0900770364646584e-11,5.0899721195876725e-11,5.089867225920917e-11,5.0897623554556246e-11,5.0896575082038145e-11,5.0895526841551585e-11,5.0894478832860026e-11,5.089343105604038e-11,5.0892383510920485e-11,5.089133619740787e-11,5.089028911538388e-11,5.088924226497808e-11,5.088819564565939e-11,5.088714925758638e-11,5.088610310065004e-11,5.088505717474566e-11,5.0884011479423593e-11,5.088296601532142e-11,5.088192077796759e-11,5.088087577535931e-11,5.087983100333354e-11,5.0878786461682186e-11,5.0877742150508063e-11,5.0876698069683895e-11,5.087565421906518e-11,5.087461059944717e-11,5.087356720880346e-11,5.08725240483155e-11,5.087148111751006e-11,5.0870438416617137e-11,5.086939594611288e-11,5.086835370441896e-11,5.0867311692209416e-11,5.0866269909391915e-11,5.086522835587662e-11,5.0864187031571196e-11,5.086314593639736e-11,5.086210507023916e-11,5.086106443423361e-11,5.0860024025857776e-11,5.085898384678657e-11,5.0857943895848695e-11,5.085690417349278e-11,5.0855864679590514e-11,5.0854825414078987e-11,5.085378637686744e-11,5.085274756789243e-11,5.0851708987010895e-11,5.085067063509524e-11,5.084963251017933e-11,5.084859461311083e-11,5.08475569434296e-11,5.084651950178505e-11,5.0845482287816066e-11,5.084444530123383e-11,5.084340854228049e-11,5.0842372010399775e-11,5.0841335705746076e-11,5.084029962823501e-11,5.083926377775264e-11,5.083822815367778e-11,5.083719275580556e-11,5.0836157585234426e-11,5.083512264114669e-11,5.083408792447399e-11,5.0833053433570885e-11,5.083201916919152e-11,5.083098513192334e-11,5.082995132070004e-11,5.082891773559721e-11,5.08278843765724e-11,5.0826851243495256e-11,5.0825818338550384e-11,5.082478565660441e-11,5.082375320087141e-11,5.082272097074093e-11,5.082168896612475e-11,5.0820657186933096e-11,5.081962563311331e-11,5.0818594304503047e-11,5.0817563201104507e-11,5.0816532322739573e-11,5.08155016701345e-11,5.081447124165553e-11,5.081344103797834e-11,5.081241105897514e-11,5.0811381304580405e-11,5.081035177486509e-11,5.080932246947663e-11,5.0808293387903143e-11,5.0807264533105155e-11,5.0806235900553357e-11,5.0805207492025565e-11,5.080417930758697e-11,5.0803151347036845e-11,5.08021236103605e-11,5.08010960973476e-11,5.080006880812298e-11,5.079904174265268e-11,5.079801490036499e-11,5.079698828151955e-11,5.0795961885954687e-11,5.0794935713726735e-11,5.079390976451543e-11,5.079288403832967e-11,5.0791858535504295e-11,5.079083325511132e-11,5.07898081974804e-11,5.07887833623977e-11,5.0787758750000194e-11,5.078673436021702e-11,5.078571019282394e-11,5.0784686247810634e-11,5.078366252472616e-11,5.0782639024192444e-11,5.0781615745678584e-11,5.0780592688934205e-11,5.077956985392442e-11,5.077854724108108e-11,5.0777524850018594e-11,5.077650268059427e-11,5.07754807327063e-11,5.077445900346118e-11,5.0773437498400355e-11,5.0772416214350086e-11,5.077139515221092e-11,5.0770374310708036e-11,5.0769353690093544e-11,5.0768333292672977e-11,5.076731311445404e-11,5.076629315666088e-11,5.076527341961995e-11,5.076425390314799e-11,5.0763234605539364e-11,5.076221552940229e-11,5.07611966740286e-11,5.076017803908022e-11,5.075915962435535e-11,5.0758141429732627e-11,5.075712345506675e-11,5.0756105699936525e-11,5.075508816505619e-11,5.075407084994931e-11,5.075305375446496e-11,5.0752036878531945e-11,5.075102022216854e-11,5.075000378519232e-11,5.0748987567508865e-11,5.0747971569043474e-11,5.074695578919165e-11,5.074594022893131e-11,5.074492488759542e-11,5.0743909765495006e-11,5.074289486198021e-11,5.074188017715162e-11,5.074086571096813e-11,5.0739851463735096e-11,5.0738837434526446e-11,5.0737823623723386e-11,5.0736810031231527e-11,5.073579665632123e-11,5.0734783500165566e-11,5.0733770562001915e-11,5.07327578423171e-11,5.07317453399696e-11,5.073073305545544e-11,5.072972098822195e-11,5.072870913903363e-11,5.072769750737267e-11,5.072668609488564e-11,5.0725674898621894e-11,5.0724663919077836e-11,5.072365315669826e-11,5.0722642611699327e-11,5.0721632283777957e-11,5.072062217250126e-11,5.0719612278093336e-11,5.07186026004555e-11,5.0717593139589934e-11,5.0716583895232534e-11,5.071557487043871e-11,5.0714566059365354e-11,5.0713557464462887e-11,5.071254908501592e-11,5.07115409237865e-11,5.0710532976367776e-11,5.0709525246026516e-11,5.0708517731651445e-11,5.070751043332002e-11,5.070650335044306e-11,5.070549648272615e-11,5.070448982786155e-11,5.070348339204504e-11,5.0702477171419345e-11,5.070147116614798e-11,5.07004653761495e-11,5.069945980097404e-11,5.0698454441280425e-11,5.069744929660868e-11,5.069644436689404e-11,5.06954396520186e-11,5.069443515186841e-11,5.0693430866033755e-11,5.069242679606646e-11,5.069142293975832e-11,5.069041929784957e-11,5.068941587037735e-11,5.06884126571774e-11,5.0687409658269645e-11,5.0686406872541997e-11,5.068540430167208e-11,5.06844019447598e-11,5.06833998016553e-11,5.068239787234715e-11,5.068139615677803e-11,5.0680394654898505e-11,5.067939336611844e-11,5.06783922911523e-11,5.0677391429544435e-11,5.067639078041689e-11,5.067539034500011e-11,5.0674390123138286e-11,5.067339011422044e-11,5.0672390318258304e-11,5.067139073527332e-11,5.067039136751855e-11,5.0669392209917846e-11,5.0668393264208164e-11,5.0667394531871795e-11,5.0666396011993846e-11,5.066539770450485e-11,5.0664399609266345e-11,5.06634017262745e-11,5.0662404054830204e-11,5.066140659595553e-11,5.066040934906449e-11,5.0659412313818985e-11,5.065841549109064e-11,5.0657418879749936e-11,5.065642248090889e-11,5.065542629243591e-11,5.0654430315852286e-11,5.065343455026903e-11,5.065243899651815e-11,5.065144365294721e-11,5.065044852301165e-11,5.064945360269999e-11,5.064845889209882e-11,5.06474643937642e-11,5.064647010621835e-11,5.064547603174851e-11,5.06444821656745e-11,5.06434885096302e-11,5.064249506448427e-11,5.0641501829441794e-11,5.064050880536277e-11,5.063951599141134e-11,5.063852338776685e-11,5.063753099424793e-11,5.063653881077677e-11,5.063554683617733e-11,5.063455507255941e-11,5.063356351871026e-11,5.063257217453103e-11,5.063158104010438e-11,5.0630590115244744e-11,5.062959939979135e-11,5.062860889395846e-11,5.062761859730681e-11,5.0626628508995414e-11,5.062563863075433e-11,5.062464896236264e-11,5.0623659504540845e-11,5.062267025332844e-11,5.062168121097162e-11,5.062069237737909e-11,5.0619703752420254e-11,5.061871533605588e-11,5.061772712974572e-11,5.0616739130268474e-11,5.061575133933466e-11,5.061476375680445e-11,5.061377638237946e-11,5.0612789216089104e-11,5.061180225786794e-11,5.061081550761294e-11,5.06098289652561e-11,5.0608842630690234e-11,5.060785650389397e-11,5.060687058475879e-11,5.060588487321622e-11,5.0604899369213814e-11,5.060391407242381e-11,5.060292898320676e-11,5.060194410091384e-11,5.0600959426153774e-11,5.059997495847722e-11,5.059899069796305e-11,5.059800664431737e-11,5.059702279732352e-11,5.0596039159276754e-11,5.059505572596764e-11,5.059407249919221e-11,5.059308947886794e-11,5.0592106664686943e-11,5.059112405742736e-11,5.059014165678544e-11,5.058915946218145e-11,5.0588177473561454e-11,5.0587195691411064e-11,5.058621411505219e-11,5.058523274456472e-11,5.058425158000834e-11,5.058327062122562e-11,5.058228986814589e-11,5.0581309320692755e-11,5.058032897883636e-11,5.057934884264536e-11,5.057836890845471e-11,5.0577389182801455e-11,5.0576409661823605e-11,5.057543034502404e-11,5.05744512346535e-11,5.0573472329437165e-11,5.057249362917551e-11,5.0571515133705e-11,5.057053684307688e-11,5.056955875717113e-11,5.056858087525102e-11,5.056760319842783e-11,5.056662572711963e-11,5.056564845928493e-11,5.056467139572361e-11,5.0563694536381996e-11,5.056271788115564e-11,5.056174143004632e-11,5.056076518294569e-11,5.05597891396487e-11,5.055881330056016e-11,5.055783766501937e-11,5.055686223256779e-11,5.0555887004300275e-11,5.055491197957889e-11,5.0553937158323766e-11,5.055296254006552e-11,5.0551988125623874e-11,5.055101391434949e-11,5.0550039906265605e-11,5.0549066100774735e-11,5.054809249879251e-11,5.054711909971082e-11,5.0546145903498894e-11,5.05451729100387e-11,5.054420011928942e-11,5.054322753120313e-11,5.0542255145696294e-11,5.05412829626386e-11,5.054031097913589e-11,5.0539339199897223e-11,5.0538367623870677e-11,5.053739624994129e-11,5.0536425077501704e-11,5.053545410786297e-11,5.053448333995725e-11,5.053351277463497e-11,5.0532542411045536e-11,5.053157224851177e-11,5.0530602287746826e-11,5.052963252854256e-11,5.0528662970825304e-11,5.052769361447472e-11,5.052672445952187e-11,5.052575550583436e-11,5.052478675333853e-11,5.052381820191763e-11,5.052284985141715e-11,5.052188170206163e-11,5.0520913753762085e-11,5.051994600718804e-11,5.05189784603438e-11,5.0518011114094986e-11,5.051704396860472e-11,5.051607702379829e-11,5.051511027942863e-11,5.051414373516198e-11,5.051317739108466e-11,5.0512211247451253e-11,5.051124530395167e-11,5.051027956049389e-11,5.050931401695853e-11,5.0508348674390225e-11,5.0507383530681163e-11,5.0506418586677897e-11,5.050545384237717e-11,5.050448929785462e-11,5.050352495270883e-11,5.050256080809133e-11,5.050159686300798e-11,5.0500633116070976e-11,5.0499669568685957e-11,5.0498706220368466e-11,5.0497743071335994e-11,5.0496780121165477e-11,5.0495817369882214e-11,5.0494854817516334e-11,5.049389246393196e-11,5.0492930308883416e-11,5.049196835251138e-11,5.0491006594821795e-11,5.049004503556356e-11,5.04890836745163e-11,5.048812251212031e-11,5.048716154798084e-11,5.0486200781890356e-11,5.048524021411678e-11,5.048427984423846e-11,5.048331967260506e-11,5.048235969918238e-11,5.048139992332174e-11,5.0480440345122317e-11,5.0479480964644905e-11,5.047852178179536e-11,5.0477562796509283e-11,5.0476604008889026e-11,5.047564541849666e-11,5.047468702544676e-11,5.047372882967191e-11,5.0472770831072333e-11,5.047181302960669e-11,5.047085542519114e-11,5.046989801774585e-11,5.046894080721184e-11,5.046798379348596e-11,5.046702697653383e-11,5.046607035626863e-11,5.0465113932593696e-11,5.04641577054758e-11,5.046320167482517e-11,5.046224584054692e-11,5.046129020258932e-11,5.046033476087917e-11,5.0459379515365196e-11,5.045842446593348e-11,5.0457469612532755e-11,5.0456514955090107e-11,5.0455560493533805e-11,5.0454606227791434e-11,5.0453652157790246e-11,5.045269828345859e-11,5.045174460472413e-11,5.0450791121515063e-11,5.044983783375882e-11,5.044888474138396e-11,5.044793184431812e-11,5.0446979142423065e-11,5.0446026635759346e-11,5.044507432418916e-11,5.0444122207640354e-11,5.0443170286041463e-11,5.0442218559197665e-11,5.044126702728318e-11,5.0440315690103334e-11,5.043936454758631e-11,5.043841359966073e-11,5.0437462846254923e-11,5.043651228852074e-11,5.0435561925165506e-11,5.043461175488957e-11,5.0433661780556837e-11,5.043271199910507e-11,5.0431762411208456e-11,5.043081301864098e-11,5.042986382007632e-11,5.0428914815626845e-11,5.0427966003367326e-11,5.04270173848614e-11,5.042606896000723e-11,5.0425120728757385e-11,5.042417269104575e-11,5.0423224847303764e-11,5.042227719641419e-11,5.0421329738831923e-11,5.04203824745173e-11,5.041943540335492e-11,5.041848852528995e-11,5.041754184025438e-11,5.041659534817526e-11,5.041564904898143e-11,5.041470294260628e-11,5.0413757028976946e-11,5.041281130801641e-11,5.041186578033498e-11,5.041092044568836e-11,5.040997530288816e-11,5.0409030351908527e-11,5.040808559326118e-11,5.040714102746062e-11,5.0406196654393696e-11,5.040525247358439e-11,5.040430848351431e-11,5.04033646866192e-11,5.0402421081575024e-11,5.0401477667852154e-11,5.040053444644199e-11,5.0399591415446226e-11,5.0398648576175257e-11,5.0397705928449487e-11,5.039676347220605e-11,5.0395821207359445e-11,5.0394879134326285e-11,5.039393725205635e-11,5.039299556096743e-11,5.039205406108061e-11,5.0391112752287695e-11,5.039017163409477e-11,5.0389230706720615e-11,5.038828997076054e-11,5.0387349425105036e-11,5.038640907048098e-11,5.0385468906577325e-11,5.0384528933883404e-11,5.038358915140818e-11,5.038264955913001e-11,5.038171015709288e-11,5.038077094558946e-11,5.0379831924700894e-11,5.0378893093961254e-11,5.037795445246679e-11,5.03770160012845e-11,5.0376077740229534e-11,5.0375139668858925e-11,5.037420178638057e-11,5.037326409545092e-11,5.037232659352351e-11,5.0371389281868667e-11,5.0370452160578464e-11,5.036951522792482e-11,5.036857848291953e-11,5.036764192935634e-11,5.0366705563876436e-11,5.036576938785079e-11,5.0364833399708993e-11,5.0363897602103096e-11,5.036296199292833e-11,5.0362026572553825e-11,5.036109134137799e-11,5.036015629952151e-11,5.035922144572068e-11,5.035828678068673e-11,5.0357352303453855e-11,5.0356418016160015e-11,5.0355483915949944e-11,5.035455000588744e-11,5.035361628285738e-11,5.035268274879859e-11,5.03517494019777e-11,5.035081624352556e-11,5.034988327321359e-11,5.0348950490346884e-11,5.034801789558502e-11,5.034708548876229e-11,5.034615326950528e-11,5.0345221238169325e-11,5.034428939455275e-11,5.0343357738664025e-11,5.034242626974475e-11,5.0341494988624536e-11,5.034056389495031e-11,5.0339632988588926e-11,5.033870226933547e-11,5.033777173716295e-11,5.0336841391195893e-11,5.033591123187782e-11,5.0334981260754137e-11,5.033405147594293e-11,5.033312187925608e-11,5.0332192467658406e-11,5.0331263243932513e-11,5.0330334206119264e-11,5.0329405354873984e-11,5.032847669034657e-11,5.032754821199186e-11,5.032661991999969e-11,5.032569181424999e-11,5.0324763895005426e-11,5.0323836161895574e-11,5.032290861489787e-11,5.03219812539065e-11,5.0321054078600034e-11,5.032012708939496e-11,5.0319200285994095e-11,5.031827366838682e-11,5.031734723643548e-11,5.0316420990094495e-11,5.0315494929282156e-11,5.031456905369939e-11,5.0313643363867266e-11,5.031271785927256e-11,5.0311792539965854e-11,5.031086740587454e-11,5.03099424569283e-11,5.03090176930364e-11,5.0308093114676775e-11,5.0307168721701435e-11,5.0306244512611615e-11,5.030532048853135e-11,5.0304396649011674e-11,5.030347299417004e-11,5.030254952396488e-11,5.030162623827673e-11,5.030070313649836e-11,5.029978021970493e-11,5.029885748673562e-11,5.029793493808086e-11,5.02970125741198e-11,5.0296090394285315e-11,5.0295168398629465e-11,5.029424658686444e-11,5.029332495909782e-11,5.0292403515214355e-11,5.029148225514512e-11,5.029056117883185e-11,5.028964028634213e-11,5.028871957938073e-11,5.0287799053926965e-11,5.028687871364751e-11,5.0285958555109465e-11,5.028503857979598e-11,5.028411878733721e-11,5.028319917929004e-11,5.028227975365612e-11,5.028136051109531e-11,5.0280441452625026e-11,5.027952257606988e-11,5.027860388258419e-11,5.0277685371775274e-11,5.027676704372451e-11,5.0275848898527397e-11,5.0274930935927935e-11,5.0274013155982315e-11,5.027309555837019e-11,5.027217814272882e-11,5.0271260910153324e-11,5.027034385926737e-11,5.026942699059103e-11,5.026851030390738e-11,5.02675938000881e-11,5.026667747778785e-11,5.0265761337979536e-11,5.0264845380174175e-11,5.026392960206432e-11,5.026301400782803e-11,5.0262098596793686e-11,5.026118336545013e-11,5.02602683157517e-11,5.02593534480696e-11,5.02584387616499e-11,5.025752425677479e-11,5.0256609933296366e-11,5.025569579099484e-11,5.02547818299916e-11,5.025386805024377e-11,5.0252954451531375e-11,5.025204103389103e-11,5.025112779724868e-11,5.0250214741446245e-11,5.024930186644683e-11,5.0248389172209964e-11,5.024747665876159e-11,5.024656432590192e-11,5.0245652173614585e-11,5.024474020183549e-11,5.024382841047916e-11,5.0242916799524626e-11,5.024200536888643e-11,5.024109411850063e-11,5.02401830483034e-11,5.023927215823089e-11,5.023836144821927e-11,5.023745091832818e-11,5.0236540568247023e-11,5.0235630397702115e-11,5.023472040748366e-11,5.023381059688872e-11,5.023290096590434e-11,5.0231991514213296e-11,5.0231082242461315e-11,5.0230173150476717e-11,5.0229264236457106e-11,5.022835550324471e-11,5.022744694968242e-11,5.022653857508194e-11,5.0225630379241975e-11,5.022472236253343e-11,5.0223814524845285e-11,5.0222906866217844e-11,5.022199938641918e-11,5.022109208548553e-11,5.0220184963343206e-11,5.02192780198727e-11,5.021837125446283e-11,5.0217464668436386e-11,5.0216558260795836e-11,5.021565203159735e-11,5.0214745980881316e-11,5.021384010849617e-11,5.021293441450334e-11,5.021202889865061e-11,5.021112356059332e-11,5.0210218401003774e-11,5.020931341944955e-11,5.0208408615868535e-11,5.020750399019889e-11,5.0206599542377786e-11,5.020569527260663e-11,5.0204791180290953e-11,5.020388726560576e-11,5.0202983528905825e-11,5.020207996951405e-11,5.02011765876926e-11,5.0200273383004206e-11,5.0199370356323594e-11,5.01984675064422e-11,5.019756483366756e-11,5.0196662338054173e-11,5.019576001965958e-11,5.019485787841967e-11,5.0193955913917245e-11,5.019305412632766e-11,5.0192152515588686e-11,5.019125108179384e-11,5.019034982453959e-11,5.01894487440855e-11,5.018854784066364e-11,5.0187647113461116e-11,5.0186746562111185e-11,5.01858461879449e-11,5.018494598890447e-11,5.0184045968510175e-11,5.0183146122982656e-11,5.0182246451178336e-11,5.0181346958045946e-11,5.018044764073413e-11,5.017954850051565e-11,5.017864953671614e-11,5.017775074626841e-11,5.0176852132018685e-11,5.017595369324296e-11,5.017505543089307e-11,5.017415734403154e-11,5.0173259432849546e-11,5.0172361697425765e-11,5.0171464136931845e-11,5.017056675201091e-11,5.0169669542247286e-11,5.016877250789528e-11,5.0167875648593586e-11,5.0166978964566885e-11,5.016608245573361e-11,5.016518612190724e-11,5.0164289962588326e-11,5.0163393978472766e-11,5.0162498168919185e-11,5.0161602534893776e-11,5.0160707074900725e-11,5.015981178984179e-11,5.0158916679332055e-11,5.015802174334775e-11,5.015712698226762e-11,5.015623239486836e-11,5.0155337982582725e-11,5.015444374403365e-11,5.015354967962463e-11,5.0152655789389707e-11,5.015176207318811e-11,5.0150868531068545e-11,5.014997516287675e-11,5.0149081968570526e-11,5.014818894816165e-11,5.01472961014894e-11,5.0146403428527845e-11,5.014551092927548e-11,5.0144618603621757e-11,5.014372645147628e-11,5.0142834473204375e-11,5.0141942667967e-11,5.014105103609476e-11,5.0140159577514416e-11,5.0139268292047526e-11,5.0138377179884584e-11,5.0137486240778896e-11,5.0136595474805465e-11,5.013570487944211e-11,5.013481445937173e-11,5.0133924212606784e-11,5.013303413814332e-11,5.0132144236558503e-11,5.013125450800113e-11,5.0130364951689954e-11,5.012947556799656e-11,5.012858635682996e-11
18,1.5322558544156105e-42,4.168886387649175e-42,7.548313588792953e-42,1.1424780919090628e-41,1.5633708978735088e-41,2.0065006868926743e-41,2.4645038786653756e-41,2.9324552755479793e-41,3.407060616058232e-41,3.886116504708567e-41,4.3681491812394057e-41,4.852172908266551e-41,5.337528366757722e-41,5.823774565434499e-41,6.310616543441857e-41,6.797857013642536e-41,7.285364018817214e-41,7.773049298230461e-41,8.260853817919609e-41,8.748738092506877e-41,9.236675711851982e-41,9.72464901130166e-41,1.0212646175702191e-40,1.0700659302380981e-40,1.1188683105570296e-40,1.1676714049835427e-40,1.2164749770471661e-40,1.2652788685825189e-40,1.3140829737991818e-40,1.3628872219388381e-40,1.4116915656734744e-40,1.4604959733477638e-40,1.5093004237884928e-40,1.5581049028340033e-40,1.606909401012146e-40,1.6557139119872737e-40,1.7045184315217856e-40,1.7533229567812655e-40,1.80212748586996e-40,1.850932017519909e-40,1.8997365508830098e-40,1.9485410853917497e-40,1.9973456206669895e-40,2.0461501564548535e-40,2.0949546925853795e-40,2.14375922894567e-40,2.192563765459013e-40,2.241368302074866e-40,2.290172838759487e-40,2.3389773754899985e-40,2.3877819122511998e-40,2.436586449033025e-40,2.4853909858284703e-40,2.5341955226330913e-40,2.583000059443911e-40,2.6318045962588252e-40,2.680609133076422e-40,2.7294136698960054e-40,2.778218206716631e-40,2.827022743538262e-40,2.8758272803603637e-40,2.924631817182936e-40,2.9734363540056042e-40,3.0222408908284883e-40,3.07104542765146e-40,3.119849964474551e-40,3.1686545012976627e-40,3.2174590381207214e-40,3.2662635749439498e-40,3.3150681117671875e-40,3.3638726485904554e-40,3.412677185413501e-40,3.461481722236737e-40,3.5102862590599793e-40,3.559090795883239e-40,3.6078953327063887e-40,3.6566998695295526e-40,3.705504406352795e-40,3.75430894317603e-40,3.803113479999235e-40,3.851918016822505e-40,3.900722553645653e-40,3.949527090468783e-40,3.998331627292088e-40,4.047136164115286e-40,4.095940700938518e-40,4.1447452377617564e-40,4.193549774585002e-40,4.242354311408278e-40,4.291158848231373e-40,4.339963385054706e-40,4.388767921877474e-40,4.43757245870108e-40,4.486376995524301e-40,4.535181532347418e-40,4.583986069170657e-40,4.632790605993897e-40,4.681595142817141e-40,4.730399679640227e-40,4.779204216463662e-40,4.828008753286932e-40,4.876813290110087e-40,4.925617826933394e-40,4.9744223637565305e-40,5.0232269005796715e-40,5.072031437402883e-40,5.120835974226096e-40,5.1696405110492725e-40,5.218445047872528e-40,5.2672495846956795e-40,5.316054121518889e-40,5.364858658342189e-40,5.413663195165473e-40,5.46246773198859e-40,5.511272268811878e-40,5.560076805635102e-40,5.608881342458353e-40,5.657685879281482e-40,5.706490416104619e-40,5.7552949529277475e-40,5.804099489751061e-40,5.852904026574342e-40,5.901708563397592e-40,5.9505131002207024e-40,5.9993176370438394e-40,6.0481221738671045e-40,6.09692671069058e-40,6.145731247513493e-40,6.194535784336783e-40,6.2433403211600904e-40,6.2921448579834036e-40,6.340949394806617e-40,6.38975393162965e-40,6.438558468452896e-40,6.48736300527612e-40,6.536167542099501e-40,6.58497207892261e-40,6.633776615745883e-40,6.682581152568957e-40,6.731385689392224e-40,6.780190226215497e-40,6.82899476303862e-40,6.877799299861736e-40,6.9266038366850025e-40,6.975408373508245e-40,7.02421291033142e-40,7.073017447154544e-40,7.12182198397789e-40,7.170626520801178e-40,7.219431057624325e-40,7.268235594447512e-40,7.317040131270831e-40,7.365844668093903e-40,7.4146492049173e-40,7.463453741740474e-40,7.512258278563815e-40,7.561062815387022e-40,7.609867352210282e-40,7.658671889033394e-40,7.707476425856784e-40,7.756280962680073e-40,7.80508549950314e-40,7.853890036326286e-40,7.902694573149647e-40,7.951499109972965e-40,8.00030364679595e-40,8.049108183619147e-40,8.097912720442384e-40,8.1467172572655e-40,8.195521794088704e-40,8.244326330911951e-40,8.29313086773522e-40,8.341935404558423e-40,8.390739941381731e-40,8.439544478204899e-40,8.488349015027977e-40,8.537153551851356e-40,8.585958088674416e-40,8.634762625497672e-40,8.683567162320597e-40,8.73237169914388e-40,8.781176235967266e-40,8.829980772790404e-40,8.878785309613642e-40,8.927589846436884e-40,8.976394383260143e-40,9.025198920083252e-40,9.074003456906603e-40,9.122807993729655e-40,9.171612530552895e-40,9.220417067376254e-40,9.269221604199286e-40,9.318026141022632e-40,9.366830677845834e-40,9.415635214669371e-40,9.464439751492508e-40,9.513244288315688e-40,9.562048825138591e-40,9.610853361961875e-40,9.659657898785182e-40,9.708462435608283e-40,9.757266972431558e-40,9.806071509255015e-40,9.854876046077943e-40,9.903680582901243e-40,9.95248511972471e-40,1.000128965654748e-39,1.0050094193370837e-39,1.0098898730194178e-39,1.0147703267017246e-39,1.019650780384074e-39,1.0245312340663809e-39,1.0294116877486762e-39,1.0342921414310116e-39,1.0391725951133426e-39,1.0440530487956714e-39,1.0489335024779892e-39,1.0538139561603225e-39,1.0586944098426269e-39,1.0635748635249525e-39,1.0684553172072735e-39,1.0733357708895833e-39,1.0782162245719026e-39,1.0830966782542336e-39,1.08797713193656e-39,1.0928575856189022e-39,1.0977380393011887e-39,1.1026184929835158e-39,1.1074989466658422e-39,1.1123794003481554e-39,1.1172598540304844e-39,1.1221403077128183e-39,1.1270207613951333e-39,1.1319012150774536e-39,1.1367816687597953e-39,1.1416621224420759e-39,1.1465425761243894e-39,1.1514230298067312e-39,1.1563034834890612e-39,1.161183937171376e-39,1.1660643908536878e-39,1.1709448445360015e-39,1.175825298218328e-39,1.1807057519006648e-39,1.185586205582988e-39,1.1904666592653292e-39,1.1953471129476313e-39,1.2002275666299537e-39,1.2051080203122814e-39,1.209988473994604e-39,1.2148689276769184e-39,1.2197493813592199e-39,1.2246298350415615e-39,1.2295102887238856e-39,1.2343907424062385e-39,1.2392711960885244e-39,1.2441516497708458e-39,1.2490321034531814e-39,1.253912557135497e-39,1.2587930108178136e-39,1.2636734645001234e-39,1.2685539181824706e-39,1.2734343718647653e-39,1.2783148255470872e-39,1.2831952792294042e-39,1.288075732911741e-39,1.2929561865940847e-39,1.2978366402763988e-39,1.3027170939587157e-39,1.3075975476410516e-39,1.3124780013233498e-39,1.3173584550056633e-39,1.3222389086879764e-39,1.3271193623703082e-39,1.3319998160526496e-39,1.3368802697349749e-39,1.3417607234172937e-39,1.3466411770996292e-39,1.3515216307819703e-39,1.3564020844642858e-39,1.3612825381465881e-39,1.3661629918289148e-39,1.3710434455112212e-39,1.3759238991935602e-39,1.3808043528758755e-39,1.3856848065582122e-39,1.39056526024053e-39,1.3954457139228669e-39,1.4003261676051825e-39,1.4052066212874752e-39,1.410087074969817e-39,1.4149675286521629e-39,1.4198479823344758e-39,1.4247284360167869e-39,1.429608889699093e-39,1.4344893433813998e-39,1.4393697970637154e-39,1.44425025074606e-39,1.4491307044283635e-39,1.4540111581107205e-39,1.458891611793012e-39,1.4637720654753174e-39,1.4686525191576617e-39,1.4735329728399886e-39,1.4784134265223103e-39,1.4832938802046297e-39,1.4881743338869573e-39,1.4930547875692682e-39,1.4979352412515762e-39,1.5028156949339188e-39,1.5076961486162382e-39,1.5125766022985713e-39,1.5174570559809044e-39,1.5223375096632444e-39,1.5272179633455383e-39,1.5320984170278662e-39,1.5369788707101853e-39,1.5418593243925354e-39,1.5467397780748577e-39,1.5516202317571383e-39,1.5565006854394558e-39,1.561381139121767e-39,1.5662615928041063e-39,1.571142046486445e-39,1.576022500168703e-39,1.580902953851081e-39,1.585783407533357e-39,1.5906638612156903e-39,1.5955443148980087e-39,1.6004247685803304e-39,1.605305222262649e-39,1.6101856759449918e-39,1.61506612962729e-39,1.619946583309612e-39,1.6248270369919395e-39,1.6297074906742642e-39,1.6345879443565663e-39,1.6394683980388932e-39,1.644348851721187e-39,1.649229305403514e-39,1.6541097590858348e-39,1.6589902127681862e-39,1.663870666450497e-39,1.6687511201328557e-39,1.6736315738151695e-39,1.678512027497521e-39,1.683392481179812e-39,1.6882729348621516e-39,1.6931533885444638e-39,1.6980338422267763e-39,1.702914295909074e-39,1.707794749591391e-39,1.712675203273726e-39,1.7175556569560422e-39,1.7224361106383457e-39,1.7273165643206778e-39,1.7321970180030393e-39,1.7370774716853626e-39,1.7419579253676445e-39,1.7468383790499734e-39,1.7517188327322937e-39,1.7565992864146148e-39,1.7614797400969283e-39,1.7663601937792774e-39,1.7712406474615714e-39,1.7761211011439055e-39,1.7810015548262467e-39,1.7858820085085482e-39,1.790762462190842e-39,1.7956429158731436e-39,1.8005233695554914e-39,1.8054038232378134e-39,1.8102842769201563e-39,1.8151647306024966e-39,1.8200451842847782e-39,1.8249256379671423e-39,1.829806091649446e-39,1.8346865453317716e-39,1.839566999014127e-39,1.8444474526964503e-39,1.8493279063787573e-39,1.854208360061024e-39,1.859088813743358e-39,1.8639692674256868e-39,1.868849721108035e-39,1.8737301747903276e-39,1.878610628472679e-39,1.8834910821549788e-39,1.8883715358372838e-39,1.8932519895196032e-39,1.8981324432019083e-39,1.9030128968842606e-39,1.907893350566613e-39,1.912773804248916e-39,1.9176542579312303e-39,1.9225347116135386e-39,1.9274151652958407e-39,1.9322956189782143e-39,1.937176072660542e-39,1.9420565263428485e-39,1.946936980025187e-39,1.9518174337074838e-39,1.9566978873898123e-39,1.9615783410721307e-39,1.966458794754433e-39,1.9713392484367686e-39,1.97621970211908e-39,1.9811001558014465e-39,1.9859806094837e-39,1.9908610631660325e-39,1.9957415168483575e-39,2.000621970530721e-39,2.0055024242130403e-39,2.0103828778953072e-39,2.015263331577666e-39,2.0201437852599956e-39,2.025024238942349e-39,2.0299046926246165e-39,2.034785146306977e-39,2.039665599989234e-39,2.0445460536716044e-39,2.0494265073539137e-39,2.054306961036213e-39,2.059187414718545e-39,2.0640678684008843e-39,2.068948322083192e-39,2.0738287757655146e-39,2.078709229447827e-39,2.083589683130165e-39,2.088470136812468e-39,2.093350590494799e-39,2.098231044177127e-39,2.103111497859472e-39,2.1079919515417466e-39,2.1128724052241208e-39,2.1177528589064242e-39,2.1226333125887276e-39,2.1275137662710382e-39,2.1323942199533854e-39,2.1372746736356542e-39,2.142155127317995e-39,2.147035581000347e-39,2.151916034682647e-39,2.156796488365023e-39,2.1616769420472927e-39,2.166557395729673e-39,2.1714378494119387e-39,2.1763183030942653e-39,2.1811987567765742e-39,2.1860792104589025e-39,2.1909596641412388e-39,2.1958401178235514e-39,2.200720571505897e-39,2.2056010251881768e-39,2.2104814788705334e-39,2.215361932552838e-39,2.2202423862351426e-39,2.225122839917487e-39,2.2300032935998127e-39,2.234883747282166e-39,2.2397642009644407e-39,2.2446446546467765e-39,2.2495251083291073e-39,2.25440556201145e-39,2.2592860156937686e-39,2.2641664693760786e-39,2.2690469230583843e-39,2.2739273767406746e-39,2.2788078304230267e-39,2.2836882841053428e-39,2.288568737787679e-39,2.293449191469977e-39,2.2983296451523298e-39,2.3032100988345986e-39,2.3080905525169532e-39,2.312971006199275e-39,2.3178514598816054e-39,2.322731913563919e-39,2.3276123672462165e-39,2.3324928209285555e-39,2.3373732746108997e-39,2.3422537282932044e-39,2.3471341819755496e-39,2.3520146356578853e-39,2.3568950893402387e-39,2.361775543022495e-39,2.3666559967048168e-39,2.3715364503871515e-39,2.3764169040694638e-39,2.381297357751749e-39,2.386177811434117e-39,2.3910582651164116e-39,2.3959387187987672e-39,2.4008191724810817e-39,2.405699626163381e-39,2.4105800798457326e-39,2.4154605335279972e-39,2.4203409872103182e-39,2.425221440892676e-39,2.4301018945749946e-39,2.434982348257334e-39,2.4398628019396578e-39,2.4447432556219492e-39,2.4496237093042167e-39,2.454504162986594e-39,2.4593846166688777e-39,2.464265070351263e-39,2.469145524033561e-39,2.4740259777158823e-39,2.478906431398193e-39,2.483786885080508e-39,2.4886673387628464e-39,2.4935477924452444e-39,2.4984282461275126e-39,2.503308699809871e-39,2.5081891534921403e-39,2.5130696071744623e-39,2.517950060856783e-39,2.5228305145390715e-39,2.5277109682214e-39,2.5325914219037383e-39,2.5374718755860535e-39,2.5423523292683935e-39,2.54723278295068e-39,2.5521132366330444e-39,2.5569936903153784e-39,2.56187414399767e-39,2.5667545976799657e-39,2.5716350513623018e-39,2.5765155050446225e-39,2.5813959587269745e-39,2.5862764124093344e-39,2.591156866091674e-39,2.5960373197740397e-39,2.600917773456325e-39,2.6057982271386874e-39,2.610678680820931e-39,2.6155591345032655e-39,2.6204395881856214e-39,2.6253200418678945e-39,2.630200495550237e-39,2.6350809492325236e-39,2.639961402914807e-39,2.6448418565971676e-39,2.649722310279459e-39,2.6546027639617973e-39,2.6594832176441672e-39,2.664363671326435e-39,2.6692441250087914e-39,2.67412457869115e-39,2.6790050323733953e-39,2.6838854860557317e-39,2.688765939738034e-39,2.6936463934203467e-39,2.6985268471026755e-39,2.7034073007849656e-39,2.7082877544673646e-39,2.7131682081496478e-39,2.718048661831987e-39,2.7229291155143062e-39,2.727809569196625e-39,2.732690022878966e-39,2.7375704765612396e-39,2.7424509302435633e-39,2.747331383925896e-39,2.752211837608244e-39,2.7570922912905397e-39,2.7619727449728614e-39,2.7668531986551844e-39,2.771733652337538e-39,2.776614106019824e-39,2.7814945597022076e-39,2.786375013384489e-39,2.7912554670668444e-39,2.7961359207491475e-39,2.8010163744313916e-39,2.8058968281137857e-39,2.8107772817960545e-39,2.8156577354784235e-39,2.8205381891607237e-39,2.8254186428430695e-39,2.830299096525345e-39,2.8351795502076503e-39,2.8400600038899756e-39,2.8449404575723328e-39,2.849820911254657e-39,2.8547013649369843e-39,2.859581818619292e-39,2.86446227230157e-39,2.8693427259839364e-39,2.874223179666263e-39,2.8791036333485484e-39,2.8839840870309798e-39,2.8888645407132352e-39,2.8937449943955468e-39,2.8986254480778858e-39,2.9035059017601938e-39,2.908386355442495e-39,2.9132668091247977e-39,2.918147262807142e-39,2.9230277164894694e-39,2.9279081701718055e-39,2.932788623854072e-39,2.937669077536363e-39,2.9425495312187494e-39,2.947429984901087e-39,2.952310438583394e-39,2.9571908922657245e-39,2.962071345948031e-39,2.966951799630379e-39,2.971832253312676e-39,2.976712706995038e-39,2.981593160677343e-39,2.986473614359627e-39,2.991354068041977e-39,2.996234521724272e-39,3.001114975406672e-39,3.0059954290889526e-39,3.0108758827712087e-39,3.015756336453576e-39,3.020636790135868e-39,3.025517243818183e-39,3.030397697500537e-39,3.035278151182854e-39,3.040158604865247e-39,3.045039058547571e-39,3.049919512229831e-39,3.054799965912176e-39,3.059680419594463e-39,3.0645608732767776e-39,3.069441326959144e-39,3.074321780641451e-39,3.079202234323731e-39,3.084082688006106e-39,3.0889631416884654e-39,3.093843595370807e-39,3.0987240490530905e-39,3.10360450273537e-39,3.1084849564177156e-39,3.1133654100999704e-39,3.1182458637823524e-39,3.123126317464697e-39,3.128006771147004e-39,3.1328872248293824e-39,3.1377676785116235e-39,3.1426481321939156e-39,3.147528585876241e-39,3.152409039558583e-39,3.1572894932409305e-39,3.162169946923234e-39,3.16705040060557e-39,3.171930854287819e-39,3.176811307970205e-39,3.1816917616525765e-39,3.186572215334854e-39,3.1914526690171834e-39,3.1963331226995e-39,3.201213576381825e-39,3.206094030064123e-39,3.21097448374646e-39,3.215854937428751e-39,3.220735391111098e-39,3.2256158447934753e-39,3.2304962984757484e-39,3.2353767521581076e-39,3.2402572058403814e-39,3.245137659522642e-39,3.2500181132049445e-39,3.2548985668873474e-39,3.2597790205696675e-39,3.264659474251945e-39,3.269539927934274e-39,3.274420381616609e-39,3.2793008352989653e-39,3.284181288981268e-39,3.289061742663645e-39,3.293942196345948e-39,3.298822650028248e-39,3.3037031037105284e-39,3.308583557392894e-39,3.3134640110751934e-39,3.3183444647575395e-39,3.3232249184398093e-39,3.328105372122192e-39,3.332985825804508e-39,3.3378662794867604e-39,3.3427467331690785e-39,3.3476271868514605e-39,3.352507640533776e-39,3.357388094216087e-39,3.362268547898367e-39,3.367149001580734e-39,3.372029455263044e-39,3.376909908945392e-39,3.381790362627774e-39,3.3866708163100634e-39,3.3915512699924044e-39,3.3964317236747414e-39,3.401312177357007e-39,3.4061926310393535e-39,3.41107308472166e-39,3.4159535384039916e-39,3.420833992086297e-39,3.4257144457686376e-39,3.430594899450858e-39,3.43547535313328e-39,3.440355806815579e-39,3.445236260497977e-39,3.4501167141801616e-39,3.4549971678624895e-39,3.459877621544858e-39,3.4647580752271864e-39,3.4696385289094464e-39,3.474518982591792e-39,3.47939943627415e-39,3.4842798899564464e-39,3.4891603436387364e-39,3.494040797321077e-39,3.498921251003453e-39,3.503801704685761e-39,3.5086821583680056e-39,3.513562612050327e-39,3.51844306573263e-39,3.52332351941499e-39,3.52820397309728e-39,3.5330844267796555e-39,3.537964880461973e-39,3.542845334144305e-39,3.5477257878266085e-39,3.5526062415089227e-39,3.5574866951913426e-39,3.562367148873607e-39,3.56724760255594e-39,3.5721280562383034e-39,3.577008509920644e-39,3.581888963602916e-39,3.5867694172852264e-39,3.5916498709675784e-39,3.5965303246499043e-39,3.601410778332233e-39,3.6062912320145125e-39,3.611171685696808e-39,3.616052139379216e-39,3.620932593061488e-39,3.6258130467437764e-39,3.6306935004260567e-39,3.635573954108374e-39,3.640454407790749e-39,3.6453348614730345e-39,3.650215315155388e-39,3.65509576883774e-39,3.659976222520017e-39,3.6648566762023865e-39,3.669737129884766e-39,3.674617583567022e-39,3.679498037249308e-39,3.684378490931648e-39,3.689258944613996e-39,3.6941393982962044e-39,3.699019851978656e-39,3.7039003056609946e-39,3.708780759343264e-39,3.713661213025622e-39,3.718541666707939e-39,3.723422120390189e-39,3.728302574072626e-39,3.7331830277548523e-39,3.7380634814371946e-39,3.7429439351195244e-39,3.747824388801777e-39,3.7527048424842344e-39,3.7575852961664415e-39,3.762465749848803e-39,3.7673462035311156e-39,3.7722266572134154e-39,3.777107110895723e-39,3.7819875645780184e-39,3.786868018260317e-39,3.7917484719426624e-39,3.796628925625057e-39,3.801509379307375e-39,3.8063898329896806e-39,3.811270286672004e-39,3.8161507403543756e-39,3.8210311940366415e-39,3.825911647718972e-39,3.830792101401286e-39,3.835672555083661e-39,3.8405530087658976e-39,3.845433462448232e-39,3.850313916130462e-39,3.855194369812938e-39,3.8600748234952065e-39,3.864955277177511e-39,3.869835730859784e-39,3.874716184542156e-39,3.879596638224487e-39,3.88447709190683e-39,3.889357545589128e-39,3.8942379992714515e-39,3.899118452953807e-39,3.903998906636147e-39,3.908879360318539e-39,3.9137598140006835e-39,3.918640267683073e-39,3.9235207213653915e-39,3.928401175047675e-39,3.9332816287300544e-39,3.938162082412437e-39,3.9430425360946365e-39,3.94792298977706e-39,3.952803443459332e-39,3.957683897141668e-39,3.96256435082397e-39,3.967444804506248e-39,3.972325258188602e-39,3.977205711870864e-39,3.982086165553258e-39,3.986966619235531e-39,3.991847072917908e-39,3.9967275266002276e-39,4.001607980282541e-39,4.006488433964916e-39,4.0113688876471976e-39,4.0162493413294974e-39,4.021129795011838e-39,4.026010248694258e-39,4.0308907023764556e-39,4.035771156058841e-39,4.040651609741145e-39,4.045532063423528e-39,4.05041251710582e-39,4.055292970788138e-39,4.0601734244706005e-39,4.065053878152848e-39,4.0699343318350566e-39,4.0748147855174e-39,4.0796952391997287e-39,4.084575692882015e-39,4.089456146564269e-39,4.0943366002466745e-39,4.099217053928987e-39,4.104097507611314e-39,4.1089779612936144e-39,4.1138584149758745e-39,4.118738868658179e-39,4.123619322340568e-39,4.1284997760229704e-39,4.133380229705224e-39,4.138260683387542e-39,4.143141137069942e-39,4.148021590752202e-39,4.152902044434464e-39,4.1577824981168366e-39,4.1626629517991364e-39,4.167543405481406e-39,4.17242385916374e-39,4.177304312846107e-39,4.1821847665284056e-39,4.187065220210803e-39,4.191945673893046e-39,4.196826127575446e-39,4.2017065812576414e-39,4.2065870349400705e-39,4.2114674886224036e-39,4.2163479423047745e-39,4.221228395987032e-39,4.226108849669357e-39,4.230989303351662e-39,4.235869757033916e-39,4.240750210716371e-39,4.2456306643986205e-39,4.250511118080975e-39,4.255391571763381e-39,4.260272025445613e-39,4.2651524791278466e-39,4.27003293281021e-39,4.274913386492499e-39,4.279793840174925e-39,4.284674293857206e-39,4.289554747539511e-39,4.294435201221838e-39,4.299315654904159e-39,4.30419610858644e-39,4.309076562268784e-39,4.313957015951124e-39,4.3188374696333797e-39,4.323717923315755e-39,4.328598376998027e-39,4.333478830680353e-39,4.338359284362635e-39,4.343239738044959e-39,4.3481201917272935e-39,4.3530006454096514e-39,4.3578810990919336e-39,4.3627615527742276e-39,4.367642006456665e-39,4.372522460139018e-39,4.3774029138213594e-39,4.382283367503654e-39,4.3871638211859466e-39,4.3920442748682504e-39,4.396924728550561e-39,4.4018051822329414e-39,4.406685635915214e-39,4.411566089597676e-39,4.4164465432799375e-39,4.4213269969622164e-39,4.4262074506446246e-39,4.4310879043269335e-39,4.43596835800921e-39,4.440848811691431e-39,4.445729265373757e-39,4.450609719056115e-39,4.455490172738458e-39,4.460370626420672e-39,4.465251080103108e-39,4.470131533785414e-39,4.475011987467671e-39,4.479892441150072e-39,4.484772894832368e-39,4.489653348514664e-39,4.494533802197059e-39,4.499414255879323e-39,4.504294709561708e-39,4.5091751632439194e-39,4.514055616926258e-39,4.5189360706085445e-39,4.5238165242909534e-39,4.5286969779732336e-39,4.533577431655597e-39,4.538457885337892e-39,4.5433383390202466e-39,4.54821879270259e-39,4.553099246384988e-39,4.5579797000672094e-39,4.56286015374958e-39,4.5677406074319363e-39,4.572621061114203e-39,4.577501514796436e-39,4.5823819684788646e-39,4.587262422161214e-39,4.592142875843452e-39,4.5970233295258273e-39,4.6019037832081474e-39,4.606784236890362e-39,4.6116646905726525e-39,4.61654514425506e-39,4.6214255979373754e-39,4.6263060516196785e-39,4.631186505302035e-39,4.636066958984369e-39,4.6409474126665976e-39,4.645827866349038e-39,4.6507083200313506e-39,4.655588773713616e-39,4.6604692273959725e-39,4.6653496810782645e-39,4.670230134760659e-39,4.675110588442907e-39,4.679991042125376e-39,4.6848714958076354e-39,4.6897519494899627e-39,4.694632403172277e-39,4.699512856854602e-39,4.7043933105369085e-39,4.7092737642192064e-39,4.71415421790143e-39,4.7190346715838204e-39,4.7239151252661476e-39,4.728795578948479e-39,4.733676032630814e-39,4.738556486313055e-39,4.7434369399954585e-39,4.748317393677759e-39,4.753197847360097e-39,4.7580783010423835e-39,4.762958754724689e-39,4.767839208407008e-39,4.772719662089397e-39,4.777600115771657e-39,4.782480569453954e-39,4.78736102313631e-39,4.7922414768186526e-39,4.797121930500878e-39,4.80200238418327e-39,4.806882837865545e-39,4.811763291547891e-39,4.816643745230217e-39,4.821524198912513e-39,4.8264046525948304e-39,4.83128510627723e-39,4.836165559959462e-39,4.841046013641858e-39,4.8459264673241746e-39,4.85080692100652e-39,4.8556873746887383e-39,4.860567828371099e-39,4.865448282053547e-39,4.870328735735795e-39,1.1497014491424384e-15,1.3017439796625811e-15,1.4125345055305343e-15,1.5326300991158001e-15,1.666226623706844e-15,1.8154167802065605e-15,1.9825151181831218e-15,2.1702460306528073e-15,2.3818393038749887e-15,2.621142488833423e-15,2.892761942735287e-15,3.202241487801379e-15,3.556290326183726e-15,3.9630759287274905e-15,4.43260333985564e-15,4.977210443855567e-15,5.612220309621241e-15,6.356808465595266e-15,7.235167448528915e-15,8.278087274953547e-15,9.525125085579707e-15,1.1027620551284244e-14,1.2852942900504204e-14,1.5090559560022336e-14,1.7860844716329593e-14,2.1328085372102956e-14,2.5720047989364922e-14,3.1358027256006436e-14,3.870405350971591e-14,4.843695248629516e-14,6.157839302573718e-14,7.970849186234326e-14,1.0534804376543754e-13,1.4266436034059461e-13,1.988372637717445e-13,2.8685051354680956e-13,4.315722406209446e-13,6.840430614395386e-13,1.1582584277497332e-12,2.1370004908210794e-12,4.421080536008395e-12,1.0693719539543811e-11,3.2026786174702294e-11,1.2555836255090087e-10,6.251405347989129e-10,3.1867683614530775e-09,1.2903274702192635e-08,3.793763647375013e-08,8.393068173718301e-08,1.4932767291717053e-07,2.2641674859127026e-07,3.0530923061128524e-07,3.771880895589383e-07,4.3575943448433565e-07,4.773782962255854e-07,5.005515588990491e-07,5.052975941919191e-07,4.926143311613965e-07,4.64194031529075e-07,4.2250114310617695e-07,3.712233999397086e-07,3.155809630930611e-07,2.6145081657515586e-07,2.1342595104519175e-07,1.7362522145866927e-07,1.4205679586876218e-07,1.1762740216853776e-07,9.893596847228242e-08,8.467355609640389e-08,7.375896983169829e-08,6.534872636482373e-08,5.8799569289933285e-08,5.3601895828952885e-08,8.245851638955055e-08,1.0001309609868e-07,1.1006220664970981e-07,1.1674045056274549e-07,1.2188152245068092e-07,1.2623487279260637e-07,1.3010646921663447e-07,1.336293107227962e-07,1.3686946022905535e-07,1.3986611151313806e-07,1.426465816171742e-07,1.452320611407235e-07,1.4763999192863362e-07,1.4988519035108732e-07,1.519804735610129e-07,1.5393706409686735e-07,1.5576487879526756e-07,1.5747274746291182e-07,1.5906858394523067e-07,1.605595226998299e-07,1.619520293885858e-07,1.632519914340437e-07,1.644647928736959e-07,1.6559537675412347e-07,1.6664829753424307e-07,1.6762776540392383e-07,1.685376840064346e-07,1.6938168273867497e-07,1.7016314456320029e-07,1.7088523008140513e-07,1.7155089847353538e-07,1.7216292579848695e-07,1.7272392105719043e-07,1.7323634035239365e-07,1.737024994205864e-07,1.7412458476585562e-07,1.7450466358799556e-07,1.7484469266669582e-07,1.7514652633841357e-07,1.7541192368190006e-07,1.7564255501114998e-07,1.7584000776008104e-07,1.760057918314032e-07,1.7614134447191326e-07,1.76248034728138e-07,1.76327167528752e-07,1.763799874344237e-07,1.7640768209022284e-07,1.7641138541149056e-07,1.7639218053011962e-07,1.7635110252497915e-07,1.762891409573145e-07,1.7620724222958086e-07,1.7610631178400072e-07,1.7598721615527402e-07,1.758507848903742e-07,1.7569781234670715e-07,1.7552905937908108e-07,1.7534525492442077e-07,1.7514709749255763e-07,1.7493525657046533e-07,1.7471037394644419e-07,1.7447306496044422e-07,1.7422391968576757e-07,1.7396350404718202e-07,1.7369236087981222e-07,1.7341101093291716e-07,1.7311995382224304e-07,1.7281966893428628e-07,1.7251061628560833e-07,1.7219323733997888e-07,1.7186795578601874e-07,1.7153517827761284e-07,1.7119529513945223e-07,1.708486810396044e-07,1.7049569563105977e-07,1.701366841639838e-07,1.6977197807029618e-07,1.694018955220754e-07,1.6902674196515305e-07,1.6864681062928032e-07,1.6826238301599933e-07,1.6787372936540452e-07,1.6748110910283376e-07,1.670847712665119e-07,1.6668495491705627e-07,1.6628188952971617e-07,1.6587579537022068e-07,1.6546688385496327e-07,1.650553578962619e-07,1.646414122334229e-07,1.6422523375020046e-07,1.638070017793547e-07,1.6338688839478853e-07,1.629650586919134e-07,1.6254167105669e-07,1.621168774238961e-07,1.6169082352507372e-07,1.6126364912658598e-07,1.6083548825824533e-07,1.6040646943285593e-07,1.5997671585716267e-07,1.5954634563445266e-07,1.5911547195920972e-07,1.5868420330421862e-07,1.5825264360029062e-07,1.5782089240906318e-07,1.573890450890644e-07,1.5695719295534422e-07,1.565254234329616e-07,1.5609382020453943e-07,1.5566246335216318e-07,1.5523142949379463e-07,1.548007919145197e-07,1.5437062069271982e-07,1.5394098282147519e-07,1.5351194232531707e-07,1.530835603725531e-07,1.526558953833249e-07,1.522290031335739e-07,1.518029368550622e-07,1.5137774733164318e-07,1.5095348299187118e-07,1.505301899981445e-07,1.5010791233247288e-07,1.4968669187906702e-07,1.4926656850377846e-07,1.488475801306044e-07,1.4842976281530804e-07,1.480131508163091e-07,1.4759777666288873e-07,1.4718367122093467e-07,1.467708637561492e-07,1.4635938199494422e-07,1.4594925218309392e-07,1.4554049914218544e-07,1.4513314632398932e-07,1.4472721586280503e-07,1.4432272862590378e-07,1.4391970426205383e-07,1.4351816124830832e-07,1.43118116935033e-07,1.427195875892962e-07,1.4232258843664007e-07,1.4192713370133206e-07,1.4153323664514072e-07,1.4114090960467199e-07,1.4075016402732915e-07,1.4036101050599634e-07,1.3997345881239623e-07,1.395875179292682e-07,1.3920319608134116e-07,1.3882050076519332e-07,1.3843943877799922e-07,1.380600162452626e-07,1.3768223864748955e-07,1.3730611084591407e-07,1.369316371072964e-07,1.3655882112778335e-07,1.36187666055932e-07,1.358181745148726e-07,1.3545034862367267e-07,1.3508419001791607e-07,1.3471969986954721e-07,1.343568789059791e-07,1.3399572742849445e-07,1.3363624533001233e-07,1.3327843211217304e-07,1.3292228690182082e-07,1.325678084668781e-07,1.3221499523164258e-07,1.3186384529152986e-07,1.3151435642726877e-07,1.3116652611860526e-07,1.3082035155747498e-07,1.3047582966070854e-07,1.301329570822878e-07,1.2979173022513392e-07,1.2945214525246067e-07,1.2911419809875256e-07,1.287778844802842e-07,1.2844319990530433e-07,1.2811013968383326e-07,1.2777869893705845e-07,1.2744887260646895e-07,1.271206554625845e-07,1.2679404231966482e-07,1.264690272553354e-07,1.261456047190234e-07,1.2582376889849463e-07,1.255035138351116e-07,1.2518483344169237e-07,1.2486772151189983e-07,1.2455217172749087e-07,1.24238177664757e-07,1.2392573280061618e-07,1.2361483051839052e-07,1.2330546411340646e-07,1.2299762679833013e-07,1.2269131170834458e-07,1.2238651190610137e-07,1.2208322038649613e-07,1.2178143008128175e-07,1.2148113386346738e-07,1.2118232455159965e-07,1.2088499491383096e-07,1.2058913767186965e-07,1.2029474550476695e-07,1.2000181105254454e-07,1.1971032691971388e-07,1.1942028567862866e-07,1.1913167987271944e-07,1.1884450201960473e-07,1.1855874461408203e-07,1.1827440013098678e-07,1.1799146102796015e-07,1.1770991974809419e-07,1.1742976872246888e-07,1.1715100037258354e-07,1.168736071127437e-07,1.1659758135224594e-07,1.1632291549757955e-07,1.1604960195448209e-07,1.1577763312992425e-07,1.1550700143400293e-07,1.1523769928178198e-07,1.149697190950235e-07,1.1470305330387245e-07,1.1443769434844432e-07,1.1417363468037895e-07,1.139108667642901e-07,1.1364938307918625e-07,1.1338917611979154e-07,1.1313023839785323e-07,1.1287256244335264e-07,1.1261614080567856e-07,1.1236096605475129e-07,1.1210703078208748e-07,1.1185432760180636e-07,1.116028491516196e-07,1.1135258809373713e-07,1.1110353711575325e-07,1.1085568893149008e-07,1.1060903628177583e-07,1.1036357193521616e-07,1.1011928868890405e-07,1.0987617936910441e-07,1.0963423683189239e-07,1.0939345396376795e-07,1.0915382368223216e-07,1.0891533893633334e-07,1.0867799270718116e-07,1.0844177800843244e-07,1.0820668788674307e-07,1.0797271542220119e-07,1.0773985372873276e-07,1.0750809595447026e-07,1.072774352821107e-07,1.0704786492924696e-07,1.0681937814866257e-07,1.0659196822862442e-07,1.063656284931545e-07,1.0614035230224366e-07,1.0591613305211242e-07,1.0569296417538088e-07,1.0547083914127451e-07,1.0524975145578757e-07,1.0502969466183475e-07,1.0481066233938619e-07,1.0459264810559414e-07,1.0437564561488519e-07,1.0415964855905815e-07,1.0394465066736471e-07,1.0373064570656561e-07,1.0351762748099378e-07,1.0330558983257966e-07,1.0309452664088507e-07,1.028844318231146e-07,1.0267529933413616e-07,1.0246712316644996e-07,1.0225989735019226e-07,1.0205361595310653e-07,1.0184827308051154e-07,1.0164386287524739e-07,1.0144037951764327e-07,1.0123781722543652e-07,1.0103617025372251e-07,1.0083543289487641e-07,1.0063559947846826e-07,1.0043666437117308e-07,1.0023862197668656e-07,1.0004146673561372e-07,9.984519312536703e-08,9.964979566005652e-08,9.94552688903671e-08,9.926160740343712e-08,9.906880582273436e-08,9.887685880791945e-08,9.868576105471353e-08,9.84955072947546e-08,9.830609229545048e-08,9.811751085983626e-08,9.79297578264149e-08,9.77428280690158e-08,9.755671649661185e-08,9.737141805317992e-08,9.718692771752539e-08,9.700324050311754e-08,9.682035145792322e-08,9.663825566421847e-08,9.64569482384346e-08,9.62764243309711e-08,9.609667912601431e-08,9.591770784136309e-08,9.573950572824211e-08,9.556206807111931e-08,9.538539018751747e-08,9.520946742783358e-08,9.503429517514526e-08,9.485986884501758e-08,9.468618388532587e-08,9.451323577604903e-08,9.43410200290883e-08,9.416953218806539e-08,9.399876782813725e-08,9.382872255579349e-08,9.36593920086661e-08,9.349077185533266e-08,9.332285779511878e-08,9.315564555790841e-08,9.298913090393325e-08,9.282330962358847e-08,9.265817753723671e-08,9.249373049499925e-08,9.232996437656926e-08,9.21668750910084e-08,9.200445857656319e-08,9.184271080044504e-08,9.168162775865521e-08,9.152120547577346e-08,9.136144000477784e-08,9.120232742682985e-08,9.104386385109756e-08,9.08860454145475e-08,9.072886828175539e-08,9.057232864471133e-08,9.041642272262709e-08,9.026114676174313e-08,9.010649703513342e-08,8.995246984251932e-08,8.979906151007631e-08,8.96462683902336e-08,8.949408686150521e-08,8.934251332828224e-08,8.919154422065081e-08,8.904117599420739e-08,8.889140512987117e-08,8.874222813369253e-08,8.85936415366766e-08,8.844564189459609e-08,8.829822578779923e-08,8.815138982104136e-08,8.800513062329402e-08,8.785944484756624e-08,8.77143291707326e-08,8.756978029333556e-08,8.742579493942955e-08,8.728236985638861e-08,8.713950181473771e-08,8.699718760797591e-08,8.68554240524024e-08,8.671420798694389e-08,8.657353627298171e-08,8.643340579418522e-08,8.629381345633625e-08,8.615475618715621e-08,8.601623093615688e-08,8.587823467445166e-08,8.574076439460554e-08,8.560381711045747e-08,8.546738985697103e-08,8.53314796900604e-08,8.519608368643346e-08,8.506119894343655e-08,8.4926822578877e-08,8.479295173088961e-08,8.465958355776016e-08,8.452671523778184e-08,8.439434396908915e-08,8.426246696951056e-08,8.413108147641525e-08,8.400018474656064e-08,8.386977405594274e-08,8.373984669963986e-08,8.361039999167275e-08,8.348143126485411e-08,8.335293787063866e-08,8.322491717897983e-08,8.309736657818903e-08,8.297028347478547e-08,8.28436652933559e-08,8.271750947642413e-08,8.259181348429073e-08,8.24665747949078e-08,8.234179090374175e-08,8.221745932362548e-08,8.209357758463517e-08,8.197014323394537e-08,8.184715383569981e-08,8.172460697087798e-08,8.16025002371635e-08,8.148083124880629e-08,8.135959763650737e-08,8.123879704727333e-08,8.111842714430583e-08,8.099848560685421e-08,8.087897013010628e-08,8.075987842505995e-08,8.064120821839362e-08,8.052295725234548e-08,8.040512328459604e-08,8.028770408814316e-08,8.017069745118055e-08,8.005410117698227e-08,7.993791308378272e-08,7.982213100465779e-08,7.970675278741443e-08,7.959177629446775e-08,7.947719940273236e-08,7.936302000350422e-08,7.924923600235324e-08,7.913584531900982e-08,7.902284588724774e-08,7.891023565478667e-08,7.879801258317195e-08,7.868617464767124e-08,7.857471983716631e-08,7.846364615405502e-08,7.835295161412354e-08,7.824263424647086e-08,7.813269209338203e-08,7.802312321023794e-08,7.791392566540813e-08,7.780509754015042e-08,7.769663692850837e-08,7.758854193721785e-08,7.748081068560476e-08,7.737344130548522e-08,7.726643194107162e-08,7.715978074887425e-08,7.705348589760578e-08,7.694754556809095e-08,7.684195795316424e-08,7.673672125758522e-08,7.663183369794351e-08,7.652729350256188e-08,7.642309891141385e-08,7.631924817602808e-08,7.621573955940215e-08,7.611257133590961e-08,7.600974179121893e-08,7.590724922219805e-08,7.580509193683863e-08,7.570326825415855e-08,7.56017765041227e-08,7.550061502756323e-08,7.539978217609353e-08,7.529927631201078e-08,7.519909580824176e-08,7.50992390482379e-08,7.499970442590674e-08,7.490049034552248e-08,7.480159522165742e-08,7.470301747909425e-08,7.460475555275981e-08,7.450680788762514e-08,7.440917293865582e-08,7.431184917071911e-08,7.421483505851062e-08,7.41181290864838e-08,7.40217297487703e-08,7.392563554911253e-08,7.382984500078687e-08,7.373435662653199e-08,7.363916895847342e-08,7.354428053806063e-08,7.344968991599191e-08,7.335539565213969e-08,7.326139631549014e-08,7.316769048406781e-08,7.307427674487309e-08,7.298115369380466e-08,7.288831993560816e-08,7.27957740837903e-08,7.270351476057011e-08,7.261154059680386e-08,7.251985023192326e-08,7.242844231386813e-08,7.233731549903291e-08,7.224646845218473e-08,7.215589984642109e-08,7.206560836309387e-08,7.197559269174997e-08,7.188585153007767e-08,7.179638358383787e-08,7.170718756680443e-08,7.161826220070886e-08,7.152960621518224e-08,7.14412183476874e-08,7.135309734347137e-08,7.126524195550184e-08,7.117765094440794e-08,7.109032307843341e-08,7.100325713336848e-08,7.091645189250498e-08,7.08299061465678e-08,7.074361869367643e-08,7.06575883392735e-08,7.057181389608616e-08,7.048629418406324e-08,7.040102803032578e-08,7.031601426910901e-08,7.02312517417218e-08,7.01467392964809e-08,7.006247578867214e-08,6.997846008049199e-08,6.989469104099748e-08,6.981116754605665e-08,6.97278884783063e-08,6.96448527270906e-08,6.956205918841812e-08,6.94795067649197e-08,6.939719436578662e-08,6.93151209067364e-08,6.923328530995672e-08,6.9151686504063e-08,6.907032342405064e-08,6.898919501124906e-08,6.89083002132755e-08,6.882763798399037e-08,6.874720728345359e-08,6.866700707787816e-08,6.858703633958438e-08,6.850729404696102e-08,6.842777918441691e-08,6.834849074234218e-08,6.826942771706131e-08,6.819058911079334e-08,6.811197393160948e-08,6.803358119339008e-08,6.79554099157842e-08,6.787745912417023e-08,6.779972784961179e-08,6.772221512882101e-08,6.764492000411534e-08,6.756784152337715e-08,6.749097874002158e-08,6.74143307129466e-08,6.733789650650407e-08,6.726167519045254e-08,6.718566583993067e-08,6.710986753540417e-08,6.703427936264368e-08,6.69589004126745e-08,6.688372978174904e-08,6.680876657130974e-08,6.67340098879401e-08,6.665945884334783e-08,6.658511255431564e-08,6.651097014266998e-08,6.643703073524469e-08,6.636329346385163e-08,6.628975746523377e-08,6.621642188104532e-08,6.614328585781048e-08,6.607034854688546e-08,6.599760910443526e-08,6.592506669139161e-08,6.58527204734228e-08,6.578056962090381e-08,6.570861330888262e-08,6.563685071704107e-08,6.556528102967517e-08,6.549390343565378e-08,6.542271712839347e-08,6.535172130581681e-08,6.528091517033958e-08,6.521029792882179e-08,6.51398687925446e-08,6.506962697718964e-08,6.499957170278843e-08,6.492970219370952e-08,6.48600176786264e-08,6.479051739047915e-08,6.472120056645466e-08,6.465206644795894e-08,6.458311428057659e-08,6.451434331405636e-08,6.444575280227429e-08,6.437734200320954e-08,6.43091101789169e-08,6.424105659549466e-08,6.417318052306618e-08,6.410548123574215e-08,6.40379580116033e-08,6.397061013266615e-08,6.390343688486422e-08,6.383643755801333e-08,6.3769611445793e-08,6.370295784571708e-08,6.36364760591074e-08,6.357016539107298e-08,6.350402515047798e-08,6.343805464992058e-08,6.337225320571186e-08,6.33066201378428e-08,6.324115476996574e-08,6.317585642936861e-08,6.311072444695298e-08,6.304575815720364e-08,6.29809568981739e-08,6.29163200114558e-08,6.285184684215908e-08,6.278753673888558e-08,6.272338905371218e-08,6.265940314215968e-08,6.259557836317941e-08,6.253191407911956e-08,6.246840965571806e-08,6.240506446206391e-08,6.234187787058779e-08,6.227884925703403e-08,6.221597800044063e-08,6.215326348311676e-08,6.209070509062683e-08,6.202830221175899e-08,6.196605423851655e-08,6.190396056608568e-08,6.184202059282328e-08,6.178023372023354e-08,6.171859935294648e-08,6.165711689869646e-08,6.159578576830638e-08,6.153460537566791e-08,6.147357513772016e-08,6.14126944744229e-08,6.135196280874943e-08,6.129137956666339e-08,6.123094417709283e-08,6.117065607192154e-08,6.111051468596044e-08,6.105051945693657e-08,6.099066982547172e-08,6.093096523506351e-08,6.087140513206468e-08,6.081198896567273e-08,6.075271618790178e-08,6.069358625357514e-08,6.063459862029501e-08,6.057575274843993e-08,6.051704810113478e-08,6.045848414423901e-08,6.040006034632879e-08,6.034177617867871e-08,6.028363111524742e-08,6.02256246326576e-08,6.016775621018264e-08,6.011002532972647e-08,6.005243147580567e-08,5.999497413554478e-08,5.993765279864512e-08,5.988046695737527e-08,5.982341610655503e-08,5.976649974354204e-08,5.970971736821041e-08,5.965306848294029e-08,5.959655259259919e-08,5.954016920452575e-08,5.9483917828516815e-08,5.9427797976815977e-08,5.937180916408777e-08,5.9315950907410955e-08,5.9260222726263136e-08,5.920462414250333e-08,5.914915468036026e-08,5.909381386641339e-08,5.9038601229583356e-08,5.898351630111423e-08,5.892855861456093e-08,5.887372770577359e-08,5.88190231128876e-08,5.8764444376303306e-08,5.87099910386764e-08,5.865566264490422e-08,5.8601458742112866e-08,5.8547378879638114e-08,5.849342260901798e-08,5.843958948397886e-08,5.8385879060420066e-08,5.833229089639646e-08,5.827882455211625e-08,5.8225479589921606e-08,5.817225557427456e-08,5.811915207174412e-08,5.80661686510003e-08,5.801330488279165e-08,5.796056033994154e-08,5.790793459732974e-08,5.785542723188359e-08,5.7803037822562424e-08,5.775076595034997e-08,5.7698611198237544e-08,5.764657315121463e-08,5.759465139626002e-08,5.754284552232184e-08,5.749115512031395e-08,5.743957978309741e-08,5.7388119105475744e-08,5.733677268417958e-08,5.72855401178534e-08,5.72344210070483e-08,5.718341495421076e-08,5.713252156366765e-08,5.7081740441616295e-08,5.703107119611672e-08,5.698051343707762e-08,5.693006677624285e-08,5.687973082719065e-08,5.682950520531093e-08,5.677938952780375e-08,5.67293834136607e-08,5.6679486483663956e-08,5.6629698360366264e-08,5.658001866808727e-08,5.653044703289958e-08,5.648098308262017e-08,5.643162644680116e-08,5.638237675671951e-08,5.6333233645361943e-08,5.628419674742241e-08,5.623526569928946e-08,5.618644013903362e-08,5.613771970640263e-08,5.608910404280748e-08,5.604059279131331e-08,5.599218559663548e-08,5.5943882105120286e-08,5.589568196474347e-08,5.584758482510274e-08,5.579959033739462e-08,5.5751698154424156e-08,5.570390793058163e-08,5.5656219321837864e-08,5.560863198573914e-08,5.556114558138996e-08,5.5513759769453295e-08,5.5466474212134876e-08,5.541928857317739e-08,5.537220251785198e-08,5.5325215712946765e-08,5.5278327826763074e-08,5.5231538529104225e-08,5.518484749126161e-08,5.513825438601897e-08,5.509175888763222e-08,5.504536067182724e-08,5.499905941578776e-08,5.495285479815299e-08,5.490674649900218e-08,5.486073419985158e-08,5.4814817583647446e-08,5.476899633475297e-08,5.472327013894094e-08,5.4677638683390184e-08,5.4632101656679417e-08,5.458665874876658e-08,5.4541309650997906e-08,5.4496054056088614e-08,5.44508916581196e-08,5.440582215252939e-08,5.436084523610614e-08,5.431596060698006e-08,5.4271167964618756e-08,5.422646700981502e-08,5.418185744468222e-08,5.4137338972649474e-08,5.4092911298445555e-08,5.404857412810664e-08,5.400432716895311e-08,5.396017012959251e-08,5.3916102719911186e-08,5.3872124651060606e-08,5.382823563546322e-08,5.378443538679219e-08,5.3740723619971504e-08,5.369710005116755e-08,5.365356439778855e-08,5.3610116378462095e-08,5.3566755713046705e-08,5.3523482122611504e-08,5.348029532943602e-08,5.343719505700586e-08,5.3394181029999084e-08,5.3351252974287213e-08,5.3308410616920666e-08,5.326565368612975e-08,5.322298191131523e-08,5.318039502304066e-08,5.313789275302905e-08,5.3095474834154015e-08,5.305314100043748e-08,5.301089098703793e-08,5.296872453024765e-08,5.2926641367486306e-08,5.288464123729525e-08,5.284272387933124e-08,5.280088903435993e-08,5.2759136444250675e-08,5.2717465851968325e-08,5.267587700157387e-08,5.263436963820907e-08,5.259294350809927e-08,5.255159835854173e-08,5.251033393790361e-08,5.246914999561605e-08,5.242804628216446e-08,5.238702254909009e-08,5.2346078548976085e-08,5.2305214035449434e-08,5.226442876317001e-08,5.222372248782905e-08,5.218309496614144e-08,5.214254595584263e-08,5.210207521567768e-08,5.2061682505405235e-08,5.202136758578059e-08,5.1981130218563606e-08,5.194097016650134e-08,5.1900887193331495e-08,5.186088106377046e-08,5.182095154351622e-08,5.178109839923446e-08,5.1741321398561586e-08,5.1701620310090755e-08,5.1661994903376786e-08,5.162244494892691e-08,5.158297021819147e-08,5.1543570483563245e-08,5.1504245518375056e-08,5.146499509689175e-08,5.1425818994302895e-08,5.138671698672357e-08,5.134768885118463e-08,5.130873436563518e-08,5.126985330892581e-08,5.1231045460814804e-08,5.119231060196125e-08,5.115364851391597e-08,5.1115058979121743e-08,5.107654178090726e-08,5.103809670347916e-08,5.0999723531923537e-08,5.096142205219826e-08,5.092319205112745e-08,5.088503331640172e-08,5.0846945636566705e-08,5.080892880102201e-08,5.0770982600023376e-08,5.0733106824664093e-08,5.069530126688763e-08,5.065756571946628e-08,5.0619899976011584e-08,5.058230383096173e-08,5.054477707957881e-08,5.0507319517947435e-08,5.0469930942965946e-08,5.043261115234736e-08,5.039535994461262e-08,5.0358177119084237e-08,5.032106247588706e-08,5.0284015815944486e-08,5.0247036940965445e-08,5.0210125653452674e-08,5.0173281756691314e-08,5.0136505054747483e-08,5.0099795352459465e-08,5.006315245544599e-08,5.002657617008687e-08,4.999006630353237e-08,4.995362266368995e-08,4.9917245059226044e-08,4.988093329956084e-08,4.984468719486594e-08,4.9808506556053195e-08,4.977239119478444e-08,4.973634092345391e-08,4.970035555519608e-08,4.966443490387339e-08,4.962857878407715e-08,4.959278701112408e-08,4.9557059401048204e-08,4.952139577060833e-08,4.948579593726781e-08,4.9450259719205275e-08,4.941478693530616e-08,4.9379377405157577e-08,4.934403094904762e-08,4.930874738796026e-08,4.927352654357142e-08,4.923836823824896e-08,4.920327229504537e-08,4.916823853769647e-08,4.9133266790620526e-08,4.909835687890644e-08,4.906350862832238e-08,4.9028721865298844e-08,4.899399641694134e-08,4.895933211101315e-08,4.892472877593833e-08,4.889018624080174e-08,4.8855704335337574e-08,4.8821282889932123e-08,4.878692173561898e-08,4.875262070407792e-08,4.871837962762753e-08,4.868419833922697e-08,4.8650076672468794e-08,4.861605317911055e-08,4.8582045468214874e-08,4.8548099148151496e-08,4.851421298374519e-08,4.848038617816247e-08,4.844661827518813e-08,4.841290897563257e-08,4.837925805196909e-08,4.8345665311758984e-08,4.831213057975801e-08,4.827865368912743e-08,4.8245234477414095e-08,4.821187278456022e-08,4.8178568451860034e-08,4.8145321321722005e-08,4.811213123673275e-08,4.8078998041280994e-08,4.804592157983076e-08,4.8012901697442686e-08,4.79799382397684e-08,4.794703105304357e-08,4.7914179984070976e-08,4.788138488199102e-08,4.784864559297106e-08,4.7815961965524585e-08,4.7783333849732106e-08,4.7750761094298896e-08,4.771824354929826e-08,4.7685781065638556e-08,4.765337349424374e-08,4.7621020687299567e-08,4.7588722497273344e-08,4.7556478776759315e-08,4.7524289379475484e-08,4.749215415931579e-08,4.7460072971122645e-08,4.742804566962045e-08,4.739607211047986e-08,4.736415215002557e-08,4.733228564499058e-08,4.7300472451973305e-08,4.726871242938515e-08,4.723700543528398e-08,4.7205351327586724e-08,4.717374995007058e-08,4.714220119205917e-08,4.7110704895466744e-08,4.707926092726904e-08,4.7047869148653065e-08,4.701652942226028e-08,4.698524160849504e-08,4.695400557356386e-08,4.692282116868011e-08,4.6891688271801604e-08,4.68606067402252e-08,4.6829576441125707e-08,4.6798597242308646e-08,4.6767669002745395e-08,4.6736791591891066e-08,4.6705964876633887e-08,4.667518872777248e-08,4.664446300538389e-08,4.661378758067857e-08,4.6583162321654e-08,4.655258709815401e-08,4.652206178060835e-08,4.649158623967229e-08,4.6461160344278354e-08,4.64307839658674e-08,4.640045697640856e-08,4.637017924710335e-08,4.633995065022579e-08,4.630977105852948e-08,4.627964034520802e-08,4.62495583836396e-08,4.621952504818488e-08,4.6189540213378436e-08,4.615960375420439e-08,4.612971554607523e-08,4.6099875464851786e-08,4.607008338629974e-08,4.6040339187682423e-08,4.601064274419789e-08,4.598099393529536e-08,4.595139263904789e-08,4.592183873392872e-08,4.589233209872362e-08,4.5862872612857716e-08,4.583346015598259e-08,4.5804094608287005e-08,4.57747758502862e-08,4.5745503762934555e-08,4.5716278227671464e-08,4.568709912629121e-08,4.565796634105146e-08,4.56288797545447e-08,4.559983924985179e-08,4.557084471044477e-08,4.554189602012982e-08,4.5512993063192046e-08,4.54841357242423e-08,4.545532389282991e-08,4.5426557448432326e-08,4.539783627925016e-08,4.5369160269089006e-08,4.534052930507112e-08,4.531194327653328e-08,4.52834020679985e-08,4.525490556891733e-08,4.522645366927093e-08,4.5198046258859774e-08,4.516968321542951e-08,4.514136444146291e-08,4.511308982010541e-08,4.508485924312596e-08,4.505667260057306e-08,4.5028529783255156e-08,4.5000430682353256e-08,4.4972375189418713e-08,4.494436319636898e-08,4.491639459549064e-08,4.488846927942112e-08,4.486058714118646e-08,4.4832748074188957e-08,4.480495197214734e-08,4.477719872924116e-08,4.474948823973906e-08,4.472182039857054e-08,4.469419510082243e-08,4.4666612241958205e-08,4.463907171803112e-08,4.4611573425192655e-08,4.4584117260006846e-08,4.455670311905713e-08,4.452933090030728e-08,4.450200050097827e-08,4.447471181912317e-08,4.444746475414368e-08,4.4420259200495925e-08,4.4393095061490026e-08,4.4365972235084776e-08,4.433889062085702e-08,4.4311850122086305e-08,4.4284850621758494e-08,4.4257892045384175e-08,4.42309742831237e-08,4.420409723598645e-08,4.41772608058112e-08,4.4150464894542096e-08,4.412370940671588e-08,4.4096994240713164e-08,4.407031930141062e-08,4.404368449202168e-08,4.401708971612083e-08,4.399053487755583e-08,4.3964019880536275e-08,4.39375446295541e-08,4.391110902941514e-08,4.3884712983038076e-08,4.385835639992525e-08,4.383203918401839e-08,4.3805761241360975e-08,4.3779522478389245e-08,4.37533228016388e-08,4.3727162118091226e-08,4.370104033503114e-08,4.3674957360040905e-08,4.3648913100986025e-08,4.3622907458335126e-08,4.359694034833363e-08,4.357101167986324e-08,4.3545121361736e-08,4.351926930357668e-08,4.3493455414938e-08,4.346767960580138e-08,4.3441941786350445e-08,4.341624186715613e-08,4.339057975906358e-08,4.3364955373022167e-08,4.333936862056874e-08,4.331381941335429e-08,4.3288307663411145e-08,4.3262833282881097e-08,4.323739618436813e-08,4.3211996280633333e-08,4.3186633484820305e-08,4.316130771021096e-08,4.313601887050005e-08,4.3110766879599074e-08,4.308555165166201e-08,4.306037310122538e-08,4.303523114303338e-08,4.301012569201488e-08,4.2985056663643944e-08,4.296002397328739e-08,4.293502753676072e-08,4.291006727031121e-08,4.288514309017793e-08,4.286025491304525e-08,4.283540265574097e-08,4.281058623547248e-08,4.2785805569518415e-08,4.2761060575681305e-08,4.273635117186108e-08,4.2711677276246665e-08,4.26870388073392e-08,4.26624356837286e-08,4.2637867824476687e-08,4.26133351487378e-08,4.2588837576091694e-08,4.256437502606523e-08,4.253994741873986e-08,4.251555467437844e-08,4.249119671347713e-08,4.246687346488008e-08,4.244258484136274e-08,4.241833076413585e-08,4.239411115469379e-08,4.23699259346964e-08,4.234577502610302e-08,4.232165835106597e-08,4.229757583205816e-08,4.227352739178043e-08,4.2249512952702525e-08,4.222553243845011e-08,4.220158577242027e-08,4.217767287822845e-08,4.215379367975809e-08,4.212994810111761e-08,4.21061360714731e-08,4.2082357505572893e-08,4.205861233863981e-08,4.20349004850426e-08,4.2011221875255105e-08,4.198757643481537e-08,4.1963964089344797e-08,4.194038476504571e-08,4.191683838772468e-08,4.189332488422149e-08,4.1869844180971395e-08,4.1846396204866906e-08,4.1822980882958675e-08,4.1799598142557823e-08,4.1776247911126765e-08,4.1752930116571805e-08,4.172964468670438e-08,4.170639154975327e-08,4.1683170634152264e-08,4.1659981868434374e-08,4.1636825181560657e-08,4.1613700502715816e-08,4.159060776086765e-08,4.156754688563658e-08,4.154451780672301e-08,4.152152045404202e-08,4.1498554757629106e-08,4.1475620647700715e-08,4.1452718055310864e-08,4.1429846910920935e-08,4.140700714549128e-08,4.138419869570775e-08,4.136142148327592e-08,4.133867544250517e-08,4.131596050664746e-08,4.1293276609006564e-08,4.12706236791564e-08,4.124800165160645e-08,4.122541045868567e-08,4.120285003133222e-08,4.11803203038315e-08,4.1157821209452556e-08,4.113535268151497e-08,4.11129146538024e-08,4.109050705973163e-08,4.1068129832729306e-08,4.1045782909114817e-08,4.102346622194112e-08,4.100117970598966e-08,4.0978923295946494e-08,4.09566969267883e-08,4.0934500533686544e-08,4.0912334051999065e-08,4.08901974172342e-08,4.086809056316472e-08,4.084601342734028e-08,4.082396594810927e-08,4.0801948058269633e-08,4.0779959697704965e-08,4.075800080139145e-08,4.0736071306203345e-08,4.0714171149317815e-08,4.06923002663612e-08,4.067045859817566e-08,4.064864607989555e-08,4.0626862649865144e-08,4.0605108246210865e-08,4.058338280688746e-08,4.056168627039824e-08,4.0540018575021085e-08,4.0518379659571504e-08,4.049676946347412e-08,4.047518792542664e-08,4.045363498388422e-08,4.043211057896769e-08,4.0410614650454295e-08,4.038914713542162e-08,4.036770798526108e-08,4.034629712385065e-08,4.032491449861799e-08,4.0303560050107816e-08,4.028223371886848e-08,4.026093544616501e-08,4.0239665173937075e-08,4.021842284039336e-08,4.0197208390352036e-08,4.0176021761319915e-08,4.015486289698192e-08,4.01337317406035e-08,4.01126282306403e-08,4.009155231018587e-08,4.0070503921936765e-08,4.0049483008893093e-08,4.0028489509633135e-08,4.0007523376157684e-08,3.9986584549271735e-08,3.9965672960773554e-08,3.994478857021006e-08,3.9923931303788355e-08,3.9903101124796665e-08,3.9882297967301876e-08,3.986152177406129e-08,3.984077248770947e-08,3.982005005671749e-08,3.979935443133321e-08,3.97786855403874e-08,3.97580433372333e-08,3.973742777348839e-08,3.9716838795645826e-08,3.969627632466546e-08,3.9675740319866416e-08,3.965523072996293e-08,3.963474749789915e-08,3.961429057044993e-08,3.9593859892115775e-08,3.957345541530053e-08,3.955307707901537e-08,3.953272483118104e-08,3.9512398620505425e-08,3.94920983934169e-08,3.9471824096095194e-08,3.945157567557303e-08,3.943135307903248e-08,3.941115625380477e-08,3.939098514699105e-08,3.937083970696371e-08,3.935071987990291e-08,3.933062561616032e-08,3.931055686134611e-08,3.929051356486897e-08,3.9270495675995994e-08,3.9250503141424474e-08,3.923053591164532e-08,3.9210593934506786e-08,3.9190677158927776e-08,3.917078553393111e-08,3.91509190088164e-08,3.913107753291742e-08,3.9111261055677374e-08,3.9091469526716615e-08,3.907170289576881e-08,3.9051961112831e-08,3.903224412700388e-08,3.901255189028532e-08,3.89928843520358e-08,3.8973241462813973e-08,3.89536231731689e-08,3.893402943279205e-08,3.8914460193947015e-08,3.8894915407975366e-08,3.8875395025309575e-08,3.8855898997723524e-08,3.883642727468341e-08,3.8816979807442845e-08,3.8797556552333805e-08,3.8778157457796445e-08,3.8758782476328223e-08,3.873943155948503e-08,3.872010466772561e-08,3.870080173778764e-08,3.868152272979654e-08,3.86622675955595e-08,3.864303628932664e-08,3.862382876323132e-08,3.86046449689857e-08,3.858548486068328e-08,3.856634839583032e-08,3.854723552073596e-08,3.852814619188755e-08,3.8509080362805926e-08,3.8490037987214926e-08,3.847101901963371e-08,3.845202341342162e-08,3.84330511227141e-08,3.8414102101739756e-08,3.8395176304849385e-08,3.8376273686518665e-08,3.8357394201347875e-08,3.83385378040552e-08,3.831970444948355e-08,3.830089409259744e-08,3.828210668847832e-08,3.8263342192332304e-08,3.824460055948617e-08,3.822588174538478e-08,3.8207185705589114e-08,3.8188512395784716e-08,3.81698617717714e-08,3.815123378946437e-08,3.8132628404908796e-08,3.8114045574255156e-08,3.8095485253772286e-08,3.807694739985045e-08,3.805843196899061e-08,3.8039938917813146e-08,3.8021468203052535e-08,3.800301978155747e-08,3.79845936102997e-08,3.7966189645797475e-08,3.7947807845798315e-08,3.792944816759953e-08,3.791111056862449e-08,3.789279500680006e-08,3.787450143937492e-08,3.785622982404017e-08,3.783798011787808e-08,3.78197522797704e-08,3.780154626774781e-08,3.778336204007909e-08,3.776519955499967e-08,3.774705877094568e-08,3.772893964646012e-08,3.771084214022035e-08,3.769276621091077e-08,3.7674711817422914e-08,3.765667891867697e-08,3.7638667473792697e-08,3.762067744188441e-08,3.760270878229937e-08,3.758476145440395e-08,3.756683541768421e-08,3.754893063174824e-08,3.75310470562844e-08,3.751318465109689e-08,3.749534337613418e-08,3.747752319139847e-08,3.745972405701183e-08,3.744194593322866e-08,3.742418878032893e-08,3.7406452558774866e-08,3.7388737229125096e-08,3.737104275198561e-08,3.7353369088071136e-08,3.73357161982873e-08,3.73180840435444e-08,3.7300472584862586e-08,3.728288178342923e-08,3.7265311601058225e-08,3.72477619984739e-08,3.7230232928452875e-08,3.7212724369861206e-08,3.719523627421249e-08,3.717776860624043e-08,3.716032132599505e-08,3.714289439878238e-08,3.712548778172505e-08,3.7108101437964076e-08,3.709073533004096e-08,3.707338942081169e-08,3.705606367269548e-08,3.7038758048209225e-08,3.702147250998091e-08,3.700420702070685e-08,3.698696154321797e-08,3.6969736040383786e-08,3.69525304751955e-08,3.693534481076715e-08,3.691817901025216e-08,3.690103303697945e-08,3.6883906854254735e-08,3.686680042558172e-08,3.684971371453897e-08,3.683264668469218e-08,3.68155992998495e-08,3.6798571523815024e-08,3.678156332053277e-08,3.6764574653980283e-08,3.6747605488278405e-08,3.673065578762778e-08,3.671372551634132e-08,3.669681463876429e-08,3.667992312169461e-08,3.666305092956821e-08,3.66461980198015e-08,3.662936436219369e-08,3.661254992097449e-08,3.6595754663372123e-08,3.657897855185379e-08,3.656222155301257e-08,3.6545483631223e-08,3.652876475178301e-08,3.651206487919736e-08,3.6495383980302474e-08,3.647872201945218e-08,3.64620789641742e-08,3.644545477770749e-08,3.642884942693221e-08,3.641226287969832e-08,3.639569509926917e-08,3.6379146051419557e-08,3.636261570327882e-08,3.634610402096762e-08,3.6329610970799366e-08,3.6313136518262045e-08,3.629668063094283e-08,3.628024327621962e-08,3.626382442149954e-08,3.624742403924564e-08,3.623104208794423e-08,3.62146785279613e-08,3.6198333334435204e-08,3.6182006473329225e-08,3.6165697914254257e-08,3.614940761405109e-08,3.613313555373004e-08,3.611688169407352e-08,3.610064600275216e-08,3.608442844773174e-08,3.606822899522984e-08,3.6052047615266915e-08,3.603588427379482e-08,3.6019738941860566e-08,3.60036115836207e-08,3.598750216738546e-08,3.5971410662659845e-08,3.5955337037698033e-08,3.593928126052281e-08,3.592324329879767e-08,3.590722312158089e-08,3.5891220696986875e-08,3.5875235993565565e-08,3.585926897864917e-08,3.584331962373576e-08,3.582738789619531e-08,3.581147376462836e-08,3.579557719804933e-08,3.577969816550774e-08,3.5763836636093966e-08,3.574799257895244e-08,3.5732165965597484e-08,3.571635676302386e-08,3.570056494064154e-08,3.56847904679583e-08,3.566903331441303e-08,3.565329344967035e-08,3.563757084329336e-08,3.5621865465092013e-08,3.56061772823535e-08,3.559050626741979e-08,3.557485239093734e-08,3.555921562141493e-08,3.55435959295241e-08,3.552799328565343e-08,3.5512407660115124e-08,3.549683902306895e-08,3.548128734501077e-08,3.5465752596027e-08,3.545023474733056e-08,3.5434733769162856e-08,3.541924963374424e-08,3.5403782308361697e-08,3.538833176596255e-08,3.5372897976961864e-08,3.5357480913561527e-08,3.534208054488638e-08,3.532669684275771e-08,3.53113297795523e-08,3.529597932467045e-08,3.5280645435931905e-08,3.526532811135396e-08,3.525002731361245e-08,3.523474300747479e-08,3.521947516822475e-08,3.520422376600637e-08,3.518898877237803e-08,3.517377016139768e-08,3.515856790326265e-08,3.514338197109597e-08,3.5128212333067506e-08,3.5113058965347274e-08,3.5097921839014734e-08,3.5082800924863026e-08,3.5067696195607915e-08,3.5052607623718726e-08,3.503753518293937e-08,3.502247884539791e-08,3.500743858225818e-08,3.499241436564654e-08,3.4977406170046675e-08,3.496241397085494e-08,3.494743773350148e-08,3.4932477434482144e-08,3.491753304693923e-08,3.4902604543300205e-08,3.4887691898393186e-08,3.487279508206651e-08,3.4857914069597414e-08,3.484304883215595e-08,3.482819934814638e-08,3.481336558468716e-08,3.479854751597922e-08,3.4783745117052546e-08,3.476895836011679e-08,3.4754187223457e-08,3.4739431677314305e-08,3.472469169458867e-08,3.4709967251049505e-08,3.469525831780333e-08,3.4680564870602524e-08,3.466588688360382e-08,3.465122433075541e-08,3.4636577184646143e-08,3.4621945420148124e-08,3.460732900977881e-08,3.459272793080102e-08,3.457814215622839e-08,3.4563571660839955e-08,3.454901641848076e-08,3.453447640378643e-08,3.45199515907275e-08,3.450544195453482e-08,3.4490947469606065e-08,3.447646811111577e-08,3.446200385276886e-08,3.444755466999284e-08,3.4433120537649465e-08,3.441870143041945e-08,3.440429732355281e-08,3.438990819236409e-08,3.4375534011658244e-08,3.4361174756591145e-08,3.4346830402376135e-08,3.433250092367986e-08,3.431818629569877e-08,3.4303886496574016e-08,3.42896014983682e-08,3.427533128001342e-08,3.4261075815407495e-08,3.4246835077449e-08,3.4232609044272557e-08,3.421839769139847e-08,3.4204200994614744e-08,3.419001892925248e-08,3.417585147225821e-08,3.416169859838218e-08,3.414756028499668e-08,3.4133436507011865e-08,3.41193272404684e-08,3.4105232462313105e-08,3.409115215037332e-08,3.4077086276983263e-08,3.406303482039154e-08,3.404899775683928e-08,3.403497506288317e-08,3.40209667189965e-08,3.400697269215827e-08,3.399299296591226e-08,3.3979027515443406e-08,3.396507631743773e-08,3.395113934863279e-08,3.3937216585817606e-08,3.3923308005834354e-08,3.3909413585576547e-08,3.389553330199005e-08,3.3881667132070365e-08,3.386781505286796e-08,3.385397704148084e-08,3.3840153075060324e-08,3.382634313080955e-08,3.381254718597994e-08,3.3798765217875845e-08,3.378499720385219e-08,3.3771243122440644e-08,3.3757502944919466e-08,3.374377666020596e-08,3.3730064235132745e-08,3.371636564535499e-08,3.3702680883241896e-08,3.368900991805894e-08,3.367535272849691e-08,3.366170929015081e-08,3.364807958309114e-08,3.363446358342127e-08,3.3620861270154355e-08,3.3607272621104695e-08,3.359369761422433e-08,3.358013622782475e-08,3.3566588440635115e-08,3.35530542292097e-08,3.3539533570989014e-08,3.352602645042868e-08,3.351253283879755e-08,3.349905271711537e-08,3.348558606379914e-08,3.347213285731903e-08,3.345869307622155e-08,3.344526669946725e-08,3.343185370788129e-08,3.3418454071685425e-08,3.340506777971703e-08,3.339169480593748e-08,3.337833512985265e-08,3.3364988730112533e-08,3.335165558463099e-08,3.3338335673536083e-08,3.332502897603112e-08,3.3311735470745415e-08,3.329845513437777e-08,3.328518795196907e-08,3.327193390123052e-08,3.325869295613446e-08,3.3245465100424e-08,3.323225031225386e-08,3.3219048572390465e-08,3.3205859848834194e-08,3.319268413835812e-08,3.3179521414048795e-08,3.3166371654344655e-08,3.3153234837988496e-08,3.314011094525419e-08,3.3126999946641056e-08,3.311390183120032e-08,3.3100816589527335e-08,3.3087744185246896e-08,3.3074684610059355e-08,3.306163783547165e-08,3.304860384174809e-08,3.303558261252935e-08,3.302257411635801e-08,3.300957835257984e-08,3.2996595282482015e-08,3.2983624899963525e-08,3.297066718166223e-08,3.295772210823765e-08,3.294478965829075e-08,3.293186981211794e-08,3.2918962550042966e-08,3.290606785348904e-08,3.289318570211444e-08,3.288031607612721e-08,3.286745895526014e-08,3.2854614318966444e-08,3.284178215131429e-08,3.2828962428467543e-08,3.2816155136912156e-08,3.280336025441384e-08,3.2790577762257575e-08,3.2777807642801523e-08,3.276504987856302e-08,3.2752304443404654e-08,3.2739571322749695e-08,3.272685048959476e-08,3.271414193288577e-08,3.270144563634578e-08,3.26887615780813e-08,3.267608973305695e-08,3.266343008415664e-08,3.2650782618046334e-08,3.263814732167651e-08,3.262552416373778e-08,3.261291313616006e-08,3.260031421512036e-08,3.258772738180277e-08,3.2575152618076674e-08,3.2562589904911724e-08,3.255003922470193e-08,3.253750055776267e-08,3.252497388869579e-08,3.251245919274897e-08,3.2499956447973265e-08,3.248746565146081e-08,3.2474986778968166e-08,3.246251981101847e-08,3.245006471566205e-08,3.243762150175761e-08,3.2425190137511936e-08,3.241277061304262e-08,3.240036289429873e-08,3.238796696421449e-08,3.237558281534626e-08,3.236321043036466e-08,3.2350849776654936e-08,3.233850085050185e-08,3.2326163638248627e-08,3.2313838112897536e-08,3.230152425942723e-08,3.228922206039986e-08,3.2276931495814805e-08,3.22646525641865e-08,3.22523852329756e-08,3.224012947119109e-08,3.222788527510871e-08,3.221565262583385e-08,3.220343150330578e-08,3.219122189254737e-08,3.217902378456238e-08,3.216683715508186e-08,3.215466197829339e-08,3.214249824729837e-08,3.2130345956861904e-08,3.211820506816314e-08,3.210607558119522e-08,3.209395746872904e-08,3.208185070854856e-08,3.2069755289528064e-08,3.20576711953837e-08,3.204559840899286e-08,3.2033536912611454e-08,3.202148669217662e-08,3.200944772652153e-08,3.199742000154934e-08,3.198540349956607e-08,3.197339820301124e-08,3.196140409736422e-08,3.194942116494199e-08,3.193744938961343e-08,3.192548875424863e-08,3.191353924221972e-08,3.190160083706925e-08,3.188967352153462e-08,3.1877757279844844e-08,3.186585209608794e-08,3.18539579527372e-08,3.1842074833995157e-08,3.1830202725411833e-08,3.181834160816541e-08,3.1806491467399604e-08,3.179465228548395e-08,3.1782824045003745e-08,3.177100672530719e-08,3.17592003227314e-08,3.174740481593233e-08,3.173562018844822e-08,3.17238464138208e-08,3.171208349456852e-08,3.170033140541368e-08,3.168859013257251e-08,3.167685965806428e-08,3.1665139961835314e-08,3.165343103798058e-08,3.1641732857727334e-08,3.163004542108326e-08,3.1618368704528505e-08,3.1606702683169623e-08,3.159504734995782e-08,3.1583402697940175e-08,3.157176871803054e-08,3.1560145364910015e-08,3.154853263763158e-08,3.153693052079866e-08,3.1525339014809694e-08,3.151375808959757e-08,3.150218771111091e-08,3.1490627880155586e-08,3.1479078580902334e-08,3.146753980075759e-08,3.1456011519018235e-08,3.144449372964438e-08,3.1432986412542066e-08,3.142148955076008e-08,3.141000313063821e-08,3.1398527137065396e-08,3.1387061554825676e-08,3.13756063688648e-08,3.136416156409023e-08,3.135272712540294e-08,3.134130303787072e-08,3.1329889286618166e-08,3.131848585652021e-08,3.1307092732654124e-08,3.1295709900111924e-08,3.1284337345681235e-08,3.1272975052403665e-08,3.12616230056276e-08,3.1250281190562196e-08,3.1238949593161946e-08,3.1227628197094926e-08,3.12163169892432e-08,3.120501595619842e-08,3.1193725082123685e-08,3.118244434859351e-08,3.117117374628376e-08,3.1159913259390543e-08,3.11486628713718e-08,3.1137422571020503e-08,3.11261923425272e-08,3.111497216835833e-08,3.110376203931303e-08,3.1092561937658916e-08,3.108137185171054e-08,3.1070191756540524e-08,3.1059021654591744e-08,3.1047861522676324e-08,3.103671134459567e-08,3.102557111145948e-08,3.101444080905123e-08,3.1003320418961566e-08,3.099220992990501e-08,3.0981109327434386e-08,3.097001859827251e-08,3.0958937728796534e-08,3.094786670044399e-08,3.093680550152647e-08,3.092575411868257e-08,3.0914712538180346e-08,3.0903680745884985e-08,3.089265872800079e-08,3.0881646469323755e-08,3.087064395848376e-08,3.0859651180575994e-08,3.084866812176167e-08,3.0837694781024215e-08,3.082673112202658e-08,3.0815777137830195e-08,3.080483281964559e-08,3.079389815134393e-08,3.0782973120012915e-08,3.077205771361329e-08,3.076115191581444e-08,3.0750255714451287e-08,3.0739369095528756e-08,3.072849204521943e-08,3.071762455231571e-08,3.070676660246804e-08,3.069591818107514e-08,3.068507927640137e-08,3.067424987368867e-08,3.0663429959879e-08,3.065261952278199e-08,3.0641818544550427e-08,3.0631027018594415e-08,3.0620244930205995e-08,3.060947226324607e-08,3.059870899934769e-08,3.058795513930066e-08,3.0577210659176714e-08,3.056647555312569e-08,3.055574980554546e-08,3.0545033396565375e-08,3.053432632923456e-08,3.0523628575661593e-08,3.051294012714023e-08,3.050226096459594e-08,3.049159108733766e-08,3.0480930476439646e-08,3.0470279120811026e-08,3.045963700544142e-08,3.044900411717376e-08,3.0438380445599085e-08,3.042776597310309e-08,3.0417160691648557e-08,3.0406564590423445e-08,3.0395977651626164e-08,3.0385399865592096e-08,3.0374831219614475e-08,3.036427170020239e-08,3.035372129277429e-08,3.034317999781447e-08,3.033264778103538e-08,3.032212464060031e-08,3.031161056502585e-08,3.0301105541015393e-08,3.0290609555818256e-08,3.028012259700806e-08,3.026964466080662e-08,3.025917571761144e-08,3.0248715762795104e-08,3.02382647858022e-08,3.022782277428513e-08,3.021738971314057e-08,3.020696559167429e-08,3.0196550398331006e-08,3.018614412055315e-08,3.017574674544716e-08,3.016535826217171e-08,3.015497865791514e-08,3.0144607920747194e-08,3.013424603468419e-08,3.012389298908194e-08,3.0113548779826616e-08,3.010321338933562e-08,3.009288680603481e-08,3.008256901662154e-08,3.007226000970741e-08,3.0061959782474344e-08,3.00516683054004e-08,3.00413855751297e-08,3.0031111579403674e-08,3.002084630662987e-08,3.001058974446183e-08,3.000034188221744e-08,2.9990102707603256e-08,2.9979872208408585e-08,2.9969650373220263e-08,2.995943719041434e-08,2.994923264808911e-08,2.993903673458149e-08,2.9928849437462717e-08,2.991867074637264e-08,2.990850065144522e-08,2.9898339136505063e-08,2.988818619459897e-08,2.9878041811644415e-08,2.986790597497251e-08,2.985777867609788e-08,2.9847659899312116e-08,2.9837549639298366e-08,2.982744788103511e-08,2.9817354613288635e-08,2.980726982457683e-08,2.9797193505235765e-08,2.9787125640294923e-08,2.977706622028408e-08,2.9767015234455645e-08,2.9756972670919476e-08,2.974693851843097e-08,2.9736912765774044e-08,2.9726895401128015e-08,2.971688641317559e-08,2.9706885791357007e-08,2.969689352443033e-08,2.9686909601961464e-08,2.9676934013173384e-08,2.9666966745913194e-08,2.965700778819989e-08,2.9647057130502144e-08,2.9637114760589128e-08,2.962718066813618e-08,2.9617254841760314e-08,2.96073372708776e-08,2.959742794430641e-08,2.958752685192183e-08,2.957763397897701e-08,2.956774932629401e-08,2.9557872867821152e-08,2.954800459875038e-08,2.9538144508132285e-08,2.952829258602755e-08,2.951844882133169e-08,2.9508613204504858e-08,2.9498785720273675e-08,2.948896636226567e-08,2.9479155124371762e-08,2.9469351983983944e-08,2.9459556935267464e-08,2.944976997020604e-08,2.9439991076364002e-08,2.943022024307643e-08,2.94204574711433e-08,2.9410702725550726e-08,2.940095601302126e-08,2.9391217317297888e-08,2.9381486629461847e-08,2.937176393916264e-08,2.936204923566158e-08,2.935234250859318e-08,2.9342643746414938e-08,2.9332952940706973e-08,2.932327007762322e-08,2.931359515128989e-08,2.9303928149231703e-08,2.9294269059199034e-08,2.928461787111602e-08,2.9274974579951856e-08,2.9265339171138166e-08,2.9255711636716405e-08,2.9246091964590303e-08,2.9236480141534952e-08,2.9226876160911062e-08,2.9217280010763915e-08,2.920769168393492e-08,2.9198111169815938e-08,2.918853845448321e-08,2.9178973529932393e-08,2.9169416386233625e-08,2.915986700242325e-08,2.9150325389453706e-08,2.914079152692368e-08,2.9131265405196994e-08,2.9121747013744525e-08,2.9112236344257545e-08,2.910273338268961e-08,2.9093238121845717e-08,2.908375055260449e-08,2.9074270661872425e-08,2.9064798441381316e-08,2.9055333881411495e-08,2.9045876970504825e-08,2.903642770179997e-08,2.902698606418621e-08,2.901755204832388e-08,2.90081256432781e-08,2.8998706839586984e-08,2.8989295627451925e-08,2.8979891997095776e-08,2.8970495938337993e-08,2.8961107442619877e-08,2.895172649909948e-08,2.8942353098533227e-08,2.8932987231670156e-08,2.892362888678659e-08,2.8914278057194933e-08,2.8904934731206656e-08,2.889559889966842e-08,2.8886270551001786e-08,2.8876949679339354e-08,2.886763627384813e-08,2.8858330319940714e-08,2.8849031818647734e-08,2.883974075336313e-08,2.8830457115596758e-08,2.882118089601775e-08,2.8811912082176204e-08,2.880265067119941e-08,2.879339664864369e-08,2.8784150006290268e-08,2.8774910736276003e-08,2.8765678827454103e-08,2.875645427073559e-08,2.8747237056863706e-08,2.8738027176042584e-08,2.8728824620015063e-08,2.8719629378628918e-08,2.8710441442561717e-08,2.870126080288032e-08,2.869208745051552e-08,2.8682921375446663e-08,2.8673762569208883e-08,2.8664611022804368e-08,2.8655466726428234e-08,2.8646329670722112e-08,2.8637199847662184e-08,2.8628077246763625e-08,2.8618961859422532e-08,2.860985367652449e-08,2.8600752688967136e-08,2.8591658887673226e-08,2.8582572263572176e-08,2.8573492807612982e-08,2.8564420510818477e-08,2.8555355364061898e-08,2.8546297358376492e-08,2.853724648498143e-08,2.8528202734532934e-08,2.8519166098360476e-08,2.85101365672865e-08,2.8501114132852454e-08,2.849209878576211e-08,2.8483090517143032e-08,2.8474089317937257e-08,2.8465095179279342e-08,2.8456108091883598e-08,2.8447128052450898e-08,2.8438155044810736e-08,2.8429189060879593e-08,2.8420230093590026e-08,2.841127813416926e-08,2.8402333169526192e-08,2.839339519581368e-08,2.8384464206948205e-08,2.8375540191002655e-08,2.8366623139285285e-08,2.8357713043091097e-08,2.834880989377912e-08,2.8339913682679826e-08,2.8331024401656044e-08,2.8322142038646258e-08,2.8313266591887035e-08,2.830439805024036e-08,2.829553640237937e-08,2.8286681641034126e-08,2.827783375773328e-08,2.8268992743858492e-08,2.8260158590949278e-08,2.8251331288711894e-08,2.824251083046433e-08,2.823369720815418e-08,2.8224890413394798e-08,2.821609043740494e-08,2.8207297271478762e-08,2.819851090713034e-08,2.818973133611457e-08,2.818095855022255e-08,2.817219254088872e-08,2.8163433299141035e-08,2.815468081582267e-08,2.8145935083983663e-08,2.8137196095334305e-08,2.812846384160893e-08,2.8119738314458416e-08,2.811101950560342e-08,2.810230740677453e-08,2.8093602009730482e-08,2.8084903306284237e-08,2.8076211288153644e-08,2.8067525947138515e-08,2.8058847275063025e-08,2.8050175263715968e-08,2.8041509904953794e-08,2.8032851190643683e-08,2.802419911257527e-08,2.8015553662679863e-08,2.8006914832795375e-08,2.799828261484703e-08,2.7989657000770725e-08,2.7981037982471685e-08,2.79724255519116e-08,2.796381970104159e-08,2.7955220421776084e-08,2.7946627706138333e-08,2.7938041546136217e-08,2.792946193379657e-08,2.7920888861102773e-08,2.791232232009003e-08,2.7903762302825197e-08,2.7895208801401068e-08,2.7886661807824588e-08,2.787812131422087e-08,2.786958731271767e-08,2.7861059795375766e-08,2.785253875434845e-08,2.7844024181726987e-08,2.7835516069738426e-08,2.782701441052228e-08,2.7818519196280845e-08,2.7810030419200353e-08,2.780154807143522e-08,2.7793072145276757e-08,2.7784602632901343e-08,2.7776139526616806e-08,2.7767682818590165e-08,2.7759232501203518e-08,2.775078856659627e-08,2.7742351007188782e-08,2.7733919815264503e-08,2.7725494983165012e-08,2.7717076503075784e-08,2.770866436761823e-08,2.770025856891604e-08,2.7691859099387017e-08,2.7683465951517085e-08,2.7675079117608477e-08,2.7666698590070175e-08,2.765832436440803e-08,2.7649956427032112e-08,2.764159477638662e-08,2.7633239401938296e-08,2.7624890296154613e-08,2.761654745152921e-08,2.7608210864406187e-08,2.7599880519592758e-08,2.7591556412165813e-08,2.7583238536162518e-08,2.757492688383413e-08,2.756662144903655e-08,2.755832222339819e-08,2.7550029199108363e-08,2.7541742367307e-08,2.753346172307879e-08,2.7525187259484857e-08,2.7516918963387257e-08,2.7508656834479014e-08,2.7500400862940448e-08,2.7492151041305986e-08,2.7483907363575687e-08,2.7475669819812377e-08,2.7467438411231794e-08,2.7459213116321668e-08,2.7450993941909723e-08,2.744278086657067e-08,2.7434573890313777e-08,2.7426373006047878e-08,2.741817820578764e-08,2.740998948230086e-08,2.7401806830084745e-08,2.7393630240526587e-08,2.7385459706687285e-08,2.7377295221381897e-08,2.7369136777462444e-08,2.7360984367968064e-08,2.735283798559316e-08,2.7344697623219334e-08,2.733656327373724e-08,2.732843492994621e-08,2.7320312584114902e-08,2.7312196231073115e-08,2.7304085862224756e-08,2.7295981472387547e-08,2.7287883051585787e-08,2.7279790594605766e-08,2.727170409270016e-08,2.7263623541875694e-08,2.7255548933517282e-08,2.7247480259943794e-08,2.7239417514888734e-08,2.7231360690170886e-08,2.7223309780533033e-08,2.7215264780058397e-08,2.7207225678692215e-08,2.719919247510033e-08,2.7191165155324595e-08,2.7183143715551175e-08,2.7175128148656126e-08,2.716711844821802e-08,2.715911460725894e-08,2.715111661952085e-08,2.714312447692165e-08,2.713513817322831e-08,2.7127157701639926e-08,2.7119183055201324e-08,2.7111214227281216e-08,2.7103251201244704e-08,2.7095293984953264e-08,2.7087342572539016e-08,2.7079396951510068e-08,2.707145711253194e-08,2.7063523053790662e-08,2.705559476632074e-08,2.704767224372911e-08,2.7039755479600736e-08,2.7031844466081798e-08,2.702393919668691e-08,2.7016039665718598e-08,2.7008145865933497e-08,2.7000257790692246e-08,2.6992375433364438e-08,2.6984498787328224e-08,2.6976627845966557e-08,2.6968762602690258e-08,2.6960903050902572e-08,2.695304918403124e-08,2.694520099550396e-08,2.693735847876159e-08,2.6929521627257596e-08,2.6921690434459003e-08,2.6913864893837587e-08,2.6906044998880207e-08,2.6898230743074196e-08,2.6890422119930105e-08,2.688261912295661e-08,2.6874821745680512e-08,2.6867029981640284e-08,2.685924382437517e-08,2.6851463267445897e-08,2.6843688304411057e-08,2.6835918928858335e-08,2.682815513436161e-08,2.6820396914527317e-08,2.681264426295738e-08,2.6804897173269977e-08,2.6797155639091323e-08,2.6789419654050526e-08,2.678168921180441e-08,2.677396430600291e-08,2.676624493032168e-08,2.6758531078430792e-08,2.675082274401583e-08,2.6743119920775664e-08,2.6735422602411615e-08,2.672773078264756e-08,2.6720044455204785e-08,2.6712363613814172e-08,2.6704688252233934e-08,2.6697018364209705e-08,2.6689353943514306e-08,2.668169498391692e-08,2.6674041479208077e-08,2.666639342317561e-08,2.665875080963312e-08,2.6651113632380066e-08,2.6643481885249582e-08,2.6635855562069876e-08,2.6628234656695188e-08,2.6620619162965974e-08,2.661300907475233e-08,2.6605404385919016e-08,2.6597805090356338e-08,2.6590211181950704e-08,2.6582622654592517e-08,2.6575039502204224e-08,2.65674617186993e-08,2.655988929801234e-08,2.655232223407757e-08,2.6544760520845476e-08,2.653720415227021e-08,2.652965312231944e-08,2.6522107424969445e-08,2.651456705420357e-08,2.6507032004014315e-08,2.6499502268412114e-08,2.6491977841402775e-08,2.648445871674188e-08,2.6476944889006118e-08,2.646943635161404e-08,2.6461933098962546e-08,2.6454435125191585e-08,2.644694242429059e-08,2.6439454990335108e-08,2.6431972817420737e-08,2.642449589963291e-08,2.641702423108116e-08,2.6409557805882628e-08,2.6402096618157205e-08,2.639464066203956e-08,2.6387189931519945e-08,2.6379744421042035e-08,2.6372304124625477e-08,2.6364869036431843e-08,2.6357439150642063e-08,2.635001446144057e-08,2.6342594962961075e-08,2.6335180649468903e-08,2.632777151518156e-08,2.6320367554229934e-08,2.6312968759953025e-08,2.6305575129093066e-08,2.629818665443593e-08,2.6290803330142275e-08,2.6283425150782463e-08,2.627605210974883e-08,2.6268684202506748e-08,2.6261321423362094e-08,2.6253963765603424e-08,2.6246611224780682e-08,2.6239263793804817e-08,2.62319214681411e-08,2.622458424147639e-08,2.6217252107799494e-08,2.620992505996911e-08,2.620260309513608e-08,2.619528620742848e-08,2.6187974390060063e-08,2.618066763799337e-08,2.6173365945636224e-08,2.6166069307447916e-08,2.6158777717750485e-08,2.6151491171004724e-08,2.6144209661719687e-08,2.613693318451572e-08,2.612966173390927e-08,2.6122395303463236e-08,2.6115133888253818e-08,2.6107877482460502e-08,2.6100626081043457e-08,2.609337967827941e-08,2.6086138268566606e-08,2.6078901846157e-08,2.6071670406415074e-08,2.6064443942764965e-08,2.6057222450558266e-08,2.605000592368444e-08,2.6042794357367695e-08,2.6035587745847374e-08,2.6028386083715522e-08,2.6021189365427645e-08,2.601399758579469e-08,2.6006810739289246e-08,2.5999628820511136e-08,2.599245182405533e-08,2.598527974432336e-08,2.5978112576376167e-08,2.597095031461573e-08,2.5963792953781373e-08,2.5956640488314094e-08,2.594949291297755e-08,2.5942350222424344e-08,2.5935212411326947e-08,2.5928079474350674e-08,2.592095140618981e-08,2.5913828201539437e-08,2.5906709855094456e-08,2.5899596361473918e-08,2.58924877155806e-08,2.5885383912045574e-08,2.5878284945602932e-08,2.5871190810867746e-08,2.586410150260335e-08,2.5857017015790607e-08,2.5849937345077675e-08,2.584286248509444e-08,2.5835792430774683e-08,2.5828727176195742e-08,2.582166671766105e-08,2.5814611049050806e-08,2.58075601661554e-08,2.5800514062214138e-08,2.5793472732768275e-08,2.5786436172658624e-08,2.577940437673334e-08,2.577237733976295e-08,2.576535505665259e-08,2.5758337522277643e-08,2.5751324731510353e-08,2.5744316679231115e-08,2.573731336032998e-08,2.5730314769697923e-08,2.5723320902271894e-08,2.571633175292959e-08,2.5709347316587683e-08,2.5702367588150197e-08,2.569539256259418e-08,2.568842223483554e-08,2.568145659980795e-08,2.5674495652471446e-08,2.5667539387826473e-08,2.5660587800796378e-08,2.565364088637881e-08,2.5646698637937343e-08,2.5639761053706954e-08,2.563282812838252e-08,2.5625899852789527e-08,2.5618976225589052e-08,2.5612057241193895e-08,2.5605142894556547e-08,2.5598233184629244e-08,2.5591328100119668e-08,2.5584427636608383e-08,2.5577531789630506e-08,2.5570640555999238e-08,2.5563753930551515e-08,2.5556871910690455e-08,2.554999448772316e-08,2.5543121658003296e-08,2.5536253418064833e-08,2.5529389759576277e-08,2.5522530680238755e-08,2.5515676174027086e-08,2.5508826237219608e-08,2.5501980864355783e-08,2.5495140050599508e-08,2.5488303791105582e-08,2.548147208103203e-08,2.54746449154826e-08,2.5467822289718547e-08,2.5461004198948945e-08,2.5454190638233028e-08,2.5447381602893175e-08,2.54405770878908e-08,2.5433777088792965e-08,2.542698160061093e-08,2.5420190618394177e-08,2.541340413777664e-08,2.5406622153800367e-08,2.5399844661661007e-08,2.5393071656683525e-08,2.5386303134091497e-08,2.5379539089017185e-08,2.537277951696843e-08,2.5366024413076658e-08,2.535927377267891e-08,2.5352527590996914e-08,2.534578586338575e-08,2.5339048585159525e-08,2.5332315751647554e-08,2.5325587358139333e-08,2.5318863399922357e-08,2.5312143872407316e-08,2.530542877082589e-08,2.5298718090642673e-08,2.529201182712294e-08,2.5285309975676172e-08,2.5278612531642472e-08,2.5271919490374766e-08,2.5265230850810875e-08,2.5258546601278532e-08,2.5251866740685936e-08,2.5245191264952846e-08,2.5238520168445377e-08,2.5231853447479178e-08,2.5225191096800848e-08,2.5218533115003724e-08,2.5211879495146972e-08,2.5205230228775357e-08,2.519858531502826e-08,2.519194475220141e-08,2.5185308529053886e-08,2.517867664517456e-08,2.5172049094968217e-08,2.5165425879359838e-08,2.5158806983917576e-08,2.5152192409087513e-08,2.5145582150370167e-08,2.5138976203266394e-08,2.5132374563291746e-08,2.512577722595519e-08,2.5119184186786852e-08,2.5112595441312495e-08,2.5106010985066485e-08,2.509943081358863e-08,2.5092854922433324e-08,2.508628330715234e-08,2.507971596330677e-08,2.507315289099477e-08,2.5066594076718893e-08,2.506003952060747e-08,2.5053489218231468e-08,2.5046943165195675e-08,2.504040135709391e-08,2.5033863789530455e-08,2.5027330458116654e-08,2.5020801358471545e-08,2.5014276486220166e-08,2.5007755836988707e-08,2.5001239406418293e-08,2.4994727190147305e-08,2.4988219183825726e-08,2.4981715383111447e-08,2.4975215783663626e-08,2.4968720381152316e-08,2.4962229171242883e-08,2.495574214962285e-08,2.494925931197378e-08,2.4942780653986628e-08,2.4936306171472507e-08,2.4929835859910094e-08,2.4923369714949696e-08,2.4916907732596702e-08,2.4910449905898475e-08,2.4903996235759827e-08,2.489754671529323e-08,2.489110134023947e-08,2.488466010635235e-08,2.4878223009373784e-08,2.4871790045063395e-08,2.486536120918905e-08,2.4858936497136915e-08,2.4852515905449255e-08,2.4846099429151878e-08,2.4839687064397737e-08,2.483327880739472e-08,2.4826874653134556e-08,2.4820474597840968e-08,2.481407863635702e-08,2.4807686761779947e-08,2.480129897851523e-08,2.479491527748566e-08,2.4788535654643255e-08,2.478216010570211e-08,2.4775788626696872e-08,2.4769421213100354e-08,2.4763057861005156e-08,2.4756698566207215e-08,2.4750343324625185e-08,2.4743992132583662e-08,2.473764498516189e-08,2.4731301878369217e-08,2.4724962808372377e-08,2.471862777109159e-08,2.4712296762346972e-08,2.4705969778060086e-08,2.4699646814780738e-08,2.469332786716695e-08,2.4687012931829417e-08,2.4680702004286187e-08,2.467439508086265e-08,2.4668092152842376e-08,2.466179322527651e-08,2.4655498290153798e-08,2.4649207342569172e-08,2.464292037963123e-08,2.4636637396073772e-08,2.4630358387293323e-08,2.462408335179725e-08,2.461781228366837e-08,2.4611545179162883e-08,2.4605282034480122e-08,2.4599022845576e-08,2.459276760846599e-08,2.4586516319173666e-08,2.45802689735074e-08,2.4574025567716968e-08,2.4567786097848508e-08,2.456155055991665e-08,2.4555318950357917e-08,2.45490912644759e-08,2.4542867498690298e-08,2.4536647649435033e-08,2.453043171204569e-08,2.4524219682950213e-08,2.4518011558228556e-08,2.4511807334330773e-08,2.4505607006985218e-08,2.4499410572277914e-08,2.4493218026307877e-08,2.4487029365182584e-08,2.44808445850106e-08,2.447466368190445e-08,2.446848665198952e-08,2.4462313491385453e-08,2.445614419622751e-08,2.444997876228512e-08,2.4443817186066287e-08,2.4437659463719186e-08,2.4431505591390613e-08,2.442535556524439e-08,2.4419209381437315e-08,2.441306703650812e-08,2.44069285258983e-08,2.440079384614703e-08,2.439466299378171e-08,2.4388535964316565e-08,2.43824127578846e-08,2.4376293364459368e-08,2.4370177782394883e-08,2.436406600793194e-08,2.435795803803658e-08,2.4351853868643992e-08,2.4345753495927834e-08,2.4339656916177095e-08,2.4333564125469503e-08,2.4327475120217185e-08,2.4321389896558035e-08,2.431530845059969e-08,2.4309230780363338e-08,2.4303156878856987e-08,2.4297086741687572e-08,2.4291020370488855e-08,2.428495775544547e-08,2.4278898898588467e-08,2.427284379376842e-08,2.4266792437049375e-08,2.426074482472687e-08,2.4254700953099424e-08,2.4248660818463795e-08,2.4242624416955585e-08,2.423659174523772e-08,2.423056279858092e-08,2.4224537575145603e-08,2.4218516070304374e-08,2.4212498280432765e-08,2.4206484203951267e-08,2.4200473834048928e-08,2.4194467167086786e-08,2.4188464200718853e-08,2.418246493075843e-08,2.4176469349976155e-08,2.417047746266994e-08,2.416448926094787e-08,2.4158504741598136e-08,2.415252390092009e-08,2.414654673528053e-08,2.4140573240876722e-08,2.413460341424739e-08,2.4128637251963305e-08,2.4122674750037658e-08,2.4116715905688803e-08,2.4110760714076954e-08,2.4104809172558457e-08,2.409886127727439e-08,2.4092917024706124e-08,2.4086976411293227e-08,2.4081039433438983e-08,2.407510608794976e-08,2.4069176370884244e-08,2.406325027683193e-08,2.4057327805940788e-08,2.4051408953091384e-08,2.404549371446273e-08,2.403958208416837e-08,2.403367406356146e-08,2.4027769642973625e-08,2.4021868826466977e-08,2.4015971606872977e-08,2.4010077980750206e-08,2.4004187944231554e-08,2.399830149402747e-08,2.399241862666959e-08,2.398653933883432e-08,2.3980663627082734e-08,2.397479148703613e-08,2.3968922913297575e-08,2.396305790811159e-08,2.3957196465308477e-08,2.395133857827502e-08,2.3945484248551167e-08,2.393963347089961e-08,2.393378624115016e-08,2.3927942556118686e-08,2.39221024124979e-08,2.39162658069084e-08,2.3910432735914956e-08,2.3904603195923734e-08,2.389877718355997e-08,2.3892954696214753e-08,2.3887135729136484e-08,2.388132027938993e-08,2.3875508343783876e-08,2.386969991831963e-08,2.3863895000705917e-08,2.385809358698163e-08,2.3852295674041442e-08,2.3846501258667886e-08,2.3840710336692293e-08,2.3834922907287443e-08,2.3829138962822304e-08,2.382335850199517e-08,2.3817581521883803e-08,2.381180801851325e-08,2.380603798921851e-08,2.380027142951988e-08,2.379450834118304e-08,2.3788748712695786e-08,2.378299254469983e-08,2.3777239835385733e-08,2.3771490578088898e-08,2.3765744771899683e-08,2.3760002412378725e-08,2.375426349660833e-08,2.3748528021787466e-08,2.3742795983832845e-08,2.373706738002344e-08,2.3731342207030303e-08,2.372562046129811e-08,2.3719902139546983e-08,2.371418723885352e-08,2.3708475755771277e-08,2.3702767686328042e-08,2.3697063028581923e-08,2.3691361778652966e-08,2.3685663933342904e-08,2.3679969489302347e-08,2.3674278443448185e-08,2.3668590792593898e-08,2.3662906533238853e-08,2.3657225662628488e-08,2.365154817685675e-08,2.364587407281224e-08,2.3640203347772167e-08,2.363453599813118e-08,2.362887202065074e-08,2.362321141315327e-08,2.3617554171648616e-08,2.3611900292190584e-08,2.360624977229619e-08,2.360060260842559e-08,2.3594958798065576e-08,2.358931833767268e-08,2.3583681226851807e-08,2.3578047454729697e-08,2.3572417025452322e-08,2.3566789934491873e-08,2.3561166176743303e-08,2.3555545753765574e-08,2.354992866024342e-08,2.3544314886021844e-08,2.3538704433339182e-08,2.3533097299633734e-08,2.3527493480622222e-08,2.3521892973911798e-08,2.3516295779021762e-08,2.351070188738387e-08,2.3505111298492134e-08,2.349952400931795e-08,2.3493940016645778e-08,2.3488359317500692e-08,2.3482781908701974e-08,2.3477207787170835e-08,2.3471636950238988e-08,2.346606939471791e-08,2.346050511630241e-08,2.3454944113588176e-08,2.344938638249763e-08,2.3443831922877012e-08,2.343828072817177e-08,2.3432732790086793e-08,2.3427188115883794e-08,2.342164668833498e-08,2.3416108524223643e-08,2.341057361051896e-08,2.3405041944300222e-08,2.3399513522634444e-08,2.3393988342183666e-08,2.3388466400011786e-08,2.33829476919099e-08,2.3377432217183298e-08,2.3371919971178645e-08,2.336641095201498e-08,2.336090515542986e-08,2.335540258075646e-08,2.334990322218169e-08,2.3344407078705006e-08,2.3338914151706606e-08,2.333342442704204e-08,2.3327937907452577e-08,2.332245458925939e-08,2.331697447093305e-08,2.331149754889244e-08,2.3306023820126937e-08,2.3300553281677214e-08,2.329508593055847e-08,2.3289621765028396e-08,2.3284160778271445e-08,2.3278702971295282e-08,2.3273248340018714e-08,2.3267796884641963e-08,2.326234859283761e-08,2.3256903470139397e-08,2.325146151103851e-08,2.3246022713560313e-08,2.324058707361247e-08,2.323515459240644e-08,2.322972525923853e-08,2.3224299074079532e-08,2.3218876035624238e-08,2.3213456141213442e-08,2.3208039385008408e-08,2.320262576830096e-08,2.319721528771884e-08,2.319180793756412e-08,2.318640371621045e-08,2.3181002618261592e-08,2.317560464572511e-08,2.317020979348959e-08,2.3164818058904588e-08,2.3159429439604227e-08,2.3154043931211406e-08,2.3148661531014225e-08,2.3143282236305445e-08,2.3137906044418757e-08,2.3132532952527386e-08,2.312716295810595e-08,2.3121796059883662e-08,2.3116432252498492e-08,2.311107153132868e-08,2.3105713897104598e-08,2.310035934605126e-08,2.3095007872499808e-08,2.3089659478587142e-08,2.3084314159479725e-08,2.3078971912093616e-08,2.307363273412967e-08,2.3068296621940718e-08,2.3062963573018167e-08,2.3057633584352134e-08,2.305230665951424e-08,2.3046982784056817e-08,2.3041661960922304e-08,2.3036344187072764e-08,2.3031029458762106e-08,2.302571777389567e-08,2.3020409130242004e-08,2.301510352471459e-08,2.300980095466515e-08,2.3004501417283264e-08,2.2999204909588797e-08,2.2993911428780637e-08,2.298862097249022e-08,2.2983333537750168e-08,2.297804912221959e-08,2.297276772177374e-08,2.2967489335585335e-08,2.2962213961060955e-08,2.2956941592253003e-08,2.295167222895926e-08,2.294640586890488e-08,2.2941142508026773e-08,2.2935882144826067e-08,2.293062477820178e-08,2.292537039959932e-08,2.2920119009800083e-08,2.291487060577002e-08,2.2909625185069867e-08,2.290438274509749e-08,2.2899143282704378e-08,2.289390679408649e-08,2.288867327962111e-08,2.288344273515598e-08,2.2878215156156176e-08,2.287299054219724e-08,2.286776889110803e-08,2.286255019909077e-08,2.2857334463302906e-08,2.2852121681237e-08,2.2846911850218136e-08,2.284170496762184e-08,2.2836501030728887e-08,2.2831300038575582e-08,2.282610198691413e-08,2.28209068705515e-08,2.281571468923351e-08,2.2810525440155485e-08,2.280533912136711e-08,2.2800155731586458e-08,2.2794975265818006e-08,2.278979772259519e-08,2.2784623106199685e-08,2.2779451398329783e-08,2.27742826110102e-08,2.276911672910307e-08,2.276395375503636e-08,2.275879368717634e-08,2.2753636515904914e-08,2.274848225253026e-08,2.2743330887536405e-08,2.273818241831859e-08,2.2733036842286066e-08,2.2727894156837877e-08,2.272275435938403e-08,2.271761744737596e-08,2.27124834182478e-08,2.2707352273424666e-08,2.270222400224944e-08,2.2697098607066412e-08,2.2691976083258258e-08,2.2686856429739046e-08,2.2681739643266768e-08,2.267662572172364e-08,2.2671514662769582e-08,2.266640646319673e-08,2.2661301120779924e-08,2.2656198632973615e-08,2.26510989972265e-08,2.2646002210997023e-08,2.264090827174185e-08,2.263581717692362e-08,2.2630728926796553e-08,2.2625643513257946e-08,2.2620560935662915e-08,2.2615481194020456e-08,2.261040428694259e-08,2.2605330208336957e-08,2.2600258954282562e-08,2.259519052707978e-08,2.259012492197836e-08,2.258506213327769e-08,2.2580002161010556e-08,2.257494500321125e-08,2.2569890659703476e-08,2.2564839122647832e-08,2.2559790395527353e-08,2.255474446919127e-08,2.254970134463279e-08,2.2544661019373475e-08,2.2539623490932714e-08,2.2534588756834216e-08,2.2529556814606516e-08,2.2524527661049453e-08,2.2519501294321945e-08,2.251447771132139e-08,2.2509456911655936e-08,2.2504438884626375e-08,2.249942364194038e-08,2.2494411173603053e-08,2.2489401477762544e-08,2.2484394551672434e-08,2.2479390393143742e-08,2.2474388999250546e-08,2.2469390360416337e-08,2.246439448919959e-08,2.2459401374331605e-08,2.245441101554018e-08,2.2449423409613103e-08,2.2444438554013473e-08,2.2439456446402983e-08,2.2434477080529564e-08,2.242950046075177e-08,2.242452658289454e-08,2.24195554430651e-08,2.2414587036868393e-08,2.2409621365123334e-08,2.240465842502944e-08,2.239969821288761e-08,2.239474072738226e-08,2.2389785966452557e-08,2.2384833925906016e-08,2.2379884603721967e-08,2.2374938001406194e-08,2.236999411082873e-08,2.2365052932028556e-08,2.236011446197451e-08,2.2355178699888036e-08,2.2350245643252084e-08,2.2345315288188184e-08,2.2340387633938467e-08,2.233546267673051e-08,2.2330540415614916e-08,2.2325620847410332e-08,2.2320703970277667e-08,2.231578978559442e-08,2.231087827912449e-08,2.2305969459866517e-08,2.2301063322350795e-08,2.2296159865375377e-08,2.2291259083586853e-08,2.228636098048985e-08,2.2281465544466706e-08,2.2276572780601792e-08,2.227168267425746e-08,2.226679523800521e-08,2.226191046656436e-08,2.2257028358172866e-08,2.2252148905176512e-08,2.2247272106964066e-08,2.2242397963101745e-08,2.2237526470877115e-08,2.223265762791286e-08,2.2227791430389814e-08,2.222292787714238e-08,2.2218066965397714e-08,2.221320869347278e-08,2.2208353059234373e-08,2.2203500063624163e-08,2.219864969667624e-08,2.219380196318758e-08,2.2188956857887172e-08,2.2184114376166887e-08,2.217927451816139e-08,2.2174437281638744e-08,2.2169602665737706e-08,2.216477066571458e-08,2.2159941278296356e-08,2.215511450958418e-08,2.215029034612256e-08,2.2145468792713602e-08,2.2140649842497887e-08,2.2135833495905878e-08,2.2131019748207007e-08,2.2126208601339628e-08,2.2121400052471165e-08,2.211659409708983e-08,2.2111790734537405e-08,2.2106989963388223e-08,2.2102191778477253e-08,2.209739617770256e-08,2.2092603161195092e-08,2.2087812726927747e-08,2.2083024871296422e-08,2.207823959578594e-08,2.207345689292219e-08,2.2068676761592618e-08,2.206389919983159e-08,2.2059124204193388e-08,2.2054351777706334e-08,2.2049581913369604e-08,2.2044814610027345e-08,2.204004986548847e-08,2.2035287677341342e-08,2.2030528042182726e-08,2.2025770961713652e-08,2.2021016426857192e-08,2.201626444445364e-08,2.2011515009115557e-08,2.2006768110788252e-08,2.200202376052418e-08,2.199728194787677e-08,2.1992542673528197e-08,2.198780593318777e-08,2.1983071725760618e-08,2.1978340048884084e-08,2.197361090058692e-08,2.1968884279530517e-08,2.1964160181961453e-08,2.195943860620047e-08,2.1954719551558037e-08,2.195000301402943e-08,2.1945288991814212e-08,2.1940577483543444e-08,2.1935868487381484e-08,2.193116200395417e-08,2.192645802363288e-08,2.192175654978104e-08,2.1917057577290516e-08,2.191236110566641e-08,2.1907667133738267e-08,2.190297565730644e-08,2.1898286676998882e-08,2.1893600190623642e-08,2.188891619330716e-08,2.188423468184093e-08,2.187955565557472e-08,2.1874879113866246e-08,2.1870205053903753e-08,2.1865533473622945e-08,2.1860864370138273e-08,2.1856197742806857e-08,2.1851533588164905e-08,2.184687190542284e-08,2.1842212694941074e-08,2.1837555948513705e-08,2.1832901666906586e-08,2.1828249848488585e-08,2.1823600491326923e-08,2.1818953592122395e-08,2.1814309150325e-08,2.1809667162925975e-08,2.1805027627994066e-08,2.18003905495668e-08,2.1795755913760774e-08,2.1791123724315187e-08,2.1786493980265875e-08,2.1781866677232203e-08,2.177724181462589e-08,2.1772619390492227e-08,2.176799940211966e-08,2.1763381838804674e-08,2.1758766716611477e-08,2.1754154024266293e-08,2.1749543760012064e-08,2.1744935920260576e-08,2.1740330505565105e-08,2.1735727513017898e-08,2.173112693952006e-08,2.172652878451492e-08,2.172193304480988e-08,2.1717339719253095e-08,2.1712748805012718e-08,2.1708160301906874e-08,2.1703574205634824e-08,2.1698990514451064e-08,2.16944092269615e-08,2.1689830341048426e-08,2.1685253854612585e-08,2.168067975834922e-08,2.167610806517545e-08,2.167153876530496e-08,2.166697185729356e-08,2.1662407337760125e-08,2.1657845204968862e-08,2.1653285459233848e-08,2.1648728097126353e-08,2.1644173116646288e-08,2.1639620516219096e-08,2.1635070293693614e-08,2.163052244671163e-08,2.162597697437367e-08,2.1621433871127433e-08,2.161689313774794e-08,2.161235477353716e-08,2.1607818775932458e-08,2.1603285140356046e-08,2.159875386861398e-08,2.1594224955407567e-08,2.1589698400332874e-08,2.1585174201726383e-08,2.1580652358031067e-08,2.157613286486177e-08,2.1571615724367988e-08,2.156710093023024e-08,2.156258848355488e-08,2.1558078380023878e-08,2.1553570619111794e-08,2.154906519863565e-08,2.154456211441723e-08,2.1540061366640017e-08,2.1535562953619237e-08,2.153106687530551e-08,2.152657312924471e-08,2.1522081709069126e-08,2.1517592612177846e-08,2.1513105846536856e-08,2.1508621401592315e-08,2.150413927895721e-08,2.1499659475736142e-08,2.149518199107921e-08,2.1490706819526303e-08,2.1486233962513505e-08,2.1481763412501807e-08,2.1477295176478338e-08,2.1472829247783463e-08,2.1468365624677357e-08,2.1463904305821747e-08,2.1459445287899997e-08,2.1454988571296828e-08,2.1450534152980177e-08,2.1446082031059337e-08,2.144163220364724e-08,2.1437184668857103e-08,2.1432739424806025e-08,2.1428296469610743e-08,2.142385580166812e-08,2.1419417418551255e-08,2.1414981318934508e-08,2.1410547500394206e-08,2.1406115961334323e-08,2.1401686699885647e-08,2.1397259714181828e-08,2.1392835002633838e-08,2.138841256310718e-08,2.138399239338388e-08,2.1379574492309366e-08,2.1375158857318798e-08,2.137074548603611e-08,2.1366334378728893e-08,2.1361925531060216e-08,2.1357518943374015e-08,2.1353114612277924e-08,2.1348712535317278e-08,2.1344312713017104e-08,2.1339915140868286e-08,2.133551982502804e-08,2.1331126752044156e-08,2.1326735926846004e-08,2.1322347344310282e-08,2.1317961006276703e-08,2.131357690781147e-08,2.1309195051656273e-08,2.1304815429058966e-08,2.13004380416627e-08,2.129606288764898e-08,2.12916899652005e-08,2.128731927250228e-08,2.128295080774149e-08,2.127858456910692e-08,2.127422055478825e-08,2.126985876298045e-08,2.1265499191877585e-08,2.1261141839676605e-08,2.1256786704576323e-08,2.1252433784778368e-08,2.1248083078485354e-08,2.124373458390234e-08,2.1239388299236653e-08,2.123504422269699e-08,2.1230702352494823e-08,2.1226362686842795e-08,2.122202522395542e-08,2.121768996205094e-08,2.1213356899347506e-08,2.1209026034066044e-08,2.1204697364429903e-08,2.120037088866381e-08,2.119604660499457e-08,2.1191724511651264e-08,2.118740460686447e-08,2.118308688886739e-08,2.117877135589424e-08,2.117445800618198e-08,2.1170146837706794e-08,2.1165837849234578e-08,2.116153103874496e-08,2.1157226404220525e-08,2.1152923944168842e-08,2.1148623656841716e-08,2.1144325540487682e-08,2.1140029593358165e-08,2.1135735813708375e-08,2.1131444199794904e-08,2.1127154749875228e-08,2.1122867462207143e-08,2.1118582335056112e-08,2.1114299366683176e-08,2.1110018555356226e-08,2.1105739899343178e-08,2.1101463396912664e-08,2.109718904633835e-08,2.109291684589055e-08,2.1088646793844685e-08,2.108437888848024e-08,2.1080113128074105e-08,2.1075849510906383e-08,2.1071588035264036e-08,2.106732869942942e-08,2.106307150359137e-08,2.105881644413164e-08,2.105456351934382e-08,2.1050312727517823e-08,2.1046064065055865e-08,2.1041817534041308e-08,2.1037573130882584e-08,2.103333085387531e-08,2.102909070132368e-08,2.102485267152886e-08,2.102061676279714e-08,2.101638297343669e-08,2.1012151301756594e-08,2.1007921746072265e-08,2.1003694304690264e-08,2.0999468975921218e-08,2.099524575808476e-08,2.099102464950369e-08,2.098680564849897e-08,2.0982588753385277e-08,2.0978373962494004e-08,2.0974161274145993e-08,2.096995068666851e-08,2.0965742198394023e-08,2.0961535807649284e-08,2.0957331512777616e-08,2.095312931210456e-08,2.0948929203968457e-08,2.0944731186707165e-08,2.0940535258664496e-08,2.0936341418179338e-08,2.0932149663595104e-08,2.0927959993260494e-08,2.092377240552011e-08,2.0919586898726526e-08,2.0915403471227624e-08,2.0911222121381465e-08,2.090704284753572e-08,2.090286564805043e-08,2.0898690521280766e-08,2.0894517465591268e-08,2.0890346479344992e-08,2.088617756090323e-08,2.088201070862994e-08,2.0877845920896967e-08,2.0873683196064996e-08,2.0869522532512595e-08,2.0865363928608065e-08,2.086120738273002e-08,2.085705289325014e-08,2.0852900458549385e-08,2.0848750077005142e-08,2.084460174699845e-08,2.084045546691146e-08,2.083631123513218e-08,2.0832169050046672e-08,2.0828028910043465e-08,2.082389081350782e-08,2.081975475884004e-08,2.081562074442528e-08,2.0811488768661922e-08,2.0807358829950808e-08,2.08032309266881e-08,2.0799105057273734e-08,2.0794981220109673e-08,2.0790859413597217e-08,2.0786739636145555e-08,2.07826218861623e-08,2.077850616205751e-08,2.0774392462236825e-08,2.0770280785119193e-08,2.076617112911545e-08,2.0762063492640084e-08,2.0757957874112007e-08,2.0753854271950577e-08,2.0749752684579278e-08,2.0745653110416748e-08,2.074155554789186e-08,2.0737459995430036e-08,2.0733366451455722e-08,2.0729274914400142e-08,2.0725185382693408e-08,2.072109785477176e-08,2.0717012329068796e-08,2.0712928804017367e-08,2.0708847278060053e-08,2.070476774963584e-08,2.0700690217184533e-08,2.0696614679147403e-08,2.06925411339718e-08,2.0688469580103408e-08,2.068440001599059e-08,2.0680332440082857e-08,2.0676266850830475e-08,2.0672203246688105e-08,2.0668141626109783e-08,2.06640819875482e-08,2.066002432946257e-08,2.0655968650317198e-08,2.065191494856829e-08,2.0647863222679856e-08,2.0643813471118292e-08,2.0639765692351767e-08,2.0635719884841897e-08,2.0631676047063498e-08,2.0627634177484137e-08,2.062359427458125e-08,2.0619556336825093e-08,2.0615520362691425e-08,2.0611486350656027e-08,2.0607454299204085e-08,2.0603424206812003e-08,2.0599396071964126e-08,2.0595369893140976e-08,2.0591345668828428e-08,2.058732339752062e-08,2.058330307770436e-08,2.057928470786847e-08,2.057526828650007e-08,2.0571253812095066e-08,2.0567241283148207e-08,2.05632306981619e-08,2.0559222055631764e-08,2.0555215354058038e-08,2.055121059194572e-08,2.0547207767791075e-08,2.0543206880103238e-08,2.053920792738767e-08,2.0535210908153993e-08,2.0531215820909425e-08,2.052722266416327e-08,2.0523231436434337e-08,2.0519242136234057e-08,2.0515254762080403e-08,2.0511269312489225e-08,2.050728578597483e-08,2.0503304181060958e-08,2.0499324496273518e-08,2.049534673013727e-08,2.0491370881171164e-08,2.0487396947903848e-08,2.0483424928865937e-08,2.0479454822583014e-08,2.0475486627589887e-08,2.0471520342416903e-08,2.046755596559946e-08,2.0463593495675842e-08,2.0459632931184014e-08,2.0455674270660382e-08,2.0451717512644896e-08,2.044776265568718e-08,2.044380969832688e-08,2.0439858639109157e-08,2.043590947657969e-08,2.043196220929118e-08,2.0428016835792073e-08,2.042407335462632e-08,2.0420131764356575e-08,2.0416192063533186e-08,2.0412254250715905e-08,2.0408318324452184e-08,2.0404384283310758e-08,2.040045212585261e-08,2.039652185063383e-08,2.0392593456219217e-08,2.0388666941180045e-08,2.0384742304079482e-08,2.038081954347744e-08,2.0376898657956375e-08,2.037297964608269e-08,2.0369062506425245e-08,2.0365147237562733e-08,2.0361233838068633e-08,2.0357322306521694e-08,2.0353412641498374e-08,2.0349504841577676e-08,2.0345598905347503e-08,2.034169483138526e-08,2.033779261827685e-08,2.0333892264610734e-08,2.03299937689748e-08,2.0326097129953387e-08,2.0322202346137208e-08,2.031830941612529e-08,2.0314418338503218e-08,2.0310529111863364e-08,2.0306641734807142e-08,2.0302756205935377e-08,2.029887252384454e-08,2.029499068713116e-08,2.029111069440305e-08,2.02872325442608e-08,2.0283356235314003e-08,2.0279481766163777e-08,2.027560913541725e-08,2.0271738340679137e-08,2.0267869382730363e-08,2.0264002257564623e-08,2.026013696523748e-08,2.0256273505694496e-08,2.0252411874879093e-08,2.0248552072806893e-08,2.0244694097395907e-08,2.024083794805739e-08,2.0236983625245955e-08,2.023313112409773e-08,2.0229280444501277e-08,2.0225431585704356e-08,2.0221584545943576e-08,2.021773932385649e-08,2.0213895918219698e-08,2.021005432780614e-08,2.02062145505691e-08,2.0202376585733175e-08,2.019854043201535e-08,2.019470608780281e-08,2.019087355173507e-08,2.0187042822453835e-08,2.018321389860053e-08,2.017938677881879e-08,2.0175561461753735e-08,2.01717379460512e-08,2.0167916230360555e-08,2.0164096313327822e-08,2.016027819360647e-08,2.0156461869847207e-08,2.0152647340704162e-08,2.014883460483233e-08,2.014502366088674e-08,2.0141214507524748e-08,2.0137407143405412e-08,2.0133601567189873e-08,2.0129797777539215e-08,2.012599577311722e-08,2.012219555258697e-08,2.0118397114614582e-08,2.0114600457867355e-08,2.0110805581014175e-08,2.010701248272511e-08,2.0103221161670795e-08,2.009943161652353e-08,2.0095643845956906e-08,2.0091857848648497e-08,2.0088073623273598e-08,2.0084291168510607e-08,2.0080510483038596e-08,2.0076731565537848e-08,2.0072954414692467e-08,2.0069179029182638e-08,2.006540540769492e-08,2.006163354891614e-08,2.0057863451533097e-08,2.0054095114235237e-08,2.0050328535710914e-08,2.004656371465369e-08,2.004280064975618e-08,2.0039039339711332e-08,2.0035279783216032e-08,2.0031521978965796e-08,2.0027765925660614e-08,2.0024011621998665e-08,2.0020259066681008e-08,2.001650825841018e-08,2.001275919588943e-08,2.0009011877823476e-08,2.000526630291845e-08,2.0001522469293138e-08,1.9997780375191005e-08,1.9994040021599347e-08,1.9990301407129548e-08,1.998656452884255e-08,1.998282938619885e-08,1.997909597762201e-08,1.9975364300656173e-08,1.997163435599137e-08,1.99679061422025e-08,1.9964179656458614e-08,1.9960454899509028e-08,1.9956731864128982e-08,1.9953010558741727e-08,1.9949290977217923e-08,1.9945573118412054e-08,1.994185698092803e-08,1.993814256250555e-08,1.9934429863696795e-08,1.993071888265701e-08,1.992700961797441e-08,1.992330206637962e-08,1.991959623013444e-08,1.9915892097213048e-08,1.9912189678483043e-08,1.9908488971808102e-08,1.9904789978412146e-08,1.9901092692175277e-08,1.98973971120474e-08,1.989370323721658e-08,1.9890011066715245e-08,1.9886320597780486e-08,1.9882631828317667e-08,1.987894476042243e-08,1.9875259391218698e-08,1.987157571980578e-08,1.9867893744253455e-08,1.986421346379428e-08,1.9860534876909383e-08,1.9856857982856207e-08,1.9853182779671703e-08,1.984950926656114e-08,1.9845837442221915e-08,1.9842167305641764e-08,1.9838498850589624e-08,1.983483208497984e-08,1.9831166998110873e-08,1.9827503598889e-08,1.982384188101534e-08,1.9820181842559227e-08,1.9816523486372408e-08,1.981286679824899e-08,1.980921179277494e-08,1.9805558463557855e-08,1.9801906801015514e-08,1.9798256810016703e-08,1.979460849894703e-08,1.9790961854158082e-08,1.978731688767791e-08,1.978367357896454e-08,1.9780031941762027e-08,1.977639196993523e-08,1.9772753662317195e-08,1.9769117017914182e-08,1.9765482030642952e-08,1.976184871358266e-08,1.975821705434085e-08,1.9754587045033064e-08,1.9750958698778533e-08,1.9747332006921263e-08,1.9743706969644173e-08,1.9740083586263508e-08,1.9736461855146554e-08,1.9732841775392824e-08,1.9729223337758265e-08,1.9725606555406843e-08,1.972199141880438e-08,1.9718377930394293e-08,1.9714766086650034e-08,1.9711155886447114e-08,1.9707547328975538e-08,1.9703940412821567e-08,1.970033513693856e-08,1.969673149930968e-08,1.9693129500329704e-08,1.968952913881517e-08,1.968593041211558e-08,1.968233331941927e-08,1.9678737855508606e-08,1.967514402814225e-08,1.9671551831256676e-08,1.9667961263859973e-08,1.9664372324965536e-08,1.9660785013147696e-08,1.965719932741859e-08,1.9653615262388673e-08,1.965003282431902e-08,1.9646452009552687e-08,1.964287281664551e-08,1.963929524337146e-08,1.963571928909091e-08,1.963214495286219e-08,1.9628572232425297e-08,1.9625001129824858e-08,1.9621431640062345e-08,1.9617863765108976e-08,1.961429749964325e-08,1.9610732845680907e-08,1.9607169801799656e-08,1.960360836623759e-08,1.9600048538068212e-08,1.959649031657858e-08,1.9592933699564803e-08,1.9589378686349698e-08,1.9585825276210176e-08,1.958227346842699e-08,1.957872325990625e-08,1.9575174650906688e-08,1.9571627640190425e-08,1.956808222617166e-08,1.9564538410862796e-08,1.956099618344056e-08,1.9557455554947675e-08,1.955391651764459e-08,1.955037907084047e-08,1.9546843218811532e-08,1.9543308951362797e-08,1.953977627221118e-08,1.953624517122246e-08,1.953271566444702e-08,1.9529187742082312e-08,1.9525661402251043e-08,1.9522136644602636e-08,1.951861347142362e-08,1.9515091875571346e-08,1.9511571858716164e-08,1.9508053409972336e-08,1.9504536547106173e-08,1.9501021259703558e-08,1.9497507550493024e-08,1.9493995401436036e-08,1.949048482487682e-08,1.9486975828357694e-08,1.948346840144911e-08,1.94799625421227e-08,1.9476458251248053e-08,1.9472955526882307e-08,1.9469454368510736e-08,1.9465954773815908e-08,1.946245673815939e-08,1.9458960260968806e-08,1.9455465352573822e-08,1.9451972005604786e-08,1.9448480215326526e-08,1.944498997857805e-08,1.94415013021746e-08,1.9438014181116442e-08,1.943452861406803e-08,1.9431044600383003e-08,1.9427562138729782e-08,1.9424081228292702e-08,1.942060186381786e-08,1.941712404338754e-08,1.9413647778428894e-08,1.9410173060438288e-08,1.9406699887886018e-08,1.9403228259805815e-08,1.9399758170104588e-08,1.9396289622538256e-08,1.9392822620796323e-08,1.9389357155254377e-08,1.9385893232497982e-08,1.938243084769731e-08,1.93789699993059e-08,1.9375510686534997e-08,1.937205290829364e-08,1.9368596663501647e-08,1.9365141951071804e-08,1.9361688770104526e-08,1.935823711927829e-08,1.935478699773852e-08,1.9351338399606865e-08,1.9347891332773428e-08,1.934444579438825e-08,1.9341001778450663e-08,1.9337559281805876e-08,1.933411831223474e-08,1.933067886418148e-08,1.932724093202038e-08,1.932380452393408e-08,1.932036963408346e-08,1.9316936261530746e-08,1.9313504405210782e-08,1.9310074064055483e-08,1.930664523531226e-08,1.930321792058129e-08,1.9299792118532822e-08,1.9296367822966783e-08,1.9292945033383694e-08,1.928952376087675e-08,1.9286103996093522e-08,1.9282685733923053e-08,1.9279268981193764e-08,1.9275853731809632e-08,1.927243998667835e-08,1.926902774457627e-08,1.9265617003946057e-08,1.9262207762032358e-08,1.9258800012743822e-08,1.925539376996353e-08,1.9251989016618488e-08,1.924858576352621e-08,1.9245184009152886e-08,1.9241783747347583e-08,1.9238384973764753e-08,1.923498769698223e-08,1.923159191250336e-08,1.9228197613021777e-08,1.9224804805844368e-08,1.9221413483454735e-08,1.9218023652184315e-08,1.921463530661629e-08,1.9211248444294786e-08,1.9207863067021778e-08,1.9204479172339903e-08,1.920109675972743e-08,1.919771582712696e-08,1.919433637401642e-08,1.91909583993659e-08,1.9187581898562403e-08,1.9184206877331866e-08,1.9180833331747238e-08,1.9177461259933624e-08,1.9174090656443605e-08,1.9170721530944257e-08,1.9167353876469568e-08,1.9163987692478566e-08,1.916062297770508e-08,1.915725972448171e-08,1.9153897944676537e-08,1.915053763143664e-08,1.914717877726419e-08,1.914382138423379e-08,1.9140465463356742e-08,1.9137111004565117e-08,1.913375800184241e-08,1.913040645880905e-08,1.9127056379893557e-08,1.9123707759469168e-08,1.9120360595907287e-08,1.9117014888356673e-08,1.9113670635725993e-08,1.911032783717043e-08,1.9106986491599595e-08,1.9103646590773823e-08,1.9100308148367467e-08,1.909697115055282e-08,1.909363560687658e-08,1.9090301511165373e-08,1.9086968855612402e-08,1.9083637645655497e-08,1.9080307887830234e-08,1.9076979573973556e-08,1.9073652703080602e-08,1.9070327273161365e-08,1.9067003276225857e-08,1.9063680728253e-08,1.9060359619263265e-08,1.9057039947904456e-08,1.9053721713903254e-08,1.9050404915909413e-08,1.9047089551967684e-08,1.90437756230184e-08,1.9040463127107808e-08,1.9037152058340985e-08,1.9033842425549005e-08,1.903053422283604e-08,1.902722744889029e-08,1.9023922097725375e-08,1.9020618179014434e-08,1.901731568292185e-08,1.901401461556764e-08,1.9010714971875246e-08,1.9007416751422955e-08,1.900411994785985e-08,1.900082457132807e-08,1.8997530615097785e-08,1.89942380732226e-08,1.899094695465771e-08,1.898765724981172e-08,1.8984368960669324e-08,1.8981082092206034e-08,1.897779663685343e-08,1.8974512594732768e-08,1.8971229965629235e-08,1.8967948747994267e-08,1.8964668935418418e-08,1.8961390538027283e-08,1.8958113549263818e-08,1.895483796737205e-08,1.8951563784074014e-08,1.8948291012429483e-08,1.894501964860646e-08,1.894174968856217e-08,1.8938481131396137e-08,1.893521397600174e-08,1.893194822111833e-08,1.8928683866234594e-08,1.8925420910943728e-08,1.8922159350868347e-08,1.891889919081947e-08,1.891564042676057e-08,1.891238305784677e-08,1.8909127082527454e-08,1.890587250130276e-08,1.8902619312966142e-08,1.8899367515235816e-08,1.8896117108201468e-08,1.8892868090882046e-08,1.8889620461930338e-08,1.8886374220265106e-08,1.8883129364446036e-08,1.8879885895192174e-08,1.8876643810886216e-08,1.8873403110719342e-08,1.8870163787987626e-08,1.8866925852677438e-08,1.8863689297964015e-08,1.886045412343381e-08,1.8857220322575675e-08,1.8853987905319644e-08,1.885075686522994e-08,1.884752720204096e-08,1.8844298913392442e-08,1.8841072000571747e-08,1.8837846459301922e-08,1.8834622286658814e-08,1.8831399491197228e-08,1.8828178062903253e-08,1.882495800771655e-08,1.8821739322135683e-08,1.8818522004119834e-08,1.881530605320965e-08,1.8812091468371423e-08,1.880887824847717e-08,1.8805666392651032e-08,1.8802455900037005e-08,1.8799246770430008e-08,1.879603900207687e-08,1.8792832594463953e-08,1.8789627546268867e-08,1.8786423850327624e-08,1.878322151895286e-08,1.8780020544496786e-08,1.8776820926114166e-08,1.877362266246761e-08,1.877042575463158e-08,1.8767230194392912e-08,1.8764035990753103e-08,1.8760843138639558e-08,1.8757651636956917e-08,1.875446148487914e-08,1.8751272680813545e-08,1.874808522069068e-08,1.874489911202713e-08,1.8741714349711768e-08,1.8738530931717206e-08,1.873534885836121e-08,1.8732168127815352e-08,1.8728988736269186e-08,1.872581068947532e-08,1.8722633983693796e-08,1.8719458616683754e-08,1.871628458809976e-08,1.871311189843052e-08,1.8709940545497855e-08,1.8706770521534454e-08,1.87036018356823e-08,1.8700434483954926e-08,1.8697268469839856e-08,1.8694103785244824e-08,1.869094043739981e-08,1.868777842001867e-08,1.8684617728791405e-08,1.8681458364104462e-08,1.8678300329508658e-08,1.8675143623977954e-08,1.867198824531984e-08,1.8668834191367484e-08,1.866568146366122e-08,1.8662530053345972e-08,1.8659379969315762e-08,1.865623120788468e-08,1.865308376737768e-08,1.8649937646149434e-08,1.864679284481298e-08,1.8643649360949894e-08,1.864050718932086e-08,1.8637366336282973e-08,1.8634226798375165e-08,1.8631088580124354e-08,1.8627951671423066e-08,1.862481607954211e-08,1.8621681795823774e-08,1.8618548827601715e-08,1.8615417171707176e-08,1.8612286823363773e-08,1.8609157787292294e-08,1.8606030058410625e-08,1.860290363615079e-08,1.8599778516819674e-08,1.859665470270913e-08,1.859353219330906e-08,1.8590410986857127e-08,1.8587291085720455e-08,1.8584172480851828e-08,1.858105518027984e-08,1.857793917808436e-08,1.857482447115001e-08,1.8571711067362843e-08,1.8568598960625416e-08,1.8565488145881316e-08,1.8562378627530165e-08,1.8559270407476655e-08,1.8556163481593172e-08,1.8553057848101862e-08,1.8549953507561795e-08,1.8546850457547997e-08,1.8543748698940515e-08,1.8540648235577697e-08,1.8537549055307856e-08,1.8534451164236185e-08,1.853135455898914e-08,1.852825924340584e-08,1.8525165209759185e-08,1.8522072461627906e-08,1.8518980996112257e-08,1.8515890819076575e-08,1.851280191844905e-08,1.850971429895623e-08,1.8506627959767257e-08,1.8503542900211318e-08,1.8500459119057423e-08,1.8497376615840252e-08,1.8494295385193244e-08,1.8491215434877484e-08,1.848813675489572e-08,1.8485059354095856e-08,1.8481983226840566e-08,1.847890837226632e-08,1.8475834787311043e-08,1.8472762471242902e-08,1.846969142977901e-08,1.8466621657750304e-08,1.84635531544868e-08,1.8460485918571193e-08,1.8457419949861313e-08,1.8454355246803032e-08,1.84512918090432e-08,1.8448229635513935e-08,1.8445168725497402e-08,1.8442109078159683e-08,1.8439050692672905e-08,1.843599356821508e-08,1.8432937699347492e-08,1.842988309447625e-08,1.8426829743483353e-08,1.8423777654890357e-08,1.8420726823169834e-08,1.8417677247080814e-08,1.8414628926714475e-08,1.841158185648505e-08,1.8408536044143265e-08,1.8405491483963745e-08,1.8402448176329428e-08,1.8399406119861725e-08,1.8396365313689797e-08,1.8393325752557237e-08,1.839028744460425e-08,1.8387250384473673e-08,1.8384214571396028e-08,1.8381180004637322e-08,1.8378146686306372e-08,1.8375114609686696e-08,1.837208377694617e-08,1.836905418595643e-08,1.8366025838100454e-08,1.8362998731990007e-08,1.8359972866011344e-08,1.835694824016313e-08,1.835392485284674e-08,1.8350902698981655e-08,1.8347881787420666e-08,1.834486211207269e-08,1.834184367247894e-08,1.833882646768317e-08,1.833581049743749e-08,1.8332795759982204e-08,1.8329782255111745e-08,1.832676998185729e-08,1.8323758943075712e-08,1.8320749131062005e-08,1.8317740548371892e-08,1.8314733193834735e-08,1.831172706745856e-08,1.8308722168337316e-08,1.830571849495645e-08,1.8302716046281848e-08,1.8299714822050723e-08,1.8296714822012292e-08,1.8293716044367748e-08,1.82907184888214e-08,1.8287722154917223e-08,1.8284727041144004e-08,1.828173314716549e-08,1.8278740472115715e-08,1.8275749015184922e-08,1.827275877563072e-08,1.8269769752655696e-08,1.8266781945398937e-08,1.8263795353128967e-08,1.826080997504211e-08,1.8257825811691643e-08,1.8254842859667535e-08,1.8251861119455765e-08,1.8248880590739963e-08,1.8245901272390488e-08,1.8242923163135775e-08,1.8239946262446445e-08,1.823697057031392e-08,1.8233996084837915e-08,1.823102280559583e-08,1.8228050731925725e-08,1.8225079863245017e-08,1.8222110198553706e-08,1.821914173709443e-08,1.8216174477944764e-08,1.8213208420548115e-08,1.82102435642347e-08,1.8207279908270797e-08,1.82043174513155e-08,1.820135619297723e-08,1.819839613252389e-08,1.8195437269350358e-08,1.819247960220155e-08,1.818952313053101e-08,1.8186567854212902e-08,1.818361377131945e-08,1.818066088164385e-08,1.817770918443107e-08,1.8174758678881053e-08,1.8171809364585302e-08,1.816886124014349e-08,1.8165914304969042e-08,1.8162968558528233e-08,1.8160023999868584e-08,1.8157080628670495e-08,1.815413844391343e-08,1.815119744456975e-08,1.8148257629997223e-08,1.8145319003172427e-08,1.814238155554409e-08,1.8139445290486582e-08,1.8136510207156133e-08,1.81335763051317e-08,1.813064358349299e-08,1.8127712040954463e-08,1.8124781677767182e-08,1.8121852492496843e-08,1.811892448389809e-08,1.8115997651773172e-08,1.8113071995345075e-08,1.8110147514962143e-08,1.81072242077547e-08,1.810430207397844e-08,1.8101381112925553e-08,1.8098461323848108e-08,1.8095542706047193e-08,1.8092625258720693e-08,1.8089708980475118e-08,1.8086793872781454e-08,1.8083879932314722e-08,1.8080967159339918e-08,1.807805555347089e-08,1.807514511325817e-08,1.8072235838231918e-08,1.8069327727835592e-08,1.8066420781088434e-08,1.806351499750109e-08,1.8060610376425058e-08,1.805770691656455e-08,1.8054804617479513e-08,1.8051903478594226e-08,1.804900349887868e-08,1.804610467810771e-08,1.804320701484473e-08,1.80403105087369e-08,1.8037415158940767e-08,1.8034520964909948e-08,1.8031627925663544e-08,1.802873604035648e-08,1.8025845308806642e-08,1.8022955729949265e-08,1.802006730311785e-08,1.8017180027500423e-08,1.8014293902292085e-08,1.8011408927382714e-08,1.800852510107092e-08,1.8005642423126525e-08,1.8002760892745567e-08,1.7999880509523683e-08,1.799700127211847e-08,1.799412318009297e-08,1.7991246232774472e-08,1.7988370429422627e-08,1.798549577086512e-08,1.7982622252912184e-08,1.797974987751553e-08,1.7976878643075007e-08,1.797400854877258e-08,1.7971139593963697e-08,1.796827177861063e-08,1.7965405100885987e-08,1.7962539560867156e-08,1.7959675157379614e-08,1.7956811889914972e-08,1.795394975807534e-08,1.7951088760873565e-08,1.794822889718219e-08,1.794537016664677e-08,1.7942512568560887e-08,1.7939656103072117e-08,1.793680076777714e-08,1.793394656275741e-08,1.7931093488351443e-08,1.7928241542205136e-08,1.79253907237901e-08,1.792254103293588e-08,1.7919692470326332e-08,1.791684503223301e-08,1.7913998719427222e-08,1.7911153531275625e-08,1.7908309466990635e-08,1.7905466526154497e-08,1.7902624709106603e-08,1.789978401019102e-08,1.7896944434442782e-08,1.78941059814557e-08,1.7891268645900574e-08,1.7888432429196822e-08,1.7885597334357345e-08,1.788276335351576e-08,1.7879930489929822e-08,1.7877098742517913e-08,1.787426811059319e-08,1.787143859333345e-08,1.786861018984082e-08,1.7865782899943247e-08,1.786295672278786e-08,1.7860131657543774e-08,1.7857307703290567e-08,1.7854484859816363e-08,1.7851663128544084e-08,1.7848842504095673e-08,1.7846022988023203e-08,1.7843204579752986e-08,1.7840387279037247e-08,1.7837571084256594e-08,1.783475599584932e-08,1.7831942011835742e-08,1.7829129132244513e-08,1.7826317356355346e-08,1.7823506683322214e-08,1.7820697112431187e-08,1.7817888643324635e-08,1.7815081275041852e-08,1.7812275007276912e-08,1.7809469838776538e-08,1.780666576931752e-08,1.780386280349043e-08,1.780106092938157e-08,1.7798260152052438e-08,1.7795460470825817e-08,1.7792661884979736e-08,1.7789864392335767e-08,1.7787067995724327e-08,1.778427269560448e-08,1.7781478488699437e-08,1.7778685369722207e-08,1.77758933421927e-08,1.7773102405242786e-08,1.777031255825673e-08,1.776752380062249e-08,1.776473613181806e-08,1.7761949550942966e-08,1.7759164056987553e-08,1.775637964971234e-08,1.7753596326134874e-08,1.7750814089902652e-08,1.7748032938247617e-08,1.7745252870465596e-08,1.7742473885904996e-08,1.773969598392125e-08,1.773691916370472e-08,1.7734143424906565e-08,1.7731368766523157e-08,1.7728595187968697e-08,1.7725822689175945e-08,1.772305126846146e-08,1.7720280925483576e-08,1.7717511656530043e-08,1.771474346728196e-08,1.7711976353913324e-08,1.7709210315684965e-08,1.7706445353624843e-08,1.7703681463797676e-08,1.7700918647164215e-08,1.7698156900734708e-08,1.7695396228652892e-08,1.7692636627656868e-08,1.7689878096882053e-08,1.7687120636271152e-08,1.7684364244899683e-08,1.7681608922050748e-08,1.7678854667123366e-08,1.767610147954287e-08,1.767334935855182e-08,1.7670598303413367e-08,1.7667848313807083e-08,1.7665099388464902e-08,1.7662351527556987e-08,1.765960472956789e-08,1.7656858994147762e-08,1.7654114320737486e-08,1.765137070860835e-08,1.7648628157159114e-08,1.76458866657682e-08,1.764314623330979e-08,1.764040685941735e-08,1.7637668543891528e-08,1.7634931286162587e-08,1.7632195085433696e-08,1.7629459942538992e-08,1.762672585315681e-08,1.7623992818288418e-08,1.762126083781646e-08,1.761852991089868e-08,1.7615800036856954e-08,1.7613071215581144e-08,1.7610343445362062e-08,1.7607616726092542e-08,1.7604891057089418e-08,1.7602166437753983e-08,1.7599442867432243e-08,1.7596720345468792e-08,1.7593998870434083e-08,1.759127844322678e-08,1.7588559062580797e-08,1.7585840727656526e-08,1.7583123437889768e-08,1.758040719228808e-08,1.75776919913686e-08,1.7574977833231944e-08,1.7572264717664287e-08,1.7569552642315213e-08,1.7566841613864606e-08,1.756413162236545e-08,1.7561422670868643e-08,1.755871475903714e-08,1.755600788568565e-08,1.7553302050166577e-08,1.7550597252317298e-08,1.7547893491708094e-08,1.754519077222176e-08,1.754248908363775e-08,1.7539788429692292e-08,1.753708880962119e-08,1.7534390220184215e-08,1.7531692665248833e-08,1.7528996144450285e-08,1.752630065678237e-08,1.7523606199544672e-08,1.7520912772886016e-08,1.7518220375040893e-08,1.7515529007212593e-08,1.7512838668441904e-08,1.751014935780614e-08,1.7507461074663616e-08,1.7504773812479245e-08,1.750208758227745e-08,1.7499402378098493e-08,1.7496718197653663e-08,1.749403504187723e-08,1.7491352910241987e-08,1.7488671801209656e-08,1.7485991715085982e-08,1.7483312651063142e-08,1.7480634607539714e-08,1.7477957584670155e-08,1.7475281581723183e-08,1.7472606598590445e-08,1.7469932634400723e-08,1.7467259688358044e-08,1.7464587759562302e-08,1.746191684722581e-08,1.7459246951642112e-08,1.7456578071251617e-08,1.7453910206138004e-08,1.7451243355611192e-08,1.7448577518880085e-08,1.7445912695009477e-08,1.744324888406837e-08,1.744058608503269e-08,1.7437924297417666e-08,1.7435263520112784e-08,1.7432603753392694e-08,1.7429945000077954e-08,1.74272872515116e-08,1.742463051151659e-08,1.74219747792161e-08,1.741932005446916e-08,1.741666633600395e-08,1.7414013623321994e-08,1.74113619155638e-08,1.7408711211099193e-08,1.7406061519866812e-08,1.7403412823928472e-08,1.7400765131295056e-08,1.7398118441295056e-08,1.7395472749804477e-08,1.739282806188901e-08,1.7390184371104048e-08,1.7387541683353173e-08,1.738489999503414e-08,1.738225930638879e-08,1.7379619616642313e-08,1.7376980919065745e-08,1.7374343223157117e-08,1.737170652205117e-08,1.7369070816090633e-08,1.7366436105333647e-08,1.736380238935632e-08,1.7361169667620437e-08,1.7358537938454687e-08,1.7355907201494094e-08,1.7353277459587086e-08,1.7350648709552728e-08,1.7348020947110738e-08,1.7345394175229445e-08,1.734276839754461e-08,1.734014360398381e-08,1.7337519799251016e-08,1.7334896982358785e-08,1.7332275152766744e-08,1.732965431019191e-08,1.7327034453243166e-08,1.732441558199335e-08,1.732179769576296e-08,1.7319180793749783e-08,1.7316564875479198e-08,1.731394993991039e-08,1.7311335990235348e-08,1.730872301859895e-08,1.7306111029396267e-08,1.7303500020987104e-08,1.73008899929699e-08,1.7298280944398766e-08,1.7295672874427617e-08,1.72930657846001e-08,1.729045967033895e-08,1.7287854533980603e-08,1.728525037470441e-08,1.7282647191599852e-08,1.72800449837576e-08,1.7277443751156264e-08,1.727484349309967e-08,1.7272244208817983e-08,1.7269645897595323e-08,1.7267048559210004e-08,1.726445219266809e-08,1.7261856797582267e-08,1.725926237341077e-08,1.725666891955749e-08,1.7254076432507e-08,1.7251484917550742e-08,1.724889437155974e-08,1.7246304792193922e-08,1.724371618158039e-08,1.7241128537474145e-08,1.7238541861711514e-08,1.7235956149810385e-08,1.723337140175175e-08,1.7230787622016215e-08,1.722820480514769e-08,1.72256229501487e-08,1.722304205837178e-08,1.7220462132176804e-08,1.7217883163917516e-08,1.7215305157303958e-08,1.7212728114463244e-08,1.7210152026857167e-08,1.720757689974363e-08,1.7205002731461236e-08,1.7202429523157018e-08,1.719985727080491e-08,1.7197285974565434e-08,1.719471563521402e-08,1.719214625153461e-08,1.71895778244369e-08,1.7187010352004976e-08,1.718444383408941e-08,1.7181878266097977e-08,1.7179313657287517e-08,1.717674999925519e-08,1.717418729325935e-08,1.7171625543023018e-08,1.716906473915383e-08,1.7166504882304714e-08,1.7163945982469316e-08,1.716138802808522e-08,1.7158831027943135e-08,1.7156274969194378e-08,1.7153719861671224e-08,1.7151165698508872e-08,1.714861248183828e-08,1.7146060215398172e-08,1.7143508889857017e-08,1.7140958513058356e-08,1.7138409079204396e-08,1.713586058543382e-08,1.7133313040273603e-08,1.713076643317542e-08,1.712822077007987e-08,1.7125676046320698e-08,1.7123132263616386e-08,1.7120589424019472e-08,1.7118047521704437e-08,1.7115506558312444e-08,1.7112966535243363e-08,1.7110427447501214e-08,1.7107889303658328e-08,1.7105352090568316e-08,1.7102815818029187e-08,1.7100280477979396e-08,1.7097746073356422e-08,1.70952126052984e-08,1.7092680070035576e-08,1.7090148470052395e-08,1.7087617804021522e-08,1.708508807218899e-08,1.70825592697387e-08,1.708003140116215e-08,1.707750446234719e-08,1.7074978453064545e-08,1.7072453371867575e-08,1.7069929221748253e-08,1.7067406002380636e-08,1.706488370769139e-08,1.706236234137061e-08,1.7059841898330554e-08,1.705732238718692e-08,1.7054803800349712e-08,1.705228613802967e-08,1.7049769401421318e-08,1.7047253591091237e-08,1.7044738706595166e-08,1.704222474347722e-08,1.7039711702741695e-08,1.7037199584682693e-08,1.7034688387076567e-08,1.7032178113287593e-08,1.702966875754929e-08,1.7027160325410632e-08,1.7024652809393354e-08,1.7022146212492147e-08,1.7019640533842284e-08,1.7017135777932455e-08,1.7014631934976185e-08,1.701212901270055e-08,1.7009627003027377e-08,1.7007125913149846e-08,1.7004625735827476e-08,1.700212647210294e-08,1.6999628123052292e-08,1.6997130688428425e-08,1.6994634164826153e-08,1.699213855658073e-08,1.698964385876735e-08,1.6987150071356696e-08,1.698465719606673e-08,1.6982165231682072e-08,1.6979674177491866e-08,1.697718403127695e-08,1.6974694794160313e-08,1.6972206465502405e-08,1.6969719045850544e-08,1.696723253713674e-08,1.6964746930250856e-08,1.696226223014745e-08,1.6959778435656146e-08,1.695729554832603e-08,1.6954813561765295e-08,1.6952332482654572e-08,1.694985231028639e-08,1.6947373031935322e-08,1.6944894662098685e-08,1.694241719433869e-08,1.693994062840102e-08,1.693746496673693e-08,1.69349902023953e-08,1.693251633791234e-08,1.6930043373744266e-08,1.6927571307638747e-08,1.6925100140316497e-08,1.6922629870761787e-08,1.6920160498649305e-08,1.6917692023330206e-08,1.691522444467179e-08,1.6912757762874605e-08,1.691029198078116e-08,1.6907827087511384e-08,1.690536309060478e-08,1.6902899986228585e-08,1.690043777715456e-08,1.689797645873499e-08,1.689551603259973e-08,1.6893056497823474e-08,1.6890597856547413e-08,1.6888140100993843e-08,1.6885683238788452e-08,1.6883227266588972e-08,1.6880772183036456e-08,1.68783179908207e-08,1.6875864682822327e-08,1.6873412264040347e-08,1.687096073223814e-08,1.6868510086877734e-08,1.6866060326716668e-08,1.686361145321807e-08,1.6861163464435176e-08,1.6858716360602123e-08,1.6856270140702217e-08,1.685382480461497e-08,1.6851380353034814e-08,1.6848936782434986e-08,1.6846494096309105e-08,1.6844052289183932e-08,1.6841611363164448e-08,1.6839171317495435e-08,1.6836732154612747e-08,1.6834293867060434e-08,1.6831856461639807e-08,1.6829419932478705e-08,1.6826984281612475e-08,1.6824549510398438e-08,1.6822115615881322e-08,1.681968259652643e-08,1.6817250454569073e-08,1.6814819186481335e-08,1.6812388793395195e-08,1.680995927479929e-08,1.6807530629061803e-08,1.680510285823323e-08,1.6802675958396313e-08,1.6800249932827616e-08,1.6797824779093532e-08,1.6795400498635403e-08,1.6792977085801188e-08,1.6790554545630442e-08,1.6788132874722686e-08,1.678571207300728e-08,1.6783292140578666e-08,1.6780873075600982e-08,1.6778454880145284e-08,1.6776037550401628e-08,1.6773621089163198e-08,1.6771205494303134e-08,1.6768790765470853e-08,1.6766376902266874e-08,1.6763963904124125e-08,1.6761551768752214e-08,1.6759140497809597e-08,1.6756730091988558e-08,1.675432054887468e-08,1.6751911868231778e-08,1.6749504048628286e-08,1.6747097094328503e-08,1.6744690997728614e-08,1.6742285762800385e-08,1.673988138768236e-08,1.6737477872424132e-08,1.6735075216180624e-08,1.673267341841881e-08,1.6730272478952512e-08,1.6727872397074108e-08,1.6725473172349176e-08,1.672307480449779e-08,1.672067729550714e-08,1.671828063958052e-08,1.6715884839076275e-08,1.6713489893046827e-08,1.671109580355198e-08,1.6708702567164558e-08,1.6706310180825908e-08,1.6703918650239393e-08,1.6701527970471616e-08,1.6699138141345814e-08,1.6696749163309004e-08,1.669436103781989e-08,1.6691973763988182e-08,1.6689587340035844e-08,1.6687201763720898e-08,1.6684817038325218e-08,1.668243316110046e-08,1.6680050129292e-08,1.667766794556747e-08,1.6675286609150666e-08,1.6672906119860482e-08,1.667052647689941e-08,1.66681476792559e-08,1.6665769725150006e-08,1.6663392618932524e-08,1.666101635494296e-08,1.6658640933279475e-08,1.6656266356391233e-08,1.665389262218059e-08,1.665151973136649e-08,1.6649147681203642e-08,1.6646776474275447e-08,1.664440610501397e-08,1.6642036577307398e-08,1.663966788853459e-08,1.6637300040084225e-08,1.663493302957007e-08,1.663256685859805e-08,1.6630201524030434e-08,1.662783702700241e-08,1.6625473367491068e-08,1.6623110543671152e-08,1.6620748555932753e-08,1.6618387407687712e-08,1.6616027092466835e-08,1.6613667610504706e-08,1.6611308964229334e-08,1.6608951151885932e-08,1.6606594172725967e-08,1.6604238025081738e-08,1.6601882710878698e-08,1.6599528229557673e-08,1.6597174578609413e-08,1.6594821759629407e-08,1.6592469770334843e-08,1.659011861077277e-08,1.6587768278960353e-08,1.65854187782366e-08,1.6583070104613955e-08,1.658072225853413e-08,1.6578375242017088e-08,1.657602905248658e-08,1.6573683688109398e-08,1.6571339149914438e-08,1.656899543931879e-08,1.656665255231675e-08,1.6564310491948035e-08,1.656196925620746e-08,1.6559628844338557e-08,1.6557289255832402e-08,1.6554950490500877e-08,1.6552612547746066e-08,1.6550275425994847e-08,1.654793912790838e-08,1.654560365000868e-08,1.6543268991336128e-08,1.6540935154592418e-08,1.6538602136632422e-08,1.6536269937320505e-08,1.653393856053893e-08,1.653160800152395e-08,1.6529278259269405e-08,1.6526949334663594e-08,1.6524621226947965e-08,1.65222939319114e-08,1.651996745516323e-08,1.6517641795913808e-08,1.6515316953733047e-08,1.6512992924830817e-08,1.6510669709838655e-08,1.650834730903913e-08,1.6506025721594194e-08,1.6503704945331106e-08,1.6501384983501943e-08,1.6499065834354103e-08,1.649674749602347e-08,1.6494429969413773e-08,1.6492113253697693e-08,1.648979734773511e-08,1.6487482251352864e-08,1.6485167961098396e-08,1.6482854481446188e-08,1.6480541815680393e-08,1.6478229954980163e-08,1.647591890123077e-08,1.6473608654372898e-08,1.647129921418998e-08,1.6468990580429883e-08,1.6466682752188642e-08,1.646437573126221e-08,1.6462069513202335e-08,1.645976409947643e-08,1.645745948988865e-08,1.645515568308876e-08,1.645285268025448e-08,1.6450550480156626e-08,1.6448249081497592e-08,1.6445948485039213e-08,1.644364869018514e-08,1.6441349697128895e-08,1.6439051503265392e-08,1.6436754109266146e-08,1.6434457515225346e-08,1.6432161720002823e-08,1.642986672462552e-08,1.642757252630525e-08,1.6425279125741362e-08,1.6422986522739207e-08,1.6420694716316798e-08,1.6418403706509607e-08,1.6416113490963645e-08,1.641382407254873e-08,1.64115354463059e-08,1.640924761745553e-08,1.6406960583178822e-08,1.6404674342675658e-08,1.640238889565004e-08,1.6400104241566237e-08,1.63978203798588e-08,1.639553731018211e-08,1.639325503225621e-08,1.6390973545797507e-08,1.6388692850408886e-08,1.638641294473146e-08,1.638413382890542e-08,1.638185550278029e-08,1.637957796510288e-08,1.637730121623318e-08,1.6375025254547516e-08,1.637275008231502e-08,1.6370475697152697e-08,1.6368202098476735e-08,1.6365929285942993e-08,1.6363657259255242e-08,1.636138601897317e-08,1.635911556288102e-08,1.6356845891450845e-08,1.6354577004240708e-08,1.6352308900817086e-08,1.6350041581465954e-08,1.634777504438493e-08,1.6345509289796304e-08,1.6343244317306557e-08,1.634098012663842e-08,1.6338716717156238e-08,1.6336454087639935e-08,1.6334192239644825e-08,1.633193117110112e-08,1.6329670883374742e-08,1.6327411370596988e-08,1.632515263850273e-08,1.632289468613042e-08,1.6320637510702165e-08,1.6318381112897094e-08,1.631612549200252e-08,1.631387064614819e-08,1.6311616573201215e-08,1.630936328012689e-08,1.6307110762586185e-08,1.6304859020027833e-08,1.6302608051788085e-08,1.630035785766772e-08,1.6298108438744084e-08,1.6295859791188856e-08,1.6293611917142753e-08,1.6291364814508805e-08,1.62891184838962e-08,1.628687292471226e-08,1.628462813630148e-08,1.6282384118559582e-08,1.628014087087009e-08,1.6277898397876276e-08,1.6275656689876594e-08,1.627341575042097e-08,1.6271175579788418e-08,1.626893617692565e-08,1.6266697543912726e-08,1.626445967571074e-08,1.6262222574845598e-08,1.6259986238606352e-08,1.6257750670086314e-08,1.6255515866142392e-08,1.625328182803266e-08,1.625104855455375e-08,1.6248816045052686e-08,1.6246584299644535e-08,1.624435331730173e-08,1.6242123099070942e-08,1.6239893643056085e-08,1.6237664949235183e-08,1.6235437015475474e-08,1.6233209844843974e-08,1.6230983435695947e-08,1.6228757786602107e-08,1.6226532897552388e-08,1.6224308766418534e-08,1.6222085394615526e-08,1.621986278331817e-08,1.6217640930374016e-08,1.6215419834128262e-08,1.621319949710738e-08,1.6210979922040896e-08,1.6208761098530588e-08,1.6206543028654503e-08,1.6204325716817366e-08,1.6202109162367385e-08,1.6199893361239662e-08,1.6197678316766758e-08,1.6195464029394134e-08,1.619325049141151e-08,1.619103771389855e-08,1.6188825684514675e-08,1.6186614407916126e-08,1.618440388410333e-08,1.618219411183208e-08,1.6179985091623685e-08,1.6177776822024666e-08,1.6175569302410377e-08,1.6173362533443954e-08,1.617115651498736e-08,1.6168951245891314e-08,1.616674672407746e-08,1.616454295297284e-08,1.6162339929930306e-08,1.616013765489025e-08,1.6157936129610246e-08,1.6155735349130954e-08,1.6153535315334664e-08,1.615133602777533e-08,1.6149137486163694e-08,1.6146939690041918e-08,1.6144742640265757e-08,1.6142546333978204e-08,1.614035077191747e-08,1.6138155953778943e-08,1.6135961879054145e-08,1.6133768547728068e-08,1.6131575960104618e-08,1.6129384113374644e-08,1.6127193008415744e-08,1.6125002646738525e-08,1.612281302415913e-08,1.6120624143661726e-08,1.6118436002026257e-08,1.611624860030302e-08,1.6114061938382232e-08,1.6111876015367996e-08,1.6109690827717907e-08,1.610750638164828e-08,1.6105322673456022e-08,1.6103139702177846e-08,1.6100957468046484e-08,1.6098775970561888e-08,1.609659521038263e-08,1.6094415185206485e-08,1.6092235896448437e-08,1.609005734188506e-08,1.608787952281563e-08,1.6085702438074267e-08,1.608352608813754e-08,1.6081350470500987e-08,1.607917558599972e-08,1.6077001434272253e-08,1.6074828015195964e-08,1.607265532392604e-08,1.6070483368030372e-08,1.6068312143155006e-08,1.6066141649271237e-08,1.6063971885130754e-08,1.6061802851799756e-08,1.6059634547916165e-08,1.6057466972191663e-08,1.6055300126346776e-08,1.6053134009371607e-08,1.605096862011906e-08,1.604880395664495e-08,1.6046640022581663e-08,1.6044476815034657e-08,1.6042314334019128e-08,1.6040152579110764e-08,1.6037991549817482e-08,1.6035831244921057e-08,1.6033671665972826e-08,1.6031512811567106e-08,1.6029354681372547e-08,1.6027197275057322e-08,1.6025040595459433e-08,1.6022884635815697e-08,1.6020729397953117e-08,1.6018574882827596e-08,1.6016421089879144e-08,1.6014268018898188e-08,1.6012115668172264e-08,1.6009964038496252e-08,1.6007813129115062e-08,1.6005662939546884e-08,1.6003513469333954e-08,1.6001364718677617e-08,1.5999216686409705e-08,1.599706937259634e-08,1.5994922776778625e-08,1.599277689857944e-08,1.5990631737916008e-08,1.598848729428944e-08,1.598634356675417e-08,1.5984200555324627e-08,1.5982058259952406e-08,1.5979916680315675e-08,1.5977775815227833e-08,1.5975635664395104e-08,1.59734962272943e-08,1.5971357504512612e-08,1.5969219494559614e-08,1.596708219831534e-08,1.596494561475388e-08,1.5962809742889165e-08,1.5960674584027684e-08,1.595854013622224e-08,1.5956406401612583e-08,1.595427337579437e-08,1.595214106138894e-08,1.5950009456357718e-08,1.5947878560674407e-08,1.5945748374268292e-08,1.594361889628949e-08,1.594149012685629e-08,1.5939362066212242e-08,1.5937234715075512e-08,1.5935108069648404e-08,1.5932982131349696e-08,1.5930856899735386e-08,1.5928732374364148e-08,1.5926608554923287e-08,1.5924485441043428e-08,1.5922363032646852e-08,1.5920241328736167e-08,1.5918120328635763e-08,1.591600003323654e-08,1.5913880441891693e-08,1.5911761553307607e-08,1.5909643368185324e-08,1.5907525888308065e-08,1.5905409108042352e-08,1.5903293029224252e-08,1.590117765268882e-08,1.5899062976466565e-08,1.5896949000959884e-08,1.5894835725324766e-08,1.5892723150006143e-08,1.5890611274153438e-08,1.5888500099476823e-08,1.588638962196627e-08,1.5884279842446748e-08,1.588217076166044e-08,1.5880062379066084e-08,1.5877954693524012e-08,1.587584770498908e-08,1.587374141321414e-08,1.5871635817971734e-08,1.5869530918419453e-08,1.5867426715427307e-08,1.5865323206649957e-08,1.5863220392721243e-08,1.586111827328241e-08,1.5859016847353035e-08,1.5856916115484115e-08,1.585481607732056e-08,1.585271673169116e-08,1.5850618078944385e-08,1.5848520120154583e-08,1.5846422851728475e-08,1.5844326275075866e-08,1.5842230389591425e-08,1.5840135194323958e-08,1.5838040690161835e-08,1.5835946876189412e-08,1.5833853751347924e-08,1.5831761316411112e-08,1.5829669569985292e-08,1.5827578513936257e-08,1.5825488145081952e-08,1.5823398465038896e-08,1.5821309470555984e-08,1.5819221164580863e-08,1.5817133545708068e-08,1.5815046612804592e-08,1.5812960366247307e-08,1.5810874804509628e-08,1.5808789929015127e-08,1.5806705745634612e-08,1.5804622239139226e-08,1.5802539418720075e-08,1.5800457281917095e-08,1.5798375828520328e-08,1.5796295058347583e-08,1.57942149733414e-08,1.5792135568653826e-08,1.579005684627362e-08,1.5787978805929375e-08,1.578590144701558e-08,1.5783824769663013e-08,1.5781748772486895e-08,1.5779673455160448e-08,1.577759881896379e-08,1.5775524861487467e-08,1.5773451584386516e-08,1.5771378985991866e-08,1.5769307065834156e-08,1.576723582428708e-08,1.576516526070342e-08,1.5763095374729418e-08,1.5761026166151577e-08,1.5758957634042534e-08,1.575688977884282e-08,1.575482259363114e-08,1.5752756090441364e-08,1.5750690262758164e-08,1.574862510983239e-08,1.5746560632196802e-08,1.5744496828861276e-08,1.574243369961795e-08,1.5740371244326283e-08,1.5738309463393204e-08,1.5736248354566892e-08,1.5734187918235546e-08,1.5732128154247174e-08,1.5730069062244707e-08,1.572801064190008e-08,1.5725952892924917e-08,1.572389581482124e-08,1.5721839407090746e-08,1.5719783669831704e-08,1.5717728600407977e-08,1.571567420225656e-08,1.5713620473469728e-08,1.5711567410497415e-08,1.5709515018544427e-08,1.570746329551919e-08,1.5705412245425718e-08,1.5703361858437784e-08,1.5701312137906426e-08,1.569926308430858e-08,1.5697214698554805e-08,1.5695166980480403e-08,1.5693119923844024e-08,1.5691073531771405e-08,1.568902780673224e-08,1.5686982746890728e-08,1.5684938351134952e-08,1.568289461913175e-08,1.5680851550953704e-08,1.5678809146237584e-08,1.5676767404360953e-08,1.5674726325311568e-08,1.567268590859316e-08,1.5670646153863335e-08,1.5668607060730045e-08,1.5666568629284763e-08,1.5664530858331977e-08,1.5662493748019537e-08,1.5660457297974448e-08,1.565842150783205e-08,1.5656386376557187e-08,1.565435190522977e-08,1.565231808498866e-08,1.5650284931234344e-08,1.5648252435706412e-08,1.564622059783992e-08,1.5644189417675306e-08,1.564215889480544e-08,1.564012902878865e-08,1.5638099821012802e-08,1.5636071267377436e-08,1.563404337002053e-08,1.563201612786337e-08,1.5629989541193386e-08,1.562796361077717e-08,1.5625938333388294e-08,1.5623913710178145e-08,1.5621889740808633e-08,1.5619866424947106e-08,1.5617843762254886e-08,1.5615821752422432e-08,1.5613800395065457e-08,1.5611779692235215e-08,1.560975963887329e-08,1.5607740238074478e-08,1.5605721487407042e-08,1.5603703387584184e-08,1.56016859381997e-08,1.559966913897437e-08,1.5597652989573948e-08,1.5595637489718623e-08,1.5593622638974027e-08,1.559160843887548e-08,1.5589594885451714e-08,1.5587581980190787e-08,1.558556972204321e-08,1.5583558112112444e-08,1.5581547149541716e-08,1.5579536833614773e-08,1.5577527164644772e-08,1.5575518141397445e-08,1.557350976401658e-08,1.5571502032181527e-08,1.5569494945517495e-08,1.5567488502663758e-08,1.5565482703070952e-08,1.55634775487078e-08,1.556147303783711e-08,1.555946917210815e-08,1.555746594817923e-08,1.5555463367355173e-08,1.5553461430619373e-08,1.555146013575189e-08,1.554945948274498e-08,1.5547459471361346e-08,1.5545460101194853e-08,1.554346137631894e-08,1.554146328664499e-08,1.5539465838238853e-08,1.5537469029765313e-08,1.5535472860899513e-08,1.5533477331315462e-08,1.5531482440755966e-08,1.5529488188754787e-08,1.5527494575162515e-08,1.552550159948088e-08,1.552350926296183e-08,1.5521517562292985e-08,1.551952649862787e-08,1.5517536071566924e-08,1.5515546280830878e-08,1.5513557126403574e-08,1.551156860745166e-08,1.550958072283408e-08,1.5507593478117602e-08,1.5505606864399915e-08,1.5503620884964107e-08,1.5501635539783642e-08,1.5499650828319188e-08,1.5497666750390684e-08,1.5495683305440458e-08,1.5493700493557684e-08,1.549171831452544e-08,1.5489736767089138e-08,1.5487755851598876e-08,1.5485775567590983e-08,1.5483795915023788e-08,1.5481816893128034e-08,1.5479838501770534e-08,1.547786074144569e-08,1.5475883610213843e-08,1.5473907108560663e-08,1.547193123592191e-08,1.5469955992413207e-08,1.5467981377747168e-08,1.5466007391341255e-08,1.5464034033025834e-08,1.546206130178244e-08,1.5460089198658762e-08,1.5458117722483108e-08,1.5456146872623004e-08,1.545417664886236e-08,1.5452207051883747e-08,1.5450238080794766e-08,1.5448269735172155e-08,1.5446302014670344e-08,1.5444334913571316e-08,1.5442368442391867e-08,1.5440402594875663e-08,1.5438437372606937e-08,1.543647277298377e-08,1.543450879634222e-08,1.543254544697167e-08,1.5430582717040912e-08,1.542862060875727e-08,1.5426659122601342e-08,1.5424698258073145e-08,1.542273801174498e-08,1.5420778388484278e-08,1.5418819386782083e-08,1.5416861005841133e-08,1.541490324512571e-08,1.5412946104255422e-08,1.5410989582804068e-08,1.5409033679815087e-08,1.540707839651394e-08,1.5405123731838376e-08,1.5403169685351854e-08,1.5401216256770854e-08,1.5399263445984055e-08,1.5397311252494773e-08,1.5395359675975254e-08,1.539340871613581e-08,1.539145837166974e-08,1.538950864430926e-08,1.5387559532626924e-08,1.5385611037074716e-08,1.5383663156258953e-08,1.538171589022766e-08,1.5379769238756253e-08,1.5377823202285474e-08,1.5375877778893053e-08,1.5373932969165368e-08,1.5371988772775772e-08,1.5370045188180928e-08,1.5368102217485214e-08,1.536615985908125e-08,1.5364218113758607e-08,1.5362276979183055e-08,1.536033645616119e-08,1.535839654349064e-08,1.535645724249071e-08,1.5354518552026002e-08,1.5352580475108096e-08,1.535064300593697e-08,1.5348706145321555e-08,1.534676989397051e-08,1.5344834252153112e-08,1.534289921914662e-08,1.5340964793978092e-08,1.5339030976933578e-08,1.5337097767679785e-08,1.5335165166079306e-08,1.5333233171482817e-08,1.5331301789597592e-08,1.5329371009092833e-08,1.5327440834518353e-08,1.5325511264361472e-08,1.5323582303765657e-08,1.5321653944156615e-08,1.5319726191642815e-08,1.5317799043954956e-08,1.531587250109957e-08,1.531394656180794e-08,1.5312021225375193e-08,1.531009648724668e-08,1.5308172359128224e-08,1.530624883350187e-08,1.5304325910539084e-08,1.5302403589943032e-08,1.530048187071249e-08,1.5298560753965218e-08,1.5296640238681148e-08,1.529472032459552e-08,1.5292801011342065e-08,1.529088229856232e-08,1.5288964185332947e-08,1.528704667447735e-08,1.528512976163713e-08,1.5283213448085846e-08,1.528129773375436e-08,1.5279382618188256e-08,1.5277468101285935e-08,1.5275554180784006e-08,1.5273640859744995e-08,1.527172813631152e-08,1.5269816010057667e-08,1.5267904480821274e-08,1.5265993548354714e-08,1.5264083212423208e-08,1.5262173471762458e-08,1.5260264327594496e-08,1.525835577891216e-08,1.5256447823902176e-08,1.525454046477225e-08,1.5252633701085716e-08,1.5250727531539036e-08,1.5248821956016268e-08,1.5246916974418613e-08,1.524501259090271e-08,1.5243108795655847e-08,1.5241205591848767e-08,1.5239302982169823e-08,1.5237400964736078e-08,1.5235499539278667e-08,1.5233598705394424e-08,1.523169846293889e-08,1.5229798810443122e-08,1.522789974971578e-08,1.522600127950361e-08,1.5224103399025334e-08,1.522220610980282e-08,1.5220309409548777e-08,1.5218413300242472e-08,1.5216517777690497e-08,1.5214622844650233e-08,1.521272849929374e-08,1.521083474306775e-08,1.520894157269123e-08,1.5207048994600917e-08,1.5205157001029598e-08,1.520326559200644e-08,1.5201374772255765e-08,1.5199484538831464e-08,1.519759489594456e-08,1.5195705834563823e-08,1.5193817357658588e-08,1.5191929466743644e-08,1.519004216017327e-08,1.5188155439444852e-08,1.518626930283556e-08,1.5184383750550477e-08,1.518249878210974e-08,1.5180614397230386e-08,1.5178730593543458e-08,1.5176847374920706e-08,1.5174964738924028e-08,1.5173082685230734e-08,1.5171201213863284e-08,1.516932032433457e-08,1.5167440016204945e-08,1.5165560289746182e-08,1.5163681143990287e-08,1.516180257720694e-08,1.5159924592545376e-08,1.5158047189451913e-08,1.5156170369158572e-08,1.515429412401837e-08,1.5152418458158328e-08,1.515054337127175e-08,1.5148668862977623e-08,1.5146794933067454e-08,1.5144921584175763e-08,1.514304881006143e-08,1.514117661383417e-08,1.5139304995096035e-08,1.5137433953147783e-08,1.5135563487912624e-08,1.5133693599133386e-08,1.513182428648196e-08,1.5129955549697115e-08,1.512808738844281e-08,1.5126219802545582e-08,1.5124352791667982e-08,1.512248635554772e-08,1.5120620493953207e-08,1.5118755206131452e-08,1.5116890492633598e-08,1.511502635209885e-08,1.511316278554715e-08,1.511129979199657e-08,1.510943737146466e-08,1.51075755232632e-08,1.5105714246850446e-08,1.5103853546437693e-08,1.510199341393006e-08,1.5100133852594174e-08,1.5098274862142184e-08,1.5096416441861502e-08,1.509455859309176e-08,1.5092701315127665e-08,1.509084460674294e-08,1.5088988467703598e-08,1.5087132898798195e-08,1.5085277898613682e-08,1.5083423467171185e-08,1.5081569604452446e-08,1.5079716310029718e-08,1.50778635836395e-08,1.5076011425007267e-08,1.507415983394633e-08,1.5072308810456175e-08,1.5070458347486627e-08,1.506860845725136e-08,1.5066759132328775e-08,1.5064910371651102e-08,1.5063062179336443e-08,1.5061214552850094e-08,1.505936749168547e-08,1.5057520995404086e-08,1.5055675063974322e-08,1.5053829697040636e-08,1.5051984893083468e-08,1.5050140654070187e-08,1.504829698066144e-08,1.5046453868877212e-08,1.5044611320097147e-08,1.5042769334091497e-08,1.504092791053504e-08,1.503908704930274e-08,1.503724675006198e-08,1.503540701229833e-08,1.5033567836646065e-08,1.503172922173223e-08,1.502989116656504e-08,1.5028053673079605e-08,1.5026216739945865e-08,1.5024380366885735e-08,1.502254455288747e-08,1.5020709299367515e-08,1.5018874604975558e-08,1.5017040469627472e-08,1.501520689207146e-08,1.5013373873904363e-08,1.5011541413854142e-08,1.5009709511735207e-08,1.500787816719952e-08,1.500604738004243e-08,1.5004217150047638e-08,1.5002387476930552e-08,1.5000558360320194e-08,1.4998729794644906e-08,1.4996901788637967e-08,1.4995074340192972e-08,1.49932474470873e-08,1.4991421108052043e-08,1.498959532542666e-08,1.4987770097077236e-08,1.4985945424476944e-08,1.4984121305900495e-08,1.4982297739948802e-08,1.4980474727837136e-08,1.4978652269049096e-08,1.497683036332011e-08,1.4975009010299606e-08,1.4973188209919267e-08,1.4971367961806606e-08,1.496954826569715e-08,1.4967729121247153e-08,1.4965910528041088e-08,1.4964092486375765e-08,1.4962274995959686e-08,1.4960458057924543e-08,1.4958641668399174e-08,1.495682582888388e-08,1.495501053956054e-08,1.49531958001646e-08,1.4951381610108086e-08,1.4949567968640613e-08,1.4947754875799543e-08,1.494594233193887e-08,1.4944130336352667e-08,1.4942318888745003e-08,1.4940507988767857e-08,1.493869763825664e-08,1.4936887833134963e-08,1.4935078574866017e-08,1.4933269863320982e-08,1.4931461698518122e-08,1.4929654079581807e-08,1.4927847008547503e-08,1.492604048342839e-08,1.492423450150007e-08,1.4922429065274335e-08,1.4920624173719927e-08,1.491881982712228e-08,1.4917016024565705e-08,1.49152127659753e-08,1.491341005128408e-08,1.491160788011628e-08,1.4909806251888967e-08,1.490800516674319e-08,1.490620462456841e-08,1.4904404624771765e-08,1.490260516681949e-08,1.4900806251412888e-08,1.4899007877691787e-08,1.4897210045145948e-08,1.4895412754154788e-08,1.4893616003807993e-08,1.489181979463792e-08,1.4890024126459247e-08,1.488822899793726e-08,1.4886434409135664e-08,1.4884640360047711e-08,1.488284685037603e-08,1.4881053879878542e-08,1.4879261448625949e-08,1.4877469555679066e-08,1.4875678201130506e-08,1.4873887384733935e-08,1.4872097106182533e-08,1.487030736527778e-08,1.4868518161742592e-08,1.486672949530795e-08,1.4864941365743212e-08,1.4863153772734797e-08,1.4861366716099194e-08,1.4859580195553306e-08,1.4857794210797048e-08,1.4856008761648335e-08,1.4854223847819558e-08,1.4852439469014234e-08,1.4850655625016001e-08,1.4848872315568108e-08,1.4847089540455487e-08,1.4845307299346456e-08,1.4843525592025572e-08,1.4841744418237975e-08,1.4839963777729984e-08,1.4838183670248e-08,1.4836404095536458e-08,1.4834625053343539e-08,1.4832846543415452e-08,1.4831068565498592e-08,1.4829291119339298e-08,1.4827514204686057e-08,1.4825737821285186e-08,1.4823961968760295e-08,1.4822186647105934e-08,1.4820411855947168e-08,1.4818637595030776e-08,1.4816863864106043e-08,1.48150906626909e-08,1.4813317990993157e-08,1.481154584853129e-08,1.480977423505394e-08,1.480800315031027e-08,1.4806232594049094e-08,1.4804462568297712e-08,1.4802693070531123e-08,1.4800924098212433e-08,1.4799155656555108e-08,1.4797387739742708e-08,1.4795620348911886e-08,1.4793853487247692e-08,1.479208715216477e-08,1.4790321343754101e-08,1.4788556058317977e-08,1.4786791298648261e-08,1.478502706443926e-08,1.4783263355485681e-08,1.4781500171547681e-08,1.477973751331113e-08,1.477797537858222e-08,1.4776213768090262e-08,1.4774452681645834e-08,1.4772692118917128e-08,1.4770932079686516e-08,1.4769172563711803e-08,1.4767413570741158e-08,1.476565510052644e-08,1.4763897152827838e-08,1.4762139727394543e-08,1.4760382823967107e-08,1.4758626443564097e-08,1.47568705856158e-08,1.475511524779976e-08,1.4753360429952414e-08,1.475160613290898e-08,1.4749852357509686e-08,1.4748099103428466e-08,1.4746346369666835e-08,1.4744594153291138e-08,1.4742842458707509e-08,1.4741091283343675e-08,1.4739340626101932e-08,1.4737590488707707e-08,1.4735840867523259e-08,1.4734091764866624e-08,1.4732343180289705e-08,1.4730595113560711e-08,1.4728847564407844e-08,1.4727100533489152e-08,1.4725354018742667e-08,1.4723608020828936e-08,1.4721862539673632e-08,1.4720117574961641e-08,1.4718373125663726e-08,1.4716629192071867e-08,1.4714885775175224e-08,1.4713142872804293e-08,1.4711400486192558e-08,1.4709658614649763e-08,1.4707917258969772e-08,1.4706176417201857e-08,1.4704436089193685e-08,1.470269627491301e-08,1.4700956974789884e-08,1.4699218188860471e-08,1.4697479916148582e-08,1.469574215486895e-08,1.4694004906883844e-08,1.4692268171738247e-08,1.4690531948499831e-08,1.46887962355905e-08,1.4687061037812757e-08,1.4685326350342348e-08,1.4683592175417048e-08,1.4681858513094722e-08,1.4680125360066326e-08,1.4678392714392375e-08,1.4676660582977214e-08,1.4674928959496935e-08,1.4673197846375686e-08,1.4671467240597074e-08,1.4669737146952916e-08,1.466800756144038e-08,1.4666278484630362e-08,1.4664549917147571e-08,1.4662821859103342e-08,1.4661094308050714e-08,1.4659367265192981e-08,1.465764072863448e-08,1.4655914702213398e-08,1.4654189180544389e-08,1.4652464169175277e-08,1.465073966224148e-08,1.4649015663213296e-08,1.464729216877828e-08,1.4645569180914287e-08,1.4643846699088431e-08,1.4642124721906886e-08,1.4640403250477772e-08,1.4638682284383789e-08,1.4636961822825794e-08,1.4635241866348892e-08,1.4633522414470938e-08,1.4631803467096572e-08,1.4630085022717273e-08,1.4628367082753273e-08,1.462664964644339e-08,1.4624932713431547e-08,1.4623216283230762e-08,1.4621500355680728e-08,1.461978492905779e-08,1.4618070004070297e-08,1.4616355583458657e-08,1.4614641663642948e-08,1.461292824785506e-08,1.4611215330389517e-08,1.4609502916266118e-08,1.4607791001765419e-08,1.4606079587985646e-08,1.4604368675094625e-08,1.460265826197822e-08,1.4600948348877458e-08,1.4599238935462921e-08,1.45975300221089e-08,1.4595821608024514e-08,1.4594113693060059e-08,1.4592406276911594e-08,1.4590699358879541e-08,1.4588992939621958e-08,1.4587287018483151e-08,1.4585581595335694e-08,1.4583876669817335e-08,1.4582172241736974e-08,1.4580468310835683e-08,1.4578764876455502e-08,1.4577061939446682e-08,1.4575359498757936e-08,1.4573657554373939e-08,1.4571956106053834e-08,1.4570255153560389e-08,1.4568554696619422e-08,1.456685473600194e-08,1.4565155271329796e-08,1.456345629973795e-08,1.4561757823186695e-08,1.4560059840742841e-08,1.4558362352515666e-08,1.4556665358321325e-08,1.4554968857834067e-08,1.455327284983108e-08,1.4551577336180244e-08,1.4549882314643468e-08,1.4548187786013507e-08,1.4546493750881e-08,1.4544800208097592e-08,1.4543107157652384e-08,1.4541414598909798e-08,1.4539722531961917e-08,1.4538030956490347e-08,1.4536339872262084e-08,1.45346492790647e-08,1.453295917691559e-08,1.4531269568836524e-08,1.4529580447344765e-08,1.4527891819060787e-08,1.4526203677581884e-08,1.452451602552248e-08,1.452282886209884e-08,1.4521142190061068e-08,1.451945600563849e-08,1.4517770309935436e-08,1.4516085104712014e-08,1.4514400385874429e-08,1.4512716155434195e-08,1.451103241256553e-08,1.4509349157312944e-08,1.4507666389746285e-08,1.4505984109291042e-08,1.4504302315945568e-08,1.4502621009018208e-08,1.4500940187739504e-08,1.4499259854010854e-08,1.4497580005206265e-08,1.4495900642173841e-08,1.449422176441408e-08,1.4492543373414673e-08,1.4490865466609401e-08,1.4489188045675772e-08,1.4487511109613731e-08,1.4485834654095574e-08,1.4484158686665232e-08,1.4482483205988386e-08,1.4480808205535141e-08,1.447913368877892e-08,1.4477459656294262e-08,1.447578610659826e-08,1.4474113040103282e-08,1.447244045643529e-08,1.4470768355088283e-08,1.446909673618111e-08,1.446742559953145e-08,1.4465754944634007e-08,1.4464084771452323e-08,1.4462415079747569e-08,1.4460745869127533e-08,1.4459077139421724e-08,1.4457408890453162e-08,1.4455741122166143e-08,1.4454073834093346e-08,1.4452407026100612e-08,1.4450740697969068e-08,1.444907484943944e-08,1.4447409480370589e-08,1.4445744590504706e-08,1.4444080179621239e-08,1.4442416247501859e-08,1.4440752793927497e-08,1.4439089818679106e-08,1.4437427321763178e-08,1.4435765302510959e-08,1.4434103760319806e-08,1.4432442696531098e-08,1.4430782109759074e-08,1.4429121999878784e-08,1.4427462366208986e-08,1.4425803209826101e-08,1.4424144530315389e-08,1.4422486324286452e-08,1.4420828596823698e-08,1.4419171345713599e-08,1.441751456959983e-08,1.4415858268013646e-08,1.4414202441529824e-08,1.4412547089845315e-08,1.4410892212931928e-08,1.4409237810266024e-08,1.440758388181223e-08,1.4405930427335425e-08,1.4404277446516641e-08,1.4402624938140955e-08,1.4400972904519085e-08,1.4399321343731712e-08,1.4397670255780392e-08,1.439601964063845e-08,1.4394369497929203e-08,1.4392719827663727e-08,1.439107062928179e-08,1.4389421902056705e-08,1.438777364711157e-08,1.4386125863558286e-08,1.4384478551184123e-08,1.4382831709776654e-08,1.4381185339120831e-08,1.437953943948353e-08,1.4377894009682871e-08,1.4376249049937452e-08,1.4374604560792919e-08,1.4372960540917157e-08,1.4371316990688527e-08,1.4369673909211148e-08,1.4368031297976417e-08,1.4366389154687065e-08,1.4364747479802996e-08,1.4363106273323374e-08,1.4361465535254553e-08,1.4359825265380067e-08,1.4358185462842132e-08,1.4356546127860543e-08,1.4354907260223396e-08,1.4353268860001318e-08,1.4351630926362393e-08,1.4349993459678916e-08,1.4348356460273872e-08,1.4346719926571997e-08,1.434508385780823e-08,1.4343448256301721e-08,1.4341813118216058e-08,1.4340178449847836e-08,1.4338544244232562e-08,1.433691049919617e-08,1.4335277223627777e-08,1.4333644412250712e-08,1.433201206727734e-08,1.43303801873856e-08,1.4328748766909424e-08,1.4327117810917721e-08,1.4325487317998462e-08,1.4323857289781026e-08,1.4322227724466412e-08,1.432059862230374e-08,1.4318969983338026e-08,1.4317341805969064e-08,1.4315714091265637e-08,1.4314086838376703e-08,1.4312460047665539e-08,1.4310833718380132e-08,1.4309207850830564e-08,1.4307582444771494e-08,1.4305957499767217e-08,1.4304333014815748e-08,1.4302708991081582e-08,1.4301085427304998e-08,1.4299462325139615e-08,1.429783968177851e-08,1.4296217498758585e-08,1.4294595775286093e-08,1.4292974511220896e-08,1.4291353707152256e-08,1.4289733360768291e-08,1.4288113474567062e-08,1.4286494045958188e-08,1.4284875075575942e-08,1.4283256563386591e-08,1.4281638509038062e-08,1.4280020912522128e-08,1.4278403773464175e-08,1.427678709169156e-08,1.4275170867129495e-08,1.4273555099391418e-08,1.4271939788333576e-08,1.4270324933858713e-08,1.4268710535670274e-08,1.4267096593509472e-08,1.4265483107940913e-08,1.426387007735156e-08,1.4262257502243997e-08,1.4260645382390116e-08,1.4259033717372053e-08,1.4257422507439201e-08,1.4255811752049428e-08,1.4254201451243524e-08,1.4252591600367812e-08,1.4250982207791251e-08,1.4249373269825987e-08,1.4247764784563353e-08,1.4246156752950314e-08,1.4244549175161945e-08,1.4242942049690956e-08,1.42413353771148e-08,1.423972915717394e-08
19,1.647615192438613e-67,8.5851933368316e-67,2.6763245396986624e-66,6.470692511633013e-66,1.337382842794399e-65,2.4818617573309167e-65,4.2560161496100405e-65,6.869856477198882e-65,1.0570309618765078e-64,1.5643758136503818e-64,2.2418678999242148e-64,3.126835733177207e-64,4.261365376496663e-64,5.6925808164559864e-64,7.472926667086578e-64,9.660452256525434e-64,1.2319096434327353e-63,1.5518972654770609e-63,1.9336654049915924e-63,2.385545831769157e-63,2.9165732326146866e-63,3.5365136384819754e-63,4.2558928165473535e-63,5.086024627305281e-63,6.039039347788951e-63,7.1279119624856e-63,8.366490423658559e-63,9.76952388272928e-63,1.135269089421943e-62,1.3132627593556964e-62,1.5126955849838819e-62,1.7354311394460986e-62,1.9834371926342285e-62,2.2587885194333617e-62,2.5636697057269924e-62,2.9003779522032627e-62,3.271325875990509e-62,3.6790443101440665e-62,4.126185101001667e-62,4.615523903420584e-62,5.149962973906955e-62,5.732533961645392e-62,6.366400697435714e-62,7.054861980541129e-62,7.801354363453056e-62,8.609454934576053e-62,9.482884098834431e-62,1.0425508356205599e-61,1.1441343078180553e-61,1.253455528215416e-61,1.3709466403747527e-61,1.4970555067064095e-61,1.632245985288109e-61,1.7769982064778338e-61,1.9318088493206004e-61,2.097191417749261e-61,2.2736765165795485e-61,2.4618121272995097e-61,2.6621638836533984e-61,2.8753153470203788e-61,3.1018682815879574e-61,3.342442929320494e-61,3.597678284722859e-61,3.8682323693994215e-61,4.154782506408463e-61,4.458025594412279e-61,4.7786783816230436e-61,5.117477739544565e-61,5.4751809365102765e-61,5.852565911017248e-61,6.25043154485683e-61,6.669597936041707e-61,7.11090667152975e-61,7.575221099744665e-61,8.063426602893715e-61,8.576430869082598e-61,9.115164164227636e-61,9.680579603765479e-61,1.027365342416043e-60,1.0895385254209528e-60,1.1546798386145629e-60,1.222894004653849e-60,1.2942881666994347e-60,1.3689719154653508e-60,1.4470573162486777e-60,1.528658935939056e-60,1.6138938700080742e-60,1.702881769478564e-60,1.7957448678738076e-60,1.8926080081466827e-60,1.9935986695887517e-60,2.098846994719296e-60,2.2084858161543926e-60,2.322650683455865e-60,2.4414798899603632e-60,2.565114499588397e-60,2.6936983736334227e-60,2.8273781975309976e-60,2.9663035076079684e-60,3.110626717811809e-60,3.2605031464199517e-60,3.4160910427293537e-60,3.577551613726082e-60,3.745049050735115e-60,3.9187505560503015e-60,4.0988263695444317e-60,4.285449795259571e-60,4.4787972279775106e-60,4.67904817977057e-60,4.8863853065324975e-60,5.100994434489698e-60,5.323064586692693e-60,5.552788009487874e-60,5.79036019896954e-60,6.035979927412262e-60,6.289849269683538e-60,6.552173629636837e-60,6.823161766484925e-60,7.103025821153642e-60,7.391981342615992e-60,7.690247314206686e-60,7.998046179917045e-60,8.315603870670375e-60,8.643149830577759e-60,8.980917043174327e-60,9.329142057635993e-60,9.688065014976649e-60,1.0057929674225886e-59,1.043898343858725e-59,1.0831477381577057e-59,1.1235666273143593e-59,1.1651808605767074e-59,1.2080166620540067e-59,1.2521006333228564e-59,1.2974597560313638e-59,1.3441213945013598e-59,1.3921132983286995e-59,1.4414636049816266e-59,1.4922008423971782e-59,1.5443539315756752e-59,1.5979521891732907e-59,1.6530253300926745e-59,1.7096034700716555e-59,1.7677171282700168e-59,1.827397229854354e-59,1.888675108580988e-59,1.95158250937698e-59,2.0161515909192174e-59,2.0824149282115832e-59,2.150405515160192e-59,2.220156767146733e-59,2.2917025235998836e-59,2.3650770505648194e-59,2.4403150432708024e-59,2.517451628696867e-59,2.5965223681355856e-59,2.6775632597549468e-59,2.760610741158318e-59,2.8457016919424815e-59,2.932873436253812e-59,3.0221637453425145e-59,3.113610840114979e-59,3.2072533936842464e-59,3.3031305339185165e-59,3.4012818459878744e-59,3.501747374909015e-59,3.6045676280881255e-59,3.70978357786186e-59,3.8174366640364417e-59,3.9275687964248567e-59,4.040222357382179e-59,4.15544020433897e-59,4.273265672332866e-59,4.393742576538215e-59,4.51691521479386e-59,4.642828370129039e-59,4.771527313287411e-59,4.903057805249204e-59,5.037466099751467e-59,5.174798945806483e-59,5.3151035902182755e-59,5.458427780097278e-59,5.604819765373089e-59,5.7543283013054065e-59,5.907002650993053e-59,6.062892587881162e-59,6.222048398266493e-59,6.384520883800885e-59,6.550361363992828e-59,6.719621678707217e-59,6.8923541906632e-59,7.068611787930201e-59,7.248447886422074e-59,7.431916432389409e-59,7.619071904909981e-59,7.809969318377337e-59,8.00466422498755e-59,8.203212717224112e-59,8.405671430341001e-59,8.612097544843861e-59,8.822548788969376e-59,9.037083441162788e-59,9.25576033255356e-59,9.478638849429207e-59,9.705778935707313e-59,9.937241095405675e-59,1.0173086395110591e-58,1.0413376466443425e-58,1.065817350852517e-58,1.0907540290439323e-58,1.1161540153692853e-58,1.1420237014675357e-58,1.1683695367116402e-58,1.1951980284541048e-58,1.2225157422723472e-58,1.2503293022138885e-58,1.2786453910413522e-58,1.3074707504772867e-58,1.3368121814488055e-58,1.3666765443320432e-58,1.3970707591964324e-58,1.4280018060487967e-58,1.4594767250772647e-58,1.4915026168949994e-58,1.5240866427837505e-58,1.5572360249372235e-58,1.5909580467042656e-58,1.6252600528318752e-58,1.6601494497080313e-58,1.6956337056043396e-58,1.7317203509184902e-58,1.768416978416557e-58,1.805731243475093e-58,1.8436708643230644e-58,1.8822436222835893e-58,1.9214573620155103e-58,1.9613199917547808e-58,2.0018394835556698e-58,2.043023873531795e-58,2.084881262096965e-58,2.1274198142058628e-58,2.1706477595945214e-58,2.2145733930206495e-58,2.2592050745037593e-58,2.3045512295651267e-58,2.350620349467567e-58,2.3974209914550314e-58,2.4449617789920353e-58,2.4932514020028973e-58,2.5422986171108053e-58,2.5921122478767062e-58,2.642701185038023e-58,2.6940743867471746e-58,2.7462408788099417e-58,2.799209754923645e-58,2.852990176915145e-58,2.907591374978674e-58,2.963022647913476e-58,3.0192933633612855e-58,3.0764129580436204e-58,3.134390937998902e-58,3.193236878819402e-58,3.252960425888008e-58,3.313571294614809e-58,3.375079270673521e-58,3.4374942102377265e-58,3.500826040216932e-58,3.565084758492464e-58,3.630280434153179e-58,3.69642320773101e-58,3.763523291436318e-58,3.831590969393099e-58,3.9006365978739866e-58,3.970670605535094e-58,4.0417034936506855e-58,4.1137458363476556e-58,4.186808280839868e-58,4.260901547662271e-58,4.336036430904904e-58,4.412223798446654e-58,4.4894745921888975e-58,4.567799828288958e-58,4.6472105973933614e-58,4.727718064870962e-58,4.80933347104584e-58,4.892068131430088e-58,4.9759334369563806e-58,5.060940854210388e-58,5.147101925663014e-58,5.234428269902456e-58,5.3229315818661044e-58,5.4126236330722644e-58,5.50351627185171e-58,5.595621423579043e-58,5.688951090903921e-58,5.783517353982078e-58,5.879332370706196e-58,5.976408376936576e-58,6.074757686731684e-58,6.1743926925784864e-58,6.275325865622621e-58,6.377569755898421e-58,6.481136992558739e-58,6.58604028410461e-58,6.692292418614758e-58,6.799906263974913e-58,6.908894768106965e-58,7.01927095919795e-58,7.131047945928865e-58,7.244238917703307e-58,7.358857144875963e-58,7.474915978980902e-58,7.592428852959704e-58,7.711409281389449e-58,7.83187086071049e-58,7.953827269454104e-58,8.077292268469934e-58,8.202279701153289e-58,8.328803493672247e-58,8.45687765519464e-58,8.586516278114823e-58,8.717733538280282e-58,8.850543695218101e-58,8.984961092361223e-58,9.121000157274567e-58,9.258675401880989e-58,9.398001422687043e-58,9.538992901008577e-58,9.681664603196229e-58,9.826031380860634e-58,9.97210817109757e-58,1.0119909996712912e-57,1.0269451966447344e-57,1.0420749275201041e-57,1.0573817204258063e-57,1.0728671121510648e-57,1.0885326481683308e-57,1.1043798826556772e-57,1.1204103785191762e-57,1.1366257074152627e-57,1.153027449773074e-57,1.1696171948167807e-57,1.1863965405878958e-57,1.2033670939675717e-57,1.2205304706988766e-57,1.2378882954090588e-57,1.255442201631785e-57,1.273193831829377e-57,1.2911448374150198e-57,1.309296878774956e-57,1.3276516252906685e-57,1.3462107553610385e-57,1.3649759564244962e-57,1.3839489249811484e-57,1.4031313666148926e-57,1.4225249960155121e-57,1.44213153700076e-57,1.4619527225384208e-57,1.4819902947683575e-57,1.5022460050245465e-57,1.5227216138570912e-57,1.543418891054219e-57,1.5643396156642662e-57,1.5854855760176433e-57,1.606858569748786e-57,1.628460403818085e-57,1.65029289453381e-57,1.6723578675740035e-57,1.6946571580083722e-57,1.717192610320151e-57,1.73996607842796e-57,1.7629794257076358e-57,1.7862345250140544e-57,1.809733258702933e-57,1.833477518652621e-57,1.8574692062858707e-57,1.8817102325915902e-57,1.9062025181465838e-57,1.9309479931372797e-57,1.9559485973814272e-57,1.9812062803497992e-57,2.0067230011878562e-57,2.032500728737416e-57,2.0585414415582862e-57,2.084847127949899e-57,2.111419785972916e-57,2.138261423470829e-57,2.1653740580915326e-57,2.1927597173088894e-57,2.2204204384442767e-57,2.2483582686881195e-57,2.2765752651214002e-57,2.3050734947371633e-57,2.3338550344619925e-57,2.3629219711774816e-57,2.3922764017416852e-57,2.4219204330105512e-57,2.4518561818593457e-57,2.4820857752040464e-57,2.512611350022742e-57,2.5434350533769968e-57,2.574559042433206e-57,2.605985484483941e-57,2.637716556969268e-57,2.66975444749806e-57,2.702101353869287e-57,2.7347594840932956e-57,2.767731056413067e-57,2.8010182993254646e-57,2.834623451602463e-57,2.868548762312359e-57,2.902796490840977e-57,2.937368906912846e-57,2.972268290612363e-57,3.0074969324049523e-57,3.043057133158194e-57,3.078951204162948e-57,3.1151814671544563e-57,3.1517502543334305e-57,3.188659908387129e-57,3.2259127825104064e-57,3.2635112404267606e-57,3.3014576564093626e-57,3.339754415302055e-57,3.3784039125403597e-57,3.417408554172445e-57,3.4567707568801075e-57,3.4964929479996983e-57,3.53657756554307e-57,3.5770270582184883e-57,3.6178438854515373e-57,3.6590305174060057e-57,3.7005894350047505e-57,3.7425231299505624e-57,3.784834104746999e-57,3.8275248727192127e-57,3.8705979580347556e-57,3.914055895724377e-57,3.957901231702803e-57,4.00213652278949e-57,4.046764336729386e-57,4.091787252213653e-57,4.1372078589003865e-57,4.1830287574353085e-57,4.229252559472473e-57,4.27588188769492e-57,4.322919375835339e-57,4.3703676686967024e-57,4.4182294221728964e-57,4.4665073032693285e-57,4.515203990123523e-57,4.5643221720256956e-57,4.6138645494393244e-57,4.663833834021691e-57,4.7142327486444187e-57,4.7650640274139895e-57,4.8163304156922486e-57,4.8680346701168874e-57,4.920179558621923e-57,4.9727678604581485e-57,5.0258023662135843e-57,5.079285877833893e-57,5.133221208642806e-57,5.187611183362506e-57,5.242458638134019e-57,5.297766420537576e-57,5.353537389612967e-57,5.409774415879881e-57,5.466480381358222e-57,5.523658179588415e-57,5.581310715651705e-57,5.639440906190418e-57,5.698051679428245e-57,5.757145975190466e-57,5.816726744924206e-57,5.876796951718622e-57,5.937359570325132e-57,5.998417587177578e-57,6.059974000412427e-57,6.122031819888891e-57,6.184594067209092e-57,6.247663775738197e-57,6.311243990624505e-57,6.375337768819568e-57,6.439948179098257e-57,6.50507830207883e-57,6.570731230242994e-57,6.636910067955942e-57,6.703617931486369e-57,6.770857949026479e-57,6.838633260711992e-57,6.9069470186421e-57,6.975802386899459e-57,7.045202541570111e-57,7.115150670763438e-57,7.185649974632063e-57,7.256703665391776e-57,7.328314967341408e-57,7.400487116882711e-57,7.473223362540219e-57,7.546526964981098e-57,7.620401197034973e-57,7.694849343713728e-57,7.769874702231348e-57,7.845480582023667e-57,7.921670304768166e-57,7.998447204403714e-57,8.075814627150317e-57,8.153775931528861e-57,8.232334488380798e-57,8.311493680887869e-57,8.391256904591781e-57,8.471627567413875e-57,8.552609089674783e-57,8.634204904114071e-57,8.716418455909873e-57,8.799253202698482e-57,8.882712614593971e-57,8.966800174207766e-57,9.051519376668221e-57,9.13687372964015e-57,9.2228667533444e-57,9.309501980577354e-57,9.396782956730446e-57,9.484713239809669e-57,9.573296400455038e-57,9.662536021960076e-57,9.752435700291253e-57,9.842999044107435e-57,9.934229674779301e-57,1.0026131226408764e-56,1.0118707345848352e-56,1.0211961692720608e-56,1.0305897939437429e-56,1.0400519771219458e-56,1.0495830886115385e-56,1.0591834995021297e-56,1.068853582169998e-56,1.0785937102800198e-56,1.088404258787601e-56,1.0982856039406003e-56,1.1082381232812565e-56,1.1182621956481113e-56,1.1283582011779342e-56,1.138526521307639e-56,1.1487675387762065e-56,1.1590816376266032e-56,1.1694692032076967e-56,1.179930622176171e-56,1.1904662824984411e-56,1.2010765734525664e-56,1.2117618856301584e-56,1.2225226109382947e-56,1.233359142601423e-56,1.2442718751632742e-56,1.2552612044887602e-56,1.266327527765884e-56,1.2774712435076386e-56,1.288692751553911e-56,1.2999924530733797e-56,1.3113707505654142e-56,1.3228280478619735e-56,1.3343647501294993e-56,1.345981263870811e-56,1.357677996926999e-56,1.3694553584793162e-56,1.3813137590510662e-56,1.3932536105094977e-56,1.405275326067683e-56,1.4173793202864108e-56,1.4295660090760674e-56,1.44183580969852e-56,1.4541891407690018e-56,1.4666264222579856e-56,1.4791480754930707e-56,1.4917545231608535e-56,1.5044461893088075e-56,1.517223499347156e-56,1.5300868800507487e-56,1.5430367595609287e-56,1.5560735673874077e-56,1.5691977344101322e-56,1.5824096928811538e-56,1.595709876426493e-56,1.6090987200480061e-56,1.6225766601252488e-56,1.636144134417337e-56,1.64980158206481e-56,1.6635494435914877e-56,1.677388160906332e-56,1.6913181773052978e-56,1.705339937473197e-56,1.7194538874855435e-56,1.7336604748104128e-56,1.7479601483102904e-56,1.7623533582439218e-56,1.7768405562681613e-56,1.7914221954398203e-56,1.806098730217511e-56,1.8208706164634929e-56,1.8357383114455152e-56,1.8507022738386586e-56,1.8657629637271753e-56,1.8809208426063296e-56,1.8961763733842338e-56,1.9115300203836849e-56,1.9269822493440007e-56,1.9425335274228534e-56,1.9581843231980995e-56,1.9739351066696146e-56,1.989786349261119e-56,2.0057385238220092e-56,2.0217921046291825e-56,2.0379475673888646e-56,2.0542053892384304e-56,2.070566048748233e-56,2.087030025923418e-56,2.1035978022057472e-56,2.12026986047542e-56,2.137046685052885e-56,2.15392876170066e-56,2.1709165776251474e-56,2.1880106214784446e-56,2.2052113833601587e-56,2.222519354819216e-56,2.2399350288556733e-56,2.257458899922521e-56,2.2750914639274955e-56,2.2928332182348827e-56,2.3106846616673204e-56,2.328646294507608e-56,2.3467186185004946e-56,2.3649021368544933e-56,2.38319735424367e-56,2.401604776809446e-56,2.4201249121623923e-56,2.438758269384026e-56,2.457505359028601e-56,2.476366693124903e-56,2.495342785178039e-56,2.5144341501712263e-56,2.5336413045675816e-56,2.5529647663119104e-56,2.572405054832482e-56,2.5919626910428286e-56,2.6116381973435193e-56,2.6314320976239443e-56,2.651344917264094e-56,2.671377183136336e-56,2.6915294236071975e-56,2.7118021685391413e-56,2.7321959492923337e-56,2.7527112987264282e-56,2.7733487512023322e-56,2.794108842583977e-56,2.8149921102400916e-56,2.835999093045969e-56,2.857130331385235e-56,2.8783863671516097e-56,2.8997677437506774e-56,2.9212750061016476e-56,2.942908700639118e-56,2.9646693753148327e-56,2.986557579599447e-56,3.0085738644842753e-56,3.030718782483057e-56,3.052992887633715e-56,3.0753967355000977e-56,3.0979308831737423e-56,3.120595889275618e-56,3.1433923139578867e-56,3.1663207189056435e-56,3.1893816673386672e-56,3.2125757240131696e-56,3.2359034552235357e-56,3.2593654288040687e-56,3.282962214130738e-56,3.3066943821229128e-56,3.330562505245107e-56,3.3545671575087166e-56,3.3787089144737586e-56,3.4029883532506037e-56,3.427406052501716e-56,3.45196259244338e-56,3.476658554847441e-56,3.501494523043031e-56,3.5264710819183e-56,3.5515888179221437e-56,3.576848319065931e-56,3.6022501749252317e-56,3.6277949766415394e-56,3.653483316923996e-56,3.67931579005111e-56,3.7052929918724857e-56,3.7314155198105354e-56,3.7576839728621986e-56,3.784098951600666e-56,3.8106610581770817e-56,3.8373708963222747e-56,3.864229071348457e-56,3.8912361901509494e-56,3.9183928612098775e-56,3.9456996945918925e-56,3.973157301951878e-56,4.000766296534653e-56,4.028527293176681e-56,4.0564409083077694e-56,4.0845077599527815e-56,4.112728467733327e-56,4.141103652869476e-56,4.169633938181448e-56,4.198319948091317e-56,4.227162308624698e-56,4.256161647412459e-56,4.285318593692399e-56,4.314633778310954e-56,4.344107833724885e-56,4.373741394002959e-56,4.403535094827654e-56,4.433489573496838e-56,4.463605468925459e-56,4.493883421647228e-56,4.524324073816312e-56,4.554928069209002e-56,4.585696053225409e-56,4.616628672891138e-56,4.647726576858966e-56,4.678990415410533e-56,4.710420840458e-56,4.74201850554574e-56,4.773784065852006e-56,4.8057181781906e-56,4.837821501012559e-56,4.870094694407814e-56,4.902538420106865e-56,4.935153341482444e-56,4.9679401235511845e-56,5.000899432975298e-56,5.03403193806422e-56,5.067338308776289e-56,5.100819216720407e-56,5.134475335157684e-56,5.168307339003121e-56,5.202315904827255e-56,5.236501710857823e-56,5.270865436981409e-56,5.305407764745112e-56,5.340129377358187e-56,5.375030959693708e-56,5.410113198290211e-56,5.445376781353352e-56,5.480822398757545e-56,5.516450742047623e-56,5.552262504440478e-56,5.588258380826702e-56,5.624439067772236e-56,5.660805263520018e-56,5.697357667991613e-56,5.734096982788859e-56,5.7710239111955115e-56,5.8081391581788765e-56,5.8454434303914395e-56,5.882937436172519e-56,5.920621885549885e-56,5.958497490241401e-56,5.996564963656652e-56,6.034825020898578e-56,6.0732783787651e-56,6.111925755750751e-56,6.150767872048308e-56,6.189805449550405e-56,6.22903921185117e-56,6.268469884247843e-56,6.308098193742404e-56,6.347924869043185e-56,6.387950640566496e-56,6.428176240438247e-56,6.468602402495556e-56,6.509229862288373e-56,6.5500593570810955e-56,6.591091625854186e-56,6.63232740930576e-56,6.673767449853238e-56,6.715412491634923e-56,6.757263280511627e-56,6.799320564068279e-56,6.8415850916155155e-56,6.884057614191305e-56,6.926738884562547e-56,6.969629657226674e-56,7.0127306884132475e-56,7.056042736085574e-56,7.099566559942292e-56,7.143302921418975e-56,7.187252583689731e-56,7.231416311668798e-56,7.275794872012132e-56,7.320389033119016e-56,7.36519956513364e-56,7.410227239946696e-56,7.455472831196976e-56,7.500937114272946e-56,7.546620866314348e-56,7.59252486621378e-56,7.638649894618286e-56,7.684996733930938e-56,7.731566168312424e-56,7.778358983682617e-56,7.825375967722174e-56,7.872617909874105e-56,7.920085601345357e-56,7.967779835108385e-56,8.0157014059027395e-56,8.063851110236626e-56,8.112229746388497e-56,8.160838114408615e-56,8.209677016120622e-56,8.258747255123121e-56,8.308049636791237e-56,8.357584968278177e-56,8.407354058516824e-56,8.457357718221279e-56,8.507596759888434e-56,8.558071997799535e-56,8.60878424802175e-56,8.659734328409722e-56,8.710923058607138e-56,8.76235126004828e-56,8.814019755959585e-56,8.865929371361206e-56,8.918080933068574e-56,8.97047526969393e-56,9.023113211647901e-56,9.07599559114105e-56,9.12912324218541e-56,9.182497000596049e-56,9.236117703992621e-56,9.289986191800914e-56,9.34410330525437e-56,9.398469887395674e-56,9.453086783078261e-56,9.507954838967887e-56,9.563074903544156e-56,9.618447827102054e-56,9.674074461753511e-56,9.72995566142892e-56,9.786092281878691e-56,9.842485180674771e-56,9.899135217212192e-56,9.956043252710598e-56,1.0013210150215776e-55,1.0070636774601198e-55,1.0128323992569549e-55,1.0186272672654254e-55,1.0244483685221003e-55,1.0302957902469284e-55,1.0361696198433905e-55,1.0420699448986532e-55,1.0479968531837193e-55,1.053950432653582e-55,1.0599307714473749e-55,1.0659379578885272e-55,1.0719720804849121e-55,1.0780332279290024e-55,1.0841214890980185e-55,1.0902369530540824e-55,1.0963797090443692e-55,1.1025498465012574e-55,1.1087474550424811e-55,1.1149726244712802e-55,1.1212254447765527e-55,1.1275060061330052e-55,1.1338143989013034e-55,1.1401507136282234e-55,1.1465150410468018e-55,1.1529074720764851e-55,1.159328097823285e-55,1.1657770095799213e-55,1.1722542988259785e-55,1.1787600572280524e-55,1.185294376639901e-55,1.1918573491025947e-55,1.1984490668446656e-55,1.2050696222822578e-55,1.2117191080192755e-55,1.2183976168475341e-55,1.225105241746908e-55,1.2318420758854811e-55,1.2386082126196963e-55,1.2454037454945016e-55,1.2522287682435025e-55,1.2590833747891085e-55,1.265967659242683e-55,1.2728817159046908e-55,1.279825639264847e-55,1.2867995240022655e-55,1.293803464985608e-55,1.3008375572732291e-55,1.3079018961133288e-55,1.314996576944097e-55,1.3221216953938615e-55,1.3292773472812384e-55,1.336463628615276e-55,1.3436806355956056e-55,1.3509284646125848e-55,1.3582072122474503e-55,1.3655169752724596e-55,1.3728578506510422e-55,1.3802299355379436e-55,1.3876333272793734e-55,1.3950681234131523e-55,1.4025344216688576e-55,1.4100323199679705e-55,1.4175619164240232e-55,1.4251233093427439e-55,1.4327165972222023e-55,1.4403418787529582e-55,1.4479992528182061e-55,1.4556888184939188e-55,1.4634106750489978e-55,1.4711649219454164e-55,1.4789516588383627e-55,1.4867709855763912e-55,1.4946230022015609e-55,1.5025078089495859e-55,1.5104255062499802e-55,1.518376194726198e-55,1.526359975195785e-55,1.534376948670518e-55,1.5424272163565513e-55,1.5505108796545634e-55,1.558628040159898e-55,1.5667787996627115e-55,1.5749632601481142e-55,1.5831815237963168e-55,1.591433692982773e-55,1.5997198702783264e-55,1.6080401584493477e-55,1.6163946604578859e-55,1.6247834794618085e-55,1.6332067188149453e-55,1.641664482067231e-55,1.6501568729648494e-55,1.6586839954503766e-55,1.6672459536629247e-55,1.6758428519382835e-55,1.6844747948090633e-55,1.6931418870048402e-55,1.701844233452295e-55,1.710581939275359e-55,1.7193551097953543e-55,1.7281638505311372e-55,1.7370082671992404e-55,1.745888465714016e-55,1.7548045521877757e-55,1.7637566329309338e-55,1.7727448144521486e-55,1.7817692034584656e-55,1.7908299068554558e-55,1.799927031747361e-55,1.809060685437234e-55,1.8182309754270792e-55,1.8274380094179933e-55,1.8366818953103077e-55,1.845962741203731e-55,1.855280655397485e-55,1.86463574639045e-55,1.874028122881305e-55,1.883457893768666e-55,1.892925168151228e-55,1.9024300553279063e-55,1.911972664797974e-55,1.9215531062612062e-55,1.9311714896180155e-55,1.940827924969596e-55,1.9505225226180614e-55,1.9602553930665837e-55,1.9700266470195348e-55,1.979836395382626e-55,1.9896847492630454e-55,1.9995718199696e-55,2.009497719012853e-55,2.0194625581052636e-55,2.0294664491613258e-55,2.0395095042977087e-55,2.0495918358333944e-55,2.059713556289815e-55,2.0698747783909946e-55,2.0800756150636857e-55,2.090316179437508e-55,2.1005965848450868e-55,2.1109169448221914e-55,2.1212773731078743e-55,2.1316779836446068e-55,2.142118890578419e-55,2.1526002082590373e-55,2.1631220512400205e-55,2.1736845342789002e-55,2.1842877723373164e-55,2.194931880581156e-55,1.0810220114150871e-32,4.843864154608256e-32,1.3398641381086597e-31,2.9570142077812323e-31,5.712510407060903e-31,1.010666584204176e-30,1.680239164079332e-30,2.6677040930451303e-30,4.0891753747372304e-30,6.098472293960341e-30,8.89973844910947e-30,1.2764626322558413e-29,1.805586339986821e-29,2.5259814577238396e-29,3.503184328117663e-29,4.826005997734069e-29,6.615576602873193e-29,9.03830945883711e-29,1.232469083374911e-28,1.6796842348808137e-28,2.290948195942711e-28,3.1311664856700315e-28,4.294129271542067e-28,5.917224057726709e-28,8.204766199867928e-28,1.1465753098395922e-27,1.6176341659502005e-27,2.308583368105437e-27,3.3401495663247574e-27,4.912095284088129e-27,7.379760740541946e-27,1.1315394050690496e-26,1.7838690572079395e-26,2.9076256417091627e-26,4.934918471535829e-26,8.802364045079134e-26,1.6704430468918375e-25,3.4296679826662606e-25,7.799704098306501e-25,2.0334562176340008e-24,6.414588168763953e-24,2.715699957179659e-23,2.0942704246747843e-22,6.3463695139072856e-21,6.9428219120924455e-19,8.529307980767049e-17,5.502992794405923e-15,1.5174702477224902e-13,2.0095219408184212e-12,1.5404339798481465e-11,7.979932291817206e-11,3.114467606006007e-10,9.844313958695579e-10,2.6423343882010454e-09,6.21558134154045e-09,1.3096019466654875e-08,2.5113324431802853e-08,4.438114018017683e-08,7.302975266241235e-08,1.1289616144984036e-07,1.6527660417969714e-07,2.3082916848061627e-07,3.09622172238533e-07,4.012320277911754e-07,5.048188358625078e-07,6.191874539252398e-07,7.428625934173473e-07,8.7418406530142e-07,1.011410426824781e-06,1.1528161797914957e-06,1.2967725592830531e-06,1.4418101128390816e-06,1.5866837184875325e-06,1.8874288664099356e-06,2.4503201183700873e-06,3.3301465479853323e-06,4.550822016368761e-06,6.122682572301173e-06,8.05040125322803e-06,1.0335956481905874e-05,1.297970000227558e-05,1.598078335419451e-05,1.9337376531066378e-05,2.3046814447413705e-05,2.7105711891288505e-05,3.1510059810710124e-05,3.625530800352779e-05,4.133643700744702e-05,4.674802114100963e-05,5.248428418427982e-05,5.853914886442067e-05,6.490628106688749e-05,7.15791295063004e-05,7.855096144850298e-05,8.581489496611259e-05,9.33639281256361e-05,0.00010119096543863753,0.00010928884185785335,0.00011765034455813344,0.00012626823270914063,0.00013513525542000192,0.0001442441680141954,0.00015358774677482785,0.00016315880228530915,0.00017295019147766952,0.000182954828489899,0.0001931656944243709,0.0002035758460913399,0.00021417842381446557,0.00022496665836911026,0.000235933877118672,0.00024707350940930125,0.0002583790912789445,0.0002698442695326664,0.0002814628052325744,0.000293228576647351,0.0003051355817033509,0.00031717793997641255,0.00032934989426092507,0.000341645811750284,0.00035406018486061006,0.0003665876317275172,0.0003792228964037407,0.00039196084878361106,0.00040479648427862444,0.0004177249232667508,0.0004307414103365949,0.00044384131334610253,0.00045702012231415537,0.0004702734481621377,0.00048359702132136584,0.0004969866902211616,0.0005104384196712829,0.0005239482891514577,0.0005375124910198117,0.0005511273286511334,0.0005647892145150744,0.0005784946682036317,0.0005922403144165196,0.000606022880912375,0.000619839196433089,0.000633686188607976,0.0006475608818439239,0.0006614603952071498,0.0006753819403017038,0.0006893228191493929,0.0007032804220753985,0.0007172522256034291,0.0007312357903639131,0.0007452287590183734,0.0007592288542028115,0.00077323387649263,0.0007872417023913527,0.0008012502823451306,0.0008152576387848073,0.0008292618641970725,0.0008432611192260544,0.0008572536308064881,0.000871237690329454,0.000885211651841496,0.0008991739302777906,0.0009131229997299161,0.0009270573917486292,0.0009409756936819517,0.0009548765470487729,0.0009687586459480696,0.0009826207355037627,0.0009964616103451615,0.001010280113122855,0.0010240751330598725,0.0010378456045378591,0.0010515905057179643,0.0010653088571961067,0.0010789997206922194,0.001092662197773063,0.0011062954286081437,0.0011198985907582605,0.0011334708979961765,0.0011470115991588775,0.0011605199770308885,0.001173995347258072,0.0011874370572913522,0.0012008444853597669,0.001214217039472277,0.0012275541564477181,0.001240855300972311,0.0012541199646841222,0.0012673476652838758,0.0012805379456715133,0.0012936903731079067,0.0013068045384011194,0.0013198800551166422,0.0013329165588109914,0.0013459137062881077,0.0013588711748779773,0.0013717886617369036,0.0013846658831688692,0.0013975025739674442,0.0014102984867776856,0.0014230533914775098,0.001435767074577997,0.0014484393386421236,0.0014610700017214117,0.00147365889681,0.001486205871315655,0.001498710786547242,0.0015111735172181934,0.001523593950965512,0.001535971987883886,0.001548307540074442,0.0015606005312077554,0.0015728508961006804,0.0015850585803065828,0.0015972235397186162,0.001609345740185626,0.0016214251571403217,0.00163346177523935,0.001645455588014907,0.0016574065975375513,0.0016693148140898813,0.0016811802558507364,0.0016930029485896195,0.0017047829253710167,0.001716520226268324,0.0017282148980870744,0.0017398669940971955,0.0017514765737740036,0.001763043702547683,0.0017745684515609744,0.0017860508974348198,0.0017974911220417316,0.0018088892122866225,0.0018202452598948884,0.0018315593612074973,0.0018428316169828813,0.0018540621322054086,0.0018652510159002334,0.001876398380954323,0.0018875043439434702,0.0018985690249650954,0.0019095925474766663,0.0019205750381395467,0.0019315166266681157,0.001942417445683976,0.0019532776305751,0.0019640973193597575,0.0019748766525550677,0.0019856157730500264,0.001996314825982885,0.002006973958622707,0.002017593320255009,0.0020281730620713306,0.002038713337062607,0.0020492142999162448,0.0020596761069167488,0.0020700989158498263,0.002080482885909817,0.002090828177610369,0.002101134952698256,0.002111403374043161,0.002121633605686549,0.002131825812539629,0.002141980160478709,0.002152096816226042,0.0021621759472802934,0.0021722177218496046,0.002182222308787092,0.00219218987752869,0.0022021205980332415,0.0022120146407247996,0.002221872176437008,0.0022316933763595658,0.0022414784119866374,0.0022512274550672037,0.00226094067755725,0.0022706182515737526,0.0022802603493503994,0.0022898671431949864,0.0022994388054484375,0.0023089755084454,0.0023184774244763466,0.00232794472575116,0.002337377584364125,0.002346776172260313,0.0023561406612032723,0.002365471222744026,0.0023747680281912984,0.0023840312485829554,0.0023932610546585934,0.002402457616833269,0.0024116211051723032,0.0024207516893671446,0.002429849538712247,0.0024389148220829277,0.002447947707914178,0.002456948364180395,0.002465916958375999,0.002474853657496903,0.002483758628022831,0.0024926320359004105,0.002501474046527073,0.002510284824735669,0.002519064534779839,0.0025278133403200597,0.0025365314044103857,0.0025452188894858254,0.0025538759573503654,0.0025625027691655927,0.0025710994854399134,0.002579666266018332,0.002588203270072792,0.0025967106560930366,0.002605188581877982,0.0026136372045276013,0.0026220566804352535,0.002630447165280521,0.002638808814022441,0.002647141780893206,0.002655446219392258,0.002663722282280792,0.002671970121576642,0.002680189888549542,0.0026883817337167415,0.0026965458068389766,0.00270468225691676,0.002712791232187019,0.002720872880120013,0.002728927347416579,0.0027369547800056445,0.002744955323042034,0.0027529291209045315,0.0027608763171942164,0.002768797054733027,0.0027766914755625867,0.0027845597209432485,0.0027924019313533563,0.0028002182464887337,0.0028080088052623714,0.002815773745804314,0.0028235132054617324,0.002831227320799187,0.002838916227599061,0.0028465800608621678,0.0028542189548085165,0.0028618330428782385,0.002869422457732652,0.002876987331255489,0.0028845277945542475,0.0028920439779616777,0.002899536011037401,0.0029070040225696366,0.0029144481405770726,0.0029218684923108112,0.002929265204256458,0.0029366384021362853,0.002943988210911507,0.0029513147547846545,0.0029586181572020215,0.0029658985408562016,0.0029731560276887305,0.0029803907388927654,0.0029876027949158734,0.002994792315462874,0.0030019594194987476,0.003009104225251617,0.003016226850215788,0.0030233274111548325,0.0030304060241047553,0.00303746280437718,0.003044497866562614,0.003051511324533732,0.0030585032914487355,0.0030654738797547183,0.003072423201191094,0.00307935136679306,0.003086258486895082,0.003093144671134425,0.0031000100284547007,0.0031068546671094615,0.0031136786946657996,0.003120482218007981,0.0031272653433411105,0.003134028176194796,0.0031407708214268503,0.0031474933832270017,0.0031541959651206217,0.0031608786699724688,0.003167541599990446,0.0031741848567293568,0.003180808541094689,0.0031874127533464045,0.003193997593102719,0.003200563159343913,0.003207109550416122,0.003213636864035155,0.0032201451972902993,0.003226634646648127,0.00323310530795632,0.00323955727644747,0.0032459906467428917,0.003252405512856433,0.0032588019681982815,0.003265180105578763,0.003271540017212141,0.0032778817947204052,0.003284205529137062,0.0032905113109109032,0.003296799229909787,0.0033030693754244,0.003309321836172006,0.0033155567003001893,0.0033217740553905984,0.0033279739884626643,0.00333415658597731,0.0033403219338406574,0.003346470117407719,0.003352601221486069,0.003358715330339507,0.0033648125276917163,0.003370892896729894,0.0033769565201083778,0.0033830034799522493,0.003389033857860931,0.00339504773491177,0.003401045191663592,0.0034070263081602517,0.003412991163934165,0.0034189398380098266,0.003424872408907299,0.0034307889546457047,0.0034366895527466854,0.0034425742802378484,0.003448443213656198,0.003454296429051547,0.003460134001989914,0.0034659560075568936,0.003471762520361022,0.0034775536145371087,0.003483329363749567,0.003489089841195711,0.003494835119609042,0.0035005652712625144,0.003506280367971779,0.003511980481098421,0.0035176656815531526,0.0035233360397990228,0.0035289916258545682,0.0035346325092969794,0.0035402587592652237,0.0035458704444631677,0.003551467633162661,0.0035570503932066165,0.003562618792012061,0.0035681728965731773,0.0035737127734643145,0.003579238488842984,0.0035847501084528416,0.0035902476976266465,0.003595731321289188,0.0036012010439602196,0.0036066569297573486,0.003612099042398916,0.0036175274452068694,0.00362294220110959,0.003628343372644721,0.003633731021961974,0.003639105210825906,0.0036444660006186877,0.0036498134523428555,0.0036551476266240236,0.0036604685837136053,0.003665776383491494,0.0036710710854687377,0.003676352748790182,0.003681621432237118,0.0036868771942298725,0.0036921200928304275,0.003697350185744981,0.0037025675303265053,0.0037077721835772934,0.003712964202151478,0.003718143642357535,0.0037233105601607564,0.0037284650111857384,0.0037336070507188153,0.0037387367337104876,0.0037438541147778496,0.0037489592482069702,0.003754052187955274,0.0037591329876539097,0.00376420170061008,0.0037692583798093738,0.003774303077918073,0.0037793358472854414,0.0037843567399460055,0.003789365807621793,0.0037943631017245977,0.003799348673358176,0.003804322573320474,0.0038092848521058074,0.0038142355599070305,0.0038191747466177024,0.003824102461834219,0.003829018754857945,0.0038339236746973084,0.0038388172700699105,0.0038436995894045862,0.00384857068084347,0.0038534305922440413,0.0038582793711811523,0.0038631170649490415,0.0038679437205633277,0.003872759384762999,0.003877564104012375,0.003882357924503064,0.003887140892155891,0.0038919130526228335,0.0038966744512889157,0.003901425133274106,0.003906165143435206,0.0039108945263676914,0.003915613326407584,0.00392032158763328,0.003925019353867353,0.003929706668678393,0.0039343835753827714,0.003939050117046437,0.003943706336486672,0.003948352276273844,0.003952987978733153,0.003957613485946344,0.003962228839753424,0.0039668340817543574,0.0039714292533107615,0.003976014395547552,0.003980589549354632,0.00398515475538852,0.003989710054073982,0.003994255485605663,0.0039987910899496795,0.004003316906845229,0.004007832975806163,0.004012339336122559,0.004016836026862288,0.004021323086872537,0.004025800554781373,0.004030268468999241,0.004034726867720491,0.004039175788924857,0.004043615270378963,0.004048045349637791,0.004052466064046139,0.004056877450740082,0.004061279546648409,0.004065672388494046,0.004070056012795491,0.004074430455868203,0.004078795753826013,0.0040831519425825,0.004087499057852369,0.004091837135152825,0.004096166209804901,0.004100486316934835,0.004104797491475375,0.00410909976816711,0.004113393181559793,0.004117677766013628,0.0041219535557005605,0.0041262205846055765,0.004130478886527962,0.004134728495082559,0.0041389694437010275,0.004143201765633088,0.004147425493947753,0.004151640661534549,0.004155847301104717,0.0041600454451924465,0.004164235126156045,0.0041684163761791316,0.004172589227271819,0.004176753711271873,0.004180909859845874,0.0041850577044903695,0.004189197276533011,0.004193328607133682,0.004197451727285637,0.004201566667816591,0.00420567345938985,0.004209772132505392,0.004213862717500964,0.0042179452445531606,0.004222019743678487,0.004226086244734449,0.0042301447774205705,0.004234195371279481,0.004238238055697922,0.004242272859907801,0.004246299812987202,0.004250318943861412,0.004254330281303922,0.004258333853937421,0.004262329690234815,0.004266317818520175,0.004270298266969745,0.004274271063612899,0.0042782362363331045,0.00428219381286888,0.004286143820814738,0.004290086287622144,0.004294021240600424,0.004297948706917705,0.004301868713601842,0.004305781287541316,0.004309686455486146,0.004313584244048792,0.004317474679705038,0.00432135778879489,0.0043252335975234426,0.004329102131961753,0.004332963418047715,0.004336817481586907,0.004340664348253458,0.004344504043590871,0.004348336593012889,0.0043521620218043115,0.004355980355121824,0.0043597916179948255,0.0043635958353262306,0.004367393031893295,0.004371183232348404,0.004374966461219873,0.004378742742912743,0.004382512101709551,0.004386274561771135,0.004390030147137372,0.004393778881727976,0.004397520789343249,0.004401255893664824,0.0044049842182564344,0.0044087057865646465,0.004412420621919602,0.004416128747535755,0.00441983018651259,0.00442352496183536,0.0044272130963757894,0.004430894612892791,0.004434569534033175,0.0044382378823323515,0.004441899680215019,0.004445554949995867,0.004449203713880245,0.00445284599396487,0.004456481812238476,0.004460111190582495,0.004463734150771733,0.004467350714475015,0.004470960903255853,0.004474564738573092,0.004478162241781556,0.004481753434132697,0.004485338336775222,0.004488916970755737,0.004492489357019371,0.004496055516410388,0.004499615469672826,0.0045031692374510966,0.004506716840290604,0.004510258298638344,0.0045137936328435106,0.004517322863158084,0.004520846009737436,0.004524363092640908,0.004527874131832401,0.0045313791471809535,0.004534878158461311,0.004538371185354506,0.004541858247448429,0.004545339364238374,0.004548814555127614,0.004552283839427953,0.004555747236360271,0.004559204765055078,0.004562656444553055,0.004566102293805591,0.004569542331675321,0.004572976576936657,0.00457640504827632,0.004579827764293857,0.004583244743502167,0.004586656004328018,0.004590061565112546,0.004593461444111788,0.004596855659497182,0.004600244229356045,0.004603627171692103,0.00460700450442597,0.004610376245395642,0.004613742412356988,0.004617103022984227,0.004620458094870425,0.004623807645527958,0.0046271516923889824,0.004630490252805933,0.004633823344051959,0.004637150983321411,0.004640473187730293,0.004643789974316715,0.004647101360041362,0.0046504073617879395,0.004653707996363617,0.004657003280499481,0.004660293230850969,0.004663577863998316,0.004666857196446992,0.004670131244628131,0.004673400024898957,0.004676663553543224,0.004679921846771624,0.004683174920722223,0.004686422791460872,0.004689665474981622,0.004692902987207138,0.0046961353439891156,0.004699362561108674,0.004702584654276772,0.004705801639134602,0.004709013531253996,0.004712220346137814,0.004715422099220343,0.0047186188058676885,0.004721810481378148,0.00472499714098262,0.004728178799844964,0.0047313554730624005,0.004734527175665865,0.004737693922620408,0.004740855728825549,0.0047440126091156535,0.004747164578260301,0.004750311650964645,0.004753453841869782,0.004756591165553103,0.004759723636528658,0.004762851269247515,0.0047659740780980914,0.004769092077406528,0.004772205281437032,0.004775313704392206,0.004778417360413412,0.004781516263581104,0.004784610427915163,0.004787699867375236,0.00479078459586107,0.0047938646272128495,0.0047969399752115175,0.004800010653579108,0.0048030766759790695,0.004806138056016584,0.004809194807238901,0.00481224694313564,0.0048152944771391185,0.004818337422624667,0.004821375792910927,0.0048244096012601805,0.004827438860878645,0.0048304635849167905,0.004833483786469628,0.004836499478577037,0.004839510674224036,0.0048425173863411025,0.004845519627804462,0.004848517411436381,0.004851510750005465,0.004854499656226939,0.004857484142762953,0.004860464222222847,0.004863439907163458,0.004866411210089387,0.004869378143453285,0.004872340719656136,0.00487529895104753,0.004878252849925944,0.0048812024285390075,0.0048841476990837875,0.004887088673707042,0.004890025364505509,0.0048929577835261475,0.004895885942766433,0.0048988098541746005,0.004901729529649913,0.004904644981042913,0.004907556220155697,0.0049104632587421634,0.004913366108508263,0.004916264781112257,0.004919159288164979,0.004922049641230067,0.0049249358518242215,0.004927817931417457,0.0049306958914333366,0.004933569743249229,0.004936439498196535,0.004939305167560946,0.00494216676258267,0.0049450242944566744,0.004947877774332923,0.004950727213316606,0.004953572622468385,0.004956414012804612,0.0049592513952975625,0.004962084780875674,0.0049649141804237575,0.004967739604783244,0.004970561064752382,0.004973378571086492,0.004976192134498158,0.004979001765657479,0.004981807475192255,0.004984609273688234,0.004987407171689307,0.004990201179697735,0.004992991308174364,0.004995777567538829,0.004998559968169767,0.005001338520405025,0.005004113234541882,0.005006884120837234,0.005009651189507821,0.005012414450730422,0.005015173914642051,0.00501792959134017,0.005020681490882888,0.005023429623289158,0.005026173998538974,0.005028914626573574,0.005031651517295623,0.005034384680569427,0.0050371141262211105,0.005039839864038815,0.005042561903772893,0.005045280255136091,0.0050479949278037315,0.005050705931413932,0.005053413275567754,0.0050561169698294115,0.005058817023726442,0.0050615134467499046,0.005064206248354544,0.005066895437958984,0.005069581024945909,0.005072263018662228,0.0050749414284192666,0.005077616263492943,0.005080287533123927,0.0050829552465178375,0.005085619412845401,0.005088280041242623,0.0050909371408109725,0.005093590720617537,0.0050962407896952,0.005098887357042811,0.00510153043162534,0.005104170022374067,0.0051068061381867175,0.005109438787927658,0.005112067980428028,0.00511469372448593,0.005117316028866573,0.005119934902302435,0.005122550353493435,0.0051251623911070755,0.005127771023778608,0.005130376260111191,0.005132978108676038,0.005135576578012576,0.005138171676628608,0.005140763413000458,0.005143351795573113,0.005145936832760392,0.005148518532945089,0.005151096904479119,0.005153671955683677,0.005156243694849361,0.005158812130236351,0.005161377270074534,0.005163939122563655,0.005166497695873461,0.005169052998143843,0.005171605037484979,0.005174153821977471,0.00517669935967251,0.005179241658591971,0.005181780726728592,0.0051843165720460984,0.005186849202479342,0.0051893786259344255,0.005191904850288859,0.0051944278833916885,0.005196947733063613,0.005199464407097148,0.00520197791325673,0.005204488259278872,0.005206995452872276,0.005209499501717978,0.005212000413469468,0.005214498195752823,0.005216992856166835,0.005219484402283142,0.005221972841646347,0.00522445818177415,0.005226940430157473,0.005229419594260588,0.005231895681521231,0.005234368699350732,0.005236838655134135,0.005239305556230332,0.00524176940997216,0.005244230223666547,0.005246688004594616,0.005249142760011805,0.005251594497147993,0.005254043223207618,0.005256488945369783,0.0052589316707883785,0.005261371406592208,0.005263808159885088,0.005266241937745969,0.005268672747229058,0.005271100595363908,0.0052735254891555635,0.005275947435584641,0.005278366441607464,0.005280782514156157,0.005283195660138765,0.005285605886439369,0.005288013199918169,0.005290417607411627,0.00529281911573255,0.0052952177316702076,0.005297613461990436,0.005300006313435738,0.005302396292725398,0.0053047834065555865,0.005307167661599457,0.005309549064507249,0.005311927621906405,0.005314303340401656,0.0053166762265751295,0.0053190462869864555,0.005321413528172864,0.005323777956649284,0.005326139578908444,0.00532849840142097,0.005330854430635486,0.0053332076729787105,0.005335558134855566,0.005337905822649239,0.00534025074272133,0.005342592901411906,0.005344932305039615,0.005347268959901781,0.0053496028722744855,0.005351934048412685,0.005354262494550279,0.005356588216900215,0.005358911221654586,0.005361231514984707,0.005363549103041225,0.005365863991954195,0.005368176187833177,0.00537048569676732,0.005372792524825465,0.005375096678056216,0.005377398162488047,0.005379696984129367,0.005381993148968631,0.005384286662974415,0.005386577532095504,0.005388865762260976,0.005391151359380289,0.0053934343293433745,0.005395714678020707,0.005397992411263401,0.005400267534903288,0.005402540054753001,0.0054048099766060625,0.005407077306236957,0.00540934204940122,0.0054116042118355235,0.00541386379925775,0.005416120817367073,0.005418375271844038,0.005420627168350652,0.005422876512530447,0.005425123310008573,0.005427367566391865,0.005429609287268935,0.005431848478210234,0.005434085144768144,0.005436319292477042,0.0054385509241108064,0.0054407800475994444,0.005443006668488735,0.005445230792397923,0.005447452424787333,0.005449671571188511,0.005451888236917873,0.0054541024273694495,0.005456314147924168,0.0054585234039384615,0.005460730200755211,0.005462934543698084,0.00546513643807346,0.005467335889176887,0.005469532902279705,0.005471727482676593,0.005473919635570932,0.005476109366186336,0.005478296679729803,0.005480481581391777,0.005482664076345861,0.005484844169749996,0.00548702186662799,0.0054891971722227624,0.0054913700916428,0.005493540629913377,0.005495708792172655,0.005497874583488572,0.0055000380088946295,0.005502199073444039,0.005504357782126722,0.005506514139934428,0.005508668151871135,0.005510819822886201,0.00551296915793777,0.005515116161940872,0.005517260839838812,0.005519403196531673,0.005521543236895817,0.005523680965800323,0.005525816388143351,0.00552794950872109,0.005530080332373495,0.00553220886396959,0.005534335109350976,0.0055364590713112335,0.005538580755856116,0.005540700167322888,0.005542817310458225,0.005544932189929582,0.005547044810574785,0.005549155176858808,0.005551263294279647,0.005553369166545386,0.005555472798780834,0.005557574195460957,0.005559673361036439,0.005561770300575947,0.005563865018455678,0.005565957519244492,0.005568047807263883,0.005570135887582759,0.005572221764531299,0.005574305442676647,0.005576386926478565,0.0055784662203745925,0.005580543328805215,0.005582618256346073,0.005584691007419723,0.005586761586430586,0.005588829997853263,0.005590896246106624,0.005592960335594561,0.005595022270708431,0.005597082055844438,0.005599139695348845,0.005601195193573506,0.005603248554856621,0.005605299783524252,0.005607348883888899,0.005609395860286732,0.00561144071696792,0.005613483458342144,0.005615524088542906,0.0056175626118154355,0.005619599032394089,0.005621633354508477,0.005623665582360723,0.005625695720154009,0.005627723772070852,0.005629749742287558,0.005631773634966786,0.005633795454253803,0.005635815204285576,0.005637832889183074,0.005639848513060647,0.0056418620800144205,0.005643873594129667,0.005645883059484453,0.005647890480139239,0.005649895860148154,0.005651899203236747,0.0056539005138476,0.005655899795832263,0.005657897053363519,0.005659892290398991,0.005661885510757204,0.005663876718607656,0.005665865917791987,0.005667853112129252,0.005669838305466493,0.005671821502509438,0.005673802706248351,0.0056757819210415585,0.005677759150659036,0.005679734399006044,0.00568170766994951,0.00568367896734521,0.005685648295037763,0.005687615656860734,0.005689581056636469,0.005691544498177548,0.005693505985283572,0.005695465521742212,0.005697423111333536,0.00569937875781935,0.0057013324649699045,0.005703284236522886,0.0057052340762191595,0.0057071819877874295,0.00570912797492892,0.005711072041351974,0.005713014190749603,0.005714954426827828,0.005716892753208621,0.005718829173580757,0.005720763691587524,0.005722696310790879,0.005724627035117276,0.00572655586787827,0.005728482812779297,0.005730407873424197,0.005732331053166988,0.005734252356820291,0.005736171786182124,0.005738089345580757,0.005740005038585894,0.00574191886872095,0.005743830839515371,0.005745740954326532,0.005747649216964733,0.005749555630789628,0.005751460199292515,0.0057533629259520075,0.005755263814240021,0.005757162867615629,0.005759060089530659,0.005760955483427053,0.005762849052895349,0.0057647408010661405,0.005766630731481888,0.0057685188475466815,0.005770405152649206,0.005772289650183453,0.005774172343524132,0.005776053236036437,0.005777932331076385,0.005779809631992297,0.005781685142678669,0.005783558865904271,0.005785430804980925,0.005787300963237771,0.005789169343957199,0.00579103595043932,0.005792900785965154,0.005794763853813265,0.005796625157245866,0.0057984846995173134,0.005800342483887289,0.005802198513583258,0.005804052791837458,0.005805905321865562,0.005807756106887537,0.005809605150100996,0.005811452454704139,0.005813298023878924,0.0058151418608087795,0.005816983968658544,0.005818824350589181,0.005820663009754939,0.0058224999492940185,0.005824335172340633,0.005826168682026866,0.0058280004814565385,0.005829830573752327,0.005831658962015509,0.005833485649326767,0.0058353106387788135,0.00583713393344278,0.005838955536390226,0.005840775450676225,0.005842593679361366,0.005844410225478796,0.005846225092065501,0.005848038282148368,0.005849849798741774,0.00585165964486473,0.005853467823512046,0.005855274337682656,0.005857079190354713,0.005858882384521147,0.005860683923144527,0.005862483809184545,0.0058642820455946576,0.0058660786347213435,0.005867873580108671,0.005869666884688398,0.005871458551382018,0.005873248583108831,0.005875036982776505,0.005876823753288768,0.0058786088975356565,0.005880392418400779,0.005882174318794984,0.0058839546015534705,0.005885733269538688,0.0058875103256068725,0.005889285772604271,0.005891059613370781,0.005892831850379389,0.005894602487186787,0.005896371525834494,0.005898138969928159,0.005899904821882636,0.005901669084490839,0.005903431760549047,0.005905192852819948,0.00590695236410565,0.005908710297140565,0.005910466654699152,0.005912221439531194,0.005913974654384382,0.005915726301996314,0.0059174763851031174,0.005919224906416646,0.0059209718686658325,0.005922717274557468,0.005924461126792499,0.005926203428073791,0.005927944181081325,0.005929683388487589,0.005931421052990813,0.0059331571772491985,0.005934891763924249,0.005936624815670649,0.005938356335142891,0.005940086324991182,0.005941814787811561,0.005943541726253824,0.005945267142939259,0.005946991040064786,0.005948713420969896,0.005950434288049623,0.005952153643787674,0.005953871490672656,0.005955587831484649,0.005957302668638857,0.005959016004723845,0.0059607278424432825,0.005962438184255259,0.005964147032703713,0.005965854390337579,0.00596756025967909,0.005969264643287287,0.005970967543728323,0.005972668963357471,0.00597436890478705,0.005976067370506281,0.005977764363020065,0.005979459884819708,0.005981153938390247,0.005982846526210497,0.005984537650756682,0.0059862273146457584,0.005987915520214501,0.005989602269746574,0.005991287565958821,0.005992971411033797,0.005994653807538055,0.0059963347579012685,0.00599801426453761,0.005999692329988974,0.006001368956404451,0.006003044146379878,0.0060047179022724535,0.0060063902264643095,0.00600806112135859,0.006009730589324382,0.0060113986327560535,0.006013065254014686,0.006014730455421938,0.006016394239363824,0.006018056608252656,0.006019717564380304,0.006021377110072921,0.006023035247872992,0.006024691979224173,0.00602634730770534,0.006028001235082141,0.0060296537636600174,0.0060313048957519695,0.006032954633622763,0.006034602979492967,0.006036249935879698,0.006037895504795093,0.006039539688826183,0.006041182490088193,0.006042823910736031,0.0060444639533060885,0.0060461026199815785,0.006047739912984377,0.006049375834519781,0.006051010387145036,0.0060526435723789705,0.006054275392619676,0.006055905850975761,0.006057534948398263,0.0060591626884473155,0.006060789071795346,0.006062414101403478,0.006064037779561899,0.006065660108577498,0.006067281090307932,0.006068900726478041,0.006070519020497278,0.006072135973861878,0.006073751588210186,0.00607536586558877,0.006076978810055823,0.0060785904226664,0.006080200705314451,0.006081809660353985,0.006083417289845087,0.006085023596033465,0.006086628580550015,0.006088232246086216,0.006089834594639342,0.006091435628151638,0.00609303534875129,0.006094633758593041,0.006096230859771183,0.006097826654375011,0.0060994211444888174,0.006101014332221636,0.006102606219588976,0.00610419680878617,0.006105786101685273,0.006107374100540236,0.006108960807310764,0.0061105462239744585,0.006112130352719095,0.006113713195438213,0.006115294754241464,0.006116875031160242,0.006118454028223868,0.006120031747446519,0.006121608190845834,0.006123183360437224,0.006124757258228507,0.006126329886224953,0.006127901246416975,0.006129471340873116,0.006131040171437031,0.006132607740169045,0.006134174049040303,0.006135739100028891,0.006137302895187824,0.006138865436370756,0.0061404267255111954,0.006141986764621617,0.006143545555613214,0.006145103100588322,0.006146659401512365,0.0061482144599498125,0.006149768278103658,0.00615132085785794,0.0061528722011781455,0.006154422309321429,0.006155971185454268,0.006157518830872901,0.0061590652475469135,0.006160610437255538,0.006162154401954059,0.006163697143637683,0.006165238664116172,0.00616677896492981,0.006168318048526906,0.006169855916541753,0.006171392570853458,0.006172928013330706,0.0061744622457836846,0.006175995270121995,0.006177527088198508,0.006179057701864121,0.006180587112965843,0.006182115323346241,0.006183642334843423,0.0061851681492918545,0.0061866927685213825,0.00618821619435795,0.006189738428623266,0.006191259473134954,0.006192779329706351,0.006194298000146745,0.006195815486261674,0.006197331789852004,0.006198846912715069,0.006200360856644179,0.006201873623427712,0.006203385214850906,0.006204895632694974,0.006206404878736523,0.006207912954748814,0.006209419862500575,0.006210925603756987,0.006212430180279006,0.006213933593823134,0.006215435846188323,0.0062169369390783396,0.006218436874239071,0.006219935653411645,0.0062214332783009025,0.006222929750672937,0.006224425072262679,0.006225919244860227,0.006227412270113661,0.006228904149745646,0.006230394885465245,0.006231884478988741,0.006233372932021405,0.006234860246265141,0.006236346423415651,0.006237831465173403,0.006239315373226771,0.0062407981492671105,0.00624227979497452,0.006243760312034388,0.006245239702118131,0.006246717966900492,0.006248195108051561,0.006249671127236606,0.006251146026119007,0.006252619806357481,0.006254092469604143,0.006255564017511231,0.006257034451726685,0.006258503773891811,0.006259971985651167,0.006261439088638793,0.006262905084485954,0.0062643699748246755,0.0062658337612829665,0.006267296445477974,0.0062687580290311596,0.006270218513559606,0.006271677900671529,0.006273136191927983,0.0062745933889850475,0.006276049494164605,0.006277504507624444,0.006278958431800627,0.006280411268035364,0.006281863018064721,0.00628331368319169,0.0062847632654062305,0.006286211766201125,0.006287659187124303,0.006289105529701826,0.00629055079550059,0.006291994986084301,0.006293438103011905,0.006294880147841126,0.006296321122123268,0.0062977610274107644,0.006299199865250574,0.0063006376371839,0.00630207434475311,0.006303509989490684,0.006304944572935165,0.006306378096613377,0.006307810562050126,0.006309241970775782,0.006310672324305019,0.0063121016241571145,0.006313529871844214,0.00631495706887986,0.006316383216770099,0.006317808317018757,0.006319232371124534,0.006320655380587741,0.006322077346706341,0.006323498270981676,0.006324918155511093,0.006326337001353,0.006327754810039184,0.006329171582852832,0.006330587321483144,0.006332002027275379,0.00633341570176646,0.006334828346419439,0.006336239962768923,0.0063376505521563695,0.006339060116137629,0.006340468656003909,0.006341876173413999,0.006343282669722304,0.006344688146205335,0.006346092604532261,0.006347496046163976,0.006348898472450282,0.006350299884830902,0.006351700284733135,0.0063530996736585466,0.006354498052934529,0.0063558954239103125,0.006357291787936239,0.00635868714593656,0.006360081500029108,0.006361474852176747,0.006362867203087828,0.006364258554256269,0.0063656489068688775,0.006367038263206035,0.006368426623490042,0.006369813989672949,0.0063712003631230425,0.006372585745187319,0.0063739701373662855,0.006375353540839121,0.006376735957136972,0.006378117387358598,0.00637949783319685,0.00638087729599273,0.006382255776988778,0.006383633277538552,0.006385009799019166,0.006386385342842605,0.006387759910304975,0.006389133502787193,0.006390506121636647,0.006391877768309224,0.006393248443906402,0.006394618149888421,0.006395986887613366,0.0063973546584078275,0.006398721463598833,0.006400087304513723,0.006401452182478946,0.006402816098620242,0.00640417905445681,0.006405541051303339,0.006406902090469609,0.006408262173275465,0.0064096213010245645,0.006410979475033055,0.0064123366965995665,0.0064136929672446415,0.006415048288055042,0.006416402660267999,0.006417756085309176,0.0064191085644207954,0.006420460098873111,0.006421810689946425,0.006423160338938082,0.006424509047119769,0.006425856815802309,0.0064272036462020045,0.006428549539623539,0.0064298944972027115,0.006431238520507845,0.0064325816106189935,0.006433923768839464,0.006435264996320847,0.006436605294485822,0.006437944664526166,0.006439283107588388,0.0064406206250818285,0.006441957219430023,0.006443292889553408,0.0064446276374582456,0.006445961464972004,0.006447294373008213,0.006448626362932358,0.006449957435989673,0.0064512875932105545,0.006452616835966062,0.006453945165374889,0.006455272582992537,0.006456599089677484,0.006457924686737379,0.006459249375508283,0.006460573157161162,0.0064618960328918056,0.006463218003787617,0.006464539071080776,0.0064658592360917165,0.006467178500059599,0.006468496864019756,0.006469814328930428,0.0064711308966292425,0.006472446567984485,0.006473761344162326,0.0064750752263948224,0.006476388215706166,0.006477700313562402,0.0064790115209545605,0.006480321839238957,0.0064816312691364335,0.006482939812367497,0.006484247470030484,0.006485554243153942,0.006486860133018553,0.006488165140370968,0.006489469266672104,0.006490772513151032,0.006492074880786441,0.0064933763709720945,0.006494676984694305,0.006495976723083466,0.006497275587291362,0.006498573578593525,0.0064998706980663465,0.006501166946998043,0.0065024623262588946,0.006503756837099131,0.0065050504806154815,0.006506343257990344,0.0065076351703393836,0.006508926218840356,0.006510216404561624,0.006511505728648973,0.00651279419218195,0.006514081796374048,0.0065153685422882175,0.006516654431040859,0.00651793946376753,0.006519223641555974,0.006520506965490945,0.006521789436705917,0.0065230710563057345,0.006524351825393203,0.006525631745122844,0.006526910816604953,0.006528189040689203,0.006529466418774432,0.006530742951639478,0.0065320186405275395,0.006533293486763331,0.006534567491215577,0.006535840654986159,0.006537112979154808,0.006538384464845649,0.006539655113040756,0.006540924924922066,0.006542193901439014,0.006543462043764935,0.0065447293529745905,0.006545995830064131,0.006547261475953388,0.00654852629205843,0.006549790279266907,0.0065510534386495145,0.006552315771251385,0.006553577277767394,0.006554837960111157,0.006556097818706635,0.006557356854733415,0.006558615069238825,0.006559872463268211,0.006561129037864933,0.006562384794070387,0.0065636397329239945,0.006564893855463211,0.006566147162723541,0.006567399655738527,0.006568651335539765,0.00656990220315691,0.006571152259617671,0.006572401505947829,0.006573649943171227,0.0065748975723097965,0.006576144394281159,0.006577390410663925,0.00657863562143871,0.006579880028593015,0.006581123633316737,0.006582366435283655,0.006583608436268886,0.006584849637193883,0.006586090039264179,0.006587329643281022,0.006588568450409293,0.006589806461551285,0.006591043677721121,0.006592280099923168,0.006593515729131234,0.0065947505662839485,0.006595984612520547,0.0065972178689024325,0.0065984503358529015,0.006599682015001509,0.006600912907090251,0.006602143013101347,0.00660337233401469,0.006604600870805427,0.006605828624413564,0.00660705559561092,0.006608281786142329,0.006609507196050849,0.006610731826744347,0.006611955679124998,0.006613178754176103,0.006614401052951037,0.006615622576302429,0.006616843325170122,0.006618063300549715,0.006619282503614963,0.006620500934777398,0.006621718595123428,0.006622935486086074,0.006624151608202281,0.006625366962525477,0.006626581549870952,0.006627795372231971,0.006629008428954919,0.006630220721569352,0.006631432251114432,0.006632643018604068,0.006633853024913139,0.00663506227182117,0.006636270759398117,0.006637478487572377,0.0066386854587656904,0.006639891672808817,0.006641097131400861,0.0066423018354340255,0.006643505785490386,0.006644708983551436,0.0066459114287502,0.006647113123745037,0.0066483140681767566,0.006649514263287229,0.0066507137099478105,0.006651912409223157,0.006653110362022891,0.006654307569256867,0.006655504031734545,0.006656699750431814,0.0066578947262757706,0.006659088960239875,0.00666028245332615,0.0066614752061094915,0.0066626672199026635,0.0066638584950590735,0.006665049032746908,0.006666238833808816,0.00666742789898955,0.006668616229021171,0.006669803825444248,0.006670990688724635,0.006672176820488611,0.006673362220878294,0.0066745468905235516,0.006675730830580981,0.006676914042503193,0.00667809652700554,0.006679278284452114,0.006680459315181762,0.00668163962124277,0.006682819202512541,0.00668399806034388,0.006685176195623654,0.006686353609176545,0.006687530301913638,0.006688706274614791,0.0066898815282566875,0.006691056063416354,0.0066922298815501585,0.0066934029838543255,0.006694575369739511,0.006695747040620875,0.006696917997468384,0.006698088242426684,0.0066992577738070515,0.006700426593743313,0.006701594702311208,0.006702762101862921,0.006703928793154904,0.006705094776039306,0.006706260051300383,0.006707424621165527,0.006708588485140789,0.006709751643670298,0.006710914098458594,0.00671207585008254,0.0067132368993494665,0.006714397247310623,0.006715556893269662,0.006716715839465898,0.006717874087995932,0.0067190316383812145,0.006720188491578504,0.00672134464865734,0.006722500110208343,0.006723654876257194,0.00672480894827764,0.006725962327892531,0.006727115014934412,0.006728267009078738,0.006729418313188341,0.0067305689264463365,0.006731718850620412,0.006732868087005412,0.006734016635844945,0.006735164497874193,0.006736311673909925,0.006737458164829964,0.006738603971164006,0.006739749094119219,0.006740893534232303,0.0067420372923840035,0.006743180369444473,0.006744322765996138,0.006745464482924415,0.006746605520968971,0.006747745880966303,0.006748885563707221,0.006750024569968013,0.006751162900603747,0.006752300556329005,0.006753437537873564,0.0067545738461233405,0.006755709481800997,0.006756844445502067,0.006757978738241917,0.006759112360658701,0.0067602453136577255,0.006761377598125593,0.006762509215261248,0.006763640164637395,0.006764770447522589,0.006765900064719571,0.0067670290179918475,0.006768157306325027,0.0067692849313729245,0.006770411893688547,0.006771538194229398,0.006772663834154458,0.006773788813264885,0.006774913133561161,0.006776036794279061,0.006777159796917854,0.00677828214311177,0.006779403832779732,0.006780524865832545,0.006781645242386678,0.0067827649660519886,0.006783884036165606,0.00678500245345822,0.006786120217138539,0.0067872373293553,0.006788353792645246,0.006789469606182747,0.006790584770749391,0.006791699286815529,0.00679281315563709,0.006793926377054209,0.006795038952267179,0.006796150882174617,0.006797262167358396,0.006798372808542402,0.006799482806462363,0.006800592161840028,0.00680170087540282,0.006802808947880001,0.006803916379986802,0.006805023172434306,0.006806129325959823,0.006807234841282406,0.006808339719121468,0.006809443960033387,0.006810547564940185,0.006811650534541211,0.006812752869551391,0.006813854570614614,0.006814955638598785,0.006816056074060819,0.00681715587758759,0.006818255050003737,0.006819353592387983,0.006820451504934127,0.006821548788468735,0.006822645443892139,0.006823741471585996,0.006824836872382308,0.006825931647283219,0.006827025796479434,0.006828119320995534,0.006829212221267735,0.00683030449902745,0.006831396153333061,0.006832487185749313,0.00683357759715989,0.0068346673877349,0.006835756558166943,0.006836845109560956,0.006837933042325746,0.006839020357181433,0.006840107054735144,0.006841193135629004,0.006842278600991651,0.0068433634512789394,0.006844447687112519,0.006845531309151651,0.006846614318096977,0.006847696714617203,0.006848778499521069,0.006849859673242036,0.006850940236562432,0.006852020190161418,0.006853099533457929,0.006854178269348013,0.006855256397836386,0.006856333919111553,0.0068574108340857635,0.006858487143356073,0.006859562847435037,0.006860637947259593,0.006861712443357724,0.006862786336439217,0.006863859627199219,0.006864932316074833,0.0068660044038157285,0.0068670758911976324,0.00686814677871464,0.00686921706716113,0.006870286757164813,0.006871355849269159,0.00687242434457889,0.006873492243085799,0.0068745595455865826,0.006875626253021775,0.0068766923665538725,0.006877757885448798,0.006878822811423455,0.006879887144403957,0.006880950885284703,0.006882014035385535,0.006883076593753319,0.00688413856250687,0.006885199941862299,0.006886260733067829,0.0068873209355444,0.006888380550527958,0.0068894395784768695,0.006890498020240449,0.00689155587648553,0.00689261314760636,0.0068936698347164095,0.006894725937976624,0.00689578145782559,0.006896836395399702,0.006897890751026047,0.006898944525336068,0.006899997719040985,0.006901050332962518,0.006902102366419271,0.0069031538222031515,0.006904204699867803,0.006905254999930563,0.006906304723091844,0.006907353869998772,0.006908402441267522,0.006909450436649994,0.006910497858483933,0.006911544706609077,0.006912590981459699,0.006913636683650893,0.006914681814074962,0.00691572637318426,0.006916770361518488,0.006917813779719031,0.0069188566284624905,0.006919898908220967,0.0069209406196655,0.0069219817633799936,0.006923022340356832,0.006924062351053776,0.006925101795273204,0.006926140674172219,0.006927178988305569,0.006928216738403113,0.006929253925003692,0.006930290547784195,0.006931326609111523,0.006932362108719621,0.006933397047240032,0.006934431425238473,0.00693546524335808,0.006936498502075273,0.006937531202030259,0.006938563343856483,0.006939594928107925,0.006940625955361034,0.006941656426222067,0.0069426863412739475,0.006943715701178451,0.006944744506389767,0.006945772757312882,0.006946800454992685,0.006947827599542015,0.006948854191796334,0.0069498802324497524,0.00695090572177357,0.006951930660772474,0.00695295504939895,0.0069539788885905444,0.006955002178901934,0.0069560249209145286,0.006957047115026105,0.0069580687621745895,0.00695908986274082,0.006960110417236406,0.006961130426290184,0.006962149890466855,0.006963168810329228,0.006964187186503038,0.006965205019563939,0.006966222310011829,0.006967239058417081,0.006968255265269247,0.006969270931093587,0.00697028605655712,0.006971300642310517,0.006972314688755979,0.006973328196572019,0.006974341166243958,0.006975353598366518,0.006976365493453858,0.006977376852082377,0.006978387674721578,0.006979397962315214,0.006980407714215977,0.006981416932524715,0.006982425617172819,0.006983433768720094,0.006984441387624272,0.00698544847446335,0.006986455029656467,0.0069874610542109234,0.00698846654822379,0.006989471511765895,0.0069904759466000894,0.00699147985277153,0.006992483230549941,0.0069934860806592815,0.006994488403643163,0.006995490198869354,0.006996491469383296,0.006997492213946964,0.006998492433682939,0.006999492128961163,0.007000491300299797,0.0070014899482581374,0.007002488073358034,0.007003485676243987,0.00700448275723975,0.007005479317229215,0.007006475356276354,0.0070074708751260446,0.007008465874501162,0.007009460354901981,0.007010454316309394,0.007011447759688782,0.007012440685325072,0.007013433093931056,0.007014424986337599,0.007015416362696475,0.0070164072237096425,0.0070173975695845825,0.007018387400886349,0.007019376718523304,0.007020365522793788,0.007021353814195894,0.0070223415943706635,0.0070233288616578324,0.0070243156176421845,0.007025301862795797,0.007026287597684355,0.007027272822644456,0.00702825753860844,0.007029241745799745,0.007030225444642378,0.007031208635973541,0.007032191320130827,0.007033173497603607,0.007034155169062849,0.0070351363347031315,0.007036116995161189,0.007037097150891357,0.007038076802514277,0.007039055950498972,0.007040034595350202,0.007041012737571839,0.0070419903777106715,0.007042967516145616,0.007043944153494437,0.007044920290209495,0.00704589592674497,0.007046871063813746,0.0070478457016048685,0.007048819840829707,0.007049793481936346,0.007050766625627066,0.007051739272008988,0.007052711421708657,0.0070536830757457055,0.007054654233509485,0.0070556248962327745,0.007056595064301487,0.0070575647381904685,0.007058533918701589,0.00705950260563603,0.007060470800006719,0.007061438502175933,0.007062405712469893,0.007063372431559451,0.0070643386599011804,0.007065304397970105,0.007066269646298823,0.00706723440525958,0.007068198675424277,0.007069162457278902,0.007070125751269597,0.007071088557857564,0.007072050877605065,0.007073012710912081,0.007073974058235219,0.007074934920117158,0.007075895297054527,0.007076855189404622,0.0070778145977844886,0.007078773522614423,0.0070797319643693185,0.00708068992352385,0.007081647400550908,0.007082604395923671,0.007083560910114257,0.007084516943588071,0.007085472496827022,0.007086427570297329,0.00708738216444639,0.007088336279782082,0.007089289916742178,0.007090243075818759,0.0070911957574291105,0.007092147962080014,0.007093099690234117,0.007094050942375038,0.00709500171896655,0.007095952020518389,0.007096901846907105,0.0070978511993725815,0.007098800078299996,0.007099748483967751,0.007100696416835713,0.0071016438778222024,0.007102590866867119,0.007103537384148043,0.007104483430462853,0.00710542900626735,0.0071063741120196994,0.0071073187481723145,0.007108262915181545,0.007109206613447903,0.007110149843790072,0.00711109260593329,0.007112034900599474,0.007112976728532329,0.0071139180900447,0.007114858985578239,0.00711579941559118,0.00711673938052582,0.007117678881020566,0.007118617917330331,0.007119556489856438,0.007120494599036957,0.007121432245352446,0.007122369429277208,0.007123306151262571,0.007124242411735008,0.007125178211117846,0.007126113549873751,0.007127048428509357,0.007127982847552094,0.007128916807294794,0.0071298503081738615,0.007130783350624216,0.007131715935090641,0.007132648062011077,0.007133579731823493,0.007134510944963656,0.007135441701862358,0.007136372002961583,0.007137301848695252,0.007138231239495537,0.007139160175799461,0.007140088658037407,0.007141016686639681,0.0071419442620456125,0.007142871384680441,0.007143798054979742,0.007144724273371286,0.0071456500402820484,0.007146575356143397,0.007147500221381294,0.007148424636423827,0.007149348601703892,0.007150272117643445,0.007151195184666918,0.007152117803197719,0.007153039973664621,0.00715396169649165,0.007154882972100381,0.0071558038009103065,0.0071567241833510355,0.007157644119840432,0.007158563610796674,0.007159482656646108,0.0071604012578060285,0.007161319414701043,0.007162237127742056,0.007163154397350267,0.00716407122394077,0.007164987607931485,0.007165903549744349,0.0071668190497873934,0.0071677341084819875,0.007168648726235857,0.007169562903473169,0.0071704766405953175,0.007171389938030692,0.007172302796178454,0.007173215215453127,0.007174127196263882,0.007175038739037441,0.007175949844154167,0.007176860512049326,0.007177770743126818,0.007178680537784215,0.0071795898964397385,0.007180498819500604,0.007181407307039128,0.007182315360115185,0.007183222978483436,0.007184130162873799,0.007185036913691387,0.007185943231339055,0.007186849115801805,0.007187754568320082,0.007188659589018194,0.007189564178134535,0.007190468336102382,0.007191372063181064,0.0071922753598731475,0.007193178226620963,0.007194080663982191,0.007194982672085181,0.007195884251279575,0.007196785402591764,0.007197686125649857,0.007198586421119897,0.007199486289412209,0.007200385730777789,0.007201284745897989,0.007202183334237457,0.007203081497743259,0.007203979235268181,0.00720487654875241,0.007205773437794657,0.007206669902770404,0.0072075659441535175,0.007208461562336464,0.007209356757522992,0.0072102515302579955,0.007211145880904043,0.007212039809851173,0.007212933317486301,0.007213826404176513,0.007214719070327353,0.007215611316324665,0.007216503142554118,0.007217394549411976,0.007218285537353613,0.007219176106553957,0.007220066257564815,0.007220955990563819,0.007221845306255699,0.007222734204823073,0.0072236226868373984,0.007224510752348244,0.007225398401914331,0.007226285635992008,0.007227172454883051,0.007228058859100781,0.0072289448488368725,0.007229830424356633,0.007230715586381907,0.007231600334674011,0.007232484670386947,0.00723336859355677,0.007234252104585279,0.007235135203797587,0.007236017891580941,0.007236900168243579,0.007237782034296083,0.00723866349004545,0.007239544535862157,0.00724042517213436,0.007241305399215234,0.007242185218564295,0.0072430646289344475,0.007243943630596208,0.007244822224553334,0.007245700411461596,0.007246578191145144,0.007247455564220346,0.00724833253101941,0.007249209091877956,0.007250085247291231,0.0072509609976039455,0.0072518363430740425,0.007252711284131514,0.007253585821140123,0.007254459954463172,0.007255333684463936,0.00725620701150557,0.007257079935949117,0.00725795245815695,0.007258824578489394,0.007259696297307671,0.007260567614971837,0.007261438531841555,0.007262309048275541,0.007263179164632695,0.007264048881270916,0.0072649181985485565,0.007265787116822253,0.007266655636449554,0.007267523757786369,0.007268391481188341,0.007269258807011461,0.0072701257356099025,0.007270992267339114,0.0072718584025516135,0.00727272414160223,0.00727358948484295,0.007274454432626745,0.007275318985305455,0.007276183143230735,0.007277046906754599,0.0072779102762265254,0.007278773251997513,0.007279635834416297,0.0072804980238328695,0.00728135982059612,0.0072822212250542254,0.007283082237555539,0.007283942858446793,0.0072848030880753355,0.007285662926788348,0.007286522374930542,0.007287381432848604,0.007288240100886836,0.007289098379390598,0.0072899562687035215,0.007290813769170263,0.007291670881133011,0.0072925276049362695,0.00729338394092153,0.007294239889431249,0.007295095450805794,0.007295950625387541,0.007296805413516312,0.007297659815533044,0.007298513831776587,0.0072993674625866055,0.007300220708303242,0.0073010735692634,0.007301926045805698,0.007302778138267079,0.007303629846985112,0.007304481172296012,0.007305332114536543,0.007306182674042144,0.007307032851148299,0.007307882646189994,0.007308732059501859,0.007309581091417284,0.007310429742270689,0.007311278012425314,0.0073121259021524014,0.007312973411854554,0.007313820541824354,0.0073146672923842734,0.007315513663874171,0.00731635965662485,0.007317205270965377,0.007318050507226912,0.007318895365738022,0.007319739846827271,0.007320583950823534,0.007321427678054468,0.007322271028864881,0.0073231140035485195,0.00732395660244825,0.007324798825890848,0.0073256406742019525,0.007326482147707201,0.00732732324673868,0.007328163971613998,0.00732900432265694,0.007329844300201582,0.007330683904672636,0.00733152313610885,0.0073323619949987665,0.007333200481675585,0.007334038596426405,0.007334876339672807,0.007335713711601385,0.007336550712531027,0.007337387342896918,0.007338223602877666,0.007339059492952601,0.007339895013311087,0.007340730164345325,0.007341564946414004,0.007342399360004843,0.007343233405117738,0.007344067082096474,0.007344900391390516,0.007345733333250387,0.007346565907990055,0.007347398115918574,0.007348229957361096,0.007349061432627514,0.007349892542022808,0.007350723285839799,0.007351553664383366,0.0073523836780687935,0.007353213327138432,0.007354042611937627,0.007354871532722956,0.007355700089829841,0.0073565282835805525,0.007357356114314512,0.007358183582244217,0.007359010687805152,0.007359837431212286,0.007360663812849045,0.007361489832946169,0.007362315491847848,0.007363140789858403,0.007363965727298558,0.007364790304448491,0.007365614521628111,0.007366438379142918,0.007367261877299768,0.007368085016428158,0.007368907796782382,0.007369730218693183,0.007370552282452743,0.007371373988388316,0.007372195336790571,0.007373016327963518,0.007373836962209267,0.007374657239831449,0.00737547716113084,0.007376296726408637,0.0073771159359666445,0.007377934790115901,0.0073787532891353425,0.007379571433335647,0.007380389223016236,0.0073812066584908655,0.007382023740056503,0.007382840467985735,0.007383656842589958,0.007384472864183384,0.007385288533045445,0.007386103849555115,0.0073869188138348104,0.007387733426287274,0.007388547687095087,0.0073893615967364126,0.007390175155423558,0.0073909883634504245,0.00739180122111075,0.007392613728707463,0.0073934258865287865,0.007394237694866586,0.007395049154013796,0.007395860264262944,0.0073966710259057945,0.0073974814392346105,0.007398291504536911,0.007399101222107438,0.007399910592237089,0.0074007196152186,0.007401528291336908,0.007402336620884411,0.007403144604151955,0.007403952241427935,0.007404759532996571,0.007405566479151294,0.0074063730801777646,0.00740717933655194,0.0074079852481839575,0.007408790815395761,0.007409596038960383,0.007410400918739713,0.0074112054550902135,0.007412009648306062,0.007412813498216277,0.007413617005843271,0.007414420171409845,0.007415222995144567,0.007416025477127316,0.007416827617668795,0.00741762941678099,0.007418430875187156,0.007419231993022704,0.00742003277040226,0.007420833208008973,0.007421633305822208,0.007422433064256885,0.007423232483459356,0.007424031563779611,0.007424830305495166,0.007425628708884972,0.007426426774228416,0.0074272245018112745,0.007428021891901798,0.007428818944774609,0.00742961566072228,0.007430412040007263,0.007431208082934596,0.007432003789739019,0.007432799160720673,0.007433594196175814,0.007434388896332675,0.007435183261489407,0.007435977291926447,0.007436770987909823,0.007437564349717534,0.007438357377639123,0.007439150071920314,0.0074399424328516674,0.007440734460699944,0.007441526155745918,0.007442317518255161,0.007443108548498767,0.007443899246746178,0.007444689613272093,0.00744547964835202,0.007446269352247299,0.007447058725240945,0.007447847767588977,0.0074486364795711205,0.007449424861451006,0.0074502129135005386,0.007451000635990674,0.0074517880287702,0.007452575092939494,0.007453361828351607,0.007454148235212486,0.007454934313911812,0.00745572006460988,0.007456505487652442,0.007457290582931637,0.007458075350992821,0.007458859792561974,0.007459643907467706,0.007460427695638545,0.007461211158131272,0.007461994294722254,0.0074627771058016325,0.007463559590988375,0.007464341751719084,0.007465123587670277,0.007465905099104143,0.007466686286283371,0.007467467149469261,0.007468247688924402,0.007469027904909333,0.007469807797685374,0.007470587367513567,0.007471366614654424,0.007472145539367448,0.007472924141912797,0.007473702422549874,0.007474480380999741,0.007475258018598682,0.007476035335065006,0.007476812330658746,0.007477589005636398,0.007478365360256358,0.007479141394775927,0.007479917109452127,0.007480692504541505,0.007481467580300315,0.00748224233698518,0.007483016774851226,0.007483790894154487,0.007484564695150037,0.0074853381780923085,0.0074861113432361445,0.007486884190835425,0.007487656721145183,0.007488428934418004,0.007489200830907664,0.007489972410867493,0.007490743674536747,0.007491514622194559,0.007492285254100279,0.00749305557047139,0.007493825571878388,0.00749459525795512,0.007495364629265166,0.007496133686059249,0.0074969024285867665,0.007497670857098954,0.0074984389718455455,0.007499206773075442,0.007499974261083994,0.007500741436028211,0.007501508298247303,0.007502274847945818,0.007503041085322371,0.007503807010721257,0.0075045726243399835,0.007505337926541514,0.007506102917898598,0.007506867597630289,0.007507631966570163,0.007508396024950118,0.007509159773031047,0.007509923211035934,0.0075106863392552636,0.0075114491579059235,0.007512211667240554,0.007512973867497557,0.007513735758867081,0.007514497341688987,0.007515258616192075,0.007516019582586702,0.0075167802411129645,0.007517540592023506,0.007518300635559337,0.0075190603718861375,0.0075198198013974584,0.0075205789242526275,0.007521337740742581,0.007522096251061739,0.007522854456010977,0.007523612354736129,0.007524369947954437,0.007525127236009761,0.00752588421900403,0.0075266408973255275,0.007527397271283255,0.0075281533408117175,0.007528909106378852,0.007529664568191288,0.007530419726462763,0.007531174581436854,0.007531929133350174,0.007532683382438909,0.007533437328965573,0.007534190973139726,0.007534944315196063,0.00753569735537326,0.007536450093859514,0.007537202530980296,0.007537954666926613,0.0075387065018880555,0.007539458036187507,0.007540209270016079,0.007540960203607336,0.007541710837150358,0.007542461170922204,0.007543211205156731,0.007543960940086841,0.007544710375944678,0.007545459512962626,0.007546208351373041,0.007546956891407047,0.007547705133296864,0.0075484530772732105,0.0075492007236114735,0.007549948072497951,0.007550695124162938,0.00755144187883723,0.007552188336749921,0.007552934498131338,0.007553680363165839,0.00755442593217144,0.007555171205333064,0.007555916182837661,0.00755666086499542,0.007557405251555426,0.007558149343502508,0.007558893140802951,0.00755963664368018,0.007560379852269824,0.007561122766833275,0.0075618653876033766,0.007562607714799197,0.007563349748665833,0.0075640914894081574,0.007564832937264949,0.007565574092478694,0.007566314955059089,0.007567055525627535,0.007567795804489028,0.0075685357912134675,0.0075692754867680906,0.007570014890674948,0.0075707540034546696,0.007571492825358086,0.007572231356608312,0.007572969597428246,0.007573707548041668,0.0075744452086920315,0.00757518257955895,0.007575919660992596,0.007576656452990126,0.007577392955889888,0.007578129169907956,0.007578865095010517,0.0075796007318042905,0.007580336080508306,0.007581071141183654,0.0075818059141169476,0.007582540399968399,0.007583274597985626,0.00758400850891049,0.00758474213291181,0.007585475470218358,0.00758620852105142,0.007586941285653024,0.007587673764223913,0.007588405956961151,0.007589137864130598,0.007589869485850535,0.007590600822492222,0.007591331874157743,0.007592062641098648,0.007592793123525037,0.007593523321652589,0.007594253235701561,0.007594982865843224,0.007595712212341079,0.007596441275639927,0.007597170055500521,0.007597898552332459,0.007598626766385887,0.007599354698165669,0.007600082347285211,0.007600809714716266,0.007601536799738725,0.0076022636030170475,0.007602990124756496,0.0076037163652153935,0.007604442324581094,0.007605168003063179,0.007605893400854017,0.007606618518160236,0.007607343355304976,0.007608067912737722,0.007608792189964079,0.007609516187529581,0.007610239906034846,0.007610963345073324,0.0076116865050764315,0.0076124093863438845,0.007613131989054139,0.007613854313400853,0.0076145763595871566,0.007615298127823289,0.0076160196183396355,0.007616740831339628,0.0076174617669322415,0.00761818242549206,0.007618902807169218,0.007619622912145825,0.007620342740704176,0.007621062292915586,0.0076217815690583085,0.007622500569305217,0.007623219293843082,0.007623937742977219,0.007624655916598358,0.007625373815442434,0.007626091439459814,0.007626808788802279,0.007627525863752765,0.007628242664431806,0.0076289591911863535,0.007629675443585152,0.007630391422850677,0.007631107128693277,0.0076318225611286036,0.007632537720776569,0.007633252607541385,0.007633967221766781,0.00763468156360754,0.007635395633203975,0.007636109430856684,0.007636822956696793,0.0076375362109313855,0.007638249193796144,0.0076389619054927724,0.007639674346178768,0.00764038651607723,0.007641098415477154,0.007641810044414559,0.007642521403167563,0.007643232491929466,0.007643943310912918,0.007644653860297468,0.007645364140275871,0.007646074151080551,0.00764678389285105,0.007647493365870982,0.007648202570325019,0.007648911506349624,0.007649620174191917,0.007650328574053312,0.007651036706002842,0.007651744570336629,0.007652452167345697,0.007653159497138274,0.007653866559955166,0.007654573355908662,0.007655279885240839,0.0076559861477991185,0.007656692144744839,0.007657397875356918,0.007658103340002119,0.007658808539118611,0.0076595134723105775,0.007660218140044382,0.007660922543394161,0.007661626681879002,0.007662330555620544,0.007663034164957098,0.0076637375099897565,0.007664440590579425,0.007665143407603831,0.007665845960927755,0.007666548250733428,0.007667250277226668,0.007667952040583452,0.007668653541006006,0.007669354778683815,0.007670055753755282,0.007670756466424262,0.00767145691703577,0.007672157105569703,0.0076728570323429425,0.007673556697178272,0.007674256100705252,0.00767495524377366,0.00767565412527203,0.007676352747177104,0.007677051107177315,0.0076777492067204405,0.007678447045980123,0.007679144625131584,0.007679841944401549,0.007680539003966322,0.007681235804163256,0.007681932344886137,0.007682628626528943,0.007683324649135902,0.007684020413052147,0.0076847159181691205,0.007685411165028557,0.007686106153564255,0.007686800883409153,0.007687495356160145,0.007688189571278598,0.007688883529038147,0.007689577229440845,0.007690270672748484,0.007690963859151187,0.007691656788832657,0.007692349461980266,0.007693041878623976,0.0076937340394373395,0.007694425944102406,0.007695117592946389,0.007695808985754074,0.00769650012389956,0.007697191006491626,0.007697881634039949,0.0076985720066060324,0.007699262124520609,0.007699951987441165,0.007700641596538674,0.007701330951628709,0.0077020200526893125,0.007702708899870378,0.0077033974937265395,0.007704085833906195,0.0077047739206507725,0.0077054617544980155,0.007706149335467923,0.007706836664060751,0.007707523739834408,0.00770821056325339,0.007708897134468872,0.007709583453596517,0.007710269521008114,0.007710955336863676,0.007711640901322986,0.007712326214540935,0.007713011276692901,0.007713696087916178,0.007714380648188369,0.007715064958009225,0.007715749017784343,0.007716432827236719,0.007717116386664472,0.00771779969660785,0.0077184827566106635,0.007719165567107206,0.007719848128308295,0.007720530440325145,0.007721212503441135,0.0077218943177945545,0.00772257588358836,0.007723257200183112,0.007723938269245595,0.007724619090217534,0.007725299663306419,0.0077259799888104224,0.0077266600668168236,0.007727339897430532,0.007728019480865941,0.007728698817282049,0.007729377906858505,0.007730056749797275,0.0077307353462773825,0.007731413696422763,0.007732091800434454,0.007732769658433285,0.0077334472707693384,0.0077341246373696625,0.00773480175838831,0.007735478634410185,0.007736155265282892,0.007736831651120283,0.007737507792266084,0.007738183688735071,0.00773885934049086,0.0077395347484555945,0.007740209912351632,0.007740884832391864,0.007741559508712997,0.007742233941473173,0.007742908130900809,0.007743582077309098,0.0077442557804733815,0.0077449292407518674,0.0077456024585528215,0.0077462754337553836,0.007746948166463551,0.007747620656991359,0.007748292905529978,0.0077489649122277115,0.007749636677254687,0.007750308200774735,0.007750979482964092,0.007751650523772852,0.0077523213235749545,0.007752991882866956,0.00775366220150806,0.007754332279686783,0.00775500211748178,0.007755671714885177,0.007756341072369464,0.007757010189951353,0.007757679066904273,0.007758347705422246,0.0077590161037777525,0.007759684263756927,0.0077603521848736935,0.00776101986716771,0.007761687311712537,0.0077623545168727,0.007763021483708988,0.007763688212387617,0.00776435470307323,0.007765020955932038,0.007765686971129132,0.007766352748824476,0.007767018289180329,0.007767683591841826,0.0077683486580212655,0.00776901348724495,0.0077696780799423985,0.007770342436085139,0.007771006555924967,0.007771670439567663,0.007772334087148347,0.007772997498914959,0.007773660674988078,0.007774323615530117,0.0077749863207045005,0.007775648790673586,0.007776311025600187,0.007776973025646614,0.00777763479061233,0.007778296321384087,0.007778957617878747,0.007779618679928143,0.007780279507546019,0.007780940101359019,0.00778160046171122,0.007782260588136791,0.0077829204810883615,0.007783580141142749,0.007784239568130227,0.007784898762141213,0.007785557723033304,0.007786216451663523,0.007786874947412349,0.007787533211308852,0.007788191243058584,0.00778884904282058,0.007789506610754131,0.007790163947018316,0.007790821051771727,0.007791477925268466,0.007792134567585244,0.0077927909789640235,0.007793447159292762,0.007794103109806482,0.007794758828811646,0.007795414317452019,0.007796069575807161,0.007796724604073687,0.007797379402375585,0.007798033970933322,0.0077986883108388675,0.0077993424202860645,0.007799996300588578,0.007800649951620173,0.007801303373640324,0.007801956566820144,0.007802609531304915,0.007803262267753084,0.007803914775432961,0.007804567054730896,0.007805219105996975,0.007805870929647548,0.007806522525415111,0.007807173893507007,0.007807825034248979,0.007808475947654173,0.007809126633833578,0.0078097770931785946,0.007810427325795397,0.007811077331326971,0.007811727110683067,0.0078123766636998115,0.007813025990617145,0.007813675091379138,0.007814323966158462,0.007814972615307338,0.007815621038767522,0.007816269236877752,0.00781691720960521,0.007817564957211512,0.007818212479781313,0.007818859776975905,0.007819506850514102,0.007820153699053211,0.007820800323157379,0.007821446722828276,0.007822092898615698,0.007822738849900817,0.00782338457806009,0.007824030082266916,0.00782467536429751,0.007825320422336917,0.007825965256926401,0.007826609868143406,0.007827254256843531,0.007827898422952556,0.00782854236637313,0.007829186087308836,0.007829829585919183,0.007830472862554822,0.0078311159172156,0.007831758750114234,0.00783240136131935,0.00783304375095943,0.007833685918756017,0.007834327865874648,0.007834969591527175,0.007835611096258023,0.00783625238052461,0.007836893444156251,0.007837534287295977,0.007838174909905267,0.007838815312460423,0.007839455495243317,0.007840095457292279,0.007840735200240107,0.007841374723297908,0.007842014027224092,0.007842653111810111,0.007843291977532627,0.007843930623982734,0.007844569051385615,0.00784520726018939,0.007845845250330809,0.00784648302184862,0.007847120575278265,0.007847757910749256,0.007848395028093834,0.00784903192743144,0.00784966860909125,0.007850305072726297,0.007850941319181081,0.007851577348453983,0.007852213160657416,0.007852848756101096,0.00785348413423268,0.00785411929583549,0.007854754240914783,0.007855388969613927,0.007856023482105767,0.007856657778695698,0.007857291859008754,0.007857925724107285,0.007858559372931088,0.007859192806050963,0.007859826024660784,0.007860459027138365,0.007861091814730357,0.00786172438719878,0.007862356744969252,0.007862988888041272,0.007863620816583627,0.007864252530713064,0.007864884030461988,0.007865515316185743,0.007866146387962547,0.007866777245738697,0.007867407889903701,0.007868038320552643,0.00786866853772317,0.00786929854151533,0.007869928331699973,0.007870557909420626,0.007871187274082035,0.007871816426223446,0.007872445365766315,0.007873074092722684,0.007873702607511069,0.00787433090990281,0.007874959000047265,0.00787558687845384,0.007876214545409,0.00787684200085614,0.007877469244737818,0.007878096277287836,0.007878723098639698,0.0078793497090376,0.007879976108424737,0.007880602297123167,0.007881228275096196,0.007881854042152624,0.007882479599252425,0.007883104946150188,0.007883730082922985,0.007884355009688492,0.007884979726748247,0.0078856042340344,0.007886228531809989,0.007886852620193167,0.007887476498499087,0.007888100168454712,0.007888723629415895,0.007889346881371346,0.007889969924769995,0.00789059275955037,0.007891215385835287,0.007891837803849375,0.007892460014894619,0.007893082016666594,0.007893703810544153,0.007894325396624324,0.0078949467752513,0.007895567946210626,0.007896188909755023,0.007896809666163396,0.007897430215371393,0.007898050557671073,0.007898670693078636,0.007899290621837895,0.007899910343834445,0.007900529859510765,0.007901149168964141,0.00790176827224468,0.007902387169500443,0.0079030058608772,0.007903624347495414,0.007904242627470314,0.007904860701987777,0.007905478571105583,0.007906096235143906,0.007906713694200521,0.007907330948095648,0.007907947997156503,0.00790856484151706,0.007909181481253663,0.007909797916521265,0.00791041414750284,0.007911030174183818,0.007911645997180911,0.007912261616252652,0.007912877031357764,0.007913492242707957,0.007914107250788427,0.007914722055218659,0.007915336656582188,0.007915951054798441,0.007916565249958167,0.007917179242137529,0.007917793031797156,0.007918406618510171,0.007919020003000609,0.007919633184983373,0.00792024616491092,0.007920858942720495,0.007921471518574572,0.007922083892907567,0.007922696065560623,0.007923308036629025,0.007923919805985493,0.007924531373830557,0.007925142740897595,0.007925753907407643,0.007926364872142586,0.007926975636406715,0.007927586199847377,0.007928196562726204,0.007928806725026334,0.007929416687359381,0.007930026449397208,0.00793063601203566,0.007931245374189483,0.007931854536634975,0.007932463499477653,0.007933072262768227,0.007933680826827678,0.007934289191471962,0.00793489735698361,0.007935505323489375,0.007936113091115875,0.007936720659989724,0.007937328030237386,0.007937935201985144,0.007938542175321672,0.007939148950448017,0.00793975552741502,0.007940361906423834,0.007940968087562438,0.007941574070956622,0.00794217985673174,0.007942785444975392,0.007943390835849998,0.007943996029529795,0.007944601026043238,0.007945205825612376,0.007945810428433403,0.007946414834340521,0.007947019043799188,0.007947623056633263,0.007948226873179068,0.007948830493644619,0.00794943391782948,0.007950037146223601,0.007950640177853904,0.007951243014438189,0.007951845655171808,0.007952448100630186,0.007953050350432865,0.007953652405129748,0.007954254264216474,0.007954855928768174,0.007955457398431617,0.007956058673329599,0.007956659753584784,0.007957260639319747,0.007957861330656926,0.007958461827718656,0.00795906213062714,0.007959662239504492,0.007960262154472696,0.007960861875653624,0.007961461403169036,0.007962060737140581,0.00796265987768978,0.007963258824938063,0.007963857579006728,0.007964456140016965,0.007965054508089858,0.007965652683346366,0.007966250665907346,0.007966848455893539,0.007967446053425562,0.007968043458623937,0.007968640671609064,0.007969237692501234,0.007969834521420627,0.007970431158487307,0.007971027603821223,0.007971623857542229,0.007972219919770044,0.007972815790624295,0.007973411470260778,0.007974006958726297,0.007974602256176447,0.00797519736276669,0.007975792278579962,0.007976387003734724,0.007976981538350027,0.00797757588254482,0.007978170036437577,0.00797876400014674,0.007979357773790744,0.007979951357488206,0.007980544751356929,0.007981137955515187,0.007981730970080782,0.007982323795171555,0.007982916430905271,0.00798350887739942,0.007984101134771805,0.007984693203139902,0.007985285082620842,0.007985876773331894,0.00798646827539042,0.007987059588912842,0.007987650714016425,0.007988241650553646,0.007988832398906048,0.00798942295918966,0.007990013331521252,0.007990603516280084,0.00799119351305624,0.007991783322228165,0.007992372943912715,0.007992962378225292,0.007993551625282046,0.007994140685198648,0.007994729558090491,0.007995318244073173,0.007995906743261316,0.007996495055771163,0.007997083181718462,0.007997671121217792,0.007998258874383444,0.007998846441330355,0.007999433822174174,0.008000021017028486,0.008000608026008554,0.00800119484922877,0.008001781486803193,0.008002367938846566,0.008002954205471528,0.008003540286793544,0.008004126182926133,0.008004711893983336,0.008005297420078192,0.008005882761324946,0.008006467917837002,0.008007052889727386,0.008007637677109781,0.008008222280097036,0.00800880669880256,0.008009390933338644,0.008009974983819251,0.008010558850356436,0.008011142533063582,0.008011726032052306,0.008012309347435157,0.00801289247932484,0.008013475427833577,0.008014058193073208,0.008014640775156706,0.008015223174194893,0.008015805390300404,0.008016387423584345,0.008016969274158769,0.008017550942135054,0.008018132427624804,0.008018713730739448,0.008019294851590298,0.008019875790288086,0.008020456546943912,0.008021037121668809,0.008021617514574112,0.008022197725769464,0.008022777755366644,0.008023357603475771,0.008023937270206736,0.00802451675567023,0.008025096059976686,0.008025675183236155,0.00802625412555907,0.008026832887054837,0.008027411467833341,0.008027989868004197,0.008028568087677736,0.008029146126962523,0.008029723985968597,0.008030301664805518,0.008030879163582269,0.008031456482407967,0.008032033621391365,0.008032610580642006,0.008033187360268177,0.00803376396037869,0.008034340381082644,0.008034916622488402,0.008035492684704576,0.008036068567838985,0.008036644272000118,0.008037219797296737,0.008037795143836022,0.008038370311726122,0.008038945301075167,0.008039520111991171,0.008040094744581425,0.008040669198953597,0.008041243475215135,0.008041817573473494,0.008042391493835987,0.008042965236409755,0.008043538801301634,0.008044112188619668,0.00804468539847017,0.008045258430959398,0.008045831286194802,0.008046403964282866,0.008046976465329906,0.008047548789441849,0.008048120936726067,0.008048692907288069,0.008049264701234444,0.008049836318670511,0.008050407759702928,0.008050979024437516,0.008051550112980298,0.008052121025436055,0.008052691761911123,0.008053262322510586,0.00805383270734043,0.008054402916505818,0.008054972950111056,0.008055542808261493,0.008056112491062493,0.008056681998619648,0.008057251331037376,0.00805782048842049,0.008058389470872958,0.008058958278499638,0.008059526911405013,0.008060095369692974,0.008060663653468877,0.008061231762836176,0.00806179969789911,0.008062367458761432,0.008062935045527348,0.00806350245830117,0.00806406969718549,0.008064636762284423,0.008065203653701216,0.008065770371539598,0.008066336915903473,0.008066903286895775,0.00806746948461904,0.008068035509176244,0.008068601360671357,0.008069167039206852,0.008069732544885305,0.008070297877810119,0.008070863038083248,0.008071428025807821,0.00807199284108599,0.008072557484019874,0.008073121954711812,0.00807368625326415,0.008074250379779244,0.008074814334357996,0.008075378117102924,0.00807594172811582,0.008076505167498589,0.008077068435352214,0.008077631531778583,0.008078194456880164,0.008078757210756777,0.008079319793510571,0.00807988220524199,0.008080444446053747,0.008081006516045255,0.008081568415317538,0.008082130143972216,0.008082691702109896,0.008083253089830204,0.008083814307234389,0.00808437535442414,0.008084936231497714,0.008085496938556393,0.008086057475700742,0.008086617843030263,0.008087178040645166,0.008087738068645498,0.008088297927131153,0.00808885761620216,0.008089417135957202,0.00808997648649677,0.008090535667920229,0.008091094680326436,0.008091653523814867,0.008092212198485306,0.008092770704437001,0.008093329041767856,0.008093887210578033,0.008094445210966927,0.00809500304303235,0.008095560706872782,0.00809611820258723,0.008096675530274794,0.008097232690033209,0.008097789681961162,0.008098346506156418,0.008098903162717967,0.008099459651744013,0.008100015973476982,0.008100572127702864,0.008101128114896085,0.008101683934947165,0.008102239587762452,0.008102795073823986,0.00810335039302833,0.008103905545573914,0.008104460531444369,0.00810501535047306,0.008105570003259444,0.008106124489718656,0.008106678809858148,0.00810723296383149,0.008107786951734178,0.008108340773642142,0.008108894429631655,0.008109447919897499,0.008110001244451178,0.008110554403377433,0.008111107396808875,0.00811166022484173,0.008112212887572091,0.008112765385096078,0.008113317717509764,0.00811386988490904,0.008114421887389778,0.00811497372504769,0.00811552539797868,0.008116076906278134,0.00811662825004159,0.008117179429364517,0.008117730444342228,0.008118281295070062,0.008118831981643251,0.00811938250415687,0.00811993286270589,0.008120483057385275,0.008121033088289863,0.008121582955514513,0.008122132659153933,0.008122682199302697,0.00812323157605532,0.008123780789506227,0.008124329839749872,0.008124878726880542,0.008125427450992566,0.0081259760121797,0.00812652441053636,0.008127072646156289,0.008127620719133442,0.008128168629561717,0.008128716377534675,0.008129263963146272,0.008129811386489858,0.00813035864765887,0.008130905746746785,0.008131452683846923,0.008131999459052635,0.008132546072456885,0.008133092524152874,0.008133638814233582,0.008134184942791977,0.008134730909920984,0.008135276715713059,0.008135822360261252,0.008136367843657955,0.00813691316599579,0.008137458327367144,0.008138003327864475,0.008138548167580082,0.008139092846691733,0.008139637365359612,0.008140181723343994,0.008140725920751506,0.008141269957914568,0.008141813834816165,0.008142357551590712,0.00814290110850054,0.008143444505350043,0.008143987742251703,0.008144530819523177,0.008145073736960112,0.008145616495520994,0.008146159093883045,0.008146701532845175,0.008147243812479964,0.008147785932896398,0.008148327894329914,0.008148869696605528,0.00814941133989806,0.008149952824319493,0.00815049415025301,0.008151035317274308,0.008151576327045497,0.008152117177886026,0.00815265787001376,0.008153198403156417,0.008153738778114322,0.008154278994947334,0.008154819053680562,0.008155358954362014,0.008155898697302525,0.008156438282715167,0.008156977710200304,0.008157516980085345,0.008158056092409261,0.008158595047361482,0.008159133844961522,0.008159672485338982,0.008160210968509796,0.008160749294668998,0.008161287463840192,0.008161825476121924,0.008162363331570015,0.008162901031005372,0.008163438573175983,0.008163975959558074,0.008164513188754325,0.008165050261595917,0.00816558717827417,0.008166123938278686,0.00816666054360211,0.008167196992012685,0.008167733284356719,0.008168269421949157,0.008168805403984512,0.008169341229139305,0.00816987689932674,0.00817041241268858,0.008170947772151663,0.00817148297560556,0.008172018023860677,0.008172552916997752,0.008173087655071739,0.008173622238886345,0.00817415666642739,0.00817469093942695,0.008175225058954533,0.008175759022989188,0.008176292832714607,0.0081768264880133,0.008177359988895608,0.008177893335511789,0.008178426527904266,0.008178959567344395,0.008179492451803903,0.008180025182596985,0.008180557759273507,0.008181090182263696,0.008181622451643632,0.008182154567443102,0.00818268652978103,0.008183218338722324,0.00818374999447517,0.008184281496891953,0.00818481284605792,0.008185344042275243,0.008185875085574649,0.008186405976637315,0.008186936714229102,0.008187467299156164,0.008187997731476352,0.008188528011246744,0.008189058138589259,0.008189588113561241,0.008190117936870946,0.008190647607504426,0.008191177125913997,0.008191706492224747,0.008192235706677823,0.00819276476927967,0.008193293680081499,0.008193822439329807,0.008194351046633885,0.00819487950264596,0.008195407806986124,0.00819593596035508,0.008196463962366504,0.008196991813143411,0.008197519512859408,0.008198047061564354,0.008198574459276478,0.00819910170623527,0.008199628802453932,0.008200155747952447,0.008200682542750968,0.008201209187220412,0.008201735681235934,0.008202262024894363,0.008202788218344265,0.008203314261200119,0.008203840154982,0.008204365897963972,0.008204891491208824,0.00820541693473283,0.008205942227813913,0.008206467371880816,0.008206992366295022,0.008207517212476395,0.008208041907953567,0.008208566454097526,0.008209090851101558,0.008209615098931798,0.008210139197162184,0.008210663146769659,0.008211186947420067,0.00821171060064772,0.008212234103723357,0.008212757458111392,0.00821328066331993,0.00821380372194998,0.008214326632078037,0.008214849392495784,0.00821537200467157,0.0082158944688226,0.008216416784734148,0.00821693895261093,0.008217460972444855,0.008217982844496603,0.008218504569373184,0.008219026147075967,0.008219547575978852,0.008220068857097175,0.008220589991053085,0.008221110978233706,0.008221631817538058,0.008222152509628,0.008222673054618733,0.008223193452522782,0.008223713703455033,0.008224233807453416,0.008224753765219098,0.008225273576954639,0.008225793240869493,0.008226312758150325,0.008226832128942195,0.008227351353306099,0.008227870432069729,0.00822838936458851,0.00822890815022679,0.008229426790341393,0.008229945283863565,0.008230463631433208,0.008230981833198535,0.008231499889194829,0.008232017799502398,0.008232535564200326,0.008233053183368469,0.00823357065705904,0.00823408798538746,0.008234605168399111,0.00823512220689275,0.008235639099603155,0.008236155846874918,0.008236672449525872,0.008237188907947064,0.008237705220888975,0.008238221389103134,0.008238737413351639,0.008239253292324625,0.00823976902681642,0.00824028461688608,0.008240800062611636,0.008241315364071924,0.008241830521598806,0.008242345534870132,0.008242860404004194,0.008243375129851377,0.008243889712405174,0.00824440414991758,0.008244918443712628,0.008245432594477861,0.00824594660110517,0.008246460464430672,0.008246974184236488,0.008247487760625784,0.008248001193752127,0.008248514483949674,0.008249027632054788,0.008249540635895754,0.008250053497963742,0.008250566216549194,0.008251078791802056,0.008251591224568937,0.008252103515424655,0.008252615662995524,0.008253127667879053,0.008253639531097532,0.008254151251467738,0.008254662830043854,0.008255174265790732,0.00825568555944577,0.008256196711299655,0.00825670772100054,0.00825721858883957,0.0082577293148159,0.008258239899160559,0.008258750341872902,0.008259260643028971,0.00825977080324638,0.008260280821580495,0.008260790698545635,0.008261300434345817,0.008261810029725,0.008262319483143581,0.00826282879557508,0.008263337967022463,0.008263846997598252,0.008264355888384133,0.00826486463750502,0.008265373245919257,0.008265881714683843,0.008266390043406456,0.008266898230339428,0.00826740627692976,0.00826791418401093,0.008268421950955144,0.008268929577013643,0.008269437062960794,0.008269944408965158,0.008270451615077683,0.00827095868138573,0.008271465607939378,0.008271972394826048,0.008272479043218763,0.008272985550963704,0.00827349192008154,0.008273998149046304,0.008274504238717176,0.008275010190201312,0.008275516002596144,0.008276021674832216,0.008276527208071358,0.008277032602388774,0.008277537858009694,0.008278042976072002,0.008278547954068247,0.008279052793439162,0.008279557494313089,0.008280062056654736,0.008280566480592432,0.008281070766346866,0.008281574913698072,0.008282078922866592,0.00828258279467352,0.008283086527697239,0.008283590122758987,0.008284093579981906,0.008284596900201844,0.00828510008186852,0.00828560312640413,0.00828610603279987,0.008286608801753104,0.008287111433251958,0.00828761392818874,0.008288116284940934,0.008288618504458677,0.008289120587573215,0.00828962253284258,0.008290124341654367,0.008290626013630072,0.008291127547934478,0.008291628945647115,0.008292130206674042,0.008292631330972482,0.00829313231870346,0.00829363317077065,0.008294133885552073,0.008294634463974025,0.0082951349062297,0.008295635213509265,0.008296135383741573,0.008296635417437127,0.00829713531513899,0.00829763507690992,0.00829813470284442,0.008298634193060516,0.008299133547561654,0.008299632766335588,0.008300131849977415,0.008300630797676246,0.008301129609975567,0.0083016282869302,0.008302126828703342,0.008302625235143905,0.00830312350636261,0.008303621642634625,0.008304119643872301,0.008304617510151654,0.008305115241605312,0.008305612838325085,0.008306110300457824,0.008306607627819505,0.00830710482058419,0.008307601878802322,0.008308098803428827,0.008308595592857716,0.008309092248062795,0.008309588769033826,0.008310085156697213,0.008310581409454903,0.008311077528221657,0.00831157351296498,0.008312069363974156,0.008312565080978197,0.008313060664561394,0.008313556115100065,0.008314051431206183,0.008314546614346429,0.008315041663534353,0.00831553657923563,0.008316031361691354,0.0083165260108995,0.008317020526946276,0.00831751490993278,0.008318009159921216,0.008318503276970864,0.008318997261040802,0.008319491112328587,0.008319984830841063,0.008320478416709413,0.008320971870965881,0.008321465191640372,0.008321958379839463,0.008322451435621242,0.008322944359119944,0.008323437150098189,0.008323929809749638,0.008324422336615308,0.00832491473140545,0.008325406994217254,0.008325899125106563,0.008326391124247438,0.008326882992196305,0.008327374727721458,0.008327866331540885,0.008328357803895807,0.008328849144665975,0.008329340354062376,0.008329831432602873,0.008330322379326991,0.00833081319474158,0.008331303879121923,0.008331794432450504,0.008332284854580624,0.008332775145778246,0.008333265307174218,0.008333755337283082,0.008334245236650942,0.00833473500466786,0.008335224642515435,0.008335714149003507,0.00833620352503488,0.008336692771206418,0.00833718188738726,0.00833767087295817,0.008338159728007147,0.008338648452803583,0.008339137047613009,0.008339625512126529,0.008340113847645696,0.008340602052723793,0.008341090127860776,0.008341578073246633,0.008342065889066818,0.008342553575156194,0.008343041131820323,0.008343528559802702,0.008344015858046238,0.008344503027019026,0.00834499006594969,0.008345476976336356,0.008345963756981808,0.00834645040916007,0.008346936931663657,0.008347423324914888,0.008347909589586748,0.008348395724876286,0.008348881731504172,0.008349367609489419,0.008349853359337139,0.008350338980622428,0.008350824473355329,0.008351309837741332,0.008351795073343021,0.008352280181499624,0.008352765160892669,0.00835325001237518,0.008353734736362806,0.008354219331560447,0.00835470379884837,0.00835518813894503,0.00835567235109778,0.008356156434941052,0.008356640391049726,0.00835712421963229,0.008357607920533494,0.008358091494063148,0.008358574940015958,0.008359058257725161,0.008359541449017505,0.008360024512873059,0.008360507449750176,0.00836099025898212,0.008361472941706537,0.008361955497297386,0.00836243792613912,0.008362920227249483,0.008363402402444866,0.008363884450919993,0.008364366372737207,0.008364848167933668,0.008365329836634426,0.00836581137884483,0.00836629279533579,0.008366774084827989,0.008367255248816114,0.008367736285850627,0.008368217196745272,0.008368697981568255,0.008369178640731365,0.008369659174282047,0.00837013958125936,0.008370619862405145,0.00837110001775731,0.008371580047470966,0.008372059951501677,0.008372539730026128,0.008373019383033071,0.008373498910623138,0.008373978312842353,0.008374457589754842,0.008374936741423986,0.008375415767912231,0.008375894670005428,0.008376373446320423,0.008376852098376575,0.008377330624772498,0.008377809026308124,0.008378287303112327,0.008378765455104735,0.008379243483095431,0.008379721385803108,0.008380199164060019,0.0083806768177403,0.008381154346994548,0.008381631751893763,0.008382109033197591,0.00838258618956264,0.008383063221764405,0.008383540129858246,0.008384016913894088,0.008384493573474879,0.008384970109591269,0.008385446521837028,0.008385922810481615,0.008386398975242298,0.008386875016272267,0.008387350933760222,0.0083878267276413,0.008388302398102034,0.00838877794587666,0.008389253369507726,0.00838972866988882,0.008390203847027213,0.008390678901008855,0.008391153831807897,0.008391628639636918,0.008392103324463687,0.008392577886376103,0.008393052324859547,0.008393526641063753,0.008394000834521617,0.008394474905353166,0.008394948853492857,0.008395422679019339,0.008395896382107153,0.008396369962855353,0.008396843421241234,0.008397316757240121,0.008397789971072003,0.008398263062719498,0.008398736032190608,0.00839920887966003,0.008399681605117075,0.008400154208634656,0.008400626690276882,0.008401099050097406,0.00840157128815833,0.008402043404532251,0.008402515399271136,0.008402987272438607,0.008403459023883479,0.008403930654081652,0.008404402162892845,0.008404873550303766,0.008405344816429832,0.008405815961408875,0.008406286985261548,0.008406757887926003,0.008407228669640072,0.008407699330407253,0.008408169870269678,0.00840864028925652,0.008409110587463114,0.008409580764946727,0.008410050821790525,0.008410520758019973,0.008410990573678447,0.00841146026881953,0.008411929843593178,0.008412399297998899,0.008412868632090073,0.008413337845900235,0.008413806939566055,0.008414275913111733,0.008414744766494883,0.00841521349995898,0.00841568211347469,0.008416150607099642,0.00841661898089862,0.008417087234874294,0.008417555369186928,0.008418023383867657,0.008418491278939328,0.008418959054491169,0.008419426710512086,0.008419894247102412,0.008420361664363588,0.008420828962336016,0.008421296140484364,0.008421763200107148,0.008422230140605794,0.008422696962053146,0.008423163664454473,0.008423630247894715,0.008424096712517063,0.008424563058220036,0.008425029285170587,0.008425495393505627,0.008425961383195364,0.008426427254302302,0.00842689300670972,0.008427358640813693,0.00842782415651234,0.008428289553857281,0.008428754832906818,0.00842921999371134,0.00842968503633773,0.008430149960947335,0.008430614767244651,0.008431079455699262,0.008431544026208073,0.00843200847877202,0.008432472813561602,0.008432937030591316,0.008433401129889297,0.008433865111551612,0.008434328975595871,0.008434792722065241,0.008435256351106092,0.008435719862728449,0.008436183256964032,0.008436646533916906,0.008437109693563113,0.00843757273607178,0.008438035661439318,0.008438498469740456,0.008438961161002439,0.008439423735322105,0.008439886192774654,0.008440348533329351,0.00844081075709652,0.008441272864123099,0.008441734854479148,0.008442196728233724,0.008442658485344715,0.008443120126024904,0.008443581650251481,0.008444043058093697,0.008444504349556611,0.008444965524795905,0.00844542658382209,0.008445887526683626,0.008446348353439576,0.008446809063898034,0.008447269658671474,0.008447730137387682,0.008448190500244052,0.008448650747312584,0.00844911087863763,0.008449570894166125,0.00845003079413221,0.008450490578464512,0.008450950247292617,0.008451409800639229,0.008451869238509328,0.008452328561002642,0.008452787768241418,0.008453246860223914,0.008453705837004919,0.008454164698501876,0.008454623445042586,0.00845508207655537,0.008455540592927097,0.008455998994477885,0.008456457281234219,0.008456915453165147,0.008457373510102197,0.008457831452586911,0.008458289280436935,0.008458746993695832,0.008459204592432289,0.008459662076655317,0.008460119446251961,0.008460576702074809,0.008461033843255748,0.008461490869801767,0.008461947782513104,0.008462404581103212,0.008462861265028761,0.008463317835499577,0.008463774291932884,0.008464230634445291,0.008464686863089835,0.00846514297794143,0.008465598979087226,0.008466054866497456,0.008466510640252115,0.008466966300427826,0.008467421847115537,0.008467877280292102,0.008468332599670886,0.008468787806061796,0.008469242899157368,0.008469697878993102,0.008470152745551775,0.00847060749903777,0.008471062139323107,0.008471516666670568,0.008471971081018598,0.008472425382426483,0.008472879570974106,0.008473333646719443,0.008473787609664272,0.008474241459906778,0.008474695197439463,0.008475148822408362,0.008475602334792838,0.008476055733793376,0.008476509021281019,0.008476962196380314,0.008477415259144335,0.008477868209633392,0.008478321048143743,0.008478773774160583,0.008479226387553157,0.008479678888795602,0.008480131278688335,0.008480583556604792,0.008481035722629395,0.008481487776805746,0.008481939719176988,0.00848239154977153,0.008482843268679287,0.008483294876007758,0.00848374637174029,0.008484197756304612,0.008484649029052918,0.008485100190378334,0.008485551240339416,0.00848600217898604,0.00848645300636713,0.008486903722558387,0.008487354327560844,0.0084878048214817,0.008488255204360542,0.00848870547615272,0.008489155637076192,0.008489605687131105,0.008490055626866118,0.008490505455300522,0.008490955173001996,0.00849140478003541,0.008491854276177662,0.008492303662014592,0.00849275293733412,0.008493202102567451,0.008493651156985391,0.00849410010106346,0.00849454893488744,0.008494997658411454,0.008495446271731101,0.00849589477490824,0.008496343167985667,0.008496791451002244,0.008497239624026409,0.008497687687123424,0.00849813564029083,0.00849858348368039,0.008499031217209727,0.008499478841071407,0.008499926355267627,0.008500373759835207,0.008500821054838341,0.008501268240320624,0.008501715316328963,0.008502162282992592,0.008502609140317061,0.008503055888280544,0.008503502526921742,0.008503949056316434,0.008504395476273893,0.008504841787446043,0.008505287989615041,0.008505734082745997,0.0085061800669224,0.008506625942201073,0.008507071708545848,0.008507517366182271,0.008507962915073835,0.008508408355278357,0.008508853686839936,0.008509298909811622,0.008509744024246918,0.00851018903032579,0.008510633927847677,0.00851107871696602,0.008511523397764578,0.00851196797028202,0.008512412434627263,0.008512856790662266,0.008513301038644406,0.00851374517855537,0.008514189210726462,0.008514633134010666,0.008515076949983574,0.008515520658092303,0.008515964258338839,0.008516407750864204,0.008516851135721364,0.008517294412884173,0.00851773758236942,0.008518180643487572,0.008518623597861553,0.008519066444825765,0.00851950918445277,0.008519951817221172,0.008520394342443659,0.008520836760127187,0.008521279070384058,0.008521721273604736,0.00852216336971211,0.00852260535894333,0.008523047241048076,0.008523489016131534,0.008523930684292429,0.008524372245583764,0.008524813701026783,0.008525255048757507,0.008525696289702907,0.008526137424186807,0.008526578452003195,0.008527019373186496,0.008527460187937302,0.00852790089615305,0.008528341497914505,0.008528781993432875,0.008529222382630604,0.008529662665575984,0.008530102842234792,0.008530542912698266,0.008530982877045516,0.008531422735372909,0.008531862487757927,0.008532302134100719,0.008532741674606072,0.008533181109208544,0.008533620437969918,0.008534059660968945,0.00853449877830779,0.008534937789923657,0.008535376695933702,0.008535815496366212,0.008536254191352706,0.008536692780796438,0.008537131264180462,0.008537569642881533,0.008538007916217531,0.008538446084281753,0.00853888414704613,0.008539322104669256,0.008539759957182145,0.008540197704675538,0.008540635347367136,0.008541072883567348,0.008541510316181736,0.008541947643839498,0.008542384866600423,0.008542821985094762,0.00854325899843455,0.008543695907633925,0.008544132711666144,0.008544569411075977,0.008545006005772252,0.008545442495832344,0.00854587888231836,0.008546315163608632,0.008546751340787905,0.008547187413748944,0.008547623382431568,0.008548059246855196,0.00854849500705841,0.008548930663267337,0.008549366215491905,0.00854980166320989,0.008550237006897485,0.008550672247213608,0.008551107383615988,0.008551542415451854,0.008551977344340003,0.008552412169450229,0.008552846890897029,0.008553281508719188,0.008553716022913464,0.008554150433660396,0.008554584740897887,0.008555018944688512,0.008555453045115362,0.008555887042207225,0.008556320936086815,0.008556754726174336,0.008557188413723804,0.008557621997955987,0.00855805547909326,0.008558488857152408,0.008558922132240838,0.0085593553044494,0.008559788373471858,0.008560221340018907,0.008560654203653224,0.0085610869644613,0.008561519622544998,0.008561952178005835,0.008562384630797991,0.008562816980987743,0.008563249228653669,0.008563681373865513,0.008564113416610784,0.008564545357005512,0.008564977195064908,0.008565408930829898,0.00856584056435034,0.008566272096162227,0.008566703525336014,0.008567134852343077,0.008567566077524222,0.00856799720047584,0.008568428221523152,0.008568859140311242,0.00856928995753768,0.008569720673156716,0.008570151286373251,0.008570581798047488,0.008571012208296765,0.008571442516847001,0.0085718727232561,0.008572302828750012,0.008572732832661602,0.008573162734587591,0.00857359253590309,0.008574022235683144,0.008574451834156116,0.008574881331082076,0.008575310727084447,0.008575740022088028,0.008576169215915287,0.008576598308720483,0.008577027300303757,0.008577456190936653,0.008577884980595788,0.008578313670000068,0.008578742257555014,0.00857917074461613,0.008579599130925037,0.008580027415811344,0.008580455600796935,0.008580883685724796,0.008581311668876268,0.008581739552136368,0.008582167333987244,0.00858259501652962,0.008583022598071631,0.008583450079713383,0.008583877461050804,0.008584304741410293,0.008584731922306008,0.008585159002377446,0.008585585982547106,0.008586012863246763,0.008586439643000852,0.008586866323528536,0.008587292903787219,0.008587719384511014,0.008588145765364685,0.008588572045956873,0.00858899822721617,0.008589424308820415,0.008589850290487377,0.008590276173007491,0.008590701954896054,0.00859112763831034,0.008591553221560093,0.00859197870595028,0.00859240409094086,0.008592829376293808,0.008593254562594665,0.008593679649379276,0.008594104636823524,0.00859452952483874,0.008594954314186838,0.008595379004066825,0.008595803595122029,0.008596228087344393,0.008596652480930379,0.008597076775329969,0.008597500970551336,0.008597925067568664,0.008598349065714859,0.008598772965798623,0.00859919676632477,0.008599620468522829,0.008600044072310796,0.00860046757744133,0.008600890983772426,0.008601314291332356,0.008601737500824082,0.008602160612032516,0.008602583624861724,0.008603006539639716,0.008603429355753613,0.008603852074128133,0.008604274693782332,0.008604697215929786,0.008605119640019783,0.008605541966151863,0.008605964193523155,0.00860638632373708,0.008606808355445002,0.0086072302899627,0.008607652126031089,0.008608073864825561,0.0086084955061241,0.008608917049699434,0.008609338495547085,0.008609759844195774,0.008610181094868177,0.008610602248349563,0.00861102330459904,0.008611444263280919,0.008611865124554597,0.008612285888494393,0.008612706555429409,0.008613127125124267,0.008613547597641354,0.00861396797284309,0.00861438825035672,0.008614808431676809,0.008615228515920061,0.008615648503239062,0.008616068393326461,0.008616488187217637,0.008616907883737562,0.008617327482960223,0.008617746986993044,0.0086181663933384,0.008618585703039921,0.008619004916095505,0.008619424032044944,0.008619843052019599,0.00862026197554518,0.008620680802499175,0.008621099533218057,0.008621518167534661,0.008621936705576042,0.008622355147352365,0.008622773492928351,0.008623191742281844,0.008623609895333744,0.00862402795155725,0.008624445912751954,0.008624863777594733,0.00862528154669089,0.00862569921952557,0.008626116796842298,0.00862653427832001,0.0086269516640709,0.008627368953686971,0.008627786148443624,0.008628203247002182,0.008628620249885251,0.00862903715727893,0.008629453968681994,0.008629870685259229,0.008630287306116823,0.008630703831590394,0.008631120261726967,0.00863153659669324,0.00863195283619656,0.00863236898052319,0.008632785029589179,0.008633200983523033,0.008633616842301073,0.008634032605760912,0.00863444827445835,0.008634863847754935,0.008635279326537607,0.00863569471040427,0.008636109999439364,0.008636525193184275,0.00863694029286432,0.00863735529727751,0.00863777020737968,0.00863818502278048,0.008638599743204715,0.00863901436911195,0.008639428900719875,0.008639843337603762,0.008640257680321095,0.008640671928635244,0.00864108608258972,0.00864150014241908,0.008641914107730079,0.008642327979146994,0.008642741756067444,0.008643155438862826,0.008643569027243718,0.008643982522131237,0.008644395922621723,0.008644809229252011,0.008645222441990867,0.00864563556077871,0.00864604858588575,0.008646461516914832,0.008646874354473512,0.008647287098041046,0.008647699747937786,0.008648112304180375,0.008648524766793782,0.008648937135831756,0.008649349411642752,0.008649761593900195,0.008650173682442265,0.008650585677639093,0.00865099757948787,0.008651409388190492,0.008651821102974367,0.008652232725097513,0.008652644253837445,0.008653055689469778,0.008653467031943094,0.008653878281359195,0.008654289437766806,0.008654700501154721,0.008655111471601388,0.00865552234913865,0.008655933133771556,0.008656343825116831,0.008656754424125352,0.008657164930350075,0.008657575343911025,0.008657985664412608,0.008658395892399449,0.008658806028353894,0.008659216071254996,0.008659626021906687,0.008660035880296879,0.00866044564630665,0.00866085531964301,0.00866126490041627,0.008661674388889278,0.008662083785404779,0.008662493089356847,0.0086629023011754,0.008663311421291089,0.008663720449203617,0.008664129385004053,0.008664538228681488,0.008664946980330735,0.008665355640083562,0.008665764208203782,0.008666172683901635,0.00866658106810794,0.008666989360764049,0.008667397561406786,0.008667805670354967,0.008668213687442871,0.00866862161310102,0.008669029446843226,0.008669437189585443,0.008669844840616892,0.00867025240034695,0.008670659868494893,0.008671067245429643,0.008671474530833194,0.008671881725204158,0.00867228882830542,0.008672695840099033,0.008673102760858437,0.008673509590474632,0.00867391632831817,0.008674322975461942,0.008674729531824426,0.00867513599694556,0.008675542371086397,0.008675948654334655,0.008676354846936667,0.008676760948518875,0.008677166959136366,0.008677572879180756,0.008677978708335381,0.008678384446953217,0.0086787900949847,0.008679195652731146,0.008679601119574797,0.008680006496163135,0.00868041178237876,0.008680816977831624,0.008681222082925509,0.008681627097936392,0.008682032022645454,0.008682436856766694,0.008682841600951514,0.0086832462546335,0.008683650818118399,0.00868405529149605,0.008684459674813598,0.008684863968062763,0.008685268171306177,0.00868567228477522,0.008686076307968754,0.008686480241447669,0.008686884085337607,0.008687287839130144,0.008687691503328982,0.008688095077917197,0.008688498562181861,0.00868890195690725,0.008689305262227,0.008689708477946834,0.00869011160415765,0.008690514641548281,0.008690917589107203,0.008691320446930485,0.008691723215051884,0.008692125894088115,0.008692528483889454,0.008692930984366614,0.008693333395624548,0.008693735717999949,0.008694137950888473,0.008694540094553851,0.008694942149279255,0.008695344114867816,0.008695745991422884,0.008696147779102284,0.008696549477895898,0.008696951088363089,0.008697352609687372,0.008697754041258198,0.008698155384566995,0.008698556639246817,0.008698957805267953,0.008699358882628077,0.008699759871331179,0.00870016077149447,0.008700561582765968,0.00870096230587899,0.008701362940538759,0.008701763486739615,0.008702163944676603,0.008702564314105137,0.008702964595199546,0.008703364788145635,0.00870376489277137,0.008704164909140926,0.00870456483718101,0.008704964677305423,0.008705364429357786,0.008705764093282269,0.008706163669237828,0.008706563157006117,0.008706962557033415,0.008707361869158485,0.008707761093375834,0.00870816022981723,0.008708559278437103,0.008708958239606506,0.008709357112786007,0.008709755898800358,0.008710154596700931,0.00871055320693957,0.008710951729616724,0.008711350164744754,0.008711748512377977,0.008712146772575934,0.008712544945359836,0.008712943030739502,0.008713341028725284,0.008713738939347656,0.008714136762804664,0.008714534499033014,0.00871493214801991,0.008715329709945428,0.008715727184707686,0.008716124572551567,0.008716521873041744,0.008716919086555697,0.008717316213156709,0.008717713252866107,0.008718110205696983,0.008718507071512784,0.008718903850662109,0.008719300543023832,0.008719697148636536,0.008720093667537543,0.008720490099638106,0.008720886445214971,0.008721282704190753,0.008721678876595826,0.008722074962440166,0.008722470961796458,0.008722866874839922,0.008723262701259886,0.008723658441380282,0.008724054094923666,0.008724449662879302,0.008724845144204529,0.008725240539029476,0.00872563584780242,0.008726031070366121,0.008726426206807303,0.008726821257415605,0.008727216222526821,0.0087276111008818,0.008728005893202842,0.008728400599548438,0.008728795219996994,0.008729189754545357,0.008729584202966632,0.008729978565894206,0.008730372842914542,0.008730767034357687,0.008731161140078828,0.008731555160143971,0.008731949094630383,0.008732342943518458,0.008732736706878673,0.008733130383857849,0.00873352397612162,0.008733917483008894,0.008734310904432994,0.008734704240541269,0.008735097490930488,0.008735490656448413,0.008735883736613503,0.008736276731864607,0.008736669641620511,0.008737062466396075,0.00873745520593255,0.008737847860403958,0.008738240429887674,0.008738632914326097,0.008739025313862402,0.008739417628274971,0.008739809857859987,0.008740202002584066,0.008740594062785177,0.008740986037886086,0.008741377928139041,0.008741769733758276,0.008742161454708406,0.008742553091326885,0.008742944643327482,0.008743336110465934,0.008743727493084143,0.008744118791436651,0.008744510005041116,0.008744901133379238,0.0087452921782466,0.00874568313924011,0.008746074015546147,0.008746464807242544,0.008746855515009162,0.00874724613822126,0.008747636676763142,0.008748027131958061,0.008748417501814484,0.0087488077884726,0.008749197991074225,0.008749588109582408,0.008749978144180008,0.008750368094738156,0.008750757961476674,0.008751147744469178,0.008751537443561792,0.008751927058742216,0.008752316590176805,0.008752706038196164,0.008753095402157969,0.008753484682493547,0.00875387387917667,0.008754262991860324,0.008754652021384366,0.0087550409673796,0.008755429829888516,0.008755818608925678,0.008756207304535673,0.008756595916530783,0.008756984445379833,0.008757372890915879,0.00875776125315651,0.008758149532155346,0.008758537727878692,0.008758925840236652,0.008759313869689953,0.008759701816047166,0.008760089679004443,0.008760477459266584,0.008760865156268876,0.008761252770545565,0.00876164030187446,0.008762027750238927,0.008762415115761583,0.008762802399034424,0.008763189598919321,0.008763576716036706,0.008763963750521504,0.008764350702296277,0.008764737571413814,0.008765124357721405,0.008765511061591475,0.008765897682737063,0.008766284221516785,0.00876667067766428,0.008767057051350695,0.00876744334245543,0.008767829551387402,0.008768215677962573,0.008768601722209503,0.008768987684114023,0.008769373564501219,0.008769759361991088,0.008770145077321248,0.008770530710461289,0.008770916261597409,0.008771301730504454,0.008771687117389047,0.008772072422444611,0.0087724576453297,0.00877284278618849,0.008773227845189333,0.008773612822642768,0.00877399771786703,0.00877438253134171,0.00877476726302857,0.00877515191296797,0.008775536481211939,0.008775920967942122,0.008776305372846962,0.008776689696141413,0.008777073937849229,0.00877745809799423,0.00877784217603562,0.008778226173142938,0.00877861008895564,0.008778993923268114,0.00877937767614514,0.008779761347588858,0.008780144937869393,0.008780528446809913,0.008780911874510113,0.008781295221020821,0.008781678486388604,0.008782061670542565,0.008782444773656046,0.008782827795682478,0.008783210736668611,0.0087835935966469,0.008783976375597271,0.008784359073573831,0.008784741690710562,0.008785124226970044,0.008785506682326036,0.008785889056801326,0.008786271350572993,0.008786653563658764,0.008787035696117476,0.008787417747809481,0.00878779971896642,0.008788181609396319,0.008788563419247948,0.008788945148662977,0.008789326797373114,0.008789708365692062,0.008790089853202423,0.008790471260657531,0.008790852587553879,0.008791233834221673,0.008791615000631248,0.008791996086760715,0.008792377092727772,0.008792758018476905,0.00879313886393009,0.008793519628924266,0.008793900314105,0.008794280919184043,0.008794661444206466,0.00879504188921722,0.008795422254237855,0.008795802539300469,0.00879618274438464,0.008796562869634948,0.00879694291513823,0.008797322880700785,0.008797702766404285,0.008798082572446547,0.008798462298667736,0.008798841944713936,0.008799221511561518,0.008799600998846883,0.008799980406386555,0.008800359734499627,0.008800738983080023,0.00880111815224525,0.00880149724188159,0.008801876252107719,0.008802255182582756,0.008802634033992708,0.008803012806155657,0.00880339149890445,0.008803770112302474,0.008804148646520682,0.008804527101533392,0.008804905477351271,0.008805283773981393,0.008805661991541522,0.008806040129841614,0.008806418189269343,0.008806796169677313,0.00880717407109637,0.008807551893669196,0.008807929637263137,0.008808307301908484,0.008808684887782319,0.008809062394788366,0.008809439822699909,0.008809817172129992,0.00881019444279142,0.008810571634759675,0.008810948748172683,0.00881132578283699,0.008811702738884052,0.008812079616471263,0.00881245641542579,0.008812833135965491,0.008813209777720835,0.008813586341231685,0.00881396282617367,0.008814339233099332,0.008814715561444314,0.008815091811428609,0.008815467983223203,0.008815844076727284,0.008816220092182688,0.00881659602929969,0.008816971886986083,0.008817347667955756,0.008817723370517828,0.008818098995082868,0.008818474541655883,0.008818850010236657,0.008819225400441711,0.008819600713112847,0.00881997594785839,0.008820351104694358,0.008820726183697067,0.008821101184810063,0.00882147610825057,0.00882185095404495,0.008822225721928771,0.008822600412304938,0.008822975024841348,0.008823349559806787,0.008823724017253462,0.008824098397081039,0.008824472699373911,0.008824846924163191,0.008825221071454933,0.008825595141383993,0.008825969133838207,0.008826343050037171,0.008826716887771036,0.008827090648186032,0.008827464331385142,0.008827837937239425,0.008828211465895472,0.008828584917358474,0.0088289582916213,0.008829331588578264,0.008829704808603527,0.008830077951595284,0.008830451017548455,0.008830824006495411,0.008831196918463131,0.008831569753471585,0.008831942511578627,0.008832315192842248,0.008832687797212338,0.008833060325134572,0.008833432775953694,0.008833805149983148,0.008834177447834688,0.008834549668531992,0.008834921812422437,0.008835293878747033,0.008835665869256618,0.008836037783311107,0.008836409620791855,0.00883678138150136,0.008837153065437498,0.008837524673701191,0.00883789620569334,0.008838267660933133,0.008838639039722004,0.008839010342229989,0.008839381568485625,0.00883975271844378,0.008840123792138546,0.008840494789651165,0.00884086571095191,0.008841236556099245,0.00884160732512339,0.008841978018063875,0.008842348634872264,0.008842719175734193,0.008843089640590973,0.008843460029478714,0.008843830342432015,0.008844200579607567,0.00884457074077713,0.00884494082752164,0.008845310837006806,0.008845680770704176,0.008846050628684994,0.008846420410910352,0.00884679011742283,0.008847159748271131,0.008847529303171113,0.008847898782837978,0.008848268186850828,0.008848637515374753,0.008849006768325842,0.008849375945532948,0.00884974504755262,0.008850114074143652,0.008850483025336253,0.008850851901159796,0.008851220701644506,0.008851589426815621,0.008851958076711765,0.00885232665092761,0.008852695150354513,0.008853063574396637,0.008853431923466434,0.00885380019740254,0.008854168396247928,0.008854536520022412,0.008854904568755675,0.008855272542467735,0.008855640441206819,0.008856008264661317,0.008856376013525452,0.008856743687496406,0.008857111286734777,0.008857478811007955,0.008857846260441452,0.008858213635135148,0.008858580935000776,0.00885894816023299,0.008859315310774652,0.008859682386653205,0.008860049387906561,0.008860416314752397,0.00886078316726065,0.00886114994504005,0.008861516648377745,0.008861883276941058,0.008862249831310688,0.008862616311216908,0.008862982716449119,0.008863349047382773,0.008863715303988622,0.008864081486279252,0.008864447594298455,0.008864813627269402,0.008865179587009222,0.008865545472376243,0.008865911283584408,0.008866277020662557,0.008866642683640059,0.008867008272533158,0.00886737378739695,0.008867739228228234,0.008868104595087732,0.008868469887715514,0.008868835106688358,0.00886920025176428,0.008869565322986172,0.008869930320374846,0.008870295243902704,0.00887066009369233,0.008871024869922747,0.008871389571541922,0.008871754200153256,0.008872118755124047,0.008872483236428743,0.008872847644136097,0.008873211978248894,0.008873576238839309,0.008873940425860654,0.00887430453932256,0.008874668579425303,0.008875032546074437,0.008875396439324865,0.0088757602591542,0.0088761240056736,0.008876487678877493,0.008876851278644751,0.008877214805302024,0.008877578258730036,0.008877941639002325,0.008878304946067644,0.008878668179948868,0.008879031340723115,0.008879394428391628,0.008879757443111895,0.008880120384661048,0.00888048325322493,0.008880846048889952,0.00888120877166609,0.008881571421397765,0.008881933998219356,0.008882296502179083,0.008882658933310649,0.008883021292637967,0.008883383578193214,0.008883745791099589,0.008884107931035376,0.008884469998450308,0.008884831993252561,0.008885193914621855,0.008885555763972161,0.00888591754086679,0.008886279245187555,0.008886640876997066,0.00888700243689798,0.008887363923962837,0.008887725338440292,0.008888086680447984,0.008888447950055047,0.008888809147302229,0.008889170272238678,0.008889531325011414,0.008889892305364768,0.00889025321346535,0.008890614049364334,0.008890974813084637,0.00889133550461737,0.008891696124024899,0.008892056671338373,0.00889241714658191,0.008892777549967682,0.008893137881146292,0.008893498140352084,0.008893858327472318,0.008894218442735222,0.008894578486102795,0.00889493845758721,0.008895298357077757,0.008895658184900733,0.008896017940918498,0.008896377625162186,0.008896737237888341,0.00889709677867842,0.008897456247800613,0.008897815645079814,0.008898174970918831,0.008898534225139275,0.008898893407934864,0.008899252519032085,0.008899611558612245,0.008899970526088463,0.00890032942250591,0.008900688247685994,0.008901047001468461,0.00890140568377427,0.008901764294708613,0.008902122834422878,0.008902481302835118,0.008902839699978066,0.008903198025848588,0.008903556280538119,0.008903914462959265,0.008904272575184707,0.008904630616341848,0.008904988586682535,0.008905346485223542,0.00890570431352728,0.00890606207043153,0.008906419756328514,0.008906777371188435,0.008907134915218133,0.008907492388519855,0.008907849791910685,0.008908207123188341,0.008908564383720091,0.008908921573445562,0.008909278692391354,0.008909635740714874,0.00890999271817987,0.008910349624947377,0.008910706461038037,0.008911063226491425,0.008911419921345691,0.008911776545743948,0.008912133099132843,0.008912489582294328,0.008912845994963153,0.008913202337123815,0.008913558608832334,0.0089139148100793,0.008914270941257603,0.008914627001768751,0.008914982991930264,0.008915338911793065,0.008915694761358912,0.008916050540645837,0.008916406249669129,0.008916761888636054,0.008917117457290602,0.008917472955792266,0.008917828384450707,0.00891818374282639,0.008918539030972459,0.008918894249103611,0.008919249397213412,0.008919604475291927,0.008919959482536245,0.008920314420747772,0.00892066928930716,0.00892102408768523,0.008921378816204844,0.008921733474888371,0.008922088063782753,0.008922442582887038,0.008922797032447338,0.00892315141209823,0.008923505722045614,0.008923859962407311,0.00892421413287142,0.00892456823383691,0.008924922264906378,0.00892527622683496,0.008925630119079875,0.008925983941954657,0.008926337695161459,0.008926691379285204,0.008927044993095426,0.008927398538015746,0.008927752014013059,0.008928105420176607,0.008928458757029288,0.008928812023755724,0.00892916522201746,0.008929518351231375,0.008929871411086376,0.008930224401862785,0.008930577323252637,0.008930930175550753,0.00893128295869112,0.008931635672735938,0.00893198831771061,0.008932340894030949,0.008932693400944658,0.008933045838880575,0.008933398207871588,0.008933750507886057,0.008934102738987662,0.008934454901231311,0.008934806994538561,0.008935159019063348,0.00893551097510241,0.008935862862038381,0.008936214679947397,0.008936566428571113,0.008936918109315588,0.008937269721379827,0.00893762126479405,0.008937972739602404,0.008938324145816629,0.008938675482915267,0.008939026752041742,0.008939377952585434,0.008939729084593857,0.008940080148170828,0.008940431143303673,0.008940782070013389,0.008941132928334393,0.008941483718288611,0.008941834439911917,0.008942185093209687,0.008942535678218254,0.008942886194959716,0.008943236643450517,0.008943587023804957,0.00894393733589257,0.008944287579941864,0.008944637755734171,0.008944987863427015,0.008945337902990111,0.008945687874525746,0.008946037778108734,0.008946387612920536,0.008946737380456074,0.00894708708007433,0.00894743671180244,0.00894778627574768,0.008948135771631028,0.008948485199558336,0.008948834559733552,0.008949183852173675,0.008949533076703707,0.008949882233562665,0.008950231322719892,0.00895058034415194,0.008950929297912595,0.008951278184024776,0.008951627002513458,0.008951975753387017,0.00895232443661883,0.008952673053510588,0.008953021601734446,0.008953370082662131,0.008953718496468296,0.008954066842349942,0.008954415120758431,0.008954763331762532,0.008955111475418236,0.008955459551705057,0.008955807560663546,0.008956155502553638,0.008956503376977695,0.008956851183784626,0.008957198923698837,0.008957546596433458,0.008957894202005356,0.0089582417404495,0.00895858921176308,0.008958936615982438,0.008959283953178326,0.0089596312232045,0.008959978426293891,0.008960325562607518,0.008960672631753503,0.008961019633956709,0.008961366569243335,0.008961713437778275,0.008962060239267558,0.008962406973940129,0.008962753641785533,0.008963100243014251,0.008963446777298139,0.008963793244851479,0.008964139645683074,0.008964485979832695,0.008964832247312723,0.008965178448138003,0.0089655245823361,0.008965870649951245,0.008966216652011548,0.008966562586838435,0.008966908454804176,0.008967254256303524,0.008967599991550522,0.008967945660076209,0.008968291262258623,0.00896863679779271,0.008968982266979219,0.00896932767005707,0.008969673006770212,0.008970018277190534,0.008970363481342076,0.008970708619265579,0.00897105369094776,0.008971398696433618,0.008971743635747188,0.008972088508927858,0.008972433316028513,0.008972778056967015,0.008973122731772865,0.008973467340205387,0.008973811882973273,0.008974156359766037,0.008974500770523414,0.00897484511526984,0.008975189394091131,0.008975533607104043,0.008975877754275637,0.00897622183551307,0.008976565850924668,0.008976909800540996,0.008977253684402439,0.008977597502134647,0.008977941254486428,0.008978284941154038,0.008978628562136463,0.008978972117404583,0.008979315607099277,0.008979659030808084,0.008980002388883019,0.008980345681816446,0.008980688909105356,0.008981032070920252,0.008981375167181444,0.008981718198037551,0.008982061163477386,0.008982404063488122,0.008982746898115937,0.008983089667446282,0.008983432371426866,0.008983775010053435,0.008984117583413305,0.008984460091582835,0.008984802534403048,0.008985144912012426,0.008985487224482787,0.00898582947171652,0.008986171653861735,0.008986513770791703,0.008986855822516448,0.008987197809265025,0.008987539730999902,0.008987881587697356,0.008988223379388765,0.008988565106094948,0.008988906767777286,0.008989248364589728,0.008989589896489323,0.008989931363497964,0.008990272765649067,0.008990614102955248,0.008990955375444256,0.008991296583142431,0.008991637726068648,0.00899197880425757,0.008992319817719314,0.00899266076648269,0.008993001650580071,0.008993342470021147,0.00899368322483579,0.008994023915055722,0.008994364540697256,0.008994705101784382,0.008995045598333227,0.008995386030382318,0.008995726397947795,0.008996066701053535,0.008996406939723006,0.008996747113979908,0.008997087223848045,0.008997427269350882,0.00899776725051207,0.008998107167355104,0.008998447019903752,0.008998786808181385,0.008999126532211665,0.008999466192041807,0.008999805787648092,0.009000145319077552,0.009000484786353822,0.009000824189500253,0.009001163528584252,0.009001502803541542,0.009001842014439484,0.00900218116130155,0.009002520244151112,0.00900285926301162,0.009003198217470197,0.009003537107985732,0.009003875935019603,0.009004214697548432,0.009004553396662117,0.00900489203211818,0.009005230603281835,0.009005569110623994,0.00900590755410253,0.009006245934401962,0.009006584250962553,0.009006922503818526,0.009007260692984695,0.00900759881848259,0.009007936880156206,0.009008274878401952,0.009008612813055495,0.009008950684128901,0.009009288491661238,0.009009626235669999,0.009009963916177352,0.009010301533207232,0.009010639086782948,0.009010976576926169,0.009011314003660816,0.00901165136701229,0.009011988666760768,0.009012325902991348,0.009012663076125872,0.009013000186171523,0.009013337232943648,0.009013674216256647,0.00901401113614875,0.009014347992787749,0.009014684786713328,0.00901502151705434,0.00901535818428113,0.009015694788580605,0.009016031329596951,0.009016367808005462,0.009016704223336492,0.009017040575652065,0.00901737686497253,0.009017713091326356,0.009018049254562769,0.009018385355054516,0.009018721392650432,0.009019057367340952,0.009019393279162582,0.009019729128289548,0.009020064914641756,0.009020400638004597,0.00902073629877206,0.009021071896682652,0.009021407431845289,0.009021742904083205,0.009022078313748218,0.009022413660845899,0.009022748945358545,0.00902308416717948,0.009023419326277834,0.00902375442281789,0.00902408945712018,0.009024424428801744,0.009024759337926494,0.00902509418465055,0.009025428969254571,0.009025763690788287,0.009026098350158662,0.009026432946910131,0.009026767481007796,0.009027101953066474,0.009027436363436938,0.009027770710762847,0.009028104996241198,0.00902843921938047,0.009028773380739595,0.009029107479369244,0.009029441516019036,0.009029775490555152,0.009030109402833232,0.009030443252808227,0.00903077704092923,0.009031110766940353,0.00903144443118447,0.009031778032895944,0.009032111573092423,0.009032445050677814,0.009032778466762426,0.009033111820651918,0.009033445112963204,0.00903377834329049,0.009034111511713329,0.009034444618477862,0.009034777663346547,0.009035110646376507,0.009035443567699069,0.00903577642718532,0.009036109224905239,0.009036441960853792,0.00903677463529982,0.009037107247944987,0.00903743979891336,0.009037772288250518,0.009038104716027591,0.009038437082252224,0.009038769387235222,0.00903910163081608,0.009039433812440592,0.009039765932779132,0.009040097991182229,0.009040429988732489,0.009040761924433512,0.009041093798983369,0.009041425612145894,0.009041757363865427,0.009042089054334873,0.009042420683484303,0.009042752251354601,0.00904308375784993,0.009043415203100612,0.00904374658711271,0.009044077909922016,0.009044409171641366,0.009044740372119957,0.009045071511461932,0.00904540258966912,0.009045733606788673,0.009046064562834896,0.009046395457834953,0.009046726291893766,0.009047057064823049,0.00904738777680428,0.009047718427817342,0.009048049017886192,0.009048379547033955,0.009048710015291048,0.00904904042248465,0.009049370768665512,0.00904970105436759,0.009050031279187,0.009050361443282256,0.009050691546609374,0.009051021589181222,0.009051351571038474,0.009051681492396197,0.009052011352868114,0.00905234115286714,0.009052670892216013,0.00905300057077715,0.009053330188751325,0.009053659746117916,0.00905398924297785,0.009054318679290666,0.009054648055095576,0.00905497737041523,0.009055306625268465,0.009055635819629149,0.009055964952885841,0.00905629402647392,0.00905662303908058,0.00905695199193111,0.009057280884493351,0.009057609716897546,0.009057938488585028,0.009058267200268318,0.009058595851709539,0.009058924442542934,0.009059252973544298,0.009059581444298944,0.009059909854945333,0.009060238205452365,0.00906056649578393,0.009060894726029571,0.009061222896167285,0.009061551006309598,0.009061879056584293,0.009062207046597744,0.009062534976840153,0.009062862847123663,0.009063190657523153,0.009063518407726184,0.0090638460982114,0.009064173728628803,0.009064501299151305,0.009064828810602181,0.00906515626148528,0.00906548365203857,0.009065810983516259,0.00906613825521725,0.009066465467006736,0.009066792619152466,0.009067119711551554,0.009067446744254925,0.009067773717339259,0.00906810063075917,0.00906842748452803,0.009068754278722583,0.009069081013327774,0.00906940768836811,0.009069734303898227,0.009070060859929351,0.009070387356474018,0.00907071379352098,0.009071040171139758,0.009071366489334275,0.009071692748125493,0.009072018947542056,0.009072345087589521,0.009072671168296508,0.009072997189683933,0.009073323151772708,0.009073649054583731,0.009073974898137886,0.009074300682411884,0.009074626407514922,0.009074952073542964,0.009075277680211396,0.00907560322776972,0.009075928716220656,0.009076254145675767,0.009076579515902086,0.00907690482695909,0.009077230079489804,0.009077555272475219,0.00907788040632746,0.009078205481290888,0.009078530497435634,0.009078855454627027,0.009079180352902881,0.009079505192246802,0.009079829972739883,0.009080154694367223,0.009080479357153257,0.009080803961138832,0.009081128506540801,0.009081452992883736,0.009081777420522772,0.009082101789435857,0.009082426099606617,0.009082750351087406,0.009083074543854272,0.009083398677995586,0.009083722753632817,0.009084046770523354,0.009084370728820065,0.009084694628543277,0.009085018469713194,0.009085342252350402,0.009085665976380863,0.00908598964201548,0.009086313249189683,0.009086636797774552,0.00908696028801055,0.009087283719801904,0.009087607093303285,0.00908793040819957,0.009088253664921556,0.009088576863357244,0.009088900003485174,0.009089223085282845,0.00908954610877132,0.009089869074098053,0.00909019198119832,0.009090514830092537,0.009090837620745293,0.00909116035329916,0.009091483027659312,0.009091805643740727,0.009092128201832573,0.0090924507020643,0.00909277314395732,0.009093095528246688,0.0090934178536698,0.009093740121578207,0.009094062332379626,0.009094384484299809,0.009094706578358033,0.00909502861409655,0.009095350591754852,0.009095672512429816,0.00909599437510005,0.009096316180022948,0.009096637926855713,0.009096959615932227,0.009097281247182093,0.00909760282057525,0.009097924336406542,0.00909824579444367,0.009098567194833667,0.009098888537483515,0.009099209822520778,0.009099531049863035,0.009099852219537644,0.009100173331609519,0.009100494386255722,0.009100815383225035,0.00910113632274538,0.009101457204468628,0.009101778028928904,0.009102098795801171,0.009102419505221464,0.009102740157196434,0.009103060751588494,0.009103381288834082,0.009103701768417892,0.009104022190831507,0.009104342555928489,0.009104662863694712,0.009104983114178764,0.00910530330736132,0.009105623443295734,0.009105943521995282,0.009106263543453862,0.009106583507727207,0.009106903414822709,0.009107223264739017,0.009107543057513913,0.00910786279317789,0.009108182471598154,0.009108502093073543,0.009108821657483682,0.00910914116485296,0.009109460615243484,0.00910978000858505,0.00911009934496425,0.009110418624352317,0.009110737847651635,0.009111057013181439,0.00911137612165241,0.009111695173422555,0.009112014168283144,0.00911233310617893,0.00911265198738813,0.009112970811775681,0.009113289579372354
20,2.5585312892006855e-23,5.657095916664972e-23,9.064530998503074e-23,1.2676218263352587e-22,1.6424416887810786e-22,2.026391765492153e-22,2.416448644660743e-22,2.8105901109007033e-22,3.2074635887315425e-22,3.606164396304258e-22,4.006087429287684e-22,4.406827958380562e-22,4.80811527686526e-22,5.209768320196293e-22,5.611665981775638e-22,6.013727258400565e-22,6.415897970373547e-22,6.8181418791320745e-22,7.220434746198035e-22,7.622760359454298e-22,8.025107875285045e-22,8.427470040843503e-22,8.829842004999904e-22,9.232220523033895e-22,9.634603424685947e-22,1.0036989258359135e-21,1.0439377053140182e-21,1.0841766159625304e-21,1.1244156143455142e-21,1.1646546714104594e-21,1.2048937677253484e-21,1.2451328902929017e-21,1.2853720304197805e-21,1.3256111822913655e-21,1.3658503420184997e-21,1.4060895069998851e-21,1.4463286754956259e-21,1.4865678463419709e-21,1.5268070187605385e-21,1.5670461922307018e-21,1.6072853664042337e-21,1.6475245410482164e-21,1.6877637160068693e-21,1.72800289117599e-21,1.7682420664858866e-21,1.8084812418899358e-21,1.848720417356963e-21,1.888959592866117e-21,1.9291987684034437e-21,1.969437943959616e-21,2.0096771195283933e-21,2.0499162951056012e-21,2.0901554706884482e-21,2.130394646275066e-21,2.1706338218642074e-21,2.210872997455036e-21,2.251112173046993e-21,2.2913513486397023e-21,2.331590524232917e-21,2.371829699826471e-21,2.4120688754202513e-21,2.4523080510141825e-21,2.4925472266082153e-21,2.5327864022023158e-21,2.5730255777964618e-21,2.6132647533906345e-21,2.65350392898483e-21,2.6937431045790393e-21,2.733982280173258e-21,2.7742214557674822e-21,2.8144606313617117e-21,2.8546998069559424e-21,2.894938982550175e-21,2.935178158144409e-21,2.9754173337386437e-21,3.0156565093328796e-21,3.055895684927114e-21,3.0961348605213507e-21,3.1363740361155866e-21,3.1766132117098217e-21,3.2168523873040595e-21,3.257091562898296e-21,3.2973307384925313e-21,3.3375699140867676e-21,3.3778090896810035e-21,3.418048265275241e-21,3.458287440869478e-21,3.498526616463714e-21,3.5387657920579506e-21,3.579004967652188e-21,3.6192441432464254e-21,3.6594833188406685e-21,3.699722494434903e-21,3.73996167002914e-21,3.780200845623377e-21,3.820440021217614e-21,3.860679196811849e-21,3.9009183724060854e-21,3.941157548000324e-21,3.98139672359456e-21,4.0216358991887935e-21,4.061875074783031e-21,4.102114250377268e-21,4.1423534259715024e-21,4.1825926015657394e-21,4.222831777159977e-21,4.263070952754218e-21,4.3033101283484536e-21,4.3435493039426906e-21,4.3837884795369284e-21,4.4240276551311654e-21,4.4642668307254025e-21,4.5045060063196395e-21,4.544745181913878e-21,4.584984357508114e-21,4.6252235331023506e-21,4.665462708696588e-21,4.7057018842908254e-21,4.745941059885062e-21,4.786180235479297e-21,4.826419411073534e-21,4.8666585866677706e-21,4.9068977622620084e-21,4.947136937856243e-21,4.98737611345048e-21,5.0276152890447165e-21,5.0678544646389535e-21,5.108093640233191e-21,5.148332815827423e-21,5.188571991421661e-21,5.228811167015897e-21,5.2690503426101365e-21,5.3092895182043735e-21,5.349528693798613e-21,5.389767869392852e-21,5.430007044987089e-21,5.47024622058132e-21,5.510485396175553e-21,5.550724571769789e-21,5.590963747364026e-21,5.631202922958263e-21,5.6714420985524986e-21,5.711681274146735e-21,5.75192044974097e-21,5.79215962533521e-21,5.832398800929445e-21,5.872637976523681e-21,5.912877152117913e-21,5.95311632771215e-21,5.993355503306387e-21,6.0335946789006244e-21,6.073833854494859e-21,6.114073030089096e-21,6.1543122056833325e-21,6.194551381277572e-21,6.234790556871809e-21,6.2750297324660474e-21,6.3152689080602844e-21,6.3555080836545245e-21,6.39574725924876e-21,6.4359864348429985e-21,6.4762256104372356e-21,6.516464786031482e-21,6.5567039616257164e-21,6.596943137219956e-21,6.637182312814194e-21,6.677421488408435e-21,6.71766066400267e-21,6.757899839596909e-21,6.798139015191147e-21,6.838378190785386e-21,6.878617366379623e-21,6.91885654197386e-21,6.959095717568097e-21,6.999334893162334e-21,7.039574068756574e-21,7.079813244350811e-21,7.12005241994505e-21,7.160291595539284e-21,7.200530771133523e-21,7.240769946727761e-21,7.281009122321996e-21,7.321248297916232e-21,7.361487473510467e-21,7.401726649104706e-21,7.441965824698941e-21,7.482205000293179e-21,7.522444175887415e-21,7.562683351481651e-21,7.602922527075888e-21,7.643161702670125e-21,7.683400878264368e-21,7.723640053858603e-21,7.763879229452839e-21,7.804118405047077e-21,7.844357580641316e-21,7.884596756235552e-21,7.92483593182979e-21,7.965075107424025e-21,8.005314283018261e-21,8.045553458612499e-21,8.085792634206735e-21,8.126031809800971e-21,8.166270985395211e-21,8.206510160989447e-21,8.246749336583685e-21,8.28698851217792e-21,8.327227687772156e-21,8.367466863366392e-21,8.407706038960628e-21,8.447945214554865e-21,8.488184390149104e-21,8.52842356574334e-21,8.568662741337577e-21,8.608901916931811e-21,8.649141092526046e-21,8.689380268120284e-21,8.72961944371452e-21,8.769858619308757e-21,8.810097794902994e-21,8.85033697049723e-21,8.890576146091468e-21,8.930815321685706e-21,8.971054497279941e-21,9.011293672874177e-21,9.051532848468414e-21,9.091772024062651e-21,9.132011199656882e-21,9.172250375251116e-21,9.212489550845356e-21,9.252728726439587e-21,9.292967902033825e-21,9.333207077628062e-21,9.373446253222301e-21,9.413685428816537e-21,9.453924604410773e-21,9.494163780005008e-21,9.534402955599244e-21,9.574642131193484e-21,9.61488130678772e-21,9.65512048238196e-21,9.695359657976193e-21,9.735598833570427e-21,9.77583800916466e-21,9.816077184758898e-21,9.856316360353135e-21,9.896555535947374e-21,9.936794711541609e-21,9.977033887135844e-21,1.0017273062730083e-20,1.0057512238324316e-20,1.0097751413918553e-20,1.0137990589512787e-20,1.0178229765107027e-20,1.0218468940701261e-20,1.0258708116295496e-20,1.0298947291889732e-20,1.0339186467483972e-20,1.0379425643078208e-20,1.0419664818672444e-20,1.0459903994266682e-20,1.050014316986092e-20,1.0540382345455155e-20,1.0580621521049394e-20,1.062086069664363e-20,1.0661099872237864e-20,1.07013390478321e-20,1.074157822342634e-20,1.0781817399020578e-20,1.0822056574614816e-20,1.0862295750209055e-20,1.090253492580329e-20,1.0942774101397525e-20,1.0983013276991758e-20,1.1023252452585995e-20,1.1063491628180228e-20,1.1103730803774466e-20,1.1143969979368699e-20,1.1184209154962935e-20,1.1224448330557175e-20,1.1264687506151414e-20,1.130492668174565e-20,1.1345165857339886e-20,1.138540503293413e-20,1.1425644208528366e-20,1.1465883384122607e-20,1.1506122559716845e-20,1.1546361735311083e-20,1.1586600910905322e-20,1.1626840086499563e-20,1.1667079262093801e-20,1.1707318437688042e-20,1.1747557613282281e-20,1.1787796788876519e-20,1.182803596447076e-20,1.1868275140064999e-20,1.1908514315659237e-20,1.1948753491253473e-20,1.1988992666847709e-20,1.2029231842441944e-20,1.206947101803618e-20,1.2109710193630416e-20,1.2149949369224654e-20,1.219018854481889e-20,1.2230427720413127e-20,1.2270666896007368e-20,1.2310906071601608e-20,1.2351145247195846e-20,1.2391384422790086e-20,1.2431623598384323e-20,1.2471862773978564e-20,1.25121019495728e-20,1.2552341125167041e-20,1.2592580300761277e-20,1.2632819476355515e-20,1.2673058651949756e-20,1.271329782754399e-20,1.2753537003138233e-20,1.2793776178732474e-20,1.2834015354326712e-20,1.2874254529920951e-20,1.2914493705515186e-20,1.2954732881109422e-20,1.2994972056703661e-20,1.3035211232297902e-20,1.3075450407892135e-20,1.311568958348637e-20,1.3155928759080607e-20,1.319616793467484e-20,1.3236407110269079e-20,1.3276646285863314e-20,1.3316885461457553e-20,1.3357124637051788e-20,1.3397363812646027e-20,1.3437602988240264e-20,1.3477842163834501e-20,1.3518081339428738e-20,1.3558320515022974e-20,1.359855969061721e-20,1.3638798866211443e-20,1.3679038041805683e-20,1.371927721739992e-20,1.3759516392994155e-20,1.3799755568588395e-20,1.383999474418263e-20,1.3880233919776873e-20,1.392047309537111e-20,1.3960712270965343e-20,1.4000951446559582e-20,1.4041190622153815e-20,1.4081429797748052e-20,1.4121668973342288e-20,1.4161908148936527e-20,1.4202147324530764e-20,1.4242386500125e-20,1.4282625675719236e-20,1.4322864851313475e-20,1.4363104026907712e-20,1.4403343202501948e-20,1.4443582378096187e-20,1.4483821553690427e-20,1.452406072928466e-20,1.4564299904878896e-20,1.4604539080473132e-20,1.4644778256067372e-20,1.468501743166161e-20,1.4725256607255847e-20,1.4765495782850087e-20,1.4805734958444323e-20,1.484597413403856e-20,1.4886213309632795e-20,1.4926452485227035e-20,1.4966691660821274e-20,1.5006930836415507e-20,1.5047170012009744e-20,1.508740918760398e-20,1.5127648363198216e-20,1.5167887538792455e-20,1.5208126714386692e-20,1.524836588998093e-20,1.528860506557517e-20,1.5328844241169407e-20,1.536908341676365e-20,1.5409322592357885e-20,1.5449561767952122e-20,1.5489800943546355e-20,1.553004011914059e-20,1.557027929473483e-20,1.5610518470329067e-20,1.5650757645923303e-20,1.569099682151754e-20,1.5731235997111776e-20,1.5771475172706012e-20,1.581171434830025e-20,1.5851953523894484e-20,1.589219269948872e-20,1.593243187508296e-20,1.59726710506772e-20,1.6012910226271436e-20,1.605314940186567e-20,1.6093388577459905e-20,1.613362775305414e-20,1.6173866928648384e-20,1.6214106104242614e-20,1.6254345279836853e-20,1.629458445543109e-20,1.6334823631025326e-20,1.6375062806619562e-20,1.6415301982213798e-20,1.6455541157808035e-20,1.649578033340227e-20,1.6536019508996504e-20,1.6576258684590738e-20,1.6616497860184974e-20,1.6656737035779216e-20,1.669697621137345e-20,1.6737215386967686e-20,1.6777454562561922e-20,1.6817693738156158e-20,1.6857932913750398e-20,1.689817208934464e-20,1.693841126493888e-20,1.6978650440533112e-20,1.701888961612735e-20,1.7059128791721585e-20,1.709936796731582e-20,1.7139607142910058e-20,1.717984631850429e-20,1.722008549409853e-20,1.7260324669692763e-20,1.7300563845286997e-20,1.7340803020881236e-20,1.7381042196475472e-20,1.7421281372069712e-20,1.746152054766395e-20,1.7501759723258187e-20,1.7541998898852423e-20,1.7582238074446663e-20,1.7622477250040893e-20,1.7662716425635132e-20,1.7702955601229366e-20,1.7743194776823602e-20,1.778343395241784e-20,1.7823673128012077e-20,1.7863912303606314e-20,1.7904151479200556e-20,1.7944390654794792e-20,1.7984629830389026e-20,1.8024869005983268e-20,1.80651081815775e-20,1.8105347357171737e-20,1.8145586532765974e-20,1.8185825708360213e-20,1.8226064883954446e-20,1.8266304059548683e-20,1.830654323514292e-20,1.8346782410737158e-20,1.8387021586331394e-20,1.8427260761925628e-20,1.8467499937519864e-20,1.85077391131141e-20,1.8547978288708343e-20,1.858821746430258e-20,1.862845663989681e-20,1.8668695815491048e-20,1.8708934991085288e-20,1.874917416667952e-20,1.8789413342273757e-20,1.8829652517867994e-20,1.886989169346223e-20,1.8910130869056466e-20,1.8950370044650702e-20,1.8990609220244945e-20,1.9030848395839178e-20,1.907108757143341e-20,1.9111326747027648e-20,1.9151565922621884e-20,1.9191805098216123e-20,1.923204427381036e-20,1.92722834494046e-20,1.9312522624998838e-20,1.9352761800593074e-20,1.9393000976187314e-20,1.943324015178155e-20,1.947347932737579e-20,1.951371850297003e-20,1.9553957678564265e-20,1.9594196854158498e-20,1.9634436029752737e-20,1.967467520534697e-20,1.9714914380941207e-20,1.9755153556535446e-20,1.9795392732129677e-20,1.9835631907723916e-20,1.9875871083318152e-20,1.9916110258912388e-20,1.995634943450663e-20,1.999658861010086e-20,2.00368277856951e-20,2.0077066961289337e-20,2.011730613688357e-20,2.0157545312477812e-20,2.0197784488072042e-20,2.023802366366628e-20,2.0278262839260515e-20,2.031850201485475e-20,2.0358741190448988e-20,2.039898036604322e-20,2.0439219541637457e-20,2.0479458717231696e-20,2.0519697892825933e-20,2.055993706842017e-20,2.06001762440144e-20,2.0640415419608636e-20,2.068065459520288e-20,2.0720893770797117e-20,2.0761132946391353e-20,2.080137212198559e-20,2.0841611297579826e-20,2.0881850473174068e-20,2.0922089648768308e-20,2.096232882436254e-20,2.1002567999956774e-20,2.1042807175551007e-20,2.1083046351145244e-20,2.112328552673948e-20,2.1163524702333716e-20,2.1203763877927956e-20,2.1244003053522192e-20,2.1284242229116428e-20,2.132448140471067e-20,2.1364720580304904e-20,2.1404959755899143e-20,2.1445198931493385e-20,2.1485438107087622e-20,2.1525677282681858e-20,2.1565916458276094e-20,2.160615563387033e-20,2.1646394809464573e-20,2.1686633985058815e-20,2.172687316065305e-20,2.176711233624729e-20,2.1807351511841533e-20,2.184759068743577e-20,2.1887829863030003e-20,2.1928069038624242e-20,2.1968308214218478e-20,2.2008547389812714e-20,2.204878656540695e-20,2.2089025741001187e-20,2.2129264916595426e-20,2.2169504092189666e-20,2.2209743267783896e-20,2.2249982443378132e-20,2.2290221618972362e-20,2.23304607945666e-20,2.237069997016084e-20,2.2410939145755077e-20,2.2451178321349308e-20,2.2491417496943544e-20,2.253165667253779e-20,2.2571895848132022e-20,2.261213502372626e-20,2.2652374199320498e-20,2.269261337491474e-20,2.273285255050897e-20,2.2773091726103204e-20,2.2813330901697443e-20,2.2853570077291676e-20,2.2893809252885913e-20,2.2934048428480146e-20,2.2974287604074385e-20,2.301452677966862e-20,2.3054765955262852e-20,2.309500513085709e-20,2.313524430645133e-20,2.3175483482045564e-20,2.32157226576398e-20,2.325596183323404e-20,2.329620100882828e-20,2.3336440184422515e-20,2.3376679360016754e-20,2.3416918535610993e-20,2.3457157711205227e-20,2.349739688679947e-20,2.3537636062393702e-20,2.3577875237987936e-20,2.3618114413582175e-20,2.3658353589176408e-20,2.3698592764770647e-20,2.3738831940364884e-20,2.3779071115959117e-20,2.3819310291553362e-20,2.3859549467147596e-20,2.3899788642741835e-20,2.3940027818336068e-20,2.3980266993930304e-20,2.4020506169524544e-20,2.4060745345118777e-20,2.410098452071302e-20,2.414122369630725e-20,2.4181462871901492e-20,2.422170204749573e-20,2.4261941223089965e-20,2.43021803986842e-20,2.434241957427844e-20,2.438265874987268e-20,2.4422897925466913e-20,2.4463137101061152e-20,2.4503376276655388e-20,2.4543615452249622e-20,2.4583854627843867e-20,2.46240938034381e-20,2.4664332979032336e-20,2.470457215462657e-20,2.474481133022081e-20,2.4785050505815048e-20,2.4825289681409282e-20,2.486552885700352e-20,2.4905768032597754e-20,2.494600720819199e-20,2.498624638378623e-20,2.502648555938047e-20,2.5066724734974705e-20,2.510696391056894e-20,2.5147203086163187e-20,2.5187442261757417e-20,2.5227681437351656e-20,2.526792061294589e-20,2.5308159788540126e-20,2.5348398964134356e-20,2.5388638139728593e-20,2.5428877315322832e-20,2.546911649091706e-20,2.5509355666511298e-20,2.5549594842105532e-20,2.558983401769977e-20,2.5630073193294007e-20,2.567031236888824e-20,2.571055154448248e-20,2.575079072007672e-20,2.5791029895670952e-20,2.58312690712652e-20,2.587150824685944e-20,2.5911747422453673e-20,2.595198659804791e-20,2.599222577364215e-20,2.6032464949236388e-20,2.6072704124830624e-20,2.6112943300424858e-20,2.6153182476019097e-20,2.619342165161333e-20,2.623366082720757e-20,2.6273900002801803e-20,2.6314139178396036e-20,2.6354378353990275e-20,2.6394617529584512e-20,2.643485670517875e-20,2.647509588077299e-20,2.6515335056367224e-20,2.655557423196146e-20,2.6595813407555693e-20,2.6636052583149945e-20,2.667629175874418e-20,2.6716530934338414e-20,2.6756770109932647e-20,2.6797009285526893e-20,2.683724846112113e-20,2.6877487636715362e-20,2.6917726812309602e-20,2.695796598790384e-20,2.6998205163498077e-20,2.7038444339092313e-20,2.7078683514686547e-20,2.7118922690280786e-20,2.715916186587502e-20,2.719940104146925e-20,2.72396402170635e-20,2.727987939265774e-20,2.7320118568251976e-20,2.7360357743846204e-20,2.740059691944044e-20,2.744083609503469e-20,2.748107527062892e-20,2.7521314446223155e-20,2.756155362181739e-20,2.760179279741162e-20,2.7642031973005855e-20,2.7682271148600094e-20,2.772251032419433e-20,2.776274949978858e-20,2.780298867538282e-20,2.784322785097705e-20,2.788346702657129e-20,2.7923706202165524e-20,2.796394537775976e-20,2.8004184553353996e-20,2.8044423728948236e-20,2.808466290454247e-20,2.81249020801367e-20,2.816514125573095e-20,2.8205380431325175e-20,2.8245619606919414e-20,2.828585878251365e-20,2.8326097958107887e-20,2.836633713370212e-20,2.840657630929636e-20,2.84468154848906e-20,2.848705466048483e-20,2.852729383607907e-20,2.8567533011673304e-20,2.8607772187267544e-20,2.864801136286179e-20,2.868825053845602e-20,2.872848971405026e-20,2.8768728889644495e-20,2.880896806523873e-20,2.884920724083296e-20,2.8889446416427195e-20,2.892968559202143e-20,2.896992476761567e-20,2.90101639432099e-20,2.9050403118804146e-20,2.9090642294398385e-20,2.913088146999262e-20,2.917112064558686e-20,2.9211359821181085e-20,2.9251598996775324e-20,2.929183817236956e-20,2.9332077347963797e-20,2.937231652355803e-20,2.9412555699152263e-20,2.9452794874746497e-20,2.949303405034073e-20,2.9533273225934963e-20,2.957351240152921e-20,2.961375157712344e-20,2.965399075271768e-20,2.969422992831192e-20,2.9734469103906154e-20,2.97747082795004e-20,2.981494745509463e-20,2.985518663068887e-20,2.989542580628311e-20,2.993566498187735e-20,2.997590415747159e-20,3.0016143333065835e-20,3.005638250866007e-20,3.00966216842543e-20,3.013686085984853e-20,3.0177100035442774e-20,3.021733921103701e-20,3.0257578386631246e-20,3.029781756222548e-20,3.033805673781972e-20,3.037829591341396e-20,3.04185350890082e-20,3.0458774264602437e-20,3.049901344019667e-20,3.0539252615790903e-20,3.0579491791385155e-20,3.0619730966979394e-20,3.065997014257363e-20,3.0700209318167867e-20,3.07404484937621e-20,3.0780687669356345e-20,3.082092684495057e-20,3.086116602054481e-20,3.0901405196139045e-20,3.0941644371733284e-20,3.0981883547327536e-20,3.1022122722921757e-20,3.1062361898516e-20,3.1102601074110235e-20,3.114284024970447e-20,3.11830794252987e-20,3.122331860089294e-20,3.1263557776487175e-20,3.130379695208141e-20,3.134403612767565e-20,3.138427530326988e-20,3.1424514478864126e-20,3.1464753654458365e-20,3.15049928300526e-20,3.154523200564683e-20,3.158547118124107e-20,3.1625710356835304e-20,3.166594953242954e-20,3.170618870802378e-20,3.1746427883618016e-20,3.1786667059212255e-20,3.182690623480649e-20,3.186714541040073e-20,3.1907384585994955e-20,3.19476237615892e-20,3.1987862937183434e-20,3.202810211277767e-20,3.20683412883719e-20,3.2108580463966134e-20,3.2148819639560367e-20,3.2189058815154606e-20,3.222929799074884e-20,3.226953716634307e-20,3.230977634193731e-20,3.2350015517531545e-20,3.2390254693125785e-20,3.243049386872002e-20,3.247073304431426e-20,3.251097221990849e-20,3.255121139550273e-20,3.2591450571096963e-20,3.2631689746691196e-20,3.2671928922285436e-20,3.271216809787967e-20,3.2752407273473914e-20,3.279264644906815e-20,3.283288562466238e-20,3.2873124800256614e-20,3.2913363975850853e-20,3.2953603151445087e-20,3.299384232703932e-20,3.303408150263357e-20,3.307432067822781e-20,3.3114559853822044e-20,3.315479902941629e-20,3.319503820501052e-20,3.323527738060476e-20,3.3275516556199e-20,3.3315755731793234e-20,3.335599490738748e-20,3.339623408298171e-20,3.343647325857595e-20,3.3476712434170185e-20,3.3516951609764425e-20,3.355719078535866e-20,3.35974299609529e-20,3.3637669136547137e-20,3.3677908312141376e-20,3.3718147487735615e-20,3.3758386663329854e-20,3.379862583892409e-20,3.3838865014518333e-20,3.387910419011258e-20,3.391934336570681e-20,3.395958254130105e-20,3.3999821716895284e-20,3.404006089248952e-20,3.408030006808375e-20,3.412053924367799e-20,3.416077841927222e-20,3.420101759486646e-20,3.42412567704607e-20,3.428149594605493e-20,3.432173512164916e-20,3.43619742972434e-20,3.440221347283764e-20,3.444245264843187e-20,3.44826918240261e-20,3.452293099962034e-20,3.456317017521458e-20,3.46034093508088e-20,3.4643648526403035e-20,3.4683887701997274e-20,3.472412687759151e-20,3.476436605318574e-20,3.4804605228779986e-20,3.484484440437422e-20,3.488508357996845e-20,3.4925322755562686e-20,3.4965561931156925e-20,3.500580110675116e-20,3.504604028234539e-20,3.5086279457939625e-20,3.5126518633533864e-20,3.516675780912811e-20,3.5206996984722337e-20,3.524723616031658e-20,3.528747533591082e-20,3.532771451150506e-20,3.53679536870993e-20,3.5408192862693533e-20,3.5448432038287754e-20,3.5488671213882e-20,3.5528910389476245e-20,3.556914956507048e-20,3.560938874066471e-20,3.564962791625895e-20,3.5689867091853184e-20,3.5730106267447423e-20,3.577034544304165e-20,3.5810584618635896e-20,3.5850823794230135e-20,3.589106296982438e-20,3.5931302145418626e-20,3.597154132101286e-20,3.601178049660709e-20,3.605201967220133e-20,3.6092258847795565e-20,3.613249802338981e-20,3.617273719898404e-20,3.621297637457828e-20,3.6253215550172516e-20,3.6293454725766756e-20,3.6333693901360995e-20,3.637393307695523e-20,3.6414172252549473e-20,3.64544114281437e-20,3.649465060373795e-20,3.653488977933219e-20,3.657512895492643e-20,3.661536813052067e-20,3.665560730611491e-20,3.6695846481709155e-20,3.6736085657303394e-20,3.677632483289763e-20,3.681656400849186e-20,3.6856803184086106e-20,3.689704235968034e-20,3.693728153527457e-20,3.69775207108688e-20,3.701775988646304e-20,3.7057999062057284e-20,3.709823823765152e-20,3.7138477413245757e-20,3.7178716588839984e-20,3.721895576443423e-20,3.7259194940028457e-20,3.7299434115622696e-20,3.733967329121693e-20,3.737991246681116e-20,3.74201516424054e-20,3.7460390817999635e-20,3.7500629993593874e-20,3.754086916918811e-20,3.7581108344782347e-20,3.7621347520376574e-20,3.766158669597082e-20,3.7701825871565065e-20,3.77420650471593e-20,3.778230422275354e-20,3.782254339834777e-20,3.7862782573942004e-20,3.790302174953624e-20,3.794326092513048e-20,3.798350010072472e-20,3.802373927631895e-20,3.806397845191319e-20,3.810421762750742e-20,3.814445680310166e-20,3.81846959786959e-20,3.8224935154290133e-20,3.826517432988438e-20,3.830541350547861e-20,3.834565268107286e-20,3.8385891856667097e-20,3.842613103226133e-20,3.8466370207855563e-20,3.85066093834498e-20,3.8546848559044036e-20,3.858708773463827e-20,3.86273269102325e-20,3.866756608582674e-20,3.870780526142098e-20,3.8748044437015214e-20,3.878828361260946e-20,3.882852278820369e-20,3.8868761963797926e-20,3.8909001139392165e-20,3.89492403149864e-20,3.898947949058064e-20,3.902971866617487e-20,3.9069957841769104e-20,3.911019701736334e-20,3.9150436192957583e-20,3.919067536855183e-20,3.923091454414607e-20,3.9271153719740307e-20,3.9311392895334546e-20,3.9351632070928773e-20,3.9391871246523007e-20,3.943211042211724e-20,3.947234959771148e-20,3.951258877330571e-20,3.9552827948899964e-20,3.9593067124494203e-20,3.963330630008845e-20,3.967354547568269e-20,3.971378465127692e-20,3.9754023826871154e-20,3.9794263002465394e-20,3.983450217805962e-20,3.987474135365386e-20,3.9914980529248094e-20,3.995521970484234e-20,3.999545888043657e-20,4.0035698056030805e-20,4.007593723162504e-20,4.011617640721928e-20,4.0156415582813523e-20,4.0196654758407757e-20,1.9861496292211187e-14,4.32596271942993e-14,6.876239334985473e-14,9.647157161286131e-14,1.2663020327333814e-13,1.5952433639358743e-13,1.9548248759068342e-13,2.348826816240011e-13,2.78161437862533e-13,3.258247195218366e-13,3.7846130714253463e-13,4.3675921555057586e-13,5.015259566863769e-13,5.737136928927405e-13,6.54450649739219e-13,7.450805958298666e-13,8.472127938253917e-13,9.627856462804088e-13,1.094148394677806e-12,1.2441668156603747e-12,1.4163610950862378e-12,1.6150872459655317e-12,1.8457780182358278e-12,2.115265907783773e-12,2.4322206499084676e-12,2.807748091314203e-12,3.256219082280257e-12,3.796429947443326e-12,4.453246346816582e-12,5.259959588141815e-12,6.261703651052178e-12,7.520464895213265e-12,9.12249688083896e-12,1.1189370937073683e-11,1.3894487618928425e-11,1.7487645346991365e-11,2.2331107373282817e-11,2.8951363059134472e-11,3.8112297238956613e-11,5.0925694512345986e-11,6.907062304069409e-11,9.539957047993708e-11,1.3565994280689856e-10,2.018784840682472e-10,3.1188745813794417e-10,4.678337376304916e-10,6.335863737644372e-10,7.632596305516157e-10,8.36758991995357e-10,8.597884447374725e-10,8.485029332744929e-10,8.179232812104163e-10,7.777285078647278e-10,7.327018347319756e-10,6.846989463739526e-10,6.343997254793768e-10,5.823276549408316e-10,5.292374632862994e-10,4.761408327735842e-10,4.241952588995443e-10,3.7456791421655387e-10,3.2827739806044533e-10,2.8600723392805893e-10,2.480042713461024e-10,2.1416342159199441e-10,1.84206375665517e-10,1.578142964531968e-10,1.346802692818824e-10,1.1451546254926285e-10,9.704296752621133e-11,8.199459891322785e-11,6.911517871382224e-11,5.819032517620147e-11,1.280833692281837e-10,1.6661780427562347e-10,1.8929092654310935e-10,2.0484024024132265e-10,2.1713768290384382e-10,2.277792750487145e-10,2.374176263505097e-10,2.4633441343274703e-10,2.5466738507224807e-10,2.624967610033184e-10,2.6987766103333617e-10,2.7685250994723683e-10,2.834561115472297e-10,2.897180010569441e-10,2.9566372927356333e-10,3.013156787178499e-10,3.066936407804613e-10,3.1181525043134936e-10,3.1669632555162506e-10,3.2135113760402353e-10,3.257926307613052e-10,3.300326013546282e-10,3.340818462507603e-10,3.3795028658341227e-10,3.4164707172514047e-10,3.4518066726889206e-10,3.4855892996007646e-10,3.517891718976468e-10,3.548782158483263e-10,3.5783244315324166e-10,3.606578354225269e-10,3.633600109913098e-10,3.659442569342668e-10,3.684155572963167e-10,3.7077861808436917e-10,3.730378894745442e-10,3.751975856154428e-10,3.772617023478896e-10,3.792340331119723e-10,3.81118183271492e-10,3.829175830518425e-10,3.84635499259144e-10,3.862750459247214e-10,3.878391939991681e-10,3.8933078020334116e-10,3.9075251512946546e-10,3.921069906732822e-10,3.933966868680704e-10,3.9462397818227384e-10,3.957911393351039e-10,3.9690035067767377e-10,3.9795370318198075e-10,3.98953203074686e-10,3.999007761487897e-10,4.007982717824385e-10,4.016474666908658e-10,4.024500684346589e-10,4.032077187052317e-10,4.0392199640599837e-10,4.045944205458801e-10,4.052264529602961e-10,4.058195008730273e-10,4.0637491931120935e-10,4.068940133844487e-10,4.0737804043814847e-10,4.0782821208998593e-10,4.082456961579016e-10,4.0863161848708624e-10,4.0898706468278074e-10,4.093130817552036e-10,4.0961067968235833e-10,4.098808328959297e-10,4.1012448169513014e-10,4.1034253359296875e-10,4.1053586459900005e-10,4.107053204423153e-10,4.1085171773840264e-10,4.1097584510288784e-10,4.110784642153303e-10,4.1116031083587153e-10,4.1122209577710943e-10,4.1126450583383114e-10,4.112882046728316e-10,4.11293833684599e-10,4.1128201279935617e-10,4.112533412687927e-10,4.1120839841539236e-10,4.1114774435111554e-10,4.1107192066658296e-10,4.109814510925512e-10,4.108768421347374e-10,4.1075858368333003e-10,4.1062714959846056e-10,4.104829982725999e-10,4.103265731709801e-10,4.101583033510838e-10,4.099786039621056e-10,4.097878767252026e-10,4.095865103955023e-10,4.093748812065664e-10,4.091533532980993e-10,4.089222791275946e-10,4.08681999866685e-10,4.084328457826957e-10,4.081751366061293e-10,4.079091818846453e-10,4.0763528132404543e-10,4.073537251168781e-10,4.0706479425903394e-10,4.0676876085499967e-10,4.064658884120096e-10,4.061564321237404e-10,4.0584063914383924e-10,4.0551874884968286e-10,4.0519099309685465e-10,4.0485759646458673e-10,4.045187764925718e-10,4.04174743909469e-10,4.03825702853442e-10,4.0347185108499097e-10,4.031133801923974e-10,4.027504757900728e-10,4.023833177100769e-10,4.020120801869991e-10,4.0163693203655904e-10,4.012580368280826e-10,4.0087555305108955e-10,4.004896342762409e-10,4.0010042931082077e-10,3.997080823489865e-10,3.9931273311691705e-10,3.9891451701315766e-10,3.9851356524419665e-10,3.981100049555466e-10,3.977039593584723e-10,3.972955478524425e-10,3.9688488614365963e-10,3.9647208635950686e-10,3.960572571593555e-10,3.9564050384166385e-10,3.9522192844760106e-10,3.9480162986124634e-10,3.943797039065411e-10,3.93956243441093e-10,3.935313384469321e-10,3.9310507611831963e-10,3.9267754094669465e-10,3.922488148029817e-10,3.918189770171221e-10,3.9138810445516013e-10,3.9095627159380974e-10,3.9052355059265077e-10,3.9009001136404656e-10,3.8965572164075797e-10,3.8922074704162753e-10,3.88785151134895e-10,3.883489954997287e-10,3.8791233978573886e-10,3.8747524177065045e-10,3.870377574161228e-10,3.8659994092189163e-10,3.861618447781823e-10,3.8572351981644635e-10,3.8528501525864086e-10,3.8484637876485337e-10,3.84407656479553e-10,3.839688930763297e-10,3.8353013180133755e-10,3.8309141451533597e-10,3.8265278173448483e-10,3.822142726698505e-10,3.8177592526576645e-10,3.813377762369437e-10,3.808998611045324e-10,3.804622142310346e-10,3.800248688541734e-10,3.795878571197614e-10,3.7915121011351735e-10,3.787149578920225e-10,3.782791295126128e-10,3.778437530625418e-10,3.774088556870877e-10,3.7697446361695467e-10,3.7654060219484477e-10,3.761072959011288e-10,3.75674568378879e-10,3.752424424490096e-10,3.748109402919813e-10,3.743800829646768e-10,3.739498910573245e-10,3.735203843938358e-10,3.730915820833792e-10,3.726635025495306e-10,3.722361635525821e-10,3.7180958220934557e-10,3.7138377501191034e-10,3.709587578457125e-10,3.7053454600702683e-10,3.701111542199054e-10,3.6968859665268e-10,3.6926688693394924e-10,3.688460381681002e-10,3.684260629503914e-10,3.680069733816165e-10,3.6758878108231523e-10,3.671714972066054e-10,3.6675513245558383e-10,3.6633969709039623e-10,3.659252009448749e-10,3.6551165343783787e-10,3.650990635850876e-10,3.646874400109624e-10,3.642767909596654e-10,3.638671243062034e-10,3.6345844756703365e-10,3.630507679104499e-10,3.6264409216659817e-10,3.6223842683728446e-10,3.618337781054206e-10,3.614301518443329e-10,3.610275536266721e-10,3.6062598873315516e-10,3.602254621610431e-10,3.598259786323621e-10,3.5942754260194017e-10,3.590301582651612e-10,3.586338295655424e-10,3.58238560202094e-10,3.5784435363646306e-10,3.574512130998949e-10,3.570591415999802e-10,3.566681419272419e-10,3.5627821666149984e-10,3.5588936817810496e-10,3.5550159865397015e-10,3.5511491007344033e-10,3.5472930423400783e-10,3.543447827518826e-10,3.5396134706735336e-10,3.5357899845008493e-10,3.531977380041736e-10,3.5281756667317223e-10,3.524384852448758e-10,3.5206049435604124e-10,3.516835944969481e-10,3.513077860158653e-10,3.5093306912330505e-10,3.5055944389632314e-10,3.501869102825429e-10,3.4981546810414274e-10,3.494451170617497e-10,3.490758567381634e-10,3.487076866020582e-10,3.4834060601150687e-10,3.4797461421747424e-10,3.47609710367165e-10,3.4724589350731214e-10,3.468831625873682e-10,3.4652151646258786e-10,3.461609538970776e-10,3.4580147356669374e-10,3.454430740619371e-10,3.4508575389068846e-10,3.447295114809507e-10,3.4437434518345143e-10,3.440202532742147e-10,3.436672339570476e-10,3.433152853659472e-10,3.429644055674661e-10,3.426145925630254e-10,3.4226584429109086e-10,3.4191815862940615e-10,3.415715333970368e-10,3.4122596635647124e-10,3.4088145521559753e-10,3.4053799762964657e-10,3.4019559120309426e-10,3.3985423349148247e-10,3.395139220032098e-10,3.391746542012821e-10,3.388364275049926e-10,3.384992392915855e-10,3.381630868978218e-10,3.378279676215861e-10,3.3749387872338766e-10,3.3716081742777356e-10,3.3682878092485716e-10,3.364977663716595e-10,3.3616777089346387e-10,3.3583879158514853e-10,3.355108255124872e-10,3.3518386971333916e-10,3.348579211989356e-10,3.3453297695501625e-10,3.3420903394298004e-10,3.338860891010128e-10,3.3356413934516554e-10,3.3324318157041426e-10,3.3292321265171244e-10,3.3260422944490897e-10,3.322862287878273e-10,3.3196920750110643e-10,3.3165316238921023e-10,3.313380902412319e-10,3.3102398783184386e-10,3.3071085192206696e-10,3.303986792601511e-10,3.300874665823319e-10,3.297772106136111e-10,3.294679080685234e-10,3.291595556518536e-10,3.288521500593564e-10,3.285456879784402e-10,3.282401660888242e-10,3.279355810632235e-10,3.27631929567969e-10,3.2732920826359315e-10,3.27027413805461e-10,3.2672654284434745e-10,3.2642659202697206e-10,3.26127557996596e-10,3.258294373934885e-10,3.255322268555145e-10,3.25235923018555e-10,3.2494052251707163e-10,3.2464602198453297e-10,3.243524180538732e-10,3.240597073579476e-10,3.23767886529965e-10,3.2347695220390173e-10,3.2318690101489265e-10,3.2289772959964796e-10,3.2260943459683667e-10,3.223220126474259e-10,3.2203546039505525e-10,3.2174977448640194e-10,3.214649515714992e-10,3.211809883040567e-10,3.20897881341795e-10,3.206156273467321e-10,3.2033422298550395e-10,3.200536649296206e-10,3.1977394985578e-10,3.1949507444610576e-10,3.1921703538843206e-10,3.189398293765359e-10,3.1866345311038483e-10,3.183879032963904e-10,3.181131766476138e-10,3.178392698839964e-10,3.1756617973256347e-10,3.1729390292766237e-10,3.170224362111104e-10,3.1675177633242766e-10,3.1648192004899256e-10,3.1621286412625323e-10,3.159446053378584e-10,3.156771404658749e-10,3.154104663009046e-10,3.151445796422485e-10,3.1487947729805223e-10,3.146151560854876e-10,3.14351612830836e-10,3.1408884436964786e-10,3.13826847546864e-10,3.1356561921694726e-10,3.1330515624399207e-10,3.1304545550182684e-10,3.127865138741364e-10,3.1252832825457085e-10,3.122708955468278e-10,3.1201421266476284e-10,3.1175827653245464e-10,3.1150308408431856e-10,3.11248632265199e-10,3.109949180303928e-10,3.1074193834579693e-10,3.1048969018792793e-10,3.1023817054399365e-10,3.099873764119962e-10,3.0973730480075736e-10,3.094879527299791e-10,3.092393172303311e-10,3.089913953434452e-10,3.087441841220281e-10,3.08497680629853e-10,3.0825188194183833e-10,3.0800678514408964e-10,3.07762387333887e-10,3.0751868561979477e-10,3.072756771216469e-10,3.0703335897057233e-10,3.0679172830905256e-10,3.06550782290927e-10,3.0631051808142213e-10,3.0607093285716447e-10,3.0583202380621945e-10,3.055937881280878e-10,3.053562230337259e-10,3.0511932574556355e-10,3.048830934975047e-10,3.0464752353496513e-10,3.0441261311482964e-10,3.041783595054994e-10,3.039447599868859e-10,3.0371181185040104e-10,3.0347951239897397e-10,3.032478589470322e-10,3.0301684882051746e-10,3.027864793568659e-10,3.02556747905024e-10,3.023276518254105e-10,3.0209918848992956e-10,3.018713552819644e-10,3.016441495963494e-10,3.0141756883938274e-10,3.0119161042878025e-10,3.0096627179369993e-10,3.007415503746869e-10,3.00517443623683e-10,3.0029394900400725e-10,3.000710639903307e-10,2.998487860686551e-10,2.996271127362965e-10,2.9940604150187073e-10,2.9918556988525763e-10,2.9896569541758104e-10,2.987464156411957e-10,2.9852772810965854e-10,2.9830963038767787e-10,2.980921200511321e-10,2.978751946870035e-10,2.976588518933782e-10,2.974430892794103e-10,2.972279044652645e-10,2.970132950821313e-10,2.967992587721689e-10,2.9658579318848996e-10,2.963728959950816e-10,2.961605648668699e-10,2.9594879748957713e-10,2.9573759155976813e-10,2.9552694478478234e-10,2.953168548827082e-10,2.9510731958232666e-10,2.948983366231377e-10,2.946899037552437e-10,2.944820187393749e-10,2.942746793468321e-10,2.9406788335943634e-10,2.9386162856952775e-10,2.936559127798874e-10,2.934507338037283e-10,2.9324608946465005e-10,2.930419775966022e-10,2.9283839604382535e-10,2.926353426608545e-10,2.924328153124421e-10,2.9223081187353754e-10,2.920293302292408e-10,2.9182836827476676e-10,2.9162792391540783e-10,2.914279950664918e-10,2.912285796533263e-10,2.910296756111815e-10,2.9083128088525643e-10,2.9063339343059615e-10,2.904360112120856e-10,2.902391322044222e-10,2.9004275439202373e-10,2.8984687576902984e-10,2.896514943392621e-10,2.894566081161404e-10,2.89262215122683e-10,2.890683133914685e-10,2.888749009645498e-10,2.8868197589346925e-10,2.8848953623915766e-10,2.882975800719437e-10,2.881061054714922e-10,2.8791511052675384e-10,2.8772459333593467e-10,2.875345520064566e-10,2.873449846548981e-10,2.871558894069736e-10,2.8696726439748253e-10,2.867791077702719e-10,2.8659141767816653e-10,2.8640419228299095e-10,2.862174297554484e-10,2.860311282751398e-10,2.8584528603050935e-10,2.856599012187628e-10,2.8547497204588154e-10,2.852904967265581e-10,2.8510647348413587e-10,2.849229005505963e-10,2.847397761665082e-10,2.845570985809771e-10,2.843748660516148e-10,2.8419307684449673e-10,2.8401172923411284e-10,2.8383082150333627e-10,2.8365035194337653e-10,2.8347031885374117e-10,2.832907205421979e-10,2.8311155532471974e-10,2.829328215254635e-10,2.8275451747672236e-10,2.8257664151887576e-10,2.823991920003605e-10,2.822221672776285e-10,2.8204556571510613e-10,2.8186938568514034e-10,2.816936255679933e-10,2.815182837517586e-10,2.8134335863237065e-10,2.811688486135015e-10,2.809947521066009e-10,2.8082106753077295e-10,2.80647793312808e-10,2.804749278870971e-10,2.8030246969562436e-10,2.801304171879013e-10,2.799587688209433e-10,2.7978752305923365e-10,2.796166783746629e-10,2.794462332465393e-10,2.7927618616148804e-10,2.7910653561345963e-10,2.789372801036716e-10,2.787684181405742e-10,2.785999482398198e-10,2.784318689242182e-10,2.782641787236961e-10,2.780968761752741e-10,2.779299598230088e-10,2.777634282179799e-10,2.775972799182383e-10,2.77431513488758e-10,2.7726612750143834e-10,2.771011205350355e-10,2.76936491175121e-10,2.767722380140724e-10,2.7660835965102504e-10,2.7644485469183805e-10,2.762817217490396e-10,2.761189594418321e-10,2.7595656639601933e-10,2.7579454124398725e-10,2.756328826246725e-10,2.754715891835241e-10,2.7531065957246317e-10,2.751500924498482e-10,2.7498988648045255e-10,2.7483004033543724e-10,2.7467055269227376e-10,2.7451142223476014e-10,2.743526476529624e-10,2.741942276431938e-10,2.740361609079598e-10,2.7387844615594333e-10,2.7372108210197214e-10,2.735640674669791e-10,2.734074009779735e-10,2.732510813679981e-10,2.7309510737612204e-10,2.729394777473707e-10,2.7278419123273043e-10,2.726292465890997e-10,2.7247464257926065e-10,2.7232037797182374e-10,2.721664515412636e-10,2.7201286206779266e-10,2.718596083374202e-10,2.717066891418552e-10,2.715541032785106e-10,2.714018495504713e-10,2.7124992676644425e-10,2.710983337407537e-10,2.7094706929328414e-10,2.707961322494679e-10,2.706455214402601e-10,2.7049523570208843e-10,2.7034527387684734e-10,2.701956348118439e-10,2.7004631735978973e-10,2.6989732037875677e-10,2.6974864273216067e-10,2.6960028328873915e-10,2.694522409224772e-10,2.6930451451264627e-10,2.6915710294372315e-10,2.6901000510539305e-10,2.68863219892494e-10,2.687167462050217e-10,2.685705829480717e-10,2.6842472903182585e-10,2.6827918337153115e-10,2.6813394488745947e-10,2.6798901250488747e-10,2.678443851540596e-10,2.6770006177019063e-10,2.6755604129340535e-10,2.674123226687131e-10,2.672689048460257e-10,2.6712578678006086e-10,2.669829674303818e-10,2.668404457613327e-10,2.6669822074202066e-10,2.665562913463009e-10,2.664146565527423e-10,2.662733153445993e-10,2.6613226670979054e-10,2.6599150964088257e-10,2.658510431350504e-10,2.657108661940478e-10,2.6557097782421515e-10,2.654313770364122e-10,2.6529206284602636e-10,2.6515303427293935e-10,2.6501429034149586e-10,2.648758300804721e-10,2.6473765252308604e-10,2.645997567069416e-10,2.6446214167400956e-10,2.6432480647061523e-10,2.64187750147408e-10,2.640509717593447e-10,2.6391447036565465e-10,2.63778245029829e-10,2.636422948195831e-10,2.6350661880686004e-10,2.6337121606776803e-10,2.6323608568260975e-10,2.631012267358014e-10,2.629666383159107e-10,2.6283231951558174e-10,2.626982694315462e-10,2.625644871645853e-10,2.624309718195258e-10,2.622977225052014e-10,2.621647383344276e-10,2.620320184240014e-10,2.618995618946721e-10,2.61767367871101e-10,2.6163543548187155e-10,2.6150376385943973e-10,2.613723521401451e-10,2.6124119946415683e-10,2.6111030497547255e-10,2.6097966782188615e-10,2.60849287154996e-10,2.6071916213014004e-10,2.6058929190641863e-10,2.604596756466491e-10,2.603303125173419e-10,2.6020120168871384e-10,2.6007234233462995e-10,2.5994373363260146e-10,2.598153747637845e-10,2.596872649129113e-10,2.5955940326832755e-10,2.594317890219391e-10,2.593044213692001e-10,2.5917729950909477e-10,2.5905042264412807e-10,2.589237899802904e-10,2.5879740072705027e-10,2.5867125409734076e-10,2.585453493075253e-10,2.5841968557739183e-10,2.582942621301304e-10,2.581690781923135e-10,2.5804413299389266e-10,2.5791942576814535e-10,2.577949557517181e-10,2.5767072218453473e-10,2.575467243098388e-10,2.574229613741482e-10,2.572994326272337e-10,2.571761373221313e-10,2.5705307471508297e-10,2.569302440655748e-10,2.568076446362426e-10,2.566852756929425e-10,2.565631365046766e-10,2.5644122634357843e-10,2.563195444849315e-10,2.5619809020712993e-10,2.5607686279164444e-10,2.55955861523046e-10,2.5583508568895805e-10,2.5571453458006607e-10,2.5559420749007266e-10,2.554741037157031e-10,2.5535422255667913e-10,2.5523456331572433e-10,2.5511512529851676e-10,2.549959078136862e-10,2.548769101728147e-10,2.5475813169040645e-10,2.5463957168385524e-10,2.5452122947347567e-10,2.54403104382447e-10,2.542851957368112e-10,2.5416750286546525e-10,2.5405002510013706e-10,2.539327617753808e-10,2.5381571222855017e-10,2.5369887579978534e-10,2.5358225183201554e-10,2.53465839670921e-10,2.5334963866494275e-10,2.53233648165243e-10,2.5311786752571023e-10,2.530022961029413e-10,2.528869332562197e-10,2.527717783475107e-10,2.526568307414402e-10,2.5254208980530127e-10,2.524275549089927e-10,2.5231322542508597e-10,2.5219910072871814e-10,2.520851801976377e-10,2.519714632121849e-10,2.5185794915526627e-10,2.5174463741234965e-10,2.5163152737144106e-10,2.515186184230895e-10,2.5140590996035416e-10,2.512934013788018e-10,2.511810920764974e-10,2.5106898145398267e-10,2.509570689142644e-10,2.5084535386281893e-10,2.5073383570755674e-10,2.506225138588188e-10,2.505113877293696e-10,2.5040045673437993e-10,2.5028972029141016e-10,2.501791778204129e-10,2.5006882874370544e-10,2.499586724859597e-10,2.498487084741992e-10,2.4973893613779e-10,2.4962935490840543e-10,2.4951996422005314e-10,2.494107635090207e-10,2.4930175221387973e-10,2.4919292977550294e-10,2.49084295637018e-10,2.489758492438077e-10,2.488675900434817e-10,2.4875951748591306e-10,2.4865163102317003e-10,2.4854393010954816e-10,2.484364142015196e-10,2.4832908275777275e-10,2.482219352391481e-10,2.4811497110867575e-10,2.4800818983152053e-10,2.47901590875e-10,2.477951737085686e-10,2.4768893780380154e-10,2.475828826343871e-10,2.4747700767612383e-10,2.473713124068876e-10,2.4726579630665125e-10,2.4716045885745046e-10,2.4705529954338366e-10,2.469503178506018e-10,2.4684551326729656e-10,2.4674088528368964e-10,2.4663643339203273e-10,2.465321570865767e-10,2.4642805586357627e-10,2.4632412922128553e-10,2.4622037665993293e-10,2.4611679768172463e-10,2.460133917908155e-10,2.4591015849334e-10,2.45807097297348e-10,2.4570420771283747e-10,2.4560148925173157e-10,2.454989414278623e-10,2.453965637569751e-10,2.452943557567045e-10,2.4519231694656963e-10,2.4509044684798476e-10,2.4498874498421816e-10,2.4488721088039795e-10,2.4478584406350896e-10,2.446846440623751e-10,2.445836104076548e-10,2.4448274263182874e-10,2.4438204026919743e-10,2.4428150285586373e-10,2.4418112992972046e-10,2.440809210304762e-10,2.4398087569958773e-10,2.4388099348030086e-10,2.4378127391762626e-10,2.436817165583275e-10,2.4358232095090713e-10,2.434830866456108e-10,2.433840131944295e-10,2.432851001510442e-10,2.431863470708758e-10,2.4308775351104146e-10,2.4298931903034655e-10,2.4289104318930715e-10,2.4279292555009516e-10,2.426949656765679e-10,2.4259716313425893e-10,2.4249951749033373e-10,2.4240202831361867e-10,2.423046951745918e-10,2.4220751764535046e-10,2.4211049529961773e-10,2.4201362771275137e-10,2.419169144616953e-10,2.418203551250118e-10,2.4172394928285694e-10,2.4162769651696734e-10,2.4153159641066964e-10,2.414356485488572e-10,2.4133985251798526e-10,2.412442079060717e-10,2.411487143026891e-10,2.410533712989387e-10,2.409581784874784e-10,2.40863135462476e-10,2.4076824181962773e-10,2.4067349715615475e-10,2.405789010707645e-10,2.4048445316368197e-10,2.4039015303661785e-10,2.4029600029277417e-10,2.402019945368163e-10,2.401081353749116e-10,2.400144224146697e-10,2.399208552651628e-10,2.398274335369167e-10,2.397341568419086e-10,2.3964102479354495e-10,2.3954803700666996e-10,2.3945519309754654e-10,2.3936249268386987e-10,2.3926993538472807e-10,2.3917752082063344e-10,2.3908524861348113e-10,2.389931183865714e-10,2.3890112976458134e-10,2.3880928237357814e-10,2.3871757584098665e-10,2.386260097956158e-10,2.385345838676216e-10,2.384432976885266e-10,2.383521508911911e-10,2.382611431098201e-10,2.381702739799591e-10,2.380795431384782e-10,2.3798895022357415e-10,2.378984948747678e-10,2.3780817673286895e-10,2.3771799544001727e-10,2.3762795063964704e-10,2.3753804197647507e-10,2.374482690965173e-10,2.3735863164706435e-10,2.372691292766905e-10,2.371797616352271e-10,2.3709052837379227e-10,2.370014291447391e-10,2.3691246360168983e-10,2.3682363139950295e-10,2.3673493219429485e-10,2.3664636564339545e-10,2.365579314053811e-10,2.3646962914005473e-10,2.363814585084326e-10,2.36293419172742e-10,2.3620551079642186e-10,2.361177330441191e-10,2.360300855816715e-10,2.3594256807611964e-10,2.358551801956674e-10,2.357679216097258e-10,2.356807919888753e-10,2.355937910048629e-10,2.3550691833059813e-10,2.3542017364015907e-10,2.3533355660877677e-10,2.352470669128321e-10,2.351607042298448e-10,2.350744682384921e-10,2.349883586185715e-10,2.3490237505100496e-10,2.348165172178576e-10,2.3473078480229536e-10,2.346451774886195e-10,2.345596949622228e-10,2.3447433690961385e-10,2.343891030183944e-10,2.3430399297727386e-10,2.3421900647603035e-10,2.3413414320554933e-10,2.340494028577844e-10,2.3396478512576976e-10,2.338802897036102e-10,2.337959162864769e-10,2.3371166457060665e-10,2.3362753425328574e-10,2.335435250328637e-10,2.334596366087205e-10,2.33375868681295e-10,2.332922209520656e-10,2.332086931235315e-10,2.331252848992356e-10,2.3304199598373457e-10,2.329588260826219e-10,2.328757749024902e-10,2.3279284215094816e-10,2.3271002753661498e-10,2.3262733076911532e-10,2.3254475155907213e-10,2.3246224097687455e-10,2.3237986978430934e-10,2.32297627852984e-10,2.322155083991002e-10,2.321335079744234e-10,2.3205162478067486e-10,2.3196985781791354e-10,2.3188820646056201e-10,2.3180667026362065e-10,2.317252488690676e-10,2.3164394196067783e-10,2.3156274924277896e-10,2.3148167042999206e-10,2.314007052421239e-10,2.3131985340230156e-10,2.3123911463413888e-10,2.311584886654001e-10,2.3107797522365503e-10,2.3099757403750585e-10,2.3091728483651964e-10,2.3083710735122135e-10,2.307570413130256e-10,2.3067708645857183e-10,2.3059724251679216e-10,2.305175092218242e-10,2.3043788631118063e-10,2.3035837351852743e-10,2.3027897058041944e-10,2.301996772349486e-10,2.3012049321980505e-10,2.3004141827527415e-10,2.299624521418739e-10,2.2988359455997698e-10,2.2980484527223728e-10,2.2972620402129005e-10,2.296476705516205e-10,2.295692446069827e-10,2.2949092593299514e-10,2.2941271427642946e-10,2.2933460938460594e-10,2.2925661100407462e-10,2.2917871888538487e-10,2.291009327777717e-10,2.2902325242969822e-10,2.2894567755451128e-10,2.2886820797678133e-10,2.2879084340445117e-10,2.2871358360643323e-10,2.2863642833705685e-10,2.28559377353782e-10,2.2848243040815918e-10,2.2840558726555603e-10,2.2832884765408654e-10,2.2825221136714836e-10,2.2817567814698088e-10,2.2809924775965145e-10,2.2802291997240007e-10,2.27946694530307e-10,2.2787057120383944e-10,2.2779454975674063e-10,2.277186299619835e-10,2.2764281156571017e-10,2.275670943411163e-10,2.274914780530456e-10,2.2741596247051278e-10,2.2734054736358732e-10,2.2726523250249668e-10,2.27190017652829e-10,2.27114902585955e-10,2.2703988707416653e-10,2.2696497088748324e-10,2.2689015379817372e-10,2.2681543557931192e-10,2.267408160046778e-10,2.2666629484811777e-10,2.2659187188553465e-10,2.2651754689288083e-10,2.2644331964684387e-10,2.2636918992480473e-10,2.2629515750486705e-10,2.2622122216453542e-10,2.2614738368465433e-10,2.260736418405802e-10,2.2599999641783472e-10,2.2592644719816728e-10,2.2585299396395427e-10,2.257796364979917e-10,2.2570637458428655e-10,2.2563320800706939e-10,2.2556013655153683e-10,2.2548716000332832e-10,2.2541427814884518e-10,2.2534149077531798e-10,2.25268797670522e-10,2.2519619862302776e-10,2.2512369342189e-10,2.2505128185703066e-10,2.2497896371901474e-10,2.2490673879886254e-10,2.2483460688848757e-10,2.247625677802296e-10,2.2469062127842364e-10,2.2461876716197242e-10,2.245470052311541e-10,2.2447533527496353e-10,2.2440375709034897e-10,2.2433227047943455e-10,2.2426087523199963e-10,2.2418957114980726e-10,2.2411835803560883e-10,2.2404723569139116e-10,2.2397620388866303e-10,2.2390526246046167e-10,2.2383441119115264e-10,2.2376364988633487e-10,2.2369297834699297e-10,2.2362239637568916e-10,2.235519037756052e-10,2.234815003505315e-10,2.2341118590484976e-10,2.2334096024356996e-10,2.232708231722616e-10,2.2320077449714623e-10,2.2313081402509413e-10,2.2306094156344958e-10,2.2299115692041774e-10,2.229214599041083e-10,2.2285185032398465e-10,2.2278232798961349e-10,2.2271289271119367e-10,2.2264354430011676e-10,2.2257428256770622e-10,2.2250510732602969e-10,2.2243601838691107e-10,2.2236701556533545e-10,2.222980986741461e-10,2.2222926752796427e-10,2.221605219445266e-10,2.220918617288187e-10,2.2202328670784512e-10,2.219547966948268e-10,2.2188639150677896e-10,2.2181807096977417e-10,2.2174983485839353e-10,2.2168168305421866e-10,2.2161361534937992e-10,2.215456315630748e-10,2.2147773151632584e-10,2.2140991503013088e-10,2.2134218193177946e-10,2.2127453203270236e-10,2.2120696516047302e-10,2.2113948113820487e-10,2.2107207978962908e-10,2.210047609389076e-10,2.2093752441084774e-10,2.2087037003067998e-10,2.208032976241849e-10,2.2073630701206474e-10,2.2066939803146512e-10,2.206025705051483e-10,2.205358242609543e-10,2.2046915912744266e-10,2.204025749331793e-10,2.2033607150756464e-10,2.2026964868052817e-10,2.2020330628250765e-10,2.201370441443724e-10,2.200708620779275e-10,2.200047599348419e-10,2.19938737547814e-10,2.1987279474907867e-10,2.1980693137272974e-10,2.197411472523713e-10,2.1967544222248962e-10,2.1960981611780469e-10,2.195442687737878e-10,2.1947880002634124e-10,2.1941340971141386e-10,2.193480976661651e-10,2.1928286372782712e-10,2.1921770773435417e-10,2.1915262952372514e-10,2.190876289348538e-10,2.1902270580681363e-10,2.1895785997940997e-10,2.1889309129257051e-10,2.1882839958703136e-10,2.1876378470381698e-10,2.18699246484382e-10,2.186347847708827e-10,2.185703994057756e-10,2.1850609023176808e-10,2.184418570927107e-10,2.1837769983195706e-10,2.1831361829375882e-10,2.182496123232632e-10,2.1818568176536027e-10,2.1812182646582738e-10,2.180580462706098e-10,2.1799434102636763e-10,2.1793071057974222e-10,2.1786715477848164e-10,2.1780367347034716e-10,2.1774026650362028e-10,2.176769337271812e-10,2.1761367498987486e-10,2.1755049014156674e-10,2.1748737903212197e-10,2.1742434151228888e-10,2.1736137743245005e-10,2.17298486644198e-10,2.1723566899936348e-10,2.1717292435016933e-10,2.1711025257014037e-10,2.1704765349116297e-10,2.169851269666567e-10,2.1692267285054322e-10,2.168602909969656e-10,2.1679798126062102e-10,2.1673574349649009e-10,2.1667357756016627e-10,2.166114833076271e-10,2.1654946059404052e-10,2.164875092773456e-10,2.164256292146805e-10,2.1636382026353713e-10,2.1630208228191087e-10,2.1624041512815068e-10,2.1617881867348474e-10,2.1611729275167876e-10,2.1605583724918968e-10,2.1599445199838077e-10,2.159331368730455e-10,2.1587189173401046e-10,2.1581071644212618e-10,2.1574961085954579e-10,2.1568857484718812e-10,2.1562760826845911e-10,2.1556671098551677e-10,2.1550588286150484e-10,2.154451237597762e-10,2.1538443354418018e-10,2.1532381207873122e-10,2.1526325922844047e-10,2.152027748578476e-10,2.1514235883239213e-10,2.1508201101786147e-10,2.150217312800924e-10,2.1496151948586356e-10,2.1490137550233177e-10,2.1484129919589559e-10,2.1478129043446968e-10,2.1472134908599427e-10,2.1466147501875802e-10,2.1460166810120223e-10,2.14541928202038e-10,2.1448225519196547e-10,2.1442264893997762e-10,2.1436310931616229e-10,2.1430363620534214e-10,2.1424422945315625e-10,2.141848889378733e-10,2.1412561453482097e-10,2.140664061192932e-10,2.1400726355668187e-10,2.13948186725065e-10,2.1388917549665492e-10,2.1383022973986208e-10,2.1377134933164685e-10,2.1371253414614235e-10,2.1365378405744415e-10,2.1359509894066756e-10,2.135364786698203e-10,2.1347792311873321e-10,2.1341943216865076e-10,2.133610056920889e-10,2.1330264356590857e-10,2.1324434566656108e-10,2.1318611187108387e-10,2.1312794205683827e-10,2.1306983610153198e-10,2.1301179388307291e-10,2.1295381527466174e-10,2.1289590015922438e-10,2.1283804842160798e-10,2.127802599319597e-10,2.127225345788266e-10,2.126648722377277e-10,2.1260727278898162e-10,2.1254973611355086e-10,2.1249226208815588e-10,2.1243485060304329e-10,2.1237750153332637e-10,2.1232021476236378e-10,2.122629901727883e-10,2.122058276466325e-10,2.1214872706719752e-10,2.1209168831702936e-10,2.1203471127992883e-10,2.1197779584115474e-10,2.1192094188387986e-10,2.1186414929048514e-10,2.1180741794757615e-10,2.1175074774069887e-10,2.116941385481349e-10,2.116375902857118e-10,2.1158110279663372e-10,2.1152467598597037e-10,2.1146830974050733e-10,2.114120039469016e-10,2.1135575849354158e-10,2.11299573270439e-10,2.112434481576086e-10,2.1118738305236295e-10,2.1113137783256014e-10,2.110754323922127e-10,2.1101954662408843e-10,2.1096372040809073e-10,2.1090795363622982e-10,2.1085224619931268e-10,2.1079659798881608e-10,2.1074100888435407e-10,2.1068547880092007e-10,2.1063000762373865e-10,2.1057459521404622e-10,2.1051924150637454e-10,2.104639463468556e-10,2.1040870967966616e-10,2.1035353137145727e-10,2.1029841131174828e-10,2.1024334938958607e-10,2.1018834550932356e-10,2.1013339957994556e-10,2.1007851145344946e-10,2.1002368104673378e-10,2.0996890827197558e-10,2.0991419302762787e-10,2.0985953514421277e-10,2.0980493455391005e-10,2.0975039116063232e-10,2.096959048528419e-10,2.0964147552902754e-10,2.095871030815121e-10,2.0953278742345398e-10,2.0947852843232366e-10,2.0942432600909732e-10,2.0937018005673776e-10,2.093160904720011e-10,2.0926205715085148e-10,2.092080799913818e-10,2.091541588919572e-10,2.091002937511957e-10,2.09046484466984e-10,2.089927309404468e-10,2.0893903306675183e-10,2.088853907520452e-10,2.0883180388969627e-10,2.0877827238308638e-10,2.0872479613508186e-10,2.0867137504156824e-10,2.0861800900841587e-10,2.0856469793432621e-10,2.0851144172071976e-10,2.084582402691664e-10,2.0840509348185658e-10,2.08352001260936e-10,2.0829896350873094e-10,2.0824598012789653e-10,2.0819305102127045e-10,2.0814017609228271e-10,2.0808735524181507e-10,2.0803458837840128e-10,2.0798187540338547e-10,2.079292162211863e-10,2.0787661073608658e-10,2.0782405884993663e-10,2.0777156047136638e-10,2.0771911550640048e-10,2.076667238585192e-10,2.076143854346702e-10,2.075621001354929e-10,2.0750986786629604e-10,2.0745768854589985e-10,2.0740556207182939e-10,2.073534883523632e-10,2.0730146729315684e-10,2.0724949882367152e-10,2.0719758280947195e-10,2.071457191788731e-10,2.0709390783773316e-10,2.0704214869833218e-10,2.069904416671685e-10,2.0693878664948326e-10,2.0688718355678652e-10,2.0683563230968432e-10,2.067841327985297e-10,2.067326849409461e-10,2.066812886464632e-10,2.0662994382503298e-10,2.0657865038864462e-10,2.0652740824605753e-10,2.0647621730799362e-10,2.0642507748532098e-10,2.0637398868912454e-10,2.0632295083071598e-10,2.062719638216253e-10,2.0622102757359228e-10,2.0617014199858685e-10,2.0611930700878838e-10,2.0606852251659524e-10,2.0601778843461462e-10,2.0596710467568326e-10,2.0591647115284507e-10,2.0586588777935116e-10,2.058153544686673e-10,2.0576487113448333e-10,2.0571443769067289e-10,2.0566405405136051e-10,2.05613720130856e-10,2.0556343584367473e-10,2.055132011045477e-10,2.0546301582842086e-10,2.0541287993044295e-10,2.0536279332595725e-10,2.0531275593053438e-10,2.0526276765995724e-10,2.0521282842868e-10,2.0516293815438514e-10,2.0511309675342777e-10,2.0506330414241125e-10,2.0501356023919014e-10,2.0496386495968245e-10,2.0491421822090516e-10,2.0486461993811188e-10,2.048150700313515e-10,2.0476556841825228e-10,2.0471611501699257e-10,2.0466670974556062e-10,2.0461735252238305e-10,2.0456804326608817e-10,2.0451878189555407e-10,2.044695683295836e-10,2.0442040248745786e-10,2.0437128428842044e-10,2.0432221365217055e-10,2.0427319049828763e-10,2.0422421474687852e-10,2.041752863180236e-10,2.0412640513202734e-10,2.0407757110941398e-10,2.040287841708424e-10,2.0398004423719567e-10,2.0393135122964098e-10,2.03882705069402e-10,2.0383410567793088e-10,2.0378555297695828e-10,2.0373704688817673e-10,2.036885873336825e-10,2.0364017423573897e-10,2.0359180751665348e-10,2.0354348709893016e-10,2.0349521290549885e-10,2.0344698485921582e-10,2.0339880288314187e-10,2.0335066690069614e-10,2.0330257683692684e-10,2.0325453261380901e-10,2.0320653413147712e-10,2.0315858136134258e-10,2.031106741999168e-10,2.0306281257977465e-10,2.0301499642058951e-10,2.0296722565633105e-10,2.029195001984606e-10,2.0287181997484764e-10,2.0282418491161253e-10,2.027765949356564e-10,2.0272904997260555e-10,2.02681549948252e-10,2.02634094788602e-10,2.0258668441976833e-10,2.0253931876814374e-10,2.0249199776014303e-10,2.0244472132241834e-10,2.0239748938187272e-10,2.023503018654422e-10,2.0230315870044053e-10,2.0225605981405312e-10,2.0220900513388904e-10,2.021619945877204e-10,2.0211502810317147e-10,2.0206810560844549e-10,2.020212270316648e-10,2.019743923012419e-10,2.0192760134559123e-10,2.0188085409345067e-10,2.0183415047369056e-10,2.017874904154027e-10,2.0174087384767561e-10,2.0169430070628933e-10,2.016477709204277e-10,2.0160128439985577e-10,2.0155484108834202e-10,2.0150844091426496e-10,2.0146208381416512e-10,2.0141576971139324e-10,2.0136949854058e-10,2.013232702301663e-10,2.0127708471105567e-10,2.0123094191186223e-10,2.0118484176759088e-10,2.011387842062803e-10,2.0109276916467565e-10,2.0104679656758927e-10,2.0100086634980649e-10,2.0095497844872486e-10,2.0090913278897172e-10,2.0086332930205518e-10,2.0081756792313006e-10,2.0077184858450022e-10,2.0072617121891328e-10,2.006805357567587e-10,2.0063494213416195e-10,2.0058939028658184e-10,2.00543880149495e-10,2.0049841167229975e-10,2.0045298476562016e-10,2.0040759934516905e-10,2.0036225536753324e-10,2.003169527637842e-10,2.0027169147506239e-10,2.002264714069948e-10,2.0018129253215067e-10,2.0013615476696454e-10,2.000910580468643e-10,2.0004600230803555e-10,2.0000098748174088e-10,1.9995601350971137e-10,1.9991108032231836e-10,1.998661878640138e-10,1.998213360600279e-10,1.99776524847055e-10,1.9973175416504338e-10,1.9968702395038129e-10,1.996423341387532e-10,1.995976846647671e-10,1.9955307546683636e-10,1.995085064806689e-10,1.9946397764312922e-10,1.994194888876087e-10,1.9937504015901701e-10,1.9933063139072164e-10,1.9928626251942245e-10,1.9924193348291287e-10,1.991976442190147e-10,1.991533946655843e-10,1.9910918476055932e-10,1.9906501444842308e-10,1.99020883660983e-10,1.989767923367178e-10,1.989327404142937e-10,1.9888872783212534e-10,1.988447545291824e-10,1.9880082044409027e-10,1.9875692551608568e-10,1.987130696772958e-10,1.9866925287389218e-10,1.9862547504724527e-10,1.9858173613269385e-10,1.9853803607153838e-10,1.9849437480422274e-10,1.9845075227092333e-10,1.9840716841130916e-10,1.9836362316592525e-10,1.9832011647410832e-10,1.9827664827827758e-10,1.9823321851805927e-10,1.9818982713856932e-10,1.9814647407103396e-10,1.9810315926246796e-10,1.9805988265272482e-10,1.9801664418659481e-10,1.9797344380018937e-10,1.9793028143709977e-10,1.9788715704242726e-10,1.9784407055285135e-10,1.9780102187249054e-10,1.977580110181563e-10,1.9771503790750353e-10,1.97672102463933e-10,1.976292046403242e-10,1.9758634437503986e-10,1.975435216103728e-10,1.9750073629555435e-10,1.9745798836891905e-10,1.97415277776954e-10,1.9737260445217284e-10,1.973299683494958e-10,1.972873694094821e-10,1.9724480757181838e-10,1.9720228278154424e-10,1.9715979498293155e-10,1.9711734412377655e-10,1.9707493014728647e-10,1.970325529938755e-10,1.9699021260660549e-10,1.969479089351226e-10,1.9690564193157048e-10,1.9686341151999465e-10,1.968212176554997e-10,1.9677906028373033e-10,1.9673693934820618e-10,1.9669485479920163e-10,1.966528065728682e-10,1.9661079462060235e-10,1.965688188821672e-10,1.965268793176798e-10,1.9648497585533547e-10,1.9644310844327315e-10,1.9640127703189905e-10,1.96359481563604e-10,1.9631772199788008e-10,1.962759982714467e-10,1.962343103284667e-10,1.961926581211516e-10,1.9615104158849257e-10,1.961094606825248e-10,1.9606791535073936e-10,1.9602640553997855e-10,1.9598493119318045e-10,1.959434922596657e-10,1.959020886820634e-10,1.958607204163466e-10,1.9581938740643304e-10,1.957780896011694e-10,1.9573682694670142e-10,1.9569559939135378e-10,1.956544068815113e-10,1.9561324936707863e-10,1.9557212679554246e-10,1.9553103911653544e-10,1.9548998627545944e-10,1.9544896822256187e-10,1.9540798490640955e-10,1.9536703627501976e-10,1.9532612227796477e-10,1.9528524286493997e-10,1.9524439798413502e-10,1.9520358758470233e-10,1.951628116158837e-10,1.951220700253137e-10,1.950813627620873e-10,1.9504068978361372e-10,1.9500005103006187e-10,1.9495944646075836e-10,1.9491887602110829e-10,1.948783396533109e-10,1.9483783731434924e-10,1.9479736895401748e-10,1.9475693452265726e-10,1.9471653396924204e-10,1.9467616724731096e-10,1.9463583430409336e-10,1.9459553509423574e-10,1.945552695653133e-10,1.9451503766808428e-10,1.9447483935582075e-10,1.9443467458425487e-10,1.9439454329343124e-10,1.9435444544017318e-10,1.9431438097554672e-10,1.9427434985145494e-10,1.94234352030941e-10,1.9419438743848592e-10,1.9415445604577037e-10,1.9411455780060056e-10,1.9407469265499516e-10,1.940348605610769e-10,1.939950614710641e-10,1.939552953372758e-10,1.939155621121272e-10,1.9387586174813354e-10,1.938361941979102e-10,1.9379655941416238e-10,1.9375695734969749e-10,1.9371738795741963e-10,1.9367785119033212e-10,1.9363834700152573e-10,1.9359887534419876e-10,1.9355943617163655e-10,1.9352002944045365e-10,1.9348065508644922e-10,1.934413130958607e-10,1.9340200339167072e-10,1.9336272592202864e-10,1.93323480682968e-10,1.932842676042594e-10,1.9324508664263517e-10,1.9320593774591182e-10,1.931668208746727e-10,1.9312773597809377e-10,1.9308868301363824e-10,1.9304966193529255e-10,1.9301067269738596e-10,1.9297171525522536e-10,1.929327895652917e-10,1.9289389557775334e-10,1.9285503324527605e-10,1.9281620254064192e-10,1.9277740339870267e-10,1.927386357822731e-10,1.9269989964664213e-10,1.9266119494720957e-10,1.926225216395467e-10,1.9258387968037455e-10,1.9254526903171628e-10,1.9250668962508895e-10,1.9246814144545645e-10,1.9242962443498284e-10,1.9239113855172713e-10,1.9235268375124377e-10,1.9231425998691773e-10,1.9227586721845954e-10,1.9223750540288905e-10,1.9219917449550558e-10,1.9216087444602252e-10,1.9212260522813574e-10,1.9208436679438512e-10,1.9204615908647557e-10,1.920079820742401e-10,1.9196983571135247e-10,1.9193171995898548e-10,1.9189363474140378e-10,1.918555800658979e-10,1.9181755587132945e-10,1.9177956211198464e-10,1.917415987429583e-10,1.9170366572374463e-10,1.9166576298554053e-10,1.916278905130904e-10,1.9159004829559939e-10,1.9155223624426633e-10,1.915144543513868e-10,1.9147670255085722e-10,1.914389808018264e-10,1.914012890731849e-10,1.9136362729010103e-10,1.913259954668008e-10,1.9128839350737528e-10,1.912508214102322e-10,1.9121327912377813e-10,1.9117576660804072e-10,1.9113828381702182e-10,1.9110083070961193e-10,1.910634072447081e-10,1.9102601338438249e-10,1.909886490855346e-10,1.9095131430662168e-10,1.9091400900468644e-10,1.9087673313590356e-10,1.9083948666980693e-10,1.908022695529517e-10,1.9076508176180494e-10,1.9072792324748866e-10,1.906907939713034e-10,1.9065369389762364e-10,1.9061662299124236e-10,1.905795811917909e-10,1.90542568472416e-10,1.9050558477010666e-10,1.9046863006822848e-10,1.904317043348493e-10,1.903948075217251e-10,1.903579395714147e-10,1.903211004494431e-10,1.9028429013234478e-10,1.9024750859740465e-10,1.9021075576878645e-10,1.9017403163819296e-10,1.9013733615147563e-10,1.9010066926900672e-10,1.9006403095310728e-10,1.9002742116345714e-10,1.899908398638295e-10,1.8995428701191055e-10,1.8991776257783262e-10,1.8988126650445164e-10,1.8984479874271645e-10,1.898083592990562e-10,1.8977194811769508e-10,1.8973556515668538e-10,1.8969921033767112e-10,1.8966288370127e-10,1.8962658516953424e-10,1.895903147283566e-10,1.8955407229307723e-10,1.8951785782854673e-10,1.894816713276861e-10,1.8944551275452838e-10,1.89409382028428e-10,1.8937327915307518e-10,1.893372041031395e-10,1.893011568142612e-10,1.8926513725701439e-10,1.8922914539490351e-10,1.8919318118387867e-10,1.8915724463401893e-10,1.8912133566454976e-10,1.8908545419917117e-10,1.8904960024127732e-10,1.8901377374989364e-10,1.8897797468057206e-10,1.889422030037152e-10,1.8890645870719497e-10,1.8887074173416472e-10,1.8883505202317804e-10,1.8879938956815432e-10,1.8876375436787236e-10,1.887281463226982e-10,1.8869256544665315e-10,1.886570116739599e-10,1.8862148495348543e-10,1.8858598526658412e-10,1.8855051257944206e-10,1.8851506685577058e-10,1.8847964805741218e-10,1.8844425615697466e-10,1.8840889110618824e-10,1.883735528774989e-10,1.883382414327589e-10,1.8830295673417406e-10,1.8826769875283519e-10,1.882324674505378e-10,1.8819726279357929e-10,1.8816208474529724e-10,1.8812693327047315e-10,1.8809180833434258e-10,1.880567098997487e-10,1.880216379338914e-10,1.879865924035146e-10,1.87951573270588e-10,1.8791658050212334e-10,1.8788161406908076e-10,1.8784667392950576e-10,1.878117600530852e-10,1.877768724013185e-10,1.8774201093628496e-10,1.8770717561051135e-10,1.8767236642652366e-10,1.876375833347457e-10,1.8760282629994517e-10,1.8756809525738223e-10,1.87533390227716e-10,1.874987111496169e-10,1.8746405799562545e-10,1.8742943072585857e-10,1.873948292942909e-10,1.873602536966056e-10,1.8732570386097895e-10,1.8729117980048863e-10,1.8725668145875985e-10,1.8722220877528197e-10,1.871877617422298e-10,1.8715334035203583e-10,1.8711894459084276e-10,1.8708457433764616e-10,1.8705022960253047e-10,1.870159103528656e-10,1.869816166027092e-10,1.8694734827597974e-10,1.869131052847531e-10,1.8687888764420243e-10,1.8684469532024918e-10,1.8681052828836816e-10,1.867763864999952e-10,1.8674226994994347e-10,1.8670817859140288e-10,1.8667411238682435e-10,1.866400713083713e-10,1.8660605532388507e-10,1.8657206440086474e-10,1.8653809850725583e-10,1.8650415761086124e-10,1.8647024167944422e-10,1.8643635068121446e-10,1.8640248458453174e-10,1.8636864335698266e-10,1.8633482696672244e-10,1.8630103538192671e-10,1.862672685757687e-10,1.8623352651026747e-10,1.8619980915427622e-10,1.8616611647618833e-10,1.861324484465827e-10,1.860988050292306e-10,1.8606518619740837e-10,1.8603159192350233e-10,1.8599802217266456e-10,1.859644769023144e-10,1.859309560968913e-10,1.8589745972154816e-10,1.858639877392086e-10,1.8583054012865096e-10,1.8579711685492033e-10,1.8576371787790677e-10,1.8573034318225137e-10,1.8569699272720233e-10,1.8566366648996606e-10,1.8563036440829352e-10,1.8559708650139152e-10,1.855638327121478e-10,1.855306030042148e-10,1.8549739736298014e-10,1.854642157579561e-10,1.8543105814611807e-10,1.8539792450565043e-10,1.8536481480528209e-10,1.8533172901720598e-10,1.8529866711255362e-10,1.8526562904770294e-10,1.8523261479949479e-10,1.8519962433975883e-10,1.8516665763919032e-10,1.8513371466725703e-10,1.8510079539441126e-10,1.8506789978686734e-10,1.8503502782226966e-10,1.8500217946767707e-10,1.8496935469329904e-10,1.8493655350763353e-10,1.8490377581362368e-10,1.8487102160202685e-10,1.8483829085801533e-10,1.8480558354483179e-10,1.8477289963529733e-10,1.8474023910481528e-10,1.8470760191593578e-10,1.846749880436307e-10,1.8464239745738115e-10,1.8460983012712852e-10,1.845772860306445e-10,1.8454476513625957e-10,1.845122674115402e-10,1.844797928325811e-10,1.8444734136642377e-10,1.8441491298515596e-10,1.8438250766345383e-10,1.8435012535900872e-10,1.8431776606322354e-10,1.8428542974314427e-10,1.8425311636150765e-10,1.8422082587433013e-10,1.8418855829504687e-10,1.8415631356295314e-10,1.8412409167153352e-10,1.8409189258499626e-10,1.8405971625471225e-10,1.840275627007988e-10,1.8399543185052405e-10,1.839633236886729e-10,1.8393123816889044e-10,1.8389917529998814e-10,1.8386713503601448e-10,1.8383511735451498e-10,1.838031222212362e-10,1.837711496074662e-10,1.8373919949272555e-10,1.8370727183486676e-10,1.8367536662045696e-10,1.8364348382775884e-10,1.836116234139788e-10,1.8357978536074644e-10,1.8354796964053337e-10,1.835161762234232e-10,1.834844050761901e-10,1.834526562109392e-10,1.834209295350873e-10,1.8338922505367527e-10,1.833575427427231e-10,1.83325882572748e-10,1.8329424451589447e-10,1.832626285452512e-10,1.8323103465994197e-10,1.8319946278126915e-10,1.8316791290574174e-10,1.8313638501200069e-10,1.8310487907324723e-10,1.8307339505436057e-10,1.8304193293350132e-10,1.8301049268617837e-10,1.829790742848852e-10,1.829476777010705e-10,1.829163029123391e-10,1.828849498903289e-10,1.8285361860933317e-10,1.8282230903136075e-10,1.827910211345239e-10,1.827597549166544e-10,1.8272851033485962e-10,1.8269728736438e-10,1.8266608597522403e-10,1.8263490614312912e-10,1.8260374786975833e-10,1.8257261107598262e-10,1.8254149576178556e-10,1.8251040190019325e-10,1.8247932946622714e-10,1.8244827843262149e-10,1.8241724877709624e-10,1.8238624047249723e-10,1.8235525349188437e-10,1.8232428781071566e-10,1.8229334340378457e-10,1.8226242024502325e-10,1.8223151830906023e-10,1.8220063756818553e-10,1.8216977800092876e-10,1.821389395873062e-10,1.821081222881966e-10,1.8207732609236658e-10,1.820465509670096e-10,1.8201579688353316e-10,1.8198506382603345e-10,1.819543517566725e-10,1.8192366066910453e-10,1.8189299052754e-10,1.818623413076443e-10,1.8183171298430997e-10,1.8180110553792754e-10,1.817705189327498e-10,1.8173995314972396e-10,1.8170940816587616e-10,1.8167888395475168e-10,1.8164838049184455e-10,1.8161789775269957e-10,1.815874357110038e-10,1.8155699434196177e-10,1.8152657362304944e-10,1.8149617352965173e-10,1.814657940395841e-10,1.8143543512961623e-10,1.814050967722942e-10,1.8137477894066994e-10,1.8134448161522485e-10,1.813142047682098e-10,1.8128394837765383e-10,1.8125371241834545e-10,1.81223496867481e-10,1.8119330170041917e-10,1.8116312689573564e-10,1.811329724178348e-10,1.8110283827862888e-10,1.8107272440806546e-10,1.810426308008324e-10,1.810125574328571e-10,1.8098250428314555e-10,1.8095247132712348e-10,1.8092245854496622e-10,1.8089246589935068e-10,1.8086249338006875e-10,1.808325409777152e-10,1.8080260863251197e-10,1.8077269633584778e-10,1.8074280407241494e-10,1.8071293181343376e-10,1.8068307953547402e-10,1.806532472501243e-10,1.8062343485956525e-10,1.8059364239342464e-10,1.805638698111232e-10,1.8053411709448728e-10,1.8050438422093565e-10,1.8047467116668931e-10,1.8044497790909664e-10,1.8041530442187378e-10,1.8038565068826912e-10,1.8035601667492865e-10,1.8032640237284165e-10,1.8029680775280938e-10,1.802672327862825e-10,1.8023767745135186e-10,1.802081417415304e-10,1.8017862562112107e-10,1.8014912907464294e-10,1.801196520739224e-10,1.8009019458729895e-10,1.8006075660329065e-10,1.8003133809408195e-10,1.800019390465515e-10,1.7997255943698994e-10,1.799431992315145e-10,1.7991385841433582e-10,1.7988453696377032e-10,1.7985523482426898e-10,1.7982595203814115e-10,1.7979668855152636e-10,1.797674443435707e-10,1.797382193906356e-10,1.7970901367590392e-10,1.796798271649159e-10,1.7965065984422898e-10,1.7962151169445751e-10,1.7959238268400975e-10,1.7956327279609785e-10,1.7953418200945198e-10,1.795051102974416e-10,1.7947605764753138e-10,1.794470240341399e-10,1.7941800943708016e-10,1.79389013831265e-10,1.7936003719610462e-10,1.7933107950995837e-10,1.7930214075123753e-10,1.7927322089708577e-10,1.792443199296207e-10,1.792154378239319e-10,1.7918657455998442e-10,1.7915773011772217e-10,1.791289044694506e-10,1.7910009760295858e-10,1.7907130949062903e-10,1.7904254011262778e-10,1.7901378944163485e-10,1.7898505746789565e-10,1.7895634416635993e-10,1.789276495003711e-10,1.7889897348138967e-10,1.7887031606652595e-10,1.7884167723785287e-10,1.7881305697485296e-10,1.7878445524737146e-10,1.7875587205476482e-10,1.7872730736069383e-10,1.7869876114799971e-10,1.7867023340059906e-10,1.7864172409227254e-10,1.7861323320311527e-10,1.7858476071270037e-10,1.7855630659891508e-10,1.7852787084437956e-10,1.7849945342584976e-10,1.7847105432262242e-10,1.7844267351517345e-10,1.7841431098355851e-10,1.7838596670486273e-10,1.7835764066096252e-10,1.7832933283208496e-10,1.7830104319592285e-10,1.7827277173154876e-10,1.7824451842214098e-10,1.782162832432499e-10,1.781880661762241e-10,1.781598672008162e-10,1.7813168629680513e-10,1.781035234440259e-10,1.7807537862232298e-10,1.7804725181157716e-10,1.7801914299188122e-10,1.7799105214285844e-10,1.7796297924459735e-10,1.7793492427776135e-10,1.7790688722124404e-10,1.7787886805600243e-10,1.7785086676142604e-10,1.7782288331908808e-10,1.777949177079717e-10,1.7776696990835996e-10,1.7773903989991982e-10,1.7771112766292628e-10,1.7768323317631166e-10,1.776553564375815e-10,1.7762749740429063e-10,1.7759965605905674e-10,1.7757183238764114e-10,1.775440263704972e-10,1.7751623797464974e-10,1.7748846719581743e-10,1.7746071402276193e-10,1.774329784260742e-10,1.7740526038638378e-10,1.7737755988425843e-10,1.7734987690044983e-10,1.7732221141560344e-10,1.772945634120136e-10,1.7726693285974145e-10,1.7723931976085813e-10,1.7721172408828924e-10,1.7718414581432916e-10,1.7715658492388423e-10,1.7712904139811393e-10,1.7710151521769694e-10,1.770740063637922e-10,1.7704651481183245e-10,1.7701904054847564e-10,1.7699158355610972e-10,1.7696414381606242e-10,1.7693672130842207e-10,1.7690931601347452e-10,1.7688192791219422e-10,1.7685455698628977e-10,1.7682720321757274e-10,1.7679986658670472e-10,1.767725470730904e-10,1.767452446555324e-10,1.7671795931969174e-10,1.766906910470492e-10,1.7666343981914054e-10,1.766362056172292e-10,1.7660898842277122e-10,1.7658178821725444e-10,1.765546049822354e-10,1.7652743869941075e-10,1.7650028935018375e-10,1.764731569161832e-10,1.7644604137912e-10,1.7641894272055186e-10,1.7639186092225945e-10,1.7636479596602767e-10,1.7633774783338117e-10,1.7631071650628772e-10,1.762837019664027e-10,1.7625670419562308e-10,1.7622972317589163e-10,1.7620275888902412e-10,1.7617581131700048e-10,1.7614888044176036e-10,1.761219662451e-10,1.7609506870915764e-10,1.76068187815999e-10,1.7604132354773955e-10,1.7601447588633524e-10,1.7598764481390324e-10,1.7596083031264253e-10,1.7593403236481238e-10,1.7590725095238977e-10,1.7588048605771547e-10,1.7585373766311414e-10,1.758270057506965e-10,1.7580029030284222e-10,1.7577359130172585e-10,1.757469087299328e-10,1.7572024256975633e-10,1.7569359280367932e-10,1.7566695941411498e-10,1.7564034238336242e-10,1.756137416941445e-10,1.7558715732879844e-10,1.755605892700666e-10,1.7553403750023133e-10,1.7550750200224602e-10,1.7548098275827777e-10,1.7545447975136287e-10,1.7542799296410399e-10,1.754015223792562e-10,1.7537506797908845e-10,1.753486297472152e-10,1.75322207665672e-10,1.7529580171741318e-10,1.752694118855828e-10,1.752430381527439e-10,1.7521668050177884e-10,1.751903389252909e-10,1.751640133872753e-10,1.7513770388954763e-10,1.7511141040568854e-10,1.750851329186937e-10,1.7505887141163352e-10,1.7503262587967065e-10,1.750063962816662e-10,1.7498018260877468e-10,1.7495398484886102e-10,1.74927802984167e-10,1.7490163700197042e-10,1.7487548688251852e-10,1.7484935260781998e-10,1.748232341565544e-10,1.7479713151981657e-10,1.747710446823211e-10,1.7474497360923137e-10,1.7471891830612535e-10,1.7469287874859728e-10,1.746668549196486e-10,1.746408468068748e-10,1.7461485438547154e-10,1.7458887766577263e-10,1.7456291658642964e-10,1.74536971175441e-10,1.7451104137170472e-10,1.7448512718170425e-10,1.7445922858951423e-10,1.7443334557637942e-10,1.744074781258977e-10,1.7438162622713073e-10,1.7435578985930267e-10,1.7432996900690006e-10,1.743041636536273e-10,1.7427837378329874e-10,1.7425259938029577e-10,1.7422684042791148e-10,1.742010969100086e-10,1.7417536881045986e-10,1.7414965611284958e-10,1.7412395879907057e-10,1.740982768590914e-10,1.7407261027205223e-10,1.740469590278514e-10,1.7402132310124332e-10,1.7399570248200826e-10,1.739700971487471e-10,1.739445070950983e-10,1.739189323000402e-10,1.738933727455167e-10,1.7386782841792417e-10,1.73842299297591e-10,1.7381678537408607e-10,1.7379128663488318e-10,1.7376580305434675e-10,1.7374033463442746e-10,1.7371488133710072e-10,1.7368944315644794e-10,1.7366402007605579e-10,1.736386120817334e-10,1.7361321915750246e-10,1.7358784128966255e-10,1.7356247845871742e-10,1.7353713065102036e-10,1.7351179785111053e-10,1.7348648004302988e-10,1.7346117721183477e-10,1.7343588931081138e-10,1.7341061637099892e-10,1.73385358379827e-10,1.7336011530371601e-10,1.7333488711907763e-10,1.7330967382619542e-10,1.7328447540263024e-10,1.7325929183409963e-10,1.7323412310624015e-10,1.7320896920010836e-10,1.7318383010109467e-10,1.7315870579708385e-10,1.7313359627103085e-10,1.7310850150780617e-10,1.730834214922925e-10,1.7305835620938436e-10,1.7303330564400024e-10,1.7300826978110294e-10,1.7298324860564962e-10,1.7295824210264846e-10,1.7293325025709918e-10,1.7290827305402984e-10,1.7288331047850306e-10,1.7285836251561102e-10,1.7283342915044698e-10,1.72808510368142e-10,1.7278360615382227e-10,1.7275871649266783e-10,1.7273384136984767e-10,1.727089807705775e-10,1.7268413468009902e-10,1.7265930308363974e-10,1.7263448596648993e-10,1.7260968331392586e-10,1.7258489511128992e-10,1.7256012134388815e-10,1.7253536199711136e-10,1.7251061705631634e-10,1.724858865069157e-10,1.7246117033432925e-10,1.7243646852397405e-10,1.724117810613479e-10,1.7238710793191073e-10,1.7236244912120215e-10,1.7233780461472433e-10,1.7231317439802497e-10,1.7228855845667503e-10,1.7226395677625177e-10,1.7223936934238656e-10,1.7221479614070016e-10,1.72190237156821e-10,1.721656923764626e-10,1.721411617852889e-10,1.721166453690362e-10,1.720921431134176e-10,1.7206765500420327e-10,1.72043181027152e-10,1.7201872116808467e-10,1.7199427541276975e-10,1.71969843747076e-10,1.7194542615684236e-10,1.7192102262798089e-10,1.7189663314634827e-10,1.7187225769788587e-10,1.718478962685153e-10,1.718235488442162e-10,1.7179921541095544e-10,1.7177489595469253e-10,1.7175059046148936e-10,1.7172629891736567e-10,1.7170202130839626e-10,1.7167775762064213e-10,1.7165350784021792e-10,1.7162927195322226e-10,1.7160504994579898e-10,1.7158084180410246e-10,1.7155664751431266e-10,1.715324670626092e-10,1.7150830043523003e-10,1.7148414761839119e-10,1.7146000859749158e-10,1.7143588336054736e-10,1.7141177189186063e-10,1.713876741788556e-10,1.7136359020812276e-10,1.7133951996576334e-10,1.7131546343813982e-10,1.7129142061167574e-10,1.712673914727353e-10,1.712433760077756e-10,1.712193742032458e-10,1.7119538604560477e-10,1.71171411521351e-10,1.7114745061649845e-10,1.7112350331851958e-10,1.7109956961350514e-10,1.7107564948800025e-10,1.7105174292859883e-10,1.7102784992189196e-10,1.7100397045430006e-10,1.7098010451267108e-10,1.7095625208365932e-10,1.7093241315365716e-10,1.7090858770649638e-10,1.7088477573692777e-10,1.7086097722699256e-10,1.708371921631219e-10,1.7081342053307074e-10,1.7078966232078145e-10,1.70765917516871e-10,1.7074218610820032e-10,1.7071846807836425e-10,1.7069476341821308e-10,1.7067107211009618e-10,1.7064739414457252e-10,1.7062372950647832e-10,1.7060007818159509e-10,1.7057644015206307e-10,1.7055281541383538e-10,1.7052920395313876e-10,1.7050560575321301e-10,1.704820208029451e-10,1.7045844908941585e-10,1.7043489059986881e-10,1.704113453210864e-10,1.7038781324029924e-10,1.7036429434487802e-10,1.7034078862254163e-10,1.7031729606067492e-10,1.702938166435611e-10,1.7027035036036062e-10,1.7024689719734779e-10,1.7022345714329007e-10,1.7020003018474484e-10,1.7017661630865568e-10,1.701532155014732e-10,1.7012982775325082e-10,1.70106453047743e-10,1.7008309137494335e-10,1.7005974272009471e-10,1.7003640707275394e-10,1.7001308441928334e-10,1.6998977474717644e-10,1.6996647804347512e-10,1.699431942963628e-10,1.6991992349291872e-10,1.6989666562062801e-10,1.698734206669449e-10,1.69850188618688e-10,1.698269694648114e-10,1.6980376319211878e-10,1.6978056978850014e-10,1.6975738924086835e-10,1.697342215371714e-10,1.6971106666498943e-10,1.6968792461196357e-10,1.696647953656996e-10,1.696416789138803e-10,1.6961857524419069e-10,1.695954843443119e-10,1.695724062016529e-10,1.695493408045497e-10,1.695262881404429e-10,1.6950324819709922e-10,1.694802209618842e-10,1.6945720642264693e-10,1.6943420456792525e-10,1.6941121538516928e-10,1.6938823886176625e-10,1.6936527498607413e-10,1.6934232374366875e-10,1.6931938512734075e-10,1.692964591220069e-10,1.692735457187719e-10,1.6925064490045154e-10,1.6922775665732878e-10,1.6920488097740963e-10,1.6918201784870065e-10,1.6915916725896567e-10,1.6913632919637523e-10,1.6911350364901528e-10,1.690906906049452e-10,1.6906789005223372e-10,1.6904510197899158e-10,1.6902232637330784e-10,1.6899956322341778e-10,1.689768125173605e-10,1.6895407424328318e-10,1.68931348389293e-10,1.6890863494371817e-10,1.6888593389468775e-10,1.6886324523037603e-10,1.6884056893903216e-10,1.6881790500903337e-10,1.6879525342849827e-10,1.6877261418577112e-10,1.6874998726387378e-10,1.687273726616826e-10,1.6870477036654508e-10,1.6868218035317208e-10,1.6865960262181618e-10,1.6863703715886824e-10,1.6861448395247884e-10,1.6859194300381772e-10,1.6856941428065675e-10,1.6854689777316824e-10,1.6852439347135173e-10,1.6850190136938618e-10,1.6847942145498743e-10,1.6845695372424163e-10,1.6843449815333533e-10,1.6841205473491265e-10,1.68389623462197e-10,1.683672043125197e-10,1.683447972829066e-10,1.6832240235820123e-10,1.6830001953076426e-10,1.682776487872672e-10,1.682552901164217e-10,1.6823294350688924e-10,1.682106089473402e-10,1.6818828642626454e-10,1.6816597593264504e-10,1.6814367745530045e-10,1.6812139098254744e-10,1.6809911650355535e-10,1.6807685400630194e-10,1.680546034807305e-10,1.680323649149793e-10,1.680101382972923e-10,1.6798792361781014e-10,1.6796572086474058e-10,1.6794353002678535e-10,1.679213510930502e-10,1.6789918405231732e-10,1.6787702889305266e-10,1.678548856049475e-10,1.67832754176443e-10,1.6781063459666508e-10,1.6778852685433735e-10,1.6776643093862066e-10,1.6774434683853188e-10,1.677222745431268e-10,1.6770021404133267e-10,1.6767816532205096e-10,1.6765612837458828e-10,1.6763410318765175e-10,1.676120897507005e-10,1.6759008805255147e-10,1.6756809808245496e-10,1.675461198294629e-10,1.6752415328263574e-10,1.6750219844279157e-10,1.674802552759421e-10,1.674583237827933e-10,1.6743640395424545e-10,1.6741449577609413e-10,1.6739259924051637e-10,1.6737071433453565e-10,1.6734884105779732e-10,1.6732697939178944e-10,1.6730512931299094e-10,1.6728329082281353e-10,1.672614639199053e-10,1.6723964857158466e-10,1.6721784478073033e-10,1.6719605253317728e-10,1.671742718361747e-10,1.671525026465346e-10,1.6713074496991165e-10,1.671089987957238e-10,1.670872641133719e-10,1.6706554091231154e-10,1.6704382918194854e-10,1.6702212891177097e-10,1.6700044009123855e-10,1.6697876270982304e-10,1.669570967570246e-10,1.6693544222237098e-10,1.6691379909537506e-10,1.6689216736558177e-10,1.668705470374564e-10,1.668489380706981e-10,1.6682734046986637e-10,1.668057542244991e-10,1.6678417932425269e-10,1.667626157587202e-10,1.6674106351753642e-10,1.6671952259035168e-10,1.6669799296682778e-10,1.6667647463664988e-10,1.6665496758948356e-10,1.6663347181505732e-10,1.666119873030652e-10,1.6659051404323863e-10,1.665690520253339e-10,1.6654760123909768e-10,1.665261616743118e-10,1.6650473332072595e-10,1.6648331616816546e-10,1.664619102064271e-10,1.6644051542532553e-10,1.6641913181507064e-10,1.6639775936476607e-10,1.6637639806408414e-10,1.6635504790384324e-10,1.6633370886510263e-10,1.6631238095485855e-10,1.6629106415436748e-10,1.662697584535586e-10,1.662484638423941e-10,1.6622718031079554e-10,1.662059078487319e-10,1.66184646446194e-10,1.661633960919033e-10,1.6614215677839785e-10,1.6612092849320014e-10,1.6609971122753704e-10,1.6607850497282988e-10,1.6605730971645808e-10,1.6603612544987524e-10,1.6601495215995193e-10,1.659937898277839e-10,1.6597263847187785e-10,1.659514980661194e-10,1.6593036860102775e-10,1.6590925006633323e-10,1.6588814245280788e-10,1.6586704574937234e-10,1.6584595994697645e-10,1.6582488503559583e-10,1.6580382100560587e-10,1.657827678487011e-10,1.6576172555246735e-10,1.6574069410755422e-10,1.6571967350511994e-10,1.6569866373551514e-10,1.6567766478873906e-10,1.656566766551305e-10,1.656356993270917e-10,1.6561473279076006e-10,1.6559377703872957e-10,1.6557283205997577e-10,1.655518978461347e-10,1.6553097437215277e-10,1.6551006165852043e-10,1.6548915968252492e-10,1.6546826843169655e-10,1.6544738790024256e-10,1.6542651807448592e-10,1.6540565894293858e-10,1.653848105044284e-10,1.6536397274310233e-10,1.6534314565030303e-10,1.6532232921718436e-10,1.6530152343408393e-10,1.6528072829153513e-10,1.6525994378008734e-10,1.6523916988956786e-10,1.6521840661126799e-10,1.6519765393578614e-10,1.6517691185363119e-10,1.6515618035669017e-10,1.65135459433078e-10,1.651147490746221e-10,1.650940492731871e-10,1.6507336001697709e-10,1.6505268129782302e-10,1.650320131063995e-10,1.650113554345995e-10,1.649907082719064e-10,1.6497007160899753e-10,1.6494944543657372e-10,1.6492882974536936e-10,1.6490822452611185e-10,1.648876297695339e-10,1.648670454664036e-10,1.6484647160747293e-10,1.6482590818353181e-10,1.648053551841465e-10,1.64784812601337e-10,1.6476428042592398e-10,1.6474375864870676e-10,1.6472324726054496e-10,1.6470274625226882e-10,1.646822556159714e-10,1.646617753400824e-10,1.6464130541668457e-10,1.6462084583781556e-10,1.6460039659213331e-10,1.6457995768369374e-10,1.6455952908265318e-10,1.6453911078712317e-10,1.6451870278814963e-10,1.6449830507920619e-10,1.6447791765031142e-10,1.644575404922767e-10,1.6443717359629418e-10,1.6441681695284732e-10,1.643964705535199e-10,1.6437613438897825e-10,1.6435580844978998e-10,1.643354927329e-10,1.64315187218505e-10,1.6429489189547212e-10,1.6427460677280574e-10,1.6425433182123344e-10,1.6423406705109687e-10,1.64213812445359e-10,1.6419356799439843e-10,1.6417333368934525e-10,1.6415310952134335e-10,1.641328954815167e-10,1.641126915604558e-10,1.6409249775050034e-10,1.6407231403932974e-10,1.6405214042428103e-10,1.640319768933678e-10,1.6401182343794766e-10,1.6399168005622293e-10,1.6397154672886436e-10,1.6395142344716892e-10,1.6393131020675073e-10,1.639112069970618e-10,1.6389111379734134e-10,1.638710306254494e-10,1.638509574584061e-10,1.6383089428889966e-10,1.638108411079786e-10,1.637907979069073e-10,1.6377076467637964e-10,1.6375074140822758e-10,1.637307280943834e-10,1.637107247249062e-10,1.6369073129388848e-10,1.6367074778852105e-10,1.6365077420334438e-10,1.6363081052882755e-10,1.6361085675656766e-10,1.6359091287802643e-10,1.6357097888452214e-10,1.6355105476873735e-10,1.6353114052082739e-10,1.6351123612601823e-10,1.6349134158817824e-10,1.6347145689350284e-10,1.6345158203253046e-10,1.6343171698886235e-10,1.6341186177040316e-10,1.633920163480359e-10,1.6337218073876293e-10,1.6335235492185163e-10,1.6333253888909213e-10,1.6331273263082164e-10,1.6329293613932756e-10,1.632731494062939e-10,1.6325337242386757e-10,1.632336051838157e-10,1.6321384767474477e-10,1.6319409988181398e-10,1.631743618158961e-10,1.631546334595411e-10,1.6313491479380906e-10,1.6311520582719513e-10,1.6309550654536347e-10,1.6307581693758313e-10,1.630561369964246e-10,1.6303646671404588e-10,1.630168060823522e-10,1.6299715509305658e-10,1.6297751373733478e-10,1.629578820070927e-10,1.629382598968051e-10,1.6291864739374378e-10,1.6289904449126799e-10,1.6287945118188415e-10,1.6285986745537696e-10,1.628402933072613e-10,1.6282072872744263e-10,1.628011737086879e-10,1.627816282433846e-10,1.6276209232072094e-10,1.627425659411268e-10,1.6272304908209908e-10,1.6270354174246257e-10,1.6268404391557894e-10,1.6266455559125602e-10,1.6264507676370745e-10,1.6262560742101752e-10,1.62606147572372e-10,1.6258669718208536e-10,1.6256725625553657e-10,1.625478247897951e-10,1.6252840276555444e-10,1.6250899018292367e-10,1.6248958703009128e-10,1.6247019330037206e-10,1.624508089874831e-10,1.624314340807955e-10,1.6241206857428117e-10,1.623927124598528e-10,1.6237336572864867e-10,1.62354028372741e-10,1.62334700385393e-10,1.6231538175810054e-10,1.6229607248057917e-10,1.6227677254939225e-10,1.6225748195456387e-10,1.622382006884006e-10,1.6221892874270377e-10,1.621996661101626e-10,1.6218041278311888e-10,1.6216116875284705e-10,1.6214193401313288e-10,1.621227085538631e-10,1.6210349236761795e-10,1.6208428544827477e-10,1.6206508778672512e-10,1.6204589937510272e-10,1.6202672020911816e-10,1.620075502783491e-10,1.619883895725111e-10,1.6196923808626806e-10,1.619500958107069e-10,1.619309627403871e-10,1.619118388663578e-10,1.6189272419035777e-10,1.6187361867858686e-10,1.618545223481599e-10,1.618354351868158e-10,1.6181635718020698e-10,1.6179728833672795e-10,1.6177822864139535e-10,1.6175917806280632e-10,1.6174013661157663e-10,1.6172110428205706e-10,1.6170208106273744e-10,1.6168306694852475e-10,1.6166406194080568e-10,1.6164506601352907e-10,1.616260791679855e-10,1.6160710139690188e-10,1.6158813269236973e-10,1.615691730472954e-10,1.6155022245387135e-10,1.6153128090464003e-10,1.615123483935368e-10,1.6149342491271555e-10,1.6147451045053658e-10,1.6145560500521048e-10,1.6143670856586428e-10,1.6141782113495353e-10,1.6139894269316924e-10,1.613800732152781e-10,1.613612127289332e-10,1.6134236117851134e-10,1.6132351862404886e-10,1.613046850241975e-10,1.612858603719666e-10,1.6126704466032851e-10,1.6124823788087598e-10,1.6122944002655884e-10,1.6121065108599121e-10,1.6119187105974438e-10,1.6117309993490996e-10,1.6115433770801568e-10,1.6113558436747794e-10,1.6111683991394263e-10,1.6109810433053792e-10,1.6107937761676964e-10,1.6106065978025523e-10,1.6104195077571762e-10,1.6102325061539532e-10,1.610045592896648e-10,1.609858767962025e-10,1.6096720312570316e-10,1.609485382707958e-10,1.6092988222428225e-10,1.6091123497887173e-10,1.6089259653150152e-10,1.6087396686181656e-10,1.608553459761234e-10,1.608367338633764e-10,1.6081813052712106e-10,1.607995359281874e-10,1.6078095008829308e-10,1.607623729915075e-10,1.6074380463394965e-10,1.6072524500450654e-10,1.6070669411015727e-10,1.60688151917214e-10,1.6066961842841752e-10,1.6065109364214195e-10,1.606325775521446e-10,1.6061407014131893e-10,1.6059557141690813e-10,1.6057708137021437e-10,1.6055859998460064e-10,1.6054012725732593e-10,1.6052166317276113e-10,1.605032077405887e-10,1.6048476094613813e-10,1.6046632278316747e-10,1.604478932463843e-10,1.604294723236237e-10,1.604110600084154e-10,1.6039265629429241e-10,1.6037426117491937e-10,1.6035587464342018e-10,1.6033749669393478e-10,1.6031912732490888e-10,1.6030076652075496e-10,1.6028241426844655e-10,1.6026407057324548e-10,1.602457354249985e-10,1.6022740880706953e-10,1.6020909072953043e-10,1.6019078117859372e-10,1.6017248014645498e-10,1.6015418762799012e-10,1.6013590361346697e-10,1.6011762809702773e-10,1.6009936107110647e-10,1.600811025506758e-10,1.6006285248898576e-10,1.600446108988415e-10,1.6002637777255736e-10,1.6000815310002192e-10,1.599899368767791e-10,1.5997172909789582e-10,1.59953529755515e-10,1.5993533884326545e-10,1.5991715635422065e-10,1.5989898228086432e-10,1.5988081661630139e-10,1.5986265935510328e-10,1.5984451048979028e-10,1.5982637001502748e-10,1.5980823791934769e-10,1.5979011420260928e-10,1.5977199885859128e-10,1.5975389186956658e-10,1.597357932375163e-10,1.59717702957312e-10,1.5969962101767536e-10,1.5968154741612627e-10,1.5966348215155978e-10,1.5964542519725644e-10,1.5962737655855348e-10,1.5960933622769897e-10,1.5959130419895983e-10,1.5957328046604434e-10,1.595552650207874e-10,1.595372578527582e-10,1.595192589658979e-10,1.5950126834857797e-10,1.5948328598784406e-10,1.5946531188486352e-10,1.5944734603481263e-10,1.5942938842725302e-10,1.594114390550388e-10,1.5939349791216463e-10,1.5937556499204667e-10,1.5935764028827714e-10,1.593397237941106e-10,1.5932181550884077e-10,1.5930391542046214e-10,1.5928602351370427e-10,1.5926813979028037e-10,1.5925026424315151e-10,1.5923239686818614e-10,1.5921453766357257e-10,1.591966866146927e-10,1.5917884371909008e-10,1.5916100899409406e-10,1.591431823792454e-10,1.591253639185448e-10,1.5910755356241159e-10,1.590897513217836e-10,1.5907195719359525e-10,1.5905417114725836e-10,1.5903639322432392e-10,1.5901862339454558e-10,1.5900086165150448e-10,1.5898310798882193e-10,1.589653624000827e-10,1.5894762487890006e-10,1.5892989541903461e-10,1.589121740141776e-10,1.5889446067178997e-10,1.5887675535764091e-10,1.5885905808234756e-10,1.588413688325181e-10,1.5882368760692776e-10,1.5880601439690884e-10,1.5878834919768332e-10,1.587706920036907e-10,1.5875304280636883e-10,1.5873540160055563e-10,1.587177683799695e-10,1.5870014313830966e-10,1.5868252586930356e-10,1.586649165666696e-10,1.5864731522414795e-10,1.5862972184511325e-10,1.58612136404055e-10,1.5859455890124533e-10,1.5857698933920102e-10,1.5855942771561926e-10,1.5854187401191764e-10,1.585243282170234e-10,1.5850679034137092e-10,1.584892603710072e-10,1.5847173828869416e-10,1.5845422409701362e-10,1.5843671779162917e-10,1.584192193744031e-10,1.584017288206693e-10,1.583842461449474e-10,1.5836677131801785e-10,1.5834930434577764e-10,1.583318452220966e-10,1.5831439394083868e-10,1.5829695049587363e-10,1.582795148810945e-10,1.5826208708785602e-10,1.5824466711221742e-10,1.582272549458691e-10,1.582098505899044e-10,1.5819245400966895e-10,1.5817506524813216e-10,1.5815768427312098e-10,1.5814031108063066e-10,1.5812294566356703e-10,1.5810558801675312e-10,1.580882381324691e-10,1.5807089597990205e-10,1.580535616050282e-10,1.5803623497117398e-10,1.580189160797997e-10,1.5800160492216638e-10,1.579843014918696e-10,1.5796700578319422e-10,1.5794971777684568e-10,1.5793243749032418e-10,1.5791516491154862e-10,1.578979000293851e-10,1.5788064283096137e-10,1.5786339332150202e-10,1.578461514936626e-10,1.5782891733697064e-10,1.5781169084924305e-10,1.5779447202568331e-10,1.5777726085409623e-10,1.5776005732983163e-10,1.577428614604821e-10,1.577256732201599e-10,1.5770849261136022e-10,1.576913196259016e-10,1.5767415426343142e-10,1.5765699651754972e-10,1.5763984637712287e-10,1.5762270384185985e-10,1.576055689009893e-10,1.5758844155354238e-10,1.575713217907997e-10,1.5755420960869893e-10,1.5753710501435904e-10,1.5752000796059143e-10,1.575029184810304e-10,1.5748583655895879e-10,1.5746876219252825e-10,1.5745169536541974e-10,1.5743463609215294e-10,1.5741758433460646e-10,1.5740054011278375e-10,1.5738350337802458e-10,1.5736647417641386e-10,1.5734945249186987e-10,1.573324383205572e-10,1.573154316381211e-10,1.572984324447222e-10,1.5728144074114266e-10,1.5726445652022665e-10,1.5724747977598126e-10,1.5723051049737887e-10,1.5721354868264763e-10,1.5719659432439854e-10,1.571796474190449e-10,1.5716270796142845e-10,1.5714577595710938e-10,1.5712885137360765e-10,1.5711193422991938e-10,1.5709502450993294e-10,1.57078122199835e-10,1.5706122730235335e-10,1.5704433981196924e-10,1.5702745972792658e-10,1.5701058703593427e-10,1.569937217268176e-10,1.569768638241261e-10,1.569600132831341e-10,1.5694317012285634e-10,1.5692633432158596e-10,1.5690950588306276e-10,1.5689268479300315e-10,1.5687587106041337e-10,1.5685906467763403e-10,1.568422656311371e-10,1.5682547392085515e-10,1.5680868954403277e-10,1.567919124848419e-10,1.567751427381573e-10,1.567583803066583e-10,1.567416251854729e-10,1.5672487736422238e-10,1.56708136850309e-10,1.5669140361981436e-10,1.5667467767104783e-10,1.5665795899934164e-10,1.5664124759484524e-10,1.5662454347035187e-10,1.5660784660357358e-10,1.5659115699266147e-10,1.5657447463213586e-10,1.5655779951575433e-10,1.5654113163378938e-10,1.5652447099438062e-10,1.56507817567942e-10,1.5649117138060155e-10,1.564745324156758e-10,1.5645790064012793e-10,1.564412760948514e-10,1.5642465874542392e-10,1.5640804859640667e-10,1.5639144563493256e-10,1.5637484985933935e-10,1.5635826126350574e-10,1.5634167984269174e-10,1.5632510559435613e-10,1.5630853850750782e-10,1.5629197857840925e-10,1.5627542580679797e-10,1.5625888018078773e-10,1.5624234169620594e-10,1.5622581035039685e-10,1.562092861390726e-10,1.5619276906656885e-10,1.5617625910124604e-10,1.56159756257043e-10,1.5614326051816443e-10,1.5612677188501076e-10,1.5611029035560282e-10,1.5609381591732971e-10,1.5607734857451572e-10,1.5606088832160345e-10,1.560444351435914e-10,1.5602798903133598e-10,1.5601154998466445e-10,1.5599511800344259e-10,1.559786930799014e-10,1.5596227520890247e-10,1.5594586438241496e-10,1.5592946060028145e-10,1.5591306385244465e-10,1.558966741382202e-10,1.5588029146097672e-10,1.558639157939747e-10,1.5584754714199744e-10,1.5583118550139822e-10,1.5581483086747637e-10,1.5579848323071807e-10,1.5578214259127138e-10,1.5576580894064312e-10,1.5574948227411525e-10,1.5573316260797596e-10,1.5571684989546617e-10,1.5570054415180583e-10,1.5568424537567233e-10,1.5566795355373245e-10,1.556516686859718e-10,1.5563539076757884e-10,1.5561911979107145e-10,1.5560285572082182e-10,1.5558659861546362e-10,1.555703484373523e-10,1.5555410518235585e-10,1.5553786883988835e-10,1.5552163941395046e-10,1.5550541689634936e-10,1.55489201278209e-10,1.5547299255962155e-10,1.5545679073137226e-10,1.5544059579144697e-10,1.5542440773189937e-10,1.5540822655412812e-10,1.5539205224500652e-10,1.553758848004134e-10,1.5535972421745735e-10,1.5534357049069942e-10,1.5532742361476946e-10,1.5531128355886e-10,1.5529515037055838e-10,1.5527902401736494e-10,1.5526290449620423e-10,1.5524679179715943e-10,1.5523068591611638e-10,1.5521458685619454e-10,1.551984946073035e-10,1.5518240916438996e-10,1.551663305238992e-10,1.5515025868024121e-10,1.5513419362708683e-10,1.551181353632617e-10,1.5510208387115124e-10,1.5508603915548687e-10,1.550700012157967e-10,1.5505397004501569e-10,1.5503794562896339e-10,1.5502192797600398e-10,1.5500591706939552e-10,1.5498991290969488e-10,1.5497391549300293e-10,1.549579248157957e-10,1.5494194086454577e-10,1.5492596364882326e-10,1.5490999314825998e-10,1.5489402936873873e-10,1.5487807229695108e-10,1.5486212193300795e-10,1.5484617827115013e-10,1.5483024129855846e-10,1.5481431101783812e-10,1.5479838742498596e-10,1.5478247052178796e-10,1.547665603015109e-10,1.5475065674357007e-10,1.5473475984070425e-10,1.5471886962305823e-10,1.5470298605522139e-10,1.5468710914484112e-10,1.5467123888361462e-10,1.5465537527046607e-10,1.5463951828799905e-10,1.5462366794323192e-10,1.546078242113953e-10,1.5459198711916162e-10,1.545761566448779e-10,1.5456033278430122e-10,1.5454451553461773e-10,1.5452870488599386e-10,1.545129008417163e-10,1.5449710339295341e-10,1.5448131253492292e-10,1.5446552826285056e-10,1.5444975057195863e-10,1.5443397945747796e-10,1.544182149146491e-10,1.5440245693968173e-10,1.5438670552588253e-10,1.5437096067044484e-10,1.5435522236667515e-10,1.5433949061081398e-10,1.5432376539811716e-10,1.5430804672386692e-10,1.5429233458430954e-10,1.5427662897376808e-10,1.5426092988624946e-10,1.5424523731955346e-10,1.5422955126644878e-10,1.5421387172039025e-10,1.541981986842081e-10,1.541825321443757e-10,1.5416687210399643e-10,1.5415121855289716e-10,1.5413557148423218e-10,1.5411993090173552e-10,1.541042967912562e-10,1.5408866917654576e-10,1.5407304801166624e-10,1.5405743331600214e-10,1.5404182507320554e-10,1.5402622329166795e-10,1.540106279557185e-10,1.53995039076958e-10,1.5397945662612342e-10,1.5396388061091067e-10,1.539483110266998e-10,1.5393274786887573e-10,1.5391719113283702e-10,1.539016408139715e-10,1.5388609690768187e-10,1.5387055940937202e-10,1.5385502831445527e-10,1.5383950361834078e-10,1.5382398531645228e-10,1.5380847340421478e-10,1.5379296787705105e-10,1.5377746873039792e-10,1.537619759596922e-10,1.5374648956037516e-10,1.5373100952789504e-10,1.5371553585770407e-10,1.537000685452571e-10,1.5368460758601888e-10,1.5366915297545116e-10,1.5365370470902228e-10,1.5363826278221176e-10,1.536228271904966e-10,1.5360739792936233e-10,1.5359197499429513e-10,1.5357655838079422e-10,1.5356114808434918e-10,1.5354574410046587e-10,1.5353034642465704e-10,1.5351495505242543e-10,1.5349956997835225e-10,1.5348419119983582e-10,1.534688187114626e-10,1.534534525078234e-10,1.5343809258538848e-10,1.5342273893970746e-10,1.5340739156631674e-10,1.5339205046076225e-10,1.5337671561860282e-10,1.533613870353871e-10,1.533460647066821e-10,1.533307486280482e-10,1.533154387950591e-10,1.5330013520328983e-10,1.5328483784832214e-10,1.5326954672573856e-10,1.5325426183112783e-10,1.5323898316008643e-10,1.5322371070820523e-10,1.5320844447108775e-10,1.5319318444433823e-10,1.5317793062356518e-10,1.5316268300438333e-10,1.5314744158241996e-10,1.531322063532974e-10,1.531169773194418e-10,1.5310175446966784e-10,1.5308653779962552e-10,1.5307132730494656e-10,1.5305612297451126e-10,1.530409248175104e-10,1.5302573282284916e-10,1.5301054698615854e-10,1.5299536730312435e-10,1.5298019376939876e-10,1.5296502638065787e-10,1.5294986513258177e-10,1.5293471002084836e-10,1.5291956104115947e-10,1.5290441818918659e-10,1.5288928146060202e-10,1.5287415085111833e-10,1.5285902635645621e-10,1.5284390797231826e-10,1.5282879569439366e-10,1.528136895184213e-10,1.5279858944010696e-10,1.5278349545517278e-10,1.5276840755935349e-10,1.5275332574837193e-10,1.5273825001799781e-10,1.527231803639388e-10,1.527081167819472e-10,1.5269305926776773e-10,1.5267800781716863e-10,1.5266296242589217e-10,1.5264792308970433e-10,1.5263288980438096e-10,1.5261786256568083e-10,1.5260284136938756e-10,1.5258782621127574e-10,1.5257281708713987e-10,1.5255781399274292e-10,1.5254281692389578e-10,1.5252782587637498e-10,1.5251284084600356e-10,1.5249786182858187e-10,1.5248288881991278e-10,1.5246792181581254e-10,1.5245296081209811e-10,1.52438005804573e-10,1.5242305678908805e-10,1.5240811376145295e-10,1.5239317671752154e-10,1.5237824565311103e-10,1.523633205640763e-10,1.5234840144626104e-10,1.523334882955012e-10,1.5231858110765748e-10,1.5230367987859877e-10,1.522887846041839e-10,1.522738952802738e-10,1.5225901190273134e-10,1.5224413446745629e-10,1.5222926297029914e-10,1.5221439740714583e-10,1.521995377739107e-10,1.5218468406646846e-10,1.5216983628070357e-10,1.521549944125259e-10,1.5214015845782348e-10,1.521253284125207e-10,1.5211050427252162e-10,1.5209568603375202e-10,1.520808736921053e-10,1.520660672435352e-10,1.5205126668395253e-10,1.5203647200928335e-10,1.5202168321546874e-10,1.520069002984471e-10,1.519921232541677e-10,1.5197735207856967e-10,1.519625867676155e-10,1.5194782731725512e-10,1.5193307372343781e-10,1.519183259821354e-10,1.519035840893088e-10,1.5188884804094478e-10,1.5187411783300927e-10,1.5185939346146756e-10,1.5184467492232705e-10,1.5182996221156767e-10,1.5181525532517479e-10,1.5180055425913752e-10,1.5178585900946408e-10,1.5177116957215424e-10,1.517564859432175e-10,1.517418081186639e-10,1.5172713609450466e-10,1.5171246986676152e-10,1.5169780943145412e-10,1.5168315478459902e-10,1.5166850592223172e-10,1.5165386284039912e-10,1.5163922553512334e-10,1.516245940024488e-10,1.5160996823842896e-10,1.5159534823912494e-10,1.5158073400055378e-10,1.51566125518811e-10,1.515515227899308e-10,1.51536925810003e-10,1.5152233457507183e-10,1.5150774908121987e-10,1.514931693245124e-10,1.5147859530105275e-10,1.5146402700690664e-10,1.514494644381719e-10,1.5143490759092326e-10,1.514203564612586e-10,1.5140581104530436e-10,1.5139127133915966e-10,1.5137673733891215e-10,1.513622090406628e-10,1.513476864405354e-10,1.5133316953464638e-10,1.513186583191332e-10,1.513041527901172e-10,1.5128965294372435e-10,1.5127515877609978e-10,1.5126067028335345e-10,1.5124618746164518e-10,1.5123171030711654e-10,1.512172388159203e-10,1.512027729842011e-10,1.5118831280810234e-10,1.511738582838087e-10,1.5115940940747686e-10,1.5114496617527974e-10,1.5113052858337574e-10,1.5111609662792954e-10,1.5110167030512363e-10,1.5108724961115955e-10,1.5107283454222782e-10,1.5105842509448466e-10,1.5104402126413905e-10,1.5102962304739147e-10,1.510152304404222e-10,1.5100084343945715e-10,1.5098646204068718e-10,1.5097208624032608e-10,1.509577160345984e-10,1.5094335141972408e-10,1.5092899239191171e-10,1.5091463894738743e-10,1.5090029108240465e-10,1.508859487931816e-10,1.5087161207595663e-10,1.5085728092696381e-10,1.508429553424637e-10,1.5082863531869594e-10,1.508143208518825e-10,1.5080001193832031e-10,1.5078570857424505e-10,1.5077141075593452e-10,1.5075711847962027e-10,1.5074283174160668e-10,1.5072855053815844e-10,1.507142748655451e-10,1.507000047200385e-10,1.506857400979534e-10,1.5067148099555605e-10,1.506572274091065e-10,1.5064297933495467e-10,1.5062873676937686e-10,1.5061449970865732e-10,1.5060026814911931e-10,1.5058604208707138e-10,1.5057182151881785e-10,1.5055760644067333e-10,1.5054339684895004e-10,1.5052919273999947e-10,1.5051499411012388e-10,1.505008009556518e-10,1.504866132729351e-10,1.504724310583063e-10,1.5045825430808818e-10,1.5044408301862409e-10,1.5042991718629187e-10,1.50415756807413e-10,1.504016018783242e-10,1.5038745239541256e-10,1.503733083550469e-10,1.5035916975357593e-10,1.5034503658736118e-10,1.5033090885278453e-10,1.503167865462186e-10,1.5030266966405472e-10,1.502885582026549e-10,1.502744521584029e-10,1.502603515240248e-10,1.5024625630381448e-10,1.5023216648463913e-10,1.502180820681398e-10,1.5020400305556555e-10,1.5018992943359076e-10,1.5017586120371029e-10,1.501617983597845e-10,1.5014774090110167e-10,1.501336888307651e-10,1.5011964213248606e-10,1.5010560080729375e-10,1.500915648538845e-10,1.5007753426726027e-10,1.500635090438925e-10,1.5004948918074434e-10,1.5003547467477692e-10,1.5002146551995602e-10,1.5000746171487739e-10,1.499934632562923e-10,1.499794701397405e-10,1.4996548236168184e-10,1.4995149991858306e-10,1.499375228069097e-10,1.4992355102312784e-10,1.4990958456371565e-10,1.498956234251485e-10,1.4988166760390292e-10,1.4986771709646378e-10,1.4985377189931672e-10,1.498398320089565e-10,1.4982589742187237e-10,1.4981196813456225e-10,1.4979804414352682e-10,1.4978412544526755e-10,1.4977021203628555e-10,1.4975630391310222e-10,1.4974240107222274e-10,1.4972850351016745e-10,1.4971461122344749e-10,1.4970072420859509e-10,1.496868424621322e-10,1.4967296598058933e-10,1.4965909476049766e-10,1.496452287983956e-10,1.4963136809081887e-10,1.4961751263431002e-10,1.4960366242542156e-10,1.4958981746069236e-10,1.4957597773668314e-10,1.4956214324994653e-10,1.4954831399703883e-10,1.4953448997452834e-10,1.495206711789663e-10,1.4950685760693276e-10,1.4949304925499713e-10,1.4947924611973271e-10,1.4946544819772027e-10,1.494516554855329e-10,1.494378679797636e-10,1.4942408567699854e-10,1.4941030857382336e-10,1.4939653666683782e-10,1.4938276995263452e-10,1.4936900842781923e-10,1.493552520889875e-10,1.4934150093275322e-10,1.4932775495572251e-10,1.49314014154512e-10,1.4930027852573026e-10,1.4928654806600072e-10,1.4927282276979274e-10,1.4925910263201326e-10,1.49245387657652e-10,1.492316778429652e-10,1.4921797317853488e-10,1.492042736637447e-10,1.4919057929415427e-10,1.4917689006211307e-10,1.4916320597150097e-10,1.4914952701843474e-10,1.4913585319388076e-10,1.4912218450193538e-10,1.491085209174481e-10,1.4909486247263203e-10,1.490812091463679e-10,1.4906756093578081e-10,1.4905391783709546e-10,1.4904027984334809e-10,1.490266469579027e-10,1.4901301917532993e-10,1.4899939649177352e-10,1.489857788965625e-10,1.489721663993397e-10,1.4895855895727808e-10,1.4894495661159708e-10,1.4893135935578412e-10,1.4891776719565846e-10,1.4890418011008167e-10,1.4889059809651684e-10,1.4887702115330688e-10,1.4886344927821171e-10,1.488498824624056e-10,1.4883632069950892e-10,1.4882276399853587e-10,1.4880921235024167e-10,1.4879566575262514e-10,1.4878212419990876e-10,1.4876858769057893e-10,1.4875505622037097e-10,1.4874152978785838e-10,1.487280083871335e-10,1.487144920165895e-10,1.4870098067272972e-10,1.4868747435314637e-10,1.4867397303622632e-10,1.4866047675236778e-10,1.48646985463527e-10,1.4863349920374453e-10,1.486200179511654e-10,1.4860654169997508e-10,1.4859307046197919e-10,1.4857960418618284e-10,1.4856614292755194e-10,1.485526866638649e-10,1.48539235361143e-10,1.485257890385726e-10,1.4851234772834378e-10,1.4849891138149175e-10,1.484854800435909e-10,1.4847205364027933e-10,1.4845863222345802e-10,1.4844521577181809e-10,1.4843180428233877e-10,1.48418397752649e-10,1.4840499616161828e-10,1.4839159955870236e-10,1.4837820789952525e-10,1.4836482115630922e-10,1.4835143937866958e-10,1.4833806253598215e-10,1.483246906301998e-10,1.4831132366007035e-10,1.482979616208429e-10,1.4828460451047254e-10,1.4827125229614244e-10,1.4825790502764568e-10,1.4824456267110487e-10,1.4823122523679422e-10,1.482178927129713e-10,1.4820456509674532e-10,1.4819124238639815e-10,1.4817792457796804e-10,1.4816461166885477e-10,1.481513036528707e-10,1.481380005327332e-10,1.4812470230533127e-10,1.4811140896213544e-10,1.4809812050140187e-10,1.480848369051307e-10,1.4807155820318941e-10,1.4805828437446404e-10,1.4804501541653736e-10,1.4803175132701416e-10,1.4801849210187348e-10,1.4800523773871527e-10,1.47991988218878e-10,1.4797874356671953e-10,1.4796550376998193e-10,1.4795226882457288e-10,1.4793903872350428e-10,1.4792581346565495e-10,1.4791259304878285e-10,1.4789937746576066e-10,1.4788616672539396e-10,1.4787296081043688e-10,1.4785975972941044e-10,1.4784656346386792e-10,1.4783337202249407e-10,1.4782018540126008e-10,1.4780700359488026e-10,1.477938266011573e-10,1.4778065441867577e-10,1.477674870405118e-10,1.4775432446538473e-10,1.4774116669184072e-10,1.4772801371844234e-10,1.4771486553496054e-10,1.4770172214357344e-10,1.4768858354091579e-10,1.4767544972234201e-10,1.476623206965186e-10,1.476491964245826e-10,1.4763607694863642e-10,1.4762296224124657e-10,1.4760985230105087e-10,1.475967471451177e-10,1.475836467368815e-10,1.4757055109132242e-10,1.4755746017211453e-10,1.4754437403990368e-10,1.4753129265959685e-10,1.4751821602543992e-10,1.4750514413734127e-10,1.4749207700498178e-10,1.4747901460308178e-10,1.4746595693903684e-10,1.4745290397368892e-10,1.4743985577409426e-10,1.4742681230285028e-10,1.474137735712763e-10,1.4740073951368986e-10,1.4738771017700714e-10,1.4737468559042835e-10,1.4736166571646083e-10,1.4734865054877728e-10,1.4733564009179608e-10,1.4732263433949627e-10,1.4730963329115154e-10,1.472966369393582e-10,1.4728364526808273e-10,1.47270658276374e-10,1.4725767600375775e-10,1.472446984240749e-10,1.4723172552092216e-10,1.4721875728375085e-10,1.4720579373903027e-10,1.4719283486938513e-10,1.4717988067103475e-10,1.4716693114274696e-10,1.4715398628076303e-10,1.4714104608321558e-10,1.4712811053176773e-10,1.4711517962046233e-10,1.4710225339290977e-10,1.470893318187083e-10,1.4707641489334271e-10,1.4706350261438075e-10,1.4705059496035105e-10,1.4703769194636494e-10,1.4702479358731232e-10,1.4701189984857733e-10,1.4699901075580927e-10,1.46986126292208e-10,1.4697324645319063e-10,1.469603712369779e-10,1.4694750064067434e-10,1.4693463466141778e-10,1.469217732963236e-10,1.4690891654319773e-10,1.468960643982821e-10,1.468832168595463e-10,1.4687037390627137e-10,1.4685753556896342e-10,1.468447018381772e-10,1.468318726927269e-10,1.468190481220108e-10,1.4680622815614487e-10,1.4679341277558904e-10,1.4678060196054864e-10,1.4676779574263014e-10,1.4675499410123777e-10,1.467421970340228e-10,1.4672940453815695e-10,1.4671661661080585e-10,1.4670383324284958e-10,1.4669105444139258e-10,1.4667828020261757e-10,1.4666551050456001e-10,1.4665274534648841e-10,1.4663998477086136e-10,1.466272287439877e-10,1.4661447724793678e-10,1.466017303092915e-10,1.4658898790646205e-10,1.4657625004395978e-10,1.4656351671835401e-10,1.4655078792496755e-10,1.4653806365463952e-10,1.465253438857825e-10,1.465126286713097e-10,1.4649991794865114e-10,1.464872117592735e-10,1.464745100985954e-10,1.464618129447841e-10,1.464491202827272e-10,1.464364321455844e-10,1.464237485176801e-10,1.4641106937284184e-10,1.4639839473948936e-10,1.463857245906665e-10,1.4637305895111897e-10,1.463603978017413e-10,1.463477411344745e-10,1.4633508895715728e-10,1.46322441261728e-10,1.4630979804734426e-10,1.4629715930743067e-10,1.46284525041144e-10,1.4627189524573713e-10,1.4625926990508575e-10,1.462466490416834e-10,1.4623403264195985e-10,1.462214207000162e-10,1.4620881319661066e-10,1.461962101689245e-10,1.4618361159206008e-10,1.4617101746508787e-10,1.4615842778436961e-10,1.461458425223256e-10,1.461332617244396e-10,1.4612068536617578e-10,1.461081134205823e-10,1.460955458965103e-10,1.4608298283624822e-10,1.4607042420322388e-10,1.4605786997601216e-10,1.4604532016925097e-10,1.4603277480060151e-10,1.4602023385009388e-10,1.4600769731271912e-10,1.4599516518638233e-10,1.4598263746807446e-10,1.4597011415572835e-10,1.4595759524633337e-10,1.459450807101085e-10,1.4593257059936706e-10,1.459200648633978e-10,1.4590756353901553e-10,1.4589506660418972e-10,1.458825740307624e-10,1.4587008584016453e-10,1.458576020579476e-10,1.4584512265462358e-10,1.458326476275009e-10,1.4582017697018517e-10,1.4580771065380764e-10,1.4579524873932643e-10,1.4578279119040943e-10,1.4577033800305416e-10,1.4575788917730098e-10,1.457454447091658e-10,1.4573300459237384e-10,1.4572056883151634e-10,1.4570813742033634e-10,1.456957103377799e-10,1.456832876180391e-10,1.4567086924005666e-10,1.4565845519997845e-10,1.4564604547639133e-10,1.456336401066585e-10,1.4562123905492573e-10,1.4560884234522248e-10,1.4559644995955151e-10,1.4558406189738355e-10,1.4557167813592528e-10,1.455592987143206e-10,1.4554692360834695e-10,1.4553455279672765e-10,1.455221863141444e-10,1.4550982412562071e-10,1.4549746623966246e-10,1.454851126760173e-10,1.454727634072926e-10,1.454604184349951e-10,1.454480777593617e-10,1.454357413756197e-10,1.4542340926072257e-10,1.4541108145377287e-10,1.4539875793116813e-10,1.4538643868734516e-10,1.453741236922225e-10,1.4536181299593878e-10,1.4534950658513095e-10,1.453372044456393e-10,1.4532490657511084e-10,1.453126129704203e-10,1.4530032362786309e-10,1.4528803854655138e-10,1.4527575772598826e-10,1.4526348115072633e-10,1.4525120883991205e-10,1.4523894077938228e-10,1.4522667696699757e-10,1.4521441739794022e-10,1.45202162075128e-10,1.4518991099503984e-10,1.4517766415012152e-10,1.4516542154172933e-10,1.451531831672038e-10,1.4514094902248672e-10,1.451287191045342e-10,1.4511649340894636e-10,1.4510427193944547e-10,1.4509205469096953e-10,1.4507984166148508e-10,1.450676328267573e-10,1.4505542822542736e-10,1.4504322783279562e-10,1.4503103164833302e-10,1.4501883964850215e-10,1.450066518717468e-10,1.4499446829482273e-10,1.4498228891774986e-10,1.4497011373263862e-10,1.4495794274535438e-10,1.449457759407799e-10,1.4493361330889534e-10,1.4492145488297777e-10,1.4490930062625845e-10,1.4489715056215555e-10,1.4488500467846945e-10,1.448728629684991e-10,1.4486072543152674e-10,1.448485920646498e-10,1.4483646286461855e-10,1.4482433782912856e-10,1.4481221695594738e-10,1.4480010024530262e-10,1.4478798769157984e-10,1.4477587929383536e-10,1.4476377504807637e-10,1.4475167492824095e-10,1.4473957898183602e-10,1.4472748718096665e-10,1.4471539952343504e-10,1.4470331600519247e-10,1.446912366312913e-10,1.4467916137169127e-10,1.4466709026137353e-10,1.4465502328218315e-10,1.44642960430968e-10,1.4463090170559816e-10,1.4461884710104575e-10,1.446067966029127e-10,1.4459475024059471e-10,1.4458270799575475e-10,1.4457066986171782e-10,1.445586358406678e-10,1.4454660592667897e-10,1.4453458010631923e-10,1.4452255840232423e-10,1.4451054080153845e-10,1.4449852729646202e-10,1.4448651788676275e-10,1.444745125752756e-10,1.444625113547323e-10,1.4445051419672033e-10,1.4443852113682158e-10,1.444265321609096e-10,1.44414547283145e-10,1.4440256647388858e-10,1.4439058976147815e-10,1.443786171231008e-10,1.4436664854340738e-10,1.4435468402484537e-10,1.4434272358178907e-10,1.4433076721134027e-10,1.443188149061722e-10,1.4430686665904228e-10,1.442949224767486e-10,1.4428298232674073e-10,1.4427104624361361e-10,1.4425911421441203e-10,1.4424718623375037e-10,1.4423526229634775e-10,1.442233424054942e-10,1.4421142655298138e-10,1.441995147199114e-10,1.4418760693135268e-10,1.4417570317512866e-10,1.4416380346933466e-10,1.4415190777665803e-10,1.4414001612557324e-10,1.4412812848424952e-10,1.441162448814185e-10,1.4410436530603235e-10,1.4409248974093336e-10,1.4408061820497473e-10,1.4406875067983326e-10,1.4405688716430396e-10,1.4404502764532432e-10,1.440331721325352e-10,1.4402132062494787e-10,1.4400947311682176e-10,1.4399762961808762e-10,1.439857900953578e-10,1.4397395458005246e-10,1.4396212305062914e-10,1.4395029549622904e-10,1.439384719476932e-10,1.439266523828366e-10,1.439148367834171e-10,1.4390302516704806e-10,1.4389121754191345e-10,1.4387941389327383e-10,1.4386761421533103e-10,1.438558185111334e-10,1.4384402677240133e-10,1.4383223900342043e-10,1.438204552197113e-10,1.4380867537603474e-10,1.4379689949653032e-10,1.4378512756928592e-10,1.4377335960983538e-10,1.4376159558974677e-10,1.437498355235423e-10,1.437380794011377e-10,1.4372632724575038e-10,1.4371457901241428e-10,1.4370283472002552e-10,1.436910943663483e-10,1.4367935794975583e-10,1.4366762546649308e-10,1.4365589691571198e-10,1.4364417227793645e-10,1.4363245158357693e-10,1.4362073479556403e-10,1.4360902194843328e-10,1.4359731302168776e-10,1.4358560801295682e-10,1.4357390691150252e-10,1.4356220971546816e-10,1.4355051644750618e-10,1.4353882708887123e-10,1.4352714163793008e-10,1.4351546009020164e-10,1.4350378244605779e-10,1.4349210870049107e-10,1.4348043885307177e-10,1.4346877290064473e-10,1.4345711084138487e-10,1.434454526730256e-10,1.434337983933252e-10,1.4342214800005796e-10,1.434105014734222e-10,1.4339885884632784e-10,1.4338722008116067e-10,1.4337558521125058e-10,1.4336395421647842e-10,1.433523270930066e-10,1.4334070384208986e-10,1.433290844433477e-10,1.4331746892719922e-10,1.433058572727388e-10,1.4329424948232175e-10,1.4328264555159592e-10,1.4327104547813753e-10,1.4325944924281312e-10,1.4324785687752913e-10,1.432362683627691e-10,1.432246836964994e-10,1.4321310287681394e-10,1.4320152591264623e-10,1.4318995277927543e-10,1.4317838348585463e-10,1.431668180251627e-10,1.43155256403362e-10,1.4314369861604786e-10,1.4313214465795057e-10,1.431205945299539e-10,1.4310904822684415e-10,1.4309750573012684e-10,1.4308596707445615e-10,1.4307443223747596e-10,1.4306290121833172e-10,1.4305137401424396e-10,1.430398506251604e-10,1.4302833104523649e-10,1.4301681527456807e-10,1.4300530331034445e-10,1.4299379516435512e-10,1.4298229080804836e-10,1.4297079025206292e-10,1.4295929349280763e-10,1.429478005311905e-10,1.429363113646269e-10,1.429248259882052e-10,1.4291334439884927e-10,1.4290186659642705e-10,1.4289039258085828e-10,1.4287892234613586e-10,1.4286745589200697e-10,1.4285599321759557e-10,1.4284453431799955e-10,1.4283307919280297e-10,1.4282162783956107e-10,1.428101802560493e-10,1.427987364402929e-10,1.427872963901162e-10,1.427758601030934e-10,1.4276442757728362e-10,1.427529988104858e-10,1.4274157380568132e-10,1.4273015255068571e-10,1.4271873504822168e-10,1.427073212979408e-10,1.4269591129638174e-10,1.4268450503954177e-10,1.4267310252625438e-10,1.4266170375734468e-10,1.4265030872639588e-10,1.4263891743265765e-10,1.4262752987444232e-10,1.426161460503826e-10,1.4260476595750543e-10,1.425933895937627e-10,1.4258201695647865e-10,1.4257064804438014e-10,1.4255928285574596e-10,1.425479213886278e-10,1.425365636387364e-10,1.4252520960542183e-10,1.425138592867313e-10,1.4250251268119836e-10,1.4249116978486486e-10,1.4247983059647599e-10,1.4246849511640325e-10,1.4245716333811004e-10,1.4244583526164097e-10,1.4243451088495057e-10,1.4242319020582113e-10,1.4241187322352529e-10,1.4240055993354434e-10,1.4238925033446707e-10,1.4237794442508993e-10,1.4236664220260513e-10,1.4235534366662097e-10,1.4234404881407374e-10,1.4233275764185452e-10,1.4232147014833643e-10,1.4231018634579077e-10,1.4229890620222864e-10,1.422876297314458e-10,1.4227635693103142e-10,1.4226508780021512e-10,1.422538223362965e-10,1.4224256053516952e-10,1.4223130239863984e-10,1.4222004792203122e-10,1.4220879710139719e-10,1.421975499368047e-10,1.4218630642610465e-10,1.4217506657146497e-10,1.4216383036269663e-10,1.4215259780160883e-10,1.4214136888631077e-10,1.4213014361475618e-10,1.4211892198508987e-10,1.4210770399505352e-10,1.4209648964012487e-10,1.4208527892677313e-10,1.4207407184305153e-10,1.420628683908019e-10,1.4205166856935973e-10,1.4204047237398236e-10,1.4202927980367853e-10,1.4201809085713744e-10,1.4200690553140044e-10,1.4199572382541375e-10,1.419845457374962e-10,1.419733712634895e-10,1.419622004025163e-10,1.4195103315317876e-10,1.4193986951233724e-10,1.419287094799321e-10,1.4191755305126265e-10,1.419064002257799e-10,1.4189525100105318e-10,1.4188410537579414e-10,1.4187296334704436e-10,1.418618249123586e-10,1.418506900718512e-10,1.418395588222316e-10,1.418284311617457e-10,1.4181730708807908e-10,1.4180618659893874e-10,1.4179506969471468e-10,1.4178395636965855e-10,1.4177284662369213e-10,1.4176174045452378e-10,1.4175063786140446e-10,1.4173953883997242e-10,1.4172844338934137e-10,1.4171735150772783e-10,1.417062631930827e-10,1.416951784493985e-10,1.4168409726133216e-10,1.4167301963720344e-10,1.4166194557164892e-10,1.416508750623172e-10,1.4163980810752095e-10,1.4162874470791337e-10,1.4161768485725292e-10,1.4160662855663075e-10,1.415955758023138e-10,1.4158452659314119e-10,1.4157348092837877e-10,1.4156243880500579e-10,1.4155140021947495e-10,1.415403651712092e-10,1.4152933365827687e-10,1.415183056820448e-10,1.4150728123402561e-10,1.414962603153292e-10,1.414852429280588e-10,1.414742290639125e-10,1.414632187216412e-10,1.4145221190137365e-10,1.4144120860654665e-10,1.414302088235454e-10,1.414192125561389e-10,1.4140821980267202e-10,1.4139723056088467e-10,1.413862448299504e-10,1.413752626119659e-10,1.4136428388587315e-10,1.413533086718989e-10,1.413423369692671e-10,1.413313687581601e-10,1.4132040404484835e-10,1.4130944284176009e-10,1.4129848511927003e-10,1.412875308907565e-10,1.4127658015281145e-10,1.4126563290356046e-10,1.4125468914060454e-10,1.412437488612524e-10,1.412328120656143e-10,1.4122187875116847e-10,1.412109489154774e-10,1.4120002255576064e-10,1.411890996719692e-10,1.411781802704015e-10,1.4116726433099613e-10,1.41156351860547e-10,1.4114544285760312e-10,1.4113453732198205e-10,1.4112363524818304e-10,1.4111273663868326e-10,1.4110184148657951e-10,1.4109094979275713e-10,1.4108006155519905e-10,1.4106917677139777e-10,1.4105829543934773e-10,1.410474175584512e-10,1.4103654312574796e-10,1.410256721408142e-10,1.4101480459956713e-10,1.410039405019021e-10,1.4099307986636397e-10,1.4098222264758188e-10,1.4097136886591657e-10,1.4096051851950385e-10,1.4094967160630805e-10,1.4093882811865986e-10,1.4092798806827445e-10,1.4091715145769592e-10,1.409063182749951e-10,1.4089548850043197e-10,1.4088466214841099e-10,1.4087383921632045e-10,1.4086301970253143e-10,1.4085220360542651e-10,1.4084139092374096e-10,1.4083058165473658e-10,1.4081977579525192e-10,1.4080897334512004e-10,1.407981742935177e-10,1.4078737865535125e-10,1.4077658642063655e-10,1.4076579758739038e-10,1.407550121538406e-10,1.4074423011823324e-10,1.4073345147818225e-10,1.4072267623307403e-10,1.4071190437977497e-10,1.4070113591675337e-10,1.4069037084450048e-10,1.4067960915722346e-10,1.4066885085434518e-10,1.4065809592222462e-10,1.4064734438361185e-10,1.406365962244229e-10,1.4062585144253798e-10,1.4061511004267343e-10,1.406043720103294e-10,1.405936373499532e-10,1.4058290605067428e-10,1.4057217812933487e-10,1.4056145357400103e-10,1.4055073238205767e-10,1.4054001455402043e-10,1.405293000870366e-10,1.405185889790596e-10,1.4050788122849277e-10,1.404971768338374e-10,1.404864757928896e-10,1.4047577810352434e-10,1.4046508376522716e-10,1.4045439277380696e-10,1.4044370513065467e-10,1.4043302083061945e-10,1.4042233987307146e-10,1.4041166225656868e-10,1.404009879790079e-10,1.4039031703878672e-10,1.4037964943421498e-10,1.403689851616481e-10,1.403583242203925e-10,1.4034766661039218e-10,1.4033701233016628e-10,1.4032636137734409e-10,1.403157137559005e-10,1.4030506944974192e-10,1.4029442846349547e-10,1.4028379079742337e-10,1.4027315644897935e-10,1.402625254162478e-10,1.4025189769952435e-10,1.4024127329288064e-10,1.402306521966181e-10,1.4022003440880203e-10,1.402094199278253e-10,1.4019880875186073e-10,1.4018820087907702e-10,1.401775963046275e-10,1.4016699503273412e-10,1.4015639705918086e-10,1.4014580238141794e-10,1.401352109979676e-10,1.4012462290568163e-10,1.4011403810728748e-10,1.4010345659610434e-10,1.4009287837201277e-10,1.4008230342657064e-10,1.400717317865268e-10,1.4006116341382808e-10,1.4005059832107863e-10,1.4004003650767567e-10,1.400294779697082e-10,1.4001892270537205e-10,1.4000837071474722e-10,1.399978219968536e-10,1.3998727656755292e-10,1.3997673438770093e-10,1.3996619547257753e-10,1.399556598199037e-10,1.3994512741775e-10,1.3993459828191045e-10,1.3992407241167225e-10,1.3991354980381386e-10,1.3990303044851194e-10,1.3989251434704377e-10,1.3988200149323164e-10,1.39871491892476e-10,1.3986098554173476e-10,1.3985048243811197e-10,1.3983998257980192e-10,1.3982948594199613e-10,1.398189925684315e-10,1.398085024365561e-10,1.39798015538123e-10,1.397875318774842e-10,1.397770514532827e-10,1.3976657426020336e-10,1.3975610030014558e-10,1.397456295706513e-10,1.3973516206615575e-10,1.3972469778797052e-10,1.3971423673392455e-10,1.39703778904298e-10,1.396933242963804e-10,1.396828729077585e-10,1.3967242473560324e-10,1.3966197977753062e-10,1.396515380353858e-10,1.3964109950376764e-10,1.3963066418368723e-10,1.396202320731482e-10,1.3960980316973725e-10,1.3959937747050094e-10,1.3958895497639387e-10,1.395785356840979e-10,1.395681195924107e-10,1.3955770669767643e-10,1.3954729700165768e-10,1.395368905160777e-10,1.395264872077585e-10,1.3951608709233863e-10,1.3950569016707564e-10,1.394952964320996e-10,1.394849058831294e-10,1.394745185188864e-10,1.394641343367003e-10,1.3945375333086574e-10,1.3944337554104387e-10,1.3943300089755632e-10,1.3942262943251491e-10,1.394122611439747e-10,1.3940189601647233e-10,1.3939153407051983e-10,1.3938117528154346e-10,1.3937081967337746e-10,1.39360467232569e-10,1.3935011796075462e-10,1.3933977185556822e-10,1.3932942889133432e-10,1.3931908910593847e-10,1.3930875247315433e-10,1.3929841899500564e-10,1.3928808867239403e-10,1.3927776150433331e-10,1.392674374893876e-10,1.3925711662168176e-10,1.3924679890045833e-10,1.3923648433755973e-10,1.3922617292118466e-10,1.392158646352267e-10,1.392055594919916e-10,1.391952575064075e-10,1.3918495863965286e-10,1.3917466291082386e-10,1.3916437031674528e-10,1.3915408085595537e-10,1.3914379452800906e-10,1.3913351132811663e-10,1.3912323125723398e-10,1.391129543133609e-10,1.3910268049401892e-10,1.3909240979800473e-10,1.39082142221907e-10,1.3907187777890615e-10,1.3906161643885298e-10,1.3905135821965724e-10,1.3904110311554022e-10,1.3903085112559106e-10,1.390206022467563e-10,1.3901035647637731e-10,1.390001138211765e-10,1.3898987426383693e-10,1.3897963781420193e-10,1.3896940446970025e-10,1.389591742274218e-10,1.3894894708445143e-10,1.3893872304136671e-10,1.389285020960815e-10,1.3891828424623935e-10,1.389080694896808e-10,1.3889785782619108e-10,1.3888764925251648e-10,1.3887744376779767e-10,1.3886724137055516e-10,1.3885704205910356e-10,1.3884684582026866e-10,1.388366526755204e-10,1.3882646261320498e-10,1.388162756247839e-10,1.3880609171925115e-10,1.3879591088844363e-10,1.387857331402356e-10,1.38775558457646e-10,1.3876538684125208e-10,1.387552183093335e-10,1.3874505284107582e-10,1.387348904331933e-10,1.3872473109166408e-10,1.3871457482642454e-10,1.3870442160802822e-10,1.3869427145171949e-10,1.3868412436653085e-10,1.3867398031947915e-10,1.3866383933192872e-10,1.386537013979696e-10,1.3864356652277466e-10,1.3863343469112436e-10,1.3862330590429742e-10,1.3861318016599602e-10,1.3860305747206962e-10,1.3859293782674618e-10,1.385828212231207e-10,1.3857270766124548e-10,1.3856259712366115e-10,1.3855248964750006e-10,1.3854238520027852e-10,1.385322837876018e-10,1.3852218542478593e-10,1.3851209007544128e-10,1.3850199774277792e-10,1.384919084668385e-10,1.3848182220267673e-10,1.3847173898558937e-10,1.3846165876554544e-10,1.3845158158195886e-10,1.384415074083912e-10,1.3843143625388007e-10,1.3842136813381258e-10,1.3841130301200774e-10,1.384012409200429e-10,1.3839118183568915e-10,1.3838112574827282e-10,1.383710726920891e-10,1.383610226261323e-10,1.3835097557448644e-10,1.3834093151935924e-10,1.3833089046817165e-10,1.3832085242964895e-10,1.3831081738143336e-10,1.3830078533062607e-10,1.3829075628338868e-10,1.3828073022061608e-10,1.382707071767947e-10,1.382606871006332e-10,1.382506700314554e-10,1.3824065593804735e-10,1.3823064483263722e-10,1.382206367203499e-10,1.3821063158691475e-10,1.3820062944277264e-10,1.3819063028330675e-10,1.381806341101141e-10,1.3817064090478655e-10,1.3816065068569462e-10,1.3815066343721315e-10,1.3814067915905733e-10,1.381306978461232e-10,1.3812071951086632e-10,1.3811074415262477e-10,1.3810077174799516e-10,1.3809080231219947e-10,1.3808083582572524e-10,1.3807087232327134e-10,1.3806091177543602e-10,1.3805095418367354e-10,1.3804099955332545e-10,1.380310478872517e-10,1.380210991843088e-10,1.3801115342749362e-10,1.3800121062139206e-10,1.3799127076777462e-10,1.379813338584646e-10,1.3797139990739625e-10,1.3796146889235368e-10,1.3795154083591381e-10,1.3794161570909264e-10,1.3793169352435547e-10,1.3792177427889126e-10,1.379118579910875e-10,1.3790194462280395e-10,1.3789203420524432e-10,1.378821267070407e-10,1.3787222215726486e-10,1.3786232052789059e-10,1.3785242182363556e-10,1.3784252604936775e-10,1.3783263320472306e-10,1.3782274327681298e-10,1.3781285628342835e-10,1.3780297220565924e-10,1.3779309104399955e-10,1.3778321280585577e-10,1.377733374870201e-10,1.3776346508528853e-10,1.3775359559245742e-10,1.3774372901359071e-10,1.377338653467571e-10,1.3772400459472376e-10,1.37714146765763e-10,1.377042918243566e-10,1.3769443979074318e-10,1.3768459066088816e-10,1.3767474444154162e-10,1.3766490110794893e-10,1.376550606872091e-10,1.3764522317711477e-10,1.3763538852778898e-10,1.3762555679734096e-10,1.3761572796082837e-10,1.3760590201783867e-10,1.3759607897870448e-10,1.3758625881643245e-10,1.3757644154169219e-10,1.3756662715688992e-10,1.375568156536737e-10,1.3754700703550375e-10,1.3753720129894442e-10,1.375273984432993e-10,1.3751759846658785e-10,1.3750780136887503e-10,1.3749800715155335e-10,1.374882158265039e-10,1.3747842735111786e-10,1.3746864175591903e-10,1.374588590262831e-10,1.374490791738074e-10,1.374393021806296e-10,1.3742952805380753e-10,1.3741975679025655e-10,1.3740998839907025e-10,1.374002228499408e-10,1.3739046017375607e-10,1.3738070035781841e-10,1.3737094339732553e-10,1.3736118930354857e-10,1.3735143804877697e-10,1.3734168965347142e-10,1.3733194410932538e-10,1.373222014147858e-10,1.3731246156550095e-10,1.3730272456786492e-10,1.3729299041473345e-10,1.3728325910761376e-10,1.3727353064305178e-10,1.3726380502114397e-10,1.3725408224524228e-10,1.372443623019028e-10,1.372346452055925e-10,1.3722493093513883e-10,1.3721521949948762e-10,1.3720551089621857e-10,1.371958051355966e-10,1.3718610218853908e-10,1.371764020826889e-10,1.371667047952585e-10,1.3715701033492314e-10,1.3714731870766224e-10,1.3713762990229487e-10,1.37127943913292e-10,1.3711826075012116e-10,1.371085803993272e-10,1.370989028659792e-10,1.3708922814861914e-10,1.370795562413287e-10,1.3706988715284518e-10,1.3706022086814592e-10,1.3705055740084646e-10,1.3704089674183912e-10,1.3703123889742714e-10,1.3702158384567774e-10,1.3701193160723438e-10,1.3700228216913032e-10,1.3699263553164468e-10,1.3698299169573456e-10,1.3697335065464485e-10,1.369637124172021e-10,1.3695407696879476e-10,1.3694444432112348e-10,1.3693481446628286e-10,1.3692518740344215e-10,1.3691556313157583e-10,1.3690594164899689e-10,1.3689632294713203e-10,1.3688670703316348e-10,1.3687709391041958e-10,1.368674835698447e-10,1.3685787601105785e-10,1.3684827122891307e-10,1.3683866924098296e-10,1.3682907001751198e-10,1.3681947357489895e-10,1.3680987990628e-10,1.3680028901242447e-10,1.3679070089051746e-10,1.367811155389961e-10,1.3677153295768111e-10,1.3676195314430873e-10,1.3675237609770778e-10,1.367428018173202e-10,1.367332303116427e-10,1.3672366155809466e-10,1.367140955666491e-10,1.3670453233408464e-10,1.3669497186917885e-10,1.3668541415881472e-10,1.366758591913335e-10,1.366663069900667e-10,1.3665675753586335e-10,1.3664721082859265e-10,1.3663766687057902e-10,1.3662812566821027e-10,1.3661858721848935e-10,1.3660905151486982e-10,1.3659951854894726e-10,1.3658998833438353e-10,1.365804608607575e-10,1.365709361176176e-10,1.3656141411617337e-10,1.3655189485387614e-10,1.365423783305536e-10,1.365328645435709e-10,1.3652335348943514e-10,1.3651384516158861e-10,1.3650433957796707e-10,1.3649483671650065e-10,1.3648533657812654e-10,1.3647583917318397e-10,1.3646634449383963e-10,1.364568525435197e-10,1.3644736331178987e-10,1.3643787680952704e-10,1.3642839301501833e-10,1.364189119443574e-10,1.364094335876047e-10,1.3639995795086713e-10,1.3639048502514223e-10,1.3638101481739838e-10,1.3637154731563065e-10,1.3636208252492022e-10,1.3635262044572352e-10,1.3634316107128485e-10,1.3633370440369824e-10,1.3632425045717589e-10,1.363147992063606e-10,1.363053506527345e-10,1.3629590480655913e-10,1.3628646166135483e-10,1.3627702121466195e-10,1.362675834603446e-10,1.3625814840665442e-10,1.362487160518964e-10,1.362392863865576e-10,1.3622985941756538e-10,1.3622043513632218e-10,1.3621101354354955e-10,1.3620159463184549e-10,1.3619217841512323e-10,1.3618276487794547e-10,1.3617335402261793e-10,1.361639458577719e-10,1.3615454037362523e-10,1.361451375633627e-10,1.3613573743164386e-10,1.3612633998468323e-10,1.3611694520696085e-10,1.361075531111983e-10,1.360981636898913e-10,1.3608877694054094e-10,1.3607939286164028e-10,1.3607001145296823e-10,1.3606063271266118e-10,1.360512566349406e-10,1.3604188323100886e-10,1.3603251248745554e-10,1.3602314440095814e-10,1.3601377898288304e-10,1.3600441622115393e-10,1.3599505611574639e-10,1.3598569868276323e-10,1.3597634390363394e-10,1.359669917748475e-10,1.3595764230049064e-10,1.3594829547805118e-10,1.3593895129115172e-10,1.3592960976283838e-10,1.3592027089046179e-10,1.3591093467283986e-10,1.359016010952681e-10,1.3589227016081447e-10,1.358829418711363e-10,1.3587361622339417e-10,1.3586429320939023e-10,1.3585497284270953e-10,1.3584565511683686e-10,1.3583634002481097e-10,1.3582702757078283e-10,1.3581771775195673e-10,1.3580841056427058e-10,1.357991060075556e-10,1.357898040684565e-10,1.3578050476547294e-10,1.357712081123272e-10,1.3576191407409433e-10,1.3575262265887963e-10,1.3574333386695197e-10,1.3573404769796623e-10,1.3572476415142842e-10,1.3571548322422148e-10,1.357062049240915e-10,1.356969292336661e-10,1.356876561593655e-10,1.3567838570091825e-10,1.3566911785341403e-10,1.3565985262210632e-10,1.3565059000256946e-10,1.35641329990098e-10,1.356320725882738e-10,1.356228177952159e-10,1.356135656122151e-10,1.356043160293106e-10,1.3559506904971226e-10,1.355858246743156e-10,1.3557658289905283e-10,1.3556734372856272e-10,1.355581071521384e-10,1.3554887317311047e-10,1.3553964179120647e-10,1.3553041300298322e-10,1.3552118680910063e-10,1.35511963200589e-10,1.3550274218951113e-10,1.3549352375641344e-10,1.354843079228303e-10,1.3547509467792247e-10,1.3546588401897307e-10,1.3545667594529832e-10,1.3544747045525116e-10,1.3543826754706636e-10,1.3542906721985623e-10,1.3541986947300212e-10,1.354106743058698e-10,1.3540148171736273e-10,1.3539229170251593e-10,1.3538310426239917e-10,1.3537391939691692e-10,1.3536473710151667e-10,1.3535555737816115e-10,1.3534638022080768e-10,1.3533720563911084e-10,1.35328033623966e-10,1.3531886417352685e-10,1.353096972869051e-10,1.3530053296341468e-10,1.3529137120581107e-10,1.352822120056653e-10,1.352730553653827e-10,1.352639012836834e-10,1.35254749759318e-10,1.3524560079394304e-10,1.3523645438079073e-10,1.3522731052125582e-10,1.352181692142498e-10,1.3520903045915662e-10,1.3519989425391267e-10,1.3519076059408998e-10,1.3518162948646714e-10,1.3517250092318816e-10,1.3516337491026147e-10,1.351542514244963e-10,1.3514513048955073e-10,1.351360121020349e-10,1.3512689625122687e-10,1.3511778294036712e-10,1.3510867216707347e-10,1.3509956392428685e-10,1.3509045820388843e-10,1.3508135503451582e-10,1.3507225439912982e-10,1.3506315629600672e-10,1.350540607229483e-10,1.350449676796518e-10,1.3503587717095657e-10,1.350267891818983e-10,1.350177037216177e-10,1.35008620782126e-10,1.349995403663828e-10,1.3499046247248338e-10,1.3498138709826946e-10,1.3497231424381472e-10,1.3496324390711522e-10,1.3495417610743447e-10,1.349451108060372e-10,1.349360480177719e-10,1.3492698774425448e-10,1.3491792998170984e-10,1.3490887473904192e-10,1.3489982199636576e-10,1.3489077176438132e-10,1.348817240326112e-10,1.348726788140541e-10,1.3486363609648513e-10,1.3485459588548255e-10,1.3484555817666286e-10,1.348365229678689e-10,1.3482749026005235e-10,1.3481846004954266e-10,1.348094323410593e-10,1.3480040712741725e-10,1.3479138440900876e-10,1.3478236417768542e-10,1.3477334644634474e-10,1.347643312088155e-10,1.3475531845979564e-10,1.3474630819972626e-10,1.3473730042047298e-10,1.3472829512824677e-10,1.3471929232828274e-10,1.347102920123544e-10,1.347012941742359e-10,1.346922988246443e-10,1.346833059751099e-10,1.3467431558400135e-10,1.3466532766021385e-10,1.34656342222072e-10,1.3464735926740847e-10,1.346383787802393e-10,1.3462940077454046e-10,1.3462042525260186e-10,1.346114521836599e-10,1.3460248161308648e-10,1.3459351349135203e-10,1.3458454783779953e-10,1.3457558465290723e-10,1.3456662393211029e-10,1.3455766567799604e-10,1.3454870988514924e-10,1.3453975655151344e-10,1.3453080568024978e-10,1.3452185727127755e-10,1.3451291132040318e-10,1.3450396781968302e-10,1.3449502678348e-10,1.344860882015342e-10,1.3447715207407986e-10,1.344682184087168e-10,1.3445928718580023e-10,1.344503584134395e-10,1.3444143209029465e-10,1.3443250821566588e-10,1.344235867881643e-10,1.3441466781172964e-10,1.3440575127525106e-10,1.3439683718218542e-10,1.3438792553176862e-10,1.3437901632240412e-10,1.343701095545056e-10,1.3436120522976591e-10,1.343523033372616e-10,1.34343403881017e-10,1.343345068676349e-10,1.3432561228059516e-10,1.343167201324842e-10,1.3430783041068683e-10,1.3429894311994208e-10,1.3429005826026535e-10,1.3428117582848716e-10,1.3427229581067643e-10,1.34263418232561e-10,1.3425454307955642e-10,1.342456703482182e-10,1.342368000399518e-10,1.3422793215319378e-10,1.34219066691083e-10,1.34210203644725e-10,1.342013430203367e-10,1.3419248480934447e-10,1.3418362901749034e-10,1.3417477564049785e-10,1.3416592468076531e-10,1.341570761285766e-10,1.3414822998778753e-10,1.3413938625738638e-10,1.3413054493733784e-10,1.3412170600839802e-10,1.3411286950180466e-10,1.3410403540031519e-10,1.3409520370426319e-10,1.3408637440903837e-10,1.340775475194356e-10,1.3406872303037102e-10,1.340599009370625e-10,1.3405108124696652e-10,1.340422639564323e-10,1.3403344906125412e-10,1.3402463655397095e-10,1.3401582644982343e-10,1.3400701873749305e-10,1.33998213417494e-10,1.3398941048855508e-10,1.3398060994913048e-10,1.339718117947131e-10,1.3396301603207773e-10,1.3395422265595036e-10,1.3394543166544164e-10,1.3393664305964948e-10,1.339278568505943e-10,1.3391907301118014e-10,1.339102915493009e-10,1.339015124693015e-10,1.3389273576935647e-10,1.3388396144906202e-10,1.3387518950189868e-10,1.3386641993155236e-10,1.338576527353963e-10,1.338488879119237e-10,1.3384012545971546e-10,1.3383136538004534e-10,1.338226076686049e-10,1.3381385232610552e-10,1.3380509935113584e-10,1.3379634874259985e-10,1.3378760050061402e-10,1.337788546235904e-10,1.337701111081268e-10,1.3376136995472676e-10,1.337526311636418e-10,1.337438947340078e-10,1.337351606614301e-10,1.3372642894516251e-10,1.3371769958351182e-10,1.3370897257932362e-10,1.3370024792695874e-10,1.336915256304627e-10,1.336828056860889e-10,1.336740880902558e-10,1.336653728487491e-10,1.336566599540616e-10,1.3364794941537422e-10,1.3363924121515044e-10,1.3363053536453613e-10,1.336218318556545e-10,1.3361313068883892e-10,1.3360443186424597e-10,1.3359573537884824e-10,1.3358704123356744e-10,1.3357834942984259e-10,1.3356965997105097e-10,1.335609728421245e-10,1.335522880492975e-10,1.3354360559119844e-10,1.3353492546646188e-10,1.335262476742547e-10,1.3351757221350683e-10,1.335088990843389e-10,1.3350022828311754e-10,1.3349155980751946e-10,1.334828936616255e-10,1.334742298432306e-10,1.3346556834749096e-10,1.3345690917770168e-10,1.3344825234159748e-10,1.334395978165844e-10,1.3343094561061208e-10,1.334222957275171e-10,1.3341364815969745e-10,1.3340500290922683e-10,1.3339635997309574e-10,1.333877193535531e-10,1.333790810475595e-10,1.3337044506254436e-10,1.3336181138254364e-10,1.333531800113618e-10,1.333445509524735e-10,1.3333592420409666e-10,1.3332729976200317e-10,1.3331867762644176e-10,1.3331005779683456e-10,1.3330144027268402e-10,1.3329282505097538e-10,1.3328421213569917e-10,1.3327560151769224e-10,1.3326699319998302e-10,1.332583871815298e-10,1.332497834587525e-10,1.3324118203433665e-10,1.332325829072594e-10,1.332239860731583e-10,1.3321539153388777e-10,1.3320679929427792e-10,1.331982093400469e-10,1.3318962167739114e-10,1.3318103630426865e-10,1.331724532172011e-10,1.3316387242026596e-10,1.3315529391013812e-10,1.3314671768290352e-10,1.3313814374217122e-10,1.3312957208264188e-10,1.331210027123979e-10,1.331124356188316e-10,1.3310387080898296e-10,1.3309530826996403e-10,1.3308674801427407e-10,1.3307819003657973e-10,1.33069634332671e-10,1.3306108090450412e-10,1.330525297462565e-10,1.3304398086418357e-10,1.3303543428277937e-10,1.3302688994003655e-10,1.3301834787405692e-10,1.3300980807517777e-10,1.3300127054296508e-10,1.3299273527708863e-10,1.3298420228594036e-10,1.329756715500604e-10,1.3296714307802455e-10,1.329586168691436e-10,1.3295009292135538e-10,1.3294157123561342e-10,1.329330518066655e-10,1.3292453463358047e-10,1.3291601972204161e-10,1.329075070625755e-10,1.3289899666239733e-10,1.3289048851507406e-10,1.3288198261909868e-10,1.32873478976428e-10,1.3286497758481728e-10,1.3285647844323583e-10,1.3284798155122923e-10,1.328394869054063e-10,1.3283099450798946e-10,1.3282250433097744e-10,1.3281401642420331e-10,1.3280553076132636e-10,1.3279704733969082e-10,1.3278856616189657e-10,1.3278008722429688e-10,1.3277161052645614e-10,1.3276313606820672e-10,1.3275466385165491e-10,1.3274619386792975e-10,1.3273772611905395e-10,1.3272926060482663e-10,1.3272079732419074e-10,1.3271233627621014e-10,1.3270387746011443e-10,1.3269542087427096e-10,1.3268696651704276e-10,1.3267851438924786e-10,1.3267006448046205e-10,1.3266161680522322e-10,1.3265317135610387e-10,1.3264472811892315e-10,1.326362871154858e-10,1.326278483376029e-10,1.3261941180215629e-10,1.3261097746914782e-10,1.326025453527736e-10,1.325941154553915e-10,1.3258568778116644e-10,1.3257726232982884e-10,1.3256883907611072e-10,1.3256041803328554e-10,1.325519992119151e-10,1.3254358260486158e-10,1.3253516820795247e-10,1.3252675602022815e-10,1.3251834604238976e-10,1.3250993827335708e-10,1.3250153271097113e-10,1.32493129355591e-10,1.3248472820557685e-10,1.3247632925992934e-10,1.3246793251744077e-10,1.3245953797889266e-10,1.324511456397662e-10,1.3244275550107707e-10,1.3243436756169554e-10,1.3242598182052194e-10,1.3241759827370035e-10,1.3240921692608424e-10,1.324008377415869e-10,1.3239246078401649e-10,1.323840860197746e-10,1.3237571344693518e-10,1.3236734306606875e-10,1.3235897487589699e-10,1.323506088750082e-10,1.3234224506951494e-10,1.3233388344293185e-10,1.3232552400446636e-10,1.3231716675007062e-10,1.323088116813353e-10,1.3230045880181992e-10,1.3229210809862696e-10,1.3228375957690284e-10,1.3227541323565178e-10,1.3226706907389999e-10,1.322587270906544e-10,1.322503872850384e-10,1.3224204965586684e-10,1.3223371421199277e-10,1.322253809329611e-10,1.322170498319314e-10,1.3220872089926887e-10,1.3220039413831546e-10,1.3219206954779158e-10,1.3218374712694345e-10,1.3217542687479081e-10,1.3216710879057327e-10,1.3215879287289665e-10,1.3215047912849302e-10,1.321421675413686e-10,1.3213385811806194e-10,1.3212555085463695e-10,1.321172457560439e-10,1.3210894281913808e-10,1.321006420413622e-10,1.3209234342439879e-10,1.320840469635495e-10,1.3207575265980367e-10,1.3206746051222862e-10,1.3205917051966984e-10,1.3205088267690273e-10,1.3204259698204598e-10,1.3203431344363235e-10,1.3202603205487621e-10,1.3201775282297726e-10,1.3200947573453042e-10,1.3200120079531266e-10,1.319929280097791e-10,1.319846573691509e-10,1.3197638887378847e-10,1.319681225231034e-10,1.319598583158028e-10,1.3195159626911327e-10,1.319433363417344e-10,1.3193507855912415e-10,1.3192682291615383e-10,1.3191856941186467e-10,1.3191031804530014e-10,1.3190206881579066e-10,1.3189382172179036e-10,1.3188557676307494e-10,1.31877333937974e-10,1.3186909325204218e-10,1.3186085469198222e-10,1.3185261826294447e-10,1.3184438396366323e-10,1.318361517933701e-10,1.318279217523864e-10,1.3181969383765607e-10,1.318114680448384e-10,1.3180324439734232e-10,1.3179502285874177e-10,1.3178680344299424e-10,1.3177858615037356e-10,1.317703709790329e-10,1.3176215792861693e-10,1.3175394699719634e-10,1.3174573818552624e-10,1.317375314930957e-10,1.3172932691509138e-10,1.317211244533454e-10,1.317129241063259e-10,1.3170472587423747e-10,1.316965297542815e-10,1.3168833574628926e-10,1.3168014385269008e-10,1.3167195406583515e-10,1.3166376638810687e-10,1.3165558081756334e-10,1.3164739735506164e-10,1.316392159997868e-10,1.316310367497077e-10,1.3162285960450947e-10,1.3161468456034405e-10,1.3160651162193558e-10,1.3159834078480964e-10,1.315901720467265e-10,1.3158200540716292e-10,1.315738408693329e-10,1.3156567842991967e-10,1.3155751808753885e-10,1.3154935984114306e-10,1.31541203667404e-10,1.3153304961029606e-10,1.3152489764426467e-10,1.3151674777624918e-10,1.315085999958438e-10,1.3150045430482182e-10,1.314923107213343e-10,1.314841692132972e-10,1.3147602979023867e-10,1.314678924545221e-10,1.3145975720444856e-10,1.314516240261766e-10,1.314434929402751e-10,1.314353639408573e-10,1.31427237024986e-10,1.3141911219082116e-10,1.3141098943715649e-10,1.3140286876259666e-10,1.313947501635438e-10,1.3138663364546246e-10,1.3137851920431177e-10,1.3137040683865603e-10,1.3136229654769123e-10,1.3135418833132885e-10,1.3134608218787608e-10,1.313379781163493e-10,1.3132987611591557e-10,1.313217761815205e-10,1.3131367832072558e-10,1.3130558252798021e-10,1.3129748880552942e-10,1.3128939714795837e-10,1.3128130755583282e-10,1.3127322002859295e-10,1.312651345684406e-10,1.3125705116775805e-10,1.3124896982935148e-10,1.31240890552238e-10,1.3123281333036804e-10,1.3122473817285727e-10,1.3121666507339284e-10,1.312085940356247e-10,1.3120052505022362e-10,1.311924581209105e-10,1.3118439324305232e-10,1.3117633042250193e-10,1.3116826965490624e-10,1.3116021095314822e-10,1.3115215429349296e-10,1.3114409967966533e-10,1.3113604711497443e-10,1.3112799660091228e-10,1.311199481348343e-10,1.311119017130596e-10,1.3110385733714312e-10,1.3109581500607067e-10,1.3108777471962803e-10,1.3107973647548226e-10,1.310717002977317e-10,1.3106366613962413e-10,1.310556340204394e-10,1.3104760393425467e-10,1.3103957590282022e-10,1.310315498908333e-10,1.310235259240675e-10,1.3101550399344536e-10,1.3100748409935694e-10,1.3099946623688974e-10,1.3099145040346663e-10,1.3098343658049518e-10,1.3097542481704904e-10,1.3096741508221033e-10,1.3095940737705119e-10,1.309514017006961e-10,1.309433980493374e-10,1.3093539642798764e-10,1.3092739683276424e-10,1.309193992629195e-10,1.3091140371729528e-10,1.309034101947485e-10,1.3089541869180425e-10,1.3088742922057025e-10,1.308794417632619e-10,1.3087145632553682e-10,1.3086347290746365e-10,1.3085549150751864e-10,1.3084751212562304e-10,1.308395347527197e-10,1.3083155940190594e-10,1.3082358606581505e-10,1.308156147430227e-10,1.3080764543321748e-10,1.307996781357174e-10,1.3079171284990236e-10,1.30783749570856e-10,1.3077578830403836e-10,1.307678290455955e-10,1.307598717883283e-10,1.307519165417965e-10,1.3074396330453536e-10,1.3073601207146063e-10,1.3072806284244957e-10,1.307201156174394e-10,1.3071217041412084e-10,1.3070422719193184e-10,1.3069628596444595e-10,1.3068834674321933e-10,1.306804095207633e-10,1.30672474296304e-10,1.3066454106851314e-10,1.306566098371444e-10,1.30648680596414e-10,1.30640753354228e-10,1.3063282810570453e-10,1.3062490484793504e-10,1.3061698358762687e-10,1.3060906431558422e-10,1.3060114704041846e-10,1.3059323174497734e-10,1.3058531844112064e-10,1.3057740712156922e-10,1.3056949779271182e-10,1.3056159044120127e-10,1.3055368509426396e-10,1.305457817198169e-10,1.3053788031833005e-10,1.3052998090988154e-10,1.3052208348251614e-10,1.3051418805416974e-10,1.3050629458747837e-10,1.3049840309518378e-10,1.304905135839663e-10,1.3048262604729602e-10,1.3047474049177923e-10,1.304668569105617e-10,1.3045897530485027e-10,1.3045109567298667e-10,1.3044321801413494e-10,1.3043534231874245e-10,1.3042746860333705e-10,1.304195968580709e-10,1.304117270819473e-10,1.3040385927540464e-10,1.3039599343675048e-10,1.3038812956449276e-10,1.3038026766011675e-10,1.3037240771991487e-10,1.3036454973700064e-10,1.3035669372488313e-10,1.3034883968159083e-10,1.3034098761262854e-10,1.3033313748635681e-10,1.3032528932038136e-10,1.3031744311375786e-10,1.303095988652336e-10,1.3030175657428863e-10,1.3029391625227795e-10,1.302860778734386e-10,1.302782414511224e-10,1.302704069840116e-10,1.302625744695139e-10,1.3025474390765179e-10,1.302469152976936e-10,1.3023908863860623e-10,1.302312639296371e-10,1.3022344116972147e-10,1.302156203584744e-10,1.3020780149482353e-10,1.3019998457800914e-10,1.3019216960740787e-10,1.3018435658019838e-10,1.3017654549903232e-10,1.3016873635855247e-10,1.3016092916336787e-10,1.3015312390970624e-10,1.3014532059797918e-10,1.3013751922564564e-10,1.3012971979077362e-10,1.3012192231134114e-10,1.301141267537763e-10,1.3010633313209992e-10,1.3009854144544557e-10,1.3009075169116786e-10,1.3008296387521141e-10,1.3007517799496118e-10,1.3006739404561615e-10,1.30059612026532e-10,1.3005183194134825e-10,1.3004405378447949e-10,1.3003627755635076e-10,1.3002850325721852e-10,1.3002073088563126e-10,1.3001296044081533e-10,1.3000519192195795e-10,1.299974253286088e-10,1.2998966066110132e-10,1.2998189789020433e-10,1.2997413706747146e-10,1.299663781621122e-10,1.2995862116998017e-10,1.2995086610868752e-10,1.2994311296793442e-10,1.2993536174592728e-10,1.299276124411644e-10,1.2991986505384108e-10,1.2991211958279918e-10,1.2990437602200048e-10,1.2989663438002895e-10,1.2988889465998686e-10,1.2988115684551012e-10,1.298734209427155e-10,1.2986568695097415e-10,1.2985795486924492e-10,1.2985022469734425e-10,1.29842496434201e-10,1.2983477007798486e-10,1.298270456316935e-10,1.298193230898922e-10,1.29811602448744e-10,1.2980388371670346e-10,1.2979616688851968e-10,1.297884519633541e-10,1.297807389372851e-10,1.2977302781658743e-10,1.2976531859592584e-10,1.2975761127527133e-10,1.2974990584969867e-10,1.2974220232623561e-10,1.297345006998757e-10,1.2972680097015944e-10,1.2971910313595714e-10,1.297114071967354e-10,1.2970371315191466e-10,1.2969602100062398e-10,1.2968833074162972e-10,1.2968064235184014e-10,1.2967295586828974e-10,1.296652712824534e-10,1.2965758858531646e-10,1.29649907771863e-10,1.2964222885226223e-10,1.2963455181786717e-10,1.2962687667519285e-10,1.2961920341731727e-10,1.2961153203867766e-10,1.296038625447073e-10,1.2959619493356362e-10,1.2958852920445603e-10,1.2958086535623097e-10,1.2957320338893254e-10,1.2956554330130815e-10,1.2955788509257648e-10,1.2955022876161338e-10,1.295425743069936e-10,1.2953492173028603e-10,1.2952727103059035e-10,1.2951962221299144e-10,1.2951197526152032e-10,1.2950433018281816e-10,1.2949668697796143e-10,1.2948904564616686e-10,1.2948140618527946e-10,1.2947376859246118e-10,1.2946613286819216e-10,1.2945849901428086e-10,1.2945086702807998e-10,1.2944323690866382e-10,1.2943560865488103e-10,1.2942798227478697e-10,1.294203577515362e-10,1.2941273509161235e-10,1.2940511429478598e-10,1.2939749536145564e-10,1.293898782882549e-10,1.293822630840749e-10,1.2937464974086644e-10,1.2936703824747406e-10,1.2935942861479572e-10,1.2935182083880334e-10,1.2934421492102038e-10,1.2933661085790167e-10,1.2932900864945417e-10,1.2932140829571237e-10,1.2931380979540864e-10,1.2930621314640308e-10,1.29298618349609e-10,1.292910254048754e-10,1.292834343100208e-10,1.2927584506311103e-10,1.292682576674164e-10,1.2926067211963374e-10,1.2925308841792108e-10,1.2924550656419526e-10,1.2923792655493677e-10,1.2923034839270192e-10,1.2922277207702178e-10,1.2921519760259136e-10,1.29207624969989e-10,1.292000541794995e-10,1.2919248523018208e-10,1.2918491812133294e-10,1.2917735285356512e-10,1.2916978942322567e-10,1.2916222783102126e-10,1.291546680762285e-10,1.2914711015786074e-10,1.2913955407539748e-10,1.2913199982798155e-10,1.2912444741478864e-10,1.2911689683515909e-10,1.2910934808808056e-10,1.2910180117309232e-10,1.2909425608931017e-10,1.2908671283578133e-10,1.2907917141204358e-10,1.2907163181719847e-10,1.2906409405030467e-10,1.2905655811075564e-10,1.2904902399778568e-10,1.290414917107906e-10,1.2903396124868048e-10,1.2902643261085944e-10,1.2901890579655763e-10,1.2901138080501532e-10,1.290038576354693e-10,1.2899633628715285e-10,1.289888167593086e-10,1.2898129905117147e-10,1.2897378316198436e-10,1.289662690909833e-10,1.2895875683740986e-10,1.289512464005035e-10,1.2894373777898093e-10,1.289362309731297e-10,1.289287259816686e-10,1.289212228038366e-10,1.2891372143888225e-10,1.2890622188507657e-10,1.2889872414359944e-10,1.2889122821272683e-10,1.2888373409170188e-10,1.2887624177977323e-10,1.2886875127618061e-10,1.2886126258980648e-10,1.2885377571028168e-10,1.288462906271758e-10,1.2883880736285005e-10,1.2883132589301056e-10,1.288238462227615e-10,1.288163683658863e-10,1.28808892311753e-10,1.2880141806105745e-10,1.2879394559844772e-10,1.287864749360474e-10,1.287790060728588e-10,1.2877153900832981e-10,1.2876407374174244e-10,1.2875661027630663e-10,1.2874914860303314e-10,1.287416887253204e-10,1.2873423064266624e-10,1.2872677435396838e-10,1.2871931985861143e-10,1.287118671558676e-10,1.2870441624497517e-10,1.286969671251916e-10,1.2868951979579576e-10,1.2868207425603187e-10,1.286746305051016e-10,1.286671885476223e-10,1.2865974838147896e-10,1.286523099971387e-10,1.2864487339420964e-10,1.286374385765284e-10,1.2863000554795525e-10,1.286225743074146e-10,1.2861514485097511e-10,1.2860771716650159e-10,1.2860029127296779e-10,1.285928671597741e-10,1.2858544482256536e-10,1.2857802426895835e-10,1.2857060548382578e-10,1.2856318847729828e-10,1.285557732477728e-10,1.2854835979456524e-10,1.2854094811682404e-10,1.2853353821763784e-10,1.2852613008855782e-10,1.2851872373268834e-10,1.2851131915000938e-10,1.2850391633948362e-10,1.2849651529704175e-10,1.2848911602421907e-10,1.2848171852550932e-10,1.2847432279201067e-10,1.284669288292454e-10,1.284595366345886e-10,1.2845214621170118e-10,1.2844475755260506e-10,1.284373706569498e-10,1.2842998552489625e-10,1.2842260215856114e-10,1.2841522055839677e-10,1.2840784072055625e-10,1.2840046263775598e-10,1.2839308631819378e-10,1.2838571176023802e-10,1.283783389602197e-10,1.28370967911736e-10,1.283635986354731e-10,1.283562311112443e-10,1.283488653488457e-10,1.2834150134881434e-10,1.283341390973955e-10,1.2832677858663465e-10,1.2831941984616364e-10,1.2831206284940513e-10,1.2830470760695367e-10,1.2829735410629134e-10,1.282900023680591e-10,1.2828265237554977e-10,1.2827530413148214e-10,1.2826795763879942e-10,1.2826061289826913e-10,1.282532698997852e-10,1.2824592864875176e-10,1.2823858913740793e-10,1.2823125138235344e-10,1.2822391536099035e-10,1.2821658109719931e-10,1.282092485663304e-10,1.2820191778343322e-10,1.2819458873471173e-10,1.281872614288724e-10,1.281799358639338e-10,1.2817261203426385e-10,1.2816528994485636e-10,1.2815796959423695e-10,1.2815065097928831e-10,1.281433341026231e-10,1.2813601896247957e-10,1.2812870555874168e-10,1.2812139388527668e-10,1.2811408394842192e-10,1.281067757452213e-10,1.2809946927445362e-10,1.2809216453433252e-10,1.2808486152446714e-10,1.2807756023780938e-10,1.2807026067766066e-10,1.2806296285596346e-10,1.280556667577761e-10,1.2804837239714094e-10,1.2804107975006415e-10,1.2803378883819668e-10,1.2802649964599153e-10,1.2801921217841518e-10,1.2801192643645817e-10,1.2800464241567279e-10,1.2799736011736853e-10,1.279900795404283e-10,1.2798280068673178e-10,1.2797552355319796e-10,1.2796824813947353e-10,1.2796097444454648e-10,1.2795370246572927e-10,1.2794643220610305e-10,1.2793916366316524e-10,1.2793189683665343e-10,1.2792463172530908e-10,1.2791736832860294e-10,1.2791010664571737e-10,1.2790284667413304e-10,1.2789558841775747e-10,1.2788833187238715e-10,1.2788107703824844e-10,1.2787382391459596e-10,1.2786657250069954e-10,1.278593227956773e-10,1.2785207480309526e-10,1.2784482852160946e-10,1.2783758393932534e-10,1.2783034106486352e-10,1.2782309989451944e-10,1.2781586042905036e-10,1.2780862266794795e-10,1.2780138661010921e-10,1.2779415225060036e-10,1.2778691959766453e-10,1.277796886420396e-10,1.277724593873893e-10,1.2776523183651672e-10,1.2775800598479762e-10,1.2775078183247095e-10,1.2774355937710428e-10,1.2773633861936966e-10,1.2772911955818838e-10,1.2772190219284964e-10,1.2771468652272192e-10,1.2770747254816045e-10,1.2770026028234482e-10,1.2769304969361834e-10,1.2768584081051388e-10,1.2767863360598398e-10,1.2767142809146592e-10,1.2766422426389076e-10,1.2765702213527505e-10,1.276498216898043e-10,1.2764262293247226e-10,1.2763542587106583e-10,1.2762823048838933e-10,1.2762103679330653e-10,1.2761384478256477e-10,1.27606654456641e-10,1.2759946581609973e-10,1.2759227885877333e-10,1.2758509358492573e-10,1.275779099918807e-10,1.2757072807662767e-10,1.2756354784756527e-10,1.2755636929375436e-10,1.2754919241908918e-10,1.2754201722171984e-10,1.2753484370826085e-10,1.2752767186803778e-10,1.2752050170849042e-10,1.2751333322562102e-10,1.2750616640120974e-10,1.2749900126776753e-10,1.274918378198729e-10,1.2748467602989135e-10,1.274775159129388e-10,1.2747035747174885e-10,1.274632007002514e-10,1.2745604560048828e-10,1.2744889217113257e-10,1.2744174041029632e-10,1.2743459031875743e-10,1.274274418960124e-10,1.2742029514017282e-10,1.2741315005135434e-10,1.2740600662881304e-10,1.2739886487113726e-10,1.273917247778725e-10,1.2738458634853922e-10,1.273774495831648e-10,1.2737031448002103e-10,1.273631810388141e-10,1.2735604925887207e-10,1.273489191393587e-10,1.2734179067994446e-10,1.27334663879791e-10,1.2732753873823057e-10,1.2732041525460122e-10,1.2731329342823058e-10,1.2730617325845623e-10,1.2729905474557669e-10,1.2729193788699364e-10,1.272848226804051e-10,1.2727770913181918e-10,1.2727059723557286e-10,1.272634869914006e-10,1.2725637839665608e-10,1.2724927145621986e-10,1.272421661685841e-10,1.2723506251949338e-10,1.2722796053099768e-10,1.2722086019388675e-10,1.2721376150261434e-10,1.2720666445544438e-10,1.2719956905510893e-10,1.2719247530056997e-10,1.2718538319198467e-10,1.2717829272737043e-10,1.2717120390684704e-10,1.271641167296743e-10,1.271570311947497e-10,1.271499472971372e-10,1.2714286504700429e-10,1.271357844363936e-10,1.2712870546557832e-10,1.271216281347108e-10,1.271145524424425e-10,1.2710747838909195e-10,1.2710040597251617e-10,1.2709333518986746e-10,1.2708626604622867e-10,1.270791985380566e-10,1.2707213266470913e-10,1.2706506842553232e-10,1.270580058198787e-10,1.2705094484914838e-10,1.2704388550854663e-10,1.2703682779926962e-10,1.2702977172392451e-10,1.2702271727706286e-10,1.2701566446056633e-10,1.2700861327086303e-10,1.2700156371461294e-10,1.2699451578222546e-10,1.2698746947593212e-10,1.2698042479600037e-10,1.2697338174271395e-10,1.2696634031540866e-10,1.269593005106706e-10,1.269522623297027e-10,1.2694522577185974e-10,1.269381908377044e-10,1.2693115752393282e-10,1.2692412583240375e-10,1.269170957647667e-10,1.2691006731451746e-10,1.2690304047863658e-10,1.2689601526734297e-10,1.2688899166442125e-10,1.2688196969717638e-10,1.268749493359624e-10,1.2686793057169875e-10,1.2686091344282278e-10,1.2685389792693857e-10,1.26846884033807e-10,1.26839871758008e-10,1.268328610754649e-10,1.268258520082112e-10,1.2681884455043825e-10,1.2681183870941417e-10,1.2680483447766266e-10,1.267978318565163e-10,1.2679083084642692e-10,1.267838314407788e-10,1.267768336444263e-10,1.267698374539659e-10,1.2676284287122522e-10,1.2675584989322073e-10,1.2674885852155054e-10,1.2674186875541712e-10,1.2673488059320923e-10,1.2672789403087193e-10,1.267209090736721e-10,1.267139257164511e-10,1.2670694396657765e-10,1.2669996381224214e-10,1.2669298526031047e-10,1.2668600830761896e-10,1.2667903295383135e-10,1.2667205920173588e-10,1.2666508704164392e-10,1.2665811648456e-10,1.266511475195985e-10,1.2664418014974238e-10,1.2663721437510205e-10,1.266302501944208e-10,1.266232876079188e-10,1.2661632661423903e-10,1.26609367212897e-10,1.2660240940382184e-10,1.2659545318560962e-10,1.2658849855789581e-10,1.2658154552051578e-10,1.2657459407244943e-10,1.265676442128381e-10,1.2656069594436708e-10,1.2655374926034683e-10,1.2654680416319248e-10,1.2653986065218216e-10,1.2653291872576544e-10,1.265259783852739e-10,1.2651903962862587e-10,1.2651210245624798e-10,1.2650516684835382e-10,1.2649823284123882e-10,1.2649130041927688e-10,1.2648436957449774e-10,1.2647744031123607e-10,1.2647051263049755e-10,1.2646358652603986e-10,1.2645666200060195e-10,1.264497390533245e-10
21,6.380960857753417e-83,3.3253219021844116e-82,1.0367121798779121e-81,2.5066631996747474e-81,5.181082271876437e-81,9.615184552050165e-81,1.6489049156845953e-80,2.661644946744237e-80,4.095421603470834e-80,6.0612076743195e-80,8.686288247639464e-80,1.2115312359370596e-79,1.651136541811093e-79,2.2057055732352226e-79,2.8955610074759255e-79,3.74319746070592e-79,4.773391859942644e-79,6.013313922051787e-79,7.492636628850256e-79,9.243646630574332e-79,1.130135453937008e-78,1.3703605093789325e-78,1.6491187187445625e-78,1.9707943762033875e-78,2.3400881569196805e-78,2.7620280807048472e-78,3.241980463826435e-78,3.7856608595936207e-78,4.399144988308781e-78,5.088879657103575e-78,5.861693670036381e-78,6.724808728882233e-78,7.685850324808862e-78,8.752858621253675e-78,9.934299328092854e-78,1.1239074567320921e-77,1.2676533730303796e-77,1.425648432670782e-77,1.5989202825172705e-77,1.7885445485766126e-77,1.9956459184278597e-77,2.2213992228376354e-77,2.4670305165651116e-77,2.733818158356166e-77,3.0230938901303756e-77,3.336243915368857e-77,3.674709976676183e-77,4.039990432568305e-77,4.4336413334381e-77,4.857277496715226e-77,5.3125735812392405e-77,5.8012651608228885e-77,6.325149797015407e-77,6.886088111070465e-77,7.486004855111659e-77,8.126889982500265e-77,8.810799717408943e-77,9.539857623595878e-77,1.0316255672375963e-76,1.1142255309818393e-76,1.2020188523115579e-76,1.2952458906192327e-76,1.3941542724493077e-76,1.498998997899734e-76,1.610042546942465e-76,1.727554985666528e-76,1.851814072439692e-76,1.9831053639939264e-76,2.121722321429853e-76,2.267966416141233e-76,2.4221472356640882e-76,2.5845825894436e-76,2.755598614524373e-76,2.935529881160171e-76,3.124719498346547e-76,3.3235192192745006e-76,3.532289546704845e-76,3.7513998382647724e-76,3.981228411665806e-76,4.222162649843908e-76,4.474599106020276e-76,4.738943608683584e-76,5.015611366498346e-76,5.3050270731261325e-76,5.607625011979021e-76,5.923849160888432e-76,6.254153296697666e-76,6.599001099777234e-76,6.958866258461717e-76,7.334232573408594e-76,7.725594061882467e-76,8.13345506194905e-76,8.558330336627409e-76,9.000745177896297e-76,9.461235510705201e-76,9.940347996848771e-76,1.0438640138786745e-75,1.0956680383383972e-75,1.149504822556914e-75,1.2054334311932323e-75,1.263514054420889e-75,1.3238080182728632e-75,1.386377794977022e-75,1.4512870132827616e-75,1.5186004687811453e-75,1.5883841342181318e-75,1.660705169798084e-75,1.735631933481489e-75,1.8132339912734548e-75,1.8935821275061644e-75,1.976748355112348e-75,2.0628059258917146e-75,2.1518293407695277e-75,2.2438943600476644e-75,2.339078013648606e-75,2.4374586113499347e-75,2.539115753013553e-75,2.6441303388059957e-75,2.752584579411352e-75,2.864562006236307e-75,2.9801474816082773e-75,3.099427208965197e-75,3.2224887430386347e-75,3.349421000027857e-75,3.480314267768349e-75,3.6152602158907604e-75,3.754351905973921e-75,3.8976838016883586e-75,4.045351778935499e-75,4.197453135974944e-75,4.3540866035484543e-75,4.515352354992619e-75,4.681352016349185e-75,4.852188676460022e-75,5.027966897063421e-75,5.208792722875622e-75,5.394773691668734e-75,5.586018844340702e-75,5.782638734975691e-75,5.984745440902618e-75,6.192452572737442e-75,6.405875284422782e-75,6.625130283265637e-75,6.85033583995569e-75,7.081611798584948e-75,7.319079586659133e-75,7.562862225095762e-75,7.813084338223988e-75,8.069872163765405e-75,8.333353562822638e-75,8.603658029844451e-75,8.880916702593925e-75,9.165262372105919e-75,9.45682949263705e-75,9.755754191608447e-75,1.0062174279542564e-74,1.0376229259987008e-74,1.0698060339443464e-74,1.1027810437269524e-74,1.1365624195598017e-74,1.171164798922137e-74,1.2066029935495412e-74,1.2428919904214885e-74,1.2800469527495766e-74,1.3180832209635631e-74,1.3570163136986997e-74,1.3968619287803887e-74,1.4376359442093947e-74,1.4793544191446241e-74,1.522033594888537e-74,1.5656898958675615e-74,1.6103399306152188e-74,1.6560004927522256e-74,1.7026885619677226e-74,1.7504213049981941e-74,1.799216076606863e-74,1.849090420561218e-74,1.90006207061101e-74,1.9521489514646006e-74,2.005369179764699e-74,2.0597410650650477e-74,2.115283110802497e-74,2.172014015272461e-74,2.229952672602059e-74,2.289118173721474e-74,2.3495298073365148e-74,2.4112070608987897e-74,2.4741696215762563e-74,2.538437377222667e-74,2.6040304173461326e-74,2.670969034077305e-74,2.7392737231358698e-74,2.8089651847999316e-74,2.8800643248669938e-74,2.9525922556233926e-74,3.026570296806665e-74,3.1020199765705506e-74,3.1789630324461166e-74,3.2574214123055953e-74,3.337417275323267e-74,3.418972992936472e-74,3.5021111498056255e-74,3.586854544773943e-74,3.67322619182509e-74,3.7612493210436e-74,3.850947379568385e-74,3.942344032552648e-74,4.035463164118229e-74,4.1303288783110034e-74,4.2269655000551454e-74,4.325397576107146e-74,4.425649876008557e-74,4.5277473930378806e-74,4.631715345163687e-74,4.737579175993927e-74,4.845364555726367e-74,4.955097382098591e-74,5.066803781336388e-74,5.180510109102208e-74,5.296242951442281e-74,5.4140291257324634e-74,5.533895681625639e-74,5.655869901996383e-74,5.779979303884847e-74,5.906251639440998e-74,6.0347148968687e-74,6.165397301366299e-74,6.2983273160708264e-74,6.433533642995701e-74,6.57104522397432e-74,6.7108912415983076e-74,6.853101120155826e-74,6.9977045265706394e-74,7.144731371339452e-74,7.29421180946943e-74,7.44617624141308e-74,7.600655314004325e-74,7.757679921393416e-74,7.917281205981007e-74,8.079490559351173e-74,8.244339623204351e-74,8.411860290289107e-74,8.582084705333862e-74,8.755045265976946e-74,8.930774623696754e-74,9.109305684741253e-74,9.290671611056042e-74,9.474905821212527e-74,9.662041991334837e-74,9.852114056025869e-74,1.0045156209294552e-73,1.024120290547961e-73,1.0440288860173577e-73,1.0642449051147787e-73,1.084771871927557e-73,1.1056133369452097e-73,1.1267728771518255e-73,1.1482540961183275e-73,1.1700606240940183e-73,1.1921961180989212e-73,1.214664262015578e-73,1.2374687666807751e-73,1.2606133699775568e-73,1.2841018369264411e-73,1.307937959777586e-73,1.3321255581020251e-73,1.3566684788831892e-73,1.3815705966082671e-73,1.4068358133598049e-73,1.432468058906477e-73,1.4584712907951536e-73,1.4848494944410735e-73,1.5116066832195348e-73,1.5387468985567352e-73,1.566274210020699e-73,1.5941927154121833e-73,1.6225065408553027e-73,1.6512198408888207e-73,1.6803367985559426e-73,1.7098616254956675e-73,1.7397985620331593e-73,1.7701518772700476e-73,1.8009258691745565e-73,1.832124864672798e-73,1.8637532197380407e-73,1.8958153194812438e-73,1.9283155782415102e-73,1.9612584396756163e-73,1.9946483768485446e-73,2.0284898923226973e-73,2.062787518249036e-73,2.097545816455163e-73,2.132769378536539e-73,2.1684628259453182e-73,2.2046308100802643e-73,2.2412780123761943e-73,2.278409144393679e-73,2.3160289479079293e-73,2.354142194998539e-73,2.3927536881385237e-73,2.4318682602841485e-73,2.4714907749624466e-73,2.5116261263628823e-73,2.5522792394238274e-73,2.5934550699228773e-73,2.635158604565263e-73,2.6773948610727704e-73,2.720168888272928e-73,2.763485766186584e-73,2.8073506061178983e-73,2.851768550741157e-73,2.8967447741912054e-73,2.942284482150405e-73,2.988392911937772e-73,3.0350753325963283e-73,3.082337044982827e-73,3.130183381854538e-73,3.178619707957536e-73,3.22765142011581e-73,3.277283947317415e-73,3.32752275080402e-73,3.37837332415789e-73,3.429841193389729e-73,3.481931917026316e-73,3.534651086198718e-73,3.5880043247289664e-73,3.641997289217893e-73,3.6966356691331725e-73,3.75192518689557e-73,3.8078715979673016e-73,3.8644806909385575e-73,3.921758287614921e-73,3.9797102431047734e-73,4.0383424459053533e-73,4.0976608179911e-73,4.157671314899638e-73,4.2183799258189664e-73,4.2797926736738975e-73,4.341915615213294e-73,4.404754841096332e-73,4.46831647597923e-73,4.532606678602035e-73,4.597631641874196e-73,4.6633975929621544e-73,4.729910793375045e-73,4.797177539050597e-73,4.865204160442314e-73,4.933997022605046e-73,5.003562525280454e-73,5.0739071029845084e-73,5.145037225091947e-73,5.2169593959233915e-73,5.289680154829979e-73,5.363206076280298e-73,5.437543769945285e-73,5.512699880784108e-73,5.588681089129643e-73,5.665494110774265e-73,5.74314569705505e-73,5.821642634938938e-73,5.900991747108826e-73,5.981199892047715e-73,6.062273964125087e-73,6.14422089368078e-73,6.227047647110916e-73,6.310761226953323e-73,6.39536867197079e-73,6.480877057238339e-73,6.567293494225164e-73,6.654625130881285e-73,6.742879151723093e-73,6.832062777915174e-73,6.922183267357588e-73,7.013247914768414e-73,7.105264051768943e-73,7.198239046969014e-73,7.292180306048962e-73,7.387095271846512e-73,7.482991424439521e-73,7.579876281229906e-73,7.677757397027735e-73,7.776642364137394e-73,7.876538812437259e-73,7.977454409469005e-73,8.079396860515534e-73,8.182373908689269e-73,8.286393335013533e-73,8.391462958507353e-73,8.497590636268757e-73,8.604784263557168e-73,8.713051773878603e-73,8.822401139067798e-73,8.932840369371175e-73,9.044377513532814e-73,9.157020658873237e-73,9.270777931376445e-73,9.385657495771359e-73,9.501667555613952e-73,9.618816353373472e-73,9.737112170509728e-73,9.856563327562229e-73,9.977178184227847e-73,1.0098965139447439e-72,1.0221932631485555e-72,1.03460891380139e-72,1.0471443176195092e-72,1.0598003302763096e-72,1.0725778114107237e-72,1.0854776246353545e-72,1.0985006375447979e-72,1.1116477217238008e-72,1.1249197527553602e-72,1.138317610229148e-72,1.151842177749621e-72,1.165494342944259e-72,1.179274997471635e-72,1.1931850370296776e-72,1.2072253613639142e-72,1.221396874275525e-72,1.23570048362951e-72,1.2501371013630165e-72,1.264707643493374e-72,1.2794130301260645e-72,1.2942541854634066e-72,1.3092320378119145e-72,1.3243475195911675e-72,1.3396015673412773e-72,1.3549951217317847e-72,1.37052912756897e-72,1.3862045338045034e-72,1.4020222935433169e-72,1.417983364051611e-72,1.4340887067653043e-72,1.4503392872976348e-72,1.4667360754477525e-72,1.4832800452083208e-72,1.499972174773795e-72,1.5168134465486077e-72,1.5338048471549264e-72,1.5509473674409826e-72,1.5682420024888652e-72,1.5856897516227814e-72,1.6032916184168371e-72,1.6210486107033742e-72,1.6389617405806796e-72,1.6570320244212275e-72,1.6752604828794527e-72,1.6936481409000245e-72,1.7121960277256107e-72,1.730905176904977e-72,1.7497766263009281e-72,1.7688114180983612e-72,1.7880105988120265e-72,1.8073752192947956e-72,1.826906334745328e-72,1.8466050047162866e-72,1.8664722931219907e-72,1.8865092682466702e-72,1.9067170027520526e-72,1.9270965736858293e-72,1.9476490624885953e-72,1.9683755550031939e-72,1.9892771414811894e-72,2.0103549165919404e-72,2.031609979429458e-72,2.0530434335209515e-72,2.0746563868350667e-72,2.0964499517885415e-72,2.1184252452553132e-72,2.1405833885737304e-72,2.162925507554669e-72,2.1854527324890233e-72,2.2081661981562724e-72,2.2310670438314482e-72,2.2541564132937975e-72,2.277435454833879e-72,2.3009053212620835e-72,2.324567169915929e-72,2.3484221626678785e-72,2.372471465933937e-72,2.3967162506804366e-72,2.4211576924320643e-72,2.4457969712803065e-72,2.470635271890592e-72,2.4956737835101354e-72,2.520913699976136e-72,2.5463562197230057e-72,2.572002545790582e-72,2.5978538858314453e-72,2.623911452119168e-72,2.650176461555775e-72,2.676650135679382e-72,2.7033337006722484e-72,2.730228387368149e-72,2.7573354312603514e-72,2.7846560725096165e-72,2.8121915559509187e-72,2.8399431311022963e-72,2.8679120521719977e-72,2.896099578065865e-72,2.924506972396034e-72,2.9531355034873094e-72,2.9819864443861523e-72,3.011061072867183e-72,3.04036067144177e-72,3.0698865273650184e-72,3.0996399326440097e-72,3.1296221840449677e-72,3.1598345831009814e-72,3.1902784361200534e-72,3.220955054192294e-72,3.2518657531978786e-72,3.2830118538141984e-72,3.3143946815237823e-72,3.3460155666220063e-72,3.377875844224918e-72,3.4099768542757935e-72,3.4423199415540676e-72,3.4749064556820456e-72,3.5077377511326435e-72,3.540815187237583e-72,3.5741401281935776e-72,3.6077139430715254e-72,3.641538005822934e-72,3.675613695287948e-72,3.709942395202872e-72,3.744525494207482e-72,3.7793643858529686e-72,3.8144604686090885e-72,3.849815145871996e-72,3.8854298259712155e-72,3.9213059221778765e-72,3.9574448527119206e-72,3.9938480407493235e-72,4.0305169144299197e-72,4.067452906865306e-72,4.1046574561450723e-72,4.1421320053458736e-72,4.179878002537228e-72,4.217896900790732e-72,4.256190158186165e-72,4.2947592378193813e-72,4.33360560781025e-72,4.372730741309203e-72,4.4121361165053855e-72,4.451823216634057e-72,4.49179352998356e-72,4.532048549902922e-72,4.572589774809845e-72,4.613418708197131e-72,4.654536858641083e-72,4.695945739808163e-72,4.737646870462912e-72,4.779641774474602e-72,4.821931980825587e-72,4.864519023618586e-72,4.907404442082766e-72,4.950589780582823e-72,4.994076588625515e-72,5.037866420866486e-72,5.081960837118892e-72,5.126361402359927e-72,5.171069686738359e-72,5.216087265581623e-72,5.261415719403592e-72,5.30705663391183e-72,5.353011600014381e-72,5.399282213827613e-72,5.445870076683937e-72,5.49277679513803e-72,5.540003980974604e-72,5.587553251216253e-72,5.635426228130143e-72,5.68362453923535e-72,5.732149817309844e-72,5.781003700399138e-72,5.830187831821835e-72,5.879703860177863e-72,5.929553439355425e-72,5.979738228538262e-72,6.03025989221329e-72,6.081120100177407e-72,6.13232052754428e-72,6.18386285475329e-72,6.235748767574527e-72,6.287979957117853e-72,6.340558119839163e-72,6.393484957547537e-72,6.446762177412775e-72,6.500391491973018e-72,6.554374619141182e-72,6.608713282212074e-72,6.663409209870573e-72,6.718464136197525e-72,6.773879800678089e-72,6.829657948208293e-72,6.885800329101945e-72,6.942308699098525e-72,6.999184819369843e-72,7.056430456526998e-72,7.114047382628535e-72,7.172037375185748e-72,7.230402217172029e-72,7.289143697028253e-72,7.348263608670914e-72,7.407763751498864e-72,7.467645930399412e-72,7.527911955758095e-72,7.58856364346301e-72,7.649602814913328e-72,7.711031297025954e-72,7.772850922242842e-72,7.83506352853852e-72,7.897670959425895e-72,7.96067506396387e-72,8.024077696765171e-72,8.087880718002785e-72,8.152085993416742e-72,8.216695394321749e-72,8.281710797613747e-72,8.347134085777202e-72,8.412967146892119e-72,8.479211874641254e-72,8.545870168316492e-72,8.612943932826712e-72,8.680435078703875e-72,8.748345522111484e-72,8.816677184849567e-72,8.885431994363179e-72,8.954611883749124e-72,9.024218791762993e-72,9.094254662824745e-72,9.164721447028865e-72,9.235621100147478e-72,9.306955583640083e-72,9.378726864659324e-72,9.45093691605862e-72,9.523587716398196e-72,9.596681249953262e-72,9.670219506718989e-72,9.744204482420323e-72,9.818638178516266e-72,9.893522602207114e-72,9.968859766444986e-72,1.0044651689934319e-71,1.0120900397144495e-71,1.0197607918313858e-71,1.0274776289457519e-71,1.035240755237382e-71,1.0430503754651526e-71,1.0509066949676491e-71,1.0588099196639287e-71,1.0667602560540578e-71,1.0747579112199742e-71,1.0828030928259884e-71,1.090896009119678e-71,1.0990368689323593e-71,1.1072258816799602e-71,1.11546325736358e-71,1.123749206570204e-71,1.1320839404734293e-71,1.1404676708340782e-71,1.1489006100009736e-71,1.1573829709114406e-71,1.1659149670923267e-71,1.1744968126602208e-71,1.1831287223224723e-71,1.1918109113779052e-71,1.2005435957172785e-71,1.2093269918239542e-71,1.2181613167748254e-71,1.2270467882407005e-71,1.2359836244874089e-71,1.244972044375842e-71,1.2540122673631813e-71,1.2631045135034508e-71,1.2722490034478513e-71,1.281445958445964e-71,1.2906956003460588e-71,1.2999981515958326e-71,1.3093538352432171e-71,1.3187628749368541e-71,1.3282254949269228e-71,1.337741920065838e-71,1.3473123758087078e-71,1.356937088214175e-71,1.3666162839451276e-71,1.3763501902692075e-71,1.386139035059626e-71,1.3959830467956904e-71,1.4058824545636045e-71,1.4158374880571253e-71,1.425848377578224e-71,1.4359153540375123e-71,1.4460386489553683e-71,1.4562184944621838e-71,1.4664551232992085e-71,1.4767487688193865e-71,1.4870996649875646e-71,1.4975080463816368e-71,1.5079741481928507e-71,1.5184982062268024e-71,1.529080456903715e-71,1.5397211372594737e-71,1.5504204849459163e-71,1.5611787382319261e-71,1.5719961360037714e-71,1.5828729177657211e-71,1.5938093236410453e-71,1.6048055943722778e-71,1.6158619713223083e-71,1.626978696474504e-71,1.638156012433819e-71,1.6493941624272708e-71,1.6606933903047489e-71,1.6720539405391912e-71,1.6834760582278685e-71,1.6949599890928861e-71,1.7065059794813632e-71,1.7181142763665817e-71,1.7297851273485095e-71,1.7415187806544598e-71,1.7533154851396904e-71,1.7651754902881392e-71,1.7770990462129066e-71,1.789086403657151e-71,1.80113781399456e-71,1.8132535292300204e-71,1.8254338020003614e-71,1.8376788855749373e-71,1.849989033856308e-71,1.862364501380716e-71,1.8748055433190693e-71,1.88731241547735e-71,1.8998853742971397e-71,1.9125246768567277e-71,1.9252305808712662e-71,1.9380033446937137e-71,1.950843227315357e-71,1.963750488366493e-71,1.9767253881168998e-71,1.9897681874770037e-71,2.00287914799779e-71,2.016058531872097e-71,2.0293066019348098e-71,2.0426236216637196e-71,2.0560098551801453e-71,2.0694655672495308e-71,2.082991023282127e-71,2.0965864893336033e-71,2.1102522321055576e-71,2.12398851894639e-71,2.1377956178519946e-71,2.1516737974659423e-71,2.1656233270806894e-71,2.179644476637821e-71,2.1937375167287154e-71,2.2079027185954765e-71,2.2221403541311735e-71,2.2364506958808697e-71,2.2508340170418985e-71,2.2652905914646674e-71,2.2798206936533678e-71,2.294424598766514e-71,2.3091025826175498e-71,2.323854921675483e-71,2.3386818930655985e-71,2.3535837745701502e-71,2.368560844628559e-71,2.3836133823386532e-71,2.398741667457046e-71,2.4139459803994877e-71,2.429226602241985e-71,2.4445838147210254e-71,2.4600179002343476e-71,2.4755291418416646e-71,2.49111782326535e-71,2.506784228890698e-71,2.522528643766717e-71,2.5383513536072264e-71,2.554252644790713e-71,2.570232804361317e-71,2.586292120029607e-71,2.6024308801730547e-71,2.61864937383651e-71,2.6349478907332803e-71,2.6513267212449573e-71,2.667786156422985e-71,2.6843264879885376e-71,2.70094800833358e-71,2.717651010521344e-71,2.734435788286782e-71,2.751302636037546e-71,2.7682518488542936e-71,2.7852837224912293e-71,2.802398553377393e-71,2.8195966386164956e-71,2.8368782759876435e-71,2.854243763946626e-71,2.8716934016256353e-71,2.8892274888345972e-71,2.9068463260613023e-71,2.9245502144722576e-71,2.9423394559135178e-71,2.960214352910579e-71,2.9781752086698233e-71,2.996222327078599e-71,3.014356012706109e-71,3.0325765708036824e-71,3.050884307305954e-71,3.0692795288309076e-71,3.0877625426806174e-71,3.106333656842288e-71,3.1249931799884173e-71,3.1437414214773584e-71,3.1625786913543177e-71,3.1815053003516016e-71,3.2005215598893715e-71,3.219627782076404e-71,3.2388242797103964e-71,3.2581113662786653e-71,3.2774893559591433e-71,3.296958563620032e-71,3.3165193048218175e-71,3.33617189581634e-71,3.355916653548753e-71,3.37575389565717e-71,3.3956839404736904e-71,3.4157071070249343e-71,3.4358237150326162e-71,3.4560340849142323e-71,3.476338537783641e-71,3.496737395451662e-71,3.5172309804263297e-71,3.537819615914187e-71,3.5585036258203764e-71,3.579283334749289e-71,3.600159068005309e-71,3.6211311515936103e-71,3.642199912220035e-71,3.663365677292501e-71,3.684628774920979e-71,3.705989533918577e-71,3.727448283801948e-71,3.749005354791615e-71,3.770661077813073e-71,3.792415784497146e-71,3.814269807180471e-71,3.836223478906003e-71,3.858277133424216e-71,3.8804311051927716e-71,3.902685729377813e-71,3.925041341854735e-71,3.947498279207948e-71,3.970056878732128e-71,3.992717478432417e-71,4.01548041702534e-71,4.038346033939404e-71,4.061314669315376e-71,4.084386664006982e-71,4.107562359581585e-71,4.1308420983210575e-71,4.1542262232213755e-71,4.177715077994696e-71,4.201309007068579e-71,4.225008355587483e-71,4.2488134694124306e-71,4.272724695123077e-71,4.2967423800166996e-71,4.320866872109559e-71,4.3450985201376134e-71,4.369437673556634e-71,4.3938846825435495e-71,4.41843989799586e-71,4.443103671533095e-71,4.467876355497515e-71,4.492758302953987e-71,4.517749867691339e-71,4.542851404222169e-71,4.568063267783812e-71,4.593385814339196e-71,4.618819400577159e-71,4.644364383912399e-71,4.6700211224875335e-71,4.695789975172156e-71,4.721671301564618e-71,4.7476654619916535e-71,4.7737728175093505e-71,4.79999372990377e-71,4.8263285616921246e-71,4.8527776761217924e-71,4.8793414371723155e-71,4.906020209555374e-71,4.932814358715907e-71,4.95972425083154e-71,4.986750252814207e-71,5.013892732310564e-71,5.041152057702221e-71,5.068528598106535e-71,5.096022723377062e-71,5.123634804104427e-71,5.151365211616067e-71,5.1792143179785614e-71,5.207182495995788e-71,5.235270119211735e-71,5.263477561909439e-71,5.2918051991124374e-71,5.320253406585111e-71,5.34882256083362e-71,5.377513039105711e-71,5.406325219391249e-71,5.435259480424321e-71,5.464316201681903e-71,5.493495763385234e-71,5.522798546500945e-71,5.552224932740384e-71,5.58177530456123e-71,5.61145004516781e-71,5.6412495385109955e-71,5.671174169289883e-71,5.701224322951373e-71,5.7314003856915374e-71,5.761702744455623e-71,5.792131786938512e-71,5.822687901586005e-71,5.853371477594219e-71,5.884182904912113e-71,5.915122574239444e-71,5.946190877029602e-71,5.977388205488885e-71,6.0087149525773135e-71,6.0401715120096476e-71,6.071758278255606e-71,6.103475646539893e-71,6.1353240128439255e-71,6.1673037739052195e-71,6.19941532721854e-71,6.231659071037472e-71,6.2640354043722236e-71,6.296544726992717e-71,6.329187439428534e-71,6.3619639429690145e-71,6.394874639663516e-71,6.427919932323149e-71,6.461100224520669e-71,6.494415920590343e-71,6.527867425629852e-71,6.561455145500064e-71,6.595179486825268e-71,6.629040856994388e-71,6.663039664161993e-71,6.697176317247021e-71,6.731451225935266e-71,6.7658648006787565e-71,6.80041745269687e-71,6.835109593976306e-71,6.869941637272624e-71,6.904913996109899e-71,6.940027084781703e-71,6.975281318351289e-71,7.0106771126521934e-71,7.046214884289405e-71,7.081895050639572e-71,7.117718029850859e-71,7.153684240844067e-71,7.189794103314022e-71,7.226048037728629e-71,7.262446465329931e-71,7.298989808135443e-71,7.335678488937445e-71,7.37251293130451e-71,7.4094935595813e-71,7.44662079888979e-71,7.483895075129494e-71,7.521316814977713e-71,7.558886445890713e-71,7.596604396103925e-71,7.634471094632185e-71,7.67248697127083e-71,7.710652456596085e-71,7.748967981965026e-71,7.787433979517233e-71,7.826050882174332e-71,7.864819123640973e-71,7.903739138404986e-71,7.942811361738723e-71,7.98203622969899e-71,8.021414179127826e-71,8.060945647652492e-71,8.100631073686097e-71,8.140470896429981e-71,8.18046555587107e-71,8.220615492784991e-71,8.260921148735152e-71,8.301382966074905e-71,8.342001387945109e-71,8.382776858278502e-71,8.423709821797224e-71,8.46480072401411e-71,8.506050011234707e-71,9.706358751391285e-47,1.3315995506106486e-46,2.0244369505149528e-46,3.3203367186761294e-46,5.659106785609189e-46,9.74590662180723e-46,1.6701540927475825e-45,2.829800952151739e-45,4.7329368421149256e-45,7.819890833145724e-45,1.2785497244672219e-44,2.0729375096365e-44,3.33993282158173e-44,5.358935017531254e-44,8.579735905820969e-44,1.3732490391917887e-43,2.201395209361106e-43,3.54073181222112e-43,5.724002935031038e-43,9.317301480774531e-43,1.529875752160839e-42,2.5387852203127306e-42,4.2665833509992507e-42,7.277315329236199e-42,1.2628290345183966e-41,2.2354542871395993e-41,4.049041225564413e-41,7.530312935849388e-41,1.4437786642734216e-40,2.867324758530303e-40,5.943795107489677e-40,1.2888828226634818e-39,2.956885627407999e-39,7.252081785855606e-39,1.9269757781086196e-38,5.643857010997283e-38,1.864277756930879e-37,7.164795893114789e-37,3.346319739898529e-36,2.0229246182483667e-35,1.7427069749309784e-34,2.5275058305733382e-33,9.169412840405304e-32,1.9839043892858005e-29,2.3390462839363892e-26,3.541007049414247e-23,2.1940502202525757e-20,3.792628608316011e-18,2.0899383945488993e-16,4.802954022276958e-15,5.826288886785463e-14,4.430242991131599e-13,2.3767700887072457e-12,9.749514893094943e-12,3.2316668126226185e-11,9.001605630473817e-11,2.168641441888953e-10,4.620107857183431e-10,8.859177922096608e-10,1.551482182771432e-09,2.5124464968555003e-09,3.803137014361983e-09,5.4328772760117626e-09,7.385585872837458e-09,9.623015637144811e-09,1.20901154389453e-08,1.4721464445942662e-08,1.7447823252007368e-08,2.0201930936302728e-08,2.292295431396595e-08,2.5559364728256466e-08,2.8070350609227228e-08,3.042619084812678e-08,3.5475877759436185e-08,4.5459890502136447e-08,6.119593851453432e-08,8.29616683750689e-08,1.108064682998286e-07,1.446880322846073e-07,1.845231980354584e-07,2.3020573898896342e-07,2.816130864772291e-07,3.386096660612054e-07,4.0104920273846055e-07,4.687766287066687e-07,5.416297459670845e-07,6.194406853730795e-07,7.020371858320935e-07,7.892437159887008e-07,8.808824595604703e-07,9.767741830329493e-07,1.0767390015008306e-06,1.1805970557179644e-06,1.2881691111292707e-06,1.3992770878237843e-06,1.5137445289004676e-06,1.6313970136021663e-06,1.7520625206736723e-06,1.8755717466825522e-06,2.0017583834606804e-06,2.1304593583541643e-06,2.2615150405759813e-06,2.3947694166297067e-06,2.530070237494998e-06,2.66726914002747e-06,2.806221744819834e-06,2.9467877325888097e-06,3.0888309009932904e-06,3.2322192036427257e-06,3.376824772928467e-06,3.522523928187665e-06,3.669197170604998e-06,3.81672916615486e-06,3.965008717794455e-06,4.113928728031869e-06,4.263386152914009e-06,4.413281948400239e-06,4.56352101002078e-06,4.714012106651748e-06,4.8646678091720584e-06,5.015404414715899e-06,5.166141867173265e-06,5.3168036745418496e-06,5.467316823684068e-06,5.617611692998825e-06,5.767621963470404e-06,5.917284528522153e-06,6.066539403059963e-06,6.215329632057908e-06,6.363601199004465e-06,6.511302934496463e-06,6.6583864252393095e-06,6.804805923686866e-06,6.950518258525157e-06,7.095482746186648e-06,7.239661103554545e-06,7.383017362002416e-06,7.525517782889382e-06,7.667130774622632e-06,7.807826811374084e-06,7.947578353531865e-06,8.086359769948906e-06,8.224147262040564e-06,8.360918789773772e-06,8.49665399957704e-06,8.631334154195238e-06,8.76494206450012e-06,8.89746202326652e-06,9.028879740910854e-06,9.15918228318769e-06,9.288358010830803e-06,9.41639652112537e-06,9.543288591386045e-06,9.669026124321719e-06,9.793602095254435e-06,9.917010501167385e-06,1.0039246311542007e-05,1.0160305420957713e-05,1.028018460341094e-05,1.0398881468316212e-05,1.0516394418154769e-05,1.0632722607723677e-05,1.0747865904949694e-05,1.0861824853224474e-05,1.0974600635217866e-05,1.1086195038130628e-05,1.1196610420341719e-05,1.130584967941086e-05,1.1413916221390738e-05,1.1520813931414282e-05,1.1626547145508713e-05,1.1731120623602583e-05,1.1834539523681228e-05,1.1936809377055033e-05,1.2037936064700861e-05,1.2137925794639314e-05,1.223678508031072e-05,1.2334520719913493e-05,1.2431139776673212e-05,1.2526649560002308e-05,1.2621057607522912e-05,1.2714371667916513e-05,1.2806599684569725e-05,1.2897749779988168e-05,1.298783024094445e-05,1.3076849504333406e-05,1.3164816143708801e-05,1.3251738856469742e-05,1.3337626451676064e-05,1.3422487838459473e-05,1.3506332015018196e-05,1.358916805815618e-05,1.367100511335752e-05,1.3751852385365544e-05,1.3831719129248756e-05,1.3910614641933323e-05,1.3988548254178588e-05,1.4065529322982198e-05,1.4141567224392685e-05,1.4216671346710738e-05,1.429085108406628e-05,1.4364115830352068e-05,1.443647497349902e-05,1.4507937890074262e-05,1.4578513940197434e-05,1.4648212462749194e-05,1.4717042770865908e-05,1.4785014147705642e-05,1.48521358424718e-05,1.4918417066687178e-05,1.498386699070023e-05,1.5048494740416102e-05,1.5112309394245023e-05,1.5175319980251737e-05,1.5237535473500659e-05,1.5298964793586007e-05,1.5359616802338937e-05,1.5419500301702084e-05,1.547862403176411e-05,1.5536996668944842e-05,1.559462682432932e-05,1.565152304213361e-05,1.5707693798305215e-05,1.576314749924693e-05,1.581789248065724e-05,1.5871937006483316e-05,1.5925289267982493e-05,1.5977957382879937e-05,1.6029949394625658e-05,1.6081273271741597e-05,1.613193690725217e-05,1.6181948118198924e-05,1.6231314645231135e-05,1.6280044152267322e-05,1.632814422622872e-05,1.637562237683667e-05,1.6422486036469477e-05,1.6468742560080006e-05,1.6514399225166554e-05,1.6559463231794915e-05,1.6603941702670504e-05,1.6647841683255517e-05,1.6691170141926725e-05,1.673393397017912e-05,1.6776139982861403e-05,1.6817794918451706e-05,1.685890543936379e-05,1.6899478132286044e-05,1.693951950854832e-05,1.697903600451773e-05,1.7018033982018648e-05,1.7056519728776177e-05,1.7094499458882817e-05,1.713197931328357e-05,1.7168965360282373e-05,1.7205463596063623e-05,1.7241479945231557e-05,1.7277020261363768e-05,1.7312090327577567e-05,1.7346695902761963e-05,1.7380842539358627e-05,1.7414535858722734e-05,1.7447781367861507e-05,1.748058450644482e-05,1.751295064734405e-05,1.754488509723932e-05,1.7576393097251736e-05,1.7607479823581484e-05,1.763815038815749e-05,1.7668409839286644e-05,1.769826316230863e-05,1.772771528025083e-05,1.7756771054489084e-05,1.778543528540367e-05,1.7813712713041498e-05,1.784160801777595e-05,1.7869125820966853e-05,1.7896270685619325e-05,1.792304711704166e-05,1.7949459563504907e-05,1.7975512416893425e-05,1.8001210013361827e-05,1.8026556633983386e-05,1.805155650539839e-05,1.807621380045815e-05,1.810053263886777e-05,1.8124517087822743e-05,1.8148171162644415e-05,1.817149882740858e-05,1.8194503995574457e-05,1.821719053060399e-05,1.8239562246580988e-05,1.8261622908821834e-05,1.828337623448706e-05,1.8304825893181026e-05,1.832597550755188e-05,1.834682865388541e-05,1.8367388862690877e-05,1.8387659619285833e-05,1.840764436437126e-05,1.8427346494605114e-05,1.844676936316833e-05,1.8465916280325343e-05,1.848479051397834e-05,1.8503395290218783e-05,1.852173379386996e-05,1.8539809169024726e-05,1.855762451957963e-05,1.85751829097595e-05,1.8592487364641097e-05,1.8609540870664094e-05,1.8626346376144358e-05,1.864290679177603e-05,1.8659224991129154e-05,1.8675303811141738e-05,1.869114605260579e-05,1.870675448064873e-05,1.8722131825208083e-05,1.873728078149948e-05,1.875220401048078e-05,1.8766904139310342e-05,1.8781383761798637e-05,1.8795645438855407e-05,1.8809691698928544e-05,1.8823525038443683e-05,1.8837147922229078e-05,1.8850562783944417e-05,1.886377202649752e-05,1.8876778022459477e-05,1.888958311447179e-05,1.8902189615649865e-05,1.8914599809981528e-05,1.892681595271969e-05,1.8938840270768632e-05,1.895067496306736e-05,1.8962322200967264e-05,1.8973784128603404e-05,1.898506286326273e-05,1.8996160495746812e-05,1.9007079090727958e-05,1.9017820687104156e-05,1.902838729834469e-05,1.9038780912835742e-05,1.9049003494217573e-05,1.9059056981718895e-05,1.906894329048675e-05,1.9078664311911645e-05,1.9088221913946516e-05,1.9097617941425426e-05,1.9106854216372834e-05,1.9115932538313333e-05,1.9124854684572727e-05,1.9133622410578834e-05,1.9142237450155693e-05,1.9150701515814258e-05,1.9159016299038996e-05,1.916718347057194e-05,1.9175204680689317e-05,1.9183081559478273e-05,1.9190815717108034e-05,1.919840874409582e-05,1.9205862211571237e-05,1.9213177671537195e-05,1.9220356657123372e-05,1.922740068284202e-05,1.923431124483517e-05,1.924108982111993e-05,1.9247737871832185e-05,1.925425683946335e-05,1.9260648149098098e-05,1.926691320864481e-05,1.9273053409063247e-05,1.927907012459294e-05,1.9284964712972972e-05,1.9290738515662876e-05,1.9296392858058062e-05,1.9301929049702116e-05,1.9307348384498665e-05,1.9312652140917345e-05,1.931784158219621e-05,1.9322917956547305e-05,1.9327882497351044e-05,1.933273642335389e-05,1.933748093886052e-05,1.9342117233923272e-05,1.9346646484531927e-05,1.9351069852795516e-05,1.935538848712681e-05,1.9359603522420335e-05,1.9363716080230503e-05,1.936772726894605e-05,1.937163818396034e-05,1.937544990784414e-05,1.93791635105108e-05,1.9382780049380942e-05,1.9386300569546408e-05,1.9389726103929492e-05,1.9393057673441823e-05,1.9396296287138973e-05,1.9399442942374062e-05,1.940249862495172e-05,1.9405464309274352e-05,1.940834095849073e-05,1.9411129524640726e-05,1.9413830948799256e-05,1.9416446161215766e-05,1.9418976081454936e-05,1.9421421618533678e-05,1.9423783671054922e-05,1.942606312734402e-05,1.942826086557443e-05,1.9430377753904646e-05,1.9432414650600564e-05,1.943437240416483e-05,1.943625185345898e-05,1.9438053827826994e-05,1.943977914721551e-05,1.9441428622294093e-05,1.9443003054571038e-05,1.9444503236511655e-05,1.944592995165021e-05,1.94472839747036e-05,1.9448566071682622e-05,1.9449777000001584e-05,1.945091750858534e-05,1.9451988337977577e-05,1.9452990220444232e-05,1.9453923880077864e-05,1.9454790032900628e-05,1.9455589386963713e-05,1.945632264244714e-05,1.9456990491758628e-05,1.9457593619629052e-05,1.945813270320942e-05,1.9458608412162518e-05,1.945902140875908e-05,1.9459372347965487e-05,1.9459661877537246e-05,1.945989063810565e-05,1.9460059263267565e-05,1.946016837967014e-05,1.9460218607097353e-05,1.946021055855558e-05,1.9460144840352643e-05,1.946002205218422e-05,1.945984278721278e-05,1.945960763214701e-05,1.945931716732056e-05,1.9458971966771888e-05,1.945857259831701e-05,1.9458119623627758e-05,1.9457613598307256e-05,1.945705507195971e-05,1.9456444588266346e-05,1.945578268505583e-05,1.94550698943742e-05,1.9454306742556628e-05,1.945349375029213e-05,1.945263143269706e-05,1.9451720299376606e-05,1.945076085449472e-05,1.94497535968363e-05,1.944869901987353e-05,1.9447597611829216e-05,1.9446449855737832e-05,1.9445256229509152e-05,1.9444017205986485e-05,1.9442733253010903e-05,1.9441404833476247e-05,1.9440032405391067e-05,1.9438616421934397e-05,1.943715733151205e-05,1.9435655577817136e-05,1.9434111599880017e-05,1.943252583212696e-05,1.9430898704433018e-05,1.942923064217504e-05,1.9427522066283317e-05,1.9425773393297983e-05,1.9423985035414862e-05,1.942215740053904e-05,1.9420290892335116e-05,1.9418385910274757e-05,1.9416442849686425e-05,1.9414462101803922e-05,1.9412444053813146e-05,1.9410389088899038e-05,1.940829758629131e-05,1.94061699213117e-05,1.940400646541657e-05,1.9401807586243585e-05,1.9399573647654584e-05,1.939730500977924e-05,1.9395002029056735e-05,1.939266505827974e-05,1.9390294446634933e-05,1.9387890539743655e-05,1.938545367970543e-05,1.9382984205134012e-05,1.9380482451198892e-05,1.9377948749665874e-05,1.9375383428933427e-05,1.9372786814071236e-05,1.9370159226858623e-05,1.936750098582162e-05,1.936481240626856e-05,1.9362093800327225e-05,1.9359345476981155e-05,1.9356567742103736e-05,1.9353760898492714e-05,1.935092524590755e-05,1.934806108109915e-05,1.9345168697847567e-05,1.934224838699143e-05,1.933930043646461e-05,1.9336325131323888e-05,1.933332275378576e-05,1.9330293583254657e-05,1.9327237896355352e-05,1.9324155966963137e-05,1.932104806623494e-05,1.931791446263916e-05,1.9314755421984246e-05,1.9311571207449662e-05,1.9308362079613046e-05,1.930512829648081e-05,1.9301870113514202e-05,1.929858778365871e-05,1.9295281557370003e-05,1.9291951682644015e-05,1.928859840504017e-05,1.9285221967710213e-05,1.9281822611424173e-05,1.9278400574595278e-05,1.927495609330646e-05,1.9271489401335042e-05,1.92680007301781e-05,1.926449030907691e-05,1.926095836504124e-05,1.9257405122873574e-05,1.92538308051923e-05,1.925023563245638e-05,1.9246619822986978e-05,1.924298359299189e-05,1.9239327156587235e-05,1.9235650725819625e-05,1.9231954510689566e-05,1.9228238719172017e-05,1.922450355723792e-05,1.922074922887701e-05,1.9216975936116867e-05,1.9213183879045258e-05,1.9209373255830275e-05,1.920554426273995e-05,1.9201697094162977e-05,1.9197831942630003e-05,1.9193948998829573e-05,1.919004845163007e-05,1.9186130488100525e-05,1.91821952935249e-05,1.917824305142479e-05,1.9174273943576112e-05,1.9170288150027626e-05,1.91662858491194e-05,1.9162267217500325e-05,1.9158232430145682e-05,1.9154181660373976e-05,1.915011507986666e-05,1.9146032858681304e-05,1.9141935165271544e-05,1.91378221665024e-05,1.913369402766718e-05,1.912955091250312e-05,1.9125392983207615e-05,1.9121220400454847e-05,1.911703332341097e-05,1.9112831909748916e-05,1.9108616315664682e-05,1.9104386695892425e-05,1.910014320371837e-05,1.909588599099781e-05,1.9091615208167325e-05,1.908733100426035e-05,1.9083033526921497e-05,1.9078722922421347e-05,1.9074399335668775e-05,1.9070062910226326e-05,1.9065713788322673e-05,1.9061352110867315e-05,1.9056978017463536e-05,1.905259164642087e-05,1.9048193134768223e-05,1.90437826182688e-05,1.903936023143048e-05,1.9034926107518812e-05,1.903048037857126e-05,1.9026023175406415e-05,1.9021554627640747e-05,1.901707486369451e-05,1.90125840108111e-05,1.9008082195061607e-05,1.900356954136148e-05,1.8999046173479437e-05,1.899451221405053e-05,1.8989967784586398e-05,1.8985413005486478e-05,1.898084799604948e-05,1.8976272874484275e-05,1.897168775791997e-05,1.896709276241749e-05,1.896248800297979e-05,1.8957873593561776e-05,1.8953249647081395e-05,1.8948616275429738e-05,1.8943973589480125e-05,1.8939321699099745e-05,1.893466071315831e-05,1.892999073953831e-05,1.8925311885144026e-05,1.892062425591257e-05,1.8915927956821397e-05,1.8911223091899035e-05,1.890650976423416e-05,1.8901788075983737e-05,1.889705812838355e-05,1.8892320021756377e-05,1.8887573855520598e-05,1.888281972819925e-05,1.8878057737428697e-05,1.8873287979967022e-05,1.886851055170315e-05,1.8863725547664773e-05,1.885893306202593e-05,1.8854133188116527e-05,1.8849326018429157e-05,1.8844511644628227e-05,1.883969015755734e-05,1.883486164724774e-05,1.8830026202925193e-05,1.8825183913017895e-05,1.882033486516512e-05,1.8815479146222832e-05,1.8810616842273133e-05,1.8805748038630455e-05,1.880087281984888e-05,1.879599126972939e-05,1.8791103471328792e-05,1.8786209506963142e-05,1.8781309458218127e-05,1.8776403405954096e-05,1.877149143031459e-05,1.8766573610730064e-05,1.8761650025927394e-05,1.875672075393664e-05,1.875178587209547e-05,1.8746845457057038e-05,1.874189958479622e-05,1.8736948330615938e-05,1.8731991769152816e-05,1.872702997438569e-05,1.8722063019637883e-05,1.8717090977587606e-05,1.8712113920269932e-05,1.870713191908626e-05,1.870214504480816e-05,1.8697153367583628e-05,1.869215695694335e-05,1.8687155881805462e-05,1.868215021048222e-05,1.8677140010685738e-05,1.8672125349532827e-05,1.8667106293549503e-05,1.8662082908679574e-05,1.8657055260286284e-05,1.8652023413161076e-05,1.8646987431525537e-05,1.8641947379040068e-05,1.863690331880638e-05,1.8631855313373395e-05,1.8626803424742924e-05,1.862174771437338e-05,1.8616688243186894e-05,1.861162507157145e-05,1.8606558259387954e-05,1.8601487865974968e-05,1.8596413950151713e-05,1.8591336570224035e-05,1.8586255783989636e-05,1.8581171648740764e-05,1.857608422127125e-05,1.8570993557878494e-05,1.8565899714370415e-05,1.8560802746068184e-05,1.8555702707810795e-05,1.855059965396074e-05,1.854549363840632e-05,1.8540384714567835e-05,1.8535272935399783e-05,1.8530158353396677e-05,1.85250410205981e-05,1.851992098858823e-05,1.851479830850582e-05,1.8509673031044973e-05,1.8504545206458574e-05,1.8499414884562764e-05,1.849428211474342e-05,1.8489146945956446e-05,1.8484009426733138e-05,1.8478869605184182e-05,1.847372752900265e-05,1.8468583245469042e-05,1.8463436801453137e-05,1.8458288243418725e-05,1.8453137617427532e-05,1.844798496914224e-05,1.844283034382926e-05,1.8437673786364206e-05,1.843251534123344e-05,1.8427355052538593e-05,1.8422192963999394e-05,1.8417029118957276e-05,1.841186356037927e-05,1.8406696330859912e-05,1.840152747262599e-05,1.839635702753909e-05,1.839118503709831e-05,1.8386011542444483e-05,1.8380836584362437e-05,1.8375660203284355e-05,1.837048243929421e-05,1.8365303332127975e-05,1.8360122921179258e-05,1.8354941245500026e-05,1.8349758343807387e-05,1.8344574254481196e-05,1.8339389015570613e-05,1.833420266479729e-05,1.8329015239555288e-05,1.832382677691741e-05,1.831863731363503e-05,1.831344688614217e-05,1.8308255530558574e-05,1.8303063282691954e-05,1.8297870178040997e-05,1.82926762517971e-05,1.828748153884799e-05,1.8282286073780474e-05,1.8277089890881727e-05,1.8271893024144343e-05,1.8266695507265507e-05,1.8261497373652172e-05,1.8256298656422736e-05,1.8251099388409302e-05,1.824589960216065e-05,1.824069932994321e-05,1.8235498603746223e-05,1.8230297455280865e-05,1.8225095915985267e-05,1.821989401702553e-05,1.8214691789298052e-05,1.8209489263432782e-05,1.820428646979348e-05,1.8199083438482787e-05,1.8193880199342042e-05,1.8188676781954527e-05,1.8183473215647906e-05,1.8178269529495603e-05,1.81730657523197e-05,1.8167861912692247e-05,1.8162658038938894e-05,1.8157454159138874e-05,1.8152250301128316e-05,1.8147046492503025e-05,1.8141842760618058e-05,1.8136639132593242e-05,1.8131435635311858e-05,1.8126232295424702e-05,1.8121029139350453e-05,1.8115826193279588e-05,1.8110623483174748e-05,1.8105421034773235e-05,1.8100218873588347e-05,1.809501702491272e-05,1.8089815513817882e-05,1.8084614365158256e-05,1.8079413603572216e-05,1.8074213253482856e-05,1.8069013339101355e-05,1.80638138844282e-05,1.805861491325448e-05,1.8053416449164285e-05,1.8048218515535765e-05,1.8043021135544002e-05,1.8037824332160248e-05,1.8032628128157285e-05,1.8027432546107817e-05,1.8022237608387923e-05,1.8017043337177377e-05,1.8011849754463424e-05,1.8006656882038818e-05,1.800146474150772e-05,1.7996273354284614e-05,1.7991082741595274e-05,1.7985892924480986e-05,1.798070392379687e-05,1.7975515760216656e-05,1.7970328454231697e-05,1.7965142026153464e-05,1.7959956496115485e-05,1.7954771884072956e-05,1.7949588209807065e-05,1.7944405492923696e-05,1.7939223752856313e-05,1.7934043008867817e-05,1.792886328004976e-05,1.7923684585326762e-05,1.791850694345474e-05,1.7913330373025818e-05,1.790815489246603e-05,1.790298052003846e-05,1.7897807273845504e-05,1.7892635171828143e-05,1.7887464231768874e-05,1.7882294471292053e-05,1.7877125907865875e-05,1.7871958558802373e-05,1.7866792441261273e-05,1.78616275722478e-05,1.7856463968616517e-05,1.78513016470719e-05,1.7846140624168815e-05,1.7840980916314953e-05,1.7835822539770434e-05,1.7830665510650552e-05,1.7825509844926846e-05,1.7820355558427277e-05,1.7815202666836568e-05,1.781005118570056e-05,1.7804901130424506e-05,1.779975251627545e-05,1.779460535838271e-05,1.7789459671739093e-05,1.7784315471202693e-05,1.777917277149765e-05,1.777403158721425e-05,1.7768891932810904e-05,1.776375382261627e-05,1.7758617270827637e-05,1.7753482291514344e-05,1.7748348898617537e-05,1.7743217105951336e-05,1.7738086927205517e-05,1.7732958375943315e-05,1.772783146560509e-05,1.772270620950858e-05,1.7717582620849545e-05,1.7712460712702413e-05,1.77073404980231e-05,1.770222198964681e-05,1.7697105200292644e-05,1.769199014256172e-05,1.7686876828939035e-05,1.768176527179476e-05,1.7676655483384705e-05,1.767154747585113e-05,1.7666441261224774e-05,1.7661336851423842e-05,1.7656234258256475e-05,1.765113349342137e-05,1.7646034568507087e-05,1.764093749499589e-05,1.7635842284260723e-05,1.763074894757031e-05,1.762565749608685e-05,1.7620567940868208e-05,1.761548029286876e-05,1.7610394562938517e-05,1.760531076182728e-05,1.760022890018256e-05,1.759514898855085e-05,1.7590071037378995e-05,1.75849950570156e-05,1.7579921057710616e-05,1.7574849049617263e-05,1.7569779042790483e-05,1.7564711047190863e-05,1.7559645072682942e-05,1.7554581129037278e-05,1.7549519225930945e-05,1.7544459372947738e-05,1.7539401579579776e-05,1.753434585522697e-05,1.7529292209199126e-05,1.7524240650715806e-05,1.7519191188907167e-05,1.751414383281551e-05,1.7509098591393683e-05,1.750405547350853e-05,1.7499014487940256e-05,1.749397564338255e-05,1.7488938948444877e-05,1.7483904411651197e-05,1.7478872041442493e-05,1.747384184617512e-05,1.7468813834124938e-05,1.746378801348427e-05,1.7458764392364985e-05,1.74537429787971e-05,1.7448723780732562e-05,1.7443706806042895e-05,1.7438692062520587e-05,1.7433679557879912e-05,1.7428669299758624e-05,1.742366129571652e-05,1.7418655553237577e-05,1.74136520797296e-05,1.740865088252576e-05,1.7403651968884095e-05,1.739865534598965e-05,1.7393661020952982e-05,1.7388669000811844e-05,1.7383679292532596e-05,1.7378691903009305e-05,1.7373706839065063e-05,1.7368724107451738e-05,1.7363743714852235e-05,1.7358765667879094e-05,1.7353789973076254e-05,1.734881663691932e-05,1.734384566581515e-05,1.7338877066104492e-05,1.7333910844060316e-05,1.732894700589011e-05,1.7323985557734107e-05,1.7319026505668745e-05,1.7314069855704585e-05,1.7309115613789097e-05,1.7304163785804278e-05,1.7299214377570083e-05,1.7294267394842993e-05,1.7289322843317414e-05,1.7284380728626407e-05,1.7279441056340828e-05,1.7274503831970696e-05,1.7269569060966094e-05,1.7264636748716253e-05,1.725970690055238e-05,1.7254779521745243e-05,1.7249854617507703e-05,1.7244932192994244e-05,1.724001225330183e-05,1.7235094803470362e-05,1.7230179848481803e-05,1.722526739326351e-05,1.722035744268566e-05,1.7215450001562913e-05,1.7210545074656207e-05,1.72056426666695e-05,1.7200742782254857e-05,1.719584542600932e-05,1.7190950602476814e-05,1.7186058316147776e-05,1.718116857146125e-05,1.7176281372802854e-05,1.717139672450715e-05,1.7166514630857136e-05,1.716163509608503e-05,1.715675812437173e-05,1.715188371984873e-05,1.714701188659816e-05,1.7142142628650545e-05,1.7137275949990176e-05,1.7132411854550462e-05,1.7127550346218346e-05,1.7122691428831036e-05,1.711783510617933e-05,1.711298138200663e-05,1.7108130260009433e-05,1.7103281743837647e-05,1.7098435837095073e-05,1.7093592543339912e-05,1.70887518660852e-05,1.708391380879863e-05,1.7079078374903146e-05,1.7074245567776728e-05,1.7069415390755124e-05,1.7064587847127836e-05,1.7059762940143554e-05,1.7054940673006238e-05,1.7050121048878137e-05,1.7045304070877788e-05,1.7040489742083875e-05,1.7035678065530934e-05,1.703086904421438e-05,1.7026062681086507e-05,1.7021258979060296e-05,1.7016457941007493e-05,1.7011659569759917e-05,1.7006863868110505e-05,1.7002070838810587e-05,1.699728066075457e-05,1.6992493102506194e-05,1.6987708197949843e-05,1.698292596350444e-05,1.6978146408413207e-05,1.6973369538174652e-05,1.696859535700326e-05,1.696382386807274e-05,1.695905507413113e-05,1.6954288977723797e-05,1.6949525581265853e-05,1.694476488709893e-05,1.694000689751048e-05,1.6935251614729014e-05,1.6930499040959963e-05,1.692574917828377e-05,1.6921002028907613e-05,1.6916257594923008e-05,1.6911515878387088e-05,1.6906776881323755e-05,1.6902040605723213e-05,1.689730705354146e-05,1.689257622695607e-05,1.6887848127602274e-05,1.688312275733796e-05,1.687840011813485e-05,1.687368021165264e-05,1.686896303963639e-05,1.6864248603840255e-05,1.685953690590972e-05,1.6854827947561793e-05,1.6850121730444785e-05,1.6845418256116067e-05,1.684071752618679e-05,1.6836019542184866e-05,1.6831324305668896e-05,1.6826631818073044e-05,1.6821942080861316e-05,1.681725509548836e-05,1.6812570863361598e-05,1.6807889385762676e-05,1.6803210664135406e-05,1.6798534699766784e-05,1.6793861493817147e-05,1.6789191045249395e-05,1.6784523359665596e-05,1.6779858435543894e-05,1.677519627497781e-05,1.6770536879097322e-05,1.6765880249147315e-05,1.6761226385939106e-05,1.6756575291048195e-05,1.67519269637123e-05,1.6747281407060625e-05,1.674263862103849e-05,1.6737998606969623e-05,1.6733361366174936e-05,1.6728726898550554e-05,1.6724095205468805e-05,1.6719466287820086e-05,1.6714840146986526e-05,1.6710216782641054e-05,1.6705596196035676e-05,1.6700978387843483e-05,1.6696363358921196e-05,1.669175111012181e-05,1.6687141642236288e-05,1.668253495570401e-05,1.6677931051249132e-05,1.6673329929584105e-05,1.6668731591212595e-05,1.6664136036709876e-05,1.6659543266632473e-05,1.6654953281512295e-05,1.665036608181961e-05,1.6645781668084403e-05,1.664120004077288e-05,1.6636621200331783e-05,1.6632045147183724e-05,1.6627471881731693e-05,1.6622901404275726e-05,1.6618333715257772e-05,1.6613768814715594e-05,1.6609206703252306e-05,1.6604647381175105e-05,1.66000908487659e-05,1.6595537106268237e-05,1.6590986153940397e-05,1.6586437991989252e-05,1.658189262062155e-05,1.6577350040009572e-05,1.6572810250309605e-05,1.6568273251669706e-05,1.656373904421106e-05,1.655920762804287e-05,1.6554679003244582e-05,1.6550153169889172e-05,1.6545630128029997e-05,1.654110987769118e-05,1.653659241888926e-05,1.653207775161278e-05,1.6527565876543607e-05,1.652305679270536e-05,1.6518550500409292e-05,1.6514046999196728e-05,1.6509546289052152e-05,1.6505048370229665e-05,1.6500553242147896e-05,1.6496060904922814e-05,1.649157135867856e-05,1.64870846034347e-05,1.6482600637225343e-05,1.6478119461921387e-05,1.6473641076259538e-05,1.6469165480263984e-05,1.6464692673612502e-05,1.646022265602725e-05,1.6455755427215707e-05,1.645129098686844e-05,1.6446829334661693e-05,1.6442370470256082e-05,1.6437914393293747e-05,1.6433461103407054e-05,1.6429010600215633e-05,1.642456288331609e-05,1.6420117952307605e-05,1.6415675806730318e-05,1.6411236446160305e-05,1.640679987012719e-05,1.640236607814992e-05,1.639793506977056e-05,1.639350684447843e-05,1.6389081401757644e-05,1.6384658741026795e-05,1.6380238861857294e-05,1.637582176363161e-05,1.6371407445798187e-05,1.6366995907954204e-05,1.6362587148827357e-05,1.6358181168513217e-05,1.635377796617111e-05,1.6349377541156706e-05,1.6344979893360604e-05,1.6340585019298873e-05,1.6336192922352197e-05,1.633180360007474e-05,1.6327417051719963e-05,1.632303327661483e-05,1.6318652274034348e-05,1.6314274043614177e-05,1.6309898583918323e-05,1.6305525894508192e-05,1.6301155974609227e-05,1.6296788823441084e-05,1.6292424440206298e-05,1.6288062824102034e-05,1.628370397430872e-05,1.627934788999617e-05,1.62749945699589e-05,1.6270644014016013e-05,1.626629622100696e-05,1.6261951190055878e-05,1.625760892028983e-05,1.625326941079188e-05,1.624893266065626e-05,1.6244598668967433e-05,1.624026743479935e-05,1.6235938957211217e-05,1.623161323396976e-05,1.6227290265408537e-05,1.6222970050576637e-05,1.62186525884513e-05,1.621433787808765e-05,1.6210025918469098e-05,1.620571670859149e-05,1.6201410247426145e-05,1.6197106533952058e-05,1.6192805567135662e-05,1.6188507345901322e-05,1.6184211869217974e-05,1.6179919136012508e-05,1.617562914522244e-05,1.6171341895743147e-05,1.61670573864957e-05,1.6162775616368026e-05,1.6158496584257506e-05,1.6154220289028418e-05,1.6149946729561172e-05,1.614567590471423e-05,1.6141407813333362e-05,1.6137142454275594e-05,1.6132879826376035e-05,1.6128619928447805e-05,1.6124362759343123e-05,1.612010831783943e-05,1.6115856602738856e-05,1.6111607612862858e-05,1.6107361346976636e-05,1.610311780387036e-05,1.6098876982303926e-05,1.6094638881050015e-05,1.6090403498840646e-05,1.6086170834445302e-05,1.60819408865979e-05,1.6077713654029286e-05,1.6073489135473316e-05,1.606926732962662e-05,1.606504823521594e-05,1.6060831850932774e-05,1.6056618175490675e-05,1.6052407207542837e-05,1.604819894578914e-05,1.6043993388909694e-05,1.60397905355733e-05,1.6035590385843113e-05,1.6031392936958402e-05,1.6027198187562814e-05,1.6023006136300824e-05,1.601881678179603e-05,1.6014630122675466e-05,1.6010446157549664e-05,1.600626488503839e-05,1.6002086303750615e-05,1.59979104122084e-05,1.5993737209086316e-05,1.5989566692971255e-05,1.5985398862441116e-05,1.598123371607325e-05,1.5977071252436324e-05,1.597291147093837e-05,1.5968754368415564e-05,1.5964599945244178e-05,1.5960448198098016e-05,1.5956299126429116e-05,1.5952152728776802e-05,1.5948009003650592e-05,1.594386794961453e-05,1.5939729565119544e-05,1.593559384875118e-05,1.593146079898001e-05,1.59273304143113e-05,1.5923202693233518e-05,1.5919077634237537e-05,1.5914955235793748e-05,1.5910835496409303e-05,1.5906718414529333e-05,1.5902603988628488e-05,1.589849221717517e-05,1.5894383098610422e-05,1.589027663140784e-05,1.588617281403872e-05,1.588207164489122e-05,1.5877973122427376e-05,1.5873877245080246e-05,1.586978401127876e-05,1.586569341943084e-05,1.5861605467933588e-05,1.585752015529252e-05,1.5853437479865118e-05,1.5849357440055334e-05,1.5845280035252763e-05,1.5841205262121105e-05,1.583713311953825e-05,1.5833063606155637e-05,1.582899672058973e-05,1.582493246074936e-05,1.582087082538673e-05,1.581681181282391e-05,1.5812755421091004e-05,1.5808701648779607e-05,1.5804650494259467e-05,1.580060195586934e-05,1.579655603199136e-05,1.57925127209029e-05,1.5788472020841683e-05,1.5784433930530177e-05,1.5780398448061395e-05,1.577636557180232e-05,1.577233530006236e-05,1.5768307631166267e-05,1.5764282563434067e-05,1.5760260095182606e-05,1.5756240224717203e-05,1.5752222949989055e-05,1.5748208269597703e-05,1.574419618225186e-05,1.5740186685611318e-05,1.573617977858945e-05,1.573217545916709e-05,1.5728173725634473e-05,1.5724174576300075e-05,1.5720178009150675e-05,1.5716184023091497e-05,1.571219261594611e-05,1.57082037860897e-05,1.5704217531820188e-05,1.5700233851368346e-05,1.5696252743028502e-05,1.5692274205018603e-05,1.568829823561935e-05,1.5684324833187147e-05,1.568035399590922e-05,1.5676385721892923e-05,1.5672420009516677e-05,1.5668456857060446e-05,1.5664496262270286e-05,1.5660538225503807e-05,1.5656582741995643e-05,1.5652629811301068e-05,1.5648679431667405e-05,1.5644731601308406e-05,1.5640786318536944e-05,1.5636843581755737e-05,1.5632903388642137e-05,1.5628965738065482e-05,1.5625030627504825e-05,1.5621098055551195e-05,1.5617168020685916e-05,1.5613240520461394e-05,1.560931555325981e-05,1.5605393117355665e-05,1.56014732110481e-05,1.5597555831777076e-05,1.5593640979456393e-05,1.5589728651877933e-05,1.5585818845113186e-05,1.5581911560394464e-05,1.5578006792679255e-05,1.5574104543840175e-05,1.5570204810241952e-05,1.5566307589845334e-05,1.5562412880555697e-05,1.555852068134209e-05,1.5554630991479797e-05,1.5550743806182267e-05,1.554685912524375e-05,1.5542976948104664e-05,1.5539097273211213e-05,1.5535220094154456e-05,1.553134541173513e-05,1.552747322472198e-05,1.5523603530764556e-05,1.5519736328204015e-05,1.5515871614920657e-05,1.5512009390262568e-05,1.5508149651009793e-05,1.5504292395600116e-05,1.5500437622590286e-05,1.549658533007545e-05,1.5492735516073896e-05,1.5488888178735452e-05,1.5485043316209013e-05,1.5481200926641427e-05,1.547736100810776e-05,1.5473523558894412e-05,1.5469688576841633e-05,1.5465856060555612e-05,1.5462026007708542e-05,1.5458198416669037e-05,1.5454373285750507e-05,1.545055061274593e-05,1.5446730396144998e-05,1.5442912633904042e-05,1.5439097324155387e-05,1.5435284465022603e-05,1.543147405465444e-05,1.542766609117877e-05,1.5423860572715314e-05,1.5420057497390504e-05,1.5416256863324853e-05,1.5412458668661016e-05,1.5408662911342887e-05,1.5404869589842164e-05,1.540107870209869e-05,1.5397290246253235e-05,1.539350422041819e-05,1.538972062251362e-05,1.5385939450927928e-05,1.538216070384678e-05,1.5378384379251312e-05,1.5374610475356673e-05,1.537083898990346e-05,1.5367069920951154e-05,1.5363303267520192e-05,1.535953902707215e-05,1.5355777197829583e-05,1.535201777780602e-05,1.5348260766720828e-05,1.5344506159653596e-05,1.5340753956206484e-05,1.5337004154337324e-05,1.5333256752455333e-05,1.532951174853037e-05,1.5325769140424815e-05,1.5322028926440314e-05,1.5318291105521133e-05,1.5314555674396443e-05,1.531082263176092e-05,1.5307091975702646e-05,1.5303363704326136e-05,1.5299637815865868e-05,1.5295914308304372e-05,1.5292193179750684e-05,1.5288474428309382e-05,1.5284758052082618e-05,1.5281044049173236e-05,1.5277332417683684e-05,1.5273623155716286e-05,1.5269916261372766e-05,1.5266211732754447e-05,1.526250956796212e-05,1.5258809765097182e-05,1.5255112322260268e-05,1.5251417237551907e-05,1.5247724509072097e-05,1.5244034134920624e-05,1.5240346113198062e-05,1.5236660442002127e-05,1.5232977119434593e-05,1.5229296143593678e-05,1.522561751257817e-05,1.522194122448775e-05,1.5218267277420657e-05,1.521459566947647e-05,1.5210926398753115e-05,1.520725946334953e-05,1.5203594861366049e-05,1.5199932590789278e-05,1.519627264982869e-05,1.5192615036581317e-05,1.5188959749146424e-05,1.5185306785702183e-05,1.5181656144268383e-05,1.517800782293073e-05,1.5174361819631355e-05,1.5170718132649958e-05,1.5167076760073459e-05,1.51634377000149e-05,1.5159800950558578e-05,1.515616650980809e-05,1.5152534375865169e-05,1.5148904546837689e-05,1.514527702081349e-05,1.5141651795900227e-05,1.5138028870188927e-05,1.5134408241790948e-05,1.5130789908793774e-05,1.5127173869311458e-05,1.5123560121440082e-05,1.5119948663279976e-05,1.5116339492933232e-05,1.5112732608497564e-05,1.5109128008074896e-05,1.5105525689773328e-05,1.5101925651692378e-05,1.5098327891933704e-05,1.5094732408606871e-05,1.5091139199804215e-05,1.5087548263636652e-05,1.5083959598211838e-05,1.5080373201628517e-05,1.5076789071986068e-05,1.5073207207403023e-05,1.5069627605978175e-05,1.5066050265812664e-05,1.5062475185022877e-05,1.5058902361830465e-05,1.5055331794216993e-05,1.5051763478523851e-05,1.5048197416389374e-05,1.5044633603858303e-05,1.50410720396502e-05,1.503751272150935e-05,1.5033955648235052e-05,1.5030400816934463e-05,1.5026848225924949e-05,1.5023297873381304e-05,1.5019749757524804e-05,1.5016203876467334e-05,1.501266022832182e-05,1.5009118811205589e-05,1.5005579623230458e-05,1.5002042662516643e-05,1.4998507927173748e-05,1.4994975415317638e-05,1.49914451250702e-05,1.4987917054544072e-05,1.4984391201866624e-05,1.4980867565145262e-05,1.4977346142507151e-05,1.4973826932077322e-05,1.4970309931960561e-05,1.4966795140291097e-05,1.4963282555186353e-05,1.4959772174772491e-05,1.495626399716718e-05,1.4952758020497085e-05,1.4949254242887411e-05,1.4945752662470281e-05,1.4942253277365181e-05,1.493875608618299e-05,1.4935261087027286e-05,1.4931768276527527e-05,1.4928277653862445e-05,1.4924789217040722e-05,1.4921302964673936e-05,1.4917818894367946e-05,1.49143370045682e-05,1.491085729324173e-05,1.4907379758530821e-05,1.4903904398393972e-05,1.4900431211259218e-05,1.4896960195019464e-05,1.4893491348212937e-05,1.4890024668465387e-05,1.4886560154145481e-05,1.4883097803808053e-05,1.4879637615033634e-05,1.4876179585908813e-05,1.4872723714787637e-05,1.486926999979536e-05,1.486581843908272e-05,1.4862369030609804e-05,1.4858921772759256e-05,1.4855476663855104e-05,1.4852033702210483e-05,1.4848592887184857e-05,1.4845154215185973e-05,1.4841717682997625e-05,1.4838283290491474e-05,1.483485103559651e-05,1.4831420916991155e-05,1.4827992930651261e-05,1.4824567077623219e-05,1.4821143354679955e-05,1.4817721760028282e-05,1.4814302291921405e-05,1.4810884948227469e-05,1.480746972760191e-05,1.4804056627825107e-05,1.48006456477398e-05,1.4797236784713386e-05,1.4793830036978801e-05,1.4790425403004581e-05,1.4787022880979825e-05,1.4783622469029484e-05,1.4780224165185999e-05,1.4776827967762404e-05,1.477343387485704e-05,1.4770041884644356e-05,1.4766651995024426e-05,1.4763264204769285e-05,1.4759878511756721e-05,1.4756494914112353e-05,1.4753113410033529e-05,1.4749733997710783e-05,1.4746356675328518e-05,1.4742981441066946e-05,1.4739608293598173e-05,1.4736237230614775e-05,1.4732868250309634e-05,1.472950135088239e-05,1.4726136530501883e-05,1.4722773787372665e-05,1.4719413119661572e-05,1.4716054525573499e-05,1.4712698002759317e-05,1.4709343549937257e-05,1.4705991165449107e-05,1.4702640847163109e-05,1.4699292593397467e-05,1.4695946402394572e-05,1.4692602272367848e-05,1.4689260201482838e-05,1.4685920187962597e-05,1.4682582229928935e-05,1.4679246325732297e-05,1.467591247349878e-05,1.4672580671767964e-05,1.4669250918002264e-05,1.4665923210868679e-05,1.4662597548476035e-05,1.4659273929304104e-05,1.4655952351157002e-05,1.4652632812403239e-05,1.4649315311520266e-05,1.4645999846329577e-05,1.4642686412130595e-05,1.4639375012906559e-05,1.4636065644983429e-05,1.4632758305123555e-05,1.4629452992352139e-05,1.4626149704568854e-05,1.4622848439966246e-05,1.4619549197266213e-05,1.461625197433849e-05,1.461295676967585e-05,1.4609663580681427e-05,1.460637240648385e-05,1.4603083245091696e-05,1.4599796094439008e-05,1.4596510952863807e-05,1.4593227818637847e-05,1.4589946690298946e-05,1.4586667566019047e-05,1.4583390443746323e-05,1.4580115321627408e-05,1.4576842198308876e-05,1.4573571072626692e-05,1.4570301941224254e-05,1.4567034803150768e-05,1.4563769656710678e-05,1.4560506500039406e-05,1.4557245331785162e-05,1.455398614949287e-05,1.4550728951884538e-05,1.454747373676863e-05,1.4544220503528322e-05,1.4540969249059581e-05,1.4537719971798808e-05,1.4534472670352208e-05,1.45312273426939e-05,1.4527983988122125e-05,1.4524742604155084e-05,1.4521503188881801e-05,1.45182657410113e-05,1.451503025821523e-05,1.4511796739173963e-05,1.4508565182205779e-05,1.4505335585570943e-05,1.450210794721895e-05,1.4498882265588885e-05,1.4495658538589261e-05,1.4492436765164837e-05,1.4489216943309593e-05,1.4485999071396167e-05,1.4482783147579889e-05,1.4479569170177259e-05,1.4476357137347316e-05,1.44731470475165e-05,1.4469938898914028e-05,1.446673268993049e-05,1.4463528418619552e-05,1.446032608340499e-05,1.4457125682572896e-05,1.4453927214359718e-05,1.445073067711401e-05,1.444753606919005e-05,1.4444343388816138e-05,1.4441152634288071e-05,1.4437963803902318e-05,1.4434776895822974e-05,1.4431591908320253e-05,1.4428408840310525e-05,1.4425227689336233e-05,1.4422048454484498e-05,1.4418871133665537e-05,1.4415695724611187e-05,1.4412522226175627e-05,1.4409350636615284e-05,1.4406180954245305e-05,1.440301317726777e-05,1.439984730423432e-05,1.43966833331949e-05,1.439352126277459e-05,1.4390361091037694e-05,1.4387202816289565e-05,1.438404643702903e-05,1.4380891951940243e-05,1.4377739358467675e-05,1.4374588655368861e-05,1.4371439840940945e-05,1.4368292913542643e-05,1.4365147872401275e-05,1.4362004713701088e-05,1.4358863437339217e-05,1.4355724041323025e-05,1.4352586523987806e-05,1.434945088366871e-05,1.4346317118703648e-05,1.434318522743137e-05,1.4340055208191934e-05,1.4336927059327106e-05,1.4333800779179254e-05,1.4330676366093682e-05,1.4327553818415802e-05,1.4324433134493285e-05,1.4321314312674482e-05,1.4318197351309803e-05,1.4315082248750793e-05,1.4311969003350652e-05,1.4308857613719511e-05,1.4305748076813409e-05,1.430264039357552e-05,1.4299534559934596e-05,1.4296430573807486e-05,1.4293328436893307e-05,1.4290228145641363e-05,1.4287129698628692e-05,1.428403309372048e-05,1.4280938329787389e-05,1.427784540478978e-05,1.427475431733937e-05,1.4271665065766201e-05,1.4268577648420987e-05,1.426549206372812e-05,1.4262408310195615e-05,1.4259326385829139e-05,1.425624628882379e-05,1.4253168018966191e-05,1.4250091573026975e-05,1.4247016949990386e-05,1.4243944148236935e-05,1.4240873166151217e-05,1.423780400212531e-05,1.4234736654636736e-05,1.4231671122580311e-05,1.422860740241506e-05,1.4225545494851621e-05,1.4222485397186175e-05,1.4219427107974544e-05,1.421637062556809e-05,1.4213315948139663e-05,1.4210263074360766e-05,1.4207212002681847e-05,1.4204162731414468e-05,1.420111525841256e-05,1.4198069583441885e-05,1.4195025704574652e-05,1.4191983619013988e-05,1.4188943326200182e-05,1.4185904824279477e-05,1.4182868111990236e-05,1.4179833185123326e-05,1.4176800046084396e-05,1.4173768691817938e-05,1.4170739120491417e-05,1.416771133033214e-05,1.4164685319913266e-05,1.4161661085542329e-05,1.4158638627799098e-05,1.41556179476147e-05,1.4152599039681323e-05,1.4149581905171134e-05,1.4146566540577677e-05,1.4143552944411062e-05,1.4140541115954192e-05,1.4137531050985515e-05,1.4134522752409513e-05,1.4131516214305525e-05,1.4128511438300955e-05,1.4125508422015334e-05,1.4122507163991523e-05,1.411950766228627e-05,1.4116509915341744e-05,1.4113513921596607e-05,1.4110519679739127e-05,1.4107527188036795e-05,1.4104536444877893e-05,1.4101547448531693e-05,1.409856019719332e-05,1.4095574690124095e-05,1.4092590924737167e-05,1.408960890084161e-05,1.4086628616206833e-05,1.4083650069414438e-05,1.40806732592886e-05,1.4077698184681775e-05,1.4074724842420407e-05,1.40717532320193e-05,1.4068783350084079e-05,1.4065815196934816e-05,1.4062848771668973e-05,1.405988407206163e-05,1.4056921095143076e-05,1.4053959839787555e-05,1.405100030574974e-05,1.404804249284146e-05,1.4045086396591948e-05,1.4042132017965696e-05,1.4039179354229269e-05,1.4036228403812608e-05,1.4033279165300449e-05,1.403033163705872e-05,1.4027385817778948e-05,1.4024441705657519e-05,1.4021499299889713e-05,1.401855859746503e-05,1.4015619596023097e-05,1.401268229767418e-05,1.4009746699504683e-05,1.400681279971346e-05,1.4003880593553652e-05,1.4000950085882224e-05,1.3998021271974608e-05,1.399509415226262e-05,1.3992168721468936e-05,1.3989244978315065e-05,1.3986322923783467e-05,1.3983402556521349e-05,1.3980483871555958e-05,1.39775668707323e-05,1.397465155354296e-05,1.3971737916318164e-05,1.3968825958213365e-05,1.3965915677802387e-05,1.396300707304812e-05,1.3960100146291249e-05,1.3957194892509675e-05,1.3954291307036035e-05,1.395138939165971e-05,1.3948489144567721e-05,1.3945590563662852e-05,1.3942693648045574e-05,1.3939798398231654e-05,1.3936904811103522e-05,1.393401288316778e-05,1.3931122615417615e-05,1.392823400923967e-05,1.3925347058022877e-05,1.3922461764384413e-05,1.3919578124456463e-05,1.391669613555463e-05,1.3913815797629972e-05,1.3910937109397621e-05,1.3908060069367218e-05,1.3905184675892175e-05,1.3902310928197794e-05,1.3899438823807133e-05,1.3896568361923471e-05,1.3893699540885598e-05,1.3890832359056426e-05,1.388796681551863e-05,1.3885102908592055e-05,1.3882240636961504e-05,1.387937999906655e-05,1.3876520993458848e-05,1.3873663618725104e-05,1.387080787325186e-05,1.3867953755776663e-05,1.3865101264996978e-05,1.386225039921581e-05,1.3859401157145592e-05,1.3856553537813467e-05,1.385370753919326e-05,1.3850863160202476e-05,1.384802039908655e-05,1.3845179254135344e-05,1.3842339722853345e-05,1.3839501806825225e-05,1.3836665503376986e-05,1.3833830811001895e-05,1.3830997725780427e-05,1.3828166250761937e-05,1.3825336382298456e-05,1.3822508119502951e-05,1.3819681460471119e-05,1.3816856402790973e-05,1.3814032947456875e-05,1.3811211089941005e-05,1.380839083265326e-05,1.3805572172320256e-05,1.3802755105328125e-05,1.379993963236668e-05,1.3797125754144808e-05,1.3794313470853225e-05,1.3791502773910631e-05,1.3788693665460766e-05,1.3785886144147369e-05,1.3783080212431928e-05,1.37802758653963e-05,1.3777473097143345e-05,1.3774671910216846e-05,1.3771872303123826e-05,1.3769074275150403e-05,1.376627782360944e-05,1.3763482949367182e-05,1.3760689649871553e-05,1.3757897923327637e-05,1.375510776873322e-05,1.3752319184728178e-05,1.374953216992146e-05,1.3746746722954839e-05,1.3743962842453848e-05,1.3741180527038704e-05,1.3738399775362558e-05,1.3735620586087715e-05,1.3732842957808157e-05,1.3730066889163297e-05,1.3727292378789352e-05,1.372451942572947e-05,1.3721748028109238e-05,1.3718978184609193e-05,1.3716209893871186e-05,1.3713443154712742e-05,1.3710677965387768e-05,1.3707914324929113e-05,1.370515223229314e-05,1.3702391685837312e-05,1.3699632683279592e-05,1.3696875224559108e-05,1.3694119308023406e-05,1.3691364931834566e-05,1.3688612095453358e-05,1.368586079721017e-05,1.368311103500462e-05,1.368036280877653e-05,1.3677616116365852e-05,1.367487095709062e-05,1.3672127327012792e-05,1.3669385228909369e-05,1.366664465925807e-05,1.3663905616246044e-05,1.3661168099853199e-05,1.3658432108743049e-05,1.3655697640543684e-05,1.3652964694629071e-05,1.3650233269590804e-05,1.364750336430238e-05,1.364477497754795e-05,1.3642048106886627e-05,1.3639322751568665e-05,1.3636598910425256e-05,1.3633876582190728e-05,1.3631155765495836e-05,1.3628436459048716e-05,1.3625718661205082e-05,1.3623002371261494e-05,1.3620287587636695e-05,1.361757430900766e-05,1.3614862537216723e-05,1.3612152265365977e-05,1.3609443493823134e-05,1.3606736222492441e-05,1.360403044945739e-05,1.3601326173592714e-05,1.3598623393983974e-05,1.3595922108648772e-05,1.3593222316631376e-05,1.3590524016517038e-05,1.3587827206928036e-05,1.3585131887131487e-05,1.3582438055609566e-05,1.3579745710776613e-05,1.3577054851754253e-05,1.3574365476906772e-05,1.3571677585017423e-05,1.3568991175079117e-05,1.3566306244673755e-05,1.3563622794176333e-05,1.3560940821940621e-05,1.3558260325955704e-05,1.3555581303652762e-05,1.355290375722817e-05,1.355022768271599e-05,1.3547553080650796e-05,1.354487994913174e-05,1.3542208285187034e-05,1.3539538091558068e-05,1.353686936326141e-05,1.3534202100096325e-05,1.3531536299269038e-05,1.3528871962569797e-05,1.3526209087233061e-05,1.3523547672443816e-05,1.3520887716403203e-05,1.3518229217770034e-05,1.351557217588598e-05,1.3512916588284695e-05,1.3510262454893126e-05,1.35076097749382e-05,1.3504958545892113e-05,1.3502308767259936e-05,1.3499660437780955e-05,1.3497013555991739e-05,1.3494368120150981e-05,1.3491724132294602e-05,1.3489081585724876e-05,1.3486440481884646e-05,1.3483800819792172e-05,1.3481162598004497e-05,1.3478525815211996e-05,1.3475890470181315e-05,1.347325656385052e-05,1.3470624090655133e-05,1.346799305131087e-05,1.3465363445036528e-05,1.3462735270596262e-05,1.3460108526054969e-05,1.3457483210582895e-05,1.345485932312963e-05,1.3452236862388403e-05,1.3449615826961772e-05,1.3446996215965937e-05,1.344437802801561e-05,1.3441761261944154e-05,1.343914591555616e-05,1.3436531987998004e-05,1.3433919480065415e-05,1.3431308389145228e-05,1.3428698714137813e-05,1.3426090453502339e-05,1.3423483606177143e-05,1.3420878173266217e-05,1.3418274149109983e-05,1.3415671534667263e-05,1.3413070328638663e-05,1.3410470529889586e-05,1.3407872137089356e-05,1.340527514932597e-05,1.34026795652739e-05,1.3400085383624344e-05,1.3397492603266133e-05,1.3394901223031838e-05,1.3392311241676386e-05,1.3389722658014635e-05,1.3387135470659768e-05,1.3384549678747546e-05,1.338196528153521e-05,1.3379382276671544e-05,1.3376800664145976e-05,1.3374220442130786e-05,1.3371641609153015e-05,1.3369064164801422e-05,1.3366488106819712e-05,1.3363913435596278e-05,1.3361340149041911e-05,1.3358768246027969e-05,1.3356197725359595e-05,1.3353628586300734e-05,1.3351060826757547e-05,1.3348494446035183e-05,1.3345929443109453e-05,1.3343365816659738e-05,1.3340803565526558e-05,1.333824268855316e-05,1.3335683184424645e-05,1.3333125051950541e-05,1.3330568290129777e-05,1.3328012897783415e-05,1.332545887393486e-05,1.3322906217516088e-05,1.3320354927102492e-05,1.3317805001309405e-05,1.3315256439375735e-05,1.3312709239844784e-05,1.3310163401744355e-05,1.330761892382683e-05,1.3305075805046041e-05,1.3302534044198023e-05,1.3299993640346568e-05,1.329745459136395e-05,1.3294916899118923e-05,1.3292380558572159e-05,1.3289845570136658e-05,1.3287311932644982e-05,1.3284779645185305e-05,1.3282248706542771e-05,1.3279719115900798e-05,1.3277190870963371e-05,1.3274663971720987e-05,1.3272138418230341e-05,1.326961420629352e-05,1.3267091336029624e-05,1.3264569806992443e-05,1.32620496175918e-05,1.3259530766692493e-05,1.3257013256111348e-05,1.325449707842219e-05,1.3251982236963486e-05,1.324946872914064e-05,1.3246956554248221e-05,1.3244445711208828e-05,1.3241936198840557e-05,1.3239428016054363e-05,1.3236921161451858e-05,1.3234415634440679e-05,1.3231911433019055e-05,1.3229408557245953e-05,1.3226907005467614e-05,1.3224406776085117e-05,1.3221907868057905e-05,1.321941028164907e-05,1.3216914014647836e-05,1.321441906655229e-05,1.3211925435784133e-05,1.3209433120468918e-05,1.3206942120436236e-05,1.3204452434132992e-05,1.3201964061247741e-05,1.3199477000570434e-05,1.3196991250025323e-05,1.3194506809071045e-05,1.3192023676662434e-05,1.3189541848881422e-05,1.3187061330106252e-05,1.3184582116558201e-05,1.3182104207254559e-05,1.3179627600977053e-05,1.3177152297081531e-05,1.3174678293425475e-05,1.3172205589649168e-05,1.3169734184885825e-05,1.3167264077231031e-05,1.3164795266034261e-05,1.3162327750263377e-05,1.3159861528428112e-05,1.3157396600235932e-05,1.3154932964282134e-05,1.3152470619618512e-05,1.315000956487949e-05,1.3147549799078958e-05,1.3145091321140408e-05,1.3142634129989073e-05,1.3140178224441539e-05,1.3137723603735133e-05,1.3135270266506707e-05,1.3132818211807427e-05,1.3130367438684149e-05,1.3127917945531807e-05,1.3125469732061068e-05,1.3123022796670552e-05,1.3120577138418463e-05,1.3118132755723849e-05,1.3115689648500871e-05,1.3113247815357275e-05,1.3110807253912364e-05,1.310836796588267e-05,1.3105929948349615e-05,1.3103493200523094e-05,1.3101057721389196e-05,1.3098623509110767e-05,1.3096190564364965e-05,1.3093758884783396e-05,1.3091328469631654e-05,1.3088899318264878e-05,1.3086471429172753e-05,1.3084044801381298e-05,1.3081619433870598e-05,1.307919532547471e-05,1.3076772475430266e-05,1.3074350882470881e-05,1.3071930545546747e-05,1.3069511463705962e-05,1.3067093635958586e-05,1.3064677061061568e-05,1.3062261738175904e-05,1.3059847666322497e-05,1.3057434844303544e-05,1.3055023271037327e-05,1.3052612945791053e-05,1.3050203867179203e-05,1.3047796034309249e-05,1.3045389446150838e-05,1.3042984101673769e-05,1.3040579999852014e-05,1.3038177139657036e-05,1.303577552006373e-05,1.3033375140062686e-05,1.3030975998601847e-05,1.3028578094668257e-05,1.302618142729643e-05,1.3023785995366925e-05,1.3021391797936794e-05,1.3018998833925478e-05,1.3016607102439916e-05,1.3014216602361592e-05,1.3011827332681992e-05,1.3009439292340538e-05,1.3007052480323453e-05,1.3004666895503147e-05,1.3002282538339984e-05,1.299989940587146e-05,1.2997517497280306e-05,1.299513681201629e-05,1.299275734907295e-05,1.2990379106292866e-05,1.2988002083973575e-05,1.2985626281816636e-05,1.2983251697963835e-05,1.2980878331416495e-05,1.2978506181169032e-05,1.2976135246229442e-05,1.2973765525596436e-05,1.2971397018406203e-05,1.2969029722746212e-05,1.2966663639448189e-05,1.2964298766840176e-05,1.2961935103196849e-05,1.2959572647872212e-05,1.2957211399896859e-05,1.2954851358259368e-05,1.2952492521987753e-05,1.2950134889617017e-05,1.2947778460644047e-05,1.2945423234197853e-05,1.2943069209314777e-05,1.2940716384921472e-05,1.2938364759964831e-05,1.2936014333446627e-05,1.2933665104428988e-05,1.293131707198192e-05,1.2928970235076748e-05,1.292662459257379e-05,1.2924280143280254e-05,1.2921936886592331e-05,1.2919594821544495e-05,1.2917253947174892e-05,1.2914914262496087e-05,1.29125757665375e-05,1.2910238458328128e-05,1.29079023369014e-05,1.2905567401302935e-05,1.290323365055005e-05,1.2900901083679052e-05,1.289856969973124e-05,1.2896239497734016e-05,1.2893910476731565e-05,1.289158263576772e-05,1.2889255973862815e-05,1.288693049007274e-05,1.2884606183425435e-05,1.288228305296986e-05,1.2879961097755038e-05,1.2877640316818974e-05,1.2875320709212955e-05,1.28730022739816e-05,1.2870685010157901e-05,1.2868368916801135e-05,1.2866053992964307e-05,1.2863740237702366e-05,1.286142765005604e-05,1.2859116229077391e-05,1.2856805973824891e-05,1.285449688336088e-05,1.2852188956722219e-05,1.284988219297481e-05,1.28475765911832e-05,1.2845272150390438e-05,1.2842968869662903e-05,1.2840666748047292e-05,1.2838365784624313e-05,1.2836065978448591e-05,1.2833767328589158e-05,1.2831469834108101e-05,1.2829173494056432e-05,1.2826878307520039e-05,1.2824584273550026e-05,1.2822291391232402e-05,1.281999965961059e-05,1.2817709077785049e-05,1.2815419644787673e-05,1.2813131359723655e-05,1.2810844221659376e-05,1.2808558229673515e-05,1.2806273382800383e-05,1.2803989680190506e-05,1.2801707120856181e-05,1.2799425703887569e-05,1.2797145428390557e-05,1.279486629341869e-05,1.2792588298052072e-05,1.2790311442211289e-05,1.2788035723339656e-05,1.2785761142152194e-05,1.2783487696919075e-05,1.2781215386723698e-05,1.27789442106556e-05,1.2776674168849724e-05,1.2774405258295175e-05,1.2772137478777715e-05,1.2769870829796842e-05,1.2767605310362924e-05,1.2765340919921898e-05,1.2763077657309782e-05,1.2760815521512874e-05,1.2758554511228862e-05,1.2756294626229226e-05,1.2754035865732525e-05,1.2751778227259216e-05,1.274952171183398e-05,1.2747266317880145e-05,1.2745012044461612e-05,1.274275889104159e-05,1.2740506856002483e-05,1.273825594077719e-05,1.2736006140576796e-05,1.2733757458365883e-05,1.273150988937254e-05,1.2729263434690513e-05,1.2727018093468249e-05,1.2724773864606184e-05,1.2722530747208755e-05,1.2720288740852801e-05,1.2718047844259605e-05,1.2715808056607749e-05,1.2713569377005728e-05,1.271133180456947e-05,1.2709095338464816e-05,1.270685997776017e-05,1.270462572157352e-05,1.2702392569022762e-05,1.2700160519198372e-05,1.2697929571042942e-05,1.2695699724201068e-05,1.2693470977372545e-05,1.269124333019401e-05,1.2689016780982179e-05,1.2686791329360605e-05,1.2684566973978088e-05,1.2682343714791016e-05,1.268012155047965e-05,1.2677900479980831e-05,1.2675680502617547e-05,1.267346161718335e-05,1.2671243823275815e-05,1.2669027120308151e-05,1.2666811506550538e-05,1.2664596982676298e-05,1.2662383545874499e-05,1.2660171196129878e-05,1.2657959932512171e-05,1.2655749754283106e-05,1.26535406605482e-05,1.265133265061058e-05,1.2649125723265746e-05,1.2646919877818718e-05,1.2644715113416042e-05,1.2642511429158462e-05,1.2640308824234634e-05,1.2638107295064348e-05,1.2635906844838709e-05,1.2633707472954786e-05,1.2631509176970626e-05,1.2629311955314988e-05,1.2627115808498688e-05,1.2624920735048762e-05,1.262272673420354e-05,1.2620533805192595e-05,1.2618341946845099e-05,1.2616151158366796e-05,1.2613961439180608e-05,1.2611772788278278e-05,1.2609585204816888e-05,1.2607398687954205e-05,1.2605213236848254e-05,1.2603028850656388e-05,1.2600845528540927e-05,1.2598663269661474e-05,1.25964820731815e-05,1.2594301938261811e-05,1.2592122864066688e-05,1.258994484975964e-05,1.2587767894507934e-05,1.2585591997476972e-05,1.2583417157834312e-05,1.2581243374746233e-05,1.2579070647383378e-05,1.2576898974913251e-05,1.2574728356507365e-05,1.2572558791337416e-05,1.257039027857388e-05,1.2568222817391906e-05,1.2566056406962683e-05,1.2563891046464455e-05,1.2561726735069605e-05,1.2559563471957158e-05,1.255740125630318e-05,1.2555240087286577e-05,1.2553079964086593e-05,1.2550920885880201e-05,1.254876285185168e-05,1.2546605861180545e-05,1.2544449913051822e-05,1.2542295006647018e-05,1.2540141141149808e-05,1.2537988315745817e-05,1.2535836529619786e-05,1.2533685781960436e-05,1.253153607195397e-05,1.2529387398787484e-05,1.2527239761653201e-05,1.252509315973871e-05,1.2522947592236804e-05,1.2520803058337831e-05,1.2518659557235729e-05,1.2516517088121889e-05,1.251437565019333e-05,1.251223524264094e-05,1.2510095864663271e-05,1.25079575154556e-05,1.2505820194218556e-05,1.250368390014763e-05,1.2501548632443622e-05,1.2499414390305014e-05,1.249728117293521e-05,1.2495148979534402e-05,1.2493017809302253e-05,1.2490887661446155e-05,1.2488758535167955e-05,1.2486630429675013e-05,1.2484503344171684e-05,1.248237727786558e-05,1.2480252229962501e-05,1.2478128199672205e-05,1.2476005186202955e-05,1.2473883188764604e-05,1.2471762206567798e-05,1.2469642238825117e-05,1.2467523284747246e-05,1.246540534347217e-05,1.2463288414367154e-05,1.2461172496471676e-05,1.2459057589099427e-05,1.2456943691488982e-05,1.245483080283588e-05,1.2452718922357157e-05,1.2450608049274435e-05,1.2448498182803736e-05,1.2446389322167245e-05,1.2444281466587088e-05,1.24421746152841e-05,1.244006876748204e-05,1.2437963922361279e-05,1.243586007923034e-05,1.243375723727382e-05,1.2431655395716327e-05,1.242955455378565e-05,1.242745471070884e-05,1.2425355865696808e-05,1.24232580179964e-05,1.242116116683873e-05,1.2419065311428799e-05,1.2416970450745218e-05,1.2414876584729779e-05,1.2412783712201597e-05,1.2410691832366755e-05,1.2408600944546645e-05,1.2406511047725784e-05,1.2404422141476626e-05,1.2402334225039425e-05,1.2400247297365426e-05,1.2398161358044924e-05,1.2396076405917878e-05,1.2393992440547838e-05,1.2391909460991006e-05,1.238982746638822e-05,1.2387746455557303e-05,1.2385666428535392e-05,1.2383587384495557e-05,1.2381509322353038e-05,1.2379432241516772e-05,1.2377356141235443e-05,1.237528102077238e-05,1.2373206879350383e-05,1.2371133716228742e-05,1.2369061530679272e-05,1.2366990322005224e-05,1.2364920089475238e-05,1.2362850832089671e-05,1.2360782549274608e-05,1.2358715240199897e-05,1.235664890425579e-05,1.2354583540637229e-05,1.2352519148571503e-05,1.2350455727242834e-05,1.2348393276150214e-05,1.2346331794239503e-05,1.2344271281002996e-05,1.2342211735515126e-05,1.2340153157228802e-05,1.233809554531515e-05,1.2336038899044157e-05,1.2333983217644581e-05,1.23319285004461e-05,1.2329874746679796e-05,1.2327821955611128e-05,1.2325770126502895e-05,1.2323719258560867e-05,1.2321669351178589e-05,1.2319620403558108e-05,1.2317572414997855e-05,1.2315525384708301e-05,1.2313479311991228e-05,1.2311434196115265e-05,1.230939003635256e-05,1.230734683197161e-05,1.2305304582248683e-05,1.230326328645774e-05,1.2301222943871795e-05,1.2299183553739918e-05,1.2297145115391211e-05,1.229510762807569e-05,1.2293071091071568e-05,1.229103550362012e-05,1.2289000865005098e-05,1.2286967174570183e-05,1.2284934431562629e-05,1.228290263522278e-05,1.2280871784876562e-05,1.2278841879602435e-05,1.2276812919117059e-05,1.2274784902439117e-05,1.2272757829134753e-05,1.2270731698035731e-05,1.2268706508633862e-05,1.226668226021799e-05,1.2264658952076844e-05,1.226263658347725e-05,1.2260615153721205e-05,1.2258594662101894e-05,1.2256575107910082e-05,1.225455649043647e-05,1.2252538808973933e-05,1.225052206281451e-05,1.2248506251260741e-05,1.2246491373598185e-05,1.22444774291203e-05,1.2242464417117431e-05,1.224045233689791e-05,1.2238441187751807e-05,1.2236430968973056e-05,1.2234421679860875e-05,1.2232413319725499e-05,1.2230405887853206e-05,1.2228399383550293e-05,1.2226393805649224e-05,1.2224389154388876e-05,1.222238542898434e-05,1.222038262752971e-05,1.2218380750382688e-05,1.221637979667247e-05,1.2214379765682706e-05,1.2212380657852208e-05,1.2210382470654762e-05,1.2208385203549941e-05,1.2206388855985043e-05,1.220439342777378e-05,1.2202398918157778e-05,1.2200405327120803e-05,1.2198412652878347e-05,1.2196420895106902e-05,1.2194430053534752e-05,1.2192440126476645e-05,1.2190451113995997e-05,1.218846301507453e-05,1.218647582936012e-05,1.2184489555995262e-05,1.2182504194302016e-05,1.2180519743598703e-05,1.2178536203202403e-05,1.2176553572414387e-05,1.217457185057935e-05,1.2172591037025263e-05,1.2170611131036275e-05,1.2168632131970416e-05,1.21666540390802e-05,1.2164676851793296e-05,1.2162700569373177e-05,1.2160725191092937e-05,1.2158750716396956e-05,1.2156777144553014e-05,1.2154804474873852e-05,1.21528327067079e-05,1.2150861839373246e-05,1.2148891872158789e-05,1.2146922804464228e-05,1.214495463557461e-05,1.2142987364836782e-05,1.2141020991560806e-05,1.2139055515094568e-05,1.2137090934773789e-05,1.2135127249935723e-05,1.2133164459906175e-05,1.2131202564007522e-05,1.2129241561598029e-05,1.2127281451981663e-05,1.2125322234529604e-05,1.212336390855382e-05,1.2121406473405312e-05,1.2119449928416015e-05,1.2117494272918787e-05,1.2115539507293895e-05,1.2113585628817103e-05,1.2111632637857634e-05,1.2109680533909175e-05,1.2107729316010436e-05,1.2105778983768007e-05,1.2103829536328559e-05,1.2101880973963395e-05,1.2099933295323729e-05,1.2097986498613734e-05,1.2096040584261521e-05,1.2094095552447786e-05,1.2092151400555662e-05,1.2090208129142141e-05,1.2088265737244001e-05,1.2086324225809072e-05,1.2084383591275802e-05,1.2082443834450268e-05,1.2080504954684306e-05,1.2078566951329119e-05,1.2076629823738962e-05,1.2074693571264445e-05,1.2072758193261804e-05,1.207082368908459e-05,1.20688900580871e-05,1.2066957299624819e-05,1.2065025413056002e-05,1.2063094397736286e-05,1.206116425302379e-05,1.2059234979609203e-05,1.2057306574183547e-05,1.2055379037444004e-05,1.2053452368746611e-05,1.2051526567455641e-05,1.2049601632930728e-05,1.2047677564533999e-05,1.204575436162843e-05,1.2043832023577229e-05,1.2041910549745079e-05,1.2039989939495365e-05,1.2038070192194854e-05,1.2036151307208588e-05,1.2034233283902577e-05,1.2032316121645512e-05,1.2030399819804854e-05,1.2028484377748952e-05,1.2026569794845185e-05,1.2024656070465453e-05,1.2022743203979022e-05,1.2020831194756293e-05,1.2018920042202135e-05,1.2017009745622637e-05,1.2015100304372292e-05,1.2013191717910812e-05,1.2011283984821054e-05,1.2009377106007743e-05,1.2007471080071565e-05,1.2005565906388097e-05,1.2003661584336419e-05,1.200175811329063e-05,1.199985549262884e-05,1.1997953721730595e-05,1.1996052799860606e-05,1.1994152726625989e-05,1.1992253501182266e-05,1.1990355123018932e-05,1.1988457591639742e-05,1.198656090618696e-05,1.1984665066167796e-05,1.1982770070677824e-05,1.1980875918294716e-05,1.1978982610946805e-05,1.1977090146564632e-05,1.1975198524568471e-05,1.1973307744307507e-05,1.19714178052236e-05,1.196952870659223e-05,1.1967640447870512e-05,1.1965753028427081e-05,1.1963866447665662e-05,1.1961980705109626e-05,1.1960095799911014e-05,1.1958211731497096e-05,1.1956328499340499e-05,1.1954446102840507e-05,1.1952564541364323e-05,1.1950683814309151e-05,1.194880392125781e-05,1.1946924861228774e-05,1.194504663382047e-05,1.1943169238305658e-05,1.19412926741952e-05,1.1939416939493376e-05,1.193754203631927e-05,1.1935667962883559e-05,1.1933794718326666e-05,1.193192230238963e-05,1.1930050714102037e-05,1.19281799526912e-05,1.1926310018311247e-05,1.192444090979545e-05,1.1922572626623844e-05,1.1920705168258922e-05,1.191883853408883e-05,1.1916972723519482e-05,1.1915107735957156e-05,1.1913243570743154e-05,1.191138022735004e-05,1.19095177051874e-05,1.1907656003655055e-05,1.1905795122278012e-05,1.1903935060241385e-05,1.1902075817062217e-05,1.1900217392262223e-05,1.1898359785032408e-05,1.1896502994889688e-05,1.1894647021246134e-05,1.189279186362306e-05,1.189093752132549e-05,1.1889083993763654e-05,1.1887231280351073e-05,1.1885379380503125e-05,1.1883528293633418e-05,1.188167801915663e-05,1.1879828556489529e-05,1.1877979905047314e-05,1.1876132064247614e-05,1.1874285033397682e-05,1.1872438812025598e-05,1.1870593399550293e-05,1.1868748795388856e-05,1.186690499896334e-05,1.1865062009691928e-05,1.186321982710657e-05,1.186137845040885e-05,1.185953787912962e-05,1.1857698112793953e-05,1.1855859150622066e-05,1.1854020993221281e-05,1.1852183638145383e-05,1.1850347085464522e-05,1.184851133461363e-05,1.184667638524427e-05,1.1844842236696617e-05,1.1843008888382416e-05,1.184117633974696e-05,1.1839344590170688e-05,1.1837513639133832e-05,1.183568348603273e-05,1.1833854130254426e-05,1.1832025571760273e-05,1.1830197809001699e-05,1.1828370841211212e-05,1.1826544669435835e-05,1.1824719291273794e-05,1.182289470788914e-05,1.1821070917981991e-05,1.1819247920918053e-05,1.18174257161314e-05,1.1815604303057172e-05,1.1813783681126768e-05,1.1811963849724613e-05,1.181014480839131e-05,1.1808326556247437e-05,1.180650909328408e-05,1.1804692418650436e-05,1.1802876531797523e-05,1.1801061432792107e-05,1.1799247120121558e-05,1.1797433593228962e-05,1.179562085194793e-05,1.1793808895553753e-05,1.179199772240235e-05,1.1790187334332395e-05,1.1788377729497166e-05,1.178656890746358e-05,1.1784760867650192e-05,1.1782953609494284e-05,1.178114713238208e-05,1.1779341435800994e-05,1.1777536519247428e-05,1.177573238204875e-05,1.1773929023895718e-05,1.177212644385531e-05,1.17703246416582e-05,1.1768523616666027e-05,1.1766723368342941e-05,1.176492389613912e-05,1.1763125199494193e-05,1.1761327277966878e-05,1.1759530130890096e-05,1.1757733757148485e-05,1.1755938157313974e-05,1.175414333035751e-05,1.1752349275644455e-05,1.1750555991912501e-05,1.1748763480094672e-05,1.1746971737777745e-05,1.1745180766716917e-05,1.1743390565256373e-05,1.1741601132870275e-05,1.1739812468903589e-05,1.1738024572875105e-05,1.1736237444248971e-05,1.1734451082531862e-05,1.1732665487195118e-05,1.1730880657422914e-05,1.1729096592088758e-05,1.1727313292389764e-05,1.1725530756962903e-05,1.1723748984309148e-05,1.1721967975408622e-05,1.1720187729178905e-05,1.1718408244862119e-05,1.1716629521998402e-05,1.1714851560089757e-05,1.1713074358615976e-05,1.1711297917038134e-05,1.1709522234769251e-05,1.17077473112872e-05,1.1705973146302475e-05,1.1704199738872425e-05,1.1702427088606572e-05,1.170065519503481e-05,1.1698884057441538e-05,1.16971136756299e-05,1.1695344048893471e-05,1.1693575176785325e-05,1.1691807058824486e-05,1.1690039694237678e-05,1.1688273083271703e-05,1.1686507224094951e-05,1.168474211680736e-05,1.1682977761013336e-05,1.1681214155994516e-05,1.1679451301431977e-05,1.1677689196451516e-05,1.1675927842089331e-05,1.1674167235317486e-05,1.1672407376825749e-05,1.1670648266553036e-05,1.1668889902951876e-05,1.1667132286235602e-05,1.1665375415535668e-05,1.166361929044933e-05,1.166186391060812e-05,1.1660109275250295e-05,1.1658355384029594e-05,1.1656602236414288e-05,1.1654849831801438e-05,1.1653098169672119e-05,1.1651347249615578e-05,1.1649597071060092e-05,1.1647847633271727e-05,1.1646098936138433e-05,1.1644350978952704e-05,1.164260376121605e-05,1.164085728238166e-05,1.1639111541984587e-05,1.1637366539526997e-05,1.1635622274413704e-05,1.163387874627783e-05,1.163213595439843e-05,1.1630393898297384e-05,1.1628652577615075e-05,1.1626911991720475e-05,1.1625172140093202e-05,1.1623433022540053e-05,1.162169463830851e-05,1.1619956986659198e-05,1.1618220067301902e-05,1.1616483879619499e-05,1.1614748423311919e-05,1.161301369775968e-05,1.1611279703312101e-05,1.160954643709372e-05,1.1607813900847603e-05,1.1606082093647529e-05,1.1604351014395785e-05,1.1602620664036784e-05,1.1600891041399931e-05,1.1599162143823069e-05,1.1597433972461397e-05,1.1595706526990325e-05,1.1593979806553706e-05,1.1592253810877887e-05,1.1590528540278488e-05,1.1588803992574985e-05,1.1587080168073326e-05,1.1585357066300567e-05,1.1583634686725069e-05,1.1581913028889067e-05,1.1580192092270326e-05,1.157847187637756e-05,1.1576752380844647e-05,1.1575033605144795e-05,1.1573315548405457e-05,1.1571598210649693e-05,1.1569881591072823e-05,1.1568165690083173e-05,1.1566450506109618e-05,1.1564736037041454e-05,1.1563022285577557e-05,1.1561309246842921e-05,1.155959692648031e-05,1.1557885320911504e-05,1.155617442968355e-05,1.15544642523398e-05,1.1552754788296589e-05,1.1551046037095231e-05,1.1549337997880722e-05,1.1547630670885817e-05,1.1545924055117726e-05,1.1544218150440044e-05,1.1542512955978999e-05,1.1540808471974168e-05,1.1539104697068636e-05,1.1537401631397316e-05,1.1535699275832231e-05,1.1533997626431094e-05,1.1532296684486795e-05,1.1530596449300719e-05,1.1528896920839407e-05,1.1527198098433702e-05,1.1525499981589199e-05,1.1523802569827643e-05,1.1522105862661877e-05,1.152040985999016e-05,1.1518714560133844e-05,1.1517019963843472e-05,1.151532607028881e-05,1.1513632879968523e-05,1.1511940389488053e-05,1.1510248601001941e-05,1.1508557513233645e-05,1.1506867126003076e-05,1.1505177438471565e-05,1.1503488451448889e-05,1.150180016203877e-05,1.1500112570663694e-05,1.1498425677348899e-05,1.1496739481697845e-05,1.1495053982323624e-05,1.1493369180057579e-05,1.149168507427931e-05,1.1490001663643786e-05,1.148831894807191e-05,1.148663692631053e-05,1.1484955599411818e-05,1.1483274966209307e-05,1.1481595026303407e-05,1.147991577938171e-05,1.1478237224504652e-05,1.1476559361250466e-05,1.1474882189199061e-05,1.1473205707941114e-05,1.147152991701803e-05,1.1469854816063679e-05,1.1468180405102525e-05,1.1466506682882598e-05,1.1464833648381403e-05,1.1463161302246664e-05,1.1461489643718569e-05,1.1459818671445405e-05,1.1458148386513083e-05,1.1456478787829253e-05,1.1454809874847063e-05,1.1453141647265208e-05,1.1451474104358873e-05,1.1449807245760588e-05,1.1448141070942706e-05,1.1446475581439015e-05,1.1444810773142504e-05,1.1443146647387668e-05,1.1441483203636803e-05,1.143982044113026e-05,1.1438158359623928e-05,1.1436496958829782e-05,1.1434836238193569e-05,1.1433176197295602e-05,1.1431516835665175e-05,1.142985815277824e-05,1.142820014816583e-05,1.1426542821493865e-05,1.1424886172240296e-05,1.1423230200077947e-05,1.1421574904120999e-05,1.1419920284515403e-05,1.141826634085381e-05,1.1416613071675768e-05,1.1414960477322375e-05,1.1413308557483452e-05,1.1411657311288301e-05,1.1410006738668592e-05,1.140835683968228e-05,1.1406707612044745e-05,1.1405059056402665e-05,1.1403411172204424e-05,1.1401763959083973e-05,1.1400117416623542e-05,1.1398471544233575e-05,1.1396826341117705e-05,1.1395181807791627e-05,1.1393537943349158e-05,1.1391894746761462e-05,1.1390252218291194e-05,1.138861035765256e-05,1.1386969164046837e-05,1.1385328636975155e-05,1.1383688776042994e-05,1.1382049580803115e-05,1.1380411050822958e-05,1.137877318564015e-05,1.1377135985343865e-05,1.137549944898909e-05,1.1373863575331957e-05,1.1372228364683731e-05,1.1370593816550925e-05,1.136895993070953e-05,1.1367326707145837e-05,1.1365694144675208e-05,1.136406224322264e-05,1.1362431004528385e-05,1.1360800423208277e-05,1.1359170503442337e-05,1.1357541240841992e-05,1.1355912636558847e-05,1.1354284690463695e-05,1.1352657399905743e-05,1.1351030768839747e-05,1.1349404794646115e-05,1.134777947688649e-05,1.1346154815126154e-05,1.1344530808926558e-05,1.1342907457851764e-05,1.134128476147902e-05,1.1339662719378852e-05,1.1338041332383258e-05,1.1336420597503163e-05,1.1334800515860685e-05,1.1333181086374972e-05,1.1331562309081948e-05,1.132994418333447e-05,1.1328326708841366e-05,1.1326709885239365e-05,1.132509371189098e-05,1.132347818846855e-05,1.1321863314542506e-05,1.1320249089681104e-05,1.1318635513454774e-05,1.1317022585433107e-05,1.1315410305186925e-05,1.1313798673170625e-05,1.1312187687190408e-05,1.1310577347414665e-05,1.1308967654219242e-05,1.1307358607536309e-05,1.130575020580608e-05,1.1304142448156088e-05,1.1302535335687097e-05,1.1300928867262275e-05,1.1299323041442684e-05,1.1297717858607729e-05,1.1296113318503349e-05,1.1294509421441539e-05,1.1292906165301456e-05,1.1291303551557108e-05,1.1289701577669268e-05,1.1288100244319963e-05,1.1286499551087977e-05,1.1284899497550585e-05,1.1283300083286557e-05,1.1281701307875157e-05,1.1280103170663302e-05,1.127850567142961e-05,1.1276908809551159e-05,1.1275312585264015e-05,1.1273716995531506e-05,1.1272122044438698e-05,1.127052772916741e-05,1.1268934049489012e-05,1.1267341004890611e-05,1.1265748595036001e-05,1.1264156819352887e-05,1.1262565675152143e-05,1.1260975166791608e-05,1.1259385291039967e-05,1.1257796048170062e-05,1.1256207437515265e-05,1.1254619458624931e-05,1.125303211111055e-05,1.1251445393335106e-05,1.1249859307044487e-05,1.1248273851262528e-05,1.1246689025103653e-05,1.1245104827520198e-05,1.1243521259127639e-05,1.1241938319385711e-05,1.1240356007467932e-05,1.1238774323306739e-05,1.1237193266597183e-05,1.1235612836352833e-05,1.1234033032279843e-05,1.1232453855210162e-05,1.1230875302898209e-05,1.12292973757064e-05,1.1227720073016121e-05,1.1226143394927941e-05,1.1224567340986404e-05,1.122299191030015e-05,1.1221417102975571e-05,1.1219842918153358e-05,1.1218269355878222e-05,1.1216696415478425e-05,1.1215124096713235e-05,1.121355240036925e-05,1.1211981322235994e-05,1.1210410865538253e-05,1.1208841028870876e-05,1.1207271812193573e-05,1.1205703214135277e-05,1.1204135236163024e-05,1.120256787489834e-05,1.1201001132312073e-05,1.1199435004057443e-05,1.1197869494503327e-05,1.1196304602299571e-05,1.1194740327222091e-05,1.1193176667158402e-05,1.11916136222524e-05,1.1190051192704128e-05,1.1188489377983628e-05,1.1186928177667268e-05,1.1185367590868421e-05,1.1183807617550494e-05,1.1182248257161856e-05,1.1180689509499558e-05,1.1179131374214837e-05,1.1177573851947824e-05,1.1176016939833814e-05,1.1174460639749003e-05,1.1172904950335742e-05,1.1171349870448328e-05,1.1169795400464386e-05,1.1168241540000781e-05,1.1166688289114174e-05,1.1165135646612872e-05,1.116358361177726e-05,1.1162032186902141e-05,1.1160481367991921e-05,1.1158931156922814e-05,1.1157381551819535e-05,1.1155832553150822e-05,1.115428415972507e-05,1.1152736372495904e-05,1.1151189190881254e-05,1.1149642613758468e-05,1.1148096641243553e-05,1.1146551273205805e-05,1.1145006508310725e-05,1.1143462346208371e-05,1.114191878726745e-05,1.1140375831162417e-05,1.1138833477058225e-05,1.1137291725759084e-05,1.11357505751812e-05,1.113421002529237e-05,1.1132670075782763e-05,1.1131130725865099e-05,1.1129591976840988e-05,1.1128053826775295e-05,1.1126516275618603e-05,1.1124979322986245e-05,1.1123442968423246e-05,1.112190721115208e-05,1.1120372052044372e-05,1.1118837488490884e-05,1.1117303523020044e-05,1.11157701542136e-05,1.1114237379144231e-05,1.1112705201701084e-05,1.111117361882896e-05,1.1109642631067436e-05,1.1108112237348289e-05,1.1106582437635636e-05,1.1105053231484134e-05,1.1103524618573091e-05,1.1101996598787e-05,1.1100469171228762e-05,1.1098942335671186e-05,1.1097416092207505e-05,1.1095890439857334e-05,1.109436537835313e-05,1.1092840907566512e-05,1.1091317027218111e-05,1.1089793737824713e-05,1.1088271036581782e-05,1.1086748924892485e-05,1.108522740141447e-05,1.1083706466300599e-05,1.1082186119483246e-05,1.1080666359913816e-05,1.1079147188107163e-05,1.1077628603664222e-05,1.1076110605315483e-05,1.1074593192331522e-05,1.1073076364810817e-05,1.1071560122854489e-05,1.1070044465859708e-05,1.1068529393465973e-05,1.1067014905045413e-05,1.106550100069722e-05,1.1063987679605176e-05,1.106247494182074e-05,1.106096278776762e-05,1.105945121508819e-05,1.105794022433767e-05,1.1056429815291764e-05,1.1054919987628465e-05,1.1053410740581108e-05,1.1051902074275622e-05,1.1050393988038686e-05,1.1048886481547192e-05,1.1047379556417264e-05,1.1045873208438914e-05,1.1044367439130517e-05,1.1042862248481855e-05,1.1041357635369276e-05,1.103985359990388e-05,1.103835014175181e-05,1.1036847260331545e-05,1.1035344952461208e-05,1.1033843223667734e-05,1.1032342070583485e-05,1.1030841492935782e-05,1.1029341489854954e-05,1.102784206182184e-05,1.1026343208187435e-05,1.1024844928240502e-05,1.1023347222097904e-05,1.1021850089016785e-05,1.1020353528919704e-05,1.1018857541180474e-05,1.101736212603596e-05,1.101586728238086e-05,1.1014373009941543e-05,1.1012879308559353e-05,1.1011386177838554e-05,1.1009893617389432e-05,1.1008401624469894e-05,1.1006910203589555e-05,1.1005419351849068e-05,1.1003929069069835e-05,1.1002439354441828e-05,1.1000950207690302e-05,1.0999461629211524e-05,1.099797361817712e-05,1.0996486174225845e-05,1.0994999297134978e-05,1.099351298649241e-05,1.0992027241818528e-05,1.0990542063110022e-05,1.09890574488422e-05,1.09875733995577e-05,1.098608991531799e-05,1.0984606995574052e-05,1.0983124639117732e-05,1.0981642846828248e-05,1.098016161725992e-05,1.097868095056865e-05,1.0977200846497227e-05,1.0975721304823258e-05,1.0974242324398285e-05,1.0972763906212691e-05,1.0971286048482637e-05,1.0969808751856686e-05,1.0968332015206378e-05,1.0966855838644059e-05,1.0965380221739687e-05,1.0963905163408889e-05,1.0962430663995264e-05,1.0960956723229838e-05,1.0959483341380433e-05,1.0958010517926242e-05,1.0956538251061648e-05,1.0955066540215631e-05,1.09535953882838e-05,1.095212479208591e-05,1.0950654752432416e-05,1.0949185268654718e-05,1.0947716340754693e-05,1.0946247967220696e-05,1.0944780148804569e-05,1.09433128833103e-05,1.0941846173312113e-05,1.0940380016902593e-05,1.0938914413788534e-05,1.0937449363809428e-05,1.0935984866153736e-05,1.0934520921225429e-05,1.0933057528306131e-05,1.0931594687051748e-05,1.0930132397118736e-05,1.0928670658163815e-05,1.0927209469843449e-05,1.0925748831815274e-05,1.0924288743826916e-05,1.0922829205355792e-05,1.0921370216240782e-05,1.0919911775959374e-05,1.0918453884260266e-05,1.0916996540802806e-05,1.091553974524628e-05,1.0914083497341075e-05,1.0912627796657645e-05,1.091117264273813e-05,1.0909718035474828e-05,1.0908263974295164e-05,1.0906810458688298e-05,1.090535748901403e-05,1.0903905064114217e-05,1.0902453184373734e-05,1.0901001848944559e-05,1.0899551057287922e-05,1.0898100809846498e-05,1.0896651105403993e-05,1.0895201946260175e-05,1.0893753328246982e-05,1.0892305253258817e-05,1.0890857719874652e-05,1.0889410728969294e-05,1.088796427918252e-05,1.0886518371687187e-05,1.0885073003860435e-05,1.088362817651276e-05,1.0882183889309421e-05,1.0880740141917203e-05,1.0879296934002248e-05,1.0877854265231248e-05,1.0876412135271744e-05,1.087497054379073e-05,1.0873529490456101e-05,1.0872088974935598e-05,1.0870648996897514e-05,1.0869209556010225e-05,1.0867770651942619e-05,1.0866332284363769e-05,1.086489445294263e-05,1.0863457157349598e-05,1.0862020397253966e-05,1.0860584172326207e-05,1.0859148482236723e-05,1.0857713326656054e-05,1.0856278705255559e-05,1.085484461770649e-05,1.0853411063680293e-05,1.0851978042848746e-05,1.0850545554884376e-05,1.0849113599459252e-05,1.0847682176246318e-05,1.0846251284918408e-05,1.0844820925148734e-05,1.0843391096611125e-05,1.0841961798979212e-05,1.0840533031839846e-05,1.0839104795041972e-05,1.0837677088172501e-05,1.0836249910820263e-05,1.0834823262746254e-05,1.0833397143627586e-05,1.0831971553139265e-05,1.083054649095687e-05,1.0829121956757289e-05,1.082769795021711e-05,1.0826274471013166e-05,1.0824851518821398e-05,1.0823429093320742e-05,1.0822007194187937e-05,1.0820585821101308e-05,1.0819164973739541e-05,1.0817744651780752e-05,1.0816324854904217e-05,1.0814905582787998e-05,1.0813486835111525e-05,1.0812068611554918e-05,1.0810650911797504e-05,1.080923373551909e-05,1.0807817082401462e-05,1.08064009521239e-05,1.0804985345001196e-05,1.0803570260079207e-05,1.0802155697041193e-05,1.0800741655567772e-05,1.0799328134711212e-05,1.0797915135414317e-05,1.0796502656731129e-05,1.0795090698342514e-05,1.0793679259932598e-05,1.0792268341184137e-05,1.0790857941780627e-05,1.0789448061406582e-05,1.0788038699745813e-05,1.0786629856484651e-05,1.0785221531305277e-05,1.0783813723891086e-05,1.0782406433928963e-05,1.078099966110554e-05,1.0779593405106541e-05,1.077818766561584e-05,1.0776782442322027e-05,1.0775377734910123e-05,1.0773973543066932e-05,1.0772569866479912e-05,1.0771166704835256e-05,1.076976405782468e-05,1.0768361925131735e-05,1.076696030644561e-05,1.0765559201454401e-05,1.0764158609848048e-05,1.0762758531314101e-05,1.0761358965541828e-05,1.0759959912221556e-05,1.075856137104199e-05,1.075716334169374e-05,1.0755765823866495e-05,1.0754368817252034e-05,1.0752972321538752e-05,1.0751576336419018e-05,1.0750180861582393e-05,1.0748785896722741e-05,1.074739144153162e-05,1.0745997495700301e-05,1.0744604058920918e-05,1.0743211130886862e-05,1.0741818711288486e-05,1.0740426799821925e-05,1.0739035396178032e-05,1.0737644500052408e-05,1.0736254111137928e-05,1.0734864229128605e-05,1.073347485371828e-05,1.0732085984602234e-05,1.0730697621473963e-05,1.0729309764030173e-05,1.0727922411966224e-05,1.072653556497671e-05,1.0725149222756823e-05,1.0723763385005412e-05,1.0722378051415534e-05,1.072099322168544e-05,1.0719608895512905e-05,1.07182250725942e-05,1.0716841752626425e-05,1.0715458935307129e-05,1.0714076620333494e-05,1.0712694807404396e-05,1.07113134962189e-05,1.0709932686475228e-05,1.0708552377871013e-05,1.0707172570107172e-05,1.0705793262882402e-05,1.0704414455894964e-05,1.0703036148845912e-05,1.0701658341435305e-05,1.0700281033364236e-05,1.0698904224331834e-05,1.069752791404024e-05,1.0696152102190818e-05,1.069477678848326e-05,1.0693401972620006e-05,1.069202765430259e-05,1.0690653833234286e-05,1.0689280509116886e-05,1.0687907681651715e-05,1.0686535350543546e-05,1.0685163515494876e-05,1.0683792176208966e-05,1.0682421332388699e-05,1.068105098373856e-05,1.0679681129962622e-05,1.0678311770764944e-05,1.0676942905850736e-05,1.067557453492392e-05,1.0674206657689979e-05,1.06728392738551e-05,1.067147238312184e-05,1.0670105985197975e-05,1.0668740079790569e-05,1.066737466660396e-05,1.0666009745345167e-05,1.0664645315721657e-05,1.0663281377441359e-05,1.066191793020912e-05,1.0660554973734389e-05,1.0659192507723433e-05,1.0657830531886362e-05,1.0656469045929278e-05,1.0655108049561012e-05,1.0653747542489522e-05,1.0652387524426091e-05,1.0651027995077898e-05,1.0649668954155174e-05,1.0648310401366676e-05,1.0646952336421983e-05,1.0645594759033568e-05,1.0644237668911317e-05,1.064288106576502e-05,1.0641524949304012e-05,1.0640169319239747e-05,1.0638814175284089e-05,1.0637459517149887e-05,1.0636105344548236e-05,1.063475165719103e-05,1.0633398454791766e-05,1.063204573706015e-05,1.0630693503710967e-05,1.0629341754456583e-05,1.062799048901114e-05,1.0626639707086783e-05,1.062528940839628e-05,1.0623939592656209e-05,1.0622590259579828e-05,1.0621241408881684e-05,1.0619893040276429e-05,1.0618545153476735e-05,1.0617197748198962e-05,1.061585082415983e-05,1.0614504381075023e-05,1.0613158418658422e-05,1.0611812936626348e-05,1.061046793469608e-05,1.0609123412582414e-05,1.0607779370003407e-05,1.0606435806674641e-05,1.0605092722314342e-05,1.060375011663992e-05,1.0602407989369283e-05,1.0601066340219517e-05,1.0599725168908291e-05,1.059838447515668e-05,1.059704425868153e-05,1.0595704519201435e-05,1.0594365256435136e-05,1.0593026470103904e-05,1.0591688159925619e-05,1.059035032561826e-05,1.058901296690474e-05,1.0587676083503963e-05,1.058633967513752e-05,1.0585003741522367e-05,1.0583668282383086e-05,1.0582333297440748e-05,1.0580998786414034e-05,1.0579664749025566e-05,1.0578331184998909e-05,1.0576998094054908e-05,1.0575665475912987e-05,1.0574333330300235e-05,1.0573001656936922e-05,1.0571670455545468e-05,1.0570339725850223e-05,1.0569009467574086e-05,1.0567679680440569e-05,1.0566350364173477e-05,1.0565021518495842e-05,1.0563693143134405e-05,1.0562365237811674e-05,1.0561037802252613e-05,1.0559710836183367e-05,1.05583843393286e-05,1.0557058311412836e-05,1.0555732752161006e-05,1.0554407661302137e-05,1.055308303855877e-05,1.0551758883656883e-05,1.0550435196324745e-05,1.0549111976289979e-05,1.0547789223278072e-05,1.0546466937015446e-05,1.0545145117230974e-05,1.054382376365146e-05,1.0542502876006324e-05,1.0541182454020995e-05,1.0539862497424338e-05,1.053854300560156e-05,1.0537223979022022e-05,1.05359054165211e-05,1.0534587318319612e-05,1.0533269684601137e-05,1.0531952514182757e-05,1.053063580727166e-05,1.0529319563357769e-05,1.0528003782441215e-05,1.0526688464878277e-05,1.052537360920866e-05,1.0524059215594526e-05,1.0522745283979225e-05,1.0521431813960143e-05,1.0520118805271946e-05,1.0518806257695715e-05,1.051749417101224e-05,1.0516182544720053e-05,1.0514871378753514e-05,1.051356067287334e-05,1.0512250426725794e-05,1.0510940640044313e-05,1.0509631312562145e-05,1.0508322444012754e-05,1.050701403412995e-05,1.0505706082647876e-05,1.0504398589299807e-05,1.05030915538209e-05,1.0501784975945119e-05,1.0500478855407437e-05,1.0499173191942596e-05,1.049786798528628e-05,1.0496563235173888e-05,1.0495258941340717e-05,1.0493955103522068e-05,1.0492651721454683e-05,1.0491348794874668e-05,1.0490046323518471e-05,1.048874430712283e-05,1.0487442745424295e-05,1.0486141638160284e-05,1.048484098506774e-05,1.0483540785884617e-05,1.0482241040348494e-05,1.0480941748197105e-05,1.04796429091686e-05,1.0478344523001255e-05,1.0477046589434225e-05,1.0475749108205807e-05,1.0474452079054986e-05,1.0473155501721264e-05,1.0471859375943781e-05,1.0470563701462324e-05,1.046926847801609e-05,1.0467973705345462e-05,1.0466679383191046e-05,1.0465385511292869e-05,1.0464092089391834e-05,1.0462799117228297e-05,1.0461506594544033e-05,1.04602145210797e-05,1.0458922896577283e-05,1.0457631720778124e-05,1.0456340993423847e-05,1.0455050714257384e-05,1.0453760883020282e-05,1.0452471499455392e-05,1.0451182563305399e-05,1.0449894074312965e-05,1.0448606032221752e-05,1.0447318436774389e-05,1.0446031287512455e-05,1.0444744584018862e-05,1.0443458326821882e-05,1.0442172515630481e-05,1.0440887149620889e-05,1.0439602228794895e-05,1.0438317752796349e-05,1.0437033720967337e-05,1.0435750133730831e-05,1.0434466990783263e-05,1.0433184291335823e-05,1.0431902035832436e-05,1.04306202219691e-05,1.0429338852835488e-05,1.0428057926504021e-05,1.042677744276534e-05,1.0425497401323284e-05,1.0424217801584253e-05,1.0422938643921933e-05,1.0421659927885583e-05,1.0420381653172822e-05,1.0419103818840106e-05,1.041782642585117e-05,1.0416549470240066e-05,1.0415272955941454e-05,1.041399688240129e-05,1.0412721250225042e-05,1.041144605748324e-05,1.0410171303997189e-05,1.0408896989668364e-05,1.0407623114345792e-05,1.040634967725723e-05,1.0405076677862188e-05,1.0403804117065243e-05,1.0402531994055262e-05,1.0401260308702227e-05,1.0399989060521116e-05,1.0398718249427688e-05,1.0397447875078008e-05,1.0396177937395956e-05,1.039490843588363e-05,1.0393639370446963e-05,1.039237074081533e-05,1.0391102546819427e-05,1.0389834786483071e-05,1.0388567462724062e-05,1.0387300572019516e-05,1.0386034117630333e-05,1.038476809755629e-05,1.0383502511308134e-05,1.0382237360051273e-05,1.038097263904674e-05,1.0379708353523851e-05,1.0378444501446221e-05,1.0377181079673162e-05,1.037591809007233e-05,1.0374655535720796e-05,1.037339341207023e-05,1.037213172346526e-05,1.0370870462966573e-05,1.0369609635513062e-05,1.0368349239155844e-05,1.0367089273666038e-05,1.0365829738876007e-05,1.0364570632852928e-05,1.0363311960307385e-05,1.0362053717119498e-05,1.0360795900729895e-05,1.0359538515864897e-05,1.0358281559696129e-05,1.0357025032462993e-05,1.035576893410307e-05,1.0354513264224385e-05,1.0353258022688943e-05,1.0352003206463305e-05,1.035074882029016e-05,1.0349494861034595e-05,1.034824132971871e-05,1.0346988225291684e-05,1.034573554753668e-05,1.0344483296345438e-05,1.0343231471400414e-05,1.0341980072510813e-05,1.0340729099149428e-05,1.0339478551625006e-05,1.0338228429699518e-05,1.0336978732623945e-05,1.0335729460288504e-05,1.0334480611050555e-05,1.0333232187779827e-05,1.0331984188540062e-05,1.0330736613157578e-05,1.032948946145996e-05,1.0328242733123093e-05,1.0326996427973897e-05,1.0325750544307185e-05,1.03245050844742e-05,1.032326004737074e-05,1.0322015432665702e-05,1.0320771239753796e-05,1.0319527468582112e-05,1.0318284118992766e-05,1.0317041190368944e-05,1.0315798683591003e-05,1.0314556597087505e-05,1.031331493171504e-05,1.0312073685788205e-05,1.0310832860177795e-05,1.0309592454556647e-05,1.0308352468479301e-05,1.0307112901790879e-05,1.0305873754411374e-05,1.0304635025740044e-05,1.0303396715708857e-05,1.030215882423234e-05,1.0300921351227601e-05,1.0299684295783052e-05,1.0298447658155516e-05,1.0297211438080121e-05,1.0295975635170626e-05,1.0294740250294947e-05,1.0293505279843022e-05,1.0292270727835094e-05,1.0291036591735743e-05,1.0289802871469456e-05,1.0288569568694284e-05,1.028733668001759e-05,1.0286104206901396e-05,1.0284872145971504e-05,1.0283640502999596e-05,1.0282409274726152e-05,1.0281178460659733e-05,1.0279948060842845e-05,1.027871807623739e-05,1.0277488504513803e-05,1.0276259346418281e-05,1.0275030598309208e-05,1.0273802266562604e-05,1.0272574347699755e-05,1.0271346842838305e-05,1.0270119745831487e-05,1.0268893061163768e-05,1.0267666791633842e-05,1.0266440933755824e-05,1.0265215486983587e-05,1.0263990451782684e-05,1.026276582763603e-05,1.026154161452534e-05,1.0260317811801607e-05,1.0259094418002831e-05,1.0257871433088084e-05,1.025664886083945e-05,1.0255426698835036e-05,1.0254204945578151e-05,1.025298360012322e-05,1.0251762665017234e-05,1.0250542138669733e-05,1.0249322020773587e-05,1.0248102311261975e-05,1.024688300982903e-05,1.0245664116348207e-05,1.0244445629137997e-05,1.0243227547685528e-05,1.0242009876156424e-05,1.0240792611728621e-05,1.0239575754025063e-05,1.0238359302865891e-05,1.0237143256272219e-05,1.0235927615719896e-05,1.0234712382663414e-05,1.0233497553883031e-05,1.0232283131848495e-05,1.0231069115022005e-05,1.022985550301996e-05,1.0228642295722459e-05,1.0227429492904566e-05,1.0226217094343931e-05,1.0225005099816637e-05,1.0223793509163457e-05,1.0222582322077409e-05,1.022137153841508e-05,1.0220161156267849e-05,1.0218951178564812e-05,1.0217741604460066e-05,1.021653243200208e-05,1.0215323660237595e-05,1.0214115292057543e-05,1.0212907325664438e-05,1.021169975923611e-05,1.0210492595804869e-05,1.0209285833472854e-05,1.0208079472065333e-05,1.0206873511362826e-05,1.020566795114404e-05,1.0204462790596272e-05,1.0203258030435767e-05,1.02020536703491e-05,1.0200849708308793e-05,1.0199646144292729e-05,1.0198442982359903e-05,1.0197240219371815e-05,1.0196037853681949e-05,1.019483588784873e-05,1.0193634319879333e-05,1.019243315024569e-05,1.0191232378669997e-05,1.019003200475647e-05,1.0188832027687507e-05,1.0187632445467356e-05,1.0186433263143709e-05,1.0185234474849354e-05,1.018403608454986e-05,1.0182838091856917e-05,1.0181640494753629e-05,1.0180443291861408e-05,1.0179246486352105e-05,1.0178050076793308e-05,1.0176854060761776e-05,1.017565844098265e-05,1.0174463214955474e-05,1.0173268385066118e-05,1.0172073949553455e-05,1.0170879907702201e-05,1.0169686260297316e-05,1.01684930066226e-05,1.0167300146643548e-05,1.016610767978357e-05,1.0164915606008417e-05,1.0163723925103793e-05,1.01625326355895e-05,1.0161341739638462e-05,1.0160151236011445e-05,1.0158961124195693e-05,1.0157771402414059e-05,1.0156582074232778e-05,1.0155393137338402e-05,1.0154204591687775e-05,1.0153016436981912e-05,1.0151828670659801e-05,1.0150641297061588e-05,1.014945431391445e-05,1.0148267718715432e-05,1.0147081512344959e-05,1.0145895698842604e-05,1.0144710274796587e-05,1.0143525238226756e-05,1.014234059055766e-05,1.0141156333506231e-05,1.0139972465226254e-05,1.0138788985289044e-05,1.0137605893539357e-05,1.0136423189737184e-05,1.013524087372936e-05,1.0134058945275901e-05,1.013287740160726e-05,1.0131696247706148e-05,1.013051547882342e-05,1.0129335098487418e-05,1.0128155104655441e-05,1.012697549470563e-05,1.012579627071138e-05,1.0124617435132856e-05,1.0123438985221828e-05,1.0122260920766823e-05,1.01210832412069e-05,1.0119905943854027e-05,1.0118729034516136e-05,1.0117552509799378e-05,1.0116376369368926e-05,1.0115200613270674e-05,1.011402524116975e-05,1.0112850252516204e-05,1.0111675647786514e-05,1.0110501426430592e-05,1.010932758650076e-05,1.010815413127181e-05,1.0106981058794627e-05,1.0105808368746868e-05,1.0104636059146512e-05,1.0103464133567693e-05,1.0102292588662162e-05,1.0101121426744036e-05,1.0099950646153122e-05,1.0098780246881326e-05,1.0097610226815339e-05,1.0096440589696655e-05,1.0095271333277724e-05,1.0094102455587346e-05,1.0092933959947269e-05,1.0091765843091074e-05,1.009059810586448e-05,1.0089430750175633e-05,1.008826377347588e-05,1.0087097175948652e-05,1.0085930957657246e-05,1.0084765118191863e-05,1.0083599655413474e-05,1.0082434573060816e-05,1.0081269868942882e-05,1.0080105542575085e-05,1.0078941591152095e-05,1.00777780194575e-05,1.007661482626789e-05,1.007545201028367e-05,1.0074289571323455e-05,1.0073127509133069e-05,1.0071965823400732e-05,1.0070804514084097e-05,1.0069643581175804e-05,1.0068483023256467e-05,1.0067322842175716e-05,1.0066163036635438e-05,1.0065003606471281e-05,1.0063844551269365e-05,1.006268587134519e-05,1.0061527566405581e-05,1.0060369635775832e-05,1.0059212079624354e-05,1.0058054897738867e-05,1.0056898089775843e-05,1.0055741655486305e-05,1.005458559449371e-05,1.0053429907190295e-05,1.005227459313646e-05,1.0051119652179326e-05,1.0049965082064975e-05,1.0048810886489694e-05,1.0047657063155418e-05,1.00465036120511e-05,1.0045350530988455e-05,1.0044197823645596e-05,1.0043045487861835e-05,1.0041893523677322e-05,1.0040741930384915e-05,1.0039590708578763e-05,1.0038439856867427e-05,1.0037289374340488e-05,1.003613926418687e-05,1.0034989522966113e-05,1.0033840152932593e-05,1.0032691152970305e-05,1.003154252248437e-05,1.003039426144453e-05,1.0029246369615042e-05,1.0028098846726487e-05,1.0026951692599474e-05,1.0025804907061199e-05,1.0024658490171867e-05,1.0023512441437447e-05,1.002236676080711e-05,1.0021221447941892e-05,1.0020076500413035e-05,1.0018931922753239e-05,1.0017787712361961e-05,1.0016643869069224e-05,1.0015500392528093e-05,1.0014357283255513e-05,1.0013214538444261e-05,1.0012072161448885e-05,1.001093015058475e-05,1.0009788505591121e-05,1.0008647226303744e-05,1.0007506312284236e-05,1.0006365762204368e-05,1.0005225578890972e-05,1.0004085760641667e-05,1.0002946306862352e-05,1.000180721779697e-05,1.0000668492921736e-05,9.999530131002588e-06,9.998392134228661e-06,9.99725450139152e-06,9.996117231818437e-06,9.994980325515131e-06,9.9938437827867e-06,9.992707602981812e-06,9.991571783448075e-06,9.990436327586294e-06,9.98930123409943e-06,9.988166504370789e-06,9.987032135625022e-06,9.985898130583514e-06,9.984764487120492e-06,9.983631203819617e-06,9.982498280945232e-06,9.981365719903595e-06,9.980233520453428e-06,9.979101681935621e-06,9.977970203701472e-06,9.976839086431068e-06,9.975708327073587e-06,9.974577928950015e-06,9.973447890865104e-06,9.972318212344386e-06,9.971188892924643e-06,9.970059932952777e-06,9.968931331687608e-06,9.967803087375012e-06,9.966675202421885e-06,9.965547675714183e-06,9.964420509005868e-06,9.963293698789321e-06,9.962167247807013e-06,9.961041153070248e-06,9.959915417344282e-06,9.958790039614509e-06,9.957665018290162e-06,9.956540355193974e-06,9.955416048624514e-06,9.954292098503181e-06,9.953168503627355e-06,9.952045264945826e-06,9.950922382401249e-06,9.94979985548373e-06,9.948677685171372e-06,9.947555868332317e-06,9.946434407979763e-06,9.945313302109347e-06,9.944192549721601e-06,9.94307215378332e-06,9.941952112221894e-06,9.940832423339582e-06,9.93971308884569e-06,9.938594109551774e-06,9.937475484093344e-06,9.936357211954058e-06,9.93523929345892e-06,9.934121727857937e-06,9.933004515590878e-06,9.931887658164973e-06,9.930771151324198e-06,9.929654997389952e-06,9.92853919527249e-06,9.927423746476833e-06,9.92630864834021e-06,9.92519390227519e-06,9.92407950735826e-06,9.922965465826939e-06,9.92185177345022e-06,9.920738432054412e-06,9.919625441461467e-06,9.918512801551867e-06,9.917400512002288e-06,9.916288572767408e-06,9.915176982029839e-06,9.914065742715647e-06,9.91295485133408e-06,9.911844311203224e-06,9.910734120408057e-06,9.909624278757303e-06,9.908514785266382e-06,9.90740563978937e-06,9.906296844516112e-06,9.905188397698298e-06,9.904080299213573e-06,9.902972548670657e-06,9.90186514613816e-06,9.900758091175069e-06,9.899651383773597e-06,9.898545023667439e-06,9.897439010716476e-06,9.89633334473977e-06,9.895228025557216e-06,9.894123052990861e-06,9.893018425191582e-06,9.891914145322328e-06,9.890810209838578e-06,9.889706621945291e-06,9.888603379760886e-06,9.887500482954178e-06,9.886397931677086e-06,9.885295724025975e-06,9.884193862926562e-06,9.883092346423709e-06,9.881991174774273e-06,9.880890347597122e-06,9.87978986469566e-06,9.878689724282009e-06,9.877589929425255e-06,9.876490478301657e-06,9.87539137074974e-06,9.874292606621235e-06,9.873194186797835e-06,9.872096108962958e-06,9.870998374019382e-06,9.869900981312892e-06,9.868803931461465e-06,9.867707224078707e-06,9.86661085869665e-06,9.865514835431468e-06,9.864419153819915e-06,9.86332381213479e-06,9.86222881370559e-06,9.861134156437794e-06,9.860039840281682e-06,9.858945865005648e-06,9.857852230635794e-06,9.856758936649755e-06,9.85566598308866e-06,9.854573369716324e-06,9.853481097684616e-06,9.852389164313283e-06,9.851297570644765e-06,9.85020631636922e-06,9.849115401604578e-06,9.848024826136695e-06,9.846934589530568e-06,9.845844691525088e-06,9.844755132139623e-06,9.84366591139756e-06,9.842577028759965e-06,9.841488484233633e-06,9.8404002777669e-06,9.839312408924729e-06,9.83822487769895e-06,9.837137683888651e-06,9.836050827313387e-06,9.834964307816669e-06,9.833878125222783e-06,9.832792279331596e-06,9.831706769990724e-06,9.830621597020988e-06,9.829536760737136e-06,9.82845226001159e-06,9.827368095133949e-06,9.826284266102276e-06,9.82520077261772e-06,9.824117614331363e-06,9.82303479116234e-06,9.821952303219762e-06,9.820870149924854e-06,9.819788331235914e-06,9.818706847023663e-06,9.817625697188352e-06,9.81654488147779e-06,9.815464399727522e-06,9.81438425171413e-06,9.81330443734601e-06,9.812224956490935e-06,9.811145808993028e-06,9.81006699447489e-06,9.80898851290484e-06,9.807910364127848e-06,9.806832548034118e-06,9.805755064276899e-06,9.804677912768316e-06,9.803601093572292e-06,9.80252460609795e-06,9.801448450379423e-06,9.80037262625221e-06,9.799297133534581e-06,9.798221972187996e-06,9.797147141811726e-06,9.796072642301976e-06,9.794998473573485e-06,9.793924635389136e-06,9.792851127741723e-06,9.791777950368272e-06,9.79070510300373e-06,9.789632585522908e-06,9.788560399121398e-06,9.787488540787366e-06,9.78641701186175e-06,9.785345812144694e-06,9.784274941592264e-06,9.783204399976326e-06,9.782134186936921e-06,9.7810643026738e-06,9.779994746771995e-06,9.778925518884632e-06,9.777856619048144e-06,9.776788047086644e-06,9.775719803235334e-06,9.774651886553686e-06,9.773584297243084e-06,9.77251703515294e-06,9.771450100117105e-06,9.770383491987889e-06,9.769317210579466e-06,9.768251255489706e-06,9.76718562736429e-06,9.766120325094221e-06,9.765055348883345e-06,9.763990698697908e-06,9.762926374114169e-06,9.761862375067102e-06,9.760798701460084e-06,9.75973535304106e-06,9.758672329737235e-06,9.757609631417591e-06,9.756547257714586e-06,9.755485208573526e-06,9.754423483889071e-06,9.753362083391263e-06,9.752301007102606e-06,9.751240254603744e-06,9.750179825871008e-06,9.749119720700605e-06,9.748059938998994e-06,9.747000480511977e-06,9.745941345035007e-06,9.744882532607068e-06,9.743824042943031e-06,9.742765875904179e-06,9.741708031297634e-06,9.740650508933229e-06,9.739593308875687e-06,9.738536430605957e-06,9.737479874144768e-06,9.736423639301158e-06,9.735367726031719e-06,9.734312133948342e-06,9.733256862995522e-06,9.7322019130302e-06,9.731147283885185e-06,9.730092975968182e-06,9.7290389878455e-06,9.727985320337808e-06,9.726931972960995e-06,9.725878945519048e-06,9.724826237878471e-06,9.72377385012861e-06,9.722721781703043e-06,9.721670032732514e-06,9.720618602889404e-06,9.719567492090186e-06,9.718516700291088e-06,9.717466227233185e-06,9.71641607260486e-06,9.715366236378715e-06,9.714316718397816e-06,9.713267518818994e-06,9.712218636861665e-06,9.711170072657889e-06,9.710121826434532e-06,9.70907389742808e-06,9.708026285547434e-06,9.706978990831237e-06,9.705932013633082e-06,9.704885352683606e-06,9.703839008368005e-06,9.7027929805554e-06,9.701747269057672e-06,9.700701873822464e-06,9.699656795075654e-06,9.698612030838384e-06,9.697567583063774e-06,9.696523451703947e-06,9.695479634898638e-06,9.694436133271388e-06,9.69339294803197e-06,9.692350076385337e-06,9.691307519631466e-06,9.69026527747258e-06,9.689223349756514e-06,9.688181736280805e-06,9.68714043681511e-06,9.686099451395756e-06,9.685058779809619e-06,9.684018421850192e-06,9.68297837727862e-06,9.681938646116148e-06,9.680899228986314e-06,9.679860124008455e-06,9.678821331854209e-06,9.677782852410576e-06,9.676744685686056e-06,9.675706831183024e-06,9.674669289161701e-06,9.673632058992566e-06,9.672595140784595e-06,9.671558534371468e-06,9.670522239539242e-06,9.669486256124746e-06,9.668450584093145e-06,9.667415223189318e-06,9.666380173399287e-06,9.665345434358653e-06,9.664311006083524e-06,9.663276890367313e-06,9.66224308291026e-06,9.661209585678625e-06,9.660176398520547e-06,9.659143521267841e-06,9.65811095321312e-06,9.657078695500258e-06,9.656046748396343e-06,9.655015110788973e-06,9.653983780822092e-06,9.652952759893995e-06,9.651922047781005e-06,9.65089164435329e-06,9.649861549481576e-06,9.648831763070244e-06,9.64780228488302e-06,9.646773114644595e-06,9.645744252362123e-06,9.644715697030906e-06,9.643687450094948e-06,9.642659510628479e-06,9.641631878466903e-06,9.640604553466322e-06,9.6395775354843e-06,9.638550824317595e-06,9.637524419933957e-06,9.636498322057318e-06,9.635472530567745e-06,9.634447045535347e-06,9.633421866434224e-06,9.632396993232845e-06,9.631372424651409e-06,9.630348162892194e-06,9.62932420663219e-06,9.628300555693179e-06,9.6272772105522e-06,9.626254169845153e-06,9.62523143402443e-06,9.624209002077617e-06,9.623186875634629e-06,9.622165053582013e-06,9.621143535694316e-06,9.620122322045336e-06,9.619101412387142e-06,9.618080806548571e-06,9.61706050440155e-06,9.616040505827446e-06,9.615020810639931e-06,9.614001418660252e-06,9.612982329863525e-06,9.611963543874263e-06,9.61094506084918e-06,9.609926880320221e-06,9.608909002251815e-06,9.607891426530038e-06,9.606874152978452e-06,9.605857181467749e-06,9.604840511860822e-06,9.603824143833347e-06,9.6028080773427e-06,9.6017923124084e-06,9.600776848912182e-06,9.599761686651252e-06,9.59874682602842e-06,9.597732265532539e-06,9.596718005628292e-06,9.595704046364559e-06,9.594690387521523e-06,9.593677028939814e-06,9.592663970671671e-06,9.591651212174134e-06,9.59063875350007e-06,9.589626594488417e-06,9.588614735008363e-06,9.587603174909513e-06,9.586591914040014e-06,9.585580951961367e-06,9.584570289098704e-06,9.583559925073656e-06,9.58254985966588e-06,9.581540092757429e-06,9.580530624071273e-06,9.579521453890261e-06,9.578512581600663e-06,9.57750400721388e-06,9.576495729947002e-06,9.575487752375936e-06,9.574480070891567e-06,9.573472686720548e-06,9.572465599827818e-06,9.571458809863705e-06,9.570452316677702e-06,9.569446120299703e-06,9.568440220661401e-06,9.567434619298831e-06,9.566429312497349e-06,9.565424301738181e-06,9.56441958682743e-06,9.563415166648748e-06,9.562411042731996e-06,9.561407215032282e-06,9.560403683264796e-06,9.55940044651327e-06,9.558397504923687e-06,9.55739485792749e-06,9.55639250606349e-06,9.555390449063237e-06,9.55438868667289e-06,9.553387218742823e-06,9.552386042926297e-06,9.551385163422609e-06,9.550384578099148e-06,9.549384286191779e-06,9.548384288138331e-06,9.54738458383072e-06,9.546385172785005e-06,9.545386055203848e-06,9.544387230874812e-06,9.543388699289228e-06,9.5423904605937e-06,9.541392514603793e-06,9.540394861367489e-06,9.539397500648606e-06,9.538400432238036e-06,9.537403655888237e-06,9.536407171394215e-06,9.535410978952497e-06,9.534415078069982e-06,9.533419468865143e-06,9.532424151168567e-06,9.531429124772948e-06,9.530434389416788e-06,9.529439945213435e-06,9.528445791867827e-06,9.527451929286773e-06,9.526458357143056e-06,9.525465075626435e-06,9.524472085878265e-06,9.523479384751005e-06,9.522486973760376e-06,9.521494852666135e-06,9.52050302150243e-06,9.519511479880476e-06,9.51852022770116e-06,9.5175292647299e-06,9.516538590443666e-06,9.515548208640693e-06,9.51455811271136e-06,9.513568305731107e-06,9.512578787535075e-06,9.511589556667316e-06,9.510600615109331e-06,9.50961196053611e-06,9.50862359524259e-06,9.507635517966725e-06,9.506647728885548e-06,9.505660227795737e-06,9.504673012263086e-06,9.503686085929158e-06,9.50269944631036e-06,9.50171309362044e-06,9.50072702796625e-06,9.499741249274878e-06,9.498755757430783e-06,9.497770551892584e-06,9.496785632608956e-06,9.495801000732617e-06,9.494816655156921e-06,9.493832594363127e-06,9.492848819548872e-06,9.491865332161028e-06,9.490882128510243e-06,9.489899210444991e-06,9.488916577677497e-06,9.487934230091808e-06,9.486952167665548e-06,9.485970389962146e-06,9.484988897093423e-06,9.484007688888635e-06,9.483026765131387e-06,9.482046125728032e-06,9.481065770371946e-06,9.48008570034589e-06,9.479105912785148e-06,9.478126409423513e-06,9.477147189729266e-06,9.476168253635881e-06,9.475189600871812e-06,9.474211231203211e-06,9.473233145293131e-06,9.472255341507236e-06,9.471277820805914e-06,9.470300582964227e-06,9.469323627723382e-06,9.46834695482614e-06,9.467370564346656e-06,9.466394456107037e-06,9.46541862990128e-06,9.464443085543205e-06,9.463467823032567e-06,9.462492842078853e-06,9.461518142619123e-06,9.460543724532284e-06,9.459569587677536e-06,9.45859573081661e-06,9.45762215601897e-06,9.456648862192179e-06,9.455675848537655e-06,9.454703115939909e-06,9.453730663635433e-06,9.452758492397063e-06,9.451786600621559e-06,9.450814988384007e-06,9.449843657450328e-06,9.44887260585129e-06,9.44790183329359e-06,9.446931340367422e-06,9.445961128041694e-06,9.444991193522553e-06,9.444021538286416e-06,9.443052163214518e-06,9.442083065177236e-06,9.44111424623286e-06,9.440145705837664e-06,9.439177444504737e-06,9.438209460799693e-06,9.437241754863684e-06,9.436274327069606e-06,9.4353071770407e-06,9.434340305199947e-06,9.433373710906434e-06,9.432407394185224e-06,9.431441353387417e-06,9.430475592079009e-06,9.429510107176325e-06,9.428544899233463e-06,9.427579969732929e-06,9.426615315217983e-06,9.42565093601413e-06,9.424686835965269e-06,9.42372301079649e-06,9.422759463899583e-06,9.421796190513001e-06,9.42083319442131e-06,9.419870473117357e-06,9.418908027483808e-06,9.41794585900958e-06,9.416983964256764e-06,9.416022346261656e-06,9.415061002917873e-06,9.414099933225455e-06,9.413139140479023e-06,9.412178620780306e-06,9.411218376448786e-06,9.410258405803033e-06,9.409298709570761e-06,9.408339288604955e-06,9.407380140786647e-06,9.406421266813812e-06,9.405462667293446e-06,9.40450434041876e-06,9.403546289504274e-06,9.402588509665915e-06,9.40163100468052e-06,9.400673771583744e-06,9.399716811562587e-06,9.39876012512477e-06,9.397803710925176e-06,9.396847569980635e-06,9.395891701867853e-06,9.394936106757562e-06,9.393980782908823e-06,9.393025732096443e-06,9.392070952844141e-06,9.391116445143221e-06,9.39016220852463e-06,9.389208244197281e-06,9.388254552114902e-06,9.387301130059224e-06,9.386347979502517e-06,9.385395098599676e-06,9.384442490684598e-06,9.383490152965235e-06,9.382538085598003e-06,9.381586289112118e-06,9.380634763798686e-06,9.379683509567216e-06,9.37873252480913e-06,9.377781809980961e-06,9.376831365271042e-06,9.375881189914313e-06,9.374931285260705e-06,9.373981649204825e-06,9.373032283923053e-06,9.37208318666183e-06,9.371134358631184e-06,9.37018579957913e-06,9.3692375112824e-06,9.368289490112184e-06,9.367341739069945e-06,9.366394255172735e-06,9.365447041222343e-06,9.364500094550037e-06,9.363553415627594e-06,9.362607004938204e-06,9.361660862464774e-06,9.360714986992343e-06,9.359769380239676e-06,9.358824040415823e-06,9.35787896758564e-06,9.356934162475615e-06,9.355989624700632e-06,9.355045354065961e-06,9.354101349806721e-06,9.353157612423069e-06,9.352214141748463e-06,9.351270938064479e-06,9.350328002180164e-06,9.349385330715188e-06,9.348442925623444e-06,9.347500786535357e-06,9.346558914114177e-06,9.345617306009448e-06,9.344675964830631e-06,9.343734890383909e-06,9.342794077915118e-06,9.34185353300026e-06,9.340913253270496e-06,9.339973238704094e-06,9.339033490305772e-06,9.33809400551124e-06,9.337154785357097e-06,9.336215830090503e-06,9.33527713893137e-06,9.334338712227098e-06,9.333400549665493e-06,9.332462651197156e-06,9.331525016649548e-06,9.330587646046067e-06,9.329650539536562e-06,9.328713698274961e-06,9.32777711820075e-06,9.326840802252709e-06,9.32590474904729e-06,9.324968959712135e-06,9.324033432553066e-06,9.323098168263378e-06,9.322163166564935e-06,9.321228428344742e-06,9.320293950718498e-06,9.31935973665868e-06,9.318425784968267e-06,9.31749209520241e-06,9.316558668457806e-06,9.315625502099179e-06,9.314692598100795e-06,9.313759955684311e-06,9.31282757471827e-06,9.311895454802397e-06,9.310963596565574e-06,9.310031999339758e-06,9.309100663286517e-06,9.308169588091425e-06,9.307238773780906e-06,9.306308220691615e-06,9.30537792755287e-06,9.304447895767998e-06,9.303518123323167e-06,9.302588611093407e-06,9.301659358862392e-06,9.300730367630093e-06,9.299801634628727e-06,9.298873162520253e-06,9.297944949139938e-06,9.29701699533434e-06,9.296089301693236e-06,9.29516186716143e-06,9.294234691225166e-06,9.293307774808952e-06,9.292381116638269e-06,9.291454717216591e-06,9.29052857642034e-06,9.289602693698481e-06,9.288677069903896e-06,9.28775170361471e-06,9.28682659615002e-06,9.28590174665382e-06,9.28497715574706e-06,9.284052821344242e-06,9.283128745438266e-06,9.282204926802722e-06,9.281281365481859e-06,9.280358061581882e-06,9.279435014473506e-06,9.27851222501705e-06,9.277589691829592e-06,9.276667416047232e-06,9.275745396928206e-06,9.274823634409284e-06,9.273902128408507e-06,9.272980878779304e-06,9.27205988471754e-06,9.271139146926447e-06,9.270218665740382e-06,9.269298440306597e-06,9.268378470605667e-06,9.267458756160738e-06,9.266539298670114e-06,9.265620095298904e-06,9.264701147634179e-06,9.263782455034422e-06,9.262864017588231e-06,9.261945835042362e-06,9.261027907261685e-06,9.26011023424547e-06,9.259192815792227e-06,9.258275651804935e-06,9.257358742246097e-06,9.256442087945063e-06,9.255525686754015e-06,9.254609539644154e-06,9.25369364632192e-06,9.25277800764472e-06,9.251862622369597e-06,9.250947489395852e-06,9.250032610974325e-06,9.24911798528668e-06,9.248203612332478e-06,9.247289492352888e-06,9.246375625973335e-06,9.245462012922591e-06,9.244548652589111e-06,9.243635544182322e-06,9.242722689027313e-06,9.24181008614068e-06,9.240897734535144e-06,9.23998563530051e-06,9.239073788207853e-06,9.238162193255966e-06,9.237250850207644e-06,9.236339758743071e-06,9.23542891824903e-06,9.234518330459657e-06,9.233607993273699e-06,9.23269790679729e-06,9.2317880720363e-06,9.230878488254599e-06,9.229969155795576e-06,9.229060073674426e-06,9.228151242949285e-06,9.227242661552771e-06,9.226334331042963e-06,9.225426250482365e-06,9.224518420470423e-06,9.223610840159709e-06,9.222703510233222e-06,9.221796429554747e-06,9.220889598626897e-06,9.21998301750762e-06,9.219076685563718e-06,9.218170603012005e-06,9.217264771227785e-06,9.21635918779656e-06,9.215453852874844e-06,9.214548767460908e-06,9.21364393094833e-06,9.212739343116127e-06,9.211835003390732e-06,9.210930912578024e-06,9.210027070529522e-06,9.20912347634847e-06,9.208220130714029e-06,9.207317032815095e-06,9.206414182736886e-06,9.205511579783966e-06,9.204609225304048e-06,9.2037071178324e-06,9.202805257604381e-06,9.20190364546178e-06,9.201002280481173e-06,9.200101162023869e-06,9.199200290551237e-06,9.198299666673085e-06,9.197399288916684e-06,9.196499158514565e-06,9.195599274762686e-06,9.194699637435675e-06,9.193800246403375e-06,9.192901101659049e-06,9.19200220303797e-06,9.19110355000044e-06,9.190205143635591e-06,9.18930698267109e-06,9.188409066802622e-06,9.18751139713453e-06,9.186613972522371e-06,9.18571679297881e-06,9.184819860063027e-06,9.183923172006611e-06,9.18302672848697e-06,9.182130529911264e-06,9.181234576052273e-06,9.180338865353667e-06,9.179443400040012e-06,9.178548179870452e-06,9.17765320474523e-06,9.17675847326981e-06,9.175863985751232e-06,9.17496974236329e-06,9.174075742847196e-06,9.173181986431123e-06,9.172288474431008e-06,9.171395206236481e-06,9.170502181193704e-06,9.169609399715064e-06,9.168716861545843e-06,9.167824566310629e-06,9.166932514006661e-06,9.16604070336718e-06,9.165149136181387e-06,9.164257813778378e-06,9.163366732821814e-06,9.162475894102076e-06,9.161585297660222e-06,9.160694943476134e-06,9.159804831516494e-06,9.158914961496167e-06,9.158025334171484e-06,9.157135947889926e-06,9.15624680328113e-06,9.155357900332873e-06,9.154469238587167e-06,9.153580818562291e-06,9.152692639846585e-06,9.151804702002736e-06,9.150917005388114e-06,9.150029549835136e-06,9.149142335481887e-06,9.148255361385466e-06,9.147368627868411e-06,9.146482135029766e-06,9.145595882491871e-06,9.144709870714281e-06,9.143824098683348e-06,9.142938566731338e-06,9.142053274845886e-06,9.141168222710209e-06,9.14028341040071e-06,9.139398837070856e-06,9.138514503890377e-06,9.137630409006866e-06,9.1367465544992e-06,9.135862939340785e-06,9.134979563284542e-06,9.134096426278367e-06,9.133213528177326e-06,9.132330868824899e-06,9.131448448149494e-06,9.130566266104986e-06,9.129684322643682e-06,9.128802617673654e-06,9.127921150731655e-06,9.127039921933466e-06,9.126158931282931e-06,9.125278178356965e-06,9.124397663356398e-06,9.123517385714401e-06,9.122637346370677e-06,9.121757544464827e-06,9.120877979832248e-06,9.11999865240196e-06,9.1191195621196e-06,9.118240709263683e-06,9.117362093037822e-06,9.116483713685718e-06,9.115605571097733e-06,9.114727665167235e-06,9.113849996065983e-06,9.112972563156905e-06,9.112095366587344e-06,9.111218406265937e-06,9.110341682145699e-06,9.10946519404199e-06,9.108588941542419e-06,9.107712925310564e-06,9.106837144605082e-06,9.105961600016251e-06,9.1050862893312e-06,9.104211214830639e-06,9.103336376204071e-06,9.102461772435402e-06,9.10158740384796e-06,9.100713270225897e-06,9.099839370905415e-06,9.098965705119988e-06,9.098092275627469e-06,9.097219080807504e-06,9.096346120507073e-06,9.095473394528564e-06,9.094600902855062e-06,9.093728645964147e-06,9.092856622430547e-06,9.091984833145261e-06,9.091113277354354e-06,9.09024195535391e-06,9.089370866973928e-06,9.08850001201997e-06,9.087629390510817e-06,9.086759002266584e-06,9.085888849150241e-06,9.08501892745495e-06,9.084149238618194e-06,9.083279782808259e-06,9.082410559675045e-06,9.081541570086226e-06,9.080672812143504e-06,9.079804286887896e-06,9.078935993325454e-06,9.078067932716688e-06,9.077200103899972e-06,9.076332507423299e-06,9.075465142878115e-06,9.07459801006971e-06,9.073731109101819e-06,9.072864439633607e-06,9.071998002131979e-06,9.071131795918043e-06,9.070265821041802e-06,9.06940007673362e-06,9.068534564243885e-06,9.067669282992315e-06,9.066804232481826e-06,9.065939412766583e-06,9.065074823078108e-06,9.06421046402441e-06,9.06334633612134e-06,9.06248243859014e-06,9.061618770845717e-06,9.060755333928533e-06,9.059892128959026e-06,9.059029151950515e-06,9.058166403769303e-06,9.057303886186863e-06,9.056441599008015e-06,9.055579540708945e-06,9.054717712644754e-06,9.053856115046657e-06,9.052994744971682e-06,9.052133606790044e-06,9.051272695756806e-06,9.050412013741009e-06,9.049551560801573e-06,9.048691336510732e-06,9.047831341129851e-06,9.046971574150262e-06,9.046112035386146e-06,9.045252725153265e-06,9.044393643455289e-06,9.043534789902529e-06,9.042676163741574e-06,9.041817766365987e-06,9.040959596800885e-06,9.04010165508103e-06,9.03924394194782e-06,9.038386455526035e-06,9.037529196606795e-06,9.036672165072325e-06,9.035815360867784e-06,9.0349587838712e-06,9.034102434473908e-06,9.03324631161744e-06,9.032390415647413e-06,9.031534746501681e-06,9.030679304038874e-06,9.029824088309558e-06,9.02896909948954e-06,9.02811433653903e-06,9.027259799857276e-06,9.026405490090184e-06,9.025551405661876e-06,9.024697547792924e-06,9.02384391528391e-06,9.022990508600592e-06,9.022137327756152e-06,9.021284372457815e-06,9.02043164137889e-06,9.019579137001879e-06,9.01872685793766e-06,9.01787480386574e-06,9.01702297493399e-06,9.016171371002673e-06,9.01531999238464e-06,9.014468838237515e-06,9.013617909169132e-06,9.012767204367641e-06,9.011916724395839e-06,9.01106646885403e-06,9.010216437984937e-06,9.009366630865124e-06,9.008517047876425e-06,9.007667688933158e-06,9.006818554043715e-06,9.005969641369282e-06,9.005120953923573e-06,9.004272490059937e-06,9.003424249823113e-06,9.002576232780495e-06,9.001728439403482e-06,9.000880869215597e-06,9.0000335217681e-06,8.999186397788665e-06,8.998339496937967e-06,8.997492818822254e-06,8.996646362735927e-06,8.995800130155297e-06,8.994954120002895e-06,8.994108332339602e-06,8.993262767054308e-06,8.992417424009481e-06,8.991572302782651e-06,8.990727404036516e-06,8.98988272727514e-06,8.989038272424097e-06,8.98819403940759e-06,8.987350029391775e-06,8.986506239783412e-06,8.985662671351672e-06,8.984819324526374e-06,8.983976199141954e-06,8.983133295171056e-06,8.982290611997135e-06,8.98144814998646e-06,8.980605908897058e-06,8.979763888594444e-06,8.978922088953606e-06,8.978080510107781e-06,8.977239151653017e-06,8.976398013669476e-06,8.975557096031576e-06,8.974716398645556e-06,8.97387592153289e-06,8.973035664552043e-06,8.972195627385823e-06,8.971355810094144e-06,8.970516212712013e-06,8.969676835166786e-06,8.968837677046986e-06,8.967998738290928e-06,8.967160018747565e-06,8.966321518700222e-06,8.965483237618343e-06,8.964645175900268e-06,8.963807333197201e-06,8.96296970917583e-06,8.962132304402485e-06,8.96129511816588e-06,8.960458151359618e-06,8.959621402308165e-06,8.95878487209393e-06,8.957948559969989e-06,8.957112465978898e-06,8.956276590146432e-06,8.955440932191692e-06,8.954605492214358e-06,8.953770270362639e-06,8.952935266972057e-06,8.952100480604169e-06,8.951265911869048e-06,8.950431560645473e-06,8.949597426812252e-06,8.948763510300058e-06,8.947929811015816e-06,8.94709632898249e-06,8.946263063860345e-06,8.945430015437106e-06,8.944597184114506e-06,8.943764569691948e-06,8.942932171712723e-06,8.942099990505413e-06,8.941268026823215e-06,8.940436278504015e-06,8.939604746322347e-06,8.938773430658235e-06,8.937942330789904e-06,8.937111446928013e-06,8.93628077879252e-06,8.93545032661093e-06,8.93462009010077e-06,8.933790069986092e-06,8.93296026474251e-06,8.932130674746562e-06,8.931301300341423e-06,8.930472141366426e-06,8.9296431974254e-06,8.928814468552375e-06,8.927985954701625e-06,8.927157655835516e-06,8.926329571674546e-06,8.925501702612384e-06,8.924674047778154e-06,8.923846607472587e-06,8.923019381605811e-06,8.92219236984391e-06,8.921365572455112e-06,8.920538989350723e-06,8.919712620121233e-06,8.918886464955735e-06,8.918060524327907e-06,8.917234796874261e-06,8.916409283201552e-06,8.915583983122585e-06,8.914758896313673e-06,8.913934023175739e-06,8.913109363399324e-06,8.912284916618319e-06,8.91146068318893e-06,8.910636662612676e-06,8.90981285567575e-06,8.908989261175442e-06,8.908165879799692e-06,8.907342710317464e-06,8.906519753941714e-06,8.90569701016955e-06,8.904874478604663e-06,8.904052159445945e-06,8.903230052142844e-06,8.902408157307195e-06,8.901586477305068e-06,8.900765006180495e-06,8.89994374760933e-06,8.899122700671622e-06,8.898301865335097e-06,8.897481241578014e-06,8.896660830217305e-06,8.895840629390843e-06,8.895020639933346e-06,8.894200861787503e-06,8.89338129476556e-06,8.892561938968655e-06,8.891742793900495e-06,8.89092385948242e-06,8.890105136269834e-06,8.88928662336113e-06,8.888468321460092e-06,8.887650229957549e-06,8.886832348718045e-06,8.886014677939553e-06,8.885197217415615e-06,8.884379967056916e-06,8.883562926828333e-06,8.882746096413754e-06,8.881929476037e-06,8.88111306301267e-06,8.880296862145609e-06,8.879480870910757e-06,8.878665089061873e-06,8.87784951685881e-06,8.877034153960023e-06,8.876219000332645e-06,8.875404055970752e-06,8.87458932108173e-06,8.873774794830808e-06,8.87296047741709e-06,8.872146368830165e-06,8.871332468978082e-06,8.870518777780406e-06,8.869705295171867e-06,8.868892021005249e-06,8.868078955131936e-06,8.867266097640596e-06,8.866453447537197e-06,8.865641006229996e-06,8.864828773013572e-06,8.86401674653188e-06,8.863204928894129e-06,8.862393319320558e-06,8.861581919445397e-06,8.860770725428243e-06,8.85995973864379e-06,8.859148959330125e-06,8.858338387896218e-06,8.857528024325119e-06,8.856717866195525e-06,8.855907914791995e-06,8.855098171141945e-06,8.854288634566565e-06,8.853479304674243e-06,8.852670181381064e-06,8.851861264764941e-06,8.851052554729786e-06,8.850244051077455e-06,8.849435753851445e-06,8.848627662903105e-06,8.847819778145324e-06,8.847012099471151e-06,8.846204626964507e-06,8.84539736019988e-06,8.844590299284173e-06,8.843783444117365e-06,8.842976794602978e-06,8.84217035037891e-06,8.84136411192064e-06,8.840558075762821e-06,8.839752248060045e-06,8.838946625584466e-06,8.838141208160334e-06,8.837335995851161e-06,8.836530988542864e-06,8.835726186108595e-06,8.834921589145821e-06,8.834117196076523e-06,8.833313007795794e-06,8.832509023923653e-06,8.831705244621463e-06,8.830901670240605e-06,8.830098299548657e-06,8.82929513304979e-06,8.828492170657217e-06,8.827689412286182e-06,8.826886857849797e-06,8.826084507272316e-06,8.825282360448754e-06,8.82448041824027e-06,8.823678678686016e-06,8.822877143061527e-06,8.822075810448703e-06,8.821274681177857e-06,8.820473755134537e-06,8.81967303225493e-06,8.818872512453352e-06,8.818072195665264e-06,8.817272081765477e-06,8.816472171410569e-06,8.81567246306951e-06,8.81487295738037e-06,8.814073653973234e-06,8.813274553333071e-06,8.81247565516595e-06,8.811676959234032e-06,8.810878465708654e-06,8.810080174145525e-06,8.809282084648225e-06,8.808484197136546e-06,8.807686511506992e-06,8.806889027266114e-06,8.806091744241444e-06,8.805294663261367e-06,8.804497783681915e-06,8.803701106205893e-06,8.802904629549868e-06,8.8021083542798e-06,8.801312280832599e-06,8.800516408371342e-06,8.799720736939551e-06,8.798925266488711e-06,8.798129996903016e-06,8.797334929850551e-06,8.796540061361492e-06,8.7957453938962e-06,8.794950926969191e-06,8.794156660497557e-06,8.793362594396749e-06,8.792568728610747e-06,8.791775062999618e-06,8.790981597549363e-06,8.790188332108256e-06,8.789395267219874e-06,8.788602401611104e-06,8.78780973578685e-06,8.787017269633461e-06,8.786225003085469e-06,8.785432936182643e-06,8.784641068637654e-06,8.78384940004187e-06,8.78305793265836e-06,8.78226666298606e-06,8.78147559237832e-06,8.78068472086996e-06,8.779894048291177e-06,8.779103574615884e-06,8.778313299666681e-06,8.777523223524988e-06,8.77673334614909e-06,8.775943667084063e-06,8.7751541865144e-06,8.77436490430119e-06,8.773575820472013e-06,8.772786934765835e-06,8.771998247174051e-06,8.771209757939226e-06,8.770421466332374e-06,8.769633372592497e-06,8.768845476539609e-06,8.768057778263924e-06,8.767270277696018e-06,8.766482974648389e-06,8.765695869098e-06,8.764908960683335e-06,8.764122249867074e-06,8.76333573622633e-06,8.76254941955307e-06,8.761763299806002e-06,8.760977377302361e-06,8.760191651729996e-06,8.759406122964585e-06,8.758620790912653e-06,8.757835653335394e-06,8.757050714477305e-06,8.756265971883348e-06,8.755481426231247e-06,8.75469707652607e-06,8.753912922946578e-06,8.753128967250322e-06,8.752345206353078e-06,8.75156164118116e-06,8.75077827197044e-06,8.749995098565294e-06,8.749212119640567e-06,8.748429337184248e-06,8.747646750638595e-06,8.74686435972862e-06,8.746082164283932e-06,8.745300164197073e-06,8.744518359340826e-06,8.743736749377212e-06,8.74295533483983e-06,8.742174115348096e-06,8.741393090770763e-06,8.740612261038717e-06,8.739831626150806e-06,8.739051185952453e-06,8.738270940355844e-06,8.73749088928905e-06,8.736711032273287e-06,8.735931370044206e-06,8.735151902075222e-06,8.734372628589864e-06,8.733593549074374e-06,8.732814663591642e-06,8.732035972095301e-06,8.731257474804557e-06,8.730479170994273e-06,8.729701060941547e-06,8.728923144559827e-06,8.728145421273817e-06,8.727367891969675e-06,8.726590556047038e-06,8.725813413865114e-06,8.725036464532464e-06,8.724259708415479e-06,8.723483145075221e-06,8.722706775083253e-06,8.721930598028223e-06,8.72115461515908e-06,8.72037882419607e-06,8.71960322550535e-06,8.718827819414251e-06,8.718052606073782e-06,8.717277585236089e-06,8.71650275655553e-06,8.715728120188483e-06,8.714953676044951e-06,8.714179424112136e-06,8.713405364172484e-06,8.71263149855698e-06,8.711857822765304e-06,8.711084338664565e-06,8.71031104568978e-06,8.70953794594708e-06,8.708765036040969e-06,8.707992318462914e-06,8.707219792345404e-06,8.706447457733502e-06,8.705675314160453e-06,8.704903361386292e-06,8.704131597626166e-06,8.703360027618037e-06,8.702588648388431e-06,8.701817460048283e-06,8.701046462520546e-06,8.70027565544629e-06,8.69950503931563e-06,8.698734613761578e-06,8.697964378720129e-06,8.697194334085961e-06,8.696424479757668e-06,8.695654815406466e-06,8.694885342207465e-06,8.694116058453499e-06,8.693346964697587e-06,8.692578060953633e-06,8.691809347081259e-06,8.691040823081308e-06,8.690272488086028e-06,8.6895043433685e-06,8.688736388223896e-06,8.687968622522804e-06,8.687201046242053e-06,8.686433659323278e-06,8.685666461714069e-06,8.684899452948168e-06,8.684132633558067e-06,8.683366003180667e-06,8.682599561128866e-06,8.681833308330988e-06,8.681067244653516e-06,8.680301369613587e-06,8.679535683205921e-06,8.6787701854328e-06,8.678004878006963e-06,8.677239757023102e-06,8.676474823798516e-06,8.675710079454902e-06,8.674945523276423e-06,8.67418115519588e-06,8.673416975092804e-06,8.672652982950096e-06,8.671889178218177e-06,8.67112556166533e-06,8.670362132828648e-06,8.669598891435074e-06,8.66883583813725e-06,8.66807297205648e-06,8.667310294029647e-06,8.66654780241088e-06,8.665785498350117e-06,8.665023381152674e-06,8.66426145144162e-06,8.663499707937369e-06,8.662738153271535e-06,8.661976784358105e-06,8.661215601249377e-06,8.660454605888368e-06,8.659693797129642e-06,8.658933176709475e-06,8.658172741031217e-06,8.657412491331855e-06,8.656652428261422e-06,8.655892551197386e-06,8.655132860784107e-06,8.654373356367758e-06,8.653614038071325e-06,8.652854905742001e-06,8.652095959305793e-06,8.65133719784907e-06,8.650578622972166e-06,8.649820233732441e-06,8.649062030040577e-06,8.648304011945747e-06,8.647546179291764e-06,8.646788531941616e-06,8.646031070045172e-06,8.645273793252086e-06,8.644516700904765e-06,8.643759794313269e-06,8.643003073295286e-06,8.642246538386433e-06,8.641490186542841e-06,8.640734019469352e-06,8.63997803708228e-06,8.639222239267399e-06,8.638466625980825e-06,8.63771119832531e-06,8.636955953822473e-06,8.636200893767115e-06,8.63544601803799e-06,8.634691326393242e-06,8.633936818841128e-06,8.633182495317662e-06,8.632428355730414e-06,8.631674400012849e-06,8.630920628069352e-06,8.630167039870021e-06,8.629413635317304e-06,8.628660414345328e-06,8.627907376899837e-06,8.627154522716665e-06,8.626401852057273e-06,8.625649364411755e-06,8.62489706023176e-06,8.624144939159632e-06,8.623393001241759e-06,8.62264124623985e-06,8.621889673974085e-06,8.62113828618492e-06,8.62038707964179e-06,8.619636055703322e-06,8.618885214292202e-06,8.618134555159913e-06,8.617384078886785e-06,8.616633785226756e-06,8.615883673723178e-06,8.615133744321082e-06,8.61438399737741e-06,8.613634432360803e-06,8.612885049318462e-06,8.612135848281881e-06,8.611386829116798e-06,8.610637991755751e-06,8.609889336126536e-06,8.609140862192528e-06,8.608392569992358e-06,8.607644456713117e-06,8.606896527333802e-06,8.60614877889099e-06,8.605401210991797e-06,8.604653825340422e-06,8.603906620949954e-06,8.603159597654508e-06,8.60241275531526e-06,8.601666093957807e-06,8.600919613476566e-06,8.600173313295456e-06,8.59942719424914e-06,8.598681256643378e-06,8.597935498905654e-06,8.59718992163241e-06,8.596444524770086e-06,8.595699308224302e-06,8.594954271983227e-06,8.59420941595062e-06,8.593464739955809e-06,8.592720244294563e-06,8.59197592844881e-06,8.591231792055137e-06,8.590487835935341e-06,8.58974405958902e-06,8.589000462941402e-06,8.588257045620792e-06,8.58751380823911e-06,8.58677075028711e-06,8.586027871769202e-06,8.585285172215616e-06,8.584542652312076e-06,8.583800311580113e-06,8.583058149983185e-06,8.582316167417532e-06,8.581574363838354e-06,8.580832739195736e-06,8.580091293412179e-06,8.579350026375043e-06,8.57860893586326e-06,8.577868025454847e-06,8.577127294333917e-06,8.57638674163676e-06,8.575646366886928e-06,8.574906171069879e-06,8.574166153358438e-06,8.573426314387838e-06,8.572686653495238e-06,8.571947170150935e-06,8.571207864885504e-06,8.570468737526455e-06,8.569729788004481e-06,8.568991016214063e-06,8.568252422165936e-06,8.567514005745337e-06,8.566775766882604e-06,8.566037705475602e-06,8.565299821392602e-06,8.564562114791642e-06,8.563824585591749e-06,8.563087234289639e-06,8.562350059350422e-06,8.561613061420699e-06,8.5608762406112e-06,8.560139596851944e-06,8.559403129941203e-06,8.558666839610879e-06,8.557930725913714e-06,8.557194789030098e-06,8.556459028710703e-06,8.555723444871865e-06,8.554988037409255e-06,8.554252807105912e-06,8.553517752341787e-06,8.552782873748442e-06,8.552048171310652e-06,8.551313645072628e-06,8.550579294714845e-06,8.54984512110243e-06,8.549111123463513e-06,8.548377300727486e-06,8.547643653952409e-06,8.54691018275549e-06,8.546176887289522e-06,8.545443767218936e-06,8.544710822549518e-06,8.543978053290812e-06,8.543245459326707e-06,8.542513040456649e-06,8.541780796774187e-06,8.541048728270701e-06,8.54031683474196e-06,8.539585116006959e-06,8.538853572387624e-06,8.538122203569967e-06,8.53739100938289e-06,8.536659990017354e-06,8.535929145139e-06,8.535198475000717e-06,8.534467979563585e-06,8.533737658320567e-06,8.533007511333482e-06,8.532277538635908e-06,8.531547740142819e-06,8.53081811579204e-06,8.530088665648298e-06,8.529359389365323e-06,8.528630287016901e-06,8.527901358538943e-06,8.527172603841982e-06,8.52644402288156e-06,8.525715615580926e-06,8.524987381866048e-06,8.524259321678904e-06,8.523531434927998e-06,8.522803721574075e-06,8.522076181537777e-06,8.521348814732602e-06,8.520621621120392e-06,8.5198946006195e-06,8.519167753144823e-06,8.51844107864383e-06,8.517714577047787e-06,8.516988248304666e-06,8.516262092314697e-06,8.515536109025958e-06,8.514810298369964e-06,8.51408466027915e-06,8.513359194685043e-06,8.51263390151986e-06,8.511908780715662e-06,8.511183832204591e-06,8.510459055919118e-06,8.509734451790656e-06,8.509010019752527e-06,8.508285759736248e-06,8.50756167162365e-06,8.506837755448236e-06,8.506114011091774e-06,8.505390438487025e-06,8.504667037566287e-06,8.503943808168248e-06,8.503220750412834e-06,8.502497864139173e-06,8.501775149279606e-06,8.501052605766753e-06,8.500330233533444e-06,8.499608033442192e-06,8.498886004497602e-06,8.498164145698726e-06,8.497442459209293e-06,8.496720942689136e-06,8.495999596638367e-06,8.495278422391395e-06,8.494557418927899e-06,8.493836586319918e-06,8.493115923092492e-06,8.492395430420314e-06,8.491675108213316e-06,8.490954956422575e-06,8.490234974984738e-06,8.489515164214494e-06,8.488795523251222e-06,8.488076052427211e-06,8.487356751699242e-06,8.48663762096709e-06,8.485918660176204e-06,8.485199869262175e-06,8.484481248156731e-06,8.483762796793075e-06,8.483044515107602e-06,8.482326403032628e-06,8.481608460496318e-06,8.480890687949687e-06,8.48017308519393e-06,8.479455651314935e-06,8.478738386279761e-06,8.478021290464035e-06,8.477304364245831e-06,8.476587607526056e-06,8.475871019930697e-06,8.475154600295073e-06,8.474438350454573e-06,8.473722269391648e-06,8.473006356691964e-06,8.472290613094649e-06,8.471575037146623e-06,8.470859629830033e-06,8.470144390995215e-06,8.469429320582163e-06,8.468714418513112e-06,8.46799968509175e-06,8.467285119508224e-06,8.466570722067145e-06,8.465856492771367e-06,8.465142431526505e-06,8.464428537945168e-06,8.463714812180421e-06,8.463001254671675e-06,8.462287864564232e-06,8.461574642397059e-06,8.46086158792148e-06,8.460148701495982e-06,8.459435982356423e-06,8.45872343047323e-06,8.458011045867794e-06,8.457298828749322e-06,8.456586779166268e-06,8.455874896753175e-06,8.455163180811767e-06,8.454451632138965e-06,8.453740250581829e-06,8.453029035792007e-06,8.45231798715606e-06,8.451607106675819e-06,8.450896392407837e-06,8.450185845302659e-06,8.449475465417617e-06,8.448765251429913e-06,8.448055202578168e-06,8.447345321725466e-06,8.446635606313265e-06,8.445926057368521e-06,8.445216673687835e-06,8.444507457269487e-06,8.443798406505084e-06,8.443089521662312e-06,8.442380803030456e-06,8.44167225068866e-06,8.440963863666507e-06,8.440255642490618e-06,8.43954758641652e-06,8.438839697051938e-06,8.438131972220806e-06,8.437424414231807e-06,8.43671702071292e-06,8.436009793119808e-06,8.43530273012789e-06,8.434595832580502e-06,8.433889100292301e-06,8.43318253272457e-06,8.432476130364705e-06,8.431769893074419e-06,8.431063820558416e-06,8.430357913073588e-06,8.429652170454725e-06,8.428946592695974e-06,8.428241179210314e-06,8.42753593061371e-06,8.426830846627057e-06,8.42612592713613e-06,8.425421171973704e-06,8.424716581107366e-06,8.424012153860647e-06,8.42330789055793e-06,8.422603792357966e-06,8.421899857822425e-06,8.421196088311488e-06,8.42049248151314e-06,8.419789039523906e-06,8.419085760846726e-06,8.418382645965992e-06,8.417679694982993e-06,8.416976907472306e-06,8.416274283565663e-06,8.415571823159703e-06,8.414869526441085e-06,8.414167393117315e-06,8.41346542315874e-06,8.412763616473028e-06,8.41206197280481e-06,8.411360492456745e-06,8.41065917519205e-06,8.409958020990052e-06,8.409257029734565e-06,8.408556201378762e-06,8.407855535848807e-06,8.407155032905695e-06,8.406454692931861e-06,8.405754515526623e-06,8.405054500715937e-06,8.404354648432969e-06,8.403654958611965e-06,8.402955431172341e-06,8.402256066463173e-06,8.401556864363062e-06,8.400857823721139e-06,8.400158945377596e-06,8.399460228981068e-06,8.398761674608196e-06,8.398063282215104e-06,8.397365051699394e-06,8.39666698258988e-06,8.39596907568703e-06,8.39527133010144e-06,8.394573746191614e-06,8.393876324232027e-06,8.393179063781976e-06,8.392481964868147e-06,8.391785027261453e-06,8.391088251030463e-06,8.390391636076507e-06,8.389695182335052e-06,8.388998889750303e-06,8.388302758360908e-06,8.387606789443723e-06,8.38691097994686e-06,8.386215332630403e-06,8.385519844887172e-06,8.384824517826183e-06,8.384129351155598e-06,8.383434346040755e-06,8.382739500958987e-06,8.382044816396464e-06,8.381350293110348e-06,8.380655929444953e-06,8.379961726260199e-06,8.37926768324751e-06,8.37857380045604e-06,8.377880077946345e-06,8.377186515512498e-06,8.376493113185597e-06,8.375799870711388e-06,8.375106787803483e-06,8.3744138652776e-06,8.373721102081717e-06,8.373028498597067e-06,8.372336054647582e-06,8.371643770879997e-06,8.370951646265784e-06,8.370259681527952e-06,8.36956787628575e-06,8.36887622878298e-06,8.36818474216511e-06,8.367493415912445e-06,8.366802247360471e-06,8.366111237973611e-06,8.365420388020593e-06,8.364729696919718e-06,8.364039164872874e-06,8.363348791755855e-06,8.362658577390566e-06,8.36196852185705e-06,8.361278625111434e-06,8.360588886975358e-06,8.359899307464412e-06,8.359209886511082e-06,8.358520623984287e-06,8.357831519844067e-06,8.357142574048008e-06,8.356453786603987e-06,8.355765157349328e-06,8.355076686259645e-06,8.354388373274951e-06,8.353700218318745e-06,8.353012221363594e-06,8.3523243823326e-06,8.351636701166432e-06,8.350949177804774e-06,8.350261812187562e-06,8.349574604254834e-06,8.348887554039967e-06,8.348200661296656e-06,8.347513925806413e-06,8.346827348153921e-06,8.346140927797321e-06,8.345454664714712e-06,8.344768558654882e-06,8.34408261009333e-06,8.343396818888925e-06,8.342711183669891e-06,8.342025706569395e-06,8.34134038670152e-06,8.34065522353672e-06,8.339970216910246e-06,8.339285367090985e-06,8.338600673982852e-06,8.337916137604879e-06,8.33723175777037e-06,8.336547534494785e-06,8.335863467711054e-06,8.33517955731735e-06,8.33449580284058e-06,8.333812205267462e-06,8.33312876383383e-06,8.332445478569968e-06,8.331762349494798e-06,8.3310793764826e-06,8.330396559567781e-06,8.329713898548624e-06,8.329031393153677e-06,8.328349043878008e-06,8.327666850384249e-06,8.32698481261366e-06,8.32630293050807e-06,8.325621204008335e-06,8.324939633255217e-06,8.324258217788569e-06,8.323576957728595e-06,8.322895853331184e-06,8.322214904074644e-06,8.3215341101449e-06,8.320853471200424e-06,8.320172987889279e-06,8.319492659288928e-06,8.318812485619347e-06,8.318132466910488e-06,8.317452603193863e-06,8.31677289440974e-06,8.316093340232002e-06,8.31541394078135e-06,8.314734695999297e-06,8.31405560594455e-06,8.313376670301998e-06,8.312697889255413e-06,8.312019262968193e-06,8.311340790816252e-06,8.310662472512265e-06,8.309984309046875e-06,8.309306298858862e-06,8.30862844458829e-06,8.307950743376624e-06,8.307273194351166e-06,8.306595801228086e-06,8.30591856184832e-06,8.305241477158764e-06,8.304564546640446e-06,8.30388776797125e-06,8.30321114328336e-06,8.302534672020672e-06,8.301858354887892e-06,8.301182191167988e-06,8.300506180993386e-06,8.29983032441186e-06,8.299154620788378e-06,8.298479070595467e-06,8.297803673509036e-06,8.297128429709008e-06,8.296453338911911e-06,8.295778401275695e-06,8.295103616727356e-06,8.294428985115214e-06,8.293754506051885e-06,8.293080180049796e-06,8.292406006614748e-06,8.291731986462687e-06,8.291058118456076e-06,8.290384403262682e-06,8.289710840581745e-06,8.289037430383008e-06,8.288364172940789e-06,8.28769106732339e-06,8.287018114596935e-06,8.286345313714412e-06,8.285672664967817e-06,8.285000168371521e-06,8.284327823808305e-06,8.283655631303385e-06,8.282983590729978e-06,8.282311702044209e-06,8.281639965244193e-06,8.280968380197511e-06,8.280296946873237e-06,8.279625665259302e-06,8.278954535260962e-06,8.278283556799246e-06,8.27761273013735e-06,8.276942054632873e-06,8.276271530523477e-06,8.275601157742899e-06,8.274930936145458e-06,8.274260865862836e-06,8.273590946698841e-06,8.272921178698349e-06,8.272251559953722e-06,8.27158209397504e-06,8.27091277925671e-06,8.27024361503207e-06,8.26957460172432e-06,8.268905739433832e-06,8.268237027562126e-06,8.267568466377684e-06,8.266900055800486e-06
